{"lowlevel": {"average_loudness": 0.411654084921, "barkbands": {"dmean": [3.96478208131e-06, 0.000216358152102, 0.000375297211576, 0.000356259231921, 0.00101075111888, 0.000634976197034, 0.000525749637745, 0.000265262613539, 0.000296625250485, 0.000314474658808, 0.000156655121827, 0.000193377883988, 0.000134449976031, 0.000120604039694, 5.90159834246e-05, 3.55551055691e-05, 4.17286755692e-05, 3.39176731359e-05, 2.38831089518e-05, 5.1546117902e-05, 8.9885743364e-06, 1.44567900406e-06, 1.08634299067e-06, 1.85179067103e-06, 6.02232546498e-07, 8.14365108681e-08, 1.11406608383e-08], "dmean2": [6.93200763635e-06, 0.000337618897902, 0.000549872871488, 0.000532459293026, 0.00146645307541, 0.000948370900005, 0.0007437322638, 0.000354736519512, 0.000380864628823, 0.00040456361603, 0.000216390413698, 0.000270445249043, 0.000186292352737, 0.000171022533323, 7.71112245275e-05, 4.98198569403e-05, 5.66720154893e-05, 4.85674245283e-05, 3.39678663295e-05, 7.26359794498e-05, 1.37803390317e-05, 1.9029912437e-06, 1.45087176406e-06, 2.38221582549e-06, 8.83806592356e-07, 1.14961878239e-07, 1.53397650138e-08], "dvar": [3.42662044572e-11, 2.6186015134e-07, 9.27717678678e-07, 5.97968664806e-07, 6.33811851003e-06, 6.78956348565e-06, 4.65365019409e-06, 2.15875047616e-06, 1.23844358768e-06, 2.26179781748e-06, 1.02269473246e-06, 1.35230936849e-06, 4.57339837112e-07, 3.91485855289e-07, 1.19933119436e-07, 2.97065625432e-08, 3.92781203118e-08, 3.63997330055e-08, 9.17354459062e-09, 7.0096973559e-08, 3.45522388479e-09, 6.1957904085e-11, 1.08767973794e-10, 3.76489561749e-10, 3.52209372778e-11, 1.45976189036e-12, 3.61446000896e-14], "dvar2": [1.11325733354e-10, 5.42036332263e-07, 2.0559780296e-06, 1.39406040489e-06, 1.38994364534e-05, 1.55396719492e-05, 8.69815266924e-06, 3.13393047691e-06, 2.18339710045e-06, 3.76598427465e-06, 2.36598907577e-06, 2.94569099424e-06, 9.12134566988e-07, 8.50528579122e-07, 1.63915714779e-07, 5.73617491284e-08, 7.44273336295e-08, 7.62755618666e-08, 1.96838705335e-08, 1.52214610694e-07, 9.5321333049e-09, 8.57038467972e-11, 1.99137012435e-10, 5.5737864324e-10, 6.21586393468e-11, 1.7212003307e-12, 6.4795553905e-14], "max": [8.88497961569e-05, 0.00869937520474, 0.0191459525377, 0.0141259469092, 0.0687878504395, 0.0685332417488, 0.0612001530826, 0.0830350443721, 0.051320578903, 0.0498747229576, 0.0419666171074, 0.0487363822758, 0.0299504864961, 0.0283548962325, 0.017613992095, 0.00603044591844, 0.011324653402, 0.0066279550083, 0.0042667533271, 0.0093841329217, 0.0026538502425, 0.000554497877602, 0.000391676061554, 0.0011353881564, 0.000385015737265, 9.41165271797e-05, 1.52850079758e-05], "mean": [1.4262903278e-05, 0.00107151712291, 0.00127052329481, 0.00114854960702, 0.00352680427022, 0.00190824386664, 0.00166208040901, 0.000793960760348, 0.000905386579689, 0.000952851434704, 0.000358165416401, 0.00042830593884, 0.000326967827277, 0.00030123826582, 0.000148366336362, 8.17395120976e-05, 0.000121004712128, 8.0397388956e-05, 5.02725670231e-05, 0.000113072172098, 1.25418464449e-05, 3.1794950246e-06, 1.73098260348e-06, 2.77846697827e-06, 1.07790765469e-06, 1.52566741463e-07, 1.76142851416e-08], "median": [1.29923282657e-05, 0.00070885126479, 0.000549939461052, 0.000494719832204, 0.00149763398804, 0.000348854315234, 0.000127504696138, 2.84192246909e-05, 4.14372625528e-05, 2.10455073102e-05, 8.71556403581e-06, 1.71611936821e-05, 1.30461903609e-05, 9.15060627449e-06, 4.75523393106e-06, 4.49597791885e-06, 3.17072681355e-06, 1.41082909977e-06, 1.99636247089e-06, 1.57100248543e-06, 4.88115858843e-07, 7.65000294223e-08, 3.32399032743e-08, 2.92182704698e-08, 1.33809407998e-08, 5.2856745647e-09, 3.17223913804e-09], "min": [3.36457261901e-25, 2.30186121434e-24, 1.19208676249e-24, 7.76501032558e-25, 5.93719160362e-24, 3.14031997404e-24, 1.01171063996e-23, 4.94915554718e-24, 2.04063170051e-23, 1.40780054037e-23, 1.02163671896e-23, 3.1757981255e-23, 2.4559562386e-23, 3.46583072592e-23, 4.53638944277e-23, 6.65258202732e-23, 6.86395004935e-23, 9.15077072335e-23, 1.35692014794e-22, 1.67436661144e-22, 2.71903314634e-22, 3.19201167835e-22, 2.725401084e-22, 6.08208577238e-22, 9.17992159504e-22, 1.31574456218e-21, 1.91488757514e-21], "var": [7.45292161319e-11, 1.45554975006e-06, 3.21654556501e-06, 2.47281946031e-06, 3.34798569384e-05, 2.87178336293e-05, 2.58155832853e-05, 1.69790509972e-05, 1.0715631106e-05, 1.47352602653e-05, 3.28442320097e-06, 3.71520013687e-06, 2.08135588764e-06, 2.18966715693e-06, 7.59699275932e-07, 1.15863230121e-07, 3.51106962171e-07, 1.68537127365e-07, 3.59766083591e-08, 3.27937243583e-07, 3.52280338234e-09, 4.39732000812e-10, 2.14498682705e-10, 8.17284462329e-10, 7.95521218344e-11, 4.05625663266e-12, 5.87367611146e-14]}, "barkbands_crest": {"dmean": 1.62338125706, "dmean2": 2.47539806366, "dvar": 3.27272033691, "dvar2": 8.02311706543, "max": 26.3622436523, "mean": 12.528840065, "median": 11.8445272446, "min": 3.7453892231, "var": 17.4430084229}, "barkbands_flatness_db": {"dmean": 0.020548183471, "dmean2": 0.0287388600409, "dvar": 0.000711496395525, "dvar2": 0.00142589642201, "max": 0.508115947247, "mean": 0.289695471525, "median": 0.288757354021, "min": 0.0416278578341, "var": 0.00637713447213}, "barkbands_kurtosis": {"dmean": 3.71179080009, "dmean2": 5.54200839996, "dvar": 57.8214797974, "dvar2": 126.794235229, "max": 509.298034668, "mean": 13.2131891251, "median": 6.4134554863, "min": -1.78388702869, "var": 1281.11486816}, "barkbands_skewness": {"dmean": 0.408603578806, "dmean2": 0.597521901131, "dvar": 0.266827076674, "dvar2": 0.580054998398, "max": 14.3947677612, "mean": 1.90028357506, "median": 1.72441124916, "min": -2.18243956566, "var": 2.72133874893}, "barkbands_spread": {"dmean": 1.77956950665, "dmean2": 2.63824748993, "dvar": 19.7678718567, "dvar2": 42.742893219, "max": 112.453079224, "mean": 7.44089746475, "median": 4.46534156799, "min": 0.188555940986, "var": 96.8685302734}, "dissonance": {"dmean": 0.0305684395134, "dmean2": 0.0493916869164, "dvar": 0.000911495590117, "dvar2": 0.002404299099, "max": 0.499908447266, "mean": 0.396545112133, "median": 0.406321763992, "min": 0.105822890997, "var": 0.00379839958623}, "dynamic_complexity": 6.08416700363, "erbbands": {"dmean": [0.00255119148642, 0.0639675855637, 0.374158322811, 0.771355748177, 2.05422925949, 4.69585466385, 2.75652766228, 6.75958681107, 8.26336860657, 5.62726402283, 5.6022772789, 6.37204647064, 8.50906658173, 8.28322887421, 6.09412670135, 6.47806167603, 5.59795427322, 4.68641424179, 4.80479717255, 2.14831280708, 1.6883585453, 2.23767900467, 1.86166524887, 0.790528774261, 1.59871637821, 2.25162696838, 0.944280326366, 0.158490121365, 0.0556867010891, 0.0306128133088, 0.0329829119146, 0.0415983237326, 0.027679560706, 0.00981311500072, 0.00271710730158, 0.000535505008884, 0.00012524095655, 2.61130207946e-05, 2.72501029031e-06, 3.24202528645e-06], "dmean2": [0.00389586156234, 0.0999155566096, 0.559008359909, 1.14643514156, 2.97930932045, 6.84914684296, 3.93017458916, 10.0303678513, 11.9805488586, 7.89263677597, 7.12697172165, 7.98067092896, 10.5527715683, 10.9166793823, 8.09883022308, 8.72191047668, 7.30275297165, 6.01732110977, 6.3997426033, 2.72766780853, 2.25899648666, 2.88811922073, 2.4587469101, 1.03723502159, 2.16730093956, 3.00223684311, 1.44603466988, 0.228746235371, 0.0713729485869, 0.0404898114502, 0.0443895347416, 0.0533795654774, 0.037225548178, 0.0137770744041, 0.00386906624772, 0.000759826274589, 0.00016802160826, 3.30567236233e-05, 3.55083466275e-06, 4.35981428382e-06], "dvar": [3.72708236682e-05, 0.0224222205579, 0.836752653122, 2.47399544716, 17.0253944397, 169.362442017, 77.1928482056, 838.172485352, 1171.48608398, 712.775512695, 737.067626953, 677.722595215, 990.49786377, 2275.47680664, 1227.99157715, 1183.38452148, 840.22467041, 464.47064209, 856.773620605, 90.1641921997, 51.8496284485, 106.064949036, 91.7789230347, 9.0515871048, 39.1550331116, 108.175941467, 67.9210662842, 0.50849366188, 0.0898922979832, 0.0507326684892, 0.115059122443, 0.188760951161, 0.0908264443278, 0.00987563002855, 0.000701908371411, 3.34933574777e-05, 5.15801002621e-06, 2.8086265047e-07, 3.90570881192e-10, 4.26545986032e-11], "dvar2": [7.48677557567e-05, 0.0465461574495, 1.84570479393, 5.56948232651, 40.3395385742, 367.703857422, 151.14302063, 1940.4263916, 2441.34448242, 1318.21191406, 1130.9855957, 1254.2532959, 1366.92736816, 4477.95751953, 2676.56176758, 2550.38964844, 1454.60803223, 714.261230469, 1727.96557617, 158.85005188, 95.1659164429, 155.39630127, 160.409378052, 17.446434021, 62.5476493835, 205.521255493, 192.800323486, 1.1610045433, 0.105523742735, 0.0946392938495, 0.207620531321, 0.323920965195, 0.131704241037, 0.0163727253675, 0.00115545198787, 4.54071996501e-05, 5.64637593925e-06, 3.78023997882e-07, 5.21301335432e-10, 8.01476107704e-11], "max": [0.12141867727, 2.58814382553, 20.3951683044, 32.9121551514, 101.197250366, 386.95098877, 281.90145874, 743.67791748, 1093.3067627, 1651.97521973, 1282.48339844, 892.991577148, 1230.4901123, 1919.99707031, 1640.63659668, 1135.21862793, 1669.37768555, 1285.91479492, 1243.00305176, 398.330627441, 375.092132568, 672.637756348, 494.880065918, 108.391143799, 429.543029785, 447.460510254, 317.539367676, 28.3290805817, 24.199634552, 9.73768138885, 13.7632446289, 20.7406806946, 17.9546699524, 6.44150781631, 1.70702564716, 0.415845870972, 0.182877913117, 0.0447464771569, 0.00160080636851, 0.000159360497491], "mean": [0.0143925948068, 0.306773036718, 1.35130465031, 2.70162725449, 6.95685434341, 14.8784914017, 8.85223007202, 20.2155590057, 27.0827789307, 17.2870845795, 19.3220272064, 17.6618595123, 27.3230476379, 24.2455005646, 16.511964798, 15.8070030212, 15.4157190323, 14.0304775238, 12.9723405838, 6.07794332504, 4.59525823593, 7.13891601562, 5.3113861084, 1.97427916527, 4.17382192612, 5.12001037598, 1.38422048092, 0.263160437346, 0.123163297772, 0.0637671351433, 0.050479259342, 0.0589648857713, 0.043380998075, 0.0168259590864, 0.00526753300801, 0.00114441895857, 0.000220682006329, 3.94271810364e-05, 1.03718784885e-05, 1.75270834006e-05], "median": [0.0109224170446, 0.204345449805, 0.791566967964, 1.86869001389, 3.67471837997, 4.87972450256, 2.81682705879, 3.66007804871, 2.70494413376, 2.04813671112, 1.0663548708, 1.02058672905, 0.872749209404, 0.653804302216, 0.686354696751, 0.835637688637, 0.798798441887, 0.489810943604, 0.433593571186, 0.30262696743, 0.247636422515, 0.198117598891, 0.10141864419, 0.0890813618898, 0.104153141379, 0.0815463513136, 0.0392888858914, 0.0126394908875, 0.00323653314263, 0.00129589950666, 0.000963390164543, 0.000739183044061, 0.000410629902035, 0.000205420146813, 7.3848386819e-05, 3.10669274768e-05, 1.24985754155e-05, 3.3291314594e-06, 4.69857241114e-06, 9.5383329608e-06], "min": [9.35203501491e-23, 4.40781092124e-22, 2.32422202101e-21, 8.75470350426e-21, 4.82865753615e-21, 1.90998426819e-20, 4.72319838962e-20, 4.07747955459e-20, 1.43546209316e-19, 1.30806761928e-19, 1.33955696348e-19, 4.85181754317e-19, 5.78419226519e-19, 3.73187418889e-19, 1.34203695436e-18, 1.27877645586e-18, 1.4433577906e-18, 1.96707851004e-18, 2.39147779218e-18, 2.95813642324e-18, 3.38236882169e-18, 5.24797419086e-18, 6.70850880047e-18, 5.58250422855e-18, 8.06686385696e-18, 9.37317395009e-18, 8.53138863664e-18, 1.09753384242e-17, 1.15677304373e-17, 1.07433084721e-17, 8.55208552275e-18, 1.18176250091e-17, 9.40855825515e-18, 7.5672757183e-18, 6.80288679964e-18, 3.89197329039e-18, 2.452847149e-18, 8.84431126916e-19, 2.45543239861e-19, 2.69822179912e-20], "var": [0.000243744434556, 0.117801293731, 2.93599581718, 8.4895362854, 80.4904174805, 835.320495605, 318.306915283, 3514.01879883, 5998.01855469, 5633.71533203, 7130.50732422, 3760.02416992, 8015.73095703, 11692.9521484, 5171.05126953, 4196.18994141, 4421.88671875, 4638.11035156, 4574.98925781, 724.41204834, 309.235107422, 1168.75598145, 703.808105469, 38.7578697205, 379.464569092, 654.389709473, 59.3784141541, 1.39337539673, 0.739748179913, 0.161569789052, 0.209160417318, 0.351543933153, 0.21299661696, 0.0240017529577, 0.00172261917032, 0.000109552493086, 1.37049937621e-05, 5.82495999879e-07, 1.03670327878e-09, 4.30751906366e-10]}, "erbbands_crest": {"dmean": 1.98088228703, "dmean2": 2.98261809349, "dvar": 4.9509768486, "dvar2": 11.5593833923, "max": 30.5876846313, "mean": 12.4552021027, "median": 11.5437164307, "min": 2.09222745895, "var": 27.3475284576}, "erbbands_flatness_db": {"dmean": 0.0158275980502, "dmean2": 0.0222513172776, "dvar": 0.000361868442269, "dvar2": 0.000738660048228, "max": 0.478495955467, "mean": 0.269728958607, "median": 0.268784463406, "min": 0.0297981500626, "var": 0.00356357335113}, "erbbands_kurtosis": {"dmean": 1.60373735428, "dmean2": 2.40856671333, "dvar": 8.41996955872, "dvar2": 19.2068958282, "max": 60.2480735779, "mean": 3.61796045303, "median": 1.66219782829, "min": -1.80638062954, "var": 41.6515350342}, "erbbands_skewness": {"dmean": 0.330508589745, "dmean2": 0.485023975372, "dvar": 0.177292913198, "dvar2": 0.375633537769, "max": 7.12417650223, "mean": 1.19356453419, "median": 1.13907766342, "min": -6.09318065643, "var": 1.3881444931}, "erbbands_spread": {"dmean": 4.33136224747, "dmean2": 6.3221282959, "dvar": 47.9511222839, "dvar2": 107.171531677, "max": 153.760696411, "mean": 21.2574043274, "median": 17.7204380035, "min": 0.98405611515, "var": 220.576599121}, "gfcc": {"cov": [[24187.4179688, 2331.67358398, -4700.21386719, -231.336761475, -1342.08117676, -586.912353516, -617.14465332, 175.032424927, -641.315551758, -397.985076904, -45.6202354431, -531.702331543, 74.2621917725], [2331.67358398, 2125.94799805, 98.522895813, -502.281738281, 278.161407471, -176.905853271, 100.813850403, -325.719299316, 26.362033844, -23.4238586426, 50.1380157471, -60.9408988953, 101.92565918], [-4700.21386719, 98.522895813, 1868.65258789, 115.228599548, 274.420227051, 235.136444092, 31.507894516, -43.1124153137, 144.590576172, 13.4963998795, 30.278459549, 99.8548431396, -31.1531867981], [-231.336761475, -502.281738281, 115.228599548, 794.226623535, 37.1026878357, -49.5166893005, 17.1729450226, 58.7395248413, 61.9426612854, 71.1377487183, -8.14799880981, 11.4837913513, -22.5141620636], [-1342.08117676, 278.161407471, 274.420227051, 37.1026878357, 456.056396484, 22.1359806061, 90.0660476685, -54.9472999573, 80.4759979248, 91.6304016113, 5.83726549149, 11.9319200516, 32.5287513733], [-586.912353516, -176.905853271, 235.136444092, -49.5166893005, 22.1359806061, 299.763366699, 63.5706863403, 72.2570877075, -1.66281914711, -20.1303749084, -6.40535736084, 13.0724458694, -41.5720252991], [-617.14465332, 100.813850403, 31.507894516, 17.1729450226, 90.0660476685, 63.5706863403, 312.823455811, -21.0026874542, 34.4320068359, 48.9297561646, 8.13282299042, 30.6718769073, 0.048153527081], [175.032424927, -325.719299316, -43.1124153137, 58.7395248413, -54.9472999573, 72.2570877075, -21.0026874542, 244.891693115, 1.53255307674, -38.3947792053, -7.34082078934, -1.30927634239, -21.3861751556], [-641.315551758, 26.362033844, 144.590576172, 61.9426612854, 80.4759979248, -1.66281914711, 34.4320068359, 1.53255307674, 168.172958374, 57.1100730896, 3.33081388474, 30.5784778595, 10.6596031189], [-397.985076904, -23.4238586426, 13.4963998795, 71.1377487183, 91.6304016113, -20.1303749084, 48.9297561646, -38.3947792053, 57.1100730896, 174.64781189, 33.8695831299, 3.92487955093, 14.8324298859], [-45.6202354431, 50.1380157471, 30.278459549, -8.14799880981, 5.83726549149, -6.40535736084, 8.13282299042, -7.34082078934, 3.33081388474, 33.8695831299, 113.822746277, 40.7000617981, -0.331895500422], [-531.702331543, -60.9408988953, 99.8548431396, 11.4837913513, 11.9319200516, 13.0724458694, 30.6718769073, -1.30927634239, 30.5784778595, 3.92487955093, 40.7000617981, 97.7166824341, 8.36305236816], [74.2621917725, 101.92565918, -31.1531867981, -22.5141620636, 32.5287513733, -41.5720252991, 0.048153527081, -21.3861751556, 10.6596031189, 14.8324298859, -0.331895500422, 8.36305236816, 82.962097168]], "icov": [[0.000405953585869, -0.00104524323251, 0.000994903966784, -0.000763356743846, 0.0010108561255, -0.000798292167019, 0.000856571365148, -0.000816995743662, 0.000523420458194, -0.000218795496039, 9.44331331993e-05, 0.000136008413392, 3.82793768949e-05], [-0.00104524323251, 0.00367293041199, -0.00265045021661, 0.00250165001489, -0.00310439825989, 0.00259373267181, -0.00264775916003, 0.00302687217481, -0.00179543381091, 0.0014937807573, -0.00121149560437, 0.000990757835098, -0.000735603505746], [0.000994903966784, -0.00265045021661, 0.00320624280721, -0.00206147599965, 0.0021243924275, -0.00266893650405, 0.00240488140844, -0.0017228826182, 0.000826237432193, -0.000305878784275, 0.000205255622859, -0.00031776400283, 0.00037576147588], [-0.000763356743846, 0.00250165001489, -0.00206147599965, 0.00319221289828, -0.00216560158879, 0.00237050373107, -0.00193544372451, 0.00144699926022, -0.00138209632132, 0.000201231217943, -0.000253166042967, 0.00022223056294, 0.00023130934278], [0.0010108561255, -0.00310439825989, 0.0021243924275, -0.00216560158879, 0.00575127778575, -0.00236197817139, 0.00176372763235, -0.00217802752741, 0.000891153991688, -0.00207021809183, 0.000885791610926, 0.000168922560988, -0.000639762845822], [-0.000798292167019, 0.00259373267181, -0.00266893650405, 0.00237050373107, -0.00236197817139, 0.00674038147554, -0.00300116091967, 0.000468071346404, -0.000619000813458, 0.000820904853754, -0.000107176630991, 0.00013338959252, 0.00151404680219], [0.000856571365148, -0.00264775916003, 0.00240488140844, -0.00193544372451, 0.00176372763235, -0.00300116091967, 0.00586605304852, -0.00165389606263, 0.00105914298911, -0.00162664754316, 0.000980206183158, -0.0016201606486, 0.000560874119401], [-0.000816995743662, 0.00302687217481, -0.0017228826182, 0.00144699926022, -0.00217802752741, 0.000468071346404, -0.00165389606263, 0.00759824784473, -0.00230558542535, 0.00246038543992, -0.00141473370604, 0.00110783276614, -0.000454500725027], [0.000523420458194, -0.00179543381091, 0.000826237432193, -0.00138209632132, 0.000891153991688, -0.000619000813458, 0.00105914298911, -0.00230558542535, 0.00894779898226, -0.00317019573413, 0.00209595332853, -0.0029002004303, 0.00013579215738], [-0.000218795496039, 0.0014937807573, -0.000305878784275, 0.000201231217943, -0.00207021809183, 0.000820904853754, -0.00162664754316, 0.00246038543992, -0.00317019573413, 0.00942397769541, -0.00406359089538, 0.0031468688976, -0.00145239359699], [9.44331331993e-05, -0.00121149560437, 0.000205255622859, -0.000253166042967, 0.000885791610926, -0.000107176630991, 0.000980206183158, -0.00141473370604, 0.00209595332853, -0.00406359089538, 0.0126409409568, -0.0067569562234, 0.00183490035124], [0.000136008413392, 0.000990757835098, -0.00031776400283, 0.00022223056294, 0.000168922560988, 0.00013338959252, -0.0016201606486, 0.00110783276614, -0.0029002004303, 0.0031468688976, -0.0067569562234, 0.0162242539227, -0.00296336319298], [3.82793768949e-05, -0.000735603505746, 0.00037576147588, 0.00023130934278, -0.000639762845822, 0.00151404680219, 0.000560874119401, -0.000454500725027, 0.00013579215738, -0.00145239359699, 0.00183490035124, -0.00296336319298, 0.014567380771]], "mean": [-190.720550537, 186.758712769, -101.010551453, 15.9995326996, -33.3488540649, -14.9241752625, -24.4728946686, -11.3461236954, -24.1101341248, -7.09301137924, -5.2815618515, -17.151348114, -0.447859436274]}, "hfc": {"dmean": 1.6069842577, "dmean2": 2.02622818947, "dvar": 16.3919754028, "dvar2": 27.3251724243, "max": 115.231948853, "mean": 8.02182579041, "median": 2.24396085739, "min": 1.06014345893e-16, "var": 211.736404419}, "melbands": {"dmean": [4.06108738389e-05, 0.000156635607709, 0.000163516509929, 0.000239382847212, 0.000124117403175, 0.000145427300595, 0.00012008385238, 5.76320599066e-05, 4.5673456043e-05, 4.11127621192e-05, 4.50924089819e-05, 3.78052645829e-05, 2.14844385482e-05, 1.88346657524e-05, 1.87970290426e-05, 1.08521253424e-05, 9.09546815819e-06, 9.42916904023e-06, 3.74436694983e-06, 2.53786674875e-06, 2.14969713852e-06, 2.45703563451e-06, 2.5442493552e-06, 1.1555924857e-06, 6.12349310813e-07, 1.02778574274e-06, 1.66065410667e-06, 1.53848395712e-06, 8.00142458957e-07, 1.73289421923e-07, 6.22084996849e-08, 3.45038522198e-08, 2.2614871753e-08, 1.51536010407e-08, 1.76808878649e-08, 2.46950300209e-08, 2.6350827298e-08, 2.15357260913e-08, 1.40925822123e-08, 6.5319265552e-09], "dmean2": [6.27120898571e-05, 0.000236590596614, 0.000240639245021, 0.000350462069036, 0.000173316744622, 0.000215350475628, 0.000174449174665, 8.13960359665e-05, 5.83583641856e-05, 5.15719984833e-05, 5.56833183509e-05, 4.95084823342e-05, 2.89560575766e-05, 2.49356762652e-05, 2.57929859799e-05, 1.40680558616e-05, 1.2175602933e-05, 1.27738694573e-05, 4.60851333628e-06, 3.31687397193e-06, 2.96732969218e-06, 3.18167985824e-06, 3.48754906554e-06, 1.49894174228e-06, 8.38879770981e-07, 1.45175101807e-06, 2.24216682909e-06, 2.11670726458e-06, 1.26124973576e-06, 2.6131397135e-07, 8.83181456857e-08, 4.50282620079e-08, 3.03253600009e-08, 2.02328322985e-08, 2.45197178117e-08, 3.37557359842e-08, 3.45125314993e-08, 2.98149807065e-08, 1.9527931272e-08, 9.24797394219e-09], "dvar": [9.06453934135e-09, 1.35558053671e-07, 9.43290814348e-08, 3.38767961239e-07, 1.25671022033e-07, 3.54903278321e-07, 2.24555961381e-07, 8.03871955668e-08, 4.12097911351e-08, 2.79248766333e-08, 2.82723444656e-08, 4.45607142296e-08, 1.58855790744e-08, 1.2269929961e-08, 1.36340831958e-08, 3.15034709431e-09, 1.87575022181e-09, 3.61292262774e-09, 4.27935742398e-10, 1.58896507063e-10, 9.97120719326e-11, 1.34936894991e-10, 2.00102795445e-10, 4.06134466335e-11, 6.42805166734e-12, 1.73183880431e-11, 6.43680178603e-11, 5.55115675649e-11, 6.31804400464e-11, 9.62921257487e-13, 8.07333936032e-14, 4.12145598411e-14, 1.85624695411e-14, 1.65640782611e-14, 3.76348529164e-14, 6.80844676427e-14, 7.89410312292e-14, 5.86366011627e-14, 2.07432676721e-14, 4.71427664091e-15], "dvar2": [1.87140773988e-08, 2.93992798106e-07, 2.21388688715e-07, 7.80424045388e-07, 2.33670888861e-07, 8.26474376936e-07, 4.64146211243e-07, 1.46613317042e-07, 6.38502868355e-08, 5.19380023434e-08, 3.93424919309e-08, 8.60496029986e-08, 3.67673536061e-08, 1.8933370427e-08, 3.08044505459e-08, 5.53294920991e-09, 2.99828406547e-09, 7.71116148712e-09, 6.13877781941e-10, 2.90088036925e-10, 1.95368568545e-10, 2.01729660754e-10, 4.61396781892e-10, 7.24465140656e-11, 1.32043187148e-11, 3.43008919879e-11, 9.66533866831e-11, 1.20410750815e-10, 1.80892217871e-10, 2.54174459258e-12, 1.32533090405e-13, 4.68910595574e-14, 3.17588057903e-14, 3.38438011069e-14, 7.90690958346e-14, 1.2136544211e-13, 1.33646986165e-13, 8.68915602989e-14, 3.48609318225e-14, 7.83463293969e-15], "max": [0.0015739351511, 0.00774461496621, 0.00613855244592, 0.0139100654051, 0.00970032438636, 0.0157716050744, 0.0142818661407, 0.0186034906656, 0.00903431884944, 0.00725119141862, 0.0065550217405, 0.00822099484503, 0.00671391980723, 0.00599562609568, 0.0043171858415, 0.00263042841107, 0.00252085342072, 0.00249275122769, 0.00125086738262, 0.000489214551635, 0.000530930934474, 0.000776785076596, 0.000628010777291, 0.000346993765561, 9.08880101633e-05, 0.000148246981553, 0.000569843628909, 0.000231866593822, 0.000304990622681, 3.70269845007e-05, 1.95721440832e-05, 1.77031215571e-05, 5.86726764595e-06, 5.66701282878e-06, 8.6764439402e-06, 1.02305057226e-05, 1.4848605133e-05, 1.45652084029e-05, 8.88941758603e-06, 4.41610563939e-06], "mean": [0.000216111235204, 0.000622140418272, 0.00058280659141, 0.000822814763524, 0.000403490033932, 0.000439790514065, 0.000391839683289, 0.000179602764547, 0.000155196918058, 0.000113739872177, 0.00014362197544, 0.000108464635559, 5.41034969501e-05, 4.65177909064e-05, 4.31787557318e-05, 2.87437178486e-05, 2.5533427106e-05, 2.34851195273e-05, 9.62656122283e-06, 6.24095810053e-06, 5.10117979502e-06, 7.40611312722e-06, 6.86613748258e-06, 2.90615321319e-06, 1.3117976323e-06, 2.25011626753e-06, 4.46100102636e-06, 3.05307526105e-06, 1.07480002498e-06, 2.45119764486e-07, 1.10413004961e-07, 7.50721795839e-08, 4.82010129588e-08, 2.88341706067e-08, 2.62006274454e-08, 3.51691546996e-08, 3.63542085324e-08, 3.21764730415e-08, 2.3392862758e-08, 1.09502984458e-08], "median": [0.000165669800481, 0.000439649389591, 0.000411393644754, 0.000356324540917, 0.000137337556225, 7.95681917225e-05, 3.68927721865e-05, 1.40086031024e-05, 7.12724977348e-06, 5.18850538356e-06, 4.11049904869e-06, 2.42394753514e-06, 1.7017761138e-06, 1.59951252954e-06, 2.18482136916e-06, 1.14954264063e-06, 7.36715264793e-07, 6.8001645559e-07, 3.41124632541e-07, 2.92776746846e-07, 2.49361221449e-07, 1.75340943542e-07, 1.27514610426e-07, 5.73475240628e-08, 6.15225275169e-08, 7.51214344064e-08, 6.2475322693e-08, 4.70948648967e-08, 2.67796806952e-08, 1.0499110914e-08, 4.76592942888e-09, 1.60619650913e-09, 8.20878587326e-10, 5.03366237581e-10, 4.70033345579e-10, 5.3465931682e-10, 3.54460016894e-10, 2.59745058795e-10, 2.36584668523e-10, 1.30409433252e-10], "min": [7.86364554886e-25, 1.33691482077e-24, 1.54174827405e-24, 7.38723667098e-25, 1.95025407597e-24, 9.6103827804e-25, 2.77796874736e-24, 1.95589738967e-24, 1.20522119796e-24, 3.14880437029e-24, 2.40525622711e-24, 1.29619825818e-24, 3.21136419552e-24, 3.36451187672e-24, 2.31956502799e-24, 2.30145021781e-24, 3.35080778508e-24, 2.8762032293e-24, 3.03469031554e-24, 3.05473842658e-24, 3.13111455892e-24, 4.21444639322e-24, 4.51466713223e-24, 4.13337989116e-24, 4.25337549561e-24, 3.76142724118e-24, 5.21136226245e-24, 5.19163245678e-24, 5.59981985472e-24, 5.273120605e-24, 5.41782806616e-24, 4.5746383104e-24, 5.73699448309e-24, 4.89994916492e-24, 3.87841925773e-24, 6.88155868694e-24, 5.76322647478e-24, 5.90013446817e-24, 5.81710725232e-24, 6.28982978319e-24], "var": [4.90010343412e-08, 4.87968520702e-07, 3.4713971786e-07, 1.69312704656e-06, 6.04567105711e-07, 1.5060431906e-06, 1.15909426768e-06, 6.74187106142e-07, 3.89260293332e-07, 1.90955660173e-07, 2.30346714147e-07, 2.3748364697e-07, 6.63600090434e-08, 4.83162452269e-08, 4.42884697804e-08, 1.54718566847e-08, 1.78884800306e-08, 1.67693645636e-08, 2.60699017929e-09, 7.74658948099e-10, 4.53860754535e-10, 1.35917821442e-09, 1.15052212202e-09, 2.30242963584e-10, 1.79882463092e-11, 7.66840341226e-11, 6.55775656e-10, 2.27250843143e-10, 5.00898177103e-11, 1.12059059948e-12, 4.30108639676e-13, 3.65158017756e-13, 7.75865781127e-14, 4.30178624927e-14, 5.83898503007e-14, 1.23042404715e-13, 1.46223419657e-13, 1.31477849983e-13, 4.92385131149e-14, 1.10232130837e-14]}, "melbands_crest": {"dmean": 2.01754069328, "dmean2": 3.09456777573, "dvar": 5.17892503738, "dvar2": 12.8399085999, "max": 33.5139427185, "mean": 15.4519500732, "median": 14.8332929611, "min": 1.61534714699, "var": 24.7615756989}, "melbands_flatness_db": {"dmean": 0.0248864088207, "dmean2": 0.0339113995433, "dvar": 0.00112113030627, "dvar2": 0.0021989881061, "max": 0.659034490585, "mean": 0.38896766305, "median": 0.390908956528, "min": 0.00318100885488, "var": 0.0120437564328}, "melbands_kurtosis": {"dmean": 5.35786628723, "dmean2": 8.02346611023, "dvar": 102.19405365, "dvar2": 220.690261841, "max": 746.977172852, "mean": 17.881942749, "median": 10.3717346191, "min": -1.94154310226, "var": 1432.85510254}, "melbands_skewness": {"dmean": 0.471092939377, "dmean2": 0.688629090786, "dvar": 0.371567904949, "dvar2": 0.819782912731, "max": 20.1574420929, "mean": 2.38017058372, "median": 2.23416757584, "min": -1.38750171661, "var": 2.64025759697}, "melbands_spread": {"dmean": 2.18693041801, "dmean2": 3.21803212166, "dvar": 36.4429168701, "dvar2": 82.4833679199, "max": 160.49911499, "mean": 9.76538848877, "median": 4.89576530457, "min": 0.28478088975, "var": 284.866943359}, "mfcc": {"cov": [[10936.6552734, 1359.62963867, -3082.99511719, 137.031814575, -829.206665039, -832.494628906, 98.6997528076, -234.772567749, -137.874542236, -0.0294222105294, -274.837982178, -84.2972335815, -209.4974823], [1359.62963867, 2238.18261719, 110.152290344, -317.134521484, 57.625743866, 25.7419281006, 26.8032684326, -112.07661438, -77.2811813354, -72.5127334595, -123.210105896, -51.5101051331, 25.5374584198], [-3082.99511719, 110.152290344, 1690.75097656, 0.821730136871, 322.740844727, 318.271636963, -75.2929077148, 136.490585327, 1.38087928295, -26.0671634674, 87.5801925659, 22.9519519806, 36.3485374451], [137.031814575, -317.134521484, 0.821730136871, 662.709411621, 86.7565231323, -6.89081573486, 13.2401485443, -63.3583526611, 53.4467506409, 30.6552734375, 9.38063907623, 74.1703262329, 22.6059436798], [-829.206665039, 57.625743866, 322.740844727, 86.7565231323, 392.36831665, 96.6535415649, -45.1910667419, 10.8661003113, 28.667388916, 36.8970069885, 15.6629171371, 31.1329402924, 40.7738265991], [-832.494628906, 25.7419281006, 318.271636963, -6.89081573486, 96.6535415649, 307.66204834, 51.8678283691, 2.95361185074, 39.5815429688, 30.973526001, 64.8526992798, 0.87548738718, 27.4483852386], [98.6997528076, 26.8032684326, -75.2929077148, 13.2401485443, -45.1910667419, 51.8678283691, 211.818649292, 52.8986129761, 9.06821155548, 30.8897228241, 27.9799880981, -0.398854345083, 3.67272186279], [-234.772567749, -112.07661438, 136.490585327, -63.3583526611, 10.8661003113, 2.95361185074, 52.8986129761, 239.904205322, 50.8463668823, -14.7743740082, 60.6910247803, 6.92348527908, -20.8307971954], [-137.874542236, -77.2811813354, 1.38087928295, 53.4467506409, 28.667388916, 39.5815429688, 9.06821155548, 50.8463668823, 145.889465332, 50.5398712158, 19.3473167419, 6.94865179062, -1.34371519089], [-0.0294222105294, -72.5127334595, -26.0671634674, 30.6552734375, 36.8970069885, 30.973526001, 30.8897228241, -14.7743740082, 50.5398712158, 133.479431152, 35.4664344788, -6.55658435822, 3.24611091614], [-274.837982178, -123.210105896, 87.5801925659, 9.38063907623, 15.6629171371, 64.8526992798, 27.9799880981, 60.6910247803, 19.3473167419, 35.4664344788, 125.309028625, 25.237531662, -6.56709289551], [-84.2972335815, -51.5101051331, 22.9519519806, 74.1703262329, 31.1329402924, 0.87548738718, -0.398854345083, 6.92348527908, 6.94865179062, -6.55658435822, 25.237531662, 108.524131775, 47.8936004639], [-209.4974823, 25.5374584198, 36.3485374451, 22.6059436798, 40.7738265991, 27.4483852386, 3.67272186279, -20.8307971954, -1.34371519089, 3.24611091614, -6.56709289551, 47.8936004639, 125.183944702]], "icov": [[0.000330132286763, -0.000303850130877, 0.000563086941838, -0.00032407665276, 0.000347698543919, 8.3169536083e-05, 0.000281446322333, -0.000449443527032, 0.000450588355307, -0.00045830316958, 0.000230546778766, -0.000131307126139, 0.000374011724489], [-0.000303850130877, 0.000834334176034, -0.000592289667111, 0.000622201128863, -0.000522163929418, -1.10259898065e-05, -0.00063110870542, 0.000837464875076, -0.000504409370478, 0.000750586739741, 0.000141265787533, 0.000161305841175, -0.000367899076082], [0.000563086941838, -0.000592289667111, 0.00195116875693, -0.00069903046824, 0.000147658734932, -0.000941663107369, 0.0012110627722, -0.00167144974694, 0.0014038910158, -0.000732473155949, 0.000410648179241, -0.000195934611838, 0.000598134764004], [-0.00032407665276, 0.000622201128863, -0.00069903046824, 0.00239992770366, -0.000892706855666, 0.00048751491704, -0.00109610019717, 0.00177852553315, -0.00156186730601, 0.000863994413521, -0.000337804638548, -0.001067361678, -3.62438477168e-05], [0.000347698543919, -0.000522163929418, 0.000147658734932, -0.000892706855666, 0.00401441892609, -0.000776757078711, 0.00151083664969, -0.00126241368707, 0.000761709758081, -0.00205795490183, 0.00100223592017, -0.000789951882325, -0.000168545273482], [8.3169536083e-05, -1.10259898065e-05, -0.000941663107369, 0.00048751491704, -0.000776757078711, 0.00600492348894, -0.00227561127394, 0.00244511058554, -0.00232746452093, 0.00113071117084, -0.00317391636781, 0.00132876553107, -0.000992385437712], [0.000281446322333, -0.00063110870542, 0.0012110627722, -0.00109610019717, 0.00151083664969, -0.00227561127394, 0.00713482033461, -0.00348898721859, 0.00231453031301, -0.00288201263174, 0.00081403227523, -0.000216428335989, -0.00011191010708], [-0.000449443527032, 0.000837464875076, -0.00167144974694, 0.00177852553315, -0.00126241368707, 0.00244511058554, -0.00348898721859, 0.00865893065929, -0.0047527696006, 0.00419934792444, -0.00418890500441, 0.000447859376436, 0.00010843770724], [0.000450588355307, -0.000504409370478, 0.0014038910158, -0.00156186730601, 0.000761709758081, -0.00232746452093, 0.00231453031301, -0.0047527696006, 0.0111364396289, -0.00534929754212, 0.00257812370546, -0.00105376006104, 0.000931485439651], [-0.00045830316958, 0.000750586739741, -0.000732473155949, 0.000863994413521, -0.00205795490183, 0.00113071117084, -0.00288201263174, 0.00419934792444, -0.00534929754212, 0.0124734919518, -0.00484974030405, 0.00267179100774, -0.00131520128343], [0.000230546778766, 0.000141265787533, 0.000410648179241, -0.000337804638548, 0.00100223592017, -0.00317391636781, 0.00081403227523, -0.00418890500441, 0.00257812370546, -0.00484974030405, 0.0137066105381, -0.00434201816097, 0.00248100352474], [-0.000131307126139, 0.000161305841175, -0.000195934611838, -0.001067361678, -0.000789951882325, 0.00132876553107, -0.000216428335989, 0.000447859376436, -0.00105376006104, 0.00267179100774, -0.00434201816097, 0.0138384671882, -0.00555896759033], [0.000374011724489, -0.000367899076082, 0.000598134764004, -3.62438477168e-05, -0.000168545273482, -0.000992385437712, -0.00011191010708, 0.00010843770724, 0.000931485439651, -0.00131520128343, 0.00248100352474, -0.00555896759033, 0.0111169377342]], "mean": [-819.226867676, 200.40788269, 10.2077112198, 28.3376731873, 9.89988994598, 0.46208640933, 8.72280216217, -9.74874401093, -5.78558254242, -0.869630992413, -9.99655437469, -1.41630029678, -2.59845399857]}, "pitch_salience": {"dmean": 0.0451757721603, "dmean2": 0.0702361017466, "dvar": 0.00248762709089, "dvar2": 0.00605946779251, "max": 0.866019308567, "mean": 0.552334845066, "median": 0.5625, "min": 0.0909824967384, "var": 0.0168128479272}, "silence_rate_20dB": {"dmean": 0, "dmean2": 0, "dvar": 0, "dvar2": 0, "max": 1, "mean": 1, "median": 1, "min": 1, "var": 0}, "silence_rate_30dB": {"dmean": 0.000659521843772, "dmean2": 0.00131926126778, "dvar": 0.000659126148093, "dvar2": 0.00131767732091, "max": 1, "mean": 0.998351454735, "median": 1, "min": 0, "var": 0.00164594955277}, "silence_rate_60dB": {"dmean": 0.0441879630089, "dmean2": 0.0883904993534, "dvar": 0.0422357842326, "dvar2": 0.0921207815409, "max": 1, "mean": 0.214144408703, "median": 0, "min": 0, "var": 0.1682793051}, "spectral_centroid": {"dmean": 102.421577454, "dmean2": 148.503723145, "dvar": 76413.40625, "dvar2": 154484.5, "max": 11630.4140625, "mean": 680.096862793, "median": 387.166870117, "min": 94.1213302612, "var": 1567529.75}, "spectral_complexity": {"dmean": 1.1864798069, "dmean2": 1.84795510769, "dvar": 3.42249298096, "dvar2": 6.45597600937, "max": 35, "mean": 7.45301675797, "median": 6, "min": 0, "var": 29.9734306335}, "spectral_contrast_coeffs": {"dmean": [0.0349428281188, 0.0374272018671, 0.0322304479778, 0.0281430743635, 0.0248170532286, 0.0204871706665], "dmean2": [0.0562068000436, 0.0595688186586, 0.0497855134308, 0.042679425329, 0.0362003184855, 0.0311691444367], "dvar": [0.00102189136669, 0.001334571396, 0.00101680215448, 0.000827286974527, 0.000653931114357, 0.000440006115241], "dvar2": [0.00257005309686, 0.00283972150646, 0.00214992160909, 0.00162701716181, 0.001259130775, 0.000951803231146], "max": [-0.263760536909, -0.329474031925, -0.407839596272, -0.476435035467, -0.515968739986, -0.583733975887], "mean": [-0.589836239815, -0.67737019062, -0.739218950272, -0.757803797722, -0.785563230515, -0.794765710831], "median": [-0.596247494221, -0.694088160992, -0.756846785545, -0.769268751144, -0.792097449303, -0.801023125648], "min": [-0.976368069649, -0.976989805698, -0.983810842037, -0.976969957352, -0.968366205692, -0.963716506958], "var": [0.0113358050585, 0.0131285181269, 0.0109057147056, 0.00718806637451, 0.00592927262187, 0.00327693787403]}, "spectral_contrast_valleys": {"dmean": [0.342845320702, 0.324978977442, 0.337242156267, 0.335620254278, 0.374536991119, 0.305041909218], "dmean2": [0.542823553085, 0.52966183424, 0.540393173695, 0.524414300919, 0.561214208603, 0.478844583035], "dvar": [0.153018817306, 0.125338092446, 0.146187067032, 0.17374072969, 0.232314422727, 0.164370596409], "dvar2": [0.311633616686, 0.26680418849, 0.321308284998, 0.372708916664, 0.486233234406, 0.349720627069], "max": [-6.15982294083, -4.88676404953, -4.80519914627, -6.33880233765, -6.26840925217, -8.4900894165], "mean": [-8.21553039551, -8.11878204346, -9.19578742981, -9.84934616089, -10.1624832153, -13.4745445251], "median": [-7.72842502594, -7.8016166687, -8.90762042999, -9.64723682404, -10.0859203339, -13.5808944702], "min": [-28.1126766205, -28.097618103, -27.6555099487, -27.746055603, -27.5336437225, -27.4400558472], "var": [5.82299900055, 5.83981084824, 5.50874996185, 5.17126750946, 5.18390226364, 3.56000137329]}, "spectral_decrease": {"dmean": 7.14523384904e-10, "dmean2": 9.69312852206e-10, "dvar": 2.03180911529e-18, "dvar2": 3.89143603658e-18, "max": 2.21325004388e-28, "mean": -3.85710574591e-09, "median": -2.20088525182e-09, "min": -3.51239499707e-08, "var": 1.91077778514e-17}, "spectral_energy": {"dmean": 0.00282522430643, "dmean2": 0.00381903257221, "dvar": 3.21560437442e-05, "dvar2": 6.10384086031e-05, "max": 0.139570251107, "mean": 0.0152851520106, "median": 0.00855011306703, "min": 1.01338963131e-20, "var": 0.000312148098601}, "spectral_energyband_high": {"dmean": 3.89739216189e-05, "dmean2": 5.7877303334e-05, "dvar": 5.73166936135e-08, "dvar2": 1.51111493096e-07, "max": 0.00833770353347, "mean": 6.32435112493e-05, "median": 1.91576623365e-06, "min": 7.07125363281e-21, "var": 9.05747299385e-08}, "spectral_energyband_low": {"dmean": 0.000648056273349, "dmean2": 0.000955362222157, "dvar": 1.92581501324e-06, "dvar2": 4.06128674513e-06, "max": 0.0260828509927, "mean": 0.002808742458, "median": 0.00219974434003, "min": 1.13234309181e-23, "var": 6.82026575305e-06}, "spectral_energyband_middle_high": {"dmean": 0.000658578821458, "dmean2": 0.00078952149488, "dvar": 5.04386480316e-06, "dvar2": 6.76993431625e-06, "max": 0.0727057904005, "mean": 0.00286064553075, "median": 0.000187656274647, "min": 1.14647333874e-21, "var": 6.59575671307e-05}, "spectral_energyband_middle_low": {"dmean": 0.00217179767787, "dmean2": 0.003091043327, "dvar": 2.14576721191e-05, "dvar2": 4.55584959127e-05, "max": 0.113575518131, "mean": 0.0100857317448, "median": 0.00535616045818, "min": 1.94186984928e-22, "var": 0.000159351533512}, "spectral_entropy": {"dmean": 0.21247163415, "dmean2": 0.310112059116, "dvar": 0.0767015963793, "dvar2": 0.166538581252, "max": 9.83337974548, "mean": 6.11918497086, "median": 6.05369377136, "min": 4.22530698776, "var": 0.631333351135}, "spectral_flux": {"dmean": 0.0148445554078, "dmean2": 0.0235198289156, "dvar": 0.000540384091437, "dvar2": 0.00133847503457, "max": 0.274807423353, "mean": 0.0343257822096, "median": 0.0210295990109, "min": 6.35292443651e-11, "var": 0.00140407856088}, "spectral_kurtosis": {"dmean": 12.263835907, "dmean2": 20.2461624146, "dvar": 193.542373657, "dvar2": 486.683410645, "max": 204.740997314, "mean": 30.4660663605, "median": 19.750837326, "min": -1.25798618793, "var": 882.906921387}, "spectral_rms": {"dmean": 0.000344353116816, "dmean2": 0.000455833243905, "dvar": 3.09271456445e-07, "dvar2": 5.24638153365e-07, "max": 0.0116690229625, "mean": 0.00331596983597, "median": 0.00288817845285, "min": 3.14431683815e-12, "var": 3.91670027966e-06}, "spectral_rolloff": {"dmean": 126.213729858, "dmean2": 206.914459229, "dvar": 258778.4375, "dvar2": 515887.71875, "max": 19466.015625, "mean": 814.599731445, "median": 366.064453125, "min": 64.599609375, "var": 4600159}, "spectral_skewness": {"dmean": 0.87291097641, "dmean2": 1.42956495285, "dvar": 0.7772975564, "dvar2": 1.91814911366, "max": 11.8581399918, "mean": 3.614112854, "median": 3.17052841187, "min": -0.429158359766, "var": 4.18313550949}, "spectral_spread": {"dme