{"lowlevel": {"average_loudness": 0.540877521038, "barkbands": {"dmean": [1.83480806299e-05, 0.00396977178752, 0.00115647458006, 0.000845365633722, 0.00119645823725, 0.000692316854838, 0.000507941818796, 0.000544167181943, 0.000699814292602, 0.000449028098956, 0.000393154332414, 0.000470445142128, 0.000305281690089, 0.000262423622189, 0.000135374022648, 0.000132405781187, 8.66038099048e-05, 7.25238423911e-05, 7.06023638486e-05, 4.1398427129e-05, 2.15999480133e-05, 1.4713591554e-05, 1.60316685651e-05, 1.35838226925e-05, 4.95873655382e-06, 1.7728543753e-06, 2.71341804137e-07], "dmean2": [2.62304311036e-05, 0.00625832471997, 0.0020078283269, 0.00133088894654, 0.00186720036436, 0.00104187324177, 0.000668352935463, 0.000790008460172, 0.000978774740361, 0.000641881371848, 0.000598417012952, 0.000695594178978, 0.000435567286331, 0.000397651834646, 0.000212329483475, 0.000207980920095, 0.000138074115966, 0.000121829420095, 0.000110288099677, 6.58821081743e-05, 3.45137123077e-05, 2.37905060203e-05, 2.45928240474e-05, 2.03325962502e-05, 7.40225050322e-06, 2.66424535766e-06, 4.47501690815e-07], "dvar": [2.5359447875e-09, 0.000200168258743, 1.54363297042e-05, 4.94505502502e-06, 5.08589846504e-06, 4.20602964368e-06, 2.18664649765e-06, 5.56236864213e-06, 7.74329146225e-06, 2.76083392237e-06, 2.39894575316e-06, 4.30530826634e-06, 2.11028486774e-06, 1.27854730181e-06, 3.67402577695e-07, 1.8536265145e-07, 4.53692763358e-08, 4.78618886746e-08, 5.80806016615e-08, 1.49818415451e-08, 1.59145283618e-08, 1.52901975525e-08, 1.19098926277e-08, 1.16923466464e-08, 7.92926280191e-10, 5.85347117998e-11, 4.43332653574e-12], "dvar2": [5.18066389787e-09, 0.000480755319586, 4.35678412032e-05, 1.15952052511e-05, 1.27505481942e-05, 9.68694712356e-06, 3.79526204597e-06, 1.14507784019e-05, 1.49885454448e-05, 5.35609342478e-06, 5.5546920521e-06, 8.43695397634e-06, 3.96270252168e-06, 2.90286516247e-06, 7.4365175351e-07, 3.73624828853e-07, 1.06475383177e-07, 1.27513317238e-07, 1.30624428607e-07, 3.73850639335e-08, 3.91521020049e-08, 3.88887038127e-08, 2.35771757673e-08, 2.27542109599e-08, 1.50651957576e-09, 1.19860954495e-10, 1.15666859771e-11], "max": [0.000720159499906, 0.125718310475, 0.0440712273121, 0.0746641680598, 0.0482840798795, 0.0728132724762, 0.0666693747044, 0.0912167578936, 0.121581889689, 0.0559459924698, 0.0561627112329, 0.0688634067774, 0.0885570943356, 0.0541133508086, 0.0253316834569, 0.0203657336533, 0.00560569250956, 0.00522487657145, 0.0071421964094, 0.00387162761763, 0.00699674943462, 0.00657310103998, 0.00547317415476, 0.00460781669244, 0.00128579256125, 0.000238730950514, 0.000106419720396], "mean": [2.88776445814e-05, 0.00542246177793, 0.00179425114766, 0.0016371733509, 0.00332585768774, 0.00184822338633, 0.00133636267856, 0.00134534668177, 0.00165470864158, 0.00103288178798, 0.000876785954461, 0.00120830885135, 0.000647559063509, 0.000489786267281, 0.000255575578194, 0.000260878790868, 0.000168965227203, 0.000126064318465, 0.000140544361784, 8.62111191964e-05, 3.89238375647e-05, 2.04497791856e-05, 2.31869835261e-05, 1.98779853235e-05, 9.21144237509e-06, 3.07943741973e-06, 2.8793735396e-07], "median": [9.76705632638e-06, 0.00187216838822, 0.000790919293649, 0.000371647096472, 0.00149537716061, 0.000612607225776, 0.000618523685262, 0.000232242964557, 0.000218476925511, 0.000145332873217, 8.60588770593e-05, 8.73762037372e-05, 7.22135737306e-05, 7.83731520642e-05, 5.01005488331e-05, 7.29159801267e-05, 4.73526597489e-05, 3.77194519388e-05, 3.09514689434e-05, 2.19667272177e-05, 7.19948184269e-06, 3.45670832758e-06, 2.47335219683e-06, 2.24135351345e-06, 1.29088982703e-06, 4.61365459614e-07, 5.17766238772e-08], "min": [4.22824268299e-25, 6.78808991094e-25, 9.56388731865e-25, 6.0130385089e-25, 4.15310890797e-24, 8.03655281524e-24, 4.60808167404e-24, 7.64334194159e-24, 1.72831709274e-23, 1.3909818681e-23, 1.61092701698e-23, 1.558903218e-23, 2.31605806795e-23, 2.76432417526e-23, 4.33616802533e-23, 4.58211907836e-23, 4.81562821719e-23, 9.85871217018e-23, 1.22206595392e-22, 1.7001243715e-22, 1.95850118286e-22, 3.53707837096e-22, 4.33424920006e-22, 5.79072069124e-22, 7.83167980058e-22, 1.34431208071e-21, 1.94817089153e-21], "var": [3.40584316305e-09, 0.000185082055395, 1.25548149299e-05, 1.54821209435e-05, 2.29142660828e-05, 2.11725509871e-05, 9.70085511653e-06, 2.70916934824e-05, 3.37337369274e-05, 1.46890733959e-05, 1.11239214675e-05, 2.60345823335e-05, 6.82354902892e-06, 3.20858498526e-06, 1.20509514545e-06, 5.6337745491e-07, 1.34941515739e-07, 8.52748556213e-08, 1.72779451191e-07, 3.91904571018e-08, 1.81428028156e-08, 1.41006726295e-08, 1.88140791835e-08, 2.06421226778e-08, 1.77276737734e-09, 1.15276406476e-10, 4.14894290798e-12]}, "barkbands_crest": {"dmean": 2.17158055305, "dmean2": 3.38808822632, "dvar": 6.54072809219, "dvar2": 15.3895778656, "max": 26.700586319, "mean": 11.7872304916, "median": 10.8891611099, "min": 2.64078211784, "var": 22.1631069183}, "barkbands_flatness_db": {"dmean": 0.0191824752837, "dmean2": 0.0284921303391, "dvar": 0.000721055606846, "dvar2": 0.00158982153516, "max": 0.507907986641, "mean": 0.192699596286, "median": 0.189071938396, "min": 0.0326697900891, "var": 0.003805272514}, "barkbands_kurtosis": {"dmean": 4.15552520752, "dmean2": 6.56311798096, "dvar": 169.28263855, "dvar2": 430.276092529, "max": 380.130981445, "mean": 7.35165977478, "median": 3.44370174408, "min": -1.7765994072, "var": 222.095504761}, "barkbands_skewness": {"dmean": 0.501631915569, "dmean2": 0.733044564724, "dvar": 0.678560376167, "dvar2": 1.44979083538, "max": 16.772977829, "mean": 1.68310022354, "median": 1.59132933617, "min": -2.37926912308, "var": 2.48636054993}, "barkbands_spread": {"dmean": 2.74044537544, "dmean2": 4.13366413116, "dvar": 20.4662246704, "dvar2": 42.4525947571, "max": 99.073387146, "mean": 12.199555397, "median": 9.95860385895, "min": 0.17671392858, "var": 79.579788208}, "dissonance": {"dmean": 0.022729665041, "dmean2": 0.0375108979642, "dvar": 0.000519143417478, "dvar2": 0.00136132130865, "max": 0.500000059605, "mean": 0.43810993433, "median": 0.448219954967, "min": 0.181695967913, "var": 0.00182774034329}, "dynamic_complexity": 4.37178325653, "erbbands": {"dmean": [0.0754222795367, 1.01744282246, 1.55652284622, 2.02818131447, 3.74688601494, 3.61384081841, 4.68687772751, 6.8472571373, 8.32583045959, 6.47846746445, 12.1680822372, 13.5993089676, 15.2116708755, 11.9326229095, 19.7298069, 14.3896436691, 11.4827594757, 13.7180929184, 9.4880657196, 5.7651181221, 6.48971891403, 5.00512218475, 4.02088308334, 3.83639669418, 2.82664513588, 1.77514922619, 1.03048145771, 0.772583961487, 0.545586884022, 0.428083449602, 0.485080987215, 0.34416654706, 0.192243382335, 0.080568164587, 0.0265803784132, 0.00912410300225, 0.00285288901068, 0.000682557525579, 4.63135875179e-05, 8.67254402692e-06], "dmean2": [0.11518933624, 1.64152657986, 2.63808131218, 3.25059008598, 5.85661888123, 5.64076757431, 6.94917154312, 10.1445178986, 11.1090602875, 9.11341094971, 17.4052772522, 19.1763000488, 21.0691375732, 17.3025875092, 29.00989151, 21.2250976562, 16.4552345276, 19.8729953766, 14.6298923492, 8.86020755768, 10.1642560959, 7.89566421509, 6.72530841827, 6.22494935989, 4.42087221146, 2.81128644943, 1.63750457764, 1.24152445793, 0.878911912441, 0.683977425098, 0.731988966465, 0.521025896072, 0.284336388111, 0.119921095669, 0.0402868948877, 0.0136778596789, 0.00432152440771, 0.00105859374162, 7.55318033043e-05, 1.27070125018e-05], "dvar": [0.0715214386582, 13.464600563, 29.114528656, 31.0044765472, 69.1421508789, 52.5176734924, 125.382049561, 503.748535156, 522.859313965, 739.614013672, 2558.60180664, 2890.65014648, 3288.75927734, 1832.58972168, 5024.34863281, 4232.30126953, 2006.90649414, 3215.48242188, 2181.64770508, 489.217041016, 331.273223877, 156.092376709, 119.582107544, 172.676849365, 95.2628173828, 34.2546539307, 20.92096138, 31.2710723877, 15.7346458435, 11.6113929749, 11.9902391434, 7.59941625595, 2.44526863098, 0.278047353029, 0.017585594207, 0.00158425513655, 0.000150332445628, 1.11241288323e-05, 1.61952229405e-07, 3.9942374408e-10], "dvar2": [0.153068691492, 33.3209724426, 78.5928344727, 76.1245880127, 176.463088989, 125.292427063, 282.787811279, 1142.76989746, 965.672180176, 1462.27661133, 5066.20214844, 5520.30908203, 6453.04199219, 3580.04492188, 10233.1015625, 9077.74023438, 3775.87011719, 6482.20654297, 4643.49169922, 1101.60424805, 722.157897949, 364.221923828, 309.704193115, 419.112976074, 190.193969727, 85.2976989746, 51.3422660828, 78.3215637207, 38.2496185303, 28.6691608429, 22.2716827393, 16.2193717957, 4.64429044724, 0.525898635387, 0.0359729789197, 0.00326292752288, 0.000303376844386, 2.50069642789e-05, 4.29856925166e-07, 8.9716351015e-10], "max": [2.6662504673, 31.9190368652, 54.3736381531, 195.920303345, 198.834091187, 178.08253479, 356.444885254, 853.290466309, 1184.77612305, 1468.99108887, 1851.78356934, 2368.17089844, 1910.95678711, 1595.4309082, 2888.16503906, 2570.4609375, 2195.58642578, 2210.11767578, 2147.79150391, 1077.04492188, 750.373962402, 377.702911377, 326.36328125, 383.503112793, 386.353179932, 201.972900391, 238.463851929, 317.240997314, 195.224868774, 161.462554932, 218.625366211, 108.181045532, 84.7166824341, 23.5305957794, 5.80347394943, 1.40330886841, 0.430590838194, 0.117967493832, 0.022256905213, 0.000595813500695], "mean": [0.107650533319, 1.37235224247, 2.39952468872, 3.95763850212, 9.53411483765, 9.16597080231, 12.5441865921, 17.9981422424, 22.9725875854, 17.2918186188, 31.514503479, 33.6223258972, 35.5095710754, 27.2655906677, 51.6272583008, 36.3519935608, 27.7568969727, 27.5976638794, 19.2967605591, 12.264122963, 13.8874034882, 10.3552436829, 7.65194654465, 7.64986944199, 5.84510374069, 3.74964189529, 2.16272330284, 1.24137091637, 0.777797043324, 0.587979137897, 0.699084222317, 0.500975310802, 0.282928705215, 0.137494891882, 0.0486512631178, 0.0157127995044, 0.00516460370272, 0.000976319424808, 5.84038971283e-05, 2.86826179945e-05], "median": [0.0337388291955, 0.495326697826, 1.11584997177, 1.31103217602, 2.91409111023, 4.29036808014, 4.54266548157, 6.01058197021, 11.8139209747, 4.76176166534, 6.04104995728, 4.91673326492, 6.11379671097, 4.77737998962, 3.93297338486, 3.31006288528, 3.55227947235, 3.54059505463, 4.37132072449, 3.62438201904, 4.20136165619, 3.23061466217, 2.54788541794, 1.80252933502, 1.36057949066, 0.980460822582, 0.533478736877, 0.216035962105, 0.129445433617, 0.0910013914108, 0.0700745433569, 0.0555798299611, 0.0315463617444, 0.0177574250847, 0.00749771296978, 0.00264848512597, 0.000755359069444, 0.000142453092849, 1.72893305717e-05, 1.89202255569e-05], "min": [4.85933521342e-23, 2.57526785331e-22, 1.45504220143e-21, 5.66641055091e-21, 1.03354941225e-20, 1.2720257444e-20, 2.55857125506e-20, 5.48156371444e-20, 1.33549162927e-19, 1.03814430361e-19, 2.26506427696e-19, 2.99824382621e-19, 3.09917743852e-19, 6.93717502259e-19, 7.56183286987e-19, 7.1827163496e-19, 1.62520672743e-18, 1.84529415602e-18, 2.38022958341e-18, 2.85822417218e-18, 3.49971390416e-18, 3.83091867578e-18, 4.59692059664e-18, 5.84090263061e-18, 7.05111088017e-18, 8.35555733537e-18, 8.6818428639e-18, 7.49525641109e-18, 1.23771713344e-17, 1.06461296394e-17, 1.06890727209e-17, 9.98078195058e-18, 8.25492833231e-18, 7.60035384382e-18, 6.28144703074e-18, 4.5265965961e-18, 2.52507676689e-18, 8.99297630475e-19, 2.61862660317e-19, 2.69502842959e-20], "var": [0.0773726552725, 11.7503318787, 23.0604476929, 69.8911895752, 315.048461914, 202.033035278, 560.736755371, 2474.00073242, 2387.10498047, 3711.72070312, 12246.1494141, 13695.7558594, 12456.0527344, 6972.90576172, 32218.03125, 19425.7246094, 9173.54882812, 9447.48046875, 5427.13378906, 1372.98352051, 1141.0513916, 467.678649902, 266.431915283, 398.740631104, 293.557647705, 77.9982376099, 30.6563472748, 31.5581645966, 16.6988964081, 11.1460828781, 20.2845306396, 12.3707847595, 4.37694549561, 0.578889429569, 0.0350608862936, 0.00303517119028, 0.000329047994455, 1.61299849424e-05, 1.41375778639e-07, 9.00054530906e-10]}, "erbbands_crest": {"dmean": 2.13486886024, "dmean2": 3.28649425507, "dvar": 4.48579549789, "dvar2": 10.4055938721, "max": 32.1537628174, "mean": 10.6126766205, "median": 9.50697422028, "min": 2.6244187355, "var": 24.6585102081}, "erbbands_flatness_db": {"dmean": 0.0135318590328, "dmean2": 0.0192959439009, "dvar": 0.000237539599766, "dvar2": 0.000467257312266, "max": 0.377990990877, "mean": 0.194736257195, "median": 0.192661508918, "min": 0.0301368515939, "var": 0.00222697854042}, "erbbands_kurtosis": {"dmean": 0.967217206955, "dmean2": 1.47861003876, "dvar": 2.7227139473, "dvar2": 5.93545007706, "max": 70.4021453857, "mean": 1.25042581558, "median": 0.202759742737, "min": -1.82334172726, "var": 12.5734815598}, "erbbands_skewness": {"dmean": 0.303810715675, "dmean2": 0.453464150429, "dvar": 0.0946459621191, "dvar2": 0.210570067167, "max": 5.62194061279, "mean": 0.591689527035, "median": 0.527078747749, "min": -2.49236154556, "var": 0.618776202202}, "erbbands_spread": {"dmean": 4.83428764343, "dmean2": 7.20001888275, "dvar": 41.220905304, "dvar2": 88.4561157227, "max": 147.29864502, "mean": 28.619556427, "median": 27.0387878418, "min": 1.62925946712, "var": 242.444320679}, "gfcc": {"cov": [[28296.6367188, 1763.11621094, -3563.03564453, 778.217773438, -1444.43444824, 415.859466553, -765.909912109, 282.007415771, -580.602966309, -9.04266834259, -109.107681274, -67.0713348389, -148.568252563], [1763.11621094, 1341.57019043, 59.7177734375, -220.076538086, 117.899406433, -135.248016357, 49.9651527405, -49.0299377441, 1.32710754871, -35.6408996582, 10.6795845032, -70.8562393188, 5.90342760086], [-3563.03564453, 59.7177734375, 1083.00244141, -73.1139602661, 200.116333008, -24.2715148926, 71.2280883789, -36.645198822, 107.273727417, 1.84060144424, 7.52337265015, 13.0557775497, -1.90179622173], [778.217773438, -220.076538086, -73.1139602661, 513.031860352, 82.6292495728, -19.2260932922, -79.0312805176, 27.667388916, 29.3014431, 13.2168455124, -17.188911438, 14.4843664169, 11.1583909988], [-1444.43444824, 117.899406433, 200.116333008, 82.6292495728, 355.107452393, 0.204428911209, 98.522567749, -0.526300728321, 59.3464355469, 14.8078117371, -1.33536040783, -8.02433586121, 5.86942386627], [415.859466553, -135.248016357, -24.2715148926, -19.2260932922, 0.204428911209, 263.046051025, 96.9488525391, 40.5145568848, -12.6490354538, 13.0259428024, 21.2906799316, -4.69789743423, -41.9189491272], [-765.909912109, 49.9651527405, 71.2280883789, -79.0312805176, 98.522567749, 96.9488525391, 273.863677979, 50.0750045776, -1.27347671986, 8.70941352844, 40.0114479065, 5.33823251724, -34.0837020874], [282.007415771, -49.0299377441, -36.645198822, 27.667388916, -0.526300728321, 40.5145568848, 50.0750045776, 115.594459534, 31.9046154022, 14.610452652, 10.3412761688, 11.9942369461, -16.3939495087], [-580.602966309, 1.32710754871, 107.273727417, 29.3014431, 59.3464355469, -12.6490354538, -1.27347671986, 31.9046154022, 150.250701904, 61.3734283447, 5.39391183853, 12.9380989075, 16.8290691376], [-9.04266834259, -35.6408996582, 1.84060144424, 13.2168455124, 14.8078117371, 13.0259428024, 8.70941352844, 14.610452652, 61.3734283447, 125.8645401, 29.3429946899, 23.4864139557, 11.7559022903], [-109.107681274, 10.6795845032, 7.52337265015, -17.188911438, -1.33536040783, 21.2906799316, 40.0114479065, 10.3412761688, 5.39391183853, 29.3429946899, 101.278915405, 26.9358596802, -5.33874416351], [-67.0713348389, -70.8562393188, 13.0557775497, 14.4843664169, -8.02433586121, -4.69789743423, 5.33823251724, 11.9942369461, 12.9380989075, 23.4864139557, 26.9358596802, 97.7924880981, 25.9858589172], [-148.568252563, 5.90342760086, -1.90179622173, 11.1583909988, 5.86942386627, -41.9189491272, -34.0837020874, -16.3939495087, 16.8290691376, 11.7559022903, -5.33874416351, 25.9858589172, 101.768348694]], "icov": [[0.000293549877824, -0.000820891465992, 0.000613104610238, -0.000760424183682, 0.000981510966085, -0.000969234213699, 0.000714824418537, -0.000744269578718, 0.000756863271818, -0.000546301482245, 0.000497371540405, -0.000466836383566, 0.000317908124998], [-0.000820891465992, 0.00326239853166, -0.00163038098253, 0.00258786533959, -0.00316581455991, 0.00328909908421, -0.00211528525688, 0.00220566452481, -0.00221573072486, 0.00174749142025, -0.00175839080475, 0.00198942609131, -0.000953283917625], [0.000613104610238, -0.00163038098253, 0.00246652029455, -0.00130166427698, 0.0014691571705, -0.00192125234753, 0.00133572821505, -0.000883300730493, 0.000557162216865, -0.000627431960311, 0.000956343137659, -0.00127616128884, 0.000963768514339], [-0.000760424183682, 0.00258786533959, -0.00130166427698, 0.00459610391408, -0.00379640283063, 0.00268660811707, -0.000684823724441, 0.00105470942799, -0.00199042493477, 0.0014528791653, -0.00129148422275, 0.00102579838131, -0.0006907338975], [0.000981510966085, -0.00316581455991, 0.0014691571705, -0.00379640283063, 0.00767496135086, -0.00317214266397, 0.000306722446112, -0.00145611900371, 0.00122713507153, -0.00184179609641, 0.00222633918747, -0.00110468699131, 0.000587815884501], [-0.000969234213699, 0.00328909908421, -0.00192125234753, 0.00268660811707, -0.00317214266397, 0.00830574147403, -0.00391240138561, 0.00164205208421, -0.00198695575818, 0.0012168410467, -0.00203273561783, 0.00222222157754, 0.000136051341542], [0.000714824418537, -0.00211528525688, 0.00133572821505, -0.000684823724441, 0.000306722446112, -0.00391240138561, 0.00789920520037, -0.00433893175796, 0.00305231381208, -0.001441903878, -0.000309856637614, -0.00158762442879, 0.00163461605553], [-0.000744269578718, 0.00220566452481, -0.000883300730493, 0.00105470942799, -0.00145611900371, 0.00164205208421, -0.00433893175796, 0.0136713376269, -0.00560471927747, 0.00211747316644, -0.00107596791349, -0.000119499389257, 0.000819173001219], [0.000756863271818, -0.00221573072486, 0.000557162216865, -0.00199042493477, 0.00122713507153, -0.00198695575818, 0.00305231381208, -0.00560471927747, 0.012795845978, -0.00633647572249, 0.00185181840789, -0.000925847853068, -0.000358196353773], [-0.000546301482245, 0.00174749142025, -0.000627431960311, 0.0014528791653, -0.00184179609641, 0.0012168410467, -0.001441903878, 0.00211747316644, -0.00633647572249, 0.0122958756983, -0.00359410699457, -0.000352649367414, -0.00107531691901], [0.000497371540405, -0.00175839080475, 0.000956343137659, -0.00129148422275, 0.00222633918747, -0.00203273561783, -0.000309856637614, -0.00107596791349, 0.00185181840789, -0.00359410699457, 0.0130941960961, -0.00404177745804, 0.00157268077601], [-0.000466836383566, 0.00198942609131, -0.00127616128884, 0.00102579838131, -0.00110468699131, 0.00222222157754, -0.00158762442879, -0.000119499389257, -0.000925847853068, -0.000352649367414, -0.00404177745804, 0.0138844633475, -0.00406864937395], [0.000317908124998, -0.000953283917625, 0.000963768514339, -0.0006907338975, 0.000587815884501, 0.000136051341542, 0.00163461605553, 0.000819173001219, -0.000358196353773, -0.00107531691901, 0.00157268077601, -0.00406864937395, 0.0124457972124]], "mean": [-82.9907073975, 134.166366577, -108.060157776, 18.5853462219, -43.7619972229, 3.57394909859, -33.4955368042, 8.2768535614, -20.4203128815, 0.540524840355, -10.8138341904, -1.80557668209, -6.32417917252]}, "hfc": {"dmean": 2.95816898346, "dmean2": 4.08992385864, "dvar": 39.8968963623, "dvar2": 75.9280090332, "max": 167.407302856, "mean": 12.9177484512, "median": 6.14719820023, "min": 1.06349049639e-16, "var": 306.381652832}, "melbands": {"dmean": [0.000934890296776, 0.00100048014428, 0.000387299020076, 0.000268250820227, 0.000158721610205, 0.00014855164045, 0.000115127229947, 8.32796577015e-05, 0.000102506659459, 9.22589533729e-05, 8.02443464636e-05, 5.35704857612e-05, 5.61010747333e-05, 6.48462519166e-05, 2.29607212532e-05, 3.56589844159e-05, 2.57326537394e-05, 1.8358363377e-05, 1.06452071122e-05, 9.28801637201e-06, 7.45260922486e-06, 5.78967774345e-06, 3.59932687388e-06, 3.66573408428e-06, 3.35042204824e-06, 2.70532541435e-06, 1.7594691144e-06, 1.22579467643e-06, 7.48728837152e-07, 5.62709431051e-07, 4.29326007634e-07, 3.35317565714e-07, 2.54489663121e-07, 2.46164773898e-07, 3.03527343704e-07, 2.5420683869e-07, 2.06710950579e-07, 1.43195080682e-07, 1.07696855878e-07, 6.05005325838e-08], "dmean2": [0.00143970455974, 0.0016454445431, 0.000621324812528, 0.000421086413553, 0.000238396212808, 0.000220235117013, 0.000153174158186, 0.000119724900287, 0.000146083912114, 0.000128751664306, 0.000111774679681, 7.69537728047e-05, 8.25850220281e-05, 9.5134942967e-05, 3.38489080605e-05, 5.05189382238e-05, 3.7909270759e-05, 2.86971699097e-05, 1.68013411894e-05, 1.44512450788e-05, 1.16656083264e-05, 9.18066052691e-06, 5.85479301662e-06, 6.17436398898e-06, 5.44438762518e-06, 4.2302485781e-06, 2.80261292573e-06, 1.97857980311e-06, 1.19768492368e-06, 9.06074660634e-07, 6.96275947121e-07, 5.42061115993e-07, 4.1177975163e-07, 4.01344038892e-07, 4.68535290565e-07, 3.92150496964e-07, 3.19854080999e-07, 2.13066286392e-07, 1.63479441539e-07, 9.03740726699e-08], "dvar": [1.10245500764e-05, 1.20169324873e-05, 8.79460742453e-07, 3.12012645054e-07, 1.17790669663e-07, 2.05978054169e-07, 9.8152064254e-08, 1.36580410981e-07, 1.88026234582e-07, 1.41793691455e-07, 8.79875372561e-08, 3.60979441894e-08, 4.2444476378e-08, 8.80774777556e-08, 8.23118018189e-09, 2.9975300464e-08, 1.11189164542e-08, 9.28664256605e-09, 1.54231094562e-09, 1.45089851245e-09, 4.33889896234e-10, 2.18219275983e-10, 8.85874082424e-11, 1.52559839761e-10, 1.37909475506e-10, 1.02621793008e-10, 2.81116709772e-11, 1.62034049372e-11, 8.06325145541e-12, 1.05678512816e-11, 1.16798333158e-11, 6.0367899915e-12, 4.32026463215e-12, 3.50032719823e-12, 4.47682082377e-12, 4.38505351821e-12, 2.90317683088e-12, 1.25780104648e-12, 8.17135259196e-13, 1.29792932044e-13], "dvar2": [2.53776051977e-05, 3.02038843074e-05, 2.21932168643e-06, 7.72986140873e-07, 2.69133579422e-07, 4.70376278372e-07, 1.77417632585e-07, 2.82218650227e-07, 3.71171921643e-07, 2.67497682671e-07, 1.71209435962e-07, 6.8883494464e-08, 9.34327104574e-08, 1.74012271259e-07, 1.43413636522e-08, 5.71251703718e-08, 2.26836469608e-08, 2.10376907006e-08, 3.51314910496e-09, 2.86505019709e-09, 9.74555658395e-10, 5.27950405615e-10, 2.05009467735e-10, 4.05895983491e-10, 3.34820504655e-10, 2.11927794758e-10, 6.67211494387e-11, 4.11961992297e-11, 1.98315825567e-11, 2.61413321545e-11, 3.00121455465e-11, 1.50850009567e-11, 1.08415811051e-11, 8.74946816387e-12, 9.04773391625e-12, 9.5015887519e-12, 6.30048790917e-12, 2.40575072884e-12, 1.69544456599e-12, 2.63174410649e-13], "max": [0.031639918685, 0.0326517485082, 0.0278563387692, 0.0129051003605, 0.00933249294758, 0.0172177907079, 0.0156129021198, 0.0148451318964, 0.0211074948311, 0.0187567528337, 0.00926817860454, 0.0068016028963, 0.00752557534724, 0.0102256489918, 0.00432681199163, 0.00997287873179, 0.00408992031589, 0.00503204297274, 0.00179622380529, 0.00186785461847, 0.000584837340284, 0.000487342505949, 0.000271681434242, 0.000367942935554, 0.000360229343642, 0.000455434579635, 0.000144165722304, 0.000127270002849, 0.000135552283609, 0.000182678559213, 0.000197212808416, 0.000131336419145, 0.000118826108519, 9.01099410839e-05, 0.000139437921462, 0.000130864587845, 6.04580600339e-05, 5.15899082529e-05, 5.45871989743e-05, 1.75223703991e-05], "mean": [0.00130176485982, 0.00152096070815, 0.000848500232678, 0.000721335178241, 0.000431236374425, 0.000401503872126, 0.000313438911689, 0.000219818786718, 0.000257189647527, 0.000220203393837, 0.000184272721526, 0.000117224983114, 0.000135625436087, 0.000170962535776, 4.74131848023e-05, 7.51068728277e-05, 4.78177680634e-05, 3.33320931531e-05, 2.01073744392e-05, 1.69112281583e-05, 1.50927735376e-05, 1.09430202428e-05, 6.8862941589e-06, 6.48389095659e-06, 6.23471032668e-06, 5.07752292833e-06, 3.31213732352e-06, 2.3626625989e-06, 1.47940431816e-06, 9.9008059351e-07, 6.12567191638e-07, 4.57947720633e-07, 3.42777639162e-07, 3.1663589084e-07, 4.11090240959e-07, 3.77004113261e-07, 2.81273003111e-07, 2.02152378392e-07, 1.61796577913e-07, 1.00250225898e-07], "median": [0.000418637064286, 0.000711431261152, 0.000308932794724, 0.000282008666545, 0.00016569737636, 0.000151311178342, 0.000160209077876, 4.41384072474e-05, 4.24940517405e-05, 2.78900224657e-05, 3.00306801364e-05, 1.95598950086e-05, 1.19098285722e-05, 1.07471523734e-05, 6.39365225652e-06, 6.70934696245e-06, 5.83312521485e-06, 6.55017083773e-06, 3.89067736251e-06, 4.68947928312e-06, 3.88874150303e-06, 3.08555217998e-06, 2.24623090617e-06, 1.85366593541e-06, 1.27173734654e-06, 1.00499892142e-06, 6.8522967922e-07, 5.85503187267e-07, 3.76428545223e-07, 1.49266085714e-07, 9.2100961524e-08, 7.08595635501e-08, 5.70972105152e-08, 4.31228635023e-08, 3.82790474873e-08, 3.81635771873e-08, 2.79313443485e-08, 2.12816750889e-08, 1.70709011371e-08, 1.21209495774e-08], "min": [7.38184825796e-25, 1.00530717989e-24, 1.39228427745e-24, 6.84306759957e-25, 7.03584942759e-25, 1.16749964441e-24, 1.98255339409e-24, 1.35114242023e-24, 1.33619784481e-24, 2.27791908865e-24, 1.35212494649e-24, 2.23029634466e-24, 2.2704824969e-24, 1.35201963356e-24, 2.15356068897e-24, 2.73435262791e-24, 2.42069364338e-24, 2.5476209686e-24, 3.65742500273e-24, 2.91669684007e-24, 3.51768223767e-24, 2.93946099921e-24, 2.53710643881e-24, 4.08208736624e-24, 4.01950584734e-24, 4.47660419912e-24, 4.42957704512e-24, 4.87398459709e-24, 4.76785440634e-24, 4.01531384049e-24, 4.70401189328e-24, 5.22137921822e-24, 5.58719098048e-24, 5.2027794558e-24, 5.20304411863e-24, 6.55441096979e-24, 5.29493931434e-24, 4.95810675187e-24, 6.29099966392e-24, 5.7184546741e-24], "var": [1.0916901374e-05, 1.04587779788e-05, 2.47773641604e-06, 1.4412745486e-06, 5.6802355175e-07, 1.01878276837e-06, 4.42570467385e-07, 6.98891994944e-07, 8.68823974542e-07, 6.47541696708e-07, 3.51733689286e-07, 1.53142352133e-07, 2.21239517373e-07, 5.27480551682e-07, 4.44913581532e-08, 1.02335285135e-07, 3.19687103456e-08, 1.94721767599e-08, 5.86933346369e-09, 3.79077125245e-09, 1.47805823136e-09, 5.74683911569e-10, 2.36458269631e-10, 3.07418840384e-10, 3.02571551147e-10, 2.99413410731e-10, 6.83667844559e-11, 3.47019288305e-11, 1.30165262249e-11, 1.2416956352e-11, 1.08303574442e-11, 6.04915249836e-12, 4.15004098794e-12, 3.24945257334e-12, 6.7276371106e-12, 6.98923297709e-12, 4.42610488191e-12, 2.2296916917e-12, 1.34373762117e-12, 2.62865738291e-13]}, "melbands_crest": {"dmean": 2.30425286293, "dmean2": 3.55101132393, "dvar": 6.20639514923, "dvar2": 14.1840324402, "max": 39.6917724609, "mean": 15.0645427704, "median": 14.5034532547, "min": 1.50053036213, "var": 30.4022674561}, "melbands_flatness_db": {"dmean": 0.0224748495966, "dmean2": 0.0327499061823, "dvar": 0.00106329773553, "dvar2": 0.00221733446233, "max": 0.669756889343, "mean": 0.275326609612, "median": 0.272792041302, "min": 0.0023550032638, "var": 0.00771240517497}, "melbands_kurtosis": {"dmean": 6.66299819946, "dmean2": 10.2552165985, "dvar": 335.072021484, "dvar2": 817.012573242, "max": 535.826660156, "mean": 13.9681177139, "median": 7.92850780487, "min": -1.77852153778, "var": 475.89831543}, "melbands_skewness": {"dmean": 0.57752597332, "dmean2": 0.836701691151, "dvar": 0.763349056244, "dvar2": 1.59147679806, "max": 20.2661571503, "mean": 2.44239068031, "median": 2.32477879524, "min": -1.49715209007, "var": 3.22603178024}, "melbands_spread": {"dmean": 3.48817825317, "dmean2": 5.29870986938, "dvar": 50.006275177, "dvar2": 101.999816895, "max": 202.227539062, "mean": 16.0406131744, "median": 10.6508636475, "min": 0.341359347105, "var": 415.596496582}, "mfcc": {"cov": [[10874.4726562, -194.956115723, -1048.97131348, 112.848739624, -211.944976807, -8.76650810242, 89.4453582764, 101.086364746, -213.318435669, 129.818206787, -55.9223251343, -36.7420578003, -23.0577201843], [-194.956115723, 2001.60266113, 155.641464233, -8.38115692139, 32.7620429993, -32.744594574, 74.9799880981, -18.8786754608, 46.6682472229, -27.8724784851, 36.718421936, 24.1796684265, -51.0289421082], [-1048.97131348, 155.641464233, 613.05657959, -10.349146843, 69.5932693481, 24.8971748352, -25.1362953186, 8.08455181122, 22.7337589264, -27.2237796783, 9.49695777893, 28.8033828735, 13.556930542], [112.848739624, -8.38115692139, -10.349146843, 432.103515625, 149.365631104, 8.11623001099, -51.8048706055, -6.4691286087, 23.8855781555, 21.2939033508, -33.4487724304, -7.50168228149, 55.7658843994], [-211.944976807, 32.7620429993, 69.5932693481, 149.365631104, 252.219985962, 45.3493385315, -45.4918632507, -14.2366991043, 29.9155273438, 19.7434139252, -6.98189353943, -8.63880157471, 6.57263708115], [-8.76650810242, -32.744594574, 24.8971748352, 8.11623001099, 45.3493385315, 169.202957153, 66.3500747681, 28.2978630066, 22.779083252, 25.8984298706, 34.7361564636, 11.8338327408, -4.1078453064], [89.4453582764, 74.9799880981, -25.1362953186, -51.8048706055, -45.4918632507, 66.3500747681, 221.116073608, 83.0907440186, -7.11559915543, 11.2437047958, 46.1486740112, 7.04052782059, -24.9796581268], [101.086364746, -18.8786754608, 8.08455181122, -6.4691286087, -14.2366991043, 28.2978630066, 83.0907440186, 155.380996704, 12.9230508804, 14.3572025299, 41.1436462402, 0.584278821945, 7.7607922554], [-213.318435669, 46.6682472229, 22.7337589264, 23.8855781555, 29.9155273438, 22.779083252, -7.11559915543, 12.9230508804, 126.760566711, 21.0216064453, -1.3559513092, 13.2130556107, 9.50227737427], [129.818206787, -27.8724784851, -27.2237796783, 21.2939033508, 19.7434139252, 25.8984298706, 11.2437047958, 14.3572025299, 21.0216064453, 119.361976624, 43.6085472107, -4.38249540329, 14.0567770004], [-55.9223251343, 36.718421936, 9.49695777893, -33.4487724304, -6.98189353943, 34.7361564636, 46.1486740112, 41.1436462402, -1.3559513092, 43.6085472107, 129.249206543, 21.1040172577, -12.0837116241], [-36.7420578003, 24.1796684265, 28.8033828735, -7.50168228149, -8.63880157471, 11.8338327408, 7.04052782059, 0.584278821945, 13.2130556107, -4.38249540329, 21.1040172577, 82.9844436646, 25.5275268555], [-23.0577201843, -51.0289421082, 13.556930542, 55.7658843994, 6.57263708115, -4.1078453064, -24.9796581268, 7.7607922554, 9.50227737427, 14.0567770004, -12.0837116241, 25.5275268555, 117.758651733]], "icov": [[0.000120709999464, -1.72242853296e-05, 0.000191929895664, -5.2292845794e-05, 8.0844401964e-05, -6.93962938385e-05, 5.55126389372e-05, -0.000154186229338, 0.00023564179719, -0.00018535516574, 0.000172785570612, -0.000113857626275, 7.93670551502e-05], [-1.72242853296e-05, 0.000556267274078, -0.000166393525433, -2.7842939744e-05, -0.000132595130708, 0.000349367735907, -0.000391485140426, 0.000286483671516, -0.000320616789395, 0.000187469893717, -0.000249637319939, -7.86356904428e-05, 0.000182605610462], [0.000191929895664, -0.000166393525433, 0.00213495432399, 0.000202158320462, -0.000475068809465, -0.000367900793208, 0.000459241477074, -0.000534389226232, 0.000249423523201, 0.000296690297546, 9.70319961198e-05, -0.000627350644208, -0.000139315568958], [-5.2292845794e-05, -2.7842939744e-05, 0.000202158320462, 0.00326494779438, -0.00194977677893, 0.000183143318282, 0.000154610883328, -0.000185021373909, -0.000159945251653, -0.000194795706193, 0.000553213933017, 0.000273540761555, -0.00139789516106], [8.0844401964e-05, -0.000132595130708, -0.000475068809465, -0.00194977677893, 0.00602775625885, -0.00191420491319, 0.00135780032724, 6.38682104181e-05, -0.000384400365874, -0.000651384703815, 0.000132924120408, 0.000591339427046, 0.00081123074051], [-6.93962938385e-05, 0.000349367735907, -0.000367900793208, 0.000183143318282, -0.00191420491319, 0.00811355561018, -0.0028243267443, 0.000444389792392, -0.0012797403615, -0.000560587504879, -0.00118668598589, -0.000645416846965, 4.32248343714e-05], [5.55126389372e-05, -0.000391485140426, 0.000459241477074, 0.000154610883328, 0.00135780032724, -0.0028243267443, 0.00744560407475, -0.00351750780828, 0.00109093310311, -0.00026180644636, -0.000230194651522, -0.000631908536889, 0.00140863819979], [-0.000154186229338, 0.000286483671516, -0.000534389226232, -0.000185021373909, 6.38682104181e-05, 0.000444389792392, -0.00351750780828, 0.0092539396137, -0.00168197823223, 0.000799840956461, -0.00268945773132, 0.00171301723458, -0.00170807237737], [0.00023564179719, -0.000320616789395, 0.000249423523201, -0.000159945251653, -0.000384400365874, -0.0012797403615, 0.00109093310311, -0.00168197823223, 0.00952629651874, -0.00228467071429, 0.00185161211994, -0.00207841768861, 0.000417885865318], [-0.00018535516574, 0.000187469893717, 0.000296690297546, -0.000194795706193, -0.000651384703815, -0.000560587504879, -0.00026180644636, 0.000799840956461, -0.00228467071429, 0.0113795557991, -0.00475122919306, 0.00262722698972, -0.00221949582919], [0.000172785570612, -0.000249637319939, 9.70319961198e-05, 0.000553213933017, 0.000132924120408, -0.00118668598589, -0.000230194651522, -0.00268945773132, 0.00185161211994, -0.00475122919306, 0.0117320418358, -0.00381294218823, 0.00218028295785], [-0.000113857626275, -7.86356904428e-05, -0.000627350644208, 0.000273540761555, 0.000591339427046, -0.000645416846965, -0.000631908536889, 0.00171301723458, -0.00207841768861, 0.00262722698972, -0.00381294218823, 0.0152072887868, -0.00424991315231], [7.93670551502e-05, 0.000182605610462, -0.000139315568958, -0.00139789516106, 0.00081123074051, 4.32248343714e-05, 0.00140863819979, -0.00170807237737, 0.000417885865318, -0.00221949582919, 0.00218028295785, -0.00424991315231, 0.0110084861517]], "mean": [-720.10333252, 167.822906494, -3.02678489685, 22.9208812714, 7.50879621506, -0.626719355583, 2.07958507538, 2.05701446533, -0.562537252903, 2.52081918716, -4.47207832336, 0.797986805439, -0.782194375992]}, "pitch_salience": {"dmean": 0.0574493333697, "dmean2": 0.0897196754813, "dvar": 0.0046372958459, "dvar2": 0.0109108556062, "max": 0.839066147804, "mean": 0.515019655228, "median": 0.518204152584, "min": 0.0154896164313, "var": 0.0145000424236}, "silence_rate_20dB": {"dmean": 0, "dmean2": 0, "dvar": 0, "dvar2": 0, "max": 1, "mean": 1, "median": 1, "min": 1, "var": 0}, "silence_rate_30dB": {"dmean": 0.00927050039172, "dmean2": 0.0185430459678, "dvar": 0.0091846473515, "dvar2": 0.0243816468865, "max": 1, "mean": 0.99271684885, "median": 1, "min": 0, "var": 0.0072303363122}, "silence_rate_60dB": {"dmean": 0.0105948569253, "dmean2": 0.0211920533329, "dvar": 0.0104838106781, "dvar2": 0.0233871899545, "max": 1, "mean": 0.0808872207999, "median": 0, "min": 0, "var": 0.0743397697806}, "spectral_centroid": {"dmean": 133.129516602, "dmean2": 202.324081421, "dvar": 53792.9570312, "dvar2": 109921.90625, "max": 11626.0664062, "mean": 1012.18243408, "median": 731.518920898, "min": 101.509796143, "var": 2060375.625}, "spectral_complexity": {"dmean": 1.93113338947, "dmean2": 3.15938186646, "dvar": 5.25117063522, "dvar2": 12.7992706299, "max": 50, "mean": 12.8244314194, "median": 12, "min": 0, "var": 45.0440979004}, "spectral_contrast_coeffs": {"dmean": [0.0387038812041, 0.0372817665339, 0.0344776399434, 0.0297429692, 0.0211202986538, 0.0152693558484], "dmean2": [0.0628759413958, 0.0584859289229, 0.053808029741, 0.0475475750864, 0.0337858311832, 0.0244368184358], "dvar": [0.00111429556273, 0.00112801743671, 0.000903324165847, 0.000638750556391, 0.000354654475814, 0.000226422955166], "dvar2": [0.00280744535848, 0.00269555300474, 0.00211316999048, 0.00154132186435, 0.000844082096592, 0.000533755228389], "max": [-0.301362097263, -0.352487564087, -0.408580303192, -0.495781004429, -0.556366741657, -0.614596188068], "mean": [-0.639889001846, -0.697733163834, -0.727014839649, -0.748175144196, -0.770367205143, -0.796257913113], "median": [-0.651193618774, -0.701730132103, -0.734749615192, -0.74882131815, -0.767626404762, -0.7923797369], "min": [-0.981628060341, -0.975916743279, -0.97636193037, -0.970466077328, -0.967766523361, -0.966153562069], "var": [0.00969027448446, 0.00792068894953, 0.00762436585501, 0.00420496240258, 0.00311585259624, 0.00211948854849]}, "spectral_contrast_valleys": {"dmean": [0.3225299716, 0.282530516386, 0.301733344793, 0.272289156914, 0.245201528072, 0.22770896554], "dmean2": [0.521810173988, 0.457431644201, 0.489101886749, 0.44087061286, 0.37503361702, 0.321735292673], "dvar": [0.107773207128, 0.0774804577231, 0.100009486079, 0.0972904264927, 0.110002808273, 0.111926056445], "dvar2": [0.238082274795, 0.169519096613, 0.214567855, 0.212106123567, 0.223114341497, 0.190537035465], "max": [-5.35845661163, -5.23046875, -5.24252176285, -5.95618391037, -5.69272089005, -7.72399044037], "mean": [-7.75444078445, -7.42641067505, -8.32046318054, -8.85999679565, -9.03424930573, -11.7001161575], "median": [-7.27126026154, -6.9346408844, -7.85351753235, -8.37455940247, -8.57283973694, -11.4785308838], "min": [-28.3068294525, -27.9748096466, -27.8504371643, -27.7354602814, -27.5395889282, -27.3677368164], "var": [7.84196043015, 8.02929115295, 7.49330329895, 7.22792387009, 7.24240970612, 5.49263191223]}, "spectral_decrease": {"dmean": 1.8005704705e-09, "dmean2": 2.635896168e-09, "dvar": 1.51800050113e-17, "dvar2": 3.24991851134e-17, "max": 2.01129775214e-28, "mean": -5.99596816642e-09, "median": -4.00113941978e-09, "min": -4.26800141895e-08, "var": 3.60832098151e-17}, "spectral_energy": {"dmean": 0.00699658039957, "dmean2": 0.0102110300213, "dvar": 0.000220547488425, "dvar2": 0.000469759659609, "max": 0.170141488314, "mean": 0.02380181849, "median": 0.0158088319004, "min": 9.83017724108e-21, "var": 0.000564435322303}, "spectral_energyband_high": {"dmean": 7.94161533122e-05, "dmean2": 0.000120123542729, "dvar": 2.04041654683e-07, "dvar2": 4.62213762376e-07, "max": 0.0206097625196, "mean": 0.000156042617164, "median": 3.73867587768e-05, "min": 6.96187999943e-21, "var": 2.96254597743e-07}, "spectral_energyband_low": {"dmean": 0.004805654753, "dmean2": 0.007287024986, "dvar": 0.000233847022173, "dvar2": 0.000526972406078, "max": 0.136907413602, "mean": 0.00800552219152, "median": 0.00365258171223, "min": 1.1374706877e-23, "var": 0.000257991574472}, "spectral_energyband_middle_high": {"dmean": 0.00141196267214, "dmean2": 0.00199724920094, "dvar": 1.33502599056e-05, "dvar2": 2.45651135629e-05, "max": 0.104460507631, "mean": 0.00518487626687, "median": 0.00120203616098, "min": 1.1848895774e-21, "var": 0.000115019523946}, "spectral_energyband_middle_low": {"dmean": 0.00305165792815, "dmean2": 0.00453840335831, "dvar": 2.73350287898e-05, "dvar2": 5.83274013479e-05, "max": 0.132311359048, "mean": 0.0112967891619, "median": 0.00694400351495, "min": 1.57806663732e-22, "var": 0.000144731544424}, "spectral_entropy": {"dmean": 0.149197474122, "dmean2": 0.223311915994, "dvar": 0.0382305718958, "dvar2": 0.0825915038586, "max": 9.82881736755, "mean": 6.92624568939, "median": 6.97477817535, "min": 5.09448766708, "var": 0.430999279022}, "spectral_flux": {"dmean": 0.020708899945, "dmean2": 0.0310404729098, "dvar": 0.00105797580909, "dvar2": 0.00211512320675, "max": 0.326688170433, "mean": 0.0572245009243, "median": 0.0410121232271, "min": 6.35331579013e-11, "var": 0.00288005289622}, "spectral_kurtosis": {"dmean": 3.47204041481, "dmean2": 5.90670585632, "dvar": 16.1767177582, "dvar2": 44.6485595703, "max": 65.277671814, "mean": 10.9779148102, "median": 8.30024147034, "min": -1.27347493172, "var": 68.3425674438}, "spectral_rms": {"dmean": 0.00058111466933, "dmean2": 0.000818330096081, "dvar": 9.74941031018e-07, "dvar2": 1.83649990504e-06, "max": 0.0128837758675, "mean": 0.00429008388892, "median": 0.0039272448048, "min": 3.09683984186e-12, "var": 4.81651795781e-06}, "spectral_rolloff": {"dmean": 198.046035767, "dmean2": 326.958374023, "dvar": 304473.5625, "dvar2": 612918.4375, "max": 19444.4824219, "mean": 1131.14025879, "median": 559.86328125, "min": 21.533203125, "var": 6349240}, "spectral_skewness": {"dmean": 0.327362179756, "dmean2": 0.538988769054, "dvar": 0.121172226965, "dvar2": 0.306135982275, "max": 6.64210891724, "mean": 2.34383058548, "median": 2.12094783783, "min": -0.0629499331117, "var": 0.928077936172}, "spectral_spread": {"dmean": 335046.125, "dmean2": 512901.4375, "dvar": 436506198016, "dvar2": 82656