{"lowlevel": {"average_loudness": 0.773070454597, "barkbands": {"dmean": [4.58472713945e-05, 0.00116699479986, 0.000550585100427, 0.000377686548745, 0.00106178445276, 0.00131358974613, 0.00103788112756, 0.0011778351618, 0.000772692379542, 0.000701314304024, 0.000356710283086, 0.000270510558039, 0.000383305683499, 0.000124505124404, 0.000122026453028, 8.63971654326e-05, 5.87178910791e-05, 4.83720286866e-05, 5.1619415899e-05, 3.48133071384e-05, 2.74346639344e-05, 6.23979503871e-05, 5.2674793551e-05, 2.9474400435e-05, 1.10551127364e-05, 3.12137512992e-06, 1.82184942332e-06], "dmean2": [7.35249413992e-05, 0.00190622801892, 0.000916288176086, 0.000597433710936, 0.00164643034805, 0.00197594775818, 0.00156567571685, 0.00163214700297, 0.00109324592631, 0.000949875742663, 0.000518111861311, 0.000410296634072, 0.000586267968174, 0.000193913307157, 0.0001783988846, 0.000126010345411, 8.7132320914e-05, 7.27001970517e-05, 7.72923303884e-05, 5.16966174473e-05, 4.12560439145e-05, 9.81122502708e-05, 7.87892204244e-05, 4.43708595412e-05, 1.5779514797e-05, 4.64856339022e-06, 3.00468695968e-06], "dvar": [1.52102934692e-08, 1.17377849165e-05, 1.34793117468e-06, 4.54554850648e-07, 3.62086802852e-06, 9.41245798458e-06, 1.54789941007e-05, 1.37138640639e-05, 9.5519808383e-06, 8.79612707649e-06, 2.81040661321e-06, 2.67431892098e-06, 3.46166143572e-06, 4.18352698262e-07, 2.33254851878e-07, 1.59269873734e-07, 4.39238760919e-08, 3.75025450694e-08, 4.93837823967e-08, 4.83124509287e-08, 2.58808920961e-08, 2.53174391673e-07, 1.55032552129e-07, 7.07593770244e-08, 2.77177636399e-09, 1.51717360897e-10, 6.0453919648e-11], "dvar2": [3.56479468167e-08, 2.88510454993e-05, 3.54470807906e-06, 1.08727715542e-06, 8.27040366858e-06, 2.13703679037e-05, 3.4558281186e-05, 2.66037113761e-05, 1.81358864211e-05, 1.49690449689e-05, 4.96063375977e-06, 6.46082753519e-06, 8.38492269395e-06, 9.70663450062e-07, 5.14624332482e-07, 3.34357281417e-07, 9.19339555594e-08, 8.22478369855e-08, 1.1127871602e-07, 1.0186791144e-07, 6.12031456626e-08, 6.62367312998e-07, 3.19757049283e-07, 1.42925330238e-07, 5.8179447926e-09, 3.43523876012e-10, 1.57526838795e-10], "max": [0.00294590415433, 0.0528824776411, 0.0181014537811, 0.0186396166682, 0.0387752279639, 0.0863235294819, 0.120879672468, 0.132774144411, 0.123284243047, 0.119954243302, 0.0604247041047, 0.0628791078925, 0.0742416009307, 0.0234788283706, 0.0159945487976, 0.0203195214272, 0.00900204479694, 0.00565611477941, 0.00711375568062, 0.00819356553257, 0.0059113772586, 0.0252939835191, 0.0191294699907, 0.0151063818485, 0.00140824599657, 0.000320822146023, 0.000228483768296], "mean": [0.000107959429442, 0.00269442982972, 0.00120701827109, 0.00088533636881, 0.00263442657888, 0.00343488412909, 0.00238815136254, 0.00268231099471, 0.00150388595648, 0.00158936984371, 0.000730007828679, 0.000459809671156, 0.000949396053329, 0.000251763412962, 0.000223409704631, 0.00015739047376, 0.000115767928946, 9.24769919948e-05, 9.22204126255e-05, 4.69616134069e-05, 3.93402915506e-05, 8.49832285894e-05, 7.54822249291e-05, 4.24207646574e-05, 1.60241579579e-05, 3.9467345232e-06, 1.71388785475e-06], "median": [2.09384506888e-05, 0.00178365386091, 0.00071141612716, 0.000451317580882, 0.00163075956516, 0.00115212565288, 0.000504998024553, 0.000423073885031, 0.000213257633732, 0.000103333746665, 5.50362165086e-05, 5.9379501181e-05, 5.69902222196e-05, 1.43800289152e-05, 3.40280712408e-05, 2.48602973443e-05, 2.44023867708e-05, 1.27723169498e-05, 7.28523900762e-06, 4.94293999509e-06, 5.1503634495e-06, 5.89234468862e-06, 5.41169629287e-06, 3.18873253491e-06, 2.08750270758e-06, 4.77338971905e-07, 2.56916166563e-07], "min": [2.17710621484e-25, 2.41059227949e-24, 1.1340451381e-24, 1.32004256512e-24, 4.27524981965e-24, 7.46832762774e-24, 5.17612187366e-24, 9.15091666261e-24, 7.78335686365e-24, 1.20698881831e-23, 1.9014767946e-23, 2.15973533993e-23, 2.41121820117e-23, 2.8470712666e-23, 1.41628978811e-23, 4.59923199575e-23, 7.26880671878e-23, 8.4424386326e-23, 1.13878332069e-22, 1.58938092219e-22, 2.31138921046e-22, 3.20293102789e-22, 3.75411155025e-22, 4.90654973766e-22, 8.74061820979e-22, 1.31961237876e-21, 1.94747295789e-21], "var": [4.17134593533e-08, 1.3525286704e-05, 2.29431066145e-06, 1.57014210345e-06, 1.10375422082e-05, 4.34482426499e-05, 5.00117639604e-05, 4.45271361968e-05, 2.76275422948e-05, 3.7291625631e-05, 9.69724715105e-06, 3.67534471479e-06, 1.9924089429e-05, 1.40975271279e-06, 5.65814332276e-07, 3.20728446468e-07, 1.2684446915e-07, 9.82716557019e-08, 1.22092046695e-07, 6.78257237041e-08, 3.70147823503e-08, 2.75302653563e-07, 2.06397160696e-07, 8.74291501418e-08, 4.4605443783e-09, 2.3119609005e-10, 4.64101639064e-11]}, "barkbands_crest": {"dmean": 2.0971429348, "dmean2": 3.30597758293, "dvar": 4.86163043976, "dvar2": 11.7753105164, "max": 25.6992473602, "mean": 11.4693851471, "median": 10.4112825394, "min": 3.12522435188, "var": 21.9947452545}, "barkbands_flatness_db": {"dmean": 0.0186700411141, "dmean2": 0.0267312824726, "dvar": 0.000422606099164, "dvar2": 0.000795475614723, "max": 0.460506379604, "mean": 0.20189230144, "median": 0.19576010108, "min": 0.046180434525, "var": 0.00475619081408}, "barkbands_kurtosis": {"dmean": 3.23174762726, "dmean2": 5.0098361969, "dvar": 39.5714569092, "dvar2": 97.6144790649, "max": 669.914978027, "mean": 10.5101470947, "median": 4.09556865692, "min": -1.9551435709, "var": 2110.76513672}, "barkbands_skewness": {"dmean": 0.462459951639, "dmean2": 0.692081451416, "dvar": 0.301921486855, "dvar2": 0.663733363152, "max": 18.654088974, "mean": 1.40460431576, "median": 1.26210510731, "min": -5.59217166901, "var": 3.44808578491}, "barkbands_spread": {"dmean": 3.22601509094, "dmean2": 4.7989525795, "dvar": 47.7923202515, "dvar2": 92.4454269409, "max": 133.070480347, "mean": 11.4426259995, "median": 8.12261676788, "min": 0.337951481342, "var": 150.001663208}, "dissonance": {"dmean": 0.0340240187943, "dmean2": 0.0563591718674, "dvar": 0.00109581358265, "dvar2": 0.00303594348952, "max": 0.499644577503, "mean": 0.409149825573, "median": 0.417950898409, "min": 0.17422503233, "var": 0.00308598671108}, "dynamic_complexity": 3.98400616646, "erbbands": {"dmean": [0.0359400138259, 0.266550540924, 0.628712356091, 0.800677120686, 2.34733009338, 3.72364830971, 6.24446249008, 13.9547901154, 15.0752487183, 16.9928684235, 22.2108955383, 19.6937503815, 18.3185768127, 19.3402099609, 14.853064537, 9.03746509552, 16.9415473938, 9.63906764984, 7.31858539581, 3.7845749855, 4.31490182877, 2.68341183662, 2.96487808228, 2.11149787903, 2.55928468704, 1.56990230083, 0.946775317192, 1.46331489086, 2.25397491455, 2.08560967445, 1.35016429424, 0.762317478657, 0.417851924896, 0.168814316392, 0.0604511238635, 0.0182769242674, 0.0049668061547, 0.0014643301256, 0.000297916732961, 2.52539339272e-05], "dmean2": [0.0597392357886, 0.439561933279, 1.05314540863, 1.27757763863, 3.84082865715, 5.60243606567, 9.42099189758, 21.0191173553, 22.5239696503, 25.1117172241, 29.9989719391, 27.9942073822, 25.1344280243, 25.4936504364, 21.8273773193, 13.6900930405, 25.3775863647, 14.5427761078, 10.5585584641, 5.55865430832, 6.21800804138, 3.9377849102, 4.41460180283, 3.06815886497, 3.8118724823, 2.33776259422, 1.43544352055, 2.22732186317, 3.62769818306, 3.16429114342, 2.03429031372, 1.13942086697, 0.62453764677, 0.245759040117, 0.0845659300685, 0.0261261053383, 0.00770536065102, 0.00239435350522, 0.000489733822178, 4.00238714064e-05], "dvar": [0.0112646780908, 0.624244630337, 2.0262825489, 2.0727148056, 17.3862800598, 52.5031166077, 217.209472656, 1186.2121582, 2624.45556641, 3465.11694336, 6158.65478516, 5855.07519531, 6466.29394531, 7679.27441406, 4217.94335938, 3061.71582031, 6811.84033203, 1526.63562012, 734.392089844, 189.988830566, 389.93347168, 82.0013427734, 138.296737671, 82.8556671143, 151.776199341, 102.990020752, 28.4681167603, 94.0152740479, 438.727142334, 203.996109009, 106.189537048, 52.6816253662, 10.5827350616, 0.737531363964, 0.0909169390798, 0.00622693728656, 0.000515715684742, 4.57313508377e-05, 1.65870244473e-06, 7.56774998223e-09], "dvar2": [0.0268102344126, 1.59923565388, 5.32333040237, 4.8541135788, 52.82787323, 117.460647583, 477.529266357, 2635.0847168, 5530.23974609, 8023.29589844, 11249.75, 11512.0859375, 10856.0761719, 12095.6601562, 8314.78515625, 7937.24121094, 15333.3164062, 3445.4362793, 1591.96777344, 453.849945068, 820.906005859, 171.839477539, 294.670623779, 177.278121948, 343.834106445, 221.651275635, 69.2523117065, 226.723922729, 1206.4173584, 474.798217773, 213.677246094, 105.218185425, 21.5364131927, 1.610221982, 0.178089901805, 0.0125874811783, 0.0013004259672, 0.000120672215417, 4.3511572585e-06, 1.98810354846e-08], "max": [1.50222587585, 12.5381193161, 22.6384124756, 31.9402122498, 63.8720588684, 129.292739868, 312.9715271, 1077.5411377, 1730.12329102, 1894.98449707, 3981.1706543, 3492.78515625, 4323.54101562, 3980.93554688, 2454.14526367, 2868.03515625, 2757.26196289, 1334.75305176, 882.839355469, 405.482208252, 972.817504883, 438.238830566, 370.042694092, 317.939331055, 419.397613525, 352.06930542, 164.465560913, 347.961120605, 1127.59802246, 542.422363281, 506.088012695, 422.83505249, 161.828552246, 26.2793464661, 13.6947774887, 3.90344762802, 0.511197149754, 0.262264370918, 0.0340640768409, 0.0021226038225], "mean": [0.0824127271771, 0.583486914635, 1.28833305836, 2.27414155006, 5.17326116562, 8.96563339233, 15.9055223465, 36.2391052246, 37.7534637451, 41.7711830139, 48.327331543, 41.3711013794, 42.0318107605, 41.3456001282, 35.9575996399, 18.8407478333, 40.1888160706, 23.0713233948, 15.2491731644, 7.42025089264, 8.35851764679, 5.73612642288, 6.02159261703, 4.22892951965, 4.34002065659, 2.22128343582, 1.39110982418, 1.98446393013, 2.96344804764, 2.90423321724, 1.98684871197, 1.09639966488, 0.587238669395, 0.231156766415, 0.0904148742557, 0.0257483478636, 0.00577483279631, 0.00143399601802, 0.000291695119813, 4.53648972325e-05], "median": [0.0513414479792, 0.393701851368, 0.797407150269, 1.43173825741, 3.04308223724, 4.92420291901, 6.55582332611, 11.4836330414, 9.8360042572, 10.0779914856, 8.84584140778, 7.29347372055, 4.17510700226, 3.74645900726, 3.98169088364, 2.62753677368, 3.43930578232, 1.67342603207, 2.07334327698, 1.40920686722, 1.65607774258, 1.46783792973, 1.02733361721, 0.420906990767, 0.364606022835, 0.241821184754, 0.214939460158, 0.200098529458, 0.193250834942, 0.187359049916, 0.140886560082, 0.0743363276124, 0.0494780279696, 0.0269492398947, 0.0119113977998, 0.00298691657372, 0.000732418498956, 0.000199191272259, 5.46448682144e-05, 2.64096779574e-05], "min": [8.49404212648e-23, 3.24126613379e-22, 2.60743182025e-21, 4.09526094893e-21, 7.21966954487e-21, 1.38373341651e-20, 3.63573311887e-20, 9.38114515361e-20, 9.60118230513e-20, 1.80517512083e-19, 2.44770317127e-19, 2.67528640718e-19, 3.89728989038e-19, 4.96730384741e-19, 9.72928699112e-19, 1.3061702996e-18, 1.35293671329e-18, 1.53009346809e-18, 1.79468869371e-18, 1.98794062548e-18, 4.83759458613e-18, 4.43173221473e-18, 4.91266494903e-18, 5.55424070779e-18, 6.0637206858e-18, 7.64586449394e-18, 6.72522157116e-18, 1.02849751393e-17, 1.03529817934e-17, 1.05547816028e-17, 1.13520414382e-17, 9.24006239155e-18, 9.80465865456e-18, 8.10831305028e-18, 6.01512589277e-18, 4.31756722812e-18, 2.39266438277e-18, 9.63357909232e-19, 2.28263281769e-19, 2.97487170875e-20], "var": [0.0139483045787, 0.653726637363, 2.88877391815, 6.97547912598, 38.7882041931, 158.032928467, 791.23059082, 5869.88623047, 10071.4785156, 8977.22949219, 20006.1230469, 15713.7753906, 27269.2441406, 30301.2246094, 18117.4511719, 4744.46240234, 33020.4882812, 6931.10253906, 2350.38476562, 422.565979004, 714.067443848, 212.145751953, 389.702972412, 218.707717896, 325.593200684, 138.52381897, 36.4578018188, 127.20790863, 408.743682861, 259.443206787, 145.69090271, 65.6078338623, 13.4068593979, 1.03469395638, 0.168170422316, 0.0119921211153, 0.000574992445763, 3.54413423338e-05, 1.26609677409e-06, 6.29121066353e-09]}, "erbbands_crest": {"dmean": 2.5645878315, "dmean2": 3.95756173134, "dvar": 6.79440402985, "dvar2": 15.8636045456, "max": 33.4801063538, "mean": 13.1251659393, "median": 11.8576011658, "min": 2.21766996384, "var": 36.2535972595}, "erbbands_flatness_db": {"dmean": 0.0186413247138, "dmean2": 0.0262224730104, "dvar": 0.000433430104749, "dvar2": 0.000793405110016, "max": 0.406740874052, "mean": 0.212354376912, "median": 0.209700375795, "min": 0.0217985250056, "var": 0.00352500751615}, "erbbands_kurtosis": {"dmean": 2.03020501137, "dmean2": 3.05588817596, "dvar": 9.93491077423, "dvar2": 21.9089336395, "max": 74.6955337524, "mean": 4.20093011856, "median": 2.28023433685, "min": -1.84826540947, "var": 42.7696990967}, "erbbands_skewness": {"dmean": 0.420681476593, "dmean2": 0.619123101234, "dvar": 0.215013727546, "dvar2": 0.443975389004, "max": 6.64570713043, "mean": 1.07641077042, "median": 1.02424776554, "min": -4.74439525604, "var": 1.28913831711}, "erbbands_spread": {"dmean": 5.40912914276, "dmean2": 7.98376846313, "dvar": 83.3756484985, "dvar2": 175.9921875, "max": 148.392974854, "mean": 22.289522171, "median": 17.2355365753, "min": 0.998524427414, "var": 324.76461792}, "gfcc": {"cov": [[29540.9492188, 1879.7109375, -3759.74926758, 333.627380371, -1937.85864258, 398.316558838, -887.555114746, 18.5417022705, -444.695770264, -278.810028076, -259.15914917, 45.055847168, -121.394996643], [1879.7109375, 1906.86022949, 187.65272522, -406.042480469, 254.941314697, -245.378677368, -81.3213882446, -53.9105072021, 63.6845321655, -30.3435306549, 23.6108264923, -27.4070568085, 16.0067043304], [-3759.74926758, 187.65272522, 1555.47351074, 95.4432220459, 333.898803711, -50.1010971069, 47.141834259, 3.92186808586, 94.2221298218, 82.8693008423, -19.5420017242, 17.206697464, 18.9641399384], [333.627380371, -406.042480469, 95.4432220459, 549.240112305, 5.43983793259, 29.3135700226, -41.2244491577, 27.6042823792, -6.58495283127, 10.4120407104, -33.9960632324, 16.7758636475, 17.5885410309], [-1937.85864258, 254.941314697, 333.898803711, 5.43983793259, 524.100585938, -98.2183303833, 39.4891357422, -4.44521093369, 59.357624054, 69.8021697998, 29.0561771393, -35.2363891602, 9.17545223236], [398.316558838, -245.378677368, -50.1010971069, 29.3135700226, -98.2183303833, 369.408172607, 109.8878479, 12.3693695068, -17.4325485229, -22.8934440613, -4.53926706314, -11.3697834015, -52.7924842834], [-887.555114746, -81.3213882446, 47.141834259, -41.2244491577, 39.4891357422, 109.8878479, 251.568069458, 27.9580726624, -8.51631546021, -9.64846038818, 17.7886238098, -2.87743830681, -19.6548881531], [18.5417022705, -53.9105072021, 3.92186808586, 27.6042823792, -4.44521093369, 12.3693695068, 27.9580726624, 139.664306641, 58.8064193726, -2.72487425804, -16.4967899323, -23.5502319336, -18.7454566956], [-444.695770264, 63.6845321655, 94.2221298218, -6.58495283127, 59.357624054, -17.4325485229, -8.51631546021, 58.8064193726, 154.958374023, 47.7173690796, -5.11529159546, -39.2742881775, -30.6377563477], [-278.810028076, -30.3435306549, 82.8693008423, 10.4120407104, 69.8021697998, -22.8934440613, -9.64846038818, -2.72487425804, 47.7173690796, 145.264465332, 37.6727180481, -30.2946510315, -3.44909238815], [-259.15914917, 23.6108264923, -19.5420017242, -33.9960632324, 29.0561771393, -4.53926706314, 17.7886238098, -16.4967899323, -5.11529159546, 37.6727180481, 128.562850952, 35.1613731384, -12.3675765991], [45.055847168, -27.4070568085, 17.206697464, 16.7758636475, -35.2363891602, -11.3697834015, -2.87743830681, -23.5502319336, -39.2742881775, -30.2946510315, 35.1613731384, 128.608718872, 43.5634994507], [-121.394996643, 16.0067043304, 18.9641399384, 17.5885410309, 9.17545223236, -52.7924842834, -19.6548881531, -18.7454566956, -30.6377563477, -3.44909238815, -12.3675765991, 43.5634994507, 123.478141785]], "icov": [[0.000160496361786, -0.000395052426029, 0.00034188767313, -0.000346782500856, 0.000439336377895, -0.000325501343468, 0.000416097289417, -0.00033574263216, 0.000505381962284, -0.000514197919983, 0.000423451449024, -0.000287052156636, 0.000304058805341], [-0.000395052426029, 0.00174601841718, -0.000915480428375, 0.00140212813858, -0.00139083445538, 0.00110468105413, -0.000763516465668, 0.00108162884135, -0.00157221814152, 0.00184670859016, -0.00122467963956, 0.000922643055674, -0.000842221372295], [0.00034188767313, -0.000915480428375, 0.0015455634566, -0.000899757666048, 0.00048829393927, -0.000727036385797, 0.000689771026373, -0.000593955628574, 0.000722728611436, -0.00150048802607, 0.00140903098509, -0.00118859566282, 0.000715969596058], [-0.000346782500856, 0.00140212813858, -0.000899757666048, 0.00315434904769, -0.00130084343255, 0.000540560809895, -0.000161673509865, 0.00019116292242, -0.000841092492919, 0.00100952095818, -0.000358653283911, 0.000198285197257, -0.000789128826], [0.000439336377895, -0.00139083445538, 0.00048829393927, -0.00130084343255, 0.00397371593863, -0.000247006479185, 0.00029969055322, -0.000534789462108, 0.000891105097253, -0.00193407270126, 0.000451164698461, 0.00017421694065, 0.000438956572907], [-0.000325501343468, 0.00110468105413, -0.000727036385797, 0.000540560809895, -0.000247006479185, 0.00443005003035, -0.0024442600552, 0.00104623043444, -0.0009550259565, 0.00135108688846, -0.00073748867726, 0.000832688703667, 0.000686744577251], [0.000416097289417, -0.000763516465668, 0.000689771026373, -0.000161673509865, 0.00029969055322, -0.0024442600552, 0.00639237836003, -0.00228374497965, 0.00215304922312, -0.000792815233581, 0.000288262264803, -0.000669892120641, 0.000805952702649], [-0.00033574263216, 0.00108162884135, -0.000593955628574, 0.00019116292242, -0.000534789462108, 0.00104623043444, -0.00228374497965, 0.0103464731947, -0.00529658840969, 0.00255054328591, -0.000535243365448, 0.0015045121545, -0.000539419823326], [0.000505381962284, -0.00157221814152, 0.000722728611436, -0.000841092492919, 0.000891105097253, -0.0009550259565, 0.00215304922312, -0.00529658840969, 0.0117519674823, -0.00468294555321, 0.0022006300278, -0.000361612503184, 0.00290668918751], [-0.000514197919983, 0.00184670859016, -0.00150048802607, 0.00100952095818, -0.00193407270126, 0.00135108688846, -0.000792815233581, 0.00255054328591, -0.00468294555321, 0.012091094628, -0.0056448909454, 0.00454731006175, -0.00266979797743], [0.000423451449024, -0.00122467963956, 0.00140903098509, -0.000358653283911, 0.000451164698461, -0.00073748867726, 0.000288262264803, -0.000535243365448, 0.0022006300278, -0.0056448909454, 0.0124608278275, -0.00591894844547, 0.00375019386411], [-0.000287052156636, 0.000922643055674, -0.00118859566282, 0.000198285197257, 0.00017421694065, 0.000832688703667, -0.000669892120641, 0.0015045121545, -0.000361612503184, 0.00454731006175, -0.00591894844547, 0.0128123769537, -0.00485846819356], [0.000304058805341, -0.000842221372295, 0.000715969596058, -0.000789128826, 0.000438956572907, 0.000686744577251, 0.000805952702649, -0.000539419823326, 0.00290668918751, -0.00266979797743, 0.00375019386411, -0.00485846819356, 0.011552891694]], "mean": [-87.6484222412, 127.704322815, -90.5350799561, 9.8145866394, -56.2499427795, 6.31019496918, -34.9917068481, 3.15995168686, -9.85710811615, -0.768583476543, -7.84784841537, 0.802825450897, -7.64471387863]}, "hfc": {"dmean": 4.1410651207, "dmean2": 5.80589437485, "dvar": 99.1645736694, "dvar2": 210.404083252, "max": 307.264892578, "mean": 13.816110611, "median": 7.64764451981, "min": 1.05890493795e-16, "var": 326.019897461}, "melbands": {"dmean": [0.000316522229696, 0.000329083035467, 0.000184325443115, 0.000196823966689, 0.000218370943912, 0.000291637174087, 0.000226405405556, 0.000202180875931, 0.000171403895365, 0.000126088751131, 9.23190382309e-05, 8.26723698992e-05, 4.72987558169e-05, 3.44286199834e-05, 2.02626106329e-05, 4.49977560493e-05, 1.66521749634e-05, 1.25346887216e-05, 7.35032017474e-06, 6.2681201598e-06, 4.96729307997e-06, 3.02089688375e-06, 3.34558239956e-06, 2.09114637073e-06, 1.81913594588e-06, 2.04357115763e-06, 1.62822948369e-06, 9.87943394648e-07, 6.18737317382e-07, 5.81478559525e-07, 9.76751948656e-07, 1.35882373797e-06, 1.22211872622e-06, 1.18865716559e-06, 8.6016206069e-07, 5.78396566198e-07, 4.53917806453e-07, 3.29740430516e-07, 2.03357984674e-07, 1.31582027052e-07], "dmean2": [0.000518472108524, 0.000544813869055, 0.000293574354146, 0.000308708782541, 0.00032989421743, 0.000439429830294, 0.000340152415447, 0.000294714758638, 0.000229696073802, 0.000179965703865, 0.000126761908177, 0.000109481392428, 6.83131729602e-05, 5.16251820954e-05, 2.83645404124e-05, 7.00536984368e-05, 2.44144412136e-05, 1.82769344974e-05, 1.08676631498e-05, 9.20427009987e-06, 7.10965605322e-06, 4.52651102023e-06, 5.11350708621e-06, 3.10086193167e-06, 2.70198097496e-06, 3.06624383484e-06, 2.44951979766e-06, 1.49527579651e-06, 9.52900563789e-07, 8.80916786627e-07, 1.51480560362e-06, 2.24119548875e-06, 1.86849899819e-06, 1.82187420705e-06, 1.31479680476e-06, 8.78687046679e-07, 6.83025405124e-07, 5.01447289025e-07, 3.03589416717e-07, 1.93384821046e-07], "dvar": [8.83656980477e-07, 6.82141376274e-07, 1.01923511409e-07, 1.03428519083e-07, 2.44606212618e-07, 5.02503894495e-07, 6.0762818066e-07, 4.22580228587e-07, 3.90146766449e-07, 2.56381923691e-07, 1.67646319937e-07, 1.43145911125e-07, 4.70716550183e-08, 3.99449540112e-08, 9.15576769955e-09, 5.35584376848e-08, 5.37517230725e-09, 2.46890330402e-09, 9.90090898156e-10, 8.62497906429e-10, 4.63838994991e-10, 1.53461507391e-10, 1.06951114631e-10, 8.4321521987e-11, 7.05873970386e-11, 8.60050433649e-11, 9.79504186094e-11, 4.28135235597e-11, 1.18640800309e-11, 1.21531265954e-11, 4.23871909794e-11, 1.99616601027e-10, 6.40180339295e-11, 6.90726503771e-11, 3.93362356577e-11, 2.52643028026e-11, 1.99319918209e-11, 8.05460385889e-12, 1.12913064315e-12, 4.26530935137e-13], "dvar2": [2.12627310248e-06, 1.76418382125e-06, 2.57121996583e-07, 2.70893195875e-07, 5.3143611467e-07, 1.12990346679e-06, 1.28157330437e-06, 9.31831095841e-07, 6.97903033142e-07, 5.14223359005e-07, 2.79241021417e-07, 2.27636178352e-07, 8.42263148115e-08, 9.44759221966e-08, 1.72100520501e-08, 1.3454449288e-07, 1.14116565086e-08, 5.36807798213e-09, 2.36167108092e-09, 1.84877524401e-09, 9.55797996305e-10, 3.32892630128e-10, 2.38743386172e-10, 1.80257531124e-10, 1.57472854201e-10, 1.95859301e-10, 2.10436071346e-10, 9.38735617018e-11, 2.87749997441e-11, 2.96078404849e-11, 1.0324459343e-10, 5.63250612817e-10, 1.59058086147e-10, 1.55849499972e-10, 8.0886151943e-11, 4.97057048299e-11, 4.1407394874e-11, 1.63598232183e-11, 2.52973163251e-12, 9.57113078029e-13], "max": [0.0134015632793, 0.0125371478498, 0.00725077092648, 0.00495506357402, 0.00967195257545, 0.0208595953882, 0.0243652891368, 0.0171573609114, 0.0352542772889, 0.0238548312336, 0.0220065172762, 0.0175659749657, 0.00924347341061, 0.00729278894141, 0.00410516234115, 0.0101161887869, 0.00303211249411, 0.00143154361285, 0.00103932863567, 0.00138074613642, 0.000921046594158, 0.000617561396211, 0.000263091438683, 0.000236271589529, 0.000294861267321, 0.000317511497997, 0.000344405474607, 0.000200492766453, 0.000103106773167, 0.000144061661558, 0.00020113660139, 0.00077536329627, 0.000316219491651, 0.000321307656122, 0.000302446918795, 0.000274044607067, 0.00027143600164, 0.000143763958476, 4.02323639719e-05, 2.01389084395e-05], "mean": [0.000743664801121, 0.000733675493393, 0.000496471184306, 0.000484127667733, 0.000560247572139, 0.000754873908591, 0.000559132371563, 0.000493182160426, 0.000362171063898, 0.000254250102444, 0.000206644210266, 0.000170407947735, 0.000107389190816, 6.80284865666e-05, 3.76301941287e-05, 0.000114246402518, 3.28532223648e-05, 2.45940464083e-05, 1.27727798827e-05, 1.12957977763e-05, 9.32271814236e-06, 6.02566342423e-06, 6.331772056e-06, 3.90144259654e-06, 3.34677429237e-06, 3.48786238646e-06, 2.33711011788e-06, 1.26708869175e-06, 8.50582807743e-07, 8.40147265535e-07, 1.24830069126e-06, 1.69220390944e-06, 1.66738789176e-06, 1.60134629823e-06, 1.22771643873e-06, 8.12671942185e-07, 6.2408849999e-07, 4.5623497158e-07, 2.61701131876e-07, 1.72479303728e-07], "median": [0.000481685390696, 0.000489478698, 0.000311045529088, 0.000310585630359, 0.000257594860159, 0.000237231710344, 0.00013426085934, 0.000104680540971, 5.78657673032e-05, 3.82298894692e-05, 1.79727230716e-05, 1.23865411297e-05, 9.75063267106e-06, 8.47468436405e-06, 5.22443951922e-06, 5.7429356275e-06, 2.0130125904e-06, 2.92808272206e-06, 2.27517693929e-06, 1.59095054642e-06, 1.76736955382e-06, 1.14513534299e-06, 1.22954941162e-06, 3.96404544745e-07, 2.68392113867e-07, 2.48031227557e-07, 2.08721374406e-07, 1.24540548541e-07, 1.24740907381e-07, 1.10405522946e-07, 1.04773903331e-07, 1.0366358083e-07, 8.87491466983e-08, 1.04075169816e-07, 8.30980084743e-08, 4.5242909863e-08, 3.79925779725e-08, 3.33155441012e-08, 2.62089514536e-08, 1.90273770073e-08], "min": [7.73943545503e-25, 9.26224367179e-25, 1.0474268302e-24, 1.0098017149e-24, 1.24686398185e-24, 2.15322226764e-24, 1.44828186463e-24, 1.53477553251e-24, 1.61929103306e-24, 1.61390311308e-24, 1.62827724345e-24, 1.54590507798e-24, 3.20296341852e-24, 2.58378531072e-24, 2.84706645455e-24, 1.69903145994e-24, 2.21743160102e-24, 2.14836919535e-24, 1.16272309163e-24, 2.70651352934e-24, 4.40076232283e-24, 4.30105069884e-24, 3.50617906795e-24, 3.41014905781e-24, 4.08239817744e-24, 3.52023380827e-24, 3.69961762268e-24, 4.54198262436e-24, 2.87073878981e-24, 4.54661402674e-24, 5.08578349495e-24, 4.55475388799e-24, 5.82617994159e-24, 5.12995576133e-24, 5.91185891337e-24, 5.60593983762e-24, 5.02797340123e-24, 6.10561735119e-24, 6.18632926028e-24, 6.08643185954e-24], "var": [1.04844571069e-06, 8.7751573119e-07, 3.36341344109e-07, 3.02888793158e-07, 8.25274923955e-07, 2.36180767388e-06, 2.29259262596e-06, 1.27749308376e-06, 1.35777474952e-06, 6.80890650528e-07, 7.04431101894e-07, 5.72402086618e-07, 1.91145431927e-07, 6.56243202002e-08, 2.11989128474e-08, 3.31818398536e-07, 1.76310450684e-08, 7.29229743257e-09, 1.70496450291e-09, 1.89915594362e-09, 9.15303333127e-10, 3.66465385815e-10, 2.66051652931e-10, 2.09714273725e-10, 1.6641465983e-10, 2.0694808367e-10, 1.56535243101e-10, 5.29157828666e-11, 1.39829597554e-11, 1.66250312128e-11, 5.58242271853e-11, 1.68204089546e-10, 8.1892430337e-11, 8.65593569044e-11, 5.38503026892e-11, 3.25667721957e-11, 2.36013552452e-11, 9.85603959558e-12, 1.49059172123e-12, 5.83659206035e-13]}, "melbands_crest": {"dmean": 2.49128365517, "dmean2": 3.93440890312, "dvar": 7.01481866837, "dvar2": 16.5313434601, "max": 36.8199386597, "mean": 13.9583082199, "median": 12.5740175247, "min": 1.50557732582, "var": 36.5267868042}, "melbands_flatness_db": {"dmean": 0.0216132700443, "dmean2": 0.0302164256573, "dvar": 0.000648224318866, "dvar2": 0.00115267257206, "max": 0.609692394733, "mean": 0.2872364223, "median": 0.278656691313, "min": 0.0032517448999, "var": 0.00958545040339}, "melbands_kurtosis": {"dmean": 4.91497468948, "dmean2": 7.62631130219, "dvar": 216.259933472, "dvar2": 542.720275879, "max": 1300.39941406, "mean": 14.7402229309, "median": 5.53746032715, "min": -1.90418386459, "var": 4473.19921875}, "melbands_skewness": {"dmean": 0.507821798325, "dmean2": 0.758147597313, "dvar": 0.413551956415, "dvar2": 0.918350696564, "max": 28.322561264, "mean": 1.78156971931, "median": 1.52102231979, "min": -3.59008193016, "var": 3.75593852997}, "melbands_spread": {"dmean": 4.2478222847, "dmean2": 6.28599596024, "dvar": 127.013328552, "dvar2": 246.893554688, "max": 238.573562622, "mean": 16.3776111603, "median": 9.80082321167, "min": 0.172955796123, "var": 609.069519043}, "mfcc": {"cov": [[10540.5654297, -168.752593994, -884.526672363, -332.897003174, -616.061279297, -5.2941031456, -202.755889893, 246.260787964, -198.820922852, -86.3363189697, -36.6590919495, -318.110900879, -216.325424194], [-168.752593994, 2736.03637695, 176.715942383, -5.05834341049, 254.071426392, -129.567474365, -71.3100891113, -125.164390564, 56.8003425598, -87.1298217773, -16.4121704102, 118.948905945, 32.7505683899], [-884.526672363, 176.715942383, 892.50958252, 124.623817444, 119.088722229, 78.4203262329, -12.6912622452, 22.367275238, 59.4636459351, -13.0129871368, -18.2622699738, 77.2626190186, 37.6564254761], [-332.897003174, -5.05834341049, 124.623817444, 502.442260742, 194.185272217, -23.1360149384, -20.7297401428, -65.5177078247, 39.3371429443, -11.2841129303, -47.0849304199, 23.0312042236, 64.3001251221], [-616.061279297, 254.071426392, 119.088722229, 194.185272217, 365.265777588, 12.7797384262, -27.9085559845, -75.2306976318, 44.740524292, 37.3947982788, 1.04446673393, 50.5149307251, 36.7574005127], [-5.2941031456, -129.567474365, 78.4203262329, -23.1360149384, 12.7797384262, 222.365737915, 86.339050293, 30.6438426971, -3.69426083565, 18.7352848053, 31.3888702393, -10.5340642929, -15.6418428421], [-202.755889893, -71.3100891113, -12.6912622452, -20.7297401428, -27.9085559845, 86.339050293, 210.510910034, 38.8489952087, -3.31931495667, 4.56962919235, 9.23429965973, 0.120879143476, -7.10852861404], [246.260787964, -125.164390564, 22.367275238, -65.5177078247, -75.2306976318, 30.6438426971, 38.8489952087, 229.91809082, 1.8650534153, -11.7966489792, 30.3053417206, -29.213804245, -25.6556968689], [-198.820922852, 56.8003425598, 59.4636459351, 39.3371429443, 44.740524292, -3.69426083565, -3.31931495667, 1.8650534153, 172.20980835, 42.7624740601, -11.6331520081, 22.8297595978, -11.5826940536], [-86.3363189697, -87.1298217773, -13.0129871368, -11.2841129303, 37.3947982788, 18.7352848053, 4.56962919235, -11.7966489792, 42.7624740601, 182.126922607, 69.928565979, 2.71482515335, -23.3946781158], [-36.6590919495, -16.4121704102, -18.2622699738, -47.0849304199, 1.04446673393, 31.3888702393, 9.23429965973, 30.3053417206, -11.6331520081, 69.928565979, 170.930770874, 35.2589874268, -28.9934654236], [-318.110900879, 118.948905945, 77.2626190186, 23.0312042236, 50.5149307251, -10.5340642929, 0.120879143476, -29.213804245, 22.8297595978, 2.71482515335, 35.2589874268, 142.158828735, 34.4893760681], [-216.325424194, 32.7505683899, 37.6564254761, 64.3001251221, 36.7574005127, -15.6418428421, -7.10852861404, -25.6556968689, -11.5826940536, -23.3946781158, -28.9934654236, 34.4893760681, 136.870788574]], "icov": [[0.00012742744002, -3.09772731271e-05, 0.000114273287181, -5.03684095747e-05, 0.000188350008102, -0.000133563822601, 0.000219223074964, -0.000122514087707, 8.90046212589e-05, -2.23625611397e-05, 7.18060764484e-05, 9.44485291257e-05, 0.000118730975373], [-3.09772731271e-05, 0.000454825320048, -0.00010417989688, 0.000229175042477, -0.000429577630712, 0.000336168188369, -9.67079395195e-05, 0.000205481803278, -0.000165981429745, 0.000371616362827, -0.000128834028146, -0.00016230509209, 1.35650816446e-05], [0.000114273287181, -0.00010417989688, 0.00146566785406, -0.000298607628793, 1.93108644453e-05, -0.000847340212204, 0.000559073116165, -0.000519809371326, -0.000161808813573, 1.06484649223e-05, 0.00043229048606, -0.000668644497637, 2.03466643143e-05], [-5.03684095747e-05, 0.000229175042477, -0.000298607628793, 0.0028711897321, -0.00157264166046, 0.000556373852305, -0.000277335871942, 0.000432936125435, -0.000479034235468, 0.000471890205517, 0.00018237963377, 0.000310313305818, -0.000847906747367], [0.000188350008102, -0.000429577630712, 1.93108644453e-05, -0.00157264166046, 0.00459421845153, -0.0010352114914, 0.00084199901903, 0.000463058997411, -0.000159492381499, -0.00105405959766, 0.000114452821435, -0.000543065892998, -0.000120181430248], [-0.000133563822601, 0.000336168188369, -0.000847340212204, 0.000556373852305, -0.0010352114914, 0.0063545498997, -0.00272782938555, 0.000141474447446, 1.06267298179e-05, 0.000171984545887, -0.00121530389879, 0.000930675014388, 0.000107616906462], [0.000219223074964, -9.67079395195e-05, 0.000559073116165, -0.000277335871942, 0.00084199901903, -0.00272782938555, 0.00634238542989, -0.00101846293546, 0.000235788946156, -0.000311838899506, 0.000671007088386, -0.000655335141346, 0.000220654110308], [-0.000122514087707, 0.000205481803278, -0.000519809371326, 0.000432936125435, 0.000463058997411, 0.000141474447446, -0.00101846293546, 0.00552413333207, -0.000893347372767, 0.0011437209323, -0.00168852508068, 0.00128648884129, 9.24063169805e-06], [8.90046212589e-05, -0.000165981429745, -0.000161808813573, -0.000479034235468, -0.000159492381499, 1.06267298179e-05, 0.000235788946156, -0.000893347372767, 0.00721243675798, -0.0023801557254, 0.00201790756546, -0.00156711193267, 0.00136465765536], [-2.23625611397e-05, 0.000371616362827, 1.06484649223e-05, 0.000471890205517, -0.00105405959766, 0.000171984545887, -0.000311838899506, 0.0011437209323, -0.0023801557254, 0.00795262865722, -0.00369263370521, 0.00127555802464, 0.000206283526495], [7.18060764484e-05, -0.000128834028146, 0.00043229048606, 0.00018237963377, 0.000114452821435, -0.00121530389879, 0.000671007088386, -0.00168852508068, 0.00201790756546, -0.00369263370521, 0.00909849163145, -0.00342571572401, 0.00181859673467], [9.44485291257e-05, -0.00016230509209, -0.000668644497637, 0.000310313305818, -0.000543065892998, 0.000930675014388, -0.000655335141346, 0.00128648884129, -0.00156711193267, 0.00127555802464, -0.00342571572401, 0.00989227183163, -0.00244736322202], [0.000118730975373, 1.35650816446e-05, 2.03466643143e-05, -0.000847906747367, -0.000120181430248, 0.000107616906462, 0.000220654110308, 9.24063169805e-06, 0.00136465765536, 0.000206283526495, 0.00181859673467, -0.00244736322202, 0.00909375119954]], "mean": [-729.470092773, 163.894012451, 18.3575553894, 11.5821828842, 3.38480830193, 2.01252245903, -10.3551130295, 2.62927079201, -1.7693644762, -0.41276884079, 1.43286204338, 2.92065906525, 2.62147092819]}, "pitch_salience": {"dmean": 0.0566057823598, "dmean2": 0.0885785371065, "dvar": 0.00317315338179, "dvar2": 0.00761115504429, "max": 0.867361605167, "mean": 0.555673658848, "median": 0.574340164661, "min": 0.099051810801, "var": 0.0181887447834}, "silence_rate_20dB": {"dmean": 0, "dmean2": 0, "dvar": 0, "dvar2": 0, "max": 1, "mean": 1, "median": 1, "min": 1, "var": 0}, "silence_rate_30dB": {"dmean": 0.00223776232451, "dmean2": 0.00447615049779, "dvar": 0.00223271315917, "dvar2": 0.00557528436184, "max": 1, "mean": 0.996783673763, "median": 1, "min": 0, "var": 0.00320594478399}, "silence_rate_60dB": {"dmean": 0.0198601391166, "dmean2": 0.0397258363664, "dvar": 0.0194670185447, "dvar2": 0.0426238924265, "max": 1, "mean": 0.0756537541747, "median": 0, "min": 0, "var": 0.0699305087328}, "spectral_centroid": {"dmean": 135.783782959, "dmean2": 196.707763672, "dvar": 112228.65625, "dvar2": 207709.265625, "max": 11746.9580078, "mean": 935.116821289, "median": 585.125732422, "min": 135.653900146, "var": 2167614.75}, "spectral_complexity": {"dmean": 1.63160836697, "dmean2": 2.54329276085, "dvar": 3.75991725922, "dvar2": 7.84643507004, "max": 41, "mean": 10.7927560806, "median": 10, "min": 0, "var": 29.0774288177}, "spectral_contrast_coeffs": {"dmean": [0.0379433780909, 0.0420255549252, 0.0367133133113, 0.0303794592619, 0.0230534821749, 0.0170131549239], "dmean2": [0.0618475228548, 0.0659189298749, 0.0581025667489, 0.046960093081, 0.0358025617898, 0.0257803592831], "dvar": [0.001191970543, 0.00157929048873, 0.00110390374903, 0.000712530279998, 0.00042600845336, 0.000281714164885], "dvar2": [0.00305075175129, 0.00357085163705, 0.0024862412829, 0.00156254612375, 0.000931035145186, 0.000613303738646], "max": [-0.324744522572, -0.29478213191, -0.386938720942, -0.46463522315, -0.566071152687, -0.59422403574], "mean": [-0.675973594189, -0.653092324734, -0.701177656651, -0.749597609043, -0.784699738026, -0.799248814583], "median": [-0.681114375591, -0.65322548151, -0.705410182476, -0.752447128296, -0.785886764526, -0.800871133804], "min": [-0.981024801731, -0.991252601147, -0.985880315304, -0.97553050518, -0.96841186285, -0.964452564716], "var": [0.00741905998439, 0.00970425270498, 0.0076273563318, 0.00516389589757, 0.00362478452735, 0.00267642037943]}, "spectral_contrast_valleys": {"dmean": [0.316259294748, 0.33316463232, 0.345463603735, 0.307793527842, 0.288532733917, 0.287785291672], "dmean2": [0.504841923714, 0.530923247337, 0.550961077213, 0.480842709541, 0.419474720955, 0.381350547075], "dvar": [0.126663938165, 0.122834555805, 0.122309595346, 0.108963631094, 0.111445493996, 0.139832258224], "dvar2": [0.258025825024, 0.255911439657, 0.260426968336, 0.212984696031, 0.188960000873, 0.200673088431], "max": [-5.17928266525, -4.48567199707, -5.16652107239, -6.14720916748, -5.78238677979, -7.37594175339], "mean": [-7.63228368759, -7.50466012955, -8.60268783569, -9.17552471161, -9.39140605927, -11.4591112137], "median": [-7.05753040314, -7.04166793823, -8.29450035095, -8.82595157623, -8.99956703186, -11.1868076324], "min": [-28.2217578888, -28.3298568726, -27.7730026245, -27.69896698, -27.5432720184, -27.3772716522], "var": [8.06556797028, 8.21280384064, 7.62378072739, 7.11151695251, 7.00595474243, 5.76831626892]}, "spectral_decrease": {"dmean": 1.41838418788e-09, "dmean2": 2.03239736152e-09, "dvar": 4.91474861699e-18, "dvar2": 9.8228367757e-18, "max": 2.35009795905e-28, "mean": -5.63234525686e-09, "median": -4.26205915005e-09, "min": -4.4548599476e-08, "var": 2.33205309561e-17}, "spectral_energy": {"dmean": 0.0056523643434, "dmean2": 0.00808352418244, "dvar": 7.74143773015e-05, "dvar2": 0.000154702589498, "max": 0.178322449327, "mean": 0.0225109383464, "median": 0.0169404614717, "min": 9.94668126827e-21, "var": 0.000376780080842}, "spectral_energyband_high": {"dmean": 0.000182446776307, "dmean2": 0.000267727475148, "dvar": 1.42297312777e-06, "dvar2": 3.17150829687e-06, "max": 0.0420969091356, "mean": 0.000283419154584, "median": 3.47449858964e-05, "min": 6.94559649671e-21, "var": 1.92498487195e-06}, "spectral_energyband_low": {"dmean": 0.00163288065232, "dmean2": 0.00263083120808, "dvar": 1.83500833373e-05, "dvar2": 4.39078794443e-05, "max": 0.0627225637436, "mean": 0.00433862954378, "median": 0.00297776120715, "min": 1.18438203692e-23, "var": 2.64741483988e-05}, "spectral_energyband_middle_high": {"dmean": 0.00145551841706, "dmean2": 0.00198343303055, "dvar": 1.71072751982e-05, "dvar2": 3.04346158373e-05, "max": 0.129005208611, "mean": 0.00446185143664, "median": 0.00106411462184, "min": 1.18758568941e-21, "var": 0.000100636309071}, "spectral_energyband_middle_low": {"dmean": 0.00411672750488, "dmean2": 0.00599855883047, "dvar": 4.85710916109e-05, "dvar2": 0.000101917263237, "max": 0.173359364271, "mean": 0.0141060426831, "median": 0.00999554991722, "min": 1.65556193451e-22, "var": 0.000206324955798}, "spectral_entropy": {"dmean": 0.194021493196, "dmean2": 0.272031009197, "dvar": 0.0527149327099, "dvar2": 0.0896078422666, "max": 9.82571983337, "mean": 6.75209617615, "median": 6.71998786926, "min": 4.67267990112, "var": 0.62179172039}, "spectral_flux": {"dmean": 0.0194317735732, "dmean2": 0.0303489938378, "dvar": 0.000664332008455, "dvar2": 0.00156440050341, "max": 0.332020282745, "mean": 0.0549291074276, "median": 0.045045081526, "min": 6.37492142408e-11, "var": 0.0017079540994}, "spectral_kurtosis": {"dmean": 3.92702150345, "dmean2": 6.32011890411, "dvar": 27.3758583069, "dvar2": 66.4177017212, "max": 114.447952271, "mean": 13.4343109131, "median": 9.25160694122, "min": -1.25868141651, "var": 175.129440308}, "spectral_rms": {"dmean": 0.000552224635612, "dmean2": 0.000775874534156, "dvar": 5.15972089943e-07, "dvar2": 9.53586663854e-07, "max": 0.0131898866966, "mean": 0.00425739772618, "median": 0.0040653757751, "min": 3.11513705456e-12, "var": 3.83636552215e-06}, "spectral_rolloff": {"dmean": 240.913772583, "dmean2": 401.816925049, "dvar": 663817.9375, "dvar2": 1289358.25, "max": 20155.078125, "mean": 1237.09399414, "median": 581.396484375, "min": 43.06640625, "var": 7061675.5}, "spectral_skewness": {"dmean": 0.373957365751, "dmean2": 0.568596363068, "dvar": 0.17024102807, "dvar2": 0.359235465527, "max": 9.1917591095, "mean": 2.69945144653, "median": 2.50381350517, "min": -0.0922294780612, "var": 1.66858863831}, "spectral_spread": {"dmean": 517248.5625, "dmean2": 762978.25, "dvar": 704931823616,