{"lowlevel": {"average_loudness": 0.852212607861, "barkbands": {"dmean": [9.77377840172e-06, 0.000490424048621, 0.000424254569225, 0.000463105505332, 0.000827438896522, 0.00112958718091, 0.00084594351938, 0.000603945343755, 0.00142484146636, 0.000888390350156, 0.00033689304837, 0.000406058970839, 0.000383414095268, 0.000389177701436, 0.000221101698116, 0.000120787895867, 0.000138559669722, 9.90002226899e-05, 6.30457434454e-05, 6.39638237772e-05, 1.63653803611e-05, 1.67081416294e-05, 1.4847755665e-05, 5.73248416913e-06, 6.23192272542e-06, 2.27947725762e-06, 4.82382915834e-07], "dmean2": [1.71809933818e-05, 0.000778340792749, 0.000631285773125, 0.000722900731489, 0.00127317325678, 0.00165170850232, 0.00126741745044, 0.000890826690011, 0.00214878981933, 0.00133418908808, 0.000523026450537, 0.00059927633265, 0.00054725073278, 0.000531187979504, 0.00029125213041, 0.000174036016688, 0.000202159106266, 0.000146251099068, 9.56707226578e-05, 9.35880671022e-05, 2.49913791777e-05, 2.42701971729e-05, 2.14045521716e-05, 8.42944064061e-06, 9.53960170591e-06, 3.54838675776e-06, 8.1498126292e-07], "dvar": [4.8762510696e-10, 1.07453934106e-06, 1.06646291442e-06, 7.90120509464e-07, 2.01208717954e-06, 4.92982690048e-06, 3.5468817714e-06, 2.51698861575e-06, 1.33207977342e-05, 6.80063340042e-06, 1.17062256777e-06, 1.00990962437e-06, 1.61017408118e-06, 2.40431359089e-06, 7.60152829571e-07, 1.31737692755e-07, 1.12283984777e-07, 5.66648523659e-08, 1.81913257791e-08, 2.40795454687e-08, 1.15867515582e-09, 3.52224138744e-09, 5.2477608925e-09, 2.22425855512e-10, 3.31055599601e-10, 4.50251329276e-11, 3.62488424693e-12], "dvar2": [1.441886055e-09, 2.60137289843e-06, 2.1465541522e-06, 1.99850023819e-06, 4.69542874271e-06, 9.93329103949e-06, 7.90052126831e-06, 5.06233527631e-06, 2.98334907711e-05, 1.47461987581e-05, 2.9056443509e-06, 2.08992537409e-06, 2.85339001493e-06, 4.54588007415e-06, 1.25938277051e-06, 2.61627633336e-07, 2.26407095738e-07, 1.12713770761e-07, 4.14313170438e-08, 4.81251731799e-08, 2.59834131988e-09, 7.39928607274e-09, 9.60284474161e-09, 4.95947449775e-10, 7.74088237954e-10, 1.05525872762e-10, 9.33670155079e-12], "max": [0.000514043844305, 0.0169548485428, 0.0265471078455, 0.0188281740993, 0.0493125095963, 0.0607954673469, 0.0485420636833, 0.0396202094853, 0.0614198148251, 0.0612951740623, 0.0292089022696, 0.0375146083534, 0.0558897480369, 0.0568581819534, 0.0399361327291, 0.0129295717925, 0.0101862363517, 0.00698553444818, 0.00312544871122, 0.00433123297989, 0.000681102799717, 0.00248747994192, 0.00287817046046, 0.000411275948863, 0.000245165341767, 8.27368276077e-05, 2.96435991913e-05], "mean": [1.26091144921e-05, 0.000915066339076, 0.000733919499908, 0.000974233436864, 0.00181270833127, 0.00248992000706, 0.00164170772769, 0.0011729716789, 0.00270242313854, 0.0018878687406, 0.000624727981631, 0.000855491845869, 0.000797679298557, 0.000783988565672, 0.000441419630079, 0.000230576377362, 0.000309526338242, 0.000223690018174, 0.000142667267937, 0.000149626241182, 3.32992349286e-05, 3.3326279663e-05, 3.036103044e-05, 1.02881103885e-05, 9.08614129003e-06, 3.07821051138e-06, 4.47307940021e-07], "median": [7.95041341917e-06, 0.000221641617827, 0.000202572235139, 0.000227646320127, 0.000997708528303, 0.000832851335872, 0.000595080200583, 0.000233104627114, 0.000361955841072, 0.000201754446607, 0.000133049441501, 0.000170822109794, 0.000129111096612, 7.43276104913e-05, 5.27802912984e-05, 6.11221548752e-05, 8.89649454621e-05, 5.45382354176e-05, 5.21146903338e-05, 3.93787631765e-05, 1.30497246573e-05, 1.16542332762e-05, 8.75994737726e-06, 3.58385113941e-06, 2.56088810602e-06, 7.81106905379e-07, 1.01406925523e-07], "min": [3.19583550804e-23, 3.65697298543e-23, 8.20140975607e-24, 7.52536463777e-24, 1.05225499815e-22, 1.08405896684e-22, 1.47583001157e-22, 4.80728143773e-23, 1.00758382457e-22, 9.5453778808e-23, 3.93051523748e-23, 4.85630788081e-23, 1.8429846833e-22, 1.68582125044e-22, 9.82554530228e-23, 2.90698020364e-22, 1.48087644944e-22, 2.28089323626e-22, 3.1617827809e-22, 3.56401853885e-22, 4.2918834567e-22, 5.11900449448e-22, 6.50082374316e-22, 8.15526120379e-22, 1.19634499895e-21, 1.35937238202e-21, 2.91384872088e-21], "var": [4.43214992485e-10, 2.44029160967e-06, 2.85670330413e-06, 3.31595015268e-06, 7.84635358286e-06, 2.01578641281e-05, 9.38372522796e-06, 9.21628270589e-06, 4.06445396948e-05, 2.4930905056e-05, 2.71187695944e-06, 5.56761233383e-06, 7.01248063706e-06, 8.48630588735e-06, 2.9507311865e-06, 3.96778602862e-07, 4.05934940773e-07, 2.20694630571e-07, 5.85398645114e-08, 1.02385570244e-07, 3.19570125917e-09, 7.26833082609e-09, 1.30529560494e-08, 3.74045572293e-10, 3.83092252365e-10, 5.07563123475e-11, 2.73338600018e-12]}, "barkbands_crest": {"dmean": 2.50984954834, "dmean2": 4.076420784, "dvar": 4.78716373444, "dvar2": 11.8158006668, "max": 26.3012371063, "mean": 10.7395925522, "median": 10.1098842621, "min": 3.22245287895, "var": 15.7938203812}, "barkbands_flatness_db": {"dmean": 0.0198759846389, "dmean2": 0.0291321258992, "dvar": 0.000360229983926, "dvar2": 0.000758358568419, "max": 0.368952214718, "mean": 0.167266950011, "median": 0.163993388414, "min": 0.0348521023989, "var": 0.00246662762947}, "barkbands_kurtosis": {"dmean": 2.72461986542, "dmean2": 4.33403635025, "dvar": 51.3071479797, "dvar2": 164.325531006, "max": 266.879943848, "mean": 5.14076662064, "median": 2.52892923355, "min": -1.86591267586, "var": 98.166343689}, "barkbands_skewness": {"dmean": 0.437710940838, "dmean2": 0.672433197498, "dvar": 0.227483034134, "dvar2": 0.601123571396, "max": 14.9072446823, "mean": 1.39269125462, "median": 1.23400449753, "min": -1.9858597517, "var": 1.44965088367}, "barkbands_spread": {"dmean": 3.27434968948, "dmean2": 4.99485731125, "dvar": 19.2263660431, "dvar2": 38.9582595825, "max": 129.314956665, "mean": 13.3839616776, "median": 11.2167711258, "min": 0.471681833267, "var": 88.1049118042}, "dissonance": {"dmean": 0.025955947116, "dmean2": 0.043541520834, "dvar": 0.000588174792938, "dvar2": 0.00158134358935, "max": 0.500000238419, "mean": 0.439622700214, "median": 0.447075098753, "min": 0.152180880308, "var": 0.00152215571143}, "dynamic_complexity": 4.04151964188, "erbbands": {"dmean": [0.0104059977457, 0.127758905292, 0.473516345024, 0.955063343048, 2.46074342728, 2.70836091042, 5.95889568329, 9.18075275421, 11.7371616364, 10.9428987503, 18.4564342499, 28.7605819702, 29.8742523193, 18.5118103027, 13.3156337738, 13.9963951111, 16.2961463928, 17.8935546875, 11.4713830948, 9.44891548157, 6.75013303757, 6.94643306732, 5.75295543671, 2.38248562813, 4.04736804962, 2.44677710533, 0.772147297859, 0.5767801404, 0.503832995892, 0.661708474159, 0.379109531641, 0.143614768982, 0.0910779461265, 0.0747030824423, 0.0418326631188, 0.0140760503709, 0.00336528336629, 0.000780163041782, 8.22332513053e-05, 7.43827013139e-06], "dmean2": [0.0176033210009, 0.19905821979, 0.697023272514, 1.45434570313, 3.91445016861, 4.12536382675, 8.94671535492, 13.1333627701, 17.7136497498, 16.4509983063, 27.1515750885, 43.2490730286, 42.8100128174, 27.7276039124, 19.9794654846, 20.5540943146, 22.7839851379, 23.9768867493, 15.1341114044, 12.5298862457, 9.71987819672, 10.0099811554, 8.34761428833, 3.6177444458, 5.70569229126, 3.47045922279, 1.17964839935, 0.875287950039, 0.734186172485, 0.94052273035, 0.544615149498, 0.207254290581, 0.137804970145, 0.113626465201, 0.0646889805794, 0.0218045450747, 0.00523539073765, 0.00125314027537, 0.000141263430123, 1.11612316687e-05], "dvar": [0.000531521684024, 0.074379555881, 1.37899172306, 2.86604166031, 21.5623435974, 25.9405078888, 143.235900879, 384.526794434, 826.48046875, 936.799621582, 1895.53100586, 6381.61181641, 7065.79736328, 3240.87207031, 876.803771973, 1603.32775879, 2849.57104492, 4788.953125, 1634.56689453, 1389.96252441, 380.27456665, 209.532241821, 179.991012573, 19.0292854309, 90.1292114258, 27.3511829376, 2.24969506264, 2.20799446106, 3.25517582893, 7.29377841949, 3.9445002079, 0.241897508502, 0.0547936819494, 0.0442349985242, 0.0155515009537, 0.00162924046163, 0.000101678684587, 6.80606672177e-06, 1.23233576232e-07, 1.98376676197e-10], "dvar2": [0.00137469475158, 0.174232587218, 2.64790630341, 6.89883947372, 54.5888214111, 60.4047546387, 316.930175781, 678.146118164, 1920.30847168, 2156.82250977, 4163.34814453, 14688.8134766, 14892.4023438, 7035.24365234, 1832.90246582, 3464.84375, 5076.75488281, 8918.92675781, 3309.08154297, 2292.32714844, 732.461303711, 392.919219971, 363.318664551, 40.8470535278, 170.283782959, 50.8060531616, 5.06147193909, 5.07490491867, 6.75250482559, 14.017083168, 7.23294591904, 0.497910022736, 0.124567188323, 0.102116897702, 0.0372545048594, 0.00385348219424, 0.000237411251874, 1.64265420608e-05, 3.24745798252e-07, 4.96273355743e-10], "max": [0.379230290651, 5.06535339355, 31.3576831818, 36.6366081238, 120.227035522, 209.96862793, 307.73614502, 656.781860352, 865.366699219, 890.448364258, 917.02331543, 1971.47387695, 1902.87011719, 1601.70703125, 710.623168945, 1912.55224609, 2789.34228516, 3181.19042969, 1128.40808105, 1790.15283203, 810.464111328, 419.400299072, 366.343933105, 85.9149551392, 351.34173584, 131.639953613, 37.2430343628, 36.6889572144, 74.9199752808, 96.9593963623, 86.1354446411, 21.532251358, 3.47108316422, 2.50532650948, 1.8758251667, 0.616657912731, 0.100878290832, 0.0307191554457, 0.00521112652496, 0.000234662467847], "mean": [0.0170755442232, 0.242642402649, 0.871489524841, 2.13163614273, 4.9453086853, 5.99774980545, 13.144821167, 20.2349262238, 23.7324256897, 21.4036006927, 36.5395698547, 56.1749420166, 64.066078186, 40.3523750305, 28.8778095245, 33.0003166199, 36.1076202393, 40.0815315247, 25.7007408142, 19.9169712067, 14.8985786438, 17.774728775, 14.3035507202, 6.00561475754, 10.2133750916, 6.30711650848, 1.68799984455, 1.19715261459, 0.996314704418, 1.40381479263, 0.746087014675, 0.26505625248, 0.151549756527, 0.114975452423, 0.0583943463862, 0.0196292027831, 0.0044557643123, 0.000905636581592, 7.84266885603e-05, 2.47755669989e-05], "median": [0.00418338738382, 0.0591572783887, 0.277874410152, 0.727088391781, 2.35755968094, 3.24907445908, 5.07993268967, 6.93194580078, 8.21940231323, 8.20265483856, 8.45697116852, 8.20279884338, 8.42087650299, 7.69242095947, 8.91749477386, 7.19288444519, 6.77379798889, 4.18795061111, 3.16411089897, 3.31435728073, 4.32718753815, 5.52810192108, 3.9777545929, 2.64628195763, 2.78844642639, 1.93554866314, 0.746708214283, 0.434848606586, 0.40765106678, 0.394576668739, 0.220844238997, 0.0940422266722, 0.0488721579313, 0.0316513478756, 0.01609804295, 0.00510891107842, 0.00116777897347, 0.000254739483353, 2.06760123547e-05, 1.78143563971e-05], "min": [2.04027692768e-21, 4.52055699178e-21, 1.25340206372e-20, 1.54401549295e-20, 1.45452459962e-19, 5.09810798562e-19, 4.22017855002e-19, 1.19160743912e-18, 1.7426455915e-18, 1.92808108006e-18, 1.62224986693e-18, 2.08863332144e-18, 2.69763015818e-18, 1.99448982798e-18, 1.98231269538e-18, 2.47073513655e-18, 7.84615966183e-18, 9.46850817005e-18, 3.99007484308e-18, 8.47473338212e-18, 1.65288222617e-17, 9.51180693921e-18, 8.0482771086e-18, 2.35920960056e-17, 1.30379124544e-17, 1.47472026081e-17, 1.95751448236e-17, 1.72253397703e-17, 1.6339295331e-17, 1.88500432618e-17, 1.87780140284e-17, 1.62759002089e-17, 1.43812182004e-17, 1.33076022854e-17, 8.87764974978e-18, 5.19427114395e-18, 2.41442502314e-18, 1.24465980508e-18, 4.31241306573e-19, 4.18715659524e-20], "var": [0.00108236155938, 0.178017675877, 3.93547725677, 12.5650587082, 59.6844520569, 109.775474548, 573.461975098, 1577.70324707, 2204.10327148, 2106.67480469, 6051.24414063, 19477.2636719, 24397.9492188, 11386.2109375, 3209.66259766, 10028.2753906, 12722.9189453, 21192.03125, 5868.85986328, 5377.1171875, 1431.49047852, 1094.78356934, 747.971374512, 78.1778335571, 401.278259277, 144.122070313, 6.95032548904, 5.68004798889, 6.30277490616, 18.65259552, 9.01599979401, 0.464187443256, 0.0809390693903, 0.0568726807833, 0.0168564170599, 0.00189497589599, 0.00011138337868, 6.21756998953e-06, 8.78861285969e-08, 4.82693107706e-10]}, "erbbands_crest": {"dmean": 2.79170370102, "dmean2": 4.43896532059, "dvar": 6.28677892685, "dvar2": 15.6984872818, "max": 29.8660583496, "mean": 11.0871181488, "median": 10.1333246231, "min": 2.7639195919, "var": 21.5234489441}, "erbbands_flatness_db": {"dmean": 0.0190979260951, "dmean2": 0.0265204701573, "dvar": 0.000347420718754, "dvar2": 0.000624109641649, "max": 0.414987295866, "mean": 0.204183682799, "median": 0.20090675354, "min": 0.0318244844675, "var": 0.00284234876744}, "erbbands_kurtosis": {"dmean": 1.2406014204, "dmean2": 1.91424548626, "dvar": 3.67990732193, "dvar2": 8.38488578796, "max": 78.3367080688, "mean": 1.49416196346, "median": 0.461092799902, "min": -1.85062861443, "var": 12.5445699692}, "erbbands_skewness": {"dmean": 0.370895832777, "dmean2": 0.566652178764, "dvar": 0.122029550374, "dvar2": 0.279940754175, "max": 6.76099729538, "mean": 0.746923089027, "median": 0.677597045898, "min": -2.49304962158, "var": 0.67325347662}, "erbbands_spread": {"dmean": 5.50486326218, "dmean2": 8.20405197144, "dvar": 44.1863822937, "dvar2": 93.8383483887, "max": 144.319793701, "mean": 26.921579361, "median": 24.529094696, "min": 1.0592045784, "var": 234.094009399}, "gfcc": {"cov": [[6934.88720703, -387.946624756, -1476.18481445, 79.9063110352, -482.829742432, 75.9724197388, -222.282562256, 92.6162872314, -144.643463135, -113.601608276, -183.564819336, -164.662704468, -72.8398513794], [-387.946624756, 1001.98413086, 165.474655151, -134.695053101, 217.220855713, -178.977005005, 83.7905731201, -78.420539856, 94.1337966919, -78.1940994263, 91.5590667725, -50.5357017517, -5.02201032639], [-1476.18481445, 165.474655151, 1233.77587891, 311.912506104, 102.080291748, 80.618270874, -85.5057525635, -42.9454421997, -41.8454475403, 137.883087158, 55.7825317383, 135.298522949, 48.0833053589], [79.9063110352, -134.695053101, 311.912506104, 552.005371094, 45.2472953796, -9.23942661285, -144.079879761, -31.9680709839, 22.0044078827, 58.1873703003, 25.02775383, 71.8656234741, 21.5124797821], [-482.829742432, 217.220855713, 102.080291748, 45.2472953796, 249.805175781, -23.0438652039, 42.2467842102, 6.67250680923, 49.9694862366, 16.3643817902, 28.1168479919, -2.34459352493, 0.275679171085], [75.9724197388, -178.977005005, 80.618270874, -9.23942661285, -23.0438652039, 271.616455078, 112.821578979, 51.5887489319, -50.0118408203, 43.2847938538, -13.4263973236, 25.2545089722, 3.20423221588], [-222.282562256, 83.7905731201, -85.5057525635, -144.079879761, 42.2467842102, 112.821578979, 280.927459717, 81.3046264648, -5.9711151123, -31.4697761536, 5.16932916641, -3.38409018517, -14.5965633392], [92.6162872314, -78.420539856, -42.9454421997, -31.9680709839, 6.67250680923, 51.5887489319, 81.3046264648, 158.115478516, 21.6860942841, 0.0606812648475, -27.7426071167, -0.396150708199, -0.609680950642], [-144.643463135, 94.1337966919, -41.8454475403, 22.0044078827, 49.9694862366, -50.0118408203, -5.9711151123, 21.6860942841, 153.187561035, 23.7692871094, 2.18166732788, -30.4041213989, -7.71816492081], [-113.601608276, -78.1940994263, 137.883087158, 58.1873703003, 16.3643817902, 43.2847938538, -31.4697761536, 0.0606812648475, 23.7692871094, 133.066207886, 20.7787361145, 10.9004850388, 1.84871172905], [-183.564819336, 91.5590667725, 55.7825317383, 25.02775383, 28.1168479919, -13.4263973236, 5.16932916641, -27.7426071167, 2.18166732788, 20.7787361145, 109.839378357, 39.0873222351, -10.5803947449], [-164.662704468, -50.5357017517, 135.298522949, 71.8656234741, -2.34459352493, 25.2545089722, -3.38409018517, -0.396150708199, -30.4041213989, 10.9004850388, 39.0873222351, 116.215431213, 34.1942977905], [-72.8398513794, -5.02201032639, 48.0833053589, 21.5124797821, 0.275679171085, 3.20423221588, -14.5965633392, -0.609680950642, -7.71816492081, 1.84871172905, -10.5803947449, 34.1942977905, 77.9921035767]], "icov": [[0.000382493250072, -0.000570266740397, 0.000728109211195, -0.000527274911292, 0.000691873778123, -0.000580764317419, 0.000699447002262, -0.000610875315033, 0.000741763098631, -0.000482021743665, 0.000596266123466, -0.000146566875628, 0.000394576665713], [-0.000570266740397, 0.00327106448822, -0.001908565755, 0.0015225430252, -0.00232879351825, 0.00206823460758, -0.00205710274167, 0.00203293701634, -0.00227839243598, 0.00259310100228, -0.00287565100007, 0.0019240307156, -0.00153171853162], [0.000728109211195, -0.001908565755, 0.0028661834076, -0.00164107710589, 0.00124464381952, -0.00171113642864, 0.00182066811249, -0.00132152624428, 0.00222222926095, -0.00248323031701, 0.00193726574071, -0.00179708562791, 0.00096852844581], [-0.000527274911292, 0.0015225430252, -0.00164107710589, 0.00358413346112, -0.00185534916818, 0.000727418926544, 0.000219899680815, 0.00111553142779, -0.00202992395498, 0.00124729331583, -0.0013094941387, -0.000645529245958, -0.000469787948532], [0.000691873778123, -0.00232879351825, 0.00124464381952, -0.00185534916818, 0.00700125889853, -0.000824071699753, 0.000211744365515, -0.00163403118495, 0.000679648132063, -0.0020815897733, 0.00107866770122, -0.000185576776857, 0.000620890292339], [-0.000580764317419, 0.00206823460758, -0.00171113642864, 0.000727418926544, -0.000824071699753, 0.00763063831255, -0.0045770034194, 0.000827247917186, 0.000320619117701, -0.00130301737227, -0.000420698081143, 0.000424832163844, -0.000896365090739], [0.000699447002262, -0.00205710274167, 0.00182066811249, 0.000219899680815, 0.000211744365515, -0.0045770034194, 0.00850557070225, -0.00390678830445, 0.00144518131856, 0.000642122933641, 0.000387889973354, -0.00127572845668, 0.00182600319386], [-0.000610875315033, 0.00203293701634, -0.00132152624428, 0.00111553142779, -0.00163403118495, 0.000827247917186, -0.00390678830445, 0.00999598950148, -0.00343430833891, 0.00107992545236, 0.000934524694458, -0.000560843327548, -0.000606605375651], [0.000741763098631, -0.00227839243598, 0.00222222926095, -0.00202992395498, 0.000679648132063, 0.000320619117701, 0.00144518131856, -0.00343430833891, 0.0108579592779, -0.0042710849084, 0.00168035400566, 0.00112108758185, 0.000876166217495], [-0.000482021743665, 0.00259310100228, -0.00248323031701, 0.00124729331583, -0.0020815897733, -0.00130301737227, 0.000642122933641, 0.00107992545236, -0.0042710849084, 0.0128024062142, -0.00473556621, 0.00250678299926, -0.00137440557592], [0.000596266123466, -0.00287565100007, 0.00193726574071, -0.0013094941387, 0.00107866770122, -0.000420698081143, 0.000387889973354, 0.000934524694458, 0.00168035400566, -0.00473556621, 0.0158634074032, -0.00778652261943, 0.00547635834664], [-0.000146566875628, 0.0019240307156, -0.00179708562791, -0.000645529245958, -0.000185576776857, 0.000424832163844, -0.00127572845668, -0.000560843327548, 0.00112108758185, 0.00250678299926, -0.00778652261943, 0.0163772366941, -0.00717206066474], [0.000394576665713, -0.00153171853162, 0.00096852844581, -0.000469787948532, 0.000620890292339, -0.000896365090739, 0.00182600319386, -0.000606605375651, 0.000876166217495, -0.00137440557592, 0.00547635834664, -0.00717206066474, 0.0170024689287]], "mean": [-52.775604248, 117.155944824, -129.448562622, 13.8430585861, -60.6726379395, -1.84804213047, -36.8405723572, 3.91347575188, -24.1781082153, -3.74883151054, -11.8195867538, 0.514459550381, -12.2446556091]}, "hfc": {"dmean": 3.4238049984, "dmean2": 4.46830415726, "dvar": 28.4865932465, "dvar2": 43.9687423706, "max": 125.109046936, "mean": 14.891544342, "median": 8.15082836151, "min": 1.17813203829e-16, "var": 277.725311279}, "melbands": {"dmean": [0.000113241636427, 0.000215122650843, 0.000201663962798, 0.000190619291971, 0.00018273195019, 0.000215386186028, 0.000169487320818, 0.00011898350931, 0.000185783399502, 0.000181700554094, 0.000155333458679, 8.45036556711e-05, 4.5679124014e-05, 4.47480088042e-05, 4.32563501818e-05, 3.47162240359e-05, 3.65301057172e-05, 2.16271128011e-05, 1.80036531674e-05, 8.38426785776e-06, 8.54147856444e-06, 7.96495714894e-06, 8.02066733741e-06, 4.17410865339e-06, 1.8566372546e-06, 2.50465382123e-06, 3.64060610991e-06, 1.26908150833e-06, 5.70482313833e-07, 3.63402733683e-07, 3.41397850434e-07, 2.793404974e-07, 3.91078543771e-07, 3.71717959524e-07, 2.52458249861e-07, 1.30966029133e-07, 7.70752066614e-08, 6.52718057381e-08, 6.43597530825e-08, 6.56625758211e-08], "dmean2": [0.000184119824553, 0.000317331199767, 0.000314397941111, 0.000295211561024, 0.000273128476692, 0.000310606643325, 0.000254820130067, 0.000178022150067, 0.00027890963247, 0.000272784382105, 0.000224902134505, 0.000128393119667, 7.00722666807e-05, 6.61852391204e-05, 6.20969804004e-05, 4.76467866974e-05, 4.92531216878e-05, 2.9152883144e-05, 2.29333963944e-05, 1.20884596981e-05, 1.24834205053e-05, 1.16087367132e-05, 1.17235713333e-05, 6.31203693047e-06, 2.89574404633e-06, 3.70690167983e-06, 5.12930228069e-06, 1.86116346867e-06, 8.90307717327e-07, 5.5958048506e-07, 5.26152462044e-07, 4.14931662363e-07, 5.70950589918e-07, 5.36723405276e-07, 3.66580138689e-07, 1.92439244984e-07, 1.13028683302e-07, 9.96875684223e-08, 9.7224841511e-08, 1.00383651613e-07], "dvar": [5.85933968011e-08, 2.45204773819e-07, 1.12525810891e-07, 1.32842743028e-07, 1.11066121633e-07, 1.85193272273e-07, 1.53703481942e-07, 1.03511737848e-07, 2.0108109311e-07, 2.65149822098e-07, 1.87695150089e-07, 6.96094275554e-08, 1.42278828719e-08, 1.07208757427e-08, 1.47606424861e-08, 1.49605039468e-08, 2.09150350372e-08, 7.21097492828e-09, 6.55630039148e-09, 8.24397661248e-10, 7.2852451849e-10, 3.29542421129e-10, 4.2271952605e-10, 8.27250351554e-11, 1.29523440584e-11, 2.92890885156e-11, 8.51006140556e-11, 7.31741750526e-12, 1.47898902327e-12, 6.95588009934e-13, 1.06907885322e-12, 1.0265772607e-12, 1.94839804013e-12, 2.64210788664e-12, 1.74782649291e-12, 4.27300041054e-13, 3.9682572007e-14, 2.61919494069e-14, 3.26158743839e-14, 3.38176718345e-14], "dvar2": [1.45423896925e-07, 4.82299412852e-07, 2.89107646267e-07, 3.10676000481e-07, 2.44578700404e-07, 3.49040021774e-07, 3.52126193093e-07, 2.32229254493e-07, 4.70689116128e-07, 5.90958450175e-07, 3.91375351683e-07, 1.5408718923e-07, 3.36505117104e-08, 2.13607638244e-08, 2.81501879584e-08, 2.53023877406e-08, 3.84330540726e-08, 1.45819942787e-08, 9.6226084878e-09, 1.90199367367e-09, 1.41486722338e-09, 6.35989316766e-10, 8.83282447184e-10, 1.81437767588e-10, 2.96116013654e-11, 6.00651889338e-11, 1.53888055077e-10, 1.47401466033e-11, 3.41883531034e-12, 1.58191222708e-12, 2.6631581055e-12, 2.30634977262e-12, 3.8551748599e-12, 5.25954757177e-12, 3.27761407425e-12, 8.7148457938e-13, 8.37107618466e-14, 5.98246089169e-14, 7.68820906461e-14, 7.87546297707e-14], "max": [0.0036140801385, 0.0122044086456, 0.00621029315516, 0.0141363851726, 0.00802458729595, 0.0127227213234, 0.0114587582648, 0.00849569961429, 0.00878353975713, 0.0115935029462, 0.00944304373115, 0.00743542797863, 0.00304747698829, 0.00352045171894, 0.00340954517014, 0.00712170777842, 0.00561493542045, 0.00281500304118, 0.00445105182007, 0.00102355680428, 0.00128727965057, 0.000593136297539, 0.000547581468709, 0.000208553974517, 6.82897953084e-05, 0.000138635092299, 0.000320999999531, 6.10669449088e-05, 3.57902608812e-05, 1.7679452867e-05, 2.94638666674e-05, 4.30254913226e-05, 5.18355591339e-05, 6.09074086242e-05, 5.74757650611e-05, 3.28862115566e-05, 5.61314391234e-06, 2.40641770688e-06, 2.51560231845e-06, 2.74138005807e-06], "mean": [0.000207094999496, 0.000410956097767, 0.000445436133305, 0.000419992662501, 0.000411763845477, 0.000483220821479, 0.000341640319675, 0.000227068390814, 0.000351692375261, 0.000351652794052, 0.000327356276102, 0.000175440800376, 9.28042863961e-05, 9.2870395747e-05, 8.91095405677e-05, 7.42303236621e-05, 7.67281962908e-05, 4.38748502347e-05, 3.58599318133e-05, 1.59327137226e-05, 1.77346555574e-05, 1.80177485163e-05, 1.80974566319e-05, 9.0491357696e-06, 4.03540298066e-06, 5.93670301896e-06, 8.90171213541e-06, 2.91117066809e-06, 1.10570692868e-06, 6.81137009906e-07, 6.58058297631e-07, 4.98749500366e-07, 7.64352137139e-07, 7.66589096202e-07, 4.70750563863e-07, 2.30467762208e-07, 1.33199321795e-07, 1.07557568185e-07, 9.56793684281e-08, 9.78954801667e-08], "median": [5.11785183335e-05, 0.000128827872686, 0.000191774233826, 0.000222680333536, 0.000183398195077, 0.000172377345734, 0.000124696511193, 6.86012717779e-05, 6.75898045301e-05, 4.516826084e-05, 3.91186840716e-05, 2.94801338896e-05, 2.75086076726e-05, 1.91370963876e-05, 1.65262099472e-05, 1.08129524961e-05, 7.02652596374e-06, 4.63193282485e-06, 3.79252151106e-06, 3.97515441364e-06, 4.56160114481e-06, 5.03469436808e-06, 3.85856446883e-06, 2.30230466514e-06, 1.67167934251e-06, 2.01568855118e-06, 1.81901828e-06, 8.62682441038e-07, 3.74530316094e-07, 2.14105753571e-07, 2.18015330233e-07, 1.79268468514e-07, 2.24821263828e-07, 1.97384622425e-07, 1.26512489373e-07, 7.41054719811e-08, 4.31602913409e-08, 3.32625234023e-08, 2.59015049409e-08, 2.48612028741e-08], "min": [1.57128754535e-23, 6.27743165078e-24, 3.62474762302e-24, 2.7881285264e-23, 1.55783431148e-23, 2.49394020673e-23, 2.63693512976e-23, 1.72945967888e-23, 1.56641064947e-23, 1.2396674602e-23, 1.38885005039e-23, 8.50045193688e-24, 6.81563910311e-24, 4.62993272669e-24, 9.63964360353e-24, 2.13111641292e-23, 1.76995569568e-23, 6.9002302357e-24, 8.02477433306e-24, 1.65838457349e-23, 1.87778020187e-23, 9.93903446086e-24, 6.26682028831e-24, 9.87009827294e-24, 2.0963350623e-23, 8.98323323316e-24, 1.17013796998e-23, 8.73883308067e-24, 1.25976424396e-23, 9.31102071649e-24, 1.0859222563e-23, 9.77461139353e-24, 8.82156250152e-24, 1.12592728607e-23, 1.15958364216e-23, 8.37825343836e-24, 1.08682589647e-23, 9.45567650727e-24, 9.55886188025e-24, 1.25504646131e-23], "var": [1.28060207771e-07, 6.95946084761e-07, 4.1854553956e-07, 5.51114681002e-07, 4.48955205457e-07, 7.58138924084e-07, 4.10251800531e-07, 2.74227488717e-07, 5.72161980017e-07, 8.50497656302e-07, 6.57670568671e-07, 2.29431449839e-07, 3.93134271803e-08, 5.72988483327e-08, 6.66191510845e-08, 7.90021061903e-08, 8.51193249218e-08, 2.2611969186e-08, 2.60713335365e-08, 1.87064408408e-09, 2.71713251898e-09, 1.36694766617e-09, 1.49897794177e-09, 3.13486153702e-10, 3.97225308202e-11, 1.14149273367e-10, 4.03653110936e-10, 3.05401988421e-11, 4.47333880008e-12, 1.72119328339e-12, 2.15376566408e-12, 1.70011303213e-12, 4.43734372163e-12, 6.64391198307e-12, 3.97640991315e-12, 7.77814011116e-13, 7.37127169742e-14, 4.10195999617e-14, 4.02510463111e-14, 4.35512628565e-14]}, "melbands_crest": {"dmean": 2.91324782372, "dmean2": 4.63539505005, "dvar": 6.69344615936, "dvar2": 16.0256919861, "max": 38.5678482056, "mean": 13.24563694, "median": 12.3689336777, "min": 1.12254357338, "var": 24.1141090393}, "melbands_flatness_db": {"dmean": 0.0221593640745, "dmean2": 0.0322980359197, "dvar": 0.000479915004689, "dvar2": 0.00100743863732, "max": 0.4770373106, "mean": 0.233426854014, "median": 0.226759254932, "min": 2.79751930066e-05, "var": 0.00423384923488}, "melbands_kurtosis": {"dmean": 4.98473882675, "dmean2": 8.03700828552, "dvar": 696.336120605, "dvar2": 2133.33374023, "max": 1329.37011719, "mean": 10.4102392197, "median": 4.98150873184, "min": -1.65168309212, "var": 1333.37438965}, "melbands_skewness": {"dmean": 0.520545840263, "dmean2": 0.792732059956, "dvar": 0.444717109203, "dvar2": 1.13745307922, "max": 29.6128959656, "mean": 1.88385605812, "median": 1.73981940746, "min": -1.92164063454, "var": 2.72908687592}, "melbands_spread": {"dmean": 4.12360525131, "dmean2": 6.28828430176, "dvar": 33.0336494446, "dvar2": 65.5126953125, "max": 185.152328491, "mean": 16.9954490662, "median": 14.2479143143, "min": 0.37884926796, "var": 161.760055542}, "mfcc": {"cov": [[5420.35058594, -593.297546387, -1046.16259766, -282.772155762, -309.062103271, -154.123413086, -85.9560089111, 107.383209229, -69.4317245483, 96.2049789429, 5.27819776535, -154.933609009, -58.4351882935], [-593.297546387, 1211.48303223, -58.0351905823, -1.26691460609, 35.8984222412, -51.6999816895, 22.5363712311, 24.0787391663, -54.5477905273, 55.1415672302, -2.02929544449, -20.8998565674, -6.47473716736], [-1046.16259766, -58.0351905823, 990.708496094, 252.108352661, 198.804397583, 141.606613159, 48.3228340149, -101.488059998, 55.1216545105, -169.129486084, -32.527217865, 140.327957153, 50.8533401489], [-282.772155762, -1.26691460609, 252.108352661, 454.28692627, 217.844070435, 37.7976036072, -95.534828186, -42.7379875183, -34.7965507507, -35.6349258423, -36.5786933899, 26.1917743683, 106.130714417], [-309.062103271, 35.8984222412, 198.804397583, 217.844070435, 272.903564453, 45.9641075134, -71.0556564331, -72.1891708374, -8.01278495789, -6.63931179047, -19.2463569641, 18.1611785889, 53.5190544128], [-154.123413086, -51.6999816895, 141.606613159, 37.7976036072, 45.9641075134, 189.273986816, 61.5369949341, -17.1481380463, 14.633893013, -14.0945615768, 21.6331481934, 31.1172447205, 7.00388479233], [-85.9560089111, 22.5363712311, 48.3228340149, -95.534828186, -71.0556564331, 61.5369949341, 251.348205566, 80.2486038208, 51.5590591431, -38.732509613, 37.6776428223, 46.7243347168, -37.3850669861], [107.383209229, 24.0787391663, -101.488059998, -42.7379875183, -72.1891708374, -17.1481380463, 80.2486038208, 191.105224609, 33.8631286621, 15.6843395233, 19.0106582642, -6.51383829117, 6.24752140045], [-69.4317245483, -54.5477905273, 55.1216545105, -34.7965507507, -8.01278495789, 14.633893013, 51.5590591431, 33.8631286621, 184.102218628, 23.8490161896, 5.38800144196, 14.4668264389, -17.347070694], [96.2049789429, 55.1415672302, -169.129486084, -35.6349258423, -6.63931179047, -14.0945615768, -38.732509613, 15.6843395233, 23.8490161896, 184.001785278, 51.7057685852, -38.2863311768, -22.5181427002], [5.27819776535, -2.02929544449, -32.527217865, -36.5786933899, -19.2463569641, 21.6331481934, 37.6776428223, 19.0106582642, 5.38800144196, 51.7057685852, 115.534240723, 31.8947486877, -23.8809146881], [-154.933609009, -20.8998565674, 140.327957153, 26.1917743683, 18.1611785889, 31.1172447205, 46.7243347168, -6.51383829117, 14.4668264389, -38.2863311768, 31.8947486877, 123.32233429, 29.8087368011], [-58.4351882935, -6.47473716736, 50.8533401489, 106.130714417, 53.5190544128, 7.00388479233, -37.3850669861, 6.24752140045, -17.347070694, -22.5181427002, -23.8809146881, 29.8087368011, 120.464920044]], "icov": [[0.000256523635471, 0.000133374604047, 0.000268389674602, -2.79999458144e-05, 0.000104055798147, 1.51589972575e-06, 5.4388638091e-05, -2.45174251177e-05, 3.58130346285e-05, 7.91242782725e-05, 2.8022666811e-05, 1.19060105135e-05, 3.73628536181e-05], [0.000133374604047, 0.000968499633018, 9.4743212685e-05, 5.03747542098e-05, -0.000262997840764, 0.000358757126378, -0.000356313830707, -0.000123992722365, 0.00045199910528, -0.000427463615779, 0.000253279577009, 2.57427436736e-05, 5.32364865649e-05], [0.000268389674602, 9.4743212685e-05, 0.00218601548113, -0.000698308751453, -0.000486452918267, -0.000730389612727, -7.8529563325e-05, 0.000544840644579, -0.000719454139471, 0.00136033596937, 0.000304051383864, -0.0013853344135, 0.000587398360949], [-2.79999458144e-05, 5.03747542098e-05, -0.000698308751453, 0.00450936425477, -0.00266780680977, -0.000105543898826, 0.000842482026201, -0.000764394470025, 0.000621657003649, 7.55165019655e-05, 5.93790609855e-05, 0.000327963527525, -0.00216216407716], [0.000104055798147, -0.000262997840764, -0.000486452918267, -0.00266780680977, 0.00715899979696, -0.000952697417233, 0.000746141653508, 0.00159278779756, -0.000490910548251, -0.000724434445146, 4.78795918752e-05, 0.000164340817719, -0.000621419458184], [1.51589972575e-06, 0.000358757126378, -0.000730389612727, -0.000105543898826, -0.000952697417233, 0.00708155613393, -0.00243461458012, 0.00101586664096, 0.000184648946743, -0.000575892452616, -0.00116160837933, 0.00054427923169, -0.000821397930849], [5.4388638091e-05, -0.000356313830707, -7.8529563325e-05, 0.000842482026201, 0.000746141653508, -0.00243461458012, 0.00751947471872, -0.00294231553562, -0.00112506642472, 0.00212057074532, -0.0010481106583, -0.00203363830224, 0.00212421780452], [-2.45174251177e-05, -0.000123992722365, 0.000544840644579, -0.000764394470025, 0.00159278779756, 0.00101586664096, -0.00294231553562, 0.00778983766213, -0.00125247030519, -0.000283090485027, -0.00106245349161, 0.00145503552631, -0.0024628629908], [3.58130346285e-05, 0.00045199910528, -0.000719454139471, 0.000621657003649, -0.000490910548251, 0.000184648946743, -0.00112506642472, -0.00125247030519, 0.00681318435818, -0.00223681330681, 0.00155731406994, -0.000899436650798, 0.000815125997178], [7.91242782725e-05, -0.000427463615779, 0.00136033596937, 7.55165019655e-05, -0.000724434445146, -0.000575892452616, 0.00212057074532, -0.000283090485027, -0.00223681330681, 0.00936487037688, -0.00491289049387, 0.00226529780775, 0.00029669914511], [2.8022666811e-05, 0.000253279577009, 0.000304051383864, 5.93790609855e-05, 4.78795918752e-05, -0.00116160837933, -0.0010481106583, -0.00106245349161, 0.00155731406994, -0.00491289049387, 0.0138365039602, -0.00568385282531, 0.00307793589309], [1.19060105135e-05, 2.57427436736e-05, -0.0013853344135, 0.000327963527525, 0.000164340817719, 0.00054427923169, -0.00203363830224, 0.00145503552631, -0.000899436650798, 0.00226529780775, -0.00568385282531, 0.0137457931414, -0.0047424081713], [3.73628536181e-05, 5.32364865649e-05, 0.000587398360949, -0.00216216407716, -0.000621419458184, -0.000821397930849, 0.00212421780452, -0.0024628629908, 0.000815125997178, 0.00029669914511, 0.00307793589309, -0.0047424081713, 0.0130463764071]], "mean": [-693.700195313, 151.57649231, -14.1478033066, 15.9927053452, -6.54850530624, -5.44206619263, -5.99770784378, 3.7211728096, -10.4964151382, -2.41601681709, -2.91412949562, -4.50806283951, 2.74866247177]}, "pitch_salience": {"dmean": 0.063441246748, "dmean2": 0.102475136518, "dvar": 0.00304962415248, "dvar2": 0.0078888470307, "max": 0.99377566576, "mean": 0.570215165615, "median": 0.57217079401, "min": 0.0712045654655, "var": 0.0110271461308}, "silence_rate_20dB": {"dmean": 0, "dmean2": 0, "dvar": 0, "dvar2": 0, "max": 1, "mean": 1, "median": 1, "min": 1, "var": 0}, "silence_rate_30dB": {"dmean": 0, "dmean2": 0, "dvar": 0, "dvar2": 0, "max": 1, "mean": 1, "median": 1, "min": 1, "var": 0}, "silence_rate_60dB": {"dmean": 0.0299793239683, "dmean2": 0.0599689818919, "dvar": 0.0290818586946, "dvar2": 0.0670604929328, "max": 1, "mean": 0.0723514184356, "median": 0, "min": 0, "var": 0.0671207085252}, "spectral_centroid": {"dmean": 155.492111206, "dmean2": 232.863525391, "dvar": 42957.25, "dvar2": 78676.6875, "max": 10618.0498047, "mean": 1039.14916992, "median": 951.288269043, "min": 247.357589722, "var": 288101.3125}, "spectral_complexity": {"dmean": 2.07201933861, "dmean2": 3.27589178085, "dvar": 4.12915420532, "dvar2": 8.6534986496, "max": 45, "mean": 13.7447032928, "median": 13, "min": 0, "var": 40.0743255615}, "spectral_contrast_coeffs": {"dmean": [0.0468388311565, 0.0465075597167, 0.0384720340371, 0.0306848566979, 0.0237691029906, 0.0202699713409], "dmean2": [0.0765034109354, 0.0735844299197, 0.0613647289574, 0.0477128587663, 0.0359373353422, 0.0296701192856], "dvar": [0.00141039735172, 0.00138412276283, 0.00096710777143, 0.000651996349916, 0.000438735791249, 0.000359149533324], "dvar2": [0.00369092263281, 0.0034714017529, 0.00241373758763, 0.00145952554885, 0.000875888916198, 0.000702796445694], "max": [-0.297585844994, -0.41589269042, -0.406389057636, -0.496357560158, -0.537306010723, -0.501363039017], "mean": [-0.61295324564, -0.675016462803, -0.728200256824, -0.744617521763, -0.753481149673, -0.755956947803], "median": [-0.614485144615, -0.678006529808, -0.739540636539, -0.75563120842, -0.75706154108, -0.75930172205], "min": [-0.97199934721, -0.981833636761, -0.982562601566, -0.981005430222, -0.979080677032, -0.957668066025], "var": [0.00755563657731, 0.00708986027166, 0.00696392403916, 0.0055037564598, 0.00407541543245, 0.00260245148093]}, "spectral_contrast_valleys": {"dmean": [0.407686233521, 0.31192061305, 0.30856359005, 0.284289211035, 0.263848215342, 0.372968018055], "dmean2": [0.665269136429, 0.508493483067, 0.495600163937, 0.444583445787, 0.374465316534, 0.464942753315], "dvar": [0.133526176214, 0.077761605382, 0.0894352123141, 0.0867296978831, 0.0846571549773, 0.16131028533], "dvar2": [0.288145273924, 0.166698724031, 0.17553293705, 0.17302185297, 0.137117519975, 0.238780468702], "max": [-5.96725606918, -5.27495670319, -4.63150310516, -5.81853580475, -6.00234699249, -8.9130821228], "mean": [-8.01396083832, -6.96018743515, -7.67711448669, -8.30284976959, -8.40494537354, -11.4911470413], "median": [-7.96027994156, -6.87162828445, -7.62351512909, -8.21814632416, -8.2947063446, -11.4777832031], "min": [-26.9886550903, -27.1856365204, -27.6616230011, -27.100402832, -27.1341228485, -27.2536029816], "var": [0.901965081692, 0.789078712463, 0.982371985912, 0.881773412228, 0.881179451942, 1.01881456375]}, "spectral_decrease": {"dmean": 1.14786635752e-09, "dmean2": 1.60622448675e-09, "dvar": 1.98869832292e-18, "dvar2": 3.69331594012e-18, "max": 1.20292478048e-22, "mean": -4.68228211759e-09, "median": -3.53404816522e-09, "min": -2.29576126998e-08, "var": 1.44722841684e-17}, "spectral_energy": {"dmean": 0.00459998939186, "dmean2": 0.00640773773193, "dvar": 3.26788394887e-05, "dvar2": 5.96485442657e-05, "max": 0.094157487154, "mean": 0.0190227162093, "median": 0.0141876935959, "min": 1.10156514591e-20, "var": 0.000246066134423}, "spectral_energyband_high": {"dmean": 6.22019651928e-05, "dmean2": 8.87994247023e-05, "dvar": 2.74113531873e-08, "dvar2": 5.40078879396e-08, "max": 0.005002242513, "mean": 0.000148231920321, "median": 6.99892043485e-05, "min": 7.79815798314e-21, "var": 7.42159116385e-08}, "spectral_energyband_low": {"dmean": 0.000967102474533, "dmean2": 0.00143256725278, "dvar": 3.21691982208e-06, "dvar2": 6.64511799187e-06, "max": 0.0370455645025, "mean": 0.0021266201511, "median": 0.000965616258327, "min": 7.24284372866e-23, "var": 9.82644269243e-06}, "spectral_energyband_middle_high": {"dmean": 0.00175527622923, "dmean2": 0.00234269700013, "dvar": 1.25246197058e-05, "dvar2": 2.0572793801e-05, "max": 0.0814002007246, "mean": 0.00623600743711, "median": 0.00220192805864, "min": 1.80797791409e-21, "var": 0.000103001642856}, "spectral_energyband_middle_low": {"dmean": 0.00353833544068, "dmean2": 0.00517072761431, "dvar": 2.19085177378e-05, "dvar2": 4.69338665425e-05, "max": 0.0725334063172, "mean": 0.0113924210891, "median": 0.00835818704218, "min": 5.47064208288e-22, "var": 0.000102971804154}, "spectral_entropy": {"dmean": 0.179504737258, "dmean2": 0.255804181099, "dvar": 0.0358011387289, "dvar2": 0.0666625052691, "max": 9.79531383514, "mean": 7.03769922256, "median": 7.05647468567, "min": 5.20921134949, "var": 0.193665713072}, "spectral_flux": {"dmean": 0.0156493466347, "dmean2": 0.0245530717075, "dvar": 0.000303430715576, "dvar2": 0.000674921728205, "max": 0.27280959487, "mean": 0.0588295944035, "median": 0.051194563508, "min": 1.04955474867e-10, "var": 0.00124754372519}, "spectral_kurtosis": {"dmean": 3.07862710953, "dmean2": 5.21120738983, "dvar": 11.5013208389, "dvar2": 31.0691375732, "max": 72.4393539429, "mean": 8.49195194244, "median": 6.93948745728, "min": -1.21721124649, "var": 36.539981842}, "spectral_rms": {"dmean": 0.000515974184964, "dmean2": 0.000708098581526, "dvar": 2.82014411823e-07, "dvar2": 4.85005898554e-07, "max": 0.00958441291004, "mean": 0.00394508941099, "median": 0.00372043717653, "min": 3.27825830718e-12, "var": 2.99500015899e-06}, "spectral_rolloff": {"dmean": 239.27104187, "dmean2": 405.644226074, "dvar": 279291.28125, "dvar2": 543911.3125, "max": 18820.0195313, "mean": 1145.37145996, "median": 968.994140625, "min": 43.06640625, "var": 1066634.875}, "spectral_skewness": {"dmean": 0.309534013271, "dmean2": 0.506718575954, "dvar": 0.0901507660747, "dvar2": 0.222836926579, "max": 6.40126657486, "mean": 2.02582073212, "median": 1.90868103504, "min": -0.433315008879, "var": 0.4697291255}, "spectral_spread": {"dmean": 422238.03125, "dmean2": 599686.875, "dvar": 454425378816, "dvar2": 691665502208, "m