{"lowlevel": {"average_loudness": 0.813535809517, "barkbands": {"dmean": [5.86048154219e-05, 0.00377516634762, 0.00400247611105, 0.00272205052897, 0.00188823707867, 0.000650424917694, 0.000618224323262, 0.00111392384861, 0.000710344873369, 0.000673070317134, 0.000583123066463, 0.000235607411014, 0.000227675132919, 0.000200914480956, 0.000188929843716, 0.000128856627271, 0.000112587142212, 7.25657009752e-05, 0.000105784238258, 5.80863634241e-05, 6.52961316518e-05, 9.72055786406e-05, 0.000118767675303, 0.00010877391469, 3.61710481229e-05, 7.22600361769e-06, 2.80711446976e-07], "dmean2": [7.51706102164e-05, 0.00587831949815, 0.00748518994078, 0.0048120780848, 0.0032778638415, 0.0010100051295, 0.000950714689679, 0.00153861299623, 0.00103053019848, 0.000978892436251, 0.000958902353887, 0.000364163279301, 0.000370486348402, 0.000329674832756, 0.00030728749698, 0.000201858725632, 0.000170009254362, 0.000110928740469, 0.000155832894961, 8.80480583874e-05, 9.36687065405e-05, 0.000142832112033, 0.000171222593053, 0.000151906599058, 5.31612131454e-05, 1.04612863652e-05, 4.53749294138e-07], "dvar": [1.98867784462e-08, 0.000111451474368, 0.000191809609532, 9.17163488339e-05, 2.61818095169e-05, 2.23824144996e-06, 1.68273766121e-06, 8.00220641395e-06, 4.11951532442e-06, 5.59044792681e-06, 2.78009883914e-06, 7.54998723096e-07, 7.39054200949e-07, 3.58294869329e-07, 4.65679192985e-07, 1.37831307256e-07, 9.21960747746e-08, 3.7504001682e-08, 1.55601611596e-07, 2.67530015918e-08, 2.59124899316e-08, 1.08397138376e-07, 6.80673736042e-07, 9.25431777432e-07, 2.48354119492e-08, 6.90462742536e-10, 2.56429426304e-12], "dvar2": [3.23645288347e-08, 0.00025249258033, 0.000549338350538, 0.000255138729699, 7.30658357497e-05, 4.96174152431e-06, 4.08639152738e-06, 1.52857628564e-05, 8.67231938173e-06, 1.11168283183e-05, 7.12134760761e-06, 1.33830189952e-06, 1.71691885953e-06, 8.74812542406e-07, 1.1717883126e-06, 3.05381689714e-07, 1.79548337087e-07, 8.58817799099e-08, 2.98477857541e-07, 5.83290535872e-08, 5.73751250954e-08, 2.5330385256e-07, 1.68333531292e-06, 1.59899821028e-06, 5.62104247592e-08, 1.47094958436e-09, 5.91712746509e-12], "max": [0.00178707425948, 0.0862801745534, 0.0976864546537, 0.128327012062, 0.062204234302, 0.0372919403017, 0.0303531363606, 0.110500261188, 0.0535655394197, 0.0761634707451, 0.0465961657465, 0.0513926148415, 0.0263554882258, 0.0200397782028, 0.0217794403434, 0.010520124808, 0.011890728958, 0.0064790006727, 0.0172135196626, 0.00730686541647, 0.00585867604241, 0.0130718275905, 0.0443733073771, 0.0649482831359, 0.00957896746695, 0.00133535056375, 6.75773699186e-05], "mean": [7.30224492145e-05, 0.00365898478776, 0.00276679289527, 0.00221111113206, 0.00217881402932, 0.00122855394147, 0.0012045498006, 0.00242965132929, 0.0012939638691, 0.00123052648269, 0.000838576001115, 0.000296620826703, 0.000256747356616, 0.000266109564109, 0.00023535983928, 0.000184798816917, 0.000181498879101, 0.000107546286017, 0.000193312662304, 9.67403539107e-05, 0.000112019093649, 0.000159774615895, 0.000190907114302, 0.000202727649594, 6.02320033067e-05, 9.88336705632e-06, 2.76782259334e-07], "median": [5.1243564485e-06, 0.000219577807002, 0.000123915582662, 0.0002229824604, 0.00080776354298, 0.000433291483205, 0.000585159985349, 0.000545950955711, 0.000215532869333, 0.000121602512081, 8.34403181216e-05, 3.7503978092e-05, 3.43051069649e-05, 5.65283007745e-05, 5.05994903506e-05, 4.44974357379e-05, 4.17187184212e-05, 2.72090510407e-05, 3.53138930222e-05, 1.88214871741e-05, 1.39133662742e-05, 1.23436238937e-05, 1.20084296213e-05, 9.46833461057e-06, 4.86898352392e-06, 6.78030119161e-07, 2.6561453037e-09], "min": [2.16037718675e-25, 1.06401618061e-24, 3.47741596675e-25, 1.1209918567e-24, 4.03329829141e-24, 1.06007869973e-23, 4.78429702862e-24, 2.43361064906e-24, 9.56918570292e-24, 1.58524107482e-23, 1.89284081873e-23, 2.53729190001e-23, 2.80902040307e-23, 3.24979296287e-23, 3.60381543556e-23, 4.38704450501e-23, 6.43694658333e-23, 8.37829414358e-23, 1.28648925793e-22, 1.60574227601e-22, 2.3591108776e-22, 3.2021749836e-22, 3.92373507266e-22, 5.7406859577e-22, 8.60114760174e-22, 1.25748689403e-21, 1.75342034438e-21], "var": [3.45951924885e-08, 0.000115825350804, 0.000110692126327, 6.11774376011e-05, 2.08339042729e-05, 5.65824029763e-06, 3.66791755368e-06, 2.89221934509e-05, 1.14676431622e-05, 1.61965126608e-05, 5.12124279339e-06, 1.4701793134e-06, 9.81525545285e-07, 5.52999949832e-07, 5.28360999397e-07, 2.60551558995e-07, 2.30735878404e-07, 6.16825843736e-08, 4.37180034396e-07, 5.9312437628e-08, 6.83737866325e-08, 2.57591011632e-07, 1.51081712829e-06, 3.41365353052e-06, 7.92294159169e-08, 1.53361467969e-09, 3.75293589608e-12]}, "barkbands_crest": {"dmean": 2.7114572525, "dmean2": 4.25830602646, "dvar": 6.41752576828, "dvar2": 15.203327179, "max": 25.8472995758, "mean": 10.4360494614, "median": 9.60987663269, "min": 2.9268052578, "var": 17.651599884}, "barkbands_flatness_db": {"dmean": 0.0256046820432, "dmean2": 0.0380026884377, "dvar": 0.000633058836684, "dvar2": 0.00139591970947, "max": 0.451593875885, "mean": 0.167314171791, "median": 0.161578938365, "min": 0.0189209710807, "var": 0.00308648776263}, "barkbands_kurtosis": {"dmean": 4.16918182373, "dmean2": 6.49205589294, "dvar": 64.5743179321, "dvar2": 151.769683838, "max": 305.237762451, "mean": 5.93949317932, "median": 2.95820021629, "min": -1.93590509892, "var": 115.016433716}, "barkbands_skewness": {"dmean": 0.68789345026, "dmean2": 1.01107120514, "dvar": 0.617572486401, "dvar2": 1.3432148695, "max": 12.7382936478, "mean": 1.48250102997, "median": 1.36053478718, "min": -5.74308681488, "var": 2.05006933212}, "barkbands_spread": {"dmean": 5.36604261398, "dmean2": 7.87592077255, "dvar": 49.5390205383, "dvar2": 100.436920166, "max": 127.852867126, "mean": 17.2953300476, "median": 12.8669948578, "min": 0.351534575224, "var": 199.225250244}, "dissonance": {"dmean": 0.0281157139689, "dmean2": 0.0459463261068, "dvar": 0.000743450131267, "dvar2": 0.00190481392201, "max": 0.5, "mean": 0.436835795641, "median": 0.447152644396, "min": 0.196007326245, "var": 0.00207627005875}, "dynamic_complexity": 5.16280317307, "erbbands": {"dmean": [0.0714023113251, 1.01427197456, 4.0153594017, 7.42123794556, 8.07995510101, 5.77930212021, 4.95930433273, 5.47509813309, 8.45397567749, 16.0632457733, 19.8248023987, 19.4348926544, 14.4704084396, 21.1425437927, 23.1483192444, 9.67301368713, 10.5725698471, 9.50940895081, 9.6633310318, 9.41641521454, 6.25830364227, 5.00870943069, 4.15561628342, 3.8582239151, 5.58632612228, 2.7563188076, 2.43103885651, 2.97088003159, 3.54762578011, 3.29128336906, 3.45087361336, 2.92998075485, 1.41377079487, 0.513904690742, 0.216379359365, 0.0455530323088, 0.0129553116858, 0.00142272841185, 4.34444191342e-05, 1.53423770826e-05], "dmean2": [0.10111118108, 1.61509370804, 7.18218755722, 13.4712715149, 14.1604528427, 9.79495429993, 7.83148622513, 8.5132818222, 13.0279750824, 23.2403812408, 27.5316295624, 27.7900314331, 20.8899440765, 31.8020496368, 37.4625358582, 15.0083179474, 17.1096477509, 15.5634374619, 15.8141670227, 14.9234371185, 9.66078186035, 7.49115419388, 6.27577638626, 5.81316995621, 8.17045974731, 4.12266969681, 3.54796099663, 4.29151582718, 5.16128206253, 4.86909198761, 5.0412530899, 4.20776128769, 2.05599355698, 0.762950003147, 0.316806644201, 0.0660529956222, 0.0189602151513, 0.00214636675082, 6.47233682685e-05, 2.15806630877e-05], "dvar": [0.0313165448606, 8.54097080231, 176.283859253, 644.734008789, 754.648803711, 190.382659912, 133.149536133, 162.364700317, 381.52645874, 1239.60119629, 3578.12329102, 3080.73730469, 3606.22802734, 6560.12841797, 4036.91577148, 923.631286621, 1535.70446777, 857.327026367, 1540.70996094, 1050.44360352, 282.375640869, 155.658828735, 105.144813538, 153.304260254, 506.223480225, 54.9498138428, 36.6120643616, 56.3508110046, 148.885620117, 249.056045532, 600.349853516, 726.093566895, 149.06930542, 8.70190811157, 0.707807004452, 0.028518749401, 0.00251188362017, 2.94016499538e-05, 4.17681285114e-08, 9.96247084828e-10], "dvar2": [0.0652830377221, 19.3906650543, 486.769073486, 1830.47583008, 2082.42773438, 509.265411377, 312.414398193, 352.443786621, 953.183349609, 2537.40600586, 6504.82177734, 6286.02832031, 6960.81298828, 13709.7744141, 9927.02832031, 1846.31640625, 3400.23876953, 2075.40429688, 4122.58544922, 2243.14428711, 634.94909668, 311.225219727, 236.86756897, 339.12399292, 922.995422363, 119.72127533, 81.6758041382, 124.906822205, 339.064697266, 605.826171875, 1486.10180664, 1439.47595215, 250.885253906, 19.7467479706, 1.51549172401, 0.062907718122, 0.00547554530203, 6.21626022621e-05, 1.06085735752e-07, 2.17154716431e-09], "max": [1.67984652519, 22.5389270782, 102.142860413, 269.262420654, 355.17199707, 233.729873657, 345.728729248, 358.762084961, 437.778930664, 1131.57702637, 2934.84082031, 1665.37390137, 1998.00415039, 2976.91455078, 1535.45080566, 988.731384277, 1328.25793457, 1123.52978516, 1952.53759766, 1528.25219727, 446.108062744, 476.83984375, 266.042510986, 488.212402344, 1026.20715332, 282.386962891, 242.046295166, 251.578704834, 542.707397461, 777.771789551, 1332.62341309, 1618.8470459, 962.000183105, 184.403823853, 43.4751167297, 8.43862819672, 2.02302527428, 0.268340140581, 0.00858678016812, 0.000795683183242], "mean": [0.0820008143783, 0.913119971752, 3.00343298912, 5.69098377228, 7.41989421844, 7.2605137825, 8.08250522614, 10.1252985001, 16.8271751404, 35.3501472473, 43.2434616089, 38.2398643494, 29.5771656036, 35.9797325134, 34.2888450623, 13.7712955475, 12.7068510056, 12.8196334839, 12.7991380692, 12.7797040939, 9.89752578735, 8.35602378845, 6.84084367752, 6.61974573135, 10.2864809036, 4.89475822449, 4.35175180435, 4.91494846344, 5.78933000565, 5.12475919724, 5.51830005646, 5.17219781876, 2.6173415184, 0.866472959518, 0.338505715132, 0.0663048103452, 0.0168295092881, 0.00176292646211, 6.11902651144e-05, 2.89982799586e-05], "median": [0.00534567981958, 0.0522173643112, 0.14959166944, 0.592141568661, 1.43991661072, 2.62233281136, 2.80260252953, 3.96815681458, 7.52404499054, 13.5288543701, 9.85797977448, 7.84483528137, 4.15635108948, 4.39851474762, 4.3583650589, 2.11456394196, 2.05608510971, 2.90342664719, 3.03679299355, 3.13009142876, 2.52016592026, 2.24022388458, 1.84355378151, 1.6083984375, 1.58666610718, 1.02252364159, 0.612042605877, 0.545186638832, 0.454688608646, 0.406224131584, 0.327590733767, 0.211136087775, 0.139839112759, 0.066859267652, 0.0261096581817, 0.00566801708192, 0.00106569495983, 8.36228718981e-05, 1.04798691609e-05, 1.43483130159e-05], "min": [4.87880966481e-23, 2.43437477129e-22, 3.33200028402e-22, 5.96535839027e-21, 1.22797183366e-20, 1.95737864768e-20, 4.96955894855e-20, 8.03654755827e-20, 5.40617137149e-20, 8.59182291748e-20, 2.26612410212e-19, 2.5239327761e-19, 4.7297923762e-19, 5.63380307501e-19, 1.01518904641e-18, 1.18963802548e-18, 1.51127603973e-18, 1.95701792584e-18, 1.98152521944e-18, 2.42495193041e-18, 3.88564411793e-18, 3.98592239641e-18, 3.91940508104e-18, 5.48986661739e-18, 7.59155429646e-18, 8.11445486633e-18, 6.52430064114e-18, 9.0261468677e-18, 1.07008567359e-17, 1.16425571955e-17, 1.13055307267e-17, 1.08668685761e-17, 9.78142066961e-18, 7.46986941091e-18, 6.20782712904e-18, 4.28288395863e-18, 2.37387063246e-18, 8.96548702505e-19, 2.403470205e-19, 2.53423534294e-20], "var": [0.0449969656765, 8.17736434937, 113.240776062, 396.32019043, 519.602783203, 211.818481445, 245.33795166, 393.941650391, 782.443359375, 4291.29199219, 13576.2402344, 9321.74902344, 13909.0810547, 13170.5136719, 8068.00097656, 1959.54089355, 2231.83984375, 1261.42089844, 1614.12145996, 1892.56103516, 567.859069824, 373.241790771, 213.76550293, 303.13482666, 1483.99511719, 146.843780518, 106.619850159, 141.627426147, 356.878204346, 517.826293945, 1350.18823242, 2264.40161133, 521.971374512, 24.6781921387, 1.8390763998, 0.0656471922994, 0.00496493885294, 6.82338504703e-05, 7.24747835079e-08, 2.02440708641e-09]}, "erbbands_crest": {"dmean": 3.09862112999, "dmean2": 4.81078720093, "dvar": 8.68472003937, "dvar2": 20.0336360931, "max": 33.2661628723, "mean": 11.5270519257, "median": 10.4314575195, "min": 2.05675721169, "var": 31.4211006165}, "erbbands_flatness_db": {"dmean": 0.0243740528822, "dmean2": 0.0324967429042, "dvar": 0.000590399082284, "dvar2": 0.00103795470204, "max": 0.447866052389, "mean": 0.192473128438, "median": 0.188982054591, "min": 0.0265658777207, "var": 0.00353499664925}, "erbbands_kurtosis": {"dmean": 2.00947666168, "dmean2": 3.05172276497, "dvar": 14.4089107513, "dvar2": 33.8297576904, "max": 131.639801025, "mean": 2.50248003006, "median": 0.62744808197, "min": -1.89919412136, "var": 35.0987854004}, "erbbands_skewness": {"dmean": 0.497866898775, "dmean2": 0.728226602077, "dvar": 0.259205877781, "dvar2": 0.533851623535, "max": 8.77403450012, "mean": 0.796564519405, "median": 0.716813743114, "min": -5.93630218506, "var": 1.24734079838}, "erbbands_spread": {"dmean": 9.64113330841, "dmean2": 13.7855358124, "dvar": 133.377639771, "dvar2": 269.924835205, "max": 136.310531616, "mean": 33.5654792786, "median": 28.3138809204, "min": 0.944593250751, "var": 520.300964355}, "gfcc": {"cov": [[37890.8515625, 2010.43457031, -2474.47021484, 1000.8548584, -1580.12768555, 758.691833496, -999.784423828, 292.166473389, -645.550170898, 8.2107667923, -595.044433594, -75.6981201172, -427.005493164], [2010.43457031, 2006.00695801, -242.989089966, -178.645675659, 346.714385986, -164.746124268, 121.161972046, 12.1973428726, 8.09626579285, -214.971176147, -6.98359203339, -211.420349121, 48.874961853], [-2474.47021484, -242.989089966, 1270.79370117, 416.188690186, 348.431274414, 150.810165405, 114.173927307, 44.0230979919, 69.5925674438, 16.6114063263, -75.6082992554, -1.90496349335, -90.8856582642], [1000.8548584, -178.645675659, 416.188690186, 820.487426758, 122.661399841, 122.116119385, -0.0712147727609, 50.7664833069, 7.63074731827, 51.9379386902, -58.8871498108, -3.92736625671, -67.5019378662], [-1580.12768555, 346.714385986, 348.431274414, 122.661399841, 600.08190918, 65.8704986572, 140.59362793, -2.89051961899, 15.8850040436, -49.0536689758, -13.6229343414, -43.8991584778, -4.26854085922], [758.691833496, -164.746124268, 150.810165405, 122.116119385, 65.8704986572, 356.495178223, 66.1433792114, -4.20486736298, -56.8992767334, 24.3942966461, -29.2276649475, 29.8043079376, -26.9127998352], [-999.784423828, 121.161972046, 114.173927307, -0.0712147727609, 140.59362793, 66.1433792114, 315.139343262, 62.9709205627, 42.2155189514, -29.3331794739, 2.42266631126, -14.0943870544, 16.7133255005], [292.166473389, 12.1973428726, 44.0230979919, 50.7664833069, -2.89051961899, -4.20486736298, 62.9709205627, 182.275497437, 87.5889968872, 5.90483570099, -19.3404788971, -11.1061239243, -1.04802513123], [-645.550170898, 8.09626579285, 69.5925674438, 7.63074731827, 15.8850040436, -56.8992767334, 42.2155189514, 87.5889968872, 178.007476807, 53.1720046997, 13.7285261154, -20.5578765869, -3.66594696045], [8.2107667923, -214.971176147, 16.6114063263, 51.9379386902, -49.0536689758, 24.3942966461, -29.3331794739, 5.90483570099, 53.1720046997, 161.456802368, 58.2006835938, 44.053314209, -17.9825897217], [-595.044433594, -6.98359203339, -75.6082992554, -58.8871498108, -13.6229343414, -29.2276649475, 2.42266631126, -19.3404788971, 13.7285261154, 58.2006835938, 163.359542847, 49.80443573, 37.580291748], [-75.6981201172, -211.420349121, -1.90496349335, -3.92736625671, -43.8991584778, 29.8043079376, -14.0943870544, -11.1061239243, -20.5578765869, 44.053314209, 49.80443573, 146.4322052, 44.6637268066], [-427.005493164, 48.874961853, -90.8856582642, -67.5019378662, -4.26854085922, -26.9127998352, 16.7133255005, -1.04802513123, -3.66594696045, -17.9825897217, 37.580291748, 44.6637268066, 126.011207581]], "icov": [[8.98999423953e-05, -0.000212328654015, 0.000173879336216, -0.000162013588124, 0.000233091966948, -0.000269730750006, 0.000234527047724, -0.000317645579344, 0.000278952356894, -0.000191263592569, 0.000317829108099, -0.000246564188274, 0.000315582496114], [-0.000212328654015, 0.00131791620515, -0.000185636919923, 0.000410336855566, -0.00104338175151, 0.00082788959844, -0.000621849903837, 0.000674028822687, -0.000711319036782, 0.00117866531946, -0.00110674393363, 0.00153276743367, -0.000980902230367], [0.000173879336216, -0.000185636919923, 0.00162160710897, -0.000744934659451, -0.000244773546001, -0.000689812819473, 0.000290119409328, -0.000448597304057, -0.000151272848598, 1.63870518008e-05, 0.000873862474691, -0.000824908376671, 0.00126363127492], [-0.000162013588124, 0.000410336855566, -0.000744934659451, 0.00191973615438, -0.000608235772233, 0.000264293659711, -0.000162845739396, -3.57625394827e-05, -2.06297354453e-05, -0.000359841651516, -0.000194036823814, 0.000576641468797, -0.000358401070116], [0.000233091966948, -0.00104338175151, -0.000244773546001, -0.000608235772233, 0.00323313102126, -0.00101502076723, -0.000105876169982, -0.000212795857806, 0.000513432139996, -0.000243339134613, 0.000597019621637, -0.000488283461891, 0.000572427350562], [-0.000269730750006, 0.00082788959844, -0.000689812819473, 0.000264293659711, -0.00101502076723, 0.00464829150587, -0.0017559453845, 0.000627881614491, 0.00117145711556, -0.000721101416275, -0.000126559723867, 0.000265155656962, -0.000519645866007], [0.000234527047724, -0.000621849903837, 0.000290119409328, -0.000162845739396, -0.000105876169982, -0.0017559453845, 0.00490936497226, -0.00204984494485, -0.000154808716616, 0.000536069448572, 0.000158984315931, -0.000462991534732, 0.000299812410958], [-0.000317645579344, 0.000674028822687, -0.000448597304057, -3.57625394827e-05, -0.000212795857806, 0.000627881614491, -0.00204984494485, 0.00932038016617, -0.00538589339703, 0.00170336524025, -7.54779393901e-05, 0.000236976105953, -0.00117932702415], [0.000278952356894, -0.000711319036782, -0.000151272848598, -2.06297354453e-05, 0.000513432139996, 0.00117145711556, -0.000154808716616, -0.00538589339703, 0.0114039704204, -0.00527549302205, 0.000984007609077, 0.0014218352735, 0.000125829916215], [-0.000191263592569, 0.00117866531946, 1.63870518008e-05, -0.000359841651516, -0.000243339134613, -0.000721101416275, 0.000536069448572, 0.00170336524025, -0.00527549302205, 0.0119614023715, -0.00451759854332, -0.00154746847693, 0.00194385345094], [0.000317829108099, -0.00110674393363, 0.000873862474691, -0.000194036823814, 0.000597019621637, -0.000126559723867, 0.000158984315931, -7.54779393901e-05, 0.000984007609077, -0.00451759854332, 0.0101548498496, -0.00299297110178, -0.000579624203965], [-0.000246564188274, 0.00153276743367, -0.000824908376671, 0.000576641468797, -0.000488283461891, 0.000265155656962, -0.000462991534732, 0.000236976105953, 0.0014218352735, -0.00154746847693, -0.00299297110178, 0.0119408620521, -0.00513184210286], [0.000315582496114, -0.000980902230367, 0.00126363127492, -0.000358401070116, 0.000572427350562, -0.000519645866007, 0.000299812410958, -0.00117932702415, 0.000125829916215, 0.00194385345094, -0.000579624203965, -0.00513184210286, 0.0122367534786]], "mean": [-93.368560791, 98.1448669434, -121.590087891, 24.3105754852, -76.5516052246, 7.39981985092, -42.5131492615, 9.97190570831, -16.6922607422, 0.607281565666, -11.9800510406, -4.34399557114, -7.4757566452]}, "hfc": {"dmean": 6.17522001266, "dmean2": 8.64605331421, "dvar": 252.36730957, "dvar2": 499.547088623, "max": 828.291503906, "mean": 15.5256109238, "median": 7.2603559494, "min": 1.05563803775e-16, "var": 1016.80419922}, "melbands": {"dmean": [0.000854293059092, 0.001760649262, 0.00133343914058, 0.000493820582051, 0.000179896058398, 0.000123825404444, 0.000125883569126, 0.000196455250261, 0.000162240219652, 0.00010974171164, 7.25570644136e-05, 8.6515363364e-05, 8.18341432023e-05, 3.25776309182e-05, 2.53298567259e-05, 2.03185754799e-05, 1.85970839084e-05, 1.65031869983e-05, 1.33840640046e-05, 1.11545878099e-05, 7.48630009184e-06, 5.65163009014e-06, 5.39501070307e-06, 3.30766897605e-06, 3.15869556289e-06, 4.89571175422e-06, 2.6309749046e-06, 1.85165936273e-06, 1.54532006036e-06, 1.64337541264e-06, 1.99477130991e-06, 2.18539412344e-06, 1.79800269962e-06, 1.97425538317e-06, 2.15685236071e-06, 1.99664100364e-06, 1.91950221051e-06, 1.23844802147e-06, 5.59932516353e-07, 4.15494298522e-07], "dmean2": [0.00129198865034, 0.00289836875163, 0.00238222815096, 0.000857514096424, 0.000284033128992, 0.000191026294488, 0.000193556101294, 0.00028194920742, 0.000226510455832, 0.000158423950779, 0.000105478167825, 0.000129296531668, 0.000132896719151, 5.16716172569e-05, 4.03630911023e-05, 3.30469374603e-05, 3.04861314362e-05, 2.72320339718e-05, 2.16769312829e-05, 1.76892044692e-05, 1.16407409223e-05, 8.64181492943e-06, 8.16424926597e-06, 5.0877169997e-06, 4.88207933813e-06, 7.25002109903e-06, 3.94034077544e-06, 2.84068755718e-06, 2.31815806728e-06, 2.44273246608e-06, 2.97324231724e-06, 3.22169421452e-06, 2.72575061899e-06, 2.98373834084e-06, 3.21647007695e-06, 3.00043325296e-06, 2.81158850157e-06, 1.84781504231e-06, 8.4516653942e-07, 6.24165352292e-07], "dvar": [5.20224557476e-06, 2.85026744677e-05, 2.00972717721e-05, 2.1109053705e-06, 1.4816801297e-07, 7.77794824103e-08, 7.81404452255e-08, 2.05291513566e-07, 2.25400540899e-07, 1.05488091151e-07, 9.23799703401e-08, 1.16603573019e-07, 4.85605902156e-08, 1.148092732e-08, 7.84653853003e-09, 6.05952532595e-09, 3.01810509917e-09, 5.36294431086e-09, 2.45292097745e-09, 1.26613541873e-09, 4.40999237128e-10, 2.13982068176e-10, 2.54356063989e-10, 8.06160485589e-11, 1.20348356281e-10, 4.39485808856e-10, 9.29150090201e-11, 2.46339892929e-11, 1.53035101952e-11, 1.7641069161e-11, 2.71951038078e-11, 4.8667143232e-11, 5.92461774085e-11, 1.08539330301e-10, 2.05671604747e-10, 3.0664643047e-10, 3.44502898431e-10, 1.37295702585e-10, 1.07220508513e-11, 5.38365489341e-12], "dvar2": [1.1563634871e-05, 7.18761657481e-05, 5.62453496968e-05, 5.86638179811e-06, 3.43509128697e-07, 1.6805587677e-07, 1.93213409716e-07, 4.21990591803e-07, 4.22431980951e-07, 2.1682116369e-07, 1.79919425136e-07, 2.40605828594e-07, 1.1902597663e-07, 2.17749462905e-08, 1.85061850289e-08, 1.37225057983e-08, 7.29663440779e-09, 1.46104639498e-08, 6.16969764167e-09, 2.60979526878e-09, 9.96814519816e-10, 4.58032389794e-10, 4.86390205889e-10, 1.80522624627e-10, 2.77977835195e-10, 8.20057244333e-10, 1.85365556238e-10, 5.70181679649e-11, 3.48897959135e-11, 3.95192351066e-11, 6.27322430113e-11, 1.10290505895e-10, 1.50953527456e-10, 2.63052857274e-10, 5.23214693793e-10, 7.60751461826e-10, 6.88340717758e-10, 2.40198166912e-10, 2.25967352468e-11, 1.3115120101e-11], "max": [0.0188954360783, 0.0418558940291, 0.0501352250576, 0.0177121963352, 0.0110966460779, 0.0076269088313, 0.00625768257305, 0.0150355771184, 0.0222837310284, 0.00925170071423, 0.0101224156097, 0.0129590835422, 0.00561899784952, 0.00604262435809, 0.00313798803836, 0.00258724624291, 0.00194840342738, 0.00378764863126, 0.00183714076411, 0.00156251352746, 0.000603236781899, 0.000408113817684, 0.000788915902376, 0.000279654341284, 0.000445798650617, 0.00101662310772, 0.000477633264381, 0.000201247472432, 0.000124142039567, 0.000165147634107, 0.000150374238729, 0.000273073266726, 0.000355259195203, 0.000508985773195, 0.000755810469855, 0.000946259126067, 0.0011949071195, 0.000901846098714, 0.000226333737373, 0.000132754939841], "mean": [0.000880139123183, 0.00149022543337, 0.00106839463115, 0.000530584657099, 0.000294088211376, 0.000232745645917, 0.000250632409006, 0.000431056309026, 0.000346006680047, 0.000208918660064, 0.000140884993016, 0.000143113225931, 0.000120695782243, 4.41298507212e-05, 3.14243879984e-05, 2.27179025387e-05, 2.47176394623e-05, 2.11554161069e-05, 1.65946603374e-05, 1.53871751536e-05, 1.14459971883e-05, 8.72839336807e-06, 8.52191715239e-06, 4.90587581226e-06, 4.92654180562e-06, 8.77569527802e-06, 4.53084248875e-06, 2.97864494314e-06, 2.64376149062e-06, 2.57377246271e-06, 3.108294095e-06, 3.42835141964e-06, 2.75516208603e-06, 2.91825631393e-06, 3.21314200846e-06, 3.13245777761e-06, 3.28650207848e-06, 2.21873642658e-06, 9.11207280296e-07, 6.44675367312e-07], "median": [5.62783679925e-05, 9.13935509743e-05, 0.000129070424009, 0.000162650510902, 0.000113672715088, 8.42338922666e-05, 0.000113554968266, 0.000147892482346, 7.9676254245e-05, 3.63121034752e-05, 1.3604074411e-05, 1.54009139806e-05, 1.28155925267e-05, 6.07226638749e-06, 4.55393455923e-06, 3.25945393342e-06, 5.13575741934e-06, 4.70332906843e-06, 3.68146584151e-06, 3.60777676178e-06, 2.49978552347e-06, 2.07009179576e-06, 2.00210433832e-06, 1.18031903185e-06, 1.16043133858e-06, 1.24920393318e-06, 7.37312689125e-07, 6.10386848621e-07, 3.6652994595e-07, 3.21305947182e-07, 2.97597210874e-07, 2.44607349487e-07, 2.15434596385e-07, 2.12410270706e-07, 1.86283074299e-07, 1.37697313107e-07, 1.15664903433e-07, 9.64667776771e-08, 6.96410324963e-08, 4.64192808636e-08], "min": [3.54593297372e-25, 2.60116529697e-25, 1.33506415308e-24, 1.10914287008e-24, 2.00480321592e-24, 1.81628774489e-24, 7.8676638091e-25, 6.46822604235e-25, 1.46654005028e-24, 1.39740743599e-24, 2.35459498813e-24, 1.98610090158e-24, 3.23775474824e-24, 1.40069935255e-24, 2.47549640211e-24, 2.93538416605e-24, 3.09660465533e-24, 1.96255695343e-24, 2.28622401905e-24, 2.93568906079e-24, 2.96040841169e-24, 3.71426874184e-24, 3.98363081995e-24, 3.69404155937e-24, 3.67343177936e-24, 4.72544524408e-24, 3.4709974493e-24, 4.06566485992e-24, 3.91780313842e-24, 5.19614671331e-24, 4.77072507118e-24, 5.02598073858e-24, 4.82519118352e-24, 4.60882754203e-24, 5.65851228936e-24, 6.36897540895e-24, 5.23861622343e-24, 6.02473504815e-24, 5.71163576043e-24, 6.13129359036e-24], "var": [6.01900956099e-06, 2.27944728977e-05, 1.29707468659e-05, 1.56608109592e-06, 2.84019392893e-07, 2.02620753953e-07, 1.66178523386e-07, 6.88690761308e-07, 8.13209737771e-07, 3.10765727818e-07, 3.43699952055e-07, 2.38590445178e-07, 1.02228938204e-07, 2.19801119528e-08, 1.14293818854e-08, 7.93798271559e-09, 4.56198145926e-09, 5.27913845971e-09, 2.69511835072e-09, 2.5784516744e-09, 8.92387275186e-10, 4.60733146079e-10, 6.58305632228e-10, 1.39484326867e-10, 1.94693053346e-10, 1.21256926722e-09, 2.11437450881e-10, 5.85323872704e-11, 4.17514287032e-11, 4.01992258925e-11, 6.36977345869e-11, 1.16353607305e-10, 1.04477967944e-10, 2.19343682106e-10, 4.33688002177e-10, 6.42607800305e-10, 1.09000375392e-09, 4.61815669039e-10, 2.93309439237e-11, 1.30792642342e-11]}, "melbands_crest": {"dmean": 3.23970341682, "dmean2": 5.13270759583, "dvar": 9.82002830505, "dvar2": 22.8658332825, "max": 36.4180984497, "mean": 13.5834369659, "median": 12.6622638702, "min": 1.4262714386, "var": 30.3071517944}, "melbands_flatness_db": {"dmean": 0.0296900160611, "dmean2": 0.0431503131986, "dvar": 0.000992697314359, "dvar2": 0.00210511381738, "max": 0.587443590164, "mean": 0.212779685855, "median": 0.209622859955, "min": 0.0018610424595, "var": 0.00572665175423}, "melbands_kurtosis": {"dmean": 9.43645381927, "dmean2": 14.7825193405, "dvar": 403.937225342, "dvar2": 943.28729248, "max": 383.313537598, "mean": 13.7008113861, "median": 6.60474777222, "min": -1.93652439117, "var": 564.828063965}, "melbands_skewness": {"dmean": 0.92259824276, "dmean2": 1.35745429993, "dvar": 1.35712683201, "dvar2": 2.97560214996, "max": 16.422586441, "mean": 2.26905488968, "median": 1.9619153738, "min": -2.58024644852, "var": 3.41387438774}, "melbands_spread": {"dmean": 7.82949304581, "dmean2": 11.8204469681, "dvar": 223.484924316, "dvar2": 458.320251465, "max": 271.536224365, "mean": 23.603061676, "median": 15.033946991, "min": 0.441902041435, "var": 938.805175781}, "mfcc": {"cov": [[15296.2294922, 969.821289062, 106.706848145, 351.769226074, -100.159187317, 360.335235596, 5.67212533951, 196.216644287, 18.1154727936, 75.0383987427, -12.1540184021, -40.8215065002, -22.7304992676], [969.821289062, 2324.82470703, -326.525634766, 44.1062660217, 89.0551528931, -134.576034546, 69.4867935181, 69.8502120972, 70.9163742065, 46.606136322, -33.8728179932, -61.773853302, -32.6907920837], [106.706848145, -326.525634766, 805.455810547, 270.689880371, 160.15045166, 147.01763916, 20.4740943909, 76.3299865723, 65.5985946655, 33.5480079651, 47.3920822144, 55.6325111389, -4.2714600563], [351.769226074, 44.1062660217, 270.689880371, 648.153320312, 219.109451294, 82.0744476318, 32.4059371948, 74.7409439087, 83.4840164185, 64.7915039062, 40.4101905823, 30.3468437195, 5.12230634689], [-100.159187317, 89.0551528931, 160.15045166, 219.109451294, 392.42098999, 129.652923584, 60.422580719, 31.1700019836, 35.9941635132, 17.4759311676, -0.124028712511, 23.8635292053, -13.8792972565], [360.335235596, -134.576034546, 147.01763916, 82.0744476318, 129.652923584, 325.621032715, 146.650421143, 52.7424468994, 18.0627651215, -8.51497459412, 21.0532741547, -3.17343664169, -5.33610868454], [5.67212533951, 69.4867935181, 20.4740943909, 32.4059371948, 60.422580719, 146.650421143, 242.263427734, 93.1928253174, 22.3914012909, 10.0134944916, -9.23353004456, -20.0910606384, -2.9377849102], [196.216644287, 69.8502120972, 76.3299865723, 74.7409439087, 31.1700019836, 52.7424468994, 93.1928253174, 187.124023438, 101.141456604, 29.863155365, 13.1638832092, -12.0228729248, -15.4544010162], [18.1154727936, 70.9163742065, 65.5985946655, 83.4840164185, 35.9941635132, 18.0627651215, 22.3914012909, 101.141456604, 176.08380127, 74.3126907349, 24.60521698, -5.91138553619, -24.9491424561], [75.0383987427, 46.606136322, 33.5480079651, 64.7915039062, 17.4759311676, -8.51497459412, 10.0134944916, 29.863155365, 74.3126907349, 148.161727905, 47.8393974304, 21.1660194397, 1.9556055069], [-12.1540184021, -33.8728179932, 47.3920822144, 40.4101905823, -0.124028712511, 21.0532741547, -9.23353004456, 13.1638832092, 24.60521698, 47.8393974304, 131.377838135, 56.6638565063, 2.46655154228], [-40.8215065002, -61.773853302, 55.6325111389, 30.3468437195, 23.8635292053, -3.17343664169, -20.0910606384, -12.0228729248, -5.91138553619, 21.1660194397, 56.6638565063, 121.351715088, 47.7105293274], [-22.7304992676, -32.6907920837, -4.2714600563, 5.12230634689, -13.8792972565, -5.33610868454, -2.9377849102, -15.4544010162, -24.9491424561, 1.9556055069, 2.46655154228, 47.7105293274, 108.062332153]], "icov": [[7.72987841628e-05, -4.80555099784e-05, 4.2463234422e-06, -5.42343332199e-05, 0.000108626263682, -0.000202654904569, 0.00016372083337, -0.000145887432154, 0.000129371604999, -9.83119243756e-05, 9.53141279751e-05, -3.67227112292e-05, 3.76781099476e-05], [-4.80555099784e-05, 0.000543685338926, 0.000225119278184, -1.7780041162e-05, -0.000318305625115, 0.000486109929625, -0.000345686741639, -2.17901670112e-05, -0.000199300571694, 4.01096576752e-06, -9.66347070062e-05, 0.000213883133256, -3.59730847777e-06], [4.2463234422e-06, 0.000225119278184, 0.00175717147067, -0.000505895528477, -0.000251795572694, -0.000597115780693, 0.000472111045383, -0.000603228923865, -6.99220545357e-05, -6.68370412313e-05, 8.64067624207e-05, -0.00066171848448, 0.000302420929074], [-5.42343332199e-05, -1.7780041162e-05, -0.000505895528477, 0.00226267869584, -0.00110862450674, 0.000207328761462, 5.11670550623e-05, -0.000268968375167, -0.000368625944247, -0.000354866613634, -0.000447922415333, 0.000299141858704, -0.00051379983779], [0.000108626263682, -0.000318305625115, -0.000251795572694, -0.00110862450674, 0.00402353703976, -0.00163284840528, 9.44114508457e-05, 0.000263999245362, -6.93916299497e-05, -0.000235898245592, 0.00134991819505, -0.00154399615712, 0.00108474493027], [-0.000202654904569, 0.000486109929625, -0.000597115780693, 0.000207328761462, -0.00163284840528, 0.00610697967932, -0.00375058921054, 0.000986072584055, -0.000808702956419, 0.00147168443073, -0.0019642575644, 0.00116974511184, -0.000483063107822], [0.00016372083337, -0.000345686741639, 0.000472111045383, 5.11670550623e-05, 9.44114508457e-05, -0.00375058921054, 0.0079715885222, -0.00417922856286, 0.00211905664764, -0.00157150172163, 0.00138688914012, 0.000262119574472, -0.000237654254306], [-0.000145887432154, -2.17901670112e-05, -0.000603228923865, -0.000268968375167, 0.000263999245362, 0.000986072584055, -0.00417922856286, 0.0106592066586, -0.00597025733441, 0.0017305619549, -0.000991589389741, 0.000567768060137, -0.000192733859876], [0.000129371604999, -0.000199300571694, -6.99220545357e-05, -0.000368625944247, -6.93916299497e-05, -0.000808702956419, 0.00211905664764, -0.00597025733441, 0.0113906962797, -0.00471055274829, 0.000371453352273, 0.000358782650437, 0.00168477988336], [-9.83119243756e-05, 4.01096576752e-06, -6.68370412313e-05, -0.000354866613634, -0.000235898245592, 0.00147168443073, -0.00157150172163, 0.0017305619549, -0.00471055274829, 0.0102559868246, -0.00319595239125, -7.82838469604e-05, -0.000923793239053], [9.53141279751e-05, -9.66347070062e-05, 8.64067624207e-05, -0.000447922415333, 0.00134991819505, -0.0019642575644, 0.00138688914012, -0.000991589389741, 0.000371453352273, -0.00319595239125, 0.011899846606, -0.00611798325554, 0.00256086862646], [-3.67227112292e-05, 0.000213883133256, -0.00066171848448, 0.000299141858704, -0.00154399615712, 0.00116974511184, 0.000262119574472, 0.000567768060137, 0.000358782650437, -7.82838469604e-05, -0.00611798325554, 0.01429456193, -0.00612286478281], [3.76781099476e-05, -3.59730847777e-06, 0.000302420929074, -0.00051379983779, 0.00108474493027, -0.000483063107822, -0.000237654254306, -0.000192733859876, 0.00168477988336, -0.000923793239053, 0.00256086862646, -0.00612286478281, 0.0124290538952]], "mean": [-715.52166748, 120.569488525, 5.2011756897, 12.7771511078, -6.50402593613, -6.38912725449, -12.349899292, -1.22631549835, -3.14471554756, 3.27281975746, -1.28686523438, -0.920359313488, 0.58623021841]}, "pitch_salience": {"dmean": 0.0729720816016, "dmean2": 0.116131179035, "dvar": 0.00522332871333, "dvar2": 0.0125498082489, "max": 0.974609553814, "mean": 0.557884395123, "median": 0.562586069107, "min": 0.106590256095, "var": 0.01361762546}, "silence_rate_20dB": {"dmean": 0, "dmean2": 0, "dvar": 0, "dvar2": 0, "max": 1, "mean": 1, "median": 1, "min": 1, "var": 0}, "silence_rate_30dB": {"dmean": 0.0469246804714, "dmean2": 0.0938596501946, "dvar": 0.0447199195623, "dvar2": 0.118594504893, "max": 1, "mean": 0.968866467476, "median": 1, "min": 0, "var": 0.0301677640527}, "silence_rate_60dB": {"dmean": 0.0587654858828, "dmean2": 0.11754386127, "dvar": 0.0553083792329, "dvar2": 0.11687425524, "max": 1, "mean": 0.203354522586, "median": 0, "min": 0, "var": 0.162016421556}, "spectral_centroid": {"dmean": 260.579467773, "dmean2": 389.109680176, "dvar": 142208.515625, "dvar2": 288024.8125, "max": 11783.2304688, "mean": 1329.12573242, "median": 946.728393555, "min": 149.208572388, "var": 2288639.25}, "spectral_complexity": {"dmean": 3.08738088608, "dmean2": 4.56118440628, "dvar": 17.2621765137, "dvar2": 31.8040885925, "max": 52, "mean": 11.6210260391, "median": 10, "min": 0, "var": 68.4601821899}, "spectral_contrast_coeffs": {"dmean": [0.0555617772043, 0.0452401638031, 0.0469564013183, 0.0365970470011, 0.0260298047215, 0.0202630888671], "dmean2": [0.0866636931896, 0.0716600939631, 0.0720967575908, 0.0572134666145, 0.0402390882373, 0.0308213885874], "dvar": [0.00282992608845, 0.00157946394756, 0.00167146604508, 0.000983682228252, 0.000541993533261, 0.000332140712999], "dvar2": [0.00653680879623, 0.00385509780608, 0.00367784756236, 0.00226978701539, 0.00118052575272, 0.000711711065378], "max": [-0.28939718008, -0.40493530035, -0.295322567225, -0.491216182709, -0.567377746105, -0.549601197243], "mean": [-0.648370206356, -0.699207425117, -0.728587985039, -0.781545698643, -0.791210949421, -0.78013586998], "median": [-0.651414752007, -0.696999371052, -0.734588205814, -0.784593939781, -0.794555544853, -0.785438418388], "min": [-0.977238237858, -0.977325737476, -0.984452307224, -0.973678946495, -0.967629253864, -0.965432286263], "var": [0.0111257098615, 0.00724917510524, 0.00986397266388, 0.00422219512984, 0.00314136315137, 0.00275894161314]}, "spectral_contrast_valleys": {"dmean": [0.513645768166, 0.411837041378, 0.520450472832, 0.508383631706, 0.377444684505, 0.454828590155], "dmean2": [0.74252474308, 0.640519678593, 0.776599287987, 0.73184877634, 0.508449077606, 0.554185390472], "dvar": [0.286629110575, 0.194019988179, 0.291110366583, 0.316783756018, 0.195424795151, 0.233972072601], "dvar2": [0.464356064796, 0.400278240442, 0.600132107735, 0.636336743832, 0.333442956209, 0.340680122375], "max": [-5.30788850784, -4.81494665146, -5.23480224609, -5.60758399963, -5.6569943428, -6.63952922821], "mean": [-8.58306884766, -7.56139707565, -8.51673412323, -8.88777542114, -8.82199859619, -11.0715255737], "median": [-7.93999576569, -6.97789096832, -8.02678108215, -8.44867706299, -8.36265182495, -10.7005310059], "min": [-28.1296806335, -28.2595691681, -27.8376369476, -27.7263336182, -27.5240955353, -27.4385700226], "var": [9.38395786285, 9.20556640625, 8.5006313324, 8.25465869904, 8.17600154877, 6.9798951149]}, "spectral_decrease": {"dmean": 3.12740544572e-09, "dmean2": 4.48045511803e-09, "dvar": 4.57750699854e-17, "dvar2": 1.04214010451e-16, "max": 9.07119702379e-21, "mean": -5.3682107648e-09, "median": -2.67515076757e-09, "min": -6.00070393375e-08, "var": 6.28131178671e-17}, "spectral_energy": {"dmean": 0.0122360661626, "dmean2": 0.0174637492746, "dvar": 0.000675498624332, "dvar2": 0.00153368071187, "max": 0.231805026531, "mean": 0.0216690953821, "median": 0.0110026672482, "min": 9.99619416716e-21, "var": 0.000966520165093}, "spectral_energyband_high": {"dmean": 0.000390301691368, "dmean2": 0.000531098805368, "dvar": 3.58299689651e-06, "dvar2": 7.06916307536e-06, "max": 0.104494221509, "mean": 0.000784335890785, "median": 7.90738413343e-05, "min": 6.9881914515e-21, "var": 1.37513916343e-05}, "spectral_energyband_low": {"dmean": 0.00735969049856, "dmean2": 0.0110651990399, "dvar": 0.000413776724599, "dvar2": 0.0009589488036, "max": 0.161396473646, "mean": 0.0076189651154, "median": 0.000689684413373, "min": 6.56876468839e-24, "var": 0.000427004008088}, "spectral_energyband_middle_high": {"dmean": 0.00176561495755, "dmean2": 0.00266196276061, "dvar": 1.32224213303e-05, "dvar2": 2.82152177533e-05, "max": 0.0876158103347, "mean": 0.00362822157331, "median": 0.00118867203128, "min": 1.12934205667e-21, "var": 3.81291829399e-05}, "spectral_energyband_middle_low": {"dmean": 0.00616966141388, "dmean2": 0.0100756492466, "dvar": 0.000211469538044, "dvar2": 0.00057240325259, "max": 0.177648678422, "mean": 0.0110364863649, "median": 0.00611060112715, "min": 1.6436256486e-22, "var": 0.000239013636019}, "spectral_entropy": {"dmean": 0.232635900378, "dmean2": 0.319734305143, "dvar": 0.0620584823191, "dvar2": 0.118218883872, "max": 9.82253265381, "mean": 7.34955310822, "median": 7.34983634949, "min": 4.72875499725, "var": 0.459443956614}, "spectral_flux": {"dmean": 0.0323574207723, "dmean2": 0.046317845583, "dvar": 0.00273543782532, "dvar2": 0.00457897223532, "max": 0.451912164688, "mean": 0.07410223037, "median": 0.0494477674365, "min": 6.34888461248e-11, "var": 0.00608933856711}, "spectral_kurtosis": {"dmean": 2.52492880821, "dmean2": 3.99080824852, "dvar": 12.8562364578, "dvar2": 30.6085700989, "max": 88.7758636475, "mean": 5.70294809341, "median": 4.36095476151, "min": -1.58648061752, "var": 35.1936302185}, "spectral_rms": {"dmean": 0.0010023182258, "dmean2": 0.00133441796061, "dvar": 2.58277509602e-06, "dvar2": 5.20656112712e-06, "max": 0.0150383254513, "mean": 0.00374851957895, "median": 0.00327632552944, "min": 3.12288086016e-12, "var": 7.08920697434e-06}, "spectral_rolloff": {"dmean": 494.726013184, "dmean2": 817.421447754, "dvar": 1188003.25, "dvar2": 2259541.75, "max": 20887.2070312, "mean": 1837.76477051, "median": 882.861328125, "min": 64.599609375, "var": 9364489}, "spectral_skewness": {"dmean": 0.317204326391, "dmean2": 0.469349473715, "dvar": 0.116600245237, "dvar2": 0.254955202341, "max": 7.74126291275, "mean": 1.70667457581, "median": 1.6978597641, "min": -0.375199854374, "var": 0.663373231888}, "spectral_spread": {"dmean": 716193.6875, "dmean2": 1016421.8125, "dvar": 1074699960320.0, "dvar2": 209717769011