{"lowlevel": {"average_loudness": 0.670019924641, "barkbands": {"dmean": [0.00216965819709, 0.00394581444561, 0.00124690227676, 0.00120115897153, 0.00152958545368, 0.00100428366568, 0.000810363038909, 0.000484880030854, 0.000648245506454, 0.000515492982231, 0.000497395638376, 0.000473758467706, 0.000532194913831, 0.000148481471115, 0.00016186349967, 6.23171363259e-05, 4.05456630688e-05, 4.52479798696e-05, 3.27083944285e-05, 2.27857435675e-05, 1.69796603586e-05, 1.15358361654e-05, 3.5678247059e-06, 1.91593494492e-06, 1.67426208009e-06, 2.09545760299e-06, 8.21010107757e-05], "dmean2": [0.00345237646252, 0.00640225084499, 0.00208639982156, 0.00190618180204, 0.00229668989778, 0.00150659866631, 0.00121272262186, 0.000748949183617, 0.000977136078291, 0.000814883154817, 0.000714682100806, 0.000711439352017, 0.000841509201564, 0.00024058445706, 0.000256254512351, 0.000102558988146, 6.24074818916e-05, 6.91210589139e-05, 4.87734832859e-05, 3.4008120565e-05, 2.44869515882e-05, 1.65422716236e-05, 5.43756368643e-06, 3.10869108944e-06, 2.77939193438e-06, 3.36109860655e-06, 0.000131322914967], "dvar": [2.71568060271e-05, 5.47761992493e-05, 4.23442452302e-06, 7.36362653697e-06, 2.97601309285e-05, 1.39203293656e-05, 7.22276718079e-06, 3.73471903004e-06, 7.89851765148e-06, 3.83196493203e-06, 8.04913997854e-06, 8.60967520566e-06, 3.13286523124e-06, 1.15241171272e-07, 2.52214903185e-07, 3.3885402928e-08, 2.0179246718e-08, 2.295304391e-08, 1.75336367647e-08, 8.85800677253e-09, 4.64747129669e-09, 3.84066067838e-09, 1.35192718131e-10, 1.77534289353e-11, 1.45323588233e-11, 1.78527227723e-11, 3.32421592475e-08], "dvar2": [6.3249404775e-05, 0.000139081967063, 1.13897831397e-05, 1.60965664691e-05, 6.38477795292e-05, 3.10891809931e-05, 1.3605795175e-05, 8.80594689079e-06, 1.71199753822e-05, 9.12884843274e-06, 1.39241465149e-05, 1.53474138642e-05, 7.78124649514e-06, 2.72062720796e-07, 6.05137984167e-07, 8.6693617618e-08, 4.15566319134e-08, 5.54920838169e-08, 3.7720511159e-08, 1.7718198464e-08, 7.69282859636e-09, 7.30408000749e-09, 2.86973944608e-10, 4.31047697536e-11, 3.59891630386e-11, 4.3427629548e-11, 8.00929882416e-08], "max": [0.0961741730571, 0.103904634714, 0.0336211845279, 0.0933868139982, 0.22007355094, 0.0968755483627, 0.130112871528, 0.0706647485495, 0.117744885385, 0.0809913277626, 0.183163896203, 0.235681965947, 0.0734090954065, 0.0149436611682, 0.015630627051, 0.0066723683849, 0.00919855199754, 0.00500652752817, 0.00657621165738, 0.00543118547648, 0.00319638196379, 0.00282066501677, 0.000467689154902, 0.000121232384117, 0.000116109898954, 0.000114831753308, 0.0133881680667], "mean": [0.0025753879454, 0.00661606155336, 0.00187506852672, 0.00190270307939, 0.00256166001782, 0.00174263853114, 0.00150417501573, 0.000787170080002, 0.00113029289059, 0.00077484844951, 0.00072043662658, 0.000780785048846, 0.000877189391758, 0.000270683143754, 0.000271015043836, 0.000101702637039, 6.86378407408e-05, 8.26815303299e-05, 5.90408308199e-05, 3.91982284782e-05, 2.96972284559e-05, 1.83896736417e-05, 5.05749449076e-06, 2.15457293962e-06, 1.68145732005e-06, 2.80564995592e-06, 0.000234371254919], "median": [0.000406777864555, 0.00264775706455, 0.000998119241558, 0.000649799127132, 0.000788667297456, 0.000417720060796, 0.00044941494707, 0.000136160524562, 0.000174110435182, 0.000222230431973, 0.000116573923151, 0.000128626037622, 0.00017258853768, 0.000112415364129, 5.75028534513e-05, 2.84365632979e-05, 1.51608282977e-05, 1.3652387679e-05, 1.03040392787e-05, 7.7332060755e-06, 5.83912060392e-06, 3.77828155251e-06, 1.65265760188e-06, 7.29468297322e-07, 5.08237008034e-07, 1.32403215503e-06, 0.00010409783863], "min": [4.37597611597e-25, 1.5991948015e-24, 1.47227891476e-24, 6.87948634934e-25, 5.51304988831e-24, 1.41083134397e-23, 3.40679284909e-24, 8.97889923134e-24, 1.51138034381e-23, 1.57143711338e-23, 1.46070597029e-23, 2.91931830375e-23, 2.81650574642e-23, 3.16687516203e-23, 3.45075748729e-23, 4.15386353231e-23, 7.14737830627e-23, 9.14018105455e-23, 1.34627582687e-22, 1.65741317018e-22, 2.4481554771e-22, 3.57837580733e-22, 3.93770308561e-22, 6.41358506716e-22, 9.08174337465e-22, 1.23471085149e-21, 1.94810788364e-21], "var": [3.4786084143e-05, 9.35708376346e-05, 7.83422274253e-06, 1.92683783098e-05, 5.49384494661e-05, 2.43081958615e-05, 2.1079355065e-05, 6.90553315508e-06, 2.24329214689e-05, 6.55041185382e-06, 1.79947219294e-05, 1.86588949873e-05, 6.28898987998e-06, 2.73140983609e-07, 5.18591605214e-07, 6.39449524442e-08, 5.8790948998e-08, 6.54819984902e-08, 5.53368089129e-08, 2.4698744383e-08, 1.44452867445e-08, 7.87585463513e-09, 2.47531661834e-10, 2.1837292391e-11, 1.51657263137e-11, 2.40917823885e-11, 3.13918036454e-07]}, "barkbands_crest": {"dmean": 2.66134119034, "dmean2": 4.31014680862, "dvar": 5.8514456749, "dvar2": 14.7483119965, "max": 23.6127719879, "mean": 10.8942480087, "median": 10.0137004852, "min": 2.47899150848, "var": 19.3204269409}, "barkbands_flatness_db": {"dmean": 0.0284235160798, "dmean2": 0.0440402776003, "dvar": 0.000628425739706, "dvar2": 0.00147151388228, "max": 0.431873649359, "mean": 0.172516316175, "median": 0.164583981037, "min": 0.0260838698596, "var": 0.00338904187083}, "barkbands_kurtosis": {"dmean": 6.54771375656, "dmean2": 10.3857574463, "dvar": 140.349380493, "dvar2": 348.100372314, "max": 292.925201416, "mean": 13.069565773, "median": 7.54811525345, "min": -1.77273821831, "var": 365.304504395}, "barkbands_skewness": {"dmean": 0.706156492233, "dmean2": 1.09117805958, "dvar": 0.558000028133, "dvar2": 1.27907884121, "max": 13.0881624222, "mean": 2.51714944839, "median": 2.28016996384, "min": -2.16201019287, "var": 2.60939383507}, "barkbands_spread": {"dmean": 5.0936293602, "dmean2": 7.90318632126, "dvar": 36.7587280273, "dvar2": 93.6643295288, "max": 117.059623718, "mean": 17.9929981232, "median": 15.0395050049, "min": 0.524845063686, "var": 179.754135132}, "dissonance": {"dmean": 0.0272927973419, "dmean2": 0.0457410886884, "dvar": 0.000671413785312, "dvar2": 0.00187113299035, "max": 0.499852150679, "mean": 0.447639256716, "median": 0.456707537174, "min": 0.231430768967, "var": 0.00147486897185}, "dynamic_complexity": 4.4325056076, "erbbands": {"dmean": [0.206418097019, 0.610192656517, 1.35302937031, 2.57088303566, 4.03235769272, 5.20769500732, 9.71706581116, 7.29175806046, 10.1389770508, 12.6761198044, 11.5120658875, 14.3183193207, 12.9571180344, 16.046585083, 20.1958522797, 16.1109790802, 25.3909797668, 8.41429424286, 7.55052137375, 6.17051362991, 2.98410320282, 2.23809194565, 2.43338727951, 1.80658245087, 1.52183794975, 1.04359698296, 0.833864212036, 0.575959205627, 0.44441229105, 0.218800768256, 0.0872413143516, 0.046694226563, 0.0288103967905, 0.0187649130821, 0.0119085591286, 0.00691917259246, 0.00396701088175, 0.00290627544746, 0.00217564194463, 0.00243664765731], "dmean2": [0.333037704229, 1.01053142548, 2.25122070312, 4.11264848709, 6.29673242569, 7.91130304337, 14.5473337173, 10.9286813736, 15.3472909927, 19.1124248505, 16.9405460358, 21.611831665, 20.1923694611, 24.4699363708, 29.161567688, 24.3883666992, 40.0885391235, 13.4043054581, 11.9098463058, 9.70272731781, 4.82034444809, 3.40438818932, 3.69258546829, 2.67069602013, 2.2286002636, 1.52078378201, 1.20175743103, 0.827882111073, 0.63963675499, 0.322278857231, 0.132713541389, 0.0741964876652, 0.0472002364695, 0.0311722960323, 0.0197345297784, 0.0113639393821, 0.00634211953729, 0.00426499126479, 0.0031683978159, 0.0038232433144], "dvar": [0.205629706383, 0.936368584633, 4.37977790833, 33.0653915405, 64.4852600098, 458.282562256, 1612.98291016, 689.332824707, 1697.3762207, 1572.22912598, 2357.2902832, 5116.95019531, 2296.33984375, 4361.30615234, 12475.8925781, 6468.3125, 7181.38134766, 371.357391357, 550.714599609, 294.362823486, 80.1888961792, 64.6968002319, 72.8665542603, 33.4771728516, 59.1518287659, 17.7212104797, 9.88827991486, 7.21308088303, 5.81552124023, 1.15555691719, 0.0618860311806, 0.011258918792, 0.0041044075042, 0.00185740645975, 0.000720092502888, 0.000220730784349, 5.84198060096e-05, 6.77306597936e-05, 0.00013203555136, 2.10229572986e-05], "dvar2": [0.526593446732, 2.4479868412, 12.0029373169, 71.1739578247, 145.568313599, 1055.44226074, 3292.47167969, 1544.3894043, 3172.85327148, 3331.0534668, 4683.06787109, 11088.8896484, 5499.45654297, 9860.19433594, 20815.2597656, 12524.9375, 17928.59375, 936.971496582, 1303.46252441, 677.299926758, 206.324417114, 127.107444763, 174.096038818, 68.3388137817, 138.448471069, 32.7450408936, 18.2329616547, 12.916633606, 10.9269962311, 2.46788835526, 0.125989422202, 0.025427184999, 0.0101275332272, 0.00460251327604, 0.00178076978773, 0.000542941619642, 0.000138773306389, 0.000127518360387, 0.000361828511814, 5.13976519869e-05], "max": [5.98522043228, 14.4800596237, 32.722530365, 216.883209229, 216.318908691, 915.877197266, 1146.90966797, 662.81628418, 2318.79638672, 1381.01489258, 2790.95996094, 3665.19140625, 1601.63293457, 3022.89086914, 5935.22509766, 5302.47314453, 3237.32446289, 511.737579346, 567.871276855, 661.032409668, 360.515930176, 555.099914551, 350.148468018, 263.183532715, 453.08972168, 215.01171875, 152.00617981, 119.486000061, 116.308425903, 60.7317085266, 10.8682184219, 2.71013331413, 1.93703711033, 1.31472170353, 0.815670967102, 0.445232242346, 0.210688501596, 0.49240514636, 0.868250906467, 0.306359946728], "mean": [0.311854958534, 1.01377105713, 2.13952875137, 4.40210008621, 6.84992980957, 7.6572303772, 16.7561569214, 12.7603721619, 17.3901596069, 24.3505802155, 19.9456596375, 25.4672927856, 21.2020111084, 26.1025810242, 32.5688209534, 29.9158592224, 42.7022438049, 17.7956066132, 13.6636581421, 10.7819299698, 5.24678993225, 4.01758241653, 4.56381511688, 3.5309112072, 2.67941808701, 1.82595014572, 1.46733105183, 0.965022265911, 0.720182597637, 0.327787578106, 0.123977310956, 0.0570677854121, 0.0310921575874, 0.0189360324293, 0.012114007026, 0.00762103451416, 0.00547823542729, 0.00551391812041, 0.00664870906621, 0.0106575964019], "median": [0.0729110091925, 0.533475637436, 1.28347682953, 1.8497364521, 2.72881412506, 2.07120943069, 2.90940761566, 3.50328731537, 5.12189102173, 5.42123794556, 3.16236305237, 4.25435161591, 5.54255199432, 7.19733715057, 6.10022830963, 5.70242643356, 8.92916202545, 6.8367767334, 3.93245315552, 2.81327438354, 1.43181931973, 0.951650679111, 0.818043649197, 0.629109919071, 0.498853713274, 0.365936905146, 0.281599968672, 0.199958592653, 0.142691046, 0.0835746303201, 0.0424572229385, 0.0200925339013, 0.0105958729982, 0.00582323502749, 0.00380843365565, 0.0028900555335, 0.00265911966562, 0.0025613179896, 0.00278023490682, 0.00675197970122], "min": [2.96395110713e-23, 3.17548195005e-22, 1.94840212244e-21, 5.5243051222e-21, 1.00389216001e-20, 1.43050967236e-20, 4.67149507769e-20, 1.13115397803e-19, 7.47011043066e-20, 1.44132163382e-19, 2.21415260272e-19, 4.2373138549e-19, 3.27194005482e-19, 7.80516769259e-19, 1.10894831449e-18, 1.25141476876e-18, 1.46642754769e-18, 1.60659619762e-18, 2.21156125266e-18, 3.30247930454e-18, 2.93141497394e-18, 4.3020207821e-18, 5.87934130009e-18, 5.92848658182e-18, 6.84434881425e-18, 9.02860276694e-18, 7.65747231948e-18, 9.13214261858e-18, 1.05153010993e-17, 1.24548022349e-17, 1.10244076053e-17, 1.12064204273e-17, 1.09602316247e-17, 8.55667058488e-18, 6.16906296399e-18, 3.51766951371e-18, 2.3266208351e-18, 1.03522604919e-18, 2.54447916703e-19, 2.56879226706e-20], "var": [0.299659311771, 1.746062994, 7.90192937851, 80.8220825195, 166.443389893, 663.17578125, 3893.61254883, 1181.81140137, 4238.00341797, 5364.21435547, 5610.42871094, 14346.0712891, 5400.19482422, 7785.29150391, 28739.6347656, 16778.6679688, 14308.5683594, 1044.28771973, 1267.71789551, 675.797912598, 154.242950439, 185.44291687, 212.167724609, 119.348838806, 147.364089966, 53.2220687866, 30.4051876068, 19.1551399231, 12.3059930801, 1.98554074764, 0.128103718162, 0.0177975594997, 0.0045273732394, 0.00193096743897, 0.000757971312851, 0.000243028480327, 8.54840109241e-05, 0.000194312466192, 0.000930922862608, 0.000238865904976]}, "erbbands_crest": {"dmean": 2.75965309143, "dmean2": 4.44684886932, "dvar": 6.38098669052, "dvar2": 15.3761138916, "max": 29.1592216492, "mean": 9.80596351624, "median": 8.75895690918, "min": 2.33132839203, "var": 19.5479927063}, "erbbands_flatness_db": {"dmean": 0.0241037327796, "dmean2": 0.0368446782231, "dvar": 0.000398714997573, "dvar2": 0.000946251268033, "max": 0.345339357853, "mean": 0.16613201797, "median": 0.163284271955, "min": 0.0332124978304, "var": 0.00195966660976}, "erbbands_kurtosis": {"dmean": 1.17385649681, "dmean2": 1.83620679379, "dvar": 2.71369838715, "dvar2": 6.26699829102, "max": 38.5005645752, "mean": 1.32525551319, "median": 0.428197622299, "min": -1.55754864216, "var": 7.85116815567}, "erbbands_skewness": {"dmean": 0.364048987627, "dmean2": 0.565134346485, "dvar": 0.102449439466, "dvar2": 0.25002643466, "max": 4.47885799408, "mean": 0.225359871984, "median": 0.166682586074, "min": -3.18655896187, "var": 0.641784727573}, "erbbands_spread": {"dmean": 5.51925468445, "dmean2": 8.45491027832, "dvar": 29.2536449432, "dvar2": 65.7119293213, "max": 87.1192474365, "mean": 24.5557384491, "median": 22.9121437073, "min": 2.89315438271, "var": 133.882888794}, "gfcc": {"cov": [[22317.0878906, 1951.21484375, -1903.18395996, -109.442337036, 50.332195282, -295.197143555, 92.3784790039, -506.793487549, -293.541778564, -215.706237793, -6.00869131088, -204.874038696, -72.6315841675], [1951.21484375, 817.246887207, 17.3662166595, -231.6355896, 29.8752384186, -47.8506164551, 87.4531784058, -60.839138031, 64.5932159424, -10.8475437164, 58.046257019, -46.5343284607, 15.0707092285], [-1903.18395996, 17.3662166595, 777.846740723, 63.1723098755, -136.709487915, 184.710144043, -27.7278938293, 220.62147522, 63.8220214844, 97.2981338501, 33.7397537231, 31.2686595917, 48.6392860413], [-109.442337036, -231.6355896, 63.1723098755, 456.029876709, 43.1332550049, 56.0753479004, 84.8341827393, 4.73727989197, -31.7890586853, 23.6343173981, -23.7407360077, 48.6888809204, -30.3605823517], [50.332195282, 29.8752384186, -136.709487915, 43.1332550049, 253.797058105, 47.4097824097, 60.2446784973, -87.0971679688, -11.1586170197, -39.263584137, 5.99855566025, -2.34983277321, -2.88200688362], [-295.197143555, -47.8506164551, 184.710144043, 56.0753479004, 47.4097824097, 249.615646362, 37.1354560852, 73.8650741577, -39.4354057312, 23.3316383362, 10.3964548111, 21.6815414429, 25.1807689667], [92.3784790039, 87.4531784058, -27.7278938293, 84.8341827393, 60.2446784973, 37.1354560852, 208.721160889, -4.33589029312, 40.5889434814, -9.0962562561, 12.7781543732, 31.3615436554, 0.705398380756], [-506.793487549, -60.839138031, 220.62147522, 4.73727989197, -87.0971679688, 73.8650741577, -4.33589029312, 201.335418701, 57.1985816956, 61.4572029114, 22.3871879578, 15.4688529968, 25.2168483734], [-293.541778564, 64.5932159424, 63.8220214844, -31.7890586853, -11.1586170197, -39.4354057312, 40.5889434814, 57.1985816956, 154.390548706, 58.424571991, 28.3995475769, 10.9024982452, 1.05175840855], [-215.706237793, -10.8475437164, 97.2981338501, 23.6343173981, -39.263584137, 23.3316383362, -9.0962562561, 61.4572029114, 58.424571991, 106.277992249, 53.6078605652, 16.4314899445, 3.60920619965], [-6.00869131088, 58.046257019, 33.7397537231, -23.7407360077, 5.99855566025, 10.3964548111, 12.7781543732, 22.3871879578, 28.3995475769, 53.6078605652, 83.6888427734, 33.4294624329, 14.3689460754], [-204.874038696, -46.5343284607, 31.2686595917, 48.6888809204, -2.34983277321, 21.6815414429, 31.3615436554, 15.4688529968, 10.9024982452, 16.4314899445, 33.4294624329, 74.9552612305, 34.6791419983], [-72.6315841675, 15.0707092285, 48.6392860413, -30.3605823517, -2.88200688362, 25.1807689667, 0.705398380756, 25.2168483734, 1.05175840855, 3.60920619965, 14.3689460754, 34.6791419983, 74.3727264404]], "icov": [[0.000115580180136, -0.000431034422945, 0.000482522242237, -0.000340249156579, 0.000307713955408, -0.000286216265522, 0.000274436431937, -0.000140981850564, 2.01823604584e-05, 0.000124970771139, -9.88947576843e-05, 0.000164470024174, -0.000164151060744], [-0.000431034422945, 0.00375420344062, -0.00232728361152, 0.00200779433362, -0.000824497663416, 0.00123244314454, -0.00249720644206, 0.00188604625873, -0.000744684424717, 0.000521784008015, -0.00227226107381, 0.00237118569203, -0.000586497073527], [0.000482522242237, -0.00232728361152, 0.00464066350833, -0.00240536616184, 0.00264623854309, -0.00331890000962, 0.00238792947493, -0.00181973841973, -0.00146218016744, 0.0011698420858, -0.000954164133873, 0.00103677471634, -0.00158865505364], [-0.000340249156579, 0.00200779433362, -0.00240536616184, 0.00560736563057, -0.00280085206032, 0.00231767166406, -0.00328963599168, 0.000112587818876, 0.00319790421054, -0.00508304266259, 0.00508630368859, -0.00511788856238, 0.00382796907797], [0.000307713955408, -0.000824497663416, 0.00264623854309, -0.00280085206032, 0.00867020338774, -0.00504696415737, 0.000891344912816, 0.00338247930631, -0.00436593964696, 0.00601748051122, -0.0062328921631, 0.00516701163724, -0.00295236194506], [-0.000286216265522, 0.00123244314454, -0.00331890000962, 0.00231767166406, -0.00504696415737, 0.00979718286544, -0.00345356017351, -0.0030924542807, 0.00659539690241, -0.00570150092244, 0.00407398957759, -0.00301737594418, 0.000959316210356], [0.000274436431937, -0.00249720644206, 0.00238792947493, -0.00328963599168, 0.000891344912816, -0.00345356017351, 0.00920535158366, -0.000622008985374, -0.00441802712157, 0.00470925727859, -0.00174486450851, -0.0021356146317, 0.000363735103747], [-0.000140981850564, 0.00188604625873, -0.00181973841973, 0.000112587818876, 0.00338247930631, -0.0030924542807, -0.000622008985374, 0.0113893421367, -0.00476151984185, 0.000515168183483, -0.00304354913533, 0.00374212325551, -0.00307603389956], [2.01823604584e-05, -0.000744684424717, -0.00146218016744, 0.00319790421054, -0.00436593964696, 0.00659539690241, -0.00441802712157, -0.00476151984185, 0.0158548410982, -0.0117142302915, 0.00724234944209, -0.00554443802685, 0.00321677909233], [0.000124970771139, 0.000521784008015, 0.0011698420858, -0.00508304266259, 0.00601748051122, -0.00570150092244, 0.00470925727859, 0.000515168183483, -0.0117142302915, 0.0288365166634, -0.0204689092934, 0.00879796687514, -0.00226103258319], [-9.88947576843e-05, -0.00227226107381, -0.000954164133873, 0.00508630368859, -0.0062328921631, 0.00407398957759, -0.00174486450851, -0.00304354913533, 0.00724234944209, -0.0204689092934, 0.0335360132158, -0.0187347456813, 0.00563932349905], [0.000164470024174, 0.00237118569203, 0.00103677471634, -0.00511788856238, 0.00516701163724, -0.00301737594418, -0.0021356146317, 0.00374212325551, -0.00554443802685, 0.00879796687514, -0.0187347456813, 0.0337533280253, -0.0155816106126], [-0.000164151060744, -0.000586497073527, -0.00158865505364, 0.00382796907797, -0.00295236194506, 0.000959316210356, 0.000363735103747, -0.00307603389956, 0.00321677909233, -0.00226103258319, 0.00563932349905, -0.0155816106126, 0.02284649387]], "mean": [-76.6402587891, 116.585777283, -80.1921691895, -11.3763141632, -15.3774824142, -9.4069519043, -1.2107770443, -18.7411441803, -2.50559926033, -5.79409360886, -1.70120286942, -6.12185001373, -5.17834949493]}, "hfc": {"dmean": 18.6376590729, "dmean2": 28.5801696777, "dvar": 559.796203613, "dvar2": 1378.80847168, "max": 701.480163574, "mean": 87.955078125, "median": 73.0522766113, "min": 1.08296973955e-16, "var": 4976.11328125}, "melbands": {"dmean": [0.00146201660391, 0.000689596752636, 0.000482522562379, 0.00029037494096, 0.000327229412505, 0.000172735890374, 0.000148959225044, 0.000129062726046, 0.000104925195046, 8.82994936546e-05, 6.80309021845e-05, 6.81199744577e-05, 7.4410396337e-05, 5.64350593777e-05, 5.25434043084e-05, 4.9702313845e-05, 1.33603380164e-05, 1.20880358736e-05, 1.24847238112e-05, 5.21558467881e-06, 3.51894209416e-06, 2.37797030422e-06, 2.42993792199e-06, 2.45752062256e-06, 1.48290200741e-06, 1.35832272008e-06, 9.45715271428e-07, 6.77269895277e-07, 5.74511034301e-07, 4.29456719075e-07, 3.34192236551e-07, 2.87492895268e-07, 1.88160356629e-07, 9.98555833576e-08, 5.34169615207e-08, 3.52285454142e-08, 2.61676724733e-08, 2.07297308208e-08, 1.74171734812e-08, 1.5326609315e-08], "dmean2": [0.00232222559862, 0.00113672739826, 0.000761406146921, 0.000450406427262, 0.000485294411192, 0.000257790321484, 0.000224226765567, 0.000194519438082, 0.000154010529513, 0.000133570254548, 0.000106763967779, 0.000105081489892, 0.000107067760837, 8.34677266539e-05, 8.07354954304e-05, 7.95264422777e-05, 2.17346296267e-05, 1.91012641153e-05, 1.98401030502e-05, 8.30700992083e-06, 5.72375620322e-06, 3.6671633552e-06, 3.85194698538e-06, 3.81025165552e-06, 2.23442043534e-06, 2.06609706765e-06, 1.38601330946e-06, 1.01530326901e-06, 8.45512658998e-07, 6.26916232704e-07, 5.00168482631e-07, 4.27362152777e-07, 2.78618358607e-07, 1.52062455072e-07, 8.28257782359e-08, 5.52743379956e-08, 4.23087307411e-08, 3.39781358605e-08, 2.88740231724e-08, 2.54679370926e-08], "dvar": [9.22462550079e-06, 9.8908117252e-07, 9.38901337122e-07, 6.10672032053e-07, 1.89701029285e-06, 3.75762510885e-07, 3.19336606935e-07, 1.6946829362e-07, 2.08266399682e-07, 1.94937342712e-07, 6.19366247179e-08, 7.69507906284e-08, 1.8915696387e-07, 1.6244544554e-07, 3.5977006263e-08, 2.73808975493e-08, 8.77227734897e-10, 1.35155453496e-09, 1.62295421546e-09, 2.2909434072e-10, 1.20655763158e-10, 7.16018980218e-11, 9.39002833822e-11, 7.62923751951e-11, 2.31679397888e-11, 4.588707192e-11, 1.91633740126e-11, 7.62862082532e-12, 5.10936215212e-12, 3.05032583393e-12, 2.83423306525e-12, 2.71829976063e-12, 1.05044434522e-12, 1.89246513425e-13, 2.38121612136e-14, 7.41964608785e-15, 3.40771413197e-15, 2.10650529477e-15, 1.57971422317e-15, 1.23692115408e-15], "dvar2": [2.28612698265e-05, 2.65884045803e-06, 2.10299344872e-06, 1.39729309012e-06, 3.90688046537e-06, 8.39235326566e-07, 6.16000704667e-07, 3.81475018685e-07, 4.02934546173e-07, 4.18028548665e-07, 1.48643351849e-07, 1.76638792482e-07, 3.16319756166e-07, 2.84921611637e-07, 8.01194204314e-08, 7.29040365854e-08, 2.12741047001e-09, 3.13598103041e-09, 3.86394338747e-09, 5.57327684003e-10, 3.12273928937e-10, 1.42496237032e-10, 2.29929034146e-10, 1.86620885412e-10, 4.78135898929e-11, 1.11696228655e-10, 3.69823720259e-11, 1.54720056211e-11, 1.0750957416e-11, 5.33512513681e-12, 5.6666529108e-12, 5.38988385174e-12, 2.19253022855e-12, 4.14665941558e-13, 5.08240740888e-14, 1.52944707409e-14, 8.13398200655e-15, 5.19859229246e-15, 3.91093026494e-15, 3.06553357358e-15], "max": [0.0420126579702, 0.01578537561, 0.0325176753104, 0.0266368575394, 0.0467560663819, 0.0148854581639, 0.0304427742958, 0.0129051608965, 0.0275615118444, 0.0231760330498, 0.00824209116399, 0.0133235296234, 0.0277006942779, 0.0320119783282, 0.00814890488982, 0.00370376440696, 0.00114871154074, 0.00112897506915, 0.00137186911888, 0.000603081367444, 0.000389454013202, 0.000524903996848, 0.000526842253748, 0.000260662141955, 0.000245371280471, 0.000382513098884, 0.000318836391671, 9.92809946183e-05, 0.000103249585663, 7.85075317253e-05, 7.64164797147e-05, 8.24275120976e-05, 5.98692495259e-05, 2.19976482185e-05, 7.46906880522e-06, 2.95305835607e-06, 1.57278236657e-06, 1.37639403874e-06, 1.21439666145e-06, 1.07301320895e-06], "mean": [0.00237131607719, 0.00120059540495, 0.000882382504642, 0.000475072360132, 0.000555497303139, 0.000304988323478, 0.000266804476269, 0.000239178058109, 0.000174282351509, 0.000153975066496, 0.000106411760498, 0.000107594307337, 0.000111759349238, 8.91712479643e-05, 8.62173474161e-05, 8.36755425553e-05, 2.54893238889e-05, 2.05372907658e-05, 2.03193867492e-05, 8.77968886925e-06, 5.49719288756e-06, 3.8985667743e-06, 4.11494829677e-06, 4.19648404204e-06, 2.67123118647e-06, 2.26771135203e-06, 1.55915131472e-06, 1.10635733108e-06, 9.66474544839e-07, 6.90723197749e-07, 5.20849596342e-07, 4.4480015049e-07, 2.79103375078e-07, 1.41480285265e-07, 7.4279000728e-08, 4.58736373332e-08, 2.98473317173e-08, 2.22972111885e-08, 1.77906969157e-08, 1.52695172062e-08], "median": [0.000757641275413, 0.000772557512391, 0.000397603987949, 0.000188956299098, 0.000100024612038, 8.48152703838e-05, 8.04690353107e-05, 5.10771060362e-05, 2.51754427154e-05, 2.43976974161e-05, 2.73430050584e-05, 2.97886545013e-05, 1.91633225768e-05, 1.30222306325e-05, 1.7155027308e-05, 1.91197468666e-05, 1.03291167761e-05, 5.66206108488e-06, 4.11180917581e-06, 2.40453709921e-06, 1.26173006265e-06, 8.48288550515e-07, 7.82441588854e-07, 6.05807940701e-07, 4.72532747153e-07, 3.84642532936e-07, 2.92021212545e-07, 2.13707124885e-07, 1.76165087851e-07, 1.3165332291e-07, 1.02629940102e-07, 8.1288135334e-08, 5.93890234768e-08, 3.8724106588e-08, 2.51928220507e-08, 1.64165268046e-08, 9.88249659883e-09, 7.45193506901e-09, 5.71803138172e-09, 4.48732917491e-09], "min": [7.65201290344e-25, 8.85791400089e-25, 1.28943367731e-24, 1.2480885898e-24, 1.84104574997e-24, 2.64579924421e-24, 1.10850734402e-24, 1.73747363793e-24, 1.69263360078e-24, 2.53712024388e-24, 1.18311110311e-24, 2.81028344826e-24, 2.70164665199e-24, 2.57226971644e-24, 3.57497326092e-24, 2.63653427009e-24, 3.01930930282e-24, 3.09270571031e-24, 3.39728273645e-24, 3.4005344211e-24, 2.49984419952e-24, 4.18768862575e-24, 2.28265264851e-24, 4.32457729205e-24, 3.81060561888e-24, 4.71028925394e-24, 4.42178743811e-24, 6.02515984974e-24, 4.25079513158e-24, 4.08416798688e-24, 4.5556930269e-24, 5.80776792807e-24, 6.66987259619e-24, 6.23148286963e-24, 6.02856062911e-24, 4.72144098612e-24, 7.26897222179e-24, 7.08465960445e-24, 4.99347572498e-24, 6.25530370796e-24], "var": [1.46017755469e-05, 2.03894114748e-06, 2.64666755356e-06, 9.88899387266e-07, 4.33422701462e-06, 6.56923930364e-07, 8.29040118333e-07, 5.13204270192e-07, 5.17738499184e-07, 5.48648131371e-07, 1.41254531627e-07, 1.25874905166e-07, 4.1900293013e-07, 3.17502752978e-07, 8.39137399566e-08, 5.09917050806e-08, 2.17749085429e-09, 3.14915671318e-09, 3.10541770077e-09, 4.90725071689e-10, 2.09420716879e-10, 1.90213678142e-10, 2.23858057091e-10, 1.85205475955e-10, 7.2718296662e-11, 1.07019698659e-10, 5.02352812126e-11, 1.95306739531e-11, 1.32902560485e-11, 8.67280639666e-12, 6.47873768522e-12, 5.2313852035e-12, 1.80503181846e-12, 3.11436071159e-13, 4.67073584399e-14, 1.44359181456e-14, 4.5546892809e-15, 2.33497358581e-15, 1.64956098351e-15, 1.2840392676e-15]}, "melbands_crest": {"dmean": 4.02053928375, "dmean2": 6.47274303436, "dvar": 14.3012113571, "dvar2": 34.2059898376, "max": 37.6183357239, "mean": 16.9053707123, "median": 15.5388298035, "min": 1.05117022991, "var": 51.4885139465}, "melbands_flatness_db": {"dmean": 0.0348659232259, "dmean2": 0.0538451038301, "dvar": 0.000914872041903, "dvar2": 0.00214173132554, "max": 0.581514060497, "mean": 0.290188789368, "median": 0.285621911287, "min": 7.53320864533e-06, "var": 0.00603047944605}, "melbands_kurtosis": {"dmean": 7.73181009293, "dmean2": 12.3969459534, "dvar": 217.125457764, "dvar2": 526.82824707, "max": 310.693145752, "mean": 13.5743789673, "median": 6.32258558273, "min": -1.78691232204, "var": 517.833557129}, "melbands_skewness": {"dmean": 0.805963635445, "dmean2": 1.24510443211, "dvar": 0.744225859642, "dvar2": 1.71667861938, "max": 15.5506982803, "mean": 2.57609272003, "median": 2.24769687653, "min": -1.75880753994, "var": 3.26335287094}, "melbands_spread": {"dmean": 4.20740842819, "dmean2": 6.53103542328, "dvar": 33.4594459534, "dvar2": 80.1569061279, "max": 167.308303833, "mean": 14.766166687, "median": 11.1113300323, "min": 0.392589509487, "var": 260.51675415}, "mfcc": {"cov": [[9764.90039062, 1298.09411621, -1254.91003418, 522.849121094, -244.420120239, 329.233673096, 108.352836609, -3.09287333488, -275.046264648, -123.701896667, 18.8962554932, -129.328445435, -225.070281982], [1298.09411621, 1399.55932617, 15.8548069, -136.726776123, -25.3913211823, 10.792840004, 4.83375787735, -24.6814079285, -7.68999385834, 35.4505233765, 40.41847229, -0.935582876205, 21.0700435638], [-1254.91003418, 15.8548069, 804.158935547, -46.3401222229, 42.6318016052, -84.7198562622, 16.5869750977, 41.7397842407, 103.195922852, 89.8907775879, 46.1420516968, 70.4122009277, 43.7396659851], [522.849121094, -136.726776123, -46.3401222229, 352.112609863, -36.9058914185, 95.067237854, 15.0495128632, 41.3769302368, -9.68346977234, 5.16590118408, 13.3250541687, 0.65055000782, -23.3302154541], [-244.420120239, -25.3913211823, 42.6318016052, -36.9058914185, 179.054901123, 37.0707092285, 30.5015525818, -6.60276794434, 4.6753411293, -1.80827665329, -7.12243175507, 4.31117773056, 16.4443836212], [329.233673096, 10.792840004, -84.7198562622, 95.067237854, 37.0707092285, 226.972640991, 102.516998291, 49.7376747131, -6.94186019897, -20.9488983154, -4.2235326767, -19.5390663147, -8.40225696564], [108.352836609, 4.83375787735, 16.5869750977, 15.0495128632, 30.5015525818, 102.516998291, 154.067077637, 61.6149673462, 4.01876688004, -10.0788526535, -2.1735098362, -10.0437192917, -5.79193687439], [-3.09287333488, -24.6814079285, 41.7397842407, 41.3769302368, -6.60276794434, 49.7376747131, 61.6149673462, 110.813072205, 49.5361976624, 11.290602684, -2.40269780159, 2.84979724884, 4.95200443268], [-275.046264648, -7.68999385834, 103.195922852, -9.68346977234, 4.6753411293, -6.94186019897, 4.01876688004, 49.5361976624, 94.6066894531, 43.2289657593, 7.78420257568, 15.0051288605, 14.437130928], [-123.701896667, 35.4505233765, 89.8907775879, 5.16590118408, -1.80827665329, -20.9488983154, -10.0788526535, 11.290602684, 43.2289657593, 85.9955368042, 46.5811843872, 23.0600948334, 10.6614751816], [18.8962554932, 40.41847229, 46.1420516968, 13.3250541687, -7.12243175507, -4.2235326767, -2.1735098362, -2.40269780159, 7.78420257568, 46.5811843872, 87.2731933594, 44.4793281555, 7.88153219223], [-129.328445435, -0.935582876205, 70.4122009277, 0.65055000782, 4.31117773056, -19.5390663147, -10.0437192917, 2.84979724884, 15.0051288605, 23.0600948334, 44.4793281555, 84.9699325562, 38.6544876099], [-225.070281982, 21.0700435638, 43.7396659851, -23.3302154541, 16.4443836212, -8.40225696564, -5.79193687439, 4.95200443268, 14.437130928, 10.6614751816, 7.88153219223, 38.6544876099, 73.8180236816]], "icov": [[0.00019895794685, -0.000219856461626, 0.000260508066276, -0.000284628826194, 9.08577931114e-05, 7.26752250557e-06, -0.000118397736514, -0.000101378485851, 0.000270191550953, -2.03188428713e-05, 1.09485952748e-07, -0.000170360435732, 0.000442443822976], [-0.000219856461626, 0.00103264197242, -0.000312295858748, 0.000721015851013, 0.000160533571034, -0.000319116457831, 0.000157240589033, 0.000214885309106, -6.00155108259e-05, -0.000354939023964, -0.000367226632079, 0.000521737732925, -0.000797324581072], [0.000260508066276, -0.000312295858748, 0.00203574867919, -0.000446987745818, -0.00028905380168, 0.00088977755513, -0.000946973392274, -5.17264525115e-05, -0.000899501377717, -0.000880044244695, 0.000125251739519, -0.00106733234134, 0.000479300535517], [-0.000284628826194, 0.000721015851013, -0.000446987745818, 0.00438868580386, 0.000749041384552, -0.00223697419278, 0.00168493739329, -0.00168883136939, 0.00132648833096, -0.00120451068506, 4.60984620076e-06, -0.000575941754505, 0.000617915764451], [9.08577931114e-05, 0.000160533571034, -0.00028905380168, 0.000749041384552, 0.00673127453774, -0.0016656081425, -0.00120923819486, 0.00201264303178, -0.00044977068319, -0.00043556583114, 0.00102821923792, -0.000443989178166, -0.00100620707963], [7.26752250557e-06, -0.000319116457831, 0.00088977755513, -0.00223697419278, -0.0016656081425, 0.00844793859869, -0.00467857485637, -0.000757519854233, -0.000698773947079, 0.00173861044459, -0.00145215669181, 0.00161161622964, -0.000907937064767], [-0.000118397736514, 0.000157240589033, -0.000946973392274, 0.00168493739329, -0.00120923819486, -0.00467857485637, 0.0125802457333, -0.00677601154894, 0.00322615797631, 0.000457000016468, -0.000968982698396, 0.000692636880558, 0.000910043017939], [-0.000101378485851, 0.000214885309106, -5.17264525115e-05, -0.00168883136939, 0.00201264303178, -0.000757519854233, -0.00677601154894, 0.0185834411532, -0.0105042122304, 0.00146868673619, 0.00112215161789, -0.000343538646121, -0.00128408928867], [0.000270191550953, -6.00155108259e-05, -0.000899501377717, 0.00132648833096, -0.00044977068319, -0.000698773947079, 0.00322615797631, -0.0105042122304, 0.0224051121622, -0.0103458492085, 0.00442265765741, -0.00190965109505, 0.000411702407291], [-2.03188428713e-05, -0.000354939023964, -0.000880044244695, -0.00120451068506, -0.00043556583114, 0.00173861044459, 0.000457000016468, 0.00146868673619, -0.0103458492085, 0.0244505237788, -0.0130748217925, 0.00397657649592, -0.00178188970312], [1.09485952748e-07, -0.000367226632079, 0.000125251739519, 4.60984620076e-06, 0.00102821923792, -0.00145215669181, -0.000968982698396, 0.00112215161789, 0.00442265765741, -0.0130748217925, 0.0241741687059, -0.0125901671126, 0.00452187098563], [-0.000170360435732, 0.000521737732925, -0.00106733234134, -0.000575941754505, -0.000443989178166, 0.00161161622964, 0.000692636880558, -0.000343538646121, -0.00190965109505, 0.00397657649592, -0.0125901671126, 0.0238317977637, -0.0111942226067], [0.000442443822976, -0.000797324581072, 0.000479300535517, 0.000617915764451, -0.00100620707963, -0.000907937064767, 0.000910043017939, -0.00128408928867, 0.000411702407291, -0.00178188970312, 0.00452187098563, -0.0111942226067, 0.020868903026]], "mean": [-736.725891113, 179.853057861, -4.76573562622, 18.5464172363, 0.111231707036, 17.9984397888, 4.57376194, 2.87404370308, -0.77007830143, 2.62055826187, 3.58962845802, 1.09567272663, 1.4350720644]}, "pitch_salience": {"dmean": 0.0738166496158, "dmean2": 0.118120223284, "dvar": 0.00429589161649, "dvar2": 0.0105985784903, "max": 0.994980216026, "mean": 0.523208916187, "median": 0.54464662075, "min": 0.0922356620431, "var": 0.0171123668551}, "silence_rate_20dB": {"dmean": 0, "dmean2": 0, "dvar": 0, "dvar2": 0, "max": 1, "mean": 1, "median": 1, "min": 1, "var": 0}, "silence_rate_30dB": {"dmean": 0.0154859581962, "dmean2": 0.0309754963964, "dvar": 0.0152458883822, "dvar2": 0.0364866368473, "max": 1, "mean": 0.980124771595, "median": 1, "min": 0, "var": 0.0194812770933}, "silence_rate_60dB": {"dmean": 0.0150236915797, "dmean2": 0.03005085513, "dvar": 0.0148008493707, "dvar2": 0.0342315621674, "max": 1, "mean": 0.0929050147533, "median": 0, "min": 0, "var": 0.0842776447535}, "spectral_centroid": {"dmean": 138.871704102, "dmean2": 208.375701904, "dvar": 39585.0429688, "dvar2": 73593.46875, "max": 11947.8144531, "mean": 856.629821777, "median": 652.012207031, "min": 175.23576355, "var": 1185249.875}, "spectral_complexity": {"dmean": 2.09314680099, "dmean2": 3.34350442886, "dvar": 4.68274497986, "dvar2": 10.0237598419, "max": 50, "mean": 12.4156455994, "median": 12, "min": 0, "var": 52.1401062012}, "spectral_contrast_coeffs": {"dmean": [0.0513162501156, 0.0443498231471, 0.0380072072148, 0.0315661616623, 0.0232278537005, 0.0360034704208], "dmean2": [0.0832348540425, 0.0727684646845, 0.0617839246988, 0.0516796894372, 0.0375586152077, 0.055879317224], "dvar": [0.00175423943438, 0.00125985173509, 0.000940293655731, 0.000637882156298, 0.000366143969586, 0.00113326520659], "dvar2": [0.00439587375149, 0.00323564605787, 0.00244231172837, 0.00168027973268, 0.000948642380536, 0.00267317215912], "max": [-0.31478369236, -0.424803167582, -0.474721640348, -0.595027983189, -0.671573579311, -0.488828003407], "mean": [-0.692752301693, -0.762633860111, -0.787717163563, -0.792804777622, -0.839774429798, -0.788157820702], "median": [-0.697766721249, -0.766364097595, -0.792983531952, -0.791479706764, -0.839419126511, -0.801933050156], "min": [-0.98249489069, -0.995851516724, -0.995776176453, -0.986053168774, -0.986574232578, -0.966091990471], "var": [0.00829518958926, 0.00461119087413, 0.00384934153408, 0.00332503276877, 0.00220796046779, 0.00465629808605]}, "spectral_contrast_valleys": {"dmean": [0.400911480188, 0.332176744938, 0.300279408693, 0.298855721951, 0.373542517424, 0.634899616241], "dmean2": [0.651695430279, 0.538542091846, 0.479400247335, 0.468323111534, 0.56274741888, 1.00548374653], "dvar": [0.114187777042, 0.0846258252859, 0.0715219303966, 0.0909015089273, 0.137223377824, 0.277324169874], "dvar2": [0.266851454973, 0.198638021946, 0.164878979325, 0.206831783056, 0.312192410231, 0.731524765491], "max": [-5.36952877045, -4.26222467422, -5.07160186768, -5.74773359299, -5.58426809311, -8.65330028534], "mean": [-7.39288902283, -7.07817840576, -7.68474817276, -8.27363204956, -8.76554107666, -11.7027997971], "median": [-6.97107362747, -6.7978515625, -7.31011962891, -7.90568113327, -8.46457958221, -11.4793739319], "min": [-27.9034442902, -28.0031490326, -27.7776870728, -27.7269668579, -27.476398468, -27.4247283936], "var": [5.12700128555, 5.14855194092, 4.9371972084, 4.77577352524, 4.53485202789, 3.39688849449]}, "spectral_decrease": {"dmean": 2.33309882525e-09, "dmean2": 3.48747475343e-09, "dvar": 1.33720702608e-17, "dvar2": 2.97982054941e-17, "max": 2.03234473695e-09, "mean": -5.42314548824e-09, "median": -3.34590755102e-09, "min": -7.21907014167e-08, "var": 4.2288437529e-17}, "spectral_energy": {"dmean": 0.00913227815181, "dmean2": 0.0135821141303, "dvar": 0.000199679547222, "dvar2": 0.000443224445917, "max": 0.312273591757, "mean": 0.0284459833056, "median": 0.0210525747389, "min": 1.00785333732e-20, "var": 0.000746136065573}, "spectral_energyband_high": {"dmean": 7.16509384802e-05, "dmean2": 0.000103683007183, "dvar": 4.58158702088e-08, "dvar2": 8.9171052764e-08, "max": 0.0117207542062, "mean": 0.000179818525794, "median": 6.27647677902e-05, "min": 7.04497530029e-21, "var": 2.84215019519e-07}, "spectral_energyband_low": {"dmean": 0.0059871096164, "dmean2": 0.00937183108181, "dvar": 0.000112247143988, "dvar2": 0.000270792952506, "max": 0.15370054543, "mean": 0.0113111287355, "median": 0.00621915003285, "min": 1.07808019004e-23, "var": 0.000209223973798}, "spectral_energyband_middle_high": {"dmean": 0.00155587657355, "dmean2": 0.00222996203229, "dvar": 2.5207447834e-05, "dvar2": 4.67494137411e-05, "max": 0.260309904814, "mean": 0.003961507231, "median": 0.00141369178891, "min": 1.22434352788e-21, "var": 9.40165482461e-05}, "spectral_energyband_middle_low": {"dmean": 0.00375606562011, "dmean2": 0.00549141736701, "dvar": 7.31442560209e-05, "dvar2": 0.000152913999045, "max": 0.239978045225, "mean": 0.00978096853942, "median": 0.00396359199658, "min": 1.5584810512e-22, "var": 0.000263893714873}, "spectral_entropy": {"dmean": 0.221819534898, "dmean2": 0.34098020196, "dvar": 0.0416609607637, "dvar2": 0.101482920349, "max": 9.83250331879, "mean": 7.18585634232, "median": 7.17916202545, "min": 5.55389308929, "var": 0.232142612338}, "spectral_flux": {"dmean": 0.0215835105628, "dmean2": 0.0348191559315, "dvar": 0.000694615300745, "dvar2": 0.00171491189394, "max": 0.351175516844, "mean": 0.0783007740974, "median": 0.0705289542675, "min": 6.41642017296e-11, "var": 0.00234030256979}, "spectral_kurtosis": {"dmean": 6.95369529724, "dmean2": 10.9701528549, "dvar": 51.0488243103, "dvar2": 132.693817139, "max": 88.6046142578, "mean": 23.0089683533, "median": 20.7890834808, "min": -1.26469707489, "var": 145.49055481}, "spectral_rms": {"dmean": 0.000754752079956, "dmean2": 0.00110123481136, "dvar": 7.98905659849e-07, "dvar2": 1.67231212345e-06, "max": 0.0174544304609, "mean": 0.00469694146886, "median": 0.00453200843185, "min": 3.13571607916e-12, "var": 5.69089934288e-06}, "spectral_rolloff": {"dmean": 3616.71899414, "dmean2": 6969.01318359, "dvar": 52120400, "dvar2": 117604640, "max": 22028.4667969, "mean": 11272.1298828, "median": 18044.8242188, "min": 43.06640625, "var": 103575000}, "spectral_skewness": {"dmean": 0.539312839508, "dmean2": 0.833881855011, "dvar": 0.269547343254, "dvar2": 0.676993310452, "max": 7.98417377472, "mean": 3.40304231644, "median": 3.31012630463, "min": -0.104979731143, "var": 1.17888987064}, "spectral_spread": {"dmean": 570472.25, "dmean2": 909753.9375, "dvar": 499977879552, "dvar2": 1184088981500.0, "max": 43700704, "mean": 4065430, "med