{"lowlevel": {"average_loudness": 0.895331144333, "barkbands": {"dmean": [0.000184166041436, 0.0039516473189, 0.00370769598521, 0.00160737836268, 0.00191555719357, 0.000659591169097, 0.000653743278235, 0.000530718418304, 0.000718375609722, 0.000496252789162, 0.000284202367766, 0.000321088766214, 0.000319679267704, 0.000306065834593, 0.000230203237152, 0.0002050260955, 0.000173634747625, 0.000184704229468, 0.000245459901635, 0.000341268634656, 0.000473814085126, 0.000412766006775, 0.000230630525039, 0.000101550664112, 0.000109134765808, 4.06323779316e-05, 3.93510299546e-06], "dmean2": [0.000240129040321, 0.00576983625069, 0.00651486031711, 0.00293067609891, 0.00319125666283, 0.00107704661787, 0.0010530303698, 0.000853617442772, 0.00116221909411, 0.000824226997793, 0.000440856820205, 0.000532234378625, 0.000509115576278, 0.000487863115268, 0.000364327715943, 0.000325115659507, 0.000272081117146, 0.000282716297079, 0.000369256187696, 0.000522089307196, 0.00072192621883, 0.000605292327236, 0.00034830236109, 0.00014794334129, 0.000168269500136, 6.33383315289e-05, 6.92469302521e-06], "dvar": [1.25271526485e-07, 5.39793109056e-05, 0.000107988766104, 2.01115872187e-05, 1.83783449756e-05, 2.05567039302e-06, 4.98062672705e-06, 2.45638989327e-06, 4.65937728222e-06, 1.80293307039e-06, 6.24213555511e-07, 7.52359369471e-07, 9.06569653125e-07, 8.98372263691e-07, 3.58750980922e-07, 2.6659768082e-07, 1.23607307501e-07, 1.55195991169e-07, 2.83312687088e-07, 4.60721480522e-07, 7.84372446105e-07, 5.61124693377e-07, 2.12012949419e-07, 4.64977922832e-08, 4.87628426526e-08, 1.46449803395e-08, 2.93477631086e-10], "dvar2": [2.19725592387e-07, 0.000104708109575, 0.000294133496936, 5.66123562749e-05, 4.70327722724e-05, 4.95804260936e-06, 1.19091364468e-05, 5.9468757172e-06, 1.21687153296e-05, 4.60642195321e-06, 1.38951088502e-06, 1.89601450984e-06, 2.03908984986e-06, 2.18230070459e-06, 8.28843155887e-07, 6.91927311891e-07, 2.89098721851e-07, 3.14113435707e-07, 5.93860249865e-07, 1.05378865101e-06, 1.8630755676e-06, 1.19612423077e-06, 4.96611335166e-07, 1.03277479013e-07, 1.14254973482e-07, 3.67736134876e-08, 7.7557849032e-10], "max": [0.00603952724487, 0.0705150961876, 0.109019383788, 0.0522964596748, 0.107890218496, 0.0343875810504, 0.0838314369321, 0.0498902872205, 0.0739846974611, 0.03762293607, 0.0237460974604, 0.0310569107533, 0.041269954294, 0.0539105162024, 0.0302450954914, 0.019220398739, 0.00851088110358, 0.00880881585181, 0.0110001955181, 0.0104839410633, 0.0174534302205, 0.0136577067897, 0.00769219687209, 0.00672237295657, 0.00448085227981, 0.00448189442977, 0.000385075836675], "mean": [0.00041640130803, 0.00746452528983, 0.0029103520792, 0.00121160759591, 0.00202867970802, 0.0008418840589, 0.000818645057734, 0.00067213352304, 0.000902926782146, 0.000618795165792, 0.000412757828599, 0.000367792206816, 0.000395334966015, 0.000400555960368, 0.000305591442157, 0.000283507572021, 0.000251822842984, 0.000273876852589, 0.000330381852109, 0.000454409804661, 0.000700445962138, 0.000614082207903, 0.000316904013744, 0.000148303908645, 0.000146797145135, 4.79488589917e-05, 2.93211132885e-06], "median": [0.00023172654619, 0.00268505979329, 0.000104988044768, 8.7320288003e-05, 0.000429233157774, 0.000167580568814, 0.000137516442919, 0.000111881658086, 0.000148170802277, 0.000102181198599, 8.08622353361e-05, 9.68665844994e-05, 8.06938696769e-05, 0.000109913598862, 9.69844259089e-05, 8.62989545567e-05, 9.90261905827e-05, 9.8814300145e-05, 0.000111284556624, 0.000138598290505, 0.000175074281287, 0.000153374596266, 0.000113308276923, 5.22580448887e-05, 5.26247131347e-05, 8.98886082723e-06, 2.48022793414e-08], "min": [1.81457666615e-23, 6.88477723943e-23, 4.91009683495e-23, 4.09231471122e-23, 3.98456830225e-23, 9.79127592238e-23, 2.95518812465e-23, 7.09115398074e-23, 6.79027359625e-23, 2.20567680045e-22, 3.54565966299e-23, 8.9554885218e-23, 7.92028465745e-23, 2.07369330281e-22, 9.10936940977e-23, 1.49437240803e-22, 1.6374779609e-22, 3.39106034362e-22, 2.41788164613e-22, 3.51047671906e-22, 4.755604422e-22, 5.51337133335e-22, 7.98110797895e-22, 7.40206135532e-22, 1.47194316136e-21, 1.33294491061e-21, 2.35492403306e-21], "var": [2.54544829659e-07, 0.000121992277855, 7.75846056058e-05, 1.28426081574e-05, 1.92287789105e-05, 3.7230563521e-06, 7.41845224184e-06, 3.69475174011e-06, 7.42153224564e-06, 2.57508349932e-06, 1.2165435237e-06, 8.65632955538e-07, 1.52630843786e-06, 1.5350249214e-06, 6.63979164983e-07, 4.63803758066e-07, 2.1566562225e-07, 2.65625146767e-07, 4.22015403956e-07, 6.88513466685e-07, 1.66471522789e-06, 1.43649742768e-06, 3.02329880242e-07, 7.38253547183e-08, 7.11226491035e-08, 1.88500326459e-08, 2.33770613978e-10]}, "barkbands_crest": {"dmean": 3.29220509529, "dmean2": 5.06279850006, "dvar": 9.40712547302, "dvar2": 20.6823768616, "max": 26.6924648285, "mean": 11.6637458801, "median": 10.555314064, "min": 2.09155058861, "var": 30.3753452301}, "barkbands_flatness_db": {"dmean": 0.0281025078148, "dmean2": 0.0416121445596, "dvar": 0.000827290292364, "dvar2": 0.00172333978117, "max": 0.529338479042, "mean": 0.136854991317, "median": 0.126774400473, "min": 0.0159916318953, "var": 0.00380077050067}, "barkbands_kurtosis": {"dmean": 5.42379713058, "dmean2": 8.15707397461, "dvar": 178.598175049, "dvar2": 351.292480469, "max": 636.08795166, "mean": 7.46891736984, "median": 1.31229460239, "min": -1.9605704546, "var": 513.348144531}, "barkbands_skewness": {"dmean": 0.83162945509, "dmean2": 1.20191562176, "dvar": 0.9261059165, "dvar2": 1.89731311798, "max": 18.9622135162, "mean": 1.55824422836, "median": 1.21333324909, "min": -11.2161054611, "var": 4.52066612244}, "barkbands_spread": {"dmean": 10.9092721939, "dmean2": 16.5022182465, "dvar": 153.690307617, "dvar2": 345.779541016, "max": 133.705123901, "mean": 32.7337112427, "median": 29.5434703827, "min": 0.13477858901, "var": 441.645446777}, "dissonance": {"dmean": 0.0165187716484, "dmean2": 0.0272802766412, "dvar": 0.000362765887985, "dvar2": 0.000929804402404, "max": 0.499999970198, "mean": 0.469941943884, "median": 0.480092316866, "min": 0.176840603352, "var": 0.00102786393836}, "dynamic_complexity": 4.60736227036, "erbbands": {"dmean": [0.140838161111, 0.883494079113, 3.73219418526, 4.98731565475, 5.91813325882, 6.59534358978, 5.66894721985, 5.29581594467, 7.42095088959, 10.2356071472, 13.5115251541, 16.0981864929, 15.5265359879, 11.8972759247, 11.4521522522, 12.2604694366, 14.6323356628, 13.5631198883, 12.6107501984, 11.5221090317, 9.98023509979, 10.2455883026, 9.83514785767, 11.1170549393, 14.8113527298, 13.6619119644, 15.5870428085, 21.47914505, 15.7198848724, 9.95117473602, 5.07805299759, 2.31632518768, 1.73436272144, 1.1012929678, 0.892417907715, 0.253862112761, 0.0648088157177, 0.00795285683125, 0.000853802601341, 3.93375630665e-05], "dmean2": [0.184895604849, 1.3807964325, 6.41618251801, 8.70521450043, 10.0128612518, 11.1676616669, 9.3586139679, 8.76007556915, 12.0629119873, 16.3308753967, 21.6434516907, 26.1939601898, 25.8699913025, 19.3150367737, 17.7141075134, 20.2908325195, 23.2834072113, 21.0978622437, 19.8862533569, 17.884967804, 15.7535934448, 16.052734375, 14.8286237717, 16.9098567963, 22.301366806, 20.4962711334, 23.4561538696, 33.2016296387, 22.9564781189, 14.9852676392, 7.35876655579, 3.35409832001, 2.54876470566, 1.68143177032, 1.39416134357, 0.393546670675, 0.103165209293, 0.0127234701067, 0.00149789347779, 6.42878367216e-05], "dvar": [0.0673351958394, 3.22887277603, 101.688529968, 162.43397522, 198.722488403, 244.905609131, 176.753799438, 139.505874634, 661.153076172, 913.073059082, 1532.03955078, 2729.18847656, 1585.27648926, 1125.67175293, 991.31427002, 1127.96728516, 1826.15185547, 1518.79101563, 1165.95141602, 1064.56347656, 574.076904297, 454.628295898, 457.908203125, 501.406219482, 1006.03521729, 754.197937012, 943.848205566, 1914.70959473, 876.772216797, 429.633331299, 77.3000869751, 20.1589450836, 16.5855121613, 5.36147356033, 3.1349029541, 0.500658154488, 0.0396160297096, 0.00074855866842, 1.33153271236e-05, 2.14125286391e-08], "dvar2": [0.114795364439, 7.01470088959, 275.886627197, 433.929077148, 520.569458008, 662.800109863, 443.262908936, 349.592376709, 1558.81298828, 2120.77001953, 3634.31469727, 7331.28125, 4138.31787109, 2866.84936523, 2131.94018555, 2910.99438477, 4311.81347656, 3555.90820313, 2937.57592773, 2405.21630859, 1428.94152832, 1060.3692627, 940.424560547, 1065.0769043, 2119.33544922, 1692.60888672, 2040.66955566, 4850.49462891, 1881.2376709, 983.477783203, 161.068283081, 44.9942054749, 37.4313697815, 12.4193429947, 7.38143205643, 1.24816930294, 0.100432261825, 0.00181005499326, 3.52233910235e-05, 5.99415983515e-08], "max": [3.05549573898, 15.2042894363, 99.4259872437, 127.700592041, 385.288299561, 452.877990723, 316.613555908, 281.681854248, 1097.92773438, 807.979553223, 1083.75683594, 1926.28674316, 908.958557129, 1001.68884277, 1237.23510742, 743.359130859, 1431.42578125, 2078.56494141, 1102.41687012, 1935.20141602, 661.481750488, 588.899353027, 594.836547852, 310.491516113, 722.072509766, 500.998626709, 700.626586914, 978.26953125, 550.332275391, 347.315002441, 180.183959961, 101.715560913, 152.485870361, 51.1490325928, 38.7336273193, 26.9505500793, 6.32203483582, 1.23261082172, 0.0655571445823, 0.00696843257174], "mean": [0.290684849024, 1.39249753952, 3.08282470703, 4.12905597687, 5.34459161758, 6.96580553055, 7.09201526642, 6.58125114441, 9.35491371155, 13.6696767807, 17.448972702, 20.2870464325, 19.2017536163, 16.8737506866, 16.6221752167, 14.4883518219, 18.5738162994, 18.6502151489, 17.8562488556, 16.8029193878, 14.634098053, 15.306016922, 14.9453477859, 15.999174118, 20.7187461853, 18.759967804, 21.7180709839, 31.5352573395, 23.4338912964, 14.4265079498, 7.29789972305, 3.4163582325, 2.46466851234, 1.49985706806, 1.14839494228, 0.306799411774, 0.0749836787581, 0.00838934630156, 0.000659023586195, 5.14194725838e-05], "median": [0.117757365108, 0.370285660028, 0.166684910655, 0.301442533731, 0.765225768089, 1.35294175148, 1.54512929916, 1.39876425266, 1.98919975758, 2.59577202797, 3.24714446068, 3.5315694809, 4.26420927048, 4.33670186996, 3.9732272625, 4.26312875748, 4.50030565262, 5.49353790283, 6.39134979248, 5.52579593658, 5.0926361084, 6.06007003784, 5.92016983032, 5.76206588745, 7.10997915268, 5.77558994293, 6.29481363297, 6.98775339127, 5.72794866562, 4.47311210632, 2.82084202766, 1.34965336323, 0.788501918316, 0.508780419827, 0.385789871216, 0.0702544823289, 0.0145454043522, 0.000985780381598, 4.72245956189e-05, 2.8686828955e-05], "min": [1.99582162431e-21, 1.53884205983e-20, 5.22648900163e-20, 1.17102253259e-19, 1.17165829844e-19, 1.09721501599e-19, 2.13113701494e-19, 1.19606201352e-18, 4.45000111894e-19, 6.35215773822e-19, 2.17240748555e-18, 1.40937111058e-18, 5.07427453403e-18, 4.7046662481e-18, 1.81133136084e-18, 3.80791395577e-18, 4.85972290829e-18, 8.09451898638e-18, 7.30613479892e-18, 6.44025619577e-18, 7.75459242238e-18, 1.05101775426e-17, 1.77171002989e-17, 1.30660762999e-17, 1.39029605682e-17, 1.95518464545e-17, 1.50863168807e-17, 1.96468845438e-17, 1.77295493671e-17, 2.18000588393e-17, 2.48147979911e-17, 1.56579119189e-17, 1.48257516791e-17, 1.35170386262e-17, 1.02490664017e-17, 4.8853985945e-18, 2.63431506576e-18, 1.30795525196e-18, 3.0754308926e-19, 3.3070645347e-20], "var": [0.182274788618, 5.41454648972, 76.6837081909, 122.086044312, 170.931365967, 240.303955078, 267.492950439, 220.172546387, 888.796630859, 1555.7467041, 2312.12646484, 4201.37451172, 1988.30151367, 1644.39428711, 2028.71337891, 1148.71154785, 2754.21191406, 2731.60961914, 1696.43505859, 2548.53881836, 1030.76489258, 790.837463379, 772.710327148, 797.056030273, 1545.48632813, 1182.4362793, 1578.93017578, 3930.35253906, 2244.56787109, 703.033935547, 136.961166382, 31.9060649872, 25.0225658417, 8.13941574097, 4.41845798492, 0.646900236607, 0.0482704117894, 0.0008529513143, 1.02968024294e-05, 1.44236480537e-08]}, "erbbands_crest": {"dmean": 2.82344985008, "dmean2": 4.50681066513, "dvar": 7.76845502853, "dvar2": 18.1741886139, "max": 31.1995639801, "mean": 8.5189371109, "median": 7.25956344604, "min": 2.04795718193, "var": 21.3246097565}, "erbbands_flatness_db": {"dmean": 0.0202201195061, "dmean2": 0.0297836158425, "dvar": 0.000448521750513, "dvar2": 0.000873103388585, "max": 0.476361095905, "mean": 0.145733162761, "median": 0.137404069304, "min": 0.0495507605374, "var": 0.00227581663057}, "erbbands_kurtosis": {"dmean": 1.5938975811, "dmean2": 2.48069953918, "dvar": 11.4611997604, "dvar2": 22.4309177399, "max": 206.772033691, "mean": 1.11872947216, "median": -0.148300752044, "min": -1.88306975365, "var": 27.9461555481}, "erbbands_skewness": {"dmean": 0.531142115593, "dmean2": 0.786407649517, "dvar": 0.28460714221, "dvar2": 0.592467546463, "max": 11.2327299118, "mean": -0.106226682663, "median": -0.153947412968, "min": -5.84483289719, "var": 1.32337224483}, "erbbands_spread": {"dmean": 12.9457578659, "dmean2": 19.9159355164, "dvar": 201.349075317, "dvar2": 483.465270996, "max": 173.841247559, "mean": 45.8009719849, "median": 42.2576293945, "min": 0.86570084095, "var": 553.010681152}, "gfcc": {"cov": [[16803.46875, -229.280029297, -620.881103516, 301.702880859, -383.145568848, 236.642166138, 107.328079224, 87.6318054199, -76.8321380615, 336.619293213, -208.66607666, -11.9266004562, -171.351242065], [-229.280029297, 1809.12512207, 83.6679000854, -110.99899292, 245.248458862, -70.15965271, 58.3604278564, -123.213760376, 48.0515594482, -203.196365356, 76.4399795532, -115.430969238, -11.6185855865], [-620.881103516, 83.6679000854, 1066.12609863, 236.687393188, 241.638397217, 114.606544495, -69.3425674438, 18.0577545166, -40.6200752258, 35.5964775085, -1.89280068874, 6.73661661148, -33.8219604492], [301.702880859, -110.99899292, 236.687393188, 737.364868164, 190.160400391, 162.382705688, 166.160934448, 48.4429893494, 90.3627319336, 43.0393218994, -9.05099201202, -10.0904607773, 20.2722797394], [-383.145568848, 245.248458862, 241.638397217, 190.160400391, 425.656707764, 145.426116943, 91.6137924194, 44.6014671326, 45.6250076294, -25.4244289398, -11.7655487061, -31.3770675659, -26.9439754486], [236.642166138, -70.15965271, 114.606544495, 162.382705688, 145.426116943, 306.142822266, 194.511184692, 116.060852051, 52.8827629089, 71.5012359619, 23.1020908356, 15.8177509308, 12.3989477158], [107.328079224, 58.3604278564, -69.3425674438, 166.160934448, 91.6137924194, 194.511184692, 356.213317871, 120.700637817, 102.823471069, 29.2625083923, 12.9123106003, 28.2094459534, 19.170501709], [87.6318054199, -123.213760376, 18.0577545166, 48.4429893494, 44.6014671326, 116.060852051, 120.700637817, 194.307983398, 81.7045593262, 74.2602005005, 17.402633667, 33.11926651, 19.5797252655], [-76.8321380615, 48.0515594482, -40.6200752258, 90.3627319336, 45.6250076294, 52.8827629089, 102.823471069, 81.7045593262, 171.971572876, 71.4436645508, 33.4496231079, 21.4244804382, 24.4685535431], [336.619293213, -203.196365356, 35.5964775085, 43.0393218994, -25.4244289398, 71.5012359619, 29.2625083923, 74.2602005005, 71.4436645508, 193.782089233, 57.4895782471, 42.1458930969, 15.2621364594], [-208.66607666, 76.4399795532, -1.89280068874, -9.05099201202, -11.7655487061, 23.1020908356, 12.9123106003, 17.402633667, 33.4496231079, 57.4895782471, 123.147468567, 40.5251121521, 27.751001358], [-11.9266004562, -115.430969238, 6.73661661148, -10.0904607773, -31.3770675659, 15.8177509308, 28.2094459534, 33.11926651, 21.4244804382, 42.1458930969, 40.5251121521, 123.461486816, 55.2957305908], [-171.351242065, -11.6185855865, -33.8219604492, 20.2722797394, -26.9439754486, 12.3989477158, 19.170501709, 19.5797252655, 24.4685535431, 15.2621364594, 27.751001358, 55.2957305908, 100.760772705]], "icov": [[8.15779931145e-05, -9.27331493585e-05, 9.74020367721e-05, -0.000105834304122, 0.000131125038024, -0.000149282932398, 9.10615781322e-05, -5.81229869567e-05, 0.000171023886651, -0.000289340416202, 0.000325305183651, -0.00019475944282, 0.000249008386163], [-9.27331493585e-05, 0.00112911127508, -0.000348479283275, 0.000540971232112, -0.000719992443919, 0.000620706065092, -0.000737084483262, 0.000767987919971, -0.000955193419941, 0.00139805756044, -0.00171875336673, 0.00143111485522, -0.000823029375169], [9.74020367721e-05, -0.000348479283275, 0.00150027289055, -0.000628419860732, -0.000373458955437, -0.000711802567821, 0.00105572678149, -0.000435498252045, 0.000934145704377, -0.000833614496514, 0.000693691661581, -0.00110467744526, 0.000941565900575], [-0.000105834304122, 0.000540971232112, -0.000628419860732, 0.00222035986371, -0.000787157856394, 8.62356464495e-05, -0.00110146682709, 0.00100973271765, -0.00120895588771, 0.00042773396126, -0.00047826039372, 0.00130014831666, -0.00133599468973], [0.000131125038024, -0.000719992443919, -0.000373458955437, -0.000787157856394, 0.00428383611143, -0.0021123716142, 0.000669735833071, -0.000542783585843, -0.000682138314005, 0.000615399330854, 0.00112883991096, -0.00053708179621, 0.00161276233848], [-0.000149282932398, 0.000620706065092, -0.000711802567821, 8.62356464495e-05, -0.0021123716142, 0.00789872184396, -0.00384539086372, -0.00147767434828, 0.00159186485689, -0.00136316171847, -0.00174177973531, 0.00184707157314, -0.00167065765709], [9.10615781322e-05, -0.000737084483262, 0.00105572678149, -0.00110146682709, 0.000669735833071, -0.00384539086372, 0.00660559767857, -0.00186403526459, -0.00154976313934, 0.000911195820663, 0.00131929782219, -0.0023524905555, 0.00156954897102], [-5.81229869567e-05, 0.000767987919971, -0.000435498252045, 0.00100973271765, -0.000542783585843, -0.00147767434828, -0.00186403526459, 0.0093381581828, -0.00312269804999, -0.00085421721451, 3.99975833716e-05, 2.2797683414e-05, -0.000918693200219], [0.000171023886651, -0.000955193419941, 0.000934145704377, -0.00120895588771, -0.000682138314005, 0.00159186485689, -0.00154976313934, -0.00312269804999, 0.0110444417223, -0.00450126966462, 0.000438958202722, -0.000464869342977, -0.000605139648542], [-0.000289340416202, 0.00139805756044, -0.000833614496514, 0.00042773396126, 0.000615399330854, -0.00136316171847, 0.000911195820663, -0.00085421721451, -0.00450126966462, 0.011050671339, -0.00508877309039, 0.000251419260167, 0.000311015581246], [0.000325305183651, -0.00171875336673, 0.000693691661581, -0.00047826039372, 0.00112883991096, -0.00174177973531, 0.00131929782219, 3.99975833716e-05, 0.000438958202722, -0.00508877309039, 0.0136473048478, -0.00438730651513, 0.000254703685641], [-0.00019475944282, 0.00143111485522, -0.00110467744526, 0.00130014831666, -0.00053708179621, 0.00184707157314, -0.0023524905555, 2.2797683414e-05, -0.000464869342977, 0.000251419260167, -0.00438730651513, 0.0144909527153, -0.00739556690678], [0.000249008386163, -0.000823029375169, 0.000941565900575, -0.00133599468973, 0.00161276233848, -0.00167065765709, 0.00156954897102, -0.000918693200219, -0.000605139648542, 0.000311015581246, 0.000254703685641, -0.00739556690678, 0.0154428863898]], "mean": [-32.2542762756, 57.0171546936, -115.481178284, 48.8093452454, -64.4149627686, 24.5649852753, -31.9393081665, 13.5965166092, -21.2021713257, 10.4177389145, -16.3172130585, 5.29704236984, -6.18693828583]}, "hfc": {"dmean": 12.337937355, "dmean2": 17.0414085388, "dvar": 334.31817627, "dvar2": 654.100280762, "max": 224.758239746, "mean": 23.7949676514, "median": 14.1726808548, "min": 1.10697021958e-16, "var": 811.363891602}, "melbands": {"dmean": [0.00115275953431, 0.00160299381241, 0.000874212244526, 0.000467716570711, 0.00020962941926, 0.000119994772831, 0.000121797173051, 0.000112353292934, 0.000118727592053, 0.000100575845863, 7.93028448243e-05, 5.15129468113e-05, 3.610425847e-05, 3.50539157807e-05, 3.46879824065e-05, 3.27412526531e-05, 2.68210351351e-05, 2.27282835112e-05, 1.97765402845e-05, 1.52270449689e-05, 1.12094812721e-05, 1.1358838492e-05, 9.46855743678e-06, 8.59991996549e-06, 9.4621682365e-06, 9.83110203379e-06, 1.37561328302e-05, 8.54969221109e-06, 9.42940914683e-06, 1.26562790683e-05, 1.34070232889e-05, 1.10466444312e-05, 5.67385404793e-06, 6.24807717031e-06, 3.37035794473e-06, 1.77206743501e-06, 1.33675291636e-06, 1.32114030293e-06, 1.00796910374e-06, 9.38781340665e-07], "dmean2": [0.00156565196812, 0.00262380158529, 0.00150171166752, 0.000785285898019, 0.000347965571564, 0.000197618515813, 0.00019678575336, 0.000179329959792, 0.000189237180166, 0.000164092809428, 0.000131673572469, 8.39080094011e-05, 5.60149201192e-05, 5.75230806135e-05, 5.72918434045e-05, 5.26321600773e-05, 4.22822668042e-05, 3.62477767339e-05, 3.14271019306e-05, 2.42959376919e-05, 1.78221416718e-05, 1.80352890311e-05, 1.44809555422e-05, 1.3255164049e-05, 1.46492438944e-05, 1.4901301256e-05, 2.14950086956e-05, 1.31911438075e-05, 1.463067656e-05, 1.93110008695e-05, 2.09347672353e-05, 1.66676672961e-05, 8.18157604954e-06, 9.83757854556e-06, 4.9641289479e-06, 2.57490091826e-06, 1.98932934836e-06, 1.9673937004e-06, 1.51830431605e-06, 1.46441243487e-06], "dvar": [4.32153183283e-06, 1.61128609761e-05, 4.46361264039e-06, 1.12022655685e-06, 2.27452375157e-07, 6.78498253137e-08, 1.77274074531e-07, 9.95885471866e-08, 1.18755671963e-07, 1.13908591004e-07, 4.25318660291e-08, 2.13600710453e-08, 9.86051329477e-09, 1.03617256997e-08, 1.01540207353e-08, 1.05778079629e-08, 6.98487578887e-09, 5.09197173315e-09, 2.71463318491e-09, 1.82854842379e-09, 7.71905983576e-10, 6.00887894997e-10, 3.77028214205e-10, 3.50626555568e-10, 3.70354386048e-10, 6.11173889276e-10, 8.26027690692e-10, 3.60254465148e-10, 5.02094310573e-10, 6.10726746952e-10, 9.7959140799e-10, 5.3952897705e-10, 1.10364148376e-10, 2.11213796453e-10, 3.36065272832e-11, 1.3759935899e-11, 7.38043567233e-12, 1.01573688696e-11, 5.05459563094e-12, 4.28873212985e-12], "dvar2": [7.80994105298e-06, 4.27763188782e-05, 1.17583886095e-05, 2.89020726996e-06, 5.85349539506e-07, 1.69179472209e-07, 4.19234993387e-07, 2.31084527513e-07, 2.74833354297e-07, 3.10215341415e-07, 1.10040545565e-07, 5.42665574699e-08, 2.10000550283e-08, 2.54237217945e-08, 2.54387373388e-08, 2.30434604731e-08, 1.65533773355e-08, 1.29783179759e-08, 6.45667164179e-09, 4.69019090232e-09, 1.89210180856e-09, 1.43533085417e-09, 8.16087586397e-10, 7.21361248512e-10, 8.12869660471e-10, 1.36314226573e-09, 2.00464733702e-09, 8.46347492089e-10, 1.15782239352e-09, 1.38927969129e-09, 2.52572318615e-09, 1.22484677956e-09, 2.27377824902e-10, 5.25665844187e-10, 7.19715814723e-11, 2.95891193491e-11, 1.6875003131e-11, 2.29151957826e-11, 1.16573998718e-11, 1.02782071049e-11], "max": [0.0229754503816, 0.0411110408604, 0.0197936799377, 0.0246015898883, 0.0125255258754, 0.00565248727798, 0.0177878718823, 0.00839270092547, 0.00988802406937, 0.0134903676808, 0.00504400255159, 0.00415054988116, 0.00320598203689, 0.00431642727926, 0.00300609413534, 0.00514170667157, 0.00498765939847, 0.00239596189931, 0.00215429277159, 0.00190075091086, 0.000904115266167, 0.000669636414386, 0.000503332528751, 0.000407006707974, 0.000278760882793, 0.000669363013003, 0.000578112201765, 0.000392802990973, 0.000679206044879, 0.000520625384524, 0.000771007267758, 0.000478407164337, 0.000228608740144, 0.000274440651992, 8.51150252856e-05, 0.000129698848468, 5.4182659369e-05, 0.000124381636851, 5.92641517869e-05, 5.07724107592e-05], "mean": [0.00227972585708, 0.00168651610147, 0.000748742721044, 0.000465540448204, 0.00025900953915, 0.000151019688928, 0.000153243454406, 0.000149512197822, 0.000152221007738, 0.000123374367831, 9.65709623415e-05, 7.16845170246e-05, 5.29137905687e-05, 4.21912736783e-05, 3.85818966606e-05, 4.14484602516e-05, 3.49219226337e-05, 3.01067193504e-05, 2.57667215919e-05, 2.1075577024e-05, 1.54764202307e-05, 1.60684139701e-05, 1.37027873279e-05, 1.26111981444e-05, 1.28711199068e-05, 1.28372948893e-05, 1.81188133865e-05, 1.07739942905e-05, 1.17189429147e-05, 1.79821654456e-05, 1.87635996554e-05, 1.53987166414e-05, 8.275651453e-06, 8.11565860204e-06, 4.59389002572e-06, 2.5247609301e-06, 1.88712022009e-06, 1.84109319434e-06, 1.34870299462e-06, 1.21010305065e-06], "median": [0.000882553867996, 0.000234099512454, 6.80928060319e-05, 8.39606145746e-05, 6.13145748503e-05, 3.16996010952e-05, 2.90174084512e-05, 2.6719260859e-05, 2.33269365708e-05, 1.94788917725e-05, 1.91480539797e-05, 1.57595222845e-05, 1.16586361401e-05, 1.11082281364e-05, 8.41119344841e-06, 7.86361852079e-06, 9.40629706747e-06, 9.0518988145e-06, 8.04232149676e-06, 5.85190036873e-06, 4.94430696563e-06, 5.67202732782e-06, 5.70677957512e-06, 4.31886428487e-06, 4.34908270108e-06, 3.95799088437e-06, 5.4555935094e-06, 3.18287766277e-06, 3.34524042955e-06, 4.19257003159e-06, 3.8352914089e-06, 3.2420559819e-06, 2.49940057984e-06, 2.3375348519e-06, 1.67513746874e-06, 9.29559462293e-07, 6.65391326038e-07, 5.59758746022e-07, 4.1804457851e-07, 3.83091958156e-07], "min": [1.89906067142e-23, 2.56871617417e-23, 1.9626461736e-23, 8.3434512618e-24, 7.33338271471e-24, 2.38758345514e-23, 6.74039439453e-24, 7.37201638868e-24, 1.83544803243e-23, 8.51816344193e-24, 2.66575789842e-23, 2.12211566777e-23, 5.00856702853e-24, 8.11867165775e-24, 1.24781733998e-23, 7.71902604569e-24, 1.73806488918e-23, 1.39926364542e-23, 6.13872781553e-24, 1.18149819811e-23, 7.99787969822e-24, 1.13832888947e-23, 1.13513794711e-23, 1.68911196793e-23, 9.870500592e-24, 1.00677812938e-23, 9.36631197734e-24, 1.42833127652e-23, 8.14108556265e-24, 1.0955159882e-23, 1.1332040546e-23, 7.82294979249e-24, 1.45135859966e-23, 1.10738605713e-23, 1.46522346115e-23, 1.25364575989e-23, 8.39246555643e-24, 8.50299759102e-24, 1.48440824282e-23, 1.00010633827e-23], "var": [1.10086048153e-05, 1.47398313857e-05, 3.49699166691e-06, 1.09644247459e-06, 3.1526653288e-07, 1.12994499091e-07, 2.49322710033e-07, 1.73174427687e-07, 1.95189215901e-07, 1.65941386854e-07, 5.47761054293e-08, 3.18222461715e-08, 1.99252330191e-08, 1.29449819752e-08, 1.04561914682e-08, 1.92949070055e-08, 1.2299280705e-08, 7.0550676412e-09, 4.77666395327e-09, 3.50430995333e-09, 1.26013011137e-09, 9.92201210082e-10, 6.01993566107e-10, 5.88728066298e-10, 5.4852467013e-10, 7.89206033858e-10, 1.1804932587e-09, 4.71395977808e-10, 6.18613993364e-10, 1.17091014662e-09, 1.74030956313e-09, 1.24318189076e-09, 2.13907377922e-10, 2.68259581215e-10, 5.62359880885e-11, 2.16459575958e-11, 1.10915070531e-11, 1.53230258343e-11, 7.43242880435e-12, 5.95991355226e-12]}, "melbands_crest": {"dmean": 4.21047258377, "dmean2": 6.54912948608, "dvar": 15.7610912323, "dvar2": 35.4354896545, "max": 38.5862350464, "mean": 17.6698112488, "median": 16.7048206329, "min": 2.13537549973, "var": 58.2585906982}, "melbands_flatness_db": {"dmean": 0.0356328450143, "dmean2": 0.0512360669672, "dvar": 0.0013631178299, "dvar2": 0.00265741581097, "max": 0.632000803947, "mean": 0.183541312814, "median": 0.177752107382, "min": 0.00611285353079, "var": 0.00743906153366}, "melbands_kurtosis": {"dmean": 16.4157009125, "dmean2": 24.5140228271, "dvar": 1792.17370605, "dvar2": 3386.44677734, "max": 2586.79931641, "mean": 26.1501522064, "median": 7.7236571312, "min": -1.92501318455, "var": 4177.15673828}, "melbands_skewness": {"dmean": 1.21998810768, "dmean2": 1.77894759178, "dvar": 2.34713983536, "dvar2": 4.91674375534, "max": 37.3014297485, "mean": 3.2922437191, "median": 2.50925254822, "min": -8.61946487427, "var": 9.30076980591}, "melbands_spread": {"dmean": 15.2627563477, "dmean2": 22.8712329865, "dvar": 452.247375488, "dvar2": 930.132141113, "max": 313.9581604, "mean": 37.7218742371, "median": 26.2068252563, "min": 0.198089540005, "var": 1298.97131348}, "mfcc": {"cov": [[13312.1005859, -50.1314811707, -466.794830322, 292.636505127, -462.079406738, 342.749206543, -22.626115799, 16.3729133606, 98.3596496582, 157.192245483, 113.519355774, -28.5819950104, 40.7218704224], [-50.1314811707, 1685.91027832, -21.7247886658, -67.8068847656, 133.589736938, -27.9246234894, 11.8154649734, 31.5254077911, -114.112442017, -24.5233955383, -50.3096809387, -50.0130615234, -42.6043968201], [-466.794830322, -21.7247886658, 669.78137207, 196.28163147, 161.960296631, 88.0571060181, 55.7597465515, -7.71137428284, 11.7423763275, -16.6003170013, -5.61697006226, 26.7481060028, 45.890827179], [292.636505127, -67.8068847656, 196.28163147, 479.543457031, 154.563568115, 174.709213257, 44.9903411865, 75.2007827759, 85.2142791748, 22.3259391785, 28.135219574, 11.66929245, 46.5449790955], [-462.079406738, 133.589736938, 161.960296631, 154.563568115, 366.061645508, 81.1388092041, 52.8991088867, 11.945063591, 16.8192691803, 21.5639343262, -24.5385856628, 16.12474823, 11.303106308], [342.749206543, -27.9246234894, 88.0571060181, 174.709213257, 81.1388092041, 267.951507568, 121.063766479, 96.507850647, 89.5548477173, 56.8995704651, 55.7403526306, 21.7027378082, 38.4744033813], [-22.626115799, 11.8154649734, 55.7597465515, 44.9903411865, 52.8991088867, 121.063766479, 206.535552979, 107.650169373, 65.4942703247, 42.1002120972, 35.053730011, 31.6521663666, 11.5083360672], [16.3729133606, 31.5254077911, -7.71137428284, 75.2007827759, 11.945063591, 96.507850647, 107.650169373, 211.006774902, 108.836326599, 50.276802063, 35.6721420288, 4.73524045944, 25.3973770142], [98.3596496582, -114.112442017, 11.7423763275, 85.2142791748, 16.8192691803, 89.5548477173, 65.4942703247, 108.836326599, 171.912628174, 77.047164917, 62.6640739441, 18.0547981262, 16.7992534637], [157.192245483, -24.5233955383, -16.6003170013, 22.3259391785, 21.5639343262, 56.8995704651, 42.1002120972, 50.276802063, 77.047164917, 131.787902832, 73.8728179932, 29.0966129303, 19.527885437], [113.519355774, -50.3096809387, -5.61697006226, 28.135219574, -24.5385856628, 55.7403526306, 35.053730011, 35.6721420288, 62.6640739441, 73.8728179932, 129.331756592, 51.8267669678, 20.1859321594], [-28.5819950104, -50.0130615234, 26.7481060028, 11.66929245, 16.12474823, 21.7027378082, 31.6521663666, 4.73524045944, 18.0547981262, 29.0966129303, 51.8267669678, 108.437187195, 50.7419662476], [40.7218704224, -42.6043968201, 45.890827179, 46.5449790955, 11.303106308, 38.4744033813, 11.5083360672, 25.3973770142, 16.7992534637, 19.527885437, 20.1859321594, 50.7419662476, 122.152519226]], "icov": [[9.09358132049e-05, -1.8368493329e-05, 6.7426415626e-05, -0.000100115154055, 0.000177813475602, -0.000167207792401, 2.4975701308e-05, 0.000103187441709, 9.16608405532e-06, -0.000143959492561, 8.54888130561e-05, 3.62794162356e-06, -5.38108770343e-06], [-1.8368493329e-05, 0.000703385972884, 8.84364726517e-06, 0.00015651123249, -0.000405991566367, 3.98652991862e-05, 3.62220926036e-05, -0.000573109020479, 0.000824484101031, -8.26017057989e-05, -0.000171495834365, 0.000265382783255, 0.000147164711962], [6.7426415626e-05, 8.84364726517e-06, 0.00196339609101, -0.000656724500004, -0.00042414906784, -0.000145595695358, -0.000580655701924, 0.000691926048603, -9.45900610532e-05, 0.000485521071823, -2.24969153351e-05, 4.28391331297e-06, -0.000573494646233], [-0.000100115154055, 0.00015651123249, -0.000656724500004, 0.00363857555203, -0.0012751922477, -0.00167670508381, 0.0011949473992, -0.00079778052168, -0.000818814558443, 0.00111235654913, -0.000611054769251, 0.000379243632779, -0.000474134023534], [0.000177813475602, -0.000405991566367, -0.00042414906784, -0.0012751922477, 0.00437133107334, -0.000767498335335, -0.000572587014176, 0.000917783705518, -0.000124364494695, -0.00182299769949, 0.00250941002741, -0.00121078721713, 0.000541548710316], [-0.000167207792401, 3.98652991862e-05, -0.000145595695358, -0.00167670508381, -0.000767498335335, 0.00769501551986, -0.00332886818796, -0.00028454940184, -0.00078942719847, -0.000171725201653, -0.00184780824929, 0.00145510118455, -0.00137973460369], [2.4975701308e-05, 3.62220926036e-05, -0.000580655701924, 0.0011949473992, -0.000572587014176, -0.00332886818796, 0.00904347933829, -0.00384339084849, 0.000302139349515, -0.000308696908178, 0.000485713768285, -0.00276804761961, 0.00189306843095], [0.000103187441709, -0.000573109020479, 0.000691926048603, -0.00079778052168, 0.000917783705518, -0.00028454940184, -0.00384339084849, 0.00985585153103, -0.00496870698407, -6.83544640196e-05, 0.000541590445209, 0.00182476744521, -0.00202588061802], [9.16608405532e-06, 0.000824484101031, -9.45900610532e-05, -0.000818814558443, -0.000124364494695, -0.00078942719847, 0.000302139349515, -0.00496870698407, 0.0126368319616, -0.00406074011698, -0.0019701810088, 0.00024345323618, 0.00103251519613], [-0.000143959492561, -8.26017057989e-05, 0.000485521071823, 0.00111235654913, -0.00182299769949, -0.000171725201653, -0.000308696908178, -6.83544640196e-05, -0.00406074011698, 0.0141615383327, -0.00647774012759, 0.000623831467237, -0.00121515302453], [8.54888130561e-05, -0.000171495834365, -2.24969153351e-05, -0.000611054769251, 0.00250941002741, -0.00184780824929, 0.000485713768285, 0.000541590445209, -0.0019701810088, -0.00647774012759, 0.0156539585441, -0.00636972300708, 0.00171005318407], [3.62794162356e-06, 0.000265382783255, 4.28391331297e-06, 0.000379243632779, -0.00121078721713, 0.00145510118455, -0.00276804761961, 0.00182476744521, 0.00024345323618, 0.000623831467237, -0.00636972300708, 0.0156027963385, -0.0060816318728], [-5.38108770343e-06, 0.000147164711962, -0.000573494646233, -0.000474134023534, 0.000541548710316, -0.00137973460369, 0.00189306843095, -0.00202588061802, 0.00103251519613, -0.00121515302453, 0.00171005318407, -0.0060816318728, 0.0115590235218]], "mean": [-668.505859375, 80.2305908203, 7.15677452087, 27.1911697388, -1.84741175175, 14.1381387711, 1.44130980968, 6.21151542664, 5.28748893738, 3.30561876297, 3.72505402565, 0.291888386011, 0.364463448524]}, "pitch_salience": {"dmean": 0.0940230339766, "dmean2": 0.146572962403, "dvar": 0.00919117871672, "dvar2": 0.0210553314537, "max": 0.931960821152, "mean": 0.502569913864, "median": 0.51932901144, "min": 0.0331924259663, "var": 0.0248161125928}, "silence_rate_20dB": {"dmean": 0, "dmean2": 0, "dvar": 0, "dvar2": 0, "max": 1, "mean": 1, "median": 1, "min": 1, "var": 0}, "silence_rate_30dB": {"dmean": 0.00110721529927, "dmean2": 0.00221463502385, "dvar": 0.00110601156484, "dvar2": 0.00331715354696, "max": 1, "mean": 0.999446451664, "median": 1, "min": 0, "var": 0.000553261779714}, "silence_rate_60dB": {"dmean": 0.0544380880892, "dmean2": 0.108886219561, "dvar": 0.0514776371419, "dvar2": 0.114553339779, "max": 1, "mean": 0.139311745763, "median": 0, "min": 0, "var": 0.11990673095}, "spectral_centroid": {"dmean": 486.464385986, "dmean2": 720.732299805, "dvar": 285100.09375, "dvar2": 577130.75, "max": 10818.0849609, "mean": 2093.39453125, "median": 1983.85046387, "min": 164.653701782, "var": 1208859.25}, "spectral_complexity": {"dmean": 5.53330850601, "dmean2": 7.5269908905, "dvar": 49.8783950806, "dvar2": 86.0372390747, "max": 64, "mean": 16.0409641266, "median": 13, "min": 0, "var": 175.423309326}, "spectral_contrast_coeffs": {"dmean": [0.0609340257943, 0.0528829246759, 0.0426618643105, 0.0340234041214, 0.0250265672803, 0.0249815937132], "dmean2": [0.0972752049565, 0.084462814033, 0.067818172276, 0.0540101826191, 0.0389626100659, 0.0378021709621], "dvar": [0.00301434821449, 0.00202927272767, 0.00135953293648, 0.000840472173877, 0.000438261398813, 0.000518078100868], "dvar2": [0.00680465390906, 0.00481988722458, 0.00317361066118, 0.00196071667597, 0.00101822451688, 0.00108157610521], "max": [-0.197320654988, -0.374730706215, -0.444137781858, -0.534056961536, -0.585187137127, -0.398559838533], "mean": [-0.681168556213, -0.740555465221, -0.778906106949, -0.790530920029, -0.798002660275, -0.727665066719], "median": [-0.698032557964, -0.755057573318, -0.792577803135, -0.798176825047, -0.800889670849, -0.723408699036], "min": [-0.963464200497, -0.957406461239, -0.973873972893, -0.957596361637, -0.949891149998, -0.956888258457], "var": [0.0122114401311, 0.00844376999885, 0.00636798841879, 0.00327781960368, 0.00176037452184, 0.00410639960319]}, "spectral_contrast_valleys": {"dmean": [0.507820606232, 0.520588755608, 0.485268831253, 0.416021078825, 0.397309929132, 0.4690310359], "dmean2": [0.769423663616, 0.813107252121, 0.739484608173, 0.603473722935, 0.530400931835, 0.591318488121], "dvar": [0.261927545071, 0.281606376171, 0.269217133522, 0.220544308424, 0.219113171101, 0.260002046824], "dvar2": [0.467530220747, 0.597621619701, 0.56158220768, 0.410249054432, 0.393258482218, 0.470914810896], "max": [-5.33397817612, -4.83491516113, -4.96352910995, -5.53131914139, -5.28497695923, -7.52780342102], "mean": [-7.87394857407, -7.53181648254, -7.89687919617, -8.07181358337, -7.67622900009, -10.0421419144], "median": [-7.50340223312, -7.32321214676, -7.691365242, -7.8526673317, -7.45875883102, -9.76189517975], "min": [-27.1828212738, -27.1226482391, -27.2466754913, -27.3149414063, -27.4123382568, -27.2921524048], "var": [2.444231987, 1.79005515575, 1.74021947384, 1.7613940239, 1.81321775913, 1.92780661583]}, "spectral_decrease": {"dmean": 2.83350343189e-09, "dmean2": 4.27225854693e-09, "dvar": 1.93221681769e-17, "dvar2": 4.55404021543e-17, "max": -1.81420831313e-28, "mean": -5.61203350458e-09, "median": -3.80895137653e-09, "min": -4.30341806634e-08, "var": 3.35291705598e-17}, "spectral_energy": {"dmean": 0.0115421526134, "dmean2": 0.0171878226101, "dvar": 0.000295042904327, "dvar2": 0.000684546423145, "max": 0.168156027794, "mean": 0.0233393721282, "median": 0.0165402218699, "min": 1.07252658276e-20, "var": 0.000526654766873}, "spectral_energyband_high": {"dmean": 0.00137231207918, "dmean2": 0.00198925845325, "dvar": 4.95802260048e-06, "dvar2": 1.04973314592e-05, "max": 0.02924977988, "mean": 0.00216261786409, "median": 0.000748993770685, "min": 7.73473407123e-21, "var": 1.17366225822e-05}, "spectral_energyband_low": {"dmean": 0.00683314725757, "dmean2": 0.0105001600459, "dvar": 0.000198494351935, "dvar2": 0.000488764839247, "max": 0.145359665155, "mean": 0.0114167043939, "median": 0.00399818457663, "min": 1.55164333109e-22, "var": 0.000307350739604}, "spectral_energyband_middle_high": {"dmean": 0.00195492967032, "dmean2": 0.00283284648322, "dvar": 1.17543959277e-05, "dvar2": 2.51438923442e-05, "max": 0.0639829337597, "mean": 0.00385160534643, "median": 0.00205495534465, "min": 1.69791220358e-21, "var": 2.68213043455e-05}, "spectral_energyband_middle_low": {"dmean": 0.00502825947478, "dmean2": 0.00834446214139, "dvar": 9.1368536232e-05, "dvar2": 0.000241141620791, "max": 0.136644884944, "mean": 0.00661429017782, "median": 0.00289868190885, "min": 4.10371577078e-22, "var": 9.929134103e-05}, "spectral_entropy": {"dmean": 0.191080003977, "dmean2": 0.281916439533, "dvar": 0.0513713881373, "dvar2": 0.099881529808, "max": 9.79316997528, "mean": 7.84713459015, "median": 7.94396877289, "min": 3.50197672844, "var": 0.217741549015}, "spectral_flux": {"dmean": 0.0326072946191, "dmean2": 0.0499555170536, "dvar": 0.00185356568545, "dvar2": 0.00357034150511, "max": 0.368335485458, "mean": 0.0857973918319, "median": 0.0700597390532, "min": 1.03562859677e-10, "var": 0.00380310649052}, "spectral_kurtosis": {"dmean": 1.19981122017, "dmean2": 1.90125000477, "dvar": 3.79781866074, "dvar2": 8.33078479767, "max": 76.7076187134, "mean": 2.77237010002, "median": 2.06667304039, "min": -1.35603284836, "var": 11.1372776031}, "spectral_rms": {"dmean": 0.00108020787593, "dmean2": 0.00153325649444, "dvar": 1.76113712769e-06, "dvar2": 3.60980698133e-06, "max": 0.0128083825111, "mean": 0.0041715754196, "median": 0.0040170638822, "min": 3.23476033286e-12, "var": 5.36802554052e-06}, "spectral_rolloff": {"dmean": 1011.28381348, "dmean2": 1640.52392578, "dvar": 2484294.25, "dvar2": 5093376, "max": 18109.4238281, "mean": 2431.25708008, "median": 1507.32421875, "min": 21.533203125, "var": 5893335.5}, "spectral_skewness": {"dmean": 0.240660995245, "dmean2": 0.360876262188, "dvar": 0.0764789953828, "dvar2": 0.161083370447, "max": 7.70067214966, "mean": 1.13867151737, "median": 1.04760742188, "min": -0.796034753323, "var": 0.316325396299}, "spectral_spread": {"dmean": 683628.4375, "dmean2": 1016293.75, "dvar": 864742080512, "dvar2": 1652646739970.0, "max": 40214444, "mean": 5320484, "median": 5046493, "min": 1241537.125, "var": 2825205055490.0}, "spectral_strongpeak": {"dmean": 0.50