{"lowlevel": {"average_loudness": 0.954208612442, "barkbands": {"dmean": [2.71015596809e-05, 0.00167691789102, 0.00128734542523, 0.00133253156673, 0.00167316396255, 0.001351256622, 0.000647117209155, 0.000487364304718, 0.000835079583339, 0.000929304922465, 0.000291874690447, 0.000463082833448, 0.00029937911313, 0.000314314471325, 0.000291757140076, 0.000361061684089, 0.000323079089867, 0.00022821642051, 0.000357474375051, 0.000248002674198, 0.000153336251969, 0.000107272418973, 5.49649303139e-05, 5.01456088386e-05, 5.0706883485e-05, 5.63135145057e-05, 2.76620194199e-05], "dmean2": [4.78130386909e-05, 0.0028158146888, 0.00211865431629, 0.00227114930749, 0.00279444851913, 0.00209738290869, 0.0010181881953, 0.000711158441845, 0.00126770266797, 0.00135717459489, 0.000438450631918, 0.000722163997125, 0.000478835630929, 0.000473490654258, 0.000452770094853, 0.00059521291405, 0.0005180464359, 0.000355407450115, 0.000536183419172, 0.000373128510546, 0.000234944673139, 0.000159665956744, 7.91760612628e-05, 6.96194401826e-05, 6.80626253597e-05, 7.53339918447e-05, 4.26938386227e-05], "dvar": [3.2647964332e-09, 2.01584371098e-05, 9.46595628193e-06, 9.23126845009e-06, 1.11712934086e-05, 4.94631558468e-06, 2.6285003969e-06, 1.32950015086e-06, 3.18387378684e-06, 5.03088904225e-06, 7.60500086017e-07, 1.44365424148e-06, 9.36194112455e-07, 7.24418555365e-07, 4.23112368253e-07, 1.17908075481e-06, 8.96035771802e-07, 2.37532717051e-07, 6.23873233963e-07, 2.78252770158e-07, 1.05399180939e-07, 6.45232276497e-08, 1.5314920887e-08, 4.69683243409e-08, 2.21119229593e-08, 2.06757206911e-08, 8.30190671763e-09], "dvar2": [9.20798726156e-09, 5.14363637194e-05, 2.41571106017e-05, 2.3852011509e-05, 2.91580854537e-05, 1.2254556168e-05, 5.92439255342e-06, 2.7717105695e-06, 7.32845546736e-06, 1.07696350824e-05, 1.49642232827e-06, 3.30507759827e-06, 2.34821300182e-06, 1.51284734784e-06, 9.81043399406e-07, 2.97487281387e-06, 2.06688628168e-06, 5.30210286342e-07, 1.35949267133e-06, 6.0983933281e-07, 2.49234005878e-07, 1.51818127847e-07, 3.26070868084e-08, 9.6715275788e-08, 4.37638441042e-08, 3.51644864338e-08, 1.90560118796e-08], "max": [0.000803020957392, 0.0660263597965, 0.0419882684946, 0.0691547393799, 0.0631172806025, 0.0338326767087, 0.0316502004862, 0.040833838284, 0.0314030498266, 0.0498983561993, 0.027074502781, 0.0335433483124, 0.0416200123727, 0.024412676692, 0.013897722587, 0.0189684852958, 0.0328976176679, 0.010875700973, 0.0119073903188, 0.00875271018595, 0.00506334891543, 0.00598458852619, 0.0028252361808, 0.0101869888604, 0.00514110317454, 0.00324263959192, 0.00246406788938], "mean": [2.96429552691e-05, 0.00221048016101, 0.00198114966042, 0.00172615097836, 0.00264477590099, 0.00252945534885, 0.00097707984969, 0.00101648783311, 0.00151198974345, 0.00190753582865, 0.000481427327031, 0.000776265223976, 0.000452986103483, 0.000484326039441, 0.000394160248106, 0.000429131789133, 0.000445701007266, 0.00035697731073, 0.000607238849625, 0.000420670432504, 0.000194509892026, 0.000135570531711, 8.00033594714e-05, 7.62851996114e-05, 7.09573723725e-05, 7.01437529642e-05, 2.83244226011e-05], "median": [1.02430230982e-05, 0.000782241171692, 0.000502050970681, 0.000601888168603, 0.00132572022267, 0.00136109709274, 0.000261341687292, 0.000235586019699, 0.000392430200009, 0.000295582198305, 8.28530319268e-05, 0.000206715092645, 8.45768518047e-05, 0.000110305598355, 0.000114594906336, 0.000117726493045, 0.000144689925946, 0.000142260149005, 0.00020342208154, 0.000136630536872, 6.43049788778e-05, 3.72276481357e-05, 3.0573715776e-05, 2.52554218605e-05, 1.83363554243e-05, 5.86458554608e-06, 4.32042526199e-07], "min": [3.78060168878e-23, 7.88826668658e-24, 3.26763226338e-23, 2.18491893547e-23, 1.20968487667e-22, 9.77239122339e-23, 1.29446031872e-23, 7.09001865213e-23, 7.80688243134e-23, 5.64923741503e-23, 1.56267955827e-22, 1.65178335389e-22, 7.63320492118e-23, 2.0714689675e-22, 2.54285210721e-22, 9.68256079222e-23, 1.67508807207e-22, 2.65985646155e-22, 5.36988548641e-22, 3.6628010898e-22, 2.5580573065e-22, 3.58524003316e-22, 5.96298620348e-22, 7.82381391072e-22, 1.10052402117e-21, 1.98107939171e-21, 2.30590509993e-21], "var": [3.09021652711e-09, 1.89919410332e-05, 1.26442882902e-05, 1.07737496364e-05, 1.49362658703e-05, 1.06013812911e-05, 4.85420241603e-06, 4.60089404442e-06, 8.01893293101e-06, 1.73197477125e-05, 2.21571031034e-06, 3.36052539751e-06, 1.7551185465e-06, 1.75195634711e-06, 6.9470905828e-07, 1.26916688714e-06, 1.50637697516e-06, 4.28436891298e-07, 1.34033177801e-06, 6.37973073481e-07, 1.29814964112e-07, 7.80579298976e-08, 2.47010643051e-08, 8.9378751511e-08, 3.84017297961e-08, 4.04639273199e-08, 1.06132285183e-08]}, "barkbands_crest": {"dmean": 2.5024061203, "dmean2": 4.00592660904, "dvar": 5.80771589279, "dvar2": 14.3452138901, "max": 25.7938308716, "mean": 9.74678230286, "median": 9.01969909668, "min": 2.07694387436, "var": 15.8578071594}, "barkbands_flatness_db": {"dmean": 0.024021981284, "dmean2": 0.0337706916034, "dvar": 0.000588427297771, "dvar2": 0.00115767144598, "max": 0.373173773289, "mean": 0.130315437913, "median": 0.127249255776, "min": 0.0136050712317, "var": 0.00256301509216}, "barkbands_kurtosis": {"dmean": 2.87262797356, "dmean2": 4.46618556976, "dvar": 34.0513687134, "dvar2": 77.1775131226, "max": 131.102218628, "mean": 4.07061052322, "median": 1.49579524994, "min": -1.91228473186, "var": 71.9555587769}, "barkbands_skewness": {"dmean": 0.553304672241, "dmean2": 0.828395187855, "dvar": 0.402641505003, "dvar2": 0.885249376297, "max": 9.34164619446, "mean": 1.4186372757, "median": 1.23636651039, "min": -1.97763633728, "var": 1.49941372871}, "barkbands_spread": {"dmean": 6.1554646492, "dmean2": 8.87651538849, "dvar": 50.7341270447, "dvar2": 104.492263794, "max": 111.330299377, "mean": 21.8002758026, "median": 19.1691837311, "min": 1.0112850666, "var": 164.610702515}, "dissonance": {"dmean": 0.0198047738522, "dmean2": 0.0323413275182, "dvar": 0.000365998625057, "dvar2": 0.000970474909991, "max": 0.500000059605, "mean": 0.4570325315, "median": 0.462345778942, "min": 0.260743111372, "var": 0.000837368657812}, "dynamic_complexity": 2.8834104538, "erbbands": {"dmean": [0.026791324839, 0.450696825981, 1.33629560471, 3.12793755531, 5.91918039322, 5.03452205658, 5.9381737709, 13.2856283188, 11.8258266449, 6.06849765778, 11.9088182449, 20.8705329895, 34.2594833374, 13.9262123108, 12.6161842346, 20.1304187775, 14.028924942, 16.7173957825, 12.4528541565, 16.7102680206, 20.5593528748, 15.5930013657, 11.8325004578, 16.4525871277, 16.9790306091, 11.6911840439, 6.99509096146, 5.64442682266, 4.05048561096, 2.33623743057, 1.48293077946, 1.13401126862, 0.806033492088, 0.519045889378, 0.405777394772, 0.263086259365, 0.0860522761941, 0.041919965297, 0.00443660700694, 6.6781656642e-05], "dmean2": [0.0449866168201, 0.752964794636, 2.1939098835, 5.26612567902, 10.2144775391, 8.16134357452, 9.24609947205, 20.7391014099, 18.3895950317, 9.82446098328, 17.1502056122, 31.257068634, 49.6566085815, 20.4446582794, 18.9061183929, 31.0227947235, 22.1434955597, 24.9424781799, 19.2483501434, 25.8213157654, 33.8519020081, 24.8028697968, 18.4679794312, 25.1400566101, 25.0271587372, 17.5047531128, 10.5126848221, 8.71540737152, 6.04441595078, 3.38650178909, 2.14847040176, 1.59762978554, 1.12498497963, 0.711835563183, 0.549007833004, 0.353937864304, 0.116720631719, 0.0599114261568, 0.00706916535273, 0.000100504606962], "dvar": [0.00473846960813, 1.43757390976, 10.6465082169, 44.6735572815, 205.054229736, 95.8874816895, 110.204666138, 621.781860352, 656.13671875, 445.510864258, 611.085388184, 2077.94775391, 5898.70410156, 1485.53674316, 925.993164062, 3042.01391602, 2185.29516602, 1935.20202637, 650.954406738, 1802.47961426, 4389.24365234, 1696.86950684, 602.140991211, 1504.89379883, 1612.56884766, 627.881958008, 186.123504639, 173.078155518, 87.2266082764, 32.9809570312, 10.9701871872, 18.3103523254, 16.0709037781, 3.86243200302, 1.28575134277, 0.469156652689, 0.0492942072451, 0.0147592751309, 0.000230410034419, 3.85354574917e-08], "dvar2": [0.0122407414019, 3.65305972099, 27.2975692749, 116.115447998, 532.002197266, 235.643615723, 263.060119629, 1520.96118164, 1419.92492676, 1059.87072754, 1324.90710449, 4751.70898438, 12457.6591797, 3093.37597656, 1849.52526855, 7291.52978516, 5618.94433594, 4009.1159668, 1434.65185547, 4088.1394043, 11648.1523438, 4184.21484375, 1343.41052246, 3411.45629883, 3437.4753418, 1338.74523926, 423.460418701, 418.709228516, 202.547286987, 75.0403900146, 23.2213954926, 37.0374755859, 35.1579818726, 8.45767402649, 2.50813746452, 0.838386893272, 0.0834729000926, 0.0298761818558, 0.000548609299585, 8.73766836662e-08], "max": [1.09585678577, 17.3283805847, 44.8913497925, 113.013717651, 432.700592041, 183.271408081, 209.013885498, 421.47277832, 607.905944824, 602.620544434, 481.919006348, 837.038818359, 1753.38671875, 929.468933105, 659.195007324, 1689.61621094, 2208.11181641, 1364.5715332, 625.368041992, 814.079040527, 1120.98583984, 1035.35229492, 480.257232666, 729.272155762, 862.520935059, 605.03515625, 233.903839111, 180.061721802, 190.8099823, 152.374755859, 80.3357009888, 262.37121582, 226.375778198, 102.170753479, 34.0986289978, 15.8802394867, 4.38752794266, 3.28070902824, 0.320441514254, 0.0043330937624], "mean": [0.0367132350802, 0.594652414322, 2.04978370667, 4.53442764282, 7.56571722031, 8.4970369339, 10.8973722458, 24.2740383148, 20.7474594116, 9.50721931458, 26.2538146973, 41.299785614, 72.6497955322, 24.7102184296, 22.5174636841, 35.3395195007, 23.1043987274, 27.2369346619, 18.7697105408, 24.3608207703, 25.6228160858, 21.9479885101, 18.9214076996, 27.0565643311, 29.9386711121, 20.0580940247, 10.6368560791, 6.88169145584, 5.13206720352, 3.06559443474, 2.21090531349, 1.7238984108, 1.19884383678, 0.751674830914, 0.53390109539, 0.32887122035, 0.106416285038, 0.0478803031147, 0.00429162941873, 8.85363915586e-05], "median": [0.0119995037094, 0.213206738234, 0.67296987772, 1.64924812317, 3.04844141006, 3.71571731567, 5.45437812805, 10.5378427505, 7.12638616562, 3.24168109894, 7.12154054642, 14.0168008804, 18.329126358, 7.39138650894, 6.81929636002, 10.6751098633, 6.40712499619, 7.57412528992, 6.88590097427, 7.67839241028, 8.07118701935, 7.75624990463, 8.05400180817, 10.1727981567, 9.73631381989, 6.7955622673, 3.94523644447, 2.09100151062, 1.4321154356, 0.87038987875, 0.882276177406, 0.616841852665, 0.369584113359, 0.228275462985, 0.0961134135723, 0.0317993722856, 0.00907566864043, 0.0018180453917, 6.12303847447e-05, 3.05484099954e-05], "min": [6.14119556177e-22, 1.36899138587e-21, 2.67799222482e-20, 6.71156512944e-20, 2.11735528121e-19, 4.90727896927e-19, 5.34652945212e-19, 9.27154074976e-19, 1.66240038668e-19, 8.30756049052e-19, 1.17490180287e-18, 1.62723911019e-18, 1.80215317156e-18, 4.15692916676e-18, 6.18161046671e-18, 7.50365643021e-18, 3.21896156643e-18, 1.02501020319e-17, 1.25491579002e-17, 1.13539150023e-17, 6.53228706995e-18, 8.28618914202e-18, 1.24397930427e-17, 2.19123237921e-17, 2.2168433799e-17, 1.80988623495e-17, 1.46882163586e-17, 9.84440551017e-18, 1.01849102734e-17, 1.83051760836e-17, 1.6577319861e-17, 1.74314566354e-17, 1.16905833019e-17, 1.00591945367e-17, 9.23172689252e-18, 7.81462670969e-18, 3.69400539516e-18, 1.2908232041e-18, 3.4141926312e-19, 3.21227480638e-20], "var": [0.00477663474157, 1.37364816666, 12.6775455475, 55.1948623657, 213.315322876, 173.72946167, 244.320892334, 1286.85717773, 1542.01403809, 960.420349121, 2314.42675781, 5614.75878906, 20733.4882812, 4237.92138672, 2659.06860352, 6818.45605469, 3608.32006836, 4876.21923828, 1157.28405762, 3155.16113281, 4448.77050781, 2331.07397461, 1068.07507324, 2636.17431641, 3704.46899414, 1427.30395508, 325.752166748, 188.768173218, 108.254646301, 43.2897644043, 18.5395736694, 35.7316131592, 26.1339607239, 5.80465078354, 2.1822271347, 0.889113664627, 0.0943349227309, 0.0234155934304, 0.000269216630841, 5.10281452648e-08]}, "erbbands_crest": {"dmean": 3.11943387985, "dmean2": 4.82741975784, "dvar": 8.93353652954, "dvar2": 20.0078277588, "max": 31.9870548248, "mean": 11.2152700424, "median": 10.1189041138, "min": 2.29231762886, "var": 30.0262470245}, "erbbands_flatness_db": {"dmean": 0.0217172168195, "dmean2": 0.0284479595721, "dvar": 0.000426531390985, "dvar2": 0.00076343229739, "max": 0.348238587379, "mean": 0.164920136333, "median": 0.163145944476, "min": 0.0401597470045, "var": 0.00213439483196}, "erbbands_kurtosis": {"dmean": 1.07103312016, "dmean2": 1.6613124609, "dvar": 2.72627091408, "dvar2": 6.31597614288, "max": 39.493938446, "mean": 0.591657221317, "median": -0.15323472023, "min": -1.88719463348, "var": 5.63042545319}, "erbbands_skewness": {"dmean": 0.413282811642, "dmean2": 0.605861067772, "dvar": 0.166402876377, "dvar2": 0.353921324015, "max": 5.5481877327, "mean": 0.451964884996, "median": 0.454776018858, "min": -4.9038143158, "var": 0.697993338108}, "erbbands_spread": {"dmean": 8.35124874115, "dmean2": 12.3625059128, "dvar": 80.5719909668, "dvar2": 179.49331665, "max": 158.188781738, "mean": 36.7504272461, "median": 34.774848938, "min": 2.78106927872, "var": 299.678833008}, "gfcc": {"cov": [[7943.65869141, -481.194580078, 6.92270469666, -60.7342720032, -32.4988174438, -21.3353805542, -73.0087509155, -69.0511932373, -183.566101074, 30.5042419434, -112.582672119, -10.8449249268, -99.7220001221], [-481.194580078, 1358.38476562, 95.5778427124, 288.029083252, 181.512161255, 95.9518051147, 154.757537842, -9.99954319, 3.74069309235, -130.104644775, 33.5719032288, -176.932434082, 40.8504562378], [6.92270469666, 95.5778427124, 1010.95202637, 246.937637329, 321.410308838, 113.631622314, 26.0241928101, -5.69722890854, -2.27133107185, 11.5541906357, -107.837181091, 50.977973938, -59.4893798828], [-60.7342720032, 288.029083252, 246.937637329, 502.435394287, 154.477279663, 77.3912887573, 20.5800533295, -8.52544975281, 13.7611246109, -44.9166679382, -13.5953645706, -58.4076499939, -12.5012664795], [-32.4988174438, 181.512161255, 321.410308838, 154.477279663, 400.92791748, 79.5493469238, 91.9211425781, 0.633409380913, -11.688577652, 17.8675327301, -51.2114143372, -1.7919280529, -55.6866226196], [-21.3353805542, 95.9518051147, 113.631622314, 77.3912887573, 79.5493469238, 231.995391846, 86.4331741333, 5.05818653107, -13.3490839005, -4.84847259521, 18.2060832977, -28.863910675, -11.2828779221], [-73.0087509155, 154.757537842, 26.0241928101, 20.5800533295, 91.9211425781, 86.4331741333, 211.582763672, 47.5439567566, -28.8287258148, 3.32090115547, -0.599158644676, -44.4679870605, -26.0796222687], [-69.0511932373, -9.99954319, -5.69722890854, -8.52544975281, 0.633409380913, 5.05818653107, 47.5439567566, 157.85534668, 55.625213623, 8.16584300995, -1.29641115665, -15.190785408, -4.08321094513], [-183.566101074, 3.74069309235, -2.27133107185, 13.7611246109, -11.688577652, -13.3490839005, -28.8287258148, 55.625213623, 162.859619141, 16.1181526184, -16.0891342163, 15.6705760956, 0.325751632452], [30.5042419434, -130.104644775, 11.5541906357, -44.9166679382, 17.8675327301, -4.84847259521, 3.32090115547, 8.16584300995, 16.1181526184, 117.716949463, 33.615650177, 29.0493831635, -18.9061088562], [-112.582672119, 33.5719032288, -107.837181091, -13.5953645706, -51.2114143372, 18.2060832977, -0.599158644676, -1.29641115665, -16.0891342163, 33.615650177, 154.762741089, 24.8218173981, 30.2887477875], [-10.8449249268, -176.932434082, 50.977973938, -58.4076499939, -1.7919280529, -28.863910675, -44.4679870605, -15.190785408, 15.6705760956, 29.0493831635, 24.8218173981, 138.757904053, 27.4273681641], [-99.7220001221, 40.8504562378, -59.4893798828, -12.5012664795, -55.6866226196, -11.2828779221, -26.0796222687, -4.08321094513, 0.325751632452, -18.9061088562, 30.2887477875, 27.4273681641, 96.8260650635]], "icov": [[0.000135810434585, 2.76111022686e-05, 1.74332162715e-05, -1.83121137525e-05, 2.08798210224e-05, -3.14962671837e-05, 7.53954736865e-05, -2.25973944907e-05, 0.000193142070202, -6.07320471318e-05, 0.000126101789647, -7.13955796527e-06, 0.000114330105134], [2.76111022686e-05, 0.00141979707405, -0.000193160609342, -0.000214997737203, -0.000662326638121, 0.000378162891138, -0.000893806514796, 0.00070890923962, -0.000835304323118, 0.00138315139338, -0.00116630177945, 0.00189790979493, -0.00116459222045], [1.74332162715e-05, -0.000193160609342, 0.0017149533378, -0.000592511089053, -0.000758082198445, -0.000738682108931, 0.000565720256418, -0.0003955126449, 0.000538157648407, -0.000512748782057, 0.00131802738179, -0.00145533285104, 0.000588250870351], [-1.83121137525e-05, -0.000214997737203, -0.000592511089053, 0.00291109015234, -0.000789175275713, -0.000313263997668, 0.000497939297929, 0.00027749768924, -0.000661567843053, 0.000966291932855, -0.000797931395937, 0.00133656198159, -0.000198983107111], [2.08798210224e-05, -0.000662326638121, -0.000758082198445, -0.000789175275713, 0.00456097954884, -0.000450874882517, -0.00115983956493, -6.31828652331e-06, 0.000623044208623, -0.00144373229705, 0.00142583285924, -0.0016698242398, 0.00173417420592], [-3.14962671837e-05, 0.000378162891138, -0.000738682108931, -0.000313263997668, -0.000450874882517, 0.00595744000748, -0.0024598040618, 0.000837997649796, -0.000712768931407, 0.000891094561666, -0.00190339016262, 0.00149539101403, -0.000530359509867], [7.53954736865e-05, -0.000893806514796, 0.000565720256418, 0.000497939297929, -0.00115983956493, -0.0024598040618, 0.00803799834102, -0.00305452756584, 0.00243403483182, -0.0011810924625, 0.000808509648778, 0.000129780513817, 0.00142062606756], [-2.25973944907e-05, 0.00070890923962, -0.0003955126449, 0.00027749768924, -6.31828652331e-06, 0.000837997649796, -0.00305452756584, 0.00876681227237, -0.00390796642751, 0.000657548662275, -0.00114526902325, 0.00201777275652, -0.000960301025771], [0.000193142070202, -0.000835304323118, 0.000538157648407, -0.000661567843053, 0.000623044208623, -0.000712768931407, 0.00243403483182, -0.00390796642751, 0.00891712028533, -0.00238662771881, 0.00255776988342, -0.00247015245259, 0.000966202875134], [-6.07320471318e-05, 0.00138315139338, -0.000512748782057, 0.000966291932855, -0.00144373229705, 0.000891094561666, -0.0011810924625, 0.000657548662275, -0.00238662771881, 0.0125945210457, -0.00461418135092, 0.000281594664557, 0.00197760039009], [0.000126101789647, -0.00116630177945, 0.00131802738179, -0.000797931395937, 0.00142583285924, -0.00190339016262, 0.000808509648778, -0.00114526902325, 0.00255776988342, -0.00461418135092, 0.010383810848, -0.00351070659235, -0.00106693047564], [-7.13955796527e-06, 0.00189790979493, -0.00145533285104, 0.00133656198159, -0.0016698242398, 0.00149539101403, 0.000129780513817, 0.00201777275652, -0.00247015245259, 0.000281594664557, -0.00351070659235, 0.0130592109635, -0.00473341438919], [0.000114330105134, -0.00116459222045, 0.000588250870351, -0.000198983107111, 0.00173417420592, -0.000530359509867, 0.00142062606756, -0.000960301025771, 0.000966202875134, 0.00197760039009, -0.00106693047564, -0.00473341438919, 0.0146077629179]], "mean": [-9.28874111176, 77.2834091187, -121.615585327, 25.5122890472, -58.3731956482, 2.56104397774, -36.4171829224, 9.30390167236, -30.8693847656, 0.979863524437, -17.5534667969, -0.0956127122045, -10.4961853027]}, "hfc": {"dmean": 8.16212463379, "dmean2": 10.9960832596, "dvar": 170.265426636, "dvar2": 344.518310547, "max": 206.735809326, "mean": 21.1867160797, "median": 16.011920929, "min": 1.17608433614e-16, "var": 415.531036377}, "melbands": {"dmean": [0.00036073391675, 0.000665630854201, 0.000612732605077, 0.000417831586674, 0.000195098371478, 0.000288894138066, 0.00016640323156, 6.783255958e-05, 9.22433464439e-05, 0.000144520075992, 0.000171513296664, 6.05141940468e-05, 3.89544838981e-05, 5.30661091034e-05, 4.15803442593e-05, 3.18523452734e-05, 3.39736216119e-05, 2.07358916668e-05, 2.19635585381e-05, 2.40629178734e-05, 2.6592917493e-05, 1.89083275473e-05, 1.16999390229e-05, 1.08003860078e-05, 1.46992124428e-05, 1.42207099998e-05, 1.04361315607e-05, 7.7747999967e-06, 4.91573609906e-06, 3.76045636585e-06, 3.31001160703e-06, 2.5419233225e-06, 1.71213764588e-06, 1.18439209018e-06, 9.19842534586e-07, 7.23976995687e-07, 7.30151498374e-07, 5.87099691529e-07, 5.21320657754e-07, 4.27430961736e-07], "dmean2": [0.000604154658504, 0.00107936689164, 0.00103288621176, 0.000705000304151, 0.0003028724459, 0.000450291467132, 0.000259151740465, 0.000108345979243, 0.000134278045152, 0.000215661901166, 0.000248902768362, 8.91442905413e-05, 5.85412381042e-05, 8.17231775727e-05, 6.38895362499e-05, 4.91686041642e-05, 5.10644713358e-05, 3.23131316691e-05, 3.41995873896e-05, 3.84591439797e-05, 4.41867996415e-05, 3.03391025227e-05, 1.86246634257e-05, 1.68338865478e-05, 2.2774678655e-05, 2.1612875571e-05, 1.56872738444e-05, 1.17562958621e-05, 7.53959511712e-06, 5.86110809309e-06, 5.20692810824e-06, 3.88628996006e-06, 2.57374722423e-06, 1.74245406015e-06, 1.35922846312e-06, 1.08803340026e-06, 1.04532125533e-06, 8.42588633532e-07, 7.54841607886e-07, 5.97333382757e-07], "dvar": [9.19806154798e-07, 2.68887674792e-06, 1.80042786724e-06, 7.99461759016e-07, 1.06837518388e-07, 2.62124785877e-07, 1.28280134959e-07, 4.99285093269e-08, 3.46370434556e-08, 9.82461614285e-08, 1.51508658064e-07, 3.06035694564e-08, 1.09398792247e-08, 1.62312652208e-08, 1.61378626018e-08, 8.71511574019e-09, 9.44302591677e-09, 2.18334772484e-09, 2.98358249218e-09, 5.25213428304e-09, 8.62602522744e-09, 2.77602851817e-09, 7.45986217243e-10, 5.74677305742e-10, 1.31943744819e-09, 1.16429110797e-09, 6.08285144477e-10, 3.04587910449e-10, 1.05189898458e-10, 6.89887244554e-11, 6.29745700031e-11, 3.38699034097e-11, 2.18676275004e-11, 7.91132263867e-12, 4.30771824461e-12, 3.81705127575e-12, 1.01925152346e-11, 8.7137319929e-12, 7.33682992832e-12, 2.10372864962e-12], "dvar2": [2.35002084992e-06, 6.71745146974e-06, 4.60278988612e-06, 2.09860536415e-06, 2.51381493399e-07, 6.40806774754e-07, 2.81295285731e-07, 1.14686010022e-07, 7.50984412434e-08, 2.23950351597e-07, 3.20850659818e-07, 6.41417301495e-08, 2.26412009141e-08, 3.56777256627e-08, 3.76186015671e-08, 2.05122283603e-08, 1.97526848211e-08, 4.75337635919e-09, 7.09388947584e-09, 1.22648291523e-08, 2.26961649474e-08, 6.60551968679e-09, 1.84640180922e-09, 1.29767996349e-09, 3.00717450941e-09, 2.54664600519e-09, 1.3103496066e-09, 6.42445652232e-10, 2.40556852216e-10, 1.66035712956e-10, 1.55584836681e-10, 8.03242750091e-11, 5.23907237038e-11, 1.76239474403e-11, 9.38354168672e-12, 7.97070742742e-12, 2.16412148618e-11, 1.8407926225e-11, 1.74917354906e-11, 4.59632852612e-12], "max": [0.0149769065902, 0.0198402814567, 0.0308439955115, 0.017274396494, 0.00558751728386, 0.00822684168816, 0.00774533394724, 0.00830327533185, 0.00397159252316, 0.00550145236775, 0.0090306578204, 0.00354993273504, 0.00255443411879, 0.00374254444614, 0.00332183367573, 0.00346676935442, 0.0031030534301, 0.00144166732207, 0.00141964643262, 0.0019160117954, 0.00193178991321, 0.00166116305627, 0.000632314302493, 0.000422719604103, 0.000724674959201, 0.000578624138143, 0.000519723689649, 0.000539230299182, 0.000230983088841, 0.000122370503959, 0.000121380515338, 8.38894266053e-05, 0.000165938137798, 6.28167254035e-05, 5.49827054783e-05, 9.20646343729e-05, 0.000203793126275, 0.00015796898515, 0.000158721537446, 6.24395397608e-05], "mean": [0.000483887386508, 0.00102320255246, 0.000877025420777, 0.000604053202551, 0.000375730800442, 0.000540493172593, 0.000286430935375, 0.000111149143777, 0.000196711625904, 0.000272742472589, 0.000359347148333, 9.9001241324e-05, 6.56399788568e-05, 8.95462362678e-05, 6.47217966616e-05, 4.79601221741e-05, 5.23381022504e-05, 2.88190512947e-05, 2.9968261515e-05, 3.23811545968e-05, 3.1525058148e-05, 2.56268340308e-05, 1.63792410603e-05, 1.67799262272e-05, 2.22745784413e-05, 2.29124398174e-05, 1.77478577825e-05, 1.23793379316e-05, 7.30711462893e-06, 4.57237956653e-06, 3.79044240617e-06, 3.13037094202e-06, 2.12256713894e-06, 1.53341386522e-06, 1.31201534259e-06, 1.08863719106e-06, 1.04807156731e-06, 8.48704985401e-07, 7.42379029361e-07, 5.93841093632e-07], "median": [0.000171015621163, 0.000364564504707, 0.000367352564353, 0.000265679380391, 0.00020019596559, 0.000249483535299, 9.47261214606e-05, 3.23947097058e-05, 4.93956322316e-05, 7.79009715188e-05, 8.00141860964e-05, 2.04379884963e-05, 1.27713346956e-05, 2.74804751825e-05, 1.64348439284e-05, 9.78400566964e-06, 1.14746226245e-05, 9.07748108148e-06, 8.35168248159e-06, 9.90904209175e-06, 8.7343805717e-06, 8.16604460852e-06, 6.14213558947e-06, 6.78587912262e-06, 7.44268254493e-06, 7.08689549356e-06, 5.40879455002e-06, 3.80473102268e-06, 2.47289653998e-06, 1.35375478294e-06, 1.02835247162e-06, 8.74949591889e-07, 4.97618316331e-07, 4.34109580283e-07, 5.07667436977e-07, 4.23466673283e-07, 3.30664789772e-07, 2.45461279746e-07, 2.20411081386e-07, 1.68457077621e-07], "min": [6.24809706916e-24, 9.88622416756e-24, 1.45916327391e-23, 2.63239002877e-23, 2.05589600126e-23, 1.94254568219e-23, 2.44803063197e-24, 1.25089129427e-23, 8.27470597822e-24, 1.13101496559e-23, 8.38961382426e-24, 1.54392274941e-23, 2.1324136158e-23, 1.86591715381e-23, 1.50451362517e-23, 5.63308335808e-24, 2.02096618701e-23, 2.03743113405e-23, 1.5754517843e-23, 1.12114229248e-23, 7.72572426364e-24, 8.49634039384e-24, 1.03565138514e-23, 1.2516941969e-23, 1.79022358337e-23, 2.49655307182e-23, 9.43872546413e-24, 1.17094166147e-23, 1.0463489701e-23, 5.66610586443e-24, 6.42454316555e-24, 6.00565092513e-24, 6.53020122304e-24, 1.13441424612e-23, 9.84343398548e-24, 9.28775405295e-24, 1.05145368902e-23, 8.22445790514e-24, 7.58315027679e-24, 8.7050682562e-24], "var": [8.77133970789e-07, 3.15861643685e-06, 2.15170416595e-06, 9.17948113965e-07, 2.76770833807e-07, 5.68292250591e-07, 2.88624505629e-07, 1.25621468783e-07, 1.30994223468e-07, 2.58191562352e-07, 5.34889863957e-07, 8.35199287508e-08, 3.12693479998e-08, 3.92216001899e-08, 2.78460419167e-08, 1.81521571108e-08, 2.27810765807e-08, 3.72926400871e-09, 4.7248502888e-09, 7.00111346674e-09, 9.27192633782e-09, 4.26093826889e-09, 1.00361730038e-09, 9.41882905003e-10, 2.13811790495e-09, 2.34651142961e-09, 1.40990796815e-09, 6.73589406475e-10, 1.94827182165e-10, 7.83162215634e-11, 6.45742279093e-11, 4.04914365926e-11, 2.4598600934e-11, 1.08844253055e-11, 6.75021497032e-12, 6.88650785702e-12, 1.88183999633e-11, 1.4983578614e-11, 9.53801447545e-12, 3.08298265389e-12]}, "melbands_crest": {"dmean": 3.1702067852, "dmean2": 5.12417221069, "dvar": 8.806224823, "dvar2": 22.2589435577, "max": 33.0607070923, "mean": 13.5739717484, "median": 12.8384580612, "min": 1.79486560822, "var": 24.3973751068}, "melbands_flatness_db": {"dmean": 0.0291782524437, "dmean2": 0.0410189889371, "dvar": 0.00097353477031, "dvar2": 0.0019645311404, "max": 0.507805109024, "mean": 0.189124658704, "median": 0.184465274215, "min": 0.00478837778792, "var": 0.00448462506756}, "melbands_kurtosis": {"dmean": 6.45656013489, "dmean2": 10.0951538086, "dvar": 172.256439209, "dvar2": 404.788909912, "max": 284.214111328, "mean": 11.6632947922, "median": 5.61068344116, "min": -1.90590488911, "var": 371.078033447}, "melbands_skewness": {"dmean": 0.716521501541, "dmean2": 1.08556354046, "dvar": 0.691247165203, "dvar2": 1.53701090813, "max": 14.3305339813, "mean": 2.31810379028, "median": 1.99642419815, "min": -1.60339462757, "var": 2.65806245804}, "melbands_spread": {"dmean": 8.21066856384, "dmean2": 12.2555217743, "dvar": 128.978744507, "dvar2": 281.368255615, "max": 196.042221069, "mean": 25.4082775116, "median": 20.5466403961, "min": 0.737902998924, "var": 347.249176025}, "mfcc": {"cov": [[6266.75634766, -299.181152344, -237.011917114, -5.7051076889, -171.225830078, -52.969543457, -32.6462135315, -74.3430786133, -77.918296814, 34.0067558289, -27.054101944, -93.8977890015, -90.9845809937], [-299.181152344, 1015.07641602, 98.3014297485, 195.020233154, 116.359458923, 110.05406189, 152.917617798, 71.5771636963, 56.0099716187, 64.8984603882, -2.87769246101, -24.3902492523, -26.0678634644], [-237.011917114, 98.3014297485, 613.609680176, 173.696655273, 205.177474976, 144.930007935, 51.3860855103, 58.9399452209, 64.7290878296, -28.1433086395, 5.53405475616, 14.6467647552, -9.42708969116], [-5.7051076889, 195.020233154, 173.696655273, 414.35925293, 173.957702637, 105.825111389, 67.4720458984, 49.1396713257, 42.2008018494, 9.17844963074, -9.63902759552, 10.8730144501, 10.9195766449], [-171.225830078, 116.359458923, 205.177474976, 173.957702637, 295.167785645, 114.084457397, 35.4300765991, 51.0565338135, 42.478351593, -2.648853302, -3.95659327507, 20.8080158234, 12.128112793], [-52.969543457, 110.05406189, 144.930007935, 105.825111389, 114.084457397, 264.006072998, 103.116378784, 38.8681373596, 23.1072502136, -14.4519405365, 16.6938400269, -4.92643260956, 4.09325265884], [-32.6462135315, 152.917617798, 51.3860855103, 67.4720458984, 35.4300765991, 103.116378784, 274.365875244, 45.6700935364, -23.5159568787, 58.561088562, -5.35652256012, -28.3640537262, 18.5564861298], [-74.3430786133, 71.5771636963, 58.9399452209, 49.1396713257, 51.0565338135, 38.8681373596, 45.6700935364, 132.640914917, 57.5220565796, 14.138133049, 19.4851951599, 3.8354883194, -12.9515485764], [-77.918296814, 56.0099716187, 64.7290878296, 42.2008018494, 42.478351593, 23.1072502136, -23.5159568787, 57.5220565796, 140.663864136, 36.1746444702, 28.6351795197, 13.8504638672, -19.7307567596], [34.0067558289, 64.8984603882, -28.1433086395, 9.17844963074, -2.648853302, -14.4519405365, 58.561088562, 14.138133049, 36.1746444702, 141.105697632, 37.8796844482, 0.73303437233, -6.34512615204], [-27.054101944, -2.87769246101, 5.53405475616, -9.63902759552, -3.95659327507, 16.6938400269, -5.35652256012, 19.4851951599, 28.6351795197, 37.8796844482, 114.104454041, 45.0609741211, -10.5930519104], [-93.8977890015, -24.3902492523, 14.6467647552, 10.8730144501, 20.8080158234, -4.92643260956, -28.3640537262, 3.8354883194, 13.8504638672, 0.73303437233, 45.0609741211, 111.295883179, 37.8867950439], [-90.9845809937, -26.0678634644, -9.42708969116, 10.9195766449, 12.128112793, 4.09325265884, 18.5564861298, -12.9515485764, -19.7307567596, -6.34512615204, -10.5930519104, 37.8867950439, 100.56716156]], "icov": [[0.000171585241333, 5.99870982114e-05, 4.80862145196e-05, -8.68967617862e-05, 7.94999359641e-05, -4.73842592328e-05, 2.56278581219e-05, 3.16612531606e-05, 8.36758772493e-05, -9.52749178396e-05, 3.74129776901e-05, 6.73088870826e-05, 0.000165406512679], [5.99870982114e-05, 0.0012305554701, 8.28812771942e-05, -0.000410737033235, -0.000120451717521, -0.000139781681355, -0.000485648924951, -0.000105176586658, -0.000252061785432, -0.000314051576424, 0.000214579282328, 3.4959626646e-05, 0.000462054245872], [4.80862145196e-05, 8.28812771942e-05, 0.00237272167578, -0.000333686504746, -0.00113824557047, -0.000463021657197, -0.00037784545566, 7.08107108949e-05, -0.000761293282267, 0.000765269505791, -7.30899409973e-05, -0.000184887059731, 0.000519465946127], [-8.68967617862e-05, -0.000410737033235, -0.000333686504746, 0.00358714652248, -0.00148293783423, -0.000333623465849, -0.000279271858744, -0.000166712590726, -0.000376196199795, -7.64950818848e-05, 0.000532472564373, -0.000347439083271, -0.000275033089565], [7.94999359641e-05, -0.000120451717521, -0.00113824557047, -0.00148293783423, 0.00591363990679, -0.0015304107219, 0.000740109651815, -0.00104921264574, 6.09832350165e-05, -0.000674795592204, 0.00113543495536, -0.000946000043768, -0.000382166705094], [-4.73842592328e-05, -0.000139781681355, -0.000463021657197, -0.000333623465849, -0.0015304107219, 0.00619015842676, -0.00251829763874, 0.000529299490154, -0.00119229184929, 0.00246362038888, -0.00214165891521, 0.00102861900814, -0.000312412797939], [2.56278581219e-05, -0.000485648924951, -0.00037784545566, -0.000279271858744, 0.000740109651815, -0.00251829763874, 0.00671274308115, -0.00266765174456, 0.00328336236998, -0.00376238068566, 0.00087290542433, 0.00138664315455, -0.00170037685893], [3.16612531606e-05, -0.000105176586658, 7.08107108949e-05, -0.000166712590726, -0.00104921264574, 0.000529299490154, -0.00266765174456, 0.0109428744763, -0.00460621714592, 0.00171826360747, -0.00139953382313, -7.93998478912e-05, 0.00111980957445], [8.36758772493e-05, -0.000252061785432, -0.000761293282267, -0.000376196199795, 6.09832350165e-05, -0.00119229184929, 0.00328336236998, -0.00460621714592, 0.0115804700181, -0.00394354853779, -0.000100008350273, -0.000659805606119, 0.00108322349843], [-9.52749178396e-05, -0.000314051576424, 0.000765269505791, -7.64950818848e-05, -0.000674795592204, 0.00246362038888, -0.00376238068566, 0.00171826360747, -0.00394354853779, 0.0111334612593, -0.00406557600945, 0.0010700331768, -9.35503921937e-05], [3.74129776901e-05, 0.000214579282328, -7.30899409973e-05, 0.000532472564373, 0.00113543495536, -0.00214165891521, 0.00087290542433, -0.00139953382313, -0.000100008350273, -0.00406557600945, 0.0137762082741, -0.00666921027005, 0.00332119315863], [6.73088870826e-05, 3.4959626646e-05, -0.000184887059731, -0.000347439083271, -0.000946000043768, 0.00102861900814, 0.00138664315455, -7.93998478912e-05, -0.000659805606119, 0.0010700331768, -0.00666921027005, 0.0146337309852, -0.00638092821464], [0.000165406512679, 0.000462054245872, 0.000519465946127, -0.000275033089565, -0.000382166705094, -0.000312412797939, -0.00170037685893, 0.00111980957445, 0.00108322349843, -9.35503921937e-05, 0.00332119315863, -0.00638092821464, 0.0137686915696]], "mean": [-654.172424316, 111.437202454, -8.69630241394, 25.1102619171, -1.26045513153, -3.42102384567, 1.57842719555, -0.105658821762, -4.00480604172, 0.105363704264, -5.99595928192, -4.40080213547, -2.83822798729]}, "pitch_salience": {"dmean": 0.0696945413947, "dmean2": 0.110293835402, "dvar": 0.00431641936302, "dvar2": 0.0104136839509, "max": 0.874797523022, "mean": 0.542989373207, "median": 0.543191850185, "min": 0.109671935439, "var": 0.0122791323811}, "silence_rate_20dB": {"dmean": 0, "dmean2": 0, "dvar": 0, "dvar2": 0, "max": 1, "mean": 1, "median": 1, "min": 1, "var": 0}, "silence_rate_30dB": {"dmean": 0.000309693394229, "dmean2": 0.000619482714683, "dvar": 0.000309620576445, "dvar2": 0.000928932451643, "max": 1, "mean": 0.999845206738, "median": 1, "min": 0, "var": 0.000154775028932}, "silence_rate_60dB": {"dmean": 0.0244657788426, "dmean2": 0.0489391349256, "dvar": 0.023864146322, "dvar2": 0.0545915849507, "max": 1, "mean": 0.0758631378412, "median": 0, "min": 0, "var": 0.0701076686382}, "spectral_centroid": {"dmean": 303.725311279, "dmean2": 444.112976074, "dvar": 121596.914062, "dvar2": 244673.59375, "max": 10932.3583984, "mean": 1460.1706543, "median": 1358.40209961, "min": 160.912460327, "var": 485503.6875}, "spectral_complexity": {"dmean": 4.90709209442, "dmean2": 7.0363945961, "dvar": 46.3775634766, "dvar2": 83.5764694214, "max": 65, "mean": 16.7341690063, "median": 14, "min": 0, "var": 131.753753662}, "spectral_contrast_coeffs": {"dmean": [0.0529283583164, 0.0540938042104, 0.0449382476509, 0.0348912701011, 0.0294751953334, 0.0251217018813], "dmean2": [0.0880438536406, 0.086708150804, 0.0691132098436, 0.0550483614206, 0.0457389354706, 0.0397431366146], "dvar": [0.00227996846661, 0.00219615898095, 0.00151942658704, 0.000900723331142, 0.000719764560927, 0.000606645946391], "dvar2": [0.00585920596495, 0.00511479005218, 0.00320662558079, 0.00202374719083, 0.00146621908061, 0.00139667105395], "max": [-0.226488515735, -0.365750968456, -0.444970488548, -0.479825019836, -0.510301291943, -0.585101604462], "mean": [-0.63068318367, -0.665338814259, -0.709546148777, -0.772990047932, -0.770642280579, -0.754167377949], "median": [-0.636381626129, -0.667637646198, -0.71125549078, -0.780773043633, -0.781925559044, -0.755778193474], "min": [-0.964564681053, -0.95726108551, -0.96302652359, -0.956429123878, -0.959506571293, -0.959523618221], "var": [0.00741271534935, 0.00924122799188, 0.00807306170464, 0.00382188847288, 0.00362234679051, 0.00168866943568]}, "spectral_contrast_valleys": {"dmean": [0.470110237598, 0.449180752039, 0.392874896526, 0.368100464344, 0.350324809551, 0.383013814688], "dmean2": [0.72536689043, 0.699897170067, 0.606117546558, 0.542733848095, 0.487163037062, 0.480288594961], "dvar": [0.214242741466, 0.205696582794, 0.162906587124, 0.162453919649, 0.156727880239, 0.163450837135], "dvar2": [0.406314969063, 0.403214871883, 0.314225286245, 0.27666708827, 0.260604828596, 0.262651443481], "max": [-5.16342306137, -4.54708909988, -5.17880392075, -5.48407793045, -5.20227622986, -7.96006441116], "mean": [-7.77592658997, -7.32422637939, -7.63631439209, -7.88272666931, -7.58282232285, -10.3727769852], "median": [-7.52783346176, -7.26508331299, -7.58791255951, -7.88628005981, -7.55872869492, -10.276925087], "min": [-27.0354537964, -27.4873523712, -26.9336853027, -27.2779312134, -27.2563705444, -27.2950878143], "var": [1.48933827877, 0.971436142921, 0.850904405117, 0.896640002728, 0.896603643894, 1.04666924477]}, "spectral_decrease": {"dmean": 1.88439752691e-09, "dmean2": 2.88470092258e-09, "dvar": 7.05132842867e-18, "dvar2": 1.61468716139e-17, "max": -9.33751443647e-29, "mean": -5.33026867089e-09, "median": -4.98531615989e-09, "min": -3.58100287201e-08, "var": 1.29623495054e-17}, "spectral_energy": {"dmean": 0.00766302924603, "dmean2": 0.0116250514984, "dvar": 0.000112015826744, "dvar2": 0.000253751641139, "max": 0.138125002384, "mean": 0.022039398551, "median": 0.0205895453691, "min": 1.10198641025e-20, "var": 0.000215317835682}, "spectral_energyband_high": {"dmean": 0.00053295417456, "dmean2": 0.000721327378415, "dvar": 1.04075184026e-06, "dvar2": 2.05062542591e-06, "max": 0.0191104169935, "mean": 0.000852787983604, "median": 0.000320569408359, "min": 7.39640669938e-21, "var": 2.01501961783e-06}, "spectral_energyband_low": {"dmean": 0.00306091853417, "dmean2": 0.00480761332437, "dvar": 4.74484550068e-05, "dvar2": 0.00011168824858, "max": 0.0890431553125, "mean": 0.00509370025247, "median": 0.00210018642247, "min": 7.16927582282e-23, "var": 6.5229840402e-05}, "spectral_energyband_middle_high": {"dmean": 0.00237285974436, "dmean2": 0.00343183241785, "dvar": 1.46511401908e-05, "dvar2": 3.26073313772e-05, "max": 0.0500824935734, "mean": 0.00599599583074, "median": 0.00324084726162, "min": 2.18456743798e-21, "var": 4.65579505544e-05}, "spectral_energyband_middle_low": {"dmean": 0.0046819075942, "dmean2": 0.00744443107396, "dvar": 4.31832013419e-05, "dvar2": 0.000108030450065, "max": 0.134938254952, "mean": 0.0116015970707, "median": 0.0101855844259, "min": 4.13670555519e-22, "var": 7.83319919719e-05}, "spectral_entropy": {"dmean": 0.199990585446, "dmean2": 0.269517213106, "dvar": 0.0429325699806, "dvar2": 0.0788358673453, "max": 9.79722690582, "mean": 7.47888898849, "median": 7.48342990875, "min": 5.69402122498, "var": 0.192454308271}, "spectral_flux": {"dmean": 0.0274086371064, "dmean2": 0.0411405786872, "dvar": 0.000904073589481, "dvar2": 0.00192533270456, "max": 0.358827471733, "mean": 0.0777125731111, "median": 0.0682658329606, "min": 1.04975542148e-10, "var": 0.00218963157386}, "spectral_kurtosis": {"dmean": 1.40423476696, "dmean2": 2.31767821312, "dvar": 2.26061415672, "dvar2": 6.02347373962, "max": 26.5658226013, "mean": 4.56810092926, "median": 4.19120645523, "min": -1.32349824905, "var": 5.12410116196}, "spectral_rms": {"dmean": 0.000771047431044, "dmean2": 0.00113060662989, "dvar": 8.8717285962e-07, "dvar2": 1.86281795322e-06, "max": 0.0116084497422, "mean": 0.00432647252455, "median": 0.00448189256713, "min": 3.27888497603e-12, "var": 2.7834962566e-06}, "spectral_rolloff": {"dmean": 617.831298828, "dmean2": 973.081237793, "dvar": 1148032.5, "dvar2": 2357276, "max": 18647.7539062, "mean": 1703.73339844, "median": 1184.32617188, "min": 107.666015625, "var": 2603192}, "spectral_skewness": {"dmean": 0.217219531536, "dmean2": 0.342698425055, "dvar": 0.046791754663, "dvar2": 0.109592087567, "max": 3.89431858063, "mean": 1.51745569706, "median": 1.50621891022, "min": 0.000169497085153, "var": 0.14944127202}, "spectral_spread": {"dmean": 582472.75, "dmean2": 798347.5, "dvar": 634924171264, "dvar2": 998537887744, "max": 423