{"lowlevel": {"average_loudness": 0.872877717018, "barkbands": {"dmean": [0.00029554736102, 0.0055596944876, 0.0014069667086, 0.00159195880406, 0.00178468320519, 0.00142192584462, 0.00107717548963, 0.000814214523416, 0.000970634515397, 0.000615851720795, 0.000402566569392, 0.000310766161419, 0.000378424214432, 0.000309973896947, 0.000229217257584, 0.000238367181737, 0.000133376437589, 9.53126655077e-05, 0.000119496318803, 9.93998619379e-05, 5.7243869378e-05, 6.06767571298e-05, 7.46810765122e-05, 5.51617486053e-05, 4.95936183142e-05, 2.68406056421e-05, 1.13871279073e-09], "dmean2": [0.0004443245125, 0.0086721861735, 0.00246594334021, 0.0027176886797, 0.00295725674368, 0.00221726624295, 0.00166983634699, 0.00126227771398, 0.00146292464342, 0.000955334166065, 0.000595388002694, 0.000479122711113, 0.000579278043006, 0.000487271609018, 0.00035650015343, 0.000388736458262, 0.000213015882764, 0.000150974155986, 0.000188755046111, 0.000153359171236, 8.35057726363e-05, 8.57982086018e-05, 0.000105969149445, 7.48575694161e-05, 6.21902436251e-05, 3.43377760146e-05, 2.10159289971e-09], "dvar": [4.77050207337e-07, 0.000201629096409, 7.78034609539e-06, 6.84549013386e-06, 7.63238404033e-06, 5.3166249927e-06, 4.25991538577e-06, 4.05382388635e-06, 5.43906571693e-06, 2.74581702797e-06, 1.99418377633e-06, 9.0726189228e-07, 1.06464221972e-06, 9.45117960782e-07, 4.00897789632e-07, 8.13347412532e-07, 5.20615905941e-08, 2.72630735765e-08, 3.57629055259e-08, 2.69251003715e-08, 1.07181197251e-08, 1.31255930569e-08, 2.44795739235e-08, 2.64621586865e-08, 1.78921979455e-08, 3.91457577464e-09, 2.91593346159e-18], "dvar2": [1.06613879325e-06, 0.000444391480414, 2.19547946472e-05, 1.85897315532e-05, 1.9865370632e-05, 1.31996566779e-05, 1.00402949101e-05, 9.47606804402e-06, 1.15778111649e-05, 6.41809629087e-06, 3.95694632971e-06, 1.94952986021e-06, 2.28031535698e-06, 2.24729956244e-06, 9.26427844661e-07, 2.34369895225e-06, 1.28507679165e-07, 6.55837126828e-08, 8.93068516916e-08, 6.25011651323e-08, 2.18334488267e-08, 2.55945877825e-08, 4.9134524005e-08, 4.78776343016e-08, 2.92980413263e-08, 6.62100463344e-09, 9.13028311656e-18], "max": [0.00618508039042, 0.121748767793, 0.0350139513612, 0.0608083754778, 0.0373138412833, 0.0597070716321, 0.0391422584653, 0.0438810363412, 0.0521595105529, 0.038738142699, 0.0622291006148, 0.0255203749985, 0.0288980565965, 0.026340810582, 0.0174144916236, 0.0323634035885, 0.00537191471085, 0.00400688964874, 0.00453033111989, 0.00441356375813, 0.00265203858726, 0.00430781906471, 0.00479278713465, 0.00626460136846, 0.00524262757972, 0.00128034118097, 2.29528911433e-08], "mean": [0.000346135755535, 0.00573395099491, 0.00178953190334, 0.00225880206563, 0.00329461786896, 0.0031073463615, 0.00209850771353, 0.00154754566029, 0.00198208121583, 0.00116279977374, 0.000721290707588, 0.000567648152355, 0.000691906432621, 0.000530737626832, 0.000395170995034, 0.000494389329106, 0.000271517172223, 0.000182897594641, 0.000256096594967, 0.000202828465262, 0.000109984765004, 0.000130583764985, 0.000153824235895, 0.00011031494796, 9.8038064607e-05, 4.74671578559e-05, 9.6727625909e-10], "median": [9.86058803392e-05, 0.00111156096682, 0.00103343115188, 0.00128703273367, 0.0018733816687, 0.00176199851558, 0.000961420708336, 0.000619196449406, 0.000697144248988, 0.000433865410741, 0.000186329736607, 0.000176946312422, 0.000152859676746, 0.000131165536004, 0.000113658883492, 0.000136782153277, 0.000145812344272, 9.89773252513e-05, 0.000136750168167, 0.000103773345472, 5.10579993716e-05, 5.53377249162e-05, 5.83313631068e-05, 3.28244714183e-05, 2.46229647018e-05, 8.96375786397e-06, 3.61226742962e-10], "min": [1.72594556979e-25, 7.21621655711e-25, 7.74859906052e-25, 1.3197094686e-24, 9.9912467976e-24, 7.91633672417e-24, 1.38211680702e-23, 6.28200231086e-24, 1.60344498684e-23, 1.47738864295e-23, 1.65159421659e-23, 2.30609649021e-23, 2.47260372806e-23, 3.36939027144e-23, 5.89847770249e-23, 4.82272260109e-23, 8.14816764031e-23, 8.21700679834e-23, 1.25878610377e-22, 1.68614070755e-22, 1.92516581427e-22, 2.9838606942e-22, 3.73558177557e-22, 5.59296828221e-22, 8.128173866e-22, 1.33524853591e-21, 1.85928653809e-21], "var": [5.68303050841e-07, 0.000215005493374, 6.51861864753e-06, 9.33949286264e-06, 1.70210842043e-05, 1.47974315041e-05, 1.25185524666e-05, 1.00260785985e-05, 1.80331662705e-05, 7.15620399205e-06, 6.18259218754e-06, 2.5191225177e-06, 3.32327226715e-06, 2.1541386559e-06, 9.59397311817e-07, 3.07125355903e-06, 1.39020414736e-07, 6.09875883129e-08, 1.15634549047e-07, 7.31358085204e-08, 2.58847663304e-08, 3.95680039844e-08, 6.82804071062e-08, 7.10068590593e-08, 5.34960094001e-08, 1.03285078268e-08, 2.46889259173e-18]}, "barkbands_crest": {"dmean": 2.65596961975, "dmean2": 4.26285886765, "dvar": 7.57381105423, "dvar2": 17.7581748962, "max": 25.8654632568, "mean": 9.09488105774, "median": 8.04216003418, "min": 1.77763748169, "var": 16.1432361603}, "barkbands_flatness_db": {"dmean": 0.0195945966989, "dmean2": 0.0299180746078, "dvar": 0.000380114477593, "dvar2": 0.00085616967408, "max": 0.348556816578, "mean": 0.136245474219, "median": 0.132463812828, "min": 0.0254735145718, "var": 0.00167193252128}, "barkbands_kurtosis": {"dmean": 3.03768920898, "dmean2": 4.7160115242, "dvar": 65.7374954224, "dvar2": 146.801895142, "max": 282.275238037, "mean": 4.85758924484, "median": 2.4965493679, "min": -1.94181954861, "var": 101.296470642}, "barkbands_skewness": {"dmean": 0.504449903965, "dmean2": 0.756901681423, "dvar": 0.391560077667, "dvar2": 0.815940916538, "max": 15.8321771622, "mean": 1.64115047455, "median": 1.50174975395, "min": -2.22355556488, "var": 1.3845539093}, "barkbands_spread": {"dmean": 4.93390703201, "dmean2": 7.27542638779, "dvar": 38.0133361816, "dvar2": 74.5526428223, "max": 108.1770401, "mean": 20.3409004211, "median": 17.7871437073, "min": 1.22794568539, "var": 151.834640503}, "dissonance": {"dmean": 0.0194104406983, "dmean2": 0.0324472151697, "dvar": 0.000346663495293, "dvar2": 0.000943217019085, "max": 0.500000059605, "mean": 0.459225535393, "median": 0.464803725481, "min": 0.177149951458, "var": 0.000761331873946}, "dynamic_complexity": 4.28112459183, "erbbands": {"dmean": [0.217067599297, 1.09662723541, 1.60064518452, 3.51157021523, 5.67577409744, 6.2179889679, 9.69364547729, 12.0195083618, 15.1502637863, 13.9364938736, 17.798576355, 23.3767967224, 16.6232910156, 19.650888443, 15.326333046, 10.4394550323, 17.3826351166, 15.195980072, 13.0658893585, 9.93365097046, 13.8628473282, 6.95369672775, 5.30563306808, 5.33716106415, 5.89261102676, 4.64212226868, 2.48765206337, 2.21374678612, 2.11267924309, 2.47964978218, 2.03624606133, 1.3444185257, 0.849058568478, 0.616439938545, 0.351229071617, 0.188796743751, 0.0310961883515, 0.000637593853753, 2.82923774648e-05, 1.32908990054e-05], "dmean2": [0.338456809521, 1.75604152679, 2.7833673954, 6.02072095871, 9.62467670441, 10.2055149078, 15.7394199371, 18.6540355682, 23.7958145142, 21.2957191467, 26.88971138, 34.6782798767, 25.4254245758, 29.8876419067, 22.6036319733, 15.7781505585, 26.2934570312, 23.7065067291, 20.1085662842, 15.6503267288, 22.5790939331, 11.006439209, 8.32084465027, 8.47670173645, 9.16822433472, 7.11189174652, 3.67598628998, 3.26900458336, 3.02302694321, 3.56998562813, 2.87669277191, 1.91081547737, 1.14291834831, 0.807706713676, 0.448200881481, 0.241405293345, 0.0408917106688, 0.000831407785881, 3.49768670276e-05, 1.88235226233e-05], "dvar": [0.32509303093, 7.89468336105, 12.2606773376, 33.6054840088, 89.0935974121, 111.180686951, 296.108734131, 403.762237549, 811.398498535, 1104.39257812, 1826.85168457, 3756.24902344, 2260.25512695, 3418.33959961, 2385.50146484, 810.056945801, 2269.01806641, 2724.6315918, 1362.56323242, 748.547973633, 3489.71557617, 140.731658936, 82.7947998047, 67.8371429443, 99.860824585, 61.1475334167, 19.8666973114, 16.5456466675, 15.0890817642, 25.0948123932, 19.9183692932, 15.1459302902, 6.62895965576, 3.09596776962, 0.826562047005, 0.192335546017, 0.00534564070404, 2.21488699026e-06, 3.32843019812e-09, 3.74742237241e-10], "dvar2": [0.744985818863, 18.1367549896, 33.7781791687, 91.2454452515, 244.065826416, 282.077392578, 761.884216309, 995.450134277, 2000.34313965, 2484.59301758, 4098.04052734, 7814.38232422, 4987.07128906, 7592.32226562, 4749.24072266, 1690.99938965, 4754.55126953, 6705.62646484, 3044.8125, 1737.95373535, 10284.125, 343.533630371, 199.524734497, 169.043304443, 239.457458496, 134.936523438, 40.3813056946, 35.1668930054, 29.3107070923, 51.2742729187, 39.1308517456, 29.4734516144, 12.1814432144, 5.34124946594, 1.46663534641, 0.320186972618, 0.00955700967461, 3.92301581087e-06, 5.3060187355e-09, 7.09258374254e-10], "max": [4.14977550507, 26.2197189331, 37.8282852173, 117.557189941, 139.323410034, 203.148635864, 382.898895264, 367.504425049, 574.17590332, 825.86151123, 1218.72558594, 1598.58007812, 1316.56018066, 1828.70251465, 2047.63842773, 1080.31103516, 1465.9987793, 1585.30334473, 1088.48596191, 1008.67675781, 2224.32495117, 253.319320679, 193.808120728, 150.252456665, 293.668273926, 300.25, 82.1220245361, 96.7199172974, 120.198875427, 197.265762329, 170.248397827, 141.066818237, 135.096389771, 86.7533721924, 31.565322876, 8.79720592499, 1.56673514843, 0.0306843109429, 0.00116967048962, 0.000223208815441], "mean": [0.206151068211, 1.12217485905, 2.05515146255, 5.21342611313, 8.76688289642, 11.0400743484, 19.2291679382, 26.5303897858, 30.54429245, 28.2106342316, 36.0082435608, 47.415561676, 33.1786804199, 41.1847190857, 31.6635532379, 21.5492019653, 33.8006286621, 27.8189582825, 24.4489688873, 18.8537254333, 30.1787567139, 15.7041683197, 11.2439727783, 11.4825992584, 13.157579422, 9.7780752182, 4.83068418503, 4.35536384583, 4.48060083389, 5.10614538193, 4.16343450546, 2.64486813545, 1.66303122044, 1.18430173397, 0.663430869579, 0.343125492334, 0.0526719614863, 0.00110060442239, 6.1624130467e-05, 3.84529230359e-05], "median": [0.0219428166747, 0.275273174047, 1.18000745773, 3.26000213623, 5.08611392975, 5.87499141693, 9.25108146667, 15.0344276428, 15.5021324158, 12.4678115845, 16.651506424, 17.2114372253, 12.8142108917, 15.0558929443, 10.2191009521, 7.90607261658, 8.10998916626, 6.93788337708, 7.63259601593, 6.39517021179, 8.52546787262, 8.22230148315, 6.31570339203, 6.54758262634, 7.06524372101, 4.90737056732, 2.36975169182, 2.01969909668, 1.9254566431, 1.94295930862, 1.52912902832, 0.803622543812, 0.47011578083, 0.294697344303, 0.156315550208, 0.0682435631752, 0.00925538130105, 0.000203288422199, 2.63818456006e-05, 2.9755581636e-05], "min": [3.63733129552e-23, 4.30958473811e-22, 1.64868344607e-21, 2.90707052506e-21, 1.38022484594e-20, 2.81147025668e-20, 4.33111510239e-20, 5.83848439394e-20, 1.44487579627e-19, 9.8093519998e-20, 1.99915026695e-19, 2.92336330125e-19, 5.5620735912e-19, 7.20543848404e-19, 8.94152773861e-19, 1.39186786542e-18, 1.17641874871e-18, 1.73603807277e-18, 2.33053195183e-18, 3.61964599399e-18, 3.43016807377e-18, 5.03793069945e-18, 5.16722978254e-18, 5.65735001191e-18, 7.98109101771e-18, 8.27537458269e-18, 9.88950753307e-18, 1.00515811664e-17, 9.61852647312e-18, 1.3267599831e-17, 1.09533379014e-17, 9.91990476622e-18, 9.87610224406e-18, 9.11554110368e-18, 6.41971771475e-18, 3.38152447708e-18, 2.37653063851e-18, 9.03011257835e-19, 2.3451118373e-19, 2.86703514497e-20], "var": [0.331811636686, 7.81942033768, 9.85825252533, 42.6303291321, 135.715667725, 240.988250732, 784.385559082, 1132.30688477, 2432.77905273, 2977.86694336, 4461.44775391, 11806.9658203, 6395.73779297, 11079.8310547, 8926.18164062, 2330.4230957, 7648.93798828, 6592.53515625, 3540.42236328, 1726.46118164, 13440.203125, 491.311004639, 215.371887207, 174.33895874, 372.044830322, 185.276916504, 46.8213729858, 39.1725540161, 44.6437911987, 70.168586731, 55.7387771606, 38.219783783, 16.6532382965, 8.56481933594, 2.35128974915, 0.526956737041, 0.0130906300619, 5.5591203818e-06, 1.00197379282e-08, 1.03757236136e-09]}, "erbbands_crest": {"dmean": 2.31481456757, "dmean2": 3.66137194633, "dvar": 5.05490875244, "dvar2": 12.0715427399, "max": 30.3579883575, "mean": 8.58586215973, "median": 7.53868198395, "min": 2.22056126595, "var": 19.1613197327}, "erbbands_flatness_db": {"dmean": 0.0161504354328, "dmean2": 0.0215704124421, "dvar": 0.000280997919617, "dvar2": 0.000459755421616, "max": 0.361052691936, "mean": 0.15183006227, "median": 0.149314373732, "min": 0.0457550249994, "var": 0.00207281042822}, "erbbands_kurtosis": {"dmean": 0.811571717262, "dmean2": 1.22534632683, "dvar": 1.41436910629, "dvar2": 3.1189084053, "max": 31.6953659058, "mean": 0.547584533691, "median": -0.039008140564, "min": -1.80670893192, "var": 4.85678052902}, "erbbands_skewness": {"dmean": 0.307657271624, "dmean2": 0.461829066277, "dvar": 0.0856603905559, "dvar2": 0.185906291008, "max": 4.88135814667, "mean": 0.598364114761, "median": 0.583786845207, "min": -3.35577130318, "var": 0.455461740494}, "erbbands_spread": {"dmean": 7.49634361267, "dmean2": 10.6153507233, "dvar": 70.6563491821, "dvar2": 140.503082275, "max": 135.791213989, "mean": 40.5354804993, "median": 36.4512863159, "min": 3.84787416458, "var": 398.38583374}, "gfcc": {"cov": [[26816.3886719, 759.149475098, -1107.3137207, 682.601745605, -1184.14172363, 728.050598145, -980.75402832, 451.490478516, -538.08392334, 251.303894043, -378.496551514, 126.932373047, -251.460632324], [759.149475098, 1107.06530762, -431.813659668, -55.4714927673, 32.8549041748, -175.704528809, 161.3334198, -106.922790527, 80.5363082886, -126.558364868, 115.812858582, -65.0922851562, 74.651763916], [-1107.3137207, -431.813659668, 1045.76513672, 164.441101074, 154.844100952, 215.853027344, -34.682888031, 99.6320266724, -46.8246612549, 120.647293091, -75.5803985596, 100.370140076, -44.4923171997], [682.601745605, -55.4714927673, 164.441101074, 262.959320068, 44.3402938843, 46.4815864563, -23.3747386932, 48.3628005981, -3.00333571434, 34.1556968689, -34.8833656311, 13.1860628128, 9.66153812408], [-1184.14172363, 32.8549041748, 154.844100952, 44.3402938843, 254.804351807, 23.6539497375, 90.5274505615, 26.2168655396, 40.7810325623, 27.8266448975, 27.8245716095, 7.3442735672, 15.6902208328], [728.050598145, -175.704528809, 215.853027344, 46.4815864563, 23.6539497375, 246.519836426, 4.04307889938, 71.3985977173, -27.046754837, 48.9582862854, -19.679107666, 36.8051376343, -30.2686424255], [-980.75402832, 161.3334198, -34.682888031, -23.3747386932, 90.5274505615, 4.04307889938, 241.342483521, 24.7220935822, 38.0354118347, -17.7531204224, 45.6553421021, 1.91859638691, 23.1643161774], [451.490478516, -106.922790527, 99.6320266724, 48.3628005981, 26.2168655396, 71.3985977173, 24.7220935822, 135.961791992, 9.63658714294, 50.0424842834, -22.0763549805, 22.5091381073, -13.584900856], [-538.08392334, 80.5363082886, -46.8246612549, -3.00333571434, 40.7810325623, -27.046754837, 38.0354118347, 9.63658714294, 122.337043762, 3.96815538406, 32.835521698, -14.0209093094, 26.8034896851], [251.303894043, -126.558364868, 120.647293091, 34.1556968689, 27.8266448975, 48.9582862854, -17.7531204224, 50.0424842834, 3.96815538406, 105.932891846, 0.643487215042, 21.2808570862, -21.8252773285], [-378.496551514, 115.812858582, -75.5803985596, -34.8833656311, 27.8245716095, -19.679107666, 45.6553421021, -22.0763549805, 32.835521698, 0.643487215042, 106.009902954, 1.62126743793, 20.3960571289], [126.932373047, -65.0922851562, 100.370140076, 13.1860628128, 7.3442735672, 36.8051376343, 1.91859638691, 22.5091381073, -14.0209093094, 21.2808570862, 1.62126743793, 80.9308624268, 17.0367469788], [-251.460632324, 74.651763916, -44.4923171997, 9.66153812408, 15.6902208328, -30.2686424255, 23.1643161774, -13.584900856, 26.8034896851, -21.8252773285, 20.3960571289, 17.0367469788, 82.3099136353]], "icov": [[0.000202612049179, -0.00053535279585, 0.000430951418821, -0.000512516009621, 0.000624380831141, -0.000791340891737, 0.000800438749138, -0.000704656995367, 0.000608975824434, -0.000641526537947, 0.000413618079619, -0.000512378057465, 0.00028119108174], [-0.00053535279585, 0.00287964567542, -0.000835688086227, 0.00103345734533, -0.00176635291427, 0.00245486665517, -0.00279038911685, 0.00230219238438, -0.00186928501353, 0.00264002452604, -0.00198934972286, 0.00171945779584, -0.000969764834736], [0.000430951418821, -0.000835688086227, 0.00264894939028, -0.00163534237072, 0.00029090422322, -0.00240767165087, 0.00181344093289, -0.0011428326834, 0.00137283734512, -0.00192288134713, 0.00164990464691, -0.00257084984332, 0.00122488464694], [-0.000512516009621, 0.00103345734533, -0.00163534237072, 0.00613772729412, -0.0021735499613, 0.00171370245516, -0.00125441234559, 0.000539934379049, -0.00127462565433, 0.000765764154494, 0.000275216385489, 0.00205857492983, -0.00249698827974], [0.000624380831141, -0.00176635291427, 0.00029090422322, -0.0021735499613, 0.00767249893397, -0.00227499147877, 0.00050213758368, -0.00206578127109, 0.000831922749057, -0.00301472982392, 0.000316052668495, -0.000599487219006, 0.000115946146252], [-0.000791340891737, 0.00245486665517, -0.00240767165087, 0.00171370245516, -0.00227499147877, 0.00903552118689, -0.00359820132144, 0.000797117536422, -0.00157822528854, 0.00237038056366, -0.0022591825109, 0.000978433876298, 0.000253685982898], [0.000800438749138, -0.00279038911685, 0.00181344093289, -0.00125441234559, 0.00050213758368, -0.00359820132144, 0.00928756408393, -0.00494113191962, 0.00209651351906, -0.000919276149943, 0.000202497467399, -0.00236010388471, 0.000767281570006], [-0.000704656995367, 0.00230219238438, -0.0011428326834, 0.000539934379049, -0.00206578127109, 0.000797117536422, -0.00494113191962, 0.0141471521929, -0.00407954398543, -0.00162629899569, 0.00135926238727, -2.45820501732e-05, 5.60387961741e-05], [0.000608975824434, -0.00186928501353, 0.00137283734512, -0.00127462565433, 0.000831922749057, -0.00157822528854, 0.00209651351906, -0.00407954398543, 0.012722059153, -0.0033472084906, -0.000919497979339, 0.00143505749293, -0.00265433127061], [-0.000641526537947, 0.00264002452604, -0.00192288134713, 0.000765764154494, -0.00301472982392, 0.00237038056366, -0.000919276149943, -0.00162629899569, -0.0033472084906, 0.0172276739031, -0.00461676390842, -0.000562723434996, 0.00287164188921], [0.000413618079619, -0.00198934972286, 0.00164990464691, 0.000275216385489, 0.000316052668495, -0.0022591825109, 0.000202497467399, 0.00135926238727, -0.000919497979339, -0.00461676390842, 0.0145424520597, -0.00280388304964, -0.0007442170172], [-0.000512378057465, 0.00171945779584, -0.00257084984332, 0.00205857492983, -0.000599487219006, 0.000978433876298, -0.00236010388471, -2.45820501732e-05, 0.00143505749293, -0.000562723434996, -0.00280388304964, 0.0190988704562, -0.00749676348642], [0.00028119108174, -0.000969764834736, 0.00122488464694, -0.00249698827974, 0.000115946146252, 0.000253685982898, 0.000767281570006, 5.60387961741e-05, -0.00265433127061, 0.00287164188921, -0.0007442170172, -0.00749676348642, 0.0180694200099]], "mean": [-21.5604763031, 99.763671875, -116.992050171, 32.7104492188, -71.6577072144, 13.4013462067, -43.9717445374, 12.1467990875, -26.0234031677, 1.67714822292, -15.8919496536, -0.536443948746, -10.1473121643]}, "hfc": {"dmean": 5.03679180145, "dmean2": 6.68961954117, "dvar": 44.2007369995, "dvar2": 77.1657485962, "max": 135.964065552, "mean": 19.7087345123, "median": 14.1065616608, "min": 1.08257481044e-16, "var": 305.000610352}, "melbands": {"dmean": [0.00171173841227, 0.000993941677734, 0.00065044494113, 0.000412407476688, 0.000315501121804, 0.000264901085757, 0.000228791192058, 0.000158147231559, 0.000147433805978, 0.000144136487506, 8.32177829579e-05, 8.34740858409e-05, 5.75582125748e-05, 3.90350542148e-05, 3.04267814499e-05, 3.71453206753e-05, 2.92643308057e-05, 2.31696976698e-05, 1.5407364117e-05, 1.31586211864e-05, 1.68951501109e-05, 7.4185354606e-06, 7.62963463785e-06, 4.13081716033e-06, 4.70701434097e-06, 4.84682732349e-06, 4.52313997812e-06, 2.95813356388e-06, 1.67738028267e-06, 1.5117257135e-06, 1.31796400638e-06, 1.22344260944e-06, 1.3624054418e-06, 1.5447953956e-06, 1.31803346903e-06, 9.83190375337e-07, 8.17209468096e-07, 6.331161444e-07, 5.67665665585e-07, 5.47918659777e-07], "dmean2": [0.00266837910749, 0.00161985273007, 0.00110794429202, 0.000684354628902, 0.000510167854372, 0.000411818356952, 0.000357249984518, 0.000242295558564, 0.000221338297706, 0.000214827086893, 0.000127261591842, 0.000127348102978, 8.47651972435e-05, 5.91643693042e-05, 4.64947297587e-05, 5.66574199183e-05, 4.58834510937e-05, 3.56657437806e-05, 2.43610029429e-05, 2.10116650123e-05, 2.76217979263e-05, 1.18458128782e-05, 1.21070643218e-05, 6.53988445265e-06, 7.59982140153e-06, 7.69321468397e-06, 7.18469937055e-06, 4.60582805317e-06, 2.54688325185e-06, 2.28276917369e-06, 1.98907582671e-06, 1.81792813692e-06, 1.97815074898e-06, 2.30970044868e-06, 1.90787886822e-06, 1.43712350109e-06, 1.1967139244e-06, 8.89344846655e-07, 7.84104145168e-07, 7.38352866847e-07], "dvar": [1.97958761419e-05, 5.04312720295e-06, 1.08573692614e-06, 4.25611659693e-07, 2.92093119469e-07, 1.89355020552e-07, 1.85336688219e-07, 1.39188898629e-07, 1.27404220507e-07, 1.35853426286e-07, 5.6539665394e-08, 6.08037780125e-08, 3.86701337618e-08, 1.50095456064e-08, 6.46248166092e-09, 1.14944915808e-08, 1.00086960941e-08, 4.51941106761e-09, 1.9089809733e-09, 1.44616663089e-09, 4.94332219603e-09, 1.7529874774e-10, 2.07815695208e-10, 5.15409971646e-11, 5.55588387796e-11, 6.83652787159e-11, 5.71240624248e-11, 3.03419095404e-11, 9.70665301608e-12, 8.92672394337e-12, 6.06742737649e-12, 4.93987489802e-12, 7.71976579883e-12, 9.77027746901e-12, 8.16846503632e-12, 5.84162232475e-12, 6.80714555903e-12, 3.76768147931e-12, 3.16402438104e-12, 2.29400309512e-12], "dvar2": [4.42356940766e-05, 1.24271136883e-05, 2.96075177175e-06, 1.11312749596e-06, 7.54479742682e-07, 4.63425976704e-07, 4.47514992175e-07, 3.18007778333e-07, 2.82959376818e-07, 2.79194921404e-07, 1.24875839447e-07, 1.36949807938e-07, 7.61386402814e-08, 3.17555688412e-08, 1.30720021474e-08, 2.48980320805e-08, 2.45481999173e-08, 9.86883996745e-09, 4.4902228602e-09, 3.60056318094e-09, 1.44823957271e-08, 4.28360402704e-10, 5.17230203112e-10, 1.23315885281e-10, 1.41289507871e-10, 1.67284491814e-10, 1.40005812499e-10, 6.58990154112e-11, 2.08999623164e-11, 1.92716224923e-11, 1.37922962981e-11, 1.03827901138e-11, 1.577291249e-11, 2.12896679452e-11, 1.69689869794e-11, 1.17319366028e-11, 1.38982792289e-11, 7.26582552804e-12, 6.02932764479e-12, 4.13900858032e-12], "max": [0.0342792272568, 0.0231943503022, 0.0213806219399, 0.00905740633607, 0.0105421748012, 0.00885300058872, 0.00878276769072, 0.00868223886937, 0.00979297049344, 0.0094267912209, 0.00635053915903, 0.00721797393635, 0.00898598786443, 0.00369487470016, 0.00317783490755, 0.00233804760501, 0.00280445255339, 0.00167515967041, 0.00102185294963, 0.00165480468422, 0.00273123104125, 0.000299254723359, 0.000335071323207, 0.00017782994837, 0.000138338567922, 0.000284424255369, 0.000166816724231, 0.000257005769527, 5.12195001647e-05, 7.59207759984e-05, 5.21432812093e-05, 5.59283362236e-05, 0.00010885757365, 0.000103367317934, 0.000107471409137, 7.46632504161e-05, 9.6883290098e-05, 9.74130816758e-05, 9.69214888755e-05, 6.13847951172e-05], "mean": [0.0017055835342, 0.00121490913443, 0.00101311190519, 0.000718165945727, 0.000643237668555, 0.000585138332099, 0.000464963261038, 0.00031985953683, 0.000296427722787, 0.000289264251478, 0.000157924630912, 0.000168176411535, 0.00011142877338, 7.2332106356e-05, 5.80372325203e-05, 6.80894736433e-05, 4.9282094551e-05, 4.01067736675e-05, 2.67481482297e-05, 2.51771907642e-05, 3.52706192643e-05, 1.4621153241e-05, 1.44161667777e-05, 7.81337621447e-06, 9.31936028792e-06, 1.01276409623e-05, 8.91327727004e-06, 5.75426065552e-06, 2.93908647109e-06, 2.68620942734e-06, 2.44152602136e-06, 2.42069108936e-06, 2.70473378805e-06, 2.93455536848e-06, 2.53269809036e-06, 1.88415117464e-06, 1.50079597461e-06, 1.16852038445e-06, 1.05327501387e-06, 9.88998067442e-07], "median": [0.000260531145614, 0.000591923366301, 0.000664177117869, 0.00041951588355, 0.000325689354213, 0.000334506738, 0.000229686294915, 0.000143504861626, 0.000141856668051, 9.89388063317e-05, 5.64010770177e-05, 5.85571906413e-05, 3.10418981826e-05, 2.1701445803e-05, 1.76857683982e-05, 1.44458517752e-05, 1.14203667181e-05, 1.13267360575e-05, 8.30824774312e-06, 7.92101855041e-06, 9.77107447397e-06, 7.74325508246e-06, 6.64639901515e-06, 4.21155345975e-06, 4.86516728415e-06, 5.03279807162e-06, 4.73477848573e-06, 2.66307188213e-06, 1.31157798933e-06, 1.19217020256e-06, 1.09709617391e-06, 1.03520483208e-06, 1.02370768218e-06, 1.07991127152e-06, 9.14465886126e-07, 5.95426968175e-07, 4.26956603405e-07, 3.27651264342e-07, 2.52712936799e-07, 2.37153685134e-07], "min": [5.51100151236e-25, 5.53655518227e-25, 7.86130953451e-25, 2.16157236032e-24, 1.82268737899e-24, 1.4039354572e-24, 2.48895121371e-24, 7.91387577397e-25, 1.71262846372e-24, 1.97541104745e-24, 2.73202312165e-24, 2.61777890485e-24, 2.6545873519e-24, 3.69757052863e-24, 2.76023101269e-24, 2.09045931073e-24, 3.43180092308e-24, 2.60123747775e-24, 3.73978247567e-24, 3.60969852353e-24, 3.6090646738e-24, 4.63245313728e-24, 4.24510113357e-24, 3.87120788577e-24, 3.61041520367e-24, 3.80755430489e-24, 5.3375362255e-24, 5.26503201971e-24, 5.25868602815e-24, 4.54111842724e-24, 4.68402649668e-24, 4.51582123573e-24, 3.95483581919e-24, 6.51212329211e-24, 5.42478936922e-24, 5.11019440123e-24, 6.30341436241e-24, 6.89365271347e-24, 6.02058051219e-24, 7.15701787099e-24], "var": [2.07817647606e-05, 4.77465391668e-06, 1.48209176132e-06, 8.15459486603e-07, 8.0917698142e-07, 5.39714676506e-07, 5.77235539367e-07, 3.78077686491e-07, 2.95626932711e-07, 4.3998713295e-07, 1.57074751428e-07, 1.92960726508e-07, 1.34248949735e-07, 4.51882655739e-08, 2.12204742667e-08, 3.2153511853e-08, 2.32641177433e-08, 1.11788365231e-08, 4.02640276675e-09, 4.21670831585e-09, 1.91241316116e-08, 4.4504006036e-10, 5.07831443564e-10, 1.11472567288e-10, 1.2871502475e-10, 2.53024073915e-10, 1.34821612208e-10, 8.53880716134e-11, 1.97668877794e-11, 1.83424490874e-11, 1.31395883757e-11, 1.30730834144e-11, 2.07656929846e-11, 2.43051741927e-11, 2.1094211447e-11, 1.48375617348e-11, 1.5284766508e-11, 8.70274685649e-12, 7.41477365618e-12, 6.12440740483e-12]}, "melbands_crest": {"dmean": 3.44377994537, "dmean2": 5.44603490829, "dvar": 11.3163518906, "dvar2": 26.6146144867, "max": 34.7064819336, "mean": 12.5248336792, "median": 11.4156532288, "min": 1.65375900269, "var": 26.2722816467}, "melbands_flatness_db": {"dmean": 0.0243770629168, "dmean2": 0.0359968394041, "dvar": 0.00063458684599, "dvar2": 0.00133111700416, "max": 0.453860163689, "mean": 0.188519105315, "median": 0.183570444584, "min": 0.00302589172497, "var": 0.00332108675502}, "melbands_kurtosis": {"dmean": 7.20466804504, "dmean2": 11.1165485382, "dvar": 381.404571533, "dvar2": 824.861694336, "max": 809.084228516, "mean": 13.6519298553, "median": 7.91950845718, "min": -1.63240683079, "var": 606.389099121}, "melbands_skewness": {"dmean": 0.682063996792, "dmean2": 1.01951777935, "dvar": 0.733791410923, "dvar2": 1.51996219158, "max": 21.0987472534, "mean": 2.55096507072, "median": 2.25932741165, "min": -1.23534286022, "var": 2.52014756203}, "melbands_spread": {"dmean": 5.45473670959, "dmean2": 8.29436969757, "dvar": 63.7615737915, "dvar2": 132.858093262, "max": 198.883514404, "mean": 21.0463314056, "median": 17.7643241882, "min": 0.520436882973, "var": 298.265319824}, "mfcc": {"cov": [[11815.90625, 891.008056641, 79.2200546265, 77.3567199707, 38.5203056335, 82.7497329712, -113.743331909, 86.2997817993, -119.090713501, 63.8273086548, -18.7666816711, -64.7972259521, -41.0621147156], [891.008056641, 1149.70288086, -203.648956299, 91.5544281006, -93.3424301147, -23.1664409637, 11.2372045517, 50.9897003174, -44.4937362671, -17.7773113251, 22.1224403381, -16.4741458893, 33.8335876465], [79.2200546265, -203.648956299, 648.006835938, 50.0408477783, 163.257476807, 102.185371399, 39.3328781128, 14.2865743637, 54.5725326538, -29.8913497925, 1.47461736202, 40.2338447571, -19.3149814606], [77.3567199707, 91.5544281006, 50.0408477783, 251.701675415, 53.6232376099, 8.92222118378, 21.0097484589, 1.01119554043, 50.6588287354, 1.7592343092, -2.86430954933, -2.04217338562, 31.660861969], [38.5203056335, -93.3424301147, 163.257476807, 53.6232376099, 218.671981812, 55.7063140869, 7.34084320068, -7.23568201065, 16.784778595, 32.8575820923, 6.69534063339, 3.8649148941, -1.91472280025], [82.7497329712, -23.1664409637, 102.185371399, 8.92222118378, 55.7063140869, 125.649620056, 50.6663970947, 26.5456237793, 15.6684570312, 3.85321426392, 21.8860206604, 10.6979017258, -10.6457748413], [-113.743331909, 11.2372045517, 39.3328781128, 21.0097484589, 7.34084320068, 50.6663970947, 160.092254639, 48.6767997742, 23.300245285, 10.38215065, 21.9798698425, 26.6091918945, 8.53060150146], [86.2997817993, 50.9897003174, 14.2865743637, 1.01119554043, -7.23568201065, 26.5456237793, 48.6767997742, 107.787017822, 36.9500694275, 5.85867547989, 14.0574264526, 14.8707180023, 6.35999011993], [-119.090713501, -44.4937362671, 54.5725326538, 50.6588287354, 16.784778595, 15.6684570312, 23.300245285, 36.9500694275, 116.762550354, 15.1520318985, 2.44139122963, 5.67202568054, 14.7778873444], [63.8273086548, -17.7773113251, -29.8913497925, 1.7592343092, 32.8575820923, 3.85321426392, 10.38215065, 5.85867547989, 15.1520318985, 101.474212646, 33.7353096008, 14.6293897629, -1.05481171608], [-18.7666816711, 22.1224403381, 1.47461736202, -2.86430954933, 6.69534063339, 21.8860206604, 21.9798698425, 14.0574264526, 2.44139122963, 33.7353096008, 75.4842529297, 28.5860366821, 0.0731098279357], [-64.7972259521, -16.4741458893, 40.2338447571, -2.04217338562, 3.8649148941, 10.6979017258, 26.6091918945, 14.8707180023, 5.67202568054, 14.6293897629, 28.5860366821, 69.4927749634, 17.9422073364], [-41.0621147156, 33.8335876465, -19.3149814606, 31.660861969, -1.91472280025, -10.6457748413, 8.53060150146, 6.35999011993, 14.7778873444, -1.05481171608, 0.0731098279357, 17.9422073364, 68.0789794922]], "icov": [[9.66605002759e-05, -7.54896609578e-05, -5.13088998559e-05, -3.32812924171e-05, 2.37476742768e-05, -0.000101557176095, 0.000123624980915, -0.000129969281261, 0.000147433020175, -0.000163706805324, 0.0001036869362, 6.8983885285e-05, 2.5344765163e-05], [-7.54896609578e-05, 0.00114085816313, 0.000263543071924, -0.000598936399911, 0.000329662929289, 3.48869107256e-05, -1.60699073604e-05, -0.000685804930981, 0.00066973461071, 0.000305072841002, -0.000594700046349, 0.000393837224692, -0.00042219797615], [-5.13088998559e-05, 0.000263543071924, 0.00252349581569, -0.000165865654708, -0.00161856680643, -0.000951079011429, -6.88292639097e-05, 0.000158725539222, -0.00102378439624, 0.00174338568468, 0.000240459412453, -0.00191027589608, 0.00118315743748], [-3.32812924171e-05, -0.000598936399911, -0.000165865654708, 0.00530282221735, -0.00136891799048, 0.000395509472582, -0.000775018590502, 0.00127187056933, -0.00244497763924, 0.00046114079305, -3.08877606585e-05, 0.000720825337339, -0.00188603391871], [2.37476742768e-05, 0.000329662929289, -0.00161856680643, -0.00136891799048, 0.00724192149937, -0.00244130170904, 0.000701814249624, 0.000475380133139, 0.000962163612712, -0.00330372201279, 0.000668008229695, 0.00116120954044, -0.000849317293614], [-0.000101557176095, 3.48869107256e-05, -0.000951079011429, 0.000395509472582, -0.00244130170904, 0.0119692757726, -0.00299717532471, -0.00130141922273, -0.000443724886281, 0.00150154624134, -0.00308125303127, 0.000745318480767, 0.00169426086359], [0.000123624980915, -1.60699073604e-05, -6.88292639097e-05, -0.000775018590502, 0.000701814249624, -0.00299717532471, 0.0086187357083, -0.00292292865925, 0.000220289308345, -0.000625652319286, -0.000185912300367, -0.00182828074321, -0.000407860381529], [-0.000129969281261, -0.000685804930981, 0.000158725539222, 0.00127187056933, 0.000475380133139, -0.00130141922273, -0.00292292865925, 0.0131138823926, -0.00446517532691, 0.000485422264319, -0.000607737747487, -0.00133841624483, -2.85056717075e-06], [0.000147433020175, 0.00066973461071, -0.00102378439624, -0.00244497763924, 0.000962163612712, -0.000443724886281, 0.000220289308345, -0.00446517532691, 0.0123260812834, -0.00263611087576, 0.000799307017587, 0.00148021057248, -0.00215753610246], [-0.000163706805324, 0.000305072841002, 0.00174338568468, 0.00046114079305, -0.00330372201279, 0.00150154624134, -0.000625652319286, 0.000485422264319, -0.00263611087576, 0.0141457822174, -0.0057707587257, -0.00175500975456, 0.00146486843005], [0.0001036869362, -0.000594700046349, 0.000240459412453, -3.08877606585e-05, 0.000668008229695, -0.00308125303127, -0.000185912300367, -0.000607737747487, 0.000799307017587, -0.0057707587257, 0.0195951648057, -0.00686568999663, 0.00158319971524], [6.8983885285e-05, 0.000393837224692, -0.00191027589608, 0.000720825337339, 0.00116120954044, 0.000745318480767, -0.00182828074321, -0.00133841624483, 0.00148021057248, -0.00175500975456, -0.00686568999663, 0.0212233979255, -0.00646253675222], [2.5344765163e-05, -0.00042219797615, 0.00118315743748, -0.00188603391871, -0.000849317293614, 0.00169426086359, -0.000407860381529, -2.85056717075e-06, -0.00215753610246, 0.00146486843005, 0.00158319971524, -0.00646253675222, 0.0186116863042]], "mean": [-650.131896973, 121.650314331, 7.85040187836, 18.3838119507, -2.41724038124, -1.72533428669, -5.5565867424, 3.13639950752, -4.94260549545, 1.55256295204, -1.57908582687, -4.32755756378, 1.83490073681]}, "pitch_salience": {"dmean": 0.0719988644123, "dmean2": 0.1139235273, "dvar": 0.00485387444496, "dvar2": 0.0111354244873, "max": 0.941031038761, "mean": 0.604173898697, "median": 0.62110054493, "min": 0.0757940262556, "var": 0.0129272518679}, "silence_rate_20dB": {"dmean": 0, "dmean2": 0, "dvar": 0, "dvar2": 0, "max": 1, "mean": 1, "median": 1, "min": 1, "var": 0}, "silence_rate_30dB": {"dmean": 0.0161198768765, "dmean2": 0.0322434157133, "dvar": 0.0158596318215, "dvar2": 0.044145103544, "max": 1, "mean": 0.990351855755, "median": 1, "min": 0, "var": 0.0095542781055}, "silence_rate_60dB": {"dmean": 0.0106709050015, "dmean2": 0.0213442333043, "dvar": 0.0105575844646, "dvar2": 0.0247506219894, "max": 1, "mean": 0.0701475590467, "median": 0, "min": 0, "var": 0.065221324563}, "spectral_centroid": {"dmean": 204.11605835, "dmean2": 308.351043701, "dvar": 76382.3203125, "dvar2": 143331.875, "max": 11799.6962891, "mean": 1250.37731934, "median": 1095.61254883, "min": 197.507034302, "var": 1142421.125}, "spectral_complexity": {"dmean": 3.41741394997, "dmean2": 5.06289720535, "dvar": 16.2763195038, "dvar2": 29.0722923279, "max": 53, "mean": 17.6826324463, "median": 17, "min": 0, "var": 91.0171051025}, "spectral_contrast_coeffs": {"dmean": [0.0511600114405, 0.0438377372921, 0.036574807018, 0.0279560051858, 0.0206521283835, 0.0177171975374], "dmean2": [0.0829845070839, 0.0718275234103, 0.0584358200431, 0.0453490577638, 0.033492539078, 0.0271307379007], "dvar": [0.00181289727334, 0.0013343221508, 0.000933539995458, 0.000554392579943, 0.000304017099552, 0.000273306883173], "dvar2": [0.00465785432607, 0.00356148998253, 0.0022461800836, 0.00133402983192, 0.00072746706428, 0.000576584076043], "max": [-0.289139926434, -0.426599681377, -0.47796651721, -0.555217325687, -0.557541310787, -0.540641546249], "mean": [-0.639941930771, -0.723317861557, -0.759735405445, -0.792298197746, -0.798119187355, -0.772441446781], "median": [-0.63919121027, -0.722904860973, -0.764146983624, -0.803421080112, -0.80096244812, -0.774106621742], "min": [-0.976918160915, -0.984386622906, -0.976029157639, -0.969354331493, -0.967232823372, -0.966012001038], "var": [0.00805813260376, 0.00523981219158, 0.00508723873645, 0.00373474485241, 0.00220725964755, 0.00213582487777]}, "spectral_contrast_valleys": {"dmean": [0.456718623638, 0.333527356386, 0.313511162996, 0.283366560936, 0.264716655016, 0.324044913054], "dmean2": [0.715749025345, 0.535499155521, 0.490829646587, 0.429110139608, 0.375747799873, 0.394392699003], "dvar": [0.244926840067, 0.15496096015, 0.147653803229, 0.131861358881, 0.138761609793, 0.181941047311], "dvar2": [0.449295252562, 0.258886367083, 0.240383639932, 0.194786667824, 0.196223303676, 0.271611392498], "max": [-5.08431434631, -4.80652284622, -5.39479112625, -5.86995124817, -5.89824962616, -7.54685640335], "mean": [-7.55875682831, -6.72328615189, -7.47582912445, -7.99100351334, -7.84326410294, -10.3373947144], "median": [-7.07545185089, -6.30209541321, -7.08333444595, -7.62770462036, -7.46600627899, -9.96685504913], "min": [-28.2004795074, -27.9770679474, -27.7529411316, -27.5901050568, -27.5342082977, -27.4483623505], "var": [5.62038087845, 5.41207790375, 5.03747463226, 4.8336763382, 4.93463563919, 4.71437454224]}, "spectral_decrease": {"dmean": 2.69085176363e-09, "dmean2": 4.07162481508e-09, "dvar": 1.88549170099e-17, "dvar2": 3.81989756946e-17, "max": 1.19074510333e-19, "mean": -7.02084390625e-09, "median": -5.28885912843e-09, "min": -4.88027147583e-08, "var": 3.87931626896e-17}, "spectral_energy": {"dmean": 0.0104690529406, "dmean2": 0.0157800316811, "dvar": 0.000276926613878, "dvar2": 0.000558258208912, "max": 0.188296243548, "mean": 0.0282860156149, "median": 0.0214765779674, "min": 9.7545443372e-21, "var": 0.000601565174293}, "spectral_energyband_high": {"dmean": 0.000298438273603, "dmean2": 0.000366145337466, "dvar": 3.00517825735e-07, "dvar2": 4.66468577542e-07, "max": 0.0144930696115, "mean": 0.000728885177523, "median": 0.000312834046781, "min": 7.09944885947e-21, "var": 1.19657363484e-06}, "spectral_energyband_low": {"dmean": 0.00699763419107, "dmean2": 0.0108167352155, "dvar": 0.000232596343267, "dvar2": 0.000486975099193, "max": 0.136186033487, "mean": 0.00893170759082, "median": 0.00373658724129, "min": 1.44323143907e-23, "var": 0.000281239568722}, "spectral_energyband_middle_high": {"dmean": 0.00156857667025, "dmean2": 0.00225415662862, "dvar": 7.25327436157e-06, "dvar2": 1.51218546307e-05, "max": 0.0777540430427, "mean": 0.00524699734524, "median": 0.00275761634111, "min": 1.17622356802e-21, "var": 5.09849487571e-05}, "spectral_energyband_middle_low": {"dmean": 0.00458886381239, "dmean2": 0.00726821785793, "dvar": 3.33623574988e-05, "dvar2": 8.10564888525e-05, "max": 0.0828237310052, "mean": 0.0145351467654, "median": 0.01165705733, "min": 1.4863737371e-22, "var": 0.000129329884658}, "spectral_entropy": {"dmean": 0.143998712301, "dmean2": 0.199767529964, "dvar": 0.0243191439658, "dvar2": 0.0421672426164, "max": 9.82993888855, "mean": 7.63083600998, "median": 7.6253786087, "min": 5.67964458466, "var": 0.191280186176}, "spectral_flux": {"dmean": 0.0275426357985, "dmean2": 0.0439197719097, "dvar": 0.00129115965683, "dvar2": 0.00309160817415, "max": 0.350761920214, "mean": 0.0834131836891, "median": 0.0714477747679, "min": 6.30534721657e-11, "var": 0.00299585796893}, "spectral_kurtosis": {"dmean": 1.30301475525, "dmean2": 2.14136171341, "dvar": 3.42123126984, "dvar2": 8.48773002625, "max": 75.8883666992, "mean": 3.8890838623, "median": 3.4515247345, "min": -1.37294733524, "var": 7.85028553009}, "spectral_rms": {"dmean": 0.000868502887897, "dmean2": 0.00127959810197, "dvar": 1.29090892642e-06, "dvar2": 2.38612301473e-06, "max": 0.0135537320748, "mean": 0.00475146900862, "median": 0.00457741878927, "min": 3.08490342646e-12, "var": 5.01960676047e-06}, "spectral_rolloff": {"dmean": 411.18548584, "dmean2": 667.554138184, "dvar": 812312.875, "dvar2": 1594239.25, "max": 19724.4140625, "mean": 1416.87463379, "median": 925.927734375, "min": 64.599609375, "var": 4476052}, "spectral_skewness": {"dmean": 0.188310801983, "dmean2": 0.293560773134, "dvar": 0.0430542938411, "dvar2": 0.0981775820255, "max": 7.31388473511, "mean": 1.5306994915, "median": 1.49647760391, "min": -0.0996080264449, "var": 0.195175334811}, "spectral_spread": {"dmean": 531896.1875, "dmean2": 684061.5, "dvar": 801704902656, "dvar2": 1242192281600.0, "max": 42705720, "mean": 5284811.5, "median": 4679357, "min": 924846.4375, "var": 14440423489500.0}, "spectral_strongpeak": 