{"lowlevel": {"average_loudness": 0.537354052067, "barkbands": {"dmean": [0.0021628360264, 0.00563352694735, 0.00154598872177, 0.00077544740634, 0.00092192919692, 0.000838193169329, 0.000697678129654, 0.000493025348987, 0.000483042967971, 0.000454537919722, 0.000390265369788, 0.000293807504931, 0.000207053366466, 0.000209360456211, 0.000246387877269, 0.000192435240024, 0.000172968386323, 0.00012859616254, 0.000139766052598, 0.000100664838101, 7.26880825823e-05, 5.53526515432e-05, 2.9632330552e-05, 1.56225250976e-05, 1.87905516214e-06, 2.36242722167e-05, 0.000337704463163], "dmean2": [0.00364184333012, 0.0094676958397, 0.00253816251643, 0.00126921280753, 0.00141713779885, 0.00131845357828, 0.00106527155731, 0.000769477104768, 0.000752178486437, 0.000721990247257, 0.00061958580045, 0.000474985106848, 0.000334071781253, 0.000338986748829, 0.000396928866394, 0.000311085954309, 0.000271757191513, 0.000202100258321, 0.000209950390854, 0.000154234119691, 0.000109850028821, 8.33641533973e-05, 4.68498219561e-05, 2.57861611317e-05, 3.10254154101e-06, 3.72618269466e-05, 0.000509252597112], "dvar": [4.08275118389e-05, 0.000220438014367, 9.64776245382e-06, 2.9591474231e-06, 3.92801985072e-06, 9.20007551031e-06, 8.8555889306e-06, 3.73146349375e-06, 3.17521380566e-06, 1.85514875284e-06, 2.11581618714e-06, 1.12930274554e-06, 4.51036072491e-07, 8.97909387731e-07, 4.66479633587e-07, 3.38504520414e-07, 3.28330230559e-07, 1.66614057662e-07, 2.07365900451e-07, 7.30057365672e-08, 3.03339930952e-08, 2.49360141424e-08, 2.09419770414e-08, 1.6139615866e-08, 4.78375256074e-11, 8.52425152686e-09, 6.82646827954e-07], "dvar2": [0.00010543395183, 0.000597867416218, 2.71579356195e-05, 7.31524642106e-06, 8.66907521413e-06, 2.14673436858e-05, 1.89259590115e-05, 8.34112870507e-06, 7.00933105691e-06, 4.60414139525e-06, 5.30390116182e-06, 2.81700658888e-06, 1.10558653432e-06, 2.37846415985e-06, 1.25056465095e-06, 8.76743058598e-07, 7.9665778685e-07, 4.12006187389e-07, 4.45425854423e-07, 1.69014171547e-07, 7.04667826312e-08, 5.43917302309e-08, 4.91190661478e-08, 4.32080931034e-08, 1.19290785583e-10, 2.05414796284e-08, 1.55743748564e-06], "max": [0.0884184166789, 0.148973301053, 0.0562863238156, 0.0469847619534, 0.0662028715014, 0.0702457129955, 0.0914030373096, 0.0778186246753, 0.0951177105308, 0.0354985482991, 0.0489746741951, 0.0375497564673, 0.0225420612842, 0.0437886454165, 0.0208339560777, 0.0186580363661, 0.0293162409216, 0.0136829623953, 0.0233282018453, 0.00716708647087, 0.0040153991431, 0.00371986231767, 0.00494410609826, 0.00544875301421, 0.000260918372078, 0.0023830679711, 0.0204493403435], "mean": [0.00222622603178, 0.00663374643773, 0.00221946951933, 0.00114551978186, 0.00169087189715, 0.00109524838626, 0.000949707406107, 0.00069868483115, 0.000694842427038, 0.000620483420789, 0.000517309526913, 0.000444031640654, 0.000310376286507, 0.000323380576447, 0.000415587594034, 0.00031859864248, 0.000292928452836, 0.000217722350499, 0.000237219268456, 0.000176633286173, 0.000133500492666, 8.41735527501e-05, 3.54118419637e-05, 1.39639214467e-05, 1.87940077012e-06, 2.48001542786e-05, 0.000701337703504], "median": [0.00033521358273, 0.00171273888554, 0.00074918451719, 0.000332143157721, 0.000589601404499, 0.000115655639092, 6.78265932947e-05, 6.8614470365e-05, 6.54274044791e-05, 7.22008844605e-05, 2.71496955975e-05, 2.79480482277e-05, 1.84079581231e-05, 1.47788578033e-05, 2.49125841947e-05, 1.92649840756e-05, 1.54723347805e-05, 9.74867180048e-06, 1.42138451338e-05, 1.19156957226e-05, 1.26187696878e-05, 6.203799785e-06, 2.34290064327e-06, 8.32047476251e-07, 4.33228279917e-07, 1.86931049484e-06, 6.12303483649e-05], "min": [2.81234533345e-25, 2.55675223079e-24, 2.04760089218e-24, 1.32285978463e-24, 7.07347434568e-24, 5.06503881972e-24, 6.47095264146e-24, 3.42497135979e-24, 1.42106649867e-23, 1.40304118476e-23, 1.64655544645e-23, 1.77536144391e-23, 2.68089172157e-23, 3.23517221485e-23, 4.02751262775e-23, 7.84279264192e-23, 4.87507929936e-23, 1.15035408001e-22, 1.48242148086e-22, 1.59665750139e-22, 2.24675739473e-22, 2.69401148817e-22, 3.89542165571e-22, 6.19726501813e-22, 8.76393315161e-22, 1.27618428588e-21, 1.93038489278e-21], "var": [3.6750210711e-05, 0.000200636684895, 1.61272764672e-05, 5.58113060833e-06, 1.08998920041e-05, 1.22638712128e-05, 1.47558721437e-05, 7.43527471059e-06, 5.81950689593e-06, 3.05493472297e-06, 3.37618712365e-06, 2.17678780245e-06, 9.87243083728e-07, 1.45785395489e-06, 1.01836508293e-06, 6.38909114059e-07, 6.97140933426e-07, 3.33417091269e-07, 4.29840440574e-07, 1.78519727001e-07, 9.37906889931e-08, 4.75179966486e-08, 2.31533938688e-08, 1.14273532859e-08, 4.15231980744e-11, 8.58796411762e-09, 1.85467160918e-06]}, "barkbands_crest": {"dmean": 2.98384451866, "dmean2": 4.87506246567, "dvar": 6.91488170624, "dvar2": 17.895740509, "max": 25.2283630371, "mean": 11.3308696747, "median": 10.8528652191, "min": 2.18775105476, "var": 20.7451820374}, "barkbands_flatness_db": {"dmean": 0.03946640715, "dmean2": 0.0605711787939, "dvar": 0.00159468618222, "dvar2": 0.00374822132289, "max": 0.531438171864, "mean": 0.183077380061, "median": 0.165541797876, "min": 0.0157044753432, "var": 0.00803967472166}, "barkbands_kurtosis": {"dmean": 17.7589759827, "dmean2": 28.7889041901, "dvar": 1399.01733398, "dvar2": 3576.42114258, "max": 755.753723145, "mean": 26.7536067963, "median": 7.89401531219, "min": -1.93647515774, "var": 2350.03955078}, "barkbands_skewness": {"dmean": 1.24964046478, "dmean2": 1.94718039036, "dvar": 2.49282050133, "dvar2": 5.98198890686, "max": 20.1269073486, "mean": 3.08295559883, "median": 2.38024067879, "min": -4.27708911896, "var": 7.70718336105}, "barkbands_spread": {"dmean": 9.68017578125, "dmean2": 15.4110593796, "dvar": 260.487701416, "dvar2": 614.057800293, "max": 137.876251221, "mean": 24.4315605164, "median": 16.1121006012, "min": 0.306829959154, "var": 593.333190918}, "dissonance": {"dmean": 0.0276755709201, "dmean2": 0.0457058213651, "dvar": 0.00110535195563, "dvar2": 0.0029737977311, "max": 0.500000119209, "mean": 0.456023782492, "median": 0.470833152533, "min": 0.0955970436335, "var": 0.00203213491477}, "dynamic_complexity": 6.14977121353, "erbbands": {"dmean": [0.271244347095, 0.925833284855, 1.69611215591, 2.27865600586, 2.6499569416, 2.93745589256, 5.67331695557, 7.10365772247, 8.70545959473, 10.2680282593, 10.8421373367, 11.1006584167, 11.9055423737, 14.6920871735, 14.990401268, 12.7772417068, 9.43641757965, 9.68113899231, 12.0240592957, 12.4203557968, 9.36822032928, 8.17007160187, 7.31734752655, 7.53009653091, 5.87564516068, 4.61740446091, 3.20368361473, 2.87525677681, 2.06934714317, 1.38935852051, 0.752376914024, 0.399531245232, 0.225437283516, 0.0353091172874, 0.0118728103116, 0.022511349991, 0.0434024631977, 0.0717304497957, 0.0334368012846, 0.00754039175808], "dmean2": [0.459197074175, 1.5561453104, 2.76904773712, 3.64571237564, 4.22130632401, 4.54878425598, 8.94371604919, 10.9720659256, 13.3568410873, 15.6213130951, 17.150390625, 17.2599048615, 18.6398696899, 23.3730068207, 23.7382545471, 20.5331497192, 15.1658725739, 15.6115903854, 19.3893527985, 19.9642944336, 14.880856514, 12.7185821533, 11.450756073, 11.3109312057, 8.87530326843, 7.00184822083, 4.88533687592, 4.34889411926, 3.10279297829, 2.10307478905, 1.18591058254, 0.656372070312, 0.375696212053, 0.0578447766602, 0.0193214677274, 0.0354857109487, 0.0683347433805, 0.11178458482, 0.0514224693179, 0.010911507532], "dvar": [0.593018651009, 4.94033813477, 11.0940532684, 22.2127189636, 29.8568954468, 49.5277786255, 408.952209473, 790.586120605, 1168.06689453, 1929.90466309, 2136.97631836, 2054.31079102, 1608.68005371, 2131.96777344, 2961.11474609, 2453.58642578, 919.608642578, 1882.31164551, 1325.0333252, 1362.1829834, 656.64074707, 701.68927002, 696.374694824, 552.780456543, 258.403930664, 145.148269653, 67.8145446777, 59.6111526489, 34.5905265808, 24.4705448151, 17.1509094238, 9.20523643494, 4.13818311691, 0.048852302134, 0.000742193951737, 0.0152297271416, 0.0318455025554, 0.0716538131237, 0.010685059242, 0.000242738256929], "dvar2": [1.614818573, 13.4153728485, 30.193561554, 56.9152183533, 73.6144790649, 112.802764893, 973.114257812, 1758.51391602, 2619.43188477, 4287.63916016, 5073.77441406, 4485.47900391, 3795.42456055, 5584.65576172, 7462.89160156, 6168.74804688, 2216.42456055, 5137.70556641, 3539.65307617, 3697.01977539, 1656.25085449, 1705.25012207, 1699.08398438, 1214.56494141, 554.436401367, 332.088439941, 169.625396729, 141.11946106, 76.7486190796, 54.1485137939, 41.5130844116, 24.4656047821, 11.0292243958, 0.125194221735, 0.00180600944441, 0.0383131094277, 0.0786065533757, 0.16454257071, 0.0247700307518, 0.000533558486495], "max": [8.20254898071, 25.1471385956, 56.9288635254, 114.614494324, 204.092910767, 173.87689209, 485.222869873, 717.603027344, 977.667297363, 1396.19262695, 1473.87731934, 2641.16381836, 1738.33007812, 1221.21044922, 1652.12561035, 1930.48413086, 1179.32727051, 2217.19873047, 1032.88037109, 1053.90332031, 720.296386719, 1245.67150879, 1305.12084961, 1090.86157227, 484.275146484, 396.173583984, 249.003860474, 221.238510132, 154.293701172, 114.416732788, 150.309539795, 127.28011322, 87.8799362183, 10.2521371841, 0.5677973032, 4.01886034012, 4.84629631042, 6.45803117752, 3.23214530945, 0.328677207232], "mean": [0.278068393469, 1.1693341732, 2.49094963074, 3.70119023323, 4.84114646912, 4.9089012146, 7.15824842453, 9.59823989868, 12.1395397186, 14.608338356, 15.9604911804, 16.6927127838, 17.3280982971, 20.4501953125, 21.6700782776, 19.8556652069, 15.0642271042, 15.7100877762, 20.2835464478, 21.5152988434, 17.062084198, 14.6769294739, 12.8034992218, 12.897687912, 10.2639541626, 8.22107028961, 5.95891809464, 4.92137432098, 3.19048023224, 1.92909085751, 0.848275899887, 0.380849927664, 0.192869141698, 0.0336683616042, 0.0128517867997, 0.0232498906553, 0.0467407219112, 0.0921326056123, 0.0582247711718, 0.0207267682999], "median": [0.0546704977751, 0.327698498964, 0.888027250767, 1.24464845657, 1.69986104965, 1.67421603203, 1.09207177162, 0.947952926159, 1.01116228104, 1.1597007513, 1.74748802185, 1.69524466991, 1.81289255619, 2.35428977013, 1.45832359791, 1.26512014866, 0.970954477787, 0.817406415939, 1.22548556328, 1.34872746468, 1.06690275669, 0.851313889027, 0.656339168549, 0.711229562759, 0.686086297035, 0.589123308659, 0.614994943142, 0.3646658957, 0.231193944812, 0.131612122059, 0.0572826489806, 0.0234635751694, 0.0115052461624, 0.00559993041679, 0.00344537687488, 0.00336702214554, 0.00368162663653, 0.00519675575197, 0.00478665530682, 0.00586317386478], "min": [1.06091946768e-22, 4.83737383069e-22, 1.51673945459e-21, 5.95112022086e-21, 3.35960173192e-21, 2.01669072877e-20, 2.76182261782e-20, 5.65253613094e-20, 6.46739886095e-20, 1.06312948789e-19, 2.90174752088e-19, 4.02820259605e-19, 2.83479914102e-19, 7.95804152654e-19, 1.38128078076e-18, 1.08433958786e-18, 1.80695433463e-18, 2.04133037773e-18, 2.34023850272e-18, 3.17235717674e-18, 5.01059734329e-18, 3.60514014118e-18, 5.4796476281e-18, 6.23453555025e-18, 6.57231806211e-18, 8.19880495493e-18, 9.04900517675e-18, 1.04427656314e-17, 9.23992673393e-18, 1.09208842973e-17, 1.18830549955e-17, 8.91055913045e-18, 1.03038224496e-17, 7.07560866119e-18, 5.91817163958e-18, 3.9194964845e-18, 2.39476769627e-18, 1.02512596711e-18, 2.43530864527e-19, 2.79376891469e-20], "var": [0.485988616943, 5.27313756943, 18.0075111389, 46.2430839539, 96.4295806885, 101.056419373, 506.861297607, 1147.43981934, 1897.40795898, 3754.75219727, 3776.90576172, 3622.31542969, 2837.70947266, 3346.55175781, 5195.31005859, 4560.12451172, 2259.00415039, 3003.05493164, 2882.97412109, 2752.20507812, 1510.05993652, 1546.68383789, 1342.54492188, 1148.77575684, 643.313232422, 378.386016846, 185.219924927, 145.510772705, 67.884475708, 35.6906890869, 16.8921585083, 6.67754364014, 2.93595504761, 0.0380147397518, 0.000837546831463, 0.0133452843875, 0.0309137105942, 0.0853157266974, 0.0195263382047, 0.00105906336103]}, "erbbands_crest": {"dmean": 3.30318236351, "dmean2": 5.25207853317, "dvar": 10.0722541809, "dvar2": 23.7528419495, "max": 32.7715988159, "mean": 10.2983150482, "median": 8.96079063416, "min": 2.14411997795, "var": 29.5797252655}, "erbbands_flatness_db": {"dmean": 0.0301137901843, "dmean2": 0.045770034194, "dvar": 0.000868402479682, "dvar2": 0.00197155005299, "max": 0.403324991465, "mean": 0.143421173096, "median": 0.137158766389, "min": 0.0299503486603, "var": 0.0026563606225}, "erbbands_kurtosis": {"dmean": 3.47213578224, "dmean2": 5.53476047516, "dvar": 77.7163925171, "dvar2": 184.628646851, "max": 274.904022217, "mean": 3.68525481224, "median": 0.818011522293, "min": -1.88567316532, "var": 118.834541321}, "erbbands_skewness": {"dmean": 0.645563066006, "dmean2": 0.966733932495, "dvar": 0.603517115116, "dvar2": 1.32670855522, "max": 11.9086322784, "mean": 0.534936010838, "median": 0.331989973783, "min": -6.16638231277, "var": 2.19913554192}, "erbbands_spread": {"dmean": 11.3069067001, "dmean2": 17.7065296173, "dvar": 183.190078735, "dvar2": 431.748321533, "max": 150.335968018, "mean": 34.4942398071, "median": 30.2183856964, "min": 0.985144913197, "var": 455.799713135}, "gfcc": {"cov": [[36861.1875, 1094.97485352, -5056.28173828, -35.4824142456, 296.310028076, -1494.16662598, 236.119262695, -1143.10778809, 625.17779541, -27.4258594513, -58.9668655396, 212.007095337, -165.91178894], [1094.97485352, 1523.11022949, 293.033905029, -455.233581543, -87.3582611084, 52.5002441406, 0.531067788601, 8.84463214874, -18.2337303162, -37.008934021, 40.1211967468, -154.909484863, 141.541168213], [-5056.28173828, 293.033905029, 1729.62683105, 123.960769653, -122.412750244, 310.690917969, -85.9734420776, 263.490203857, -146.195755005, -14.5978145599, 25.0992355347, -77.8722381592, 34.3403434753], [-35.4824142456, -455.233581543, 123.960769653, 585.983947754, 181.337402344, -115.853340149, 19.7664051056, -37.0566062927, 20.0292377472, 1.72450351715, -31.8049755096, 43.4511375427, -73.4005050659], [296.310028076, -87.3582611084, -122.412750244, 181.337402344, 307.28414917, 17.2336158752, 69.0195999146, -66.8048553467, -1.86549806595, -31.076292038, 9.80005645752, 5.2520775795, -6.38107347488], [-1494.16662598, 52.5002441406, 310.690917969, -115.853340149, 17.2336158752, 400.033599854, 21.5678787231, 140.188140869, -87.9010162354, 0.360009163618, 27.7883300781, -5.40850114822, 38.5861434937], [236.119262695, 0.531067788601, -85.9734420776, 19.7664051056, 69.0195999146, 21.5678787231, 245.059173584, 9.19786643982, 43.2201766968, -33.4427642822, -9.7544260025, 21.5672035217, -17.601474762], [-1143.10778809, 8.84463214874, 263.490203857, -37.0566062927, -66.8048553467, 140.188140869, 9.19786643982, 249.126358032, 27.6727466583, 39.499130249, 9.76352310181, -22.6781368256, 17.3881721497], [625.17779541, -18.2337303162, -146.195755005, 20.0292377472, -1.86549806595, -87.9010162354, 43.2201766968, 27.6727466583, 172.042312622, 65.3874511719, 1.83117806911, 19.997095108, -25.7002563477], [-27.4258594513, -37.008934021, -14.5978145599, 1.72450351715, -31.076292038, 0.360009163618, -33.4427642822, 39.499130249, 65.3874511719, 112.555229187, 42.5550613403, 12.8721609116, 3.93538331985], [-58.9668655396, 40.1211967468, 25.0992355347, -31.8049755096, 9.80005645752, 27.7883300781, -9.7544260025, 9.76352310181, 1.83117806911, 42.5550613403, 81.9532165527, 28.4850597382, 16.0264434814], [212.007095337, -154.909484863, -77.8722381592, 43.4511375427, 5.2520775795, -5.40850114822, 21.5672035217, -22.6781368256, 19.997095108, 12.8721609116, 28.4850597382, 97.61328125, 10.6794319153], [-165.91178894, 141.541168213, 34.3403434753, -73.4005050659, -6.38107347488, 38.5861434937, -17.601474762, 17.3881721497, -25.7002563477, 3.93538331985, 16.0264434814, 10.6794319153, 95.9975967407]], "icov": [[6.36191325611e-05, -0.000160366267664, 0.000211294507608, -0.000152668028022, 7.70057231421e-05, 5.77330592932e-06, 4.33641944255e-05, 3.55786614818e-05, -3.88249209209e-05, 5.42880115972e-05, -8.60770887812e-06, -0.000176232948434, 0.000166812053067], [-0.000160366267664, 0.00193128269166, -0.000895489414688, 0.00108241930138, 5.71169039176e-05, 8.29062810226e-06, -0.000465821387479, 0.000867005146574, -0.00136733567342, 0.00121247349307, -0.00180618755985, 0.00346340425313, -0.00271823676303], [0.000211294507608, -0.000895489414688, 0.00183765625115, -0.00165155355353, 0.00120396679267, -0.000796497915871, 0.00040379865095, -0.000594487937633, 0.000242391630309, 0.000878505583387, -0.000946659594774, 3.76696152671e-05, 0.000529979122803], [-0.000152668028022, 0.00108241930138, -0.00165155355353, 0.0050098374486, -0.00373890716583, 0.00238442560658, -0.000147847938933, -0.000801396963652, 0.00159163260832, -0.00278577907011, 0.00346360914409, -0.00247501814738, 0.00171006983146], [7.70057231421e-05, 5.71169039176e-05, 0.00120396679267, -0.00373890716583, 0.00727948406711, -0.00284021929838, -0.000962574093137, 0.00257952674292, -0.00295322411694, 0.00440614810213, -0.00543091166764, 0.00473169330508, -0.00284980656579], [5.77330592932e-06, 8.29062810226e-06, -0.000796497915871, 0.00238442560658, -0.00284021929838, 0.00575828133151, -0.000809177581687, -0.00319359009154, 0.00435905484483, -0.00310360896401, 0.0021575295832, -0.00304361945018, 0.00130522262771], [4.33641944255e-05, -0.000465821387479, 0.00040379865095, -0.000147847938933, -0.000962574093137, -0.000809177581687, 0.00567014329135, -0.000760601949878, -0.00230286666192, 0.00307772960514, 0.000102028461697, -0.00198550452478, 0.00140410370659], [3.55786614818e-05, 0.000867005146574, -0.000594487937633, -0.000801396963652, 0.00257952674292, -0.00319359009154, -0.000760601949878, 0.00828600861132, -0.00452640885487, 0.000845063186716, -0.00219751778059, 0.00476700440049, -0.00321201607585], [-3.88249209209e-05, -0.00136733567342, 0.000242391630309, 0.00159163260832, -0.00295322411694, 0.00435905484483, -0.00230286666192, -0.00452640885487, 0.0152392163873, -0.0113540645689, 0.00724236108363, -0.007099814713, 0.00565442210063], [5.42880115972e-05, 0.00121247349307, 0.000878505583387, -0.00278577907011, 0.00440614810213, -0.00310360896401, 0.00307772960514, 0.000845063186716, -0.0113540645689, 0.0225920937955, -0.0140641098842, 0.0068043936044, -0.00456139817834], [-8.60770887812e-06, -0.00180618755985, -0.000946659594774, 0.00346360914409, -0.00543091166764, 0.0021575295832, 0.000102028461697, -0.00219751778059, 0.00724236108363, -0.0140641098842, 0.0256421118975, -0.0128690293059, 0.00448992662132], [-0.000176232948434, 0.00346340425313, 3.76696152671e-05, -0.00247501814738, 0.00473169330508, -0.00304361945018, -0.00198550452478, 0.00476700440049, -0.007099814713, 0.0068043936044, -0.0128690293059, 0.0237499289215, -0.00967996101826], [0.000166812053067, -0.00271823676303, 0.000529979122803, 0.00171006983146, -0.00284980656579, 0.00130522262771, 0.00140410370659, -0.00321201607585, 0.00565442210063, -0.00456139817834, 0.00448992662132, -0.00967996101826, 0.0179842598736]], "mean": [-109.042503357, 85.0702133179, -62.6086845398, 10.8128910065, -12.806265831, -14.4959983826, 6.6697177887, -14.6995544434, -2.40090036392, -11.8573303223, -10.1225271225, -5.50170850754, -5.27937698364]}, "hfc": {"dmean": 70.5777206421, "dmean2": 95.472328186, "dvar": 18998.2734375, "dvar2": 34259.125, "max": 2491.35131836, "mean": 214.280426025, "median": 108.428939819, "min": 1.06628345518e-16, "var": 80472.5234375}, "melbands": {"dmean": [0.00199497607537, 0.000949112814851, 0.00037809368223, 0.000191653976799, 0.000183838797966, 0.000156466310727, 0.000138180301292, 0.000107658808702, 8.83479078766e-05, 7.10818931111e-05, 6.05067543802e-05, 6.13586671534e-05, 5.40466135135e-05, 3.52037968696e-05, 2.68020430667e-05, 1.92066545424e-05, 1.99305904971e-05, 2.02924384212e-05, 1.7751379346e-05, 1.61268017109e-05, 1.15623943202e-05, 9.04997159523e-06, 9.34052604862e-06, 5.90649779042e-06, 6.60947398501e-06, 5.16048339705e-06, 4.09411723012e-06, 3.07549157696e-06, 2.20797119255e-06, 1.81619577688e-06, 1.70689349943e-06, 1.26423208258e-06, 1.0074606962e-06, 7.1848950256e-07, 4.55555550616e-07, 3.3626403706e-07, 2.17189921159e-07, 1.81401873078e-07, 7.9360617633e-08, 1.46027767656e-08], "dmean2": [0.00335467397235, 0.0015514860861, 0.000607714348007, 0.000296129408525, 0.000288316863589, 0.000243378264713, 0.000211535894778, 0.000163891527336, 0.0001402223279, 0.000110154462163, 9.49122040765e-05, 9.79569012998e-05, 8.49846182973e-05, 5.66889175388e-05, 4.3423682655e-05, 3.13699529215e-05, 3.24414795614e-05, 3.29306276399e-05, 2.8668275263e-05, 2.59980861301e-05, 1.85018234333e-05, 1.42391381814e-05, 1.49431270984e-05, 9.30369606067e-06, 1.00840334198e-05, 7.95732012193e-06, 6.37602715869e-06, 4.76880359201e-06, 3.47868035533e-06, 2.81308234662e-06, 2.62962589659e-06, 1.92847005565e-06, 1.55131192514e-06, 1.11319650387e-06, 7.17280045137e-07, 5.47042816379e-07, 3.60608652272e-07, 3.06175934384e-07, 1.31513459678e-07, 2.38734791935e-08], "dvar": [3.08403141389e-05, 3.27325710714e-06, 5.43890678273e-07, 1.56258622042e-07, 3.47235754816e-07, 3.50749616018e-07, 3.20474129012e-07, 1.93252830627e-07, 1.38446509368e-07, 8.98950034411e-08, 4.08253377771e-08, 3.76252273782e-08, 4.26505302187e-08, 1.40765719081e-08, 8.91767637512e-09, 4.38993685847e-09, 9.38415745111e-09, 4.51148407521e-09, 2.77181144703e-09, 2.54689780377e-09, 1.0601588496e-09, 6.82410516983e-10, 2.41181186134e-09, 2.90033969064e-10, 4.44666498067e-10, 2.78992856595e-10, 1.33500155375e-10, 6.62668461771e-11, 4.11647486931e-11, 1.87965424475e-11, 2.41564424713e-11, 1.26320984922e-11, 1.06022109495e-11, 7.96778441836e-12, 5.14448683306e-12, 7.17698339994e-12, 2.87581395329e-12, 2.71393801529e-12, 5.15373280077e-13, 1.38926045316e-15], "dvar2": [8.35431201267e-05, 8.70823896548e-06, 1.39472126648e-06, 3.48676195472e-07, 8.1245553929e-07, 7.91989464233e-07, 6.98670078236e-07, 4.30004149621e-07, 3.34341677899e-07, 1.93908434198e-07, 9.66514264178e-08, 9.85329648984e-08, 1.06759053153e-07, 3.54067175579e-08, 2.13865156695e-08, 1.12035358768e-08, 2.57920085289e-08, 1.18372032176e-08, 7.47656425659e-09, 6.6711645097e-09, 2.72949041147e-09, 1.68514835419e-09, 6.16325745995e-09, 6.9842964745e-10, 9.90449167126e-10, 6.13347761469e-10, 3.10212161514e-10, 1.59443097614e-10, 1.09612770249e-10, 4.38259116498e-11, 5.90299406578e-11, 2.88565386863e-11, 2.3582661865e-11, 1.79475028589e-11, 1.19242411084e-11, 1.86339312036e-11, 7.83879298277e-12, 7.26483760302e-12, 1.34581647042e-12, 3.39906931371e-15], "max": [0.0571658760309, 0.0237010344863, 0.0175113044679, 0.015338756144, 0.0133156562224, 0.0157590191811, 0.0174372252077, 0.0163593888283, 0.0103799346834, 0.0179441869259, 0.00843899510801, 0.00482286140323, 0.00755832996219, 0.00372945517302, 0.00404895888641, 0.00222735479474, 0.00506232166663, 0.00220193061978, 0.00233301683329, 0.00165332830511, 0.00100949197076, 0.000693828740623, 0.00309605640359, 0.000418523006374, 0.001009457279, 0.000806649040896, 0.000306720932713, 0.00024229765404, 0.000253264559433, 0.00011440255912, 0.000146170103108, 8.31531797303e-05, 9.80998884188e-05, 7.84088188084e-05, 9.71823828877e-05, 0.000105201921542, 7.35353387427e-05, 6.59769939375e-05, 3.50590853486e-05, 1.24008295188e-06], "mean": [0.00226436904632, 0.00139682833105, 0.000661481113639, 0.000364325125702, 0.000243901391514, 0.000211672231671, 0.000191708095372, 0.000155095665832, 0.000126732134959, 0.000104349303001, 8.55646503624e-05, 8.19753404357e-05, 7.31393811293e-05, 5.49174728803e-05, 4.02868790843e-05, 2.87087259494e-05, 2.99621715385e-05, 3.24046850437e-05, 2.95616955555e-05, 2.65115013462e-05, 1.91640956473e-05, 1.52546508616e-05, 1.44201430885e-05, 9.82704750641e-06, 1.06414117909e-05, 8.42807730805e-06, 6.44345800538e-06, 5.2081013564e-06, 3.79906509806e-06, 3.22502546624e-06, 2.67471727966e-06, 1.87700811694e-06, 1.4002282569e-06, 9.36336732593e-07, 5.07657148319e-07, 3.25458387351e-07, 1.94717131308e-07, 1.52699243472e-07, 6.82911576178e-08, 1.50448506986e-08], "median": [0.000534092308953, 0.000506314565428, 0.00026364630321, 0.000132524146466, 4.23872588726e-05, 2.15304426092e-05, 1.50108489834e-05, 1.28736528495e-05, 1.37384649861e-05, 9.49407694861e-06, 8.42230838316e-06, 8.91015588422e-06, 4.17077581005e-06, 3.57696671927e-06, 2.48996684604e-06, 1.58965190167e-06, 1.35879099616e-06, 1.78031166342e-06, 1.74522051566e-06, 1.62111007285e-06, 1.01094360616e-06, 8.49611296871e-07, 6.41754979824e-07, 4.44972016567e-07, 5.3957791124e-07, 5.17997875704e-07, 3.6929125713e-07, 3.50196728505e-07, 3.75765466742e-07, 2.86882112732e-07, 1.65240152228e-07, 1.28775909047e-07, 9.49754550561e-08, 5.8447714224e-08, 3.3396485577e-08, 1.91188220811e-08, 1.14542757501e-08, 8.10992961675e-09, 5.59453949833e-09, 3.64083918569e-09], "min": [1.04964057112e-24, 7.67701880806e-25, 8.24870038962e-25, 9.46283226454e-25, 1.26136827428e-24, 1.20610363749e-24, 1.00991846631e-24, 1.13257164454e-24, 2.67998039001e-24, 2.59310629396e-24, 1.13465295543e-24, 2.94147653883e-24, 3.77092197104e-24, 2.16434283982e-24, 2.66656797969e-24, 2.65443766555e-24, 3.73228593048e-24, 3.45282840493e-24, 3.86364625956e-24, 4.812802123e-24, 4.88313341143e-24, 2.48968150169e-24, 4.15597326192e-24, 3.88180071e-24, 4.22802426712e-24, 5.15848097167e-24, 3.12513440161e-24, 4.70705531865e-24, 4.84403075965e-24, 4.68877741148e-24, 4.72843818235e-24, 5.01721846608e-24, 3.66935849607e-24, 5.43852107099e-24, 5.4096570449e-24, 6.26526899334e-24, 4.89407215118e-24, 5.8886695582e-24, 4.67428761437e-24, 5.42517591106e-24], "var": [2.67028863163e-05, 5.03439468957e-06, 1.22194762753e-06, 5.04873696627e-07, 4.72126799878e-07, 5.00310875395e-07, 5.23706091826e-07, 3.98814023583e-07, 2.32110082266e-07, 1.59852277193e-07, 7.11058945058e-08, 5.79836942904e-08, 6.82625298509e-08, 3.00819209542e-08, 1.68071760953e-08, 8.50487946735e-09, 1.37022144742e-08, 9.00849439489e-09, 5.42539746462e-09, 4.77162398482e-09, 2.15976547757e-09, 1.54854229439e-09, 3.42674133513e-09, 6.11897532643e-10, 8.47071857102e-10, 5.68592506411e-10, 2.75035799691e-10, 1.54582527334e-10, 8.38493788291e-11, 5.37082184282e-11, 4.92950229247e-11, 2.42692029667e-11, 1.63728128277e-11, 1.0524798047e-11, 5.57763340722e-12, 5.42391609057e-12, 1.96079263937e-12, 1.90814681764e-12, 3.77533751874e-13, 1.44060864922e-15]}, "melbands_crest": {"dmean": 4.24402999878, "dmean2": 6.88071060181, "dvar": 15.6027669907, "dvar2": 39.0626296997, "max": 39.0172653198, "mean": 17.7754650116, "median": 16.9838809967, "min": 1.00075340271, "var": 50.901802063}, "melbands_flatness_db": {"dmean": 0.0486738607287, "dmean2": 0.0737506970763, "dvar": 0.00240311864763, "dvar2": 0.00544370431453, "max": 0.699139773846, "mean": 0.293502360582, "median": 0.282001495361, "min": 4.91835066896e-07, "var": 0.0137356854975}, "melbands_kurtosis": {"dmean": 25.7735557556, "dmean2": 42.4669952393, "dvar": 3644.38574219, "dvar2": 9977.24902344, "max": 1117.70788574, "mean": 38.4784965515, "median": 12.7249898911, "min": -1.92504751682, "var": 4989.578125}, "melbands_skewness": {"dmean": 1.41673672199, "dmean2": 2.22397613525, "dvar": 3.45376038551, "dvar2": 8.73501110077, "max": 27.2456245422, "mean": 3.68020439148, "median": 2.89787220955, "min": -2.3064801693, "var": 9.11408615112}, "melbands_spread": {"dmean": 7.08763313293, "dmean2": 11.1837291718, "dvar": 185.519638062, "dvar2": 418.306518555, "max": 240.026351929, "mean": 18.2795772552, "median": 10.1371259689, "min": 0.152677923441, "var": 590.486755371}, "mfcc": {"cov": [[22968.015625, 853.011901855, -4532.09277344, 761.038757324, -1049.73510742, 429.724731445, -1093.99401855, -104.636436462, -365.554321289, 129.76651001, -218.563491821, 131.78414917, 13.8046388626], [853.011901855, 1846.03417969, 349.027954102, -303.587127686, -25.4395675659, -64.6855010986, 80.4446868896, -72.9470214844, 86.1967468262, 5.94281578064, 1.62339651585, -26.6134090424, 30.0738811493], [-4532.09277344, 349.027954102, 1691.76855469, -104.451690674, 268.743103027, -122.828140259, 251.834823608, 53.4516487122, 93.8812026978, 7.04320430756, 61.4475517273, 4.17567682266, 13.6448421478], [761.038757324, -303.587127686, -104.451690674, 653.255126953, 59.1402168274, 79.3692550659, -87.4292297363, 17.1520366669, -20.2613201141, 3.44897484779, 13.8396062851, -6.4879283905, -12.011803627], [-1049.73510742, -25.4395675659, 268.743103027, 59.1402168274, 292.694549561, 44.5810432434, 105.003341675, 5.9707159996, 8.98559951782, -16.3641414642, 20.2388114929, -7.6200966835, -8.57993412018], [429.724731445, -64.6855010986, -122.828140259, 79.3692550659, 44.5810432434, 208.23085022, 63.4155960083, 46.0916442871, -25.7096805573, -13.0483264923, -21.5311851501, -9.78451251984, -1.25286662579], [-1093.99401855, 80.4446868896, 251.834823608, -87.4292297363, 105.003341675, 63.4155960083, 256.989105225, 85.3952865601, 34.8860244751, -12.2810230255, 0.745674788952, -25.7741413116, -3.09212446213], [-104.636436462, -72.9470214844, 53.4516487122, 17.1520366669, 5.9707159996, 46.0916442871, 85.3952865601, 157.075881958, 50.4720077515, 27.8331356049, 11.9590425491, 0.392093420029, -6.20662927628], [-365.554321289, 86.1967468262, 93.8812026978, -20.2613201141, 8.98559951782, -25.7096805573, 34.8860244751, 50.4720077515, 123.60256958, 49.1421356201, 28.7191848755, 5.98335504532, 3.35510110855], [129.76651001, 5.94281578064, 7.04320430756, 3.44897484779, -16.3641414642, -13.0483264923, -12.2810230255, 27.8331356049, 49.1421356201, 104.513710022, 45.074672699, 21.0864200592, 7.69803476334], [-218.563491821, 1.62339651585, 61.4475517273, 13.8396062851, 20.2388114929, -21.5311851501, 0.745674788952, 11.9590425491, 28.7191848755, 45.074672699, 102.04233551, 34.8098907471, 11.0455121994], [131.78414917, -26.6134090424, 4.17567682266, -6.4879283905, -7.6200966835, -9.78451251984, -25.7741413116, 0.392093420029, 5.98335504532, 21.0864200592, 34.8098907471, 86.9097213745, 31.0436534882], [13.8046388626, 30.0738811493, 13.6448421478, -12.011803627, -8.57993412018, -1.25286662579, -3.09212446213, -6.20662927628, 3.35510110855, 7.69803476334, 11.0455121994, 31.0436534882, 68.6743621826]], "icov": [[0.00017900110106, -0.000254713901086, 0.000415495684138, -0.00018604012439, 0.000107938984002, -0.000132258355734, 0.000371625676053, -0.000392844143789, 0.000471247069072, -0.000364202423953, 0.000302655011183, -0.000374606257537, 9.12298201001e-05], [-0.000254713901086, 0.00103412743192, -0.000724425830413, 0.000500058697071, 6.956118159e-05, 2.09576210182e-05, -0.000671315763611, 0.00118895748165, -0.00128709862474, 0.000575490004849, -0.000480594666442, 0.000862793531269, -0.000398309377488], [0.000415495684138, -0.000724425830413, 0.00188869098201, -0.00050041556824, -0.000452786596725, 0.000625499349553, 7.95173109509e-05, -0.0010865725344, 0.00103639950976, -0.000818718632217, 0.000604495813604, -0.00105398730375, 5.15098290634e-05], [-0.00018604012439, 0.000500058697071, -0.00050041556824, 0.00221307855099, -0.000730264699087, -0.000812356418464, 0.00104681239463, -0.000117383504403, -0.00058283470571, 0.000535419094376, -0.000852083670907, 0.00108487601392, -0.000149508923641], [0.000107938984002, 6.956118159e-05, -0.000452786596725, -0.000730264699087, 0.005259339232, -0.00126341008581, -0.00166881061159, 0.0015246423427, -0.000299393199384, 0.000567151699215, -0.00100353755988, -0.000393511378206, 0.000897105550393], [-0.000132258355734, 2.09576210182e-05, 0.000625499349553, -0.000812356418464, -0.00126341008581, 0.00750074768439, -0.00255153700709, -0.00164326198865, 0.00189205724746, -0.000309365597786, 0.00124339410104, -0.000202691560844, -0.000699485302903], [0.000371625676053, -0.000671315763611, 7.95173109509e-05, 0.00104681239463, -0.00166881061159, -0.00255153700709, 0.00892986170948, -0.00449002394453, 0.000189674421563, 0.000856123398989, -2.3854412575e-05, 0.00157361861784, -0.000684926693793], [-0.000392844143789, 0.00118895748165, -0.0010865725344, -0.000117383504403, 0.0015246423427, -0.00164326198865, -0.00449002394453, 0.0116423601285, -0.0047424742952, -0.00065814104164, -0.000633656047285, -0.000132041503093, 0.00123127829283], [0.000471247069072, -0.00128709862474, 0.00103639950976, -0.00058283470571, -0.000299393199384, 0.00189205724746, 0.000189674421563, -0.0047424742952, 0.0140194902197, -0.00566870300099, 0.000272128701909, -0.000607661146205, -8.04816227173e-05], [-0.000364202423953, 0.000575490004849, -0.000818718632217, 0.000535419094376, 0.000567151699215, -0.000309365597786, 0.000856123398989, -0.00065814104164, -0.00566870300099, 0.0154874492437, -0.00573088321835, 0.000186044781003, -0.000499673944432], [0.000302655011183, -0.000480594666442, 0.000604495813604, -0.000852083670907, -0.00100353755988, 0.00124339410104, -2.3854412575e-05, -0.000633656047285, 0.000272128701909, -0.00573088321835, 0.0150080462918, -0.00542934518307, 0.000388959568227], [-0.000374606257537, 0.000862793531269, -0.00105398730375, 0.00108487601392, -0.000393511378206, -0.000202691560844, 0.00157361861784, -0.000132041503093, -0.000607661146205, 0.000186044781003, -0.00542934518307, 0.0175300724804, -0.00693953922018], [9.12298201001e-05, -0.000398309377488, 5.15098290634e-05, -0.000149508923641, 0.000897105550393, -0.000699485302903, -0.000684926693793, 0.00123127829283, -8.04816227173e-05, -0.000499673944432, 0.000388959568227, -0.00693953922018, 0.017995281145]], "mean": [-768.474731445, 143.664978027, 8.65622234344, 41.2196960449, 1.26503252983, 18.2801513672, 5.38794946671, 11.1151475906, 6.96359491348, 5.31496524811, -1.49211251736, -1.43520569801, 0.117317825556]}, "pitch_salience": {"dmean": 0.0785469412804, "dmean2": 0.126009330153, "dvar": 0.00575103284791, "dvar2": 0.0145326154307, "max": 0.996095597744, "mean": 0.499110400677, "median": 0.514069437981, "min": 0.0377950668335, "var": 0.0178939979523}, "silence_rate_20dB": {"dmean": 0, "dmean2": 0, "dvar": 0, "dvar2": 0, "max": 1, "mean": 1, "median": 1, "min": 1, "var": 0}, "silence_rate_30dB": {"dmean": 0.034780818969, "dmean2": 0.069568797946, "dvar": 0.0335736572742, "dvar2": 0.0766636580229, "max": 1, "mean": 0.952258467674, "median": 1, "min": 0, "var": 0.0454650372267}, "silence_rate_60dB": {"dmean": 0.0450710020959, "dmean2": 0.0901512801647, "dvar": 0.0430461131036, "dvar2": 0.0923075079918, "max": 1, "mean": 0.18067702651, "median": 0, "min": 0, "var": 0.148037016392}, "spectral_centroid": {"dmean": 289.820526123, "dmean2": 429.002044678, "dvar": 194161.734375, "dvar2": 364554.3125, "max": 11561.3808594, "mean": 1184.25036621, "median": 813.52520752, "min": 107.186592102, "var": 1702357.125}, "spectral_complexity": {"dmean": 3.04363036156, "dmean2": 4.36966133118, "dvar": 21.0305919647, "dvar2": 36.8764533997, "max": 62, "mean": 12.6198167801, "median": 6, "min": 0, "var": 187.890274048}, "spectral_contrast_coeffs": {"dmean": [0.0482478775084, 0.0467593409121, 0.0410093739629, 0.0347271002829, 0.0260402914137, 0.0417351685464], "dmean2": [0.0780868977308, 0.0761246159673, 0.0663240253925, 0.0557816922665, 0.0407917834818, 0.0614300519228], "dvar": [0.00156001688447, 0.00148184946738, 0.0010937449988, 0.000838873558678, 0.000568258517887, 0.00174437614623], "dvar2": [0.00394820887595, 0.00374451465905, 0.00279148551635, 0.00208384008147, 0.00126580777578, 0.00336616393179], "max": [-0.381791710854, -0.44527104497, -0.516694486141, -0.579858601093, -0.641375422478, -0.474123239517], "mean": [-0.702816665173, -0.798973441124, -0.812214076519, -0.839918851852, -0.849013626575, -0.761775612831], "median": [-0.703249454498, -0.806740522385, -0.81453949213, -0.83304464817, -0.837205708027, -0.763317227364], "min": [-0.978126943111, -0.996854782104, -0.998926460743, -0.990054607391, -0.988634586334, -0.966301560402], "var": [0.00729326531291, 0.00617410242558, 0.00569908879697, 0.00553733576089, 0.00404466409236, 0.0100071793422]}, "spectral_contrast_valleys": {"dmean": [0.423528522253, 0.484551221132, 0.492921233177, 0.520324647427, 0.52451556921, 0.595318078995], "dmean2": [0.660482108593, 0.758608520031, 0.748253524303, 0.783807098866, 0.756927847862, 0.90141582489], "dvar": [0.162258192897, 0.199886739254, 0.224032342434, 0.287141859531, 0.333538413048, 0.266208440065], "dvar2": [0.31313636899, 0.436598807573, 0.472973138094, 0.638185381889, 0.662892758846, 0.631015121937], "max": [-4.96991109848, -4.84009027481, -5.25488615036, -5.08932638168, -5.36109733582, -7.97291994095], "mean": [-7.66437911987, -7.77195119858, -8.32981586456, -8.83067989349, -8.73230075836, -11.7613105774], "median": [-7.21350717545, -7.31595134735, -7.86339712143, -8.39792251587, -8.36723613739, -11.4601325989], "min": [-28.0834217072, -27.924911499, -27.9478721619, -27.7142086029, -27.612985611, -27.410320282], "var": [5.89575099945, 6.27474355698, 6.28228473663, 6.53886461258, 6.46892023087, 3.89081740379]}, "spectral_decrease": {"dmean": 2.71991651424e-09, "dmean2": 4.42314584959e-09, "dvar": 3.10670773927e-17, "dvar2": 8.11435924425e-17, "max": 1.78907129111e-08, "mean": -3.03876879215e-09, "median": -8.33167923542e-10, "min": -5.90812874179e-08, "var": 3.79106966337e-17}, "spectral_energy": {"dmean": 0.0121374055743, "dmean2": 0.0182357914746, "dvar": 0.000531216326635, "dvar2": 0.00125562970061, "max": 0.269532293081, "mean": 0.0309049077332, "median": 0.0171084813774, "min": 1.00434032388e-20, "var": 0.00130494020414}, "spectral_energyband_high": {"dmean": 0.000447290978627, "dmean2": 0.000657821597997, "dvar": 1.43505462802e-06, "dvar2": 3.21849097418e-06, "max": 0.0288699958473, "mean": 0.000880559324287, "median": 8.930072363e-05, "min": 6.91847805888e-21, "var": 3.40043538927e-06}, "spectral_energyband_low": {"dmean": 0.00801171176136, "dmean2": 0.0132278501987, "dvar": 0.000370039924746, "dvar2": 0.000981504213996, "max": 0.198207259178, "mean": 0.0112678566948, "median": 0.00430747354403, "min": 1.12610817188e-23, "var": 0.000388946034946}, "spectral_energyband_middle_high": {"dmean": 0.00149749335833, "dmean2": 0.00220000464469, "dvar": 1.1975183952e-05, "dvar2": 2.7864738513e-05, "max": 0.0850508436561, "mean": 0.00369486468844, "median": 0.000477467197925, "min": 1.20784161797e-21, "var": 5.16192958457e-05}, "spectral_energyband_middle_low": {"dmean": 0.00283027277328, "dmean2": 0.00421800790355, "dvar": 3.58310680895e-05, "dvar2": 7.81792186899e-05, "max": 0.1426653862, "mean": 0.00646205293015, "median": 0.00219845958054, "min": 1.808059476e-22, "var": 0.000116391922347}, "spectral_entropy": {"dmean": 0.320422321558, "dmean2": 0.484000951052, "dvar": 0.140095874667, "dvar2": 0.30651679635, "max": 9.82735729218, "mean": 7.31461668015, "median": 7.44361543655, "min": 4.17838144302, "var": 0.509773612022}, "spectral_flux": {"dmean": 0.0263648293912, "dmean2": 0.0406287759542, "dvar": 0.00162497919519, "dvar2": 0.00336036272347, "max": 0.433234900236, "mean": 0.0825549736619, "median": 0.0671433731914, "min": 6.33215910262e-11, "var": 0.0044355597347}, "spectral_kurtosis": {"dmean": 5.07615756989, "dmean2": 8.08794593811, "dvar": 74.0203857422, "dvar2": 190.374465942, "max": 135.057723999, "mean": 15.5930633545, "median": 13.4531917572, "min": -1.25428938866, "var": 104.950508118}, "spectral_rms": {"dmean": 0.000931323505938, "dmean2": 0.00131606520154, "dvar": 1.92746597349e-06, "dvar2": 4.06214167015e-06, "max": 0.0162159912288, "mean": 0.0045879916288, "median": 0.00408548675478, "min": 3.1302462792e-12, "var": 9.101424439e-06}, "spectral_rolloff": {"dmean": 2828.61010742, "dmean2": 5440.47070312, "dvar": 43469560, "dvar2": 103993240, "max": 22050, "mean": 18293.6289062, "median": 21856.2011719, "min": 21.533203125, "var": 56671612}, "spectral_skewness": {"dmean": 0.484329640865, "dmean2": 0.74201720953, "dvar": 0.422291576862, "dvar2": 1.01888346672, "max": 9.50130271912, "mean": 2.70952153206, "median": 2.51120996475, "min": -0.0845255032182, "var": 1.03126060963}, "spectral_spread": {"dmean": 734309.5, "dmean2": 1157917.875, "dvar": 797907812352, "dvar2": 1948203089920.0, "max": 42377288, "mean": 5061489, "median": 4380539, "min": 1223168.625, "var": 14732293570600