{"lowlevel": {"average_loudness": 0.795898199081, "barkbands": {"dmean": [0.0224310923368, 0.0536523908377, 0.00382404215634, 0.00112690834794, 0.00097393617034, 0.000827849085908, 0.000585705041885, 0.000436458532931, 0.00037293281639, 0.000584965921007, 0.000399026146624, 0.000489557394758, 0.000609262264334, 0.000482085393742, 0.000353476178134, 0.000269169657258, 0.000259680382442, 0.000327273388393, 0.000243177302764, 0.000115882736281, 4.81135757582e-05, 2.66591268883e-05, 1.01936830106e-05, 6.47613615001e-06, 6.46600165055e-06, 9.68900803855e-06, 0.000375520263333], "dmean2": [0.0362681671977, 0.0820674151182, 0.00637396099046, 0.00193569017574, 0.00162312702741, 0.00132916669827, 0.000939175079111, 0.000677741889376, 0.000582814507652, 0.000909598602448, 0.000626332359388, 0.00077250925824, 0.000955766066909, 0.000755302549805, 0.000563620589674, 0.000432519387687, 0.000420473195845, 0.000502501090523, 0.00037822095328, 0.000179059526999, 7.31834225007e-05, 3.94953385694e-05, 1.60576983035e-05, 1.08702179205e-05, 1.07497335193e-05, 1.54511526489e-05, 0.000549730320927], "dvar": [0.00104345590807, 0.00423497054726, 3.68639884982e-05, 6.39264544589e-06, 3.05980665871e-06, 3.48522712557e-06, 3.25285304825e-06, 4.43845328846e-06, 1.39151370604e-06, 4.94944561069e-06, 3.19591276821e-06, 3.45123135048e-06, 4.10655366068e-06, 1.58514069426e-06, 5.81469464578e-07, 4.73943828183e-07, 4.82212840325e-07, 8.3645761606e-07, 9.20894422052e-07, 1.59569879088e-07, 2.21124345501e-08, 1.101286351e-08, 7.55292994814e-10, 1.07610691191e-10, 1.01685770915e-10, 4.0045494698e-10, 8.55865948779e-07], "dvar2": [0.00263705523685, 0.00983475800604, 9.73992209765e-05, 1.79506132554e-05, 7.82792176324e-06, 8.1038024291e-06, 6.5898025241e-06, 8.08491040516e-06, 3.18749425787e-06, 1.16311202873e-05, 7.64816195442e-06, 8.87242185854e-06, 9.73050555331e-06, 3.62384048458e-06, 1.35717198191e-06, 1.16625972169e-06, 1.2294968883e-06, 1.79595849659e-06, 1.97879990083e-06, 3.55581533995e-07, 4.52608581725e-08, 1.87725142098e-08, 1.39373301788e-09, 2.72954325808e-10, 2.5800844794e-10, 8.54529280669e-10, 1.64265782132e-06], "max": [0.546075463295, 0.816707968712, 0.0998356789351, 0.0654150694609, 0.0419194325805, 0.0589603111148, 0.0813713222742, 0.132268100977, 0.0398268476129, 0.0723902881145, 0.05572315678, 0.0556730739772, 0.0748712569475, 0.0294499546289, 0.0206961054355, 0.0159258451313, 0.0277968402952, 0.0326069034636, 0.0441013760865, 0.0162485595793, 0.00374004803598, 0.00481683062389, 0.00103578390554, 0.000143687124364, 0.000139854091685, 0.000707014929503, 0.0298328585923], "mean": [0.0484602302313, 0.105142340064, 0.00534909963608, 0.00119732983876, 0.00146966113243, 0.00125971063972, 0.000878958206158, 0.000633732532151, 0.000525018142071, 0.00078799953917, 0.000521549256518, 0.000648490909953, 0.00081408105325, 0.000688497617375, 0.000567295006476, 0.000377828080673, 0.000407379353419, 0.000578175182454, 0.000340919825248, 0.000163727730978, 6.76781419315e-05, 3.72232898371e-05, 1.25238484543e-05, 6.6815550781e-06, 7.01537419445e-06, 1.23178706417e-05, 0.000861031003296], "median": [0.0189991183579, 0.0640220046043, 0.00262162601575, 0.000569331808947, 0.000647909357212, 0.000358009187039, 0.000184553529834, 0.000110598382889, 0.000108981344965, 0.000100608544017, 7.18923765817e-05, 9.68151362031e-05, 0.000131284105009, 0.000102591642644, 0.00014049425954, 9.6233226941e-05, 9.38494122238e-05, 0.000107077568828, 5.20984322065e-05, 2.81654120045e-05, 1.44101459227e-05, 7.70378210291e-06, 3.8329912968e-06, 2.688219638e-06, 3.08670496452e-06, 5.4548722801e-06, 0.000177039270056], "min": [3.12014949095e-25, 7.71037579144e-25, 7.30663332888e-25, 8.57595539184e-25, 6.75183445538e-24, 5.23449205862e-24, 6.71907858401e-24, 5.2860184808e-24, 1.08412294346e-23, 1.14121130834e-23, 1.3065155333e-23, 2.6917874684e-23, 2.0085152798e-23, 3.12444138731e-23, 3.30240588317e-23, 5.47587103162e-23, 5.79857446419e-23, 9.49682128327e-23, 1.22981433505e-22, 1.40482192781e-22, 1.94712744944e-22, 3.03476532043e-22, 3.60386421872e-22, 5.6421235305e-22, 7.41700907041e-22, 1.30599398896e-21, 1.90584553785e-21], "var": [0.00360023719259, 0.0128749525174, 5.760023123e-05, 4.97532391819e-06, 5.54113512408e-06, 7.71044506109e-06, 7.96401036496e-06, 9.58310920396e-06, 2.4652679258e-06, 9.16660883377e-06, 5.48956131752e-06, 5.72982435187e-06, 6.39441304884e-06, 3.22979121847e-06, 1.25550866414e-06, 7.68801726281e-07, 7.47212823171e-07, 2.07031303034e-06, 1.69576344433e-06, 2.44280897732e-07, 4.27046167317e-08, 2.49974867472e-08, 1.67763247738e-09, 1.19942625276e-10, 1.17977655423e-10, 7.41711247976e-10, 2.98931649922e-06]}, "barkbands_crest": {"dmean": 3.17434620857, "dmean2": 5.18898820877, "dvar": 7.82301425934, "dvar2": 20.6468887329, "max": 26.9147205353, "mean": 16.1823978424, "median": 15.925825119, "min": 3.37625694275, "var": 23.0572395325}, "barkbands_flatness_db": {"dmean": 0.0508505627513, "dmean2": 0.0801368653774, "dvar": 0.00196183938533, "dvar2": 0.00494907749817, "max": 0.700589001179, "mean": 0.261078327894, "median": 0.252280950546, "min": 0.0449516400695, "var": 0.00889422371984}, "barkbands_kurtosis": {"dmean": 73.1546936035, "dmean2": 118.489265442, "dvar": 52070.3320312, "dvar2": 138943.671875, "max": 10930.4882812, "mean": 117.142295837, "median": 38.0989875793, "min": -1.68892407417, "var": 76738.6796875}, "barkbands_skewness": {"dmean": 2.27271938324, "dmean2": 3.54988622665, "dvar": 8.65181350708, "dvar2": 21.3668270111, "max": 100.75604248, "mean": 6.75753879547, "median": 5.54884719849, "min": -2.18393754959, "var": 34.030330658}, "barkbands_spread": {"dmean": 5.6008143425, "dmean2": 8.79213142395, "dvar": 72.9077911377, "dvar2": 162.699783325, "max": 103.582374573, "mean": 11.9877910614, "median": 6.2352347374, "min": 0.0493642762303, "var": 228.727478027}, "dissonance": {"dmean": 0.017886640504, "dmean2": 0.0298927463591, "dvar": 0.000457565067336, "dvar2": 0.00119508593343, "max": 0.500000178814, "mean": 0.472822070122, "median": 0.482415318489, "min": 0.273842483759, "var": 0.000853443925735}, "dynamic_complexity": 3.90326809883, "erbbands": {"dmean": [2.62774252892, 8.82037639618, 6.29453420639, 3.66435647011, 3.01287412643, 3.37729549408, 5.55931758881, 7.54926776886, 8.05850505829, 9.867146492, 7.52389621735, 8.98854637146, 11.095700264, 19.7280979156, 16.923034668, 20.934513092, 27.4666118622, 26.1684379578, 18.7011585236, 15.8877239227, 12.9346446991, 14.2279825211, 15.675948143, 15.7497997284, 9.39169025421, 5.47665834427, 2.688185215, 1.56198847294, 0.994489729404, 0.585535883904, 0.24290047586, 0.146580547094, 0.103388719261, 0.071684345603, 0.0464592650533, 0.0277198348194, 0.0174369663, 0.0262873210013, 0.028080213815, 0.0154963191599], "dmean2": [4.00906562805, 13.4980487823, 10.3112983704, 6.18605613708, 5.12895298004, 5.56827783585, 9.06638526917, 12.1581220627, 12.8068943024, 15.9085063934, 11.7013368607, 13.9342975616, 17.3970584869, 30.7984428406, 25.8714179993, 32.6780509949, 42.8329772949, 40.4266777039, 29.6258811951, 24.9721317291, 20.7510070801, 22.9115104675, 24.2072849274, 23.8466091156, 14.6647481918, 8.46104049683, 4.07554578781, 2.35653710365, 1.48219895363, 0.880550861359, 0.386199325323, 0.245022520423, 0.173239246011, 0.119564324617, 0.0770107731223, 0.0455661304295, 0.0275927912444, 0.0375425107777, 0.0406321436167, 0.0229064840823], "dvar": [11.3669757843, 125.747962952, 78.8517990112, 52.2676353455, 44.469997406, 37.9115371704, 148.463409424, 344.953979492, 857.098999023, 1126.96679688, 1009.87426758, 895.506469727, 1512.51635742, 8735.70898438, 4563.41455078, 6611.66308594, 9418.03125, 4558.82128906, 1584.79748535, 1561.14831543, 1202.80529785, 1325.26928711, 1581.59985352, 3540.64038086, 1229.12573242, 351.226013184, 72.3365402222, 22.8920154572, 13.5198097229, 5.50990867615, 0.293618679047, 0.0566096119583, 0.02746055834, 0.0128121562302, 0.00512926885858, 0.00169813982211, 0.00100884842686, 0.0120872594416, 0.00711057893932, 0.000521770853084], "dvar2": [26.4280967712, 286.154541016, 206.428710938, 143.976135254, 122.562232971, 93.4961776733, 349.080566406, 827.762695312, 1663.27282715, 2430.60693359, 1996.4284668, 2029.68432617, 3780.78515625, 22305.7636719, 9684.640625, 16230.3935547, 22102.578125, 10562.3339844, 3664.42797852, 3534.38598633, 3036.31298828, 3330.68457031, 3494.49780273, 7131.02539062, 2708.39916992, 772.108703613, 146.177871704, 45.7667655945, 23.3209228516, 10.5351686478, 0.57351988554, 0.141403362155, 0.0697325319052, 0.032519955188, 0.013009714894, 0.00430650170892, 0.00210855179466, 0.0202313903719, 0.0132352029905, 0.00110529526137], "max": [34.7965507507, 203.380462646, 153.459442139, 167.952667236, 206.998794556, 138.850723267, 435.05847168, 532.823547363, 1406.81591797, 1910.76635742, 1686.83288574, 1190.65930176, 1534.25500488, 4099.35009766, 2669.75927734, 2871.2902832, 4025.57739258, 1538.14611816, 921.992492676, 1506.95751953, 821.88092041, 1360.04711914, 1629.90478516, 2852.09765625, 1184.76379395, 806.755310059, 231.797622681, 139.209747314, 167.373306274, 87.3260345459, 20.2170505524, 4.5171790123, 2.30957484245, 1.57573223114, 0.988453447819, 0.552752137184, 0.974584877491, 4.43990468979, 2.44311952591, 0.664964020252], "mean": [5.164270401, 15.3923444748, 10.8445177078, 4.72524785995, 3.58772706985, 5.06717348099, 8.15592098236, 11.5355796814, 11.9592351913, 15.1174039841, 11.5844612122, 13.0921392441, 15.5751924515, 27.3748874664, 24.0113601685, 29.0929412842, 39.1122093201, 39.2744026184, 31.6149463654, 26.0747852325, 19.3508110046, 23.5667381287, 28.5558738708, 26.0868492126, 12.9912567139, 7.66871833801, 3.72920846939, 2.23703861237, 1.40273964405, 0.789096534252, 0.287356942892, 0.153610944748, 0.107802964747, 0.0766049399972, 0.0512306466699, 0.0317393876612, 0.0227890387177, 0.042372815311, 0.0553643852472, 0.0501680336893], "median": [2.3375043869, 9.0533618927, 6.63389825821, 2.66083574295, 1.81697201729, 2.07085418701, 2.71491074562, 2.96576976776, 2.87216329575, 2.85416340828, 2.51177668571, 2.65634322166, 3.088149786, 3.15009284019, 3.91044902802, 4.24716377258, 6.68850135803, 5.62539291382, 8.21213054657, 6.56538105011, 5.73724651337, 5.80611419678, 5.86352920532, 4.2171587944, 2.17753720284, 1.33658647537, 0.76366019249, 0.481788218021, 0.297055184841, 0.181651309133, 0.0981376245618, 0.0615918003023, 0.0445481352508, 0.0327637717128, 0.0231710802764, 0.0152233932167, 0.0109593300149, 0.0106786862016, 0.0134913856164, 0.0347704999149], "min": [4.50430489204e-23, 3.1557922343e-22, 1.40831114163e-21, 4.91332561108e-21, 1.18866960701e-20, 1.5398928377e-20, 2.93350136901e-20, 6.2762135107e-20, 1.15209664018e-19, 1.33587096913e-19, 2.88215523109e-19, 2.95017972123e-19, 5.38454357115e-19, 5.31517723895e-19, 7.61199620415e-19, 1.34293475552e-18, 1.25857773927e-18, 1.93330307127e-18, 1.94563571382e-18, 2.92058966126e-18, 4.20352176912e-18, 3.62000085447e-18, 5.79107037538e-18, 5.55011059499e-18, 6.30504980234e-18, 5.60087590995e-18, 6.78806165511e-18, 9.1843856917e-18, 9.50214133375e-18, 1.0783578933e-17, 1.07048751793e-17, 1.0839924822e-17, 9.97723665447e-18, 8.00470288829e-18, 6.23516710265e-18, 4.24674774639e-18, 2.38513021495e-18, 9.32992832728e-19, 2.23061789131e-19, 2.83023174695e-20], "var": [36.7261238098, 385.846954346, 166.304763794, 48.6119003296, 39.7253417969, 79.2961578369, 267.57635498, 750.516662598, 2040.04443359, 2499.17651367, 2330.3215332, 1635.71228027, 2321.75219727, 14779.96875, 9093.31835938, 11466.8427734, 15359.5234375, 9532.40527344, 3682.26928711, 3493.22387695, 1715.5480957, 2312.04638672, 4111.52539062, 8085.38964844, 1998.09301758, 550.608581543, 132.735153198, 47.673614502, 30.8889522552, 11.3158178329, 0.609103560448, 0.0665848404169, 0.0306765548885, 0.0146244550124, 0.0060432353057, 0.00209048157558, 0.00192415749189, 0.0291543826461, 0.016728438437, 0.00282943970524]}, "erbbands_crest": {"dmean": 3.21440815926, "dmean2": 5.25052070618, "dvar": 9.47198200226, "dvar2": 23.1604003906, "max": 32.7498207092, "mean": 9.80480861664, "median": 8.51071929932, "min": 1.92837047577, "var": 25.597284317}, "erbbands_flatness_db": {"dmean": 0.0309604201466, "dmean2": 0.0486463792622, "dvar": 0.000793705519754, "dvar2": 0.00190505723003, "max": 0.429937750101, "mean": 0.139108285308, "median": 0.131329238415, "min": 0.017136644572, "var": 0.00293024536222}, "erbbands_kurtosis": {"dmean": 2.90691995621, "dmean2": 4.82337856293, "dvar": 75.5067901611, "dvar2": 203.779953003, "max": 264.429748535, "mean": 2.48318505287, "median": 0.429173946381, "min": -1.88578701019, "var": 71.3717651367}, "erbbands_skewness": {"dmean": 0.63985812664, "dmean2": 0.993303000927, "dvar": 0.580509662628, "dvar2": 1.4288738966, "max": 13.9143819809, "mean": 0.0509319752455, "median": -0.128267467022, "min": -4.68219137192, "var": 2.19881844521}, "erbbands_spread": {"dmean": 11.0582084656, "dmean2": 17.3801860809, "dvar": 118.484992981, "dvar2": 279.716003418, "max": 184.251922607, "mean": 40.4966468811, "median": 38.3131942749, "min": 0.826614797115, "var": 457.24697876}, "gfcc": {"cov": [[35810.5546875, 2534.08374023, -2391.53417969, 85.2565231323, 391.543365479, -757.16027832, 59.844165802, -287.578948975, 60.1662063599, -125.322723389, 132.093154907, -70.0758056641, -31.7467002869], [2534.08374023, 901.09375, -67.5230712891, -313.360198975, -10.9829797745, -34.0688476562, -20.9610710144, -11.5902462006, 10.1033573151, -19.4989204407, 68.7995834351, -64.1446304321, 43.0107498169], [-2391.53417969, -67.5230712891, 1341.08911133, 204.535827637, -302.748413086, 297.15435791, -84.891242981, 140.357803345, -17.9162940979, -14.0715684891, -48.0293159485, -19.5132389069, 24.647190094], [85.2565231323, -313.360198975, 204.535827637, 457.933166504, 157.854248047, -63.1254310608, 95.253944397, 2.52719807625, 52.4246902466, -13.6952104568, -35.3118934631, 23.3517818451, -16.1987419128], [391.543365479, -10.9829797745, -302.748413086, 157.854248047, 504.911499023, -103.600364685, 177.3384552, -51.7437782288, 77.9253463745, -10.2256116867, 57.766040802, -1.14939856529, 14.2346086502], [-757.16027832, -34.0688476562, 297.15435791, -63.1254310608, -103.600364685, 391.129943848, -47.9348983765, 59.764705658, -80.0011749268, 8.28622817993, -8.89377784729, -9.72366428375, 1.0105946064], [59.844165802, -20.9610710144, -84.891242981, 95.253944397, 177.3384552, -47.9348983765, 230.122146606, -14.8106994629, 29.5915813446, -28.339389801, 19.3596153259, 30.0489501953, 12.1583957672], [-287.578948975, -11.5902462006, 140.357803345, 2.52719807625, -51.7437782288, 59.764705658, -14.8106994629, 123.288551331, 28.3811397552, 14.4526968002, 2.35197496414, -12.9087667465, 14.7004671097], [60.1662063599, 10.1033573151, -17.9162940979, 52.4246902466, 77.9253463745, -80.0011749268, 29.5915813446, 28.3811397552, 125.826499939, 36.1390190125, 1.66929793358, -9.34115028381, 1.30271673203], [-125.322723389, -19.4989204407, -14.0715684891, -13.6952104568, -10.2256116867, 8.28622817993, -28.339389801, 14.4526968002, 36.1390190125, 69.8264389038, 20.1625537872, -8.05095100403, -7.03615999222], [132.093154907, 68.7995834351, -48.0293159485, -35.3118934631, 57.766040802, -8.89377784729, 19.3596153259, 2.35197496414, 1.66929793358, 20.1625537872, 77.8901138306, 19.7989826202, 18.0380172729], [-70.0758056641, -64.1446304321, -19.5132389069, 23.3517818451, -1.14939856529, -9.72366428375, 30.0489501953, -12.9087667465, -9.34115028381, -8.05095100403, 19.7989826202, 74.4232177734, 21.1789875031], [-31.7467002869, 43.0107498169, 24.647190094, -16.1987419128, 14.2346086502, 1.0105946064, 12.1583957672, 14.7004671097, 1.30271673203, -7.03615999222, 18.0380172729, 21.1789875031, 56.831287384]], "icov": [[5.82741195103e-05, -0.00027419559774, 0.000196363180294, -0.000355814321665, 0.00013979319192, -7.16554932296e-05, 7.17279544915e-05, -2.42061705649e-05, 2.36150549426e-06, 7.11153261364e-05, -4.27645463787e-05, -5.44899412489e-05, 5.3294832469e-05], [-0.00027419559774, 0.00335454964079, -0.00111265957821, 0.00297124381177, -0.000359423022019, 0.000462813390186, -0.00053076480981, 0.0010896573076, -0.00139193853829, 0.00179912289605, -0.00223417906091, 0.00293041556142, -0.00157729513012], [0.000196363180294, -0.00111265957821, 0.00232313806191, -0.00285485014319, 0.00204616948031, -0.00160270708147, 0.000351210532244, -0.000206088225241, -0.00117071042769, 0.00165718712378, -0.001421763096, 0.00109954271466, -0.00110180466436], [-0.000355814321665, 0.00297124381177, -0.00285485014319, 0.0075646629557, -0.00344394566491, 0.00208641774952, -0.0010475050658, -0.00040931274998, 0.000290627591312, -0.00104510248639, 0.0030247233808, -0.00166954123415, 0.0016284257872], [0.00013979319192, -0.000359423022019, 0.00204616948031, -0.00344394566491, 0.00625452492386, -0.00182153924834, -0.00184726144653, 0.00275531085208, -0.00420437566936, 0.00397655228153, -0.00625488115475, 0.00482631567866, -0.00259525096044], [-7.16554932296e-05, 0.000462813390186, -0.00160270708147, 0.00208641774952, -0.00182153924834, 0.00493912491947, -0.0002818221692, -0.00249945395626, 0.00469041289762, -0.00358815840445, 0.00263197044842, -0.0012448807247, 0.00105150765739], [7.17279544915e-05, -0.00053076480981, 0.000351210532244, -0.0010475050658, -0.00184726144653, -0.0002818221692, 0.00709234550595, -0.000512367696501, -0.00119993870612, 0.00311354640871, -0.00054112583166, -0.00286328280345, 0.000725556514226], [-2.42061705649e-05, 0.0010896573076, -0.000206088225241, -0.00040931274998, 0.00275531085208, -0.00249945395626, -0.000512367696501, 0.0130624361336, -0.00631485972553, 0.00264831073582, -0.00460534589365, 0.00526684103534, -0.00480879703537], [2.36150549426e-06, -0.00139193853829, -0.00117071042769, 0.000290627591312, -0.00420437566936, 0.00469041289762, -0.00119993870612, -0.00631485972553, 0.0184835791588, -0.0131834289059, 0.0083959903568, -0.0032854496967, 0.00100877450313], [7.11153261364e-05, 0.00179912289605, 0.00165718712378, -0.00104510248639, 0.00397655228153, -0.00358815840445, 0.00311354640871, 0.00264831073582, -0.0131834289059, 0.0286307707429, -0.0143891824409, 0.00600282661617, 0.00155512185302], [-4.27645463787e-05, -0.00223417906091, -0.001421763096, 0.0030247233808, -0.00625488115475, 0.00263197044842, -0.00054112583166, -0.00460534589365, 0.0083959903568, -0.0143891824409, 0.0270834546536, -0.0112090092152, -0.000420321506681], [-5.44899412489e-05, 0.00293041556142, 0.00109954271466, -0.00166954123415, 0.00482631567866, -0.0012448807247, -0.00286328280345, 0.00526684103534, -0.0032854496967, 0.00600282661617, -0.0112090092152, 0.0247668493539, -0.00999098829925], [5.3294832469e-05, -0.00157729513012, -0.00110180466436, 0.0016284257872, -0.00259525096044, 0.00105150765739, 0.000725556514226, -0.00480879703537, 0.00100877450313, 0.00155512185302, -0.000420321506681, -0.00999098829925, 0.0255075320601]], "mean": [-44.9797172546, 92.6544647217, -66.1627197266, 15.3466730118, 14.4233036041, -4.1308889389, 4.03037691116, -0.674020051956, 4.05513572693, -0.764362335205, 5.50248098373, -2.18599224091, -0.0181766673923]}, "hfc": {"dmean": 509.820251465, "dmean2": 761.038208008, "dvar": 376968.84375, "dvar2": 884161.9375, "max": 8151.22265625, "mean": 1423.78515625, "median": 1073.01818848, "min": 1.06644174447e-16, "var": 1618163.375}, "melbands": {"dmean": [0.0187393426895, 0.00580548169091, 0.000607483147178, 0.000214060826693, 0.000186153818504, 0.000164564626175, 0.000119511940284, 0.000107679967186, 5.82356769883e-05, 5.74056321057e-05, 5.86198511883e-05, 8.47967457958e-05, 5.53593963559e-05, 5.6238110119e-05, 4.96188331454e-05, 6.60042933305e-05, 4.97459986946e-05, 3.14554599754e-05, 2.52364807238e-05, 2.17565211642e-05, 1.51278554767e-05, 1.66315076058e-05, 1.42163389683e-05, 1.68468359334e-05, 1.3258004401e-05, 8.48465697345e-06, 5.30816987521e-06, 3.39324810739e-06, 1.95436382455e-06, 1.15360649033e-06, 8.70639951245e-07, 6.21342337581e-07, 4.32338879364e-07, 2.88963008188e-07, 1.46366076592e-07, 1.04380568189e-07, 8.3876237511e-08, 7.33314351464e-08, 6.53157172792e-08, 5.87650603734e-08], "dmean2": [0.0285375807434, 0.00909273047, 0.00102455785964, 0.000358522840543, 0.000302065047435, 0.000265088601736, 0.00019064481603, 0.000172066967934, 9.12484247237e-05, 8.89627772267e-05, 9.22239996726e-05, 0.000132306187879, 8.54609243106e-05, 8.84832625161e-05, 7.75625521783e-05, 0.000103076461528, 7.74678774178e-05, 5.03884075442e-05, 4.02637342631e-05, 3.46737797372e-05, 2.468645107e-05, 2.71632579825e-05, 2.29063880397e-05, 2.60330016317e-05, 2.02748651645e-05, 1.35281852636e-05, 8.33040849102e-06, 5.27721931576e-06, 3.01630052491e-06, 1.80368033398e-06, 1.31394995151e-06, 9.40546840411e-07, 6.65501886488e-07, 4.40499633214e-07, 2.35923693026e-07, 1.74125702301e-07, 1.40945616067e-07, 1.22994705976e-07, 1.09251665492e-07, 9.79352492436e-08], "dvar": [0.000532960286364, 5.55664446438e-05, 1.43608190228e-06, 1.70580307213e-07, 1.37559112545e-07, 1.55052902073e-07, 1.63501468364e-07, 1.77886690267e-07, 4.9235762134e-08, 3.71901727192e-08, 4.34644213954e-08, 1.52779321638e-07, 5.24346752684e-08, 4.94007430518e-08, 2.42254554195e-08, 5.50644472241e-08, 1.85418311816e-08, 5.21166043654e-09, 3.47409101487e-09, 3.16443871107e-09, 1.8944257274e-09, 2.10699058201e-09, 1.17109388853e-09, 2.45074716076e-09, 2.81044765238e-09, 1.22056753593e-09, 3.24825999432e-10, 1.39268221955e-10, 3.98985011696e-11, 1.37421679938e-11, 8.22730772398e-12, 5.96223027546e-12, 3.37760505328e-12, 1.27572800414e-12, 1.24204262869e-13, 3.68060006843e-14, 1.81618026282e-14, 1.38881377034e-14, 1.08267590382e-14, 8.55803549907e-15], "dvar2": [0.00123933062423, 0.000131827328005, 3.9351129999e-06, 4.5122743586e-07, 3.29571946622e-07, 3.71618710915e-07, 3.20295413303e-07, 3.52231978695e-07, 1.01137530351e-07, 8.37842009105e-08, 1.08803028809e-07, 3.81663397775e-07, 1.16176579468e-07, 1.27919818738e-07, 5.62789281844e-08, 1.29749579969e-07, 4.31423892167e-08, 1.19319194525e-08, 7.99796406881e-09, 7.6111303926e-09, 4.92307528077e-09, 5.45229772442e-09, 2.92967117232e-09, 5.33003285952e-09, 5.8690696747e-09, 2.8133648744e-09, 7.35010941e-10, 3.16708215209e-10, 8.50838843824e-11, 3.0888243352e-11, 1.61714149016e-11, 1.05203103173e-11, 6.78342061342e-12, 2.5031012419e-12, 2.61124509602e-13, 8.70489457968e-14, 4.60741132204e-14, 3.52711702076e-14, 2.74863292527e-14, 2.17214382603e-14], "max": [0.26042932272, 0.148031428456, 0.0269086491317, 0.011093556881, 0.012249934487, 0.0122016109526, 0.019481126219, 0.0266284700483, 0.011067355983, 0.00746033946052, 0.00798934791237, 0.015895921737, 0.00761198811233, 0.00794757064432, 0.00430470099673, 0.00882739573717, 0.00351194571704, 0.00213224045001, 0.00203059753403, 0.00157884543296, 0.0010495352326, 0.00187885272317, 0.000997725874186, 0.00178980943747, 0.00255573587492, 0.00141279865056, 0.000566196220461, 0.000528603617568, 0.000158857888891, 9.00507729966e-05, 0.000106377287011, 0.000120629905723, 7.9482102592e-05, 4.12991466874e-05, 1.46199699884e-05, 5.37335972695e-06, 1.86853981177e-06, 1.64195432717e-06, 1.45007527408e-06, 1.28686031076e-06], "mean": [0.0403038449585, 0.0107118301094, 0.000789195124526, 0.000293191231322, 0.000287607952487, 0.000254234735621, 0.000178265952854, 0.000163061049534, 8.79480139702e-05, 8.06408497738e-05, 7.95335727162e-05, 0.000114501868666, 7.46624864405e-05, 7.4572453741e-05, 7.11063330527e-05, 8.99182123248e-05, 6.99235752109e-05, 4.99599045725e-05, 3.94952112401e-05, 3.14810858981e-05, 2.07736211451e-05, 2.49294917012e-05, 2.37639760599e-05, 2.82095807052e-05, 2.0825635147e-05, 1.06895085992e-05, 7.17463444744e-06, 4.50021116194e-06, 2.5613762773e-06, 1.54172232669e-06, 1.21036578093e-06, 8.51908509958e-07, 5.76570414523e-07, 3.75457744894e-07, 1.68350268837e-07, 1.09770837753e-07, 8.59380833163e-08, 7.58974465498e-08, 6.87155079504e-08, 6.29634939742e-08], "median": [0.0221151337028, 0.00674807513133, 0.00044645901653, 0.000140101023135, 9.94676011032e-05, 6.71293673804e-05, 4.22557677666e-05, 2.9920363886e-05, 1.91476356122e-05, 1.57085833052e-05, 1.45934500324e-05, 1.20654995044e-05, 1.11531189759e-05, 1.14190597742e-05, 1.16116561912e-05, 1.35319151013e-05, 7.67301298765e-06, 1.21955536088e-05, 9.63875299931e-06, 7.29369912733e-06, 5.63912817597e-06, 5.50912545805e-06, 5.28639475306e-06, 4.94135474582e-06, 3.0260218864e-06, 1.68816575297e-06, 1.14012073027e-06, 7.81541302786e-07, 4.97698806612e-07, 3.32076098175e-07, 2.45083867867e-07, 1.72363044726e-07, 1.23272457131e-07, 8.74874928058e-08, 5.50846444014e-08, 4.12286915719e-08, 3.41193491238e-08, 3.07722700654e-08, 2.86660100102e-08, 2.71341011882e-08], "min": [4.84437115314e-25, 8.2235455875e-25, 1.25238413465e-24, 1.29409298564e-24, 1.20101025845e-24, 1.08534490873e-24, 1.73830292795e-24, 1.37096945301e-24, 2.19275820127e-24, 1.53955336719e-24, 2.10063186932e-24, 1.92031305753e-24, 1.79750121965e-24, 2.66643190118e-24, 2.50326489762e-24, 1.88271022754e-24, 2.73874796365e-24, 1.92061657176e-24, 2.18593080735e-24, 3.12300980198e-24, 3.65572579634e-24, 3.30465350566e-24, 3.38794972308e-24, 4.25145028057e-24, 4.07275159186e-24, 3.7281570325e-24, 3.82292959837e-24, 3.01588130776e-24, 4.34530382347e-24, 3.69783637475e-24, 5.17549117937e-24, 3.69309808172e-24, 5.04925923503e-24, 5.4820200446e-24, 5.31199764256e-24, 4.86548067653e-24, 6.15037771338e-24, 5.9817989268e-24, 6.13842568181e-24, 5.35033864913e-24], "var": [0.00186880165711, 0.000171455278178, 1.35590914851e-06, 2.27946671316e-07, 2.74001479283e-07, 3.43595019103e-07, 3.89407489365e-07, 3.8503415567e-07, 1.17142676004e-07, 6.6750324379e-08, 6.65184956006e-08, 2.64699167474e-07, 1.01461843371e-07, 7.78308617555e-08, 4.90410307918e-08, 8.34935036664e-08, 3.74309720996e-08, 1.1173096226e-08, 7.05986158422e-09, 5.86483794862e-09, 2.38440089895e-09, 3.02639402427e-09, 2.37654274038e-09, 5.66643620914e-09, 5.93512439195e-09, 1.86189108575e-09, 4.80631479061e-10, 2.01914221454e-10, 6.59543114567e-11, 2.26615306381e-11, 1.68777596066e-11, 1.28164293414e-11, 6.18677852005e-12, 2.59109183762e-12, 2.30300208157e-13, 4.77801527727e-14, 2.01605530501e-14, 1.54548310185e-14, 1.22044140812e-14, 9.80718971473e-15]}, "melbands_crest": {"dmean": 3.76020073891, "dmean2": 6.09599590302, "dvar": 14.2102041245, "dvar2": 37.1282806396, "max": 39.9971122742, "mean": 26.7394924164, "median": 26.9874172211, "min": 1.5934484005, "var": 60.1855697632}, "melbands_flatness_db": {"dmean": 0.0572624541819, "dmean2": 0.0902590230107, "dvar": 0.00240168580785, "dvar2": 0.00601723045111, "max": 0.844610989094, "mean": 0.380609989166, "median": 0.378407001495, "min": 0.0030865885783, "var": 0.0125084463507}, "melbands_kurtosis": {"dmean": 84.2364654541, "dmean2": 135.294769287, "dvar": 122179.398438, "dvar2": 325134.15625, "max": 22421.7929688, "mean": 155.150619507, "median": 68.8574447632, "min": -1.88781869411, "var": 181335.890625}, "melbands_skewness": {"dmean": 2.37993693352, "dmean2": 3.72209453583, "dvar": 8.63435554504, "dvar2": 21.0332832336, "max": 144.600082397, "mean": 7.80343389511, "median": 6.73552083969, "min": -2.94672679901, "var": 41.4230804443}, "melbands_spread": {"dmean": 4.41834020615, "dmean2": 7.01947546005, "dvar": 67.3726043701, "dvar2": 151.41229248, "max": 172.240615845, "mean": 9.87880134583, "median": 3.20168042183, "min": 0.0417785942554, "var": 404.677246094}, "mfcc": {"cov": [[13044.7451172, 1979.63806152, -1511.42675781, 808.948425293, -56.289390564, 18.7341651917, -50.8614959717, -4.71838092804, -51.3044433594, -33.3495063782, 147.530807495, -4.03392648697, 69.080116272], [1979.63806152, 1454.42358398, -41.3397254944, -84.5030288696, 76.4171295166, -22.6971206665, 67.972946167, -11.505815506, 2.00673222542, 36.3306541443, 55.7282676697, 39.3322601318, -10.5076589584], [-1511.42675781, -41.3397254944, 1496.36669922, -206.433776855, 28.0209083557, 1.95405721664, 0.684098720551, 58.9048614502, 41.7512588501, 54.35729599, -84.7115249634, 26.2780895233, -5.39861488342], [808.948425293, -84.5030288696, -206.433776855, 673.72265625, 85.6472473145, 49.8295478821, 1.34633266926, 69.9357452393, 78.8640899658, 4.50741577148, 57.7504653931, -10.3181314468, 56.7395896912], [-56.289390564, 76.4171295166, 28.0209083557, 85.6472473145, 234.824188232, 70.5708236694, 46.8747520447, 25.4687614441, 31.2999973297, 41.3967552185, 29.3988361359, 29.7047996521, 5.24795341492], [18.7341651917, -22.6971206665, 1.95405721664, 49.8295478821, 70.5708236694, 191.512481689, 93.4674835205, 49.4148025513, 20.3123474121, -5.32250356674, 4.32084703445, 13.733124733, 26.9625244141], [-50.8614959717, 67.972946167, 0.684098720551, 1.34633266926, 46.8747520447, 93.4674835205, 178.377975464, 70.2278823853, 9.43173599243, -9.21875095367, -7.64434480667, 23.6763114929, 13.4209165573], [-4.71838092804, -11.505815506, 58.9048614502, 69.9357452393, 25.4687614441, 49.4148025513, 70.2278823853, 113.223571777, 47.6217956543, -3.87025022507, 0.105010077357, 4.48375177383, 16.0783653259], [-51.3044433594, 2.00673222542, 41.7512588501, 78.8640899658, 31.2999973297, 20.3123474121, 9.43173599243, 47.6217956543, 85.3174819946, 43.2426872253, 14.3546905518, 0.803375899792, 5.14692735672], [-33.3495063782, 36.3306541443, 54.35729599, 4.50741577148, 41.3967552185, -5.32250356674, -9.21875095367, -3.87025022507, 43.2426872253, 89.4659194946, 40.1648826599, 4.71574401855, -10.7402296066], [147.530807495, 55.7282676697, -84.7115249634, 57.7504653931, 29.3988361359, 4.32084703445, -7.64434480667, 0.105010077357, 14.3546905518, 40.1648826599, 79.6217422485, 22.7963619232, -4.33980417252], [-4.03392648697, 39.3322601318, 26.2780895233, -10.3181314468, 29.7047996521, 13.733124733, 23.6763114929, 4.48375177383, 0.803375899792, 4.71574401855, 22.7963619232, 52.6278953552, 21.1224555969], [69.080116272, -10.5076589584, -5.39861488342, 56.7395896912, 5.24795341492, 26.9625244141, 13.4209165573, 16.0783653259, 5.14692735672, -10.7402296066, -4.33980417252, 21.1224555969, 56.2043495178]], "icov": [[0.000139731069794, -0.000226513671805, 0.000140430143801, -0.000238938460825, 0.000200725684408, -0.0001896199974, 0.000301201449474, -0.000319253886119, 0.000482516275952, -0.000392001849832, 0.000399248034228, -0.000320214487147, 0.000164315672009], [-0.000226513671805, 0.00113658397458, -0.000244050606852, 0.000575174111873, -0.000615982222371, 0.000733524037059, -0.00110165867954, 0.000928612600546, -0.00112091097981, 0.000932733644731, -0.00147414160892, 0.000718624854926, -0.000513165898155], [0.000140430143801, -0.000244050606852, 0.00108703516889, -0.000173526699655, 0.000281247484963, -0.000450754945632, 0.00109684036579, -0.00160948501434, 0.00108535599429, -0.00216202274896, 0.00280361692421, -0.00221402221359, 0.000985860591754], [-0.000238938460825, 0.000575174111873, -0.000173526699655, 0.00303537584841, -0.00155518983956, 0.000885957793798, -0.00076831667684, 0.00073476874968, -0.00360441766679, 0.00337235210463, -0.00444187829271, 0.0044575734064, -0.0040299706161], [0.000200725684408, -0.000615982222371, 0.000281247484963, -0.00155518983956, 0.00661255093291, -0.0026076589711, 0.000670276058372, -0.00119754578918, 0.00186480407137, -0.00449546147138, 0.00291758915409, -0.00542975775898, 0.00328724295832], [-0.0001896199974, 0.000733524037059, -0.000450754945632, 0.000885957793798, -0.0026076589711, 0.00902644917369, -0.00502593303099, 0.00147157313768, -0.00310061615892, 0.00369251612574, -0.00418519275263, 0.00459895608947, -0.0049370136112], [0.000301201449474, -0.00110165867954, 0.00109684036579, -0.00076831667684, 0.000670276058372, -0.00502593303099, 0.0126374689862, -0.00902880728245, 0.00609789695591, -0.00499604921788, 0.00725350668654, -0.00839657243341, 0.00442100502551], [-0.000319253886119, 0.000928612600546, -0.00160948501434, 0.00073476874968, -0.00119754578918, 0.00147157313768, -0.00902880728245, 0.0216766297817, -0.0151386810467, 0.0110609866679, -0.00808402523398, 0.00744054373354, -0.00489002745599], [0.000482516275952, -0.00112091097981, 0.00108535599429, -0.00360441766679, 0.00186480407137, -0.00310061615892, 0.00609789695591, -0.0151386810467, 0.0306519009173, -0.0194832701236, 0.0102073354647, -0.00679594092071, 0.00394042395055], [-0.000392001849832, 0.000932733644731, -0.00216202274896, 0.00337235210463, -0.00449546147138, 0.00369251612574, -0.00499604921788, 0.0110609866679, -0.0194832701236, 0.0310537852347, -0.0194194093347, 0.0115917231888, -0.00441628415138], [0.000399248034228, -0.00147414160892, 0.00280361692421, -0.00444187829271, 0.00291758915409, -0.00418519275263, 0.00725350668654, -0.00808402523398, 0.0102073354647, -0.0194194093347, 0.0340161956847, -0.0225364845246, 0.0127534884959], [-0.000320214487147, 0.000718624854926, -0.00221402221359, 0.0044575734064, -0.00542975775898, 0.00459895608947, -0.00839657243341, 0.00744054373354, -0.00679594092071, 0.0115917231888, -0.0225364845246, 0.0426596552134, -0.0209423843771], [0.000164315672009, -0.000513165898155, 0.000985860591754, -0.0040299706161, 0.00328724295832, -0.0049370136112, 0.00442100502551, -0.00489002745599, 0.00394042395055, -0.00441628415138, 0.0127534884959, -0.0209423843771, 0.0317124947906]], "mean": [-703.165527344, 154.635314941, -6.61394929886, 43.0377311707, 26.9142036438, 19.212972641, 16.1354675293, 13.0730924606, 9.18522262573, 8.63471412659, 12.2801685333, 6.97069358826, 5.76673984528]}, "pitch_salience": {"dmean": 0.07527166605, "dmean2": 0.121538348496, "dvar": 0.0053143966943, "dvar2": 0.0134535068646, "max": 0.859814703465, "mean": 0.273787379265, "median": 0.238269716501, "min": 0.00111783784814, "var": 0.023343956098}, "silence_rate_20dB": {"dmean": 0.0562334209681, "dmean2": 0.112476788461, "dvar": 0.0530752912164, "dvar2": 0.124945141375, "max": 1, "mean": 0.664043843746, "median": 1, "min": 0, "var": 0.223081573844}, "silence_rate_30dB": {"dmean": 0.0912466868758, "dmean2": 0.182509511709, "dvar": 0.082907512784, "dvar2": 0.181573748589, "max": 1, "mean": 0.32879498601, "median": 0, "min": 0, "var": 0.220706120133}, "silence_rate_60dB": {"dmean": 0.00424403185025, "dmean2": 0.00848881434649, "dvar": 0.00422606104985, "dvar2": 0.0091232182458, "max": 1, "mean": 0.0620634779334, "median": 0, "min": 0, "var": 0.0582080259919}, "spectral_centroid": {"dmean": 257.375030518, "dmean2": 386.322296143, "dvar": 97582.1640625, "dvar2": 195134.5, "max": 11867.2763672, "mean": 1227.98913574, "median": 922.880004883, "min": 60.8925971985, "var": 2096926.75}, "spectral_complexity": {"dmean": 4.26949596405, "dmean2": 6.32009887695, "dvar": 25.3719558716, "dvar2": 49.4263458252, "max": 60, "mean": 15.6503400803, "median": 13, "min": 0, "var": 149.751983643}, "spectral_contrast_coeffs": {"dmean": [0.0560189187527, 0.0483963526785, 0.0415487997234, 0.036266181618, 0.031287509948, 0.034614443779], "dmean2": [0.0934088751674, 0.0785427168012, 0.0668324679136, 0.0579908639193, 0.0493799634278, 0.0551373437047], "dvar": [0.00201192451641, 0.001610805979, 0.00124721042812, 0.000899747945368, 0.00077855103882, 0.00149918987881], "dvar2": [0.00557687692344, 0.00412129843608, 0.00305605074391, 0.00216395943426, 0.0017706444487, 0.00360723095946], "max": [-0.446201860905, -0.417816966772, -0.505223095417, -0.534766316414, -0.614190280437, -0.425092339516], "mean": [-0.738057792187, -0.805515885353, -0.82971316576, -0.818629682064, -0.82125633955, -0.810490250587], "median": [-0.740427315235, -0.816913127899, -0.841816902161, -0.818019390106, -0.814169585705, -0.834414303303], "min": [-0.979509413242, -0.982034265995, -0.976110756397, -0.985840499401, -0.973464369774, -0.964611768723], "var": [0.00646455492824, 0.00738492421806, 0.00631426274776, 0.00590490782633, 0.00527438754216, 0.00539889978245]}, "spectral_contrast_valleys": {"dmean": [0.474957823753, 0.567096412182, 0.523840487003, 0.459503233433, 0.476640164852, 0.66152626276], "dmean2": [0.772360265255, 0.915671765804, 0.837006568909, 0.716994941235, 0.732778787613, 1.08284199238], "dvar": [0.166713356972, 0.247179925442, 0.224966779351, 0.213803201914, 0.23098911345, 0.341150462627], "dvar2": [0.40253585577, 0.621071755886, 0.558554589748, 0.513951957226, 0.540106713772, 0.84898263216], "max": [-4.50290155411, -4.78314781189, -5.213306427, -5.26635551453, -5.02546596527, -8.55951499939], "mean": [-6.78776264191, -7.30370616913, -7.81898498535, -7.9756436348, -8.1282081604, -11.0326814651], "median": [-6.19448423386, -6.76820755005, -7.30363035202, -7.43667984009, -7.64319467545, -10.5892686844], "min": [-28.3274383545, -28.0358638763, -28.0662612915, -27.7888336182, -27.5817508698, -27.4308948517], "var": [8.63501262665, 8.16044616699, 7.70374679565, 7.67337846756, 7.57802915573, 5.62954282761]}, "spectral_decrease": {"dmean": 1.93951095184e-08, "dmean2": 2.95394428917e-08, "dvar": 5.23854990707e-16, "dvar2": 1.24269558944e-15, "max": 7.54801590119e-08, "mean": -2.80127476771e-08, "median": -1.50828096679e-08, "min": -2.26695036076e-07, "var": 1.28877269947e-15}, "spectral_energy": {"dmean": 0.0691145136952, "dmean2": 0.10495429486, "dvar": 0.00593779049814, "dvar2": 0.0139347231016, "max": 1.008020401, "mean": 0.234868615866, "median": 0.174219056964, "min": 9.79369728359e-21, "var": 0.0371270701289}, "spectral_energyband_high": {"dmean": 0.000437350274296, "dmean2": 0.000631580536719, "dvar": 1.30093144435e-06, "dvar2": 2.39096425503e-06, "max": 0.0383512340486, "mean": 0.000899726932403, "median": 0.000201183807803, "min": 7.01622431165e-21, "var": 3.77152650799e-06}, "spectral_energyband_low": {"dmean": 0.0632909983397, "dmean2": 0.0963662937284, "dvar": 0.00560743547976, "dvar2": 0.0130125842988, "max": 0.887200713158, "mean": 0.150976151228, "median": 0.0933082103729, "min": 1.25855910115e-23, "var": 0.0224891416728}, "spectral_energyband_middle_high": {"dmean": 0.00258990703151, "dmean2": 0.00375465978868, "dvar": 2.46617692028e-05, "dvar2": 5.08143239131e-05, "max": 0.105415269732, "mean": 0.00577640999109, "median": 0.00198072497733, "min": 1.06826115e-21, "var": 8.59386491356e-05}, "spectral_energyband_middle_low": {"dmean": 0.00324442167766, "dmean2": 0.00518216239288, "dvar": 3.07014161081e-05, "dvar2": 7.36452857382e-05, "max": 0.137206718326, "mean": 0.00608545634896, "median": 0.0031764281448, "min": 1.58587105914e-22, "var": 6.90055239829e-05}, "spectral_entropy": {"dmean": 0.266802430153, "dmean2": 0.425601243973, "dvar": 0.0898858904839, "dvar2": 0.23083615303, "max": 9.82438373566, "mean": 7.42813062668, "median": 7.49582147598, "min": 4.39560604095, "var": 0.298482596874}, "spectral_flux": {"dmean": 0.0601153746247, "dmean2": 0.098321378231, "dvar": 0.00364941568114, "dvar2": 0.00920931249857, "max": 0.731081843376, "mean": 0.189879521728, "median": 0.181647390127, "min": 6.36437222368e-11, "var": 0.0103912129998}, "spectral_kurtosis": {"dmean": 5.27418231964, "dmean2": 8.5180721283, "dvar": 33.8952102661, "dvar2": 85.5330963135, "max": 93.517791748, "mean": 16.7811374664, "median": 15.683423996, "min": -1.2665746212, "var": 78.3499603271}, "spectral_rms": {"dmean": 0.00223150965758, "dmean2": 0.00338326604106, "dvar": 4.59104921902e-06, "dvar2": 1.07052555904e-05, "max": 0.0313597582281, "mean": 0.0134974056855, "median": 0.0130372475833, "min": 3.09108836617e-12, "var": 4.69598271593e-05}, "spectral_rolloff": {"dmean": 4071.49609375, "dmean2": 8049.40185547, "dvar": 67040792, "dvar2": 161592656, "max": 22050, "mean": 17348.0390625, "median": 21985.4003906, "min": 21.533203125, "var": 74998496}, "spectral_skewness": {"dmean": 0.411016732454, "dmean2": 0.660319685936, "dvar": 0.187119051814, "dvar2": 0.477173745632, "max": 7.82895898819, "mean": 2.76709055901, "median": 2.72362160683, "min": -0.10170891881, "var": 0.537229180336}, "spectral_spread": {"dmean": 733082.625, "dmean2": 1173566.75, "dvar": 699756249088, "dvar2": 1682104647680.0, "max": 42785120, "mean": 4843131, "median": 4096787.75, "min": 1205183, "var": 22015765381100.0}, "spectral_strongpeak": {"dmean": 29.7119445801, "dmean2": 55.5503082275, "dvar": 4429.0703125, "dvar2": 11327.3164062, "max"