{"lowlevel": {"average_loudness": 0.410983741283, "barkbands": {"dmean": [0.00021582802583, 0.00451253727078, 0.00238809268922, 0.000854435493238, 0.00113460386638, 0.000713072658982, 0.000664728577249, 0.000787532655522, 0.00106086698361, 0.000935569347348, 0.000745285477024, 0.000756861583795, 0.000435780792031, 0.000269454147201, 0.000177301481017, 0.000250957382377, 0.000151903252117, 0.000110354514618, 0.000130138447275, 0.000111043402285, 7.43963173591e-05, 7.16285867384e-05, 4.86249664391e-05, 4.15262729803e-05, 2.19801331696e-05, 1.28443634821e-05, 4.10845404986e-06], "dmean2": [0.000374483439373, 0.00795634184033, 0.00438760174438, 0.00149102834985, 0.00194524915423, 0.00117098120973, 0.00107802858111, 0.00125471269712, 0.00169221381657, 0.0015235345345, 0.00122744997498, 0.00125338160433, 0.00071251677582, 0.000443759345217, 0.000286108930595, 0.000407589861425, 0.000245398463449, 0.000179892609594, 0.000211921491427, 0.000184218588402, 0.000122057812405, 0.000115394890599, 7.67278834246e-05, 6.30447248113e-05, 3.22204214172e-05, 1.92128518393e-05, 6.47146362098e-06], "dvar": [4.12248738257e-07, 0.000239053508267, 8.48036070238e-05, 7.23498760635e-06, 8.32745809021e-06, 3.11890607918e-06, 2.21033860726e-06, 5.90119225308e-06, 9.17651505006e-06, 6.1207242652e-06, 2.87006741928e-06, 3.81369636671e-06, 1.5314014945e-06, 5.64967649552e-07, 2.25341864279e-07, 6.16487852767e-07, 1.55808606905e-07, 7.11435035328e-08, 8.23970225383e-08, 6.41011297375e-08, 2.97030702257e-08, 4.08261620066e-08, 1.22511361056e-08, 9.60867918565e-09, 2.84856449539e-09, 1.51800871873e-09, 2.90806767556e-10], "dvar2": [1.12807367714e-06, 0.000662596488837, 0.000246201554546, 2.05977030419e-05, 2.27924265346e-05, 7.91370894149e-06, 5.44425029148e-06, 1.53599630721e-05, 2.1936459234e-05, 1.62330306921e-05, 7.72661132942e-06, 1.00939168988e-05, 4.03263084081e-06, 1.49894003698e-06, 5.48741525108e-07, 1.56923510986e-06, 3.7099647443e-07, 1.86641997857e-07, 2.12348311379e-07, 1.71334050947e-07, 7.8180157459e-08, 1.10464156933e-07, 3.0791458272e-08, 1.9820335595e-08, 5.56125545614e-09, 3.27377902565e-09, 6.79257539105e-10], "max": [0.00765572115779, 0.161302238703, 0.14057482779, 0.0602989196777, 0.0811215639114, 0.0681465789676, 0.0357939973474, 0.0927378982306, 0.105760626495, 0.0647508502007, 0.0375173427165, 0.0356165841222, 0.0403603501618, 0.0254700183868, 0.0159177109599, 0.0154419708997, 0.0138714620844, 0.00704001355916, 0.00665264902636, 0.00654261372983, 0.00362651795149, 0.00513046095148, 0.00270673609339, 0.00471412949264, 0.0021102076862, 0.000958841003012, 0.000416888738982], "mean": [0.00021570098761, 0.0040041138418, 0.00207296875305, 0.00111585180275, 0.00173571030609, 0.00117014336865, 0.001105262083, 0.00124332122505, 0.0017845222028, 0.0014633248793, 0.0012113560224, 0.00124544184655, 0.00073255575262, 0.000458814902231, 0.000304731947836, 0.000479966925923, 0.000290090101771, 0.000207835939364, 0.000265591661446, 0.000222116927034, 0.000168063488672, 0.000163884833455, 0.000115775692393, 0.000102166472061, 4.8156525736e-05, 2.36404466705e-05, 4.41895826953e-06], "median": [3.27178713633e-06, 0.000261532317381, 0.000210434562177, 0.000152399181388, 0.00080390664516, 0.000423753081122, 0.000330367009155, 0.000203486328246, 0.000345895881765, 0.00030124100158, 0.000279970408883, 0.00027540163137, 0.000167055943166, 0.000120941447676, 8.88444337761e-05, 6.98036164977e-05, 8.31676661619e-05, 6.39229110675e-05, 8.20839923108e-05, 6.87185674906e-05, 5.21499969182e-05, 5.24895513081e-05, 4.24840436608e-05, 3.68112087017e-05, 1.49771949509e-05, 4.79480968352e-06, 2.00162077135e-07], "min": [6.92111515668e-13, 1.62926096225e-11, 1.93049812247e-10, 2.93554458519e-10, 3.40610761818e-10, 2.53012277796e-09, 3.71616792894e-10, 3.08174291641e-10, 2.34978869695e-10, 6.98026228832e-12, 1.77641748533e-10, 1.30004018661e-09, 1.09951847627e-09, 1.56967372433e-09, 2.56070764593e-09, 1.68347791263e-09, 1.464984134e-09, 2.63365640407e-09, 3.17971560193e-09, 2.77941492044e-09, 1.88508986199e-09, 1.59763402507e-09, 2.03465821969e-09, 7.75758957072e-10, 2.09175166077e-09, 4.5237971702e-10, 1.47292525399e-11], "var": [4.35668937371e-07, 0.000179140042746, 5.32524136361e-05, 8.16018655314e-06, 9.57471092988e-06, 5.46945739188e-06, 4.53837446912e-06, 1.07384057628e-05, 2.08518176805e-05, 1.2291470739e-05, 5.56898521609e-06, 8.30526005302e-06, 3.45691728398e-06, 1.07454400222e-06, 5.43900398497e-07, 1.72919669694e-06, 4.68304847345e-07, 1.79009035151e-07, 2.19803808932e-07, 1.51679813598e-07, 7.37678576002e-08, 7.96362442657e-08, 3.3389003562e-08, 3.04859604228e-08, 9.33990396135e-09, 3.67990193872e-09, 3.5533428977e-10]}, "barkbands_crest": {"dmean": 2.73125481606, "dmean2": 4.56788539886, "dvar": 6.37876176834, "dvar2": 16.9358539581, "max": 25.3539028168, "mean": 9.56709098816, "median": 8.76535606384, "min": 2.42330217361, "var": 16.1931610107}, "barkbands_flatness_db": {"dmean": 0.0217995606363, "dmean2": 0.0347003415227, "dvar": 0.000475929962704, "dvar2": 0.00120494852308, "max": 0.359397232533, "mean": 0.131227985024, "median": 0.122953936458, "min": 0.0261656604707, "var": 0.00248408690095}, "barkbands_kurtosis": {"dmean": 3.77058124542, "dmean2": 6.30020046234, "dvar": 99.0904159546, "dvar2": 262.199981689, "max": 218.774185181, "mean": 5.50846290588, "median": 1.9039170742, "min": -1.89455080032, "var": 142.04145813}, "barkbands_skewness": {"dmean": 0.574556112289, "dmean2": 0.929585814476, "dvar": 0.601691782475, "dvar2": 1.51658558846, "max": 11.8676605225, "mean": 1.52162015438, "median": 1.22256326675, "min": -1.46953177452, "var": 1.82447385788}, "barkbands_spread": {"dmean": 4.59319877625, "dmean2": 7.28731012344, "dvar": 30.5166072845, "dvar2": 69.2324981689, "max": 99.9141921997, "mean": 18.445230484, "median": 16.4841747284, "min": 0.788728892803, "var": 116.932350159}, "dissonance": {"dmean": 0.0227703843266, "dmean2": 0.0387061908841, "dvar": 0.000441856478574, "dvar2": 0.00122770399321, "max": 0.500000059605, "mean": 0.457388490438, "median": 0.465458333492, "min": 0.214981779456, "var": 0.00106722442433}, "dynamic_complexity": 5.01404237747, "erbbands": {"dmean": [0.128506302834, 1.07054650784, 2.85563373566, 2.67909359932, 2.90732216835, 4.02244186401, 5.34436416626, 6.36916685104, 8.65392494202, 11.488653183, 19.6264915466, 19.8897457123, 27.4487991333, 30.2346858978, 24.878900528, 26.8991889954, 19.3376464844, 14.5351762772, 8.32397651672, 9.76331233978, 13.0730314255, 8.97505283356, 6.29989385605, 6.34627580643, 5.85762786865, 4.63883304596, 3.41281366348, 2.77456712723, 2.75380706787, 1.87797737122, 1.31096899509, 1.05961847305, 0.573068499565, 0.277280658484, 0.155437842011, 0.061943564564, 0.0232505500317, 0.00660271150991, 0.000682174228132, 2.68400599452e-05], "dmean2": [0.222959637642, 1.94348311424, 5.26994132996, 4.78948307037, 5.00621366501, 6.84065580368, 9.16908359528, 10.329580307, 14.0684919357, 18.3436355591, 31.2981872559, 31.9321727753, 44.380027771, 49.0104904175, 40.6039085388, 44.5101699829, 31.6298027039, 23.9140453339, 13.2575912476, 15.5553979874, 21.3284492493, 14.4280452728, 10.2216978073, 10.3601179123, 9.46682929993, 7.79904985428, 5.62743616104, 4.54070329666, 4.45517587662, 3.02309155464, 2.07041549683, 1.63228833675, 0.869126677513, 0.417362987995, 0.23353998363, 0.0929878801107, 0.034895259887, 0.0100749647245, 0.00107811577618, 4.28336534242e-05], "dvar": [0.171108439565, 14.8274755478, 120.806503296, 83.6401901245, 73.3823242188, 102.076850891, 297.373474121, 260.618621826, 427.281524658, 805.335998535, 4096.96289062, 3761.07470703, 5960.27636719, 5146.76367188, 3395.72412109, 5284.72607422, 2733.42993164, 1834.82824707, 328.877868652, 569.950866699, 2065.44067383, 598.164978027, 270.111755371, 263.268066406, 166.516983032, 127.710975647, 63.6109619141, 48.6849975586, 56.5472183228, 22.6328601837, 9.39481449127, 5.75851869583, 2.15997123718, 0.517271280289, 0.145050525665, 0.0315379686654, 0.0054328488186, 0.000593835080508, 9.39085748541e-06, 6.14803274956e-09], "dvar2": [0.456077307463, 42.3909721375, 350.923797607, 242.479141235, 187.322265625, 282.39654541, 839.025939941, 635.180419922, 1064.56433105, 2031.02502441, 10278.9248047, 8960.82714844, 14989.0791016, 13521.7675781, 9010.57519531, 13923.0830078, 7097.78271484, 5150.31298828, 754.518920898, 1320.05041504, 5378.93212891, 1400.01403809, 713.062683105, 689.205627441, 414.14465332, 348.574554443, 168.635910034, 130.795288086, 152.039581299, 59.971282959, 23.3225574493, 12.6051359177, 4.44284152985, 1.04418587685, 0.299494296312, 0.0695534721017, 0.0118339667097, 0.00134204770438, 2.23569059017e-05, 1.46748497798e-08], "max": [4.07558679581, 39.3337898254, 150.750473022, 168.938705444, 203.904098511, 301.88369751, 446.58190918, 708.408630371, 635.327941895, 755.220947266, 2889.10693359, 3285.24243164, 2250.21044922, 1882.76733398, 1113.56774902, 1610.87182617, 1828.91491699, 1578.33007812, 733.206237793, 878.191589355, 1039.60339355, 948.65222168, 497.628112793, 466.064361572, 400.916503906, 272.107940674, 187.005661011, 181.362930298, 172.612915039, 125.671859741, 85.2943878174, 119.111251831, 68.0637817383, 37.5781402588, 12.3870210648, 4.55101490021, 1.9908810854, 0.66525810957, 0.0735432431102, 0.00148214423098], "mean": [0.110619813204, 0.911589682102, 2.42572593689, 3.17923092842, 4.33654642105, 6.07509994507, 7.5432715416, 10.72149086, 14.5149898529, 19.0058193207, 33.8355331421, 34.3718986511, 46.7800598145, 51.7319297791, 44.8847923279, 46.6863021851, 35.5758171082, 26.809425354, 16.3853092194, 19.3714733124, 26.2247695923, 17.9630641937, 12.7266159058, 12.964184761, 12.6948595047, 9.59757995605, 7.65792560577, 6.10589361191, 6.07327985764, 4.5054769516, 3.1592361927, 2.69601607323, 1.30444335938, 0.595618247986, 0.3228507936, 0.123262822628, 0.039521869272, 0.00916286464781, 0.000718158844393, 4.41045449406e-05], "median": [0.0044764932245, 0.0709264576435, 0.24961706996, 0.455308049917, 1.36437821388, 2.65744113922, 2.97709774971, 3.7472679615, 4.75541353226, 5.76480770111, 5.49389457703, 8.16703796387, 10.2371454239, 13.957570076, 12.8649196625, 11.9316234589, 9.85588550568, 7.80975341797, 6.2223405838, 5.88571929932, 4.91075706482, 5.57332038879, 4.42453861237, 3.8493180275, 4.65928077698, 3.24771571159, 2.27723860741, 2.08510923386, 1.92948067188, 1.47334170341, 1.17160964012, 0.927057743073, 0.454007804394, 0.199062481523, 0.0893367230892, 0.0267258863896, 0.00768954167143, 0.00116296508349, 4.74379776279e-05, 2.11592305277e-05], "min": [3.56360024822e-10, 6.96916746534e-09, 1.50546853206e-07, 7.25362042431e-07, 6.86115583903e-07, 9.39584424486e-07, 1.13016913019e-05, 2.18309578486e-05, 6.33142690276e-06, 6.00858857069e-06, 7.96367112343e-06, 7.40493760532e-06, 1.17461070204e-06, 8.73190742823e-07, 1.6955915271e-05, 6.68338834657e-05, 5.26014155184e-05, 4.4716274715e-05, 0.000112284207717, 0.000121008015412, 7.25652935216e-05, 9.62066405918e-05, 0.000163305172464, 0.000104349441244, 0.000183924261364, 0.000146057398524, 0.000110701628728, 4.06422295782e-05, 5.58440806344e-05, 5.5962085753e-05, 5.19821660419e-05, 2.65545077127e-05, 1.75074801518e-05, 3.79421799153e-05, 8.4412013166e-06, 1.72678974195e-05, 1.32441764435e-05, 1.37619133511e-06, 1.76248676098e-07, 3.2090554658e-09], "var": [0.139398261905, 10.0563850403, 75.337097168, 67.7432174683, 116.319602966, 115.494979858, 261.635284424, 512.831665039, 833.381347656, 1373.4276123, 9064.08105469, 8514.44921875, 13253.1484375, 9671.29296875, 8043.71972656, 11582.4003906, 6855.92529297, 4018.97485352, 839.438842773, 1704.73327637, 5298.29296875, 1831.62915039, 689.837524414, 663.712158203, 468.168182373, 275.982330322, 161.384185791, 98.0794754028, 114.57144165, 52.7199707031, 25.1538963318, 20.1660289764, 5.75857543945, 1.39827442169, 0.487870424986, 0.0909299626946, 0.0112683633342, 0.000937159638852, 1.05097906271e-05, 7.31753013739e-09]}, "erbbands_crest": {"dmean": 2.81749343872, "dmean2": 4.62143802643, "dvar": 6.52713012695, "dvar2": 16.5679473877, "max": 28.6124725342, "mean": 9.91201877594, "median": 8.82223510742, "min": 2.445499897, "var": 19.5564098358}, "erbbands_flatness_db": {"dmean": 0.0175528619438, "dmean2": 0.0264422148466, "dvar": 0.000259150052443, "dvar2": 0.000537439715117, "max": 0.404479414225, "mean": 0.163993909955, "median": 0.157913088799, "min": 0.0446501746774, "var": 0.00229926500469}, "erbbands_kurtosis": {"dmean": 1.1508975029, "dmean2": 1.85890746117, "dvar": 2.13027024269, "dvar2": 5.27536249161, "max": 31.6629867554, "mean": 1.33949112892, "median": 0.728152394295, "min": -1.83646535873, "var": 5.51777172089}, "erbbands_skewness": {"dmean": 0.34864589572, "dmean2": 0.549847304821, "dvar": 0.1046692729, "dvar2": 0.252608627081, "max": 4.49407529831, "mean": 0.774199128151, "median": 0.731768965721, "min": -3.58758473396, "var": 0.537764966488}, "erbbands_spread": {"dmean": 7.50857210159, "dmean2": 12.0087747574, "dvar": 78.6417236328, "dvar2": 191.612884521, "max": 140.21572876, "mean": 32.0496559143, "median": 28.5831718445, "min": 4.91113424301, "var": 263.333099365}, "gfcc": {"cov": [[8174.66015625, -826.110107422, -802.822875977, 191.390197754, -222.862854004, 262.409393311, 355.493499756, 212.301651001, 119.277709961, 223.35295105, 95.5475921631, 139.830444336, -157.045410156], [-826.110107422, 1291.02392578, 640.771240234, 94.7882614136, 129.813964844, -42.0235671997, -29.1842479706, -65.6256408691, -25.3100948334, -61.9900512695, 3.24928474426, -77.9691696167, -7.5640039444], [-802.822875977, 640.771240234, 1668.13623047, 138.998458862, 98.5721359253, -38.3580780029, -175.96434021, -25.1443538666, -84.0081481934, 24.5327243805, -48.6462059021, 2.92043781281, -91.5122451782], [191.390197754, 94.7882614136, 138.998458862, 429.797607422, 151.936645508, 101.065139771, 49.0311088562, 29.5684299469, 35.8951148987, -5.95013284683, 15.9244060516, -18.6093044281, 34.1889610291], [-222.862854004, 129.813964844, 98.5721359253, 151.936645508, 285.79309082, 75.831817627, 74.7640380859, 19.510307312, 13.4249391556, 0.0952122583985, 0.0282702278346, -11.55082798, 26.4013195038], [262.409393311, -42.0235671997, -38.3580780029, 101.065139771, 75.831817627, 192.340774536, 112.200286865, 48.4753761292, 26.3732414246, 12.6574335098, 22.0066165924, 4.23631191254, 1.89253246784], [355.493499756, -29.1842479706, -175.96434021, 49.0311088562, 74.7640380859, 112.200286865, 248.648880005, 64.2877197266, 31.4935455322, 12.1213998795, 29.1402053833, 10.2297325134, 6.44910097122], [212.301651001, -65.6256408691, -25.1443538666, 29.5684299469, 19.510307312, 48.4753761292, 64.2877197266, 123.448883057, 50.7461090088, 22.7199306488, 15.3151607513, 5.86807632446, -2.68570303917], [119.277709961, -25.3100948334, -84.0081481934, 35.8951148987, 13.4249391556, 26.3732414246, 31.4935455322, 50.7461090088, 133.41065979, 40.5070953369, 18.956829071, -5.66274547577, 8.15732383728], [223.35295105, -61.9900512695, 24.5327243805, -5.95013284683, 0.0952122583985, 12.6574335098, 12.1213998795, 22.7199306488, 40.5070953369, 104.936233521, 32.2632637024, 23.2037067413, -13.3857784271], [95.5475921631, 3.24928474426, -48.6462059021, 15.9244060516, 0.0282702278346, 22.0066165924, 29.1402053833, 15.3151607513, 18.956829071, 32.2632637024, 97.0882568359, 27.8168258667, 4.39632844925], [139.830444336, -77.9691696167, 2.92043781281, -18.6093044281, -11.55082798, 4.23631191254, 10.2297325134, 5.86807632446, -5.66274547577, 23.2037067413, 27.8168258667, 85.780921936, 26.0537471771], [-157.045410156, -7.5640039444, -91.5122451782, 34.1889610291, 26.4013195038, 1.89253246784, 6.44910097122, -2.68570303917, 8.15732383728, -13.3857784271, 4.39632844925, 26.0537471771, 94.6519927979]], "icov": [[0.000177778012585, 7.98934706836e-06, 0.000108891210402, -0.000220477784751, 0.000217859240365, -8.21990033728e-05, -0.000140003889101, -0.000119318683574, 5.94752164034e-05, -0.000285821297439, 0.000169989027199, -0.00039647120866, 0.000483241921756], [7.98934706836e-06, 0.0012452827068, -0.000589042378124, 0.000120770760986, -0.000324569700751, 0.00040404277388, -0.000490047736093, 0.000703930098098, -0.000387497071642, 0.000799288682174, -0.00097219645977, 0.00135065952782, -0.000544731155969], [0.000108891210402, -0.000589042378124, 0.00118007604033, -0.000570457894355, -0.000129558116896, -0.000167814316228, 0.000856578466482, -0.0006431969814, 0.000746503297705, -0.000886706169695, 0.000974126392975, -0.00146000238601, 0.00161036069039], [-0.000220477784751, 0.000120770760986, -0.000570457894355, 0.00370518956333, -0.00146804656833, -0.00122069835197, 0.00031302915886, 0.000152514141519, -0.0008127745823, 0.000958798802458, -0.00109694059938, 0.00177604728378, -0.00206142920069], [0.000217859240365, -0.000324569700751, -0.000129558116896, -0.00146804656833, 0.0053480300121, -0.000985538586974, -0.00138097605668, -4.12797198805e-05, 0.000297576218145, -0.000974999216851, 0.000848625262734, 0.000257409643382, -0.000912363058887], [-8.21990033728e-05, 0.00040404277388, -0.000167814316228, -0.00122069835197, -0.000985538586974, 0.00839898176491, -0.00288897217251, -0.000902457977645, -0.000143548648339, 0.000242139853071, -0.00082634127466, 0.000142462784424, 0.000498559384141], [-0.000140003889101, -0.000490047736093, 0.000856578466482, 0.00031302915886, -0.00138097605668, -0.00288897217251, 0.0070438766852, -0.00229101837613, 0.000341617473168, 0.000153644767124, -0.000432769593317, -0.000972539593931, 0.000621749728452], [-0.000119318683574, 0.000703930098098, -0.0006431969814, 0.000152514141519, -4.12797198805e-05, -0.000902457977645, -0.00229101837613, 0.0116889197379, -0.00393519084901, 0.000334316573571, -0.000618042889982, 0.00023741745099, 4.84336342197e-05], [5.94752164034e-05, -0.000387497071642, 0.000746503297705, -0.0008127745823, 0.000297576218145, -0.000143548648339, 0.000341617473168, -0.00393519084901, 0.011048104614, -0.00457881297916, -0.000146652309923, 0.00203006598167, -0.00128370523453], [-0.000285821297439, 0.000799288682174, -0.000886706169695, 0.000958798802458, -0.000974999216851, 0.000242139853071, 0.000153644767124, 0.000334316573571, -0.00457881297916, 0.0144511088729, -0.00383618008345, -0.0022986214608, 0.00190135592129], [0.000169989027199, -0.00097219645977, 0.000974126392975, -0.00109694059938, 0.000848625262734, -0.00082634127466, -0.000432769593317, -0.000618042889982, -0.000146652309923, -0.00383618008345, 0.0139580359682, -0.00515995314345, 0.00157628208399], [-0.00039647120866, 0.00135065952782, -0.00146000238601, 0.00177604728378, 0.000257409643382, 0.000142462784424, -0.000972539593931, 0.00023741745099, 0.00203006598167, -0.0022986214608, -0.00515995314345, 0.0189798939973, -0.00808935984969], [0.000483241921756, -0.000544731155969, 0.00161036069039, -0.00206142920069, -0.000912363058887, 0.000498559384141, 0.000621749728452, 4.84336342197e-05, -0.00128370523453, 0.00190135592129, 0.00157628208399, -0.00808935984969, 0.0163613241166]], "mean": [-29.1501045227, 80.1691818237, -123.438568115, 20.1871585846, -68.6951751709, 17.7921619415, -36.5917434692, 7.44787359238, -27.0581130981, -1.09389817715, -15.7243356705, 1.89977169037, -11.1115188599]}, "hfc": {"dmean": 5.07684326172, "dmean2": 7.76740217209, "dvar": 81.2300109863, "dvar2": 190.226043701, "max": 223.470001221, "mean": 18.5666351318, "median": 12.0632209778, "min": 0.000223834722419, "var": 425.062133789}, "melbands": {"dmean": [0.00116568338126, 0.00149058864918, 0.000472277170047, 0.000229371755267, 0.000190032937098, 0.000142034332384, 0.000131665598019, 0.000131827342557, 0.000173192689545, 0.000131361477543, 0.000143899698742, 0.000128769432195, 8.85700865183e-05, 7.90851481725e-05, 7.08224833943e-05, 4.05389728257e-05, 2.68364437943e-05, 1.47958662637e-05, 1.58920811373e-05, 1.6012467313e-05, 1.49918732859e-05, 1.06255010905e-05, 6.1185191953e-06, 5.56263057661e-06, 5.69884787183e-06, 4.82282166558e-06, 4.65055063614e-06, 3.21256743518e-06, 2.5178208034e-06, 1.90662206023e-06, 1.73391185854e-06, 1.76070659563e-06, 1.43839190514e-06, 1.03021648101e-06, 8.22669051104e-07, 7.91289835433e-07, 7.14845612038e-07, 4.83652229377e-07, 3.1137994938e-07, 2.33750441225e-07], "dmean2": [0.00202606199309, 0.00274256709963, 0.000835483835544, 0.000391123758163, 0.000325906730723, 0.000231876343605, 0.000213159393752, 0.000209544159588, 0.00027552631218, 0.000210829704884, 0.00023298515589, 0.00020919329836, 0.000146213817061, 0.000129202962853, 0.000118367519462, 6.53482056805e-05, 4.44278557552e-05, 2.37352724071e-05, 2.55294144154e-05, 2.5533428925e-05, 2.44824914262e-05, 1.71313222381e-05, 9.86076065601e-06, 9.09157279239e-06, 9.32600141823e-06, 7.87172757555e-06, 7.56835879656e-06, 5.45826969756e-06, 4.14872147303e-06, 3.14886392516e-06, 2.87556554213e-06, 2.90350158139e-06, 2.31708918363e-06, 1.67325526945e-06, 1.31716853957e-06, 1.25395831674e-06, 1.10740688797e-06, 7.5012326306e-07, 4.84497547859e-07, 3.59322712029e-07], "dvar": [1.49035713548e-05, 3.18824386341e-05, 2.29249371841e-06, 2.714971572e-07, 3.91176399717e-07, 1.23307827948e-07, 9.18526907867e-08, 1.13116058742e-07, 3.20734898196e-07, 1.63802070574e-07, 1.58946065199e-07, 9.66521227497e-08, 4.40280452096e-08, 4.71447414441e-08, 4.54741986289e-08, 1.66795803835e-08, 6.61921850664e-09, 1.25134713702e-09, 2.18239137872e-09, 2.16649653773e-09, 2.8697559884e-09, 9.46104417032e-10, 1.98258881534e-10, 1.98880079072e-10, 2.41672792889e-10, 1.0879008111e-10, 1.24098842313e-10, 7.13360065463e-11, 3.44790931917e-11, 2.08709508009e-11, 2.09774368015e-11, 2.4310943883e-11, 1.21521204557e-11, 6.2047129587e-12, 3.68185516797e-12, 3.18714130608e-12, 2.70042798886e-12, 1.54017890022e-12, 7.75426164251e-13, 3.33201619507e-13], "dvar2": [4.03630328947e-05, 9.23096449696e-05, 6.54182349535e-06, 7.27713143078e-07, 1.09865379727e-06, 3.02907920968e-07, 2.25368339102e-07, 2.88872399778e-07, 7.88679187735e-07, 3.93304247837e-07, 4.03226067647e-07, 2.54631942198e-07, 1.20433455209e-07, 1.24240685295e-07, 1.22591302443e-07, 4.44294485646e-08, 1.84535675629e-08, 2.96126478894e-09, 5.35215383124e-09, 5.15173548266e-09, 7.43160333272e-09, 2.20729323708e-09, 5.20412712923e-10, 5.198580455e-10, 6.35924368719e-10, 2.7821700499e-10, 3.17704085262e-10, 1.94202487425e-10, 8.98802282601e-11, 5.55584814266e-11, 5.72361290307e-11, 6.66632027357e-11, 3.18719634018e-11, 1.65054029472e-11, 9.28387054733e-12, 7.89321646238e-12, 5.97478013245e-12, 3.45938924208e-12, 1.5483570372e-12, 7.28727408278e-13], "max": [0.0412970334291, 0.0709936693311, 0.0307898297906, 0.0106135690585, 0.0180992931128, 0.0151243694127, 0.00865760538727, 0.00918441358954, 0.0253612548113, 0.0212472528219, 0.0110790831968, 0.00827758386731, 0.00446584867314, 0.00451007811353, 0.00469843763858, 0.00533396285027, 0.00308180972934, 0.00149974634405, 0.00154414272401, 0.00116242701188, 0.00119754450861, 0.00127569225151, 0.000321959058056, 0.000372495880583, 0.000482198403915, 0.000257378822425, 0.000408518331824, 0.000247375952313, 0.000120061144116, 0.000118290481623, 0.000113603069622, 0.000106079758552, 9.28817680688e-05, 6.03713160672e-05, 5.45173024875e-05, 4.8850888561e-05, 7.89271507529e-05, 4.14391251979e-05, 5.47237905266e-05, 2.38456250372e-05], "mean": [0.001052118605, 0.00128175923601, 0.000599656254053, 0.000364506384358, 0.000277709681541, 0.000240002773353, 0.000224792893277, 0.000212858751183, 0.000296083366266, 0.000221770736971, 0.000237019354245, 0.000211873280932, 0.000151366504724, 0.00013311872317, 0.000112748755782, 6.97565119481e-05, 4.6244054829e-05, 2.57043338934e-05, 2.63991714746e-05, 3.07797890855e-05, 2.82310538751e-05, 1.95257307496e-05, 1.15006187116e-05, 1.02372341644e-05, 1.06126562969e-05, 9.53788457991e-06, 8.72774671734e-06, 5.92627611695e-06, 5.17112039233e-06, 3.87367435906e-06, 3.35743447977e-06, 3.43355804944e-06, 3.17038825415e-06, 2.24882705879e-06, 1.77791639544e-06, 1.7645720618e-06, 1.65576670952e-06, 9.90082071439e-07, 6.26679877769e-07, 4.5494459755e-07], "median": [5.98149490543e-05, 0.000129871026729, 0.000110842222057, 0.00016158237122, 0.000116651499411, 8.51380245876e-05, 7.40939285606e-05, 5.78640901949e-05, 4.15814065491e-05, 4.81347087771e-05, 4.46862723038e-05, 4.92940234835e-05, 3.97042022087e-05, 2.83565204882e-05, 2.25034600589e-05, 1.48714598254e-05, 1.17482040878e-05, 7.99971439847e-06, 6.76332365401e-06, 5.30808119947e-06, 4.82750601805e-06, 5.09519304615e-06, 3.660611128e-06, 3.00573879031e-06, 2.75587012766e-06, 3.10963832817e-06, 2.76686932921e-06, 1.62784863278e-06, 1.33351045406e-06, 1.12965085464e-06, 1.0957971881e-06, 1.01770342553e-06, 8.6936313437e-07, 7.0590812129e-07, 6.36645154373e-07, 5.29345072664e-07, 5.0280425512e-07, 3.16831346936e-07, 1.84295714689e-07, 1.4070940324e-07], "min": [3.40436164502e-12, 5.4999331478e-11, 1.27014510021e-10, 3.65463596885e-11, 3.21926929558e-10, 4.77329009652e-10, 9.8026309292e-11, 6.55104720471e-11, 5.84311557472e-11, 4.32103519632e-11, 3.63344727569e-12, 1.04444621354e-12, 2.86886816386e-11, 1.62890090305e-10, 1.65299857136e-10, 6.83117035161e-11, 9.58085347169e-11, 1.67976493826e-10, 2.43171649483e-10, 1.490771534e-10, 5.64144390924e-11, 5.73561857731e-11, 2.22173293651e-10, 7.75190814317e-11, 8.02899413621e-11, 1.26601396033e-10, 1.25040561239e-10, 9.18116416226e-11, 6.87830348234e-11, 4.71990242029e-12, 1.83592221287e-11, 2.64133454692e-11, 3.68312637333e-11, 2.93745618107e-11, 2.49030102095e-11, 4.03029797036e-11, 7.0389505856e-12, 1.06770096236e-11, 1.14077228566e-11, 7.12287000215e-13], "var": [1.19673413792e-05, 2.02553055715e-05, 2.11401447814e-06, 4.09942316537e-07, 3.45438905924e-07, 2.40901641746e-07, 1.87904106497e-07, 1.92012194589e-07, 7.5600917171e-07, 3.69735317918e-07, 3.51725873315e-07, 1.79109193255e-07, 8.7702957785e-08, 1.00725486618e-07, 8.93604692465e-08, 3.77586744094e-08, 1.33203066355e-08, 2.6067652481e-09, 5.18666887217e-09, 7.06883573898e-09, 7.18355597229e-09, 2.88327717257e-09, 4.68613758908e-10, 5.1020121461e-10, 5.77225656162e-10, 2.91283219767e-10, 2.86834361818e-10, 1.54630627747e-10, 9.14911549299e-11, 4.70394834196e-11, 3.42898036354e-11, 4.14673295701e-11, 2.93951633867e-11, 1.36943095752e-11, 8.42025754677e-12, 9.78012462682e-12, 8.60498391292e-12, 3.49744929198e-12, 1.86088254181e-12, 8.377432862e-13]}, "melbands_crest": {"dmean": 3.38108682632, "dmean2": 5.55421924591, "dvar": 9.64413547516, "dvar2": 24.9681091309, "max": 34.7220077515, "mean": 12.7157850266, "median": 11.6981544495, "min": 3.75493240356, "var": 26.5220680237}, "melbands_flatness_db": {"dmean": 0.0255963150412, "dmean2": 0.04063116014, "dvar": 0.000817520718556, "dvar2": 0.00200384669006, "max": 0.477694064379, "mean": 0.184783175588, "median": 0.171834290028, "min": 0.0370290912688, "var": 0.00433302531019}, "melbands_kurtosis": {"dmean": 7.98759126663, "dmean2": 13.3801612854, "dvar": 389.329193115, "dvar2": 1000.92938232, "max": 379.851531982, "mean": 12.7341222763, "median": 5.13695955276, "min": -1.4653275013, "var": 594.738464355}, "melbands_skewness": {"dmean": 0.763166368008, "dmean2": 1.24103355408, "dvar": 1.05275762081, "dvar2": 2.62645220757, "max": 13.9625310898, "mean": 2.16538524628, "median": 1.7586824894, "min": -0.960225522518, "var": 2.88937449455}, "melbands_spread": {"dmean": 5.81091880798, "dmean2": 9.2995634079, "dvar": 59.5136985779, "dvar2": 143.239135742, "max": 173.368484497, "mean": 22.3798599243, "median": 19.9831027985, "min": 0.656654834747, "var": 218.34777832}, "mfcc": {"cov": [[9099.63574219, -1213.32946777, -874.637756348, -131.861465454, -572.442504883, 111.569839478, 124.295669556, 208.278091431, 34.7625465393, 177.694625854, 181.431381226, 286.277160645, 72.9303665161], [-1213.32946777, 1243.65356445, 534.584899902, 116.06489563, 184.376678467, -13.4803285599, 20.7173919678, -44.6128730774, -45.6891365051, -62.3289375305, 68.7586364746, -132.314910889, -55.44972229], [-874.637756348, 534.584899902, 1148.04577637, 207.752151489, 264.141387939, 0.800354778767, -11.494509697, -39.3124771118, -55.0807609558, -48.4212036133, 84.7473373413, -100.948410034, -24.9039916992], [-131.861465454, 116.06489563, 207.752151489, 319.705932617, 162.457046509, 78.9225997925, 51.2232475281, 21.5548362732, 34.7127075195, 24.5590629578, -22.0955638885, 4.63842582703, 18.395362854], [-572.442504883, 184.376678467, 264.141387939, 162.457046509, 290.941040039, 54.9050445557, 13.8119974136, -2.89416861534, 19.0609474182, 15.8730792999, -11.7384214401, -23.561624527, 3.89483213425], [111.569839478, -13.4803285599, 0.800354778767, 78.9225997925, 54.9050445557, 174.928649902, 91.8117599487, 43.5049514771, 45.400680542, 22.5379695892, 1.45571196079, 30.3106994629, 14.0275640488], [124.295669556, 20.7173919678, -11.494509697, 51.2232475281, 13.8119974136, 91.8117599487, 191.46661377, 73.5968093872, 32.6768379211, 18.514793396, 4.20316410065, 33.6134567261, 22.6725196838], [208.278091431, -44.6128730774, -39.3124771118, 21.5548362732, -2.89416861534, 43.5049514771, 73.5968093872, 133.423812866, 49.375579834, 34.8019371033, 12.1253070831, 24.9555473328, 15.2473649979], [34.7625465393, -45.6891365051, -55.0807609558, 34.7127075195, 19.0609474182, 45.400680542, 32.6768379211, 49.375579834, 121.41204834, 45.9108657837, 3.66894221306, 16.8479423523, 8.19497489929], [177.694625854, -62.3289375305, -48.4212036133, 24.5590629578, 15.8730792999, 22.5379695892, 18.514793396, 34.8019371033, 45.9108657837, 105.5182724, 32.2764892578, 32.8163833618, 11.1914224625], [181.431381226, 68.7586364746, 84.7473373413, -22.0955638885, -11.7384214401, 1.45571196079, 4.20316410065, 12.1253070831, 3.66894221306, 32.2764892578, 135.702224731, 22.3025035858, -2.42565345764], [286.277160645, -132.314910889, -100.948410034, 4.63842582703, -23.561624527, 30.3106994629, 33.6134567261, 24.9555473328, 16.8479423523, 32.8163833618, 22.3025035858, 130.870849609, 40.4593849182], [72.9303665161, -55.44972229, -24.9039916992, 18.395362854, 3.89483213425, 14.0275640488, 22.6725196838, 15.2473649979, 8.19497489929, 11.1914224625, -2.42565345764, 40.4593849182, 111.276351929]], "icov": [[0.00015585021174, 0.000109581756988, 4.1748953663e-05, -0.000133692534291, 0.000272284465609, -0.000101086341601, 2.31778585658e-06, -0.000136113056215, 0.000154904875671, -9.9511766166e-05, -0.000246322277235, -5.40215842193e-05, 1.81694940693e-05], [0.000109581756988, 0.00127159501426, -0.000217339867959, -0.000266311777523, -0.000269217620371, 0.000201147500775, -0.000520828005392, 0.000158009250299, 0.000174426997546, 0.000502797483932, -0.000980410608463, 0.000842277309857, 0.000234709586948], [4.1748953663e-05, -0.000217339867959, 0.00157775799744, -0.000744251708966, -0.000920693157241, 0.000227371914661, 1.25539645524e-05, -6.4703701355e-05, 0.000567856477574, 0.000787372991908, -0.00145090720616, 0.000719496456441, -6.38924975647e-05], [-0.000133692534291, -0.000266311777523, -0.000744251708966, 0.00532076926902, -0.00204266770743, -0.00107438862324, -0.000384883373044, 6.35396281723e-05, -0.000705155136529, -0.00094136496773, 0.00182576430961, -0.000632893876173, -0.000398067611968], [0.000272284465609, -0.000269217620371, -0.000920693157241, -0.00204266770743, 0.00652247201651, -0.00148130964953, 0.000674732669722, 0.000198988287593, -0.000154007851961, -0.00165032793302, 0.000923383457121, 0.000152677224833, -0.000245350267505], [-0.000101086341601, 0.000201147500775, 0.000227371914661, -0.00107438862324, -0.00148130964953, 0.00912842527032, -0.0036044169683, 0.000117063966172, -0.00189517205581, 0.000662830658257, -0.000374527677195, -0.000813867722172, 0.000375113304472], [2.31778585658e-06, -0.000520828005392, 1.25539645524e-05, -0.000384883373044, 0.000674732669722, -0.0036044169683, 0.00863049738109, -0.00366359297186, 0.00042061964632, 0.000225423151278, 0.00044178229291, -0.00104444136377, -0.000684589031152], [-0.000136113056215, 0.000158009250299, -6.4703701355e-05, 6.35396281723e-05, 0.000198988287593, 0.000117063966172, -0.00366359297186, 0.0112710827962, -0.00306973187253, -0.00141438143328, -0.000332371273544, 0.000123733814689, -0.000360611564247], [0.000154904875671, 0.000174426997546, 0.000567856477574, -0.000705155136529, -0.000154007851961, -0.00189517205581, 0.00042061964632, -0.00306973187253, 0.0119102234021, -0.0037274772767, -2.2864796847e-05, 0.000563191773836, 0.000100752535218], [-9.9511766166e-05, 0.000502797483932, 0.000787372991908, -0.00094136496773, -0.00165032793302, 0.000662830658257, 0.000225423151278, -0.00141438143328, -0.0037274772767, 0.0142702776939, -0.00387516897172, -0.00131047156174, 9.91771116787e-07], [-0.000246322277235, -0.000980410608463, -0.00145090720616, 0.00182576430961, 0.000923383457121, -0.000374527677195, 0.00044178229291, -0.000332371273544, -2.2864796847e-05, -0.00387516897172, 0.0108370399103, -0.00247366796248, 0.000543841277249], [-5.40215842193e-05, 0.000842277309857, 0.000719496456441, -0.000632893876173, 0.000152677224833, -0.000813867722172, -0.00104444136377, 0.000123733814689, 0.000563191773836, -0.00131047156174, -0.00247366796248, 0.011268556118, -0.00304690492339], [1.81694940693e-05, 0.000234709586948, -6.38924975647e-05, -0.000398067611968, -0.000245350267505, 0.000375113304472, -0.000684589031152, -0.000360611564247, 0.000100752535218, 9.91771116787e-07, 0.000543841277249, -0.00304690492339, 0.0104055590928]], "mean": [-671.57421875, 113.28427887, -0.369263976812, 6.78986930847, -7.14253091812, 3.45743727684, -0.46181973815, 5.74205446243, -4.58274507523, -0.537380635738, -4.64766025543, -2.23276495934, -1.54683661461]}, "pitch_salience": {"dmean": 0.0724706351757, "dmean2": 0.119510814548, "dvar": 0.00439416617155, "dvar2": 0.0116272978485, "max": 0.86728322506, "mean": 0.573510527611, "median": 0.58527302742, "min": 0.128560945392, "var": 0.0119708403945}, "silence_rate_20dB": {"dmean": 0, "dmean2": 0, "dvar": 0, "dvar2": 0, "max": 1, "mean": 1, "median": 1, "min": 1, "var": 0}, "silence_rate_30dB": {"dmean": 0.025465067476, "dmean2": 0.0509343482554, "dvar": 0.0248146187514, "dvar2": 0.0602509342134, "max": 1, "mean": 0.978505313396, "median": 1, "min": 0, "var": 0.0210323147476}, "silence_rate_60dB": {"dmean": 0.0373708158731, "dmean2": 0.0747478082776, "dvar": 0.0359802693129, "dvar2": 0.0774478241801, "max": 1, "mean": 0.217509925365, "median": 0, "min": 0, "var": 0.170235976577}, "spectral_centroid": {"dmean": 189.693099976, "dmean2": 302.786560059, "dvar": 47298.5351562, "dvar2": 110487.164062, "max": 4837.83837891, "mean": 1279.94348145, "median": 1204.08618164, "min": 190.575012207, "var": 401804.1875}, "spectral_complexity": {"dmean": 2.57081437111, "dmean2": 4.11972856522, "dvar": 9.94938182831, "dvar2": 21.5229797363, "max": 55, "mean": 15.5868053436, "median": 14, "min": 0, "var": 96.9650115967}, "spectral_contrast_coeffs": {"dmean": [0.050062675029, 0.0446192286909, 0.0395823121071, 0.0314395725727, 0.0240796767175, 0.0190918277949], "dmean2": [0.0844390615821, 0.0739559605718, 0.0643193200231, 0.0514424107969, 0.0389949828386, 0.0301641151309], "dvar": [0.00179140781984, 0.0013540884247, 0.00103077292442, 0.000670566631015, 0.000436402944615, 0.000294831086649], "dvar2": [0.00487312301993, 0.00359821203165, 0.00269996724091, 0.00169990141876, 0.00102344376501, 0.00066890247399], "max": [-0.287761360407, -0.445884853601, -0.394442796707, -0.442425042391, -0.442377269268, -0.565631985664], "mean": [-0.646031439304, -0.73775357008, -0.743724226952, -0.759946525097, -0.773741006851, -0.756670773029], "median": [-0.650430440903, -0.743815422058, -0.754269599915, -0.767287015915, -0.784044742584, -0.756604909897], "min": [-0.90539842844, -0.937483549118, -0.915474772453, -0.91238540411, -0.902017235756, -0.883236944675], "var": [0.0079316534102, 0.00492174411193, 0.00617215642706, 0.00438271649182, 0.00339705985971, 0.00278461514972]}, "spectral_contrast_valleys": {"dmean": [0.414297610521, 0.329686850309, 0.296452611685, 0.26352545619, 0.253405988216, 0.275267124176], "dmean2": [0.67461001873, 0.543187618256, 0.482824921608, 0.424974411726, 0.397347897291, 0.382840067148], "dvar": [0.150036036968, 0.0935615375638, 0.0677912682295, 0.062487103045, 0.0817948877811, 0.0973888635635], "dvar2": [0.337790668011, 0.23609906435, 0.163592979312, 0.140616700053, 0.174918204546, 0.178247362375], "max": [-4.86074018478, -4.41452407837, -5.02652978897, -5.79328203201, -5.36313390732, -7.63965749741], "mean": [-7.9310426712, -7.03304815292, -7.43106079102, -8.08407115936, -8.12593460083, -10.4637098312], "median": [-7.87596797943, -6.91401863098, -7.25390958786, -7.86015319824, -7.94073629379, -10.364484787], "min": [-15.5315752029, -13.3106327057, -14.7953624725, -13.3185272217, -12.7350034714, -15.3717727661], "var": [1.39507329464, 1.04425036907, 1.06105542183, 1.03434431553, 1.17697167397, 1.15245044231]}, "spectral_decrease": {"dmean": 2.7396567237e-09, "dmean2": 4.6488537464e-09, "dvar": 4.64546551069e-17, "dvar2": 1.27571063086e-16, "max": -4.97374527903e-15, "mean": -5.37104360987e-09, "median": -3.02143710051e-09, "min": -8.53921093835e-08, "var": 5.58309458735e-17}, "spectral_energy": {"dmean": 0.0107242213562, "dmean2": 0.0181386508048, "dvar": 0.000682246405631, "dvar2": 0.00186954101082, "max": 0.328712940216, "mean": 0.0219555534422, "median": 0.0129113961011, "min": 3.9074475211e-08, "var": 0.000870827236213}, "spectral_energyband_high": {"dmean": 0.000233103724895, "dmean2": 0.00035147665767, "dvar": 3.05615344587e-07, "dvar2": 7.30061117338e-07, "max": 0.0149276610464, "mean": 0.000732144108042, "median": 0.000306109024677, "min": 1.75542194114e-08, "var": 1.07378423309e-06}, "spectral_energyband_low": {"dmean": 0.00706955324858, "dmean2": 0.0124856512994, "dvar": 0.000609492359217, "dvar2": 0.00170104275458, "max": 0.290526181459, "mean": 0.0068560121581, "median": 0.000728113343939, "min": 3.774366375e-10, "var": 0.000449069601018}, "spectral_energyband_middle_high": {"dmean": 0.00229522679001, "dmean2": 0.00363564421423, "dvar": 1.6287802282e-05, "dvar2": 4.08115884056e-05, "max": 0.0842485874891, "mean": 0.00659569818527, "median": 0.00337159773335, "min": 1.72393104236e-08, "var": 7.06135615474e-05}, "spectral_energyband_middle_low": {"dmean": 0.00365011463873, "dmean2": 0.00593935744837, "dvar": 4.81438873976e-05, "dvar2": 0.000124358732137, "max": 0.131046742201, "mean": 0.00850031897426, "median": 0.00437222234905, "min": 4.08195255375e-09, "var": 0.000116309507575}, "spectral_entropy": {"dmean": 0.15162448585, "dmean2": 0.232913896441, "dvar": 0.0252093859017, "dvar2": 0.0550950802863, "max": 8.77034664154, "mean": 7.48864078522, "median": 7.56165027618, "min": 5.59236383438, "var": 0.173453882337}, "spectral_flux": {"dmean": 0.0239930041134, "dmean2": 0.0384144820273, "dvar": 0.00182406289969, "dvar2": 0.00374006899074, "max": 0.531747341156, "mean": 0.0747810378671, "median": 0.0592445172369, "min": 0.000197672648937, "var": 0.00417747581378}, "spectral_kurtosis": {"dmean": 1.18531000614, "dmean2": 1.96304571629, "dvar": 1.88423299789, "dvar2": 4.85051298141, "max": 26.0386867523, "mean": 4.1902961731, "median": 3.66083025932, "min": -1.12804615498, "var": 6.26388120651}, "spectral_rms": {"dmean": 0.000850035110489, "dmean2": 0.00137133698445, "dvar": 2.06791060009e-06, "dvar2": 5.33518687007e-06, "max": 0.0179079752415, "mean": 0.00390086183324, "median": 0.00354915251955, "min": 6.17425621385e-06, "var": 6.20331502432e-06}, "spectral_rolloff": {"dmean": 364.028198242, "dmean2": 608.066162109, "dvar": 504143.6875, "dvar2": 1064877.625, "max": 14987.109375, "mean": 1423.83959961, "median": 1205.859375, "min": 64.599609375, "var": 1345286.125}, "spectral_skewness": {"dmean": 0.181323289871, "dmean2": 0.29272761941, "dvar": 0.0361656174064, "dvar2": 0.0867589339614, "max": 4.1969628334, "mean": 1.61968493462, "median": 1.54876065254, "min": -0.0937299281359, "var": 0.194257214665}, "spectral_spread": {"dmean": 483401.3125, "dmean2": 724521, "dvar": 388003790848, "dvar2": 776212971520, "max": 12904295, "mean": 4793439, "median": 4670596, "min": 1