{"lowlevel": {"average_loudness": 0.865974128246, "barkbands": {"dmean": [1.7860936623e-06, 0.000150038889842, 0.000455225002952, 0.00212071882561, 0.00276195607148, 0.000681953562889, 0.000283429108094, 0.000403001002269, 0.000553365971427, 0.000180917806574, 0.000218401066377, 0.000209745936445, 0.000189407990547, 0.000299001316307, 0.000285249960143, 0.000220423971768, 0.000261698034592, 0.000180623785127, 0.000140798598295, 0.000116685958346, 7.18232404324e-05, 5.58426872885e-05, 4.12041881646e-05, 1.33982639454e-05, 5.32439662493e-06, 4.53659339428e-07, 1.40118858738e-08], "dmean2": [2.68388498625e-06, 0.000239570683334, 0.000726281607058, 0.00338363740593, 0.00428533973172, 0.00100925704464, 0.000427217746619, 0.000594141485635, 0.000817469321191, 0.00026847422123, 0.000320718128933, 0.000316310266498, 0.00028382052551, 0.000460089882836, 0.000446056656074, 0.000344347645296, 0.000422000623075, 0.00028385076439, 0.00021009107877, 0.000177068141056, 9.97232273221e-05, 7.95174128143e-05, 5.76490383537e-05, 1.85909157153e-05, 7.51009747546e-06, 6.34612604244e-07, 2.39542909952e-08], "dvar": [2.0527668107e-11, 7.1483384545e-08, 8.36120136682e-07, 1.25872893477e-05, 2.35846491705e-05, 2.28595035878e-06, 7.30754663891e-07, 1.25203087009e-06, 2.85113628706e-06, 3.15240527016e-07, 6.20328307832e-07, 5.44769818589e-07, 4.01635873004e-07, 5.94771847773e-07, 3.90310901821e-07, 2.31320882449e-07, 1.7131648633e-07, 1.19819873134e-07, 1.0522852989e-07, 1.04572087878e-07, 1.25572938714e-07, 5.33106714329e-08, 5.69762441671e-08, 5.04978503457e-09, 1.63218527582e-09, 5.71994795279e-12, 4.09073248975e-15], "dvar2": [4.2721159943e-11, 1.75537678615e-07, 2.13744419852e-06, 3.34911783284e-05, 5.59781146876e-05, 4.58153817817e-06, 1.58027353336e-06, 2.69861948254e-06, 6.09243625149e-06, 6.67231518037e-07, 1.33939420266e-06, 1.1882095805e-06, 8.59921954088e-07, 1.42190060615e-06, 8.46984733016e-07, 5.58178271604e-07, 4.50177509492e-07, 2.9955856462e-07, 2.20254889882e-07, 2.2868610472e-07, 2.37620128019e-07, 9.47829832398e-08, 1.01454709522e-07, 8.85426931774e-09, 3.67239971766e-09, 1.03675436292e-11, 1.03524095763e-14], "max": [0.00013305315224, 0.00513640977442, 0.0187525935471, 0.0667049586773, 0.077707760036, 0.0373825356364, 0.0295355767012, 0.0262577161193, 0.0497497953475, 0.0206699054688, 0.0267895217985, 0.0252997819334, 0.03226101771, 0.0312762074172, 0.0164338238537, 0.0132695678622, 0.0111696301028, 0.00835197698325, 0.0084140887484, 0.0094797629863, 0.0221013817936, 0.00892127584666, 0.00835048686713, 0.00253309984691, 0.0019486611709, 9.91666529444e-05, 1.65659537288e-06], "mean": [2.25744952331e-06, 0.000390486646211, 0.000971115368884, 0.00379637232982, 0.00650321040303, 0.00169685168657, 0.000555682694539, 0.000788189645391, 0.0011549181072, 0.000385459716199, 0.000426988030085, 0.000440503907157, 0.00036870513577, 0.000576455786359, 0.000588432594668, 0.000486122997245, 0.000657144526485, 0.000422516983235, 0.000318266887916, 0.000224439412705, 0.000125013641082, 9.56605072133e-05, 6.80063676555e-05, 2.20709771384e-05, 7.87821500126e-06, 6.94979462423e-07, 1.28235857488e-08], "median": [3.08142347194e-07, 0.000114953058073, 0.000367575034034, 0.00203318870626, 0.00382292526774, 0.000554811616894, 0.000115346643724, 0.000106085411971, 0.000133865352836, 6.94316840963e-05, 7.57019224693e-05, 9.12410177989e-05, 9.65239887591e-05, 0.000172850050149, 0.000243340546149, 0.000219555251533, 0.000399214128265, 0.000204827243579, 0.000121231860248, 8.51327276905e-05, 3.19231694448e-05, 1.54424014909e-05, 6.69913606544e-06, 2.17201045416e-06, 6.53558345221e-07, 5.6408907767e-08, 8.6669399435e-10], "min": [1.86653069038e-25, 6.55170231727e-25, 2.78095064158e-25, 4.08828618593e-25, 1.04382185419e-23, 7.42488505768e-24, 5.67772972987e-24, 5.93153310435e-24, 5.75605533472e-24, 1.38938694912e-23, 1.95157529966e-23, 2.42864871396e-23, 3.78742091798e-23, 1.56504655119e-23, 3.26415591114e-23, 5.23780133012e-23, 8.06252826935e-23, 1.03047688359e-22, 1.34023693886e-22, 1.86412830126e-22, 2.47521605672e-22, 2.13045859759e-22, 4.05557253637e-22, 6.11248203456e-22, 8.79532703885e-22, 1.28304305911e-21, 1.64008216115e-21], "var": [3.2930415339e-11, 3.09067331727e-07, 2.23214260586e-06, 2.86889353447e-05, 6.45828476991e-05, 8.55622420204e-06, 1.90825926438e-06, 3.46397837347e-06, 9.47863100009e-06, 1.6770854927e-06, 2.3615725695e-06, 2.61300192506e-06, 1.32059051339e-06, 1.92594347936e-06, 1.43517809192e-06, 7.49595585603e-07, 6.16976137735e-07, 3.72870005094e-07, 3.46985473243e-07, 2.10598841477e-07, 2.54456665516e-07, 1.5218978433e-07, 1.36807798867e-07, 1.25871881806e-08, 2.49361997717e-09, 1.25494493269e-11, 4.40479070726e-15]}, "barkbands_crest": {"dmean": 2.15617895126, "dmean2": 3.41460585594, "dvar": 4.55383396149, "dvar2": 11.4027709961, "max": 25.8190574646, "mean": 10.9479894638, "median": 10.054933548, "min": 2.59430217743, "var": 20.528055191}, "barkbands_flatness_db": {"dmean": 0.0202066991478, "dmean2": 0.0305030290037, "dvar": 0.000430581974797, "dvar2": 0.000914306205232, "max": 0.443977683783, "mean": 0.194576382637, "median": 0.183039754629, "min": 0.0304881911725, "var": 0.00379805988632}, "barkbands_kurtosis": {"dmean": 2.64717626572, "dmean2": 4.03232431412, "dvar": 28.3081741333, "dvar2": 58.9333763123, "max": 199.672470093, "mean": 4.65442800522, "median": 0.84515953064, "min": -1.92489755154, "var": 144.420883179}, "barkbands_skewness": {"dmean": 0.525159358978, "dmean2": 0.783055901527, "dvar": 0.36247086525, "dvar2": 0.753034055233, "max": 10.1854867935, "mean": 1.50137078762, "median": 1.28885293007, "min": -6.0352897644, "var": 2.67693734169}, "barkbands_spread": {"dmean": 4.54745197296, "dmean2": 7.03147411346, "dvar": 36.8612976074, "dvar2": 78.8045196533, "max": 98.5307235718, "mean": 20.7401275635, "median": 19.4480247498, "min": 0.303854346275, "var": 146.294692993}, "dissonance": {"dmean": 0.012597296387, "dmean2": 0.0208944194019, "dvar": 0.000192923296709, "dvar2": 0.000499719521031, "max": 0.499999970198, "mean": 0.467177331448, "median": 0.474547237158, "min": 0.25242972374, "var": 0.000707943516318}, "dynamic_complexity": 4.1465716362, "erbbands": {"dmean": [0.00258040637709, 0.0430892370641, 0.384300023317, 3.5543949604, 11.9767227173, 6.67057228088, 4.52121734619, 6.45498895645, 3.71891951561, 5.90526485443, 8.97734642029, 10.4098749161, 8.91973781586, 8.98299407959, 5.95956516266, 7.31980133057, 7.6237950325, 11.971075058, 14.5244112015, 11.5674114227, 13.3895597458, 14.1582536697, 10.8427352905, 5.58444404602, 7.83747625351, 5.20422267914, 3.5801076889, 2.32374596596, 2.08062434196, 1.763890028, 1.12371909618, 0.375315189362, 0.200404062867, 0.0933665558696, 0.0184590034187, 0.00359616056085, 0.000610304472502, 6.26265027677e-05, 4.71126895718e-06, 6.25186885372e-06], "dmean2": [0.00408008415252, 0.0694033429027, 0.611273050308, 5.60365438461, 19.0774497986, 10.0429363251, 6.42024230957, 9.71384048462, 5.62481832504, 8.75000286102, 13.1361923218, 15.4300823212, 13.1593008041, 13.3059749603, 8.81562614441, 10.8840827942, 11.4022264481, 17.9084224701, 22.3921356201, 17.4625167847, 21.2204704285, 22.6767196655, 16.9592494965, 8.34796142578, 11.6689977646, 7.83147335052, 5.11955213547, 3.28685426712, 2.9942111969, 2.41814303398, 1.6503534317, 0.518714010715, 0.270128756762, 0.129943802953, 0.0250241365284, 0.00494784954935, 0.000853312376421, 9.21539685805e-05, 6.90043179929e-06, 9.08405490918e-06], "dvar": [2.94800920528e-05, 0.00548476958647, 0.477720856667, 37.7983360291, 451.38684082, 151.603866577, 98.0956954956, 248.911270142, 78.2175750732, 313.17767334, 653.727294922, 968.780761719, 1109.9185791, 1160.4942627, 346.292053223, 784.32623291, 511.456390381, 1425.53222656, 969.691162109, 707.124694824, 802.884277344, 495.971893311, 444.900421143, 158.276779175, 341.157287598, 224.892044067, 424.942779541, 66.8561172485, 68.7466888428, 87.1171646118, 48.4993629456, 3.5117430687, 1.64336931705, 0.498203545809, 0.0104466918856, 0.000381059857318, 9.94048969005e-06, 8.33572144643e-08, 1.22021254212e-10, 6.69669250608e-11], "dvar2": [7.71658815211e-05, 0.0135453930125, 1.23195230961, 98.1983718872, 1127.74609375, 331.563964844, 189.022674561, 528.29864502, 164.982879639, 675.085205078, 1399.02600098, 2121.71728516, 2409.14111328, 2789.87670898, 709.099487305, 1723.70056152, 1089.94970703, 3362.84619141, 2289.40820312, 1412.0567627, 2013.98742676, 1258.65270996, 1116.68933105, 340.385009766, 695.407836914, 500.475952148, 810.70690918, 118.670852661, 127.344047546, 162.790817261, 97.8374862671, 5.82203197479, 3.10232782364, 1.10207283497, 0.0180735122412, 0.000707269355189, 1.63090771821e-05, 1.51559930828e-07, 2.42290659758e-10, 1.44568773619e-10], "max": [0.119694717228, 1.44574522972, 12.99588871, 166.739562988, 343.523132324, 347.635284424, 314.065490723, 461.496337891, 204.406326294, 838.260681152, 764.637451172, 712.638000488, 1211.89550781, 1145.60498047, 617.664428711, 1171.66650391, 871.328735352, 1946.77697754, 681.984863281, 726.127868652, 864.796630859, 473.642791748, 586.224853516, 345.249176025, 588.965576172, 491.399169922, 1420.01025391, 300.312408447, 297.75680542, 315.676300049, 273.699127197, 55.8372344971, 51.5536804199, 34.2821235657, 4.51559495926, 0.760277330875, 0.14224652946, 0.0114145809785, 0.000381221499993, 0.000132311353809], "mean": [0.00659375544637, 0.115270778537, 0.883600056171, 6.97094011307, 22.1707611084, 17.6013374329, 16.5402374268, 14.2680664062, 7.88991069794, 11.9965486526, 20.515083313, 21.7064380646, 18.6950569153, 19.3574581146, 13.2041435242, 16.1390514374, 16.6443080902, 25.9974899292, 30.9977912903, 27.1492557526, 32.9734649658, 37.7302322388, 26.4723052979, 13.6624097824, 18.2336158752, 10.7627944946, 6.03866767883, 4.30070257187, 3.49640274048, 2.88133072853, 1.78021144867, 0.642745375633, 0.306511640549, 0.136898815632, 0.0298380535096, 0.00579880690202, 0.000890296301804, 8.24616654427e-05, 1.48105100379e-05, 2.53726720985e-05], "median": [0.00177966197953, 0.0415465645492, 0.428591877222, 3.84093594551, 12.2177362442, 9.08502864838, 4.44216060638, 4.6891078949, 2.44918322563, 2.69513034821, 3.09108614922, 2.88498139381, 3.1290602684, 3.53255438805, 3.04171919823, 3.47165703773, 4.94282579422, 6.96696281433, 13.4495429993, 12.2096805573, 17.4386310577, 23.7023181915, 13.2847499847, 6.58112192154, 6.86417865753, 4.5311832428, 1.63667035103, 1.15669417381, 0.606378138065, 0.348918825388, 0.167391851544, 0.0682651773095, 0.0246772505343, 0.010041016154, 0.00312349339947, 0.000657707976643, 4.39687828475e-05, 5.23339213032e-06, 1.10577611849e-05, 2.21211521421e-05], "min": [3.60318718674e-23, 5.45850914972e-23, 7.08396032659e-22, 1.60322173289e-21, 1.49248149455e-20, 2.21027845709e-20, 3.65587044314e-20, 9.57883162649e-20, 9.47712524653e-20, 2.1148193264e-19, 3.29869857215e-19, 2.14496863801e-19, 4.45688636356e-19, 7.08851908939e-19, 1.10644402518e-18, 1.06722387682e-18, 1.91964528538e-18, 1.65479994102e-18, 2.80312277645e-18, 2.43504580863e-18, 3.1160784962e-18, 5.13596690488e-18, 4.98546718269e-18, 5.91730351353e-18, 6.60966154445e-18, 8.84367578766e-18, 8.2744655112e-18, 1.0959765922e-17, 7.80576512379e-18, 9.79555305037e-18, 1.12443739553e-17, 9.96081877368e-18, 8.97104257684e-18, 8.27050414325e-18, 5.80176788865e-18, 4.58999171824e-18, 2.1473732779e-18, 8.39018239203e-19, 2.35457219857e-19, 2.69035582848e-20], "var": [0.000111321809527, 0.024293133989, 1.39255809784, 101.352142334, 853.573120117, 686.93145752, 871.593139648, 771.700744629, 228.983184814, 763.043945312, 2460.40820312, 3011.97558594, 3522.23388672, 4171.28955078, 1543.00219727, 3551.6875, 2079.24023438, 5143.02636719, 2960.75341797, 2768.70727539, 2664.1784668, 1920.09375, 1415.88708496, 455.613952637, 1284.43945312, 440.839172363, 737.941894531, 188.207199097, 182.429580688, 211.488494873, 101.559020996, 9.59480381012, 3.37877607346, 0.790584683418, 0.0239264387637, 0.000808784738183, 2.41219768213e-05, 1.7471475644e-07, 3.21716986385e-10, 3.61562474405e-10]}, "erbbands_crest": {"dmean": 2.0633764267, "dmean2": 3.27887415886, "dvar": 3.95737934113, "dvar2": 9.5059967041, "max": 27.3091506958, "mean": 9.65754699707, "median": 8.75326633453, "min": 2.65139770508, "var": 16.9754371643}, "erbbands_flatness_db": {"dmean": 0.0140603361651, "dmean2": 0.0203093029559, "dvar": 0.000212137732888, "dvar2": 0.000410060718423, "max": 0.3787124753, "mean": 0.221924543381, "median": 0.219054624438, "min": 0.0391269102693, "var": 0.00203878362663}, "erbbands_kurtosis": {"dmean": 0.920144379139, "dmean2": 1.40709912777, "dvar": 3.14562082291, "dvar2": 6.70056724548, "max": 55.6909751892, "mean": 0.407359987497, "median": -0.499893903732, "min": -1.92188203335, "var": 9.33825302124}, "erbbands_skewness": {"dmean": 0.345833480358, "dmean2": 0.509902954102, "dvar": 0.138111576438, "dvar2": 0.282148718834, "max": 4.89933633804, "mean": -0.324111163616, "median": -0.325388163328, "min": -4.81172180176, "var": 1.07002389431}, "erbbands_spread": {"dmean": 6.52702236176, "dmean2": 10.0413417816, "dvar": 54.0529594421, "dvar2": 126.90032959, "max": 112.0963974, "mean": 38.1223754883, "median": 37.5127792358, "min": 2.37386584282, "var": 238.144958496}, "gfcc": {"cov": [[23805.9863281, 1283.60058594, -3113.77539062, 1784.90808105, -1749.5065918, 333.053955078, -459.225463867, -124.552696228, -373.691864014, -345.990966797, -171.644058228, -708.90435791, -118.182792664], [1283.60058594, 1543.72790527, -331.429077148, -259.520996094, 324.759521484, -275.083587646, 51.0397872925, -104.313560486, 39.1835517883, -242.419631958, 100.982002258, -117.044311523, 49.3525772095], [-3113.77539062, -331.429077148, 919.076416016, -11.1904096603, 180.908798218, 66.6665496826, 69.1358413696, 5.264772892, 13.1161355972, 85.8562011719, -8.98857021332, 101.14025116, -4.4336271286], [1784.90808105, -259.520996094, -11.1904096603, 689.990478516, -59.8082427979, 157.231658936, -40.5977973938, -8.68971824646, -23.5739765167, 9.78186321259, -26.1261825562, -59.7895812988, 10.5134944916], [-1749.5065918, 324.759521484, 180.908798218, -59.8082427979, 537.489624023, -59.7911758423, 14.975771904, 1.20307660103, 58.9800186157, -61.7671890259, 3.28652310371, 31.8203983307, 9.93918132782], [333.053955078, -275.083587646, 66.6665496826, 157.231658936, -59.7911758423, 296.436401367, 118.817047119, 68.5931396484, -6.0859746933, 77.0310821533, -15.4535694122, -15.0095911026, -34.5192871094], [-459.225463867, 51.0397872925, 69.1358413696, -40.5977973938, 14.975771904, 118.817047119, 255.562316895, 72.2263946533, 14.4625101089, 21.1141986847, 47.6340560913, -12.3959083557, -8.81670761108], [-124.552696228, -104.313560486, 5.264772892, -8.68971824646, 1.20307660103, 68.5931396484, 72.2263946533, 144.857299805, 49.6263122559, 57.1736831665, 11.621380806, 24.7698745728, -8.68377494812], [-373.691864014, 39.1835517883, 13.1161355972, -23.5739765167, 58.9800186157, -6.0859746933, 14.4625101089, 49.6263122559, 111.340614319, 43.8627319336, 23.2896766663, 7.30799865723, 11.1107530594], [-345.990966797, -242.419631958, 85.8562011719, 9.78186321259, -61.7671890259, 77.0310821533, 21.1141986847, 57.1736831665, 43.8627319336, 148.38104248, 22.5592021942, 40.4603271484, -3.019728899], [-171.644058228, 100.982002258, -8.98857021332, -26.1261825562, 3.28652310371, -15.4535694122, 47.6340560913, 11.621380806, 23.2896766663, 22.5592021942, 98.9454498291, 20.0887451172, 16.6084403992], [-708.90435791, -117.044311523, 101.14025116, -59.7895812988, 31.8203983307, -15.0095911026, -12.3959083557, 24.7698745728, 7.30799865723, 40.4603271484, 20.0887451172, 126.404754639, 25.1797676086], [-118.182792664, 49.3525772095, -4.4336271286, 10.5134944916, 9.93918132782, -34.5192871094, -8.81670761108, -8.68377494812, 11.1107530594, -3.019728899, 16.6084403992, 25.1797676086, 92.4074859619]], "icov": [[0.000403453450417, -0.000946972519159, 0.000791111786384, -0.00104444799945, 0.00129179062787, -0.00067825766746, 0.000803125381935, -0.000670934328809, 0.000721741875168, -0.00024665138335, 0.000822051544674, -0.000149223968037, 0.000597873236984], [-0.000946972519159, 0.00388143677264, -0.00141201529186, 0.00286899786443, -0.0038567550946, 0.00218847696669, -0.00242238468491, 0.00219865655527, -0.00232705916278, 0.00224559102207, -0.00358178257011, 0.00170333473943, -0.00193762185518], [0.000791111786384, -0.00141201529186, 0.00317140226252, -0.0020598154515, 0.00171620200854, -0.00111595424823, 0.000660002813675, -0.000279642874375, 0.00142991251778, -0.00125649000984, 0.00199154112488, -0.00108604622073, 0.00131264806259], [-0.00104444799945, 0.00286899786443, -0.0020598154515, 0.00480560166761, -0.00353558035567, 0.000234628736507, -0.000971191795543, 0.0017534304643, -0.00180247868411, 0.0014338149922, -0.0030762234237, 0.00186432618648, -0.00266510946676], [0.00129179062787, -0.0038567550946, 0.00171620200854, -0.00353558035567, 0.00716900918633, -0.00242522568442, 0.00270502618514, -0.00240253005177, 0.000419575109845, 0.000676580006257, 0.00350837432779, -0.00201337435283, 0.00244149868377], [-0.00067825766746, 0.00218847696669, -0.00111595424823, 0.000234628736507, -0.00242522568442, 0.00861783605069, -0.00514217466116, 0.000342703831848, 0.000208504046896, -0.00267762946896, 0.000714475871064, 0.000939014658798, 0.0004083274398], [0.000803125381935, -0.00242238468491, 0.000660002813675, -0.000971191795543, 0.00270502618514, -0.00514217466116, 0.00938528776169, -0.00470085348934, 0.00234105763957, 0.00110702076927, -0.00239881151356, 0.00162598257884, 0.000447693571914], [-0.000670934328809, 0.00219865655527, -0.000279642874375, 0.0017534304643, -0.00240253005177, 0.000342703831848, -0.00470085348934, 0.0131389833987, -0.00603043939918, -0.00104330584873, -1.28956116896e-05, -0.0024359645322, 0.000284453621134], [0.000721741875168, -0.00232705916278, 0.00142991251778, -0.00180247868411, 0.000419575109845, 0.000208504046896, 0.00234105763957, -0.00603043939918, 0.0161929987371, -0.00624743569642, 0.00012200341007, 0.00241042603739, -0.000700892647728], [-0.00024665138335, 0.00224559102207, -0.00125649000984, 0.0014338149922, 0.000676580006257, -0.00267762946896, 0.00110702076927, -0.00104330584873, -0.00624743569642, 0.0153986150399, -0.0049979579635, -0.00152201217134, -0.00023622950539], [0.000822051544674, -0.00358178257011, 0.00199154112488, -0.0030762234237, 0.00350837432779, 0.000714475871064, -0.00239881151356, -1.28956116896e-05, 0.00012200341007, -0.0049979579635, 0.0175149608403, -0.00415091542527, 0.000874390709214], [-0.000149223968037, 0.00170333473943, -0.00108604622073, 0.00186432618648, -0.00201337435283, 0.000939014658798, 0.00162598257884, -0.0024359645322, 0.00241042603739, -0.00152201217134, -0.00415091542527, 0.013489631936, -0.00414047390223], [0.000597873236984, -0.00193762185518, 0.00131264806259, -0.00266510946676, 0.00244149868377, 0.0004083274398, 0.000447693571914, 0.000284453621134, -0.000700892647728, -0.00023622950539, 0.000874390709214, -0.00414047390223, 0.0139943026006]], "mean": [-84.1769714355, 130.606781006, -157.391204834, 46.7091064453, -48.1859474182, -11.4912452698, -46.7269935608, -13.2620286942, -21.5995235443, -22.3498802185, -16.6497459412, -16.1842956543, -4.28855657578]}, "hfc": {"dmean": 3.61287546158, "dmean2": 4.83732414246, "dvar": 34.035282135, "dvar2": 55.2522163391, "max": 153.836471558, "mean": 15.8349971771, "median": 10.7339162827, "min": 1.0258530506e-16, "var": 237.512054443}, "melbands": {"dmean": [3.10882714984e-05, 0.000143158336869, 0.000881052634213, 0.000701840093825, 0.000161405958352, 0.000136155023938, 5.99783852522e-05, 7.10452150088e-05, 7.27771766833e-05, 7.37239752198e-05, 4.52385502285e-05, 3.56079508492e-05, 2.26437496167e-05, 2.23130464292e-05, 2.10307189263e-05, 2.0155817765e-05, 2.42932565016e-05, 2.61016939476e-05, 2.35993975366e-05, 1.30669077407e-05, 1.76098328666e-05, 1.69669583556e-05, 1.16901946967e-05, 7.57915313443e-06, 4.70714985568e-06, 6.05981767876e-06, 5.43910073247e-06, 3.4576564758e-06, 2.43910540121e-06, 1.79740152362e-06, 1.34998708745e-06, 1.31967044581e-06, 1.00367094547e-06, 9.94637048279e-07, 7.56169697524e-07, 3.92807521621e-07, 1.90158914393e-07, 1.47189311406e-07, 1.22726419249e-07, 6.78798812714e-08], "dmean2": [4.90036836709e-05, 0.00022899096075, 0.00138937076554, 0.00109456700739, 0.000230355042731, 0.000203668911126, 9.02245228644e-05, 0.000105060942587, 0.000106227234937, 0.000109787892143, 6.69178625685e-05, 5.28515811311e-05, 3.31179144268e-05, 3.3480439015e-05, 3.18148595397e-05, 3.01365635096e-05, 3.65835003322e-05, 4.05518367188e-05, 3.66265776393e-05, 2.00312279048e-05, 2.84017878585e-05, 2.74384292425e-05, 1.83123320312e-05, 1.17293147923e-05, 7.20517573427e-06, 9.08579477255e-06, 8.25901133794e-06, 5.33468801223e-06, 3.64451352652e-06, 2.66379151981e-06, 1.99273426915e-06, 1.96676387532e-06, 1.46277409385e-06, 1.37058316341e-06, 1.14429997211e-06, 5.76934894525e-07, 2.71392167406e-07, 2.01891865004e-07, 1.73113349433e-07, 9.56498951155e-08], "dvar": [3.39688899231e-09, 6.75753426549e-08, 2.0242980554e-06, 1.53541463987e-06, 1.11459158347e-07, 1.02557592641e-07, 2.0584119298e-08, 3.81178253406e-08, 4.45841124019e-08, 5.32870885195e-08, 2.82195493639e-08, 1.73972249939e-08, 6.14424822132e-09, 6.6197265447e-09, 6.23217166762e-09, 4.55873916394e-09, 5.38282707296e-09, 3.53411966358e-09, 2.98145663713e-09, 8.69622984734e-10, 1.40821199146e-09, 6.957621701e-10, 4.80964823524e-10, 2.12363140961e-10, 1.27698310259e-10, 2.33461999732e-10, 2.01549901768e-10, 1.01460076452e-10, 1.96185415136e-10, 6.39362243704e-11, 2.301887847e-11, 2.89064969877e-11, 2.10268347872e-11, 3.14038309246e-11, 2.51285103836e-11, 5.31823847114e-12, 8.58940848135e-13, 1.00420214678e-12, 8.29732278978e-13, 2.61728735473e-13], "dvar2": [8.59983551038e-09, 1.73996141939e-07, 5.2905334087e-06, 3.61407592209e-06, 2.18548407815e-07, 2.1446369658e-07, 4.33921947263e-08, 8.13792908616e-08, 9.32847541435e-08, 1.18416338069e-07, 6.09343757674e-08, 4.14996677023e-08, 1.24281793745e-08, 1.42654146273e-08, 1.41652991559e-08, 1.00578745332e-08, 1.2399259397e-08, 8.40662561785e-09, 6.07446448697e-09, 1.83554527133e-09, 3.6034601969e-09, 1.82500103918e-09, 1.20991716646e-09, 5.1598075812e-10, 2.84066464795e-10, 5.00814223425e-10, 4.38628078303e-10, 2.3394938764e-10, 3.53373108553e-10, 1.47995185551e-10, 4.29860418094e-11, 6.04642100277e-11, 3.96987616391e-11, 5.66809342517e-11, 5.35725075412e-11, 1.07280920258e-11, 1.58313553239e-12, 2.03181915737e-12, 1.82420680124e-12, 5.73901278063e-13], "max": [0.00114314141683, 0.00442350842059, 0.024368962273, 0.0204250589013, 0.0114456750453, 0.00908223725855, 0.00264625949785, 0.00782104860991, 0.00652763526887, 0.00595542509109, 0.00598733685911, 0.0042910668999, 0.00238966592588, 0.00388096529059, 0.00280664977618, 0.00336793507449, 0.00329516921192, 0.00153929414228, 0.00172725389712, 0.000742745411117, 0.00111490627751, 0.000566815841012, 0.000528732489329, 0.000378726166673, 0.000322589999996, 0.00044235776295, 0.000416118011344, 0.000340571074048, 0.000879244529642, 0.000429978332249, 0.000171292136656, 0.000195301501662, 0.00019777318812, 0.000179665410542, 0.000180447284947, 7.7308541222e-05, 2.71670287475e-05, 4.3710700993e-05, 3.73600414605e-05, 2.48257056228e-05], "mean": [8.38490086608e-05, 0.000342174142133, 0.00174069683999, 0.00149053439964, 0.000608152011409, 0.000307925773086, 0.000127077277284, 0.000142321281601, 0.000171752166352, 0.000147562052007, 9.2306829174e-05, 7.64845535741e-05, 4.76815512229e-05, 4.51642554253e-05, 4.13845991716e-05, 3.96446048399e-05, 4.91182618134e-05, 4.95252643304e-05, 4.70261002192e-05, 2.94526998914e-05, 3.9696769818e-05, 4.12798908656e-05, 2.79912692349e-05, 1.76456996996e-05, 9.89679301711e-06, 1.31569022415e-05, 1.14692002171e-05, 6.25766142548e-06, 3.76359639631e-06, 3.0251633234e-06, 2.31888111557e-06, 2.02989349418e-06, 1.7033930817e-06, 1.54615565862e-06, 1.12932252705e-06, 6.05700051892e-07, 3.05522945609e-07, 2.16234170125e-07, 1.71694949813e-07, 9.62744124422e-08], "median": [2.31280646403e-05, 0.000153384520672, 0.00106207584031, 0.000854678102769, 0.000191728075151, 9.88084866549e-05, 3.73437178496e-05, 2.87643324555e-05, 2.18875429709e-05, 1.80505030585e-05, 1.44271598401e-05, 1.35389582283e-05, 9.87616385828e-06, 9.81532775768e-06, 8.32931709738e-06, 1.10071641757e-05, 1.20765798783e-05, 1.90065111383e-05, 1.81390278158e-05, 1.28470746859e-05, 1.94133554032e-05, 2.49287804763e-05, 1.44400200952e-05, 8.88109207153e-06, 4.4672765398e-06, 4.43667840955e-06, 4.35442325397e-06, 2.55444024333e-06, 9.47061835177e-07, 7.44788621887e-07, 6.10845518167e-07, 3.43304918715e-07, 2.28752867315e-07, 1.68296907077e-07, 1.04955219626e-07, 4.98206915722e-08, 3.6268932746e-08, 1.73626659716e-08, 1.07124948912e-08, 7.03670322011e-09], "min": [2.93820513265e-25, 1.85650303568e-25, 5.57757496326e-25, 1.96052248116e-24, 1.26749121541e-24, 1.7717151316e-24, 1.17408101233e-24, 1.86230555137e-24, 1.97882543467e-24, 1.14627484871e-24, 1.88769720897e-24, 2.54966786543e-24, 3.56860518126e-24, 2.0803496638e-24, 2.68939879758e-24, 3.26682190602e-24, 1.90455792753e-24, 3.87143547214e-24, 1.95953305237e-24, 3.89365531725e-24, 3.44578821579e-24, 4.53414647456e-24, 3.65595101613e-24, 3.90262900448e-24, 3.56822731688e-24, 5.16520324987e-24, 3.35615705087e-24, 5.10085665469e-24, 4.49130501652e-24, 4.59282234312e-24, 5.78854378224e-24, 3.83219595299e-24, 5.34039979059e-24, 4.90687615253e-24, 5.63440903883e-24, 5.55834707035e-24, 5.86238629056e-24, 6.30708690436e-24, 5.22495315255e-24, 6.40038745577e-24], "var": [1.43563170241e-08, 2.08506918398e-07, 4.68822599942e-06, 3.73749981009e-06, 1.08605377136e-06, 3.32224885824e-07, 6.14046129499e-08, 9.59497583608e-08, 2.00317188614e-07, 1.59130280508e-07, 9.20051022035e-08, 6.47016662469e-08, 2.35909691781e-08, 2.81524243917e-08, 2.30230519094e-08, 1.63579478851e-08, 1.95291036675e-08, 8.98955843098e-09, 1.06693232027e-08, 3.100485646e-09, 4.24961577039e-09, 2.35381536484e-09, 1.59105595365e-09, 6.32154606439e-10, 3.15888731839e-10, 6.78492484418e-10, 5.67410507468e-10, 1.74806821795e-10, 3.39310690656e-10, 1.17814952239e-10, 5.79491211961e-11, 6.36272562415e-11, 5.5877320132e-11, 7.12966422012e-11, 4.51114007261e-11, 1.11227181979e-11, 2.05977509354e-12, 1.82074928051e-12, 1.30805381717e-12, 4.09737971633e-13]}, "melbands_crest": {"dmean": 2.81546592712, "dmean2": 4.46893167496, "dvar": 7.81289052963, "dvar2": 19.6389694214, "max": 34.4527168274, "mean": 15.5983724594, "median": 14.8966255188, "min": 1.54997158051, "var": 38.6899986267}, "melbands_flatness_db": {"dmean": 0.0244493465871, "dmean2": 0.0359961651266, "dvar": 0.000694162328728, "dvar2": 0.00139019254129, "max": 0.554788172245, "mean": 0.231094047427, "median": 0.220041528344, "min": 0.00328546622768, "var": 0.00690880417824}, "melbands_kurtosis": {"dmean": 6.27833461761, "dmean2": 9.62761306763, "dvar": 148.821350098, "dvar2": 348.716308594, "max": 426.104644775, "mean": 14.4026536942, "median": 6.22329998016, "min": -1.91276502609, "var": 620.545227051}, "melbands_skewness": {"dmean": 0.685714066029, "dmean2": 1.03292477131, "dvar": 0.637854874134, "dvar2": 1.44226634502, "max": 17.0303115845, "mean": 2.84052848816, "median": 2.50721931458, "min": -3.16594529152, "var": 4.07157707214}, "melbands_spread": {"dmean": 7.64996433258, "dmean2": 11.6674613953, "dvar": 146.168670654, "dvar2": 283.324981689, "max": 200.934906006, "mean": 27.7259864807, "median": 21.4000682831, "min": 0.319904625416, "var": 674.358703613}, "mfcc": {"cov": [[11865.5927734, 0.464364886284, -546.832275391, 880.568664551, -861.060974121, 401.462158203, 12.1647691727, 120.554374695, -189.524475098, 424.948974609, 75.3561325073, -134.807632446, -19.2373275757], [0.464364886284, 1779.46386719, -419.806427002, -25.4663314819, 150.27772522, -194.806900024, 13.6926002502, 43.9862327576, -62.6799697876, -95.6980209351, -32.9148979187, -46.2536849976, -67.5239105225], [-546.832275391, -419.806427002, 571.485778809, -2.05596590042, -23.8117408752, 102.820526123, 39.0932121277, -22.7820472717, 35.5892028809, 6.70868825912, 1.67200696468, 52.3029556274, 45.7746162415], [880.568664551, -25.4663314819, -2.05596590042, 443.148071289, 117.727905273, 104.231567383, 15.3807191849, 19.3938331604, 8.42347335815, 8.07392597198, -25.6252498627, 2.24599671364, 11.0826559067], [-861.060974121, 150.27772522, -23.8117408752, 117.727905273, 405.347229004, 20.2100734711, -35.1579322815, 10.1137990952, 53.836730957, -57.7479286194, -23.1666717529, 5.81388425827, -21.861989975], [401.462158203, -194.806900024, 102.820526123, 104.231567383, 20.2100734711, 236.149047852, 105.103065491, 44.2034988403, 37.7516860962, 63.2951583862, 40.1737136841, 15.4059553146, 13.1756019592], [12.1647691727, 13.6926002502, 39.0932121277, 15.3807191849, -35.1579322815, 105.103065491, 202.122528076, 90.4248199463, 29.1043224335, 56.0695419312, 48.3613967896, 14.5798501968, 14.1716108322], [120.554374695, 43.9862327576, -22.7820472717, 19.3938331604, 10.1137990952, 44.2034988403, 90.4248199463, 139.293212891, 46.6133003235, 36.8664093018, 36.1576080322, 20.4433383942, 20.4141921997], [-189.524475098, -62.6799697876, 35.5892028809, 8.42347335815, 53.836730957, 37.7516860962, 29.1043224335, 46.6133003235, 116.427230835, 48.5425109863, 11.0152540207, 18.515039444, 20.2203903198], [424.948974609, -95.6980209351, 6.70868825912, 8.07392597198, -57.7479286194, 63.2951583862, 56.0695419312, 36.8664093018, 48.5425109863, 165.528625488, 80.9656143188, 3.53270101547, 30.9870967865], [75.3561325073, -32.9148979187, 1.67200696468, -25.6252498627, -23.1666717529, 40.1737136841, 48.3613967896, 36.1576080322, 11.0152540207, 80.9656143188, 120.065376282, 40.6723098755, 18.1256732941], [-134.807632446, -46.2536849976, 52.3029556274, 2.24599671364, 5.81388425827, 15.4059553146, 14.5798501968, 20.4433383942, 18.515039444, 3.53270101547, 40.6723098755, 94.558807373, 47.6995315552], [-19.2373275757, -67.5239105225, 45.7746162415, 11.0826559067, -21.861989975, 13.1756019592, 14.1716108322, 20.4141921997, 20.2203903198, 30.9870967865, 18.1256732941, 47.6995315552, 102.617256165]], "icov": [[0.000214822284761, -6.75498886267e-05, 0.000182595511433, -0.000473322055768, 0.000615116150584, -0.000478330592159, 0.00054857385112, -0.000376806419808, 0.000341149803717, -0.000526078627445, 0.000214912855881, -3.32850540872e-05, 0.000226301999646], [-6.75498886267e-05, 0.000834908976685, 0.000394945964217, 0.000156405119924, -0.000575252692215, 0.00084129627794, -0.000774773594458, -7.15883797966e-05, 0.000286723749014, 0.000286017690087, 4.37359449279e-06, 1.13804744615e-05, 8.53927631397e-05], [0.000182595511433, 0.000394945964217, 0.00261696870439, -0.000171220628545, 0.00053656892851, -0.00113105762284, -0.000206876327866, 0.000722856551874, -0.000240780645981, -4.50875677416e-06, 0.000699902419001, -0.00107201177161, -0.000286964379484], [-0.000473322055768, 0.000156405119924, -0.000171220628545, 0.00405278708786, -0.00231921323575, -0.000503279443365, -0.000866563525051, 0.000320632621879, 0.000484388001496, 3.01456420857e-05, 0.00144927308429, -0.000633375660982, -0.000786854827311], [0.000615116150584, -0.000575252692215, 0.00053656892851, -0.00231921323575, 0.00546312658116, -0.00208238838241, 0.00266416301019, -0.000991935259663, -0.00199121120386, 0.000964465085417, -0.000807269010693, 0.00030080327997, 0.00111246900633], [-0.000478330592159, 0.00084129627794, -0.00113105762284, -0.000503279443365, -0.00208238838241, 0.00896608829498, -0.00484745297581, 0.00113060045987, -0.0010368891526, -9.95649606921e-05, -0.00128360756207, 0.000167170364875, 0.000255884981016], [0.00054857385112, -0.000774773594458, -0.000206876327866, -0.000866563525051, 0.00266416301019, -0.00484745297581, 0.0110603552312, -0.00595411704853, 0.00111043523066, -0.00170050153974, -0.000472803687444, 0.000377402582671, 0.000828675867524], [-0.000376806419808, -7.15883797966e-05, 0.000722856551874, 0.000320632621879, -0.000991935259663, 0.00113060045987, -0.00595411704853, 0.0132094426081, -0.00496890721843, 0.00227351184003, -0.00264406669885, -8.93696778803e-05, -0.00183570699301], [0.000341149803717, 0.000286723749014, -0.000240780645981, 0.000484388001496, -0.00199121120386, -0.0010368891526, 0.00111043523066, -0.00496890721843, 0.0154692996293, -0.00786522869021, 0.00603312533349, -0.00384050002322, 0.000898164347745], [-0.000526078627445, 0.000286017690087, -4.50875677416e-06, 3.01456420857e-05, 0.000964465085417, -9.95649606921e-05, -0.00170050153974, 0.00227351184003, -0.00786522869021, 0.0168495513499, -0.0118383578956, 0.00758550269529, -0.00488395942375], [0.000214912855881, 4.37359449279e-06, 0.000699902419001, 0.00144927308429, -0.000807269010693, -0.00128360756207, -0.000472803687444, -0.00264406669885, 0.00603312533349, -0.0118383578956, 0.0201865136623, -0.0106025366113, 0.00390730425715], [-3.32850540872e-05, 1.13804744615e-05, -0.00107201177161, -0.000633375660982, 0.00030080327997, 0.000167170364875, 0.000377402582671, -8.93696778803e-05, -0.00384050002322, 0.00758550269529, -0.0106025366113, 0.0204233266413, -0.00859829224646], [0.000226301999646, 8.53927631397e-05, -0.000286964379484, -0.000786854827311, 0.00111246900633, 0.000255884981016, 0.000828675867524, -0.00183570699301, 0.000898164347745, -0.00488395942375, 0.00390730425715, -0.00859829224646, 0.0151158422232]], "mean": [-698.137084961, 138.180786133, -36.2215538025, 40.290222168, 8.15755653381, 0.3039970994, -14.9746656418, -1.81505227089, -9.3002872467, -8.1494512558, -13.4479379654, -10.6924877167, -11.3776426315]}, "pitch_salience": {"dmean": 0.0611282102764, "dmean2": 0.0968785732985, "dvar": 0.003681586124, "dvar2": 0.00912978406996, "max": 0.952177941799, "mean": 0.507183015347, "median": 0.520872890949, "min": 0.0702162906528, "var": 0.0162465199828}, "silence_rate_20dB": {"dmean": 0, "dmean2": 0, "dvar": 0, "dvar2": 0, "max": 1, "mean": 1, "median": 1, "min": 1, "var": 0}, "silence_rate_30dB": {"dmean": 0, "dmean2": 0, "dvar": 0, "dvar2": 0, "max": 1, "mean": 1, "median": 1, "min": 1, "var": 0}, "silence_rate_60dB": {"dmean": 0.0185510143638, "dmean2": 0.0371066816151, "dvar": 0.0182068105787, "dvar2": 0.0404903069139, "max": 1, "mean": 0.131595432758, "median": 0, "min": 0, "var": 0.114284776151}, "spectral_centroid": {"dmean": 243.392303467, "dmean2": 362.766784668, "dvar": 107499.09375, "dvar2": 194501.4375, "max": 12030.6601562, "mean": 1443.90161133, "median": 1268.16833496, "min": 164.172149658, "var": 1618010.625}, "spectral_complexity": {"dmean": 2.80521440506, "dmean2": 4.22188806534, "dvar": 10.8797426224, "dvar2": 20.4559001923, "max": 55, "mean": 16.6804103851, "median": 16, "min": 0, "var": 88.2206726074}, "spectral_contrast_coeffs": {"dmean": [0.0454295612872, 0.0412633419037, 0.0342198945582, 0.0287195555866, 0.021558502689, 0.0166228879243], "dmean2": [0.0717044770718, 0.0656509846449, 0.0544151365757, 0.0463766120374, 0.0338210314512, 0.0264568608254], "dvar": [0.00167502346449, 0.00132276513614, 0.000839523447212, 0.000543580390513, 0.000353267212631, 0.00025533454027], "dvar2": [0.00399486906826, 0.00310880946927, 0.00199071830139, 0.00134931819048, 0.000800459994934, 0.00057823053794], "max": [-0.185260728002, -0.398599565029, -0.472482383251, -0.554502665997, -0.551262974739, -0.607779502869], "mean": [-0.509084224701, -0.702809751034, -0.758686363697, -0.754716873169, -0.7599593997, -0.727247536182], "median": [-0.512109041214, -0.704730510712, -0.768798649311, -0.756343781948, -0.761767566204, -0.714432060719], "min": [-0.984375417233, -0.976235032082, -0.975650072098, -0.970630645752, -0.96559882164, -0.964776933193], "var": [0.0161577686667, 0.0072354557924, 0.00557642523199, 0.00344538292848, 0.00275758956559, 0.00277240131982]}, "spectral_contrast_valleys": {"dmean": [0.377581685781, 0.345926433802, 0.306381165981, 0.258521676064, 0.224191516638, 0.276943594217], "dmean2": [0.611588060856, 0.551017463207, 0.486656993628, 0.408012270927, 0.334068536758, 0.362636953592], "dvar": [0.129094108939, 0.108081884682, 0.0898200646043, 0.0737858489156, 0.0792170614004, 0.137880757451], "dvar2": [0.296971023083, 0.240434125066, 0.189868599176, 0.149338051677, 0.143823623657, 0.210070967674], "max": [-6.16332149506, -5.17630720139, -5.5941324234, -6.06450033188, -5.72638225555, -7.83373451233], "mean": [-8.64281463623, -7.71494674683, -8.29747486115, -8.20555210114, -8.05710411072, -11.7198057175], "median": [-8.07303905487, -7.28309822083, -7.85451555252, -7.70340108871, -7.42606019974, -11.4162139893], "min": [-27.9540100098, -28.057352066, -27.8889141083, -27.6638698578, -27.4996604919, -27.3661708832], "var": [6.02697134018, 5.8519859314, 5.57033967972, 5.69995689392, 6.12208175659, 4.47245264053]}, "spectral_decrease": {"dmean": 1.36153799346e-09, "dmean2": 2.01086014506e-09, "dvar": 3.50364425284e-18, "dvar2": 7.86581430036e-18, "max": 3.22313433073e-19, "mean": -5.20295095896e-09, "median": -4.49042669715e-09, "min": -3.10568992745e-08, "var": 1.6276816725e-17}, "spectral_energy": {"dmean": 0.00535795744509, "dmean2": 0.00787664484233, "dvar": 5.25514624314e-05, "dvar2": 0.000116636685561, "max": 0.119965232909, "mean": 0.021073428914, "median": 0.0180951748043, "min": 9.91151720651e-21, "var": 0.000259943190031}, "spectral_energyband_high": {"dmean": 0.000207102450076, "dmean2": 0.000267275609076, "dvar": 5.52910819351e-07, "dvar2": 7.58278702051e-07, "max": 0.0266651865095, "mean": 0.000414025678765, "median": 0.000103471211332, "min": 7.06784959072e-21, "var": 1.93612549992e-06}, "spectral_energyband_low": {"dmean": 0.00119034922682, "dmean2": 0.00186130334623, "dvar": 4.81119150209e-06, "dvar2": 1.23744657685e-05, "max": 0.068607673049, "mean": 0.00270964554511, "median": 0.00150125799701, "min": 4.41504228294e-24, "var": 1.43628685692e-05}, "spectral_energyband_middle_high": {"dmean": 0.00119914673269, "dmean2": 0.00169387634378, "dvar": 3.70546922568e-06, "dvar2": 7.31098407414e-06, "max": 0.053954873234, "mean": 0.00476502068341, "median": 0.00265487935394, "min": 1.20928726553e-21, "var": 3.53038485628e-05}, "spectral_energyband_middle_low": {"dmean": 0.00480625266209, "dmean2": 0.00727667473257, "dvar": 4.91383434564e-05, "dvar2": 0.00011455330241, "max": 0.108425706625, "mean": 0.0145623376593, "median": 0.0123279895633, "min": 1.58740195416e-22, "var": 0.000163633521879}, "spectral_entropy": {"dmean": 0.146125242114, "dmean2": 0.210531398654, "dvar": 0.0257539525628, "dvar2": 0.0468388795853, "max": 9.82073974609, "mean": 7.2036948204, "median": 7.29355335236, "min": 4.77165555954, "var": 0.392217338085}, "spectral_flux": {"dmean": 0.0171725079417, "dmean2": 0.0274235513061, "dvar": 0.000367784727132, "dvar2": 0.000921087688766, "max": 0.236310258508, "mean": 0.0581480041146, "median": 0.0539304167032, "min": 6.40939107344e-11, "var": 0.0013473223662}, "spectral_kurtosis": {"dmean": 3.32934188843, "dmean2": 5.82447195053, "dvar": 14.6553258896, "dvar2": 43.3373756409, "max": 56.321521759, "mean": 6.60864496231, "median": 4.51375818253, "min": -1.326644063, "var": 41.8613357544}, "spectral_rms": {"dmean": 0.000556457205676, "dmean2": 0.000794318504632, "dvar": 4.24691080525e-07, "dvar2": 8.60830198235e-07, "max": 0.0108184684068, "mean": 0.00409705284983, "median": 0.00420164596289, "min": 3.10962583808e-12, "var": 3.77362312065e-06}, "spectral_rolloff": {"dmean": 401.287384033, "dmean2": 659.054016113, "dvar": 487428.21875, "dvar2": 919301.6875, "max": 20844.140625, "mean": 1792.58056641, "median": 1571.92382812, "min": 150.732421875, "var": 5263370.5}, "spectral_skewness": {"dmean": 0.327978223562, "dmean2": 0.558736860752, "dvar": 0.109026797116, "dvar2": 0.310725331306, "max": 5.91221380234, "mean": 1.38433074951, "median": 1.20770597458, "min": -0.529891550541, "var": 0.512030005455}, "spectral_spread": {"dmean": 296348.5, "dmean2": 453252.1875, "dvar": 458015899648, "dvar2": 995647291392, "max": 52406872, "mean": 3349943.5, "median": 2748689.75, "min":