{"lowlevel": {"average_loudness": 0.710080325603, "barkbands": {"dmean": [0.000122908095364, 0.00367733091116, 0.00196167151444, 0.00156761729158, 0.0013368857326, 0.000803389179055, 0.000349153939169, 0.000188076752238, 0.000674117007293, 0.000255450460827, 0.00039095125976, 0.000290202384349, 0.000337314530043, 0.000225006311666, 0.000302994478261, 0.000190445702174, 0.000313003518386, 0.000153516055434, 9.84813159448e-05, 4.96335669595e-05, 2.39796918322e-05, 1.27706034618e-05, 7.47771446186e-06, 2.7396022233e-06, 1.72227794337e-06, 7.46339935631e-07, 5.21673300113e-08], "dmean2": [0.000207427889109, 0.00590065075085, 0.00323976366781, 0.00266584428027, 0.00216537178494, 0.00123218062799, 0.000514797458891, 0.000279539264739, 0.000926714565139, 0.00036640142207, 0.00060745148221, 0.000424663099693, 0.000508557830472, 0.000340558966855, 0.000438637885964, 0.000290240830509, 0.000465502496809, 0.000234291204833, 0.000147163955262, 7.37678710721e-05, 3.55302654498e-05, 1.84421041922e-05, 1.08925578388e-05, 3.87695718018e-06, 2.37954986915e-06, 1.17312652037e-06, 8.00436836812e-08], "dvar": [4.48028210087e-08, 6.37768534943e-05, 1.42874296216e-05, 1.01264167824e-05, 6.22745028522e-06, 2.57514261648e-06, 7.9142694176e-07, 3.13408833108e-07, 6.41251972411e-06, 2.35273341787e-06, 1.32544175813e-06, 1.01766556782e-06, 2.34116987485e-06, 1.25473138723e-06, 1.51065285081e-06, 4.44523550414e-07, 1.2823918496e-06, 5.26876362983e-07, 1.13313539885e-07, 5.00520513924e-08, 6.1019891362e-09, 1.3134106025e-09, 3.86146947751e-10, 8.08026701105e-11, 6.33111688075e-11, 1.87108384342e-11, 1.8340036995e-14], "dvar2": [1.18189092291e-07, 0.000163676508237, 3.94313174183e-05, 2.730289998e-05, 1.66140798683e-05, 5.72580984226e-06, 1.66108895883e-06, 6.68406471505e-07, 1.12569978228e-05, 4.92512981509e-06, 2.89878971671e-06, 1.81975042324e-06, 4.72312831334e-06, 2.62342950919e-06, 2.8932809073e-06, 9.72792463472e-07, 2.54418046097e-06, 1.29094769363e-06, 2.25971618306e-07, 8.41008898078e-08, 1.24616583719e-08, 2.68059174857e-09, 7.65542351733e-10, 1.50686518818e-10, 1.17244436382e-10, 5.11737943687e-11, 3.99642070738e-14], "max": [0.00309891137294, 0.0830323770642, 0.0587917082012, 0.0525247678161, 0.0348059609532, 0.042232260108, 0.0328650400043, 0.0246514119208, 0.0787071064115, 0.0914942771196, 0.0671602338552, 0.0348177067935, 0.0424039028585, 0.0341704189777, 0.0437367372215, 0.0215410627425, 0.0456722453237, 0.036998488009, 0.0146109862253, 0.0126333180815, 0.00505765760317, 0.000782047281973, 0.000390901259379, 0.000369032670278, 0.000425019505201, 0.000224704839638, 3.85401745007e-06], "mean": [0.00022104063828, 0.00635659461841, 0.00425837235525, 0.00218566693366, 0.0024910683278, 0.00156670925207, 0.000617489684373, 0.000313701340929, 0.00146320089698, 0.000465956254629, 0.000669689092319, 0.000540529377759, 0.000493100611493, 0.00031814200338, 0.00054692820413, 0.000333358155331, 0.000627456698567, 0.000245160568738, 0.000164987563039, 8.75910045579e-05, 4.01151592087e-05, 1.92982370208e-05, 1.19703136079e-05, 4.84370366394e-06, 2.8521162676e-06, 1.03771094473e-06, 1.39343839578e-07], "median": [5.83550718147e-05, 0.00323294149712, 0.0031825597398, 0.00122229289263, 0.00157426297665, 0.000745864294004, 0.000184147676919, 0.000103402664536, 0.000158587121405, 5.32720987394e-05, 9.02183819562e-05, 6.2266823079e-05, 3.80224955734e-05, 2.94325473078e-05, 5.93276417931e-05, 3.86186438845e-05, 5.29326789547e-05, 2.99693601846e-05, 1.64756202139e-05, 9.88223837339e-06, 5.18905562785e-06, 3.67114580513e-06, 2.92309960059e-06, 8.84349788066e-07, 4.64386801013e-07, 1.77895174147e-07, 7.18362116459e-08], "min": [2.68200455779e-25, 3.71670671647e-24, 9.42570945641e-25, 1.60281411998e-25, 8.95104376392e-24, 7.52432255251e-24, 6.36044979472e-24, 5.90923871187e-24, 1.52712900515e-23, 1.53877401206e-23, 1.17812794766e-23, 1.7566969949e-23, 2.62206699496e-23, 2.7432921969e-23, 3.45742462411e-23, 5.10897403341e-23, 6.82958916159e-23, 8.2428328422e-23, 1.17474300863e-22, 1.72387754134e-22, 2.27250076597e-22, 2.13773631276e-22, 4.45481844838e-22, 5.67427169498e-22, 8.71842610102e-22, 1.24212972858e-21, 1.92332417116e-21], "var": [1.0109445725e-07, 7.99747795099e-05, 2.21192931349e-05, 1.07200485218e-05, 9.23822608456e-06, 6.17565410721e-06, 1.98482052838e-06, 6.43592841243e-07, 2.84738362097e-05, 8.90380306373e-06, 5.33949423698e-06, 3.95657662011e-06, 4.52240601589e-06, 2.19033017856e-06, 5.0303651733e-06, 1.19253570574e-06, 4.59467582914e-06, 9.19945591704e-07, 2.71116590511e-07, 1.50387492681e-07, 1.31593536068e-08, 2.19374696186e-09, 6.8700756195e-10, 1.49199472221e-10, 1.27322569154e-10, 1.50924377162e-11, 4.72459528097e-14]}, "barkbands_crest": {"dmean": 2.39255166054, "dmean2": 3.80135941505, "dvar": 5.67353105545, "dvar2": 14.1655263901, "max": 25.7947177887, "mean": 10.8460216522, "median": 10.2740325928, "min": 2.2773630619, "var": 14.4665575027}, "barkbands_flatness_db": {"dmean": 0.0213905256242, "dmean2": 0.0310284011066, "dvar": 0.000523940951098, "dvar2": 0.001088403631, "max": 0.498987704515, "mean": 0.205511942506, "median": 0.195504158735, "min": 0.0189581476152, "var": 0.00501404516399}, "barkbands_kurtosis": {"dmean": 4.37368202209, "dmean2": 6.78187036514, "dvar": 62.859375, "dvar2": 155.042556763, "max": 211.142211914, "mean": 8.09599399567, "median": 4.3158121109, "min": -1.90750801563, "var": 139.430252075}, "barkbands_skewness": {"dmean": 0.607801675797, "dmean2": 0.91074770689, "dvar": 0.421600192785, "dvar2": 0.948860347271, "max": 10.423784256, "mean": 1.91923892498, "median": 1.86439919472, "min": -2.63512158394, "var": 2.2475361824}, "barkbands_spread": {"dmean": 3.42564797401, "dmean2": 5.2233042717, "dvar": 18.4524326324, "dvar2": 39.3757667542, "max": 93.2406768799, "mean": 13.9077358246, "median": 10.9976425171, "min": 0.291925370693, "var": 114.536048889}, "dissonance": {"dmean": 0.0244335792959, "dmean2": 0.0403792075813, "dvar": 0.00058764294954, "dvar2": 0.00157015526202, "max": 0.5, "mean": 0.443484812975, "median": 0.453671664, "min": 0.0442443117499, "var": 0.00168074574322}, "dynamic_complexity": 5.08414363861, "erbbands": {"dmean": [0.0933466106653, 0.912122488022, 2.16696119308, 3.72654294968, 5.24165391922, 4.91192102432, 4.72679567337, 7.2582950592, 4.20956754684, 5.71720027924, 5.04374170303, 14.5992431641, 13.7270402908, 7.44078493118, 15.3711614609, 11.281126976, 13.6373958588, 12.4493656158, 12.4830369949, 13.8288860321, 10.5801820755, 15.7465400696, 9.22378730774, 4.32269525528, 5.05747699738, 2.90622663498, 1.15333247185, 0.732310891151, 0.482327401638, 0.307798445225, 0.195950090885, 0.0773535445333, 0.0387272052467, 0.0216542761773, 0.0112302554771, 0.00488666305318, 0.00101446604822, 0.000101256642665, 1.16071023513e-05, 8.87579517439e-06], "dmean2": [0.153741002083, 1.47337853909, 3.60440921783, 6.27029466629, 8.63179397583, 7.83456659317, 7.40207433701, 11.0703744888, 6.43437051773, 8.24271297455, 7.32864332199, 19.3910903931, 18.1203536987, 10.6349172592, 23.3127880096, 16.1710777283, 19.379486084, 18.5244731903, 17.2551288605, 20.8652439117, 16.0483093262, 23.4609718323, 13.6600370407, 6.3524274826, 7.44182252884, 4.30743789673, 1.69481766224, 1.09068882465, 0.703964650631, 0.446071028709, 0.285130351782, 0.111219927669, 0.0545015819371, 0.0304523836821, 0.015900189057, 0.00744908396155, 0.00163025339134, 0.000155022426043, 1.74024626176e-05, 1.30378075482e-05], "dvar": [0.0395005010068, 3.96263098717, 18.1512699127, 45.6576805115, 140.442489624, 66.8557739258, 81.6170578003, 242.799484253, 132.320083618, 166.343673706, 226.5184021, 3688.47094727, 4885.3984375, 630.312744141, 2076.8425293, 1559.65844727, 3322.9230957, 3170.91503906, 2719.77001953, 2381.48388672, 1302.21704102, 3489.44946289, 2239.67382812, 151.466934204, 416.575897217, 208.532302856, 18.3188896179, 4.23328542709, 1.9331291914, 0.765705287457, 0.27286952734, 0.0505468584597, 0.0234548244625, 0.011320348829, 0.0024876378011, 0.000643001752906, 4.00207391067e-05, 1.89093597669e-07, 7.45694561655e-10, 1.77085790476e-10], "dvar2": [0.10437925905, 10.287528038, 50.9073181152, 123.349105835, 379.808898926, 170.071777344, 200.843719482, 546.60345459, 284.456512451, 350.180084229, 470.976318359, 5775.78027344, 8381.66503906, 1049.44091797, 4452.32226562, 2801.6496582, 6511.6953125, 6377.9609375, 4553.8671875, 5102.67578125, 2716.02612305, 7189.93212891, 5177.36376953, 323.996368408, 803.56439209, 334.089050293, 36.2677268982, 8.91499710083, 4.03138542175, 1.51701629162, 0.541203796864, 0.0955923274159, 0.0449230521917, 0.0202532038093, 0.00510460045189, 0.00168537918944, 0.000111043904326, 4.84156373659e-07, 1.64244895462e-09, 3.899665868e-10], "max": [2.15297079086, 19.7609767914, 72.5260391235, 101.379753113, 182.657775879, 172.864044189, 161.478302002, 478.11239624, 458.39163208, 325.184509277, 667.371643066, 1983.64331055, 3578.68359375, 1954.3215332, 2458.27929688, 1487.71508789, 2267.84741211, 1960.66479492, 2374.48266602, 1603.66552734, 1384.06628418, 2210.00219727, 2438.08544922, 377.656433105, 1027.04248047, 883.532409668, 309.861083984, 39.7369270325, 29.9281730652, 21.9323062897, 12.0239400864, 6.08383607864, 7.79554414749, 5.93762969971, 3.21648192406, 1.25047361851, 0.331837713718, 0.0189512167126, 0.000755917979404, 0.000168306214618], "mean": [0.156294822693, 1.51959764957, 4.64876890182, 6.44987297058, 8.36984825134, 8.57595443726, 9.10686779022, 13.7619600296, 8.04037570953, 10.1185817719, 9.34992694855, 31.2927818298, 27.8237781525, 15.4229412079, 29.459274292, 21.6018505096, 22.2119159698, 20.2757358551, 23.7690105438, 24.3922176361, 20.6035842896, 31.8422851562, 18.0488319397, 7.78378582001, 8.8103017807, 5.44668626785, 2.0960919857, 1.18254077435, 0.753171741962, 0.482902944088, 0.31979829073, 0.13076210022, 0.0651627928019, 0.0353367328644, 0.0181873589754, 0.006855327636, 0.00148103502579, 0.000222523580305, 3.62903665518e-05, 2.84472353087e-05], "median": [0.0938944667578, 0.796690821648, 3.85081982613, 4.28716945648, 4.5911397934, 5.0529794693, 4.79252338409, 5.76638841629, 3.18284845352, 3.48642230034, 2.9768576622, 3.20725059509, 3.22651219368, 3.43227887154, 4.70865249634, 3.26759362221, 2.27990055084, 2.08015394211, 2.64894223213, 3.05365419388, 2.95096874237, 2.96783709526, 2.02742338181, 1.13495969772, 0.973352432251, 0.629621088505, 0.298305988312, 0.164732009172, 0.137201845646, 0.115466594696, 0.0704536587, 0.0274189934134, 0.0108951888978, 0.00565284863114, 0.00300747854635, 0.00109796458855, 0.000280964333797, 7.37632653909e-05, 2.34311337408e-05, 2.32662296185e-05], "min": [8.90548168239e-23, 9.25188085573e-22, 2.37823412812e-21, 2.64534985224e-21, 6.11386639079e-21, 2.61068395677e-20, 1.58803087194e-20, 8.53637790575e-20, 9.14213648549e-20, 2.24166152797e-19, 1.8618325984e-19, 4.87394876046e-19, 4.83814683259e-19, 9.33882982464e-19, 5.41993862956e-19, 1.06427053184e-18, 1.88445516097e-18, 1.48083641358e-18, 2.2943696834e-18, 3.45532470415e-18, 4.85505347373e-18, 5.63094764753e-18, 5.13721346607e-18, 5.63013246104e-18, 7.186889269e-18, 9.02101173046e-18, 1.04231291909e-17, 1.04853182837e-17, 9.09568297872e-18, 9.77236635062e-18, 1.22946286355e-17, 1.1554296197e-17, 8.60136563492e-18, 8.28980474848e-18, 6.85103077924e-18, 3.81437258199e-18, 2.49045140004e-18, 1.00999879826e-18, 2.46623511892e-19, 2.71938243628e-20], "var": [0.0459893941879, 4.76381492615, 24.7805595398, 57.0698051453, 168.965530396, 115.134841919, 182.640609741, 542.923095703, 339.28805542, 360.417449951, 565.851989746, 15061.8759766, 20617.6289062, 3607.79223633, 8548.15429688, 5390.59570312, 7228.23291016, 7085.24658203, 10892.6113281, 5649.61230469, 4132.19677734, 11322.6552734, 5052.32128906, 360.832397461, 1016.15814209, 661.986206055, 48.5939254761, 7.18886089325, 3.360019207, 1.28943657875, 0.48763898015, 0.0917083695531, 0.0396515466273, 0.0213297791779, 0.00492100603878, 0.000624392181635, 3.01768741338e-05, 2.32563678537e-07, 1.8860442097e-09, 5.50208101302e-10]}, "erbbands_crest": {"dmean": 2.72041392326, "dmean2": 4.27267599106, "dvar": 6.81724357605, "dvar2": 15.7630739212, "max": 31.9952354431, "mean": 10.5559425354, "median": 9.4682264328, "min": 2.59852433205, "var": 23.0368976593}, "erbbands_flatness_db": {"dmean": 0.0172254480422, "dmean2": 0.0238057337701, "dvar": 0.000291186675895, "dvar2": 0.000517838110682, "max": 0.368506044149, "mean": 0.198912411928, "median": 0.191626489162, "min": 0.0654764473438, "var": 0.00254446896724}, "erbbands_kurtosis": {"dmean": 1.11830306053, "dmean2": 1.71620118618, "dvar": 2.80102276802, "dvar2": 6.01197338104, "max": 42.6174850464, "mean": 1.03275871277, "median": 0.106608748436, "min": -1.84946382046, "var": 9.63669204712}, "erbbands_skewness": {"dmean": 0.385077416897, "dmean2": 0.578815996647, "dvar": 0.137433290482, "dvar2": 0.291977852583, "max": 5.40565252304, "mean": 0.275671690702, "median": 0.326232165098, "min": -3.89208769798, "var": 1.0344055891}, "erbbands_spread": {"dmean": 6.64499616623, "dmean2": 10.0289459229, "dvar": 50.5970115662, "dvar2": 111.011993408, "max": 128.512771606, "mean": 31.1453990936, "median": 29.7296028137, "min": 2.2723197937, "var": 232.256759644}, "gfcc": {"cov": [[24201.6523438, 1037.91540527, -2470.05932617, 981.760437012, -729.118164062, 292.106964111, -327.041046143, 120.684135437, -149.837036133, -86.487663269, -138.408065796, -76.0447998047, -139.058624268], [1037.91540527, 1204.89196777, 365.298278809, -261.313354492, 247.406265259, -61.6194839478, 115.947914124, -48.7002563477, 96.1568374634, -69.9776687622, 56.9226036072, -68.3598709106, -39.4510536194], [-2470.05932617, 365.298278809, 1321.39733887, -40.4863853455, 100.385597229, 36.6925201416, 84.3312835693, -88.5968856812, 29.9869499207, 59.4347686768, 10.8016910553, -19.1080799103, 28.6370639801], [981.760437012, -261.313354492, -40.4863853455, 473.912475586, 6.49607944489, 14.8026266098, -32.8094978333, 28.8113746643, -22.7679367065, 9.94222640991, -36.9481620789, -12.6545734406, 24.8091144562], [-729.118164062, 247.406265259, 100.385597229, 6.49607944489, 397.610595703, -4.08893203735, 62.2386817932, 15.7601423264, 45.3934326172, -27.3595199585, 29.3790931702, -25.3358478546, -6.15207529068], [292.106964111, -61.6194839478, 36.6925201416, 14.8026266098, -4.08893203735, 189.956848145, 52.4960632324, 5.32149600983, -8.51059246063, -0.23647801578, -6.03105449677, 7.62082624435, 6.16391849518], [-327.041046143, 115.947914124, 84.3312835693, -32.8094978333, 62.2386817932, 52.4960632324, 176.251708984, 52.4102745056, 0.933922946453, -27.2789306641, 18.0034122467, -6.64361906052, 2.39642453194], [120.684135437, -48.7002563477, -88.5968856812, 28.8113746643, 15.7601423264, 5.32149600983, 52.4102745056, 125.117774963, 25.4350738525, -23.0892963409, -5.11129713058, 1.58078110218, -14.1724061966], [-149.837036133, 96.1568374634, 29.9869499207, -22.7679367065, 45.3934326172, -8.51059246063, 0.933922946453, 25.4350738525, 141.439483643, 21.8091506958, 5.54613113403, -19.3395767212, -12.2416934967], [-86.487663269, -69.9776687622, 59.4347686768, 9.94222640991, -27.3595199585, -0.23647801578, -27.2789306641, -23.0892963409, 21.8091506958, 118.124084473, 23.9386692047, -0.716952323914, 15.7503080368], [-138.408065796, 56.9226036072, 10.8016910553, -36.9481620789, 29.3790931702, -6.03105449677, 18.0034122467, -5.11129713058, 5.54613113403, 23.9386692047, 85.6748428345, 23.8134212494, -13.8267421722], [-76.0447998047, -68.3598709106, -19.1080799103, -12.6545734406, -25.3358478546, 7.62082624435, -6.64361906052, 1.58078110218, -19.3395767212, -0.716952323914, 23.8134212494, 81.9971084595, 23.403049469], [-139.058624268, -39.4510536194, 28.6370639801, 24.8091144562, -6.15207529068, 6.16391849518, 2.39642453194, -14.1724061966, -12.2416934967, 15.7503080368, -13.8267421722, 23.403049469, 95.0868377686]], "icov": [[0.000154674169607, -0.000588457274716, 0.000375163886929, -0.000529057171661, 0.000416204275098, -0.000528642674908, 0.000393693044316, -0.000287597649731, 0.000325299828546, -0.000390603760025, 0.000258740561549, -0.000186726581887, 0.000205673568416], [-0.000588457274716, 0.00376535276882, -0.00171637139283, 0.0026084089186, -0.00206646858715, 0.0025566322729, -0.00217499770224, 0.00201822258532, -0.00210573384538, 0.00277093495242, -0.0019357916899, 0.00184307002928, -0.000870993651915], [0.000375163886929, -0.00171637139283, 0.00187432090752, -0.00140578998253, 0.000915814831387, -0.00137166318018, 0.000299138657283, 9.70902547124e-05, 0.00070322357351, -0.00171075877734, 0.00116740644444, -0.000768838450313, 0.000526832242031], [-0.000529057171661, 0.0026084089186, -0.00140578998253, 0.00444692187011, -0.00188083248213, 0.00166697066743, -0.000716326816473, 0.000166675206856, -0.000726698548533, 0.00138483941555, -0.000606850255281, 0.00167271320242, -0.00143809895962], [0.000416204275098, -0.00206646858715, 0.000915814831387, -0.00188083248213, 0.00434564426541, -0.00140855915379, 0.000564587418921, -0.000932958268095, 0.000136003553052, -0.000157248403411, -0.000698897871189, 0.000345321488567, 4.23430319643e-05], [-0.000528642674908, 0.0025566322729, -0.00137166318018, 0.00166697066743, -0.00140855915379, 0.00804885756224, -0.0041050654836, 0.00218334048986, -0.00140159425791, 0.00107716687489, 0.000234393664869, -0.000321668689139, -0.000163831398822], [0.000393693044316, -0.00217499770224, 0.000299138657283, -0.000716326816473, 0.000564587418921, -0.0041050654836, 0.0107868090272, -0.0059447507374, 0.00238545215689, 0.000664224848151, -0.00249398779124, 0.00183409173042, -0.00170208525378], [-0.000287597649731, 0.00201822258532, 9.70902547124e-05, 0.000166675206856, -0.000932958268095, 0.00218334048986, -0.0059447507374, 0.0130878575146, -0.00397502537817, 0.00212468951941, 0.00117102987133, -0.00157267029863, 0.00193632382434], [0.000325299828546, -0.00210573384538, 0.00070322357351, -0.000726698548533, 0.000136003553052, -0.00140159425791, 0.00238545215689, -0.00397502537817, 0.00985723547637, -0.00360776856542, 0.000908920774236, 0.000835383951198, 0.000820157758426], [-0.000390603760025, 0.00277093495242, -0.00171075877734, 0.00138483941555, -0.000157248403411, 0.00107716687489, 0.000664224848151, 0.00212468951941, -0.00360776856542, 0.013672974892, -0.0068300338462, 0.00394717929885, -0.00374168227427], [0.000258740561549, -0.0019357916899, 0.00116740644444, -0.000606850255281, -0.000698897871189, 0.000234393664869, -0.00249398779124, 0.00117102987133, 0.000908920774236, -0.0068300338462, 0.018988667056, -0.00864354148507, 0.00569587154314], [-0.000186726581887, 0.00184307002928, -0.000768838450313, 0.00167271320242, 0.000345321488567, -0.000321668689139, 0.00183409173042, -0.00157267029863, 0.000835383951198, 0.00394717929885, -0.00864354148507, 0.0184949878603, -0.00630588456988], [0.000205673568416, -0.000870993651915, 0.000526832242031, -0.00143809895962, 4.23430319643e-05, -0.000163831398822, -0.00170208525378, 0.00193632382434, 0.000820157758426, -0.00374168227427, 0.00569587154314, -0.00630588456988, 0.0141231613234]], "mean": [-97.7286453247, 145.444458008, -108.437255859, 32.424407959, -32.2953643799, 3.19379734993, -27.7648963928, 1.34615254402, -17.1752128601, -7.35494661331, -11.3749418259, 0.320949822664, -6.36492490768]}, "hfc": {"dmean": 3.61042714119, "dmean2": 4.95508384705, "dvar": 51.1002426147, "dvar2": 89.5552368164, "max": 150.557769775, "mean": 12.1509799957, "median": 5.38634872437, "min": 1.06652757273e-16, "var": 274.849639893}, "melbands": {"dmean": [0.000924496212974, 0.00112649786752, 0.000697882205714, 0.000334582698997, 0.000169826569618, 0.000156053167302, 6.80869270582e-05, 5.52435703867e-05, 4.72952924611e-05, 9.91788765532e-05, 6.70908702887e-05, 2.77106755675e-05, 6.0359496274e-05, 3.48206667695e-05, 2.61960140051e-05, 3.53775722033e-05, 2.23550450755e-05, 1.89531492651e-05, 2.35546503973e-05, 1.40195388667e-05, 1.34744386742e-05, 1.78612044692e-05, 1.38797095133e-05, 6.77960952089e-06, 3.2403786463e-06, 4.49929666502e-06, 2.29695820053e-06, 1.91013782569e-06, 7.61715625686e-07, 6.03933472121e-07, 3.81973023877e-07, 2.92767026622e-07, 2.31647234727e-07, 1.70562827861e-07, 1.35047059757e-07, 6.54695639923e-08, 4.24551096501e-08, 2.76080349693e-08, 2.46737990039e-08, 1.72480945082e-08], "dmean2": [0.00147456256673, 0.00184323266149, 0.00116228859406, 0.000548113952391, 0.000261008710368, 0.000238089633058, 0.000102536221675, 7.96021631686e-05, 6.8367269705e-05, 0.000133205030579, 8.92529424164e-05, 3.94549933844e-05, 9.29689631448e-05, 5.01875874761e-05, 3.67655884475e-05, 5.24166534888e-05, 3.33496391249e-05, 2.64321970462e-05, 3.47298337147e-05, 2.1437950636e-05, 2.07243283512e-05, 2.67329542112e-05, 2.02046958293e-05, 1.01519481177e-05, 4.87847046315e-06, 6.67588074066e-06, 3.46140154761e-06, 2.85999226435e-06, 1.12559098397e-06, 9.17301349546e-07, 5.71720079279e-07, 4.33953772472e-07, 3.4114671621e-07, 2.50520685086e-07, 2.00580672072e-07, 9.44830986782e-08, 6.18026447796e-08, 3.94263999226e-08, 3.55512099759e-08, 2.48434695038e-08], "dvar": [4.00276348955e-06, 4.93092557008e-06, 1.70061377958e-06, 4.11741552853e-07, 9.21687188793e-08, 1.07355020873e-07, 3.15704973275e-08, 1.5757661842e-08, 2.41753852492e-08, 1.58731864985e-07, 1.16654192084e-07, 1.18197283072e-08, 3.21959525706e-08, 1.45895269199e-08, 1.22837215955e-08, 2.47243665541e-08, 1.18982423913e-08, 7.77515385408e-09, 1.16742082668e-08, 2.6197504166e-09, 2.24816343319e-09, 4.9141513081e-09, 4.95282126423e-09, 1.28354504803e-09, 8.79615408289e-11, 3.27399080069e-10, 7.3201680828e-11, 9.59368418041e-11, 1.23294065929e-11, 2.69300315554e-12, 1.32470000681e-12, 7.84532486718e-13, 4.28288453964e-13, 2.23558246026e-13, 1.18511306996e-13, 4.40392656424e-14, 1.43689212276e-14, 9.62557314535e-15, 1.6836150326e-14, 7.54755568618e-15], "dvar2": [1.01490768429e-05, 1.3390436834e-05, 4.55169220004e-06, 1.10002724796e-06, 2.2451720838e-07, 2.40257122641e-07, 6.66029222884e-08, 3.31941407694e-08, 5.22323801988e-08, 2.50916059485e-07, 2.01850866688e-07, 1.80352817125e-08, 6.88388652748e-08, 2.53509462311e-08, 2.24457874509e-08, 5.05648678484e-08, 2.43016078372e-08, 1.36522677607e-08, 2.31343975088e-08, 5.74755842919e-09, 4.68340299875e-09, 1.03834025822e-08, 9.38981514764e-09, 2.95837265796e-09, 1.92021509804e-10, 6.38017694232e-10, 1.44382811262e-10, 1.54935314578e-10, 2.48655089574e-11, 5.98715868549e-12, 2.8617930508e-12, 1.70191779506e-12, 8.95015994911e-13, 4.63824128844e-13, 2.46751973238e-13, 8.71142012151e-14, 2.84664971445e-14, 1.83697780159e-14, 3.24268301826e-14, 1.49111781679e-14], "max": [0.0212919209152, 0.0322563201189, 0.0193048100919, 0.00903592258692, 0.00507100392133, 0.00964133348316, 0.00731942337006, 0.00465636746958, 0.00574663002044, 0.0120426062495, 0.0178694929928, 0.00838261749595, 0.0109017649665, 0.00425406638533, 0.00429815566167, 0.00474730879068, 0.00398472556844, 0.00456643616781, 0.00475010788068, 0.00178525119554, 0.00150966201909, 0.00263519329019, 0.00271185906604, 0.00246441620402, 0.000233066952205, 0.000826120784041, 0.000329527043505, 0.000610477931332, 0.000280462641967, 3.45283224306e-05, 2.10878079088e-05, 1.82716248673e-05, 1.62744272529e-05, 1.06899196908e-05, 7.24111669115e-06, 7.07994968252e-06, 3.23547487824e-06, 4.25799453296e-06, 8.65006131789e-06, 4.46696458312e-06], "mean": [0.00157733308151, 0.00238128658384, 0.0012406866299, 0.000583103450481, 0.000341507344274, 0.000298717990518, 0.000129577267217, 9.74311697064e-05, 8.12888465589e-05, 0.000216918298975, 0.000133163193823, 5.50710792595e-05, 0.000106928309833, 6.65517654852e-05, 4.40038056695e-05, 5.28590135218e-05, 3.32585368596e-05, 3.26250628859e-05, 4.2356128688e-05, 2.33471364481e-05, 2.42525675276e-05, 3.33303032676e-05, 2.83128192677e-05, 1.06689949462e-05, 5.24187544215e-06, 7.53611084292e-06, 3.95900588046e-06, 3.37142296303e-06, 1.2560938103e-06, 9.79200876827e-07, 5.53492156996e-07, 4.31900900821e-07, 3.46337060364e-07, 2.51951490782e-07, 2.19170189553e-07, 9.28787429189e-08, 7.08447913667e-08, 4.44962253709e-08, 3.78241153953e-08, 2.67774549201e-08], "median": [0.000880116596818, 0.00183829944581, 0.000856277882122, 0.000363703788025, 0.000200507056434, 0.000128857282107, 5.08106895722e-05, 3.46747983713e-05, 2.02850060305e-05, 2.04765201488e-05, 1.3792903701e-05, 1.13850855996e-05, 1.55788729899e-05, 8.6451846073e-06, 4.6209715947e-06, 4.49026811111e-06, 2.98069335258e-06, 3.06330798594e-06, 4.16153307015e-06, 3.05846742776e-06, 2.58022350863e-06, 2.99014664051e-06, 1.59074102157e-06, 1.19330775306e-06, 6.12104258835e-07, 6.98635460594e-07, 4.02893306273e-07, 3.21285995142e-07, 1.30739806536e-07, 1.16255577609e-07, 6.79549287952e-08, 6.87557601964e-08, 5.62478206234e-08, 4.7972910977e-08, 4.28114432793e-08, 1.91073201705e-08, 1.33805126978e-08, 7.21442372509e-09, 5.20647125413e-09, 4.26579793711e-09], "min": [1.69565710742e-24, 1.62657645934e-24, 4.86891064374e-25, 1.94676415532e-24, 8.59949795948e-25, 1.8901844874e-24, 1.28934197223e-24, 2.01608392686e-24, 1.586578056e-24, 2.4002720067e-24, 1.84259586165e-24, 3.48103688761e-24, 1.80381979829e-24, 2.5186687873e-24, 2.50421093906e-24, 2.88814165302e-24, 2.13496802629e-24, 3.94653542475e-24, 2.63222353967e-24, 4.48353631433e-24, 4.7516480479e-24, 4.263102545e-24, 4.46065106503e-24, 3.79643531043e-24, 3.66558774095e-24, 4.67438937743e-24, 5.02850114917e-24, 5.61097434792e-24, 5.49986328941e-24, 5.93525613339e-24, 5.28149002477e-24, 5.25706334127e-24, 3.75574113178e-24, 5.3517720094e-24, 6.1413062074e-24, 6.52076092459e-24, 5.75124801636e-24, 5.39126830277e-24, 6.42536910292e-24, 6.87450548158e-24], "var": [4.89416561322e-06, 6.89877970217e-06, 2.09041672861e-06, 5.45196542134e-07, 2.02108026315e-07, 2.46702825279e-07, 8.25051813536e-08, 3.26672981998e-08, 5.41093214679e-08, 6.95614460255e-07, 5.07014419782e-07, 7.32286835614e-08, 1.33926874923e-07, 6.34745660477e-08, 3.33365726135e-08, 4.71861696383e-08, 2.39272299751e-08, 2.56109409236e-08, 3.38008021572e-08, 5.38998579103e-09, 6.65624133589e-09, 1.46181990957e-08, 1.7805582786e-08, 2.36513608698e-09, 1.90408938616e-10, 7.46619766012e-10, 1.90430865521e-10, 2.97924684922e-10, 2.94476873441e-11, 5.32986892468e-12, 1.97577718075e-12, 1.35938330904e-12, 7.11253321864e-13, 3.82545422206e-13, 2.16938094008e-13, 6.60466147918e-14, 2.81171807571e-14, 1.71970117725e-14, 2.52855580847e-14, 1.35949872236e-14]}, "melbands_crest": {"dmean": 2.70794391632, "dmean2": 4.38223838806, "dvar": 6.36313343048, "dvar2": 16.203962326, "max": 34.3315582275, "mean": 14.5524702072, "median": 14.4566221237, "min": 1.61030316353, "var": 19.2084655762}, "melbands_flatness_db": {"dmean": 0.026271270588, "dmean2": 0.03745251894, "dvar": 0.000830142002087, "dvar2": 0.00164248491637, "max": 0.651275753975, "mean": 0.300433129072, "median": 0.287874162197, "min": 0.00254844594747, "var": 0.00926692597568}, "melbands_kurtosis": {"dmean": 8.5214138031, "dmean2": 13.1674871445, "dvar": 173.351959229, "dvar2": 399.590362549, "max": 223.393508911, "mean": 17.74310112, "median": 10.7171421051, "min": -1.83477222919, "var": 476.325561523}, "melbands_skewness": {"dmean": 0.764709293842, "dmean2": 1.14919245243, "dvar": 0.631030261517, "dvar2": 1.39004826546, "max": 10.4815683365, "mean": 2.88340115547, "median": 2.73020768166, "min": -1.5448590517, "var": 3.12150716782}, "melbands_spread": {"dmean": 4.67627668381, "dmean2": 7.06363582611, "dvar": 44.4028739929, "dvar2": 95.054069519, "max": 159.58241272, "mean": 16.6084213257, "median": 10.0860977173, "min": 0.401216864586, "var": 328.232147217}, "mfcc": {"cov": [[12746.5888672, 802.319885254, -1573.59082031, 527.37121582, -296.928527832, 86.5117645264, -153.820129395, 260.764648438, -113.404006958, 71.6247024536, -79.9705200195, -45.5190963745, -20.5529079437], [802.319885254, 2102.39892578, 190.060409546, 61.0844078064, 178.700393677, 52.2126312256, 57.2477912903, 74.1484146118, -13.8142213821, -3.23239088058, 102.93196106, 54.4793128967, -33.0662078857], [-1573.59082031, 190.060409546, 933.722229004, 27.8233509064, 46.1464920044, 100.480438232, 51.3604927063, -73.4368209839, 48.3985214233, -16.4770317078, -17.1964187622, -14.5787916183, 32.4876670837], [527.37121582, 61.0844078064, 27.8233509064, 355.911132812, 99.3195877075, 12.15371418, 28.545633316, -1.72695422173, 32.9188499451, 20.7124786377, -35.8425674438, 14.2913713455, 38.1950340271], [-296.928527832, 178.700393677, 46.1464920044, 99.3195877075, 245.835769653, 51.9848747253, 14.7476243973, 16.5263977051, 20.4491100311, 14.0385055542, 3.56650018692, 21.5583972931, 13.8664550781], [86.5117645264, 52.2126312256, 100.480438232, 12.15371418, 51.9848747253, 151.215759277, 39.3356513977, -4.80358123779, 16.2960987091, 14.8055410385, -4.49742507935, -17.1838340759, 9.78314876556], [-153.820129395, 57.2477912903, 51.3604927063, 28.545633316, 14.7476243973, 39.3356513977, 183.983810425, 43.9228630066, 18.4965286255, -17.9611911774, -9.26966190338, 16.9917125702, 1.79139411449], [260.764648438, 74.1484146118, -73.4368209839, -1.72695422173, 16.5263977051, -4.80358123779, 43.9228630066, 182.280929565, 25.921049118, -2.45625734329, 28.9204292297, 8.9030456543, -13.7622032166], [-113.404006958, -13.8142213821, 48.3985214233, 32.9188499451, 20.4491100311, 16.2960987091, 18.4965286255, 25.921049118, 114.257987976, 35.9507522583, -23.8773574829, -16.6274032593, 12.6152648926], [71.6247024536, -3.23239088058, -16.4770317078, 20.7124786377, 14.0385055542, 14.8055410385, -17.9611911774, -2.45625734329, 35.9507522583, 114.716438293, 21.3223991394, -21.3991184235, 5.72161531448], [-79.9705200195, 102.93196106, -17.1964187622, -35.8425674438, 3.56650018692, -4.49742507935, -9.26966190338, 28.9204292297, -23.8773574829, 21.3223991394, 129.211990356, 40.1859092712, -33.035861969], [-45.5190963745, 54.4793128967, -14.5787916183, 14.2913713455, 21.5583972931, -17.1838340759, 16.9917125702, 8.9030456543, -16.6274032593, -21.3991184235, 40.1859092712, 120.087265015, 14.2371711731], [-20.5529079437, -33.0662078857, 32.4876670837, 38.1950340271, 13.8664550781, 9.78314876556, 1.79139411449, -13.7622032166, 12.6152648926, 5.72161531448, -33.035861969, 14.2371711731, 105.237045288]], "icov": [[0.00016271766799, -0.000112325702503, 0.000292318640277, -0.000370899768313, 0.000459546630736, -0.000467657897389, 0.000260137137957, -0.000251055695117, 0.000192839899682, -7.55760775064e-05, 0.000249946198892, -5.20433204656e-05, 5.30187826371e-05], [-0.000112325702503, 0.000625190208666, -0.000319767568726, 0.000212353348616, -0.000668889901135, 0.000310982810333, -0.000264423753833, 4.44563283963e-06, 3.24280949826e-06, 9.73733694991e-05, -0.00053426483646, -2.40272834162e-06, 8.73797471286e-05], [0.000292318640277, -0.000319767568726, 0.00182919879444, -0.000667083484586, 0.000802373106126, -0.00149725051597, 0.000201785645913, 0.000311566516757, -0.000450262363302, 0.000499757705256, 7.33869746909e-05, 0.000181535622687, -0.000269904034212], [-0.000370899768313, 0.000212353348616, -0.000667083484586, 0.00432015163824, -0.00235989317298, 0.00151148810983, -0.00107924046461, 0.000721083197277, -0.000780902337283, -0.000567673007026, 0.00045599025907, -0.000363701838069, -0.000767819059547], [0.000459546630736, -0.000668889901135, 0.000802373106126, -0.00235989317298, 0.0066783153452, -0.00313086225651, 0.00124332203995, -0.00116249185521, 0.000152170439833, -0.000457605841802, 0.00086212035967, -0.0012502069585, 0.000172701606061], [-0.000467657897389, 0.000310982810333, -0.00149725051597, 0.00151148810983, -0.00313086225651, 0.00982284732163, -0.00268017454073, 0.00124128884636, -0.000576729013119, -0.000675851886626, -0.0011608961504, 0.00186785066035, -0.000883906788658], [0.000260137137957, -0.000264423753833, 0.000201785645913, -0.00107924046461, 0.00124332203995, -0.00268017454073, 0.00715155573562, -0.00214274786413, -0.000325642584357, 0.000849685631692, 0.0013948752312, -0.00152189237997, 0.000617120065726], [-0.000251055695117, 4.44563283963e-06, 0.000311566516757, 0.000721083197277, -0.00116249185521, 0.00124128884636, -0.00214274786413, 0.00742098176852, -0.00276476843283, 0.0013722050935, -0.00263221096247, 0.000740315008443, -3.04416589643e-05], [0.000192839899682, 3.24280949826e-06, -0.000450262363302, -0.000780902337283, 0.000152170439833, -0.000576729013119, -0.000325642584357, -0.00276476843283, 0.0122511936352, -0.00458021368831, 0.00343725434504, -1.90812697838e-05, 6.6437149826e-07], [-7.55760775064e-05, 9.73733694991e-05, 0.000499757705256, -0.000567673007026, -0.000457605841802, -0.000675851886626, 0.000849685631692, 0.0013722050935, -0.00458021368831, 0.012236552313, -0.00474739540368, 0.00315274391323, -0.00167735735886], [0.000249946198892, -0.00053426483646, 7.33869746909e-05, 0.00045599025907, 0.00086212035967, -0.0011608961504, 0.0013948752312, -0.00263221096247, 0.00343725434504, -0.00474739540368, 0.0131690884009, -0.00528418458998, 0.00401411950588], [-5.20433204656e-05, -2.40272834162e-06, 0.000181535622687, -0.000363701838069, -0.0012502069585, 0.00186785066035, -0.00152189237997, 0.000740315008443, -1.90812697838e-05, 0.00315274391323, -0.00528418458998, 0.0117373643443, -0.00323698320426], [5.30187826371e-05, 8.73797471286e-05, -0.000269904034212, -0.000767819059547, 0.000172701606061, -0.000883906788658, 0.000617120065726, -3.04416589643e-05, 6.6437149826e-07, -0.00167735735886, 0.00401411950588, -0.00323698320426, 0.0117362355813]], "mean": [-737.794189453, 171.254669189, -3.59611964226, 35.5780830383, 13.4280986786, 9.20317363739, 0.639331698418, 9.33441829681, -0.63777077198, -1.03660273552, -4.54963254929, -1.42811608315, 2.61690688133]}, "pitch_salience": {"dmean": 0.0705596506596, "dmean2": 0.11383908242, "dvar": 0.00437531806529, "dvar2": 0.0113706272095, "max": 0.920717179775, "mean": 0.518829643726, "median": 0.519150495529, "min": 0.135984286666, "var": 0.0127458907664}, "silence_rate_20dB": {"dmean": 0, "dmean2": 0, "dvar": 0, "dvar2": 0, "max": 1, "mean": 1, "median": 1, "min": 1, "var": 0}, "silence_rate_30dB": {"dmean": 0.00187952257693, "dmean2": 0.00375939859077, "dvar": 0.00187602173537, "dvar2": 0.00487304572016, "max": 1, "mean": 0.99849653244, "median": 1, "min": 0, "var": 0.00150112551637}, "silence_rate_60dB": {"dmean": 0.0257494598627, "dmean2": 0.0515037588775, "dvar": 0.0250820815563, "dvar2": 0.0573023334146, "max": 1, "mean": 0.11200901866, "median": 0, "min": 0, "var": 0.0994593650103}, "spectral_centroid": {"dmean": 170.755203247, "dmean2": 259.712280273, "dvar": 58478.1054688, "dvar2": 122837.164062, "max": 11564.1083984, "mean": 975.107666016, "median": 770.644042969, "min": 130.438751221, "var": 983738.6875}, "spectral_complexity": {"dmean": 2.23851132393, "dmean2": 3.37650370598, "dvar": 11.0352659225, "dvar2": 20.0790081024, "max": 50, "mean": 11.3180789948, "median": 10, "min": 0, "var": 50.9577903748}, "spectral_contrast_coeffs": {"dmean": [0.0440999940038, 0.0424375534058, 0.0370572768152, 0.0313084237278, 0.0239215102047, 0.0158087387681], "dmean2": [0.0726545974612, 0.0686400607228, 0.0580564290285, 0.0484064333141, 0.0358890518546, 0.0240781661123], "dvar": [0.00166622863617, 0.00126286002342, 0.00101693323813, 0.000739438692108, 0.000483559066197, 0.000227189317229], "dvar2": [0.00427216431126, 0.00333278509788, 0.00231713359244, 0.00162833742797, 0.000962598714978, 0.00045626872452], "max": [-0.357251226902, -0.433965027332, -0.407827705145, -0.46579772234, -0.517897188663, -0.615603268147], "mean": [-0.66591155529, -0.72027182579, -0.74879771471, -0.75781840086, -0.750527262688, -0.761223495007], "median": [-0.665829777718, -0.720766246319, -0.759022653103, -0.766579389572, -0.751590371132, -0.758487045765], "min": [-0.977494120598, -0.972471415997, -0.985300540924, -0.971544981003, -0.966980099678, -0.964993357658], "var": [0.00585715239868, 0.00522954016924, 0.00683146622032, 0.00542216328904, 0.00582637311891, 0.00300096627325]}, "spectral_contrast_valleys": {"dmean": [0.357852399349, 0.356917977333, 0.323209494352, 0.322954148054, 0.308399617672, 0.286289393902], "dmean2": [0.573685467243, 0.57122951746, 0.501194000244, 0.475909471512, 0.415516227484, 0.361007422209], "dvar": [0.149334892631, 0.139905691147, 0.119915775955, 0.13820515573, 0.159759521484, 0.154756903648], "dvar2": [0.3089658916, 0.295230388641, 0.226227432489, 0.24815428257, 0.257125705481, 0.244211092591], "max": [-5.27775669098, -4.9404091835, -5.36804151535, -5.61942768097, -5.69133520126, -8.7121553421], "mean": [-7.2578368187, -7.52401542664, -8.23915481567, -8.85940170288, -9.14611434937, -12.2002468109], "median": [-6.72708797455, -7.17388534546, -7.89622402191, -8.53192710876, -8.86961364746, -12.0552463531], "min": [-28.1541500092, -28.0094490051, -27.6835193634, -27.8135108948, -27.5075836182, -27.3983631134], "var": [4.39200687408, 4.13869524002, 3.94320011139, 3.94986248016, 3.96502947807, 2.95625782013]}, "spectral_decrease": {"dmean": 2.00353644786e-09, "dmean2": 2.99194558018e-09, "dvar": 9.21448679419e-18, "dvar2": 2.11493009622e-17, "max": 5.10952291651e-21, "mean": -6.07934902419e-09, "median": -5.10084552374e-09, "min": -3.615406996e-08, "var": 2.49830299841e-17}, "spectral_energy": {"dmean": 0.00782002229244, "dmean2": 0.011613802053, "dvar": 0.000138206567499, "dvar2": 0.000313428288791, "max": 0.140577316284, "mean": 0.0240469817072, "median": 0.0199310705066, "min": 9.86656672568e-21, "var": 0.000396821502363}, "spectral_energyband_high": {"dmean": 6.4671439759e-05, "dmean2": 9.01168314158e-05, "dvar": 4.34334594956e-08, "dvar2": 7.35498204563e-08, "max": 0.0106864925474, "mean": 0.000125602513435, "median": 2.36278538068e-05, "min": 6.9798025153e-21, "var": 1.28519289433e-07}, "spectral_energyband_low": {"dmean": 0.00519960280508, "dmean2": 0.0082472153008, "dvar": 9.43531049415e-05, "dvar2": 0.000233850601944, "max": 0.117333836854, "mean": 0.01187219657, "median": 0.00931564718485, "min": 1.27787625368e-23, "var": 0.000153793967911}, "spectral_energyband_middle_high": {"dmean": 0.00150306918658, "dmean2": 0.00213803746738, "dvar": 1.12779625852e-05, "dvar2": 2.08813835343e-05, "max": 0.0784801617265, "mean": 0.00430553592741, "median": 0.00102613808122, "min": 1.14062016753e-21, "var": 6.17997720838e-05}, "spectral_energyband_middle_low": {"dmean": 0.00367128499784, "dmean2": 0.00564240291715, "dvar": 4.39771865786e-05, "dvar2": 0.000103399797808, "max": 0.106702201068, "mean": 0.00884352065623, "median": 0.00603517657146, "min": 1.54777362125e-22, "var": 0.000103031721665}, "spectral_entropy": {"dmean": 0.180960550904, "dmean2": 0.251346617937, "dvar": 0.0377561487257, "dvar2": 0.0711156725883, "max": 9.83020973206, "mean": 6.79162693024, "median": 6.83678627014, "min": 4.76413488388, "var": 0.351144880056}, "spectral_flux": {"dmean": 0.0242787245661, "dmean2": 0.0375679843128, "dvar": 0.00090469251154, "dvar2": 0.00196950463578, "max": 0.315991461277, "mean": 0.0662804096937, "median": 0.052646972239, "min": 6.48270534476e-11, "var": 0.00235609756783}, "spectral_kurtosis": {"dmean": 4.73937654495, "dmean2": 7.86836957932, "dvar": 33.7241172791, "dvar2": 81.1411895752, "max": 105.028930664, "mean": 12.4981870651, "median": 8.48826980591, "min": -1.260191679, "var": 158.120941162}, "spectral_rms": {"dmean": 0.000738492002711, "dmean2": 0.0010638666572, "dvar": 9.14584177281e-07, "dvar2": 1.91617391465e-06, "max": 0.0117110460997, "mean": 0.00436174497008, "median": 0.0044096428901, "min": 3.10256659773e-12, "var": 4.43558883489e-06}, "spectral_rolloff": {"dmean": 229.048156738, "dmean2": 382.521484375, "dvar": 195550.625, "dvar2": 400920.84375, "max": 19336.8164062, "mean": 967.016845703, "median": 495.263671875, "min": 64.599609375, "var": 2889673.5}, "spectral_skewness": {"dmean": 0.418073564768, "dmean2": 0.67495828867, "dvar": 0.189339771867, "dvar2": 0.435575008392, "max": 8.95292854309, "mean": 2.31567955017, "median": 2.03255701065, "min": -0.0863915458322, "var": 1.31598508358}, "spectral_spread": {"dmean": 348025.0625, "dmean2": 521458.25, "dvar": 330743349248, "