{"lowlevel": {"average_loudness": 0.484461933374, "barkbands": {"dmean": [1.69076320162e-05, 0.000728617305867, 0.00139784975909, 0.00164630298968, 0.00173081224784, 0.000731334614102, 0.000693072506692, 0.000203495088499, 0.000699154450558, 0.000207292614505, 0.000177175941644, 0.000117306553875, 0.000175995068275, 0.000155356319738, 0.000131430773763, 0.000112127891043, 0.00019111794245, 9.24424966797e-05, 0.000148843042552, 0.000162219119375, 0.000110481480078, 6.71969683026e-05, 6.36042532278e-05, 4.29808751505e-05, 2.78679781331e-05, 9.1074316515e-06, 9.67506821326e-07], "dmean2": [2.56480107055e-05, 0.0011660879245, 0.00229381700046, 0.00264709023759, 0.00298123899847, 0.00112323171925, 0.0011331832502, 0.000316952122375, 0.00107770529576, 0.000323696207488, 0.000278807507129, 0.00018283657846, 0.000271005643299, 0.000239608314587, 0.000206731478102, 0.000181639392395, 0.000298020720948, 0.000142625402077, 0.000233789876802, 0.000242649126449, 0.000167244696058, 9.89255568129e-05, 9.48921224335e-05, 6.57189375488e-05, 4.23397723353e-05, 1.34895826704e-05, 1.51679159899e-06], "dvar": [1.98604244162e-09, 2.1272601316e-06, 6.96142024026e-06, 1.31411316033e-05, 1.34689480547e-05, 1.98270754481e-06, 2.75023967333e-06, 2.57711263885e-07, 3.41412146554e-06, 8.95333698736e-07, 5.51015773453e-07, 1.66445360605e-07, 6.20000037088e-07, 2.26594309538e-07, 1.70413983369e-07, 1.03933892603e-07, 1.93557994521e-07, 5.24756629261e-08, 1.20286074434e-07, 1.89438182474e-07, 1.29613525246e-07, 6.74713334092e-08, 8.47011278893e-08, 2.52257255084e-08, 1.01880415215e-08, 1.17682430467e-09, 1.74390484692e-11], "dvar2": [4.1292191888e-09, 5.56977784072e-06, 1.81754749065e-05, 3.2335290598e-05, 3.84155573556e-05, 4.88074329041e-06, 7.14850420991e-06, 5.57009059321e-07, 8.54329937283e-06, 2.0706977466e-06, 1.21611367376e-06, 3.95851060375e-07, 1.31832121042e-06, 5.09519963998e-07, 3.72966411533e-07, 2.67783491381e-07, 4.47714512575e-07, 1.28706588498e-07, 3.01432208971e-07, 3.73117728714e-07, 2.70270589908e-07, 1.3806530319e-07, 1.79046026005e-07, 5.86423745119e-08, 2.41453594896e-08, 2.72905609222e-09, 4.41642035443e-11], "max": [0.000880618928932, 0.0232069380581, 0.0390492156148, 0.0604164302349, 0.0660387948155, 0.031321875751, 0.0357565358281, 0.00914996210486, 0.0408968254924, 0.0352460592985, 0.0283142849803, 0.0168086420745, 0.038744032383, 0.0164079964161, 0.0216163732111, 0.00936321076006, 0.0131998928264, 0.0067414585501, 0.00739092985168, 0.0162568297237, 0.0119082201272, 0.00941231288016, 0.0125568350777, 0.00521419988945, 0.00212086550891, 0.00078495190246, 9.33732371777e-05], "mean": [2.19239063881e-05, 0.00150351331104, 0.0026520381216, 0.0023821957875, 0.002720143646, 0.00162226648536, 0.00134093558881, 0.00035055031185, 0.00157705298625, 0.000367538304999, 0.000268539733952, 0.000196198030608, 0.000275356898783, 0.000247717660386, 0.0002254563733, 0.000171292966115, 0.000365213374607, 0.000163920311024, 0.000345755717717, 0.000306295813061, 0.000232905338635, 0.000120118733321, 9.85749720712e-05, 6.5820873715e-05, 3.75938761863e-05, 1.18529405881e-05, 1.02531714674e-06], "median": [1.44845637351e-06, 0.000682292273268, 0.00127428630367, 0.000690558576025, 0.0012355070794, 0.000686977931764, 0.000351950176992, 8.8184082415e-05, 0.000271639699349, 7.62851923355e-05, 5.9324225731e-05, 5.60587031941e-05, 6.3924890128e-05, 7.23087941878e-05, 7.04899430275e-05, 4.31513944932e-05, 0.000113465284812, 5.06760334247e-05, 8.09493649285e-05, 5.99815757596e-05, 3.80285273422e-05, 1.57663234859e-05, 9.24001506064e-06, 3.97930125473e-06, 1.28293163471e-06, 1.78538300588e-07, 9.19844733716e-09], "min": [5.65524818014e-25, 2.71454117513e-24, 1.65086509218e-24, 7.72746202561e-25, 9.08743781443e-24, 4.72766470423e-24, 9.56168205799e-24, 7.71365863609e-24, 2.01612478986e-23, 1.70859115249e-23, 1.72054444624e-23, 2.06605463645e-23, 2.82215903921e-23, 3.09953452418e-23, 4.51634764261e-23, 5.50749867412e-23, 9.09033135623e-23, 1.21159038597e-22, 1.29092606409e-22, 1.27108059564e-22, 1.92136880585e-22, 3.04209074591e-22, 4.0545299778e-22, 5.88282783809e-22, 8.70055265861e-22, 1.31699179545e-21, 1.98994734949e-21], "var": [3.46090422987e-09, 4.30708905697e-06, 1.32924724312e-05, 2.06025051739e-05, 1.60408799275e-05, 5.63734556636e-06, 6.80163020661e-06, 6.65780817144e-07, 1.31263741423e-05, 2.47035518441e-06, 1.23362087834e-06, 2.95817130791e-07, 1.31146691729e-06, 4.60721565787e-07, 3.27328535832e-07, 1.37485059781e-07, 5.53322024643e-07, 9.74481082494e-08, 4.52750839486e-07, 5.72223257223e-07, 3.534092059e-07, 1.57463361461e-07, 1.34309274813e-07, 4.15371488316e-08, 1.39452058789e-08, 1.63871394232e-09, 1.76197442053e-11]}, "barkbands_crest": {"dmean": 2.05599021912, "dmean2": 3.33487653732, "dvar": 3.94929170609, "dvar2": 10.3406333923, "max": 24.8923969269, "mean": 9.98161697388, "median": 9.36361122131, "min": 2.72040081024, "var": 13.0611467361}, "barkbands_flatness_db": {"dmean": 0.0215332563967, "dmean2": 0.0316117554903, "dvar": 0.000507810676936, "dvar2": 0.00103522988502, "max": 0.403699725866, "mean": 0.16649274528, "median": 0.161280930042, "min": 0.0302177015692, "var": 0.00431684497744}, "barkbands_kurtosis": {"dmean": 2.45800900459, "dmean2": 3.86128616333, "dvar": 18.5769615173, "dvar2": 44.3343048096, "max": 131.796081543, "mean": 4.41287946701, "median": 2.40722227097, "min": -1.89640080929, "var": 48.1586265564}, "barkbands_skewness": {"dmean": 0.447519212961, "dmean2": 0.685748040676, "dvar": 0.234900459647, "dvar2": 0.534288644791, "max": 10.7451620102, "mean": 1.67355442047, "median": 1.60009789467, "min": -3.10211205482, "var": 1.2000259161}, "barkbands_spread": {"dmean": 4.87250089645, "dmean2": 7.53399133682, "dvar": 36.799823761, "dvar2": 81.4465255737, "max": 112.326812744, "mean": 20.3073482513, "median": 18.0322990417, "min": 1.14711987972, "var": 168.406036377}, "dissonance": {"dmean": 0.0168243385851, "dmean2": 0.0274578500539, "dvar": 0.0002955411328, "dvar2": 0.000779317342676, "max": 0.500000059605, "mean": 0.454960972071, "median": 0.461662590504, "min": 0.245287045836, "var": 0.000949525739998}, "dynamic_complexity": 4.6017332077, "erbbands": {"dmean": [0.00857142079622, 0.214182913303, 1.29769277573, 3.86989092827, 6.07939147949, 5.82808303833, 3.8213019371, 6.28352355957, 9.83211517334, 7.49362754822, 6.7620382309, 18.3601341248, 6.11228132248, 7.37637615204, 5.04971933365, 4.73922157288, 6.82803153992, 8.56742572784, 6.74263095856, 6.05547761917, 7.59137105942, 8.33040237427, 5.2124209404, 6.83993148804, 6.50876617432, 8.5912399292, 5.54257202148, 3.32167673111, 2.43398952484, 2.16700983047, 1.75544416904, 1.08141386509, 0.646943032742, 0.367000341415, 0.171949028969, 0.0549055375159, 0.0144749162719, 0.00237245112658, 0.000167499762028, 1.02879548649e-05], "dmean2": [0.0141095612198, 0.343408077955, 2.12486219406, 6.18374300003, 10.2696361542, 10.0537824631, 6.13856935501, 9.75723934174, 15.5842590332, 12.1771297455, 10.4589500427, 27.9359645844, 9.32021045685, 11.2368211746, 7.47810649872, 7.32850313187, 10.4521303177, 13.2812137604, 10.3935213089, 9.60267543793, 12.1463947296, 12.9526939392, 8.04809188843, 10.7060146332, 9.90762042999, 12.9379425049, 8.28594303131, 4.93837404251, 3.57335829735, 3.2779610157, 2.63499879837, 1.65713524818, 0.968217551708, 0.560968697071, 0.260937958956, 0.0827911123633, 0.0216253064573, 0.00371623667888, 0.000258754065726, 1.52393149619e-05], "dvar": [0.000399574637413, 0.171433284879, 5.16732740402, 72.678062439, 155.942810059, 153.034362793, 54.4023933411, 167.323318481, 501.139038086, 421.705627441, 237.787628174, 2353.83935547, 704.236938477, 989.338134766, 325.232788086, 238.072250366, 798.33392334, 1051.58044434, 405.615844727, 337.379089355, 432.092590332, 376.319641113, 120.651100159, 264.031280518, 266.304168701, 558.867675781, 262.488006592, 176.269378662, 87.6026687622, 93.1876907349, 65.5015487671, 21.3154754639, 4.75272512436, 1.83379638195, 0.372905522585, 0.0399597138166, 0.00376106309704, 0.000117538314953, 5.3498752095e-07, 6.47623898953e-10], "dvar2": [0.00107780226972, 0.450538992882, 13.7269659042, 176.716156006, 437.700378418, 434.565765381, 143.9712677, 420.802185059, 1238.63037109, 1066.68798828, 551.078552246, 5620.99902344, 1554.13330078, 2168.19873047, 551.824401855, 589.705200195, 1615.93811035, 2522.9362793, 932.531921387, 745.652038574, 1101.30700684, 903.999145508, 292.470916748, 671.437194824, 597.862243652, 1166.27844238, 528.536376953, 363.764068604, 174.32901001, 193.670471191, 145.340377808, 51.5290145874, 10.4476623535, 4.37649106979, 0.882625162601, 0.0943825915456, 0.00885256286711, 0.00029643077869, 1.35091681841e-06, 1.51937418202e-09], "max": [0.462544471025, 5.76940822601, 32.1845970154, 145.300491333, 177.613494873, 199.880523682, 133.649032593, 380.895935059, 410.147644043, 575.844238281, 322.584960938, 991.161437988, 1317.44848633, 1100.46789551, 1231.54541016, 602.554321289, 1371.61877441, 1181.36279297, 696.668029785, 1183.45239258, 586.940795898, 484.214935303, 206.323944092, 395.168701172, 442.028900146, 815.124389648, 669.443725586, 583.61340332, 274.946990967, 378.417724609, 362.162200928, 181.696624756, 58.1613731384, 31.3127689362, 11.8388652802, 5.20708179474, 1.7339104414, 0.275895506144, 0.0184459574521, 0.000546562019736], "mean": [0.0157268289477, 0.455269277096, 2.64579486847, 6.34321832657, 9.30305576324, 8.72404098511, 7.57343006134, 13.667550087, 20.0015869141, 13.7708806992, 15.7273340225, 40.0818939209, 12.0123968124, 12.5556678772, 9.07996273041, 8.78245925903, 11.6618099213, 14.0768928528, 11.539891243, 11.0557346344, 13.6498327255, 16.9890766144, 10.7815637589, 16.8328323364, 13.92735672, 16.0821723938, 12.277677536, 6.36951255798, 4.3711977005, 3.62066817284, 2.67340660095, 1.61306679249, 0.979870140553, 0.502151370049, 0.223906487226, 0.072908975184, 0.0183842089027, 0.00266108755022, 0.000190782127902, 2.76374357782e-05], "median": [0.00610352959484, 0.236440613866, 1.5967566967, 2.19359445572, 3.78756046295, 3.91345572472, 3.8326895237, 5.69249153137, 5.07040500641, 4.32240581512, 4.2142829895, 6.91234254837, 3.31835222244, 2.66703009605, 2.33502674103, 2.80557918549, 3.02292919159, 4.01863670349, 3.9337887764, 3.87196278572, 4.25491952896, 5.57959461212, 3.93604135513, 3.69244837761, 3.97165799141, 3.11276578903, 2.25785303116, 1.11934876442, 0.565025687218, 0.432318091393, 0.244473069906, 0.119132891297, 0.0490870550275, 0.0192609354854, 0.00630129221827, 0.00149677088484, 0.000212807644857, 2.16615662794e-05, 9.12901668926e-06, 1.38944069477e-05], "min": [3.30309976522e-23, 6.43332400784e-22, 1.77739909057e-21, 3.30329710667e-21, 1.04506305552e-20, 3.59234006404e-20, 4.89993166672e-20, 4.22585798503e-20, 8.49610648838e-20, 1.33750025644e-19, 2.79387024431e-19, 4.59899392485e-19, 5.76701172386e-19, 7.23642518677e-19, 9.043908917e-19, 1.15130885404e-18, 1.41875102853e-18, 2.05040392866e-18, 2.76205718814e-18, 3.4073703557e-18, 3.00535747608e-18, 5.08105989659e-18, 5.78085800354e-18, 7.02307690203e-18, 8.72427557496e-18, 6.81266945115e-18, 9.8963623788e-18, 9.49228713111e-18, 1.23238984215e-17, 1.03102405439e-17, 1.18141963454e-17, 1.16641921044e-17, 9.2562436987e-18, 7.5034562525e-18, 6.73602372278e-18, 3.65036582758e-18, 2.26092263533e-18, 9.94979473086e-19, 2.5134539487e-19, 2.80312187172e-20], "var": [0.000600097060669, 0.339594960213, 9.60739612579, 125.129852295, 202.044631958, 182.064590454, 107.093940735, 428.911743164, 1306.64477539, 1067.50390625, 886.705749512, 8787.51367188, 1943.7565918, 2319.32055664, 1175.10131836, 479.130615234, 1730.24914551, 2015.90795898, 719.225036621, 713.738708496, 780.554443359, 1036.98254395, 303.516235352, 1201.66467285, 734.16986084, 1455.72253418, 842.200683594, 428.531860352, 208.614730835, 170.474227905, 98.6251831055, 31.8636016846, 8.08783340454, 2.52010989189, 0.488605290651, 0.053187482059, 0.00502070831135, 0.00012801552657, 5.46387298073e-07, 1.3979026825e-09]}, "erbbands_crest": {"dmean": 2.35246872902, "dmean2": 3.71717643738, "dvar": 5.37060689926, "dvar2": 13.2749137878, "max": 30.156709671, "mean": 9.39003658295, "median": 8.4303483963, "min": 1.97740077972, "var": 18.8236637115}, "erbbands_flatness_db": {"dmean": 0.017598465085, "dmean2": 0.0248435623944, "dvar": 0.000332325551426, "dvar2": 0.000647809240036, "max": 0.377679228783, "mean": 0.180266469717, "median": 0.177195101976, "min": 0.0299371741712, "var": 0.00268187955953}, "erbbands_kurtosis": {"dmean": 0.743260085583, "dmean2": 1.14418268204, "dvar": 2.24358725548, "dvar2": 4.44288301468, "max": 45.0760803223, "mean": -0.0340805463493, "median": -0.70695579052, "min": -1.8054497242, "var": 6.41609811783}, "erbbands_skewness": {"dmean": 0.334577232599, "dmean2": 0.507425785065, "dvar": 0.108770109713, "dvar2": 0.239301353693, "max": 4.07046079636, "mean": 0.244910478592, "median": 0.28676867485, "min": -3.81141233444, "var": 0.571306765079}, "erbbands_spread": {"dmean": 6.82664394379, "dmean2": 10.3139629364, "dvar": 56.6884307861, "dvar2": 130.363143921, "max": 146.67918396, "mean": 42.1226158142, "median": 43.1639556885, "min": 1.89341247082, "var": 245.034454346}, "gfcc": {"cov": [[20324.6328125, -1640.96166992, -932.297058105, 1273.13342285, -1704.4329834, 419.850250244, -527.30847168, 645.416870117, -689.508850098, 73.4089202881, -506.002319336, 38.6149902344, -304.686218262], [-1640.96166992, 2159.63354492, -312.067779541, -198.52961731, 518.202941895, -365.516143799, 294.359222412, -339.723266602, 243.301651001, -207.433273315, 190.648925781, -174.573898315, 113.404685974], [-932.297058105, -312.067779541, 835.700683594, -188.080581665, 79.7720489502, 230.020751953, -90.4480514526, 57.6161575317, -105.11920166, 64.802116394, -30.7331237793, 127.24520874, -27.6840953827], [1273.13342285, -198.52961731, -188.080581665, 517.30255127, -131.629623413, -48.7136917114, 67.7109375, 52.0029258728, 34.0227203369, -23.419965744, -2.63850355148, -26.0623168945, 32.5681838989], [-1704.4329834, 518.202941895, 79.7720489502, -131.629623413, 421.564239502, -89.8725509644, 71.5327224731, -90.706817627, 103.666381836, -6.11168670654, 53.568195343, -20.9204139709, 44.2402801514], [419.850250244, -365.516143799, 230.020751953, -48.7136917114, -89.8725509644, 317.400756836, -37.8048400879, 39.1252670288, -99.0248336792, 27.9642906189, -32.2764282227, 57.4204101563, -41.1834487915], [-527.30847168, 294.359222412, -90.4480514526, 67.7109375, 71.5327224731, -37.8048400879, 249.428192139, -12.9081935883, 57.6642990112, -67.347694397, 33.7269248962, -56.852394104, 22.1179428101], [645.416870117, -339.723266602, 57.6161575317, 52.0029258728, -90.706817627, 39.1252670288, -12.9081935883, 191.18182373, -25.7159194946, 37.7386665344, -51.4634017944, 20.4596138, -28.3130130768], [-689.508850098, 243.301651001, -105.11920166, 34.0227203369, 103.666381836, -99.0248336792, 57.6642990112, -25.7159194946, 167.31350708, 14.014456749, 44.969329834, -39.9125137329, 31.0332241058], [73.4089202881, -207.433273315, 64.802116394, -23.419965744, -6.11168670654, 27.9642906189, -67.347694397, 37.7386665344, 14.014456749, 126.80304718, 3.88558006287, 25.3641681671, -4.40692710876], [-506.002319336, 190.648925781, -30.7331237793, -2.63850355148, 53.568195343, -32.2764282227, 33.7269248962, -51.4634017944, 44.969329834, 3.88558006287, 96.9194717407, 11.8884143829, 23.9539470673], [38.6149902344, -174.573898315, 127.24520874, -26.0623168945, -20.9204139709, 57.4204101563, -56.852394104, 20.4596138, -39.9125137329, 25.3641681671, 11.8884143829, 125.45765686, 16.8325042725], [-304.686218262, 113.404685974, -27.6840953827, 32.5681838989, 44.2402801514, -41.1834487915, 22.1179428101, -28.3130130768, 31.0332241058, -4.40692710876, 23.9539470673, 16.8325042725, 82.3453826904]], "icov": [[0.000176675850525, -0.000388050364563, 0.000253712496487, -0.000512263271958, 0.000455815752503, -0.000288120703772, 0.000361188867828, -0.000435696798377, 0.000601143459789, -0.000559739128221, 0.000722993048839, -0.000338984944392, 0.000442697870312], [-0.000388050364563, 0.00236780336127, -0.000513609964401, 0.00174524832983, -0.00179997575469, 0.00132141844369, -0.00129400123842, 0.00192877440713, -0.00178102916107, 0.00290988432243, -0.00301128462888, 0.00183605542406, -0.00159339187667], [0.000253712496487, -0.000513609964401, 0.00238944566809, -0.000429404812166, -0.000307799404254, -0.00147724850103, 0.000624613137916, -0.0010726385517, 0.00147210550494, -0.00114607124124, 0.00133788876701, -0.00176547898445, 0.000864797621034], [-0.000512263271958, 0.00174524832983, -0.000429404812166, 0.00432614190504, -0.000645268941298, 0.00120718299877, -0.00180157239083, 0.000949616660364, -0.00249868724495, 0.0025689820759, -0.00266873766668, 0.00161236256827, -0.0028676094953], [0.000455815752503, -0.00179997575469, -0.000307799404254, -0.000645268941298, 0.00571239879355, -0.000186456862139, 0.000210812955629, -0.000389386841562, -0.000158542839927, -0.0024488880299, 0.00251835095696, -0.00111601373646, 0.0003886668419], [-0.000288120703772, 0.00132141844369, -0.00147724850103, 0.00120718299877, -0.000186456862139, 0.00584734044969, -0.00183569814544, 0.00171998469159, 0.000358620221959, 0.000556521466933, -0.00124352378771, -9.41847320064e-05, 0.000524679664522], [0.000361188867828, -0.00129400123842, 0.000624613137916, -0.00180157239083, 0.000210812955629, -0.00183569814544, 0.00744374049827, -0.00295878713951, 0.000332467083354, 0.00192753400188, -0.00070030830102, 0.0016148199793, -0.000155536064995], [-0.000435696798377, 0.00192877440713, -0.0010726385517, 0.000949616660364, -0.000389386841562, 0.00171998469159, -0.00295878713951, 0.00984843354672, -0.00238415459171, -0.000404016696848, 0.00167513731867, -0.000634024268948, 0.000764960830566], [0.000601143459789, -0.00178102916107, 0.00147210550494, -0.00249868724495, -0.000158542839927, 0.000358620221959, 0.000332467083354, -0.00238415459171, 0.0129241487011, -0.00525985797867, -7.45000797906e-05, 0.00082648859825, 0.000216293803533], [-0.000559739128221, 0.00290988432243, -0.00114607124124, 0.0025689820759, -0.0024488880299, 0.000556521466933, 0.00192753400188, -0.000404016696848, -0.00525985797867, 0.015144395642, -0.00613830983639, 0.00236877799034, -0.00244837673381], [0.000722993048839, -0.00301128462888, 0.00133788876701, -0.00266873766668, 0.00251835095696, -0.00124352378771, -0.00070030830102, 0.00167513731867, -7.45000797906e-05, -0.00613830983639, 0.0202471334487, -0.00694152293727, 0.00234538665973], [-0.000338984944392, 0.00183605542406, -0.00176547898445, 0.00161236256827, -0.00111601373646, -9.41847320064e-05, 0.0016148199793, -0.000634024268948, 0.00082648859825, 0.00236877799034, -0.00694152293727, 0.014733588323, -0.00629055732861], [0.000442697870312, -0.00159339187667, 0.000864797621034, -0.0028676094953, 0.0003886668419, 0.000524679664522, -0.000155536064995, 0.000764960830566, 0.000216293803533, -0.00244837673381, 0.00234538665973, -0.00629055732861, 0.018150748685]], "mean": [-68.8670654297, 122.101203918, -125.820716858, 43.4709777832, -57.6527252197, -1.81763935089, -34.6470069885, -1.38063275814, -20.2272434235, -6.73497247696, -14.3342323303, -12.1360225677, -10.8723573685]}, "hfc": {"dmean": 3.77294754982, "dmean2": 5.31550455093, "dvar": 60.9017829895, "dvar2": 115.623245239, "max": 228.885375977, "mean": 13.5817451477, "median": 6.0854640007, "min": 1.09149850106e-16, "var": 352.71661377}, "melbands": {"dmean": [0.000135702794068, 0.000540374836419, 0.000683617952745, 0.000448331149528, 0.00014055952488, 0.000144817211549, 0.00015038427955, 7.04603735358e-05, 7.51886254875e-05, 0.000104574588477, 2.93896100629e-05, 3.063276381e-05, 2.14144820347e-05, 1.36546132126e-05, 1.31014594444e-05, 1.71961310116e-05, 1.66119243659e-05, 1.16666105896e-05, 8.67886683409e-06, 7.01699764249e-06, 1.10022183435e-05, 9.66491825238e-06, 8.32421119412e-06, 4.28216344517e-06, 6.32011915513e-06, 5.96759355176e-06, 5.16774707648e-06, 6.08434675087e-06, 3.98221845899e-06, 3.03497199639e-06, 1.8576297407e-06, 1.54591407409e-06, 1.2286875517e-06, 1.28548606426e-06, 1.11896349608e-06, 8.4036963699e-07, 6.06083119692e-07, 4.7894218369e-07, 3.99362392045e-07, 2.93512755434e-07], "dmean2": [0.00021831743652, 0.00087750091916, 0.00109585525934, 0.000772684055846, 0.0002258959139, 0.000223557130084, 0.000239684944972, 0.000114622453111, 0.000116955612611, 0.000159071118105, 4.49781400675e-05, 4.70255945402e-05, 3.29549657181e-05, 2.09383561014e-05, 2.05671422009e-05, 2.65558755927e-05, 2.59150019701e-05, 1.8134009224e-05, 1.37686574817e-05, 1.11660956463e-05, 1.75377026608e-05, 1.49894822243e-05, 1.31025244627e-05, 6.56706060909e-06, 9.94178481051e-06, 9.17130455491e-06, 7.82178540248e-06, 9.23151674215e-06, 6.04039951213e-06, 4.61156287201e-06, 2.82926362161e-06, 2.29487591241e-06, 1.85856288226e-06, 1.96742280423e-06, 1.70735620486e-06, 1.27962402985e-06, 9.50920366449e-07, 7.21322919617e-07, 6.07672177466e-07, 4.55752172002e-07], "dvar": [8.31527273704e-08, 8.56911753999e-07, 1.90027253666e-06, 9.20599404708e-07, 6.44261461957e-08, 8.48775485451e-08, 1.16944640638e-07, 3.47561055491e-08, 3.18154924628e-08, 7.61688454531e-08, 1.77869505791e-08, 1.77173955507e-08, 6.60486998427e-09, 2.64852828558e-09, 2.98968072521e-09, 6.44381037418e-09, 3.37729244571e-09, 1.27480215273e-09, 1.07822950568e-09, 3.06922431914e-10, 9.67149693665e-10, 5.35725408479e-10, 3.78792192057e-10, 1.30505370399e-10, 2.4798010867e-10, 2.1377771775e-10, 2.5021723582e-10, 3.15175940901e-10, 1.65483141079e-10, 8.91001578074e-11, 7.07162453595e-11, 3.60384951048e-11, 2.84926856414e-11, 3.43910282197e-11, 2.9745539365e-11, 1.41387188415e-11, 6.59726787089e-12, 2.6644537271e-12, 1.95552233261e-12, 1.28928454284e-12], "dvar2": [2.19460460471e-07, 2.27629902838e-06, 4.76225523016e-06, 2.63515926235e-06, 1.72240461893e-07, 2.08097148402e-07, 2.92724365636e-07, 8.79768222717e-08, 8.13599925209e-08, 1.79792706945e-07, 3.8708535044e-08, 3.88241865323e-08, 1.31082176225e-08, 5.96655747032e-09, 6.66445032493e-09, 1.39226319362e-08, 8.12037370679e-09, 2.94607227502e-09, 2.31381447335e-09, 7.38443972637e-10, 2.43708919712e-09, 1.21945620268e-09, 9.53693346517e-10, 2.99402891368e-10, 6.34162444779e-10, 4.82337725316e-10, 4.80551043402e-10, 6.70126176772e-10, 3.4600586285e-10, 1.95843521955e-10, 1.53585769103e-10, 7.52416740024e-11, 6.16657072627e-11, 7.31035509904e-11, 6.84044071386e-11, 3.22665609509e-11, 1.65162328258e-11, 5.89696954462e-12, 4.64299215394e-12, 3.13870999503e-12], "max": [0.00573052791879, 0.0128604304045, 0.021479671821, 0.0166018530726, 0.00400019297376, 0.00747307110578, 0.00615049339831, 0.00507094664499, 0.0036224827636, 0.00589019758627, 0.00670610088855, 0.00483236461878, 0.00424297060817, 0.00248754257336, 0.00241626240313, 0.00400522025302, 0.00190360005945, 0.00133198394906, 0.00207425560802, 0.000552177603822, 0.000860222382471, 0.000653792405501, 0.00037519261241, 0.000334417622071, 0.000380444776965, 0.000332012190484, 0.000723813020159, 0.0007268449408, 0.00052892207168, 0.000325581786456, 0.000472345302114, 0.000197734814719, 0.000221257127123, 0.000210171012441, 0.000262157060206, 0.000157546295668, 9.38672819757e-05, 4.20501419285e-05, 2.95762856695e-05, 2.80857548205e-05], "mean": [0.000276328006294, 0.0011475024512, 0.00118042470422, 0.000687052961439, 0.000278932915535, 0.000319304410368, 0.000307761278236, 0.000126030179672, 0.00017908969312, 0.000224350951612, 5.18625383847e-05, 5.06712603965e-05, 3.51864182448e-05, 2.24235445785e-05, 2.29309789574e-05, 2.75388283626e-05, 2.59171538346e-05, 1.86177712749e-05, 1.49902452904e-05, 1.1968659237e-05, 1.83330357686e-05, 1.83587253559e-05, 1.46008169395e-05, 7.43147893445e-06, 1.46165775732e-05, 1.16779374366e-05, 9.5771620181e-06, 1.04692408058e-05, 7.93852359493e-06, 5.53180643692e-06, 3.18886486639e-06, 2.60362185145e-06, 2.00691920327e-06, 1.99695909942e-06, 1.6210154854e-06, 1.21867037706e-06, 8.73096439591e-07, 7.09611811089e-07, 5.54630787519e-07, 3.79802997941e-07], "median": [0.000116284310934, 0.000772140629124, 0.000504639931023, 0.000312580901664, 0.000148350460222, 0.000130153872306, 7.7309232438e-05, 3.85343410017e-05, 3.8968748413e-05, 3.87032196159e-05, 1.1131559404e-05, 9.86925442703e-06, 8.54206336953e-06, 6.02337877353e-06, 6.92939420333e-06, 6.19696493231e-06, 7.25267682355e-06, 5.79856805416e-06, 4.71775274491e-06, 3.93478148908e-06, 4.76128388982e-06, 5.49073138245e-06, 4.41378506366e-06, 2.09079098568e-06, 2.58399586528e-06, 3.00150509247e-06, 1.96234987015e-06, 1.8090534013e-06, 1.34079948566e-06, 9.58868440648e-07, 4.60927878976e-07, 3.04964260067e-07, 2.47951902566e-07, 2.1869064426e-07, 1.44028646787e-07, 9.67514353079e-08, 5.58835324682e-08, 3.46004043195e-08, 2.16477360482e-08, 1.34446809241e-08], "min": [5.0978932987e-25, 9.25759235067e-25, 8.1917554791e-25, 1.47620152561e-24, 1.72906714169e-24, 8.503981695e-25, 1.52219349689e-24, 1.34296636999e-24, 2.63044446112e-24, 2.87366211111e-24, 2.66981907269e-24, 2.6099382191e-24, 2.78960365685e-24, 2.78700337409e-24, 3.19400826953e-24, 3.06885627577e-24, 3.17672629925e-24, 4.01674483417e-24, 3.72112078766e-24, 2.96062179857e-24, 2.49108606854e-24, 4.90913781675e-24, 4.86771394175e-24, 5.75892521069e-24, 4.33498867828e-24, 5.28753940462e-24, 4.69841098086e-24, 4.47155272831e-24, 5.59119642173e-24, 5.01742199219e-24, 4.46965078467e-24, 6.87915345004e-24, 4.51938097057e-24, 5.72931728876e-24, 5.52427853443e-24, 5.90279924031e-24, 6.30422294484e-24, 6.32835617208e-24, 5.58516755226e-24, 5.92085902744e-24], "var": [1.57374515197e-07, 1.58264720085e-06, 3.29136400978e-06, 1.05904757675e-06, 1.30462737502e-07, 2.3633742785e-07, 3.09505253426e-07, 8.74704113585e-08, 1.32906365025e-07, 2.71081916026e-07, 4.99560570688e-08, 4.26962643019e-08, 2.00369321135e-08, 4.63564164832e-09, 5.66087665632e-09, 1.43034588618e-08, 6.23271123601e-09, 2.20886775537e-09, 1.9971946319e-09, 5.74659264618e-10, 1.8150575487e-09, 1.50902867979e-09, 7.97218846493e-10, 2.54437720892e-10, 1.07534181559e-09, 5.47265011086e-10, 6.64974186826e-10, 7.19796666715e-10, 4.44698583513e-10, 2.0242527099e-10, 1.52436063772e-10, 7.98804217217e-11, 5.46302517113e-11, 5.58506851878e-11, 4.07256901813e-11, 2.0556055122e-11, 9.4694486627e-12, 4.42989438534e-12, 2.84361965398e-12, 1.61014040642e-12]}, "melbands_crest": {"dmean": 2.715736866, "dmean2": 4.40635108948, "dvar": 6.88304710388, "dvar2": 17.4867229462, "max": 33.7762336731, "mean": 14.0288467407, "median": 13.3178977966, "min": 1.65580487251, "var": 23.8180141449}, "melbands_flatness_db": {"dmean": 0.0261364672333, "dmean2": 0.0385039821267, "dvar": 0.000809801975265, "dvar2": 0.00163388939109, "max": 0.529250204563, "mean": 0.227927729487, "median": 0.217502191663, "min": 0.00342163909227, "var": 0.0069142030552}, "melbands_kurtosis": {"dmean": 5.60672807693, "dmean2": 8.79222297668, "dvar": 94.1172637939, "dvar2": 221.269256592, "max": 290.173858643, "mean": 13.7592372894, "median": 9.52776813507, "min": -1.87962090969, "var": 243.064605713}, "melbands_skewness": {"dmean": 0.579221069813, "dmean2": 0.887172222137, "dvar": 0.407693177462, "dvar2": 0.933498442173, "max": 14.5213623047, "mean": 2.83387541771, "median": 2.69972681999, "min": -2.58268213272, "var": 1.88742697239}, "melbands_spread": {"dmean": 5.82900810242, "dmean2": 9.06559276581, "dvar": 76.6408462524, "dvar2": 165.593322754, "max": 212.988800049, "mean": 21.0187683105, "median": 16.8732738495, "min": 0.861923217773, "var": 313.625091553}, "mfcc": {"cov": [[11214.0976563, -1764.56481934, 167.302780151, 505.045959473, -412.483978271, -194.984283447, -37.2709960938, 61.3984718323, 78.8347930908, 200.065979004, -190.049682617, -40.53383255, 66.4311294556], [-1764.56481934, 1889.54589844, -184.398971558, 57.1588020325, 184.352752686, 91.6064682007, 30.5015945435, -14.4331665039, -18.3243103027, -56.467048645, 64.0180740356, 7.49792194366, -45.6916236877], [167.302780151, -184.398971558, 559.088562012, -191.332244873, 76.2280426025, 59.8733596802, 66.9473495483, 45.3889045715, -19.4294490814, -45.9284553528, 5.11227941513, -24.1469039917, 12.5190391541], [505.045959473, 57.1588020325, -191.332244873, 496.883636475, -40.7702293396, -31.554813385, -27.3718090057, 0.679787635803, 70.2459487915, 53.5991020203, -23.0272312164, 53.3433532715, 41.7447738647], [-412.483978271, 184.352752686, 76.2280426025, -40.7702293396, 232.361557007, 25.7300262451, -6.13183689117, -18.1637859344, -0.0188205614686, -23.0033359528, 13.5392637253, -12.284532547, 20.4681148529], [-194.984283447, 91.6064682007, 59.8733596802, -31.554813385, 25.7300262451, 178.415679932, 52.9192810059, 20.9653644562, -17.9385604858, -11.6463537216, 15.3238687515, -6.07722473145, -18.5294570923], [-37.2709960938, 30.5015945435, 66.9473495483, -27.3718090057, -6.13183689117, 52.9192810059, 143.335113525, 56.1689414978, 10.0294504166, -3.13848543167, 2.63224387169, 3.84594130516, -15.0305042267], [61.3984718323, -14.4331665039, 45.3889045715, 0.679787635803, -18.1637859344, 20.9653644562, 56.1689414978, 133.206924438, 19.4463233948, -7.01890897751, 8.79603290558, -3.91669178009, 2.92646241188], [78.8347930908, -18.3243103027, -19.4294490814, 70.2459487915, -0.0188205614686, -17.9385604858, 10.0294504166, 19.4463233948, 110.239570618, 36.9726524353, -3.22912120819, 19.2711334229, 14.8224687576], [200.065979004, -56.467048645, -45.9284553528, 53.5991020203, -23.0033359528, -11.6463537216, -3.13848543167, -7.01890897751, 36.9726524353, 129.641571045, 33.9715194702, 6.64336919785, -5.56230211258], [-190.049682617, 64.0180740356, 5.11227941513, -23.0272312164, 13.5392637253, 15.3238687515, 2.63224387169, 8.79603290558, -3.22912120819, 33.9715194702, 105.860977173, 14.3235282898, -26.5398578644], [-40.53383255, 7.49792194366, -24.1469039917, 53.3433532715, -12.284532547, -6.07722473145, 3.84594130516, -3.91669178009, 19.2711334229, 6.64336919785, 14.3235282898, 88.1013946533, 20.2317714691], [66.4311294556, -45.6916236877, 12.5190391541, 41.7447738647, 20.4681148529, -18.5294570923, -15.0305042267, 2.92646241188, 14.8224687576, -5.56230211258, -26.5398578644, 20.2317714691, 113.503952026]], "icov": [[0.000121815028251, 8.45539543661e-05, -9.02974134078e-05, -0.000150125997607, 0.000120349875942, 6.4433341322e-05, 1.34966849146e-05, -4.05216851505e-05, 6.07536894677e-05, -0.000160018142196, 0.000163195567438, 0.000100561330328, 2.40220870182e-05], [8.45539543661e-05, 0.000733564258553, 0.000290991942165, -0.000213882900425, -0.000514171086252, -0.000194863896468, -0.000240160312387, 2.90272782877e-05, 6.7771965405e-05, 0.000336129247444, -0.000308329967083, 6.61840822431e-05, 0.000244467664743], [-9.02974134078e-05, 0.000290991942165, 0.00259656342678, 0.000852736411616, -0.00094910961343, -0.000510483630933, -0.000853949866723, -0.000413455010857, -9.87464300124e-05, 0.000678871991113, -0.000395008246414, 0.000133185982122, -0.00051456753863], [-0.000150125997607, -0.000213882900425, 0.000852736411616, 0.0029916074127, 4.27111044701e-05, -0.000232714679441, 0.00041758705629, -0.000330425216816, -0.00114741898142, -0.000633036601357, 0.000699751835782, -0.0013364268234, -0.000653772498481], [0.000120349875942, -0.000514171086252, -0.00094910961343, 4.27111044701e-05, 0.00573771866038, -0.000461091694888, 0.00043817871483, 0.00120157143101, -0.000971797155216, 0.000699186697602, -0.00102291884832, 0.00130511168391, -0.00158199784346], [6.4433341322e-05, -0.000194863896468, -0.000510483630933, -0.000232714679441, -0.000461091694888, 0.00690054148436, -0.00223919190466, -0.000231895130128, 0.00120903970674, 2.54604151451e-06, -0.000491763639729, 0.00021616385493, 0.000633574964013], [1.34966849146e-05, -0.000240160312387, -0.000853949866723, 0.00041758705629, 0.00043817871483, -0.00223919190466, 0.0099862664938, -0.0036348644644, -0.000762553478125, -0.000686329090968, 0.0013898917241, -0.00149497541133, 0.00146500393748], [-4.05216851505e-05, 2.90272782877e-05, -0.000413455010857, -0.000330425216816, 0.00120157143101, -0.000231895130128, -0.0036348644644, 0.0100266346708, -0.00209413655102, 0.00173636805266, -0.00218590232544, 0.00179445091635, -0.0012642678339], [6.07536894677e-05, 6.7771965405e-05, -9.87464300124e-05, -0.00114741898142, -0.000971797155216, 0.00120903970674, -0.000762553478125, -0.00209413655102, 0.0120292799547, -0.00360417785123, 0.00169894262217, -0.0020019125659, -0.000243190050242], [-0.000160018142196, 0.000336129247444, 0.000678871991113, -0.000633036601357, 0.000699186697602, 2.54604151451e-06, -0.000686329090968, 0.00173636805266, -0.00360417785123, 0.0110055003315, -0.00477846572176, 0.00146301311906, -0.000242510868702], [0.000163195567438, -0.000308329967083, -0.000395008246414, 0.000699751835782, -0.00102291884832, -0.000491763639729, 0.0013898917241, -0.00218590232544, 0.00169894262217, -0.00477846572176, 0.0133405588567, -0.00368737801909, 0.00323173380457], [0.000100561330328, 6.61840822431e-05, 0.000133185982122, -0.0013364268234, 0.00130511168391, 0.00021616385493, -0.00149497541133, 0.00179445091635, -0.0020019125659, 0.00146301311906, -0.00368737801909, 0.0142089053988, -0.00306145357899], [2.40220870182e-05, 0.000244467664743, -0.00051456753863, -0.000653772498481, -0.00158199784346, 0.000633574964013, 0.00146500393748, -0.0012642678339, -0.000243190050242, -0.000242510868702, 0.00323173380457, -0.00306145357899, 0.0111283510923]], "mean": [-696.885375977, 136.710128784, -3.02766346931, 37.5297431946, -0.390907287598, 2.69316649437, -4.70392465591, -0.843099296093, -4.45498943329, 1.59895277023, -3.93408823013, -0.747529685497, -5.32425022125]}, "pitch_salience": {"dmean": 0.0614724345505, "dmean2": 0.0982879474759, "dvar": 0.00343808159232, "dvar2": 0.00871641095728, "max": 0.845570802689, "mean": 0.522948265076, "median": 0.523354411125, "min": 0.0725083053112, "var": 0.0120145892724}, "silence_rate_20dB": {"dmean": 0, "dmean2": 0, "dvar": 0, "dvar2": 0, "max": 1, "mean": 1, "median": 1, "min": 1, "var": 0}, "silence_rate_30dB": {"dmean": 0, "dmean2": 0, "dvar": 0, "dvar2": 0, "max": 1, "mean": 1, "median": 1, "min": 1, "var": 0}, "silence_rate_60dB": {"dmean": 0.0218895189464, "dmean2": 0.0437835603952, "dvar": 0.0214070249349, "dvar2": 0.0474467873573, "max": 1, "mean": 0.121412344277, "median": 0, "min": 0, "var": 0.106692947447}, "spectral_centroid": {"dmean": 239.467498779, "dmean2": 369.033477783, "dvar": 97966.9765625, "dvar2": 214500.15625, "max": 11588.5410156, "mean": 1306.83032227, "median": 1155.91430664, "min": 88.9970779419, "var": 1039188.1875}, "spectral_complexity": {"dmean": 2.76819825172, "dmean2": 4.17534065247, "dvar": 12.9685239792, "dvar2": 24.9581718445, "max": 56, "mean": 14.4641752243, "median": 12, "min": 0, "var": 101.217773438}, "spectral_contrast_coeffs": {"dmean": [0.0477663949132, 0.0414713546634, 0.0347177498043, 0.0290859621018, 0.0257320404053, 0.022429196164], "dmean2": [0.0792438387871, 0.0665388777852, 0.0548542365432, 0.0461002588272, 0.0393955670297, 0.0335005372763], "dvar": [0.00175887602381, 0.00134943961166, 0.000893598073162, 0.000604065542575, 0.000569687690586, 0.000478689471493], "dvar2": [0.00488148024306, 0.00346413510852, 0.00215270556509, 0.0014646606287, 0.00122950575314, 0.00101186498068], "max": [-0.293268203735, -0.465759575367, -0.481883108616, -0.513668477535, -0.538352787495, -0.54560649395], "mean": [-0.589871346951, -0.701887249947, -0.749026358128, -0.769750058651, -0.758475124836, -0.73698592186], "median": [-0.589650392532, -0.703158140182, -0.753438830376, -0.773298382759, -0.762314558029, -0.73653203249], "min": [-0.980114758015, -0.978316366673, -0.979921042919, -0.970661401749, -0.969425320625, -0.964724779129], "var": [0.00787447951734, 0.00499883247539, 0.00421403022483, 0.00290886452422, 0.00358361774124, 0.00383660639636]}, "spectral_contrast_valleys": {"dmean": [0.420767217875, 0.335222810507, 0.322455734015, 0.300559729338, 0.315335154533, 0.413881331682], "dmean2": [0.683152854443, 0.538351535797, 0.512098312378, 0.459079623222, 0.459972947836, 0.581135392189], "dvar": [0.150210365653, 0.100616075099, 0.105341911316, 0.096882045269, 0.126891344786, 0.231584429741], "dvar2": [0.36753281951, 0.233574911952, 0.231927469373, 0.205634281039, 0.25675162673, 0.466431081295], "max": [-5.61131572723, -4.93703889847, -5.60607624054, -5.98482227325, -5.54952859879, -7.38572645187], "mean": [-8.01526737213, -7.32178068161, -8.19131565094, -8.54907417297, -8.45583152771, -11.4739437103], "median": [-7.72432422638, -7.15853118896, -8.06858825684, -8.37063217163, -8.21615219116, -11.5555381775], "min": [-28.0602035522, -28.0195178986, -27.993894577, -27.7615680695, -27.4908733368, -27.3769550323], "var": [3.62243795395, 3.70607995987, 3.52328538895, 3.58830237389, 4.33894729614, 4.37632369995]}, "spectral_decrease": {"dmean": 1.26521304544e-09, "dmean2": 1.9845201038e-09, "dvar": 4.10259746258e-18, "dvar2": 1.02920640772e-17, "max": 2.02736361899e-28, "mean": -4.3558205931e-09, "median": -2.8718218914e-09, "min": -2.95231430414e-08, "var": 1.70871857188e-17}, "spectral_energy": {"dmean": 0.00497648818418, "dmean2": 0.00775839481503, "dvar": 6.28579800832e-05, "dvar2": 0.000155870337039, "max": 0.117645941675, "mean": 0.0176718104631, "median": 0.0114160878584, "min": 1.00288516455e-20, "var": 0.000286623107968}, "spectral_energyband_high": {"dmean": 0.000328655471094, "dmean2": 0.000470508675789, "dvar": 9.96225139716e-07, "dvar2": 1.84721488949e-06, "max": 0.0308431126177, "mean": 0.000712048087735, "median": 0.000130560772959, "min": 7.03236887388e-21, "var": 2.98392410514e-06}, "spectral_energyband_low": {"dmean": 0.00257269316353, "dmean2": 0.0040893512778, "dvar": 2.07522516575e-05, "dvar2": 5.182593668e-05, "max": 0.0756483823061, "mean": 0.00552632845938, "median": 0.00358686200343, "min": 7.60541666471e-24, "var": 4.16218645114e-05}, "spectral_energyband_middle_high": {"dmean": 0.000892453826964, "dmean2": 0.00131506146863, "dvar": 3.43201440955e-06, "dvar2": 7.06602486389e-06, "max": 0.055860362947, "mean": 0.00273113837466, "median": 0.00119121500757, "min": 1.25563007955e-21, "var": 1.7515174477e-05}, "spectral_energyband_middle_low": {"dmean": 0.00372521718964, "dmean2": 0.00598053913563, "dvar": 4.1908780986e-05, "dvar2": 0.000108849286335, "max": 0.0920487865806, "mean": 0.0101166246459, "median": 0.00606840010732, "min": 1.68051429914e-22, "var": 0.000120055607113}, "spectral_entropy": {"dmean": 0.195773541927, "dmean2": 0.280943989754, "dvar": 0.0475249961019, "dvar2": 0.10084951669, "max": 9.83121585846, "mean": 7.20130634308, "median": 7.21556949615, "min": 5.02969694138, "var": 0.352564066648}, "spectral_flux": {"dmean": 0.016563160345, "dmean2": 0.0256793051958, "dvar": 0.000387639069231, "dvar2": 0.000878366816323, "max": 0.260222554207, "mean": 0.0559229031205, "median": 0.0418259948492, "min": 6.33253866011e-11, "var": 0.00196155183949}, "spectral_kurtosis": {"dmean": 2.89971590042, "dmean2": 4.80291223526, "dvar": 24.7744503021, "dvar2": 59.4120635986, "max": 127.687019348, "mean": 6.20430850983, "median": 3.49973726273, "min": -1.25148999691, "var": 79.8659591675}, "spectral_rms": {"dmean": 0.000511025777087, "dmean2": 0.00077792594675, "dvar": 4.17825731347e-07, "dvar2": 9.75519469648e-07, "max": 0.0107133807614, "mean": 0.00369475479238, "median": 0.00333731132559, "min": 3.12797791141e-12, "var": 3.58950023838e-06}, "spectral_rolloff": {"dmean": 438.688079834, "dmean2": 737.20098877, "dvar": 556871.9375, "dvar2": 1295484.375, "max": 20930.2734375, "mean": 1397.9609375, "median": 753.662109375, "min": 107.666015625, "var": 3523698.5}, "spectral_skewness": {"dmean": 0.308045476675, "dmean2": 0.491254210472, "dvar": 0.1413885355, "dvar2": 0.325498610735, "max": 9.33174514771, "mean": 1.5509622097, "median": 1.32150173187, "min": -0.0835493057966, "var": 0.762932479382}, "spectral_spread": {"dmean": 480540, "dmean2": 707817.875, "dvar": 515133865984, "dvar2": 1055123177470.0, "max": 42666024, "mean": 4030153.5, "median": 3638905, "min": 741297.75, "var": 1