{"lowlevel": {"average_loudness": 0.909935474396, "barkbands": {"dmean": [0.000116421717394, 0.00465980032459, 0.00532555114478, 0.00283990195021, 0.00250886008143, 0.0014092711499, 0.000646421918646, 0.000477971712826, 0.000547373783775, 0.000232857288211, 0.000410899374401, 0.000371161557268, 0.000341555685736, 0.000363765779184, 0.000469760765554, 0.00036539894063, 0.000332504481776, 0.000414339156123, 0.000405949103879, 0.000305494351778, 0.000293773511657, 0.000443108088803, 0.000600786763243, 0.0001624324359, 7.52259511501e-05, 5.72381140955e-05, 8.14057057141e-05], "dmean2": [0.000189201135072, 0.00767188891768, 0.00941238552332, 0.00516962166876, 0.0042548305355, 0.00245553790592, 0.00114845728967, 0.000821250316221, 0.000896376383025, 0.000378485128749, 0.000693534384482, 0.000602032523602, 0.000560376385693, 0.000585595844314, 0.000755966873839, 0.00057365745306, 0.000534163846169, 0.000697716546711, 0.000658053962979, 0.000491781334858, 0.000458671391243, 0.000667877262458, 0.000902127299923, 0.000246051320573, 0.000113451773359, 8.38238192955e-05, 0.000120421369502], "dvar": [3.96864550112e-08, 6.93435213179e-05, 0.00016502381186, 3.87336403946e-05, 2.36138548644e-05, 1.08752319647e-05, 3.39775283464e-06, 1.23234065086e-06, 1.64238258549e-06, 4.81808342556e-07, 1.21998448321e-06, 1.39001815569e-06, 1.15145758173e-06, 7.2319727451e-07, 1.59782871378e-06, 8.67848768848e-07, 4.89551723604e-07, 1.37173674375e-06, 4.91368723488e-07, 2.63669448941e-07, 1.90208695017e-07, 3.34945298164e-07, 5.53617894639e-07, 8.38982785467e-08, 1.50183332437e-08, 6.1203078161e-09, 1.0188860422e-08], "dvar2": [9.07989914367e-08, 0.000172129512066, 0.000457382033346, 0.000105611499748, 6.32842929917e-05, 2.94922701869e-05, 9.55962059379e-06, 3.22271853292e-06, 3.94404014514e-06, 1.15556258606e-06, 3.1977249364e-06, 3.46364208781e-06, 2.97475912703e-06, 1.72286536326e-06, 3.64171773981e-06, 2.07509879147e-06, 1.2579317854e-06, 3.85571820516e-06, 1.23849520151e-06, 6.58407714127e-07, 4.37758842509e-07, 7.90800527284e-07, 1.24384337141e-06, 2.06428765637e-07, 3.57693075159e-08, 1.27780301895e-08, 2.28766943167e-08], "max": [0.00434246100485, 0.108802080154, 0.167355507612, 0.0860871523619, 0.0828790813684, 0.0549995973706, 0.0274915248156, 0.0203625522554, 0.0292745549232, 0.0247605629265, 0.0230401270092, 0.0407843850553, 0.0237345416099, 0.0128886085004, 0.0238095130771, 0.0182426832616, 0.010558062233, 0.0178180858493, 0.00841462612152, 0.0116160996258, 0.00685981661081, 0.00771776912734, 0.00703586963937, 0.00973519869149, 0.00421155663207, 0.000994388130493, 0.00108808279037], "mean": [0.000129709398607, 0.00558183342218, 0.00460727652535, 0.00251264730468, 0.00272975233383, 0.00132213498, 0.00061976822326, 0.000501024827827, 0.000690345710609, 0.000276614009636, 0.000436810078099, 0.000434679357568, 0.000394301197957, 0.000437011738541, 0.000577651197091, 0.000463254516944, 0.000458943308331, 0.000463394651888, 0.000581662170589, 0.000441078591393, 0.000424439524068, 0.000557376188226, 0.000717810238712, 0.000245609146077, 0.000111958994239, 7.99257832114e-05, 0.000100080935226], "median": [5.17817679793e-05, 0.00271532265469, 0.00167781859636, 0.00071280868724, 0.00131406751461, 0.000435497844592, 0.000157544389367, 0.000182696123375, 0.000209700723644, 9.27246437641e-05, 0.000117975891044, 0.000134239235194, 0.000113433459774, 0.000126478873426, 0.000158223920153, 0.000124135578517, 0.000169196573552, 0.000193040788872, 0.000250033597695, 0.000241946603637, 0.000252068974078, 0.00032623540028, 0.000367562664906, 0.000107420455606, 5.49675023649e-05, 4.27213817602e-05, 5.12069673277e-05], "min": [5.96254894577e-25, 5.1995802304e-24, 1.82593906364e-24, 4.15154814667e-25, 6.04524937599e-24, 8.67485330581e-24, 1.04169413856e-23, 1.08695582186e-23, 1.38264786818e-23, 2.51478475175e-23, 1.49915394641e-23, 2.44952623337e-23, 2.97403022514e-23, 3.68984324163e-23, 3.05548863331e-23, 5.31724056991e-23, 7.11937626849e-23, 1.15122864276e-22, 1.24261773687e-22, 1.48831105327e-22, 2.71236935428e-22, 2.77877377202e-22, 3.94252081694e-22, 6.19091878992e-22, 8.84703996352e-22, 1.30560594513e-21, 1.84578729784e-21], "var": [5.13907494337e-08, 8.10659912531e-05, 0.000109455693746, 2.78949628409e-05, 1.89127495105e-05, 8.05845775176e-06, 2.64838854491e-06, 1.15912894216e-06, 2.22066728384e-06, 6.04078991273e-07, 1.32048035084e-06, 1.42316173424e-06, 1.17631270768e-06, 1.03930346995e-06, 2.1321609438e-06, 1.13034900551e-06, 7.76307672368e-07, 9.88462147689e-07, 7.65112019963e-07, 3.62301790346e-07, 2.85209267759e-07, 4.30512500316e-07, 7.15947010121e-07, 1.30294409928e-07, 2.24672653815e-08, 9.56377199657e-09, 1.38280356055e-08]}, "barkbands_crest": {"dmean": 2.87403774261, "dmean2": 4.65826654434, "dvar": 6.60694074631, "dvar2": 16.9690895081, "max": 26.7294864655, "mean": 9.01297855377, "median": 8.11272239685, "min": 2.13939547539, "var": 15.9013566971}, "barkbands_flatness_db": {"dmean": 0.0270468015224, "dmean2": 0.0432498045266, "dvar": 0.000747397542, "dvar2": 0.00187156209722, "max": 0.3780400455, "mean": 0.0979450941086, "median": 0.0848979353905, "min": 0.0195185951889, "var": 0.00232832157053}, "barkbands_kurtosis": {"dmean": 4.21389627457, "dmean2": 7.04035758972, "dvar": 165.16758728, "dvar2": 427.362670898, "max": 677.805419922, "mean": 3.50168204308, "median": 0.0307558663189, "min": -1.95298087597, "var": 209.821182251}, "barkbands_skewness": {"dmean": 0.864325165749, "dmean2": 1.32447719574, "dvar": 1.01376926899, "dvar2": 2.44247579575, "max": 22.8125762939, "mean": 1.16299653053, "median": 0.985699832439, "min": -4.02925491333, "var": 2.90667533875}, "barkbands_spread": {"dmean": 13.8029098511, "dmean2": 21.0423908234, "dvar": 181.739685059, "dvar2": 430.917480469, "max": 146.464614868, "mean": 40.6886444092, "median": 39.6057243347, "min": 0.450670540333, "var": 391.071136475}, "dissonance": {"dmean": 0.0131805576384, "dmean2": 0.0223338436335, "dvar": 0.000223371200264, "dvar2": 0.000585647998378, "max": 0.500000119209, "mean": 0.480160206556, "median": 0.485801309347, "min": 0.303130954504, "var": 0.000357441371307}, "dynamic_complexity": 2.29268026352, "erbbands": {"dmean": [0.101694963872, 1.23483192921, 5.35292434692, 8.87135887146, 6.20756006241, 9.01632213593, 13.9951868057, 10.2313423157, 9.00901508331, 9.76460933685, 11.1326436996, 12.7001781464, 6.8508348465, 12.3010997772, 14.603102684, 14.2833099365, 13.844836235, 16.583694458, 21.5511627197, 20.523859024, 19.8322849274, 18.4141426086, 21.6963577271, 21.2890205383, 17.3898563385, 13.7649154663, 12.2033090591, 12.4831638336, 13.4573726654, 24.8765258789, 14.7297592163, 3.54278802872, 2.86230778694, 1.33880615234, 0.294031947851, 0.134193181992, 0.143169507384, 0.0438330434263, 0.020878860727, 0.000544608104974], "dmean2": [0.165849074721, 2.06236791611, 9.31384181976, 16.0086078644, 10.9966773987, 15.1428785324, 24.1529598236, 17.745349884, 16.0600032806, 17.0029678345, 18.7680110931, 20.77368927, 11.1214456558, 19.9389724731, 24.5168075562, 22.9766139984, 22.5726089478, 26.2919998169, 33.9886741638, 32.0536117554, 31.007270813, 29.5880527496, 36.2191314697, 35.0993499756, 27.4013710022, 21.9209270477, 19.3004169464, 19.1359386444, 20.5438022614, 38.9344329834, 22.0170497894, 5.33319997787, 4.37878704071, 2.0134768486, 0.446088165045, 0.203149020672, 0.210166886449, 0.06339854002, 0.0312177632004, 0.000802556169219], "dvar": [0.0243784654886, 5.50882530212, 161.974182129, 377.913726807, 150.296340942, 325.254455566, 1024.4967041, 627.590698242, 765.909973145, 556.332519531, 697.200500488, 1013.84484863, 269.755493164, 1090.32275391, 1885.4699707, 1935.60925293, 1655.85290527, 1864.01318359, 3467.21533203, 2758.55078125, 2409.10424805, 1572.35314941, 3837.88720703, 1618.70019531, 856.041137695, 475.422302246, 383.553527832, 300.672363281, 444.059417725, 1106.6965332, 338.262329102, 32.2612876892, 28.961769104, 4.80537939072, 0.223078414798, 0.0375695452094, 0.040546759963, 0.00292165973224, 0.00072613498196, 5.06334515649e-07], "dvar2": [0.0617034472525, 13.8062820435, 443.056030273, 1031.98278809, 412.379608154, 851.705749512, 2788.51367188, 1688.90637207, 2172.54736328, 1515.10412598, 1775.45593262, 2437.28149414, 642.119628906, 2687.09570313, 5107.78955078, 4700.109375, 4216.37841797, 4421.69580078, 7779.07617188, 6390.92578125, 5712.83984375, 4122.97070313, 10777.5908203, 4121.81689453, 2087.54907227, 1163.07080078, 904.890808105, 673.177856445, 1085.42089844, 2640.47045898, 755.932189941, 77.1577529907, 73.7072143555, 11.4846343994, 0.51742631197, 0.0830949693918, 0.0857861414552, 0.00615589506924, 0.00168034259696, 1.18266370919e-06], "max": [3.23742032051, 30.6677837372, 155.925552368, 199.209793091, 186.64503479, 319.951507568, 568.119445801, 421.399200439, 433.874816895, 458.621673584, 546.619934082, 900.757568359, 515.644775391, 818.818603516, 1754.05383301, 1267.64416504, 975.951904297, 716.226379395, 1503.39099121, 1191.00939941, 872.202697754, 574.020507813, 957.001037598, 562.091796875, 447.199432373, 522.394104004, 327.368591309, 275.08102417, 402.410095215, 454.772125244, 208.404525757, 149.324157715, 214.835128784, 71.4775161743, 17.2496738434, 5.47095680237, 2.77882170677, 0.694571495056, 0.306016772985, 0.00801617652178], "mean": [0.130667239428, 1.38056385517, 4.93990850449, 7.83638763428, 6.39128494263, 9.71728038788, 13.9370059967, 9.61090183258, 8.26483821869, 10.0183048248, 12.8387794495, 15.7982387543, 8.56410694122, 14.4251880646, 16.4463672638, 17.41173172, 17.8687725067, 20.6019821167, 29.4968643188, 26.9057369232, 26.7530136108, 26.2228317261, 26.2299137115, 29.6931781769, 25.6370220184, 20.079126358, 17.350725174, 18.2505607605, 17.2274398804, 27.6279087067, 18.0180492401, 5.18054866791, 4.25112438202, 2.03048014641, 0.413736999035, 0.164583474398, 0.201577782631, 0.0607296787202, 0.02409735322, 0.00070762145333], "median": [0.0769364312291, 0.595695376396, 1.97849702835, 2.38243532181, 2.9947373867, 4.10547542572, 5.49508285522, 2.89357995987, 2.29933691025, 3.30063509941, 4.98666286469, 4.8405418396, 3.51229333878, 4.43711662292, 5.38958835602, 5.94414424896, 5.81480312347, 6.49304771423, 8.01605129242, 8.55035400391, 8.49681472778, 10.206196785, 11.0688495636, 12.4357509613, 12.3330612183, 11.0941734314, 9.57297801971, 10.8061580658, 10.159081459, 13.7509479523, 9.667552948, 2.33387184143, 2.02817606926, 1.01908683777, 0.185754418373, 0.0732070207596, 0.111566670239, 0.0322288125753, 0.0110233258456, 0.00042604279588], "min": [5.75902728929e-23, 6.62582828304e-22, 1.8374862092e-21, 5.71660724706e-21, 1.23850206904e-20, 2.7037189959e-20, 4.78610385962e-20, 8.0632590297e-20, 1.43769237889e-19, 1.45340751806e-19, 1.63472059694e-19, 2.84422822452e-19, 5.2945504564e-19, 8.9374662818e-19, 1.05263230742e-18, 1.23054055581e-18, 1.54881442651e-18, 2.04396680914e-18, 2.50060007897e-18, 2.05733694297e-18, 3.81640868707e-18, 4.71388724398e-18, 6.2225571478e-18, 6.43723781372e-18, 5.94667504272e-18, 7.95916080531e-18, 8.85962217551e-18, 1.16091283454e-17, 9.09319895534e-18, 1.17501502322e-17, 1.16368992801e-17, 1.1609923266e-17, 1.01430723052e-17, 8.04838712362e-18, 6.29908458935e-18, 4.64097582248e-18, 2.5219446475e-18, 8.98998604684e-19, 2.25785694888e-19, 2.70099802405e-20], "var": [0.0335209332407, 5.88873195648, 113.091918945, 264.820220947, 112.649665833, 275.867645264, 739.145446777, 482.710632324, 515.294433594, 488.86416626, 729.160949707, 1269.390625, 356.731506348, 1322.96484375, 1898.7956543, 2125.19995117, 1874.63879395, 2282.19311523, 5706.63818359, 3452.89013672, 3481.03442383, 2419.43017578, 2873.27734375, 2523.87841797, 1358.44445801, 672.42565918, 555.664001465, 478.195892334, 504.861694336, 1233.67651367, 444.882720947, 55.9832801819, 38.7095794678, 7.35820817947, 0.315783053637, 0.0459419451654, 0.0628188103437, 0.00567097589374, 0.000904755317606, 6.55400015148e-07]}, "erbbands_crest": {"dmean": 2.68722343445, "dmean2": 4.345723629, "dvar": 6.92201375961, "dvar2": 16.6673698425, "max": 28.1905422211, "mean": 7.72263336182, "median": 6.75594520569, "min": 2.11545038223, "var": 15.0146369934}, "erbbands_flatness_db": {"dmean": 0.0189447291195, "dmean2": 0.0277524050325, "dvar": 0.000357364682714, "dvar2": 0.000710045394953, "max": 0.370167523623, "mean": 0.115770839155, "median": 0.103749997914, "min": 0.021613875404, "var": 0.00165340327658}, "erbbands_kurtosis": {"dmean": 1.20876920223, "dmean2": 1.90080344677, "dvar": 4.15660333633, "dvar2": 9.23364067078, "max": 55.4198303223, "mean": 0.250164687634, "median": -0.376333534718, "min": -1.8557267189, "var": 6.38930892944}, "erbbands_skewness": {"dmean": 0.505182802677, "dmean2": 0.759602248669, "dvar": 0.258417487144, "dvar2": 0.566304624081, "max": 2.96908783913, "mean": -0.409439980984, "median": -0.420432686806, "min": -6.37132978439, "var": 0.628404974937}, "erbbands_spread": {"dmean": 16.2371463776, "dmean2": 24.7924537659, "dvar": 261.743133545, "dvar2": 614.759399414, "max": 190.617095947, "mean": 56.1357803345, "median": 52.4133453369, "min": 4.24829912186, "var": 722.451904297}, "gfcc": {"cov": [[29655.2265625, 1918.59924316, -1150.19299316, 1002.20471191, -850.86151123, -13.720746994, -492.836486816, -310.117553711, -173.307510376, -260.791015625, -286.564178467, -35.4148979187, -292.139862061], [1918.59924316, 1437.34020996, -379.168273926, 48.8107032776, -38.1272621155, -127.62966156, -1.18359780312, 18.008190155, -42.8624992371, -66.9024887085, 20.9972572327, -95.8378295898, -47.4584274292], [-1150.19299316, -379.168273926, 1201.99047852, 166.733703613, 124.357879639, 269.512939453, 189.976852417, 9.41001987457, 123.464706421, 0.739930510521, -38.8807601929, 70.0535964966, -89.42943573], [1002.20471191, 48.8107032776, 166.733703613, 354.631256104, 103.392700195, 50.5213699341, -5.83453416824, -4.56603288651, 24.4564743042, 3.07501769066, -36.3413734436, -34.9449691772, -19.5807094574], [-850.86151123, -38.1272621155, 124.357879639, 103.392700195, 391.332122803, 152.416503906, 97.6744995117, 32.4100532532, 63.6747169495, 39.5485992432, -12.9148511887, -21.908323288, -34.5228309631], [-13.720746994, -127.62966156, 269.512939453, 50.5213699341, 152.416503906, 315.41897583, 141.27255249, 21.1239566803, 7.31039333344, -0.99443513155, -12.4412212372, 8.32174491882, -40.82554245], [-492.836486816, -1.18359780312, 189.976852417, -5.83453416824, 97.6744995117, 141.27255249, 243.833129883, 63.718711853, 30.044511795, -6.60462141037, -6.81141853333, 3.78026437759, -36.8235855103], [-310.117553711, 18.008190155, 9.41001987457, -4.56603288651, 32.4100532532, 21.1239566803, 63.718711853, 136.072021484, 34.8913040161, 1.28351712227, -7.26472663879, -9.11378288269, -9.57761287689], [-173.307510376, -42.8624992371, 123.464706421, 24.4564743042, 63.6747169495, 7.31039333344, 30.044511795, 34.8913040161, 123.201576233, 32.2258796692, -6.77555847168, 6.08673524857, -21.843126297], [-260.791015625, -66.9024887085, 0.739930510521, 3.07501769066, 39.5485992432, -0.99443513155, -6.60462141037, 1.28351712227, 32.2258796692, 96.1694564819, 21.3265132904, -15.0732746124, 0.932268083096], [-286.564178467, 20.9972572327, -38.8807601929, -36.3413734436, -12.9148511887, -12.4412212372, -6.81141853333, -7.26472663879, -6.77555847168, 21.3265132904, 71.2403182983, 23.8324165344, 5.985683918], [-35.4148979187, -95.8378295898, 70.0535964966, -34.9449691772, -21.908323288, 8.32174491882, 3.78026437759, -9.11378288269, 6.08673524857, -15.0732746124, 23.8324165344, 81.3287658691, 28.1421222687], [-292.139862061, -47.4584274292, -89.42943573, -19.5807094574, -34.5228309631, -40.82554245, -36.8235855103, -9.57761287689, -21.843126297, 0.932268083096, 5.985683918, 28.1421222687, 94.3827362061]], "icov": [[7.63594944146e-05, -9.80991389952e-05, 0.000188939695363, -0.000314470555168, 0.000290826370474, -0.000233320359257, 8.53849342093e-05, 0.000127505059936, -5.61568776902e-05, -0.000169229184394, 0.000522738322616, -0.000618418620434, 0.000492432387546], [-9.80991389952e-05, 0.00108039844781, 1.78638329089e-05, 0.000122651792481, -0.000357318727765, 0.000643473991659, -0.000473632768262, -0.000124622267322, -8.98758444237e-05, 0.00131682620849, -0.00168425065931, 0.0019540253561, -0.00027743683313], [0.000188939695363, 1.78638329089e-05, 0.00205448456109, -0.00151491968427, 0.00110150966793, -0.00134282826912, -0.000510206795298, 0.000808464887086, -0.00123612442985, -0.000514658691827, 0.00200678431429, -0.00321884825826, 0.00248272181489], [-0.000314470555168, 0.000122651792481, -0.00151491968427, 0.00504133990034, -0.00210862117819, 0.000756091088988, 0.000685487524606, -0.000406388135161, 0.000117061237688, 0.000929773261305, -0.00123191578314, 0.00420693214983, -0.00267760548741], [0.000290826370474, -0.000357318727765, 0.00110150966793, -0.00210862117819, 0.00504671921954, -0.00260605127551, -0.000416290975409, 0.000593861972447, -0.00193709495943, -0.0016595791094, 0.00205773930065, -0.00187399215065, 0.00193967076484], [-0.000233320359257, 0.000643473991659, -0.00134282826912, 0.000756091088988, -0.00260605127551, 0.00668147066608, -0.00252837571315, -0.000377455173293, 0.00245759636164, 0.00044411822455, -0.00134535261896, 0.00123086746316, -0.000319326092722], [8.53849342093e-05, -0.000473632768262, -0.000510206795298, 0.000685487524606, -0.000416290975409, -0.00252837571315, 0.00718609150499, -0.00244942470454, -0.000212252853089, 0.000405484868679, 0.0004669300979, -0.000680199358612, 0.00111417123117], [0.000127505059936, -0.000124622267322, 0.000808464887086, -0.000406388135161, 0.000593861972447, -0.000377455173293, -0.00244942470454, 0.00952478032559, -0.00307834194973, 0.000613975222223, 0.000927413755562, 0.000430008658441, 0.000173046486452], [-5.61568776902e-05, -8.98758444237e-05, -0.00123612442985, 0.000117061237688, -0.00193709495943, 0.00245759636164, -0.000212252853089, -0.00307834194973, 0.0130865937099, -0.00494498433545, 0.00267503992654, -0.00370522448793, 0.00260596326552], [-0.000169229184394, 0.00131682620849, -0.000514658691827, 0.000929773261305, -0.0016595791094, 0.00044411822455, 0.000405484868679, 0.000613975222223, -0.00494498433545, 0.0167759377509, -0.00931876897812, 0.00943174771965, -0.00388225726783], [0.000522738322616, -0.00168425065931, 0.00200678431429, -0.00123191578314, 0.00205773930065, -0.00134535261896, 0.0004669300979, 0.000927413755562, 0.00267503992654, -0.00931876897812, 0.0247850306332, -0.0146341621876, 0.00636679073796], [-0.000618418620434, 0.0019540253561, -0.00321884825826, 0.00420693214983, -0.00187399215065, 0.00123086746316, -0.000680199358612, 0.000430008658441, -0.00370522448793, 0.00943174771965, -0.0146341621876, 0.028863299638, -0.0121123222634], [0.000492432387546, -0.00027743683313, 0.00248272181489, -0.00267760548741, 0.00193967076484, -0.000319326092722, 0.00111417123117, 0.000173046486452, 0.00260596326552, -0.00388225726783, 0.00636679073796, -0.0121123222634, 0.0186496116221]], "mean": [4.91292524338, 37.2370834351, -90.145111084, 42.4121322632, -45.8457183838, 10.3800992966, -24.6454582214, -3.84219002724, -14.4330091476, -5.82420301437, -13.368062973, 0.722439885139, -14.095533371]}, "hfc": {"dmean": 17.671672821, "dmean2": 25.7920207977, "dvar": 434.499664307, "dvar2": 1032.44921875, "max": 225.374771118, "mean": 30.5173168182, "median": 24.6230506897, "min": 1.07365548733e-16, "var": 655.16003418}, "melbands": {"dmean": [0.00107502029277, 0.00238025933504, 0.00142967246938, 0.000485401222249, 0.000492724531796, 0.000237192201894, 0.000136299335281, 0.000105215360236, 9.43699706113e-05, 7.85340453149e-05, 3.4144926758e-05, 4.82939612994e-05, 5.26668663952e-05, 4.33887726103e-05, 3.43360334227e-05, 3.33899079124e-05, 3.31758856191e-05, 3.6069577618e-05, 3.4925633372e-05, 2.57118099398e-05, 2.38805550907e-05, 1.93676987692e-05, 2.08374276554e-05, 1.98445541173e-05, 1.81321902346e-05, 1.59066821652e-05, 1.11380923045e-05, 9.53725793806e-06, 8.16920692159e-06, 7.14161797077e-06, 7.91095408204e-06, 7.63555181038e-06, 9.03936597751e-06, 1.57419272e-05, 1.10389237307e-05, 2.86654358206e-06, 1.89121715266e-06, 2.04761568057e-06, 1.83079555427e-06, 1.05682454432e-06], "dmean2": [0.00174118648283, 0.00406153919175, 0.00256269681267, 0.000826780102216, 0.000839176995214, 0.000412233202951, 0.000242717549554, 0.00018232135335, 0.000157715534442, 0.000128746236442, 5.57390667382e-05, 7.83448194852e-05, 8.89639777597e-05, 7.12126930011e-05, 5.63686735404e-05, 5.40870569239e-05, 5.32339981874e-05, 5.72077915422e-05, 5.49428295926e-05, 4.0703202103e-05, 3.79405937565e-05, 3.12956253765e-05, 3.41565100825e-05, 3.33307070832e-05, 2.99556304526e-05, 2.58011968981e-05, 1.76775811269e-05, 1.5545540009e-05, 1.3164196389e-05, 1.13111800601e-05, 1.21599186969e-05, 1.1925927538e-05, 1.40613947224e-05, 2.45997907768e-05, 1.66002992046e-05, 4.38762390331e-06, 2.89733657155e-06, 3.22973437505e-06, 2.77858043773e-06, 1.63334493664e-06], "dvar": [3.11675466946e-06, 2.78682691714e-05, 9.29565976548e-06, 8.24261576327e-07, 1.20174468066e-06, 3.34729492124e-07, 1.66290448078e-07, 5.75414027537e-08, 4.964782363e-08, 3.81647033976e-08, 7.44104422523e-09, 1.76377898953e-08, 2.26718519514e-08, 2.06787902357e-08, 1.22065442199e-08, 1.10732765179e-08, 7.48902007075e-09, 9.67826618847e-09, 8.63168025944e-09, 4.50789849893e-09, 3.6126297509e-09, 1.73573055928e-09, 3.00131941522e-09, 3.13086467862e-09, 1.32115662854e-09, 8.15604139781e-10, 3.59778040693e-10, 2.85462320448e-10, 2.08062136964e-10, 1.42569928085e-10, 1.20073742615e-10, 1.55868817853e-10, 1.44549122671e-10, 4.31176344629e-10, 1.97213828601e-10, 1.81160902252e-11, 1.21099848899e-11, 1.7442594244e-11, 9.57758872211e-12, 2.9845240862e-12], "dvar2": [7.70544284023e-06, 7.42882548366e-05, 2.52226927842e-05, 2.2290328161e-06, 3.22717937706e-06, 9.04266755697e-07, 4.70717935741e-07, 1.55023514026e-07, 1.22495777077e-07, 9.22607341636e-08, 1.77179479977e-08, 4.33820908086e-08, 6.1306735688e-08, 5.16425835428e-08, 3.06729788235e-08, 2.82546164243e-08, 1.76798042872e-08, 2.18111271266e-08, 1.88347613062e-08, 1.09721378649e-08, 8.54615223034e-09, 4.45920989023e-09, 8.15339706861e-09, 8.78953443362e-09, 3.3138205513e-09, 2.07271977359e-09, 8.85300832643e-10, 7.08147984696e-10, 5.00539498738e-10, 3.29097277207e-10, 2.71207251101e-10, 3.83974102514e-10, 3.49762468987e-10, 1.01235653194e-09, 4.50128379015e-10, 4.33058970628e-11, 2.93734689349e-11, 4.56580953601e-11, 2.2821758372e-11, 7.48428749531e-12], "max": [0.0245542228222, 0.0627035871148, 0.0307819023728, 0.0184549447149, 0.0186530686915, 0.00872553233057, 0.0057578952983, 0.00488281669095, 0.00434939702973, 0.00523631135002, 0.00297386641614, 0.00333167496137, 0.00428247451782, 0.00536631327122, 0.00313063338399, 0.00210405746475, 0.00150307745207, 0.00240726000629, 0.00176765141077, 0.00140654458664, 0.000998166739009, 0.000774135289248, 0.000766034878325, 0.000858318875544, 0.000554662430659, 0.000436849571997, 0.000330423354171, 0.000493561325129, 0.000295987149002, 0.000198198933504, 0.000153098386363, 0.000239353234065, 0.000138075614814, 0.000264975300524, 0.000151919492055, 0.000101615180029, 8.73277167557e-05, 0.000169549326529, 9.87223611446e-05, 5.02007824252e-05], "mean": [0.00136433157604, 0.00238162395544, 0.0013100967044, 0.000538465741556, 0.000506885466166, 0.000222130009206, 0.000126751358039, 0.000109797852929, 0.000111889879918, 9.57530210144e-05, 4.04413513024e-05, 5.62817258469e-05, 5.63130997762e-05, 5.03578266944e-05, 4.124273255e-05, 3.9010126784e-05, 3.76606258214e-05, 4.69895348942e-05, 4.28701641795e-05, 3.13792988891e-05, 3.08562230202e-05, 2.64139198407e-05, 2.57123610936e-05, 2.14925221371e-05, 2.45847077167e-05, 2.09714962693e-05, 1.5812827769e-05, 1.27670773509e-05, 1.10420505735e-05, 9.67782943917e-06, 1.11784875116e-05, 9.44124985836e-06, 1.06393763417e-05, 1.7217686036e-05, 1.28620595206e-05, 3.91799949284e-06, 2.69794918495e-06, 2.91925198326e-06, 2.75934303318e-06, 1.44523539802e-06], "median": [0.000712941400707, 0.00103032018524, 0.00046519713942, 0.000268801115453, 0.00020676170243, 6.91288441885e-05, 3.3850181353e-05, 3.76673779101e-05, 3.78657423425e-05, 2.80628610199e-05, 1.47797900354e-05, 1.66488352988e-05, 1.64811135619e-05, 1.52567154146e-05, 1.34354831971e-05, 1.07296782517e-05, 1.08329450086e-05, 1.09194988909e-05, 1.20157765195e-05, 9.28965528146e-06, 8.80293100636e-06, 1.01654741229e-05, 9.23247353057e-06, 8.56106271385e-06, 9.34455511015e-06, 8.74114994076e-06, 7.85282099969e-06, 6.78662854625e-06, 5.73915076529e-06, 5.28385999132e-06, 6.198563824e-06, 5.29226963408e-06, 5.93831737206e-06, 7.98821929493e-06, 6.52568633086e-06, 1.94246717911e-06, 9.61607156569e-07, 1.19048331726e-06, 1.52392840391e-06, 6.60187879475e-07], "min": [9.81746468448e-25, 9.36366751837e-25, 1.08969587105e-24, 1.45798278301e-24, 1.78612111223e-24, 1.79730873759e-24, 2.77197143232e-24, 1.7516689927e-24, 1.20876870545e-24, 1.95994483776e-24, 2.36639358626e-24, 3.24991227808e-24, 2.67858607836e-24, 2.65296939819e-24, 2.17935446842e-24, 3.44876774342e-24, 3.30306612031e-24, 4.25937991039e-24, 2.22439172079e-24, 2.66888782239e-24, 3.26005722654e-24, 4.12429852442e-24, 5.04435883109e-24, 3.69686844242e-24, 4.16653610944e-24, 3.28603875488e-24, 3.31521871977e-24, 4.70602309416e-24, 4.0531345933e-24, 4.96904115287e-24, 5.64556510975e-24, 4.20564586097e-24, 4.84867557266e-24, 5.61359060511e-24, 5.81601467997e-24, 6.66033290126e-24, 6.76374073302e-24, 6.61028874872e-24, 5.80132175118e-24, 6.30058274619e-24], "var": [4.15104750573e-06, 2.17389042518e-05, 6.66424693918e-06, 6.69857683988e-07, 9.0654197038e-07, 2.52570657722e-07, 1.1721635218e-07, 5.22380965151e-08, 5.83248791486e-08, 4.71552716874e-08, 9.57530055246e-09, 2.12464481564e-08, 2.33628494328e-08, 2.05612149529e-08, 1.35411726276e-08, 1.16405152184e-08, 8.81854589352e-09, 1.6684804649e-08, 1.19767786799e-08, 4.97881380568e-09, 5.19908960328e-09, 2.61658783529e-09, 3.00407854148e-09, 2.22723040011e-09, 2.11612261047e-09, 1.14849907362e-09, 5.26247656563e-10, 3.38411215717e-10, 2.74429395875e-10, 1.98858790545e-10, 1.92607318983e-10, 1.73651093505e-10, 1.66781477517e-10, 4.91257590163e-10, 2.43944281442e-10, 2.80398135266e-11, 2.01160008789e-11, 2.14494012829e-11, 1.37674923545e-11, 4.07806600988e-12]}, "melbands_crest": {"dmean": 3.79377126694, "dmean2": 6.17997264862, "dvar": 10.761967659, "dvar2": 28.0773296356, "max": 38.845123291, "mean": 13.4096822739, "median": 12.9543800354, "min": 1.54069185257, "var": 25.5986251831}, "melbands_flatness_db": {"dmean": 0.0387511178851, "dmean2": 0.060739710927, "dvar": 0.0014331669081, "dvar2": 0.00353711191565, "max": 0.509183168411, "mean": 0.158063039184, "median": 0.149295419455, "min": 0.0037685551215, "var": 0.00509428186342}, "melbands_kurtosis": {"dmean": 17.3560009003, "dmean2": 28.8700695038, "dvar": 1594.88708496, "dvar2": 4066.51635742, "max": 626.112060547, "mean": 21.2658996582, "median": 8.04286003113, "min": -1.8796710968, "var": 2205.34570313}, "melbands_skewness": {"dmean": 1.38033008575, "dmean2": 2.15391564369, "dvar": 2.74823379517, "dvar2": 6.72592782974, "max": 20.0116386414, "mean": 3.25196814537, "median": 2.73938083649, "min": -2.52535271645, "var": 6.80218839645}, "melbands_spread": {"dmean": 18.5834751129, "dmean2": 28.5110301971, "dvar": 455.673370361, "dvar2": 963.003601074, "max": 242.401611328, "mean": 43.623626709, "median": 34.9064865112, "min": 0.37464261055, "var": 1175.08300781}, "mfcc": {"cov": [[10723.1601563, 829.337524414, -40.0754356384, 385.338500977, -23.9257164001, 63.9257164001, -130.611190796, 33.9455528259, -44.7182426453, -38.5636329651, -39.9639549255, -26.900384903, -24.2244777679], [829.337524414, 1054.11242676, -149.309280396, 69.9839935303, -48.3320503235, -62.8970489502, 27.2564964294, 39.0181312561, -30.6571483612, 20.0768451691, 36.8410797119, 10.1347036362, 4.90926504135], [-40.0754356384, -149.309280396, 885.203613281, 73.0264434814, 54.0838241577, 187.344711304, 36.7888412476, 144.186965942, 61.3526916504, -6.52955818176, 84.701713562, -9.47140789032, 38.950717926], [385.338500977, 69.9839935303, 73.0264434814, 315.726776123, 94.0090484619, 29.733127594, -20.7423381805, -0.956466317177, 33.7097969055, 38.4852294922, 23.218832016, 0.993222236633, 4.82137870789], [-23.9257164001, -48.3320503235, 54.0838241577, 94.0090484619, 273.863922119, 137.423431396, 29.8523693085, 33.3670692444, 35.0497970581, 57.9149971008, 32.5991668701, -13.5370969772, 20.0983600616], [63.9257164001, -62.8970489502, 187.344711304, 29.733127594, 137.423431396, 285.165252686, 118.173088074, 72.6905288696, 55.3854293823, 36.6261405945, 61.9123077393, -13.4087734222, 17.2369842529], [-130.611190796, 27.2564964294, 36.7888412476, -20.7423381805, 29.8523693085, 118.173088074, 193.309402466, 88.960899353, 43.5438270569, 28.2068729401, 30.0531291962, 9.25965690613, -4.13690090179], [33.9455528259, 39.0181312561, 144.186965942, -0.956466317177, 33.3670692444, 72.6905288696, 88.960899353, 188.67578125, 63.5110054016, 15.6509008408, 42.1952781677, 1.42077231407, 26.583770752], [-44.7182426453, -30.6571483612, 61.3526916504, 33.7097969055, 35.0497970581, 55.3854293823, 43.5438270569, 63.5110054016, 131.984893799, 33.7137069702, 23.203918457, 25.3387374878, 3.82586526871], [-38.5636329651, 20.0768451691, -6.52955818176, 38.4852294922, 57.9149971008, 36.6261405945, 28.2068729401, 15.6509008408, 33.7137069702, 105.053703308, 53.6932067871, -5.23446512222, 9.60700798035], [-39.9639549255, 36.8410797119, 84.701713562, 23.218832016, 32.5991668701, 61.9123077393, 30.0531291962, 42.1952781677, 23.203918457, 53.6932067871, 120.682312012, 15.6512365341, 12.5382032394], [-26.900384903, 10.1347036362, -9.47140789032, 0.993222236633, -13.5370969772, -13.4087734222, 9.25965690613, 1.42077231407, 25.3387374878, -5.23446512222, 15.6512365341, 82.6629867554, 13.2558135986], [-24.2244777679, 4.90926504135, 38.950717926, 4.82137870789, 20.0983600616, 17.2369842529, -4.13690090179, 26.583770752, 3.82586526871, 9.60700798035, 12.5382032394, 13.2558135986, 83.0927658081]], "icov": [[0.000109468528535, -8.22006695671e-05, 2.70569908025e-05, -0.000137033071951, 9.3388989626e-05, -0.000185707904166, 0.000189927683095, -0.000121660181321, 7.61207338655e-05, -7.05815000401e-06, 0.000119539130537, -4.32122760685e-05, 8.2518941781e-05], [-8.22006695671e-05, 0.00115804583766, 0.000239825763856, -0.000331332703354, 0.000201620961889, 0.000354366202373, -0.000367875472875, -0.000418483046815, 0.000448275997769, -5.01820504724e-05, -0.000532265810762, -1.83117444976e-05, -0.000123889723909], [2.70569908025e-05, 0.000239825763856, 0.00169348483905, -0.000496783293784, 0.000481838913402, -0.00116252258886, 0.000798905966803, -0.0012070912635, -2.45938445005e-05, 0.000827866082545, -0.000841014028993, 0.000256982719293, -0.000229404875427], [-0.000137033071951, -0.000331332703354, -0.000496783293784, 0.00416511530057, -0.00151125958655, 0.000516833155416, 0.000423416233389, 0.000788595527411, -0.00107698561624, -0.000738124304917, -0.000108577296487, -5.70184893149e-05, 0.000158344148076], [9.3388989626e-05, 0.000201620961889, 0.000481838913402, -0.00151125958655, 0.00619674287736, -0.00348728266545, 0.0015299153747, -0.0010919184424, 0.000580496853217, -0.00261357775889, 0.00114199821837, -0.000128108018544, -0.000349242298398], [-0.000185707904166, 0.000354366202373, -0.00116252258886, 0.000516833155416, -0.00348728266545, 0.00862203445286, -0.00503834197298, 0.0018856364768, -0.00196433975361, 0.00205738143995, -0.00306980987079, 0.00266534043476, -0.00146872107871], [0.000189927683095, -0.000367875472875, 0.000798905966803, 0.000423416233389, 0.0015299153747, -0.00503834197298, 0.0103172147647, -0.00459419889376, 0.000818806991447, -0.00273769418709, 0.00186159124132, -0.00266958842985, 0.00276043172926], [-0.000121660181321, -0.000418483046815, -0.0012070912635, 0.000788595527411, -0.0010919184424, 0.0018856364768, -0.00459419889376, 0.01024195645, -0.00431623030454, 0.00249539827928, -0.00263473205268, 0.00283346534707, -0.00326737621799], [7.61207338655e-05, 0.000448275997769, -2.45938445005e-05, -0.00107698561624, 0.000580496853217, -0.00196433975361, 0.000818806991447, -0.00431623030454, 0.0120863635093, -0.00439357850701, 0.00232786056586, -0.00503157638013, 0.00216136546806], [-7.05815000401e-06, -5.01820504724e-05, 0.000827866082545, -0.000738124304917, -0.00261357775889, 0.00205738143995, -0.00273769418709, 0.00249539827928, -0.00439357850701, 0.0168628878891, -0.00797378644347, 0.00457793334499, -0.00234808470123], [0.000119539130537, -0.000532265810762, -0.000841014028993, -0.000108577296487, 0.00114199821837, -0.00306980987079, 0.00186159124132, -0.00263473205268, 0.00232786056586, -0.00797378644347, 0.0144009673968, -0.00459260866046, 0.00113739573862], [-4.32122760685e-05, -1.83117444976e-05, 0.000256982719293, -5.70184893149e-05, -0.000128108018544, 0.00266534043476, -0.00266958842985, 0.00283346534707, -0.00503157638013, 0.00457793334499, -0.00459260866046, 0.0160985495895, -0.00386283639818], [8.2518941781e-05, -0.000123889723909, -0.000229404875427, 0.000158344148076, -0.000349242298398, -0.00146872107871, 0.00276043172926, -0.00326737621799, 0.00216136546806, -0.00234808470123, 0.00113739573862, -0.00386283639818, 0.0143529539928]], "mean": [-634.621520996, 73.6169891357, 15.1568145752, 32.5328407288, 6.46492910385, 15.726600647, -0.347283184528, 9.10805988312, -2.48713207245, 1.57522511482, 0.74087113142, -5.35945415497, 1.49711668491]}, "pitch_salience": {"dmean": 0.0936673134565, "dmean2": 0.15364305675, "dvar": 0.00754819856957, "dvar2": 0.0198250897229, "max": 0.891487300396, "mean": 0.57961410284, "median": 0.589428305626, "min": 0.0394772924483, "var": 0.0160446036607}, "silence_rate_20dB": {"dmean": 0, "dmean2": 0, "dvar": 0, "dvar2": 0, "max": 1, "mean": 1, "median": 1, "min": 1, "var": 0}, "silence_rate_30dB": {"dmean": 0.0121304020286, "dmean2": 0.0242628473788, "dvar": 0.0119843259454, "dvar2": 0.0317591316998, "max": 1, "mean": 0.991913735867, "median": 1, "min": 0, "var": 0.00802229903638}, "silence_rate_60dB": {"dmean": 0.02493471466, "dmean2": 0.0498736314476, "dvar": 0.024312807247, "dvar2": 0.0627271607518, "max": 1, "mean": 0.0546664409339, "median": 0, "min": 0, "var": 0.0516794472933}, "spectral_centroid": {"dmean": 514.973144531, "dmean2": 782.916931152, "dvar": 264857.625, "dvar2": 600530, "max": 11716.0117188, "mean": 2136.28515625, "median": 2079.76586914, "min": 169.794387817, "var": 1254592.125}, "spectral_complexity": {"dmean": 6.40839004517, "dmean2": 9.12738037109, "dvar": 43.811630249, "dvar2": 86.138168335, "max": 63, "mean": 19.4326992035, "median": 18, "min": 0, "var": 151.461868286}, "spectral_contrast_coeffs": {"dmean": [0.060953784734, 0.0536863319576, 0.0408842749894, 0.0360351987183, 0.0262120831758, 0.0233446080238], "dmean2": [0.0997513830662, 0.0868019089103, 0.0659973025322, 0.0565428212285, 0.0412863716483, 0.0367352366447], "dvar": [0.00275000976399, 0.0021930783987, 0.00131835811771, 0.00106220180169, 0.000554774713237, 0.000415268936194], "dvar2": [0.0069968290627, 0.00530821271241, 0.00315568246879, 0.00237231468782, 0.00125269265845, 0.000994281144813], "max": [-0.326522350311, -0.371500462294, -0.460093587637, -0.468779712915, -0.540622770786, -0.570109426975], "mean": [-0.657301008701, -0.751820921898, -0.800854384899, -0.785769164562, -0.788596153259, -0.741200387478], "median": [-0.663664698601, -0.756105780602, -0.811117291451, -0.793397247791, -0.793909072876, -0.734677314758], "min": [-0.975308060646, -0.974445223808, -0.979814350605, -0.973033308983, -0.968299150467, -0.965059697628], "var": [0.00783125963062, 0.00617886567488, 0.00448813801631, 0.00413422239944, 0.00270847370848, 0.00222043762915]}, "spectral_contrast_valleys": {"dmean": [0.538529157639, 0.615960597992, 0.50172150135, 0.436187744141, 0.40082988143, 0.452276736498], "dmean2": [0.835465371609, 0.955101072788, 0.766233563423, 0.647379159927, 0.562507510185, 0.595583438873], "dvar": [0.249657288194, 0.390388041735, 0.274848610163, 0.219507038593, 0.190396651626, 0.208477124572], "dvar2": [0.526898086071, 0.880038976669, 0.583452284336, 0.453477948904, 0.391521960497, 0.413019776344], "max": [-5.00133514404, -4.33513021469, -5.2246799469, -5.61095285416, -5.21663045883, -7.18155288696], "mean": [-7.44908380508, -7.40624666214, -7.78422260284, -7.98722839355, -7.49461984634, -9.63221645355], "median": [-6.89423465729, -7.07443237305, -7.39938259125, -7.59548187256, -7.09954833984, -9.30861473083], "min": [-28.0926055908, -28.2085380554, -27.6885166168, -27.7557926178, -27.5029830933, -27.4647579193], "var": [5.91187524796, 5.159927845, 4.82612943649, 4.66617012024, 4.70039653778, 4.06772279739]}, "spectral_decrease": {"dmean": 4.17998036184e-09, "dmean2": 6.68098421031e-09, "dvar": 3.84101615224e-17, "dvar2": 9.55735927923e-17, "max": 8.71615828617e-17, "mean": -6.12823169988e-09, "median": -4.34224123325e-09, "min": -7.05225673414e-08, "var": 4.05435496577e-17}, "spectral_energy": {"dmean": 0.0170489344746, "dmean2": 0.0269022975117, "dvar": 0.000589274510276, "dvar2": 0.00146074499935, "max": 0.270927160978, "mean": 0.0258973911405, "median": 0.0188270416111, "min": 9.91067871678e-21, "var": 0.00064045569161}, "spectral_energyband_high": {"dmean": 0.00168923463207, "dmean2": 0.00246511213481, "dvar": 3.92348465539e-06, "dvar2": 8.62843535288e-06, "max": 0.0223340988159, "mean": 0.00246652378701, "median": 0.00170065904967, "min": 7.06942801935e-21, "var": 6.08621485298e-06}, "spectral_energyband_low": {"dmean": 0.0105524603277, "dmean2": 0.0175035968423, "dvar": 0.000418142328272, "dvar2": 0.00108027644455, "max": 0.244765132666, "mean": 0.0119496276602, "median": 0.00602314248681, "min": 1.67710140288e-23, "var": 0.000382729806006}, "spectral_energyband_middle_high": {"dmean": 0.0026430033613, "dmean2": 0.0040724016726, "dvar": 1.94120420929e-05, "dvar2": 4.91385362693e-05, "max": 0.0598172433674, "mean": 0.00471992231905, "median": 0.00256319367327, "min": 1.09406419699e-21, "var": 3.10809300572e-05}, "spectral_energyband_middle_low": {"dmean": 0.00693745398894, "dmean2": 0.0118137700483, "dvar": 0.000127736377181, "dvar2": 0.000335674907546, "max": 0.159647464752, "mean": 0.00843023788184, "median": 0.00523720635101, "min": 1.86867946071e-22, "var": 0.000108534528408}, "spectral_entropy": {"dmean": 0.194946154952, "dmean2": 0.283129066229, "dvar": 0.032876752317, "dvar2": 0.0744433030486, "max": 9.83019828796, "mean": 7.99383449554, "median": 8.03374290466, "min": 6.3531332016, "var": 0.152825415134}, "spectral_flux": {"dmean": 0.0426284149289, "dmean2": 0.0644843801856, "dvar": 0.00235584843904, "dvar2": 0.00440077902749, "max": 0.477087080479, "mean": 0.105919964612, "median": 0.0906987786293, "min": 6.22823390084e-11, "var": 0.00420551933348}, "spectral_kurtosis": {"dmean": 0.921826303005, "dmean2": 1.4242528677, "dvar": 1.27160346508, "dvar2": 3.28998565674, "max": 26.8696117401, "mean": 2.45065259933, "median": 2.1527338028, "min": -1.25017905235, "var": 2.99229931831}, "spectral_rms": {"dmean": 0.00149574142415, "dmean2": 0.00223177252337, "dvar": 2.79335790765e-06, "dvar2": 6.54643235976e-06, "max": 0.0162578951567, "mean": 0.00452895089984, "median": 0.00428577233106, "min": 3.10949421593e-12, "var": 4.75430897495e-06}, "spectral_rolloff": {"dmean": 1470.82788086, "dmean2": 2438.51757813, "dvar": 3075573.5, "dvar2": 6530146, "max": 21274.8046875, "mean": 3416.9921875, "median": 2756.25, "min": 21.533203125, "var": 12197859}, "spectral_skewness": {"dmean": 0.189305156469, "dmean2": 0.287813186646, "dvar": 0.0328332856297, "dvar2": 0.0751973465085, "max": 3.15624284744, "mean": 1.05779445171, "median": 1.06139314175, "min": -0.0770693346858, "var": 0.0967949852347}, "spectral_spread": {"dmean": 782440, "dmean2": 1109981.875, "dvar": 707473375232, "dvar2": 1303657054210.0, "max": 42981480, "mean": 6156487.5, "median": 5701864, "min": 1236822.25, "var": 12002856534000.0}, "spectral_strongpeak": {"dmean": 0.538891196251