{"lowlevel": {"average_loudness": 0.339451670647, "barkbands": {"dmean": [0.000610127404798, 0.0014813314192, 0.000629654794466, 0.000662606442347, 0.00191683275625, 0.00146750756539, 0.000580180436373, 0.00057956285309, 0.00069612020161, 0.0005375991459, 0.000345088599715, 0.000170396873727, 9.68369640759e-05, 9.45610299823e-05, 0.000106487961602, 7.15699206921e-05, 9.14252304938e-05, 0.000106723222416, 0.000118781979836, 9.90174303297e-05, 6.30786889815e-05, 4.49555445812e-05, 1.56103342306e-05, 2.28720227824e-06, 1.04577236471e-06, 9.50481990003e-06, 0.000162006588653], "dmean2": [0.00103688694071, 0.00249498407356, 0.00100546691101, 0.00104834965896, 0.00284417369403, 0.00223169499077, 0.000892909243703, 0.000901324558072, 0.00110633007716, 0.00083683693083, 0.000567404204048, 0.00027519845753, 0.000158199763973, 0.000152992681251, 0.000169705497683, 0.000114354821562, 0.00014324390213, 0.000161937321536, 0.000181106704986, 0.000145320911543, 9.24171981751e-05, 6.49799185339e-05, 2.17901924771e-05, 3.56378745892e-06, 1.75154150384e-06, 1.31324522954e-05, 0.000229912257055], "dvar": [6.32714636595e-06, 2.70290111075e-05, 1.96316614165e-06, 3.32125614477e-06, 2.84339676e-05, 2.59471416939e-05, 7.91605452832e-06, 5.08809807798e-06, 5.83587188885e-06, 4.50224524684e-06, 3.84801523978e-06, 5.64189690522e-07, 2.23517830023e-07, 1.09639749724e-07, 9.42270688142e-08, 3.4215744904e-08, 4.62364155851e-08, 7.8819077487e-08, 1.34248836048e-07, 1.49551681261e-07, 5.19258733789e-08, 3.11921724006e-08, 2.1231099101e-09, 3.98435416604e-11, 6.24959198975e-12, 9.10730157955e-10, 1.75153203941e-07], "dvar2": [1.70023122337e-05, 7.37270675017e-05, 4.64820413981e-06, 7.20029447621e-06, 5.50751537958e-05, 5.44372742297e-05, 1.77068304765e-05, 1.11593126348e-05, 1.34566471388e-05, 9.67106370808e-06, 1.0326483789e-05, 1.41514760799e-06, 5.01503222949e-07, 2.88288930506e-07, 2.21083837459e-07, 8.83676207764e-08, 1.13683775282e-07, 1.72752464778e-07, 2.81089057808e-07, 2.87258103526e-07, 1.07031340235e-07, 7.23951600889e-08, 4.0175645033e-09, 9.24396947877e-11, 1.62076064375e-11, 1.64537572456e-09, 3.70679259731e-07], "max": [0.0505580529571, 0.111557722092, 0.0441956967115, 0.0410733744502, 0.131862610579, 0.186452120543, 0.15322136879, 0.0643960982561, 0.0668464973569, 0.0700547024608, 0.0887239649892, 0.0359493121505, 0.0294305775315, 0.0115198688582, 0.00985961407423, 0.0050708996132, 0.00495690805838, 0.00837014615536, 0.0118012009189, 0.011857050471, 0.0124276289716, 0.00617823284119, 0.00153119198512, 0.00020782732463, 5.52149649593e-05, 0.000968106731307, 0.0120374001563], "mean": [0.000645492400508, 0.00176559097599, 0.00095732830232, 0.00098792288918, 0.00329160387628, 0.00217712298036, 0.000840166991111, 0.000760813301895, 0.000953749113251, 0.000700373551808, 0.000489054538775, 0.000249373551924, 0.00013316051627, 0.000134902831633, 0.000157830378157, 0.000115985079901, 0.00014635550906, 0.000169833932887, 0.000195876767975, 0.00015886129404, 0.000107124411443, 6.94023692631e-05, 2.33496193687e-05, 2.75687011708e-06, 1.05530682504e-06, 1.31299020723e-05, 0.00033492903458], "median": [3.01484251395e-05, 0.000241457280936, 0.000269036216196, 0.000196907742065, 0.00108428404201, 0.000237870233832, 0.000142388700624, 9.64244027273e-05, 0.000104697013739, 7.2710448876e-05, 6.61653321004e-05, 4.86023636768e-05, 2.83106710413e-05, 3.26060180669e-05, 3.0119836083e-05, 2.98417762679e-05, 2.78411280306e-05, 2.72739580396e-05, 2.14212686842e-05, 1.3744142052e-05, 1.11930639832e-05, 7.33956130716e-06, 2.56217640526e-06, 4.57438147805e-07, 2.4621601824e-07, 1.56004909968e-06, 0.000110370747279], "min": [2.31043080757e-24, 1.36899647244e-23, 8.76635328221e-24, 7.1577420453e-24, 2.17352683737e-23, 4.47568912047e-23, 1.95068246688e-23, 3.36615278629e-23, 2.33996639095e-23, 2.39903030019e-23, 5.30243396626e-23, 5.56409849743e-23, 2.90627937962e-23, 7.62813664764e-23, 1.08538816591e-22, 1.19497407229e-22, 1.06300521591e-22, 1.55924227042e-22, 1.25306717775e-22, 2.86515820633e-22, 4.3178918852e-22, 3.66784878985e-22, 5.60623629155e-22, 7.11954110886e-22, 1.00278685607e-21, 1.51285911722e-21, 2.34248522382e-21], "var": [5.64339916309e-06, 2.54334281635e-05, 3.8122807382e-06, 7.01100179867e-06, 6.47410925012e-05, 5.29600365553e-05, 1.3128401406e-05, 8.98962753126e-06, 1.02416943264e-05, 7.59070553613e-06, 5.74500381845e-06, 7.85945530879e-07, 2.94878930163e-07, 1.33604075359e-07, 1.67020502317e-07, 5.515865098e-08, 9.49160110508e-08, 1.88723973338e-07, 3.65216550335e-07, 3.86863149515e-07, 9.93218236545e-08, 4.52221620151e-08, 4.1053644928e-09, 5.57999653428e-11, 6.25122349718e-12, 1.63004576503e-09, 4.28370668715e-07]}, "barkbands_crest": {"dmean": 2.7680876255, "dmean2": 4.37947511673, "dvar": 5.96845960617, "dvar2": 14.3672847748, "max": 25.5205039978, "mean": 11.0516881943, "median": 10.30235672, "min": 2.42644071579, "var": 20.5054283142}, "barkbands_flatness_db": {"dmean": 0.0259700585157, "dmean2": 0.0393612980843, "dvar": 0.000499629648402, "dvar2": 0.00112621870358, "max": 0.348441570997, "mean": 0.153676256537, "median": 0.148562088609, "min": 0.0265167783946, "var": 0.00289882486686}, "barkbands_kurtosis": {"dmean": 5.70677709579, "dmean2": 8.73437690735, "dvar": 82.8026809692, "dvar2": 190.73260498, "max": 346.050994873, "mean": 13.44439888, "median": 7.76772785187, "min": -1.73922324181, "var": 354.36328125}, "barkbands_skewness": {"dmean": 0.668723165989, "dmean2": 0.999255120754, "dvar": 0.44423404336, "dvar2": 0.942461967468, "max": 15.6410284042, "mean": 2.63749551773, "median": 2.44515347481, "min": -2.0608663559, "var": 2.72097945213}, "barkbands_spread": {"dmean": 7.16098213196, "dmean2": 10.6152610779, "dvar": 81.0250854492, "dvar2": 159.402282715, "max": 108.596366882, "mean": 23.6815681458, "median": 18.2564258575, "min": 0.933589220047, "var": 341.779205322}, "dissonance": {"dmean": 0.0245075989515, "dmean2": 0.0407529398799, "dvar": 0.000533686426934, "dvar2": 0.00141624326352, "max": 0.499971389771, "mean": 0.45171636343, "median": 0.459347218275, "min": 0.237313255668, "var": 0.00124798540492}, "dynamic_complexity": 6.19723081589, "erbbands": {"dmean": [0.0686563402414, 0.251593589783, 0.602024495602, 1.62192440033, 3.22202754021, 7.01821327209, 12.997467041, 10.7134752274, 7.83611392975, 12.0818548203, 11.8002004623, 15.3555984497, 17.0264091492, 14.1697263718, 12.9148483276, 6.93562841415, 4.47160387039, 4.0861787796, 5.03973484039, 4.98418855667, 3.75998854637, 4.99184083939, 5.35744953156, 6.11043739319, 5.72486782074, 4.61364889145, 3.10979914665, 2.17936944962, 1.62499904633, 0.993092179298, 0.391872704029, 0.102311350405, 0.0183476135135, 0.0116469794884, 0.00751127162948, 0.00483636138961, 0.0184683166444, 0.0356785617769, 0.0154787842184, 0.00358970323578], "dmean2": [0.117587856948, 0.419861704111, 0.985312879086, 2.4942176342, 5.23993015289, 10.3021421432, 19.0587768555, 16.1875915527, 11.9486627579, 18.6824150085, 18.2158908844, 24.1667499542, 26.7580070496, 22.1731243134, 21.07097435, 11.0960483551, 7.23208761215, 6.56603813171, 7.94741916656, 7.92304849625, 5.89084911346, 7.71598386765, 8.05033302307, 9.29389667511, 8.56894111633, 6.76961231232, 4.44841241837, 3.19161248207, 2.35832333565, 1.42480742931, 0.54464673996, 0.146021291614, 0.0301810260862, 0.0195137523115, 0.0125527782366, 0.00788090657443, 0.0256181750447, 0.0492491200566, 0.0216710157692, 0.00512977223843], "dvar": [0.0742279142141, 0.622483611107, 1.67506372929, 18.241361618, 87.7973175049, 433.258331299, 2261.04003906, 1253.56994629, 650.770385742, 5264.2109375, 2013.5144043, 3218.98657227, 4669.72949219, 3832.16943359, 5760.12744141, 780.757507324, 510.217254639, 181.774871826, 275.415679932, 192.103256226, 85.6260147095, 145.29347229, 194.193832397, 340.454925537, 367.330566406, 351.767120361, 156.162765503, 43.891620636, 34.5276260376, 14.6274528503, 1.44937467575, 0.0971255525947, 0.00184975506272, 0.00079163373448, 0.000314705335768, 0.000111588393338, 0.0036736165639, 0.0181692615151, 0.00243705022149, 7.37617156119e-05], "dvar2": [0.204704925418, 1.69843828678, 4.28900623322, 38.4224853516, 222.39364624, 829.962158203, 4625.1953125, 2653.92163086, 1451.6673584, 10407.9375, 4459.98535156, 7062.58642578, 10722.8271484, 8416.99023438, 17536.1132812, 1855.97692871, 1159.08203125, 456.226989746, 646.793334961, 476.909179688, 212.542434692, 351.080322266, 429.03125, 742.610229492, 737.773742676, 682.106384277, 324.056854248, 88.3161392212, 80.3203964233, 32.3697738647, 2.6963763237, 0.188746362925, 0.0047201490961, 0.00205460097641, 0.000815173028968, 0.000280814390862, 0.00686592282727, 0.0378285907209, 0.00511002680287, 0.000156538546435], "max": [5.62048101425, 16.281332016, 36.8463630676, 104.085021973, 286.985717773, 558.626220703, 1544.15686035, 813.044555664, 699.656738281, 4181.3515625, 1575.47912598, 2110.83764648, 2293.27026367, 1970.13684082, 4275.18359375, 1439.69250488, 1470.00634766, 545.708679199, 652.442504883, 337.381866455, 242.828033447, 330.161865234, 352.627563477, 641.824645996, 588.877685547, 562.335021973, 698.055664062, 264.550750732, 225.438934326, 123.703269958, 38.4125747681, 9.71271705627, 1.05576968193, 0.622669994831, 0.390629142523, 0.229793295264, 1.70448005199, 4.46070146561, 1.49385392666, 0.2605869174], "mean": [0.0768128708005, 0.305735766888, 0.920616924763, 2.73565864563, 5.3721408844, 11.5508441925, 18.7894458771, 16.1084079742, 12.1934566498, 16.7026786804, 17.2579402924, 21.8413314819, 22.5088806152, 19.5672874451, 19.3504219055, 11.0100479126, 6.6649389267, 6.1792678833, 7.83065891266, 7.87835979462, 6.63128232956, 8.33580207825, 8.84142971039, 10.1669950485, 9.42871761322, 7.50568056107, 5.12968540192, 3.69717884064, 2.56098675728, 1.48537361622, 0.581830024719, 0.140223696828, 0.0205455143005, 0.0118497265503, 0.00771371787414, 0.00561268813908, 0.0254602767527, 0.0533840470016, 0.0275175254792, 0.00929093454033], "median": [0.00532807968557, 0.0578602738678, 0.300899237394, 0.617623209953, 1.98852598667, 3.35825848579, 2.43487358093, 2.06805205345, 2.13025307655, 2.337454319, 2.2070980072, 2.60790872574, 1.90569698811, 2.83421564102, 2.83374238014, 2.29184269905, 1.54466640949, 1.7151235342, 1.80168938637, 1.90731143951, 1.64807415009, 1.67547500134, 1.58888876438, 1.29142713547, 0.966207444668, 0.665988624096, 0.502635419369, 0.405916333199, 0.284725338221, 0.143060639501, 0.0619766116142, 0.0176921095699, 0.00506010698155, 0.00280892918818, 0.00190100818872, 0.00159803370479, 0.00303570972756, 0.00581613415852, 0.00518589327112, 0.00410429621115], "min": [2.51950333903e-22, 3.11152489439e-21, 1.41211588972e-20, 2.11781549736e-20, 4.78465597043e-20, 3.58480399629e-20, 9.72245409151e-20, 3.3498103207e-19, 2.64227156098e-19, 4.30137770087e-19, 3.70816047169e-19, 6.882076005e-19, 7.2449699625e-19, 1.81246832059e-18, 2.21614755557e-18, 2.10236720795e-18, 1.20512615527e-18, 2.53577283259e-18, 4.9372289045e-18, 3.9960388153e-18, 5.87705166415e-18, 6.30923823137e-18, 6.83524279648e-18, 8.06981358303e-18, 8.12881141304e-18, 1.31218621876e-17, 1.56042014274e-17, 1.68080370775e-17, 1.37549498325e-17, 1.29416939784e-17, 1.46957172324e-17, 1.64580437254e-17, 1.04160146104e-17, 9.59076546458e-18, 8.0235907304e-18, 5.15812086964e-18, 2.75747005806e-18, 1.2045700831e-18, 3.26930703553e-19, 3.15470142015e-20], "var": [0.0651249215007, 0.612605631351, 2.97020339966, 44.8046989441, 159.821517944, 1022.35699463, 4504.88037109, 2505.63574219, 1389.16699219, 9181.28417969, 4043.93383789, 5856.65722656, 7266.109375, 6033.45068359, 8874.12304688, 1343.39147949, 663.016052246, 234.725646973, 479.284881592, 313.831115723, 168.44921875, 308.159667969, 445.767211914, 901.494689941, 986.790466309, 896.956970215, 293.114440918, 94.1340408325, 52.5101089478, 21.9217967987, 2.74320673943, 0.170772463083, 0.00208424543962, 0.000792487233412, 0.000318408478051, 0.000132360946736, 0.00631121871993, 0.0291671454906, 0.00519034080207, 0.000235330342548]}, "erbbands_crest": {"dmean": 2.84255337715, "dmean2": 4.5155506134, "dvar": 7.59819078445, "dvar2": 18.5044631958, "max": 32.0651359558, "mean": 9.93690013885, "median": 8.96758937836, "min": 2.51464915276, "var": 20.7833557129}, "erbbands_flatness_db": {"dmean": 0.0236049480736, "dmean2": 0.0360066480935, "dvar": 0.000397345342208, "dvar2": 0.000918355828617, "max": 0.341236233711, "mean": 0.161174401641, "median": 0.157973110676, "min": 0.05842852965, "var": 0.00172140728682}, "erbbands_kurtosis": {"dmean": 1.42283630371, "dmean2": 2.18415999413, "dvar": 4.62158441544, "dvar2": 10.3892965317, "max": 67.6579971313, "mean": 1.53910040855, "median": 0.317366123199, "min": -1.83372414112, "var": 13.1421766281}, "erbbands_skewness": {"dmean": 0.41502392292, "dmean2": 0.601787269115, "dvar": 0.164362475276, "dvar2": 0.323606699705, "max": 6.95509052277, "mean": 0.649550914764, "median": 0.591798841953, "min": -4.45639705658, "var": 1.03805112839}, "erbbands_spread": {"dmean": 7.12881326675, "dmean2": 10.9088401794, "dvar": 54.5578117371, "dvar2": 116.556007385, "max": 113.778671265, "mean": 30.9898300171, "median": 28.2211971283, "min": 2.14023303986, "var": 225.53012085}, "gfcc": {"cov": [[18691.6445312, -1560.01696777, -2706.82177734, 1116.54663086, 47.0561714172, -662.906494141, 955.297180176, -153.825561523, 329.098266602, 22.0144824982, -185.467391968, 635.943054199, -254.41557312], [-1560.01696777, 922.740722656, 279.553131104, -408.017791748, 85.8618392944, 121.74621582, -195.059188843, 44.9709968567, -27.3793621063, -25.5305843353, 56.9467124939, -123.427894592, 118.853401184], [-2706.82177734, 279.553131104, 811.96282959, -79.0016479492, -52.9333839417, 245.244430542, -166.808181763, 106.633232117, -51.8999900818, 37.7966423035, 34.6155815125, -77.7820663452, 36.5355453491], [1116.54663086, -408.017791748, -79.0016479492, 586.358520508, 12.1186695099, -96.3462371826, 271.270965576, -31.6772155762, 48.0659141541, 5.26927423477, -50.1847991943, 111.546150208, -111.550086975], [47.0561714172, 85.8618392944, -52.9333839417, 12.1186695099, 336.398284912, 108.831840515, 71.0211715698, -21.891740799, 2.39080643654, -37.5901947021, 18.8490085602, -28.7816696167, 27.0445098877], [-662.906494141, 121.74621582, 245.244430542, -96.3462371826, 108.831840515, 354.79095459, -14.654917717, 71.2748413086, -55.1679840088, 2.71645665169, 8.28207111359, -23.9404792786, 48.7364616394], [955.297180176, -195.059188843, -166.808181763, 271.270965576, 71.0211715698, -14.654917717, 380.479125977, -32.5064353943, 70.1471939087, -28.4660415649, -33.8568534851, 97.7512130737, -67.2037277222], [-153.825561523, 44.9709968567, 106.633232117, -31.6772155762, -21.891740799, 71.2748413086, -32.5064353943, 175.813903809, 22.6477527618, 30.1159381866, 22.4037208557, -21.7482738495, 26.5088443756], [329.098266602, -27.3793621063, -51.8999900818, 48.0659141541, 2.39080643654, -55.1679840088, 70.1471939087, 22.6477527618, 151.922119141, 48.3979721069, 6.80460214615, 39.208820343, -29.1960544586], [22.0144824982, -25.5305843353, 37.7966423035, 5.26927423477, -37.5901947021, 2.71645665169, -28.4660415649, 30.1159381866, 48.3979721069, 99.5897598267, 44.6237831116, 5.45375108719, 3.05709266663], [-185.467391968, 56.9467124939, 34.6155815125, -50.1847991943, 18.8490085602, 8.28207111359, -33.8568534851, 22.4037208557, 6.80460214615, 44.6237831116, 88.1678085327, 14.6754779816, 19.2986717224], [635.943054199, -123.427894592, -77.7820663452, 111.546150208, -28.7816696167, -23.9404792786, 97.7512130737, -21.7482738495, 39.208820343, 5.45375108719, 14.6754779816, 131.755554199, -7.39067268372], [-254.41557312, 118.853401184, 36.5355453491, -111.550086975, 27.0445098877, 48.7364616394, -67.2037277222, 26.5088443756, -29.1960544586, 3.05709266663, 19.2986717224, -7.39067268372, 107.486808777]], "icov": [[0.000143432975165, -4.98080335092e-05, 0.000500069349073, -0.000142505508848, -4.39501709479e-05, -7.42085831007e-05, 5.34737482667e-05, -0.000243439222686, 0.000137409384479, -0.000365541025531, 0.000374789000489, -0.000484462390887, 0.000161998497788], [-4.98080335092e-05, 0.00210358272307, -0.00082022708375, 0.000995439011604, -0.000126548417029, 9.08064539544e-05, -0.000202275245101, 0.000432639411883, -0.00118632707745, 0.0017782227369, -0.00149412022438, 0.00146292313002, -0.0013785174815], [0.000500069349073, -0.00082022708375, 0.00415505329147, -0.00189103034791, 0.0013016781304, -0.002475714311, 0.00120123266242, -0.000755304819904, -0.000336000957759, -0.000332034891471, -0.000397148309276, -0.000127509061713, 0.000428811472375], [-0.000142505508848, 0.000995439011604, -0.00189103034791, 0.00526312505826, -0.0023861459922, 0.00278596463613, -0.00234010675922, -0.00125126820058, 0.00290272152051, -0.00366837740876, 0.00406179158017, -0.00344593659975, 0.00277608400211], [-4.39501709479e-05, -0.000126548417029, 0.0013016781304, -0.0023861459922, 0.00672507099807, -0.00392389809713, -0.000303559470922, 0.00275652320124, -0.00443562539294, 0.00635364884511, -0.00688462890685, 0.00595127884299, -0.0034056592267], [-7.42085831007e-05, 9.08064539544e-05, -0.002475714311, 0.00278596463613, -0.00392389809713, 0.00707048829645, -0.00167186977342, -0.0028417694848, 0.00485327187926, -0.00493351230398, 0.00511849485338, -0.00392297003418, 0.00116353086196], [5.34737482667e-05, -0.000202275245101, 0.00120123266242, -0.00234010675922, -0.000303559470922, -0.00167186977342, 0.0058657284826, 0.000199205052922, -0.00245772209018, 0.00247854879126, -0.000161543663125, -0.00173574930523, 0.00113766430877], [-0.000243439222686, 0.000432639411883, -0.000755304819904, -0.00125126820058, 0.00275652320124, -0.0028417694848, 0.000199205052922, 0.00901221763343, -0.0046698236838, 0.0033732925076, -0.00515672145411, 0.0052374699153, -0.00367796537466], [0.000137409384479, -0.00118632707745, -0.000336000957759, 0.00290272152051, -0.00443562539294, 0.00485327187926, -0.00245772209018, -0.0046698236838, 0.0155992852524, -0.0127763682976, 0.00895955786109, -0.00825540814549, 0.00571846915409], [-0.000365541025531, 0.0017782227369, -0.000332034891471, -0.00366837740876, 0.00635364884511, -0.00493351230398, 0.00247854879126, 0.0033732925076, -0.0127763682976, 0.0269060749561, -0.0177432373166, 0.00990331266075, -0.0055386191234], [0.000374789000489, -0.00149412022438, -0.000397148309276, 0.00406179158017, -0.00688462890685, 0.00511849485338, -0.000161543663125, -0.00515672145411, 0.00895955786109, -0.0177432373166, 0.0272223893553, -0.0128910252824, 0.00463601341471], [-0.000484462390887, 0.00146292313002, -0.000127509061713, -0.00344593659975, 0.00595127884299, -0.00392297003418, -0.00173574930523, 0.0052374699153, -0.00825540814549, 0.00990331266075, -0.0128910252824, 0.01995732449, -0.00723003037274], [0.000161998497788, -0.0013785174815, 0.000428811472375, 0.00277608400211, -0.0034056592267, 0.00116353086196, 0.00113766430877, -0.00367796537466, 0.00571846915409, -0.0055386191234, 0.00463601341471, -0.00723003037274, 0.0162754766643]], "mean": [-97.1131057739, 98.7997055054, -84.2398757935, -4.82835865021, -22.8521289825, -31.9048423767, -3.97285604477, -25.8065986633, -6.41056346893, -16.4414024353, -11.0037546158, -2.8597099781, -7.7271490097]}, "hfc": {"dmean": 24.7855358124, "dmean2": 36.3342933655, "dvar": 3288.87866211, "dvar2": 6562.38574219, "max": 2195.67529297, "mean": 81.2994232178, "median": 47.9611206055, "min": 1.16244962031e-16, "var": 14142.4453125}, "melbands": {"dmean": [0.000516845146194, 0.000304376211716, 0.000296987534966, 0.000335668883054, 0.000441467593191, 0.000250406883424, 0.000118137970276, 0.000132950590341, 0.000102529505966, 9.61027981248e-05, 8.62110391608e-05, 5.95949531998e-05, 4.60970077256e-05, 2.18357290578e-05, 1.44198629641e-05, 7.96198764874e-06, 8.44733312988e-06, 8.65121364768e-06, 8.18214721221e-06, 5.65232267036e-06, 4.65737412014e-06, 5.46171713722e-06, 5.558657449e-06, 5.03893352288e-06, 5.29538647243e-06, 4.57011446997e-06, 4.05611854148e-06, 3.13111604555e-06, 2.1149692202e-06, 1.70081091255e-06, 1.23192342016e-06, 9.57374936661e-07, 9.03323950752e-07, 4.40532971879e-07, 2.51402241247e-07, 1.37651852583e-07, 3.28523661608e-08, 1.21154011268e-08, 1.06400950273e-08, 9.50810896683e-09], "dmean2": [0.00087729038205, 0.000502268143464, 0.000465065008029, 0.000510935555212, 0.000644240470137, 0.000377462012693, 0.000180064904271, 0.000206411292311, 0.000159326635185, 0.00015185396478, 0.000135673937621, 9.3191738415e-05, 7.57227608119e-05, 3.52208444383e-05, 2.33298014791e-05, 1.30090156745e-05, 1.36769340315e-05, 1.37429206006e-05, 1.30994867504e-05, 9.1141946541e-06, 7.43450573282e-06, 8.59203737491e-06, 8.75873683981e-06, 7.7441573012e-06, 8.21366484161e-06, 7.05580987415e-06, 6.10991082794e-06, 4.66589472126e-06, 3.0983974284e-06, 2.52629456554e-06, 1.83731651759e-06, 1.4218975366e-06, 1.3461499293e-06, 6.38595281544e-07, 3.56621512765e-07, 1.95136266257e-07, 5.02409598369e-08, 2.03595593717e-08, 1.7872990199e-08, 1.59410511458e-08], "dvar": [3.8536595639e-06, 4.58936540326e-07, 5.33556544724e-07, 8.90048511337e-07, 2.17749607145e-06, 6.63828984671e-07, 1.61864051051e-07, 5.14487055625e-07, 1.49323199139e-07, 1.20321288932e-07, 1.21306214851e-07, 6.67078623451e-08, 6.82792489215e-08, 1.06632631613e-08, 3.61434548957e-09, 1.39615397021e-09, 7.91585519355e-10, 9.57325552164e-10, 5.68209868046e-10, 2.3014863626e-10, 1.37887826157e-10, 1.81540713018e-10, 2.15085171895e-10, 2.02701785912e-10, 2.74030381719e-10, 2.25074320293e-10, 2.35627239942e-10, 1.77630993248e-10, 7.22330251168e-11, 4.14976698837e-11, 1.23973106086e-11, 8.74664663614e-12, 2.71579651129e-11, 1.70513841762e-12, 5.95073090196e-13, 2.07702128066e-13, 8.17097701756e-15, 8.98455470449e-16, 6.75706981145e-16, 5.25474147126e-16], "dvar2": [1.05702856672e-05, 1.22588210161e-06, 1.20044001051e-06, 1.92950369637e-06, 4.24686277256e-06, 1.38660254834e-06, 3.64417019227e-07, 1.02713340766e-06, 3.39165495689e-07, 2.69576730716e-07, 2.74935672451e-07, 1.45428231235e-07, 1.97264327539e-07, 2.95964852626e-08, 8.21729440048e-09, 3.27194449312e-09, 2.02256678072e-09, 2.30864172224e-09, 1.37488953555e-09, 6.06957317739e-10, 3.45190598328e-10, 4.40470521168e-10, 5.32255350905e-10, 4.55977283709e-10, 6.31028118647e-10, 4.87472562316e-10, 4.94357887959e-10, 3.64690555532e-10, 1.50689585809e-10, 8.6598755944e-11, 2.63924472554e-11, 2.03312575109e-11, 6.5558218576e-11, 3.53930144741e-12, 1.15803709937e-12, 3.96619613237e-13, 1.79393633059e-14, 2.34186250477e-15, 1.75619809053e-15, 1.36446377539e-15], "max": [0.0401358492672, 0.0135873816907, 0.0149286584929, 0.0321346446872, 0.0473896414042, 0.0219460558146, 0.0125556662679, 0.0389117822051, 0.01338695921, 0.012784415856, 0.0119614982978, 0.00816383399069, 0.012725953944, 0.00510734692216, 0.00332214869559, 0.00240764254704, 0.00116691039875, 0.00118031434249, 0.000540829496458, 0.000479696027469, 0.000279284140561, 0.00041116256034, 0.00031352127553, 0.000472821731819, 0.000590293202549, 0.000387917592889, 0.000623077037744, 0.000426067330409, 0.000423459423473, 0.000348104076693, 9.69308384811e-05, 8.8758621132e-05, 0.000189620928722, 3.00024676108e-05, 2.2948390324e-05, 1.6254334696e-05, 2.88592650577e-06, 6.56711108604e-07, 5.74047930968e-07, 5.07643562742e-07], "mean": [0.000610419840086, 0.000456103705801, 0.000519003020599, 0.000585106434301, 0.00066684698686, 0.000377452000976, 0.000182862961083, 0.0001790196402, 0.000148243547301, 0.000132737317472, 0.000110230139398, 7.81603666837e-05, 6.64530089125e-05, 3.49866313627e-05, 2.07711927942e-05, 1.11346253107e-05, 1.18911957543e-05, 1.27003277157e-05, 1.1908750821e-05, 8.78740229382e-06, 7.62014906286e-06, 8.58963994688e-06, 8.41878772917e-06, 7.83550240158e-06, 8.30435874377e-06, 7.17924876881e-06, 6.107840818e-06, 4.76289369544e-06, 3.26687518282e-06, 2.72175429927e-06, 1.94432550416e-06, 1.47153411945e-06, 1.24777773181e-06, 6.47514809771e-07, 3.59538148587e-07, 1.86460269447e-07, 4.01300894737e-08, 1.19329781612e-08, 1.05593924715e-08, 9.52465839532e-09], "median": [6.37198463664e-05, 0.000148427090608, 0.000155953661306, 0.00021333625773, 0.000106765226519, 4.76243221783e-05, 3.13477103191e-05, 2.40776753344e-05, 1.8091783204e-05, 1.48833905769e-05, 8.05226409284e-06, 1.04252794699e-05, 9.22494746192e-06, 6.07193851465e-06, 4.47441925644e-06, 2.53309917753e-06, 3.09705228574e-06, 2.70565374194e-06, 2.44251828008e-06, 2.17904039346e-06, 1.68030817349e-06, 1.60375793712e-06, 1.54605970693e-06, 1.14874217161e-06, 9.39576693781e-07, 7.13253825779e-07, 5.28743498762e-07, 3.4836259033e-07, 2.90581226636e-07, 2.48486912824e-07, 2.15857625108e-07, 1.69720436816e-07, 9.83347732131e-08, 6.37011012827e-08, 3.47197897099e-08, 1.7842515021e-08, 6.08012395986e-09, 2.47211429105e-09, 2.2742607797e-09, 2.14659801046e-09], "min": [3.77798622044e-24, 7.53351278206e-24, 4.55734726821e-24, 3.91294454411e-24, 2.87182781229e-24, 7.90616988482e-24, 3.96608852557e-24, 5.08139782274e-24, 2.22548271542e-24, 4.54777956873e-24, 3.30990534714e-24, 6.51578991759e-24, 7.06396699405e-24, 4.14677632705e-24, 2.72515431254e-24, 2.45931587887e-24, 5.0202962069e-24, 6.49100233023e-24, 6.74635660525e-24, 6.74275151091e-24, 6.4712303205e-24, 6.72522065502e-24, 4.0991579218e-24, 7.77067355802e-24, 6.1893707135e-24, 3.82777123217e-24, 8.91987429183e-24, 7.71452953853e-24, 9.1444054047e-24, 9.88990972571e-24, 8.41473904409e-24, 7.47770481732e-24, 6.98264253447e-24, 6.67110558578e-24, 7.72598143229e-24, 8.30770560761e-24, 9.50158978967e-24, 7.65082349841e-24, 5.54724109209e-24, 8.75513568013e-24], "var": [3.49555625689e-06, 6.78863898429e-07, 1.19828314382e-06, 2.04614207178e-06, 4.52981021226e-06, 1.37125107358e-06, 3.29493161644e-07, 8.99830638446e-07, 2.89196947278e-07, 2.06615936804e-07, 1.90152675827e-07, 1.04646971977e-07, 1.01979217959e-07, 1.89168485321e-08, 5.06326625072e-09, 1.70516167852e-09, 9.68990554462e-10, 1.50801282572e-09, 8.74243177851e-10, 3.38661820809e-10, 2.50275383751e-10, 3.52541135173e-10, 3.87248844103e-10, 4.58378252022e-10, 6.48184284024e-10, 5.44132183755e-10, 5.49369438829e-10, 3.97549437814e-10, 1.30045516022e-10, 7.44726086355e-11, 2.48089535027e-11, 1.49185420961e-11, 3.08819289585e-11, 3.0586245342e-12, 1.06966659922e-12, 3.5624706852e-13, 1.24469560364e-14, 8.81350698871e-16, 6.67455344991e-16, 5.22406511428e-16]}, "melbands_crest": {"dmean": 3.54334044456, "dmean2": 5.69517993927, "dvar": 10.1956129074, "dvar2": 26.2283554077, "max": 35.1217689514, "mean": 14.8525714874, "median": 14.0141601562, "min": 1.00024831295, "var": 29.2536354065}, "melbands_flatness_db": {"dmean": 0.032605741173, "dmean2": 0.0490057766438, "dvar": 0.000791654398199, "dvar2": 0.00174719083589, "max": 0.50265276432, "mean": 0.261606037617, "median": 0.259030252695, "min": -7.76578659156e-08, "var": 0.00522600114346}, "melbands_kurtosis": {"dmean": 7.13289070129, "dmean2": 11.1697616577, "dvar": 114.835266113, "dvar2": 275.665893555, "max": 302.096069336, "mean": 15.2988634109, "median": 9.53485488892, "min": -1.85475599766, "var": 414.317443848}, "melbands_skewness": {"dmean": 0.742395281792, "dmean2": 1.14457309246, "dvar": 0.528175532818, "dvar2": 1.21282362938, "max": 12.4141950607, "mean": 2.69348049164, "median": 2.48603224754, "min": -1.79601979256, "var": 2.31822371483}, "melbands_spread": {"dmean": 5.70306825638, "dmean2": 8.33905506134, "dvar": 97.3777542114, "dvar2": 174.420272827, "max": 151.166641235, "mean": 16.6477146149, "median": 10.8950357437, "min": 0.423429936171, "var": 359.976074219}, "mfcc": {"cov": [[15546.6357422, -321.563476562, -2791.62817383, 1743.65966797, -1582.62243652, 483.644226074, -469.303741455, 728.591430664, -81.5322113037, 141.748092651, 116.359817505, -108.736129761, 67.3549804688], [-321.563476562, 1165.0435791, 13.6232032776, -488.300323486, 242.814697266, -107.687995911, 36.03673172, -120.841186523, 37.8565597534, -64.3622360229, -14.0014123917, -1.12898659706, -16.1371631622], [-2791.62817383, 13.6232032776, 959.15045166, -303.114074707, 268.23260498, -92.9739151001, 78.9192276001, -104.214111328, 28.0188617706, 2.83878564835, 7.76967000961, 37.7081108093, -4.44483041763], [1743.65966797, -488.300323486, -303.114074707, 728.530273438, -296.849487305, 127.707733154, -58.2277603149, 161.469726562, -24.768951416, 53.9076271057, 40.780632019, -13.5004739761, 12.1594581604], [-1582.62243652, 242.814697266, 268.23260498, -296.849487305, 431.585601807, -40.0648384094, 109.27066803, -95.917755127, 40.4373512268, -21.392370224, -10.8453712463, 39.8900337219, -5.93650150299], [483.644226074, -107.687995911, -92.9739151001, 127.707733154, -40.0648384094, 290.781463623, 77.209777832, 116.76449585, 23.9056301117, 16.3472061157, -23.4565048218, 12.0795001984, 15.7465820312], [-469.303741455, 36.03673172, 78.9192276001, -58.2277603149, 109.27066803, 77.209777832, 220.563049316, 45.8985786438, 45.7663040161, -10.8544235229, -20.7266178131, 7.33585214615, -1.8023788929], [728.591430664, -120.841186523, -104.214111328, 161.469726562, -95.917755127, 116.76449585, 45.8985786438, 209.270782471, 47.5980606079, 27.9271965027, 5.40663528442, 8.63617420197, 12.8522949219], [-81.5322113037, 37.8565597534, 28.0188617706, -24.768951416, 40.4373512268, 23.9056301117, 45.7663040161, 47.5980606079, 107.872871399, 31.4921360016, -0.535132706165, 7.65165948868, 2.51100039482], [141.748092651, -64.3622360229, 2.83878564835, 53.9076271057, -21.392370224, 16.3472061157, -10.8544235229, 27.9271965027, 31.4921360016, 111.682136536, 37.2319259644, 8.85279655457, 14.0839490891], [116.359817505, -14.0014123917, 7.76967000961, 40.780632019, -10.8453712463, -23.4565048218, -20.7266178131, 5.40663528442, -0.535132706165, 37.2319259644, 96.1192932129, 32.0292510986, 9.44926929474], [-108.736129761, -1.12898659706, 37.7081108093, -13.5004739761, 39.8900337219, 12.0795001984, 7.33585214615, 8.63617420197, 7.65165948868, 8.85279655457, 32.0292510986, 84.2335739136, 31.5792636871], [67.3549804688, -16.1371631622, -4.44483041763, 12.1594581604, -5.93650150299, 15.7465820312, -1.8023788929, 12.8522949219, 2.51100039482, 14.0839490891, 9.44926929474, 31.5792636871, 77.537902832]], "icov": [[0.000221668029553, -0.000154797860887, 0.000426432554377, -0.00019404052, 0.00036913776421, -8.17475956865e-05, 0.000183552503586, -0.000315916287946, 2.91714404739e-05, -6.80734592606e-05, -0.000127864230308, -1.88372105185e-05, -3.37293276971e-05], [-0.000154797860887, 0.00145212933421, 7.11454486009e-05, 0.000987606472336, -0.000603256456088, 0.000138019328006, -6.33248782833e-05, 0.000355781754479, -0.000555603764951, 0.000604685745202, -0.000444193836302, 0.000347291235812, -2.79260148091e-05], [0.000426432554377, 7.11454486009e-05, 0.00227705040015, 0.000121695491544, 0.000126050406834, 0.000136082409881, 4.75299348182e-05, -0.00034448702354, -9.80182303465e-05, -0.000327419635141, -0.000442382210167, -0.00029758454184, 3.38007303071e-05], [-0.00019404052, 0.000987606472336, 0.000121695491544, 0.00304687744938, 0.000434077112004, -0.000420332187787, 6.42484810669e-05, -0.000691075285431, 0.000387378589949, -0.000150065781781, -0.00102399743628, 0.000451466505183, 9.35356292757e-05], [0.00036913776421, -0.000603256456088, 0.000126050406834, 0.000434077112004, 0.005144525785, -0.000216988264583, -0.00147135951556, 0.00119836011436, -0.0010696585523, -8.55664038681e-05, 6.88417057972e-05, -0.00205447734334, 0.000576583843213], [-8.17475956865e-05, 0.000138019328006, 0.000136082409881, -0.000420332187787, -0.000216988264583, 0.0052541969344, -0.00161096127704, -0.00192463654093, 0.00054475053912, -0.000810651865322, 0.0020436802879, -0.00118726957589, -0.000264528876869], [0.000183552503586, -6.33248782833e-05, 4.75299348182e-05, 6.42484810669e-05, -0.00147135951556, -0.00161096127704, 0.00695275561884, -0.00185840216, -0.00142700085416, 0.00109490321483, 0.000115466005809, 0.000686976185534, 5.76618986088e-05], [-0.000315916287946, 0.000355781754479, -0.00034448702354, -0.000691075285431, 0.00119836011436, -0.00192463654093, -0.00185840216, 0.00936859380454, -0.00378502137028, 0.000188434249139, -0.000263530149823, -0.000964380276855, -0.000163150252774], [2.91714404739e-05, -0.000555603764951, -9.80182303465e-05, 0.000387378589949, -0.0010696585523, 0.00054475053912, -0.00142700085416, -0.00378502137028, 0.0134542686865, -0.00434708362445, 0.00150517630391, -0.000469070917461, 0.000555857899599], [-6.80734592606e-05, 0.000604685745202, -0.000327419635141, -0.000150065781781, -8.55664038681e-05, -0.000810651865322, 0.00109490321483, 0.000188434249139, -0.00434708362445, 0.0126417540014, -0.00505079654977, 0.00179477396887, -0.00192887021694], [-0.000127864230308, -0.000444193836302, -0.000442382210167, -0.00102399743628, 6.88417057972e-05, 0.0020436802879, 0.000115466005809, -0.000263530149823, 0.00150517630391, -0.00505079654977, 0.0154927521944, -0.00646986905485, 0.00140610150993], [-1.88372105185e-05, 0.000347291235812, -0.00029758454184, 0.000451466505183, -0.00205447734334, -0.00118726957589, 0.000686976185534, -0.000964380276855, -0.000469070917461, 0.00179477396887, -0.00646986905485, 0.0180303137749, -0.00660522980615], [-3.37293276971e-05, -2.79260148091e-05, 3.38007303071e-05, 9.35356292757e-05, 0.000576583843213, -0.000264528876869, 5.76618986088e-05, -0.000163150252774, 0.000555857899599, -0.00192887021694, 0.00140610150993, -0.00660522980615, 0.015885071829]], "mean": [-759.323303223, 158.33706665, -7.2391204834, 34.9527740479, -7.817943573, 9.28538608551, -7.28672742844, 3.67153215408, -3.77392840385, -4.53983020782, -4.70688247681, -5.78541564941, -2.13817095757]}, "pitch_salience": {"dmean": 0.0701481550932, "dmean2": 0.11207035929, "dvar": 0.00394967850298, "dvar2": 0.00993474200368, "max": 0.996096670628, "mean": 0.561206042767, "median": 0.572805404663, "min": 0.116349004209, "var": 0.012186803855}, "silence_rate_20dB": {"dmean": 0, "dmean2": 0, "dvar": 0, "dvar2": 0, "max": 1, "mean": 1, "median": 1, "min": 1, "var": 0}, "silence_rate_30dB": {"dmean": 0.0073991860263, "dmean2": 0.0147997410968, "dvar": 0.0073435427621, "dvar2": 0.0177226532251, "max": 1, "mean": 0.99204659462, "median": 1, "min": 0, "var": 0.00788911897689}, "silence_rate_60dB": {"dmean": 0.0349611528218, "dmean2": 0.0699287727475, "dvar": 0.0337375365198, "dvar2": 0.0737276226282, "max": 1, "mean": 0.278738558292, "median": 0, "min": 0, "var": 0.201034739614}, "spectral_centroid": {"dmean": 218.446289062, "dmean2": 307.553070068, "dvar": 101500.617188, "dvar2": 163987.140625, "max": 11391.0859375, "mean": 955.22454834, "median": 713.698791504, "min": 138.803710938, "var": 563144.1875}, "spectral_complexity": {"dmean": 2.77339982986, "dmean2": 4.13023757935, "dvar": 16.5785274506, "dvar2": 31.4122905731, "max": 57, "mean": 11.3138818741, "median": 8, "min": 0, "var": 104.796081543}, "spectral_contrast_coeffs": {"dmean": [0.0535142496228, 0.0458003021777, 0.0376236774027, 0.02849759534, 0.0246217828244, 0.0451474785805], "dmean2": [0.0863699764013, 0.0740431472659, 0.0613311864436, 0.0465695597231, 0.038926448673, 0.0689564049244], "dvar": [0.00190571544226, 0.00142612901982, 0.000957448792178, 0.000538337859325, 0.000449237413704, 0.00178182742093], "dvar2": [0.0046493592672, 0.00362573307939, 0.00249419268221, 0.00141232053284, 0.00109678751323, 0.0039290045388], "max": [-0.275015234947, -0.418552607298, -0.515384733677, -0.629592001438, -0.60784393549, -0.387498259544], "mean": [-0.629031181335, -0.772719860077, -0.798031568527, -0.819552242756, -0.822218596935, -0.742687702179], "median": [-0.63338124752, -0.785639047623, -0.806357443333, -0.81951212883, -0.820451557636, -0.75204128027], "min": [-0.981546580791, -0.997616887093, -0.998578190804, -0.987112522125, -0.987882852554, -0.960161149502], "var": [0.00869433861226, 0.00524840969592, 0.00363692990504, 0.00215125666, 0.00289118499495, 0.0123609034345]}, "spectral_contrast_valleys": {"dmean": [0.429545551538, 0.357724756002, 0.32342389226, 0.317980289459, 0.360585689545, 0.643187046051], "dmean2": [0.716195821762, 0.572903335094, 0.506896078587, 0.486537694931, 0.5168004632, 1.04749274254], "dvar": [0.125596821308, 0.091117143631, 0.0772358030081, 0.0918458998203, 0.138339057565, 0.306999653578], "dvar2": [0.3215521276, 0.217589229345, 0.167834311724, 0.19227617979, 0.28681153059, 0.769186079502], "max": [-5.25952672958, -4.40619897842, -5.04010534286, -5.66647100449, -5.36781215668, -9.0807390213], "mean": [-7.99756717682, -7.26258468628, -7.94763040543, -8.57364845276, -8.6183719635, -11.9716920853], "median": [-7.83743000031, -7.09046888351, -7.71630716324, -8.25242996216, -8.25481796265, -11.8521308899], "min": [-27.7759552002, -27.5247154236, -27.4887943268, -27.6601047516, -27.3102436066, -27.3467922211], "var": [1.56159198284, 1.55113112926, 1.88235843182, 2.08275008202, 2.69348192215, 1.49679112434]}, "spectral_decrease": {"dmean": 1.55847557082e-09, "dmean2": 2.38680541997e-09, "dvar": 9.591413147e-18, "dvar2": 2.24791807397e-17, "max": 1.8141848912e-08, "mean": -2.9780027333e-09, "median": -7.98976218519e-10, "min": -6.39203960873e-08, "var": 2.8277814441e-17}, "spectral_energy": {"dmean": 0.0064316727221, "dmean2": 0.00956839229912, "dvar": 0.000153072862304, "dvar2": 0.000350387621438, "max": 0.256458252668, "mean": 0.0186137408018, "median": 0.00997441448271, "min": 1.05473791829e-20, "var": 0.00054591143271}, "spectral_energyband_high": {"dmean": 0.000273847370408, "dmean2": 0.000365637853974, "dvar": 5.79436800763e-07, "dvar2": 1.10261521513e-06, "max": 0.0253337062895, "mean": 0.000542377703823, "median": 0.000127396371681, "min": 7.75212829011e-21, "var": 1.49804452576e-06}, "spectral_energyband_low": {"dmean": 0.00246217637323, "dmean2": 0.00406062137336, "dvar": 5.11686739628e-05, "dvar2": 0.000137565511977, "max": 0.144929438829, "mean": 0.00378503440879, "median": 0.00104295753408, "min": 4.11866802971e-23, "var": 6.01975916652e-05}, "spectral_energyband_middle_high": {"dmean": 0.00111767370254, "dmean2": 0.00166202289984, "dvar": 1.00324614323e-05, "dvar2": 2.32916154346e-05, "max": 0.101923450828, "mean": 0.00244609010406, "median": 0.000673994072713, "min": 1.37903710666e-21, "var": 2.7575670174e-05}, "spectral_energyband_middle_low": {"dmean": 0.00402358965948, "dmean2": 0.00590269640088, "dvar": 8.13910228317e-05, "dvar2": 0.000165037912666, "max": 0.247377127409, "mean": 0.00927284359932, "median": 0.00302129145712, "min": 1.9798921876e-22, "var": 0.000269492826192}, "spectral_entropy": {"dmean": 0.219386652112, "dmean2": 0.327888995409, "dvar": 0.0436097644269, "dvar2": 0.0971261039376, "max": 9.81140804291, "mean": 7.20917034149, "median": 7.26980447769, "min": 5.27830266953, "var": 0.256149739027}, "spectral_flux": {"dmean": 0.0170254409313, "dmean2": 0.0274023171514, "dvar": 0.000584240828175, "dvar2": 0.00142298010178, "max": 0.365509450436, "mean": 0.0634756758809, "median": 0.0521655231714, "min": 6.38900460315e-11, "var": 0.00264020613395}, "spectral_kurtosis": {"dmean": 5.42171764374, "dmean2": 8.52096939087, "dvar": 67.2736740112, "dvar2": 183.001068115, "max": 124.01700592, "mean": 19.1361637115, "median": 15.4199180603, "min": -1.26973223686, "var": 157.114151001}, "spectral_rms": {"dmean": 0.000592781114392, "dmean2": 0.000848795985803, "dvar": 6.91232855843e-07, "dvar2": 1.48178423842e-06, "max": 0.0158178117126, "mean": 0.00353500270285, "median": 0.00311947683804, "min": 3.20782267936e-12, "var": 5.66344533581e-06}, "spectral_rolloff": {"dmean": 2423.98999023, "dmean2": 4561.50195312, "dvar": 33770644, "dvar2": 82473360, "max": 22028.4667969, "mean": 14939.2753906, "median": 21705.46875, "min": 64.599609375, "var": 89685696}, "spectral_skewness": {"dmean": 0.436173170805, "dmean2": 0.662858128548, "dvar": 0.286199390888, "dvar2": 0.738689482212, "max": 9.44208049774, "mean": 2.94756746292, "median": 2.71843552589, "min": -0.0277238469571, "var": 1.41865611076}, "spectral_spread": {"dmean": 535703.9375, "dmean2": 838856.6875, "dvar": 363147624448, "dvar2": 850972508160, "max": 42399764, "mean": 4004486.75, "median":