{"lowlevel": {"average_loudness": 0.927816390991, "barkbands": {"dmean": [1.150629123e-05, 0.00145232235081, 0.00225875037722, 0.00306550529785, 0.00242845341563, 0.000881977204699, 0.000453185493825, 0.000504225783516, 0.000641385675408, 0.000363185798051, 0.000316659192322, 0.000401708239224, 0.000494170468301, 0.000312223332003, 0.000361180369509, 0.000281315064058, 0.000233345461311, 0.000178477086592, 0.000147720857058, 9.20803358895e-05, 5.28129603481e-05, 3.92652727896e-05, 4.17882365582e-05, 7.7798460552e-05, 0.000112866611744, 4.54672590422e-05, 1.45702251757e-05], "dmean2": [1.83375159395e-05, 0.00243897503242, 0.00378539250232, 0.00490003358573, 0.00390954874456, 0.00136261619627, 0.000726500875317, 0.000767341523897, 0.000968345382717, 0.000535548373591, 0.000482003204525, 0.000602598942351, 0.000791452999692, 0.000482975505292, 0.000561782740988, 0.000434650108218, 0.000365908781532, 0.000272992969258, 0.000222524788114, 0.000139300114824, 7.75157895987e-05, 5.60895350645e-05, 5.92462201894e-05, 0.000109812426672, 0.000163697608514, 6.06508328929e-05, 1.92604275071e-05], "dvar": [1.64876867714e-09, 1.57057456818e-05, 2.79712676274e-05, 7.68047975725e-05, 3.87260042771e-05, 1.94109293261e-06, 8.71319343787e-07, 1.90859577742e-06, 1.80334313882e-06, 1.05236824766e-06, 9.79735204965e-07, 9.11613142307e-07, 8.89210241439e-07, 5.86019211823e-07, 5.22786251622e-07, 4.15156677036e-07, 1.68740697859e-07, 1.29575923324e-07, 7.84650282526e-08, 2.54196130811e-08, 1.16328484623e-08, 1.32587825163e-08, 1.60370419167e-08, 4.83489372982e-08, 4.18068069052e-08, 8.41647196381e-09, 9.50976963843e-10], "dvar2": [3.73751563032e-09, 4.20817814302e-05, 7.63743155403e-05, 0.000182923045941, 9.84809012152e-05, 4.89542571813e-06, 2.18478885472e-06, 4.13252837461e-06, 4.05201808462e-06, 2.1078460577e-06, 2.13677435568e-06, 1.88898286524e-06, 2.25903659157e-06, 1.22619496778e-06, 1.17732508897e-06, 1.00488080079e-06, 4.09284268699e-07, 3.03528224777e-07, 1.69149103613e-07, 5.8304884476e-08, 2.42114186477e-08, 3.1296419678e-08, 3.68815129548e-08, 8.87558186946e-08, 8.10070304169e-08, 1.42335254694e-08, 1.48883816387e-09], "max": [0.000490624224767, 0.0453309081495, 0.0636097118258, 0.0943943858147, 0.0852561965585, 0.0272442083806, 0.0194850768894, 0.037627261132, 0.0349139049649, 0.0397787839174, 0.0381068214774, 0.0228869207203, 0.0130554838106, 0.0221878197044, 0.0160220563412, 0.0196139886975, 0.00886768102646, 0.01251127664, 0.00570413051173, 0.00302923424169, 0.00241591897793, 0.00653089862317, 0.0064538186416, 0.0117698032409, 0.0107445772737, 0.002077344805, 0.000673899136018], "mean": [1.00812358141e-05, 0.00208492623642, 0.00344829354435, 0.00433295499533, 0.0042166034691, 0.001854744507, 0.000745488563552, 0.000883731700014, 0.00122152210679, 0.000770860817283, 0.000512531201821, 0.0006620666245, 0.000746592471842, 0.000544018810615, 0.000593524193391, 0.000524030590896, 0.000438112358097, 0.000380387122277, 0.000334436103003, 0.000182905452675, 9.63960337685e-05, 7.06430728314e-05, 7.39449824323e-05, 0.000137804890983, 0.000171117091668, 7.74500367697e-05, 2.48796677624e-05], "median": [6.97716473042e-07, 0.000991902197711, 0.00206430861726, 0.00236736796796, 0.00289828469977, 0.00114685087465, 0.000338787387591, 0.000167212536326, 0.000447838945547, 0.00022483234352, 0.000113665868412, 0.000220987101784, 0.000315054669045, 0.000166129102581, 0.000269844487775, 0.000197023589863, 0.00021316150378, 0.000132121072966, 0.000126968952827, 8.39087442728e-05, 3.31132978317e-05, 1.65129931702e-05, 1.38437299029e-05, 2.45825067395e-05, 3.4005191992e-05, 8.18037642603e-06, 2.10900179809e-06], "min": [8.04139721006e-24, 5.95734344988e-24, 3.39944334758e-23, 2.79578710361e-23, 7.40645221823e-23, 2.32401515013e-23, 3.85030575391e-23, 4.94809531812e-23, 5.65202051631e-23, 9.78162278925e-23, 5.8577996166e-23, 6.24834950465e-23, 1.03748114801e-22, 6.52088643236e-23, 6.96795473328e-23, 1.00866645728e-22, 3.00726171653e-22, 1.29541638659e-22, 3.35190658943e-22, 3.43500582827e-22, 3.1692669883e-22, 5.81932971015e-22, 6.35202210968e-22, 7.84439447132e-22, 1.09302507154e-21, 1.73923044063e-21, 2.27796917501e-21], "var": [1.54369694805e-09, 1.40865686262e-05, 2.48585783993e-05, 7.36182118999e-05, 3.72192407667e-05, 5.21739275428e-06, 1.50747200678e-06, 5.26452367922e-06, 5.3841913541e-06, 4.23385654358e-06, 2.56662110587e-06, 2.24117025027e-06, 1.51233018642e-06, 1.5736898149e-06, 1.10952055365e-06, 1.2215022025e-06, 4.33162597346e-07, 3.89441765947e-07, 3.05869377826e-07, 7.0047477152e-08, 3.27807470057e-08, 2.30521770561e-08, 3.41867050224e-08, 1.96192473823e-07, 1.29118902237e-07, 2.74407927492e-08, 3.26350857449e-09]}, "barkbands_crest": {"dmean": 1.93560087681, "dmean2": 3.1218726635, "dvar": 3.57194638252, "dvar2": 9.02975177765, "max": 25.7811431885, "mean": 8.48758792877, "median": 7.93910646439, "min": 2.40923285484, "var": 9.98457145691}, "barkbands_flatness_db": {"dmean": 0.0255191326141, "dmean2": 0.0362782180309, "dvar": 0.000633010291494, "dvar2": 0.00122615334112, "max": 0.576939761639, "mean": 0.150482326746, "median": 0.131435886025, "min": 0.0248960200697, "var": 0.00612429250032}, "barkbands_kurtosis": {"dmean": 2.63910889626, "dmean2": 4.10785341263, "dvar": 18.0755271912, "dvar2": 41.4090576172, "max": 94.910736084, "mean": 3.56038689613, "median": 1.39491438866, "min": -1.94117343426, "var": 42.5206069946}, "barkbands_skewness": {"dmean": 0.542192220688, "dmean2": 0.819786846638, "dvar": 0.339960455894, "dvar2": 0.770732223988, "max": 7.75071668625, "mean": 1.54213190079, "median": 1.39300787449, "min": -2.04180574417, "var": 1.16069328785}, "barkbands_spread": {"dmean": 5.77083110809, "dmean2": 8.68250083923, "dvar": 52.410572052, "dvar2": 115.485183716, "max": 124.2396698, "mean": 23.2986049652, "median": 20.4805641174, "min": 0.370063900948, "var": 223.996078491}, "dissonance": {"dmean": 0.0174652282149, "dmean2": 0.0292093362659, "dvar": 0.000358979770681, "dvar2": 0.000987825333141, "max": 0.500000059605, "mean": 0.461899071932, "median": 0.468902409077, "min": 0.129389837384, "var": 0.000925078522414}, "dynamic_complexity": 3.50750017166, "erbbands": {"dmean": [0.0184053275734, 0.428627341986, 2.29196000099, 5.60938072205, 12.6142702103, 5.83294677734, 7.27978897095, 7.1054444313, 6.5682091713, 6.99097776413, 12.1663398743, 14.7176485062, 10.6928720474, 10.9735078812, 12.8904600143, 14.5603103638, 22.0319385529, 13.4129886627, 13.3256187439, 21.4426078796, 14.7708473206, 11.7766437531, 10.5970888138, 7.6298327446, 5.79503202438, 4.25917959213, 2.79077887535, 1.79580461979, 1.41903197765, 1.2952901125, 1.22327041626, 1.40421807766, 1.43158996105, 1.16296207905, 0.881203651428, 0.220154225826, 0.0814144089818, 0.0258805993944, 0.00271291192621, 9.40310201258e-05], "dmean2": [0.0279872752726, 0.731766819954, 3.880163908, 8.99844932556, 20.2962207794, 9.38650608063, 11.4973344803, 10.817073822, 10.5249834061, 10.9014616013, 18.1728343964, 22.2387466431, 15.843752861, 16.5342826843, 19.3799381256, 21.7446632385, 35.3210220337, 20.4829654694, 20.3555278778, 33.6604919434, 22.6386756897, 18.2430686951, 16.1889896393, 11.5671272278, 8.54436683655, 6.40081214905, 4.18223190308, 2.6207511425, 2.01481795311, 1.86061453819, 1.74093973637, 1.99475336075, 2.03065490723, 1.6643153429, 1.31615459919, 0.313370257616, 0.106825597584, 0.0352475307882, 0.00349582755007, 0.000120661650726], "dvar": [0.00216468027793, 1.45057821274, 34.9036331177, 154.430877686, 1708.24108887, 100.373748779, 128.328140259, 160.992004395, 182.4921875, 242.272155762, 949.424499512, 1057.84655762, 877.949157715, 781.322509766, 998.159362793, 1115.32226563, 1941.69274902, 1308.98132324, 830.467163086, 1703.55578613, 1278.97473145, 372.759277344, 458.24899292, 222.670974731, 102.050483704, 53.0383720398, 35.4908638, 13.615483284, 11.9740800858, 20.9457492828, 15.3401603699, 13.9750862122, 20.4993610382, 7.45678853989, 2.20314884186, 0.174496203661, 0.0285468939692, 0.00268182670698, 3.8835372834e-05, 4.47745129861e-08], "dvar2": [0.00466367928311, 3.96372246742, 95.3840942383, 373.758880615, 4185.41259766, 261.128265381, 332.835784912, 389.52645874, 471.25692749, 537.893432617, 2022.56188965, 2314.5925293, 1699.39257813, 1701.39526367, 2214.35205078, 2078.33007813, 4984.62744141, 2840.1184082, 1708.86779785, 3946.38964844, 3136.42089844, 873.077209473, 1063.94250488, 498.227752686, 210.234634399, 118.476196289, 79.7357788086, 27.948381424, 25.1365566254, 52.1884460449, 36.5789070129, 28.1255645752, 38.3983688354, 14.7206687927, 4.72507476807, 0.352596133947, 0.0462926477194, 0.00454828096554, 6.01400352025e-05, 7.08781939807e-08], "max": [0.65381705761, 13.5393743515, 67.2294235229, 140.446044922, 473.18157959, 154.355682373, 221.141403198, 317.58114624, 348.185241699, 513.050292969, 805.406860352, 980.705383301, 1283.36303711, 966.166748047, 879.700805664, 1178.71777344, 643.606689453, 1093.80822754, 749.566650391, 896.815490723, 1198.7532959, 501.488800049, 879.564697266, 319.494140625, 192.811065674, 170.597015381, 140.974212646, 91.2503128052, 157.581893921, 261.259307861, 214.967758179, 159.648910522, 259.238342285, 206.687454224, 33.7560005188, 13.0079717636, 3.84234476089, 1.27346682549, 0.145799160004, 0.0042195986025], "mean": [0.0276504345238, 0.612042069435, 3.39384841919, 9.67722225189, 16.4775238037, 12.1089982986, 14.5604200363, 14.965713501, 11.297539711, 12.3684511185, 23.4109764099, 27.6122989655, 24.0656280518, 22.5062332153, 22.6630687714, 26.6849575043, 34.1013031006, 25.4016265869, 24.8639812469, 36.9213943481, 30.0855388641, 24.8686828613, 23.5434589386, 18.0659618378, 13.5018815994, 8.880194664, 5.06356716156, 3.1783914566, 2.56896734238, 2.23752403259, 2.15238118172, 2.40297436714, 2.49885511398, 1.89422345161, 1.20409440994, 0.337101906538, 0.139595657587, 0.0430046766996, 0.00473013008013, 0.000180916220415], "median": [0.0124475006014, 0.302758008242, 2.08053922653, 6.19800424576, 8.82935619354, 8.89550590515, 9.67563533783, 9.00153064728, 5.8068447113, 4.68776655197, 6.38972759247, 10.5820970535, 8.41506576538, 7.66946697235, 7.57217979431, 11.259054184, 14.948723793, 8.59425449371, 10.8526258469, 17.1475448608, 11.6959877014, 12.1602497101, 9.63758850098, 7.50688171387, 5.60976028442, 4.31055259705, 1.77475190163, 1.09291768074, 0.625628352165, 0.466665655375, 0.393792569637, 0.485681980848, 0.377940267324, 0.325786650181, 0.254727303982, 0.0538770779967, 0.0126887448132, 0.00449878536165, 0.000303246371914, 3.89036686101e-05], "min": [2.81966100072e-22, 1.23954630378e-21, 2.17058784329e-20, 6.96437414285e-20, 2.67116523827e-19, 1.82033294706e-19, 1.53387577729e-19, 2.34967864977e-19, 5.15186800459e-19, 6.07446131587e-19, 1.02466522751e-18, 1.40528090925e-18, 1.5967796317e-18, 4.47178140485e-18, 2.07810413943e-18, 3.41539090572e-18, 4.50666774719e-18, 3.40757177418e-18, 2.85347656906e-18, 5.66235280026e-18, 6.60580316048e-18, 1.75465522002e-17, 7.20996512654e-18, 1.18227502202e-17, 1.68974635735e-17, 1.62101856723e-17, 1.70074521252e-17, 1.3625515919e-17, 1.72358135313e-17, 2.07546431658e-17, 1.87412855548e-17, 1.71321231328e-17, 1.3480691483e-17, 1.1397747303e-17, 7.53968262743e-18, 5.70022195588e-18, 3.77696747469e-18, 1.13474094336e-18, 3.55015346506e-19, 3.38694724053e-20], "var": [0.00272908457555, 1.19549107552, 28.3081264496, 168.743591309, 1530.65795898, 145.383148193, 263.352233887, 413.211212158, 304.970001221, 593.120727539, 2798.94018555, 2939.7565918, 3367.81884766, 2442.3371582, 2773.13696289, 3223.52319336, 3095.40380859, 3486.54541016, 2074.0234375, 3717.87280273, 4026.42529297, 1238.35119629, 1367.62011719, 816.625854492, 381.891967773, 157.824981689, 86.0240097046, 33.6736450195, 26.7708930969, 30.0789928436, 30.9017028809, 48.9126777649, 76.0471878052, 24.871629715, 4.87678384781, 0.423665732145, 0.0994425266981, 0.00888937246054, 0.00013545640104, 1.45624028391e-07]}, "erbbands_crest": {"dmean": 2.38946533203, "dmean2": 3.87075638771, "dvar": 5.4281411171, "dvar2": 13.6270704269, "max": 33.8279762268, "mean": 8.36254692078, "median": 7.44106578827, "min": 2.06726241112, "var": 14.9397659302}, "erbbands_flatness_db": {"dmean": 0.0232995245606, "dmean2": 0.0315024107695, "dvar": 0.000487100332975, "dvar2": 0.000868297705892, "max": 0.447998642921, "mean": 0.161270812154, "median": 0.151202142239, "min": 0.0355450995266, "var": 0.00439496478066}, "erbbands_kurtosis": {"dmean": 0.771467149258, "dmean2": 1.1955319643, "dvar": 1.91917443275, "dvar2": 4.21991729736, "max": 65.2196655273, "mean": 0.109526641667, "median": -0.349015295506, "min": -1.86183059216, "var": 4.29439067841}, "erbbands_skewness": {"dmean": 0.350166708231, "dmean2": 0.529380917549, "dvar": 0.116970993578, "dvar2": 0.253207355738, "max": 5.97352552414, "mean": 0.0554815605283, "median": 0.0443434044719, "min": -5.51645040512, "var": 0.49884685874}, "erbbands_spread": {"dmean": 8.78462409973, "dmean2": 12.8296823502, "dvar": 96.0179214478, "dvar2": 193.041763306, "max": 195.118453979, "mean": 40.5657691956, "median": 37.6268348694, "min": 2.03565168381, "var": 377.894958496}, "gfcc": {"cov": [[16300.9453125, -3217.26904297, 278.580963135, -144.89364624, -969.870544434, 589.461975098, -900.664367676, 764.398986816, -420.816894531, 365.714233398, -205.035263062, 228.312637329, -364.976928711], [-3217.26904297, 3588.37426758, -1114.70385742, 146.578903198, 561.869567871, -636.926635742, 579.814025879, -564.400024414, 276.997589111, -340.854736328, 183.162261963, -209.797103882, 294.67868042], [278.580963135, -1114.70385742, 1334.71789551, -189.301300049, -57.917842865, 362.261566162, -197.74230957, 229.839477539, -118.809394836, 130.678100586, -87.6617507935, 94.6823577881, -85.0326843262], [-144.89364624, 146.578903198, -189.301300049, 387.928497314, 38.8067398071, -98.7158279419, 45.2213554382, -99.3593978882, 53.2827835083, -59.0408058167, 22.3283252716, -27.1891326904, 18.7342185974], [-969.870544434, 561.869567871, -57.917842865, 38.8067398071, 282.238983154, -104.241516113, 135.061462402, -94.7641830444, 35.4088783264, -34.0842323303, 7.40119171143, -29.782251358, 51.5262489319], [589.461975098, -636.926635742, 362.261566162, -98.7158279419, -104.241516113, 330.867492676, -81.6539001465, 142.935134888, -64.3194198608, 80.0864181519, -10.8396215439, 48.8634414673, -42.6026229858], [-900.664367676, 579.814025879, -197.74230957, 45.2213554382, 135.061462402, -81.6539001465, 290.844909668, -142.236190796, 62.1315345764, -53.410987854, 40.065536499, -40.1035614014, 38.6675682068], [764.398986816, -564.400024414, 229.839477539, -99.3593978882, -94.7641830444, 142.935134888, -142.236190796, 284.6746521, -28.4328727722, 72.9055709839, -15.8275966644, 42.1144294739, -53.6557807922], [-420.816894531, 276.997589111, -118.809394836, 53.2827835083, 35.4088783264, -64.3194198608, 62.1315345764, -28.4328727722, 139.438247681, -22.3402423859, 18.8416595459, -14.0405731201, 18.9476642609], [365.714233398, -340.854736328, 130.678100586, -59.0408058167, -34.0842323303, 80.0864181519, -53.410987854, 72.9055709839, -22.3402423859, 131.927062988, -11.153301239, 30.4721889496, -31.9224090576], [-205.035263062, 183.162261963, -87.6617507935, 22.3283252716, 7.40119171143, -10.8396215439, 40.065536499, -15.8275966644, 18.8416595459, -11.153301239, 96.6771774292, 7.40784883499, 9.09455013275], [228.312637329, -209.797103882, 94.6823577881, -27.1891326904, -29.782251358, 48.8634414673, -40.1035614014, 42.1144294739, -14.0405731201, 30.4721889496, 7.40784883499, 90.4629440308, 6.9196844101], [-364.976928711, 294.67868042, -85.0326843262, 18.7342185974, 51.5262489319, -42.6026229858, 38.6675682068, -53.6557807922, 18.9476642609, -31.9224090576, 9.09455013275, 6.9196844101, 93.7940673828]], "icov": [[9.71287081484e-05, -3.2816282328e-05, 7.61727933423e-05, -7.73423453211e-05, 0.000201633389224, -6.89989028615e-05, 0.000107300002128, -0.000132093788125, 0.00020209250215, -0.000107951760583, 0.00020697893342, -0.000177477966645, 0.000219107663725], [-3.2816282328e-05, 0.00132476200815, 0.000223535476835, 0.000754559412599, -0.00124148849864, 0.000791032915004, -0.000452892418252, 0.00067587121157, -0.000973681046162, 0.00112226407509, -0.00168128754012, 0.0015577825252, -0.00199642730877], [7.61727933423e-05, 0.000223535476835, 0.00142924522515, 0.000249762757448, -0.000765364035033, -0.00110392016359, 0.000468150246888, -8.55654288898e-05, 0.000163938530022, 0.000120775432151, 0.000684663013089, -0.000612841860857, 0.000503868854139], [-7.73423453211e-05, 0.000754559412599, 0.000249762757448, 0.00357309868559, -0.000963883765507, 0.000610591319855, 0.000163740376593, 0.0012964255875, -0.00152662559412, 0.00142515462358, -0.00144651229493, 0.00104380445555, -0.000821178022306], [0.000201633389224, -0.00124148849864, -0.000765364035033, -0.000963883765507, 0.00701748626307, 0.000815216859337, -0.00169647089206, -0.000851644668728, 0.00135086954106, -0.00180565263145, 0.00201958790421, -0.000700625241734, -0.000120466123917], [-6.89989028615e-05, 0.000791032915004, -0.00110392016359, 0.000610591319855, 0.000815216859337, 0.00631659384817, -0.00144440087024, -0.00105108006392, 0.000616170582362, -0.000624377396889, -0.00179822859354, 0.000634060648736, -0.00167045206763], [0.000107300002128, -0.000452892418252, 0.000468150246888, 0.000163740376593, -0.00169647089206, -0.00144440087024, 0.00655520427972, 0.00193299050443, -0.00121806270909, 0.000152273612912, -0.000840149645228, 0.000196735141799, 0.00127619947307], [-0.000132093788125, 0.00067587121157, -8.55654288898e-05, 0.0012964255875, -0.000851644668728, -0.00105108006392, 0.00193299050443, 0.00677980296314, -0.00194932497106, -0.000117264273285, -0.00138230156153, 0.000174330300069, 0.000573089171667], [0.00020209250215, -0.000973681046162, 0.000163938530022, -0.00152662559412, 0.00135086954106, 0.000616170582362, -0.00121806270909, -0.00194932497106, 0.0100043071434, -0.00114205304999, 0.000853175472002, -0.00111380848102, 0.000813561549876], [-0.000107951760583, 0.00112226407509, 0.000120775432151, 0.00142515462358, -0.00180565263145, -0.000624377396889, 0.000152273612912, -0.000117264273285, -0.00114205304999, 0.0114627396688, -0.00104126613587, -0.000969481247012, 0.000761858129408], [0.00020697893342, -0.00168128754012, 0.000684663013089, -0.00144651229493, 0.00201958790421, -0.00179822859354, -0.000840149645228, -0.00138230156153, 0.000853175472002, -0.00104126613587, 0.0144689492881, -0.00459953583777, 0.00303623173386], [-0.000177477966645, 0.0015577825252, -0.000612841860857, 0.00104380445555, -0.000700625241734, 0.000634060648736, 0.000196735141799, 0.000174330300069, -0.00111380848102, -0.000969481247012, -0.00459953583777, 0.016533261165, -0.0065360814333], [0.000219107663725, -0.00199642730877, 0.000503868854139, -0.000821178022306, -0.000120466123917, -0.00167045206763, 0.00127619947307, 0.000573089171667, 0.000813561549876, 0.000761858129408, 0.00303623173386, -0.0065360814333, 0.0177992768586]], "mean": [-17.977268219, 105.224067688, -112.243690491, 22.3723583221, -37.4202156067, 1.63959515095, -40.7283439636, 2.5828294754, -30.9614925385, -6.62321996689, -18.6331157684, -7.76667118073, -10.727388382]}, "hfc": {"dmean": 6.27264642715, "dmean2": 8.29552555084, "dvar": 73.5385360718, "dvar2": 129.909317017, "max": 206.61038208, "mean": 20.484621048, "median": 14.2347669601, "min": 1.12079571634e-16, "var": 352.239654541}, "melbands": {"dmean": [0.000276834325632, 0.000980872195214, 0.00128339172807, 0.000620421662461, 0.000245849427301, 0.000158270253451, 9.66135485214e-05, 8.56787737575e-05, 0.000107095431304, 8.71561496751e-05, 5.5355427321e-05, 4.71017847303e-05, 4.6924513299e-05, 4.60576411569e-05, 5.16589352628e-05, 3.80099736503e-05, 2.64738464466e-05, 2.48369015026e-05, 2.65789549303e-05, 2.41255966102e-05, 1.74805736606e-05, 1.26074883156e-05, 1.27812427309e-05, 9.62365629675e-06, 6.42710756438e-06, 5.65329673918e-06, 3.71307760361e-06, 2.83610597762e-06, 2.08645542443e-06, 1.34607626023e-06, 1.0558106851e-06, 8.5509782366e-07, 7.85502322742e-07, 7.45936745261e-07, 7.20723164704e-07, 7.51565949031e-07, 1.0092477396e-06, 1.14330009637e-06, 8.89907539658e-07, 1.08440940494e-06], "dmean2": [0.000447913305834, 0.00166554155294, 0.00203850632533, 0.000993814785033, 0.000388936023228, 0.000241856309003, 0.000154916546308, 0.000132297383971, 0.000160893847351, 0.000131798733491, 8.20436689537e-05, 7.0819267421e-05, 7.09655578248e-05, 6.89688895363e-05, 8.14746745164e-05, 6.0494076024e-05, 4.05470746045e-05, 3.83547339879e-05, 4.13016568928e-05, 3.78977165383e-05, 2.69531101367e-05, 1.96306882572e-05, 2.02297687792e-05, 1.48485478348e-05, 9.8762466223e-06, 8.43046927912e-06, 5.65575692235e-06, 4.33449395132e-06, 3.22972300637e-06, 2.02015871764e-06, 1.58417049079e-06, 1.24839380078e-06, 1.15218324481e-06, 1.10769065031e-06, 1.05339870515e-06, 1.10066196157e-06, 1.47969217323e-06, 1.66343829733e-06, 1.28256999687e-06, 1.6042055222e-06], "dvar": [5.10822701472e-07, 6.70913004797e-06, 1.22029296108e-05, 2.96964412883e-06, 1.31211621124e-07, 7.17798585015e-08, 3.89494339004e-08, 3.96663821789e-08, 6.12386230614e-08, 3.48325812638e-08, 2.35627020118e-08, 1.47071368417e-08, 1.79254247001e-08, 1.36543754081e-08, 9.57630152953e-09, 6.0341047714e-09, 5.1661097622e-09, 3.08419001449e-09, 3.5633920259e-09, 2.36719222002e-09, 1.81238324348e-09, 4.85022355612e-10, 6.11455386323e-10, 4.18494433552e-10, 1.87407728225e-10, 1.13604778362e-10, 3.9460802681e-11, 2.78165407375e-11, 2.40473474467e-11, 7.64358368266e-12, 5.54144750919e-12, 4.35420666536e-12, 5.66346969322e-12, 6.39684746145e-12, 5.83093686182e-12, 5.16461482955e-12, 7.37995775602e-12, 1.56457988926e-11, 7.14793675638e-12, 6.0876729005e-12], "dvar2": [1.2870395949e-06, 1.84099808394e-05, 2.93319735647e-05, 7.32776061341e-06, 3.39168735763e-07, 1.76349658432e-07, 1.00300532324e-07, 8.72969607713e-08, 1.33741693276e-07, 7.62104832575e-08, 4.54730404442e-08, 3.16128243583e-08, 3.92289507545e-08, 2.84579950716e-08, 2.31513297422e-08, 1.49110892522e-08, 1.08400657339e-08, 6.39145625314e-09, 8.0377056122e-09, 5.36949640306e-09, 4.39068248426e-09, 1.1362361052e-09, 1.49375023462e-09, 9.88133130875e-10, 4.29932200952e-10, 2.34038566305e-10, 8.85764725456e-11, 6.41585118366e-11, 5.73031344597e-11, 1.7042920894e-11, 1.22949697298e-11, 9.49894069652e-12, 1.3724758309e-11, 1.58566840214e-11, 1.44368805105e-11, 1.21991540133e-11, 1.54624299475e-11, 3.00740786441e-11, 1.51765440493e-11, 1.22105841063e-11], "max": [0.00841561425477, 0.0297110881656, 0.0388098061085, 0.0230498779565, 0.00647062296048, 0.00618420448154, 0.00453530019149, 0.006234833505, 0.00533385528252, 0.00533257611096, 0.00647564744577, 0.00484513817355, 0.00423138123006, 0.00282934401184, 0.00210833922029, 0.00155766506214, 0.00193392694928, 0.00138360226993, 0.00144524895586, 0.00141457014252, 0.00121255707927, 0.000464170763735, 0.000625232118182, 0.000626795692369, 0.000296142650768, 0.000208199591725, 0.000125084261526, 0.000130709217046, 0.00012178675388, 6.13913944107e-05, 6.77806528984e-05, 8.25015376904e-05, 0.000132368033519, 0.000130126558361, 0.000140748757985, 8.05004019639e-05, 0.00013909219706, 0.000269413314527, 0.000136581977131, 0.000185934404726], "mean": [0.000413664645748, 0.00147711345926, 0.0019953167066, 0.00100943609141, 0.000521651178133, 0.000338968937285, 0.000164398807101, 0.000149559447891, 0.000206474695005, 0.00016334632528, 0.000121344237414, 9.55114228418e-05, 7.90271951701e-05, 7.47640515328e-05, 8.21719440864e-05, 5.90429917793e-05, 4.7332381655e-05, 4.17918345192e-05, 4.41022821178e-05, 4.18605195591e-05, 3.32138624799e-05, 2.43883096118e-05, 2.46444651566e-05, 1.93590039999e-05, 1.39063249662e-05, 1.24680082081e-05, 7.43175905882e-06, 5.36941342943e-06, 3.42975727108e-06, 2.23496635954e-06, 1.72285683675e-06, 1.44402326896e-06, 1.35023333314e-06, 1.19540038668e-06, 1.19943524624e-06, 1.25502367609e-06, 1.60568913543e-06, 1.88318506389e-06, 1.50480684624e-06, 1.65764299709e-06], "median": [0.000199999340111, 0.000915667042136, 0.00127376639284, 0.000666213803925, 0.00038087903522, 0.000207885474083, 8.31057404866e-05, 4.78274705529e-05, 6.18502526777e-05, 6.02741711191e-05, 3.9528364141e-05, 3.16270379699e-05, 2.17047618207e-05, 2.18233162741e-05, 3.65583691746e-05, 2.46626113949e-05, 1.38485338539e-05, 1.55770358106e-05, 1.89794627659e-05, 1.84641994565e-05, 1.1358415577e-05, 1.08397625809e-05, 1.03335405583e-05, 6.59117267787e-06, 5.32639023731e-06, 4.51779578725e-06, 3.39926828019e-06, 2.38011352849e-06, 1.05992717181e-06, 6.94764992204e-07, 5.95100800638e-07, 3.48173557541e-07, 2.79950540971e-07, 2.42168653131e-07, 2.216734174e-07, 1.88887682384e-07, 3.38421898505e-07, 3.00309636714e-07, 1.83946951893e-07, 2.8710570632e-07], "min": [2.35512175e-24, 9.17512759266e-24, 1.98141995874e-23, 1.69706905011e-23, 6.10904810727e-24, 5.22573964688e-24, 7.95235690196e-24, 8.01482048616e-24, 6.99204970076e-24, 9.75396374819e-24, 7.92906578373e-24, 1.84269592866e-23, 6.68482545464e-24, 8.0679770894e-24, 1.09127033881e-23, 7.70272660167e-24, 6.51091436277e-24, 4.40487110486e-24, 5.20219333215e-24, 9.99570859488e-24, 6.97665113589e-24, 2.08597432094e-23, 7.21440276868e-24, 6.37278679042e-24, 9.21114540387e-24, 1.43666243654e-23, 8.08314215144e-24, 1.15618806928e-23, 1.17876274403e-23, 7.58875118922e-24, 8.49300824538e-24, 1.00653768457e-23, 1.07950297957e-23, 1.1228719489e-23, 1.05448181049e-23, 1.07251745848e-23, 1.04929986209e-23, 9.2797928687e-24, 9.0444346399e-24, 1.02105722174e-23], "var": [5.27198949385e-07, 5.36400875717e-06, 1.17517201943e-05, 2.83713325189e-06, 2.67396842446e-07, 1.92931722154e-07, 6.40310773292e-08, 1.02021232351e-07, 1.82804967608e-07, 9.99344891284e-08, 9.27073386947e-08, 4.82554760595e-08, 4.91229741328e-08, 3.23646887068e-08, 1.91894766743e-08, 1.16058203048e-08, 1.45337448743e-08, 7.39066230437e-09, 7.30620852707e-09, 5.7118958452e-09, 5.60517188219e-09, 1.4771339707e-09, 1.54786317097e-09, 1.22945775782e-09, 6.2181698679e-10, 4.61412935637e-10, 1.11706734141e-10, 7.12094966326e-11, 4.87295134799e-11, 1.85628665217e-11, 1.10788401023e-11, 8.88220486744e-12, 9.21468804038e-12, 9.30881673827e-12, 9.93502762697e-12, 1.22870299005e-11, 2.34540997734e-11, 4.94965214648e-11, 2.34546930489e-11, 1.82207877258e-11]}, "melbands_crest": {"dmean": 2.93861365318, "dmean2": 4.72272109985, "dvar": 9.33941936493, "dvar2": 23.3042926788, "max": 34.1345977783, "mean": 13.2703990936, "median": 12.5882921219, "min": 2.17797350883, "var": 22.6097221375}, "melbands_flatness_db": {"dmean": 0.0305422246456, "dmean2": 0.0435345247388, "dvar": 0.00101583532523, "dvar2": 0.00195582350716, "max": 0.724993109703, "mean": 0.222237706184, "median": 0.201512590051, "min": 0.00566598540172, "var": 0.00857291277498}, "melbands_kurtosis": {"dmean": 7.55508089066, "dmean2": 11.7103919983, "dvar": 238.274139404, "dvar2": 595.675415039, "max": 429.011383057, "mean": 13.2751703262, "median": 7.28414058685, "min": -1.89992046356, "var": 426.109527588}, "melbands_skewness": {"dmean": 0.776340246201, "dmean2": 1.17152810097, "dvar": 0.893621504307, "dvar2": 2.05690360069, "max": 18.2376251221, "mean": 2.74952769279, "median": 2.50964832306, "min": -1.79339337349, "var": 2.68647861481}, "melbands_spread": {"dmean": 6.53716611862, "dmean2": 9.99338912964, "dvar": 65.559425354, "dvar2": 150.821273804, "max": 160.163223267, "mean": 22.4016723633, "median": 19.6592750549, "min": 0.479948610067, "var": 218.360824585}, "mfcc": {"cov": [[10239.7929688, -1500.31677246, 36.763885498, -279.320404053, -2.30684828758, -260.728759766, -99.864440918, 44.921546936, -98.0860061646, 123.825996399, 55.7265396118, 66.0488586426, 89.9327316284], [-1500.31677246, 2198.57519531, -563.753845215, 347.627227783, -4.89445638657, 87.1581192017, 64.6258087158, -8.37940597534, 42.1820220947, -61.6359138489, -34.2979431152, -73.2795562744, -63.3663330078], [36.763885498, -563.753845215, 912.82623291, -226.278717041, 131.38293457, 47.1876106262, 46.6510009766, 33.3573799133, 31.5520687103, 18.1043586731, -0.961942613125, 42.1319770813, 12.7839870453], [-279.320404053, 347.627227783, -226.278717041, 405.45614624, 15.7366657257, 25.7102279663, -22.8705234528, -9.48852348328, -4.49333572388, -32.6250076294, -7.63649749756, -25.7652931213, -16.7048072815], [-2.30684828758, -4.89445638657, 131.38293457, 15.7366657257, 186.502166748, -8.60181522369, 0.169009685516, 2.38283634186, 20.503578186, 4.15965938568, -13.3032150269, -0.108379356563, 1.34039604664], [-260.728759766, 87.1581192017, 47.1876106262, 25.7102279663, -8.60181522369, 174.674438477, 59.2997436523, -9.45713043213, 16.8219203949, -21.7284832001, -1.31242072582, 4.99527359009, -8.82666492462], [-99.864440918, 64.6258087158, 46.6510009766, -22.8705234528, 0.169009685516, 59.2997436523, 161.724075317, 8.42321395874, 6.23114109039, -2.13144731522, 11.0659303665, 11.657749176, -9.57179546356], [44.921546936, -8.37940597534, 33.3573799133, -9.48852348328, 2.38283634186, -9.45713043213, 8.42321395874, 111.660125732, 10.9246549606, 16.7357711792, 2.00988960266, 3.82035517693, 22.2557888031], [-98.0860061646, 42.1820220947, 31.5520687103, -4.49333572388, 20.503578186, 16.8219203949, 6.23114109039, 10.9246549606, 95.8967056274, 16.7974796295, -3.94519519806, -2.5872426033, -4.58741521835], [123.825996399, -61.6359138489, 18.1043586731, -32.6250076294, 4.15965938568, -21.7284832001, -2.13144731522, 16.7357711792, 16.7974796295, 94.2929840088, 37.3237609863, 3.34790873528, 1.10702860355], [55.7265396118, -34.2979431152, -0.961942613125, -7.63649749756, -13.3032150269, -1.31242072582, 11.0659303665, 2.00988960266, -3.94519519806, 37.3237609863, 86.8981323242, 29.083612442, 0.802707791328], [66.0488586426, -73.2795562744, 42.1319770813, -25.7652931213, -0.108379356563, 4.99527359009, 11.657749176, 3.82035517693, -2.5872426033, 3.34790873528, 29.083612442, 74.5080718994, 30.9193744659], [89.9327316284, -63.3663330078, 12.7839870453, -16.7048072815, 1.34039604664, -8.82666492462, -9.57179546356, 22.2557888031, -4.58741521835, 1.10702860355, 0.802707791328, 30.9193744659, 77.8111190796]], "icov": [[0.000114282105642, 7.80499904067e-05, 5.3270101489e-05, 2.62577741523e-05, -3.68658438674e-05, 9.43550694501e-05, -9.69217035163e-06, -3.07503141812e-05, 7.49427708797e-05, -8.74069955898e-05, 1.011747554e-05, -3.20081562677e-05, -3.44214386132e-05], [7.80499904067e-05, 0.000698610325344, 0.000414278794779, -0.00027918847627, -0.000226788804866, -0.000159638366313, -0.000313656375511, -0.000169922903297, -0.000276254228083, 0.000197676024982, 3.82240468753e-05, 0.000222906441195, 0.000238458087551], [5.3270101489e-05, 0.000414278794779, 0.00181962840725, 0.000757619156502, -0.00132786831819, -0.00068436487345, -0.000207268196391, -0.000543885922525, -0.000215013205889, 8.99957449292e-05, 0.000175520341145, -0.00055691448506, 0.000420336349634], [2.62577741523e-05, -0.00027918847627, 0.000757619156502, 0.00336945941672, -0.000945418258198, -0.00073098577559, 0.000694709306117, -0.00028112065047, 0.000212824292248, 0.000928207009565, -0.000617442827206, 0.000495529791806, 0.000249223492574], [-3.68658438674e-05, -0.000226788804866, -0.00132786831819, -0.000945418258198, 0.00662034098059, 0.000978818163276, -0.000124462269014, 0.000497801869642, -0.00105164211709, -0.000578721053898, 0.00112528505269, -0.000157781279995, -0.00029026469565], [9.43550694501e-05, -0.000159638366313, -0.00068436487345, -0.00073098577559, 0.000978818163276, 0.00749095575884, -0.00246166344732, 0.000811711128335, -0.00137402431574, 0.00148221291602, -0.000236681022216, -0.000299636129057, 3.37669480359e-05], [-9.69217035163e-06, -0.000313656375511, -0.000207268196391, 0.000694709306117, -0.000124462269014, -0.00246166344732, 0.00762059958652, -0.00094492250355, 0.000281552143861, 0.000124814061564, -0.000712682784069, -0.00120846182108, 0.00137194839772], [-3.07503141812e-05, -0.000169922903297, -0.000543885922525, -0.00028112065047, 0.000497801869642, 0.000811711128335, -0.00094492250355, 0.0102200182155, -0.000981394317932, -0.00165293505415, 0.000248638971243, 0.00102542410605, -0.00347410445102], [7.49427708797e-05, -0.000276254228083, -0.000215013205889, 0.000212824292248, -0.00105164211709, -0.00137402431574, 0.000281552143861, -0.000981394317932, 0.0118925590068, -0.00302399555221, 0.00166626088321, -0.000511743593961, 0.000877331476659], [-8.74069955898e-05, 0.000197676024982, 8.99957449292e-05, 0.000928207009565, -0.000578721053898, 0.00148221291602, 0.000124814061564, -0.00165293505415, -0.00302399555221, 0.015190474689, -0.00739926099777, 0.00272769713774, -0.000289229967166], [1.011747554e-05, 3.82240468753e-05, 0.000175520341145, -0.000617442827206, 0.00112528505269, -0.000236681022216, -0.000712682784069, 0.000248638971243, 0.00166626088321, -0.00739926099777, 0.0175479352474, -0.00777459237725, 0.00276484992355], [-3.20081562677e-05, 0.000222906441195, -0.00055691448506, 0.000495529791806, -0.000157781279995, -0.000299636129057, -0.00120846182108, 0.00102542410605, -0.000511743593961, 0.00272769713774, -0.00777459237725, 0.0206261612475, -0.00824170000851], [-3.44214386132e-05, 0.000238458087551, 0.000420336349634, 0.000249223492574, -0.00029026469565, 3.37669480359e-05, 0.00137194839772, -0.00347410445102, 0.000877331476659, -0.000289229967166, 0.00276484992355, -0.00824170000851, 0.0175436008722]], "mean": [-661.376281738, 140.243942261, -8.16180324554, 23.2226524353, 16.544046402, -1.21424651146, 4.77499961853, -1.32806992531, -2.55200219154, -3.2637860775, -5.69005155563, -5.96877384186, -6.05499982834]}, "pitch_salience": {"dmean": 0.0676928982139, "dmean2": 0.110695324838, "dvar": 0.00461904332042, "dvar2": 0.0126861874014, "max": 0.840768873692, "mean": 0.562134861946, "median": 0.56927728653, "min": 0.109258264303, "var": 0.0112467389554}, "silence_rate_20dB": {"dmean": 0, "dmean2": 0, "dvar": 0, "dvar2": 0, "max": 1, "mean": 1, "median": 1, "min": 1, "var": 0}, "silence_rate_30dB": {"dmean": 0.0134800281376, "dmean2": 0.0269627273083, "dvar": 0.0132993059233, "dvar2": 0.0389272756875, "max": 1, "mean": 0.992864251137, "median": 1, "min": 0, "var": 0.00708475569263}, "silence_rate_60dB": {"dmean": 0.00832589995116, "dmean2": 0.0166534502059, "dvar": 0.00825598090887, "dvar2": 0.0209338627756, "max": 1, "mean": 0.0364717543125, "median": 0, "min": 0, "var": 0.0351415351033}, "spectral_centroid": {"dmean": 227.965484619, "dmean2": 342.453521729, "dvar": 68344.1875, "dvar2": 139122.359375, "max": 10894.0175781, "mean": 1177.07995605, "median": 1097.34265137, "min": 132.88041687, "var": 331605}, "spectral_complexity": {"dmean": 3.42234110832, "dmean2": 4.95083284378, "dvar": 15.6369762421, "dvar2": 27.8159103394, "max": 53, "mean": 18.3035678864, "median": 18, "min": 0, "var": 76.8768386841}, "spectral_contrast_coeffs": {"dmean": [0.0503158830106, 0.045123744756, 0.0378596670926, 0.0351611115038, 0.0266122296453, 0.0235594548285], "dmean2": [0.0809454619884, 0.071998924017, 0.0600492209196, 0.0554195269942, 0.040802910924, 0.0347786508501], "dvar": [0.00226058927365, 0.00142152968328, 0.00101659446955, 0.000866912712809, 0.000558693136554, 0.000449888088042], "dvar2": [0.00547893345356, 0.00356405298226, 0.00245820335113, 0.0020161238499, 0.00118261866737, 0.000935846881475], "max": [-0.262390941381, -0.468748033047, -0.464196264744, -0.500851690769, -0.55559617281, -0.529650330544], "mean": [-0.59381967783, -0.707394897938, -0.741902589798, -0.739532828331, -0.753354012966, -0.78127682209], "median": [-0.595771193504, -0.708837747574, -0.74654006958, -0.741578042507, -0.758549809456, -0.796564817429], "min": [-0.937269032001, -0.965315163136, -0.95596152544, -0.957601726055, -0.962501168251, -0.961668848991], "var": [0.00586089352146, 0.0049659027718, 0.00433271331713, 0.00361451040953, 0.00318637886085, 0.00397725403309]}, "spectral_contrast_valleys": {"dmean": [0.393504619598, 0.388491809368, 0.354188591242, 0.341487407684, 0.353955954313, 0.568855047226], "dmean2": [0.62872171402, 0.59416270256, 0.533233344555, 0.490928709507, 0.463470876217, 0.726847231388], "dvar": [0.138807103038, 0.138971999288, 0.126280128956, 0.131529375911, 0.14950838685, 0.300653249025], "dvar2": [0.308265924454, 0.281220048666, 0.230943411589, 0.225921362638, 0.220584124327, 0.473742187023], "max": [-5.40692520142, -4.86217737198, -5.58939504623, -5.86770677567, -5.80690383911, -7.40086317062], "mean": [-7.30889558792, -7.05422115326, -7.65547323227, -7.96023893356, -8.05541801453, -10.7702932358], "median": [-7.11777591705, -6.85781526566, -7.45121097565, -7.74750518799, -7.76310157776, -10.1722240448], "min": [-27.7663955688, -26.9262619019, -27.2962875366, -27.4265766144, -27.2397155762, -27.1689224243], "var": [1.34785962105, 1.50915777683, 1.4739202261, 1.5290902853, 1.92710196972, 3.75086569786]}, "spectral_decrease": {"dmean": 2.29892771486e-09, "dmean2": 3.49366335861e-09, "dvar": 2.03684606619e-17, "dvar2": 4.85384090967e-17, "max": 1.5479055561e-29, "mean": -6.16867223968e-09, "median": -4.82896211906e-09, "min": -4.58233415657e-08, "var": 2.79809062319e-17}, "spectral_energy": {"dmean": 0.00908887479454, "dmean2": 0.0136859659106, "dvar": 0.000307489332044, "dvar2": 0.000726298254449, "max": 0.17825089395, "mean": 0.025140022859, "median": 0.0197267383337, "min": 1.01075258921e-20, "var": 0.000445678364486}, "spectral_energyband_high": {"dmean": 0.000361769314623, "dmean2": 0.000472269864986, "dvar": 4.33211994277e-07, "dvar2": 7.29816292733e-07, "max": 0.0216470900923, "mean": 0.000731316395104, "median": 0.000224360075663, "min": 7.49788495843e-21, "var": 1.78012237484e-06}, "spectral_energyband_low": {"dmean": 0.00402674125507, "dmean2": 0.00661536026746, "dvar": 8.15890816739e-05, "dvar2": 0.000217166656512, "max": 0.103332608938, "mean": 0.00740969739854, "median": 0.00524603854865, "min": 4.72215103982e-23, "var": 7.80056943768e-05}, "spectral_energyband_middle_high": {"dmean": 0.00179400993511, "dmean2": 0.00258323014714, "dvar": 6.09000835539e-06, "dvar2": 1.25249207485e-05, "max": 0.0542859584093, "mean": 0.00553122954443, "median": 0.00350115774199, "min": 1.41158159486e-21, "var": 3.22471933032e-05}, "spectral_energyband_middle_low": {"dmean": 0.00595272285864, "dmean2": 0.0091002760455, "dvar": 0.000219769965042, "dvar2": 0.000520429224707, "max": 0.161846652627, "mean": 0.0134312910959, "median": 0.0101956725121, "min": 2.80557510039e-22, "var": 0.000247935502557}, "spectral_entropy": {"dmean": 0.217991515994, "dmean2": 0.292865276337, "dvar": 0.0490048192441, "dvar2": 0.085526175797, "max": 9.80178546906, "mean": 7.3312458992, "median": 7.3952422142, "min": 3.94859838486, "var": 0.37448489666}, "spectral_flux": {"dmean": 0.0243946742266, "dmean2": 0.0369275473058, "dvar": 0.00118741195183, "dvar2": 0.00271041761152, "max": 0.362892925739, "mean": 0.0744141861796, "median": 0.0632301867008, "min": 1.00536190484e-10, "var": 0.00252826302312}, "spectral_kurtosis": {"dmean": 3.91071176529, "dmean2": 6.27198314667, "dvar": 79.0508728027, "dvar2": 183.306167603, "max": 320.66998291, "mean": 9.17091369629, "median": 5.30821371078, "min": -1.22209060192, "var": 408.067474365}, "spectral_rms": {"dmean": 0.000767829536926, "dmean2": 0.0011106202146, "dvar": 1.26696568259e-06, "dvar2": 2.74640592579e-06, "max": 0.0131872408092, "mean": 0.00460151862353, "median": 0.00438698055223, "min": 3.14022310759e-12, "var": 3.35286972586e-06}, "spectral_rolloff": {"dmean": 491.180053711, "dmean2": 805.395690918, "dvar": 987516.625, "dvar2": 2295615.75, "max": 19315.2832031, "mean": 1502.34741211, "median": 1227.39257813, "min": 86.1328125, "var": 2395165.75}, "spectral_skewness": {"dmean": 0.354494839907, "dmean2": 0.561865568161, "dvar": 0.247090056539, "dvar2": 0.588288784027, "max": 15.0168132782, "mean": 1.94889879227, "median": 1.77230668068, "min": 0.00572706758976, "var": 1.40207898617}, "spectral_spread": {"dmean": 953580.0625, "dmean2": 1271126.75, "dvar": 1085907599360.0, "dvar2": 1744757850110.0, "max": 395773