{"lowlevel": {"average_loudness": 0.929750621319, "barkbands": {"dmean": [0.000184579912457, 0.00416516372934, 0.00180823926348, 0.00085257505998, 0.000919865851756, 0.000638949510176, 0.000279764033621, 0.000148313352838, 0.000382874713978, 0.000322496518493, 0.000497589586303, 0.000400307122618, 0.000391156732803, 0.000406549312174, 0.00042612029938, 0.00032553874189, 0.000380842044251, 0.000333627773216, 0.000410559267038, 0.000508063298184, 0.000507329241373, 0.000240196997765, 0.000192568259081, 0.000153219603817, 0.000257198349573, 0.000119959709991, 1.25152191686e-05], "dmean2": [0.000240948342253, 0.00653267465532, 0.003132435726, 0.00142939703073, 0.00158100505359, 0.00107079430018, 0.000457836751593, 0.000227585667744, 0.000619827886112, 0.000505880918354, 0.000794980558567, 0.000639785721432, 0.000641825434286, 0.000672902737278, 0.000698647636455, 0.000537333835382, 0.000632893119473, 0.000562526402064, 0.000683044607285, 0.00085951841902, 0.000844262831379, 0.000403912505135, 0.000307806156343, 0.000243783069891, 0.000408070685808, 0.000196634675376, 2.06027707463e-05], "dvar": [1.0786299498e-07, 5.92746000621e-05, 2.28776589211e-05, 3.93259870179e-06, 5.84095459999e-06, 1.16707440156e-06, 2.03276741217e-07, 6.35136174765e-08, 3.70700064423e-07, 4.68093190875e-07, 1.37053950766e-06, 8.03838418051e-07, 9.20348327327e-07, 5.40882069799e-07, 6.76800709698e-07, 3.70117732018e-07, 4.93763650411e-07, 2.70441688599e-07, 4.08020611076e-07, 6.77183265907e-07, 8.34328091059e-07, 1.86949264958e-07, 1.13868424023e-07, 7.09728595893e-08, 2.19742673835e-07, 5.6525085057e-08, 1.00938635228e-09], "dvar2": [2.11989885202e-07, 0.000148991675815, 6.14427699475e-05, 9.65451181401e-06, 1.64341727213e-05, 3.17179069498e-06, 5.20719481756e-07, 1.5687527366e-07, 9.70811356638e-07, 1.1829728237e-06, 3.43685587723e-06, 1.86290742477e-06, 2.35509992308e-06, 1.41042539781e-06, 1.72195461801e-06, 8.82579627159e-07, 1.31708111439e-06, 7.16967690551e-07, 1.05793526473e-06, 1.7993917254e-06, 2.20805418394e-06, 4.83907228954e-07, 2.6600062597e-07, 1.66124578982e-07, 5.17380215115e-07, 1.46936315559e-07, 2.76620548689e-09], "max": [0.00434709060937, 0.0700377449393, 0.0386182367802, 0.0235854312778, 0.0290446691215, 0.0263730995357, 0.00680643692613, 0.00554022891447, 0.0131803127006, 0.0126288123429, 0.0302058681846, 0.0348588600755, 0.0374118834734, 0.0196619909257, 0.0181847773492, 0.0199768338352, 0.0122894216329, 0.00627076858655, 0.0081190187484, 0.00724263256416, 0.00976075883955, 0.00530362175778, 0.00695884041488, 0.00517089478672, 0.0083381542936, 0.00315640144981, 0.000399165262934], "mean": [0.00033714849269, 0.00578368641436, 0.00135650846642, 0.000807472912129, 0.0011223735055, 0.00086065242067, 0.000373988354113, 0.000210830810829, 0.000537346408237, 0.000419861724367, 0.000682648038492, 0.000496987951919, 0.000476687098853, 0.000468242709758, 0.000557255756576, 0.000430861022323, 0.000511033227667, 0.000515440304298, 0.000622472725809, 0.000761665287428, 0.000616137171164, 0.000313154479954, 0.000291908974759, 0.000225903379032, 0.000329799571773, 0.000130211075884, 1.35000227601e-05], "median": [0.000188249337953, 0.0021446174942, 0.000168724451214, 0.000178885034984, 0.000631467206404, 0.000484270887682, 0.000190535676666, 8.7498978246e-05, 0.000288031209493, 0.000129424355691, 0.000235312385485, 0.000124899801449, 0.000126557366457, 0.000136992282933, 0.000147711427417, 0.000131893961225, 0.000167053658515, 0.000243413742282, 0.000298431667034, 0.000404358666856, 0.000253612262895, 0.000114219263196, 0.000103709360701, 9.27152650547e-05, 9.91971610347e-05, 3.33832358592e-05, 3.35584718414e-06], "min": [2.48139722959e-25, 2.85993691743e-24, 1.14513277534e-24, 8.87244186054e-25, 5.16927337771e-24, 6.80795796448e-24, 9.48179805842e-24, 4.63028140321e-24, 9.61735512751e-24, 1.19343721348e-23, 5.9790103035e-24, 2.18264954042e-23, 2.68716348131e-23, 3.10628086264e-23, 3.07788502549e-23, 5.10583626027e-23, 5.75195026034e-23, 8.98670280119e-23, 9.49945102999e-23, 1.69588799912e-22, 2.35156861004e-22, 3.02098183783e-22, 3.60645698363e-22, 5.77527769772e-22, 8.91934455596e-22, 1.30550254755e-21, 1.95900703834e-21], "var": [2.01663539201e-07, 8.38491614559e-05, 1.60739746207e-05, 3.67207417185e-06, 4.222669304e-06, 1.46555260017e-06, 2.63677321755e-07, 1.05160026465e-07, 5.64982030937e-07, 7.02672082298e-07, 2.10496159525e-06, 1.54800943619e-06, 1.41957218602e-06, 7.37199343348e-07, 1.21422976918e-06, 6.52801475098e-07, 8.13899134755e-07, 4.67934540893e-07, 6.71846976275e-07, 9.09374364255e-07, 8.54724589772e-07, 2.23861903237e-07, 2.3190814602e-07, 1.44999447116e-07, 4.22127129696e-07, 6.34356709384e-08, 8.59094628769e-10]}, "barkbands_crest": {"dmean": 3.07838392258, "dmean2": 4.50111341476, "dvar": 8.23701190948, "dvar2": 17.8326034546, "max": 25.5349998474, "mean": 9.33639144897, "median": 7.84025669098, "min": 2.01009130478, "var": 26.4984493256}, "barkbands_flatness_db": {"dmean": 0.0253475960344, "dmean2": 0.0377664119005, "dvar": 0.000746134668589, "dvar2": 0.0016247293679, "max": 0.460868060589, "mean": 0.0887446030974, "median": 0.0776973366737, "min": 0.0144599946216, "var": 0.00265727005899}, "barkbands_kurtosis": {"dmean": 2.65660095215, "dmean2": 4.11980009079, "dvar": 77.4136962891, "dvar2": 169.557632446, "max": 395.683013916, "mean": 2.08040547371, "median": -0.410582959652, "min": -1.94520783424, "var": 103.957542419}, "barkbands_skewness": {"dmean": 0.65303850174, "dmean2": 0.979699850082, "dvar": 0.557337462902, "dvar2": 1.28961074352, "max": 13.7085103989, "mean": 0.881081283092, "median": 0.648207724094, "min": -2.920337677, "var": 1.89454448223}, "barkbands_spread": {"dmean": 10.7671518326, "dmean2": 17.1215648651, "dvar": 121.466491699, "dvar2": 301.542388916, "max": 122.535346985, "mean": 40.5069465637, "median": 39.7329711914, "min": 0.345179080963, "var": 374.585540771}, "dissonance": {"dmean": 0.0105473008007, "dmean2": 0.0178513359278, "dvar": 0.000141995478771, "dvar2": 0.000371242058463, "max": 0.500000178814, "mean": 0.484242200851, "median": 0.488533258438, "min": 0.182660371065, "var": 0.000237965025008}, "dynamic_complexity": 4.16038036346, "erbbands": {"dmean": [0.140173614025, 0.920828342438, 2.15673732758, 2.3498339653, 3.58748292923, 2.68948721886, 3.00047922134, 6.06675386429, 4.63648033142, 3.3653459549, 3.58383107185, 7.82368135452, 11.2330827713, 11.5608205795, 19.0269775391, 16.3874053955, 17.6838359833, 20.5463943481, 20.3783912659, 22.1532688141, 16.8607997894, 19.5480117798, 15.9527435303, 23.8720169067, 18.451877594, 23.1384410858, 24.7462081909, 15.4202337265, 9.35745620728, 6.75106620789, 5.18007087708, 3.20039319992, 2.82728123665, 3.17738866806, 1.66969180107, 0.709925532341, 0.177764415741, 0.0276326648891, 0.00198938185349, 7.44653953006e-05], "dmean2": [0.186452254653, 1.52241694927, 3.73279047012, 3.99595141411, 6.27442884445, 4.44635009766, 4.93362665176, 10.1756715775, 7.66424751282, 5.3846783638, 5.44504547119, 12.5450763702, 17.8930149078, 18.0434055328, 30.06407547, 26.111448288, 28.7218570709, 34.1409721375, 33.7913131714, 36.0261955261, 27.5693836212, 32.4788169861, 26.5380535126, 40.5785942078, 30.191078186, 38.8674201965, 41.2938041687, 25.6307125092, 15.7107820511, 10.9061183929, 8.36292171478, 5.17817878723, 4.47716379166, 5.05292367935, 2.70310759544, 1.16380941868, 0.291322380304, 0.0444629043341, 0.00325338542461, 0.000118684838526], "dvar": [0.0657472759485, 3.34526872635, 30.8953037262, 29.71002388, 112.688034058, 34.3786125183, 28.7753944397, 99.4886856079, 58.3845252991, 31.6235923767, 37.3512115479, 179.693130493, 437.808380127, 610.116149902, 2144.41699219, 1313.65100098, 1951.28479004, 1446.32580566, 1950.57629395, 2013.17297363, 815.611999512, 1234.52075195, 654.48248291, 1504.65393066, 823.328613281, 1391.75756836, 1826.78186035, 824.930786133, 304.83682251, 134.262405396, 83.3322143555, 32.552520752, 24.6559715271, 34.5046234131, 9.65656280518, 1.9214887619, 0.136913567781, 0.0038901977241, 2.52553818427e-05, 3.07666034871e-08], "dvar2": [0.14256708324, 8.64601230621, 82.745765686, 76.4446029663, 311.931640625, 94.4481430054, 78.7148132324, 267.109893799, 152.732315063, 80.3643798828, 92.4122543335, 462.608886719, 1079.20031738, 1613.48010254, 5260.58349609, 3105.47631836, 4865.09960938, 3779.89111328, 5192.63769531, 4665.60107422, 2007.98852539, 3387.20898438, 1701.79650879, 3995.35009766, 2089.015625, 3696.13623047, 4806.67822266, 2207.38574219, 794.901123047, 322.88885498, 197.949325562, 79.8230209351, 56.691493988, 81.9981765747, 22.8678455353, 4.88522481918, 0.365524858236, 0.0103366831318, 6.91590321367e-05, 8.44361238705e-08], "max": [3.08054924011, 13.2219552994, 42.6818771362, 54.6953048706, 137.867492676, 70.7020111084, 137.57723999, 198.846969604, 113.991958618, 97.857711792, 117.69291687, 362.250213623, 528.982849121, 572.948791504, 1826.39697266, 1219.51000977, 1547.36291504, 1141.16088867, 903.250183105, 1434.99731445, 919.142822266, 781.465881348, 408.068450928, 542.105224609, 363.416381836, 340.873809814, 499.00692749, 322.214324951, 186.734375, 208.28036499, 169.246231079, 106.892280579, 99.3697357178, 107.8045578, 53.4184837341, 20.2501354218, 4.81878042221, 0.755177617073, 0.0697785317898, 0.00302955182269], "mean": [0.214857175946, 1.09784841537, 1.7355890274, 2.12941193581, 3.45038843155, 3.62015724182, 4.57051181793, 7.76144647598, 5.95237445831, 5.06736326218, 5.49194717407, 11.3757667542, 15.2259588242, 16.8208179474, 26.5405311584, 21.726354599, 22.4533615112, 24.6275863647, 24.9487247467, 31.1574707031, 23.7744979858, 26.8963069916, 25.3293743134, 35.6697387695, 30.6445941925, 35.0557060242, 32.3271713257, 18.2516078949, 11.6389513016, 9.61533737183, 7.95702695847, 4.71244812012, 4.09570741653, 4.15946912766, 2.022564888, 0.802822768688, 0.182990416884, 0.0301389973611, 0.00214704219252, 9.86735176411e-05], "median": [0.102877728641, 0.262751698494, 0.266720741987, 0.490411400795, 1.2639875412, 2.08349180222, 2.91267752647, 4.10146141052, 2.94879388809, 2.6510925293, 2.67763900757, 6.12543725967, 6.33923244476, 6.15314674377, 10.1148462296, 6.18383216858, 6.49863815308, 7.34659862518, 6.55378913879, 8.95355224609, 7.81293725967, 9.43790817261, 12.0643205643, 15.8457612991, 16.7971191406, 18.2834281921, 14.1195802689, 6.8644618988, 4.10201740265, 3.48658657074, 2.85351920128, 1.9882645607, 1.55125451088, 1.28701210022, 0.571139335632, 0.218293130398, 0.044288598001, 0.00707213161513, 0.000561461085454, 4.78184374515e-05], "min": [1.25195418968e-22, 4.78746581977e-22, 1.71737780711e-21, 2.92839183236e-21, 8.02828302228e-21, 1.38750193506e-20, 3.39323155136e-20, 2.8589720727e-20, 5.83925987576e-20, 2.16007528244e-19, 2.60798156417e-19, 2.65150470607e-19, 4.28120302423e-19, 6.40654382952e-19, 8.11314409525e-19, 1.01633665612e-18, 1.55136534812e-18, 1.72044106533e-18, 2.28047573744e-18, 2.43413322162e-18, 4.41514269395e-18, 3.86946322438e-18, 4.69360146664e-18, 4.82587095531e-18, 5.18187749683e-18, 7.76969260446e-18, 9.53244592267e-18, 8.66222875721e-18, 1.00382825837e-17, 9.65724927913e-18, 1.01876556859e-17, 1.1515953894e-17, 8.8999844535e-18, 7.9519163575e-18, 6.06383400955e-18, 4.1158658532e-18, 2.31424435198e-18, 9.10499310331e-19, 2.63329277392e-19, 2.53880260777e-20], "var": [0.104505442083, 3.99128222466, 22.9394664764, 24.3901424408, 77.9016265869, 31.5029392242, 36.6572608948, 124.564231873, 71.7603378296, 49.2558059692, 63.0442962646, 277.335449219, 687.452697754, 983.661315918, 3187.45263672, 2644.84716797, 3108.43603516, 2109.57910156, 2660.56713867, 3881.37109375, 1510.76013184, 2022.86315918, 1143.82226562, 2444.84399414, 1395.57873535, 1876.04333496, 2160.88720703, 786.625976562, 327.003387451, 231.850646973, 168.76234436, 59.904914856, 52.8634414673, 66.7941360474, 16.8760509491, 2.42156672478, 0.133903279901, 0.0038517578505, 2.17041542783e-05, 2.64265587191e-08]}, "erbbands_crest": {"dmean": 2.00252604485, "dmean2": 3.28808712959, "dvar": 4.37703275681, "dvar2": 10.90629673, "max": 29.5304317474, "mean": 6.47243595123, "median": 5.60613775253, "min": 2.00684642792, "var": 9.21423721313}, "erbbands_flatness_db": {"dmean": 0.0161388199776, "dmean2": 0.0235978085548, "dvar": 0.000233965882217, "dvar2": 0.000488295394462, "max": 0.321026533842, "mean": 0.12237367779, "median": 0.114764526486, "min": 0.026385396719, "var": 0.00139332655817}, "erbbands_kurtosis": {"dmean": 0.862467110157, "dmean2": 1.34196162224, "dvar": 2.21057343483, "dvar2": 4.88391780853, "max": 52.7878456116, "mean": 0.2773180902, "median": -0.170114472508, "min": -1.90374398232, "var": 4.41705513}, "erbbands_skewness": {"dmean": 0.372206866741, "dmean2": 0.572063982487, "dvar": 0.134835883975, "dvar2": 0.300983220339, "max": 5.98089790344, "mean": -0.336858898401, "median": -0.364203929901, "min": -5.67939090729, "var": 0.532250106335}, "erbbands_spread": {"dmean": 9.30312824249, "dmean2": 14.4003953934, "dvar": 97.4640426636, "dvar2": 221.853439331, "max": 182.932907104, "mean": 43.2551422119, "median": 40.29945755, "min": 3.43015837669, "var": 346.753692627}, "gfcc": {"cov": [[35046.2695312, 137.83001709, -2495.66625977, 739.5390625, -1315.1048584, 712.490905762, -805.534667969, 367.419067383, -697.423522949, 292.577331543, -463.855682373, 50.2168388367, -238.768234253], [137.83001709, 1152.34924316, 72.3400497437, 139.695571899, 197.436721802, 10.0334215164, 133.867004395, -0.674957573414, 56.3129806519, -10.5718431473, 84.6935806274, 0.734691441059, 48.738861084], [-2495.66625977, 72.3400497437, 1146.5703125, 84.0813293457, 129.601470947, 143.180053711, -12.3395652771, 10.4709739685, 79.1954040527, -1.09571051598, 4.98667812347, 23.1106910706, -2.72336125374], [739.5390625, 139.695571899, 84.0813293457, 404.57913208, -25.7621021271, 38.9427223206, -19.4959774017, 23.223274231, 1.82387399673, -30.8664531708, -14.6101541519, -1.59848248959, 3.09400939941], [-1315.1048584, 197.436721802, 129.601470947, -25.7621021271, 301.570281982, 30.254327774, 96.1770782471, 6.41326856613, 34.2457008362, 7.41213226318, 34.7883605957, -0.370673030615, 20.4022579193], [712.490905762, 10.0334215164, 143.180053711, 38.9427223206, 30.254327774, 254.741744995, 17.5354576111, 9.46960830688, -8.52624034882, 20.5801258087, -10.850684166, 4.15660715103, -15.6658878326], [-805.534667969, 133.867004395, -12.3395652771, -19.4959774017, 96.1770782471, 17.5354576111, 175.320846558, 16.5777778625, 37.7466087341, 1.12213015556, 21.6005382538, 0.518355250359, 1.75090241432], [367.419067383, -0.674957573414, 10.4709739685, 23.223274231, 6.41326856613, 9.46960830688, 16.5777778625, 132.867095947, 38.4426078796, 28.8234825134, 24.3824691772, 25.1564903259, 27.1741275787], [-697.423522949, 56.3129806519, 79.1954040527, 1.82387399673, 34.2457008362, -8.52624034882, 37.7466087341, 38.4426078796, 110.692420959, 30.4618492126, 39.3819046021, 17.2323799133, 20.2776012421], [292.577331543, -10.5718431473, -1.09571051598, -30.8664531708, 7.41213226318, 20.5801258087, 1.12213015556, 28.8234825134, 30.4618492126, 94.1318130493, 41.6692008972, 30.8552951813, 8.32953166962], [-463.855682373, 84.6935806274, 4.98667812347, -14.6101541519, 34.7883605957, -10.850684166, 21.6005382538, 24.3824691772, 39.3819046021, 41.6692008972, 115.541053772, 43.8476028442, 45.3442649841], [50.2168388367, 0.734691441059, 23.1106910706, -1.59848248959, -0.370673030615, 4.15660715103, 0.518355250359, 25.1564903259, 17.2323799133, 30.8552951813, 43.8476028442, 80.5374603271, 43.4777450562], [-238.768234253, 48.738861084, -2.72336125374, 3.09400939941, 20.4022579193, -15.6658878326, 1.75090241432, 27.1741275787, 20.2776012421, 8.32953166962, 45.3442649841, 43.4777450562, 82.1866607666]], "icov": [[9.18063669815e-05, -0.000151831351104, 0.000212953062146, -9.73672358668e-05, 0.00023196930124, -0.000311994663207, 0.000350392598193, -0.000383920123568, 0.000392252462916, -0.00040777187678, 0.000392601330532, -0.000249619974056, 0.000229889599723], [-0.000151831351104, 0.00141311518382, -0.000345414067851, -0.000331978953909, -0.000885968271177, 0.000544071081094, -0.00116125692148, 0.000960122444667, -0.000762591487728, 0.000824795861263, -0.00138745945878, 0.000918023637496, -0.000862727640197], [0.000212953062146, -0.000345414067851, 0.00161972059868, -0.00036631085095, -4.45681907877e-05, -0.00135392905213, 0.00146485783625, -0.000763304298744, -0.000228155244258, -0.000353729614289, 0.00103284907527, -0.0012459885329, 0.00104656757321], [-9.73672358668e-05, -0.000331978953909, -0.00036631085095, 0.00302792713046, 0.000226354517508, -0.000164434793987, 0.000187872312381, -0.000383097562008, -0.000638036231976, 0.00166130356956, -0.000116880255518, -1.78286372829e-05, -0.000114030204713], [0.00023196930124, -0.000885968271177, -4.45681907877e-05, 0.000226354517508, 0.00538793765008, -0.00103021517862, -0.00131318287458, -0.0007839507889, 0.00118410692085, -0.00144332950003, 0.000483852403704, 0.000702725257725, -0.000841962173581], [-0.000311994663207, 0.000544071081094, -0.00135392905213, -0.000164434793987, -0.00103021517862, 0.00578298931941, -0.00201337924227, 0.000986297032796, 0.000116373492347, -0.000413962610764, -0.000637839024421, 0.000510153768118, -9.76083465503e-05], [0.000350392598193, -0.00116125692148, 0.00146485783625, 0.000187872312381, -0.00131318287458, -0.00201337924227, 0.00956330168992, -0.00226545194164, -0.00114155211486, 0.000276325998129, 0.000951161899138, -0.00184839928988, 0.002942297142], [-0.000383920123568, 0.000960122444667, -0.000763304298744, -0.000383097562008, -0.0007839507889, 0.000986297032796, -0.00226545194164, 0.0110552739352, -0.00402467418462, -0.000385898951208, -0.00112993258517, 0.000469524733489, -0.00351291475818], [0.000392252462916, -0.000762591487728, -0.000228155244258, -0.000638036231976, 0.00118410692085, 0.000116373492347, -0.00114155211486, -0.00402467418462, 0.0151046290994, -0.00512868585065, -0.000466985395178, 0.000287632428808, -0.000409898610087], [-0.00040777187678, 0.000824795861263, -0.000353729614289, 0.00166130356956, -0.00144332950003, -0.000413962610764, 0.000276325998129, -0.000385898951208, -0.00512868585065, 0.0182824488729, -0.00639498140663, -0.00387868238613, 0.00364565267228], [0.000392601330532, -0.00138745945878, 0.00103284907527, -0.000116880255518, 0.000483852403704, -0.000637839024421, 0.000951161899138, -0.00112993258517, -0.000466985395178, -0.00639498140663, 0.0168145559728, -0.00461691990495, -0.00395757565275], [-0.000249619974056, 0.000918023637496, -0.0012459885329, -1.78286372829e-05, 0.000702725257725, 0.000510153768118, -0.00184839928988, 0.000469524733489, 0.000287632428808, -0.00387868238613, -0.00461691990495, 0.0223452206701, -0.010454791598], [0.000229889599723, -0.000862727640197, 0.00104656757321, -0.000114030204713, -0.000841962173581, -9.76083465503e-05, 0.002942297142, -0.00351291475818, -0.000409898610087, 0.00364565267228, -0.00395757565275, -0.010454791598, 0.0221209675074]], "mean": [-19.2616691589, 43.9312477112, -110.124214172, 40.0945167542, -52.0089416504, 15.9468259811, -30.6121349335, 15.7599859238, -28.8211250305, 10.3531827927, -11.6576633453, 7.18975830078, -3.44527816772]}, "hfc": {"dmean": 16.465845108, "dmean2": 25.3726844788, "dvar": 654.679931641, "dvar2": 1686.10583496, "max": 248.766296387, "mean": 28.9101753235, "median": 18.6679439545, "min": 1.09923588233e-16, "var": 960.852478027}, "melbands": {"dmean": [0.0011580507271, 0.00111612596083, 0.000447289290605, 0.000232200021856, 0.000101061174064, 0.000131595486891, 6.56151241856e-05, 3.44490763382e-05, 3.30116963596e-05, 5.31107798452e-05, 5.64101246709e-05, 4.51681262348e-05, 7.14134730515e-05, 4.8748755944e-05, 4.14356691181e-05, 3.70307898265e-05, 3.94800845243e-05, 3.34518881573e-05, 3.02097159874e-05, 2.61740497081e-05, 2.08693909372e-05, 2.14220526686e-05, 1.86461002158e-05, 1.5999923562e-05, 2.11796832446e-05, 1.43043935168e-05, 1.53551318363e-05, 1.61079733516e-05, 1.68189671967e-05, 1.32590275825e-05, 7.51175093683e-06, 5.60576063435e-06, 4.26066617365e-06, 3.75603849534e-06, 3.1172025956e-06, 2.6483480724e-06, 1.72798729636e-06, 1.83687984645e-06, 2.42550208895e-06, 2.8978008686e-06], "dmean2": [0.00166525458917, 0.00192844495177, 0.000747222686186, 0.000397275871364, 0.000165180186741, 0.000220436559175, 0.000107729982119, 5.45455623069e-05, 5.08687189722e-05, 8.62229353515e-05, 8.99943261174e-05, 7.10825697752e-05, 0.00011404731049, 7.81019116403e-05, 6.71319066896e-05, 6.08953923802e-05, 6.57908676658e-05, 5.60078988201e-05, 4.91061327921e-05, 4.26548867836e-05, 3.41135637427e-05, 3.56942364306e-05, 3.13190357701e-05, 2.66639690381e-05, 3.63051149179e-05, 2.36270971072e-05, 2.57763913396e-05, 2.72117904387e-05, 2.82849268842e-05, 2.22594826482e-05, 1.26260129036e-05, 9.41722191783e-06, 7.2625566645e-06, 5.97978942096e-06, 4.96764550917e-06, 4.47056936537e-06, 2.79088703792e-06, 2.96055691251e-06, 3.75893955606e-06, 4.69455198981e-06], "dvar": [4.4019334382e-06, 6.54580026094e-06, 1.06346055873e-06, 4.0650584765e-07, 2.88726216269e-08, 4.65119782689e-08, 1.12771880723e-08, 3.33993277479e-09, 3.401377624e-09, 7.37658734096e-09, 1.1180339321e-08, 9.93470372634e-09, 2.95822371044e-08, 1.44146117265e-08, 9.69394609029e-09, 6.46803277604e-09, 5.85526116481e-09, 5.82363046675e-09, 3.28838711816e-09, 2.83289880443e-09, 1.42033396155e-09, 1.68868274919e-09, 1.10428266531e-09, 6.08659844747e-10, 1.26391042077e-09, 5.06744812778e-10, 6.11140471563e-10, 6.75343836409e-10, 7.76782138612e-10, 6.82210066216e-10, 1.87794182982e-10, 1.15385007105e-10, 5.82507653224e-11, 4.35252146824e-11, 3.08734739163e-11, 2.35499484497e-11, 9.6988771181e-12, 9.88128849577e-12, 2.09776467031e-11, 2.95304544706e-11], "dvar2": [1.01088999145e-05, 1.77269339474e-05, 2.72003467217e-06, 1.13501710075e-06, 7.77338797775e-08, 1.25118660321e-07, 2.92814466007e-08, 8.51273629365e-09, 8.74620376123e-09, 1.90424565005e-08, 2.75249583126e-08, 2.62095625203e-08, 7.37449852295e-08, 3.45497888077e-08, 2.41730155892e-08, 1.65173776878e-08, 1.53350008247e-08, 1.56612269819e-08, 8.07780775602e-09, 6.57386367564e-09, 3.52222384592e-09, 4.51637749421e-09, 2.98970403989e-09, 1.5748711224e-09, 3.37507510828e-09, 1.29221289225e-09, 1.61241575647e-09, 1.79728010252e-09, 2.04600358877e-09, 1.83012915933e-09, 4.9782344913e-10, 3.04032854448e-10, 1.51619328204e-10, 1.00631142308e-10, 7.21131696024e-11, 5.96299953859e-11, 2.34118783388e-11, 2.30425019343e-11, 4.87660467563e-11, 7.14033346338e-11], "max": [0.0218397174031, 0.0181583687663, 0.0107407011092, 0.00771594746038, 0.00393511960283, 0.00454829633236, 0.00158444885164, 0.00100183859468, 0.00114270206541, 0.00197038101032, 0.0025911598932, 0.00236234278418, 0.00473826471716, 0.00493511464447, 0.00440547242761, 0.00212249485776, 0.00254413695075, 0.00180302374065, 0.00162557465956, 0.00180091534276, 0.00121927354485, 0.00100441346876, 0.000672024732921, 0.00034064380452, 0.000511841150001, 0.000371095607989, 0.000227031370741, 0.000265904411208, 0.000431633554399, 0.000321231957059, 0.000142553210026, 0.000125102014863, 0.000100636978459, 0.000131750741275, 0.000100618883152, 8.19034976303e-05, 6.76079507684e-05, 6.28651105217e-05, 0.000113034111564, 0.000108652944618], "mean": [0.00174300163053, 0.00109413207974, 0.000418876152253, 0.000261186767602, 0.000162218813784, 0.000172086729435, 8.67413400556e-05, 5.20532230439e-05, 4.92838553328e-05, 7.5244679465e-05, 7.47699668864e-05, 6.2825907662e-05, 9.81505581876e-05, 6.11394425505e-05, 5.19414825249e-05, 4.46114499937e-05, 4.57820096926e-05, 3.84543491236e-05, 4.06675171689e-05, 3.56156779162e-05, 2.72961551673e-05, 2.80745680357e-05, 2.49228505709e-05, 2.47234165727e-05, 2.97054266412e-05, 2.21773098019e-05, 2.28739845625e-05, 2.32107486227e-05, 2.21031859837e-05, 1.50731675603e-05, 8.84231849341e-06, 6.78508877172e-06, 5.46862429474e-06, 5.36116021976e-06, 4.82884343e-06, 3.69462645722e-06, 2.52886843555e-06, 2.57739066001e-06, 3.45452781403e-06, 3.5810769532e-06], "median": [0.00075726211071, 0.000241079527768, 0.000109521963168, 0.000130530897877, 0.000107393687358, 9.20276070246e-05, 4.39627547166e-05, 2.69619704341e-05, 2.34442486544e-05, 4.04760430683e-05, 2.95223690046e-05, 2.07224948099e-05, 3.53087707481e-05, 1.52437560246e-05, 1.4520226614e-05, 1.28434585349e-05, 1.291485205e-05, 9.25547919906e-06, 1.10211285573e-05, 1.04692880996e-05, 8.1359385149e-06, 8.87978148967e-06, 1.02622634586e-05, 1.16791961773e-05, 1.20879358292e-05, 1.11798944999e-05, 1.23671143228e-05, 1.11593035399e-05, 8.93308879313e-06, 5.69685562368e-06, 3.01085924548e-06, 2.21438631343e-06, 2.06504955713e-06, 1.82021221917e-06, 1.61135494636e-06, 1.42844692164e-06, 1.07565506369e-06, 9.65560502664e-07, 1.18264358662e-06, 1.02772446553e-06], "min": [1.53169128358e-24, 9.71978989935e-25, 6.09694372693e-25, 6.74945791329e-25, 1.0862214318e-24, 6.51111640977e-25, 1.09525063511e-24, 2.01044514911e-24, 2.33899210829e-24, 1.52840656538e-24, 1.74249552645e-24, 2.29593154413e-24, 1.62989716932e-24, 2.1858199724e-24, 3.41246239241e-24, 2.55772213528e-24, 2.96977258507e-24, 3.06844527924e-24, 3.17739407e-24, 2.73376315159e-24, 4.06029626703e-24, 3.03127987263e-24, 3.07946645495e-24, 3.97657879789e-24, 3.01439548825e-24, 2.76330973958e-24, 4.65485520926e-24, 4.51856173852e-24, 5.38730230457e-24, 4.16545300341e-24, 4.20899339222e-24, 5.29265358987e-24, 5.22385979134e-24, 4.75397360985e-24, 5.73565854715e-24, 6.18947365985e-24, 6.39384188241e-24, 6.3269523941e-24, 4.45140640409e-24, 6.19737844055e-24], "var": [6.96777715348e-06, 5.79685274715e-06, 9.02934971236e-07, 2.89569754841e-07, 3.98211135177e-08, 5.89569850717e-08, 1.45324987599e-08, 5.24306198457e-09, 5.45243539207e-09, 1.12984697154e-08, 1.75239751599e-08, 1.5485507987e-08, 4.45849615005e-08, 2.53927652238e-08, 1.51072399035e-08, 1.02843076277e-08, 8.33781310661e-09, 7.01985047868e-09, 6.39039443584e-09, 5.31084687339e-09, 2.34426078549e-09, 2.80313083856e-09, 1.64459013074e-09, 1.12108000661e-09, 1.90482563056e-09, 8.67527993886e-10, 8.16287759609e-10, 9.05184982525e-10, 1.05327335742e-09, 6.29701291111e-10, 1.86052298567e-10, 1.18705559271e-10, 7.19208026467e-11, 8.08416597553e-11, 6.41473818508e-11, 3.83345785671e-11, 1.8396301843e-11, 2.04807074078e-11, 4.39330863355e-11, 5.20741436083e-11]}, "melbands_crest": {"dmean": 4.35628700256, "dmean2": 6.60729646683, "dvar": 16.5523452759, "dvar2": 36.8698616028, "max": 35.6133117676, "mean": 15.4190769196, "median": 14.5463981628, "min": 1.5169826746, "var": 57.9101867676}, "melbands_flatness_db": {"dmean": 0.0368191674352, "dmean2": 0.0547947250307, "dvar": 0.00157118937932, "dvar2": 0.00364417303354, "max": 0.61112177372, "mean": 0.140738338232, "median": 0.127051129937, "min": 0.00279495608993, "var": 0.00595032563433}, "melbands_kurtosis": {"dmean": 7.55691766739, "dmean2": 11.8686161041, "dvar": 253.413162231, "dvar2": 637.543640137, "max": 477.735290527, "mean": 10.6045589447, "median": 4.1530380249, "min": -1.82210361958, "var": 374.342315674}, "melbands_skewness": {"dmean": 0.897693097591, "dmean2": 1.35435068607, "dvar": 0.987831234932, "dvar2": 2.41527509689, "max": 18.9511852264, "mean": 2.39236593246, "median": 2.09908008575, "min": -1.40818607807, "var": 3.20653653145}, "melbands_spread": {"dmean": 16.6929759979, "dmean2": 26.9026088715, "dvar": 326.325500488, "dvar2": 805.461181641, "max": 247.976577759, "mean": 47.4763145447, "median": 44.1191711426, "min": 0.344705969095, "var": 913.321350098}, "mfcc": {"cov": [[15390.9716797, 142.507751465, -464.471405029, 36.2094955444, -125.187904358, 118.459144592, 119.325233459, -32.8159065247, 75.6473770142, 30.7319145203, -19.3840179443, -80.5134887695, 20.8744525909], [142.507751465, 1132.58508301, 19.213142395, 153.129669189, 108.489990234, 74.3002166748, 127.752990723, 47.5204353333, 28.5856647491, 60.1506958008, 27.7190704346, 22.3566379547, 34.4877738953], [-464.471405029, 19.213142395, 856.25982666, 70.0451202393, 171.007064819, 103.976470947, -21.7547950745, 58.4368743896, 11.4234199524, 6.51981163025, 39.8188591003, -7.524766922, -26.8705978394], [36.2094955444, 153.129669189, 70.0451202393, 340.032562256, 50.6863365173, -9.16746711731, 13.7535648346, 39.1279411316, 18.8448886871, -6.0408577919, -3.52865576744, 20.7030315399, -8.09987163544], [-125.187904358, 108.489990234, 171.007064819, 50.6863365173, 224.861404419, 51.3882789612, 38.0705070496, 24.6737976074, 8.91830348969, 30.4633808136, -9.71577072144, 5.96938180923, 13.9514656067], [118.459144592, 74.3002166748, 103.976470947, -9.16746711731, 51.3882789612, 208.502532959, 55.820148468, 27.921043396, 11.3543729782, 1.72541308403, 36.6090049744, -27.6339263916, -12.7700147629], [119.325233459, 127.752990723, -21.7547950745, 13.7535648346, 38.0705070496, 55.820148468, 127.393882751, 39.3148880005, 9.45130729675, 22.8795433044, 7.8999581337, 2.04847955704, 6.65914154053], [-32.8159065247, 47.5204353333, 58.4368743896, 39.1279411316, 24.6737976074, 27.921043396, 39.3148880005, 94.228843689, 38.9961776733, 16.2824802399, 6.44092082977, 3.39430618286, 7.99395561218], [75.6473770142, 28.5856647491, 11.4234199524, 18.8448886871, 8.91830348969, 11.3543729782, 9.45130729675, 38.9961776733, 84.1156845093, 17.224521637, 12.0046157837, 3.11913585663, 2.8361287117], [30.7319145203, 60.1506958008, 6.51981163025, -6.0408577919, 30.4633808136, 1.72541308403, 22.8795433044, 16.2824802399, 17.224521637, 84.3281936646, 19.7340164185, 6.37582778931, 19.4031391144], [-19.3840179443, 27.7190704346, 39.8188591003, -3.52865576744, -9.71577072144, 36.6090049744, 7.8999581337, 6.44092082977, 12.0046157837, 19.7340164185, 74.445350647, 21.404466629, -0.88033169508], [-80.5134887695, 22.3566379547, -7.524766922, 20.7030315399, 5.96938180923, -27.6339263916, 2.04847955704, 3.39430618286, 3.11913585663, 6.37582778931, 21.404466629, 70.6511535645, 29.641166687], [20.8744525909, 34.4877738953, -26.8705978394, -8.09987163544, 13.9514656067, -12.7700147629, 6.65914154053, 7.99395561218, 2.8361287117, 19.4031391144, -0.88033169508, 29.641166687, 67.8267288208]], "icov": [[6.84490878484e-05, 8.61801083829e-07, 2.77320687019e-05, -3.18499696732e-05, 4.66390156362e-05, -5.30243341927e-05, -6.44339961582e-05, 9.26979992073e-05, -9.17845900403e-05, -2.54378828686e-05, 2.75219026662e-05, 8.82875028765e-05, -6.56075208099e-05], [8.61801083829e-07, 0.0011107014725, 4.15553658968e-05, -0.000490330217872, -0.000233301791013, -0.000137980401632, -0.000891021511052, 0.000261369161308, -0.00012705429981, -0.000365820131265, -0.000262743415078, 8.79962899489e-05, -0.000460332696093], [2.77320687019e-05, 4.15553658968e-05, 0.00170291215181, -0.000114635848149, -0.00137459859252, -0.00046926504001, 0.00118847796693, -0.0012478075223, 0.000486587028718, 0.000228857708862, -0.00107842520811, 0.000194464053493, 0.000671260640956], [-3.18499696732e-05, -0.000490330217872, -0.000114635848149, 0.00360163208097, -0.000645197287668, 0.000501461385284, 0.000338671088684, -0.00147192087024, -0.000161162010045, 0.000757082423661, 0.000418846932007, -0.00142503844108, 0.00142952241004], [4.66390156362e-05, -0.000233301791013, -0.00137459859252, -0.000645197287668, 0.00688767479733, -0.00165845581796, -0.00126990734134, 0.000925631204154, -0.000345746462699, -0.00261179031804, 0.0037958023604, -0.0016799676232, -0.000685705395881], [-5.30243341927e-05, -0.000137980401632, -0.00046926504001, 0.000501461385284, -0.00165845581796, 0.00798890925944, -0.00288734422065, -0.000746455858462, -9.57212250796e-05, 0.00270123430528, -0.00560481008142, 0.0049823471345, -0.000841689354274], [-6.44339961582e-05, -0.000891021511052, 0.00118847796693, 0.000338671088684, -0.00126990734134, -0.00288734422065, 0.0122615899891, -0.00490591907874, 0.00186032440979, -0.00200382596813, 0.00077138224151, -0.0015734868357, 0.00126923120115], [9.26979992073e-05, 0.000261369161308, -0.0012478075223, -0.00147192087024, 0.000925631204154, -0.000746455858462, -0.00490591907874, 0.0170501675457, -0.00696167116985, -0.000909189868253, 0.00134372303728, 0.000179664901225, -0.00220021279529], [-9.17845900403e-05, -0.00012705429981, 0.000486587028718, -0.000161162010045, -0.000345746462699, -9.57212250796e-05, 0.00186032440979, -0.00696167116985, 0.0156810190529, -0.00191944814287, -0.00184800790157, 1.10248834062e-06, 0.000826253846753], [-2.54378828686e-05, -0.000365820131265, 0.000228857708862, 0.000757082423661, -0.00261179031804, 0.00270123430528, -0.00200382596813, -0.000909189868253, -0.00191944814287, 0.0164792556316, -0.00654149800539, 0.00380075606517, -0.00465522939339], [2.75219026662e-05, -0.000262743415078, -0.00107842520811, 0.000418846932007, 0.0037958023604, -0.00560481008142, 0.00077138224151, 0.00134372303728, -0.00184800790157, -0.00654149800539, 0.0223703999072, -0.0107676265761, 0.00462233508006], [8.82875028765e-05, 8.79962899489e-05, 0.000194464053493, -0.00142503844108, -0.0016799676232, 0.0049823471345, -0.0015734868357, 0.000179664901225, 1.10248834062e-06, 0.00380075606517, -0.0107676265761, 0.0241246689111, -0.010518017225], [-6.56075208099e-05, -0.000460332696093, 0.000671260640956, 0.00142952241004, -0.000685705395881, -0.000841689354274, 0.00126923120115, -0.00220021279529, 0.000826253846753, -0.00465522939339, 0.00462233508006, -0.010518017225, 0.0215053018183]], "mean": [-650.246948242, 77.0754089355, -0.34766253829, 27.6097259521, 3.71535277367, 4.51858234406, 11.0734462738, 2.53838157654, 1.9034537077, 2.25251126289, -1.68211984634, -0.495798557997, 2.55131936073]}, "pitch_salience": {"dmean": 0.0908646732569, "dmean2": 0.137800902128, "dvar": 0.00744044221938, "dvar2": 0.0168572645634, "max": 0.85316324234, "mean": 0.55819940567, "median": 0.575394153595, "min": 0.0607612170279, "var": 0.0220890883356}, "silence_rate_20dB": {"dmean": 0, "dmean2": 0, "dvar": 0, "dvar2": 0, "max": 1, "mean": 1, "median": 1, "min": 1, "var": 0}, "silence_rate_30dB": {"dmean": 0, "dmean2": 0, "dvar": 0, "dvar2": 0, "max": 1, "mean": 1, "median": 1, "min": 1, "var": 0}, "silence_rate_60dB": {"dmean": 0.044621348381, "dmean2": 0.0892520397902, "dvar": 0.0426302812994, "dvar2": 0.0988851115108, "max": 1, "mean": 0.111646421254, "median": 0, "min": 0, "var": 0.0991814956069}, "spectral_centroid": {"dmean": 390.256347656, "dmean2": 628.214294434, "dvar": 189762.671875, "dvar2": 471352.8125, "max": 11721.8388672, "mean": 2507.87548828, "median": 2534.69335938, "min": 170.833816528, "var": 1604215}, "spectral_complexity": {"dmean": 7.63904905319, "dmean2": 10.4491930008, "dvar": 75.2347488403, "dvar2": 143.842849731, "max": 66, "mean": 22.9207172394, "median": 21, "min": 0, "var": 252.198043823}, "spectral_contrast_coeffs": {"dmean": [0.053636174649, 0.0472418703139, 0.0405594855547, 0.031838260591, 0.0225414298475, 0.0216240808368], "dmean2": [0.0828318968415, 0.0768564194441, 0.0643096640706, 0.0505948290229, 0.0358148291707, 0.0343859530985], "dvar": [0.00211743358523, 0.00156295020133, 0.00113294192124, 0.000747810292523, 0.000383268779842, 0.000492773775477], "dvar2": [0.00517758261412, 0.00392438471317, 0.00268200063147, 0.00171864242293, 0.00088152824901, 0.00119731121231], "max": [-0.33664265275, -0.419035792351, -0.426840394735, -0.525490343571, -0.591633081436, -0.583850800991], "mean": [-0.707651853561, -0.766156971455, -0.780970811844, -0.795559763908, -0.797172963619, -0.770596981049], "median": [-0.710860490799, -0.771554946899, -0.788204669952, -0.804571032524, -0.801972985268, -0.766057133675], "min": [-0.985550045967, -0.978265464306, -0.977606654167, -0.973898470402, -0.96711564064, -0.965512812138], "var": [0.00667047034949, 0.00509020965546, 0.00469006830826, 0.00373991113156, 0.00239378749393, 0.00282745272852]}, "spectral_contrast_valleys": {"dmean": [0.431637912989, 0.45965513587, 0.494340598583, 0.530339062214, 0.420579761267, 0.491073399782], "dmean2": [0.64581745863, 0.670573771, 0.679124236107, 0.732867121696, 0.610184133053, 0.678864717484], "dvar": [0.178135290742, 0.187258422375, 0.244930610061, 0.309052884579, 0.271124124527, 0.332253694534], "dvar2": [0.340343385935, 0.355715692043, 0.401417553425, 0.556108176708, 0.585222601891, 0.733304917812], "max": [-5.41654682159, -5.0596075058, -5.4530916214, -5.28635215759, -5.23782300949, -7.34462976456], "mean": [-7.9013915062, -7.54014587402, -7.84486103058, -8.10415840149, -7.47621154785, -9.8630771637], "median": [-7.30446720123, -7.00586748123, -7.38431739807, -7.67831611633, -6.95356273651, -9.3077917099], "min": [-28.2128582001, -28.3219585419, -27.8114891052, -27.9361476898, -27.5155982971, -27.3727321625], "var": [7.2682557106, 7.33944606781, 7.31807279587, 7.29815292358, 7.50172662735, 6.42451381683]}, "spectral_decrease": {"dmean": 2.15330930864e-09, "dmean2": 3.33475602687e-09, "dvar": 8.80539304173e-18, "dvar2": 2.06298745509e-17, "max": 1.9651199706e-28, "mean": -4.40660574696e-09, "median": -3.06750913559e-09, "min": -2.25274110477e-08, "var": 1.70725595112e-17}, "spectral_energy": {"dmean": 0.00912132300436, "dmean2": 0.0140978014097, "dvar": 0.000148783539771, "dvar2": 0.000335430086125, "max": 0.0919366627932, "mean": 0.0192537922412, "median": 0.0137911513448, "min": 9.98414996508e-21, "var": 0.000300105341012}, "spectral_energyband_high": {"dmean": 0.00163341651205, "dmean2": 0.00262320740148, "dvar": 7.28729719413e-06, "dvar2": 1.9204831915e-05, "max": 0.0273918621242, "mean": 0.0023467685096, "median": 0.00126334535889, "min": 6.99582106174e-21, "var": 9.11845745577e-06}, "spectral_energyband_low": {"dmean": 0.00549356127158, "dmean2": 0.00889547914267, "dvar": 9.58498640102e-05, "dvar2": 0.000260946777416, "max": 0.0726160258055, "mean": 0.00785127095878, "median": 0.00314927124418, "min": 1.48841676063e-23, "var": 0.000134297501063}, "spectral_energyband_middle_high": {"dmean": 0.00277152098715, "dmean2": 0.00424942560494, "dvar": 1.49781999426e-05, "dvar2": 3.47543682437e-05, "max": 0.057918485254, "mean": 0.00544843357056, "median": 0.00283272960223, "min": 1.25804255503e-21, "var": 3.97308431275e-05}, "spectral_energyband_middle_low": {"dmean": 0.00249427859671, "dmean2": 0.00399434287101, "dvar": 2.03213785426e-05, "dvar2": 5.18798442499e-05, "max": 0.0501155517995, "mean": 0.00408351793885, "median": 0.00286354729906, "min": 1.72284785698e-22, "var": 2.17016731767e-05}, "spectral_entropy": {"dmean": 0.168380603194, "dmean2": 0.248714387417, "dvar": 0.0375169329345, "dvar2": 0.0796484872699, "max": 9.82258319855, "mean": 8.02004623413, "median": 8.03741645813, "min": 4.73139047623, "var": 0.189368024468}, "spectral_flux": {"dmean": 0.0265487898141, "dmean2": 0.0385472662747, "dvar": 0.00106847868301, "dvar2": 0.00186872121412, "max": 0.251244783401, "mean": 0.0820032656193, "median": 0.0727531388402, "min": 6.35061170318e-11, "var": 0.00283752731048}, "spectral_kurtosis": {"dmean": 0.989276647568, "dmean2": 1.5806312561, "dvar": 2.10628151894, "dvar2": 5.26762771606, "max": 46.9930038452, "mean": 3.20417976379, "median": 3.06302595139, "min": -1.45265626907, "var": 6.58955574036}, "spectral_rms": {"dmean": 0.000940077821724, "dmean2": 0.00139451469295, "dvar": 1.19879177873e-06, "dvar2": 2.48402011493e-06, "max": 0.00947070773691, "mean": 0.00386299844831, "median": 0.00366807589307, "min": 3.12099890203e-12, "var": 3.86142892239e-06}, "spectral_rolloff": {"dmean": 1231.37573242, "dmean2": 2064.88427734, "dvar": 2435036.75, "dvar2": 5967677, "max": 19466.015625, "mean": 3368.90893555, "median": 3165.38085938, "min": 43.06640625, "var": 8822086}, "spectral_skewness": {"dmean": 0.17725288868, "dmean2": 0.275336682796, "dvar": 0.0394420437515, "dvar2": 0.0893526077271, "max": 5.64404773712, "mean": 1.2201461792, "median": 1.21712636948, "min": -0.736304998398, "var": 0.194548979402}, "spectral_spread": {"dmean": 794072.875, "dmean2": 1171434, "dvar": 1031614758910.0, "dvar2": 2065048928260.0, "max": 42643904, "mean": 5887009.5, "median": 5071592.5, "min": 1801982, "var": 21226313482200.0}, "spectral_strongpeak": {"dmean": 0.379891872406, "dmean2": 0.656730830669, "dvar": 0.60107755661, "dvar