{"lowlevel": {"average_loudness": 0.898704171181, "barkbands": {"dmean": [4.24646277679e-05, 0.00365742202848, 0.00229436671361, 0.00130391854327, 0.00109295919538, 0.000744472316001, 0.000610782008152, 0.0006712792092, 0.000676874187775, 0.000489056576043, 0.000356531527359, 0.000404256017646, 0.000369432993466, 0.000632452080026, 0.000700740667526, 0.000568753923289, 0.000443947996246, 0.000287130329525, 0.000215283507714, 0.00011409290164, 0.000135283917189, 0.000166701385751, 0.000170205516042, 0.000101769102912, 8.68469724082e-05, 1.55111392814e-05, 3.46051479028e-07], "dmean2": [6.55625626678e-05, 0.00637723598629, 0.00431375298649, 0.00228382251225, 0.00184708368033, 0.00120100239292, 0.000981412129477, 0.00107363518327, 0.00106739683542, 0.000787626544479, 0.000573331431951, 0.000639796140604, 0.000594565353822, 0.00101316778455, 0.00110028299969, 0.000907887413632, 0.000713940244168, 0.00045680225594, 0.000339917169185, 0.000179163078428, 0.000214339219383, 0.000253439124208, 0.000257638224866, 0.000156962647452, 0.000135465190397, 2.32290221902e-05, 6.152623655e-07], "dvar": [1.02958415127e-08, 0.00010876084707, 5.21778783877e-05, 1.57045560627e-05, 7.55071368985e-06, 2.62769412984e-06, 2.56484486272e-06, 3.20968274536e-06, 3.6664550862e-06, 1.43706267863e-06, 8.35384923903e-07, 9.23838967992e-07, 6.15680107785e-07, 1.68952919921e-06, 2.01535704036e-06, 1.10109169782e-06, 5.41612848792e-07, 2.85733165128e-07, 1.16967420638e-07, 3.68707802068e-08, 6.21432008074e-08, 1.67317423916e-07, 1.99006890966e-07, 2.34727423276e-07, 4.02047959369e-08, 2.86891599366e-09, 1.17774095598e-12], "dvar2": [2.40420998665e-08, 0.000286461872747, 0.000149716172018, 4.22201410402e-05, 2.06669792533e-05, 6.74087050356e-06, 6.12570102021e-06, 8.0776935647e-06, 8.73949102242e-06, 3.37742835654e-06, 1.95680945581e-06, 2.24713471653e-06, 1.50485027461e-06, 4.00782391807e-06, 4.78815036331e-06, 2.64184473053e-06, 1.32268462494e-06, 7.09160133283e-07, 2.87226129103e-07, 9.08002846245e-08, 1.57248379651e-07, 3.77341393687e-07, 4.42737785988e-07, 5.61992351322e-07, 9.57919539246e-08, 5.85155257582e-09, 3.01829915228e-12], "max": [0.00128244003281, 0.0780444741249, 0.0491015687585, 0.046283248812, 0.0338666662574, 0.0267862789333, 0.0269207004458, 0.0328916423023, 0.0337884388864, 0.024573892355, 0.0243955943733, 0.0194552037865, 0.0165228620172, 0.0261325966567, 0.0236629489809, 0.0202595833689, 0.0167222358286, 0.0103455362841, 0.00558359595016, 0.00324053806253, 0.00323398876935, 0.0147504583001, 0.0129036521539, 0.0184213519096, 0.00517170596868, 0.00215480732732, 3.25272267219e-05], "mean": [4.63913966087e-05, 0.00273231067695, 0.00148380617611, 0.00103457085788, 0.0012757354416, 0.000973044254351, 0.000792155100498, 0.000876848353073, 0.000976845156401, 0.000620598788373, 0.00046691778698, 0.00057396950433, 0.00047478012857, 0.000912661664188, 0.00109796179458, 0.000967540836427, 0.000781759270467, 0.000510064244736, 0.000398194999434, 0.000195889486349, 0.00022299172997, 0.000239624496317, 0.000255370803643, 0.00014485407155, 0.000122424797155, 2.4937426133e-05, 2.9114974609e-07], "median": [4.38742654296e-06, 0.000116298746434, 8.18370026536e-05, 7.56457593525e-05, 0.000538077671081, 0.000349698064383, 0.000253004545812, 0.000230180186918, 0.00020921844407, 0.000192968698684, 0.00015718859504, 0.000212331971852, 0.000193373067304, 0.000339637568686, 0.000326915993355, 0.000344168278389, 0.000338869489497, 0.000192189050722, 0.000190395468962, 0.000106800565845, 0.000120929224067, 0.000106400810182, 0.000104989638203, 4.56725611002e-05, 4.99514899275e-05, 8.8040051196e-06, 2.27064198555e-08], "min": [5.70701606771e-26, 1.55548717418e-24, 2.6541067384e-25, 6.87330365199e-25, 4.55032995603e-24, 1.03033300325e-24, 7.42186687586e-24, 4.69526066483e-24, 1.64408078979e-23, 9.94285570309e-24, 1.44292504549e-23, 9.95783538282e-24, 2.40461795975e-23, 3.33593531154e-23, 3.06768189855e-23, 4.2009389646e-23, 6.49596095211e-23, 8.4008536722e-23, 1.01282741456e-22, 1.43485291584e-22, 2.16019701289e-22, 3.28144805773e-22, 3.67722298176e-22, 5.62395574831e-22, 8.62431916021e-22, 1.25418109983e-21, 1.91545363649e-21], "var": [1.25884511704e-08, 7.86443779361e-05, 3.0030414564e-05, 1.1311120943e-05, 6.03819944445e-06, 3.63512572221e-06, 3.33908474204e-06, 4.11588052884e-06, 7.33921160645e-06, 2.17137517211e-06, 1.24681105262e-06, 1.3116473383e-06, 7.85089184774e-07, 2.73978253063e-06, 4.30709496868e-06, 2.86711724584e-06, 1.40593692777e-06, 7.98177097749e-07, 3.02456527379e-07, 6.60604300151e-08, 8.83165114374e-08, 2.54898793628e-07, 3.33461400714e-07, 3.14174542382e-07, 6.38373123252e-08, 5.94703797319e-09, 1.06315726622e-12]}, "barkbands_crest": {"dmean": 2.90037298203, "dmean2": 4.74894332886, "dvar": 8.55809688568, "dvar2": 21.3756580353, "max": 25.6119594574, "mean": 7.8683385849, "median": 6.70262432098, "min": 2.08615517616, "var": 16.4701824188}, "barkbands_flatness_db": {"dmean": 0.022122964263, "dmean2": 0.035273168236, "dvar": 0.000507590302732, "dvar2": 0.00130052061286, "max": 0.351111263037, "mean": 0.102463744581, "median": 0.0975922122598, "min": 0.0163953192532, "var": 0.00120601942763}, "barkbands_kurtosis": {"dmean": 1.83327150345, "dmean2": 3.09043884277, "dvar": 28.4246997833, "dvar2": 75.2707443237, "max": 238.253982544, "mean": 0.870679438114, "median": -0.315617650747, "min": -1.88664591312, "var": 26.9795150757}, "barkbands_skewness": {"dmean": 0.607089221478, "dmean2": 0.915994107723, "dvar": 0.510521650314, "dvar2": 1.14995181561, "max": 13.3168153763, "mean": 0.507830679417, "median": 0.381118953228, "min": -4.801466465, "var": 1.24477350712}, "barkbands_spread": {"dmean": 7.33823013306, "dmean2": 11.6862401962, "dvar": 61.8445510864, "dvar2": 157.627975464, "max": 108.90977478, "mean": 28.2117195129, "median": 27.0251312256, "min": 1.0053396225, "var": 134.75553894}, "dissonance": {"dmean": 0.0136599252, "dmean2": 0.0231243856251, "dvar": 0.000217936176341, "dvar2": 0.000585582398344, "max": 0.500000119209, "mean": 0.477825343609, "median": 0.482847839594, "min": 0.333946496248, "var": 0.000371774862288}, "dynamic_complexity": 4.0535159111, "erbbands": {"dmean": [0.0603450238705, 0.975974500179, 2.65567350388, 3.51428127289, 4.99257898331, 2.85752010345, 3.86651039124, 7.15251064301, 7.27271270752, 12.0384140015, 14.5125904083, 15.8623180389, 15.7040557861, 13.300195694, 13.8115339279, 17.4583644867, 16.3590965271, 27.7924880981, 34.634513855, 33.5395851135, 26.7977104187, 21.6747093201, 15.9009084702, 12.895781517, 9.05321025848, 5.29582738876, 5.41809463501, 5.37712049484, 5.76235151291, 5.54471445084, 4.81444406509, 2.71353149414, 1.3985670805, 0.60638576746, 0.99492752552, 0.129050418735, 0.0241280924529, 0.00232780002989, 5.37321429874e-05, 1.45106578202e-05], "dmean2": [0.102792538702, 1.71097755432, 4.83149576187, 6.31458854675, 8.7064743042, 4.69587612152, 6.134349823, 11.6816720963, 11.7084131241, 19.4800014496, 22.7555999756, 24.6900043488, 25.0459747314, 21.2311267853, 21.9423675537, 27.3853664398, 26.0080909729, 44.2747497559, 53.8868675232, 51.9286346436, 42.5338287354, 34.3964576721, 25.24426651, 20.1970310211, 14.3814764023, 8.31758785248, 8.72991752625, 8.28093147278, 8.71400737762, 8.37364196777, 7.33928346634, 4.21414709091, 2.16376829147, 0.915746569633, 1.6023799181, 0.194391578436, 0.0361950360239, 0.00359870446846, 7.99527260824e-05, 2.01777329494e-05], "dvar": [0.0280066132545, 7.82740545273, 64.5077972412, 112.03427887, 225.989944458, 36.4195213318, 67.7550125122, 265.035369873, 452.316009521, 1020.08825684, 1520.5736084, 2240.33666992, 1761.23156738, 1000.21728516, 1315.95202637, 1677.84484863, 1164.40466309, 2834.58813477, 5513.34667969, 4596.53320313, 2129.0871582, 1385.32470703, 898.695922852, 467.730072021, 214.353179932, 83.9738693237, 99.5540466309, 113.682052612, 196.444122314, 208.046142578, 159.183197021, 164.219787598, 53.1554260254, 5.15902137756, 4.43444347382, 0.149079442024, 0.00603204919025, 4.26025253546e-05, 2.01232825958e-08, 5.0211829139e-10], "dvar2": [0.0728887096047, 20.6972255707, 180.453018188, 312.775756836, 612.558166504, 97.043258667, 167.877502441, 684.653442383, 1102.95385742, 2557.01953125, 3737.36889648, 5375.78369141, 3984.12988281, 2478.32543945, 3105.92163086, 4083.44555664, 2830.32788086, 7104.84326172, 13482.0371094, 10543.6884766, 5184.56298828, 3401.72436523, 2212.2043457, 1154.31347656, 534.832824707, 209.599899292, 260.310913086, 274.747131348, 439.274414063, 463.165618896, 355.566864014, 379.895141602, 135.219619751, 11.9766235352, 11.0200414658, 0.302753031254, 0.0126011213288, 8.73202370713e-05, 4.05006090887e-08, 1.06949638035e-09], "max": [1.65184235573, 20.2900447845, 54.5508499146, 97.9510574341, 169.269226074, 97.7857971191, 180.047958374, 299.323272705, 485.55569458, 586.692626953, 733.407104492, 1023.07525635, 918.940673828, 704.21673584, 1141.13952637, 984.909851074, 569.09753418, 1070.97607422, 1300.06787109, 1361.41271973, 1127.53613281, 675.214050293, 659.677307129, 390.8331604, 225.59614563, 146.142715454, 135.807418823, 248.000198364, 486.654937744, 434.284179688, 400.378570557, 594.649780273, 363.864532471, 93.5250320435, 35.2247238159, 17.3559093475, 2.60986256599, 0.264669626951, 0.00540169887245, 0.000286123744445], "mean": [0.0489038825035, 0.710046410561, 1.82740366459, 2.64084839821, 4.27853965759, 3.81593465805, 5.89565420151, 8.45461273193, 9.62687969208, 15.3832263947, 20.6715068817, 23.5782871246, 20.1403961182, 19.284029007, 19.3409385681, 25.8489112854, 22.9483089447, 42.052947998, 55.3474159241, 58.6088066101, 50.2357788086, 40.5168571472, 29.6334896088, 24.0212097168, 17.0095672607, 9.42855644226, 8.9627161026, 8.45288181305, 8.27922725677, 8.11505126953, 7.25300455093, 3.838337183, 1.96327888966, 0.991163551807, 1.2123953104, 0.198688164353, 0.0376893132925, 0.00343826296739, 9.26713400986e-05, 2.91173146252e-05], "median": [0.00193787389435, 0.0269195847213, 0.0961895287037, 0.216232061386, 0.738383591175, 1.72445821762, 2.41154384613, 2.71653556824, 3.52117490768, 4.69669532776, 5.77346611023, 5.49788856506, 5.68339443207, 7.74677610397, 7.2776927948, 9.98967456818, 10.8414707184, 18.4084854126, 18.7634353638, 17.4425354004, 22.1915473938, 17.3685684204, 12.112361908, 10.3659944534, 9.2167930603, 5.38630580902, 4.79951667786, 4.51484203339, 3.59266901016, 3.39942622185, 3.07216453552, 1.16132986546, 0.631883621216, 0.391115009785, 0.450011432171, 0.0742559880018, 0.013558736071, 0.00127759110183, 4.47832862847e-05, 1.78852933459e-05], "min": [2.41370784619e-23, 4.80940650279e-22, 9.62261468405e-22, 5.60829747781e-21, 2.10721126809e-20, 1.88207047681e-20, 3.48117151335e-20, 3.83876266151e-20, 1.24901700481e-19, 1.83446842976e-19, 2.24219169904e-19, 3.44106074997e-19, 4.14970121086e-19, 6.48742296488e-19, 7.68320249621e-19, 7.44122011379e-19, 1.46588564099e-18, 2.29264521862e-18, 2.84525191223e-18, 2.25947920516e-18, 3.12281650267e-18, 4.06101302524e-18, 4.78052408695e-18, 6.58626432723e-18, 4.90484478352e-18, 7.04122359031e-18, 8.34869669937e-18, 9.91387875546e-18, 9.99584408235e-18, 1.26482301494e-17, 1.09323308226e-17, 1.03379817001e-17, 9.09084314495e-18, 7.17505810469e-18, 6.25046374012e-18, 4.33067142339e-18, 2.33487010055e-18, 9.90867661658e-19, 2.48177991058e-19, 2.94143034755e-20], "var": [0.021816143766, 5.54750585556, 40.1170768738, 73.1698532104, 158.138549805, 38.7434387207, 127.048881531, 311.76953125, 524.826965332, 1284.53234863, 2359.62670898, 4621.99902344, 2525.05224609, 1651.34997559, 1756.9642334, 2459.78637695, 1504.37841797, 4408.62402344, 10818.0917969, 11240.7558594, 5963.625, 3740.34521484, 2555.87768555, 1286.91418457, 493.973144531, 148.654327393, 143.560882568, 157.474945068, 299.582733154, 328.936187744, 271.42199707, 233.235687256, 57.9122848511, 7.98369979858, 5.54172897339, 0.32463863492, 0.0111044757068, 7.29375242372e-05, 3.8289574178e-08, 1.06131237132e-09]}, "erbbands_crest": {"dmean": 2.76151061058, "dmean2": 4.47477626801, "dvar": 7.51524114609, "dvar2": 18.0380477905, "max": 30.4576740265, "mean": 8.46808815002, "median": 7.2721452713, "min": 2.39379358292, "var": 17.7429561615}, "erbbands_flatness_db": {"dmean": 0.0195321887732, "dmean2": 0.028681775555, "dvar": 0.00034233921906, "dvar2": 0.000720578012988, "max": 0.316931903362, "mean": 0.160017207265, "median": 0.158855110407, "min": 0.0281308311969, "var": 0.00145289371721}, "erbbands_kurtosis": {"dmean": 1.03944778442, "dmean2": 1.66084718704, "dvar": 2.10643911362, "dvar2": 4.96224403381, "max": 38.9728507996, "mean": 0.64966326952, "median": 0.15608176589, "min": -1.84344244003, "var": 3.7497549057}, "erbbands_skewness": {"dmean": 0.384799599648, "dmean2": 0.588056743145, "dvar": 0.152198001742, "dvar2": 0.33626383543, "max": 4.41355657578, "mean": -0.0908407717943, "median": -0.109052412212, "min": -5.82164430618, "var": 0.515498518944}, "erbbands_spread": {"dmean": 9.45971775055, "dmean2": 14.592874527, "dvar": 106.789512634, "dvar2": 246.639068604, "max": 122.324028015, "mean": 33.7810935974, "median": 29.949213028, "min": 2.81879377365, "var": 279.721832275}, "gfcc": {"cov": [[29274.5839844, 1236.18383789, -2647.55175781, 600.885437012, -1141.82043457, 327.977416992, -1114.85974121, 171.182495117, -624.994934082, -80.6665115356, -569.96295166, -157.995864868, -413.990936279], [1236.18383789, 1247.92419434, 3.18296575546, 275.684020996, 264.503082275, 125.63873291, 117.500404358, 40.4629898071, 39.8608665466, -78.6855392456, 23.2252807617, -125.825401306, 12.1374616623], [-2647.55175781, 3.18296575546, 1065.9362793, 224.750640869, 225.806655884, 130.738220215, 176.81628418, -9.19277000427, 20.2862205505, 27.4009799957, 9.81353378296, 20.2963123322, 5.3000497818], [600.885437012, 275.684020996, 224.750640869, 459.842224121, 197.680648804, 117.879211426, 65.2941131592, 31.8917999268, 21.0533638, -18.0818691254, -3.3674223423, -42.9298858643, -4.9951338768], [-1141.82043457, 264.503082275, 225.806655884, 197.680648804, 403.453155518, 122.084472656, 141.151947021, 54.0877418518, 95.6697311401, -16.1966228485, 22.8079681396, -58.8171195984, 6.27552175522], [327.977416992, 125.63873291, 130.738220215, 117.879211426, 122.084472656, 255.344726563, 137.986404419, 58.1266059875, 10.7766637802, 1.82939612865, -25.047296524, -33.9330825806, -21.2541542053], [-1114.85974121, 117.500404358, 176.81628418, 65.2941131592, 141.151947021, 137.986404419, 296.516113281, 75.5728149414, 38.3340797424, -10.7516736984, 15.9948568344, -39.6399307251, -9.61725711823], [171.182495117, 40.4629898071, -9.19277000427, 31.8917999268, 54.0877418518, 58.1266059875, 75.5728149414, 127.287162781, 60.0016365051, 5.77790260315, -4.6121673584, -24.377456665, -6.75039958954], [-624.994934082, 39.8608665466, 20.2862205505, 21.0533638, 95.6697311401, 10.7766637802, 38.3340797424, 60.0016365051, 142.305023193, 21.353433609, 19.3897380829, -25.2942390442, 13.9263143539], [-80.6665115356, -78.6855392456, 27.4009799957, -18.0818691254, -16.1966228485, 1.82939612865, -10.7516736984, 5.77790260315, 21.353433609, 92.1833343506, 22.5981769562, 15.3702783585, -3.49021434784], [-569.96295166, 23.2252807617, 9.81353378296, -3.3674223423, 22.8079681396, -25.047296524, 15.9948568344, -4.6121673584, 19.3897380829, 22.5981769562, 93.1599273682, 29.6123313904, 15.9493188858], [-157.995864868, -125.825401306, 20.2963123322, -42.9298858643, -58.8171195984, -33.9330825806, -39.6399307251, -24.377456665, -25.2942390442, 15.3702783585, 29.6123313904, 99.4654998779, 33.0830001831], [-413.990936279, 12.1374616623, 5.3000497818, -4.9951338768, 6.27552175522, -21.2541542053, -9.61725711823, -6.75039958954, 13.9263143539, -3.49021434784, 15.9493188858, 33.0830001831, 82.3807983398]], "icov": [[0.000145644196891, -0.000208634053706, 0.000307939306367, -0.000356248987373, 0.000354064948624, -0.000384372746339, 0.000555929087568, -0.000516497704666, 0.000419677584432, -0.00020859077631, 0.000545922666788, -0.000280793959973, 0.000544961600099], [-0.000208634053706, 0.00150755315553, -0.000287183036562, 6.92404792062e-05, -0.000853874720633, 0.000247522606514, -0.000760176277254, 0.00079252111027, -0.000324093707604, 0.00103210040834, -0.00170591624919, 0.00189099542331, -0.00147340190597], [0.000307939306367, -0.000287183036562, 0.00200292677619, -0.0012871165527, 0.000164623881574, -0.000849874049891, 0.000343486986822, -0.000249033531873, 0.000835841114167, -0.00103251263499, 0.00169776787516, -0.00150848436169, 0.0012628401164], [-0.000356248987373, 6.92404792062e-05, -0.0012871165527, 0.00417578686029, -0.00190263066906, 0.000122608151287, -0.000574215315282, 0.000681662641, -0.000463996664621, 0.000739318609703, -0.00148068158887, 0.00109693210106, -0.0013431601692], [0.000354064948624, -0.000853874720633, 0.000164623881574, -0.00190263066906, 0.00585741177201, -0.00201534549706, 0.00069589051418, -0.000771571707446, -0.00165438349359, 0.000665047264192, -2.45410246862e-05, 0.000687060004566, 0.000867684371769], [-0.000384372746339, 0.000247522606514, -0.000849874049891, 0.000122608151287, -0.00201534549706, 0.00782956834882, -0.00389714888297, -0.000119657779578, 0.000218452914851, -0.00116665055975, 0.00131537113339, -0.000174235567101, -0.000468226644443], [0.000555929087568, -0.000760176277254, 0.000343486986822, -0.000574215315282, 0.00069589051418, -0.00389714888297, 0.00828001834452, -0.00457963906229, 0.00217873463407, 0.000619171943981, -0.000522801070474, 0.000882787455339, 0.00178632396273], [-0.000516497704666, 0.00079252111027, -0.000249033531873, 0.000681662641, -0.000771571707446, -0.000119657779578, -0.00457963906229, 0.0143686188385, -0.00671994034201, 0.000403147976613, -0.00030650687404, 0.000350036774762, -0.000912484014407], [0.000419677584432, -0.000324093707604, 0.000835841114167, -0.000463996664621, -0.00165438349359, 0.000218452914851, 0.00217873463407, -0.00671994034201, 0.0134363705292, -0.00342518463731, -0.00027640038752, 0.00273028179072, -0.00149848370347], [-0.00020859077631, 0.00103210040834, -0.00103251263499, 0.000739318609703, 0.000665047264192, -0.00116665055975, 0.000619171943981, 0.000403147976613, -0.00342518463731, 0.0141972573474, -0.00481161056086, -5.29402605025e-05, 0.000797941465862], [0.000545922666788, -0.00170591624919, 0.00169776787516, -0.00148068158887, -2.45410246862e-05, 0.00131537113339, -0.000522801070474, -0.00030650687404, -0.00027640038752, -0.00481161056086, 0.017921237275, -0.0076130926609, 0.0024814074859], [-0.000280793959973, 0.00189099542331, -0.00150848436169, 0.00109693210106, 0.000687060004566, -0.000174235567101, 0.000882787455339, 0.000350036774762, 0.00273028179072, -5.29402605025e-05, -0.0076130926609, 0.0192684344947, -0.00821947865188], [0.000544961600099, -0.00147340190597, 0.0012628401164, -0.0013431601692, 0.000867684371769, -0.000468226644443, 0.00178632396273, -0.000912484014407, -0.00149848370347, 0.000797941465862, 0.0024814074859, -0.00821947865188, 0.0179861653596]], "mean": [-33.5645103455, 52.4555854797, -143.14894104, 29.2078552246, -67.1472320557, 17.4768218994, -50.7230682373, 8.70074176788, -23.1663379669, 5.82897901535, -20.3341522217, 3.24150562286, -11.1820058823]}, "hfc": {"dmean": 9.02240943909, "dmean2": 12.4477643967, "dvar": 177.53237915, "dvar2": 366.484436035, "max": 238.989746094, "mean": 23.1908226013, "median": 15.7328548431, "min": 1.07619810818e-16, "var": 561.184143066}, "melbands": {"dmean": [0.000801174086519, 0.00136431725696, 0.000680065306369, 0.000281466724118, 0.000124990503537, 0.000153026325279, 0.000114768816275, 0.000133641631692, 0.000121583638247, 9.87078092294e-05, 7.89864643593e-05, 5.53349564143e-05, 4.86633944092e-05, 4.42937853222e-05, 4.13762099924e-05, 3.98522497562e-05, 5.68412615394e-05, 5.84330300626e-05, 5.15039791935e-05, 4.44358920504e-05, 3.31920819008e-05, 2.56471666944e-05, 1.90948594536e-05, 1.42236203828e-05, 1.10909768409e-05, 8.06772368378e-06, 4.97689052281e-06, 3.498327942e-06, 3.62588639291e-06, 3.41219083566e-06, 3.37274718731e-06, 3.42563112099e-06, 3.21677475768e-06, 3.23700123772e-06, 3.30374859914e-06, 2.00799058803e-06, 1.63350023286e-06, 1.07448863673e-06, 6.93745448643e-07, 4.4150064582e-07], "dmean2": [0.00138764292933, 0.00239416235127, 0.00120578904171, 0.000478779140394, 0.000198588793864, 0.000249607022852, 0.000184655349585, 0.000216782893403, 0.000190694467165, 0.000154902212671, 0.000125788050354, 8.89019283932e-05, 7.75640510255e-05, 7.0338450314e-05, 6.53115857858e-05, 6.46999978926e-05, 9.13623152883e-05, 9.1790832812e-05, 8.03303628345e-05, 6.95207709214e-05, 5.37320120202e-05, 4.12985500589e-05, 3.04454297293e-05, 2.30704554269e-05, 1.76209796336e-05, 1.28829842652e-05, 7.88409397501e-06, 5.60528360438e-06, 5.87859040024e-06, 5.51379980607e-06, 5.22153595739e-06, 5.24433698956e-06, 4.99830230183e-06, 4.91184437124e-06, 5.09384835823e-06, 3.08809740091e-06, 2.57493934441e-06, 1.67759526448e-06, 1.07842845409e-06, 6.75891897117e-07], "dvar": [5.14723615197e-06, 1.53282599058e-05, 4.00627686759e-06, 5.82192853926e-07, 5.75856908824e-08, 1.18331143995e-07, 1.0229397418e-07, 1.25840841747e-07, 1.08195600035e-07, 8.4566366354e-08, 4.51970265658e-08, 1.82550650152e-08, 1.59539226274e-08, 1.12712061906e-08, 1.15210490037e-08, 7.01556190918e-09, 1.28983277392e-08, 1.73832379602e-08, 1.11879963072e-08, 7.68858043898e-09, 3.32001293124e-09, 1.94897453731e-09, 1.42417178051e-09, 7.73923258812e-10, 3.71599917504e-10, 1.95482172116e-10, 6.28487401011e-11, 4.02335352534e-11, 4.4857676601e-11, 4.09369725618e-11, 4.44875282446e-11, 6.61299071059e-11, 7.90198531608e-11, 7.28501217684e-11, 6.22483939394e-11, 6.07246058992e-11, 8.76699685071e-11, 3.03113194267e-11, 1.32900149219e-11, 2.71649673242e-12], "dvar2": [1.35131549541e-05, 4.10676730098e-05, 1.09877391878e-05, 1.58794352956e-06, 1.41641635309e-07, 3.06059945387e-07, 2.46401214099e-07, 3.16737498451e-07, 2.60858683987e-07, 2.04147411864e-07, 1.0183108401e-07, 4.56302799989e-08, 3.72520823078e-08, 2.69511701845e-08, 2.75181175624e-08, 1.77190031536e-08, 3.20527284714e-08, 4.18827923454e-08, 2.51560834386e-08, 1.75705494598e-08, 8.44175662706e-09, 4.80751571885e-09, 3.64990304647e-09, 2.02550176631e-09, 9.29305465913e-10, 4.94677798724e-10, 1.51930232284e-10, 1.02397909596e-10, 1.18597270893e-10, 1.05299075015e-10, 1.0606338724e-10, 1.49070228384e-10, 1.82372117408e-10, 1.6352115495e-10, 1.42631448319e-10, 1.40935818571e-10, 2.08872683038e-10, 7.85483691979e-11, 3.18428373947e-11, 6.60232719191e-12], "max": [0.018980095163, 0.0263369698077, 0.0203745048493, 0.00894664600492, 0.00489404052496, 0.0063320021145, 0.00678067049012, 0.00604434730485, 0.00533669441938, 0.00630781939253, 0.00452759908512, 0.00308756204322, 0.00359380966984, 0.00214272877201, 0.0027214109432, 0.00164805050008, 0.00188958027866, 0.00247188401408, 0.00249868235551, 0.00201523560099, 0.00128043128643, 0.000820423534606, 0.000860754924361, 0.000623986241408, 0.000403185520554, 0.000272439414402, 0.000172349071363, 9.23716434045e-05, 0.000114694652439, 9.38769444474e-05, 0.000179616079549, 0.000260595494183, 0.000312885502353, 0.000314191274811, 0.000276415987173, 0.000218656743527, 0.000540776003618, 0.000264501926722, 0.000150939624291, 5.86327005294e-05], "mean": [0.000615638797171, 0.000997071620077, 0.000524249393493, 0.000296382931992, 0.00019451334083, 0.000186566248885, 0.00015240884386, 0.000169159698999, 0.000173198117409, 0.000142956516356, 9.7436735814e-05, 7.67590172472e-05, 6.48537607049e-05, 6.29519927315e-05, 5.65231566725e-05, 5.25347713847e-05, 8.15625753603e-05, 8.69416835485e-05, 8.11907957541e-05, 7.40496543585e-05, 5.70663833059e-05, 4.44777033408e-05, 3.14361750497e-05, 2.40093977482e-05, 1.90657610801e-05, 1.4013387954e-05, 8.71777501743e-06, 5.51062157683e-06, 5.70398651689e-06, 5.03411320096e-06, 5.00855321661e-06, 4.78128777104e-06, 4.35440597357e-06, 4.62605885332e-06, 4.81318511447e-06, 2.74494436781e-06, 2.17033266381e-06, 1.44405555602e-06, 1.00074305465e-06, 6.98120231846e-07], "median": [2.63660804194e-05, 4.84571792185e-05, 5.33837592229e-05, 9.74266658886e-05, 8.99484803085e-05, 6.08823684161e-05, 5.48383031855e-05, 4.91897335451e-05, 4.415924559e-05, 3.13577984343e-05, 2.56395542237e-05, 2.86421654891e-05, 2.20589226956e-05, 2.44118928094e-05, 2.16929038288e-05, 2.3049149604e-05, 3.19588507409e-05, 2.73928744718e-05, 2.3281416361e-05, 2.33848531934e-05, 2.49549084401e-05, 1.81576324394e-05, 1.12203051685e-05, 8.80463812791e-06, 7.4124936873e-06, 6.44333931632e-06, 4.58673912362e-06, 2.88189812636e-06, 2.69569318334e-06, 2.73934551842e-06, 2.48371225098e-06, 2.01715556614e-06, 1.70049497683e-06, 1.89380443771e-06, 2.12822942558e-06, 8.58632461131e-07, 6.03420971856e-07, 4.47379989055e-07, 3.46047244193e-07, 2.63454694505e-07], "min": [3.19442715467e-25, 7.20265307992e-25, 1.35480934154e-24, 2.04023293133e-24, 1.16062117174e-24, 7.07678194085e-25, 1.97974603534e-24, 2.20751384451e-24, 1.94916229248e-24, 2.55675440016e-24, 1.37271668131e-24, 2.19464042339e-24, 2.43725913074e-24, 1.22589674925e-24, 2.34876688376e-24, 3.93489065449e-24, 3.09104298873e-24, 3.35436436447e-24, 2.3323593658e-24, 2.63033954262e-24, 2.66939979312e-24, 3.6127833641e-24, 2.89760719503e-24, 3.20880079201e-24, 4.20239772619e-24, 2.71442304321e-24, 3.60925242269e-24, 4.33659953225e-24, 3.82890443086e-24, 4.01331683911e-24, 5.39433697169e-24, 4.75525748098e-24, 6.00811098786e-24, 5.94892590959e-24, 5.7058392105e-24, 4.90458411717e-24, 5.01869836914e-24, 5.82635704087e-24, 5.19012415473e-24, 5.77213468655e-24], "var": [3.80739083994e-06, 1.06185043478e-05, 2.72037914328e-06, 4.4213626893e-07, 1.10098262951e-07, 1.44647216871e-07, 1.23320248235e-07, 1.52885405669e-07, 1.82199556775e-07, 1.70788680975e-07, 6.47611742011e-08, 2.9180304395e-08, 2.29706156318e-08, 1.60390243309e-08, 1.51254386793e-08, 8.11242539811e-09, 1.97247711498e-08, 3.10366097267e-08, 2.41303172999e-08, 2.03663841347e-08, 8.60990034823e-09, 4.78991202257e-09, 3.19703219454e-09, 1.84630455369e-09, 8.9231799727e-10, 4.21240958781e-10, 1.33380972933e-10, 6.0295581028e-11, 7.02905303407e-11, 5.01188535118e-11, 6.28990123874e-11, 9.75405589632e-11, 1.15486301078e-10, 1.0962857705e-10, 1.00668064162e-10, 9.07113689719e-11, 1.06441279402e-10, 3.14211781594e-11, 1.5868348302e-11, 4.09001738727e-12]}, "melbands_crest": {"dmean": 3.70458006859, "dmean2": 5.97869491577, "dvar": 12.3935365677, "dvar2": 29.1256752014, "max": 33.7314834595, "mean": 10.7717313766, "median": 9.45735645294, "min": 1.53401112556, "var": 28.848115921}, "melbands_flatness_db": {"dmean": 0.0280951634049, "dmean2": 0.0432283915579, "dvar": 0.00107073376421, "dvar2": 0.00245204591192, "max": 0.45796585083, "mean": 0.122103758156, "median": 0.114502206445, "min": 0.0024558599107, "var": 0.0026843752712}, "melbands_kurtosis": {"dmean": 5.56554937363, "dmean2": 9.07678031921, "dvar": 201.275604248, "dvar2": 483.267364502, "max": 427.031433105, "mean": 5.52914810181, "median": 1.14918160439, "min": -1.82353484631, "var": 277.828125}, "melbands_skewness": {"dmean": 0.844137012959, "dmean2": 1.27579081059, "dvar": 1.1521692276, "dvar2": 2.55313944817, "max": 16.3878860474, "mean": 1.51985418797, "median": 1.12916314602, "min": -2.07474064827, "var": 2.5222992897}, "melbands_spread": {"dmean": 13.2877807617, "dmean2": 20.5295772552, "dvar": 260.119567871, "dvar2": 543.798339844, "max": 284.220703125, "mean": 44.119354248, "median": 39.9660339355, "min": 0.611911833286, "var": 735.528198242}, "mfcc": {"cov": [[12303.7470703, 1272.38537598, -566.397338867, 241.45199585, 152.713180542, -1.76528048515, -179.297943115, 135.956573486, -84.1689682007, 87.4934158325, -14.8832626343, -125.853485107, -76.4011917114], [1272.38537598, 1036.51135254, -46.4562568665, 171.427703857, 117.175018311, 125.697669983, 78.3299560547, 98.6993408203, 42.039932251, 36.9148788452, 39.6774215698, 15.0832996368, 0.0999812632799], [-566.397338867, -46.4562568665, 633.57232666, 150.300796509, 58.0917472839, 140.58807373, 88.5767745972, 29.8997383118, 20.8328094482, -11.2372226715, -3.06539773941, 12.0919151306, 9.81774044037], [241.45199585, 171.427703857, 150.300796509, 360.625762939, 165.079879761, 106.211555481, 70.2921142578, 57.5833206177, 32.6417961121, 32.6055221558, 11.9011898041, 10.5529031754, 11.1407327652], [152.713180542, 117.175018311, 58.0917472839, 165.079879761, 294.409118652, 96.4943695068, 18.8504962921, 49.8211135864, 46.8693656921, 58.224571228, 23.2722301483, -3.36764764786, 13.1094655991], [-1.76528048515, 125.697669983, 140.58807373, 106.211555481, 96.4943695068, 231.335693359, 130.318313599, 74.4771194458, 55.4874420166, 38.7798156738, 31.5522289276, 19.0549240112, 2.56587815285], [-179.297943115, 78.3299560547, 88.5767745972, 70.2921142578, 18.8504962921, 130.318313599, 212.116439819, 103.490249634, 57.3253440857, 36.5293159485, 37.1932182312, 34.3833885193, 3.24713039398], [135.956573486, 98.6993408203, 29.8997383118, 57.5833206177, 49.8211135864, 74.4771194458, 103.490249634, 158.169219971, 77.1667251587, 41.7646903992, 33.8846740723, 14.0624713898, 5.74575471878], [-84.1689682007, 42.039932251, 20.8328094482, 32.6417961121, 46.8693656921, 55.4874420166, 57.3253440857, 77.1667251587, 130.855041504, 76.4619216919, 23.8907661438, 5.87731981277, 4.51346635818], [87.4934158325, 36.9148788452, -11.2372226715, 32.6055221558, 58.224571228, 38.7798156738, 36.5293159485, 41.7646903992, 76.4619216919, 131.642318726, 54.2318382263, 9.44722652435, -1.57968461514], [-14.8832626343, 39.6774215698, -3.06539773941, 11.9011898041, 23.2722301483, 31.5522289276, 37.1932182312, 33.8846740723, 23.8907661438, 54.2318382263, 90.7459640503, 34.9985771179, -3.45621848106], [-125.853485107, 15.0832996368, 12.0919151306, 10.5529031754, -3.36764764786, 19.0549240112, 34.3833885193, 14.0624713898, 5.87731981277, 9.44722652435, 34.9985771179, 77.237991333, 20.4212093353], [-76.4011917114, 0.0999812632799, 9.81774044037, 11.1407327652, 13.1094655991, 2.56587815285, 3.24713039398, 5.74575471878, 4.51346635818, -1.57968461514, -3.45621848106, 20.4212093353, 64.3008651733]], "icov": [[0.000108548782009, -0.000117304065498, 8.31846555229e-05, -7.09057785571e-05, 4.90979291499e-05, -6.48735149298e-05, 0.000201980845304, -0.000239268149016, 0.00026626046747, -0.000205737771466, 0.000115752176498, 9.85685692285e-05, 8.36751714814e-05], [-0.000117304065498, 0.00128924264573, 0.000229839730309, -0.000401783501729, -9.12195100682e-05, -0.00047001693747, -6.20273858658e-05, -0.000239283224801, -0.000163495569723, 0.000352761795511, -0.000345347012626, -0.000113073809189, -7.50538447392e-06], [8.31846555229e-05, 0.000229839730309, 0.00213303579949, -0.000839306798298, 0.000208209821722, -0.00121815712191, -4.8308778787e-05, 8.91895615496e-05, -5.13659142598e-05, 0.000488974968903, 0.000134083587909, 9.28256267798e-05, -8.78070422914e-05], [-7.09057785571e-05, -0.000401783501729, -0.000839306798298, 0.00453710230067, -0.00216952129267, -1.67965276887e-06, -0.000914030882996, -0.000137324692332, 0.0004024146765, -0.000304743385641, 0.00080013088882, -0.000526220479514, -6.63641330902e-05], [4.90979291499e-05, -9.12195100682e-05, 0.000208209821722, -0.00216952129267, 0.00571231963113, -0.00213216291741, 0.00219909683801, -0.00105450884439, 8.33975573187e-05, -0.00160156097263, -0.00038195840898, 0.000996886286885, -0.00107610295527], [-6.48735149298e-05, -0.00047001693747, -0.00121815712191, -1.67965276887e-06, -0.00213216291741, 0.00889724027365, -0.00463128509, 0.000718906638213, -0.0012701874366, 0.000492314109579, -0.000742215430364, 8.88637878234e-05, 0.000392366957385], [0.000201980845304, -6.20273858658e-05, -4.8308778787e-05, -0.000914030882996, 0.00219909683801, -0.00463128509, 0.0107933059335, -0.00522843748331, 0.000594428740442, -0.00107694417238, 0.000165935693076, -0.00232611619867, 0.000743922544643], [-0.000239268149016, -0.000239283224801, 8.91895615496e-05, -0.000137324692332, -0.00105450884439, 0.000718906638213, -0.00522843748331, 0.0131778996438, -0.00653451355174, 0.00277017243207, -0.00310966768302, 0.00120478193276, -0.00102399592288], [0.00026626046747, -0.000163495569723, -5.13659142598e-05, 0.0004024146765, 8.33975573187e-05, -0.0012701874366, 0.000594428740442, -0.00653451355174, 0.0165565833449, -0.0091867018491, 0.0038528314326, -0.000143659985042, -0.000292815529974], [-0.000205737771466, 0.000352761795511, 0.000488974968903, -0.000304743385641, -0.00160156097263, 0.000492314109579, -0.00107694417238, 0.00277017243207, -0.0091867018491, 0.0165194999427, -0.00873333215714, 0.00203851470724, -0.000219290683162], [0.000115752176498, -0.000345347012626, 0.000134083587909, 0.00080013088882, -0.00038195840898, -0.000742215430364, 0.000165935693076, -0.00310966768302, 0.0038528314326, -0.00873333215714, 0.0201837867498, -0.00855757575482, 0.00367363728583], [9.85685692285e-05, -0.000113073809189, 9.28256267798e-05, -0.000526220479514, 0.000996886286885, 8.88637878234e-05, -0.00232611619867, 0.00120478193276, -0.000143659985042, 0.00203851470724, -0.00855757575482, 0.0193993467838, -0.00656350422651], [8.36751714814e-05, -7.50538447392e-06, -8.78070422914e-05, -6.63641330902e-05, -0.00107610295527, 0.000392366957385, 0.000743922544643, -0.00102399592288, -0.000292815529974, -0.000219290683162, 0.00367363728583, -0.00656350422651, 0.0182310175151]], "mean": [-654.935913086, 81.2532119751, -20.6327896118, 9.57569122314, -0.0648419111967, 5.19781351089, -14.3313102722, 0.85764670372, -4.02034044266, 0.280376881361, -2.40063667297, -2.21658635139, -1.47763645649]}, "pitch_salience": {"dmean": 0.0771127343178, "dmean2": 0.123128086329, "dvar": 0.00560505269095, "dvar2": 0.0138911660761, "max": 0.916552066803, "mean": 0.613208651543, "median": 0.626682281494, "min": 0.0718613639474, "var": 0.0122298160568}, "silence_rate_20dB": {"dmean": 0, "dmean2": 0, "dvar": 0, "dvar2": 0, "max": 1, "mean": 1, "median": 1, "min": 1, "var": 0}, "silence_rate_30dB": {"dmean": 0.00081226520706, "dmean2": 0.00162469537463, "dvar": 0.000811492674984, "dvar2": 0.00243395287544, "max": 1, "mean": 0.999593913555, "median": 1, "min": 0, "var": 0.000405970029533}, "silence_rate_60dB": {"dmean": 0.0720885396004, "dmean2": 0.144191712141, "dvar": 0.0668883249164, "dvar2": 0.1422842592, "max": 1, "mean": 0.165482237935, "median": 0, "min": 0, "var": 0.138103604317}, "spectral_centroid": {"dmean": 333.438720703, "dmean2": 503.632873535, "dvar": 140281.71875, "dvar2": 291481.75, "max": 11793.6201172, "mean": 2101.14404297, "median": 1980.04541016, "min": 223.610412598, "var": 1527781.125}, "spectral_complexity": {"dmean": 4.79216146469, "dmean2": 6.67039012909, "dvar": 32.4760284424, "dvar2": 58.5767021179, "max": 65, "mean": 20.4229450226, "median": 20, "min": 0, "var": 152.907974243}, "spectral_contrast_coeffs": {"dmean": [0.0574999712408, 0.0514414682984, 0.0381485298276, 0.0336137637496, 0.0277128331363, 0.0219594016671], "dmean2": [0.0921723544598, 0.0829242989421, 0.0616438947618, 0.0538810268044, 0.0441972315311, 0.0342863574624], "dvar": [0.00242704246193, 0.00196045730263, 0.00100427179132, 0.000762737297919, 0.000611050694715, 0.000337398349075], "dvar2": [0.0060527776368, 0.00500559806824, 0.0025058221072, 0.00187578576151, 0.00152162753511, 0.000790312536992], "max": [-0.334230780602, -0.448879241943, -0.498763352633, -0.535985887051, -0.493923217058, -0.55361443758], "mean": [-0.653126299381, -0.748299777508, -0.783809483051, -0.770958542824, -0.773002684116, -0.746184587479], "median": [-0.650094985962, -0.752729356289, -0.787941098213, -0.773397803307, -0.771079778671, -0.742829084396], "min": [-0.982796669006, -0.980898737907, -0.978036105633, -0.970575749874, -0.96651917696, -0.965431571007], "var": [0.00938504561782, 0.00585644086823, 0.00426077283919, 0.00395107222721, 0.00303376698866, 0.00210795202293]}, "spectral_contrast_valleys": {"dmean": [0.589954257011, 0.421160846949, 0.393293380737, 0.349560528994, 0.33278888464, 0.350413382053], "dmean2": [0.866758346558, 0.644054055214, 0.581039190292, 0.504252493382, 0.461251437664, 0.474586009979], "dvar": [0.347127169371, 0.167151123285, 0.166460439563, 0.152475759387, 0.153908863664, 0.124347232282], "dvar2": [0.604557037354, 0.332240283489, 0.301920801401, 0.253899097443, 0.285743236542, 0.221216514707], "max": [-5.23613786697, -5.05222606659, -4.76036119461, -5.3771109581, -5.41775417328, -7.34234333038], "mean": [-8.65687084198, -7.3865904808, -7.73247861862, -7.75109195709, -7.82960176468, -10.2482948303], "median": [-8.33993816376, -6.93190336227, -7.334233284, -7.33187294006, -7.43401908875, -9.87188148499], "min": [-28.5073623657, -28.1816082001, -27.8491897583, -27.7218456268, -27.5027751923, -27.4155349731], "var": [6.88962316513, 6.7755947113, 6.56517219543, 6.5742483139, 6.50598573685, 5.3226017952]}, "spectral_decrease": {"dmean": 2.59242272094e-09, "dmean2": 3.82923337483e-09, "dvar": 2.20665847045e-17, "dvar2": 5.11705937588e-17, "max": 2.53936631692e-28, "mean": -4.26551372001e-09, "median": -2.36578578949e-09, "min": -3.71373332086e-08, "var": 3.02230851614e-17}, "spectral_energy": {"dmean": 0.0103743951768, "dmean2": 0.0150770423934, "dvar": 0.000325132161379, "dvar2": 0.000740799237974, "max": 0.146627441049, "mean": 0.018202541396, "median": 0.0105918738991, "min": 9.95770684266e-21, "var": 0.000489852274768}, "spectral_energyband_high": {"dmean": 0.000624767737463, "dmean2": 0.000908041663934, "dvar": 1.76277342234e-06, "dvar2": 3.91156117985e-06, "max": 0.0282479058951, "mean": 0.00109921803232, "median": 0.000583473069128, "min": 7.03853960894e-21, "var": 3.33309776579e-06}, "spectral_energyband_low": {"dmean": 0.00584770878777, "dmean2": 0.00982290599495, "dvar": 0.000249302334851, "dvar2": 0.000632986484561, "max": 0.0983617007732, "mean": 0.00475042220205, "median": 0.000328649126459, "min": 1.24011876752e-23, "var": 0.000198505207663}, "spectral_energyband_middle_high": {"dmean": 0.00270766927861, "dmean2": 0.0039541949518, "dvar": 1.56976693688e-05, "dvar2": 3.33873722411e-05, "max": 0.0681661888957, "mean": 0.00681621814147, "median": 0.00434476183727, "min": 1.06939216197e-21, "var": 5.30495854036e-05}, "spectral_energyband_middle_low": {"dmean": 0.0039925868623, "dmean2": 0.00626177713275, "dvar": 4.71948114864e-05, "dvar2": 0.000117162853712, "max": 0.0747575387359, "mean": 0.00615207664669, "median": 0.00356304086745, "min": 1.54511762125e-22, "var": 6.05666282354e-05}, "spectral_entropy": {"dmean": 0.134915277362, "dmean2": 0.204832911491, "dvar": 0.0182639006525, "dvar2": 0.0410268865526, "max": 9.82206439972, "mean": 7.89524888992, "median": 7.86253643036, "min": 6.62801742554, "var": 0.120866686106}, "spectral_flux": {"dmean": 0.0305586401373, "dmean2": 0.0428873039782, "dvar": 0.00158278958406, "dvar2": 0.00286810030229, "max": 0.371691226959, "mean": 0.0847017094493, "median": 0.0674982592463, "min": 6.31324229006e-11, "var": 0.00415266584605}, "spectral_kurtosis": {"dmean": 1.07213866711, "dmean2": 1.72836506367, "dvar": 1.13961613178, "dvar2": 2.91756176949, "max": 25.6588096619, "mean": 3.36804676056, "median": 3.19759654999, "min": -1.26239550114, "var": 3.59834384918}, "spectral_rms": {"dmean": 0.00100191764068, "dmean2": 0.00132895668503, "dvar": 1.67651626271e-06, "dvar2": 3.33180014422e-06, "max": 0.0119603993371, "mean": 0.00358839193359, "median": 0.00321458186954, "min": 3.11686310442e-12, "var": 4.8821107157e-06}, "spectral_rolloff": {"dmean": 815.401062012, "dmean2": 1320.15783691, "dvar": 1527944, "dvar2": 3254710.5, "max": 19573.6816406, "mean": 2961.41381836, "median": 2433.25195313, "min": 64.599609375, "var": 6580917}, "spectral_skewness": {"dmean": 0.183395832777, "dmean2": 0.290080964565, "dvar": 0.0306602790952, "dvar2": 0.0717076733708, "max": 3.18956255913, "mean": 1.36234605312, "median": 1.39253640175, "min": -0.106538966298, "var": 0.129090547562}, "spectral_spread": {"dmean": 564667.25, "dmean2": 845810.5625, "dvar": 567141531648, "dvar2": 1101477707780.0, "max": 43501040, "mean": 5250169, "median": 4606312, "min": 1874713.5, "var": 192