{"lowlevel": {"average_loudness": 0.91619759798, "barkbands": {"dmean": [0.000137352923048, 0.00158939289395, 0.00118217989802, 0.00149845995475, 0.00146711815614, 0.000486949516926, 0.000761633156799, 0.000713486107998, 0.000466899306048, 0.000806757539976, 0.000555843289476, 0.000562789442483, 0.000451451429399, 0.000558644183911, 0.00053174427012, 0.00034248791053, 0.000306404253934, 0.000385588296922, 0.000309395691147, 0.000256545288721, 0.000255553401075, 0.000148412014823, 0.000122374607599, 0.000106597501144, 9.47535663727e-05, 7.65097793192e-05, 2.74132453342e-05], "dmean2": [0.000236576190218, 0.00273765460588, 0.00198399531655, 0.0025795577094, 0.00247397040948, 0.000777506735176, 0.00119257613551, 0.00109109969344, 0.000733393942937, 0.00122414436191, 0.00084605824668, 0.000858628656715, 0.000708665582351, 0.000873061188031, 0.000830341770779, 0.000531731231604, 0.000494544452522, 0.000616790086497, 0.000513493549079, 0.000416805705754, 0.000420634227339, 0.000229622994084, 0.000184817559784, 0.000156931637321, 0.000132394518005, 0.000111427318188, 4.02867080993e-05], "dvar": [4.38341913878e-08, 1.82723288162e-05, 6.11608311374e-06, 4.51912137578e-06, 4.12811095885e-06, 8.05468175713e-07, 2.33577384279e-06, 2.65903827312e-06, 1.38947962114e-06, 3.39581288245e-06, 2.84771294901e-06, 2.02525029636e-06, 1.43369231864e-06, 3.07307141156e-06, 1.8182754502e-06, 9.47334001467e-07, 2.80444908185e-07, 4.03659271342e-07, 2.0691696534e-07, 1.77715278937e-07, 2.05723239333e-07, 9.19749680861e-08, 1.09753337085e-07, 1.05450176591e-07, 8.42874428031e-08, 5.08511242003e-08, 5.62443380758e-09], "dvar2": [1.23867280877e-07, 4.91627324664e-05, 1.6239389879e-05, 1.26063587231e-05, 1.0983246284e-05, 1.94301628653e-06, 5.46301271243e-06, 6.00533030592e-06, 3.31011733579e-06, 7.36180845706e-06, 6.29586838841e-06, 4.47054299002e-06, 3.23369954458e-06, 7.25540076019e-06, 4.09369795307e-06, 1.9763117507e-06, 6.97157190643e-07, 9.85855763247e-07, 5.33373793132e-07, 4.42299125325e-07, 5.27416148088e-07, 2.00960769803e-07, 2.26343360055e-07, 2.16753875293e-07, 1.72162344825e-07, 1.19049104796e-07, 1.35751285768e-08], "max": [0.00250876299106, 0.0366474576294, 0.0365674123168, 0.0221563354135, 0.0245991293341, 0.0248452518135, 0.0317995473742, 0.0312321130186, 0.0684875622392, 0.0653710737824, 0.0453629083931, 0.0438189990819, 0.0408150404692, 0.0513382218778, 0.0280803535134, 0.0295624043792, 0.0141655066982, 0.0134404022247, 0.00742636574432, 0.0119674531743, 0.00763176800683, 0.00532808434218, 0.0122857186943, 0.00781658105552, 0.00817155186087, 0.00556471245363, 0.00193066638894], "mean": [0.000195962114958, 0.00163634493947, 0.00159382645506, 0.00185035925824, 0.00250587565824, 0.00096455932362, 0.00140319415368, 0.00130851834547, 0.000765097851399, 0.00141465116758, 0.000824872928206, 0.000974753173068, 0.000684824713971, 0.000800693465862, 0.000804385170341, 0.000562309287488, 0.000555040722247, 0.000713189947419, 0.000664489052724, 0.000526367453858, 0.000544677895959, 0.000324892345816, 0.000239603425143, 0.000196690452867, 0.000156338966917, 0.000102886326204, 3.52662027581e-05], "median": [0.000142125878483, 0.000684276747052, 0.000947753083892, 0.00111308833584, 0.00180189218372, 0.000581660307944, 0.000641887425445, 0.000482968171127, 0.000328545283992, 0.000562225992326, 0.000214542611502, 0.000266014918452, 0.000160635463544, 0.000199382018764, 0.000250722951023, 0.000172642467078, 0.000315859448165, 0.000418846146204, 0.000476660265122, 0.000355237687472, 0.00037751608761, 0.000178329559276, 0.000106822611997, 7.8640790889e-05, 5.70597076148e-05, 3.25810760842e-05, 8.57124905451e-06], "min": [1.61632235226e-24, 6.34635916123e-24, 6.14998969243e-25, 1.1831951168e-24, 9.33882569682e-24, 6.1651720108e-24, 4.44150659416e-24, 1.40254451793e-23, 3.14670493532e-23, 2.63204009007e-23, 1.47528064883e-23, 4.33756872675e-23, 2.4131605345e-23, 3.95026326584e-23, 6.69557368448e-23, 7.6187025023e-23, 8.04587320683e-23, 1.0489911966e-22, 1.37398617544e-22, 1.79247196317e-22, 2.80310880566e-22, 3.19183699299e-22, 3.90761075576e-22, 5.66755943531e-22, 9.14378091085e-22, 1.20662184968e-21, 1.87586084649e-21], "var": [4.26277217969e-08, 1.37239976539e-05, 5.52501842321e-06, 4.97726250615e-06, 6.41308406557e-06, 1.71439626229e-06, 5.43850956092e-06, 6.63216542307e-06, 2.20502897719e-06, 8.54403333506e-06, 5.01970134792e-06, 4.92979233968e-06, 2.83685176328e-06, 4.71333351015e-06, 3.30246211888e-06, 2.08079245567e-06, 5.44380725387e-07, 8.4349608187e-07, 4.58085878563e-07, 3.56550202696e-07, 3.33624399218e-07, 1.85676810815e-07, 2.46673096171e-07, 1.82935110615e-07, 1.32086924509e-07, 5.96652398599e-08, 6.63107835308e-09]}, "barkbands_crest": {"dmean": 2.14700579643, "dmean2": 3.5150642395, "dvar": 3.84542536736, "dvar2": 9.88177108765, "max": 24.167924881, "mean": 7.34731197357, "median": 6.53177309036, "min": 2.24741530418, "var": 11.0323400497}, "barkbands_flatness_db": {"dmean": 0.0144793139771, "dmean2": 0.0221811980009, "dvar": 0.000201676215511, "dvar2": 0.000422331650043, "max": 0.27817440033, "mean": 0.0759674981236, "median": 0.0709535330534, "min": 0.0124500691891, "var": 0.00103280611802}, "barkbands_kurtosis": {"dmean": 1.13970601559, "dmean2": 1.79489827156, "dvar": 4.91716241837, "dvar2": 10.6791753769, "max": 77.5382003784, "mean": 0.81632232666, "median": -0.378136515617, "min": -1.94598639011, "var": 17.179233551}, "barkbands_skewness": {"dmean": 0.383489131927, "dmean2": 0.599719941616, "dvar": 0.145961791277, "dvar2": 0.333124548197, "max": 7.53831100464, "mean": 0.825320005417, "median": 0.672486782074, "min": -2.09175634384, "var": 0.805566489697}, "barkbands_spread": {"dmean": 6.28080606461, "dmean2": 9.54266452789, "dvar": 48.5817985535, "dvar2": 98.1062927246, "max": 140.434265137, "mean": 34.3307304382, "median": 32.9951934814, "min": 2.33675074577, "var": 232.872070312}, "dissonance": {"dmean": 0.0132064968348, "dmean2": 0.0223569031805, "dvar": 0.000189481797861, "dvar2": 0.000516783737112, "max": 0.500000178814, "mean": 0.476757198572, "median": 0.481274425983, "min": 0.27124530077, "var": 0.000353300827555}, "dynamic_complexity": 3.05843138695, "erbbands": {"dmean": [0.0405069924891, 0.398164123297, 1.31729400158, 3.1318423748, 5.43061208725, 4.70086956024, 4.07657241821, 4.01773834229, 9.31744384766, 13.1519994736, 14.4416151047, 11.3332748413, 14.4533948898, 27.5560569763, 22.0209693909, 20.7711315155, 20.3960075378, 22.3002319336, 28.6963443756, 21.3747024536, 17.1851959229, 14.5954208374, 18.3970584869, 17.0379142761, 13.9331474304, 12.7155847549, 11.6529178619, 8.53424453735, 5.20647335052, 4.45109033585, 3.54975914955, 2.59830522537, 1.58629953861, 1.11541736126, 0.682906031609, 0.334591060877, 0.141547873616, 0.0411439947784, 0.00490390416235, 0.000126609505969], "dmean2": [0.0699580311775, 0.696331083775, 2.22523188591, 5.30062150955, 9.34653949738, 7.89403629303, 6.63682699203, 6.44071912766, 14.6214962006, 20.6746940613, 21.7931652069, 17.8626461029, 21.8853549957, 41.3253479004, 33.293056488, 31.3680458069, 31.7785358429, 34.5144119263, 44.0313262939, 34.1472740173, 26.6957378387, 23.3173027039, 29.2547149658, 27.7752246857, 23.130147934, 20.8055686951, 19.1228580475, 13.9395523071, 8.18350601196, 6.74068832397, 5.28275060654, 3.83678793907, 2.33180618286, 1.60543811321, 0.965955495834, 0.484902828932, 0.210052803159, 0.0606709718704, 0.00715191382915, 0.000186360819498], "dvar": [0.0119153670967, 1.17064297199, 9.21455764771, 18.8266334534, 68.3087005615, 44.2223243713, 48.1628036499, 67.58543396, 353.945281982, 935.588684082, 1028.14807129, 948.724365234, 1211.37084961, 4452.01416016, 3809.1965332, 2748.67456055, 3028.03710938, 5608.7890625, 5504.31835938, 3369.06933594, 1602.66662598, 606.111206055, 969.194396973, 677.251525879, 482.848907471, 484.180725098, 347.615753174, 325.782958984, 115.186714172, 99.2121734619, 97.6796875, 54.9295806885, 27.427570343, 13.0396261215, 4.30873775482, 1.09976708889, 0.184933289886, 0.0144695527852, 0.000152979948325, 9.5042274495e-08], "dvar2": [0.0317168831825, 3.22753238678, 24.7674350739, 50.3598937988, 193.305679321, 117.848197937, 114.828460693, 166.068115234, 817.060119629, 2234.79907227, 2216.70751953, 2410.8840332, 2765.55004883, 9438.12792969, 8132.19726562, 6440.29345703, 6753.28027344, 13102.7939453, 12503.3798828, 8139.63671875, 3587.32006836, 1483.89196777, 2351.06665039, 1696.03430176, 1270.46069336, 1222.25476074, 899.255493164, 834.011108398, 257.516052246, 201.728744507, 203.307830811, 115.98374176, 57.0471916199, 27.4446907043, 8.98684978485, 2.48364663124, 0.449009954929, 0.0357963629067, 0.000352379021933, 2.19853518502e-07], "max": [0.943991422653, 9.94207572937, 43.5630836487, 47.1904525757, 112.598899841, 105.852134705, 215.614135742, 232.718582153, 483.093841553, 827.215454102, 784.493591309, 1807.67077637, 1199.12719727, 2375.08520508, 1936.97595215, 1743.72741699, 2169.15356445, 3005.2265625, 1561.16003418, 1739.65002441, 1216.0970459, 406.033538818, 665.767333984, 505.603851318, 380.448120117, 726.14465332, 316.112854004, 354.551940918, 191.576416016, 302.619232178, 367.424713135, 169.032989502, 128.3722229, 94.4747009277, 61.8567504883, 27.3821296692, 11.0643835068, 2.65338110924, 0.324384272099, 0.00724593596533], "mean": [0.0388149283826, 0.409536898136, 1.77834320068, 4.29676008224, 7.69236755371, 7.86480665207, 8.02582931519, 7.53639554977, 17.1489067078, 23.3676071167, 28.7780094147, 19.4696140289, 25.7942485809, 49.9723892212, 39.2005767822, 37.8691635132, 33.8311500549, 35.9264526367, 47.8847465515, 37.8183631897, 31.0445518494, 30.1341724396, 36.4769897461, 37.6617279053, 30.1677742004, 26.2477474213, 24.7765235901, 17.9098720551, 11.6637096405, 8.92408466339, 6.74420309067, 4.77007293701, 2.83824586868, 1.85635519028, 1.06912827492, 0.467325299978, 0.183836400509, 0.0534738115966, 0.0064420835115, 0.000183870186447], "median": [0.0146875344217, 0.179443895817, 1.02888059616, 2.77559280396, 5.04805660248, 5.41502094269, 4.74983263016, 4.4688334465, 7.88674068451, 10.2898111343, 11.6570682526, 9.76917457581, 12.6136245728, 20.4079704285, 15.409321785, 13.3262748718, 10.040802002, 10.3622074127, 15.6171951294, 11.1291694641, 14.1756820679, 18.5276622772, 22.346529007, 26.8125114441, 21.7708187103, 17.9380207062, 17.1791954041, 12.2957324982, 6.72607040405, 4.1540222168, 2.88722920418, 1.95377016068, 1.11103343964, 0.680219769478, 0.382264494896, 0.15461987257, 0.0553025566041, 0.0142280366272, 0.00158673722763, 7.08687730366e-05], "min": [1.57364396754e-22, 1.2289863214e-21, 1.41064354458e-21, 3.5916440691e-21, 5.89728239521e-21, 2.68241085563e-20, 5.68856824767e-20, 6.92513605501e-20, 6.84137367823e-20, 2.04287115672e-19, 2.42684632911e-19, 4.49422529641e-19, 8.00687361701e-19, 9.80415304041e-19, 1.14939682605e-18, 2.12219886313e-18, 1.07220660604e-18, 2.33404478109e-18, 3.4776922883e-18, 3.47512926917e-18, 4.46358445857e-18, 5.92265330414e-18, 5.94876036504e-18, 8.40217227161e-18, 7.02116942353e-18, 8.70063971613e-18, 1.1302225313e-17, 1.12001148295e-17, 1.12594253338e-17, 1.22961068072e-17, 9.69403400097e-18, 1.07927689096e-17, 1.03358996865e-17, 8.04276808572e-18, 6.79280098643e-18, 4.1986418171e-18, 2.44413011291e-18, 1.07245848253e-18, 2.48199316808e-19, 2.85006049407e-20], "var": [0.0089665800333, 0.833165109158, 7.73265171051, 23.3964366913, 80.1802444458, 71.9658660889, 115.173866272, 122.796447754, 852.333740234, 1914.43383789, 2816.23950195, 1315.2088623, 2138.24316406, 11537.9902344, 7546.38818359, 6578.87158203, 6307.27490234, 9980.34765625, 11543.9677734, 10034.3671875, 3471.13500977, 1461.34020996, 2103.60083008, 1561.04882812, 966.098327637, 936.939147949, 671.490234375, 439.836090088, 223.734451294, 216.744827271, 217.022644043, 93.5286865234, 45.6294631958, 19.4093284607, 6.49964046478, 1.3321685791, 0.203366473317, 0.0156633462757, 0.000204948708415, 1.23978864508e-07]}, "erbbands_crest": {"dmean": 2.45413064957, "dmean2": 3.88195896149, "dvar": 6.10323619843, "dvar2": 14.3932971954, "max": 32.0742340088, "mean": 8.14270687103, "median": 6.84155845642, "min": 2.4376013279, "var": 19.9050483704}, "erbbands_flatness_db": {"dmean": 0.0157670155168, "dmean2": 0.0220361463726, "dvar": 0.00026757872547, "dvar2": 0.000474095490063, "max": 0.34892219305, "mean": 0.130113348365, "median": 0.126632809639, "min": 0.0402467399836, "var": 0.00141554628499}, "erbbands_kurtosis": {"dmean": 0.615820407867, "dmean2": 0.964237391949, "dvar": 1.18087315559, "dvar2": 2.5362610817, "max": 42.7767410278, "mean": -0.107522599399, "median": -0.572842240334, "min": -1.70556712151, "var": 3.09092712402}, "erbbands_skewness": {"dmean": 0.293469697237, "dmean2": 0.450696140528, "dvar": 0.0762933492661, "dvar2": 0.1706174016, "max": 3.22485589981, "mean": -0.0258988365531, "median": -0.0811289548874, "min": -2.79414367676, "var": 0.357152193785}, "erbbands_spread": {"dmean": 7.13281536102, "dmean2": 10.7341804504, "dvar": 49.6303253174, "dvar2": 107.853118896, "max": 148.983810425, "mean": 42.7428627014, "median": 41.1317749023, "min": 2.32991409302, "var": 285.692108154}, "gfcc": {"cov": [[20029.9394531, 241.371047974, -738.890441895, -36.1908187866, -385.601654053, 94.5764694214, -362.324066162, -18.4886569977, -247.032409668, 4.10009860992, -272.42199707, -58.7577629089, -230.23348999], [241.371047974, 843.349914551, -387.088989258, 155.336715698, -14.5417966843, -49.9420547485, 80.3681793213, -31.526342392, -24.0541992188, -40.7301673889, 49.6866264343, -41.1108970642, 56.5124740601], [-738.890441895, -387.088989258, 830.666809082, -84.3971633911, 65.5282211304, -31.6692218781, -34.816860199, 7.2017788887, -0.615346610546, 4.19405221939, -36.6355056763, 62.6738891602, -20.4486694336], [-36.1908187866, 155.336715698, -84.3971633911, 264.060272217, -49.455242157, -18.0838165283, 9.13280105591, 3.88902997971, 14.853685379, -36.2245254517, -12.8376865387, -12.0766839981, 23.9289608002], [-385.601654053, -14.5417966843, 65.5282211304, -49.455242157, 216.233932495, 28.9110679626, 32.8715553284, 10.2182998657, 11.7838182449, 17.0727024078, -2.65285801888, 1.19304597378, 2.959649086], [94.5764694214, -49.9420547485, -31.6692218781, -18.0838165283, 28.9110679626, 142.342269897, 17.7643718719, 1.77344989777, -12.4502973557, 10.5067749023, 19.2354412079, -11.5319404602, -16.8370361328], [-362.324066162, 80.3681793213, -34.816860199, 9.13280105591, 32.8715553284, 17.7643718719, 148.376235962, 13.8898124695, -13.6081380844, -17.376411438, 14.2801132202, 1.82883548737, 5.28125190735], [-18.4886569977, -31.526342392, 7.2017788887, 3.88902997971, 10.2182998657, 1.77344989777, 13.8898124695, 93.0046234131, 32.0763053894, 4.17160654068, -13.1689367294, -0.93118429184, -0.931003391743], [-247.032409668, -24.0541992188, -0.615346610546, 14.853685379, 11.7838182449, -12.4502973557, -13.6081380844, 32.0763053894, 88.3352508545, 29.3623924255, -3.18813252449, -10.9576091766, -2.29330945015], [4.10009860992, -40.7301673889, 4.19405221939, -36.2245254517, 17.0727024078, 10.5067749023, -17.376411438, 4.17160654068, 29.3623924255, 77.2447891235, 26.2019290924, -4.4267206192, -22.1949234009], [-272.42199707, 49.6866264343, -36.6355056763, -12.8376865387, -2.65285801888, 19.2354412079, 14.2801132202, -13.1689367294, -3.18813252449, 26.2019290924, 78.6896820068, 9.81027793884, -5.46669578552], [-58.7577629089, -41.1108970642, 62.6738891602, -12.0766839981, 1.19304597378, -11.5319404602, 1.82883548737, -0.93118429184, -10.9576091766, -4.4267206192, 9.81027793884, 61.4092445374, 20.507774353], [-230.23348999, 56.5124740601, -20.4486694336, 23.9289608002, 2.959649086, -16.8370361328, 5.28125190735, -0.931003391743, -2.29330945015, -22.1949234009, -5.46669578552, 20.507774353, 70.0264282227]], "icov": [[7.0944755862e-05, -7.36683432478e-05, 7.24123892724e-05, 2.87059556285e-05, 9.60797842708e-05, -9.84217840596e-05, 0.000180643692147, -7.13600384188e-05, 0.000249819189776, -0.000156756999786, 0.000424464175012, -0.000216862958041, 0.000316886289511], [-7.36683432478e-05, 0.00220237229951, 0.000643137958832, -0.000893408374395, -0.000527944590431, 0.0013022365747, -0.000891778618097, 0.000414300506236, 0.000414144800743, 0.000638047989924, -0.00213659694418, 0.00185965385754, -0.00161389529239], [7.24123892724e-05, 0.000643137958832, 0.00182022736408, 1.78694372153e-05, -0.000518096727319, 0.000561645196285, 0.000258307554759, 6.76112467772e-05, 0.000357613549568, 0.000135239140945, 0.000742534990422, -0.00161381764337, 0.000967997591943], [2.87059556285e-05, -0.000893408374395, 1.78694372153e-05, 0.00495987711474, 0.00112504384015, -0.000391470966861, 4.24099707743e-05, 2.8727505196e-05, -0.00182278081775, 0.00195610173978, 0.000842764158733, 0.000113714275358, -0.000425971287768], [9.60797842708e-05, -0.000527944590431, -0.000518096727319, 0.00112504384015, 0.00575597584248, -0.00152610230725, -0.00116527290083, -4.38301940449e-05, -0.000639937119558, -0.00164617376868, 0.00187974027358, -0.000189550482901, -0.000657148251776], [-9.84217840596e-05, 0.0013022365747, 0.000561645196285, -0.000391470966861, -0.00152610230725, 0.00891962461174, -0.00100945367012, -0.000542670197319, 0.00184162927326, 6.77782518324e-05, -0.00336512876675, 0.00264268787578, 0.000246456795139], [0.000180643692147, -0.000891778618097, 0.000258307554759, 4.24099707743e-05, -0.00116527290083, -0.00100945367012, 0.00873096287251, -0.00220552575774, 0.00162580865435, 0.00200857408345, -0.000802668044344, -0.00105398683809, 0.00142915325705], [-7.13600384188e-05, 0.000414300506236, 6.76112467772e-05, 2.8727505196e-05, -4.38301940449e-05, -0.000542670197319, -0.00220552575774, 0.0133982189, -0.00557748088613, 0.000489192258101, 0.00204263487831, -0.000999977230094, 8.15046514617e-05], [0.000249819189776, 0.000414144800743, 0.000357613549568, -0.00182278081775, -0.000639937119558, 0.00184162927326, 0.00162580865435, -0.00557748088613, 0.0179719924927, -0.00763034028932, 0.0016264404403, 0.00275662983768, -0.00102269358467], [-0.000156756999786, 0.000638047989924, 0.000135239140945, 0.00195610173978, -0.00164617376868, 6.77782518324e-05, 0.00200857408345, 0.000489192258101, -0.00763034028932, 0.0219330023974, -0.00832901522517, 0.000686257670168, 0.00413225824013], [0.000424464175012, -0.00213659694418, 0.000742534990422, 0.000842764158733, 0.00187974027358, -0.00336512876675, -0.000802668044344, 0.00204263487831, 0.0016264404403, -0.00832901522517, 0.0213424377143, -0.00708583928645, 0.00340245454572], [-0.000216862958041, 0.00185965385754, -0.00161381764337, 0.000113714275358, -0.000189550482901, 0.00264268787578, -0.00105398683809, -0.000999977230094, 0.00275662983768, 0.000686257670168, -0.00708583928645, 0.0243130195886, -0.00937991030514], [0.000316886289511, -0.00161389529239, 0.000967997591943, -0.000425971287768, -0.000657148251776, 0.000246456795139, 0.00142915325705, 8.15046514617e-05, -0.00102269358467, 0.00413225824013, 0.00340245454572, -0.00937991030514, 0.0213220082223]], "mean": [20.3451156616, 58.4706420898, -116.061286926, 32.9727630615, -57.3917350769, 4.85857582092, -30.3486328125, 7.12640190125, -29.7063179016, -0.774263381958, -20.5663852692, -1.23416173458, -14.8422288895]}, "hfc": {"dmean": 9.01877784729, "dmean2": 12.903755188, "dvar": 209.030807495, "dvar2": 427.238525391, "max": 219.189147949, "mean": 30.7249450684, "median": 25.9958190918, "min": 1.07467371357e-16, "var": 590.306091309}, "melbands": {"dmean": [0.00039643511991, 0.000623965635896, 0.000595926772803, 0.000375132018235, 0.00014313030988, 9.2303067504e-05, 0.000145109966979, 0.000147982151248, 0.000108614767669, 6.951791147e-05, 7.74431027821e-05, 0.000118526499136, 7.95162995928e-05, 6.93296315148e-05, 4.74131084047e-05, 4.43972385256e-05, 4.38585593656e-05, 5.14454404765e-05, 3.34127216775e-05, 2.66038496193e-05, 2.16249118239e-05, 1.72767922777e-05, 1.66525751411e-05, 2.10543257708e-05, 1.48122298924e-05, 1.32676605062e-05, 9.18760815694e-06, 8.58323983266e-06, 8.50409105624e-06, 6.39615518594e-06, 5.05509706272e-06, 3.23741937791e-06, 2.91919423034e-06, 2.53058874478e-06, 2.22239305003e-06, 1.78212451374e-06, 1.65791641393e-06, 1.21443315493e-06, 9.78026150733e-07, 9.82416395345e-07], "dmean2": [0.000680301105604, 0.00106341787614, 0.00101755151991, 0.00063561060233, 0.000235052284552, 0.000147548751556, 0.000227063268539, 0.00023147489992, 0.000164536075317, 0.000109931927, 0.000117002717161, 0.000178514441359, 0.000120870572573, 0.000103537895484, 7.38824965083e-05, 6.9212532253e-05, 6.84181723045e-05, 7.90557678556e-05, 5.22435511812e-05, 4.11848668591e-05, 3.40610604326e-05, 2.76876999123e-05, 2.69304309768e-05, 3.38298304996e-05, 2.43212271016e-05, 2.21441769099e-05, 1.52838219947e-05, 1.4081196241e-05, 1.41644986797e-05, 1.06522556962e-05, 8.28745760373e-06, 5.23250901097e-06, 4.54492146673e-06, 3.92761285184e-06, 3.36148923452e-06, 2.63685774371e-06, 2.52466657003e-06, 1.8376179014e-06, 1.45214346503e-06, 1.44955004089e-06], "dvar": [1.14190788736e-06, 2.36438972934e-06, 7.27828364688e-07, 2.83410940938e-07, 5.24829708581e-08, 3.37459162836e-08, 8.26616286531e-08, 1.1091227492e-07, 5.25413703656e-08, 3.93836074863e-08, 3.38297425628e-08, 8.18725922613e-08, 5.19306304625e-08, 3.31311760249e-08, 1.36969431352e-08, 1.66019447079e-08, 2.25039187285e-08, 2.09960546727e-08, 9.60515222914e-09, 6.51543841101e-09, 2.60352228665e-09, 9.84555881267e-10, 9.20320986086e-10, 1.4545541438e-09, 5.5120952247e-10, 4.18610368591e-10, 2.50308274108e-10, 2.13549899986e-10, 1.87268603402e-10, 1.39160641344e-10, 1.05451078425e-10, 4.30499629001e-11, 3.48616344126e-11, 3.40390979292e-11, 3.77748110569e-11, 2.58731456398e-11, 2.41774204823e-11, 1.66099391186e-11, 9.28442218939e-12, 1.03962498332e-11], "dvar2": [3.03396950585e-06, 6.4318760451e-06, 2.00050499188e-06, 7.58720602789e-07, 1.28839147351e-07, 8.2994986883e-08, 1.900458102e-07, 2.62454761923e-07, 1.12859908086e-07, 9.95097195755e-08, 7.64993899338e-08, 1.73734321152e-07, 1.13676463798e-07, 6.98466564586e-08, 3.23953202042e-08, 3.58692844316e-08, 5.28222052765e-08, 4.76170320951e-08, 2.23676135391e-08, 1.41759262107e-08, 5.79382097854e-09, 2.39041897387e-09, 2.31609309509e-09, 3.54238371969e-09, 1.39244060726e-09, 1.11247833168e-09, 6.42320530098e-10, 5.40589961684e-10, 4.95139373946e-10, 3.67076979924e-10, 2.65478861117e-10, 1.02871870744e-10, 7.45567080296e-11, 7.05169811432e-11, 7.91805510048e-11, 5.82395520698e-11, 5.31308018414e-11, 3.51799318843e-11, 1.99312615023e-11, 2.22332274119e-11], "max": [0.00880385097116, 0.0197804868221, 0.00857007876039, 0.00642949808389, 0.0058235200122, 0.00499426107854, 0.00692250719294, 0.00786811020225, 0.00545983854681, 0.0124632930383, 0.00601599970832, 0.0106199122965, 0.00680404854938, 0.00663891108707, 0.00317552848719, 0.00528800068423, 0.00604388024658, 0.00359705998562, 0.00239379121922, 0.00311193964444, 0.00174740829971, 0.000646004453301, 0.000735752051696, 0.000775849039201, 0.000412913708715, 0.000418740994064, 0.000349719688529, 0.000451331754448, 0.000278638995951, 0.000180747025297, 0.00020521285478, 0.000141014854307, 0.000103857950307, 0.00023607595358, 0.000265358627075, 0.000145986108691, 0.000123930542031, 0.000101466765045, 9.05128035811e-05, 8.33479716675e-05], "mean": [0.000402419391321, 0.000793324667029, 0.000837712199427, 0.000603040622082, 0.000281426036963, 0.000174417276867, 0.000269907555776, 0.000264391564997, 0.000216705011553, 0.000112412591989, 0.000132171320729, 0.00021031597862, 0.000130093845655, 0.00012079480075, 7.72205748945e-05, 6.70625813655e-05, 6.49809808237e-05, 7.97642060206e-05, 5.11209327669e-05, 4.43736207671e-05, 3.523875057e-05, 3.0795665225e-05, 3.02709122479e-05, 3.69954250345e-05, 2.9304454074e-05, 2.60502238234e-05, 1.77025249286e-05, 1.64059511008e-05, 1.65605579241e-05, 1.22328019643e-05, 9.80133609119e-06, 6.65061406835e-06, 5.749801403e-06, 4.59211332782e-06, 3.95626784666e-06, 3.24244660987e-06, 2.81749044007e-06, 2.06265735869e-06, 1.63974652878e-06, 1.54100848704e-06], "median": [0.000163911812706, 0.000436641450506, 0.000554266385734, 0.000410992302932, 0.000185280587175, 0.000103155034594, 0.000128354920889, 0.000115408969577, 9.21026876313e-05, 5.02743860125e-05, 6.08937552897e-05, 8.18931221147e-05, 4.17949268012e-05, 3.09601746267e-05, 2.46522322414e-05, 1.62259329954e-05, 1.54369918164e-05, 2.30882251344e-05, 1.53237888298e-05, 1.13837031677e-05, 1.50257419591e-05, 1.68406695593e-05, 1.69147824636e-05, 2.01599541469e-05, 1.99109708774e-05, 1.78442933247e-05, 1.18463667604e-05, 1.06877114376e-05, 1.07945297714e-05, 8.15494604467e-06, 6.45053205517e-06, 3.88542457586e-06, 2.68421672445e-06, 2.02279943551e-06, 1.65047697465e-06, 1.35757954922e-06, 1.09417203475e-06, 7.79154959218e-07, 6.33978174847e-07, 5.23932499163e-07], "min": [2.13575885935e-24, 1.31816142768e-24, 7.40514578568e-25, 6.55563183065e-25, 1.77830212015e-24, 1.48336388959e-24, 8.09493069159e-25, 3.28334163945e-24, 1.54658369558e-24, 3.72383407474e-24, 3.48504430101e-24, 2.94463237688e-24, 2.53671437494e-24, 5.1619720756e-24, 3.62926109069e-24, 2.67881129815e-24, 4.33076985016e-24, 4.70133134393e-24, 4.58494122825e-24, 3.3896209249e-24, 4.84690773538e-24, 4.42690517323e-24, 3.81206422269e-24, 4.66022735203e-24, 6.28814280415e-24, 4.76374089115e-24, 5.65658667989e-24, 5.15341135706e-24, 5.29977937043e-24, 6.83418127869e-24, 5.19172712009e-24, 6.10069130927e-24, 5.27033158727e-24, 6.02296247769e-24, 4.43868996629e-24, 7.2948626367e-24, 6.00803722937e-24, 5.29995213097e-24, 7.11119451872e-24, 5.85382754417e-24], "var": [8.71593670126e-07, 1.85097132999e-06, 8.30072679037e-07, 4.12117458382e-07, 1.18210017774e-07, 6.44536157779e-08, 2.00583443188e-07, 2.33872512467e-07, 1.45634871274e-07, 5.08803559285e-08, 6.04836287721e-08, 2.17471679775e-07, 9.97427420657e-08, 8.22901995434e-08, 2.86934156435e-08, 2.9633822507e-08, 3.77819127095e-08, 3.91610086581e-08, 1.61637085938e-08, 1.87015345432e-08, 5.20806819893e-09, 1.94078775273e-09, 1.95678606651e-09, 2.89860579983e-09, 1.11023812366e-09, 8.05818578531e-10, 4.34976304975e-10, 3.94844323903e-10, 3.57804896822e-10, 1.92088150941e-10, 1.43744224856e-10, 7.40403433008e-11, 7.25336249396e-11, 7.30093485668e-11, 8.734348661e-11, 4.34846984809e-11, 3.76758138576e-11, 2.71482194364e-11, 1.40714479999e-11, 1.47461452771e-11]}, "melbands_crest": {"dmean": 2.99892902374, "dmean2": 5.00814771652, "dvar": 6.8273730278, "dvar2": 18.107416153, "max": 35.1859169006, "mean": 10.8700494766, "median": 10.0966320038, "min": 1.62103784084, "var": 17.7909851074}, "melbands_flatness_db": {"dmean": 0.019223915413, "dmean2": 0.0301746260375, "dvar": 0.000349825393641, "dvar2": 0.000798488035798, "max": 0.372999608517, "mean": 0.131811350584, "median": 0.124853976071, "min": 0.00438801851124, "var": 0.00199255021289}, "melbands_kurtosis": {"dmean": 3.42543172836, "dmean2": 5.48678588867, "dvar": 34.309551239, "dvar2": 78.8139419556, "max": 188.90222168, "mean": 6.36143922806, "median": 3.11980509758, "min": -1.7528553009, "var": 117.173149109}, "melbands_skewness": {"dmean": 0.538005828857, "dmean2": 0.83891749382, "dvar": 0.300104171038, "dvar2": 0.715208172798, "max": 10.6672115326, "mean": 1.9347422123, "median": 1.74872136116, "min": -1.72298884392, "var": 1.54410505295}, "melbands_spread": {"dmean": 9.21820449829, "dmean2": 14.6789455414, "dvar": 109.030288696, "dvar2": 261.213104248, "max": 186.589569092, "mean": 40.006980896, "median": 39.1510620117, "min": 1.45449519157, "var": 387.26260376}, "mfcc": {"cov": [[9822.42480469, 448.019439697, -287.305480957, 10.922457695, -100.943275452, 43.1250953674, -41.4142456055, 23.8541488647, -24.8299999237, 38.9062461853, 22.7320461273, -15.1999139786, -44.6624946594], [448.019439697, 631.053100586, -142.621810913, 108.080810547, -27.963054657, 6.97730398178, 72.1969223022, 0.382445693016, 1.13818347454, -12.1169843674, -10.3723831177, 18.1980457306, -18.2344417572], [-287.305480957, -142.621810913, 497.395965576, 24.9228591919, 50.1165084839, -21.9821681976, -35.4213104248, 1.34679937363, -13.9365415573, -24.2296562195, -24.0783023834, -22.5039329529, 5.97611618042], [10.922457695, 108.080810547, 24.9228591919, 238.689483643, -14.9970331192, -14.4620723724, -13.2466497421, 20.9938220978, 39.5118103027, -25.6187458038, -15.8435850143, -5.81994152069, -4.47800683975], [-100.943275452, -27.963054657, 50.1165084839, -14.9970331192, 160.091278076, 11.5951843262, -16.3184490204, -9.6549243927, 15.0234327316, 18.8949642181, -4.42295360565, -1.27969551086, 8.25994110107], [43.1250953674, 6.97730398178, -21.9821681976, -14.4620723724, 11.5951843262, 105.513237, 41.2532691956, 2.61443758011, -17.5104103088, 2.72404360771, 9.27217674255, -3.66379237175, -2.84456253052], [-41.4142456055, 72.1969223022, -35.4213104248, -13.2466497421, -16.3184490204, 41.2532691956, 126.00112915, 33.2698898315, -11.4130086899, -6.18200111389, 4.47944927216, 7.15386724472, -5.99290847778], [23.8541488647, 0.382445693016, 1.34679937363, 20.9938220978, -9.6549243927, 2.61443758011, 33.2698898315, 79.71900177, 29.3554153442, -5.76052904129, -7.94182300568, -10.306845665, -2.99089574814], [-24.8299999237, 1.13818347454, -13.9365415573, 39.5118103027, 15.0234327316, -17.5104103088, -11.4130086899, 29.3554153442, 87.6951217651, 15.1345844269, -8.2754240036, -11.3639087677, -4.89916372299], [38.9062461853, -12.1169843674, -24.2296562195, -25.6187458038, 18.8949642181, 2.72404360771, -6.18200111389, -5.76052904129, 15.1345844269, 70.3004837036, 29.4611740112, 0.880909860134, -2.94144129753], [22.7320461273, -10.3723831177, -24.0783023834, -15.8435850143, -4.42295360565, 9.27217674255, 4.47944927216, -7.94182300568, -8.2754240036, 29.4611740112, 74.7206420898, 29.2790374756, -2.17616796494], [-15.1999139786, 18.1980457306, -22.5039329529, -5.81994152069, -1.27969551086, -3.66379237175, 7.15386724472, -10.306845665, -11.3639087677, 0.880909860134, 29.2790374756, 71.2014083862, 28.6105289459], [-44.6624946594, -18.2344417572, 5.97611618042, -4.47800683975, 8.25994110107, -2.84456253052, -5.99290847778, -2.99089574814, -4.89916372299, -2.94144129753, -2.17616796494, 28.6105289459, 64.2304992676]], "icov": [[0.000109932174382, -9.34017152758e-05, 3.7618472561e-05, 3.3325253753e-05, 5.86902133364e-05, -8.11849386082e-05, 0.000179913797183, -0.000139976618811, 8.42681911308e-05, -7.32382613933e-05, -8.52554785524e-06, 2.19210523937e-05, 4.08943633374e-05], [-9.34017152758e-05, 0.00220717233606, 0.000544251583051, -0.00121376872994, -0.000113329908345, 0.000414729351178, -0.00158603070304, 0.000862312910613, 0.000243226211751, -0.000241864661803, 0.000844914407935, -0.000815032050014, 0.000750648789108], [3.7618472561e-05, 0.000544251583051, 0.0024470302742, -0.000567342038266, -0.000897899270058, 0.000578586012125, 0.000191493876628, -0.000357851880835, 0.00105415168218, 0.000606943794992, 0.000161841264344, 0.000687766063493, -0.000136939896038], [3.3325253753e-05, -0.00121376872994, -0.000567342038266, 0.00564350839704, 0.000604666536674, -0.000355307885911, 0.00143872224726, -0.000854264944792, -0.00275605265051, 0.00235417531803, -0.000530012417585, 8.58145722304e-05, -3.27914167428e-05], [5.86902133364e-05, -0.000113329908345, -0.000897899270058, 0.000604666536674, 0.00735523551702, -0.00168936001137, 0.00082324934192, 0.00100030086469, -0.00185445765965, -0.00208847527392, 0.00135956204031, -0.000647238397505, -0.000665686966386], [-8.11849386082e-05, 0.000414729351178, 0.000578586012125, -0.000355307885911, -0.00168936001137, 0.0120370229706, -0.00436731986701, 0.000628353096545, 0.00223880377598, 8.47914925544e-05, -0.00187351438217, 0.00254408782348, -0.000667268177494], [0.000179913797183, -0.00158603070304, 0.000191493876628, 0.00143872224726, 0.00082324934192, -0.00436731986701, 0.012723788619, -0.00641559436917, 0.00201269774698, 0.000318776961649, 0.00022889713, -0.00217032874934, 0.0014890874736], [-0.000139976618811, 0.000862312910613, -0.000357851880835, -0.000854264944792, 0.00100030086469, 0.000628353096545, -0.00641559436917, 0.0185269229114, -0.00693856598809, 0.00201610499062, -0.000367591448594, 0.00247089588083, -0.00126547762193], [8.42681911308e-05, 0.000243226211751, 0.00105415168218, -0.00275605265051, -0.00185445765965, 0.00223880377598, 0.00201269774698, -0.00693856598809, 0.0174465849996, -0.00537258898839, 0.00245867413469, 0.000357622018782, 0.00104844488669], [-7.32382613933e-05, -0.000241864661803, 0.000606943794992, 0.00235417531803, -0.00208847527392, 8.47914925544e-05, 0.000318776961649, 0.00201610499062, -0.00537258898839, 0.0212245173752, -0.00984838139266, 0.00406897021458, -0.00119992566761], [-8.52554785524e-06, 0.000844914407935, 0.000161841264344, -0.000530012417585, 0.00135956204031, -0.00187351438217, 0.00022889713, -0.000367591448594, 0.00245867413469, -0.00984838139266, 0.0224246867001, -0.0112493345514, 0.00543549563736], [2.19210523937e-05, -0.000815032050014, 0.000687766063493, 8.58145722304e-05, -0.000647238397505, 0.00254408782348, -0.00217032874934, 0.00247089588083, 0.000357622018782, 0.00406897021458, -0.0112493345514, 0.024291427806, -0.011153459549], [4.08943633374e-05, 0.000750648789108, -0.000136939896038, -3.27914167428e-05, -0.000665686966386, -0.000667268177494, 0.0014890874736, -0.00126547762193, 0.00104844488669, -0.00119992566761, 0.00543549563736, -0.011153459549, 0.0211343057454]], "mean": [-617.730224609, 92.2834472656, -3.96339964867, 28.5721244812, -5.63433790207, 1.03543901443, 3.26225209236, 3.24387383461, -0.91342818737, -0.904859423637, -3.58289003372, -2.24579024315, -5.07784605026]}, "pitch_salience": {"dmean": 0.0586863234639, "dmean2": 0.0957539156079, "dvar": 0.00259817112237, "dvar2": 0.00656857248396, "max": 0.838398694992, "mean": 0.600918233395, "median": 0.60717266798, "min": 0.171937942505, "var": 0.00842530746013}, "silence_rate_20dB": {"dmean": 0, "dmean2": 0, "dvar": 0, "dvar2": 0, "max": 1, "mean": 1, "median": 1, "min": 1, "var": 0}, "silence_rate_30dB": {"dmean": 0, "dmean2": 0, "dvar": 0, "dvar2": 0, "max": 1, "mean": 1, "median": 1, "min": 1, "var": 0}, "silence_rate_60dB": {"dmean": 0.00452958373353, "dmean2": 0.00906002242118, "dvar": 0.00450942758471, "dvar2": 0.0104896211997, "max": 1, "mean": 0.0539724491537, "median": 0, "min": 0, "var": 0.0510602518916}, "spectral_centroid": {"dmean": 261.19631958, "dmean2": 415.647521973, "dvar": 67840.3984375, "dvar2": 156973.765625, "max": 11628.2529297, "mean": 2015.55725098, "median": 2054.14746094, "min": 276.998565674, "var": 565313.9375}, "spectral_complexity": {"dmean": 4.25573253632, "dmean2": 6.47281980515, "dvar": 22.420715332, "dvar2": 44.6275672913, "max": 62, "mean": 24.8481788635, "median": 25, "min": 0, "var": 140.454666138}, "spectral_contrast_coeffs": {"dmean": [0.0500228814781, 0.0438726954162, 0.0387542098761, 0.0330342277884, 0.020964410156, 0.0174526050687], "dmean2": [0.0846194922924, 0.0714129507542, 0.061594132334, 0.0530445575714, 0.0343306362629, 0.0275087878108], "dvar": [0.00165789108723, 0.00126989826094, 0.00100207922515, 0.000731491309125, 0.000287889590254, 0.000252930243732], "dvar2": [0.00465454626828, 0.00332364393398, 0.00242864852771, 0.0018195968587, 0.00073006079765, 0.000560886168387], "max": [-0.369586884975, -0.47145280242, -0.452074825764, -0.511337041855, -0.615947008133, -0.571615636349], "mean": [-0.64129704237, -0.741672933102, -0.754753053188, -0.767613112926, -0.785281836987, -0.737569153309], "median": [-0.643072545528, -0.743917346001, -0.759550094604, -0.772688508034, -0.786248326302, -0.734048604965], "min": [-0.979034543037, -0.97851985693, -0.973772644997, -0.967955172062, -0.96797400713, -0.963497817516], "var": [0.00537513382733, 0.00457817967981, 0.00458578905091, 0.00436853151768, 0.00174577650614, 0.00224629812874]}, "spectral_contrast_valleys": {"dmean": [0.417608290911, 0.332215338945, 0.310855686665, 0.279137343168, 0.202508226037, 0.252010464668], "dmean2": [0.681721508503, 0.539644896984, 0.487653374672, 0.434286594391, 0.305593192577, 0.330666095018], "dvar": [0.144072890282, 0.0936814919114, 0.0906590744853, 0.0854749381542, 0.0638839527965, 0.131762012839], "dvar2": [0.324066758156, 0.214262768626, 0.194013133645, 0.179350197315, 0.11916834116, 0.223295211792], "max": [-5.355260849, -5.1105132103, -5.21472549438, -5.66070699692, -5.42224359512, -7.37925624847], "mean": [-7.44613790512, -6.84059000015, -7.29564332962, -7.80013275146, -7.09283685684, -9.77491283417], "median": [-7.20045089722, -6.58086013794, -7.05409431458, -7.5744600296, -6.7937836647, -9.54195213318], "min": [-27.9698085785, -27.8950214386, -27.9142131805, -27.6196365356, -27.4605865479, -27.4775600433], "var": [2.68807649612, 2.74569106102, 2.6707277298, 2.59342098236, 2.60249519348, 2.45525670052]}, "spectral_decrease": {"dmean": 1.69012803752e-09, "dmean2": 2.67231548001e-09, "dvar": 5.75001285208e-18, "dvar2": 1.39063271933e-17, "max": 1.67607339528e-28, "mean": -5.18325427024e-09, "median": -4.60629845378e-09, "min": -2.48686173876e-08, "var": 1.0970491973e-17}, "spectral_energy": {"dmean": 0.00698623107746, "dmean2": 0.0109220761806, "dvar": 9.40295649343e-05, "dvar2": 0.000223186478252, "max": 0.102668270469, "mean": 0.0223497208208, "median": 0.0199107918888, "min": 1.03273418698e-20, "var": 0.000197808432858}, "spectral_energyband_high": {"dmean": 0.000755426939577, "dmean2": 0.0010819521267, "dvar": 2.32435559155e-06, "dvar2": 4.72625379189e-06, "max": 0.0210881400853, "mean": 0.00184487423394, "median": 0.00119101186283, "min": 7.44670638921e-21, "var": 4.75183423987e-06}, "spectral_energyband_low": {"dmean": 0.0030467857141, "dmean2": 0.00505503220484, "dvar": 4.39593532064e-05, "dvar2": 0.000114075090096, "max": 0.0732022821903, "mean": 0.00428870879114, "median": 0.00261175096966, "min": 2.34603683339e-23, "var": 3.93731170334e-05}, "spectral_energyband_middle_high": {"dmean": 0.00246249558404, "dmean2": 0.00368448696099, "dvar": 1.2024534044e-05, "dvar2": 2.64880382019e-05, "max": 0.0661745220423, "mean": 0.00818882696331, "median": 0.00596373295411, "min": 1.27761973505e-21, "var": 5.81027052249e-05}, "spectral_energyband_middle_low": {"dmean": 0.00346038653515, "dmean2": 0.00557922711596, "dvar": 1.87958103197e-05, "dvar2": 4.63563010271e-05, "max": 0.0736634135246, "mean": 0.0090005658567, "median": 0.00766273867339, "min": 1.78039847857e-22, "var": 4.03617486882e-05}, "spectral_entropy": {"dmean": 0.11160915345, "dmean2": 0.162525475025, "dvar": 0.0151034519076, "dvar2": 0.0271630957723, "max": 9.81397628784, "mean": 7.87024211884, "median": 7.87609291077, "min": 6.21317577362, "var": 0.0932649150491}, "spectral_flux": {"dmean": 0.0204732492566, "dmean2": 0.0317317023873, "dvar": 0.000588623865042, "dvar2": 0.00126531894784, "max": 0.265013039112, "mean": 0.0838395878673, "median": 0.0773032680154, "min": 6.42757722047e-11, "var": 0.00173227407504}, "spectral_kurtosis": {"dmean": 0.77622371912, "dmean2": 1.29224669933, "dvar": 0.633489251137, "dvar2": 1.72505950928, "max": 16.2034263611, "mean": 3.17275118828, "median": 3.00603461266, "min": -1.29721522331, "var": 2.14562153816}, "spectral_rms": {"dmean": 0.000670548761263, "dmean2": 0.00102478975896, "dvar": 6.48529635328e-07, "dvar2": 1.44597117924e-06, "max": 0.0100082047284, "mean": 0.00439034635201, "median": 0.00440739840269, "min": 3.17418574064e-12, "var": 2.52933500633e-06}, "spectral_rolloff": {"dmean": 685.783447266, "dmean2": 1123.67407227, "dvar": 1097835.875, "dvar2": 2300946.5, "max": 19250.6835938, "mean": 2722.97192383, "median": 2627.05078125, "min": 64.599609375, "var": 3980438.25}, "spectral_skewness": {"dmean": 0.138479307294, "dmean2": 0.215953171253, "dvar": 0.0184110943228, "dvar2": 0.0412284620106, "max": 2.71418738365, "mean": 1.21225166321, "median": 1.18857526779, "min": -0.0679476931691, "var": 0.107996471226}, "spectral_spread": {"dmean": 501375.9375, "dmean2": 672296, "dvar": 623867658240, "dvar2": 1219647111170.0, "max": 46277508, "mean": 5071849.5, "median": 4709215, "min": 2041256.375, "var": 5825012170750.0