{"lowlevel": {"average_loudness": 0.970112740993, "barkbands": {"dmean": [9.75361544988e-05, 0.00296302838251, 0.0033217293676, 0.00169049703982, 0.00304669048637, 0.000779796682764, 0.00088359543588, 0.00126730534248, 0.00146600650623, 0.000879290921148, 0.000821116555016, 0.000849114265293, 0.000637207238469, 0.000530656718183, 0.000645811029244, 0.000414169160649, 0.000333961215802, 0.000188815320143, 0.000179606387974, 0.000109621229058, 0.000108905376692, 0.00012215503375, 0.000100778772321, 5.65506343264e-05, 2.67361047008e-05, 1.50253515585e-06, 7.12041341444e-08], "dmean2": [0.000158724360517, 0.00498743727803, 0.00504885986447, 0.00295647629537, 0.0051053809002, 0.00124296674039, 0.00140155456029, 0.00194694835227, 0.0023100245744, 0.00137243745849, 0.00124646350741, 0.00133910868317, 0.00101518270094, 0.000839599873871, 0.00104472937528, 0.000658035802189, 0.000540183798876, 0.0002941005514, 0.000269264593953, 0.000169729493791, 0.000163725839229, 0.000174544868059, 0.000142790813698, 8.15622261143e-05, 3.63880717487e-05, 2.13361181522e-06, 1.09196939491e-07], "dvar": [3.22441948697e-08, 2.31055328186e-05, 3.8309233787e-05, 8.78916762304e-06, 3.65233718185e-05, 1.90502896658e-06, 2.55129839388e-06, 6.1856371758e-06, 7.62210038374e-06, 3.22568666888e-06, 3.47835157299e-06, 3.24708366861e-06, 1.80331949196e-06, 1.01234309113e-06, 1.53563803451e-06, 6.74575062476e-07, 3.44057980328e-07, 1.00125795655e-07, 1.94470999304e-07, 5.55887389453e-08, 1.38604775657e-07, 2.16290018784e-07, 2.91863813118e-07, 8.29067943187e-08, 2.08858050854e-08, 2.1422155716e-11, 1.02187199945e-13], "dvar2": [7.15457417755e-08, 6.5191736212e-05, 8.04542505648e-05, 2.45665796683e-05, 9.42732294789e-05, 4.55582858194e-06, 5.67907545701e-06, 1.39820176628e-05, 1.86966008187e-05, 7.29171415514e-06, 7.19172066965e-06, 7.34050718165e-06, 4.32252272731e-06, 2.36507116824e-06, 3.91504636355e-06, 1.51215783717e-06, 8.41199607748e-07, 2.24542276328e-07, 4.00670842282e-07, 1.21494167615e-07, 3.01620957543e-07, 3.98830650283e-07, 5.61318302061e-07, 1.57646766752e-07, 3.78767488485e-08, 4.06549238718e-11, 2.61242497903e-13], "max": [0.00985897704959, 0.045941080898, 0.0608830228448, 0.0440944209695, 0.0710114166141, 0.0308024417609, 0.0435839220881, 0.0477193593979, 0.0643539056182, 0.0344343148172, 0.0443257652223, 0.0317149795592, 0.0229466147721, 0.0155184054747, 0.0240008402616, 0.0208781398833, 0.0108198877424, 0.00592328188941, 0.0123814884573, 0.00852795038372, 0.0126458350569, 0.0137316770852, 0.0206923633814, 0.0113107776269, 0.00423744926229, 0.000166410667589, 1.20817230709e-05], "mean": [0.000121905010019, 0.00538544170558, 0.00534390890971, 0.0021907852497, 0.00408762693405, 0.00131254526787, 0.00139070034493, 0.00218342477456, 0.0026414275635, 0.00150106998626, 0.00136043690145, 0.00146716530435, 0.0010872281855, 0.0009394804365, 0.00115331448615, 0.000748380145524, 0.000651753798593, 0.000373188406229, 0.000367660337361, 0.000220843750867, 0.000195197513676, 0.000201626666239, 0.000149282554048, 7.64184514992e-05, 3.49398142134e-05, 2.20578954213e-06, 2.03814238375e-07], "median": [5.92911601416e-05, 0.00432384060696, 0.00227879802696, 0.00110957573634, 0.00211708853021, 0.000754450447857, 0.000728660263121, 0.000833590340335, 0.00100297376048, 0.000463930569822, 0.000353060662746, 0.000430081126979, 0.000381193938665, 0.000387887848774, 0.000487020239234, 0.000359283090802, 0.000341540144291, 0.000213574894588, 0.000180106013431, 0.000121962482808, 9.19515514397e-05, 6.07047550147e-05, 2.35033530771e-05, 1.19088290376e-05, 4.73090767628e-06, 5.94080859173e-07, 1.5265050024e-07], "min": [5.01759878332e-26, 9.45309969312e-25, 5.99411472186e-25, 9.03725955554e-25, 5.98044366376e-24, 1.01303206086e-23, 8.05552255342e-24, 4.23774934436e-24, 1.26856020082e-23, 2.28386670545e-23, 1.43874708036e-23, 2.71441736341e-23, 2.40264344091e-23, 2.20615144228e-23, 5.19520157906e-23, 5.66174685572e-23, 6.97908587619e-23, 6.51886884171e-23, 1.40305967565e-22, 1.93069894777e-22, 2.27514704721e-22, 3.26513744344e-22, 3.79495233082e-22, 5.37245830892e-22, 8.25233880544e-22, 1.18587003685e-21, 1.93599320156e-21], "var": [8.35641529306e-08, 2.59250355157e-05, 6.64101462462e-05, 1.08599524538e-05, 3.83687001886e-05, 3.51623066308e-06, 4.83009989694e-06, 1.6782361854e-05, 2.06923141377e-05, 8.2460574049e-06, 9.49296463659e-06, 8.15961811895e-06, 3.88020771425e-06, 2.4132073122e-06, 3.75470403924e-06, 1.57477575158e-06, 8.18369642275e-07, 2.48118055879e-07, 5.82769814628e-07, 1.19333279258e-07, 2.70438761163e-07, 4.63296288444e-07, 6.24894653356e-07, 1.59692675084e-07, 3.68915067384e-08, 3.68912192461e-11, 9.99179241407e-14]}, "barkbands_crest": {"dmean": 2.57916808128, "dmean2": 4.27611017227, "dvar": 5.71584129333, "dvar2": 15.2213411331, "max": 24.235332489, "mean": 8.90204238892, "median": 8.19163894653, "min": 2.62648129463, "var": 12.0934877396}, "barkbands_flatness_db": {"dmean": 0.018348665908, "dmean2": 0.0281944908202, "dvar": 0.000327262474457, "dvar2": 0.000727062229998, "max": 0.347049564123, "mean": 0.136209443212, "median": 0.132136195898, "min": 0.0462250895798, "var": 0.00154497358017}, "barkbands_kurtosis": {"dmean": 2.39696598053, "dmean2": 3.82236433029, "dvar": 48.87449646, "dvar2": 115.714256287, "max": 339.575653076, "mean": 2.88869905472, "median": 0.558831393719, "min": -1.89842271805, "var": 87.3731918335}, "barkbands_skewness": {"dmean": 0.509607553482, "dmean2": 0.768941283226, "dvar": 0.367925494909, "dvar2": 0.778736889362, "max": 16.520362854, "mean": 1.0690125227, "median": 0.887208998203, "min": -4.16129398346, "var": 1.68490278721}, "barkbands_spread": {"dmean": 5.05957555771, "dmean2": 7.83424425125, "dvar": 46.1794700623, "dvar2": 94.2991867065, "max": 147.7684021, "mean": 21.2317142487, "median": 19.5373744965, "min": 1.16562485695, "var": 141.633178711}, "dissonance": {"dmean": 0.0187137648463, "dmean2": 0.0316176004708, "dvar": 0.000304151355522, "dvar2": 0.000838078267407, "max": 0.499974191189, "mean": 0.464595139027, "median": 0.47036242485, "min": 0.300067871809, "var": 0.000620264734607}, "dynamic_complexity": 2.38060927391, "erbbands": {"dmean": [0.045188754797, 0.831482589245, 3.67299008369, 4.53280210495, 8.22846412659, 11.6840820313, 5.43163156509, 6.99432086945, 10.1168479919, 17.1056041718, 29.6098041534, 35.8351364136, 27.6001987457, 26.2902374268, 32.6774406433, 32.9132423401, 27.6142215729, 24.4790973663, 31.4152393341, 25.823059082, 19.0973834991, 16.21393013, 11.2204370499, 9.02949142456, 7.55186271667, 4.96097707748, 3.48317050934, 5.34091711044, 4.43918466568, 3.6237180233, 2.70577669144, 1.72040700912, 0.629621565342, 0.366297662258, 0.155097231269, 0.0175199098885, 0.00156968540978, 0.00014340429334, 1.77229230758e-05, 1.11547660708e-05], "dmean2": [0.0758014246821, 1.38282227516, 5.59759092331, 7.70988130569, 14.0725545883, 19.5581359863, 8.76853942871, 11.1304244995, 16.2716770172, 26.562122345, 45.2410774231, 56.3918762207, 42.6375045776, 39.9231529236, 49.9083557129, 51.3214454651, 43.5012817383, 38.5520553589, 49.5616722107, 41.2145004272, 30.1691226959, 25.7912521362, 17.4808216095, 13.6907787323, 11.4299879074, 7.60340452194, 5.23815584183, 7.87697601318, 6.29084730148, 5.20432806015, 3.90631961823, 2.49351119995, 0.894953668118, 0.505767226219, 0.212127149105, 0.0239898450673, 0.00216556247324, 0.000201202798053, 2.56629391515e-05, 1.66468144016e-05], "dvar": [0.00391898816451, 1.96876895428, 46.7790565491, 63.3047714233, 192.572891235, 627.441833496, 75.7734603882, 194.522613525, 343.934814453, 1041.08874512, 3556.52856445, 5132.41308594, 2777.69970703, 3355.85742188, 5761.98193359, 4719.24755859, 3337.03588867, 2145.12329102, 3808.9909668, 2527.4609375, 1457.10925293, 832.811279297, 346.393035889, 472.520172119, 327.215698242, 113.770469666, 71.9423141479, 440.826049805, 261.057739258, 279.104125977, 237.976867676, 83.122543335, 9.9709405899, 4.03861236572, 0.741170346737, 0.00448945583776, 2.03764811886e-05, 1.79469097361e-07, 3.71164232682e-09, 1.86318044326e-10], "dvar2": [0.0101927211508, 5.43737268448, 97.9300003052, 178.494171143, 499.111816406, 1626.7376709, 196.064834595, 450.583679199, 765.369750977, 2373.38549805, 8050.05517578, 12510.2949219, 6480.19482422, 7263.25292969, 12481.6230469, 11126.8105469, 7904.77685547, 5261.39453125, 9339.28222656, 6183.05761719, 3227.41088867, 2003.0802002, 794.790283203, 966.803283691, 647.219726563, 256.438354492, 157.683059692, 922.583679199, 487.014404297, 553.571655273, 484.030944824, 162.223129272, 18.9565906525, 7.7688574791, 1.35954427719, 0.00793474167585, 3.58976394637e-05, 3.8117616441e-07, 8.75387495824e-09, 3.75373648831e-10], "max": [2.21411061287, 13.1395244598, 62.5554351807, 89.2136917114, 181.379302979, 323.765014648, 162.632797241, 371.381164551, 494.332946777, 832.310424805, 1182.46386719, 1890.76013184, 948.484863281, 1619.75061035, 2092.88647461, 1564.62902832, 1134.64318848, 985.389587402, 1258.47131348, 1045.98449707, 1358.91589355, 611.478088379, 332.269317627, 830.542419434, 749.453186035, 369.321655273, 317.626678467, 721.42565918, 500.049804688, 569.725341797, 570.473754883, 341.002044678, 118.548957825, 58.4541778564, 29.4790763855, 2.65670180321, 0.166565328836, 0.0141342943534, 0.00205263122916, 0.000218093875446], "mean": [0.0895877629519, 1.4791213274, 5.98531007767, 6.86183023453, 10.8635416031, 15.045873642, 9.07681846619, 11.5468244553, 16.0483608246, 30.2777385712, 52.949131012, 66.0421524048, 50.0891532898, 49.1002426147, 60.0143699646, 59.6506690979, 51.9925765991, 48.2055931091, 61.3559989929, 50.503704071, 40.02967453, 34.2554473877, 23.8941993713, 18.8355293274, 16.2236938477, 10.3904008865, 7.12455940247, 8.90233230591, 7.39826011658, 5.40737390518, 3.95183873177, 2.36608958244, 0.858300149441, 0.475666821003, 0.196596950293, 0.0238002445549, 0.00256493664347, 0.000308239017613, 5.68915784243e-05, 4.48127393611e-05], "median": [0.0711785182357, 1.14669752121, 2.93070101738, 3.83993339539, 5.74756622314, 7.06005716324, 5.3157043457, 6.2590713501, 9.02195930481, 15.863571167, 21.8970661163, 26.4843940735, 19.5703525543, 16.8253479004, 17.9069480896, 20.899230957, 21.0555820465, 22.6013755798, 26.9963493347, 24.3716621399, 20.7592067719, 18.2824306488, 14.2507448196, 10.0096530914, 8.22746086121, 5.89750909805, 4.07394647598, 3.42231297493, 2.33028316498, 1.19517695904, 0.583147108555, 0.325526863337, 0.152424454689, 0.0676977559924, 0.0247634761035, 0.00483406381682, 0.000820050248876, 0.00016353612591, 4.41166339442e-05, 4.4902364607e-05], "min": [1.01179306015e-22, 2.91202184524e-22, 2.4267633364e-21, 4.10519155914e-21, 1.61962287055e-20, 1.72249182701e-20, 4.26353250764e-20, 8.78525974996e-20, 1.00725621632e-19, 1.13836040138e-19, 2.39973651851e-19, 2.79137112488e-19, 3.91208324015e-19, 4.48718495543e-19, 9.51695076185e-19, 1.23587731833e-18, 1.46941315272e-18, 1.62174228823e-18, 2.38908992855e-18, 2.54237580183e-18, 3.4675206551e-18, 4.54489300406e-18, 4.49315740624e-18, 6.16073201445e-18, 8.26281963536e-18, 8.68643288911e-18, 9.63976598971e-18, 9.51619430518e-18, 1.08820266608e-17, 1.16840766992e-17, 1.08646327069e-17, 1.09136795541e-17, 1.00389567359e-17, 7.03626877844e-18, 5.70681417177e-18, 3.97159480102e-18, 2.17040881039e-18, 9.16882042732e-19, 2.4486787274e-19, 2.74664288422e-20], "var": [0.00732027785853, 2.21443891525, 77.386756897, 77.6022567749, 237.722869873, 626.613647461, 133.020141602, 349.196655273, 618.960266113, 2258.18066406, 9496.140625, 13506.1669922, 7084.24267578, 9215.7421875, 16023.7109375, 12130.8916016, 7657.64306641, 5150.83496094, 10020.8447266, 6446.55615234, 4069.13305664, 2114.02905273, 881.922485352, 1216.97705078, 1210.52246094, 266.068725586, 143.774597168, 895.278930664, 574.067016602, 533.567749023, 474.523773193, 162.214523315, 18.5087337494, 6.63814306259, 1.27898836136, 0.00830231886357, 4.1333711124e-05, 3.00228236938e-07, 4.99758989747e-09, 5.42678291193e-10]}, "erbbands_crest": {"dmean": 2.72282028198, "dmean2": 4.4000120163, "dvar": 6.1427025795, "dvar2": 14.8797864914, "max": 30.7819766998, "mean": 9.10775089264, "median": 8.16515541077, "min": 2.65338206291, "var": 17.832616806}, "erbbands_flatness_db": {"dmean": 0.0160188954324, "dmean2": 0.0226606857032, "dvar": 0.000219967318117, "dvar2": 0.000399351643864, "max": 0.308683305979, "mean": 0.177372202277, "median": 0.175908103585, "min": 0.0130032394081, "var": 0.00151450454723}, "erbbands_kurtosis": {"dmean": 0.818569600582, "dmean2": 1.28089499474, "dvar": 1.41318297386, "dvar2": 3.00683927536, "max": 34.585231781, "mean": 0.494856923819, "median": -0.0221925750375, "min": -1.75132322311, "var": 3.85551548004}, "erbbands_skewness": {"dmean": 0.355396896601, "dmean2": 0.543495178223, "dvar": 0.106541574001, "dvar2": 0.225969299674, "max": 3.77822446823, "mean": 0.105843633413, "median": 0.0991493612528, "min": -4.78719854355, "var": 0.505019128323}, "erbbands_spread": {"dmean": 6.70458126068, "dmean2": 10.0775442123, "dvar": 62.5760307312, "dvar2": 133.453155518, "max": 136.504669189, "mean": 31.686504364, "median": 29.3238983154, "min": 4.34207010269, "var": 266.771209717}, "gfcc": {"cov": [[27328.7597656, 2351.50292969, -3585.16162109, 923.064086914, -1448.31945801, 523.320251465, -716.006713867, 152.900848389, -330.313995361, -92.8846969604, -351.058410645, -268.79296875, -152.749725342], [2351.50292969, 933.039245605, -338.37008667, -75.4209518433, 118.175132751, -93.4079589844, 89.2928466797, -24.0125732422, -7.66373300552, -62.6579399109, -2.08391046524, -46.8820953369, -27.1794166565], [-3585.16162109, -338.37008667, 1024.0255127, 80.6393432617, 132.867294312, -14.2220230103, -26.7572574615, -45.3934516907, 14.0778303146, 19.041431427, 9.76959514618, 33.633480072, -6.74112606049], [923.064086914, -75.4209518433, 80.6393432617, 312.489349365, -54.7672462463, 18.308631897, -112.453315735, -11.9917240143, 14.9450139999, 12.3875799179, -35.4000854492, -8.80321311951, -6.73469018936], [-1448.31945801, 118.175132751, 132.867294312, -54.7672462463, 317.480743408, -43.1587257385, 97.7887268066, -8.33498954773, 15.6254644394, -9.04520320892, 20.0440311432, 4.04811477661, 8.11268901825], [523.320251465, -93.4079589844, -14.2220230103, 18.308631897, -43.1587257385, 182.604721069, 16.3101158142, 10.7021474838, -37.6386909485, -6.40201425552, -6.64696407318, -5.58608579636, -4.41838741302], [-716.006713867, 89.2928466797, -26.7572574615, -112.453315735, 97.7887268066, 16.3101158142, 204.291412354, 23.3179302216, 2.44712686539, -23.0414867401, 28.2031879425, 7.45011854172, 3.53636288643], [152.900848389, -24.0125732422, -45.3934516907, -11.9917240143, -8.33498954773, 10.7021474838, 23.3179302216, 96.2568969727, 28.8663959503, 9.28076648712, 0.238689646125, -10.8841266632, -2.34400081635], [-330.313995361, -7.66373300552, 14.0778303146, 14.9450139999, 15.6254644394, -37.6386909485, 2.44712686539, 28.8663959503, 122.31854248, 37.5451622009, 2.41819500923, -12.9358720779, -5.99840164185], [-92.8846969604, -62.6579399109, 19.041431427, 12.3875799179, -9.04520320892, -6.40201425552, -23.0414867401, 9.28076648712, 37.5451622009, 75.171913147, 18.1712322235, 0.676783204079, -1.66866445541], [-351.058410645, -2.08391046524, 9.76959514618, -35.4000854492, 20.0440311432, -6.64696407318, 28.2031879425, 0.238689646125, 2.41819500923, 18.1712322235, 68.0831832886, 26.6447067261, 0.042837947607], [-268.79296875, -46.8820953369, 33.633480072, -8.80321311951, 4.04811477661, -5.58608579636, 7.45011854172, -10.8841266632, -12.9358720779, 0.676783204079, 26.6447067261, 67.7839813232, 22.1681690216], [-152.749725342, -27.1794166565, -6.74112606049, -6.73469018936, 8.11268901825, -4.41838741302, 3.53636288643, -2.34400081635, -5.99840164185, -1.66866445541, 0.042837947607, 22.1681690216, 51.2430534363]], "icov": [[0.00107011420187, -0.00314123695716, 0.00251287897117, -0.00286035123281, 0.00293385772966, -0.00307167111896, 0.0023999188561, -0.0023157261312, 0.00243761669844, -0.0021295605693, 0.00251601566561, -0.00156094715931, 0.00136670633219], [-0.00314123695716, 0.0108713647351, -0.0067588291131, 0.00831862073392, -0.00922336429358, 0.00985527224839, -0.00746234785765, 0.00745448842645, -0.00711171841249, 0.00733280926943, -0.00768739264458, 0.00551488623023, -0.00320042390376], [0.00251287897117, -0.0067588291131, 0.00726508582011, -0.00701986253262, 0.00605134898797, -0.00701337307692, 0.00570496730506, -0.00479808961973, 0.00560657260939, -0.00485052587464, 0.00594196887687, -0.00409840373322, 0.00402928516269], [-0.00286035123281, 0.00831862073392, -0.00701986253262, 0.0119744166732, -0.00778322294354, 0.007381264586, -0.00420443154871, 0.00634765997529, -0.00742325000465, 0.00568524049595, -0.0052086096257, 0.00364788691513, -0.00327228056267], [0.00293385772966, -0.00922336429358, 0.00605134898797, -0.00778322294354, 0.0125873545185, -0.00766703020781, 0.0045408392325, -0.00594279542565, 0.00638821069151, -0.00597863271832, 0.00641658809036, -0.00366306188516, 0.00251986621879], [-0.00307167111896, 0.00985527224839, -0.00701337307692, 0.007381264586, -0.00766703020781, 0.0157998912036, -0.0087071750313, 0.00596379581839, -0.0043428670615, 0.00570474471897, -0.00686398288235, 0.00559811480343, -0.00317037291825], [0.0023999188561, -0.00746234785765, 0.00570496730506, -0.00420443154871, 0.0045408392325, -0.0087071750313, 0.0136945210397, -0.00693335570395, 0.00422028079629, -0.00194020906929, 0.00323698017746, -0.00399828283116, 0.00281969294883], [-0.0023157261312, 0.00745448842645, -0.00479808961973, 0.00634765997529, -0.00594279542565, 0.00596379581839, -0.00693335570395, 0.0175298526883, -0.00824834685773, 0.00434865569696, -0.00545160705224, 0.00512291677296, -0.00304615404457], [0.00243761669844, -0.00711171841249, 0.00560657260939, -0.00742325000465, 0.00638821069151, -0.0043428670615, 0.00422028079629, -0.00824834685773, 0.0173805672675, -0.0105833020061, 0.0066202073358, -0.00192169169895, 0.00371746136807], [-0.0021295605693, 0.00733280926943, -0.00485052587464, 0.00568524049595, -0.00597863271832, 0.00570474471897, -0.00194020906929, 0.00434865569696, -0.0105833020061, 0.0237596295774, -0.0119101731107, 0.00497785396874, -0.00318698096089], [0.00251601566561, -0.00768739264458, 0.00594196887687, -0.0052086096257, 0.00641658809036, -0.00686398288235, 0.00323698017746, -0.00545160705224, 0.0066202073358, -0.0119101731107, 0.0281226076186, -0.0132861128077, 0.00755049614236], [-0.00156094715931, 0.00551488623023, -0.00409840373322, 0.00364788691513, -0.00366306188516, 0.00559811480343, -0.00399828283116, 0.00512291677296, -0.00192169169895, 0.00497785396874, -0.0132861128077, 0.0252993255854, -0.0112111819908], [0.00136670633219, -0.00320042390376, 0.00402928516269, -0.00327228056267, 0.00251986621879, -0.00317037291825, 0.00281969294883, -0.00304615404457, 0.00371746136807, -0.00318698096089, 0.00755049614236, -0.0112111819908, 0.0261602047831]], "mean": [-10.1277046204, 119.866149902, -136.10446167, 37.3866844177, -50.1749267578, 14.43171978, -27.5684280396, 4.20000267029, -13.2541923523, -3.14336204529, -14.6968050003, -8.34068489075, -7.93149709702]}, "hfc": {"dmean": 6.59322834015, "dmean2": 9.18982028961, "dvar": 96.5667724609, "dvar2": 166.049621582, "max": 252.420593262, "mean": 26.4135951996, "median": 23.8008594513, "min": 1.04923115994e-16, "var": 405.437408447}, "melbands": {"dmean": [0.000585366098676, 0.00161496072542, 0.000809542078059, 0.000821169174742, 0.000214687199332, 0.00015389471082, 0.000163460790645, 0.000198912035557, 0.000250465323916, 0.000226327159908, 0.000138158284244, 0.000110538458102, 0.000111709363409, 0.000100493300124, 7.27806909708e-05, 6.29013011348e-05, 4.93505031045e-05, 5.30036049895e-05, 4.45819932793e-05, 3.4466789657e-05, 2.26404063142e-05, 2.00257327378e-05, 1.42837398016e-05, 8.42352437758e-06, 8.21042976895e-06, 6.48716422802e-06, 5.12270980835e-06, 3.22328332913e-06, 2.19274647861e-06, 2.71721546596e-06, 3.51855487679e-06, 2.89732770398e-06, 2.03031163437e-06, 2.12670465771e-06, 1.66013944636e-06, 1.37631934649e-06, 1.0108551578e-06, 4.54225784097e-07, 3.7512563722e-07, 3.01309341921e-07], "dmean2": [0.000984725891612, 0.00249972729944, 0.00136848900001, 0.00138657493517, 0.000346920947777, 0.000244668364758, 0.000262128625764, 0.000306413159706, 0.000382557802368, 0.000356598960934, 0.000213805964449, 0.000168217578903, 0.000168486934854, 0.000157806585776, 0.000115742717753, 0.00010000099428, 7.82629358582e-05, 8.31329307402e-05, 7.08553488948e-05, 5.51219272893e-05, 3.59709665645e-05, 3.21463448927e-05, 2.29014149227e-05, 1.30657908812e-05, 1.26880004245e-05, 9.84688267636e-06, 8.02647900855e-06, 4.99318275615e-06, 3.39590360454e-06, 4.12709550801e-06, 5.29262570126e-06, 4.22021230406e-06, 3.00521378449e-06, 3.15070201395e-06, 2.4357559596e-06, 2.04450270758e-06, 1.51881533839e-06, 6.68515554025e-07, 5.45278169284e-07, 4.21945173912e-07], "dvar": [7.23181869944e-07, 8.28291922517e-06, 1.77308061211e-06, 2.75730667454e-06, 1.13839931259e-07, 8.52196322398e-08, 8.51248671552e-08, 1.38434515407e-07, 2.2991962112e-07, 2.08900686971e-07, 7.22413773246e-08, 5.97473288622e-08, 6.80042262502e-08, 5.28593524507e-08, 2.16573301515e-08, 1.90452080773e-08, 9.02528629609e-09, 1.09241229396e-08, 7.62803598064e-09, 4.75452788251e-09, 2.19141771396e-09, 1.4196387399e-09, 5.68715630145e-10, 2.35510361213e-10, 4.50629367155e-10, 2.58984861334e-10, 1.58621268898e-10, 4.70234996774e-11, 2.09229786274e-11, 7.72844843677e-11, 2.25390567321e-10, 1.2614917444e-10, 6.51934894957e-11, 1.23431431742e-10, 8.91757570565e-11, 8.23169726827e-11, 2.96899380081e-11, 5.33898272814e-12, 4.74881852591e-12, 3.12273536023e-12], "dvar2": [1.9854180664e-06, 1.85713161045e-05, 4.86132148581e-06, 7.14397356205e-06, 2.90214188681e-07, 2.0017662905e-07, 1.895254087e-07, 3.10124164571e-07, 5.19242064456e-07, 5.12873896241e-07, 1.66855969042e-07, 1.30880962956e-07, 1.40672540283e-07, 1.19251993169e-07, 5.20349949795e-08, 4.63488731839e-08, 2.20028137932e-08, 2.60781138905e-08, 1.92581346425e-08, 1.14289804287e-08, 4.82739803687e-09, 3.47168338521e-09, 1.36742084322e-09, 5.17773157682e-10, 9.43160882727e-10, 4.98347252353e-10, 3.60049490222e-10, 1.11708510497e-10, 4.86750396933e-11, 1.66891972464e-10, 4.98631802515e-10, 2.58688376276e-10, 1.24845009331e-10, 2.67938116139e-10, 1.85942608533e-10, 1.85168297362e-10, 6.08575065342e-11, 1.03853375552e-11, 1.00082346924e-11, 6.31212920474e-12], "max": [0.0144292414188, 0.0262070838362, 0.016790708527, 0.0197782795876, 0.00501223746687, 0.00737970368937, 0.00717855896801, 0.00924141332507, 0.00900574307889, 0.0121253076941, 0.00458749430254, 0.00671933172271, 0.00641386304051, 0.00434895744547, 0.00267017958686, 0.00283689890057, 0.00169035966974, 0.00191263260785, 0.00246372306719, 0.0014700567117, 0.00158859230578, 0.000800664594863, 0.000386743660783, 0.000402713194489, 0.000838868203573, 0.000528138596565, 0.000475923268823, 0.000218615168706, 0.000133828056278, 0.000356671516784, 0.000502207723912, 0.00034861653694, 0.000250237062573, 0.00044184413855, 0.000332089199219, 0.000365544052329, 0.000153891494847, 9.02329411474e-05, 9.59469762165e-05, 5.6209279137e-05], "mean": [0.00116945104674, 0.00279732351191, 0.00129347306211, 0.00104843522422, 0.000360984180588, 0.000255006016232, 0.00026041601086, 0.000355651165592, 0.000439218187239, 0.000406498380471, 0.000239593908191, 0.000193745217985, 0.000194670647033, 0.000173643697053, 0.000125952297822, 0.000108527237899, 8.73048629728e-05, 9.73573696683e-05, 7.98840919742e-05, 5.98773476668e-05, 4.41362644779e-05, 3.79448465537e-05, 2.70331929642e-05, 1.64255816344e-05, 1.52602569869e-05, 1.27425328174e-05, 9.66086190601e-06, 6.18374679107e-06, 4.22284165325e-06, 4.65277707917e-06, 5.41612644156e-06, 4.59679040432e-06, 3.10107566293e-06, 2.96699545288e-06, 2.33612831835e-06, 1.89773527381e-06, 1.28893725559e-06, 5.99737688844e-07, 4.77867899917e-07, 3.77905706728e-07], "median": [0.000980831449851, 0.00172154454049, 0.000788514153101, 0.000510074722115, 0.000222481263336, 0.000141581593198, 0.000143936049426, 0.000175817433046, 0.000178769041668, 0.000152059001266, 7.89220575825e-05, 5.89322808082e-05, 5.23247363162e-05, 5.15107167303e-05, 4.6620854846e-05, 3.94565686292e-05, 3.64475272363e-05, 3.87405671063e-05, 3.45792832377e-05, 2.82591317955e-05, 2.18569330173e-05, 1.86607539945e-05, 1.49575471369e-05, 9.18154364626e-06, 7.27730775907e-06, 6.12084704699e-06, 4.71487419418e-06, 3.34860783369e-06, 2.42533701567e-06, 2.1559749257e-06, 1.78036304987e-06, 1.38549330586e-06, 8.19231104288e-07, 5.49658750515e-07, 3.29577289904e-07, 2.38263524466e-07, 1.73369500089e-07, 1.08064348581e-07, 7.61984537689e-08, 4.75419170698e-08], "min": [1.37854192605e-24, 1.21780323357e-24, 1.4167699283e-24, 9.41463089108e-25, 1.75768740976e-24, 1.81087201756e-24, 1.62164814944e-24, 1.06963257443e-24, 1.93778829873e-24, 1.74920597174e-24, 1.86766586122e-24, 1.20252792822e-24, 2.04914567905e-24, 2.98618306126e-24, 2.55309191619e-24, 3.44785148148e-24, 2.46643199588e-24, 2.17495479393e-24, 3.17477426294e-24, 3.402911259e-24, 3.0958258524e-24, 3.85454714345e-24, 3.99446621892e-24, 3.46285995464e-24, 4.04377594195e-24, 3.97883967324e-24, 3.9896166965e-24, 4.20897090968e-24, 4.85230709384e-24, 4.85283523622e-24, 4.01509019842e-24, 5.03098763875e-24, 5.69147878658e-24, 6.11878186198e-24, 5.16537758813e-24, 6.2516646926e-24, 6.06988155775e-24, 6.18173059563e-24, 5.76384573059e-24, 6.04379392762e-24], "var": [1.03826675968e-06, 1.26009672385e-05, 2.44881880462e-06, 2.80925814877e-06, 1.88009693147e-07, 1.54600812152e-07, 1.58672818884e-07, 3.40639473961e-07, 6.37489847577e-07, 5.39407494671e-07, 1.83054098102e-07, 1.59820103818e-07, 1.91050261833e-07, 1.2591954146e-07, 4.96870917743e-08, 4.03692119733e-08, 2.02026377849e-08, 2.78368030848e-08, 1.9395256956e-08, 9.7211998451e-09, 5.84733239606e-09, 3.1046651916e-09, 1.2622648482e-09, 5.70785529952e-10, 1.03045483257e-09, 8.48739412085e-10, 3.904434831e-10, 9.24095591714e-11, 3.87500830035e-11, 1.48359088903e-10, 4.18319351381e-10, 2.44913561653e-10, 1.20187165775e-10, 2.10532535849e-10, 1.69399008709e-10, 1.37201680572e-10, 4.90962305533e-11, 9.38852814936e-12, 6.91459606586e-12, 4.69276223783e-12]}, "melbands_crest": {"dmean": 3.56270956993, "dmean2": 5.79669713974, "dvar": 12.0185823441, "dvar2": 30.1729946136, "max": 35.2658119202, "mean": 12.8572397232, "median": 11.8232164383, "min": 1.55952692032, "var": 28.7818393707}, "melbands_flatness_db": {"dmean": 0.0239930544049, "dmean2": 0.0355819053948, "dvar": 0.000603252090514, "dvar2": 0.00125333003234, "max": 0.482195734978, "mean": 0.197381213307, "median": 0.192581549287, "min": 0.00286640645936, "var": 0.00391892250627}, "melbands_kurtosis": {"dmean": 5.67880916595, "dmean2": 9.02675056458, "dvar": 196.806900024, "dvar2": 479.293212891, "max": 478.671844482, "mean": 9.47552108765, "median": 3.38982510567, "min": -1.90200638771, "var": 515.090026855}, "melbands_skewness": {"dmean": 0.678824722767, "dmean2": 1.02742934227, "dvar": 0.665026724339, "dvar2": 1.44686770439, "max": 16.1737709045, "mean": 2.05215764046, "median": 1.7396402359, "min": -1.50787460804, "var": 2.87955212593}, "melbands_spread": {"dmean": 7.21508264542, "dmean2": 11.1257209778, "dvar": 116.873291016, "dvar2": 223.193313599, "max": 250.59085083, "mean": 27.726858139, "median": 23.5447120667, "min": 0.587283790112, "var": 541.289672852}, "mfcc": {"cov": [[8800.11230469, 916.641113281, -537.937011719, 7.69846248627, -185.724761963, 79.6664733887, -98.800163269, 60.4468231201, 38.9483642578, 71.9207077026, 14.5674057007, -31.2912216187, -73.1225585938], [916.641113281, 1239.76623535, -296.38848877, 95.9495620728, 3.19383883476, 4.70102596283, 94.8818511963, 52.9032859802, 27.1246242523, 1.58872449398, 11.0221681595, 30.1845836639, -17.6210784912], [-537.937011719, -296.38848877, 633.180969238, 80.8281097412, 89.0288391113, 47.6477737427, -62.241985321, -31.1518039703, -30.9593219757, -25.6174125671, -18.2899055481, -9.74724769592, 10.8222751617], [7.69846248627, 95.9495620728, 80.8281097412, 262.686096191, 92.8618087769, 9.19473648071, -51.1237182617, -19.2036418915, 8.98536491394, 3.12641429901, 0.740770697594, -15.8303232193, 24.8787899017], [-185.724761963, 3.19383883476, 89.0288391113, 92.8618087769, 182.523971558, 31.295249939, -21.3500080109, -19.8629112244, 3.18469023705, 11.0491952896, -7.67993068695, -8.28120326996, 8.02066230774], [79.6664733887, 4.70102596283, 47.6477737427, 9.19473648071, 31.295249939, 124.788139343, 36.9415893555, 10.9796009064, 0.935537159443, -10.9503154755, -1.74957978725, 0.353694885969, -14.2248716354], [-98.800163269, 94.8818511963, -62.241985321, -51.1237182617, -21.3500080109, 36.9415893555, 170.02406311, 54.7519721985, -0.226146861911, -18.4938659668, -10.7676954269, 6.76309680939, -13.8285312653], [60.4468231201, 52.9032859802, -31.1518039703, -19.2036418915, -19.8629112244, 10.9796009064, 54.7519721985, 94.7826919556, 23.3155822754, -4.59989404678, 5.25233793259, 5.45355701447, -3.66792821884], [38.9483642578, 27.1246242523, -30.9593219757, 8.98536491394, 3.18469023705, 0.935537159443, -0.226146861911, 23.3155822754, 80.8613510132, 27.5680885315, 8.70526695251, 0.830477416515, -4.70820045471], [71.9207077026, 1.58872449398, -25.6174125671, 3.12641429901, 11.0491952896, -10.9503154755, -18.4938659668, -4.59989404678, 27.5680885315, 96.0331878662, 33.2566452026, -1.3460559845, -2.55589485168], [14.5674057007, 11.0221681595, -18.2899055481, 0.740770697594, -7.67993068695, -1.74957978725, -10.7676954269, 5.25233793259, 8.70526695251, 33.2566452026, 74.5846633911, 20.4042015076, 1.90777289867], [-31.2912216187, 30.1845836639, -9.74724769592, -15.8303232193, -8.28120326996, 0.353694885969, 6.76309680939, 5.45355701447, 0.830477416515, -1.3460559845, 20.4042015076, 60.4532623291, 18.3922386169], [-73.1225585938, -17.6210784912, 10.8222751617, 24.8787899017, 8.02066230774, -14.2248716354, -13.8285312653, -3.66792821884, -4.70820045471, -2.55589485168, 1.90777289867, 18.3922386169, 63.046836853]], "icov": [[0.000141014083056, -0.000101119352621, 8.85486660991e-05, -6.67627409712e-06, 0.000175529668923, -0.000237305372139, 0.000280633685179, -0.000135534341098, 7.41789117455e-05, -0.000131612207042, 9.71426197793e-05, 8.31682045828e-05, 7.35212743166e-05], [-0.000101119352621, 0.0011361631332, 0.000454151857411, -0.000753749452997, -0.000168416634551, 0.000240804016357, -0.00067592097912, -0.000165057688719, -2.25292624236e-05, 0.000102790596429, 5.37228479516e-05, -0.000873831915669, 0.000593422621023], [8.85486660991e-05, 0.000454151857411, 0.00218536145985, -0.000572083285078, -0.000527498777956, -0.000871318741702, 0.000730039668269, -0.000291811622446, 0.000701011973433, 0.000286431662971, 0.000375519506633, -0.00030228504329, 0.00023470040469], [-6.67627409712e-06, -0.000753749452997, -0.000572083285078, 0.00576470186934, -0.00226158997975, -0.000269632932032, 0.00134175096173, 0.00025901189656, -0.000905452528968, 0.000742048956454, -0.000978939700872, 0.00245355442166, -0.00258243572898], [0.000175529668923, -0.000168416634551, -0.000527498777956, -0.00226158997975, 0.00772037729621, -0.00200761924498, 0.000328549242113, 0.000867435126565, -0.000108995045593, -0.00165650108829, 0.00136369431857, 4.87856668769e-05, -0.000303895969409], [-0.000237305372139, 0.000240804016357, -0.000871318741702, -0.000269632932032, -0.00200761924498, 0.0102239530534, -0.00288824085146, 0.000131644075736, -0.000569754804019, 0.00134334352333, -0.000964247330558, -0.00080196041381, 0.00225940858945], [0.000280633685179, -0.00067592097912, 0.000730039668269, 0.00134175096173, 0.000328549242113, -0.00288824085146, 0.00951173808426, -0.00476604653522, 0.00144369760528, 0.000185469441931, 0.00174164248165, -0.00046614574967, 0.000795951753389], [-0.000135534341098, -0.000165057688719, -0.000291811622446, 0.00025901189656, 0.000867435126565, 0.000131644075736, -0.00476604653522, 0.0149340284988, -0.00482309004292, 0.00178456061985, -0.0019830504898, 0.000370544556063, -0.000848560710438], [7.41789117455e-05, -2.25292624236e-05, 0.000701011973433, -0.000905452528968, -0.000108995045593, -0.000569754804019, 0.00144369760528, -0.00482309004292, 0.0156960524619, -0.00474349176511, 0.00120928802062, -0.000989031977952, 0.00146985857282], [-0.000131612207042, 0.000102790596429, 0.000286431662971, 0.000742048956454, -0.00165650108829, 0.00134334352333, 0.000185469441931, 0.00178456061985, -0.00474349176511, 0.0148029923439, -0.00687742512673, 0.0024405173026, -6.55474577798e-05], [9.71426197793e-05, 5.37228479516e-05, 0.000375519506633, -0.000978939700872, 0.00136369431857, -0.000964247330558, 0.00174164248165, -0.0019830504898, 0.00120928802062, -0.00687742512673, 0.0187898594886, -0.00699715036899, 0.00160927255638], [8.31682045828e-05, -0.000873831915669, -0.00030228504329, 0.00245355442166, 4.87856668769e-05, -0.00080196041381, -0.00046614574967, 0.000370544556063, -0.000989031977952, 0.0024405173026, -0.00699715036899, 0.0223953556269, -0.00762834632769], [7.35212743166e-05, 0.000593422621023, 0.00023470040469, -0.00258243572898, -0.000303895969409, 0.00225940858945, 0.000795951753389, -0.000848560710438, 0.00146985857282, -6.55474577798e-05, 0.00160927255638, -0.00762834632769, 0.0200485456735]], "mean": [-630.474182129, 138.343963623, -18.4149570465, 26.1309986115, 1.53508150578, 12.3237800598, -2.43030881882, 6.62428236008, 4.80444335938, 4.65158700943, 1.62020242214, 0.732040941715, -2.34035539627]}, "pitch_salience": {"dmean": 0.0706009045243, "dmean2": 0.116441845894, "dvar": 0.00419174926355, "dvar2": 0.0110919857398, "max": 0.819257557392, "mean": 0.557875931263, "median": 0.559734582901, "min": 0.140793725848, "var": 0.00963769573718}, "silence_rate_20dB": {"dmean": 0, "dmean2": 0, "dvar": 0, "dvar2": 0, "max": 1, "mean": 1, "median": 1, "min": 1, "var": 0}, "silence_rate_30dB": {"dmean": 0, "dmean2": 0, "dvar": 0, "dvar2": 0, "max": 1, "mean": 1, "median": 1, "min": 1, "var": 0}, "silence_rate_60dB": {"dmean": 0.00439198454842, "dmean2": 0.00878517515957, "dvar": 0.004372486379, "dvar2": 0.00980531610548, "max": 1, "mean": 0.0421298220754, "median": 0, "min": 0, "var": 0.0403561703861}, "spectral_centroid": {"dmean": 232.765136719, "dmean2": 354.512329102, "dvar": 103969.398438, "dvar2": 193721.96875, "max": 11666.8339844, "mean": 1457.96679688, "median": 1232.29541016, "min": 177.828720093, "var": 1966428.625}, "spectral_complexity": {"dmean": 3.49190235138, "dmean2": 5.16238832474, "dvar": 11.2104310989, "dvar2": 21.0247650146, "max": 54, "mean": 22.7297935486, "median": 23, "min": 0, "var": 84.6071777344}, "spectral_contrast_coeffs": {"dmean": [0.0527251474559, 0.0466063581407, 0.0398282334208, 0.0310694742948, 0.0212953072041, 0.019772419706], "dmean2": [0.0874296873808, 0.0759508684278, 0.0640343502164, 0.0503260232508, 0.0338199734688, 0.0301058795303], "dvar": [0.0021491618827, 0.0014159156708, 0.00106979813427, 0.000612739589997, 0.00032148079481, 0.000335055403411], "dvar2": [0.00549746630713, 0.00366354850121, 0.00251647247933, 0.00155638181604, 0.000737443100661, 0.000707704282831], "max": [-0.321773648262, -0.436822414398, -0.451316744089, -0.566273391247, -0.60825419426, -0.517311155796], "mean": [-0.648804008961, -0.73633658886, -0.74763071537, -0.762321054935, -0.786524176598, -0.729189813137], "median": [-0.649730443954, -0.740134298801, -0.753160297871, -0.761622905731, -0.787199020386, -0.727918565273], "min": [-0.980295300484, -0.980327427387, -0.9856954813, -0.970138728619, -0.97088265419, -0.96530008316], "var": [0.00702407304198, 0.00566964922473, 0.0061579416506, 0.00327161699533, 0.00207490194589, 0.00262044160627]}, "spectral_contrast_valleys": {"dmean": [0.387145698071, 0.350169688463, 0.304630130529, 0.243949308991, 0.212660863996, 0.323553711176], "dmean2": [0.63173365593, 0.565409600735, 0.480498045683, 0.380195379257, 0.305902451277, 0.403551578522], "dvar": [0.151128679514, 0.117071665823, 0.0926396325231, 0.0722697526217, 0.0713168755174, 0.143468037248], "dvar2": [0.335771471262, 0.247458636761, 0.185584545135, 0.133945330977, 0.117356203496, 0.21425627172], "max": [-5.41715097427, -4.92286252975, -5.12709236145, -5.80246019363, -5.83108329773, -7.26774072647], "mean": [-7.24770307541, -6.84161186218, -7.31306791306, -7.55951404572, -7.68036460876, -10.7772340775], "median": [-6.77207565308, -6.41055631638, -6.89419794083, -7.13172769547, -7.2606253624, -10.5310201645], "min": [-28.5820617676, -28.040719986, -27.703130722, -27.6521873474, -27.5253009796, -27.4221076965], "var": [7.72870588303, 8.03356838226, 7.76597595215, 7.56572294235, 7.4488863945, 5.65703010559]}, "spectral_decrease": {"dmean": 2.32084240714e-09, "dmean2": 3.55475293645e-09, "dvar": 8.05350489007e-18, "dvar2": 1.71770373857e-17, "max": 6.01066027551e-17, "mean": -8.68848459845e-09, "median": -8.65338645184e-09, "min": -2.55107792668e-08, "var": 2.04970839384e-17}, "spectral_energy": {"dmean": 0.00908440258354, "dmean2": 0.0138685069978, "dvar": 0.000118507923617, "dvar2": 0.000250499608228, "max": 0.0978817790747, "mean": 0.0351881422102, "median": 0.0354650989175, "min": 9.95385124397e-21, "var": 0.00032075252966}, "spectral_energyband_high": {"dmean": 0.000395203358494, "dmean2": 0.000528955017217, "dvar": 1.77619722308e-06, "dvar2": 2.95516679216e-06, "max": 0.0318216122687, "mean": 0.000756217166781, "median": 0.000281233573332, "min": 7.02437414095e-21, "var": 4.65762104795e-06}, "spectral_energyband_low": {"dmean": 0.00586540298536, "dmean2": 0.0090393749997, "dvar": 8.99503356777e-05, "dvar2": 0.000197515604668, "max": 0.0857501626015, "mean": 0.0119848931208, "median": 0.00846241228282, "min": 2.11812639817e-23, "var": 0.0001560926612}, "spectral_energyband_middle_high": {"dmean": 0.0026940938551, "dmean2": 0.00394642213359, "dvar": 1.12531552077e-05, "dvar2": 2.31610174524e-05, "max": 0.0508135706186, "mean": 0.00949087180197, "median": 0.00671061594039, "min": 1.16035920918e-21, "var": 7.50074032112e-05}, "spectral_energyband_middle_low": {"dmean": 0.00588373560458, "dmean2": 0.00949018727988, "dvar": 5.57075909455e-05, "dvar2": 0.000137179769808, "max": 0.0854977294803, "mean": 0.014327625744, "median": 0.0121411960572, "min": 1.51150217549e-22, "var": 0.000109347914986}, "spectral_entropy": {"dmean": 0.130674913526, "dmean2": 0.189850449562, "dvar": 0.0172339379787, "dvar2": 0.0337102599442, "max": 9.82752418518, "mean": 7.5638999939, "median": 7.52789306641, "min": 5.9336104393, "var": 0.181739106774}, "spectral_flux": {"dmean": 0.0272644050419, "dmean2": 0.0428623594344, "dvar": 0.000844538677484, "dvar2": 0.00203852611594, "max": 0.287699282169, "mean": 0.100512005389, "median": 0.09797757864, "min": 6.21571960568e-11, "var": 0.00203997408971}, "spectral_kurtosis": {"dmean": 1.78068852425, "dmean2": 3.04204916954, "dvar": 3.29430317879, "dvar2": 9.42828655243, "max": 38.5493125916, "mean": 4.66791582108, "median": 4.28871059418, "min": -1.28727984428, "var": 8.04876708984}, "spectral_rms": {"dmean": 0.000757503556088, "dmean2": 0.00113442074507, "dvar": 7.74004092818e-07, "dvar2": 1.5149621504e-06, "max": 0.00977212470025, "mean": 0.0055791568011, "median": 0.00588218448684, "min": 3.11625963749e-12, "var": 3.20280946653e-06}, "spectral_rolloff": {"dmean": 398.601837158, "dmean2": 661.460876465, "dvar": 678772, "dvar2": 1373438.75, "max": 21619.3359375, "mean": 1706.33068848, "median": 1248.92578125, "min": 43.06640625, "var": 6616688.5}, "spectral_skewness": {"dmean": 0.214787840843, "dmean2": 0.34928765893, "dvar": 0.0406222939491, "dvar2": 0.0972823277116, "max": 4.96964597702, "mean": 1.45515072346, "median": 1.46151971817, "min": -0.305546104908, "var": 0.209491819143}, "spectral_spread": {"dmean": 407609.9375, "dmean2": 583271.6875, "dvar": 467644121088, "dvar2": 846150172672, "max": 43286856, "mean": 4194075.5, "median": 3255776.75, "min": 1942502.75, "var": 25146460995600.0}, "spectral_strongpeak": {"dmean": 0.765523552895, "dmean2": 1.29