{"lowlevel": {"average_loudness": 0.881522595882, "barkbands": {"dmean": [3.93802702092e-06, 0.000446906720754, 0.000688479922246, 0.000560991931707, 0.00239067431539, 0.00215300242417, 0.000838731357362, 0.000786275137216, 0.00114271277562, 0.000738382514101, 0.000691791821737, 0.00044625432929, 0.000321428931784, 0.000228114804486, 0.000151497340994, 0.000126317769173, 0.000106735162262, 0.00011759676272, 7.55399887566e-05, 9.27301152842e-05, 4.51199011877e-05, 3.43030515069e-05, 2.36723117268e-05, 2.84067082248e-05, 2.3476428396e-05, 8.47182218422e-06, 1.16952742246e-06], "dmean2": [5.88527564105e-06, 0.000690923421644, 0.00108873040881, 0.00093520845985, 0.00368776801042, 0.00331701943651, 0.00121683476027, 0.00116768619046, 0.00178600964136, 0.00117047317326, 0.00109558645636, 0.000687965366524, 0.000502668437548, 0.000352084724, 0.000236241117818, 0.000198902067496, 0.000170228173374, 0.000182674019015, 0.000117196934298, 0.000141181983054, 6.78903888911e-05, 5.01536414959e-05, 3.30164111801e-05, 3.91676148865e-05, 3.18661077472e-05, 1.15325356091e-05, 1.80738618383e-06], "dvar": [4.69346055076e-11, 9.27454266275e-07, 2.2909089239e-06, 1.26245492993e-06, 2.14979609154e-05, 1.91652452486e-05, 3.43771603184e-06, 2.27309374168e-06, 5.73071611143e-06, 2.43202293859e-06, 3.22325263369e-06, 1.56143971708e-06, 8.03004013505e-07, 3.4764050838e-07, 1.92194761439e-07, 1.41543239351e-07, 9.24753393861e-08, 6.48029185868e-08, 2.57999381859e-08, 4.56488358225e-08, 2.36715500535e-08, 1.90997884175e-08, 8.68355343187e-09, 3.33198855174e-08, 2.49989557943e-08, 1.30681532262e-09, 1.5178214588e-11], "dvar2": [1.05821497398e-10, 2.06143135983e-06, 5.76694765186e-06, 3.33617299475e-06, 4.85852324346e-05, 5.00943679071e-05, 7.56894132792e-06, 4.98586086906e-06, 1.42606440932e-05, 5.98563019594e-06, 8.12515008874e-06, 3.24414577335e-06, 1.6087548147e-06, 7.47264550682e-07, 4.44362399321e-07, 3.13349573844e-07, 2.1461117683e-07, 1.44670124769e-07, 5.86442858719e-08, 9.83509522712e-08, 4.85051927512e-08, 3.85225646937e-08, 1.54930788199e-08, 5.64165745232e-08, 3.51528122167e-08, 2.21896478969e-09, 3.69904107345e-11], "max": [0.00018736095808, 0.017533024773, 0.0414699353278, 0.0266343094409, 0.0869816765189, 0.0804937109351, 0.0436255782843, 0.0424059852958, 0.043641872704, 0.0306275524199, 0.0468026697636, 0.064838886261, 0.0345360562205, 0.0120374886319, 0.0157653521746, 0.0105468230322, 0.0114252641797, 0.00819081347436, 0.00433345139027, 0.00784537289292, 0.00517281517386, 0.00637973239645, 0.00436666980386, 0.00753026595339, 0.0122349131852, 0.00222381344065, 8.5482657596e-05], "mean": [1.64647717611e-05, 0.00182385207154, 0.00176097650547, 0.00100274616852, 0.00443765288219, 0.005029856693, 0.00187885633204, 0.00162767968141, 0.00217563472688, 0.00128933368251, 0.00137952237856, 0.000898350321222, 0.000592445838265, 0.000397983531002, 0.00027444580337, 0.000222854316235, 0.00023371228599, 0.000280398176983, 0.000178399379365, 0.000249007280217, 8.33293015603e-05, 5.19358836755e-05, 4.04262609663e-05, 4.71014791401e-05, 4.1414903535e-05, 1.40671718327e-05, 2.04116690838e-06], "median": [1.37703918881e-05, 0.000915742479265, 0.000791279249825, 0.000378460652428, 0.00204369286075, 0.00163287052419, 0.000565343652852, 0.00059142021928, 0.000525550916791, 0.000328407360939, 0.000127865190734, 0.000161420553923, 0.000101254823676, 6.67139538564e-05, 4.13572197431e-05, 3.34435644618e-05, 3.29207723553e-05, 5.40164401173e-05, 4.803910997e-05, 4.48219470854e-05, 2.39263899857e-05, 1.7140619093e-05, 1.37339829962e-05, 1.18910629681e-05, 9.13380154088e-06, 3.34723631568e-06, 1.07975381525e-06], "min": [5.95541005399e-10, 8.00084373753e-11, 9.36097648506e-14, 4.86435475233e-11, 3.69878780382e-11, 6.93392695691e-12, 1.83651366142e-13, 2.93905172552e-13, 2.76386064643e-13, 2.89643661703e-13, 5.17283590094e-13, 7.08201184328e-13, 4.01967223613e-13, 7.69064336954e-13, 9.24808515358e-13, 1.11759212995e-12, 1.47425962497e-12, 1.83966752422e-12, 2.18368400619e-12, 3.95870055486e-12, 4.13598018681e-12, 6.28017776672e-12, 5.90942312445e-12, 8.94182818068e-12, 1.32568027736e-11, 1.72930073039e-11, 2.18749428293e-11], "var": [2.08078290709e-10, 5.39520442544e-06, 6.97153791407e-06, 3.18443949254e-06, 4.16359835071e-05, 7.19456293155e-05, 1.31571696329e-05, 8.87165242602e-06, 1.56846144819e-05, 5.99721170147e-06, 1.32753611979e-05, 5.69565736441e-06, 2.70393798019e-06, 1.03538673102e-06, 6.20408229679e-07, 4.01501949909e-07, 4.09728983186e-07, 3.16637652986e-07, 9.10703761292e-08, 2.25874202897e-07, 4.61354936476e-08, 2.9293534709e-08, 1.62889861599e-08, 7.4437998876e-08, 7.09773786411e-08, 3.0023841191e-09, 1.5010603871e-11]}, "barkbands_crest": {"dmean": 2.36776709557, "dmean2": 3.73879480362, "dvar": 4.95975637436, "dvar2": 12.4205751419, "max": 26.6473808289, "mean": 11.3247404099, "median": 10.4152288437, "min": 2.7222430706, "var": 20.2822036743}, "barkbands_flatness_db": {"dmean": 0.0187419746071, "dmean2": 0.0274982769042, "dvar": 0.000370447669411, "dvar2": 0.000759716029279, "max": 0.384683966637, "mean": 0.165720894933, "median": 0.158946931362, "min": 0.0353787541389, "var": 0.00260897888802}, "barkbands_kurtosis": {"dmean": 4.12407207489, "dmean2": 6.22668266296, "dvar": 85.0942459106, "dvar2": 194.272216797, "max": 331.094390869, "mean": 9.28752231598, "median": 3.48722362518, "min": -1.89664447308, "var": 336.40838623}, "barkbands_skewness": {"dmean": 0.499448597431, "dmean2": 0.747508406639, "dvar": 0.355203211308, "dvar2": 0.779208362103, "max": 15.7616462708, "mean": 1.81850349903, "median": 1.47994220257, "min": -1.94967651367, "var": 2.65913271904}, "barkbands_spread": {"dmean": 3.4138302803, "dmean2": 5.10994195938, "dvar": 27.1110153198, "dvar2": 56.0093612671, "max": 134.649215698, "mean": 14.1173448563, "median": 11.6401834488, "min": 0.336995691061, "var": 142.420913696}, "dissonance": {"dmean": 0.029517756775, "dmean2": 0.0493502803147, "dvar": 0.000736885180231, "dvar2": 0.00198105419986, "max": 0.499999940395, "mean": 0.42765212059, "median": 0.437494724989, "min": 0.195673644543, "var": 0.00219934922643}, "dynamic_complexity": 3.14695167542, "erbbands": {"dmean": [0.00562415830791, 0.128923714161, 0.676231861115, 1.25070679188, 4.40378141403, 10.0617952347, 12.9669828415, 19.3151130676, 10.1564645767, 16.6367168427, 16.985496521, 21.0323295593, 27.6293869019, 24.2019405365, 26.1601085663, 14.6998968124, 13.8298177719, 13.3476257324, 6.3047504425, 6.96598720551, 6.62513589859, 5.44155788422, 5.58576059341, 4.20704603195, 4.04912281036, 4.7559094429, 2.02395009995, 1.67631244659, 1.24033653736, 0.907512843609, 0.67530632019, 0.619896888733, 0.458727180958, 0.321661114693, 0.139549255371, 0.0507552027702, 0.0134239504114, 0.00229764799587, 0.000198771900614, 1.290129876e-05], "dmean2": [0.00884377397597, 0.198700845242, 1.06128454208, 2.04808521271, 6.98656177521, 15.6558256149, 20.0316505432, 29.5029010773, 14.7871723175, 24.4069137573, 25.1175899506, 32.671245575, 42.8982849121, 38.5958557129, 39.9236526489, 22.1856651306, 21.0743579865, 20.7189674377, 9.69503307343, 11.0355386734, 10.2246351242, 8.54671001434, 8.61807632446, 6.42986106873, 6.13561725616, 7.14347171783, 3.07750201225, 2.50714635849, 1.84355986118, 1.2758191824, 0.964751124382, 0.878418803215, 0.637145340443, 0.439176499844, 0.193586081266, 0.0674457922578, 0.0189009830356, 0.00339096714742, 0.000307047565002, 1.96898854483e-05], "dvar": [0.000173577835085, 0.0745657160878, 2.16756606102, 6.13692522049, 83.0248718262, 455.014770508, 680.411010742, 1970.52429199, 454.836212158, 1451.61975098, 1187.8807373, 1858.48291016, 2674.49780273, 3336.11474609, 3844.73144531, 2383.94091797, 1763.51611328, 1129.72229004, 348.126495361, 374.048400879, 484.272491455, 268.86315918, 166.037658691, 74.2023696899, 80.1025085449, 131.802947998, 31.0101356506, 47.7773170471, 27.5600528717, 13.3112039566, 7.80894613266, 12.6861572266, 11.0663585663, 5.71558904648, 0.633810460567, 0.0570290535688, 0.00293672946282, 5.91512107349e-05, 4.30376360328e-07, 9.26384968736e-10], "dvar2": [0.00039955356624, 0.168870940804, 5.49669122696, 15.8077402115, 194.940948486, 1035.07043457, 1639.43481445, 5036.76660156, 1049.41381836, 3232.89355469, 2580.44042969, 4465.12158203, 6564.13330078, 8399.68554688, 8876.3359375, 4235.79052734, 3281.00317383, 2579.78881836, 743.510498047, 920.713317871, 1095.49072266, 612.634094238, 363.427947998, 165.903503418, 181.149719238, 277.572113037, 66.3751754761, 100.075775146, 58.1419029236, 24.422000885, 14.7912521362, 23.2618083954, 19.5235614777, 8.25574302673, 1.04051065445, 0.08441875875, 0.00606957403943, 0.000136196278618, 1.04561127046e-06, 2.19755169617e-09], "max": [0.242961496115, 4.92011928558, 44.9562149048, 43.5445747375, 164.078430176, 348.998474121, 520.016357422, 817.698364258, 477.302734375, 1156.27612305, 1166.97827148, 708.211364746, 969.310546875, 1353.1817627, 2510.21850586, 3358.40063477, 1863.55090332, 758.990661621, 863.881774902, 753.505432129, 702.715881348, 745.821716309, 487.758148193, 220.511474609, 304.915374756, 331.123168945, 147.22064209, 228.237564087, 214.444259644, 220.163314819, 109.413589478, 162.396392822, 152.403060913, 175.278564453, 59.9980049133, 17.4677848816, 3.22653079033, 0.266055673361, 0.016270050779, 0.000789606478065], "mean": [0.0229339748621, 0.522070169449, 2.01037120819, 2.72773933411, 7.13927602768, 17.3197746277, 27.3020915985, 44.8237266541, 25.4761219025, 37.8103408813, 36.6641464233, 42.7397918701, 52.4934005737, 44.0319480896, 60.0722770691, 32.3716049194, 28.1426811218, 26.5014514923, 11.8970851898, 13.7939682007, 13.6190538406, 13.4827566147, 13.8513126373, 11.5509204865, 11.1329088211, 12.5494937897, 4.42919015884, 2.85336613655, 1.87804198265, 1.48208141327, 1.15797078609, 1.03704059124, 0.74213206768, 0.542993366718, 0.246013507247, 0.0883367955685, 0.0206879116595, 0.00322216423228, 0.000352258532075, 4.96430147905e-05], "median": [0.00808925554156, 0.288524568081, 1.15230703354, 1.42378270626, 3.02098083496, 6.64276456833, 11.4032297134, 12.2454061508, 10.6874380112, 12.4190807343, 14.3963842392, 12.9342012405, 18.8107147217, 12.2956705093, 10.3407268524, 7.93276071548, 6.11436891556, 4.99557590485, 2.71964979172, 2.41016411781, 2.14243650436, 2.04650425911, 2.98509311676, 2.99432229996, 2.89483165741, 2.10386347771, 1.14824342728, 0.88546037674, 0.571171224117, 0.523506879807, 0.400248348713, 0.281766146421, 0.166519194841, 0.110555395484, 0.0580749437213, 0.0208574794233, 0.00495808757842, 0.00101158430334, 0.000187750527402, 4.39039358753e-05], "min": [3.95993104974e-09, 1.58229340741e-08, 4.12198497557e-09, 5.51998198262e-08, 2.66488854095e-07, 3.33208376446e-08, 7.14380163913e-08, 2.01123153687e-08, 5.32965316324e-09, 6.1400715623e-09, 5.30594101988e-09, 7.86686626952e-09, 1.08119175835e-08, 1.50123273812e-08, 2.13583888353e-08, 2.48857681129e-08, 2.74878360074e-08, 3.70915032022e-08, 5.03460952928e-08, 6.40713508915e-08, 7.16652053256e-08, 1.0046764487e-07, 1.17433557989e-07, 1.27777781245e-07, 1.2991087317e-07, 1.93599674958e-07, 1.79611419071e-07, 1.94276282173e-07, 1.91515056258e-07, 1.65786786965e-07, 1.72314926772e-07, 1.66047243511e-07, 1.39090857942e-07, 1.15403871348e-07, 9.3581178362e-08, 5.6318924635e-08, 3.29846976399e-08, 1.1121165322e-08, 2.84945000928e-09, 3.34959227022e-10], "var": [0.0010492647998, 0.405592739582, 6.92941951752, 15.2298517227, 138.636032104, 841.404846191, 2060.65551758, 7523.77685547, 1506.07897949, 6734.78466797, 4719.11230469, 5487.90478516, 7039.69580078, 7652.64355469, 21604.0175781, 8409.01953125, 6384.625, 3887.7121582, 1182.44018555, 1251.49206543, 1599.81445312, 1428.83959961, 787.386108398, 377.711273193, 343.847961426, 617.985900879, 77.283531189, 82.2384719849, 40.4710731506, 22.2617588043, 14.2943248749, 25.1921539307, 24.4316768646, 15.4257097244, 1.68296563625, 0.153485938907, 0.00497059850022, 7.10333479219e-05, 4.49289899507e-07, 1.46306466942e-09]}, "erbbands_crest": {"dmean": 2.91480016708, "dmean2": 4.54491186142, "dvar": 7.00777101517, "dvar2": 17.372379303, "max": 32.9240531921, "mean": 12.5257091522, "median": 11.313624382, "min": 2.1878759861, "var": 31.8009090424}, "erbbands_flatness_db": {"dmean": 0.0172740370035, "dmean2": 0.0246576424688, "dvar": 0.000295532692689, "dvar2": 0.000600547180511, "max": 0.379411429167, "mean": 0.185238689184, "median": 0.186249524355, "min": 0.0208662040532, "var": 0.00247365678661}, "erbbands_kurtosis": {"dmean": 1.98506855965, "dmean2": 2.95347929001, "dvar": 11.6031703949, "dvar2": 25.0343818665, "max": 117.629798889, "mean": 3.49058747292, "median": 1.64831113815, "min": -1.9010913372, "var": 46.8178405762}, "erbbands_skewness": {"dmean": 0.409720987082, "dmean2": 0.614589035511, "dvar": 0.175192549825, "dvar2": 0.39776840806, "max": 8.26377868652, "mean": 1.09457862377, "median": 0.952789247036, "min": -3.52696299553, "var": 1.1813133955}, "erbbands_spread": {"dmean": 6.62518024445, "dmean2": 9.95919132233, "dvar": 89.6564331055, "dvar2": 193.074523926, "max": 160.207839966, "mean": 28.1761989594, "median": 23.4065990448, "min": 1.66826844215, "var": 402.468536377}, "gfcc": {"cov": [[11512.875, 763.946472168, -1946.94055176, 88.7137374878, -342.60244751, -29.7605266571, -127.652038574, 254.392929077, -370.66317749, -134.481765747, -71.5586547852, -65.1986846924, -23.4378376007], [763.946472168, 816.030883789, -57.1011009216, -109.580337524, 104.828086853, -52.5485801697, 65.3660430908, -15.3126478195, 49.7667999268, -70.2767333984, 80.6220169067, -60.5407676697, 12.0158033371], [-1946.94055176, -57.1011009216, 1323.29614258, 203.362075806, -33.0225372314, 218.418762207, -70.2603607178, -72.3452224731, 128.3697052, 110.612716675, -113.259849548, 54.4647865295, -16.4737186432], [88.7137374878, -109.580337524, 203.362075806, 407.753753662, 138.48374939, 21.0446434021, -51.3410835266, 54.7563209534, 51.2734642029, 22.5164203644, -40.1660804749, 7.80409622192, 13.5253601074], [-342.60244751, 104.828086853, -33.0225372314, 138.48374939, 329.126403809, 40.372756958, 58.3594055176, 44.0098342896, 44.273853302, 11.9225378036, 19.7673339844, -19.0460910797, -4.707508564], [-29.7605266571, -52.5485801697, 218.418762207, 21.0446434021, 40.372756958, 379.407928467, 171.150970459, 18.8055744171, -20.3495006561, 73.1019668579, -21.0523586273, -21.7302570343, -38.6539993286], [-127.652038574, 65.3660430908, -70.2603607178, -51.3410835266, 58.3594055176, 171.150970459, 278.667266846, 55.817363739, -34.018913269, 32.8714485168, 60.1646652222, -17.2923736572, -32.3052787781], [254.392929077, -15.3126478195, -72.3452224731, 54.7563209534, 44.0098342896, 18.8055744171, 55.817363739, 156.94708252, 41.9230766296, -1.21024119854, 3.90993022919, 9.75191020966, 3.83965373039], [-370.66317749, 49.7667999268, 128.3697052, 51.2734642029, 44.273853302, -20.3495006561, -34.018913269, 41.9230766296, 169.045578003, 47.9113616943, -9.25177955627, 7.33093309402, 11.8906383514], [-134.481765747, -70.2767333984, 110.612716675, 22.5164203644, 11.9225378036, 73.1019668579, 32.8714485168, -1.21024119854, 47.9113616943, 143.384674072, 21.5863285065, 11.3873119354, -20.7598056793], [-71.5586547852, 80.6220169067, -113.259849548, -40.1660804749, 19.7673339844, -21.0523586273, 60.1646652222, 3.90993022919, -9.25177955627, 21.5863285065, 144.025238037, 26.2499866486, 0.711734175682], [-65.1986846924, -60.5407676697, 54.4647865295, 7.80409622192, -19.0460910797, -21.7302570343, -17.2923736572, 9.75191020966, 7.33093309402, 11.3873119354, 26.2499866486, 107.120773315, 33.9358787537], [-23.4378376007, 12.0158033371, -16.4737186432, 13.5253601074, -4.707508564, -38.6539993286, -32.3052787781, 3.83965373039, 11.8906383514, -20.7598056793, 0.711734175682, 33.9358787537, 82.8222732544]], "icov": [[0.000455344619695, -0.00118930777535, 0.00109877448995, -0.0010385629721, 0.00118989462499, -0.000935828546062, 0.00114367087372, -0.00093381095212, 0.0012391776545, -0.00112044042908, 0.00115516909864, -0.00108424166683, 0.000785397947766], [-0.00118930777535, 0.00497000105679, -0.00315249362029, 0.0033675567247, -0.00377086596563, 0.00273106363602, -0.0034839247819, 0.0028272671625, -0.00423485320061, 0.00430458784103, -0.0042941342108, 0.0042389719747, -0.00267733819783], [0.00109877448995, -0.00315249362029, 0.00401624944061, -0.00326205883175, 0.00338140502572, -0.00323033099994, 0.00301505578682, -0.00118139421102, 0.00192705215886, -0.00294894073159, 0.00366054242477, -0.0039062241558, 0.00256850430742], [-0.0010385629721, 0.0033675567247, -0.00326205883175, 0.00636810949072, -0.0046818763949, 0.00224660546519, -0.00150770682376, 0.000460597249912, -0.00241121440195, 0.00235582515597, -0.00268337340094, 0.00321758398786, -0.00265694502741], [0.00118989462499, -0.00377086596563, 0.00338140502572, -0.0046818763949, 0.00757576944306, -0.00286498432979, 0.00212463666685, -0.002186430851, 0.00212031998672, -0.00283863767982, 0.0028264997527, -0.00278842588887, 0.00244684633799], [-0.000935828546062, 0.00273106363602, -0.00323033099994, 0.00224660546519, -0.00286498432979, 0.00726758176461, -0.00570045504719, 0.00166823924519, -0.00121867039707, 0.000489117752295, -0.00082847190788, 0.00312405521981, -0.0017176620895], [0.00114367087372, -0.0034839247819, 0.00301505578682, -0.00150770682376, 0.00212463666685, -0.00570045504719, 0.0106611279771, -0.00523539399728, 0.00481502106413, -0.00354272662662, 0.000259537104284, -0.00219822186045, 0.0028556548059], [-0.00093381095212, 0.0028272671625, -0.00118139421102, 0.000460597249912, -0.002186430851, 0.00166823924519, -0.00523539399728, 0.0115347281098, -0.00647567631677, 0.00419012084603, -0.00153393473011, 0.000361141981557, -0.00106199388392], [0.0012391776545, -0.00423485320061, 0.00192705215886, -0.00241121440195, 0.00212031998672, -0.00121867039707, 0.00481502106413, -0.00647567631677, 0.0134388366714, -0.007568532601, 0.00391731690615, -0.0021821570117, 0.000506200594828], [-0.00112044042908, 0.00430458784103, -0.00294894073159, 0.00235582515597, -0.00283863767982, 0.000489117752295, -0.00354272662662, 0.00419012084603, -0.007568532601, 0.0140681471676, -0.00576690863818, 0.00202534766868, 0.000410494743846], [0.00115516909864, -0.0042941342108, 0.00366054242477, -0.00268337340094, 0.0028264997527, -0.00082847190788, 0.000259537104284, -0.00153393473011, 0.00391731690615, -0.00576690863818, 0.0138122132048, -0.00677193328738, 0.0027106993366], [-0.00108424166683, 0.0042389719747, -0.0039062241558, 0.00321758398786, -0.00278842588887, 0.00312405521981, -0.00219822186045, 0.000361141981557, -0.0021821570117, 0.00202534766868, -0.00677193328738, 0.0166144948453, -0.0077273985371], [0.000785397947766, -0.00267733819783, 0.00256850430742, -0.00265694502741, 0.00244684633799, -0.0017176620895, 0.0028556548059, -0.00106199388392, 0.000506200594828, 0.000410494743846, 0.0027106993366, -0.0077273985371, 0.0173032116145]], "mean": [-28.4743156433, 100.632995605, -101.398681641, 10.8373880386, -67.3511276245, -0.0699595436454, -33.8416824341, 4.36540460587, -29.5387268066, -1.15055012703, -11.7926397324, -1.80402445793, -10.7015132904]}, "hfc": {"dmean": 3.83507966995, "dmean2": 5.63720273972, "dvar": 30.8083438873, "dvar2": 60.3116416931, "max": 188.638946533, "mean": 17.5585899353, "median": 14.5469779968, "min": 1.38968766805e-06, "var": 215.526275635}, "melbands": {"dmean": [8.73215249158e-05, 0.000286307331407, 0.000268348434474, 0.000541579094715, 0.000424742087489, 0.0004127130087, 0.00016332132509, 0.000180010873009, 0.000132375251269, 0.000153671295266, 0.000143395081977, 0.000101623394585, 9.79615797405e-05, 5.92624855926e-05, 3.0019768019e-05, 3.12326192216e-05, 2.46489416895e-05, 1.02001113191e-05, 1.07031983134e-05, 8.02464637673e-06, 8.71202428243e-06, 6.54106270304e-06, 5.0220905905e-06, 6.88905993229e-06, 3.51421999767e-06, 2.78854668068e-06, 3.80931919608e-06, 3.2700529573e-06, 1.50405412569e-06, 1.07276434846e-06, 9.51925471782e-07, 7.54505038003e-07, 6.66477262712e-07, 4.64446571868e-07, 4.01232256309e-07, 4.1127697159e-07, 3.82427373324e-07, 3.3142558209e-07, 3.43130807323e-07, 2.63623604724e-07], "dmean2": [0.000135508889798, 0.000445058511104, 0.000433757551946, 0.00083974795416, 0.000658748962451, 0.000633174087852, 0.000237416330492, 0.000264865753707, 0.000195450673345, 0.000240030611167, 0.000222337403102, 0.000161956588272, 0.000152504857397, 8.93460965017e-05, 4.59981347376e-05, 4.85715208924e-05, 3.8160571421e-05, 1.56450405484e-05, 1.66013796843e-05, 1.27259463625e-05, 1.34321389851e-05, 1.02746125776e-05, 7.89493606135e-06, 1.07507430585e-05, 5.39999882676e-06, 4.28737848779e-06, 5.75000512981e-06, 4.97909195474e-06, 2.33363653024e-06, 1.62313301644e-06, 1.43624515658e-06, 1.14574663712e-06, 9.57822180681e-07, 6.60735679503e-07, 5.79734262374e-07, 6.05453408298e-07, 5.43836051747e-07, 4.82491941511e-07, 4.79508344142e-07, 3.62729110748e-07], "dvar": [3.65753258791e-08, 3.56297647386e-07, 2.30474981322e-07, 1.50705750457e-06, 5.80372898185e-07, 8.17717250357e-07, 1.06153088097e-07, 1.35914916655e-07, 6.98963518175e-08, 1.02404463576e-07, 7.10997198894e-08, 5.8401916192e-08, 6.13438402297e-08, 2.51235601212e-08, 9.40492306256e-09, 6.24926377313e-09, 4.14111278602e-09, 9.46301814686e-10, 1.09683762073e-09, 5.22503207367e-10, 9.04620045539e-10, 4.90121720986e-10, 1.51735735088e-10, 2.85306722692e-10, 5.76578680633e-11, 3.78417366886e-11, 8.88748172279e-11, 6.97664495619e-11, 1.62564978839e-11, 1.56334459267e-11, 1.52018658078e-11, 1.19897572773e-11, 6.48867981914e-12, 3.64625040231e-12, 2.51553031877e-12, 4.4291042188e-12, 5.38093224492e-12, 5.92271977989e-12, 8.04710378194e-12, 3.70829799159e-12], "dvar2": [8.02436090908e-08, 8.96755011581e-07, 5.81441724989e-07, 3.37019741892e-06, 1.41935629472e-06, 2.12999725591e-06, 2.40412958874e-07, 3.06330122157e-07, 1.53088137722e-07, 2.53683708706e-07, 1.74283655952e-07, 1.46714853599e-07, 1.53965913796e-07, 5.41533999865e-08, 1.81043713354e-08, 1.32917419293e-08, 9.18132236905e-09, 1.95655047719e-09, 2.4768804785e-09, 1.23874244196e-09, 2.01071403971e-09, 1.10574227552e-09, 3.29629962215e-10, 6.62937371665e-10, 1.27789806514e-10, 8.60420970583e-11, 2.00404526307e-10, 1.49527806803e-10, 3.75077607861e-11, 3.24408416796e-11, 3.24978099986e-11, 2.77971725499e-11, 1.22526051805e-11, 6.75058533378e-12, 4.82043615094e-12, 9.50392195498e-12, 9.47549590874e-12, 1.16474321507e-11, 1.5860356431e-11, 4.79113320198e-12], "max": [0.00340815959498, 0.0174367465079, 0.0114179812372, 0.0245669018477, 0.0135603919625, 0.0170142315328, 0.0074900733307, 0.0105416374281, 0.00907957926393, 0.00505034811795, 0.00490568531677, 0.00559709174559, 0.00652497354895, 0.00643188692629, 0.00442237313837, 0.00264958571643, 0.0013057149481, 0.00116943288594, 0.00113936397247, 0.000671872985549, 0.00104484381154, 0.00102409266401, 0.000421987933805, 0.000609271519352, 0.000184802687727, 0.000212038459722, 0.000380733399652, 0.000295783625916, 0.000109209802758, 0.000122078083223, 0.000134519315907, 0.000140499541885, 0.000146902166307, 0.000117271578347, 7.48849706724e-05, 0.000109352557047, 0.000116386385344, 0.000115283342893, 0.000159377741511, 0.000149352883454], "mean": [0.000364106206689, 0.000959927565418, 0.000575852172915, 0.000886252324563, 0.000930776295718, 0.000968234438915, 0.000407099461881, 0.00040484094643, 0.000278550462099, 0.000295319885481, 0.000264088914264, 0.000173237422132, 0.000207270495594, 0.000127485851408, 5.57671119168e-05, 6.14029704593e-05, 4.56337184005e-05, 1.63767381309e-05, 2.01325237867e-05, 1.41755790537e-05, 1.6462219719e-05, 1.44112764247e-05, 1.03033953565e-05, 1.59747578437e-05, 8.2979859144e-06, 7.0492096711e-06, 9.51658512349e-06, 7.76542401582e-06, 2.90124057756e-06, 1.78974460141e-06, 1.50371386098e-06, 1.03588706679e-06, 1.01044963685e-06, 7.37040522836e-07, 6.51786592698e-07, 6.75941521422e-07, 6.0124796164e-07, 5.05136654283e-07, 5.16509032877e-07, 4.34238558e-07], "median": [0.000172841289896, 0.000671731773764, 0.00031777084223, 0.000344441679772, 0.000416808470618, 0.000275239348412, 0.000165770499734, 0.000144314108184, 9.41358885029e-05, 7.72430794314e-05, 8.4485487605e-05, 4.03922822443e-05, 2.87833881885e-05, 2.18459426833e-05, 9.94366109808e-06, 1.19877040561e-05, 6.75385172144e-06, 2.97301949104e-06, 3.04370951199e-06, 2.23928782361e-06, 2.06885124499e-06, 1.70589828485e-06, 1.71708825292e-06, 2.83071085505e-06, 1.96321616386e-06, 1.70876865013e-06, 1.92906077245e-06, 1.12553368581e-06, 6.69580401791e-07, 5.10114489316e-07, 4.46466884796e-07, 2.8801616736e-07, 3.2660258853e-07, 2.47641679607e-07, 2.30574784155e-07, 1.96112424078e-07, 1.51882133537e-07, 1.13688621184e-07, 9.80442962373e-08, 8.51505248534e-08], "min": [5.15729438322e-11, 7.90585479027e-12, 2.06826517718e-11, 1.04218786379e-11, 1.82357709662e-12, 6.55626811522e-13, 5.55318527165e-14, 7.03315308553e-14, 4.51267983485e-14, 4.52573837239e-14, 5.03322494902e-14, 4.68521434756e-14, 7.3226919862e-14, 8.57451588031e-14, 6.61365493621e-14, 5.1807181185e-14, 6.86595488038e-14, 7.1792500059e-14, 7.17374564699e-14, 7.37375926377e-14, 8.60426435504e-14, 8.89041376867e-14, 8.43774784201e-14, 8.55848527356e-14, 9.6320480346e-14, 8.87771301784e-14, 9.41234395112e-14, 1.09220419438e-13, 8.84129669975e-14, 8.77282120104e-14, 1.28545015344e-13, 1.01238075811e-13, 7.65112731743e-14, 7.98216134574e-14, 8.44874504017e-14, 9.0928349919e-14, 9.17288367117e-14, 8.8555329519e-14, 1.0086029234e-13, 8.08486307416e-14], "var": [2.26444356599e-07, 1.1996229432e-06, 6.03980822689e-07, 2.40908025262e-06, 1.88733201867e-06, 3.20627350447e-06, 3.74602592501e-07, 6.19590309725e-07, 2.81762169152e-07, 2.81534767055e-07, 1.84821885796e-07, 1.32458822577e-07, 2.65588511184e-07, 1.0443852716e-07, 3.01192883967e-08, 2.13845137154e-08, 1.34710012034e-08, 2.74117417653e-09, 3.32227068078e-09, 1.35205524554e-09, 2.87283308253e-09, 2.47033749012e-09, 5.35812005875e-10, 1.35136091206e-09, 2.30400934442e-10, 1.5826950861e-10, 3.45595579931e-10, 2.74069517081e-10, 3.69804256661e-11, 2.65096694596e-11, 2.50266682378e-11, 1.51546449001e-11, 1.04458603226e-11, 6.01343280726e-12, 4.40066039165e-12, 7.40734470289e-12, 1.06254362947e-11, 1.18112082614e-11, 1.51431645001e-11, 1.04563632058e-11]}, "melbands_crest": {"dmean": 2.75317931175, "dmean2": 4.3886961937, "dvar": 7.28837585449, "dvar2": 18.2602424622, "max": 38.5847816467, "mean": 13.8674211502, "median": 12.7139492035, "min": 4.27366495132, "var": 30.149684906}, "melbands_flatness_db": {"dmean": 0.020995920524, "dmean2": 0.0304595176131, "dvar": 0.000512538419571, "dvar2": 0.00104759144597, "max": 0.47502630949, "mean": 0.241794452071, "median": 0.235823780298, "min": 0.0686881914735, "var": 0.00421199621633}, "melbands_kurtosis": {"dmean": 6.73212957382, "dmean2": 10.3540449142, "dvar": 241.29699707, "dvar2": 538.670471191, "max": 445.062469482, "mean": 15.9694805145, "median": 6.24444103241, "min": -1.81049454212, "var": 971.778015137}, "melbands_skewness": {"dmean": 0.606265962124, "dmean2": 0.911478042603, "dvar": 0.58067381382, "dvar2": 1.29685533047, "max": 16.9639511108, "mean": 2.2464454174, "median": 1.80560398102, "min": -1.67135095596, "var": 3.74455285072}, "melbands_spread": {"dmean": 3.64431905746, "dmean2": 5.57282209396, "dvar": 26.9074859619, "dvar2": 61.706073761, "max": 126.174552917, "mean": 15.9606704712, "median": 13.4288816452, "min": 0.593407928944, "var": 134.125595093}, "mfcc": {"cov": [[7657.24365234, 356.004302979, -1249.47375488, 93.2862243652, -210.721328735, -273.81149292, 262.519348145, 168.636657715, -94.7257385254, 54.4861106873, -199.477905273, -74.2851791382, -43.6327972412], [356.004302979, 971.637756348, -17.3563117981, -33.1882133484, 1.78311312199, -21.8914890289, 39.744682312, 27.8261032104, -48.6221656799, 39.6234970093, 5.84809732437, -6.28297472, -12.0783262253], [-1249.47375488, -17.3563117981, 1118.42175293, 17.3156871796, 98.6769180298, 240.885375977, -106.093276978, -53.0418052673, 114.350944519, -55.8683319092, 105.049926758, -13.2342376709, -14.938120842], [93.2862243652, -33.1882133484, 17.3156871796, 363.948883057, 184.532028198, -40.5019073486, -64.1809310913, 3.26362943649, 27.4305324554, -1.74423468113, -32.3987693787, 28.395658493, 51.6235771179], [-210.721328735, 1.78311312199, 98.6769180298, 184.532028198, 309.652099609, 44.4666442871, -80.9458618164, 8.02653694153, 64.2125320435, 19.3961162567, -12.1913528442, 15.8935337067, 26.6780910492], [-273.81149292, -21.8914890289, 240.885375977, -40.5019073486, 44.4666442871, 293.754119873, 113.863639832, 1.63416266441, 65.0687637329, 39.0056419373, 82.6380462646, 6.49616670609, -7.67579936981], [262.519348145, 39.744682312, -106.093276978, -64.1809310913, -80.9458618164, 113.863639832, 312.30657959, 94.5506057739, -22.0137176514, 67.4946060181, 45.6314239502, 6.69575119019, -11.0444364548], [168.636657715, 27.8261032104, -53.0418052673, 3.26362943649, 8.02653694153, 1.63416266441, 94.5506057739, 149.3387146, 37.4429168701, 18.3636627197, 8.5768661499, 12.5687332153, 1.33833277225], [-94.7257385254, -48.6221656799, 114.350944519, 27.4305324554, 64.2125320435, 65.0687637329, -22.0137176514, 37.4429168701, 154.799377441, 39.9183769226, 23.9206619263, 12.5641326904, 14.558588028], [54.4861106873, 39.6234970093, -55.8683319092, -1.74423468113, 19.3961162567, 39.0056419373, 67.4946060181, 18.3636627197, 39.9183769226, 137.479309082, 42.2790145874, 7.51006937027, -2.30772304535], [-199.477905273, 5.84809732437, 105.049926758, -32.3987693787, -12.1913528442, 82.6380462646, 45.6314239502, 8.5768661499, 23.9206619263, 42.2790145874, 131.481002808, 43.870880127, 7.62809991837], [-74.2851791382, -6.28297472, -13.2342376709, 28.395658493, 15.8935337067, 6.49616670609, 6.69575119019, 12.5687332153, 12.5641326904, 7.51006937027, 43.870880127, 113.618637085, 53.5908088684], [-43.6327972412, -12.0783262253, -14.938120842, 51.6235771179, 26.6780910492, -7.67579936981, -11.0444364548, 1.33833277225, 14.558588028, -2.30772304535, 7.62809991837, 53.5908088684, 104.751045227]], "icov": [[0.000175639535883, -6.87449064571e-05, 0.000183697498869, -0.000149963190779, 0.000149091647472, -1.74537071871e-05, -7.59780887165e-05, -6.81385790813e-05, -0.000117124778626, 4.92576546094e-05, 0.00011220700253, 8.9625340479e-05, 8.22853980935e-05], [-6.87449064571e-05, 0.00112523126882, -0.000180740811629, 0.000228390606935, -0.000227509823162, 0.000134274901939, 5.64654365007e-05, -0.000326253735693, 0.000678624026477, -0.000557099294383, 7.57443103794e-06, -1.81109426194e-05, -5.71933887841e-05], [0.000183697498869, -0.000180740811629, 0.00167424278334, -0.000360925390851, 0.000151499887579, -0.0012373678619, 0.000675526040141, 6.32709634374e-05, -0.000798431457952, 0.00117066514213, -0.00106416526251, 0.000690406130161, 0.000274506484857], [-0.000149963190779, 0.000228390606935, -0.000360925390851, 0.00462922779843, -0.00291882548481, 0.00128226773813, -0.000532043224666, 0.000399163283873, 1.53538421728e-05, 1.68033807313e-06, 0.000523467489984, -0.000521784997545, -0.0013661213452], [0.000149091647472, -0.000227509823162, 0.000151499887579, -0.00291882548481, 0.00628365948796, -0.00247774319723, 0.00254621286876, -0.00175961619243, -0.000150922875036, -0.00153236009646, 0.001384114963, -0.000297816208331, 4.37745184172e-05], [-1.74537071871e-05, 0.000134274901939, -0.0012373678619, 0.00128226773813, -0.00247774319723, 0.00809439551085, -0.00488752033561, 0.00341952755116, -0.00314650894143, 0.00115074124187, -0.00253270217218, 0.000439257739345, 0.000287357106572], [-7.59780887165e-05, 5.64654365007e-05, 0.000675526040141, -0.000532043224666, 0.00254621286876, -0.00488752033561, 0.00852178130299, -0.00576646905392, 0.00402779597789, -0.00337302475236, 0.000286943715764, 7.74453146732e-05, -0.000395664595999], [-6.81385790813e-05, -0.000326253735693, 6.32709634374e-05, 0.000399163283873, -0.00175961619243, 0.00341952755116, -0.00576646905392, 0.0116425240412, -0.00515281036496, 0.00249650795013, -0.000768894678913, -0.000782761024311, 0.000915885495488], [-0.000117124778626, 0.000678624026477, -0.000798431457952, 1.53538421728e-05, -0.000150922875036, -0.00314650894143, 0.00402779597789, -0.00515281036496, 0.0115733128041, -0.00447563873604, 0.000827855721582, -0.000223510534852, -0.00144661788363], [4.92576546094e-05, -0.000557099294383, 0.00117066514213, 1.68033807313e-06, -0.00153236009646, 0.00115074124187, -0.00337302475236, 0.00249650795013, -0.00447563873604, 0.0115927383304, -0.00402296381071, 0.00110676442273, 0.000813616497908], [0.00011220700253, 7.57443103794e-06, -0.00106416526251, 0.000523467489984, 0.001384114963, -0.00253270217218, 0.000286943715764, -0.000768894678913, 0.000827855721582, -0.00402296381071, 0.0133642442524, -0.00551836751401, 0.000786181190051], [8.9625340479e-05, -1.81109426194e-05, 0.000690406130161, -0.000521784997545, -0.000297816208331, 0.000439257739345, 7.74453146732e-05, -0.000782761024311, -0.000223510534852, 0.00110676442273, -0.00551836751401, 0.0142233371735, -0.00630233343691], [8.22853980935e-05, -5.71933887841e-05, 0.000274506484857, -0.0013661213452, 4.37745184172e-05, 0.000287357106572, -0.000395664595999, 0.000915885495488, -0.00144661788363, 0.000813616497908, 0.000786181190051, -0.00630233343691, 0.013629026711]], "mean": [-677.861877441, 140.265380859, 12.871052742, 15.4539327621, -11.0950241089, -7.01875352859, 0.909812927246, -1.00106322765, -8.73160552979, -0.996998012066, -3.93253922462, -3.28707146645, -1.8662750721]}, "pitch_salience": {"dmean": 0.0604680590332, "dmean2": 0.0962815955281, "dvar": 0.00293757673353, "dvar2": 0.00746534718201, "max": 0.881177067757, "mean": 0.523070931435, "median": 0.530325233936, "min": 0.0562925226986, "var": 0.0112218298018}, "silence_rate_20dB": {"dmean": 0, "dmean2": 0, "dvar": 0, "dvar2": 0, "max": 1, "mean": 1, "median": 1, "min": 1, "var": 0}, "silence_rate_30dB": {"dmean": 0, "dmean2": 0, "dvar": 0, "dvar2": 0, "max": 1, "mean": 1, "median": 1, "min": 1, "var": 0}, "silence_rate_60dB": {"dmean": 0.00968096777797, "dmean2": 0.019364066422, "dvar": 0.00958602037281, "dvar2": 0.0216348115355, "max": 1, "mean": 0.0487295128405, "median": 0, "min": 0, "var": 0.0463594831526}, "spectral_centroid": {"dmean": 153.075546265, "dmean2": 230.334091187, "dvar": 53942.71875, "dvar2": 103615.203125, "max": 11362.4208984, "mean": 944.053222656, "median": 795.067199707, "min": 166.495986938, "var": 295209.5625}, "spectral_complexity": {"dmean": 2.1324532032, "dmean2": 3.46000671387, "dvar": 6.2787604332, "dvar2": 14.2369098663, "max": 54, "mean": 13.9933996201, "median": 13, "min": 0, "var": 52.2948722839}, "spectral_contrast_coeffs": {"dmean": [0.0470229536295, 0.0426151193678, 0.0385029166937, 0.031187934801, 0.021864682436, 0.01487621665], "dmean2": [0.0763710141182, 0.0685528218746, 0.0616649091244, 0.0500285327435, 0.0343471765518, 0.0239588860422], "dvar": [0.00155777065083, 0.00123866437934, 0.000985482474789, 0.000741193071008, 0.000424488389399, 0.000224831048399], "dvar2": [0.00402102060616, 0.00326046766713, 0.00249303062446, 0.00185700750444, 0.000920091290027, 0.000537426851224], "max": [-0.242177516222, -0.378422051668, -0.46672347188, -0.493521302938, -0.556477069855, -0.606503725052], "mean": [-0.590432226658, -0.670607626438, -0.69960129261, -0.747024893761, -0.770257055759, -0.787566781044], "median": [-0.597418963909, -0.676968932152, -0.701175928116, -0.750690162182, -0.78366458416, -0.789655923843], "min": [-0.963649511337, -0.959036827087, -0.970001220703, -0.961314499378, -0.953175425529, -0.963712096214], "var": [0.00954334530979, 0.00773734226823, 0.00626817950979, 0.00472107483074, 0.00448208907619, 0.00131592887919]}, "spectral_contrast_valleys": {"dmean": [0.381923705339, 0.299155324697, 0.301688402891, 0.303022265434, 0.252197414637, 0.222864791751], "dmean2": [0.624586999416, 0.49028095603, 0.483418166637, 0.477171927691, 0.369359195232, 0.290986210108], "dvar": [0.136116206646, 0.0786449462175, 0.102139592171, 0.135867580771, 0.0947331860662, 0.0935620814562], "dvar2": [0.300756365061, 0.172809541225, 0.210483551025, 0.283044457436, 0.171574354172, 0.13519872725], "max": [-5.5534529686, -4.93712854385, -5.21300172806, -6.18022203445, -5.90422296524, -7.5973739624], "mean": [-7.79716825485, -6.85385608673, -7.72239542007, -8.60954856873, -8.33999061584, -10.5925598145], "median": [-7.53883981705, -6.65870046616, -7.56346321106, -8.49435043335, -8.2404756546, -10.551530838], "min": [-27.3890666962, -27.3087806702, -26.9346694946, -27.7845478058, -27.3459186554, -27.1902389526], "var": [1.44654762745, 1.34043192863, 1.60079920292, 1.37592720985, 1.28419184685, 0.990401923656]}, "spectral_decrease": {"dmean": 1.47445577969e-09, "dmean2": 2.266068444e-09, "dvar": 3.00830927009e-18, "dvar2": 7.17565119319e-18, "max": -2.15095334868e-16, "mean": -6.47493614281e-09, "median": -6.12629769137e-09, "min": -2.66111275238e-08, "var": 1.5723596677e-17}, "spectral_energy": {"dmean": 0.00582413375378, "dmean2": 0.00894892122597, "dvar": 4.63066171505e-05, "dvar2": 0.000110237597255, "max": 0.104584343731, "mean": 0.0260304510593, "median": 0.024674475193, "min": 9.51742129551e-10, "var": 0.000252870435361}, "spectral_energyband_high": {"dmean": 0.000180656687007, "dmean2": 0.000252209196333, "dvar": 3.08556479922e-07, "dvar2": 5.2530845096e-07, "max": 0.0215812008828, "mean": 0.000378315657144, "median": 0.000136671587825, "min": 9.59031049019e-11, "var": 7.57296049869e-07}, "spectral_energyband_low": {"dmean": 0.00114918628242, "dmean2": 0.00177283131052, "dvar": 4.98557392348e-06, "dvar2": 1.22404699141e-05, "max": 0.056676633656, "mean": 0.00404351670295, "median": 0.00294534419663, "min": 2.26658886104e-10, "var": 1.78945992957e-05}, "spectral_energyband_middle_high": {"dmean": 0.00170198106207, "dmean2": 0.00264142896049, "dvar": 8.12282178231e-06, "dvar2": 1.96861747099e-05, "max": 0.0663355067372, "mean": 0.00571085745469, "median": 0.00274721672758, "min": 2.32828045038e-11, "var": 5.11808611918e-05}, "spectral_energyband_middle_low": {"dmean": 0.0050779459998, "dmean2": 0.00776679255068, "dvar": 4.12544359278e-05, "dvar2": 0.000100358774944, "max": 0.0910077616572, "mean": 0.0165218990296, "median": 0.0137943532318, "min": 9.93093732249e-11, "var": 0.000168971455423}, "spectral_entropy": {"dmean": 0.188847452402, "dmean2": 0.267267644405, "dvar": 0.0422149337828, "dvar2": 0.0811027809978, "max": 9.79813671112, "mean": 7.04670238495, "median": 7.0632982254, "min": 5.04438686371, "var": 0.272449105978}, "spectral_flux": {"dmean": 0.0185594931245, "dmean2": 0.0301426649094, "dvar": 0.000356730277417, "dvar2": 0.000872778473422, "max": 0.232118919492, "mean": 0.0683323889971, "median": 0.0658993273973, "min": 8.01246642368e-06, "var": 0.00137167877983}, "spectral_kurtosis": {"dmean": 1.80556261539, "dmean2": 2.913854599, "dvar": 4.00297880173, "dvar2": 10.035071373, "max": 44.1240158081, "mean": 6.60663843155, "median": 5.73959732056, "min": -1.30181121826, "var": 16.9994316101}, "spectral_rms": {"dmean": 0.00055052456446, "dmean2": 0.0008332420839, "dvar": 3.34848380135e-07, "dvar2": 7.63898697187e-07, "max": 0.0101011637598, "mean": 0.00473968079314, "median": 0.00490638939664, "min": 9.6360201951e-07, "var": 2.93093648907e-06}, "spectral_rolloff": {"dmean": 239.594421387, "dmean2": 414.092498779, "dvar": 422374, "dvar2": 975504.8125, "max": 17786.4257812, "mean": 1026.7166748, "median": 775.1953125, "min": 21.533203125, "var": 1514530.375}, "spectral_skewness": {"dmean": 0.239653885365, "dmean2": 0.366796225309, "dvar": 0.061002176255, "dvar2": 0.129927113652, "max": 5.54318332672, "mean": 1.97601938248, "median": 1.88248801231, "min": -0.00563251553103, "var": 0.390786379576}, "spectral_spread": {"dmean": 471239.6875, "dmean2": 679085.125, "dvar": 538944110592, "dvar2": 891783675904, "max": 41474964, "mean": 4557406, "median": 4031391.5, "min": 1873608.375, "var": 3430398820350.0}, "spectral_strongpeak": {"dmean": 0.616197884083, "dmean2": 1.01246678829, "dvar": 0.71939736604