{"lowlevel": {"average_loudness": 0.775731623173, "barkbands": {"dmean": [5.74803634663e-05, 0.00174009636976, 0.000783425115515, 0.000591372547206, 0.000642491038889, 0.00071918166941, 0.000575813988689, 0.000387658801628, 0.000623128202278, 0.000323954503983, 0.000294850440696, 0.000226633870625, 0.00031136922189, 0.000245750532486, 0.000282631430309, 0.000299769104458, 0.000319400365697, 0.000267814291874, 0.000348854227923, 0.000154919049237, 0.000136493428727, 0.000144071585964, 8.1526915892e-05, 4.92796425533e-05, 3.99348937208e-05, 1.18129346447e-05, 1.18958454198e-09], "dmean2": [9.2035952548e-05, 0.00261184968986, 0.00126598577481, 0.000985822174698, 0.00105813983828, 0.00112390017603, 0.000931348185986, 0.000595900346525, 0.000909742899239, 0.000481573981233, 0.000450283696409, 0.000348179979483, 0.000462643220089, 0.000377003772883, 0.000447085069027, 0.000459941657027, 0.000489376252517, 0.000404018268455, 0.000539272441529, 0.000239386048634, 0.000206411466934, 0.000207681892789, 0.000119020987768, 6.8929977715e-05, 5.45835027879e-05, 1.59729406732e-05, 2.17481255227e-09], "dvar": [2.31142447404e-08, 7.76725391916e-06, 2.19268076762e-06, 1.14097929327e-06, 1.34146398523e-06, 3.00203873849e-06, 2.08562551052e-06, 1.15808882128e-06, 3.49462084159e-06, 1.44555883708e-06, 1.38760060509e-06, 7.39204153888e-07, 1.6536265548e-06, 6.42049315047e-07, 7.13056863333e-07, 1.08744598037e-06, 5.95160088324e-07, 4.36995492237e-07, 8.20823515824e-07, 2.06892892152e-07, 1.1749027351e-07, 1.6513445189e-07, 5.73919614055e-08, 2.58905217265e-08, 2.12818207501e-08, 1.40275835392e-09, 1.10457728533e-16], "dvar2": [5.25923056216e-08, 1.69571885635e-05, 5.55585802431e-06, 2.93599737233e-06, 3.37858818966e-06, 6.65251945975e-06, 5.18257820659e-06, 2.33370019487e-06, 6.96568713465e-06, 2.60140222963e-06, 2.83955955638e-06, 1.61889613537e-06, 3.05904563902e-06, 1.35007087465e-06, 1.62060757702e-06, 2.26880410992e-06, 1.2192201666e-06, 8.94802496987e-07, 1.73069008724e-06, 4.74342925827e-07, 2.60273935737e-07, 3.35958134201e-07, 1.22061166508e-07, 5.03486781156e-08, 3.80512048537e-08, 2.6986810564e-09, 2.47442623151e-16], "max": [0.00435557588935, 0.0305965039879, 0.0156776867807, 0.0137297557667, 0.0234191939235, 0.0382835194468, 0.0302551835775, 0.0368505232036, 0.0537562295794, 0.0525029823184, 0.0315072871745, 0.0248143263161, 0.0425092056394, 0.026729023084, 0.0250454712659, 0.0338706970215, 0.0205532126129, 0.0396373197436, 0.0379038006067, 0.0138927502558, 0.0132044926286, 0.0120624201372, 0.00566315092146, 0.00412987917662, 0.00594778684899, 0.00143505237065, 6.14635041529e-07], "mean": [8.82314707269e-05, 0.0038577648811, 0.00127782369964, 0.000893681019079, 0.00100440136157, 0.00121131911874, 0.000905101653188, 0.000643307459541, 0.00110780308023, 0.000615761964582, 0.000436083151726, 0.000317596481182, 0.000659115903545, 0.000368376582628, 0.000388923945138, 0.000473538268125, 0.000543485453818, 0.000493041996378, 0.000663425482344, 0.000285725778667, 0.000284294423182, 0.000286327849608, 0.000159571980475, 9.30278984015e-05, 7.3306633567e-05, 2.06681743293e-05, 8.62114879485e-10], "median": [3.1757904253e-06, 0.00162951159291, 0.000392219051719, 0.000260574859567, 0.000368694483768, 0.000392127258237, 0.000292865966912, 0.000192074177903, 0.000234547507716, 9.20293969102e-05, 7.10802851245e-05, 6.33726303931e-05, 8.05660311016e-05, 8.38416453917e-05, 0.000100659912277, 0.000101702935353, 0.000156193971634, 0.000126623781398, 0.000178588961717, 9.16270073503e-05, 9.15083364816e-05, 8.01532005426e-05, 4.21402073698e-05, 1.99439346034e-05, 1.31095894176e-05, 3.0104479265e-06, 1.20598447895e-10], "min": [2.88810871808e-24, 1.21836245707e-23, 1.31427185038e-24, 1.13383885097e-24, 2.04521324688e-23, 1.98429756555e-23, 8.91136248266e-24, 1.19965280632e-23, 1.84276361292e-23, 2.8713170643e-23, 2.57858955726e-23, 5.6809565654e-23, 4.29524665473e-23, 2.50255930098e-23, 3.44665193959e-23, 7.90271199193e-23, 8.36628136972e-23, 1.62338347777e-22, 1.8200298407e-22, 1.84155261677e-22, 2.54466585621e-22, 3.47058837759e-22, 4.8418202294e-22, 6.11749237416e-22, 1.02769890675e-21, 1.33064734375e-21, 1.94669081177e-21], "var": [6.7671095394e-08, 2.44409147854e-05, 3.90541117667e-06, 1.96120527107e-06, 2.44275133809e-06, 7.05919774191e-06, 3.76550633518e-06, 2.68178564511e-06, 9.27151086216e-06, 6.53251890981e-06, 2.97379551739e-06, 1.41070051995e-06, 8.26460654935e-06, 1.42210558352e-06, 1.029446139e-06, 2.03945364774e-06, 1.48950869061e-06, 1.64719881468e-06, 2.17329716179e-06, 3.92115794057e-07, 2.92587202466e-07, 4.50496287385e-07, 1.39561564083e-07, 6.14481905359e-08, 5.75785712442e-08, 3.44804917951e-09, 7.78558803798e-17]}, "barkbands_crest": {"dmean": 2.62782216072, "dmean2": 4.17633390427, "dvar": 5.74725294113, "dvar2": 13.5623064041, "max": 26.0503826141, "mean": 9.98397731781, "median": 9.26298332214, "min": 2.09021306038, "var": 18.7043743134}, "barkbands_flatness_db": {"dmean": 0.0268572792411, "dmean2": 0.0382419079542, "dvar": 0.000834493257571, "dvar2": 0.00155075301882, "max": 0.471914380789, "mean": 0.16871535778, "median": 0.144892573357, "min": 0.0506452955306, "var": 0.00590378465131}, "barkbands_kurtosis": {"dmean": 3.99937415123, "dmean2": 6.12796068192, "dvar": 58.8621520996, "dvar2": 134.979248047, "max": 144.264953613, "mean": 5.46533250809, "median": 0.992186069489, "min": -1.96703100204, "var": 129.947570801}, "barkbands_skewness": {"dmean": 0.669740974903, "dmean2": 0.988615095615, "dvar": 0.605957269669, "dvar2": 1.28108918667, "max": 11.3830518723, "mean": 1.35241854191, "median": 1.16077578068, "min": -5.51981115341, "var": 2.26117134094}, "barkbands_spread": {"dmean": 6.59488010406, "dmean2": 9.83842182159, "dvar": 68.0623397827, "dvar2": 148.342544556, "max": 116.048416138, "mean": 23.4163188934, "median": 21.8204956055, "min": 0.451969385147, "var": 272.653442383}, "dissonance": {"dmean": 0.0181727427989, "dmean2": 0.0299117341638, "dvar": 0.000435204448877, "dvar2": 0.00110342912376, "max": 0.500000119209, "mean": 0.46686643362, "median": 0.476086974144, "min": 0.175401642919, "var": 0.000982203288004}, "dynamic_complexity": 6.61287975311, "erbbands": {"dmean": [0.0434509292245, 0.429166257381, 0.957641482353, 1.35292768478, 2.11254787445, 2.23841357231, 3.79144477844, 6.74413394928, 8.44911575317, 7.85297203064, 9.56692123413, 14.2212934494, 10.7114782333, 10.4351768494, 10.5495443344, 8.90614795685, 13.1438446045, 13.2502412796, 14.5929670334, 11.5414838791, 15.4654970169, 16.6722545624, 14.1238164902, 14.6738834381, 17.2890605927, 6.51721096039, 5.07380723953, 5.91868257523, 5.47273397446, 3.6029047966, 2.27123308182, 1.21072912216, 0.793213486671, 0.511281967163, 0.267117768526, 0.0823620483279, 0.0168218128383, 0.00104354717769, 2.43646936724e-05, 6.14678174315e-06], "dmean2": [0.0671924725175, 0.644134283066, 1.51198101044, 2.22225522995, 3.54787635803, 3.69622993469, 5.86597108841, 10.6145200729, 13.6631698608, 12.546090126, 14.2492265701, 20.6759376526, 15.2811088562, 14.9647760391, 15.7128314972, 13.5831956863, 18.3533668518, 19.2288074493, 22.8145637512, 17.810333252, 23.256521225, 25.5601139069, 20.9189281464, 22.6992073059, 26.4372310638, 9.91948890686, 7.68362951279, 8.93518638611, 8.06269550323, 5.17904520035, 3.35482907295, 1.74696993828, 1.10999953747, 0.715816795826, 0.370449632406, 0.111135497689, 0.0228179451078, 0.00147881638259, 3.24130778608e-05, 8.55899997987e-06], "dvar": [0.00713121006265, 0.459089875221, 2.97040271759, 5.29391860962, 16.9089431763, 16.9161720276, 84.5254211426, 312.199768066, 442.409912109, 664.36517334, 588.693664551, 2039.02612305, 1651.91674805, 1394.52075195, 1821.41052246, 998.015441895, 2900.66186523, 2062.0847168, 1969.24487305, 1060.46252441, 2944.66552734, 1516.73193359, 1370.53637695, 1517.00036621, 2008.51965332, 336.770202637, 150.363388062, 246.959014893, 249.634002686, 100.171089172, 45.5313606262, 14.8282546997, 8.06605529785, 3.86099243164, 0.832878947258, 0.0807416588068, 0.00241979421116, 7.77421155362e-06, 4.16082679422e-09, 8.08763264692e-11], "dvar2": [0.0164112020284, 1.00705611706, 7.71575641632, 13.4424762726, 45.7808494568, 41.4521369934, 173.365005493, 723.001403809, 1092.35803223, 1481.9296875, 1183.5435791, 3905.62792969, 3122.78735352, 2233.77832031, 3969.78588867, 2141.10400391, 5174.85400391, 3768.67041016, 4634.22509766, 2332.67089844, 5844.71826172, 3138.9284668, 2492.25976562, 3007.33959961, 4426.95996094, 753.760559082, 321.904144287, 547.58026123, 552.293823242, 206.04119873, 98.8010025024, 30.7219161987, 15.9396533966, 7.51118850708, 1.47883284092, 0.152396813035, 0.0045927958563, 1.52592692757e-05, 7.62360219397e-09, 1.50555443112e-10], "max": [1.0872066021, 7.49858903885, 20.8704948425, 31.8622550964, 62.0474624634, 73.073059082, 286.45010376, 443.126861572, 490.770996094, 741.379455566, 564.629943848, 1369.63928223, 1352.50012207, 2128.87158203, 1340.94384766, 948.818115234, 2204.77856445, 1523.5213623, 1417.31677246, 665.499755859, 1409.57653809, 1204.44042969, 2705.72314453, 2418.22949219, 1020.76409912, 709.785888672, 427.327026367, 608.941223145, 516.581237793, 251.00944519, 155.296615601, 95.9107818604, 80.0946426392, 68.9314804077, 40.5667648315, 13.2694063187, 2.02186369896, 0.110204078257, 0.00247644796036, 0.000244210037636], "mean": [0.085889980197, 0.928375482559, 1.76970458031, 2.13392949104, 3.02784919739, 3.48567843437, 6.88459253311, 10.5990457535, 13.3645954132, 12.8304071426, 16.9586048126, 25.1544589996, 18.4726390839, 19.9107971191, 16.1367950439, 14.3456315994, 26.7995376587, 25.268579483, 22.6798629761, 19.2490749359, 25.6482791901, 30.6440086365, 28.0815849304, 28.9465618134, 32.051322937, 13.2721862793, 10.6431808472, 12.0011806488, 10.6991205215, 7.17870998383, 4.39905691147, 2.28039813042, 1.42640447617, 0.900215804577, 0.479019701481, 0.144330069423, 0.0288704466075, 0.00171482819133, 5.21159272466e-05, 2.53010402957e-05], "median": [0.0241499431431, 0.363769173622, 0.654909968376, 0.792301297188, 1.00713312626, 1.24121630192, 2.29424381256, 3.52521181107, 4.91358470917, 4.66510534286, 5.21690130234, 5.60474777222, 3.59279537201, 3.94453907013, 3.47946739197, 3.46658325195, 4.56626701355, 5.38535833359, 7.2247209549, 5.42814445496, 7.50316047668, 9.54449176788, 7.79150533676, 9.21217155457, 8.68890285492, 4.58945465088, 3.54864406586, 3.53808832169, 3.07430744171, 1.93401122093, 1.18675780296, 0.554410219193, 0.283847630024, 0.162941932678, 0.0800461620092, 0.0220433622599, 0.00387786049396, 0.000228252029046, 2.04610041692e-05, 2.465777834e-05], "min": [1.98894818458e-22, 9.32743580753e-22, 3.81103070446e-21, 5.15379888971e-21, 4.26976802774e-20, 6.05106270278e-20, 9.05734336412e-20, 1.17242964436e-19, 1.61244733723e-19, 2.76893229981e-19, 3.48251464787e-19, 3.99082127019e-19, 1.06995326265e-18, 9.04587760685e-19, 1.34625847061e-18, 2.44236739103e-18, 2.09893296084e-18, 3.31924294683e-18, 2.38007428025e-18, 3.50752703863e-18, 3.96054987189e-18, 5.68493524457e-18, 7.28672748739e-18, 8.29967963063e-18, 8.8359259325e-18, 6.61822534533e-18, 1.22106077648e-17, 1.26847658898e-17, 9.5458718912e-18, 1.26596419331e-17, 1.2862684995e-17, 1.21493558676e-17, 1.10578703698e-17, 1.04936612273e-17, 6.08195505523e-18, 4.1205716837e-18, 2.30776608021e-18, 1.03102697021e-18, 2.57897466653e-19, 2.78408605476e-20], "var": [0.0208800192922, 1.40730667114, 5.93723344803, 8.70591926575, 23.080827713, 33.6256141663, 232.926223755, 580.708984375, 831.795898438, 1168.51208496, 1521.34423828, 5362.33496094, 5468.09179688, 5648.48095703, 3647.07104492, 2063.77539062, 11825.4267578, 7862.55419922, 3030.70288086, 2117.38183594, 5424.08789062, 4222.48486328, 6346.63085938, 4447.38916016, 4377.77734375, 705.504638672, 372.649383545, 615.786254883, 612.387939453, 283.473266602, 104.600227356, 31.7719478607, 18.1500892639, 9.09132766724, 2.320977211, 0.196017801762, 0.00598918646574, 1.93694359041e-05, 1.22340653164e-08, 5.30946731025e-10]}, "erbbands_crest": {"dmean": 2.64204001427, "dmean2": 4.23335170746, "dvar": 6.54064702988, "dvar2": 15.7007226944, "max": 33.4111747742, "mean": 8.9033946991, "median": 7.60004997253, "min": 2.20987534523, "var": 21.3820991516}, "erbbands_flatness_db": {"dmean": 0.021183507517, "dmean2": 0.0296140629798, "dvar": 0.000496635620948, "dvar2": 0.00100811617449, "max": 0.413142561913, "mean": 0.179567098618, "median": 0.16836039722, "min": 0.0631586760283, "var": 0.00401170225814}, "erbbands_kurtosis": {"dmean": 1.79707360268, "dmean2": 2.78074431419, "dvar": 16.7668972015, "dvar2": 37.1481781006, "max": 99.2732772827, "mean": 1.30868208408, "median": -0.292240977287, "min": -1.86947917938, "var": 28.6267681122}, "erbbands_skewness": {"dmean": 0.502021312714, "dmean2": 0.737249433994, "dvar": 0.37982699275, "dvar2": 0.777179956436, "max": 6.32141160965, "mean": 0.235044077039, "median": 0.0960493832827, "min": -9.37862491608, "var": 1.31760632992}, "erbbands_spread": {"dmean": 8.70635414124, "dmean2": 13.2134933472, "dvar": 96.489982605, "dvar2": 231.24331665, "max": 136.853286743, "mean": 36.1455955505, "median": 34.5612487793, "min": 1.51345705986, "var": 360.204925537}, "gfcc": {"cov": [[26046.859375, -5278.40087891, -1246.37268066, 1724.44226074, -812.272338867, 1852.52563477, 80.1383285522, 2162.55224609, -35.4452209473, 983.987243652, 44.0118370056, 601.747375488, -367.186798096], [-5278.40087891, 3051.94458008, 701.966186523, -507.886383057, 665.570068359, -537.918579102, 174.83581543, -634.040771484, 149.127914429, -277.114135742, 169.165710449, -238.499755859, 190.035903931], [-1246.37268066, 701.966186523, 1182.96240234, 141.327941895, 234.180526733, 70.4553604126, 45.2591285706, -101.631896973, -7.33400821686, 17.2053318024, 23.0748081207, 36.0814704895, 30.2947063446], [1724.44226074, -507.886383057, 141.327941895, 612.569335938, 47.8438148499, 229.837539673, 30.0408859253, 180.5025177, 37.0863075256, 63.9873313904, -5.28208446503, 53.661857605, -21.1500797272], [-812.272338867, 665.570068359, 234.180526733, 47.8438148499, 436.136413574, 29.7986946106, 94.9735336304, -45.0511207581, 66.7198562622, -25.785238266, 49.5959205627, -45.7049865723, 25.4216938019], [1852.52563477, -537.918579102, 70.4553604126, 229.837539673, 29.7986946106, 463.689544678, 119.7993927, 248.566223145, -22.6650867462, 111.420913696, -10.5405550003, 71.0460205078, -80.3538742065], [80.1383285522, 174.83581543, 45.2591285706, 30.0408859253, 94.9735336304, 119.7993927, 204.898223877, 78.5014953613, 26.2004261017, 4.6378068924, 38.8385696411, -6.23737668991, -5.71218776703], [2162.55224609, -634.040771484, -101.631896973, 180.5025177, -45.0511207581, 248.566223145, 78.5014953613, 375.894256592, 24.5049762726, 110.390388489, -20.9553966522, 76.4739151001, -59.6146659851], [-35.4452209473, 149.127914429, -7.33400821686, 37.0863075256, 66.7198562622, -22.6650867462, 26.2004261017, 24.5049762726, 129.896484375, 24.040555954, 29.249168396, -22.5549983978, 24.19572258], [983.987243652, -277.114135742, 17.2053318024, 63.9873313904, -25.785238266, 111.420913696, 4.6378068924, 110.390388489, 24.040555954, 149.700271606, 27.1327495575, 33.0480575562, -33.6393699646], [44.0118370056, 169.165710449, 23.0748081207, -5.28208446503, 49.5959205627, -10.5405550003, 38.8385696411, -20.9553966522, 29.249168396, 27.1327495575, 118.545280457, 7.64197301865, 10.5980978012], [601.747375488, -238.499755859, 36.0814704895, 53.661857605, -45.7049865723, 71.0460205078, -6.23737668991, 76.4739151001, -22.5549983978, 33.0480575562, 7.64197301865, 105.238693237, 5.45270442963], [-367.186798096, 190.035903931, 30.2947063446, -21.1500797272, 25.4216938019, -80.3538742065, -5.71218776703, -59.6146659851, 24.19572258, -33.6393699646, 10.5980978012, 5.45270442963, 91.0971908569]], "icov": [[0.000116386392619, -9.53023263719e-05, 0.000138410905492, -0.000207500022952, 0.000183226526133, -0.000249614269705, 0.000316200690577, -0.00054409482982, 0.000253561127465, -0.000307202746626, -0.000218283603317, 1.56045698532e-05, -0.000190142876818], [-9.53023263719e-05, 0.00217673159204, -0.00103934819344, 0.00131085282192, -0.00196443381719, 0.00130495976191, -0.00200389674865, 0.00188028032426, -0.00146662292536, 0.00161544617731, -0.000929395610001, 0.00121585058514, -0.000449490413303], [0.000138410905492, -0.00103934819344, 0.00169230182655, -0.0010397528531, 0.00040288924356, -0.000841990346089, 0.00082165846834, -0.000459305010736, 0.00110587745439, -0.00157428823877, 0.000643317122012, -0.0013838178711, -4.93716906931e-05], [-0.000207500022952, 0.00131085282192, -0.0010397528531, 0.00329033657908, -0.00140354700852, -6.06418179814e-05, -0.000674775219522, 0.000959700264502, -0.00197280850261, 0.00180599244777, -0.000406581908464, 0.000586835027207, -0.000334256561473], [0.000183226526133, -0.00196443381719, 0.00040288924356, -0.00140354700852, 0.00529997423291, -0.00199768459424, 0.00122384959832, -0.00183895137161, 8.09353950899e-05, -0.000648792891297, -0.000403466983698, 0.000399426033255, -0.000229185097851], [-0.000249614269705, 0.00130495976191, -0.000841990346089, -6.06418179814e-05, -0.00199768459424, 0.00657940749079, -0.00425270339474, 0.000682244251948, 0.000518497370649, -0.000917594879866, 0.00125843985006, -0.00117582583334, 0.0025257372763], [0.000316200690577, -0.00200389674865, 0.00082165846834, -0.000674775219522, 0.00122384959832, -0.00425270339474, 0.0106512894854, -0.00496518146247, 0.00114201731049, 0.000831956043839, -0.00316017260775, 0.00163906498346, -0.00137574388646], [-0.00054409482982, 0.00188028032426, -0.000459305010736, 0.000959700264502, -0.00183895137161, 0.000682244251948, -0.00496518146247, 0.01029869169, -0.00419819401577, -0.000101694808109, 0.00295088184066, -0.00322040030733, 0.00273018120788], [0.000253561127465, -0.00146662292536, 0.00110587745439, -0.00197280850261, 8.09353950899e-05, 0.000518497370649, 0.00114201731049, -0.00419819401577, 0.0131766777486, -0.00446774531156, -0.00147216918413, 0.00320595223457, -0.00415541930124], [-0.000307202746626, 0.00161544617731, -0.00157428823877, 0.00180599244777, -0.000648792891297, -0.000917594879866, 0.000831956043839, -0.000101694808109, -0.00446774531156, 0.0136256525293, -0.00416139652953, 0.000440474424977, 0.00236787321046], [-0.000218283603317, -0.000929395610001, 0.000643317122012, -0.000406581908464, -0.000403466983698, 0.00125843985006, -0.00316017260775, 0.00295088184066, -0.00147216918413, -0.00416139652953, 0.0130105009302, -0.00424869218841, 0.00130119000096], [1.56045698532e-05, 0.00121585058514, -0.0013838178711, 0.000586835027207, 0.000399426033255, -0.00117582583334, 0.00163906498346, -0.00322040030733, 0.00320595223457, 0.000440474424977, -0.00424869218841, 0.0169287547469, -0.00623818021268], [-0.000190142876818, -0.000449490413303, -4.93716906931e-05, -0.000334256561473, -0.000229185097851, 0.0025257372763, -0.00137574388646, 0.00273018120788, -0.00415541930124, 0.00236787321046, 0.00130119000096, -0.00623818021268, 0.0172796640545]], "mean": [-81.6764450073, 100.423629761, -127.880981445, 41.1061286926, -61.2165298462, 5.58441209793, -37.9061355591, 6.24329471588, -19.1794624329, 2.9645793438, -14.8967418671, -1.51540744305, -11.4258680344]}, "hfc": {"dmean": 5.19164609909, "dmean2": 7.09708833694, "dvar": 87.4733505249, "dvar2": 159.640487671, "max": 176.690567017, "mean": 19.4652919769, "median": 11.1679668427, "min": 1.1179666263e-16, "var": 548.69329834}, "melbands": {"dmean": [0.000431726250099, 0.000522747344803, 0.000256728555541, 0.000145561658428, 0.000121917451906, 0.00014708044182, 0.000125331003801, 8.3211081801e-05, 8.84129694896e-05, 9.05618799152e-05, 5.48338066437e-05, 4.34928697359e-05, 3.7678204535e-05, 2.49965214607e-05, 2.67861832981e-05, 3.38586396538e-05, 2.61610293819e-05, 2.43599934038e-05, 1.82544463314e-05, 2.17863998841e-05, 1.83761894732e-05, 2.01961047424e-05, 1.49305687955e-05, 1.25484166347e-05, 1.29522022689e-05, 1.70741568581e-05, 8.38439427753e-06, 4.2536626097e-06, 3.30185866915e-06, 3.55104953087e-06, 3.8476091504e-06, 3.46808405993e-06, 2.75421598417e-06, 1.88324736428e-06, 1.47995979205e-06, 1.03342040347e-06, 6.88716170316e-07, 5.85684858834e-07, 5.24387075984e-07, 4.19526770656e-07], "dmean2": [0.000651090405881, 0.000794685387518, 0.000418999698013, 0.00024368785671, 0.000187990168342, 0.000230623933021, 0.000202230687137, 0.000131414315547, 0.00013099568605, 0.000132257962832, 7.82647330198e-05, 6.22941661277e-05, 5.60832522751e-05, 3.8038699131e-05, 3.93907794205e-05, 4.86929784529e-05, 3.89504639315e-05, 3.83247934224e-05, 2.86438407784e-05, 3.33801035595e-05, 2.82497567241e-05, 3.12009142363e-05, 2.27662912948e-05, 1.876521128e-05, 2.02724386327e-05, 2.64975933533e-05, 1.28546316773e-05, 6.64080062052e-06, 5.09412711835e-06, 5.47708577869e-06, 5.92220976614e-06, 5.22939490111e-06, 4.04532238463e-06, 2.76478590422e-06, 2.21019854507e-06, 1.55470740992e-06, 1.01057207758e-06, 8.36028902995e-07, 7.5189296922e-07, 5.98833821641e-07], "dvar": [5.41594772585e-07, 7.26319001387e-07, 1.8776931654e-07, 7.3917675536e-08, 7.13950996101e-08, 1.34885439707e-07, 9.22549077131e-08, 7.1351919928e-08, 5.31037613882e-08, 8.48135002229e-08, 4.3785746584e-08, 2.43545148493e-08, 2.21608846829e-08, 1.058640553e-08, 1.0004941764e-08, 2.14847712954e-08, 8.05836375406e-09, 5.69864955224e-09, 3.38949002199e-09, 5.49960166296e-09, 4.37119895835e-09, 2.42723197097e-09, 1.46292211678e-09, 1.40430389539e-09, 1.36160049902e-09, 2.28582353046e-09, 6.771597727e-10, 1.41054418146e-10, 5.95052132568e-11, 7.85623371913e-11, 1.10200112924e-10, 9.7534813559e-11, 6.63938903855e-11, 2.63637375819e-11, 1.80402671968e-11, 1.07879547309e-11, 4.97130678637e-12, 4.15955941566e-12, 4.26909766219e-12, 2.52643045373e-12], "dvar2": [1.18185732845e-06, 1.75184902673e-06, 4.766691859e-07, 1.97187958406e-07, 1.46806286239e-07, 3.08437364538e-07, 2.27460276392e-07, 1.53896408506e-07, 1.03024973441e-07, 1.63914208429e-07, 8.10568892007e-08, 3.97630124382e-08, 4.68164813583e-08, 2.27942376085e-08, 1.84315904761e-08, 3.80522990895e-08, 1.53838399797e-08, 1.36864777289e-08, 7.39855821053e-09, 1.18310508057e-08, 8.76910721814e-09, 5.11576514484e-09, 2.80439982348e-09, 2.6540052378e-09, 2.7080671039e-09, 5.18527532023e-09, 1.54907331407e-09, 3.20131171572e-10, 1.30680521959e-10, 1.71963332463e-10, 2.52825149705e-10, 2.25569979362e-10, 1.40652850478e-10, 5.68390161326e-11, 4.02751512696e-11, 2.38801339814e-11, 1.08236223803e-11, 8.37120997521e-12, 9.03736373931e-12, 4.89333096612e-12], "max": [0.00851663760841, 0.0095692910254, 0.00559875741601, 0.00320823630318, 0.00795034132898, 0.00908680725843, 0.00695223687217, 0.008445690386, 0.00602801563218, 0.00839926488698, 0.00681691523641, 0.00920037552714, 0.00420591747388, 0.00363955809735, 0.00418358622119, 0.00566195556894, 0.00335534801707, 0.00202060840093, 0.001496079145, 0.0026479314547, 0.00181857682765, 0.00125016248785, 0.0015048738569, 0.00245841033757, 0.00245736190118, 0.00135411659721, 0.000739786133636, 0.000425540318247, 0.000243549249717, 0.000268993229838, 0.000428972416557, 0.000297847000184, 0.000233721832046, 0.000121186327306, 0.000103814592876, 8.43435336719e-05, 5.67157840123e-05, 5.36074294359e-05, 8.8295826572e-05, 5.27760494151e-05], "mean": [0.000929728965275, 0.00109043205157, 0.000424786936492, 0.000218467641389, 0.000230928941164, 0.000236605657847, 0.000198525347514, 0.000134110887302, 0.000152472086484, 0.000157085538376, 9.04827538761e-05, 8.17035470391e-05, 5.57244457013e-05, 3.56643358828e-05, 4.24726677011e-05, 6.97199211572e-05, 4.32828128396e-05, 3.5856548493e-05, 2.49600925599e-05, 3.41935847246e-05, 2.74837111647e-05, 3.31521732733e-05, 2.63758611254e-05, 2.30360310525e-05, 2.23600018217e-05, 2.87007023871e-05, 1.41696536957e-05, 7.74301042838e-06, 6.42150553176e-06, 6.713458788e-06, 7.12736664354e-06, 6.24351878287e-06, 5.07286131324e-06, 3.52181859853e-06, 2.71651401818e-06, 1.79943197054e-06, 1.20936408621e-06, 1.00592012586e-06, 8.82250787981e-07, 7.11798008979e-07], "median": [0.000374836265109, 0.000467928912258, 0.000160638504894, 8.25830647955e-05, 8.03681323305e-05, 7.94220686657e-05, 7.03344267095e-05, 4.50359948445e-05, 4.04769125453e-05, 3.11456533382e-05, 1.43100896821e-05, 1.35184309329e-05, 9.5672403404e-06, 8.02814247436e-06, 8.89883813215e-06, 7.72073508415e-06, 8.17578984424e-06, 1.03760730781e-05, 6.47024899081e-06, 6.52157359582e-06, 7.60586499382e-06, 8.87729220267e-06, 7.3699384302e-06, 5.65918253415e-06, 5.92101514485e-06, 6.55255280435e-06, 4.12892904933e-06, 2.38915458795e-06, 1.88167746273e-06, 2.12481677409e-06, 1.86131455848e-06, 1.74454407897e-06, 1.32106652018e-06, 8.82480946984e-07, 6.74877242091e-07, 4.68278415156e-07, 2.5801477932e-07, 1.9232960824e-07, 1.50777907493e-07, 1.22943291103e-07], "min": [2.97968758057e-24, 3.94492812065e-24, 1.27928448873e-24, 4.26288166394e-24, 3.68808920941e-24, 3.12651392212e-24, 2.58109056187e-24, 3.19490540159e-24, 3.38756594225e-24, 2.69440431723e-24, 5.81822980139e-24, 3.52609346708e-24, 3.9008741834e-24, 3.94199316365e-24, 6.65444878777e-24, 4.83965810366e-24, 5.25772480114e-24, 3.69423798573e-24, 3.45121715654e-24, 4.94265809433e-24, 3.29594270633e-24, 4.45452398238e-24, 5.75373608365e-24, 6.73949193765e-24, 6.09369411304e-24, 5.58674606293e-24, 6.33974219596e-24, 4.02100547192e-24, 6.32424226246e-24, 5.86358338699e-24, 7.29071322834e-24, 5.50345694527e-24, 5.24606385924e-24, 5.94451617713e-24, 6.90838942404e-24, 7.2147230462e-24, 7.44649747991e-24, 6.35517310413e-24, 7.62219810274e-24, 7.97815975331e-24], "var": [1.67262840023e-06, 1.93926143766e-06, 3.31511813556e-07, 1.05796694072e-07, 2.06606145525e-07, 2.69295014732e-07, 1.7464093105e-07, 1.40333497711e-07, 1.4403384796e-07, 2.23859856874e-07, 1.45026319842e-07, 1.01927312812e-07, 4.57355433525e-08, 1.91556868145e-08, 2.44524329673e-08, 1.054444283e-07, 2.48555949156e-08, 8.4585058957e-09, 5.14786391292e-09, 1.07337347899e-08, 7.32028970774e-09, 5.73169689488e-09, 4.47321424346e-09, 5.25275645202e-09, 3.64913299578e-09, 4.24030366375e-09, 1.23776988659e-09, 2.82122686324e-10, 1.4404456794e-10, 1.7831013055e-10, 2.46681203242e-10, 2.12391326748e-10, 1.64081970233e-10, 6.87365164787e-11, 4.05700716077e-11, 1.97894461235e-11, 9.87058785401e-12, 8.78002445054e-12, 9.01447579776e-12, 5.82748346106e-12]}, "melbands_crest": {"dmean": 3.24304366112, "dmean2": 5.20092582703, "dvar": 8.53455448151, "dvar2": 20.9199142456, "max": 35.2302474976, "mean": 13.2366275787, "median": 12.8080787659, "min": 1.76250112057, "var": 23.8970527649}, "melbands_flatness_db": {"dmean": 0.0344876125455, "dmean2": 0.0467165745795, "dvar": 0.00148186646402, "dvar2": 0.0024975631386, "max": 0.598874926567, "mean": 0.206449061632, "median": 0.178702503443, "min": 0.00366031285375, "var": 0.0114166075364}, "melbands_kurtosis": {"dmean": 7.36714506149, "dmean2": 11.3045291901, "dvar": 176.939865112, "dvar2": 404.877288818, "max": 315.776397705, "mean": 12.9820566177, "median": 6.37383270264, "min": -1.88989627361, "var": 415.43182373}, "melbands_skewness": {"dmean": 0.800125777721, "dmean2": 1.19662964344, "dvar": 0.771248698235, "dvar2": 1.69737350941, "max": 15.2066144943, "mean": 2.3918337822, "median": 2.15414381027, "min": -3.04390835762, "var": 3.01817750931}, "melbands_spread": {"dmean": 10.0985870361, "dmean2": 15.2813892365, "dvar": 243.371322632, "dvar2": 509.329437256, "max": 221.288452148, "mean": 30.0798473358, "median": 23.3479766846, "min": 0.516345083714, "var": 756.468566895}, "mfcc": {"cov": [[22358.3730469, -3879.63793945, -1780.76025391, 836.62109375, -609.512817383, 230.623733521, 307.563659668, 1105.55566406, 429.311004639, 628.126708984, 933.474121094, 335.173095703, 434.64855957], [-3879.63793945, 2546.88574219, 405.03717041, -35.6098937988, 350.322418213, 54.8011245728, 66.109046936, -209.232208252, -65.0412979126, -73.5588607788, -118.19229126, -1.27224504948, -33.8665847778], [-1780.76025391, 405.03717041, 984.94140625, 79.4893722534, 170.530838013, 132.921676636, 45.6475563049, -66.7629928589, -11.335849762, -87.3483047485, -64.5214004517, 11.0548610687, 5.17431497574], [836.62109375, -35.6098937988, 79.4893722534, 429.606750488, 141.684707642, 90.4504928589, 36.5144882202, 88.0729141235, 54.3812065125, 48.564163208, 29.020866394, 29.8268489838, 55.9700317383], [-609.512817383, 350.322418213, 170.530838013, 141.684707642, 301.337982178, 111.946006775, 32.2082595825, 1.22353994846, 28.772233963, 14.5920324326, -10.6786899567, 6.09608030319, 15.3906583786], [230.623733521, 54.8011245728, 132.921676636, 90.4504928589, 111.946006775, 241.892654419, 119.811683655, 69.3452911377, 32.6002731323, 39.4487762451, 54.6649131775, 26.7524757385, 14.3833999634], [307.563659668, 66.109046936, 45.6475563049, 36.5144882202, 32.2082595825, 119.811683655, 195.928833008, 113.483589172, 28.7014579773, 37.1315765381, 61.8730239868, 35.2053565979, 18.04829216], [1105.55566406, -209.232208252, -66.7629928589, 88.0729141235, 1.22353994846, 69.3452911377, 113.483589172, 232.949172974, 86.9222106934, 53.1502494812, 74.5010604858, 25.4009552002, 40.577999115], [429.311004639, -65.0412979126, -11.335849762, 54.3812065125, 28.772233963, 32.6002731323, 28.7014579773, 86.9222106934, 129.611175537, 59.0801467896, 22.062707901, 18.5550365448, 19.0558872223], [628.126708984, -73.5588607788, -87.3483047485, 48.564163208, 14.5920324326, 39.4487762451, 37.1315765381, 53.1502494812, 59.0801467896, 133.886306763, 72.928894043, 17.5920963287, 25.7621536255], [933.474121094, -118.19229126, -64.5214004517, 29.020866394, -10.6786899567, 54.6649131775, 61.8730239868, 74.5010604858, 22.062707901, 72.928894043, 148.269790649, 52.3387641907, 25.9496746063], [335.173095703, -1.27224504948, 11.0548610687, 29.8268489838, 6.09608030319, 26.7524757385, 35.2053565979, 25.4009552002, 18.5550365448, 17.5920963287, 52.3387641907, 103.376266479, 38.2913818359], [434.64855957, -33.8665847778, 5.17431497574, 55.9700317383, 15.3906583786, 14.3833999634, 18.04829216, 40.577999115, 19.0558872223, 25.7621536255, 25.9496746063, 38.2913818359, 92.1682281494]], "icov": [[0.000110831097118, 8.75290861586e-05, 0.000121194265375, -0.000176031535375, 0.000160215000506, -7.8755467257e-05, 7.79165420681e-05, -0.00017431586457, -5.9921945649e-05, 1.38346631502e-05, -0.000405082741054, 2.45172759605e-06, -0.000221827503992], [8.75290861586e-05, 0.000653328665067, 2.36274627241e-05, 2.02486353373e-05, -0.000626049528364, 0.000256426254055, -0.000639345264062, 0.000479282025481, -4.19618445449e-05, 4.41275660705e-05, -8.71663360158e-05, -0.000118509589811, -0.000137504030135], [0.000121194265375, 2.36274627241e-05, 0.00151675438974, -0.000352252885932, -0.000135962152854, -0.000788200239185, -0.000282887252979, 0.000522298563737, -0.000579738873057, 0.00120162172243, -0.00027430432965, -1.40545580507e-05, -0.00059587333817], [-0.000176031535375, 2.02486353373e-05, -0.000352252885932, 0.00360020203516, -0.00174160266761, -0.000272633391432, 0.00056602305267, -0.00091612979304, 0.000321834522765, -0.000755314831622, 0.00106343231164, -0.000442463729996, -0.000674048613291], [0.000160215000506, -0.000626049528364, -0.000135962152854, -0.00174160266761, 0.00620805332437, -0.00247958186083, 0.000993114430457, 1.52990214701e-05, -0.000942479644436, -0.000267780444119, -4.21065087721e-05, 0.000402946636314, -0.000657088588923], [-7.8755467257e-05, 0.000256426254055, -0.000788200239185, -0.000272633391432, -0.00247958186083, 0.00805019028485, -0.00415366096422, 0.000519566063304, -0.000179797323653, -0.000520229281392, -0.00119469955098, 0.000177231151611, 0.000863137072884], [7.79165420681e-05, -0.000639345264062, -0.000282887252979, 0.00056602305267, 0.000993114430457, -0.00415366096422, 0.0112626068294, -0.00577865634114, 0.00227889767848, -0.0014521375997, -0.000483918644022, -0.00200401619077, 0.000794385559857], [-0.00017431586457, 0.000479282025481, 0.000522298563737, -0.00091612979304, 1.52990214701e-05, 0.000519566063304, -0.00577865634114, 0.0112578058615, -0.00608824193478, 0.00293944403529, -0.00260892836377, 0.00260978774168, -0.00229583401233], [-5.9921945649e-05, -4.19618445449e-05, -0.000579738873057, 0.000321834522765, -0.000942479644436, -0.000179797323653, 0.00227889767848, -0.00608824193478, 0.0140801304951, -0.00665809819475, 0.00412615668029, -0.00308938324451, 0.00159558665473], [1.38346631502e-05, 4.41275660705e-05, 0.00120162172243, -0.000755314831622, -0.000267780444119, -0.000520229281392, -0.0014521375997, 0.00293944403529, -0.00665809819475, 0.0147461788729, -0.00700145587325, 0.00317397294566, -0.00263423938304], [-0.000405082741054, -8.71663360158e-05, -0.00027430432965, 0.00106343231164, -4.21065087721e-05, -0.00119469955098, -0.000483918644022, -0.00260892836377, 0.00412615668029, -0.00700145587325, 0.015432998538, -0.00591446924955, 0.00190069177188], [2.45172759605e-06, -0.000118509589811, -1.40545580507e-05, -0.000442463729996, 0.000402946636314, 0.000177231151611, -0.00200401619077, 0.00260978774168, -0.00308938324451, 0.00317397294566, -0.00591446924955, 0.0147554734722, -0.00535053946078], [-0.000221827503992, -0.000137504030135, -0.00059587333817, -0.000674048613291, -0.000657088588923, 0.000863137072884, 0.000794385559857, -0.00229583401233, 0.00159558665473, -0.00263423938304, 0.00190069177188, -0.00535053946078, 0.0152124743909]], "mean": [-711.13885498, 114.150505066, -0.454154700041, 28.1120738983, 1.45145463943, 2.20670795441, -6.59397506714, 0.756766915321, -1.82426607609, 1.03512346745, 2.11363983154, -0.812975764275, -1.46427190304]}, "pitch_salience": {"dmean": 0.0729683414102, "dmean2": 0.116014041007, "dvar": 0.00416305661201, "dvar2": 0.0104604577646, "max": 0.903750479221, "mean": 0.583845257759, "median": 0.585811376572, "min": 0.0680595487356, "var": 0.0159583631903}, "silence_rate_20dB": {"dmean": 0, "dmean2": 0, "dvar": 0, "dvar2": 0, "max": 1, "mean": 1, "median": 1, "min": 1, "var": 0}, "silence_rate_30dB": {"dmean": 0, "dmean2": 0, "dvar": 0, "dvar2": 0, "max": 1, "mean": 1, "median": 1, "min": 1, "var": 0}, "silence_rate_60dB": {"dmean": 0.0257474202663, "dmean2": 0.0515003204346, "dvar": 0.0250799879432, "dvar2": 0.057362921536, "max": 1, "mean": 0.275319159031, "median": 0, "min": 0, "var": 0.199520140886}, "spectral_centroid": {"dmean": 316.003112793, "dmean2": 464.065063477, "dvar": 186066.265625, "dvar2": 356230.21875, "max": 11496.9248047, "mean": 1595.27416992, "median": 1563.52294922, "min": 143.461929321, "var": 1014451.875}, "spectral_complexity": {"dmean": 3.47313547134, "dmean2": 4.96658849716, "dvar": 17.4801578522, "dvar2": 31.5487861633, "max": 57, "mean": 15.5880851746, "median": 15, "min": 0, "var": 145.528366089}, "spectral_contrast_coeffs": {"dmean": [0.0509477369487, 0.0500259287655, 0.0387910157442, 0.0339477583766, 0.0282139834017, 0.0230590198189], "dmean2": [0.0837962850928, 0.0798178166151, 0.0607647523284, 0.0527446977794, 0.0433916933835, 0.0348681695759], "dvar": [0.00184184091631, 0.00178082799539, 0.00111604307313, 0.00085140846204, 0.000605999142863, 0.000444848526968], "dvar2": [0.00484505062923, 0.00427544815466, 0.00249475892633, 0.00191363180056, 0.00130659167189, 0.000942762650084], "max": [-0.31108045578, -0.408631771803, -0.442103952169, -0.475252270699, -0.3967448771, -0.507325530052], "mean": [-0.669746339321, -0.744566142559, -0.787197589874, -0.782483518124, -0.780989229679, -0.734816431999], "median": [-0.674343943596, -0.749209046364, -0.799370408058, -0.789630770683, -0.784349441528, -0.73132866621], "min": [-0.978730857372, -0.977717936039, -0.976916670799, -0.965979278088, -0.963820874691, -0.964844405651], "var": [0.00568887358531, 0.00691072409973, 0.00654108962044, 0.00535952812061, 0.00475877523422, 0.00270635960624]}, "spectral_contrast_valleys": {"dmean": [0.472607523203, 0.427635610104, 0.391369342804, 0.369304120541, 0.363294959068, 0.350762486458], "dmean2": [0.748695552349, 0.666782677174, 0.594319820404, 0.543454766273, 0.495726019144, 0.446709603071], "dvar": [0.196719095111, 0.167010530829, 0.142202824354, 0.140515998006, 0.162790551782, 0.177309945226], "dvar2": [0.429274827242, 0.360346496105, 0.294402271509, 0.272842288017, 0.2939850986, 0.290149897337], "max": [-5.62174654007, -4.80429315567, -5.35937166214, -5.7142701149, -5.21784830093, -7.3277926445], "mean": [-8.09181404114, -7.26573705673, -8.08277130127, -8.37300395966, -8.24529457092, -11.2061281204], "median": [-7.53335762024, -6.93134784698, -7.71381664276, -7.94566774368, -7.59072113037, -10.4310388565], "min": [-27.8639221191, -27.8844985962, -27.6595840454, -27.5962123871, -27.4978618622, -27.3867511749], "var": [2.7393860817, 1.95874500275, 2.00141048431, 2.1697974205, 3.09065818787, 4.31484031677]}, "spectral_decrease": {"dmean": 1.03858943667e-09, "dmean2": 1.51035117746e-09, "dvar": 1.70750933722e-18, "dvar2": 3.45222836032e-18, "max": 1.45234052106e-28, "mean": -4.07662703594e-09, "median": -4.01895405844e-09, "min": -1.6128181457e-08, "var": 1.1299331008e-17}, "spectral_energy": {"dmean": 0.00418501859531, "dmean2": 0.00605673762038, "dvar": 2.74920512311e-05, "dvar2": 5.50570402993e-05, "max": 0.0664549842477, "mean": 0.0171517264098, "median": 0.0171828921884, "min": 1.01660812322e-20, "var": 0.000198826543055}, "spectral_energyband_high": {"dmean": 0.00041853392031, "dmean2": 0.000569145660847, "dvar": 1.09911377422e-06, "dvar2": 2.03682202482e-06, "max": 0.0279557183385, "mean": 0.00105555471964, "median": 0.000350582937244, "min": 7.35129789101e-21, "var": 4.03404101235e-06}, "spectral_energyband_low": {"dmean": 0.00241108471528, "dmean2": 0.00357295200229, "dvar": 1.37860233735e-05, "dvar2": 2.94747023872e-05, "max": 0.0378635525703, "mean": 0.00559690548107, "median": 0.00281309406273, "min": 2.54486670019e-23, "var": 4.71978746646e-05}, "spectral_energyband_middle_high": {"dmean": 0.00155279634055, "dmean2": 0.00216530147009, "dvar": 8.13470524008e-06, "dvar2": 1.45347003127e-05, "max": 0.058354165405, "mean": 0.00504058320075, "median": 0.00204182369635, "min": 1.35564633322e-21, "var": 5.77117170906e-05}, "spectral_energyband_middle_low": {"dmean": 0.00232603959739, "dmean2": 0.00354793155566, "dvar": 1.22171713883e-05, "dvar2": 2.72434390354e-05, "max": 0.0549343042076, "mean": 0.00593742635101, "median": 0.00407735444605, "min": 1.8362629573e-22, "var": 4.0290189645e-05}, "spectral_entropy": {"dmean": 0.213537976146, "dmean2": 0.291512161493, "dvar": 0.0653981566429, "dvar2": 0.117746911943, "max": 9.81467437744, "mean": 7.43420886993, "median": 7.60290622711, "min": 4.70357608795, "var": 0.426125347614}, "spectral_flux": {"dmean": 0.0181742366403, "dmean2": 0.0282475929707, "dvar": 0.00040171443834, "dvar2": 0.000946945918258, "max": 0.261339455843, "mean": 0.0644937381148, "median": 0.0607952624559, "min": 6.42877279189e-11, "var": 0.0020104132127}, "spectral_kurtosis": {"dmean": 3.29050993919, "dmean2": 5.34889698029, "dvar": 39.3492164612, "dvar2": 95.799331665, "max": 101.602409363, "mean": 6.79295730591, "median": 3.3707780838, "min": -1.24492406845, "var": 101.456802368}, "spectral_rms": {"dmean": 0.000502156035509, "dmean2": 0.000711867643986, "dvar": 3.12759226517e-07, "dvar2": 5.89064654832e-07, "max": 0.00805196445435, "mean": 0.00351988896728, "median": 0.00409436132759, "min": 3.14930590287e-12, "var": 4.34377125202e-06}, "spectral_rolloff": {"dmean": 580.279724121, "dmean2": 914.244384766, "dvar": 834124.5, "dvar2": 1575753.125, "max": 19659.8144531, "mean": 1885.00622559, "median": 1421.19140625, "min": 64.599609375, "var": 3348683.5}, "spectral_skewness": {"dmean": 0.355109065771, "dmean2": 0.542810857296, "dvar": 0.257189720869, "dvar2": 0.560073316097, "max": 8.26872158051, "mean": 1.60685360432, "median": 1.28043675423, "min": -0.687662482262, "var": 1.00437057018}, "spectral_spread": {"dmean": 509055.09375, "dmean2": 724193.0625, "dvar": 462791802880, "dvar2": 887772479488, "max": 42527776, "mean": 3949683, "median": 3824384, "min": 686268.125, "var": 4504683020290.0}, "spectral_strongpeak": {"dmean": 0.524112761021, "d