{"lowlevel": {"average_loudness": 0.896013796329, "barkbands": {"dmean": [7.62347262935e-05, 0.00293062161654, 0.00135600368958, 0.00157936278265, 0.00189749768469, 0.0011292755371, 0.000840912165586, 0.000987202627584, 0.000786317687016, 0.000916970719118, 0.00070451159263, 0.000676023715641, 0.000640030775685, 0.0004767079663, 0.00028652252513, 0.000225361756748, 0.000218208908336, 0.00015715083282, 0.000127081832034, 0.000144069374073, 0.000138762363349, 0.000281779735815, 0.000264797126874, 0.000177680005436, 0.000121582248539, 0.000289227638859, 1.60946092365e-05], "dmean2": [0.000120766875625, 0.00494238454849, 0.0023252365645, 0.00276280683465, 0.00327791296877, 0.00178397528362, 0.00129783467855, 0.00150858738925, 0.00122185656801, 0.00143464561552, 0.00110131013207, 0.00107058451977, 0.000998920295388, 0.000771004008129, 0.000452086766018, 0.000357749202522, 0.000349426700268, 0.000254762795521, 0.000212435043068, 0.000233491024119, 0.000224619434448, 0.000437781214714, 0.000404012709623, 0.000264758971753, 0.000172204905539, 0.000453604036011, 2.37282547459e-05], "dvar": [3.73755355554e-08, 5.12804363098e-05, 7.53207359594e-06, 8.91688341653e-06, 1.50142632265e-05, 5.66073231312e-06, 3.24159327647e-06, 6.00386147198e-06, 4.87131637783e-06, 7.00357395544e-06, 3.18690354106e-06, 3.6939347865e-06, 2.91623859994e-06, 1.70381201769e-06, 7.32250441615e-07, 2.36463108649e-07, 1.81113350095e-07, 1.1171416503e-07, 8.17246856855e-08, 1.0047662613e-07, 1.02759024401e-07, 3.49137025069e-07, 3.92177611275e-07, 1.71571983287e-07, 6.169183564e-08, 5.27321390109e-07, 1.13659093248e-09], "dvar2": [8.63098321702e-08, 0.000138091607369, 2.03361760214e-05, 2.44231796387e-05, 4.18842901126e-05, 1.41918999361e-05, 7.39969800634e-06, 1.3683294128e-05, 1.12372708827e-05, 1.6298277842e-05, 7.63768457546e-06, 8.53984056448e-06, 6.64927165417e-06, 4.06851086154e-06, 1.68786721133e-06, 5.30486033767e-07, 4.30760934478e-07, 2.76272373867e-07, 2.16944101794e-07, 2.49057080737e-07, 2.51645587923e-07, 8.60057639329e-07, 9.74512090579e-07, 3.684996841e-07, 1.17792339438e-07, 1.32417017085e-06, 2.51502685344e-09], "max": [0.00270732445642, 0.0871089398861, 0.044583812356, 0.0420454256237, 0.0461069531739, 0.0648129880428, 0.0487282834947, 0.060222428292, 0.0651915073395, 0.0666884332895, 0.0474496893585, 0.0475957468152, 0.0703200250864, 0.0254647508264, 0.0263281110674, 0.0126936230808, 0.0121348043904, 0.0115484464914, 0.00610510492697, 0.00733184348792, 0.0118689183146, 0.0128528643399, 0.0125037888065, 0.0107876705006, 0.00785325840116, 0.0137419542298, 0.00042407217552], "mean": [8.15122766653e-05, 0.0032463602256, 0.00178125151433, 0.00191494205501, 0.00263799563982, 0.00210314244032, 0.00152962596621, 0.00174189219251, 0.00126357737463, 0.00160662014969, 0.00134730082937, 0.00110109813977, 0.00109174591489, 0.000717561750207, 0.000444527890068, 0.000399252749048, 0.000388307351386, 0.000262963731075, 0.000209379490116, 0.000245604169322, 0.000249278993579, 0.000450559513411, 0.000423304183641, 0.000312327931169, 0.000198269961402, 0.000310248986352, 1.84187993e-05], "median": [1.59988667292e-05, 0.00151854404248, 0.000837235478684, 0.00071984162787, 0.00134395423811, 0.000894380733371, 0.000659558805637, 0.000592657423113, 0.000388480431866, 0.000434833753388, 0.000403583864681, 0.000251885561738, 0.000319453887641, 0.000231369456742, 0.000189791608136, 0.000158300157636, 0.000184963311767, 0.00012043917377, 0.000102263642475, 0.000115743561764, 0.000122030025523, 0.00022012469708, 0.000156492111273, 0.000110448228952, 5.99985578447e-05, 7.8723707702e-05, 4.78122547065e-06], "min": [2.12370317145e-23, 7.68611918635e-23, 3.81834994527e-23, 1.36622520408e-23, 6.79861154047e-23, 1.93082699567e-23, 5.26812135678e-23, 6.79044272803e-23, 1.04198415538e-22, 3.11635209204e-23, 3.77739418033e-23, 8.43727064703e-23, 9.48508745062e-23, 6.18917610151e-23, 1.03392048232e-22, 1.79112521983e-22, 1.51024088156e-22, 2.35244228927e-22, 4.04586967345e-22, 3.82100594527e-22, 3.90844404531e-22, 6.11147027312e-22, 5.169700609e-22, 7.28977451542e-22, 1.24012165475e-21, 1.5046647583e-21, 2.19311248028e-21], "var": [3.81200706556e-08, 3.9353610191e-05, 7.42963766243e-06, 1.00482366179e-05, 1.66575027833e-05, 1.54128247232e-05, 8.59982264956e-06, 1.57541744557e-05, 1.04004802779e-05, 1.95136253751e-05, 1.01025789263e-05, 8.89780676516e-06, 8.74059151101e-06, 2.99849466501e-06, 1.12646864636e-06, 6.34750222162e-07, 3.57541324547e-07, 1.78523947625e-07, 1.04056823602e-07, 1.49553471829e-07, 1.54393916318e-07, 4.62646227106e-07, 5.74132400288e-07, 4.43129010819e-07, 1.68613709661e-07, 5.03539354213e-07, 1.39246592035e-09]}, "barkbands_crest": {"dmean": 2.4812104702, "dmean2": 4.10665178299, "dvar": 5.65242338181, "dvar2": 14.5532512665, "max": 25.6130752563, "mean": 8.6150598526, "median": 7.58464241028, "min": 2.25138425827, "var": 14.8078842163}, "barkbands_flatness_db": {"dmean": 0.0181520283222, "dmean2": 0.0281545519829, "dvar": 0.000278379884548, "dvar2": 0.000665445113555, "max": 0.299933224916, "mean": 0.0916787385941, "median": 0.0853649154305, "min": 0.0206679962575, "var": 0.00119662098587}, "barkbands_kurtosis": {"dmean": 1.86171340942, "dmean2": 2.9984498024, "dvar": 8.76249790192, "dvar2": 21.785118103, "max": 99.6450653076, "mean": 2.26840734482, "median": 1.11944079399, "min": -1.9378708601, "var": 20.9609222412}, "barkbands_skewness": {"dmean": 0.466763675213, "dmean2": 0.734505832195, "dvar": 0.214339450002, "dvar2": 0.540897846222, "max": 9.17090415955, "mean": 1.2433488369, "median": 1.16719818115, "min": -2.50743794441, "var": 0.813117980957}, "barkbands_spread": {"dmean": 8.50271987915, "dmean2": 12.6663513184, "dvar": 89.5974502563, "dvar2": 187.140075684, "max": 140.446807861, "mean": 32.2934036255, "median": 27.2292098999, "min": 2.22210907936, "var": 420.796051025}, "dissonance": {"dmean": 0.0185068100691, "dmean2": 0.0311995446682, "dvar": 0.000322303851135, "dvar2": 0.000882088206708, "max": 0.500000119209, "mean": 0.464781463146, "median": 0.470514595509, "min": 0.278566211462, "var": 0.00062083726516}, "dynamic_complexity": 3.91398072243, "erbbands": {"dmean": [0.0667082071304, 0.725746333599, 1.57804679871, 3.17225861549, 7.98064422607, 4.32595157623, 7.7351064682, 9.8855047226, 11.3172702789, 16.6949462891, 18.6863803864, 19.7407150269, 22.9915904999, 26.5610599518, 29.5897216797, 28.4119319916, 27.4485874176, 25.2723045349, 16.0840396881, 12.266617775, 10.3536949158, 11.0873975754, 8.48129653931, 6.42555713654, 6.85481977463, 6.88989639282, 5.67492008209, 6.15400218964, 11.0292930603, 6.39088964462, 6.42990970612, 7.09740018845, 1.77511584759, 1.108938694, 1.23244714737, 2.07722306252, 0.260832488537, 0.0361761525273, 0.00263444520533, 0.000109558910481], "dmean2": [0.109728485346, 1.23881101608, 2.68970060349, 5.57535219193, 14.2067527771, 7.42855501175, 12.0661802292, 15.7178888321, 17.6784954071, 25.8356952667, 28.4606876373, 30.4568710327, 35.2738113403, 40.9943122864, 45.4381904602, 44.7150535583, 42.8982696533, 40.1814498901, 25.1576099396, 19.2128486633, 16.5028648376, 17.7909431458, 13.6775770187, 10.7144489288, 11.3486795425, 11.1921243668, 9.08911991119, 9.91808128357, 17.4490680695, 9.5797328949, 9.63378810883, 10.9527187347, 2.48373174667, 1.52599573135, 1.83684813976, 3.30993485451, 0.394312173128, 0.0537039749324, 0.00386506482027, 0.000156688576681], "dvar": [0.0230657942593, 3.22907495499, 11.1257553101, 33.5716972351, 359.357208252, 60.0910797119, 315.673156738, 595.349731445, 624.557373047, 1677.09619141, 2002.07800293, 3272.24072266, 6304.59228516, 6284.46728516, 5164.21679688, 6599.36083984, 5799.39599609, 3868.4855957, 2329.84741211, 818.910522461, 492.194274902, 485.972747803, 351.752746582, 187.769165039, 244.53288269, 241.280487061, 201.343414307, 153.992630005, 611.166687012, 139.413284302, 198.365951538, 328.801147461, 18.2658252716, 7.99172592163, 5.82975578308, 34.1116638184, 0.329943418503, 0.00690098432824, 3.01829059026e-05, 5.08274133892e-08], "dvar2": [0.0591167770326, 8.82994937897, 29.6105709076, 93.6515731812, 1011.88665771, 164.066131592, 725.807922363, 1458.12280273, 1483.26196289, 3963.26489258, 4585.52978516, 7498.18310547, 14541.1914062, 14270.4599609, 12508.984375, 15391.2460938, 13635.7412109, 9046.1875, 5057.67919922, 1856.48571777, 1143.09777832, 1139.49511719, 846.365844727, 500.076507568, 641.166809082, 599.100158691, 475.289306641, 381.756072998, 1517.15490723, 326.381469727, 472.39074707, 787.038330078, 31.2632045746, 13.414068222, 13.100646019, 87.2806015015, 0.759877979755, 0.0152810737491, 6.72819733154e-05, 1.17684351153e-07], "max": [1.692892313, 22.5787677765, 44.3310508728, 75.0166778564, 207.57220459, 110.261581421, 661.266967773, 837.683898926, 652.267150879, 1295.22412109, 1420.81384277, 2062.47583008, 2706.10742188, 2467.7824707, 2236.05371094, 2135.17456055, 3096.68774414, 1356.31750488, 1547.53662109, 1137.79675293, 845.641235352, 530.984436035, 744.647277832, 219.366134644, 325.629882812, 457.433074951, 562.071533203, 327.862609863, 648.395812988, 285.52243042, 264.950653076, 358.001586914, 192.958175659, 135.804885864, 50.1923561096, 116.0860672, 6.74035167694, 1.03529298306, 0.0930768698454, 0.00621131295338], "mean": [0.0793033614755, 0.782643139362, 2.0826022625, 4.07300710678, 9.10754299164, 6.61325597763, 14.5398569107, 17.3477916718, 20.8352508545, 30.71692276, 34.5713768005, 33.7241134644, 40.7626304626, 49.2728538513, 59.807346344, 50.6596832275, 50.6587524414, 45.1264381409, 26.6238479614, 22.6401329041, 19.6754608154, 20.7282886505, 15.2858896255, 11.4314041138, 11.4553394318, 11.9776420593, 9.83605957031, 11.1573753357, 17.1736450195, 11.0652914047, 10.9990377426, 11.1656045914, 3.27505946159, 1.97307038307, 1.75171518326, 2.19101667404, 0.292433291674, 0.041357781738, 0.00306718540378, 0.000157081129146], "median": [0.0353363007307, 0.376071751118, 1.05026841164, 2.28820633888, 3.4413022995, 3.45277309418, 5.59634399414, 6.64418649673, 9.46371746063, 12.5207061768, 11.3438129425, 12.4218921661, 12.2373218536, 13.4470729828, 19.7522201538, 14.7096862793, 16.2233772278, 16.2536392212, 10.8624801636, 10.6947841644, 9.29345321655, 9.92592811584, 7.69508838654, 6.13398218155, 5.52384567261, 5.75699806213, 4.39855527878, 5.76710605621, 8.26633834839, 5.02792024612, 4.14873313904, 3.59570646286, 1.05472445488, 0.564192771912, 0.542284250259, 0.539984345436, 0.0689144432545, 0.00980602763593, 0.000798257417046, 7.45813522371e-05], "min": [3.7155676802e-21, 1.15802862377e-20, 3.7536276819e-20, 5.25503804187e-20, 1.09856370813e-19, 2.26352080963e-19, 2.71808395659e-19, 2.13066642672e-19, 5.10683629205e-19, 9.88134760312e-19, 1.85039434488e-18, 2.72207169092e-18, 1.0891338233e-18, 1.19197160539e-18, 1.5895907084e-18, 3.81195556024e-18, 3.86147555479e-18, 4.56220465351e-18, 3.66335793987e-18, 8.04894464335e-18, 9.09916375473e-18, 9.66017832568e-18, 1.15226664647e-17, 1.757981975e-17, 2.01893429721e-17, 1.96110080663e-17, 1.3305896639e-17, 2.0260454035e-17, 2.03358829807e-17, 1.68548770068e-17, 1.48249294615e-17, 1.16660623598e-17, 1.45857948552e-17, 1.03855950434e-17, 9.59320316585e-18, 5.51104492261e-18, 2.9402312717e-18, 1.0917531941e-18, 3.2087313068e-19, 3.35400121834e-20], "var": [0.0203884467483, 2.37692975998, 10.5462636948, 32.913394928, 313.772796631, 89.4460906982, 1091.10192871, 1466.34667969, 1589.22607422, 4135.45800781, 5875.53271484, 7361.91796875, 15783.3183594, 17421.1679688, 17311.5703125, 16817.1445312, 18315.9765625, 9023.47265625, 4012.78564453, 1797.45153809, 1188.40710449, 1033.94824219, 591.477905273, 247.007415771, 336.446624756, 354.456848145, 310.965942383, 237.632293701, 755.075439453, 262.134399414, 374.676544189, 521.399658203, 69.6055831909, 26.6946163177, 10.0357065201, 30.7042636871, 0.380042403936, 0.00820094440132, 3.72706417693e-05, 6.33671390915e-08]}, "erbbands_crest": {"dmean": 2.64353704453, "dmean2": 4.2344789505, "dvar": 6.83131504059, "dvar2": 16.1126251221, "max": 33.205783844, "mean": 9.01414871216, "median": 7.51971817017, "min": 2.32350730896, "var": 26.5522861481}, "erbbands_flatness_db": {"dmean": 0.0183153264225, "dmean2": 0.0251012593508, "dvar": 0.000302611471852, "dvar2": 0.000544147391338, "max": 0.332081019878, "mean": 0.125509917736, "median": 0.120032675564, "min": 0.0355169996619, "var": 0.00168625987135}, "erbbands_kurtosis": {"dmean": 1.02785098553, "dmean2": 1.57780480385, "dvar": 2.54967713356, "dvar2": 5.71070051193, "max": 52.9067649841, "mean": 0.800064325333, "median": -0.033279299736, "min": -1.8127515316, "var": 7.86037969589}, "erbbands_skewness": {"dmean": 0.360282242298, "dmean2": 0.544713437557, "dvar": 0.11825118959, "dvar2": 0.257203996181, "max": 4.7802400589, "mean": 0.502735555172, "median": 0.493541240692, "min": -3.60683393478, "var": 0.616146862507}, "erbbands_spread": {"dmean": 9.8902130127, "dmean2": 14.451169014, "dvar": 105.367668152, "dvar2": 216.089874268, "max": 146.145462036, "mean": 45.0397491455, "median": 41.8103561401, "min": 2.25621891022, "var": 485.949645996}, "gfcc": {"cov": [[21702.7773438, 1042.18896484, -698.047180176, 412.800140381, -213.940505981, 460.130187988, 25.1032009125, 43.9959182739, -296.874969482, 15.5698814392, -220.408126831, 28.9319782257, -230.657440186], [1042.18896484, 957.67779541, -297.903564453, -57.6261787415, 9.30909442902, -55.3772201538, 4.44049739838, -34.2081718445, 14.3985176086, -14.0285053253, 16.0452747345, 13.3944540024, 7.26037788391], [-698.047180176, -297.903564453, 672.428466797, 149.771209717, 104.479911804, 47.1789207458, -6.77625846863, 31.1889762878, -14.1965169907, 23.9625988007, -28.2144432068, 15.5553894043, 5.40468740463], [412.800140381, -57.6261787415, 149.771209717, 344.691925049, 48.8332023621, 27.5561523438, -5.58706760406, -2.64428019524, 20.8933353424, -1.63876998425, -7.44259500504, -12.0227088928, 0.273477137089], [-213.940505981, 9.30909442902, 104.479911804, 48.8332023621, 245.221801758, 6.12252521515, 46.0246772766, 40.4820747375, -8.31437110901, 33.6923370361, 5.49550056458, 5.74998617172, 6.62157058716], [460.130187988, -55.3772201538, 47.1789207458, 27.5561523438, 6.12252521515, 205.633575439, 99.9110794067, 12.0268125534, 5.55858612061, -5.97138166428, 1.4095351696, 1.24665725231, -17.9612236023], [25.1032009125, 4.44049739838, -6.77625846863, -5.58706760406, 46.0246772766, 99.9110794067, 180.516342163, 46.4672203064, -2.81260204315, 1.74877989292, 1.68089056015, -8.0205078125, -17.7980880737], [43.9959182739, -34.2081718445, 31.1889762878, -2.64428019524, 40.4820747375, 12.0268125534, 46.4672203064, 90.9305419922, 30.8466682434, 14.1220846176, -3.81420087814, -2.16932344437, -3.95450258255], [-296.874969482, 14.3985176086, -14.1965169907, 20.8933353424, -8.31437110901, 5.55858612061, -2.81260204315, 30.8466682434, 114.682487488, 33.6766777039, 8.51977062225, 3.37994098663, -5.23603105545], [15.5698814392, -14.0285053253, 23.9625988007, -1.63876998425, 33.6923370361, -5.97138166428, 1.74877989292, 14.1220846176, 33.6766777039, 82.2292556763, 24.6639270782, 8.39749240875, -7.6228427887], [-220.408126831, 16.0452747345, -28.2144432068, -7.44259500504, 5.49550056458, 1.4095351696, 1.68089056015, -3.81420087814, 8.51977062225, 24.6639270782, 86.9727096558, 30.9763145447, 15.1069793701], [28.9319782257, 13.3944540024, 15.5553894043, -12.0227088928, 5.74998617172, 1.24665725231, -8.0205078125, -2.16932344437, 3.37994098663, 8.39749240875, 30.9763145447, 79.5512008667, 25.9217319489], [-230.657440186, 7.26037788391, 5.40468740463, 0.273477137089, 6.62157058716, -17.9612236023, -17.7980880737, -3.95450258255, -5.23603105545, -7.6228427887, 15.1069793701, 25.9217319489, 75.0737686157]], "icov": [[8.25257375254e-05, -0.000109079708636, 0.000148719846038, -0.000208469777135, 0.000139462863444, -0.000334178825142, 0.000259362510405, -0.000390229717596, 0.000522622547578, -0.000371617614292, 0.000338527082931, -0.000247714080615, 0.000218962930376], [-0.000109079708636, 0.00142824789509, 0.000363503349945, 0.000291481526801, -0.00059107830748, 0.000801817979664, -0.000642435916234, 0.00117990898434, -0.00110871414654, 0.000823252426926, -0.000374750001356, -4.25881189585e-05, -0.000250302080531], [0.000148719846038, 0.000363503349945, 0.0024546503555, -0.00113459897693, -0.000437666894868, -0.00115673139226, 0.00110948213842, -0.00130315567367, 0.00159033364616, -0.0013876198791, 0.00162273109891, -0.00128947524354, 0.000294153229333], [-0.000208469777135, 0.000291481526801, -0.00113459897693, 0.00401554582641, -0.00109411834273, 0.000447683152743, -0.000403165904572, 0.00190518784802, -0.00260720262304, 0.00185548886657, -0.00114810687955, 0.00152287620585, -0.000681484758388], [0.000139462863444, -0.00059107830748, -0.000437666894868, -0.00109411834273, 0.0057515357621, -4.9958263844e-05, -0.000796310603619, -0.00270855356939, 0.00257734884508, -0.00313926837407, 0.000647944340017, -0.000490506412461, -0.000429574894952], [-0.000334178825142, 0.000801817979664, -0.00115673139226, 0.000447683152743, -4.9958263844e-05, 0.00884231738746, -0.00577137852088, 0.00332500995137, -0.00329744862393, 0.00263986596838, -0.00172086292878, 0.000103337377368, 0.000252844707575], [0.000259362510405, -0.000642435916234, 0.00110948213842, -0.000403165904572, -0.000796310603619, -0.00577137852088, 0.0107265859842, -0.00601794524118, 0.00345457275398, -0.00117489509284, 0.000455929693999, 4.3548814574e-05, 0.00171090709046], [-0.000390229717596, 0.00117990898434, -0.00130315567367, 0.00190518784802, -0.00270855356939, 0.00332500995137, -0.00601794524118, 0.0182285550982, -0.00775661086664, 0.00211554556154, -0.000488351797685, 0.00124529690947, -0.00131618394516], [0.000522622547578, -0.00110871414654, 0.00159033364616, -0.00260720262304, 0.00257734884508, -0.00329744862393, 0.00345457275398, -0.00775661086664, 0.0155820064247, -0.00758934766054, 0.00237450748682, -0.00198944471776, 0.00152738881297], [-0.000371617614292, 0.000823252426926, -0.0013876198791, 0.00185548886657, -0.00313926837407, 0.00263986596838, -0.00117489509284, 0.00211554556154, -0.00758934766054, 0.019094651565, -0.00643118331209, 0.000821622437797, 0.00203308323398], [0.000338527082931, -0.000374750001356, 0.00162273109891, -0.00114810687955, 0.000647944340017, -0.00172086292878, 0.000455929693999, -0.000488351797685, 0.00237450748682, -0.00643118331209, 0.0167820006609, -0.00611121905968, -0.00117711350322], [-0.000247714080615, -4.25881189585e-05, -0.00128947524354, 0.00152287620585, -0.000490506412461, 0.000103337377368, 4.3548814574e-05, 0.00124529690947, -0.00198944471776, 0.000821622437797, -0.00611121905968, 0.0173391737044, -0.0053382772021], [0.000218962930376, -0.000250302080531, 0.000294153229333, -0.000681484758388, -0.000429574894952, 0.000252844707575, 0.00171090709046, -0.00131618394516, 0.00152738881297, 0.00203308323398, -0.00117711350322, -0.0053382772021, 0.0168262030929]], "mean": [13.309466362, 57.8531761169, -101.428527832, 18.7719841003, -63.1905975342, 20.3851947784, -37.7747268677, 6.27742862701, -24.1330623627, 6.98214578629, -21.0163192749, 8.17020702362, -18.2439155579]}, "hfc": {"dmean": 12.6170578003, "dmean2": 18.1609268188, "dvar": 443.844787598, "dvar2": 1005.93292236, "max": 351.387115479, "mean": 32.2025718689, "median": 24.5334892273, "min": 1.13645523795e-16, "var": 973.454956055}, "melbands": {"dmean": [0.000713540182915, 0.000872325384989, 0.000715672504157, 0.000437239999883, 0.000242263209657, 0.000216342887143, 0.000171301624505, 0.000190701321117, 0.000145443729707, 0.000125333870528, 0.000116365168651, 0.000112167705083, 9.72496127361e-05, 8.33790109027e-05, 6.54565010336e-05, 6.33983436273e-05, 4.97178880323e-05, 2.86434515147e-05, 1.81929171958e-05, 1.89807069546e-05, 1.20623335533e-05, 1.27809880723e-05, 1.08934273158e-05, 7.16500562703e-06, 5.32923831997e-06, 5.20734056408e-06, 5.06601145389e-06, 4.83088297187e-06, 3.94382323066e-06, 3.24360871673e-06, 3.85809426007e-06, 6.82416293785e-06, 5.48397838429e-06, 2.94007577395e-06, 2.40450663114e-06, 8.75522982824e-06, 2.54761994256e-06, 1.22906089928e-06, 1.06536231215e-06, 9.23039465306e-07], "dmean2": [0.00118875841144, 0.00147766445298, 0.0012539277086, 0.000771804130636, 0.00038363650674, 0.000343383115251, 0.000265083945123, 0.000294429075439, 0.000222639762796, 0.000193146435777, 0.00017906089488, 0.000173240463482, 0.000150713793118, 0.000130081083626, 0.000101820747659, 9.82010969892e-05, 7.99361951067e-05, 4.53091524832e-05, 2.84927846224e-05, 2.99907223962e-05, 1.94230360648e-05, 2.06566437555e-05, 1.74312845047e-05, 1.16817236631e-05, 8.9456771093e-06, 8.67773087521e-06, 8.4190751295e-06, 7.88474972069e-06, 6.38253595753e-06, 5.35064828e-06, 6.27923100183e-06, 1.09589373096e-05, 8.63582772581e-06, 4.38426013716e-06, 3.5319599192e-06, 1.39661879075e-05, 3.82315829484e-06, 1.77641595656e-06, 1.51196684328e-06, 1.30108151097e-06], "dvar": [2.86989939013e-06, 3.81411473427e-06, 1.96094879357e-06, 9.25107769945e-07, 2.80503599015e-07, 2.50860750839e-07, 1.36094328695e-07, 2.33602165167e-07, 1.22366330402e-07, 1.35004853519e-07, 1.60191802934e-07, 1.14961572706e-07, 5.88987596473e-08, 4.90682303678e-08, 3.90900574132e-08, 2.88655623848e-08, 1.70415912493e-08, 8.14597811427e-09, 3.13218406767e-09, 1.76886405523e-09, 8.20788326195e-10, 7.6476203148e-10, 5.45714751166e-10, 2.30201815943e-10, 1.31632163503e-10, 1.363793245e-10, 1.46318179794e-10, 1.31603297704e-10, 1.01993781476e-10, 6.682276954e-11, 5.88296286685e-11, 2.55200360844e-10, 1.23948351582e-10, 3.13076925496e-11, 2.37516360746e-11, 6.16869333392e-10, 4.07251177226e-11, 1.033239206e-11, 9.07425263402e-12, 6.08192055745e-12], "dvar2": [7.61376168157e-06, 1.0216784176e-05, 5.40672681382e-06, 2.5994374937e-06, 6.64144465645e-07, 6.19487764197e-07, 3.1979939763e-07, 5.47204308532e-07, 2.84062849687e-07, 3.07514596898e-07, 3.67822508451e-07, 2.63988255256e-07, 1.41954103583e-07, 1.09924741309e-07, 8.73509051758e-08, 6.51404619134e-08, 4.05568982842e-08, 1.80574684094e-08, 7.13722370094e-09, 3.82747655792e-09, 1.90476900919e-09, 1.81338122296e-09, 1.25398058604e-09, 5.74479575022e-10, 3.56749879638e-10, 3.52734980114e-10, 3.82722797898e-10, 3.27515070619e-10, 2.46666825854e-10, 1.61388860609e-10, 1.48527190547e-10, 6.37161656769e-10, 3.13277487285e-10, 7.07846906089e-11, 4.99967463263e-11, 1.53699553085e-09, 8.94162105469e-11, 1.82655817554e-11, 1.67148343777e-11, 1.09063877721e-11], "max": [0.0193987488747, 0.0271151699126, 0.01750292629, 0.0116153014824, 0.0197829902172, 0.0161359179765, 0.01030169148, 0.0140184145421, 0.0107855675742, 0.0129238357767, 0.0132604883984, 0.00983407814056, 0.00688858749345, 0.00600399170071, 0.00763450376689, 0.0052275727503, 0.0030926046893, 0.00266001420096, 0.00209560361691, 0.00104651425499, 0.00115746445954, 0.000733068562113, 0.000700571807101, 0.000354021118255, 0.000201761969947, 0.0002406284475, 0.000266135641141, 0.000402381119784, 0.000443766766693, 0.000295577017823, 0.000185443801456, 0.000402895762818, 0.000182974777999, 0.000172620580997, 0.000146724021761, 0.00051164830802, 0.00018547406944, 0.0001468546252, 0.000140023475979, 0.000125716964249], "mean": [0.000817887950689, 0.0010945253307, 0.0009211532888, 0.000554863305297, 0.000461333460407, 0.000389080669265, 0.000317242578603, 0.000345989217749, 0.000262618385023, 0.00020618205599, 0.000199951435206, 0.000196703113033, 0.000195145068574, 0.000143646801007, 0.000111003108032, 0.00010864095384, 8.03133443696e-05, 4.25536272814e-05, 2.8271233532e-05, 3.38830941473e-05, 2.03046220122e-05, 2.20526471821e-05, 1.80304105015e-05, 1.18087027658e-05, 8.71859083418e-06, 8.20385139377e-06, 8.01660917205e-06, 7.93845811131e-06, 6.33569379715e-06, 5.35578101335e-06, 6.6322290877e-06, 1.01146924862e-05, 8.35418723e-06, 5.1422271099e-06, 4.45219347966e-06, 1.19970418382e-05, 4.42409918833e-06, 2.16003309106e-06, 1.89276136098e-06, 1.54557085352e-06], "median": [0.000373307790142, 0.00063469883753, 0.000478558358736, 0.000272030592896, 0.00018984352937, 0.000153739616508, 0.000145164580317, 0.000135986221721, 8.28801858006e-05, 6.56515767332e-05, 5.56195082027e-05, 4.70662453154e-05, 5.83223663853e-05, 4.23581113864e-05, 3.07154623442e-05, 3.12081865559e-05, 2.68144322035e-05, 1.51013482537e-05, 1.2384258298e-05, 1.4198703866e-05, 8.69376617629e-06, 1.00129300336e-05, 7.83100404078e-06, 5.28495820618e-06, 4.41539668827e-06, 3.77868468604e-06, 3.65739583685e-06, 3.60392073162e-06, 2.68832604888e-06, 2.35985680774e-06, 3.39024768437e-06, 4.65082212031e-06, 4.02545538236e-06, 2.10156167668e-06, 1.66425320458e-06, 3.60767626262e-06, 1.44410466874e-06, 6.18995386503e-07, 5.99451595917e-07, 3.93023924516e-07], "min": [2.70570739239e-23, 1.85755065282e-23, 1.11964314121e-23, 1.03226583079e-23, 1.12850520462e-23, 4.19553660846e-24, 9.34079311592e-24, 1.09987176257e-23, 1.82284739942e-23, 1.52119251129e-23, 4.89546567397e-24, 4.74254695964e-24, 4.96116319344e-24, 8.27882225442e-24, 7.65921697844e-24, 1.11184383122e-23, 7.89534198004e-24, 4.68201726795e-24, 9.3292938905e-24, 1.29117700075e-23, 9.97365756599e-24, 9.80187205983e-24, 1.02068322278e-23, 9.71419174793e-24, 1.45022642648e-23, 1.66693156586e-23, 1.40500844608e-23, 1.2546359381e-23, 6.72713127613e-24, 8.45933335106e-24, 1.31613261549e-23, 1.21275902029e-23, 1.13439957331e-23, 8.55455753979e-24, 8.36378415164e-24, 7.81914432748e-24, 7.02906226558e-24, 9.49006689843e-24, 1.08898414102e-23, 8.01798855155e-24], "var": [2.32100774156e-06, 3.20891354022e-06, 1.98955945052e-06, 8.42107851895e-07, 9.57409611146e-07, 6.35277160654e-07, 3.582521515e-07, 5.73570162032e-07, 3.47883201357e-07, 3.00904815731e-07, 4.00719045501e-07, 3.19343911315e-07, 2.06347976928e-07, 1.20663273151e-07, 1.01978088196e-07, 7.16938899359e-08, 3.41769705869e-08, 1.28440040825e-08, 4.78507145019e-09, 4.83577489163e-09, 1.6186578744e-09, 1.47609047207e-09, 1.02230601762e-09, 3.60758312112e-10, 1.6162447769e-10, 1.80320064436e-10, 1.88303206361e-10, 1.80670298167e-10, 1.41894523908e-10, 9.65810834086e-11, 8.62345264641e-11, 3.0113694871e-10, 1.5827214539e-10, 6.73701719411e-11, 6.98625740592e-11, 7.02172431311e-10, 1.00127829639e-10, 3.5730210457e-11, 2.86649332742e-11, 1.7306130487e-11]}, "melbands_crest": {"dmean": 3.19556736946, "dmean2": 5.25193023682, "dvar": 7.93782949448, "dvar2": 19.5588874817, "max": 39.0723495483, "mean": 12.604598999, "median": 11.6084194183, "min": 2.56261968613, "var": 25.8347702026}, "melbands_flatness_db": {"dmean": 0.0238875672221, "dmean2": 0.0379895530641, "dvar": 0.000522890302818, "dvar2": 0.00134083733428, "max": 0.362202227116, "mean": 0.156238928437, "median": 0.151069566607, "min": 0.00562373641878, "var": 0.00195543165319}, "melbands_kurtosis": {"dmean": 5.23299884796, "dmean2": 8.48181152344, "dvar": 98.943649292, "dvar2": 255.045623779, "max": 398.992706299, "mean": 9.73358631134, "median": 6.40266799927, "min": -1.6056586504, "var": 160.709030151}, "melbands_skewness": {"dmean": 0.657117068768, "dmean2": 1.02252995968, "dvar": 0.49144744873, "dvar2": 1.21191716194, "max": 16.7105712891, "mean": 2.29256939888, "median": 2.17318797112, "min": -2.0443584919, "var": 1.82037341595}, "melbands_spread": {"dmean": 9.28863525391, "dmean2": 14.6202869415, "dvar": 158.525283813, "dvar2": 361.377075195, "max": 251.50038147, "mean": 30.443819046, "median": 25.8793869019, "min": 1.0763604641, "var": 482.815307617}, "mfcc": {"cov": [[11517.9189453, 533.487670898, -89.2552261353, 161.247650146, -102.227119446, 353.609283447, 178.516967773, 249.525177002, 16.2956848145, 96.3683853149, 21.5495033264, 45.1664505005, -25.6361026764], [533.487670898, 913.644836426, -192.90145874, -20.2428779602, -35.6273498535, -2.44556260109, -22.4870033264, 12.8132448196, -15.6436080933, -13.2214412689, 6.45153808594, 0.204645380378, 18.2911529541], [-89.2552261353, -192.90145874, 469.340545654, 82.5987091064, 83.1371231079, 60.7792015076, 14.8664970398, 19.9206066132, 16.4807224274, 3.13943505287, -7.57987880707, -7.81403827667, -5.353058815], [161.247650146, -20.2428779602, 82.5987091064, 287.901733398, 108.032226562, 16.0801525116, -0.455694645643, -13.1683549881, 17.5970897675, 5.05255222321, -7.38138818741, 3.30233931541, 13.9426441193], [-102.227119446, -35.6273498535, 83.1371231079, 108.032226562, 189.427337646, 9.97073936462, 7.69025373459, -20.7687091827, 17.3688259125, -2.18452620506, -3.72972726822, -4.99085855484, 25.6535663605], [353.609283447, -2.44556260109, 60.7792015076, 16.0801525116, 9.97073936462, 152.271148682, 52.2050514221, 48.3582077026, 13.4407072067, 20.8812713623, 14.9421787262, 14.2578201294, -11.5414123535], [178.516967773, -22.4870033264, 14.8664970398, -0.455694645643, 7.69025373459, 52.2050514221, 179.445220947, 44.6245155334, 24.1089992523, 1.71526670456, 18.4856338501, -8.67491722107, 5.64114236832], [249.525177002, 12.8132448196, 19.9206066132, -13.1683549881, -20.7687091827, 48.3582077026, 44.6245155334, 116.512298584, 31.0466632843, 14.1673822403, 12.6324996948, 14.8017292023, -9.25068378448], [16.2956848145, -15.6436080933, 16.4807224274, 17.5970897675, 17.3688259125, 13.4407072067, 24.1089992523, 31.0466632843, 89.4095077515, 37.4245910645, 12.0452804565, 0.668040752411, -6.34296655655], [96.3683853149, -13.2214412689, 3.13943505287, 5.05255222321, -2.18452620506, 20.8812713623, 1.71526670456, 14.1673822403, 37.4245910645, 80.3843307495, 33.6147041321, 8.94882202148, -8.52801895142], [21.5495033264, 6.45153808594, -7.57987880707, -7.38138818741, -3.72972726822, 14.9421787262, 18.4856338501, 12.6324996948, 12.0452804565, 33.6147041321, 81.0489044189, 33.0395698547, 1.22250139713], [45.1664505005, 0.204645380378, -7.81403827667, 3.30233931541, -4.99085855484, 14.2578201294, -8.67491722107, 14.8017292023, 0.668040752411, 8.94882202148, 33.0395698547, 78.8983917236, 20.8483848572], [-25.6361026764, 18.2911529541, -5.353058815, 13.9426441193, 25.6535663605, -11.5414123535, 5.64114236832, -9.25068378448, -6.34296655655, -8.52801895142, 1.22250139713, 20.8483848572, 74.0897979736]], "icov": [[0.000101679295767, -5.25395626028e-05, 3.09352435579e-05, -9.44031271501e-05, 7.18153387425e-05, -0.000180902599823, -4.83317016915e-05, -0.000141028271173, 0.000105120132503, -0.000135176436743, 8.73119206517e-05, -1.40412703331e-05, -2.87044258585e-06], [-5.25395626028e-05, 0.00126829463989, 0.000531773723196, -5.12008191436e-05, 4.24922000093e-05, -0.000200146416319, 0.000363763625501, -0.00027625268558, 8.83857956069e-06, 0.000407794927014, -0.000390805362258, 0.000452331616543, -0.000464456446934], [3.09352435579e-05, 0.000531773723196, 0.00274100946262, -0.000423056393629, -0.000858065788634, -0.00106061703991, 0.000306617701426, -0.000558313331567, -7.5349812505e-06, 0.00025767920306, 3.89953092963e-05, 0.000476611196063, 9.01614403119e-05], [-9.44031271501e-05, -5.12008191436e-05, -0.000423056393629, 0.00464474549517, -0.00243248254992, -6.31377624813e-05, 8.63396417117e-05, 0.000559120380785, -0.0005299555487, -0.000272168923402, 0.000676526105963, -0.00068822997855, 7.67843739595e-05], [7.18153387425e-05, 4.24922000093e-05, -0.000858065788634, -0.00243248254992, 0.00784471258521, -0.000759027781896, -6.50558649795e-05, 0.00152799638454, -0.00179314706475, 0.000931585615035, -0.000600767729338, 0.00116113573313, -0.00259171938524], [-0.000180902599823, -0.000200146416319, -0.00106061703991, -6.31377624813e-05, -0.000759027781896, 0.00946429278702, -0.00228834734298, -0.002337485319, 0.00137031008489, -0.00224167411216, 0.000622830353677, -0.0021124065388, 0.0019850009121], [-4.83317016915e-05, 0.000363763625501, 0.000306617701426, 8.63396417117e-05, -6.50558649795e-05, -0.00228834734298, 0.00753595679998, -0.00199035648257, -0.00174193375278, 0.00236691604368, -0.00295487535186, 0.0031709834002, -0.00197708769701], [-0.000141028271173, -0.00027625268558, -0.000558313331567, 0.000559120380785, 0.00152799638454, -0.002337485319, -0.00199035648257, 0.0124294683337, -0.00400752667338, 0.000714880181476, 0.000393480644561, -0.00253976532258, 0.0011314873118], [0.000105120132503, 8.83857956069e-06, -7.5349812505e-06, -0.0005299555487, -0.00179314706475, 0.00137031008489, -0.00174193375278, -0.00400752667338, 0.0164684168994, -0.00789796561003, 0.00140132964589, 4.88951300213e-05, 0.00106389832217], [-0.000135176436743, 0.000407794927014, 0.00025767920306, -0.000272168923402, 0.000931585615035, -0.00224167411216, 0.00236691604368, 0.000714880181476, -0.00789796561003, 0.0199930854142, -0.00803208444268, 0.00175416714046, 0.00042371134623], [8.73119206517e-05, -0.000390805362258, 3.89953092963e-05, 0.000676526105963, -0.000600767729338, 0.000622830353677, -0.00295487535186, 0.000393480644561, 0.00140132964589, -0.00803208444268, 0.0193636156619, -0.00830649677664, 0.00179468200076], [-1.40412703331e-05, 0.000452331616543, 0.000476611196063, -0.00068822997855, 0.00116113573313, -0.0021124065388, 0.0031709834002, -0.00253976532258, 4.88951300213e-05, 0.00175416714046, -0.00830649677664, 0.0189644787461, -0.00623555295169], [-2.87044258585e-06, -0.000464456446934, 9.01614403119e-05, 7.67843739595e-05, -0.00259171938524, 0.0019850009121, -0.00197708769701, 0.0011314873118, 0.00106389832217, 0.00042371134623, 0.00179468200076, -0.00623555295169, 0.0169661603868]], "mean": [-631.895141602, 100.778381348, 9.44592952728, 8.81233596802, -3.29369258881, 11.7570362091, -6.38200187683, 5.95151948929, -4.20291471481, -0.198035359383, -1.12330329418, 2.59092736244, -0.928513288498]}, "pitch_salience": {"dmean": 0.0677236393094, "dmean2": 0.111413948238, "dvar": 0.00370711181313, "dvar2": 0.00951112341136, "max": 0.852220416069, "mean": 0.578333258629, "median": 0.590443491936, "min": 0.0590125322342, "var": 0.0101295886561}, "silence_rate_20dB": {"dmean": 0, "dmean2": 0, "dvar": 0, "dvar2": 0, "max": 1, "mean": 1, "median": 1, "min": 1, "var": 0}, "silence_rate_30dB": {"dmean": 0.000181307230378, "dmean2": 0.00036264731898, "dvar": 0.000181256982614, "dvar2": 0.000543770031072, "max": 1, "mean": 0.999909341335, "median": 1, "min": 0, "var": 9.06328350538e-05}, "silence_rate_60dB": {"dmean": 0.0103345122188, "dmean2": 0.0206708982587, "dvar": 0.0102277277038, "dvar2": 0.0227821413428, "max": 1, "mean": 0.0921863690019, "median": 0, "min": 0, "var": 0.0836739018559}, "spectral_centroid": {"dmean": 285.933746338, "dmean2": 456.744384766, "dvar": 102947.585938, "dvar2": 244555.078125, "max": 11313.8652344, "mean": 1460.14074707, "median": 1351.75830078, "min": 310.91519165, "var": 416013.84375}, "spectral_complexity": {"dmean": 3.70229363441, "dmean2": 5.71604728699, "dvar": 22.3800888062, "dvar2": 44.7863731384, "max": 59, "mean": 19.5471363068, "median": 19, "min": 0, "var": 103.733093262}, "spectral_contrast_coeffs": {"dmean": [0.0536118410528, 0.0462641045451, 0.0383843146265, 0.0316402390599, 0.0210831128061, 0.0195346791297], "dmean2": [0.0894713252783, 0.0757803171873, 0.0616393275559, 0.0508006215096, 0.0339174084365, 0.0309986602515], "dvar": [0.00198840885423, 0.00138177652843, 0.00100619753357, 0.000686391140334, 0.000324500142597, 0.000380883866455], "dvar2": [0.00534919183701, 0.00357023603283, 0.0024773129262, 0.00165066658519, 0.000780331320129, 0.000852714700159], "max": [-0.352515250444, -0.405196040869, -0.461477786303, -0.515425443649, -0.637025296688, -0.590287387371], "mean": [-0.655008435249, -0.725776135921, -0.750856876373, -0.768044292927, -0.804726958275, -0.755754470825], "median": [-0.659331738949, -0.732101738453, -0.756093740463, -0.772297501564, -0.809302091599, -0.748747766018], "min": [-0.95375674963, -0.966502070427, -0.961733818054, -0.963332116604, -0.958526074886, -0.961586773396], "var": [0.00610751425847, 0.00575690809637, 0.00484939431772, 0.00374594004825, 0.00176122132689, 0.00210202368908]}, "spectral_contrast_valleys": {"dmean": [0.464002460241, 0.331115424633, 0.307466745377, 0.287333637476, 0.272303670645, 0.307020485401], "dmean2": [0.738622665405, 0.540169477463, 0.490330129862, 0.454828500748, 0.412409067154, 0.387453079224], "dvar": [0.187457457185, 0.0836843922734, 0.0830423533916, 0.090460345149, 0.11987875402, 0.119565531611], "dvar2": [0.406826943159, 0.193428680301, 0.174912452698, 0.181846559048, 0.23674723506, 0.201833218336], "max": [-4.96790361404, -4.87080430984, -5.0137796402, -5.32993173599, -5.37279081345, -7.04911470413], "mean": [-7.51189517975, -6.79120969772, -7.32012319565, -7.76486110687, -7.63522958755, -9.73728370667], "median": [-7.11480379105, -6.50485610962, -7.05754852295, -7.48289632797, -7.39136219025, -9.50616455078], "min": [-27.6283531189, -27.5140419006, -27.5312862396, -27.1969661713, -27.216217041, -27.1950263977], "var": [2.64145612717, 2.08638763428, 2.17613315582, 1.96884644032, 1.94520676136, 1.9074729681]}, "spectral_decrease": {"dmean": 2.28728236351e-09, "dmean2": 3.64080432469e-09, "dvar": 1.10785258969e-17, "dvar2": 2.75669685098e-17, "max": 1.92031199296e-18, "mean": -6.1353468972e-09, "median": -5.10181896729e-09, "min": -3.45931674417e-08, "var": 2.27625281498e-17}, "spectral_energy": {"dmean": 0.009386530146, "dmean2": 0.014714431949, "dvar": 0.000179528171429, "dvar2": 0.000436015281593, "max": 0.138061508536, "mean": 0.0260771289468, "median": 0.0220679622144, "min": 1.03151191453e-20, "var": 0.000396269926568}, "spectral_energyband_high": {"dmean": 0.00114870048128, "dmean2": 0.00165582983755, "dvar": 4.88310843139e-06, "dvar2": 1.12208754217e-05, "max": 0.0357718802989, "mean": 0.00209334702231, "median": 0.00104252842721, "min": 7.11679137956e-21, "var": 8.9446803031e-06}, "spectral_energyband_low": {"dmean": 0.00427430821583, "dmean2": 0.00708613730967, "dvar": 8.30909048091e-05, "dvar2": 0.000217971188249, "max": 0.119393922389, "mean": 0.0058080679737, "median": 0.00383254420012, "min": 1.42998394011e-22, "var": 7.39408933441e-05}, "spectral_energyband_middle_high": {"dmean": 0.00246700411662, "dmean2": 0.00374351534992, "dvar": 1.59703085956e-05, "dvar2": 3.64527659258e-05, "max": 0.0725010037422, "mean": 0.00738939177245, "median": 0.00392759265378, "min": 1.5879895735e-21, "var": 7.74783475208e-05}, "spectral_energyband_middle_low": {"dmean": 0.00500835105777, "dmean2": 0.00812606047839, "dvar": 5.65265618206e-05, "dvar2": 0.000148000573972, "max": 0.0963943898678, "mean": 0.0117505025119, "median": 0.00866100005805, "min": 3.36223725941e-22, "var": 0.000121032338939}, "spectral_entropy": {"dmean": 0.156412616372, "dmean2": 0.222325742245, "dvar": 0.0239076688886, "dvar2": 0.0451784618199, "max": 9.80088806152, "mean": 7.87913990021, "median": 7.88383293152, "min": 6.19354915619, "var": 0.139085307717}, "spectral_flux": {"dmean": 0.0252394583076, "dmean2": 0.0385333783925, "dvar": 0.000914059288334, "dvar2": 0.00187292648479, "max": 0.296379417181, "mean": 0.0871984958649, "median": 0.0808723121881, "min": 1.01563375765e-10, "var": 0.00252637523226}, "spectral_kurtosis": {"dmean": 0.845529615879, "dmean2": 1.28044915199, "dvar": 0.866232514381, "dvar2": 1.87214803696, "max": 16.2047386169, "mean": 2.99873876572, "median": 2.63027429581, "min": -1.21765291691, "var": 3.86530017853}, "spectral_rms": {"dmean": 0.000822878908366, "dmean2": 0.00124820834026, "dvar": 9.82693336482e-07, "dvar2": 2.2444305614e-06, "max": 0.011605781503, "mean": 0.00460874708369, "median": 0.00464001297951, "min": 3.17230681827e-12, "var": 4.20028754888e-06}, "spectral_rolloff": {"dmean": 939.265808105, "dmean2": 1556.90405273, "dvar": 2526148.25, "dvar2": 5704621.5, "max": 19293.75, "mean": 2437.8215332, "median": 1464.2578125, "min": 21.533203125, "var": 7269599.5}, "spectral_skewness": {"dmean": 0.175306081772, "dmean2": 0.264767289162, "dvar": 0.0329286977649, "dvar2": 0.0698214545846, "max": 3.44446659088, "mean": 1.43322014809, "median": 1.40091633797, "min": -0.0355780646205, "var": 0.172790914774}, "spectral_spread": {"dmean": 802035.1875, "dmean2": 1117239.375, "dvar": 875357929472, "dvar2": 1665324941310.0, "max": 39691696, "mean": 6290637, "median": 5923962, "min": 2811660.75, "var": 3492564172800.0}, "spectral_strongpeak"