{"lowlevel": {"average_loudness": 0.800550103188, "barkbands": {"dmean": [0.00570914940909, 0.00923333410174, 0.00261381128803, 0.00192970014177, 0.00325707485899, 0.00113739131484, 0.000924724095967, 0.000597584119532, 0.000877285434399, 0.000577739148866, 0.000387619220419, 0.000492729537655, 0.000283850269625, 0.000279497151496, 0.000273094425211, 0.000208170153201, 0.000101634264865, 6.94987247698e-05, 5.80334126425e-05, 4.97439941682e-05, 3.11890071316e-05, 1.18922198453e-05, 6.50736183161e-06, 3.37406822837e-06, 2.79002324532e-06, 6.21507069809e-06, 0.00024465523893], "dmean2": [0.00892554596066, 0.0154542755336, 0.00441766437143, 0.00325945904478, 0.00517032295465, 0.00188604788855, 0.00148828176316, 0.000947669148445, 0.00141047860961, 0.000936852651648, 0.000629547052085, 0.000796722830273, 0.000468785699923, 0.000453414191725, 0.000443694269052, 0.000341080187354, 0.000166805955814, 0.000115218652354, 9.5634815807e-05, 7.85138181527e-05, 4.72085921501e-05, 1.82022395165e-05, 1.04461287265e-05, 5.47542640561e-06, 4.59859302282e-06, 9.9509352367e-06, 0.000384486251278], "dvar": [0.00025643556728, 0.000353634299245, 2.10037796933e-05, 1.42224243973e-05, 4.17580304202e-05, 4.43447834186e-06, 7.27810493117e-06, 3.14832573167e-06, 5.94907487539e-06, 1.5694705553e-06, 1.11077940801e-06, 1.34912306748e-06, 4.01165749508e-07, 5.87185922996e-07, 4.80500261801e-07, 1.53073756337e-07, 4.93629599418e-08, 2.65453792281e-08, 2.40399682383e-08, 2.82498149318e-08, 8.95717100491e-09, 6.11329487032e-10, 3.50247358893e-10, 4.43493228253e-11, 3.1454980981e-11, 3.37386146798e-10, 1.50571210611e-07], "dvar2": [0.00055182952201, 0.000951094960328, 5.87551439821e-05, 3.80554774893e-05, 9.64908103924e-05, 1.15138082037e-05, 1.64024186233e-05, 5.91200887357e-06, 1.39374778882e-05, 3.75669583264e-06, 2.74644162346e-06, 3.08159974338e-06, 1.03344223135e-06, 1.45020737818e-06, 1.17676609079e-06, 4.03355272738e-07, 1.26084160001e-07, 6.95409880791e-08, 6.07624315307e-08, 6.00096043968e-08, 1.91725817444e-08, 1.45900114212e-09, 8.92549867348e-10, 1.08702526147e-10, 7.63635335521e-11, 8.75537253808e-10, 3.6444549778e-07], "max": [0.23564428091, 0.330188065767, 0.060296818614, 0.0860743373632, 0.151400446892, 0.0683325156569, 0.106033913791, 0.103664368391, 0.121411651373, 0.0280080530792, 0.035837508738, 0.0450123101473, 0.0185134317726, 0.0250860769302, 0.0391762256622, 0.010159756057, 0.0070718168281, 0.00358564802445, 0.00484531000257, 0.00778524344787, 0.00504848919809, 0.00051333574811, 0.000390367174987, 9.5283765404e-05, 9.24439373193e-05, 0.00037018765579, 0.0100782699883], "mean": [0.00595522113144, 0.0119602698833, 0.00345024652779, 0.00259371334687, 0.00516970548779, 0.00179998332169, 0.00140454818029, 0.000881730695255, 0.00136445602402, 0.000898532627616, 0.000592495256569, 0.000871461757924, 0.000485399126774, 0.000472111074487, 0.000510540790856, 0.000414269161411, 0.000189391124877, 0.000125831735204, 0.000104913953692, 8.9716653747e-05, 6.15002572886e-05, 2.32239435718e-05, 8.88879276317e-06, 3.97816256736e-06, 2.92650747724e-06, 8.27831991046e-06, 0.000904908811208], "median": [0.000492581224535, 0.00334084429778, 0.00133929168805, 0.00103225896601, 0.00255512772128, 0.00088530353969, 0.000541433575563, 0.000290422409307, 0.000566742790397, 0.000416365626734, 0.000270490214461, 0.000500416033901, 0.000278059538687, 0.000219438094064, 0.000254399579717, 0.000220274116145, 8.93128453754e-05, 4.17308219767e-05, 2.83545123239e-05, 2.10447124118e-05, 1.69432405528e-05, 7.75237458583e-06, 2.72880652119e-06, 1.16180376608e-06, 7.99242741323e-07, 2.88284195449e-06, 0.000589054136071], "min": [3.22032529774e-17, 6.39732155151e-17, 5.77004534672e-17, 6.27330335489e-17, 1.07049327511e-16, 1.23238520993e-17, 3.8556225075e-17, 7.84460638207e-17, 4.45615066913e-17, 1.46015543002e-17, 6.16690873752e-17, 7.67105197816e-17, 1.05422263246e-16, 1.69295760484e-16, 1.19193404312e-16, 3.02431075644e-16, 3.89271646254e-16, 8.58773948869e-17, 2.15553262055e-16, 4.86092779611e-16, 2.84598993931e-16, 2.93947643631e-16, 6.69287371377e-16, 1.11929930029e-15, 9.38546598634e-16, 1.80332890954e-15, 2.44954029764e-15], "var": [0.000320950697642, 0.000439654075308, 2.94013552775e-05, 2.03965737455e-05, 7.3163289926e-05, 9.07924004423e-06, 1.41731034091e-05, 9.59350381891e-06, 1.05154322227e-05, 2.81432903648e-06, 1.78624179625e-06, 2.7160110676e-06, 6.88441161856e-07, 1.09350116873e-06, 9.26182281091e-07, 3.5294533518e-07, 1.07435880636e-07, 5.4146916284e-08, 4.53167103842e-08, 6.80727083591e-08, 2.18754543369e-08, 1.49807721783e-09, 3.61327329168e-10, 5.31075426691e-11, 3.58539135881e-11, 3.20363957584e-10, 1.08899803308e-06]}, "barkbands_crest": {"dmean": 2.79880094528, "dmean2": 4.58493804932, "dvar": 6.07471752167, "dvar2": 15.2713518143, "max": 26.2080936432, "mean": 10.0098237991, "median": 9.20373630524, "min": 2.61076617241, "var": 16.9074554443}, "barkbands_flatness_db": {"dmean": 0.0289777237922, "dmean2": 0.0455137267709, "dvar": 0.00061711773742, "dvar2": 0.00152210087981, "max": 0.418889462948, "mean": 0.16642588377, "median": 0.158853143454, "min": 0.0451174862683, "var": 0.00298423250206}, "barkbands_kurtosis": {"dmean": 4.9964261055, "dmean2": 7.88954114914, "dvar": 76.7072296143, "dvar2": 190.85874939, "max": 248.237991333, "mean": 9.08685112, "median": 5.02457046509, "min": -1.6409791708, "var": 168.234283447}, "barkbands_skewness": {"dmean": 0.633301079273, "dmean2": 0.977129101753, "dvar": 0.436145871878, "dvar2": 1.00671124458, "max": 13.7258176804, "mean": 2.20809721947, "median": 1.99311554432, "min": -1.82230067253, "var": 1.80986773968}, "barkbands_spread": {"dmean": 5.84550476074, "dmean2": 9.07648944855, "dvar": 42.5137825012, "dvar2": 96.8258895874, "max": 106.039794922, "mean": 22.3178691864, "median": 17.9641952515, "min": 0.659010887146, "var": 222.928512573}, "dissonance": {"dmean": 0.0219312943518, "dmean2": 0.0373498424888, "dvar": 0.000525644340087, "dvar2": 0.00141544803046, "max": 0.500000178814, "mean": 0.462960928679, "median": 0.471885174513, "min": 0.0542904138565, "var": 0.000980762415566}, "dynamic_complexity": 4.5656914711, "erbbands": {"dmean": [0.375123560429, 1.82394897938, 3.08146882057, 4.69472169876, 9.09764194489, 12.3625612259, 8.93730640411, 10.3260126114, 10.83177948, 16.2314319611, 11.9674978256, 18.802947998, 21.6260147095, 14.5466899872, 15.3258981705, 19.8697128296, 13.0639343262, 13.5877218246, 13.9216623306, 12.4120225906, 10.6129598618, 5.19443273544, 3.81484818459, 3.20541453362, 2.56162333488, 2.23577475548, 1.64642226696, 0.998238801956, 0.472601383924, 0.260589927435, 0.171546265483, 0.0899309590459, 0.0487854219973, 0.0310825146735, 0.0199869889766, 0.0121997073293, 0.0119944596663, 0.0139750437811, 0.0111042689532, 0.0066953827627], "dmean2": [0.633389055729, 3.06499958038, 5.18911552429, 7.86603021622, 15.0309972763, 19.7101783752, 14.5828905106, 17.1402587891, 17.6068744659, 25.6316699982, 19.2220230103, 30.4979190826, 34.7538948059, 23.5183353424, 24.6132793427, 31.8490505219, 21.3901100159, 21.9424114227, 22.5035018921, 20.2840938568, 17.3771057129, 8.51923179626, 6.309009552, 5.25189638138, 4.16211175919, 3.51289582253, 2.55986142159, 1.50339102745, 0.719895303249, 0.407126903534, 0.276506602764, 0.14515222609, 0.0797264054418, 0.0513019114733, 0.0328814350069, 0.0198551826179, 0.0191443692893, 0.0201872438192, 0.0158914588392, 0.0104003679007], "dvar": [0.842184007168, 11.6828241348, 30.1361465454, 76.2518692017, 267.527770996, 919.565673828, 321.218566895, 441.006439209, 741.754943848, 4246.85546875, 755.76965332, 3283.11376953, 2835.74072266, 1566.62451172, 1320.2130127, 2377.16210938, 819.464477539, 1595.95019531, 1878.20922852, 525.245178223, 459.008911133, 125.786964417, 79.1441497803, 64.522315979, 57.2912559509, 63.4434013367, 26.8838348389, 8.15549087524, 0.967234373093, 0.403307497501, 0.252820521593, 0.0403796471655, 0.00922736618668, 0.00399080803618, 0.0015781034017, 0.00051988294581, 0.00125497893896, 0.00142531411257, 0.000624311331194, 9.39759775065e-05], "dvar2": [2.26785516739, 31.9027023315, 84.6254272461, 204.470321655, 683.515075684, 2085.24682617, 789.253356934, 1118.43969727, 1714.84667969, 9069.59082031, 1752.3873291, 8291.05566406, 6673.72167969, 3766.21728516, 3169.37719727, 5383.68408203, 2036.26940918, 3937.08935547, 4570.31738281, 1346.359375, 1211.77978516, 321.295471191, 204.53062439, 165.612548828, 134.27722168, 132.372619629, 58.2232475281, 18.4479007721, 2.25931286812, 0.988727748394, 0.653756022453, 0.102486044168, 0.0224800277501, 0.00970194302499, 0.00382677325979, 0.00125878641848, 0.00328923296183, 0.00334310368635, 0.00136432307772, 0.00022201189131], "max": [17.2289466858, 45.0025672913, 71.0283966064, 234.744888306, 319.6690979, 645.581604004, 500.656463623, 866.198425293, 1336.5177002, 3240.3762207, 911.823730469, 2592.82202148, 2026.18115234, 1234.98657227, 1071.8112793, 2087.58520508, 855.171569824, 1325.54443359, 2419.62255859, 514.308532715, 616.886962891, 381.542755127, 225.299224854, 192.137969971, 209.119750977, 326.263244629, 257.070831299, 139.4947052, 22.9556274414, 15.1014461517, 10.7111310959, 3.52027058601, 1.56195485592, 1.04669892788, 0.651229918003, 0.363861650229, 0.643194913864, 1.01625061035, 0.879905879498, 0.231857940555], "mean": [0.422717392445, 2.39575171471, 4.29624128342, 6.93963432312, 14.0502948761, 17.2158088684, 13.6846437454, 15.7834558487, 16.8475837708, 25.2375183105, 18.2378044128, 29.1696186066, 34.581615448, 24.9959697723, 27.325717926, 36.055305481, 24.7192420959, 23.9988155365, 26.3398628235, 25.2003746033, 21.6034221649, 10.7722816467, 7.21638822556, 6.08801555634, 4.69464111328, 4.10137891769, 3.07834839821, 1.98543846607, 0.946089625359, 0.447973310947, 0.222707301378, 0.109222888947, 0.0552949607372, 0.0325764231384, 0.0213036555797, 0.0143305240199, 0.016544368118, 0.0312595032156, 0.0358283743262, 0.0309988670051], "median": [0.0940421670675, 0.679105520248, 1.71055221558, 3.2677397728, 6.75743484497, 6.62811279297, 6.43731355667, 7.13860845566, 7.55338668823, 7.90714025497, 7.53215932846, 12.359044075, 15.5896549225, 12.1616182327, 14.8932800293, 21.0074615479, 14.9708795547, 11.8809309006, 13.3354463577, 13.7558097839, 11.9595298767, 5.46810388565, 2.51479434967, 1.83345544338, 1.25933408737, 0.995314359665, 0.784964025021, 0.564368963242, 0.317065685987, 0.148315235972, 0.067443549633, 0.0313651673496, 0.0166467931122, 0.00904761441052, 0.00605964381248, 0.00503356335685, 0.0059937001206, 0.0101197771728, 0.0138673176989, 0.0234886035323], "min": [2.07461810419e-15, 1.40608468743e-14, 5.73516115241e-14, 1.54294532337e-13, 2.91868932452e-13, 3.68867534174e-13, 2.55604863447e-13, 6.39668710795e-14, 2.97853538708e-13, 1.17592372471e-12, 1.72617465027e-12, 1.07272816931e-12, 3.87600840096e-13, 1.17032588048e-12, 3.10437309539e-12, 3.0225433701e-12, 4.58762281635e-12, 8.18070697989e-12, 5.66984566935e-12, 1.34726830386e-11, 1.71528451165e-11, 2.07167095978e-11, 5.77944593225e-12, 1.15126467387e-11, 1.20561711656e-11, 2.45939102417e-11, 1.94101019979e-11, 4.28341303399e-12, 1.08050747169e-11, 2.08074720648e-11, 1.63419174026e-11, 3.04282744834e-11, 1.16742162812e-11, 1.11545642514e-11, 6.92168588071e-12, 7.5229223892e-12, 3.16283219233e-12, 1.05196732401e-12, 3.82637335445e-13, 3.65317619092e-14], "var": [0.829757928848, 16.536113739, 46.6844139099, 115.977622986, 473.900299072, 1347.27746582, 503.084747314, 970.036621094, 1383.40100098, 10515.4306641, 1537.56445312, 4924.67822266, 5648.86230469, 2702.06616211, 2477.3203125, 4956.515625, 1581.34204102, 2822.18017578, 3916.61669922, 1241.83911133, 1027.55273438, 307.552185059, 170.899291992, 127.2084198, 111.970527649, 153.038864136, 64.1183319092, 19.3020553589, 2.46915364265, 0.660504221916, 0.241899847984, 0.0434699840844, 0.0109344674274, 0.00451095448807, 0.00182098872028, 0.000644941290375, 0.00119115482084, 0.00318917352706, 0.00362716172822, 0.000931945047341]}, "erbbands_crest": {"dmean": 2.40007781982, "dmean2": 3.90705323219, "dvar": 5.35718393326, "dvar2": 13.0564985275, "max": 30.9119148254, "mean": 8.85392093658, "median": 7.67772769928, "min": 2.40576243401, "var": 19.108959198}, "erbbands_flatness_db": {"dmean": 0.0251767672598, "dmean2": 0.0387740731239, "dvar": 0.000490520789754, "dvar2": 0.00120706192683, "max": 0.39833176136, "mean": 0.171870917082, "median": 0.159197673202, "min": 0.0553319267929, "var": 0.00320975203067}, "erbbands_kurtosis": {"dmean": 0.859010994434, "dmean2": 1.34959888458, "dvar": 1.45671319962, "dvar2": 3.17747163773, "max": 31.6831817627, "mean": 0.538603246212, "median": -0.144777536392, "min": -1.75691282749, "var": 4.97557067871}, "erbbands_skewness": {"dmean": 0.340520083904, "dmean2": 0.531018674374, "dvar": 0.0937398970127, "dvar2": 0.211923420429, "max": 4.30406141281, "mean": -0.0858012810349, "median": -0.0617262050509, "min": -3.87667059898, "var": 0.578764200211}, "erbbands_spread": {"dmean": 5.02078819275, "dmean2": 7.78121805191, "dvar": 23.2181529999, "dvar2": 52.7471504211, "max": 89.1760864258, "mean": 26.2467060089, "median": 25.2704715729, "min": 1.56465780735, "var": 139.923812866}, "gfcc": {"cov": [[11978.5615234, -1775.50048828, -1002.28936768, 1829.52758789, 394.713623047, -1083.12597656, 388.664794922, 311.316131592, 703.16583252, 467.114135742, -120.587493896, 249.756362915, 16.0236606598], [-1775.50048828, 844.091308594, 213.909545898, -457.484649658, 51.4700431824, 173.14503479, -75.0324859619, -103.546920776, -85.1238937378, -133.152191162, 11.1886520386, -77.6556777954, 31.2326583862], [-1002.28936768, 213.909545898, 528.285949707, 42.9392089844, -75.8417663574, 253.969985962, -91.4261016846, 57.8366775513, -129.940505981, -42.9521026611, -14.615524292, -24.2623062134, -6.79500055313], [1829.52758789, -457.484649658, 42.9392089844, 723.579223633, 101.232345581, -191.578720093, 139.195449829, 110.650177002, 109.84437561, 106.193565369, -32.3129119873, 64.5238189697, -21.1160030365], [394.713623047, 51.4700431824, -75.8417663574, 101.232345581, 232.043807983, -41.2246360779, 87.7486572266, -21.0103397369, 79.6993865967, 6.84617805481, 1.06971156597, 12.1807641983, 23.0783863068], [-1083.12597656, 173.14503479, 253.969985962, -191.578720093, -41.2246360779, 359.311218262, -79.7027359009, 33.172542572, -126.623252869, -51.6958999634, 7.99913311005, -30.2256717682, 14.5543022156], [388.664794922, -75.0324859619, -91.4261016846, 139.195449829, 87.7486572266, -79.7027359009, 202.738037109, 15.0010938644, 85.9907455444, 24.0094814301, -0.0593310967088, 25.7080173492, -10.3197841644], [311.316131592, -103.546920776, 57.8366775513, 110.650177002, -21.0103397369, 33.172542572, 15.0010938644, 156.416244507, 47.9833831787, 46.8929214478, -5.53406715393, -0.699242770672, 10.7379188538], [703.16583252, -85.1238937378, -129.940505981, 109.84437561, 79.6993865967, -126.623252869, 85.9907455444, 47.9833831787, 176.16847229, 77.9530792236, 5.06702756882, 20.1429405212, 3.84294247627], [467.114135742, -133.152191162, -42.9521026611, 106.193565369, 6.84617805481, -51.6958999634, 24.0094814301, 46.8929214478, 77.9530792236, 98.5552368164, 30.9144439697, 18.68791008, -2.4487760067], [-120.587493896, 11.1886520386, -14.615524292, -32.3129119873, 1.06971156597, 7.99913311005, -0.0593310967088, -5.53406715393, 5.06702756882, 30.9144439697, 61.0940170288, 22.7898254395, 3.89225172997], [249.756362915, -77.6556777954, -24.2623062134, 64.5238189697, 12.1807641983, -30.2256717682, 25.7080173492, -0.699242770672, 20.1429405212, 18.68791008, 22.7898254395, 58.050655365, 15.641377449], [16.0236606598, 31.2326583862, -6.79500055313, -21.1160030365, 23.0783863068, 14.5543022156, -10.3197841644, 10.7379188538, 3.84294247627, -2.4487760067, 3.89225172997, 15.641377449, 56.4360771179]], "icov": [[0.000238387496211, -2.40413428401e-05, 0.000482232950162, -0.000503423332702, -8.0760109995e-05, 4.05962491641e-05, 0.000327373796608, -0.000183735173778, -0.000120387063362, -0.000404147373047, 0.000710218795575, -0.000517539738212, 1.781661922e-05], [-2.40413428401e-05, 0.00440908409655, -0.00355318468064, 0.00282760825939, -0.00201155850664, 0.0017113146605, -0.000676303519867, 0.0012236017501, -0.00217483122833, 0.00404982641339, -0.00370490481146, 0.00457074865699, -0.00246575474739], [0.000482232950162, -0.00355318468064, 0.00780580658466, -0.00501618022099, 0.00243514683098, -0.00433159293607, 0.00224787206389, -0.00152773235459, 0.00151017820463, -0.00203857803717, 0.00328781572171, -0.0035428116098, 0.00227930839173], [-0.000503423332702, 0.00282760825939, -0.00501618022099, 0.00736808264628, -0.0040719746612, 0.0041387216188, -0.00240183668211, -0.00177452201024, 0.00279167550616, -0.00258424505591, 0.00214459211566, -0.00159310770687, 0.00121861277148], [-8.0760109995e-05, -0.00201155850664, 0.00243514683098, -0.0040719746612, 0.00969847198576, -0.00361543078907, -0.00128173315898, 0.00377942109481, -0.00547912716866, 0.00365942623466, -0.0029269924853, 0.00288570648991, -0.00414732377976], [4.05962491641e-05, 0.0017113146605, -0.00433159293607, 0.0041387216188, -0.00361543078907, 0.00856270361692, -0.000941235979553, -0.00350015400909, 0.00461433408782, -0.00122719816864, -0.000321317027556, 0.00038251481601, -0.000618830032181], [0.000327373796608, -0.000676303519867, 0.00224787206389, -0.00240183668211, -0.00128173315898, -0.000941235979553, 0.00869081914425, -0.000955371069722, -0.00323821348138, 0.00223705428652, 0.000300705636619, -0.00342626869678, 0.00343757122755], [-0.000183735173778, 0.0012236017501, -0.00152773235459, -0.00177452201024, 0.00377942109481, -0.00350015400909, -0.000955371069722, 0.013093367219, -0.00661789672449, 0.000133421723149, -0.00179902766831, 0.006287724711, -0.00594383710995], [-0.000120387063362, -0.00217483122833, 0.00151017820463, 0.00279167550616, -0.00547912716866, 0.00461433408782, -0.00323821348138, -0.00661789672449, 0.0214632507414, -0.0166902281344, 0.0098741017282, -0.00676718633622, 0.00319058727473], [-0.000404147373047, 0.00404982641339, -0.00203857803717, -0.00258424505591, 0.00365942623466, -0.00122719816864, 0.00223705428652, 0.000133421723149, -0.0166902281344, 0.036595068872, -0.0243863128126, 0.0111225638539, -0.00281155668199], [0.000710218795575, -0.00370490481146, 0.00328781572171, 0.00214459211566, -0.0029269924853, -0.000321317027556, 0.000300705636619, -0.00179902766831, 0.0098741017282, -0.0243863128126, 0.0394301563501, -0.0214612148702, 0.00622219219804], [-0.000517539738212, 0.00457074865699, -0.0035428116098, -0.00159310770687, 0.00288570648991, 0.00038251481601, -0.00342626869678, 0.006287724711, -0.00676718633622, 0.0111225638539, -0.0214612148702, 0.0381890721619, -0.014667426236], [1.781661922e-05, -0.00246575474739, 0.00227930839173, 0.00121861277148, -0.00414732377976, -0.000618830032181, 0.00343757122755, -0.00594383710995, 0.00319058727473, -0.00281155668199, 0.00622219219804, -0.014667426236, 0.0267208628356]], "mean": [-39.5069580078, 120.446662903, -83.5084991455, -20.8641738892, -7.89078235626, -11.9551229477, -2.8166577816, -22.6660118103, -4.99752140045, -12.4936475754, -7.36637687683, -7.74499320984, -1.00485062599]}, "hfc": {"dmean": 66.2336502075, "dmean2": 107.790458679, "dvar": 8269.47167969, "dvar2": 21874.3027344, "max": 1628.4954834, "mean": 227.731704712, "median": 217.830307007, "min": 1.21627541372e-10, "var": 36430.7617188}, "melbands": {"dmean": [0.00307079474442, 0.0018288808642, 0.000865082954988, 0.000802935566753, 0.000344638130628, 0.000221790673095, 0.000170311599504, 0.000166289406479, 9.93298526737e-05, 0.000127320818137, 0.000108561936941, 6.08898299106e-05, 5.40976107004e-05, 5.70861047891e-05, 3.99083219236e-05, 2.80543208646e-05, 2.66345341515e-05, 2.39622022491e-05, 1.94544863916e-05, 1.49211673488e-05, 1.3248554751e-05, 6.35089190837e-06, 3.84656004826e-06, 3.37360484082e-06, 2.76747505268e-06, 2.189118959e-06, 1.86507713806e-06, 1.51947017457e-06, 1.19994649594e-06, 8.16841293272e-07, 5.49887261059e-07, 3.06903388037e-07, 1.7820147491e-07, 1.41326054859e-07, 1.07308544273e-07, 7.41946593052e-08, 4.84066937645e-08, 3.54452858176e-08, 2.86014110173e-08, 2.54105323449e-08], "dmean2": [0.0050633312203, 0.00306702777743, 0.00144298607484, 0.00128345936537, 0.000557283579838, 0.000367185391951, 0.000274820020422, 0.000261925568338, 0.000161386793479, 0.000206145370612, 0.000174795743078, 9.89107065834e-05, 8.7165790319e-05, 9.21637983993e-05, 6.47569686407e-05, 4.61100462417e-05, 4.3216998165e-05, 3.91575886169e-05, 3.15416618832e-05, 2.45341543632e-05, 2.18804361793e-05, 1.05106946648e-05, 6.33934632788e-06, 5.64499714528e-06, 4.58541126136e-06, 3.60538865607e-06, 3.01112527268e-06, 2.42196006184e-06, 1.90005687273e-06, 1.26497445763e-06, 8.5187195964e-07, 4.77777348351e-07, 2.79532713421e-07, 2.24071655452e-07, 1.73797175762e-07, 1.21218121762e-07, 7.81103750569e-08, 5.77452787809e-08, 4.72854218003e-08, 4.1938658768e-08], "dvar": [4.73557447549e-05, 1.01267287391e-05, 2.46299259743e-06, 2.7380569918e-06, 5.15161048043e-07, 1.89880054791e-07, 1.91737441924e-07, 4.20482336949e-07, 4.88793361342e-08, 1.47947332607e-07, 7.0785340256e-08, 2.69694435673e-08, 2.11663131466e-08, 2.01901553254e-08, 6.88970969165e-09, 3.75162567678e-09, 6.41351061148e-09, 5.73287950445e-09, 1.72155467659e-09, 7.59994456256e-10, 8.09026956539e-10, 1.97122013157e-10, 8.14075612476e-11, 6.4383928744e-11, 4.86861939653e-11, 3.70786491788e-11, 3.6024586092e-11, 3.17566285768e-11, 1.46945650092e-11, 7.37496088504e-12, 1.94815192624e-12, 4.31546454387e-13, 1.39564480307e-13, 1.43179291665e-13, 1.0619470933e-13, 4.23321960981e-14, 9.94019929844e-15, 4.81584054997e-15, 3.42589548242e-15, 2.65592622798e-15], "dvar2": [0.000123781923321, 2.79619671346e-05, 6.59401621306e-06, 6.34272828393e-06, 1.23344466374e-06, 4.84691554448e-07, 4.32171532339e-07, 8.68719553182e-07, 1.17910033737e-07, 3.61044953934e-07, 1.65624371107e-07, 6.47607620863e-08, 5.20025587036e-08, 4.66151703904e-08, 1.69092917446e-08, 9.41226829809e-09, 1.58490838231e-08, 1.40394247339e-08, 4.3178083331e-09, 1.99117966559e-09, 2.13128625859e-09, 5.09552511296e-10, 2.0998637551e-10, 1.68779795695e-10, 1.27307206443e-10, 9.32022237166e-11, 7.66863517132e-11, 7.0167753552e-11, 3.35808221508e-11, 1.69793259314e-11, 4.55648886677e-12, 1.0517822507e-12, 3.37139306273e-13, 3.57953494319e-13, 2.7534910658e-13, 1.11588676125e-13, 2.47833200631e-14, 1.17381080442e-14, 8.35599188312e-15, 6.45206044692e-15], "max": [0.1255299896, 0.0427543632686, 0.0355090759695, 0.0413840264082, 0.0193677656353, 0.0167551618069, 0.017946338281, 0.0336906164885, 0.00647872081026, 0.0159566644579, 0.0106091108173, 0.00473424466327, 0.00499140983447, 0.00590826617554, 0.00236021890305, 0.00154342397582, 0.00270849280059, 0.00372864771634, 0.00139209628105, 0.000880033767316, 0.000818182481453, 0.000481166673126, 0.000196217428311, 0.000154223802383, 0.000166523721418, 0.00018537894357, 0.000209557882044, 0.000260933156824, 0.000218682820559, 0.000149126135511, 6.20016653556e-05, 1.4535243281e-05, 7.43986629459e-06, 9.23218522075e-06, 7.76800061431e-06, 4.20042670157e-06, 1.84288694527e-06, 1.17211902761e-06, 9.68963718151e-07, 8.53047708915e-07], "mean": [0.00393441412598, 0.00265799486078, 0.00138069072273, 0.00122556334827, 0.000522744318005, 0.00034680229146, 0.000267543364316, 0.000259504507994, 0.000144950274262, 0.000195530621568, 0.000169902239577, 9.94452275336e-05, 8.82664025994e-05, 9.8918666481e-05, 7.11635439075e-05, 4.81630995637e-05, 4.3315358198e-05, 4.19011557824e-05, 3.67913416994e-05, 2.9129187169e-05, 2.45599112532e-05, 1.18249727166e-05, 6.83675716573e-06, 5.83849896429e-06, 4.87027227791e-06, 3.7379643345e-06, 3.12609790853e-06, 2.61658215095e-06, 2.07567313737e-06, 1.48528954469e-06, 1.03793183825e-06, 5.767718676e-07, 3.19228689705e-07, 2.17545817804e-07, 1.34186336709e-07, 8.81342501202e-08, 5.77224170684e-08, 4.02796764831e-08, 2.99815177129e-08, 2.63811994472e-08], "median": [0.00101600086782, 0.00106282322668, 0.000723103119526, 0.000552713696379, 0.000233657076024, 0.000163388103829, 0.000117355237307, 8.24514136184e-05, 5.87991926295e-05, 7.95757368905e-05, 7.47087105992e-05, 4.64579934487e-05, 4.40197618445e-05, 5.49474971194e-05, 4.37077324023e-05, 2.64109203272e-05, 1.91421913769e-05, 1.9787266865e-05, 1.8804696083e-05, 1.58159673447e-05, 1.25767619465e-05, 5.63685034649e-06, 2.11366636904e-06, 1.95475990949e-06, 1.38054758736e-06, 9.76065166469e-07, 7.47991805383e-07, 5.93709728491e-07, 4.86226610974e-07, 3.95922285179e-07, 2.97526497661e-07, 1.87541743912e-07, 1.08175001401e-07, 6.64001262862e-08, 3.79546172269e-08, 2.48757672239e-08, 1.60315671849e-08, 1.16585638921e-08, 8.41611136337e-09, 6.99167435059e-09], "min": [1.96620368383e-17, 2.6506630498e-17, 3.07153469614e-17, 2.48236885284e-17, 1.0623585659e-17, 1.5582824392e-18, 5.44276488536e-18, 1.41718786397e-17, 1.38323251342e-17, 5.94769702437e-18, 1.68439222404e-18, 4.12105972026e-18, 9.55665170894e-18, 9.43478649801e-18, 7.15298561723e-18, 1.20771430001e-17, 1.58744099006e-17, 9.73210664303e-18, 1.0466446158e-17, 2.21941872402e-17, 2.05032993736e-17, 2.55142420648e-17, 8.16542325413e-18, 3.44552778377e-18, 1.02977219925e-17, 7.3188543552e-18, 1.61765905589e-17, 1.45181976555e-17, 1.30887021712e-17, 5.87988062184e-18, 1.43110786611e-18, 7.14537472841e-18, 4.99033059111e-18, 1.45517530642e-17, 7.60604401925e-18, 1.135674396e-17, 2.28800490081e-17, 8.42210567001e-18, 6.71289451208e-18, 1.03966602384e-17], "var": [5.58448955417e-05, 1.6874028006e-05, 3.97287476517e-06, 4.70422401122e-06, 7.9246626683e-07, 4.12280570572e-07, 3.67307762872e-07, 1.12383293072e-06, 8.655864292e-08, 2.33877614164e-07, 1.39917304409e-07, 4.60891520504e-08, 3.59431808761e-08, 3.8187529583e-08, 1.37179512194e-08, 6.83117251654e-09, 1.08280868716e-08, 1.21721397406e-08, 3.54991325224e-09, 1.66085234454e-09, 1.57996549177e-09, 4.30565166853e-10, 1.66948302405e-10, 1.19159529466e-10, 8.67335717136e-11, 6.37533359438e-11, 7.22765527983e-11, 7.08107184e-11, 3.08245096114e-11, 1.52823240174e-11, 4.55098198709e-12, 9.61796831414e-13, 2.89347403459e-13, 1.88524543199e-13, 9.80540247521e-14, 3.78244561594e-14, 1.14939177628e-14, 5.76424809441e-15, 3.84035463274e-15, 3.00160418541e-15]}, "melbands_crest": {"dmean": 3.84300231934, "dmean2": 6.26514196396, "dvar": 12.0330543518, "dvar2": 30.4752826691, "max": 36.6928710938, "mean": 14.7838020325, "median": 13.9827737808, "min": 2.58123064041, "var": 31.7727489471}, "melbands_flatness_db": {"dmean": 0.0365790836513, "dmean2": 0.0578675791621, "dvar": 0.000933351926506, "dvar2": 0.00234230305068, "max": 0.549365878105, "mean": 0.285067290068, "median": 0.278093665838, "min": 0.0161448400468, "var": 0.00459320796654}, "melbands_kurtosis": {"dmean": 6.19638538361, "dmean2": 9.90276527405, "dvar": 116.292198181, "dvar2": 302.545532227, "max": 299.136260986, "mean": 10.6911058426, "median": 6.08835029602, "min": -1.79925835133, "var": 262.493530273}, "melbands_skewness": {"dmean": 0.725785434246, "dmean2": 1.12948024273, "dvar": 0.53234398365, "dvar2": 1.29881715775, "max": 15.1528348923, "mean": 2.42314004898, "median": 2.27913355827, "min": -1.96131896973, "var": 2.32503151894}, "melbands_spread": {"dmean": 4.23835039139, "dmean2": 6.65257453918, "dvar": 21.1967144012, "dvar2": 48.4195899963, "max": 145.973403931, "mean": 14.8249988556, "median": 13.6804151535, "min": 0.480660170317, "var": 76.3651657104}, "mfcc": {"cov": [[11876.6298828, -1628.16699219, -1742.99243164, 2410.06079102, -253.503250122, -137.792068481, -576.113708496, 16.0703926086, 369.879882812, 493.064971924, 247.180587769, 96.6270294189, 82.8899688721], [-1628.16699219, 886.175415039, 157.127365112, -548.82598877, 97.3155212402, 24.9976444244, 47.8579711914, -30.9326725006, -45.0334014893, -113.821685791, -66.2172393799, -29.2156658173, -6.96226835251], [-1742.99243164, 157.127365112, 756.861450195, -303.769470215, 125.863471985, 41.5973625183, 153.145126343, 46.8924331665, -44.0342750549, -60.9960365295, -56.9140129089, -0.218820050359, -22.9647140503], [2410.06079102, -548.82598877, -303.769470215, 955.58795166, -62.2593383789, -7.65129947662, -104.055931091, 36.6790504456, 103.618652344, 142.863861084, 85.2516326904, 27.510591507, 13.5188016891], [-253.503250122, 97.3155212402, 125.863471985, -62.2593383789, 184.677185059, 43.1099014282, 40.921131134, 8.79868412018, 19.4424304962, -14.3607406616, -16.1280250549, 1.76271486282, 13.0547542572], [-137.792068481, 24.9976444244, 41.5973625183, -7.65129947662, 43.1099014282, 134.101242065, 56.9474754333, 28.3874206543, -2.34453701973, -9.97958278656, -20.5116081238, 5.44071626663, 9.65433502197], [-576.113708496, 47.8579711914, 153.145126343, -104.055931091, 40.921131134, 56.9474754333, 139.929534912, 46.599067688, -7.21600198746, -29.6829719543, -17.1677093506, -2.18889474869, -4.43552017212], [16.0703926086, -30.9326725006, 46.8924331665, 36.6790504456, 8.79868412018, 28.3874206543, 46.599067688, 86.9747772217, 40.4044151306, 16.2393989563, -4.48051404953, 6.90530920029, 1.19145178795], [369.879882812, -45.0334014893, -44.0342750549, 103.618652344, 19.4424304962, -2.34453701973, -7.21600198746, 40.4044151306, 106.505271912, 62.658744812, 22.5125808716, 7.66019535065, 13.5497407913], [493.064971924, -113.821685791, -60.9960365295, 142.863861084, -14.3607406616, -9.97958278656, -29.6829719543, 16.2393989563, 62.658744812, 103.944480896, 54.7099609375, 18.0788154602, 4.41687297821], [247.180587769, -66.2172393799, -56.9140129089, 85.2516326904, -16.1280250549, -20.5116081238, -17.1677093506, -4.48051404953, 22.5125808716, 54.7099609375, 80.6067962646, 29.8679294586, 8.12694263458], [96.6270294189, -29.2156658173, -0.218820050359, 27.510591507, 1.76271486282, 5.44071626663, -2.18889474869, 6.90530920029, 7.66019535065, 18.0788154602, 29.8679294586, 57.6313743591, 28.0074272156], [82.8899688721, -6.96226835251, -22.9647140503, 13.5188016891, 13.0547542572, 9.65433502197, -4.43552017212, 1.19145178795, 13.5497407913, 4.41687297821, 8.12694263458, 28.0074272156, 56.9150276184]], "icov": [[0.000266827904852, 0.000136812246637, 0.000380241748644, -0.000411347107729, -0.000176372748683, 7.49644168536e-05, 0.000343527994119, -6.89135849825e-05, -9.99624026008e-05, -0.000345681619365, 0.000412259338191, -0.000285252666799, 6.73445174471e-05], [0.000136812246637, 0.00201517250389, 0.000248138705501, 0.000843957299367, -0.000675345771015, -0.000379960547434, 0.000711345172022, 0.000221750204219, -0.00101391784847, 0.00126541068312, -0.000208081313758, 0.000135865688208, 0.000323107204167], [0.000380241748644, 0.000248138705501, 0.0027008340694, -0.000194861044292, -0.00151364249177, 0.00088683643844, -0.00127927295398, -0.000793077866547, 0.00101262866519, -0.0014428376453, 0.00194681156427, -0.00163698068354, 0.00112473999616], [-0.000411347107729, 0.000843957299367, -0.000194861044292, 0.00273610465229, 4.72715000797e-05, -0.000748860125896, 0.000629002635833, -0.000663842540234, -0.000554423197173, 0.000151248896145, -0.00136147870217, 0.000641368387733, 0.000151945219841], [-0.000176372748683, -0.000675345771015, -0.00151364249177, 4.72715000797e-05, 0.00770196970552, -0.00206612888724, -0.000850421609357, 0.0021957885474, -0.00344709400088, 0.00168208510149, -0.000360108737368, 0.000402496691095, -0.00143264315557], [7.49644168536e-05, -0.000379960547434, 0.00088683643844, -0.000748860125896, -0.00206612888724, 0.0108184702694, -0.00439240178093, -0.00162850518245, 0.00280388072133, -0.00303863687441, 0.00429388973862, -0.0018370753387, -0.00143018830568], [0.000343527994119, 0.000711345172022, -0.00127927295398, 0.000629002635833, -0.000850421609357, -0.00439240178093, 0.0149938054383, -0.00699827587232, -0.000161464515259, 0.00429934542626, -0.00414764741436, 0.00188542203978, 0.00054550205823], [-6.89135849825e-05, 0.000221750204219, -0.000793077866547, -0.000663842540234, 0.0021957885474, -0.00162850518245, -0.00699827587232, 0.0211226679385, -0.00896964874119, -0.00037290606997, 0.00434522517025, -0.00427667796612, 0.00239858520217], [-9.99624026008e-05, -0.00101391784847, 0.00101262866519, -0.000554423197173, -0.00344709400088, 0.00280388072133, -0.000161464515259, -0.00896964874119, 0.0218130741268, -0.0127546153963, 0.00211849855259, 0.0033037182875, -0.00507937697694], [-0.000345681619365, 0.00126541068312, -0.0014428376453, 0.000151248896145, 0.00168208510149, -0.00303863687441, 0.00429934542626, -0.00037290606997, -0.0127546153963, 0.0279264189303, -0.0145155694336, 0.000480536720715, 0.00321810343303], [0.000412259338191, -0.000208081313758, 0.00194681156427, -0.00136147870217, -0.000360108737368, 0.00429388973862, -0.00414764741436, 0.00434522517025, 0.00211849855259, -0.0145155694336, 0.0278025846928, -0.012409184128, 0.00218171998858], [-0.000285252666799, 0.000135865688208, -0.00163698068354, 0.000641368387733, 0.000402496691095, -0.0018370753387, 0.00188542203978, -0.00427667796612, 0.0033037182875, 0.000480536720715, -0.012409184128, 0.0311171952635, -0.0142894443125], [6.73445174471e-05, 0.000323107204167, 0.00112473999616, 0.000151945219841, -0.00143264315557, -0.00143018830568, 0.00054550205823, 0.00239858520217, -0.00507937697694, 0.00321810343303, 0.00218171998858, -0.0142894443125, 0.0261724349111]], "mean": [-709.07824707, 188.695724487, -12.1453123093, 13.4233179092, 4.20323705673, 18.5880241394, 3.95819044113, 2.79147958755, 3.58957791328, -1.05316245556, -4.24776268005, -0.74130231142, 0.405057579279]}, "pitch_salience": {"dmean": 0.0744130089879, "dmean2": 0.11985797435, "dvar": 0.00423698406667, "dvar2": 0.0107708638534, "max": 0.987963080406, "mean": 0.565916180611, "median": 0.575147628784, "min": 0.117482513189, "var": 0.0125863961875}, "silence_rate_20dB": {"dmean": 0, "dmean2": 0, "dvar": 0, "dvar2": 0, "max": 1, "mean": 1, "median": 1, "min": 1, "var": 0}, "silence_rate_30dB": {"dmean": 0.088603772223, "dmean2": 0.177220925689, "dvar": 0.0807516053319, "dvar2": 0.174204960465, "max": 1, "mean": 0.884537041187, "median": 1, "min": 0, "var": 0.102118566632}, "silence_rate_60dB": {"dmean": 0.0170566029847, "dmean2": 0.0341157838702, "dvar": 0.0167647060007, "dvar2": 0.0367221273482, "max": 1, "mean": 0.145649388433, "median": 0, "min": 0, "var": 0.124455519021}, "spectral_centroid": {"dmean": 140.438568115, "dmean2": 217.599975586, "dvar": 24062.4765625, "dvar2": 50508.0859375, "max": 3688.88330078, "mean": 800.548278809, "median": 758.371704102, "min": 139.210296631, "var": 140544.59375}, "spectral_complexity": {"dmean": 2.85358500481, "dmean2": 4.49377298355, "dvar": 8.86246490479, "dvar2": 19.8112506866, "max": 58, "mean": 18.3488044739, "median": 19, "min": 0, "var": 117.761459351}, "spectral_contrast_coeffs": {"dmean": [0.0546374619007, 0.0486712343991, 0.0368193052709, 0.0280919205397, 0.0261984821409, 0.0330003611743], "dmean2": [0.0904681235552, 0.0808670818806, 0.060744035989, 0.0462290607393, 0.0433079712093, 0.0515812151134], "dvar": [0.00198321626522, 0.00147701823153, 0.000873056938872, 0.000495775195304, 0.000553424353711, 0.00105961959343], "dvar2": [0.00515299243852, 0.00407830998302, 0.00234531518072, 0.00133011199068, 0.00141934724525, 0.00248215091415], "max": [-0.324866384268, -0.457079857588, -0.471366405487, -0.609352648258, -0.64846020937, -0.47407490015], "mean": [-0.656987607479, -0.773656964302, -0.7952272892, -0.804346442223, -0.835015416145, -0.786531984806], "median": [-0.663363337517, -0.779391288757, -0.800659358501, -0.809250414371, -0.825696825981, -0.79744964838], "min": [-0.989970386028, -0.968968510628, -0.990422606468, -0.959836661816, -0.964071393013, -0.949801564217], "var": [0.006385629531, 0.00380437169224, 0.002465672791, 0.00165469571948, 0.00244329310954, 0.00682203425094]}, "spectral_contrast_valleys": {"dmean": [0.417654663324, 0.378306150436, 0.295147120953, 0.26592862606, 0.40140119195, 0.649102151394], "dmean2": [0.695140838623, 0.614726305008, 0.472567677498, 0.420825839043, 0.633377313614, 1.02795135975], "dvar": [0.116382241249, 0.0986614003778, 0.064127266407, 0.0581590980291, 0.181168407202, 0.275316476822], "dvar2": [0.299562990665, 0.232927426696, 0.142743721604, 0.123658187687, 0.443103760481, 0.720481038094], "max": [-4.79157352448, -4.64801263809, -5.0653963089, -5.46903085709, -5.70970582962, -8.76360225677], "mean": [-7.00700235367, -6.65838861465, -6.92978048325, -7.56774711609, -8.29960441589, -11.3757772446], "median": [-6.72029018402, -6.40098285675, -6.69644403458, -7.08858156204, -7.84208679199, -11.2327728271], "min": [-20.4258060455, -21.4846935272, -20.9658622742, -20.7665462494, -20.2885456085, -21.8227539062], "var": [1.22414326668, 0.981482028961, 0.716469287872, 1.37486410141, 1.96201574802, 1.18028759956]}, "spectral_decrease": {"dmean": 4.5839945173e-09, "dmean2": 7.25356485987e-09, "dvar": 6.42648661642e-17, "dvar2": 1.56329856583e-16, "max": 6.08386585554e-09, "mean": -7.62413510103e-09, "median": -3.69419317359e-09, "min": -1.15596172634e-07, "var": 1.10680729809e-16}, "spectral_energy": {"dmean": 0.0185338184237, "dmean2": 0.0291442684829, "dvar": 0.000983699341305, "dvar2": 0.00237630540505, "max": 0.478709042072, "mean": 0.0494310930371, "median": 0.0398939698935, "min": 1.10224880235e-14, "var": 0.00245644967072}, "spectral_energyband_high": {"dmean": 0.000184612072189, "dmean2": 0.000277928891592, "dvar": 1.2708687791e-07, "dvar2": 2.78381691032e-07, "max": 0.0111259296536, "mean": 0.000603791791946, "median": 0.000337519304594, "min": 7.41739467427e-15, "var": 7.16617989838e-07}, "spectral_energyband_low": {"dmean": 0.0132623277605, "dmean2": 0.0215488579124, "dvar": 0.000660418940242, "dvar2": 0.00169091636781, "max": 0.433524608612, "mean": 0.02033197321, "median": 0.00828153360635, "min": 1.69550188005e-16, "var": 0.000984704704024}, "spectral_energyband_middle_high": {"dmean": 0.00144421029836, "dmean2": 0.00221908069216, "dvar": 6.54628365737e-06, "dvar2": 1.45034218804e-05, "max": 0.0660483911633, "mean": 0.00450958078727, "median": 0.00337895588018, "min": 1.87860790394e-15, "var": 2.90061543637e-05}, "spectral_energyband_middle_low": {"dmean": 0.00578680541366, "dmean2": 0.00913769938052, "dvar": 9.64373030001e-05, "dvar2": 0.000231123209232, "max": 0.187972187996, "mean": 0.0135577777401, "median": 0.00956283789128, "min": 3.45994853624e-16, "var": 0.000243291826337}, "spectral_entropy": {"dmean": 0.204008027911, "dmean2": 0.318759560585, "dvar": 0.0399188771844, "dvar2": 0.0983052626252, "max": 8.8147726059, "mean": 7.1761174202, "median": 7.33395338058, "min": 4.85702562332, "var": 0.259426295757}, "spectral_flux": {"dmean": 0.0276495758444, "dmean2": 0.0454476736486, "dvar": 0.0013561922824, "dvar2": 0.00339233572595, "max": 0.536015629768, "mean": 0.111631289124, "median": 0.111747726798, "min": 0.000105959734356, "var": 0.00593651132658}, "spectral_kurtosis": {"dmean": 11.8593740463, "dmean2": 18.8970623016, "dvar": 278.453369141, "dvar2": 723.471801758, "max": 188.679016113, "mean": 32.4204559326, "median": 24.6446743011, "min": 2.33789587021, "var": 563.936401367}, "spectral_rms": {"dmean": 0.00106062728446, "dmean2": 0.00163611688185, "dvar": 1.90599882899e-06, "dvar2": 4.39798486696e-06, "max": 0.0216109510511, "mean": 0.00600085128099, "median": 0.00623866543174, "min": 3.27927529575e-09, "var": 1.22151604955e-05}, "spectral_rolloff": {"dmean": 3520.54931641, "dmean2": 6822.06835938, "dvar": 51906916, "dvar2": 129294320, "max": 22028.4667969, "mean": 17558.5019531, "median": 21554.7363281, "min": 43.06640625, "var": 65095472}, "spectral_skewness": {"dmean": 0.73011136055, "dmean2": 1.14546096325, "dvar": 0.748384535313, "dvar2": 1.92033553123, "max": 11.2231397629, "mean": 4.03579187393, "median": 3.61346387863, "min": 0.817679107189, "var": 2.37056851387}, "spectral_spread": {"dmean": 561890.375, "dmean2": 882768.4375, "dvar": 325329321984, "dvar2": 824025546752, "max": 26729394, "mean": 3486149.25, "median": 3554970.25, "min": 1018422.3125, "var": 892880355328}, "spectral_strongpeak