{"lowlevel": {"average_loudness": 0.926203906536, "barkbands": {"dmean": [0.000113476089609, 0.00111661734991, 0.000385260849725, 0.00064329104498, 0.00138340250123, 0.00125225342344, 0.00124653300736, 0.00118691485841, 0.00062468147371, 0.000252910249401, 0.00019611317839, 0.000258321320871, 0.000243156435317, 0.000281684973743, 0.000287167029455, 0.000176739165909, 0.000203287621844, 0.000125769132865, 0.000137351133162, 5.09830497322e-05, 1.75530203705e-05, 1.69485701917e-05, 9.06237528397e-06, 4.81097777083e-06, 1.90716423276e-06, 1.50863428416e-07, 1.14688596398e-08], "dmean2": [0.000147346028825, 0.00165512494277, 0.00057297834428, 0.000963807746302, 0.00211928761564, 0.00187004997861, 0.00181479926687, 0.00175115850288, 0.000892940151971, 0.000370593566913, 0.00029279460432, 0.00037193854223, 0.000370021152776, 0.000417633214965, 0.000417307717726, 0.000251515826676, 0.000296526995953, 0.000184295160579, 0.000191123224795, 7.50887265895e-05, 2.648528789e-05, 2.54030492215e-05, 1.34079127747e-05, 7.46836394683e-06, 3.0146240988e-06, 2.310033409e-07, 1.89163120723e-08], "dvar": [7.4754865409e-08, 5.7548136283e-06, 8.07114815871e-07, 1.3899351643e-06, 4.32885326518e-06, 6.22380957793e-06, 1.31638716994e-05, 1.21059756566e-05, 4.83877283841e-06, 9.70406631495e-07, 1.10525513719e-06, 1.22797882796e-06, 8.74051011124e-07, 8.63564764586e-07, 8.93965477644e-07, 3.2148881246e-07, 2.24633694756e-07, 1.04763955733e-07, 1.05942845607e-07, 1.48281564805e-08, 2.70301447891e-09, 3.43886208398e-09, 1.22632837218e-09, 4.13293732571e-10, 3.84605992887e-11, 1.82777499191e-13, 1.90645157098e-15], "dvar2": [1.33369297828e-07, 1.15505681606e-05, 1.7361768414e-06, 3.00201941172e-06, 9.27915789362e-06, 1.20494714793e-05, 2.6587080356e-05, 2.47595362453e-05, 9.54443567025e-06, 1.77633944531e-06, 2.34125900533e-06, 2.31972330766e-06, 1.88892238384e-06, 1.83800682407e-06, 1.88529793377e-06, 6.35394087567e-07, 4.46035215873e-07, 2.2460915261e-07, 1.98699893872e-07, 3.02062588275e-08, 5.94868554415e-09, 6.96609436801e-09, 2.37849318019e-09, 8.49866454988e-10, 8.86209230999e-11, 4.16896172532e-13, 4.22257655613e-15], "max": [0.00975072197616, 0.0484259463847, 0.0212804954499, 0.0233399681747, 0.0365210026503, 0.0559006147087, 0.0741229057312, 0.0882946252823, 0.0504260659218, 0.0434234328568, 0.053111538291, 0.0299599729478, 0.0327677614987, 0.0223279539496, 0.0175901856273, 0.0141624528915, 0.0100339595228, 0.00762726552784, 0.00843819882721, 0.00294336234219, 0.0015030313516, 0.00215601082891, 0.0010503178928, 0.000840654363856, 0.000227787750191, 1.62576307048e-05, 2.39987593886e-06], "mean": [0.000188101621461, 0.0021191588603, 0.000718377996236, 0.00118450366426, 0.00278546498157, 0.00252490118146, 0.00189312000293, 0.00182783172932, 0.00101396336686, 0.00042656736332, 0.000305804540403, 0.000370613211999, 0.000338047131663, 0.000369358895114, 0.000421470496804, 0.00031900787144, 0.000362767343177, 0.000219537920202, 0.000259050633758, 8.01604837761e-05, 2.54996430158e-05, 2.5646711947e-05, 1.32321119963e-05, 6.53217512081e-06, 2.77947492577e-06, 2.75935661875e-07, 1.66574771754e-08], "median": [3.0972136301e-05, 0.000417546310928, 0.000203355972189, 0.000286740600131, 0.00145218637772, 0.000813907070551, 0.000298347818898, 0.000237772110268, 9.92390123429e-05, 7.4355644756e-05, 2.82339278783e-05, 3.83401711588e-05, 3.7572121073e-05, 3.47505338141e-05, 3.87374493585e-05, 3.76703574148e-05, 5.55025835638e-05, 3.47746754414e-05, 4.6257609938e-05, 1.88414451259e-05, 6.76650870446e-06, 7.12480095899e-06, 2.91104925054e-06, 1.56000191964e-06, 8.54989991694e-07, 1.34090456072e-07, 1.08026627643e-08], "min": [4.25544191675e-24, 1.77544948079e-23, 1.9330279176e-23, 2.9330234998e-24, 6.67971316266e-23, 4.0918230931e-23, 2.56652329862e-23, 8.03073275725e-23, 9.68130745001e-23, 1.40647878814e-22, 5.2815329388e-23, 5.04938127182e-23, 1.70310235298e-22, 2.37887733375e-22, 2.02480639345e-22, 1.37686785277e-22, 1.20892656046e-22, 1.6518801629e-22, 4.22117223708e-22, 5.87775792372e-22, 5.11680426675e-22, 5.30523726237e-22, 7.45701403707e-22, 7.37357754441e-22, 1.06457397627e-21, 1.2462587654e-21, 2.32352651075e-21], "var": [2.11502580783e-07, 1.37761935548e-05, 2.55182521869e-06, 3.670201977e-06, 1.38032091854e-05, 2.22163780563e-05, 2.36464493355e-05, 2.44944676524e-05, 1.06334300654e-05, 2.81924417322e-06, 2.42668579631e-06, 2.60686624642e-06, 1.69289194218e-06, 1.44550779169e-06, 1.80960887519e-06, 8.58001726556e-07, 6.3685359919e-07, 2.53293194419e-07, 3.44646792882e-07, 3.10077368226e-08, 4.82768669485e-09, 5.51050716169e-09, 2.17460027763e-09, 7.63932583858e-10, 6.56929302623e-11, 3.10331404671e-13, 2.26868923428e-15]}, "barkbands_crest": {"dmean": 2.72797894478, "dmean2": 4.32771396637, "dvar": 5.79975509644, "dvar2": 13.4424448013, "max": 26.1205997467, "mean": 11.7129945755, "median": 10.9199676514, "min": 3.06055259705, "var": 19.8003826141}, "barkbands_flatness_db": {"dmean": 0.0226238425821, "dmean2": 0.0335774309933, "dvar": 0.000468133948743, "dvar2": 0.000954759772867, "max": 0.427264809608, "mean": 0.191367074847, "median": 0.190109103918, "min": 0.0311779901385, "var": 0.00250730034895}, "barkbands_kurtosis": {"dmean": 3.70276355743, "dmean2": 5.76277494431, "dvar": 41.3253669739, "dvar2": 96.0372390747, "max": 184.294387817, "mean": 6.93126296997, "median": 3.85034656525, "min": -1.89818537235, "var": 112.306434631}, "barkbands_skewness": {"dmean": 0.551453709602, "dmean2": 0.834764719009, "dvar": 0.34634873271, "dvar2": 0.759277522564, "max": 11.72930336, "mean": 1.9107542038, "median": 1.75082457066, "min": -2.81797575951, "var": 1.58122134209}, "barkbands_spread": {"dmean": 4.22350215912, "dmean2": 6.34765386581, "dvar": 35.9551200867, "dvar2": 71.4121704102, "max": 92.0484695435, "mean": 14.1683893204, "median": 11.2664337158, "min": 0.449651002884, "var": 121.386367798}, "dissonance": {"dmean": 0.0250971838832, "dmean2": 0.0414133518934, "dvar": 0.000563752371818, "dvar2": 0.00151281664148, "max": 0.500000119209, "mean": 0.4412150383, "median": 0.448702335358, "min": 0.229838952422, "var": 0.00141854339745}, "dynamic_complexity": 3.99209284782, "erbbands": {"dmean": [0.0328549444675, 0.25376662612, 0.399140775204, 1.39910781384, 2.49588394165, 5.32157611847, 9.02666282654, 11.6875324249, 12.863199234, 27.6105690002, 21.0735912323, 12.9497995377, 10.3010368347, 5.4239282608, 7.59752225876, 9.90111064911, 10.5368280411, 11.4830093384, 14.4301967621, 12.0492897034, 8.62379550934, 11.720790863, 6.62705087662, 5.88361597061, 6.06706094742, 2.005412817, 0.764098405838, 0.708072841167, 0.610567092896, 0.462149590254, 0.232369914651, 0.124427713454, 0.0698440372944, 0.0332324504852, 0.00722529180348, 0.00123290438205, 0.00019597831124, 3.15192555718e-05, 3.92264519178e-06, 6.96480628903e-06], "dmean2": [0.0520866848528, 0.367350071669, 0.578548789024, 2.06792020798, 3.80216050148, 8.06375408173, 13.6939058304, 17.1028690338, 18.7856559753, 40.1691856384, 29.8796806335, 18.8474254608, 14.2311649323, 8.08844089508, 11.0725975037, 14.1078224182, 15.3807220459, 16.5600566864, 19.9904251099, 16.3763408661, 11.6151285172, 16.4235744476, 9.2308177948, 8.11674022675, 8.41004753113, 2.86926841736, 1.15635836124, 1.06058728695, 0.915201723576, 0.688393890858, 0.341209799051, 0.19020293653, 0.108272753656, 0.0524291433394, 0.011330852285, 0.0018963922048, 0.000300231331494, 4.96125176142e-05, 5.36652078154e-06, 9.29908310354e-06], "dvar": [0.00593688711524, 0.283193767071, 0.606570422649, 6.78665018082, 18.587228775, 91.9843826294, 206.352081299, 723.507080078, 1829.70690918, 6659.25390625, 4336.38330078, 2336.35083008, 1298.67712402, 608.312072754, 1212.84020996, 1706.84936523, 1572.26342773, 1609.82543945, 2456.33837891, 1828.4140625, 602.852233887, 796.868591309, 265.427124023, 214.560272217, 229.283752441, 22.6310462952, 5.64496850967, 3.77429080009, 3.76884436607, 3.81392002106, 0.748607933521, 0.259229838848, 0.0862050652504, 0.0133648486808, 0.000492397113703, 1.32591339934e-05, 2.16539660869e-07, 2.59560395399e-09, 1.14416157104e-10, 9.81354233986e-11], "dvar2": [0.0136675592512, 0.533677220345, 1.33287036419, 13.7223176956, 37.4892807007, 185.691818237, 455.527832031, 1333.49230957, 3556.4362793, 13801.9951172, 8563.00976563, 4776.86279297, 2310.06616211, 1395.84118652, 2331.62719727, 3250.10986328, 3191.50341797, 3310.54150391, 4760.69775391, 3320.96484375, 1026.74902344, 1494.96118164, 541.81817627, 400.895385742, 427.995758057, 43.8682556152, 12.3927669525, 8.34420204163, 7.78743267059, 7.71992492676, 1.36530482769, 0.557045519352, 0.169356137514, 0.0305121690035, 0.00107675464824, 2.87918501272e-05, 4.77859089187e-07, 5.70861580229e-09, 2.59429450145e-10, 1.651123821e-10], "max": [1.2817684412, 11.148141861, 18.9528579712, 50.6772537231, 116.920890808, 202.909988403, 319.240447998, 718.470031738, 1040.65844727, 2087.54296875, 1997.77050781, 1097.20031738, 1314.48425293, 795.926818848, 1755.35327148, 1150.22387695, 1827.93640137, 1307.26379395, 1462.74438477, 1270.59521484, 944.853820801, 709.315368652, 434.29119873, 346.931182861, 396.311065674, 165.383178711, 80.4809570313, 41.4574890137, 66.1831741333, 87.4451293945, 25.6450500488, 17.8600978851, 14.0107841492, 4.41959762573, 0.888396501541, 0.132118076086, 0.0144153786823, 0.00179700914305, 0.000555302889552, 0.000150460720761], "mean": [0.0510037653148, 0.506702125072, 0.808237791061, 2.78707718849, 4.71627235413, 10.4323253632, 17.7375812531, 21.8747138977, 19.5088996887, 43.9230461121, 33.7935447693, 20.5578289032, 19.8429698944, 9.13916492462, 13.0822076797, 15.0608778, 16.4014434814, 16.9871349335, 22.3912010193, 21.3522453308, 17.3490943909, 22.5991687775, 13.1859102249, 11.3327360153, 11.6123723984, 3.50081706047, 1.13660728931, 1.05307352543, 0.924725174904, 0.670152902603, 0.338281840086, 0.170739382505, 0.0944678932428, 0.0468550138175, 0.0110308742151, 0.00206841691397, 0.000381708523491, 6.53248062008e-05, 1.13667274491e-05, 2.07699285966e-05], "median": [0.00920756813139, 0.116017341614, 0.337992668152, 0.790523588657, 2.44984841347, 4.5337934494, 8.80079746246, 6.20019626617, 4.79536390305, 7.008228302, 5.00231361389, 2.79544949532, 2.60900402069, 1.79321169853, 1.55415415764, 1.5926990509, 1.97502267361, 1.73725295067, 2.2793867588, 2.16440248489, 2.48769307137, 3.61302495003, 2.20612502098, 2.09288668633, 2.14478397369, 0.944823026657, 0.338721632957, 0.29177621007, 0.258565962315, 0.154739961028, 0.0759646221995, 0.0376070849597, 0.0232366789132, 0.0135411890224, 0.00372548610903, 0.000823971116915, 0.000216349377297, 4.62717871414e-05, 7.76601791586e-06, 1.46440024764e-05], "min": [4.33379431131e-22, 4.46752251684e-21, 2.06310816271e-20, 1.92817658711e-20, 1.12542381358e-19, 2.34739485579e-19, 2.73562121955e-19, 3.53272011666e-19, 2.08372418545e-19, 1.21886572864e-18, 1.78425277631e-18, 1.91467599785e-18, 4.47574442717e-18, 3.33291189966e-18, 1.81436876805e-18, 2.77946065464e-18, 5.81039827757e-18, 1.11248968148e-17, 1.48649037918e-17, 8.23681803998e-18, 7.04909421383e-18, 6.63646840015e-18, 7.87844534831e-18, 1.52972264302e-17, 2.3169825266e-17, 3.24237330066e-17, 2.34481516898e-17, 1.81388118644e-17, 1.94069045589e-17, 1.4363460287e-17, 2.4076555838e-17, 1.84727281341e-17, 1.11537331582e-17, 1.12801114665e-17, 7.92310400241e-18, 4.37186212276e-18, 2.59516274621e-18, 1.17116418727e-18, 3.15319957036e-19, 3.44941262459e-20], "var": [0.0100376429036, 0.764420151711, 1.66144275665, 20.2234096527, 48.4082374573, 304.199615479, 607.882873535, 2114.54638672, 3173.16235352, 12662.8857422, 8577.62695313, 4188.45605469, 4440.80615234, 995.494445801, 3024.7878418, 3926.54052734, 3732.66821289, 2921.78808594, 5574.96875, 4777.21386719, 1967.81030273, 2419.125, 769.760986328, 611.996032715, 741.358825684, 51.495426178, 9.99455833435, 6.74675178528, 6.1595249176, 5.93711900711, 1.43936574459, 0.449700534344, 0.165050983429, 0.0224704295397, 0.000891258125193, 2.35485840676e-05, 4.06239507811e-07, 5.5092019835e-09, 1.85936654962e-10, 3.598495113e-10]}, "erbbands_crest": {"dmean": 2.98684000969, "dmean2": 4.7258477211, "dvar": 7.03931522369, "dvar2": 16.7890148163, "max": 28.8658275604, "mean": 10.6921014786, "median": 9.82378101349, "min": 2.82285666466, "var": 19.7026424408}, "erbbands_flatness_db": {"dmean": 0.0190612599254, "dmean2": 0.0279310829937, "dvar": 0.000325921282638, "dvar2": 0.000638133613393, "max": 0.345983535051, "mean": 0.206236794591, "median": 0.208584830165, "min": 0.0456219129264, "var": 0.00189346249681}, "erbbands_kurtosis": {"dmean": 1.10843873024, "dmean2": 1.75447392464, "dvar": 2.30406165123, "dvar2": 5.59507703781, "max": 32.0720100403, "mean": 0.551686823368, "median": -0.146314799786, "min": -1.86452376842, "var": 5.54543066025}, "erbbands_skewness": {"dmean": 0.415787577629, "dmean2": 0.632156074047, "dvar": 0.144990384579, "dvar2": 0.320703923702, "max": 5.06390810013, "mean": 0.641419410706, "median": 0.667150855064, "min": -3.61881804466, "var": 0.771638035774}, "erbbands_spread": {"dmean": 7.29934358597, "dmean2": 11.1907958984, "dvar": 58.1665000916, "dvar2": 133.016479492, "max": 104.676239014, "mean": 33.7474021912, "median": 32.1922683716, "min": 3.81266522408, "var": 201.402999878}, "gfcc": {"cov": [[3758.71044922, -175.741638184, -1155.34423828, 30.474199295, -203.009780884, -201.417037964, -218.056869507, 157.666656494, 210.102249146, -54.5001411438, 147.583557129, -139.111724854, -136.163269043], [-175.741638184, 745.373779297, 245.276870728, -164.924194336, 254.534729004, -88.9239425659, 93.2643814087, -31.6722412109, 44.7934265137, -66.4013748169, 48.1702079773, 13.9967222214, -4.29378843307], [-1155.34423828, 245.276870728, 807.768920898, 184.574691772, 142.795059204, 135.65953064, 109.184005737, -49.1290931702, -52.8710479736, 54.9403800964, -28.4327545166, 69.5709228516, 94.1086349487], [30.474199295, -164.924194336, 184.574691772, 476.248657227, 88.8342666626, 8.46424865723, -83.4272842407, -27.4157485962, 37.1398429871, 68.881149292, -38.8519172668, -5.22699546814, 110.363838196], [-203.009780884, 254.534729004, 142.795059204, 88.8342666626, 359.440063477, -41.3270530701, -39.7630729675, 2.76575303078, 94.5817947388, 31.8106594086, -1.5818413496, 2.02065873146, 49.4010009766], [-201.417037964, -88.9239425659, 135.65953064, 8.46424865723, -41.3270530701, 296.495574951, 178.904891968, 41.0324935913, -36.0769958496, 50.5444869995, 3.35418009758, 24.2186336517, -12.9148511887], [-218.056869507, 93.2643814087, 109.184005737, -83.4272842407, -39.7630729675, 178.904891968, 382.958496094, 97.5502548218, -57.1812896729, 9.14985466003, 27.5279445648, 49.8621902466, -39.7519493103], [157.666656494, -31.6722412109, -49.1290931702, -27.4157485962, 2.76575303078, 41.0324935913, 97.5502548218, 170.69039917, 66.3814544678, 22.3842811584, 26.6659412384, 2.33225798607, -23.5275211334], [210.102249146, 44.7934265137, -52.8710479736, 37.1398429871, 94.5817947388, -36.0769958496, -57.1812896729, 66.3814544678, 188.390045166, 52.1338920593, 10.7772607803, -19.4382705688, -6.73758840561], [-54.5001411438, -66.4013748169, 54.9403800964, 68.881149292, 31.8106594086, 50.5444869995, 9.14985466003, 22.3842811584, 52.1338920593, 120.65864563, 14.030962944, -13.1072731018, 2.23809170723], [147.583557129, 48.1702079773, -28.4327545166, -38.8519172668, -1.5818413496, 3.35418009758, 27.5279445648, 26.6659412384, 10.7772607803, 14.030962944, 106.206565857, 22.7904586792, -28.6742153168], [-139.111724854, 13.9967222214, 69.5709228516, -5.22699546814, 2.02065873146, 24.2186336517, 49.8621902466, 2.33225798607, -19.4382705688, -13.1072731018, 22.7904586792, 97.4431533813, 28.6128463745], [-136.163269043, -4.29378843307, 94.1086349487, 110.363838196, 49.4010009766, -12.9148511887, -39.7519493103, -23.5275211334, -6.73758840561, 2.23809170723, -28.6742153168, 28.6128463745, 119.16242218]], "icov": [[0.000782444083598, -0.000904457934666, 0.0014001497766, -0.00109637260903, 0.000780753151048, -0.000482949573779, 0.000579808256589, -0.000746509351302, -5.20211797266e-05, 2.47695825237e-05, -0.000571879209019, 5.60297557968e-05, 0.00028667418519], [-0.000904457934666, 0.00569320935756, -0.00347806164064, 0.00346076814458, -0.0035984062124, 0.00246122782119, -0.00335559481755, 0.00352101842873, -0.00262465886772, 0.00354229682125, -0.00223028683104, 0.00251410389319, -0.00130775396246], [0.0014001497766, -0.00347806164064, 0.00515890447423, -0.00328446854837, 0.00168563588522, -0.00215105526149, 0.00161391869187, -0.00176083168481, 0.00157106295228, -0.0020458586514, 0.000546123308595, -0.00185340282042, 0.000404779828386], [-0.00109637260903, 0.00346076814458, -0.00328446854837, 0.00578850042075, -0.00240648956969, 0.00139729818329, -0.00156335369684, 0.00231916317716, -0.00146906322334, 0.000267134484602, -0.000266485556494, 0.0018453450175, -0.00340510928072], [0.000780753151048, -0.0035984062124, 0.00168563588522, -0.00240648956969, 0.00625417847186, -0.000963252678048, 0.00181546597742, -0.00176653289236, -0.000845561851747, -0.00187774689402, 0.000634041265585, -0.000924814201426, -0.000418197305407], [-0.000482949573779, 0.00246122782119, -0.00215105526149, 0.00139729818329, -0.000963252678048, 0.00665188627318, -0.00358828878962, 0.00124238664284, -0.000372836831957, -0.000937009695917, -9.35032148845e-05, 0.000578404171392, -5.48292155145e-05], [0.000579808256589, -0.00335559481755, 0.00161391869187, -0.00156335369684, 0.00181546597742, -0.00358828878962, 0.0073394998908, -0.00530255585909, 0.00366329820827, -0.00211778236553, 0.00138642254751, -0.0032663422171, 0.00233970838599], [-0.000746509351302, 0.00352101842873, -0.00176083168481, 0.00231916317716, -0.00176653289236, 0.00124238664284, -0.00530255585909, 0.012008657679, -0.00601704977453, 0.00233462569304, -0.00243443087675, 0.00208282168023, -0.00148433155846], [-5.20211797266e-05, -0.00262465886772, 0.00157106295228, -0.00146906322334, -0.000845561851747, -0.000372836831957, 0.00366329820827, -0.00601704977453, 0.0116015449166, -0.00568152684718, 0.00231766863726, -0.00213964888826, 0.00214415090159], [2.47695825237e-05, 0.00354229682125, -0.0020458586514, 0.000267134484602, -0.00187774689402, -0.000937009695917, -0.00211778236553, 0.00233462569304, -0.00568152684718, 0.0151694016531, -0.00478387530893, 0.00459272880107, -0.000904466665816], [-0.000571879209019, -0.00223028683104, 0.000546123308595, -0.000266485556494, 0.000634041265585, -9.35032148845e-05, 0.00138642254751, -0.00243443087675, 0.00231766863726, -0.00478387530893, 0.0143396668136, -0.00623917486519, 0.00396012980491], [5.60297557968e-05, 0.00251410389319, -0.00185340282042, 0.0018453450175, -0.000924814201426, 0.000578404171392, -0.0032663422171, 0.00208282168023, -0.00213964888826, 0.00459272880107, -0.00623917486519, 0.0162962432951, -0.00594463758171], [0.00028667418519, -0.00130775396246, 0.000404779828386, -0.00340510928072, -0.000418197305407, -5.48292155145e-05, 0.00233970838599, -0.00148433155846, 0.00214415090159, -0.000904466665816, 0.00396012980491, -0.00594463758171, 0.0146798025817]], "mean": [-76.7916946411, 135.437072754, -127.823745728, 36.505607605, -56.1451911926, -7.96297550201, -41.1839065552, 1.77981197834, -15.558681488, -5.41194009781, -6.57474470139, -4.86765098572, -6.24208879471]}, "hfc": {"dmean": 4.01997947693, "dmean2": 5.18504476547, "dvar": 47.5694274902, "dvar2": 75.9552459717, "max": 108.307678223, "mean": 11.3063344955, "median": 4.91771316528, "min": 1.11808137279e-16, "var": 207.853973389}, "melbands": {"dmean": [0.000306867616018, 0.000254412385402, 0.000259833963355, 0.000248485303018, 0.000317555415677, 0.000256211234955, 0.00020443329413, 0.000303796434309, 0.00015838984109, 8.04402516223e-05, 5.23745075043e-05, 2.39106448134e-05, 2.80768163066e-05, 2.38482589339e-05, 3.13536475005e-05, 2.3201595468e-05, 2.21651953325e-05, 2.61275563389e-05, 1.90817336261e-05, 1.34623933263e-05, 1.026631071e-05, 1.34119827635e-05, 1.02652547866e-05, 4.32997921962e-06, 5.15928059031e-06, 5.70483734919e-06, 3.10380050905e-06, 1.00918941826e-06, 5.06451840465e-07, 4.2813167056e-07, 4.13835493873e-07, 3.68419335928e-07, 3.34769396204e-07, 2.33763756796e-07, 1.44601855823e-07, 9.98300677679e-08, 7.04279301544e-08, 5.17707796632e-08, 4.18697219118e-08, 2.45473454896e-08], "dmean2": [0.000466160941869, 0.00036093860399, 0.00039009534521, 0.0003741409746, 0.000482708943309, 0.000375803530915, 0.000298468745314, 0.000443589146016, 0.000225013704039, 0.000116604693176, 7.31249019736e-05, 3.58322722604e-05, 4.11501532653e-05, 3.44414911524e-05, 4.53097636637e-05, 3.46977067238e-05, 3.27056513925e-05, 3.67359825759e-05, 2.72901106655e-05, 1.87367695617e-05, 1.43226970977e-05, 1.8952650862e-05, 1.46816228153e-05, 6.24829544904e-06, 7.29466319171e-06, 7.94163224782e-06, 4.42631699116e-06, 1.4926087033e-06, 7.82149868428e-07, 6.5635407509e-07, 6.27729207281e-07, 5.63974367651e-07, 5.07048298459e-07, 3.50418247308e-07, 2.16633466721e-07, 1.51534806037e-07, 1.10738646697e-07, 8.05453979069e-08, 6.5357113499e-08, 3.94372534629e-08], "dvar": [4.66379134423e-07, 2.08425305459e-07, 1.886681531e-07, 1.5743724191e-07, 2.29045824085e-07, 3.06699007524e-07, 3.86939859709e-07, 7.2881749702e-07, 2.45758428719e-07, 9.44095361888e-08, 3.3836528246e-08, 1.06564126412e-08, 2.09589874345e-08, 1.07285726969e-08, 1.98334166868e-08, 7.86477194481e-09, 6.23933837929e-09, 8.72438477018e-09, 4.44071801553e-09, 2.19495244203e-09, 9.02806052139e-10, 1.16272103057e-09, 7.14374281952e-10, 1.27115373783e-10, 1.77997061535e-10, 2.05522668328e-10, 6.06186212337e-11, 7.7789077263e-12, 2.56429317884e-12, 1.9520574393e-12, 1.2504273875e-12, 1.13461139355e-12, 2.09473866204e-12, 1.01917541247e-12, 3.1872771024e-13, 1.28038408326e-13, 1.01370734723e-13, 5.6220449845e-14, 2.13998876128e-14, 8.74523994481e-15], "dvar2": [9.95734012577e-07, 4.07778571798e-07, 3.96563507365e-07, 3.06858737531e-07, 5.19752802575e-07, 5.74319017232e-07, 7.69537393808e-07, 1.51124618242e-06, 4.7969285788e-07, 1.91408432215e-07, 5.98831988441e-08, 2.38238477834e-08, 4.12524627791e-08, 2.2189713178e-08, 3.88415557495e-08, 1.69476273015e-08, 1.29559296624e-08, 1.66158713455e-08, 8.8000220444e-09, 4.15409484589e-09, 1.583137621e-09, 2.20810192353e-09, 1.43663470009e-09, 2.74330363981e-10, 3.37014638419e-10, 3.84032194933e-10, 1.16372182724e-10, 1.55432142851e-11, 5.66920685743e-12, 4.48889016236e-12, 2.79908301398e-12, 2.43367652419e-12, 4.39371672725e-12, 2.14336534632e-12, 6.2162021407e-13, 2.44822798102e-13, 2.33518282836e-13, 1.17068044169e-13, 4.1060945334e-14, 2.23990527596e-14], "max": [0.0132324462757, 0.00833934638649, 0.00763761391863, 0.0090661495924, 0.0105225285515, 0.0138686941937, 0.0146858822554, 0.0210248660296, 0.0132441651076, 0.00717618362978, 0.00696372706443, 0.0027957232669, 0.00799805298448, 0.003173265839, 0.00439300667495, 0.0030456664972, 0.00266877422109, 0.0028547947295, 0.00170123705175, 0.00140472571366, 0.00125051371288, 0.000865240988787, 0.000740259012673, 0.000331257324433, 0.000343689636793, 0.000465691380668, 0.000173041204107, 0.000115912960609, 6.57988348394e-05, 3.32621420966e-05, 2.44648617809e-05, 3.4172229789e-05, 5.94549201196e-05, 4.2910076445e-05, 1.63938620972e-05, 1.38062714541e-05, 1.15052098408e-05, 1.2191046153e-05, 6.14408963884e-06, 4.08566120313e-06], "mean": [0.000554543104954, 0.000532853940967, 0.000531920522917, 0.000503242947161, 0.000640823564027, 0.000492758699693, 0.000306243397063, 0.000485488999402, 0.000251651043072, 0.00012666764087, 9.92611458059e-05, 3.71947280655e-05, 4.60108094558e-05, 3.37286837748e-05, 4.63143078377e-05, 3.2921332604e-05, 3.01934251183e-05, 3.7520458136e-05, 2.96006346616e-05, 2.39908331423e-05, 1.88659469131e-05, 2.40176341322e-05, 1.81207087735e-05, 7.75999433245e-06, 9.07891444513e-06, 1.054731365e-05, 5.34676382813e-06, 1.54781344008e-06, 6.79367133216e-07, 6.00136218054e-07, 5.9631190652e-07, 5.42807015336e-07, 4.60232229216e-07, 3.27554317892e-07, 2.02035934649e-07, 1.37963027669e-07, 9.05861909928e-08, 6.69592381541e-08, 5.57942172463e-08, 3.39733574606e-08], "median": [0.000107918152935, 0.000212249433389, 0.000197879664483, 0.000269794807537, 0.000351438036887, 0.000142933204188, 6.52188391541e-05, 6.82997342665e-05, 3.30308394041e-05, 1.31386750581e-05, 1.28048623083e-05, 7.60705552239e-06, 4.6369282245e-06, 4.09584345107e-06, 4.0151489884e-06, 3.6546678075e-06, 2.80944732367e-06, 3.3585233723e-06, 2.87523653242e-06, 2.45363935392e-06, 2.70593636742e-06, 3.38524500876e-06, 2.3607226467e-06, 1.50641926666e-06, 1.54708197897e-06, 1.7321838186e-06, 9.70612973106e-07, 4.3279754891e-07, 1.82879404065e-07, 1.44137530356e-07, 1.59883455808e-07, 1.42057103858e-07, 1.08273418675e-07, 6.98735505011e-08, 4.2296360192e-08, 2.94914066501e-08, 1.80465455912e-08, 1.46901442122e-08, 1.40853506636e-08, 9.69620028712e-09], "min": [4.45045227682e-24, 9.24026541532e-24, 5.00787914182e-24, 1.35543705789e-23, 1.02763750498e-23, 7.69509595013e-24, 3.50543241111e-24, 1.41114262848e-23, 1.53794996796e-23, 1.23651461982e-23, 2.24941714972e-23, 1.36417811003e-23, 6.32348732258e-24, 4.7678784666e-24, 1.07719485145e-23, 1.6349645554e-23, 2.1029472944e-23, 2.71532928662e-23, 1.06115052504e-23, 1.20838100004e-23, 7.40300600048e-24, 6.30636115232e-24, 8.58104591126e-24, 6.77341137886e-24, 1.28337950513e-23, 1.47172525273e-23, 2.14618854715e-23, 2.00497786972e-23, 1.63019841558e-23, 9.80177345221e-24, 1.10850805399e-23, 1.18525925025e-23, 8.56556136056e-24, 7.50615666358e-24, 1.32810965395e-23, 1.4933198467e-23, 1.01484864975e-23, 7.43983949387e-24, 7.74941533434e-24, 1.03176577187e-23], "var": [1.00341185316e-06, 6.01118529175e-07, 5.55913402422e-07, 5.12756628268e-07, 6.8998349434e-07, 9.53724224928e-07, 6.58703186218e-07, 1.42054136631e-06, 5.13200575369e-07, 1.80162359698e-07, 1.15881881868e-07, 1.74323524504e-08, 5.12555757837e-08, 1.82740045318e-08, 4.73097010456e-08, 1.43745078063e-08, 1.05911217574e-08, 1.88622575337e-08, 9.04564156912e-09, 5.91632653979e-09, 2.59104404599e-09, 3.22671889208e-09, 1.84863557795e-09, 3.12216780207e-10, 4.57783588814e-10, 7.00815405708e-10, 1.52130072428e-10, 1.46301026849e-11, 4.40624273179e-12, 3.14632955106e-12, 2.12054549267e-12, 1.87831260962e-12, 2.91539340412e-12, 1.54891073925e-12, 5.62257814092e-13, 2.45057744713e-13, 1.55082096795e-13, 9.88359852403e-14, 4.18353841695e-14, 1.13357064078e-14]}, "melbands_crest": {"dmean": 3.28052806854, "dmean2": 5.26022577286, "dvar": 8.36773586273, "dvar2": 20.4325237274, "max": 35.756439209, "mean": 14.5490875244, "median": 13.802113533, "min": 2.32118010521, "var": 23.657087326}, "melbands_flatness_db": {"dmean": 0.0278931800276, "dmean2": 0.0405177883804, "dvar": 0.000774369516876, "dvar2": 0.00151713902596, "max": 0.566689431667, "mean": 0.259336739779, "median": 0.256531715393, "min": 0.00741099799052, "var": 0.00442278990522}, "melbands_kurtosis": {"dmean": 6.59242153168, "dmean2": 10.3433876038, "dvar": 103.65776062, "dvar2": 240.772674561, "max": 204.264602661, "mean": 14.6104402542, "median": 9.86798381805, "min": -1.70851242542, "var": 261.358306885}, "melbands_skewness": {"dmean": 0.668341338634, "dmean2": 1.02069354057, "dvar": 0.501950204372, "dvar2": 1.12290680408, "max": 11.1702632904, "mean": 2.68868660927, "median": 2.53994989395, "min": -0.555469334126, "var": 1.9973461628}, "melbands_spread": {"dmean": 5.00164842606, "dmean2": 7.50595426559, "dvar": 67.7414321899, "dvar2": 138.86416626, "max": 178.037063599, "mean": 15.6210174561, "median": 11.7036790848, "min": 0.476409107447, "var": 205.355026245}, "mfcc": {"cov": [[4042.99853516, -535.431396484, -941.824157715, -116.0102005, -92.3846435547, -377.702026367, -348.080108643, 34.552116394, -203.241287231, 132.160949707, 270.266662598, -104.607666016, 48.8681221008], [-535.431396484, 1057.36767578, -7.37910509109, -41.3128700256, 86.9284744263, -27.869600296, 66.685508728, 89.0385055542, -12.9164628983, -47.8338623047, 37.465423584, 10.5319776535, 47.8912963867], [-941.824157715, -7.37910509109, 627.659729004, 107.369064331, -15.0189218521, 186.041641235, 160.940811157, -6.6007361412, 78.979095459, -31.6497955322, -93.0268249512, 73.1583938599, -0.657710492611], [-116.0102005, -41.3128700256, 107.369064331, 411.590301514, 205.197601318, 32.7994728088, -56.5816383362, -81.3239212036, 80.3201599121, 12.0479393005, -100.846870422, -23.3499336243, 40.9474525452], [-92.3846435547, 86.9284744263, -15.0189218521, 205.197601318, 427.610321045, 13.0038671494, -160.993621826, -107.551559448, 50.7128944397, 39.5290565491, -41.7912216187, -42.3240432739, 43.2461891174], [-377.702026367, -27.869600296, 186.041641235, 32.7994728088, 13.0038671494, 244.429763794, 112.238800049, -1.47815549374, 56.909160614, 15.6713781357, -30.8556461334, 49.0745773315, -25.7254772186], [-348.080108643, 66.685508728, 160.940811157, -56.5816383362, -160.993621826, 112.238800049, 306.079345703, 107.450698853, 25.5073356628, -2.09466147423, 3.15838646889, 73.519241333, -17.1153259277], [34.552116394, 89.0385055542, -6.6007361412, -81.3239212036, -107.551559448, -1.47815549374, 107.450698853, 205.401916504, 23.5462436676, 1.00661075115, 70.1022644043, 24.6629638672, 17.6515579224], [-203.241287231, -12.9164628983, 78.979095459, 80.3201599121, 50.7128944397, 56.909160614, 25.5073356628, 23.5462436676, 165.139556885, 53.0428085327, -27.5428848267, 20.6752262115, -1.61439669132], [132.160949707, -47.8338623047, -31.6497955322, 12.0479393005, 39.5290565491, 15.6713781357, -2.09466147423, 1.00661075115, 53.0428085327, 166.145080566, 61.6960678101, 7.31933736801, 4.79105329514], [270.266662598, 37.465423584, -93.0268249512, -100.846870422, -41.7912216187, -30.8556461334, 3.15838646889, 70.1022644043, -27.5428848267, 61.6960678101, 216.985992432, 33.4948921204, 14.1489925385], [-104.607666016, 10.5319776535, 73.1583938599, -23.3499336243, -42.3240432739, 49.0745773315, 73.519241333, 24.6629638672, 20.6752262115, 7.31933736801, 33.4948921204, 107.255142212, 8.8307762146], [48.8681221008, 47.8912963867, -0.657710492611, 40.9474525452, 43.2461891174, -25.7254772186, -17.1153259277, 17.6515579224, -1.61439669132, 4.79105329514, 14.1489925385, 8.8307762146, 106.309783936]], "icov": [[0.000498890061863, 0.000248617638135, 0.000589505478274, -0.000218423912884, 0.000180647242814, 0.000138463889016, 0.000274645281024, -0.000253931939369, 0.000413694942836, -0.00028944411315, -0.000222411312279, -8.75346086104e-05, -0.000150951571413], [0.000248617638135, 0.00125486496836, 0.000291556294542, 0.000149749481352, -0.00061539397575, 0.000360335747246, -0.000424029771239, -0.000519479857758, 0.00023262880859, 0.000355998112354, -0.000273652229225, 1.02857654838e-06, -0.000356114382157], [0.000589505478274, 0.000291556294542, 0.00321384333074, -0.000719955191016, 0.000386609288398, -0.00105547299609, -0.000480454269564, 0.000122694968013, -7.796909631e-05, 0.000272546487395, 0.000239533139393, -0.000896042387467, -0.000586453999858], [-0.000218423912884, 0.000149749481352, -0.000719955191016, 0.00419161841273, -0.00160777231213, 0.000173292108229, -0.000444491684902, 0.000860145722982, -0.00157184235286, 0.000254978978774, 0.00104559620377, 0.000637765973806, -0.00133191060741], [0.000180647242814, -0.00061539397575, 0.000386609288398, -0.00160777231213, 0.00476350123063, -0.00122308800928, 0.00223634997383, 0.00110365427099, -0.00062396551948, -0.000845403410494, -0.000199313421035, 0.000617616868112, -0.00123724713922], [0.000138463889016, 0.000360335747246, -0.00105547299609, 0.000173292108229, -0.00122308800928, 0.00685395626351, -0.00218776776455, 0.000484801072162, -0.000762486306485, -0.000396574439947, 0.000135130161652, -0.00136699189898, 0.00152599834837], [0.000274645281024, -0.000424029771239, -0.000480454269564, -0.000444491684902, 0.00223634997383, -0.00218776776455, 0.00740797445178, -0.0030305266846, 0.00102117902134, -0.00127293227706, 0.00114282069262, -0.00247466168366, 0.000616028555669], [-0.000253931939369, -0.000519479857758, 0.000122694968013, 0.000860145722982, 0.00110365427099, 0.000484801072162, -0.0030305266846, 0.00894422177225, -0.00338111561723, 0.00169693829957, -0.00273894844577, 0.00171284878161, -0.00218999921344], [0.000413694942836, 0.00023262880859, -7.796909631e-05, -0.00157184235286, -0.00062396551948, -0.000762486306485, 0.00102117902134, -0.00338111561723, 0.0100480420515, -0.00385852763429, 0.0021525437478, -0.00218327227049, 0.0013264484005], [-0.00028944411315, 0.000355998112354, 0.000272546487395, 0.000254978978774, -0.000845403410494, -0.000396574439947, -0.00127293227706, 0.00169693829957, -0.00385852763429, 0.00906463433057, -0.00342338974588, 0.00111526576802, -0.000466725032311], [-0.000222411312279, -0.000273652229225, 0.000239533139393, 0.00104559620377, -0.000199313421035, 0.000135130161652, 0.00114282069262, -0.00273894844577, 0.0021525437478, -0.00342338974588, 0.00810352247208, -0.00312728667632, -5.49703872821e-05], [-8.75346086104e-05, 1.02857654838e-06, -0.000896042387467, 0.000637765973806, 0.000617616868112, -0.00136699189898, -0.00247466168366, 0.00171284878161, -0.00218327227049, 0.00111526576802, -0.00312728667632, 0.0136687345803, -0.00227887369692], [-0.000150951571413, -0.000356114382157, -0.000586453999858, -0.00133191060741, -0.00123724713922, 0.00152599834837, 0.000616028555669, -0.00218999921344, 0.0013264484005, -0.000466725032311, -5.49703872821e-05, -0.00227887369692, 0.011718839407]], "mean": [-714.243896484, 156.295806885, -9.19815826416, 36.3148078918, 4.4722661972, -4.98880195618, -10.4166097641, 0.106250107288, -8.15301036835, -1.96984887123, 1.20940256119, -5.16515398026, 0.631523430347]}, "pitch_salience": {"dmean": 0.070537596941, "dmean2": 0.112490363419, "dvar": 0.00387430726551, "dvar2": 0.00918486248702, "max": 0.865535259247, "mean": 0.559543132782, "median": 0.567095398903, "min": 0.0784050151706, "var": 0.0135099077597}, "silence_rate_20dB": {"dmean": 0, "dmean2": 0, "dvar": 0, "dvar2": 0, "max": 1, "mean": 1, "median": 1, "min": 1, "var": 0}, "silence_rate_30dB": {"dmean": 0.000197355431737, "dmean2": 0.000394749833504, "dvar": 0.000197279718122, "dvar2": 0.00059182185214, "max": 1, "mean": 0.999901354313, "median": 1, "min": 0, "var": 9.86490631476e-05}, "silence_rate_60dB": {"dmean": 0.0558515898883, "dmean2": 0.111714199185, "dvar": 0.0527277141809, "dvar2": 0.115997903049, "max": 1, "mean": 0.102516032755, "median": 0, "min": 0, "var": 0.0920008271933}, "spectral_centroid": {"dmean": 219.703964233, "dmean2": 321.355926514, "dvar": 88695.4140625, "dvar2": 167534.171875, "max": 10756.4736328, "mean": 971.280822754, "median": 817.94720459, "min": 158.904434204, "var": 349806.40625}, "spectral_complexity": {"dmean": 2.23051118851, "dmean2": 3.37333464622, "dvar": 6.00618124008, "dvar2": 11.1135473251, "max": 42, "mean": 10.5231380463, "median": 9, "min": 0, "var": 31.2900657654}, "spectral_contrast_coeffs": {"dmean": [0.0540991313756, 0.0526611618698, 0.0388133376837, 0.034805636853, 0.0301793944091, 0.0206531770527], "dmean2": [0.085833504796, 0.0821873247623, 0.0613174177706, 0.0525841340423, 0.0436801761389, 0.0310065727681], "dvar": [0.00202292273752, 0.00204753619619, 0.00108223699499, 0.000965185114183, 0.000773563806433, 0.00033905293094], "dvar2": [0.00475867278874, 0.00454271864146, 0.0023548391182, 0.00185032223817, 0.00136402377393, 0.000720455602277], "max": [-0.291300237179, -0.326886594296, -0.419437289238, -0.461132466793, -0.521235227585, -0.610242843628], "mean": [-0.597912192345, -0.672699034214, -0.764269471169, -0.762605845928, -0.754796743393, -0.765793979168], "median": [-0.601568341255, -0.681040585041, -0.781187534332, -0.780286073685, -0.767764687538, -0.769028484821], "min": [-0.95852959156, -0.944088637829, -0.96756953001, -0.958701014519, -0.961260914803, -0.961506962776], "var": [0.00924748927355, 0.00869046337903, 0.00601089466363, 0.00597499869764, 0.00569691834971, 0.00141873967368]}, "spectral_contrast_valleys": {"dmean": [0.433369547129, 0.346300840378, 0.308131098747, 0.299360483885, 0.328652977943, 0.354723453522], "dmean2": [0.694994270802, 0.57216578722, 0.496016949415, 0.462513208389, 0.468055725098, 0.502245306969], "dvar": [0.151289433241, 0.0922558903694, 0.0760910436511, 0.080881819129, 0.103320628405, 0.128063485026], "dvar2": [0.331258028746, 0.217733517289, 0.163752600551, 0.161499977112, 0.183917477727, 0.250797718763], "max": [-5.67712497711, -5.04188966751, -4.9387049675, -5.90454053879, -6.00997543335, -8.41770076752], "mean": [-7.85270404816, -7.12914848328, -8.10627269745, -8.40275382996, -8.42223358154, -11.4480714798], "median": [-7.83076095581, -7.11753702164, -8.13754272461, -8.41397190094, -8.40910816193, -11.4916906357], "min": [-27.3323554993, -27.4527568817, -27.2058753967, -27.2424964905, -27.2106227875, -27.16938591], "var": [0.654165327549, 0.430276811123, 0.426929891109, 0.469185441732, 0.515395700932, 0.548465907574]}, "spectral_decrease": {"dmean": 1.51163814799e-09, "dmean2": 2.03454164627e-09, "dvar": 4.50121579977e-18, "dvar2": 7.66865497418e-18, "max": 3.19334332791e-17, "mean": -4.44494574481e-09, "median": -3.2814548856e-09, "min": -3.28231557489e-08, "var": 1.57021511924e-17}, "spectral_energy": {"dmean": 0.00602632807568, "dmean2": 0.00808065291494, "dvar": 7.28013474145e-05, "dvar2": 0.000123107674881, "max": 0.13123460114, "mean": 0.0178017560393, "median": 0.0129161532968, "min": 1.06652063759e-20, "var": 0.000258735817624}, "spectral_energyband_high": {"dmean": 5.53144527657e-05, "dmean2": 8.05677773315e-05, "dvar": 2.43695641444e-08, "dvar2": 4.52775736903e-08, "max": 0.00458264397457, "mean": 9.31337781367e-05, "median": 3.19569044223e-05, "min": 7.19936242239e-21, "var": 5.17547036338e-08}, "spectral_energyband_low": {"dmean": 0.00160257145762, "dmean2": 0.00232216133736, "dvar": 7.53894346417e-06, "dvar2": 1.5110133063e-05, "max": 0.054490879178, "mean": 0.00352522591129, "median": 0.00164826726541, "min": 4.06123580036e-23, "var": 2.19331286644e-05}, "spectral_energyband_middle_high": {"dmean": 0.00136369105894, "dmean2": 0.0017920830287, "dvar": 7.58076566854e-06, "dvar2": 1.26710765471e-05, "max": 0.0574359335005, "mean": 0.00338189746253, "median": 0.000830751552712, "min": 2.04932219614e-21, "var": 3.34043397743e-05}, "spectral_energyband_middle_low": {"dmean": 0.00442783813924, "dmean2": 0.00622865790501, "dvar": 4.29730607721e-05, "dvar2": 7.92596038082e-05, "max": 0.102433264256, "mean": 0.0113867875189, "median": 0.00803481973708, "min": 3.80488793926e-22, "var": 0.000126640545204}, "spectral_entropy": {"dmean": 0.211140856147, "dmean2": 0.310901403427, "dvar": 0.0390185043216, "dvar2": 0.0787034481764, "max": 9.80686759949, "mean": 7.02735710144, "median": 6.99485015869, "min": 5.48116207123, "var": 0.191096484661}, "spectral_flux": {"dmean": 0.0229995660484, "dmean2": 0.0367764569819, "dvar": 0.000652403919958, "dvar2": 0.00151866406668, "max": 0.309896558523, "mean": 0.0644123032689, "median": 0.0528924949467, "min": 1.03272487784e-10, "var": 0.00166794389952}, "spectral_kurtosis": {"dmean": 3.29257678986, "dmean2": 5.63115406036, "dvar": 10.1296443939, "dvar2": 27.9306716919, "max": 43.0494003296, "mean": 7.14479160309, "median": 6.14659929276, "min": -1.19082713127, "var": 21.1110153198}, "spectral_rms": {"dmean": 0.000686488405336, "dmean2": 0.000912720744964, "dvar": 6.15887756794e-07, "dvar2": 9.32043121793e-07, "max": 0.0113152004778, "mean": 0.00377365667373, "median": 0.003549806308, "min": 3.225690548e-12, "var": 3.12701786243e-06}, "spectral_rolloff": {"dmean": 307.204223633, "dmean2": 510.914978027, "dvar": 386775.5625, "dvar2": 797062.5, "max": 19401.4160156, "mean": 970.044921875, "median": 581.396484375, "min": 21.533203125, "var": 1047175.25}, "spectral_skewness": {"dmean": 0.368242412806, "dmean2": 0.593935251236, "dvar": 0.109674021602, "dvar2": 0.267549097538, "max": 5.22178983688, "mean": 1.7680375576, "median": 1.71325302124, "min": -0.0422610975802, "var": 0.384841561317}, "spectral_spread": {"dmean": 419150.25, "dmean2": 640255.5625, 