{"lowlevel": {"average_loudness": 0.942439973354, "barkbands": {"dmean": [1.64287284861e-05, 0.00236738123931, 0.00461777066812, 0.00415558973327, 0.00276894937269, 0.00104545790236, 0.000370748603018, 0.000623119645752, 0.00042349161231, 0.000179461116204, 0.000276574661257, 0.000206582044484, 0.000157668502652, 0.000175024251803, 0.00017915276112, 0.000213004954276, 0.000226161413593, 0.000185616663657, 0.000134077781695, 9.73276328295e-05, 6.80962111801e-05, 7.90002086433e-05, 5.27517477167e-05, 3.03617453028e-05, 2.84644611384e-05, 5.11756115884e-05, 1.45932535816e-05], "dmean2": [2.24063642236e-05, 0.00390542251989, 0.0075490004383, 0.00701085850596, 0.00448796339333, 0.0015943859471, 0.000608007365372, 0.000991853768937, 0.000662775768433, 0.000279405241599, 0.000441907381173, 0.00033309153514, 0.000246720854193, 0.000278284074739, 0.000277979270322, 0.000344031781424, 0.000367354601622, 0.00030010874616, 0.000211852515349, 0.00015128243831, 9.88315223367e-05, 0.00011859350343, 7.41973854019e-05, 4.07321203966e-05, 3.69644621969e-05, 7.16100985301e-05, 2.12852992263e-05], "dvar": [8.11289979641e-10, 4.38070273958e-05, 9.99936964945e-05, 8.19218985271e-05, 2.59383250523e-05, 4.23486244472e-06, 1.50524522269e-06, 4.41000702267e-06, 2.40914710048e-06, 5.80999369504e-07, 1.12425266252e-06, 5.92830303958e-07, 3.14219789743e-07, 3.72914598756e-07, 3.07237513653e-07, 2.78687451782e-07, 4.80321943996e-07, 3.00517768892e-07, 1.6861702079e-07, 4.59378455275e-08, 2.44541151773e-08, 4.70147121234e-08, 2.28708536554e-08, 6.57928023173e-09, 5.87951154429e-09, 1.91631048807e-08, 1.98478100621e-09], "dvar2": [1.34342137414e-09, 0.00011111394997, 0.000247740914347, 0.000218663248233, 6.69983346597e-05, 1.04417731563e-05, 3.99204554924e-06, 1.1780263776e-05, 5.77238779442e-06, 1.40288659622e-06, 2.88219348477e-06, 1.51979133989e-06, 6.95092921887e-07, 8.99389590359e-07, 7.26797566131e-07, 6.87109888986e-07, 1.24114922073e-06, 7.66926973483e-07, 4.21393451688e-07, 1.09937552395e-07, 5.32975157341e-08, 1.1002858713e-07, 4.77298129908e-08, 1.32848496648e-08, 1.14404201668e-08, 3.78392357447e-08, 4.17907708439e-09], "max": [0.000370957597625, 0.0687400475144, 0.113542944193, 0.118967980146, 0.101563945413, 0.063035607338, 0.041715156287, 0.0471883267164, 0.0331983081996, 0.0195352770388, 0.0309454444796, 0.0201014950871, 0.0112150972709, 0.0182664617896, 0.0126698007807, 0.00979328155518, 0.0120507087559, 0.0120410127565, 0.00738431047648, 0.00519847404212, 0.00276736868545, 0.0042709140107, 0.00228409748524, 0.0016631889157, 0.0029155863449, 0.00175768649206, 0.000808860117104], "mean": [3.55527590727e-05, 0.00215558288619, 0.00537689449266, 0.00505397003144, 0.00532985758036, 0.00257150852121, 0.000501038914081, 0.000941930396948, 0.00063511839835, 0.00023246188357, 0.000389923749026, 0.000277244893368, 0.000210043624975, 0.000236974257859, 0.000247001909884, 0.000311299692839, 0.000286728172796, 0.000236631094594, 0.000166017620359, 0.000154613109771, 0.000102127916762, 0.000109453983896, 7.66926532378e-05, 4.76373861602e-05, 4.3376643589e-05, 5.63721660001e-05, 1.4294493667e-05], "median": [2.17155102291e-05, 0.000321088446071, 0.00254505570047, 0.00228823930956, 0.003310397733, 0.00104582041968, 0.00011026316497, 0.000127206862089, 8.57274935697e-05, 3.04390414385e-05, 7.74642103352e-05, 2.96271882689e-05, 2.36834657699e-05, 3.3086816984e-05, 3.01814907289e-05, 8.30624849186e-05, 4.80015805806e-05, 5.54831603949e-05, 3.83497099392e-05, 5.69095864194e-05, 2.58707896137e-05, 2.32357688219e-05, 1.32510576805e-05, 7.35521143724e-06, 5.65847858525e-06, 2.24420477934e-06, 1.73532797021e-07], "min": [1.53583745721e-09, 2.74468392458e-10, 5.87988902359e-12, 4.56367105564e-12, 3.24307039556e-11, 9.46347427505e-12, 7.70191636162e-12, 2.31838701882e-12, 1.04426909828e-11, 7.89463893563e-12, 8.58033262496e-12, 9.34415392284e-12, 1.60811659128e-11, 1.56158384834e-11, 1.95682376553e-11, 1.19897538078e-11, 2.93589492995e-11, 3.47048188798e-11, 3.79852017895e-11, 4.97442365077e-11, 7.25171728222e-11, 7.47838735382e-11, 1.13171499949e-10, 6.47633197071e-11, 1.00785650659e-10, 1.20275261972e-10, 2.39357700327e-10], "var": [1.69036540321e-09, 3.68354412785e-05, 9.26857537706e-05, 6.99979791534e-05, 4.24740210292e-05, 1.4083856513e-05, 2.17869273911e-06, 7.96691438154e-06, 3.67891743736e-06, 7.374662232e-07, 1.64110440437e-06, 7.71164707203e-07, 5.12947053721e-07, 5.89162937104e-07, 5.11111068136e-07, 4.25179877084e-07, 5.12172277922e-07, 3.20268554788e-07, 1.84459523211e-07, 6.91291575095e-08, 4.01168200881e-08, 6.45480611183e-08, 3.67261705492e-08, 1.28555370793e-08, 1.13959561787e-08, 2.68047344321e-08, 2.27775909245e-09]}, "barkbands_crest": {"dmean": 2.36204862595, "dmean2": 3.82377743721, "dvar": 4.53643512726, "dvar2": 11.5613069534, "max": 25.4350128174, "mean": 10.6399049759, "median": 10.1640558243, "min": 2.67866492271, "var": 11.9593639374}, "barkbands_flatness_db": {"dmean": 0.0301980022341, "dmean2": 0.0443703718483, "dvar": 0.0015111353714, "dvar2": 0.00299366051331, "max": 0.583917975426, "mean": 0.182900965214, "median": 0.158912330866, "min": 0.0172732900828, "var": 0.00950816646218}, "barkbands_kurtosis": {"dmean": 6.81264305115, "dmean2": 10.691327095, "dvar": 124.865882874, "dvar2": 284.647155762, "max": 279.83581543, "mean": 11.8493719101, "median": 5.11230945587, "min": -1.92330312729, "var": 332.213104248}, "barkbands_skewness": {"dmean": 0.786787211895, "dmean2": 1.20274960995, "dvar": 0.758870899677, "dvar2": 1.68893325329, "max": 12.0681190491, "mean": 2.32127809525, "median": 2.04607820511, "min": -2.85102272034, "var": 2.57404923439}, "barkbands_spread": {"dmean": 5.59544754028, "dmean2": 8.53779602051, "dvar": 52.4423484802, "dvar2": 113.020973206, "max": 122.401580811, "mean": 17.0530490875, "median": 13.3387298584, "min": 0.347479313612, "var": 240.721328735}, "dissonance": {"dmean": 0.0240409374237, "dmean2": 0.039815582335, "dvar": 0.000692387868185, "dvar2": 0.001756306272, "max": 0.500000119209, "mean": 0.452125102282, "median": 0.46529763937, "min": 0.161547496915, "var": 0.00187493127305}, "dynamic_complexity": 4.56021928787, "erbbands": {"dmean": [0.0360922068357, 0.676766395569, 3.98391628265, 11.4198627472, 10.2299013138, 9.68140697479, 10.3826189041, 7.79846334457, 4.57702112198, 9.36498165131, 13.0260095596, 9.77461242676, 7.77054405212, 5.11447048187, 12.1801528931, 8.27225494385, 7.52088546753, 8.94269752502, 7.9877114296, 10.9982051849, 9.18139743805, 12.7203512192, 10.4156217575, 5.85189294815, 7.08730125427, 4.84187650681, 3.15680932999, 2.70751619339, 2.87934136391, 2.36039566994, 1.30534183979, 0.724468111992, 0.483715176582, 0.337827503681, 0.195267647505, 0.18872769177, 0.102699927986, 0.0257748961449, 0.002306654118, 7.58551614126e-05], "dmean2": [0.0565654709935, 1.10901272297, 6.42770433426, 19.0163593292, 16.5857582092, 15.8773212433, 16.1923732758, 11.7765579224, 7.4638261795, 15.1118803024, 20.639913559, 15.1113328934, 12.041557312, 7.87132453918, 19.5476112366, 13.1255807877, 11.5949735641, 14.1036348343, 12.3669700623, 17.5626430511, 14.5642299652, 20.5725975037, 16.7701454163, 9.27248573303, 11.0771312714, 7.47169399261, 4.7076792717, 4.08991098404, 4.41078472137, 3.41452550888, 1.83618986607, 0.996372401714, 0.650142669678, 0.452172011137, 0.253170758486, 0.255249679089, 0.147138416767, 0.0374559685588, 0.00332456687465, 0.00010544883844], "dvar": [0.00720961671323, 3.36192846298, 72.7754669189, 611.714416504, 343.7706604, 406.271270752, 510.472351074, 299.812103271, 180.985641479, 1313.53747559, 2057.29223633, 1435.62841797, 1118.17077637, 433.654693604, 2122.67529297, 927.963256836, 716.161682129, 1074.68078613, 691.773254395, 814.037536621, 586.334716797, 1566.89685059, 997.348449707, 319.113983154, 446.993438721, 109.851318359, 43.9733810425, 47.1844062805, 63.8175811768, 47.2244796753, 13.53992939, 4.10666465759, 1.64381837845, 0.921283364296, 0.248907670379, 0.240579739213, 0.0822626724839, 0.00582159822807, 4.75070446555e-05, 3.88241652161e-08], "dvar2": [0.0175328478217, 8.41691207886, 175.094818115, 1597.30078125, 891.613830566, 1064.42260742, 1279.00476074, 755.780700684, 479.445861816, 3501.60913086, 5297.55029297, 3374.89770508, 2775.21459961, 1108.76477051, 5454.40771484, 2320.4140625, 1590.39501953, 2624.95849609, 1583.02563477, 2034.85754395, 1418.16625977, 4046.95507812, 2543.37231445, 820.384216309, 1100.0982666, 261.747192383, 95.8473205566, 108.821601868, 154.800506592, 101.66897583, 27.944732666, 8.63579654694, 3.32246828079, 1.85810911655, 0.47327709198, 0.45583537221, 0.168596237898, 0.0121557544917, 9.80595432338e-05, 7.59980807175e-08], "max": [0.905374467373, 19.4169273376, 92.854598999, 293.174713135, 241.238296509, 438.131896973, 468.812164307, 507.209106445, 420.244506836, 1073.21118164, 987.124328613, 1047.50048828, 877.625976562, 856.720092773, 1700.20019531, 877.59552002, 618.537902832, 1031.17834473, 813.899719238, 725.194152832, 569.553405762, 783.108886719, 599.917297363, 358.327575684, 319.355316162, 263.914154053, 146.822555542, 118.906433105, 174.541427612, 140.779907227, 55.9850997925, 42.4665641785, 28.3299694061, 38.7629432678, 13.8694171906, 7.28258705139, 3.7133641243, 1.25550103188, 0.113018706441, 0.0032400584314], "mean": [0.038163471967, 0.630475819111, 4.65022277832, 13.9908857346, 16.2115707397, 17.7678699493, 22.9132938385, 18.7064876556, 7.17588996887, 13.9769935608, 20.1998519897, 15.201086998, 10.9468488693, 7.65354061127, 17.9295291901, 11.8401479721, 11.0078678131, 13.0922794342, 11.6717596054, 16.4315414429, 13.7391195297, 16.7874851227, 13.6941394806, 7.7365436554, 9.35324001312, 7.73892116547, 4.92258453369, 3.75054597855, 3.8382089138, 3.47979474068, 1.92231273651, 1.09915363789, 0.759961247444, 0.507422566414, 0.295258194208, 0.229067698121, 0.107160754502, 0.0257040522993, 0.00230533536524, 9.42342521739e-05], "median": [0.00694824801758, 0.144164964557, 2.40553593636, 8.05971908569, 11.090382576, 9.19528675079, 9.85163497925, 6.20690155029, 2.40406823158, 2.50973010063, 2.9883210659, 2.45606160164, 1.57658791542, 1.61473679543, 4.04261064529, 1.93347382545, 1.64375913143, 1.92617249489, 1.95610940456, 3.96838140488, 3.04265403748, 3.19480800629, 3.12370276451, 2.25435733795, 2.53970074654, 2.74193429947, 1.60479605198, 0.763536393642, 0.747400641441, 0.765449166298, 0.307385504246, 0.150261998177, 0.125335305929, 0.0681926608086, 0.0367846600711, 0.0148862991482, 0.00318573182449, 0.000423705612775, 4.2085590394e-05, 2.61976801994e-05], "min": [2.26497007816e-08, 3.71529722543e-08, 1.6915899792e-08, 2.85401942079e-08, 8.00099897447e-08, 1.16821198048e-07, 1.38829975072e-07, 7.30960749706e-08, 1.0737824141e-07, 1.33418538439e-07, 1.55765107479e-07, 2.68090303734e-07, 2.30831304293e-07, 5.18124465998e-07, 6.07770857641e-07, 4.92635251703e-07, 8.00697023351e-07, 9.88753185993e-07, 1.12576458378e-06, 9.83027462098e-07, 1.10586506707e-06, 1.44738032759e-06, 2.13200814869e-06, 2.42036435338e-06, 2.19392495637e-06, 2.67163409262e-06, 2.77255321635e-06, 2.96673783851e-06, 2.55596182797e-06, 3.36323751071e-06, 2.82810742647e-06, 1.49059201249e-06, 1.04462321815e-06, 1.01590683244e-06, 7.92857065335e-07, 5.27887095814e-07, 2.39666945845e-07, 2.46296053774e-07, 2.63843684678e-08, 1.63633850914e-09], "var": [0.00800776667893, 2.82744455338, 69.729637146, 532.594360352, 395.125762939, 675.014892578, 1176.26086426, 1059.3260498, 205.093582153, 2477.05419922, 3612.52832031, 2264.04541016, 1498.64941406, 552.588684082, 3057.49194336, 1247.76647949, 1211.6628418, 1833.67175293, 1080.53759766, 1267.15368652, 880.301208496, 1631.9732666, 1063.6986084, 320.307159424, 517.553894043, 173.624099731, 75.470161438, 67.5043792725, 82.2613067627, 70.9404754639, 22.4494304657, 7.27980852127, 3.2380695343, 1.65076088905, 0.507186770439, 0.398833662271, 0.10445804894, 0.00681525049731, 5.64642505196e-05, 5.12155793331e-08]}, "erbbands_crest": {"dmean": 2.79454016685, "dmean2": 4.44367408752, "dvar": 7.47415208817, "dvar2": 18.5070419312, "max": 31.5207309723, "mean": 10.3808956146, "median": 9.35392475128, "min": 2.10792827606, "var": 23.9983997345}, "erbbands_flatness_db": {"dmean": 0.0230840705335, "dmean2": 0.0315759330988, "dvar": 0.000798467430286, "dvar2": 0.00144409993663, "max": 0.511591970921, "mean": 0.174585923553, "median": 0.164124757051, "min": 0.0307897049934, "var": 0.00522537855431}, "erbbands_kurtosis": {"dmean": 2.10242819786, "dmean2": 3.22649168968, "dvar": 21.3948478699, "dvar2": 44.4555435181, "max": 131.019271851, "mean": 2.73823332787, "median": 0.0292039420456, "min": -1.86191391945, "var": 71.817276001}, "erbbands_skewness": {"dmean": 0.511942088604, "dmean2": 0.772206246853, "dvar": 0.343721419573, "dvar2": 0.73368293047, "max": 8.35469150543, "mean": 0.753198504448, "median": 0.509325921535, "min": -3.10917758942, "var": 1.73240053654}, "erbbands_spread": {"dmean": 10.6796340942, "dmean2": 16.0983257294, "dvar": 164.176177979, "dvar2": 325.138458252, "max": 170.870910645, "mean": 42.2943191528, "median": 40.1658058167, "min": 0.682449936867, "var": 624.262451172}, "gfcc": {"cov": [[16555.65625, -1807.58349609, -1335.88122559, 104.110832214, -498.940856934, 75.023399353, -683.891357422, 433.199279785, -437.667236328, 150.93586731, -392.488739014, 116.189468384, -396.472564697], [-1807.58349609, 2560.04150391, 446.296936035, -121.710021973, 287.733032227, -145.65435791, 337.185943604, -307.630950928, 158.48828125, -260.635467529, 171.224822998, -223.168029785, 171.284591675], [-1335.88122559, 446.296936035, 1413.30664062, 70.2950973511, 266.905487061, 24.5618343353, 219.367904663, -73.431678772, 32.4388427734, -68.3574371338, -36.8075942993, -33.5270767212, -63.7738380432], [104.110832214, -121.710021973, 70.2950973511, 556.128112793, 167.454711914, 32.7581443787, -11.4524612427, -23.5160713196, 25.6035957336, -11.460723877, -51.5418548584, -35.4846687317, 5.39576196671], [-498.940856934, 287.733032227, 266.905487061, 167.454711914, 447.174713135, 81.0007629395, 127.197647095, -41.8120956421, 42.8679504395, -24.7464065552, -33.8059539795, -60.9111824036, -13.559129715], [75.023399353, -145.65435791, 24.5618343353, 32.7581443787, 81.0007629395, 289.124450684, 73.3834991455, 74.1496734619, -16.0570354462, 4.90722179413, -26.8382053375, -24.7407035828, -36.2101593018], [-683.891357422, 337.185943604, 219.367904663, -11.4524612427, 127.197647095, 73.3834991455, 260.582672119, -0.5037368536, 17.5469284058, -33.5561141968, 12.892121315, -45.5571594238, -30.4973773956], [433.199279785, -307.630950928, -73.431678772, -23.5160713196, -41.8120956421, 74.1496734619, -0.5037368536, 180.524276733, 10.2202367783, 36.0636520386, -29.7126274109, 15.0026187897, -43.6631698608], [-437.667236328, 158.48828125, 32.4388427734, 25.6035957336, 42.8679504395, -16.0570354462, 17.5469284058, 10.2202367783, 121.4323349, 7.49111509323, 5.8991651535, -18.1090679169, 20.9199905396], [150.93586731, -260.635467529, -68.3574371338, -11.460723877, -24.7464065552, 4.90722179413, -33.5561141968, 36.0636520386, 7.49111509323, 121.802947998, 3.52578687668, 27.1411991119, -19.6041030884], [-392.488739014, 171.224822998, -36.8075942993, -51.5418548584, -33.8059539795, -26.8382053375, 12.892121315, -29.7126274109, 5.8991651535, 3.52578687668, 110.664649963, 26.2707519531, 35.1558532715], [116.189468384, -223.168029785, -33.5270767212, -35.4846687317, -60.9111824036, -24.7407035828, -45.5571594238, 15.0026187897, -18.1090679169, 27.1411991119, 26.2707519531, 113.017196655, 20.8249015808], [-396.472564697, 171.284591675, -63.7738380432, 5.39576196671, -13.559129715, -36.2101593018, -30.4973773956, -43.6631698608, 20.9199905396, -19.6041030884, 35.1558532715, 20.8249015808, 120.747306824]], "icov": [[0.000106446415884, -0.000135962967761, 8.88187569217e-05, -8.07987016742e-05, 4.03682461183e-05, -3.13809541694e-05, 0.000303931243252, -0.000244239054155, 0.00038443034282, -0.000117837545986, 0.000400632037781, -0.000288436014671, 0.000423838384449], [-0.000135962967761, 0.00160692899954, -0.000252244703006, 0.000632037641481, -0.000445606769063, 0.000604337023105, -0.00142604159191, 0.00135885924101, -0.00160232768394, 0.00187002087478, -0.00224857171997, 0.00273307273164, -0.00186047027819], [8.88187569217e-05, -0.000252244703006, 0.00102509395219, -0.000120355929539, -0.000262167159235, 1.82137919182e-05, -0.00027416847297, 0.000144116842421, 0.000144158795592, 9.94302099571e-05, 0.000871387543157, -0.000989294843748, 0.00106321542989], [-8.07987016742e-05, 0.000632037641481, -0.000120355929539, 0.00242628902197, -0.000981738441624, 6.37330304016e-05, -8.09466946521e-05, 0.000796694948804, -0.000960866629612, 0.000760627794079, -0.00018817349337, 0.00130187079776, -0.00103711942211], [4.03682461183e-05, -0.000445606769063, -0.000262167159235, -0.000981738441624, 0.00363748054951, -0.000947726366576, -0.000777668785304, 0.000679469841998, -0.000486183678731, -0.000763610994909, 0.00141634547617, -0.000262356246822, 0.000436736445408], [-3.13809541694e-05, 0.000604337023105, 1.82137919182e-05, 6.37330304016e-05, -0.000947726366576, 0.00488068303093, -0.00154548848514, -0.00168022199068, 0.000810251221992, 0.000494905281812, -0.000605576089583, 0.00170265731867, -0.000771621707827], [0.000303931243252, -0.00142604159191, -0.00027416847297, -8.09466946521e-05, -0.000777668785304, -0.00154548848514, 0.00756749371067, -0.00186980597209, 0.00145545229316, -0.000369927205611, 0.000278991123196, -0.00105445657391, 0.00335247372277], [-0.000244239054155, 0.00135885924101, 0.000144116842421, 0.000796694948804, 0.000679469841998, -0.00168022199068, -0.00186980597209, 0.00970136001706, -0.00395501544699, 0.000455246830825, -6.69403652864e-06, 0.000327654241119, 0.000623796950094], [0.00038443034282, -0.00160232768394, 0.000144158795592, -0.000960866629612, -0.000486183678731, 0.000810251221992, 0.00145545229316, -0.00395501544699, 0.0123933590949, -0.00326609308831, 0.00192025862634, -0.000395772862248, -0.000388164509786], [-0.000117837545986, 0.00187002087478, 9.94302099571e-05, 0.000760627794079, -0.000763610994909, 0.000494905281812, -0.000369927205611, 0.000455246830825, -0.00326609308831, 0.0122826583683, -0.00345015106723, 0.00079885055311, 0.000539542874321], [0.000400632037781, -0.00224857171997, 0.000871387543157, -0.00018817349337, 0.00141634547617, -0.000605576089583, 0.000278991123196, -6.69403652864e-06, 0.00192025862634, -0.00345015106723, 0.0157394129783, -0.00655507901683, 0.000674404203892], [-0.000288436014671, 0.00273307273164, -0.000989294843748, 0.00130187079776, -0.000262356246822, 0.00170265731867, -0.00105445657391, 0.000327654241119, -0.000395772862248, 0.00079885055311, -0.00655507901683, 0.0167672205716, -0.00585642457008], [0.000423838384449, -0.00186047027819, 0.00106321542989, -0.00103711942211, 0.000436736445408, -0.000771621707827, 0.00335247372277, 0.000623796950094, -0.000388164509786, 0.000539542874321, 0.000674404203892, -0.00585642457008, 0.0147789567709]], "mean": [-64.5487136841, 100.512870789, -94.2523345947, 37.5150909424, -51.2120513916, -2.55416202545, -41.8561668396, -6.46646690369, -30.4634857178, -7.33969497681, -22.6708698273, -2.40174365044, -12.156750679]}, "hfc": {"dmean": 6.48789691925, "dmean2": 8.78742790222, "dvar": 139.475097656, "dvar2": 270.676116943, "max": 138.390609741, "mean": 13.6815834045, "median": 8.46162033081, "min": 1.05309645733e-05, "var": 285.059661865}, "melbands": {"dmean": [0.000499627669342, 0.00166532781441, 0.00186888710596, 0.000683518883307, 0.000357648648787, 0.000174488101038, 7.04094054527e-05, 0.000111303495942, 9.95200898615e-05, 6.08838272456e-05, 3.77092474082e-05, 1.87436853594e-05, 4.23901765316e-05, 2.69037773251e-05, 1.774708835e-05, 1.68969363585e-05, 1.69406048371e-05, 1.239120229e-05, 1.43570478031e-05, 1.64657667483e-05, 1.11713461592e-05, 1.30207045004e-05, 1.54754525283e-05, 6.03919761488e-06, 4.68459211334e-06, 5.64217270949e-06, 4.13730367654e-06, 3.27780230691e-06, 2.14895862882e-06, 1.60190620591e-06, 1.62727030784e-06, 1.6963959979e-06, 1.52492634697e-06, 1.29021884732e-06, 8.19650495032e-07, 5.43987141555e-07, 4.22198269234e-07, 3.47343330986e-07, 3.27353319562e-07, 2.79273933756e-07], "dmean2": [0.000814566970803, 0.00265036546625, 0.00305723957717, 0.00110662693623, 0.000564817688428, 0.000264368223725, 0.000114526970719, 0.000179667287739, 0.000158268114319, 9.41705220612e-05, 5.86016831221e-05, 2.89908948616e-05, 6.73342656228e-05, 4.34611647506e-05, 2.78332499875e-05, 2.57455467363e-05, 2.67984651146e-05, 1.9299419364e-05, 2.21995833272e-05, 2.69647971436e-05, 1.78501995833e-05, 2.12399900192e-05, 2.51451583608e-05, 9.72812904365e-06, 7.5642401498e-06, 8.86663565325e-06, 6.47609522275e-06, 5.17646731168e-06, 3.32243939738e-06, 2.3950499326e-06, 2.53093207903e-06, 2.68205803877e-06, 2.29528700402e-06, 1.89209595192e-06, 1.17584158943e-06, 7.81242533776e-07, 5.90913543874e-07, 4.75720128179e-07, 4.56177843944e-07, 3.78882077712e-07], "dvar": [1.77014067049e-06, 1.23078734759e-05, 1.49221068568e-05, 1.55058103246e-06, 5.92197409333e-07, 1.3767673579e-07, 4.04109528063e-08, 1.6439007311e-07, 1.23948225905e-07, 5.74437493128e-08, 2.71749680536e-08, 7.05158509362e-09, 2.46841214135e-08, 9.91661242011e-09, 4.58945947912e-09, 3.0840148213e-09, 4.31662661171e-09, 2.05121608587e-09, 2.07371808614e-09, 1.92072824312e-09, 9.91781434756e-10, 1.90900628638e-09, 2.29426233567e-09, 2.91256324614e-10, 2.31195604328e-10, 3.23029436533e-10, 1.26004484624e-10, 5.03423656928e-11, 2.00403738743e-11, 1.51325479925e-11, 1.85516515344e-11, 2.32369436193e-11, 1.79716536791e-11, 1.54854219725e-11, 5.43484007798e-12, 2.44831325352e-12, 1.40824580729e-12, 8.36879177069e-13, 8.91564383085e-13, 6.36215743716e-13], "dvar2": [4.45151499662e-06, 2.8476879379e-05, 3.86374231311e-05, 4.03013746109e-06, 1.49454581333e-06, 3.44417031783e-07, 1.06096948116e-07, 4.41048172206e-07, 3.14817469871e-07, 1.35380531674e-07, 6.719434964e-08, 1.77362231568e-08, 6.21190778816e-08, 2.63305039994e-08, 1.10788338503e-08, 6.84217038582e-09, 1.06736850469e-08, 4.6841992507e-09, 4.95452479043e-09, 4.86756901452e-09, 2.42437403486e-09, 5.01821961763e-09, 5.91558668717e-09, 7.39607708411e-10, 6.03412486644e-10, 7.96703314432e-10, 3.13986808775e-10, 1.23354826354e-10, 4.48067520586e-11, 3.48733264488e-11, 4.39304252697e-11, 5.88419105108e-11, 4.05699293604e-11, 3.43215664222e-11, 1.15623699851e-11, 5.31715557001e-12, 3.02980817518e-12, 1.71893142081e-12, 1.93083830174e-12, 1.28978110744e-12], "max": [0.013102799654, 0.034731362015, 0.0456103757024, 0.0242238678038, 0.0144801288843, 0.0111084133387, 0.00600887322798, 0.0101480502635, 0.00691444193944, 0.00627459771931, 0.00426022475585, 0.00317554618232, 0.00492881704122, 0.00295056472532, 0.00190137547906, 0.00119340920355, 0.0022417048458, 0.00159528886434, 0.00118456059135, 0.00101015844848, 0.000626193068456, 0.000959358992986, 0.000969693006482, 0.000320155319059, 0.00031885097269, 0.00034109322587, 0.000244378170464, 0.000206099459319, 9.36892538448e-05, 6.85778213665e-05, 7.35019348213e-05, 0.000108727581392, 7.49128812458e-05, 7.93231592979e-05, 3.55912379746e-05, 2.57890078501e-05, 2.81000393443e-05, 2.00389713427e-05, 3.50065020029e-05, 3.1913343264e-05], "mean": [0.00047047805856, 0.00193814281374, 0.00247630570084, 0.0012262997916, 0.000786490505561, 0.000421521777753, 0.000106295170553, 0.000166945319506, 0.000152734428411, 9.26904467633e-05, 5.09776000399e-05, 2.58128056885e-05, 6.07926376688e-05, 3.80052806577e-05, 2.25367875828e-05, 2.42992773565e-05, 2.29982451856e-05, 1.63568784046e-05, 2.09335339605e-05, 2.22788148676e-05, 1.53217788466e-05, 1.59260271175e-05, 1.96583659999e-05, 7.83905034041e-06, 5.84232657275e-06, 6.94890741215e-06, 5.76467527935e-06, 5.1013553275e-06, 3.22278629028e-06, 2.2950582661e-06, 2.11673477679e-06, 2.12791246668e-06, 2.18745458369e-06, 1.82718224551e-06, 1.16595356303e-06, 7.74528814418e-07, 6.28770806088e-07, 5.40621272194e-07, 4.75437559544e-07, 4.10934262618e-07], "median": [7.44282879168e-05, 0.000891729490831, 0.00165302550886, 0.000749080267269, 0.000364323146641, 0.000152717053425, 3.0757564673e-05, 2.66059687419e-05, 2.15094642044e-05, 1.20593704196e-05, 5.45608781977e-06, 3.91540834244e-06, 1.2700888874e-05, 5.14261682838e-06, 3.33158322974e-06, 3.24960660691e-06, 2.74423018709e-06, 2.30146042668e-06, 2.8635452054e-06, 6.23571941105e-06, 2.44057355303e-06, 2.63491460828e-06, 3.32933564096e-06, 2.13214229916e-06, 1.59242483733e-06, 1.53107794176e-06, 1.84723353414e-06, 1.66105917287e-06, 1.05759988855e-06, 5.46728983863e-07, 3.41250256497e-07, 3.61614070243e-07, 5.05857258304e-07, 3.63195198361e-07, 1.79047816573e-07, 9.66056106222e-08, 8.21268173468e-08, 8.81702746369e-08, 6.74549767155e-08, 5.16763165592e-08], "min": [2.16861209545e-10, 3.06898326197e-11, 7.58812197105e-12, 6.34898730811e-12, 4.89645260102e-12, 1.42376811296e-12, 1.96329649586e-12, 1.19066887426e-12, 1.24390352619e-12, 1.46117742472e-12, 1.06846053272e-12, 1.96753204007e-12, 1.60666391216e-12, 1.09804201322e-12, 1.27266665088e-12, 1.57871740854e-12, 1.36694984759e-12, 1.36340483174e-12, 1.48195485831e-12, 1.22762141164e-12, 1.06758688261e-12, 1.73892985515e-12, 1.08618127513e-12, 1.4528135639e-12, 1.88582049282e-12, 1.38190576603e-12, 1.53348460232e-12, 1.67578440274e-12, 1.33582880001e-12, 1.35561202021e-12, 1.73785497711e-12, 1.28679825042e-12, 1.49380507963e-12, 1.428851178e-12, 1.63181393311e-12, 1.07363369497e-12, 8.41447950813e-13, 7.03667972415e-13, 7.63614919994e-13, 8.31572224275e-13], "var": [1.59153785262e-06, 1.24707403302e-05, 1.36410526466e-05, 2.48283640758e-06, 1.25152666897e-06, 4.77410424082e-07, 5.00970180894e-08, 3.10147129312e-07, 2.05502885819e-07, 8.87377780145e-08, 3.63312899765e-08, 9.12088804483e-09, 3.93792198849e-08, 1.28960886414e-08, 6.13014883299e-09, 5.52257306552e-09, 6.8820358301e-09, 2.96445112902e-09, 3.72412700678e-09, 2.6301774092e-09, 1.37987188342e-09, 1.84113269075e-09, 2.43913622633e-09, 3.17119608351e-10, 2.14112269581e-10, 3.57399249085e-10, 1.45991024825e-10, 7.89294254955e-11, 3.27484948881e-11, 2.20177435312e-11, 2.44823866041e-11, 2.72025440368e-11, 2.5678251192e-11, 2.18876462094e-11, 8.56574967206e-12, 3.83290794936e-12, 2.47648147648e-12, 1.64358110455e-12, 1.46175335291e-12, 1.11896483832e-12]}, "melbands_crest": {"dmean": 3.13924145699, "dmean2": 5.05883693695, "dvar": 8.18498134613, "dvar2": 21.1969127655, "max": 31.3077297211, "mean": 15.336728096, "median": 14.9073829651, "min": 4.11065244675, "var": 21.3369827271}, "melbands_flatness_db": {"dmean": 0.0364204384387, "dmean2": 0.053965549916, "dvar": 0.00219914806075, "dvar2": 0.00431237649173, "max": 0.75055873394, "mean": 0.267824649811, "median": 0.24061922729, "min": 0.0345649309456, "var": 0.0142679577693}, "melbands_kurtosis": {"dmean": 14.9871969223, "dmean2": 23.4687652588, "dvar": 570.848510742, "dvar2": 1295.5559082, "max": 430.628173828, "mean": 29.252658844, "median": 15.6936912537, "min": -1.8437666893, "var": 1488.74499512}, "melbands_skewness": {"dmean": 1.06428718567, "dmean2": 1.61659193039, "dvar": 1.42254686356, "dvar2": 3.06180334091, "max": 15.656291008, "mean": 3.62244749069, "median": 3.27579283714, "min": -2.50139784813, "var": 4.86111593246}, "melbands_spread": {"dmean": 5.82825422287, "dmean2": 9.07769107819, "dvar": 69.8734893799, "dvar2": 152.640960693, "max": 239.28817749, "mean": 15.226852417, "median": 10.9959287643, "min": 0.40204167366, "var": 228.120162964}, "mfcc": {"cov": [[13400.3486328, -1342.91052246, -1368.45947266, -72.4470825195, -132.96055603, -302.491943359, -298.12802124, -59.0389213562, -113.65486908, -80.664352417, 19.8526535034, -9.95573997498, -69.4273834229], [-1342.91052246, 2136.35791016, 422.559631348, 89.1864395142, 43.1672210693, 91.4701385498, 141.955856323, 54.9976272583, -0.31067854166, -3.37653899193, -16.9062461853, -37.5484428406, 29.0870304108], [-1368.45947266, 422.559631348, 988.235412598, 107.775787354, 90.6285858154, 95.0768356323, 105.72769928, 85.778175354, 31.5136356354, 14.462644577, -3.69144487381, -35.5436897278, -38.2097702026], [-72.4470825195, 89.1864395142, 107.775787354, 483.753326416, 156.459213257, 117.153808594, 15.6501188278, -4.96464729309, 50.6936035156, -0.589960336685, -31.9679431915, -3.74002432823, -17.7545967102], [-132.96055603, 43.1672210693, 90.6285858154, 156.459213257, 297.87121582, 124.879058838, 38.8072624207, 32.2544059753, 62.5120162964, 31.2732257843, 2.57167601585, -16.1131038666, -23.4109363556], [-302.491943359, 91.4701385498, 95.0768356323, 117.153808594, 124.879058838, 242.333374023, 115.791557312, 38.3714637756, 56.1174316406, 30.1830615997, 11.0726318359, -7.81194734573, -4.34297132492], [-298.12802124, 141.955856323, 105.72769928, 15.6501188278, 38.8072624207, 115.791557312, 212.335586548, 84.6272201538, 29.9129886627, 29.3044281006, 30.4932804108, 8.50525379181, -8.36363697052], [-59.0389213562, 54.9976272583, 85.778175354, -4.96464729309, 32.2544059753, 38.3714637756, 84.6272201538, 149.24446106, 45.8709144592, 23.1708469391, 22.828540802, -1.62700283527, 1.11016654968], [-113.65486908, -0.31067854166, 31.5136356354, 50.6936035156, 62.5120162964, 56.1174316406, 29.9129886627, 45.8709144592, 127.283058167, 54.0483703613, 10.1262989044, 7.05337429047, -1.43607652187], [-80.664352417, -3.37653899193, 14.462644577, -0.589960336685, 31.2732257843, 30.1830615997, 29.3044281006, 23.1708469391, 54.0483703613, 95.513053894, 42.9507827759, 8.43117141724, -11.0958080292], [19.8526535034, -16.9062461853, -3.69144487381, -31.9679431915, 2.57167601585, 11.0726318359, 30.4932804108, 22.828540802, 10.1262989044, 42.9507827759, 99.7887420654, 35.0468444824, -24.1342697144], [-9.95573997498, -37.5484428406, -35.5436897278, -3.74002432823, -16.1131038666, -7.81194734573, 8.50525379181, -1.62700283527, 7.05337429047, 8.43117141724, 35.0468444824, 82.0283660889, 27.3262348175], [-69.4273834229, 29.0870304108, -38.2097702026, -17.7545967102, -23.4109363556, -4.34297132492, -8.36363697052, 1.11016654968, -1.43607652187, -11.0958080292, -24.1342697144, 27.3262348175, 125.645965576]], "icov": [[9.31553659029e-05, 3.31814226229e-05, 0.00011939722026, -3.98742995458e-05, -5.30532679477e-06, 5.49324286112e-05, 5.91735333728e-05, -0.000106854036858, 5.25792165718e-05, 5.06072246935e-05, -5.70959855395e-05, 6.71081215842e-05, 5.97689322603e-05], [3.31814226229e-05, 0.000550613214727, -0.000158364317031, -9.30485693971e-05, 1.60034178407e-05, 6.08084410487e-05, -0.000322140898788, 4.32891829405e-05, 9.19056983548e-05, 6.09292801528e-05, -8.853203326e-05, 0.000340619502822, -0.000271836441243], [0.00011939722026, -0.000158364317031, 0.00137425970752, -0.000208117577131, -0.000119845797599, -2.64133650489e-05, -0.000135755894007, -0.000647549109999, 0.000155336863827, 2.18844033952e-05, 9.86348823062e-05, 0.000305214460241, 0.000420864816988], [-3.98742995458e-05, -9.30485693971e-05, -0.000208117577131, 0.00286446185783, -0.00104653206654, -0.00102785939816, 0.000405756145483, 0.000410208682297, -0.000606979068834, 0.000409241823945, 0.00124292168766, -0.00107721355744, 0.000636070675682], [-5.30532679477e-06, 1.60034178407e-05, -0.000119845797599, -0.00104653206654, 0.00507921818644, -0.00202603940852, 0.000742871954571, -0.00058848306071, -0.000918875390198, -0.000526026473381, -0.000107718245999, 0.000626978639048, 0.000526032410562], [5.49324286112e-05, 6.08084410487e-05, -2.64133650489e-05, -0.00102785939816, -0.00202603940852, 0.00792629644275, -0.00414621690288, 0.00139628502075, -0.00171222735662, 0.000291027128696, -0.0010269965278, 0.00171056052204, -0.0010920164641], [5.91735333728e-05, -0.000322140898788, -0.000135755894007, 0.000405756145483, 0.000742871954571, -0.00414621690288, 0.00891552679241, -0.00418536085635, 0.0013605178101, -0.00104626035318, -8.84286419023e-05, -0.00175393396057, 0.00103649392258], [-0.000106854036858, 4.32891829405e-05, -0.000647549109999, 0.000410208682297, -0.00058848306071, 0.00139628502075, -0.00418536085635, 0.0105193881318, -0.00374745577574, 0.00135302578565, -0.00244389846921, 0.00213104300201, -0.00149720045738], [5.25792165718e-05, 9.19056983548e-05, 0.000155336863827, -0.000606979068834, -0.000918875390198, -0.00171222735662, 0.0013605178101, -0.00374745577574, 0.0133724678308, -0.00741639593616, 0.00328933587298, -0.00243786955252, 0.000522449496202], [5.06072246935e-05, 6.09292801528e-05, 2.18844033952e-05, 0.000409241823945, -0.000526026473381, 0.000291027128696, -0.00104626035318, 0.00135302578565, -0.00741639593616, 0.0180541407317, -0.00793404970318, 0.00251086335629, -0.000651674461551], [-5.70959855395e-05, -8.853203326e-05, 9.86348823062e-05, 0.00124292168766, -0.000107718245999, -0.0010269965278, -8.84286419023e-05, -0.00244389846921, 0.00328933587298, -0.00793404970318, 0.0186851751059, -0.00925368908793, 0.0050932765007], [6.71081215842e-05, 0.000340619502822, 0.000305214460241, -0.00107721355744, 0.000626978639048, 0.00171056052204, -0.00175393396057, 0.00213104300201, -0.00243786955252, 0.00251086335629, -0.00925368908793, 0.0187605395913, -0.00572455022484], [5.97689322603e-05, -0.000271836441243, 0.000420864816988, 0.000636070675682, 0.000526032410562, -0.0010920164641, 0.00103649392258, -0.00149720045738, 0.000522449496202, -0.000651674461551, 0.0050932765007, -0.00572455022484, 0.0105869416147]], "mean": [-713.481811523, 128.915008545, 14.8700408936, 39.4867172241, 7.95552492142, 5.6425652504, -5.13719463348, -1.81412196159, -6.87341833115, -7.80595445633, -9.97278785706, -8.10659217834, -0.644874095917]}, "pitch_salience": {"dmean": 0.0760271400213, "dmean2": 0.124420516193, "dvar": 0.00486029079184, "dvar2": 0.0128859644756, "max": 0.876150965691, "mean": 0.546464502811, "median": 0.549705326557, "min": 0.173302099109, "var": 0.0107995150611}, "silence_rate_20dB": {"dmean": 0, "dmean2": 0, "dvar": 0, "dvar2": 0, "max": 1, "mean": 1, "median": 1, "min": 1, "var": 0}, "silence_rate_30dB": {"dmean": 0.0197985414416, "dmean2": 0.0396005213261, "dvar": 0.0194065589458, "dvar2": 0.0529693588614, "max": 1, "mean": 0.9876704216, "median": 1, "min": 0, "var": 0.0121775809675}, "silence_rate_60dB": {"dmean": 0.0456755831838, "dmean2": 0.0913590937853, "dvar": 0.0435893237591, "dvar2": 0.0951706692576, "max": 1, "mean": 0.128071546555, "median": 0, "min": 0, "var": 0.111669227481}, "spectral_centroid": {"dmean": 244.524230957, "dmean2": 378.328979492, "dvar": 105043.28125, "dvar2": 228690.34375, "max": 10862.5595703, "mean": 959.726196289, "median": 832.178466797, "min": 145.480239868, "var": 410908.40625}, "spectral_complexity": {"dmean": 3.20771098137, "dmean2": 4.55214929581, "dvar": 26.9855117798, "dvar2": 46.9058990479, "max": 58, "mean": 11.4531564713, "median": 9, "min": 0, "var": 82.7389068604}, "spectral_contrast_coeffs": {"dmean": [0.0529010817409, 0.0473865605891, 0.0420201681554, 0.0369404628873, 0.0263750758022, 0.0207921434194], "dmean2": [0.0832204595208, 0.0768851935863, 0.0659924373031, 0.0588683634996, 0.0418863072991, 0.0340123437345], "dvar": [0.00216630427167, 0.00164572580252, 0.00134993565734, 0.00112025334965, 0.00072948995512, 0.000557232589927], "dvar2": [0.00520677119493, 0.00423955358565, 0.00310280942358, 0.00256815413013, 0.00165363866836, 0.00138397957198], "max": [-0.275757312775, -0.381481140852, -0.422216832638, -0.527651071548, -0.548286616802, -0.609685957432], "mean": [-0.561530828476, -0.700149714947, -0.761659383774, -0.76986092329, -0.796124219894, -0.768560707569], "median": [-0.557157039642, -0.705589950085, -0.772946119308, -0.777850568295, -0.804704666138, -0.770596683025], "min": [-0.97864729166, -0.957349777222, -0.966023802757, -0.964613974094, -0.959033787251, -0.957484185696], "var": [0.00862112734467, 0.00913019757718, 0.00747111486271, 0.00622084736824, 0.00413031410426, 0.00230846274644]}, "spectral_contrast_valleys": {"dmean": [0.521071076393, 0.422302305698, 0.427782297134, 0.428573608398, 0.427207380533, 0.401370316744], "dmean2": [0.742463290691, 0.657815277576, 0.640457034111, 0.614925265312, 0.595655798912, 0.491786658764], "dvar": [0.263542205095, 0.173033699393, 0.201182246208, 0.249891132116, 0.332689344883, 0.257850646973], "dvar2": [0.415021181107, 0.342028081417, 0.38439193368, 0.467289954424, 0.659280955791, 0.425941497087], "max": [-5.1273522377, -4.76043844223, -5.63481092453, -6.09710931778, -5.55135536194, -7.86859273911], "mean": [-7.70773077011, -7.43833637238, -8.34568023682, -8.74440479279, -8.35120201111, -11.0068244934], "median": [-7.45805549622, -7.26875638962, -8.1923084259, -8.55286312103, -8.10945415497, -10.7597360611], "min": [-26.6672229767, -27.6777439117, -27.1363430023, -27.3042736053, -27.3008003235, -27.2965774536], "var": [1.74691164494, 1.48319411278, 1.47399508953, 1.66940617561, 1.99414372444, 2.38946437836]}, "spectral_decrease": {"dmean": 3.42640982254e-09, "dmean2": 5.12804687602e-09, "dvar": 3.30173839886e-17, "dvar2": 7.41566691235e-17, "max": -9.48308018076e-16, "mean": -6.50712772554e-09, "median": -4.63429561393e-09, "min": -6.06261707503e-08, "var": 4.65462835577e-17}, "spectral_energy": {"dmean": 0.0134381502867, "dmean2": 0.0200031511486, "dvar": 0.000502442999277, "dvar2": 0.00112255197018, "max": 0.238822177052, "mean": 0.0258003715426, "median": 0.0184536650777, "min": 5.75975978023e-09, "var": 0.000720921438187}, "spectral_energyband_high": {"dmean": 0.000325529399561, "dmean2": 0.000432908069342, "dvar": 5.37294056357e-07, "dvar2": 9.66677589531e-07, "max": 0.0128602702171, "mean": 0.000535757862963, "median": 0.000145580706885, "min": 8.36379965286e-10, "var": 1.11043755169e-06}, "spectral_energyband_low": {"dmean": 0.00827577430755, "dmean2": 0.0129292020574, "dvar": 0.000265708542429, "dvar2": 0.000610682182014, "max": 0.170420795679, "mean": 0.0105204191059, "median": 0.00563231483102, "min": 1.05428310526e-09, "var": 0.00028858098085}, "spectral_energyband_middle_high": {"dmean": 0.00135006709024, "dmean2": 0.00204683886841, "dvar": 7.21832429917e-06, "dvar2": 1.71703904925e-05, "max": 0.0430644862354, "mean": 0.00259023811668, "median": 0.000979182310402, "min": 3.52381041013e-10, "var": 1.36881108119e-05}, "spectral_energyband_middle_low": {"dmean": 0.00756550347432, "dmean2": 0.01205947157, "dvar": 0.000178971691639, "dvar2": 0.000448957551271, "max": 0.167654812336, "mean": 0.0151450196281, "median": 0.0107621401548, "min": 1.76525474793e-10, "var": 0.000249168864684}, "spectral_entropy": {"dmean": 0.26822167635, "dmean2": 0.396001219749, "dvar": 0.142080888152, "dvar2": 0.283622831106, "max": 9.80305671692, "mean": 7.05693531036, "median": 7.22314310074, "min": 3.74673509598, "var": 0.768348932266}, "spectral_flux": {"dmean": 0.0340688452125, "dmean2": 0.0516291037202, "dvar": 0.00192144722678, "dvar2": 0.00392004149035, "max": 0.431940943003, "mean": 0.0781476348639, "median": 0.0594635605812, "min": 3.50381706085e-05, "var": 0.00395553186536}, "spectral_kurtosis": {"dmean": 4.42186689377, "dmean2": 7.14238214493, "dvar": 184.993499756, "dvar2": 425.138153076, "max": 397.938293457, "mean": 11.4076051712, "median": 4.31737089157, "min": -1.22197031975, "var": 767.517333984}, "spectral_rms": {"dmean": 0.00112556118984, "dmean2": 0.00157536985353, "dvar": 2.20892798097e-06, "dvar2": 4.34747335021e-06, "max": 0.0152642475441, "mean": 0.00440063560382, "median": 0.00424306187779, "min": 2.37050153373e-06, "var": 5.80550204177e-06}, "spectral_rolloff": {"dmean": 448.150909424, "dmean2": 759.345092773, "dvar": 709401.3125, "dvar2": 1639006.75, "max": 13436.71875, "mean": 1060.640625, "median": 559.86328125, "min": 107.666015625, "var": 1809478.5}, "spectral_skewness": {"dmean": 0.406768232584, "dmean2": 0.646474897861, "dvar": 0.5989138484, "dvar2": 1.25638735294, "max": 17.4496536255, "mean": 2.086561203, "median": 1.57924592495, "min": 0.000825188413728, "var": 3.03625226021}, "spectral_spread": {"dmean": 617168.875, "dmean2": 872345.6875, "dvar": 681098870784, "dvar2": 1141379563520.0, "max": 41263144, "mean": 4472451