{"lowlevel": {"average_loudness": 0.708166480064, "barkbands": {"dmean": [2.59457237917e-06, 0.000267296738457, 0.000613343610894, 0.0013720568968, 0.00330067588948, 0.000931454065721, 0.000502066570334, 0.000664364953991, 0.000418841227656, 0.00086480967002, 0.000544082722627, 0.000400815304602, 0.000319781684084, 0.000230594843742, 0.000272865610896, 0.000153058659635, 7.55279543228e-05, 7.39807655918e-05, 9.93018402369e-05, 7.18008814147e-05, 2.7045065508e-05, 7.38326389182e-06, 4.98381496072e-06, 2.74303010883e-06, 3.13956570608e-06, 1.49606569266e-06, 2.21273026568e-07], "dmean2": [3.97226585847e-06, 0.000434964138549, 0.00102930213325, 0.00236743898131, 0.00541084399447, 0.00145201140549, 0.000736516842153, 0.000917781842873, 0.000626841385383, 0.0012030757498, 0.000780754315201, 0.000585010449868, 0.00046660299995, 0.000343943422195, 0.000416090537328, 0.000225721436436, 0.000111432214908, 0.000107556676085, 0.000144409859786, 0.000103960453998, 3.95725837734e-05, 1.05311964944e-05, 7.31426735001e-06, 4.12277313444e-06, 4.76758532386e-06, 2.22099629354e-06, 3.52826077687e-07], "dvar": [1.2365652946e-10, 2.3425346285e-07, 1.19449009617e-06, 8.38026608108e-06, 7.9069257481e-05, 4.59478087578e-06, 3.33030106958e-06, 8.88021713763e-06, 5.30080342287e-06, 1.41601003634e-05, 5.13624627274e-06, 2.02267801797e-06, 9.75275156634e-07, 4.8199910907e-07, 5.50622871742e-07, 2.62293582409e-07, 6.0803635904e-08, 3.80033213787e-08, 8.65740759082e-08, 3.55393474649e-08, 4.42468239825e-09, 5.35944510993e-10, 1.74828193589e-10, 1.06787211018e-10, 1.62225066713e-10, 1.15740568171e-11, 2.77409388863e-13], "dvar2": [2.19273127433e-10, 5.80024675401e-07, 3.16512046084e-06, 2.30804762396e-05, 0.000201705857762, 1.01725017885e-05, 6.8586323323e-06, 1.41240225275e-05, 9.60756551649e-06, 2.40932204179e-05, 9.85351653071e-06, 4.31209309681e-06, 2.22249809667e-06, 1.0831175814e-06, 1.27702332975e-06, 5.88185400829e-07, 1.28248515807e-07, 8.18156351556e-08, 1.87546547181e-07, 7.74077264509e-08, 9.30433063928e-09, 1.11266051928e-09, 4.08359568382e-10, 2.30836919024e-10, 4.01009586648e-10, 2.55096863772e-11, 6.86286260026e-13], "max": [0.00083957874449, 0.0103327101097, 0.0179147664458, 0.039011452347, 0.105318292975, 0.0456969439983, 0.0741233825684, 0.111724302173, 0.103638194501, 0.130230262876, 0.0647585988045, 0.0491991825402, 0.0365195460618, 0.0221955422312, 0.024563677609, 0.019714217633, 0.0105937812477, 0.00511478399858, 0.00896985456347, 0.00469599617645, 0.00142821238842, 0.000733914843295, 0.000388192798709, 0.000441081851022, 0.000590019801166, 6.80919474689e-05, 1.08433287096e-05], "mean": [3.43483588949e-06, 0.000357181183062, 0.000779775029514, 0.00152399437502, 0.00375948683359, 0.00126698042732, 0.000729507650249, 0.00120721198618, 0.000610031245742, 0.00210599158891, 0.00071520236088, 0.000653566210531, 0.000539778091479, 0.000357952114427, 0.000434438930824, 0.00024389619648, 0.000124363243231, 0.00012720884115, 0.00019803858595, 0.000150629231939, 5.24672286701e-05, 1.37306196848e-05, 9.95852496999e-06, 5.33613047082e-06, 5.97442249273e-06, 2.64337404587e-06, 3.05983576254e-07], "median": [5.43101009498e-07, 0.000191624058061, 0.000349081092281, 0.000575698679313, 0.00143784168176, 0.000468115817057, 0.000136005372042, 8.26808609418e-05, 7.11254979251e-05, 0.000103399230284, 9.71386180026e-05, 7.70213155192e-05, 0.000115093222121, 6.94747359375e-05, 7.4072399002e-05, 4.86767239636e-05, 3.19142491207e-05, 3.48168468918e-05, 2.8835131161e-05, 2.29017205129e-05, 1.27723051264e-05, 4.17112551077e-06, 3.26394319927e-06, 2.70408190772e-06, 3.11718463308e-06, 1.15045088478e-06, 1.11195731733e-07], "min": [1.16261149246e-26, 2.43964740714e-24, 1.27729103722e-24, 1.07821252146e-24, 9.87455375933e-24, 7.929001886e-24, 8.66067353104e-24, 2.2324960833e-24, 1.12328546978e-23, 1.77546431138e-23, 1.74230044115e-23, 3.79202818122e-23, 1.9714725805e-23, 4.12188248012e-23, 3.43516928025e-23, 5.47237038246e-23, 7.33109391368e-23, 1.21240398555e-22, 1.25147961095e-22, 1.43384670798e-22, 2.45710381034e-22, 3.49967424715e-22, 3.96615332261e-22, 6.67937944294e-22, 9.14421207067e-22, 1.18431190403e-21, 1.96133247407e-21], "var": [1.93315682906e-10, 2.71956054121e-07, 1.37942049605e-06, 7.85532756709e-06, 7.10028398316e-05, 6.67684480504e-06, 7.04976582711e-06, 4.11770815845e-05, 1.432332283e-05, 9.07715584617e-05, 8.94595905265e-06, 4.8581205192e-06, 2.28323438023e-06, 9.34115405471e-07, 1.16265130146e-06, 4.85252030558e-07, 1.34013731667e-07, 8.5757449142e-08, 2.35796690617e-07, 1.05999241384e-07, 1.22009904402e-08, 1.21642751427e-09, 3.25312332627e-10, 1.32972174938e-10, 1.7692491916e-10, 1.85927766239e-11, 3.18280260004e-13]}, "barkbands_crest": {"dmean": 3.10286593437, "dmean2": 4.98625850677, "dvar": 7.42271947861, "dvar2": 18.7002429962, "max": 26.1391811371, "mean": 10.8174886703, "median": 9.87209892273, "min": 1.88090133667, "var": 22.2966766357}, "barkbands_flatness_db": {"dmean": 0.0249789208174, "dmean2": 0.0374065861106, "dvar": 0.000533481885213, "dvar2": 0.00122088310309, "max": 0.376559883356, "mean": 0.16335362196, "median": 0.156131118536, "min": 0.00656907400116, "var": 0.00243971380405}, "barkbands_kurtosis": {"dmean": 5.84361505508, "dmean2": 9.03359794617, "dvar": 77.3600845337, "dvar2": 179.031707764, "max": 206.590148926, "mean": 7.85310173035, "median": 3.14327692986, "min": -1.87896335125, "var": 144.772476196}, "barkbands_skewness": {"dmean": 0.787276864052, "dmean2": 1.14968287945, "dvar": 0.624706864357, "dvar2": 1.32999682426, "max": 12.3036975861, "mean": 1.69669771194, "median": 1.52070069313, "min": -2.15307307243, "var": 2.47238874435}, "barkbands_spread": {"dmean": 4.36957168579, "dmean2": 6.60104084015, "dvar": 26.3595752716, "dvar2": 59.8673782349, "max": 103.576774597, "mean": 13.8173751831, "median": 12.3135433197, "min": 0.599644422531, "var": 81.405380249}, "dissonance": {"dmean": 0.0243844054639, "dmean2": 0.0398012474179, "dvar": 0.00060089409817, "dvar2": 0.00148816907313, "max": 0.500000238419, "mean": 0.448894530535, "median": 0.46014046669, "min": 0.180960819125, "var": 0.00180334446486}, "dynamic_complexity": 4.89075136185, "erbbands": {"dmean": [0.00531426211819, 0.071323171258, 0.469516664743, 2.92950868607, 8.85384464264, 11.7749376297, 7.86852073669, 7.00007152557, 6.65360832214, 10.5149650574, 13.3582010269, 9.6349067688, 16.5682640076, 29.2290687561, 18.6834697723, 14.3842325211, 14.1995630264, 10.9271764755, 14.1456260681, 10.188583374, 6.71799278259, 3.89697480202, 3.35389494896, 4.71072864532, 4.81378555298, 3.53662443161, 1.66835200787, 0.58020478487, 0.278908580542, 0.1938239187, 0.13421484828, 0.0662848949432, 0.0464231967926, 0.0400746241212, 0.0205518882722, 0.00813761912286, 0.00243150116876, 0.000511794176418, 3.63608523912e-05, 8.13234873931e-06], "dmean2": [0.00838944036514, 0.115414910018, 0.7835547328, 4.98805522919, 14.8122396469, 19.4342098236, 12.4574871063, 10.844042778, 9.78560829163, 15.209444046, 18.2551288605, 14.0775184631, 22.8522834778, 38.6908111572, 26.1319274902, 20.3784542084, 20.0274238586, 16.011264801, 20.6650466919, 15.095041275, 9.66607284546, 5.60349273682, 4.78030490875, 6.74905157089, 6.73295736313, 5.02296686172, 2.42151141167, 0.844685196877, 0.396710813046, 0.283635526896, 0.198223680258, 0.0994976386428, 0.0701600909233, 0.0617943070829, 0.0316560044885, 0.0122589888051, 0.00366361322813, 0.000779705587775, 5.62553141208e-05, 1.16812461783e-05], "dvar": [0.000106424064143, 0.0157312434167, 0.652753412724, 34.961605072, 571.91418457, 1042.6472168, 284.208007812, 271.326049805, 414.543762207, 2212.0065918, 4189.27490234, 2769.109375, 7288.41308594, 14307.4160156, 4006.73071289, 3468.59423828, 1669.80029297, 958.582397461, 1413.94104004, 1081.20581055, 422.640716553, 147.40447998, 79.9869613647, 169.101028442, 257.904449463, 91.0327911377, 16.4553718567, 3.17217946053, 0.896529972553, 0.290518432856, 0.131111636758, 0.0442872829735, 0.0396637320518, 0.0436242073774, 0.00415240088478, 0.00038454591413, 3.26650333591e-05, 1.40977306273e-06, 6.82211531711e-09, 2.23083995721e-10], "dvar2": [0.000256155210081, 0.0391519442201, 1.72291517258, 95.6203460693, 1498.21679688, 2656.81176758, 666.327392578, 580.95690918, 796.753112793, 4168.54248047, 7007.74560547, 5563.515625, 11993.2646484, 20725.03125, 7161.48681641, 6625.27929688, 3455.41699219, 2153.38989258, 2983.4152832, 2386.66943359, 886.292541504, 311.51739502, 163.786483765, 364.926208496, 558.976074219, 197.556152344, 34.3177261353, 6.97569274902, 1.86698031425, 0.66963237524, 0.302607119083, 0.105043835938, 0.0876975283027, 0.113612614572, 0.00922393426299, 0.000811248726677, 7.59128233767e-05, 3.3698443076e-06, 1.65710396516e-08, 5.00587404861e-10], "max": [0.371719658375, 2.38413238525, 13.4452495575, 73.736000061, 290.528839111, 426.978179932, 303.668670654, 412.734039307, 756.933837891, 2212.5078125, 2841.33129883, 2590.2644043, 4107.11767578, 5639.05175781, 2362.77929688, 2431.05639648, 1300.4597168, 832.305480957, 780.037231445, 1564.2857666, 645.125732422, 487.933227539, 265.043609619, 356.886230469, 626.425598145, 270.688110352, 114.099357605, 42.9054298401, 30.7302532196, 14.6144304276, 10.1299600601, 8.51418018341, 9.28722572327, 11.028801918, 1.82053148746, 0.528472423553, 0.139508858323, 0.022847155109, 0.00183840002865, 0.000173077220097], "mean": [0.00709977280349, 0.0997651144862, 0.658422768116, 3.54549050331, 9.36069774628, 13.0353031158, 10.609992981, 9.9141740799, 10.5689134598, 15.8678045273, 25.2829418182, 15.3604764938, 40.600818634, 62.0874061584, 32.2061004639, 26.1015758514, 26.1755561829, 18.8429813385, 24.4175186157, 16.8111724854, 11.7332220078, 7.08815336227, 6.43890714645, 9.16454124451, 9.75839233398, 7.62662935257, 3.74014663696, 1.12907671928, 0.520547986031, 0.37449324131, 0.271216034889, 0.130941495299, 0.0852393656969, 0.0702300295234, 0.0391899012029, 0.0148793300614, 0.00419169757515, 0.000781447452027, 5.7446599385e-05, 1.988357144e-05], "median": [0.00337056652643, 0.0560557544231, 0.340173155069, 1.44485569, 3.54361057281, 4.11893367767, 4.20648860931, 3.88081502914, 2.75850200653, 2.17406702042, 1.84991669655, 2.32475471497, 2.76015996933, 4.61858510971, 5.41104125977, 3.63351917267, 6.02665519714, 5.04615592957, 4.35286998749, 3.82999563217, 2.79868578911, 2.02014970779, 2.00879907608, 1.82045865059, 1.42895174026, 1.1592040062, 0.743015646935, 0.327160000801, 0.161295026541, 0.127226740122, 0.0860877037048, 0.0674136430025, 0.0397991240025, 0.0351684391499, 0.0202956199646, 0.00680813752115, 0.00175867392682, 0.000301004911307, 2.63025103777e-05, 1.2538068404e-05], "min": [6.14745103942e-23, 5.33493781235e-22, 1.83560001122e-21, 3.98597132608e-21, 9.69071895188e-21, 2.41601426974e-20, 4.49462253698e-20, 7.42229228267e-20, 1.46059287415e-19, 1.11518654877e-19, 6.24908780272e-20, 4.43566194302e-19, 6.69174691593e-19, 1.02121650474e-18, 1.14421691766e-18, 1.39137569296e-18, 1.47895726602e-18, 2.08136199027e-18, 2.61536787345e-18, 2.30986112191e-18, 4.16362023073e-18, 5.46352339642e-18, 5.58224780256e-18, 4.99335889933e-18, 6.73257189808e-18, 8.01359011679e-18, 9.2395313416e-18, 1.20535145859e-17, 1.09249292105e-17, 1.30419267619e-17, 1.21856500713e-17, 1.00804522513e-17, 1.08740369233e-17, 8.62844173791e-18, 6.07111278535e-18, 4.14982161734e-18, 2.35402822392e-18, 1.04623437557e-18, 2.42262021166e-19, 2.79997147681e-20], "var": [0.000129115622258, 0.019079817459, 0.812306165695, 34.9099998474, 480.315551758, 952.094482422, 376.932739258, 446.815307617, 996.416259766, 5572.57226562, 21821.9277344, 7388.49365234, 54340.5898438, 83976.078125, 11524.6757812, 9543.97558594, 4755.23828125, 1932.26696777, 3343.61010742, 2100.5859375, 986.301330566, 360.03414917, 212.001617432, 457.563079834, 621.823486328, 284.443695068, 62.0042076111, 6.9204287529, 1.87320268154, 0.575707018375, 0.241943642497, 0.0543569475412, 0.0471240282059, 0.0387411080301, 0.00581647409126, 0.000635353266262, 4.80348680867e-05, 1.83158499567e-06, 8.53443271609e-09, 5.52180023927e-10]}, "erbbands_crest": {"dmean": 3.2012283802, "dmean2": 5.07867050171, "dvar": 9.24099063873, "dvar2": 20.7549591064, "max": 33.7043685913, "mean": 11.0227804184, "median": 9.30086994171, "min": 2.68645834923, "var": 35.6381950378}, "erbbands_flatness_db": {"dmean": 0.0207406859845, "dmean2": 0.0290986951441, "dvar": 0.000389101769542, "dvar2": 0.000749493541662, "max": 0.419569790363, "mean": 0.187553390861, "median": 0.180660441518, "min": 0.0590175278485, "var": 0.00253182579763}, "erbbands_kurtosis": {"dmean": 1.82010507584, "dmean2": 2.81637001038, "dvar": 8.91458415985, "dvar2": 19.2853965759, "max": 59.9408760071, "mean": 1.89756190777, "median": 0.385434508324, "min": -1.82214522362, "var": 25.1996688843}, "erbbands_skewness": {"dmean": 0.531906247139, "dmean2": 0.780941843987, "dvar": 0.270783483982, "dvar2": 0.599877893925, "max": 6.36994028091, "mean": 0.642374038696, "median": 0.44989335537, "min": -2.15542006493, "var": 1.08850646019}, "erbbands_spread": {"dmean": 7.54093313217, "dmean2": 11.2723445892, "dvar": 66.161781311, "dvar2": 138.597488403, "max": 177.607223511, "mean": 28.9531345367, "median": 28.2481689453, "min": 1.47215914726, "var": 214.74130249}, "gfcc": {"cov": [[18435.3925781, 1118.82336426, -1884.42089844, 94.5992355347, -466.328033447, -99.3605575562, -192.498947144, 46.8996276855, -304.029449463, 46.4300422668, -74.3503189087, -158.883804321, -137.482376099], [1118.82336426, 561.35949707, 119.288238525, -76.2819900513, -27.8597393036, -87.2913665771, -65.1781616211, -2.12787508965, 18.3630218506, -3.77710390091, -17.0821895599, -34.6666641235, -21.8514556885], [-1884.42089844, 119.288238525, 1216.6262207, 40.7120399475, -22.9023361206, -60.1153640747, -173.374984741, 36.3890647888, 53.2294769287, 30.8464336395, -85.8321990967, 60.6555938721, -24.091709137], [94.5992355347, -76.2819900513, 40.7120399475, 258.053924561, 55.2043800354, 0.475413829088, -43.2823753357, -17.0031299591, -20.0296726227, 15.6513986588, 3.09334945679, 1.52110624313, 8.0313615799], [-466.328033447, -27.8597393036, -22.9023361206, 55.2043800354, 211.897491455, 34.8384552002, -3.58624362946, -43.9344062805, -23.8258838654, 23.8748703003, 4.5382142067, 13.4198904037, 6.69980764389], [-99.3605575562, -87.2913665771, -60.1153640747, 0.475413829088, 34.8384552002, 195.120193481, 81.0929107666, -46.291431427, -48.7246170044, 0.867186665535, 9.61082649231, 18.3753013611, 8.97852420807], [-192.498947144, -65.1781616211, -173.374984741, -43.2823753357, -3.58624362946, 81.0929107666, 208.82824707, 8.86187458038, -26.4905643463, -19.8664264679, 19.57654953, -11.4110612869, 19.777261734], [46.8996276855, -2.12787508965, 36.3890647888, -17.0031299591, -43.9344062805, -46.291431427, 8.86187458038, 137.29069519, 68.247177124, -15.7463359833, -14.8077611923, -7.54007196426, 2.84288740158], [-304.029449463, 18.3630218506, 53.2294769287, -20.0296726227, -23.8258838654, -48.7246170044, -26.4905643463, 68.247177124, 147.72833252, 4.98878002167, -2.9345843792, -5.36220121384, -7.29175043106], [46.4300422668, -3.77710390091, 30.8464336395, 15.6513986588, 23.8748703003, 0.867186665535, -19.8664264679, -15.7463359833, 4.98878002167, 102.269058228, 18.249124527, -3.26381373405, -12.490655899], [-74.3503189087, -17.0821895599, -85.8321990967, 3.09334945679, 4.5382142067, 9.61082649231, 19.57654953, -14.8077611923, -2.9345843792, 18.249124527, 82.8335189819, 7.10034656525, -10.0652256012], [-158.883804321, -34.6666641235, 60.6555938721, 1.52110624313, 13.4198904037, 18.3753013611, -11.4110612869, -7.54007196426, -5.36220121384, -3.26381373405, 7.10034656525, 82.4651870728, 22.8246555328], [-137.482376099, -21.8514556885, -24.091709137, 8.0313615799, 6.69980764389, 8.97852420807, 19.777261734, 2.84288740158, -7.29175043106, -12.490655899, -10.0652256012, 22.8246555328, 80.626121521]], "icov": [[0.000130126340082, -0.000340202939697, 0.000325157947373, -0.000221681344556, 0.000371358386474, -0.000143170487718, 0.000255494232988, -0.000310771225486, 0.000387988577131, -0.000282750261249, 0.000405689235777, -0.000251640856732, 0.000295468198601], [-0.000340202939697, 0.00304746651091, -0.00106480845716, 0.00134687812533, -0.00101559318136, 0.0011264818022, -0.000237174768699, 0.00125898525584, -0.00096157763619, 0.000959636759944, -0.00110806128941, 0.00166801374871, -0.000782610091846], [0.000325157947373, -0.00106480845716, 0.0019197933143, -0.000760354683734, 0.00110915873665, -0.000457898509922, 0.00121267698705, -0.00102963822428, 0.000809874851257, -0.00116003106814, 0.00220240582712, -0.00176114344504, 0.00127996411175], [-0.000221681344556, 0.00134687812533, -0.000760354683734, 0.0050439122133, -0.00171282119118, 0.000294245168334, 0.000850280106533, 0.000386418454582, 7.65065051382e-05, 0.000343425606843, -0.00133825850207, 0.00148818606976, -0.00138347910251], [0.000371358386474, -0.00101559318136, 0.00110915873665, -0.00171282119118, 0.00660785660148, -0.000999113544822, 0.000710471067578, 0.000453801243566, 0.000987594132312, -0.00191954895854, 0.00167676492129, -0.00155073741917, 0.000672185560688], [-0.000143170487718, 0.0011264818022, -0.000457898509922, 0.000294245168334, -0.000999113544822, 0.00775029137731, -0.00328657217324, 0.00247494084761, 0.000398865551688, 5.60604566999e-05, 0.000141063632327, -0.00132269633468, 0.000270716176601], [0.000255494232988, -0.000237174768699, 0.00121267698705, 0.000850280106533, 0.000710471067578, -0.00328657217324, 0.0080983042717, -0.00258698873222, 0.00187380553689, 0.000386457890272, -0.000934579817113, 0.0015538202133, -0.00126647599973], [-0.000310771225486, 0.00125898525584, -0.00102963822428, 0.000386418454582, 0.000453801243566, 0.00247494084761, -0.00258698873222, 0.0119491750374, -0.00553705496714, 0.00171727733687, 0.000576191872824, 0.000725941674318, -0.00100323802326], [0.000387988577131, -0.00096157763619, 0.000809874851257, 7.65065051382e-05, 0.000987594132312, 0.000398865551688, 0.00187380553689, -0.00553705496714, 0.0106929624453, -0.00165494228713, 0.000374448980438, -0.000466688652523, 0.00113401364069], [-0.000282750261249, 0.000959636759944, -0.00116003106814, 0.000343425606843, -0.00191954895854, 5.60604566999e-05, 0.000386457890272, 0.00171727733687, -0.00165494228713, 0.0118506969884, -0.00377778755501, 0.00188127602451, 7.70833503339e-05], [0.000405689235777, -0.00110806128941, 0.00220240582712, -0.00133825850207, 0.00167676492129, 0.000141063632327, -0.000934579817113, 0.000576191872824, 0.000374448980438, -0.00377778755501, 0.0164502765983, -0.00429667672142, 0.0039553460665], [-0.000251640856732, 0.00166801374871, -0.00176114344504, 0.00148818606976, -0.00155073741917, -0.00132269633468, 0.0015538202133, 0.000725941674318, -0.000466688652523, 0.00188127602451, -0.00429667672142, 0.016437003389, -0.00572243705392], [0.000295468198601, -0.000782610091846, 0.00127996411175, -0.00138347910251, 0.000672185560688, 0.000270716176601, -0.00126647599973, -0.00100323802326, 0.00113401364069, 7.70833503339e-05, 0.0039553460665, -0.00572243705392, 0.0157032180578]], "mean": [-81.9753723145, 110.235115051, -120.581298828, 20.7992267609, -48.1657905579, 3.19490337372, -41.5451698303, -3.75774359703, -39.6208572388, -1.64764666557, -17.7185688019, -5.30980205536, -8.74943256378]}, "hfc": {"dmean": 3.68608784676, "dmean2": 4.69770669937, "dvar": 33.3744697571, "dvar2": 52.865524292, "max": 141.289291382, "mean": 11.4259109497, "median": 5.61683368683, "min": 1.09626226729e-16, "var": 226.917709351}, "melbands": {"dmean": [6.28469279036e-05, 0.000184937322047, 0.000599324528594, 0.000841121480335, 0.000290503841825, 0.000160843672347, 9.90801418084e-05, 0.000126744373119, 0.00010559430666, 5.91442440054e-05, 8.82131862454e-05, 0.00012457559933, 6.668484275e-05, 4.54922446806e-05, 3.66900858353e-05, 2.95961453958e-05, 2.13851035369e-05, 2.33948903769e-05, 1.93269661395e-05, 1.19711321531e-05, 7.56631516197e-06, 4.4740991143e-06, 3.87330783269e-06, 3.14641238219e-06, 4.23080064138e-06, 3.74355931854e-06, 3.16327532346e-06, 2.41956604441e-06, 1.30174544211e-06, 6.35782953395e-07, 2.85784039988e-07, 1.73509192791e-07, 1.27490139334e-07, 1.10676026566e-07, 8.9119993163e-08, 5.71873073341e-08, 3.82837761492e-08, 3.23621449638e-08, 3.80582250159e-08, 3.41797665726e-08], "dmean2": [0.000101001678559, 0.000305170629872, 0.0010157750221, 0.00139809807297, 0.000458637921838, 0.000247861928074, 0.000146245118231, 0.000181906434591, 0.000144666511915, 8.76249032444e-05, 0.000122756755445, 0.000166521844221, 9.37015647651e-05, 6.66110936436e-05, 5.12121514475e-05, 4.30179388786e-05, 3.17270387313e-05, 3.44040781783e-05, 2.93729171972e-05, 1.77238925971e-05, 1.10550663521e-05, 6.67306267133e-06, 5.68635414311e-06, 4.67257905257e-06, 6.21941671852e-06, 5.40571045349e-06, 4.60654337076e-06, 3.53325617652e-06, 1.93620439859e-06, 9.44149746829e-07, 4.26832912126e-07, 2.52168064208e-07, 1.90424842117e-07, 1.6613884668e-07, 1.33461895757e-07, 8.77499175544e-08, 5.88497890419e-08, 4.96823275853e-08, 5.8778280021e-08, 5.38242481696e-08], "dvar": [1.33598376806e-08, 9.64813366977e-08, 1.61085233685e-06, 5.73529359826e-06, 3.73954009092e-07, 1.3999164139e-07, 9.79585124128e-08, 3.02393260654e-07, 2.56271277976e-07, 1.00831890393e-07, 2.02860775289e-07, 2.62232134673e-07, 5.90579887216e-08, 2.69248747742e-08, 1.70838188041e-08, 6.71617161885e-09, 3.95358457084e-09, 4.2803103284e-09, 2.70759858978e-09, 1.93450788721e-09, 5.66977298444e-10, 2.21816134904e-10, 1.40723002695e-10, 6.958547627e-11, 1.4532332282e-10, 1.40003245108e-10, 9.70622054952e-11, 4.83605343271e-11, 1.13625237691e-11, 3.08338662762e-12, 9.7587313664e-13, 3.80611286845e-13, 1.36546481587e-13, 9.19546828005e-14, 5.65722090755e-14, 2.60059917936e-14, 1.57543367864e-14, 1.66254525744e-14, 3.67762698278e-14, 3.11452828859e-14], "dvar2": [3.25181765959e-08, 2.48255020097e-07, 4.30378031524e-06, 1.47953478518e-05, 8.67455980824e-07, 2.9724515116e-07, 1.87618709901e-07, 5.29890201051e-07, 3.96134112179e-07, 2.05941702802e-07, 3.36839036663e-07, 3.88733809586e-07, 1.06564499447e-07, 5.67985694033e-08, 3.21794288993e-08, 1.44269458602e-08, 8.88273632427e-09, 8.86613893414e-09, 6.26870821918e-09, 4.24617807582e-09, 1.15254739086e-09, 4.82588136119e-10, 3.07278480438e-10, 1.46135936685e-10, 3.2686797713e-10, 2.94852697813e-10, 2.08293077231e-10, 1.0819437013e-10, 2.54607029904e-11, 6.74901497535e-12, 2.17041532316e-12, 7.89660004052e-13, 3.02943352912e-13, 2.16659806415e-13, 1.29754104054e-13, 6.39492324654e-14, 3.65782707942e-14, 3.72526547099e-14, 8.80706098327e-14, 8.33989791831e-14], "max": [0.00313889863901, 0.00549065927044, 0.0176848806441, 0.0284167677164, 0.0103943040594, 0.00951291806996, 0.0108828023076, 0.0252622943372, 0.0225893761963, 0.0142636671662, 0.0206527952105, 0.0232831165195, 0.00733407214284, 0.00594911444932, 0.00510088354349, 0.00272693904117, 0.00150874920655, 0.00187583791558, 0.00178296642844, 0.00154588266741, 0.000617498648353, 0.000627926376183, 0.000379338889616, 0.000205535077839, 0.000329061003868, 0.000365236803191, 0.000338633311912, 0.000220520567382, 0.000116071729281, 5.02436450915e-05, 2.61965669779e-05, 1.95387510757e-05, 9.45620377024e-06, 8.47152659844e-06, 6.99213524058e-06, 4.77369621876e-06, 5.10669951836e-06, 5.19267996424e-06, 1.00751976788e-05, 9.53504877543e-06], "mean": [8.32933146739e-05, 0.000274221238215, 0.000739905575756, 0.000890176044777, 0.000402007106459, 0.000228102784604, 0.00015776026703, 0.000195994303795, 0.000202297669603, 8.46259426908e-05, 0.000207283475902, 0.000263464986347, 0.000100937228126, 7.77291861596e-05, 6.20020146016e-05, 5.03075498273e-05, 3.34898177243e-05, 3.8490506995e-05, 3.0303341191e-05, 1.84000327863e-05, 1.24423859234e-05, 7.18603905625e-06, 6.65029165248e-06, 5.46715864402e-06, 7.64966807765e-06, 7.21157630323e-06, 5.99222312303e-06, 4.90610182169e-06, 2.69198403657e-06, 1.15206137252e-06, 4.82132634261e-07, 2.98754883943e-07, 2.24917002356e-07, 2.01027617663e-07, 1.71075953403e-07, 1.04352430697e-07, 7.00913673768e-08, 5.56954304898e-08, 6.3476250034e-08, 5.71215394984e-08], "median": [4.31061780546e-05, 0.000152143620653, 0.000336500670528, 0.000301056570606, 0.000164960321854, 8.58541607158e-05, 3.66383537767e-05, 2.16748230741e-05, 1.26162485685e-05, 1.13923833851e-05, 1.17167419376e-05, 1.57033937285e-05, 1.55909601744e-05, 9.67374762695e-06, 8.08946424513e-06, 1.21571420095e-05, 7.6863079812e-06, 6.08576237937e-06, 6.26766041023e-06, 3.38892550644e-06, 2.77017420558e-06, 1.88691319636e-06, 1.76359992565e-06, 1.5301387748e-06, 1.32840182232e-06, 9.4682911822e-07, 8.51683637393e-07, 6.53845006582e-07, 4.391197308e-07, 3.11074757064e-07, 1.24529620393e-07, 7.93894230355e-08, 7.77550326347e-08, 6.34604688798e-08, 4.58451303587e-08, 4.2535589273e-08, 3.53790596819e-08, 2.48271589953e-08, 2.88608408283e-08, 2.75581477638e-08], "min": [7.36938918604e-25, 1.12259294852e-24, 8.51727695948e-25, 8.21968362033e-25, 1.42686537574e-24, 2.05352484315e-24, 1.98568990505e-24, 1.02478819855e-24, 4.56589339283e-25, 2.16295641678e-24, 2.86301465826e-24, 3.57149872306e-24, 3.02656445657e-24, 3.8240478087e-24, 2.34815906644e-24, 2.38730273898e-24, 3.38528416208e-24, 3.48961535553e-24, 2.47123576436e-24, 3.606741084e-24, 3.99307190727e-24, 4.96591726369e-24, 5.91404248036e-24, 4.11524516224e-24, 3.34992465529e-24, 5.28989297113e-24, 4.1509955496e-24, 4.37248560368e-24, 4.41038918689e-24, 5.90179423151e-24, 7.02625549848e-24, 5.68429029159e-24, 5.88001141534e-24, 6.10628669967e-24, 6.46367184974e-24, 5.9981019207e-24, 5.87493864529e-24, 6.78000310058e-24, 5.32110188627e-24, 6.55824680594e-24], "var": [1.57978927717e-08, 1.28159186374e-07, 1.58264538186e-06, 4.89567537443e-06, 5.0134826779e-07, 2.31146742635e-07, 2.50588954032e-07, 8.8292796363e-07, 1.46005243096e-06, 2.33700561125e-07, 1.4401309727e-06, 1.58066745826e-06, 1.33864546115e-07, 6.59688694782e-08, 4.53095374553e-08, 1.69014029439e-08, 7.30203231214e-09, 9.27051679867e-09, 5.45223732829e-09, 3.49090800711e-09, 1.31122412927e-09, 4.5605255683e-10, 3.28625543444e-10, 1.6157203353e-10, 3.52060991471e-10, 3.65836444471e-10, 2.16489604021e-10, 1.34598845958e-10, 3.76725768636e-11, 6.77856815817e-12, 1.9295064678e-12, 7.7333950875e-13, 2.64674350145e-13, 1.71213019348e-13, 1.08494640951e-13, 3.50530863287e-14, 1.88431932004e-14, 1.99524319728e-14, 3.65960381573e-14, 2.6412970796e-14]}, "melbands_crest": {"dmean": 3.75631833076, "dmean2": 6.06715393066, "dvar": 10.3664693832, "dvar2": 26.8442573547, "max": 34.668712616, "mean": 13.7852087021, "median": 12.9579715729, "min": 1.00036692619, "var": 31.1040439606}, "melbands_flatness_db": {"dmean": 0.0297305490822, "dmean2": 0.0438337065279, "dvar": 0.000774367770646, "dvar2": 0.00171431887429, "max": 0.448873221874, "mean": 0.228577047586, "median": 0.22726893425, "min": -6.3851774712e-07, "var": 0.00412320299074}, "melbands_kurtosis": {"dmean": 9.18348026276, "dmean2": 14.0078611374, "dvar": 190.461013794, "dvar2": 428.679962158, "max": 387.139770508, "mean": 14.2017641068, "median": 7.09177494049, "min": -1.58220481873, "var": 392.114776611}, "melbands_skewness": {"dmean": 0.896738827229, "dmean2": 1.3098334074, "dvar": 0.793847441673, "dvar2": 1.6807308197, "max": 14.6680746078, "mean": 2.30972552299, "median": 2.14763355255, "min": -2.42519235611, "var": 3.22931623459}, "melbands_spread": {"dmean": 6.22488975525, "dmean2": 9.21810340881, "dvar": 51.4385375977, "dvar2": 109.50743103, "max": 156.601898193, "mean": 19.2315559387, "median": 13.916800499, "min": 0.84325248003, "var": 297.726989746}, "mfcc": {"cov": [[9136.36621094, 1001.21820068, -1329.23864746, 156.931304932, -269.12411499, -37.3216705322, 116.305213928, -57.9519004822, -212.73614502, 192.871566772, -108.368476868, -107.918968201, 128.451217651], [1001.21820068, 978.626281738, 140.243011475, 43.395401001, 50.4162330627, -65.8459777832, -51.5124015808, -66.7374343872, 4.80286312103, -46.2202644348, 14.7480392456, 27.2753410339, -56.1693763733], [-1329.23864746, 140.243011475, 897.059143066, 70.0727996826, 114.846588135, -73.9557952881, -117.046028137, -10.0586872101, 72.5354309082, -88.4650650024, 49.7786445618, 21.8624572754, -72.5047454834], [156.931304932, 43.395401001, 70.0727996826, 223.451873779, 82.1756362915, -34.105884552, -24.9947662354, -32.4054641724, 9.90147781372, -5.09334468842, -17.2604446411, 7.06611728668, -3.33889293671], [-269.12411499, 50.4162330627, 114.846588135, 82.1756362915, 217.956344604, 5.12883996964, -62.6088981628, -30.8116931915, 13.5307598114, -42.7781219482, 13.0030403137, 18.5810031891, -16.5643196106], [-37.3216705322, -65.8459777832, -73.9557952881, -34.105884552, 5.12883996964, 227.726898193, 101.348121643, -15.5986557007, -33.6349067688, -18.7450084686, -16.0558605194, -26.7210884094, 9.90278816223], [116.305213928, -51.5124015808, -117.046028137, -24.9947662354, -62.6088981628, 101.348121643, 190.696746826, 8.12323379517, -33.0414161682, 16.9522418976, -37.9338035583, -24.784330368, 10.3291778564], [-57.9519004822, -66.7374343872, -10.0586872101, -32.4054641724, -30.8116931915, -15.5986557007, 8.12323379517, 127.301292419, 21.8401660919, 3.79188871384, -0.636362612247, -18.7489738464, 1.75884759426], [-212.73614502, 4.80286312103, 72.5354309082, 9.90147781372, 13.5307598114, -33.6349067688, -33.0414161682, 21.8401660919, 118.419036865, 7.63709068298, -7.02748632431, 11.6968803406, -26.336977005], [192.871566772, -46.2202644348, -88.4650650024, -5.09334468842, -42.7781219482, -18.7450084686, 16.9522418976, 3.79188871384, 7.63709068298, 113.879730225, 4.71054410934, -9.93323326111, 15.8381919861], [-108.368476868, 14.7480392456, 49.7786445618, -17.2604446411, 13.0030403137, -16.0558605194, -37.9338035583, -0.636362612247, -7.02748632431, 4.71054410934, 104.394752502, 33.0285606384, -3.41569137573], [-107.918968201, 27.2753410339, 21.8624572754, 7.06611728668, 18.5810031891, -26.7210884094, -24.784330368, -18.7489738464, 11.6968803406, -9.93323326111, 33.0285606384, 95.9038772583, 13.2193450928], [128.451217651, -56.1693763733, -72.5047454834, -3.33889293671, -16.5643196106, 9.90278816223, 10.3291778564, 1.75884759426, -26.336977005, 15.8381919861, -3.41569137573, 13.2193450928, 80.6226425171]], "icov": [[0.000206275726669, -0.000274345366051, 0.000308840128127, -0.0002799097565, 0.00021424741135, 8.82734457264e-06, 0.000104624246887, -4.18667405029e-05, 0.000179467126145, -0.000134390691528, 1.34244864967e-05, 0.000223757015192, -0.000174280197825], [-0.000274345366051, 0.00151943194214, -0.000467782694614, 0.000324607855873, -0.000312828487949, 0.000338461220963, -0.000157379472512, 0.000611980911344, -0.00010041258065, 0.000510571873747, -3.38084282703e-05, -0.000476067187265, 0.000932930735871], [0.000308840128127, -0.000467782694614, 0.00194332201499, -0.000696705363225, 6.04850902164e-05, 0.000252079276834, 0.000437874026829, 1.84072032425e-05, -0.000440304604126, 0.000819444889203, -0.000705516547896, 0.000591397751123, 0.000394128815969], [-0.0002799097565, 0.000324607855873, -0.000696705363225, 0.00615493161604, -0.00255778711289, 0.00116073270328, -0.000633450283203, 0.00114995683543, -0.000287484232103, -0.00040303095011, 0.00136336963624, -0.000267122435616, -0.00022472893761], [0.00021424741135, -0.000312828487949, 6.04850902164e-05, -0.00255778711289, 0.00699838018045, -0.00154716626275, 0.00229036691599, 0.000564402958844, -0.000111564047984, 0.00139028788544, -0.000406327308156, -0.000343243998941, 0.000440813892055], [8.82734457264e-06, 0.000338461220963, 0.000252079276834, 0.00116073270328, -0.00154716626275, 0.0069714365527, -0.00391239393502, 0.00145907339174, -4.81272718389e-06, 0.0017946063308, -0.000820811837912, 0.00188098754734, -0.000905555090867], [0.000104624246887, -0.000157379472512, 0.000437874026829, -0.000633450283203, 0.00229036691599, -0.00391239393502, 0.00903340242803, -0.00105161126703, 0.00187893980183, -0.00146868475713, 0.00266722263768, -0.000739412789699, 0.00104449258652], [-4.18667405029e-05, 0.000611980911344, 1.84072032425e-05, 0.00114995683543, 0.000564402958844, 0.00145907339174, -0.00105161126703, 0.00964026805013, -0.00260502076708, 0.00129045918584, -0.00122295320034, 0.00263377046213, -0.00116974185221], [0.000179467126145, -0.00010041258065, -0.000440304604126, -0.000287484232103, -0.000111564047984, -4.81272718389e-06, 0.00187893980183, -0.00260502076708, 0.0115924580023, -0.00263838865794, 0.00299258716404, -0.00291214860044, 0.00393949775025], [-0.000134390691528, 0.000510571873747, 0.000819444889203, -0.00040303095011, 0.00139028788544, 0.0017946063308, -0.00146868475713, 0.00129045918584, -0.00263838865794, 0.0116152474657, -0.0026123507414, 0.00236757681705, -0.00212725880556], [1.34244864967e-05, -3.38084282703e-05, -0.000705516547896, 0.00136336963624, -0.000406327308156, -0.000820811837912, 0.00266722263768, -0.00122295320034, 0.00299258716404, -0.0026123507414, 0.0130098499358, -0.00499825086445, 0.00194084260147], [0.000223757015192, -0.000476067187265, 0.000591397751123, -0.000267122435616, -0.000343243998941, 0.00188098754734, -0.000739412789699, 0.00263377046213, -0.00291214860044, 0.00236757681705, -0.00499825086445, 0.0145480446517, -0.00444522686303], [-0.000174280197825, 0.000932930735871, 0.000394128815969, -0.00022472893761, 0.000440813892055, -0.000905555090867, 0.00104449258652, -0.00116974185221, 0.00393949775025, -0.00212725880556, 0.00194084260147, -0.00444522686303, 0.0162856373936]], "mean": [-720.809814453, 143.845092773, -13.0015335083, 22.4285449982, 5.20257902145, 4.60851287842, 6.06970262527, -8.42257022858, -9.28654003143, -4.68086719513, -11.2881851196, -8.60332393646, -4.72161006927]}, "pitch_salience": {"dmean": 0.0781729668379, "dmean2": 0.126539111137, "dvar": 0.00450537912548, "dvar2": 0.0114904455841, "max": 0.99609786272, "mean": 0.575812518597, "median": 0.589843273163, "min": 0.109366230667, "var": 0.0154727883637}, "silence_rate_20dB": {"dmean": 0, "dmean2": 0, "dvar": 0, "dvar2": 0, "max": 1, "mean": 1, "median": 1, "min": 1, "var": 0}, "silence_rate_30dB": {"dmean": 0.00305693550035, "dmean2": 0.00611464958638, "dvar": 0.00304775102995, "dvar2": 0.00760618457571, "max": 1, "mean": 0.995924592018, "median": 1, "min": 0, "var": 0.00405888259411}, "silence_rate_60dB": {"dmean": 0.0779518559575, "dmean2": 0.155923560262, "dvar": 0.0718751102686, "dvar2": 0.150710865855, "max": 1, "mean": 0.184284254909, "median": 0, "min": 0, "var": 0.15031580627}, "spectral_centroid": {"dmean": 238.284744263, "dmean2": 346.435760498, "dvar": 103815.609375, "dvar2": 209052.265625, "max": 11680.3574219, "mean": 1096.52453613, "median": 859.330627441, "min": 190.97883606, "var": 968395.1875}, "spectral_complexity": {"dmean": 2.89746522903, "dmean2": 3.88484072685, "dvar": 9.58570671082, "dvar2": 15.3881149292, "max": 62, "mean": 12.0638055801, "median": 10, "min": 0, "var": 69.7392654419}, "spectral_contrast_coeffs": {"dmean": [0.0592607930303, 0.0498329773545, 0.0417369380593, 0.0352528616786, 0.0240907538682, 0.0177719183266], "dmean2": [0.0969071090221, 0.0801641345024, 0.0631127804518, 0.0526128523052, 0.0352205000818, 0.0271994173527], "dvar": [0.00259589380585, 0.00174164341297, 0.00144294928759, 0.000877900747582, 0.000444448087364, 0.000279662839603], "dvar2": [0.00667990604416, 0.00425572041422, 0.00283619551919, 0.00188844592776, 0.000870449468493, 0.000601819832809], "max": [-0.244721740484, -0.297620892525, -0.333723217249, -0.470138311386, -0.580668628216, -0.615420341492], "mean": [-0.599737584591, -0.719979763031, -0.754153311253, -0.765329003334, -0.792808413506, -0.782618880272], "median": [-0.600138604641, -0.728854894638, -0.776898562908, -0.768881320953, -0.802146136761, -0.787690460682], "min": [-0.985081851482, -0.99634718895, -0.998861074448, -0.987301051617, -0.987987399101, -0.965027332306], "var": [0.00713262241334, 0.0074355234392, 0.0092883259058, 0.00445372285321, 0.00322582875378, 0.00179486058187]}, "spectral_contrast_valleys": {"dmean": [0.437326967716, 0.446760058403, 0.386566281319, 0.379012972116, 0.298153877258, 0.24389949441], "dmean2": [0.697426080704, 0.652274370193, 0.553662240505, 0.513852894306, 0.384869337082, 0.335138112307], "dvar": [0.156030073762, 0.172514006495, 0.145722463727, 0.150223314762, 0.119325816631, 0.106914393604], "dvar2": [0.33954757452, 0.317078143358, 0.265822052956, 0.24345856905, 0.180722877383, 0.173957407475], "max": [-5.96852636337, -5.01006317139, -5.70951080322, -5.32135248184, -5.46693134308, -8.64549636841], "mean": [-8.05833244324, -7.57219839096, -8.06332302094, -8.40874004364, -8.47198486328, -11.3685894012], "median": [-7.79752159119, -7.34895324707, -7.82699680328, -8.21459770203, -8.27156925201, -11.1515398026], "min": [-27.9419536591, -28.2432098389, -27.627456665, -27.6854629517, -27.5575332642, -27.3529815674], "var": [3.36951041222, 3.59347987175, 3.35480618477, 3.47854351997, 3.30378317833, 2.39587926865]}, "spectral_decrease": {"dmean": 1.72184000391e-09, "dmean2": 2.51873566448e-09, "dvar": 1.06789745e-17, "dvar2": 2.43919548425e-17, "max": 3.30341112369e-26, "mean": -3.95913701823e-09, "median": -2.43263742483e-09, "min": -3.61147591832e-08, "var": 2.38858096431e-17}, "spectral_energy": {"dmean": 0.00678450474516, "dmean2": 0.00986352004111, "dvar": 0.000160442417837, "dvar2": 0.000363877654308, "max": 0.144692420959, "mean": 0.0159790609032, "median": 0.00990191660821, "min": 9.99704719717e-21, "var": 0.000381362566259}, "spectral_energyband_high": {"dmean": 7.01434619259e-05, "dmean2": 9.66862207861e-05, "dvar": 2.62899106929e-08, "dvar2": 5.39436548763e-08, "max": 0.00524474401027, "mean": 0.000169328806805, "median": 5.16899053764e-05, "min": 7.08134459005e-21, "var": 9.29263777039e-08}, "spectral_energyband_low": {"dmean": 0.00131813681219, "dmean2": 0.00217539491132, "dvar": 5.54508869754e-06, "dvar2": 1.44564237416e-05, "max": 0.0266850069165, "mean": 0.00191645498853, "median": 0.000956408912316, "min": 1.29729793028e-23, "var": 6.92590356266e-06}, "spectral_energyband_middle_high": {"dmean": 0.00197379430756, "dmean2": 0.00252410629764, "dvar": 2.15355503315e-05, "dvar2": 3.39723519573e-05, "max": 0.142743721604, "mean": 0.00539703527465, "median": 0.00134134734981, "min": 1.31295646269e-21, "var": 0.000126692277263}, "spectral_energyband_middle_low": {"dmean": 0.00566674489528, "dmean2": 0.00861877109855, "dvar": 0.000152649998199, "dvar2": 0.00035516396747, "max": 0.131529524922, "mean": 0.00961681362242, "median": 0.00443935347721, "min": 1.46512321271e-22, "var": 0.000249337783316}, "spectral_entropy": {"dmean": 0.197759255767, "dmean2": 0.294514775276, "dvar": 0.0382326878607, "dvar2": 0.0848392695189, "max": 9.81673908234, "mean": 7.17656040192, "median": 7.22741985321, "min": 5.17109251022, "var": 0.216564819217}, "spectral_flux": {"dmean": 0.0239810496569, "dmean2": 0.0373212769628, "dvar": 0.000969586777501, "dvar2": 0.00221457728185, "max": 0.330441862345, "mean": 0.0680164545774, "median": 0.0568646006286, "min": 6.31799126904e-11, "var": 0.00236927787773}, "spectral_kurtosis": {"dmean": 2.15524172783, "dmean2": 3.54844713211, "dvar": 4.71232557297, "dvar2": 12.2558832169, "max": 34.2257118225, "mean": 7.06831645966, "median": 6.43686914444, "min": -1.24298655987, "var": 12.2140407562}, "spectral_rms": {"dmean": 0.000754460692406, "dmean2": 0.00104903813917, "dvar": 1.01953560261e-06, "dvar2": 2.03763943318e-06, "max": 0.0118812182918, "mean": 0.0033896502573, "median": 0.00310811959207, "min": 3.12301400018e-12, "var": 4.09958647651e-06}, "spectral_rolloff": {"dmean": 348.034210205, "dmean2": 566.508728027, "dvar": 389673.28125, "dvar2": 891682.125, "max": 19659.8144531, "mean": 1200.62902832, "median": 882.861328125, "min": 172.265625, "var": 2672787.25}, "spectral_skewness": {"dmean": 0.279041856527, "dmean2": 0.428287804127, "dvar": 0.0668216273189, "dvar2": 0.154887363315, "max": 4.82612514496, "mean": 1.90295886993, "median": 1.896733284, "min": -0.0681265518069, "var": 0.311805874109}, "spectral_