{"lowlevel": {"average_loudness": 0.75009059906, "barkbands": {"dmean": [0.000201589151402, 0.00403081160039, 0.000837707077153, 0.00112052832264, 0.00172629952431, 0.00141407200135, 0.0012133223936, 0.000654689793009, 0.000914801610634, 0.000528266420588, 0.000505500705913, 0.000364444800653, 0.000320333638228, 0.000204626849154, 0.000162880562129, 0.000114681592095, 0.000111899098556, 0.000136342772748, 0.00018270163855, 0.000182475298061, 0.000214595638681, 0.000222269110964, 0.000122796598589, 7.71331397118e-05, 5.38215972483e-05, 4.00073768105e-05, 3.26484332618e-05], "dmean2": [0.000319613143802, 0.00626944471151, 0.00132563593797, 0.00171808572486, 0.00274208537303, 0.00224629440345, 0.00192015373614, 0.00104764243588, 0.00142574624624, 0.000835625745822, 0.000801200338174, 0.000577476050239, 0.00050393078709, 0.000320022925735, 0.000262101530097, 0.000193700077944, 0.00018495223776, 0.000222762289923, 0.000302255532006, 0.000315628625685, 0.000370464927983, 0.000378465949325, 0.0002027018636, 0.000121639190183, 8.60818690853e-05, 6.60028599668e-05, 5.58355968678e-05], "dvar": [7.70829899466e-07, 0.000240747525822, 4.36649179392e-06, 3.35408890351e-06, 6.7265987127e-06, 5.67029610465e-06, 5.75665308133e-06, 3.18566344504e-06, 5.34447417522e-06, 1.96445103029e-06, 2.52925565292e-06, 1.10854773538e-06, 1.0148887668e-06, 5.18531237503e-07, 3.37626033797e-07, 1.92424280954e-07, 1.50920143938e-07, 2.1133460848e-07, 3.88391896422e-07, 4.04378369012e-07, 5.38872257039e-07, 4.95602535011e-07, 1.27394244487e-07, 7.39402494787e-08, 4.36002025594e-08, 1.72366316775e-08, 1.73177738816e-08], "dvar2": [1.84687121418e-06, 0.000558168860152, 1.2100672393e-05, 8.92528169061e-06, 1.75536551978e-05, 1.43848737935e-05, 1.37912002174e-05, 7.78309731686e-06, 1.1983175682e-05, 4.60297724203e-06, 6.02743557465e-06, 2.60796468865e-06, 2.4893513455e-06, 1.24104963106e-06, 8.43750115109e-07, 5.17188652793e-07, 3.94386574953e-07, 5.4012241435e-07, 1.01373268535e-06, 1.11463157282e-06, 1.47948287577e-06, 1.32489628868e-06, 3.32340647446e-07, 1.80926406301e-07, 1.12713898659e-07, 4.28424336008e-08, 4.41117009586e-08], "max": [0.0101984869689, 0.188052624464, 0.0314317122102, 0.0299400910735, 0.0558180734515, 0.0472353808582, 0.065996915102, 0.039040338248, 0.0620615631342, 0.0417068116367, 0.0466740615666, 0.0275081284344, 0.026312597096, 0.0300796497613, 0.0181732382625, 0.0117811197415, 0.00650495337322, 0.00893252529204, 0.0152371572331, 0.0101899541914, 0.0104899695143, 0.0132248820737, 0.00560362171382, 0.0102510005236, 0.00630634697154, 0.00342189869843, 0.00328148133121], "mean": [0.000182161602424, 0.00625316426158, 0.00188470887952, 0.00251519866288, 0.00313608953729, 0.00229415576905, 0.00186728220433, 0.000944790954236, 0.00155736599118, 0.000851647462696, 0.00082005065633, 0.000526322401129, 0.000482111587189, 0.00030251237331, 0.000189039201359, 0.000117649651656, 0.000121293334814, 0.000158818438649, 0.000209140358493, 0.000168753744219, 0.000190843013115, 0.000217186912778, 0.000131100081489, 9.78171010502e-05, 6.53183378745e-05, 3.84388040402e-05, 2.42500336753e-05], "median": [1.09170332507e-06, 0.00333717186004, 0.000903986045159, 0.00134292838629, 0.00205686246045, 0.00129112042487, 0.00070757442154, 0.000235269413679, 0.00037791673094, 0.000153261498781, 0.000123109319247, 7.53256681492e-05, 5.60004191357e-05, 2.60237102339e-05, 2.00502181542e-05, 1.48437720782e-05, 1.86210345419e-05, 2.02794544748e-05, 2.84601446765e-05, 2.34724029724e-05, 2.24236973736e-05, 2.96801936202e-05, 1.97980516532e-05, 1.59033425007e-05, 1.02267094917e-05, 4.08879441238e-06, 5.63628816508e-07], "min": [1.83971213131e-25, 1.8551614298e-24, 1.1925052532e-24, 1.80366399826e-24, 8.45078367657e-24, 5.76014912838e-24, 8.64605041644e-24, 5.65869451622e-24, 9.36131138806e-24, 1.40015584711e-23, 1.20674805796e-23, 8.91001037507e-24, 3.7382408048e-23, 3.63356243366e-23, 5.67094686715e-23, 4.76736192048e-23, 7.49518203067e-23, 6.27056887645e-23, 1.26691629358e-22, 1.96527137648e-22, 2.396645763e-22, 3.03951136008e-22, 4.2476708953e-22, 5.89646995683e-22, 8.34181658424e-22, 1.24902959831e-21, 1.91150191036e-21], "var": [6.84951714902e-07, 0.000229408513405, 7.04481317371e-06, 1.16090386655e-05, 1.3225382645e-05, 1.00167544588e-05, 1.02835001599e-05, 5.3479102462e-06, 1.29517411551e-05, 4.48300534117e-06, 6.02493582846e-06, 2.00549857254e-06, 1.87558111975e-06, 1.01893908777e-06, 3.77150058739e-07, 1.65388868822e-07, 1.40197997212e-07, 2.24216151423e-07, 4.88410364596e-07, 2.9941907087e-07, 4.02647458486e-07, 4.40620709696e-07, 1.36324899813e-07, 1.27345984424e-07, 5.84057637809e-08, 1.78180599164e-08, 1.38198155142e-08]}, "barkbands_crest": {"dmean": 2.46541905403, "dmean2": 3.91369771957, "dvar": 6.14845180511, "dvar2": 15.1128139496, "max": 26.5490436554, "mean": 10.4019861221, "median": 9.66808509827, "min": 2.20208001137, "var": 16.8069591522}, "barkbands_flatness_db": {"dmean": 0.0342590361834, "dmean2": 0.0488374345005, "dvar": 0.00126038084272, "dvar2": 0.00244313408621, "max": 0.463646441698, "mean": 0.177355021238, "median": 0.164640709758, "min": 0.0131252799183, "var": 0.00578959193081}, "barkbands_kurtosis": {"dmean": 6.42741441727, "dmean2": 10.3081121445, "dvar": 269.117584229, "dvar2": 653.648254395, "max": 559.186340332, "mean": 9.88128471375, "median": 5.45149850845, "min": -1.91575336456, "var": 352.453582764}, "barkbands_skewness": {"dmean": 0.774343371391, "dmean2": 1.18805515766, "dvar": 0.935274600983, "dvar2": 2.12577795982, "max": 20.6702537537, "mean": 2.03940176964, "median": 1.85987269878, "min": -4.30129051208, "var": 2.43790698051}, "barkbands_spread": {"dmean": 6.70173454285, "dmean2": 10.6311559677, "dvar": 105.832427979, "dvar2": 250.079315186, "max": 132.863082886, "mean": 15.8415470123, "median": 11.1458444595, "min": 0.260067850351, "var": 229.021728516}, "dissonance": {"dmean": 0.029115634039, "dmean2": 0.0474623814225, "dvar": 0.000746451027226, "dvar2": 0.00180850969627, "max": 0.500000059605, "mean": 0.440091341734, "median": 0.44889819622, "min": 0.211604118347, "var": 0.00179792370182}, "dynamic_complexity": 4.72208786011, "erbbands": {"dmean": [0.153907522559, 0.792591512203, 1.00107228756, 2.40484976768, 4.44681501389, 6.87876749039, 9.42647647858, 11.3195781708, 15.8686647415, 16.3400344849, 14.54347229, 19.5153675079, 15.3466653824, 17.5384540558, 16.2541027069, 13.2849264145, 13.4818649292, 10.5611143112, 7.8528676033, 8.10251235962, 6.23970031738, 6.37767505646, 7.34799575806, 8.46546649933, 9.0696516037, 8.45239162445, 9.13334274292, 8.1046295166, 8.33232498169, 5.72293615341, 3.28106331825, 1.92761051655, 1.1503303051, 0.713542282581, 0.332807928324, 0.148527756333, 0.0707217901945, 0.033524248749, 0.00600535143167, 0.00026370055275], "dmean2": [0.239513456821, 1.2545260191, 1.61325991154, 3.60211229324, 7.22895908356, 10.8110389709, 14.8601398468, 18.057220459, 24.9605178833, 26.4972991943, 23.2207622528, 30.3134880066, 24.0324726105, 26.9570617676, 25.1106472015, 21.0103569031, 21.2283687592, 16.0732917786, 12.5310144424, 13.1385746002, 10.3908672333, 10.4983329773, 12.0204925537, 13.7469921112, 15.3802070618, 14.6090517044, 15.9576635361, 13.8165092468, 14.316110611, 9.64259815216, 5.3969502449, 3.07165074348, 1.82537400723, 1.14965987206, 0.528355121613, 0.237219586968, 0.118121042848, 0.0571638420224, 0.0103062251583, 0.000445302575827], "dvar": [0.418317735195, 8.55266666412, 7.77874231339, 14.1046743393, 50.3015480042, 135.318191528, 226.507049561, 439.031188965, 1151.32373047, 1835.86633301, 1434.05236816, 2646.89624023, 1441.74145508, 2600.36523438, 2396.50952148, 1482.10131836, 1867.61730957, 1099.83581543, 856.993041992, 839.135070801, 597.587158203, 509.150848389, 594.090148926, 812.077209473, 997.712036133, 882.493713379, 1084.47753906, 717.80279541, 742.7578125, 308.015533447, 92.6259231567, 55.8451080322, 14.0571622849, 7.08050012589, 1.86382174492, 0.232066303492, 0.0602668374777, 0.0160906929523, 0.000600518193096, 1.13794897061e-06], "dvar2": [0.977002203465, 20.9300289154, 21.5676727295, 35.7165908813, 139.223419189, 352.626556396, 566.069824219, 1115.02502441, 2738.09643555, 4694.41064453, 3492.49633789, 5938.76757813, 3402.64501953, 5804.41455078, 5410.44824219, 3549.32177734, 4653.29736328, 2490.28295898, 2156.17626953, 2068.50244141, 1606.95349121, 1336.32397461, 1512.9855957, 2057.27612305, 2696.33178711, 2433.70825195, 3030.00317383, 1934.86486816, 2016.75634766, 815.935852051, 238.692504883, 146.343185425, 33.1510696411, 18.0275745392, 4.85538387299, 0.565797150135, 0.153970241547, 0.0403188280761, 0.00154227903113, 2.87476041194e-06], "max": [8.33484268188, 35.9712295532, 40.7472991943, 59.4781684875, 124.533332825, 302.354766846, 276.381347656, 491.942779541, 1143.16064453, 1069.97497559, 1049.1105957, 1235.02453613, 1097.15673828, 1423.52319336, 1435.88342285, 1056.87072754, 1338.18151855, 976.839538574, 1088.38085938, 910.008666992, 743.557006836, 417.43560791, 434.880737305, 666.831237793, 682.271362305, 560.985290527, 488.407501221, 566.062316895, 468.340209961, 344.063903809, 180.791595459, 333.810241699, 113.94960022, 65.7144851685, 44.3257980347, 11.1886529922, 7.51533555984, 2.94239807129, 0.618069052696, 0.0240138042718], "mean": [0.176626086235, 1.38264322281, 2.37185144424, 6.0591545105, 8.16314315796, 12.0898160934, 15.9573011398, 18.404964447, 25.6922740936, 24.0448665619, 23.9830131531, 33.3067970276, 26.9496746063, 30.4167709351, 28.3474235535, 21.1544723511, 21.2227210999, 17.1999416351, 10.7586097717, 9.36736011505, 6.77398729324, 7.04849910736, 8.77765846252, 10.2506732941, 9.69606876373, 7.97253322601, 7.73555898666, 7.66623306274, 7.91768884659, 5.75685024261, 3.58621430397, 2.32806015015, 1.46776771545, 0.8554058671, 0.399619191885, 0.167160302401, 0.0632277727127, 0.0259248893708, 0.00444526830688, 0.000224131290452], "median": [0.0488438606262, 0.802569746971, 1.58816492558, 3.47612071037, 5.42158508301, 6.83450746536, 9.73105812073, 9.57312011719, 8.95162391663, 8.83139228821, 7.56182670593, 8.30648899078, 5.96317672729, 5.54425621033, 4.57394790649, 3.14945840836, 2.68300771713, 1.68249249458, 1.29520964622, 1.07928371429, 0.998463749886, 1.13152396679, 1.15589046478, 1.34059774876, 1.36652898788, 1.11009979248, 0.913842797279, 0.962957262993, 1.0819811821, 0.747027277946, 0.540929019451, 0.357317954302, 0.24985229969, 0.129171282053, 0.0632122978568, 0.0233730785549, 0.00588490813971, 0.00099221477285, 0.00011424049444, 3.16805308103e-05], "min": [1.00673822879e-22, 5.48301546084e-22, 1.39964432445e-21, 6.1253552348e-21, 7.31248744909e-21, 2.41844201253e-20, 6.32459259054e-20, 7.25095732842e-20, 9.7937195787e-20, 1.47603685317e-19, 1.9903140393e-19, 1.77554783774e-19, 4.93393796643e-19, 7.54006251013e-19, 9.29239397301e-19, 7.08678924794e-19, 2.02974943556e-18, 1.63316255056e-18, 1.99043809054e-18, 2.54480833322e-18, 3.48479818335e-18, 4.94303323086e-18, 4.1452754327e-18, 6.47521739795e-18, 8.4744273253e-18, 8.42263010252e-18, 7.51052368366e-18, 8.08578147757e-18, 1.04375990613e-17, 1.15767359526e-17, 1.21312430937e-17, 1.07248185039e-17, 9.34699947396e-18, 8.49847181134e-18, 6.57802726269e-18, 4.04512412644e-18, 2.44772669422e-18, 1.00128558788e-18, 2.45450388837e-19, 2.88812437318e-20], "var": [0.382463604212, 7.80690431595, 9.41022586823, 54.9418792725, 88.4937515259, 261.994506836, 415.644866943, 777.513671875, 2243.52172852, 2458.24731445, 2561.61401367, 6152.95458984, 3616.0690918, 6350.98291016, 5767.09179688, 2928.87719727, 3398.00170898, 2542.41357422, 1000.46002197, 949.481445313, 521.291137695, 467.849365234, 660.374694824, 1081.30053711, 1052.34655762, 663.538391113, 747.391235352, 585.632507324, 618.13470459, 296.133331299, 104.21660614, 76.7114181519, 26.8556499481, 9.63103580475, 2.43828964233, 0.314669400454, 0.0556422397494, 0.0137576861307, 0.000471086445032, 9.37480422181e-07]}, "erbbands_crest": {"dmean": 2.85109138489, "dmean2": 4.57823753357, "dvar": 6.70104074478, "dvar2": 16.6062850952, "max": 30.1124610901, "mean": 9.4560956955, "median": 8.67502212524, "min": 2.18805909157, "var": 16.4828414917}, "erbbands_flatness_db": {"dmean": 0.0296640433371, "dmean2": 0.0415156669915, "dvar": 0.00082793837646, "dvar2": 0.00144769495819, "max": 0.357888191938, "mean": 0.160043850541, "median": 0.154968142509, "min": 0.0331356674433, "var": 0.00261258613318}, "erbbands_kurtosis": {"dmean": 2.30427527428, "dmean2": 3.700289011, "dvar": 13.4742212296, "dvar2": 33.1679534912, "max": 103.468566895, "mean": 2.72250175476, "median": 1.68583714962, "min": -1.90709352493, "var": 20.795425415}, "erbbands_skewness": {"dmean": 0.562610149384, "dmean2": 0.879660069942, "dvar": 0.368803620338, "dvar2": 0.881569325924, "max": 9.47481155396, "mean": 1.03631234169, "median": 1.0361225605, "min": -5.2607049942, "var": 0.974839568138}, "erbbands_spread": {"dmean": 13.3254861832, "dmean2": 20.8989620209, "dvar": 280.06072998, "dvar2": 657.523803711, "max": 177.495529175, "mean": 36.204334259, "median": 29.726348877, "min": 2.30466246605, "var": 583.028747559}, "gfcc": {"cov": [[27616.9121094, 380.405761719, -2391.2800293, -48.6931533813, -862.575073242, 585.909179688, -326.575805664, 154.958953857, -294.277526855, 281.851409912, -252.133163452, 166.963546753, -244.499801636], [380.405761719, 2549.59790039, 301.907531738, -39.5303840637, 158.725204468, 8.35357570648, 212.012329102, -60.8135223389, 129.491653442, -131.67817688, 110.246940613, -105.73387146, 98.8392868042], [-2391.2800293, 301.907531738, 1316.16003418, 229.081512451, 250.69078064, -134.875335693, 112.465072632, 38.2384872437, 90.2532730103, -45.9897575378, 27.134344101, 14.2928390503, 39.3142127991], [-48.6931533813, -39.5303840637, 229.081512451, 545.136413574, 81.7470474243, -52.6766166687, -33.9265518188, 49.7819633484, 73.8427658081, 0.190359845757, -16.6470603943, 8.86342906952, 49.5924720764], [-862.575073242, 158.725204468, 250.69078064, 81.7470474243, 384.379333496, 27.5077934265, 105.659156799, 39.6078872681, 102.927909851, 24.4475002289, 16.4732131958, 5.61752033234, 42.2376251221], [585.909179688, 8.35357570648, -134.875335693, -52.6766166687, 27.5077934265, 268.037322998, 78.4131698608, 38.0698394775, 2.14373040199, 55.7461471558, 19.6407299042, 0.718179643154, 0.35625782609], [-326.575805664, 212.012329102, 112.465072632, -33.9265518188, 105.659156799, 78.4131698608, 244.535247803, 37.939239502, 30.3732719421, 12.4747495651, 50.6090278625, 6.66588497162, 0.195792198181], [154.958953857, -60.8135223389, 38.2384872437, 49.7819633484, 39.6078872681, 38.0698394775, 37.939239502, 148.506698608, 47.1842918396, 33.9346885681, 17.8008270264, 28.7851047516, 6.5661239624], [-294.277526855, 129.491653442, 90.2532730103, 73.8427658081, 102.927909851, 2.14373040199, 30.3732719421, 47.1842918396, 158.412200928, 36.2683753967, 19.5383701324, 14.8977117538, 33.4521255493], [281.851409912, -131.67817688, -45.9897575378, 0.190359845757, 24.4475002289, 55.7461471558, 12.4747495651, 33.9346885681, 36.2683753967, 117.827156067, 26.2554569244, 21.2096176147, 12.0283937454], [-252.133163452, 110.246940613, 27.134344101, -16.6470603943, 16.4732131958, 19.6407299042, 50.6090278625, 17.8008270264, 19.5383701324, 26.2554569244, 98.95703125, 32.2687683105, 9.78677845001], [166.963546753, -105.73387146, 14.2928390503, 8.86342906952, 5.61752033234, 0.718179643154, 6.66588497162, 28.7851047516, 14.8977117538, 21.2096176147, 32.2687683105, 94.9768829346, 21.0537071228], [-244.499801636, 98.8392868042, 39.3142127991, 49.5924720764, 42.2376251221, 0.35625782609, 0.195792198181, 6.5661239624, 33.4521255493, 12.0283937454, 9.78677845001, 21.0537071228, 87.9088973999]], "icov": [[6.21631043032e-05, -9.13849507924e-05, 9.26774155232e-05, -7.52890191507e-05, 7.43795826565e-05, -8.50897777127e-05, 5.26502299181e-05, -8.24432572699e-05, 0.000129646374262, -0.000254112237599, 0.000340153754223, -0.000340852449881, 0.000276514154393], [-9.13849507924e-05, 0.000760911498219, -0.000188411446288, 0.000231634970987, -6.99473021086e-05, 3.15692959703e-05, -0.000419406715082, 0.00037048489321, -0.000792345788796, 0.00134396948852, -0.00140759034548, 0.00151217007078, -0.00123719195835], [9.26774155232e-05, -0.000188411446288, 0.00117937475443, -0.000437140726717, -0.000409555679653, 0.000473661231808, -0.000335364893544, -0.000242470181547, 0.000189866506844, -8.10075871414e-05, 0.00038457789924, -0.000633868563455, 0.000450317136711], [-7.52890191507e-05, 0.000231634970987, -0.000437140726717, 0.0023924682755, -0.000223172901315, 0.000282148917904, 0.000413376750657, -0.000563511159271, -0.000860742875375, 0.000602498650551, -0.000151988802827, 0.000746592530049, -0.00139354390558], [7.43795826565e-05, -6.99473021086e-05, -0.000409555679653, -0.000223172901315, 0.0039993529208, -0.000400164775783, -0.00124452495947, 9.08613856154e-06, -0.00166223826818, -0.000544596812688, 0.000952825474087, -5.95147903368e-05, -0.000708054285496], [-8.50897777127e-05, 3.15692959703e-05, 0.000473661231808, 0.000282148917904, -0.000400164775783, 0.00524690002203, -0.00167018780485, -0.000853766861837, 0.000659459386952, -0.00182123156264, -0.000198801935767, 0.000953709881287, -0.000612684467342], [5.26502299181e-05, -0.000419406715082, -0.000335364893544, 0.000413376750657, -0.00124452495947, -0.00167018780485, 0.00631924252957, -0.00104358256795, 0.000301292922813, 0.000203101124498, -0.00187779613771, -0.000342913030181, 0.00135210645385], [-8.24432572699e-05, 0.00037048489321, -0.000242470181547, -0.000563511159271, 9.08613856154e-06, -0.000853766861837, -0.00104358256795, 0.00885815825313, -0.00226995884441, -0.000492682389449, -0.000550058030058, -0.00140571955126, 0.000449369574198], [0.000129646374262, -0.000792345788796, 0.000189866506844, -0.000860742875375, -0.00166223826818, 0.000659459386952, 0.000301292922813, -0.00226995884441, 0.0101133529097, -0.00347550376318, 0.000806853990071, -0.00126195524354, -0.000543527246919], [-0.000254112237599, 0.00134396948852, -8.10075871414e-05, 0.000602498650551, -0.000544596812688, -0.00182123156264, 0.000203101124498, -0.000492682389449, -0.00347550376318, 0.0137632405385, -0.00487243244424, 0.00179770193063, -0.00266486150213], [0.000340153754223, -0.00140759034548, 0.00038457789924, -0.000151988802827, 0.000952825474087, -0.000198801935767, -0.00187779613771, -0.000550058030058, 0.000806853990071, -0.00487243244424, 0.016587857157, -0.00713879754767, 0.00225334474817], [-0.000340852449881, 0.00151217007078, -0.000633868563455, 0.000746592530049, -5.95147903368e-05, 0.000953709881287, -0.000342913030181, -0.00140571955126, -0.00126195524354, 0.00179770193063, -0.00713879754767, 0.0167556479573, -0.00563930720091], [0.000276514154393, -0.00123719195835, 0.000450317136711, -0.00139354390558, -0.000708054285496, -0.000612684467342, 0.00135210645385, 0.000449369574198, -0.000543527246919, -0.00266486150213, 0.00225334474817, -0.00563930720091, 0.0160975418985]], "mean": [-59.7689666748, 100.343170166, -79.1461257935, 25.5307826996, -68.1836547852, 6.31539916992, -29.3137798309, 2.44168281555, -23.9929904938, -2.16847515106, -12.8949728012, -0.142997637391, -11.4342775345]}, "hfc": {"dmean": 9.1214427948, "dmean2": 14.1026706696, "dvar": 473.849884033, "dvar2": 1161.85375977, "max": 320.820465088, "mean": 16.5107784271, "median": 7.55867099762, "min": 1.08230680392e-16, "var": 662.301574707}, "melbands": {"dmean": [0.00122824206483, 0.000672047375701, 0.000453916261904, 0.000407725194236, 0.000305377878249, 0.000258432351984, 0.000235514948145, 0.000171813022462, 0.000136199290864, 0.000120817749121, 8.04563460406e-05, 7.40879040677e-05, 6.05318782618e-05, 3.90403984056e-05, 4.04471284128e-05, 2.71057851933e-05, 2.04783027584e-05, 1.37152792377e-05, 1.29620420921e-05, 8.78928767634e-06, 7.1729064075e-06, 6.68434449835e-06, 6.54993300486e-06, 6.67527683618e-06, 7.01465705788e-06, 7.27221004126e-06, 5.92389187659e-06, 5.63282446819e-06, 5.70227393837e-06, 5.38972244613e-06, 4.56455791209e-06, 4.87402894578e-06, 4.19062689616e-06, 2.85075952888e-06, 2.06514550882e-06, 1.35110587962e-06, 1.14767283321e-06, 8.42036229187e-07, 6.8955836241e-07, 5.99554368819e-07], "dmean2": [0.00191098125651, 0.00105998502113, 0.000700866919942, 0.000648835673928, 0.000482365692733, 0.000411248358432, 0.000370949332137, 0.000278031162452, 0.00021795630164, 0.000186191871762, 0.000126507045934, 0.000113873611554, 9.36469150474e-05, 6.12323419773e-05, 6.41278384137e-05, 4.2463059799e-05, 3.14051285386e-05, 2.20295150939e-05, 2.10039706872e-05, 1.46105312524e-05, 1.20466502267e-05, 1.10607825263e-05, 1.08662961793e-05, 1.08817866931e-05, 1.13973210318e-05, 1.22826777442e-05, 1.02436706584e-05, 9.7968195405e-06, 1.00339257187e-05, 9.40128484217e-06, 7.77415880293e-06, 8.40532720758e-06, 7.17240300219e-06, 4.82225732412e-06, 3.43580290973e-06, 2.19640264731e-06, 1.83793372344e-06, 1.3526322391e-06, 1.10115627194e-06, 9.78509319793e-07], "dvar": [2.45785322477e-05, 4.31235639553e-06, 4.87974432417e-07, 3.90921428561e-07, 2.19346645736e-07, 2.05049204283e-07, 2.31025040875e-07, 2.0322740113e-07, 1.26080450968e-07, 9.9119439767e-08, 4.01681745643e-08, 4.44281020862e-08, 3.5361662043e-08, 1.49780685632e-08, 1.45179122057e-08, 8.07596745034e-09, 4.68366501138e-09, 2.99399349757e-09, 2.09106154614e-09, 9.77764758048e-10, 8.84595952044e-10, 5.60855639709e-10, 5.25812560159e-10, 5.19606191407e-10, 5.72904779172e-10, 7.17955028762e-10, 4.19450141287e-10, 4.1091696712e-10, 4.51388232348e-10, 3.63879010257e-10, 2.38591563173e-10, 2.55533511018e-10, 1.93730018139e-10, 7.83257486647e-11, 3.95303893785e-11, 1.90049018189e-11, 2.42627688773e-11, 8.50367953137e-12, 4.79752218854e-12, 6.28499682853e-12], "dvar2": [5.7084220316e-05, 1.09719521788e-05, 1.32012587528e-06, 1.03702143406e-06, 5.5260835552e-07, 5.22214634202e-07, 5.52191579573e-07, 5.18227807333e-07, 3.0622126701e-07, 2.16958866872e-07, 9.50029601654e-08, 9.8729849185e-08, 7.91248950804e-08, 3.53970257549e-08, 3.63475081144e-08, 1.8814953151e-08, 1.08595994419e-08, 7.44174810663e-09, 5.1910427068e-09, 2.52714094096e-09, 2.40524045125e-09, 1.46941625534e-09, 1.37489419849e-09, 1.32747124404e-09, 1.43783418505e-09, 1.9386261485e-09, 1.14399778539e-09, 1.14066811552e-09, 1.26933752398e-09, 1.00421082561e-09, 6.43224085106e-10, 6.95983659593e-10, 5.19818854627e-10, 2.09643233329e-10, 1.03722627709e-10, 4.78249523317e-11, 6.36293309708e-11, 2.05103781181e-11, 1.15623743219e-11, 1.64400559138e-11], "max": [0.0619194582105, 0.0273210871965, 0.00993421208113, 0.0145216276869, 0.00818781368434, 0.0106040453538, 0.0158431772143, 0.0100519303232, 0.0090644787997, 0.0078979851678, 0.00556493969634, 0.00616672076285, 0.00657714996487, 0.00358976121061, 0.00335570378229, 0.00325428927317, 0.00225627562031, 0.00222576619126, 0.00121831521392, 0.000592738506384, 0.00106333906297, 0.000457475893199, 0.000560484535526, 0.00053191272309, 0.000624354521278, 0.000706578488462, 0.000356156146154, 0.00038715073606, 0.000386102561606, 0.000271781726042, 0.000411951594288, 0.000325769127812, 0.000282780471025, 0.000154806140927, 0.000134230358526, 0.000101578007161, 0.000237808329985, 9.49948080233e-05, 6.81888341205e-05, 7.54203574616e-05], "mean": [0.00167725828942, 0.00148941355292, 0.00108305108733, 0.000742705713492, 0.000550542376004, 0.000430633110227, 0.000377618795028, 0.000248337863013, 0.000218651708565, 0.000206409284147, 0.000135507085361, 0.000123983088997, 0.000103254278656, 5.78542494623e-05, 6.08722148172e-05, 4.03746671509e-05, 3.15315555781e-05, 1.80920415005e-05, 1.49299967234e-05, 9.38774792303e-06, 7.52095957068e-06, 7.14664747647e-06, 7.29926478016e-06, 7.85444353824e-06, 8.34463480714e-06, 7.76553406467e-06, 5.83781775276e-06, 5.14908606419e-06, 4.71128123536e-06, 4.66935352961e-06, 4.38912411482e-06, 4.55119788967e-06, 4.02589012083e-06, 2.85032274405e-06, 2.17932165469e-06, 1.54920326167e-06, 1.37202459882e-06, 1.05081016955e-06, 8.47779006108e-07, 6.81056178564e-07], "median": [0.00077164924005, 0.00110462401062, 0.000703762751073, 0.000484562653583, 0.000358651392162, 0.000236229621805, 0.000140844189445, 8.03888833616e-05, 6.15860481048e-05, 4.83819858346e-05, 2.80636595562e-05, 2.20400179387e-05, 1.59876326506e-05, 8.75934347278e-06, 7.21926153346e-06, 4.34800676885e-06, 2.60086335402e-06, 1.87712305433e-06, 1.54947974806e-06, 1.08066058147e-06, 1.06632273855e-06, 1.09024517769e-06, 9.39832148106e-07, 9.71736881183e-07, 9.90586386251e-07, 1.06438073999e-06, 7.76170850258e-07, 6.80618768456e-07, 5.41404233445e-07, 4.97179883041e-07, 5.27015004081e-07, 6.07537913311e-07, 4.95995436722e-07, 3.67658401501e-07, 3.04303483745e-07, 2.42583553245e-07, 1.90180230675e-07, 1.77286011649e-07, 1.28235882357e-07, 9.33846990847e-08], "min": [1.52861807871e-24, 5.84169989244e-25, 1.20405891002e-24, 1.64372392884e-24, 2.21948638646e-24, 1.90604631084e-24, 1.77851333766e-24, 1.46522275118e-24, 1.31510192927e-24, 1.18002754444e-24, 2.2709319504e-24, 2.44160516269e-24, 2.47915691393e-24, 9.93358895403e-25, 2.75350183195e-24, 4.11398495694e-24, 2.37106758712e-24, 2.42886604514e-24, 4.3817843016e-24, 3.20967484989e-24, 3.5275185443e-24, 3.91355433359e-24, 5.28509669683e-24, 2.7099285082e-24, 4.3993837884e-24, 4.27944616523e-24, 4.24537447387e-24, 4.91541636069e-24, 3.01053953614e-24, 4.43152513712e-24, 4.24405944275e-24, 5.19446643958e-24, 4.27821554222e-24, 5.74631645241e-24, 5.84570385457e-24, 6.23737644945e-24, 5.65587078861e-24, 5.11099903935e-24, 6.8971450007e-24, 7.04590996793e-24], "var": [2.28795161092e-05, 4.37649032392e-06, 1.50332471094e-06, 7.62167132962e-07, 4.22152993451e-07, 3.74653041035e-07, 4.41401397211e-07, 2.86940121441e-07, 2.32938575095e-07, 2.55352318845e-07, 9.7933991583e-08, 1.05727060884e-07, 8.76188295251e-08, 2.67226933914e-08, 2.9695112147e-08, 1.49734518118e-08, 1.03766524262e-08, 3.62473673299e-09, 2.43527353838e-09, 9.59576640369e-10, 7.33826943655e-10, 5.07413111528e-10, 5.05602837375e-10, 5.71302394281e-10, 7.8487272237e-10, 8.16682610427e-10, 3.43742062592e-10, 2.98826463574e-10, 3.00772573514e-10, 2.64762933799e-10, 1.96086494264e-10, 2.09427850062e-10, 1.71521158387e-10, 7.31208912863e-11, 4.05820065053e-11, 2.51854179872e-11, 3.26136201378e-11, 1.47588781474e-11, 8.75111528381e-12, 7.35727277712e-12]}, "melbands_crest": {"dmean": 2.94082927704, "dmean2": 4.59385251999, "dvar": 9.04146003723, "dvar2": 21.3171768188, "max": 35.8071937561, "mean": 13.7286529541, "median": 12.8574733734, "min": 1.54673278332, "var": 27.8498802185}, "melbands_flatness_db": {"dmean": 0.0402288474143, "dmean2": 0.057832095772, "dvar": 0.00193053111434, "dvar2": 0.00392915261909, "max": 0.573848307133, "mean": 0.254891037941, "median": 0.2453764081, "min": 0.00303049362265, "var": 0.00988096930087}, "melbands_kurtosis": {"dmean": 12.7313089371, "dmean2": 20.2606582642, "dvar": 794.12701416, "dvar2": 1995.99914551, "max": 733.18963623, "mean": 20.6556053162, "median": 11.2855157852, "min": -1.9295437336, "var": 1162.56689453}, "melbands_skewness": {"dmean": 0.968796432018, "dmean2": 1.49510514736, "dvar": 1.37267613411, "dvar2": 3.28702712059, "max": 21.670665741, "mean": 2.82859110832, "median": 2.49381113052, "min": -2.47427344322, "var": 3.62851691246}, "melbands_spread": {"dmean": 6.53325414658, "dmean2": 10.2820034027, "dvar": 178.078140259, "dvar2": 409.085571289, "max": 239.303329468, "mean": 16.9276447296, "median": 9.98440742493, "min": 0.346012979746, "var": 546.436340332}, "mfcc": {"cov": [[16309.8671875, 107.66809845, -1341.83093262, -644.602050781, -492.409729004, 298.145782471, -59.6392440796, 74.5696792603, 2.95724630356, 55.5752410889, 215.254928589, 43.0682449341, -48.5934791565], [107.66809845, 2442.24194336, 383.35055542, 104.005989075, 51.3932304382, 84.8976821899, 135.366241455, 107.782554626, 64.9284973145, 18.0539035797, 34.3388023376, 46.1413497925, 39.2702102661], [-1341.83093262, 383.35055542, 872.044494629, 339.495147705, 140.000457764, -17.0417785645, 28.0144710541, 51.3197097778, 37.0201797485, 11.9059305191, -37.5789604187, 22.5602302551, 71.1141662598], [-644.602050781, 104.005989075, 339.495147705, 561.680297852, 195.544052124, -9.72354316711, -35.3839073181, 39.4820251465, 78.1529541016, 25.577917099, -29.88372612, 4.43623161316, 75.5760421753], [-492.409729004, 51.3932304382, 140.000457764, 195.544052124, 293.957305908, 38.265953064, -21.8713359833, 19.3893470764, 84.1893768311, 44.4171333313, -12.5781526566, 24.1424541473, 32.1399269104], [298.145782471, 84.8976821899, -17.0417785645, -9.72354316711, 38.265953064, 188.31036377, 69.8022918701, 15.1521883011, 46.1038284302, 33.8441963196, 29.3332157135, 19.2772655487, 1.66465973854], [-59.6392440796, 135.366241455, 28.0144710541, -35.3839073181, -21.8713359833, 69.8022918701, 198.465087891, 57.3072891235, 12.4447603226, 33.4733085632, 37.4159240723, 26.7900753021, -5.32959985733], [74.5696792603, 107.782554626, 51.3197097778, 39.4820251465, 19.3893470764, 15.1521883011, 57.3072891235, 140.677444458, 38.614402771, 14.5036449432, 34.0071983337, 23.8417243958, 27.1038894653], [2.95724630356, 64.9284973145, 37.0201797485, 78.1529541016, 84.1893768311, 46.1038284302, 12.4447603226, 38.614402771, 138.792770386, 50.4555587769, 9.36414813995, 26.508939743, 28.1412067413], [55.5752410889, 18.0539035797, 11.9059305191, 25.577917099, 44.4171333313, 33.8441963196, 33.4733085632, 14.5036449432, 50.4555587769, 108.365211487, 37.2997817993, 16.2004413605, 11.2383775711], [215.254928589, 34.3388023376, -37.5789604187, -29.88372612, -12.5781526566, 29.3332157135, 37.4159240723, 34.0071983337, 9.36414813995, 37.2997817993, 103.273468018, 35.1460380554, 6.52791786194], [43.0682449341, 46.1413497925, 22.5602302551, 4.43623161316, 24.1424541473, 19.2772655487, 26.7900753021, 23.8417243958, 26.508939743, 16.2004413605, 35.1460380554, 91.0769119263, 31.3463020325], [-48.5934791565, 39.2702102661, 71.1141662598, 75.5760421753, 32.1399269104, 1.66465973854, -5.32959985733, 27.1038894653, 28.1412067413, 11.2383775711, 6.52791786194, 31.3463020325, 101.66759491]], "icov": [[7.91123602539e-05, -1.94163949345e-05, 0.000108971493319, -2.82402379526e-06, 0.000136681905133, -0.000158335387823, 0.000145029262058, -0.000101929603261, 2.56195698967e-06, -6.69121873216e-05, -3.75266681658e-05, -4.32849410572e-05, -1.22085211842e-05], [-1.94163949345e-05, 0.000470979197416, -0.00023713275732, 3.88282205677e-05, -1.27459061332e-05, -8.69710347615e-05, -0.00022068391263, -0.0001306245249, -0.000137859227834, 0.000161960517289, -8.88519134605e-05, -6.98310168445e-06, 2.62642288362e-06], [0.000108971493319, -0.00023713275732, 0.00185366848018, -0.000875588099007, -6.80603261571e-05, 5.93190452491e-05, -0.00023381599749, -0.000308504706481, 0.000426007783972, -0.000202660507057, 0.000622628955171, -0.000372351729311, -0.0004321950546], [-2.82402379526e-06, 3.88282205677e-05, -0.000875588099007, 0.003093986772, -0.00139494810719, 0.000309079478029, 0.000330473820213, -0.000309722148813, -0.000666629057378, 4.43404424004e-05, 0.000105862840428, 0.000921692640986, -0.00127939367667], [0.000136681905133, -1.27459061332e-05, -6.80603261571e-05, -0.00139494810719, 0.00567308627069, -0.00128443189897, 0.00134099193383, -0.000378154538339, -0.00159117137082, -0.00150781089906, 0.00110947981011, -0.00137417844962, 0.000513090868481], [-0.000158335387823, -8.69710347615e-05, 5.93190452491e-05, 0.000309079478029, -0.00128443189897, 0.00742490310222, -0.00280968868174, 0.00133781693876, -0.00201591197401, 0.000226536300033, -0.00124136044178, 0.000371831760276, -3.47882014466e-05], [0.000145029262058, -0.00022068391263, -0.00023381599749, 0.000330473820213, 0.00134099193383, -0.00280968868174, 0.00790082011372, -0.00308962306008, 0.00107672519516, -0.00221289228648, 5.91958705627e-05, -0.00160509569105, 0.00137004000135], [-0.000101929603261, -0.0001306245249, -0.000308504706481, -0.000309722148813, -0.000378154538339, 0.00133781693876, -0.00308962306008, 0.0101722246036, -0.00268538715318, 0.00194221874699, -0.00312477489933, 0.000516041880473, -0.00175826309714], [2.56195698967e-06, -0.000137859227834, 0.000426007783972, -0.000666629057378, -0.00159117137082, -0.00201591197401, 0.00107672519516, -0.00268538715318, 0.0118076456711, -0.00441319309175, 0.00212102755904, -0.00198364374228, -0.000744653341826], [-6.69121873216e-05, 0.000161960517289, -0.000202660507057, 4.43404424004e-05, -0.00150781089906, 0.000226536300033, -0.00221289228648, 0.00194221874699, -0.00441319309175, 0.013881912455, -0.00514668505639, 0.0014963936992, -0.000590446928982], [-3.75266681658e-05, -8.88519134605e-05, 0.000622628955171, 0.000105862840428, 0.00110947981011, -0.00124136044178, 5.91958705627e-05, -0.00312477489933, 0.00212102755904, -0.00514668505639, 0.0148615539074, -0.00495847780257, 0.000564301561099], [-4.32849410572e-05, -6.98310168445e-06, -0.000372351729311, 0.000921692640986, -0.00137417844962, 0.000371831760276, -0.00160509569105, 0.000516041880473, -0.00198364374228, 0.0014963936992, -0.00495847780257, 0.0153688378632, -0.00427259411663], [-1.22085211842e-05, 2.62642288362e-06, -0.0004321950546, -0.00127939367667, 0.000513090868481, -3.47882014466e-05, 0.00137004000135, -0.00175826309714, -0.000744653341826, -0.000590446928982, 0.000564301561099, -0.00427259411663, 0.0130139058456]], "mean": [-705.518554688, 133.527755737, 34.3592987061, 22.8510017395, -8.35197639465, 2.6378736496, 0.482478022575, 3.59864759445, -4.89778280258, -2.42218494415, -0.672480523586, -3.04643774033, -1.92261779308]}, "pitch_salience": {"dmean": 0.0728441625834, "dmean2": 0.11433044821, "dvar": 0.00479253660887, "dvar2": 0.0114443590865, "max": 0.951960325241, "mean": 0.571797907352, "median": 0.58141541481, "min": 0.0508670806885, "var": 0.0134744001552}, "silence_rate_20dB": {"dmean": 0, "dmean2": 0, "dvar": 0, "dvar2": 0, "max": 1, "mean": 1, "median": 1, "min": 1, "var": 0}, "silence_rate_30dB": {"dmean": 0.02765301615, "dmean2": 0.0553109049797, "dvar": 0.02688732557, "dvar2": 0.0659869685769, "max": 1, "mean": 0.978777766228, "median": 1, "min": 0, "var": 0.0207737833261}, "silence_rate_60dB": {"dmean": 0.00669308658689, "dmean2": 0.0133873522282, "dvar": 0.00664864480495, "dvar2": 0.0156731046736, "max": 1, "mean": 0.0994188115001, "median": 0, "min": 0, "var": 0.089537166059}, "spectral_centroid": {"dmean": 281.374359131, "dmean2": 442.703643799, "dvar": 192118, "dvar2": 437668.5, "max": 11730.3535156, "mean": 975.00402832, "median": 675.437316895, "min": 157.859176636, "var": 1352619.5}, "spectral_complexity": {"dmean": 3.5402905941, "dmean2": 5.40003538132, "dvar": 36.2831840515, "dvar2": 75.8068695068, "max": 62, "mean": 12.6969881058, "median": 11, "min": 0, "var": 95.049041748}, "spectral_contrast_coeffs": {"dmean": [0.0442130900919, 0.0495897494256, 0.0390298441052, 0.0312850475311, 0.0231266915798, 0.0245996247977], "dmean2": [0.0706102699041, 0.0800203606486, 0.062660805881, 0.0496292710304, 0.0365475453436, 0.038498993963], "dvar": [0.00151169789024, 0.00163205061108, 0.00103644526098, 0.000730650441255, 0.000403449084843, 0.000631049217191], "dvar2": [0.00368228391744, 0.00423323130235, 0.00252002640627, 0.00171556277201, 0.000940065656323, 0.00146765890531], "max": [-0.226805090904, -0.432745277882, -0.456487357616, -0.51555544138, -0.591719031334, -0.607246398926], "mean": [-0.62607550621, -0.716074228287, -0.767316102982, -0.794095635414, -0.819060325623, -0.781755566597], "median": [-0.63264477253, -0.716591060162, -0.775586247444, -0.805078983307, -0.824883878231, -0.783725142479], "min": [-0.976170539856, -0.973793387413, -0.975210726261, -0.972922801971, -0.966515302658, -0.965607583523], "var": [0.00999534968287, 0.0058259209618, 0.00557371322066, 0.00469758408144, 0.00216290424578, 0.00245940964669]}, "spectral_contrast_valleys": {"dmean": [0.367492973804, 0.377294123173, 0.382574260235, 0.417305409908, 0.499302297831, 0.581901550293], "dmean2": [0.582735955715, 0.602190852165, 0.591083526611, 0.615793585777, 0.690707266331, 0.805703341961], "dvar": [0.148134529591, 0.133481174707, 0.154314488173, 0.206359371543, 0.300581306219, 0.385570496321], "dvar2": [0.320748001337, 0.294051080942, 0.321481645107, 0.413584142923, 0.564931929111, 0.722256720066], "max": [-5.0155711174, -4.45054864883, -4.89720726013, -5.43478107452, -5.04311037064, -7.21571111679], "mean": [-7.66917133331, -7.07985162735, -8.01239871979, -8.84339237213, -8.54361915588, -10.6827135086], "median": [-6.97119903564, -6.59469032288, -7.56000423431, -8.44656562805, -8.21030426025, -10.2836360931], "min": [-28.1558322906, -28.0553760529, -27.7915744781, -27.8482208252, -27.5165710449, -27.4352760315], "var": [5.74033117294, 5.40857458115, 5.21161365509, 4.94661426544, 4.81404209137, 4.23293209076]}, "spectral_decrease": {"dmean": 2.31397079276e-09, "dmean2": 3.44977957312e-09, "dvar": 2.35295197923e-17, "dvar2": 4.94820401959e-17, "max": 3.43266302156e-14, "mean": -6.31911856175e-09, "median": -4.8550377052e-09, "min": -5.90490643049e-08, "var": 4.05093010716e-17}, "spectral_energy": {"dmean": 0.00934321898967, "dmean2": 0.0138840032741, "dvar": 0.000368279841496, "dvar2": 0.000767559802625, "max": 0.22634409368, "mean": 0.0253472439945, "median": 0.0191514529288, "min": 1.00343696833e-20, "var": 0.000654325995129}, "spectral_energyband_high": {"dmean": 0.000804951996543, "dmean2": 0.0013206708245, "dvar": 5.31056366526e-06, "dvar2": 1.38970153785e-05, "max": 0.0379363074899, "mean": 0.000854752957821, "median": 0.000145692771184, "min": 7.2749282794e-21, "var": 5.23029484611e-06}, "spectral_energyband_low": {"dmean": 0.00497749494389, "dmean2": 0.00755495252088, "dvar": 0.000270258751698, "dvar2": 0.000603955297265, "max": 0.206035137177, "mean": 0.00976659823209, "median": 0.00715976953506, "min": 1.04171133573e-23, "var": 0.000286809867248}, "spectral_energyband_middle_high": {"dmean": 0.00181376154069, "dmean2": 0.0027671197895, "dvar": 1.70757957676e-05, "dvar2": 3.97689436795e-05, "max": 0.106421589851, "mean": 0.00376995420083, "median": 0.000910431030206, "min": 1.21868634758e-21, "var": 4.54268083558e-05}, "spectral_energyband_middle_low": {"dmean": 0.00428028777242, "dmean2": 0.00665823370218, "dvar": 3.3554595575e-05, "dvar2": 8.08627155493e-05, "max": 0.0945695787668, "mean": 0.0125486487523, "median": 0.0103759150952, "min": 1.63581996461e-22, "var": 0.000106759318442}, "spectral_entropy": {"dmean": 0.340998411179, "dmean2": 0.48938447237, "dvar": 0.147442802787, "dvar2": 0.283620923758, "max": 9.82217311859, "mean": 7.25129127502, "median": 7.32439994812, "min": 4.39360427856, "var": 0.528010070324}, "spectral_flux": {"dmean": 0.0238197818398, "dmean2": 0.0368269607425, "dvar": 0.00120144162793, "dvar2": 0.00254618842155, "max": 0.396686941385, "mean": 0.0721535161138, "median": 0.058829985559, "min": 6.31142360596e-11, "var": 0.00325944577344}, "spectral_kurtosis": {"dmean": 3.58945512772, "dmean2": 5.50663375854, "dvar": 45.5405731201, "dvar2": 92.1692504883, "max": 111.61038208, "mean": 6.74340391159, "median": 4.28889274597, "min": -1.39728534222, "var": 78.681427002}, "spectral_rms": {"dmean": 0.00074583053356, "dmean2": 0.00108259241097, "dvar": 1.25267206386e-06, "dvar2": 2.41883935814e-06, "max": 0.0148601317778, "mean": 0.00445224717259, "median": 0.00432253908366, "min": 3.12883833425e-12, "var": 4.90655020258e-06}, "spectral_rolloff": {"dmean": 485.787536621, "dmean2": 825.437438965, "dvar": 1429116.375, "dvar2": 3340055, "max": 19767.4804688, "mean": 1257.61499023, "median": 516.796875, "min": 21.533203125, "var": 5877403}, "spectral_skewness": {"dmean": 0.469486832619, "dmean2": 0.705778479576, "dvar": 0.384978055954, "dvar2": 0.761293411255, "max": 8.34157180786, "mean": 1.93857729435, "median": 1.78039050102, "min": -0.102419391274, "var": 0.956189870834}, "spectral_spread": {"dmean": 1024884.75, "dmean2": 1529034.875, "dvar": 1539487956990.0, "dvar2": 3056432054270.0, "max": 42289516, "mean": 5321533.5, "median": 4834545.5, "min": 697066.3125, "var": 14321613537300.0}, "s