{"lowlevel": {"average_loudness": 0.947347164154, "barkbands": {"dmean": [0.0039895856753, 0.00797428749502, 0.00385333714075, 0.00251791533083, 0.00241167331114, 0.00204484304413, 0.00122886162717, 0.000975654926151, 0.00135130260605, 0.000718549476005, 0.000870860938448, 0.000734788598493, 0.000773382664192, 0.000511797145009, 0.000186511286302, 8.35213068058e-05, 9.66233419604e-05, 0.000104509730591, 0.000119381591503, 7.22892509657e-05, 6.18765916442e-05, 6.62637758069e-05, 7.39113529562e-05, 2.7273199521e-05, 3.12489191856e-06, 6.0727710661e-05, 0.000100280747574], "dmean2": [0.00634292513132, 0.013156327419, 0.00659777643159, 0.00446143746376, 0.00396498013288, 0.00328861176968, 0.00197618314996, 0.00159339909442, 0.00217040861025, 0.00117508822586, 0.00141972873826, 0.00119335670024, 0.00125909294002, 0.000827155192383, 0.000301140622469, 0.000136143862619, 0.000155180270667, 0.000161810283316, 0.000182116928045, 0.000109526066808, 8.8728920673e-05, 9.23505649553e-05, 0.00010502760415, 4.03082922276e-05, 5.16050204169e-06, 8.56745900819e-05, 0.000131540436996], "dvar": [2.70663294941e-05, 0.000148244347656, 2.61709956249e-05, 1.36514454425e-05, 1.92267525563e-05, 1.54154568008e-05, 4.33919058196e-06, 3.64205857295e-06, 7.34641571398e-06, 2.90955108539e-06, 4.7276244004e-06, 3.13918008032e-06, 5.27849624632e-06, 7.97615996362e-07, 1.03827311193e-07, 2.06644585887e-08, 2.76205351923e-08, 5.81390331433e-08, 1.95851882268e-07, 6.12819377466e-08, 1.54360222382e-08, 1.63140541076e-08, 2.51057272749e-08, 4.03332967025e-09, 3.23219645493e-11, 1.86359017107e-08, 2.74574354364e-08], "dvar2": [7.03946498106e-05, 0.000358518213034, 6.90898159519e-05, 3.96326686314e-05, 4.77533722005e-05, 3.56712662324e-05, 1.02900648926e-05, 8.69602263265e-06, 1.75171680894e-05, 7.31035925128e-06, 1.14383501568e-05, 7.20825801181e-06, 1.22701430882e-05, 2.03574813895e-06, 2.61605492824e-07, 5.28342383177e-08, 6.81716869622e-08, 1.29737273369e-07, 4.02685145673e-07, 1.28769997332e-07, 3.07402707733e-08, 3.16873780548e-08, 5.28194341598e-08, 8.70412808496e-09, 7.82823458834e-11, 3.93318124736e-08, 4.91316392015e-08], "max": [0.059313505888, 0.143414914608, 0.0928769037127, 0.0944963246584, 0.0951399356127, 0.0952455848455, 0.0578012466431, 0.0626835823059, 0.0531157664955, 0.0503744035959, 0.0778637230396, 0.0746599510312, 0.141085773706, 0.0160783994943, 0.00741590885445, 0.00249411724508, 0.00242672557943, 0.00632792711258, 0.0124378008768, 0.00673903664574, 0.00354038644582, 0.00276217213832, 0.00209915474989, 0.00112966320012, 0.000127673964016, 0.00264800735749, 0.00354031496681], "mean": [0.00739071611315, 0.0122188096866, 0.00493905087933, 0.00290840235539, 0.00331413606182, 0.0030684673693, 0.00177742319647, 0.00133646349423, 0.00200105295517, 0.00103105534799, 0.00136408605613, 0.00120374991093, 0.00128772470634, 0.000863759953063, 0.00031748865149, 0.000153645712999, 0.000190055332496, 0.000205436619581, 0.00020790209237, 0.000124554891954, 0.000118950199976, 0.00011613740935, 0.000102637466625, 3.07461268676e-05, 3.05372282128e-06, 7.72190178395e-05, 0.000263531983364], "median": [0.00580695690587, 0.00720689678565, 0.00313349813223, 0.00162205286324, 0.00183329870924, 0.00128337158822, 0.000850480282679, 0.000618105754256, 0.000866767833941, 0.000433700333815, 0.000478912959807, 0.000484266725834, 0.000451814208645, 0.000415092799813, 0.000173945678398, 7.40749965189e-05, 7.96530948719e-05, 6.78751748637e-05, 6.10111819697e-05, 4.69566657557e-05, 5.57051644137e-05, 4.33542591054e-05, 2.18029672396e-05, 4.62294156023e-06, 1.04810317225e-06, 1.27930870804e-05, 0.000155394300236], "min": [9.5141279449e-25, 4.19724883106e-24, 3.32921784539e-25, 3.86264879425e-25, 3.04965086539e-24, 4.71493288365e-24, 6.73357390314e-24, 8.78663726266e-24, 8.31004063588e-24, 1.05198309357e-23, 1.32390991626e-23, 3.00380940877e-23, 1.72328100472e-23, 1.81825275796e-23, 3.57018597963e-23, 5.63920752194e-23, 7.20390744765e-23, 1.01102388921e-22, 8.12119238388e-23, 1.91685841474e-22, 1.99454215503e-22, 3.63021116321e-22, 4.30054350861e-22, 5.47459774701e-22, 8.67403178606e-22, 1.37065463282e-21, 1.91160025922e-21], "var": [4.48250648333e-05, 0.000201260772883, 3.40289807355e-05, 1.56976020662e-05, 2.54205097008e-05, 3.41260310961e-05, 7.74169893702e-06, 5.68165796722e-06, 1.24979378597e-05, 4.8973970479e-06, 1.04844593807e-05, 7.82224287832e-06, 1.23565077956e-05, 1.64772791322e-06, 2.02753568601e-07, 4.05746725107e-08, 6.79849705421e-08, 1.26119488186e-07, 3.18415771972e-07, 8.66200267069e-08, 3.3285246559e-08, 3.60918086528e-08, 4.07601490338e-08, 5.37848432458e-09, 3.30785780711e-11, 2.78031269119e-08, 9.33115131829e-08]}, "barkbands_crest": {"dmean": 2.75265026093, "dmean2": 4.50261116028, "dvar": 5.5950088501, "dvar2": 14.6819486618, "max": 23.6017856598, "mean": 9.82699966431, "median": 9.08451271057, "min": 2.6803958416, "var": 14.3202219009}, "barkbands_flatness_db": {"dmean": 0.026190077886, "dmean2": 0.0398873947561, "dvar": 0.000579195970204, "dvar2": 0.00122313620523, "max": 0.359039843082, "mean": 0.142351955175, "median": 0.137875601649, "min": 0.0297995768487, "var": 0.00232868897729}, "barkbands_kurtosis": {"dmean": 4.36222076416, "dmean2": 7.03134822845, "dvar": 72.0482559204, "dvar2": 178.781982422, "max": 206.666641235, "mean": 7.08689689636, "median": 3.96154117584, "min": -1.75990879536, "var": 134.06942749}, "barkbands_skewness": {"dmean": 0.643241226673, "dmean2": 1.01143741608, "dvar": 0.431877553463, "dvar2": 1.03604090214, "max": 12.4225702286, "mean": 1.95153677464, "median": 1.78539693356, "min": -2.14722657204, "var": 1.78719007969}, "barkbands_spread": {"dmean": 5.4878821373, "dmean2": 8.46977996826, "dvar": 40.3696594238, "dvar2": 86.1252593994, "max": 130.064483643, "mean": 20.1952705383, "median": 18.4171333313, "min": 1.07213175297, "var": 127.668449402}, "dissonance": {"dmean": 0.0231924522668, "dmean2": 0.0393665134907, "dvar": 0.000564262794796, "dvar2": 0.00153774733189, "max": 0.500000059605, "mean": 0.463638156652, "median": 0.473849594593, "min": 0.203932717443, "var": 0.00107271363959}, "dynamic_complexity": 3.55997538567, "erbbands": {"dmean": [0.396039098501, 1.36476397514, 3.90023493767, 6.74077320099, 6.2661318779, 8.9263010025, 17.0728645325, 15.4446239471, 14.0077009201, 22.3675136566, 26.0689582825, 27.8054332733, 22.8453903198, 28.7132663727, 27.9032249451, 29.7517929077, 31.9272289276, 28.6741294861, 16.1815719604, 6.16666793823, 4.3031463623, 5.24594306946, 5.41624975204, 6.36477136612, 5.12960481644, 3.34631967545, 2.90625953674, 2.16688871384, 2.15695476532, 2.99354529381, 1.92057621479, 0.799665808678, 0.327322244644, 0.051496297121, 0.0216813161969, 0.0675600171089, 0.131626203656, 0.0834412053227, 0.011956108734, 0.00175566051621], "dmean2": [0.660018324852, 2.27037668228, 6.62493371964, 11.8390750885, 10.7718296051, 14.8003969193, 27.4182338715, 25.1453723907, 22.6421546936, 36.2257194519, 42.2730369568, 44.8955192566, 36.9001960754, 46.2837791443, 44.9384231567, 48.3399925232, 51.5639419556, 46.1625099182, 26.2042560577, 9.97442340851, 6.91448259354, 8.39434623718, 8.39368534088, 9.61084651947, 7.78986930847, 5.03571510315, 4.22920751572, 3.1122405529, 3.0345852375, 4.19827127457, 2.74455666542, 1.14951312542, 0.499557495117, 0.0826949179173, 0.035390432924, 0.103354938328, 0.185352161527, 0.112947285175, 0.0154765238985, 0.00238908291794], "dvar": [0.400695562363, 4.38747549057, 28.9366817474, 88.5454940796, 81.0983886719, 364.315155029, 1335.91931152, 1104.54956055, 606.197509766, 1850.17175293, 2815.13012695, 3836.53417969, 2097.47485352, 6049.76025391, 4245.62353516, 5241.38134766, 7531.00830078, 4126.49707031, 801.342529297, 86.5189819336, 59.3704490662, 84.3684463501, 149.040481567, 459.577758789, 334.229644775, 138.446258545, 45.0973854065, 16.2128334045, 16.5398426056, 39.4619827271, 17.0742378235, 3.25422620773, 0.64830827713, 0.0125104440376, 0.00126561790239, 0.030219534412, 0.0904869586229, 0.0312998481095, 0.000500442227349, 6.15119233771e-06], "dvar2": [1.01829171181, 10.8776264191, 75.0633239746, 253.966415405, 217.75743103, 890.622619629, 2970.7487793, 2757.47387695, 1493.43530273, 4412.09228516, 6559.66894531, 8917.33300781, 5084.34277344, 15462.6953125, 9316.21582031, 12893.1611328, 18393.8085938, 9377.10449219, 2023.89379883, 212.663757324, 148.223678589, 205.375762939, 334.220672607, 998.321105957, 661.278747559, 287.160308838, 95.1050033569, 31.9396038055, 32.6122741699, 79.8139724731, 36.2705078125, 6.86229372025, 1.46624541283, 0.0305679086596, 0.00303750508465, 0.0708195418119, 0.190055534244, 0.062928289175, 0.000887459493242, 1.14108443086e-05], "max": [8.79224586487, 22.0183334351, 113.314125061, 155.529556274, 188.65007019, 522.239074707, 789.102783203, 1002.79498291, 469.58782959, 1486.88220215, 1670.90466309, 1645.28381348, 882.053222656, 2938.05493164, 3161.45336914, 2523.19482422, 3193.59814453, 4065.48022461, 572.731628418, 208.613952637, 120.124755859, 137.116775513, 348.672058105, 692.382324219, 474.918395996, 357.338317871, 203.420974731, 122.890899658, 97.106262207, 103.485183716, 63.0412330627, 30.8462734222, 13.8260374069, 2.96817994118, 0.560961425304, 3.70069122314, 5.73463106155, 2.83363842964, 0.406414479017, 0.0469391532242], "mean": [0.607701897621, 1.83893787861, 5.15772008896, 8.63435745239, 8.51506900787, 11.313378334, 23.8960037231, 22.6272659302, 20.6905994415, 30.7286071777, 37.6544265747, 41.7061309814, 33.8399925232, 47.1794128418, 48.1520614624, 51.449382782, 58.5886688232, 51.1694259644, 28.5720386505, 11.8388881683, 8.69030189514, 10.7176122665, 11.0082855225, 11.5020208359, 9.06134033203, 5.89291620255, 5.29484796524, 4.22126483917, 3.86915850639, 4.46245241165, 2.62011194229, 0.988899350166, 0.328772008419, 0.052033726126, 0.0225264150649, 0.0673457384109, 0.16555839777, 0.125778719783, 0.0260835271329, 0.00617520138621], "median": [0.377334415913, 1.0605802536, 3.21104669571, 5.39459896088, 5.22318172455, 5.49054527283, 9.39722156525, 9.3192024231, 10.1075801849, 14.1531620026, 17.2669067383, 18.1789169312, 16.4828853607, 20.0366725922, 18.69896698, 21.4481163025, 21.8222541809, 23.0314846039, 15.3301553726, 7.08634662628, 4.23283100128, 4.53245449066, 3.98974204063, 3.38721847534, 2.80332517624, 2.19934225082, 2.35991191864, 1.98099005222, 1.54036784172, 1.16981768608, 0.538819372654, 0.176308184862, 0.0415239222348, 0.016953330487, 0.00899711064994, 0.00986020453274, 0.0252004787326, 0.0321953296661, 0.0125384069979, 0.00449484679848], "min": [1.01764931107e-22, 8.94209909099e-22, 6.36767967336e-22, 1.94074302774e-21, 1.03611504539e-20, 1.43241073374e-20, 2.63169595991e-20, 7.64520259435e-20, 7.67113212162e-20, 2.30228223464e-19, 2.56400657485e-19, 2.34154177748e-19, 5.3288624252e-19, 6.46614529458e-19, 9.73910665896e-19, 1.46107393137e-18, 1.62218017696e-18, 1.97505480589e-18, 2.42860600077e-18, 3.19650071766e-18, 3.50988491697e-18, 4.27847384519e-18, 6.19903709426e-18, 5.86562126886e-18, 4.87986723774e-18, 9.15493888908e-18, 7.86736526401e-18, 1.01245219528e-17, 1.21895146591e-17, 1.30502879035e-17, 1.10708935014e-17, 1.06884341374e-17, 9.2986747554e-18, 8.35092925984e-18, 6.64106876513e-18, 4.39702950649e-18, 2.34100364479e-18, 9.70312120039e-19, 2.37204354558e-19, 2.51729268067e-20], "var": [0.512889146805, 5.21364545822, 37.6791648865, 104.934448242, 113.236763, 436.763214111, 2543.59838867, 2327.2175293, 1066.4498291, 2889.22973633, 4664.33935547, 6372.69287109, 3277.84301758, 11890.6826172, 11347.5283203, 12260.6650391, 21012.1523438, 8962.38671875, 1632.73413086, 188.056167603, 127.981422424, 214.695205688, 327.276794434, 771.372436523, 551.544189453, 199.153030396, 80.363067627, 38.0829811096, 37.4871635437, 71.5140533447, 27.2517967224, 4.81707715988, 0.734418153763, 0.0119461528957, 0.0014051765902, 0.0314630120993, 0.136303752661, 0.0576019473374, 0.00139193050563, 2.96365724353e-05]}, "erbbands_crest": {"dmean": 2.54464745522, "dmean2": 4.2123670578, "dvar": 5.92707443237, "dvar2": 15.0400276184, "max": 31.0686187744, "mean": 8.0641002655, "median": 7.21461248398, "min": 2.13447594643, "var": 16.0324497223}, "erbbands_flatness_db": {"dmean": 0.0240173470229, "dmean2": 0.0351725034416, "dvar": 0.000502787996083, "dvar2": 0.000983056845143, "max": 0.398017376661, "mean": 0.140529111028, "median": 0.135246381164, "min": 0.0387371107936, "var": 0.00247064535506}, "erbbands_kurtosis": {"dmean": 1.21340668201, "dmean2": 1.94105041027, "dvar": 3.07373118401, "dvar2": 7.34909248352, "max": 40.3821563721, "mean": 1.1536591053, "median": 0.414935588837, "min": -1.71447014809, "var": 7.24506759644}, "erbbands_skewness": {"dmean": 0.398373633623, "dmean2": 0.61212849617, "dvar": 0.138965070248, "dvar2": 0.30822455883, "max": 4.0715379715, "mean": 0.210750550032, "median": 0.183443650603, "min": -4.74305391312, "var": 0.595968663692}, "erbbands_spread": {"dmean": 8.25585460663, "dmean2": 12.5869255066, "dvar": 82.3076705933, "dvar2": 176.99281311, "max": 126.353713989, "mean": 32.2401542664, "median": 27.6773643494, "min": 1.71477603912, "var": 339.636810303}, "gfcc": {"cov": [[25193.1171875, 758.913269043, -1437.6348877, 174.20451355, -437.500732422, -85.7501449585, 71.9259414673, -322.956542969, -20.6376171112, -234.308944702, -129.740539551, 157.455108643, -504.730987549], [758.913269043, 1154.59155273, -214.597488403, -436.517486572, 31.8930034637, -15.6616325378, 58.3158531189, -104.095878601, 2.95388770103, 71.5274047852, 76.0225830078, -124.467147827, 116.068756104], [-1437.6348877, -214.597488403, 466.839385986, 116.108604431, -107.240219116, 103.622573853, -112.535087585, 105.607627869, -17.0161743164, 29.054479599, -22.4266929626, 6.60273265839, 10.973657608], [174.20451355, -436.517486572, 116.108604431, 431.658966064, 74.8061218262, -121.801742554, 20.6691188812, 29.050365448, 29.058385849, -81.3935928345, -61.7082633972, 62.2472839355, -79.262336731], [-437.500732422, 31.8930034637, -107.240219116, 74.8061218262, 217.052230835, -6.05869007111, 83.3664474487, -41.656703949, 8.56454753876, -37.1162872314, 10.034579277, -8.32621860504, 12.1327495575], [-85.7501449585, -15.6616325378, 103.622573853, -121.801742554, -6.05869007111, 300.106140137, -23.4581298828, 34.987487793, -59.6338005066, 42.3431739807, 17.0556621552, -9.13870716095, 22.9775772095], [71.9259414673, 58.3158531189, -112.535087585, 20.6691188812, 83.3664474487, -23.4581298828, 180.784362793, -44.4399223328, 45.8848800659, -29.7725276947, -0.181749641895, 19.1575050354, -27.9703330994], [-322.956542969, -104.095878601, 105.607627869, 29.050365448, -41.656703949, 34.987487793, -44.4399223328, 140.198074341, -6.03123807907, 15.3308172226, -2.75341796875, -23.7524700165, 18.8373260498], [-20.6376171112, 2.95388770103, -17.0161743164, 29.058385849, 8.56454753876, -59.6338005066, 45.8848800659, -6.03123807907, 97.6854324341, 17.3175067902, -0.0820787027478, 20.3757858276, -36.1503486633], [-234.308944702, 71.5274047852, 29.054479599, -81.3935928345, -37.1162872314, 42.3431739807, -29.7725276947, 15.3308172226, 17.3175067902, 87.6313552856, 39.4509735107, -12.0807218552, 26.8941879272], [-129.740539551, 76.0225830078, -22.4266929626, -61.7082633972, 10.034579277, 17.0556621552, -0.181749641895, -2.75341796875, -0.0820787027478, 39.4509735107, 61.7980766296, 13.2895383835, 20.9502925873], [157.455108643, -124.467147827, 6.60273265839, 62.2472839355, -8.32621860504, -9.13870716095, 19.1575050354, -23.7524700165, 20.3757858276, -12.0807218552, 13.2895383835, 80.8724365234, -15.3731374741], [-504.730987549, 116.068756104, 10.973657608, -79.262336731, 12.1327495575, 22.9775772095, -27.9703330994, 18.8373260498, -36.1503486633, 26.8941879272, 20.9502925873, -15.3731374741, 102.459640503]], "icov": [[0.000134326037369, -0.000371647445718, 0.000943488266785, -0.00106753956061, 0.00115144299343, -0.00083200953668, 0.000344851374393, 0.000130134023493, -0.000327481655404, 0.000551479053684, -0.000353447889211, 0.000135817783303, 0.000108630294562], [-0.000371647445718, 0.00337955565192, -0.00263358978555, 0.00381612405181, -0.00200764951296, 0.00216398783959, -0.00165580445901, 0.00215538800694, -0.00169841398019, 0.00109096080996, -0.00293451733887, 0.00475080730394, -0.00309363519773], [0.000943488266785, -0.00263358978555, 0.0115569513291, -0.0119414832443, 0.0126834092662, -0.00981839094311, 0.00400923332199, 0.00166896462906, -0.00656145438552, 0.0066731995903, -0.00596487754956, 0.00507004838437, -0.00344319292344], [-0.00106753956061, 0.00381612405181, -0.0119414832443, 0.0216906685382, -0.0207558050752, 0.0152757791802, -0.00335527490824, -0.00782658532262, 0.0129117164761, -0.0137865534052, 0.0180228166282, -0.0160345751792, 0.0101152639836], [0.00115144299343, -0.00200764951296, 0.0126834092662, -0.0207558050752, 0.0295721311122, -0.0169231388718, 0.00123077421449, 0.0113977985457, -0.0187023412436, 0.0235108043998, -0.0258807186037, 0.0234422665089, -0.0148953320459], [-0.00083200953668, 0.00216398783959, -0.00981839094311, 0.0152757791802, -0.0169231388718, 0.0165224932134, -0.00393012631685, -0.00735874194652, 0.0160764660686, -0.017015337944, 0.0158674176782, -0.0144825438038, 0.00961850956082], [0.000344851374393, -0.00165580445901, 0.00400923332199, -0.00335527490824, 0.00123077421449, -0.00393012631685, 0.0105502344668, 0.00082714256132, -0.00611979095265, 0.00531827565283, -0.00164004205726, -0.000804546871223, 0.000672593363561], [0.000130134023493, 0.00215538800694, 0.00166896462906, -0.00782658532262, 0.0113977985457, -0.00735874194652, 0.00082714256132, 0.0175815615803, -0.0133888917044, 0.0133670680225, -0.0172872636467, 0.02011134848, -0.0124202575535], [-0.000327481655404, -0.00169841398019, -0.00656145438552, 0.0129117164761, -0.0187023412436, 0.0160764660686, -0.00611979095265, -0.0133888917044, 0.0388660207391, -0.0325598344207, 0.0294833444059, -0.0292425826192, 0.0222454927862], [0.000551479053684, 0.00109096080996, 0.0066731995903, -0.0137865534052, 0.0235108043998, -0.017015337944, 0.00531827565283, 0.0133670680225, -0.0325598344207, 0.0512743033469, -0.0426581203938, 0.0326798036695, -0.0211939644068], [-0.000353447889211, -0.00293451733887, -0.00596487754956, 0.0180228166282, -0.0258807186037, 0.0158674176782, -0.00164004205726, -0.0172872636467, 0.0294833444059, -0.0426581203938, 0.0635043606162, -0.0431036613882, 0.0205485280603], [0.000135817783303, 0.00475080730394, 0.00507004838437, -0.0160345751792, 0.0234422665089, -0.0144825438038, -0.000804546871223, 0.02011134848, -0.0292425826192, 0.0326798036695, -0.0431036613882, 0.0531341247261, -0.0232149008662], [0.000108630294562, -0.00309363519773, -0.00344319292344, 0.0101152639836, -0.0148953320459, 0.00961850956082, 0.000672593363561, -0.0124202575535, 0.0222454927862, -0.0211939644068, 0.0205485280603, -0.0232149008662, 0.0297944527119]], "mean": [-4.79984283447, 101.44720459, -84.1006774902, 2.23413658142, -22.7625617981, -5.06055402756, 4.2224946022, -19.4533939362, -1.02579760551, -3.29771661758, -7.15887069702, 2.4923081398, -16.440246582]}, "hfc": {"dmean": 17.5531349182, "dmean2": 26.0761623383, "dvar": 398.389312744, "dvar2": 872.509277344, "max": 322.357116699, "mean": 61.8478660583, "median": 57.3395309448, "min": 1.07324672776e-16, "var": 1370.5489502}, "melbands": {"dmean": [0.00280980067328, 0.00183276028838, 0.0010940504726, 0.00048366872943, 0.000548053358216, 0.0003479187435, 0.000222121321713, 0.000223487455514, 0.000236221923842, 0.000176665605977, 0.000116012015496, 0.000115677983558, 0.000113639543997, 7.25815989426e-05, 8.21117428131e-05, 7.94526422396e-05, 5.28581003891e-05, 3.22649830196e-05, 1.06226771095e-05, 6.80060657032e-06, 5.22956042914e-06, 5.93328513787e-06, 5.25281484443e-06, 5.60438593311e-06, 5.56655959372e-06, 4.59230341221e-06, 3.05559797198e-06, 2.1880746317e-06, 2.02502042157e-06, 1.58288025887e-06, 1.25071233015e-06, 1.25034421217e-06, 1.37325093874e-06, 1.80805375294e-06, 1.23924314721e-06, 6.93656147632e-07, 4.22462363758e-07, 2.75122147286e-07, 9.40139344152e-08, 2.83244343535e-08], "dmean2": [0.00466130627319, 0.0030690219719, 0.00190893211402, 0.000807138101663, 0.000880620500538, 0.000562484608963, 0.00035720053711, 0.000362563034287, 0.000384277140256, 0.000285142479697, 0.000188353922567, 0.000186683988431, 0.000184321601409, 0.000116893534141, 0.000135520807817, 0.000129118736368, 8.5551495431e-05, 5.26930125488e-05, 1.72506279341e-05, 1.11350227598e-05, 8.44991609483e-06, 9.63692764344e-06, 8.39750646264e-06, 8.75992009242e-06, 8.56677343108e-06, 7.09608502802e-06, 4.73550198876e-06, 3.36423340741e-06, 3.04402419715e-06, 2.35323022935e-06, 1.84928012459e-06, 1.81603138572e-06, 1.94396557163e-06, 2.59121588897e-06, 1.81703535418e-06, 1.00611532616e-06, 6.28279565262e-07, 4.24227749818e-07, 1.52604485493e-07, 4.68269476528e-08], "dvar": [1.88368539966e-05, 6.2078679548e-06, 2.21607160711e-06, 6.97338634836e-07, 1.26867973904e-06, 4.90665570396e-07, 1.40418848105e-07, 1.75747061348e-07, 2.26889270039e-07, 1.58025770247e-07, 5.40645430647e-08, 1.00474096598e-07, 7.73203367999e-08, 3.06835872266e-08, 3.1065095385e-08, 6.23192022431e-08, 1.21729257785e-08, 3.30191496367e-09, 2.78551903765e-10, 1.24604951357e-10, 8.92067322789e-11, 1.09339273746e-10, 1.0322884908e-10, 1.66223174114e-10, 3.72729846987e-10, 2.81355883036e-10, 1.28549920708e-10, 5.52971522738e-11, 2.37444716666e-11, 1.01743370673e-11, 5.09571031204e-12, 5.73837678763e-12, 7.58556238656e-12, 1.51500392093e-11, 7.2409994667e-12, 2.38004364481e-12, 1.03560053328e-12, 4.74275187266e-13, 7.24496959821e-14, 3.01605859089e-15], "dvar2": [4.7078323405e-05, 1.58495076903e-05, 6.28852467344e-06, 1.74167780642e-06, 2.92229378829e-06, 1.21870618841e-06, 3.43868009622e-07, 4.21491364477e-07, 5.34967114163e-07, 3.71548338762e-07, 1.30771468321e-07, 2.5727641173e-07, 1.81530708687e-07, 6.60829186927e-08, 8.10500679904e-08, 1.47825645058e-07, 2.826499923e-08, 8.42092084952e-09, 6.9904587674e-10, 3.15880488433e-10, 2.24004495508e-10, 2.77186024134e-10, 2.53357751445e-10, 3.77666231621e-10, 8.39686487009e-10, 5.76276748543e-10, 2.78110617868e-10, 1.19029161527e-10, 5.2945772766e-11, 2.15934145564e-11, 1.04691897512e-11, 1.20758923694e-11, 1.54045266126e-11, 3.16854216476e-11, 1.58794886962e-11, 5.06510111631e-12, 2.28271351474e-12, 1.07060508462e-12, 1.83470561877e-13, 7.37623141413e-15], "max": [0.0585379935801, 0.0457104817033, 0.0304602719843, 0.0205490402877, 0.0228856336325, 0.0195387322456, 0.00819363072515, 0.0134932231158, 0.0119819911197, 0.0104001201689, 0.00447979336604, 0.011806383729, 0.0102792317048, 0.00877442210913, 0.00412335945293, 0.0150614213198, 0.00611207447946, 0.00107845244929, 0.000314140954288, 0.000231421654462, 0.000138172545121, 0.000143809695146, 0.000232000616961, 0.000317542930134, 0.000644147105049, 0.000467545236461, 0.000283483677777, 0.000268604781013, 0.000147611048305, 9.02401079657e-05, 5.95088386035e-05, 5.44406429981e-05, 6.01506799285e-05, 5.8835328673e-05, 4.39844479843e-05, 2.27272812481e-05, 1.79676026164e-05, 1.09928851089e-05, 6.51822210784e-06, 1.57414478963e-06], "mean": [0.00472931284457, 0.00259829079732, 0.00151848769747, 0.000657207099721, 0.000774751650169, 0.000519843015354, 0.00033420836553, 0.00031029470847, 0.000331530114636, 0.000260335888015, 0.000164769764524, 0.000184013770195, 0.000182696763659, 0.0001202809799, 0.000136723247124, 0.000131275199237, 8.90313458513e-05, 5.1740615163e-05, 1.88763897313e-05, 1.20926179079e-05, 9.69326265476e-06, 1.11705121526e-05, 9.94540459942e-06, 1.02967596831e-05, 9.22616527532e-06, 7.61671753935e-06, 4.99763382322e-06, 3.60504304808e-06, 3.40669907928e-06, 2.85815303869e-06, 2.29780607697e-06, 2.15834052142e-06, 2.22219523494e-06, 2.54929932453e-06, 1.64366645095e-06, 9.12479322324e-07, 4.71314677952e-07, 2.68668884473e-07, 8.43052347932e-08, 2.75701701469e-08], "median": [0.00331526622176, 0.00170921650715, 0.00101156858727, 0.000388302985812, 0.000330336624756, 0.000219009758439, 0.000163721022545, 0.000147867191117, 0.00014227363863, 0.000110428678454, 7.63884308981e-05, 7.50286708353e-05, 6.38151614112e-05, 5.24611059518e-05, 4.96745924465e-05, 4.52576750831e-05, 4.03401791118e-05, 2.57430729107e-05, 1.10575219878e-05, 6.042525456e-06, 4.52556969321e-06, 4.5472952479e-06, 3.98827978643e-06, 3.10280302074e-06, 2.60203250946e-06, 2.1695536816e-06, 1.63051663549e-06, 1.35784694066e-06, 1.43526324337e-06, 1.32176182888e-06, 1.05923061255e-06, 8.51716549732e-07, 7.51720676817e-07, 5.84634108236e-07, 3.33834719868e-07, 1.80139778649e-07, 6.57083916167e-08, 2.51861251854e-08, 1.58033657272e-08, 9.35032407057e-09], "min": [1.35082421346e-24, 7.04741412846e-25, 7.31024779094e-25, 5.32598256869e-25, 1.7177586234e-24, 1.61995328179e-24, 1.09212171694e-24, 2.26417752611e-24, 1.39684695032e-24, 1.35977926385e-24, 2.62627947275e-24, 2.47942788765e-24, 2.87369938479e-24, 3.83820155106e-24, 1.99002942889e-24, 3.43417657769e-24, 1.822480303e-24, 3.29183412152e-24, 3.31929042533e-24, 3.83788364012e-24, 3.06566868607e-24, 3.81817513369e-24, 4.48700296357e-24, 5.3455510523e-24, 3.57715130588e-24, 2.7523173573e-24, 4.29021924418e-24, 5.6225003946e-24, 3.26927191077e-24, 4.59140199906e-24, 5.8770772472e-24, 6.10694105979e-24, 5.96309148486e-24, 6.64642449464e-24, 5.62924081661e-24, 5.88623828889e-24, 6.08277233381e-24, 5.25522529536e-24, 6.60346825734e-24, 6.0627597215e-24], "var": [2.42018468271e-05, 8.08149707154e-06, 2.85233249997e-06, 8.93497599463e-07, 2.25941971621e-06, 1.07345022116e-06, 2.60385945694e-07, 2.75910394976e-07, 3.72108530655e-07, 2.58571304812e-07, 8.38929565816e-08, 1.93528606474e-07, 1.84795936775e-07, 7.59981944043e-08, 7.65865522112e-08, 1.45196125345e-07, 2.48734668418e-08, 6.0236797772e-09, 5.63535829112e-10, 2.41765329978e-10, 1.78610445878e-10, 2.46986875396e-10, 2.18163098697e-10, 3.47950168678e-10, 5.69912506077e-10, 4.46588266367e-10, 1.75629261134e-10, 7.42450267932e-11, 3.67997680939e-11, 2.05221065835e-11, 1.12687099235e-11, 1.21072743844e-11, 1.48751688051e-11, 2.53188338351e-11, 1.08635123466e-11, 3.67307876822e-12, 1.34494520555e-12, 5.37040843653e-13, 6.03652869878e-14, 2.97278050124e-15]}, "melbands_crest": {"dmean": 4.46177101135, "dmean2": 7.43366622925, "dvar": 13.7512836456, "dvar2": 36.5711975098, "max": 38.2530288696, "mean": 16.6085700989, "median": 15.7743835449, "min": 1.57581496239, "var": 37.7728881836}, "melbands_flatness_db": {"dmean": 0.0331857353449, "dmean2": 0.0510744079947, "dvar": 0.00085059349658, "dvar2": 0.00185121805407, "max": 0.495090425014, "mean": 0.251414567232, "median": 0.24894708395, "min": 0.00348214828409, "var": 0.00401751697063}, "melbands_kurtosis": {"dmean": 8.8719367981, "dmean2": 14.3997001648, "dvar": 296.319549561, "dvar2": 755.642150879, "max": 341.473358154, "mean": 14.0874099731, "median": 7.02944040298, "min": -1.85955476761, "var": 543.901611328}, "melbands_skewness": {"dmean": 0.886526048183, "dmean2": 1.39789402485, "dvar": 0.870483696461, "dvar2": 2.10849642754, "max": 15.7328739166, "mean": 2.69767570496, "median": 2.35114097595, "min": -1.46128451824, "var": 3.26139855385}, "melbands_spread": {"dmean": 5.23400974274, "dmean2": 8.46053600311, "dvar": 37.5119056702, "dvar2": 92.1832809448, "max": 221.788284302, "mean": 17.8437480927, "median": 14.8459310532, "min": 0.694405376911, "var": 247.436599731}, "mfcc": {"cov": [[10892.6113281, 1000.80895996, -715.673156738, 576.27746582, -465.99105835, 385.039031982, -260.682952881, 374.228515625, -299.532714844, 125.8748703, -110.001296997, 55.2909126282, -86.302154541], [1000.80895996, 1634.67468262, -206.524780273, -281.821929932, -127.098457336, 74.6558151245, 96.6882858276, -176.098678589, 45.8185920715, -48.5020446777, 143.806777954, -21.2080497742, 1.99874055386], [-715.673156738, -206.524780273, 557.562683105, -107.301887512, 81.2992248535, -68.0712356567, -16.0887546539, -28.9105224609, 17.0248832703, 27.0463600159, -25.9395885468, 38.9742584229, -10.0150718689], [576.27746582, -281.821929932, -107.301887512, 567.433410645, -15.7031354904, -5.82355976105, -118.44493866, 136.765014648, -29.5944900513, 24.345746994, -46.7449760437, -16.7525100708, 1.78336250782], [-465.99105835, -127.098457336, 81.2992248535, -15.7031354904, 176.586349487, -19.1008110046, 48.305355072, -23.2740402222, 26.1838169098, -16.0754985809, -7.79415988922, -13.8628082275, 2.9482228756], [385.039031982, 74.6558151245, -68.0712356567, -5.82355976105, -19.1008110046, 204.477432251, 28.9841785431, 61.6401329041, -34.9355239868, 18.5889644623, -22.8170280457, 5.55376052856, 3.2154648304], [-260.682952881, 96.6882858276, -16.0887546539, -118.44493866, 48.305355072, 28.9841785431, 154.039611816, -15.6347932816, 37.4777679443, -25.8230762482, 15.8343553543, -22.3347930908, 2.39745497704], [374.228515625, -176.098678589, -28.9105224609, 136.765014648, -23.2740402222, 61.6401329041, -15.6347932816, 159.385406494, -19.5894680023, 37.6647644043, -43.8486633301, 6.43765878677, -1.89780688286], [-299.532714844, 45.8185920715, 17.0248832703, -29.5944900513, 26.1838169098, -34.9355239868, 37.4777679443, -19.5894680023, 86.1374740601, 0.288716167212, 23.6143016815, -14.701004982, -1.01792299747], [125.8748703, -48.5020446777, 27.0463600159, 24.345746994, -16.0754985809, 18.5889644623, -25.8230762482, 37.6647644043, 0.288716167212, 71.158493042, 5.58793640137, 17.1631755829, -9.4711894989], [-110.001296997, 143.806777954, -25.9395885468, -46.7449760437, -7.79415988922, -22.8170280457, 15.8343553543, -43.8486633301, 23.6143016815, 5.58793640137, 77.7859115601, 16.9910316467, 9.73233032227], [55.2909126282, -21.2080497742, 38.9742584229, -16.7525100708, -13.8628082275, 5.55376052856, -22.3347930908, 6.43765878677, -14.701004982, 17.1631755829, 16.9910316467, 64.5573501587, 18.2954025269], [-86.302154541, 1.99874055386, -10.0150718689, 1.78336250782, 2.9482228756, 3.2154648304, 2.39745497704, -1.89780688286, -1.01792299747, -9.4711894989, 9.73233032227, 18.2954025269, 58.4895782471]], "icov": [[0.000149560670252, -0.00015345356951, 0.000121746510558, -9.57476440817e-05, 9.81222547125e-05, -2.14162373595e-05, 7.25961581338e-05, -0.000226522810408, 0.000309252704028, -0.000140449003084, 0.000277342245681, -0.000241655929131, 0.00024767476134], [-0.00015345356951, 0.00116479047574, -9.42655515246e-06, 0.000272072677035, 0.000716152775567, -0.000728964514565, -0.00020650679653, 0.00103709974792, -0.000633714022115, 0.000635962816887, -0.00174219231121, 0.000805537565611, -0.000100171746453], [0.000121746510558, -9.42655515246e-06, 0.00267684692517, 0.000505861476995, -0.00100340729114, 0.000800961395726, 0.00035209118505, 0.000354052521288, -0.000372561684344, -0.00143355829641, 0.00227572070435, -0.00229910132475, 0.000728356943], [-9.57476440817e-05, 0.000272072677035, 0.000505861476995, 0.00320915551856, -0.00080191064626, 0.000466640893137, 0.00261204573326, -0.00266710994765, -0.000264554808382, 0.000655066105537, -0.000800374778919, 0.00182404951192, -0.000676553114317], [9.81222547125e-05, 0.000716152775567, -0.00100340729114, -0.00080191064626, 0.00813428498805, -0.000425537611591, -0.00286110304296, 0.00200653146021, -0.00110959494486, 0.000534744525794, 0.000602948479354, 0.00072823301889, -0.000492131686769], [-2.14162373595e-05, -0.000728964514565, 0.000800961395726, 0.000466640893137, -0.000425537611591, 0.0076015368104, -0.00226857769303, -0.00247187609784, 0.0030499198474, -0.00261558010243, 0.00269097858109, -0.000963346334174, -0.00078432331793], [7.25961581338e-05, -0.00020650679653, 0.00035209118505, 0.00261204573326, -0.00286110304296, -0.00226857769303, 0.0121502541006, -0.00335376057774, -0.00349420704879, 0.00425349548459, -0.00311014871113, 0.00339096342213, -0.000158319468028], [-0.000226522810408, 0.00103709974792, 0.000354052521288, -0.00266710994765, 0.00200653146021, -0.00247187609784, -0.00335376057774, 0.0140854455531, -0.00125602434855, -0.00566308153793, 0.00577879417688, -0.00238008494489, -0.000754437292926], [0.000309252704028, -0.000633714022115, -0.000372561684344, -0.000264554808382, -0.00110959494486, 0.0030499198474, -0.00349420704879, -0.00125602434855, 0.017565285787, -0.00321265612729, -0.00382631039247, 0.00408557942137, -0.00044284237083], [-0.000140449003084, 0.000635962816887, -0.00143355829641, 0.000655066105537, 0.000534744525794, -0.00261558010243, 0.00425349548459, -0.00566308153793, -0.00321265612729, 0.0221590474248, -0.00691178767011, -0.00239350413904, 0.00469539035112], [0.000277342245681, -0.00174219231121, 0.00227572070435, -0.000800374778919, 0.000602948479354, 0.00269097858109, -0.00311014871113, 0.00577879417688, -0.00382631039247, -0.00691178767011, 0.0253901518881, -0.00945581588894, -0.00143334513996], [-0.000241655929131, 0.000805537565611, -0.00229910132475, 0.00182404951192, 0.00072823301889, -0.000963346334174, 0.00339096342213, -0.00238008494489, 0.00408557942137, -0.00239350413904, -0.00945581588894, 0.0257472451776, -0.00783010851592], [0.00024767476134, -0.000100171746453, 0.000728356943, -0.000676553114317, -0.000492131686769, -0.00078432331793, -0.000158319468028, -0.000754437292926, -0.00044284237083, 0.00469539035112, -0.00143334513996, -0.00783010851592, 0.0211015678942]], "mean": [-660.679870605, 159.256942749, -3.93674039841, 27.0991230011, -9.32775688171, 27.8129138947, -0.299646824598, 12.1969947815, -4.87423944473, 7.86293935776, 5.48115682602, 4.16468334198, -2.02987313271]}, "pitch_salience": {"dmean": 0.0834118053317, "dmean2": 0.138571307063, "dvar": 0.00493242312223, "dvar2": 0.0132501544431, "max": 0.869870483875, "mean": 0.554581642151, "median": 0.566761016846, "min": 0.0808529183269, "var": 0.0122669199482}, "silence_rate_20dB": {"dmean": 0, "dmean2": 0, "dvar": 0, "dvar2": 0, "max": 1, "mean": 1, "median": 1, "min": 1, "var": 0}, "silence_rate_30dB": {"dmean": 0.0375298522413, "dmean2": 0.0750682428479, "dvar": 0.0361191481352, "dvar2": 0.0912661328912, "max": 1, "mean": 0.970548093319, "median": 1, "min": 0, "var": 0.0285858400166}, "silence_rate_60dB": {"dmean": 0.00136472191662, "dmean2": 0.00272975442931, "dvar": 0.00136290292721, "dvar2": 0.00317743746564, "max": 1, "mean": 0.055719807744, "median": 0, "min": 0, "var": 0.0526154302061}, "spectral_centroid": {"dmean": 214.441238403, "dmean2": 328.318389893, "dvar": 74714.46875, "dvar2": 142117.9375, "max": 11653.0419922, "mean": 1109.66906738, "median": 898.575805664, "min": 182.062408447, "var": 1325907.375}, "spectral_complexity": {"dmean": 3.78255438805, "dmean2": 5.49021816254, "dvar": 17.1965866089, "dvar2": 28.7592582703, "max": 54, "mean": 19.8684329987, "median": 19, "min": 0, "var": 110.665458679}, "spectral_contrast_coeffs": {"dmean": [0.0547858811915, 0.0504649169743, 0.0399388186634, 0.031772505492, 0.0195938739926, 0.0489738844335], "dmean2": [0.0923304781318, 0.0836115255952, 0.0661296844482, 0.0515617057681, 0.0320731513202, 0.0757599398494], "dvar": [0.00186711968854, 0.00160038727336, 0.00106096640229, 0.000654169532936, 0.000294627534458, 0.00179227849003], "dvar2": [0.00521396752447, 0.0043537216261, 0.00281485915184, 0.00168386579026, 0.000710348191205, 0.00421648006886], "max": [-0.39709430933, -0.479400485754, -0.504979908466, -0.526348948479, -0.676772713661, -0.409691363573], "mean": [-0.6931245327, -0.771680891514, -0.800167798996, -0.793553650379, -0.834460318089, -0.70910346508], "median": [-0.692611753941, -0.77558362484, -0.805863142014, -0.800316691399, -0.831715464592, -0.70608484745], "min": [-0.977034151554, -0.983644127846, -0.978514194489, -0.978835761547, -0.970260083675, -0.966444969177], "var": [0.00616716174409, 0.00455228751525, 0.00349431135692, 0.00340407597832, 0.00124596024398, 0.00684569822624]}, "spectral_contrast_valleys": {"dmean": [0.373064130545, 0.388178735971, 0.352499216795, 0.304260015488, 0.30790373683, 0.671954452991], "dmean2": [0.608238041401, 0.620250105858, 0.549974024296, 0.461830347776, 0.442887812853, 1.05489516258], "dvar": [0.111343771219, 0.118663266301, 0.109390750527, 0.0989944264293, 0.13917542994, 0.345083862543], "dvar2": [0.25040781498, 0.258336663246, 0.227329000831, 0.184206396341, 0.238397538662, 0.830856919289], "max": [-4.96720743179, -4.40015077591, -4.97552108765, -5.64852190018, -5.38117837906, -8.49178981781], "mean": [-6.82159566879, -6.51353263855, -7.01338291168, -7.61616659164, -7.89756345749, -11.2724838257], "median": [-6.45839881897, -6.10496377945, -6.59209108353, -7.19500875473, -7.53367137909, -10.9534502029], "min": [-28.0835437775, -27.9735717773, -27.86860466, -27.757976532, -27.5153636932, -27.5089015961], "var": [5.54436445236, 5.80807685852, 5.64008522034, 5.31683254242, 5.32284355164, 4.08404588699]}, "spectral_decrease": {"dmean": 4.13189349402e-09, "dmean2": 6.57635812473e-09, "dvar": 2.29125439713e-17, "dvar2": 5.40636811122e-17, "max": 1.00071095585e-19, "mean": -1.13169704719e-08, "median": -1.02018358206e-08, "min": -5.65666304908e-08, "var": 5.11703985442e-17}, "spectral_energy": {"dmean": 0.0165378171951, "dmean2": 0.0261505618691, "dvar": 0.00037086539669, "dvar2": 0.000865220383275, "max": 0.228033512831, "mean": 0.0483226962388, "median": 0.0439785011113, "min": 9.98417015992e-21, "var": 0.00086626765551}, "spectral_energyband_high": {"dmean": 0.000375505507691, "dmean2": 0.000485280674184, "dvar": 4.97037319747e-07, "dvar2": 9.19916203657e-07, "max": 0.0115821063519, "mean": 0.000714543508366, "median": 0.000306098605506, "min": 6.98275176962e-21, "var": 1.15896216357e-06}, "spectral_energyband_low": {"dmean": 0.012296050787, "dmean2": 0.0203216280788, "dvar": 0.000253561302088, "dvar2": 0.000628036854323, "max": 0.198114663363, "mean": 0.0240617971867, "median": 0.0192422810942, "min": 9.71825674818e-24, "var": 0.000366117747035}, "spectral_energyband_middle_high": {"dmean": 0.00246197916567, "dmean2": 0.00370955048129, "dvar": 1.75895729626e-05, "dvar2": 4.03622070735e-05, "max": 0.152495279908, "mean": 0.00675196200609, "median": 0.00406419485807, "min": 1.15878320393e-21, "var": 7.56540248403e-05}, "spectral_energyband_middle_low": {"dmean": 0.00664125755429, "dmean2": 0.0105511769652, "dvar": 7.39866154618e-05, "dvar2": 0.000173302556504, "max": 0.137361049652, "mean": 0.0146839851514, "median": 0.0106332171708, "min": 1.64906979859e-22, "var": 0.000202381503186}, "spectral_entropy": {"dmean": 0.195832535625, "dmean2": 0.285529702902, "dvar": 0.0389484316111, "dvar2": 0.0755535885692, "max": 9.82800865173, "mean": 7.52431869507, "median": 7.55937671661, "min": 5.69916963577, "var": 0.218734845519}, "spectral_flux": {"dmean": 0.0291917491704, "dmean2": 0.0465603843331, "dvar": 0.000931225600652, "dvar2": 0.00215674517676, "max": 0.352812200785, "mean": 0.116930425167, "median": 0.112726375461, "min": 6.37394789726e-11, "var": 0.00278538302518}, "spectral_kurtosis": {"dmean": 3.85742068291, "dmean2": 5.73043489456, "dvar": 36.8847846985, "dvar2": 86.1617660522, "max": 106.602088928, "mean": 13.1304979324, "median": 10.8908939362, "min": -1.25999999046, "var": 82.071434021}, "spectral_rms": {"dmean": 0.00110554124694, "dmean2": 0.00172559183557, "dvar": 1.24657094602e-06, "dvar2": 2.79853998109e-06, "max": 0.0149154858664, "mean": 0.00645466381684, "median": 0.00655025616288, "min": 3.12100215463e-12, "var": 5.48146635992e-06}, "spectral_rolloff": {"dmean": 524.123657227, "dmean2": 915.422485352, "dvar": 2416571.75, "dvar2": 6844676, "max": 22050, "mean": 1284.42053223, "median": 861.328125, "min": 43.06640625, "var": 5517569}, "spectral_skewness": {"dmean": 0.334839135408, "dmean2": 0.477437585592, "dvar": 0.177066192031, "dvar2": 0.360212594271, "max": 8.04868030548, "mean": 2.41971087456, "median": 2.26663637161, "min": -0.0740520358086, "var": 0.720392107964}, "spectral_spread": {"dmean": 617531.4375, "dmean2": 899341.3125, "dvar": 574050009088, "dvar2": 1080317771780.0, "max": 42921944, "mean": 4433882.5, "median": 3883367, "min": 1018488.5625, "var": 15787551096800.0}, "spectral_strongpeak": {"dmean": 0.39332652092, "dmean2": 0.686363101006, "dvar": 0.761630177498, "dvar2": 1.916419