{"lowlevel": {"average_loudness": 0.329573333263, "barkbands": {"dmean": [1.51410740727e-05, 0.000851961027365, 0.00145565380808, 0.0017815096071, 0.00204374687746, 0.000614534306806, 0.000448696955573, 0.000621034414507, 0.000539173604921, 0.000559906300623, 0.000213836872717, 0.000584645720664, 0.000401139492169, 0.000232929058257, 0.000182026371476, 5.81429267186e-05, 8.23305817903e-05, 6.09370763414e-05, 2.85649566649e-05, 2.90632415272e-05, 2.87865077553e-05, 1.83768861461e-05, 1.27489038277e-05, 1.13194928417e-05, 1.19704536701e-05, 8.2483411461e-06, 2.89222157335e-06], "dmean2": [2.4808501621e-05, 0.0014183599269, 0.00236939801835, 0.00286639016122, 0.00337255559862, 0.000976881594397, 0.000698789372109, 0.000875352183357, 0.000776419823524, 0.00084131519543, 0.000299608655041, 0.000886823458131, 0.000605520850513, 0.000348129309714, 0.000273113371804, 8.73660683283e-05, 0.000122053017549, 8.96759229363e-05, 4.3417163397e-05, 4.18043018726e-05, 4.48815480922e-05, 2.75007823802e-05, 1.89836082427e-05, 1.70247058122e-05, 1.81138821063e-05, 1.26891291075e-05, 4.65472749056e-06], "dvar": [2.70707189998e-09, 3.18701154356e-06, 1.43127226693e-05, 2.0299668904e-05, 2.06122203963e-05, 1.45642070493e-06, 9.50865285176e-07, 3.00451779367e-06, 2.91951914733e-06, 1.85507860806e-06, 7.57243412863e-07, 2.69270867648e-06, 1.45233195781e-06, 6.74164255088e-07, 5.3237550901e-07, 6.94118114097e-08, 7.85213671861e-08, 5.28631325381e-08, 5.22517984436e-09, 1.13815570302e-08, 1.90926243704e-08, 4.09898781584e-09, 2.6981767931e-09, 1.57119361965e-09, 2.12286321855e-09, 1.13502707233e-09, 1.70839870028e-10], "dvar2": [7.11892544913e-09, 7.99956342235e-06, 3.76038951799e-05, 5.04892632307e-05, 5.23929411429e-05, 3.70952352569e-06, 2.2134890969e-06, 5.17286571267e-06, 5.19309969604e-06, 3.89686192648e-06, 1.16077933399e-06, 5.58725241717e-06, 3.13878672387e-06, 1.36009100515e-06, 1.14649537863e-06, 1.28830563995e-07, 1.69504545511e-07, 8.90470275294e-08, 1.16510507908e-08, 2.15016147109e-08, 4.67004603877e-08, 9.03613628367e-09, 5.26489341013e-09, 3.33675442832e-09, 5.00614749654e-09, 2.70356093068e-09, 4.23658497173e-10], "max": [0.00128026260063, 0.0376662053168, 0.0649062097073, 0.091217495501, 0.0732744857669, 0.0236970670521, 0.0283551551402, 0.066932156682, 0.0826209783554, 0.0393563583493, 0.0456853918731, 0.0628017932177, 0.0359662771225, 0.0212719459087, 0.0235697850585, 0.0139074446633, 0.0124670127407, 0.0169778428972, 0.00314873736352, 0.00443793414161, 0.00760690122843, 0.0025319494307, 0.00166613690089, 0.00153819122352, 0.000973399379291, 0.000596242782194, 0.000214433981455], "mean": [2.75580459856e-05, 0.00141730695032, 0.00223695719615, 0.00285678054206, 0.00341141154058, 0.00124174030498, 0.000974341004621, 0.00169232487679, 0.00106853467878, 0.000981542631052, 0.000381078891223, 0.0013017738238, 0.000788121367805, 0.000395955401473, 0.000306418136461, 0.000103776161268, 0.000178872200195, 0.000117802657769, 5.68792020204e-05, 5.76273887418e-05, 4.84591728309e-05, 3.25150795106e-05, 1.90470436792e-05, 1.81671548489e-05, 1.51410940816e-05, 9.63533511822e-06, 2.64202913058e-06], "median": [1.53161145136e-05, 0.000754564069211, 0.000832207209896, 0.00121517432854, 0.00160946254618, 0.00063098478131, 0.000376908108592, 0.000248104974162, 0.00018889218336, 0.000186018267414, 5.01579452248e-05, 0.000241919682594, 0.000152991357027, 5.8967332734e-05, 4.16332404711e-05, 1.98612051463e-05, 3.16064470098e-05, 1.88053054444e-05, 1.89287493413e-05, 1.19568067021e-05, 4.92200160807e-06, 4.48396576758e-06, 2.07065136237e-06, 1.85936880825e-06, 1.15577859106e-06, 6.42973930098e-07, 1.43792163954e-07], "min": [1.21388819086e-25, 4.74397045914e-24, 1.87514722083e-24, 5.0415262288e-25, 1.25819890726e-23, 9.08409777736e-24, 6.32887484813e-24, 7.27970073011e-24, 7.3070986582e-24, 1.04401757058e-23, 1.07570650758e-23, 2.4063627623e-23, 2.03930799191e-23, 4.44721281951e-23, 2.55920519378e-23, 5.95959612108e-23, 5.37917056859e-23, 1.04552109214e-22, 1.48969793385e-22, 1.49961448341e-22, 2.6232088869e-22, 3.30996796692e-22, 4.14800229579e-22, 5.5729844791e-22, 7.85288337197e-22, 1.23821596875e-21, 1.95434930063e-21], "var": [2.65178745629e-09, 4.95520544064e-06, 1.83919946721e-05, 2.6228643037e-05, 2.9201282814e-05, 3.39431403518e-06, 3.4203164887e-06, 2.70285527222e-05, 1.2060244444e-05, 5.14002522323e-06, 2.62040930465e-06, 1.3575574485e-05, 5.53274594495e-06, 1.66575080129e-06, 1.34650827022e-06, 2.7598412089e-07, 2.91297652666e-07, 1.84820422078e-07, 1.31588713259e-08, 2.60252779327e-08, 5.00677366233e-08, 8.53260839762e-09, 4.90687623866e-09, 2.77166867235e-09, 2.39887198994e-09, 1.2017599138e-09, 1.52886703297e-10]}, "barkbands_crest": {"dmean": 2.10196876526, "dmean2": 3.43058204651, "dvar": 3.92950677872, "dvar2": 10.4034481049, "max": 24.2977600098, "mean": 9.62184238434, "median": 8.97796821594, "min": 3.16713309288, "var": 11.5941953659}, "barkbands_flatness_db": {"dmean": 0.018294794485, "dmean2": 0.0274988468736, "dvar": 0.00041337282164, "dvar2": 0.000850762939081, "max": 0.410006165504, "mean": 0.175526306033, "median": 0.170850932598, "min": 0.0409080758691, "var": 0.00266744405963}, "barkbands_kurtosis": {"dmean": 2.90994167328, "dmean2": 4.56601667404, "dvar": 27.7320861816, "dvar2": 65.5101318359, "max": 245.285461426, "mean": 6.10475540161, "median": 2.98070287704, "min": -1.94863677025, "var": 85.9386978149}, "barkbands_skewness": {"dmean": 0.464675039053, "dmean2": 0.702678203583, "dvar": 0.243854224682, "dvar2": 0.556568682194, "max": 11.9339485168, "mean": 1.63211381435, "median": 1.54522323608, "min": -2.16403007507, "var": 1.78902947903}, "barkbands_spread": {"dmean": 2.96248054504, "dmean2": 4.51420640945, "dvar": 20.3211307526, "dvar2": 43.1499443054, "max": 128.460113525, "mean": 12.8935317993, "median": 10.7662191391, "min": 0.667561888695, "var": 116.254508972}, "dissonance": {"dmean": 0.024513926357, "dmean2": 0.0409989207983, "dvar": 0.000541045563295, "dvar2": 0.00147040653974, "max": 0.5, "mean": 0.443034529686, "median": 0.45094498992, "min": 0.214596971869, "var": 0.00140826567076}, "dynamic_complexity": 4.85138130188, "erbbands": {"dmean": [0.0131060890853, 0.241227477789, 1.36965978146, 4.32905197144, 5.27343559265, 8.87868499756, 6.12650871277, 4.47793722153, 6.79400920868, 5.92673635483, 15.6421356201, 13.4060182571, 8.22725963593, 21.6766529083, 12.1787033081, 23.7648601532, 15.7615766525, 15.2273664474, 9.81780433655, 5.47053480148, 2.40514135361, 3.74985218048, 3.80437779427, 1.52501761913, 1.38120353222, 1.07488369942, 1.91323268414, 0.64430642128, 0.681610584259, 0.49724406004, 0.345534712076, 0.249889656901, 0.193495452404, 0.132886961102, 0.0886721685529, 0.0414511263371, 0.0136177502573, 0.00349439494312, 0.000450971710961, 3.31090486725e-05], "dmean2": [0.0217712298036, 0.403885990381, 2.23676419258, 6.87401580811, 8.86900520325, 14.9079818726, 9.52845001221, 7.31344842911, 10.7134008408, 8.83635807037, 21.8797264099, 18.7264518738, 11.969420433, 32.4591369629, 17.3233699799, 35.9719734192, 23.1089572906, 22.6227741241, 14.6710567474, 8.044921875, 3.58519816399, 5.40366506577, 5.32768154144, 2.29517436028, 2.09256267548, 1.57900619507, 2.95892953873, 0.955181539059, 1.02408838272, 0.759319484234, 0.50457918644, 0.374877840281, 0.293385446072, 0.203105419874, 0.135514900088, 0.0637228265405, 0.0210620574653, 0.00552447838709, 0.000720167299733, 5.22665541212e-05], "dvar": [0.00138101598714, 0.243953287601, 10.6192102432, 120.218643188, 141.981109619, 523.655883789, 176.710418701, 93.2893447876, 207.811157227, 271.72769165, 2026.61755371, 1903.4642334, 751.852844238, 3108.78173828, 1504.3079834, 5084.33496094, 1891.40185547, 2660.71264648, 1329.5748291, 723.516845703, 53.4843559265, 157.5519104, 138.880279541, 15.9341840744, 16.4908981323, 11.2559394836, 90.6790466309, 4.23745727539, 5.36903905869, 3.47645545006, 2.02268457413, 1.04641652107, 0.41192600131, 0.241643935442, 0.125420182943, 0.0273333843797, 0.00353373610415, 0.000239175729803, 3.96243603973e-06, 1.75356635879e-08], "dvar2": [0.0034076240845, 0.620230197906, 27.5334320068, 297.698760986, 380.128234863, 1372.17077637, 419.393798828, 252.019348145, 493.612335205, 600.691223145, 3353.25146484, 3078.96337891, 1175.8828125, 6654.45654297, 2374.71337891, 11210.6689453, 3758.78808594, 5847.49511719, 2784.1484375, 1571.42944336, 110.504081726, 316.588470459, 226.400558472, 34.0879936218, 36.28855896, 23.4326248169, 218.887832642, 8.45771598816, 11.8790712357, 7.63634109497, 3.85370445251, 2.10882163048, 0.944265723228, 0.57403999567, 0.29562535882, 0.0655660182238, 0.00850698817521, 0.00059170438908, 9.71416557149e-06, 4.27402255809e-08], "max": [0.611233174801, 9.94034099579, 53.4752540588, 204.597335815, 198.629364014, 403.860137939, 319.012573242, 162.658905029, 402.12979126, 661.093078613, 1840.5579834, 1937.82116699, 2132.42016602, 1480.12731934, 2195.82910156, 3141.6862793, 1059.78479004, 1693.57495117, 856.39642334, 1316.82556152, 325.629089355, 692.278808594, 770.493164062, 129.286621094, 170.789825439, 138.073394775, 509.551574707, 74.1106567383, 88.7546081543, 74.9284133911, 47.6664505005, 49.4450531006, 12.432972908, 9.77697181702, 6.45914697647, 2.84170770645, 1.32865738869, 0.282041072845, 0.0360750854015, 0.00245054857805], "mean": [0.0230318624526, 0.400840193033, 2.19420051575, 7.48170614243, 8.43576526642, 13.3419179916, 12.3016796112, 8.48467350006, 14.2562551498, 14.1885070801, 43.7461128235, 28.3904972076, 17.2908058167, 38.2650184631, 27.148557663, 54.8494110107, 33.8963394165, 30.3821678162, 17.8413791656, 10.4743490219, 5.1466293335, 8.61079788208, 8.58326911926, 3.29505801201, 2.80772805214, 2.18965244293, 3.33526158333, 1.15733158588, 1.20077335835, 0.790312409401, 0.535870909691, 0.404504477978, 0.289845824242, 0.175305709243, 0.106811828911, 0.0494830571115, 0.0154333971441, 0.00348088331521, 0.00042460593977, 4.77575340483e-05], "median": [0.0119809424505, 0.21044935286, 0.820628643036, 3.53921079636, 4.259786129, 5.41925287247, 5.68590068817, 4.02576589584, 6.00045251846, 4.42330312729, 7.84855747223, 5.10704946518, 4.26153802872, 6.98003911972, 6.01935768127, 10.1306858063, 7.36317014694, 4.84708309174, 2.43966245651, 1.63459968567, 1.34264826775, 1.56212520599, 1.33355820179, 0.953581750393, 0.911550998688, 0.580272674561, 0.318646013737, 0.180517718196, 0.165766522288, 0.0988344550133, 0.0583001859486, 0.0432763472199, 0.0242956485599, 0.0124349584803, 0.00814795587212, 0.00364308082499, 0.000945469248109, 0.000155527537572, 2.86264858005e-05, 1.64816556207e-05], "min": [1.2762016282e-22, 6.97402063187e-22, 2.15194610842e-21, 3.44782005958e-21, 1.39195513944e-20, 2.59381755021e-20, 6.52592124305e-20, 8.82257335041e-20, 9.36219043912e-20, 9.14238528591e-20, 2.31684474933e-19, 2.49481808649e-19, 5.44234229946e-19, 6.99140136464e-19, 5.4255686276e-19, 1.45031923924e-18, 1.27247447696e-18, 2.21311883375e-18, 2.65598967935e-18, 2.91995293899e-18, 3.04759207738e-18, 4.09156370039e-18, 6.25346226984e-18, 5.31617399159e-18, 5.37641879638e-18, 8.15639540493e-18, 1.00945598167e-17, 1.00322036334e-17, 1.21100457633e-17, 1.26581538352e-17, 1.25888410629e-17, 9.65098421317e-18, 9.93296677527e-18, 7.78672838918e-18, 5.6650647119e-18, 4.22105551656e-18, 2.15307379309e-18, 9.95440109289e-19, 2.38679682879e-19, 2.72281232776e-20], "var": [0.00164561602287, 0.387138456106, 15.9264478683, 157.878265381, 174.710754395, 618.416625977, 436.204315186, 168.662811279, 642.001525879, 1078.68395996, 19403.2011719, 7105.91748047, 3162.45092773, 7981.59179688, 6007.84863281, 27900.3476562, 7226.87695312, 10241.0175781, 3865.28417969, 1966.42578125, 229.115646362, 612.023986816, 616.437194824, 43.6217308044, 42.6318397522, 26.4682292938, 219.697509766, 10.7605619431, 11.7895336151, 6.10259342194, 3.84988307953, 1.83914518356, 0.618186712265, 0.281059801579, 0.137819394469, 0.0293371807784, 0.00360200693831, 0.000221259833779, 3.63264211956e-06, 1.72290359757e-08]}, "erbbands_crest": {"dmean": 2.28874945641, "dmean2": 3.67367577553, "dvar": 4.67506027222, "dvar2": 11.5765123367, "max": 27.6571712494, "mean": 9.69445705414, "median": 8.95888519287, "min": 2.29416894913, "var": 14.8170185089}, "erbbands_flatness_db": {"dmean": 0.01720001176, "dmean2": 0.0241821799427, "dvar": 0.00036100030411, "dvar2": 0.000661643862259, "max": 0.327962487936, "mean": 0.189402148128, "median": 0.193860352039, "min": 0.030521614477, "var": 0.00249266205356}, "erbbands_kurtosis": {"dmean": 0.865012049675, "dmean2": 1.32864868641, "dvar": 1.22185504436, "dvar2": 2.68855547905, "max": 30.8441162109, "mean": 0.898551881313, "median": 0.339176654816, "min": -1.84704995155, "var": 4.55181312561}, "erbbands_skewness": {"dmean": 0.327465474606, "dmean2": 0.495968639851, "dvar": 0.0898937061429, "dvar2": 0.197916924953, "max": 5.03336048126, "mean": 0.412545084953, "median": 0.424841463566, "min": -3.17457962036, "var": 0.547945976257}, "erbbands_spread": {"dmean": 5.88043546677, "dmean2": 8.60258579254, "dvar": 64.7010650635, "dvar2": 131.746643066, "max": 132.952896118, "mean": 29.3444480896, "median": 25.6142597198, "min": 2.36076831818, "var": 322.27243042}, "gfcc": {"cov": [[26466.34375, 1133.89318848, -2519.61303711, 405.419403076, -1330.22998047, 526.203674316, -711.69317627, 196.360824585, -519.05682373, 14.8828468323, -332.863922119, -46.6261940002, -273.946258545], [1133.89318848, 1449.51098633, -332.09362793, -183.985198975, 229.640808105, -142.475280762, 89.0835494995, -82.3018188477, 4.71648216248, -93.689994812, 98.325958252, -43.8495330811, -21.3881568909], [-2519.61303711, -332.09362793, 930.316040039, 184.404907227, 108.137680054, 14.1330184937, -32.1495285034, -39.3614425659, 25.0068035126, 53.6823997498, 5.76841497421, 19.2175216675, 53.6491584778], [405.419403076, -183.985198975, 184.404907227, 456.858795166, -26.7156715393, -19.8961257935, -98.3639144897, -34.0050506592, 23.9103507996, 45.8925132751, -16.2384243011, -19.6966018677, 59.9298973083], [-1330.22998047, 229.640808105, 108.137680054, -26.7156715393, 328.275512695, -56.0356903076, 25.8257427216, -17.1234436035, 46.0198173523, -20.9880218506, 11.2672405243, -8.49111175537, 11.7259082794], [526.203674316, -142.475280762, 14.1330184937, -19.8961257935, -56.0356903076, 200.588424683, 43.4243125916, 11.4697332382, -51.9712944031, 20.9622421265, -3.86024785042, -10.6175222397, -7.39821147919], [-711.69317627, 89.0835494995, -32.1495285034, -98.3639144897, 25.8257427216, 43.4243125916, 203.653594971, 11.0602045059, -28.0314731598, -15.9437303543, 36.7171363831, -14.045923233, 0.855005264282], [196.360824585, -82.3018188477, -39.3614425659, -34.0050506592, -17.1234436035, 11.4697332382, 11.0602045059, 133.981231689, 21.9766616821, -16.2675170898, -8.76056575775, 21.067697525, -13.3902111053], [-519.05682373, 4.71648216248, 25.0068035126, 23.9103507996, 46.0198173523, -51.9712944031, -28.0314731598, 21.9766616821, 122.963272095, 11.8787975311, -2.49058580399, 5.54032421112, 2.97244334221], [14.8828468323, -93.689994812, 53.6823997498, 45.8925132751, -20.9880218506, 20.9622421265, -15.9437303543, -16.2675170898, 11.8787975311, 95.3892364502, 13.9410037994, -8.71576690674, 16.8257389069], [-332.863922119, 98.325958252, 5.76841497421, -16.2384243011, 11.2672405243, -3.86024785042, 36.7171363831, -8.76056575775, -2.49058580399, 13.9410037994, 87.7507858276, 23.9771652222, 5.956366539], [-46.6261940002, -43.8495330811, 19.2175216675, -19.6966018677, -8.49111175537, -10.6175222397, -14.045923233, 21.067697525, 5.54032421112, -8.71576690674, 23.9771652222, 86.2582550049, 6.02716875076], [-273.946258545, -21.3881568909, 53.6491584778, 59.9298973083, 11.7259082794, -7.39821147919, 0.855005264282, -13.3902111053, 2.97244334221, 16.8257389069, 5.956366539, 6.02716875076, 79.218460083]], "icov": [[0.000178257381776, -0.000401763507398, 0.000359122816008, -0.000385209423257, 0.000513419974595, -0.000558958563488, 0.000616014353, -0.000438560469775, 0.00063363526715, -0.000484531075926, 0.000825918803457, -0.000433682493167, 0.000397227035137], [-0.000401763507398, 0.00212758383714, -0.000386142375646, 0.00111483538058, -0.00186444330029, 0.0018014262896, -0.00135711429175, 0.00164142635185, -0.00139843591023, 0.00210661604069, -0.00347034819424, 0.00195454014465, -0.000943233899307], [0.000359122816008, -0.000386142375646, 0.00218102731742, -0.00118313462008, 0.000240361623582, -0.0012327239383, 0.0012073708931, -0.000407869549235, 0.00123655132484, -0.00118415767793, 0.00131499290001, -0.00119102653116, 0.000519813678693], [-0.000385209423257, 0.00111483538058, -0.00118313462008, 0.00397914554924, -0.000783920637332, 0.00141579436604, 5.43556197954e-05, 0.00126325211022, -0.00169466307852, 0.000921907660086, -0.00227277935483, 0.00236594351009, -0.00292027485557], [0.000513419974595, -0.00186444330029, 0.000240361623582, -0.000783920637332, 0.00568979093805, -0.00119764346164, 0.00127666105982, -0.00106367073022, 0.000346729590092, -0.000760313996579, 0.00280127674341, -0.000939648132771, 0.000564073619898], [-0.000558958563488, 0.0018014262896, -0.0012327239383, 0.00141579436604, -0.00119764346164, 0.00852753501385, -0.00332725956105, 0.000667487562168, 0.000611819443293, -0.000170758547029, -0.00228906888515, 0.00205535045825, -0.000531359866727], [0.000616014353, -0.00135711429175, 0.0012073708931, 5.43556197954e-05, 0.00127666105982, -0.00332725956105, 0.00919673871249, -0.00245585548691, 0.0029895817861, -9.88096217043e-05, -0.000840188586153, 0.00124775851145, -0.000231973346672], [-0.000438560469775, 0.00164142635185, -0.000407869549235, 0.00126325211022, -0.00106367073022, 0.000667487562168, -0.00245585548691, 0.0104279089719, -0.00407637050375, 0.00289111747406, -0.00128593249246, -0.00107943394687, -2.62592584477e-05], [0.00063363526715, -0.00139843591023, 0.00123655132484, -0.00169466307852, 0.000346729590092, 0.000611819443293, 0.0029895817861, -0.00407637050375, 0.012982590124, -0.00418460927904, 0.00328367762268, -0.00173628062475, 0.00182961625978], [-0.000484531075926, 0.00210661604069, -0.00118415767793, 0.000921907660086, -0.000760313996579, -0.000170758547029, -9.88096217043e-05, 0.00289111747406, -0.00418460927904, 0.015786845237, -0.00717099802569, 0.00456144381315, -0.00341986841522], [0.000825918803457, -0.00347034819424, 0.00131499290001, -0.00227277935483, 0.00280127674341, -0.00228906888515, -0.000840188586153, -0.00128593249246, 0.00328367762268, -0.00717099802569, 0.0211886875331, -0.00895132962614, 0.00239905552007], [-0.000433682493167, 0.00195454014465, -0.00119102653116, 0.00236594351009, -0.000939648132771, 0.00205535045825, 0.00124775851145, -0.00107943394687, -0.00173628062475, 0.00456144381315, -0.00895132962614, 0.0170798953623, -0.00335030606948], [0.000397227035137, -0.000943233899307, 0.000519813678693, -0.00292027485557, 0.000564073619898, -0.000531359866727, -0.000231973346672, -2.62592584477e-05, 0.00182961625978, -0.00341986841522, 0.00239905552007, -0.00335030606948, 0.0161966904998]], "mean": [-86.6341094971, 130.723251343, -103.860404968, 10.8865680695, -46.4411125183, 6.2188949585, -31.4162521362, -3.22348594666, -30.0651569366, -4.25901317596, -13.239233017, -4.10807418823, -15.7985363007]}, "hfc": {"dmean": 3.20761585236, "dmean2": 4.45712947845, "dvar": 30.903175354, "dvar2": 56.538898468, "max": 139.401916504, "mean": 11.6273393631, "median": 5.29825115204, "min": 1.09502705503e-16, "var": 251.179199219}, "melbands": {"dmean": [0.000170887360582, 0.000573751167394, 0.000720605545212, 0.000518692657351, 0.000229218756431, 0.000101902849565, 0.000100234428828, 7.17529910617e-05, 0.000127157691168, 8.02074937383e-05, 4.20117248723e-05, 9.30841561058e-05, 3.54135336238e-05, 6.96303832228e-05, 4.32638480561e-05, 3.48424946424e-05, 2.79241794487e-05, 1.58542388817e-05, 1.04325999928e-05, 5.51315770281e-06, 2.86477370537e-06, 3.6781793824e-06, 5.87426620768e-06, 2.53486064139e-06, 1.19441801871e-06, 1.13729686291e-06, 8.9564616701e-07, 7.91177910742e-07, 1.47168782405e-06, 5.75768012823e-07, 3.6840324924e-07, 4.19639093252e-07, 3.67774021015e-07, 2.63366530362e-07, 2.09733499901e-07, 1.87084538084e-07, 1.47888513879e-07, 1.3552461553e-07, 1.28919850795e-07, 1.12636584504e-07], "dmean2": [0.00028405856574, 0.000942192156799, 0.00115370680578, 0.000872804375831, 0.000358098710421, 0.000165430945344, 0.000156854017405, 0.000105947139673, 0.000177667156095, 0.000113267778943, 6.20077189524e-05, 0.000139994066558, 4.91756145493e-05, 0.000105785387859, 6.46802654956e-05, 5.32608173671e-05, 4.14547685068e-05, 2.39646451519e-05, 1.5420748241e-05, 8.16932970338e-06, 4.43443468612e-06, 5.42897214473e-06, 8.31747001939e-06, 3.68729502043e-06, 1.85594103641e-06, 1.74613364834e-06, 1.3548019524e-06, 1.17347838113e-06, 2.25287249123e-06, 8.9257594027e-07, 5.50104857666e-07, 6.44736076083e-07, 5.64793822377e-07, 4.10403060869e-07, 3.09731234438e-07, 2.81942504898e-07, 2.24903388357e-07, 2.08685065672e-07, 1.96068668856e-07, 1.7488916626e-07], "dvar": [1.47944930973e-07, 1.68379006027e-06, 3.22032974509e-06, 1.37104257192e-06, 2.56278809729e-07, 4.40273026925e-08, 4.5164366469e-08, 3.61885099665e-08, 1.20623923294e-07, 6.86055301458e-08, 1.97669667301e-08, 5.67231026594e-08, 1.62040727503e-08, 3.95146528831e-08, 1.24317685035e-08, 1.2331030419e-08, 8.91547458082e-09, 3.76185793627e-09, 2.3850941222e-09, 6.73827771358e-10, 8.23994414367e-11, 2.30360966413e-10, 4.74600858613e-10, 5.90826207403e-11, 1.041709774e-11, 9.27381348798e-12, 1.18176388814e-11, 7.13421466e-12, 4.78023592931e-11, 5.37033698761e-12, 1.76123514644e-12, 2.54522965204e-12, 1.30624341638e-12, 1.20596306379e-12, 7.48229006965e-13, 5.92589074599e-13, 4.39414590868e-13, 2.0117653203e-13, 1.92845576747e-13, 1.92360003252e-13], "dvar2": [3.65686616988e-07, 4.32464139521e-06, 7.98766450316e-06, 3.62122068509e-06, 6.01353463026e-07, 1.17583915937e-07, 1.06432096914e-07, 7.88942386976e-08, 1.99490173713e-07, 1.1672645428e-07, 3.15810702034e-08, 1.21517302887e-07, 2.4024002343e-08, 8.18331429286e-08, 2.57176306917e-08, 2.75517955117e-08, 1.92127647125e-08, 7.79568321008e-09, 5.20135046145e-09, 1.22227761246e-09, 1.82798290393e-10, 5.39977951242e-10, 7.52935325199e-10, 1.14978492005e-10, 2.34448589015e-11, 1.95743751069e-11, 2.56587372877e-11, 1.43992873181e-11, 1.10964931688e-10, 1.30368077444e-11, 3.53713889775e-12, 5.92867551927e-12, 2.92780578427e-12, 2.72193313895e-12, 1.45144996282e-12, 1.29608780305e-12, 8.63434161408e-13, 4.71883925164e-13, 4.54103172166e-13, 4.64452695054e-13], "max": [0.00769075518474, 0.0203306823969, 0.0311141926795, 0.0198617093265, 0.0103223035112, 0.0035095596686, 0.00625686813146, 0.00642094621435, 0.0140609629452, 0.010940913111, 0.0104186590761, 0.00635651452467, 0.00649200426415, 0.00734590599313, 0.00320015894249, 0.00379091803916, 0.00276327552274, 0.00197493284941, 0.00220875442028, 0.00143132824451, 0.00033157132566, 0.000961677113082, 0.0015938943252, 0.000271073397016, 0.000105313411041, 0.000161839241628, 0.000150167412357, 0.000111489018309, 0.00032684855978, 0.000133332243422, 5.61982305953e-05, 7.39772003726e-05, 3.40951919497e-05, 4.66071323899e-05, 3.27986635966e-05, 2.68016974587e-05, 3.92375586671e-05, 1.14848926387e-05, 1.03744459921e-05, 8.71529664437e-06], "mean": [0.000301299587591, 0.00094459252432, 0.00124506046996, 0.000826404662803, 0.000445737037808, 0.000195563479792, 0.000215442647459, 0.000174530840013, 0.000348076049704, 0.000158727940288, 8.37376210256e-05, 0.000160643554409, 7.10803869879e-05, 0.000154764173203, 9.33541523409e-05, 7.18601004337e-05, 5.23656199221e-05, 2.6673076718e-05, 1.76023331733e-05, 1.05076342152e-05, 5.33739785169e-06, 7.66238736105e-06, 1.21963712445e-05, 5.0189828471e-06, 2.2997448923e-06, 2.18233958549e-06, 1.66061374784e-06, 1.45053502365e-06, 2.54997689808e-06, 9.70511905507e-07, 5.86055193708e-07, 6.83476855556e-07, 6.28536724889e-07, 3.66423790865e-07, 3.14104397603e-07, 2.73337008139e-07, 2.34406641653e-07, 2.02922421977e-07, 1.73988738084e-07, 1.41495547723e-07], "median": [0.000169450053363, 0.000399475626182, 0.000606869754847, 0.000381434976589, 0.000209786361665, 9.37961958698e-05, 8.77405764186e-05, 4.80822454847e-05, 6.43161620246e-05, 2.74287649518e-05, 1.93099021999e-05, 2.8104886951e-05, 1.40748315971e-05, 2.74363192148e-05, 2.00431113626e-05, 1.42481931107e-05, 7.45716170059e-06, 3.29904855789e-06, 2.53331995737e-06, 1.67128803241e-06, 1.45332592183e-06, 1.4881086372e-06, 1.59072590122e-06, 8.81496646343e-07, 6.68337520437e-07, 7.18123203569e-07, 4.43179942522e-07, 3.32145589255e-07, 1.99658629185e-07, 1.08585794578e-07, 8.27316029017e-08, 8.74284822316e-08, 7.76605375563e-08, 4.10743190571e-08, 3.2963367147e-08, 2.64327990607e-08, 2.37125412639e-08, 1.72023781886e-08, 1.20245875479e-08, 9.11433151174e-09], "min": [1.67142645585e-24, 1.11167777599e-24, 7.62320961964e-25, 2.24505573499e-24, 2.13050918724e-24, 1.76181985762e-24, 1.36884238818e-24, 5.82035873976e-25, 1.78189577601e-24, 1.62668029316e-24, 2.18455463951e-24, 2.39228064851e-24, 1.39586688925e-24, 2.83996572033e-24, 4.18248608808e-24, 2.95249613681e-24, 3.81031610692e-24, 3.65465373437e-24, 3.56650996669e-24, 3.48336244956e-24, 3.30415356506e-24, 3.12854918326e-24, 2.97693031449e-24, 3.74686447444e-24, 3.92822438541e-24, 4.58361278648e-24, 3.57632024091e-24, 3.87209929859e-24, 5.57351055467e-24, 5.8415556295e-24, 5.32408299163e-24, 5.6731476313e-24, 6.03382272578e-24, 6.33717011498e-24, 6.44152379096e-24, 4.39178784674e-24, 5.48560975615e-24, 6.22453813265e-24, 6.07552782968e-24, 6.04516023471e-24], "var": [2.13320447529e-07, 2.57412034443e-06, 4.24494328399e-06, 1.76232481408e-06, 5.38296660579e-07, 8.56521822357e-08, 1.49652294112e-07, 1.56199646995e-07, 1.12395343876e-06, 2.61990550143e-07, 7.9784641116e-08, 1.46671126799e-07, 6.31405043805e-08, 1.90965394609e-07, 5.3470561312e-08, 5.22771870237e-08, 3.12520747059e-08, 9.89391146788e-09, 5.47550094154e-09, 3.1325551042e-09, 2.19172680005e-10, 5.09402908744e-10, 1.77761905196e-09, 2.02493577461e-10, 2.2472152611e-11, 2.49318083539e-11, 2.75713167575e-11, 1.38763531915e-11, 1.1303304126e-10, 1.53044538848e-11, 3.39501734017e-12, 4.40077965388e-12, 3.12640256565e-12, 1.76150598014e-12, 1.40067276354e-12, 9.06800459374e-13, 7.42179213052e-13, 3.05623446472e-13, 2.47469444025e-13, 2.0936213646e-13]}, "melbands_crest": {"dmean": 2.91173481941, "dmean2": 4.74155521393, "dvar": 7.68129491806, "dvar2": 20.1174125671, "max": 34.1751365662, "mean": 13.8326244354, "median": 12.8909425735, "min": 1.64889109135, "var": 29.4321842194}, "melbands_flatness_db": {"dmean": 0.0215501487255, "dmean2": 0.0323097668588, "dvar": 0.000601636595093, "dvar2": 0.0012250400614, "max": 0.560601949692, "mean": 0.263508081436, "median": 0.256041496992, "min": 0.00312308873981, "var": 0.00536499312147}, "melbands_kurtosis": {"dmean": 5.76240968704, "dmean2": 8.95390224457, "dvar": 138.502929688, "dvar2": 341.027038574, "max": 548.327026367, "mean": 13.1499013901, "median": 7.01511096954, "min": -1.63598644733, "var": 353.437011719}, "melbands_skewness": {"dmean": 0.590110957623, "dmean2": 0.889516472816, "dvar": 0.461786210537, "dvar2": 1.03762733936, "max": 14.8382835388, "mean": 2.40354299545, "median": 2.19750952721, "min": -1.48863351345, "var": 2.93374013901}, "melbands_spread": {"dmean": 3.39463305473, "dmean2": 5.19852733612, "dvar": 21.3493270874, "dvar2": 46.6884803772, "max": 161.980758667, "mean": 15.4823255539, "median": 12.7439069748, "min": 0.465685367584, "var": 235.433425903}, "mfcc": {"cov": [[12018.9580078, 129.921096802, -514.208312988, -158.600616455, -417.805847168, -22.7210845947, -86.1227874756, 65.643913269, -53.9051933289, -25.2973861694, 76.9317855835, 0.864889264107, -261.805999756], [129.921096802, 1767.85571289, -274.429199219, -6.91810512543, 69.5734634399, -17.16447258, 99.5013809204, 82.5010757446, -87.3527832031, -25.484500885, 49.6339912415, -11.6237049103, 13.0690364838], [-514.208312988, -274.429199219, 675.884643555, 141.213272095, 95.4687423706, 83.0952301025, 4.58367776871, -83.9246673584, 22.3126468658, -8.53886985779, -78.5329437256, 16.5305976868, 62.3473777771], [-158.600616455, -6.91810512543, 141.213272095, 358.245178223, 137.674743652, 10.5676403046, -58.9184989929, -56.5850028992, 17.2611598969, -3.31233859062, -51.8293037415, 11.7850294113, 44.92345047], [-417.805847168, 69.5734634399, 95.4687423706, 137.674743652, 279.300842285, 19.1114215851, -59.5922393799, -32.6017341614, 28.0886478424, -5.55176639557, -7.82720899582, -19.1500396729, 11.6376285553], [-22.7210845947, -17.16447258, 83.0952301025, 10.5676403046, 19.1114215851, 157.475799561, 53.9388275146, -48.1689109802, -2.5242767334, 8.86225414276, -12.6092147827, 0.964503467083, -10.8396034241], [-86.1227874756, 99.5013809204, 4.58367776871, -58.9184989929, -59.5922393799, 53.9388275146, 199.480926514, 26.9255905151, -11.9391613007, 10.2308511734, -15.5543870926, 15.0464458466, 7.29858636856], [65.643913269, 82.5010757446, -83.9246673584, -56.5850028992, -32.6017341614, -48.1689109802, 26.9255905151, 152.500869751, 0.527642846107, -15.6796274185, 40.5841560364, -6.73516654968, -18.1277866364], [-53.9051933289, -87.3527832031, 22.3126468658, 17.2611598969, 28.0886478424, -2.5242767334, -11.9391613007, 0.527642846107, 89.0868988037, 27.903093338, -17.4872360229, -10.8631601334, 9.7467622757], [-25.2973861694, -25.484500885, -8.53886985779, -3.31233859062, -5.55176639557, 8.86225414276, 10.2308511734, -15.6796274185, 27.903093338, 93.7373733521, 4.1191983223, -15.5435781479, 3.74986028671], [76.9317855835, 49.6339912415, -78.5329437256, -51.8293037415, -7.82720899582, -12.6092147827, -15.5543870926, 40.5841560364, -17.4872360229, 4.1191983223, 114.819252014, 8.26212406158, -33.2301673889], [0.864889264107, -11.6237049103, 16.5305976868, 11.7850294113, -19.1500396729, 0.964503467083, 15.0464458466, -6.73516654968, -10.8631601334, -15.5435781479, 8.26212406158, 89.4461975098, 26.4456615448], [-261.805999756, 13.0690364838, 62.3473777771, 44.92345047, 11.6376285553, -10.8396034241, 7.29858636856, -18.1277866364, 9.7467622757, 3.74986028671, -33.2301673889, 26.4456615448, 90.5599899292]], "icov": [[9.67878295342e-05, -1.96388464246e-05, 3.72041758965e-05, -4.54629662272e-05, 0.000169593913597, -3.38033714797e-05, 9.37299555517e-05, -1.69571592323e-07, -3.70464513253e-05, 9.70219298324e-06, 5.32416233909e-05, -7.75182707002e-05, 0.000291914358968], [-1.96388464246e-05, 0.000722123717424, 0.000326749257511, -6.91345121595e-05, -0.000454763881862, 1.00293045762e-05, -0.000476925168186, -0.000237782762269, 0.000748841906898, 5.58182437089e-05, -0.000179516588105, 0.000282232038444, -0.000532365462277], [3.72041758965e-05, 0.000326749257511, 0.00208221212961, -0.000388159911381, -0.00043795624515, -0.000894064607564, -0.000162497424753, 0.000231605445151, 8.52302182466e-05, 0.00037620254443, 0.000566848029848, -1.67049020092e-05, -0.000983726349659], [-4.54629662272e-05, -6.91345121595e-05, -0.000388159911381, 0.00411935057491, -0.00172467774246, -4.37168564531e-05, 0.000940747617278, 0.000266195915174, 0.000243841248448, -0.000315566896461, 0.0014000213705, -0.000859535648488, -0.000952256494202], [0.000169593913597, -0.000454763881862, -0.00043795624515, -0.00172467774246, 0.00557976169512, -0.000795607222244, 0.00127282075118, 0.000477229303215, -0.00190465152264, 0.000965414277744, -0.00101246964186, 0.0012031220831, 0.000335822842317], [-3.38033714797e-05, 1.00293045762e-05, -0.000894064607564, -4.37168564531e-05, -0.000795607222244, 0.00916631799191, -0.00328824762255, 0.00322375143878, -5.14404600835e-05, -0.00016807456268, -0.000531007128302, -1.7514317733e-05, 0.00247054058127], [9.37299555517e-05, -0.000476925168186, -0.000162497424753, 0.000940747617278, 0.00127282075118, -0.00328824762255, 0.00761697487906, -0.00251614209265, 0.000764347671065, -0.00152415293269, 0.00226809410378, -0.00157823471818, -0.000415718008298], [-1.69571592323e-07, -0.000237782762269, 0.000231605445151, 0.000266195915174, 0.000477229303215, 0.00322375143878, -0.00251614209265, 0.00979109015316, -0.00217700470239, 0.0026013602037, -0.00335241854191, 0.00140484434087, 0.000715776870493], [-3.70464513253e-05, 0.000748841906898, 8.52302182466e-05, 0.000243841248448, -0.00190465152264, -5.14404600835e-05, 0.000764347671065, -0.00217700470239, 0.0147708132863, -0.00473926309496, 0.00264799129218, 0.000430980609963, -0.00120129215065], [9.70219298324e-06, 5.58182437089e-05, 0.00037620254443, -0.000315566896461, 0.000965414277744, -0.00016807456268, -0.00152415293269, 0.0026013602037, -0.00473926309496, 0.0135099105537, -0.00289612659253, 0.0031577758491, -0.0016172734322], [5.32416233909e-05, -0.000179516588105, 0.000566848029848, 0.0014000213705, -0.00101246964186, -0.000531007128302, 0.00226809410378, -0.00335241854191, 0.00264799129218, -0.00289612659253, 0.013079863973, -0.003740811022, 0.00403462769464], [-7.75182707002e-05, 0.000282232038444, -1.67049020092e-05, -0.000859535648488, 0.0012031220831, -1.7514317733e-05, -0.00157823471818, 0.00140484434087, 0.000430980609963, 0.0031577758491, -0.003740811022, 0.0144933126867, -0.00535743311048], [0.000291914358968, -0.000532365462277, -0.000983726349659, -0.000952256494202, 0.000335822842317, 0.00247054058127, -0.000415718008298, 0.000715776870493, -0.00120129215065, -0.0016172734322, 0.00403462769464, -0.00535743311048, 0.0167833548039]], "mean": [-726.632873535, 167.640686035, 0.180739700794, 14.7554187775, 2.29002594948, 6.63394260406, 5.23377323151, 1.33285462856, -8.8712272644, -5.11562681198, -0.94599121809, 0.19982676208, -3.56415200233]}, "pitch_salience": {"dmean": 0.0606299862266, "dmean2": 0.0987445190549, "dvar": 0.00324553437531, "dvar2": 0.00845567043871, "max": 0.909713387489, "mean": 0.582814514637, "median": 0.596572816372, "min": 0.0780467167497, "var": 0.0130180390552}, "silence_rate_20dB": {"dmean": 0, "dmean2": 0, "dvar": 0, "dvar2": 0, "max": 1, "mean": 1, "median": 1, "min": 1, "var": 0}, "silence_rate_30dB": {"dmean": 0.00571805564687, "dmean2": 0.0114373695105, "dvar": 0.00568554084748, "dvar2": 0.0143859842792, "max": 1, "mean": 0.993183076382, "median": 1, "min": 0, "var": 0.0067702238448}, "silence_rate_60dB": {"dmean": 0.0334286354482, "dmean2": 0.0668646246195, "dvar": 0.0323127135634, "dvar2": 0.0725068747997, "max": 1, "mean": 0.132490381598, "median": 0, "min": 0, "var": 0.114949434996}, "spectral_centroid": {"dmean": 133.314941406, "dmean2": 200.728286743, "dvar": 43604.171875, "dvar2": 86976.4765625, "max": 12158.2060547, "mean": 861.095031738, "median": 695.588134766, "min": 137.589447021, "var": 1230641.25}, "spectral_complexity": {"dmean": 1.96965026855, "dmean2": 3.04344010353, "dvar": 5.80853891373, "dvar2": 11.9220132828, "max": 42, "mean": 11.877954483, "median": 11, "min": 0, "var": 43.7032814026}, "spectral_contrast_coeffs": {"dmean": [0.0469002649188, 0.0392207875848, 0.0351172499359, 0.0302160140127, 0.0219798386097, 0.015383142978], "dmean2": [0.0785011574626, 0.0632374063134, 0.0547573566437, 0.0476928465068, 0.0331933200359, 0.0238320492208], "dvar": [0.00167698063888, 0.00112008780707, 0.000949301640503, 0.000689166074153, 0.000423498131568, 0.000251500954619], "dvar2": [0.00463526602834, 0.00285311345942, 0.00206479430199, 0.00151986733545, 0.000830275996123, 0.000556547078304], "max": [-0.266395628452, -0.449348717928, -0.467960357666, -0.532042086124, -0.559819221497, -0.613411962986], "mean": [-0.612847745419, -0.714823484421, -0.74864679575, -0.757616579533, -0.783291041851, -0.789263367653], "median": [-0.614526391029, -0.718533694744, -0.756193399429, -0.761658549309, -0.78961956501, -0.788850665092], "min": [-0.978498280048, -0.979042232037, -0.977209150791, -0.973164021969, -0.967488765717, -0.965428411961], "var": [0.00702964095399, 0.00551796052605, 0.00643070042133, 0.00432719709352, 0.00330168195069, 0.00188312958926]}, "spectral_contrast_valleys": {"dmean": [0.38584125042, 0.332726985216, 0.302940756083, 0.295267939568, 0.275063067675, 0.312968790531], "dmean2": [0.637640237808, 0.534037709236, 0.479651391506, 0.45319417119, 0.397583007812, 0.419829756021], "dvar": [0.140479132533, 0.110945045948, 0.0995490625501, 0.112997658551, 0.127410545945, 0.210140600801], "dvar2": [0.32274672389, 0.237678021193, 0.198749482632, 0.214925244451, 0.226059749722, 0.366567850113], "max": [-5.38871431351, -4.79348802567, -5.12800073624, -5.82906389236, -6.23604249954, -8.40072727203], "mean": [-7.75443935394, -7.37031173706, -8.02342414856, -8.76462459564, -9.0514497757, -11.7316293716], "median": [-7.36194515228, -6.97800731659, -7.66329956055, -8.40935707092, -8.69394874573, -11.6465682983], "min": [-27.9977531433, -28.1766624451, -27.8374252319, -27.6937236786, -27.6177806854, -27.4224090576], "var": [5.37313508987, 5.69688177109, 5.47117996216, 5.15427923203, 5.06000614166, 4.25635242462]}, "spectral_decrease": {"dmean": 1.55289681114e-09, "dmean2": 2.31358199265e-09, "dvar": 7.65798599864e-18, "dvar2": 1.66774732352e-17, "max": 1.33900267346e-28, "mean": -4.95141927459e-09, "median": -3.00468006031e-09, "min": -4.84964992609e-08, "var": 2.91153745159e-17}, "spectral_energy": {"dmean": 0.00610163714737, "dmean2": 0.00905404984951, "dvar": 0.000116406954476, "dvar2": 0.000251549849054, "max": 0.187458217144, "mean": 0.0197424273938, "median": 0.0119110820815, "min": 9.96979789677e-21, "var": 0.000467118545203}, "spectral_energyband_high": {"dmean": 9.93912326521e-05, "dmean2": 0.000142685923493, "dvar": 8.06109810014e-08, "dvar2": 1.68799004996e-07, "max": 0.00969770271331, "mean": 0.000183166688657, "median": 2.94189430861e-05, "min": 7.15448787416e-21, "var": 2.15642472767e-07}, "spectral_energyband_low": {"dmean": 0.0028260149993, "dmean2": 0.00447770953178, "dvar": 4.0245566197e-05, "dvar2": 9.66637016973e-05, "max": 0.111375063658, "mean": 0.00556317903101, "median": 0.00299754459411, "min": 1.45704754896e-23, "var": 6.41571896267e-05}, "spectral_energyband_middle_high": {"dmean": 0.00144600565545, "dmean2": 0.00200824509375, "dvar": 9.03490672499e-06, "dvar2": 1.68653950823e-05, "max": 0.079421967268, "mean": 0.00457252934575, "median": 0.00132950930856, "min": 1.14936503776e-21, "var": 6.71143643558e-05}, "spectral_energyband_middle_low": {"dmean": 0.00420582992956, "dmean2": 0.00650395918638, "dvar": 6.26207911409e-05, "dvar2": 0.000146284146467, "max": 0.142322152853, "mean": 0.0113401254639, "median": 0.00688965432346, "min": 2.01808454123e-22, "var": 0.000169784310856}, "spectral_entropy": {"dmean": 0.174561813474, "dmean2": 0.254711985588, "dvar": 0.0435709320009, "dvar2": 0.0851129665971, "max": 9.82015705109, "mean": 6.96376848221, "median": 6.94574737549, "min": 4.92146921158, "var": 0.342684477568}, "spectral_flux": {"dmean": 0.018296757713, "dmean2": 0.0289407428354, "dvar": 0.000625570130069, "dvar2": 0.00141514779534, "max": 0.306940644979, "mean": 0.0569518394768, "median": 0.0451320260763, "min": 6.33973776254e-11, "var": 0.00201213988476}, "spectral_kurtosis": {"dmean": 3.58095836639, "dmean2": 5.88082647324, "dvar": 18.7002029419, "dvar2": 46.1549606323, "max": 69.6052322388, "mean": 11.0900068283, "median": 9.20241641998, "min": -1.27546072006, "var": 65.3416748047}, "spectral_rms": {"dmean": 0.000601981126238, "dmean2": 0.000879643368535, "dvar": 6.89104410867e-07, "dvar2": 1.40164581808e-06, "max": 0.0135235376656, "mean": 0.00382573064417, "median": 0.00340889557265, "min": 3.11875482037e-12, "var": 4.62468869955e-06}, "spectral_rolloff": {"dmean": 216.118988037, "dmean2": 362.395629883, "dvar": 307539, "dvar2": 703916.9375, "max": 19466.015625, "mean": 1091.83789062, "median": 710.595703125, "min": 64.599609375, "var": 4385943.5}, "spectral_skewness": {"dmean": 0.336740136147, "dmean2": 0.531851351261, "dvar": 0.133811220527, "dvar2": 0.302857786417, "max": 6.81894111633, "mean": 2.39402318001, "median": 2.31840705872, "min": -0.111819751561, "var": 0.697404265404}, "spectral_spread": {"dmean": 514424.65625, "dmean2": 742161.8125, "dvar":