{"lowlevel": {"average_loudness": 0.61103695631, "barkbands": {"dmean": [9.65417893894e-06, 0.00247305375524, 0.00113578198943, 0.00142590189353, 0.00217937817797, 0.000918971665669, 0.00133567268495, 0.000540245557204, 0.00154732272495, 0.000248089287197, 0.000213120700209, 0.000232100908761, 0.00037558900658, 0.000241593297687, 0.000159162082127, 0.000130681568407, 7.66067169025e-05, 5.53832178412e-05, 2.52230383921e-05, 1.5811796402e-05, 9.88142892311e-06, 6.00266821493e-06, 1.70227958733e-05, 5.1512652135e-05, 4.37338130723e-05, 2.35471343331e-05, 8.509123961e-10], "dmean2": [1.55260531756e-05, 0.00365499570034, 0.00208130525425, 0.00257681892253, 0.00358923664317, 0.00147681240924, 0.00190395535901, 0.000805153569672, 0.00236164452508, 0.000360996549716, 0.000335136079229, 0.0003682859533, 0.000601264066063, 0.000368941953639, 0.000249907985562, 0.00019822572358, 0.000113769674499, 9.01942330529e-05, 4.02701771236e-05, 2.56388557318e-05, 1.52088878167e-05, 8.90137926035e-06, 2.38663033088e-05, 7.3948634963e-05, 6.0389204009e-05, 3.24392567563e-05, 1.57675805745e-09], "dvar": [5.51748868816e-10, 3.38026875397e-05, 1.23904119391e-05, 1.34389119921e-05, 2.80741496681e-05, 3.29627005158e-06, 8.74519628269e-06, 3.90578316001e-06, 1.81285868166e-05, 6.23507958153e-07, 1.98818895569e-07, 3.52116614977e-07, 1.06093580143e-06, 4.5383046654e-07, 1.96309002831e-07, 2.2064175198e-07, 4.72989825084e-08, 1.22186767371e-08, 3.1173108539e-09, 9.28647214682e-10, 5.32850819024e-10, 1.86393317447e-10, 4.0683398872e-09, 2.58247808915e-07, 1.75482046672e-08, 5.48629719432e-09, 2.34969048879e-18], "dvar2": [1.33901867372e-09, 7.15269852662e-05, 3.53650139004e-05, 3.74211231247e-05, 7.12052496965e-05, 7.90117246652e-06, 1.67773123394e-05, 7.86209875514e-06, 4.33993591287e-05, 1.22577841921e-06, 4.97271173572e-07, 8.80322090779e-07, 2.60274941866e-06, 1.0752282833e-06, 4.6526412234e-07, 4.44328350113e-07, 9.07402579742e-08, 3.13816705955e-08, 8.13609624117e-09, 2.37030395311e-09, 1.19643772667e-09, 3.95345062243e-10, 8.18224332733e-09, 4.95467759265e-07, 3.32238769829e-08, 1.02113197897e-08, 7.46530502829e-18], "max": [0.000325435394188, 0.0639436021447, 0.0505546405911, 0.0421916358173, 0.0764951854944, 0.0497450120747, 0.105122938752, 0.0757094025612, 0.0957853347063, 0.0282379295677, 0.0127507830039, 0.0164416320622, 0.0233020484447, 0.0184744745493, 0.0120619973168, 0.018930034712, 0.00964684784412, 0.00267929746769, 0.00122276030015, 0.000804866489489, 0.000888490001671, 0.00039393370389, 0.00462823733687, 0.0410771295428, 0.00494786677882, 0.001448707073, 2.23013501e-08], "mean": [1.05321050796e-05, 0.00285104452632, 0.0011589161586, 0.00124140980188, 0.00332347862422, 0.00193885434419, 0.00286252610385, 0.00115758622997, 0.00316907046363, 0.000577903410885, 0.000378275843104, 0.000481411552755, 0.000736349786166, 0.000504693773109, 0.000275186524959, 0.000311355019221, 0.00017945455329, 0.000110131775727, 5.64924630453e-05, 3.4135660826e-05, 2.07679295272e-05, 1.2134485587e-05, 3.1058312743e-05, 8.89157745405e-05, 5.93616714468e-05, 2.82406617771e-05, 7.34147909132e-10], "median": [1.79157564162e-06, 0.000561946770176, 0.000287925824523, 0.000328877795255, 0.00161037431099, 0.000783841242082, 0.000787548488006, 0.000185045064427, 0.000503908726387, 8.06036550784e-05, 0.000132138055051, 7.29261664674e-05, 0.00011987794278, 9.21816099435e-05, 8.16925530671e-05, 5.66102462471e-05, 4.6155313612e-05, 4.40863004769e-05, 1.9320008505e-05, 1.5503324903e-05, 7.86383316154e-06, 4.45097248303e-06, 9.16016779229e-06, 1.14228387247e-05, 8.13826773083e-06, 2.57480496657e-06, 2.35607033883e-10], "min": [7.22428234313e-14, 1.44879247488e-12, 2.1301996625e-12, 2.89380975779e-12, 5.3272455891e-12, 1.43976020342e-12, 2.74248245641e-12, 9.64892011776e-13, 2.55051778308e-11, 1.3155721304e-11, 4.87961927809e-12, 1.21243683496e-12, 2.76431243347e-12, 1.03432561994e-12, 8.4100738526e-13, 2.59700301628e-13, 1.8500781148e-13, 2.67525774754e-13, 2.02860094716e-13, 1.87900706821e-13, 1.52383517588e-13, 1.48914043531e-13, 1.44521981188e-13, 1.14962808153e-13, 2.09683399116e-13, 3.72124003161e-14, 6.09496245249e-14], "var": [5.63764090966e-10, 4.10982938774e-05, 8.31048873806e-06, 9.23658444663e-06, 3.10944706143e-05, 1.53312867042e-05, 3.55852571374e-05, 1.8498107238e-05, 6.71516536386e-05, 4.04785168939e-06, 4.22330771244e-07, 1.23351344428e-06, 3.35186700795e-06, 1.97067288354e-06, 3.93923073716e-07, 1.4697466213e-06, 3.08163578211e-07, 3.22325490743e-08, 1.05587485422e-08, 2.68763433731e-09, 1.36774658266e-09, 4.96848617804e-10, 1.04286028701e-08, 7.78419746439e-07, 3.68999444333e-08, 9.07548347584e-09, 1.89231544474e-18]}, "barkbands_crest": {"dmean": 2.79616951942, "dmean2": 4.50448226929, "dvar": 6.66598701477, "dvar2": 16.3191070557, "max": 26.332862854, "mean": 11.2965974808, "median": 10.4038352966, "min": 2.86040401459, "var": 19.6506938934}, "barkbands_flatness_db": {"dmean": 0.0188685189933, "dmean2": 0.0287915188819, "dvar": 0.00032790156547, "dvar2": 0.00073309004074, "max": 0.38718560338, "mean": 0.182355195284, "median": 0.177627891302, "min": 0.0400775745511, "var": 0.00208551133983}, "barkbands_kurtosis": {"dmean": 3.53952503204, "dmean2": 5.48157024384, "dvar": 50.0506477356, "dvar2": 114.638687134, "max": 229.265518188, "mean": 6.07829904556, "median": 3.43579769135, "min": -1.9405118227, "var": 103.20766449}, "barkbands_skewness": {"dmean": 0.544649302959, "dmean2": 0.80284512043, "dvar": 0.364798545837, "dvar2": 0.778550028801, "max": 13.4957723618, "mean": 1.64133608341, "median": 1.49672746658, "min": -2.84174799919, "var": 1.45481562614}, "barkbands_spread": {"dmean": 3.57071018219, "dmean2": 5.31082057953, "dvar": 28.6200962067, "dvar2": 55.4337882996, "max": 103.674407959, "mean": 13.7896671295, "median": 11.5702514648, "min": 0.593122780323, "var": 103.650619507}, "dissonance": {"dmean": 0.0270128827542, "dmean2": 0.045031785965, "dvar": 0.000607853813563, "dvar2": 0.00165473413654, "max": 0.499713897705, "mean": 0.43548861146, "median": 0.444270431995, "min": 0.143184944987, "var": 0.0017377610784}, "dynamic_complexity": 5.02667236328, "erbbands": {"dmean": [0.0544020831585, 0.616151332855, 1.21497631073, 3.15481233597, 7.92281913757, 6.79930782318, 4.34487247467, 9.49633979797, 11.5803766251, 23.0636634827, 14.8396968842, 30.8626728058, 19.8070240021, 7.19663667679, 6.32897281647, 9.6727142334, 12.1008224487, 15.979382515, 7.58771848679, 6.93451738358, 7.11975574493, 4.46964406967, 3.13768649101, 1.80982077122, 0.994174361229, 0.649793505669, 0.484690368176, 0.319584876299, 0.220107913017, 0.279624015093, 0.575490832329, 1.03032207489, 0.850840806961, 0.42828977108, 0.353214532137, 0.129486009479, 0.0452176071703, 0.00328556913882, 6.52416638331e-05, 1.16168966997e-05], "dmean2": [0.079391412437, 0.916137218475, 2.0834312439, 5.74515151978, 13.6452283859, 10.8939666748, 6.85802602768, 15.3314113617, 16.511888504, 33.1609039307, 21.7113208771, 46.997379303, 30.4604854584, 10.9118833542, 9.83338069916, 15.1442127228, 19.1569786072, 25.1148777008, 11.5277061462, 11.0859909058, 10.6889333725, 6.60612630844, 5.02858781815, 2.90368318558, 1.57378828526, 1.04787456989, 0.756241261959, 0.491464585066, 0.327913343906, 0.403617441654, 0.805693268776, 1.51670563221, 1.20961475372, 0.590344250202, 0.499478846788, 0.180276870728, 0.0620018281043, 0.00465396372601, 9.05154229258e-05, 1.65596247825e-05], "dvar": [0.0168854165822, 2.07950162888, 11.6100406647, 73.1109695435, 571.086791992, 144.504089355, 104.392982483, 400.670196533, 668.798339844, 3513.35888672, 2085.10302734, 8097.0546875, 4734.81054688, 230.564086914, 171.217880249, 596.677856445, 941.889709473, 1728.6907959, 488.888000488, 469.49508667, 605.860534668, 200.768753052, 37.5640678406, 16.4009284973, 4.39703893661, 1.48550331593, 1.3223940134, 0.485291928053, 0.234970375896, 0.537561357021, 5.78682422638, 152.194717407, 48.1370353699, 2.39860868454, 1.22650504112, 0.154742717743, 0.0218204874545, 0.000138448027428, 4.73353765074e-08, 4.30340374447e-10], "dvar2": [0.0356194339693, 4.44544839859, 31.6970558167, 207.538970947, 1449.92443848, 373.603363037, 234.234771729, 953.312011719, 1184.53039551, 7014.73632813, 4352.20166016, 19629.3691406, 11470.0136719, 494.997070313, 434.176544189, 1441.4354248, 2262.12036133, 4338.09521484, 1137.92529297, 1057.6003418, 1185.91381836, 383.932159424, 92.9937973022, 44.5385322571, 10.9713516235, 3.75334119797, 3.0855474472, 1.10221910477, 0.506894648075, 1.10391914845, 10.9892082214, 287.956787109, 107.029289246, 4.24675273895, 2.59498000145, 0.291931301355, 0.0410733148456, 0.00027403247077, 9.08300066271e-08, 8.32454494226e-10], "max": [1.51661813259, 15.8239736557, 47.9142456055, 101.644813538, 327.85836792, 218.24168396, 488.911102295, 447.586395264, 901.659729004, 1925.79455566, 1418.81481934, 2884.09423828, 2148.34155273, 652.601074219, 394.61807251, 837.371459961, 666.897155762, 1124.8762207, 671.09979248, 724.316040039, 1165.50476074, 688.837158203, 151.423797607, 106.524673462, 48.2612686157, 22.1469039917, 47.2876548767, 15.5321140289, 9.81137466431, 39.0476417542, 195.405487061, 900.267150879, 579.49810791, 105.850242615, 27.0816822052, 10.4332103729, 2.52409076691, 0.237785205245, 0.00426524644718, 0.000454614288174], "mean": [0.0603678636253, 0.716052830219, 1.3495695591, 2.97036409378, 7.92634534836, 12.9592161179, 10.7573728561, 17.9949035645, 26.5390090942, 47.1802635193, 36.8192214966, 62.3793144226, 40.5716896057, 16.8150463104, 13.523856163, 21.8467540741, 26.7852935791, 35.5558776855, 15.8282670975, 13.3294744492, 18.4020881653, 11.3517036438, 6.83586835861, 4.25972080231, 2.33619260788, 1.49002838135, 1.03400540352, 0.681986391544, 0.449131935835, 0.543120265007, 1.0227445364, 1.8592826128, 1.33983230591, 0.622899651527, 0.450040668249, 0.161573678255, 0.0511974953115, 0.00359447579831, 8.30713179312e-05, 2.94048059004e-05], "median": [0.0129762012511, 0.143143624067, 0.422266185284, 0.855359196663, 2.79997324944, 6.15749835968, 4.83718299866, 7.08634185791, 9.56708908081, 13.1111545563, 8.15027999878, 10.4187698364, 5.58939552307, 5.54323196411, 4.85987329483, 3.91994261742, 5.14859485626, 7.55662631989, 4.19385290146, 4.28953552246, 3.76278495789, 3.03111314774, 2.58725738525, 1.77422428131, 1.00971484184, 0.703892707825, 0.383538007736, 0.254319369793, 0.162489250302, 0.196713373065, 0.274672806263, 0.250463038683, 0.166662067175, 0.093951523304, 0.0546950772405, 0.0184514131397, 0.00310369860381, 0.000186132092495, 1.52551874635e-05, 1.85596036317e-05], "min": [3.05294123315e-11, 3.8402236946e-10, 2.05518690954e-09, 6.6798855336e-09, 1.54256643015e-08, 1.80996391208e-08, 9.79061631767e-09, 1.43676333053e-08, 3.70032786634e-08, 2.49507010608e-08, 4.43903509506e-08, 4.2332862904e-07, 5.41707663615e-07, 2.98205264926e-07, 1.19359370387e-07, 6.44752589096e-08, 1.33703338179e-07, 6.47610107762e-08, 4.82649831213e-08, 3.32761587174e-08, 1.17654561649e-08, 1.08686242228e-08, 1.39568037127e-08, 1.34495250492e-08, 9.01216345994e-09, 9.15762488063e-09, 5.58202684076e-09, 6.9156489424e-09, 5.54832002564e-09, 3.94484667154e-09, 4.29406821212e-09, 2.01480365725e-09, 2.8085476167e-09, 3.26174864895e-09, 5.6958382455e-10, 1.95614149878e-10, 7.33403476838e-11, 3.30934168957e-11, 8.09235230909e-12, 1.08932708773e-12], "var": [0.0202347654849, 2.51809358597, 9.10189914703, 48.2141914368, 455.893096924, 334.846679688, 745.311401367, 1077.83435059, 2950.7199707, 12181.2685547, 12299.4150391, 25313.0957031, 16631.8085938, 1417.49072266, 519.429138184, 2310.2265625, 3567.14746094, 7509.26757813, 1179.45483398, 1289.05371094, 5020.72119141, 1403.27612305, 122.378341675, 52.4969787598, 13.738697052, 4.48446750641, 3.34676575661, 1.42989563942, 0.633444845676, 1.41812515259, 17.511554718, 458.808227539, 116.146606445, 6.67427396774, 1.95607018471, 0.275932013988, 0.0329034477472, 0.000189050857443, 6.9768319122e-08, 1.10505116169e-09]}, "erbbands_crest": {"dmean": 2.66667222977, "dmean2": 4.14362430573, "dvar": 6.19837522507, "dvar2": 14.2547063828, "max": 32.6867523193, "mean": 11.3663721085, "median": 10.1511201859, "min": 2.99856567383, "var": 27.7405109406}, "erbbands_flatness_db": {"dmean": 0.0188122503459, "dmean2": 0.0255211237818, "dvar": 0.000319801823935, "dvar2": 0.000551793258637, "max": 0.367109596729, "mean": 0.1849360466, "median": 0.182650730014, "min": 0.0472107753158, "var": 0.00225854362361}, "erbbands_kurtosis": {"dmean": 1.39918875694, "dmean2": 2.17127752304, "dvar": 4.66902351379, "dvar2": 10.2648639679, "max": 82.1504440308, "mean": 1.94746994972, "median": 0.889920353889, "min": -1.89838469028, "var": 16.3894081116}, "erbbands_skewness": {"dmean": 0.383805721998, "dmean2": 0.580299854279, "dvar": 0.12617406249, "dvar2": 0.279377400875, "max": 6.58152675629, "mean": 0.785177350044, "median": 0.771574020386, "min": -4.63687229156, "var": 0.826961874962}, "erbbands_spread": {"dmean": 6.3068151474, "dmean2": 9.04933547974, "dvar": 70.1219100952, "dvar2": 128.925415039, "max": 141.941543579, "mean": 27.9045467377, "median": 24.7545509338, "min": 1.52604234219, "var": 296.440368652}, "gfcc": {"cov": [[10605.1191406, -328.285675049, -113.353996277, 218.235336304, 5.36354875565, 439.556549072, -23.7952480316, 233.698501587, -84.0348358154, 79.175239563, -0.0272885747254, -90.9248428345, -155.183456421], [-328.285675049, 839.67388916, -117.939941406, -23.4002342224, 116.545021057, -43.2534141541, 168.529281616, -72.5261459351, 93.2769470215, -54.5179023743, 97.03125, -65.0736999512, 46.7123260498], [-113.353996277, -117.939941406, 739.770080566, 114.746414185, 18.6794509888, 85.5071563721, -49.8985404968, 49.9594039917, -11.3373355865, 45.2476272583, -62.8358421326, 60.0417900085, -26.3170013428], [218.235336304, -23.4002342224, 114.746414185, 384.559936523, 148.359603882, 6.65580749512, -22.2002449036, 21.1781387329, 41.0912513733, 10.0321311951, -11.5621776581, 58.2493209839, 59.4943122864], [5.36354875565, 116.545021057, 18.6794509888, 148.359603882, 255.024093628, 28.6473560333, 10.9019002914, 26.916311264, 38.3420181274, 14.1986999512, -7.5170249939, 33.7629127502, 36.4996986389], [439.556549072, -43.2534141541, 85.5071563721, 6.65580749512, 28.6473560333, 250.416503906, 114.59160614, 48.1296615601, 0.870991051197, 31.7500324249, 27.5911045074, -31.4243564606, -21.3682956696], [-23.7952480316, 168.529281616, -49.8985404968, -22.2002449036, 10.9019002914, 114.59160614, 235.624801636, 37.7644309998, 26.3774700165, 20.8449478149, 42.5332756042, -33.4927635193, -7.38174104691], [233.698501587, -72.5261459351, 49.9594039917, 21.1781387329, 26.916311264, 48.1296615601, 37.7644309998, 127.411117554, 42.5628433228, 32.7246627808, 1.1232637167, 6.3337726593, 0.117640316486], [-84.0348358154, 93.2769470215, -11.3373355865, 41.0912513733, 38.3420181274, 0.870991051197, 26.3774700165, 42.5628433228, 113.6195755, 32.5797691345, 19.7232189178, -8.71570110321, 19.8465633392], [79.175239563, -54.5179023743, 45.2476272583, 10.0321311951, 14.1986999512, 31.7500324249, 20.8449478149, 32.7246627808, 32.5797691345, 95.8509979248, 23.5251560211, 12.7484273911, -6.84434747696], [-0.0272885747254, 97.03125, -62.8358421326, -11.5621776581, -7.5170249939, 27.5911045074, 42.5332756042, 1.1232637167, 19.7232189178, 23.5251560211, 106.378303528, 10.6936569214, 13.8743276596], [-90.9248428345, -65.0736999512, 60.0417900085, 58.2493209839, 33.7629127502, -31.4243564606, -33.4927635193, 6.3337726593, -8.71570110321, 12.7484273911, 10.6936569214, 107.67906189, 41.9606971741], [-155.183456421, 46.7123260498, -26.3170013428, 59.4943122864, 36.4996986389, -21.3682956696, -7.38174104691, 0.117640316486, 19.8465633392, -6.84434747696, 13.8743276596, 41.9606971741, 87.2466278076]], "icov": [[0.000129453925183, -0.000191021739738, 0.000174572342075, -0.000222588816541, 0.000216989792534, -0.000405503815273, 0.00036210406688, -0.000423090852564, 0.000321320345392, -0.000225249605137, 0.000194774416741, -0.000121197539556, 0.00031464008498], [-0.000191021739738, 0.00411856686696, -0.00136273447424, 0.00146062090062, -0.00317420251667, 0.00316929351538, -0.00388231221586, 0.00366816995665, -0.00328285922296, 0.00354916718788, -0.00417399872094, 0.00334080075845, -0.00209897593595], [0.000174572342075, -0.00136273447424, 0.00246072956361, -0.00116284494288, 0.00155558320694, -0.00234396127053, 0.00198207073845, -0.00169140589423, 0.00109039957169, -0.00182038079947, 0.00272120442241, -0.00260036322288, 0.0019474956207], [-0.000222588816541, 0.00146062090062, -0.00116284494288, 0.00463331397623, -0.00301248929463, 0.00129411928356, -0.00136094982736, 0.0018257118063, -0.00229525961913, 0.00160295865498, -0.00116993417032, 0.000371724192519, -0.0025734398514], [0.000216989792534, -0.00317420251667, 0.00155558320694, -0.00301248929463, 0.00803506746888, -0.00358005869202, 0.00299399532378, -0.00308440276422, 0.00134013325442, -0.00294484710321, 0.00444903969765, -0.00390022736974, 0.00126050191466], [-0.000405503815273, 0.00316929351538, -0.00234396127053, 0.00129411928356, -0.00358005869202, 0.00966111198068, -0.0059827552177, 0.00165299756918, -0.000559703097679, 0.00176157685928, -0.0050568417646, 0.00522936088964, -0.00209748721682], [0.00036210406688, -0.00388231221586, 0.00198207073845, -0.00136094982736, 0.00299399532378, -0.0059827552177, 0.010205084458, -0.00472583482042, 0.00258898641914, -0.00342686986551, 0.00250568380579, -0.0021185122896, 0.00216322136112], [-0.000423090852564, 0.00366816995665, -0.00169140589423, 0.0018257118063, -0.00308440276422, 0.00165299756918, -0.00472583482042, 0.0144417388365, -0.00725631928071, 0.0017695617862, -0.00199607131071, 0.000948633707594, -0.00154512154404], [0.000321320345392, -0.00328285922296, 0.00109039957169, -0.00229525961913, 0.00134013325442, -0.000559703097679, 0.00258898641914, -0.00725631928071, 0.0166286174208, -0.0068785874173, 0.00111696345266, 0.00234989123419, -0.00187566573732], [-0.000225249605137, 0.00354916718788, -0.00182038079947, 0.00160295865498, -0.00294484710321, 0.00176157685928, -0.00342686986551, 0.0017695617862, -0.0068785874173, 0.0172992032021, -0.00616927631199, -0.000173250009539, 0.00141423300374], [0.000194774416741, -0.00417399872094, 0.00272120442241, -0.00116993417032, 0.00444903969765, -0.0050568417646, 0.00250568380579, -0.00199607131071, 0.00111696345266, -0.00616927631199, 0.0170124340802, -0.00646779825911, 0.000981957069598], [-0.000121197539556, 0.00334080075845, -0.00260036322288, 0.000371724192519, -0.00390022736974, 0.00522936088964, -0.0021185122896, 0.000948633707594, 0.00234989123419, -0.000173250009539, -0.00646779825911, 0.0187959857285, -0.00886960700154], [0.00031464008498, -0.00209897593595, 0.0019474956207, -0.0025734398514, 0.00126050191466, -0.00209748721682, 0.00216322136112, -0.00154512154404, -0.00187566573732, 0.00141423300374, 0.000981957069598, -0.00886960700154, 0.0192788038403]], "mean": [-53.5754356384, 113.081558228, -110.043991089, 9.28076934814, -62.2101249695, 12.6515979767, -54.6478996277, 13.9320831299, -24.2733669281, 2.53512001038, -12.8017940521, -4.0988278389, -11.5416660309]}, "hfc": {"dmean": 3.90688061714, "dmean2": 5.57902097702, "dvar": 57.1499633789, "dvar2": 107.220336914, "max": 451.012115479, "mean": 13.7738161087, "median": 7.96319675446, "min": 8.56705000274e-08, "var": 295.680297852}, "melbands": {"dmean": [0.000620847160462, 0.000646264583338, 0.000696676725056, 0.000542640918866, 0.000168484082678, 0.000198102541617, 0.000206670796615, 0.000219934852794, 0.000137457318488, 0.000212596874917, 9.88022438833e-05, 2.95121899399e-05, 2.54347996815e-05, 2.70155869657e-05, 2.39512974076e-05, 3.98490774387e-05, 2.82066412183e-05, 1.3091414985e-05, 1.17629169836e-05, 8.21537923912e-06, 8.82245240064e-06, 4.85090640723e-06, 3.17912486025e-06, 3.04533432427e-06, 1.52258337494e-06, 9.35309913075e-07, 7.57200723456e-07, 3.88692058095e-07, 3.72516467451e-07, 2.50883999797e-07, 1.88791958067e-07, 1.2794264137e-07, 1.30607915594e-07, 1.81874654004e-07, 3.0731860079e-07, 4.64266804556e-07, 7.32378794055e-07, 6.78845481161e-07, 4.02624635853e-07, 3.61889163969e-07], "dmean2": [0.000909368391149, 0.000987847568467, 0.00124758295715, 0.000903464853764, 0.000263885973254, 0.000318479578709, 0.000295755831758, 0.000317583442666, 0.00020084521384, 0.000326640118146, 0.000152124732267, 4.43634744443e-05, 3.93191585317e-05, 4.30071449955e-05, 3.66363492503e-05, 6.35595424683e-05, 4.3858151912e-05, 1.97307690541e-05, 1.87162422662e-05, 1.23505806187e-05, 1.34161200549e-05, 7.18113506082e-06, 4.96448728882e-06, 4.97605515193e-06, 2.47227717409e-06, 1.49694790252e-06, 1.2259728237e-06, 6.28197142305e-07, 5.93913966895e-07, 3.95049852386e-07, 2.93700651355e-07, 1.94498923634e-07, 1.9959702513e-07, 2.69781821771e-07, 4.52433653209e-07, 6.64536173645e-07, 1.0943297184e-06, 9.74937847786e-07, 5.67247525396e-07, 5.10747440785e-07], "dvar": [2.15907471102e-06, 2.40558256337e-06, 3.19432592732e-06, 1.82050473541e-06, 1.12045761114e-07, 1.6210428555e-07, 1.89643856174e-07, 3.34549156378e-07, 1.995192207e-07, 3.66766272464e-07, 1.15928244782e-07, 4.60952476189e-09, 2.62207255908e-09, 5.84958570471e-09, 4.74498262903e-09, 1.33262885171e-08, 5.5546269806e-09, 1.65000013652e-09, 1.07285968998e-09, 1.19484666605e-09, 8.66454741288e-10, 2.43995573745e-10, 5.68961440461e-11, 3.99617630653e-11, 1.33948798234e-11, 5.7093227715e-12, 2.35234509822e-12, 5.77214708322e-13, 9.4669823196e-13, 3.87168189219e-13, 2.14755635692e-13, 8.49461898934e-14, 8.8887562946e-14, 2.54522314683e-13, 1.10988562091e-12, 1.26674564935e-11, 8.25411961003e-11, 3.30667437876e-11, 4.72224516435e-12, 1.41151359264e-12], "dvar2": [4.53163329439e-06, 5.65853224543e-06, 8.65375750436e-06, 4.65273114969e-06, 2.59613727849e-07, 3.85935095437e-07, 3.54335043085e-07, 6.73370607274e-07, 4.26061490089e-07, 9.04344403807e-07, 2.80589119939e-07, 9.33565136307e-09, 6.40510666727e-09, 1.47944190232e-08, 1.03272057572e-08, 3.36328156436e-08, 1.37036435532e-08, 3.73685526966e-09, 2.53913290393e-09, 2.31503949344e-09, 1.67943126073e-09, 4.71656269596e-10, 1.18928672466e-10, 1.04054737049e-10, 3.61468389942e-11, 1.49853272152e-11, 5.93446862832e-12, 1.46250643974e-12, 2.29888395646e-12, 9.14251205124e-13, 5.13780261824e-13, 1.94537216739e-13, 1.88119837633e-13, 5.79749789842e-13, 2.36882215232e-12, 2.49712160671e-11, 1.54438115074e-10, 7.54043980034e-11, 9.84189466036e-12, 2.61829837325e-12], "max": [0.016233433038, 0.0213518440723, 0.0180853549391, 0.01958694309, 0.0136188026518, 0.00871118530631, 0.0123429000378, 0.0206130016595, 0.0122794192284, 0.0188379138708, 0.0104851247743, 0.00311867753044, 0.00126078608446, 0.00216695410199, 0.00336297717877, 0.00258409790695, 0.00217331177555, 0.001372775645, 0.00103189458605, 0.00157949666027, 0.00149143591989, 0.000801234098617, 0.000354346964741, 0.000157044472871, 8.49711723276e-05, 6.62740130792e-05, 4.67884601676e-05, 1.72697200469e-05, 4.51407286164e-05, 2.01250004466e-05, 1.29734926304e-05, 6.43066050543e-06, 1.0217041563e-05, 2.39468045038e-05, 6.45448672003e-05, 0.000294968776871, 0.000662216043565, 0.000466226134449, 0.000180082875886, 6.33637973806e-05], "mean": [0.000705728889443, 0.000824868329801, 0.000655054464005, 0.000777162262239, 0.000418711220846, 0.00039090384962, 0.000471213599667, 0.000457747635664, 0.000323558080709, 0.000419759773649, 0.000198637222638, 6.62546153762e-05, 4.79742775497e-05, 5.50697805011e-05, 5.09530982526e-05, 7.97612592578e-05, 6.08258233115e-05, 2.45464307227e-05, 1.99654168682e-05, 1.70006205735e-05, 2.13404000533e-05, 1.14987069537e-05, 6.7468117777e-06, 5.91123398408e-06, 3.18881620842e-06, 1.92841366697e-06, 1.45950559727e-06, 8.30025271625e-07, 7.03934915691e-07, 4.8965091537e-07, 3.62351045169e-07, 2.38928009821e-07, 2.37703872585e-07, 3.28583325881e-07, 5.22731227193e-07, 7.94932532244e-07, 1.29035754526e-06, 1.0528394796e-06, 5.91062871536e-07, 5.018871434e-07], "median": [0.000147983329953, 0.000251667457633, 0.000198595240363, 0.000359361671144, 0.000209600184462, 0.000156049238285, 0.000162045704201, 0.000116027964395, 5.49180040252e-05, 6.30098656984e-05, 2.58171185124e-05, 1.9179773517e-05, 1.77659476321e-05, 8.26843279356e-06, 9.34250419959e-06, 1.13021269499e-05, 1.20477898236e-05, 5.04586751049e-06, 6.14367354501e-06, 3.6646024455e-06, 4.34460616816e-06, 2.8094038953e-06, 2.21500749831e-06, 2.26701877182e-06, 1.17572153613e-06, 6.06528942626e-07, 6.2705498749e-07, 3.65601749763e-07, 2.33507137182e-07, 1.77288796976e-07, 1.25698505826e-07, 8.21390386818e-08, 8.47289740591e-08, 1.16134494021e-07, 1.49968514052e-07, 1.59474012662e-07, 1.44186927287e-07, 1.23507732042e-07, 7.76870763275e-08, 7.4121615512e-08], "min": [3.39931397917e-13, 8.92126541911e-13, 1.40812611137e-12, 1.29945576868e-12, 4.27406347077e-13, 3.22608693232e-13, 5.77618194161e-13, 2.26827549256e-13, 3.54719102398e-13, 3.51371405929e-12, 2.64260900489e-12, 1.22661060996e-12, 5.03460988177e-13, 1.31313606907e-13, 2.49565206825e-13, 2.3492517068e-13, 1.05855360827e-13, 7.79359893678e-14, 5.94166100869e-14, 2.58773613703e-14, 1.15163743003e-14, 1.08399109188e-14, 1.19724532615e-14, 1.29351138294e-14, 1.1014093927e-14, 6.14075551002e-15, 6.96421468332e-15, 5.87021615128e-15, 3.17732773482e-15, 3.5892356219e-15, 4.28056358466e-15, 3.46931545009e-15, 2.25217336236e-15, 2.22631598757e-15, 2.81537446283e-15, 1.3579634328e-15, 1.28791031405e-15, 1.79789201681e-15, 3.19462520639e-15, 2.48487173593e-15], "var": [2.62672551798e-06, 2.70469854513e-06, 2.3122706807e-06, 1.84877330867e-06, 6.71507450534e-07, 5.0797507356e-07, 8.28796032692e-07, 1.1715681012e-06, 1.0817675502e-06, 1.13142607461e-06, 4.06897868288e-07, 3.19395780934e-08, 6.45626530016e-09, 1.96583425094e-08, 2.3314319364e-08, 4.12996961074e-08, 2.53336107647e-08, 4.05397093672e-09, 2.27657248608e-09, 4.76449546483e-09, 6.69893829297e-09, 1.62675217741e-09, 2.258687265e-10, 1.04281180913e-10, 3.95655834484e-11, 1.45950820873e-11, 5.7625267405e-12, 1.55616231706e-12, 1.94976738747e-12, 9.5865058513e-13, 5.11623729493e-13, 1.97576547137e-13, 2.16103732673e-13, 5.59170277355e-13, 2.60047734214e-12, 3.77580536282e-11, 2.43446235393e-10, 7.49786968623e-11, 1.18460701318e-11, 3.43045839131e-12]}, "melbands_crest": {"dmean": 2.98838114738, "dmean2": 4.71029138565, "dvar": 7.00686168671, "dvar2": 16.695224762, "max": 32.8259506226, "mean": 13.2154312134, "median": 12.4163646698, "min": 4.41847324371, "var": 22.1728096008}, "melbands_flatness_db": {"dmean": 0.0213218964636, "dmean2": 0.0315310657024, "dvar": 0.000488533289172, "dvar2": 0.000989198451862, "max": 0.497720718384, "mean": 0.235434710979, "median": 0.230075508356, "min": 0.0698878988624, "var": 0.00303844106384}, "melbands_kurtosis": {"dmean": 5.84602832794, "dmean2": 9.0049533844, "dvar": 110.012557983, "dvar2": 246.300689697, "max": 296.233184814, "mean": 10.6264228821, "median": 6.28116512299, "min": -1.92729365826, "var": 220.102401733}, "melbands_skewness": {"dmean": 0.632311403751, "dmean2": 0.929360210896, "dvar": 0.525392889977, "dvar2": 1.08482265472, "max": 13.0311317444, "mean": 2.07391405106, "median": 1.89136767387, "min": -2.39518618584, "var": 1.9849588871}, "melbands_spread": {"dmean": 4.13725185394, "dmean2": 6.2381310463, "dvar": 47.6692237854, "dvar2": 84.5590744019, "max": 279.044616699, "mean": 15.6835327148, "median": 13.2303314209, "min": 0.63226544857, "var": 197.422744751}, "mfcc": {"cov": [[8507.9375, 70.1002578735, -218.675354004, -183.486968994, 230.546340942, 23.4102401733, 197.350891113, 140.692871094, 54.4767799377, 182.843338013, 180.166732788, 98.8849105835, -141.53288269], [70.1002578735, 938.176513672, -94.1431121826, -1.88512504101, -38.2633285522, 19.9618663788, 28.7961978912, 34.1333122253, -26.7058544159, 37.1953468323, 36.1778717041, 7.43078947067, -0.146776482463], [-218.675354004, -94.1431121826, 571.56628418, 20.2570667267, 58.4355278015, 52.9467353821, 28.0493068695, 22.221118927, 18.8758335114, 23.0388908386, -23.4272994995, 21.3171844482, 10.0163049698], [-183.486968994, -1.88512504101, 20.2570667267, 340.580993652, 150.512954712, 21.8744354248, -58.0589141846, 9.53012371063, 69.717048645, -36.0223236084, -44.2333946228, -6.236369133, 68.1924209595], [230.546340942, -38.2633285522, 58.4355278015, 150.512954712, 273.548278809, 30.314458847, -30.9859619141, 10.9657344818, 53.6054153442, -15.4770059586, -31.3112354279, 3.8416390419, 35.0578727722], [23.4102401733, 19.9618663788, 52.9467353821, 21.8744354248, 30.314458847, 163.306884766, 87.3026504517, 35.1460075378, 27.3867549896, 25.9867324829, 27.9648799896, 14.3079919815, 4.45765209198], [197.350891113, 28.7961978912, 28.0493068695, -58.0589141846, -30.9859619141, 87.3026504517, 180.029495239, 58.947177887, 13.2966518402, 39.0037231445, 51.771270752, 23.5218257904, -3.99048161507], [140.692871094, 34.1333122253, 22.221118927, 9.53012371063, 10.9657344818, 35.1460075378, 58.947177887, 97.9306182861, 39.7412490845, 24.3585395813, 16.7489700317, 12.184961319, 1.53466212749], [54.4767799377, -26.7058544159, 18.8758335114, 69.717048645, 53.6054153442, 27.3867549896, 13.2966518402, 39.7412490845, 116.917327881, 42.4802284241, 9.48663520813, 0.0437767505646, 9.90800380707], [182.843338013, 37.1953468323, 23.0388908386, -36.0223236084, -15.4770059586, 25.9867324829, 39.0037231445, 24.3585395813, 42.4802284241, 128.331314087, 67.2256088257, 12.0763883591, -27.7148838043], [180.166732788, 36.1778717041, -23.4272994995, -44.2333946228, -31.3112354279, 27.9648799896, 51.771270752, 16.7489700317, 9.48663520813, 67.2256088257, 112.334220886, 35.570980072, -23.9543075562], [98.8849105835, 7.43078947067, 21.3171844482, -6.236369133, 3.8416390419, 14.3079919815, 23.5218257904, 12.184961319, 0.0437767505646, 12.0763883591, 35.570980072, 78.70677948, 31.0316181183], [-141.53288269, -0.146776482463, 10.0163049698, 68.1924209595, 35.0578727722, 4.45765209198, -3.99048161507, 1.53466212749, 9.90800380707, -27.7148838043, -23.9543075562, 31.0316181183, 109.822914124]], "icov": [[0.000141802054713, 2.69575684797e-06, 8.51652221172e-05, 8.22684378363e-05, -0.00024851274793, 0.000116043556773, -0.000143204422784, -0.000122967016068, 4.50063271273e-05, -0.000125516191474, -1.09361089926e-05, -0.000202318828087, 0.000214080573642], [2.69575684797e-06, 0.00115947681479, 0.000214170169784, -0.0002036926453, 0.000103570731881, -0.000137352501042, 6.74837719998e-05, -0.000602230837103, 0.000750465027522, -0.000544145703316, -9.14793781703e-05, 9.17240613489e-05, -0.000155546600581], [8.51652221172e-05, 0.000214170169784, 0.00205128709786, 3.25391119986e-05, -0.000459659204353, -0.000477637688164, -0.000242959387833, -0.000286693044472, 0.000335429998813, -0.00102830550168, 0.00138894899283, -0.00107421970461, 0.000380771409255], [8.22684378363e-05, -0.0002036926453, 3.25391119986e-05, 0.0052392357029, -0.00188751961105, -0.000938015175052, 0.00171789573506, -0.000411332235672, -0.00246409256943, 0.00139233365189, -0.00044484634418, 0.00101130397525, -0.00225074915215], [-0.00024851274793, 0.000103570731881, -0.000459659204353, -0.00188751961105, 0.00568687124178, -0.00114506203681, 0.00102899654303, 0.000123637481011, -0.00136679084972, 0.0004576893989, 0.000822319998406, -0.000443074677605, -0.000296052690828], [0.000116043556773, -0.000137352501042, -0.000477637688164, -0.000938015175052, -0.00114506203681, 0.00940871983767, -0.00480139069259, 0.000127077611978, -0.000513571430929, -0.000235249783145, -0.000769903068431, -0.000102563790279, 0.000430784770288], [-0.000143204422784, 6.74837719998e-05, -0.000242959387833, 0.00171789573506, 0.00102899654303, -0.00480139069259, 0.0109253553674, -0.00468036020175, 0.000343944266206, 0.000296125479508, -0.00270900386386, 0.000457951740827, -0.00157678802498], [-0.000122967016068, -0.000602230837103, -0.000286693044472, -0.000411332235672, 0.000123637481011, 0.000127077611978, -0.00468036020175, 0.0153668196872, -0.00477320002392, 0.000150940613821, 0.00102081836667, -0.0015601500636, 0.000825069495477], [4.50063271273e-05, 0.000750465027522, 0.000335429998813, -0.00246409256943, -0.00136679084972, -0.000513571430929, 0.000343944266206, -0.00477320002392, 0.0145783908665, -0.00582004943863, 0.000741429277696, 0.00128351768944, -0.000890136638191], [-0.000125516191474, -0.000544145703316, -0.00102830550168, 0.00139233365189, 0.0004576893989, -0.000235249783145, 0.000296125479508, 0.000150940613821, -0.00582004943863, 0.0148342121392, -0.00782943796366, 0.00132879824378, 0.0011242806213], [-1.09361089926e-05, -9.14793781703e-05, 0.00138894899283, -0.00044484634418, 0.000822319998406, -0.000769903068431, -0.00270900386386, 0.00102081836667, 0.000741429277696, -0.00782943796366, 0.0188661143184, -0.00866308715194, 0.00431152619421], [-0.000202318828087, 9.17240613489e-05, -0.00107421970461, 0.00101130397525, -0.000443074677605, -0.000102563790279, 0.000457951740827, -0.0015601500636, 0.00128351768944, 0.00132879824378, -0.00866308715194, 0.0203412547708, -0.0080242138356], [0.000214080573642, -0.000155546600581, 0.000380771409255, -0.00225074915215, -0.000296052690828, 0.000430784770288, -0.00157678802498, 0.000825069495477, -0.000890136638191, 0.0011242806213, 0.00431152619421, -0.0080242138356, 0.0143240578473]], "mean": [-700.128540039, 149.023986816, 6.60483026505, 2.30133318901, 10.7396850586, -9.0192489624, -6.94085693359, -2.42782211304, -7.46160030365, 3.58043813705, -2.58125424385, 2.24384117126, -5.27509689331]}, "pitch_salience": {"dmean": 0.069433785975, "dmean2": 0.11030202359, "dvar": 0.00389457284473, "dvar2": 0.00967201776803, "max": 0.904709517956, "mean": 0.540550768375, "median": 0.549207508564, "min": 0.121545143425, "var": 0.0121494773775}, "silence_rate_20dB": {"dmean": 0, "dmean2": 0, "dvar": 0, "dvar2": 0, "max": 1, "mean": 1, "median": 1, "min": 1, "var": 0}, "silence_rate_30dB": {"dmean": 0.000466581113869, "dmean2": 0.000933271134272, "dvar": 0.000466373894596, "dvar2": 0.00116575951688, "max": 1, "mean": 0.999650120735, "median": 1, "min": 0, "var": 0.000349788751919}, "silence_rate_60dB": {"dmean": 0.0324273891747, "dmean2": 0.0647456869483, "dvar": 0.0313764363527, "dvar2": 0.0670839846134, "max": 1, "mean": 0.150921389461, "median": 0, "min": 0, "var": 0.128136649728}, "spectral_centroid": {"dmean": 132.066223145, "dmean2": 203.30809021, "dvar": 27558.4882813, "dvar2": 58554.8710938, "max": 5824.88769531, "mean": 825.678588867, "median": 767.218566895, "min": 175.767410278, "var": 137367.921875}, "spectral_complexity": {"dmean": 1.84696137905, "dmean2": 2.94948673248, "dvar": 3.14540791512, "dvar2": 7.24038648605, "max": 36, "mean": 12.5, "median": 12, "min": 0, "var": 37.6442146301}, "spectral_contrast_coeffs": {"dmean": [0.0513663291931, 0.0440539196134, 0.0376253426075, 0.0309824291617, 0.0217896010727, 0.0166819896549], "dmean2": [0.0826020985842, 0.0706583783031, 0.0592834688723, 0.0489016808569, 0.035151861608, 0.0259501505643], "dvar": [0.00201463932171, 0.00133153970819, 0.000974889961071, 0.000644457351882, 0.000310230418108, 0.000221629990847], "dvar2": [0.00491395732388, 0.00338940671645, 0.00236454536207, 0.00154326728079, 0.000763560936321, 0.000492532970384], "max": [-0.293393492699, -0.396042853594, -0.406797796488, -0.513993382454, -0.559303760529, -0.661569952965], "mean": [-0.624255657196, -0.697162091732, -0.721396386623, -0.744354367256, -0.777560472488, -0.82024872303], "median": [-0.631365418434, -0.70159727335, -0.733104705811, -0.750465989113, -0.782031059265, -0.822078466415], "min": [-0.981330811977, -0.975935339928, -0.940229594707, -0.953181564808, -0.949779331684, -0.948847532272], "var": [0.00830329395831, 0.00648838980123, 0.00632295291871, 0.00378917297348, 0.00231208070181, 0.00109964120202]}, "spectral_contrast_valleys": {"dmean": [0.432321608067, 0.330873191357, 0.305945843458, 0.266116499901, 0.21336145699, 0.312552303076], "dmean2": [0.666843891144, 0.538685262203, 0.482496082783, 0.408647596836, 0.322215825319, 0.394481450319], "dvar": [0.191252619028, 0.0847335979342, 0.0742042586207, 0.0645375922322, 0.0495143011212, 0.128736585379], "dvar2": [0.385555684566, 0.202229350805, 0.167741194367, 0.131320044398, 0.0852202326059, 0.196935474873], "max": [-5.21631097794, -4.85437393188, -5.6450753212, -6.08699035645, -6.67815494537, -7.56653642654], "mean": [-7.7690320015, -6.87776851654, -7.96877098083, -8.39906978607, -8.65461063385, -10.8085489273], "median": [-7.55442142487, -6.70920181274, -7.8408870697, -8.25170707703, -8.47804069519, -10.7247161865], "min": [-15.3421630859, -15.9061059952, -15.4916725159, -16.4817752838, -18.8071537018, -19.6861686707], "var": [1.45836508274, 0.992430090904, 1.16557717323, 1.15994787216, 1.11306011677, 1.36357152462]}, "spectral_decrease": {"dmean": 1.97996552487e-09, "dmean2": 2.95074986667e-09, "dvar": 9.86983138784e-18, "dvar2": 2.1618163477e-17, "max": -2.93451288941e-17, "mean": -5.39179856318e-09, "median": -3.65047481132e-09, "min": -3.52884939048e-08, "var": 2.76235063047e-17}, "spectral_energy": {"dmean": 0.00777631718665, "dmean2": 0.0115617169067, "dvar": 0.000150046354975, "dvar2": 0.000327599671436, "max": 0.139513611794, "mean": 0.0215993132442, "median": 0.0146209597588, "min": 1.37631406272e-10, "var": 0.00043991630082}, "spectral_energyband_high": {"dmean": 0.000142124597915, "dmean2": 0.000191099898075, "dvar": 4.35977312918e-07, "dvar2": 7.54090592636e-07, "max": 0.0522551238537, "mean": 0.000253343750956, "median": 5.89994670008e-05, "min": 9.51795500054e-13, "var": 1.42507690271e-06}, "spectral_energyband_low": {"dmean": 0.00320427166298, "dmean2": 0.00473541812971, "dvar": 5.26130388607e-05, "dvar2": 0.000105213621282, "max": 0.0955971553922, "mean": 0.00456316024065, "median": 0.001452241675, "min": 4.99031675358e-12, "var": 7.43355194572e-05}, "spectral_energyband_middle_high": {"dmean": 0.000936649215873, "dmean2": 0.00139748794027, "dvar": 2.47285220212e-06, "dvar2": 5.82468919674e-06, "max": 0.0422903746367, "mean": 0.00343169365078, "median": 0.00155378575437, "min": 2.53328538702e-11, "var": 2.19310641114e-05}, "spectral_energyband_middle_low": {"dmean": 0.00566563149914, "dmean2": 0.0089997285977, "dvar": 9.40739701036e-05, "dvar2": 0.000231775600696, "max": 0.116629332304, "mean": 0.0139366518706, "median": 0.00854938477278, "min": 6.07891167959e-11, "var": 0.000238882988924}, "spectral_entropy": {"dmean": 0.164271622896, "dmean2": 0.239325135946, "dvar": 0.0293425191194, "dvar2": 0.0568138621747, "max": 8.76652812958, "mean": 7.08481025696, "median": 7.10739612579, "min": 5.12905073166, "var": 0.217271119356}, "spectral_flux": {"dmean": 0.0235395170748, "dmean2": 0.0368857756257, "dvar": 0.00103001412936, "dvar2": 0.00206659128889, "max": 0.304783433676, "mean": 0.0659194663167, "median": 0.0531832128763, "min": 1.2849106497e-05, "var": 0.00245219189674}, "spectral_kurtosis": {"dmean": 2.11658525467, "dmean2": 3.41602325439, "dvar": 4.85517597198, "dvar2": 12.4678564072, "max": 38.3928947449, "mean": 8.07558345795, "median": 7.33916950226, "min": -1.46040785313, "var": 20.1252651215}, "spectral_rms": {"dmean": 0.000738458882552, "dmean2": 0.00106298399623, "dvar": 9.44058115238e-07, "dvar2": 1.87952525721e-06, "max": 0.0116666555405, "mean": 0.00403726333752, "median": 0.00377681758255, "min": 3.66434903754e-07, "var": 4.77294315715e-06}, "spectral_rolloff": {"dmean": 278.210571289, "dmean2": 472.492706299, "dvar": 613231.3125, "dvar2": 1270300.625, "max": 12360.0585938, "mean": 1033.26281738, "median": 732.12890625, "min": 86.1328125, "var": 1276057.125}, "spectral_skewness": {"dmean": 0.232734039426, "dmean2": 0.362807333469, "dvar": 0.0503184236586, "dvar2": 0.112165644765, "max": 5.40594959259, "mean": 2.30019402504, "median": 2.23427295685, "min": -0.277235627174, "var": 0.345145910978}, "spectral_spread": {"dmean": 669767.875, "dmean2": 893571.4375, "dvar": 823667392512, "dvar2": 1350773374980.0, "max": 21513264, "mean": 4376179.5, "median": 3780214.5, "min": 1814585.75, "var": 3487349604350.0}, "spectral_s