{"lowlevel": {"average_loudness": 0.602082967758, "barkbands": {"dmean": [4.91502123623e-06, 0.000784954114351, 0.000688603380695, 0.000474810018204, 0.000461767602246, 0.000370304129319, 0.000428304163506, 0.000443457247457, 0.000826629344374, 0.000716668495443, 0.000324705644744, 0.000516568194143, 0.000369206885807, 0.000382716971217, 0.000236642896198, 0.000182713323738, 0.000299623381579, 0.000204142954317, 0.000153256696649, 0.000168576996657, 8.15999592305e-05, 4.36820955656e-05, 3.3367825381e-05, 1.20957356557e-05, 4.47015509053e-06, 9.06780996957e-07, 8.12268581285e-08], "dmean2": [7.32903254175e-06, 0.00125314015895, 0.00109469727613, 0.000796628009994, 0.000715408823453, 0.000542232417502, 0.000645483669359, 0.00067107094219, 0.00125089788344, 0.00105498975608, 0.000484809454065, 0.000746960460674, 0.000568483548705, 0.000590493611526, 0.000352243310772, 0.000283321511233, 0.000444992736448, 0.000304882792989, 0.000231062760577, 0.000259592867224, 0.000118684030895, 6.44521569484e-05, 5.18176057085e-05, 1.78435129783e-05, 6.56589372738e-06, 1.34376887218e-06, 1.15707898374e-07], "dvar": [3.52370424506e-11, 2.09049608202e-06, 2.11444466913e-06, 1.87365401416e-06, 7.77811123953e-07, 7.27040912807e-07, 1.88755257113e-06, 2.6103593882e-06, 1.2046689335e-05, 7.40399127608e-06, 1.53518431034e-06, 2.87682746603e-06, 1.82237010904e-06, 3.39476650879e-06, 5.00433202433e-07, 2.43812849021e-07, 4.4041593128e-07, 2.7515429224e-07, 1.28704243707e-07, 2.86832914753e-07, 4.36499085765e-08, 1.5576416601e-08, 2.35607142685e-08, 1.6624943644e-09, 8.2650435107e-11, 3.34712097448e-12, 5.00084558995e-14], "dvar2": [7.46998365941e-11, 5.33845650352e-06, 5.04986928718e-06, 5.28800455868e-06, 1.90957621271e-06, 1.49899869939e-06, 3.53673067366e-06, 5.42878342458e-06, 2.63165929937e-05, 1.34242172862e-05, 3.25810651702e-06, 5.44906697542e-06, 4.36143000115e-06, 8.71139764058e-06, 9.7978318081e-07, 5.49152957774e-07, 9.50544745137e-07, 6.0148505554e-07, 2.75519937531e-07, 7.14102213806e-07, 8.95876084428e-08, 2.98799207599e-08, 4.47872139375e-08, 3.40451511427e-09, 1.84288237448e-10, 7.39535863103e-12, 1.05851227306e-13], "max": [9.02895699255e-05, 0.0208134800196, 0.031734097749, 0.0277255028486, 0.0143695082515, 0.0232711657882, 0.0380423739552, 0.0386566221714, 0.0704317688942, 0.0595144294202, 0.0507422871888, 0.0594351068139, 0.0504387877882, 0.0826518312097, 0.0255572032183, 0.0119713619351, 0.0126723917201, 0.0162030216306, 0.00858968682587, 0.0144045623019, 0.00396156776696, 0.00456389551982, 0.00643352977931, 0.0016315493267, 0.00026266646455, 4.42394411948e-05, 8.36633444123e-06], "mean": [1.24269317894e-05, 0.00139110244345, 0.00125525938347, 0.000611577066593, 0.000791279948317, 0.000672824273352, 0.00065820501186, 0.000633548130281, 0.00107012211811, 0.00109647784848, 0.000502267153934, 0.000781621027272, 0.000528559728991, 0.000523875176441, 0.000351653696271, 0.000262728135567, 0.000476253830129, 0.000312879914418, 0.000248533644481, 0.000273587938864, 0.00013986187696, 7.35470603104e-05, 5.4971267673e-05, 2.2173870093e-05, 8.0246327343e-06, 1.43844215472e-06, 1.60087310519e-07], "median": [1.01149698821e-05, 0.000550759141333, 0.000519762164913, 0.00019397806318, 0.0002845377021, 0.000196087552467, 0.00012283839169, 8.89886359801e-05, 5.50322765775e-05, 7.48014717828e-05, 6.16900870227e-05, 8.67190974532e-05, 6.2417886511e-05, 8.08938057162e-05, 3.95610186388e-05, 3.41501690855e-05, 5.60174776183e-05, 4.01830548071e-05, 3.3966916817e-05, 3.01427917293e-05, 1.36180606205e-05, 9.29029374674e-06, 7.3455457823e-06, 5.08919129061e-06, 2.87722878056e-06, 6.55957478557e-07, 6.22065172706e-08], "min": [1.19110534064e-23, 1.41973048384e-23, 2.21033019627e-23, 2.34303553319e-23, 3.19482639717e-23, 1.94782189947e-23, 4.68152091667e-23, 4.79401121958e-23, 2.84120182592e-23, 1.14964612468e-22, 9.67061870029e-23, 5.40343025023e-23, 1.12712080107e-22, 8.84616880865e-23, 1.08849690897e-22, 1.97163275081e-22, 1.28246329052e-22, 1.30656810299e-22, 2.40682926309e-22, 2.75720467404e-22, 3.5900749301e-22, 5.26822971472e-22, 5.77747035238e-22, 8.81154349471e-22, 1.13064583549e-21, 2.10785128293e-21, 2.45675650959e-21], "var": [8.70237007455e-11, 4.24276686317e-06, 5.53164500161e-06, 1.78820789642e-06, 1.59698572588e-06, 1.8641949282e-06, 5.38182666787e-06, 5.13706982019e-06, 1.65095498232e-05, 1.77622787305e-05, 4.61585341327e-06, 7.31129648557e-06, 2.7350106393e-06, 3.43779220202e-06, 1.0553710581e-06, 4.62540157287e-07, 1.01006844488e-06, 5.60107594083e-07, 2.69247067308e-07, 4.42961095359e-07, 1.01870803348e-07, 3.05110319232e-08, 4.05191720176e-08, 3.06912784076e-09, 1.80329876032e-10, 5.70267487746e-12, 9.10321283957e-14]}, "barkbands_crest": {"dmean": 2.69962859154, "dmean2": 4.32196187973, "dvar": 6.69169521332, "dvar2": 16.1823158264, "max": 25.7583751678, "mean": 10.2615814209, "median": 9.47638511658, "min": 2.17238354683, "var": 21.8019752502}, "barkbands_flatness_db": {"dmean": 0.0270492974669, "dmean2": 0.0381802804768, "dvar": 0.000773703155573, "dvar2": 0.0015803319402, "max": 0.377351969481, "mean": 0.146744981408, "median": 0.135653451085, "min": 0.0185668449849, "var": 0.00346084753983}, "barkbands_kurtosis": {"dmean": 4.197453022, "dmean2": 6.68728590012, "dvar": 62.5565605164, "dvar2": 149.454452515, "max": 171.919815063, "mean": 6.05945539474, "median": 1.57844626904, "min": -1.88174045086, "var": 143.598571777}, "barkbands_skewness": {"dmean": 0.702122867107, "dmean2": 1.0445176363, "dvar": 0.627161324024, "dvar2": 1.36670911312, "max": 10.3462314606, "mean": 1.50184905529, "median": 1.15149080753, "min": -4.49205064774, "var": 2.75243449211}, "barkbands_spread": {"dmean": 6.02428436279, "dmean2": 9.20913791656, "dvar": 53.6081581116, "dvar2": 125.989105225, "max": 117.119636536, "mean": 20.6477813721, "median": 18.2960624695, "min": 0.712954998016, "var": 221.387252808}, "dissonance": {"dmean": 0.0226988680661, "dmean2": 0.0369041636586, "dvar": 0.000590562005527, "dvar2": 0.00150973722339, "max": 0.500000059605, "mean": 0.456057906151, "median": 0.468692034483, "min": 0.171635732055, "var": 0.00159638584591}, "dynamic_complexity": 5.88378572464, "erbbands": {"dmean": [0.010562072508, 0.215544357896, 0.703864336014, 1.29377746582, 1.43352949619, 1.64074766636, 1.88078022003, 3.50089716911, 6.67803049088, 5.81160783768, 11.3744564056, 17.2218914032, 29.5509929657, 9.41057014465, 14.359787941, 22.7524375916, 15.9775428772, 20.8150920868, 11.3129777908, 11.5528154373, 12.5659141541, 12.8981342316, 11.6667919159, 7.67038393021, 8.42051887512, 8.34270000458, 3.91464328766, 2.94273734093, 1.70154070854, 1.13103270531, 0.973883926868, 0.356283247471, 0.168400883675, 0.0631839931011, 0.0265933480114, 0.00650947447866, 0.00130510306917, 0.00016534110182, 1.61512307386e-05, 5.70541533307e-06], "dmean2": [0.0168639551848, 0.342707157135, 1.09586501122, 2.13493943214, 2.31975460052, 2.57282114029, 2.86015701294, 5.13408899307, 9.84506130219, 8.77317714691, 17.1269207001, 26.4903697968, 42.7356567383, 14.1081523895, 20.7258052826, 32.3291854858, 24.0025043488, 31.5083618164, 16.8012504578, 17.3578300476, 19.3146629333, 18.7351131439, 17.3393974304, 11.3840436935, 12.5012102127, 12.7597312927, 5.82487869263, 4.19993591309, 2.49646186829, 1.73093020916, 1.51789581776, 0.535985708237, 0.247700721025, 0.0924739167094, 0.0398132354021, 0.0097592426464, 0.001896360307, 0.000235156388953, 2.24113045988e-05, 7.6983415056e-06], "dvar": [0.000394009257434, 0.152613013983, 1.64393305779, 12.7260732651, 10.9043626785, 13.2305116653, 14.5444192886, 70.5605010986, 365.101196289, 512.451843262, 1957.75732422, 6361.21679688, 13499.9443359, 1321.92114258, 2453.44042969, 4556.46679688, 3253.27270508, 6222.13134766, 1509.20117188, 1044.31066895, 873.037719727, 712.664123535, 880.808349609, 342.120605469, 568.187866211, 708.497741699, 89.2511825562, 79.8783493042, 21.6340103149, 12.759935379, 24.3097820282, 2.0947804451, 0.240775570273, 0.0179451145232, 0.0037093074061, 0.000187030833331, 7.33911610951e-06, 1.54634719252e-07, 1.34664868146e-09, 6.80899225891e-11], "dvar2": [0.00100491789635, 0.385721951723, 3.80392503738, 34.5598831177, 29.6878166199, 34.080165863, 33.8296585083, 143.240951538, 707.669555664, 1035.81591797, 4305.12158203, 15095.3447266, 24572.0488281, 2588.65136719, 4361.72753906, 8522.69238281, 7653.13525391, 14372.1201172, 3476.2734375, 2261.61499023, 2132.95581055, 1443.01025391, 1901.21166992, 740.524536133, 1241.07775879, 1803.98400879, 188.761886597, 167.365982056, 41.6666412354, 24.6537036896, 48.5375709534, 4.32302618027, 0.484670221806, 0.0394689440727, 0.00862464401871, 0.000434192916146, 1.49089964907e-05, 3.19184408681e-07, 2.75624811863e-09, 1.19439708124e-10], "max": [0.364770203829, 5.54778385162, 27.2985019684, 65.9091415405, 66.9690704346, 66.0483703613, 67.7240600586, 223.95350647, 572.924377441, 746.020324707, 1030.74926758, 2062.09375, 2346.21411133, 1960.64477539, 2149.38623047, 2419.78344727, 2401.70117188, 3042.7355957, 1888.93493652, 804.327819824, 511.461578369, 414.324401855, 768.424865723, 509.210113525, 780.123291016, 792.116333008, 152.092178345, 249.105270386, 157.583908081, 150.497695923, 184.456451416, 59.7942276001, 16.0494499207, 3.04535484314, 2.26357507706, 0.389076143503, 0.0861465036869, 0.0132158119231, 0.00123091472778, 0.000181762778084], "mean": [0.0180866792798, 0.388079345226, 1.38883936405, 1.97469997406, 2.30158305168, 2.48850011826, 3.06653857231, 6.44867515564, 10.9082393646, 8.86066246033, 15.3674917221, 23.0647926331, 47.5858192444, 16.4947032928, 24.2800827026, 35.6607246399, 25.2942237854, 29.8041553497, 17.4964733124, 17.6801795959, 19.6368541718, 21.804933548, 18.6757354736, 12.8828411102, 13.6553688049, 13.6660470963, 6.86496067047, 4.85591506958, 2.90026640892, 1.93157911301, 1.56539583206, 0.616031944752, 0.309968471527, 0.117669098079, 0.0449630655348, 0.0105104576796, 0.00203156168573, 0.000287037371891, 3.59465957445e-05, 1.71508618223e-05], "median": [0.00788080599159, 0.154442086816, 0.634998619556, 0.669661521912, 0.749634563923, 0.791623473167, 0.838379502296, 1.79027807713, 2.37909722328, 1.96052217484, 2.15875983238, 1.64166033268, 2.43314099312, 2.58856487274, 3.5975921154, 4.61622285843, 3.88686537743, 5.26376390457, 2.5515499115, 2.1816740036, 2.43151664734, 2.94202160835, 2.55535554886, 1.82495224476, 2.07921886444, 1.46442091465, 0.700768470764, 0.461733013391, 0.355857104063, 0.234325438738, 0.213295534253, 0.121594503522, 0.0783765986562, 0.0385415479541, 0.0168121308088, 0.00474127894267, 0.000895598204806, 0.00011375471513, 2.16996577365e-05, 1.03690272226e-05], "min": [5.81124824039e-22, 2.46992960319e-21, 1.37272012058e-20, 7.61227886727e-20, 6.01080873375e-20, 1.47762775413e-19, 9.20498088629e-20, 1.59221256075e-19, 5.63380462597e-19, 8.53543634157e-19, 1.09753921909e-18, 6.64682894072e-19, 2.29552256638e-18, 3.08115244919e-18, 4.5457321788e-18, 3.2682973065e-18, 4.87038609356e-18, 5.46068988923e-18, 3.50369677881e-18, 7.76044886111e-18, 1.18444695015e-17, 6.66118414326e-18, 6.8267939737e-18, 9.29332124247e-18, 1.46164468599e-17, 1.34461517293e-17, 1.53640361539e-17, 1.24652718599e-17, 2.08829868553e-17, 1.76511806215e-17, 1.64213053257e-17, 1.75118387386e-17, 1.39655764862e-17, 1.01879749776e-17, 1.07188437783e-17, 7.56532770796e-18, 4.07227302133e-18, 1.4048048668e-18, 2.82092861462e-19, 3.96952634543e-20], "var": [0.000693811743986, 0.326421678066, 4.76653385162, 16.1065864563, 16.1634635925, 22.9177474976, 31.2577934265, 190.244934082, 1327.69104004, 950.573547363, 2984.91113281, 7329.34960938, 35582.1132813, 4449.23974609, 8931.73632813, 11612.3447266, 5481.41845703, 8440.97753906, 2441.31494141, 2059.24414063, 1721.80603027, 1816.11938477, 1844.2668457, 731.255249023, 1006.32012939, 1107.65563965, 225.805801392, 145.484313965, 45.2789955139, 24.3837757111, 39.9496383667, 3.46225500107, 0.482827842236, 0.0414347983897, 0.00655054720119, 0.00030678184703, 1.32854484036e-05, 2.85541972289e-07, 2.72946087954e-09, 3.2490016233e-10]}, "erbbands_crest": {"dmean": 2.87065649033, "dmean2": 4.5221452713, "dvar": 7.94330072403, "dvar2": 17.6717205048, "max": 32.5228729248, "mean": 9.71680736542, "median": 8.57173156738, "min": 2.04514360428, "var": 25.6430416107}, "erbbands_flatness_db": {"dmean": 0.0224881656468, "dmean2": 0.0310638193041, "dvar": 0.000534548249561, "dvar2": 0.000987286446616, "max": 0.394149184227, "mean": 0.172397911549, "median": 0.168579906225, "min": 0.0244958326221, "var": 0.0030183759518}, "erbbands_kurtosis": {"dmean": 1.25393807888, "dmean2": 1.9579180479, "dvar": 6.6842675209, "dvar2": 15.8524894714, "max": 65.2593994141, "mean": 0.937243163586, "median": 0.00372128351592, "min": -1.77126455307, "var": 10.2424116135}, "erbbands_skewness": {"dmean": 0.423059612513, "dmean2": 0.633853316307, "dvar": 0.218057766557, "dvar2": 0.484671831131, "max": 7.03951644897, "mean": 0.226138830185, "median": 0.117958001792, "min": -4.56496572495, "var": 0.793894827366}, "erbbands_spread": {"dmean": 8.41230869293, "dmean2": 13.0631227493, "dvar": 95.138710022, "dvar2": 228.260772705, "max": 123.333503723, "mean": 32.7638320923, "median": 29.4725570679, "min": 1.91631269455, "var": 290.032653809}, "gfcc": {"cov": [[24588.5136719, 1573.95153809, -3798.32739258, 1021.17480469, -1413.56115723, 379.80178833, -252.141693115, 158.074462891, -192.06817627, -161.911987305, 123.235061646, -250.84916687, 199.366226196], [1573.95153809, 1328.41162109, 200.409072876, -251.271865845, 96.9766845703, -123.131500244, -15.0316820145, -42.5961914063, 4.35665655136, -63.6916503906, 68.9735717773, -86.0527648926, -59.4796333313], [-3798.32739258, 200.409072876, 1564.60986328, -48.1459846497, 308.310791016, -21.7329864502, -64.5833969116, -54.1493453979, -14.0419416428, 84.9432983398, -28.1215934753, 22.6129627228, -170.322219849], [1021.17480469, -251.271865845, -48.1459846497, 566.274108887, -28.2349338531, 103.782707214, -36.5727424622, -4.81362342834, 23.4209938049, 17.3313331604, -5.61917591095, -3.66159057617, 35.0110549927], [-1413.56115723, 96.9766845703, 308.310791016, -28.2349338531, 421.519348145, 52.8152084351, 19.447479248, -22.7152233124, 69.7346801758, 74.0387496948, -4.82813549042, 67.1468505859, -0.817672669888], [379.80178833, -123.131500244, -21.7329864502, 103.782707214, 52.8152084351, 266.407867432, 83.0067367554, 21.7477436066, 28.6921577454, 34.168132782, -29.547208786, 15.2528600693, 40.3438529968], [-252.141693115, -15.0316820145, -64.5833969116, -36.5727424622, 19.447479248, 83.0067367554, 207.832977295, 63.1372337341, 13.6119451523, -7.31361484528, 11.880572319, -6.72562170029, 16.5335884094], [158.074462891, -42.5961914063, -54.1493453979, -4.81362342834, -22.7152233124, 21.7477436066, 63.1372337341, 114.019996643, 27.0368671417, -6.76443052292, 1.86756873131, -13.0713663101, 4.25960683823], [-192.06817627, 4.35665655136, -14.0419416428, 23.4209938049, 69.7346801758, 28.6921577454, 13.6119451523, 27.0368671417, 115.542182922, 36.0891914368, -5.97389554977, 7.42045927048, 24.1337547302], [-161.911987305, -63.6916503906, 84.9432983398, 17.3313331604, 74.0387496948, 34.168132782, -7.31361484528, -6.76443052292, 36.0891914368, 119.373542786, 29.2082748413, 43.3596458435, -5.33187150955], [123.235061646, 68.9735717773, -28.1215934753, -5.61917591095, -4.82813549042, -29.547208786, 11.880572319, 1.86756873131, -5.97389554977, 29.2082748413, 94.4643783569, 26.990568161, -6.98707199097], [-250.84916687, -86.0527648926, 22.6129627228, -3.66159057617, 67.1468505859, 15.2528600693, -6.72562170029, -13.0713663101, 7.42045927048, 43.3596458435, 26.990568161, 105.512893677, 30.0676803589], [199.366226196, -59.4796333313, -170.322219849, 35.0110549927, -0.817672669888, 40.3438529968, 16.5335884094, 4.25960683823, 24.1337547302, -5.33187150955, -6.98707199097, 30.0676803589, 98.9100952148]], "icov": [[0.000302502070554, -0.000852409284562, 0.000842793961056, -0.000693624315318, 0.000701013661455, -0.000751921732444, 0.000724053767044, -0.000865747220814, 0.000865785172209, -0.000932881957851, 0.000760898110457, -0.00067998317536, 0.000802140915766], [-0.000852409284562, 0.00354261393659, -0.00251884292811, 0.00244345120154, -0.00242390297353, 0.00209847674705, -0.00180535565596, 0.00297892303206, -0.00292974035256, 0.00362021499313, -0.00382778607309, 0.00337395910174, -0.00244236271828], [0.000842793961056, -0.00251884292811, 0.00337122636847, -0.00204398063943, 0.00133669516072, -0.00207527959719, 0.0021118435543, -0.00240947143175, 0.00275971693918, -0.00304485973902, 0.00292026274838, -0.00239399727434, 0.0040200734511], [-0.000693624315318, 0.00244345120154, -0.00204398063943, 0.00388197833672, -0.00155396701302, 0.000625877291895, -0.000679145334288, 0.00221361336298, -0.00252064038068, 0.00253115571104, -0.00299382978119, 0.00267540942878, -0.00254959939048], [0.000701013661455, -0.00242390297353, 0.00133669516072, -0.00155396701302, 0.00559677556157, -0.00203557498753, 0.000850427022669, -0.00104466953781, -2.99867333524e-05, -0.00312317162752, 0.00299815437756, -0.00405737757683, 0.00204476341605], [-0.000751921732444, 0.00209847674705, -0.00207527959719, 0.000625877291895, -0.00203557498753, 0.00773590058088, -0.00446224957705, 0.00213464768603, -0.00168422376737, -1.24368652905e-05, 0.000933817704208, 0.00142766488716, -0.00349359936081], [0.000724053767044, -0.00180535565596, 0.0021118435543, -0.000679145334288, 0.000850427022669, -0.00446224957705, 0.00922164320946, -0.00545500358567, 0.00239913887344, -0.000761804927606, -0.000913720927201, -0.000179777416633, 0.00121611345094], [-0.000865747220814, 0.00297892303206, -0.00240947143175, 0.00221361336298, -0.00104466953781, 0.00213464768603, -0.00545500358567, 0.0145713146776, -0.00624767877162, 0.00391931878403, -0.003118268447, 0.00278107705526, -0.00132123730145], [0.000865785172209, -0.00292974035256, 0.00275971693918, -0.00252064038068, -2.99867333524e-05, -0.00168422376737, 0.00239913887344, -0.00624767877162, 0.015430723317, -0.00736972875893, 0.00419805059209, -0.000180244402145, -0.00111870409455], [-0.000932881957851, 0.00362021499313, -0.00304485973902, 0.00253115571104, -0.00312317162752, -1.24368652905e-05, -0.000761804927606, 0.00391931878403, -0.00736972875893, 0.0174274090677, -0.00793613586575, -0.000789699726738, 0.000273088167887], [0.000760898110457, -0.00382778607309, 0.00292026274838, -0.00299382978119, 0.00299815437756, 0.000933817704208, -0.000913720927201, -0.003118268447, 0.00419805059209, -0.00793613586575, 0.0189349297434, -0.00766098545864, 0.00439809588715], [-0.00067998317536, 0.00337395910174, -0.00239399727434, 0.00267540942878, -0.00405737757683, 0.00142766488716, -0.000179777416633, 0.00278107705526, -0.000180244402145, -0.000789699726738, -0.00766098545864, 0.0186724495143, -0.00859150942415], [0.000802140915766, -0.00244236271828, 0.0040200734511, -0.00254959939048, 0.00204476341605, -0.00349359936081, 0.00121611345094, -0.00132123730145, -0.00111870409455, 0.000273088167887, 0.00439809588715, -0.00859150942415, 0.019355263561]], "mean": [-96.8089447021, 99.0779495239, -125.70891571, 33.1410255432, -49.1592636108, 14.3226966858, -31.1536102295, 6.25249433517, -21.4854221344, -0.395355820656, -9.68462181091, -4.03418111801, -12.5328369141]}, "hfc": {"dmean": 5.16350603104, "dmean2": 6.70886135101, "dvar": 85.3417434692, "dvar2": 143.690643311, "max": 195.296386719, "mean": 13.0145215988, "median": 4.38644886017, "min": 1.18511754547e-16, "var": 361.190979004}, "melbands": {"dmean": [0.000159068891662, 0.000336875673383, 0.000221517329919, 0.000101011712104, 6.93221591064e-05, 7.96502426965e-05, 9.61451951298e-05, 6.70696172165e-05, 9.76927985903e-05, 0.00011914827337, 0.0001466540416, 3.7937250454e-05, 4.64968179585e-05, 6.25743341516e-05, 4.59291986772e-05, 3.47145250998e-05, 4.17437768192e-05, 1.91633862414e-05, 1.7207223209e-05, 1.40914116855e-05, 1.78731243068e-05, 1.56221576617e-05, 1.09218217403e-05, 1.13776222861e-05, 5.90277932133e-06, 6.57731970932e-06, 6.32217415841e-06, 5.54863572688e-06, 2.66700067186e-06, 2.02891487788e-06, 1.81295081347e-06, 1.07646644665e-06, 7.19200500043e-07, 6.34631874163e-07, 6.68135783144e-07, 3.37575215781e-07, 1.84441532269e-07, 1.36096133474e-07, 8.01124002692e-08, 4.69804852798e-08], "dmean2": [0.000255320570432, 0.000520365720149, 0.00036363574327, 0.000158906186698, 0.000106069855974, 0.00011640246521, 0.000140939169796, 0.000101257646747, 0.000148443243233, 0.000181460316526, 0.000212782208109, 5.8123972849e-05, 6.77936768625e-05, 9.05274500838e-05, 6.55621552141e-05, 5.32696940354e-05, 6.43087041681e-05, 2.94895980915e-05, 2.59902280959e-05, 2.16370262933e-05, 2.80068961729e-05, 2.2665664801e-05, 1.64738066815e-05, 1.72334184754e-05, 9.11733877729e-06, 9.98444920697e-06, 9.68466338236e-06, 8.68395272846e-06, 4.03244985137e-06, 3.03973843074e-06, 2.64966388386e-06, 1.58362649927e-06, 1.12168891064e-06, 9.84002326732e-07, 1.04902244402e-06, 5.25636949078e-07, 2.78717777746e-07, 2.02977375352e-07, 1.18109205971e-07, 7.07251643917e-08], "dvar": [8.732246215e-08, 3.16696059599e-07, 3.34157874704e-07, 4.32098801184e-08, 1.89302298281e-08, 3.52968640982e-08, 7.8097158962e-08, 6.09322299283e-08, 1.5611693982e-07, 2.82565963516e-07, 3.33066537905e-07, 2.3087231682e-08, 2.74254574606e-08, 4.31804352274e-08, 2.31758043867e-08, 1.97307024052e-08, 2.9869731577e-08, 7.15653936112e-09, 3.76073483466e-09, 1.71793790305e-09, 2.07793715568e-09, 1.18142984284e-09, 6.99715951846e-10, 1.00467634212e-09, 2.28919369571e-10, 3.01188074481e-10, 4.69242922296e-10, 3.10112935331e-10, 4.60901490584e-11, 2.43668522859e-11, 3.54157710103e-11, 9.24563117038e-12, 3.60181697835e-12, 4.97396438273e-12, 1.18145319916e-11, 2.19933381403e-12, 5.50158930999e-13, 1.64453547351e-13, 3.73335497445e-14, 8.69678288396e-15], "dvar2": [2.2840728775e-07, 7.15142959962e-07, 9.25315760014e-07, 1.1172872405e-07, 4.42732144279e-08, 7.0961647225e-08, 1.50351127104e-07, 1.2278927386e-07, 3.64320499102e-07, 6.47772765205e-07, 6.07502329331e-07, 4.54420039375e-08, 5.49169669739e-08, 8.19682810516e-08, 4.52793678107e-08, 4.91481984e-08, 7.22401480857e-08, 1.81127841614e-08, 7.26051663236e-09, 3.76886699627e-09, 5.23306686873e-09, 2.39336128693e-09, 1.5429674205e-09, 2.27785212914e-09, 5.13425690851e-10, 6.5716437847e-10, 1.1137458733e-09, 8.13091427521e-10, 1.02514351175e-10, 5.27038447606e-11, 7.55799242635e-11, 1.73691495214e-11, 8.35592359194e-12, 9.63450673408e-12, 2.37266161579e-11, 4.59140277881e-12, 1.20973088318e-12, 3.35310067472e-13, 8.36486506147e-14, 2.00603236415e-14], "max": [0.00469091674313, 0.00998279266059, 0.0109943579882, 0.00402277708054, 0.00226546474732, 0.00514727039263, 0.0076442793943, 0.00692637590691, 0.00866093765944, 0.0118796536699, 0.0114050628617, 0.0075925430283, 0.00845581013709, 0.00830445997417, 0.00672599440441, 0.00646844878793, 0.00694864382967, 0.00438144942746, 0.00258031487465, 0.00119573995471, 0.000853899517097, 0.000646353408229, 0.000652861665003, 0.000755006156396, 0.000386142113712, 0.00042789298459, 0.000692335888743, 0.000550315249711, 0.000135377311381, 8.61222943058e-05, 0.000174341534148, 0.000105643281131, 6.24502063147e-05, 0.000102210091427, 0.000126580576762, 5.68206232856e-05, 3.42349121638e-05, 1.47796272358e-05, 4.98092776979e-06, 1.62174353591e-06], "mean": [0.000276239064988, 0.000690355314873, 0.000355212803697, 0.000168534286786, 0.000111398760055, 0.000147385202581, 0.000158347014803, 0.000100739074696, 0.000124437734485, 0.000159453047672, 0.00023336414597, 5.93994882365e-05, 7.38428279874e-05, 9.6659445262e-05, 6.95260896464e-05, 4.88023615617e-05, 5.76424245082e-05, 2.69161992037e-05, 2.51786786976e-05, 2.05076830753e-05, 2.59673270193e-05, 2.54519254668e-05, 1.67266007338e-05, 1.66949175764e-05, 9.22696381167e-06, 1.00156667031e-05, 9.5173554655e-06, 8.95683297131e-06, 4.37200287706e-06, 3.29266163135e-06, 2.75189222521e-06, 1.72066040705e-06, 1.17530601074e-06, 1.01646742223e-06, 1.02884825992e-06, 5.33572631412e-07, 3.09847564495e-07, 2.39243263422e-07, 1.40109975177e-07, 8.41647818106e-08], "median": [0.000117002506158, 0.000343626306858, 0.000146269550896, 5.54808648303e-05, 3.03839988192e-05, 4.20673350163e-05, 3.40585065715e-05, 2.02666760742e-05, 1.38670939123e-05, 8.79982235347e-06, 1.12533152787e-05, 9.04219177755e-06, 9.10511153052e-06, 1.12140587589e-05, 8.83441953192e-06, 7.1122594818e-06, 8.8567912826e-06, 3.57127760253e-06, 2.78535776488e-06, 2.53660346061e-06, 2.75220986623e-06, 2.90767138722e-06, 2.72024817605e-06, 1.73017042471e-06, 1.21494440464e-06, 1.30913099383e-06, 1.38409006922e-06, 7.70936651406e-07, 3.96364498556e-07, 3.38422182722e-07, 2.35640158053e-07, 1.98627219561e-07, 1.53239056999e-07, 1.14713721189e-07, 1.24760148879e-07, 9.32460935132e-08, 6.17970243866e-08, 5.62486057731e-08, 4.1773816406e-08, 2.69503690475e-08], "min": [4.3648620519e-24, 6.65169014118e-24, 1.15656072717e-23, 8.1458849924e-24, 4.02438850191e-24, 3.48274792692e-24, 9.16044610235e-24, 9.23585252742e-24, 8.41736752862e-24, 3.87158693343e-24, 1.26721598184e-23, 1.30470430867e-23, 1.51206886161e-23, 8.18574613394e-24, 1.19596393496e-23, 7.79764944553e-24, 1.08891598344e-23, 4.13049266025e-24, 8.828671716e-24, 1.30437448592e-23, 1.38723572543e-23, 7.33220100107e-24, 5.27203276581e-24, 6.65401885857e-24, 7.42152924339e-24, 9.17560958667e-24, 1.05401890691e-23, 8.41369459225e-24, 9.42962279815e-24, 9.4688844054e-24, 5.93597518011e-24, 1.1298250478e-23, 1.17917168953e-23, 8.97084575036e-24, 9.30552866687e-24, 9.49882167676e-24, 1.13116761018e-23, 1.00941639579e-23, 9.18514533729e-24, 8.05235606575e-24], "var": [1.57090710218e-07, 9.37698473535e-07, 4.01300866315e-07, 8.00375872245e-08, 4.06692244326e-08, 9.96145885779e-08, 2.68661068503e-07, 1.26985270299e-07, 2.04024260597e-07, 3.6087513422e-07, 8.66291088641e-07, 7.09623861894e-08, 1.02242445621e-07, 1.11493939414e-07, 5.22248662094e-08, 2.26646701407e-08, 3.6164244932e-08, 7.67181518313e-09, 7.38341476847e-09, 3.12810688463e-09, 3.66314134581e-09, 2.94554824976e-09, 1.40195643983e-09, 1.84200255049e-09, 4.27759244692e-10, 5.69539693185e-10, 6.39052921692e-10, 4.90669838094e-10, 1.00893515764e-10, 5.48128556432e-11, 5.72081132466e-11, 1.83933528131e-11, 6.49083521306e-12, 8.61310328615e-12, 1.93227794876e-11, 3.44017219225e-12, 8.44714272488e-13, 3.17452227699e-13, 7.07336411123e-14, 2.03433105729e-14]}, "melbands_crest": {"dmean": 3.56360507011, "dmean2": 5.62089443207, "dvar": 10.7511940002, "dvar2": 26.2386894226, "max": 37.0832824707, "mean": 15.0592403412, "median": 14.488120079, "min": 1.69125747681, "var": 38.1040649414}, "melbands_flatness_db": {"dmean": 0.0348210670054, "dmean2": 0.0486789532006, "dvar": 0.00127614208031, "dvar2": 0.00255726417527, "max": 0.517736673355, "mean": 0.211402907968, "median": 0.204743459821, "min": 0.00428081955761, "var": 0.00744903599843}, "melbands_kurtosis": {"dmean": 9.09971809387, "dmean2": 14.5573768616, "dvar": 279.742340088, "dvar2": 675.234985352, "max": 325.214660645, "mean": 15.1552495956, "median": 5.38618850708, "min": -1.84281802177, "var": 638.567932129}, "melbands_skewness": {"dmean": 0.920293807983, "dmean2": 1.39998352528, "dvar": 1.09442818165, "dvar2": 2.55246067047, "max": 13.1541719437, "mean": 2.51378130913, "median": 2.01471924782, "min": -2.97023391724, "var": 4.4635477066}, "melbands_spread": {"dmean": 8.57814216614, "dmean2": 13.0302267075, "dvar": 166.265106201, "dvar2": 371.327636719, "max": 195.003967285, "mean": 25.47016716, "median": 19.216255188, "min": 0.542701303959, "var": 469.305633545}, "mfcc": {"cov": [[15804.328125, -364.098419189, -1663.31799316, 287.671325684, -793.595214844, 37.7690734863, -72.6609649658, 178.291748047, -80.9995498657, 136.847137451, -162.134765625, -15.0913934708, -124.772857666], [-364.098419189, 1860.56323242, 266.748291016, -65.8525619507, 179.358581543, -85.5042114258, 55.7391395569, -17.4965610504, -97.4209671021, -3.35916447639, 37.7192115784, 26.2087593079, 48.629322052], [-1663.31799316, 266.748291016, 876.080932617, 127.921485901, 167.662979126, 55.6647071838, 30.7097473145, -28.3425827026, -40.047744751, -10.9192228317, 53.6423988342, 26.4266452789, 5.84853982925], [287.671325684, -65.8525619507, 127.921485901, 337.860198975, 110.728233337, 47.2266960144, -14.3731803894, -8.66482925415, -18.7130260468, -0.743958175182, 11.5613222122, 15.8484869003, 23.3023071289], [-793.595214844, 179.358581543, 167.662979126, 110.728233337, 338.731811523, 120.309043884, -27.2178459167, -31.051366806, 40.7775688171, -19.2264785767, 29.9984588623, 25.2009296417, 16.5016746521], [37.7690734863, -85.5042114258, 55.6647071838, 47.2266960144, 120.309043884, 253.583328247, 47.9146690369, 2.3909535408, 89.657913208, -21.7468223572, 34.8304862976, 47.6171455383, -5.69112491608], [-72.6609649658, 55.7391395569, 30.7097473145, -14.3731803894, -27.2178459167, 47.9146690369, 155.566223145, 57.0884246826, 15.9598712921, 13.1129484177, 27.0990219116, 16.0135993958, 0.789028942585], [178.291748047, -17.4965610504, -28.3425827026, -8.66482925415, -31.051366806, 2.3909535408, 57.0884246826, 116.804626465, 46.9212646484, 23.3865013123, 8.06474113464, -5.84963655472, -9.05492019653], [-80.9995498657, -97.4209671021, -40.047744751, -18.7130260468, 40.7775688171, 89.657913208, 15.9598712921, 46.9212646484, 167.952178955, 24.8008995056, 12.9404563904, 12.5119724274, -23.8037109375], [136.847137451, -3.35916447639, -10.9192228317, -0.743958175182, -19.2264785767, -21.7468223572, 13.1129484177, 23.3865013123, 24.8008995056, 114.699531555, 30.5885372162, -7.40955877304, -17.8091526031], [-162.134765625, 37.7192115784, 53.6423988342, 11.5613222122, 29.9984588623, 34.8304862976, 27.0990219116, 8.06474113464, 12.9404563904, 30.5885372162, 102.921417236, 36.7347564697, -12.1716423035], [-15.0913934708, 26.2087593079, 26.4266452789, 15.8484869003, 25.2009296417, 47.6171455383, 16.0135993958, -5.84963655472, 12.5119724274, -7.40955877304, 36.7347564697, 85.0457382202, 28.4610900879], [-124.772857666, 48.629322052, 5.84853982925, 23.3023071289, 16.5016746521, -5.69112491608, 0.789028942585, -9.05492019653, -23.8037109375, -17.8091526031, -12.1716423035, 28.4610900879, 97.5856933594]], "icov": [[0.00011975736561, -7.48198726797e-05, 0.000225479248911, -0.000269972631941, 0.000361730169971, -0.000350249756593, 0.000242418682319, -0.000236578795011, 0.000238496155362, -0.00019355614495, 0.000213145409361, -0.000171181207406, 0.000235214582062], [-7.48198726797e-05, 0.000741660478525, -0.000268181727733, 0.000517159467563, -0.000881944200955, 0.000734205474146, -0.000610233284533, 0.000135207985295, 0.00020234065596, 7.5397103501e-05, -0.000185350421816, -0.000127860956127, -0.000285947782686], [0.000225479248911, -0.000268181727733, 0.00182649353519, -0.000881594256498, 0.000159204748343, -0.000676590658259, 4.97663859278e-05, -0.000218061424675, 0.00083124631783, -0.000254645012319, -4.4389773393e-05, -0.000326894165482, 0.000682064623106], [-0.000269972631941, 0.000517159467563, -0.000881594256498, 0.00437144562602, -0.00206472841091, 0.000324770400766, -0.000124689264339, -0.000211752951145, 0.000725812802557, -0.000195402870304, -0.000309145107167, 9.16604112717e-05, -0.0011683764169], [0.000361730169971, -0.000881944200955, 0.000159204748343, -0.00206472841091, 0.00631974451244, -0.00332094798796, 0.00247237854637, 2.19440644287e-05, -0.000565253838431, -7.0893431257e-05, -0.000469638209324, 0.000563701847568, -0.000268601084827], [-0.000350249756593, 0.000734205474146, -0.000676590658259, 0.000324770400766, -0.00332094798796, 0.00888013932854, -0.00387997063808, 0.00252925953828, -0.00423298589885, 0.00259949662723, -0.00121359538753, -0.00196896446869, 0.000359559984645], [0.000242418682319, -0.000610233284533, 4.97663859278e-05, -0.000124689264339, 0.00247237854637, -0.00387997063808, 0.0104517405853, -0.0054106907919, 0.00197190325707, -0.000966337218415, -0.000934292271268, -0.00055159337353, -0.000241089146584], [-0.000236578795011, 0.000135207985295, -0.000218061424675, -0.000211752951145, 2.19440644287e-05, 0.00252925953828, -0.0054106907919, 0.0135617628694, -0.00490586506203, -8.74426987139e-05, -0.000911801413167, 0.00190934876446, -0.000743523589335], [0.000238496155362, 0.00020234065596, 0.00083124631783, 0.000725812802557, -0.000565253838431, -0.00423298589885, 0.00197190325707, -0.00490586506203, 0.0107986526564, -0.00287904473953, 0.00168984790798, -0.00190134719014, 0.00223249779083], [-0.00019355614495, 7.5397103501e-05, -0.000254645012319, -0.000195402870304, -7.0893431257e-05, 0.00259949662723, -0.000966337218415, -8.74426987139e-05, -0.00287904473953, 0.0115474835038, -0.00460456078872, 0.00217196787708, 0.0001374942658], [0.000213145409361, -0.000185350421816, -4.4389773393e-05, -0.000309145107167, -0.000469638209324, -0.00121359538753, -0.000934292271268, -0.000911801413167, 0.00168984790798, -0.00460456078872, 0.0153755657375, -0.00755348708481, 0.00406558904797], [-0.000171181207406, -0.000127860956127, -0.000326894165482, 9.16604112717e-05, 0.000563701847568, -0.00196896446869, -0.00055159337353, 0.00190934876446, -0.00190134719014, 0.00217196787708, -0.00755348708481, 0.019009584561, -0.00673970207572], [0.000235214582062, -0.000285947782686, 0.000682064623106, -0.0011683764169, -0.000268601084827, 0.000359559984645, -0.000241089146584, -0.000743523589335, 0.00223249779083, 0.0001374942658, 0.00406558904797, -0.00673970207572, 0.0139705063775]], "mean": [-726.363464355, 124.310195923, -11.1565465927, 22.868812561, 4.83235788345, 8.18278217316, 4.09660434723, 5.42832660675, -3.55556464195, 2.01512384415, 0.406270235777, 4.29557847977, 0.539419174194]}, "pitch_salience": {"dmean": 0.0810053423047, "dmean2": 0.12792237103, "dvar": 0.00599029660225, "dvar2": 0.0147135406733, "max": 0.860591053963, "mean": 0.51619052887, "median": 0.527218639851, "min": 0.0880790129304, "var": 0.0191011298448}, "silence_rate_20dB": {"dmean": 0, "dmean2": 0, "dvar": 0, "dvar2": 0, "max": 1, "mean": 1, "median": 1, "min": 1, "var": 0}, "silence_rate_30dB": {"dmean": 0.00036737692426, "dmean2": 0.000734888832085, "dvar": 0.00036722823279, "dvar2": 0.00110173819121, "max": 1, "mean": 0.999816358089, "median": 1, "min": 0, "var": 0.000183643525816}, "silence_rate_60dB": {"dmean": 0.0793534144759, "dmean2": 0.158735990524, "dvar": 0.073052406311, "dvar2": 0.155590906739, "max": 1, "mean": 0.288154274225, "median": 0, "min": 0, "var": 0.205110311508}, "spectral_centroid": {"dmean": 286.488464355, "dmean2": 416.204101563, "dvar": 121930.90625, "dvar2": 225599.515625, "max": 10995.2431641, "mean": 1395.85229492, "median": 1305.33605957, "min": 157.548141479, "var": 618068.0625}, "spectral_complexity": {"dmean": 3.43056583405, "dmean2": 4.75399589539, "dvar": 18.7032699585, "dvar2": 33.9269828796, "max": 55, "mean": 12.6396694183, "median": 9, "min": 0, "var": 127.353111267}, "spectral_contrast_coeffs": {"dmean": [0.0487422682345, 0.0495689883828, 0.045165669173, 0.0387429669499, 0.0280803255737, 0.0197298005223], "dmean2": [0.0785171166062, 0.0766233801842, 0.0659373998642, 0.057253908366, 0.0401715934277, 0.029364420101], "dvar": [0.00176433881279, 0.00201948010363, 0.00157517392654, 0.00108621397521, 0.000606474350207, 0.000357949669706], "dvar2": [0.00426473235711, 0.00442101759836, 0.00302649871446, 0.00226830830798, 0.00121806701645, 0.00070390914334], "max": [-0.338851124048, -0.345109164715, -0.426945894957, -0.525469660759, -0.553063094616, -0.560839891434], "mean": [-0.662965655327, -0.742100715637, -0.765725970268, -0.773727416992, -0.787810742855, -0.775490343571], "median": [-0.669360339642, -0.758028686047, -0.780331015587, -0.777050673962, -0.792332291603, -0.77792686224], "min": [-0.928337454796, -0.964430451393, -0.968040764332, -0.959062695503, -0.955935716629, -0.959014236927], "var": [0.00794487074018, 0.00925343483686, 0.00824355520308, 0.00480001512915, 0.00342513504438, 0.00320668146014]}, "spectral_contrast_valleys": {"dmean": [0.444713801146, 0.453023254871, 0.429301470518, 0.433440119028, 0.393292844296, 0.415424913168], "dmean2": [0.689437329769, 0.691962778568, 0.644405126572, 0.628075182438, 0.522308409214, 0.512660503387], "dvar": [0.155170992017, 0.182348251343, 0.17676666379, 0.186409175396, 0.180470451713, 0.230944633484], "dvar2": [0.320962578058, 0.360901474953, 0.34810474515, 0.3732226789, 0.318128377199, 0.400843322277], "max": [-5.86635494232, -5.11614990234, -4.86675214767, -5.46091842651, -5.70958662033, -8.31885051727], "mean": [-8.26756095886, -7.77225399017, -8.20310592651, -8.55664920807, -8.4261302948, -11.167342186], "median": [-7.97450828552, -7.55700731277, -7.9675526619, -8.33835124969, -8.26323318481, -10.8950977325], "min": [-28.1967658997, -27.2861442566, -27.2274417877, -27.1263618469, -27.3259658813, -27.252954483], "var": [2.42634057999, 2.51591992378, 2.62981534004, 2.62361979485, 2.71579051018, 2.06954312325]}, "spectral_decrease": {"dmean": 1.03515662708e-09, "dmean2": 1.43273859443e-09, "dvar": 2.30834800177e-18, "dvar2": 4.27492482678e-18, "max": 8.1154228125e-29, "mean": -3.06671754657e-09, "median": -1.78558245967e-09, "min": -3.08456655773e-08, "var": 1.12386076793e-17}, "spectral_energy": {"dmean": 0.00431311083958, "dmean2": 0.00590768130496, "dvar": 4.01767865696e-05, "dvar2": 7.27900696802e-05, "max": 0.134131982923, "mean": 0.012754929252, "median": 0.00723715685308, "min": 1.04430736463e-20, "var": 0.000199758695089}, "spectral_energyband_high": {"dmean": 0.00022016375442, "dmean2": 0.000319545157254, "dvar": 3.87079154507e-07, "dvar2": 7.53569906919e-07, "max": 0.0192535948008, "mean": 0.000429906271165, "median": 5.6698339904e-05, "min": 7.98014256466e-21, "var": 9.3105546739e-07}, "spectral_energyband_low": {"dmean": 0.00143615156412, "dmean2": 0.0022348377388, "dvar": 5.97124471824e-06, "dvar2": 1.42314765981e-05, "max": 0.0374918393791, "mean": 0.00302303698845, "median": 0.00175970036071, "min": 5.54451644541e-23, "var": 1.47396194734e-05}, "spectral_energyband_middle_high": {"dmean": 0.00211832532659, "dmean2": 0.00279954983853, "dvar": 1.67931139003e-05, "dvar2": 2.96734415315e-05, "max": 0.126559495926, "mean": 0.00478300917894, "median": 0.00111749209464, "min": 1.41825558531e-21, "var": 7.14502675692e-05}, "spectral_energyband_middle_low": {"dmean": 0.00237682182342, "dmean2": 0.00342265819199, "dvar": 2.12770210055e-05, "dvar2": 4.23476667493e-05, "max": 0.0715324655175, "mean": 0.00521900411695, "median": 0.00229684542865, "min": 2.16519548802e-22, "var": 6.23810265097e-05}, "spectral_entropy": {"dmean": 0.221748813987, "dmean2": 0.295366734266, "dvar": 0.0562434829772, "dvar2": 0.111382082105, "max": 9.7920923233, "mean": 7.43012428284, "median": 7.52081775665, "min": 5.73571252823, "var": 0.256417274475}, "spectral_flux": {"dmean": 0.0178858842701, "dmean2": 0.0272165127099, "dvar": 0.000466562109068, "dvar2": 0.000968480075244, "max": 0.364911168814, "mean": 0.0553536862135, "median": 0.0459852069616, "min": 1.02191359541e-10, "var": 0.00190300738905}, "spectral_kurtosis": {"dmean": 2.19607424736, "dmean2": 3.58100938797, "dvar": 7.12034606934, "dvar2": 17.7316684723, "max": 44.9210166931, "mean": 5.5737862587, "median": 4.54448223114, "min": -1.18612480164, "var": 14.927693367}, "spectral_rms": {"dmean": 0.000578036298975, "dmean2": 0.000772711238824, "dvar": 4.40810879354e-07, "dvar2": 7.60693410484e-07, "max": 0.0114394258708, "mean": 0.0029934507329, "median": 0.00265718670562, "min": 3.1919217703e-12, "var": 3.48306912201e-06}, "spectral_rolloff": {"dmean": 456.367156982, "dmean2": 731.890991211, "dvar": 578731.5, "dvar2": 1334892.25, "max": 19013.8183594, "mean": 1460.55578613, "median": 1162.79296875, "min": 21.533203125, "var": 2126985.5}, "spectral_skewness": {"dmean": 0.288279503584, "dmean2": 0.448917299509, "dvar": 0.0989677906036, "dvar2": 0.230796545744, "max": 5.23632287979, "mean": 1.63186466694, "median": 1.53696358204, "min": 0.00245052273385, "var": 0.332295835018}, "spectral_spread": {"dmean": 547861.2