{"lowlevel": {"average_loudness": 0.321298182011, "barkbands": {"dmean": [0.00012948543008, 0.00195971666835, 0.000732747488655, 0.000566080096178, 0.00119911483489, 0.000855750578921, 0.0005516622914, 0.000531334022526, 0.000980606302619, 0.000560415151995, 0.000384300277801, 0.000349672307493, 0.000265642855084, 0.000289356743451, 0.000123747784528, 8.14907834865e-05, 7.57255547796e-05, 6.47129054414e-05, 4.44618417532e-05, 1.91342132894e-05, 9.59432964009e-06, 9.54868119152e-06, 5.70063411942e-06, 4.72335113955e-06, 3.24170036947e-06, 2.18270974983e-06, 5.84548502047e-07], "dmean2": [0.00020578688418, 0.00332079222426, 0.00126262789126, 0.000868541595992, 0.00174730911385, 0.0012538266601, 0.000808180833701, 0.000827971205581, 0.0015222968068, 0.000854270649143, 0.000570290896576, 0.00052148551913, 0.000373291753931, 0.000403860205552, 0.000186816090718, 0.000121490869788, 0.000110119195597, 9.32467810344e-05, 6.59584329696e-05, 2.82725577563e-05, 1.48451808855e-05, 1.52921511472e-05, 8.83680422703e-06, 7.43785130908e-06, 4.75502247355e-06, 3.47481955032e-06, 9.93619096334e-07], "dvar": [2.91244049322e-07, 7.5479503721e-05, 6.16611805526e-06, 1.82536473403e-06, 6.77055140841e-06, 5.05102207171e-06, 2.41338943852e-06, 2.64818891083e-06, 1.32099567054e-05, 2.9544607969e-06, 1.88378942312e-06, 1.42062492614e-06, 8.17370562345e-07, 1.0398342738e-06, 2.24201258447e-07, 7.97781112283e-08, 6.71014674936e-08, 3.91086416585e-08, 1.88260944611e-08, 5.09289188599e-09, 1.32485722393e-09, 6.80360767724e-10, 4.39843494959e-10, 2.6275515097e-10, 4.06468775305e-10, 1.97665300794e-10, 2.85907963971e-11], "dvar2": [6.72788587508e-07, 0.000206320270081, 1.74516244442e-05, 4.24691916123e-06, 1.42206135934e-05, 1.14607018986e-05, 4.98738336319e-06, 6.25818802291e-06, 3.30521143042e-05, 7.14830093784e-06, 3.79161292585e-06, 3.12976499117e-06, 1.58359966917e-06, 2.00354315893e-06, 4.57814508081e-07, 1.58716190413e-07, 1.23038120137e-07, 7.8645165047e-08, 3.8987394646e-08, 8.88444429137e-09, 2.86228618585e-09, 1.64117042178e-09, 1.0047195298e-09, 5.81914738618e-10, 6.87751466888e-10, 4.95947283241e-10, 7.42766056994e-11], "max": [0.0139066912234, 0.1293194592, 0.0968329906464, 0.0264494773, 0.0499812215567, 0.0753939524293, 0.0604887120426, 0.0392986983061, 0.135634869337, 0.0380893275142, 0.0368488170207, 0.026164393872, 0.0193174518645, 0.0312973558903, 0.0117269940674, 0.0103410920128, 0.0124691743404, 0.00427024811506, 0.00433540530503, 0.00361832976341, 0.00207741325721, 0.00105816521682, 0.0013897952158, 0.000691138557158, 0.00152347213589, 0.00072969001485, 0.000174586195499], "mean": [0.000205396048841, 0.00328557286412, 0.00115151237696, 0.00128365855198, 0.00335477781482, 0.00229039392434, 0.00109802209772, 0.00098257814534, 0.0020172575023, 0.00108731607907, 0.000766480457969, 0.000753722386435, 0.000465920893475, 0.000678000331391, 0.000213464343688, 0.000166195080965, 0.00014380319044, 0.00013153530017, 9.05039560166e-05, 4.06869876315e-05, 2.05799424293e-05, 2.04208081414e-05, 1.24444695757e-05, 1.16057508421e-05, 6.31382999927e-06, 2.85838882519e-06, 4.85848659082e-07], "median": [4.47869115305e-06, 0.000291715725325, 0.00032361067133, 0.000355304277036, 0.00132497516461, 0.000596037600189, 0.000361911952496, 0.000150957464939, 5.1593666285e-05, 7.70227707108e-05, 2.55301056313e-05, 1.90471600945e-05, 1.32894801936e-05, 1.70334424183e-05, 1.53260170919e-05, 1.04162918433e-05, 1.21375051094e-05, 9.11995357455e-06, 8.3288332462e-06, 3.9551887312e-06, 1.8924744154e-06, 1.76099501914e-06, 1.26187592286e-06, 1.40277961691e-06, 6.12644669218e-07, 3.41027288187e-07, 3.12308578998e-08], "min": [1.11571942596e-23, 2.21975676854e-23, 4.0542251935e-24, 8.76447658211e-24, 6.73253907541e-23, 3.1661522499e-23, 4.70070317399e-23, 1.02586256794e-23, 2.91184274226e-23, 8.50521302799e-23, 5.9491623312e-23, 4.76287456411e-23, 4.41189741005e-23, 8.18090789223e-23, 6.47162680199e-23, 1.40886455596e-22, 1.1610112753e-22, 1.18883723932e-22, 3.28801516699e-22, 3.40335647632e-22, 3.46174101855e-22, 6.24088183177e-22, 6.90285401863e-22, 8.76116443916e-22, 1.3322867608e-21, 1.52707355769e-21, 2.3285558335e-21], "var": [3.41731492881e-07, 6.36666154605e-05, 6.39850441075e-06, 5.18063734489e-06, 3.28044516209e-05, 2.16894095502e-05, 5.53702557227e-06, 6.23096593699e-06, 4.15617396357e-05, 7.26839971321e-06, 6.10513598076e-06, 4.12719191445e-06, 2.28733665608e-06, 6.00768044023e-06, 5.26368580722e-07, 3.11864994273e-07, 1.84075801712e-07, 1.28754379602e-07, 5.71818539186e-08, 2.77797802539e-08, 4.77903006058e-09, 2.15894657707e-09, 1.1668918054e-09, 9.1228691268e-10, 1.48304146741e-09, 2.7771746014e-10, 2.22322438237e-11]}, "barkbands_crest": {"dmean": 2.06765341759, "dmean2": 3.28040766716, "dvar": 4.90396308899, "dvar2": 12.3828706741, "max": 26.6387023926, "mean": 11.9669675827, "median": 11.2235927582, "min": 2.58366322517, "var": 20.7766399384}, "barkbands_flatness_db": {"dmean": 0.0183526780456, "dmean2": 0.0274066310376, "dvar": 0.000421938515501, "dvar2": 0.000913273601327, "max": 0.394051998854, "mean": 0.208558306098, "median": 0.204413443804, "min": 0.0402291491628, "var": 0.00326092401519}, "barkbands_kurtosis": {"dmean": 4.42776823044, "dmean2": 6.79409790039, "dvar": 114.101203918, "dvar2": 249.528091431, "max": 475.037322998, "mean": 11.6085577011, "median": 5.60065460205, "min": -1.92090058327, "var": 538.64855957}, "barkbands_skewness": {"dmean": 0.509803950787, "dmean2": 0.77184689045, "dvar": 0.447877675295, "dvar2": 0.976894915104, "max": 19.1695899963, "mean": 2.01026391983, "median": 1.80338823795, "min": -3.870865345, "var": 3.45191502571}, "barkbands_spread": {"dmean": 2.19712209702, "dmean2": 3.38927125931, "dvar": 14.1960229874, "dvar2": 30.8468799591, "max": 138.733139038, "mean": 9.72111415863, "median": 7.93952083588, "min": 0.311666995287, "var": 64.0891952515}, "dissonance": {"dmean": 0.0294361505657, "dmean2": 0.0488394275308, "dvar": 0.000790164223872, "dvar2": 0.00211352109909, "max": 0.4999769032, "mean": 0.409917294979, "median": 0.414953798056, "min": 0.171893775463, "var": 0.00234118988737}, "dynamic_complexity": 6.11382055283, "erbbands": {"dmean": [0.0567485205829, 0.452141106129, 0.890699326992, 1.3272330761, 2.75457525253, 4.7108130455, 5.79320049286, 7.13155460358, 7.96892786026, 8.40950870514, 12.8489398956, 22.7071552277, 19.605140686, 13.5601606369, 14.8965492249, 13.5270195007, 11.0720844269, 15.477722168, 8.16073989868, 4.9612030983, 3.91104102135, 3.73132443428, 3.71425628662, 2.222219944, 2.03617548943, 0.897778987885, 0.498499304056, 0.31860974431, 0.299711972475, 0.257608890533, 0.168553799391, 0.112502925098, 0.0768452510238, 0.0394432805479, 0.0217105187476, 0.0122347753495, 0.00339151965454, 0.000724707555491, 0.000110782668344, 9.64813079918e-06], "dmean2": [0.0945089235902, 0.779730319977, 1.54789280891, 2.10652637482, 4.14558506012, 6.83122444153, 8.24071884155, 10.5980014801, 11.8685560226, 12.5834779739, 19.8808631897, 35.0718574524, 29.6524829865, 19.6540966034, 21.204410553, 19.8358421326, 15.6026096344, 21.0886135101, 11.6485385895, 7.34255218506, 5.40977954865, 5.27260971069, 5.30418968201, 3.21668195724, 3.01200056076, 1.30587160587, 0.774329781532, 0.497018605471, 0.471173405647, 0.402737081051, 0.26537412405, 0.178584173322, 0.118559353054, 0.0575298927724, 0.0324131958187, 0.0193223580718, 0.00540826283395, 0.0011707796948, 0.000188674253877, 1.53852561198e-05], "dvar": [0.0601684674621, 4.2357840538, 10.3882493973, 10.3931007385, 46.4491233826, 132.926773071, 204.640701294, 448.2605896, 633.110595703, 566.735595703, 1686.79077148, 8762.54101562, 4592.44775391, 1943.74279785, 2853.14233398, 2040.3515625, 1425.18225098, 2888.50732422, 844.201416016, 346.611419678, 187.195465088, 170.105514526, 132.982635498, 46.729888916, 43.3715057373, 12.0598897934, 3.59922528267, 1.14597439766, 0.799928665161, 0.613153278828, 0.418712615967, 0.110832951963, 0.112837173045, 0.0516774430871, 0.0226006619632, 0.00708082085475, 0.000394982431317, 2.01168149943e-05, 1.07666232907e-06, 2.6706736822e-09], "dvar2": [0.158722996712, 11.8645420074, 29.2653675079, 26.3209552765, 105.97353363, 274.819244385, 422.180389404, 1030.71569824, 1374.98449707, 1203.80297852, 3890.59765625, 21868.1328125, 11773.6503906, 4041.29956055, 5449.59667969, 4523.95214844, 2977.84741211, 5635.51757812, 1563.01721191, 733.637268066, 339.412109375, 319.518341064, 258.677246094, 89.5925140381, 86.5879898071, 19.8255271912, 7.73663473129, 2.63525104523, 1.99154424667, 1.35572981834, 0.993191480637, 0.252469003201, 0.254221200943, 0.0813224539161, 0.0465938039124, 0.0176856704056, 0.00094509095652, 5.06836913701e-05, 2.79277605841e-06, 6.98759716755e-09], "max": [4.30844306946, 30.3805713654, 87.2316055298, 78.1817932129, 211.716659546, 309.10345459, 438.236328125, 709.373291016, 1079.40270996, 784.887207031, 972.425415039, 3609.09863281, 2056.5324707, 1145.22167969, 1634.65478516, 1239.56274414, 1061.71520996, 1873.34375, 653.285522461, 454.738830566, 641.840820312, 654.362915039, 247.274093628, 203.964447021, 215.79989624, 183.223251343, 110.45085907, 46.648021698, 36.464099884, 41.5296440125, 43.9896507263, 13.3372430801, 17.4715270996, 17.4031047821, 10.6013479233, 4.84124135971, 0.799867749214, 0.128028482199, 0.0342025011778, 0.00182616198435], "mean": [0.10875891149, 0.671740412712, 1.39536774158, 3.09625077248, 7.11408185959, 12.1338815689, 16.3798961639, 18.0614433289, 15.9354858398, 17.7969970703, 24.6219139099, 46.740524292, 42.9361076355, 29.9199295044, 34.2479820251, 31.363117218, 23.3590641022, 37.3460617065, 17.158662796, 9.41674900055, 9.07339859009, 8.28765296936, 8.03855705261, 4.64291191101, 4.22772932053, 1.88662552834, 1.08041155338, 0.701900541782, 0.627441763878, 0.55325293541, 0.370648771524, 0.259948015213, 0.179716572165, 0.08519500494, 0.0363227501512, 0.0167639255524, 0.00432102382183, 0.0007964457036, 9.82726414804e-05, 2.64198915829e-05], "median": [0.00380184967071, 0.0817108824849, 0.423551470041, 1.14349353313, 2.75624299049, 3.99866008759, 5.29972839355, 4.06656980515, 5.48469114304, 5.29226875305, 2.85728240013, 1.62127137184, 2.09027481079, 2.50608563423, 1.4851064682, 1.04503858089, 0.985559999943, 0.998186588287, 0.892221689224, 0.750638067722, 0.629758954048, 0.669419229031, 0.547105908394, 0.49972563982, 0.345530539751, 0.196509227157, 0.1212689206, 0.0665474906564, 0.0588763356209, 0.0499289296567, 0.0361095368862, 0.031766038388, 0.0194450300187, 0.00810848921537, 0.0034577655606, 0.00156613939907, 0.000608655391261, 0.000127278777654, 1.15506854854e-05, 1.38035038617e-05], "min": [1.20997389006e-21, 2.71937666056e-21, 4.77648376525e-21, 2.96790465079e-20, 3.95666207131e-20, 2.66785367239e-19, 2.9282250553e-19, 3.75467206205e-19, 8.16803476672e-19, 6.04830638188e-19, 2.86765914935e-19, 5.96871971624e-19, 2.69559322593e-18, 2.22487679257e-18, 3.48782897312e-18, 2.46100873331e-18, 2.45573297537e-18, 3.42068362087e-18, 3.92222080385e-18, 6.38368407291e-18, 7.95775790699e-18, 5.62459365966e-18, 6.04697524148e-18, 1.04777479267e-17, 1.42108802056e-17, 1.44412367713e-17, 1.28243931501e-17, 1.70399685951e-17, 2.01633695008e-17, 2.45385295927e-17, 2.01045834291e-17, 1.62564383034e-17, 1.58581839257e-17, 1.24656738697e-17, 9.25718420305e-18, 5.96364010349e-18, 3.04757077748e-18, 1.36539074459e-18, 3.405796231e-19, 3.32325013284e-20], "var": [0.0618381612003, 3.18086123466, 9.50004577637, 25.2921695709, 178.176193237, 607.340393066, 1302.10534668, 1659.15698242, 1292.1998291, 1665.37463379, 3913, 25301.3691406, 14417.1669922, 6181.86376953, 10871.9248047, 6706.50292969, 4130.00195312, 16323.0693359, 2845.24169922, 823.93572998, 944.191650391, 532.206542969, 488.350891113, 135.890945435, 140.874359131, 46.8604469299, 11.1206598282, 4.53250741959, 2.39861488342, 1.74014890194, 1.05860590935, 0.407921463251, 0.323319077492, 0.210759922862, 0.0622590258718, 0.0117530962452, 0.000520165020134, 1.85033532034e-05, 8.4275120571e-07, 2.72510036758e-09]}, "erbbands_crest": {"dmean": 2.51659297943, "dmean2": 3.92828726768, "dvar": 6.58471632004, "dvar2": 15.4797544479, "max": 33.2539825439, "mean": 12.9626817703, "median": 11.8405761719, "min": 2.69222402573, "var": 29.8156013489}, "erbbands_flatness_db": {"dmean": 0.0167710203677, "dmean2": 0.0240458082408, "dvar": 0.000329474103637, "dvar2": 0.000648515706416, "max": 0.379036813974, "mean": 0.213162139058, "median": 0.212896496058, "min": 0.0268729049712, "var": 0.00242406618781}, "erbbands_kurtosis": {"dmean": 1.48138201237, "dmean2": 2.25814819336, "dvar": 5.55245876312, "dvar2": 11.6348714828, "max": 104.541503906, "mean": 3.05258226395, "median": 1.74639034271, "min": -1.84912371635, "var": 27.1933078766}, "erbbands_skewness": {"dmean": 0.341500282288, "dmean2": 0.519486665726, "dvar": 0.137428894639, "dvar2": 0.298912763596, "max": 8.59085083008, "mean": 0.970267593861, "median": 0.90941464901, "min": -3.51024627686, "var": 1.13028097153}, "erbbands_spread": {"dmean": 4.70042848587, "dmean2": 7.1142616272, "dvar": 46.4606666565, "dvar2": 103.990974426, "max": 151.203964233, "mean": 23.179807663, "median": 19.3104743958, "min": 1.37456786633, "var": 239.925521851}, "gfcc": {"cov": [[18246.9414062, 1378.3182373, -2172.51293945, 341.456573486, -1066.23059082, 712.107788086, 160.669769287, 8.3993139267, 93.5454330444, -447.546447754, 50.1532211304, -357.749908447, 14.6852874756], [1378.3182373, 1281.72241211, 49.226184845, -196.254577637, 190.091873169, -206.198638916, 36.1506958008, -2.57405877113, 46.2319374084, -49.7021102905, 48.2409934998, -64.3359603882, 4.10242986679], [-2172.51293945, 49.226184845, 950.047058105, 115.931549072, 180.617858887, -52.0310821533, -41.8310813904, 25.398973465, -3.70089745522, 97.4389190674, -21.9545307159, 65.1024703979, -2.02307057381], [341.456573486, -196.254577637, 115.931549072, 505.542053223, 66.3800201416, 164.984832764, 67.826499939, 41.7769012451, 81.4380874634, 27.4013977051, 45.8054008484, 20.1525611877, 43.1707382202], [-1066.23059082, 190.091873169, 180.617858887, 66.3800201416, 418.111907959, -10.5742874146, 18.3322067261, 42.1639556885, 59.3348426819, 45.4181098938, -6.07463026047, 25.7559108734, 17.4868068695], [712.107788086, -206.198638916, -52.0310821533, 164.984832764, -10.5742874146, 522.958679199, 249.969619751, 64.0618286133, 64.0459747314, 24.7244682312, 67.5383682251, -15.3752088547, 26.9620780945], [160.669769287, 36.1506958008, -41.8310813904, 67.826499939, 18.3322067261, 249.969619751, 330.186584473, 103.174285889, 65.0751800537, 22.6345539093, 70.9205093384, -17.8752918243, 18.8720245361], [8.3993139267, -2.57405877113, 25.398973465, 41.7769012451, 42.1639556885, 64.0618286133, 103.174285889, 174.100646973, 89.9056625366, 32.7254257202, 12.0964508057, 3.18689846992, 1.98317086697], [93.5454330444, 46.2319374084, -3.70089745522, 81.4380874634, 59.3348426819, 64.0459747314, 65.0751800537, 89.9056625366, 163.466262817, 42.0549583435, 16.0021648407, -11.9696922302, 7.0999341011], [-447.546447754, -49.7021102905, 97.4389190674, 27.4013977051, 45.4181098938, 24.7244682312, 22.6345539093, 32.7254257202, 42.0549583435, 140.439712524, 37.3293304443, 1.40608859062, -6.98433494568], [50.1532211304, 48.2409934998, -21.9545307159, 45.8054008484, -6.07463026047, 67.5383682251, 70.9205093384, 12.0964508057, 16.0021648407, 37.3293304443, 146.875961304, 35.2469902039, 0.505699455738], [-357.749908447, -64.3359603882, 65.1024703979, 20.1525611877, 25.7559108734, -15.3752088547, -17.8752918243, 3.18689846992, -11.9696922302, 1.40608859062, 35.2469902039, 112.028152466, 32.3340911865], [14.6852874756, 4.10242986679, -2.02307057381, 43.1707382202, 17.4868068695, 26.9620780945, 18.8720245361, 1.98317086697, 7.0999341011, -6.98433494568, 0.505699455738, 32.3340911865, 97.0310821533]], "icov": [[0.000212254133658, -0.000556855637114, 0.000474128755741, -0.000486597768031, 0.000644539191853, -0.000573576369788, 0.000461152638309, -0.000328028487274, 0.000221579844947, -3.35482291121e-05, 0.000447583588539, -0.000150504143676, 0.000207227596547], [-0.000556855637114, 0.0028013784904, -0.00151464343071, 0.00192591233645, -0.00238753203303, 0.00227144546807, -0.00164740718901, 0.00116151571274, -0.00134437263478, 0.00128228124231, -0.00264864740893, 0.00197190837935, -0.00127946550492], [0.000474128755741, -0.00151464343071, 0.0024903928861, -0.00159554649144, 0.0011485881405, -0.00131172128022, 0.00109407142736, -0.000950682559051, 0.00118893373292, -0.00135406851768, 0.00198634713888, -0.00153840635903, 0.00103605596814], [-0.000486597768031, 0.00192591233645, -0.00159554649144, 0.00401112809777, -0.00196566479281, 0.000882571272086, -0.000857522594742, 0.000989132444374, -0.00198708800599, 0.0009849909693, -0.00242821453139, 0.00120848347433, -0.00174384447746], [0.000644539191853, -0.00238753203303, 0.0011485881405, -0.00196566479281, 0.00517183449119, -0.00186576927081, 0.00132618704811, -0.00111741642468, 0.000133340116008, -0.00117524166126, 0.00259396201, -0.00183388823643, 0.000756427820306], [-0.000573576369788, 0.00227144546807, -0.00131172128022, 0.000882571272086, -0.00186576927081, 0.00533296447247, -0.00391865894198, 0.00153480109293, -0.00124857574701, 0.000516873784363, -0.00212138309143, 0.00143737788312, -0.00118344731163], [0.000461152638309, -0.00164740718901, 0.00109407142736, -0.000857522594742, 0.00132618704811, -0.00391865894198, 0.00748831778765, -0.00379539048299, 0.000973285059445, 0.000181534967851, -0.00104412832297, 0.00109156698454, -0.000541250163224], [-0.000328028487274, 0.00116151571274, -0.000950682559051, 0.000989132444374, -0.00111741642468, 0.00153480109293, -0.00379539048299, 0.0103174578398, -0.00507207587361, -0.000435429421486, 0.000484953576233, -0.00130394671578, 0.000614630116615], [0.000221579844947, -0.00134437263478, 0.00118893373292, -0.00198708800599, 0.000133340116008, -0.00124857574701, 0.000973285059445, -0.00507207587361, 0.0108213257045, -0.00252135423943, 0.00101644964889, 0.000567158742342, 1.86283909898e-06], [-3.35482291121e-05, 0.00128228124231, -0.00135406851768, 0.0009849909693, -0.00117524166126, 0.000516873784363, 0.000181534967851, -0.000435429421486, -0.00252135423943, 0.0104195959866, -0.00427372055128, 0.00268472218886, -0.000411708955653], [0.000447583588539, -0.00264864740893, 0.00198634713888, -0.00242821453139, 0.00259396201, -0.00212138309143, -0.00104412832297, 0.000484953576233, 0.00101644964889, -0.00427372055128, 0.0126852290705, -0.00664315000176, 0.00324678095058], [-0.000150504143676, 0.00197190837935, -0.00153840635903, 0.00120848347433, -0.00183388823643, 0.00143737788312, 0.00109156698454, -0.00130394671578, 0.000567158742342, 0.00268472218886, -0.00664315000176, 0.0148298740387, -0.00564035447314], [0.000207227596547, -0.00127946550492, 0.00103605596814, -0.00174384447746, 0.000756427820306, -0.00118344731163, -0.000541250163224, 0.000614630116615, 1.86283909898e-06, -0.000411708955653, 0.00324678095058, -0.00564035447314, 0.013244273141]], "mean": [-108.934768677, 133.946640015, -102.423088074, 11.8714466095, -50.7918395996, -0.895581424236, -39.1842727661, 3.48386073112, -25.4992713928, -3.62336063385, -11.1036214828, 0.168100759387, -10.5591459274]}, "hfc": {"dmean": 2.47962641716, "dmean2": 3.45423221588, "dvar": 23.9239845276, "dvar2": 46.0343742371, "max": 105.560928345, "mean": 11.277551651, "median": 3.56664633751, "min": 1.20983330513e-16, "var": 256.639373779}, "melbands": {"dmean": [0.000520748610143, 0.000509249395691, 0.00024707466946, 0.000268407864496, 0.00019871070981, 0.000161511430633, 0.000117471216072, 9.20144011616e-05, 0.000115161827125, 0.00014876339992, 9.78099560598e-05, 5.66874077776e-05, 5.15997671755e-05, 4.08696359955e-05, 3.1027237128e-05, 2.80390886473e-05, 3.19640166708e-05, 1.56040423462e-05, 8.41927521833e-06, 6.00217572355e-06, 5.01606155012e-06, 4.09387348554e-06, 4.48562241218e-06, 2.8254969493e-06, 1.92848278857e-06, 1.84404518677e-06, 1.06576737835e-06, 5.65245557027e-07, 3.39722816989e-07, 2.68299089612e-07, 2.04642205404e-07, 1.83266578802e-07, 1.92459026493e-07, 1.35079261554e-07, 1.14577645149e-07, 7.57790488137e-08, 6.99091557976e-08, 6.26787084457e-08, 4.43466809941e-08, 3.38760948182e-08], "dmean2": [0.000874702061992, 0.000888374517672, 0.000387184001738, 0.000392873713281, 0.000281791610178, 0.000237632033532, 0.000172641986865, 0.000139784475323, 0.000175627530552, 0.000228651857469, 0.000148210354382, 8.34217207739e-05, 7.44373392081e-05, 5.96314093855e-05, 4.22866396548e-05, 3.9449751057e-05, 4.37937451352e-05, 2.23581719183e-05, 1.25215965454e-05, 8.79467006598e-06, 6.9794286901e-06, 5.93663571635e-06, 6.46297075946e-06, 4.07897641708e-06, 2.84660291072e-06, 2.77648155134e-06, 1.55844088567e-06, 8.66092591423e-07, 5.37599930794e-07, 4.17100977756e-07, 3.30958499717e-07, 2.93983276833e-07, 3.06053578925e-07, 2.12254818166e-07, 1.83996476721e-07, 1.18288994599e-07, 1.13102700539e-07, 9.8032685969e-08, 6.82289211795e-08, 5.03347976633e-08], "dvar": [5.21432957612e-06, 4.05940136261e-06, 3.15278782637e-07, 4.15950211163e-07, 2.03959046985e-07, 2.06062154007e-07, 1.21672911746e-07, 6.81250753587e-08, 1.34709608801e-07, 3.52760650912e-07, 1.13782547828e-07, 3.43294175309e-08, 3.44423760623e-08, 1.89357773905e-08, 8.70976180067e-09, 8.53643200571e-09, 1.3459420245e-08, 3.58601459638e-09, 1.21257026642e-09, 4.61276072894e-10, 3.57651686045e-10, 2.14258097375e-10, 1.90530577426e-10, 8.94252241701e-11, 3.67227880049e-11, 3.9229737514e-11, 1.70217936968e-11, 4.88929469827e-12, 1.3692741602e-12, 9.28502609e-13, 5.22580622438e-13, 3.37626248573e-13, 3.16805772154e-13, 1.86845141139e-13, 1.9925987943e-13, 5.93473498968e-14, 3.89958620679e-14, 6.14543341887e-14, 5.17622138999e-14, 4.74117273219e-14], "dvar2": [1.40103993544e-05, 1.13114238047e-05, 7.84127053066e-07, 9.26417271785e-07, 4.05182930763e-07, 4.72626709325e-07, 2.55348311384e-07, 1.48877035144e-07, 3.11230849093e-07, 8.83134191554e-07, 2.91343667413e-07, 7.17902963743e-08, 6.61879440145e-08, 4.01012307805e-08, 1.67562017594e-08, 1.64940487934e-08, 2.64706621067e-08, 6.49979003953e-09, 2.48910869693e-09, 9.15324260831e-10, 6.49728271185e-10, 4.22668483546e-10, 3.66166819088e-10, 1.87354756709e-10, 7.25841262095e-11, 8.66896832097e-11, 3.00305960654e-11, 8.78142610711e-12, 3.19965083075e-12, 1.79591996656e-12, 1.35774442904e-12, 8.73218543914e-13, 7.57475570982e-13, 4.21003564042e-13, 4.91582686016e-13, 1.31044819635e-13, 9.34002563333e-14, 1.36575050314e-13, 1.15299520691e-13, 8.44906284693e-14], "max": [0.034892950207, 0.0328951925039, 0.0121361622587, 0.0139396861196, 0.0141960876063, 0.0150320343673, 0.0142816882581, 0.00760363088921, 0.011616345495, 0.0200317744166, 0.00992710422724, 0.00486647384241, 0.00579921156168, 0.00387508305721, 0.00244287773967, 0.00257765850984, 0.00390243739821, 0.00131560477894, 0.00122661876958, 0.000622395251412, 0.000958569697104, 0.00072471256135, 0.000417353730882, 0.000259458494838, 0.000183481228305, 0.000184736549272, 0.000194734617253, 9.57868396654e-05, 5.47761992493e-05, 5.97383805143e-05, 2.67052455456e-05, 2.46943673119e-05, 1.9873094061e-05, 2.42858732236e-05, 2.91296000796e-05, 1.0365955859e-05, 6.56020711176e-06, 1.19057858683e-05, 1.27441435325e-05, 1.64765497175e-05], "mean": [0.000929303700104, 0.000799125584308, 0.000628728535958, 0.000714701891411, 0.000577356375288, 0.000412733468693, 0.000237603409914, 0.000191818922758, 0.000211189937545, 0.000304134824546, 0.000206877666642, 0.000116075767437, 0.000115047871077, 8.83707980393e-05, 5.91945718043e-05, 5.2660714573e-05, 7.25741338101e-05, 2.90794814646e-05, 1.46532465806e-05, 1.09440416054e-05, 1.07160531115e-05, 8.26035920909e-06, 8.94146523933e-06, 5.43771284356e-06, 3.52399524672e-06, 3.53430709765e-06, 2.20491688196e-06, 1.00774980183e-06, 6.71589475587e-07, 5.34786920525e-07, 3.89459330563e-07, 3.50969315832e-07, 3.82890476658e-07, 2.64153044327e-07, 2.32390220845e-07, 1.55781236799e-07, 1.53158865146e-07, 1.37940062928e-07, 9.22789098468e-08, 6.44580921971e-08], "median": [5.67738934478e-05, 0.000201679649763, 0.000256955070654, 0.000269472162472, 0.000192540406715, 9.50309695327e-05, 7.97098691692e-05, 5.15860956511e-05, 1.63255990628e-05, 8.0298686953e-06, 9.20892580325e-06, 9.00901704881e-06, 4.35113588537e-06, 2.38345592152e-06, 2.3201764634e-06, 1.53361463617e-06, 1.60078752742e-06, 1.20438744489e-06, 1.07345238121e-06, 6.60297814647e-07, 6.42618545044e-07, 6.40335713342e-07, 5.56979898647e-07, 3.69881206552e-07, 3.77201274659e-07, 2.37092450561e-07, 1.80925084692e-07, 1.06254432808e-07, 7.44248183082e-08, 4.63055762623e-08, 2.459856141e-08, 2.98912503638e-08, 2.86365882118e-08, 2.40097222104e-08, 1.98226928205e-08, 1.70414899969e-08, 1.8457201989e-08, 1.33733433216e-08, 9.46412370695e-09, 4.7862438457e-09], "min": [7.66115994285e-24, 2.56149703192e-24, 6.84386927947e-24, 9.38829753077e-24, 1.23863302689e-23, 8.1294214653e-24, 1.18031443343e-23, 6.80376201332e-24, 2.2861806317e-24, 4.57401195484e-24, 1.33643639635e-23, 8.52119818983e-24, 9.80078185406e-24, 7.41653575386e-24, 7.56051470198e-24, 5.43864768317e-24, 6.47964588864e-24, 7.00681875463e-24, 5.95805263583e-24, 1.07759977375e-23, 9.3097372398e-24, 6.09008744098e-24, 3.98520814733e-24, 6.57063783861e-24, 8.08280530783e-24, 1.29201342997e-23, 8.41240559353e-24, 9.88878165462e-24, 8.63527773192e-24, 6.92239407169e-24, 1.17712435882e-23, 1.18263518333e-23, 1.19151807267e-23, 1.29269374361e-23, 1.08759582471e-23, 1.02335170256e-23, 9.43002827265e-24, 9.14026782925e-24, 1.06384953374e-23, 1.02694086191e-23], "var": [4.77718549519e-06, 3.41411123372e-06, 9.1865098284e-07, 1.70399391664e-06, 1.30621674543e-06, 7.75338264702e-07, 2.70170318117e-07, 1.95578650164e-07, 3.07071445604e-07, 1.08085259853e-06, 3.52793819047e-07, 1.06199884442e-07, 1.32951953447e-07, 6.02799303806e-08, 2.37523298807e-08, 2.74341633855e-08, 7.2800595774e-08, 1.15143334867e-08, 2.75263234428e-09, 1.37175670822e-09, 1.62500501943e-09, 6.15016093608e-10, 6.13587847198e-10, 2.31940577855e-10, 9.26824103575e-11, 1.10016606936e-10, 8.62183033301e-11, 1.24259361481e-11, 3.80943583969e-12, 3.4036638525e-12, 1.4662623329e-12, 8.95063266126e-13, 8.19538881203e-13, 4.62101602643e-13, 4.40485294724e-13, 1.98270910866e-13, 1.31598575895e-13, 1.71792173044e-13, 1.44683811915e-13, 1.66865016271e-13]}, "melbands_crest": {"dmean": 2.53325819969, "dmean2": 4.01426506042, "dvar": 6.94703912735, "dvar2": 17.4200878143, "max": 34.9440689087, "mean": 15.1889829636, "median": 14.4011468887, "min": 1.73919773102, "var": 32.3135375977}, "melbands_flatness_db": {"dmean": 0.0212465021759, "dmean2": 0.0315648838878, "dvar": 0.000655474839732, "dvar2": 0.00140208750963, "max": 0.506262362003, "mean": 0.29589048028, "median": 0.297117382288, "min": 0.00474499352276, "var": 0.00633313227445}, "melbands_kurtosis": {"dmean": 6.69813299179, "dmean2": 10.4542808533, "dvar": 346.965759277, "dvar2": 837.320983887, "max": 786.875183105, "mean": 16.7735595703, "median": 8.47949504852, "min": -1.82749295235, "var": 1125.80126953}, "melbands_skewness": {"dmean": 0.573164641857, "dmean2": 0.873769640923, "dvar": 0.557827472687, "dvar2": 1.24358570576, "max": 22.7191352844, "mean": 2.41799712181, "median": 2.09683632851, "min": -1.24154174328, "var": 3.86713862419}, "melbands_spread": {"dmean": 2.76955270767, "dmean2": 4.30412769318, "dvar": 34.5895843506, "dvar2": 87.1170272827, "max": 245.591140747, "mean": 12.4376001358, "median": 8.77506256104, "min": 0.297953039408, "var": 178.147781372}, "mfcc": {"cov": [[12288.9658203, -432.524017334, -816.175598145, -456.293212891, -652.569030762, 392.478485107, 219.488174438, 574.445373535, 56.4081115723, 233.034286499, 250.750213623, -6.46280908585, -303.716278076], [-432.524017334, 1458.45776367, -10.9446926117, 70.7900695801, 119.657073975, -138.987716675, -19.6679115295, -52.9377441406, -20.107088089, -15.9902877808, -18.759595871, -1.8245164156, 33.7268791199], [-816.175598145, -10.9446926117, 628.014099121, 119.009788513, 68.7319335938, 70.6074447632, 47.8914718628, -2.00663733482, 14.763671875, 18.9135932922, -22.1999912262, 46.5498428345, 60.5297355652], [-456.293212891, 70.7900695801, 119.009788513, 410.527679443, 178.078887939, -26.394575119, -41.7549362183, -26.0320892334, 35.1152000427, -4.32827425003, -35.9410095215, 26.531080246, 66.1864700317], [-652.569030762, 119.657073975, 68.7319335938, 178.078887939, 319.242279053, 38.7380828857, -46.9260787964, -21.3874702454, 45.3002586365, -11.8376522064, -25.1971302032, 25.3153743744, 38.4899559021], [392.478485107, -138.987716675, 70.6074447632, -26.394575119, 38.7380828857, 256.483703613, 136.194961548, 71.7260894775, 58.7586898804, 52.8680152893, 44.7172584534, 18.1071472168, -1.26630532742], [219.488174438, -19.6679115295, 47.8914718628, -41.7549362183, -46.9260787964, 136.194961548, 241.985961914, 99.1716003418, 32.6343727112, 73.6722946167, 53.2853775024, 32.4212837219, 15.0845355988], [574.445373535, -52.9377441406, -2.00663733482, -26.0320892334, -21.3874702454, 71.7260894775, 99.1716003418, 213.013931274, 73.545425415, 38.6446990967, 43.2334938049, 28.7608776093, 15.3433961868], [56.4081115723, -20.107088089, 14.763671875, 35.1152000427, 45.3002586365, 58.7586898804, 32.6343727112, 73.545425415, 174.25617981, 78.6302185059, 21.5866794586, 16.6349048615, 13.4311037064], [233.034286499, -15.9902877808, 18.9135932922, -4.32827425003, -11.8376522064, 52.8680152893, 73.6722946167, 38.6446990967, 78.6302185059, 181.521316528, 70.6213912964, 12.3568315506, 17.7771549225], [250.750213623, -18.759595871, -22.1999912262, -35.9410095215, -25.1971302032, 44.7172584534, 53.2853775024, 43.2334938049, 21.5866794586, 70.6213912964, 143.403213501, 55.0898742676, -5.38781881332], [-6.46280908585, -1.8245164156, 46.5498428345, 26.531080246, 25.3153743744, 18.1071472168, 32.4212837219, 28.7608776093, 16.6349048615, 12.3568315506, 55.0898742676, 151.014938354, 67.5469894409], [-303.716278076, 33.7268791199, 60.5297355652, 66.1864700317, 38.4899559021, -1.26630532742, 15.0845355988, 15.3433961868, 13.4311037064, 17.7771549225, -5.38781881332, 67.5469894409, 137.537368774]], "icov": [[0.000143220910104, -3.41592021869e-05, 0.000180440358236, -0.000104163002106, 0.000334598036716, -0.000394572736695, 0.000310838280711, -0.000437119801063, 0.000232281250646, -0.000283358909655, 0.000154766152264, -0.000239436369156, 0.000350356393028], [-3.41592021869e-05, 0.000802712514997, -4.29987339885e-05, 0.000116043629532, -0.000582002394367, 0.000838181469589, -0.000572225893848, 0.000263682712102, -9.68324093265e-05, 0.000145889804116, -0.000208727418794, 0.000257088482613, -0.000249095755862], [0.000180440358236, -4.29987339885e-05, 0.00208242214285, -0.000596361234784, 0.000424901838414, -0.00107186276, 0.000191992454347, -0.000366427324479, 0.000497505418025, -0.000634272873867, 0.000859188323375, -0.000824059825391, 0.000142326884088], [-0.000104163002106, 0.000116043629532, -0.000596361234784, 0.00373399583623, -0.00213574012741, 0.00123592372984, -0.000433878478361, 0.000571934040636, -0.000725298246834, 0.000240612411289, 7.77437599027e-05, 0.000343835592503, -0.00132615014445], [0.000334598036716, -0.000582002394367, 0.000424901838414, -0.00213574012741, 0.00597050879151, -0.00309858145192, 0.0024539118167, -0.000673151633237, -0.000361420796253, -0.000296740152407, 0.00089564191876, -0.00129585305694, 0.000574097386561], [-0.000394572736695, 0.000838181469589, -0.00107186276, 0.00123592372984, -0.00309858145192, 0.00852971524, -0.00493993470445, 0.00119327520952, -0.00204687402584, 0.00128629244864, -0.00168124365155, 0.00142933288589, -0.00057974254014], [0.000310838280711, -0.000572225893848, 0.000191992454347, -0.000433878478361, 0.0024539118167, -0.00493993470445, 0.00899139419198, -0.0034619232174, 0.00203888863325, -0.00291624641977, 0.000742173811886, -0.00159603310749, 0.000609622453339], [-0.000437119801063, 0.000263682712102, -0.000366427324479, 0.000571934040636, -0.000673151633237, 0.00119327520952, -0.0034619232174, 0.00843780301511, -0.00382284889929, 0.00236427504569, -0.00186192034744, 0.000878916529473, -0.00194300233852], [0.000232281250646, -9.68324093265e-05, 0.000497505418025, -0.000725298246834, -0.000361420796253, -0.00204687402584, 0.00203888863325, -0.00382284889929, 0.00974367652088, -0.00484714750201, 0.00197806372307, -0.00145343318582, 0.00141820404679], [-0.000283358909655, 0.000145889804116, -0.000634272873867, 0.000240612411289, -0.000296740152407, 0.00128629244864, -0.00291624641977, 0.00236427504569, -0.00484714750201, 0.0105240652338, -0.00540607376024, 0.00321125960909, -0.00302298017778], [0.000154766152264, -0.000208727418794, 0.000859188323375, 7.77437599027e-05, 0.00089564191876, -0.00168124365155, 0.000742173811886, -0.00186192034744, 0.00197806372307, -0.00540607376024, 0.0126676764339, -0.0061510191299, 0.00386029155925], [-0.000239436369156, 0.000257088482613, -0.000824059825391, 0.000343835592503, -0.00129585305694, 0.00142933288589, -0.00159603310749, 0.000878916529473, -0.00145343318582, 0.00321125960909, -0.0061510191299, 0.0120135815814, -0.00635593943298], [0.000350356393028, -0.000249095755862, 0.000142326884088, -0.00132615014445, 0.000574097386561, -0.00057974254014, 0.000609622453339, -0.00194300233852, 0.00141820404679, -0.00302298017778, 0.00386029155925, -0.00635593943298, 0.0121899135411]], "mean": [-756.336669922, 170.500152588, 5.38255405426, 18.3308944702, 5.46683597565, -4.57242584229, -2.49617242813, 0.875530064106, -9.59034252167, -2.39369773865, -4.42142343521, -3.68582892418, -2.47117996216]}, "pitch_salience": {"dmean": 0.0574634447694, "dmean2": 0.0910608917475, "dvar": 0.00339738861658, "dvar2": 0.00837488565594, "max": 0.879937946796, "mean": 0.518710851669, "median": 0.521865904331, "min": 0.0684573501348, "var": 0.0163752567023}, "silence_rate_20dB": {"dmean": 0, "dmean2": 0, "dvar": 0, "dvar2": 0, "max": 1, "mean": 1, "median": 1, "min": 1, "var": 0}, "silence_rate_30dB": {"dmean": 0.00552721088752, "dmean2": 0.0110555971041, "dvar": 0.00549662765115, "dvar2": 0.0143349505961, "max": 1, "mean": 0.995642483234, "median": 1, "min": 0, "var": 0.00433857645839}, "silence_rate_60dB": {"dmean": 0.0352891162038, "dmean2": 0.0705857351422, "dvar": 0.0340475663543, "dvar2": 0.0745389163494, "max": 1, "mean": 0.248060360551, "median": 0, "min": 0, "var": 0.186520695686}, "spectral_centroid": {"dmean": 103.160621643, "dmean2": 154.272613525, "dvar": 32220.0820312, "dvar2": 64780.6757812, "max": 10515.9453125, "mean": 726.514160156, "median": 593.208984375, "min": 189.187408447, "var": 264833.15625}, "spectral_complexity": {"dmean": 1.49128401279, "dmean2": 2.3276283741, "dvar": 4.00685358047, "dvar2": 7.42161655426, "max": 45, "mean": 9.25932598114, "median": 7, "min": 0, "var": 40.0234642029}, "spectral_contrast_coeffs": {"dmean": [0.0373296476901, 0.0391335338354, 0.0342711247504, 0.029950901866, 0.0227619763464, 0.0158383380622], "dmean2": [0.0599754080176, 0.0624043159187, 0.0535784065723, 0.0475165881217, 0.0352699235082, 0.0250536426902], "dvar": [0.0011577719124, 0.00126146816183, 0.0010199182434, 0.000731896434445, 0.000447670317953, 0.000251553894486], "dvar2": [0.00276298471726, 0.00304102152586, 0.0022542742081, 0.00163101940416, 0.000939590798225, 0.000564349815249], "max": [-0.254886299372, -0.397851258516, -0.390111267567, -0.50003105402, -0.560245752335, -0.540990829468], "mean": [-0.626535475254, -0.662268936634, -0.721655070782, -0.746100842953, -0.768738627434, -0.808275401592], "median": [-0.643986105919, -0.663291752338, -0.740867614746, -0.757670521736, -0.772793292999, -0.811483442783], "min": [-0.952529191971, -0.964259207249, -0.964100599289, -0.964425802231, -0.959556400776, -0.961509883404], "var": [0.0123096285388, 0.00629253732041, 0.00895468052477, 0.00561829144135, 0.00301363016479, 0.0021763346158]}, "spectral_contrast_valleys": {"dmean": [0.322004705667, 0.339133322239, 0.305475264788, 0.301996797323, 0.266767054796, 0.241346552968], "dmean2": [0.522211372852, 0.535563409328, 0.481640487909, 0.475062996149, 0.399379104376, 0.338336378336], "dvar": [0.105459585786, 0.110477171838, 0.100706025958, 0.104817211628, 0.105940982699, 0.129134565592], "dvar2": [0.24214348197, 0.240433648229, 0.199139684439, 0.205390900373, 0.187135443091, 0.227525040507], "max": [-5.0089764595, -4.8373913765, -4.80042219162, -5.74199151993, -6.24552726746, -8.39364147186], "mean": [-7.9117641449, -7.63060951233, -8.43762588501, -9.20747375488, -9.33180427551, -11.7845077515], "median": [-7.75761842728, -7.46021270752, -8.42784309387, -9.18978214264, -9.30438899994, -11.8052806854], "min": [-27.6695709229, -27.3633499146, -27.1119327545, -26.9890022278, -27.2912445068, -27.1796340942], "var": [2.85193967819, 2.07815504074, 1.92390239239, 1.88817119598, 1.88506686687, 1.63839864731]}, "spectral_decrease": {"dmean": 1.36097622061e-09, "dmean2": 2.08489669973e-09, "dvar": 9.04561787214e-18, "dvar2": 2.24715243559e-17, "max": 8.5913145633e-18, "mean": -5.10264852593e-09, "median": -3.04857272759e-09, "min": -4.98616437028e-08, "var": 3.23231180656e-17}, "spectral_energy": {"dmean": 0.00532535649836, "dmean2": 0.00812584813684, "dvar": 0.000134415371576, "dvar2": 0.000331727293087, "max": 0.194042131305, "mean": 0.0202814955264, "median": 0.0118737053126, "min": 1.11944420248e-20, "var": 0.000515872612596}, "spectral_energyband_high": {"dmean": 3.12834199576e-05, "dmean2": 4.55856352346e-05, "dvar": 9.51891809819e-09, "dvar2": 1.76336936164e-08, "max": 0.00449035735801, "mean": 8.89348666533e-05, "median": 1.22692181321e-05, "min": 7.94231843868e-21, "var": 4.69628105293e-08}, "spectral_energyband_low": {"dmean": 0.00270306435414, "dmean2": 0.00451137963682, "dvar": 0.000102828264062, "dvar2": 0.000274102436379, "max": 0.142998591065, "mean": 0.00529597466812, "median": 0.0016929730773, "min": 3.05451360123e-23, "var": 0.000105983046524}, "spectral_energyband_middle_high": {"dmean": 0.00116207299288, "dmean2": 0.0016000631731, "dvar": 7.8337825471e-06, "dvar2": 1.4351300706e-05, "max": 0.062452994287, "mean": 0.00426621874794, "median": 0.000434941292042, "min": 1.45131322438e-21, "var": 6.44794199616e-05}, "spectral_energyband_middle_low": {"dmean": 0.00301818852313, "dmean2": 0.00447692954913, "dvar": 2.95364552585e-05, "dvar2": 6.74614420859e-05, "max": 0.159291118383, "mean": 0.0114910947159, "median": 0.00558935431764, "min": 3.08395136585e-22, "var": 0.000173616077518}, "spectral_entropy": {"dmean": 0.174006864429, "dmean2": 0.260023236275, "dvar": 0.0415018163621, "dvar2": 0.0881493389606, "max": 9.79468917847, "mean": 6.65603637695, "median": 6.65524721146, "min": 4.75730752945, "var": 0.32695093751}, "spectral_flux": {"dmean": 0.0192479379475, "dmean2": 0.030364934355, "dvar": 0.000757604197133, "dvar2": 0.00162368337624, "max": 0.392533749342, "mean": 0.0550058186054, "median": 0.0366195812821, "min": 1.06645657583e-10, "var": 0.0027493792586}, "spectral_kurtosis": {"dmean": 4.34612417221, "dmean2": 7.32630872726, "dvar": 26.7268257141, "dvar2": 75.5577392578, "max": 85.8270950317, "mean": 13.0464763641, "median": 10.3460006714, "min": -1.27788579464, "var": 87.1477737427}, "spectral_rms": {"dmean": 0.000491178536322, "dmean2": 0.000713170331437, "dvar": 6.40957750875e-07, "dvar2": 1.3740899476e-06, "max": 0.0137589750811, "mean": 0.00375816202722, "median": 0.00340354279615, "min": 3.30475512407e-12, "var": 5.66308426642e-06}, "spectral_rolloff": {"dmean": 148.002746582, "dmean2": 249.261978149, "dvar": 193757.390625, "dvar2": 426278.375, "max": 18820.0195312, "mean": 866.592468262, "median": 516.796875, "min": 64.599609375, "var": 2546404.75}, "spectral_skewness": {"dmean": 0.391779392958, "dmean2": 0.64432734251, "dvar": 0.177301391959, "dvar2": 0.468809783459, "max": 7.53619718552, "mean": 2.65486311913, "median": 2.48859810829, "min": 0.0589411817491, "var": 0.861151635647}, "spectral_spread": {"dmean": 419662.96875, "dmean2": 640857, "dvar": 595417825280, "dvar2": 982059057152, "max": 49803