{"lowlevel": {"average_loudness": 0.820472121239, "barkbands": {"dmean": [0.005132031627, 0.0227498039603, 0.00431614974514, 0.00141594733577, 0.00171651050914, 0.00130565313157, 0.000781959912274, 0.000314326345688, 0.000430700107245, 0.000593419419602, 0.000527562515344, 0.000296275422443, 0.000424286816269, 0.000376461830456, 0.000195114451344, 0.000145705911564, 0.000105891842395, 0.000149401312228, 0.000191392711713, 0.00019019683532, 0.000129618580104, 5.80090709263e-05, 2.53727794188e-05, 7.76291381044e-06, 3.74543014914e-06, 1.78574300662e-05, 0.00028212563484], "dmean2": [0.00839853193611, 0.0379416197538, 0.00722519354895, 0.00230974028818, 0.00275488616899, 0.00201702001505, 0.00120873202104, 0.000508933968376, 0.000683586404193, 0.000947966706008, 0.000837337924168, 0.000466639990918, 0.000677601317875, 0.000603091029916, 0.000310012226691, 0.000231087367865, 0.000167141246493, 0.000224074407015, 0.000285198912024, 0.000268416042672, 0.000183205949725, 8.15021267044e-05, 3.67305910913e-05, 1.18161906357e-05, 6.2452045313e-06, 2.61444383796e-05, 0.000394589587813], "dvar": [9.93050925899e-05, 0.00245583662763, 5.96488898736e-05, 6.18613785264e-06, 1.03778538687e-05, 1.07379137262e-05, 3.88481430491e-06, 7.24571123101e-07, 2.188173994e-06, 3.71527517018e-06, 5.02229295307e-06, 1.73759804056e-06, 1.96571818378e-06, 8.27671271963e-07, 1.9842086374e-07, 1.24171663174e-07, 1.06462771043e-07, 8.83823361164e-07, 2.68054918706e-06, 3.2148604987e-06, 8.76152228102e-07, 1.31385363034e-07, 1.48880037187e-08, 5.67917601835e-10, 5.06635879083e-11, 4.89016205307e-09, 1.97876920538e-06], "dvar2": [0.000232975959079, 0.00638854317367, 0.000157733593369, 1.51836557052e-05, 2.6017673008e-05, 2.47090574703e-05, 8.95155244507e-06, 1.8284295038e-06, 4.971364433e-06, 8.89305556484e-06, 1.18003417811e-05, 3.98598785978e-06, 4.96644406667e-06, 2.07716038858e-06, 5.05849243382e-07, 2.88791341063e-07, 2.52295421888e-07, 1.6794115254e-06, 6.01613692197e-06, 6.59792704027e-06, 1.66067343343e-06, 2.33700333752e-07, 2.90578956452e-08, 1.01437180877e-09, 1.25227397896e-10, 8.83500295146e-09, 3.34045012096e-06], "max": [0.169605672359, 0.68693459034, 0.156428068876, 0.0673643797636, 0.058965831995, 0.0763772279024, 0.0556278042495, 0.0348704271019, 0.09125469625, 0.0927417203784, 0.0876656398177, 0.0513076782227, 0.0545909702778, 0.0323118045926, 0.0133827822283, 0.0115570258349, 0.0265951119363, 0.100065395236, 0.12319418788, 0.0991287901998, 0.0405209138989, 0.0185176264495, 0.00827228929847, 0.00113539095037, 0.000142610631883, 0.0034203582909, 0.0734969526529], "mean": [0.00704612396657, 0.03142330423, 0.00612155068666, 0.00199324707501, 0.00281249731779, 0.0019556703046, 0.00131837860681, 0.000444169505499, 0.00060394150205, 0.000854232406709, 0.000692356727086, 0.000416066002799, 0.000629890186246, 0.000574710138608, 0.000322605745168, 0.000252235593507, 0.000179457128979, 0.00023337235325, 0.000251374411164, 0.000233211743762, 0.000173505526618, 7.89612386143e-05, 3.02117896354e-05, 9.28141889744e-06, 3.62254218089e-06, 2.32194033742e-05, 0.000660841993522], "median": [0.00215426459908, 0.0152186816558, 0.00282034021802, 0.000843029411044, 0.00115566328168, 0.000545458344277, 0.000423630874138, 0.000177452748176, 0.000134654314024, 0.00018149947573, 0.000100041288533, 8.09044213383e-05, 0.000198499736143, 0.00023663500906, 0.000141430471558, 9.07016801648e-05, 8.40435532155e-05, 7.11980537744e-05, 5.22289301443e-05, 3.96101168008e-05, 2.9144470318e-05, 1.48455292219e-05, 5.38017866347e-06, 2.26031988859e-06, 1.20980280371e-06, 5.0313255997e-06, 0.000339727383107], "min": [6.72412413836e-25, 4.4445949846e-24, 5.56625973966e-25, 2.38828368752e-24, 1.3795556912e-23, 9.26452288816e-24, 1.26491558456e-23, 1.48215131177e-23, 1.74723697492e-23, 2.77624449463e-23, 1.18310203121e-23, 1.70784567894e-23, 5.05479790634e-23, 5.46694743706e-23, 5.00436476649e-23, 5.91015473716e-23, 9.17167679951e-23, 1.00082057293e-22, 1.44481944762e-22, 1.79295663931e-22, 2.6246371669e-22, 3.48873445033e-22, 4.06013884194e-22, 6.32882682228e-22, 9.93787530865e-22, 1.36471795595e-21, 1.93802581213e-21], "var": [0.000138713949127, 0.00235920539126, 8.69991854415e-05, 1.14266304081e-05, 2.12810300582e-05, 1.93713276531e-05, 9.78146363195e-06, 1.02581202555e-06, 3.74179876417e-06, 6.62197589918e-06, 7.8478924479e-06, 2.9487273423e-06, 3.00429201161e-06, 1.37506822284e-06, 3.62082630545e-07, 2.95639694059e-07, 1.80365006486e-07, 1.66730944784e-06, 3.44123486684e-06, 4.07851666751e-06, 1.34147830977e-06, 2.06706346262e-07, 1.98893861381e-08, 9.17349529672e-10, 5.05287929553e-11, 7.47928208256e-09, 3.64845345757e-06]}, "barkbands_crest": {"dmean": 3.26868724823, "dmean2": 5.34976625443, "dvar": 8.81729221344, "dvar2": 23.1909103394, "max": 25.8756923676, "mean": 13.839676857, "median": 13.7896766663, "min": 2.63251519203, "var": 25.7651920319}, "barkbands_flatness_db": {"dmean": 0.0346719287336, "dmean2": 0.0552332662046, "dvar": 0.00099252583459, "dvar2": 0.00252826558426, "max": 0.614932477474, "mean": 0.184380665421, "median": 0.176816284657, "min": 0.0271686669439, "var": 0.00426183920354}, "barkbands_kurtosis": {"dmean": 15.7849750519, "dmean2": 25.6104354858, "dvar": 1093.94287109, "dvar2": 2896.84472656, "max": 1058.33935547, "mean": 28.8750247955, "median": 14.0663824081, "min": -1.83118581772, "var": 2497.40625}, "barkbands_skewness": {"dmean": 1.13784658909, "dmean2": 1.79563224316, "dvar": 1.5648753643, "dvar2": 3.80948829651, "max": 24.2997703552, "mean": 3.85455060005, "median": 3.40746951103, "min": -2.10208821297, "var": 6.48800563812}, "barkbands_spread": {"dmean": 6.67352581024, "dmean2": 10.5372333527, "dvar": 69.8974227905, "dvar2": 154.30557251, "max": 117.14957428, "mean": 19.3000144958, "median": 14.4105644226, "min": 0.167963862419, "var": 275.434356689}, "dissonance": {"dmean": 0.0194629132748, "dmean2": 0.032367028296, "dvar": 0.000389354827348, "dvar2": 0.00104811461642, "max": 0.500000059605, "mean": 0.465908288956, "median": 0.473094522953, "min": 0.236252456903, "var": 0.000776626402512}, "dynamic_complexity": 3.30476927757, "erbbands": {"dmean": [0.811138391495, 4.71001672745, 6.26434135437, 3.93369746208, 5.83356666565, 5.52718877792, 8.19193172455, 11.3729333878, 11.7647943497, 9.67158031464, 6.03189706802, 10.3015995026, 15.0557861328, 15.8014726639, 19.719827652, 11.9599437714, 18.3580856323, 19.2447109222, 11.8866615295, 10.0901432037, 7.26283025742, 5.70507240295, 7.30547571182, 10.2032499313, 8.84382820129, 9.36684894562, 6.54536724091, 4.17152881622, 2.29189562798, 1.2202848196, 0.652690351009, 0.242396339774, 0.0980259776115, 0.0439998023212, 0.0264891982079, 0.0218075551093, 0.0350101105869, 0.0483931265771, 0.0382374078035, 0.00514703942463], "dmean2": [1.33374512196, 7.9572725296, 10.4595708847, 6.37927722931, 9.41810321808, 9.01692676544, 12.7735271454, 17.5906009674, 18.1061897278, 15.4752502441, 9.65003681183, 16.3973941803, 24.007818222, 25.169588089, 30.9231739044, 18.527589798, 28.9927501678, 30.5725822449, 18.6319160461, 16.1086483002, 11.4513111115, 8.81808853149, 10.7637166977, 15.4604301453, 13.0083808899, 13.0867166519, 9.49405956268, 5.8920955658, 3.23172950745, 1.73758113384, 0.945215702057, 0.359778612852, 0.152608439326, 0.0725968107581, 0.0440743863583, 0.0344235859811, 0.0507502518594, 0.0664542466402, 0.0509511530399, 0.0074045653455], "dvar": [2.38981723785, 132.123535156, 155.356369019, 45.0306892395, 130.792373657, 135.759963989, 327.41229248, 1087.21911621, 1061.82727051, 513.777404785, 306.634735107, 1548.11328125, 2534.01538086, 2266.29907227, 7712.75, 2880.43139648, 3596.98779297, 2841.07568359, 431.483459473, 599.350524902, 306.746032715, 341.557281494, 1215.34204102, 8415.98339844, 5099.95654297, 8279.69140625, 2947.85839844, 796.349304199, 240.587280273, 38.1221618652, 8.09398365021, 0.773159742355, 0.0689686387777, 0.00687865493819, 0.00252243131399, 0.00279860245064, 0.017445512116, 0.0580599419773, 0.0873693227768, 0.00041092914762], "dvar2": [6.18156385422, 350.986297607, 410.278381348, 114.823440552, 314.858612061, 345.748291016, 775.008178711, 2475.13598633, 2366.07128906, 1300.98339844, 744.154785156, 3398.67016602, 6115.52294922, 5512.77490234, 18089.109375, 6857.92822266, 8806.3359375, 7258.54101562, 1034.42785645, 1516.52197266, 718.871520996, 746.345275879, 1888.2878418, 20579.6894531, 10114.7167969, 17178.4570312, 5949.44921875, 1443.37402344, 442.854431152, 74.7234039307, 14.753074646, 1.39276480675, 0.127113461494, 0.0166016090661, 0.00622586347163, 0.00553138274699, 0.0318701565266, 0.102393947542, 0.147263839841, 0.000710317108314], "max": [20.7093296051, 182.378341675, 251.381210327, 143.045272827, 274.558105469, 245.136428833, 583.464355469, 831.641540527, 933.300415039, 849.233825684, 529.443481445, 2876.45849609, 1893.58581543, 1604.0982666, 3433.72412109, 2635.32958984, 2252.19482422, 1868.35546875, 528.983459473, 940.83013916, 455.474060059, 1633.69543457, 3840.42919922, 6900.25146484, 4764.51806641, 4677.06884766, 2521.41552734, 1127.58435059, 685.220153809, 325.599395752, 182.137069702, 48.3899040222, 15.9759206772, 1.82195413113, 1.02157223225, 2.20087623596, 5.99632263184, 12.4880228043, 15.5689182281, 0.93670386076], "mean": [0.995985388756, 6.57395935059, 9.32340240479, 6.19420862198, 8.97276115417, 8.30782413483, 13.1756620407, 16.6271629333, 19.5318984985, 15.1378126144, 9.25863361359, 14.5799646378, 22.1306705475, 23.9988937378, 27.2472286224, 18.4188632965, 28.4959430695, 30.2027740479, 20.792766571, 17.4549407959, 13.0108442307, 10.3701963425, 12.0829458237, 13.6720695496, 11.9873209, 11.2914457321, 8.40535449982, 5.68192434311, 3.10530686378, 1.56300127506, 0.771385908127, 0.289824396372, 0.114611804485, 0.0447311215103, 0.0261220522225, 0.0262364409864, 0.0462615527213, 0.0732781738043, 0.0624202564359, 0.016006572172], "median": [0.431559205055, 2.79256105423, 4.42055988312, 3.40384578705, 3.43810367584, 3.42137503624, 4.34358119965, 4.19360160828, 4.95431375504, 6.40883159637, 3.48630857468, 3.28130531311, 4.69405937195, 5.46172714233, 4.45348548889, 4.03808784485, 9.30292701721, 10.1022930145, 10.3526344299, 7.43198490143, 5.16990280151, 4.81220960617, 3.9844815731, 3.13628697395, 2.49549770355, 1.9268206358, 1.3975687027, 0.936167061329, 0.568077266216, 0.302838683128, 0.137712225318, 0.0635085105896, 0.0315291360021, 0.0156314559281, 0.00920969620347, 0.00827531330287, 0.0099761383608, 0.0162953026593, 0.0166061259806, 0.0103561198339], "min": [8.12956693125e-23, 8.98948426163e-22, 3.49189771945e-21, 8.3221631687e-21, 2.02553283715e-20, 2.40017246854e-20, 2.70817397742e-20, 1.06724568079e-19, 1.21908301865e-19, 2.86934142792e-19, 3.06478507811e-19, 4.12219538755e-19, 6.0771393131e-19, 1.22755071148e-18, 7.67939591443e-19, 9.74922721376e-19, 2.28404936448e-18, 3.60942038726e-18, 3.41318026553e-18, 3.6332560102e-18, 4.63800252177e-18, 5.937814284e-18, 5.65870245222e-18, 6.6103849139e-18, 7.86482416517e-18, 9.12138017163e-18, 1.1780032959e-17, 9.70536472101e-18, 1.16061852368e-17, 1.16390449866e-17, 1.22506846654e-17, 1.0931655016e-17, 1.17956799074e-17, 9.65033818512e-18, 6.71876253134e-18, 3.50832692229e-18, 2.36674840059e-18, 1.03680968647e-18, 2.45183726487e-19, 2.84085003182e-20], "var": [2.41814851761, 119.207931519, 189.443283081, 77.38697052, 281.541168213, 214.377166748, 700.739624023, 1849.92626953, 2848.48803711, 894.31048584, 496.571289062, 2523.74365234, 4434.00878906, 4021.87158203, 12242.2236328, 5061.67773438, 5725.33300781, 4735.97265625, 1004.8828125, 1147.89953613, 710.043579102, 665.36315918, 2945.82299805, 10844.0195312, 7641.95117188, 10016.5839844, 3930.0859375, 1320.57861328, 361.047454834, 52.8793640137, 11.476228714, 1.18000590801, 0.106771670282, 0.00737211480737, 0.00253819138743, 0.00423341989517, 0.0270678307861, 0.0939592644572, 0.139737457037, 0.000882943742909]}, "erbbands_crest": {"dmean": 2.66361546516, "dmean2": 4.35113716125, "dvar": 6.1243686676, "dvar2": 15.6396083832, "max": 29.9238109589, "mean": 8.3190164566, "median": 7.35840511322, "min": 2.25224614143, "var": 15.2796258926}, "erbbands_flatness_db": {"dmean": 0.0237815380096, "dmean2": 0.0363384075463, "dvar": 0.000465218443424, "dvar2": 0.00108794530388, "max": 0.344352215528, "mean": 0.131714865565, "median": 0.127861410379, "min": 0.0365099534392, "var": 0.00171101570595}, "erbbands_kurtosis": {"dmean": 1.19796574116, "dmean2": 1.92043173313, "dvar": 9.84926509857, "dvar2": 25.523765564, "max": 129.026443481, "mean": 0.639835476875, "median": -0.255588412285, "min": -1.7997815609, "var": 12.5709466934}, "erbbands_skewness": {"dmean": 0.39841529727, "dmean2": 0.60511136055, "dvar": 0.16462880373, "dvar2": 0.370496809483, "max": 9.82704925537, "mean": 0.0772385895252, "median": 0.0425006151199, "min": -4.15269899368, "var": 0.79466509819}, "erbbands_spread": {"dmean": 8.8471660614, "dmean2": 13.7508735657, "dvar": 77.8740081787, "dvar2": 176.807571411, "max": 129.668746948, "mean": 39.1975212097, "median": 38.1479072571, "min": 2.92229104042, "var": 287.818084717}, "gfcc": {"cov": [[10013.390625, 5.85718297958, -812.309020996, 179.161514282, -335.61541748, -385.387664795, 318.877624512, -277.75994873, -158.894851685, 48.0561103821, -105.408187866, 68.10962677, -92.7680206299], [5.85718297958, 797.722045898, 54.5314025879, -198.734054565, 96.9618988037, -50.5508880615, -32.6030426025, 5.40282297134, 18.9279918671, -31.2345352173, 36.4675712585, -77.9845046997, 64.8949890137], [-812.309020996, 54.5314025879, 621.145568848, 191.80682373, -125.47278595, 184.982040405, -124.406822205, 144.434494019, -14.0745410919, 43.7194900513, -25.9812011719, -25.3120231628, -1.26235282421], [179.161514282, -198.734054565, 191.80682373, 292.060852051, 13.4657258987, 48.7201728821, 36.5380020142, 8.66767406464, 1.80626296997, 25.7128925323, -32.4907035828, 15.0528745651, -41.2874145508], [-335.61541748, 96.9618988037, -125.47278595, 13.4657258987, 339.311950684, 48.3079147339, 35.8923339844, -17.3671989441, 65.9146347046, -34.6543617249, 33.7313537598, -8.62755012512, 12.0964870453], [-385.387664795, -50.5508880615, 184.982040405, 48.7201728821, 48.3079147339, 309.2472229, -77.7511978149, 113.072257996, -13.3758277893, 15.6914129257, 18.2572841644, 8.99402618408, -2.55977630615], [318.877624512, -32.6030426025, -124.406822205, 36.5380020142, 35.8923339844, -77.7511978149, 222.261032104, -63.0248680115, 20.0919628143, 5.83753061295, 4.05812120438, 33.9782371521, -26.4341220856], [-277.75994873, 5.40282297134, 144.434494019, 8.66767406464, -17.3671989441, 113.072257996, -63.0248680115, 178.773147583, 46.3760757446, 20.209936142, 10.9279642105, -14.9837760925, 20.0180912018], [-158.894851685, 18.9279918671, -14.0745410919, 1.80626296997, 65.9146347046, -13.3758277893, 20.0919628143, 46.3760757446, 147.489868164, 27.42253685, 9.33052825928, 15.8287363052, -12.1766796112], [48.0561103821, -31.2345352173, 43.7194900513, 25.7128925323, -34.6543617249, 15.6914129257, 5.83753061295, 20.209936142, 27.42253685, 77.5992355347, 31.5454006195, 9.84997272491, -3.38008189201], [-105.408187866, 36.4675712585, -25.9812011719, -32.4907035828, 33.7313537598, 18.2572841644, 4.05812120438, 10.9279642105, 9.33052825928, 31.5454006195, 78.9603500366, 29.9675445557, 13.7371416092], [68.10962677, -77.9845046997, -25.3120231628, 15.0528745651, -8.62755012512, 8.99402618408, 33.9782371521, -14.9837760925, 15.8287363052, 9.84997272491, 29.9675445557, 79.9889144897, 8.00793743134], [-92.7680206299, 64.8949890137, -1.26235282421, -41.2874145508, 12.0964870453, -2.55977630615, -26.4341220856, 20.0180912018, -12.1766796112, -3.38008189201, 13.7371416092, 8.00793743134, 75.5751647949]], "icov": [[0.000192052466446, -0.000394615461119, 0.000745539786294, -0.000739846844226, 0.000415926595451, -8.16256069811e-05, 0.000101412144431, -0.000251432822552, 0.000324322842062, -0.000456737412605, 0.000524517032318, -0.00043351209024, 0.000198014167836], [-0.000394615461119, 0.00339853903279, -0.00326739274897, 0.00372428633273, -0.00155956984963, 0.000640207494143, -0.00109958415851, 0.0017109134933, -0.00166566169355, 0.00232417369261, -0.00316263386048, 0.00388954207301, -0.00199078535661], [0.000745539786294, -0.00326739274897, 0.00785538740456, -0.00734123121947, 0.00432053022087, -0.00244905217551, 0.00200188253075, -0.00227792584337, 0.000703603494912, -0.00183869618922, 0.00208041421138, -0.00119598826859, 0.000150208201376], [-0.000739846844226, 0.00372428633273, -0.00734123121947, 0.0124517986551, -0.00629808846861, 0.00259461975656, -0.00209050113335, 0.000247296353336, 0.00189682282507, -0.00297241285443, 0.00342810363509, -0.00199952838011, 0.00263444869779], [0.000415926595451, -0.00155956984963, 0.00432053022087, -0.00629808846861, 0.00981524307281, -0.00490391487256, -0.000647786422633, 0.00382474577054, -0.00687656365335, 0.00759072368965, -0.00751347234473, 0.00698478892446, -0.0046384553425], [-8.16256069811e-05, 0.000640207494143, -0.00244905217551, 0.00259461975656, -0.00490391487256, 0.00783616025001, 0.00138149631675, -0.00539775239304, 0.00549920741469, -0.00394853949547, 0.00317868054844, -0.00581473857164, 0.00443769013509], [0.000101412144431, -0.00109958415851, 0.00200188253075, -0.00209050113335, -0.000647786422633, 0.00138149631675, 0.00700990622863, -0.000648885965347, 0.00117327750195, -0.00247169542126, 0.00217795511708, -0.00448932033032, 0.00289257499389], [-0.000251432822552, 0.0017109134933, -0.00227792584337, 0.000247296353336, 0.00382474577054, -0.00539775239304, -0.000648885965347, 0.0145211983472, -0.00972533784807, 0.00619104504585, -0.00796742923558, 0.0100232539698, -0.00745290284976], [0.000324322842062, -0.00166566169355, 0.000703603494912, 0.00189682282507, -0.00687656365335, 0.00549920741469, 0.00117327750195, -0.00972533784807, 0.0175460167229, -0.0124741299078, 0.0114207910374, -0.0128002921119, 0.00869919173419], [-0.000456737412605, 0.00232417369261, -0.00183869618922, -0.00297241285443, 0.00759072368965, -0.00394853949547, -0.00247169542126, 0.00619104504585, -0.0124741299078, 0.0298592746258, -0.02100924775, 0.0134020037949, -0.00633968459442], [0.000524517032318, -0.00316263386048, 0.00208041421138, 0.00342810363509, -0.00751347234473, 0.00317868054844, 0.00217795511708, -0.00796742923558, 0.0114207910374, -0.02100924775, 0.0339741930366, -0.0201349873096, 0.00630809599534], [-0.00043351209024, 0.00388954207301, -0.00119598826859, -0.00199952838011, 0.00698478892446, -0.00581473857164, -0.00448932033032, 0.0100232539698, -0.0128002921119, 0.0134020037949, -0.0201349873096, 0.0314459726214, -0.01165954303], [0.000198014167836, -0.00199078535661, 0.000150208201376, 0.00263444869779, -0.0046384553425, 0.00443769013509, 0.00289257499389, -0.00745290284976, 0.00869919173419, -0.00633968459442, 0.00630809599534, -0.01165954303, 0.0217115897685]], "mean": [-16.9758396149, 99.7063827515, -76.6929092407, 11.1055879593, 0.419258415699, -10.1846237183, 0.9259365201, -14.5097370148, 2.62785935402, -2.70824289322, -2.78818297386, -2.57465434074, -6.65932178497]}, "hfc": {"dmean": 25.3404960632, "dmean2": 38.5510215759, "dvar": 2226.56323242, "dvar2": 4264.48779297, "max": 2288.85327148, "mean": 96.5846862793, "median": 80.543548584, "min": 1.09793125307e-16, "var": 7072.54052734}, "melbands": {"dmean": [0.00675362115726, 0.00427719950676, 0.000711947563104, 0.000409313564887, 0.000263844995061, 0.000253186997725, 0.000164943703567, 9.72945344984e-05, 5.21402143931e-05, 6.4502004534e-05, 8.02645517979e-05, 6.90667220624e-05, 7.48703969293e-05, 3.75233503291e-05, 3.55773954652e-05, 4.45769910584e-05, 3.5083565308e-05, 2.2284762963e-05, 1.46137017509e-05, 1.16974670163e-05, 8.67128255777e-06, 6.25736311122e-06, 6.45453701509e-06, 7.48823640606e-06, 8.75581554283e-06, 7.1667359407e-06, 6.17391333435e-06, 6.38638630335e-06, 4.45973819296e-06, 3.22189862345e-06, 2.22602375288e-06, 1.40799977544e-06, 9.19487376905e-07, 6.08862990248e-07, 4.22480269435e-07, 2.27884328297e-07, 1.19460537462e-07, 7.27683442392e-08, 4.73139039059e-08, 3.43207169351e-08], "dmean2": [0.0111413067207, 0.00716577516869, 0.00114197784569, 0.000659190991428, 0.000412119348766, 0.000390329398215, 0.00025369290961, 0.000156158552272, 8.36501640151e-05, 0.000102792459074, 0.000128159823362, 0.000110405824671, 0.000119017873658, 5.86132773606e-05, 5.61319757253e-05, 7.12455803296e-05, 5.60691587452e-05, 3.55700758519e-05, 2.30536406889e-05, 1.87531077245e-05, 1.39066069096e-05, 9.85649330687e-06, 9.96033668343e-06, 1.1296183402e-05, 1.34672836793e-05, 1.0781895071e-05, 8.84960445546e-06, 9.10730341275e-06, 6.6641146077e-06, 4.58180102214e-06, 3.1596766803e-06, 2.02464457288e-06, 1.32968682465e-06, 8.85426459263e-07, 6.17228522515e-07, 3.36690220593e-07, 1.8255079226e-07, 1.13356634301e-07, 7.66050476386e-08, 5.72850389347e-08], "dvar": [0.000186676901649, 9.26711290958e-05, 1.37955180435e-06, 6.14649195541e-07, 3.02651329775e-07, 4.71438937666e-07, 1.97237170596e-07, 5.29111048309e-08, 2.50796023948e-08, 5.98354574777e-08, 7.24123836449e-08, 4.41923830863e-08, 1.08759266482e-07, 3.11904244654e-08, 1.60755675438e-08, 2.17779270173e-08, 8.97273189082e-09, 1.53487822452e-09, 1.2961811624e-09, 8.62649951472e-10, 4.49699166793e-10, 3.59755808477e-10, 4.66361393947e-10, 2.44046094444e-09, 6.74843025905e-09, 3.93582899605e-09, 2.69337485648e-09, 4.24663904042e-09, 1.55119472822e-09, 5.05449182508e-10, 2.30486060793e-10, 9.67284932707e-11, 3.00291076727e-11, 1.03541984015e-11, 3.71272153646e-12, 8.63067701074e-13, 1.6868899669e-13, 4.25529091672e-14, 9.92212615644e-15, 4.29938973895e-15], "dvar2": [0.000478365051094, 0.000244588009082, 3.3967012314e-06, 1.54052713697e-06, 7.18021283319e-07, 1.07471237243e-06, 4.46253750397e-07, 1.34617380354e-07, 6.14227886331e-08, 1.32040412382e-07, 1.74162863686e-07, 1.0672383155e-07, 2.53843950304e-07, 7.16820309776e-08, 3.74307767004e-08, 5.73696468109e-08, 2.27433805122e-08, 3.78128106604e-09, 3.21950688331e-09, 2.07505879146e-09, 1.07963649132e-09, 8.55596093974e-10, 7.52921169855e-10, 4.73248773503e-09, 1.67311444699e-08, 8.90308538004e-09, 5.1047654992e-09, 9.24486531773e-09, 3.37525563054e-09, 9.22245446677e-10, 4.39238478922e-10, 1.84017523441e-10, 5.88429374671e-11, 2.16689322735e-11, 6.86998548327e-12, 1.67401747846e-12, 3.10968265027e-13, 8.22703992605e-14, 2.15941037973e-14, 1.06411156742e-14], "max": [0.173805251718, 0.18555752933, 0.0232678763568, 0.0158445183188, 0.015579408966, 0.0168470460922, 0.0122502185404, 0.00817040447146, 0.00534582417458, 0.0179304890335, 0.0101323351264, 0.00881285686046, 0.0135515248403, 0.00670165708289, 0.00377108762041, 0.00694576371461, 0.00320729101077, 0.000963933416642, 0.0011804610258, 0.00106339808553, 0.000670196255669, 0.0015198206529, 0.0021473125089, 0.00509896548465, 0.00627611530945, 0.0045040291734, 0.00285714003257, 0.00323259271681, 0.0019686545711, 0.000982924946584, 0.000642851460725, 0.000474469532492, 0.00035265221959, 0.00019768931088, 0.000130400090711, 5.31469522684e-05, 1.93965406652e-05, 1.40733172884e-05, 4.1725616029e-06, 1.31686886107e-06], "mean": [0.00935147516429, 0.00646126223728, 0.00121105229482, 0.000637965393253, 0.000436131027527, 0.000383529957617, 0.000275977858109, 0.000146339894854, 7.51915940782e-05, 8.93042524694e-05, 0.00011519290274, 0.000101884332253, 9.9017037428e-05, 5.18707638548e-05, 5.24673341715e-05, 6.67438653181e-05, 5.3099996876e-05, 3.51278213202e-05, 2.40082754317e-05, 1.96273686015e-05, 1.42444705489e-05, 1.03796264739e-05, 1.06106881503e-05, 1.10898854473e-05, 1.11553918032e-05, 9.24966207094e-06, 8.04305727797e-06, 7.28713348508e-06, 5.43469332115e-06, 4.26733822678e-06, 2.93201469503e-06, 1.87404123153e-06, 1.17573006264e-06, 7.42527618058e-07, 4.85587975163e-07, 2.63252957211e-07, 1.40655046721e-07, 8.44368415187e-08, 5.12523889995e-08, 3.28547784534e-08], "median": [0.00469071790576, 0.0032389217522, 0.000663795217406, 0.000261222594418, 0.00015390018234, 0.00010054782615, 7.71760387579e-05, 6.21230428806e-05, 2.44673246925e-05, 1.9009308744e-05, 2.35786574194e-05, 2.29168927035e-05, 1.51022777573e-05, 8.01974965725e-06, 1.5543835616e-05, 2.12846462091e-05, 1.76618086698e-05, 1.71126230271e-05, 1.00903125713e-05, 7.20758453099e-06, 5.59813997825e-06, 4.74268745165e-06, 4.10862048739e-06, 3.01530849356e-06, 2.36213145399e-06, 1.86974375538e-06, 1.49914171743e-06, 1.12910834105e-06, 8.70470501013e-07, 6.79794766256e-07, 4.54686073681e-07, 3.28786427417e-07, 2.27605454484e-07, 1.34701394927e-07, 8.11554698998e-08, 5.20915719449e-08, 3.14223669307e-08, 2.22012808138e-08, 1.6389801516e-08, 1.05846496012e-08], "min": [1.11688632873e-24, 3.48413632211e-24, 1.77093770917e-24, 3.19902660818e-24, 8.17754267078e-25, 2.20966664592e-24, 1.97408300012e-24, 3.38059556729e-24, 2.19714624006e-24, 2.30814606917e-24, 3.11057893184e-24, 5.06541273979e-24, 1.84297451489e-24, 1.39487134679e-24, 4.07933424168e-24, 4.92153831574e-24, 5.70689233981e-24, 5.71270230038e-24, 2.69765659353e-24, 4.28288086561e-24, 4.95728791425e-24, 5.03622015313e-24, 4.19188733792e-24, 3.85948738487e-24, 4.35338215357e-24, 6.22606931167e-24, 3.87775740343e-24, 5.83311521224e-24, 7.40821800448e-24, 5.50585823786e-24, 5.64579861258e-24, 6.10723293832e-24, 5.82337869652e-24, 6.20574746589e-24, 6.87808217693e-24, 6.37919076325e-24, 5.73785828579e-24, 6.81448736619e-24, 6.85904301898e-24, 7.94562318527e-24], "var": [0.000192251478438, 9.29730013013e-05, 2.85341184281e-06, 1.18586490316e-06, 6.83531482082e-07, 8.42896838549e-07, 5.1168990467e-07, 8.81337882674e-08, 4.043183921e-08, 9.6038263564e-08, 1.25912166027e-07, 7.78675257607e-08, 1.66080738495e-07, 5.15198905759e-08, 2.79978067397e-08, 3.17132879957e-08, 1.48576129178e-08, 3.07170244795e-09, 2.29132690599e-09, 1.81507886499e-09, 9.00580610086e-10, 6.1813404395e-10, 1.18520726566e-09, 4.26079038718e-09, 8.19832290944e-09, 4.85544182638e-09, 4.09802369816e-09, 4.72882755176e-09, 1.84864334951e-09, 8.16123613134e-10, 3.61924823444e-10, 1.42399758651e-10, 4.06749564585e-11, 1.31209270879e-11, 5.0917148102e-12, 1.16030861134e-12, 2.56797512942e-13, 6.23480894734e-14, 1.29694618624e-14, 4.26136388885e-15]}, "melbands_crest": {"dmean": 4.13979911804, "dmean2": 6.83421325684, "dvar": 13.0092344284, "dvar2": 35.7656173706, "max": 38.6055221558, "mean": 20.3253536224, "median": 20.4929504395, "min": 1.00058591366, "var": 42.7631263733}, "melbands_flatness_db": {"dmean": 0.042393438518, "dmean2": 0.0673411786556, "dvar": 0.00142567662988, "dvar2": 0.00362011115067, "max": 0.783717215061, "mean": 0.306026101112, "median": 0.30211737752, "min": -3.71031262603e-07, "var": 0.00679956004024}, "melbands_kurtosis": {"dmean": 23.3532447815, "dmean2": 37.9323883057, "dvar": 1462.58728027, "dvar2": 3709.16992188, "max": 840.130249023, "mean": 44.3251647949, "median": 24.5758361816, "min": -1.88494610786, "var": 3511.58520508}, "melbands_skewness": {"dmean": 1.37088155746, "dmean2": 2.18176960945, "dvar": 2.05591797829, "dvar2": 5.0532002449, "max": 23.166343689, "mean": 4.71976137161, "median": 4.33245277405, "min": -2.57298946381, "var": 7.95557880402}, "melbands_spread": {"dmean": 4.96600866318, "dmean2": 7.86928510666, "dvar": 74.98828125, "dvar2": 162.640441895, "max": 184.885147095, "mean": 12.0626449585, "median": 7.09559440613, "min": 0.0915937945247, "var": 257.795532227}, "mfcc": {"cov": [[7186.640625, -259.154998779, -592.878234863, 445.878387451, -780.310302734, 151.611068726, -35.0549736023, -41.7018089294, -164.824966431, 0.107435852289, -134.77796936, -91.2568893433, -42.6814346313], [-259.154998779, 914.66595459, -77.0523605347, -92.5960083008, 93.7972640991, -79.4312591553, 10.7951860428, -53.5694465637, 24.2031097412, -21.3250789642, 44.1292915344, -49.5803565979, -9.83633327484], [-592.878234863, -77.0523605347, 776.627075195, -15.3739318848, 92.3704452515, -33.1635398865, 13.518037796, 11.3783025742, 34.0428199768, 55.3718223572, -0.751157522202, 28.9643363953, 8.12086868286], [445.878387451, -92.5960083008, -15.3739318848, 319.520141602, -97.3329315186, 59.7960548401, -8.80466842651, -2.68119716644, 3.66741371155, 20.317243576, -10.4922428131, -10.029091835, 1.05567121506], [-780.310302734, 93.7972640991, 92.3704452515, -97.3329315186, 396.948669434, 22.6258087158, 20.1368274689, 51.3901443481, 57.534122467, 20.4206886292, 36.7869987488, 47.193649292, 4.66011667252], [151.611068726, -79.4312591553, -33.1635398865, 59.7960548401, 22.6258087158, 178.142852783, 49.298992157, 39.0758056641, -13.1504650116, -0.544694185257, -3.93760371208, 25.1564083099, 11.2826490402], [-35.0549736023, 10.7951860428, 13.518037796, -8.80466842651, 20.1368274689, 49.298992157, 141.500915527, 14.8767414093, -4.72422838211, -20.6953926086, -1.24061071873, -1.79101276398, 13.3112888336], [-41.7018089294, -53.5694465637, 11.3783025742, -2.68119716644, 51.3901443481, 39.0758056641, 14.8767414093, 112.273193359, 32.8199882507, 19.4968833923, 9.51859092712, 31.1752223969, 6.97687005997], [-164.824966431, 24.2031097412, 34.0428199768, 3.66741371155, 57.534122467, -13.1504650116, -4.72422838211, 32.8199882507, 95.888999939, 28.303030014, 20.6049728394, 11.1610736847, 3.98508667946], [0.107435852289, -21.3250789642, 55.3718223572, 20.317243576, 20.4206886292, -0.544694185257, -20.6953926086, 19.4968833923, 28.303030014, 86.6149978638, 29.4732151031, 16.2649211884, -4.00121831894], [-134.77796936, 44.1292915344, -0.751157522202, -10.4922428131, 36.7869987488, -3.93760371208, -1.24061071873, 9.51859092712, 20.6049728394, 29.4732151031, 74.4246520996, 32.5793571472, 8.02698612213], [-91.2568893433, -49.5803565979, 28.9643363953, -10.029091835, 47.193649292, 25.1564083099, -1.79101276398, 31.1752223969, 11.1610736847, 16.2649211884, 32.5793571472, 80.8966674805, 33.5106544495], [-42.6814346313, -9.83633327484, 8.12086868286, 1.05567121506, 4.66011667252, 11.2826490402, 13.3112888336, 6.97687005997, 3.98508667946, -4.00121831894, 8.02698612213, 33.5106544495, 58.8591461182]], "icov": [[0.000203521412914, -2.35626212088e-05, 0.000120913231513, -0.000144098710734, 0.000336349825375, -0.000112989713671, -1.28835390569e-05, -5.98573569732e-05, 0.000135367037728, -0.000231994621572, 0.000297126156511, -0.000136937596835, 0.000147091064719], [-2.35626212088e-05, 0.00137959164567, 0.000116484363389, 0.000218624831177, -0.000446982739959, 0.000337873469107, -0.000109860317025, 0.000492934370413, -0.000290751544526, 0.000439337047283, -0.00133195333183, 0.00144735642243, -0.000462322757812], [0.000120913231513, 0.000116484363389, 0.00155422021635, -0.000116069721116, -0.00014749566617, 0.000488715420943, -0.000508040946443, 0.000261995504843, -9.85753940768e-05, -0.00126142241061, 0.00104352738708, -0.000732474552933, 9.22623439692e-05], [-0.000144098710734, 0.000218624831177, -0.000116069721116, 0.00407017488033, 0.000790853518993, -0.00173641217407, 0.000550689583179, 0.000572007382289, -0.00112326291855, -0.000834367412608, -9.32437978918e-05, 0.000987293780781, -0.000577106256969], [0.000336349825375, -0.000446982739959, -0.00014749566617, 0.000790853518993, 0.00408923812211, -0.00101339397952, -0.00021578167798, -0.000627467292361, -0.00147590367123, -0.000238749140408, 0.000203961040825, -0.00196396023966, 0.00134307728149], [-0.000112989713671, 0.000337873469107, 0.000488715420943, -0.00173641217407, -0.00101339397952, 0.00837780255824, -0.00279797520489, -0.00204802840017, 0.00205807993189, -0.000311875453917, 0.00108018936589, -0.00239637563936, 0.000344573723851], [-1.28835390569e-05, -0.000109860317025, -0.000508040946443, 0.000550689583179, -0.00021578167798, -0.00279797520489, 0.0089066894725, -0.00109854072798, 0.000129690030008, 0.00240971939638, -0.00168118940201, 0.00305961677805, -0.00265578110702], [-5.98573569732e-05, 0.000492934370413, 0.000261995504843, 0.000572007382289, -0.000627467292361, -0.00204802840017, -0.00109854072798, 0.0126135256141, -0.00410193111748, -0.00152755621821, 0.00160765624605, -0.00404349295422, 0.00144486688077], [0.000135367037728, -0.000290751544526, -9.85753940768e-05, -0.00112326291855, -0.00147590367123, 0.00205807993189, 0.000129690030008, -0.00410193111748, 0.0145197119564, -0.00295586138964, -0.00177433434874, 0.00165187404491, -0.00161994446535], [-0.000231994621572, 0.000439337047283, -0.00126142241061, -0.000834367412608, -0.000238749140408, -0.000311875453917, 0.00240971939638, -0.00152755621821, -0.00295586138964, 0.0169250555336, -0.00660225050524, 5.82306965953e-05, 0.00202690274455], [0.000297126156511, -0.00133195333183, 0.00104352738708, -9.32437978918e-05, 0.000203961040825, 0.00108018936589, -0.00168118940201, 0.00160765624605, -0.00177433434874, -0.00660225050524, 0.0217739380896, -0.0101192630827, 0.00228013331071], [-0.000136937596835, 0.00144735642243, -0.000732474552933, 0.000987293780781, -0.00196396023966, -0.00239637563936, 0.00305961677805, -0.00404349295422, 0.00165187404491, 5.82306965953e-05, -0.0101192630827, 0.0262303650379, -0.0130336256698], [0.000147091064719, -0.000462322757812, 9.22623439692e-05, -0.000577106256969, 0.00134307728149, 0.000344573723851, -0.00265578110702, 0.00144486688077, -0.00161994446535, 0.00202690274455, 0.00228013331071, -0.0130336256698, 0.0246307272464]], "mean": [-685.264770508, 161.32144165, -8.96069431305, 40.9085044861, 13.2154254913, 24.0128707886, 4.77612781525, 7.63581037521, 3.23294734955, 7.61249256134, 6.41950178146, 3.19073462486, 0.366126775742]}, "pitch_salience": {"dmean": 0.0935605242848, "dmean2": 0.153336197138, "dvar": 0.00654939562082, "dvar2": 0.0177747197449, "max": 0.996097028255, "mean": 0.439466357231, "median": 0.444865524769, "min": 0.0487268380821, "var": 0.0203434340656}, "silence_rate_20dB": {"dmean": 0.00525287911296, "dmean2": 0.0105064650998, "dvar": 0.00522519508377, "dvar2": 0.0137630682439, "max": 1, "mean": 0.99643099308, "median": 1, "min": 0, "var": 0.00355609925464}, "silence_rate_30dB": {"dmean": 0.106673851609, "dmean2": 0.213362067938, "dvar": 0.0952789932489, "dvar2": 0.199469029903, "max": 1, "mean": 0.840404033661, "median": 1, "min": 0, "var": 0.134142026305}, "silence_rate_60dB": {"dmean": 0.00915886554867, "dmean2": 0.0183189660311, "dvar": 0.00907386187464, "dvar2": 0.0212162192911, "max": 1, "mean": 0.0319865308702, "median": 0, "min": 0, "var": 0.0309657528996}, "spectral_centroid": {"dmean": 213.728897095, "dmean2": 319.947265625, "dvar": 77558.4375, "dvar2": 139566.78125, "max": 11595.3173828, "mean": 986.085205078, "median": 859.465332031, "min": 77.2723999023, "var": 536528.25}, "spectral_complexity": {"dmean": 3.54932999611, "dmean2": 5.22252178192, "dvar": 18.1991481781, "dvar2": 31.0034751892, "max": 61, "mean": 15.6425590515, "median": 14, "min": 0, "var": 100.924758911}, "spectral_contrast_coeffs": {"dmean": [0.0526644997299, 0.0501285232604, 0.0427737869322, 0.0320538841188, 0.026751358062, 0.0400027260184], "dmean2": [0.087913364172, 0.0820455029607, 0.0697143673897, 0.0518657900393, 0.0428030453622, 0.0620258972049], "dvar": [0.00175213324837, 0.00160899292678, 0.00119245576207, 0.000640469661448, 0.000572028046008, 0.00139794219285], "dvar2": [0.00487214839086, 0.00416098115966, 0.00308130425401, 0.001629424165, 0.00142202829011, 0.00321185635403], "max": [-0.390140771866, -0.454886704683, -0.472585976124, -0.53894764185, -0.58333837986, -0.35225880146], "mean": [-0.699386119843, -0.761083185673, -0.794318437576, -0.79795730114, -0.812788128853, -0.756378412247], "median": [-0.702128171921, -0.768450558186, -0.801101326942, -0.796927928925, -0.810969352722, -0.762408733368], "min": [-0.977352917194, -0.993867874146, -0.996008098125, -0.988794505596, -0.987274944782, -0.964766681194], "var": [0.00561796268448, 0.00561995292082, 0.0046302927658, 0.00295933731832, 0.00244071194902, 0.00611510267481]}, "spectral_contrast_valleys": {"dmean": [0.416877269745, 0.422214448452, 0.410166651011, 0.33215045929, 0.377485960722, 0.669368386269], "dmean2": [0.673746883869, 0.681133747101, 0.645779430866, 0.499131292105, 0.548565030098, 1.05341231823], "dvar": [0.138580739498, 0.140780985355, 0.147370740771, 0.115496784449, 0.166868492961, 0.31400179863], "dvar2": [0.31316319108, 0.334046900272, 0.347846329212, 0.251650035381, 0.353859305382, 0.807996571064], "max": [-4.45073795319, -4.8364815712, -5.25427532196, -5.59191894531, -4.57379150391, -8.54896259308], "mean": [-6.6241440773, -6.87546300888, -7.51664304733, -7.66185760498, -7.89950561523, -11.0551528931], "median": [-6.47234392166, -6.72660923004, -7.39197540283, -7.53970050812, -7.72437381744, -10.9456481934], "min": [-28.0884208679, -27.9347457886, -27.7358207703, -27.576089859, -27.5026836395, -27.4346828461], "var": [1.62919402122, 1.64679205418, 1.63407087326, 1.54593253136, 1.73970937729, 1.39428973198]}, "spectral_decrease": {"dmean": 7.72487851464e-09, "dmean2": 1.24634240706e-08, "dvar": 2.17247751466e-16, "dvar2": 5.38503366739e-16, "max": 9.94268112287e-10, "mean": -1.42385436774e-08, "median": -1.01661941088e-08, "min": -2.20065999201e-07, "var": 2.61518590198e-16}, "spectral_energy": {"dmean": 0.0297492220998, "dmean2": 0.0476056486368, "dvar": 0.0031453599222, "dvar2": 0.00774925481528, "max": 0.849553108215, "mean": 0.0625001639128, "median": 0.0471329949796, "min": 1.00462620202e-20, "var": 0.00403261324391}, "spectral_energyband_high": {"dmean": 0.000531862431671, "dmean2": 0.000719513744116, "dvar": 1.19855403682e-05, "dvar2": 2.11037568079e-05, "max": 0.169249087572, "mean": 0.000909426773433, "median": 0.00030548547511, "min": 7.16637859546e-21, "var": 1.92246279767e-05}, "spectral_energyband_low": {"dmean": 0.0271967444569, "dmean2": 0.0447137802839, "dvar": 0.00300583126955, "dvar2": 0.00758565543219, "max": 0.80842089653, "mean": 0.0435589328408, "median": 0.0265135616064, "min": 1.72247857541e-23, "var": 0.00324898282997}, "spectral_energyband_middle_high": {"dmean": 0.00196616910398, "dmean2": 0.00290369661525, "dvar": 2.54067617789e-05, "dvar2": 5.57035018574e-05, "max": 0.248298883438, "mean": 0.00445249443874, "median": 0.00166931049898, "min": 1.21803688155e-21, "var": 6.90861197654e-05}, "spectral_energyband_middle_low": {"dmean": 0.00401591649279, "dmean2": 0.00622166553512, "dvar": 3.69650297216e-05, "dvar2": 8.71023512445e-05, "max": 0.0979662910104, "mean": 0.0092993453145, "median": 0.00524839200079, "min": 1.54365677707e-22, "var": 0.000119609605463}, "spectral_entropy": {"dmean": 0.217484548688, "dmean2": 0.333348333836, "dvar": 0.0530723109841, "dvar2": 0.130005165935, "max": 9.82713508606, "mean": 7.42548131943, "median": 7.46611833572, "min": 4.85672473907, "var": 0.172172784805}, "spectral_flux": {"dmean": 0.0425874143839, "dmean2": 0.0695693194866, "dvar": 0.00371753820218, "dvar2": 0.00841133017093, "max": 0.793812811375, "mean": 0.121076703072, "median": 0.103200316429, "min": 6.43649161747e-11, "var": 0.0071335406974}, "spectral_kurtosis": {"dmean": 4.59340333939, "dmean2": 7.21315908432, "dvar": 32.7480583191, "dvar2": 84.4851074219, "max": 136.58757019, "mean": 16.1457672119, "median": 14.6670007706, "min": -1.26792895794, "var": 65.1447525024}, "spectral_rms": {"dmean": 0.00158606795594, "dmean2": 0.00245363079011, "dvar": 4.58794829683e-06, "dvar2": 1.03379206848e-05, "max": 0.0287894476205, "mean": 0.00703572388738, "median": 0.00678110681474, "min": 3.13069188629e-12, "var": 1.14741596917e-05}, "spectral_rolloff": {"dmean": 2783.00146484, "dmean2": 5285.63427734, "dvar": 38875076, "dvar2": 94584632, "max": 22050, "mean": 5494.01611328, "median": 710.595703125, "min": 43.06640625, "var": 74681600}, "spectral_skewness": {"dmean": 0.380903303623, "dmean2": 0.580675184727, "dvar": 0.184771284461, "dvar2": 0.446129709482, "max": 9.76634597778, "mean": 2.723954916, "median": 2.63232064247, "min": -0.089419066906, "var": 0.516541659832}, "spectral_spread": {"dmean": 552037.25, "dmean2": 853549.875, "dvar": 387147038720, "dvar2": 833977253888, "max": 43066500, "mean": 4295176.5, "median": 4138992, "min": 1162487.5, "var": 3442836242430.0}, "spectral_strongpeak": {"dmean": 0.98444283