{"lowlevel": {"average_loudness": 0.904280304909, "barkbands": {"dmean": [5.03959490743e-05, 0.00219069398008, 0.00199323007837, 0.00213471101597, 0.00228906120174, 0.00124833185691, 0.000533958140295, 0.000320403079968, 0.000539676519111, 0.000573672761675, 0.000346369924955, 0.000283736473648, 0.000341788923834, 0.000396421499318, 0.000498743436765, 0.000314444798278, 0.000257139356108, 0.000135673049954, 0.000119165306387, 0.000101402700238, 9.82782512438e-05, 6.63941827952e-05, 3.87099898944e-05, 2.58926629613e-05, 2.49210315815e-05, 2.21913396672e-05, 1.17073614092e-05], "dmean2": [7.84262811067e-05, 0.00347194145434, 0.0033129833173, 0.00346799194813, 0.00377421965823, 0.00203749421053, 0.000881259213202, 0.000468020327389, 0.000801655231044, 0.000822188449092, 0.000519683060702, 0.000409695698181, 0.000519862747751, 0.000593807373662, 0.000756015244406, 0.000474701897474, 0.00039418466622, 0.000208812474739, 0.000192307081306, 0.000162055395776, 0.000159575807629, 0.000100634410046, 5.82043248869e-05, 3.67197353626e-05, 3.3997468563e-05, 3.01121690427e-05, 1.61189200298e-05], "dvar": [1.96536866781e-08, 5.05718417116e-05, 2.12351969822e-05, 4.82715622638e-05, 3.73205657525e-05, 1.01472478491e-05, 2.41101815845e-06, 1.3370099623e-06, 2.48240121437e-06, 2.77720323538e-06, 7.89674174939e-07, 6.45437751245e-07, 1.06712661818e-06, 1.06103277631e-06, 1.34823858389e-06, 5.21791719166e-07, 1.9898234882e-07, 7.22561708244e-08, 7.90238203763e-08, 7.75186279611e-08, 1.04955802271e-07, 4.24951096534e-08, 1.3750804051e-08, 6.63668364709e-09, 3.48617112955e-09, 2.09393924422e-09, 6.64803490036e-10], "dvar2": [4.56653275194e-08, 0.000120983786474, 5.5222219089e-05, 0.000119567506772, 9.78644966381e-05, 2.58735708485e-05, 5.91272510064e-06, 2.51553819908e-06, 4.9813993428e-06, 5.37260120836e-06, 1.67496716585e-06, 1.2536693248e-06, 2.39941982727e-06, 2.22501671487e-06, 2.93803918794e-06, 1.07661833226e-06, 4.33181043036e-07, 1.68937873468e-07, 2.12088608009e-07, 2.03925765163e-07, 2.84562844399e-07, 1.04045611238e-07, 3.22550626208e-08, 1.36947022611e-08, 7.00337965398e-09, 4.04316446989e-09, 1.37222788688e-09], "max": [0.00190383440349, 0.0663351714611, 0.0610243827105, 0.154401361942, 0.127579405904, 0.0512652099133, 0.0343676321208, 0.0467809848487, 0.043095767498, 0.0479942597449, 0.0218493677676, 0.0244979951531, 0.0283682830632, 0.0307380110025, 0.0270987339318, 0.0236802361906, 0.0149451829493, 0.00533821154386, 0.00472416775301, 0.00479389587417, 0.00573194446042, 0.00389691791497, 0.00320175709203, 0.00254885689355, 0.00135512859561, 0.0005508500617, 0.000283113273326], "mean": [5.33165548404e-05, 0.00204787845723, 0.00228753616102, 0.00245362031274, 0.00361835234798, 0.00187047279906, 0.000694519781973, 0.000582070788369, 0.000895117758773, 0.00121114379726, 0.000631105329376, 0.000607108988333, 0.000580094347242, 0.000688823813107, 0.000825103837997, 0.000494766572956, 0.000492151651997, 0.000246068375418, 0.000215605468838, 0.000156992085977, 0.000134739006171, 9.24768610275e-05, 5.36438674317e-05, 3.61888160114e-05, 3.28668211296e-05, 2.58935215243e-05, 1.2436358702e-05], "median": [8.14314080344e-06, 0.000287802657112, 0.000950218818616, 0.000848955940455, 0.0020749385003, 0.00051706423983, 0.000150769454194, 0.000136373739224, 0.000150054707774, 0.00022369492217, 0.000134593632538, 0.000111629953608, 0.000132117595058, 0.000205904681934, 0.000249720469583, 0.000182077114005, 0.000217978464207, 9.28597000893e-05, 6.33403542452e-05, 4.71632229164e-05, 3.03555461869e-05, 1.72986383404e-05, 8.75387922861e-06, 4.87343640998e-06, 3.36138282364e-06, 1.22289384308e-06, 1.86531224244e-07], "min": [4.76896591136e-25, 4.10216782058e-24, 2.41109024794e-24, 1.6559089702e-24, 1.13117502547e-23, 1.46293923552e-23, 1.0775983538e-23, 9.75397873655e-24, 1.387282426e-23, 2.70190760718e-23, 2.9956866658e-23, 4.04569082291e-23, 5.07229294795e-23, 4.75527373151e-23, 3.98363870856e-23, 6.26167431197e-23, 7.93345421695e-23, 9.02495371985e-23, 1.51664983999e-22, 2.09113949816e-22, 2.77236897878e-22, 3.79771548969e-22, 4.07748848071e-22, 6.46683885806e-22, 9.26679070549e-22, 1.23670701037e-21, 1.86765164437e-21], "var": [2.16371187634e-08, 4.50983752671e-05, 1.99058395083e-05, 4.3486841605e-05, 3.75325653295e-05, 1.3297919395e-05, 3.25175324178e-06, 3.60684771294e-06, 6.45131876809e-06, 1.00248835224e-05, 2.33413084061e-06, 2.68091298494e-06, 2.74139688372e-06, 3.03283309222e-06, 2.98030181511e-06, 9.81182779469e-07, 5.67251333905e-07, 1.66449140693e-07, 1.42258443248e-07, 8.92300633382e-08, 9.76891385562e-08, 5.21565084455e-08, 2.04752819144e-08, 1.17100142916e-08, 6.00501293135e-09, 3.25819149438e-09, 9.01789587449e-10]}, "barkbands_crest": {"dmean": 2.31989741325, "dmean2": 3.70687174797, "dvar": 5.62006807327, "dvar2": 13.4513816833, "max": 26.6725673676, "mean": 9.52731323242, "median": 8.56090927124, "min": 2.2829284668, "var": 17.69830513}, "barkbands_flatness_db": {"dmean": 0.0233628116548, "dmean2": 0.0325105525553, "dvar": 0.000651196925901, "dvar2": 0.00124636525288, "max": 0.475979655981, "mean": 0.149057492614, "median": 0.139937907457, "min": 0.0238315463066, "var": 0.00354384304956}, "barkbands_kurtosis": {"dmean": 3.36463522911, "dmean2": 5.15802764893, "dvar": 143.672393799, "dvar2": 286.512390137, "max": 541.991455078, "mean": 4.81021881104, "median": 0.319423913956, "min": -1.90213000774, "var": 530.359802246}, "barkbands_skewness": {"dmean": 0.603908836842, "dmean2": 0.885377526283, "dvar": 0.571774661541, "dvar2": 1.19915962219, "max": 21.0133876801, "mean": 1.21753287315, "median": 0.907602608204, "min": -3.67283129692, "var": 2.89854478836}, "barkbands_spread": {"dmean": 5.06037998199, "dmean2": 7.6547293663, "dvar": 38.0380325317, "dvar2": 85.7934112549, "max": 90.6179428101, "mean": 21.1023101807, "median": 20.2160339355, "min": 0.249039828777, "var": 128.216827393}, "dissonance": {"dmean": 0.0207270029932, "dmean2": 0.0341769270599, "dvar": 0.000524409930222, "dvar2": 0.00138642603997, "max": 0.500000119209, "mean": 0.456943571568, "median": 0.467567384243, "min": 0.206212893128, "var": 0.00130193040241}, "dynamic_complexity": 4.33621311188, "erbbands": {"dmean": [0.0587845928967, 0.543358743191, 1.87910282612, 5.35795736313, 8.11452865601, 6.85876750946, 7.88350439072, 11.7358074188, 9.32039737701, 5.94572925568, 6.66414165497, 12.7375440598, 17.0481319427, 12.5405540466, 15.4493331909, 11.3825864792, 15.6462717056, 18.8638629913, 24.0753631592, 19.9691314697, 14.9388923645, 11.5883522034, 8.48976039886, 6.32053518295, 5.46854877472, 4.60090303421, 4.34298419952, 3.50882697105, 2.50597667694, 1.72926330566, 1.01259827614, 0.553898513317, 0.453448981047, 0.270880699158, 0.190885394812, 0.116988308728, 0.0370940864086, 0.010590467602, 0.00208013458177, 9.82719211606e-05], "dmean2": [0.0969141051173, 0.867600739002, 3.18173289299, 8.48589992523, 13.7472553253, 11.2953891754, 12.4062643051, 19.5098381042, 15.2644786835, 9.17003440857, 9.94266796112, 18.4572544098, 24.4758396149, 18.0559921265, 23.1967182159, 16.1970176697, 23.5851993561, 28.0776977539, 36.1160316467, 29.7539768219, 22.1368026733, 17.7824287415, 12.9685249329, 10.1261482239, 8.90123653412, 7.38188648224, 7.00607156754, 5.67320489883, 3.85356688499, 2.58007621765, 1.52025413513, 0.808090388775, 0.643852710724, 0.375456541777, 0.262435436249, 0.161275267601, 0.0505275800824, 0.0144245279953, 0.00288445316255, 0.000135661146487], "dvar": [0.0369756706059, 3.12410926819, 21.2150497437, 253.943771362, 680.168029785, 326.172149658, 330.261688232, 979.496826172, 698.056274414, 404.930938721, 541.133117676, 1514.31896973, 3013.65478516, 1274.81140137, 1701.45288086, 1026.16601562, 2240.21020508, 2238.22143555, 3044.60449219, 2731.2956543, 760.200561523, 406.113983154, 255.576568604, 202.416702271, 195.593734741, 164.585769653, 193.096252441, 143.517089844, 64.9031982422, 25.3128681183, 9.80243968964, 3.83857274055, 1.88589549065, 0.609992206097, 0.168694213033, 0.0583523511887, 0.00608854414895, 0.000520641333424, 2.15894124267e-05, 4.33511289089e-08], "dvar2": [0.0913337990642, 7.80384922028, 56.5663070679, 596.280151367, 1814.1385498, 869.343688965, 776.30456543, 2604.37939453, 1725.54699707, 849.753112793, 1072.72436523, 3095.15258789, 6154.77587891, 2427.6472168, 3795.73095703, 1937.25366211, 5070.22412109, 4569.89648438, 6727.59667969, 5706.86181641, 1572.05737305, 867.896362305, 582.388793945, 547.727722168, 522.822570801, 434.501373291, 519.571411133, 387.890441895, 161.346008301, 59.4856262207, 22.5634002686, 8.34214019775, 3.88801956177, 1.28655207157, 0.333881884813, 0.115322820842, 0.0118557158858, 0.00103898358066, 4.50794614153e-05, 9.00044412333e-08], "max": [1.85377144814, 17.1086521149, 53.2784385681, 312.512145996, 324.333374023, 472.660003662, 425.286407471, 474.222808838, 474.158325195, 974.140930176, 781.316711426, 1367.24230957, 1546.49829102, 990.390380859, 1007.59405518, 1254.56359863, 1423.58007812, 1528.65856934, 1328.28308105, 1845.65673828, 813.462219238, 922.981506348, 367.063232422, 336.080230713, 262.164398193, 236.680023193, 247.944747925, 202.759475708, 166.033996582, 124.946136475, 77.8234405518, 60.623249054, 41.5126342773, 24.7706508636, 6.67566585541, 2.9412522316, 1.07235884666, 0.255132228136, 0.0575602315366, 0.00236002844758], "mean": [0.0528632029891, 0.499879777431, 2.09649658203, 6.4258646965, 10.2056598663, 11.1666488647, 13.1019105911, 16.85338974, 13.379201889, 9.60430431366, 12.5366535187, 22.5367183685, 34.1427612305, 28.0300388336, 32.5049247742, 26.8018436432, 28.468667984, 35.7993049622, 41.8511543274, 35.475063324, 27.2859725952, 22.9708557129, 17.0115242004, 12.0176143646, 9.33502864838, 7.19743967056, 6.35769128799, 4.72438955307, 3.41637301445, 2.46611666679, 1.4080080986, 0.757553637028, 0.622997939587, 0.365889519453, 0.240369096398, 0.136295869946, 0.0427670143545, 0.0118289645761, 0.00219765491784, 0.000117892857816], "median": [0.00609724037349, 0.087753161788, 0.791330814362, 2.61246728897, 5.74740886688, 5.6811876297, 4.9244146347, 4.62697792053, 3.29748821259, 3.24239730835, 2.48547124863, 4.71340703964, 7.00977277756, 5.76567173004, 7.70091438293, 6.48476648331, 8.1320476532, 12.7669048309, 15.1245679855, 13.0298233032, 12.2412376404, 11.4821662903, 7.35810661316, 3.95595741272, 2.89815759659, 2.18134975433, 1.4910902977, 1.08385944366, 0.651661872864, 0.402132809162, 0.232984274626, 0.107175089419, 0.079973384738, 0.0420692488551, 0.0207214392722, 0.00784047320485, 0.00172625714913, 0.000292023294605, 4.33746754425e-05, 2.44613438554e-05], "min": [2.1136138298e-22, 6.86727323636e-22, 3.12181557859e-21, 6.2499569886e-21, 1.14777933899e-20, 5.05989385691e-20, 5.71796611739e-20, 1.54508833974e-19, 1.66427937914e-19, 2.33389759464e-19, 2.34155185874e-19, 3.48639283248e-19, 8.54988408494e-19, 1.06425740035e-18, 1.7687913231e-18, 1.53137166893e-18, 2.13591992834e-18, 3.11401550775e-18, 2.5336990908e-18, 3.63921956883e-18, 3.02044690481e-18, 4.83496580614e-18, 5.93548204826e-18, 7.26544330305e-18, 7.21966795513e-18, 8.74838788981e-18, 1.3102047076e-17, 1.19729471942e-17, 1.36395614458e-17, 1.33950873885e-17, 1.17261520682e-17, 1.21759819843e-17, 1.10796938759e-17, 8.50162006075e-18, 6.76864441741e-18, 4.68895229801e-18, 1.9837668789e-18, 1.06109126316e-18, 2.61578420379e-19, 2.63625740863e-20], "var": [0.0312095209956, 2.60361671448, 17.4792232513, 259.029693604, 518.548706055, 388.395507812, 545.707458496, 1187.83410645, 1041.45849609, 810.31842041, 1796.24938965, 3960.14575195, 9398.85351562, 5744.17089844, 6054.00439453, 4596.49658203, 5677.91796875, 7071.74462891, 6795.42236328, 7098.06201172, 1798.30895996, 1103.18530273, 697.125793457, 433.695281982, 291.672424316, 186.061431885, 188.409729004, 133.214935303, 75.1386871338, 36.0782546997, 14.8690652847, 5.86071491241, 3.43866324425, 1.0395116806, 0.276748120785, 0.0889613851905, 0.00923328194767, 0.000758721726015, 2.86606700683e-05, 5.88800439516e-08]}, "erbbands_crest": {"dmean": 2.80654525757, "dmean2": 4.37903785706, "dvar": 7.65794277191, "dvar2": 17.5565776825, "max": 32.0191116333, "mean": 10.3065433502, "median": 9.07353401184, "min": 2.19285225868, "var": 25.7647666931}, "erbbands_flatness_db": {"dmean": 0.0254592318088, "dmean2": 0.0319403409958, "dvar": 0.000820816028863, "dvar2": 0.00134481734131, "max": 0.403067499399, "mean": 0.186776936054, "median": 0.186476439238, "min": 0.028044052422, "var": 0.00384045136161}, "erbbands_kurtosis": {"dmean": 1.30534911156, "dmean2": 1.99543273449, "dvar": 7.97632789612, "dvar2": 15.2170162201, "max": 90.79712677, "mean": 1.13186204433, "median": 0.0465024709702, "min": -1.80867612362, "var": 19.9652633667}, "erbbands_skewness": {"dmean": 0.418887794018, "dmean2": 0.620353937149, "dvar": 0.231181338429, "dvar2": 0.471094429493, "max": 8.21410942078, "mean": -0.103565461934, "median": -0.196049168706, "min": -4.36192989349, "var": 0.951376438141}, "erbbands_spread": {"dmean": 8.14161109924, "dmean2": 11.9418859482, "dvar": 105.910171509, "dvar2": 224.633422852, "max": 143.605163574, "mean": 32.4596481323, "median": 28.767162323, "min": 1.96507382393, "var": 371.471313477}, "gfcc": {"cov": [[18881.5039062, -1061.17883301, -360.800231934, -46.8038673401, -605.052856445, 291.877075195, -268.846588135, 117.882804871, -427.146820068, 17.6495914459, -483.15927124, 47.4038467407, -283.64151001], [-1061.17883301, 2022.78161621, -714.425842285, -118.32989502, 184.583755493, -243.15246582, 152.436813354, -177.832946777, 109.291542053, -224.882415771, 192.134216309, -151.00163269, 112.966934204], [-360.800231934, -714.425842285, 1770.50134277, 126.317886353, 141.128997803, 279.570831299, -173.916381836, 34.0263710022, -118.21231842, 67.4625701904, -170.02305603, 65.3413162231, -134.902297974], [-46.8038673401, -118.32989502, 126.317886353, 587.566223145, 110.679122925, -29.7721996307, -15.5284156799, -51.6806373596, 26.0945739746, -14.7512140274, -82.3032226562, -52.6357269287, -6.93004894257], [-605.052856445, 184.583755493, 141.128997803, 110.679122925, 477.434509277, -16.7959308624, 31.3641357422, 15.3352279663, 51.8642196655, 5.79769659042, -47.1609573364, -16.2901039124, -10.6912584305], [291.877075195, -243.15246582, 279.570831299, -29.7721996307, -16.7959308624, 299.181396484, -9.86615371704, 50.4552879333, -28.0441474915, 26.8493614197, -11.8619031906, 16.0285644531, -39.0814094543], [-268.846588135, 152.436813354, -173.916381836, -15.5284156799, 31.3641357422, -9.86615371704, 250.730667114, 42.0422210693, 2.93604040146, -17.6993350983, 27.3659744263, -15.4970588684, 5.32681035995], [117.882804871, -177.832946777, 34.0263710022, -51.6806373596, 15.3352279663, 50.4552879333, 42.0422210693, 171.525222778, 39.7607002258, 33.8879127502, -8.15682029724, 34.925617218, -6.04819583893], [-427.146820068, 109.291542053, -118.21231842, 26.0945739746, 51.8642196655, -28.0441474915, 2.93604040146, 39.7607002258, 165.217254639, 46.5823097229, 23.8104114532, -9.72381401062, 32.8024864197], [17.6495914459, -224.882415771, 67.4625701904, -14.7512140274, 5.79769659042, 26.8493614197, -17.6993350983, 33.8879127502, 46.5823097229, 136.748519897, 20.3987579346, 19.0536365509, -9.72752857208], [-483.15927124, 192.134216309, -170.02305603, -82.3032226562, -47.1609573364, -11.8619031906, 27.3659744263, -8.15682029724, 23.8104114532, 20.3987579346, 159.048843384, 38.2776870728, 33.1478805542], [47.4038467407, -151.00163269, 65.3413162231, -52.6357269287, -16.2901039124, 16.0285644531, -15.4970588684, 34.925617218, -9.72381401062, 19.0536365509, 38.2776870728, 114.200256348, 25.771112442], [-283.64151001, 112.966934204, -134.902297974, -6.93004894257, -10.6912584305, -39.0814094543, 5.32681035995, -6.04819583893, 32.8024864197, -9.72752857208, 33.1478805542, 25.771112442, 100.841957092]], "icov": [[7.930942229e-05, -8.20693239802e-05, 0.000103080914414, -4.38657370978e-05, 0.000119443138829, -0.000109596549009, 0.000111123634269, -0.000102545811387, 0.000247920019319, -0.000239585206145, 0.000443756143795, -0.000281412765617, 0.000230359102716], [-8.20693239802e-05, 0.00158239470329, -0.000109378175694, 0.000580748717766, -0.000878953025676, 0.000549045449588, -0.000475609354908, 0.0010644235881, -0.00140331790317, 0.00280331261456, -0.00258289044723, 0.00235172989778, -0.000926433247514], [0.000103080914414, -0.000109378175694, 0.00108931609429, -0.000215517924516, -0.00012895562395, -0.000814406957943, 0.000609940267168, -5.86735186516e-05, 0.000793130311649, -0.000723800563719, 0.00134129007347, -0.00120702106506, 0.0010296208784], [-4.38657370978e-05, 0.000580748717766, -0.000215517924516, 0.0022601429373, -0.000613392214291, 0.0003483966575, -0.000311515264912, 0.00113379897084, -0.00113605288789, 0.00112771894783, -0.000109596796392, 0.00130666571204, -0.000572081713472], [0.000119443138829, -0.000878953025676, -0.00012895562395, -0.000613392214291, 0.00301481108181, -9.93078865577e-05, -0.000215736188693, -0.000566136324778, -0.000110547807708, -0.00147570541594, 0.00225402438082, -0.00155813992023, 0.000915399461519], [-0.000109596549009, 0.000549045449588, -0.000814406957943, 0.0003483966575, -9.93078865577e-05, 0.00460069952533, -0.000329517410137, -0.000825712282676, -0.000165222008945, 0.000758000998758, -0.00178634480108, 0.00137859454844, 0.000113236834295], [0.000111123634269, -0.000475609354908, 0.000609940267168, -0.000311515264912, -0.000215736188693, -0.000329517410137, 0.00517635419965, -0.00230052950792, 0.00161124917213, -0.00037637015339, -7.05627098796e-05, 0.000377292337362, 0.000444265024271], [-0.000102545811387, 0.0010644235881, -5.86735186516e-05, 0.00113379897084, -0.000566136324778, -0.000825712282676, -0.00230052950792, 0.00933677237481, -0.00394066376612, 0.00108260067645, 0.000359073485015, -0.00189189426601, 0.000571804412175], [0.000247920019319, -0.00140331790317, 0.000793130311649, -0.00113605288789, -0.000110547807708, -0.000165222008945, 0.00161124917213, -0.00394066376612, 0.0111118359491, -0.00583542278036, 0.0015945348423, 0.000315533863613, -0.00192709267139], [-0.000239585206145, 0.00280331261456, -0.000723800563719, 0.00112771894783, -0.00147570541594, 0.000758000998758, -0.00037637015339, 0.00108260067645, -0.00583542278036, 0.0145188560709, -0.00634748628363, 0.00323207071051, 7.63046118664e-05], [0.000443756143795, -0.00258289044723, 0.00134129007347, -0.000109596796392, 0.00225402438082, -0.00178634480108, -7.05627098796e-05, 0.000359073485015, 0.0015945348423, -0.00634748628363, 0.014904839918, -0.00811385735869, 0.00154355203267], [-0.000281412765617, 0.00235172989778, -0.00120702106506, 0.00130666571204, -0.00155813992023, 0.00137859454844, 0.000377292337362, -0.00189189426601, 0.000315533863613, 0.00323207071051, -0.00811385735869, 0.0170981381088, -0.00620859861374], [0.000230359102716, -0.000926433247514, 0.0010296208784, -0.000572081713472, 0.000915399461519, 0.000113236834295, 0.000444265024271, 0.000571804412175, -0.00192709267139, 7.63046118664e-05, 0.00154355203267, -0.00620859861374, 0.0148056047037]], "mean": [-54.6315879822, 103.26260376, -127.892631531, 24.2246456146, -40.0395889282, 2.43658924103, -39.3153419495, -6.36168527603, -25.1000957489, -5.24612140656, -18.8419685364, -2.25432014465, -7.15670776367]}, "hfc": {"dmean": 5.98306274414, "dmean2": 8.40126800537, "dvar": 116.502494812, "dvar2": 256.611206055, "max": 145.178863525, "mean": 16.3949298859, "median": 11.9164466858, "min": 1.10027799756e-16, "var": 275.651397705}, "melbands": {"dmean": [0.000564982939977, 0.000908442831133, 0.0009763064445, 0.000539051601663, 0.000278495863313, 0.000254836370004, 0.000131901775603, 6.5408028604e-05, 5.89372684772e-05, 8.21090798127e-05, 8.67254057084e-05, 5.44796021131e-05, 4.74652333651e-05, 3.72479153157e-05, 3.12629745167e-05, 3.20363360515e-05, 4.02835903515e-05, 3.88937805837e-05, 3.33867646987e-05, 2.53941798292e-05, 1.79935195774e-05, 1.33690082293e-05, 1.23917379824e-05, 5.51693210582e-06, 5.55562246518e-06, 4.37973994849e-06, 3.44886757375e-06, 3.26998497258e-06, 2.94596134154e-06, 2.65922153631e-06, 1.94219956029e-06, 1.51874928633e-06, 1.16495095881e-06, 9.12079201498e-07, 6.31684599739e-07, 4.38180762785e-07, 3.11426589406e-07, 3.2693196772e-07, 2.86431401264e-07, 2.15785135538e-07], "dmean2": [0.000904263230041, 0.00150035240222, 0.00156129838433, 0.000907138106413, 0.000438667368144, 0.000421601580456, 0.000215901411138, 9.89060354186e-05, 8.72549426276e-05, 0.000119631091366, 0.000124444166431, 7.85609881859e-05, 7.12157416274e-05, 5.34111677553e-05, 4.6347729949e-05, 4.87414872623e-05, 6.04110646236e-05, 5.87990252825e-05, 5.02582188346e-05, 3.82186735806e-05, 2.69446754828e-05, 2.05072465178e-05, 1.9301476641e-05, 8.52193898027e-06, 8.99994211068e-06, 7.11199527359e-06, 5.67056167711e-06, 5.28127429789e-06, 4.78126139569e-06, 4.40789108325e-06, 3.15242232318e-06, 2.38048983192e-06, 1.77048991645e-06, 1.39635653795e-06, 9.72237103269e-07, 6.71702991895e-07, 4.61998723722e-07, 4.70008558295e-07, 4.1484548774e-07, 3.04766842874e-07], "dvar": [3.33574303113e-06, 5.42888665223e-06, 8.48194304126e-06, 2.65112907982e-06, 3.52933312797e-07, 4.47631890665e-07, 1.38938716532e-07, 5.03086994286e-08, 4.03569728746e-08, 5.99909739663e-08, 7.8519668989e-08, 2.59278500891e-08, 1.47824792407e-08, 1.00809280923e-08, 8.05171485041e-09, 1.03827497711e-08, 1.14607585644e-08, 8.52728909706e-09, 7.39925010151e-09, 3.93417698419e-09, 1.14543974306e-09, 5.67877411761e-10, 5.32825727984e-10, 1.25868829248e-10, 1.63807356568e-10, 1.22841820049e-10, 9.57530443824e-11, 7.78697384352e-11, 8.52900181036e-11, 7.36387756328e-11, 4.53928006294e-11, 2.5614533064e-11, 1.25263922499e-11, 7.68661783529e-12, 3.74845120221e-12, 2.67796830718e-12, 1.19109800148e-12, 1.01504655375e-12, 8.18825096702e-13, 3.99788004351e-13], "dvar2": [7.8766461229e-06, 1.41629043355e-05, 2.05843280128e-05, 7.12498786015e-06, 8.3143976326e-07, 1.17641388897e-06, 3.44747434156e-07, 9.86367894029e-08, 7.9186222024e-08, 1.2099528135e-07, 1.59718993586e-07, 4.93044893801e-08, 3.25832374415e-08, 2.06103845102e-08, 1.66097073873e-08, 2.36060149206e-08, 2.33929284832e-08, 1.9052016853e-08, 1.68458331729e-08, 8.36726332665e-09, 2.34578356739e-09, 1.21749632598e-09, 1.24327392825e-09, 2.94521879107e-10, 4.44666192756e-10, 3.25069998697e-10, 2.5908783452e-10, 2.05484670945e-10, 2.29733523871e-10, 2.0258573985e-10, 1.21685689303e-10, 6.52409862245e-11, 2.98500217599e-11, 1.87141448171e-11, 8.8406920673e-12, 6.21135131176e-12, 2.55978463252e-12, 2.13120103162e-12, 1.73859234301e-12, 8.61716568327e-13], "max": [0.0160324741155, 0.0218988768756, 0.0559750795364, 0.0322405025363, 0.0124522484839, 0.00977079384029, 0.00752198928967, 0.0104609653354, 0.00716709904373, 0.00840899161994, 0.00766846630722, 0.00502756144851, 0.00359613075852, 0.00312871206552, 0.00288363429718, 0.00369992014021, 0.0035228068009, 0.00184888578951, 0.00212082616054, 0.0021424756851, 0.000976211391389, 0.000837552186567, 0.000589189236052, 0.000376701180357, 0.000312982301693, 0.000174246364622, 0.000194018299226, 0.000181647017598, 0.000153381275595, 0.000183275158633, 0.000118206357001, 0.000128454237711, 7.17088987585e-05, 8.42487716e-05, 5.31922050868e-05, 5.48483949387e-05, 3.18974562106e-05, 2.77468789136e-05, 3.71032547264e-05, 1.64926750585e-05], "mean": [0.000528091273736, 0.000971039233264, 0.00122569210362, 0.000766264100093, 0.000496807042509, 0.000373249757104, 0.000187080528121, 0.000108316678961, 0.000107188534457, 0.000141873504617, 0.000169811828528, 0.000114041315101, 9.26302600419e-05, 8.38947380544e-05, 6.04201159149e-05, 5.40743676538e-05, 7.11579050403e-05, 6.46045227768e-05, 5.50106160517e-05, 4.18126983277e-05, 3.06289221044e-05, 2.41608031502e-05, 2.29889319598e-05, 1.00546167232e-05, 9.77044965111e-06, 7.06443370291e-06, 5.18812748851e-06, 4.87829538542e-06, 4.16999091613e-06, 3.55999736712e-06, 2.47747016147e-06, 1.96469045477e-06, 1.63358663485e-06, 1.24882819819e-06, 8.54638869896e-07, 5.71030739138e-07, 4.16101926248e-07, 4.41649035565e-07, 3.83260697845e-07, 2.82257417439e-07], "median": [7.15187561582e-05, 0.000330604496412, 0.000592954922467, 0.000446659687441, 0.000206806333154, 0.000100881865364, 4.39317736891e-05, 3.29240065184e-05, 1.71395950019e-05, 2.6444426112e-05, 3.14269636874e-05, 1.88241792785e-05, 2.0557159587e-05, 1.76007852133e-05, 1.62810938491e-05, 1.1549986084e-05, 2.13069070014e-05, 2.19558878598e-05, 1.52419524966e-05, 1.62652904692e-05, 1.19576288853e-05, 1.04718374132e-05, 9.06083096197e-06, 3.91237108488e-06, 2.81386974166e-06, 1.94510175788e-06, 1.63539039022e-06, 1.34013635034e-06, 9.49639172632e-07, 7.09825769718e-07, 5.33319621354e-07, 3.48511662196e-07, 2.59341675246e-07, 1.95905613509e-07, 1.41145363841e-07, 8.0637676092e-08, 5.60011912398e-08, 5.67354589975e-08, 4.51025314874e-08, 3.11279393372e-08], "min": [1.44465921814e-24, 1.57001394914e-24, 1.32661417089e-24, 1.50944451859e-24, 1.81654550519e-24, 4.10592319292e-24, 2.59629191152e-24, 2.41213213598e-24, 1.56798036434e-24, 2.10304262824e-24, 4.20089336844e-24, 4.40322554101e-24, 4.43732129262e-24, 3.06909175075e-24, 3.91141533724e-24, 5.28170341165e-24, 5.20362235368e-24, 4.30947455002e-24, 3.60762145277e-24, 3.90233554823e-24, 3.05835377611e-24, 2.73140662685e-24, 4.81720515014e-24, 4.00728323647e-24, 5.79394669058e-24, 5.71380828337e-24, 4.69783077366e-24, 4.8686250761e-24, 7.88344674645e-24, 6.08475513569e-24, 6.41453015408e-24, 6.04760846452e-24, 7.26523775427e-24, 5.55659224926e-24, 6.45255916617e-24, 6.64199898496e-24, 6.43079370493e-24, 7.23951378901e-24, 6.63089497886e-24, 5.77266243449e-24], "var": [3.02983198708e-06, 4.4919611355e-06, 8.16750070953e-06, 2.20435890697e-06, 6.60704358779e-07, 5.58265810469e-07, 2.0508772991e-07, 1.15390385247e-07, 1.36145828833e-07, 1.58761054081e-07, 2.42107859094e-07, 1.11115262769e-07, 4.8186393542e-08, 4.53527171373e-08, 2.72969984394e-08, 2.22597549282e-08, 3.5404891463e-08, 1.77981451799e-08, 1.53084354082e-08, 8.76619221657e-09, 2.57636356693e-09, 1.43003575648e-09, 1.49985446285e-09, 2.83516959909e-10, 3.47200795892e-10, 1.98800198525e-10, 1.01799714491e-10, 9.13576714279e-11, 8.28302842981e-11, 6.81453296569e-11, 4.29709323679e-11, 2.71286222653e-11, 1.66653826156e-11, 1.01661968774e-11, 5.47564641198e-12, 3.63722160029e-12, 1.8225880874e-12, 1.78051681472e-12, 1.41855656995e-12, 6.1774251079e-13]}, "melbands_crest": {"dmean": 2.84569382668, "dmean2": 4.539935112, "dvar": 8.4136133194, "dvar2": 19.7824935913, "max": 39.0712051392, "mean": 12.6693239212, "median": 11.9025363922, "min": 1.76406395435, "var": 24.5952033997}, "melbands_flatness_db": {"dmean": 0.0272264238447, "dmean2": 0.0395426154137, "dvar": 0.000951753347181, "dvar2": 0.00197020801716, "max": 0.610625088215, "mean": 0.214349612594, "median": 0.203033417463, "min": 0.00312806176953, "var": 0.0052617508918}, "melbands_kurtosis": {"dmean": 7.17701435089, "dmean2": 11.062456131, "dvar": 377.760467529, "dvar2": 895.228210449, "max": 1200.17468262, "mean": 11.6932859421, "median": 3.26189208031, "min": -1.8419880867, "var": 1166.13781738}, "melbands_skewness": {"dmean": 0.768778979778, "dmean2": 1.12731611729, "dvar": 0.896447658539, "dvar2": 1.98833930492, "max": 24.5341129303, "mean": 2.19433522224, "median": 1.79902112484, "min": -2.3938100338, "var": 3.88654899597}, "melbands_spread": {"dmean": 7.47815275192, "dmean2": 11.3898105621, "dvar": 103.390785217, "dvar2": 223.294250488, "max": 207.957992554, "mean": 26.7413482666, "median": 23.5807571411, "min": 0.27500846982, "var": 344.321716309}, "mfcc": {"cov": [[12425.0283203, -133.820648193, -556.269042969, 147.46635437, -479.212860107, 72.3649368286, -93.1111907959, 43.0585327148, 72.6273651123, -63.7847442627, -87.3384246826, -100.313430786, -59.0843315125], [-133.820648193, 1751.72717285, -432.272399902, -85.9035415649, 14.3235330582, -75.0564346313, 45.5098304749, 22.9174365997, -79.4513168335, -22.3835601807, -20.8877162933, -12.4782409668, -34.0561447144], [-556.269042969, -432.272399902, 1260.56811523, -27.3798217773, 244.805297852, 163.437637329, 31.2016792297, 14.5716714859, -35.7475700378, -23.9059123993, 16.9662685394, -43.7515296936, -4.74307250977], [147.46635437, -85.9035415649, -27.3798217773, 563.80682373, 123.571716309, 61.9827804565, -11.7890148163, -26.212978363, 88.1381759644, -22.1181468964, -40.6525688171, 5.80875587463, -37.7145271301], [-479.212860107, 14.3235330582, 244.805297852, 123.571716309, 448.346862793, 102.193992615, -18.4755382538, 0.975625693798, 56.6219482422, 9.90478992462, 3.51542949677, -6.82079744339, 5.73264503479], [72.3649368286, -75.0564346313, 163.437637329, 61.9827804565, 102.193992615, 193.479446411, 45.0718307495, 0.808117806911, 12.1160755157, 17.8488693237, 10.1666822433, -24.9889812469, -17.2630729675], [-93.1111907959, 45.5098304749, 31.2016792297, -11.7890148163, -18.4755382538, 45.0718307495, 182.639648438, 63.7603263855, -8.96648311615, 4.93286895752, 17.8035964966, -7.79682159424, -9.42393493652], [43.0585327148, 22.9174365997, 14.5716714859, -26.212978363, 0.975625693798, 0.808117806911, 63.7603263855, 143.298339844, 34.358581543, 0.136861622334, 8.20313262939, -2.48924541473, 5.17153739929], [72.6273651123, -79.4513168335, -35.7475700378, 88.1381759644, 56.6219482422, 12.1160755157, -8.96648311615, 34.358581543, 150.899185181, 48.3535957336, -0.624040067196, 7.31243276596, -0.30209851265], [-63.7847442627, -22.3835601807, -23.9059123993, -22.1181468964, 9.90478992462, 17.8488693237, 4.93286895752, 0.136861622334, 48.3535957336, 126.266021729, 47.2314109802, -4.49820423126, -2.85801434517], [-87.3384246826, -20.8877162933, 16.9662685394, -40.6525688171, 3.51542949677, 10.1666822433, 17.8035964966, 8.20313262939, -0.624040067196, 47.2314109802, 95.6900939941, 31.5503692627, 9.95429325104], [-100.313430786, -12.4782409668, -43.7515296936, 5.80875587463, -6.82079744339, -24.9889812469, -7.79682159424, -2.48924541473, 7.31243276596, -4.49820423126, 31.5503692627, 95.885848999, 39.8090057373], [-59.0843315125, -34.0561447144, -4.74307250977, -37.7145271301, 5.73264503479, -17.2630729675, -9.42393493652, 5.17153739929, -0.30209851265, -2.85801434517, 9.95429325104, 39.8090057373, 89.6260223389]], "icov": [[9.08150104806e-05, 3.9872884372e-06, 3.57143508154e-05, -2.40445260715e-05, 0.000128816231154, -0.000136725866469, 0.000106622450403, -6.27901390544e-05, -7.14337511454e-05, 9.32282346184e-05, -2.07976063393e-05, 0.000115926341095, -1.30336848088e-05], [3.9872884372e-06, 0.000704840640537, 0.000306012807414, 0.000115139606351, -0.00034465873614, 0.000199093250558, -0.000212088794797, -0.00018406919844, 0.000541132467333, -6.48137720418e-05, 0.000206690150662, -3.44998770743e-05, 0.00037593752495], [3.57143508154e-05, 0.000306012807414, 0.00115154602099, 0.000201371731237, -0.000576085934881, -0.000615958124399, -1.31252154461e-05, -0.000221184978727, 0.000469707825687, 0.000385925290175, -0.000242764479481, 0.000414437323343, 7.18620722182e-05], [-2.40445260715e-05, 0.000115139606351, 0.000201371731237, 0.00243781041354, -0.000560077663977, -0.000578825885896, -0.000249498523772, 0.000779608497396, -0.00147216650657, 0.000875974074006, 0.000782678136602, -0.000876960053574, 0.00124306115322], [0.000128816231154, -0.00034465873614, -0.000576085934881, -0.000560077663977, 0.00339274597354, -0.00146669498645, 0.000888737442438, -6.9134599471e-05, -0.00127655232791, 0.000356108677806, -0.000450659688795, 0.000399389653467, -0.000834573816974], [-0.000136725866469, 0.000199093250558, -0.000615958124399, -0.000578825885896, -0.00146669498645, 0.00761150661856, -0.00222277129069, 0.000930400274228, 0.000169634164195, -0.00087191851344, -0.000699924654327, 0.00135787762702, 0.00042920888518], [0.000106622450403, -0.000212088794797, -1.31252154461e-05, -0.000249498523772, 0.000888737442438, -0.00222277129069, 0.00768097443506, -0.00368926231749, 0.00115708005615, -0.000143240351463, -0.000978093245067, 0.000139368130476, 0.000465607939987], [-6.27901390544e-05, -0.00018406919844, -0.000221184978727, 0.000779608497396, -6.9134599471e-05, 0.000930400274228, -0.00368926231749, 0.00985601358116, -0.00378059782088, 0.00197592610493, -0.00125797465444, 0.00111269287299, -0.000872215314303], [-7.14337511454e-05, 0.000541132467333, 0.000469707825687, -0.00147216650657, -0.00127655232791, 0.000169634164195, 0.00115708005615, -0.00378059782088, 0.0111820735037, -0.00549348443747, 0.00287737813778, -0.00199418189004, 0.000446722930064], [9.32282346184e-05, -6.48137720418e-05, 0.000385925290175, 0.000875974074006, 0.000356108677806, -0.00087191851344, -0.000143240351463, 0.00197592610493, -0.00549348443747, 0.0133032966405, -0.00747105944902, 0.00367120793089, -0.000289090647129], [-2.07976063393e-05, 0.000206690150662, -0.000242764479481, 0.000782678136602, -0.000450659688795, -0.000699924654327, -0.000978093245067, -0.00125797465444, 0.00287737813778, -0.00747105944902, 0.0171944629401, -0.00726012513041, 0.00133156008087], [0.000115926341095, -3.44998770743e-05, 0.000414437323343, -0.000876960053574, 0.000399389653467, 0.00135787762702, 0.000139368130476, 0.00111269287299, -0.00199418189004, 0.00367120793089, -0.00726012513041, 0.0166548490524, -0.0065781888552], [-1.30336848088e-05, 0.00037593752495, 7.18620722182e-05, 0.00124306115322, -0.000834573816974, 0.00042920888518, 0.000465607939987, -0.000872215314303, 0.000446722930064, -0.000289090647129, 0.00133156008087, -0.0065781888552, 0.0148201677948]], "mean": [-693.59954834, 134.533157349, -20.3233947754, 24.4356937408, 10.4871664047, 8.85408496857, -4.50181055069, -1.73765230179, -2.52671146393, -5.64216661453, -8.31019306183, -7.1265745163, -5.48771238327]}, "pitch_salience": {"dmean": 0.0683585181832, "dmean2": 0.10990986228, "dvar": 0.00455824518576, "dvar2": 0.0112990755588, "max": 0.912188112736, "mean": 0.543660759926, "median": 0.545630931854, "min": 0.0286642815918, "var": 0.0126760182902}, "silence_rate_20dB": {"dmean": 0, "dmean2": 0, "dvar": 0, "dvar2": 0, "max": 1, "mean": 1, "median": 1, "min": 1, "var": 0}, "silence_rate_30dB": {"dmean": 0.0153248663992, "dmean2": 0.0306529495865, "dvar": 0.015089970082, "dvar2": 0.0408451370895, "max": 1, "mean": 0.990239322186, "median": 1, "min": 0, "var": 0.00966414436698}, "silence_rate_60dB": {"dmean": 0.0478639639914, "dmean2": 0.095737978816, "dvar": 0.0455712862313, "dvar2": 0.0976923704147, "max": 1, "mean": 0.132556676865, "median": 0, "min": 0, "var": 0.114989735186}, "spectral_centroid": {"dmean": 235.508209229, "dmean2": 361.450408936, "dvar": 98083.546875, "dvar2": 206911.90625, "max": 11519.5, "mean": 1328.97973633, "median": 1249.11218262, "min": 171.17578125, "var": 644646.6875}, "spectral_complexity": {"dmean": 3.68363595009, "dmean2": 5.35103940964, "dvar": 29.2846412659, "dvar2": 56.3964920044, "max": 66, "mean": 15.9361877441, "median": 15, "min": 0, "var": 100.143920898}, "spectral_contrast_coeffs": {"dmean": [0.0495179146528, 0.0471588373184, 0.0416275784373, 0.0372288674116, 0.0247479304671, 0.0219495631754], "dmean2": [0.0771319419146, 0.0749207809567, 0.0640107765794, 0.0569312237203, 0.0385199561715, 0.0329923667014], "dvar": [0.00237437873147, 0.00176263123285, 0.00138635083567, 0.0010258507682, 0.000517537177075, 0.000590039300732], "dvar2": [0.00512300757691, 0.00423642015085, 0.0030948612839, 0.0022529666312, 0.00111756089609, 0.00123829906806], "max": [-0.222309172153, -0.366241574287, -0.447857439518, -0.46972733736, -0.56257802248, -0.538291871548], "mean": [-0.607102572918, -0.699701011181, -0.730033755302, -0.728776276112, -0.771592855453, -0.754980444908], "median": [-0.603573977947, -0.703864455223, -0.733786761761, -0.726484715939, -0.777794837952, -0.758984446526], "min": [-0.972897946835, -0.979103565216, -0.981897592545, -0.993398487568, -0.985042631626, -0.963698685169], "var": [0.0109869455919, 0.00740836933255, 0.00817487854511, 0.00545393070206, 0.00353646627627, 0.00371906603687]}, "spectral_contrast_valleys": {"dmean": [0.481524199247, 0.474332511425, 0.428650707006, 0.419538795948, 0.402448803186, 0.488242387772], "dmean2": [0.716034591198, 0.72608935833, 0.646410882473, 0.601129293442, 0.540670990944, 0.555875897408], "dvar": [0.277267843485, 0.283663630486, 0.230273574591, 0.230113372207, 0.28986826539, 0.426793843508], "dvar2": [0.473187953234, 0.591280162334, 0.458785533905, 0.389991819859, 0.493412971497, 0.711941123009], "max": [-4.98724985123, -4.73457622528, -5.49054288864, -5.79118108749, -5.34653759003, -7.8016076088], "mean": [-7.93448400497, -7.63696861267, -8.07226276398, -8.23432445526, -8.22774791718, -11.1543827057], "median": [-7.73260545731, -7.45317792892, -7.8849864006, -8.00859260559, -7.98204994202, -10.9257164001], "min": [-27.9105186462, -27.9585437775, -27.5403079987, -27.5830821991, -27.4208087921, -27.3682842255], "var": [2.7794072628, 2.69885134697, 2.73715996742, 2.63543868065, 2.76440143585, 3.04975318909]}, "spectral_decrease": {"dmean": 2.58243204598e-09, "dmean2": 3.89283671964e-09, "dvar": 2.86498107974e-17, "dvar2": 6.67286732495e-17, "max": 6.59335014594e-29, "mean": -5.18065634836e-09, "median": -3.4253826442e-09, "min": -6.42481268187e-08, "var": 3.75461680639e-17}, "spectral_energy": {"dmean": 0.010219052434, "dmean2": 0.0153250526637, "dvar": 0.000441513431724, "dvar2": 0.00102462829091, "max": 0.253469586372, "mean": 0.0210400950164, "median": 0.0141547527164, "min": 1.03193019004e-20, "var": 0.000595089513808}, "spectral_energyband_high": {"dmean": 0.000305328256218, "dmean2": 0.000436999835074, "dvar": 6.23589357929e-07, "dvar2": 1.49793845594e-06, "max": 0.0124506969005, "mean": 0.000481203955133, "median": 0.000142503413372, "min": 7.45474716637e-21, "var": 8.63159016262e-07}, "spectral_energyband_low": {"dmean": 0.00504681793973, "dmean2": 0.00781166693196, "dvar": 0.00013895923621, "dvar2": 0.000322607520502, "max": 0.12550316751, "mean": 0.00573476590216, "median": 0.0018384748837, "min": 1.61434388911e-23, "var": 0.000143900717376}, "spectral_energyband_middle_high": {"dmean": 0.00188306439668, "dmean2": 0.00264269695617, "dvar": 7.90031845099e-06, "dvar2": 1.53284854605e-05, "max": 0.0658176764846, "mean": 0.00582524063066, "median": 0.00367742031813, "min": 1.3142015755e-21, "var": 4.46296653536e-05}, "spectral_energyband_middle_low": {"dmean": 0.0058595337905, "dmean2": 0.00926443841308, "dvar": 0.000223989307415, "dvar2": 0.000559913984034, "max": 0.223605915904, "mean": 0.0106342267245, "median": 0.00648039579391, "min": 1.66698047523e-22, "var": 0.000236498643062}, "spectral_entropy": {"dmean": 0.208547532558, "dmean2": 0.283549278975, "dvar": 0.0639637112617, "dvar2": 0.110610209405, "max": 9.81670761108, "mean": 7.28539085388, "median": 7.34784650803, "min": 4.43752622604, "var": 0.324315875769}, "spectral_flux": {"dmean": 0.0294194072485, "dmean2": 0.0443958714604, "dvar": 0.00184900080785, "dvar2": 0.00399359455332, "max": 0.458588898182, "mean": 0.0726272761822, "median": 0.0558578744531, "min": 6.51495524195e-11, "var": 0.00367748877034}, "spectral_kurtosis": {"dmean": 3.10815739632, "dmean2": 5.00665712357, "dvar": 22.654920578, "dvar2": 52.9689826965, "max": 132.554229736, "mean": 7.40890645981, "median": 5.74392127991, "min": -1.25956225395, "var": 52.6118431091}, "spectral_rms": {"dmean": 0.00091010692995, "dmean2": 0.00129300379194, "dvar": 2.06064851227e-06, "dvar2": 4.27468603448e-06, "max": 0.0157253742218, "mean": 0.00393581856042, "median": 0.00371611560695, "min": 3.172949967e-12, "var": 5.0361832109e-06}, "spectral_rolloff": {"dmean": 432.897491455, "dmean2": 726.764648438, "dvar": 666077.25, "dvar2": 1463892.75, "max": 19509.0820312, "mean": 1593.2578125, "median": 1550.390625, "min": 21.533203125, "var": 2150992.25}, "spectral_skewness": {"dmean": 0.337431132793, "dmean2": 0.525175154209, "dvar": 0.17234236002, "dvar2": 0.399309009314, "max": 9.54986953735, "mean": 1.78593146801, "median": 1.67594492435, "min": -0.0572594702244, "var": 0.619659721851}, "spectral_spread": {"dmean": 663748.9375, "dmean2": 843256.4