{"lowlevel": {"average_loudness": 0.796508789063, "barkbands": {"dmean": [1.08809736048e-05, 0.00160122220404, 0.00118365744129, 0.00109417119529, 0.000770410173573, 0.000602789106779, 0.000504772178829, 0.000454653782072, 0.000482416216983, 0.00049509917153, 0.000605591980275, 0.000427447637776, 0.000524866511114, 0.000631993985735, 0.000408593536122, 0.000297640421195, 0.000478123954963, 0.000249789416557, 0.0003344558354, 0.000245659495704, 0.00012791158224, 0.000180692732101, 0.00010852090054, 0.000128938336275, 6.84385449858e-05, 1.66842928593e-05, 6.66230675961e-07], "dmean2": [1.74498036358e-05, 0.00252718478441, 0.00204767845571, 0.00182768527884, 0.00130750262178, 0.00097394612385, 0.000804300769232, 0.000675550894812, 0.000725851219613, 0.000759364280384, 0.000947971711867, 0.000667152169626, 0.000819532957394, 0.00101553811692, 0.00063421705272, 0.000468331301818, 0.000764925323892, 0.000393302267184, 0.000553361896891, 0.000383244012482, 0.000192913314095, 0.000257981824689, 0.000150238513015, 0.000181668205187, 9.46967265918e-05, 2.41952675424e-05, 9.88243755273e-07], "dvar": [1.14728626599e-09, 2.30105233641e-05, 1.24687958305e-05, 1.03558722913e-05, 3.6223771076e-06, 2.326982667e-06, 1.70598605109e-06, 1.2871008721e-06, 1.72583054336e-06, 7.80429616043e-07, 1.13518058242e-06, 1.17127638077e-06, 1.56260614403e-06, 2.5640149488e-06, 1.11239967282e-06, 5.15379895205e-07, 7.61552769291e-07, 2.6030141953e-07, 2.96438912528e-07, 2.51488472713e-07, 7.01168474393e-08, 1.14436517151e-07, 5.67859288481e-08, 8.31663911072e-08, 2.70530229329e-08, 1.41369826956e-09, 4.17511598211e-12], "dvar2": [2.5710040763e-09, 5.58648534934e-05, 3.46011038346e-05, 2.68511557806e-05, 9.86500435829e-06, 6.0177881096e-06, 4.41703787146e-06, 2.98443819702e-06, 3.86830197385e-06, 1.86525085155e-06, 2.71627413895e-06, 2.68268104264e-06, 3.75614467885e-06, 6.56195607007e-06, 2.565783916e-06, 1.21829611999e-06, 1.93379059965e-06, 6.01504211772e-07, 7.43052851249e-07, 5.92566266278e-07, 1.59895492402e-07, 2.42152395913e-07, 1.13583389805e-07, 1.56260242079e-07, 5.02360109067e-08, 2.89431945077e-09, 9.03129741131e-12], "max": [0.000458310561953, 0.0611362010241, 0.0591308958828, 0.0455672740936, 0.0317356064916, 0.0218658410013, 0.0320861078799, 0.0319331325591, 0.0276159066707, 0.0194730833173, 0.019733203575, 0.0313923172653, 0.0304174404591, 0.0366809256375, 0.0200760886073, 0.0184013657272, 0.0205367207527, 0.012884513475, 0.00806105881929, 0.0170271228999, 0.00585079099983, 0.00834611523896, 0.00899082887918, 0.00751734757796, 0.00509054167196, 0.00114456017036, 0.000104155784356], "mean": [1.07393761937e-05, 0.00177296937909, 0.00110279920045, 0.001017954899, 0.00106059818063, 0.000788752629887, 0.000729911320377, 0.000740550924093, 0.000764112046454, 0.00086649536388, 0.000962347956374, 0.00064207566902, 0.000796505715698, 0.000985822291113, 0.000593744625803, 0.000462261901703, 0.000786636257544, 0.000428856525104, 0.000581919564866, 0.00044953826, 0.000245575298322, 0.000405543250963, 0.000237610438489, 0.000272888573818, 0.000134172267281, 3.07363698084e-05, 1.22035567074e-06], "median": [1.21426455735e-06, 0.000479508860735, 0.000293775869068, 0.000225271331146, 0.000558161176741, 0.00029337964952, 0.000240783643676, 0.000251606659731, 0.000210901722312, 0.000406638573622, 0.00045336902258, 0.000268420670182, 0.00027389623574, 0.000230605553952, 0.000169149308931, 0.000190026301425, 0.000366783002391, 0.000168083672179, 0.000319754122756, 0.000232902239077, 0.000115575632663, 0.000207644188777, 8.60428117448e-05, 9.97747338261e-05, 4.42632590421e-05, 9.80044569587e-06, 4.78919844227e-07], "min": [2.90551166018e-23, 7.76660824223e-23, 1.68505674956e-23, 7.63632186839e-24, 3.20104230556e-23, 4.29980122205e-23, 2.41126442842e-23, 2.09755262177e-22, 8.07735948546e-23, 4.83270137599e-23, 1.04378439908e-22, 5.5729040784e-23, 1.54375409095e-22, 6.84604921769e-23, 2.18143112897e-22, 1.60856109691e-22, 1.89405238286e-22, 1.40836561721e-22, 3.01638650217e-22, 3.7378602583e-22, 4.72972170638e-22, 8.26220499412e-22, 6.93536972918e-22, 7.82451214729e-22, 1.1629218333e-21, 1.87143858061e-21, 2.19130282075e-21], "var": [1.16040432818e-09, 2.22992621275e-05, 8.55564030644e-06, 8.52206540003e-06, 3.0825099202e-06, 2.24370273827e-06, 2.16105217987e-06, 2.27889859161e-06, 2.99029420603e-06, 1.63844003964e-06, 2.34404046751e-06, 1.92552693079e-06, 2.50927746492e-06, 5.02211787534e-06, 1.92178117686e-06, 9.18993976029e-07, 1.31764227262e-06, 5.31134446646e-07, 5.69859594179e-07, 4.32795474126e-07, 1.35608658525e-07, 3.06267338601e-07, 1.95176667717e-07, 3.11245543116e-07, 8.38382305801e-08, 3.50881235178e-09, 8.15952427152e-12]}, "barkbands_crest": {"dmean": 2.18094348907, "dmean2": 3.51385259628, "dvar": 4.54670238495, "dvar2": 11.046216011, "max": 24.7569503784, "mean": 7.10270881653, "median": 6.28771305084, "min": 1.98060286045, "var": 10.7026500702}, "barkbands_flatness_db": {"dmean": 0.0138314096257, "dmean2": 0.0215954910964, "dvar": 0.00016873239656, "dvar2": 0.000402699428378, "max": 0.245817214251, "mean": 0.0852576121688, "median": 0.0821321606636, "min": 0.024015635252, "var": 0.000626632885542}, "barkbands_kurtosis": {"dmean": 0.774985849857, "dmean2": 1.26060032845, "dvar": 2.2889790535, "dvar2": 5.62579727173, "max": 50.5304527283, "mean": -0.0902358740568, "median": -0.527950286865, "min": -1.92317736149, "var": 3.49565148354}, "barkbands_skewness": {"dmean": 0.349283307791, "dmean2": 0.534191131592, "dvar": 0.133053049445, "dvar2": 0.304821550846, "max": 6.84781646729, "mean": 0.438847124577, "median": 0.388917088509, "min": -3.22537350655, "var": 0.504158973694}, "barkbands_spread": {"dmean": 6.16810512543, "dmean2": 9.40375614166, "dvar": 34.4289894104, "dvar2": 74.5330505371, "max": 144.865188599, "mean": 34.6523399353, "median": 32.3817062378, "min": 5.76492547989, "var": 240.125808716}, "dissonance": {"dmean": 0.0136589948088, "dmean2": 0.0231154449284, "dvar": 0.000177123496542, "dvar2": 0.000485132535687, "max": 0.500000178814, "mean": 0.472937971354, "median": 0.477545917034, "min": 0.340658992529, "var": 0.000377677992219}, "dynamic_complexity": 4.02520608902, "erbbands": {"dmean": [0.0341176651418, 0.407087862492, 1.20728182793, 2.9035794735, 2.78547978401, 2.48693132401, 3.66316485405, 5.22936630249, 7.81281471252, 8.12965583801, 9.1499004364, 11.0113143921, 16.7828350067, 11.3265104294, 27.6475467682, 18.0196762085, 22.9319400787, 31.8672199249, 20.9778079987, 19.0638790131, 16.6584358215, 22.0602169037, 15.2634897232, 20.2751235962, 11.2279825211, 12.3841133118, 5.74700498581, 5.43675661087, 6.51683807373, 5.23377084732, 2.76852250099, 2.6278181076, 2.14072465897, 0.927032291889, 0.429836511612, 0.128240600228, 0.0198552627116, 0.00201667519286, 0.000114797745482, 1.27898993014e-05], "dmean2": [0.0527366548777, 0.655071675777, 2.06632399559, 4.79998493195, 4.80753660202, 4.21173048019, 6.0877828598, 8.46448516846, 12.4134492874, 12.2921466827, 13.9362163544, 16.2832889557, 25.5075721741, 17.0779342651, 44.2552604675, 27.3842811584, 35.1381416321, 50.6234970093, 32.3451919556, 29.1763401031, 26.3087081909, 34.6479873657, 23.8573303223, 34.4969825745, 17.4884052277, 19.3620109558, 8.75709819794, 8.14964389801, 9.42511940002, 7.41814661026, 3.81212615967, 3.73378038406, 3.03798246384, 1.28426265717, 0.61195909977, 0.185313567519, 0.0287970677018, 0.00291593419388, 0.000164520766702, 1.73522967089e-05], "dvar": [0.0104743940756, 1.52061080933, 13.7495479584, 62.4296112061, 63.1643867493, 35.2549362183, 94.6572036743, 180.95880127, 407.950744629, 295.460205078, 821.867858887, 878.328674316, 988.978637695, 620.322387695, 2351.8762207, 2246.94213867, 2806.03369141, 6446.30224609, 2311.89428711, 3182.32666016, 1240.53051758, 1762.37390137, 917.380004883, 1251.28796387, 364.324890137, 726.067016602, 147.104995728, 117.114898682, 149.720184326, 105.286819458, 39.7350654602, 41.7038841248, 21.8847961426, 5.22797346115, 1.04518008232, 0.0846560820937, 0.00212299264967, 3.16730620398e-05, 9.28281735924e-08, 4.38316216655e-10], "dvar2": [0.0236646495759, 3.77317428589, 37.7236251831, 157.25491333, 172.505905151, 95.5046234131, 255.446640015, 468.71472168, 1047.61669922, 713.277832031, 1836.83093262, 1915.99780273, 2364.74707031, 1327.8425293, 6013.13916016, 4947.17773438, 6600.53955078, 16064.5283203, 5340.73535156, 7223.79589844, 2971.91870117, 4268.38134766, 2078.21289063, 3382.31176758, 858.52331543, 1700.57714844, 339.55581665, 267.931152344, 324.31463623, 215.274627686, 74.1974716187, 84.0561065674, 41.8629760742, 9.82876968384, 1.97600579262, 0.170798063278, 0.00433356454596, 6.43508828944e-05, 1.95237774392e-07, 9.16714315569e-10], "max": [1.22728359699, 16.344499588, 64.6842956543, 111.112480164, 122.841339111, 92.396774292, 175.628982544, 186.028106689, 518.264648438, 364.097259521, 813.250610352, 878.817016602, 723.975463867, 595.957702637, 1257.94140625, 1605.09558105, 1556.64672852, 2026.60144043, 1031.48120117, 1526.82727051, 824.055541992, 1364.09020996, 713.915405273, 549.308349609, 335.57144165, 1098.23095703, 264.769989014, 180.525665283, 280.881622314, 349.911071777, 312.523681641, 198.516906738, 120.050674438, 58.4566307068, 39.4880485535, 9.15969848633, 1.74221014977, 0.247057631612, 0.013707652688, 0.000485764350742], "mean": [0.0368833579123, 0.449190706015, 1.18191790581, 2.8008415699, 3.10372138023, 3.38929533958, 4.69652414322, 6.68064832687, 11.3831777573, 13.8672876358, 14.7170639038, 18.5846614838, 28.7330665588, 21.6057910919, 43.2284164429, 30.1082611084, 37.2045783997, 51.9248847961, 34.1992988586, 31.1452465057, 29.333234787, 38.5232315063, 28.1907539368, 32.7823181152, 21.3870811462, 22.6225700378, 11.0606040955, 10.953327179, 14.4389772415, 11.6048622131, 6.14000320435, 5.31151199341, 4.56738710403, 1.86307477951, 0.796376049519, 0.238979905844, 0.0365944392979, 0.00365373911336, 0.000236501276959, 3.4354190575e-05], "median": [0.00874430313706, 0.124338455498, 0.320602834225, 0.699903726578, 1.22600769997, 1.6624352932, 2.01621246338, 2.41396474838, 3.84495735168, 5.32227754593, 4.49516677856, 6.25097560883, 13.0391311646, 9.43411540985, 23.0136318207, 13.326004982, 13.8126754761, 15.814207077, 10.8525276184, 10.3656520844, 13.0704154968, 18.5641326904, 13.864200592, 16.774394989, 12.2466363907, 11.7160587311, 5.0819234848, 5.74914932251, 7.55627346039, 5.08055305481, 2.17976665497, 1.75240755081, 1.70480847359, 0.590282559395, 0.254921197891, 0.0741761401296, 0.0123791405931, 0.00137361011002, 0.000105646293378, 2.42390797212e-05], "min": [3.14408563944e-21, 1.37242543749e-20, 2.50093017574e-20, 1.63557243142e-20, 5.37580253389e-20, 1.27747550755e-19, 2.25356724192e-19, 3.0772566353e-19, 3.76736437307e-19, 2.08572164569e-18, 4.13560693211e-18, 2.13470790195e-18, 1.61690772774e-18, 1.94915412655e-18, 4.14298910548e-18, 2.33924175009e-18, 5.96487963364e-18, 5.79430713312e-18, 1.04699525766e-17, 8.52847034344e-18, 9.17340238753e-18, 1.0641639703e-17, 6.92360098874e-18, 1.37605341288e-17, 1.39895531435e-17, 1.51798908603e-17, 1.77810628669e-17, 2.60701885001e-17, 2.85713146659e-17, 2.01725032292e-17, 1.86572307697e-17, 1.40512823239e-17, 1.51032327243e-17, 1.41722459079e-17, 8.28836297267e-18, 7.10803910428e-18, 3.53960551638e-18, 1.07401895876e-18, 3.10745208808e-19, 3.32011395509e-20], "var": [0.0111053446308, 1.40709900856, 9.72334957123, 55.1230545044, 48.1051864624, 31.5011959076, 82.1265029907, 171.437744141, 507.446533203, 569.529602051, 1359.82104492, 1592.99035645, 2003.85705566, 1757.6496582, 3867.9465332, 4004.40917969, 4768.984375, 12589.6171875, 4412.6640625, 5663.03857422, 2477.75024414, 3119.87255859, 1860.69445801, 2280.8371582, 701.328674316, 1189.48364258, 281.629394531, 232.542892456, 375.396575928, 326.875488281, 146.643676758, 141.478881836, 79.9479827881, 16.5758323669, 2.94086194038, 0.219614252448, 0.00508722476661, 6.79373333696e-05, 2.05364614203e-07, 1.14587084266e-09]}, "erbbands_crest": {"dmean": 2.71056413651, "dmean2": 4.38590049744, "dvar": 6.35355949402, "dvar2": 15.622590065, "max": 31.0209560394, "mean": 8.46277999878, "median": 7.49132823944, "min": 2.37575626373, "var": 15.3557767868}, "erbbands_flatness_db": {"dmean": 0.0150249162689, "dmean2": 0.0221111811697, "dvar": 0.000174339642399, "dvar2": 0.000362723745639, "max": 0.257896780968, "mean": 0.14700371027, "median": 0.14688847959, "min": 0.0225729309022, "var": 0.000820248271339}, "erbbands_kurtosis": {"dmean": 0.650012671947, "dmean2": 1.02759230137, "dvar": 0.589039206505, "dvar2": 1.37266898155, "max": 15.9432516098, "mean": 0.119135566056, "median": -0.189178675413, "min": -1.6747585535, "var": 1.56746733189}, "erbbands_skewness": {"dmean": 0.304414212704, "dmean2": 0.467842012644, "dvar": 0.066901512444, "dvar2": 0.151238501072, "max": 2.8397424221, "mean": 0.0343156978488, "median": 0.0184488818049, "min": -2.77585196495, "var": 0.363036632538}, "erbbands_spread": {"dmean": 6.94845533371, "dmean2": 10.5244092941, "dvar": 47.0006561279, "dvar2": 102.397514343, "max": 137.630889893, "mean": 35.7814178467, "median": 33.8899688721, "min": 6.51938724518, "var": 168.623916626}, "gfcc": {"cov": [[20946.0664063, 1734.26708984, -1402.5949707, 493.481567383, -814.681945801, 400.093200684, -648.572143555, 103.719566345, -323.218170166, -25.85389328, -213.65222168, -107.717689514, -206.393981934], [1734.26708984, 1075.05224609, -277.256347656, 142.576034546, 102.865127563, -206.324447632, 155.082885742, -37.4681777954, 23.6688022614, -32.604724884, 32.1469688416, -16.5991516113, 22.2850551605], [-1402.5949707, -277.256347656, 485.874755859, 2.02619361877, 33.9016876221, 103.378738403, -3.83395504951, 37.6775436401, -26.030538559, 9.74839496613, -1.65800845623, 7.51194047928, -3.22217082977], [493.481567383, 142.576034546, 2.02619361877, 251.922393799, 54.3394546509, -10.2828445435, -8.37591743469, -29.7755718231, 31.6445102692, -29.3899269104, -3.64999079704, -15.8589572906, 29.3646087646], [-814.681945801, 102.865127563, 33.9016876221, 54.3394546509, 245.111785889, -13.2556505203, 69.3586349487, -2.18682336807, 33.4142494202, 0.728422164917, -1.24305307865, -0.794917941093, 19.328660965], [400.093200684, -206.324447632, 103.378738403, -10.2828445435, -13.2556505203, 228.367553711, -15.2292585373, 37.784072876, -25.8466453552, 1.26510465145, -6.84583330154, -5.93256139755, -17.0636520386], [-648.572143555, 155.082885742, -3.83395504951, -8.37591743469, 69.3586349487, -15.2292585373, 209.659591675, 13.2752504349, 16.5534687042, -3.00197696686, 14.2961206436, 17.221818924, -9.13159656525], [103.719566345, -37.4681777954, 37.6775436401, -29.7755718231, -2.18682336807, 37.784072876, 13.2752504349, 122.565917969, 30.4992008209, 13.6444320679, 9.12439537048, -5.28046131134, -0.553133308887], [-323.218170166, 23.6688022614, -26.030538559, 31.6445102692, 33.4142494202, -25.8466453552, 16.5534687042, 30.4992008209, 120.979019165, 23.626209259, 17.3066005707, 4.16008424759, 22.7093887329], [-25.85389328, -32.604724884, 9.74839496613, -29.3899269104, 0.728422164917, 1.26510465145, -3.00197696686, 13.6444320679, 23.626209259, 76.6745834351, 24.2064342499, 6.98898124695, -1.69329857826], [-213.65222168, 32.1469688416, -1.65800845623, -3.64999079704, -1.24305307865, -6.84583330154, 14.2961206436, 9.12439537048, 17.3066005707, 24.2064342499, 89.4326019287, 23.7188606262, 21.4105300903], [-107.717689514, -16.5991516113, 7.51194047928, -15.8589572906, -0.794917941093, -5.93256139755, 17.221818924, -5.28046131134, 4.16008424759, 6.98898124695, 23.7188606262, 76.1098937988, 27.0037021637], [-206.393981934, 22.2850551605, -3.22217082977, 29.3646087646, 19.328660965, -17.0636520386, -9.13159656525, -0.553133308887, 22.7093887329, -1.69329857826, 21.4105300903, 27.0037021637, 83.7758712769]], "icov": [[0.00031772852526, -0.000835412356537, 0.000823941314593, -0.000824178219773, 0.000873938261066, -0.00126539962366, 0.00122427241877, -0.000934659154154, 0.000883206259459, -0.000924695166759, 0.00100390962325, -0.000974497525021, 0.000792914943304], [-0.000835412356537, 0.00387373939157, -0.00138966622762, 0.00122609571554, -0.00261350860819, 0.00447413278744, -0.00433916272596, 0.00214197929017, -0.00161215709522, 0.00260991207324, -0.00328785413876, 0.00316272163764, -0.00220576860011], [0.000823941314593, -0.00138966622762, 0.00489718466997, -0.00278016272932, 0.00163574330509, -0.00367126124911, 0.00279492326081, -0.00326238945127, 0.00337067735381, -0.00277389166877, 0.00241193082184, -0.00272236159071, 0.0020116660744], [-0.000824178219773, 0.00122609571554, -0.00278016272932, 0.00777128105983, -0.00293088587932, 0.00236855284311, -0.00219050981104, 0.00423241360113, -0.00450850278139, 0.00451407162473, -0.00261256936938, 0.00382257020101, -0.00349075882696], [0.000873938261066, -0.00261350860819, 0.00163574330509, -0.00293088587932, 0.0075592296198, -0.00357198319398, 0.00173665909097, -0.00205822009593, 0.00137162429746, -0.00307107111439, 0.00359231163748, -0.00209577567875, 0.000966188730672], [-0.00126539962366, 0.00447413278744, -0.00367126124911, 0.00236855284311, -0.00357198319398, 0.0111310482025, -0.00527507113293, 0.00174829585012, -0.00180822284892, 0.00366520229727, -0.00429686997086, 0.00414803111926, -0.00242584198713], [0.00122427241877, -0.00433916272596, 0.00279492326081, -0.00219050981104, 0.00173665909097, -0.00527507113293, 0.0112945511937, -0.00412192475051, 0.00244620046578, -0.0024995659478, 0.00322258309461, -0.00591403013095, 0.00514357443899], [-0.000934659154154, 0.00214197929017, -0.00326238945127, 0.00423241360113, -0.00205822009593, 0.00174829585012, -0.00412192475051, 0.0131922671571, -0.00618350598961, 0.00265453383327, -0.00350985163823, 0.00450602453202, -0.00283826352097], [0.000883206259459, -0.00161215709522, 0.00337067735381, -0.00450850278139, 0.00137162429746, -0.00180822284892, 0.00244620046578, -0.00618350598961, 0.0142680909485, -0.00621106196195, 0.00223160767928, -0.00241263606586, 6.98416042724e-05], [-0.000924695166759, 0.00260991207324, -0.00277389166877, 0.00451407162473, -0.00307107111439, 0.00366520229727, -0.0024995659478, 0.00265453383327, -0.00621106196195, 0.0192914810032, -0.00723130442202, 0.00241229124367, -0.000317034340696], [0.00100390962325, -0.00328785413876, 0.00241193082184, -0.00261256936938, 0.00359231163748, -0.00429686997086, 0.00322258309461, -0.00350985163823, 0.00223160767928, -0.00723130442202, 0.0174849014729, -0.00616645812988, -0.000251579825999], [-0.000974497525021, 0.00316272163764, -0.00272236159071, 0.00382257020101, -0.00209577567875, 0.00414803111926, -0.00591403013095, 0.00450602453202, -0.00241263606586, 0.00241229124367, -0.00616645812988, 0.0202116649598, -0.0082093263045], [0.000792914943304, -0.00220576860011, 0.0020116660744, -0.00349075882696, 0.000966188730672, -0.00242584198713, 0.00514357443899, -0.00283826352097, 6.98416042724e-05, -0.000317034340696, -0.000251579825999, -0.0082093263045, 0.0182877387851]], "mean": [-11.5217952728, 57.8215789795, -135.823348999, 35.5395393372, -63.0674858093, 21.3630390167, -35.8811035156, 10.713432312, -26.6494483948, 0.738472104073, -14.3777294159, 1.83835542202, -12.7206010818]}, "hfc": {"dmean": 8.44985675812, "dmean2": 11.4450969696, "dvar": 164.475753784, "dvar2": 323.07434082, "max": 206.523452759, "mean": 25.6417942047, "median": 18.9901180267, "min": 1.1638199608e-16, "var": 586.417053223}, "melbands": {"dmean": [0.000384694576496, 0.000583313114475, 0.000483858399093, 0.000178626069101, 0.000124707948999, 0.000121171913634, 0.000113474699901, 9.15789132705e-05, 7.88578690845e-05, 6.91334789735e-05, 8.37463958305e-05, 4.48980063084e-05, 8.19261331344e-05, 5.76782913413e-05, 5.38795829925e-05, 4.755570626e-05, 6.78787910147e-05, 3.67341490346e-05, 2.88378378173e-05, 2.59494518104e-05, 2.20597612497e-05, 2.66730930889e-05, 2.27900691243e-05, 8.67110338731e-06, 2.00755275728e-05, 8.05298441264e-06, 8.62246088218e-06, 8.79413801158e-06, 4.10159236708e-06, 3.11896815219e-06, 3.61348406841e-06, 4.05696391681e-06, 3.64955258192e-06, 2.81286429527e-06, 1.70258761045e-06, 1.51194956288e-06, 1.79106780251e-06, 1.69160534824e-06, 1.18618822853e-06, 7.11094287453e-07], "dmean2": [0.000597948150244, 0.000967485189904, 0.000800326291937, 0.000306580215693, 0.000206005162909, 0.000194791515241, 0.000179620852578, 0.000137616530992, 0.000119194650324, 0.00010264897719, 0.000127750783577, 6.80200828356e-05, 0.000129819003632, 9.01909443201e-05, 8.25924653327e-05, 7.32594926376e-05, 0.000108015934529, 5.70281154069e-05, 4.46539997938e-05, 4.02319201385e-05, 3.55776683136e-05, 4.22140947194e-05, 3.66788954125e-05, 1.35482523547e-05, 3.450233271e-05, 1.29209929582e-05, 1.35144628075e-05, 1.3899667465e-05, 6.43034536552e-06, 4.81088454762e-06, 5.55901488042e-06, 6.03169610258e-06, 5.2840018725e-06, 4.06118670071e-06, 2.40122062678e-06, 2.16556054511e-06, 2.59994044427e-06, 2.44102830038e-06, 1.71465705989e-06, 1.00941815617e-06], "dvar": [1.31602655529e-06, 2.94148571811e-06, 1.71266242432e-06, 2.22212207746e-07, 9.70287956648e-08, 9.19294578239e-08, 8.47555696737e-08, 3.69509471909e-08, 6.33595007571e-08, 3.50617987976e-08, 2.50544793801e-08, 9.90241044718e-09, 2.09095478709e-08, 1.6054396923e-08, 1.41498581741e-08, 1.58280464291e-08, 2.97313285103e-08, 7.81956099871e-09, 6.50772369326e-09, 4.43893233282e-09, 2.1228012681e-09, 3.09990300096e-09, 1.96765626015e-09, 2.7254648538e-10, 1.28663035781e-09, 1.87938192786e-10, 2.66072580635e-10, 4.43100445224e-10, 7.9737431935e-11, 4.71524312651e-11, 5.04663602574e-11, 5.97178556605e-11, 4.76516014147e-11, 3.33032629252e-11, 1.44220061241e-11, 1.61013112565e-11, 1.93640242729e-11, 1.24196460408e-11, 8.86796018562e-12, 3.17126186422e-12], "dvar2": [3.08812786898e-06, 7.68125937611e-06, 4.39549194198e-06, 6.01884096341e-07, 2.61919780087e-07, 2.36291796796e-07, 2.17044885176e-07, 8.8118085273e-08, 1.4075047261e-07, 7.63259606629e-08, 6.00090217517e-08, 2.15679918369e-08, 5.19085467943e-08, 3.86209642045e-08, 3.30430012241e-08, 3.7521534324e-08, 7.48863655531e-08, 1.85176514123e-08, 1.52597898762e-08, 9.97751659071e-09, 5.36154498576e-09, 7.68602070877e-09, 4.865615022e-09, 6.28745722153e-10, 3.53698581534e-09, 4.6931786235e-10, 6.25626606077e-10, 1.0603873335e-09, 1.9178289512e-10, 1.12678984199e-10, 1.19797602394e-10, 1.3553537459e-10, 9.95059937225e-11, 7.18246573328e-11, 2.85349816692e-11, 3.30479116295e-11, 4.06918422569e-11, 2.41191511208e-11, 1.8372017449e-11, 6.11748629184e-12], "max": [0.013849761337, 0.0278326030821, 0.0172619856894, 0.00733942491934, 0.00572375860065, 0.00417862553149, 0.00733705051243, 0.00382765685208, 0.00795611087233, 0.00525416946039, 0.00359373632818, 0.00223329174332, 0.00319641153328, 0.00376947410405, 0.00248941639438, 0.00297471694648, 0.00364016508684, 0.00163640128449, 0.00191892590374, 0.00183596799616, 0.00100317201577, 0.00178212462924, 0.000989550491795, 0.000510833458975, 0.000569635361899, 0.000278436404187, 0.000295479519991, 0.00100221461616, 0.00022141871159, 0.000193412386579, 0.000115546565212, 0.000178958900506, 0.00018819035904, 0.000157878370374, 0.000164361801581, 0.000182427145774, 0.000139877738548, 8.35535756778e-05, 7.96349486336e-05, 4.89138146804e-05], "mean": [0.000426465558121, 0.000635239237454, 0.00048923533177, 0.000224761082791, 0.000168914542883, 0.000157672096975, 0.000167220001458, 0.000154890498379, 0.000125143516925, 0.000114366208436, 0.000140293457662, 7.92053979239e-05, 0.000129964915686, 8.98142316146e-05, 8.51713848533e-05, 7.04660997144e-05, 0.00010581924289, 5.65656591789e-05, 4.20515243604e-05, 4.03945414291e-05, 3.50127229467e-05, 4.21601434937e-05, 3.74400115106e-05, 1.53009768837e-05, 2.98910799756e-05, 1.42556336868e-05, 1.52116817844e-05, 1.51010581249e-05, 7.11656412022e-06, 5.43767282579e-06, 6.72609667163e-06, 8.34533511807e-06, 7.7190443335e-06, 5.85283396504e-06, 3.51737435267e-06, 3.01096838484e-06, 3.35461072609e-06, 3.47981267623e-06, 2.35840616369e-06, 1.30328396608e-06], "median": [0.000110576416773, 0.000182530522579, 0.000144996869494, 0.000111863053462, 7.74502841523e-05, 5.64845468034e-05, 5.65946138522e-05, 5.77138125664e-05, 3.02987937175e-05, 3.86821593565e-05, 6.00832718192e-05, 2.98459708574e-05, 6.40782382106e-05, 4.63384276372e-05, 3.0383336707e-05, 2.29937922995e-05, 2.77046365227e-05, 1.53254331963e-05, 1.20846016216e-05, 1.5269175492e-05, 1.42726812555e-05, 1.8089547666e-05, 1.59258888743e-05, 7.07561775926e-06, 1.41226764754e-05, 7.84839176049e-06, 7.65614458942e-06, 7.2899533734e-06, 3.09884308081e-06, 2.0774409677e-06, 3.49638867192e-06, 4.33429795521e-06, 3.3384640119e-06, 2.34609342442e-06, 1.20298682305e-06, 9.29490965973e-07, 1.05794379124e-06, 1.31362082811e-06, 7.28748773327e-07, 3.64931111108e-07], "min": [2.60634247276e-23, 1.51504507603e-23, 4.17503214139e-24, 6.3049360751e-24, 7.33173557314e-24, 7.44767840468e-24, 5.7006323341e-24, 2.96955485946e-23, 3.29332104544e-23, 1.118628035e-23, 7.73151134724e-24, 7.08176685152e-24, 1.38151585278e-23, 8.12610746064e-24, 5.63278595751e-24, 1.72481107934e-23, 8.97023674974e-24, 1.47573345499e-23, 1.54020958113e-23, 9.25576889869e-24, 1.12643373477e-23, 1.1032222915e-23, 7.15820747323e-24, 7.23363440868e-24, 1.14336308423e-23, 1.23949359525e-23, 8.34996251972e-24, 1.09226580238e-23, 1.14141727992e-23, 9.75378388791e-24, 1.91739237891e-23, 1.62171626758e-23, 1.55316315051e-23, 1.04939570869e-23, 1.06872272198e-23, 1.13556022436e-23, 7.25779721821e-24, 1.0915114147e-23, 1.03026811944e-23, 1.24622533979e-23], "var": [1.34322385748e-06, 2.41787802224e-06, 1.4770304233e-06, 1.78833744258e-07, 8.76935288829e-08, 9.06509001197e-08, 1.0961632313e-07, 7.6069383681e-08, 1.10183108859e-07, 6.24763671908e-08, 5.0189253642e-08, 2.66716480013e-08, 3.9435850141e-08, 2.5754156141e-08, 2.47300544487e-08, 2.42580533438e-08, 5.95229323608e-08, 1.45993670486e-08, 1.08091340323e-08, 8.10769762438e-09, 3.65259400503e-09, 4.87889328937e-09, 3.58788820876e-09, 5.39439160008e-10, 2.19156315318e-09, 3.4452937725e-10, 4.82371809163e-10, 6.55211940259e-10, 1.35951597202e-10, 8.45242556502e-11, 9.23636514494e-11, 1.31550631499e-10, 1.29860858178e-10, 9.59791482402e-11, 4.79341913384e-11, 5.10646351592e-11, 5.92285942513e-11, 4.56476141608e-11, 2.59963630483e-11, 9.11408969129e-12]}, "melbands_crest": {"dmean": 3.04529976845, "dmean2": 4.90728521347, "dvar": 8.10971355438, "dvar2": 19.7745113373, "max": 31.1324462891, "mean": 10.4050073624, "median": 9.2553062439, "min": 2.55175900459, "var": 21.0438671112}, "melbands_flatness_db": {"dmean": 0.019007416442, "dmean2": 0.0289969164878, "dvar": 0.000369982095435, "dvar2": 0.000858894432895, "max": 0.330297529697, "mean": 0.113995991647, "median": 0.10883231461, "min": 0.00741798151284, "var": 0.00176981673576}, "melbands_kurtosis": {"dmean": 2.43725848198, "dmean2": 3.87195181847, "dvar": 32.6184005737, "dvar2": 77.7385253906, "max": 214.442321777, "mean": 3.19649147987, "median": 1.53492760658, "min": -1.81954264641, "var": 47.8563613892}, "melbands_skewness": {"dmean": 0.495693743229, "dmean2": 0.750764608383, "dvar": 0.315110176802, "dvar2": 0.71493947506, "max": 12.470744133, "mean": 1.41398477554, "median": 1.24553155899, "min": -1.18659102917, "var": 0.960014045238}, "melbands_spread": {"dmean": 10.5634241104, "dmean2": 16.1922359467, "dvar": 147.470718384, "dvar2": 315.476959229, "max": 278.039581299, "mean": 49.8090858459, "median": 44.4491653442, "min": 2.40623116493, "var": 763.389099121}, "mfcc": {"cov": [[11348.3232422, 433.397796631, -115.992897034, -28.3875179291, 72.7878036499, 96.0104827881, -136.816162109, 22.8017024994, -72.3090286255, -32.911075592, 40.5285301208, -26.2175273895, -74.5734786987], [433.397796631, 863.266418457, -228.762405396, 250.024765015, -77.2309646606, 1.25770020485, 67.4290924072, 23.5881690979, 23.5649738312, 10.7247638702, 30.7531681061, 0.304605722427, 23.8132381439], [-115.992897034, -228.762405396, 400.340240479, -88.9648132324, 51.5065307617, 11.2545347214, 31.5213451385, 6.27105617523, -5.38792896271, 0.232913985848, -18.6130867004, 13.2081508636, -18.3014850616], [-28.3875179291, 250.024765015, -88.9648132324, 312.686737061, 11.9339323044, 23.4489841461, -14.8978204727, -1.00561654568, 34.0642738342, -8.95751571655, -25.7908649445, 6.73113107681, 26.0000419617], [72.7878036499, -77.2309646606, 51.5065307617, 11.9339323044, 209.252944946, 21.0672092438, -3.71445393562, -4.59350728989, 20.7699565887, 27.2874774933, -28.9875450134, 4.84617519379, 2.40927028656], [96.0104827881, 1.25770020485, 11.2545347214, 23.4489841461, 21.0672092438, 141.235153198, 38.77759552, 21.7031459808, 3.61234092712, -4.9887843132, 5.81496286392, -18.0210609436, -6.72252702713], [-136.816162109, 67.4290924072, 31.5213451385, -14.8978204727, -3.71445393562, 38.77759552, 143.472167969, 38.6458892822, 3.4262137413, 6.00007629395, 12.6380348206, 2.30875205994, -6.07036876678], [22.8017024994, 23.5881690979, 6.27105617523, -1.00561654568, -4.59350728989, 21.7031459808, 38.6458892822, 108.995071411, 29.5033969879, 12.2788925171, 8.56376457214, -0.44833445549, 7.56311511993], [-72.3090286255, 23.5649738312, -5.38792896271, 34.0642738342, 20.7699565887, 3.61234092712, 3.4262137413, 29.5033969879, 89.0122451782, 23.5737838745, 3.01012778282, 5.16843271255, 0.877745389938], [-32.911075592, 10.7247638702, 0.232913985848, -8.95751571655, 27.2874774933, -4.9887843132, 6.00007629395, 12.2788925171, 23.5737838745, 86.2268218994, 27.6051483154, 7.88002586365, -0.275792568922], [40.5285301208, 30.7531681061, -18.6130867004, -25.7908649445, -28.9875450134, 5.81496286392, 12.6380348206, 8.56376457214, 3.01012778282, 27.6051483154, 89.979675293, 10.9412546158, -6.97245979309], [-26.2175273895, 0.304605722427, 13.2081508636, 6.73113107681, 4.84617519379, -18.0210609436, 2.30875205994, -0.44833445549, 5.16843271255, 7.88002586365, 10.9412546158, 69.4402694702, 22.0683994293], [-74.5734786987, 23.8132381439, -18.3014850616, 26.0000419617, 2.40927028656, -6.72252702713, -6.07036876678, 7.56311511993, 0.877745389938, -0.275792568922, -6.97245979309, 22.0683994293, 83.4332199097]], "icov": [[9.8099342722e-05, -0.000103935853986, -4.81801407659e-06, 9.09856753424e-05, -8.81144733285e-05, -0.000109598731797, 0.000208963538171, -9.4310969871e-05, 0.000105253631773, 6.7288907303e-05, -3.49552647094e-05, -4.64109507448e-05, 0.000113873051305], [-0.000103935853986, 0.00209974939935, 0.000781543611083, -0.00165876571555, 0.000586059759371, 0.000637726392597, -0.0015511366073, 5.29621938767e-05, 2.35138068092e-05, -0.000380221143132, -0.000567631330341, 0.000343091058312, -0.000226737494813], [-4.81801407659e-06, 0.000781543611083, 0.00323773897253, 0.000278758001514, -0.000440838717623, -5.49339965801e-05, -0.00103889894672, -0.000113750793389, 8.65749170771e-05, -4.18819900005e-06, 0.000661066966131, -0.000909368216526, 0.000633852614556], [9.09856753424e-05, -0.00165876571555, 0.000278758001514, 0.00522706983611, -0.000489139230922, -0.00148354482371, 0.00147780647967, 0.000404739519581, -0.001666964381, 0.000692416389938, 0.00168094725814, -0.000931121234316, -0.000640977115836], [-8.81144733285e-05, 0.000586059759371, -0.000440838717623, -0.000489139230922, 0.00610929168761, -0.00107460585423, -0.000175412511453, 0.000851529941428, -0.00105247274041, -0.00272825779393, 0.00251351646148, -0.000547360046767, -0.000186367775314], [-0.000109598731797, 0.000637726392597, -5.49339965801e-05, -0.00148354482371, -0.00107460585423, 0.0088982982561, -0.00264152116142, -0.00105018168688, 0.000240698325797, 0.00116023432929, -0.00175292463973, 0.00271540367976, -4.21298209403e-05], [0.000208963538171, -0.0015511366073, -0.00103889894672, 0.00147780647967, -0.000175412511453, -0.00264152116142, 0.00981760118157, -0.00286094704643, 0.000731925189029, 1.97420304175e-05, -0.000149834755575, -0.00123314722441, 0.00101296848152], [-9.4310969871e-05, 5.29621938767e-05, -0.000113750793389, 0.000404739519581, 0.000851529941428, -0.00105018168688, -0.00286094704643, 0.0117639806122, -0.0040235798806, -0.000740611227229, -0.000129877051222, 0.000764017866459, -0.00180730083957], [0.000105253631773, 2.35138068092e-05, 8.65749170771e-05, -0.001666964381, -0.00105247274041, 0.000240698325797, 0.000731925189029, -0.0040235798806, 0.0143637647852, -0.00314182392322, 8.32593868836e-05, -0.000822935486212, 0.0011567287147], [6.7288907303e-05, -0.000380221143132, -4.18819900005e-06, 0.000692416389938, -0.00272825779393, 0.00116023432929, 1.97420304175e-05, -0.000740611227229, -0.00314182392322, 0.0153074041009, -0.00516198482364, -0.00021162162011, -9.89467516774e-05], [-3.49552647094e-05, -0.000567631330341, 0.000661066966131, 0.00168094725814, 0.00251351646148, -0.00175292463973, -0.000149834755575, -0.000129877051222, 8.32593868836e-05, -0.00516198482364, 0.0149976974353, -0.00322641176172, 0.00162780459505], [-4.64109507448e-05, 0.000343091058312, -0.000909368216526, -0.000931121234316, -0.000547360046767, 0.00271540367976, -0.00123314722441, 0.000764017866459, -0.000822935486212, -0.00021162162011, -0.00322641176172, 0.0175799112767, -0.00488472357392], [0.000113873051305, -0.000226737494813, 0.000633852614556, -0.000640977115836, -0.000186367775314, -4.21298209403e-05, 0.00101296848152, -0.00180730083957, 0.0011567287147, -9.89467516774e-05, 0.00162780459505, -0.00488472357392, 0.0141459973529]], "mean": [-639.192199707, 85.0862426758, -12.2341852188, 14.5413694382, -1.27572572231, 6.88340234756, 2.12233972549, 7.27320384979, -2.62259674072, -1.68822014332, 0.695079922676, -1.56183302402, 0.772896468639]}, "pitch_salience": {"dmean": 0.0647778809071, "dmean2": 0.103628993034, "dvar": 0.00379747385159, "dvar2": 0.00944901816547, "max": 0.877264201641, "mean": 0.57309448719, "median": 0.576613783836, "min": 0.122231639922, "var": 0.00889220926911}, "silence_rate_20dB": {"dmean": 0, "dmean2": 0, "dvar": 0, "dvar2": 0, "max": 1, "mean": 1, "median": 1, "min": 1, "var": 0}, "silence_rate_30dB": {"dmean": 0, "dmean2": 0, "dvar": 0, "dvar2": 0, "max": 1, "mean": 1, "median": 1, "min": 1, "var": 0}, "silence_rate_60dB": {"dmean": 0.0359401665628, "dmean2": 0.0718875527382, "dvar": 0.034645408392, "dvar2": 0.0743565931916, "max": 1, "mean": 0.136619150639, "median": 0, "min": 0, "var": 0.117964453995}, "spectral_centroid": {"dmean": 250.25440979, "dmean2": 392.323181152, "dvar": 61676.8085938, "dvar2": 138088.296875, "max": 11230.5791016, "mean": 2166.87475586, "median": 2143.58496094, "min": 501.9921875, "var": 303160.71875}, "spectral_complexity": {"dmean": 4.18813371658, "dmean2": 5.87550210953, "dvar": 27.135099411, "dvar2": 46.7374191284, "max": 60, "mean": 20.187713623, "median": 20, "min": 0, "var": 117.918777466}, "spectral_contrast_coeffs": {"dmean": [0.0486563034356, 0.0431323871017, 0.0389022789896, 0.0332850180566, 0.0257392376661, 0.0210191458464], "dmean2": [0.079940110445, 0.0693324580789, 0.0610073059797, 0.0522126853466, 0.0407334156334, 0.0316141657531], "dvar": [0.00197451352142, 0.00139457930345, 0.00105673249345, 0.000786048010923, 0.000505935167894, 0.00041361519834], "dvar2": [0.00503834104165, 0.00357925682329, 0.00253339158371, 0.00184550357517, 0.00113208731636, 0.000830963428598], "max": [-0.29653570056, -0.453349709511, -0.497142970562, -0.534730732441, -0.556335985661, -0.570423483849], "mean": [-0.67991745472, -0.728245377541, -0.730786263943, -0.737627863884, -0.750485122204, -0.74922645092], "median": [-0.684557914734, -0.730346798897, -0.730384469032, -0.740045666695, -0.752192020416, -0.745618164539], "min": [-0.972050905228, -0.963694512844, -0.972195446491, -0.968999683857, -0.961103737354, -0.961530089378], "var": [0.00572648923844, 0.0054551740177, 0.00460153864697, 0.00392298819497, 0.00295085180551, 0.00253003346734]}, "spectral_contrast_valleys": {"dmean": [0.41786468029, 0.410962969065, 0.334705144167, 0.327971190214, 0.283117979765, 0.335350126028], "dmean2": [0.651098668575, 0.629398286343, 0.505977630615, 0.474757045507, 0.393574237823, 0.424321889877], "dvar": [0.144048243761, 0.174960494041, 0.12001773715, 0.131755053997, 0.115942418575, 0.154401481152], "dvar2": [0.309634774923, 0.360754311085, 0.229029908776, 0.234777361155, 0.189461380243, 0.22819763422], "max": [-5.54393053055, -4.56231212616, -5.17853546143, -5.42502403259, -5.49552440643, -7.22556114197], "mean": [-7.91066503525, -7.41640329361, -7.65651416779, -7.98860263824, -7.66851854324, -9.93076229095], "median": [-7.64587593079, -7.23028564453, -7.41461229324, -7.77167129517, -7.48953151703, -9.70491981506], "min": [-26.7296409607, -27.604845047, -27.108499527, -27.0086402893, -27.2693996429, -27.1947002411], "var": [2.40163087845, 2.1999797821, 2.05123567581, 2.01558256149, 1.86748862267, 1.98408579826]}, "spectral_decrease": {"dmean": 1.7050226786e-09, "dmean2": 2.45586306846e-09, "dvar": 8.68935945412e-18, "dvar2": 1.88956109873e-17, "max": 4.21145732633e-18, "mean": -3.85418053028e-09, "median": -2.75866840482e-09, "min": -3.07799119525e-08, "var": 1.51984858805e-17}, "spectral_energy": {"dmean": 0.00708487490192, "dmean2": 0.0101023558527, "dvar": 0.000142541612149, "dvar2": 0.000305404188111, "max": 0.12376884371, "mean": 0.0168723538518, "median": 0.0125207901001, "min": 1.10560920284e-20, "var": 0.000268973933998}, "spectral_energyband_high": {"dmean": 0.00059892272111, "dmean2": 0.000808268378023, "dvar": 1.13784665245e-06, "dvar2": 2.17602837438e-06, "max": 0.0277114324272, "mean": 0.0015626559034, "median": 0.000830435426906, "min": 8.01359733524e-21, "var": 4.22501943831e-06}, "spectral_energyband_low": {"dmean": 0.00296979513951, "dmean2": 0.00470344349742, "dvar": 5.27198317286e-05, "dvar2": 0.00012692650489, "max": 0.102805405855, "mean": 0.00351983937435, "median": 0.00105577672366, "min": 1.18456767167e-22, "var": 5.42913003301e-05}, "spectral_energyband_middle_high": {"dmean": 0.00256795412861, "dmean2": 0.0037548111286, "dvar": 1.45493604577e-05, "dvar2": 3.08239141305e-05, "max": 0.0519033633173, "mean": 0.00708875432611, "median": 0.00479932781309, "min": 1.55056106442e-21, "var": 4.65496341349e-05}, "spectral_energyband_middle_low": {"dmean": 0.00313643459231, "dmean2": 0.00484577845782, "dvar": 4.31338958151e-05, "dvar2": 0.00010466734966, "max": 0.0843899995089, "mean": 0.00561995385215, "median": 0.00346885342151, "min": 4.21698307013e-22, "var": 5.19904278917e-05}, "spectral_entropy": {"dmean": 0.127674952149, "dmean2": 0.183274537325, "dvar": 0.0157597009093, "dvar2": 0.0290267243981, "max": 9.82536506653, "mean": 7.84278011322, "median": 7.82607841492, "min": 6.68306922913, "var": 0.113781675696}, "spectral_flux": {"dmean": 0.0215514916927, "dmean2": 0.0312534198165, "dvar": 0.000856929051224, "dvar2": 0.00162018719129, "max": 0.308260828257, "mean": 0.0710621848702, "median": 0.0612305849791, "min": 1.05147952845e-10, "var": 0.00227470207028}, "spectral_kurtosis": {"dmean": 0.823474168777, "dmean2": 1.35222113132, "dvar": 0.722124576569, "dvar2": 1.98378491402, "max": 12.0543518066, "mean": 2.70679330826, "median": 2.61392736435, "min": -1.21061575413, "var": 2.09028935432}, "spectral_rms": {"dmean": 0.000729406950995, "dmean2": 0.000987611245364, "dvar": 9.85166366263e-07, "dvar2": 1.86941747415e-06, "max": 0.010988635011, "mean": 0.00360863585956, "median": 0.0034950543195, "min": 3.28427020822e-12, "var": 3.43854321727e-06}, "spectral_rolloff": {"dmean": 712.586425781, "dmean2": 1149.43518066, "dvar": 898287.1875, "dvar2": 1826943.875, "max": 18949.21875, "mean": 3257.81787109, "median": 2670.1171875, "min": 86.1328125, "var": 5835946.5}, "spectral_skewness": {"dmean": 0.138344407082, "dmean2": 0.215899407864, "dvar": 0.0162917096168, "dvar2": 0.0385690703988, "max": 2.51754403114, "mean": 1.20828342438, "median": 1.2257733345, "min": -0.000927206594497, "var": 0.0782516524196}, "spectral_spread": {"dmean": 534310.5625, "dmean2": 767891.5625, "dvar": 523111268352, "dvar2": 845665992704, "max": 41838648, "mean": 5112203, "median": 4831510, "min": 2375734.5, "var": 2565279055870.0}, "spectral_strongpeak": {"d