{"lowlevel": {"average_loudness": 0.766518652439, "barkbands": {"dmean": [0.000497946050018, 0.00299552455544, 0.000799733097665, 0.000727368053049, 0.00121901161037, 0.00124005309772, 0.000577649800107, 0.000585156318266, 0.000939905759878, 0.00109512673225, 0.000702252436895, 0.000639775767922, 0.000662534323055, 0.000558329687919, 0.000368193577742, 0.00026757424348, 0.000162507858477, 0.00013158240472, 0.000107749423478, 0.000123379140859, 9.78047464741e-05, 5.29886056029e-05, 2.95511417789e-05, 1.03914271676e-05, 2.04911930268e-06, 1.11992285383e-05, 0.00041132705519], "dmean2": [0.000844221387524, 0.00503917085007, 0.00135185208637, 0.00122688524425, 0.00198420207016, 0.00195303978398, 0.00094506284222, 0.00096652720822, 0.00151745404582, 0.00181324034929, 0.00114088878036, 0.00102124328259, 0.00110557267908, 0.000927079585381, 0.00061424204614, 0.00044798097224, 0.000261427543592, 0.000203188785235, 0.000162038908456, 0.000180003058631, 0.000136173519422, 7.22947152099e-05, 3.99810087401e-05, 1.46836655404e-05, 3.60279022971e-06, 1.53328492161e-05, 0.000628590700217], "dvar": [1.19544233712e-06, 3.62808495993e-05, 2.69868928626e-06, 2.26839279094e-06, 5.19433706359e-06, 1.33739886223e-05, 1.69989016285e-06, 2.03795184461e-06, 4.73672798762e-06, 6.70035797157e-06, 1.83328268122e-06, 1.30022647227e-06, 9.22668732528e-07, 7.17566820185e-07, 4.01151368123e-07, 2.12659642784e-07, 1.14856334221e-07, 1.33122298962e-07, 1.21024953614e-07, 2.46305489782e-07, 1.90347066109e-07, 7.34370928512e-08, 1.55892472264e-08, 1.07729292154e-09, 2.05652300744e-11, 1.23961152454e-09, 3.72323512465e-07], "dvar2": [3.21728566632e-06, 9.54350907705e-05, 7.20691377865e-06, 6.06272078585e-06, 1.25512478917e-05, 3.2067662687e-05, 4.46069452664e-06, 5.30348688699e-06, 1.20673821584e-05, 1.83730771823e-05, 4.47577258456e-06, 3.03219917441e-06, 2.47243565354e-06, 1.91894423551e-06, 1.05888852886e-06, 5.75390743052e-07, 2.73484118907e-07, 3.12682828962e-07, 2.6757314231e-07, 5.13124632562e-07, 3.7956871779e-07, 1.3528935483e-07, 2.64721506937e-08, 1.91298932251e-09, 4.96936623795e-11, 1.91546267736e-09, 8.6792744014e-07], "max": [0.0164875946939, 0.113560408354, 0.0240174997598, 0.0347058027983, 0.0423168092966, 0.10180978477, 0.0274812616408, 0.0325480923057, 0.0441847369075, 0.0481223873794, 0.0399523079395, 0.0266285985708, 0.0145603753626, 0.0141939427704, 0.0137212099507, 0.0102247120813, 0.00991451367736, 0.0133333951235, 0.0107500553131, 0.0180251039565, 0.017653554678, 0.0123768476769, 0.00447589624673, 0.00119204109069, 0.000116376410006, 0.00144113146234, 0.0140422433615], "mean": [0.000559357053135, 0.00370712694712, 0.000978989526629, 0.000936100026593, 0.00197178591043, 0.00200376752764, 0.000889004557393, 0.000875649042428, 0.00149910151958, 0.00161879521329, 0.00112301006448, 0.00116110558156, 0.00121413974557, 0.00105334853288, 0.000657758966554, 0.000502760929521, 0.000322888430674, 0.00025192683097, 0.000205829754123, 0.000216774904402, 0.000175576686161, 9.32236071094e-05, 5.3079736972e-05, 1.87198602362e-05, 2.13783437175e-06, 2.25408930419e-05, 0.00139467231929], "median": [0.000160071271239, 0.00153210561257, 0.000373563671019, 0.000346568180248, 0.000903251697309, 0.00054447806906, 0.000288182578515, 0.000302221946185, 0.000538620515727, 0.000624012725893, 0.000533454818651, 0.000663883052766, 0.000833243946545, 0.000658887322061, 0.000398488657083, 0.000305113033392, 0.000183738520718, 0.000101143632492, 4.09350213886e-05, 2.95496010949e-05, 2.1243298761e-05, 1.4524425751e-05, 7.76144042902e-06, 3.44192517332e-06, 3.57379406069e-07, 4.17130559072e-06, 0.000933419447392], "min": [2.78826165654e-25, 4.75836993168e-24, 3.12322358329e-24, 4.30552393461e-25, 9.11554650621e-24, 9.34615815893e-24, 7.69927849065e-24, 1.44217073669e-23, 2.0232319533e-23, 1.8393240216e-23, 2.00992513201e-23, 3.58796185572e-23, 3.67301305199e-23, 5.30201807879e-23, 4.4382589327e-23, 6.33023642205e-23, 7.82222861585e-23, 9.31304824679e-23, 9.04869653983e-23, 1.84606288166e-22, 2.6085050245e-22, 3.3173133348e-22, 3.77387674422e-22, 6.43320233393e-22, 9.94745473061e-22, 1.41766428042e-21, 1.7920609477e-21], "var": [1.19542926313e-06, 4.12913359469e-05, 3.39741586686e-06, 3.435242661e-06, 9.74393151409e-06, 2.92916229228e-05, 3.44083287018e-06, 3.65324490303e-06, 8.65401580086e-06, 1.0147008652e-05, 3.32671993419e-06, 3.14694580084e-06, 1.99046962734e-06, 1.58831289809e-06, 8.4122257249e-07, 4.24618121997e-07, 2.57349114463e-07, 3.01045758988e-07, 3.01139749581e-07, 6.26743769772e-07, 4.95062408845e-07, 1.81700229973e-07, 4.92279284003e-08, 3.65938146452e-09, 3.31997554448e-11, 5.09693087736e-09, 2.4644223231e-06]}, "barkbands_crest": {"dmean": 2.53857660294, "dmean2": 4.25077199936, "dvar": 6.16601276398, "dvar2": 15.7176542282, "max": 25.6970462799, "mean": 8.04996013641, "median": 6.88360071182, "min": 2.36185240746, "var": 16.4812812805}, "barkbands_flatness_db": {"dmean": 0.0245864447206, "dmean2": 0.0399313867092, "dvar": 0.000671916233841, "dvar2": 0.00147257640492, "max": 0.404264718294, "mean": 0.124135419726, "median": 0.11590141803, "min": 0.0202158447355, "var": 0.00269683962688}, "barkbands_kurtosis": {"dmean": 3.5637140274, "dmean2": 5.65723323822, "dvar": 97.675239563, "dvar2": 226.056854248, "max": 249.812576294, "mean": 5.94361305237, "median": 1.65748214722, "min": -1.77008676529, "var": 245.606704712}, "barkbands_skewness": {"dmean": 0.508748114109, "dmean2": 0.779646337032, "dvar": 0.42547634244, "dvar2": 0.907689392567, "max": 13.0258045197, "mean": 1.55061984062, "median": 1.19978272915, "min": -2.46150612831, "var": 2.14777302742}, "barkbands_spread": {"dmean": 7.95580339432, "dmean2": 12.4425392151, "dvar": 66.5315551758, "dvar2": 144.420715332, "max": 113.164001465, "mean": 36.4713592529, "median": 35.1792411804, "min": 0.658040344715, "var": 361.755859375}, "dissonance": {"dmean": 0.0172683224082, "dmean2": 0.0293509829789, "dvar": 0.000347519147908, "dvar2": 0.000960450270213, "max": 0.500000059605, "mean": 0.4717643857, "median": 0.480459332466, "min": 0.260715395212, "var": 0.000769678968936}, "dynamic_complexity": 4.90786838531, "erbbands": {"dmean": [0.114559426904, 0.599970936775, 0.922119677067, 1.67610609531, 2.98070693016, 4.3692522049, 8.03677940369, 10.8245363235, 8.78355979919, 8.48081111908, 13.9348306656, 19.5787353516, 27.0317878723, 37.4860115051, 25.048374176, 23.6689472198, 29.1866664886, 28.3533763885, 19.3817882538, 18.2829036713, 11.9663772583, 8.79328727722, 7.3760175705, 5.736140728, 5.69156837463, 5.88774442673, 4.91008424759, 2.98488640785, 1.92330932617, 1.39639890194, 0.743843317032, 0.309587687254, 0.132777363062, 0.0323986560106, 0.011357948184, 0.0212531760335, 0.0224467813969, 0.0218979176134, 0.0165346581489, 0.0100029930472], "dmean2": [0.191285222769, 1.0198277235, 1.54833233356, 2.80699253082, 4.88398456573, 7.21840190887, 12.9002494812, 17.1816444397, 14.2029504776, 13.7517843246, 22.8125572205, 31.7232837677, 44.2928352356, 61.5668144226, 40.4148445129, 37.7782402039, 48.630695343, 47.0367431641, 32.1113777161, 30.6123542786, 20.0092029572, 13.9045572281, 11.2736263275, 8.76270675659, 8.40874481201, 8.59610557556, 6.88759803772, 4.14283180237, 2.70309877396, 1.861561656, 1.02521002293, 0.437133938074, 0.187791422009, 0.0508876442909, 0.0215014517307, 0.0308069754392, 0.0308138821274, 0.0288513712585, 0.021448591724, 0.0148764038458], "dvar": [0.0582724921405, 1.54960894585, 4.00857400894, 10.5883827209, 45.2015266418, 73.997543335, 325.165466309, 1444.95727539, 556.070129395, 505.743927002, 1139.18798828, 2287.37182617, 3475.59228516, 8378.20800781, 2005.37268066, 1624.68457031, 1946.19299316, 1916.62548828, 1183.84057617, 921.200805664, 446.196655273, 328.315795898, 367.305236816, 314.597900391, 416.639648438, 565.370605469, 473.748809814, 164.116119385, 95.6385726929, 54.1316719055, 9.01933479309, 1.15185177326, 0.151663243771, 0.00549019407481, 0.000641665421426, 0.00398905389011, 0.00573540944606, 0.00573195004836, 0.0021559339948, 0.000194179112441], "dvar2": [0.1501994133, 4.21620750427, 10.7637720108, 27.6396713257, 107.561431885, 186.762710571, 815.673583984, 3462.66748047, 1456.65429688, 1202.37670898, 2908.30322266, 5790.71582031, 9249.43261719, 22470.9765625, 5018.00585938, 3862.27319336, 5237.82275391, 5074.08300781, 3135.28198242, 2478.04345703, 1203.45397949, 751.694335938, 825.25982666, 752.375549316, 914.358642578, 1187.20410156, 936.831665039, 328.844024658, 179.015548706, 96.3456039429, 15.0643625259, 2.03686904907, 0.270630270243, 0.0106056295335, 0.00176577083766, 0.00648488430306, 0.00884873233736, 0.0100692715496, 0.00326438434422, 0.000453132321127], "max": [4.97309875488, 23.2144432068, 26.9740924835, 65.068397522, 193.093704224, 172.179229736, 356.117950439, 1184.69604492, 815.902160645, 1076.17700195, 879.255554199, 1264.05700684, 1198.49914551, 1800.0020752, 1038.09765625, 1195.45837402, 700.577880859, 844.858154297, 842.296569824, 629.810241699, 440.398620605, 508.960510254, 734.447265625, 551.532043457, 669.759399414, 809.944580078, 904.648803711, 398.36340332, 412.716247559, 349.893157959, 127.797454834, 41.3092536926, 14.4074964523, 2.19337487221, 0.471531420946, 2.21253299713, 3.65732526779, 3.25777554512, 1.33584094048, 0.329298824072], "mean": [0.129192709923, 0.735523641109, 1.20585787296, 2.37894392014, 4.17097377777, 6.60517549515, 12.5732393265, 17.0696029663, 14.0731334686, 13.9829816818, 22.2201805115, 31.775346756, 42.6857566833, 59.0197067261, 46.8533973694, 47.3003883362, 55.9810447693, 56.0537719727, 38.9818496704, 35.3003730774, 23.957195282, 18.584405899, 14.9510211945, 11.039899826, 10.5720100403, 10.5033369064, 8.6584815979, 5.44226503372, 3.47485041618, 2.46306562424, 1.3306735754, 0.551149070263, 0.237217128277, 0.0465513207018, 0.00913493800908, 0.0370288603008, 0.0450516529381, 0.0522004626691, 0.0493497774005, 0.0432828702033], "median": [0.0434251837432, 0.301451444626, 0.492981940508, 0.989889979362, 1.51453983784, 3.05434155464, 4.25956535339, 4.24271202087, 4.25835514069, 4.96055698395, 8.48094654083, 11.8858327866, 17.8341083527, 24.4012050629, 26.5735301971, 29.7485694885, 38.3792648315, 37.691242218, 24.5692520142, 22.8338165283, 15.4520626068, 10.9375038147, 7.02706575394, 2.72089672089, 1.83899772167, 1.43465876579, 1.06342434883, 0.716443896294, 0.554056048393, 0.34539565444, 0.202821731567, 0.0964814722538, 0.0445600934327, 0.00909908860922, 0.00116788840387, 0.00668541388586, 0.00848731584847, 0.0102007426322, 0.0163293685764, 0.0345172658563], "min": [7.36651124396e-23, 1.17236049723e-21, 4.47375060524e-21, 1.13382212018e-20, 9.51059795012e-21, 3.48138574021e-20, 5.05868378214e-20, 1.00686815229e-19, 1.16924887641e-19, 1.09044402569e-19, 4.29264396607e-19, 4.0791646766e-19, 6.42636359399e-19, 3.5689545049e-19, 1.04618246999e-18, 1.73699470714e-18, 2.16884481865e-18, 3.04541783314e-18, 2.82388004674e-18, 2.80659135155e-18, 4.4381842235e-18, 5.16116820302e-18, 4.8278938255e-18, 6.17668956924e-18, 6.86551967485e-18, 9.38464694518e-18, 9.21011266312e-18, 8.41821957549e-18, 9.90415111145e-18, 1.26610142257e-17, 1.195022537e-17, 1.21169725738e-17, 1.09258076763e-17, 8.9430085987e-18, 6.8767643681e-18, 4.86011168317e-18, 2.61536642588e-18, 9.86306691158e-19, 2.34977144909e-19, 2.74708587822e-20], "var": [0.0625385642052, 1.72640097141, 5.03359460831, 17.523891449, 72.9121856689, 118.614028931, 627.120849609, 3091.51538086, 1100.25219727, 1210.65881348, 2177.05908203, 4245.50195312, 5977.09033203, 12883.6914062, 4310.13623047, 4305.13134766, 4264.53515625, 4284.54296875, 2845.796875, 1831.50256348, 908.842102051, 806.819458008, 908.495910645, 708.608703613, 1002.2052002, 1461.59509277, 1258.79919434, 430.221191406, 235.599349976, 144.884078979, 28.5291576385, 3.7013399601, 0.536086559296, 0.0165979452431, 0.000561024877243, 0.0147469555959, 0.0217198580503, 0.0259630195796, 0.0140434047207, 0.0017585104797]}, "erbbands_crest": {"dmean": 2.40933728218, "dmean2": 4.02980852127, "dvar": 5.41766738892, "dvar2": 13.7326011658, "max": 29.2191810608, "mean": 8.29261207581, "median": 7.4040851593, "min": 2.47891068459, "var": 13.0850887299}, "erbbands_flatness_db": {"dmean": 0.0233239326626, "dmean2": 0.0377201661468, "dvar": 0.000546465395018, "dvar2": 0.00121419283096, "max": 0.32214358449, "mean": 0.164814427495, "median": 0.161733523011, "min": 0.0306152570993, "var": 0.00249075889587}, "erbbands_kurtosis": {"dmean": 1.17116343975, "dmean2": 1.87670314312, "dvar": 4.01706409454, "dvar2": 9.17340183258, "max": 57.3127098083, "mean": 1.40797519684, "median": 0.906076192856, "min": -1.64429664612, "var": 7.57705020905}, "erbbands_skewness": {"dmean": 0.367499381304, "dmean2": 0.570753216743, "dvar": 0.147856548429, "dvar2": 0.314715236425, "max": 6.18966150284, "mean": -0.0529336854815, "median": -0.125644162297, "min": -4.88270807266, "var": 0.690252780914}, "erbbands_spread": {"dmean": 5.56540822983, "dmean2": 8.75016021729, "dvar": 48.612323761, "dvar2": 105.787254333, "max": 126.048713684, "mean": 23.7876911163, "median": 19.4674282074, "min": 3.66715216637, "var": 213.303863525}, "gfcc": {"cov": [[21853.8515625, 251.214309692, -2522.21240234, -715.550292969, -185.474304199, -421.059844971, 106.571426392, -388.968048096, 279.278686523, -68.7880783081, 52.6036186218, 51.0189170837, 134.430541992], [251.214309692, 1641.28430176, -222.04498291, -745.352416992, 372.473388672, -174.907745361, 21.6028118134, -139.163574219, 248.167144775, -151.643585205, 123.228736877, -60.6981925964, 118.871551514], [-2522.21240234, -222.04498291, 759.451782227, 438.266448975, -223.149810791, 116.7866745, -73.3326873779, 101.837562561, -150.550216675, 70.0023803711, -62.0166282654, -5.47498559952, -84.1515884399], [-715.550292969, -745.352416992, 438.266448975, 803.364990234, -185.772216797, 97.9968414307, 52.4633140564, 64.0989990234, -177.529678345, 84.0477523804, -91.68699646, 9.94798088074, -130.892410278], [-185.474304199, 372.473388672, -223.149810791, -185.772216797, 486.227264404, 3.51389074326, 70.6812973022, -28.7367744446, 125.83405304, -78.3319549561, 63.0008850098, -7.58195734024, 49.7747535706], [-421.059844971, -174.907745361, 116.7866745, 97.9968414307, 3.51389074326, 213.549423218, 12.8483533859, 71.8798904419, -42.6679267883, 23.4402694702, -15.5055685043, 20.9097614288, -3.80698990822], [106.571426392, 21.6028118134, -73.3326873779, 52.4633140564, 70.6812973022, 12.8483533859, 174.585693359, 21.5571517944, 29.3146572113, -10.5218153, 3.10828471184, 4.63078737259, 5.23039102554], [-388.968048096, -139.163574219, 101.837562561, 64.0989990234, -28.7367744446, 71.8798904419, 21.5571517944, 150.178100586, 11.2692298889, 43.6514434814, -7.71239089966, 9.47536849976, 7.417345047], [279.278686523, 248.167144775, -150.550216675, -177.529678345, 125.83405304, -42.6679267883, 29.3146572113, 11.2692298889, 177.271957397, 9.37794208527, 43.7412643433, 2.71219158173, 26.4729824066], [-68.7880783081, -151.643585205, 70.0023803711, 84.0477523804, -78.3319549561, 23.4402694702, -10.5218153, 43.6514434814, 9.37794208527, 98.672164917, 12.7148656845, 10.148481369, -3.10722494125], [52.6036186218, 123.228736877, -62.0166282654, -91.68699646, 63.0008850098, -15.5055685043, 3.10828471184, -7.71239089966, 43.7412643433, 12.7148656845, 74.9134216309, 27.0162220001, 26.6706371307], [51.0189170837, -60.6981925964, -5.47498559952, 9.94798088074, -7.58195734024, 20.9097614288, 4.63078737259, 9.47536849976, 2.71219158173, 10.148481369, 27.0162220001, 60.1653251648, 23.0671577454], [134.430541992, 118.871551514, -84.1515884399, -130.892410278, 49.7747535706, -3.80698990822, 5.23039102554, 7.417345047, 26.4729824066, -3.10722494125, 26.6706371307, 23.0671577454, 87.5742416382]], "icov": [[0.000112276218715, -0.000216227883357, 0.000689321255777, -0.000336776312906, 0.000273772981018, -8.82586027728e-05, 0.000237140455283, -0.000115037131764, 7.57929083193e-05, -0.000147828177433, 0.000197715999093, -0.000231226629694, 8.88467475306e-05], [-0.000216227883357, 0.00275226612575, -0.00308289029635, 0.00232559186406, -0.000772491388489, 0.000578233564738, -0.00164114322979, 0.00203480897471, -0.00221087411046, 0.00262216781266, -0.00277529214509, 0.00339126563631, -0.00178723083809], [0.000689321255777, -0.00308289029635, 0.00814598985016, -0.00456084916368, 0.00237676175311, -0.00146970956121, 0.00374326528981, -0.00340824690647, 0.00247884914279, -0.0021829768084, 0.00208094390109, -0.00258853333071, 0.00200889632106], [-0.000336776312906, 0.00232559186406, -0.00456084916368, 0.00620931200683, -0.00219507561997, 0.00133260060102, -0.00371113023721, 0.00170555117074, 0.0012829817133, -0.00204619625583, 0.00162699189968, -0.00111834611744, 0.00297975470312], [0.000273772981018, -0.000772491388489, 0.00237676175311, -0.00219507561997, 0.00505520170555, -0.00204996136017, 0.000461673102109, -7.54700377001e-05, -0.00272685242817, 0.00416789995506, -0.0037516686134, 0.0027502796147, -0.00196188339032], [-8.82586027728e-05, 0.000578233564738, -0.00146970956121, 0.00133260060102, -0.00204996136017, 0.00722877401859, -0.000934342155233, -0.00236175837927, 0.00234166439623, -0.00181331392378, 0.00227758986875, -0.00324969482608, 0.00105545215774], [0.000237140455283, -0.00164114322979, 0.00374326528981, -0.00371113023721, 0.000461673102109, -0.000934342155233, 0.00887500774115, -0.00272979354486, -0.000568615738302, 0.000968904234469, 0.000521450827364, -0.00100012938492, -0.000377200893126], [-0.000115037131764, 0.00203480897471, -0.00340824690647, 0.00170555117074, -7.54700377001e-05, -0.00236175837927, -0.00272979354486, 0.0119606480002, -0.00408544950187, -0.0010372903198, -0.000126968792756, 0.00250967638567, -0.00364523823373], [7.57929083193e-05, -0.00221087411046, 0.00247884914279, 0.0012829817133, -0.00272685242817, 0.00234166439623, -0.000568615738302, -0.00408544950187, 0.0138667207211, -0.00815262738615, 0.00292724976316, -0.00532745290548, 0.00524657964706], [-0.000147828177433, 0.00262216781266, -0.0021829768084, -0.00204619625583, 0.00416789995506, -0.00181331392378, 0.000968904234469, -0.0010372903198, -0.00815262738615, 0.0229800827801, -0.012652986683, 0.00864731613547, -0.00605054059997], [0.000197715999093, -0.00277529214509, 0.00208094390109, 0.00162699189968, -0.0037516686134, 0.00227758986875, 0.000521450827364, -0.000126968792756, 0.00292724976316, -0.012652986683, 0.0303752683103, -0.017558535561, 0.00414633797482], [-0.000231226629694, 0.00339126563631, -0.00258853333071, -0.00111834611744, 0.0027502796147, -0.00324969482608, -0.00100012938492, 0.00250967638567, -0.00532745290548, 0.00864731613547, -0.017558535561, 0.0324370600283, -0.0115437386557], [8.88467475306e-05, -0.00178723083809, 0.00200889632106, 0.00297975470312, -0.00196188339032, 0.00105545215774, -0.000377200893126, -0.00364523823373, 0.00524657964706, -0.00605054059997, 0.00414633797482, -0.0115437386557, 0.0215619374067]], "mean": [-35.6132965088, 92.0765762329, -104.580741882, -13.1105957031, -8.37961864471, -13.620182991, 1.83423125744, -25.9372997284, 3.2057993412, -16.2892360687, -1.54146850109, -3.54071307182, -5.65576505661]}, "hfc": {"dmean": 38.7410049438, "dmean2": 57.2602233887, "dvar": 2182.80639648, "dvar2": 5107.82226562, "max": 1098.29833984, "mean": 179.52835083, "median": 172.161636353, "min": 1.06914808091e-16, "var": 19842.5019531}, "melbands": {"dmean": [0.000906979839783, 0.000564856920391, 0.000309442752041, 0.000248033698881, 0.000257639912888, 0.000234262261074, 0.000133757479489, 9.65984945651e-05, 0.000115008529974, 0.000132490313263, 0.000138648159918, 0.000159833885846, 9.29229499889e-05, 7.94171428424e-05, 5.7439738157e-05, 6.92635876476e-05, 5.3511295846e-05, 3.61291749869e-05, 3.01327690977e-05, 2.23612642003e-05, 1.33188714244e-05, 9.79438482318e-06, 9.13968415261e-06, 6.02662748861e-06, 4.86878707306e-06, 4.26781889473e-06, 4.54972359876e-06, 3.93851996705e-06, 3.39320013154e-06, 2.49175923273e-06, 1.60579190833e-06, 1.18141451821e-06, 9.76880187409e-07, 7.43595364838e-07, 4.8755117632e-07, 2.81906324062e-07, 1.64962415283e-07, 1.04120140065e-07, 5.94026161593e-08, 1.75266485769e-08], "dmean2": [0.0015164836077, 0.000949803797994, 0.000512950937264, 0.000409462692915, 0.000413052504882, 0.000370057387045, 0.000215344247408, 0.000156975278514, 0.000187329802429, 0.000214798914385, 0.000227940035984, 0.000263245805399, 0.000151088708662, 0.000126761631691, 9.4755574537e-05, 0.000115821741929, 8.91651652637e-05, 6.0368085542e-05, 5.02964612679e-05, 3.74846458726e-05, 2.23253227887e-05, 1.58041075338e-05, 1.46044949361e-05, 9.42343376664e-06, 7.60832699598e-06, 6.56099200569e-06, 6.73387330608e-06, 5.84058079767e-06, 4.87269244331e-06, 3.57523890671e-06, 2.26777092394e-06, 1.71318936282e-06, 1.3218307231e-06, 1.03049080735e-06, 6.89285059252e-07, 4.08775065353e-07, 2.38706547862e-07, 1.49929846316e-07, 8.76469457012e-08, 3.13868468993e-08], "dvar": [3.35849472322e-06, 1.39925691656e-06, 3.55366893245e-07, 2.70231936383e-07, 2.86529541427e-07, 6.28517739187e-07, 1.20083754496e-07, 6.08869967778e-08, 7.05713674165e-08, 1.01215199777e-07, 9.18355951285e-08, 1.57599032491e-07, 3.05795282429e-08, 2.23498357599e-08, 7.06479275081e-09, 1.01877386527e-08, 6.92002055658e-09, 3.74762842981e-09, 2.30251129274e-09, 1.59585644699e-09, 6.01776073417e-10, 4.11610939777e-10, 3.85158738236e-10, 3.17952497664e-10, 2.3772084301e-10, 1.98417879349e-10, 3.72066377707e-10, 2.50258258561e-10, 2.17640364064e-10, 1.31452834728e-10, 4.56917559344e-11, 3.52641180146e-11, 3.50254651671e-11, 1.32440924547e-11, 3.94991981831e-12, 1.25235499054e-12, 2.96204467204e-13, 9.71630138543e-14, 2.72162460212e-14, 1.48239066692e-15], "dvar2": [8.67189919518e-06, 3.77400192519e-06, 9.09536765903e-07, 6.68637028411e-07, 7.10650624569e-07, 1.5006336298e-06, 3.10729490138e-07, 1.49350782408e-07, 1.77598096229e-07, 2.59118479562e-07, 2.44273678618e-07, 4.25962497275e-07, 7.60604450534e-08, 5.19262464138e-08, 1.87813427033e-08, 2.68853419527e-08, 1.85108817163e-08, 1.00122408142e-08, 6.08827344095e-09, 4.31800861733e-09, 1.63861846314e-09, 9.77611325226e-10, 9.03698893495e-10, 7.79143749519e-10, 5.91310944653e-10, 4.40780689726e-10, 8.43755676438e-10, 5.45767653293e-10, 4.44888514917e-10, 2.7615157383e-10, 9.1213515907e-11, 7.27664664635e-11, 6.6727408321e-11, 2.40315024824e-11, 6.88871789473e-12, 2.59102006343e-12, 5.5498054069e-13, 1.7631676555e-13, 5.20344265722e-14, 3.75082367373e-15], "max": [0.0374338775873, 0.0204896815121, 0.0115723833442, 0.0111634209752, 0.0100554758683, 0.0234030112624, 0.0114333704114, 0.0110513269901, 0.00679146591574, 0.00805398914963, 0.00588616449386, 0.00799671467394, 0.00459336629137, 0.00392272975296, 0.00143412419129, 0.00192238297313, 0.00140464224387, 0.00137058750261, 0.000743827724364, 0.000815809355117, 0.000568948104046, 0.000573687837459, 0.000586132577155, 0.000718486262485, 0.000500154099427, 0.000514020270202, 0.000745638215449, 0.000507790595293, 0.000579874380492, 0.000371367961634, 0.000221877460717, 0.0002349136048, 0.000345418957295, 0.00013401263277, 8.29121563584e-05, 4.36091795564e-05, 2.15238724195e-05, 1.11627887236e-05, 6.06585717833e-06, 7.79295532993e-07], "mean": [0.00112026103307, 0.000766511308029, 0.000459584261989, 0.000374042982003, 0.000418106443249, 0.000376381649403, 0.000214785919525, 0.0001570697641, 0.00018436825485, 0.000209176520002, 0.000213114457438, 0.000241589979851, 0.000158949173056, 0.000140648393426, 0.000108357045974, 0.000128174389829, 0.000100202298199, 6.43625098746e-05, 5.25987088622e-05, 4.09680214943e-05, 2.42652258748e-05, 1.87216683116e-05, 1.70969251485e-05, 1.09855727715e-05, 8.63731474965e-06, 7.77063996793e-06, 7.52449113861e-06, 6.72805890645e-06, 5.64426954952e-06, 4.21662116423e-06, 2.78669676845e-06, 2.02130399884e-06, 1.5969648075e-06, 1.2836684391e-06, 8.38334358377e-07, 4.68218871674e-07, 2.8003049124e-07, 1.79945715217e-07, 9.80281598117e-08, 1.75517911316e-08], "median": [0.000451937608887, 0.000346560380422, 0.000194480569917, 0.000165602483321, 0.000161889358424, 9.71570698312e-05, 6.53879833408e-05, 5.58355823159e-05, 7.08795560058e-05, 7.5740092143e-05, 8.50208743941e-05, 9.30927490117e-05, 8.12283251435e-05, 7.65272998251e-05, 7.33063716325e-05, 8.85743866093e-05, 6.51698501315e-05, 3.77069845854e-05, 3.26044355461e-05, 2.49903405347e-05, 1.51321428348e-05, 1.06063052954e-05, 8.71244264999e-06, 3.93231130147e-06, 1.90370838027e-06, 1.45475848967e-06, 1.02449246242e-06, 8.7416151473e-07, 7.03143257397e-07, 4.50378081496e-07, 3.77815723596e-07, 3.17196935384e-07, 2.29043649824e-07, 1.68187540339e-07, 1.2167829766e-07, 7.53419797661e-08, 4.94057843525e-08, 3.33130785179e-08, 1.83261725795e-08, 2.77909073532e-09], "min": [1.75612290137e-24, 2.63106943617e-24, 2.00405596743e-24, 1.99308843426e-24, 2.27198902401e-24, 1.79000112459e-24, 1.98235677051e-24, 1.31551568681e-24, 3.05606509341e-24, 2.7616456375e-24, 3.14705743782e-24, 1.26664358437e-24, 3.53378841078e-24, 2.79506592697e-24, 3.08457709032e-24, 4.13908887753e-24, 4.73803822514e-24, 4.22855398722e-24, 3.44463569e-24, 2.73922167463e-24, 3.67548873417e-24, 5.548988419e-24, 3.10997091729e-24, 4.81859275647e-24, 4.11901276192e-24, 3.76954028116e-24, 4.68431640306e-24, 5.48858928379e-24, 5.53453017633e-24, 5.93383460604e-24, 4.93637994482e-24, 5.64395820008e-24, 5.62943014322e-24, 5.9091846749e-24, 6.60858835904e-24, 6.1157384366e-24, 6.87724677323e-24, 6.95108888712e-24, 6.42637292842e-24, 6.37881408216e-24], "var": [3.83376118407e-06, 1.7674836954e-06, 6.33193849353e-07, 4.17468470459e-07, 5.92703372604e-07, 1.37084975904e-06, 2.4508824481e-07, 1.38579110853e-07, 1.42606680242e-07, 1.80877307798e-07, 1.56283974206e-07, 2.35262760384e-07, 5.95623887989e-08, 5.20203791154e-08, 1.63433782063e-08, 2.20427534003e-08, 1.46116141408e-08, 8.15927148068e-09, 4.42111991461e-09, 2.95039304099e-09, 1.06755759788e-09, 8.77298400592e-10, 9.00988617047e-10, 6.51817877451e-10, 4.66970850876e-10, 4.76650552361e-10, 7.31712246349e-10, 6.22879692269e-10, 5.3888715712e-10, 3.09341691151e-10, 1.14096843085e-10, 7.80911724174e-11, 7.48763759328e-11, 3.70943761818e-11, 1.18910653893e-11, 3.02298268882e-12, 9.09339010341e-13, 3.22258251985e-13, 8.67440478171e-14, 2.12934320885e-15]}, "melbands_crest": {"dmean": 3.8369410038, "dmean2": 6.34257507324, "dvar": 12.4785032272, "dvar2": 30.5221061707, "max": 37.4895439148, "mean": 12.3993492126, "median": 11.2791013718, "min": 1.57210719585, "var": 34.6204109192}, "melbands_flatness_db": {"dmean": 0.0318403877318, "dmean2": 0.0503496341407, "dvar": 0.00105515029281, "dvar2": 0.00223472877406, "max": 0.547694206238, "mean": 0.214826703072, "median": 0.210715830326, "min": 0.00345444842242, "var": 0.00535966316238}, "melbands_kurtosis": {"dmean": 5.24293470383, "dmean2": 8.32306575775, "dvar": 203.869491577, "dvar2": 472.066619873, "max": 306.599243164, "mean": 8.11801719666, "median": 1.05604600906, "min": -1.85353314877, "var": 560.944702148}, "melbands_skewness": {"dmean": 0.667156100273, "dmean2": 1.04113197327, "dvar": 0.601546466351, "dvar2": 1.34332680702, "max": 15.5248508453, "mean": 1.65580320358, "median": 1.15224337578, "min": -1.90555238724, "var": 3.14028000832}, "melbands_spread": {"dmean": 7.62080860138, "dmean2": 11.6361761093, "dvar": 123.153617859, "dvar2": 235.929000854, "max": 200.439361572, "mean": 29.898317337, "median": 26.7742424011, "min": 0.499919891357, "var": 526.188964844}, "mfcc": {"cov": [[13553.8017578, 671.137451172, -1964.53112793, -137.669189453, -693.569396973, 154.397979736, -409.962188721, 109.15914917, -138.683227539, 226.176071167, -163.847198486, 93.5622787476, -98.7735061646], [671.137451172, 2267.39428711, -673.140380859, -594.343566895, 223.128417969, -120.657287598, -165.610565186, -38.3583488464, 68.4256820679, -79.2858505249, 44.5210952759, 43.4432106018, -21.6449623108], [-1964.53112793, -673.140380859, 1072.77075195, 305.177246094, -74.0921936035, -0.185567080975, 89.8558502197, -34.630443573, -56.706817627, 11.5590982437, 11.5547275543, -67.6990203857, 13.6287717819], [-137.669189453, -594.343566895, 305.177246094, 515.384033203, -58.3251609802, 81.6353530884, 88.8065185547, 16.4863758087, -31.5441932678, 40.4909667969, 4.88110542297, -26.0404567719, -4.06558465958], [-693.569396973, 223.128417969, -74.0921936035, -58.3251609802, 299.894439697, 29.3909034729, 30.1348438263, 23.4728660583, 42.3313522339, -32.133392334, 24.9550647736, 39.038520813, 12.9286584854], [154.397979736, -120.657287598, -0.185567080975, 81.6353530884, 29.3909034729, 149.603286743, 56.1533126831, 38.0760307312, -6.52864599228, 13.2963285446, -12.7474937439, 5.26732301712, 3.36600971222], [-409.962188721, -165.610565186, 89.8558502197, 88.8065185547, 30.1348438263, 56.1533126831, 158.21736145, 46.1967926025, 25.5116825104, -6.34963941574, -14.2763366699, -6.4511256218, 17.0955963135], [109.15914917, -38.3583488464, -34.630443573, 16.4863758087, 23.4728660583, 38.0760307312, 46.1967926025, 109.403045654, 39.6654052734, 16.6172809601, -5.70475912094, 18.8543357849, 6.57165765762], [-138.683227539, 68.4256820679, -56.706817627, -31.5441932678, 42.3313522339, -6.52864599228, 25.5116825104, 39.6654052734, 112.478538513, 22.6481666565, 20.3421535492, 21.7248668671, 8.77554512024], [226.176071167, -79.2858505249, 11.5590982437, 40.4909667969, -32.133392334, 13.2963285446, -6.34963941574, 16.6172809601, 22.6481666565, 86.8320083618, 25.5367965698, 11.6031560898, 2.91141009331], [-163.847198486, 44.5210952759, 11.5547275543, 4.88110542297, 24.9550647736, -12.7474937439, -14.2763366699, -5.70475912094, 20.3421535492, 25.5367965698, 75.0447540283, 23.2937698364, 7.82007932663], [93.5622787476, 43.4432106018, -67.6990203857, -26.0404567719, 39.038520813, 5.26732301712, -6.4511256218, 18.8543357849, 21.7248668671, 11.6031560898, 23.2937698364, 69.8129196167, 23.9176139832], [-98.7735061646, -21.6449623108, 13.6287717819, -4.06558465958, 12.9286584854, 3.36600971222, 17.0955963135, 6.57165765762, 8.77554512024, 2.91141009331, 7.82007932663, 23.9176139832, 53.7079582214]], "icov": [[0.000167794525623, -4.50559164165e-05, 0.000309780618409, -0.000129472464323, 0.000404375779908, -0.000203103481908, 0.000293238786981, -0.000182654403034, 0.000236386535107, -0.000357332028216, 0.000349587120581, -0.000238112494117, 8.23001828394e-05], [-4.50559164165e-05, 0.000782595307101, 0.000193992789718, 0.000619903788902, -0.000490040692966, 0.000193455460249, 0.000226861200645, 0.000133022957016, -0.000234630235354, 0.000484722491819, -0.000620228936896, 0.000373723800294, 0.000183522715815], [0.000309780618409, 0.000193992789718, 0.00196503684856, -0.000666412175633, 0.000648574903607, 0.000153757922817, 1.22983892652e-05, -5.19087770954e-05, 0.000881073530763, -0.000642459839582, -0.000105950835859, 0.00080728600733, -0.000517733918969], [-0.000129472464323, 0.000619903788902, -0.000666412175633, 0.00345963099971, -0.000179168404429, -0.000873988494277, -0.00124323635828, 0.000171189065441, 0.000511981255841, -0.000528011238202, -0.00128958385903, 0.000515238032676, 0.00081868696725], [0.000404375779908, -0.000490040692966, 0.000648574903607, -0.000179168404429, 0.00564329186454, -0.00184688298032, -3.69708468497e-05, -0.000537336745765, -0.000710155931301, 0.00171109079383, -0.000814949802589, -0.00249755615368, 0.000457018584711], [-0.000203103481908, 0.000193455460249, 0.000153757922817, -0.000873988494277, -0.00184688298032, 0.00979714840651, -0.002914423123, -0.00173792045098, 0.00221571954899, -0.0018551844405, 0.00119476113468, -0.000421788252424, 0.000322570966091], [0.000293238786981, 0.000226861200645, 1.22983892652e-05, -0.00124323635828, -3.69708468497e-05, -0.002914423123, 0.0110357310623, -0.003111415077, -0.00251555163413, 0.00183612923138, 0.00169617997017, 0.00215812702663, -0.00330354482867], [-0.000182654403034, 0.000133022957016, -5.19087770954e-05, 0.000171189065441, -0.000537336745765, -0.00173792045098, -0.003111415077, 0.0135585246608, -0.00385981262662, -0.00151302234735, 0.00222129980102, -0.00298413028941, 0.00103163928725], [0.000236386535107, -0.000234630235354, 0.000881073530763, 0.000511981255841, -0.000710155931301, 0.00221571954899, -0.00251555163413, -0.00385981262662, 0.0135733168572, -0.00415515014902, -0.00160135049373, -0.00115884153638, 0.000217112639803], [-0.000357332028216, 0.000484722491819, -0.000642459839582, -0.000528011238202, 0.00171109079383, -0.0018551844405, 0.00183612923138, -0.00151302234735, -0.00415515014902, 0.0175518151373, -0.00630668457597, -0.000316490593832, -0.000247010349995], [0.000349587120581, -0.000620228936896, -0.000105950835859, -0.00128958385903, -0.000814949802589, 0.00119476113468, 0.00169617997017, 0.00222129980102, -0.00160135049373, -0.00630668457597, 0.0199157837778, -0.0058171809651, -7.3915856774e-05], [-0.000238112494117, 0.000373723800294, 0.00080728600733, 0.000515238032676, -0.00249755615368, -0.000421788252424, 0.00215812702663, -0.00298413028941, -0.00115884153638, -0.000316490593832, -0.0058171809651, 0.0234391074628, -0.00953187048435], [8.23001828394e-05, 0.000183522715815, -0.000517733918969, 0.00081868696725, 0.000457018584711, 0.000322570966091, -0.00330354482867, 0.00103163928725, 0.000217112639803, -0.000247010349995, -7.3915856774e-05, -0.00953187048435, 0.0240664426237]], "mean": [-690.412597656, 156.055206299, -29.2826976776, 14.8643321991, 1.4555580616, 19.5711784363, -0.756228685379, 8.87224197388, -2.9211397171, 3.61884856224, -3.58644866943, 3.04362654686, -4.40140104294]}, "pitch_salience": {"dmean": 0.0696072876453, "dmean2": 0.115420952439, "dvar": 0.00427543930709, "dvar2": 0.0106670260429, "max": 0.831077158451, "mean": 0.624774754047, "median": 0.64757424593, "min": 0.0554439462721, "var": 0.0120617514476}, "silence_rate_20dB": {"dmean": 0, "dmean2": 0, "dvar": 0, "dvar2": 0, "max": 1, "mean": 1, "median": 1, "min": 1, "var": 0}, "silence_rate_30dB": {"dmean": 0.00432588299736, "dmean2": 0.00865280628204, "dvar": 0.0043073403649, "dvar2": 0.0105016333982, "max": 1, "mean": 0.995914936066, "median": 1, "min": 0, "var": 0.00406825356185}, "silence_rate_60dB": {"dmean": 0.0170632060617, "dmean2": 0.0341305136681, "dvar": 0.0167709458619, "dvar2": 0.0356060005724, "max": 1, "mean": 0.156433984637, "median": 0, "min": 0, "var": 0.131965264678}, "spectral_centroid": {"dmean": 208.58140564, "dmean2": 304.675354004, "dvar": 98209.71875, "dvar2": 169256.46875, "max": 11561.4042969, "mean": 1344.25195312, "median": 1184.65197754, "min": 157.083908081, "var": 938980.9375}, "spectral_complexity": {"dmean": 3.26868534088, "dmean2": 4.77995443344, "dvar": 12.6130685806, "dvar2": 21.3574352264, "max": 64, "mean": 21.6763191223, "median": 23, "min": 0, "var": 171.771118164}, "spectral_contrast_coeffs": {"dmean": [0.0527807325125, 0.0468250028789, 0.0396594107151, 0.0284049026668, 0.0248829144984, 0.0324445962906], "dmean2": [0.0871452689171, 0.0781498849392, 0.0661114603281, 0.0476940535009, 0.0413167588413, 0.0554068870842], "dvar": [0.00183233991265, 0.00140413688496, 0.00100902747363, 0.000530381454155, 0.000605586392339, 0.00101412460208], "dvar2": [0.0048154736869, 0.00387632520869, 0.00271448516287, 0.00144954177085, 0.00147862685844, 0.00255798897706], "max": [-0.34346935153, -0.420929133892, -0.564636409283, -0.610243558884, -0.585446834564, -0.522966265678], "mean": [-0.690097928047, -0.779728531837, -0.796227753162, -0.811175346375, -0.797755300999, -0.732862651348], "median": [-0.696727871895, -0.787840604782, -0.802066206932, -0.811066865921, -0.804171800613, -0.732644677162], "min": [-0.974346876144, -0.985305726528, -0.981224834919, -0.995218336582, -0.991983056068, -0.963926017284], "var": [0.00637874333188, 0.00482400879264, 0.00386221706867, 0.00181558215991, 0.00312200933695, 0.00374760176055]}, "spectral_contrast_valleys": {"dmean": [0.422599226236, 0.406078130007, 0.358692586422, 0.303976267576, 0.349853664637, 0.606906414032], "dmean2": [0.700803041458, 0.67049497366, 0.578237712383, 0.485012710094, 0.533457458019, 1.0506670475], "dvar": [0.146181568503, 0.156066417694, 0.129550561309, 0.119975082576, 0.189109042287, 0.490339666605], "dvar2": [0.352105259895, 0.352267473936, 0.278460323811, 0.257846444845, 0.363266557455, 1.13504803181], "max": [-5.33090543747, -4.61688327789, -5.02404594421, -5.30199575424, -5.16189718246, -8.50291347504], "mean": [-7.50922822952, -6.98811483383, -7.08142852783, -7.35548448563, -8.10431289673, -11.6080150604], "median": [-7.16438484192, -6.54635572433, -6.50269126892, -6.71145582199, -7.76598501205, -11.3462505341], "min": [-27.9897823334, -27.9774208069, -27.8009815216, -27.5899543762, -27.5200386047, -27.3745861053], "var": [3.21156811714, 3.79111170769, 4.04931497574, 4.22043228149, 3.73510360718, 2.83432412148]}, "spectral_decrease": {"dmean": 1.76810099894e-09, "dmean2": 2.74893929841e-09, "dvar": 5.52322060764e-18, "dvar2": 1.32437621401e-17, "max": 4.92299667698e-09, "mean": -3.57365204096e-09, "median": -2.39664776913e-09, "min": -3.47103075171e-08, "var": 1.53525664676e-17}, "spectral_energy": {"dmean": 0.00749865965918, "dmean2": 0.0111483037472, "dvar": 9.1935013188e-05, "dvar2": 0.000204414420296, "max": 0.157459631562, "mean": 0.0297715850174, "median": 0.0275064986199, "min": 9.91493174991e-21, "var": 0.000556336774025}, "spectral_energyband_high": {"dmean": 0.000398234260501, "dmean2": 0.000533494923729, "dvar": 1.07319783638e-06, "dvar2": 1.60415766004e-06, "max": 0.040244191885, "mean": 0.001132999314, "median": 0.000533567974344, "min": 7.25915207104e-21, "var": 5.66419976167e-06}, "spectral_energyband_low": {"dmean": 0.00375241879374, "dmean2": 0.0061386176385, "dvar": 4.7318480938e-05, "dvar2": 0.000121952522022, "max": 0.124614946544, "mean": 0.00563281355426, "median": 0.00295034702867, "min": 2.72104000848e-23, "var": 6.44249521429e-05}, "spectral_energyband_middle_high": {"dmean": 0.0025802901946, "dmean2": 0.00399653147906, "dvar": 1.38368050102e-05, "dvar2": 3.46310152963e-05, "max": 0.0646486654878, "mean": 0.00803663767874, "median": 0.00646724831313, "min": 1.14558486679e-21, "var": 6.17863624939e-05}, "spectral_energyband_middle_low": {"dmean": 0.00336920819245, "dmean2": 0.00523134693503, "dvar": 3.34778378601e-05, "dvar2": 8.02742069936e-05, "max": 0.129672795534, "mean": 0.00850034598261, "median": 0.00485772034153, "min": 1.83570267673e-22, "var": 0.000114395181299}, "spectral_entropy": {"dmean": 0.170981243253, "dmean2": 0.270433694124, "dvar": 0.0438572093844, "dvar2": 0.0942670181394, "max": 9.82809352875, "mean": 7.51075458527, "median": 7.52445888519, "min": 5.08458471298, "var": 0.1932977736}, "spectral_flux": {"dmean": 0.0173376463354, "dmean2": 0.026655184105, "dvar": 0.000329783186316, "dvar2": 0.000713995599654, "max": 0.318658351898, "mean": 0.0924228876829, "median": 0.0966009423137, "min": 6.49725967472e-11, "var": 0.00245580705814}, "spectral_kurtosis": {"dmean": 6.89226341248, "dmean2": 11.4179401398, "dvar": 107.106178284, "dvar2": 250.13130188, "max": 106.701538086, "mean": 27.380903244, "median": 21.3451004028, "min": -1.23779499531, "var": 400.235198975}, "spectral_rms": {"dmean": 0.000634809373878, "dmean2": 0.000913793919608, "dvar": 4.56818042949e-07, "dvar2": 9.25006759189e-07, "max": 0.0123943192884, "mean": 0.0048147495836, "median": 0.00518030952662, "min": 3.11016143395e-12, "var": 5.8635091591e-06}, "spectral_rolloff": {"dmean": 2631.18725586, "dmean2": 4991.36279297, "dvar": 34800096, "dvar2": 86272104, "max": 22050, "mean": 18196.828125, "median": 21081.0058594, "min": 21.533203125, "var": 47074412}, "spectral_skewness": {"dmean": 0.486234307289, "dmean2": 0.770659804344, "dvar": 0.410414904356, "dvar2": 0.891554832458, "max": 8.45162677765, "mean": 3.51682209969, "median": 3.21971654892, "min": -0.0432218238711, "var": 2.25114583969}, "spectral_spread": {"dmean": 475332.8125, "dmean2": 780357.375, "dvar": 423698989056, "dvar2": 881613275136, "max": 42030444, "mean": 3927413.25, "median": 3598363.5, "min": 1406322.25, "var": 7807437373