{"lowlevel": {"average_loudness": 0.883014321327, "barkbands": {"dmean": [0.00604755152017, 0.00861431192607, 0.00238311337307, 0.00131356099155, 0.00143163430039, 0.00212321477011, 0.00158073066268, 0.00101141002961, 0.00115320831537, 0.00084208039334, 0.000432658038335, 0.000502268841956, 0.000587667862419, 0.00044644533773, 0.000224092771532, 0.000182375762961, 9.14687043405e-05, 8.72916352819e-05, 8.38056512293e-05, 7.0009373303e-05, 7.86639502621e-05, 7.12387118256e-05, 2.81937263935e-05, 5.99672966928e-06, 2.48825085691e-06, 1.67096241057e-05, 0.000218120898353], "dmean2": [0.00836543366313, 0.0140962479636, 0.00409602420405, 0.00223468523473, 0.00234711682424, 0.0034137472976, 0.00251196650788, 0.00162521598395, 0.00183805369306, 0.0013166393619, 0.000709214305971, 0.000831190031022, 0.000979414209723, 0.000742120377254, 0.000372702488676, 0.000300094805425, 0.000149128725752, 0.000140479998663, 0.000129251842736, 0.000104785794974, 0.000110007960757, 9.76003138931e-05, 3.94068047171e-05, 8.96868550626e-06, 4.15482281824e-06, 2.3248117941e-05, 0.000305643567117], "dvar": [0.000189086000319, 0.000241711706622, 1.73657190317e-05, 4.34759294876e-06, 8.64819412527e-06, 3.31003466272e-05, 1.36821126944e-05, 7.15194437362e-06, 8.68501138029e-06, 4.65571929453e-06, 1.40589975217e-06, 1.06099537334e-06, 1.21808318454e-06, 6.45900286145e-07, 1.92864447968e-07, 1.69080877299e-07, 3.84941998277e-08, 4.60387958867e-08, 3.1279817847e-08, 2.71787676809e-08, 2.47612330639e-08, 1.83307040658e-08, 5.34026822763e-09, 2.26182905738e-10, 1.68456481403e-11, 1.32433664035e-09, 1.41068682069e-07], "dvar2": [0.000354219926521, 0.000633687304799, 4.60048322566e-05, 1.12989546324e-05, 2.06126260309e-05, 7.90996564319e-05, 3.11940311803e-05, 1.92011684703e-05, 2.01582570298e-05, 1.00570887298e-05, 2.86667977889e-06, 2.51419828601e-06, 3.08628682433e-06, 1.62021206052e-06, 5.13144243541e-07, 4.35375739016e-07, 9.627046893e-08, 1.08720648484e-07, 7.21997537312e-08, 5.95013176508e-08, 4.86588760396e-08, 3.49404452038e-08, 1.01972661426e-08, 4.52111292848e-10, 4.31833145631e-11, 2.63615196339e-09, 2.76633187468e-07], "max": [0.183119118214, 0.186387211084, 0.0638960152864, 0.0520521402359, 0.16550347209, 0.163052469492, 0.0946811363101, 0.0806591957808, 0.122226119041, 0.0991231426597, 0.0733509585261, 0.0437117181718, 0.0367625765502, 0.0308768879622, 0.0145720541477, 0.010840781033, 0.00544812297449, 0.00911449454725, 0.00608402350917, 0.00567791145295, 0.00448217568919, 0.00306148035452, 0.00217533181421, 0.000408399500884, 7.34671193641e-05, 0.0011534843361, 0.0130865946412], "mean": [0.00708079058677, 0.0108231082559, 0.00284650572576, 0.00165734940674, 0.00226379698142, 0.00316871283576, 0.00250372220762, 0.00148221210111, 0.00174715812318, 0.00127209001221, 0.000600680650678, 0.00074339954881, 0.000877304002643, 0.000667184242047, 0.000362115475582, 0.000316382676829, 0.000175257577212, 0.000172129381099, 0.000172732936335, 0.000145284240716, 0.000157129572472, 0.000126277125673, 4.16856892116e-05, 8.19244178274e-06, 2.68957523986e-06, 2.75151378446e-05, 0.000712523527909], "median": [0.000874633667991, 0.00432948162779, 0.00147690903395, 0.000916244753171, 0.00133036042098, 0.00103843340185, 0.000874605495483, 0.000502503360622, 0.000617668090854, 0.000427950435551, 0.000206953496672, 0.000332227093168, 0.000394290604163, 0.000320711056702, 0.00019218325906, 0.000128855521325, 7.25900317775e-05, 7.04988633515e-05, 8.01881178631e-05, 5.96562531427e-05, 6.67741769576e-05, 4.4641950808e-05, 1.20289341794e-05, 3.23433118865e-06, 1.16768853786e-06, 1.16389574032e-05, 0.000435665773693], "min": [2.92846960301e-24, 8.83651220453e-24, 4.51462768918e-24, 9.89934450214e-24, 2.42426517169e-23, 7.10632093605e-24, 2.26795301441e-23, 1.72541108694e-23, 4.2374133685e-23, 2.33276046212e-23, 2.98008930798e-23, 4.75216309519e-23, 2.8869541807e-23, 4.85524197195e-23, 4.91671064478e-23, 8.70100830467e-23, 1.07762186186e-22, 1.09321909346e-22, 1.66608420303e-22, 2.67668052963e-22, 2.73497873892e-22, 4.08572822753e-22, 4.07617303938e-22, 6.70376168202e-22, 8.08307424629e-22, 1.4084908757e-21, 1.91807775389e-21], "var": [0.000289929477731, 0.000297004240565, 1.92362185771e-05, 6.44501460556e-06, 1.29700774778e-05, 6.06210851402e-05, 2.8107986509e-05, 1.20552840599e-05, 1.89874954231e-05, 1.0004525393e-05, 2.66915344582e-06, 2.28508451983e-06, 2.24470636567e-06, 1.23276606701e-06, 3.13241002914e-07, 3.93680579691e-07, 1.05136194861e-07, 1.24045541838e-07, 9.60129113992e-08, 8.19263163976e-08, 7.19348847156e-08, 4.67714222907e-08, 8.92193252611e-09, 3.37095129588e-10, 1.80924216581e-11, 2.30659691347e-09, 1.0068388292e-06]}, "barkbands_crest": {"dmean": 2.96994662285, "dmean2": 4.81721115112, "dvar": 6.80749130249, "dvar2": 16.4725093842, "max": 25.5169391632, "mean": 9.50253391266, "median": 8.59802150726, "min": 2.58986091614, "var": 17.0164871216}, "barkbands_flatness_db": {"dmean": 0.0282345414162, "dmean2": 0.0424000322819, "dvar": 0.000714246009011, "dvar2": 0.00148642074782, "max": 0.410896807909, "mean": 0.135237365961, "median": 0.126568093896, "min": 0.0154793160036, "var": 0.00285143242218}, "barkbands_kurtosis": {"dmean": 7.13382005692, "dmean2": 11.2073345184, "dvar": 267.733337402, "dvar2": 621.824401855, "max": 408.954864502, "mean": 10.6858072281, "median": 5.16708087921, "min": -1.76947569847, "var": 451.268035889}, "barkbands_skewness": {"dmean": 0.807217597961, "dmean2": 1.22352194786, "dvar": 1.00409114361, "dvar2": 2.12443995476, "max": 17.9332275391, "mean": 2.29431128502, "median": 1.94066524506, "min": -1.97981154919, "var": 2.70596957207}, "barkbands_spread": {"dmean": 7.56330060959, "dmean2": 11.2297286987, "dvar": 68.3404922485, "dvar2": 133.68359375, "max": 117.708999634, "mean": 25.5578117371, "median": 21.3919086456, "min": 0.610666871071, "var": 314.684265137}, "dissonance": {"dmean": 0.0207981076092, "dmean2": 0.0349374897778, "dvar": 0.000456871639472, "dvar2": 0.00122883066069, "max": 0.500000059605, "mean": 0.466865777969, "median": 0.475168555975, "min": 0.201317593455, "var": 0.0008269668906}, "dynamic_complexity": 3.610039711, "erbbands": {"dmean": [0.464839667082, 1.26096427441, 2.61409044266, 3.41674828529, 4.31739091873, 4.62238025665, 13.5279750824, 18.1191864014, 16.5828609467, 31.3647537231, 18.6190872192, 27.1614761353, 23.4398212433, 24.5781345367, 16.3601589203, 20.8849811554, 25.8198871613, 25.1958026886, 14.4735956192, 9.94920158386, 8.43246459961, 4.90172243118, 4.88785457611, 4.03561401367, 4.04240942001, 3.21343207359, 3.27990269661, 3.15667366982, 2.75443959236, 1.50509512424, 0.713689506054, 0.223467290401, 0.0644008815289, 0.0292269904166, 0.0175544023514, 0.0155643932521, 0.0316932611167, 0.0568917840719, 0.0241695586592, 0.00474829506129], "dmean2": [0.749153137207, 2.11170840263, 4.49636077881, 5.73399019241, 7.31818246841, 7.56838798523, 21.8400249481, 29.3877773285, 26.7782096863, 49.6525878906, 30.1182804108, 43.3160324097, 36.8484535217, 38.974029541, 26.7869148254, 34.4478607178, 43.0499420166, 41.566608429, 24.0841770172, 16.5249404907, 13.7614336014, 7.93748855591, 7.76928043365, 6.34416866302, 6.09949016571, 4.77485942841, 4.64434480667, 4.41199827194, 3.80085706711, 2.05873656273, 0.99249792099, 0.321904420853, 0.0993051156402, 0.0484070032835, 0.0292965061963, 0.0238416939974, 0.0432058237493, 0.0733687654138, 0.0311891362071, 0.00695811165497], "dvar": [0.866107344627, 4.77022123337, 23.4763050079, 26.4390945435, 51.6379470825, 92.3059310913, 1506.52905273, 3197.38574219, 1392.69665527, 7940.6171875, 2056.45336914, 5796.45117188, 3510.52807617, 5473.00732422, 1365.42785645, 1850.06921387, 2272.4621582, 2241.8112793, 730.554443359, 374.070220947, 405.559417725, 108.15436554, 166.756362915, 69.575881958, 78.9159088135, 62.2178115845, 56.8084564209, 36.1747360229, 28.286529541, 9.58865261078, 3.83386015892, 0.459321975708, 0.015349839814, 0.00230229017325, 0.000829632859677, 0.000722844444681, 0.00546485558152, 0.0102988900617, 0.00256756949238, 7.25327263353e-05], "dvar2": [2.12168335915, 12.8931474686, 61.5724563599, 67.3190765381, 135.541656494, 220.931838989, 3648.75390625, 7490.21484375, 3313.50854492, 19910.3320312, 5238.33203125, 13553.3740234, 7746.5625, 11573.8583984, 3148.66259766, 4556.64794922, 5805.06787109, 5554.47460938, 1921.05297852, 983.21105957, 1031.83728027, 269.480072021, 389.244354248, 165.33164978, 176.110855103, 134.03364563, 116.071876526, 75.1982879639, 55.1971969604, 18.2903709412, 7.41648054123, 0.909745752811, 0.0318265631795, 0.00578917609528, 0.00212943647057, 0.00153359712567, 0.0109939165413, 0.0182631872594, 0.00460379896685, 0.000152841006638], "max": [10.2870540619, 38.4623641968, 92.0264511108, 119.509643555, 364.577545166, 475.159820557, 1275.92346191, 1860.00622559, 858.549194336, 2929.11572266, 1097.34692383, 3187.33886719, 2148.36352539, 5329.98242188, 1332.67285156, 1732.1003418, 1305.34033203, 1687.62512207, 822.186401367, 533.56060791, 563.106811523, 287.377716064, 611.276245117, 247.604431152, 310.56552124, 250.24949646, 252.633392334, 170.2421875, 111.226882935, 79.672088623, 59.241809845, 21.7630023956, 2.81485939026, 0.851214110851, 0.515043377876, 0.74379080534, 2.58289599419, 2.40382027626, 2.06232380867, 0.321612894535], "mean": [0.556977570057, 1.54231023788, 3.23161077499, 4.73083591461, 6.25196933746, 6.82891845703, 18.9325942993, 26.6795139313, 26.4977550507, 48.4455223083, 30.210231781, 40.8614387512, 36.4246940613, 38.5207290649, 25.0995941162, 32.7069778442, 40.3787231445, 38.5799636841, 23.7852096558, 17.3075237274, 15.9224634171, 10.038312912, 9.57999038696, 8.52440547943, 8.72190380096, 6.77187681198, 6.57615709305, 6.07932472229, 4.8444070816, 2.47185659409, 1.03930127621, 0.310792505741, 0.0871085524559, 0.0333707034588, 0.0189579445869, 0.0224914290011, 0.0534033849835, 0.111648097634, 0.0635364800692, 0.0187475644052], "median": [0.147018775344, 0.778419554234, 1.71479034424, 2.76211071014, 3.80770635605, 3.55715847015, 6.29304790497, 8.58388614655, 9.81460666656, 15.6499414444, 11.5729217529, 14.108587265, 14.1311731339, 13.3992099762, 10.4272766113, 15.2795295715, 19.3161849976, 18.0692119598, 12.9152469635, 9.17701721191, 6.46832084656, 4.27510786057, 3.85811257362, 4.01152563095, 3.753002882, 2.78495979309, 2.68275785446, 2.51413393021, 1.72964906693, 0.78173327446, 0.293736547232, 0.104043908417, 0.0396205410361, 0.0153796570376, 0.00827667396516, 0.0113353999332, 0.0232096146792, 0.0473586879671, 0.031515352428, 0.0136132901534], "min": [2.35486996138e-22, 2.37100518349e-21, 7.72587580697e-21, 2.91211422653e-20, 3.74406599101e-20, 8.42008083527e-20, 9.692748614e-20, 9.37199252938e-20, 3.79137173939e-19, 3.11090143124e-19, 5.7609815772e-19, 8.17656661775e-19, 1.08492709289e-18, 9.12375562755e-19, 1.02480357347e-18, 1.70034099003e-18, 1.67571851153e-18, 2.53420284379e-18, 2.50442351456e-18, 5.11984804988e-18, 5.42623492159e-18, 6.54221282371e-18, 5.7918119428e-18, 9.88252447434e-18, 9.24257950216e-18, 1.23278184304e-17, 1.18300914481e-17, 1.09057965229e-17, 1.27264309773e-17, 1.3435300774e-17, 1.27143284978e-17, 1.25464124878e-17, 1.14341109899e-17, 8.77944107719e-18, 6.28574671556e-18, 4.54948385646e-18, 2.43645449722e-18, 1.05142245238e-18, 2.694067026e-19, 2.80634109064e-20], "var": [1.14686071873, 5.07744455338, 25.5742721558, 41.3621330261, 78.1173171997, 136.125244141, 2333.01806641, 5471.90820312, 2751.98706055, 14854.0527344, 3977.20117188, 11910.5644531, 7145.65966797, 10862.2216797, 2698.22851562, 3966.07763672, 4036.96606445, 4549.265625, 1202.60742188, 667.878234863, 1089.63232422, 323.581695557, 410.715667725, 218.479629517, 279.460571289, 185.039169312, 156.918167114, 96.6449279785, 68.477722168, 20.4583187103, 6.15515613556, 0.664348900318, 0.0237469729036, 0.00262429821305, 0.000892981886864, 0.00121203402523, 0.00911013688892, 0.0292731449008, 0.0108562251553, 0.000525943643879]}, "erbbands_crest": {"dmean": 2.73122167587, "dmean2": 4.41693496704, "dvar": 6.7269859314, "dvar2": 16.4546470642, "max": 31.7807483673, "mean": 8.47644710541, "median": 7.31579875946, "min": 2.04661202431, "var": 18.2948379517}, "erbbands_flatness_db": {"dmean": 0.021993374452, "dmean2": 0.0325502790511, "dvar": 0.000401768047595, "dvar2": 0.00084341596812, "max": 0.345386683941, "mean": 0.138583287597, "median": 0.133761376143, "min": 0.0325860492885, "var": 0.00179672951344}, "erbbands_kurtosis": {"dmean": 1.15555799007, "dmean2": 1.8253724575, "dvar": 2.67926168442, "dvar2": 6.31579113007, "max": 36.7793540955, "mean": 0.943095505238, "median": 0.287320613861, "min": -1.65887343884, "var": 5.70243644714}, "erbbands_skewness": {"dmean": 0.399040609598, "dmean2": 0.609303116798, "dvar": 0.138047531247, "dvar2": 0.315693229437, "max": 4.71152353287, "mean": 0.321871459484, "median": 0.276321440935, "min": -3.73691058159, "var": 0.644608318806}, "erbbands_spread": {"dmean": 8.10783576965, "dmean2": 12.017159462, "dvar": 74.0266799927, "dvar2": 153.909973145, "max": 112.84262085, "mean": 31.7109565735, "median": 28.4751148224, "min": 1.75053036213, "var": 266.895996094}, "gfcc": {"cov": [[14149.4755859, -177.059860229, -848.081481934, 217.052108765, 31.6334438324, -232.95489502, 537.107971191, -425.012207031, 183.332580566, -64.5892715454, -72.8642578125, 200.964233398, -186.121551514], [-177.059860229, 859.525695801, 65.6234741211, -378.356048584, 50.0151329041, -11.06960392, -90.0208129883, 30.9289093018, -40.9014930725, 6.30479383469, 78.7772903442, -107.031929016, 80.7955169678], [-848.081481934, 65.6234741211, 423.889190674, 116.179252625, -106.104942322, 93.1252288818, -76.4402618408, 81.8350448608, -30.3455753326, 18.9737129211, -14.59760952, 7.13955831528, 7.54547548294], [217.052108765, -378.356048584, 116.179252625, 437.57925415, 88.5203857422, 8.75030899048, 91.4709243774, -4.1697883606, 47.0038490295, -20.2644538879, -48.4055404663, 74.9192352295, -49.9488334656], [31.6334438324, 50.0151329041, -106.104942322, 88.5203857422, 279.535644531, 18.039100647, 50.8690376282, 6.05165481567, 5.51372146606, -20.3621139526, 22.456659317, -18.4355983734, 22.4391670227], [-232.95489502, -11.06960392, 93.1252288818, 8.75030899048, 18.039100647, 256.589324951, -13.1065378189, 47.7496795654, -33.8030090332, -15.6457948685, 0.373675763607, 23.3922805786, 19.9224357605], [537.107971191, -90.0208129883, -76.4402618408, 91.4709243774, 50.8690376282, -13.1065378189, 182.079986572, -32.3846855164, 43.3872756958, -11.4840698242, -17.3924541473, 44.254573822, -29.2212734222], [-425.012207031, 30.9289093018, 81.8350448608, -4.1697883606, 6.05165481567, 47.7496795654, -32.3846855164, 152.360137939, 13.2902259827, 26.5332641602, 13.5823783875, -32.8076705933, 30.7454528809], [183.332580566, -40.9014930725, -30.3455753326, 47.0038490295, 5.51372146606, -33.8030090332, 43.3872756958, 13.2902259827, 121.344146729, 35.8266601562, -4.68895339966, 15.7789325714, -30.6718025208], [-64.5892715454, 6.30479383469, 18.9737129211, -20.2644538879, -20.3621139526, -15.6457948685, -11.4840698242, 26.5332641602, 35.8266601562, 93.7784957886, 45.039894104, -2.54703164101, 1.56899511814], [-72.8642578125, 78.7772903442, -14.59760952, -48.4055404663, 22.456659317, 0.373675763607, -17.3924541473, 13.5823783875, -4.68895339966, 45.039894104, 76.4764175415, 10.7475795746, 24.7979049683], [200.964233398, -107.031929016, 7.13955831528, 74.9192352295, -18.4355983734, 23.3922805786, 44.254573822, -32.8076705933, 15.7789325714, -2.54703164101, 10.7475795746, 93.5326385498, 3.88013505936], [-186.121551514, 80.7955169678, 7.54547548294, -49.9488334656, 22.4391670227, 19.9224357605, -29.2212734222, 30.7454528809, -30.6718025208, 1.56899511814, 24.7979049683, 3.88013505936, 78.0807495117]], "icov": [[0.000106112478534, -0.00026344798971, 0.000464638782432, -0.000408988737036, 0.000313054246362, -9.53488488449e-05, -0.00010535709589, 4.17359406129e-05, 0.000133610534249, -0.000219762892812, 0.000206087512197, -0.000143485274748, 9.60920224315e-05], [-0.00026344798971, 0.00517923710868, -0.00545783946291, 0.00629888707772, -0.00375051191077, 0.00129202299286, -0.0011438683141, 0.00186350557487, -0.00328837987036, 0.00432133022696, -0.00473593501374, 0.00329120433889, -0.00188214960508], [0.000464638782432, -0.00545783946291, 0.0107095204294, -0.00925021711737, 0.00661957543343, -0.00276370067149, 0.00224709766917, -0.00313996011391, 0.00461468147114, -0.00553147261962, 0.00488440180197, -0.00235965661705, 0.00117287563626], [-0.000408988737036, 0.00629888707772, -0.00925021711737, 0.0137036517262, -0.00885650794953, 0.00315828179009, -0.00157905684318, 0.000533426762559, -0.00328917475417, 0.00374762876891, -0.0004660829145, -0.0031593113672, 0.00204347795807], [0.000313054246362, -0.00375051191077, 0.00661957543343, -0.00885650794953, 0.0109197553247, -0.00297233089805, -0.00112417154014, 0.000180003829882, 0.000428882980486, 0.00074014486745, -0.0037297331728, 0.00563624128699, -0.00349143752828], [-9.53488488449e-05, 0.00129202299286, -0.00276370067149, 0.00315828179009, -0.00297233089805, 0.00581669481471, 3.34280557581e-05, -0.00207618204877, 0.00117622560356, 0.00102549965959, 0.000849036150612, -0.00374131230637, 0.00128103408497], [-0.00010535709589, -0.0011438683141, 0.00224709766917, -0.00157905684318, -0.00112417154014, 3.34280557581e-05, 0.00919815618545, -0.00119285017718, -3.101693801e-05, -0.00164205476176, 0.00392611790448, -0.00560413114727, 0.00298420689069], [4.17359406129e-05, 0.00186350557487, -0.00313996011391, 0.000533426762559, 0.000180003829882, -0.00207618204877, -0.00119285017718, 0.0124892946333, -0.00561168650165, 0.00151774205733, -0.00486432109028, 0.00920146610588, -0.00721766101196], [0.000133610534249, -0.00328837987036, 0.00461468147114, -0.00328917475417, 0.000428882980486, 0.00117622560356, -3.101693801e-05, -0.00561168650165, 0.0167145263404, -0.0106776813045, 0.00933948438615, -0.00841247756034, 0.00717813288793], [-0.000219762892812, 0.00432133022696, -0.00553147261962, 0.00374762876891, 0.00074014486745, 0.00102549965959, -0.00164205476176, 0.00151774205733, -0.0106776813045, 0.0262187682092, -0.0208287034184, 0.00904060993344, -0.00230551254936], [0.000206087512197, -0.00473593501374, 0.00488440180197, -0.0004660829145, -0.0037297331728, 0.000849036150612, 0.00392611790448, -0.00486432109028, 0.00933948438615, -0.0208287034184, 0.0360768139362, -0.016757754609, 0.00232394388877], [-0.000143485274748, 0.00329120433889, -0.00235965661705, -0.0031593113672, 0.00563624128699, -0.00374131230637, -0.00560413114727, 0.00920146610588, -0.00841247756034, 0.00904060993344, -0.016757754609, 0.0294726975262, -0.0115550942719], [9.60920224315e-05, -0.00188214960508, 0.00117287563626, 0.00204347795807, -0.00349143752828, 0.00128103408497, 0.00298420689069, -0.00721766101196, 0.00717813288793, -0.00230551254936, 0.00232394388877, -0.0115550942719, 0.0235153958201]], "mean": [-2.96691918373, 94.2849807739, -85.7508392334, -2.4768345356, -17.6339969635, -17.7003669739, 6.06365346909, -21.1372528076, 2.30560112, -1.06349933147, -6.88448047638, -1.37101364136, -10.7694091797]}, "hfc": {"dmean": 31.0110340118, "dmean2": 48.273475647, "dvar": 1384.22485352, "dvar2": 3441.10668945, "max": 689.120788574, "mean": 125.915061951, "median": 110.168632507, "min": 1.11456592136e-16, "var": 8013.72802734}, "melbands": {"dmean": [0.00331741315313, 0.00134788942523, 0.00059674604563, 0.000291124306386, 0.00040670618182, 0.000395704410039, 0.000266426912276, 0.000315630226396, 0.000153909393703, 0.000173288513906, 0.00011940926197, 0.000105840546894, 5.82233187743e-05, 5.64790825592e-05, 5.64992478758e-05, 5.9957310441e-05, 4.65312587039e-05, 2.57084648183e-05, 1.54608751473e-05, 1.40574111356e-05, 9.84451435215e-06, 5.67146025787e-06, 4.57133137388e-06, 4.52743870483e-06, 3.44850195688e-06, 3.50397885995e-06, 2.67487644123e-06, 2.20979131882e-06, 2.21925188271e-06, 2.0155139282e-06, 1.94211406779e-06, 1.79533867595e-06, 1.13778025934e-06, 7.58705198223e-07, 4.67174118057e-07, 2.36975893131e-07, 9.9086769012e-08, 4.72290828668e-08, 2.99035107787e-08, 2.28984013972e-08], "dmean2": [0.00517721660435, 0.00227679032832, 0.000999844749458, 0.000482963514514, 0.00065373047255, 0.000638171448372, 0.000426455604611, 0.000500885071233, 0.000249904842349, 0.00027691028663, 0.000187881581951, 0.000167831094586, 9.53109920374e-05, 9.31485119509e-05, 9.35191492317e-05, 9.96341332211e-05, 7.72360435803e-05, 4.30151885666e-05, 2.56851089944e-05, 2.33150913118e-05, 1.61380976351e-05, 9.30121586862e-06, 7.39328561394e-06, 7.34967898097e-06, 5.50166259927e-06, 5.42006546311e-06, 4.09890753872e-06, 3.37038432008e-06, 3.25270252688e-06, 2.94863548334e-06, 2.80532890429e-06, 2.5518450002e-06, 1.60128388416e-06, 1.07524454052e-06, 6.63097182496e-07, 3.44546037923e-07, 1.48217523588e-07, 7.34010470183e-08, 4.86704934133e-08, 3.83349707533e-08], "dvar": [3.88517910324e-05, 5.57293378733e-06, 7.85231122791e-07, 2.26467562925e-07, 1.27418866214e-06, 1.33695948534e-06, 3.54255718094e-07, 7.96045526386e-07, 1.48346174456e-07, 2.19917794197e-07, 9.41042728186e-08, 9.67451967426e-08, 2.11283417428e-08, 1.64064353214e-08, 9.37273814117e-09, 1.27244108583e-08, 7.52354623046e-09, 2.29597629797e-09, 8.95607144002e-10, 9.82929626581e-10, 6.63572696791e-10, 1.51694642958e-10, 1.29238689195e-10, 1.35867886386e-10, 5.22939157255e-11, 6.19757994924e-11, 3.9180624023e-11, 3.0334578599e-11, 2.99040930907e-11, 1.78716295235e-11, 1.48341772893e-11, 1.21819741794e-11, 5.21927076211e-12, 2.70702102227e-12, 1.66980275093e-12, 6.1880031264e-13, 8.08122964163e-14, 8.43641935553e-15, 2.59144309202e-15, 1.43839503449e-15], "dvar2": [8.92852549441e-05, 1.45661761053e-05, 2.00824570129e-06, 5.84140593674e-07, 3.05348157781e-06, 3.13797704621e-06, 8.14238774183e-07, 2.03787067221e-06, 3.61016105899e-07, 5.18902879776e-07, 2.06224171961e-07, 2.06425411875e-07, 4.6353338945e-08, 3.74337254527e-08, 2.4104457097e-08, 3.20704209855e-08, 1.88641582355e-08, 6.04110850233e-09, 2.36142927434e-09, 2.5626758493e-09, 1.7163008792e-09, 3.84902221207e-10, 3.21703608197e-10, 3.30319799291e-10, 1.30073882221e-10, 1.40569958451e-10, 8.80851086515e-11, 6.73458719347e-11, 6.550374132e-11, 3.82735752813e-11, 3.24854067257e-11, 2.48933790248e-11, 1.07361602247e-11, 5.33256251656e-12, 3.32683251607e-12, 1.30537171784e-12, 1.63362609573e-13, 1.80623067501e-14, 6.30884369269e-15, 3.68261168698e-15], "max": [0.0668132156134, 0.0523535832763, 0.0184291470796, 0.0187684092671, 0.046413064003, 0.0371905826032, 0.0166303701699, 0.0296400412917, 0.0133376028389, 0.0170123651624, 0.0109865246341, 0.0206203944981, 0.00621180422604, 0.00644521880895, 0.00202784384601, 0.00387884560041, 0.00297920731828, 0.00134895718656, 0.000943416322116, 0.000903447507881, 0.000857804378029, 0.000353835290298, 0.000437935988884, 0.000462952331873, 0.000222837916226, 0.000285562069621, 0.00019592444005, 0.000186119301361, 0.00018560247554, 0.000117190160381, 8.9532637503e-05, 6.94043847034e-05, 5.84795088798e-05, 4.241174247e-05, 4.1044986574e-05, 2.69162173936e-05, 8.87792430149e-06, 2.12288432522e-06, 1.5370607116e-06, 6.88224645273e-07], "mean": [0.00436040759087, 0.00180814485066, 0.000889323593583, 0.000445783545729, 0.000588056340348, 0.000594955112319, 0.000431489403127, 0.000489906931762, 0.000239045300987, 0.000255697465036, 0.000179684357136, 0.000161394898896, 8.40239299578e-05, 8.22330111987e-05, 8.68049173732e-05, 8.97291247384e-05, 6.77554562571e-05, 3.92232759623e-05, 2.50021948887e-05, 2.25225921895e-05, 1.75925833901e-05, 1.05754916149e-05, 8.42337431095e-06, 8.41769724502e-06, 6.59611760057e-06, 6.84624774294e-06, 5.4300071497e-06, 4.23243227488e-06, 4.17227602156e-06, 3.73021271116e-06, 3.49008951162e-06, 3.03524893752e-06, 1.85375824913e-06, 1.16618855373e-06, 6.5861377152e-07, 3.15683820418e-07, 1.34236032068e-07, 6.30364596077e-08, 3.61649696856e-08, 2.45393092513e-08], "median": [0.00134993938264, 0.00104998331517, 0.000562225293834, 0.000276032253169, 0.000214769766899, 0.000197600966203, 0.000161696894793, 0.000159984643687, 8.73995595612e-05, 8.59628053149e-05, 6.64871549816e-05, 5.26811782038e-05, 3.11110488838e-05, 3.43660649378e-05, 4.0998471377e-05, 3.9487506001e-05, 3.08642847813e-05, 1.98400775844e-05, 1.3276721802e-05, 9.98857740342e-06, 6.46761736789e-06, 4.29128431279e-06, 3.40347969541e-06, 3.25841824633e-06, 3.07557047563e-06, 2.9742445804e-06, 2.12345548789e-06, 1.69764734892e-06, 1.6293582803e-06, 1.58159207331e-06, 1.35752657116e-06, 1.0608022194e-06, 6.09958362929e-07, 3.44376871908e-07, 1.76716952183e-07, 9.12501150196e-08, 4.84022493197e-08, 2.86835906138e-08, 1.70469149907e-08, 1.04982067484e-08], "min": [4.16434899258e-24, 6.99652490868e-24, 5.5146986076e-24, 5.07436512777e-24, 2.83314759552e-24, 2.19379160906e-24, 6.02989774834e-24, 2.66637214497e-24, 4.42509079315e-24, 6.04505571064e-24, 5.50425882238e-24, 3.70705382e-24, 3.6559364222e-24, 5.59032867473e-24, 5.14801633733e-24, 3.04969661932e-24, 4.40529748418e-24, 3.46868450913e-24, 4.62368849819e-24, 6.75714191155e-24, 5.51961676091e-24, 7.02744036756e-24, 4.08554454916e-24, 5.83384411972e-24, 6.59074156435e-24, 4.92758611787e-24, 7.10778348417e-24, 7.76922126509e-24, 7.02851242953e-24, 6.40601124516e-24, 5.94677586919e-24, 5.91871727008e-24, 8.78202794839e-24, 5.93791183363e-24, 7.15494158908e-24, 5.50083201061e-24, 7.49416361124e-24, 8.11330977018e-24, 7.87584922707e-24, 6.55122515503e-24], "var": [5.92511496507e-05, 6.37937819192e-06, 1.26103816456e-06, 3.51555172529e-07, 2.01329976335e-06, 2.39960559156e-06, 7.3255080224e-07, 1.47816479057e-06, 3.06281918938e-07, 4.32480987911e-07, 1.92432551671e-07, 1.96041156642e-07, 4.1028993536e-08, 3.66081103209e-08, 1.84919048962e-08, 2.37879760334e-08, 1.42606975118e-08, 3.6043532603e-09, 1.46432688197e-09, 1.73125991321e-09, 1.65153968279e-09, 3.89063753437e-10, 2.90156954019e-10, 3.35160371678e-10, 1.32713964818e-10, 1.77265521706e-10, 1.27751559331e-10, 7.71386773901e-11, 7.17087014768e-11, 4.32523877825e-11, 3.47078581153e-11, 2.77944889326e-11, 1.0975306601e-11, 5.12905429934e-12, 2.57853612594e-12, 8.13970256214e-13, 1.14891806464e-13, 1.25102446441e-14, 3.23325901439e-15, 1.53506224608e-15]}, "melbands_crest": {"dmean": 4.7729640007, "dmean2": 7.47549343109, "dvar": 18.8105297089, "dvar2": 38.0613288879, "max": 38.9069862366, "mean": 15.8840208054, "median": 13.7851457596, "min": 1.86251211166, "var": 58.9417915344}, "melbands_flatness_db": {"dmean": 0.0351157747209, "dmean2": 0.0533719882369, "dvar": 0.000997679890133, "dvar2": 0.00219801533967, "max": 0.579029023647, "mean": 0.243542328477, "median": 0.237637683749, "min": 0.00465427245945, "var": 0.00443248543888}, "melbands_kurtosis": {"dmean": 12.6087446213, "dmean2": 20.2202129364, "dvar": 1432.22766113, "dvar2": 3408.96630859, "max": 1140.23974609, "mean": 16.8900794983, "median": 6.28437995911, "min": -1.89159429073, "var": 1906.65161133}, "melbands_skewness": {"dmean": 1.04522955418, "dmean2": 1.59021365643, "dvar": 2.0320622921, "dvar2": 4.325694561, "max": 30.3225402832, "mean": 2.69778585434, "median": 2.11863732338, "min": -2.14281702042, "var": 5.15867185593}, "melbands_spread": {"dmean": 6.08841466904, "dmean2": 9.50658226013, "dvar": 51.0069236755, "dvar2": 110.692321777, "max": 186.940597534, "mean": 18.0939998627, "median": 15.3703765869, "min": 0.344728291035, "var": 189.167053223}, "mfcc": {"cov": [[8576.68261719, 312.829284668, -920.607055664, 401.450927734, -529.665710449, 415.901733398, -190.20375061, 151.354949951, -72.6091461182, 70.7853317261, 22.9588623047, 63.8684196472, 8.75966358185], [312.829284668, 1325.4107666, -67.6843261719, -274.089782715, 46.5537796021, -134.951309204, 69.5311660767, -149.110061646, -13.4831724167, 3.94098806381, 42.6049804688, -22.0310401917, 0.371650069952], [-920.607055664, -67.6843261719, 578.514038086, -45.508846283, 21.3557777405, -26.8842220306, -18.7683506012, 15.738360405, 6.93190717697, -7.0502038002, -2.35590100288, 1.72689414024, -5.58472919464], [401.450927734, -274.089782715, -45.508846283, 433.060455322, -8.07671260834, 74.8661880493, -33.0771064758, 63.4989356995, 26.8020858765, 16.3179740906, 16.5031776428, 23.2568302155, 5.71294641495], [-529.665710449, 46.5537796021, 21.3557777405, -8.07671260834, 252.426544189, -10.5179080963, 74.1793289185, 4.2256026268, 33.9547271729, -5.93924045563, 10.9493656158, 0.537227094173, 5.66825532913], [415.901733398, -134.951309204, -26.8842220306, 74.8661880493, -10.5179080963, 212.455154419, 14.7469882965, 91.6520843506, -9.74455451965, -5.9167971611, -11.3018846512, 5.83884239197, -4.79838895798], [-190.20375061, 69.5311660767, -18.7683506012, -33.0771064758, 74.1793289185, 14.7469882965, 151.370010376, 15.9156885147, 15.913561821, -16.3733291626, -10.7457151413, -8.83814716339, 6.14869642258], [151.354949951, -149.110061646, 15.738360405, 63.4989356995, 4.2256026268, 91.6520843506, 15.9156885147, 144.258743286, 36.7487945557, 0.210261568427, -15.5075349808, 5.38786697388, -2.86869859695], [-72.6091461182, -13.4831724167, 6.93190717697, 26.8020858765, 33.9547271729, -9.74455451965, 15.913561821, 36.7487945557, 82.2286071777, 29.2126712799, 11.1885938644, 5.49470281601, 2.97255444527], [70.7853317261, 3.94098806381, -7.0502038002, 16.3179740906, -5.93924045563, -5.9167971611, -16.3733291626, 0.210261568427, 29.2126712799, 71.4770050049, 37.1744270325, 10.6806659698, 1.20811498165], [22.9588623047, 42.6049804688, -2.35590100288, 16.5031776428, 10.9493656158, -11.3018846512, -10.7457151413, -15.5075349808, 11.1885938644, 37.1744270325, 81.3435668945, 32.0138931274, 8.05871486664], [63.8684196472, -22.0310401917, 1.72689414024, 23.2568302155, 0.537227094173, 5.83884239197, -8.83814716339, 5.38786697388, 5.49470281601, 10.6806659698, 32.0138931274, 59.4283866882, 24.08203125], [8.75966358185, 0.371650069952, -5.58472919464, 5.71294641495, 5.66825532913, -4.79838895798, 6.14869642258, -2.86869859695, 2.97255444527, 1.20811498165, 8.05871486664, 24.08203125, 51.1175918579]], "icov": [[0.000205253658351, -0.000140201780596, 0.000278881256236, -0.000144380042912, 0.000348440429661, -0.000321629311657, 0.000174062239239, -0.000161005897098, 9.06836939976e-05, -0.000142903678352, 7.55152577767e-05, -0.000170597195392, -1.97812023544e-05], [-0.000140201780596, 0.00110700319055, -5.89072406001e-05, 0.000603306398261, -0.000238904845901, 0.000358176068403, -0.000530625635292, 0.000837747298647, -0.000288133858703, 0.000266779708909, -0.000789229176007, 0.000546479248442, -9.510576092e-06], [0.000278881256236, -5.89072406001e-05, 0.00220430828631, 0.000105771636299, 0.00023193116067, -5.65146256122e-05, 0.000608750677202, -0.000686331652105, 8.49935895531e-05, 0.000110475761176, -3.43668471032e-05, -0.000364456151146, 0.000208443685551], [-0.000144380042912, 0.000603306398261, 0.000105771636299, 0.00306341191754, -0.000316553545417, -0.000448137783678, 0.000517072796356, -0.000189199781744, -0.000961173442192, 0.000322039675666, -0.000822771165986, -0.000150696054334, -0.00014125056623], [0.000348440429661, -0.000238904845901, 0.00023193116067, -0.000316553545417, 0.0056104073301, -0.000520531146321, -0.00195678509772, 0.000264855043497, -0.00201968220063, 0.00118294090498, -0.00119217881002, 1.58479579113e-05, -0.000148029401316], [-0.000321629311657, 0.000358176068403, -5.65146256122e-05, -0.000448137783678, -0.000520531146321, 0.00814723595977, -0.00122392794583, -0.00508207269013, 0.00388752482831, -0.000756271881983, -5.87693320995e-05, -0.000357538461685, 0.000750449951738], [0.000174062239239, -0.000530625635292, 0.000608750677202, 0.000517072796356, -0.00195678509772, -0.00122392794583, 0.00896055065095, -0.000823253183626, -0.00161107711028, 0.00195509125479, 0.000254708807915, 0.0012605158845, -0.0016257003881], [-0.000161005897098, 0.000837747298647, -0.000686331652105, -0.000189199781744, 0.000264855043497, -0.00508207269013, -0.000823253183626, 0.013597952202, -0.00728920614347, 0.0015268457355, 0.00214393180795, -0.00146750058047, 0.00106453115586], [9.06836939976e-05, -0.000288133858703, 8.49935895531e-05, -0.000961173442192, -0.00201968220063, 0.00388752482831, -0.00161107711028, -0.00728920614347, 0.0204075053334, -0.00880934111774, 0.000956243369728, -0.000404655089369, -0.000461777526652], [-0.000142903678352, 0.000266779708909, 0.000110475761176, 0.000322039675666, 0.00118294090498, -0.000756271881983, 0.00195509125479, 0.0015268457355, -0.00880934111774, 0.0230589173734, -0.0101810470223, 0.00247173057869, 5.48697316844e-05], [7.55152577767e-05, -0.000789229176007, -3.43668471032e-05, -0.000822771165986, -0.00119217881002, -5.87693320995e-05, 0.000254708807915, 0.00214393180795, 0.000956243369728, -0.0101810470223, 0.0222059767693, -0.0113565232605, 0.00233176047914], [-0.000170597195392, 0.000546479248442, -0.000364456151146, -0.000150696054334, 1.58479579113e-05, -0.000357538461685, 0.0012605158845, -0.00146750058047, -0.000404655089369, 0.00247173057869, -0.0113565232605, 0.0281126014888, -0.0117556760088], [-1.97812023544e-05, -9.510576092e-06, 0.000208443685551, -0.00014125056623, -0.000148029401316, 0.000750449951738, -0.0016257003881, 0.00106453115586, -0.000461777526652, 5.48697316844e-05, 0.00233176047914, -0.0117556760088, 0.025143077597]], "mean": [-666.212402344, 157.80178833, -11.3480024338, 32.065486908, -9.88692569733, 22.0037975311, -2.11727762222, 3.63828110695, 1.03072404861, 5.80323457718, 6.2335486412, 2.67227339745, 0.236735746264]}, "pitch_salience": {"dmean": 0.0901482403278, "dmean2": 0.140345662832, "dvar": 0.00675632525235, "dvar2": 0.0140182077885, "max": 0.920601129532, "mean": 0.561284303665, "median": 0.59210318327, "min": 0.0685997605324, "var": 0.019129479304}, "silence_rate_20dB": {"dmean": 0, "dmean2": 0, "dvar": 0, "dvar2": 0, "max": 1, "mean": 1, "median": 1, "min": 1, "var": 0}, "silence_rate_30dB": {"dmean": 0.0664572641253, "dmean2": 0.132925525308, "dvar": 0.0620353408158, "dvar2": 0.132951647043, "max": 1, "mean": 0.929415643215, "median": 1, "min": 0, "var": 0.0656095519662}, "silence_rate_60dB": {"dmean": 0.00529013061896, "dmean2": 0.0105811357498, "dvar": 0.00526141934097, "dvar2": 0.0116276172921, "max": 1, "mean": 0.0523183718324, "median": 0, "min": 0, "var": 0.0495754182339}, "spectral_centroid": {"dmean": 230.072036743, "dmean2": 334.08984375, "dvar": 70788.84375, "dvar2": 128956.570312, "max": 11492.7802734, "mean": 1121.57995605, "median": 965.231994629, "min": 158.118438721, "var": 424956.96875}, "spectral_complexity": {"dmean": 3.41312623024, "dmean2": 5.18756723404, "dvar": 11.9285240173, "dvar2": 24.0300922394, "max": 60, "mean": 19.0971984863, "median": 19, "min": 0, "var": 103.233673096}, "spectral_contrast_coeffs": {"dmean": [0.0550216548145, 0.049856774509, 0.0402996465564, 0.0287884920835, 0.0196294784546, 0.0409866049886], "dmean2": [0.0909368246794, 0.0827591344714, 0.0662654489279, 0.0476022548974, 0.0323694199324, 0.0612818449736], "dvar": [0.00183277903125, 0.00157508451957, 0.00105957977939, 0.000536174164154, 0.000281251675915, 0.0012873710366], "dvar2": [0.00503739295527, 0.00427592918277, 0.0027774637565, 0.00141260039527, 0.000715869129635, 0.00268107000738], "max": [-0.33701056242, -0.393997877836, -0.524308621883, -0.58555662632, -0.666662037373, -0.508322536945], "mean": [-0.701910257339, -0.763642251492, -0.794981598854, -0.809904634953, -0.828028082848, -0.709629118443], "median": [-0.704531788826, -0.771711468697, -0.802914202213, -0.815097570419, -0.827965497971, -0.700772762299], "min": [-0.991767466068, -0.986088395119, -0.975255668163, -0.972473502159, -0.964376986027, -0.961758553982], "var": [0.00532213365659, 0.00484465621412, 0.00373416207731, 0.00218236981891, 0.00113807967864, 0.00619175331667]}, "spectral_contrast_valleys": {"dmean": [0.382619291544, 0.359072893858, 0.36788764596, 0.319575160742, 0.281061053276, 0.518857300282], "dmean2": [0.630241990089, 0.590686023235, 0.58984541893, 0.507503092289, 0.409139215946, 0.818000078201], "dvar": [0.0970352366567, 0.094353877008, 0.13790152967, 0.133859053254, 0.10258936882, 0.202488064766], "dvar2": [0.245642125607, 0.226156890392, 0.319656819105, 0.29558429122, 0.20091290772, 0.50849956274], "max": [-5.11101579666, -4.49540567398, -4.91211843491, -5.36503791809, -5.51269245148, -8.97280502319], "mean": [-6.85470151901, -6.40493011475, -7.02250766754, -7.39145040512, -7.7190747261, -11.1260108948], "median": [-6.67317867279, -6.22026062012, -6.79023122787, -7.15112781525, -7.48862409592, -10.9820241928], "min": [-28.250579834, -27.5811214447, -27.5348815918, -27.3950405121, -27.3952598572, -27.4311714172], "var": [1.56188428402, 1.61702108383, 1.68833005428, 1.64969611168, 1.70085513592, 1.28022551537]}, "spectral_decrease": {"dmean": 4.28924096241e-09, "dmean2": 6.37218988686e-09, "dvar": 3.71743603047e-17, "dvar2": 7.8261675336e-17, "max": 1.03190200829e-09, "mean": -8.78649952796e-09, "median": -5.71111868908e-09, "min": -6.90786876589e-08, "var": 8.25906820584e-17}, "spectral_energy": {"dmean": 0.0164463669062, "dmean2": 0.0243505071849, "dvar": 0.000524375645909, "dvar2": 0.00110630120616, "max": 0.26625674963, "mean": 0.0445831008255, "median": 0.0343903154135, "min": 1.02731106487e-20, "var": 0.0013695503585}, "spectral_energyband_high": {"dmean": 0.000361401296686, "dmean2": 0.000462603813503, "dvar": 3.73266743736e-07, "dvar2": 6.48441186968e-07, "max": 0.0171648804098, "mean": 0.000968639098573, "median": 0.000494306557812, "min": 7.3469923513e-21, "var": 1.91859430743e-06}, "spectral_energyband_low": {"dmean": 0.0127623220906, "dmean2": 0.0193437803537, "dvar": 0.000462508032797, "dvar2": 0.000996047165245, "max": 0.219229474664, "mean": 0.0199042633176, "median": 0.00857241544873, "min": 5.69200314243e-23, "var": 0.000831533223391}, "spectral_energyband_middle_high": {"dmean": 0.00222468352877, "dmean2": 0.00350285903551, "dvar": 1.38283166962e-05, "dvar2": 3.23136409861e-05, "max": 0.135387152433, "mean": 0.00527320615947, "median": 0.00338170840405, "min": 1.43970523082e-21, "var": 3.99570526497e-05}, "spectral_energyband_middle_low": {"dmean": 0.00539291417226, "dmean2": 0.00841041468084, "dvar": 7.42434058338e-05, "dvar2": 0.000172356682015, "max": 0.194836676121, "mean": 0.013126197271, "median": 0.00845248438418, "min": 2.33924647649e-22, "var": 0.000230890625971}, "spectral_entropy": {"dmean": 0.181908622384, "dmean2": 0.257728099823, "dvar": 0.0347616747022, "dvar2": 0.0684145465493, "max": 9.81877994537, "mean": 7.54395771027, "median": 7.6105017662, "min": 5.19693613052, "var": 0.170200720429}, "spectral_flux": {"dmean": 0.0300933886319, "dmean2": 0.0479185320437, "dvar": 0.00116423110012, "dvar2": 0.00297179981135, "max": 0.3753015697, "mean": 0.115078739822, "median": 0.10840113461, "min": 6.57363885548e-11, "var": 0.00335025694221}, "spectral_kurtosis": {"dmean": 4.39252281189, "dmean2": 6.49919700623, "dvar": 37.1736373901, "dvar2": 89.2485733032, "max": 164.724349976, "mean": 16.1967201233, "median": 14.4245185852, "min": -1.23160004616, "var": 95.0840911865}, "spectral_rms": {"dmean": 0.00109136814717, "dmean2": 0.00156629853882, "dvar": 1.47346645463e-06, "dvar2": 2.79226651401e-06, "max": 0.0161171555519, "mean": 0.00602412689477, "median": 0.0057923682034, "min": 3.16584063652e-12, "var": 7.20567686585e-06}, "spectral_rolloff": {"dmean": 4894.04003906, "dmean2": 9213.77441406, "dvar": 57557476, "dvar2": 125458520, "max": 22028.4667969, "mean": 10164.9042969, "median": 3940.57617188, "min": 21.533203125, "var": 94439016}, "spectral_skewness": {"dmean": 0.383471339941, "dmean2": 0.530813992023, "dvar": 0.190071687102, "dvar2": 0.395991802216, "max": 10.1568346024, "mean": 2.68586158752, "median": 2.58269476891, "min": -0.0469462350011, "var": 0.779560148716}, "spectral_spread": {"dmean": 529138.75, "dmean2": 786479.75, "dvar": 340368228352, "dvar2": 705049985024, "max": 42476080, "mean": 4224690.5, "median": 4106992, "min": 899043.625, "var": 1981727637500.0}, "spectral_strongpeak": {"dmean": 1.578901648