{"lowlevel": {"average_loudness": 0.930460751057, "barkbands": {"dmean": [0.000475851353258, 0.0103529747576, 0.00250096060336, 0.0011072976049, 0.00161732931156, 0.000538440130185, 0.000385257357266, 0.000408663618146, 0.000474044732982, 0.000368255568901, 0.000406133534852, 0.000391080597183, 0.000334442971507, 0.000366661406588, 0.000290673109703, 0.000241778077907, 0.000266246846877, 0.000378511031158, 0.000301827996736, 0.000364779582014, 0.000275618513115, 0.000422644050559, 0.000254769664025, 0.000132403496536, 0.000126052414998, 4.92407416459e-05, 3.40321707881e-06], "dmean2": [0.000647874257993, 0.0153321763501, 0.00432261638343, 0.00174749630969, 0.00223170802929, 0.000879593833815, 0.000656380143482, 0.000689242209774, 0.000803014321718, 0.000618656515144, 0.000683237449266, 0.000663863960654, 0.00057767610997, 0.00062325730687, 0.000505453441292, 0.000414892128902, 0.00047009732225, 0.000687219086103, 0.000517624604981, 0.000637274701148, 0.000462099153083, 0.000733230321202, 0.000417075905716, 0.000205595657462, 0.00020665822376, 8.26004688861e-05, 5.85374391449e-06], "dvar": [7.89976695614e-07, 0.000553810561541, 5.23093985976e-05, 6.21451772531e-06, 1.26408322103e-05, 1.55143618485e-06, 7.42404154153e-07, 1.08395181542e-06, 1.65483800174e-06, 9.24529047097e-07, 1.26123495647e-06, 8.85856024979e-07, 6.89488672379e-07, 7.20803484455e-07, 4.5336375365e-07, 2.93750048286e-07, 3.43581803008e-07, 1.08271615318e-06, 4.15359068029e-07, 5.97229472987e-07, 3.97331973545e-07, 2.12483632822e-06, 7.08547645445e-07, 1.44084296494e-07, 1.51720300323e-07, 2.1536177286e-08, 1.02611967534e-10], "dvar2": [1.47249181737e-06, 0.0012600873597, 0.000145791505929, 1.49465022332e-05, 2.28987209994e-05, 3.70968086827e-06, 1.93184541786e-06, 2.78396714748e-06, 4.14867827203e-06, 2.35254901781e-06, 3.12992438012e-06, 2.35106904256e-06, 1.82270957794e-06, 1.87599346191e-06, 1.18952289085e-06, 7.93856145265e-07, 9.29743293909e-07, 3.05792787003e-06, 1.07602761545e-06, 1.58386853855e-06, 9.64068931353e-07, 5.70639031139e-06, 1.83341126103e-06, 3.46534250184e-07, 3.94000920778e-07, 5.61492505824e-08, 2.70621552945e-10], "max": [0.020870661363, 0.321250796318, 0.084615111351, 0.0295380894095, 0.0535742715001, 0.0430958196521, 0.0189881511033, 0.0253519080579, 0.0466106906533, 0.0230160821229, 0.028784994036, 0.0235824324191, 0.0208297148347, 0.0163081139326, 0.0128953019157, 0.0153999067843, 0.00588936172426, 0.0114418445155, 0.00860361196101, 0.00790424086154, 0.00901905447245, 0.02024564147, 0.0137042393908, 0.0132795693353, 0.0107308924198, 0.00688637513667, 0.000393675843952], "mean": [0.000681689241901, 0.012787014246, 0.00230791885406, 0.00113558361772, 0.00219714269042, 0.000717287883162, 0.000429679232184, 0.000451951666037, 0.000607708236203, 0.000453123706393, 0.000517302833032, 0.000477229536045, 0.000393064634409, 0.000422616692958, 0.000317162048304, 0.000278897001408, 0.000269435491646, 0.000330683367793, 0.000331412738888, 0.000408401858294, 0.000358282704838, 0.000439512252342, 0.000276588340057, 0.000164000623045, 0.000128771396703, 4.4782533223e-05, 2.8661027045e-06], "median": [0.000113860682177, 0.0020497024525, 0.000411043787608, 0.000266817514785, 0.000550554075744, 0.000200191454496, 0.000110577995656, 8.49676871439e-05, 0.000103194761323, 7.46755176806e-05, 7.42375268601e-05, 8.21651701699e-05, 6.43131352263e-05, 7.75281223468e-05, 6.31623261143e-05, 6.51307709632e-05, 6.21004437562e-05, 7.68302852521e-05, 0.000108917454781, 0.000129853695398, 9.66387306107e-05, 6.28677662462e-05, 4.02423684136e-05, 2.7832124033e-05, 1.92404950212e-05, 4.17240607931e-06, 7.14218586495e-08], "min": [1.62105725318e-23, 3.75450427676e-23, 1.77070274695e-23, 3.75348128194e-23, 1.76021231686e-23, 5.13757213449e-23, 6.857908637e-23, 5.18343524534e-23, 1.06086935924e-22, 4.98923756977e-23, 6.32544961408e-23, 1.32650318605e-22, 1.65072615405e-22, 8.91288877074e-23, 1.87794838702e-22, 1.42078064703e-22, 1.98517578862e-22, 3.18246835467e-22, 3.03176032836e-22, 2.02190906512e-22, 4.45152618473e-22, 5.3662913099e-22, 5.90545867974e-22, 6.93882658078e-22, 1.48107708517e-21, 2.02081940208e-21, 2.36821445867e-21], "var": [1.73232729139e-06, 0.000715446658432, 3.63069593732e-05, 6.73172826282e-06, 2.24502527999e-05, 2.82265318674e-06, 8.84047551608e-07, 1.29451666453e-06, 3.10433256345e-06, 1.48926744714e-06, 2.29077204494e-06, 1.45980186517e-06, 8.90733304004e-07, 9.29133193495e-07, 5.0238992344e-07, 3.140405056e-07, 3.02273122088e-07, 7.05411707713e-07, 4.10730649492e-07, 5.65125105823e-07, 4.86489852847e-07, 1.75382649559e-06, 6.79566483086e-07, 1.64530305824e-07, 1.37509942988e-07, 1.79465029504e-08, 8.56791720905e-11]}, "barkbands_crest": {"dmean": 3.81605243683, "dmean2": 5.97601079941, "dvar": 13.5256557465, "dvar2": 29.3035697937, "max": 26.6046981812, "mean": 12.0535850525, "median": 10.9383134842, "min": 2.25540399551, "var": 35.8590011597}, "barkbands_flatness_db": {"dmean": 0.04003450647, "dmean2": 0.0591367557645, "dvar": 0.00215691747144, "dvar2": 0.00395142333582, "max": 0.639823913574, "mean": 0.146194279194, "median": 0.124874278903, "min": 0.0190472137183, "var": 0.00718041369691}, "barkbands_kurtosis": {"dmean": 13.5691461563, "dmean2": 21.3478794098, "dvar": 3379.39501953, "dvar2": 8542.49511719, "max": 3547.2253418, "mean": 16.3270168304, "median": 1.43623137474, "min": -1.91649663448, "var": 3989.33642578}, "barkbands_skewness": {"dmean": 1.27268481255, "dmean2": 1.87149178982, "dvar": 3.07954859734, "dvar2": 6.58076190948, "max": 47.8596191406, "mean": 2.20511054993, "median": 1.38211739063, "min": -6.69340515137, "var": 7.9201669693}, "barkbands_spread": {"dmean": 10.931596756, "dmean2": 17.0546302795, "dvar": 167.357803345, "dvar2": 365.744384766, "max": 122.785392761, "mean": 27.5815620422, "median": 24.7230949402, "min": 0.0483431257308, "var": 392.385437012}, "dissonance": {"dmean": 0.0181152783334, "dmean2": 0.0302067156881, "dvar": 0.00047891039867, "dvar2": 0.00123852211982, "max": 0.500000178814, "mean": 0.470422387123, "median": 0.479957103729, "min": 0.0503808744252, "var": 0.000888585112989}, "dynamic_complexity": 5.35185861588, "erbbands": {"dmean": [0.337689787149, 2.26972150803, 3.35479807854, 2.702075243, 6.96752262115, 4.03522920609, 3.86176753044, 4.60427331924, 5.21333837509, 6.54835224152, 9.64363193512, 10.3521614075, 10.5454893112, 13.8459672928, 16.5321559906, 14.3771533966, 14.9134054184, 17.3849258423, 16.4114589691, 12.6563272476, 13.9406738281, 14.1951589584, 21.4909973145, 15.4054832458, 17.486907959, 15.5645112991, 13.2615947723, 11.2051963806, 17.4933128357, 9.96189403534, 6.44774532318, 3.00564551353, 2.2567756176, 1.25429964066, 0.96088385582, 0.352088153362, 0.0739130973816, 0.0115081360564, 0.000561642984394, 3.37357887474e-05], "dmean2": [0.48228380084, 3.47146105766, 5.50976705551, 4.42259502411, 9.78699016571, 6.35687112808, 6.21701097488, 7.56679439545, 8.74127388, 11.247795105, 16.0860786438, 17.3725700378, 17.6297702789, 23.2955417633, 27.9082927704, 24.3241271973, 25.7406215668, 29.3856582642, 28.4575901031, 21.7114028931, 24.1435909271, 24.9688510895, 39.3768501282, 27.0379333496, 29.8387928009, 27.2186088562, 22.4635696411, 18.9583950043, 31.0701313019, 16.5876922607, 10.3991146088, 4.56299448013, 3.64508247375, 2.01904416084, 1.59367799759, 0.589095175266, 0.126374393702, 0.0202148444951, 0.000980200595222, 5.20861103723e-05], "dvar": [0.502972602844, 31.1989459991, 82.9253540039, 34.4325561523, 338.214294434, 81.34815979, 104.666572571, 120.122947693, 139.247406006, 247.503158569, 608.165344238, 878.15814209, 731.367736816, 1508.86535645, 2224.80957031, 1192.74389648, 1352.89294434, 1547.15551758, 1656.5670166, 757.28729248, 935.405700684, 935.362792969, 3956.39282227, 1316.10351563, 1417.14123535, 1075.92749023, 821.453491211, 792.429443359, 4152.63378906, 1127.15344238, 420.252197266, 78.0482635498, 40.9665794373, 15.8873472214, 8.54504680634, 1.21316337585, 0.0461509786546, 0.00106778321788, 3.48193702848e-06, 4.54662929528e-09], "dvar2": [1.11524498463, 71.8945846558, 217.602432251, 90.9822006226, 659.188781738, 193.589584351, 264.704925537, 274.009094238, 364.347900391, 650.305847168, 1556.01318359, 2175.57226563, 1884.11206055, 3765.34521484, 5496.55664063, 3121.06494141, 3603.66625977, 3988.91601563, 4385.24804688, 1964.29724121, 2523.78173828, 2511.42260742, 11283.7617188, 3539.32128906, 3667.19628906, 2832.12792969, 2070.27758789, 1985.83703613, 11476.6445313, 2932.88525391, 1072.86303711, 182.643127441, 103.128684998, 40.1252365112, 22.5008869171, 3.18697142601, 0.120967917144, 0.00288435304537, 9.2307009254e-06, 1.16378071624e-08], "max": [11.3273115158, 64.6279144287, 115.139984131, 75.4927444458, 245.817108154, 111.791046143, 289.561889648, 484.514343262, 238.691650391, 261.439910889, 680.556640625, 816.694641113, 713.595336914, 968.63848877, 1391.80053711, 912.826538086, 1148.52722168, 970.549865723, 862.604736328, 579.960998535, 715.601379395, 275.678070068, 691.781921387, 382.068145752, 578.119873047, 332.89050293, 380.240478516, 382.528717041, 941.681762695, 575.089477539, 323.300842285, 241.714508057, 203.585571289, 143.325363159, 81.1119232178, 56.4973869324, 8.47430419922, 0.813425123692, 0.056513004005, 0.00140448415186], "mean": [0.438318729401, 2.52796888351, 3.39696931839, 2.90369272232, 7.6203789711, 5.77292537689, 5.58519172668, 5.96730422974, 6.25467443466, 7.26991224289, 11.0900478363, 12.89793396, 14.0349855423, 18.5937633514, 21.0299949646, 18.5455856323, 18.4844226837, 21.1182327271, 18.8895397186, 14.9289007187, 16.1691761017, 15.1993150711, 18.515619278, 15.4422559738, 20.0704479218, 17.916311264, 16.2907848358, 13.889175415, 16.9144515991, 11.3360128403, 7.13185739517, 3.80699014664, 2.61993598938, 1.44293320179, 0.906623601913, 0.313575297594, 0.0657584220171, 0.0100810369477, 0.000460683339043, 4.85358468723e-05], "median": [0.0725240856409, 0.33778834343, 0.607182383537, 0.810065746307, 1.42888057232, 1.47861158848, 1.47512161732, 1.79262113571, 1.79195141792, 1.88878583908, 2.34244990349, 2.40623426437, 2.78329157829, 3.08174538612, 3.3283495903, 3.5298037529, 3.40238189697, 4.17450094223, 4.14649438858, 3.56920981407, 3.98149657249, 3.81510210037, 4.25776481628, 4.85415077209, 6.37860441208, 5.90303993225, 4.92967748642, 3.25204610825, 2.29601621628, 1.63957774639, 1.05634689331, 0.620424509048, 0.432347506285, 0.239787429571, 0.11210334301, 0.0309574306011, 0.00572046870366, 0.000616370467469, 3.21793777402e-05, 2.37483145611e-05], "min": [1.44030208929e-21, 7.16716700198e-21, 1.90343015431e-20, 8.62496377948e-20, 7.51634077962e-20, 4.75554244404e-20, 1.27082148575e-19, 5.80482008171e-19, 6.64754393496e-19, 1.24232870672e-18, 1.40773711868e-18, 1.73970620519e-18, 3.14484390879e-18, 1.99841252524e-18, 2.54415692849e-18, 6.08273880886e-18, 8.30064908631e-18, 4.44914684816e-18, 6.64888148601e-18, 1.0817968967e-17, 7.6061656148e-18, 1.15646946845e-17, 1.42123459696e-17, 1.98889424065e-17, 1.25891768983e-17, 9.16113943495e-18, 1.59019219278e-17, 1.92479882739e-17, 1.86320447744e-17, 1.88162049573e-17, 1.78790109776e-17, 1.28971775993e-17, 1.24526424663e-17, 1.72178289704e-17, 9.86755994988e-18, 8.87880862981e-18, 3.24268593358e-18, 1.37546332291e-18, 3.44008157492e-19, 3.36198900425e-20], "var": [0.751099050045, 35.3252296448, 68.9936294556, 31.2414932251, 459.58190918, 119.53012085, 158.254089355, 229.582290649, 176.829483032, 272.321105957, 725.977783203, 1449.16345215, 1295.49511719, 3025.33447266, 3644.78222656, 2127.46142578, 1857.89013672, 2114.77612305, 1799.58740234, 881.516784668, 991.455932617, 859.287231445, 2476.30371094, 1047.3984375, 1497.06201172, 1055.16113281, 916.857421875, 889.584594727, 3040.9050293, 1121.34924316, 411.876068115, 93.6678848267, 42.7507972717, 16.0138492584, 7.3703956604, 0.972475647926, 0.0381517782807, 0.000850577605888, 2.61609989138e-06, 5.0681356889e-09]}, "erbbands_crest": {"dmean": 2.69661879539, "dmean2": 4.43427085876, "dvar": 7.47937917709, "dvar2": 18.0512561798, "max": 31.9953651428, "mean": 8.11389064789, "median": 6.84644651413, "min": 2.34101057053, "var": 18.2396221161}, "erbbands_flatness_db": {"dmean": 0.0216494966298, "dmean2": 0.0322659611702, "dvar": 0.000582838139962, "dvar2": 0.00117536378093, "max": 0.43580570817, "mean": 0.141383931041, "median": 0.130039513111, "min": 0.0466793552041, "var": 0.00212852540426}, "erbbands_kurtosis": {"dmean": 1.67546403408, "dmean2": 2.69059872627, "dvar": 45.3987350464, "dvar2": 97.3559265137, "max": 297.564758301, "mean": 1.01026415825, "median": -0.131529614329, "min": -1.79133665562, "var": 73.1537780762}, "erbbands_skewness": {"dmean": 0.527786791325, "dmean2": 0.824967443943, "dvar": 0.41648799181, "dvar2": 0.894263029099, "max": 13.4777441025, "mean": -0.0176470447332, "median": -0.0998569950461, "min": -4.79928350449, "var": 1.10126006603}, "erbbands_spread": {"dmean": 14.1986513138, "dmean2": 21.9716091156, "dvar": 232.317703247, "dvar2": 566.160339355, "max": 184.261520386, "mean": 47.9792556763, "median": 44.3714752197, "min": 0.574398100376, "var": 641.2421875}, "gfcc": {"cov": [[16145.7685547, -1420.69116211, -925.985717773, 219.314971924, -927.694641113, 62.4840049744, -383.931243896, 22.6539955139, -351.341552734, 121.193611145, -383.002166748, 58.0336036682, -398.591949463], [-1420.69116211, 1724.0612793, 114.803016663, -57.500377655, 413.194580078, -24.2438335419, 291.834533691, -40.234703064, 151.297470093, -88.3084487915, 167.128051758, -117.946418762, 147.708648682], [-925.985717773, 114.803016663, 1180.7088623, 402.470581055, 269.23449707, 79.1690750122, 4.48827362061, 15.3929309845, 43.9229354858, -39.7171936035, 0.893416047096, 3.42512083054, -1.65474462509], [219.314971924, -57.500377655, 402.470581055, 683.615844727, 90.2116241455, -26.245475769, -37.9445304871, -4.2158331871, 32.6564102173, -30.6363754272, -16.7242984772, -33.5851821899, 1.35725021362], [-927.694641113, 413.194580078, 269.23449707, 90.2116241455, 577.815429688, 146.299301147, 206.879104614, 93.4639663696, 162.442001343, 47.176815033, 77.6268615723, -12.1822052002, 32.8826446533], [62.4840049744, -24.2438335419, 79.1690750122, -26.245475769, 146.299301147, 269.592834473, 142.925689697, 66.8095932007, 47.8695793152, 41.3148345947, 22.1670379639, -0.502326369286, -17.9098701477], [-383.931243896, 291.834533691, 4.48827362061, -37.9445304871, 206.879104614, 142.925689697, 290.548828125, 73.6241836548, 94.2594680786, 33.2495231628, 66.2523193359, -22.6735477448, 17.8665237427], [22.6539955139, -40.234703064, 15.3929309845, -4.2158331871, 93.4639663696, 66.8095932007, 73.6241836548, 165.981307983, 93.4566650391, 48.3815917969, 10.733300209, 8.92751216888, -0.0876519754529], [-351.341552734, 151.297470093, 43.9229354858, 32.6564102173, 162.442001343, 47.8695793152, 94.2594680786, 93.4566650391, 200.465423584, 61.1531867981, 41.5263290405, -5.06807184219, 34.5700378418], [121.193611145, -88.3084487915, -39.7171936035, -30.6363754272, 47.176815033, 41.3148345947, 33.2495231628, 48.3815917969, 61.1531867981, 117.302536011, 34.7905387878, 15.1638851166, -6.88469457626], [-383.002166748, 167.128051758, 0.893416047096, -16.7242984772, 77.6268615723, 22.1670379639, 66.2523193359, 10.733300209, 41.5263290405, 34.7905387878, 115.05872345, 24.1815299988, 41.2799797058], [58.0336036682, -117.946418762, 3.42512083054, -33.5851821899, -12.1822052002, -0.502326369286, -22.6735477448, 8.92751216888, -5.06807184219, 15.1638851166, 24.1815299988, 108.002052307, 22.5353565216], [-398.591949463, 147.708648682, -1.65474462509, 1.35725021362, 32.8826446533, -17.9098701477, 17.8665237427, -0.0876519754529, 34.5700378418, -6.88469457626, 41.2799797058, 22.5353565216, 105.068725586]], "icov": [[8.97772115422e-05, -6.19520142209e-05, 8.91541640158e-05, -0.00012468395289, 0.00012573042477, -0.000134953836096, 5.97853395448e-05, -8.69137511472e-05, 0.000113929629151, -0.000224176503252, 0.000265560403932, -0.000197757806745, 0.000244004331762], [-6.19520142209e-05, 0.00147122715134, -0.000169642851688, 0.000493686937261, -0.000777310866397, 0.0009045235347, -0.000963078229688, 0.000798052933533, -0.000717385264579, 0.00175941572525, -0.00168531551026, 0.00177722668741, -0.00111820281018], [8.91541640158e-05, -0.000169642851688, 0.00134249636903, -0.000793760758825, -0.000410377426306, -0.00060528080212, 0.00054697773885, -9.76722149062e-05, 0.000137069262564, 0.000235375584452, 0.000336429598974, -0.000659178942442, 0.00051979633281], [-0.00012468395289, 0.000493686937261, -0.000793760758825, 0.00223208894022, -0.000471769075375, 0.000698832445778, -1.74892011273e-05, 0.000351556634996, -0.000730377156287, 0.00100483174901, -0.000740272400435, 0.0013654504437, -0.0006342123379], [0.00012573042477, -0.000777310866397, -0.000410377426306, -0.000471769075375, 0.00366574455984, -0.0011126952013, -0.000772319850512, -0.000564067915548, -0.000998217030428, -0.00103331345599, 0.00033320763032, -0.000875794445165, 0.000680977362208], [-0.000134953836096, 0.0009045235347, -0.00060528080212, 0.000698832445778, -0.0011126952013, 0.00647704117, -0.00318718492053, -0.000386186409742, 0.000234738035942, 2.37886479226e-06, -0.000579281593673, 0.000662887119688, 0.000200151538593], [5.97853395448e-05, -0.000963078229688, 0.00054697773885, -1.74892011273e-05, -0.000772319850512, -0.00318718492053, 0.0075516672805, -0.00160868838429, -0.000454216467915, 4.08004671044e-05, -0.00171431957278, 0.00072622980224, 0.000672407506499], [-8.69137511472e-05, 0.000798052933533, -9.76722149062e-05, 0.000351556634996, -0.000564067915548, -0.000386186409742, -0.00160868838429, 0.00988196767867, -0.00411529839039, -0.00053132022731, 0.000795809028205, -0.000495983986184, 4.77054891235e-05], [0.000113929629151, -0.000717385264579, 0.000137069262564, -0.000730377156287, -0.000998217030428, 0.000234738035942, -0.000454216467915, -0.00411529839039, 0.0102745722979, -0.0044860271737, 0.000958521268331, 0.000426999176852, -0.00226414971985], [-0.000224176503252, 0.00175941572525, 0.000235375584452, 0.00100483174901, -0.00103331345599, 2.37886479226e-06, 4.08004671044e-05, -0.00053132022731, -0.0044860271737, 0.015203406103, -0.00622540758923, 0.000978625845164, 0.00169145397376], [0.000265560403932, -0.00168531551026, 0.000336429598974, -0.000740272400435, 0.00033320763032, -0.000579281593673, -0.00171431957278, 0.000795809028205, 0.000958521268331, -0.00622540758923, 0.0161769874394, -0.00478096306324, -0.00257285637781], [-0.000197757806745, 0.00177722668741, -0.000659178942442, 0.0013654504437, -0.000875794445165, 0.000662887119688, 0.00072622980224, -0.000495983986184, 0.000426999176852, 0.000978625845164, -0.00478096306324, 0.0136670079082, -0.00414286134765], [0.000244004331762, -0.00111820281018, 0.00051979633281, -0.0006342123379, 0.000680977362208, 0.000200151538593, 0.000672407506499, 4.77054891235e-05, -0.00226414971985, 0.00169145397376, -0.00257285637781, -0.00414286134765, 0.0144935175776]], "mean": [-49.2969932556, 72.8574523926, -109.354598999, 48.624382019, -52.6853408813, 22.6947746277, -29.4117870331, 11.5695142746, -23.9237518311, 8.01763343811, -13.5390901566, 1.88917899132, -7.1522102356]}, "hfc": {"dmean": 14.4812612534, "dmean2": 23.504743576, "dvar": 1134.32312012, "dvar2": 2896.11962891, "max": 461.273284912, "mean": 20.7256584167, "median": 9.06904315948, "min": 1.17667196524e-16, "var": 1190.7857666}, "melbands": {"dmean": [0.00291734398343, 0.00211171340197, 0.000634043186437, 0.00037585865357, 0.000137798910146, 0.000101860809082, 7.96640015324e-05, 7.54403517931e-05, 8.14789673313e-05, 6.64143299218e-05, 5.35807776032e-05, 5.59365143999e-05, 5.24774586665e-05, 4.64202712465e-05, 3.92991059925e-05, 3.26512017637e-05, 3.39041725965e-05, 2.81966240436e-05, 2.18563836825e-05, 1.59329720191e-05, 1.74243978108e-05, 1.42381340993e-05, 1.93780633708e-05, 1.8429946067e-05, 1.2033380699e-05, 1.17549725474e-05, 1.36835633384e-05, 1.0126314919e-05, 9.62751801126e-06, 6.58518911223e-06, 6.76359786667e-06, 1.09105676529e-05, 6.84302131049e-06, 5.53645440959e-06, 4.09183257943e-06, 2.49505228567e-06, 1.74839703959e-06, 1.60414663242e-06, 1.37852111948e-06, 1.02513581623e-06], "dmean2": [0.00425502564758, 0.00328323058784, 0.000969867513049, 0.000524551083799, 0.000222820526687, 0.000167233956745, 0.000133869019919, 0.000128449755721, 0.000135871334351, 0.000111466382805, 8.93885080586e-05, 9.40800164244e-05, 8.89178700163e-05, 7.9316800111e-05, 6.57295749988e-05, 5.63857247471e-05, 5.69407384319e-05, 4.9035072152e-05, 3.78570621251e-05, 2.72499019047e-05, 3.05028333969e-05, 2.4889870474e-05, 3.55060728907e-05, 3.35521472152e-05, 2.10801281355e-05, 2.0192390366e-05, 2.35517181864e-05, 1.77337824425e-05, 1.66770514625e-05, 1.11415320134e-05, 1.15048242151e-05, 1.95668362721e-05, 1.16683640954e-05, 9.34092986427e-06, 6.65403467792e-06, 3.96360064769e-06, 2.69537804343e-06, 2.6444258765e-06, 2.2154601993e-06, 1.6997619241e-06], "dvar": [4.08303712902e-05, 2.74497360806e-05, 1.76997184553e-06, 7.66542257225e-07, 9.86607702202e-08, 5.41744640259e-08, 3.09026155776e-08, 3.35513590244e-08, 4.30643289917e-08, 3.83217262367e-08, 1.94459097713e-08, 2.48051890139e-08, 2.06099191047e-08, 1.29286163997e-08, 9.5653387433e-09, 6.90189949637e-09, 6.20546281027e-09, 5.39293054658e-09, 2.53099652348e-09, 1.40677769433e-09, 1.509681824e-09, 8.64582128113e-10, 2.66805466609e-09, 2.84728818301e-09, 8.08724087697e-10, 6.46154629802e-10, 9.46026146309e-10, 4.31181590432e-10, 4.46235798313e-10, 2.13244935598e-10, 3.16743103967e-10, 1.62320867858e-09, 5.11424291805e-10, 3.79061892986e-10, 1.78932216266e-10, 4.95330339245e-11, 2.97775346048e-11, 2.52147937946e-11, 1.35997012263e-11, 1.20904692508e-11], "dvar2": [9.22666004044e-05, 6.48929271847e-05, 4.02710020353e-06, 1.34142521802e-06, 2.49983543199e-07, 1.24553196201e-07, 7.99379833438e-08, 8.74968506537e-08, 1.09560772898e-07, 9.40417166362e-08, 4.99476868754e-08, 6.18774933514e-08, 5.13256495083e-08, 3.45608590635e-08, 2.36009185528e-08, 1.79709847004e-08, 1.58698600927e-08, 1.42747555998e-08, 6.59163212902e-09, 3.73343578275e-09, 4.09458733586e-09, 2.28977614647e-09, 7.52121387393e-09, 8.11937272971e-09, 2.16947637632e-09, 1.68951974633e-09, 2.52780485432e-09, 1.13439679872e-09, 1.17799214827e-09, 5.12398512509e-10, 8.05256861192e-10, 4.52412951546e-09, 1.33923216961e-09, 9.98945925978e-10, 4.59339621894e-10, 1.22924934121e-10, 6.98406471544e-11, 6.55920734394e-11, 3.28148792861e-11, 3.15294040876e-11], "max": [0.0973193868995, 0.0646540373564, 0.0142661230639, 0.0132842436433, 0.00760602438822, 0.00998544413596, 0.00347726745531, 0.00350800389424, 0.0049919965677, 0.00669327471405, 0.00366638740525, 0.00388495600782, 0.00390723859891, 0.00226183142513, 0.00286561134271, 0.00234236684628, 0.00212815590203, 0.00157964508981, 0.0010239520343, 0.00103594793472, 0.000768214173149, 0.000326596549712, 0.000441796932137, 0.000639954814687, 0.000341219332768, 0.000413190136896, 0.000498672772665, 0.000258971587755, 0.000267194409389, 0.00019599852385, 0.000233027734794, 0.000587781658396, 0.00033028353937, 0.000472092651762, 0.000231422338402, 0.000118793999718, 0.000173757420271, 0.000202096256544, 0.000100082266727, 0.00011777907639], "mean": [0.00370724592358, 0.00237174704671, 0.00068339164136, 0.000500339607242, 0.000206515585887, 0.000134299829369, 9.49937748373e-05, 8.34466554807e-05, 9.19330195757e-05, 8.40090579004e-05, 6.91432069289e-05, 7.29140883777e-05, 6.76623967593e-05, 5.44738031749e-05, 4.83813528263e-05, 3.81821191695e-05, 3.95803181164e-05, 3.10337854899e-05, 2.43981448875e-05, 1.79438957275e-05, 1.89077018149e-05, 1.53277942445e-05, 1.63301392604e-05, 1.60050185514e-05, 1.17888093882e-05, 1.30614662339e-05, 1.5269861251e-05, 1.11850822577e-05, 1.08521971924e-05, 8.31887518871e-06, 7.94283278083e-06, 1.0071725228e-05, 7.56275994718e-06, 5.94810580878e-06, 4.35320407632e-06, 2.9324546631e-06, 2.15759655475e-06, 1.8269067823e-06, 1.56804287599e-06, 1.11544727588e-06], "median": [0.000617869722191, 0.000408175488701, 0.000189990227227, 0.000113051719381, 5.97142825427e-05, 3.98703778046e-05, 2.70018572337e-05, 1.95371139853e-05, 1.76369430847e-05, 1.40544962051e-05, 1.27893163153e-05, 1.13281048471e-05, 1.08392387119e-05, 9.14230076887e-06, 8.10478013591e-06, 5.885068731e-06, 7.29382554709e-06, 5.92151172896e-06, 4.90341244586e-06, 4.25111466029e-06, 4.25490907219e-06, 3.68110522686e-06, 3.61897855328e-06, 3.51902917828e-06, 3.50867253474e-06, 4.16296370531e-06, 4.21253207605e-06, 3.33369939653e-06, 3.16669752465e-06, 2.02297337637e-06, 1.68224278241e-06, 1.30849628022e-06, 9.93734033727e-07, 7.91912839304e-07, 6.09946255281e-07, 4.41684505859e-07, 3.14307214921e-07, 2.94440809512e-07, 2.56593267522e-07, 1.66684628766e-07], "min": [1.28187325412e-23, 9.83198919147e-24, 1.46326787497e-23, 3.85281204389e-24, 3.93585977011e-24, 1.196266542e-23, 1.17220234009e-23, 1.20723573177e-23, 1.13815186909e-23, 1.33116522778e-23, 1.55749383911e-23, 7.36206569722e-24, 7.4108993427e-24, 1.42555054182e-23, 1.75347307815e-23, 1.53809212069e-23, 7.24216830596e-24, 9.31130786186e-24, 1.56989757244e-23, 1.22387367601e-23, 7.9933461146e-24, 1.18261632955e-23, 1.14805302008e-23, 1.67033865611e-23, 1.61287550342e-23, 1.05500734963e-23, 5.82460616409e-24, 6.35116292971e-24, 8.43086099441e-24, 1.12215550542e-23, 1.15452160062e-23, 1.05319470504e-23, 1.04613731872e-23, 1.03812272858e-23, 1.13141602248e-23, 7.8454260174e-24, 7.39625887316e-24, 6.87027008738e-24, 1.23303542768e-23, 1.56384022509e-23], "var": [5.61024498893e-05, 2.94269993901e-05, 2.06371169043e-06, 1.34145500397e-06, 1.61791930964e-07, 1.04601070916e-07, 3.97027832832e-08, 3.77318158939e-08, 5.20309306751e-08, 6.97262336757e-08, 3.39439338859e-08, 4.86398654687e-08, 3.57181164645e-08, 1.7275358033e-08, 1.81139299116e-08, 8.85111273163e-09, 8.36181346386e-09, 5.95666582726e-09, 3.08826497708e-09, 1.49247048054e-09, 1.49643963887e-09, 8.97554419677e-10, 1.71964342766e-09, 1.80810144634e-09, 6.56694532086e-10, 6.50445641792e-10, 9.33370047917e-10, 4.27873569908e-10, 4.28163171584e-10, 2.68985111962e-10, 3.30638405543e-10, 1.14215281677e-09, 4.78028672202e-10, 3.64572982914e-10, 1.68649955112e-10, 5.55588387796e-11, 3.37746358658e-11, 2.37611163384e-11, 1.53837307476e-11, 1.10887141483e-11]}, "melbands_crest": {"dmean": 4.74727678299, "dmean2": 7.40687704086, "dvar": 17.9564228058, "dvar2": 39.3244361877, "max": 37.8785972595, "mean": 17.3179721832, "median": 16.6508464813, "min": 1.60003900528, "var": 55.2118186951}, "melbands_flatness_db": {"dmean": 0.0532096847892, "dmean2": 0.076984718442, "dvar": 0.0036679697223, "dvar2": 0.00679526291788, "max": 0.798327326775, "mean": 0.211928740144, "median": 0.187091097236, "min": 0.00422892393544, "var": 0.0126636391506}, "melbands_kurtosis": {"dmean": 28.054019928, "dmean2": 43.2770080566, "dvar": 3617.85107422, "dvar2": 7822.34521484, "max": 1449.0703125, "mean": 40.6762619019, "median": 10.2484292984, "min": -1.83842182159, "var": 7586.47753906}, "melbands_skewness": {"dmean": 1.68934166431, "dmean2": 2.52158737183, "dvar": 4.21840333939, "dvar2": 9.08778190613, "max": 31.6363334656, "mean": 3.93353676796, "median": 2.97842669487, "min": -2.24594402313, "var": 12.1748809814}, "melbands_spread": {"dmean": 16.285036087, "dmean2": 25.6044387817, "dvar": 513.292053223, "dvar2": 1199.80700684, "max": 302.728240967, "mean": 29.516954422, "median": 22.4212017059, "min": 0.128391042352, "var": 833.167785645}, "mfcc": {"cov": [[15784.8330078, -1173.74121094, -782.86529541, -103.293457031, -763.991455078, -136.33757019, -378.917755127, -163.071731567, -249.947479248, -128.707260132, 4.74043607712, -130.890762329, -129.825820923], [-1173.74121094, 1624.79614258, -124.536453247, -23.7278938293, 136.430374146, 87.3071899414, 205.977142334, 85.9512786865, 85.9849319458, 94.0911560059, 40.773563385, 49.0204353333, 16.7696895599], [-782.86529541, -124.536453247, 879.13067627, 316.409606934, 201.164657593, 76.3295898438, -1.04580271244, 36.4331321716, -1.57898664474, -45.1563606262, -37.9797554016, -12.6908874512, -8.40702152252], [-103.293457031, -23.7278938293, 316.409606934, 590.37298584, 216.787536621, 55.9413337708, -5.08894395828, 16.1237335205, 36.585647583, -0.160192549229, -14.1888523102, 20.0854072571, 10.8316602707], [-763.991455078, 136.430374146, 201.164657593, 216.787536621, 376.138366699, 104.12084198, 53.7186470032, 70.0455551147, 89.5629501343, 58.8102302551, 23.3784732819, 64.1237182617, 28.0462055206], [-136.33757019, 87.3071899414, 76.3295898438, 55.9413337708, 104.12084198, 220.106399536, 117.850563049, 64.1605606079, 43.4305458069, 51.4153556824, 60.0254058838, 21.8244762421, 10.9044752121], [-378.917755127, 205.977142334, -1.04580271244, -5.08894395828, 53.7186470032, 117.850563049, 218.329528809, 81.2873458862, 34.2387084961, 55.9700202942, 55.3780174255, 25.7781066895, 13.9749002457], [-163.071731567, 85.9512786865, 36.4331321716, 16.1237335205, 70.0455551147, 64.1605606079, 81.2873458862, 145.997802734, 74.9093017578, 44.611164093, 43.116394043, 31.6643428802, 20.6417388916], [-249.947479248, 85.9849319458, -1.57898664474, 36.585647583, 89.5629501343, 43.4305458069, 34.2387084961, 74.9093017578, 155.965133667, 88.692276001, 44.9576263428, 45.2775192261, 20.6557369232], [-128.707260132, 94.0911560059, -45.1563606262, -0.160192549229, 58.8102302551, 51.4153556824, 55.9700202942, 44.611164093, 88.692276001, 164.53578186, 75.6395111084, 38.3087882996, 21.510137558], [4.74043607712, 40.773563385, -37.9797554016, -14.1888523102, 23.3784732819, 60.0254058838, 55.3780174255, 43.116394043, 44.9576263428, 75.6395111084, 123.801399231, 40.5735168457, 13.7103490829], [-130.890762329, 49.0204353333, -12.6908874512, 20.0854072571, 64.1237182617, 21.8244762421, 25.7781066895, 31.6643428802, 45.2775192261, 38.3087882996, 40.5735168457, 107.113182068, 35.8280220032], [-129.825820923, 16.7696895599, -8.40702152252, 10.8316602707, 28.0462055206, 10.9044752121, 13.9749002457, 20.6417388916, 20.6557369232, 21.510137558, 13.7103490829, 35.8280220032, 83.6938171387]], "icov": [[8.12583821244e-05, 3.85880630347e-05, 8.16737083369e-05, -8.03804505267e-05, 0.000160336276167, -0.000110062508611, 0.000158304566867, -0.000102038684417, 0.000104868791823, -3.34876240231e-05, -3.13409509545e-05, -2.76927858067e-05, 9.59805911407e-05], [3.85880630347e-05, 0.000760488503147, 0.000176544563146, 1.18546286103e-05, -0.000197264918825, 9.80814584182e-05, -0.000656657619402, -4.30332511314e-06, -0.000113799207611, -0.00013439868053, 0.00021508995269, -5.66984053876e-05, 0.000139376017614], [8.16737083369e-05, 0.000176544563146, 0.00169098994229, -0.000692917965353, -0.000446082529379, -0.000477621157188, 0.000280087406281, -0.000607092108112, 0.000432499364251, 0.000327214598656, 0.000285873626126, 0.000320336112054, 0.000290730124107], [-8.03804505267e-05, 1.18546286103e-05, -0.000692917965353, 0.00254888180643, -0.00130536779761, -1.51749109136e-05, 8.3374334281e-06, 0.000535549130291, -0.00041076776688, 0.000231026409892, 0.00015268655261, 7.21387114027e-05, -0.000234497798374], [0.000160336276167, -0.000197264918825, -0.000446082529379, -0.00130536779761, 0.00514104543254, -0.00160773994867, 0.000617830548435, -0.000726667058188, -0.000931275659241, -0.000736681860872, 0.000974530936219, -0.00193961244076, 6.49613502901e-05], [-0.000110062508611, 9.80814584182e-05, -0.000477621157188, -1.51749109136e-05, -0.00160773994867, 0.00791868381202, -0.00361558655277, -0.000143767771078, -0.000336127239279, 0.000115850154543, -0.00232425215654, 0.00104413018562, -0.000103228238004], [0.000158304566867, -0.000656657619402, 0.000280087406281, 8.3374334281e-06, 0.000617830548435, -0.00361558655277, 0.00878752674907, -0.0035118763335, 0.00203440687619, -0.00129757646937, -0.000605474109761, -0.000408499414334, 0.000172520827618], [-0.000102038684417, -4.30332511314e-06, -0.000607092108112, 0.000535549130291, -0.000726667058188, -0.000143767771078, -0.0035118763335, 0.0119571760297, -0.00515466555953, 0.00164437899366, -0.00152160285506, 9.11735769478e-05, -0.00132832862437], [0.000104868791823, -0.000113799207611, 0.000432499364251, -0.00041076776688, -0.000931275659241, -0.000336127239279, 0.00203440687619, -0.00515466555953, 0.0127677163109, -0.00534697948024, 0.000536294654012, -0.00189120008145, 0.00051444536075], [-3.34876240231e-05, -0.00013439868053, 0.000327214598656, 0.000231026409892, -0.000736681860872, 0.000115850154543, -0.00129757646937, 0.00164437899366, -0.00534697948024, 0.0116062238812, -0.00496714003384, 0.000615774013568, -0.00109235220589], [-3.13409509545e-05, 0.00021508995269, 0.000285873626126, 0.00015268655261, 0.000974530936219, -0.00232425215654, -0.000605474109761, -0.00152160285506, 0.000536294654012, -0.00496714003384, 0.0137828588486, -0.00358080561273, 0.000789163925219], [-2.76927858067e-05, -5.66984053876e-05, 0.000320336112054, 7.21387114027e-05, -0.00193961244076, 0.00104413018562, -0.000408499414334, 9.11735769478e-05, -0.00189120008145, 0.000615774013568, -0.00358080561273, 0.013800162822, -0.00446165073663], [9.59805911407e-05, 0.000139376017614, 0.000290730124107, -0.000234497798374, 6.49613502901e-05, -0.000103228238004, 0.000172520827618, -0.00132832862437, 0.00051444536075, -0.00109235220589, 0.000789163925219, -0.00446165073663, 0.0143537754193]], "mean": [-690.891723633, 97.1788787842, 6.89664077759, 31.0081329346, 5.51512432098, 14.7168426514, 8.8919095993, 5.33497476578, 3.12848472595, 4.27160835266, 0.24589087069, 1.71711647511, 1.26305651665]}, "pitch_salience": {"dmean": 0.111970774829, "dmean2": 0.174625277519, "dvar": 0.0120791113004, "dvar2": 0.0271518174559, "max": 0.956359863281, "mean": 0.496898919344, "median": 0.514094948769, "min": 0.0159794837236, "var": 0.030035994947}, "silence_rate_20dB": {"dmean": 0, "dmean2": 0, "dvar": 0, "dvar2": 0, "max": 1, "mean": 1, "median": 1, "min": 1, "var": 0}, "silence_rate_30dB": {"dmean": 0.0430788062513, "dmean2": 0.0861664116383, "dvar": 0.0412268340588, "dvar2": 0.0903882086277, "max": 1, "mean": 0.95753800869, "median": 1, "min": 0, "var": 0.0406569093466}, "silence_rate_60dB": {"dmean": 0.0681910961866, "dmean2": 0.136396124959, "dvar": 0.0635347217321, "dvar2": 0.139427483082, "max": 1, "mean": 0.192712053657, "median": 0, "min": 0, "var": 0.155563995242}, "spectral_centroid": {"dmean": 490.007354736, "dmean2": 749.086791992, "dvar": 303486.09375, "dvar2": 650232.5, "max": 10779.4589844, "mean": 1751.96166992, "median": 1739.50500488, "min": 95.9650650024, "var": 781351.6875}, "spectral_complexity": {"dmean": 6.01061677933, "dmean2": 9.49116897583, "dvar": 73.2344360352, "dvar2": 155.76751709, "max": 60, "mean": 14.9983673096, "median": 11, "min": 0, "var": 178.334869385}, "spectral_contrast_coeffs": {"dmean": [0.0566589683294, 0.0524329058826, 0.0423836521804, 0.0338970571756, 0.0279443133622, 0.0266192760319], "dmean2": [0.0892904549837, 0.0843948870897, 0.0685564652085, 0.0540532507002, 0.0446908026934, 0.0424443744123], "dvar": [0.00224530580454, 0.00196734280325, 0.00134305213578, 0.000940013211221, 0.00067259313073, 0.00063029921148], "dvar2": [0.00519989151508, 0.00472892867401, 0.00324755255133, 0.00215714657679, 0.00155931245536, 0.00140121765435], "max": [-0.316096305847, -0.368946135044, -0.464794069529, -0.479927718639, -0.503924012184, -0.543350934982], "mean": [-0.680074036121, -0.762134492397, -0.796016871929, -0.798399865627, -0.796071708202, -0.747636318207], "median": [-0.691245853901, -0.777989387512, -0.814626693726, -0.814335763454, -0.803828179836, -0.742697715759], "min": [-0.958867549896, -0.973289012909, -0.988903284073, -0.962298691273, -0.954983472824, -0.963049590588], "var": [0.00850092526525, 0.00748453708366, 0.00631563086063, 0.00443548383191, 0.00268117035739, 0.00244436832145]}, "spectral_contrast_valleys": {"dmean": [0.561145305634, 0.585451543331, 0.563576102257, 0.557130694389, 0.550729632378, 0.541754603386], "dmean2": [0.819595873356, 0.919528245926, 0.879235982895, 0.856108605862, 0.827707111835, 0.725107848644], "dvar": [0.340054392815, 0.416505396366, 0.45117098093, 0.467586606741, 0.543488383293, 0.492816895247], "dvar2": [0.57813167572, 0.860532820225, 0.928977906704, 0.922141671181, 1.04669427872, 0.885803103447], "max": [-5.229804039, -4.66766691208, -5.17113733292, -5.29352045059, -5.11777257919, -7.05706834793], "mean": [-7.67095375061, -7.54765510559, -7.9290804863, -8.15670013428, -7.90205860138, -10.4641952515], "median": [-7.39764976501, -7.33846378326, -7.77071714401, -7.99482584, -7.61436319351, -10.2049751282], "min": [-27.1940803528, -26.9267902374, -27.1187267303, -27.2507400513, -27.2722587585, -27.2051200867], "var": [1.82774996758, 1.72984874249, 1.69015324116, 1.76042735577, 2.0532643795, 2.29776954651]}, "spectral_decrease": {"dmean": 3.86593201895e-09, "dmean2": 5.35655209077e-09, "dvar": 4.5063105706e-17, "dvar2": 9.35360947424e-17, "max": -7.65863797052e-29, "mean": -6.63718324745e-09, "median": -3.47465012318e-09, "min": -8.70428564781e-08, "var": 8.07839078424e-17}, "spectral_energy": {"dmean": 0.0152588188648, "dmean2": 0.0211756881326, "dvar": 0.000671602087095, "dvar2": 0.00138423696626, "max": 0.330646723509, "mean": 0.0269301105291, "median": 0.0145936915651, "min": 1.0961815249e-20, "var": 0.00124426139519}, "spectral_energyband_high": {"dmean": 0.00135491020046, "dmean2": 0.00223432318307, "dvar": 1.4476011529e-05, "dvar2": 3.68498294847e-05, "max": 0.056541915983, "mean": 0.00161838321947, "median": 0.000416691240389, "min": 8.09247676146e-21, "var": 1.44256309795e-05}, "spectral_energyband_low": {"dmean": 0.0120173264295, "dmean2": 0.0174414012581, "dvar": 0.000644867075607, "dvar2": 0.00143113324884, "max": 0.326874881983, "mean": 0.0161585360765, "median": 0.0035272820387, "min": 9.07432379074e-23, "var": 0.000930523383431}, "spectral_energyband_middle_high": {"dmean": 0.00263303820975, "dmean2": 0.0045051551424, "dvar": 2.61296554527e-05, "dvar2": 6.90164742991e-05, "max": 0.0604340024292, "mean": 0.003941222094, "median": 0.0013817793224, "min": 1.69855359167e-21, "var": 3.5139360989e-05}, "spectral_energyband_middle_low": {"dmean": 0.00351939466782, "dmean2": 0.00515100499615, "dvar": 3.66598542314e-05, "dvar2": 7.09351588739e-05, "max": 0.0783646851778, "mean": 0.00565887894481, "median": 0.00264688092284, "min": 3.62135900789e-22, "var": 7.08066072548e-05}, "spectral_entropy": {"dmean": 0.234598234296, "dmean2": 0.344807356596, "dvar": 0.101076260209, "dvar2": 0.193390533328, "max": 9.8175163269, "mean": 7.7256436348, "median": 7.83438634872, "min": 3.80803132057, "var": 0.28594365716}, "spectral_flux": {"dmean": 0.0382563099265, "dmean2": 0.0562078393996, "dvar": 0.00237774988636, "dvar2": 0.00454886071384, "max": 0.475879460573, "mean": 0.0896363407373, "median": 0.0684747546911, "min": 1.0469868722e-10, "var": 0.00534418039024}, "spectral_kurtosis": {"dmean": 1.6127833128, "dmean2": 2.69778728485, "dvar": 9.45258331299, "dvar2": 21.9381160736, "max": 85.0049514771, "mean": 3.72173810005, "median": 2.82744169235, "min": -1.21263682842, "var": 20.3639564514}, "spectral_rms": {"dmean": 0.00125626148656, "dmean2": 0.00164449354634, "dvar": 2.51913411375e-06, "dvar2": 4.37471999248e-06, "max": 0.0179605726153, "mean": 0.00422864640132, "median": 0.00377329392359, "min": 3.27023759635e-12, "var": 8.39183030621e-06}, "spectral_rolloff": {"dmean": 1102.53564453, "dmean2": 1815.34411621, "dvar": 2856854.5, "dvar2": 6055585.5, "max": 18044.8242188, "mean": 1974.90905762, "median": 1248.92578125, "min": 43.06640625, "var": 4850765}, "spectral_skewness": {"dmean": 0.251042038202, "dmean2": 0.401730537415, "dvar": 0.125479668379, "dvar2": 0.263678073883, "max": 7.5595331192, "mean": 1.3130313158, "median": 1.22927880287, "min": -0.412790387869, "var": 0.371974945068}, "spectral_spread": {"dmean": 753472.3125, "dmean2": 1182870.75, "dvar": 1065965322240.0, "dvar2": 2179602448380.0, "max": 41674608, "mean": 4944594, "median": 4803708, "min": 955865.6875, "var": 2389585