{"lowlevel": {"average_loudness": 0.847696363926, "barkbands": {"dmean": [1.6606322788e-06, 0.000395935145207, 0.000370375375496, 0.000465863733552, 0.0017111353809, 0.0017614190001, 0.000683003512677, 0.00074260297697, 0.000666600826662, 0.000657694006804, 0.000790650956333, 0.000391450303141, 0.000469927617814, 0.000385443563573, 0.000280694890535, 0.000253064761637, 0.000273360463325, 0.000110653425509, 3.22575033351e-05, 0.00010358041618, 2.11539645534e-05, 1.5009967683e-05, 8.54484551382e-06, 3.31379442287e-06, 4.95765198139e-06, 2.7661922104e-06, 9.21053511238e-10], "dmean2": [2.70792770607e-06, 0.000569148513023, 0.000532325590029, 0.000787980796304, 0.00266422121786, 0.00267217191868, 0.00103502220009, 0.00114144198596, 0.0010021236958, 0.00105196540244, 0.00130404974334, 0.000609150738455, 0.000733279739507, 0.000566955888644, 0.000413122179452, 0.000381615333026, 0.000421814649599, 0.0001701949368, 4.95872300235e-05, 0.000154076173203, 3.02579392155e-05, 2.19677367568e-05, 1.32679479066e-05, 5.30404395249e-06, 7.96464337327e-06, 4.34115008829e-06, 1.71219394218e-09], "dvar": [2.18459070278e-11, 7.37884590762e-07, 1.06180129933e-06, 5.37409164281e-07, 7.41858957554e-06, 7.76787419454e-06, 2.01683019441e-06, 3.01894692711e-06, 4.34657385995e-06, 2.11649444282e-06, 4.34084131484e-06, 1.77803872248e-06, 2.550399131e-06, 1.42180067542e-06, 1.0033666058e-06, 7.61010937822e-07, 5.46172714166e-07, 9.79313341531e-08, 5.67012747865e-09, 3.93934058707e-08, 2.41451236782e-09, 1.50401691101e-09, 5.55963997062e-10, 8.96590995891e-11, 6.9305999828e-10, 3.24382465333e-10, 1.90002580202e-18], "dvar2": [5.26777441112e-11, 1.49702566432e-06, 1.78490836333e-06, 1.57191891503e-06, 1.87735149666e-05, 1.75156510522e-05, 4.65445828013e-06, 6.552441846e-06, 9.09660775505e-06, 5.11069674758e-06, 1.18611615108e-05, 3.90962850361e-06, 5.57292150916e-06, 3.11107623929e-06, 2.20802940021e-06, 1.67097221038e-06, 1.26490158436e-06, 2.25199102033e-07, 1.21397949471e-08, 8.59894484506e-08, 4.61466020951e-09, 2.76708123081e-09, 1.39111022701e-09, 2.36166614043e-10, 1.66244618072e-09, 7.49102058162e-10, 5.97339959395e-18], "max": [0.000146364240209, 0.0152711924165, 0.023678066209, 0.0100710615516, 0.0366020649672, 0.0759918987751, 0.0331819653511, 0.0417445339262, 0.0672477632761, 0.0499929971993, 0.0392225310206, 0.0494799464941, 0.0475534535944, 0.0316833555698, 0.0307953990996, 0.0338705778122, 0.0230484809726, 0.00917767547071, 0.00278095784597, 0.00511388247833, 0.00107337103691, 0.000644239189569, 0.000417247938458, 0.000212585611735, 0.000799503934104, 0.00111326947808, 1.75511853939e-08], "mean": [2.54637075159e-06, 0.00116831040941, 0.000732294691261, 0.00069752743002, 0.00339525029995, 0.00408166646957, 0.00142207276076, 0.00135105231311, 0.00170299201272, 0.00122538977303, 0.00140295398887, 0.00078501336975, 0.00112513452768, 0.00085455289809, 0.000561800377909, 0.00050387927331, 0.00062269216869, 0.000237936881604, 7.158642984e-05, 0.000299362029182, 4.09219319408e-05, 2.75866732409e-05, 1.80962924787e-05, 6.61406147628e-06, 8.85148256202e-06, 4.46712920166e-06, 7.60796703414e-10], "median": [4.65577841169e-07, 0.000384283426683, 0.00020980060799, 0.000411940738559, 0.00230029225349, 0.00230100611225, 0.000762372103054, 0.000502087757923, 0.0002055116056, 0.000421177246608, 0.000247303192737, 0.000160694049555, 7.87755343481e-05, 7.75399676058e-05, 7.03534169588e-05, 0.000120715150842, 0.000141217286, 4.78611109429e-05, 2.37522508542e-05, 7.20199750504e-05, 1.71404099092e-05, 1.14159065561e-05, 6.96344295648e-06, 2.95640529657e-06, 2.64002414951e-06, 1.75662603397e-06, 2.91775242856e-10], "min": [3.96849420621e-25, 2.42034910838e-24, 1.16403989769e-24, 8.17074811319e-25, 8.21114903281e-24, 3.8121498141e-24, 6.59592674708e-24, 7.26600373821e-24, 1.89502091473e-23, 1.11107185193e-23, 2.01691301968e-23, 2.16620605039e-23, 2.41470228425e-23, 3.87458563039e-23, 4.13465634699e-23, 6.24655468831e-23, 6.06978989212e-23, 9.66503104073e-23, 1.12712660708e-22, 1.62819653904e-22, 2.27505162659e-22, 3.18264531194e-22, 3.81289292107e-22, 5.4824126449e-22, 8.55911810245e-22, 1.33690875364e-21, 2.00461001442e-21], "var": [5.14679895924e-11, 3.74881642529e-06, 3.31106548401e-06, 7.47184856209e-07, 1.41065411299e-05, 3.14582139254e-05, 5.05795696881e-06, 9.93807316263e-06, 2.74658195849e-05, 6.32531055089e-06, 1.07192699943e-05, 6.21690833214e-06, 1.07873574962e-05, 6.44912643111e-06, 3.54773328581e-06, 2.71616295322e-06, 2.20029664888e-06, 3.17808655836e-07, 1.99978504867e-08, 2.24727841669e-07, 5.53843060302e-09, 2.84464007905e-09, 9.47698142184e-10, 1.16330889366e-10, 8.30096158477e-10, 4.27944346626e-10, 1.61107072775e-18]}, "barkbands_crest": {"dmean": 2.19823646545, "dmean2": 3.50556302071, "dvar": 3.77891635895, "dvar2": 9.33267688751, "max": 25.7271251678, "mean": 10.2717475891, "median": 9.45075130463, "min": 2.92101764679, "var": 15.1083421707}, "barkbands_flatness_db": {"dmean": 0.0169401913881, "dmean2": 0.0258393473923, "dvar": 0.000222725502681, "dvar2": 0.000507811142597, "max": 0.403415948153, "mean": 0.193147838116, "median": 0.189251244068, "min": 0.0436914600432, "var": 0.00226028636098}, "barkbands_kurtosis": {"dmean": 2.55942249298, "dmean2": 3.9060895443, "dvar": 32.7342948914, "dvar2": 68.3755187988, "max": 252.373565674, "mean": 4.95356416702, "median": 2.10272312164, "min": -1.79143810272, "var": 142.930114746}, "barkbands_skewness": {"dmean": 0.43671771884, "dmean2": 0.662829220295, "dvar": 0.202028408647, "dvar2": 0.444300562143, "max": 13.9262676239, "mean": 1.2845313549, "median": 1.1701593399, "min": -2.24126768112, "var": 1.91468930244}, "barkbands_spread": {"dmean": 2.94424819946, "dmean2": 4.48557138443, "dvar": 14.5121145248, "dvar2": 35.1600494385, "max": 116.875434875, "mean": 14.4749794006, "median": 12.4231510162, "min": 0.578990101814, "var": 94.6894454956}, "dissonance": {"dmean": 0.0259185880423, "dmean2": 0.0437383204699, "dvar": 0.000644577958155, "dvar2": 0.00180843006819, "max": 0.5, "mean": 0.440371274948, "median": 0.448341846466, "min": 0.22082041204, "var": 0.00159755849745}, "dynamic_complexity": 2.78758573532, "erbbands": {"dmean": [0.00667355163023, 0.107404097915, 0.377965658903, 0.914841473103, 3.15886497498, 5.37681913376, 13.7318878174, 15.2206707001, 11.3102359772, 10.9445571899, 14.8625631332, 17.5401668549, 18.8808937073, 16.4949874878, 33.6857299805, 15.2587852478, 20.2801685333, 17.83228302, 14.2427568436, 15.1065645218, 11.1611757278, 13.3986082077, 6.67298936844, 1.71826267242, 2.47876501083, 5.06043148041, 1.21615338326, 0.900047719479, 0.581736087799, 0.290523648262, 0.246466815472, 0.105008877814, 0.0427202321589, 0.0428627282381, 0.0439115390182, 0.014832675457, 0.00545365177095, 0.000330518290866, 7.72946532379e-06, 5.83073733651e-06], "dmean2": [0.0094829229638, 0.15313410759, 0.540643393993, 1.48469483852, 5.28666782379, 8.30144309998, 20.9629116058, 23.2731647491, 16.7918758392, 17.7811756134, 22.5436038971, 25.818365097, 29.9004306793, 26.4666938782, 55.7545700073, 22.9139175415, 30.9175205231, 26.4661941528, 21.0234966278, 23.1644744873, 16.8492984772, 20.5281772614, 9.97220802307, 2.54300141335, 3.61969232559, 7.57842636108, 1.7255705595, 1.28922462463, 0.839840471745, 0.439514428377, 0.385438889265, 0.167595788836, 0.0674431473017, 0.0686799436808, 0.0711608380079, 0.0237467419356, 0.00868628080934, 0.000522772432305, 1.18482021207e-05, 8.65107813297e-06], "dvar": [0.000260608299868, 0.0523664243519, 1.09703087807, 1.83011496067, 62.7492103577, 60.0144119263, 358.690307617, 780.160095215, 494.907501221, 652.387084961, 1477.34301758, 3228.04223633, 2047.71765137, 1477.74841309, 8236.24316406, 2845.64501953, 4390.33056641, 3380.8137207, 2120.56176758, 2753.66430664, 1139.20727539, 1717.24658203, 338.473236084, 21.5052509308, 36.1856575012, 92.8763198853, 5.1539645195, 4.82333517075, 2.49160456657, 0.640097916126, 0.49784719944, 0.0985260233283, 0.0144586181268, 0.0406781993806, 0.0586023516953, 0.00775606837124, 0.00166984775569, 4.18925537815e-06, 1.6730816732e-09, 4.71063882346e-11], "dvar2": [0.000434787769336, 0.108892790973, 1.81990706921, 4.73065233231, 168.715637207, 145.875488281, 856.188476562, 1680.34716797, 1147.07006836, 1645.37597656, 3063.60913086, 6531.8359375, 5219.27539062, 3584.5, 23393.2695312, 6597.78808594, 9064.10449219, 7700.73095703, 5028.1484375, 6567.74511719, 2454.60595703, 3981.0637207, 734.741943359, 46.3841323853, 76.1066818237, 209.746032715, 10.0944366455, 9.32363891602, 4.55432748795, 1.44072902203, 1.26548850536, 0.261732459068, 0.0368800349534, 0.103953652084, 0.135375827551, 0.0178424976766, 0.00402239337564, 9.91890647128e-06, 3.95249033502e-09, 1.06199812833e-10], "max": [0.336764991283, 3.75094723701, 23.939661026, 23.8251724243, 115.550445557, 128.997695923, 254.154052734, 752.683776855, 558.063476562, 824.250549316, 1158.94189453, 1764.39855957, 1650.03735352, 869.71105957, 1738.09326172, 2449.48974609, 2349.98608398, 1330.8359375, 1874.44396973, 1500.81140137, 1160.83630371, 1591.99047852, 635.052734375, 201.822799683, 157.854125977, 257.723358154, 39.8749847412, 40.4565353394, 24.2845687866, 16.0729980469, 12.4819736481, 7.27502632141, 3.22381424904, 7.35561513901, 6.44387435913, 4.27138900757, 2.66771531105, 0.133589625359, 0.0026641166769, 0.000176780042239], "mean": [0.0207447558641, 0.311881840229, 0.846810877323, 1.63830780983, 4.81636667252, 10.9635772705, 28.9196147919, 34.4092903137, 25.010509491, 21.2247390747, 30.586107254, 45.9414749146, 36.3584365845, 33.4684257507, 63.3121147156, 37.1125907898, 53.1112327576, 41.3447341919, 34.1849861145, 34.8537025452, 26.8834381104, 32.2781524658, 16.825843811, 4.66447353363, 7.11679315567, 14.3824939728, 3.20739030838, 1.8123729229, 1.07108330727, 0.595182597637, 0.519832551479, 0.216433078051, 0.092332392931, 0.0797980353236, 0.0724850669503, 0.0235672332346, 0.00862585380673, 0.000599662889726, 2.38997854467e-05, 2.70801047009e-05], "median": [0.00438535865396, 0.110984869301, 0.299306958914, 1.04657900333, 2.41840434074, 6.95148134232, 18.579624176, 17.6874904633, 13.5575494766, 10.9603357315, 10.8885278702, 6.55823230743, 12.6298131943, 11.8967914581, 12.3208150864, 7.98231077194, 4.60906791687, 4.34276723862, 4.82644367218, 6.23775672913, 7.62441110611, 7.72262525558, 4.07354736328, 1.47901725769, 1.98193383217, 3.39636850357, 1.2879281044, 0.777327120304, 0.439362943172, 0.285462021828, 0.177131146193, 0.0910220220685, 0.037132717669, 0.0234739817679, 0.0198394879699, 0.00851159449667, 0.00334654841572, 0.000318802020047, 1.77760502993e-05, 2.24022605835e-05], "min": [9.30244658731e-23, 3.99465960028e-22, 1.5780667383e-21, 5.23165928435e-21, 1.59462230589e-20, 2.86214573207e-20, 3.5097373557e-20, 3.2318550762e-20, 1.11485309159e-19, 1.42345065518e-19, 1.2149570676e-19, 3.1822700575e-19, 5.17152646884e-19, 7.34438311346e-19, 1.23994094648e-18, 1.04558958829e-18, 1.5561279439e-18, 2.15402567118e-18, 2.3691883766e-18, 2.57237722906e-18, 3.49476777768e-18, 4.2610786505e-18, 6.55724145467e-18, 7.22817798927e-18, 6.79682480652e-18, 8.12345045549e-18, 8.90696503069e-18, 9.75844572809e-18, 1.03165974269e-17, 8.15216851199e-18, 1.10044948864e-17, 1.00820478827e-17, 8.05277945267e-18, 8.53039022964e-18, 6.17262356294e-18, 4.14171442016e-18, 2.22885304978e-18, 8.94513941595e-19, 2.52259687941e-19, 2.55095683134e-20], "var": [0.00201281229965, 0.234609797597, 3.45598816872, 3.75645589828, 64.0916366577, 163.181564331, 1000.2668457, 3497.74438477, 1340.93664551, 2077.93457031, 4856.14013672, 20672.8144531, 6033.62060547, 4376.55078125, 20258.3007812, 12786.9765625, 21598.6757812, 13696.4072266, 8525.53125, 13017.8505859, 4212.77636719, 7168.75244141, 1408.40258789, 95.1509170532, 183.344177246, 525.816955566, 20.7580566406, 10.9568767548, 4.57300233841, 1.01093053818, 0.89450442791, 0.129946410656, 0.0234054345638, 0.0441530644894, 0.0761443153024, 0.0112713798881, 0.00186247308739, 4.83675830765e-06, 2.12298378877e-09, 3.27949029044e-10]}, "erbbands_crest": {"dmean": 2.73735332489, "dmean2": 4.41703605652, "dvar": 5.99424219131, "dvar2": 14.8344478607, "max": 31.7831516266, "mean": 11.4777402878, "median": 10.6376953125, "min": 2.57222819328, "var": 24.6294136047}, "erbbands_flatness_db": {"dmean": 0.0152818839997, "dmean2": 0.022110670805, "dvar": 0.000213553052163, "dvar2": 0.000417297240347, "max": 0.36173248291, "mean": 0.210822567344, "median": 0.209961980581, "min": 0.0445346049964, "var": 0.0018987666117}, "erbbands_kurtosis": {"dmean": 1.2590931654, "dmean2": 1.9520046711, "dvar": 5.46471834183, "dvar2": 12.6070022583, "max": 86.6631393433, "mean": 1.66388952732, "median": 0.628644704819, "min": -1.85805213451, "var": 20.7166461945}, "erbbands_skewness": {"dmean": 0.371528446674, "dmean2": 0.566661417484, "dvar": 0.118543766439, "dvar2": 0.268763482571, "max": 8.91172981262, "mean": 0.552481293678, "median": 0.481554120779, "min": -3.20266509056, "var": 1.02184069157}, "erbbands_spread": {"dmean": 4.79557943344, "dmean2": 7.27365446091, "dvar": 32.1871681213, "dvar2": 65.1817169189, "max": 110.752006531, "mean": 26.1844768524, "median": 22.6895656586, "min": 2.64957284927, "var": 211.085906982}, "gfcc": {"cov": [[34028.2539062, 3134.35400391, -4352.03955078, 775.683288574, -1388.43395996, -125.748924255, -1036.14416504, 165.944625854, -626.900878906, 158.363342285, -439.8671875, -219.853408813, -64.840057373], [3134.35400391, 842.635375977, -228.787521362, -55.0000152588, -67.7899703979, -7.01564311981, 0.57899171114, -62.4886207581, -32.8849334717, 7.25379419327, -13.5616073608, 63.7991294861, -30.518995285], [-4352.03955078, -228.787521362, 1267.04797363, 86.6297607422, 25.8614330292, -48.6553573608, 58.5157241821, 13.4055709839, 94.4378204346, -65.3506622314, 5.04681396484, 211.64616394, -30.9643745422], [775.683288574, -55.0000152588, 86.6297607422, 461.99319458, 86.1151657104, -74.857925415, -87.028137207, 118.718055725, 52.2293243408, 23.8111667633, 6.06874608994, -2.62302851677, 25.0826454163], [-1388.43395996, -67.7899703979, 25.8614330292, 86.1151657104, 430.508514404, 103.883277893, 86.2821578979, 52.5613136292, 113.923904419, 102.35546875, 77.6798400879, -47.4001541138, 37.9579162598], [-125.748924255, -7.01564311981, -48.6553573608, -74.857925415, 103.883277893, 279.459533691, 164.732070923, -16.1895427704, 10.829867363, 85.1131668091, 35.0397644043, -22.7869091034, -3.66237545013], [-1036.14416504, 0.57899171114, 58.5157241821, -87.028137207, 86.2821578979, 164.732070923, 282.704681396, 16.2042484283, 17.5029144287, 41.1538925171, 65.7956542969, -19.045135498, 0.935232162476], [165.944625854, -62.4886207581, 13.4055709839, 118.718055725, 52.5613136292, -16.1895427704, 16.2042484283, 216.22277832, 68.1024780273, 6.65254306793, 9.75096893311, -5.81926584244, 5.82199525833], [-626.900878906, -32.8849334717, 94.4378204346, 52.2293243408, 113.923904419, 10.829867363, 17.5029144287, 68.1024780273, 172.631698608, 41.6436843872, -4.04543733597, 11.5052843094, -13.5199718475], [158.363342285, 7.25379419327, -65.3506622314, 23.8111667633, 102.35546875, 85.1131668091, 41.1538925171, 6.65254306793, 41.6436843872, 180.07989502, 72.8057785034, -56.2062339783, 19.5562076569], [-439.8671875, -13.5616073608, 5.04681396484, 6.06874608994, 77.6798400879, 35.0397644043, 65.7956542969, 9.75096893311, -4.04543733597, 72.8057785034, 154.758834839, 3.03017711639, 39.0649757385], [-219.853408813, 63.7991294861, 211.64616394, -2.62302851677, -47.4001541138, -22.7869091034, -19.045135498, -5.81926584244, 11.5052843094, -56.2062339783, 3.03017711639, 211.094024658, 10.6015996933], [-64.840057373, -30.518995285, -30.9643745422, 25.0826454163, 37.9579162598, -3.66237545013, 0.935232162476, 5.82199525833, -13.5199718475, 19.5562076569, 39.0649757385, 10.6015996933, 97.7247314453]], "icov": [[0.000465654942673, -0.00134437857196, 0.00129226630088, -0.00121745245997, 0.00142538768705, -0.00112860125955, 0.00123346922919, -0.000925521249883, 0.000716940208804, -0.000827692099847, 0.000676921976265, -0.000409529660828, 9.71003391896e-05], [-0.00134437857196, 0.00535302283242, -0.00326687190682, 0.00343966670334, -0.00411409791559, 0.00372667331249, -0.0040535395965, 0.00307300570421, -0.00187101634219, 0.00178226421122, -0.00164128583856, 7.32130429242e-05, 0.000487777724629], [0.00129226630088, -0.00326687190682, 0.0048175570555, -0.00369967729785, 0.00386023055762, -0.00256583630107, 0.00265527772717, -0.00215326412581, 0.00161264219787, -0.00235667312518, 0.00197210581973, -0.00256705423817, 0.00100541603751], [-0.00121745245997, 0.00343966670334, -0.00369967729785, 0.00622804975137, -0.00432811910287, 0.00332752778195, -0.0021089350339, 0.000801469199359, -0.00166416668799, 0.00165161758196, -0.00167158187833, 0.00129092321731, -0.000758700887673], [0.00142538768705, -0.00411409791559, 0.00386023055762, -0.00432811910287, 0.00825376994908, -0.00468277884647, 0.00367502146401, -0.0025903750211, -0.000376227573724, -0.00246230233461, 0.0006768986932, -0.000178855494596, -0.00107779889368], [-0.00112860125955, 0.00372667331249, -0.00256583630107, 0.00332752778195, -0.00468277884647, 0.010071342811, -0.00709358928725, 0.00281926780008, -0.000436234113295, -0.00149322778452, 0.000437228911323, -0.000643643608782, 0.000977688119747], [0.00123346922919, -0.0040535395965, 0.00265527772717, -0.0021089350339, 0.00367502146401, -0.00709358928725, 0.0103440368548, -0.00366828800179, 0.0013279664563, -0.000338807265507, -0.00107017566916, 0.000566749076825, -2.07739594771e-05], [-0.000925521249883, 0.00307300570421, -0.00215326412581, 0.000801469199359, -0.0025903750211, 0.00281926780008, -0.00366828800179, 0.0082952324301, -0.00389514607377, 0.00237067602575, -0.00178712361958, 0.000779453141149, -0.000273115147138], [0.000716940208804, -0.00187101634219, 0.00161264219787, -0.00166416668799, -0.000376227573724, -0.000436234113295, 0.0013279664563, -0.00389514607377, 0.0108588915318, -0.00450925249606, 0.00371130532585, -0.00240884278901, 0.00236103101633], [-0.000827692099847, 0.00178226421122, -0.00235667312518, 0.00165161758196, -0.00246230233461, -0.00149322778452, -0.000338807265507, 0.00237067602575, -0.00450925249606, 0.0121533703059, -0.00617022393271, 0.00394490221515, -0.00141812674701], [0.000676921976265, -0.00164128583856, 0.00197210581973, -0.00167158187833, 0.0006768986932, 0.000437228911323, -0.00107017566916, -0.00178712361958, 0.00371130532585, -0.00617022393271, 0.0118923345581, -0.00266628293321, -0.00185579282697], [-0.000409529660828, 7.32130429242e-05, -0.00256705423817, 0.00129092321731, -0.000178855494596, -0.000643643608782, 0.000566749076825, 0.000779453141149, -0.00240884278901, 0.00394490221515, -0.00266628293321, 0.00817903596908, -0.00234424020164], [9.71003391896e-05, 0.000487777724629, 0.00100541603751, -0.000758700887673, -0.00107779889368, 0.000977688119747, -2.07739594771e-05, -0.000273115147138, 0.00236103101633, -0.00141812674701, -0.00185579282697, -0.00234424020164, 0.0130412168801]], "mean": [-62.3153686523, 115.995758057, -125.780944824, 11.7686138153, -61.7697486877, -6.12061071396, -40.9256324768, 0.171166822314, -28.0708942413, 0.807316064835, -18.5304698944, 7.71126842499, -4.87005281448]}, "hfc": {"dmean": 3.58914732933, "dmean2": 5.15251636505, "dvar": 24.2628726959, "dvar2": 45.9461326599, "max": 97.5277633667, "mean": 17.7247200012, "median": 10.8386030197, "min": 1.0442887227e-16, "var": 283.078552246}, "melbands": {"dmean": [8.86152338353e-05, 0.000174963919562, 0.000219592169742, 0.000274623424048, 0.000442067161202, 0.000330274517182, 0.000160736803082, 0.00012828380568, 0.000127674938994, 0.000103399230284, 9.58492601058e-05, 6.73114554957e-05, 0.000114323847811, 5.37085579708e-05, 4.64085642307e-05, 4.27601480624e-05, 3.7042893382e-05, 2.65500311798e-05, 2.23855913646e-05, 2.04075477086e-05, 1.43002198456e-05, 1.74836895894e-05, 9.13345229492e-06, 4.35970059698e-06, 1.30361263473e-06, 1.07065613975e-06, 3.75973968403e-06, 3.48905336978e-06, 1.04841808479e-06, 5.24746951669e-07, 5.61506453778e-07, 3.86328736113e-07, 2.1728105537e-07, 1.56869049306e-07, 1.56733008794e-07, 1.16431678521e-07, 5.00012404814e-08, 3.02399563168e-08, 3.153088457e-08, 3.99662702932e-08], "dmean2": [0.000125821883557, 0.000249808217632, 0.0003641853109, 0.00044390023686, 0.00067347678123, 0.00050357246073, 0.000238850028836, 0.000206047421671, 0.000193657324417, 0.000152481719851, 0.000151748929056, 0.000107350795588, 0.000188428995898, 8.48100244184e-05, 6.82155150571e-05, 6.63603350404e-05, 5.44575232198e-05, 3.97197363782e-05, 3.33387142746e-05, 3.14398421324e-05, 2.21115078602e-05, 2.6878045901e-05, 1.39949916047e-05, 6.57167083773e-06, 1.9782810341e-06, 1.6298617993e-06, 5.62174818697e-06, 5.22357822774e-06, 1.53455596319e-06, 7.79251138283e-07, 8.16874830889e-07, 5.61761510198e-07, 3.26960702068e-07, 2.42833266384e-07, 2.47193383984e-07, 1.83578393376e-07, 8.1334107449e-08, 4.82627520171e-08, 4.99062906556e-08, 6.49827072152e-08], "dvar": [3.99229023174e-08, 1.76496499193e-07, 1.44490982734e-07, 3.1646379739e-07, 3.38197054361e-07, 3.27267457578e-07, 1.0030661457e-07, 8.92220199944e-08, 1.08954139932e-07, 1.10445220969e-07, 5.37899254027e-08, 2.5956204297e-08, 9.30158776669e-08, 2.45070328475e-08, 2.49929783536e-08, 1.95306846251e-08, 1.54944217456e-08, 6.99900448708e-09, 6.98011515254e-09, 6.08849815009e-09, 1.95079974397e-09, 3.18252380005e-09, 5.69441549469e-10, 1.71456487896e-10, 1.53692024385e-11, 5.38227145144e-12, 8.63373261772e-11, 4.44098091634e-11, 4.25300636722e-12, 1.5801480133e-12, 2.06130468597e-12, 1.12562921224e-12, 3.43516176875e-13, 1.9295788654e-13, 2.1119485826e-13, 8.99585378519e-14, 3.01433614939e-14, 6.47710763469e-15, 1.05366112902e-14, 4.44213994744e-14], "dvar2": [7.36438252602e-08, 3.1202637274e-07, 3.99910760507e-07, 8.08980871625e-07, 8.12486234736e-07, 7.1490234177e-07, 2.30592590356e-07, 2.21298009251e-07, 2.32433777114e-07, 2.2365628638e-07, 1.35218144237e-07, 6.28370173672e-08, 2.55086945344e-07, 5.96811489117e-08, 4.55699762369e-08, 4.76212207445e-08, 3.52328477504e-08, 1.60859361387e-08, 1.47471599377e-08, 1.42313458795e-08, 4.40345315766e-09, 7.46233030924e-09, 1.33303434957e-09, 3.73310243829e-10, 3.25715079907e-11, 1.11658789853e-11, 1.90273796719e-10, 9.9863388392e-11, 9.03305555355e-12, 3.41998066151e-12, 4.06243875345e-12, 2.1175435537e-12, 7.40518703215e-13, 4.69293603544e-13, 5.38998153835e-13, 2.32917851672e-13, 8.29086487506e-14, 1.69300727273e-14, 2.62047633213e-14, 1.15201129343e-13], "max": [0.00396964326501, 0.00878497306257, 0.00542174419388, 0.00893168151379, 0.00804804358631, 0.0158004183322, 0.00798922870308, 0.00929262023419, 0.00900065340102, 0.00947653315961, 0.00859331339598, 0.00343080004677, 0.00629306817427, 0.00597495725378, 0.00755280815065, 0.00402231328189, 0.00304812053218, 0.00273775635287, 0.00248393323272, 0.00338553427719, 0.0013896159362, 0.00210668868385, 0.000562299101148, 0.000408343534218, 0.000205182572245, 5.46027549717e-05, 0.000302734813886, 0.000149730170961, 3.75766576326e-05, 2.64364007307e-05, 2.43419726758e-05, 1.79838989425e-05, 9.4050737971e-06, 9.23643074202e-06, 8.0823292592e-06, 5.07717777509e-06, 5.02599914398e-06, 1.51131075654e-06, 3.60092917617e-06, 7.52776122681e-06], "mean": [0.000269697920885, 0.000445814512204, 0.000376068172045, 0.000508294266183, 0.000964749138802, 0.000765044242144, 0.000349594367435, 0.000240926761762, 0.000269341137027, 0.000265131995548, 0.0001748016075, 0.000127847626572, 0.000208767873119, 0.000107692270831, 0.000111233712232, 0.000101446457847, 7.74779109634e-05, 5.91980387981e-05, 4.56645575468e-05, 4.22029261244e-05, 3.07943191729e-05, 3.86377796531e-05, 2.03114814212e-05, 9.84440794127e-06, 2.97808310279e-06, 2.54023780144e-06, 9.76918545348e-06, 9.45957799559e-06, 2.3753430014e-06, 9.34233412409e-07, 1.039048243e-06, 6.56107204122e-07, 3.9314053879e-07, 2.99458179143e-07, 3.07172598468e-07, 2.44933232807e-07, 8.98020573459e-08, 6.10414474522e-08, 6.35274162164e-08, 6.75099087744e-08], "median": [7.4781361036e-05, 0.000180810733582, 0.000238789420109, 0.000324765424011, 0.000638372555841, 0.000409339379985, 0.00019364336913, 0.000115336057206, 8.08404947747e-05, 3.17853373417e-05, 5.46364899492e-05, 4.08085979871e-05, 3.70204761566e-05, 2.50630164373e-05, 1.33551084218e-05, 6.59432271277e-06, 7.13983808964e-06, 7.08488460077e-06, 6.34528987575e-06, 8.63370951265e-06, 7.75724038249e-06, 7.8445955296e-06, 4.57345868199e-06, 1.91573940356e-06, 7.94509503521e-07, 8.85556801222e-07, 1.84452733265e-06, 2.1784189812e-06, 6.34001480648e-07, 3.43395470281e-07, 3.83018516459e-07, 2.36369032791e-07, 1.6480856857e-07, 1.34894662551e-07, 9.85187398328e-08, 7.55415072717e-08, 4.15344558746e-08, 2.43823095047e-08, 1.72072507354e-08, 1.83539032861e-08], "min": [7.43864772225e-25, 7.81443048914e-25, 1.54415479285e-24, 1.78510466495e-24, 1.57284310017e-24, 6.87785242119e-25, 1.47873189557e-24, 1.70733244603e-24, 7.97542122268e-25, 2.44988997713e-24, 2.65358293476e-24, 2.53985916894e-24, 3.26847555569e-24, 2.11289688146e-24, 2.90375518249e-24, 2.9161777696e-24, 3.84339343911e-24, 3.12204877218e-24, 3.76850569009e-24, 3.9332277357e-24, 3.40671751287e-24, 3.08255662033e-24, 3.70456378055e-24, 4.77987309666e-24, 4.75508511487e-24, 4.22551726717e-24, 5.75043785621e-24, 4.45386607239e-24, 4.77811354241e-24, 5.44774167169e-24, 5.6651742197e-24, 4.61748647375e-24, 5.59768243609e-24, 4.141972953e-24, 6.20413266762e-24, 5.38031023594e-24, 5.89045317271e-24, 4.97366782208e-24, 6.13510654955e-24, 5.67412700211e-24], "var": [2.53111608117e-07, 5.69865164834e-07, 1.98125817974e-07, 4.40646061861e-07, 1.01066814295e-06, 1.45426452036e-06, 2.6675147069e-07, 3.04349384805e-07, 3.89312759808e-07, 7.18275487088e-07, 1.57816714363e-07, 7.46859569745e-08, 2.37545222603e-07, 7.50767128466e-08, 1.16765967562e-07, 9.09791637582e-08, 5.958609961e-08, 2.88575403573e-08, 2.40177993049e-08, 2.49091360871e-08, 6.55985887832e-09, 1.22662555668e-08, 1.97788807554e-09, 6.19527595891e-10, 5.69188446375e-11, 2.13101307434e-11, 4.10828454589e-10, 2.3443977315e-10, 1.76935601587e-11, 3.2319461777e-12, 4.25413957533e-12, 1.99111300364e-12, 5.41400203748e-13, 2.72549940516e-13, 3.57821709545e-13, 1.85424429717e-13, 2.94983459046e-14, 1.01958516296e-14, 1.8077702421e-14, 4.41830410149e-14]}, "melbands_crest": {"dmean": 2.70172047615, "dmean2": 4.31298875809, "dvar": 6.02109766006, "dvar2": 15.0541229248, "max": 32.1059112549, "mean": 12.4462213516, "median": 11.5544252396, "min": 1.54004776478, "var": 24.775976181}, "melbands_flatness_db": {"dmean": 0.0179810281843, "dmean2": 0.026330826804, "dvar": 0.000291856529657, "dvar2": 0.000614592107013, "max": 0.481896281242, "mean": 0.234072655439, "median": 0.228875264525, "min": 0.00262821116485, "var": 0.00416378071532}, "melbands_kurtosis": {"dmean": 3.93254542351, "dmean2": 6.03854513168, "dvar": 61.9281997681, "dvar2": 134.411178589, "max": 338.16595459, "mean": 8.66667366028, "median": 4.40170764923, "min": -1.6821615696, "var": 295.324645996}, "melbands_skewness": {"dmean": 0.489990115166, "dmean2": 0.741416454315, "dvar": 0.256146460772, "dvar2": 0.576625466347, "max": 11.3227872849, "mean": 1.82556462288, "median": 1.65031349659, "min": -1.45788133144, "var": 2.00842833519}, "melbands_spread": {"dmean": 4.20230674744, "dmean2": 6.41263151169, "dvar": 26.3955459595, "dvar2": 60.7898979187, "max": 171.938812256, "mean": 21.0661563873, "median": 15.9458351135, "min": 0.722706317902, "var": 445.603729248}, "mfcc": {"cov": [[9589.76953125, 1557.53076172, -1037.66088867, 336.485412598, 46.6911888123, 54.1019248962, 83.1812896729, -193.616500854, 82.9844894409, 275.922454834, -125.959182739, 155.318496704, 64.7683563232], [1557.53076172, 1324.78662109, -10.5989151001, -25.7725429535, -92.0201187134, 111.938964844, -35.2090263367, 27.3261146545, -33.5555419922, -68.6062164307, -5.30730867386, -17.6742210388, 55.5822982788], [-1037.66088867, -10.5989151001, 808.076721191, 161.94152832, -84.2680511475, -72.9417572021, -120.422393799, 123.564987183, -33.800453186, -178.76802063, 10.7293968201, -43.907371521, -15.8786821365], [336.485412598, -25.7725429535, 161.94152832, 437.777893066, 172.592422485, -114.095779419, -64.5978851318, 32.0919494629, 36.9076309204, -14.349064827, -1.99451994896, 34.2707214355, -5.25781774521], [46.6911888123, -92.0201187134, -84.2680511475, 172.592422485, 316.877838135, 0.268390536308, -3.84351444244, -23.1154670715, 57.7194633484, 76.391998291, 32.2139167786, 56.400302887, 17.7710132599], [54.1019248962, 111.938964844, -72.9417572021, -114.095779419, 0.268390536308, 327.579833984, 102.383125305, -26.4595527649, 15.9247465134, 44.6168479919, 53.9122428894, 27.5083675385, 10.338637352], [83.1812896729, -35.2090263367, -120.422393799, -64.5978851318, -3.84351444244, 102.383125305, 291.234954834, -17.6028900146, 7.6270403862, 81.0941009521, 19.3364772797, 69.7677383423, 56.8879432678], [-193.616500854, 27.3261146545, 123.564987183, 32.0919494629, -23.1154670715, -26.4595527649, -17.6028900146, 225.572555542, 48.6479759216, -65.0829467773, 33.720161438, -15.0390291214, 8.65729236603], [82.9844894409, -33.5555419922, -33.800453186, 36.9076309204, 57.7194633484, 15.9247465134, 7.6270403862, 48.6479759216, 136.382400513, 62.3483009338, 31.788028717, 29.3218021393, 16.7953033447], [275.922454834, -68.6062164307, -178.76802063, -14.349064827, 76.391998291, 44.6168479919, 81.0941009521, -65.0829467773, 62.3483009338, 234.457794189, 62.9255981445, 28.9293861389, 6.77416229248], [-125.959182739, -5.30730867386, 10.7293968201, -1.99451994896, 32.2139167786, 53.9122428894, 19.3364772797, 33.720161438, 31.788028717, 62.9255981445, 152.607681274, 36.0831451416, -0.499530166388], [155.318496704, -17.6742210388, -43.907371521, 34.2707214355, 56.400302887, 27.5083675385, 69.7677383423, -15.0390291214, 29.3218021393, 28.9293861389, 36.0831451416, 151.59135437, 51.0882377625], [64.7683563232, 55.5822982788, -15.8786821365, -5.25781774521, 17.7710132599, 10.338637352, 56.8879432678, 8.65729236603, 16.7953033447, 6.77416229248, -0.499530166388, 51.0882377625, 125.93032074]], "icov": [[0.000196328925085, -0.000233212645981, 0.00028566736728, -0.000349198002368, 0.000239437038545, -1.4890058992e-05, 4.74101070722e-05, 1.22924448078e-05, -3.50090776919e-05, -0.000217988097575, 0.000220024900045, -0.000200248614419, 6.70763693051e-05], [-0.000233212645981, 0.00114633678459, -0.000177649781108, 0.0001591022301, 8.34941238281e-05, -0.00045941665303, 0.000271653523669, -0.000138472692925, 0.000287492759526, 0.000392524292693, -0.000310933275614, 0.000379339966457, -0.000703621422872], [0.00028566736728, -0.000177649781108, 0.00230842782184, -0.00149505352601, 0.00113906501792, -0.0001933168096, 0.000421350006945, -0.000394346279791, 0.000189428537851, 0.000762177631259, -0.000465153803816, 8.44431633595e-05, -0.000250332552241], [-0.000349198002368, 0.0001591022301, -0.00149505352601, 0.0046655847691, -0.00282723945566, 0.00127420888748, -7.55016371841e-05, -0.000190873499378, -0.000441129872343, 0.000378471624572, 0.000147098995512, -0.000537672254723, 0.000714436580893], [0.000239437038545, 8.34941238281e-05, 0.00113906501792, -0.00282723945566, 0.00564625440165, -0.000709551677573, 0.000826375267934, 0.000399124459364, -0.000749009661376, -0.00103972572833, -0.00024933295208, -0.000926094769966, -0.000743155949749], [-1.4890058992e-05, -0.00045941665303, -0.0001933168096, 0.00127420888748, -0.000709551677573, 0.00433338619769, -0.00152354617603, 0.0008564312011, -0.000958813354373, 0.000597400183324, -0.00143548904452, 6.67630374664e-05, 0.000675959163345], [4.74101070722e-05, 0.000271653523669, 0.000421350006945, -7.55016371841e-05, 0.000826375267934, -0.00152354617603, 0.0054097766988, -0.00103523663711, 0.00145841436461, -0.00214886339381, 0.000981890247203, -0.00203081569634, -0.00170964095742], [1.22924448078e-05, -0.000138472692925, -0.000394346279791, -0.000190873499378, 0.000399124459364, 0.0008564312011, -0.00103523663711, 0.00711674103513, -0.0040101017803, 0.00327003118582, -0.00272672763094, 0.00175267050508, -0.000514054030646], [-3.50090776919e-05, 0.000287492759526, 0.000189428537851, -0.000441129872343, -0.000749009661376, -0.000958813354373, 0.00145841436461, -0.0040101017803, 0.011484134011, -0.00398061890155, 0.000818335567601, -0.00174233689904, -0.000909566995688], [-0.000217988097575, 0.000392524292693, 0.000762177631259, 0.000378471624572, -0.00103972572833, 0.000597400183324, -0.00214886339381, 0.00327003118582, -0.00398061890155, 0.00900454819202, -0.00400256924331, 0.001956111053, 0.000131444758154], [0.000220024900045, -0.000310933275614, -0.000465153803816, 0.000147098995512, -0.00024933295208, -0.00143548904452, 0.000981890247203, -0.00272672763094, 0.000818335567601, -0.00400256924331, 0.00998518057168, -0.00298263761215, 0.00122428697068], [-0.000200248614419, 0.000379339966457, 8.44431633595e-05, -0.000537672254723, -0.000926094769966, 6.67630374664e-05, -0.00203081569634, 0.00175267050508, -0.00174233689904, 0.001956111053, -0.00298263761215, 0.0101737752557, -0.00316616450436], [6.70763693051e-05, -0.000703621422872, -0.000250332552241, 0.000714436580893, -0.000743155949749, 0.000675959163345, -0.00170964095742, -0.000514054030646, -0.000909566995688, 0.000131444758154, 0.00122428697068, -0.00316616450436, 0.0104758227244]], "mean": [-691.517700195, 151.791809082, -14.2486753464, 19.2937259674, -9.29575252533, -2.69974136353, -11.9656877518, -3.13721132278, -5.73720359802, -7.90966701508, -14.4494152069, -1.37909126282, 3.0587208271]}, "pitch_salience": {"dmean": 0.0597209706903, "dmean2": 0.0952618196607, "dvar": 0.00260045612231, "dvar2": 0.00647185742855, "max": 0.844225049019, "mean": 0.577343642712, "median": 0.581052541733, "min": 0.184449881315, "var": 0.0117456857115}, "silence_rate_20dB": {"dmean": 0, "dmean2": 0, "dvar": 0, "dvar2": 0, "max": 1, "mean": 1, "median": 1, "min": 1, "var": 0}, "silence_rate_30dB": {"dmean": 0, "dmean2": 0, "dvar": 0, "dvar2": 0, "max": 1, "mean": 1, "median": 1, "min": 1, "var": 0}, "silence_rate_60dB": {"dmean": 0.00294985249639, "dmean2": 0.00590067217126, "dvar": 0.00294113880955, "dvar2": 0.00684911152348, "max": 1, "mean": 0.0426019988954, "median": 0, "min": 0, "var": 0.0407878868282}, "spectral_centroid": {"dmean": 151.793228149, "dmean2": 228.360412598, "dvar": 47885.7539062, "dvar2": 95787.3125, "max": 11693.4404297, "mean": 1259.1262207, "median": 949.449279785, "min": 241.976211548, "var": 2429127.5}, "spectral_complexity": {"dmean": 1.92461490631, "dmean2": 3.05851507187, "dvar": 4.44739484787, "dvar2": 9.19387054443, "max": 43, "mean": 14.405046463, "median": 14, "min": 0, "var": 36.7269668579}, "spectral_contrast_coeffs": {"dmean": [0.0462423339486, 0.0422274023294, 0.0363750457764, 0.0278168581426, 0.0210575032979, 0.0153515199199], "dmean2": [0.0749167501926, 0.0688202381134, 0.059738650918, 0.0446488521993, 0.0327327549458, 0.0235057864338], "dvar": [0.00159203610383, 0.00119027367327, 0.000879401341081, 0.000604886503424, 0.000366216961993, 0.000198078821995], "dvar2": [0.00418538367376, 0.00318676116876, 0.00227520987391, 0.0014136742102, 0.000767183140852, 0.000411294779042], "max": [-0.215254366398, -0.319219142199, -0.367530316114, -0.455022424459, -0.538515090942, -0.633368015289], "mean": [-0.589355885983, -0.673761308193, -0.714471638203, -0.730984449387, -0.746212184429, -0.757338047028], "median": [-0.591086030006, -0.676646769047, -0.722615122795, -0.741892635822, -0.755038022995, -0.753337442875], "min": [-0.980852842331, -0.978586375713, -0.982893466949, -0.97298771143, -0.968977510929, -0.964865684509], "var": [0.0133740026504, 0.00840492732823, 0.00773367471993, 0.00672485306859, 0.00506070815027, 0.00233645713888]}, "spectral_contrast_valleys": {"dmean": [0.363084435463, 0.30420807004, 0.263050466776, 0.238654762506, 0.221408680081, 0.210755094886], "dmean2": [0.580446481705, 0.499224066734, 0.431439459324, 0.378823459148, 0.317032307386, 0.302985399961], "dvar": [0.132927432656, 0.0829430148005, 0.0707497447729, 0.073667563498, 0.0774950012565, 0.090471573174], "dvar2": [0.27133962512, 0.176269084215, 0.14291651547, 0.129007652402, 0.119242317975, 0.156833425164], "max": [-5.84408521652, -5.01611423492, -5.60877370834, -5.91411828995, -6.10498189926, -8.95613479614], "mean": [-8.40173912048, -7.23299264908, -8.03375148773, -8.81031513214, -8.83947849274, -11.5991477966], "median": [-7.78177452087, -6.63025903702, -7.55956172943, -8.31728172302, -8.35450363159, -11.2261734009], "min": [-28.1413383484, -27.982667923, -27.7677116394, -27.6685771942, -27.6382598877, -27.4690628052], "var": [9.47279071808, 10.2339925766, 9.43315601349, 8.98616027832, 8.78216743469, 6.21812295914]}, "spectral_decrease": {"dmean": 1.23409937824e-09, "dmean2": 1.85245663253e-09, "dvar": 1.98449955413e-18, "dvar2": 4.58865871668e-18, "max": 2.27857180981e-28, "mean": -5.49591838706e-09, "median": -4.71115990663e-09, "min": -2.33161276952e-08, "var": 1.24788773267e-17}, "spectral_energy": {"dmean": 0.0049325497821, "dmean2": 0.00737464334816, "dvar": 3.1553212466e-05, "dvar2": 7.20545795048e-05, "max": 0.0928915888071, "mean": 0.0223505552858, "median": 0.0188389606774, "min": 9.85494661522e-21, "var": 0.000214483588934}, "spectral_energyband_high": {"dmean": 8.88003196451e-05, "dmean2": 0.000128108644276, "dvar": 2.69912057149e-08, "dvar2": 5.2527294514e-08, "max": 0.0025099159684, "mean": 0.00023523735581, "median": 0.000107129162643, "min": 6.99459079213e-21, "var": 9.6707694297e-08}, "spectral_energyband_low": {"dmean": 0.000785043288488, "dmean2": 0.00112396280747, "dvar": 2.25580606639e-06, "dvar2": 4.11405881096e-06, "max": 0.0283376518637, "mean": 0.00219328398816, "median": 0.00108670955524, "min": 1.8613018442e-23, "var": 9.24135110836e-06}, "spectral_energyband_middle_high": {"dmean": 0.00197739247233, "dmean2": 0.00293654506095, "dvar": 1.05523704406e-05, "dvar2": 2.27756390814e-05, "max": 0.0703876763582, "mean": 0.00738281803206, "median": 0.003153485246, "min": 1.13459655187e-21, "var": 9.42729238886e-05}, "spectral_energyband_middle_low": {"dmean": 0.00394809851423, "dmean2": 0.0060773040168, "dvar": 2.46838644671e-05, "dvar2": 6.00226012466e-05, "max": 0.0806052312255, "mean": 0.0131513494998, "median": 0.0109665095806, "min": 1.61220740134e-22, "var": 8.95095363376e-05}, "spectral_entropy": {"dmean": 0.147302284837, "dmean2": 0.212103486061, "dvar": 0.0237757656723, "dvar2": 0.045521222055, "max": 9.82007312775, "mean": 6.98297452927, "median": 6.95242643356, "min": 4.94296598434, "var": 0.371405541897}, "spectral_flux": {"dmean": 0.0167412962765, "dmean2": 0.0267566014081, "dvar": 0.000334662792739, "dvar2": 0.000778375251684, "max": 0.258633285761, "mean": 0.0638311505318, "median": 0.058010365814, "min": 6.38790131902e-11, "var": 0.00115763419308}, "spectral_kurtosis": {"dmean": 2.62406754494, "dmean2": 4.41158628464, "dvar": 6.442029953, "dvar2": 16.412815094, "max": 38.1485862732, "mean": 8.23035526276, "median": 7.40377521515, "min": -1.30640292168, "var": 22.6210746765}, "spectral_rms": {"dmean": 0.000505155418068, "dmean2": 0.000746818841435, "dvar": 2.57766544109e-07, "dvar2": 5.73270028781e-07, "max": 0.00951976608485, "mean": 0.00438092090189, "median": 0.00428712880239, "min": 3.10073906655e-12, "var": 2.61288369074e-06}, "spectral_rolloff": {"dmean": 220.313049316, "dmean2": 377.34161377, "dvar": 233333.515625, "dvar2": 552238.6875, "max": 19509.0820312, "mean": 1568.84777832, "median": 1033.59375, "min": 215.33203125, "var": 7621670}, "spectral_skewness": {"dmean": 0.280256003141, "dmean2": 0.448016762733, "dvar": 0.066710986197, "dvar2": 0.146990254521, "max": 5.01887226105, "mean": 2.04477500916, "median": 1.98847043514, "min": -0.0736950412393, "var": 0.489267885685}, "spectral_spread": {"dmean": 377070.15625, "dmean2": 584727.6875, "dvar": 696324325376, "dvar2": 1539364225020.0, "max": 48988396, "mean": 4211634.5, "median": 3196761.5, "min": 1727126.875, "v