{"lowlevel": {"average_loudness": 0.833813667297, "barkbands": {"dmean": [2.10006965062e-06, 0.000696901348419, 0.000519558554515, 0.000211509875953, 0.000698013347574, 0.000575432379264, 0.00081180757843, 0.000444497796707, 0.000558117753826, 0.000263034191448, 0.000141572119901, 0.000210230311495, 0.000349485926563, 0.000283570669126, 4.93666484545e-05, 4.42562159151e-05, 0.000100996090623, 6.44657484372e-05, 0.000164611425134, 7.27684091544e-05, 1.22751662275e-05, 1.56288169819e-05, 1.3885671251e-05, 5.4470961004e-06, 5.0754061931e-07, 1.63696299182e-07, 1.05872599576e-08], "dmean2": [3.35322602041e-06, 0.000878255057614, 0.000677577569149, 0.000335200864356, 0.00114263384603, 0.000868133385666, 0.00110609398689, 0.000576398451813, 0.000769854290411, 0.000328250491293, 0.000191302489839, 0.000297016755212, 0.000456305511761, 0.000354174146196, 6.93642505212e-05, 5.69071489736e-05, 0.000134355432237, 8.53666424518e-05, 0.000205032716622, 9.17831785046e-05, 1.88629728655e-05, 2.28192584473e-05, 1.93687919818e-05, 7.68660902395e-06, 7.34594891583e-07, 2.14856541447e-07, 1.66737201823e-08], "dvar": [2.77637721841e-11, 3.63907088285e-06, 2.3872953534e-06, 2.78076356608e-07, 1.93576534002e-06, 2.76327227766e-06, 4.42009877588e-06, 4.99111274621e-06, 3.49122660737e-06, 4.77181913539e-07, 2.43385841259e-07, 5.57400085199e-07, 2.45253818321e-06, 1.36778521664e-06, 2.97540143634e-08, 2.04276826565e-08, 8.86986200044e-08, 6.74775719745e-08, 1.54759447923e-07, 5.19493283946e-08, 6.62425980735e-09, 5.25887466907e-09, 3.99535338147e-09, 3.18680359879e-10, 4.34568483629e-12, 4.05456159099e-13, 3.04093218984e-16], "dvar2": [6.72419897541e-11, 4.82705581817e-06, 4.68068265036e-06, 6.43350858809e-07, 4.93220477438e-06, 6.36214645056e-06, 7.07289609636e-06, 9.72595080384e-06, 7.45434454075e-06, 6.95835751685e-07, 4.04111858643e-07, 1.05666822492e-06, 3.33641582984e-06, 1.85125202279e-06, 5.52435075463e-08, 3.21405231318e-08, 1.67488479974e-07, 1.07045622144e-07, 2.59506066413e-07, 6.52084253261e-08, 1.60425503992e-08, 1.20802612358e-08, 9.99876981211e-09, 6.65742405648e-10, 7.89425989856e-12, 5.17329831317e-13, 6.14873551329e-16], "max": [9.97932438622e-05, 0.0445704348385, 0.0328218638897, 0.00649725878611, 0.017164055258, 0.0340777561069, 0.0467494167387, 0.0529255308211, 0.043618042022, 0.0147244920954, 0.0141837503761, 0.018538730219, 0.0438464581966, 0.0363538786769, 0.00274208164774, 0.00306806317531, 0.00397465191782, 0.00670896982774, 0.00607613706961, 0.00652459729463, 0.00165308720898, 0.00131102721207, 0.00131855369546, 0.000361925864127, 3.84783379559e-05, 1.56073783728e-05, 4.4881809913e-07], "mean": [8.83565189724e-06, 0.00367823289707, 0.00228444952518, 0.000349528825609, 0.00144389260095, 0.00104137696326, 0.00199285545386, 0.000710444524884, 0.0014399914071, 0.000847579911351, 0.000380633340683, 0.000460673007183, 0.000886797090061, 0.000817960011773, 7.76910164859e-05, 9.33419069042e-05, 0.000174459375557, 0.000117275812954, 0.000437069538748, 0.000128774743644, 1.55710858962e-05, 2.35090537899e-05, 2.45155679295e-05, 9.94860511128e-06, 8.4260074118e-07, 3.65046275874e-07, 2.59412935577e-08], "median": [1.96514179152e-06, 0.000747689628042, 0.000394774368033, 8.35074170027e-05, 0.000701865996234, 7.63850548537e-05, 0.000104583428765, 2.68026051344e-05, 3.84854974982e-05, 2.49081640504e-05, 1.10378996396e-05, 9.6480580396e-06, 8.85168992681e-06, 3.64587071999e-06, 3.89447222915e-06, 5.17324315297e-06, 9.44476960285e-06, 5.54592406843e-06, 1.72333639057e-05, 5.33599450137e-06, 4.38709093942e-07, 1.10839823719e-06, 1.43574163758e-06, 4.23199196575e-07, 1.1342710593e-07, 1.23059905377e-07, 2.18211173575e-08], "min": [3.8462362966e-25, 2.01425041691e-24, 2.02816779682e-25, 4.42113051419e-25, 1.01738057771e-23, 6.59422556854e-24, 9.05141053689e-24, 7.19826267455e-24, 1.26603276937e-23, 1.64480480633e-23, 1.44907011417e-23, 2.06711281447e-23, 3.52710249906e-23, 2.86772396064e-23, 4.45379791481e-23, 5.44740325036e-23, 8.40569222945e-23, 1.09194025526e-22, 1.23103359847e-22, 1.68185094506e-22, 2.43693875855e-22, 3.06397866991e-22, 4.34623231276e-22, 5.8598254114e-22, 8.68899010344e-22, 1.34446525856e-21, 2.09979798497e-21], "var": [1.24897453491e-10, 3.73351576854e-05, 1.62925498444e-05, 6.14793691511e-07, 3.61974366569e-06, 8.18020635052e-06, 2.42430105573e-05, 8.21332105261e-06, 2.0236340788e-05, 5.40278506378e-06, 1.57837382631e-06, 3.09182610181e-06, 1.73539247044e-05, 1.19971791719e-05, 5.57648291988e-08, 8.68008527277e-08, 1.99408745516e-07, 2.14497987372e-07, 7.61042201702e-07, 1.73544037807e-07, 8.09061706519e-09, 7.89816922975e-09, 5.97374327782e-09, 9.86195347608e-10, 1.09521610531e-11, 1.34111656242e-12, 6.97838205051e-16]}, "barkbands_crest": {"dmean": 1.99602723122, "dmean2": 3.06935024261, "dvar": 5.1490354538, "dvar2": 11.5605201721, "max": 26.5707836151, "mean": 12.2761516571, "median": 11.8770341873, "min": 3.69786214828, "var": 23.2669353485}, "barkbands_flatness_db": {"dmean": 0.0217431057245, "dmean2": 0.0305876918137, "dvar": 0.000808475306258, "dvar2": 0.00141201377846, "max": 0.539616405964, "mean": 0.24315392971, "median": 0.238341748714, "min": 0.0547698028386, "var": 0.0102857481688}, "barkbands_kurtosis": {"dmean": 6.10708999634, "dmean2": 9.33480739594, "dvar": 152.681610107, "dvar2": 316.342987061, "max": 210.0831604, "mean": 15.5598449707, "median": 5.60786914825, "min": -1.85427439213, "var": 760.073669434}, "barkbands_skewness": {"dmean": 0.632036268711, "dmean2": 0.930974125862, "dvar": 0.78255623579, "dvar2": 1.6220998764, "max": 14.3123979568, "mean": 1.91146397591, "median": 1.68737185001, "min": -2.55316472054, "var": 5.36767196655}, "barkbands_spread": {"dmean": 3.48873949051, "dmean2": 5.10883712769, "dvar": 42.4367446899, "dvar2": 77.9686431885, "max": 88.4352416992, "mean": 13.3644285202, "median": 8.48236656189, "min": 0.378207623959, "var": 189.220535278}, "dissonance": {"dmean": 0.0294453967363, "dmean2": 0.0493630319834, "dvar": 0.000970054010395, "dvar2": 0.00257882778533, "max": 0.499608129263, "mean": 0.421468824148, "median": 0.434891074896, "min": 0.232496470213, "var": 0.00342046096921}, "dynamic_complexity": 6.9387755394, "erbbands": {"dmean": [0.00703840283677, 0.200019389391, 0.667872965336, 0.494833171368, 1.84075844288, 2.4902806282, 2.20406699181, 5.06864881516, 12.8947887421, 7.06364202499, 12.3095798492, 11.814614296, 9.25335025787, 4.99971294403, 6.53171253204, 8.92111587524, 16.047077179, 16.6587638855, 4.33299160004, 2.08310604095, 2.32782936096, 5.39127874374, 3.88122081757, 4.43756341934, 9.5866651535, 2.67287421227, 0.463480174541, 0.608803093433, 0.515891075134, 0.563637256622, 0.345842570066, 0.174956679344, 0.0602157451212, 0.0100120101124, 0.00239154160954, 0.00097210687818, 0.000310989387799, 3.56779128197e-05, 2.60874298874e-06, 4.35316678704e-06], "dmean2": [0.00900475308299, 0.252123475075, 0.854566812515, 0.730266928673, 3.02189350128, 3.94034290314, 3.20677065849, 7.58611059189, 17.7887001038, 9.59554862976, 16.5497722626, 15.7116270065, 11.3509092331, 6.46136951447, 8.75667381287, 11.9692459106, 19.0065231323, 20.3582859039, 5.85203742981, 2.70170402527, 2.87033867836, 6.93881607056, 5.36102342606, 5.53923845291, 11.7735137939, 3.22809243202, 0.695115208626, 0.908029258251, 0.75078445673, 0.815591752529, 0.482180804014, 0.251788407564, 0.0899158790708, 0.0147721096873, 0.00345212453976, 0.00134955742396, 0.000410374050261, 5.00796559209e-05, 3.45188323081e-06, 5.63634466744e-06], "dvar": [0.000391624460462, 0.295326441526, 3.6787083149, 1.20556569099, 12.2939939499, 29.7161026001, 40.0731086731, 222.298339844, 1360.20874023, 528.157897949, 4984.31152344, 1507.63830566, 796.54309082, 211.414108276, 609.286621094, 848.266845703, 3873.56152344, 5031.40380859, 328.97064209, 42.7435684204, 44.8420219421, 232.80355835, 242.868087769, 105.662490845, 570.840576172, 84.1152420044, 3.62921094894, 18.7844333649, 5.45813703537, 9.63809394836, 2.41305279732, 0.352173775434, 0.0493415296078, 0.00177376414649, 0.000106611470983, 1.25842007037e-05, 2.68776580015e-06, 1.54934483021e-08, 1.5620527441e-11, 4.78542587501e-11], "dvar2": [0.000548935146071, 0.400898456573, 6.61546278, 2.50513219833, 32.3376426697, 73.1787414551, 72.5191268921, 500.534729004, 2225.47460938, 1049.27966309, 10639.7578125, 2792.80322266, 1261.96362305, 323.682128906, 1038.56738281, 1540.10083008, 4816.22021484, 6615.83203125, 465.304718018, 78.1443862915, 66.0933227539, 418.110412598, 370.974639893, 178.999191284, 951.255615234, 101.337379456, 8.10924720764, 43.9882698059, 12.1630496979, 26.4263362885, 5.75489759445, 0.733188569546, 0.111832037568, 0.00360640464351, 0.00017319075414, 1.92482148123e-05, 4.2138549361e-06, 2.23430358659e-08, 2.7086291543e-11, 8.55779752618e-11], "max": [0.419400751591, 12.3038673401, 41.1408538818, 15.0592336655, 35.798664093, 69.185256958, 110.323654175, 305.31439209, 864.170166016, 520.957580566, 1660.09143066, 996.099060059, 723.672424316, 480.806152344, 680.639892578, 952.134643555, 1990.14331055, 2160.796875, 598.195556641, 118.485862732, 176.757202148, 197.363464355, 317.342529297, 176.367782593, 372.376708984, 258.560424805, 26.7960071564, 86.2884979248, 43.9468536377, 69.0781936646, 30.3990440369, 10.6691446304, 3.97531843185, 0.809700727463, 0.198771178722, 0.0544210635126, 0.0490795262158, 0.00347166974097, 8.13681617728e-05, 0.000122409430332], "mean": [0.0433343164623, 1.03349769115, 3.14228057861, 1.40180635452, 3.38508963585, 5.20134210587, 3.69823479652, 9.91317558289, 33.551235199, 15.6004533768, 21.8830699921, 32.4080352783, 27.2180995941, 19.1815414429, 17.8752422333, 28.0823822021, 41.965713501, 40.2842140198, 13.5728006363, 4.10227155685, 5.48053741455, 9.85086631775, 8.14722251892, 11.5215549469, 24.2274093628, 5.94527673721, 0.747598409653, 0.771208047867, 0.775373458862, 0.909412145615, 0.631031572819, 0.33358040452, 0.0950492620468, 0.0159487053752, 0.00414251023903, 0.0018653778825, 0.000649094989058, 0.000104752012703, 1.21992097775e-05, 2.04230527743e-05], "median": [0.0253975689411, 0.148021563888, 0.808780968189, 0.625818490982, 1.51719307899, 1.76199758053, 0.640164554119, 0.99346858263, 1.87554574013, 1.45844364166, 1.02462625504, 0.972572088242, 1.22338497639, 0.513065040112, 0.618497550488, 0.457009106874, 0.465707927942, 0.216821849346, 0.162152975798, 0.235989525914, 0.339079260826, 0.585716784, 0.457838445902, 0.497229725122, 1.12095999718, 0.304499030113, 0.0494023263454, 0.0202949885279, 0.0324269682169, 0.0556641556323, 0.0326482765377, 0.0122284386307, 0.00509366439655, 0.00168304273393, 0.000823088630568, 0.000461152056232, 0.000235988307395, 7.35906505724e-05, 8.84612654772e-06, 1.32508521347e-05], "min": [5.89920724106e-23, 5.22138425116e-22, 1.32429556196e-21, 8.6075194774e-21, 6.84487594802e-21, 2.55347181583e-20, 5.67610690099e-20, 7.46145669974e-20, 5.25208410236e-20, 2.65044358844e-19, 2.5764628809e-19, 3.50398334519e-19, 7.37419418575e-19, 7.1034646921e-19, 6.38118040399e-19, 1.14633522381e-18, 2.02848384923e-18, 1.45211980464e-18, 2.61360825349e-18, 2.79680125541e-18, 3.03415080602e-18, 5.09936498996e-18, 5.21187189302e-18, 5.65021888785e-18, 6.42845977305e-18, 8.51515935302e-18, 7.77348605475e-18, 1.11946297948e-17, 9.00596779666e-18, 1.11004891965e-17, 1.13727904367e-17, 1.00679080573e-17, 1.0165686596e-17, 9.07016197528e-18, 6.53331236032e-18, 4.64193741994e-18, 2.18211548401e-18, 9.52972449846e-19, 2.6020881608e-19, 2.9002693879e-20], "var": [0.00375383417122, 2.99646067619, 29.3217029572, 4.03554010391, 21.2486171722, 68.4856872559, 87.5904006958, 747.284423828, 7840.00048828, 1345.609375, 7858.89208984, 10305.6708984, 7534.42480469, 3603.44482422, 3339.43066406, 9192.46289062, 31292.328125, 29096.8046875, 3528.85253906, 109.977767944, 254.900024414, 626.00958252, 868.58770752, 577.718017578, 2415.12426758, 313.548034668, 6.63263225555, 22.692937851, 9.00034046173, 9.51772975922, 4.28156328201, 1.06325876713, 0.118827141821, 0.00424818461761, 0.000244595983531, 3.72541107936e-05, 6.43919429422e-06, 3.98774098187e-08, 1.15122300581e-10, 4.45432940532e-10]}, "erbbands_crest": {"dmean": 2.40704011917, "dmean2": 3.80104923248, "dvar": 6.44814300537, "dvar2": 14.2085409164, "max": 29.0858058929, "mean": 11.8819293976, "median": 10.8535032272, "min": 2.47838640213, "var": 31.1434631348}, "erbbands_flatness_db": {"dmean": 0.0171061344445, "dmean2": 0.0249954778701, "dvar": 0.000430556887295, "dvar2": 0.000813096296042, "max": 0.384490400553, "mean": 0.219256207347, "median": 0.227918758988, "min": 0.0362606756389, "var": 0.00426582526416}, "erbbands_kurtosis": {"dmean": 1.77296078205, "dmean2": 2.80488443375, "dvar": 10.2457122803, "dvar2": 23.266418457, "max": 51.6834487915, "mean": 2.99493527412, "median": 1.02916097641, "min": -1.73712337017, "var": 36.617313385}, "erbbands_skewness": {"dmean": 0.413036763668, "dmean2": 0.624573290348, "dvar": 0.258195698261, "dvar2": 0.559581756592, "max": 5.31476354599, "mean": 0.810766279697, "median": 0.775522232056, "min": -2.7520070076, "var": 1.73447287083}, "erbbands_spread": {"dmean": 6.52563285828, "dmean2": 10.0326919556, "dvar": 92.3257904053, "dvar2": 218.820373535, "max": 144.260223389, "mean": 27.8960533142, "median": 23.031583786, "min": 2.50301599503, "var": 307.304321289}, "gfcc": {"cov": [[91911.015625, 11070.9697266, -12503.953125, 2492.26098633, -5028.12109375, -877.459716797, -1944.19848633, 373.165710449, -1102.67150879, -1632.48193359, 880.42779541, -612.18347168, -1831.26171875], [11070.9697266, 3217.88354492, -137.144958496, -127.218986511, -16.0297756195, 48.9699935913, 134.065734863, 210.482177734, -154.469055176, -216.826599121, 60.6651954651, -41.4946174622, -183.313583374], [-12503.953125, -137.144958496, 4136.72607422, -168.646179199, 1147.20959473, 485.257141113, 519.92590332, 182.182647705, 75.5453414917, 432.324890137, -480.27166748, 193.574584961, 307.667694092], [2492.26098633, -127.218986511, -168.646179199, 829.009094238, -31.9874725342, -71.7438659668, -143.604537964, 22.4825496674, 89.927116394, 24.6318626404, -77.086769104, 59.7924041748, -10.6691465378], [-5028.12109375, -16.0297756195, 1147.20959473, -31.9874725342, 810.754394531, 227.830001831, 297.177368164, 58.6288528442, 154.247924805, 123.030769348, -87.0881576538, 29.7306938171, 100.773849487], [-877.459716797, 48.9699935913, 485.257141113, -71.7438659668, 227.830001831, 437.526763916, 281.57220459, 85.5464706421, 31.9878234863, 101.960670471, 0.345009714365, -27.445438385, -15.8568239212], [-1944.19848633, 134.065734863, 519.92590332, -143.604537964, 297.177368164, 281.57220459, 508.356109619, 170.019805908, 69.6670074463, 45.5074653625, 81.9301376343, -2.67633867264, -9.13569164276], [373.165710449, 210.482177734, 182.182647705, 22.4825496674, 58.6288528442, 85.5464706421, 170.019805908, 188.874389648, 21.4242706299, 13.9848957062, 17.9113521576, 29.4915885925, -6.92489242554], [-1102.67150879, -154.469055176, 75.5453414917, 89.927116394, 154.247924805, 31.9878234863, 69.6670074463, 21.4242706299, 150.534591675, 32.7057342529, 41.2888641357, -5.33044242859, 29.5640335083], [-1632.48193359, -216.826599121, 432.324890137, 24.6318626404, 123.030769348, 101.960670471, 45.5074653625, 13.9848957062, 32.7057342529, 159.465896606, -42.1998901367, 22.2511730194, 36.2091522217], [880.42779541, 60.6651954651, -480.27166748, -77.086769104, -87.0881576538, 0.345009714365, 81.9301376343, 17.9113521576, 41.2888641357, -42.1998901367, 250.123428345, -25.3567752838, -43.4692573547], [-612.18347168, -41.4946174622, 193.574584961, 59.7924041748, 29.7306938171, -27.445438385, -2.67633867264, 29.4915885925, -5.33044242859, 22.2511730194, -25.3567752838, 107.986244202, 34.8642044067], [-1831.26171875, -183.313583374, 307.667694092, -10.6691465378, 100.773849487, -15.8568239212, -9.13569164276, -6.92489242554, 29.5640335083, 36.2091522217, -43.4692573547, 34.8642044067, 120.253593445]], "icov": [[0.000480082002468, -0.00159388431348, 0.00106521660928, -0.00137741875369, 0.00144221936353, -0.0011698291637, 0.000727522827219, -0.000734064611606, 0.000528220727574, -0.000635660486296, 0.000637623830698, 0.000527601805516, 0.000822801957838], [-0.00159388431348, 0.00574245909229, -0.00362236006185, 0.00456912443042, -0.00499700475484, 0.00383740337566, -0.00216429308057, 0.00177940586582, -0.00123965751845, 0.00280769099481, -0.00234622275457, -0.00154987827409, -0.00215310463682], [0.00106521660928, -0.00362236006185, 0.0032129897736, -0.00287764566019, 0.00261792074889, -0.00262424279936, 0.00103304069489, -0.00165069091599, 0.00153470761143, -0.00267754262313, 0.0026086976286, 0.000522794609424, 0.000887746457011], [-0.00137741875369, 0.00456912443042, -0.00287764566019, 0.00573201710358, -0.00402676360682, 0.00325527926907, -0.0014629829675, 0.00154470826965, -0.00343299354427, 0.00155621080194, -0.000762121926527, -0.00279185222462, -0.00144880521111], [0.00144221936353, -0.00499700475484, 0.00261792074889, -0.00402676360682, 0.00750876357779, -0.00386037142016, 0.00103207235225, -0.000942398968618, -0.0014027338475, -0.00166790757794, 0.00269232387654, 0.00130255846307, 0.00195534760132], [-0.0011698291637, 0.00383740337566, -0.00262424279936, 0.00325527926907, -0.00386037142016, 0.00743543636054, -0.00399066787213, 0.00175503036007, -0.000506000767928, -0.000967228028458, -0.00125474052038, 0.00034971855348, -0.00108786672354], [0.000727522827219, -0.00216429308057, 0.00103304069489, -0.0014629829675, 0.00103207235225, -0.00399066787213, 0.00729576312006, -0.00495752412826, 0.000334744341671, 0.000803031376563, -0.00151233142242, 0.00111455935985, 0.00269067217596], [-0.000734064611606, 0.00177940586582, -0.00165069091599, 0.00154470826965, -0.000942398968618, 0.00175503036007, -0.00495752412826, 0.0108607904986, -0.00217250711285, 0.000427167018643, -0.000210074998904, -0.00352269085124, -0.00148492597509], [0.000528220727574, -0.00123965751845, 0.00153470761143, -0.00343299354427, -0.0014027338475, -0.000506000767928, 0.000334744341671, -0.00217250711285, 0.0139127513394, -0.00205324380659, -0.00271868030541, 0.00361203262582, -0.00189993658569], [-0.000635660486296, 0.00280769099481, -0.00267754262313, 0.00155621080194, -0.00166790757794, -0.000967228028458, 0.000803031376563, 0.000427167018643, -0.00205324380659, 0.0125117013231, -0.00176508864388, -0.00138487515505, -0.000554809870664], [0.000637623830698, -0.00234622275457, 0.0026086976286, -0.000762121926527, 0.00269232387654, -0.00125474052038, -0.00151233142242, -0.000210074998904, -0.00271868030541, -0.00176508864388, 0.00887712836266, -0.000740826537367, 0.0014663466718], [0.000527601805516, -0.00154987827409, 0.000522794609424, -0.00279185222462, 0.00130255846307, 0.00034971855348, 0.00111455935985, -0.00352269085124, 0.00361203262582, -0.00138487515505, -0.000740826537367, 0.0138670988381, -0.00183620746247], [0.000822801957838, -0.00215310463682, 0.000887746457011, -0.00144880521111, 0.00195534760132, -0.00108786672354, 0.00269067217596, -0.00148492597509, -0.00189993658569, -0.000554809870664, 0.0014663466718, -0.00183620746247, 0.0151970684528]], "mean": [-222.312759399, 123.282974243, -90.2646865845, 23.4868564606, -46.5138587952, -2.55784225464, -21.8836994171, 7.4072675705, -16.4763641357, -10.6749296188, -2.88056206703, -3.09283280373, -18.2169704437]}, "hfc": {"dmean": 2.89610219002, "dmean2": 3.46835875511, "dvar": 29.5202236176, "dvar2": 43.3171310425, "max": 93.0975952148, "mean": 11.2255573273, "median": 3.27649974823, "min": 1.08133966434e-16, "var": 287.1065979}, "melbands": {"dmean": [0.000128465151647, 0.000327953632222, 0.000114862559712, 0.00017395937175, 7.71309423726e-05, 0.000122999175801, 0.00018352738698, 7.08356819814e-05, 0.000117727868201, 6.78711148794e-05, 4.59959373984e-05, 1.96011824301e-05, 2.1286548872e-05, 2.09074314625e-05, 3.84703562304e-05, 2.86000813503e-05, 3.48659559677e-05, 9.18248315429e-06, 3.3602568692e-06, 3.12251722789e-06, 3.02897319671e-06, 5.26254189026e-06, 5.99618670094e-06, 2.51619326264e-06, 3.59928890248e-06, 8.06607567938e-06, 5.27276370121e-06, 1.1767850765e-06, 2.68294030548e-07, 2.63828610514e-07, 3.96916050249e-07, 2.96560500601e-07, 3.05599257899e-07, 3.31280403998e-07, 2.1593098154e-07, 1.57945422075e-07, 9.78138174901e-08, 5.19431893053e-08, 1.57418611479e-08, 5.83561865497e-09], "dmean2": [0.000161011135788, 0.000414510373957, 0.000176224624738, 0.000284351379378, 0.000111712179205, 0.000183530224604, 0.000253894308116, 9.43034465308e-05, 0.000164599012351, 8.97677382454e-05, 5.66244816582e-05, 2.6060943128e-05, 2.83308527287e-05, 2.73407677014e-05, 5.0087011914e-05, 3.49848851329e-05, 4.34806497651e-05, 1.2545874597e-05, 4.63900369141e-06, 4.09868880524e-06, 3.87019736081e-06, 6.91612967785e-06, 7.8144021245e-06, 3.75318927581e-06, 4.50613515568e-06, 1.01784462458e-05, 6.22787956672e-06, 1.57544729973e-06, 4.11010461221e-07, 4.20031739168e-07, 5.87609349623e-07, 4.34829701135e-07, 4.401844933e-07, 4.85332918743e-07, 3.14048861583e-07, 2.17859678742e-07, 1.37777945497e-07, 7.92254013504e-08, 2.42177602416e-08, 8.73971117699e-09], "dvar": [1.27671171413e-07, 7.82662937127e-07, 5.21547711685e-08, 1.2718497544e-07, 3.98326278628e-08, 1.34147839503e-07, 2.52836997561e-07, 6.33215364587e-08, 4.43905264547e-07, 4.16294270167e-08, 1.95696188143e-08, 4.00784871957e-09, 5.36454169975e-09, 4.80649342549e-09, 2.31626025027e-08, 1.22459820062e-08, 2.29217782532e-08, 2.23426832591e-09, 1.39163819357e-10, 1.11748492404e-10, 8.25201365573e-11, 1.95067281772e-10, 4.9076370745e-10, 9.9313487989e-11, 6.93525306628e-11, 4.53022508395e-10, 1.93578666985e-10, 2.77275875871e-11, 1.25271483725e-12, 2.95921967486e-12, 8.48602525055e-12, 2.16860687394e-12, 1.60844644895e-12, 3.51444329368e-12, 9.42338980285e-13, 3.77661389574e-13, 1.05034172549e-13, 3.76081984836e-14, 5.24037473368e-15, 5.89870197517e-16], "dvar2": [1.65926834939e-07, 1.28087822304e-06, 1.17386505849e-07, 3.30561533701e-07, 7.72397754645e-08, 2.93770852977e-07, 4.169390877e-07, 1.25707742882e-07, 9.86731379271e-07, 7.32951122018e-08, 3.06968352959e-08, 5.99693361636e-09, 9.46700406956e-09, 7.59457119415e-09, 3.48955140339e-08, 1.6597619279e-08, 3.13536538954e-08, 3.12235326483e-09, 2.72322275841e-10, 2.14212134142e-10, 1.13006708158e-10, 3.68171465537e-10, 8.17343970283e-10, 1.95510774237e-10, 1.22964138871e-10, 8.01619770563e-10, 2.5498539391e-10, 4.24143532796e-11, 3.00539042437e-12, 7.2942034357e-12, 1.93259679093e-11, 4.79858774244e-12, 3.91602462263e-12, 9.82486834944e-12, 2.33740934594e-12, 6.89207317519e-13, 2.22752900652e-13, 8.78434830301e-14, 1.17125073204e-14, 1.13347005562e-15], "max": [0.00845600198954, 0.0180120561272, 0.0030457128305, 0.00457842322066, 0.00301586184651, 0.00830459129065, 0.010996805504, 0.00592819973826, 0.0148983411491, 0.00534159038216, 0.00350693636574, 0.00214982172474, 0.00195303827059, 0.00173987809103, 0.00541789969429, 0.00227280938998, 0.00443119043484, 0.00145334284753, 0.000153984889039, 0.000178629998118, 0.000283793109702, 0.000171195730218, 0.000554169528186, 0.000175930937985, 0.000167705075, 0.000372689100914, 0.000341646809829, 0.000128488245537, 1.95055381482e-05, 3.37084529747e-05, 5.72401841055e-05, 3.16611876769e-05, 2.55158338405e-05, 4.1960793169e-05, 1.97452882276e-05, 1.54230783664e-05, 5.72676435695e-06, 3.50461436938e-06, 1.18242894587e-06, 5.37818777957e-07], "mean": [0.000712834531441, 0.00161827134434, 0.000301584572298, 0.000354314601282, 0.000140168413054, 0.000245315866778, 0.000480624614283, 0.000144975114381, 0.000224904491915, 0.000185887678526, 0.000130006039399, 7.61067785788e-05, 5.77040809731e-05, 4.84228512505e-05, 0.00011904391431, 5.9825117205e-05, 8.17124309833e-05, 2.6347601306e-05, 5.4316456044e-06, 5.4053130043e-06, 6.83792359268e-06, 9.41770031204e-06, 1.05494109448e-05, 4.79520622321e-06, 8.84391010914e-06, 1.95531993086e-05, 1.19693704619e-05, 2.15885847865e-06, 3.53679041609e-07, 3.36098963771e-07, 4.82234668198e-07, 4.10586551425e-07, 4.94927235195e-07, 5.2167723652e-07, 3.90187551602e-07, 2.70986674877e-07, 1.75590457729e-07, 7.82872788818e-08, 2.20956586361e-08, 9.04701824567e-09], "median": [0.000223868773901, 0.000372913636966, 0.000150432882947, 0.000173428372364, 2.88839582936e-05, 2.03836098081e-05, 2.40455192397e-05, 1.05739427454e-05, 7.67023266235e-06, 6.04765364187e-06, 4.24811241828e-06, 1.8379686253e-06, 1.89207821677e-06, 1.21815298826e-06, 1.34391109441e-06, 6.96668962519e-07, 3.43833846728e-07, 2.05862534131e-07, 2.61847702632e-07, 3.39706360819e-07, 4.06254400787e-07, 5.19464890658e-07, 4.01917475301e-07, 2.19486949504e-07, 3.2913928294e-07, 8.33455999327e-07, 5.68643940824e-07, 6.76602525118e-08, 1.45743648261e-08, 9.24492749022e-09, 4.92594587342e-09, 1.25954437991e-08, 2.41355984087e-08, 3.2507628589e-08, 2.01633429953e-08, 7.8554505123e-09, 6.42164588172e-09, 3.11406034292e-09, 1.32182764734e-09, 1.02183383976e-09], "min": [4.84215149576e-25, 1.13889663267e-24, 1.34328497118e-24, 1.01367867042e-24, 1.9995547271e-24, 1.6760509557e-24, 1.00576767744e-24, 3.05250101984e-24, 2.17378530764e-24, 1.92354975382e-24, 2.96360842595e-24, 2.94825384008e-24, 2.21337567268e-24, 2.44237627422e-24, 3.23401791413e-24, 2.20630807061e-24, 2.26915859108e-24, 2.59564642608e-24, 3.30703231572e-24, 3.23453994284e-24, 2.88745534404e-24, 3.81835499398e-24, 4.03201520914e-24, 4.50546704192e-24, 3.85006878009e-24, 3.56010323285e-24, 5.0294327939e-24, 4.32329144877e-24, 3.2173932622e-24, 5.62670817867e-24, 5.08303273697e-24, 4.14220448368e-24, 4.83427491684e-24, 4.80170087791e-24, 6.45492574888e-24, 5.74038342954e-24, 5.32099105131e-24, 6.40032276918e-24, 6.31330983361e-24, 6.92595025666e-24], "var": [1.30331204673e-06, 6.73988233757e-06, 1.60866918009e-07, 2.26645326507e-07, 9.11162274519e-08, 5.16004888595e-07, 1.46138938817e-06, 1.53487562216e-07, 7.73510407726e-07, 3.09531458242e-07, 1.80877194111e-07, 7.34695504434e-08, 3.35890959491e-08, 2.90221304766e-08, 2.53310247444e-07, 5.437271966e-08, 1.29260911308e-07, 2.02480521239e-08, 2.63344124285e-10, 2.38338793146e-10, 5.40185896014e-10, 5.0798459883e-10, 1.33209632214e-09, 2.81960343962e-10, 3.89233756337e-10, 1.65072988612e-09, 7.70040309295e-10, 8.50981854428e-11, 2.10309894499e-12, 3.51482514968e-12, 1.0375467846e-11, 3.48489097822e-12, 2.44486310537e-12, 3.20043709416e-12, 1.60591939052e-12, 9.61393399786e-13, 2.85566004437e-13, 8.31334106373e-14, 1.08321504029e-14, 1.35134027042e-15]}, "melbands_crest": {"dmean": 2.34621524811, "dmean2": 3.6415772438, "dvar": 8.63222122192, "dvar2": 18.6683006287, "max": 39.2237510681, "mean": 16.1611366272, "median": 15.3003358841, "min": 1.53107953072, "var": 58.7711906433}, "melbands_flatness_db": {"dmean": 0.0257048476487, "dmean2": 0.035087723285, "dvar": 0.00139259675052, "dvar2": 0.00238633248955, "max": 0.700546443462, "mean": 0.312565952539, "median": 0.312935620546, "min": 0.00240243691951, "var": 0.024260122329}, "melbands_kurtosis": {"dmean": 9.70912265778, "dmean2": 14.65762043, "dvar": 718.334594727, "dvar2": 1609.49853516, "max": 558.436340332, "mean": 22.6570205688, "median": 9.54615974426, "min": -1.78847002983, "var": 1734.3013916}, "melbands_skewness": {"dmean": 0.720058560371, "dmean2": 1.06506156921, "dvar": 1.26369547844, "dvar2": 2.75673317909, "max": 19.6252155304, "mean": 2.59602737427, "median": 2.17053771019, "min": -1.0306340456, "var": 5.24796676636}, "melbands_spread": {"dmean": 6.04047870636, "dmean2": 9.11455535889, "dvar": 187.747955322, "dvar2": 389.044067383, "max": 163.321456909, "mean": 25.8019123077, "median": 9.08703708649, "min": 0.288478761911, "var": 1543.5246582}, "mfcc": {"cov": [[22683.9980469, 3420.31787109, -3634.48730469, 710.553710938, -773.502197266, -899.444458008, -690.642150879, 1105.42102051, -2346.19946289, 1136.28796387, -9.63294315338, -634.264770508, 635.367614746], [3420.31787109, 4597.79736328, 883.416259766, 230.684432983, 302.100585938, -4.97606134415, 493.517456055, 514.606689453, 35.0674285889, 96.5086364746, 132.399383545, 4.9463095665, 310.322906494], [-3634.48730469, 883.416259766, 2074.2565918, 316.857177734, 326.12701416, 377.667327881, 400.208770752, -76.1695175171, 769.554016113, -263.260314941, 64.0838470459, 270.632049561, -64.084236145], [710.553710938, 230.684432983, 316.857177734, 753.854187012, 235.278518677, 92.1060791016, -86.5720596313, 45.3048973083, 175.2681427, -77.3525848389, 1.11778366566, 72.9873352051, 9.61168766022], [-773.502197266, 302.100585938, 326.12701416, 235.278518677, 387.411529541, 187.438186646, 48.2268981934, -12.0931739807, 227.628326416, -50.7612533569, 20.1567058563, 93.55834198, -24.4405174255], [-899.444458008, -4.97606134415, 377.667327881, 92.1060791016, 187.438186646, 403.882080078, 183.155258179, -0.813385426998, 235.838363647, 10.8535137177, 101.982398987, 132.632110596, -80.9176025391], [-690.642150879, 493.517456055, 400.208770752, -86.5720596313, 48.2268981934, 183.155258179, 397.910125732, 166.89781189, 178.657028198, 69.8240737915, 126.476806641, 108.774711609, 43.6180725098], [1105.42102051, 514.606689453, -76.1695175171, 45.3048973083, -12.0931739807, -0.813385426998, 166.89781189, 326.503417969, -44.5945739746, 134.484909058, 91.7943878174, 7.64551687241, 141.710784912], [-2346.19946289, 35.0674285889, 769.554016113, 175.2681427, 227.628326416, 235.838363647, 178.657028198, -44.5945739746, 518.627990723, -124.314025879, 17.986125946, 155.614837646, -73.0551605225], [1136.28796387, 96.5086364746, -263.260314941, -77.3525848389, -50.7612533569, 10.8535137177, 69.8240737915, 134.484909058, -124.314025879, 258.14553833, 77.1015319824, -19.7781562805, 58.8092422485], [-9.63294315338, 132.399383545, 64.0838470459, 1.11778366566, 20.1567058563, 101.982398987, 126.476806641, 91.7943878174, 17.986125946, 77.1015319824, 155.179702759, 42.9402656555, 17.7654876709], [-634.264770508, 4.9463095665, 270.632049561, 72.9873352051, 93.55834198, 132.632110596, 108.774711609, 7.64551687241, 155.614837646, -19.7781562805, 42.9402656555, 139.703552246, -11.3183994293], [635.367614746, 310.322906494, -64.084236145, 9.61168766022, -24.4405174255, -80.9176025391, 43.6180725098, 141.710784912, -73.0551605225, 58.8092422485, 17.7654876709, -11.3183994293, 182.989959717]], "icov": [[0.000287014408968, -0.000274176854873, 0.000204984869924, -0.000577057187911, 0.000497577188071, -0.000323450629367, 0.000367573287804, -0.000437059701653, 0.000931087764911, -0.00070069154026, 0.000590181327425, -0.000367797591025, 0.000261643232079], [-0.000274176854873, 0.000686593877617, -0.000537554908078, 0.000492300256155, -0.0010482983198, 0.000567111943383, -0.000867148803081, -2.86234062514e-05, -0.000282757857349, 0.000698420160916, -0.000414366921177, 0.000869872863404, -0.000330175680574], [0.000204984869924, -0.000537554908078, 0.00180967082269, -0.000780758680776, 0.000957495882176, -0.000412286084611, -0.000559709733352, 0.000894048367627, -0.00121607759502, 0.000225836716709, 5.70154916204e-05, -0.000669856381137, -0.000343780353433], [-0.000577057187911, 0.000492300256155, -0.000780758680776, 0.00348553666845, -0.00178577832412, 0.000351167662302, 0.00153550866526, -0.000701772922184, -0.00220472854562, 0.00166472839192, -0.00147388305049, -0.000134328234708, -0.000473938533105], [0.000497577188071, -0.0010482983198, 0.000957495882176, -0.00178577832412, 0.0061484859325, -0.00248441658914, 0.0018222295912, 1.19680398711e-05, -0.000533178797923, -0.00117683154531, 0.00103930442128, -0.00171925290488, -0.000283696106635], [-0.000323450629367, 0.000567111943383, -0.000412286084611, 0.000351167662302, -0.00248441658914, 0.00651706662029, -0.00229979120195, 0.000873387383763, -0.00126508588437, -0.000105125043774, -0.00262909755111, -0.00127934943885, 0.00212516123429], [0.000367573287804, -0.000867148803081, -0.000559709733352, 0.00153550866526, 0.0018222295912, -0.00229979120195, 0.00961051974446, -0.00413834955543, -0.000701755518094, -0.00163949932903, -0.00133531342726, -0.00333327287808, 0.000228261938901], [-0.000437059701653, -2.86234062514e-05, 0.000894048367627, -0.000701772922184, 1.19680398711e-05, 0.000873387383763, -0.00413834955543, 0.00955013092607, -0.00231516780332, -0.000439951138105, -0.00261752377264, 0.00146674737334, -0.00454357173294], [0.000931087764911, -0.000282757857349, -0.00121607759502, -0.00220472854562, -0.000533178797923, -0.00126508588437, -0.000701755518094, -0.00231516780332, 0.0101463310421, -0.00145399698522, 0.00362576288171, -0.00246145343408, 0.00227987742983], [-0.00070069154026, 0.000698420160916, 0.000225836716709, 0.00166472839192, -0.00117683154531, -0.000105125043774, -0.00163949932903, -0.000439951138105, -0.00145399698522, 0.00850838050246, -0.0032422807999, 0.00140331580769, -0.00114535214379], [0.000590181327425, -0.000414366921177, 5.70154916204e-05, -0.00147388305049, 0.00103930442128, -0.00262909755111, -0.00133531342726, -0.00261752377264, 0.00362576288171, -0.0032422807999, 0.0126417158172, -0.00194835290313, 0.00121416524053], [-0.000367797591025, 0.000869872863404, -0.000669856381137, -0.000134328234708, -0.00171925290488, -0.00127934943885, -0.00333327287808, 0.00146674737334, -0.00246145343408, 0.00140331580769, -0.00194835290313, 0.0150937745348, -0.00187329528853], [0.000261643232079, -0.000330175680574, -0.000343780353433, -0.000473938533105, -0.000283696106635, 0.00212516123429, 0.000228261938901, -0.00454357173294, 0.00227987742983, -0.00114535214379, 0.00121416524053, -0.00187329528853, 0.0104313539341]], "mean": [-816.491149902, 150.86857605, 9.96750164032, 27.5907268524, 2.14296102524, -4.79349136353, 0.412323117256, 17.3654937744, -15.9397258759, 8.15358638763, 1.16591393948, -3.43528032303, 7.21305561066]}, "pitch_salience": {"dmean": 0.0591908060014, "dmean2": 0.0898839831352, "dvar": 0.00483672739938, "dvar2": 0.0111329220235, "max": 0.93991535902, "mean": 0.509783089161, "median": 0.51979380846, "min": 0.0253046434373, "var": 0.0333253927529}, "silence_rate_20dB": {"dmean": 0, "dmean2": 0, "dvar": 0, "dvar2": 0, "max": 1, "mean": 1, "median": 1, "min": 1, "var": 0}, "silence_rate_30dB": {"dmean": 0, "dmean2": 0, "dvar": 0, "dvar2": 0, "max": 1, "mean": 1, "median": 1, "min": 1, "var": 0}, "silence_rate_60dB": {"dmean": 0.0561555065215, "dmean2": 0.112432435155, "dvar": 0.0530023872852, "dvar2": 0.119251348078, "max": 1, "mean": 0.261057168245, "median": 0, "min": 0, "var": 0.192906007171}, "spectral_centroid": {"dmean": 235.630004883, "dmean2": 348.702362061, "dvar": 322087.4375, "dvar2": 676695.75, "max": 11975.5810547, "mean": 1810.81542969, "median": 768.016601562, "min": 109.477767944, "var": 8386001}, "spectral_complexity": {"dmean": 1.4276458025, "dmean2": 2.1037838459, "dvar": 4.34842538834, "dvar2": 6.96219348907, "max": 29, "mean": 7.14347362518, "median": 6, "min": 0, "var": 34.306224823}, "spectral_contrast_coeffs": {"dmean": [0.0396389588714, 0.0450632199645, 0.0356021262705, 0.0319032035768, 0.0256174691021, 0.0187195017934], "dmean2": [0.0648250728846, 0.0693510919809, 0.0520935989916, 0.0470357984304, 0.0357421934605, 0.0269374735653], "dvar": [0.00166808266658, 0.00187175907195, 0.00118574057706, 0.00108235795051, 0.000911677372642, 0.000397869735025], "dvar2": [0.0040185097605, 0.00427036266774, 0.00228046579286, 0.00184951536357, 0.0013396195136, 0.00071983068483], "max": [-0.298232138157, -0.361366540194, -0.423637926579, -0.448912799358, -0.492756813765, -0.601238310337], "mean": [-0.630796253681, -0.698011219501, -0.73899435997, -0.771378040314, -0.759259283543, -0.797921657562], "median": [-0.618492901325, -0.706860303879, -0.764878571033, -0.785564720631, -0.769880115986, -0.796279549599], "min": [-0.976406991482, -0.98160803318, -0.983224570751, -0.983276903629, -0.981376707554, -0.980502963066], "var": [0.018907668069, 0.021240670234, 0.0175461508334, 0.0127255907282, 0.0145507752895, 0.00693121459335]}, "spectral_contrast_valleys": {"dmean": [0.451357334852, 0.409507542849, 0.395602673292, 0.356582701206, 0.309911817312, 0.278761863708], "dmean2": [0.677169501781, 0.635723292828, 0.594227254391, 0.53567636013, 0.431604236364, 0.385019361973], "dvar": [0.441476672888, 0.42320689559, 0.383589744568, 0.343935251236, 0.383290886879, 0.287238925695], "dvar2": [0.629187166691, 0.582325100899, 0.517456710339, 0.457066327333, 0.491091012955, 0.380727857351], "max": [-6.16647338867, -5.79312610626, -6.57847881317, -7.06964302063, -6.67036676407, -9.14496421814], "mean": [-9.89497852325, -9.60042381287, -10.515996933, -11.1590223312, -11.0271787643, -13.5618877411], "median": [-8.05478572845, -7.97787904739, -8.95954036713, -9.65556335449, -9.49668216705, -12.5618448257], "min": [-28.3649120331, -28.0326919556, -27.8979892731, -27.6609992981, -27.4497356415, -27.4557132721], "var": [29.5181427002, 29.6489753723, 26.6711826324, 25.0720920563, 25.728931427, 17.9981460571]}, "spectral_decrease": {"dmean": 9.31466792586e-10, "dmean2": 1.2128444915e-09, "dvar": 2.21163094263e-18, "dvar2": 4.08917108047e-18, "max": 2.14136928279e-28, "mean": -4.35278924016e-09, "median": -2.93326696266e-09, "min": -2.51313281296e-08, "var": 1.95283776862e-17}, "spectral_energy": {"dmean": 0.00373210432008, "dmean2": 0.00483129313216, "dvar": 3.54484800482e-05, "dvar2": 6.47419292363e-05, "max": 0.10329542309, "mean": 0.0174465849996, "median": 0.0115363085642, "min": 1.000219365e-20, "var": 0.000320703431498}, "spectral_energyband_high": {"dmean": 5.55763035663e-05, "dmean2": 7.80639893492e-05, "dvar": 5.83780597196e-08, "dvar2": 1.32358465521e-07, "max": 0.00458606006578, "mean": 9.52044501901e-05, "median": 6.17236764811e-06, "min": 7.07904803294e-21, "var": 9.52147445332e-08}, "spectral_energyband_low": {"dmean": 0.00118698889855, "dmean2": 0.00149323162623, "dvar": 9.44290513871e-06, "dvar2": 1.46504362419e-05, "max": 0.0586519688368, "mean": 0.00611931737512, "median": 0.00180879363324, "min": 1.81720499291e-23, "var": 8.05533709354e-05}, "spectral_energyband_middle_high": {"dmean": 0.00108159997035, "dmean2": 0.00126097537577, "dvar": 5.32152898813e-06, "dvar2": 6.13668498772e-06, "max": 0.0475671850145, "mean": 0.00412902189419, "median": 0.000261723995209, "min": 1.19842375472e-21, "var": 6.68674110784e-05}, "spectral_energyband_middle_low": {"dmean": 0.00240457314067, "dmean2": 0.00346241495572, "dvar": 2.11361038964e-05, "dvar2": 4.36059053754e-05, "max": 0.0722018182278, "mean": 0.00739933131263, "median": 0.00338276941329, "min": 8.93807930826e-23, "var": 9.82450364972e-05}, "spectral_entropy": {"dmean": 0.207080438733, "dmean2": 0.293686181307, "dvar": 0.0652208253741, "dvar2": 0.11817663908, "max": 9.82113552094, "mean": 6.73706960678, "median": 6.53471469879, "min": 4.26465702057, "var": 1.41015601158}, "spectral_flux": {"dmean": 0.0162062272429, "dmean2": 0.0252684038132, "dvar": 0.000420238851802, "dvar2": 0.000880624924321, "max": 0.227214843035, "mean": 0.041853364557, "median": 0.0323429815471, "min": 6.17608117426e-11, "var": 0.00139930588193}, "spectral_kurtosis": {"dmean": 4.53146886826, "dmean2": 7.36484336853, "dvar": 32.8301048279, "dvar2": 81.9058685303, "max": 78.9038696289, "mean": 12.5413208008, "median": 7.98666095734, "min": -1.26177203655, "var": 204.47869873}, "spectral_rms": {"dmean": 0.00044117908692, "dmean2": 0.000551557168365, "dvar": 3.87503433785e-07, "dvar2": 5.80316225296e-07, "max": 0.0100387260318, "mean": 0.00344814010896, "median": 0.0033548376523, "min": 3.12381782767e-12, "var": 5.1314036682e-06}, "spectral_rolloff": {"dmean": 322.322998047, "dmean2": 536.164306641, "dvar": 1133992.125, "dvar2": 2177734.75, "max": 19616.7480469, "mean": 2515.04223633, "median": 495.263671875, "min": 21.533203125, "var": 26417570}, "spectral_skewness": {"dmean": 0.435264080763, "dmean2": 0.674872338772, "dvar": 0.228239893913, "dvar2": 0.484189718962, "max": 7.8288192749, "mean": 2.27715563774, "median": 1.94893324375, "min": -0.0727110356092, "var": 2.64239668846}, "spectral_spread": {"dmean": 528090.875, "dmean2": 801900.375, "dvar": 2032426156030.0, "dvar2": 3350559195140.0, "max": 42522