{"lowlevel": {"average_loudness": 0.841766655445, "barkbands": {"dmean": [4.29130304838e-05, 0.00175141263753, 0.00171252060682, 0.00158253521658, 0.000927312474232, 0.000551301869564, 0.00024040909193, 0.000239725704887, 0.000215311025386, 0.000218058703467, 0.000199317597435, 0.000149124258314, 0.000118159092381, 0.000162580487086, 0.000228959397646, 0.000235141953453, 0.000404609367251, 0.000369175657397, 0.000415566610172, 0.000269324664259, 0.000151150772581, 9.97157403617e-05, 5.81660897296e-05, 3.5728495277e-05, 1.59123628691e-05, 3.70054613086e-06, 5.85685370424e-07], "dmean2": [7.04130579834e-05, 0.00273011089303, 0.00260682520457, 0.0024594666902, 0.00150328618474, 0.000859568710439, 0.00038255189429, 0.000391125184251, 0.000335136835929, 0.000340123020578, 0.000323918880895, 0.000246237585088, 0.000193521322217, 0.000258264597505, 0.000364541716408, 0.000376593205146, 0.000636449141894, 0.00058862590231, 0.000656830496155, 0.000425069389166, 0.000238550215727, 0.000166360114235, 9.70094479271e-05, 5.91345851717e-05, 2.67198502115e-05, 6.28447878626e-06, 1.00696945537e-06], "dvar": [1.04113837551e-08, 6.37948096482e-06, 7.38606922823e-06, 9.59091357799e-06, 2.45931437348e-06, 8.40509699174e-07, 4.13170084812e-07, 3.04551662111e-07, 1.79601443051e-07, 3.71683370304e-07, 3.21653885749e-07, 1.58646429327e-07, 1.090135342e-07, 1.50266316723e-07, 2.40499133497e-07, 2.86448226916e-07, 1.17902891361e-06, 7.84033886703e-07, 1.23224378967e-06, 3.9731742163e-07, 9.61764214935e-08, 5.44441220995e-08, 3.22300763855e-08, 1.0681336704e-08, 2.07353845205e-09, 1.13873077634e-10, 4.6147859839e-12], "dvar2": [2.45060309823e-08, 1.57573886099e-05, 1.68495535036e-05, 2.10360540223e-05, 6.22254765403e-06, 1.88578883353e-06, 9.29721466036e-07, 7.60390548749e-07, 4.14953348127e-07, 9.23868469727e-07, 7.62251147535e-07, 3.96177739503e-07, 2.63727713445e-07, 3.71711223579e-07, 5.78617175506e-07, 6.63880427965e-07, 2.57404644799e-06, 1.91621552403e-06, 3.00951091958e-06, 9.38094615321e-07, 2.30518054423e-07, 1.46722243244e-07, 8.41650305006e-08, 2.58120991248e-08, 5.33375699163e-09, 2.97537106064e-10, 1.20514856775e-11], "max": [0.0043189288117, 0.0308121182024, 0.0516544654965, 0.0605297982693, 0.022759122774, 0.0169402267784, 0.0167944729328, 0.00877187866718, 0.00848280731589, 0.0156559627503, 0.0139694083482, 0.015863802284, 0.0131082525477, 0.0109213637188, 0.0125397611409, 0.0145168192685, 0.0305378250778, 0.0222477056086, 0.0308152940124, 0.0130150513723, 0.00549045531079, 0.00399637455121, 0.00612223194912, 0.00407169014215, 0.00135657540523, 0.00024726652191, 5.62624154554e-05], "mean": [6.49431021884e-05, 0.00358642125502, 0.00335550308228, 0.00279233674519, 0.00154084700625, 0.0010553766042, 0.000346327782609, 0.000301266903989, 0.000353592738975, 0.000335916236509, 0.00026017439086, 0.000190630467841, 0.000145554775372, 0.000234076505876, 0.000364227453247, 0.000287514878437, 0.000518822984304, 0.000426582933869, 0.000534908263944, 0.000393943220843, 0.000269793730695, 0.000178815898835, 9.63664642768e-05, 6.66663981974e-05, 2.92770473607e-05, 5.80622327107e-06, 6.23248013198e-07], "median": [1.20004515338e-05, 0.00177022686694, 0.00170294160489, 0.000795337837189, 0.000845365459099, 0.00054591265507, 7.50906256144e-05, 8.14179657027e-05, 0.000146023667185, 0.000101154619188, 4.91235077789e-05, 5.15767133038e-05, 3.90902241634e-05, 6.31919901934e-05, 9.32116890908e-05, 6.07419715379e-05, 8.44896203489e-05, 7.7618737123e-05, 7.88195393397e-05, 5.63295361644e-05, 3.8644149754e-05, 2.61889290414e-05, 1.05671197161e-05, 5.86625947108e-06, 2.00336990019e-06, 3.51727578618e-07, 8.14605769506e-08], "min": [1.63357209704e-11, 1.0605921523e-11, 4.59848218531e-12, 3.63474701726e-12, 8.36985342145e-12, 5.71917459138e-13, 2.45899329544e-13, 5.16392104858e-13, 7.75673958658e-13, 1.20831719196e-12, 3.24156554463e-13, 4.25802947589e-13, 4.51840198286e-13, 3.48300977903e-13, 6.89309286733e-13, 1.55705819332e-12, 6.73643324282e-13, 1.0615703195e-12, 5.8942564371e-13, 7.21392563741e-13, 1.15391225221e-12, 1.08283618617e-12, 1.48337147687e-12, 1.95254619764e-12, 4.9216767814e-12, 7.08600018939e-12, 4.69553606067e-12], "var": [1.80962587137e-08, 1.94593885681e-05, 2.09456957236e-05, 2.31137655646e-05, 3.80862570637e-06, 2.27356576943e-06, 8.27124779335e-07, 4.19927516759e-07, 3.83340363896e-07, 7.82265715316e-07, 6.31502416581e-07, 2.41876790597e-07, 1.72359989392e-07, 3.14513812327e-07, 4.63720880362e-07, 4.34305547969e-07, 2.51960545938e-06, 9.50995286075e-07, 1.37421363888e-06, 5.68769507936e-07, 2.16568111e-07, 1.09407615412e-07, 6.00829679342e-08, 2.95209598988e-08, 5.60810375916e-09, 2.49275378117e-10, 4.97188141352e-12]}, "barkbands_crest": {"dmean": 2.42388534546, "dmean2": 3.85428190231, "dvar": 4.97074556351, "dvar2": 12.2592411041, "max": 25.4867324829, "mean": 10.2155389786, "median": 9.63155078888, "min": 2.44164705276, "var": 20.7616729736}, "barkbands_flatness_db": {"dmean": 0.0273477733135, "dmean2": 0.0387330912054, "dvar": 0.000887632020749, "dvar2": 0.00169469078537, "max": 0.546887993813, "mean": 0.168025746942, "median": 0.142000943422, "min": 0.0292647313327, "var": 0.00873144809157}, "barkbands_kurtosis": {"dmean": 5.85303688049, "dmean2": 8.83993816376, "dvar": 124.385627747, "dvar2": 273.884246826, "max": 499.074157715, "mean": 12.112490654, "median": 3.0749733448, "min": -1.86485886574, "var": 665.089355469}, "barkbands_skewness": {"dmean": 0.752354860306, "dmean2": 1.11719417572, "dvar": 0.655144393444, "dvar2": 1.48441553116, "max": 18.2157459259, "mean": 2.20050883293, "median": 1.82007086277, "min": -2.33078861237, "var": 3.55296134949}, "barkbands_spread": {"dmean": 6.47610855103, "dmean2": 9.7961101532, "dvar": 65.3142318726, "dvar2": 139.129211426, "max": 105.977210999, "mean": 22.9081516266, "median": 18.7048187256, "min": 0.513396084309, "var": 336.325592041}, "dissonance": {"dmean": 0.0154020544142, "dmean2": 0.024685813114, "dvar": 0.000310500094201, "dvar2": 0.000759387621656, "max": 0.500000119209, "mean": 0.46485376358, "median": 0.477645456791, "min": 0.20676137507, "var": 0.00130911357701}, "dynamic_complexity": 4.5541768074, "erbbands": {"dmean": [0.0435684844851, 0.436001062393, 1.65001738071, 4.04739236832, 3.52358078957, 3.11366343498, 4.01449775696, 4.40127086639, 3.58838272095, 4.25904846191, 4.80168104172, 4.46315813065, 6.70868587494, 6.21123504639, 8.12023353577, 5.12864017487, 4.98757410049, 7.51313686371, 11.9161682129, 9.25865459442, 17.5904712677, 20.4894123077, 19.4920139313, 20.2106399536, 21.1473484039, 12.2359294891, 7.7801990509, 5.04332733154, 3.75783371925, 2.52456092834, 1.54928839207, 0.901301264763, 0.550178825855, 0.245719924569, 0.0793369114399, 0.0231453329325, 0.00563068175688, 0.00101410364732, 0.00010043594375, 1.08557915155e-05], "dmean2": [0.0655774325132, 0.688850402832, 2.5286822319, 6.13143348694, 5.75231361389, 4.95958662033, 6.24788808823, 6.82787036896, 5.66915655136, 6.86258411407, 7.75842952728, 7.09749269485, 10.312623024, 9.57592487335, 13.2058601379, 8.39143180847, 8.12991142273, 11.8326292038, 18.9826145172, 14.5514059067, 27.8047790527, 31.8643321991, 30.6472110748, 31.894903183, 33.5559997559, 19.1790485382, 12.1911144257, 8.17465019226, 6.27532911301, 4.23582315445, 2.58257937431, 1.48724031448, 0.932061254978, 0.410976588726, 0.134033828974, 0.0391211919487, 0.00955121684819, 0.00174895185046, 0.00017152944929, 1.62924570759e-05], "dvar": [0.00477226590738, 0.381801009178, 6.20202493668, 68.9893493652, 31.5537776947, 30.7510986328, 43.0988769531, 62.0262870789, 83.4620437622, 136.336746216, 127.816146851, 76.0706253052, 355.980377197, 232.824630737, 446.937103271, 149.990158081, 187.149154663, 381.442321777, 565.637817383, 650.263183594, 1909.68005371, 2450.66259766, 2155.9206543, 2611.73144531, 3261.52954102, 819.766540527, 271.022094727, 114.469581604, 76.6022567749, 54.0281639099, 21.4821147919, 6.44740343094, 2.7752532959, 0.515142083168, 0.0523125045002, 0.00429965090007, 0.000295336678391, 1.17781592053e-05, 1.34852939482e-07, 5.2326615263e-10], "dvar2": [0.0105124404654, 0.961642086506, 13.5781040192, 149.32144165, 79.67578125, 74.5754623413, 97.4299087524, 143.370101929, 181.187026978, 329.185852051, 325.000640869, 185.665313721, 902.158874512, 479.712860107, 1060.08044434, 363.414215088, 474.392181396, 942.107421875, 1384.7019043, 1569.48913574, 4194.78369141, 5211.08056641, 5151.54150391, 6329.75634766, 8089.62988281, 1923.42199707, 634.936340332, 294.042694092, 206.234893799, 143.802459717, 56.5023078918, 15.401061058, 6.99682378769, 1.3046797514, 0.139531999826, 0.0112687991932, 0.000774499494582, 3.11729527311e-05, 3.50595996679e-07, 1.2371118574e-09], "max": [0.913885951042, 8.35475158691, 52.4631881714, 178.13458252, 71.3702850342, 70.1623077393, 120.024635315, 142.138519287, 291.318603516, 228.921813965, 204.667007446, 160.445404053, 572.12121582, 430.741668701, 673.222473145, 315.735534668, 501.088134766, 632.59942627, 625.932739258, 921.483154297, 965.671813965, 1425.38989258, 1440.37915039, 919.993103027, 1764.69360352, 554.544128418, 348.388000488, 198.581069946, 138.83694458, 243.200576782, 122.70349884, 95.0320892334, 62.7955055237, 23.6970672607, 5.57101535797, 1.5789372921, 0.407816201448, 0.085813999176, 0.00945007614791, 0.000759153568652], "mean": [0.0909819155931, 0.884679019451, 3.4648771286, 7.84784984589, 5.75074005127, 5.23890209198, 7.56455659866, 7.92099761963, 5.33393907547, 5.84249639511, 6.56537485123, 7.37865066528, 10.8254804611, 10.2980871201, 10.995724678, 6.79336547852, 6.15671920776, 11.3578586578, 20.2150669098, 13.4819974899, 22.0027141571, 26.7132148743, 23.4457855225, 23.245300293, 28.7873134613, 18.2177467346, 13.2384243011, 9.33951282501, 6.6507396698, 4.26228952408, 2.53487372398, 1.62267398834, 0.997421503067, 0.444043546915, 0.144612342119, 0.0399860851467, 0.00817757472396, 0.0012402680004, 0.000118722768093, 2.64942391368e-05], "median": [0.0341443233192, 0.47447732091, 1.94301569462, 2.80835604668, 3.37895703316, 2.46469330788, 4.09653615952, 3.4715616703, 1.80967128277, 1.39547908306, 2.2619600296, 3.20045375824, 3.21531701088, 3.31170344353, 2.96981430054, 1.9393903017, 1.6991199255, 3.83082675934, 5.31694889069, 3.51953411102, 3.890447855, 4.72967195511, 4.66608858109, 3.94919466972, 3.56016755104, 2.54716515541, 1.98733127117, 1.32418310642, 1.0249427557, 0.507941305637, 0.285209208727, 0.154549956322, 0.0779921934009, 0.0321136340499, 0.00891585182399, 0.00235596601851, 0.000544113398064, 0.000111578425276, 2.29775851039e-05, 1.88366957445e-05], "min": [5.67506264204e-10, 1.55902646348e-09, 4.52655424255e-09, 1.00508135148e-08, 1.24977663774e-08, 3.11584678059e-08, 2.09221955316e-08, 2.42674502715e-09, 2.80125167507e-09, 8.68075211713e-09, 1.11359490518e-08, 1.82697004192e-08, 3.32682361659e-08, 2.2307020231e-08, 1.39077505068e-08, 2.16787352514e-08, 2.14778541618e-08, 1.14818643482e-08, 3.14872963258e-08, 6.31245171689e-08, 7.60540288525e-08, 4.46482388838e-08, 5.54331123226e-08, 2.54543763845e-08, 3.56632376963e-08, 3.049975561e-08, 5.84362176426e-08, 5.56500872051e-08, 3.77412625596e-08, 1.91361646529e-08, 4.41258016792e-08, 4.80040327488e-08, 3.36545724622e-08, 5.03663137863e-08, 2.83319252503e-08, 1.7254555118e-08, 1.38745228639e-08, 5.06058261962e-09, 7.29685978307e-10, 6.90748916399e-11], "var": [0.017031243071, 1.13791692257, 20.709394455, 171.883773804, 51.6410942078, 53.7282981873, 100.026863098, 158.829956055, 172.934936523, 213.82321167, 187.425750732, 149.611907959, 741.415161133, 656.776733398, 854.137695313, 235.409515381, 248.782501221, 801.99420166, 1388.04772949, 1016.07165527, 3488.90209961, 5472.96777344, 2870.98657227, 2803.51806641, 3782.64794922, 1195.78955078, 552.235717773, 265.391113281, 148.343063354, 87.9391708374, 39.9362983704, 18.1570892334, 6.74749565125, 1.32984375954, 0.141802757978, 0.0110503174365, 0.00054505612934, 1.51202157213e-05, 1.49539445715e-07, 1.02456221285e-09]}, "erbbands_crest": {"dmean": 2.19972777367, "dmean2": 3.50579166412, "dvar": 4.40044498444, "dvar2": 9.90863800049, "max": 26.9458751678, "mean": 8.471783638, "median": 7.28785228729, "min": 2.1092247963, "var": 17.0562133789}, "erbbands_flatness_db": {"dmean": 0.0156734213233, "dmean2": 0.0234966352582, "dvar": 0.000229038836551, "dvar2": 0.000485284050228, "max": 0.373268276453, "mean": 0.159507244825, "median": 0.15532322228, "min": 0.0303040258586, "var": 0.00146417762153}, "erbbands_kurtosis": {"dmean": 1.4132515192, "dmean2": 2.18994760513, "dvar": 10.3285160065, "dvar2": 21.6598052979, "max": 82.6727218628, "mean": 1.26443552971, "median": -0.123348385096, "min": -1.85165154934, "var": 31.5032024384}, "erbbands_skewness": {"dmean": 0.467538356781, "dmean2": 0.681857347488, "dvar": 0.294957339764, "dvar2": 0.589078426361, "max": 7.97065973282, "mean": 0.173725441098, "median": -0.00506877759472, "min": -2.71446156502, "var": 1.5647008419}, "erbbands_spread": {"dmean": 10.2392435074, "dmean2": 15.5314807892, "dvar": 111.223869324, "dvar2": 252.630187988, "max": 149.085189819, "mean": 42.9560546875, "median": 41.3631248474, "min": 1.68210268021, "var": 341.225708008}, "gfcc": {"cov": [[14509.2109375, -1955.30200195, -3586.59741211, 1157.05078125, -1317.6048584, 375.247192383, -472.950683594, 151.660293579, 90.0414276123, 96.1029129028, -86.9243545532, -340.909729004, -385.168212891], [-1955.30200195, 1541.70324707, 539.26940918, -378.196960449, 597.568725586, -184.759170532, 300.482849121, -101.105476379, 94.0808792114, -119.140083313, -31.7043399811, -76.465385437, 114.808433533], [-3586.59741211, 539.26940918, 1517.20556641, -148.859481812, 443.875610352, 0.86628305912, 163.175369263, 29.20952034, -33.9128303528, -26.9607696533, -0.240988641977, 68.6791687012, 115.404930115], [1157.05078125, -378.196960449, -148.859481812, 508.393554688, -50.0552406311, 80.363861084, -19.059961319, 53.2428779602, 24.8128986359, 26.4029178619, 31.2855796814, -50.3077659607, -27.4800300598], [-1317.6048584, 597.568725586, 443.875610352, -50.0552406311, 593.605163574, -60.0195083618, 179.405532837, 46.22813797, 26.8175354004, -36.421081543, -51.425617218, -36.4787254333, 66.7566146851], [375.247192383, -184.759170532, 0.86628305912, 80.363861084, -60.0195083618, 193.640686035, 22.9930763245, 30.7303066254, 20.5755672455, 24.8408565521, 10.3004131317, -19.4064826965, -24.6195030212], [-472.950683594, 300.482849121, 163.175369263, -19.059961319, 179.405532837, 22.9930763245, 228.505187988, 24.6607608795, -1.85290360451, -8.21065711975, -18.003572464, -35.3883285522, 29.4264011383], [151.660293579, -101.105476379, 29.20952034, 53.2428779602, 46.22813797, 30.7303066254, 24.6607608795, 115.938568115, 14.8840637207, 4.25026369095, -12.9042196274, 3.72146129608, -7.32616376877], [90.0414276123, 94.0808792114, -33.9128303528, 24.8128986359, 26.8175354004, 20.5755672455, -1.85290360451, 14.8840637207, 114.323287964, 17.8199081421, 15.6970815659, -8.19672679901, -5.645216465], [96.1029129028, -119.140083313, -26.9607696533, 26.4029178619, -36.421081543, 24.8408565521, -8.21065711975, 4.25026369095, 17.8199081421, 93.2007751465, 32.7736282349, 8.60973167419, 3.21999335289], [-86.9243545532, -31.7043399811, -0.240988641977, 31.2855796814, -51.425617218, 10.3004131317, -18.003572464, -12.9042196274, 15.6970815659, 32.7736282349, 102.096038818, 38.9026412964, -16.0577316284], [-340.909729004, -76.465385437, 68.6791687012, -50.3077659607, -36.4787254333, -19.4064826965, -35.3883285522, 3.72146129608, -8.19672679901, 8.60973167419, 38.9026412964, 95.817024231, 15.6216993332], [-385.168212891, 114.808433533, 115.404930115, -27.4800300598, 66.7566146851, -24.6195030212, 29.4264011383, -7.32616376877, -5.645216465, 3.21999335289, -16.0577316284, 15.6216993332, 84.1369171143]], "icov": [[0.0003165215021, -0.000541000510566, 0.000665767351165, -0.000726279336959, 0.000448936829343, -0.000630516908132, 0.000583579530939, -0.000783517723903, 0.000658158096485, -0.000619489583187, 0.00086950691184, -0.000196546810912, 0.000494099280331], [-0.000541000510566, 0.00569197069854, -0.00159109709784, 0.00409196317196, -0.00306499702856, 0.00383609719574, -0.00454272283241, 0.00485599599779, -0.00626086024567, 0.00625412538648, -0.00586598087102, 0.00558216264471, -0.0039741252549], [0.000665767351165, -0.00159109709784, 0.00246492633596, -0.00162580120377, 0.000382367114071, -0.0021294686012, 0.00147243763786, -0.00197450467385, 0.00233815866522, -0.00158275279682, 0.00188515079208, -0.00170555245131, 0.000587456044741], [-0.000726279336959, 0.00409196317196, -0.00162580120377, 0.0059693637304, -0.00240113632753, 0.00239351741038, -0.0028319391422, 0.00236943829805, -0.00438873562962, 0.0045750932768, -0.00643606856465, 0.00584503542632, -0.00370968435891], [0.000448936829343, -0.00306499702856, 0.000382367114071, -0.00240113632753, 0.00508071947843, -0.00075749628013, 0.000811284407973, -0.00387155683711, 0.00214067474008, -0.00280723674223, 0.003793456126, -0.00146983645391, 0.00130305695347], [-0.000630516908132, 0.00383609719574, -0.0021294686012, 0.00239351741038, -0.00075749628013, 0.00974029116333, -0.00463523855433, 0.00221836054698, -0.00538194971159, 0.00293009192683, -0.00405444623902, 0.00461467867717, -0.00125674076844], [0.000583579530939, -0.00454272283241, 0.00147243763786, -0.0028319391422, 0.000811284407973, -0.00463523855433, 0.0104472758248, -0.00523842452094, 0.00608418462798, -0.00470763305202, 0.00326194986701, -0.00124514265917, 0.00125780142844], [-0.000783517723903, 0.00485599599779, -0.00197450467385, 0.00236943829805, -0.00387155683711, 0.00221836054698, -0.00523842452094, 0.0158661734313, -0.00663538556546, 0.00427581230178, -0.00139606255107, -0.00010749456851, -0.000651641224977], [0.000658158096485, -0.00626086024567, 0.00233815866522, -0.00438873562962, 0.00214067474008, -0.00538194971159, 0.00608418462798, -0.00663538556546, 0.0170142501593, -0.00809359177947, 0.00418396061286, -0.00457928795367, 0.00403678230941], [-0.000619489583187, 0.00625412538648, -0.00158275279682, 0.0045750932768, -0.00280723674223, 0.00293009192683, -0.00470763305202, 0.00427581230178, -0.00809359177947, 0.0201664660126, -0.0111002568156, 0.00714598922059, -0.00736137339845], [0.00086950691184, -0.00586598087102, 0.00188515079208, -0.00643606856465, 0.003793456126, -0.00405444623902, 0.00326194986701, -0.00139606255107, 0.00418396061286, -0.0111002568156, 0.0231925696135, -0.014059103094, 0.00958067830652], [-0.000196546810912, 0.00558216264471, -0.00170555245131, 0.00584503542632, -0.00146983645391, 0.00461467867717, -0.00124514265917, -0.00010749456851, -0.00457928795367, 0.00714598922059, -0.014059103094, 0.024569068104, -0.00915146525949], [0.000494099280331, -0.0039741252549, 0.000587456044741, -0.00370968435891, 0.00130305695347, -0.00125674076844, 0.00125780142844, -0.000651641224977, 0.00403678230941, -0.00736137339845, 0.00958067830652, -0.00915146525949, 0.0197347346693]], "mean": [-66.6873931885, 106.611022949, -106.416725159, 53.2367668152, -46.410533905, 7.07671308517, -29.5721759796, 4.09656238556, -23.8952064514, -5.45127534866, -17.4708442688, -3.63678503036, -4.32115411758]}, "hfc": {"dmean": 7.16241931915, "dmean2": 10.5905838013, "dvar": 198.28868103, "dvar2": 436.254577637, "max": 299.502624512, "mean": 14.8693609238, "median": 5.98729419708, "min": 3.04450168187e-07, "var": 466.621429443}, "melbands": {"dmean": [0.000438789487816, 0.000715190428309, 0.000643791514449, 0.00024413006031, 0.000126468439703, 9.87444509519e-05, 5.27877309651e-05, 4.89189660584e-05, 3.78245531465e-05, 2.91712258331e-05, 3.41043705703e-05, 2.55874074355e-05, 2.87655184366e-05, 1.87132136489e-05, 1.02990225059e-05, 1.24489779409e-05, 1.46629718074e-05, 1.91678809642e-05, 1.4705184185e-05, 1.12714451461e-05, 2.51617420872e-05, 2.36488267547e-05, 1.76370795089e-05, 1.78366535692e-05, 1.64920256793e-05, 1.69398899743e-05, 1.30454527607e-05, 7.44858289181e-06, 5.42956422578e-06, 4.18671015723e-06, 2.65535027211e-06, 2.35562902162e-06, 1.77614754193e-06, 1.36191101774e-06, 9.67247387962e-07, 7.33559716082e-07, 5.22333039044e-07, 4.22979098857e-07, 3.17006424666e-07, 1.88675755908e-07], "dmean2": [0.00067081785528, 0.00110867619514, 0.000981826102361, 0.000394699745812, 0.000196516237338, 0.000153161061462, 8.3184473624e-05, 7.92625723989e-05, 6.07185647823e-05, 4.61266899947e-05, 5.24954266439e-05, 3.95035094698e-05, 4.6843149903e-05, 3.0752587918e-05, 1.69124996319e-05, 2.01948168979e-05, 2.3304066417e-05, 3.06897927658e-05, 2.33864193433e-05, 1.79549369932e-05, 4.00480712415e-05, 3.71838541469e-05, 2.78889910987e-05, 2.87070597551e-05, 2.62015964836e-05, 2.70675882348e-05, 2.08367418963e-05, 1.18189236673e-05, 8.57036047819e-06, 6.71321276968e-06, 4.40959092884e-06, 3.97344183511e-06, 2.9921964142e-06, 2.29620150094e-06, 1.6233216229e-06, 1.21573577871e-06, 8.73558406056e-07, 7.22346385373e-07, 5.40034761798e-07, 3.14989165418e-07], "dvar": [4.28536822028e-07, 1.05977426301e-06, 1.47432126596e-06, 1.79889298124e-07, 4.13563014945e-08, 2.9743603136e-08, 1.7424181209e-08, 1.52034456136e-08, 7.68773755766e-09, 3.06810976625e-09, 9.12316000523e-09, 4.18135837066e-09, 6.01623240115e-09, 2.3816413286e-09, 6.89962476041e-10, 1.39170408531e-09, 1.50989121206e-09, 1.55168766725e-09, 1.15263754097e-09, 7.96461674391e-10, 4.6197805581e-09, 4.07721945095e-09, 1.48112777598e-09, 1.84270454451e-09, 1.76378589511e-09, 2.35962804851e-09, 1.09861519881e-09, 2.86488666124e-10, 1.2910102154e-10, 7.57780574401e-11, 3.57165026721e-11, 3.17554281482e-11, 1.9467320117e-11, 1.93209476196e-11, 9.09890912615e-12, 4.45592824791e-12, 2.2300633562e-12, 1.73312406093e-12, 8.40624932944e-13, 3.30167804988e-13], "dvar2": [1.03472052615e-06, 2.38187271862e-06, 3.23127164847e-06, 4.49349727205e-07, 9.56255377105e-08, 6.77297649077e-08, 3.80745497353e-08, 3.68643711113e-08, 1.96873717329e-08, 7.15597003875e-09, 2.30286225644e-08, 8.81566109001e-09, 1.43271234876e-08, 5.6888520561e-09, 1.76403947005e-09, 3.41161165984e-09, 3.73253383756e-09, 3.7428584676e-09, 2.83114931499e-09, 2.01281480372e-09, 1.00867714181e-08, 8.52239345761e-09, 3.52674867088e-09, 4.55869164639e-09, 4.29702495808e-09, 5.93429394513e-09, 2.70135314118e-09, 6.83241074828e-10, 3.09566455803e-10, 1.86176865591e-10, 9.59949411627e-11, 8.71402533464e-11, 5.26939325507e-11, 5.08904481056e-11, 2.43835455299e-11, 1.13003981173e-11, 5.32319717819e-12, 4.52667590911e-12, 2.14164406695e-12, 8.51484789795e-13], "max": [0.00791936926544, 0.0196872483939, 0.0245801508427, 0.00622387742624, 0.00391833949834, 0.00317189423367, 0.0040047862567, 0.00232964451425, 0.00154957128689, 0.00104171747807, 0.00288378237747, 0.00200528581627, 0.00197746022604, 0.00201853178442, 0.000391055364162, 0.00162231421564, 0.00130356522277, 0.00115670182277, 0.000866036221851, 0.000792510109022, 0.00154774845578, 0.00197979924269, 0.000976445851848, 0.000977144227363, 0.000635726202745, 0.00161893572658, 0.000819727720227, 0.000240623849095, 0.000209458477912, 0.000126288068714, 0.000120192773466, 0.000113577538286, 9.86165978247e-05, 0.00016012400738, 7.99289264251e-05, 6.58449425828e-05, 5.22891023138e-05, 5.27279298694e-05, 2.72004981525e-05, 1.77508754859e-05], "mean": [0.000918351404835, 0.00159390817862, 0.0012651354773, 0.000398929027142, 0.000244118564297, 0.000181970797712, 7.83406067058e-05, 6.47696870146e-05, 5.27272495674e-05, 4.832817649e-05, 5.42433954251e-05, 4.11667133449e-05, 3.85369348805e-05, 2.42297246587e-05, 1.2128819435e-05, 1.57802987815e-05, 2.1237623514e-05, 3.20216786349e-05, 2.22364433284e-05, 1.48194139911e-05, 3.00785341096e-05, 3.01671952911e-05, 2.1077637939e-05, 2.09408099181e-05, 1.79355974979e-05, 2.18119403144e-05, 1.75159038918e-05, 1.0956117876e-05, 8.56831138663e-06, 7.23598623154e-06, 4.62171328763e-06, 3.93140362576e-06, 3.00230544781e-06, 2.10686584978e-06, 1.46449565364e-06, 1.19236347018e-06, 9.17775423659e-07, 7.22135894193e-07, 5.46918158761e-07, 3.22987233403e-07], "median": [0.000403587298933, 0.000989997410215, 0.000530417135451, 0.000204016192583, 0.000139717812999, 8.49280113471e-05, 2.4654691515e-05, 1.54787921929e-05, 1.87856494449e-05, 2.0522671548e-05, 1.56064725161e-05, 1.27520797832e-05, 8.85767258296e-06, 6.64635035719e-06, 2.31862486544e-06, 4.48827177024e-06, 6.55585381537e-06, 7.85195788922e-06, 5.8594141592e-06, 3.55145357389e-06, 4.51565529147e-06, 4.67340396426e-06, 4.57813894172e-06, 3.57568478648e-06, 2.91561832455e-06, 2.80684298559e-06, 2.0838438104e-06, 1.61561229106e-06, 1.36344669954e-06, 8.54228915159e-07, 6.55674227801e-07, 6.1345690483e-07, 4.07015903647e-07, 2.17912202061e-07, 1.64092782029e-07, 1.16360851621e-07, 8.26699988465e-08, 5.62753257327e-08, 3.83644866986e-08, 2.24274820937e-08], "min": [4.77091846932e-12, 2.2521917057e-12, 1.92067824319e-12, 1.00801712897e-12, 9.30625910535e-13, 5.60371756322e-14, 4.31883092386e-14, 1.06909544152e-13, 1.03389478511e-13, 1.08331360104e-13, 1.71869625736e-13, 1.00212840684e-13, 4.40804585487e-14, 3.87259092795e-14, 7.1226058634e-14, 3.48995531367e-14, 1.84571376059e-14, 5.22703692937e-14, 5.45692099363e-14, 1.07919661434e-13, 8.3044810991e-14, 4.59074103601e-14, 4.72277043319e-14, 4.613595679e-14, 1.60825417247e-14, 2.52535453215e-14, 1.9123742371e-14, 2.05466730191e-14, 4.24812095223e-14, 1.59754970889e-14, 4.52608701115e-14, 2.99442714819e-14, 3.86791793188e-15, 1.26940872161e-14, 2.69892954014e-14, 2.66866810226e-14, 3.1165645558e-14, 1.83347532035e-14, 3.45971522102e-14, 4.86199588348e-14], "var": [1.37699419156e-06, 3.53536370312e-06, 3.64405491382e-06, 2.8886461223e-07, 9.53528171976e-08, 7.94640797608e-08, 3.66379779848e-08, 2.29326015955e-08, 1.14828511144e-08, 6.75561073749e-09, 1.89390778615e-08, 1.12478426573e-08, 1.16248290993e-08, 4.22668788858e-09, 7.91490206709e-10, 2.25675611532e-09, 3.14477199836e-09, 3.97972188537e-09, 1.88636839482e-09, 1.0742795542e-09, 8.41494074422e-09, 9.67347890679e-09, 1.96142280195e-09, 2.27194774105e-09, 1.81574777436e-09, 2.47300002698e-09, 1.35056432704e-09, 4.28522967111e-10, 2.43454728599e-10, 1.67702407516e-10, 7.11473935322e-11, 5.61502962182e-11, 3.38229340369e-11, 2.84811740164e-11, 1.36440702486e-11, 1.06060811175e-11, 5.82072064159e-12, 3.73106146673e-12, 1.95783515268e-12, 7.62377465845e-13]}, "melbands_crest": {"dmean": 3.35456728935, "dmean2": 5.46594142914, "dvar": 9.55529117584, "dvar2": 24.3810958862, "max": 35.9663848877, "mean": 15.164689064, "median": 14.888004303, "min": 3.58346176147, "var": 23.9507141113}, "melbands_flatness_db": {"dmean": 0.0364876650274, "dmean2": 0.0514733716846, "dvar": 0.00159907201305, "dvar2": 0.00311992526986, "max": 0.695111036301, "mean": 0.243553042412, "median": 0.213078603148, "min": 0.03130453825, "var": 0.0158698223531}, "melbands_kurtosis": {"dmean": 12.4494714737, "dmean2": 18.9883155823, "dvar": 441.361999512, "dvar2": 968.200256348, "max": 884.586303711, "mean": 25.3409328461, "median": 13.6271820068, "min": -1.79490554333, "var": 1307.26867676}, "melbands_skewness": {"dmean": 0.988931834698, "dmean2": 1.49040830135, "dvar": 1.09619128704, "dvar2": 2.49809646606, "max": 23.8292617798, "mean": 3.49721169472, "median": 3.1696228981, "min": -0.793630123138, "var": 3.70734119415}, "melbands_spread": {"dmean": 9.35786247253, "dmean2": 14.2450046539, "dvar": 170.018203735, "dvar2": 370.912078857, "max": 188.085845947, "mean": 23.1895923615, "median": 15.3610525131, "min": 0.256524294615, "var": 548.320373535}, "mfcc": {"cov": [[15741.7597656, -3230.16381836, -2272.92651367, 26.9310340881, -716.787475586, -183.131088257, -478.67364502, -170.366531372, -259.609222412, 127.449050903, 224.72567749, 83.8188552856, 39.8194732666], [-3230.16381836, 2132.69873047, 179.73576355, 55.8466682434, 228.784759521, 66.2919464111, 149.533660889, 71.182144165, 194.743759155, 11.0465354919, -83.0186080933, -34.7915725708, -61.8211364746], [-2272.92651367, 179.73576355, 885.666992188, 11.4806346893, 120.04649353, 81.8182907104, 84.7022323608, 49.6627159119, 15.6209039688, -1.33293831348, -12.7042770386, -22.6332817078, -3.45341658592], [26.9310340881, 55.8466682434, 11.4806346893, 348.265869141, 125.745475769, 35.5475616455, 92.4882965088, 22.8807487488, 63.3324966431, 34.6046409607, -18.2899608612, 12.3652715683, 20.5829582214], [-716.787475586, 228.784759521, 120.04649353, 125.745475769, 286.543243408, 42.4136009216, 50.3662376404, 52.4589042664, 67.0052108765, 28.0237998962, -6.99336194992, 3.0854640007, 20.5718917847], [-183.131088257, 66.2919464111, 81.8182907104, 35.5475616455, 42.4136009216, 137.178924561, 67.0408706665, 7.33338499069, 42.4419441223, 44.9685707092, 15.6712169647, 7.32081794739, -9.26798725128], [-478.67364502, 149.533660889, 84.7022323608, 92.4882965088, 50.3662376404, 67.0408706665, 199.19442749, 45.9145698547, 65.2532196045, 38.847946167, -18.5998134613, 6.79666090012, 6.44078731537], [-170.366531372, 71.182144165, 49.6627159119, 22.8807487488, 52.4589042664, 7.33338499069, 45.9145698547, 119.948127747, 36.944934845, 1.90121340752, 16.3796768188, 6.31282091141, 9.11350536346], [-259.609222412, 194.743759155, 15.6209039688, 63.3324966431, 67.0052108765, 42.4419441223, 65.2532196045, 36.944934845, 158.029525757, 59.7155075073, -40.2623977661, -1.89339530468, 0.610899150372], [127.449050903, 11.0465354919, -1.33293831348, 34.6046409607, 28.0237998962, 44.9685707092, 38.847946167, 1.90121340752, 59.7155075073, 103.031150818, 16.6321773529, 0.801081418991, -4.77479982376], [224.72567749, -83.0186080933, -12.7042770386, -18.2899608612, -6.99336194992, 15.6712169647, -18.5998134613, 16.3796768188, -40.2623977661, 16.6321773529, 115.26839447, 29.8209438324, 1.88308942318], [83.8188552856, -34.7915725708, -22.6332817078, 12.3652715683, 3.0854640007, 7.32081794739, 6.79666090012, 6.31282091141, -1.89339530468, 0.801081418991, 29.8209438324, 68.2921905518, 23.0271320343], [39.8194732666, -61.8211364746, -3.45341658592, 20.5829582214, 20.5718917847, -9.26798725128, 6.44078731537, 9.11350536346, 0.610899150372, -4.77479982376, 1.88308942318, 23.0271320343, 67.4767074585]], "icov": [[0.000182643299922, 0.000213973296923, 0.000397805473767, -0.000167669102666, 0.000218618311919, -0.000155715562869, 0.000265125418082, -0.000202918032301, 5.94812772761e-05, -0.000303863023873, -2.80701551674e-05, 5.19501481904e-05, 3.48374524037e-05], [0.000213973296923, 0.000874237739481, 0.000440241274191, -7.73869578552e-06, -0.000212192288018, -0.000104779966932, -5.7270302932e-05, -0.000122032186482, -0.000692163128406, 0.000219869602006, -4.52061140095e-05, 0.000110517219582, 0.000757205008995], [0.000397805473767, 0.000440241274191, 0.00220306147821, -0.000121565841255, -5.02044495079e-05, -0.00109235709533, 0.000193260013475, -0.000786955759395, 0.000548672745936, -0.000382300844649, 0.000142228149343, 0.000609340961091, 2.75993988907e-05], [-0.000167669102666, -7.73869578552e-06, -0.000121565841255, 0.0041150492616, -0.00186636194121, 0.000327489193296, -0.00184283102863, 0.000721833610442, -0.000595635327045, 0.000157247704919, 0.00029662362067, -0.000460359500721, -0.000311872427119], [0.000218618311919, -0.000212192288018, -5.02044495079e-05, -0.00186636194121, 0.00562535226345, -0.00103883561678, 0.00129441416357, -0.00179778644815, -0.000493886531331, -0.000940168043599, -5.55898259336e-05, 0.000435718888184, -0.00170432741288], [-0.000155715562869, -0.000104779966932, -0.00109235709533, 0.000327489193296, -0.00103883561678, 0.0110888583586, -0.00325018097647, 0.00205080676824, -0.00177930144127, -0.00177485251334, -0.00237783254124, -0.000954596383963, 0.00199576164596], [0.000265125418082, -5.7270302932e-05, 0.000193260013475, -0.00184283102863, 0.00129441416357, -0.00325018097647, 0.00863203499466, -0.00318146916106, 0.000132805274916, -0.00228422484361, 0.0021506359335, -0.00087161763804, -0.00079761055531], [-0.000202918032301, -0.000122032186482, -0.000786955759395, 0.000721833610442, -0.00179778644815, 0.00205080676824, -0.00318146916106, 0.0120486598462, -0.00423071021214, 0.00372729590163, -0.00451001292095, 0.00087618152611, -0.000617464073002], [5.94812772761e-05, -0.000692163128406, 0.000548672745936, -0.000595635327045, -0.000493886531331, -0.00177930144127, 0.000132805274916, -0.00423071021214, 0.0137170106173, -0.00786478444934, 0.00660265004262, -0.0018824050203, -0.000217151973629], [-0.000303863023873, 0.000219869602006, -0.000382300844649, 0.000157247704919, -0.000940168043599, -0.00177485251334, -0.00228422484361, 0.00372729590163, -0.00786478444934, 0.0173409730196, -0.0058436547406, 0.00232672179118, 0.000738050905056], [-2.80701551674e-05, -4.52061140095e-05, 0.000142228149343, 0.00029662362067, -5.55898259336e-05, -0.00237783254124, 0.0021506359335, -0.00451001292095, 0.00660265004262, -0.0058436547406, 0.0147875370458, -0.00614408124238, 0.00119690806605], [5.19501481904e-05, 0.000110517219582, 0.000609340961091, -0.000460359500721, 0.000435718888184, -0.000954596383963, -0.00087161763804, 0.00087618152611, -0.0018824050203, 0.00232672179118, -0.00614408124238, 0.0197899322957, -0.0064572552219], [3.48374524037e-05, 0.000757205008995, 2.75993988907e-05, -0.000311872427119, -0.00170432741288, 0.00199576164596, -0.00079761055531, -0.000617464073002, -0.000217151973629, 0.000738050905056, 0.00119690806605, -0.0064572552219, 0.0187673047185]], "mean": [-706.803894043, 125.821762085, 5.90403413773, 45.6790504456, 7.74528264999, 9.50300979614, 3.72929263115, 6.37134981155, 3.61667656898, 1.54181778431, -6.01253223419, -6.3098487854, -6.36773061752]}, "pitch_salience": {"dmean": 0.0711328089237, "dmean2": 0.11573176831, "dvar": 0.00440003117546, "dvar2": 0.0116082467139, "max": 0.876046776772, "mean": 0.564699172974, "median": 0.573535263538, "min": 0.119713239372, "var": 0.014158946462}, "silence_rate_20dB": {"dmean": 0, "dmean2": 0, "dvar": 0, "dvar2": 0, "max": 1, "mean": 1, "median": 1, "min": 1, "var": 0}, "silence_rate_30dB": {"dmean": 0.000703234865796, "dmean2": 0.00140671711415, "dvar": 0.000702722696587, "dvar2": 0.00175634631887, "max": 1, "mean": 0.999121129513, "median": 1, "min": 0, "var": 0.00087829498807}, "silence_rate_60dB": {"dmean": 0.0545007027686, "dmean2": 0.109020575881, "dvar": 0.0515312477946, "dvar2": 0.110145188868, "max": 1, "mean": 0.183160483837, "median": 0, "min": 0, "var": 0.14961835742}, "spectral_centroid": {"dmean": 311.149139404, "dmean2": 454.884033203, "dvar": 144618.75, "dvar2": 288912, "max": 4235.08740234, "mean": 1398.90600586, "median": 1261.07055664, "min": 134.10256958, "var": 883405.375}, "spectral_complexity": {"dmean": 5.34739780426, "dmean2": 7.41937732697, "dvar": 52.2675857544, "dvar2": 87.2306976318, "max": 64, "mean": 17.1954650879, "median": 11, "min": 0, "var": 242.269439697}, "spectral_contrast_coeffs": {"dmean": [0.0486023388803, 0.0455147586763, 0.0353728160262, 0.03065674752, 0.0236808229238, 0.021514762193], "dmean2": [0.0794951543212, 0.0733761712909, 0.0559505596757, 0.0491607487202, 0.0381022281945, 0.033643681556], "dvar": [0.00152136140969, 0.00139606907032, 0.000862375774886, 0.000656525953673, 0.000413524394389, 0.000432268338045], "dvar2": [0.00401997333393, 0.00352576235309, 0.00212856056169, 0.00159835617524, 0.00097305024974, 0.00101190106943], "max": [-0.387095034122, -0.474277734756, -0.54118013382, -0.589197218418, -0.626547515392, -0.605422437191], "mean": [-0.645912230015, -0.730779528618, -0.792300283909, -0.800712823868, -0.80242985487, -0.751365125179], "median": [-0.646333396435, -0.73712092638, -0.801762938499, -0.805941641331, -0.801255643368, -0.74166059494], "min": [-0.909837841988, -0.944639205933, -0.965152263641, -0.948389112949, -0.946966052055, -0.924049079418], "var": [0.00447644200176, 0.00601091934368, 0.00390095310286, 0.00332075869665, 0.0018401973648, 0.00298030977137]}, "spectral_contrast_valleys": {"dmean": [0.397580057383, 0.430851876736, 0.420048266649, 0.464764297009, 0.442966759205, 0.346875488758], "dmean2": [0.637371599674, 0.668739140034, 0.633893311024, 0.66699630022, 0.601832449436, 0.506819009781], "dvar": [0.111766859889, 0.158795252442, 0.156853407621, 0.231513798237, 0.220229968429, 0.205002889037], "dvar2": [0.263935655355, 0.351798713207, 0.325019180775, 0.472467690706, 0.443890333176, 0.44300955534], "max": [-5.54797744751, -5.09890508652, -5.46558475494, -5.70358514786, -4.83008003235, -7.58202457428], "mean": [-7.40062856674, -7.56756591797, -7.99697971344, -8.47072601318, -7.95314264297, -10.9176197052], "median": [-7.18503141403, -7.3358912468, -7.76701545715, -8.17649650574, -7.75181341171, -10.8693380356], "min": [-16.5569953918, -16.7773952484, -17.2164821625, -16.7718315125, -16.28150177, -17.928976059], "var": [1.07862925529, 1.53447532654, 1.71326136589, 2.18538713455, 2.4958422184, 2.17630887032]}, "spectral_decrease": {"dmean": 1.42699818628e-09, "dmean2": 2.05798378339e-09, "dvar": 3.72181024427e-18, "dvar2": 7.37976876269e-18, "max": -1.29035981753e-17, "mean": -4.34198232924e-09, "median": -3.52269968751e-09, "min": -3.48982958087e-08, "var": 1.48846303951e-17}, "spectral_energy": {"dmean": 0.00586032681167, "dmean2": 0.00843147467822, "dvar": 6.51161608403e-05, "dvar2": 0.000130067142891, "max": 0.139301210642, "mean": 0.0177362654358, "median": 0.0144313545898, "min": 7.63156968175e-11, "var": 0.00025183998514}, "spectral_energyband_high": {"dmean": 0.000406507751904, "dmean2": 0.000629039597698, "dvar": 6.86536168359e-07, "dvar2": 1.62459525654e-06, "max": 0.0156260281801, "mean": 0.000834541395307, "median": 0.000132329281769, "min": 2.2691097265e-11, "var": 2.0363099793e-06}, "spectral_energyband_low": {"dmean": 0.00351123977453, "dmean2": 0.00525690149516, "dvar": 2.8451297112e-05, "dvar2": 5.97160651523e-05, "max": 0.0984019041061, "mean": 0.00889114104211, "median": 0.00532813277096, "min": 2.49830850452e-11, "var": 0.000104139297036}, "spectral_energyband_middle_high": {"dmean": 0.00204249890521, "dmean2": 0.00304475100711, "dvar": 1.68069327628e-05, "dvar2": 3.60754420399e-05, "max": 0.0780982002616, "mean": 0.00344502227381, "median": 0.00107554753777, "min": 7.37947029872e-12, "var": 3.67297216144e-05}, "spectral_energyband_middle_low": {"dmean": 0.0027179941535, "dmean2": 0.00404832558706, "dvar": 1.53082146426e-05, "dvar2": 3.27081652358e-05, "max": 0.0728195458651, "mean": 0.00651389174163, "median": 0.00474326498806, "min": 1.44979549199e-11, "var": 4.48141690867e-05}, "spectral_entropy": {"dmean": 0.205412268639, "dmean2": 0.296603381634, "dvar": 0.0650627836585, "dvar2": 0.118864476681, "max": 8.83183288574, "mean": 7.36742353439, "median": 7.58766746521, "min": 4.27938890457, "var": 0.515373170376}, "spectral_flux": {"dmean": 0.0190766509622, "dmean2": 0.0289737097919, "dvar": 0.000525884679519, "dvar2": 0.00107103877235, "max": 0.321196198463, "mean": 0.0596366599202, "median": 0.0529600158334, "min": 1.36373955684e-05, "var": 0.00161501939874}, "spectral_kurtosis": {"dmean": 2.31036400795, "dmean2": 3.77351784706, "dvar": 13.2833003998, "dvar2": 32.6026802063, "max": 72.3300857544, "mean": 5.7291097641, "median": 3.44567084312, "min": -0.549941122532, "var": 49.3095245361}, "spectral_rms": {"dmean": 0.000656748714391, "dmean2": 0.000913284253329, "dvar": 5.78165611387e-07, "dvar2": 1.04021546576e-06, "max": 0.0116577707231, "mean": 0.0036972600501, "median": 0.00375224859454, "min": 2.72863218242e-07, "var": 3.63398203262e-06}, "spectral_rolloff": {"dmean": 551.670471191, "dmean2": 894.453430176, "dvar": 665032.5, "dvar2": 1430260.375, "max": 12360.0585938, "mean": 1475.86743164, "median": 732.12890625, "min": 64.599609375, "var": 2331816.75}, "spectral_skewness": {"dmean": 0.311520248652, "dmean2": 0.481768995523, "dvar": 0.161786198616, "dvar2": 0.36409971118, "max": 7.46809530258, "mean": 1.50880241394, "median": 1.2136079073, "min": 0.032345879823, "var": 0.884703397751}, "spectral_spread": {"dmean": 495050.8125, "dmean2": 757331, "dvar": 281079840768, "dvar2": 646391791616, "max": 15279663, "mean": 3966476, "median": 3812415, "min": 1253697.25, "var": 1316290297860.0},