{"lowlevel": {"average_loudness": 0.910771727562, "barkbands": {"dmean": [1.19544502013e-05, 0.00104165775701, 0.00175892980769, 0.00186251872219, 0.00327404402196, 0.00121377571486, 0.000846022216137, 0.000937105913181, 0.000828637566883, 0.000643567938823, 0.000295982463285, 0.000451173924375, 0.000257001869613, 0.000324712629663, 0.00028450062382, 0.000149263898493, 0.000117076873721, 7.84124204074e-05, 4.41598058387e-05, 3.13785094477e-05, 2.34845883824e-05, 3.5123557609e-05, 3.86245083064e-05, 3.62096434401e-05, 3.63435683539e-05, 4.37176131527e-05, 5.39694883628e-06], "dmean2": [1.89169222722e-05, 0.00175307213794, 0.00307933217846, 0.00307086086832, 0.00517187314108, 0.00192580150906, 0.00134852656629, 0.00142073316965, 0.00123029539827, 0.000939591147471, 0.000443438853836, 0.000674374809023, 0.000393568625441, 0.000468870799523, 0.000401691941079, 0.000215408887016, 0.000179294394911, 0.00012394899386, 7.21097894711e-05, 4.89744052175e-05, 3.64970692317e-05, 5.06714313815e-05, 5.53717727598e-05, 5.21643669344e-05, 5.29054304934e-05, 6.68544744258e-05, 8.5476303866e-06], "dvar": [2.25526777808e-10, 9.83114841802e-06, 3.09738716169e-05, 2.1163297788e-05, 4.49788349215e-05, 4.32691604146e-06, 2.61152581515e-06, 4.54226119473e-06, 5.70228530705e-06, 2.92249274025e-06, 7.72986652464e-07, 2.04550519811e-06, 9.17112743082e-07, 1.45684316522e-06, 7.69226403463e-07, 3.69459058902e-07, 1.50895886009e-07, 4.59381297446e-08, 1.19666374587e-08, 7.38462890837e-09, 3.58768814657e-09, 1.26465637962e-08, 2.27685603704e-08, 3.85513061474e-08, 1.1634051944e-08, 2.53888909896e-08, 3.63621882604e-10], "dvar2": [5.45344824854e-10, 2.51243272942e-05, 8.82708773133e-05, 5.59156942472e-05, 0.000107330823084, 1.0887375538e-05, 6.28045108897e-06, 1.02489038909e-05, 1.19245269161e-05, 6.20899527348e-06, 1.47879450196e-06, 4.56441239294e-06, 2.02229898605e-06, 2.94248957289e-06, 1.28892475004e-06, 6.80947948695e-07, 3.38772821351e-07, 1.01207582759e-07, 3.076157995e-08, 1.8820896841e-08, 8.73620020769e-09, 2.41966269243e-08, 4.58888926858e-08, 7.7924909192e-08, 2.20508873383e-08, 6.16947701815e-08, 8.75465144823e-10], "max": [0.000236415406107, 0.0463241115212, 0.0694710463285, 0.054679710418, 0.102824948728, 0.0431921966374, 0.0358994007111, 0.0376909673214, 0.0786145627499, 0.0493104495108, 0.0268546491861, 0.0364520289004, 0.0262917112559, 0.0334525704384, 0.0328335277736, 0.0268601216376, 0.0159044601023, 0.0106202438474, 0.00421389937401, 0.00307580060326, 0.00145192677155, 0.0050518414937, 0.00721090985462, 0.0114851351827, 0.00365418521687, 0.00371973006986, 0.000504079798702], "mean": [4.14395835833e-05, 0.00186187215149, 0.00388406962156, 0.00302962656133, 0.00589119037613, 0.00248963525519, 0.00160115002654, 0.00218486739323, 0.00165799167007, 0.00150104856584, 0.000543938018382, 0.000900430022739, 0.000417637726059, 0.000512308091857, 0.000581639877055, 0.000285778398393, 0.000233878206927, 0.000124443118693, 7.23032862879e-05, 5.16684740433e-05, 3.74312221538e-05, 5.65547961742e-05, 5.11152429681e-05, 5.25945797563e-05, 5.3554205806e-05, 4.24648205808e-05, 4.78007450511e-06], "median": [3.8756745198e-05, 0.00103763351217, 0.00284429686144, 0.00155042042024, 0.00398524943739, 0.00151226914022, 0.000893011456355, 0.000591985299252, 0.000451282539871, 0.000250355165917, 9.12413961487e-05, 0.00016770590446, 4.92978215334e-05, 5.81567146583e-05, 6.46803382551e-05, 4.32765882579e-05, 3.92602887587e-05, 3.11208968924e-05, 2.09909703699e-05, 1.62133364938e-05, 1.16579176392e-05, 1.43146426126e-05, 9.17541547096e-06, 8.3548393377e-06, 9.63274396781e-06, 4.69073302156e-06, 3.74994414187e-07], "min": [4.31022209433e-25, 3.15926742691e-24, 1.07057210777e-24, 7.10659841787e-25, 4.87173792123e-24, 7.23790293504e-24, 6.11853376522e-24, 5.04881668407e-24, 1.41102666593e-23, 1.92388249535e-23, 2.3049288183e-23, 3.15336165918e-23, 2.31546168911e-23, 3.20631599848e-23, 4.2376067972e-23, 5.25344412632e-23, 7.73029602813e-23, 1.23056394224e-22, 1.24961335538e-22, 1.83420346236e-22, 2.52299300724e-22, 2.66845517163e-22, 3.07365830876e-22, 5.54328291939e-22, 8.5410487701e-22, 1.19328729835e-21, 1.8302536295e-21], "var": [4.68781735652e-10, 8.91876970854e-06, 2.49596014328e-05, 2.24118757615e-05, 5.68786163058e-05, 1.00750430647e-05, 5.44227168575e-06, 1.62924607139e-05, 1.70706935023e-05, 1.38869254442e-05, 2.37938638747e-06, 5.74924979446e-06, 1.91374510905e-06, 3.8541838876e-06, 2.81865095531e-06, 1.22156814086e-06, 5.25869950252e-07, 1.14903237147e-07, 2.51264395956e-08, 1.08479225602e-08, 5.5885154282e-09, 2.51774530113e-08, 3.90288583674e-08, 7.43972350392e-08, 2.68664344105e-08, 2.50194513995e-08, 3.46411926921e-10]}, "barkbands_crest": {"dmean": 1.96450400352, "dmean2": 3.15377926826, "dvar": 3.63798117638, "dvar2": 9.1532459259, "max": 25.4241065979, "mean": 9.46415138245, "median": 8.80880451202, "min": 3.19523239136, "var": 10.8699579239}, "barkbands_flatness_db": {"dmean": 0.0216420032084, "dmean2": 0.0317379124463, "dvar": 0.000590257172007, "dvar2": 0.0012512197718, "max": 0.511015176773, "mean": 0.18102106452, "median": 0.162845671177, "min": 0.0350422598422, "var": 0.00588875962421}, "barkbands_kurtosis": {"dmean": 3.45111107826, "dmean2": 5.41349458694, "dvar": 31.30169487, "dvar2": 74.9339523315, "max": 124.086006165, "mean": 6.21396303177, "median": 3.57371425629, "min": -1.91545724869, "var": 70.3952560425}, "barkbands_skewness": {"dmean": 0.532232522964, "dmean2": 0.800411880016, "dvar": 0.379149645567, "dvar2": 0.843252003193, "max": 8.64583206177, "mean": 1.52579712868, "median": 1.40877020359, "min": -8.41273593903, "var": 1.54582953453}, "barkbands_spread": {"dmean": 3.11413812637, "dmean2": 4.71573829651, "dvar": 25.1922893524, "dvar2": 53.4250030518, "max": 121.554382324, "mean": 12.6477155685, "median": 10.8650016785, "min": 0.406455457211, "var": 103.633308411}, "dissonance": {"dmean": 0.0313498340547, "dmean2": 0.0521348230541, "dvar": 0.000867732218467, "dvar2": 0.00234773918055, "max": 0.500000119209, "mean": 0.426995664835, "median": 0.438693583012, "min": 0.109983406961, "var": 0.00260069756769}, "dynamic_complexity": 3.3835515976, "erbbands": {"dmean": [0.0149983437732, 0.3014062047, 1.66946744919, 4.15747022629, 11.2399702072, 10.8170309067, 7.01565265656, 11.8958702087, 12.0687685013, 13.0889558792, 24.2199020386, 17.6158485413, 17.3589191437, 21.0565128326, 11.7765665054, 18.2333583832, 10.0139770508, 16.4560470581, 15.1994857788, 9.21335983276, 7.08730554581, 5.58528900146, 4.70193576813, 2.37900233269, 2.17723798752, 1.50624978542, 1.13567793369, 0.855424165726, 1.24033236504, 1.15311169624, 1.13819217682, 0.777225852013, 0.636158823967, 0.448066860437, 0.260599911213, 0.225773885846, 0.0658949762583, 0.0130459936336, 0.000941395410337, 2.79988507828e-05], "dmean2": [0.0243173446506, 0.512305378914, 2.94235181808, 6.95666408539, 17.5765686035, 17.7367763519, 10.7997322083, 19.0563335419, 19.6271743774, 20.0070800781, 36.3132171631, 25.6212654114, 24.6127700806, 30.4305858612, 17.4726028442, 27.2056999207, 15.0728969574, 23.3079776764, 21.6136188507, 13.2871837616, 9.99297904968, 8.41593742371, 7.30064821243, 3.81296801567, 3.54243731499, 2.34787416458, 1.77784478664, 1.29603028297, 1.82417869568, 1.63237380981, 1.66408503056, 1.13140833378, 0.907747745514, 0.657781481743, 0.379690080881, 0.348219811916, 0.101435422897, 0.020365871489, 0.00148026063107, 4.21813092544e-05], "dvar": [0.0018860117998, 0.843700051308, 28.8319568634, 103.480361938, 1121.94909668, 286.492828369, 115.357597351, 494.091369629, 397.746673584, 840.996459961, 3284.41040039, 3266.75927734, 2331.16479492, 3005.97265625, 1102.04614258, 3601.24169922, 1519.49853516, 3238.02001953, 2350.95629883, 986.987487793, 1047.26062012, 306.247680664, 162.188262939, 30.1646938324, 31.3562774658, 15.6776742935, 8.62867927551, 5.93336200714, 15.5000638962, 18.6580753326, 20.5564880371, 15.707567215, 10.5248632431, 2.15625810623, 0.568570137024, 0.873690724373, 0.0520094446838, 0.00210441136733, 1.14263721116e-05, 6.42847819421e-09], "dvar2": [0.00455663958564, 2.19201636314, 81.755569458, 283.928894043, 2665.89355469, 745.631774902, 257.787384033, 1235.74255371, 1045.09863281, 1955.26489258, 7387.77685547, 6605.2890625, 4736.20263672, 6523.46386719, 2180.15136719, 8274.38769531, 3402.59545898, 6129.69970703, 4144.578125, 1848.25219727, 1720.42712402, 656.19921875, 340.888549805, 74.6933517456, 81.1489181519, 38.6873168945, 21.3907108307, 13.9194698334, 31.0943717957, 30.9690628052, 43.3756713867, 33.5078697205, 20.239397049, 4.11055755615, 1.16252362728, 2.17568278313, 0.128019541502, 0.00512920692563, 2.76814589597e-05, 1.52966244116e-08], "max": [0.539434790611, 13.2313737869, 65.2175445557, 125.997970581, 505.268859863, 243.154403687, 352.889312744, 514.855834961, 545.436157227, 592.148742676, 1101.91467285, 2389.125, 1349.32714844, 1849.96166992, 1013.35125732, 1805.33374023, 1166.28063965, 1818.36120605, 2028.00219727, 867.174194336, 1843.81982422, 662.374206543, 684.993469238, 162.537445068, 217.533966064, 103.954879761, 87.9320297241, 62.302822113, 137.234344482, 229.397994995, 208.020248413, 177.13420105, 212.55406189, 57.5865058899, 21.9632587433, 21.8255901337, 8.23668861389, 1.48540377617, 0.100569278002, 0.002322005108], "mean": [0.0282689444721, 0.553081154823, 3.52594447136, 8.50680160522, 17.0683517456, 19.1642932892, 15.5202331543, 22.3905467987, 22.9871616364, 26.6723499298, 56.6433753967, 36.3472862244, 38.6819801331, 51.2180099487, 26.2280025482, 36.8405380249, 18.786239624, 30.6256484985, 33.2201347351, 18.8904380798, 14.9010276794, 11.553735733, 8.4460439682, 3.97833538055, 3.77999734879, 2.59476971626, 1.86623001099, 1.39614021778, 1.95525801182, 1.78468418121, 1.46931779385, 1.07254588604, 0.925280213356, 0.66850823164, 0.353910148144, 0.221444219351, 0.0643868222833, 0.0120450332761, 0.000844015215989, 5.02594557474e-05], "median": [0.0165689587593, 0.333604335785, 2.76060533524, 5.95134449005, 8.71345901489, 12.256772995, 10.3651180267, 12.2263612747, 14.2828426361, 13.6194591522, 15.0131597519, 11.324593544, 12.2725505829, 10.0291919708, 7.50715827942, 7.52118301392, 3.40552425385, 4.55317115784, 3.32032251358, 3.08005189896, 2.66482758522, 2.14988327026, 2.12317609787, 1.35739696026, 1.11061382294, 0.860776364803, 0.56817650795, 0.403214097023, 0.481608301401, 0.385778963566, 0.269737660885, 0.177905470133, 0.137661099434, 0.112532764673, 0.0596765354276, 0.0262112114578, 0.00716208107769, 0.00119468010962, 7.80450936873e-05, 3.15045472234e-05], "min": [6.3484906634e-23, 7.1597500434e-22, 1.69085774236e-21, 6.05766374947e-21, 1.37827725565e-20, 1.77596210659e-20, 3.66832791241e-20, 7.37675211254e-20, 1.1501009377e-19, 1.69354063482e-19, 2.37386592787e-19, 3.67984194342e-19, 6.57444650122e-19, 5.86091016507e-19, 1.41421611422e-18, 1.50382210844e-18, 1.54795105675e-18, 1.90057174123e-18, 2.70134668068e-18, 3.0240995276e-18, 2.26059693296e-18, 4.55729285504e-18, 4.76479400683e-18, 6.67425318335e-18, 5.81975120876e-18, 7.72662792741e-18, 9.15239034561e-18, 1.00754271291e-17, 9.54710769903e-18, 9.39290138052e-18, 1.09844341022e-17, 1.14398698213e-17, 1.0439274102e-17, 7.47147993156e-18, 6.17137369303e-18, 4.20068495321e-18, 2.24217272559e-18, 1.01533752533e-18, 2.35655975849e-19, 2.63781741956e-20], "var": [0.00193674478214, 0.725711107254, 21.4492740631, 108.579154968, 1188.19189453, 467.198608398, 318.55645752, 1042.92736816, 804.643432617, 1758.67236328, 11979.3183594, 8939.18457031, 7005.45654297, 15945.4228516, 3719.4453125, 10100.2949219, 3235.91015625, 11197.1923828, 8877.91699219, 2789.74707031, 4120.84423828, 1171.19592285, 471.12677002, 57.9238777161, 70.6881484985, 27.5037002563, 12.9581441879, 9.58830451965, 30.1819171906, 39.0188674927, 33.0488204956, 27.2220172882, 22.0376377106, 5.04220294952, 1.0855307579, 0.813175499439, 0.0508497804403, 0.0019956775941, 1.08118638309e-05, 6.8737757708e-09]}, "erbbands_crest": {"dmean": 2.58233976364, "dmean2": 4.10050392151, "dvar": 6.68246984482, "dvar2": 16.1788730621, "max": 30.9597969055, "mean": 10.9800777435, "median": 9.8639087677, "min": 2.29840755463, "var": 23.6543369293}, "erbbands_flatness_db": {"dmean": 0.0220135543495, "dmean2": 0.0305215995759, "dvar": 0.000533999875188, "dvar2": 0.00102339545265, "max": 0.428711771965, "mean": 0.189813613892, "median": 0.183715552092, "min": 0.0354487895966, "var": 0.00379931624047}, "erbbands_kurtosis": {"dmean": 1.59863448143, "dmean2": 2.48494744301, "dvar": 6.30510234833, "dvar2": 15.0541400909, "max": 46.034450531, "mean": 2.57942485809, "median": 1.37866711617, "min": -1.81222176552, "var": 17.1383838654}, "erbbands_skewness": {"dmean": 0.397100031376, "dmean2": 0.600266337395, "dvar": 0.16347682476, "dvar2": 0.369758158922, "max": 5.6491394043, "mean": 0.7472422719, "median": 0.722799420357, "min": -3.03156447411, "var": 0.805393517017}, "erbbands_spread": {"dmean": 6.44369649887, "dmean2": 9.59746742249, "dvar": 82.7944335938, "dvar2": 162.654815674, "max": 142.415863037, "mean": 25.5247344971, "median": 22.093120575, "min": 1.52399873734, "var": 299.995147705}, "gfcc": {"cov": [[27151.0625, 41.0067596436, -2890.85791016, 418.09576416, -950.527282715, 772.287719727, -1039.5, 441.654510498, -578.446228027, 101.009277344, -698.031433105, 5.26575565338, -419.230560303], [41.0067596436, 1880.13354492, 253.701705933, -114.542381287, -12.0331554413, -253.084136963, 224.973892212, -126.315582275, 49.955280304, -109.847961426, 141.455810547, -95.9032974243, 82.4257202148], [-2890.85791016, 253.701705933, 1371.47668457, -0.438686549664, -13.0904903412, -99.2804107666, 112.169403076, -79.7591171265, 49.0203094482, 10.5189342499, 72.5585632324, 6.3180975914, -8.62320327759], [418.09576416, -114.542381287, -0.438686549664, 325.407501221, 26.6974658966, -26.9254188538, -62.3244895935, 17.6679058075, 35.1345100403, -2.84439516068, -26.309387207, -4.84980154037, 3.50090765953], [-950.527282715, -12.0331554413, -13.0904903412, 26.6974658966, 312.573822021, 16.4142150879, 3.553784132, 28.2358589172, 36.0531730652, 9.44788169861, 12.6763105392, -3.01914811134, 19.9023323059], [772.287719727, -253.084136963, -99.2804107666, -26.9254188538, 16.4142150879, 247.911575317, -11.4112157822, 22.4026966095, -34.7862510681, 27.9804019928, -18.3136940002, 22.0873889923, -25.8952598572], [-1039.5, 224.973892212, 112.169403076, -62.3244895935, 3.553784132, -11.4112157822, 254.066619873, -28.2459907532, -16.3140144348, -40.832775116, 58.7127838135, 10.1646499634, 7.44881677628], [441.654510498, -126.315582275, -79.7591171265, 17.6679058075, 28.2358589172, 22.4026966095, -28.2459907532, 146.923614502, 10.7696971893, 4.24564981461, -27.0947608948, -0.960129201412, -4.54658269882], [-578.446228027, 49.955280304, 49.0203094482, 35.1345100403, 36.0531730652, -34.7862510681, -16.3140144348, 10.7696971893, 133.985153198, 24.7654838562, -2.9840862751, -24.08070755, 27.1220340729], [101.009277344, -109.847961426, 10.5189342499, -2.84439516068, 9.44788169861, 27.9804019928, -40.832775116, 4.24564981461, 24.7654838562, 100.968887329, 4.97706365585, -5.71755743027, -7.22462892532], [-698.031433105, 141.455810547, 72.5585632324, -26.309387207, 12.6763105392, -18.3136940002, 58.7127838135, -27.0947608948, -2.9840862751, 4.97706365585, 111.683609009, 16.3547592163, 8.02508068085], [5.26575565338, -95.9032974243, 6.3180975914, -4.84980154037, -3.01914811134, 22.0873889923, 10.1646499634, -0.960129201412, -24.08070755, -5.71755743027, 16.3547592163, 94.7969970703, -2.09031009674], [-419.230560303, 82.4257202148, -8.62320327759, 3.50090765953, 19.9023323059, -25.8952598572, 7.44881677628, -4.54658269882, 27.1220340729, -7.22462892532, 8.02508068085, -2.09031009674, 88.7788162231]], "icov": [[0.000183324038517, -0.000386977073504, 0.000290305091767, -0.000344846193912, 0.000508558179718, -0.000549507734831, 0.000561822962482, -0.0004509074206, 0.000669019529596, -0.000477702880744, 0.000861881591845, -0.00035373531864, 0.000592753058299], [-0.000386977073504, 0.00168575788848, -0.000643603270873, 0.000971629808191, -0.00105216761585, 0.00170847296249, -0.0015485403128, 0.00133679283317, -0.00164008932188, 0.00176686455961, -0.00261852541007, 0.00167307839729, -0.00163981376681], [0.000290305091767, -0.000643603270873, 0.00128663843498, -0.000604458502494, 0.000837885600049, -0.000612887670286, 0.000575949903578, -0.000392098794691, 0.00071943376679, -0.00098403042648, 0.00113631412387, -0.000724956742488, 0.00126257096417], [-0.000344846193912, 0.000971629808191, -0.000604458502494, 0.00411721644923, -0.00121247500647, 0.00150645617396, -0.000362383550964, 0.000800678040832, -0.00209836568683, 0.00164527341258, -0.0014099071268, 0.000696681672707, -0.00105017796159], [0.000508558179718, -0.00105216761585, 0.000837885600049, -0.00121247500647, 0.00487630954012, -0.00192812865134, 0.00143100426067, -0.00188990018796, 0.00103603105526, -0.00135455513373, 0.00174293806776, -0.00087510276353, 0.00103026547004], [-0.000549507734831, 0.00170847296249, -0.000612887670286, 0.00150645617396, -0.00192812865134, 0.00685111433268, -0.00220022536814, 0.00116000173148, -0.000995082198642, 0.000158385504619, -0.00210143439472, 0.000561779655982, -0.00110534683336], [0.000561822962482, -0.0015485403128, 0.000575949903578, -0.000362383550964, 0.00143100426067, -0.00220022536814, 0.00711169606075, -0.00126603164244, 0.00219275476411, 0.000579402199946, 0.000540367909707, -0.00133273215033, 0.00183393107727], [-0.0004509074206, 0.00133679283317, -0.000392098794691, 0.000800678040832, -0.00188990018796, 0.00116000173148, -0.00126603164244, 0.00886046141386, -0.00248487666249, 0.00157528754789, -0.0010451694252, 0.000959114113357, -0.00111365667544], [0.000669019529596, -0.00164008932188, 0.00071943376679, -0.00209836568683, 0.00103603105526, -0.000995082198642, 0.00219275476411, -0.00248487666249, 0.0122715020552, -0.00462803710252, 0.00377959548496, 0.00032880413346, -0.000458641967271], [-0.000477702880744, 0.00176686455961, -0.00098403042648, 0.00164527341258, -0.00135455513373, 0.000158385504619, 0.000579402199946, 0.00157528754789, -0.00462803710252, 0.0141765773296, -0.00499818567187, 0.00236605270766, -0.000599723076448], [0.000861881591845, -0.00261852541007, 0.00113631412387, -0.0014099071268, 0.00174293806776, -0.00210143439472, 0.000540367909707, -0.0010451694252, 0.00377959548496, -0.00499818567187, 0.0163110233843, -0.00447017000988, 0.00242345104925], [-0.00035373531864, 0.00167307839729, -0.000724956742488, 0.000696681672707, -0.00087510276353, 0.000561779655982, -0.00133273215033, 0.000959114113357, 0.00032880413346, 0.00236605270766, -0.00447017000988, 0.0132924504578, -0.0019915222656], [0.000592753058299, -0.00163981376681, 0.00126257096417, -0.00105017796159, 0.00103026547004, -0.00110534683336, 0.00183393107727, -0.00111365667544, -0.000458641967271, -0.000599723076448, 0.00242345104925, -0.0019915222656, 0.014810631983]], "mean": [-52.417514801, 121.249137878, -85.8432388306, 8.52394485474, -58.4704322815, 5.24184846878, -39.7511978149, 3.82412576675, -26.906042099, -2.56447339058, -20.831363678, -2.50792646408, -14.1658239365]}, "hfc": {"dmean": 4.77501630783, "dmean2": 6.62107133865, "dvar": 64.6288299561, "dvar2": 123.93913269, "max": 218.928756714, "mean": 16.2812633514, "median": 10.6570301056, "min": 1.07004037718e-16, "var": 259.621002197}, "melbands": {"dmean": [0.000212153565371, 0.000705000478774, 0.000935175514314, 0.000793947838247, 0.000279623578535, 0.000256084982539, 0.000186855337233, 0.000142279532156, 0.000197364250198, 0.000112727691885, 9.0987625299e-05, 9.03544569155e-05, 3.92696165363e-05, 5.59080363018e-05, 3.1220690289e-05, 2.74605863524e-05, 3.16772311635e-05, 2.4909619242e-05, 1.82161693374e-05, 1.16067594718e-05, 8.5613291958e-06, 5.8260179685e-06, 6.43663997835e-06, 3.97460053136e-06, 1.79645815024e-06, 1.87763976101e-06, 1.12535462904e-06, 1.10564133138e-06, 8.39844858547e-07, 5.60492082968e-07, 5.07216611823e-07, 7.09251708031e-07, 7.61917533509e-07, 6.23559628821e-07, 6.3201997591e-07, 6.31685225017e-07, 4.5070751753e-07, 4.87822148898e-07, 3.74473671627e-07, 4.05564605899e-07], "dmean2": [0.000348205678165, 0.00122390792239, 0.0015185814118, 0.00126600044314, 0.000439711293438, 0.000411322165746, 0.000301776221022, 0.00021751371969, 0.000293592194794, 0.000166107260156, 0.000128648171085, 0.000130621367134, 5.79841580475e-05, 8.30162680359e-05, 4.6866149205e-05, 4.09413951274e-05, 4.47350430477e-05, 3.62406972272e-05, 2.53404341493e-05, 1.71029168996e-05, 1.23044783322e-05, 8.84907785803e-06, 9.79247215582e-06, 6.43281236989e-06, 2.89803529085e-06, 3.06633887703e-06, 1.8034659206e-06, 1.72538955212e-06, 1.32817172016e-06, 8.82741119312e-07, 7.7394076925e-07, 1.06184575088e-06, 1.10422047328e-06, 8.89870534593e-07, 9.39389281029e-07, 9.47280454966e-07, 6.64413278173e-07, 7.12383382506e-07, 5.45687157683e-07, 6.11630014191e-07], "dvar": [3.91586155501e-07, 4.93763354825e-06, 5.4037254813e-06, 2.94890401165e-06, 1.58026992381e-07, 2.14681790567e-07, 9.93474955635e-08, 9.01125858377e-08, 2.31125383721e-07, 1.2903498714e-07, 6.19667304136e-08, 5.78680534602e-08, 1.14160059184e-08, 3.14370360854e-08, 1.3183766967e-08, 8.61210658343e-09, 1.29711326124e-08, 7.55074669456e-09, 3.7600909053e-09, 2.01801908517e-09, 1.69591574117e-09, 4.29278695924e-10, 4.13806988675e-10, 9.43762498706e-11, 1.96549738291e-11, 2.95197408184e-11, 7.01371512951e-12, 1.02855380463e-11, 5.73810226764e-12, 2.46631274431e-12, 2.02077417299e-12, 5.12240076744e-12, 7.32831764022e-12, 6.18307228334e-12, 7.63126194181e-12, 5.83296735565e-12, 8.20864123202e-12, 8.56585635756e-12, 1.96864876831e-12, 1.73677511175e-12], "dvar2": [9.68114477473e-07, 1.36875687531e-05, 1.37757897392e-05, 7.1318281698e-06, 3.80974711334e-07, 5.41649683328e-07, 2.56458577041e-07, 2.08371091048e-07, 5.16075658652e-07, 2.61020545622e-07, 1.23658935536e-07, 1.25761602021e-07, 2.27177334722e-08, 6.79705962625e-08, 3.02106499817e-08, 1.78971095721e-08, 2.43027713509e-08, 1.42396885394e-08, 6.50739062635e-09, 4.07322442442e-09, 2.76799339005e-09, 9.03809305175e-10, 8.90556794975e-10, 2.24371993207e-10, 4.88539139698e-11, 7.6429335083e-11, 1.76265772811e-11, 2.57830302247e-11, 1.47741627959e-11, 6.09687777695e-12, 4.71654356196e-12, 1.07971782556e-11, 1.387606436e-11, 1.09327685793e-11, 1.68833887843e-11, 1.26736598646e-11, 1.81445171388e-11, 1.76314379763e-11, 3.63360058188e-12, 3.58233711792e-12], "max": [0.00836554821581, 0.0265501644462, 0.0270944461226, 0.0269487146288, 0.0103376144543, 0.0101652787998, 0.00836013443768, 0.00571135152131, 0.0098859295249, 0.0134654892609, 0.00665830820799, 0.0081935338676, 0.00309195858426, 0.00517825875431, 0.00312262983061, 0.00207659066655, 0.00382256135345, 0.00304222176783, 0.00194510340225, 0.00119407824241, 0.00214766780846, 0.000762259936891, 0.000710673688445, 0.000405389233492, 0.000151803687913, 0.000234160106629, 6.94872869644e-05, 9.36147553148e-05, 0.000100808902062, 4.20852593379e-05, 3.41220402333e-05, 7.18332303222e-05, 0.000156915310072, 0.000128012368805, 0.000141509153764, 7.04572012182e-05, 0.000139008217957, 0.000200055612368, 6.91153618391e-05, 4.48382234026e-05], "mean": [0.000390278903069, 0.0015091925161, 0.00173688412178, 0.0013385793427, 0.000599644612521, 0.000486544216983, 0.000363489059964, 0.000297507736832, 0.000442037475295, 0.000229278026382, 0.000195144224563, 0.000216973974602, 7.78597677709e-05, 0.000110520923045, 5.36467923666e-05, 4.77492430946e-05, 5.50635995751e-05, 5.07540062245e-05, 3.46024935425e-05, 2.16790849663e-05, 1.63493332366e-05, 1.11540775833e-05, 1.15550974442e-05, 6.08070467933e-06, 2.67676364274e-06, 3.0283868e-06, 1.88866579265e-06, 1.75024615601e-06, 1.29604359245e-06, 8.22784954835e-07, 7.94013089944e-07, 1.07960931928e-06, 1.1575696135e-06, 9.10137657684e-07, 8.14754230305e-07, 7.81221785928e-07, 6.14206612681e-07, 6.74866214467e-07, 5.58953217933e-07, 5.76340767111e-07], "median": [0.000233917191508, 0.00121388025582, 0.00116892694496, 0.000859107589349, 0.000417618779466, 0.000274858088233, 0.000223475915845, 0.000147631188156, 0.000107413819933, 6.35736068944e-05, 5.75595913688e-05, 3.4363460145e-05, 1.81562136277e-05, 2.1107674911e-05, 7.7238855738e-06, 6.58742101223e-06, 6.84877431922e-06, 4.16518923885e-06, 4.36752088717e-06, 3.2171874409e-06, 2.61854415839e-06, 1.92562629309e-06, 1.71566307472e-06, 1.64096059052e-06, 7.49423747948e-07, 7.84837766332e-07, 6.0703246163e-07, 4.69929148039e-07, 3.57649696525e-07, 2.3141983263e-07, 1.86702521887e-07, 2.43542956468e-07, 2.60172612343e-07, 1.62538015047e-07, 1.45582390587e-07, 1.25831434161e-07, 8.84751329977e-08, 9.05067736312e-08, 8.31609554552e-08, 8.95196308193e-08], "min": [1.2102808532e-24, 8.73130774206e-25, 1.10951550825e-24, 1.60800726528e-24, 1.70470080605e-24, 1.5908121683e-24, 2.01263759078e-24, 1.60859476944e-24, 1.55265378303e-24, 2.02111883159e-24, 2.8037041511e-24, 2.17052908704e-24, 3.57416073418e-24, 4.03050296279e-24, 2.39320795451e-24, 3.33746301957e-24, 2.42045323802e-24, 2.81556428038e-24, 3.44512833364e-24, 3.27675386203e-24, 1.84246767175e-24, 4.340502816e-24, 3.22400845254e-24, 4.80824526798e-24, 4.49359626302e-24, 4.59320375737e-24, 3.37068865761e-24, 4.10999489849e-24, 4.67838022475e-24, 5.34859566096e-24, 4.84806933306e-24, 4.4935765415e-24, 3.86925190515e-24, 4.39626423795e-24, 5.87828972641e-24, 6.52754946711e-24, 6.24905001313e-24, 5.92363187352e-24, 5.5833598775e-24, 6.10849629906e-24], "var": [3.81966600571e-07, 3.73805028175e-06, 5.60174703423e-06, 3.49571951119e-06, 3.88015763519e-07, 4.55668640598e-07, 2.09773304505e-07, 1.98657119199e-07, 7.70390613525e-07, 3.95097004002e-07, 1.88024571912e-07, 3.12115929546e-07, 4.0555573122e-08, 8.62645066491e-08, 2.75440950048e-08, 2.16906261841e-08, 4.44360352958e-08, 2.44117934756e-08, 1.19100640461e-08, 4.98984764619e-09, 6.0597251661e-09, 1.38040190389e-09, 1.2802648941e-09, 2.02467070887e-10, 3.48871348477e-11, 5.56320128853e-11, 1.39625177739e-11, 1.60655395237e-11, 7.53152661764e-12, 3.26564946959e-12, 3.36698572669e-12, 9.43700499689e-12, 1.36034248102e-11, 1.22486101123e-11, 1.15668334286e-11, 8.84450759159e-12, 1.28153633538e-11, 1.53993016255e-11, 4.69792477489e-12, 3.59046191216e-12]}, "melbands_crest": {"dmean": 2.35442590714, "dmean2": 3.83692765236, "dvar": 5.6296043396, "dvar2": 15.0638895035, "max": 32.8424377441, "mean": 12.2251472473, "median": 11.6729202271, "min": 1.55621385574, "var": 16.4716854095}, "melbands_flatness_db": {"dmean": 0.0253154858947, "dmean2": 0.0372513644397, "dvar": 0.000888108683284, "dvar2": 0.00189766823314, "max": 0.652472555637, "mean": 0.271375030279, "median": 0.251182258129, "min": 0.00318800588138, "var": 0.00974440854043}, "melbands_kurtosis": {"dmean": 5.51564025879, "dmean2": 8.60112285614, "dvar": 100.179901123, "dvar2": 237.993362427, "max": 233.167816162, "mean": 10.1433134079, "median": 5.48379421234, "min": -1.65706682205, "var": 201.20892334}, "melbands_skewness": {"dmean": 0.602291285992, "dmean2": 0.903934955597, "dvar": 0.520559072495, "dvar2": 1.14480280876, "max": 12.4984130859, "mean": 2.01446819305, "median": 1.7824665308, "min": -1.02228236198, "var": 1.87280261517}, "melbands_spread": {"dmean": 3.59689593315, "dmean2": 5.47886419296, "dvar": 30.3864650726, "dvar2": 67.7465667725, "max": 159.695480347, "mean": 15.5923757553, "median": 11.7145204544, "min": 0.49365529418, "var": 293.651000977}, "mfcc": {"cov": [[12789.0224609, -759.524902344, -1480.09545898, -397.262115479, 227.850036621, 84.6914901733, -130.078262329, 109.318412781, 153.275146484, 31.0378627777, 69.3403778076, -182.192398071, -94.8051986694], [-759.524902344, 2056.08837891, 398.448272705, 167.718887329, -122.317733765, -48.7672958374, 91.419708252, 9.87506198883, -43.655796051, -3.32264876366, -20.5221042633, 31.2441635132, 29.2804031372], [-1480.09545898, 398.448272705, 1074.40820312, 121.203964233, -69.6673431396, 19.6781730652, 6.25446939468, -26.5953216553, -60.0832481384, 6.23553466797, -13.3867168427, 24.715297699, 6.25692796707], [-397.262115479, 167.718887329, 121.203964233, 343.785705566, 36.9574203491, -35.0577583313, -34.3916664124, 1.96907901764, 10.5865545273, -0.154352724552, -33.8565979004, 28.0806446075, 10.7270097733], [227.850036621, -122.317733765, -69.6673431396, 36.9574203491, 310.206268311, 9.24817848206, -51.6936988831, -33.8250656128, 56.6004104614, 13.0232782364, 15.9895629883, 9.84027099609, 9.4223613739], [84.6914901733, -48.7672958374, 19.6781730652, -35.0577583313, 9.24817848206, 169.429855347, 28.9906520844, 2.83322143555, -15.0857925415, -3.37111353874, 22.9325714111, -6.70548152924, -10.5600852966], [-130.078262329, 91.419708252, 6.25446939468, -34.3916664124, -51.6936988831, 28.9906520844, 179.737442017, 53.0209236145, -35.099773407, -14.9435405731, 9.64842128754, -1.63637208939, 2.7563457489], [109.318412781, 9.87506198883, -26.5953216553, 1.96907901764, -33.8250656128, 2.83322143555, 53.0209236145, 140.636856079, 1.52855885029, -21.1587848663, -3.37275052071, -4.68962335587, 3.41826653481], [153.275146484, -43.655796051, -60.0832481384, 10.5865545273, 56.6004104614, -15.0857925415, -35.099773407, 1.52855885029, 127.092895508, 29.1331710815, -10.1716032028, -7.21537017822, 5.67719984055], [31.0378627777, -3.32264876366, 6.23553466797, -0.154352724552, 13.0232782364, -3.37111353874, -14.9435405731, -21.1587848663, 29.1331710815, 103.497642517, 13.4385986328, -20.6554679871, -8.25047588348], [69.3403778076, -20.5221042633, -13.3867168427, -33.8565979004, 15.9895629883, 22.9325714111, 9.64842128754, -3.37275052071, -10.1716032028, 13.4385986328, 96.4136428833, 18.9891986847, -17.9800205231], [-182.192398071, 31.2441635132, 24.715297699, 28.0806446075, 9.84027099609, -6.70548152924, -1.63637208939, -4.68962335587, -7.21537017822, -20.6554679871, 18.9891986847, 107.702568054, 28.0598888397], [-94.8051986694, 29.2804031372, 6.25692796707, 10.7270097733, 9.4223613739, -10.5600852966, 2.7563457489, 3.41826653481, 5.67719984055, -8.25047588348, -17.9800205231, 28.0598888397, 90.1750183105]], "icov": [[9.98351097223e-05, -4.04430056733e-06, 0.000120948709082, 7.14080088073e-05, -4.66459896415e-05, -5.35601320735e-05, 0.00010759390716, -0.000104160353658, -2.39794553636e-05, -5.87331996371e-08, -4.14057285525e-05, 0.000115412811283, 4.59844377474e-05], [-4.04430056733e-06, 0.000570836884435, -0.00017502294213, -0.000253751350101, 0.000177213398274, 0.000175355671672, -0.000342020037351, 9.87742751022e-05, -7.10285075911e-06, -2.71740664175e-05, -3.79311240977e-05, -3.55714073521e-05, -0.000137081340654], [0.000120948709082, -0.00017502294213, 0.00123000505846, -0.000237076659687, 0.000128862331621, -0.000326011213474, 0.000212075465242, 7.2675429692e-05, 0.000412562803831, -0.000229148863582, 9.24215855775e-05, -3.60398698831e-05, 4.8669091484e-05], [7.14080088073e-05, -0.000253751350101, -0.000237076659687, 0.00358517328277, -0.000641954306047, 0.000383665086702, 0.00070653820876, -0.000619378464762, 5.2721996326e-05, -0.000305597815895, 0.00137291790452, -0.00102706707548, 0.000423385703471], [-4.66459896415e-05, 0.000177213398274, 0.000128862331621, -0.000641954306047, 0.00397284235805, -0.000424531550379, 0.000473835563753, 0.000888823764399, -0.00158622383606, 0.000267030292889, -0.00101976911537, -5.09650235472e-05, -0.000615348806605], [-5.35601320735e-05, 0.000175355671672, -0.000326011213474, 0.000383665086702, -0.000424531550379, 0.00655854213983, -0.00109004031401, 0.000166846919456, 0.00043777844985, 0.000351650582161, -0.00125752622262, 0.000512061698828, 0.000297668128042], [0.00010759390716, -0.000342020037351, 0.000212075465242, 0.00070653820876, 0.000473835563753, -0.00109004031401, 0.00737945130095, -0.00268242298625, 0.00151353003457, 1.81824543688e-05, -0.00049714645138, 0.000240523513639, -0.000443227560027], [-0.000104160353658, 9.87742751022e-05, 7.2675429692e-05, -0.000619378464762, 0.000888823764399, 0.000166846919456, -0.00268242298625, 0.00874438416213, -0.00137179426383, 0.00184592592996, -0.000326153851347, 0.000633670657407, -0.000402715260861], [-2.39794553636e-05, -7.10285075911e-06, 0.000412562803831, 5.2721996326e-05, -0.00158622383606, 0.00043777844985, 0.00151353003457, -0.00137179426383, 0.0100845405832, -0.00293589383364, 0.00145081570372, -4.09967251471e-05, -0.000436533795437], [-5.87331996371e-08, -2.71740664175e-05, -0.000229148863582, -0.000305597815895, 0.000267030292889, 0.000351650582161, 1.81824543688e-05, 0.00184592592996, -0.00293589383364, 0.0117610534653, -0.0027389919851, 0.00279976218008, -0.000152667184011], [-4.14057285525e-05, -3.79311240977e-05, 9.24215855775e-05, 0.00137291790452, -0.00101976911537, -0.00125752622262, -0.00049714645138, -0.000326153851347, 0.00145081570372, -0.0027389919851, 0.0133726708591, -0.00411428231746, 0.00339058949612], [0.000115412811283, -3.55714073521e-05, -3.60398698831e-05, -0.00102706707548, -5.09650235472e-05, 0.000512061698828, 0.000240523513639, 0.000633670657407, -4.09967251471e-05, 0.00279976218008, -0.00411428231746, 0.0121491141617, -0.00405057659373], [4.59844377474e-05, -0.000137081340654, 4.8669091484e-05, 0.000423385703471, -0.000615348806605, 0.000297668128042, -0.000443227560027, -0.000402715260861, -0.000436533795437, -0.000152667184011, 0.00339058949612, -0.00405057659373, 0.0132066197693]], "mean": [-700.653137207, 161.520401001, 22.2996292114, 12.9649562836, 1.63959419727, -1.25809776783, -4.39287424088, 0.084772258997, -2.66803312302, -2.74170660973, -2.80291056633, -5.93501663208, -2.80522108078]}, "pitch_salience": {"dmean": 0.0594427660108, "dmean2": 0.0962577015162, "dvar": 0.00335451751016, "dvar2": 0.0088448850438, "max": 0.886938810349, "mean": 0.578487336636, "median": 0.582776665688, "min": 0.184750199318, "var": 0.0105371754616}, "silence_rate_20dB": {"dmean": 0, "dmean2": 0, "dvar": 0, "dvar2": 0, "max": 1, "mean": 1, "median": 1, "min": 1, "var": 0}, "silence_rate_30dB": {"dmean": 0.00527067109942, "dmean2": 0.0105424998328, "dvar": 0.0052427588962, "dvar2": 0.0154830161482, "max": 1, "mean": 0.997255146503, "median": 1, "min": 0, "var": 0.00273737986572}, "silence_rate_60dB": {"dmean": 0.0103217307478, "dmean2": 0.0206457283348, "dvar": 0.0102154389024, "dvar2": 0.0226364172995, "max": 1, "mean": 0.0576416328549, "median": 0, "min": 0, "var": 0.0543183535337}, "spectral_centroid": {"dmean": 131.65020752, "dmean2": 200.378082275, "dvar": 45254.6367188, "dvar2": 92786.0625, "max": 11836.9257812, "mean": 842.354553223, "median": 647.307006836, "min": 179.348129272, "var": 1500950.25}, "spectral_complexity": {"dmean": 2.15197110176, "dmean2": 3.37974953651, "dvar": 7.62662124634, "dvar2": 16.971912384, "max": 45, "mean": 12.7763500214, "median": 12, "min": 0, "var": 37.4673538208}, "spectral_contrast_coeffs": {"dmean": [0.0445055179298, 0.0420862436295, 0.0399827696383, 0.0341530181468, 0.0260198619217, 0.0204686895013], "dmean2": [0.072045750916, 0.0691701099277, 0.0619626604021, 0.0525498725474, 0.0395585037768, 0.0317144729197], "dvar": [0.00164357852191, 0.00136901112273, 0.00127096462529, 0.000976453884505, 0.000586948823184, 0.000441915995907], "dvar2": [0.00409716926515, 0.00362680992112, 0.00280650123022, 0.0020962941926, 0.00127316371072, 0.000974983500782], "max": [-0.249869331717, -0.359019756317, -0.404577702284, -0.454312264919, -0.556775510311, -0.6418582201], "mean": [-0.585368692875, -0.713553965092, -0.718204855919, -0.749491214752, -0.779660463333, -0.801724076271], "median": [-0.583695054054, -0.713219463825, -0.726539313793, -0.760896921158, -0.780021190643, -0.801627337933], "min": [-0.978747487068, -0.978917956352, -0.973160326481, -0.974541068077, -0.967323541641, -0.964864611626], "var": [0.00731515185907, 0.00548126269132, 0.00796875357628, 0.00703777465969, 0.00402530096471, 0.00203661620617]}, "spectral_contrast_valleys": {"dmean": [0.368870735168, 0.329366505146, 0.36421212554, 0.369906067848, 0.374195724726, 0.408000797033], "dmean2": [0.580904304981, 0.524154245853, 0.562667071819, 0.55668091774, 0.545327365398, 0.528809666634], "dvar": [0.166347190738, 0.123131372035, 0.153756469488, 0.186842381954, 0.226030930877, 0.21876937151], "dvar2": [0.316532641649, 0.24492739141, 0.299838006496, 0.362355083227, 0.451468735933, 0.372101306915], "max": [-5.35887145996, -4.52224779129, -5.14903259277, -5.80299520493, -6.01849222183, -7.33387565613], "mean": [-7.56128120422, -6.85116386414, -8.02417564392, -8.91837310791, -9.05165958405, -11.1271820068], "median": [-7.10220336914, -6.43760299683, -7.62273406982, -8.47219085693, -8.65950775146, -10.739397049], "min": [-28.1605892181, -28.2201576233, -27.8770771027, -27.7397499084, -27.4929580688, -27.3818016052], "var": [6.21557712555, 6.40665960312, 6.01423883438, 5.80244922638, 5.83552122116, 5.08659219742]}, "spectral_decrease": {"dmean": 2.2058765925e-09, "dmean2": 3.34646133027e-09, "dvar": 1.4215887957e-17, "dvar2": 3.34122800131e-17, "max": 3.2020870902e-16, "mean": -7.07127689736e-09, "median": -5.96935212371e-09, "min": -4.54430484353e-08, "var": 2.73521000739e-17}, "spectral_energy": {"dmean": 0.00867906399071, "dmean2": 0.0130981821567, "dvar": 0.000216310188989, "dvar2": 0.000504491676111, "max": 0.176505789161, "mean": 0.0281653087586, "median": 0.0237045809627, "min": 9.79549785545e-21, "var": 0.000435709400335}, "spectral_energyband_high": {"dmean": 0.000204263458727, "dmean2": 0.000280093838228, "dvar": 3.63059456276e-07, "dvar2": 6.76013712564e-07, "max": 0.0253374259919, "mean": 0.000329210830387, "median": 9.35140269576e-05, "min": 6.82196611467e-21, "var": 7.93596655058e-07}, "spectral_energyband_low": {"dmean": 0.00314560974948, "dmean2": 0.00524197891355, "dvar": 7.75340740802e-05, "dvar2": 0.000206766839256, "max": 0.109331399202, "mean": 0.00731279049069, "median": 0.00620657298714, "min": 1.31997791797e-23, "var": 6.84628175804e-05}, "spectral_energyband_middle_high": {"dmean": 0.00153637956828, "dmean2": 0.00219215755351, "dvar": 7.83227005741e-06, "dvar2": 1.5707935745e-05, "max": 0.0584427192807, "mean": 0.00504842028022, "median": 0.00193454907276, "min": 1.06205113598e-21, "var": 5.22186346643e-05}, "spectral_energyband_middle_low": {"dmean": 0.00630979798734, "dmean2": 0.00969491805881, "dvar": 0.000127949257148, "dvar2": 0.000299441133393, "max": 0.164408564568, "mean": 0.0171028785408, "median": 0.0138029819354, "min": 1.60681664146e-22, "var": 0.00021992996335}, "spectral_entropy": {"dmean": 0.226167693734, "dmean2": 0.330388218164, "dvar": 0.074369199574, "dvar2": 0.152983948588, "max": 9.83209228516, "mean": 6.84117841721, "median": 6.89710617065, "min": 4.00843667984, "var": 0.607049942017}, "spectral_flux": {"dmean": 0.025493837893, "dmean2": 0.0384171716869, "dvar": 0.00108030904084, "dvar2": 0.0023229024373, "max": 0.341288179159, "mean": 0.0711341202259, "median": 0.0601189024746, "min": 6.32377969434e-11, "var": 0.0025530285202}, "spectral_kurtosis": {"dmean": 4.75616788864, "dmean2": 7.40083360672, "dvar": 71.239440918, "dvar2": 157.115982056, "max": 156.048950195, "mean": 14.3150339127, "median": 8.1988697052, "min": -1.25502848625, "var": 392.035064697}, "spectral_rms": {"dmean": 0.000721032381989, "dmean2": 0.00105102686211, "dvar": 1.0190744888e-06, "dvar2": 2.20649576477e-06, "max": 0.0131225287914, "mean": 0.00485759275034, "median": 0.00480899354443, "min": 3.09137242714e-12, "var": 3.88218586522e-06}, "spectral_rolloff": {"dmean": 222.539321899, "dmean2": 372.464202881, "dvar": 408430.9375, "dvar2": 892156.0625, "max": 19918.2128906, "mean": 1143.03833008, "median": 645.99609375, "min": 150.732421875, "var": 5598008}, "spectral_skewness": {"dmean": 0.421942323446, "dmean2": 0.649272024632, "dvar": 0.333254367113, "dvar2": 0.707526266575, "max": 10.920797348, "mean": 2.76816177368, "median": 2.39826917648, "min": -0.0705170854926, "var": 2.30132627487}, "spectral_spread": {"dmean": 811712.8125, "dmean2": 1157285.625, "dvar": 1101807484930.0, "dvar2": 2130231427070.0, "max": 42525436, "mean": 4566503, "median": 