{"lowlevel": {"average_loudness": 0.679470181465, "barkbands": {"dmean": [0.000753156491555, 0.00477892719209, 0.00172161171213, 0.000766465323977, 0.00135684316047, 0.000462954863906, 0.000673931848723, 0.000585340836551, 0.000443145778263, 0.000495001906529, 0.000126939470647, 0.000134549569339, 0.000191510887817, 0.00011244986672, 0.000165210483829, 0.000163069664268, 0.000194984371774, 0.000152611901285, 0.000122937097331, 0.000143244033097, 0.000165233359439, 0.000168250277056, 0.000121749239042, 8.3698600065e-05, 5.53014469915e-05, 5.59277614229e-05, 3.04058557958e-05], "dmean2": [0.00122929294594, 0.00762403104454, 0.00294589321129, 0.00127689691726, 0.00234389188699, 0.000663813145366, 0.000845446891617, 0.000803863047622, 0.000618823571131, 0.000712567707524, 0.00018197594909, 0.000205470860237, 0.000287942559225, 0.000179979862878, 0.000259028485743, 0.000243241564021, 0.00029591229395, 0.00022714487568, 0.000193076062715, 0.000221454989514, 0.000248865922913, 0.000258440064499, 0.000179388909601, 0.000120081051136, 7.39161259844e-05, 8.58059211168e-05, 4.78498768643e-05], "dvar": [5.62161949347e-06, 0.000204411757295, 3.33692478307e-05, 8.97240988706e-06, 3.67595603166e-05, 1.17527702059e-06, 2.41197835749e-06, 1.83154884326e-06, 9.28453289362e-07, 1.40396696224e-06, 1.09293665673e-07, 8.07279221249e-08, 2.01397355681e-07, 4.87538720506e-08, 9.97363329702e-08, 1.23652057482e-07, 1.65533393215e-07, 1.25553995645e-07, 1.74426133981e-07, 2.04821631655e-07, 2.82444602817e-07, 5.44070928754e-07, 1.7481434611e-07, 8.47618224498e-08, 3.66224988113e-08, 5.16726679223e-08, 1.60836162166e-08], "dvar2": [1.34010360853e-05, 0.000513523700647, 9.4088842161e-05, 2.16660137085e-05, 0.000100675475551, 2.842907179e-06, 3.95636743633e-06, 3.54105804945e-06, 1.89254615179e-06, 3.34136143465e-06, 2.10217592667e-07, 1.74412292608e-07, 4.47312032748e-07, 1.19632602491e-07, 2.3344591682e-07, 2.48990090768e-07, 3.53597556568e-07, 2.86285427364e-07, 4.59969470512e-07, 5.16977479492e-07, 6.2296521719e-07, 1.26421480218e-06, 3.58299331538e-07, 1.60536444582e-07, 5.94734430592e-08, 1.25894317193e-07, 4.04898550244e-08], "max": [0.0379212610424, 0.222874403, 0.111260481179, 0.0945290848613, 0.13542868197, 0.0249182879925, 0.0671582743526, 0.0449839048088, 0.0349048487842, 0.0309422295541, 0.0130754886195, 0.00926062092185, 0.0109684057534, 0.00456552347168, 0.00530100893229, 0.00616296008229, 0.00701727997512, 0.00814171973616, 0.0127376681194, 0.0118380635977, 0.0134674496949, 0.019452098757, 0.0111850183457, 0.0119481785223, 0.0109385922551, 0.00730097200722, 0.00346178258769], "mean": [0.00095664919354, 0.00999721325934, 0.00300397817045, 0.00107693090104, 0.00179446663242, 0.00126969721168, 0.00238682259806, 0.00145221443381, 0.00118425325491, 0.00121514755301, 0.000246075884206, 0.000265522307018, 0.000419940333813, 0.000218986300752, 0.000328967144014, 0.000348892237525, 0.000453441723948, 0.000391590234358, 0.000266314484179, 0.000319544022204, 0.000389604014345, 0.00031847457285, 0.000262654619291, 0.000183437849046, 0.000117710216728, 7.84706135164e-05, 3.48471185134e-05], "median": [0.000210523809073, 0.00739871151745, 0.00186109286733, 0.000312494346872, 0.000704779289663, 0.000472448184155, 0.000596518279053, 0.000351917464286, 0.000313772063237, 0.000264255388174, 4.4051266741e-05, 9.16039207368e-05, 0.000122107972857, 9.01663879631e-05, 0.00011212053505, 8.06939206086e-05, 0.000107541323814, 0.000126417609863, 0.000117546791444, 0.000120820841403, 0.000135931186378, 6.58527424093e-05, 7.22945624148e-05, 3.90641289414e-05, 1.4228746295e-05, 5.30837178303e-06, 1.26405075207e-06], "min": [4.07285064321e-26, 2.53376778224e-24, 1.79594617759e-24, 2.05857098914e-24, 7.34175962866e-24, 6.88268360259e-24, 9.46310757699e-24, 1.06862916308e-23, 1.81663496202e-23, 1.89653584321e-23, 1.39400778076e-23, 1.99969597265e-23, 3.01822095088e-23, 3.64911277537e-23, 5.29518780553e-23, 6.60945847262e-23, 7.26976408037e-23, 8.99383347268e-23, 1.34469002712e-22, 1.7205327711e-22, 2.37029048814e-22, 3.70185008326e-22, 3.61261110844e-22, 6.12445908881e-22, 8.68088591448e-22, 1.35695869484e-21, 1.96953299241e-21], "var": [5.86118403589e-06, 0.000203768184292, 2.76663249679e-05, 1.04610817289e-05, 3.00767933368e-05, 4.8050865189e-06, 2.84296438622e-05, 8.28176234791e-06, 5.07547702e-06, 6.36639970253e-06, 3.27585411242e-07, 2.42365246095e-07, 7.4951356055e-07, 1.20659564118e-07, 2.74348394669e-07, 4.46734418347e-07, 6.28460384178e-07, 4.54024359442e-07, 2.14446728819e-07, 3.30911916535e-07, 6.47700858281e-07, 1.10449695967e-06, 4.64168721237e-07, 2.75720623222e-07, 1.67754208746e-07, 9.55729930752e-08, 2.16866329339e-08]}, "barkbands_crest": {"dmean": 1.8790345192, "dmean2": 2.92231822014, "dvar": 4.47471809387, "dvar2": 11.3064842224, "max": 25.5832214355, "mean": 11.1578359604, "median": 10.4028530121, "min": 2.39298892021, "var": 20.456029892}, "barkbands_flatness_db": {"dmean": 0.0171637553722, "dmean2": 0.0249834917486, "dvar": 0.000409096624935, "dvar2": 0.000856369268149, "max": 0.439737319946, "mean": 0.135487824678, "median": 0.122901409864, "min": 0.0181129891425, "var": 0.00404307153076}, "barkbands_kurtosis": {"dmean": 3.10420227051, "dmean2": 4.78172874451, "dvar": 108.842185974, "dvar2": 262.621002197, "max": 634.656677246, "mean": 6.08323431015, "median": 1.75690960884, "min": -1.83106684685, "var": 251.227340698}, "barkbands_skewness": {"dmean": 0.45606815815, "dmean2": 0.675677061081, "dvar": 0.437980890274, "dvar2": 0.96316832304, "max": 20.7760105133, "mean": 1.75611770153, "median": 1.41461730003, "min": -2.37784385681, "var": 2.12692475319}, "barkbands_spread": {"dmean": 5.02510213852, "dmean2": 7.42556858063, "dvar": 48.3824920654, "dvar2": 105.884910583, "max": 126.043251038, "mean": 26.2432498932, "median": 24.4684295654, "min": 0.462990134954, "var": 279.8074646}, "dissonance": {"dmean": 0.0179010536522, "dmean2": 0.0296972934157, "dvar": 0.000303350389004, "dvar2": 0.000794350227807, "max": 0.499999940395, "mean": 0.450727105141, "median": 0.459312021732, "min": 0.190551444888, "var": 0.00132665876299}, "dynamic_complexity": 4.35006141663, "erbbands": {"dmean": [0.174724698067, 1.00601279736, 2.12201142311, 2.08488559723, 4.13175821304, 4.69619894028, 2.80499362946, 3.93599581718, 8.49791622162, 9.43168926239, 14.7085790634, 10.4091787338, 10.4736022949, 15.7009248734, 4.88056945801, 6.04374647141, 9.37215614319, 5.79941654205, 6.99105834961, 8.05859565735, 9.03652191162, 8.58141040802, 7.60566282272, 6.38249826431, 6.13306903839, 6.96243333817, 7.00547885895, 6.09945631027, 5.79179620743, 4.92956972122, 3.35005378723, 2.07153964043, 1.30196380615, 0.664689183235, 0.401382416487, 0.25293520093, 0.0978856086731, 0.0298568680882, 0.00516574224457, 0.000287926930469], "dmean2": [0.283908098936, 1.64640772343, 3.60078716278, 3.51283192635, 6.96973657608, 8.31236457825, 4.39658164978, 5.53167200089, 10.9937610626, 12.2257862091, 20.015329361, 14.3029069901, 14.7833070755, 22.3648166656, 7.09683036804, 9.21273612976, 13.9391336441, 9.17963981628, 10.9309530258, 12.4400205612, 13.2542552948, 12.6031837463, 11.2499790192, 9.74090671539, 9.7684469223, 10.5248203278, 10.6169719696, 9.25874900818, 8.98631286621, 7.48584794998, 4.97425937653, 3.05635142326, 1.84548473358, 0.899890482426, 0.553126990795, 0.389839559793, 0.149490341544, 0.0461590364575, 0.0082245292142, 0.000454215914942], "dvar": [0.292815864086, 9.94315242767, 49.3475456238, 50.1102981567, 236.286743164, 515.150024414, 66.9310455322, 92.024848938, 373.890411377, 801.041931152, 1202.99291992, 532.350402832, 546.498596191, 1942.09631348, 108.081634521, 160.081542969, 519.65423584, 123.121887207, 223.457015991, 300.376159668, 343.069030762, 370.062835693, 297.48815918, 284.644683838, 598.299438477, 427.618133545, 444.018859863, 581.598205566, 677.976318359, 436.294921875, 121.858314514, 47.8956298828, 27.1604099274, 5.82367992401, 1.90358626842, 1.07885527611, 0.15217487514, 0.0128922155127, 0.00053155166097, 1.70778184838e-06], "dvar2": [0.691606223583, 27.3234615326, 138.446456909, 124.402580261, 619.068237305, 1436.54992676, 178.701171875, 216.55657959, 642.795349121, 1299.24084473, 2321.80688477, 1053.32531738, 1193.11706543, 4413.97509766, 235.651916504, 357.055511475, 1120.25146484, 294.615631104, 534.234558105, 699.642333984, 708.482971191, 778.149841309, 656.301025391, 712.218200684, 1640.39746094, 1046.69042969, 1054.94335938, 1261.21887207, 1577.70495605, 949.316589355, 255.461669922, 100.39465332, 51.75989151, 9.70104408264, 3.49676990509, 2.68210983276, 0.363044589758, 0.0303846579045, 0.0013676462695, 4.33430068369e-06], "max": [8.17166423798, 50.1054191589, 108.213790894, 170.736434937, 386.981964111, 542.26385498, 185.362686157, 242.250686646, 988.318847656, 1486.1496582, 1204.99047852, 909.698608398, 565.479125977, 1118.69665527, 340.787506104, 449.574768066, 596.980773926, 266.133728027, 306.558898926, 323.913635254, 369.335388184, 423.473968506, 393.022125244, 433.593475342, 652.320495605, 563.224731445, 528.12878418, 690.394836426, 669.659484863, 508.862426758, 321.596191406, 225.016204834, 241.072250366, 125.110046387, 74.3047790527, 38.9190216064, 15.7965049744, 4.22182607651, 0.543249487877, 0.0461460649967], "mean": [0.338461875916, 2.0054461956, 3.95871925354, 3.33671808243, 5.35969257355, 5.8213968277, 5.959836483, 11.5633640289, 30.6835136414, 30.3018341064, 36.5475540161, 29.3079528809, 26.6890411377, 39.3298568726, 11.4307003021, 12.938041687, 20.9536838531, 12.9019241333, 14.5589265823, 18.1216335297, 23.3735942841, 22.0720424652, 21.1035766602, 16.1089000702, 13.2180156708, 16.6136131287, 17.1334266663, 13.3497533798, 11.1962356567, 9.39453601837, 7.30949258804, 4.47302532196, 2.79577684402, 1.47036850452, 0.764928877354, 0.357903897762, 0.137422114611, 0.0394352227449, 0.00579622108489, 0.000338954530889], "median": [0.186412572861, 1.4805161953, 2.69817447662, 1.59590387344, 1.89691185951, 2.10146594048, 2.68387055397, 3.99032449722, 8.0616607666, 7.58459806442, 11.5711603165, 10.3580226898, 7.86590576172, 8.90019226074, 4.53569412231, 5.73877334595, 6.81466293335, 5.95207977295, 6.22367095947, 6.42376708984, 6.75994300842, 6.47994565964, 8.04986190796, 8.12240695953, 6.50047969818, 6.78175401688, 6.71003341675, 3.91462635994, 2.39004230499, 1.99941527843, 2.10155630112, 1.22469472885, 0.42550188303, 0.189022108912, 0.0873438492417, 0.0301653277129, 0.00839119870216, 0.00198570196517, 0.00022517380421, 4.34578541899e-05], "min": [9.59346494832e-23, 9.22032440003e-22, 2.06635694688e-21, 1.06509972871e-20, 1.19579119588e-20, 1.75503928385e-20, 4.45147925192e-20, 6.45983145082e-20, 8.84388746835e-20, 1.45859639619e-19, 2.82517799652e-19, 4.92343122169e-19, 5.27084190909e-19, 1.04386398613e-18, 1.0835063068e-18, 1.01845920157e-18, 1.86802962875e-18, 2.33047880547e-18, 2.57108165743e-18, 2.2982309625e-18, 4.53424015855e-18, 5.27824900128e-18, 5.49169096423e-18, 6.45023323473e-18, 6.48912602636e-18, 8.62190287517e-18, 9.77597203091e-18, 9.64425758043e-18, 1.17906316242e-17, 1.04984381954e-17, 1.03247418473e-17, 1.12244554462e-17, 1.04287043882e-17, 8.35518344973e-18, 5.77577249713e-18, 4.44650152456e-18, 2.44501974566e-18, 1.06739003673e-18, 2.64643563988e-19, 2.87441611635e-20], "var": [0.316020101309, 8.38431835175, 40.1325759888, 58.0293388367, 235.422729492, 383.789825439, 100.864501953, 474.908782959, 4928.39599609, 6300.29345703, 4874.17675781, 3147.91162109, 2120.36230469, 9315.42871094, 352.03012085, 479.502593994, 1794.15307617, 391.461517334, 586.129272461, 936.34967041, 1712.93688965, 1414.55187988, 1173.20605469, 549.076477051, 620.933532715, 821.62121582, 958.152404785, 1259.10412598, 1358.87341309, 961.749572754, 320.063323975, 122.045936584, 87.5984420776, 26.1922035217, 7.12785816193, 1.78503096104, 0.308811992407, 0.0266777686775, 0.000630851718597, 2.00462250177e-06]}, "erbbands_crest": {"dmean": 2.03324699402, "dmean2": 3.02846074104, "dvar": 4.14616012573, "dvar2": 9.00471019745, "max": 31.8599643707, "mean": 9.56072711945, "median": 8.5633354187, "min": 2.257376194, "var": 20.7175807953}, "erbbands_flatness_db": {"dmean": 0.0146969342604, "dmean2": 0.0196610931307, "dvar": 0.000288384442683, "dvar2": 0.000496332417242, "max": 0.367781162262, "mean": 0.140172168612, "median": 0.137729808688, "min": 0.0302757099271, "var": 0.001975891646}, "erbbands_kurtosis": {"dmean": 0.656727552414, "dmean2": 0.964049220085, "dvar": 1.49769735336, "dvar2": 3.09795951843, "max": 40.8531684875, "mean": 0.37335652113, "median": -0.321072012186, "min": -1.772772789, "var": 5.87946748734}, "erbbands_skewness": {"dmean": 0.263325035572, "dmean2": 0.383796483278, "dvar": 0.0742382705212, "dvar2": 0.159183606505, "max": 5.560546875, "mean": 0.376693487167, "median": 0.326180011034, "min": -2.23856329918, "var": 0.556259572506}, "erbbands_spread": {"dmean": 6.58147144318, "dmean2": 9.74381637573, "dvar": 74.2649612427, "dvar2": 163.871963501, "max": 139.039154053, "mean": 41.8552055359, "median": 40.1204071045, "min": 2.25865960121, "var": 299.123931885}, "gfcc": {"cov": [[18680.1171875, -292.288818359, -1013.72595215, 808.271850586, -424.654815674, 286.466491699, -93.8560028076, 279.792694092, 31.2791938782, 90.1595153809, -187.97795105, -57.1970329285, -113.922729492], [-292.288818359, 1687.86242676, -56.5023345947, 25.5045166016, 142.919906616, 61.9999961853, 154.763702393, -48.3427276611, 56.4311141968, -34.9509391785, 131.177307129, -37.7490272522, 76.92918396], [-1013.72595215, -56.5023345947, 990.823181152, -197.100631714, 222.135620117, 113.793395996, 60.8720436096, -8.29821109772, -50.7143669128, 79.3272323608, -13.0357027054, 46.8308563232, -18.5439853668], [808.271850586, 25.5045166016, -197.100631714, 474.933837891, 73.8621292114, 105.231521606, 69.5285339355, 37.0749588013, 63.3373336792, -34.4469032288, -3.1439909935, -76.6257019043, -17.13032341], [-424.654815674, 142.919906616, 222.135620117, 73.8621292114, 325.629272461, 118.710533142, 98.2491912842, 26.6168994904, 5.73338127136, 22.8609600067, -10.6611366272, -24.6463794708, -6.5979475975], [286.466491699, 61.9999961853, 113.793395996, 105.231521606, 118.710533142, 208.010162354, 82.4283599854, 20.6302680969, 8.25205993652, 14.2791347504, -0.795168757439, -17.389333725, 5.45328569412], [-93.8560028076, 154.763702393, 60.8720436096, 69.5285339355, 98.2491912842, 82.4283599854, 162.505691528, 40.8032455444, 39.4438438416, 6.2725186348, 5.41181516647, 1.98306488991, 19.5945701599], [279.792694092, -48.3427276611, -8.29821109772, 37.0749588013, 26.6168994904, 20.6302680969, 40.8032455444, 133.380767822, 58.554901123, 27.0192337036, -7.04308700562, -7.29225254059, -3.63603186607], [31.2791938782, 56.4311141968, -50.7143669128, 63.3373336792, 5.73338127136, 8.25205993652, 39.4438438416, 58.554901123, 124.444869995, 36.8103790283, 32.4984512329, -7.37065601349, -8.35739707947], [90.1595153809, -34.9509391785, 79.3272323608, -34.4469032288, 22.8609600067, 14.2791347504, 6.2725186348, 27.0192337036, 36.8103790283, 103.059333801, 34.2308120728, 18.9161777496, -1.8889824152], [-187.97795105, 131.177307129, -13.0357027054, -3.1439909935, -10.6611366272, -0.795168757439, 5.41181516647, -7.04308700562, 32.4984512329, 34.2308120728, 106.017860413, 30.5946788788, 12.0133457184], [-57.1970329285, -37.7490272522, 46.8308563232, -76.6257019043, -24.6463794708, -17.389333725, 1.98306488991, -7.29225254059, -7.37065601349, 18.9161777496, 30.5946788788, 100.492431641, 45.7902908325], [-113.922729492, 76.92918396, -18.5439853668, -17.13032341, -6.5979475975, 5.45328569412, 19.5945701599, -3.63603186607, -8.35739707947, -1.8889824152, 12.0133457184, 45.7902908325, 103.356185913]], "icov": [[7.81307244324e-05, -5.4441166867e-05, 6.70608133078e-05, -0.000165797071531, 0.000176369969267, -0.000184549964615, 0.000115751739941, -0.000190276230569, 0.000176946385182, -0.000275696045719, 0.000292125740089, -0.000248609168921, 0.000189006867004], [-5.4441166867e-05, 0.000952058297116, 4.23952915298e-05, 0.000483498442918, -0.000511385325808, 0.000187091747648, -0.00087144394638, 0.000659960554913, -0.000494365987834, 0.000919300771784, -0.00165135145653, 0.00138814025559, -0.000981206889264], [6.70608133078e-05, 4.23952915298e-05, 0.0016927983379, 0.000666108680889, -0.000832977471873, -0.000859459745698, -0.000225890267757, 0.000114448688691, 0.000605713867117, -0.00105471385177, 0.000534065300599, -0.000874271732755, 0.000850462878589], [-0.000165797071531, 0.000483498442918, 0.000666108680889, 0.00395238259807, -0.00110477977432, -0.00119589688256, -0.000889755319804, 0.000599595950916, -0.00191408966202, 0.00211647339165, -0.00149803387467, 0.00260081002489, -0.000679908611346], [0.000176369969267, -0.000511385325808, -0.000832977471873, -0.00110477977432, 0.00556790968403, -0.00155776576139, -0.00137256667949, -0.000875421217643, 0.0013066874817, -0.00170666875783, 0.00138786097523, 0.000167065940332, 0.000748657155782], [-0.000184549964615, 0.000187091747648, -0.000859459745698, -0.00119589688256, -0.00155776576139, 0.0082072885707, -0.00279759103432, 0.000325520231854, 0.000928610679694, -0.00051192601677, -0.00107886921614, 0.00161523220595, -0.0012102042092], [0.000115751739941, -0.00087144394638, -0.000225890267757, -0.000889755319804, -0.00137256667949, -0.00279759103432, 0.0109093524516, -0.00217194110155, -0.00232441327535, 0.000813280581497, 0.0016271189088, -0.00250622956082, -0.000748303486034], [-0.000190276230569, 0.000659960554913, 0.000114448688691, 0.000599595950916, -0.000875421217643, 0.000325520231854, -0.00217194110155, 0.0113607058302, -0.00521060544997, -0.00100099050906, 0.00137734261807, 0.00105351465754, -0.000909123977181], [0.000176946385182, -0.000494365987834, 0.000605713867117, -0.00191408966202, 0.0013066874817, 0.000928610679694, -0.00232441327535, -0.00521060544997, 0.0146726872772, -0.00478346738964, -0.00235679070465, 0.00012055766274, 0.00196574931033], [-0.000275696045719, 0.000919300771784, -0.00105471385177, 0.00211647339165, -0.00170666875783, -0.00051192601677, 0.000813280581497, -0.00100099050906, -0.00478346738964, 0.0159516483545, -0.00569639680907, 0.000401728466386, -0.000709039450157], [0.000292125740089, -0.00165135145653, 0.000534065300599, -0.00149803387467, 0.00138786097523, -0.00107886921614, 0.0016271189088, 0.00137734261807, -0.00235679070465, -0.00569639680907, 0.0164033975452, -0.00664094556123, 0.00202502310276], [-0.000248609168921, 0.00138814025559, -0.000874271732755, 0.00260081002489, 0.000167065940332, 0.00161523220595, -0.00250622956082, 0.00105351465754, 0.00012055766274, 0.000401728466386, -0.00664094556123, 0.018837461248, -0.00815204065293], [0.000189006867004, -0.000981206889264, 0.000850462878589, -0.000679908611346, 0.000748657155782, -0.0012102042092, -0.000748303486034, -0.000909123977181, 0.00196574931033, -0.000709039450157, 0.00202502310276, -0.00815204065293, 0.0143976099789]], "mean": [-16.3013572693, 80.7461242676, -102.7395401, 35.5047111511, -55.230430603, 13.7545967102, -23.9582080841, 13.8254117966, -11.4342002869, 5.57757282257, -11.9342870712, -0.0994542464614, -11.38920784]}, "hfc": {"dmean": 6.35111713409, "dmean2": 8.72609710693, "dvar": 317.425872803, "dvar2": 637.963745117, "max": 446.863311768, "mean": 23.1075019836, "median": 13.1778774261, "min": 1.08294049044e-16, "var": 1160.02685547}, "melbands": {"dmean": [0.00139078265056, 0.00118883897085, 0.000393931637518, 0.000355808384484, 0.000104168218968, 8.98638536455e-05, 0.000132283035782, 9.88121901173e-05, 0.000116041119327, 6.34300740785e-05, 5.33129386895e-05, 6.73450631439e-05, 1.86562592717e-05, 1.55749949045e-05, 1.9105440515e-05, 1.63506720128e-05, 1.11636327347e-05, 1.09759885163e-05, 1.09646916826e-05, 1.04185019154e-05, 1.25846572701e-05, 1.06158331619e-05, 7.98105156719e-06, 9.01503426576e-06, 5.36197558176e-06, 5.16433283337e-06, 4.77042658531e-06, 5.01899421579e-06, 4.86009321321e-06, 4.31807848145e-06, 3.79408629669e-06, 3.48615412804e-06, 3.37843903253e-06, 2.74245007859e-06, 2.11758401747e-06, 1.74790932306e-06, 1.15375269161e-06, 1.09373786472e-06, 7.00456439517e-07, 5.59326167604e-07], "dmean2": [0.0022287494503, 0.00199467875063, 0.000662541482598, 0.000616717559751, 0.000168971178937, 0.000127153325593, 0.000168610014953, 0.000130760046886, 0.000157531176228, 8.77470592968e-05, 7.52873820602e-05, 9.62100675679e-05, 2.67529267148e-05, 2.36691030295e-05, 2.88081519102e-05, 2.45375558734e-05, 1.78289192263e-05, 1.71810552274e-05, 1.68975093402e-05, 1.56861642608e-05, 1.84882610483e-05, 1.55691741384e-05, 1.1871582501e-05, 1.32949535327e-05, 8.20087916509e-06, 8.09448647487e-06, 7.66713583289e-06, 7.62141053201e-06, 7.45042416384e-06, 6.61025023874e-06, 5.84325061936e-06, 5.51039011043e-06, 5.30503348273e-06, 4.15420618083e-06, 3.2085301882e-06, 2.66630217993e-06, 1.72701379597e-06, 1.58986722454e-06, 1.00389877389e-06, 7.98590463091e-07], "dvar": [1.7365147869e-05, 1.48587450894e-05, 1.54462452429e-06, 2.54315818893e-06, 1.32382808715e-07, 4.61929374751e-08, 8.85428761421e-08, 7.43438235418e-08, 7.02045994672e-08, 1.98355163405e-08, 1.39524418685e-08, 3.65357983867e-08, 1.8916868072e-09, 1.02205743868e-09, 1.75899550481e-09, 1.42326017638e-09, 4.87254903092e-10, 5.54773893491e-10, 4.71470362751e-10, 5.56624468739e-10, 6.94354240771e-10, 6.15149708949e-10, 4.0210137997e-10, 4.62834187642e-10, 1.98806332508e-10, 3.4679303873e-10, 3.29403504473e-10, 1.91584817455e-10, 2.02584657383e-10, 1.93654120517e-10, 2.32977304115e-10, 2.24491883416e-10, 2.56133059207e-10, 1.20754087285e-10, 4.91283645709e-11, 3.38377104114e-11, 1.49505911123e-11, 2.39231429805e-11, 7.00562134345e-12, 4.51803221571e-12], "dvar2": [4.13262205257e-05, 4.15143367718e-05, 3.79482867174e-06, 6.96887400409e-06, 3.63821158089e-07, 1.08696575296e-07, 1.47409210172e-07, 1.24915672473e-07, 1.35080725272e-07, 4.05097217993e-08, 3.0452579125e-08, 8.42657428279e-08, 3.97330301993e-09, 2.22980722775e-09, 3.93088495088e-09, 3.02824876286e-09, 1.15966680703e-09, 1.32293564992e-09, 1.09402420456e-09, 1.21006460407e-09, 1.39960087964e-09, 1.21761234428e-09, 8.60392812552e-10, 1.03849484567e-09, 4.92380636263e-10, 9.40970745766e-10, 9.00312491225e-10, 4.54058873833e-10, 4.97160590474e-10, 4.45456366238e-10, 5.19848719627e-10, 5.31591493047e-10, 6.1631566517e-10, 2.61768301479e-10, 1.05588038313e-10, 7.57476442681e-11, 3.15073904467e-11, 4.89856107067e-11, 1.31858222258e-11, 8.41849073091e-12], "max": [0.0584071017802, 0.0566152334213, 0.0317216254771, 0.0350352041423, 0.0076290438883, 0.00496320705861, 0.0153924506158, 0.0140395229682, 0.0092724012211, 0.00521925883368, 0.00279008829966, 0.00489501981065, 0.0014869980514, 0.000871669559274, 0.00104876980186, 0.00126635353081, 0.000571107666474, 0.00046579624177, 0.000376227777451, 0.000498748209793, 0.000560870277695, 0.000569539261051, 0.000445752521046, 0.000538386113476, 0.000388636632124, 0.000617416633759, 0.000483972893562, 0.000340254278854, 0.000360395904863, 0.000432944681961, 0.000487563578645, 0.000386635569157, 0.000404303427786, 0.00027446646709, 0.000192998937564, 0.000191776562133, 0.000126373372041, 0.000271066179266, 0.000141640848597, 8.78802748048e-05], "mean": [0.00288862735033, 0.00232064141892, 0.000646341999527, 0.000442004791694, 0.000204097421374, 0.000255793449469, 0.00048626732314, 0.000307025853544, 0.000287599192234, 0.000171903040609, 0.000130417291075, 0.000166259371326, 3.95911629312e-05, 3.08723429043e-05, 3.98495103582e-05, 3.7782236177e-05, 2.22790404223e-05, 2.13679704757e-05, 2.24967716349e-05, 2.22109629249e-05, 3.00100145978e-05, 2.4388966267e-05, 1.76220310095e-05, 2.24536870519e-05, 1.1522089153e-05, 1.06236184365e-05, 8.71879183251e-06, 1.13235500976e-05, 1.09043467091e-05, 9.11020924832e-06, 7.4654681157e-06, 6.4968398874e-06, 5.72420549361e-06, 4.97388737131e-06, 4.34546655015e-06, 3.57690487363e-06, 2.32176716963e-06, 2.11137944461e-06, 1.46141348978e-06, 1.15993009331e-06], "median": [0.0020310357213, 0.00182456045877, 0.000316905207001, 0.00015829676704, 9.38179000514e-05, 8.23712616693e-05, 0.000127500446979, 8.12641519587e-05, 9.26118082134e-05, 5.03520459461e-05, 3.13279015245e-05, 3.33538846462e-05, 1.0888570614e-05, 1.04491937236e-05, 1.45484391396e-05, 1.25403257698e-05, 8.85467306944e-06, 7.55287010179e-06, 7.60713373893e-06, 5.58920237381e-06, 5.90755553276e-06, 5.37686992175e-06, 4.43040880782e-06, 5.83028759138e-06, 4.70418763143e-06, 4.42896453023e-06, 3.36226730724e-06, 3.78329673367e-06, 3.91062076233e-06, 2.80644621853e-06, 1.70516159415e-06, 1.29548732275e-06, 1.01417685983e-06, 1.03581089661e-06, 1.21087782645e-06, 1.02209139641e-06, 5.51550954242e-07, 2.94545884572e-07, 1.7583337808e-07, 1.41855736047e-07], "min": [1.01159262637e-24, 1.14401722741e-24, 1.97722680804e-24, 2.05524022119e-24, 1.5250742197e-24, 1.02927168951e-24, 1.68073994492e-24, 1.8030790579e-24, 2.24864978527e-24, 2.88969353964e-24, 2.13270715094e-24, 3.77398827338e-24, 2.51315248021e-24, 3.23060431578e-24, 3.46294160174e-24, 3.74803672175e-24, 3.61627959564e-24, 3.19740175193e-24, 3.64646969691e-24, 3.55660818461e-24, 5.46046757581e-24, 4.17310219318e-24, 4.37791809431e-24, 3.23693669948e-24, 4.30507112845e-24, 3.88553320537e-24, 3.87335753173e-24, 5.46851356261e-24, 6.35437832676e-24, 5.34309453944e-24, 5.12544584354e-24, 6.3618314846e-24, 6.29080757629e-24, 4.3570803335e-24, 5.92500409707e-24, 5.95245408998e-24, 6.17403762408e-24, 7.08817319093e-24, 7.08772669565e-24, 6.91128927673e-24], "var": [1.87218920473e-05, 1.17243353088e-05, 1.90455079974e-06, 2.06181994145e-06, 1.4995436004e-07, 2.29644371075e-07, 1.20977904317e-06, 5.68104780996e-07, 2.81514047629e-07, 1.11787620938e-07, 5.40767892687e-08, 1.74412889464e-07, 6.2654312849e-09, 3.21249382651e-09, 5.0725397216e-09, 6.04468519683e-09, 1.33321831353e-09, 1.42172573714e-09, 1.30559851819e-09, 1.68957448032e-09, 3.33551053444e-09, 2.31003993711e-09, 1.34750233194e-09, 1.93825355765e-09, 3.45927647638e-10, 3.84555998156e-10, 3.43405526237e-10, 4.26433860445e-10, 3.94625859768e-10, 3.97517685435e-10, 4.74591754784e-10, 4.36410435567e-10, 4.48924758478e-10, 2.63105481846e-10, 1.21714013868e-10, 6.93149565523e-11, 3.94005141013e-11, 5.70852011494e-11, 2.76335291455e-11, 1.68354687829e-11]}, "melbands_crest": {"dmean": 2.46211504936, "dmean2": 3.90063881874, "dvar": 7.93373775482, "dvar2": 19.8859157562, "max": 35.0367622375, "mean": 15.6672716141, "median": 15.2784700394, "min": 1.60434389114, "var": 25.4641056061}, "melbands_flatness_db": {"dmean": 0.0215005688369, "dmean2": 0.031272560358, "dvar": 0.000704671023414, "dvar2": 0.00146005582064, "max": 0.581991255283, "mean": 0.210957959294, "median": 0.19616112113, "min": 0.00357742630877, "var": 0.00714472774416}, "melbands_kurtosis": {"dmean": 7.43710803986, "dmean2": 11.4876890182, "dvar": 388.373596191, "dvar2": 928.442687988, "max": 670.492004395, "mean": 16.6103782654, "median": 7.68158912659, "min": -1.56490373611, "var": 798.61895752}, "melbands_skewness": {"dmean": 0.637067198753, "dmean2": 0.947578549385, "dvar": 0.86176609993, "dvar2": 1.92540717125, "max": 16.9221496582, "mean": 2.90043330193, "median": 2.42009282112, "min": -0.715642035007, "var": 3.16185712814}, "melbands_spread": {"dmean": 5.60420084, "dmean2": 8.35653972626, "dvar": 69.6230163574, "dvar2": 148.526916504, "max": 179.471862793, "mean": 24.6363296509, "median": 20.6748638153, "min": 0.318084329367, "var": 367.749908447}, "mfcc": {"cov": [[11924.4589844, -809.131713867, -279.747589111, 405.674407959, -49.3624229431, 105.561950684, -29.2207775116, 139.398727417, 150.924575806, 229.979888916, -95.9222640991, 157.161209106, -6.73522043228], [-809.131713867, 1565.7755127, 109.586174011, -4.61139822006, 62.6479911804, 84.0808868408, 108.284881592, 31.9892807007, -10.504609108, 3.86674594879, 54.3127365112, -52.5121536255, 17.4478187561], [-279.747589111, 109.586174011, 467.372375488, -59.4444313049, 84.9959106445, 56.342880249, 60.0502738953, -9.19895458221, 27.6155815125, -36.4980659485, 56.5985145569, -16.6140594482, 21.2765903473], [405.674407959, -4.61139822006, -59.4444313049, 267.99420166, 52.1920433044, 71.5981445313, 33.9820518494, 60.7714004517, 20.1408882141, 80.1679992676, -3.02166628838, 31.9063072205, -19.9536380768], [-49.3624229431, 62.6479911804, 84.9959106445, 52.1920433044, 208.622253418, 93.0744628906, 90.9110412598, 19.3844280243, 40.2282791138, 22.5815830231, 35.9314117432, 13.5137214661, -0.70785844326], [105.561950684, 84.0808868408, 56.342880249, 71.5981445313, 93.0744628906, 206.162445068, 99.2478790283, 49.3293190002, 27.4978733063, 27.3873004913, 23.2111206055, -21.6448936462, -1.36524736881], [-29.2207775116, 108.284881592, 60.0502738953, 33.9820518494, 90.9110412598, 99.2478790283, 155.513565063, 39.8455619812, 41.4256286621, 17.7734661102, 17.8787765503, -13.7884645462, -7.70843935013], [139.398727417, 31.9892807007, -9.19895458221, 60.7714004517, 19.3844280243, 49.3293190002, 39.8455619812, 118.791305542, 38.6899108887, 40.3620567322, 3.60551071167, 2.69821071625, -8.01370334625], [150.924575806, -10.504609108, 27.6155815125, 20.1408882141, 40.2282791138, 27.4978733063, 41.4256286621, 38.6899108887, 146.125274658, 26.5537986755, 10.1724472046, 14.4481258392, -2.41787338257], [229.979888916, 3.86674594879, -36.4980659485, 80.1679992676, 22.5815830231, 27.3873004913, 17.7734661102, 40.3620567322, 26.5537986755, 126.748512268, 22.1506958008, 28.3297481537, 3.62687373161], [-95.9222640991, 54.3127365112, 56.5985145569, -3.02166628838, 35.9314117432, 23.2111206055, 17.8787765503, 3.60551071167, 10.1724472046, 22.1506958008, 107.292182922, 34.1092453003, 12.5626010895], [157.161209106, -52.5121536255, -16.6140594482, 31.9063072205, 13.5137214661, -21.6448936462, -13.7884645462, 2.69821071625, 14.4481258392, 28.3297481537, 34.1092453003, 140.530807495, 41.5837135315], [-6.73522043228, 17.4478187561, 21.2765903473, -19.9536380768, -0.70785844326, -1.36524736881, -7.70843935013, -8.01370334625, -2.41787338257, 3.62687373161, 12.5626010895, 41.5837135315, 105.535011292]], "icov": [[9.58069213084e-05, 4.15241738665e-05, 1.19227643154e-05, -9.05109118321e-05, 6.22454244876e-05, -7.57443485782e-05, 3.13209602609e-05, -9.86668146652e-06, -7.66447919887e-05, -9.33167902986e-05, 9.87760140561e-05, -8.21628418635e-05, 2.77612275568e-06], [4.15241738665e-05, 0.000721092394087, -5.38911554031e-05, -4.28728926636e-05, 3.5738794395e-05, -1.26320055642e-05, -0.000429888255894, -0.000140437769005, 0.000168534941622, -2.84483285213e-05, -0.000316635268973, 0.000317278929288, -0.000238281165366], [1.19227643154e-05, -5.38911554031e-05, 0.00273223174736, 0.000477270892588, -0.000785949465353, -0.000280188629404, -0.000351971131749, 0.000153793982463, -0.000401291123126, 0.000870054529514, -0.00125103606842, 0.000513180799317, -0.000566236732993], [-9.05109118321e-05, -4.28728926636e-05, 0.000477270892588, 0.00587953487411, -0.00096573139308, -0.00156376848463, 0.000390820234315, -0.00139757210854, 0.000562307715882, -0.00255124247633, 0.00129826681223, -0.00157201068942, 0.00147789111361], [6.22454244876e-05, 3.5738794395e-05, -0.000785949465353, -0.00096573139308, 0.00769974244758, -0.00171033386141, -0.00292908819392, 0.00119325600099, -0.000866361777298, -0.000139274096, -0.00094827770954, -0.00100772175938, 0.000374995637685], [-7.57443485782e-05, -1.26320055642e-05, -0.000280188629404, -0.00156376848463, -0.00171033386141, 0.00863415375352, -0.00352966296487, -0.00153316510841, 0.000423346704338, 0.000145444631926, -0.00122884241864, 0.00216519925743, -0.00121809903067], [3.13209602609e-05, -0.000429888255894, -0.000351971131749, 0.000390820234315, -0.00292908819392, -0.00352966296487, 0.0116095393896, -0.00155323336367, -0.00149848300498, -0.00010044281953, 0.00023065325513, 0.000515431165695, 0.000621221668553], [-9.86668146652e-06, -0.000140437769005, 0.000153793982463, -0.00139757210854, 0.00119325600099, -0.00153316510841, -0.00155323336367, 0.0115609169006, -0.00214388687164, -0.00200896756724, 0.000313832279062, -2.13190269278e-05, 0.000470894679893], [-7.66447919887e-05, 0.000168534941622, -0.000401291123126, 0.000562307715882, -0.000866361777298, 0.000423346704338, -0.00149848300498, -0.00214388687164, 0.00833704695106, -0.000996681745164, 0.000220561705646, -0.000812145823147, 0.000400896853535], [-9.33167902986e-05, -2.84483285213e-05, 0.000870054529514, -0.00255124247633, -0.000139274096, 0.000145444631926, -0.00010044281953, -0.00200896756724, -0.000996681745164, 0.0113547071815, -0.00249819504097, -0.000524756032974, -0.000726875965483], [9.87760140561e-05, -0.000316635268973, -0.00125103606842, 0.00129826681223, -0.00094827770954, -0.00122884241864, 0.00023065325513, 0.000313832279062, 0.000220561705646, -0.00249819504097, 0.0123191345483, -0.00342435762286, 0.000548518262804], [-8.21628418635e-05, 0.000317278929288, 0.000513180799317, -0.00157201068942, -0.00100772175938, 0.00216519925743, 0.000515431165695, -2.13190269278e-05, -0.000812145823147, -0.000524756032974, -0.00342435762286, 0.0104639967903, -0.00411715218797], [2.77612275568e-06, -0.000238281165366, -0.000566236732993, 0.00147789111361, 0.000374995637685, -0.00121809903067, 0.000621221668553, 0.000470894679893, 0.000400896853535, -0.000726875965483, 0.000548518262804, -0.00411715218797, 0.0115677155554]], "mean": [-661.776367188, 111.508148193, 11.8705873489, 27.9084129333, -1.32353842258, 7.18624067307, -0.206069007516, 8.30083274841, 4.1075296402, 10.7322006226, 4.226375103, 7.67610263824, 0.170431777835]}, "pitch_salience": {"dmean": 0.0519328042865, "dmean2": 0.082714676857, "dvar": 0.00296488800086, "dvar2": 0.00731574604288, "max": 0.884076058865, "mean": 0.459069639444, "median": 0.453088581562, "min": 0.116192959249, "var": 0.0129924938083}, "silence_rate_20dB": {"dmean": 0, "dmean2": 0, "dvar": 0, "dvar2": 0, "max": 1, "mean": 1, "median": 1, "min": 1, "var": 0}, "silence_rate_30dB": {"dmean": 0.0296386163682, "dmean2": 0.0592823699117, "dvar": 0.028761729598, "dvar2": 0.0708521828055, "max": 1, "mean": 0.975996553898, "median": 1, "min": 0, "var": 0.0234288387001}, "silence_rate_60dB": {"dmean": 0.0109194908291, "dmean2": 0.0218408741057, "dvar": 0.0108026899397, "dvar2": 0.0230946838856, "max": 1, "mean": 0.104939341545, "median": 0, "min": 0, "var": 0.0939094871283}, "spectral_centroid": {"dmean": 201.009918213, "dmean2": 295.649993896, "dvar": 77455.328125, "dvar2": 153491.96875, "max": 11713.5214844, "mean": 1545.1940918, "median": 1516.4375, "min": 143.339660645, "var": 876327.25}, "spectral_complexity": {"dmean": 2.3773291111, "dmean2": 3.70774841309, "dvar": 13.5735912323, "dvar2": 26.5607223511, "max": 65, "mean": 15.3982667923, "median": 15, "min": 0, "var": 84.4487838745}, "spectral_contrast_coeffs": {"dmean": [0.0418737716973, 0.0355444662273, 0.033148765564, 0.0289449896663, 0.0253494828939, 0.0204401817173], "dmean2": [0.0702694803476, 0.0554986000061, 0.0511169023812, 0.0455487594008, 0.0393163077533, 0.0303011033684], "dvar": [0.00147379830014, 0.000912499730475, 0.000810397032183, 0.000656425196212, 0.000738979084417, 0.000483212119434], "dvar2": [0.00398146733642, 0.00224007247016, 0.00182885373943, 0.0014990773052, 0.00162266613916, 0.000963097263593], "max": [-0.318573862314, -0.402757793665, -0.409028321505, -0.501140713692, -0.463590443134, -0.561415076256], "mean": [-0.691765427589, -0.689591407776, -0.695288479328, -0.727597296238, -0.734634459019, -0.743914604187], "median": [-0.701201796532, -0.69475209713, -0.695714354515, -0.728750109673, -0.734189450741, -0.745322942734], "min": [-0.982068240643, -0.982007205486, -0.978922963142, -0.96694201231, -0.967736780643, -0.963830292225], "var": [0.0062045827508, 0.00690847495571, 0.00607430795208, 0.00466416915879, 0.0060891197063, 0.00361857912503]}, "spectral_contrast_valleys": {"dmean": [0.359980374575, 0.277916073799, 0.271376818419, 0.262813001871, 0.269827157259, 0.315684884787], "dmean2": [0.584878027439, 0.445182144642, 0.435238748789, 0.41959670186, 0.417895108461, 0.419348567724], "dvar": [0.146828815341, 0.0869006961584, 0.0926399454474, 0.105036370456, 0.145935624838, 0.192741200328], "dvar2": [0.309737771749, 0.174550414085, 0.182942941785, 0.206357121468, 0.288868367672, 0.331697702408], "max": [-5.08887195587, -4.4902677536, -5.48726129532, -5.7223110199, -5.06990671158, -7.22214841843], "mean": [-7.37312269211, -7.2506275177, -8.25037574768, -8.72546863556, -8.44326496124, -10.5635986328], "median": [-6.92554569244, -7.02189922333, -7.98918151855, -8.4792432785, -8.22064399719, -10.4219379425], "min": [-28.4697647095, -28.2907314301, -27.6626033783, -27.8085041046, -27.4610176086, -27.350151062], "var": [3.30732297897, 2.85624837875, 2.72780537605, 2.7297270298, 2.96230626106, 2.92755126953]}, "spectral_decrease": {"dmean": 2.2784423237e-09, "dmean2": 3.5345284477e-09, "dvar": 3.12483986917e-17, "dvar2": 7.58538783043e-17, "max": 1.45429076587e-28, "mean": -7.1236803123e-09, "median": -5.90246340693e-09, "min": -7.68428094489e-08, "var": 4.82755708027e-17}, "spectral_energy": {"dmean": 0.00898076128215, "dmean2": 0.0138317989185, "dvar": 0.00047663107398, "dvar2": 0.00115045742132, "max": 0.293059170246, "mean": 0.0289823953062, "median": 0.02361253649, "min": 9.95056513974e-21, "var": 0.00078927713912}, "spectral_energyband_high": {"dmean": 0.000601853185799, "dmean2": 0.000825990748126, "dvar": 4.00465751227e-06, "dvar2": 7.64373908169e-06, "max": 0.0489583611488, "mean": 0.00157032976858, "median": 0.000546498340555, "min": 7.05731030805e-21, "var": 1.28108822537e-05}, "spectral_energyband_low": {"dmean": 0.00667877867818, "dmean2": 0.0106060318649, "dvar": 0.000373071379727, "dvar2": 0.000917252094951, "max": 0.284816235304, "mean": 0.0144027890638, "median": 0.0109311342239, "min": 1.86657774593e-23, "var": 0.000391543289879}, "spectral_energyband_middle_high": {"dmean": 0.00103418843355, "dmean2": 0.00151612283662, "dvar": 3.91100138586e-06, "dvar2": 9.24335927266e-06, "max": 0.0379638969898, "mean": 0.00417350511998, "median": 0.00264170067385, "min": 1.09736554832e-21, "var": 2.09304744203e-05}, "spectral_energyband_middle_low": {"dmean": 0.00301777455024, "dmean2": 0.00461710430682, "dvar": 6.94690825185e-05, "dvar2": 0.000179185037268, "max": 0.154748827219, "mean": 0.00942789763212, "median": 0.00589855201542, "min": 1.63092372585e-22, "var": 0.000138369359775}, "spectral_entropy": {"dmean": 0.157345756888, "dmean2": 0.225644171238, "dvar": 0.0388028696179, "dvar2": 0.0763852447271, "max": 9.81553268433, "mean": 7.36887407303, "median": 7.38854598999, "min": 4.83892059326, "var": 0.338738650084}, "spectral_flux": {"dmean": 0.0226318947971, "dmean2": 0.0356653928757, "dvar": 0.00147937703878, "dvar2": 0.00328696449287, "max": 0.497002482414, "mean": 0.0649852603674, "median": 0.0496950745583, "min": 6.40423269971e-11, "var": 0.00337868672796}, "spectral_kurtosis": {"dmean": 1.31302332878, "dmean2": 2.13951182365, "dvar": 4.44261789322, "dvar2": 10.4723167419, "max": 46.2956733704, "mean": 4.20537757874, "median": 3.03867816925, "min": -1.26178014278, "var": 18.5691337585}, "spectral_rms": {"dmean": 0.000655823096167, "dmean2": 0.000976658659056, "dvar": 1.47696493968e-06, "dvar2": 3.33678713105e-06, "max": 0.0169089138508, "mean": 0.00477515021339, "median": 0.00479964818805, "min": 3.11574529198e-12, "var": 5.47347326574e-06}, "spectral_rolloff": {"dmean": 456.912902832, "dmean2": 738.840637207, "dvar": 917125.3125, "dvar2": 1983912, "max": 19530.6152344, "mean": 1636.0637207, "median": 882.861328125, "min": 43.06640625, "var": 4101512.5}, "spectral_skewness": {"dmean": 0.186442494392, "dmean2": 0.293712943792, "dvar": 0.0527820214629, "dvar2": 0.117351435125, "max": 5.47995138168, "mean": 1.5087890625, "median": 1.35745227337, "min": -0.0874339491129, "var": 0.39549151063}, "spectral_spread": {"dmean": 580233.625, "dmean2": 805921.625, "dvar": 1043037749250.0, "dvar2": 1903272263680.0, "max": 48796432, "mean": 5333861, "median": 4824696.5, "min": 1378262.