{"lowlevel": {"average_loudness": 0.949678122997, "barkbands": {"dmean": [7.89833648014e-05, 0.000791753467638, 0.00109214219265, 0.00198192428797, 0.00221970980056, 0.000800987822004, 0.000799617904704, 0.00068014592398, 0.000537464686204, 0.000391269335523, 0.000409370230045, 0.00038250500802, 0.000418087583967, 0.000566044123843, 0.000345269887475, 0.000214057276025, 0.000246468785917, 0.000178543967195, 0.000141087861266, 0.000192305422388, 0.000169504375663, 0.000100555582321, 5.51659795747e-05, 2.88728624582e-05, 2.68853927992e-05, 2.35657880694e-05, 2.35466563936e-06], "dmean2": [0.000124107507872, 0.0012147979578, 0.00175273965579, 0.00331819616258, 0.00349964294583, 0.00128066702746, 0.00130005425308, 0.00105306878686, 0.000839076994453, 0.000587279326282, 0.000627129047643, 0.000575323647354, 0.000616590841673, 0.000843239831738, 0.000508722790983, 0.000330900365952, 0.000387049338315, 0.000270834454568, 0.00020979148394, 0.000295444158837, 0.000249107019044, 0.00013376653078, 7.53827771405e-05, 3.97990152123e-05, 3.62397331628e-05, 3.09704009851e-05, 3.19318928632e-06], "dvar": [1.24953265512e-08, 1.43268619013e-06, 4.04377487939e-06, 2.16452281165e-05, 1.35716336445e-05, 2.4883097467e-06, 3.82731195714e-06, 3.46404340235e-06, 2.92357071885e-06, 1.40769930113e-06, 1.82792905434e-06, 1.21696484712e-06, 1.26606596496e-06, 1.74878266535e-06, 5.69314579479e-07, 2.04720890906e-07, 3.16048868854e-07, 1.45728805023e-07, 7.63516965208e-08, 1.99915902499e-07, 1.41101551776e-07, 9.37622033348e-08, 3.89185750294e-08, 1.03530934936e-08, 5.00847940899e-09, 2.33630181867e-09, 2.3253149406e-11], "dvar2": [2.62665160733e-08, 3.57130920747e-06, 9.6102066891e-06, 5.3052270232e-05, 3.13082709908e-05, 5.74528621655e-06, 9.66202878772e-06, 7.41429312257e-06, 6.94288519298e-06, 3.15353395308e-06, 3.65083815268e-06, 2.28473390962e-06, 2.23562892643e-06, 3.229657068e-06, 1.16312935461e-06, 4.69033750505e-07, 7.25692643755e-07, 3.30603626253e-07, 1.65737702673e-07, 4.35117442521e-07, 2.86603153654e-07, 1.75045883566e-07, 7.70624808411e-08, 2.01980814296e-08, 9.57967838389e-09, 4.25724877573e-09, 4.38703344485e-11], "max": [0.00217296998017, 0.0180752314627, 0.0281990766525, 0.0417998917401, 0.0572241023183, 0.0268350522965, 0.0438037551939, 0.0413438230753, 0.0499558858573, 0.031586676836, 0.0386127643287, 0.0229067709297, 0.0386186949909, 0.0188241880387, 0.00978867989033, 0.00663467729464, 0.00889238715172, 0.00741816451773, 0.00781425554305, 0.00995417777449, 0.0071241161786, 0.00913912430406, 0.00458130519837, 0.00228281808086, 0.00223206938244, 0.000649057328701, 5.98135266046e-05], "mean": [0.000114842769108, 0.00154409080278, 0.00137107097544, 0.00186372373719, 0.00359252211638, 0.00103232183028, 0.00107192969881, 0.000944167433772, 0.000681847741362, 0.000552519166376, 0.000574169389438, 0.000507956312504, 0.000561742694117, 0.000881254090928, 0.00043668402941, 0.000270415912382, 0.000303729408188, 0.00027115829289, 0.00021194612782, 0.000274561578408, 0.000251372461207, 0.000159454197274, 8.24069138616e-05, 4.24773024861e-05, 3.90169007005e-05, 3.28300411638e-05, 3.17081958201e-06], "median": [6.11100913375e-05, 0.000948958331719, 0.000477971567307, 0.000391413486795, 0.00147886003833, 0.000300443411106, 0.000320592807839, 0.000208625744563, 0.000138932140544, 0.000116125338536, 8.55328253238e-05, 9.76794326562e-05, 0.000103762155049, 0.00015508569777, 0.000116793708003, 8.09566408861e-05, 9.05075939954e-05, 6.96725328453e-05, 6.2327751948e-05, 5.39865541214e-05, 3.89117922168e-05, 1.8735341655e-05, 8.42751160235e-06, 5.71836744712e-06, 4.62783191324e-06, 3.48008870787e-06, 2.96026257729e-07], "min": [3.59885148887e-25, 3.42865849566e-24, 1.40229393626e-24, 8.36431485781e-25, 7.70220753119e-24, 8.02092469184e-24, 7.41878952947e-24, 9.38877084731e-24, 1.54997757241e-23, 8.81402651329e-24, 1.70194357941e-23, 2.41382775305e-23, 3.01303781918e-23, 3.04346102886e-23, 3.14737704481e-23, 3.94014407369e-23, 7.23057599495e-23, 9.58951875052e-23, 1.2358741752e-22, 1.58388325587e-22, 2.44224167089e-22, 2.99190429864e-22, 3.57644417096e-22, 5.47853675039e-22, 8.83748174614e-22, 1.38626635422e-21, 1.82298086206e-21], "var": [2.62068340362e-08, 3.12989163831e-06, 6.23615596851e-06, 1.97179579118e-05, 2.68844214588e-05, 3.7452689412e-06, 4.78735773868e-06, 6.07205311098e-06, 3.74341811948e-06, 2.23096753871e-06, 3.40906240126e-06, 2.1479802399e-06, 2.91807873509e-06, 4.6652171477e-06, 8.56350197864e-07, 2.79051874941e-07, 3.87376076105e-07, 2.99179362173e-07, 1.63140413179e-07, 4.90128002184e-07, 3.55261647655e-07, 2.47015833565e-07, 8.11013691759e-08, 2.00854231025e-08, 8.992356193e-09, 4.21860057997e-09, 4.10345993296e-11]}, "barkbands_crest": {"dmean": 2.69232869148, "dmean2": 4.33585453033, "dvar": 5.93356370926, "dvar2": 13.8094463348, "max": 25.6593036652, "mean": 9.63126468658, "median": 8.70084667206, "min": 2.47053265572, "var": 16.6527366638}, "barkbands_flatness_db": {"dmean": 0.0223568435758, "dmean2": 0.0332276932895, "dvar": 0.000442238087999, "dvar2": 0.000900543876924, "max": 0.302715480328, "mean": 0.12170496583, "median": 0.118542082608, "min": 0.0175184197724, "var": 0.00181559310295}, "barkbands_kurtosis": {"dmean": 2.49748682976, "dmean2": 3.94949197769, "dvar": 12.2061700821, "dvar2": 28.1260757446, "max": 53.2783432007, "mean": 2.88485050201, "median": 1.29094552994, "min": -1.89414060116, "var": 25.6155929565}, "barkbands_skewness": {"dmean": 0.616939723492, "dmean2": 0.933499872684, "dvar": 0.361169546843, "dvar2": 0.757414698601, "max": 6.71499061584, "mean": 1.20053946972, "median": 1.21062803268, "min": -3.56204319, "var": 1.5394961834}, "barkbands_spread": {"dmean": 6.68640184402, "dmean2": 10.3644094467, "dvar": 62.8632202148, "dvar2": 135.200256348, "max": 118.770225525, "mean": 23.1645355225, "median": 20.9107074738, "min": 1.43047356606, "var": 193.065963745}, "dissonance": {"dmean": 0.0171236749738, "dmean2": 0.0282895900309, "dvar": 0.000356526434189, "dvar2": 0.000935924879741, "max": 0.500000119209, "mean": 0.469683617353, "median": 0.477905571461, "min": 0.293373227119, "var": 0.000788116536569}, "dynamic_complexity": 4.0391368866, "erbbands": {"dmean": [0.0237294901162, 0.19539925456, 1.0977679491, 3.7472383976, 7.37386131287, 8.67601013184, 7.41736698151, 6.61540412903, 10.0850687027, 15.3129930496, 12.4631547928, 12.4428520203, 11.5680561066, 13.0304307938, 14.8098859787, 16.9713382721, 18.0810947418, 31.0039520264, 15.0896282196, 16.6457672119, 13.9153470993, 11.3123245239, 9.75523853302, 7.74737548828, 7.73685312271, 9.08726406097, 8.71694850922, 4.97376728058, 3.87553524971, 2.41895699501, 1.43422472477, 0.754647791386, 0.447201997042, 0.28951138258, 0.200633600354, 0.102051250637, 0.0473091006279, 0.00784762296826, 0.000351080641849, 1.62428459589e-05], "dmean2": [0.0363675765693, 0.296673387289, 1.69164514542, 6.22858858109, 12.2027416229, 13.4901971817, 11.4511413574, 10.7933216095, 16.5735225677, 24.6338348389, 19.007774353, 19.5398540497, 17.4184379578, 19.5875034332, 22.1566581726, 25.3268470764, 26.6181030273, 45.9526863098, 22.0754833221, 24.7419281006, 21.277381897, 17.54155159, 14.7098293304, 11.3516969681, 11.5770645142, 13.9051647186, 13.2391023636, 6.84824848175, 5.26803398132, 3.18001294136, 2.00181460381, 1.05609762669, 0.62345546484, 0.394378095865, 0.272914767265, 0.137858837843, 0.0622709617019, 0.0103597668931, 0.000460729381302, 2.05513042602e-05], "dvar": [0.00140669499524, 0.103623703122, 3.97271800041, 70.6663360596, 265.434539795, 257.042358398, 186.489959717, 207.075027466, 639.288574219, 1528.56982422, 1171.50256348, 1975.91906738, 913.695983887, 1788.77783203, 1894.86657715, 2706.26586914, 2405.08569336, 5102.26464844, 892.987060547, 1374.43701172, 999.11315918, 564.466003418, 391.206329346, 246.800048828, 260.341156006, 475.84197998, 359.26776123, 169.635162354, 135.523574829, 57.7449111938, 27.619682312, 8.76477336884, 2.21520185471, 0.918468475342, 0.205366969109, 0.0431592799723, 0.00950697623193, 0.000272024859441, 4.93006382385e-07, 6.44753639367e-10], "dvar2": [0.00353827606887, 0.24218262732, 8.80027103424, 178.257171631, 634.119628906, 562.994506836, 387.031402588, 514.721923828, 1626.62329102, 3581.20922852, 2395.5793457, 4756.87792969, 1921.50317383, 3826.84619141, 4002.75219727, 5038.30908203, 4387.59033203, 9450.35351562, 1856.91125488, 2896.62646484, 2255.98681641, 1253.49584961, 888.061523438, 541.27734375, 572.397521973, 1039.82214355, 798.288513184, 321.347747803, 262.826782227, 102.949447632, 56.3697814941, 17.6350708008, 4.21283388138, 1.73480474949, 0.408831477165, 0.0828200653195, 0.0173097942024, 0.000498616078403, 8.96938161077e-07, 1.09508679902e-09], "max": [0.713017821312, 5.43576002121, 34.2768592834, 99.4275817871, 193.642288208, 320.397705078, 223.064102173, 198.031188965, 545.089599609, 677.157653809, 988.846740723, 1505.7442627, 650.520385742, 1098.90979004, 896.134765625, 1110.36315918, 1552.52319336, 952.718261719, 425.079986572, 524.029052734, 508.335845947, 343.936431885, 347.980041504, 320.035522461, 333.561706543, 574.502258301, 275.166107178, 317.481414795, 380.701446533, 186.83164978, 123.468002319, 75.8759841919, 40.56665802, 31.4640140533, 11.4263591766, 2.9169178009, 1.49936747551, 0.238589599729, 0.00915217213333, 0.000452913838672], "mean": [0.0454264245927, 0.353275924921, 1.50197958946, 3.88372516632, 8.14018821716, 13.8009767532, 11.9395751953, 7.93867492676, 12.8777513504, 21.5596218109, 17.6374969482, 15.9348487854, 17.120470047, 19.8215885162, 22.2100009918, 23.5677204132, 25.7321949005, 49.782371521, 22.4764709473, 21.263425827, 17.1342353821, 15.2499818802, 14.8022937775, 12.417509079, 11.4140930176, 13.0796813965, 12.1703586578, 7.81657218933, 6.03831195831, 3.79675197601, 2.13113331795, 1.08955216408, 0.654956400394, 0.420830994844, 0.282200217247, 0.141267478466, 0.0645747631788, 0.0108013041317, 0.000490686681587, 3.3554755646e-05], "median": [0.0250274501741, 0.206778019667, 0.575855791569, 1.06306016445, 2.75653004646, 4.69325780869, 4.0112657547, 2.46623206139, 3.86583471298, 6.03771066666, 4.58472442627, 3.7994325161, 3.98916864395, 4.15429925919, 4.56597852707, 4.6568980217, 5.44208717346, 8.84656333923, 6.37492036819, 5.95358085632, 5.08674287796, 4.97841453552, 4.10401678085, 3.8000972271, 2.99092626572, 2.65386271477, 2.03593325615, 1.09595823288, 0.73100066185, 0.385780632496, 0.237533420324, 0.136495620012, 0.0860852152109, 0.0497145541012, 0.033491987735, 0.0162767637521, 0.00625698501244, 0.00100711034611, 5.2616254834e-05, 2.00060530915e-05], "min": [2.79330976482e-23, 6.18848278744e-22, 2.27234026748e-21, 3.6970211438e-21, 7.83732062306e-21, 2.39659911292e-20, 4.85968868369e-20, 6.18008284506e-20, 1.26292035994e-19, 1.39672664679e-19, 2.45154232329e-19, 3.9512567045e-19, 2.91624567058e-19, 4.8679739315e-19, 1.04632360768e-18, 9.2764200814e-19, 1.50367828241e-18, 2.17306530093e-18, 2.39394837387e-18, 3.58141536044e-18, 3.57742917707e-18, 4.40793546927e-18, 5.33174194431e-18, 5.70218775061e-18, 6.98228697166e-18, 7.96181605507e-18, 9.08358877098e-18, 8.50358213317e-18, 1.06335325058e-17, 1.17852408881e-17, 9.1560216685e-18, 8.72294464135e-18, 8.41736344356e-18, 6.85927073891e-18, 5.73222019711e-18, 4.59240170896e-18, 2.35698518782e-18, 8.94303217334e-19, 2.49450427485e-19, 2.5714146881e-20], "var": [0.00329773710109, 0.202210649848, 7.10802602768, 64.9085617065, 264.346801758, 584.60949707, 443.608581543, 232.321640015, 740.715820312, 2389.12670898, 2148.34692383, 2334.12304688, 1640.2010498, 3055.31567383, 3581.65576172, 4754.11083984, 5283.88330078, 13903.3330078, 1619.72045898, 1968.46508789, 1276.84082031, 781.014831543, 770.055969238, 567.29888916, 579.993652344, 1149.60168457, 765.164550781, 460.240753174, 342.274536133, 149.381256104, 53.8178825378, 16.0807514191, 4.32931804657, 1.59538221359, 0.363828748465, 0.0745676234365, 0.0170859005302, 0.000489404133987, 9.17477677831e-07, 1.53305879103e-09]}, "erbbands_crest": {"dmean": 3.05808401108, "dmean2": 4.84357357025, "dvar": 11.2497644424, "dvar2": 23.4746646881, "max": 31.6055221558, "mean": 9.34889316559, "median": 7.79239749908, "min": 2.33741593361, "var": 28.3039875031}, "erbbands_flatness_db": {"dmean": 0.0206274800003, "dmean2": 0.0300637800246, "dvar": 0.000434806599515, "dvar2": 0.000859013234731, "max": 0.327040463686, "mean": 0.156172007322, "median": 0.152348861098, "min": 0.0297892801464, "var": 0.00191031035502}, "erbbands_kurtosis": {"dmean": 1.11947715282, "dmean2": 1.74845194817, "dvar": 2.66871643066, "dvar2": 5.52518415451, "max": 21.8727111816, "mean": 0.689349293709, "median": -0.134034395218, "min": -1.87103557587, "var": 6.6531162262}, "erbbands_skewness": {"dmean": 0.419439822435, "dmean2": 0.64641135931, "dvar": 0.16889937222, "dvar2": 0.358110845089, "max": 2.80621767044, "mean": 0.00335374777205, "median": -0.0237076319754, "min": -3.46446704865, "var": 0.666992485523}, "erbbands_spread": {"dmean": 8.89839744568, "dmean2": 13.7923154831, "dvar": 83.1600418091, "dvar2": 186.920074463, "max": 108.248298645, "mean": 35.1352233887, "median": 34.3918914795, "min": 4.21423959732, "var": 247.758163452}, "gfcc": {"cov": [[39045.2460938, 1784.65405273, -3294.26098633, 582.576721191, -1689.65771484, 174.911804199, -1309.54101562, 56.8184547424, -1047.13525391, 251.42376709, -817.838989258, 37.5081062317, -590.848571777], [1784.65405273, 1600.62817383, -515.768615723, -147.907730103, 89.5823440552, -126.889526367, 33.5781784058, -33.9860115051, 28.2762184143, -84.1525268555, 77.462020874, -65.4877471924, 46.8090324402], [-3294.26098633, -515.768615723, 823.668640137, -65.9139785767, 151.417022705, 44.5535087585, 48.9080619812, 13.3984708786, 43.2938537598, 33.946182251, 11.8906850815, 48.1860160828, 8.83171272278], [582.576721191, -147.907730103, -65.9139785767, 504.525482178, -11.3162317276, -23.486782074, -5.76743221283, -24.3370838165, 38.0982170105, 44.5702438354, 6.70046615601, 3.73361563683, 34.8351783752], [-1689.65771484, 89.5823440552, 151.417022705, -11.3162317276, 328.230041504, 18.387254715, 88.2966766357, -0.258894681931, 20.5310955048, 38.2123832703, 26.3596992493, 6.29332351685, 22.6053504944], [174.911804199, -126.889526367, 44.5535087585, -23.486782074, 18.387254715, 210.23626709, 64.989364624, 17.3067855835, -19.7399215698, 26.6955184937, 1.53851318359, -2.54593276978, -6.34238815308], [-1309.54101562, 33.5781784058, 48.9080619812, -5.76743221283, 88.2966766357, 64.989364624, 185.070678711, 37.0293045044, 33.69480896, -1.56103730202, 54.1790504456, -4.95407581329, 29.4890499115], [56.8184547424, -33.9860115051, 13.3984708786, -24.3370838165, -0.258894681931, 17.3067855835, 37.0293045044, 128.60118103, 25.4434165955, 0.218263849616, -3.24980545044, 11.9003448486, 2.61725735664], [-1047.13525391, 28.2762184143, 43.2938537598, 38.0982170105, 20.5310955048, -19.7399215698, 33.69480896, 25.4434165955, 132.940811157, 13.6473999023, 33.7917938232, -16.394821167, 33.6862373352], [251.42376709, -84.1525268555, 33.946182251, 44.5702438354, 38.2123832703, 26.6955184937, -1.56103730202, 0.218263849616, 13.6473999023, 125.621841431, -2.94612693787, -1.69354426861, -14.6579189301], [-817.838989258, 77.462020874, 11.8906850815, 6.70046615601, 26.3596992493, 1.53851318359, 54.1790504456, -3.24980545044, 33.7917938232, -2.94612693787, 110.44745636, 15.3855400085, 20.7952041626], [37.5081062317, -65.4877471924, 48.1860160828, 3.73361563683, 6.29332351685, -2.54593276978, -4.95407581329, 11.9003448486, -16.394821167, -1.69354426861, 15.3855400085, 77.5673294067, 14.6790914536], [-590.848571777, 46.8090324402, 8.83171272278, 34.8351783752, 22.6053504944, -6.34238815308, 29.4890499115, 2.61725735664, 33.6862373352, -14.6579189301, 20.7952041626, 14.6790914536, 79.0100631714]], "icov": [[0.000211702223169, -0.000412507390138, 0.000417792558437, -0.000411482877098, 0.000712345237844, -0.000647504872177, 0.000880317180417, -0.000611548137385, 0.00100399157964, -0.000746296776924, 0.00086176826153, -0.000734682427719, 0.000741330557503], [-0.000412507390138, 0.0018997353036, -4.15422946389e-05, 0.00125953904353, -0.00202275323682, 0.00177801854443, -0.00168120348826, 0.00135929742828, -0.00207535247318, 0.00184174394235, -0.0023713724222, 0.00212575704791, -0.00200134259649], [0.000417792558437, -4.15422946389e-05, 0.00284329685383, -0.000261656648945, 0.000361122132745, -0.00121366826352, 0.00166449067183, -0.000841142551508, 0.00103150389623, -0.00130312331021, 0.00160708278418, -0.0022304947488, 0.00146222149488], [-0.000411482877098, 0.00125953904353, -0.000261656648945, 0.00324340956286, -0.00145124737173, 0.00168740039226, -0.00179870892316, 0.00183075887617, -0.00254896702245, 0.00058836286189, -0.00173315254506, 0.00136834057048, -0.00266488129273], [0.000712345237844, -0.00202275323682, 0.000361122132745, -0.00145124737173, 0.00680609978735, -0.00190943689086, 0.000885436544195, -0.00157451175619, 0.00377728254534, -0.00414984161034, 0.00342159322463, -0.00287261791527, 0.00199881126173], [-0.000647504872177, 0.00177801854443, -0.00121366826352, 0.00168740039226, -0.00190943689086, 0.00824447348714, -0.00537195103243, 0.00163444166537, -0.00146110740025, 0.000828023708891, -0.00247045396827, 0.00298586604185, -0.00247281836346], [0.000880317180417, -0.00168120348826, 0.00166449067183, -0.00179870892316, 0.000885436544195, -0.00537195103243, 0.0131662646309, -0.00516484864056, 0.00398251228034, -0.00199792860076, -0.000472134212032, -0.000694081594702, 0.000943215040024], [-0.000611548137385, 0.00135929742828, -0.000841142551508, 0.00183075887617, -0.00157451175619, 0.00163444166537, -0.00516484864056, 0.0113666197285, -0.00585861457512, 0.00228478503413, -0.000132341781864, -0.00102304259781, -0.000812248443253], [0.00100399157964, -0.00207535247318, 0.00103150389623, -0.00254896702245, 0.00377728254534, -0.00146110740025, 0.00398251228034, -0.00585861457512, 0.0164353586733, -0.00544505845755, 0.000780544767622, 0.00147813255899, -0.0012417731341], [-0.000746296776924, 0.00184174394235, -0.00130312331021, 0.00058836286189, -0.00414984161034, 0.000828023708891, -0.00199792860076, 0.00228478503413, -0.00544505845755, 0.0124568892643, -0.00303364126012, 0.00227797962725, 0.000145728205098], [0.00086176826153, -0.0023713724222, 0.00160708278418, -0.00173315254506, 0.00342159322463, -0.00247045396827, -0.000472134212032, -0.000132341781864, 0.000780544767622, -0.00303364126012, 0.0165329892188, -0.00756323058158, 0.00359531189315], [-0.000734682427719, 0.00212575704791, -0.0022304947488, 0.00136834057048, -0.00287261791527, 0.00298586604185, -0.000694081594702, -0.00102304259781, 0.00147813255899, 0.00227797962725, -0.00756323058158, 0.0201266873628, -0.00770918745548], [0.000741330557503, -0.00200134259649, 0.00146222149488, -0.00266488129273, 0.00199881126173, -0.00247281836346, 0.000943215040024, -0.000812248443253, -0.0012417731341, 0.000145728205098, 0.00359531189315, -0.00770918745548, 0.0203445218503]], "mean": [-57.7803153992, 93.7171859741, -115.874435425, 30.1310977936, -44.4715843201, 5.22882080078, -33.8080062866, 2.70758676529, -26.4269161224, 8.02596473694, -19.1251907349, 0.164974570274, -12.5776958466]}, "hfc": {"dmean": 7.16419124603, "dmean2": 9.04767227173, "dvar": 103.525283813, "dvar2": 165.553909302, "max": 118.6277771, "mean": 15.7284040451, "median": 8.75076675415, "min": 1.05992614204e-16, "var": 341.808258057}, "melbands": {"dmean": [0.000200773691176, 0.000443737284513, 0.000784935895354, 0.000525895331521, 0.00029195699608, 0.000149952538777, 0.00015463969612, 0.000166806203197, 9.83641948551e-05, 7.76536326157e-05, 5.9135385527e-05, 5.4159998399e-05, 5.56823324587e-05, 4.46892554464e-05, 4.17840710725e-05, 4.24671634391e-05, 6.4060324803e-05, 2.3544394935e-05, 2.8868438676e-05, 1.51643162098e-05, 1.83474930964e-05, 1.30868638735e-05, 1.07505848064e-05, 8.38952746562e-06, 6.38448773316e-06, 5.45989587408e-06, 6.5608874138e-06, 6.02778300163e-06, 5.95609708398e-06, 4.31776788901e-06, 2.59023408944e-06, 2.37047856899e-06, 1.7860021444e-06, 1.2618781966e-06, 8.82778067535e-07, 6.5716676545e-07, 4.0533601009e-07, 3.45025881643e-07, 2.5822660632e-07, 2.4755411232e-07], "dmean2": [0.000310587725835, 0.000674240349326, 0.00129939685576, 0.000842622248456, 0.000449484970886, 0.000243249931373, 0.000251866847975, 0.000264060712652, 0.000150618056068, 0.000121886965644, 8.92630487215e-05, 8.17620020825e-05, 8.56387996464e-05, 6.70181907481e-05, 6.32734881947e-05, 6.41701117274e-05, 9.4897361123e-05, 3.5534183553e-05, 4.28354214819e-05, 2.32517504628e-05, 2.84396537609e-05, 2.05932556128e-05, 1.69245249708e-05, 1.26368731799e-05, 9.51146921579e-06, 8.16463489173e-06, 1.01481709862e-05, 9.3025228125e-06, 9.27327801037e-06, 6.39390327706e-06, 3.63835783901e-06, 3.29672297994e-06, 2.43369913733e-06, 1.73802629888e-06, 1.27088219415e-06, 9.34505976602e-07, 5.76983040901e-07, 4.90627542149e-07, 3.5867179804e-07, 3.43732892816e-07], "dvar": [8.7685066319e-08, 6.27662984698e-07, 3.05313551507e-06, 8.79151002664e-07, 2.56929865827e-07, 9.93579547526e-08, 1.46020681768e-07, 1.83097100148e-07, 7.22753839e-08, 7.08221037371e-08, 2.45103084495e-08, 3.24610383018e-08, 3.24373345961e-08, 1.72560579159e-08, 1.11257127955e-08, 1.47126177907e-08, 2.41779325449e-08, 2.36685493427e-09, 4.58702009709e-09, 1.08816067268e-09, 1.94229166084e-09, 8.49425085825e-10, 4.79726758318e-10, 3.89330651052e-10, 1.77213577146e-10, 1.25718768729e-10, 2.56053817038e-10, 2.31069635648e-10, 1.80403761374e-10, 9.57269194468e-11, 5.71629375778e-11, 5.49295574304e-11, 2.93766538872e-11, 1.82767204149e-11, 1.066559948e-11, 7.29112690362e-12, 2.60233089418e-12, 1.31175701811e-12, 8.85624364642e-13, 6.58527594434e-13], "dvar2": [2.25331589832e-07, 1.37122572141e-06, 7.41763687984e-06, 2.0382888124e-06, 5.47061063116e-07, 2.42514204274e-07, 3.68828182218e-07, 4.21559349206e-07, 1.51665261683e-07, 1.69486142454e-07, 5.15061024942e-08, 7.31065270543e-08, 6.89194550318e-08, 3.23507762801e-08, 2.15876667653e-08, 2.63763073605e-08, 4.40428387094e-08, 5.14658982098e-09, 9.42007982729e-09, 2.47586773305e-09, 4.42669101375e-09, 1.94601912362e-09, 1.11729914209e-09, 8.98509711078e-10, 3.98669569579e-10, 2.63738586526e-10, 5.97880689401e-10, 5.10764153194e-10, 4.2082648477e-10, 1.98984564936e-10, 1.13647646849e-10, 1.12299017307e-10, 5.45816447595e-11, 3.6854991281e-11, 2.25798910819e-11, 1.50040674329e-11, 5.45834037691e-12, 2.61521034862e-12, 1.81697755799e-12, 1.27856937277e-12], "max": [0.00505086081102, 0.0143567649648, 0.0156751442701, 0.0136382607743, 0.00804164353758, 0.004570891615, 0.00794470496476, 0.00815195310861, 0.00665565486997, 0.0084734801203, 0.00327766523696, 0.00477124005556, 0.0034718378447, 0.00351226353087, 0.00244493107311, 0.00483477395028, 0.00218721712008, 0.000723537232261, 0.000993140274659, 0.000607334717643, 0.00075252528768, 0.000493155501317, 0.000301109772408, 0.000473366846563, 0.000287280388875, 0.000381348567316, 0.000339428777806, 0.000425203877967, 0.000188471240108, 0.000214832805796, 0.000174800312379, 0.000252546684351, 0.000120391319797, 0.000101244499092, 8.93358301255e-05, 8.75109835761e-05, 4.38095084974e-05, 3.4273161873e-05, 3.43656174664e-05, 2.89184590656e-05], "mean": [0.000407916231779, 0.000669548462611, 0.000830318313092, 0.000764440570492, 0.000495858315844, 0.000182520176168, 0.000203471368877, 0.000235145562328, 0.000132705506985, 9.87840612652e-05, 8.48917043186e-05, 7.83200375736e-05, 8.00807392807e-05, 6.01939063927e-05, 5.63442408748e-05, 5.60790977033e-05, 0.000100781988294, 3.33150455845e-05, 3.53077375621e-05, 1.96345881704e-05, 2.11873539229e-05, 1.64742577908e-05, 1.42818953464e-05, 1.26394024846e-05, 9.74023259914e-06, 7.81945163908e-06, 9.00888699107e-06, 8.42384451971e-06, 7.76832530391e-06, 6.33375566395e-06, 3.93610480387e-06, 3.57858630196e-06, 2.70831242233e-06, 1.85707983746e-06, 1.27005353079e-06, 9.16496446735e-07, 5.67140148178e-07, 4.83937071749e-07, 3.65662799595e-07, 3.49981434056e-07], "median": [0.00025634598569, 0.000321751576848, 0.000243052112637, 0.000286850670818, 0.000175174427568, 5.42070483789e-05, 6.15089884377e-05, 6.24643435003e-05, 3.2149044273e-05, 2.02298379008e-05, 1.87626028492e-05, 1.53962300828e-05, 1.3611029317e-05, 1.18647039926e-05, 1.03406555354e-05, 1.16394376164e-05, 1.5976766008e-05, 8.77184811543e-06, 8.90554929356e-06, 5.82822622164e-06, 5.7180272961e-06, 5.29659973836e-06, 3.9677620407e-06, 3.13196824209e-06, 2.84734255729e-06, 2.05619880944e-06, 1.93251889868e-06, 1.59983903814e-06, 1.26537395317e-06, 9.74432055045e-07, 4.72807784035e-07, 4.0517306843e-07, 3.14054659611e-07, 1.6232009159e-07, 1.40644033308e-07, 1.03741733426e-07, 7.10807697146e-08, 6.22396854055e-08, 4.39437108923e-08, 4.07419129544e-08], "min": [6.85624897226e-25, 1.27132034625e-24, 7.73637763295e-25, 1.41865481283e-24, 1.56987372912e-24, 1.54265457662e-24, 1.8091187742e-24, 1.76662323167e-24, 1.8368638011e-24, 2.43730370139e-24, 1.19967915428e-24, 1.80295441787e-24, 3.08901265798e-24, 2.34904614052e-24, 2.6981263602e-24, 2.70843203907e-24, 4.12124011069e-24, 3.62278493709e-24, 3.33868969828e-24, 3.2401089064e-24, 3.11782383039e-24, 3.52971828294e-24, 3.66748692358e-24, 5.05402671592e-24, 3.39451777897e-24, 5.06679324638e-24, 5.10744048781e-24, 4.95454504488e-24, 4.96931725419e-24, 4.75446704235e-24, 4.49155942416e-24, 5.40102730103e-24, 5.44321006022e-24, 5.92518947938e-24, 3.63337657803e-24, 5.50412905476e-24, 5.38608430333e-24, 4.6410757814e-24, 4.34022277038e-24, 5.68077867727e-24], "var": [2.06434989991e-07, 1.16736146083e-06, 2.92418599201e-06, 1.40163933793e-06, 6.40106520677e-07, 1.20209563192e-07, 1.76439840516e-07, 2.95710862019e-07, 1.22575215755e-07, 8.83589166278e-08, 4.3053642429e-08, 5.18299003716e-08, 5.90788360455e-08, 3.03060971873e-08, 2.13044319963e-08, 3.38848309411e-08, 6.61180834527e-08, 4.00438793235e-09, 6.52057474682e-09, 1.48258139099e-09, 2.35307373586e-09, 1.06453779125e-09, 7.19452664111e-10, 7.82414188993e-10, 3.74113517942e-10, 2.63643107346e-10, 5.13704190297e-10, 5.26159227299e-10, 3.28026883434e-10, 2.28825985937e-10, 1.42349618204e-10, 1.26943788814e-10, 7.36227537268e-11, 4.00003467849e-11, 1.94541379533e-11, 1.29892563719e-11, 4.27359189703e-12, 2.43821542817e-12, 1.41794540519e-12, 1.09286061103e-12]}, "melbands_crest": {"dmean": 3.75025367737, "dmean2": 6.09037542343, "dvar": 10.1898488998, "dvar2": 25.9423065186, "max": 31.8179283142, "mean": 13.4799022675, "median": 12.9084920883, "min": 1.51110994816, "var": 28.2763252258}, "melbands_flatness_db": {"dmean": 0.0291990973055, "dmean2": 0.0429035127163, "dvar": 0.000762929674238, "dvar2": 0.00154326902702, "max": 0.404302954674, "mean": 0.191540151834, "median": 0.196647495031, "min": 0.00294163404033, "var": 0.0040136273019}, "melbands_kurtosis": {"dmean": 5.66541004181, "dmean2": 8.94051742554, "dvar": 62.7023086548, "dvar2": 145.912948608, "max": 108.615119934, "mean": 9.05743122101, "median": 5.38542842865, "min": -1.87044870853, "var": 138.219329834}, "melbands_skewness": {"dmean": 0.780411481857, "dmean2": 1.19078910351, "dvar": 0.576117515564, "dvar2": 1.25071978569, "max": 8.62376785278, "mean": 2.25083780289, "median": 2.14835953712, "min": -1.47881996632, "var": 2.14443206787}, "melbands_spread": {"dmean": 10.2677783966, "dmean2": 15.6295690536, "dvar": 228.940490723, "dvar2": 426.060180664, "max": 223.179794312, "mean": 30.443655014, "median": 21.3414936066, "min": 1.57328569889, "var": 978.953430176}, "mfcc": {"cov": [[12518.9121094, 961.883483887, -168.28024292, 152.17427063, -147.258178711, 12.7395181656, -174.061248779, -166.94468689, -129.535263062, -120.323829651, -108.225158691, -107.448829651, -121.613082886], [961.883483887, 1887.99658203, -350.01675415, -1.76890432835, 48.0866470337, -45.5267028809, 55.8931350708, 16.3285808563, -33.380859375, 21.4477596283, -0.594161868095, -14.9709272385, -12.1448526382], [-168.28024292, -350.01675415, 420.954162598, -21.1247520447, 9.29699516296, 20.1050777435, -29.0989665985, -0.489464938641, 4.09023809433, -9.53618812561, -3.91151046753, 8.58316516876, 12.7712783813], [152.17427063, -1.76890432835, -21.1247520447, 415.897705078, 65.2169036865, 39.2840614319, -23.9897327423, -35.2853660583, 29.6974601746, -12.5652923584, 7.43528413773, 35.0306549072, 10.6104879379], [-147.258178711, 48.0866470337, 9.29699516296, 65.2169036865, 158.167037964, 39.7199249268, 9.93856334686, -15.6370840073, 21.2969741821, 2.34796357155, -0.379586428404, 15.2416305542, 2.26256227493], [12.7395181656, -45.5267028809, 20.1050777435, 39.2840614319, 39.7199249268, 178.394012451, 63.4028129578, -23.8100452423, 18.5972194672, 13.5963897705, 4.51897192001, 25.8393592834, 7.5555729866], [-174.061248779, 55.8931350708, -29.0989665985, -23.9897327423, 9.93856334686, 63.4028129578, 166.071792603, 40.9153289795, 9.69583702087, 16.5100097656, 9.66269874573, 11.167801857, 15.4578304291], [-166.94468689, 16.3285808563, -0.489464938641, -35.2853660583, -15.6370840073, -23.8100452423, 40.9153289795, 125.267547607, 13.1103200912, -4.75788497925, 6.35277843475, -9.70914268494, 5.55908203125], [-129.535263062, -33.380859375, 4.09023809433, 29.6974601746, 21.2969741821, 18.5972194672, 9.69583702087, 13.1103200912, 105.440437317, 40.8810768127, -7.5355348587, 11.2928533554, 7.47597312927], [-120.323829651, 21.4477596283, -9.53618812561, -12.5652923584, 2.34796357155, 13.5963897705, 16.5100097656, -4.75788497925, 40.8810768127, 101.264060974, 28.9440307617, 2.81625819206, -1.87798678875], [-108.225158691, -0.594161868095, -3.91151046753, 7.43528413773, -0.379586428404, 4.51897192001, 9.66269874573, 6.35277843475, -7.5355348587, 28.9440307617, 75.6659622192, 22.9592113495, -1.01424264908], [-107.448829651, -14.9709272385, 8.58316516876, 35.0306549072, 15.2416305542, 25.8393592834, 11.167801857, -9.70914268494, 11.2928533554, 2.81625819206, 22.9592113495, 71.9051895142, 29.9044113159], [-121.613082886, -12.1448526382, 12.7712783813, 10.6104879379, 2.26256227493, 7.5555729866, 15.4578304291, 5.55908203125, 7.47597312927, -1.87798678875, -1.01424264908, 29.9044113159, 72.2348251343]], "icov": [[9.1957503173e-05, -5.57019993721e-05, -7.67426263337e-06, -4.57288806501e-05, 0.000131433291244, -8.30180506455e-05, 8.07207616162e-05, 8.71689626365e-05, 3.93808950321e-05, 7.5595038652e-05, 7.71672130213e-05, 7.37876689527e-05, 0.000102536832856], [-5.57019993721e-05, 0.000689353910275, 0.000527118216269, 3.43046667695e-05, -0.000405238824897, 0.000262125453446, -0.000219607172767, -0.000144901030581, 0.000350403774064, -0.000341920705978, 0.000165216624737, -9.19059457374e-05, -3.74775518139e-05], [-7.67426263337e-06, 0.000527118216269, 0.00291986507364, 0.000282297609374, -0.000425045465818, -0.000429343606811, 0.000682062644046, -0.000359514117008, 0.000162224969245, 2.01802376978e-05, 0.000134584464831, -0.000163929100381, -0.000488579331432], [-4.57288806501e-05, 3.43046667695e-05, 0.000282297609374, 0.00288113346323, -0.000941062637139, -0.00041186978342, 0.000570970762055, 0.000496411637869, -0.00104692438617, 0.000963091850281, -0.00067703606328, -0.000747034908272, -0.000199019850697], [0.000131433291244, -0.000405238824897, -0.000425045465818, -0.000941062637139, 0.00759448017925, -0.00126647925936, -0.000120920449262, 0.00080389669165, -0.00132810464129, 0.00067306769779, 8.52879820741e-05, -0.000494906387758, 0.000586164009292], [-8.30180506455e-05, 0.000262125453446, -0.000429343606811, -0.00041186978342, -0.00126647925936, 0.0080443136394, -0.00373284309171, 0.00219350354746, -0.000671746151056, -0.000347146153217, 0.000342202256434, -0.00184430007357, 0.000697786454111], [8.07207616162e-05, -0.000219607172767, 0.000682062644046, 0.000570970762055, -0.000120920449262, -0.00373284309171, 0.00886458624154, -0.00340077886358, 0.000699395022821, -0.00113385089207, 3.81962418032e-05, -0.000276772654615, -0.00133324542549], [8.71689626365e-05, -0.000144901030581, -0.000359514117008, 0.000496411637869, 0.00080389669165, 0.00219350354746, -0.00340077886358, 0.0107016656548, -0.00314821419306, 0.00287055876106, -0.00273599149659, 0.0025603021495, -0.000935309159104], [3.93808950321e-05, 0.000350403774064, 0.000162224969245, -0.00104692438617, -0.00132810464129, -0.000671746151056, 0.000699395022821, -0.00314821419306, 0.014336405322, -0.00760710937902, 0.00570370256901, -0.00324494857341, 0.000196724678972], [7.5595038652e-05, -0.000341920705978, 2.01802376978e-05, 0.000963091850281, 0.00067306769779, -0.000347146153217, -0.00113385089207, 0.00287055876106, -0.00760710937902, 0.015725672245, -0.00785166025162, 0.00334138050675, -0.00033569621155], [7.71672130213e-05, 0.000165216624737, 0.000134584464831, -0.00067703606328, 8.52879820741e-05, 0.000342202256434, 3.81962418032e-05, -0.00273599149659, 0.00570370256901, -0.00785166025162, 0.0197502728552, -0.00833213794976, 0.00332955480553], [7.37876689527e-05, -9.19059457374e-05, -0.000163929100381, -0.000747034908272, -0.000494906387758, -0.00184430007357, -0.000276772654615, 0.0025603021495, -0.00324494857341, 0.00334138050675, -0.00833213794976, 0.0221277400851, -0.00853682961315], [0.000102536832856, -3.74775518139e-05, -0.000488579331432, -0.000199019850697, 0.000586164009292, 0.000697786454111, -0.00133324542549, -0.000935309159104, 0.000196724678972, -0.00033569621155, 0.00332955480553, -0.00853682961315, 0.0179434362799]], "mean": [-685.359130859, 126.783630371, -12.8330917358, 30.2763347626, 3.21246957779, 9.12182044983, 0.475481003523, -3.68829298019, -0.984719574451, 0.227196738124, -0.640369296074, -0.762420237064, -3.14206361771]}, "pitch_salience": {"dmean": 0.0791542083025, "dmean2": 0.126106232405, "dvar": 0.00481726648286, "dvar2": 0.0114101320505, "max": 0.879210412502, "mean": 0.59335911274, "median": 0.603505134583, "min": 0.137992188334, "var": 0.0143313026056}, "silence_rate_20dB": {"dmean": 0, "dmean2": 0, "dvar": 0, "dvar2": 0, "max": 1, "mean": 1, "median": 1, "min": 1, "var": 0}, "silence_rate_30dB": {"dmean": 0, "dmean2": 0, "dvar": 0, "dvar2": 0, "max": 1, "mean": 1, "median": 1, "min": 1, "var": 0}, "silence_rate_60dB": {"dmean": 0.0490609444678, "dmean2": 0.098140694201, "dvar": 0.0466551035643, "dvar2": 0.101549476385, "max": 1, "mean": 0.127610653639, "median": 0, "min": 0, "var": 0.111326731741}, "spectral_centroid": {"dmean": 342.472839355, "dmean2": 517.261291504, "dvar": 168059.6875, "dvar2": 333359.28125, "max": 11782.4365234, "mean": 1628.66064453, "median": 1261.93164062, "min": 288.42276001, "var": 2721513.75}, "spectral_complexity": {"dmean": 5.54503631592, "dmean2": 7.60283708572, "dvar": 48.946056366, "dvar2": 83.8858184814, "max": 63, "mean": 16.2876033783, "median": 13, "min": 0, "var": 150.329559326}, "spectral_contrast_coeffs": {"dmean": [0.0570821128786, 0.0479533113539, 0.0383050069213, 0.0312677882612, 0.022559363395, 0.0233914647251], "dmean2": [0.0909495726228, 0.0774870589375, 0.061325121671, 0.0492441914976, 0.0352975316346, 0.0363225713372], "dvar": [0.00275609036908, 0.00164261157624, 0.00115154602099, 0.000739285780583, 0.000418764335336, 0.000492892053444], "dvar2": [0.00627317046747, 0.00402190582827, 0.00253800256178, 0.00169020262547, 0.000888291862793, 0.00125076400582], "max": [-0.249494940042, -0.464191555977, -0.526425302029, -0.585977911949, -0.624555289745, -0.598413527012], "mean": [-0.648240149021, -0.763132631779, -0.79645305872, -0.801335394382, -0.814595401287, -0.754877209663], "median": [-0.652372658253, -0.769893705845, -0.811533093452, -0.809490919113, -0.819992482662, -0.752502739429], "min": [-0.980425655842, -0.977203667164, -0.974184572697, -0.969537138939, -0.968623042107, -0.966431975365], "var": [0.011703168042, 0.00617051497102, 0.00588961690664, 0.00341208232567, 0.00228111213073, 0.00287529500201]}, "spectral_contrast_valleys": {"dmean": [0.373373419046, 0.426344424486, 0.387737572193, 0.360219627619, 0.354840397835, 0.424652427435], "dmean2": [0.596134781837, 0.672274589539, 0.586740553379, 0.524271309376, 0.486952066422, 0.495098501444], "dvar": [0.13749858737, 0.212860837579, 0.181509613991, 0.156721964478, 0.17070735991, 0.264913290739], "dvar2": [0.288117617369, 0.40599361062, 0.32640042901, 0.256031781435, 0.272422760725, 0.413230389357], "max": [-5.70599031448, -4.77526903152, -5.31442689896, -5.54347896576, -5.4688539505, -7.6625213623], "mean": [-7.90455007553, -7.43848419189, -7.98659658432, -8.1108455658, -8.06057357788, -11.0985097885], "median": [-7.30179405212, -6.91031837463, -7.51859712601, -7.67907142639, -7.64883995056, -10.7622413635], "min": [-28.6247882843, -28.3658103943, -27.8622455597, -27.8385505676, -27.5508079529, -27.4030036926], "var": [10.0945768356, 10.7138299942, 10.1090717316, 9.93322181702, 10.0439300537, 7.82195186615]}, "spectral_decrease": {"dmean": 1.83279391663e-09, "dmean2": 2.55186716203e-09, "dvar": 6.97418060166e-18, "dvar2": 1.30999319752e-17, "max": 1.08476879121e-19, "mean": -4.30466240431e-09, "median": -3.11399594999e-09, "min": -2.37327242303e-08, "var": 1.63631015891e-17}, "spectral_energy": {"dmean": 0.00743312109262, "dmean2": 0.0102406535298, "dvar": 0.000112148285552, "dvar2": 0.000205522781471, "max": 0.0970045775175, "mean": 0.0176733564585, "median": 0.0130356410518, "min": 9.89841883382e-21, "var": 0.00027301767841}, "spectral_energyband_high": {"dmean": 0.000444551493274, "dmean2": 0.000586702371947, "dvar": 9.59051249083e-07, "dvar2": 1.62284891303e-06, "max": 0.018477037549, "mean": 0.000749654951505, "median": 0.000127055012854, "min": 6.83514930568e-21, "var": 3.00584179058e-06}, "spectral_energyband_low": {"dmean": 0.00219169748016, "dmean2": 0.00343791302294, "dvar": 1.34032643473e-05, "dvar2": 3.17253397952e-05, "max": 0.0519417077303, "mean": 0.00377161661163, "median": 0.00226102117449, "min": 1.24192218243e-23, "var": 2.25615785894e-05}, "spectral_energyband_middle_high": {"dmean": 0.0023710639216, "dmean2": 0.00316516146995, "dvar": 1.32184504764e-05, "dvar2": 2.21147693082e-05, "max": 0.0536995865405, "mean": 0.00461518811062, "median": 0.00188147521112, "min": 1.19638649935e-21, "var": 3.83710794267e-05}, "spectral_energyband_middle_low": {"dmean": 0.00507890991867, "dmean2": 0.00757092935964, "dvar": 6.75369374221e-05, "dvar2": 0.000145718484418, "max": 0.0781289488077, "mean": 0.0093590579927, "median": 0.00531825236976, "min": 1.73476293831e-22, "var": 0.000120947428513}, "spectral_entropy": {"dmean": 0.167098999023, "dmean2": 0.24072279036, "dvar": 0.0301712751389, "dvar2": 0.0564089603722, "max": 9.82204627991, "mean": 7.66362905502, "median": 7.67068004608, "min": 6.05603504181, "var": 0.248970255256}, "spectral_flux": {"dmean": 0.0251298565418, "dmean2": 0.0380690693855, "dvar": 0.000809919089079, "dvar2": 0.00171051372308, "max": 0.261012673378, "mean": 0.0745526179671, "median": 0.0655122175813, "min": 6.4036838332e-11, "var": 0.00224106898531}, "spectral_kurtosis": {"dmean": 1.68622076511, "dmean2": 2.78391933441, "dvar": 3.28565716743, "dvar2": 8.95383834839, "max": 30.5214538574, "mean": 5.16652774811, "median": 4.82321977615, "min": -1.30005192757, "var": 8.12686920166}, "spectral_rms": {"dmean": 0.000805798161309, "dmean2": 0.00107828644104, "dvar": 9.2023498155e-07, "dvar2": 1.51688118422e-06, "max": 0.00972823798656, "mean": 0.00369693245739, "median": 0.00356618827209, "min": 3.1075704076e-12, "var": 3.57503631676e-06}, "spectral_rolloff": {"dmean": 558.232116699, "dmean2": 904.297363281, "dvar": 800307.25, "dvar2": 1582872.875, "max": 19875.1464844, "mean": 1927.82177734, "median": 1227.39257812, "min": 64.599609375, "var": 9063283}, "spectral_skewness": {"dmean": 0.260850697756, "dmean2": 0.407486468554, "dvar": 0.0634810402989, "dvar2": 0.151550799608, "max": 4.01077032089, "mean": 1.52302348614, "median": 1.55629122257, "min": -0.0849393457174, "var": 0.284626245499}, "spectral_spread": {"dmean": 590506.375, "dmean2": 907763.75, "dvar": 1047469490180.0, "dvar2": 2314145628160.0, "max": 48495256, "mean": 4897558, "median": 3769844.25, "min": 2021881.125, "var": 32880988258300