{"lowlevel": {"average_loudness": 0.674551010132, "barkbands": {"dmean": [1.4079230823e-05, 0.000296420766972, 0.000850021431688, 0.00069946894655, 0.000747248181142, 0.000465076125693, 0.000266462331638, 0.000239932109253, 0.000168002647115, 0.000215693522478, 0.000165578370797, 0.000127646228066, 7.44152785046e-05, 0.000129813372041, 0.000176454501343, 0.000163750300999, 0.000177293040906, 0.000181006733328, 0.000225258932915, 0.000339586229529, 0.000335159798851, 9.93943176582e-05, 5.40708206245e-05, 2.84905872832e-05, 3.53619853399e-08, 1.77873129559e-08, 3.76035602656e-09], "dmean2": [2.34367289522e-05, 0.000492781924549, 0.00145334308036, 0.00117867696099, 0.00120729091577, 0.000781781913247, 0.000435152003774, 0.000389288848964, 0.000277433660813, 0.000353206356522, 0.000273795973044, 0.000210820275242, 0.000118429881695, 0.000205657808692, 0.000286716298433, 0.000264516478637, 0.000286604772555, 0.000291423959425, 0.000362417893484, 0.000546921626665, 0.000537273590453, 0.000148041348439, 8.07971300674e-05, 4.64723416371e-05, 5.67300659782e-08, 3.26504867587e-08, 6.93956714315e-09], "dvar": [1.09607878329e-09, 3.17317784493e-07, 3.10046652885e-06, 1.65519099937e-06, 1.60230297297e-06, 7.71613770212e-07, 3.74428793748e-07, 5.27006193352e-07, 2.67528463382e-07, 3.61106486935e-07, 2.0579717841e-07, 1.53203259856e-07, 4.7333941211e-08, 8.72204068969e-08, 1.73882838794e-07, 1.71396933979e-07, 1.12384945794e-07, 1.02000669244e-07, 2.01745265827e-07, 4.33396223798e-07, 4.81302492972e-07, 4.61973499455e-08, 2.78929697117e-08, 1.11075522113e-08, 1.07416998202e-13, 1.02585439262e-14, 3.94448949855e-16], "dvar2": [2.70478350828e-09, 8.16998237951e-07, 8.4909997895e-06, 4.41390966444e-06, 3.81368181479e-06, 2.10682355828e-06, 9.08668027932e-07, 1.22289918636e-06, 7.09950882083e-07, 9.41366920415e-07, 5.24099391441e-07, 4.15617193994e-07, 1.08738838378e-07, 2.01655495857e-07, 4.40505289134e-07, 4.3405367478e-07, 2.96052917292e-07, 2.61088814568e-07, 5.44526244539e-07, 1.14198451229e-06, 1.2537409475e-06, 1.01655068363e-07, 6.56506671248e-08, 3.14358672426e-08, 2.33469304002e-13, 2.92330246923e-14, 1.14095676808e-15], "max": [0.000802241789643, 0.00851728208363, 0.0328467302024, 0.0287837944925, 0.0273016616702, 0.0184386186302, 0.0158842448145, 0.0228310823441, 0.0143681606278, 0.0224374197423, 0.0115052079782, 0.0117549328133, 0.00533331558108, 0.00563931232318, 0.0106642283499, 0.0129960794002, 0.00645247800276, 0.00583286955953, 0.0139303710312, 0.0122683038935, 0.0133223049343, 0.00646986858919, 0.00715363724157, 0.0027621332556, 1.89375987247e-05, 2.19365051635e-06, 4.50783204542e-07], "mean": [1.43347042467e-05, 0.000408004649216, 0.00114694284275, 0.00103188841604, 0.00126205547713, 0.000610554183368, 0.00033958395943, 0.000304884277284, 0.000223128939979, 0.000318068341585, 0.000253674515989, 0.000194864012883, 0.000114381073217, 0.000204963245778, 0.000292311917292, 0.000265345122898, 0.000307899084873, 0.000375930918381, 0.000457163958345, 0.000847438059282, 0.000936196302064, 0.000204663941986, 0.000116899180284, 4.91599639645e-05, 3.21776880696e-08, 1.17830669666e-08, 2.54256615762e-09], "median": [4.61200488644e-06, 0.000193903804757, 0.000498577486724, 0.000496930850204, 0.000740891147871, 0.000311127543682, 0.000113015361421, 7.31456675567e-05, 7.2053509939e-05, 9.67825690168e-05, 7.78921457822e-05, 5.07388213009e-05, 3.46285742125e-05, 6.81133533362e-05, 0.000102300138678, 9.99800031423e-05, 0.000129392996314, 0.000190862629097, 0.000210638245335, 0.000244634633418, 0.000164500423125, 8.02194117568e-05, 3.93607333535e-05, 1.18892612591e-05, 1.20214213584e-10, 9.84693090955e-11, 9.63291738043e-11], "min": [1.58354271645e-24, 6.0744762781e-24, 8.07084380993e-24, 1.33998427855e-24, 1.59416514269e-23, 8.95580453948e-24, 1.49224967799e-23, 1.97907625299e-23, 2.1247861197e-23, 3.83852806059e-23, 3.26313039197e-23, 3.49116704493e-23, 4.94288915169e-23, 3.10689901404e-23, 6.24331341663e-23, 6.30892771128e-23, 1.09180671689e-22, 9.45458188387e-23, 1.43898364397e-22, 1.35271621351e-22, 2.94150025198e-22, 3.36378014512e-22, 5.72057492711e-22, 6.06017235239e-22, 1.02458647814e-21, 1.49545883989e-21, 2.18439295457e-21], "var": [1.20782173152e-09, 4.08071912261e-07, 3.49886886397e-06, 2.36730784309e-06, 2.73394925898e-06, 8.8254006414e-07, 5.67702045373e-07, 8.31507861676e-07, 3.49860528104e-07, 6.31737066215e-07, 4.09138209534e-07, 2.85175019599e-07, 9.09924722237e-08, 1.65600141599e-07, 3.8326726326e-07, 3.21257971336e-07, 2.27200800396e-07, 2.68350419219e-07, 4.91717571549e-07, 1.78274785867e-06, 2.4070368454e-06, 1.21165513178e-07, 5.1991026595e-08, 2.1011324236e-08, 1.5039711013e-13, 7.19860436993e-15, 2.7112876132e-16]}, "barkbands_crest": {"dmean": 2.19870209694, "dmean2": 3.62995934486, "dvar": 3.79626321793, "dvar2": 9.94824886322, "max": 23.0283565521, "mean": 7.82066106796, "median": 7.04546785355, "min": 2.22810649872, "var": 10.6955909729}, "barkbands_flatness_db": {"dmean": 0.0217286273837, "dmean2": 0.0360000506043, "dvar": 0.00029755779542, "dvar2": 0.000823232578114, "max": 0.446061521769, "mean": 0.177084892988, "median": 0.172337457538, "min": 0.014972214587, "var": 0.00191976630595}, "barkbands_kurtosis": {"dmean": 1.63029503822, "dmean2": 2.65290856361, "dvar": 8.89771747589, "dvar2": 22.5146484375, "max": 103.639068604, "mean": 1.01929962635, "median": -0.663413286209, "min": -1.90360784531, "var": 28.9902172089}, "barkbands_skewness": {"dmean": 0.513796806335, "dmean2": 0.811789751053, "dvar": 0.219995483756, "dvar2": 0.541113138199, "max": 8.35923194885, "mean": 0.791294336319, "median": 0.711363911629, "min": -2.78213191032, "var": 1.28813946247}, "barkbands_spread": {"dmean": 7.13272714615, "dmean2": 11.2556753159, "dvar": 41.8277740479, "dvar2": 99.2929077148, "max": 102.110733032, "mean": 36.7592315674, "median": 36.469367981, "min": 0.937492549419, "var": 267.527832031}, "dissonance": {"dmean": 0.0103429732844, "dmean2": 0.0174323711544, "dvar": 0.000162896423717, "dvar2": 0.000438321789261, "max": 0.5, "mean": 0.480244904757, "median": 0.486685812473, "min": 0.237598702312, "var": 0.000539012893569}, "dynamic_complexity": 4.93571186066, "erbbands": {"dmean": [0.00647272914648, 0.0835440009832, 0.715910553932, 1.90810906887, 2.44692134857, 2.37897801399, 3.8194694519, 3.48124027252, 3.61830997467, 3.21995830536, 6.15630340576, 3.94087386131, 4.01996183395, 8.37053394318, 5.46297264099, 5.02927494049, 2.82431030273, 6.15075588226, 8.63188457489, 8.10099029541, 8.02319812775, 8.313331604, 9.07326030731, 11.0784044266, 11.6243982315, 16.2962684631, 15.8935203552, 12.2670278549, 3.68633770943, 2.56878256798, 1.46995902061, 1.12841176987, 0.0599083416164, 0.00235022162087, 0.000274458347121, 9.00976156117e-05, 4.06658728025e-05, 1.07173700599e-05, 2.72811848845e-06, 3.81636345992e-06], "dmean2": [0.0103691974655, 0.142245262861, 1.22251796722, 3.21495461464, 3.98604035378, 3.83941364288, 6.41620016098, 5.89810657501, 5.93383550644, 5.25058078766, 9.84593772888, 6.39481306076, 6.59605646133, 13.5565452576, 8.89356708527, 8.26888656616, 4.46449804306, 9.66419029236, 14.0562477112, 12.8819284439, 12.7223482132, 13.2436618805, 14.6256694794, 17.9131851196, 18.640460968, 25.9504089355, 25.6774711609, 19.5371437073, 5.48661708832, 3.79261350632, 2.23755455017, 1.8200969696, 0.096285417676, 0.00371306040324, 0.000444008648628, 0.000154456371092, 7.12402761565e-05, 1.84557502507e-05, 4.1023013182e-06, 5.68709265281e-06], "dvar": [0.000233145445236, 0.026536423713, 2.21925568581, 12.4024515152, 30.2288799286, 14.3622159958, 47.0599708557, 57.394821167, 51.8124389648, 64.1961288452, 398.114227295, 153.278137207, 98.3244247437, 588.25579834, 173.598861694, 277.981689453, 53.2161331177, 244.695968628, 483.17755127, 370.856231689, 315.511108398, 247.876556396, 244.388763428, 452.236175537, 521.466369629, 1023.81878662, 1169.24035645, 707.468688965, 56.806224823, 44.3290252686, 24.6270675659, 18.0466861725, 0.0589228533208, 8.93318210728e-05, 1.11675001335e-06, 1.53788775492e-07, 4.01643163173e-08, 2.31177210708e-09, 2.43238242048e-11, 2.93586162325e-11], "dvar2": [0.00053566735005, 0.0710567310452, 6.07930994034, 33.463924408, 70.6096496582, 35.7974014282, 126.326347351, 156.404907227, 129.469161987, 157.011749268, 926.402770996, 394.741149902, 263.563720703, 1520.15466309, 416.335876465, 752.974731445, 122.1616745, 544.75378418, 1279.08129883, 922.408935547, 790.795166016, 619.827026367, 629.28918457, 1193.57373047, 1376.95007324, 2673.65307617, 3126.64501953, 1788.16589355, 123.74811554, 102.791770935, 59.2696990967, 49.3536643982, 0.159845620394, 0.00021707182168, 2.76731543636e-06, 4.26115434493e-07, 1.14885352787e-07, 6.6140137811e-09, 5.73599015508e-11, 6.05795691389e-11], "max": [0.336893767118, 1.91298997402, 25.8382797241, 61.4285850525, 139.822357178, 68.9572143555, 122.634841919, 185.31022644, 129.031280518, 187.420822144, 710.760314941, 418.594116211, 307.800628662, 904.599365234, 407.602111816, 594.740478516, 202.804122925, 382.989807129, 670.827514648, 594.013122559, 656.429626465, 367.928894043, 296.986022949, 591.596069336, 565.465637207, 650.067443848, 610.826416016, 516.239990234, 218.503890991, 260.383636475, 244.098556519, 120.038673401, 5.96450567245, 0.411424219608, 0.0460010282695, 0.00906913075596, 0.00479556433856, 0.00133069697767, 0.000131997396238, 9.29002271732e-05], "mean": [0.00816129520535, 0.118015766144, 0.976588666439, 3.06188702583, 3.65000033379, 3.93011641502, 5.35744190216, 4.33143186569, 4.72011756897, 4.28820037842, 8.06677246094, 5.5087351799, 6.27726697922, 12.8370456696, 9.62379837036, 8.01536464691, 5.05504703522, 10.2610273361, 14.5592155457, 14.9052371979, 14.2468280792, 15.7519435883, 19.5360336304, 23.4249897003, 26.0077362061, 41.0024032593, 41.741268158, 30.1994972229, 8.26658058167, 5.30697011948, 3.14843606949, 2.16627955437, 0.107137240469, 0.00422870926559, 0.000465844379505, 0.000122107288917, 4.81192182633e-05, 1.5084217921e-05, 9.85746828519e-06, 1.48628705574e-05], "median": [0.00315537326969, 0.0599577277899, 0.463056027889, 1.5010188818, 1.96233046055, 2.25741076469, 2.75930118561, 2.07187223434, 1.91801595688, 1.52405107021, 1.93841612339, 1.91259729862, 2.30731010437, 3.87291836739, 3.32318949699, 2.28679060936, 1.78035223484, 3.33250975609, 4.98498439789, 5.95746564865, 5.8080124855, 6.90999698639, 9.85704898834, 11.6087799072, 11.5812387466, 11.8281593323, 8.32755279541, 5.34457349777, 3.47855687141, 1.81561851501, 1.09119665623, 0.607105016708, 0.0264739636332, 0.00105218554381, 0.000124298836454, 3.17844060191e-05, 1.16317423817e-05, 4.15391969e-06, 5.90601985095e-06, 1.01955929495e-05], "min": [2.04927887821e-22, 1.22306741599e-21, 6.26359214011e-21, 1.37624387768e-20, 2.77324094144e-20, 4.41919917475e-20, 9.22355819963e-20, 7.7295465825e-20, 1.22558814793e-19, 1.86456811053e-19, 4.77369757215e-19, 4.7516924999e-19, 6.88770652004e-19, 1.82955001383e-18, 1.28556605772e-18, 1.23389332563e-18, 2.33282220815e-18, 2.23257164022e-18, 3.78303443089e-18, 2.80974973393e-18, 4.33771900221e-18, 6.46525069875e-18, 5.04291611701e-18, 8.29098430803e-18, 6.85379273531e-18, 6.96881468102e-18, 1.1378237421e-17, 1.25279117662e-17, 1.31140337503e-17, 1.3851147629e-17, 1.33362037095e-17, 1.02445400694e-17, 9.07220014831e-18, 9.73261701347e-18, 7.58942513357e-18, 5.37846482762e-18, 2.51945669501e-18, 1.0750239832e-18, 2.54962810785e-19, 3.0295383306e-20], "var": [0.000285982590867, 0.0307143609971, 2.34037399292, 18.9456005096, 40.06457901, 25.076128006, 66.4875869751, 58.9723510742, 77.4432601929, 93.3756332397, 666.731933594, 199.503479004, 180.912399292, 1071.25085449, 447.270874023, 487.312896729, 126.361625671, 469.636260986, 1020.82061768, 907.972106934, 707.696716309, 577.513061523, 691.907836914, 1216.21582031, 1378.09143066, 4186.37451172, 4741.07617188, 2754.6652832, 169.776794434, 97.0727615356, 40.0068817139, 33.5883636475, 0.105047091842, 0.000166479672771, 1.74122578755e-06, 1.44767028587e-07, 3.23377626898e-08, 2.00820693408e-09, 1.19836127133e-10, 1.9811763341e-10]}, "erbbands_crest": {"dmean": 2.08860063553, "dmean2": 3.4497089386, "dvar": 4.00134801865, "dvar2": 10.5815238953, "max": 28.4267673492, "mean": 7.43554830551, "median": 6.75318193436, "min": 2.49120545387, "var": 9.65723419189}, "erbbands_flatness_db": {"dmean": 0.0122254798189, "dmean2": 0.0192217193544, "dvar": 0.000116587179946, "dvar2": 0.000286420778139, "max": 0.367443621159, "mean": 0.208001688123, "median": 0.206947788596, "min": 0.0589045360684, "var": 0.00111225631554}, "erbbands_kurtosis": {"dmean": 1.1698974371, "dmean2": 1.88562119007, "dvar": 3.07893705368, "dvar2": 7.4809346199, "max": 37.8687133789, "mean": 0.647697091103, "median": -0.287263631821, "min": -1.83281064034, "var": 7.83860445023}, "erbbands_skewness": {"dmean": 0.41074770689, "dmean2": 0.641460776329, "dvar": 0.128520727158, "dvar2": 0.306073635817, "max": 4.67158412933, "mean": -0.666064500809, "median": -0.65437155962, "min": -4.5033121109, "var": 0.902662098408}, "erbbands_spread": {"dmean": 8.89185333252, "dmean2": 14.3603649139, "dvar": 65.505531311, "dvar2": 167.960296631, "max": 113.670082092, "mean": 43.4206352234, "median": 42.7568244934, "min": 4.03959941864, "var": 253.623504639}, "gfcc": {"cov": [[23460.6367188, 769.752563477, -2741.51391602, 1417.24438477, -1082.57470703, -9.38225460052, 54.0471916199, -389.152130127, -177.549926758, -420.151245117, -122.805305481, -367.439697266, -129.49041748], [769.752563477, 1281.45874023, -99.9080276489, -128.667602539, 121.449234009, -194.230621338, 12.6499347687, -166.247772217, 86.8152770996, -115.453681946, 16.1537857056, -46.0838165283, -3.86014914513], [-2741.51391602, -99.9080276489, 731.543029785, -10.4047212601, 102.933853149, 84.3003082275, -50.8621139526, 74.7369918823, 16.5816497803, 35.6567268372, 38.3608970642, 19.5386581421, 13.5722913742], [1417.24438477, -128.667602539, -10.4047212601, 433.668029785, -62.9538955688, 26.1397571564, -15.3918704987, -10.7116069794, -20.5727500916, -36.4074745178, 0.845346331596, -30.6355037689, 4.8618350029], [-1082.57470703, 121.449234009, 102.933853149, -62.9538955688, 221.271102905, -10.6752290726, 21.6392097473, -18.067861557, 3.31653165817, 8.25450515747, -14.2412004471, 15.5518121719, 23.512752533], [-9.38225460052, -194.230621338, 84.3003082275, 26.1397571564, -10.6752290726, 220.482345581, 10.1352882385, 40.2452850342, -27.3521327972, -12.5031270981, 22.0304698944, -17.7923221588, -4.50098800659], [54.0471916199, 12.6499347687, -50.8621139526, -15.3918704987, 21.6392097473, 10.1352882385, 144.748733521, 18.4375667572, -32.4917602539, 12.4549331665, -15.0375556946, 8.42905330658, 8.19695663452], [-389.152130127, -166.247772217, 74.7369918823, -10.7116069794, -18.067861557, 40.2452850342, 18.4375667572, 106.686347961, 19.4976463318, 15.7553195953, 9.88066291809, 2.76753544807, -3.21668934822], [-177.549926758, 86.8152770996, 16.5816497803, -20.5727500916, 3.31653165817, -27.3521327972, -32.4917602539, 19.4976463318, 84.6761856079, 17.0566043854, 2.64312911034, -6.55807685852, -13.3169183731], [-420.151245117, -115.453681946, 35.6567268372, -36.4074745178, 8.25450515747, -12.5031270981, 12.4549331665, 15.7553195953, 17.0566043854, 78.4379653931, 10.0381994247, 16.6355228424, -1.71797907352], [-122.805305481, 16.1537857056, 38.3608970642, 0.845346331596, -14.2412004471, 22.0304698944, -15.0375556946, 9.88066291809, 2.64312911034, 10.0381994247, 62.6872177124, 13.4006175995, -3.11734247208], [-367.439697266, -46.0838165283, 19.5386581421, -30.6355037689, 15.5518121719, -17.7923221588, 8.42905330658, 2.76753544807, -6.55807685852, 16.6355228424, 13.4006175995, 61.6940841675, 21.4630718231], [-129.49041748, -3.86014914513, 13.5722913742, 4.8618350029, 23.512752533, -4.50098800659, 8.19695663452, -3.21668934822, -13.3169183731, -1.71797907352, -3.11734247208, 21.4630718231, 56.2909355164]], "icov": [[0.000191188708413, -0.000376743584638, 0.000646639207844, -0.000604983826634, 0.000618598773144, -0.000420190452132, 0.000327159505105, -0.000295701320283, 0.000642838946078, -0.000454232271295, 0.000528262404259, 8.92328607733e-05, 8.72340460774e-05], [-0.000376743584638, 0.00399693474174, -0.00179291481618, 0.00242689321749, -0.0020878626965, 0.00325335701928, -0.00427578855306, 0.00612982502207, -0.0071645048447, 0.00760411471128, -0.00598191795871, 0.00322396331467, -0.00128811958712], [0.000646639207844, -0.00179291481618, 0.0041477419436, -0.00238535483368, 0.00107487733476, -0.0023079609964, 0.00282740383409, -0.00332304346375, 0.00349596445449, -0.00334471114911, 0.00197733636014, -0.000432306202129, 0.000334703101544], [-0.000604983826634, 0.00242689321749, -0.00238535483368, 0.00499747460708, -0.001505695167, 0.00217721937224, -0.00236762803979, 0.00333423051052, -0.00390341482125, 0.00475462712348, -0.00379121606238, 0.00231638527475, -0.00161494500935], [0.000618598773144, -0.0020878626965, 0.00107487733476, -0.001505695167, 0.00818851403892, -0.0020823830273, 0.00048831658205, -0.000202259907383, 0.00226866314188, -0.00303449924104, 0.00440674461424, -0.00109145243187, -0.00141450669616], [-0.000420190452132, 0.00325335701928, -0.0023079609964, 0.00217721937224, -0.0020823830273, 0.00869569648057, -0.00359137868509, 0.00244032079354, -0.0032152722124, 0.00684468541294, -0.00709364656359, 0.00483212806284, -0.000934562063776], [0.000327159505105, -0.00427578855306, 0.00282740383409, -0.00236762803979, 0.00048831658205, -0.00359137868509, 0.0140532376245, -0.00998379569501, 0.0122392186895, -0.0106114586815, 0.00850847363472, -0.00415565585718, 0.00150141259655], [-0.000295701320283, 0.00612982502207, -0.00332304346375, 0.00333423051052, -0.000202259907383, 0.00244032079354, -0.00998379569501, 0.0231618247926, -0.0158343203366, 0.0114336824045, -0.00941187422723, 0.00472147390246, -0.00240812869743], [0.000642838946078, -0.0071645048447, 0.00349596445449, -0.00390341482125, 0.00226866314188, -0.0032152722124, 0.0122392186895, -0.0158343203366, 0.0297064296901, -0.0170185696334, 0.0105156907812, -0.00328287645243, 0.00493230856955], [-0.000454232271295, 0.00760411471128, -0.00334471114911, 0.00475462712348, -0.00303449924104, 0.00684468541294, -0.0106114586815, 0.0114336824045, -0.0170185696334, 0.0307127442211, -0.0132688488811, 0.00327519956045, -0.00118668167852], [0.000528262404259, -0.00598191795871, 0.00197733636014, -0.00379121606238, 0.00440674461424, -0.00709364656359, 0.00850847363472, -0.00941187422723, 0.0105156907812, -0.0132688488811, 0.0285676605999, -0.010704504326, 0.00421728752553], [8.92328607733e-05, 0.00322396331467, -0.000432306202129, 0.00231638527475, -0.00109145243187, 0.00483212806284, -0.00415565585718, 0.00472147390246, -0.00328287645243, 0.00327519956045, -0.010704504326, 0.0268435366452, -0.00945687759668], [8.72340460774e-05, -0.00128811958712, 0.000334703101544, -0.00161494500935, -0.00141450669616, -0.000934562063776, 0.00150141259655, -0.00240812869743, 0.00493230856955, -0.00118668167852, 0.00421728752553, -0.00945687759668, 0.023065822199]], "mean": [-102.52142334, 127.493919373, -172.699325562, 85.6644134521, -69.3795928955, -8.70317363739, -12.5157136917, -29.584695816, -1.14472317696, -29.1882019043, -3.20142889023, -14.9209337234, -5.04150152206]}, "hfc": {"dmean": 4.49651861191, "dmean2": 6.65815448761, "dvar": 54.5630569458, "dvar2": 127.778953552, "max": 141.22756958, "mean": 17.3606929779, "median": 8.61984157562, "min": 1.14755811936e-16, "var": 417.5909729}, "melbands": {"dmean": [6.70573135721e-05, 0.000282517023152, 0.000320213468513, 0.000177774927579, 0.000118948766612, 7.88162797107e-05, 5.68798495806e-05, 3.55215088348e-05, 4.93998813909e-05, 2.40356039285e-05, 2.07495486393e-05, 3.48584944732e-05, 2.06881886697e-05, 1.58538987307e-05, 8.08020649856e-06, 8.63424156705e-06, 1.22146284411e-05, 1.41181872095e-05, 1.19297874335e-05, 1.31750284709e-05, 9.61298974289e-06, 9.17398665479e-06, 9.84981306829e-06, 9.60770921665e-06, 9.74879003479e-06, 9.23516836338e-06, 1.09650000013e-05, 1.198256723e-05, 1.25466194731e-05, 8.19111482997e-06, 6.77025309415e-06, 2.14482997762e-06, 2.01212219508e-06, 1.29479724365e-06, 9.00506790913e-07, 9.59835233516e-07, 5.80049515975e-07, 8.20644441291e-09, 4.21713802767e-10, 4.78554140759e-10], "dmean2": [0.000109454464109, 0.000481066061184, 0.000531042285729, 0.000285150570562, 0.000198343885131, 0.000132797154947, 9.29252564674e-05, 5.82392422075e-05, 7.83712457633e-05, 3.94115195377e-05, 3.41462073266e-05, 5.66542003071e-05, 3.38120080414e-05, 2.63791607722e-05, 1.30028656713e-05, 1.36430035127e-05, 1.93728610611e-05, 2.3001775844e-05, 1.9252027414e-05, 2.12840241147e-05, 1.53897090058e-05, 1.47001355799e-05, 1.621982301e-05, 1.55716861627e-05, 1.59401279234e-05, 1.50013420352e-05, 1.7685977582e-05, 1.92351362784e-05, 2.03560812224e-05, 1.32468367156e-05, 1.07682071757e-05, 3.25159339809e-06, 3.09094366457e-06, 1.93957362171e-06, 1.38069958666e-06, 1.52511120177e-06, 9.44577209339e-07, 1.39886759953e-08, 6.4714206216e-10, 7.4862460675e-10], "dvar": [1.81020567425e-08, 3.38546698231e-07, 3.45244956179e-07, 9.89403616813e-08, 4.23172750175e-08, 2.61854591344e-08, 1.39624924955e-08, 6.55026033414e-09, 2.66064006382e-08, 6.1581721944e-09, 2.64686961238e-09, 1.04705399906e-08, 3.05753644625e-09, 2.37259434321e-09, 6.46961761941e-10, 6.92785384615e-10, 9.1734364549e-10, 1.32072508485e-09, 8.04979638502e-10, 1.19430521028e-09, 4.33955954504e-10, 3.53944984433e-10, 3.36485755925e-10, 2.81651840739e-10, 3.68101604753e-10, 3.69346914164e-10, 4.41702369125e-10, 5.96940163966e-10, 7.81349929202e-10, 3.0302541032e-10, 2.13795439685e-10, 1.87455537204e-11, 2.81585015721e-11, 1.09485701755e-11, 9.25864159645e-12, 9.54111616103e-12, 5.61202603486e-12, 1.70358675659e-15, 2.357400722e-17, 2.45556902817e-17], "dvar2": [4.37347047466e-08, 9.2839491117e-07, 8.85370411652e-07, 2.33215118328e-07, 1.14741936841e-07, 7.14029511073e-08, 3.45917570144e-08, 1.62626214717e-08, 6.21402449497e-08, 1.59330344474e-08, 7.13202075175e-09, 2.70639901601e-08, 7.44970796163e-09, 6.37183950047e-09, 1.62065361131e-09, 1.57224500086e-09, 2.07012007536e-09, 3.52706286399e-09, 1.95240734691e-09, 3.13929948703e-09, 1.11201492459e-09, 8.92752594073e-10, 8.94430751686e-10, 7.33726746027e-10, 9.7884256256e-10, 1.01838648625e-09, 1.15386611377e-09, 1.55405421864e-09, 2.09750350422e-09, 7.82452991288e-10, 5.33032229466e-10, 4.10860200029e-11, 6.72318312134e-11, 2.55403528188e-11, 2.29404151925e-11, 2.42540328099e-11, 1.56833279003e-11, 4.67790292857e-15, 4.2494948132e-17, 5.39361728752e-17], "max": [0.00264891865663, 0.00991559401155, 0.0113296918571, 0.00665280921385, 0.00349374301732, 0.00385934254155, 0.00261061312631, 0.00170204299502, 0.00618468876928, 0.00279489881359, 0.00151317554992, 0.00386595050804, 0.00178823375609, 0.0012990279356, 0.000938114244491, 0.000732935848646, 0.000701676937751, 0.00108280975837, 0.000703001162037, 0.00101585371885, 0.000659384764731, 0.000462486903416, 0.000337933597621, 0.000285841437289, 0.000529830751475, 0.000575472717173, 0.000485786178615, 0.000570368953049, 0.000546004797798, 0.000356851349352, 0.000323109445162, 9.90703047137e-05, 0.000180589180673, 0.000135488779051, 0.000156573252752, 0.000108576998173, 6.07478177699e-05, 1.71078136191e-06, 3.53125500396e-07, 2.72881010233e-07], "mean": [9.17271318031e-05, 0.000399118289351, 0.000526345742401, 0.000284203415504, 0.000178281523404, 0.0001002262361, 7.36661968403e-05, 4.69467959192e-05, 6.49876819807e-05, 3.22122359648e-05, 3.10959621856e-05, 5.22453628946e-05, 3.40310834872e-05, 2.45370647463e-05, 1.24732459881e-05, 1.33597632157e-05, 1.92338156921e-05, 2.24150680879e-05, 2.03221316042e-05, 2.08739365917e-05, 1.58560524142e-05, 1.59600713232e-05, 1.73453900061e-05, 1.87146852113e-05, 1.8727439965e-05, 1.76939629455e-05, 2.26892170758e-05, 2.76456539723e-05, 2.85958321911e-05, 2.10760626942e-05, 1.49630341184e-05, 4.12054214394e-06, 3.69057283933e-06, 2.57188980868e-06, 1.72970226231e-06, 1.90570438008e-06, 9.88617898656e-07, 8.19991630152e-09, 4.10270900586e-10, 4.43147130103e-10], "median": [4.32884226029e-05, 0.000198352499865, 0.000287032860797, 0.00016003093333, 9.97383322101e-05, 4.93307161378e-05, 2.83597182715e-05, 1.65276524058e-05, 1.46225784192e-05, 1.09947250166e-05, 1.08998428914e-05, 1.48279659697e-05, 1.09137990876e-05, 7.09588766767e-06, 4.00322505811e-06, 3.67471943719e-06, 6.14167311142e-06, 7.28858685761e-06, 7.62022273193e-06, 7.81993730925e-06, 6.1484215621e-06, 6.76659010423e-06, 7.45557872506e-06, 9.27309247345e-06, 8.94353797776e-06, 7.82127335697e-06, 8.36200888443e-06, 7.51278366806e-06, 5.68308223592e-06, 3.36492735187e-06, 2.93070661428e-06, 1.69585814547e-06, 1.22664846458e-06, 8.16189867692e-07, 5.34500998128e-07, 6.70071187869e-07, 2.1848047993e-07, 7.88029197452e-10, 1.43795381418e-12, 1.14000508252e-12], "min": [1.84677268293e-24, 3.00750833811e-24, 2.45925612266e-24, 1.83592466219e-24, 2.8365536997e-24, 1.63122482222e-24, 2.47930581142e-24, 2.48282156726e-24, 3.03800254526e-24, 2.58644298311e-24, 3.02946864799e-24, 6.69216264992e-24, 4.48447821425e-24, 3.04457513711e-24, 3.72002663759e-24, 5.26267648104e-24, 2.49940933995e-24, 5.93603316138e-24, 4.10659451355e-24, 4.23129172899e-24, 4.52073899462e-24, 6.82697976749e-24, 4.86374478811e-24, 5.13886357868e-24, 5.65159831795e-24, 4.99972468664e-24, 5.41735751063e-24, 3.61377062353e-24, 7.56442824093e-24, 7.05083167112e-24, 6.8213780662e-24, 6.39309798658e-24, 7.92645307642e-24, 7.14545317012e-24, 6.95681365071e-24, 7.06582397262e-24, 5.65457902888e-24, 6.18596638426e-24, 5.78769457347e-24, 7.83420368216e-24], "var": [2.37641746281e-08, 3.63264064163e-07, 5.16016314123e-07, 1.61024615863e-07, 6.30577616789e-08, 2.78253633468e-08, 2.090051332e-08, 9.4271790374e-09, 4.59972184785e-08, 7.44996908608e-09, 4.79649475693e-09, 1.88014848135e-08, 7.13971770594e-09, 4.38756009302e-09, 1.05029429598e-09, 1.33804511915e-09, 1.67820146668e-09, 2.62128918571e-09, 1.84405024584e-09, 2.08064787621e-09, 8.95095830789e-10, 7.19310722097e-10, 6.76818379119e-10, 6.81055822849e-10, 8.87192985743e-10, 7.83609788169e-10, 1.23208343528e-09, 2.09719730471e-09, 2.41871656037e-09, 1.29831378981e-09, 7.1226319287e-10, 5.07983100029e-11, 5.18797192706e-11, 2.39096138721e-11, 1.37097911149e-11, 1.53718322793e-11, 1.04444144305e-11, 1.47959048188e-15, 4.26786384763e-17, 3.21209352716e-17]}, "melbands_crest": {"dmean": 3.17206740379, "dmean2": 5.25168085098, "dvar": 6.96709251404, "dvar2": 18.6591434479, "max": 30.5137634277, "mean": 12.3729572296, "median": 11.924071312, "min": 1.52230501175, "var": 20.3801670074}, "melbands_flatness_db": {"dmean": 0.0243258140981, "dmean2": 0.0385971218348, "dvar": 0.000429821258876, "dvar2": 0.00107754219789, "max": 0.541301965714, "mean": 0.192477822304, "median": 0.183489993215, "min": 0.00351860839874, "var": 0.00431365938857}, "melbands_kurtosis": {"dmean": 4.76802635193, "dmean2": 7.75973510742, "dvar": 56.0875511169, "dvar2": 140.962783813, "max": 191.82182312, "mean": 7.86931085587, "median": 3.93293857574, "min": -1.87148272991, "var": 173.705566406}, "melbands_skewness": {"dmean": 0.673018038273, "dmean2": 1.07191848755, "dvar": 0.407166332006, "dvar2": 1.01228952408, "max": 10.6800794601, "mean": 2.26869678497, "median": 2.08196377754, "min": -0.92765045166, "var": 1.91554784775}, "melbands_spread": {"dmean": 13.7570724487, "dmean2": 21.7467193604, "dvar": 205.400161743, "dvar2": 490.670898438, "max": 189.054824829, "mean": 49.0751228333, "median": 40.4369163513, "min": 0.884390711784, "var": 1125.30566406}, "mfcc": {"cov": [[12035.3027344, 365.017028809, -1822.42126465, 1479.34753418, -1499.05065918, 971.798706055, -654.551269531, 688.328613281, -535.025695801, 483.865631104, -577.912231445, 379.315643311, -265.873626709], [365.017028809, 963.780273438, 4.80387020111, -90.2995910645, 130.367416382, -105.135597229, 39.0849304199, -92.1873016357, 51.3841667175, -79.0606002808, 46.8791313171, -114.270828247, 26.1944828033], [-1822.42126465, 4.80387020111, 649.109558105, -108.984130859, 274.650238037, -103.403022766, 85.2144393921, -61.3052597046, 38.5885162354, -30.5912742615, 64.2745742798, -21.3100185394, 14.0983133316], [1479.34753418, -90.2995910645, -108.984130859, 484.846984863, -141.285980225, 137.000457764, -82.8232345581, 86.3429031372, -57.596408844, 59.499206543, -108.828811646, 69.029624939, -32.3633270264], [-1499.05065918, 130.367416382, 274.650238037, -141.285980225, 372.36706543, -105.039741516, 70.6606903076, -101.863945007, 70.5843887329, -67.5296020508, 72.1575317383, -93.2538299561, 25.6598091125], [971.798706055, -105.135597229, -103.403022766, 137.000457764, -105.039741516, 221.302536011, -19.1204128265, 89.9363098145, -64.3242111206, 62.8192253113, -68.0310211182, 42.5796661377, -42.5777130127], [-654.551269531, 39.0849304199, 85.2144393921, -82.8232345581, 70.6606903076, -19.1204128265, 186.63873291, -19.482755661, 52.7751197815, -40.6054725647, 11.2003040314, -9.67817115784, -1.44740831852], [688.328613281, -92.1873016357, -61.3052597046, 86.3429031372, -101.863945007, 89.9363098145, -19.482755661, 144.397506714, -37.5470619202, 56.1728630066, -40.9942855835, 42.0477180481, -23.61693573], [-535.025695801, 51.3841667175, 38.5885162354, -57.596408844, 70.5843887329, -64.3242111206, 52.7751197815, -37.5470619202, 111.158836365, -21.853969574, 20.7737026215, -27.7021217346, 14.5934972763], [483.865631104, -79.0606002808, -30.5912742615, 59.499206543, -67.5296020508, 62.8192253113, -40.6054725647, 56.1728630066, -21.853969574, 100.830253601, -14.3345346451, 37.1893310547, -28.3174381256], [-577.912231445, 46.8791313171, 64.2745742798, -108.828811646, 72.1575317383, -68.0310211182, 11.2003040314, -40.9942855835, 20.7737026215, -14.3345346451, 108.998825073, -20.9226608276, 24.5565795898], [379.315643311, -114.270828247, -21.3100185394, 69.029624939, -93.2538299561, 42.5796661377, -9.67817115784, 42.0477180481, -27.7021217346, 37.1893310547, -20.9226608276, 105.001182556, -4.11401462555], [-265.873626709, 26.1944828033, 14.0983133316, -32.3633270264, 25.6598091125, -42.5777130127, -1.44740831852, -23.61693573, 14.5934972763, -28.3174381256, 24.5565795898, -4.11401462555, 70.5475387573]], "icov": [[0.00229511922225, -0.00293093780056, 0.00311060040258, -0.00273729790933, 0.0029009450227, -0.00278022326529, 0.0029275980778, -0.00255410466343, 0.00255194026977, -0.00229556648992, 0.0023271299433, -0.00202686549164, 0.00195494643413], [-0.00293093780056, 0.00499371252954, -0.00381451402791, 0.00336532131769, -0.00378515478224, 0.00381126999855, -0.00394036853686, 0.00349586945958, -0.00322231394239, 0.00317251449451, -0.00315982010216, 0.00366138713434, -0.00257409340702], [0.00311060040258, -0.00381451402791, 0.00678152497858, -0.0037700086832, 0.00177220616024, -0.00282993353903, 0.00321329664439, -0.00365226203576, 0.00425462704152, -0.0037663965486, 0.0030282442458, -0.00388080510311, 0.00287300301716], [-0.00273729790933, 0.00336532131769, -0.0037700086832, 0.00648860447109, -0.00343970628455, 0.00233684107661, -0.00227500498295, 0.00274156988598, -0.00328776892275, 0.00273879128508, -0.000534567749128, 0.00117712898646, -0.00226889480837], [0.0029009450227, -0.00378515478224, 0.00177220616024, -0.00343970628455, 0.00995170511305, -0.00412633502856, 0.00330869760364, -0.0016904422082, 0.00177517451812, -0.00200209044851, 0.00150767003652, 0.00107827351894, 0.00216534011997], [-0.00278022326529, 0.00381126999855, -0.00282993353903, 0.00233684107661, -0.00412633502856, 0.0123467333615, -0.00532600609586, 0.000931877177209, 0.000478567817481, -0.000231946483837, -0.000437423383119, 0.00262766075321, -0.000986873055808], [0.0029275980778, -0.00394036853686, 0.00321329664439, -0.00227500498295, 0.00330869760364, -0.00532600609586, 0.0117513136938, -0.00409783422947, -0.000655869371258, 0.000977335963398, 0.0031597991474, -0.00461028888822, 0.00442121177912], [-0.00255410466343, 0.00349586945958, -0.00365226203576, 0.00274156988598, -0.0016904422082, 0.000931877177209, -0.00409783422947, 0.0143560189754, -0.00194467476103, -0.00114369892981, -0.00147743639536, 0.0019828826189, -0.00246394984424], [0.00255194026977, -0.00322231394239, 0.00425462704152, -0.00328776892275, 0.00177517451812, 0.000478567817481, -0.000655869371258, -0.00194467476103, 0.0164448060095, -0.00535696838051, 0.00347891193815, -0.000645984779112, 0.000633512623608], [-0.00229556648992, 0.00317251449451, -0.0037663965486, 0.00273879128508, -0.00200209044851, -0.000231946483837, 0.000977335963398, -0.00114369892981, -0.00535696838051, 0.0200246851891, -0.00528736645356, -0.00138509133831, 0.0033108277712], [0.0023271299433, -0.00315982010216, 0.0030282442458, -0.000534567749128, 0.00150767003652, -0.000437423383119, 0.0031597991474, -0.00147743639536, 0.00347891193815, -0.00528736645356, 0.0168066695333, -0.00237919180654, -0.000979874283075], [-0.00202686549164, 0.00366138713434, -0.00388080510311, 0.00117712898646, 0.00107827351894, 0.00262766075321, -0.00461028888822, 0.0019828826189, -0.000645984779112, -0.00138509133831, -0.00237919180654, 0.0176122356206, -0.00448682857677], [0.00195494643413, -0.00257409340702, 0.00287300301716, -0.00226889480837, 0.00216534011997, -0.000986873055808, 0.00442121177912, -0.00246394984424, 0.000633512623608, 0.0033108277712, -0.000979874283075, -0.00448682857677, 0.020043252036]], "mean": [-701.00958252, 112.355484009, -31.6792583466, 69.7889556885, -24.7603912354, 24.820104599, -17.2737350464, 13.5959920883, -14.6053981781, 8.55578041077, -18.0605754852, -1.86077773571, -8.85834598541]}, "pitch_salience": {"dmean": 0.0636377558112, "dmean2": 0.104223661125, "dvar": 0.00287850876339, "dvar2": 0.00757924932986, "max": 0.835354685783, "mean": 0.611405313015, "median": 0.623320817947, "min": 0.161683827639, "var": 0.00870884396136}, "silence_rate_20dB": {"dmean": 0, "dmean2": 0, "dvar": 0, "dvar2": 0, "max": 1, "mean": 1, "median": 1, "min": 1, "var": 0}, "silence_rate_30dB": {"dmean": 0, "dmean2": 0, "dvar": 0, "dvar2": 0, "max": 1, "mean": 1, "median": 1, "min": 1, "var": 0}, "silence_rate_60dB": {"dmean": 0.0507731959224, "dmean2": 0.101559482515, "dvar": 0.0481878705323, "dvar2": 0.109288819134, "max": 1, "mean": 0.259502649307, "median": 0, "min": 0, "var": 0.192168310285}, "spectral_centroid": {"dmean": 344.252532959, "dmean2": 538.289611816, "dvar": 108594.867188, "dvar2": 249418.875, "max": 11718.4414062, "mean": 2324.99975586, "median": 2320.31396484, "min": 174.485488892, "var": 902970.875}, "spectral_complexity": {"dmean": 3.83195877075, "dmean2": 5.6857843399, "dvar": 18.5804424286, "dvar2": 34.8811454773, "max": 64, "mean": 18.885969162, "median": 15, "min": 0, "var": 208.607696533}, "spectral_contrast_coeffs": {"dmean": [0.048922535032, 0.0486016832292, 0.0361503846943, 0.032408695668, 0.02607396245, 0.0398060753942], "dmean2": [0.0815837979317, 0.0812687277794, 0.0598480850458, 0.0525399930775, 0.042015068233, 0.0680215880275], "dvar": [0.00150895945262, 0.00146209390368, 0.000838837760966, 0.000660210032947, 0.000471951148938, 0.00098917982541], "dvar2": [0.00415016477928, 0.0039596860297, 0.00228129536845, 0.00168378639501, 0.00118987739552, 0.00290577788837], "max": [-0.376066207886, -0.429457992315, -0.560984313488, -0.532827436924, -0.557037889957, -0.286268889904], "mean": [-0.629468381405, -0.759104967117, -0.802056014538, -0.786553144455, -0.776105284691, -0.467711448669], "median": [-0.626384317875, -0.764240086079, -0.806590139866, -0.788626492023, -0.778594851494, -0.451743841171], "min": [-0.964580416679, -0.973494112492, -0.969830214977, -0.970757305622, -0.965418219566, -0.96221780777], "var": [0.00520587339997, 0.00458149379119, 0.00279851374216, 0.00282362895086, 0.00284691085108, 0.0088645638898]}, "spectral_contrast_valleys": {"dmean": [0.416251778603, 0.390143603086, 0.324084699154, 0.279148310423, 0.236862674356, 0.654156267643], "dmean2": [0.684007525444, 0.630582094193, 0.516971647739, 0.430349379778, 0.350827753544, 1.13560461998], "dvar": [0.123154856265, 0.119568727911, 0.0847411453724, 0.0688408911228, 0.0627565532923, 0.286485254765], "dvar2": [0.29929047823, 0.268347024918, 0.18345887959, 0.13029691577, 0.10782893002, 0.835492432117], "max": [-5.96339225769, -4.96090126038, -5.37346839905, -5.98260879517, -5.45192289352, -9.69387722015], "mean": [-8.15261268616, -7.57164287567, -8.03691482544, -8.35991859436, -7.63333892822, -14.3132238388], "median": [-7.86117744446, -7.28144311905, -7.68488311768, -8.02919864655, -7.26277923584, -14.1647996902], "min": [-28.0088176727, -27.8909778595, -27.6823539734, -27.4679317474, -27.3724899292, -27.3571128845], "var": [2.66063165665, 2.64436507225, 2.7616584301, 2.73948645592, 3.0198340416, 1.65727221966]}, "spectral_decrease": {"dmean": 7.03845981498e-10, "dmean2": 1.07729991594e-09, "dvar": 1.05867320743e-18, "dvar2": 2.28349205155e-18, "max": 1.12698041626e-28, "mean": -2.30661956202e-09, "median": -1.72787462116e-09, "min": -1.73678333937e-08, "var": 4.23678270155e-18}, "spectral_energy": {"dmean": 0.00289665581658, "dmean2": 0.00439187232405, "dvar": 1.72782329173e-05, "dvar2": 3.63244071195e-05, "max": 0.0704066231847, "mean": 0.0102803995833, "median": 0.00751633290201, "min": 1.05334649387e-20, "var": 8.60893778736e-05}, "spectral_energyband_high": {"dmean": 0.000571674434468, "dmean2": 0.000881374580786, "dvar": 1.19640526464e-06, "dvar2": 3.01582349493e-06, "max": 0.0212065689266, "mean": 0.00178675923962, "median": 0.000513308332302, "min": 7.40083987047e-21, "var": 6.72651594869e-06}, "spectral_energyband_low": {"dmean": 0.00134148262441, "dmean2": 0.00225114752539, "dvar": 6.71187217449e-06, "dvar2": 1.82699168363e-05, "max": 0.0496494397521, "mean": 0.00225449237041, "median": 0.00125150149688, "min": 1.62480970674e-23, "var": 9.05074648472e-06}, "spectral_energyband_middle_high": {"dmean": 0.000994298956357, "dmean2": 0.00149586284533, "dvar": 2.5910912882e-06, "dvar2": 5.86382475376e-06, "max": 0.037114161998, "mean": 0.00315072992817, "median": 0.0016310083447, "min": 1.28980055522e-21, "var": 1.57477843459e-05}, "spectral_energyband_middle_low": {"dmean": 0.00168571597897, "dmean2": 0.0026727009099, "dvar": 6.40127518636e-06, "dvar2": 1.43866700455e-05, "max": 0.0492276214063, "mean": 0.00383390695788, "median": 0.00277932966128, "min": 1.83684911251e-22, "var": 1.45958729263e-05}, "spectral_entropy": {"dmean": 0.0955140516162, "dmean2": 0.145499870181, "dvar": 0.00879922043532, "dvar2": 0.0205126535147, "max": 9.81705474854, "mean": 7.62291765213, "median": 7.67435216904, "min": 5.12535762787, "var": 0.132730126381}, "spectral_flux": {"dmean": 0.0106141185388, "dmean2": 0.0162397995591, "dvar": 0.000165486897458, "dvar2": 0.000333114003297, "max": 0.23204100132, "mean": 0.0538680776954, "median": 0.0494541302323, "min": 6.47639719631e-11, "var": 0.00104491668753}, "spectral_kurtosis": {"dmean": 1.67755007744, "dmean2": 2.95551323891, "dvar": 4.1059088707, "dvar2": 12.6426801682, "max": 38.8558197021, "mean": 1.83977782726, "median": 1.13826465607, "min": -1.21438121796, "var": 9.36577320099}, "spectral_rms": {"dmean": 0.000414785725297, "dmean2": 0.000622860912699, "dvar": 2.21348940954e-07, "dvar2": 4.56194385379e-07, "max": 0.00828790664673, "mean": 0.00281122652814, "median": 0.0027079526335, "min": 3.20570609988e-12, "var": 2.12663508137e-06}, "spectral_rolloff": {"dmean": 670.708740234, "dmean2": 1086.41357422, "dvar": 635784.375, "dvar2": 1457913.625, "max": 19466.015625, "mean": 3059.4621582, "median": 3079.24804688, "min": 43.06640625, "var": 3937656.5}, "spectral_skewness": {"dmean": 0.231433287263, "dmean2": 0.39439868927, "dvar": 0.0451059117913, "dvar2": 0.131170362234, "max": 4.83575963974, "mean": 0.458693861961, "median": 0.37383890152, "min": -0.57744884491, "var": 0.310368478298}, "spectral_spread": {"dmean": 260152.5, "dmean2": 415347.4375, "dvar": 294352912384, "dvar2": 446674862080, "max": 41872668, "mean": 3294870.5, "median": 3176888.25, "min": 1