{"lowlevel": {"average_loudness": 0.583477735519, "barkbands": {"dmean": [1.5917543351e-05, 0.00099819758907, 0.00114189623855, 0.00217832555063, 0.00182861846406, 0.000742109608836, 0.000677788804751, 0.000632969196886, 0.000443875876954, 0.000493682047818, 0.000328374066157, 0.000278157589491, 0.000391350215068, 0.00024931205553, 0.000339381978847, 0.000310311646899, 0.000221130379941, 0.000161071206094, 0.000172348532942, 0.000126582410303, 7.49567043385e-05, 8.90346927918e-05, 0.00010517508781, 9.87601670204e-05, 3.93001755583e-05, 6.3182883423e-06, 2.78402950471e-07], "dmean2": [2.08301735256e-05, 0.0016149879666, 0.00188473996241, 0.0035994858481, 0.00295958737843, 0.00116776651703, 0.00102852913551, 0.000956142495852, 0.000678540265653, 0.000753280764911, 0.000515076157171, 0.000427216873504, 0.00063016533386, 0.000386329425965, 0.000528396281879, 0.000487075361889, 0.000355518364813, 0.000258917687461, 0.000276466162177, 0.000197023589863, 0.000114269845653, 0.000136985821882, 0.000156901412993, 0.000147400685819, 5.95047822571e-05, 9.8790269476e-06, 4.45303214747e-07], "dvar": [2.99292368666e-09, 3.70675365957e-06, 3.85757130061e-06, 1.30883236125e-05, 1.03334878077e-05, 2.1864395876e-06, 1.92283937395e-06, 2.04121874958e-06, 1.53748032972e-06, 1.72504678631e-06, 1.14967792797e-06, 1.03035984012e-06, 2.09844961319e-06, 5.18622641721e-07, 8.33477088236e-07, 8.64219884988e-07, 3.26983411014e-07, 3.24386689954e-07, 3.47298055203e-07, 2.6713669854e-07, 4.63455727129e-08, 9.06198849293e-08, 1.87752590364e-07, 1.03082015812e-07, 1.46108600774e-08, 4.35163988177e-10, 1.14192932454e-12], "dvar2": [4.55798243593e-09, 1.00145289252e-05, 1.03136553662e-05, 3.53024952346e-05, 2.66360875685e-05, 5.3924391068e-06, 4.33602690464e-06, 4.57094074591e-06, 3.62731975656e-06, 3.78508730137e-06, 2.53463713307e-06, 2.44401257987e-06, 5.77322953177e-06, 1.15266891498e-06, 1.8927481733e-06, 1.97492727239e-06, 7.5419040968e-07, 7.77242519234e-07, 7.28265888483e-07, 5.48122443433e-07, 1.06658823995e-07, 2.0205740725e-07, 4.20607676688e-07, 2.19214456365e-07, 3.18393453824e-08, 1.02579100769e-09, 2.71638701116e-12], "max": [0.000878209888469, 0.0500313341618, 0.0259143821895, 0.093099616468, 0.0663312003016, 0.0437973886728, 0.0594619363546, 0.0322965979576, 0.0385862439871, 0.0325950831175, 0.045690421015, 0.0284182634205, 0.0421385318041, 0.0190871898085, 0.0380067005754, 0.0251464396715, 0.0240390431136, 0.0308554712683, 0.0401806160808, 0.0384356416762, 0.00740613834932, 0.00855727400631, 0.0139950346202, 0.00991890300065, 0.00294622033834, 0.000587880960666, 4.43686330982e-05], "mean": [2.13880302908e-05, 0.0018248395063, 0.00202347384766, 0.0035199210979, 0.00354213453829, 0.001563418773, 0.0013892344432, 0.001166419941, 0.000814251136035, 0.000942627957556, 0.000577193626668, 0.000491386104841, 0.00071125337854, 0.000446608144557, 0.000604302389547, 0.000640768092126, 0.000437828275608, 0.000308646907797, 0.000350476184394, 0.000259020307567, 0.000137265393278, 0.000153560235049, 0.000178722999408, 0.000164865792613, 5.69358890061e-05, 7.72887415224e-06, 3.66440474409e-07], "median": [1.93770051737e-06, 0.000775495893322, 0.000918252510019, 0.00184796215035, 0.00194827315863, 0.000673742732033, 0.000615023076534, 0.000366714550182, 0.000319153972669, 0.00025456311414, 0.000141760887345, 9.58840319072e-05, 0.000141870434163, 0.000138030009111, 0.000178846414201, 0.000163284013979, 0.000151272237417, 0.000112380199425, 0.000112708818051, 7.93572253315e-05, 3.34347860189e-05, 3.02268017549e-05, 2.28374774451e-05, 1.45132089528e-05, 4.72836836707e-06, 5.91538309891e-07, 7.1561977677e-08], "min": [6.93995648203e-25, 2.13569811706e-24, 4.00584898874e-25, 4.41856770232e-25, 5.81292037307e-24, 2.88104525754e-24, 5.55219356085e-24, 6.35409354798e-24, 1.04604368093e-23, 1.17129207349e-23, 9.18126650822e-24, 1.98918171896e-23, 2.1133310705e-23, 2.66379111041e-23, 3.65611533585e-23, 5.89468107273e-23, 5.54395225209e-23, 1.1006680861e-22, 1.06074629694e-22, 1.94693130706e-22, 2.07652020164e-22, 3.23926911663e-22, 3.70814027079e-22, 5.25733762821e-22, 7.64709392182e-22, 1.28997715909e-21, 1.81719241531e-21], "var": [5.57388268874e-09, 8.43130692374e-06, 8.03027887741e-06, 2.40097324422e-05, 2.47946336458e-05, 8.09538141766e-06, 5.77938817514e-06, 5.20709909324e-06, 2.66251254288e-06, 5.40348037248e-06, 2.80815879705e-06, 2.58778027273e-06, 5.31475052412e-06, 1.37781057674e-06, 1.81959489964e-06, 2.86581985165e-06, 9.77778881861e-07, 8.82858216755e-07, 1.1223422689e-06, 7.92475134404e-07, 1.18038052221e-07, 1.92978077962e-07, 3.81519129178e-07, 3.08180773345e-07, 3.26605160694e-08, 6.38912478479e-10, 1.9126304273e-12]}, "barkbands_crest": {"dmean": 2.1976108551, "dmean2": 3.6003279686, "dvar": 3.97226858139, "dvar2": 10.2631568909, "max": 25.8508319855, "mean": 9.1483669281, "median": 8.31824493408, "min": 2.30140447617, "var": 13.7615337372}, "barkbands_flatness_db": {"dmean": 0.0197454858571, "dmean2": 0.0298714898527, "dvar": 0.000413587637013, "dvar2": 0.000907750509214, "max": 0.444837898016, "mean": 0.143802151084, "median": 0.139867693186, "min": 0.0236391983926, "var": 0.00228850054555}, "barkbands_kurtosis": {"dmean": 3.49551987648, "dmean2": 5.48384046555, "dvar": 112.394973755, "dvar2": 290.896881104, "max": 686.208312988, "mean": 6.12690591812, "median": 1.63162493706, "min": -1.93764162064, "var": 192.933700562}, "barkbands_skewness": {"dmean": 0.525835573673, "dmean2": 0.80823558569, "dvar": 0.39149788022, "dvar2": 0.909458637238, "max": 24.6381759644, "mean": 1.62448358536, "median": 1.38070559502, "min": -6.64644622803, "var": 2.55697202682}, "barkbands_spread": {"dmean": 5.22001647949, "dmean2": 8.05037784576, "dvar": 49.137802124, "dvar2": 105.166656494, "max": 95.1577377319, "mean": 21.1771221161, "median": 18.3002815247, "min": 0.620168566704, "var": 205.823165894}, "dissonance": {"dmean": 0.0163600090891, "dmean2": 0.0271013956517, "dvar": 0.000254064099863, "dvar2": 0.000667989312205, "max": 0.500000178814, "mean": 0.461857795715, "median": 0.468841016293, "min": 0.273727536201, "var": 0.000820253742859}, "dynamic_complexity": 5.98587083817, "erbbands": {"dmean": [0.0143385436386, 0.27892306447, 1.16500246525, 3.87866520882, 8.58546352386, 5.55487632751, 4.49556732178, 6.87278366089, 8.99428272247, 13.230723381, 10.430565834, 10.2272768021, 12.719367981, 13.0940990448, 14.1392240524, 11.5002002716, 17.7487640381, 12.6697101593, 15.5903339386, 15.856426239, 14.1339788437, 9.46973609924, 8.55652713776, 8.11958122253, 8.28215694427, 5.46311473846, 3.16144227982, 3.06453323364, 3.1247241497, 3.2717602253, 2.86115264893, 2.35458350182, 1.49731171131, 0.612568318844, 0.192029863596, 0.048227019608, 0.00836885999888, 0.000873309210874, 5.13412451255e-05, 8.01850274001e-06], "dmean2": [0.023081632331, 0.450244545937, 1.90893518925, 6.44705486298, 13.9780359268, 9.16061782837, 7.05941057205, 10.8001184464, 13.6132612228, 20.1830348969, 15.9190444946, 15.6342391968, 19.1244125366, 20.168384552, 21.9857845306, 17.6779727936, 28.3175144196, 19.4445934296, 24.1709194183, 24.253320694, 22.3485813141, 14.9522209167, 13.6948537827, 13.0732221603, 13.0678215027, 8.60438156128, 4.85293960571, 4.72730779648, 4.78866815567, 4.94014883041, 4.27855730057, 3.5616543293, 2.24480819702, 0.922043144703, 0.293568730354, 0.0750589966774, 0.0131102371961, 0.00137812783942, 8.03765869932e-05, 1.19834385259e-05], "dvar": [0.0014254845446, 0.267156541348, 3.75971198082, 40.5901527405, 241.954147339, 115.366592407, 107.166473389, 197.027633667, 375.785675049, 813.662353516, 707.219665527, 806.804260254, 1176.41809082, 1544.6763916, 2654.18066406, 1715.80529785, 5037.83691406, 1352.65869141, 2283.40576172, 1552.42346191, 1738.71582031, 641.835144043, 550.531677246, 923.30078125, 1367.10180664, 314.82711792, 83.3878707886, 82.6490707397, 103.705734253, 170.803085327, 145.845092773, 71.482131958, 21.9712505341, 3.41875839233, 0.394283354282, 0.0251277461648, 0.000816701212898, 1.02741732917e-05, 3.38780772324e-08, 1.85198245628e-10], "dvar2": [0.00382319325581, 0.722888708115, 10.1165761948, 110.949272156, 614.791748047, 304.009033203, 256.960205078, 480.183013916, 776.884399414, 1900.89807129, 1633.0300293, 1933.31860352, 2638.7019043, 3550.43188477, 6015.86474609, 4259.22851562, 13919.4199219, 2918.75854492, 5192.53076172, 3319.6796875, 4171.21875, 1485.13122559, 1293.49633789, 2042.42614746, 2766.32397461, 720.202026367, 195.671035767, 191.674285889, 232.419921875, 388.070404053, 320.030517578, 152.548614502, 47.6113471985, 7.44842576981, 0.8618516922, 0.0578042082489, 0.00197121640667, 2.48688193096e-05, 7.85660887459e-08, 4.00712851789e-10], "max": [1.20401978493, 11.6668729782, 23.627779007, 144.822052002, 302.901641846, 268.352996826, 441.337921143, 369.191131592, 1006.65148926, 609.440795898, 665.203491211, 1161.49926758, 966.491699219, 1194.33337402, 2317.87573242, 1362.84484863, 2180.65478516, 1002.31744385, 2376.71801758, 1052.94970703, 1488.06176758, 1257.67541504, 1237.34533691, 2125.15234375, 2776.26489258, 921.883300781, 281.592163086, 253.056610107, 294.666168213, 495.853820801, 417.552734375, 236.068740845, 146.359375, 49.4147911072, 21.3016662598, 4.3714632988, 0.928180813789, 0.15168479085, 0.00806884840131, 0.000452993583167], "mean": [0.0241454299539, 0.516081988811, 2.24860215187, 6.98526144028, 13.8113622665, 10.8216094971, 9.70606040955, 14.0626592636, 18.9446353912, 26.5799655914, 19.8722686768, 19.6040840149, 26.2002468109, 25.2917766571, 27.2928886414, 22.5021762848, 33.5064964294, 25.6570053101, 29.4624500275, 32.8253364563, 32.177482605, 21.5470981598, 18.4198799133, 17.5712280273, 17.5345535278, 11.6319465637, 6.08922338486, 5.63762140274, 5.27629804611, 5.80421209335, 4.74860048294, 3.98301315308, 2.38332796097, 0.923345565796, 0.257129907608, 0.0602560378611, 0.0101238358766, 0.0010891428683, 8.01834976301e-05, 3.10923860525e-05], "median": [0.00792289339006, 0.23665830493, 1.15890479088, 4.14144802094, 7.21377182007, 5.50866127014, 4.15234088898, 6.09308195114, 7.98359966278, 10.2700195312, 7.95481395721, 8.22367191315, 7.6449713707, 7.65511131287, 7.2569565773, 5.33601379395, 7.21218204498, 7.83305454254, 9.32283401489, 10.0561599731, 9.80176925659, 8.14368247986, 7.13498449326, 5.82728624344, 5.59827709198, 4.08895111084, 1.72257292271, 1.29964709282, 1.08057308197, 0.889730989933, 0.611342072487, 0.38518217206, 0.185031533241, 0.0720139592886, 0.0243831500411, 0.00491079548374, 0.000802651164122, 0.000116454131785, 2.5671955882e-05, 2.6357902243e-05], "min": [4.98705905149e-23, 3.6704460986e-22, 1.57968757609e-21, 4.40703331896e-21, 5.60725703969e-21, 1.76929134731e-20, 4.62706449281e-20, 4.23176037106e-20, 1.15406649326e-19, 1.29902950787e-19, 2.4122636519e-19, 2.61813313823e-19, 4.50303838885e-19, 6.66917987786e-19, 9.19419832852e-19, 1.11463394043e-18, 1.79348514592e-18, 2.36587282991e-18, 2.00881121951e-18, 2.75450544274e-18, 4.1971611638e-18, 4.21035469457e-18, 6.38672975192e-18, 5.34572046948e-18, 7.32240213285e-18, 9.17157100965e-18, 8.55475235304e-18, 8.2219312705e-18, 1.1869024358e-17, 8.47123523531e-18, 1.08501967508e-17, 9.15201645997e-18, 1.05888539994e-17, 7.96296087304e-18, 5.42079620906e-18, 3.88249959083e-18, 2.25520785127e-18, 9.3579118474e-19, 2.49411756791e-19, 2.48295305302e-20], "var": [0.00229099276476, 0.61961632967, 8.3632183075, 79.6974716187, 393.925933838, 305.653900146, 354.820739746, 686.373596191, 1278.89892578, 2242.9230957, 1427.11828613, 1383.19262695, 4135.44726562, 4230.96289062, 7063.65869141, 4531.64013672, 12386.8486328, 4356.94580078, 5024.83154297, 4564.01660156, 6828.69482422, 2101.10668945, 1648.7878418, 3011.55273438, 4983.10644531, 867.95892334, 209.617874146, 208.897079468, 209.397842407, 376.604187012, 281.521331787, 195.542678833, 62.3485336304, 8.58101081848, 0.691246986389, 0.0374654196203, 0.00115976156667, 1.576905197e-05, 6.30986178862e-08, 8.77676709088e-10]}, "erbbands_crest": {"dmean": 2.51416969299, "dmean2": 4.01351881027, "dvar": 6.3455286026, "dvar2": 14.8080759048, "max": 34.1543388367, "mean": 9.14279556274, "median": 8.09237480164, "min": 2.38323402405, "var": 19.8291244507}, "erbbands_flatness_db": {"dmean": 0.0168581828475, "dmean2": 0.0240671765059, "dvar": 0.000276337756077, "dvar2": 0.000521867885254, "max": 0.3672914505, "mean": 0.165955528617, "median": 0.165028125048, "min": 0.0366184189916, "var": 0.00162103970069}, "erbbands_kurtosis": {"dmean": 0.913724899292, "dmean2": 1.43135654926, "dvar": 3.85663795471, "dvar2": 8.60402584076, "max": 113.041435242, "mean": 0.537402749062, "median": -0.174362778664, "min": -1.86406767368, "var": 8.81698322296}, "erbbands_skewness": {"dmean": 0.362053781748, "dmean2": 0.5503256917, "dvar": 0.140649646521, "dvar2": 0.304421782494, "max": 5.56991577148, "mean": 0.166668862104, "median": 0.180009916425, "min": -8.9054813385, "var": 0.829715311527}, "erbbands_spread": {"dmean": 8.11477470398, "dmean2": 12.1752500534, "dvar": 95.8329772949, "dvar2": 206.59236145, "max": 162.730438232, "mean": 39.4085197449, "median": 36.0862731934, "min": 1.28757870197, "var": 383.967895508}, "gfcc": {"cov": [[31046.3496094, 1211.30297852, -3163.28344727, 551.678527832, -1925.67370605, 845.947631836, -949.08026123, 138.601806641, -33.039604187, 12.6344690323, -10.4667921066, -393.176483154, -7.46677112579], [1211.30297852, 1371.32019043, -235.657318115, -233.655502319, 132.841934204, -180.217285156, 76.8033752441, -101.285202026, 171.1743927, -75.4113235474, 97.2947006226, -57.0237846375, 24.27876091], [-3163.28344727, -235.657318115, 1044.43041992, 128.827407837, 64.4019470215, 39.46875, 16.6205749512, 4.46574926376, -39.5781784058, 37.0070533752, -48.5547904968, 61.7313346863, -13.3581151962], [551.678527832, -233.655502319, 128.827407837, 337.233093262, -42.9395828247, 31.1616954803, -64.0186538696, 33.1950149536, -31.6971530914, -5.4039721489, -46.236869812, -21.1866798401, 8.0808095932], [-1925.67370605, 132.841934204, 64.4019470215, -42.9395828247, 334.583221436, -76.0685958862, 98.9220123291, -0.221264913678, 41.5448455811, -9.74582767487, 12.6963396072, 17.2600746155, 18.3108329773], [845.947631836, -180.217285156, 39.46875, 31.1616954803, -76.0685958862, 261.917572021, 33.2759552002, 29.8693828583, -35.8382759094, 25.3400859833, 2.47564673424, 1.11038565636, -9.94228935242], [-949.08026123, 76.8033752441, 16.6205749512, -64.0186538696, 98.9220123291, 33.2759552002, 196.973297119, 3.12342190742, 6.83556127548, 0.573926627636, 40.8418655396, 10.0035667419, -9.12849807739], [138.601806641, -101.285202026, 4.46574926376, 33.1950149536, -0.221264913678, 29.8693828583, 3.12342190742, 114.63936615, 29.4703235626, 21.1676177979, -5.9939455986, -2.37175226212, 3.76618051529], [-33.039604187, 171.1743927, -39.5781784058, -31.6971530914, 41.5448455811, -35.8382759094, 6.83556127548, 29.4703235626, 154.590835571, 30.5030117035, 20.701795578, -6.97249031067, 20.0412445068], [12.6344690323, -75.4113235474, 37.0070533752, -5.4039721489, -9.74582767487, 25.3400859833, 0.573926627636, 21.1676177979, 30.5030117035, 94.0038909912, 22.432674408, 11.297460556, -6.20468616486], [-10.4667921066, 97.2947006226, -48.5547904968, -46.236869812, 12.6963396072, 2.47564673424, 40.8418655396, -5.9939455986, 20.701795578, 22.432674408, 96.8084411621, 22.1856327057, -2.97409343719], [-393.176483154, -57.0237846375, 61.7313346863, -21.1866798401, 17.2600746155, 1.11038565636, 10.0035667419, -2.37175226212, -6.97249031067, 11.297460556, 22.1856327057, 77.6411437988, 21.1292171478], [-7.46677112579, 24.27876091, -13.3581151962, 8.0808095932, 18.3108329773, -9.94228935242, -9.12849807739, 3.76618051529, 20.0412445068, -6.20468616486, -2.97409343719, 21.1292171478, 71.1883926392]], "icov": [[0.000253345118836, -0.000631695147604, 0.000747369835153, -0.00067216064781, 0.000949140172452, -0.000939856749028, 0.000807288452052, -0.000463600124931, 0.000425563484896, -0.000603673048317, 0.000366283609765, -0.000291228498099, 0.000140519056004], [-0.000631695147604, 0.00298450398259, -0.00189595925622, 0.00228009978309, -0.00247487961315, 0.0027618939057, -0.00216221041046, 0.00221614260226, -0.00253656716086, 0.00291738961823, -0.00229405821301, 0.00221584830433, -0.000856041093357], [0.000747369835153, -0.00189595925622, 0.00340937776491, -0.00252098124474, 0.00251111784019, -0.00289905024692, 0.00217809481546, -0.00115736201406, 0.00134372466709, -0.00240390258841, 0.00206870678812, -0.00226215855218, 0.00111069949344], [-0.00067216064781, 0.00228009978309, -0.00252098124474, 0.00582137983292, -0.00250022765249, 0.00237190444022, -0.00113835162483, 0.000502572162077, -0.000916805816814, 0.00235516089015, -0.00113071745727, 0.00288680428639, -0.00162086123601], [0.000949140172452, -0.00247487961315, 0.00251111784019, -0.00250022765249, 0.00781092559919, -0.00214089383371, 0.000625310756732, -0.00194111245219, 0.000922530016396, -0.00200949772261, 0.00193508935627, -0.00163283746224, -0.000295986013953], [-0.000939856749028, 0.0027618939057, -0.00289905024692, 0.00237190444022, -0.00214089383371, 0.00853719748557, -0.00474009523168, 0.000835354730953, -0.00073648331454, 0.00129781919532, -0.00164975423831, 0.00170459307265, -0.00101718353108], [0.000807288452052, -0.00216221041046, 0.00217809481546, -0.00113835162483, 0.000625310756732, -0.00474009523168, 0.0101287262514, -0.00207859044895, 0.00175768823829, -0.00105543760583, -0.00149002484977, -0.00065032497514, 0.0014898943482], [-0.000463600124931, 0.00221614260226, -0.00115736201406, 0.000502572162077, -0.00194111245219, 0.000835354730953, -0.00207859044895, 0.0119896484539, -0.00415937183425, 0.000449702551123, -0.000263030233327, 0.00116607442033, -0.000510480487719], [0.000425563484896, -0.00253656716086, 0.00134372466709, -0.000916805816814, 0.000922530016396, -0.00073648331454, 0.00175768823829, -0.00415937183425, 0.0112054431811, -0.00542908860371, 0.000332013325533, 0.000801945687272, -0.00248071388341], [-0.000603673048317, 0.00291738961823, -0.00240390258841, 0.00235516089015, -0.00200949772261, 0.00129781919532, -0.00105543760583, 0.000449702551123, -0.00542908860371, 0.016507986933, -0.00508802430704, 0.000401412893552, 0.00139781378675], [0.000366283609765, -0.00229405821301, 0.00206870678812, -0.00113071745727, 0.00193508935627, -0.00164975423831, -0.00149002484977, -0.000263030233327, 0.000332013325533, -0.00508802430704, 0.0162644404918, -0.00657041091472, 0.00252474471927], [-0.000291228498099, 0.00221584830433, -0.00226215855218, 0.00288680428639, -0.00163283746224, 0.00170459307265, -0.00065032497514, 0.00116607442033, 0.000801945687272, 0.000401412893552, -0.00657041091472, 0.0199880562723, -0.00742332777008], [0.000140519056004, -0.000856041093357, 0.00111069949344, -0.00162086123601, -0.000295986013953, -0.00101718353108, 0.0014898943482, -0.000510480487719, -0.00248071388341, 0.00139781378675, 0.00252474471927, -0.00742332777008, 0.0180274434388]], "mean": [-61.2336578369, 106.226287842, -122.372901917, 39.8716011047, -58.086769104, 9.01074981689, -42.1318206787, 2.90517663956, -21.7829685211, -9.57602500916, -16.1096324921, -10.5039186478, -12.332447052]}, "hfc": {"dmean": 5.1794667244, "dmean2": 7.47223138809, "dvar": 102.059089661, "dvar2": 209.231231689, "max": 261.226715088, "mean": 19.3139419556, "median": 12.5657196045, "min": 1.05992878902e-16, "var": 529.287780762}, "melbands": {"dmean": [0.0001987611613, 0.000513556005899, 0.00083850993542, 0.000468620099127, 0.000170194136444, 0.000150952953845, 0.000135099136969, 0.000145825542859, 8.1341357145e-05, 6.50310903438e-05, 6.5019557951e-05, 5.68597060919e-05, 4.77374087495e-05, 3.26025801769e-05, 3.86597275792e-05, 3.50187074218e-05, 2.48500582529e-05, 2.55019604083e-05, 2.2428443117e-05, 2.52218505921e-05, 1.68910937646e-05, 1.03006113932e-05, 1.22118144645e-05, 7.36701349524e-06, 7.10002404958e-06, 6.66935875415e-06, 5.97866164753e-06, 3.40540623256e-06, 2.13832117879e-06, 2.09791187444e-06, 1.95126040126e-06, 1.92637116925e-06, 1.69069312506e-06, 1.98104999072e-06, 1.65618996562e-06, 1.70085559148e-06, 1.46476065765e-06, 1.19124695175e-06, 7.62695037793e-07, 4.57303855228e-07], "dmean2": [0.000322631298332, 0.000830030126963, 0.00137497310061, 0.000763828982599, 0.000270436721621, 0.000236986947129, 0.00020448671421, 0.00022188690491, 0.00012432281801, 9.92129716906e-05, 9.78958050837e-05, 8.77980201039e-05, 7.45176294004e-05, 5.01933027408e-05, 6.05102104601e-05, 5.45016810065e-05, 3.83723418054e-05, 3.95160568587e-05, 3.45493135683e-05, 3.86346218875e-05, 2.70322871074e-05, 1.63354852702e-05, 1.97351491806e-05, 1.1938370335e-05, 1.15451603051e-05, 1.07490322989e-05, 9.30436181079e-06, 5.45717648492e-06, 3.38836639457e-06, 3.30676425619e-06, 3.09678330268e-06, 3.00852752844e-06, 2.59943249148e-06, 3.05173739434e-06, 2.50464313467e-06, 2.59436092165e-06, 2.25929102271e-06, 1.81168320523e-06, 1.16672242712e-06, 7.01169142303e-07], "dvar": [1.79779874543e-07, 7.05709453541e-07, 1.84832526884e-06, 6.93180652434e-07, 1.22291524463e-07, 8.95676350865e-08, 8.21677375029e-08, 1.00267833147e-07, 4.62721168049e-08, 3.43130110991e-08, 3.07016634338e-08, 3.05970360159e-08, 2.51507952242e-08, 1.43395038066e-08, 1.88513933352e-08, 1.52668526709e-08, 5.6376610047e-09, 6.46247189096e-09, 3.72188191378e-09, 5.61396085175e-09, 2.61410249003e-09, 8.42037939375e-10, 9.78832570553e-10, 5.80934467198e-10, 7.49797834931e-10, 5.13866282859e-10, 1.22489196563e-09, 9.92635557084e-11, 3.61899954449e-11, 5.03832461862e-11, 3.79326986488e-11, 3.89688663283e-11, 4.00055440164e-11, 6.46239381452e-11, 5.01298134947e-11, 4.75442185621e-11, 2.78003540327e-11, 1.52553455979e-11, 5.63348976843e-12, 1.98910354333e-12], "dvar2": [4.86142823775e-07, 1.87412479136e-06, 4.88269961352e-06, 1.79818459856e-06, 3.02784002315e-07, 2.19847777316e-07, 1.74854221768e-07, 2.3013593875e-07, 1.07846638286e-07, 8.16405574255e-08, 6.8253569907e-08, 6.96117581356e-08, 5.47505898396e-08, 3.46656428007e-08, 4.95611622853e-08, 3.85659753022e-08, 1.23232570814e-08, 1.45240894867e-08, 8.13627387686e-09, 1.1768299224e-08, 6.26020923988e-09, 1.93993554554e-09, 2.30733254725e-09, 1.33902233745e-09, 1.65045099809e-09, 1.21032994738e-09, 2.27626784088e-09, 2.46623527156e-10, 8.77527425724e-11, 1.24970284121e-10, 9.46744072028e-11, 9.22708229267e-11, 8.95015797586e-11, 1.51715626173e-10, 1.11780334988e-10, 1.0373899656e-10, 6.2060655226e-11, 3.47063384976e-11, 1.29084286662e-11, 4.46610110005e-12], "max": [0.0128606865183, 0.0113360406831, 0.0309482775629, 0.0173504743725, 0.013504662551, 0.00807721074671, 0.0143533302471, 0.0075569213368, 0.00639728456736, 0.00663781212643, 0.0048383702524, 0.00517478352413, 0.00617272546515, 0.00341151794419, 0.00387327326462, 0.00320477387868, 0.0021891486831, 0.0036938120611, 0.00178179703653, 0.00231034308672, 0.00229330174625, 0.00143301102798, 0.00120905018412, 0.00131351989694, 0.00188984454144, 0.00112563348375, 0.00258520292118, 0.000479889917187, 0.000213104503928, 0.000335881661158, 0.000222501766984, 0.000163982113008, 0.000230770427152, 0.000317932193866, 0.000256227358477, 0.000224603354582, 0.00014952600759, 0.000132953209686, 6.42494560452e-05, 3.91368703276e-05], "mean": [0.000360145990271, 0.00102565542329, 0.0015085239429, 0.000896888610441, 0.0003681795788, 0.000314249802614, 0.000285805144813, 0.000288579729386, 0.000151455576997, 0.000120925265946, 0.00013037554163, 0.000102866601082, 8.80774168763e-05, 5.9210917243e-05, 6.94844056852e-05, 6.54217728879e-05, 4.54047876701e-05, 4.49774015578e-05, 4.0612565499e-05, 4.91360005981e-05, 3.57561548299e-05, 2.14340234379e-05, 2.25681214943e-05, 1.39574849527e-05, 1.40817483043e-05, 1.27789371618e-05, 1.21837128972e-05, 6.70250119583e-06, 3.74419209948e-06, 3.54568260263e-06, 3.24881875713e-06, 3.08931953441e-06, 2.74186095339e-06, 3.4009490264e-06, 2.6119209906e-06, 2.74148874269e-06, 2.33446894526e-06, 1.83266502063e-06, 1.11780229872e-06, 6.58375427065e-07], "median": [0.000144603749504, 0.000528324977495, 0.000912025338039, 0.000508371624164, 0.000173423293745, 0.000138261835673, 0.000126609491417, 0.000105927429104, 6.18326594122e-05, 4.66286583105e-05, 3.56003147317e-05, 2.75680649793e-05, 2.23975566769e-05, 1.29270665639e-05, 1.48480412463e-05, 1.33165631269e-05, 1.29181617012e-05, 1.34486508614e-05, 1.20930872072e-05, 1.25161832329e-05, 1.03944512375e-05, 7.7034055721e-06, 6.71536599839e-06, 4.9452642088e-06, 3.92527545046e-06, 3.85708653994e-06, 3.19652417602e-06, 2.28829458138e-06, 1.01585851553e-06, 7.34856371309e-07, 6.9837801675e-07, 6.16070678916e-07, 4.85427904096e-07, 4.57863109204e-07, 3.46151807662e-07, 2.81260327029e-07, 2.00314531185e-07, 1.40070667953e-07, 7.69454118199e-08, 5.26668131329e-08], "min": [7.46345493253e-25, 9.19183290561e-25, 1.29801362434e-24, 6.03399854315e-25, 1.47066579282e-24, 1.12388224306e-24, 1.6943422735e-24, 1.3409447167e-24, 2.1797634928e-24, 1.91123642395e-24, 2.16499759437e-24, 2.49757661885e-24, 2.90668422303e-24, 2.63856243148e-24, 2.85478269749e-24, 3.07364623919e-24, 3.47535472251e-24, 3.0977802553e-24, 2.46492606041e-24, 3.31339842323e-24, 3.74351023787e-24, 3.73403877941e-24, 4.07337676413e-24, 5.05758329531e-24, 3.23442319142e-24, 4.31179222336e-24, 4.36042707589e-24, 4.55923027919e-24, 5.43344987867e-24, 4.37673085865e-24, 4.94163099743e-24, 5.57563416822e-24, 5.40876760423e-24, 3.9813829608e-24, 5.90441127757e-24, 4.66817197021e-24, 4.48763563002e-24, 6.07480483866e-24, 6.33352912747e-24, 5.87793671116e-24], "var": [3.683832972e-07, 1.70339592387e-06, 3.51272160515e-06, 1.59315482051e-06, 3.90943228012e-07, 3.23095491694e-07, 2.75068856581e-07, 2.79845920659e-07, 8.49572998618e-08, 5.96378129103e-08, 1.07443661079e-07, 8.11014189139e-08, 6.61739321117e-08, 3.63406087445e-08, 4.70736765124e-08, 4.3162064145e-08, 1.56873163348e-08, 1.35499087506e-08, 8.37369107387e-09, 1.61356776829e-08, 1.12176010703e-08, 2.52450260696e-09, 2.63322053051e-09, 1.77448689076e-09, 2.37975283923e-09, 1.3433469892e-09, 4.62239091448e-09, 2.26574523032e-10, 8.00573426996e-11, 1.0664723965e-10, 7.16482220775e-11, 7.15264028561e-11, 7.62401738963e-11, 1.3552546585e-10, 8.64679994272e-11, 1.03620154124e-10, 7.00191155056e-11, 3.89127549627e-11, 1.32684679216e-11, 4.40583160233e-12]}, "melbands_crest": {"dmean": 3.16055321693, "dmean2": 5.18352031708, "dvar": 8.11768245697, "dvar2": 21.7624607086, "max": 39.2244338989, "mean": 13.8797492981, "median": 12.9946289062, "min": 1.49094283581, "var": 28.6629009247}, "melbands_flatness_db": {"dmean": 0.0245273504406, "dmean2": 0.037019405514, "dvar": 0.000659088196699, "dvar2": 0.00141665502451, "max": 0.515520334244, "mean": 0.203086704016, "median": 0.197186619043, "min": 0.0032322530169, "var": 0.00500957621261}, "melbands_kurtosis": {"dmean": 8.36935043335, "dmean2": 13.219294548, "dvar": 1171.11755371, "dvar2": 3261.56298828, "max": 2611.60571289, "mean": 17.4909133911, "median": 7.35294151306, "min": -1.87351810932, "var": 1324.57971191}, "melbands_skewness": {"dmean": 0.7042324543, "dmean2": 1.08403789997, "dvar": 0.843193411827, "dvar2": 2.07514333725, "max": 47.0351142883, "mean": 2.81807589531, "median": 2.40593099594, "min": -3.01722812653, "var": 4.32502746582}, "melbands_spread": {"dmean": 6.59641170502, "dmean2": 10.2010250092, "dvar": 88.7085647583, "dvar2": 195.715087891, "max": 208.817672729, "mean": 25.3493309021, "median": 19.3135681152, "min": 0.322815299034, "var": 513.768188477}, "mfcc": {"cov": [[19390.1425781, 1026.75439453, -1039.85375977, -403.511932373, -508.099853516, -23.1586971283, -404.764221191, 14.5686378479, -111.673492432, 243.415679932, -2.52770924568, 103.527229309, -94.5067520142], [1026.75439453, 1743.10461426, -355.335662842, 24.4729728699, -29.5879077911, -27.6859645844, -109.212615967, 37.24609375, -40.7571144104, 34.8540802002, 61.286075592, 23.9926338196, 36.6522979736], [-1039.85375977, -355.335662842, 815.603942871, 75.6024398804, 71.7088241577, 75.5176849365, 45.6784744263, -14.9301080704, 22.3783283234, -40.532535553, -13.9918432236, 26.1401863098, -6.80214929581], [-403.511932373, 24.4729728699, 75.6024398804, 278.607849121, 94.0139007568, -19.5175971985, -21.1025924683, -8.96579456329, 22.4647884369, 6.00519132614, -25.9198093414, -24.5376911163, 7.48349094391], [-508.099853516, -29.5879077911, 71.7088241577, 94.0139007568, 181.832611084, -0.515310883522, -13.0841941833, -2.07279014587, 39.8515663147, 3.6101539135, -17.7884731293, -8.17515945435, 4.46896505356], [-23.1586971283, -27.6859645844, 75.5176849365, -19.5175971985, -0.515310883522, 146.307907104, 66.3802490234, 16.5541763306, 3.58757925034, -2.52397298813, 13.8331899643, 5.87969303131, -10.4971418381], [-404.764221191, -109.212615967, 45.6784744263, -21.1025924683, -13.0841941833, 66.3802490234, 176.47428894, 45.0325698853, -12.0474510193, -9.14659976959, 11.6590061188, -3.47841930389, 1.83460211754], [14.5686378479, 37.24609375, -14.9301080704, -8.96579456329, -2.07279014587, 16.5541763306, 45.0325698853, 91.6592941284, 18.2417221069, 10.8268632889, 6.36017465591, -1.07668423653, 8.97368526459], [-111.673492432, -40.7571144104, 22.3783283234, 22.4647884369, 39.8515663147, 3.58757925034, -12.0474510193, 18.2417221069, 104.209289551, 32.0986824036, -6.97804641724, -0.761084973812, -0.113447621465], [243.415679932, 34.8540802002, -40.532535553, 6.00519132614, 3.6101539135, -2.52397298813, -9.14659976959, 10.8268632889, 32.0986824036, 97.1619033813, 35.2007064819, 0.209413006902, 1.82297182083], [-2.52770924568, 61.286075592, -13.9918432236, -25.9198093414, -17.7884731293, 13.8331899643, 11.6590061188, 6.36017465591, -6.97804641724, 35.2007064819, 93.0810852051, 30.6409091949, -2.12783432007], [103.527229309, 23.9926338196, 26.1401863098, -24.5376911163, -8.17515945435, 5.87969303131, -3.47841930389, -1.07668423653, -0.761084973812, 0.209413006902, 30.6409091949, 77.2413253784, 24.754743576], [-94.5067520142, 36.6522979736, -6.80214929581, 7.48349094391, 4.46896505356, -10.4971418381, 1.83460211754, 8.97368526459, -0.113447621465, 1.82297182083, -2.12783432007, 24.754743576, 72.3792190552]], "icov": [[7.0100701123e-05, -1.6109459466e-05, 5.92803517065e-05, 3.39326106769e-05, 0.000151349842781, -0.000100387078419, 0.000185135897482, -9.16286880965e-05, 0.000126425671624, -0.000259456544882, 0.000240477675106, -0.000216164189624, 0.000172249579919], [-1.6109459466e-05, 0.000719294359442, 0.000275652913842, -0.000216450556763, -1.25227634271e-05, -0.000231527199503, 0.000600006780587, -0.000535302446224, 0.000364745937986, 9.11712559173e-05, -0.000508342520334, -1.74783035618e-05, -0.000329331756802], [5.92803517065e-05, 0.000275652913842, 0.00161506957375, -0.000429965846706, -0.000220865535084, -0.000822772039101, 7.85034062574e-05, 0.000119508942589, -9.87153107417e-05, 0.000396527728299, 0.000181023293408, -0.000988111947663, 0.000344685773598], [3.39326106769e-05, -0.000216450556763, -0.000429965846706, 0.00474014226347, -0.0020481958054, 0.000534428283572, 0.000126885104692, 0.000384786108043, -1.29599065986e-05, -0.000646333093755, 0.000660693447571, 0.00137742923107, -0.000658959383145], [0.000151349842781, -1.25227634271e-05, -0.000220865535084, -0.0020481958054, 0.0076466249302, -0.000442638003733, 0.000658674107399, 5.54442303837e-05, -0.00208065193146, -0.000197399640456, 0.000845553062391, -0.0002386468841, -5.6734035752e-05], [-0.000100387078419, -0.000231527199503, -0.000822772039101, 0.000534428283572, -0.000442638003733, 0.00911143422127, -0.00360687426291, 0.00020824058447, -0.000946696382016, 0.000480376766063, -0.000947499996983, -0.000306728325086, 0.00133141991682], [0.000185135897482, 0.000600006780587, 7.85034062574e-05, 0.000126885104692, 0.000658674107399, -0.00360687426291, 0.00920289289206, -0.00440342351794, 0.00198976043612, 0.000201963077416, -0.000731038628146, 0.00078094471246, -0.000609495560639], [-9.16286880965e-05, -0.000535302446224, 0.000119508942589, 0.000384786108043, 5.54442303837e-05, 0.00020824058447, -0.00440342351794, 0.0142739806324, -0.00343313533813, -0.000170361541677, -0.000595814140979, 0.00118369318079, -0.00193188537378], [0.000126425671624, 0.000364745937986, -9.87153107417e-05, -1.29599065986e-05, -0.00208065193146, -0.000946696382016, 0.00198976043612, -0.00343313533813, 0.0134503245354, -0.00548881990835, 0.00320419576019, -0.00187935284339, 0.00123510300182], [-0.000259456544882, 9.11712559173e-05, 0.000396527728299, -0.000646333093755, -0.000197399640456, 0.000480376766063, 0.000201963077416, -0.000170361541677, -0.00548881990835, 0.0159139856696, -0.00799619778991, 0.00367160956375, -0.00208323239349], [0.000240477675106, -0.000508342520334, 0.000181023293408, 0.000660693447571, 0.000845553062391, -0.000947499996983, -0.000731038628146, -0.000595814140979, 0.00320419576019, -0.00799619778991, 0.0177687183022, -0.00815365836024, 0.0039403536357], [-0.000216164189624, -1.74783035618e-05, -0.000988111947663, 0.00137742923107, -0.0002386468841, -0.000306728325086, 0.00078094471246, 0.00118369318079, -0.00187935284339, 0.00367160956375, -0.00815365836024, 0.0197696369141, -0.00780160538852], [0.000172249579919, -0.000329331756802, 0.000344685773598, -0.000658959383145, -5.6734035752e-05, 0.00133141991682, -0.000609495560639, -0.00193188537378, 0.00123510300182, -0.00208323239349, 0.0039403536357, -0.00780160538852, 0.0175983980298]], "mean": [-686.810974121, 123.159439087, -0.572772562504, 25.9723796844, 7.74047803879, 2.95308208466, -5.60554838181, 3.70804738998, -4.60888767242, 2.57946133614, -5.63713598251, -4.85572147369, -3.05587863922]}, "pitch_salience": {"dmean": 0.0658869668841, "dmean2": 0.107919506729, "dvar": 0.0034956051968, "dvar2": 0.0092397145927, "max": 0.85529345274, "mean": 0.553625941277, "median": 0.556097269058, "min": 0.0457522124052, "var": 0.00976136792451}, "silence_rate_20dB": {"dmean": 0, "dmean2": 0, "dvar": 0, "dvar2": 0, "max": 1, "mean": 1, "median": 1, "min": 1, "var": 0}, "silence_rate_30dB": {"dmean": 0.000441208918346, "dmean2": 0.000882482738234, "dvar": 0.000441014242824, "dvar2": 0.00102878443431, "max": 1, "mean": 0.999338209629, "median": 1, "min": 0, "var": 0.000661326746922}, "silence_rate_60dB": {"dmean": 0.0133833372965, "dmean2": 0.0267686415464, "dvar": 0.0132042234764, "dvar2": 0.0310528185219, "max": 1, "mean": 0.171544119716, "median": 0, "min": 0, "var": 0.142116740346}, "spectral_centroid": {"dmean": 229.14465332, "dmean2": 351.282348633, "dvar": 91143.7109375, "dvar2": 194697.484375, "max": 11885.3720703, "mean": 1324.36230469, "median": 1103.86499023, "min": 171.118972778, "var": 1279737.125}, "spectral_complexity": {"dmean": 2.5107729435, "dmean2": 3.99646997452, "dvar": 9.56130409241, "dvar2": 20.7817192078, "max": 60, "mean": 16.5498523712, "median": 17, "min": 0, "var": 108.444282532}, "spectral_contrast_coeffs": {"dmean": [0.0499083250761, 0.0399330407381, 0.0341296717525, 0.0282876845449, 0.0210794508457, 0.0175716355443], "dmean2": [0.0831847786903, 0.0649949386716, 0.0546384453773, 0.0456354804337, 0.0334530211985, 0.0269705094397], "dvar": [0.00169659196399, 0.00109635677654, 0.00080393103417, 0.000564300979022, 0.000320904364344, 0.000287706876406], "dvar2": [0.004631400574, 0.00280596129596, 0.00202290457673, 0.00142091198359, 0.000768368539866, 0.000623505504336], "max": [-0.277806937695, -0.466087013483, -0.481162428856, -0.550996363163, -0.578230500221, -0.614359557629], "mean": [-0.611657202244, -0.729003489017, -0.757150352001, -0.76710486412, -0.778761684895, -0.776018023491], "median": [-0.611818253994, -0.730457544327, -0.75973623991, -0.769086956978, -0.779535531998, -0.773512125015], "min": [-0.974561333656, -0.979241430759, -0.980470359325, -0.970725595951, -0.96787250042, -0.96462148428], "var": [0.00807548034936, 0.00535722263157, 0.00525589566678, 0.00425251992419, 0.00266679143533, 0.00203375588171]}, "spectral_contrast_valleys": {"dmean": [0.398058235645, 0.309454649687, 0.275856494904, 0.243386760354, 0.235895425081, 0.367416501045], "dmean2": [0.656742215157, 0.50253289938, 0.44594180584, 0.38724693656, 0.339070737362, 0.475798904896], "dvar": [0.127026379108, 0.0804678574204, 0.0676019340754, 0.0622693523765, 0.07717140764, 0.197728291154], "dvar2": [0.311876475811, 0.187116160989, 0.150063946843, 0.127326205373, 0.132280424237, 0.323918163776], "max": [-5.53310012817, -4.85089874268, -5.32005119324, -5.27572774887, -5.47255134583, -7.17331695557], "mean": [-7.82301807404, -7.36900901794, -8.06057548523, -8.32383346558, -8.23074245453, -10.831240654], "median": [-7.32370376587, -6.74674892426, -7.46598482132, -7.68911266327, -7.66735649109, -10.5273227692], "min": [-28.3063526154, -28.0793247223, -27.8615875244, -27.7648029327, -27.5891017914, -27.3971538544], "var": [4.97843503952, 5.55425596237, 5.07717323303, 5.1690826416, 4.99370861053, 4.66594314575]}, "spectral_decrease": {"dmean": 1.32333244363e-09, "dmean2": 2.06445394113e-09, "dvar": 3.17322550959e-18, "dvar2": 7.64033810027e-18, "max": 1.85131472389e-28, "mean": -5.4535167493e-09, "median": -4.98377872304e-09, "min": -3.69277195489e-08, "var": 1.9250086004e-17}, "spectral_energy": {"dmean": 0.00527487788349, "dmean2": 0.00816467776895, "dvar": 4.9960490287e-05, "dvar2": 0.000118449337606, "max": 0.142908588052, "mean": 0.0223346687853, "median": 0.0203387103975, "min": 9.73108358863e-21, "var": 0.000322485779179}, "spectral_energyband_high": {"dmean": 0.000391578447307, "dmean2": 0.000560788379516, "dvar": 1.35826371661e-06, "dvar2": 2.6905327104e-06, "max": 0.0331846550107, "mean": 0.000801238405984, "median": 0.00016220100224, "min": 6.97817885023e-21, "var": 4.6735945034e-06}, "spectral_energyband_low": {"dmean": 0.00232175854035, "dmean2": 0.00377463619225, "dvar": 1.2723020518e-05, "dvar2": 3.28255628119e-05, "max": 0.057761721313, "mean": 0.00526238372549, "median": 0.00350138777867, "min": 8.84235293067e-24, "var": 3.36199555022e-05}, "spectral_energyband_middle_high": {"dmean": 0.00158499507234, "dmean2": 0.00233501615003, "dvar": 8.90098544915e-06, "dvar2": 1.97863173526e-05, "max": 0.0710272118449, "mean": 0.00550392596051, "median": 0.00293854624033, "min": 1.162946471e-21, "var": 5.45727452845e-05}, "spectral_energyband_middle_low": {"dmean": 0.00409987661988, "dmean2": 0.00652515515685, "dvar": 3.49802539859e-05, "dvar2": 8.83682223503e-05, "max": 0.132920831442, "mean": 0.0123335234821, "median": 0.0104408729821, "min": 1.53796019159e-22, "var": 0.000131220367621}, "spectral_entropy": {"dmean": 0.178630396724, "dmean2": 0.259110361338, "dvar": 0.0431477874517, "dvar2": 0.0828041806817, "max": 9.82303333282, "mean": 7.43245792389, "median": 7.40101242065, "min": 5.10871601105, "var": 0.23217843473}, "spectral_flux": {"dmean": 0.0160818397999, "dmean2": 0.0254047773778, "dvar": 0.000338032841682, "dvar2": 0.000792433973402, "max": 0.272021174431, "mean": 0.0662256777287, "median": 0.0641258656979, "min": 6.38352565252e-11, "var": 0.00181159051135}, "spectral_kurtosis": {"dmean": 1.82250452042, "dmean2": 3.01987671852, "dvar": 3.78483867645, "dvar2": 10.0744161606, "max": 26.8780460358, "mean": 4.88702535629, "median": 4.30945730209, "min": -1.2598682642, "var": 11.0334291458}, "spectral_rms": {"dmean": 0.000508273602463, "dmean2": 0.000775925582275, "dvar": 3.31098902961e-07, "dvar2": 7.47452531868e-07, "max": 0.0118077527732, "mean": 0.00412524631247, "median": 0.00445450842381, "min": 3.08119133506e-12, "var": 4.77226512885e-06}, "spectral_rolloff": {"dmean": 407.748504639, "dmean2": 680.110656738, "dvar": 665679.5625, "dvar2": 1474712.125, "max": 19659.8144531, "mean": 1618.67468262, "median": 1076.66015625, "min": 21.533203125, "var": 4240197}, "spectral_skewness": {"dmean": 0.229849398136, "dmean2": 0.362314224243, "dvar": 0.0538771338761, "dvar2": 0.119988404214, "max": 4.18968868256, "mean": 1.56106173992, "median": 1.53659367561, "min": -0.199727356434, "var": 0.273079484701}, "spectral_spread": {"dmean": 558369.3125, "dmean2": 802804.9375, "dvar": 621199491072, "dvar2": 1188219584510.0, "max": 42722588, "mean"