{"lowlevel": {"average_loudness": 0.535309672356, "barkbands": {"dmean": [1.15144675874e-05, 0.000977537711151, 0.00111029297113, 0.000325934321154, 0.000471671140986, 0.000403292680858, 0.000261327280896, 0.000324912572978, 0.000452901527751, 0.000484310090542, 0.00035129126627, 0.000319278566167, 0.000278098683339, 0.00036546215415, 0.000316145975376, 0.000120046744996, 0.000128151936224, 0.000132563567604, 0.000208372715861, 0.000164721495821, 0.000129686799482, 0.000109909844468, 0.000101684701804, 7.23055927665e-05, 3.17332669511e-05, 6.22815514362e-06, 3.78270556212e-07], "dmean2": [1.82025905815e-05, 0.00149126234464, 0.00147005007602, 0.000527256343048, 0.000731504755095, 0.000649652443826, 0.000413512665546, 0.000468448444735, 0.000697723589838, 0.000691000313964, 0.000485420605401, 0.000430051790318, 0.000391159090213, 0.000495768559631, 0.000425167818321, 0.000166988538695, 0.000182150892215, 0.000193206535187, 0.000292990211165, 0.000230529432883, 0.0001767865906, 0.000154124456458, 0.000141855809488, 0.000103584694443, 4.50920560979e-05, 8.50815376907e-06, 6.25461098025e-07], "dvar": [6.09749806202e-10, 2.24219752454e-06, 8.31287616165e-06, 1.54431882038e-06, 2.47153980126e-06, 2.78761081063e-06, 8.0868301211e-07, 1.52803079345e-06, 5.66286735193e-06, 3.83008091376e-06, 2.05820424526e-06, 2.91925562124e-06, 1.09504014745e-06, 3.24339498547e-06, 2.13253474612e-06, 2.28873560104e-07, 1.56077049951e-07, 1.46393929867e-07, 8.2702860027e-07, 1.32828589017e-07, 1.44730762486e-07, 1.00559716998e-07, 1.02724989404e-07, 9.43040916468e-08, 3.09836032386e-08, 1.10930320485e-09, 8.33908202907e-12], "dvar2": [1.5350170024e-09, 5.20053345099e-06, 1.46664142449e-05, 3.61225579582e-06, 5.41549434274e-06, 7.39534016247e-06, 1.99129294742e-06, 2.92459003504e-06, 1.25875740196e-05, 7.8877683336e-06, 3.67640564036e-06, 5.08602715854e-06, 2.04853540708e-06, 5.94383936914e-06, 3.48159187524e-06, 4.31178875715e-07, 2.94935006195e-07, 2.91607761937e-07, 1.74626779881e-06, 2.53000195016e-07, 2.65040313252e-07, 2.09590368172e-07, 2.03931477927e-07, 1.94674754539e-07, 6.87140726541e-08, 2.17305573535e-09, 2.28358495308e-11], "max": [0.000431904307334, 0.0244414098561, 0.0721890851855, 0.0366119481623, 0.0396618358791, 0.0455120392144, 0.0204006116837, 0.0605179928243, 0.0890811234713, 0.0655907541513, 0.0676519423723, 0.0851824879646, 0.0313438847661, 0.0795674920082, 0.0704180076718, 0.0212300177664, 0.0147477462888, 0.0152967721224, 0.0439275763929, 0.00878042448312, 0.0102272331715, 0.00786353461444, 0.00867663696408, 0.0107306363061, 0.00666244747117, 0.00131324096583, 9.40575482673e-05], "mean": [1.59967858053e-05, 0.00198399554938, 0.00188790110406, 0.000422051467467, 0.000704792269971, 0.000570972973946, 0.000401251309086, 0.00057830940932, 0.000640731304884, 0.000786140328273, 0.000654554110952, 0.000577457947657, 0.000485794589622, 0.000590792682488, 0.000621936982498, 0.000213780862396, 0.000231973259361, 0.000248870172072, 0.00039758393541, 0.000353324605385, 0.000229522993322, 0.000168962680618, 0.000158981492859, 0.000112450055894, 4.50189472758e-05, 7.56690451453e-06, 3.12388806378e-07], "median": [6.65062452754e-06, 0.00102024839725, 0.000383472361136, 8.2500067947e-05, 0.000161975971423, 9.68593085418e-05, 4.34501889686e-05, 4.95460408274e-05, 3.64192201232e-05, 5.61080705666e-05, 4.75168853882e-05, 2.89831659757e-05, 4.26768165198e-05, 2.59762437054e-05, 2.74272806564e-05, 1.50013602251e-05, 2.15452764678e-05, 3.23914064211e-05, 2.79429532384e-05, 5.18476444995e-05, 2.35297884501e-05, 2.11039878195e-05, 2.41664329224e-05, 1.13196510938e-05, 2.04919524549e-06, 1.6596426633e-07, 1.04942365908e-08], "min": [9.23440871475e-25, 2.95605311063e-24, 1.38722807348e-24, 9.44260784308e-25, 4.64780515935e-24, 1.11171824456e-23, 9.3507958722e-24, 8.81964004749e-24, 5.56441972159e-24, 2.03125025108e-23, 2.86067564623e-23, 2.45169039437e-23, 3.15141979918e-23, 3.88907574304e-23, 4.64470067615e-23, 6.23127792357e-23, 7.06554250705e-23, 1.10264528708e-22, 1.02400683577e-22, 1.79309573126e-22, 2.65082987331e-22, 3.58897784546e-22, 3.87547824228e-22, 6.19610987332e-22, 7.65993834441e-22, 1.31447289316e-21, 1.9522054165e-21], "var": [7.78121289624e-10, 6.8163171818e-06, 2.41267189267e-05, 2.70473992714e-06, 4.30358340964e-06, 3.01584464069e-06, 1.346127533e-06, 6.09470134805e-06, 9.57033807936e-06, 7.97936263552e-06, 6.51373238725e-06, 9.72926318354e-06, 2.89896820505e-06, 7.2758252827e-06, 8.90663432074e-06, 6.4294835056e-07, 4.95633230457e-07, 5.48965715552e-07, 2.68373719337e-06, 5.296436143e-07, 4.55288699186e-07, 1.92538351484e-07, 2.00773754955e-07, 1.53126862301e-07, 4.26980584223e-08, 1.62784907776e-09, 5.60380648135e-12]}, "barkbands_crest": {"dmean": 2.84355664253, "dmean2": 4.45778799057, "dvar": 6.46626853943, "dvar2": 15.3497447968, "max": 25.9385223389, "mean": 12.2290802002, "median": 11.1853866577, "min": 2.73786044121, "var": 27.668806076}, "barkbands_flatness_db": {"dmean": 0.0261905621737, "dmean2": 0.0376010835171, "dvar": 0.000654103176203, "dvar2": 0.00133111095056, "max": 0.411457717419, "mean": 0.172507494688, "median": 0.167227491736, "min": 0.043498814106, "var": 0.00366024672985}, "barkbands_kurtosis": {"dmean": 5.49206542969, "dmean2": 8.42384624481, "dvar": 136.736373901, "dvar2": 317.57208252, "max": 217.987854004, "mean": 7.45730161667, "median": 1.85706937313, "min": -1.93449640274, "var": 256.422302246}, "barkbands_skewness": {"dmean": 0.766429722309, "dmean2": 1.10344910622, "dvar": 0.772243201733, "dvar2": 1.58968293667, "max": 12.9893684387, "mean": 1.52968525887, "median": 1.16471230984, "min": -6.96872663498, "var": 4.25573205948}, "barkbands_spread": {"dmean": 7.16249275208, "dmean2": 10.4406204224, "dvar": 79.6807174683, "dvar2": 157.362380981, "max": 138.279556274, "mean": 23.3602218628, "median": 19.347776413, "min": 0.785651743412, "var": 309.357330322}, "dissonance": {"dmean": 0.0230186637491, "dmean2": 0.0389051288366, "dvar": 0.000576830061618, "dvar2": 0.00159173016436, "max": 0.499999433756, "mean": 0.456766694784, "median": 0.466920882463, "min": 0.24391143024, "var": 0.00130649562925}, "dynamic_complexity": 5.64211940765, "erbbands": {"dmean": [0.0200906526297, 0.262655854225, 1.16356885433, 1.05261731148, 1.67038297653, 1.29243385792, 3.10162687302, 2.79855561256, 3.68577599525, 4.18007469177, 7.95841836929, 10.3685903549, 12.7530412674, 13.2256326675, 13.5517311096, 14.0968379974, 12.4559707642, 17.5751304626, 16.6318035126, 10.7536458969, 5.54529190063, 6.38532781601, 6.63532495499, 8.35195922852, 9.95680046082, 8.15970611572, 5.68199586868, 5.12748241425, 3.94434046745, 3.59917855263, 2.68429684639, 1.82154238224, 1.04674947262, 0.465828359127, 0.189241856337, 0.0471842512488, 0.00708033982664, 0.000897640013136, 6.62115126033e-05, 8.39398035168e-06], "dmean2": [0.0330210588872, 0.385127782822, 1.51913058758, 1.51126539707, 2.64590907097, 2.07415437698, 5.13681268692, 4.38871479034, 5.79029750824, 6.30494737625, 11.551109314, 15.786192894, 18.6452484131, 17.8084850311, 18.7360610962, 18.1470451355, 16.8492603302, 23.3996658325, 22.3954334259, 14.1147575378, 7.22068738937, 8.86073970795, 9.72840690613, 11.5929050446, 13.7789087296, 11.4089040756, 7.82154226303, 7.06729316711, 5.4849114418, 5.06128406525, 3.73575997353, 2.63048696518, 1.48203647137, 0.671051204205, 0.274227172136, 0.064331844449, 0.00967687927186, 0.00131524074823, 0.000105532235466, 1.13020905701e-05], "dvar": [0.00133186811581, 0.155823484063, 7.68077135086, 9.51738929749, 43.2452278137, 18.4616012573, 151.296157837, 113.878692627, 177.686843872, 225.294921875, 1182.27978516, 3255.78759766, 3889.75048828, 1678.5020752, 2930.58642578, 5635.59960938, 1818.37756348, 8882.82421875, 5371.41162109, 2303.59716797, 276.067260742, 390.522125244, 298.016601563, 883.705566406, 2065.47607422, 335.553314209, 202.021331787, 272.726165771, 127.140350342, 124.659011841, 79.3003387451, 46.5488319397, 29.9243774414, 7.0618724823, 1.35010790825, 0.064256682992, 0.00126798276324, 2.30563036894e-05, 2.05427667765e-07, 7.8740181042e-10], "dvar2": [0.00344183668494, 0.340881586075, 12.3165245056, 19.4136257172, 95.7715148926, 45.5864105225, 412.210296631, 284.337890625, 440.787567139, 488.822967529, 2343.88549805, 6842.62695313, 8794.4453125, 3004.2980957, 5525.50537109, 8675.21972656, 3271.89892578, 16682.3671875, 8755.30566406, 3735.15551758, 436.407531738, 746.309448242, 632.443115234, 1647.13745117, 4018.95263672, 615.456420898, 385.145355225, 530.118225098, 255.735610962, 262.348968506, 160.927261353, 97.6860275269, 63.0793800354, 16.2316684723, 2.76332068443, 0.124078936875, 0.00254188291728, 5.35173239768e-05, 5.56272937047e-07, 1.99561656089e-09], "max": [0.783170044422, 6.08208703995, 75.1276931763, 122.098136902, 181.050323486, 171.505493164, 339.79510498, 260.723632813, 339.169403076, 859.903320313, 1692.77990723, 2302.2199707, 1984.22375488, 1260.48095703, 2237.06323242, 3356.21923828, 1175.1003418, 4759.66943359, 4423.34472656, 2186.06347656, 713.252990723, 875.706787109, 431.834838867, 1507.27563477, 3134.19995117, 462.094818115, 493.345245361, 498.19152832, 245.85987854, 313.938659668, 252.969604492, 165.58555603, 251.302810669, 107.986991882, 44.6218719482, 9.34311580658, 1.11334335804, 0.16886511445, 0.0140265179798, 0.00116693065502], "mean": [0.0338963977993, 0.547171354294, 2.11492371559, 1.71729898453, 2.12972187996, 1.91238379478, 4.1427116394, 4.31935739517, 5.8944234848, 7.40084314346, 14.2128000259, 15.4367046356, 19.8258571625, 26.0495128632, 26.4036140442, 26.5290908813, 23.876531601, 30.5602111816, 32.2099990845, 23.112247467, 11.5455083847, 12.2241783142, 12.7080259323, 17.2109546661, 20.6646308899, 17.9441585541, 10.6100654602, 8.64860343933, 6.18630599976, 5.40613889694, 4.21460008621, 2.86096262932, 1.57769572735, 0.685789644718, 0.250095456839, 0.0584907792509, 0.00881372112781, 0.00098915444687, 6.71686066198e-05, 2.02072569664e-05], "median": [0.0136341862381, 0.288108021021, 0.712058782578, 0.451569646597, 0.372956901789, 0.460609197617, 0.901740014553, 0.680756568909, 0.763531684875, 1.11855852604, 1.40610802174, 1.23206186295, 1.90250658989, 2.36993837357, 2.89518904686, 2.12027001381, 2.83182215691, 1.97334802151, 2.06425762177, 1.06053185463, 1.03626036644, 1.44044280052, 2.04551434517, 1.53369736671, 1.68152976036, 2.54844069481, 1.9056429863, 0.830062866211, 0.75190192461, 0.841088950634, 0.603498876095, 0.314525693655, 0.13752117753, 0.0380776263773, 0.0088102100417, 0.00157196482178, 0.000193916173885, 2.13072999031e-05, 8.58041494212e-06, 9.93925914372e-06], "min": [7.11490121835e-23, 6.6770211906e-22, 2.37056049314e-21, 7.58223153152e-21, 1.27271842739e-20, 1.12840392561e-20, 6.87700060571e-20, 9.45168556528e-20, 1.10957257735e-19, 1.06716716325e-19, 2.93641181692e-19, 1.79053971086e-19, 7.46348678191e-19, 1.15146446739e-18, 1.08467707755e-18, 1.34842744158e-18, 1.59277638773e-18, 1.95027164756e-18, 2.58317689914e-18, 3.02346487327e-18, 4.01929830695e-18, 5.03351107344e-18, 6.66855225457e-18, 6.65136923171e-18, 6.9616819026e-18, 8.59256112448e-18, 8.56197115825e-18, 1.17997670068e-17, 1.21887073309e-17, 1.01835900932e-17, 1.13798123729e-17, 1.06877492319e-17, 1.12668501069e-17, 7.69051570341e-18, 5.34090503755e-18, 3.60116388397e-18, 2.32226614276e-18, 8.78881882379e-19, 2.47004221769e-19, 2.63387651787e-20], "var": [0.00254318537191, 0.50561195612, 24.3715400696, 25.8188457489, 66.6964645386, 28.5335712433, 147.557174683, 159.462936401, 315.313659668, 689.186645508, 4401.91064453, 5902.82958984, 7379.43164063, 5593.05126953, 8269.21777344, 18703.0058594, 5636.97460938, 18622.6503906, 21831.2695313, 11229.1142578, 1105.86804199, 1286.83422852, 827.967773438, 3784.41625977, 9043.66699219, 1472.16589355, 658.223693848, 735.209716797, 264.46496582, 214.634414673, 145.239730835, 83.4653778076, 42.6379585266, 9.27767753601, 1.87924933434, 0.0972147583961, 0.00184960954357, 2.51183391811e-05, 1.48096958696e-07, 1.103942604e-09]}, "erbbands_crest": {"dmean": 3.075091362, "dmean2": 4.79733037949, "dvar": 8.32730865479, "dvar2": 19.5654125214, "max": 31.0440292358, "mean": 10.7831230164, "median": 9.58331298828, "min": 2.30892348289, "var": 26.9955711365}, "erbbands_flatness_db": {"dmean": 0.0207208804786, "dmean2": 0.0289926994592, "dvar": 0.000398140778998, "dvar2": 0.000725595396943, "max": 0.380713641644, "mean": 0.183884337544, "median": 0.180747330189, "min": 0.0246331337839, "var": 0.00244350382127}, "erbbands_kurtosis": {"dmean": 1.23944437504, "dmean2": 1.88684010506, "dvar": 3.00867271423, "dvar2": 6.49996089935, "max": 37.6436157227, "mean": 1.25322675705, "median": 0.0906602963805, "min": -1.89778292179, "var": 12.3980836868}, "erbbands_skewness": {"dmean": 0.411864936352, "dmean2": 0.60745292902, "dvar": 0.168599948287, "dvar2": 0.344369530678, "max": 5.4281463623, "mean": 0.119196660817, "median": 0.148233443499, "min": -4.25691556931, "var": 0.994892299175}, "erbbands_spread": {"dmean": 9.97936534882, "dmean2": 14.8974285126, "dvar": 146.465667725, "dvar2": 320.474029541, "max": 173.155319214, "mean": 37.9038581848, "median": 33.4918022156, "min": 3.32096338272, "var": 502.7684021}, "gfcc": {"cov": [[23851.546875, -1192.46362305, -2923.81225586, 713.046691895, -1473.60852051, 529.959899902, -1058.95703125, 679.727905273, -781.975219727, 243.278564453, -374.242492676, 81.3573684692, -303.445678711], [-1192.46362305, 2565.6550293, -39.0301094055, -291.056488037, 264.181091309, -175.319259644, 418.996429443, -257.056945801, 269.779724121, -283.203277588, 196.795227051, -209.483627319, 118.511497498], [-2923.81225586, -39.0301094055, 1329.28283691, 164.591812134, 72.699798584, 75.1605606079, 118.209312439, -132.391387939, 54.8222122192, 56.291595459, -83.7311553955, 67.3084869385, -55.2104377747], [713.046691895, -291.056488037, 164.591812134, 540.167663574, 14.4506807327, 16.5699615479, -103.604881287, -23.4776687622, -3.29059791565, 38.5704154968, -23.3139076233, -18.7023563385, -21.2439079285], [-1473.60852051, 264.181091309, 72.699798584, 14.4506807327, 519.507263184, 35.1789016724, 99.7820205688, -35.2388267517, 83.1897506714, 16.1161174774, 67.5881652832, -65.9215087891, -10.8900279999], [529.959899902, -175.319259644, 75.1605606079, 16.5699615479, 35.1789016724, 298.645477295, 63.5199432373, 0.21884739399, -31.123260498, 65.078163147, 16.281709671, 6.01744413376, -41.4193382263], [-1058.95703125, 418.996429443, 118.209312439, -103.604881287, 99.7820205688, 63.5199432373, 317.969421387, -24.4450740814, 28.1857032776, -54.2018280029, 88.8812484741, -21.3084697723, 14.1374864578], [679.727905273, -257.056945801, -132.391387939, -23.4776687622, -35.2388267517, 0.21884739399, -24.4450740814, 225.787277222, -10.2230787277, 15.8001432419, -16.1602230072, 29.5278759003, -7.90946483612], [-781.975219727, 269.779724121, 54.8222122192, -3.29059791565, 83.1897506714, -31.123260498, 28.1857032776, -10.2230787277, 210.861541748, 1.63323819637, 11.1318378448, -37.8714981079, 43.8429336548], [243.278564453, -283.203277588, 56.291595459, 38.5704154968, 16.1161174774, 65.078163147, -54.2018280029, 15.8001432419, 1.63323819637, 143.243392944, -15.1625118256, 25.8086719513, -29.8364276886], [-374.242492676, 196.795227051, -83.7311553955, -23.3139076233, 67.5881652832, 16.281709671, 88.8812484741, -16.1602230072, 11.1318378448, -15.1625118256, 186.199508667, -11.2704467773, 15.2824354172], [81.3573684692, -209.483627319, 67.3084869385, -18.7023563385, -65.9215087891, 6.01744413376, -21.3084697723, 29.5278759003, -37.8714981079, 25.8086719513, -11.2704467773, 131.789581299, 24.4959011078], [-303.445678711, 118.511497498, -55.2104377747, -21.2439079285, -10.8900279999, -41.4193382263, 14.1374864578, -7.90946483612, 43.8429336548, -29.8364276886, 15.2824354172, 24.4959011078, 125.940856934]], "icov": [[0.00024056743132, -0.000428385450505, 0.000554708647542, -0.000558215775527, 0.000540354463737, -0.000733078341, 0.000562266097404, -0.000623310217634, 0.000662073493004, -0.000546709634364, 0.000512089231052, -0.000408039835747, 0.000492348335683], [-0.000428385450505, 0.00173208245542, -0.00093613169156, 0.00130292144604, -0.00105886708479, 0.00167819438502, -0.00177112652455, 0.00193999137264, -0.00202506547794, 0.002062124433, -0.00123847019859, 0.00144937436562, -0.00100977532566], [0.000554708647542, -0.00093613169156, 0.00241581653245, -0.00169703515712, 0.00115782162175, -0.00166058540344, 0.000441102165496, -0.000640665995888, 0.000936711905524, -0.00144459819421, 0.0019775738474, -0.00207653292455, 0.00195006188005], [-0.000558215775527, 0.00130292144604, -0.00169703515712, 0.00359947956167, -0.00136925652623, 0.0016155942576, -0.00049704889534, 0.0016774260439, -0.00159318000078, 0.00146757485345, -0.00162349327002, 0.00195726519451, -0.00141513545532], [0.000540354463737, -0.00105886708479, 0.00115782162175, -0.00136925652623, 0.00360798556358, -0.00172196270432, 0.000792934326455, -0.00137642549817, 0.000889398623258, -0.00193678843789, 0.0005759363994, -4.26966071245e-05, 0.00131511536893], [-0.000733078341, 0.00167819438502, -0.00166058540344, 0.0016155942576, -0.00172196270432, 0.00672107981518, -0.00342075363733, 0.00225698319264, -0.00163680699188, -0.000226777861826, -0.00168721785303, 0.00154781492893, -0.000793913961388], [0.000562266097404, -0.00177112652455, 0.000441102165496, -0.00049704889534, 0.000792934326455, -0.00342075363733, 0.00723627069965, -0.00243139546365, 0.00207790895365, 0.000160042778589, -0.000731175590772, -0.000812016718555, 0.000670671754051], [-0.000623310217634, 0.00193999137264, -0.000640665995888, 0.0016774260439, -0.00137642549817, 0.00225698319264, -0.00243139546365, 0.00749480398372, -0.00294471532106, 0.00195550476201, -0.00090864894446, -7.28173617972e-05, -0.000345566688338], [0.000662073493004, -0.00202506547794, 0.000936711905524, -0.00159318000078, 0.000889398623258, -0.00163680699188, 0.00207790895365, -0.00294471532106, 0.00895460322499, -0.00374854914844, 0.00161412206944, 0.000929498928599, -0.00161890010349], [-0.000546709634364, 0.002062124433, -0.00144459819421, 0.00146757485345, -0.00193678843789, -0.000226777861826, 0.000160042778589, 0.00195550476201, -0.00374854914844, 0.0124619137496, -0.00179444078822, -0.0006323447451, 0.00081734691048], [0.000512089231052, -0.00123847019859, 0.0019775738474, -0.00162349327002, 0.0005759363994, -0.00168721785303, -0.000731175590772, -0.00090864894446, 0.00161412206944, -0.00179444078822, 0.00818554032594, -0.00172042404301, 0.000866573187523], [-0.000408039835747, 0.00144937436562, -0.00207653292455, 0.00195726519451, -4.26966071245e-05, 0.00154781492893, -0.000812016718555, -7.28173617972e-05, 0.000929498928599, -0.0006323447451, -0.00172042404301, 0.0124520910904, -0.00502184266225], [0.000492348335683, -0.00100977532566, 0.00195006188005, -0.00141513545532, 0.00131511536893, -0.000793913961388, 0.000670671754051, -0.000345566688338, -0.00161890010349, 0.00081734691048, 0.000866573187523, -0.00502184266225, 0.0120773380622]], "mean": [-98.8832092285, 97.0587158203, -126.828117371, 53.3571510315, -61.5896224976, 26.1169643402, -20.9878368378, 2.69196605682, -15.9263210297, -4.10958719254, -1.9280642271, -8.54489612579, -5.48001718521]}, "hfc": {"dmean": 5.96698236465, "dmean2": 7.18621206284, "dvar": 173.342102051, "dvar2": 280.626098633, "max": 331.511077881, "mean": 15.7085866928, "median": 4.78152608871, "min": 1.0700110619e-16, "var": 765.898864746}, "melbands": {"dmean": [0.000227138210903, 0.000513235572726, 0.000209879348404, 0.000101627985714, 9.54506758717e-05, 6.79198492435e-05, 5.37129453733e-05, 4.77017783851e-05, 7.14443594916e-05, 6.43430103082e-05, 6.4713836764e-05, 5.55825135962e-05, 4.81779024994e-05, 3.90271270589e-05, 3.23810199916e-05, 2.56288512901e-05, 3.70078996639e-05, 2.76939954347e-05, 2.15493491851e-05, 1.04149394247e-05, 6.89547232469e-06, 7.10354652256e-06, 7.76177421358e-06, 5.68020050196e-06, 7.21316746422e-06, 8.87573060027e-06, 6.00040675636e-06, 5.88421289649e-06, 4.11084602092e-06, 3.21607558362e-06, 3.00931515085e-06, 2.37314975493e-06, 2.13515932046e-06, 2.05560968425e-06, 1.67063831213e-06, 1.35641437282e-06, 1.09408495064e-06, 7.77378318162e-07, 5.70957467971e-07, 3.43148940374e-07], "dmean2": [0.00035654817475, 0.000683445425238, 0.000307128415443, 0.000160158684594, 0.000155771980644, 0.000107052204839, 8.44409078127e-05, 7.21006144886e-05, 0.000104729631857, 9.85525693977e-05, 9.4754374004e-05, 7.52575942897e-05, 6.57617783872e-05, 5.2180748753e-05, 4.32120905316e-05, 3.5263983591e-05, 4.99520247104e-05, 3.8623551518e-05, 2.82793953374e-05, 1.39701141961e-05, 9.28664667299e-06, 1.00554834717e-05, 1.16098863145e-05, 8.09524135548e-06, 1.02165240605e-05, 1.27765069919e-05, 8.47800674819e-06, 8.39206495584e-06, 5.85139559917e-06, 4.5078045332e-06, 4.23291839979e-06, 3.3645530948e-06, 3.09124584419e-06, 2.94066535389e-06, 2.36949063037e-06, 1.9855544906e-06, 1.60639888236e-06, 1.12501322747e-06, 8.30221722481e-07, 5.06358787788e-07], "dvar": [1.3570884505e-07, 1.07465677956e-06, 3.49472628614e-07, 1.33465874796e-07, 1.25471899537e-07, 6.78299798551e-08, 3.56117908495e-08, 2.88233312773e-08, 1.07137907435e-07, 1.23138420349e-07, 1.02070401908e-07, 3.27484102058e-08, 4.5253344183e-08, 4.61293616638e-08, 1.61653161967e-08, 9.22968279582e-09, 4.39961809207e-08, 1.59415378675e-08, 1.07365485391e-08, 2.03791850062e-09, 5.54093548821e-10, 6.25860030468e-10, 4.68829974842e-10, 3.00653141272e-10, 7.02940927688e-10, 2.17882711873e-09, 3.80038223113e-10, 1.91493959578e-10, 1.07925175741e-10, 1.05241551585e-10, 9.6546264039e-11, 5.07190955901e-11, 4.01198241295e-11, 4.23869828126e-11, 3.36327181383e-11, 2.67487889477e-11, 2.09342300439e-11, 1.45650835143e-11, 9.95294211631e-12, 4.04303500401e-12], "dvar2": [3.26627258573e-07, 1.77910544608e-06, 7.48987247334e-07, 2.98124746223e-07, 3.33680503672e-07, 1.72304240209e-07, 8.80466330955e-08, 5.95114499902e-08, 2.15234976508e-07, 2.68772708978e-07, 2.29226287729e-07, 5.86392374657e-08, 8.16047958097e-08, 8.4323254157e-08, 2.48097471456e-08, 1.63810831566e-08, 8.20325354312e-08, 2.61312926852e-08, 1.56278403551e-08, 3.25584537109e-09, 8.92803719843e-10, 1.1862050231e-09, 1.02213104647e-09, 5.68796731937e-10, 1.29018085104e-09, 4.90430362987e-09, 6.79820866267e-10, 3.74903857958e-10, 2.14569445545e-10, 2.11231934721e-10, 1.89009599638e-10, 1.05836776843e-10, 8.69480182297e-11, 9.0473822878e-11, 7.27636076392e-11, 5.78701184195e-11, 4.44859114823e-11, 3.08181848097e-11, 2.20727394695e-11, 9.55828211718e-12], "max": [0.00716992560774, 0.0278322752565, 0.0169412698597, 0.0093027446419, 0.00910800695419, 0.00649009598419, 0.00470867659897, 0.0109050069004, 0.0138933612034, 0.0123353647068, 0.0105121489614, 0.00546443834901, 0.0104132117704, 0.0130970729515, 0.00538518372923, 0.00400718627498, 0.0102481991053, 0.00710170669481, 0.00379134248942, 0.00187852198724, 0.000959742639679, 0.00112390459981, 0.000526132062078, 0.000607869937085, 0.0013709787745, 0.00177862518467, 0.00149680045433, 0.000384389888495, 0.000298647442833, 0.000242094727582, 0.000264915812295, 0.000178194371983, 0.000139548516017, 0.000190041784663, 0.000168479688, 0.000138775692903, 0.000150849213242, 0.000152460575919, 0.000140225049108, 9.26579086808e-05], "mean": [0.000441982760094, 0.00099654647056, 0.000329627015162, 0.000141251541208, 0.000133996305522, 0.000102810437966, 8.54940444697e-05, 8.48134222906e-05, 0.000124665049952, 9.15030686883e-05, 9.8519049061e-05, 0.000104733058834, 8.97257341421e-05, 7.30043539079e-05, 5.87058493693e-05, 4.34977191617e-05, 6.03827211307e-05, 4.93465122418e-05, 4.28632483818e-05, 2.04281095648e-05, 1.23178433569e-05, 1.25456454043e-05, 1.2955287275e-05, 1.08066460598e-05, 1.39749135997e-05, 1.55085235747e-05, 1.30790849653e-05, 1.17694944493e-05, 6.9121560955e-06, 5.57897101316e-06, 4.71189514428e-06, 3.54439725925e-06, 3.1021365885e-06, 3.00547435472e-06, 2.48602987085e-06, 2.13313592212e-06, 1.6227057813e-06, 1.13560383852e-06, 8.54214022183e-07, 4.72260779816e-07], "median": [0.000199571702979, 0.000453427055618, 8.92298776307e-05, 2.87476614176e-05, 3.27922825818e-05, 1.60465042427e-05, 9.77176205197e-06, 1.10411074274e-05, 9.49287277763e-06, 5.85012412557e-06, 6.58459521219e-06, 7.33437173039e-06, 7.49300579628e-06, 4.40040366811e-06, 5.08774064656e-06, 4.19837670051e-06, 2.72513852906e-06, 2.77408253169e-06, 1.78643506388e-06, 1.05017761598e-06, 1.02588171558e-06, 1.07767800728e-06, 1.76963624199e-06, 1.45920739669e-06, 1.05766491743e-06, 9.62625108514e-07, 1.28249678255e-06, 1.6606400095e-06, 1.04616913177e-06, 4.03187669917e-07, 4.02476672434e-07, 4.00809170742e-07, 3.81897706347e-07, 4.80992071061e-07, 3.45180694694e-07, 2.22767368996e-07, 1.62414380611e-07, 9.83126327014e-08, 5.26533554535e-08, 2.10857660221e-08], "min": [9.62194748127e-25, 2.00012172088e-24, 1.36398231476e-24, 1.2097382155e-24, 2.74454293586e-24, 2.31932797529e-24, 1.75643272649e-24, 9.64849462289e-25, 2.08066994133e-24, 1.07428507883e-24, 3.62639910333e-24, 4.12540371855e-24, 3.60513969636e-24, 2.84782119722e-24, 3.09659085027e-24, 3.19864026355e-24, 3.47221781712e-24, 3.1022501384e-24, 3.83716617112e-24, 3.98852136313e-24, 4.02577610824e-24, 4.0951919236e-24, 5.16183402494e-24, 4.63508674941e-24, 5.08011434605e-24, 3.60378561662e-24, 4.22641538531e-24, 5.78997201491e-24, 5.62460625879e-24, 5.34394177605e-24, 5.4386441333e-24, 5.29540671443e-24, 6.4253844857e-24, 5.24467506962e-24, 5.63138217953e-24, 5.7275459016e-24, 6.45505512207e-24, 6.38772584381e-24, 5.5504663499e-24, 5.73727492315e-24], "var": [3.76802205437e-07, 3.38738686878e-06, 7.87040278283e-07, 2.19966253212e-07, 1.36135980711e-07, 8.94578207067e-08, 6.28304732686e-08, 9.84191856901e-08, 3.63082023114e-07, 1.99816170721e-07, 1.94894468564e-07, 1.0024492525e-07, 1.27298378061e-07, 1.50305780267e-07, 5.35038431337e-08, 2.40380355621e-08, 9.15177480465e-08, 5.62231470269e-08, 4.77168669022e-08, 8.61963656007e-09, 1.72603009663e-09, 1.93313209884e-09, 1.01629193949e-09, 9.54611723003e-10, 2.9121702827e-09, 4.69164751493e-09, 2.26720731078e-09, 6.63719523786e-10, 2.88849610897e-10, 3.20131782194e-10, 2.31011473839e-10, 9.52767240103e-11, 6.89798496101e-11, 7.23559268057e-11, 5.36531270801e-11, 4.84387668864e-11, 3.31757364636e-11, 2.10476705509e-11, 1.39939726473e-11, 4.85492462204e-12]}, "melbands_crest": {"dmean": 3.40103769302, "dmean2": 5.37587022781, "dvar": 10.1289701462, "dvar2": 22.7491855621, "max": 32.2011299133, "mean": 16.1532268524, "median": 15.5338687897, "min": 1.00180637836, "var": 39.8140220642}, "melbands_flatness_db": {"dmean": 0.0327434651554, "dmean2": 0.045749720186, "dvar": 0.00105931016151, "dvar2": 0.00202875840478, "max": 0.5365229249, "mean": 0.218798995018, "median": 0.208142265677, "min": -7.76578659156e-08, "var": 0.00826541986316}, "melbands_kurtosis": {"dmean": 12.9316778183, "dmean2": 19.5887851715, "dvar": 699.41229248, "dvar2": 1484.48034668, "max": 611.047058105, "mean": 21.790019989, "median": 6.38380861282, "min": -1.8273229599, "var": 1726.73742676}, "melbands_skewness": {"dmean": 1.01492071152, "dmean2": 1.46488940716, "dvar": 1.42252624035, "dvar2": 2.84330701828, "max": 19.1940898895, "mean": 2.90931010246, "median": 2.20750904083, "min": -3.91272902489, "var": 7.61116266251}, "melbands_spread": {"dmean": 10.0430583954, "dmean2": 14.9256973267, "dvar": 250.171569824, "dvar2": 529.097106934, "max": 240.132247925, "mean": 31.679977417, "median": 21.2751064301, "min": 0.599011301994, "var": 1148.35717773}, "mfcc": {"cov": [[12030.6484375, -1546.17614746, -1093.12780762, -64.6239700317, -234.227539063, -463.614196777, -199.516403198, 30.845741272, -161.863067627, 55.775970459, -298.299713135, -33.0069084167, 103.24042511], [-1546.17614746, 2404.80566406, -42.4149551392, -70.2409515381, -46.4568595886, 93.5479125977, 131.961990356, 105.6876297, 60.3196868896, 36.5233650208, 26.8822727203, 35.4871482849, -2.44785428047], [-1093.12780762, -42.4149551392, 989.772033691, 124.70262146, -62.770652771, 228.059768677, -13.5980491638, -16.2244415283, 66.216217041, -122.269386292, 103.314857483, 55.0034408569, -78.3210678101], [-64.6239700317, -70.2409515381, 124.70262146, 411.302734375, 118.020339966, 28.558889389, -25.6615829468, -14.9242525101, 5.15227603912, 8.92637729645, 4.1563410759, -0.934819400311, 17.2321472168], [-234.227539063, -46.4568595886, -62.770652771, 118.020339966, 340.446228027, 66.3786239624, 4.75212430954, -26.0637130737, 16.6449718475, 72.7244720459, 19.4549732208, 0.323876768351, 34.1588439941], [-463.614196777, 93.5479125977, 228.059768677, 28.558889389, 66.3786239624, 343.543579102, 79.2053604126, -28.5970401764, 24.2950267792, -5.26514720917, 90.2733154297, 22.5389709473, -48.6700363159], [-199.516403198, 131.961990356, -13.5980491638, -25.6615829468, 4.75212430954, 79.2053604126, 290.919067383, 70.5413742065, -62.214225769, 26.6054191589, 49.4119491577, 6.17790555954, 19.8388118744], [30.845741272, 105.6876297, -16.2244415283, -14.9242525101, -26.0637130737, -28.5970401764, 70.5413742065, 154.342269897, 15.800110817, 25.480266571, -5.04200649261, 4.40362119675, 34.819858551], [-161.863067627, 60.3196868896, 66.216217041, 5.15227603912, 16.6449718475, 24.2950267792, -62.214225769, 15.800110817, 185.075485229, -4.65956163406, 0.698483467102, 13.243885994, -3.39163684845], [55.775970459, 36.5233650208, -122.269386292, 8.92637729645, 72.7244720459, -5.26514720917, 26.6054191589, 25.480266571, -4.65956163406, 178.831268311, 12.6740942001, -13.4022035599, 17.5063247681], [-298.299713135, 26.8822727203, 103.314857483, 4.1563410759, 19.4549732208, 90.2733154297, 49.4119491577, -5.04200649261, 0.698483467102, 12.6740942001, 132.689285278, 36.2993583679, -19.3264694214], [-33.0069084167, 35.4871482849, 55.0034408569, -0.934819400311, 0.323876768351, 22.5389709473, 6.17790555954, 4.40362119675, 13.243885994, -13.4022035599, 36.2993583679, 114.538589478, 26.6022644043], [103.24042511, -2.44785428047, -78.3210678101, 17.2321472168, 34.1588439941, -48.6700363159, 19.8388118744, 34.819858551, -3.39163684845, 17.5063247681, -19.3264694214, 26.6022644043, 123.20400238]], "icov": [[0.000110591980047, 7.45731813367e-05, 0.000129845167976, -4.23274323111e-05, 0.00011685158097, -2.88443552563e-05, 5.79779698455e-05, -7.28963859729e-05, 5.29658027517e-05, -2.39844448515e-05, 0.000145614976645, -0.000107637795736, 1.56958867592e-05], [7.45731813367e-05, 0.000500967085827, 0.000152522712597, -5.42527777725e-06, 0.000166939658811, -0.000167843405507, -0.000110661785584, -0.000280254142126, -0.000143232551636, -7.96332315076e-05, 0.000153603541548, -0.000224598159548, 0.000109579894342], [0.000129845167976, 0.000152522712597, 0.0017271025572, -0.000612172763795, 0.000591522140894, -0.000912931980565, 0.000334551848937, -0.000464380253106, -0.000250466924626, 0.000831994519103, -0.000539366097655, -0.00049156678142, 0.000526915828232], [-4.23274323111e-05, -5.42527777725e-06, -0.000612172763795, 0.00296568660997, -0.00115779868793, 0.000139145340654, 0.000233946033404, 4.58198301203e-05, 0.000229426426813, -5.25576288055e-05, 0.000130483298562, 0.000305456400383, -0.000474950124044], [0.00011685158097, 0.000166939658811, 0.000591522140894, -0.00115779868793, 0.00428818864748, -0.00109768786933, 8.84105102159e-05, 0.00085590913659, -0.000481792056235, -0.0013862689957, -0.000159307383001, 0.000100149780337, -0.00129820848815], [-2.88443552563e-05, -0.000167843405507, -0.000912931980565, 0.000139145340654, -0.00109768786933, 0.0048513864167, -0.00154232233763, 0.00118841661606, -0.000765944714658, 1.84824602911e-05, -0.00161625014152, -0.000131057429826, 0.00130536651704], [5.79779698455e-05, -0.000110661785584, 0.000334551848937, 0.000233946033404, 8.84105102159e-05, -0.00154232233763, 0.00539286620915, -0.00269740563817, 0.00215788371861, -3.41746681443e-06, -0.0014405871043, 0.000416237307945, -0.00086661853129], [-7.28963859729e-05, -0.000280254142126, -0.000464380253106, 4.58198301203e-05, 0.00085590913659, 0.00118841661606, -0.00269740563817, 0.00909904949367, -0.00181133602746, -0.00131578336004, 0.000453538523288, 0.000222757851589, -0.00199101329781], [5.29658027517e-05, -0.000143232551636, -0.000250466924626, 0.000229426426813, -0.000481792056235, -0.000765944714658, 0.00215788371861, -0.00181133602746, 0.00664474349469, 5.21311958437e-05, 0.000177132460522, -0.000549547141418, 7.8867728007e-05], [-2.39844448515e-05, -7.96332315076e-05, 0.000831994519103, -5.25576288055e-05, -0.0013862689957, 1.84824602911e-05, -3.41746681443e-06, -0.00131578336004, 5.21311958437e-05, 0.00713997893035, -0.00152478169184, 0.00101705058478, -0.000153053391841], [0.000145614976645, 0.000153603541548, -0.000539366097655, 0.000130483298562, -0.000159307383001, -0.00161625014152, -0.0014405871043, 0.000453538523288, 0.000177132460522, -0.00152478169184, 0.0113067151979, -0.00356576731429, 0.00179447955452], [-0.000107637795736, -0.000224598159548, -0.00049156678142, 0.000305456400383, 0.000100149780337, -0.000131057429826, 0.000416237307945, 0.000222757851589, -0.000549547141418, 0.00101705058478, -0.00356576731429, 0.0111524192616, -0.00360602326691], [1.56958867592e-05, 0.000109579894342, 0.000526915828232, -0.000474950124044, -0.00129820848815, 0.00130536651704, -0.00086661853129, -0.00199101329781, 7.8867728007e-05, -0.000153053391841, 0.00179447955452, -0.00360602326691, 0.0111689073965]], "mean": [-722.61517334, 104.907569885, 5.06235742569, 28.0178489685, -1.43498027325, 17.8118400574, 9.29715156555, 10.3014192581, -4.2443780899, 8.46893596649, 0.128128707409, 2.7797973156, -0.496226727962]}, "pitch_salience": {"dmean": 0.074434004724, "dmean2": 0.114361003041, "dvar": 0.00459209037945, "dvar2": 0.0101398844272, "max": 0.99603831768, "mean": 0.472239196301, "median": 0.474762111902, "min": 0.0763854831457, "var": 0.0210095159709}, "silence_rate_20dB": {"dmean": 0, "dmean2": 0, "dvar": 0, "dvar2": 0, "max": 1, "mean": 1, "median": 1, "min": 1, "var": 0}, "silence_rate_30dB": {"dmean": 0.00288789719343, "dmean2": 0.00577655248344, "dvar": 0.00287962751463, "dvar2": 0.00679337000474, "max": 1, "mean": 0.996981203556, "median": 1, "min": 0, "var": 0.00300988624804}, "silence_rate_60dB": {"dmean": 0.0968758240342, "dmean2": 0.193777084351, "dvar": 0.0874995067716, "dvar2": 0.178030520678, "max": 1, "mean": 0.249639064074, "median": 0, "min": 0, "var": 0.187328770757}, "spectral_centroid": {"dmean": 320.730957031, "dmean2": 451.824401855, "dvar": 175506.53125, "dvar2": 315353.09375, "max": 11880.4423828, "mean": 1725.8840332, "median": 1469.14953613, "min": 160.279403687, "var": 1834739.75}, "spectral_complexity": {"dmean": 2.47571539879, "dmean2": 3.39635038376, "dvar": 10.2460002899, "dvar2": 15.8708209991, "max": 61, "mean": 9.73972988129, "median": 8, "min": 0, "var": 68.1706924438}, "spectral_contrast_coeffs": {"dmean": [0.0480830147862, 0.0466415956616, 0.0404990240932, 0.0344645008445, 0.026786563918, 0.0194877758622], "dmean2": [0.077159434557, 0.0748165994883, 0.0622812993824, 0.0525651201606, 0.0391954854131, 0.0299462806433], "dvar": [0.00162374402862, 0.0015579268802, 0.0012105476344, 0.000928344845306, 0.000602929794695, 0.000319099868648], "dvar2": [0.00396673055366, 0.00366189470515, 0.00253617600538, 0.00184524641372, 0.00110521970782, 0.000695093476679], "max": [-0.356770575047, -0.338889420033, -0.365554004908, -0.434619545937, -0.471508026123, -0.553438663483], "mean": [-0.678986310959, -0.722924649715, -0.741318464279, -0.748317301273, -0.776321053505, -0.751936435699], "median": [-0.68321710825, -0.729916632175, -0.753804147243, -0.761730790138, -0.789428055286, -0.75350600481], "min": [-0.97372418642, -0.994641423225, -0.99633038044, -0.989536046982, -0.989253103733, -0.964938879013], "var": [0.00743390759453, 0.00906633865088, 0.00979307945818, 0.00745725864545, 0.00584956677631, 0.00211230060086]}, "spectral_contrast_valleys": {"dmean": [0.432990550995, 0.397299230099, 0.351852446795, 0.350435554981, 0.322985112667, 0.474021106958], "dmean2": [0.688300609589, 0.626030802727, 0.549660265446, 0.510228991508, 0.432920783758, 0.570598483086], "dvar": [0.179146617651, 0.16179703176, 0.138604208827, 0.137329936028, 0.140476718545, 0.274754613638], "dvar2": [0.350252181292, 0.305007904768, 0.248289838433, 0.225494936109, 0.203542247415, 0.442348748446], "max": [-5.69254207611, -5.12458658218, -5.54593658447, -5.99198293686, -5.52566385269, -7.53450727463], "mean": [-8.25689983368, -8.17096042633, -8.57624053955, -9.04902553558, -8.62115383148, -11.0926017761], "median": [-8.00084590912, -8.00212669373, -8.40082550049, -8.83402347565, -8.40313053131, -10.8219718933], "min": [-28.3748779297, -27.9155063629, -27.8730220795, -27.6937847137, -27.5599746704, -27.4087486267], "var": [4.59650230408, 4.7002081871, 4.5253534317, 4.46489334106, 4.81113862991, 4.75844907761]}, "spectral_decrease": {"dmean": 1.05815833873e-09, "dmean2": 1.38172362441e-09, "dvar": 2.946311256e-18, "dvar2": 4.94803146971e-18, "max": 2.49644456069e-28, "mean": -3.09101522156e-09, "median": -1.72203196147e-09, "min": -3.55027331977e-08, "var": 1.46228823251e-17}, "spectral_energy": {"dmean": 0.00443779490888, "dmean2": 0.00571186002344, "dvar": 5.25195864611e-05, "dvar2": 8.53005549288e-05, "max": 0.146632403135, "mean": 0.0130910063162, "median": 0.0071963313967, "min": 9.82809555705e-21, "var": 0.000270386604825}, "spectral_energyband_high": {"dmean": 0.000478779140394, "dmean2": 0.000626259949058, "dvar": 1.65715334788e-06, "dvar2": 2.95052359434e-06, "max": 0.0314142368734, "mean": 0.000907235604245, "median": 0.000171585837961, "min": 7.00062097111e-21, "var": 4.54434984931e-06}, "spectral_energyband_low": {"dmean": 0.00202016509138, "dmean2": 0.002760973759, "dvar": 1.28437104649e-05, "dvar2": 2.27365435421e-05, "max": 0.102449834347, "mean": 0.00410441402346, "median": 0.00214870623313, "min": 1.7557214895e-23, "var": 4.16412985942e-05}, "spectral_energyband_middle_high": {"dmean": 0.00175536284223, "dmean2": 0.0021132400725, "dvar": 1.65224082593e-05, "dvar2": 2.4594955903e-05, "max": 0.104619950056, "mean": 0.00487241195515, "median": 0.000887955829967, "min": 1.2341387317e-21, "var": 9.60283214226e-05}, "spectral_energyband_middle_low": {"dmean": 0.0017903149128, "dmean2": 0.00265366327949, "dvar": 2.11725855479e-05, "dvar2": 4.61813178845e-05, "max": 0.0933129712939, "mean": 0.00357048586011, "median": 0.00131509627681, "min": 1.72483957299e-22, "var": 4.94066334795e-05}, "spectral_entropy": {"dmean": 0.204841405153, "dmean2": 0.281520783901, "dvar": 0.0427091419697, "dvar2": 0.0785414949059, "max": 9.82028865814, "mean": 7.44125175476, "median": 7.44815587997, "min": 5.88401079178, "var": 0.303083986044}, "spectral_flux": {"dmean": 0.0176391396672, "dmean2": 0.027374394238, "dvar": 0.000431170716183, "dvar2": 0.000962613848969, "max": 0.281231194735, "mean": 0.0533430725336, "median": 0.0417818799615, "min": 6.34239188946e-11, "var": 0.00163949967828}, "spectral_kurtosis": {"dmean": 1.70643651485, "dmean2": 2.83085632324, "dvar": 4.56712675095, "dvar2": 11.8561105728, "max": 34.1921920776, "mean": 3.23092794418, "median": 2.43666696548, "min": -1.26507949829, "var": 8.98962306976}, "spectral_rms": {"dmean": 0.000579870247748, "dmean2": 0.00074022822082, "dvar": 4.44469350214e-07, "dvar2": 6.74814941704e-07, "max": 0.0119606023654, "mean": 0.00304779526778, "median": 0.00264968140982, "min": 3.09651197912e-12, "var": 3.48270441464e-06}, "spectral_rolloff": {"dmean": 572.865661621, "dmean2": 931.884521484, "dvar": 1140118.875, "dvar2": 2375305, "max": 19487.5488281, "mean": 1994.14733887, "median": 1119.7265625, "min": 64.599609375, "var": 6996194.5}, "spectral_skewness": {"dmean": 0.26389926672, "dmean2": 0.402122527361, "dvar": 0.0750738680363, "dvar2": 0.167348250747, "max": 4.65647029877, "mean": 1.2147847414, "median": 1.16756641865, "min": -0.328476577997, "var": 0.29189607501}, "spectral_spread": {"dmean": 599766, "dmean2": 861263.875, "dvar": 994354462720, "dvar2": 1819058765820.0, 