{"lowlevel": {"average_loudness": 0.782676339149, "barkbands": {"dmean": [0.000940346042626, 0.00374973402359, 0.000973415211774, 0.000742718344554, 0.00162589468528, 0.00113922043238, 0.000913320982363, 0.000828505784739, 0.00090471614385, 0.00116484228056, 0.000998420990072, 0.000775164284278, 0.000522974587511, 0.000367813161574, 0.000289843737846, 0.000248413736699, 0.000181069553946, 0.000208597921301, 0.000166207115399, 0.000104088918306, 6.52502058074e-05, 6.31423608866e-05, 3.60913109034e-05, 1.06712950583e-05, 1.95011239157e-06, 1.57502181537e-05, 0.000132613116875], "dmean2": [0.00160576053895, 0.00619296869263, 0.00169701362029, 0.00130703428295, 0.00260449503548, 0.0018099215813, 0.00145701004658, 0.00132710905746, 0.00146919407416, 0.00189184746705, 0.00162678270135, 0.00125272211153, 0.000851546181366, 0.00060042104451, 0.000476822751807, 0.000399758981075, 0.00029318081215, 0.000333708856488, 0.000265241833404, 0.000161294767167, 9.77034287644e-05, 8.87003552634e-05, 4.92849649163e-05, 1.58333532454e-05, 3.22958612742e-06, 2.18690038309e-05, 0.000188525766134], "dvar": [4.365575478e-06, 5.10313475388e-05, 3.58078364115e-06, 2.025503818e-06, 7.27676251699e-06, 9.27820565266e-06, 5.69743224332e-06, 2.75448223874e-06, 3.61089109902e-06, 3.72455588149e-06, 2.90502953249e-06, 1.57231454523e-06, 6.95897199421e-07, 3.38537972766e-07, 2.00022469699e-07, 1.65354094861e-07, 1.02704056815e-07, 1.40258947567e-07, 9.47502343251e-08, 4.57218831684e-08, 1.71911356261e-08, 1.62057158803e-08, 6.28377883061e-09, 7.26368742932e-10, 1.46682787444e-11, 1.16024878594e-09, 5.75211878129e-08], "dvar2": [1.16956816782e-05, 0.00013129216677, 1.08401836769e-05, 5.58291094421e-06, 1.73320731847e-05, 2.30835375987e-05, 1.27098674056e-05, 7.11515167495e-06, 9.15618420549e-06, 9.43381382967e-06, 7.32236276235e-06, 3.98437032345e-06, 1.7702070636e-06, 8.57431984969e-07, 5.18547210504e-07, 4.0653443989e-07, 2.57285847738e-07, 3.53559244104e-07, 2.26011366067e-07, 1.0928703631e-07, 4.07287572557e-08, 3.17888151358e-08, 1.21807026687e-08, 1.52262913389e-09, 3.5303197865e-11, 2.32255925603e-09, 1.15186217897e-07], "max": [0.031513299793, 0.115833632648, 0.0332290232182, 0.033092726022, 0.0569843836129, 0.0914897695184, 0.105901822448, 0.0571245998144, 0.0323872342706, 0.0535679534078, 0.033290695399, 0.0218854062259, 0.0164530966431, 0.0106555940583, 0.00572985131294, 0.00848586298525, 0.00877791363746, 0.00751687865704, 0.00900814030319, 0.00580192310736, 0.00487173022702, 0.00357654807158, 0.00149316107854, 0.000505333067849, 0.000119876109238, 0.000588086957578, 0.0056450474076], "mean": [0.000917024270166, 0.00421504443511, 0.00114976020996, 0.00086987571558, 0.00276341754943, 0.00168663263321, 0.00145149067976, 0.00123289914336, 0.00132750230841, 0.00178756588139, 0.00157315144315, 0.00128132430837, 0.000874260498676, 0.000624173029792, 0.000520236499142, 0.000450365187135, 0.000352121598553, 0.000401676836191, 0.000321297615301, 0.000201170143555, 0.000129994790768, 0.000114342634333, 5.91660318605e-05, 1.38348696055e-05, 1.89047887034e-06, 2.4424503863e-05, 0.000310636882205], "median": [0.000255245191511, 0.00122543412726, 0.000417289731558, 0.000329962989781, 0.00147953361738, 0.000600414059591, 0.000553036981728, 0.000535605184268, 0.000576206948608, 0.000919396814425, 0.000722885888536, 0.000647505454253, 0.000489395111799, 0.00034203424002, 0.000302849017316, 0.000249790406087, 0.000175423614564, 0.000189897255041, 0.000156505746418, 9.37430522754e-05, 5.91684110987e-05, 3.89928427467e-05, 1.49434808918e-05, 2.69208203463e-06, 5.15548094882e-07, 6.3466127358e-06, 0.000156191017595], "min": [3.23360519197e-25, 3.01142404643e-24, 1.59778155719e-24, 4.65141528268e-25, 4.790785804e-24, 3.28206920681e-24, 1.11263332321e-23, 6.27869382823e-24, 5.68182865113e-24, 1.22197220569e-23, 2.24132138579e-23, 1.15515600256e-23, 2.40780637776e-23, 3.15765811122e-23, 3.63673775658e-23, 5.4669001054e-23, 6.04988030505e-23, 1.04389004333e-22, 1.29863418177e-22, 1.58660779211e-22, 2.19682565488e-22, 2.78228136315e-22, 3.75407015083e-22, 4.95452964632e-22, 9.1268233044e-22, 1.18821687911e-21, 1.9771189818e-21], "var": [3.6759449813e-06, 5.34304963367e-05, 4.5074357331e-06, 2.37528979596e-06, 1.58997518156e-05, 1.50301311805e-05, 1.43075949381e-05, 4.79700020151e-06, 5.56746908842e-06, 6.85732675265e-06, 5.67363758819e-06, 3.24006532537e-06, 1.30191256176e-06, 7.23202845165e-07, 4.04557368938e-07, 3.45577376493e-07, 2.51075704227e-07, 3.00101959283e-07, 2.0158503844e-07, 9.38348634349e-08, 3.74239732537e-08, 4.01675634976e-08, 1.3983447289e-08, 1.1928577015e-09, 1.59523262655e-11, 2.33656805015e-09, 1.9558240183e-07]}, "barkbands_crest": {"dmean": 2.74498057365, "dmean2": 4.5317940712, "dvar": 6.1748008728, "dvar2": 15.9041938782, "max": 24.0600452423, "mean": 8.30575656891, "median": 7.34365606308, "min": 2.10798764229, "var": 15.0664520264}, "barkbands_flatness_db": {"dmean": 0.0214227810502, "dmean2": 0.0331954360008, "dvar": 0.000403873360483, "dvar2": 0.000907711160835, "max": 0.367244899273, "mean": 0.109446398914, "median": 0.0993032902479, "min": 0.0211839787662, "var": 0.00213233358227}, "barkbands_kurtosis": {"dmean": 1.81097555161, "dmean2": 2.92079305649, "dvar": 14.1725463867, "dvar2": 38.4786376953, "max": 128.781021118, "mean": 2.43778800964, "median": 1.37315654755, "min": -1.67109692097, "var": 20.4732627869}, "barkbands_skewness": {"dmean": 0.441296875477, "dmean2": 0.699317157269, "dvar": 0.203388273716, "dvar2": 0.481781482697, "max": 9.16477489471, "mean": 1.07315266132, "median": 0.983245551586, "min": -2.17644190788, "var": 0.740584671497}, "barkbands_spread": {"dmean": 5.95385408401, "dmean2": 9.11999893188, "dvar": 36.7822189331, "dvar2": 81.9700241089, "max": 115.585800171, "mean": 25.4428310394, "median": 23.7507324219, "min": 0.847273230553, "var": 156.234344482}, "dissonance": {"dmean": 0.0192326679826, "dmean2": 0.0327283330262, "dvar": 0.000504146155436, "dvar2": 0.00137736066245, "max": 0.500000119209, "mean": 0.470807433128, "median": 0.480065017939, "min": 0.152822494507, "var": 0.000953361974098}, "dynamic_complexity": 3.91881418228, "erbbands": {"dmean": [0.169170573354, 0.649442315102, 1.01110708714, 1.95486092567, 3.49803829193, 6.34472513199, 7.9837975502, 10.0955057144, 10.0838689804, 20.3633842468, 15.0533781052, 20.6221637726, 26.7683258057, 42.0187797546, 36.2458763123, 32.6667022705, 23.856552124, 19.5725955963, 13.9294319153, 13.0545558929, 11.7943964005, 9.46830558777, 11.1681671143, 9.17169189453, 7.72322559357, 4.50377750397, 3.14351987839, 2.44303607941, 2.34493970871, 1.6873934269, 0.903377175331, 0.378917753696, 0.10959918052, 0.0290992874652, 0.0120527828112, 0.017170669511, 0.0336268730462, 0.0333192609251, 0.0129189733416, 0.00324041768909], "dmean2": [0.280150294304, 1.09014391899, 1.75915515423, 3.39766407013, 5.84239387512, 10.2325792313, 12.8158102036, 16.0946407318, 16.145608902, 32.2981796265, 24.3331203461, 33.6191673279, 43.2376899719, 68.5002670288, 58.5839958191, 52.4605941772, 38.6287727356, 31.7846755981, 22.5009841919, 21.1384277344, 18.776725769, 15.1338596344, 17.9693279266, 14.4419698715, 12.194521904, 6.86851215363, 4.78641605377, 3.62064194679, 3.34260034561, 2.35678124428, 1.24920928478, 0.534531772137, 0.169027850032, 0.0475424751639, 0.0199169926345, 0.0270764995366, 0.0467276796699, 0.0457964427769, 0.0180655699223, 0.00463308533654], "dvar": [0.124280229211, 1.50362074375, 3.48492717743, 13.2435693741, 33.1863479614, 147.327255249, 478.87991333, 618.764526367, 718.051025391, 2096.00878906, 929.348937988, 1826.37182617, 2433.4309082, 5134.80029297, 4236.00585938, 2983.48339844, 1523.25378418, 935.309875488, 454.903808594, 365.045776367, 332.129821777, 263.408569336, 423.592163086, 282.523010254, 226.539047241, 93.4412002563, 44.6045646667, 20.5739841461, 22.4234867096, 13.778470993, 3.98638701439, 0.803592264652, 0.106937371194, 0.00481197470799, 0.000466133700684, 0.00233364454471, 0.00575425289571, 0.00439705559984, 0.000607881112956, 3.62873215636e-05], "dvar2": [0.32290583849, 3.95517015457, 10.2714176178, 36.7640724182, 89.8771133423, 350.616149902, 1122.14929199, 1583.88903809, 1690.28417969, 5070.03369141, 2353.38671875, 4606.79492188, 6104.78222656, 13226.1240234, 10910.8007812, 7601.66699219, 3886.77197266, 2351.0925293, 1148.67541504, 910.082580566, 821.651489258, 655.796447754, 1086.38793945, 688.926574707, 539.355041504, 221.778839111, 107.984458923, 46.1763801575, 46.0517120361, 27.6551361084, 7.78113603592, 1.59023082256, 0.246037393808, 0.0114191938192, 0.00113360700198, 0.00544566940516, 0.0116216661409, 0.00923069566488, 0.00129386188928, 7.29638632038e-05], "max": [5.46555280685, 19.8400306702, 27.9582881927, 76.8246002197, 104.497741699, 270.355987549, 558.695007324, 677.396789551, 1467.95288086, 1307.62939453, 803.104797363, 909.066955566, 1032.25219727, 1923.19689941, 1567.09594727, 1104.4934082, 874.478637695, 547.77923584, 345.857940674, 495.108673096, 298.923980713, 448.604980469, 379.283843994, 640.73815918, 460.1355896, 304.501037598, 243.493621826, 126.407104492, 121.658493042, 84.5890960693, 35.6945495605, 16.8716983795, 8.23262691498, 2.83497476578, 0.342385053635, 1.62220919132, 1.25573134422, 1.13681077957, 0.580840349197, 0.141809150577], "mean": [0.181819662452, 0.713674426079, 1.23315668106, 2.53207802773, 5.33654737473, 9.90548324585, 11.7971696854, 14.7944545746, 15.7732372284, 32.5759391785, 23.429315567, 30.3600273132, 43.4634284973, 66.4679107666, 60.6177978516, 56.0725822449, 42.3006591797, 35.9428253174, 27.2981071472, 25.6540794373, 23.8076038361, 19.8310852051, 21.5739841461, 18.3908214569, 15.189078331, 8.87207984924, 6.15954113007, 4.83753538132, 4.26541852951, 2.80681324005, 1.48945522308, 0.555392205715, 0.119144231081, 0.0292001403868, 0.0121801625937, 0.0185641068965, 0.0510680228472, 0.0592112652957, 0.0279334262013, 0.00830334890634], "median": [0.0452947132289, 0.220827594399, 0.519973695278, 1.04748749733, 2.41403245926, 4.86032915115, 4.91717576981, 5.25169229507, 6.73409461975, 12.7834329605, 11.0613193512, 14.1018314362, 21.2406654358, 34.1849594116, 30.3916606903, 28.7010555267, 24.7768211365, 21.408203125, 16.1655521393, 15.8924894333, 13.0857315063, 9.94194889069, 10.4880609512, 8.80877494812, 7.42951011658, 4.18066501617, 2.8530087471, 2.05982208252, 1.51530003548, 0.768518149853, 0.381148815155, 0.120092101395, 0.0196292120963, 0.00744978524745, 0.00392300402746, 0.00417880574241, 0.0123667325824, 0.018433175981, 0.0116327498108, 0.00410870509222], "min": [1.08759470453e-22, 4.97284333622e-22, 2.47305818767e-21, 1.67860805779e-21, 6.56362605792e-21, 2.15075715746e-20, 3.01985191638e-20, 4.72383525407e-20, 1.40571318867e-19, 1.47413808592e-19, 2.32635939432e-19, 2.56696839843e-19, 3.25281822399e-19, 7.22664015711e-19, 1.10158020318e-18, 6.09607192636e-19, 1.55565190145e-18, 2.41802884228e-18, 2.64367523478e-18, 3.03155924916e-18, 4.08186335335e-18, 4.26994974898e-18, 5.26507077335e-18, 5.89132301126e-18, 6.88739157102e-18, 7.73973708576e-18, 9.05764838697e-18, 9.69626987017e-18, 9.95653728683e-18, 1.10078846726e-17, 1.20655434464e-17, 1.00709992313e-17, 8.88308515358e-18, 8.21092811399e-18, 5.84928403817e-18, 3.61143333128e-18, 2.17909730875e-18, 9.55621599155e-19, 2.52116585695e-19, 2.5465117049e-20], "var": [0.121107235551, 1.51869392395, 4.20481204987, 18.3380813599, 67.2817077637, 276.255645752, 787.170593262, 972.652832031, 1473.80236816, 6293.86767578, 1639.46166992, 2693.58227539, 4743.42626953, 9349.70605469, 8177.31982422, 6384.87988281, 2876.37182617, 2115.10766602, 1021.77307129, 871.250427246, 857.113586426, 710.068481445, 856.713623047, 620.381347656, 478.211273193, 180.730102539, 86.002784729, 51.6472969055, 54.5351829529, 29.6898155212, 8.79538249969, 1.58580327034, 0.129758298397, 0.0051671359688, 0.000515600957442, 0.00264510582201, 0.0112910205498, 0.0100966021419, 0.0018309042789, 0.00012741953833]}, "erbbands_crest": {"dmean": 2.65425372124, "dmean2": 4.36645030975, "dvar": 6.29051160812, "dvar2": 15.6072654724, "max": 30.6279125214, "mean": 8.38900566101, "median": 7.31877660751, "min": 2.13394975662, "var": 17.2690429688}, "erbbands_flatness_db": {"dmean": 0.0214623268694, "dmean2": 0.0320189595222, "dvar": 0.000370851135813, "dvar2": 0.000783859111834, "max": 0.413047730923, "mean": 0.164379194379, "median": 0.15800717473, "min": 0.0238713677973, "var": 0.00219723535702}, "erbbands_kurtosis": {"dmean": 0.923645555973, "dmean2": 1.46845984459, "dvar": 1.74598145485, "dvar2": 4.30577230453, "max": 45.1484565735, "mean": 0.696670591831, "median": 0.246482372284, "min": -1.71013700962, "var": 3.29597473145}, "erbbands_skewness": {"dmean": 0.345312595367, "dmean2": 0.542092323303, "dvar": 0.0993253067136, "dvar2": 0.237131640315, "max": 3.81326627731, "mean": 0.162156626582, "median": 0.163553372025, "min": -4.73497962952, "var": 0.387294024229}, "erbbands_spread": {"dmean": 5.45107269287, "dmean2": 8.42458152771, "dvar": 25.5601558685, "dvar2": 57.6623802185, "max": 107.96938324, "mean": 25.3208808899, "median": 24.4885959625, "min": 1.31935310364, "var": 113.63155365}, "gfcc": {"cov": [[29965.4355469, 1620.19604492, -2190.60766602, 689.38293457, -314.823425293, -399.104400635, 666.529907227, -414.785308838, 159.527954102, -374.43182373, -216.408309937, 298.917358398, -728.150939941], [1620.19604492, 1301.08630371, -52.9916114807, -216.859390259, 106.794189453, -26.6901378632, -0.726378798485, -50.8829879761, 20.2043762207, -45.7444915771, 1.92986893654, -81.5731658936, 56.1281585693], [-2190.60766602, -52.9916114807, 612.84375, 131.890441895, -8.38349151611, 203.955368042, -86.6942520142, 181.361923218, -7.63372182846, 92.5350875854, 22.4470081329, 0.498098284006, 50.8740310669], [689.38293457, -216.859390259, 131.890441895, 499.193206787, 111.872024536, 3.35958695412, 185.063781738, 74.0193328857, 50.1724014282, 15.7898778915, 11.5536308289, 91.751121521, -107.721885681], [-314.823425293, 106.794189453, -8.38349151611, 111.872024536, 244.093917847, 20.9453601837, 107.720451355, -5.18943071365, 26.4293193817, -19.5155200958, 9.7835149765, -14.3454856873, 10.3142929077], [-399.104400635, -26.6901378632, 203.955368042, 3.35958695412, 20.9453601837, 270.004638672, -27.1014862061, 98.0330657959, -20.4631004333, 34.7991638184, -4.41522598267, -2.92758631706, 15.4517612457], [666.529907227, -0.726378798485, -86.6942520142, 185.063781738, 107.720451355, -27.1014862061, 277.907623291, -19.9995365143, 68.4428710938, -40.8666229248, 3.91517877579, 55.2904930115, -85.8927230835], [-414.785308838, -50.8829879761, 181.361923218, 74.0193328857, -5.18943071365, 98.0330657959, -19.9995365143, 196.954483032, 10.903629303, 64.4130325317, 21.9590740204, -5.94619512558, 32.361995697], [159.527954102, 20.2043762207, -7.63372182846, 50.1724014282, 26.4293193817, -20.4631004333, 68.4428710938, 10.903629303, 139.480880737, 29.3146286011, 5.87333059311, 33.8561706543, -39.5738754272], [-374.43182373, -45.7444915771, 92.5350875854, 15.7898778915, -19.5155200958, 34.7991638184, -40.8666229248, 64.4130325317, 29.3146286011, 92.4625778198, 42.3759422302, 4.94567966461, 25.2183704376], [-216.408309937, 1.92986893654, 22.4470081329, 11.5536308289, 9.7835149765, -4.41522598267, 3.91517877579, 21.9590740204, 5.87333059311, 42.3759422302, 68.4918670654, 33.3225250244, 22.8287296295], [298.917358398, -81.5731658936, 0.498098284006, 91.751121521, -14.3454856873, -2.92758631706, 55.2904930115, -5.94619512558, 33.8561706543, 4.94567966461, 33.3225250244, 99.6745300293, -10.149187088], [-728.150939941, 56.1281585693, 50.8740310669, -107.721885681, 10.3142929077, 15.4517612457, -85.8927230835, 32.361995697, -39.5738754272, 25.2183704376, 22.8287296295, -10.149187088, 136.644989014]], "icov": [[0.000101105557405, -0.000238542852458, 0.000571393815335, -0.000492117716931, 0.000449635117548, -0.000311540235998, 9.6305491752e-05, -4.6805045713e-05, -1.26462173284e-05, 3.83273709303e-06, 0.000168440543348, -9.40721656661e-05, 6.94777627359e-05], [-0.000238542852458, 0.00153984955978, -0.00151114573237, 0.00152183021419, -0.00132145441603, 0.000725685502402, -0.000343127729138, 0.000227867334615, -0.00068069784902, 0.00113387103193, -0.00146632490214, 0.00123535410967, -0.00046296135406], [0.000571393815335, -0.00151114573237, 0.00657664565369, -0.00506636174396, 0.00393424462527, -0.0041542747058, 0.00163919234183, -0.000708802079316, -0.00130160385743, 0.000509042351041, -0.000586169131566, 0.00161703396589, -0.00165881356224], [-0.000492117716931, 0.00152183021419, -0.00506636174396, 0.0117097105831, -0.00938544608653, 0.00635215826333, -0.00219497038051, -0.00442395685241, 0.0068224966526, -0.00848763249815, 0.00917091127485, -0.0123270321637, 0.00862263888121], [0.000449635117548, -0.00132145441603, 0.00393424462527, -0.00938544608653, 0.0144815528765, -0.00657816091552, -0.00182978285011, 0.00441939476877, -0.00768705224618, 0.00994242727757, -0.01129758358, 0.0142782395706, -0.00958410836756], [-0.000311540235998, 0.000725685502402, -0.0041542747058, 0.00635215826333, -0.00657816091552, 0.00935348216444, -0.000774278305471, -0.00407872721553, 0.00580480694771, -0.00693684257567, 0.00837526284158, -0.00865834672004, 0.00543325021863], [9.6305491752e-05, -0.000343127729138, 0.00163919234183, -0.00219497038051, -0.00182978285011, -0.000774278305471, 0.00849155429751, -0.000963299069554, -0.00268138712272, 0.00461455108598, -0.00247531663626, -0.00182137486991, 0.0027550063096], [-4.6805045713e-05, 0.000227867334615, -0.000708802079316, -0.00442395685241, 0.00441939476877, -0.00407872721553, -0.000963299069554, 0.0113361608237, -0.00419284729287, 0.000900953193195, -0.00600946275517, 0.00886153895408, -0.00644773617387], [-1.26462173284e-05, -0.00068069784902, -0.00130160385743, 0.0068224966526, -0.00768705224618, 0.00580480694771, -0.00268138712272, -0.00419284729287, 0.0184427890927, -0.0173174925148, 0.0159117989242, -0.0161996372044, 0.00998228695244], [3.83273709303e-06, 0.00113387103193, 0.000509042351041, -0.00848763249815, 0.00994242727757, -0.00693684257567, 0.00461455108598, 0.000900953193195, -0.0173174925148, 0.0398271605372, -0.0309616383165, 0.0206599384546, -0.0102632008493], [0.000168440543348, -0.00146632490214, -0.000586169131566, 0.00917091127485, -0.01129758358, 0.00837526284158, -0.00247531663626, -0.00600946275517, 0.0159117989242, -0.0309616383165, 0.0470222719014, -0.029179720208, 0.0090200593695], [-9.40721656661e-05, 0.00123535410967, 0.00161703396589, -0.0123270321637, 0.0142782395706, -0.00865834672004, -0.00182137486991, 0.00886153895408, -0.0161996372044, 0.0206599384546, -0.029179720208, 0.0386660285294, -0.0154284760356], [6.94777627359e-05, -0.00046296135406, -0.00165881356224, 0.00862263888121, -0.00958410836756, 0.00543325021863, 0.0027550063096, -0.00644773617387, 0.00998228695244, -0.0102632008493, 0.0090200593695, -0.0154284760356, 0.0207937769592]], "mean": [-25.0383911133, 90.2677764893, -118.024139404, -8.30623531342, -23.0104446411, -19.6093769073, 3.17650508881, -22.4037017822, -2.78223109245, -12.1494140625, -6.63413763046, 3.23664045334, -10.091632843]}, "hfc": {"dmean": 15.2145738602, "dmean2": 21.2578716278, "dvar": 659.750671387, "dvar2": 1362.76416016, "max": 517.098022461, "mean": 47.6473045349, "median": 29.6380062103, "min": 1.07076955343e-16, "var": 2714.50170898}, "melbands": {"dmean": [0.00126478390303, 0.000599644205067, 0.000348685920471, 0.00033726185211, 0.000288648123387, 0.000221647540457, 0.000161437346833, 0.000219156019739, 0.000127302046167, 0.000131770691951, 0.000137216877192, 0.000174320666702, 0.000127549181343, 9.25453932723e-05, 6.82583486196e-05, 4.83977200929e-05, 3.93454865844e-05, 2.34109029407e-05, 2.29225588555e-05, 1.96665714611e-05, 1.37678189276e-05, 1.08973654278e-05, 1.10390856207e-05, 1.00424213088e-05, 7.80662958277e-06, 6.970348295e-06, 4.91376022183e-06, 2.88006367555e-06, 2.20968627218e-06, 1.66530082879e-06, 1.46023580783e-06, 1.48532251387e-06, 1.19161234124e-06, 8.850124118e-07, 5.71429723095e-07, 3.87956362147e-07, 1.77494669629e-07, 8.6009023903e-08, 4.55431816704e-08, 1.77312386995e-08], "dmean2": [0.00208556139842, 0.00101660296787, 0.000603057676926, 0.000543102563825, 0.000463736621896, 0.000352142436896, 0.000256917934166, 0.00034742441494, 0.000206678480026, 0.000215095904423, 0.000222235103138, 0.000284842593828, 0.000207167337066, 0.0001498216443, 0.000110571651021, 7.88519828347e-05, 6.4373089117e-05, 3.81585850846e-05, 3.80370984203e-05, 3.19673708873e-05, 2.21522532229e-05, 1.77597721631e-05, 1.81569321285e-05, 1.61189909704e-05, 1.25192455016e-05, 1.12787020043e-05, 7.77438253863e-06, 4.47972934126e-06, 3.43250007973e-06, 2.56954740507e-06, 2.20419815378e-06, 2.18968966692e-06, 1.73228545464e-06, 1.25652320548e-06, 8.15852843061e-07, 5.53373638468e-07, 2.62094886239e-07, 1.34841982913e-07, 7.52314548436e-08, 2.94452515703e-08], "dvar": [6.268686775e-06, 1.07689913875e-06, 3.62534819942e-07, 3.24284059161e-07, 4.51962677062e-07, 2.98542602195e-07, 1.84083631893e-07, 2.23989033543e-07, 7.33147587084e-08, 7.62854170944e-08, 6.25951770417e-08, 9.05197197199e-08, 5.02919412781e-08, 2.21811671253e-08, 1.12585434309e-08, 6.46032383145e-09, 4.19789891737e-09, 1.27136978723e-09, 1.32467381508e-09, 1.16581944098e-09, 4.6678105825e-10, 3.97051391765e-10, 3.98390570533e-10, 3.25793059197e-10, 2.10411008061e-10, 1.94557953082e-10, 1.00821864746e-10, 3.73142662602e-11, 2.12451740228e-11, 1.11569069955e-11, 7.50016194984e-12, 9.87793267321e-12, 6.86457444707e-12, 3.92774224603e-12, 1.60079555948e-12, 7.88484457847e-13, 2.21397444648e-13, 7.81308747084e-14, 2.57584582733e-14, 1.24593083179e-15], "dvar2": [1.61729349202e-05, 2.97179462905e-06, 1.0065624565e-06, 8.00477664598e-07, 1.03238278371e-06, 7.61877004152e-07, 4.19050962819e-07, 5.56186876111e-07, 1.89843291309e-07, 1.92498347928e-07, 1.57742150009e-07, 2.32444634207e-07, 1.27129908378e-07, 5.60832091878e-08, 2.88766184298e-08, 1.630987434e-08, 1.06501536479e-08, 3.2385134574e-09, 3.49226314533e-09, 2.85373147335e-09, 1.19793408526e-09, 1.00341424059e-09, 1.05518349613e-09, 8.20640944088e-10, 5.26752197416e-10, 4.89180584928e-10, 2.50890780373e-10, 8.87915296843e-11, 5.21037067658e-11, 2.71756245979e-11, 1.70930995053e-11, 2.16107669954e-11, 1.4591295186e-11, 8.06508939494e-12, 3.23758489636e-12, 1.63200453585e-12, 4.60590495865e-13, 1.84207697381e-13, 6.31710056986e-14, 3.03656187041e-15], "max": [0.0372304134071, 0.0121618136764, 0.0119594596326, 0.0128817176446, 0.0153548037633, 0.0155574409291, 0.020228933543, 0.0142898028716, 0.008345130831, 0.00556394038722, 0.00505571393296, 0.00861772801727, 0.00478161824867, 0.00266416417435, 0.00146843586117, 0.00216025207192, 0.00122948479839, 0.000629257468972, 0.000604519795161, 0.000948652741499, 0.000384976709029, 0.000601937237661, 0.00053864059737, 0.000330574635882, 0.000573078228626, 0.000441066280473, 0.000320098159136, 0.000206423486816, 0.000136033035233, 0.000121841367218, 7.48528327676e-05, 6.82483005221e-05, 7.6631862612e-05, 3.92884358007e-05, 2.41168982029e-05, 1.6275267626e-05, 9.26832399273e-06, 7.6393589552e-06, 5.80200230615e-06, 1.06584616333e-06], "mean": [0.00141027022619, 0.000748080492485, 0.000494819541927, 0.00055747613078, 0.000442944205133, 0.000329594506184, 0.000255890598055, 0.000346869259374, 0.00018829300825, 0.000192019098904, 0.000215886509977, 0.000266307033598, 0.000206759606954, 0.000156086214702, 0.000114924434456, 8.13087171991e-05, 6.63825630909e-05, 4.25378420914e-05, 3.95993956772e-05, 3.3493131923e-05, 2.62176781689e-05, 2.06734002859e-05, 1.96810269699e-05, 1.85116950888e-05, 1.44509704114e-05, 1.22956189443e-05, 8.93425567483e-06, 5.16357113156e-06, 4.04411593991e-06, 3.06585297949e-06, 2.70142709269e-06, 2.56637281382e-06, 1.93658729586e-06, 1.40141378324e-06, 9.155099292e-07, 5.82799543736e-07, 2.2995570248e-07, 8.61630198301e-08, 4.23379766801e-08, 1.70541021305e-08], "median": [0.000411030487157, 0.000340642756782, 0.000237822416238, 0.000292839424219, 0.000197884713998, 0.000118746422231, 0.000106837323983, 0.000138645656989, 8.71920783538e-05, 8.63653694978e-05, 0.000102137659269, 0.000133969791932, 9.79716860456e-05, 7.82754723332e-05, 6.22003208264e-05, 4.60257433588e-05, 3.60271405953e-05, 2.43103731918e-05, 2.22266407945e-05, 1.83481024578e-05, 1.32676323119e-05, 9.82800429483e-06, 9.55329323915e-06, 8.43837005959e-06, 6.7706473601e-06, 5.89001228946e-06, 3.90085006075e-06, 2.33936680161e-06, 1.848951797e-06, 1.37326026106e-06, 1.07331129584e-06, 8.79021513356e-07, 5.62742513921e-07, 3.48979170894e-07, 2.32833926361e-07, 1.35085997499e-07, 3.88501781856e-08, 8.81194317515e-09, 6.42724895528e-09, 4.63484450819e-09], "min": [1.43896591038e-24, 1.54523750444e-24, 3.61155855894e-25, 8.64576563765e-25, 1.00003068651e-24, 8.47356420457e-25, 2.2447153415e-24, 1.3020801037e-24, 2.06259122153e-24, 1.51994741268e-24, 1.49600173712e-24, 2.11698791411e-24, 3.55449324853e-24, 1.58017132216e-24, 2.40694438945e-24, 2.36588871528e-24, 3.51670878332e-24, 4.01032311197e-24, 2.52168558862e-24, 4.26725984197e-24, 3.76212419979e-24, 2.97048965963e-24, 3.761419747e-24, 4.16039127742e-24, 4.32662083622e-24, 4.1543008768e-24, 4.34535786045e-24, 4.746217135e-24, 3.62395008465e-24, 5.64474390555e-24, 5.0149429968e-24, 4.71332912943e-24, 5.32759776139e-24, 5.23119895877e-24, 5.20449010067e-24, 4.64701945389e-24, 5.53105800505e-24, 5.47085924051e-24, 6.04524227624e-24, 6.06336043908e-24], "var": [6.36642562313e-06, 1.25252677208e-06, 5.20413266258e-07, 6.82500171933e-07, 8.14114969216e-07, 4.85109126203e-07, 3.8633234567e-07, 6.07972935995e-07, 1.17272875855e-07, 1.14573907695e-07, 1.2045991582e-07, 1.60934192195e-07, 9.87820811815e-08, 4.61221318915e-08, 2.24658105452e-08, 1.1756371876e-08, 8.6973601654e-09, 2.64268185113e-09, 2.47411047205e-09, 2.17490048193e-09, 1.16367793179e-09, 9.51332901344e-10, 7.27130133882e-10, 6.82656542406e-10, 4.12560707819e-10, 3.32826793903e-10, 2.02835970242e-10, 6.58435389544e-11, 3.91366661301e-11, 2.12236235531e-11, 1.78007868862e-11, 2.17304872013e-11, 1.39291373574e-11, 7.98068555685e-12, 3.36967476491e-12, 1.5238518997e-12, 3.73005879656e-13, 8.84796589836e-14, 2.43471404469e-14, 1.30732759145e-15]}, "melbands_crest": {"dmean": 4.11623334885, "dmean2": 6.81477403641, "dvar": 14.6237649918, "dvar2": 37.2010192871, "max": 37.5274620056, "mean": 12.1816883087, "median": 10.7860689163, "min": 1.4493598938, "var": 35.7162513733}, "melbands_flatness_db": {"dmean": 0.0282574463636, "dmean2": 0.0437219887972, "dvar": 0.000652973889373, "dvar2": 0.00147979927715, "max": 0.503765285015, "mean": 0.19441729784, "median": 0.187418222427, "min": 0.000932679395191, "var": 0.00396247627214}, "melbands_kurtosis": {"dmean": 2.90358448029, "dmean2": 4.78270244598, "dvar": 47.019367218, "dvar2": 134.957885742, "max": 241.952362061, "mean": 3.80766177177, "median": 1.74322462082, "min": -1.82625806332, "var": 66.8236541748}, "melbands_skewness": {"dmean": 0.583942174911, "dmean2": 0.922206699848, "dvar": 0.365705102682, "dvar2": 0.892436265945, "max": 13.91547966, "mean": 1.42583024502, "median": 1.27458941936, "min": -2.33912301064, "var": 1.220312953}, "melbands_spread": {"dmean": 6.93675708771, "dmean2": 10.9878578186, "dvar": 56.6677970886, "dvar2": 130.640319824, "max": 160.72833252, "mean": 28.6772651672, "median": 25.9596729279, "min": 0.780360102654, "var": 331.973022461}, "mfcc": {"cov": [[12919.7158203, 1408.89758301, -897.269897461, 1279.38830566, -579.13458252, 592.015319824, -134.616821289, 732.507873535, -235.805526733, 195.772384644, 76.7027816772, 148.867630005, -4.99882268906], [1408.89758301, 1667.38305664, -122.878929138, -91.8701705933, 35.9234886169, 12.1420707703, 14.841884613, -53.1887283325, 37.2375602722, -34.9871177673, 10.0468587875, -64.8731765747, -9.03198242188], [-897.269897461, -122.878929138, 553.114501953, -145.571136475, 146.922668457, -61.4584693909, 27.9029197693, -34.9831314087, 53.0054244995, 30.0366153717, 21.1313056946, 28.364397049, 12.3646650314], [1279.38830566, -91.8701705933, -145.571136475, 580.871704102, -79.4847717285, 119.196052551, 15.1438531876, 175.584686279, -24.9276103973, 45.9428367615, 43.9204101562, 61.1786270142, 23.6233654022], [-579.13458252, 35.9234886169, 146.922668457, -79.4847717285, 230.483886719, -25.8699550629, 69.0689086914, -52.4945793152, 69.2243728638, -7.1948466301, 20.6796474457, -1.82856667042, 9.10464096069], [592.015319824, 12.1420707703, -61.4584693909, 119.196052551, -25.8699550629, 210.969039917, 16.4352054596, 120.78338623, -22.6478939056, 40.1724357605, -1.18780696392, 15.3382339478, 10.9917201996], [-134.616821289, 14.841884613, 27.9029197693, 15.1438531876, 69.0689086914, 16.4352054596, 167.459625244, 23.7051925659, 43.3431587219, -20.6331996918, 21.3967189789, -3.21079540253, 3.93851184845], [732.507873535, -53.1887283325, -34.9831314087, 175.584686279, -52.4945793152, 120.78338623, 23.7051925659, 201.355712891, 5.32911682129, 52.6457328796, 18.9367103577, 36.9676780701, 13.9797077179], [-235.805526733, 37.2375602722, 53.0054244995, -24.9276103973, 69.2243728638, -22.6478939056, 43.3431587219, 5.32911682129, 104.5495224, 22.2920856476, 21.9868583679, 1.28234934807, 10.0112018585], [195.772384644, -34.9871177673, 30.0366153717, 45.9428367615, -7.1948466301, 40.1724357605, -20.6331996918, 52.6457328796, 22.2920856476, 90.27394104, 31.2017402649, 29.690946579, 5.06935501099], [76.7027816772, 10.0468587875, 21.1313056946, 43.9204101562, 20.6796474457, -1.18780696392, 21.3967189789, 18.9367103577, 21.9868583679, 31.2017402649, 85.8784484863, 33.7231636047, 11.5907373428], [148.867630005, -64.8731765747, 28.364397049, 61.1786270142, -1.82856667042, 15.3382339478, -3.21079540253, 36.9676780701, 1.28234934807, 29.690946579, 33.7231636047, 76.1128158569, 29.5059623718], [-4.99882268906, -9.03198242188, 12.3646650314, 23.6233654022, 9.10464096069, 10.9917201996, 3.93851184845, 13.9797077179, 10.0112018585, 5.06935501099, 11.5907373428, 29.5059623718, 59.2548942566]], "icov": [[0.000154641937115, -0.000160843672347, 9.76304945652e-05, -0.000189582744497, 0.000102413403511, -3.76630341634e-05, 6.64260442136e-05, -0.000339198595611, 0.000231470068684, -0.000108579195512, 1.44982022903e-05, -0.000178614936885, 0.000166886136867], [-0.000160843672347, 0.000827346986625, 6.56948104734e-05, 0.000287636445137, -0.000162418364198, -0.00022050991538, 5.49577562197e-05, 0.000488889170811, -0.000580725667533, 0.000384516926715, -0.000443480239483, 0.000735585170332, -0.000283292902168], [9.76304945652e-05, 6.56948104734e-05, 0.00263525615446, 0.000503689632751, -0.00152693095151, 0.000799503584858, -0.000101979218016, -0.000699120515492, 0.000465879420517, -0.00129792804364, 0.000312029063934, -0.001027513179, 8.51636832522e-06], [-0.000189582744497, 0.000287636445137, 0.000503689632751, 0.00291821546853, -0.000115712566185, -8.10468045529e-05, -0.000215648673475, -0.0014600896975, 0.000324132619426, 0.000191858271137, -0.000887665199116, -0.00074518751353, -0.000375527568394], [0.000102413403511, -0.000162418364198, -0.00152693095151, -0.000115712566185, 0.00780785176903, -0.00168750190642, -0.00181094184518, 0.00266694021411, -0.0039251842536, 0.00112030818127, -0.000885119661689, -0.000471793115139, -7.14675334166e-05], [-3.76630341634e-05, -0.00022050991538, 0.000799503584858, -8.10468045529e-05, -0.00168750190642, 0.00891292374581, -0.00132308935281, -0.00474480865523, 0.00397674459964, -0.00384269584902, 0.00190062425099, 0.00132692826446, -0.00173364696093], [6.64260442136e-05, 5.49577562197e-05, -0.000101979218016, -0.000215648673475, -0.00181094184518, -0.00132308935281, 0.00902372226119, -0.00197877478786, -0.00321221421473, 0.0051708095707, -0.0027364550624, 0.000616780132987, 0.00084046513075], [-0.000339198595611, 0.000488889170811, -0.000699120515492, -0.0014600896975, 0.00266694021411, -0.00474480865523, -0.00197877478786, 0.0121820364147, -0.00317045697011, -0.0021432004869, 0.000572967343032, -0.00183973263483, 2.47668940574e-05], [0.000231470068684, -0.000580725667533, 0.000465879420517, 0.000324132619426, -0.0039251842536, 0.00397674459964, -0.00321221421473, -0.00317045697011, 0.0169058013707, -0.006801225245, -0.000505298317876, 0.00291998242028, -0.00309806829318], [-0.000108579195512, 0.000384516926715, -0.00129792804364, 0.000191858271137, 0.00112030818127, -0.00384269584902, 0.0051708095707, -0.0021432004869, -0.006801225245, 0.0207185875624, -0.00558820413426, -0.00385471223854, 0.00333554064855], [1.44982022903e-05, -0.000443480239483, 0.000312029063934, -0.000887665199116, -0.000885119661689, 0.00190062425099, -0.0027364550624, 0.000572967343032, -0.000505298317876, -0.00558820413426, 0.0174328591675, -0.00626983027905, 0.000328050460666], [-0.000178614936885, 0.000735585170332, -0.001027513179, -0.00074518751353, -0.000471793115139, 0.00132692826446, 0.000616780132987, -0.00183973263483, 0.00291998242028, -0.00385471223854, -0.00626983027905, 0.0238385815173, -0.00997960288078], [0.000166886136867, -0.000283292902168, 8.51636832522e-06, -0.000375527568394, -7.14675334166e-05, -0.00173364696093, 0.00084046513075, 2.47668940574e-05, -0.00309806829318, 0.00333554064855, 0.000328050460666, -0.00997960288078, 0.0224091745913]], "mean": [-669.982299805, 150.57951355, -37.3737945557, 23.6892566681, -16.8129463196, 16.3753032684, -5.17614889145, 11.2717914581, -6.25327730179, 1.8872821331, -3.28548812866, -1.70076501369, 0.169947251678]}, "pitch_salience": {"dmean": 0.075573079288, "dmean2": 0.123309016228, "dvar": 0.00466354703531, "dvar2": 0.0122088100761, "max": 0.986833333969, "mean": 0.617901682854, "median": 0.635751128197, "min": 0.0898932367563, "var": 0.0126666137949}, "silence_rate_20dB": {"dmean": 0, "dmean2": 0, "dvar": 0, "dvar2": 0, "max": 1, "mean": 1, "median": 1, "min": 1, "var": 0}, "silence_rate_30dB": {"dmean": 0.00135475129355, "dmean2": 0.0027097647544, "dvar": 0.0013529767748, "dvar2": 0.0032833260484, "max": 1, "mean": 0.998935639858, "median": 1, "min": 0, "var": 0.00106311019044}, "silence_rate_60dB": {"dmean": 0.0284497775137, "dmean2": 0.0569050610065, "dvar": 0.0276431646198, "dvar2": 0.061405915767, "max": 1, "mean": 0.0951136946678, "median": 0, "min": 0, "var": 0.0860580205917}, "spectral_centroid": {"dmean": 232.408004761, "dmean2": 349.208892822, "dvar": 73246.28125, "dvar2": 151502.65625, "max": 11700.6396484, "mean": 1529.82202148, "median": 1328.00549316, "min": 219.577636719, "var": 1566758.625}, "spectral_complexity": {"dmean": 4.07044696808, "dmean2": 5.79386425018, "dvar": 18.4893703461, "dvar2": 31.6447811127, "max": 58, "mean": 23.331785202, "median": 23, "min": 0, "var": 165.332519531}, "spectral_contrast_coeffs": {"dmean": [0.0577572770417, 0.0479482673109, 0.039498347789, 0.029328962788, 0.0211420524865, 0.0497446730733], "dmean2": [0.093444339931, 0.0794558674097, 0.065847299993, 0.048613268882, 0.034838527441, 0.0781011655927], "dvar": [0.00212209369056, 0.00144042191096, 0.000956014497206, 0.000556587299798, 0.00031037919689, 0.00186424097046], "dvar2": [0.00552009651437, 0.00386720336974, 0.00263011502102, 0.00151119439397, 0.000803695002105, 0.00450065918267], "max": [-0.332431763411, -0.412594825029, -0.549142897129, -0.604252398014, -0.628247261047, -0.410438269377], "mean": [-0.664595782757, -0.776190578938, -0.793761432171, -0.803526878357, -0.812753796577, -0.688895225525], "median": [-0.66770118475, -0.782053053379, -0.796566188335, -0.804718017578, -0.807277917862, -0.680020928383], "min": [-0.975545883179, -0.985443174839, -0.981869637966, -0.986099541187, -0.980332195759, -0.96562743187], "var": [0.00964599195868, 0.00441034091637, 0.00293471873738, 0.00210905633867, 0.00167190213688, 0.00888871494681]}, "spectral_contrast_valleys": {"dmean": [0.467172801495, 0.379507303238, 0.328756809235, 0.288540929556, 0.29507830739, 0.692631840706], "dmean2": [0.729662060738, 0.595781981945, 0.504745960236, 0.431317061186, 0.408543586731, 1.0802936554], "dvar": [0.17426340282, 0.112936653197, 0.0912971049547, 0.0896505042911, 0.127632290125, 0.35257768631], "dvar2": [0.358750849962, 0.234506487846, 0.174128100276, 0.156490638852, 0.220392301679, 0.849622607231], "max": [-5.16796207428, -4.69326496124, -4.71200609207, -5.53874397278, -5.29684019089, -9.13506889343], "mean": [-7.78091430664, -6.84880924225, -6.9304766655, -7.50170850754, -7.76703929901, -11.7319059372], "median": [-7.16296482086, -6.36874914169, -6.44711589813, -7.03074884415, -7.2548365593, -11.4079236984], "min": [-28.1461696625, -28.1358375549, -27.7448959351, -27.6999492645, -27.5299606323, -27.4558353424], "var": [7.09265899658, 7.0621099472, 6.99468517303, 6.57914638519, 6.6789150238, 4.59458827972]}, "spectral_decrease": {"dmean": 2.26380847401e-09, "dmean2": 3.42893891059e-09, "dvar": 9.20411560367e-18, "dvar2": 2.08534879403e-17, "max": 2.37809882897e-09, "mean": -5.67357005821e-09, "median": -4.62069182916e-09, "min": -4.07462437124e-08, "var": 2.28212050337e-17}, "spectral_energy": {"dmean": 0.00932403746992, "dmean2": 0.0137800285593, "dvar": 0.000149843879626, "dvar2": 0.000326064793626, "max": 0.163694918156, "mean": 0.0257351323962, "median": 0.0211205985397, "min": 9.98544808934e-21, "var": 0.000439758936409}, "spectral_energyband_high": {"dmean": 0.000290780444629, "dmean2": 0.000382998143323, "dvar": 2.49284738629e-07, "dvar2": 4.75630713481e-07, "max": 0.0113013908267, "mean": 0.000663699465804, "median": 0.000311429030262, "min": 7.10990655499e-21, "var": 8.04359444828e-07}, "spectral_energyband_low": {"dmean": 0.00502138165757, "dmean2": 0.0082281306386, "dvar": 7.82057904871e-05, "dvar2": 0.000199468733626, "max": 0.131868511438, "mean": 0.00656402856112, "median": 0.00302225025371, "min": 1.53642336433e-23, "var": 9.08613728825e-05}, "spectral_energyband_middle_high": {"dmean": 0.002786899684, "dmean2": 0.00411853147671, "dvar": 1.22642932183e-05, "dvar2": 2.684680112e-05, "max": 0.0650733709335, "mean": 0.00804875418544, "median": 0.00583727518097, "min": 1.1585583344e-21, "var": 5.754563972e-05}, "spectral_energyband_middle_low": {"dmean": 0.00402598548681, "dmean2": 0.00613265344873, "dvar": 3.58451325155e-05, "dvar2": 8.06971656857e-05, "max": 0.117120623589, "mean": 0.00983121991158, "median": 0.00679214112461, "min": 1.22815608632e-22, "var": 0.00010857261077}, "spectral_entropy": {"dmean": 0.140474051237, "dmean2": 0.207753494382, "dvar": 0.0239279605448, "dvar2": 0.0494761690497, "max": 9.83054351807, "mean": 7.61474943161, "median": 7.68317937851, "min": 5.46019506454, "var": 0.211627617478}, "spectral_flux": {"dmean": 0.0216085873544, "dmean2": 0.0332323983312, "dvar": 0.000602200627327, "dvar2": 0.00123400089797, "max": 0.319387048483, "mean": 0.0906768068671, "median": 0.0872168689966, "min": 6.31173308063e-11, "var": 0.00223372736946}, "spectral_kurtosis": {"dmean": 3.60653543472, "dmean2": 5.50414085388, "dvar": 42.7911529541, "dvar2": 105.875061035, "max": 131.249420166, "mean": 14.8283348083, "median": 12.3074111938, "min": -1.2784165144, "var": 115.597305298}, "spectral_rms": {"dmean": 0.00085462158313, "dmean2": 0.00121414253954, "dvar": 8.5938279426e-07, "dvar2": 1.64999948993e-06, "max": 0.0126373404637, "mean": 0.00452577183023, "median": 0.00453932397068, "min": 3.12120186467e-12, "var": 4.62462639916e-06}, "spectral_rolloff": {"dmean": 1806.30187988, "dmean2": 3290.18017578, "dvar": 19278384, "dvar2": 48666272, "max": 22050, "mean": 3813.12475586, "median": 1722.65625, "min": 43.06640625, "var": 32660324}, "spectral_skewness": {"dmean": 0.291112005711, "dmean2": 0.43170145154, "dvar": 0.153930217028, "dvar2": 0.346454888582, "max": 8.61965084076, "mean": 2.35752463341, "median": 2.14790177345, "min": -0.0915137976408, "var": 0.855105698109}, "spectral_spread": {"dmean": 419109.84375, "dmean2": 640320.1875, "dvar": 357259247616, "dvar2": 767370592256, "max": 43455288, "mean": 3921967.75, "median": 3335694.75, "min": 1107196.25, "var": 19082130751500.0}, "spectral_strongp