{"lowlevel": {"average_loudness": 0.845932602882, "barkbands": {"dmean": [6.20772407274e-05, 0.00407995237038, 0.004148111213, 0.00310965604149, 0.00112809881102, 0.000702402961906, 0.000651063513942, 0.00113037624396, 0.000669043103699, 0.000297586346278, 0.000224713483476, 0.000283319153823, 0.000270759046543, 0.000204650947126, 0.000326835754095, 0.000214599233004, 0.000176304485649, 0.000137757408083, 8.63329987624e-05, 0.000105736995465, 7.42611082387e-05, 9.03208201635e-05, 9.16944845812e-05, 6.98551957612e-05, 4.16759285145e-05, 9.6503417808e-06, 1.42453245644e-06], "dmean2": [9.55753639573e-05, 0.0070390230976, 0.00759100960568, 0.00538190500811, 0.00191753602121, 0.0011132019572, 0.00099489686545, 0.0016327771591, 0.000990247237496, 0.000439153227489, 0.000341312552337, 0.000440043600975, 0.000411801913287, 0.000301288004266, 0.00048532045912, 0.000338328361977, 0.000280938053038, 0.00021829616162, 0.000134891757625, 0.000162980679306, 0.000115046248538, 0.000137474577059, 0.000136232789373, 0.000102238067484, 6.02368927503e-05, 1.3748272977e-05, 2.10913913179e-06], "dvar": [1.76304801869e-08, 0.000164808996487, 0.00015939444711, 9.35812131502e-05, 6.36062532067e-06, 2.73559680863e-06, 3.4818392578e-06, 1.04506825664e-05, 6.38988876744e-06, 1.08223059669e-06, 6.45717136649e-07, 5.08911057295e-07, 7.25458562556e-07, 4.5729956355e-07, 8.5534588834e-07, 5.36393486072e-07, 1.59835693125e-07, 8.58896527234e-08, 3.20185336022e-08, 7.63361143186e-08, 3.33555547627e-08, 4.91862195418e-08, 4.82334137075e-08, 3.85832912286e-08, 1.84404207459e-08, 6.85073053841e-10, 9.74759335748e-12], "dvar2": [3.68490944425e-08, 0.000451992178569, 0.000455176603282, 0.00024408850004, 1.77385627467e-05, 6.73074873703e-06, 7.7892700574e-06, 2.14538176806e-05, 1.31785955091e-05, 2.07800349017e-06, 1.39215330819e-06, 1.28014823986e-06, 1.61274385846e-06, 9.35015123105e-07, 1.71197882537e-06, 1.36630728775e-06, 3.98825875436e-07, 2.03525900133e-07, 7.43628660871e-08, 1.69311022091e-07, 8.50865191637e-08, 1.17972987823e-07, 1.08905318541e-07, 7.32736822329e-08, 3.21381605772e-08, 1.12253939477e-09, 2.15224400801e-11], "max": [0.00225229002535, 0.133442223072, 0.124150194228, 0.12593048811, 0.0588466562331, 0.0344314686954, 0.0499546527863, 0.0671221762896, 0.0647485852242, 0.0360072888434, 0.0286833886057, 0.0159502532333, 0.031082265079, 0.0197527073324, 0.027606908232, 0.0331923887134, 0.00829169806093, 0.00897711981088, 0.00451803766191, 0.0122193135321, 0.00326583301648, 0.00527292583138, 0.00626234197989, 0.00702177872881, 0.0058140270412, 0.00152069632895, 9.53459966695e-05], "mean": [0.000128621177282, 0.00481800874695, 0.0035347470548, 0.00284046703018, 0.0019410836976, 0.00126023369376, 0.00132185709663, 0.00242488272488, 0.00135599880014, 0.000578960578423, 0.000422306213295, 0.000557775376365, 0.00048579426948, 0.0003741630062, 0.000643033359665, 0.000404952705139, 0.000336901051924, 0.000263726426056, 0.00017877103528, 0.000236572464928, 0.000123495890875, 0.000159146715305, 0.000181787356269, 0.00015235489991, 8.34263191791e-05, 1.74449851329e-05, 1.96238556782e-06], "median": [9.36336437007e-05, 0.00135532440618, 0.000833255704492, 0.000426557584433, 0.00116833788343, 0.000474284199299, 0.000338458514307, 0.000336759723723, 0.000168597092852, 0.000101711710158, 9.29683592403e-05, 0.000149429601151, 0.000101296915091, 5.74869591219e-05, 0.000147109210957, 6.42522936687e-05, 8.98663929547e-05, 9.14366682991e-05, 7.70264523453e-05, 7.86836317275e-05, 4.34741887148e-05, 5.32400517841e-05, 8.09586417745e-05, 6.69483197271e-05, 3.20302933687e-05, 5.24162805959e-06, 4.08202708968e-07], "min": [2.54511700604e-09, 4.55273041489e-10, 3.22408107156e-11, 1.42176354023e-10, 4.94726516698e-11, 5.66882200903e-11, 3.15200088252e-11, 1.25819875352e-11, 5.16273898632e-11, 2.16996143276e-11, 1.37198776645e-11, 3.6144889165e-11, 4.75006180223e-11, 3.23597433571e-11, 5.78391293193e-11, 1.75628834392e-11, 5.2531614475e-11, 9.0301682798e-11, 8.13406494937e-11, 7.27099977449e-11, 1.73614775334e-10, 9.66554405957e-11, 2.19845433524e-10, 3.00338004466e-10, 1.60892396628e-10, 1.20949625315e-10, 9.9325193903e-11], "var": [2.469551319e-08, 0.000124445912661, 9.81982593657e-05, 7.20317184459e-05, 7.02687930243e-06, 4.98281042383e-06, 1.01517143776e-05, 3.65089435945e-05, 1.97426743398e-05, 3.55497422788e-06, 1.88583646832e-06, 1.41462646752e-06, 1.67321786648e-06, 1.40717270369e-06, 2.60369006355e-06, 1.81847349268e-06, 4.4658483489e-07, 2.42663418248e-07, 8.26672987841e-08, 3.7931866359e-07, 4.39426877108e-08, 9.17516373988e-08, 9.53811394311e-08, 1.09544863847e-07, 4.97387162568e-08, 1.97310368044e-09, 1.65097727156e-11]}, "barkbands_crest": {"dmean": 2.41417431831, "dmean2": 3.90551614761, "dvar": 5.42924690247, "dvar2": 14.1696853638, "max": 24.4636116028, "mean": 10.0139036179, "median": 9.30948734283, "min": 2.41185474396, "var": 15.3200483322}, "barkbands_flatness_db": {"dmean": 0.020239552483, "dmean2": 0.0315661169589, "dvar": 0.000505042495206, "dvar2": 0.00133575010113, "max": 0.381581306458, "mean": 0.120943836868, "median": 0.115898184478, "min": 0.0240888297558, "var": 0.00175385398325}, "barkbands_kurtosis": {"dmean": 3.03378653526, "dmean2": 4.99986505508, "dvar": 37.3471412659, "dvar2": 98.6099777222, "max": 126.800827026, "mean": 4.64703178406, "median": 2.20945930481, "min": -1.91115045547, "var": 60.2993469238}, "barkbands_skewness": {"dmean": 0.553577363491, "dmean2": 0.863573253155, "dvar": 0.489260673523, "dvar2": 1.23174154758, "max": 8.67208957672, "mean": 1.64674532413, "median": 1.46991813183, "min": -3.94392895699, "var": 1.43522632122}, "barkbands_spread": {"dmean": 6.33665370941, "dmean2": 9.89040851593, "dvar": 65.1655044556, "dvar2": 147.127029419, "max": 120.234680176, "mean": 25.4771766663, "median": 21.6228675842, "min": 0.67902803421, "var": 284.20791626}, "dissonance": {"dmean": 0.0181586742401, "dmean2": 0.0301564708352, "dvar": 0.000340847007465, "dvar2": 0.00088247389067, "max": 0.499999970198, "mean": 0.453850209713, "median": 0.461842179298, "min": 0.105337388813, "var": 0.00113734474871}, "dynamic_complexity": 5.6975736618, "erbbands": {"dmean": [0.0771150961518, 1.08811247349, 4.04028320312, 9.43488788605, 5.20386075974, 3.70746707916, 5.54137420654, 5.7000169754, 7.11686611176, 13.5854177475, 25.9655170441, 17.4371299744, 10.008934021, 9.5493478775, 6.68858146667, 12.6393785477, 11.1638727188, 11.1400146484, 18.0425643921, 10.1801481247, 9.96198654175, 7.69330120087, 8.31167030334, 4.31760311127, 4.67800760269, 4.64277935028, 3.22255754471, 2.97469186783, 3.15594696999, 3.12638068199, 2.57916903496, 1.71178364754, 1.07727265358, 0.564590215683, 0.254954725504, 0.0712820217013, 0.0132016232237, 0.00185471307486, 0.000256630242802, 2.76198934444e-05], "dmean2": [0.128401562572, 1.91271269321, 7.38671398163, 16.5296859741, 9.0468120575, 6.12573575974, 8.66953277588, 9.35730266571, 11.0589084625, 19.6898021698, 37.0970573425, 25.3916988373, 14.34071064, 14.5058193207, 9.93578624725, 19.5720100403, 16.8828811646, 16.2196712494, 26.5463638306, 15.3320884705, 15.9344797134, 12.1394300461, 12.9848051071, 6.87052822113, 7.16874694824, 7.21859741211, 5.01520490646, 4.55276489258, 4.84930229187, 4.74099111557, 3.83147263527, 2.5468173027, 1.57419073582, 0.824357867241, 0.373204499483, 0.102513805032, 0.0190227143466, 0.00269862147979, 0.000380280864192, 4.25139623985e-05], "dvar": [0.0604832731187, 11.9815855026, 158.629486084, 804.877441406, 238.928283691, 65.190864563, 127.677078247, 259.84967041, 340.412780762, 1334.11413574, 6319.27832031, 3903.31835938, 1453.53125, 1003.85131836, 408.102416992, 1034.43334961, 1141.05163574, 1129.12109375, 2623.79589844, 959.416381836, 899.452453613, 275.923706055, 301.383850098, 93.8935317993, 91.6100082397, 167.447311401, 57.1498908997, 61.5433769226, 68.1312026978, 56.9469642639, 38.4093818665, 23.4595584869, 9.73957824707, 2.82671308517, 0.968952834606, 0.0487805604935, 0.00121332996059, 1.66555946635e-05, 3.19665360848e-07, 3.05245206889e-09], "dvar2": [0.153766945004, 33.6951522827, 457.885070801, 2137.11572266, 658.863342285, 170.226730347, 297.201599121, 677.60333252, 801.740112305, 2670.86376953, 12844.140625, 7928.65625, 2966.77954102, 2242.39331055, 863.352294922, 2626.21826172, 2501.26098633, 2117.71777344, 5386.96875, 2152.70263672, 2416.34936523, 647.064086914, 705.55291748, 230.830047607, 205.392791748, 377.437255859, 140.534286499, 154.842132568, 166.015762329, 137.30758667, 84.6134185791, 49.3828773499, 18.2438144684, 4.90525627136, 1.86398005486, 0.0822194814682, 0.00230842526071, 3.55423471774e-05, 7.07233141384e-07, 7.4623649482e-09], "max": [2.20007991791, 35.6297912598, 118.614723206, 343.288085938, 242.122848511, 302.391876221, 224.619781494, 392.098632812, 568.888977051, 938.512084961, 1842.05456543, 1810.79064941, 1590.84228516, 1149.52490234, 549.058654785, 807.480163574, 1275.15734863, 1109.18005371, 1345.37927246, 1857.52929688, 1203.12438965, 406.802642822, 455.565612793, 211.183685303, 197.585891724, 560.29309082, 205.09161377, 157.597732544, 222.063247681, 165.161956787, 217.370117188, 188.045959473, 119.96661377, 70.3676300049, 43.4321136475, 13.2861909866, 1.6947106123, 0.118160828948, 0.0184937734157, 0.000922852079384], "mean": [0.0824158117175, 1.27352297306, 3.8926589489, 8.02651596069, 6.24428319931, 6.62272453308, 11.2131795883, 9.16014480591, 13.3864498138, 31.3205623627, 55.0654411316, 37.374294281, 21.0291042328, 20.456609726, 14.2369174957, 25.0742969513, 22.2407779694, 23.2159233093, 36.3989753723, 22.3911590576, 19.9933929443, 16.3726634979, 17.4413414001, 8.76892375946, 10.2564783096, 10.6204719543, 6.48020410538, 4.72927808762, 5.31723308563, 5.91849327087, 5.23444986343, 3.71039271355, 2.22832989693, 1.15031445026, 0.473370492458, 0.133490219712, 0.0228099841624, 0.00298951100558, 0.000367155938875, 4.95208005304e-05], "median": [0.0151926530525, 0.387397378683, 1.25267899036, 1.42853438854, 2.53017306328, 3.55826330185, 4.09490585327, 3.17622113228, 4.6765537262, 7.89156675339, 9.59932899475, 6.87799263, 3.78092479706, 5.23640060425, 4.06866073608, 7.05447101593, 5.8511724472, 5.53693151474, 8.48123931885, 5.63406801224, 4.25634622574, 5.08045959473, 6.41535997391, 3.94159722328, 4.75041532516, 3.78084230423, 2.17486977577, 1.6225810051, 1.73084259033, 2.31382489204, 2.35877156258, 1.57164943218, 0.978536963463, 0.448625922203, 0.167154446244, 0.0445205792785, 0.0066771353595, 0.000784004107118, 9.42284532357e-05, 3.21259722114e-05], "min": [3.1981286952e-08, 1.12699481747e-07, 1.4121467018e-07, 6.30390161405e-07, 2.8588797818e-07, 2.16469047132e-07, 3.3350056583e-07, 6.18310195932e-07, 4.9195534757e-07, 3.9547089159e-07, 9.44727332808e-07, 1.37801612254e-06, 6.17441799022e-07, 8.27402971026e-07, 5.20672699622e-07, 1.53479459186e-06, 1.77582830929e-06, 1.78308209797e-06, 2.36411415244e-06, 3.31809542331e-06, 1.68441067672e-06, 2.8312208542e-06, 5.46175851923e-06, 3.05841604131e-06, 4.0975542106e-06, 3.22799496644e-06, 6.3548354774e-06, 6.51358777759e-06, 3.68723681277e-06, 5.68830137126e-06, 5.15754027219e-06, 4.8303809308e-06, 5.05241132487e-06, 2.78633319795e-06, 6.90573756401e-07, 5.26120061295e-07, 2.21531749389e-07, 6.37878230236e-08, 1.43514000683e-08, 1.5930369246e-09], "var": [0.0501342043281, 8.53567123413, 96.4943313599, 592.665893555, 177.86831665, 95.0814743042, 396.169677734, 362.987548828, 756.641845703, 5231.97705078, 20996.7695312, 12894.0761719, 4817.35546875, 3955.03979492, 1257.26281738, 2810.5246582, 2897.93530273, 4045.37329102, 8409.3828125, 3638.81396484, 2794.43212891, 863.569396973, 971.014404297, 202.632736206, 253.634567261, 794.031005859, 134.327728271, 77.5642089844, 108.712387085, 114.70022583, 79.6523513794, 63.8477249146, 25.2670478821, 8.13703155518, 2.12279272079, 0.133517295122, 0.00305036059581, 3.60326121154e-05, 5.3633010566e-07, 3.88702048326e-09]}, "erbbands_crest": {"dmean": 2.43664288521, "dmean2": 3.7985868454, "dvar": 5.99875879288, "dvar2": 13.7281370163, "max": 31.4897212982, "mean": 9.73911952972, "median": 8.46827316284, "min": 2.28423643112, "var": 24.9360656738}, "erbbands_flatness_db": {"dmean": 0.0152188874781, "dmean2": 0.0211027935147, "dvar": 0.000233499886235, "dvar2": 0.000444059813162, "max": 0.30627027154, "mean": 0.142572313547, "median": 0.139731794596, "min": 0.0366987735033, "var": 0.0016625757562}, "erbbands_kurtosis": {"dmean": 0.853985548019, "dmean2": 1.29798448086, "dvar": 2.09387421608, "dvar2": 4.57178211212, "max": 47.1967849731, "mean": 0.619362652302, "median": -0.218866109848, "min": -1.7702447176, "var": 6.94143819809}, "erbbands_skewness": {"dmean": 0.322345167398, "dmean2": 0.483481407166, "dvar": 0.114099100232, "dvar2": 0.237948819995, "max": 6.17428398132, "mean": 0.445282787085, "median": 0.365531235933, "min": -3.36885523796, "var": 0.742400288582}, "erbbands_spread": {"dmean": 8.92341518402, "dmean2": 13.2575235367, "dvar": 104.003120422, "dvar2": 219.410583496, "max": 149.164108276, "mean": 45.0629920959, "median": 42.1235427856, "min": 5.68576908112, "var": 445.251190186}, "gfcc": {"cov": [[15351.7724609, 615.836364746, -1100.45495605, 159.577377319, -413.338226318, 384.472595215, -337.086212158, 144.936416626, -31.1024475098, 45.5321578979, -62.372844696, -60.2070884705, -44.2704086304], [615.836364746, 1079.42199707, -160.031204224, 30.524471283, 133.051712036, -91.0623092651, 104.946723938, -63.2891044617, 24.6806545258, -93.5787887573, 86.4230804443, -71.9290161133, -7.56658315659], [-1100.45495605, -160.031204224, 683.243103027, 112.849555969, 28.0882644653, 15.320069313, 35.8941497803, -28.6149272919, -57.7704772949, 32.7957954407, -28.6294612885, 76.3668136597, -14.7497463226], [159.577377319, 30.524471283, 112.849555969, 433.396636963, 79.020866394, 9.32071495056, -26.7518997192, -59.2292633057, 31.2924537659, 9.17070484161, -44.7747306824, 18.2386207581, 73.5632247925], [-413.338226318, 133.051712036, 28.0882644653, 79.020866394, 270.181121826, 20.8358860016, 50.6257095337, -11.5625362396, 43.5001525879, 20.5765628815, -22.2135219574, -4.09768772125, 26.0551204681], [384.472595215, -91.0623092651, 15.320069313, 9.32071495056, 20.8358860016, 201.147399902, 62.2915344238, 8.6137638092, -13.3553171158, 11.9560890198, -0.110989250243, -4.34524011612, -5.25474882126], [-337.086212158, 104.946723938, 35.8941497803, -26.7518997192, 50.6257095337, 62.2915344238, 190.731216431, 9.70785617828, -9.4054107666, -10.7954368591, 18.893661499, 2.67650938034, -16.7165164948], [144.936416626, -63.2891044617, -28.6149272919, -59.2292633057, -11.5625362396, 8.6137638092, 9.70785617828, 141.930709839, 41.5084266663, 0.948133230209, 8.41506004333, -0.974761664867, -5.5335521698], [-31.1024475098, 24.6806545258, -57.7704772949, 31.2924537659, 43.5001525879, -13.3553171158, -9.4054107666, 41.5084266663, 135.343383789, 28.9914073944, -12.4460287094, -18.2025718689, 1.733756423], [45.5321578979, -93.5787887573, 32.7957954407, 9.17070484161, 20.5765628815, 11.9560890198, -10.7954368591, 0.948133230209, 28.9914073944, 102.258911133, 4.00468969345, 7.98052310944, 4.66255903244], [-62.372844696, 86.4230804443, -28.6294612885, -44.7747306824, -22.2135219574, -0.110989250243, 18.893661499, 8.41506004333, -12.4460287094, 4.00468969345, 109.434379578, 18.7649669647, -14.7206020355], [-60.2070884705, -71.9290161133, 76.3668136597, 18.2386207581, -4.09768772125, -4.34524011612, 2.67650938034, -0.974761664867, -18.2025718689, 7.98052310944, 18.7649669647, 93.357131958, 28.906129837], [-44.2704086304, -7.56658315659, -14.7497463226, 73.5632247925, 26.0551204681, -5.25474882126, -16.7165164948, -5.5335521698, 1.733756423, 4.66255903244, -14.7206020355, 28.906129837, 99.1924362183]], "icov": [[0.000131599677843, -0.000275763013633, 0.000262868852587, -0.000169112157892, 0.000290948635666, -0.000479439186165, 0.000389079476008, -0.000349968875526, 0.000295260804705, -0.000422444776632, 0.000486071832711, -0.000450866995379, 0.000364648498362], [-0.000275763013633, 0.00223586102948, -0.000403575220844, 0.000194998356164, -0.00139112689067, 0.00198138179258, -0.00174278125633, 0.00161016033962, -0.00109721906483, 0.00241333059967, -0.00283110863529, 0.00242812978104, -0.00111265317537], [0.000262868852587, -0.000403575220844, 0.00255170324817, -0.00104178220499, 0.000353529816493, -0.000712024164386, 0.000285083340714, -0.000836543273181, 0.00168258382473, -0.00160287681501, 0.00179175788071, -0.00263236067258, 0.00218831887469], [-0.000169112157892, 0.000194998356164, -0.00104178220499, 0.00356329395436, -0.000757403788157, 5.71312884858e-05, 0.000105496459582, 0.00187609705608, -0.00176310958341, 0.000987785169855, -9.40765312407e-05, 0.000623867847025, -0.00274509261362], [0.000290948635666, -0.00139112689067, 0.000353529816493, -0.000757403788157, 0.00563005404547, -0.00160323141608, -0.000233905302593, -0.000553106481675, -0.000626852561254, -0.00222889496945, 0.00247206236236, -0.00123281183187, -0.000154204550199], [-0.000479439186165, 0.00198138179258, -0.000712024164386, 5.71312884858e-05, -0.00160323141608, 0.00812759622931, -0.00392609694973, 0.0010429113172, -0.000120245327707, 0.00115278246813, -0.00245461123995, 0.00297752954066, -0.00124692032114], [0.000389079476008, -0.00174278125633, 0.000285083340714, 0.000105496459582, -0.000233905302593, -0.00392609694973, 0.00839885044843, -0.00179906352423, 0.00125972367823, -0.00077305152081, 0.00120643875562, -0.00236566457897, 0.00205612648278], [-0.000349968875526, 0.00161016033962, -0.000836543273181, 0.00187609705608, -0.000553106481675, 0.0010429113172, -0.00179906352423, 0.0102210016921, -0.00477953767404, 0.00286753778346, -0.00267572933808, 0.00148359127343, -0.00196225941181], [0.000295260804705, -0.00109721906483, 0.00168258382473, -0.00176310958341, -0.000626852561254, -0.000120245327707, 0.00125972367823, -0.00477953767404, 0.0116991642863, -0.00469412701204, 0.00263486988842, -0.000339372403687, 0.00221587484702], [-0.000422444776632, 0.00241333059967, -0.00160287681501, 0.000987785169855, -0.00222889496945, 0.00115278246813, -0.00077305152081, 0.00286753778346, -0.00469412701204, 0.014242189005, -0.00441282661632, 0.00213747145608, -0.0021643107757], [0.000486071832711, -0.00283110863529, 0.00179175788071, -9.40765312407e-05, 0.00247206236236, -0.00245461123995, 0.00120643875562, -0.00267572933808, 0.00263486988842, -0.00441282661632, 0.0147036639974, -0.00665366044268, 0.00389428320341], [-0.000450866995379, 0.00242812978104, -0.00263236067258, 0.000623867847025, -0.00123281183187, 0.00297752954066, -0.00236566457897, 0.00148359127343, -0.000339372403687, 0.00213747145608, -0.00665366044268, 0.0177324377, -0.0069539216347], [0.000364648498362, -0.00111265317537, 0.00218831887469, -0.00274509261362, -0.000154204550199, -0.00124692032114, 0.00205612648278, -0.00196225941181, 0.00221587484702, -0.0021643107757, 0.00389428320341, -0.0069539216347, 0.0153994029388]], "mean": [-28.183052063, 80.1827316284, -107.372123718, 37.2773017883, -63.5678062439, 19.1539649963, -41.0831489563, 10.6387434006, -18.6727256775, 0.36696511507, -12.2038345337, -6.61261367798, -14.955704689]}, "hfc": {"dmean": 5.77867507935, "dmean2": 8.43518161774, "dvar": 97.4830703735, "dvar2": 218.055221558, "max": 154.126113892, "mean": 18.236328125, "median": 12.2268848419, "min": 2.43130816671e-05, "var": 340.201080322}, "melbands": {"dmean": [0.000926573819015, 0.00192663597409, 0.00146007398143, 0.000277388113318, 0.000182465897524, 0.00012652525038, 0.000120441036415, 0.000162721451488, 0.0002027596056, 0.000106800027424, 4.93151710543e-05, 3.91052890336e-05, 2.38560387515e-05, 3.33730204147e-05, 2.22705948545e-05, 3.12298725476e-05, 2.09460558835e-05, 2.88589089905e-05, 1.88341036846e-05, 1.68106562342e-05, 1.19889546113e-05, 8.77147977008e-06, 9.12707946554e-06, 6.58174667478e-06, 3.52586471308e-06, 3.53744644599e-06, 3.72953127226e-06, 3.41734426001e-06, 2.37492599808e-06, 1.92225820683e-06, 1.7785913542e-06, 1.82878829946e-06, 1.92151946976e-06, 1.76246635419e-06, 1.62464016285e-06, 1.27847420117e-06, 1.04080959318e-06, 8.51333652463e-07, 6.16374904894e-07, 4.67161015649e-07], "dmean2": [0.00157440174371, 0.00347233843058, 0.00255914428271, 0.000476522021927, 0.000288498675218, 0.000205909644137, 0.000185126948054, 0.000236204767134, 0.000289583578706, 0.000155759509653, 7.10925742169e-05, 5.91525895288e-05, 3.57258613803e-05, 5.08353077748e-05, 3.43702049577e-05, 4.71459388791e-05, 3.04428613163e-05, 4.21998556703e-05, 2.86300746666e-05, 2.62394169113e-05, 1.95065094886e-05, 1.40188049045e-05, 1.421509387e-05, 1.02776175481e-05, 5.66218568565e-06, 5.46907449461e-06, 5.73552324568e-06, 5.39093571206e-06, 3.7145373426e-06, 3.06438846565e-06, 2.74685294244e-06, 2.85698024527e-06, 2.97745782518e-06, 2.69121323981e-06, 2.44323291554e-06, 1.92216725736e-06, 1.54654264861e-06, 1.25547296648e-06, 9.12460905056e-07, 6.92237733801e-07], "dvar": [8.52420453157e-06, 3.58935722033e-05, 1.86897923413e-05, 4.89028536776e-07, 1.25534555195e-07, 1.14809871832e-07, 9.5157595581e-08, 1.75306041683e-07, 4.00594075245e-07, 1.67837328036e-07, 3.7509646944e-08, 1.65332423308e-08, 6.09666983564e-09, 7.46693018527e-09, 3.60337870653e-09, 1.01182706658e-08, 4.56739046584e-09, 6.7075718313e-09, 3.02728841994e-09, 4.02389499499e-09, 1.34715538724e-09, 4.40529113188e-10, 3.3538757882e-10, 2.50018256098e-10, 6.80991860125e-11, 5.55266596591e-11, 7.64852833846e-11, 1.14289591679e-10, 3.51644408036e-11, 2.41242893717e-11, 2.28700114402e-11, 2.36706158147e-11, 2.04951507154e-11, 2.01315075721e-11, 1.50489169737e-11, 1.02598684756e-11, 1.04777887755e-11, 6.16176033807e-12, 3.13352664129e-12, 2.06625992358e-12], "dvar2": [2.27277305385e-05, 0.000103107864561, 4.96265456604e-05, 1.36754249525e-06, 3.04796060391e-07, 2.95786492188e-07, 2.19625164277e-07, 3.42236859296e-07, 8.0830625393e-07, 3.4427881701e-07, 7.62237561958e-08, 3.64861527657e-08, 1.28038957214e-08, 1.85958555221e-08, 8.58555182504e-09, 2.174846081e-08, 8.27310930873e-09, 1.38576696784e-08, 6.21629236974e-09, 1.01616342008e-08, 3.69409414169e-09, 1.04950514945e-09, 7.79737330259e-10, 5.57439983062e-10, 1.66984870376e-10, 1.25109145266e-10, 1.72557426681e-10, 2.56972249035e-10, 8.27968318906e-11, 6.32554911228e-11, 5.74889268135e-11, 5.8020054039e-11, 4.94710626631e-11, 4.99021692024e-11, 3.35339568613e-11, 2.26644137485e-11, 2.25159248884e-11, 1.16056296517e-11, 5.77569329169e-12, 3.96605057823e-12], "max": [0.0291579030454, 0.0531842783093, 0.0509434044361, 0.010778112337, 0.00873390119523, 0.00784843880683, 0.00826984830201, 0.0116949947551, 0.0150511851534, 0.0124165024608, 0.00781763065606, 0.0043806633912, 0.00259112380445, 0.00177793775219, 0.0019233651692, 0.00428377045318, 0.00217764661647, 0.00256726751104, 0.00265930616297, 0.0030850705225, 0.00126201822422, 0.000598260085098, 0.00043106242083, 0.000728259445168, 0.000200385737116, 0.000174760862137, 0.000306710629957, 0.000500844209455, 0.000230647812714, 9.7046024166e-05, 8.79844446899e-05, 0.000133167312015, 0.000107024447061, 0.000122105499031, 0.000135134672746, 0.00010742766608, 0.000141179843922, 8.81827436388e-05, 7.66219527577e-05, 5.84590670769e-05], "mean": [0.00106364313979, 0.00201163208112, 0.00133231852669, 0.000420582218794, 0.00037404205068, 0.00020820638747, 0.000234788283706, 0.000375197996618, 0.000420465541538, 0.000221430091187, 9.75112561719e-05, 8.02422655397e-05, 4.62760326627e-05, 6.53801107546e-05, 4.25020116381e-05, 5.73712604819e-05, 3.97543226427e-05, 5.53864119865e-05, 3.7738635001e-05, 3.22280611726e-05, 2.1880843633e-05, 1.69649338204e-05, 1.81432496902e-05, 1.21488374134e-05, 6.29652913631e-06, 7.10878475729e-06, 7.4742902143e-06, 7.28617123968e-06, 4.65135781269e-06, 2.93215998681e-06, 2.62278376795e-06, 2.84608631773e-06, 3.41493591804e-06, 3.18423644785e-06, 3.13787859341e-06, 2.5590622954e-06, 2.14668534682e-06, 1.67222947312e-06, 1.17910610697e-06, 8.91125353064e-07], "median": [0.000263316731434, 0.00072971265763, 0.000303667853586, 0.000236924097408, 0.000164481956745, 7.39246461308e-05, 7.12033070158e-05, 9.04980261112e-05, 6.18267804384e-05, 2.98056129395e-05, 1.53156670422e-05, 1.86986908375e-05, 1.1438232832e-05, 1.70109688042e-05, 1.29956815726e-05, 1.11437393571e-05, 6.54553650747e-06, 1.1540894775e-05, 9.44834664551e-06, 5.2157488426e-06, 4.32670776718e-06, 4.56840507468e-06, 6.07515539741e-06, 3.96824043492e-06, 2.52902395914e-06, 2.88481851385e-06, 2.8753645438e-06, 2.060994575e-06, 1.33531591473e-06, 9.52778123064e-07, 7.90685362517e-07, 8.89754971922e-07, 1.06838467673e-06, 1.24884002162e-06, 1.36510163884e-06, 1.08600227122e-06, 8.33711851556e-07, 6.90146634952e-07, 4.67685339345e-07, 3.0997767908e-07], "min": [5.94668814191e-10, 9.85585155155e-11, 1.11392901847e-10, 1.18137990709e-11, 1.6046686549e-11, 1.26720908072e-11, 7.08849472175e-12, 3.1129122717e-12, 7.98434061922e-12, 7.71774397862e-12, 2.30675699896e-12, 3.51303795082e-12, 1.504147501e-12, 4.35505104202e-12, 2.42790791811e-12, 5.38764085428e-12, 3.00591561191e-12, 3.61737549637e-12, 4.82507523519e-12, 2.14405576626e-12, 2.10086288643e-12, 2.11095268869e-12, 4.71656394496e-12, 2.40468127181e-12, 2.48263475749e-12, 2.87108596446e-12, 2.51017891369e-12, 2.02783991855e-12, 3.20915971748e-12, 5.85236893669e-12, 2.80141014553e-12, 2.06311660464e-12, 1.67976288261e-12, 4.40544649372e-12, 3.0735260257e-12, 2.73964401512e-12, 3.04819429246e-12, 2.9400668098e-12, 4.3334862608e-12, 1.67333486477e-12], "var": [6.68002030579e-06, 2.26393804041e-05, 1.38856166814e-05, 4.33201194028e-07, 3.53045322754e-07, 1.67878539514e-07, 2.53830705788e-07, 7.37080085855e-07, 1.3349343817e-06, 5.48587706817e-07, 1.18527800907e-07, 6.34166426039e-08, 1.76789587414e-08, 2.09984349908e-08, 7.76871456054e-09, 2.57787693414e-08, 1.67107696569e-08, 2.1158081509e-08, 8.2839965998e-09, 1.47417180685e-08, 3.3965499302e-09, 1.17329823635e-09, 9.93587989662e-10, 7.04056923873e-10, 1.4173617835e-10, 1.54765339433e-10, 2.35339636667e-10, 5.29866095444e-10, 1.03935478279e-10, 2.85920523369e-11, 2.86725608534e-11, 3.35767004478e-11, 4.49441595052e-11, 3.46525690087e-11, 2.93831903253e-11, 2.37736635933e-11, 2.62963661263e-11, 1.50850252428e-11, 8.16567126416e-12, 5.46109078098e-12]}, "melbands_crest": {"dmean": 3.13986349106, "dmean2": 5.11221265793, "dvar": 9.22835540771, "dvar2": 22.6980018616, "max": 32.1024475098, "mean": 14.5190105438, "median": 13.8108081818, "min": 3.74329686165, "var": 25.6599254608}, "melbands_flatness_db": {"dmean": 0.0260847192258, "dmean2": 0.0406643897295, "dvar": 0.000879416067619, "dvar2": 0.00228229584172, "max": 0.501709520817, "mean": 0.188956364989, "median": 0.183771178126, "min": 0.0424375422299, "var": 0.0033259394113}, "melbands_kurtosis": {"dmean": 9.02232551575, "dmean2": 14.7765274048, "dvar": 376.429168701, "dvar2": 994.969116211, "max": 397.200500488, "mean": 16.3956489563, "median": 9.09424781799, "min": -1.78995203972, "var": 507.802307129}, "melbands_skewness": {"dmean": 0.818711042404, "dmean2": 1.26875853539, "dvar": 1.14775705338, "dvar2": 2.83515119553, "max": 15.7287492752, "mean": 2.86695051193, "median": 2.5380179882, "min": -1.17020225525, "var": 3.16043686867}, "melbands_spread": {"dmean": 7.5211558342, "dmean2": 11.6709957123, "dvar": 149.936538696, "dvar2": 319.940887451, "max": 236.19052124, "mean": 24.8062705994, "median": 19.6856746674, "min": 0.578652203083, "var": 436.025360107}, "mfcc": {"cov": [[12718.5371094, 530.264160156, -491.625152588, -110.690353394, 67.649597168, 134.718460083, -208.837905884, 32.8230628967, -25.5379562378, 134.873657227, -33.82447052, 19.157541275, -47.7791023254], [530.264160156, 1055.83996582, -129.978637695, 63.300113678, 0.990945935249, -23.274728775, 74.0702133179, 45.821231842, -78.5282897949, 27.9441413879, 40.1170158386, -18.5151462555, -21.3693008423], [-491.625152588, -129.978637695, 523.237121582, 92.9990692139, -9.5865354538, 55.242767334, 33.3673667908, 1.2958356142, -5.81980085373, -70.5583877563, -1.84960818291, -0.340021342039, 4.71427249908], [-110.690353394, 63.300113678, 92.9990692139, 374.043731689, 98.4915313721, 72.2305297852, -42.2879829407, -27.9407329559, 74.9458465576, -73.0034637451, -16.1114025116, -9.61205291748, 15.9001865387], [67.649597168, 0.990945935249, -9.5865354538, 98.4915313721, 192.415100098, 33.3195037842, -35.9559745789, -13.8641490936, 49.6066551208, 7.61208248138, -6.32841348648, 1.68729674816, 6.60727548599], [134.718460083, -23.274728775, 55.242767334, 72.2305297852, 33.3195037842, 219.057250977, 54.222984314, -10.251127243, 46.0446624756, -33.9441108704, 25.4758014679, -11.9479837418, -19.0827846527], [-208.837905884, 74.0702133179, 33.3673667908, -42.2879829407, -35.9559745789, 54.222984314, 179.037078857, 39.9663391113, -7.98687696457, -17.1757049561, 14.2761907578, 8.36676216125, -5.81529998779], [32.8230628967, 45.821231842, 1.2958356142, -27.9407329559, -13.8641490936, -10.251127243, 39.9663391113, 130.203353882, 0.798986554146, 16.1153469086, 8.83518600464, 5.8137178421, 2.67006111145], [-25.5379562378, -78.5282897949, -5.81980085373, 74.9458465576, 49.6066551208, 46.0446624756, -7.98687696457, 0.798986554146, 172.228942871, -7.83349466324, -3.6933119297, 6.96297121048, 6.30895328522], [134.873657227, 27.9441413879, -70.5583877563, -73.0034637451, 7.61208248138, -33.9441108704, -17.1757049561, 16.1153469086, -7.83349466324, 139.271652222, 32.8755760193, -0.547317445278, -16.4499912262], [-33.82447052, 40.1170158386, -1.84960818291, -16.1114025116, -6.32841348648, 25.4758014679, 14.2761907578, 8.83518600464, -3.6933119297, 32.8755760193, 112.615959167, 21.8744068146, -21.6471366882], [19.157541275, -18.5151462555, -0.340021342039, -9.61205291748, 1.68729674816, -11.9479837418, 8.36676216125, 5.8137178421, 6.96297121048, -0.547317445278, 21.8744068146, 86.0372619629, 31.7681274414], [-47.7791023254, -21.3693008423, 4.71427249908, 15.9001865387, 6.60727548599, -19.0827846527, -5.81529998779, 2.67006111145, 6.30895328522, -16.4499912262, -21.6471366882, 31.7681274414, 92.6849212646]], "icov": [[9.04187108972e-05, -5.92654687352e-05, 5.97466896579e-05, 5.82337052037e-05, 3.67609777641e-06, -0.000176296918653, 0.000194081309019, -6.15536773694e-05, 2.16850385186e-05, -4.95302447234e-05, 0.000127969236928, -0.000121668221254, 5.86319692957e-05], [-5.92654687352e-05, 0.00122541526798, 0.000361827696906, -0.000677744159475, -6.4626452513e-05, 0.000427286868216, -0.000852083670907, -0.000246014562435, 0.000685745268129, -0.000159880670253, -0.000519320252351, 0.000417301373091, 5.66721100768e-05], [5.97466896579e-05, 0.000361827696906, 0.00233547738753, -0.000679112097714, 0.000222636546823, -0.000308935414068, -0.000368033506675, -0.000274704565527, 0.000576173944864, 0.000678662850987, -0.000184475255082, -1.24454400066e-05, 5.96905629209e-05], [5.82337052037e-05, -0.000677744159475, -0.000679112097714, 0.00445579783991, -0.00156015716493, -0.000975665636361, 0.00154492980801, 0.000231251950026, -0.00138877029531, 0.00193833303638, 1.19916412586e-05, 0.000389410444768, -0.000547600677237], [3.67609777641e-06, -6.4626452513e-05, 0.000222636546823, -0.00156015716493, 0.00672261603177, -0.000962844060268, 0.00100249669049, 0.000183869124157, -0.000994466943666, -0.00144833372906, 0.000731472391635, -0.000609580718447, -0.000186143734027], [-0.000176296918653, 0.000427286868216, -0.000308935414068, -0.000975665636361, -0.000962844060268, 0.00686504878104, -0.00284153036773, 0.000918126839679, -0.00119432003703, 0.00123849115334, -0.00225556013174, 0.00163350161165, 0.000682481797412], [0.000194081309019, -0.000852083670907, -0.000368033506675, 0.00154492980801, 0.00100249669049, -0.00284153036773, 0.00828630942851, -0.00218044850044, -7.98641704023e-05, 0.00106672395486, 0.000407141487813, -0.00134144048207, 0.000333129864885], [-6.15536773694e-05, -0.000246014562435, -0.000274704565527, 0.000231251950026, 0.000183869124157, 0.000918126839679, -0.00218044850044, 0.00875661242753, -0.000707149563823, -0.000997315859422, -0.000368728331523, 8.54178797454e-05, -0.000571561220568], [2.16850385186e-05, 0.000685745268129, 0.000576173944864, -0.00138877029531, -0.000994466943666, -0.00119432003703, -7.98641704023e-05, -0.000707149563823, 0.00737160537392, -0.000436856644228, 0.000376877898816, -0.000796182604972, 1.84211060628e-07], [-4.95302447234e-05, -0.000159880670253, 0.000678662850987, 0.00193833303638, -0.00144833372906, 0.00123849115334, 0.00106672395486, -0.000997315859422, -0.000436856644228, 0.0100448783487, -0.00306468084455, 0.000943779770751, 0.000797733897343], [0.000127969236928, -0.000519320252351, -0.000184475255082, 1.19916412586e-05, 0.000731472391635, -0.00225556013174, 0.000407141487813, -0.000368728331523, 0.000376877898816, -0.00306468084455, 0.0121407601982, -0.00487811956555, 0.00341115100309], [-0.000121668221254, 0.000417301373091, -1.24454400066e-05, 0.000389410444768, -0.000609580718447, 0.00163350161165, -0.00134144048207, 8.54178797454e-05, -0.000796182604972, 0.000943779770751, -0.00487811956555, 0.0156850684434, -0.00603326456621], [5.86319692957e-05, 5.66721100768e-05, 5.96905629209e-05, -0.000547600677237, -0.000186143734027, 0.000682481797412, 0.000333129864885, -0.000571561220568, 1.84211060628e-07, 0.000797733897343, 0.00341115100309, -0.00603326456621, 0.0141207827255]], "mean": [-669.070617676, 105.041389465, 14.8780078888, 18.841053009, 7.71755886078, 4.39053869247, -2.68711447716, 5.18486404419, -4.05887079239, 7.23021221161, 1.04717803001, 2.54798102379, 0.728648304939]}, "pitch_salience": {"dmean": 0.064903870225, "dmean2": 0.105109058321, "dvar": 0.00398686341941, "dvar2": 0.0105038946494, "max": 0.917178452015, "mean": 0.534389555454, "median": 0.534733474255, "min": 0.155968800187, "var": 0.0111199403182}, "silence_rate_20dB": {"dmean": 0, "dmean2": 0, "dvar": 0, "dvar2": 0, "max": 1, "mean": 1, "median": 1, "min": 1, "var": 0}, "silence_rate_30dB": {"dmean": 0.0324647575617, "dmean2": 0.0649364516139, "dvar": 0.0314129590988, "dvar2": 0.0807949751616, "max": 1, "mean": 0.977576076984, "median": 1, "min": 0, "var": 0.021921666339}, "silence_rate_60dB": {"dmean": 0.0256300717592, "dmean2": 0.0512656196952, "dvar": 0.0249724853784, "dvar2": 0.0561102442443, "max": 1, "mean": 0.164014950395, "median": 0, "min": 0, "var": 0.13712015748}, "spectral_centroid": {"dmean": 247.043243408, "dmean2": 387.39831543, "dvar": 93076.1875, "dvar2": 213938.5, "max": 5156.87402344, "mean": 1337.40380859, "median": 1219.22192383, "min": 151.096618652, "var": 404810.53125}, "spectral_complexity": {"dmean": 2.7787270546, "dmean2": 4.30481672287, "dvar": 16.0537548065, "dvar2": 34.5485305786, "max": 51, "mean": 14.0632143021, "median": 13, "min": 0, "var": 74.8831253052}, "spectral_contrast_coeffs": {"dmean": [0.0488512851298, 0.0427585802972, 0.0352072790265, 0.0300044566393, 0.0225902367383, 0.0172143541276], "dmean2": [0.0812846794724, 0.068551890552, 0.0554605126381, 0.0466709285975, 0.0349454320967, 0.0266392193735], "dvar": [0.00188810692634, 0.0014404989779, 0.000970437657088, 0.000698432559147, 0.000413608679082, 0.000271956727374], "dvar2": [0.00495780492201, 0.00346956960857, 0.00219694781117, 0.00156475172844, 0.000875624478795, 0.00061953230761], "max": [-0.334752142429, -0.322178512812, -0.366353541613, -0.46967408061, -0.493587613106, -0.638494968414], "mean": [-0.644176721573, -0.699489295483, -0.744904696941, -0.74610221386, -0.769395053387, -0.78345143795], "median": [-0.645185768604, -0.709124565125, -0.758586466312, -0.753805875778, -0.775676190853, -0.783084869385], "min": [-0.940005302429, -0.965369105339, -0.957768499851, -0.951743602753, -0.930990815163, -0.910205006599], "var": [0.00638085324317, 0.00897210836411, 0.00738424202427, 0.00543696293607, 0.00348817883059, 0.00157767557539]}, "spectral_contrast_valleys": {"dmean": [0.4431232512, 0.349105596542, 0.30818772316, 0.293649435043, 0.273835539818, 0.304457515478], "dmean2": [0.715366184711, 0.565050065517, 0.48980101943, 0.450251072645, 0.397746413946, 0.392638415098], "dvar": [0.169404685497, 0.107275471091, 0.0833468139172, 0.0897517576814, 0.101144358516, 0.127211779356], "dvar2": [0.400426864624, 0.259316235781, 0.193182468414, 0.191564559937, 0.208154305816, 0.226956471801], "max": [-4.86651229858, -4.69003486633, -5.58410930634, -5.94183015823, -5.64832019806, -7.27144145966], "mean": [-7.64982318878, -7.26116943359, -8.03996562958, -8.402384758, -8.15333366394, -10.0921726227], "median": [-7.4224023819, -7.01116466522, -7.77549791336, -8.14668655396, -7.97253465652, -9.83502006531], "min": [-14.5577516556, -14.315196991, -14.7178955078, -14.8989229202, -14.2327489853, -15.517575264], "var": [1.75191354752, 1.58282184601, 1.51978039742, 1.56249260902, 1.41081154346, 1.48097527027]}, "spectral_decrease": {"dmean": 3.45520367873e-09, "dmean2": 5.76627057214e-09, "dvar": 6.93551636003e-17, "dvar2": 1.86477241484e-16, "max": -2.75897562107e-15, "mean": -6.14016570921e-09, "median": -4.20317469718e-09, "min": -6.91023345212e-08, "var": 6.35662294189e-17}, "spectral_energy": {"dmean": 0.0134622212499, "dmean2": 0.0223478674889, "dvar": 0.00102415005676, "dvar2": 0.00274484162219, "max": 0.272391200066, "mean": 0.024828504771, "median": 0.0173038374633, "min": 1.36893181235e-08, "var": 0.0009707150748}, "spectral_energyband_high": {"dmean": 0.000361005309969, "dmean2": 0.000520099827554, "dvar": 6.35666879134e-07, "dvar2": 1.34914171213e-06, "max": 0.0173629112542, "mean": 0.000852596305776, "median": 0.000406409177231, "min": 1.93211602273e-09, "var": 1.9401040845e-06}, "spectral_energyband_low": {"dmean": 0.00987592432648, "dmean2": 0.0172308441252, "dvar": 0.000780997506808, "dvar2": 0.00215578614734, "max": 0.232700899243, "mean": 0.0102413995191, "median": 0.003385766875, "min": 4.04510513974e-09, "var": 0.000547131232452}, "spectral_energyband_middle_high": {"dmean": 0.00131648743991, "dmean2": 0.00193725060672, "dvar": 5.29720000486e-06, "dvar2": 1.14128906716e-05, "max": 0.05147491768, "mean": 0.00423675170168, "median": 0.00202025054023, "min": 5.18270149019e-10, "var": 2.97352908092e-05}, "spectral_energyband_middle_low": {"dmean": 0.00578490737826, "dmean2": 0.0092196315527, "dvar": 0.000167419202626, "dvar2": 0.000424273428507, "max": 0.174862399697, "mean": 0.0113927833736, "median": 0.00710462732241, "min": 1.1326185545e-09, "var": 0.000213335370063}, "spectral_entropy": {"dmean": 0.164919212461, "dmean2": 0.23824711144, "dvar": 0.0303029343486, "dvar2": 0.0643614903092, "max": 8.90887641907, "mean": 7.58282566071, "median": 7.5921087265, "min": 5.73735570908, "var": 0.195398002863}, "spectral_flux": {"dmean": 0.0313255637884, "dmean2": 0.0482738688588, "dvar": 0.00286402343772, "dvar2": 0.00544753950089, "max": 0.470084220171, "mean": 0.0740418359637, "median": 0.0532853417099, "min": 8.60073851072e-05, "var": 0.00525256432593}, "spectral_kurtosis": {"dmean": 0.926741361618, "dmean2": 1.49183177948, "dvar": 1.01202332973, "dvar2": 2.60768318176, "max": 18.4010334015, "mean": 3.00296998024, "median": 2.69258117676, "min": -1.14006733894, "var": 3.82191181183}, "spectral_rms": {"dmean": 0.000982721452601, "dmean2": 0.00152209051885, "dvar": 3.16655223287e-06, "dvar2": 7.85993961472e-06, "max": 0.0163017641753, "mean": 0.0042176716961, "median": 0.00410874607041, "min": 3.65450841855e-06, "var": 6.43425619273e-06}, "spectral_rolloff": {"dmean": 526.648925781, "dmean2": 887.996582031, "dvar": 1051738, "dvar2": 2251173, "max": 13458.2519531, "mean": 1550.88330078, "median": 1141.25976562, "min": 64.599609375, "var": 2898960.75}, "spectral_skewness": {"dmean": 0.16287727654, "dmean2": 0.248694062233, "dvar": 0.0262432266027, "dvar2": 0.0577899478376, "max": 3.61635708809, "mean": 1.4124147892, "median": 1.40956938267, "min": -0.00587598560378, "var": 0.155279010534}, "spectral_spread": {"dmean": 556702.375, "dmean2": 788667.8125, "dvar": 444131377152, "dvar2": 825986187264, "max": 18265716, "mean": 5596475, "median": 5374121, "min": 2402731, "var": 239170