{"lowlevel": {"average_loudness": 0.923706889153, "barkbands": {"dmean": [0.000209367164643, 0.00380229088478, 0.00113282375969, 0.00200918945484, 0.00198913062923, 0.000910237722564, 0.00102635030635, 0.000600758125074, 0.00090474030003, 0.000635017291643, 0.000721561023965, 0.000721616030205, 0.00067033333471, 0.000677535485011, 0.000395205948735, 0.000383201113436, 0.000287378556095, 0.000233914586715, 0.000122278812341, 0.000131684340886, 0.000111942958029, 0.000118492629554, 7.67558885855e-05, 3.43162209901e-05, 2.2694846848e-05, 9.03497948457e-06, 1.13360954401e-06], "dmean2": [0.000330848706653, 0.00596947222948, 0.00190012983512, 0.0034415081609, 0.00323866726831, 0.00144398945849, 0.00162695546169, 0.000948675500695, 0.00142784928903, 0.00102065561805, 0.00110317405779, 0.00117249472532, 0.00107992626727, 0.00105661572888, 0.000629445828963, 0.00061408203328, 0.000461090938188, 0.00037976555177, 0.000197331159143, 0.000210436613997, 0.000175796172698, 0.000180671195267, 0.000115865572297, 5.18525557709e-05, 3.10168834403e-05, 1.26764880406e-05, 1.62616925081e-06], "dvar": [4.96739858136e-07, 0.000124373429571, 5.82151733397e-06, 1.41834580063e-05, 1.03334559753e-05, 2.5325543902e-06, 2.71527369478e-06, 1.44422006088e-06, 4.50983043265e-06, 3.12440784001e-06, 5.91795924265e-06, 2.37031144934e-06, 1.26877182538e-06, 2.27212240134e-06, 1.13008331937e-06, 6.93483400482e-07, 2.63452307081e-07, 1.30694544964e-07, 3.16670920597e-08, 4.76206096778e-08, 5.49177343601e-08, 8.40152409864e-08, 4.0930856926e-08, 1.29267920812e-08, 2.47823361832e-09, 3.95321747559e-10, 6.21182705968e-12], "dvar2": [1.1557307289e-06, 0.000266700313659, 1.56165970111e-05, 3.77167525585e-05, 2.75945967587e-05, 6.09381140748e-06, 6.65907828079e-06, 3.46889601133e-06, 1.09007087303e-05, 7.31662203179e-06, 1.17138988571e-05, 5.8755331338e-06, 3.27780685438e-06, 5.22467780684e-06, 2.61767036136e-06, 1.46660102018e-06, 6.1173091126e-07, 3.24141296915e-07, 7.8148218563e-08, 1.12172216404e-07, 1.35829267833e-07, 2.06868321584e-07, 1.01154654431e-07, 3.08215035716e-08, 5.0770752047e-09, 8.09152356229e-10, 1.26521180685e-11], "max": [0.00730239227414, 0.1194697842, 0.0411527976394, 0.038302205503, 0.052309114486, 0.050889454782, 0.0311830881983, 0.034735225141, 0.0658915936947, 0.0586010441184, 0.119155794382, 0.0330518744886, 0.025609375909, 0.0518514476717, 0.0557154007256, 0.0274004079401, 0.0154798636213, 0.00662610772997, 0.00320744561031, 0.00737763009965, 0.00309269456193, 0.00542530277744, 0.00514128617942, 0.00440550548956, 0.00126291695051, 0.000288757699309, 3.63433173334e-05], "mean": [0.000215581676457, 0.00541397603229, 0.0025280455593, 0.00241278088652, 0.00364791066386, 0.00172464118805, 0.00177903205622, 0.00100994168315, 0.00146937381942, 0.00103108270559, 0.00116902997252, 0.00130218302365, 0.0012351233745, 0.00129260797985, 0.000669095490593, 0.000740476476494, 0.000623491359875, 0.000513845181558, 0.000285381451249, 0.000283015659079, 0.000198496403755, 0.000180817733053, 0.000116934337711, 6.24875974609e-05, 4.44535653514e-05, 1.42476874316e-05, 1.771501843e-06], "median": [2.79477244476e-05, 0.0025523591321, 0.00176645792089, 0.0012413719669, 0.00226561026648, 0.000916349643376, 0.000951430178247, 0.000471831532195, 0.000611656461842, 0.000452557258541, 0.000383645645343, 0.000602114479989, 0.00067680090433, 0.00058962428011, 0.000327257817844, 0.000411406741478, 0.000391081674024, 0.000342594459653, 0.000215383799514, 0.000193558400497, 0.0001051543004, 7.20194220776e-05, 3.96028372052e-05, 2.47531243076e-05, 1.83804713743e-05, 3.54403937308e-06, 4.06782419304e-07], "min": [1.05477282128e-23, 3.00733151494e-23, 2.54893832687e-23, 1.77161151472e-23, 3.86327304947e-23, 5.46497591588e-23, 3.37308782028e-23, 3.35571836532e-23, 6.05355576578e-23, 6.38301500314e-23, 4.62570490555e-23, 1.0036996628e-22, 8.54821541366e-23, 1.35596556314e-22, 7.53099000488e-23, 1.32692853985e-22, 2.59665772209e-22, 2.19174993448e-22, 3.62113080621e-22, 4.21618436424e-22, 4.02378611195e-22, 5.09853551037e-22, 6.7687708888e-22, 1.02529279264e-21, 1.49141754965e-21, 1.733828927e-21, 1.8980602254e-21], "var": [4.55876545402e-07, 0.00013084524835, 8.28178326628e-06, 1.33726953209e-05, 1.85209137271e-05, 6.92200364938e-06, 6.1760842982e-06, 2.94176265925e-06, 8.15304338175e-06, 5.98628594162e-06, 1.40840129461e-05, 5.6881058299e-06, 3.12173733619e-06, 5.7262059272e-06, 1.94519725483e-06, 1.76806906893e-06, 7.65953643622e-07, 3.25848560578e-07, 6.77225102663e-08, 9.44570501815e-08, 7.12002545811e-08, 1.066419415e-07, 5.6573799867e-08, 1.86243198641e-08, 5.04210628804e-09, 6.74801436951e-10, 1.05201958256e-11]}, "barkbands_crest": {"dmean": 2.22118139267, "dmean2": 3.61384749413, "dvar": 5.95447540283, "dvar2": 13.5070199966, "max": 23.5194320679, "mean": 7.88402032852, "median": 6.95858621597, "min": 2.09959244728, "var": 12.5684232712}, "barkbands_flatness_db": {"dmean": 0.0156371276826, "dmean2": 0.0236977059394, "dvar": 0.000279143394437, "dvar2": 0.000588550523389, "max": 0.305164009333, "mean": 0.109265610576, "median": 0.105085469782, "min": 0.0251993779093, "var": 0.00142403307837}, "barkbands_kurtosis": {"dmean": 1.3192448616, "dmean2": 2.12563300133, "dvar": 6.33635139465, "dvar2": 14.3715009689, "max": 51.7439842224, "mean": 1.1422533989, "median": 0.0783025324345, "min": -1.80223369598, "var": 11.2399520874}, "barkbands_skewness": {"dmean": 0.399417638779, "dmean2": 0.617211520672, "dvar": 0.201482713223, "dvar2": 0.429539442062, "max": 6.98282623291, "mean": 0.94793176651, "median": 0.864084661007, "min": -2.14816117287, "var": 0.744284689426}, "barkbands_spread": {"dmean": 4.32434177399, "dmean2": 6.7921462059, "dvar": 23.2467937469, "dvar2": 53.7024993896, "max": 79.8764572144, "mean": 24.6165847778, "median": 24.3170108795, "min": 2.09555101395, "var": 92.8314590454}, "dissonance": {"dmean": 0.0135811306536, "dmean2": 0.0229209531099, "dvar": 0.000237150481553, "dvar2": 0.00063071603654, "max": 0.500000178814, "mean": 0.475446075201, "median": 0.481271624565, "min": 0, "var": 0.000482792849652}, "dynamic_complexity": 2.23008775711, "erbbands": {"dmean": [0.147031694651, 0.75959789753, 1.30027413368, 3.8779270649, 7.44512987137, 7.01511526108, 6.13397264481, 8.1839017868, 12.8659830093, 14.8833742142, 12.092798233, 21.4877071381, 18.8714675903, 20.4196052551, 32.7223815918, 23.605386734, 31.6797008514, 30.3715934753, 25.0611915588, 18.6667728424, 19.1203460693, 14.3032140732, 12.8906326294, 7.11692237854, 6.85075283051, 5.97158575058, 5.08474779129, 4.20951509476, 4.35575628281, 3.46772360802, 1.98024868965, 0.962240874767, 0.453040659428, 0.27399367094, 0.163357317448, 0.0553413629532, 0.0137458145618, 0.00209349649958, 0.000183871961781, 2.10285616049e-05], "dmean2": [0.234539106488, 1.19933497906, 2.17355036736, 6.68782043457, 12.5214033127, 11.3206977844, 9.76858329773, 13.1575613022, 20.92445755, 22.8122959137, 19.1538352966, 33.6161994934, 30.6348953247, 32.5640106201, 50.5304260254, 38.2178039551, 51.1662635803, 47.9376754761, 39.0533065796, 30.2769985199, 30.1981964111, 22.8813247681, 20.7624607086, 11.414305687, 11.0393543243, 9.60716056824, 8.0275812149, 6.60240316391, 6.70303678513, 5.31272411346, 2.98134756088, 1.47199046612, 0.673873662949, 0.387240350246, 0.226392313838, 0.0778461173177, 0.0196124203503, 0.00301354727708, 0.000256838975474, 2.96167581837e-05], "dvar": [0.214923456311, 4.82599973679, 9.34801959991, 50.6419448853, 198.077514648, 161.130371094, 103.888046265, 234.938842773, 447.631164551, 942.731628418, 660.294555664, 2554.19726563, 2916.66943359, 2326.49584961, 9877.63183594, 1856.25964355, 2880.46899414, 4529.0078125, 4424.72753906, 1720.73925781, 2085.08642578, 531.452270508, 379.714172363, 105.146743774, 104.104286194, 101.62210083, 94.4824295044, 89.6710205078, 112.297286987, 77.736289978, 28.8455467224, 10.1979932785, 2.26689863205, 0.356776356697, 0.138195455074, 0.013928513974, 0.000955648894887, 2.05352353078e-05, 1.65766465443e-07, 1.20238152768e-09], "dvar2": [0.480307936668, 11.0672798157, 25.0237827301, 137.22807312, 524.919921875, 449.066925049, 262.947479248, 573.990356445, 1138.42224121, 2036.28369141, 1505.3972168, 5966.74755859, 6975.18212891, 5557.18359375, 19341.2480469, 4572.69921875, 7546.97265625, 11071.921875, 9882.43066406, 4014.87109375, 4156.74365234, 1216.93713379, 921.296142578, 254.301528931, 253.921585083, 243.193069458, 230.976425171, 219.692642212, 274.247192383, 195.878555298, 71.7786407471, 25.2422523499, 5.07653236389, 0.758620142937, 0.288300454617, 0.028107713908, 0.00200457917526, 4.24831268901e-05, 3.3283933476e-07, 2.45391307274e-09], "max": [4.91044616699, 26.8496952057, 53.296836853, 82.6558151245, 206.440826416, 285.441345215, 267.898010254, 543.606079102, 475.683410645, 697.240783691, 1019.04901123, 1394.97619629, 1649.04077148, 2170.79174805, 4771.94384766, 940.257080078, 1225.61218262, 2822.35180664, 3242.44238281, 1097.72119141, 1816.80065918, 614.620361328, 412.462738037, 253.687332153, 193.952575684, 302.729431152, 168.592895508, 128.251281738, 180.498550415, 241.00932312, 138.83644104, 108.102363586, 76.572593689, 14.187286377, 9.62510871887, 1.58036053181, 0.504272222519, 0.0674474388361, 0.00663579488173, 0.00038960998063], "mean": [0.165667623281, 1.17244720459, 2.9709546566, 5.64568853378, 10.1329708099, 13.2023963928, 11.7610206604, 14.9515504837, 21.5092506409, 27.9198570251, 21.6395492554, 35.67735672, 31.945848465, 36.0662155151, 60.171005249, 48.0606575012, 60.9693107605, 62.4436416626, 48.4596061707, 36.8489608765, 40.0479431152, 34.8807601929, 30.033449173, 17.1216144562, 15.6971635818, 12.9328327179, 9.87891864777, 6.93096494675, 6.56619167328, 5.22946691513, 3.05812716484, 1.63771677017, 0.820626616478, 0.535766243935, 0.302978157997, 0.090600296855, 0.0212573446333, 0.00328685925342, 0.000301734457025, 5.26873700437e-05], "median": [0.0531833916903, 0.617978513241, 2.1201851368, 3.58244252205, 5.72192955017, 7.51457118988, 7.02064323425, 7.7937040329, 13.0621242523, 13.0083284378, 11.9145469666, 14.0922966003, 14.4986219406, 16.8232097626, 23.2279777527, 26.3524360657, 34.8174972534, 32.6242218018, 23.8954257965, 19.6728858948, 23.0302944183, 23.1148662567, 20.4182453156, 12.5340652466, 11.6200027466, 9.04665374756, 5.72912549973, 3.29440617561, 2.59521508217, 1.97923064232, 1.03856468201, 0.611191749573, 0.322423905134, 0.233582943678, 0.114522404969, 0.0258821062744, 0.00518829142675, 0.000823122158181, 8.16120300442e-05, 3.73823495465e-05], "min": [7.50938733298e-22, 7.25843717373e-21, 2.32189581788e-20, 5.87176031902e-20, 1.17362013821e-19, 1.11558967008e-19, 1.92220644335e-19, 5.82634280426e-19, 4.48315503488e-19, 5.6860901955e-19, 6.44488985477e-19, 1.44016828556e-18, 1.69195162086e-18, 1.77770667574e-18, 2.44651363385e-18, 5.13911143198e-18, 4.19701061693e-18, 6.22228335101e-18, 4.77284785086e-18, 3.75780335426e-18, 1.34192418896e-17, 1.06464034362e-17, 1.17257475769e-17, 1.46782604127e-17, 2.16057938181e-17, 1.81345733909e-17, 1.98389360297e-17, 1.2762189168e-17, 1.91521924872e-17, 1.99658156095e-17, 2.04051494308e-17, 1.71888809577e-17, 2.10049496735e-17, 1.52072159447e-17, 1.07344104902e-17, 7.05954646805e-18, 3.37096096707e-18, 9.68123193343e-19, 2.54637754654e-19, 2.68430076946e-20], "var": [0.20516321063, 4.83215427399, 11.4659433365, 50.099029541, 196.146713257, 333.769042969, 252.549194336, 562.904846191, 801.831054688, 2638.88085938, 1300.27233887, 5212.99121094, 5829.6796875, 5475.89892578, 25057.2109375, 4973.46972656, 6979.31103516, 12399.7978516, 9290.15722656, 3994.82543945, 5834.82714844, 1916.48425293, 1076.95056152, 271.435394287, 217.482559204, 190.647583008, 143.128601074, 111.523895264, 144.351531982, 94.0232925415, 40.5784988403, 13.6563358307, 3.40156054497, 0.68799251318, 0.272133797407, 0.0249401070178, 0.00154218229, 3.49604088115e-05, 2.84659364524e-07, 2.21404139467e-09]}, "erbbands_crest": {"dmean": 2.38140201569, "dmean2": 3.86348485947, "dvar": 5.00688171387, "dvar2": 12.1426362991, "max": 27.4725418091, "mean": 8.24070072174, "median": 7.2794752121, "min": 2.03746891022, "var": 15.7929410934}, "erbbands_flatness_db": {"dmean": 0.0150429047644, "dmean2": 0.021361688152, "dvar": 0.000232382604736, "dvar2": 0.000403479149099, "max": 0.363071978092, "mean": 0.156983196735, "median": 0.153583049774, "min": 0.0588725879788, "var": 0.00167960079852}, "erbbands_kurtosis": {"dmean": 0.668569147587, "dmean2": 1.05893027782, "dvar": 0.73924434185, "dvar2": 1.77846395969, "max": 20.827545166, "mean": 0.311801642179, "median": -0.106145836413, "min": -1.72465896606, "var": 2.32226204872}, "erbbands_skewness": {"dmean": 0.270388096571, "dmean2": 0.424822211266, "dvar": 0.0563894957304, "dvar2": 0.138695925474, "max": 2.6707482338, "mean": 0.0040254262276, "median": -0.028651336208, "min": -3.12493610382, "var": 0.319869726896}, "erbbands_spread": {"dmean": 6.30997228622, "dmean2": 9.65738201141, "dvar": 43.8278541565, "dvar2": 95.2157287598, "max": 105.564620972, "mean": 33.0881347656, "median": 31.3516521454, "min": 3.04891300201, "var": 206.334915161}, "gfcc": {"cov": [[3105.42480469, -1.38189029694, 466.251434326, 46.9940795898, -0.657197415829, 304.449859619, 52.7732048035, 144.983551025, 9.518034935, 102.758743286, -39.6791992188, 75.9405136108, -109.28678894], [-1.38189029694, 890.656799316, 26.9844074249, 7.51186943054, 125.094741821, -58.3890686035, 79.7446060181, 42.4986953735, 78.0651397705, -30.4891471863, 113.719612122, -60.4409255981, 47.4447860718], [466.251434326, 26.9844074249, 585.984802246, 79.7791976929, -68.2716140747, 40.90467453, -45.8457336426, 49.1790122986, 5.31788253784, 26.5392723083, -67.1601791382, 21.9945220947, -74.3913726807], [46.9940795898, 7.51186943054, 79.7791976929, 225.846328735, 52.1455154419, 0.44301956892, -18.5764141083, -0.958858311176, 30.7129325867, 3.94731807709, -7.91825294495, 7.18627595901, 22.0903339386], [-0.657197415829, 125.094741821, -68.2716140747, 52.1455154419, 209.406036377, 40.6789016724, 67.9192581177, 32.3965110779, 32.2685508728, 26.3198223114, 31.9457015991, 13.2557821274, 25.701543808], [304.449859619, -58.3890686035, 40.90467453, 0.44301956892, 40.6789016724, 152.999420166, 79.1359634399, 33.9383087158, -0.0857346430421, 21.9242248535, 10.2067708969, 14.1090679169, -18.9209442139], [52.7732048035, 79.7446060181, -45.8457336426, -18.5764141083, 67.9192581177, 79.1359634399, 161.616073608, 31.9644756317, 2.73302817345, 20.7396831512, 28.251871109, 6.51854228973, -13.3076934814], [144.983551025, 42.4986953735, 49.1790122986, -0.958858311176, 32.3965110779, 33.9383087158, 31.9644756317, 111.532875061, 51.2539672852, 8.56181049347, 9.98400497437, 10.7784500122, 9.15794372559], [9.518034935, 78.0651397705, 5.31788253784, 30.7129325867, 32.2685508728, -0.0857346430421, 2.73302817345, 51.2539672852, 86.1110916138, 20.9343795776, 14.6408929825, -1.26348006725, 21.5752067566], [102.758743286, -30.4891471863, 26.5392723083, 3.94731807709, 26.3198223114, 21.9242248535, 20.7396831512, 8.56181049347, 20.9343795776, 75.8166503906, 19.9014492035, 12.8238544464, -14.6616849899], [-39.6791992188, 113.719612122, -67.1601791382, -7.91825294495, 31.9457015991, 10.2067708969, 28.251871109, 9.98400497437, 14.6408929825, 19.9014492035, 83.4355392456, 13.0558614731, 19.1563816071], [75.9405136108, -60.4409255981, 21.9945220947, 7.18627595901, 13.2557821274, 14.1090679169, 6.51854228973, 10.7784500122, -1.26348006725, 12.8238544464, 13.0558614731, 60.0052757263, 15.7999897003], [-109.28678894, 47.4447860718, -74.3913726807, 22.0903339386, 25.701543808, -18.9209442139, -13.3076934814, 9.15794372559, 21.5752067566, -14.6616849899, 19.1563816071, 15.7999897003, 76.0906066895]], "icov": [[0.000575290177949, -0.000603442429565, 0.000252228957834, -0.000296743703075, 0.000486177072162, -0.00155531510245, 0.00090530491434, -0.000849598145578, 0.000711003609467, -0.00111308856867, 0.00123375072144, -0.00130355020519, 0.000788892037235], [-0.000603442429565, 0.00404580356553, -0.00263987784274, 0.00144958973397, -0.00270683295093, 0.00435743201524, -0.00364876352251, 0.0023598424159, -0.00335085811093, 0.0048772492446, -0.00723715405911, 0.00641344767064, -0.00293529825285], [0.000252228957834, -0.00263987784274, 0.00472449418157, -0.00230615516193, 0.00268061296083, -0.00322409020737, 0.00341725023463, -0.00340252229944, 0.00240353262052, -0.00388059415855, 0.0062246946618, -0.00576563645154, 0.00479767192155], [-0.000296743703075, 0.00144958973397, -0.00230615516193, 0.00648736581206, -0.00292095099576, 0.00141907739453, -0.000892426527571, 0.00332072400488, -0.00374601967633, 0.0025145765394, -0.00211037509143, 0.00237513985485, -0.0030995500274], [0.000486177072162, -0.00270683295093, 0.00268061296083, -0.00292095099576, 0.00894188322127, -0.00365808652714, 0.000263975496637, -0.00283773941919, 0.00185773160774, -0.00514249643311, 0.00455967988819, -0.00462242728099, 0.000606801942922], [-0.00155531510245, 0.00435743201524, -0.00322409020737, 0.00141907739453, -0.00365808652714, 0.0162504464388, -0.00874682422727, 0.00144041818567, -0.00233979080804, 0.00489469012246, -0.00809309817851, 0.00640523293987, -0.00262748007663], [0.00090530491434, -0.00364876352251, 0.00341725023463, -0.000892426527571, 0.000263975496637, -0.00874682422727, 0.0141100883484, -0.00475106900558, 0.00448281178251, -0.00512986257672, 0.00489841960371, -0.00602616090328, 0.00570934964344], [-0.000849598145578, 0.0023598424159, -0.00340252229944, 0.00332072400488, -0.00283773941919, 0.00144041818567, -0.00475106900558, 0.0182661097497, -0.0127465315163, 0.00677587091923, -0.00470427470282, 0.00191911729053, -0.00298925372772], [0.000711003609467, -0.00335085811093, 0.00240353262052, -0.00374601967633, 0.00185773160774, -0.00233979080804, 0.00448281178251, -0.0127465315163, 0.0251981690526, -0.011573003605, 0.00510431174189, -8.5655185103e-05, -0.00298532214947], [-0.00111308856867, 0.0048772492446, -0.00388059415855, 0.0025145765394, -0.00514249643311, 0.00489469012246, -0.00512986257672, 0.00677587091923, -0.011573003605, 0.0255278367549, -0.0129782818258, 0.00312998774461, 0.00289549888112], [0.00123375072144, -0.00723715405911, 0.0062246946618, -0.00211037509143, 0.00455967988819, -0.00809309817851, 0.00489841960371, -0.00470427470282, 0.00510431174189, -0.0129782818258, 0.0291960854083, -0.0137789407745, 0.00241599208675], [-0.00130355020519, 0.00641344767064, -0.00576563645154, 0.00237513985485, -0.00462242728099, 0.00640523293987, -0.00602616090328, 0.00191911729053, -8.5655185103e-05, 0.00312998774461, -0.0137789407745, 0.0321552045643, -0.0129090556875], [0.000788892037235, -0.00293529825285, 0.00479767192155, -0.0030995500274, 0.000606801942922, -0.00262748007663, 0.00570934964344, -0.00298925372772, -0.00298532214947, 0.00289549888112, 0.00241599208675, -0.0129090556875, 0.0256725810468]], "mean": [24.3147525787, 97.2414398193, -134.688217163, 33.9606895447, -51.9511871338, 14.3981599808, -36.1611557007, 3.85540556908, -24.4168663025, 1.02189016342, -14.0618438721, -1.53109061718, -11.4136047363]}, "hfc": {"dmean": 6.69680833817, "dmean2": 9.96951770782, "dvar": 92.3970489502, "dvar2": 203.799423218, "max": 208.919311523, "mean": 24.1158905029, "median": 19.8928146362, "min": 1.09482595088e-16, "var": 302.542724609}, "melbands": {"dmean": [0.00115853897296, 0.00074425432831, 0.000795223517343, 0.000506523880176, 0.000223247770919, 0.000178284724825, 0.000202573413844, 0.000155633548275, 0.000100707766251, 0.000137467533932, 9.49697205215e-05, 8.42902518343e-05, 0.000110676861368, 9.39392048167e-05, 5.48630632693e-05, 7.32686676201e-05, 5.85859816056e-05, 4.63642645627e-05, 2.84721027128e-05, 2.43610065809e-05, 2.56088678725e-05, 1.58655311679e-05, 1.68773749465e-05, 1.03075244624e-05, 5.9237700043e-06, 5.14649264005e-06, 5.33636602995e-06, 4.04845741286e-06, 3.63002163795e-06, 2.7886976568e-06, 2.44569673669e-06, 2.59911371359e-06, 2.3202585453e-06, 1.87098703464e-06, 1.27958423946e-06, 8.08524987406e-07, 5.21659274e-07, 3.50116238224e-07, 2.46407523719e-07, 2.46972234663e-07], "dmean2": [0.00182180735283, 0.00120378402062, 0.00135706725996, 0.000820029934403, 0.000358090008376, 0.000285643764073, 0.000327089393977, 0.000239993954892, 0.000159830029588, 0.000216154847294, 0.000154583569383, 0.000136337679578, 0.000168743077666, 0.000151525004185, 8.92874959391e-05, 0.000116837843962, 9.26578504732e-05, 7.22385302652e-05, 4.58475515188e-05, 3.95307579311e-05, 4.04095517297e-05, 2.56299754255e-05, 2.73478253803e-05, 1.68156966538e-05, 9.56791973294e-06, 8.3760905909e-06, 8.70312396728e-06, 6.54852556181e-06, 5.80633923164e-06, 4.47730326414e-06, 3.86537703889e-06, 4.05854643759e-06, 3.62823720934e-06, 2.90635534839e-06, 1.95220354726e-06, 1.25285407648e-06, 8.10351650671e-07, 5.36709023891e-07, 3.62990562053e-07, 3.57702532483e-07], "dvar": [1.23205400087e-05, 3.65379469258e-06, 2.1873197511e-06, 7.01633382505e-07, 1.22787866985e-07, 1.06264145927e-07, 1.07288023798e-07, 9.6466926891e-08, 4.58359821209e-08, 1.09493591083e-07, 7.84017828437e-08, 4.33687183943e-08, 1.39416798106e-07, 4.68540726217e-08, 7.42018535504e-09, 1.80582144793e-08, 1.68131943923e-08, 1.51830867878e-08, 4.97396346333e-09, 2.57276489002e-09, 4.71861172358e-09, 7.170392613e-10, 8.17332812542e-10, 3.22519899676e-10, 7.09874450888e-11, 5.8032117306e-11, 6.68257255088e-11, 4.95293285552e-11, 4.52511604576e-11, 3.62165263057e-11, 3.12823759951e-11, 3.85226919808e-11, 3.56002519131e-11, 2.22331059813e-11, 1.16316106052e-11, 6.6949913495e-12, 3.11810841903e-12, 1.71369342328e-12, 3.18082447317e-13, 2.78551351906e-13], "dvar2": [2.66001061391e-05, 9.12773157324e-06, 5.80017967877e-06, 1.86386773748e-06, 3.16421818525e-07, 2.56461305526e-07, 2.73251458793e-07, 2.14312152025e-07, 1.02099377841e-07, 2.61546148295e-07, 1.88122044165e-07, 1.05361287694e-07, 2.76995962167e-07, 1.13623961795e-07, 1.87523987449e-08, 4.5945359517e-08, 4.06712352685e-08, 3.3435782143e-08, 1.167098862e-08, 5.9713363143e-09, 9.09619579659e-09, 1.67448510613e-09, 1.95587257501e-09, 8.15584655367e-10, 1.74217473781e-10, 1.44530831747e-10, 1.69423988727e-10, 1.14927463379e-10, 1.10836666234e-10, 9.17397061095e-11, 7.6715078734e-11, 9.39675975919e-11, 9.08400646371e-11, 5.56182565281e-11, 2.94586299798e-11, 1.681105255e-11, 7.65298848598e-12, 3.86161588817e-12, 6.87048779414e-13, 6.09702880631e-13], "max": [0.0380831845105, 0.0295176245272, 0.0170340277255, 0.0134362187237, 0.00892917998135, 0.011630830355, 0.00728664174676, 0.00688851159066, 0.00867957528681, 0.0106992349029, 0.00888330955058, 0.00817314255983, 0.0195256732404, 0.00462840590626, 0.00207125023007, 0.00339227053337, 0.00494246883318, 0.00457656756043, 0.00258111674339, 0.00157474749722, 0.00270244828425, 0.000826859497465, 0.000920359627344, 0.000371555302991, 0.000202268798603, 0.000125482620206, 0.000144964709762, 0.000293671328109, 0.000189583151951, 9.6734635008e-05, 8.25441384222e-05, 0.000105008322862, 0.000128043189761, 0.000117601615784, 9.50375324464e-05, 7.97703760327e-05, 5.72165481572e-05, 6.98668081895e-05, 1.7525473595e-05, 1.32969698825e-05], "mean": [0.00148342119064, 0.00156624556985, 0.00111620733514, 0.000893195217941, 0.000442954653408, 0.000328299385728, 0.000343229912687, 0.00028952647699, 0.000175057793967, 0.000222568647587, 0.000154256020323, 0.000139285257319, 0.000190963517525, 0.000169522303622, 0.000102627425804, 0.000140218267916, 0.000110542881885, 8.3822880697e-05, 4.96097818541e-05, 4.49356302852e-05, 4.90399033879e-05, 3.40820879501e-05, 3.56922028004e-05, 2.1829004254e-05, 1.27942357722e-05, 1.10231922008e-05, 1.09676930151e-05, 7.99704594101e-06, 6.69265227771e-06, 4.65834455099e-06, 3.73665034203e-06, 3.78578010896e-06, 3.33771163241e-06, 2.74845911008e-06, 1.88539081591e-06, 1.24975815652e-06, 8.82576557615e-07, 5.92456501636e-07, 4.50957003295e-07, 4.61360713189e-07], "median": [0.000609881710261, 0.00114211556502, 0.000714679190423, 0.000535946397576, 0.000277303508483, 0.000173332271515, 0.000204822659725, 0.00013688459876, 9.08758665901e-05, 8.71845622896e-05, 6.30658032605e-05, 6.13736847299e-05, 6.77059651935e-05, 7.18150477041e-05, 6.17518526269e-05, 7.27369042579e-05, 5.29230819666e-05, 3.64380503015e-05, 2.48077612923e-05, 2.53609196079e-05, 2.51695309998e-05, 2.19319263124e-05, 2.22764028877e-05, 1.35362779474e-05, 9.11724237085e-06, 8.02304111858e-06, 7.83015457273e-06, 5.22886602994e-06, 3.87460659113e-06, 2.37401627601e-06, 1.67467601386e-06, 1.4619997728e-06, 1.26243685372e-06, 9.9560304534e-07, 6.0564099158e-07, 4.23416025797e-07, 3.32402009917e-07, 2.16389324237e-07, 1.9756079439e-07, 1.95769246147e-07], "min": [8.59856256766e-24, 1.21653813734e-23, 1.11061652142e-23, 9.64739337306e-24, 6.03227182524e-24, 1.18044640986e-23, 7.13769314539e-24, 7.25876515054e-24, 4.48511324728e-24, 9.76635123099e-24, 8.86390303288e-24, 7.9370853437e-24, 6.43515965561e-24, 1.11489104312e-23, 1.27161356584e-23, 6.85911796077e-24, 1.31538154102e-23, 8.47067401543e-24, 5.91614834454e-24, 4.38199768848e-24, 2.11473334964e-23, 1.3677115758e-23, 7.83956399201e-24, 1.08903896685e-23, 1.18058406609e-23, 1.42833585191e-23, 1.51487373544e-23, 1.17345781222e-23, 1.285795155e-23, 8.73921725593e-24, 6.64174181631e-24, 1.11372692108e-23, 9.82216629547e-24, 1.15469877878e-23, 1.20269481175e-23, 9.5882887586e-24, 1.06862884754e-23, 1.47597153322e-23, 1.2721066828e-23, 1.31521619577e-23], "var": [1.25547294374e-05, 3.82637972507e-06, 2.07837024391e-06, 1.19478295346e-06, 3.02231399019e-07, 2.66379402092e-07, 2.01972582659e-07, 2.57231278056e-07, 8.754035008e-08, 2.03578693458e-07, 1.56175843813e-07, 9.27128880335e-08, 3.3222764273e-07, 1.17766816743e-07, 1.68540914558e-08, 5.00939947301e-08, 4.27713295892e-08, 3.38517125442e-08, 9.35277011394e-09, 5.52301715473e-09, 1.28613786288e-08, 1.94423921407e-09, 2.44939224459e-09, 7.61920748715e-10, 1.63162705569e-10, 1.13339983232e-10, 1.20228341172e-10, 9.71869598687e-11, 7.14781081546e-11, 4.3814021855e-11, 3.78432216119e-11, 4.9543633085e-11, 4.072544732e-11, 2.72216797714e-11, 1.59251969251e-11, 8.41252068007e-12, 4.27196125696e-12, 2.40150304157e-12, 5.6535603022e-13, 5.22112030259e-13]}, "melbands_crest": {"dmean": 3.03794789314, "dmean2": 4.88340377808, "dvar": 10.6770420074, "dvar2": 25.1293830872, "max": 32.526927948, "mean": 11.8326196671, "median": 10.7269172668, "min": 2.04276752472, "var": 22.3768939972}, "melbands_flatness_db": {"dmean": 0.0195385124534, "dmean2": 0.0300188008696, "dvar": 0.000493636180181, "dvar2": 0.0010377287399, "max": 0.33950316906, "mean": 0.167027100921, "median": 0.163322076201, "min": 0.00380084011704, "var": 0.00195233186241}, "melbands_kurtosis": {"dmean": 3.57982110977, "dmean2": 5.69477796555, "dvar": 67.3059234619, "dvar2": 151.075836182, "max": 232.747940063, "mean": 5.88799858093, "median": 3.31223869324, "min": -1.7811602354, "var": 94.5890045166}, "melbands_skewness": {"dmean": 0.55624628067, "dmean2": 0.855140864849, "dvar": 0.454987585545, "dvar2": 0.965952217579, "max": 13.8905525208, "mean": 1.88772082329, "median": 1.76245868206, "min": -1.428196311, "var": 1.43009138107}, "melbands_spread": {"dmean": 6.26033830643, "dmean2": 9.91540431976, "dvar": 48.9977684021, "dvar2": 112.41872406, "max": 133.224060059, "mean": 29.4041042328, "median": 28.2306079865, "min": 2.45017719269, "var": 191.961502075}, "mfcc": {"cov": [[2632.82250977, 2.52613067627, 323.308166504, -64.2112579346, 69.7011184692, 143.927871704, 89.8478622437, 128.676712036, 35.6980209351, 99.5726394653, 119.44367218, 22.1908378601, -10.0559244156], [2.52613067627, 764.15411377, 0.656223654747, 57.2449760437, 51.2264060974, -46.0235443115, 72.9083023071, 30.8322925568, 20.5276947021, 31.6499595642, 79.2345657349, 33.4592857361, 19.2494525909], [323.308166504, 0.656223654747, 568.155273438, 42.0957107544, 22.4693527222, -8.57204055786, -57.6652755737, 18.815656662, 4.00060081482, -6.15081119537, 38.3238182068, -19.6562614441, -20.862695694], [-64.2112579346, 57.2449760437, 42.0957107544, 200.095306396, 72.5595321655, 15.2791204453, -21.5356578827, -6.93389225006, 25.2573375702, -1.24320340157, -17.8955612183, 22.4637393951, 21.1363296509], [69.7011184692, 51.2264060974, 22.4693527222, 72.5595321655, 151.494750977, 1.67227649689, -13.7757902145, 12.3966226578, 36.604724884, 9.34548377991, 8.67594718933, 14.8246898651, 9.66040611267], [143.927871704, -46.0235443115, -8.57204055786, 15.2791204453, 1.67227649689, 135.832748413, 61.0939712524, 16.0902671814, -2.5087594986, 25.6027050018, 8.3557510376, 3.52259683609, 7.44027709961], [89.8478622437, 72.9083023071, -57.6652755737, -21.5356578827, -13.7757902145, 61.0939712524, 130.361724854, 49.7785873413, 0.924523532391, 20.5862293243, 30.5166816711, 16.7369289398, 12.5835266113], [128.676712036, 30.8322925568, 18.815656662, -6.93389225006, 12.3966226578, 16.0902671814, 49.7785873413, 95.0598068237, 36.3935394287, 18.7745895386, 22.0464763641, 6.78314304352, 6.68448877335], [35.6980209351, 20.5276947021, 4.00060081482, 25.2573375702, 36.604724884, -2.5087594986, 0.924523532391, 36.3935394287, 77.5234298706, 30.981760025, 6.4932050705, 7.31758642197, 7.73034954071], [99.5726394653, 31.6499595642, -6.15081119537, -1.24320340157, 9.34548377991, 25.6027050018, 20.5862293243, 18.7745895386, 30.981760025, 71.5981826782, 33.6003036499, 9.80908870697, 2.90218496323], [119.44367218, 79.2345657349, 38.3238182068, -17.8955612183, 8.67594718933, 8.3557510376, 30.5166816711, 22.0464763641, 6.4932050705, 33.6003036499, 77.7539672852, 22.595703125, 2.28034067154], [22.1908378601, 33.4592857361, -19.6562614441, 22.4637393951, 14.8246898651, 3.52259683609, 16.7369289398, 6.78314304352, 7.31758642197, 9.80908870697, 22.595703125, 67.4475479126, 29.7653331757], [-10.0559244156, 19.2494525909, -20.862695694, 21.1363296509, 9.66040611267, 7.44027709961, 12.5835266113, 6.68448877335, 7.73034954071, 2.90218496323, 2.28034067154, 29.7653331757, 54.8764266968]], "icov": [[0.000496958731674, 1.66641748365e-05, -0.000276750128251, 0.00030939548742, -0.000297738472, -0.000448842649348, 4.73193140351e-05, -0.000465278484626, 0.000202041570446, -0.000394469854655, -0.000171818086528, -0.000193418192794, 0.000124384765513], [1.66641748365e-05, 0.00180198450107, 2.46900217462e-05, -0.000861139793415, -0.000342404237017, 0.00155535666272, -0.00165613542777, 0.000370520137949, 8.3388404164e-05, -0.000267175841145, -0.00168010196649, 0.00048512237845, -0.000294886063784], [-0.000276750128251, 2.46900217462e-05, 0.00239927903749, -0.000918023521081, 0.000344669533661, -0.000269202224445, 0.00179394637235, -0.000970784923993, 0.000132455184939, 0.00121136149392, -0.00230287923478, 0.00112724641804, 0.000290618714644], [0.00030939548742, -0.000861139793415, -0.000918023521081, 0.00783600751311, -0.00290237017907, -0.00232432549819, 0.00131902087014, 0.000698254094459, -0.00142670352943, 8.16477840999e-05, 0.00342688336968, -0.00274135754444, -0.00102863728534], [-0.000297738472, -0.000342404237017, 0.000344669533661, -0.00290237017907, 0.00927147641778, -0.000518522341736, 0.00161965959705, -0.000210589394555, -0.00362024642527, 0.00160166015849, -0.00189293525182, -0.000293467019219, 6.99892334524e-05], [-0.000448842649348, 0.00155535666272, -0.000269202224445, -0.00232432549819, -0.000518522341736, 0.0125396465883, -0.00721801118925, 0.00140610639937, 0.00231727818027, -0.00458026491106, 0.00118800520431, 0.00162829912733, -0.000976717332378], [4.73193140351e-05, -0.00165613542777, 0.00179394637235, 0.00131902087014, 0.00161965959705, -0.00721801118925, 0.0169766191393, -0.00797257293016, 0.00254154764116, 0.000939816585742, -0.0029205661267, -0.00152726948727, -0.000922580249608], [-0.000465278484626, 0.000370520137949, -0.000970784923993, 0.000698254094459, -0.000210589394555, 0.00140610639937, -0.00797257293016, 0.0187956243753, -0.00934429932386, 0.00204898999073, -0.00177940225694, 0.00119489885401, -0.0008343673544], [0.000202041570446, 8.3388404164e-05, 0.000132455184939, -0.00142670352943, -0.00362024642527, 0.00231727818027, 0.00254154764116, -0.00934429932386, 0.0235666967928, -0.0108961183578, 0.0038943036925, -0.000342893326888, -0.00123318855185], [-0.000394469854655, -0.000267175841145, 0.00121136149392, 8.16477840999e-05, 0.00160166015849, -0.00458026491106, 0.000939816585742, 0.00204898999073, -0.0108961183578, 0.0248268600553, -0.0104248933494, 0.000877851329278, 0.000503445509821], [-0.000171818086528, -0.00168010196649, -0.00230287923478, 0.00342688336968, -0.00189293525182, 0.00118800520431, -0.0029205661267, -0.00177940225694, 0.0038943036925, -0.0104248933494, 0.0249701887369, -0.00818304903805, 0.00282473536208], [-0.000193418192794, 0.00048512237845, 0.00112724641804, -0.00274135754444, -0.000293467019219, 0.00162829912733, -0.00152726948727, 0.00119489885401, -0.000342893326888, 0.000877851329278, -0.00818304903805, 0.0237291995436, -0.0112145962194], [0.000124384765513, -0.000294886063784, 0.000290618714644, -0.00102863728534, 6.99892334524e-05, -0.000976717332378, -0.000922580249608, -0.0008343673544, -0.00123318855185, 0.000503445509821, 0.00282473536208, -0.0112145962194, 0.0254015475512]], "mean": [-611.574584961, 123.037727356, -18.5153408051, 22.6159000397, 3.21526479721, 9.97070121765, 0.543627500534, 2.61260676384, -3.4357316494, -1.66308772564, 0.0186460856348, 0.506682276726, 0.082280933857]}, "pitch_salience": {"dmean": 0.0663205608726, "dmean2": 0.107347741723, "dvar": 0.00421773828566, "dvar2": 0.0104340706021, "max": 0.992836654186, "mean": 0.602088630199, "median": 0.612182736397, "min": 0.192096188664, "var": 0.0093103852123}, "silence_rate_20dB": {"dmean": 0, "dmean2": 0, "dvar": 0, "dvar2": 0, "max": 1, "mean": 1, "median": 1, "min": 1, "var": 0}, "silence_rate_30dB": {"dmean": 0.0111587978899, "dmean2": 0.0223199911416, "dvar": 0.0110333589837, "dvar2": 0.0306207686663, "max": 1, "mean": 0.99302649498, "median": 1, "min": 0, "var": 0.00692483503371}, "silence_rate_60dB": {"dmean": 0.011802575551, "dmean2": 0.0236076824367, "dvar": 0.0116614559665, "dvar2": 0.0252031907439, "max": 1, "mean": 0.0512820519507, "median": 0, "min": 0, "var": 0.0486470833421}, "spectral_centroid": {"dmean": 197.775848389, "dmean2": 312.688446045, "dvar": 43218.7929688, "dvar2": 98220.4765625, "max": 10754.5439453, "mean": 1503.1875, "median": 1469.49682617, "min": 363.514221191, "var": 242649.03125}, "spectral_complexity": {"dmean": 4.10225343704, "dmean2": 6.31355285645, "dvar": 19.0155887604, "dvar2": 39.5001373291, "max": 58, "mean": 25.9555835724, "median": 26, "min": 0, "var": 110.591468811}, "spectral_contrast_coeffs": {"dmean": [0.0478310324252, 0.0474873520434, 0.038179885596, 0.0294765029103, 0.0193819962442, 0.0163674466312], "dmean2": [0.07846634835, 0.0777411460876, 0.0628261268139, 0.0486460886896, 0.0317915156484, 0.0263564679772], "dvar": [0.0017403109232, 0.00137237750459, 0.000944513594732, 0.000541168265045, 0.000249814242125, 0.000222263523028], "dvar2": [0.00442998576909, 0.00369583745487, 0.00243983743712, 0.00142147182487, 0.000631910865195, 0.000548768788576], "max": [-0.271644294262, -0.402557432652, -0.388627409935, -0.566982209682, -0.633748948574, -0.635941267014], "mean": [-0.636903762817, -0.737783253193, -0.773141145706, -0.784087181091, -0.79530531168, -0.74180328846], "median": [-0.646517813206, -0.745923817158, -0.78606235981, -0.790570676327, -0.800650119781, -0.742698669434], "min": [-0.997156322002, -0.976548135281, -0.975543618202, -0.962790191174, -0.960392296314, -0.962690770626], "var": [0.00738159613684, 0.00540430378169, 0.00471056438982, 0.00229849829338, 0.00120874913409, 0.000885148532689]}, "spectral_contrast_valleys": {"dmean": [0.372197955847, 0.338945299387, 0.296109944582, 0.248671784997, 0.192131981254, 0.259410142899], "dmean2": [0.597299814224, 0.553283274174, 0.480905324221, 0.401344150305, 0.294634759426, 0.338161796331], "dvar": [0.142232254148, 0.0995719209313, 0.0867226496339, 0.0730049610138, 0.0655362010002, 0.125082090497], "dvar2": [0.30112233758, 0.225262209773, 0.181409597397, 0.139671713114, 0.104876801372, 0.199194744229], "max": [-4.95831489563, -4.73618030548, -5.26933717728, -5.56174850464, -5.40997552872, -7.70171499252], "mean": [-7.11588478088, -6.525867939, -6.81389284134, -7.00076627731, -7.01961994171, -10.0726985931], "median": [-6.83500385284, -6.37124681473, -6.70210027695, -6.92399835587, -6.97257375717, -10.0873756409], "min": [-27.3864269257, -26.9091300964, -27.0882492065, -27.0695896149, -27.3357715607, -27.2321281433], "var": [1.10506355762, 0.580407977104, 0.423554331064, 0.346898287535, 0.295430839062, 0.528327405453]}, "spectral_decrease": {"dmean": 2.52415577329e-09, "dmean2": 3.83666032278e-09, "dvar": 1.58866571368e-17, "dvar2": 3.33789049297e-17, "max": -1.47262983191e-28, "mean": -7.36005834057e-09, "median": -6.07269967645e-09, "min": -4.98579169061e-08, "var": 2.85739020869e-17}, "spectral_energy": {"dmean": 0.0100187137723, "dmean2": 0.0151783097535, "dvar": 0.000239586850512, "dvar2": 0.000503749062773, "max": 0.207124650478, "mean": 0.0299658942968, "median": 0.0248056147248, "min": 1.0486209015e-20, "var": 0.000451088213595}, "spectral_energyband_high": {"dmean": 0.000387868960388, "dmean2": 0.000556032231543, "dvar": 7.27096960418e-07, "dvar2": 1.69111990544e-06, "max": 0.0153182120994, "mean": 0.000758021895308, "median": 0.000398805917939, "min": 7.70839515419e-21, "var": 1.14330907763e-06}, "spectral_energyband_low": {"dmean": 0.0051470566541, "dmean2": 0.00800544768572, "dvar": 0.000160986834089, "dvar2": 0.000337711971952, "max": 0.139947146177, "mean": 0.00929935835302, "median": 0.0062227291055, "min": 7.45581345388e-23, "var": 0.000187654033653}, "spectral_energyband_middle_high": {"dmean": 0.00261336704716, "dmean2": 0.00400955881923, "dvar": 1.72235831997e-05, "dvar2": 3.59804071195e-05, "max": 0.156393304467, "mean": 0.00886542629451, "median": 0.00664065079764, "min": 1.67074065331e-21, "var": 7.3651157436e-05}, "spectral_energyband_middle_low": {"dmean": 0.00505496980622, "dmean2": 0.00813234876841, "dvar": 5.09890051035e-05, "dvar2": 0.00012826109014, "max": 0.0841751545668, "mean": 0.0123115368187, "median": 0.00993702467531, "min": 2.43679890929e-22, "var": 9.19482699828e-05}, "spectral_entropy": {"dmean": 0.107032679021, "dmean2": 0.15996453166, "dvar": 0.0151103921235, "dvar2": 0.0285905785859, "max": 9.80663013458, "mean": 7.72253608704, "median": 7.73893976212, "min": 5.91376018524, "var": 0.0825698450208}, "spectral_flux": {"dmean": 0.0250557549298, "dmean2": 0.0394586734474, "dvar": 0.00102627265733, "dvar2": 0.00232123839669, "max": 0.319505393505, "mean": 0.0870742350817, "median": 0.0741292908788, "min": 1.02402190894e-10, "var": 0.00218384037726}, "spectral_kurtosis": {"dmean": 1.30949115753, "dmean2": 2.21813392639, "dvar": 1.77191841602, "dvar2": 4.98045778275, "max": 17.595823288, "mean": 4.36263799667, "median": 4.1443939209, "min": -1.22753596306, "var": 3.8390610218}, "spectral_rms": {"dmean": 0.000810067402199, "dmean2": 0.00120775285177, "dvar": 1.11575491246e-06, "dvar2": 2.20920401262e-06, "max": 0.0142152318731, "mean": 0.00508839311078, "median": 0.00491941021755, "min": 3.19850699745e-12, "var": 3.34328092322e-06}, "spectral_rolloff": {"dmean": 368.632171631, "dmean2": 610.302490234, "dvar": 310127.53125, "dvar2": 725954.625, "max": 17657.2265625, "mean": 1624.99157715, "median": 1507.32421875, "min": 64.599609375, "var": 825242.625}, "spectral_skewness": {"dmean": 0.174404233694, "dmean2": 0.284430801868, "dvar": 0.0272303726524, "dvar2": 0.0712231397629, "max": 3.31710791588, "mean": 1.45357358456, "median": 1.45337820053, "min": 0.0105922473595, "var": 0.104861199856}, "spectral_spread": {"dmean": 355996.65625, "dmean2": 487396.84375, "dvar": 247504830464, "dvar2": 340992458752, "max": 41862024, "mean": 3927463.75, "median": 3783334.25, "min": 1877751.875, "var": 1086857478140.0}, "spectral_strongpeak": {"dmean": 0.672572135925, "dmean2": 1.13462722301, "dvar": 1.32437062263, "dvar2": 3