{"lowlevel": {"average_loudness": 0.966763496399, "barkbands": {"dmean": [3.85157800338e-05, 0.00320581207052, 0.00344098708592, 0.00106119411066, 0.00138216046616, 0.000530454330146, 0.000863682595082, 0.000966711551882, 0.000666108506266, 0.000437104725279, 0.000319203769322, 0.000459792325273, 0.000383582548238, 0.000336088822223, 0.000230283447308, 0.000244210881647, 0.00023941307154, 0.00028559830389, 0.000254236423643, 0.000235036510276, 0.00022292790527, 0.000245425238973, 0.000148912018631, 7.59012909839e-05, 4.80753151351e-05, 6.3066756411e-05, 1.1928582353e-05], "dmean2": [5.89534502069e-05, 0.00532980589196, 0.00557148829103, 0.00180950015783, 0.00229080813006, 0.000865675450768, 0.00142855499871, 0.00155817985069, 0.0010683335131, 0.000692996487487, 0.000508251308929, 0.000727970327716, 0.000618669379037, 0.000529642682523, 0.000362443795893, 0.000382961967262, 0.000380353361834, 0.000450554449344, 0.000396943534724, 0.000374767259927, 0.000360185134923, 0.000379657343728, 0.000227206764976, 0.000114099791972, 7.29459934519e-05, 0.000112688903755, 2.13451585296e-05], "dvar": [4.97455054926e-09, 6.3718551246e-05, 3.17773337883e-05, 3.70207794731e-06, 7.69195503381e-06, 9.44748308029e-07, 5.98199403612e-06, 9.43838131207e-06, 2.86034014607e-06, 1.02394039914e-06, 9.1320367801e-07, 1.8337648271e-06, 1.14691920317e-06, 6.26770372492e-07, 3.05768281805e-07, 3.57439205345e-07, 2.70199024044e-07, 3.37265845474e-07, 2.50304140081e-07, 2.80690102272e-07, 3.0027914022e-07, 5.81756580686e-07, 3.65819971648e-07, 4.64117029253e-08, 2.08014476755e-08, 6.0981172112e-08, 2.07649386574e-09], "dvar2": [1.09770708079e-08, 0.00016802517348, 8.65764377522e-05, 9.80969070952e-06, 1.95808443095e-05, 2.36535197473e-06, 1.54672343342e-05, 2.39143828367e-05, 6.90646447765e-06, 2.3898571726e-06, 2.23109100261e-06, 4.17804994868e-06, 2.90510911327e-06, 1.48203332628e-06, 7.47071339902e-07, 8.3920929228e-07, 6.36018000932e-07, 8.06543482668e-07, 5.59878401418e-07, 6.97641496572e-07, 7.75170235556e-07, 1.3611642089e-06, 8.25257359338e-07, 1.07014905382e-07, 5.12696587407e-08, 1.69566646946e-07, 5.74753533655e-09], "max": [0.00104465638287, 0.108567200601, 0.077002607286, 0.0309277027845, 0.0444465354085, 0.0239629857242, 0.0496882051229, 0.0899771228433, 0.0496385134757, 0.0239920150489, 0.0252822414041, 0.0478516854346, 0.036561049521, 0.0170379411429, 0.0198057182133, 0.0256695877761, 0.0168025698513, 0.0215317886323, 0.0117522682995, 0.0094852251932, 0.00847974792123, 0.0207006707788, 0.0251484308392, 0.00558947073296, 0.0022367334459, 0.00435196748003, 0.000871140742674], "mean": [0.000116631876153, 0.00461017526686, 0.00764440232888, 0.00165465974715, 0.00191826873925, 0.000844666268677, 0.00114917685278, 0.00118910160381, 0.000933378178161, 0.000676709460095, 0.000456034322269, 0.000640276062768, 0.000513168226462, 0.000530674355105, 0.000368102191715, 0.000386573432479, 0.000396265590098, 0.000474008294987, 0.000438153452706, 0.000358140066965, 0.000335855904268, 0.000333048927132, 0.000231127880397, 0.000118716357974, 6.45412364975e-05, 4.41503980255e-05, 8.12982580101e-06], "median": [9.45927531575e-05, 0.00236959895119, 0.00660085910931, 0.00120076024905, 0.00101434474345, 0.000466893601697, 0.000483805197291, 0.000338243698934, 0.000297676539049, 0.000257610925473, 0.000100549943454, 0.000220010333578, 0.000154781344463, 0.000140730713611, 0.000123535617604, 0.000123129531858, 0.000137479932164, 0.000193413885427, 0.000201330403797, 0.000146471094922, 0.000149197338033, 0.000101523852209, 7.84515577834e-05, 3.92112633563e-05, 1.78958307515e-05, 2.92994104711e-06, 1.02567454974e-07], "min": [4.3888083191e-24, 2.40782357493e-23, 1.81886633398e-24, 2.8080639881e-24, 2.20334215082e-23, 3.67152904685e-23, 1.35861884946e-23, 4.40831014397e-24, 3.81150547251e-23, 4.90584361249e-23, 2.57733842386e-23, 7.71122200253e-23, 4.87468139792e-23, 1.57030386736e-22, 1.17064421358e-22, 9.2149745347e-23, 2.18067155059e-22, 1.75118929427e-22, 1.50295319519e-22, 2.26631660134e-22, 4.04602694076e-22, 4.23557469151e-22, 4.26498595041e-22, 5.96164577103e-22, 1.04119976259e-21, 1.40680480858e-21, 2.48005812282e-21], "var": [7.36843785987e-09, 6.19535639999e-05, 4.79046539112e-05, 4.14678379457e-06, 8.09065659269e-06, 1.34680260544e-06, 5.76224056204e-06, 9.47009630181e-06, 3.79493531e-06, 1.95185793928e-06, 1.58643672421e-06, 2.71315161626e-06, 1.55233385613e-06, 1.39842234148e-06, 5.76118509343e-07, 6.00291798492e-07, 5.33105946943e-07, 5.85677526033e-07, 5.16826901276e-07, 3.61634420187e-07, 3.24629951365e-07, 7.50829144636e-07, 5.06616345319e-07, 6.55905267877e-08, 2.29744898661e-08, 3.83639680024e-08, 1.3237111407e-09]}, "barkbands_crest": {"dmean": 2.48226094246, "dmean2": 4.00931119919, "dvar": 5.66256713867, "dvar2": 14.1673049927, "max": 26.7720909119, "mean": 10.2772359848, "median": 9.73163223267, "min": 2.05935525894, "var": 18.4544906616}, "barkbands_flatness_db": {"dmean": 0.0220393165946, "dmean2": 0.0323451273143, "dvar": 0.000489882542752, "dvar2": 0.00100193673279, "max": 0.40147203207, "mean": 0.129413515329, "median": 0.123668335378, "min": 0.0178979113698, "var": 0.00292693311349}, "barkbands_kurtosis": {"dmean": 4.00431919098, "dmean2": 6.12333583832, "dvar": 90.4962234497, "dvar2": 201.913909912, "max": 711.488586426, "mean": 7.19173240662, "median": 1.75411403179, "min": -1.97266960144, "var": 612.179748535}, "barkbands_skewness": {"dmean": 0.630870699883, "dmean2": 0.936949133873, "dvar": 0.544970691204, "dvar2": 1.08157122135, "max": 24.1897792816, "mean": 1.86699700356, "median": 1.53456115723, "min": -6.26938390732, "var": 3.22112751007}, "barkbands_spread": {"dmean": 6.43859052658, "dmean2": 9.78583908081, "dvar": 59.5749740601, "dvar2": 125.19858551, "max": 105.914833069, "mean": 26.1390266418, "median": 24.1438293457, "min": 0.431775569916, "var": 247.4012146}, "dissonance": {"dmean": 0.015789963305, "dmean2": 0.0264261588454, "dvar": 0.000278571882518, "dvar2": 0.000738561328035, "max": 0.500000059605, "mean": 0.47047495842, "median": 0.477892369032, "min": 0.27225407958, "var": 0.000677790609188}, "dynamic_complexity": 2.61204099655, "erbbands": {"dmean": [0.0571459718049, 0.872148633003, 3.46104884148, 3.95594096184, 3.01749110222, 5.61090612411, 5.2419667244, 4.37039136887, 9.95952033997, 16.3627662659, 20.9622707367, 15.4668111801, 12.9587430954, 12.579580307, 14.3068933487, 17.4379234314, 15.5714883804, 16.9747848511, 13.6139030457, 11.2888002396, 13.2998762131, 12.1825027466, 14.0512275696, 13.9251880646, 12.5772647858, 10.6884918213, 10.0459575653, 7.83217668533, 9.08983898163, 6.28382110596, 4.03799104691, 2.05625963211, 1.04211640358, 0.515002906322, 0.360790610313, 0.278065860271, 0.114888161421, 0.0240795873106, 0.00204812176526, 5.59299551242e-05], "dmean2": [0.0900804772973, 1.46445608139, 5.59041023254, 6.62352657318, 5.08128404617, 9.31161308289, 8.55771446228, 7.16211509705, 16.5137367249, 26.7082443237, 33.6340103149, 24.6299419403, 20.450548172, 19.7220058441, 22.6205654144, 27.2937068939, 24.8182506561, 26.4344005585, 21.3797397614, 17.6525287628, 20.8914585114, 19.2942314148, 22.0181789398, 21.41888237, 19.8148212433, 16.9835796356, 16.2620887756, 12.466999054, 14.1277170181, 9.61233711243, 6.17567396164, 3.07954621315, 1.58933103085, 0.776863873005, 0.554056227207, 0.484254360199, 0.208695620298, 0.0433493815362, 0.00365262525156, 9.54812931013e-05], "dvar": [0.0262993853539, 4.33391809464, 34.633731842, 50.3192138672, 29.4309253693, 161.361450195, 141.527984619, 60.2568321228, 749.376342773, 2489.53027344, 5078.86816406, 1774.78869629, 997.698608398, 797.690551758, 1889.4720459, 3103.54785156, 1947.27612305, 1540.46716309, 1173.65808105, 559.527160645, 1182.92785645, 731.647583008, 801.796813965, 828.60760498, 636.936218262, 576.243591309, 574.654968262, 429.696014404, 791.634216309, 409.530456543, 304.969573975, 48.2369384766, 7.18727827072, 1.87953364849, 1.40936791897, 1.2154866457, 0.216502442956, 0.00800985936075, 6.24975800747e-05, 3.31337091097e-08], "dvar2": [0.0616930648685, 11.730723381, 93.1989135742, 133.087188721, 78.7633895874, 413.261749268, 346.873809814, 151.050643921, 1930.10412598, 6473.11669922, 12919.3300781, 4288.8046875, 2392.02880859, 1765.99560547, 4531.90869141, 6978.1484375, 4957.79199219, 3628.44238281, 2896.97070313, 1309.68603516, 2827.71508789, 1708.86901855, 1888.79589844, 1827.62854004, 1477.47363281, 1431.42700195, 1485.59472656, 1084.1583252, 1886.15783691, 887.447387695, 705.432983398, 110.963188171, 16.4188346863, 4.43677377701, 3.55350971222, 3.35292983055, 0.60725325346, 0.0221618264914, 0.000172904750798, 9.06618922158e-08], "max": [1.75846469402, 29.6702728271, 88.5236587524, 107.728057861, 114.493217468, 196.08744812, 363.192443848, 173.593643188, 770.579589844, 1168.63183594, 2471.50219727, 1526.8894043, 776.895996094, 816.745788574, 1287.89416504, 2453.13696289, 1861.24328613, 974.128112793, 1146.49902344, 752.702758789, 1625.76379395, 1077.78552246, 1192.70629883, 759.294067383, 845.567199707, 389.579650879, 392.317199707, 344.184753418, 800.873352051, 631.843933105, 762.881958008, 268.127502441, 68.9796600342, 22.8417987823, 17.9363918304, 21.6013908386, 7.49601221085, 1.63876485825, 0.143290668726, 0.0028686108999], "mean": [0.0784810632467, 1.32081580162, 7.84361314774, 7.74118471146, 4.5767121315, 6.90618228912, 7.86563014984, 6.82912826538, 13.833439827, 20.9325008392, 26.7051124573, 22.5449581146, 19.3779525757, 21.3443241119, 21.7020816803, 25.2933235168, 22.5636615753, 27.3759250641, 23.4503993988, 19.2262954712, 22.5448207855, 21.2801399231, 24.809015274, 24.6827659607, 21.4192638397, 16.469373703, 15.6166667938, 11.2375688553, 12.1872873306, 9.28639793396, 6.27199411392, 3.11702823639, 1.66991853714, 0.785867333412, 0.425534814596, 0.214603900909, 0.0766326710582, 0.0162470377982, 0.00141287303995, 6.32085357211e-05], "median": [0.0225632116199, 0.878020048141, 6.31391954422, 6.56381511688, 3.00452446938, 3.11044001579, 3.38321995735, 3.81737732887, 6.86479949951, 6.82925415039, 9.25686454773, 7.66639995575, 7.73301649094, 8.20338630676, 7.5950717926, 8.92091274261, 8.00308799744, 7.9603767395, 7.31393575668, 6.67232370377, 7.96305799484, 8.01691532135, 10.5257139206, 10.1980705261, 10.8154602051, 6.89431428909, 7.42054128647, 4.60313415527, 3.74271917343, 2.78455328941, 2.18412590027, 1.00687372684, 0.591919958591, 0.246157795191, 0.0989533513784, 0.0231592748314, 0.00353308999911, 0.000497700180858, 3.48089997715e-05, 3.06092733808e-05], "min": [1.03435714523e-21, 2.21246236739e-21, 1.57715049844e-21, 8.61763466844e-21, 3.08630166143e-20, 6.94088350592e-20, 1.35221644577e-19, 3.78037850904e-19, 1.23541880177e-19, 3.49241755077e-19, 1.78750744768e-19, 9.49961719211e-19, 1.53605568255e-18, 1.26991083745e-18, 1.31303145259e-18, 3.4558216329e-18, 2.56375655951e-18, 6.39757243539e-18, 6.10777218933e-18, 4.34143428393e-18, 6.43427567994e-18, 1.29503454604e-17, 9.32599322231e-18, 1.03336299029e-17, 9.50802176073e-18, 1.16719551945e-17, 1.50220317122e-17, 1.71981784677e-17, 1.40811832486e-17, 1.46012565152e-17, 1.16989485794e-17, 1.26097406083e-17, 1.05702614608e-17, 1.02300983231e-17, 7.7897012763e-18, 5.29749377182e-18, 2.65520985483e-18, 1.26270009725e-18, 2.95722393963e-19, 3.57011152378e-20], "var": [0.0326144210994, 3.96830606461, 53.6779785156, 61.1583328247, 30.8691368103, 154.259841919, 210.577911377, 82.0191497803, 709.087768555, 2476.6105957, 4924.59179688, 2341.97509766, 1476.7364502, 1895.48205566, 2858.96704102, 4611.47753906, 2505.49023438, 3373.90600586, 2570.96557617, 1134.24243164, 1925.78991699, 1434.13183594, 1514.16296387, 1854.46765137, 1048.07128906, 747.434020996, 643.485961914, 465.142425537, 978.582092285, 682.668884277, 380.036499023, 61.5736122131, 11.1081991196, 2.52776265144, 1.37839865685, 0.802068471909, 0.131576284766, 0.00506655825302, 3.99725795432e-05, 2.26203482612e-08]}, "erbbands_crest": {"dmean": 2.29452753067, "dmean2": 3.67861485481, "dvar": 6.16307973862, "dvar2": 14.9287204742, "max": 30.5578136444, "mean": 7.73457717896, "median": 6.54447555542, "min": 2.20267057419, "var": 17.1574821472}, "erbbands_flatness_db": {"dmean": 0.016198631376, "dmean2": 0.0234726928174, "dvar": 0.000289782590698, "dvar2": 0.000600982864853, "max": 0.366080105305, "mean": 0.142650261521, "median": 0.135491266847, "min": 0.0379904061556, "var": 0.00173607422039}, "erbbands_kurtosis": {"dmean": 0.798616886139, "dmean2": 1.25993573666, "dvar": 1.81030070782, "dvar2": 4.1751666069, "max": 34.7520675659, "mean": 0.159324541688, "median": -0.445928066969, "min": -1.83798086643, "var": 3.95400285721}, "erbbands_skewness": {"dmean": 0.336695641279, "dmean2": 0.508575618267, "dvar": 0.125327974558, "dvar2": 0.268632054329, "max": 4.38608455658, "mean": 0.0549292303622, "median": 0.000504893367179, "min": -4.79498529434, "var": 0.63748717308}, "erbbands_spread": {"dmean": 9.45075893402, "dmean2": 14.3951854706, "dvar": 101.345962524, "dvar2": 215.645431519, "max": 154.501296997, "mean": 49.0054550171, "median": 46.3595619202, "min": 4.12261009216, "var": 474.438751221}, "gfcc": {"cov": [[6353.02392578, -447.284881592, -316.994232178, -126.053443909, 291.748321533, 78.1861038208, -94.7664718628, -0.680904686451, -118.837745667, 38.1490631104, -292.879669189, 64.5195083618, -290.522521973], [-447.284881592, 1232.05529785, -68.8405838013, 46.0896492004, 121.487358093, 0.315718531609, 142.139907837, 6.71298122406, 78.0344772339, -157.481018066, 104.145179749, -124.440750122, 72.8294830322], [-316.994232178, -68.8405838013, 1153.65136719, 270.903533936, 54.3314094543, 273.3387146, 58.1643371582, 87.279624939, -42.7708778381, -37.7783241272, -55.6670761108, -21.1883525848, -91.0127258301], [-126.053443909, 46.0896492004, 270.903533936, 425.787414551, 79.9754714966, 128.715896606, 16.0570240021, 21.8791885376, 34.9299125671, -10.6137151718, -10.7629308701, -46.153049469, 15.6319150925], [291.748321533, 121.487358093, 54.3314094543, 79.9754714966, 319.952667236, 81.0875854492, 27.6920509338, 22.0396213531, 29.2390136719, 15.8629226685, -24.2452545166, -1.9854722023, -15.2355060577], [78.1861038208, 0.315718531609, 273.3387146, 128.715896606, 81.0875854492, 277.445251465, 54.8219795227, 57.2906761169, -13.2154512405, -32.70262146, -14.4574203491, -28.7227077484, -37.9882774353], [-94.7664718628, 142.139907837, 58.1643371582, 16.0570240021, 27.6920509338, 54.8219795227, 158.757843018, 41.175365448, -2.93989944458, -30.932050705, 15.9007863998, -3.02308893204, -9.39639377594], [-0.680904686451, 6.71298122406, 87.279624939, 21.8791885376, 22.0396213531, 57.2906761169, 41.175365448, 130.353546143, 19.2565288544, -20.0526542664, 6.12302207947, -9.14555549622, -26.6117591858], [-118.837745667, 78.0344772339, -42.7708778381, 34.9299125671, 29.2390136719, -13.2154512405, -2.93989944458, 19.2565288544, 107.710945129, 31.8420085907, 8.19913482666, -15.0943317413, 11.1422653198], [38.1490631104, -157.481018066, -37.7783241272, -10.6137151718, 15.8629226685, -32.70262146, -30.932050705, -20.0526542664, 31.8420085907, 115.074928284, 0.0344446636736, 14.0977563858, 4.16466903687], [-292.879669189, 104.145179749, -55.6670761108, -10.7629308701, -24.2452545166, -14.4574203491, 15.9007863998, 6.12302207947, 8.19913482666, 0.0344446636736, 85.100227356, 9.71872234344, 18.0587978363], [64.5195083618, -124.440750122, -21.1883525848, -46.153049469, -1.9854722023, -28.7227077484, -3.02308893204, -9.14555549622, -15.0943317413, 14.0977563858, 9.71872234344, 91.9787368774, 11.5143117905], [-290.522521973, 72.8294830322, -91.0127258301, 15.6319150925, -15.2355060577, -37.9882774353, -9.39639377594, -26.6117591858, 11.1422653198, 4.16466903687, 18.0587978363, 11.5143117905, 99.1911468506]], "icov": [[0.000269932701485, -0.000176514324266, 0.000249221367994, -0.000114355578262, -6.38728379272e-05, -0.000164481956745, 0.000224329851335, -0.000144952631672, 0.000435404945165, -0.000344560685335, 0.00104622310027, -0.000589358387515, 0.00091996032279], [-0.000176514324266, 0.00243396428414, -0.000444690755103, 0.000611663854215, -0.00134746963158, 0.000873300654348, -0.00159467360936, 0.00131577253342, -0.00225443881936, 0.00379143096507, -0.00357425771654, 0.00363989896141, -0.0021568229422], [0.000249221367994, -0.000444690755103, 0.00163815915585, -0.000915170530789, 0.000358807388693, -0.00110807002056, 0.000284557871055, -0.000687739986461, 0.00116540689487, -0.000869244686328, 0.00191073049791, -0.00137008249294, 0.00189371651504], [-0.000114355578262, 0.000611663854215, -0.000915170530789, 0.00365319685079, -0.000817866588477, -0.000712754554115, -0.000209531979635, 0.000679025426507, -0.00180458126124, 0.00118642335292, -0.00123803142924, 0.00229415600188, -0.00232376158237], [-6.38728379272e-05, -0.00134746963158, 0.000358807388693, -0.000817866588477, 0.00460035772994, -0.00146987801418, 0.000254022423178, -0.000747689802665, 0.000139493466122, -0.00266559747979, 0.0026633804664, -0.00252330768853, 0.00113179290202], [-0.000164481956745, 0.000873300654348, -0.00110807002056, -0.000712754554115, -0.00146987801418, 0.00633132643998, -0.00155489915051, -0.000755927525461, 0.000171127423528, 0.00193517783191, -0.00169043638743, 0.00244512199424, -0.000254986720392], [0.000224329851335, -0.00159467360936, 0.000284557871055, -0.000209531979635, 0.000254022423178, -0.00155489915051, 0.0087021086365, -0.00245508318767, 0.00164217152633, -0.00093371066032, 0.00102964043617, -0.00270314258523, 0.00171229313128], [-0.000144952631672, 0.00131577253342, -0.000687739986461, 0.000679025426507, -0.000747689802665, -0.000755927525461, -0.00245508318767, 0.0108092175797, -0.0041911737062, 0.0037112319842, -0.00310568511486, 0.00177630840335, 0.000808580603916], [0.000435404945165, -0.00225443881936, 0.00116540689487, -0.00180458126124, 0.000139493466122, 0.000171127423528, 0.00164217152633, -0.0041911737062, 0.0147729944438, -0.00725995097309, 0.00324239209294, -0.00130578584503, 0.00160896149464], [-0.000344560685335, 0.00379143096507, -0.000869244686328, 0.00118642335292, -0.00266559747979, 0.00193517783191, -0.00093371066032, 0.0037112319842, -0.00725995097309, 0.0167682971805, -0.00592270493507, 0.00386591791175, -0.00279759149998], [0.00104622310027, -0.00357425771654, 0.00191073049791, -0.00123803142924, 0.0026633804664, -0.00169043638743, 0.00102964043617, -0.00310568511486, 0.00324239209294, -0.00592270493507, 0.0211319085211, -0.00773946428671, 0.00359851587564], [-0.000589358387515, 0.00363989896141, -0.00137008249294, 0.00229415600188, -0.00252330768853, 0.00244512199424, -0.00270314258523, 0.00177630840335, -0.00130578584503, 0.00386591791175, -0.00773946428671, 0.0186062883586, -0.00601446675137], [0.00091996032279, -0.0021568229422, 0.00189371651504, -0.00232376158237, 0.00113179290202, -0.000254986720392, 0.00171229313128, 0.000808580603916, 0.00160896149464, -0.00279759149998, 0.00359851587564, -0.00601446675137, 0.0168985016644]], "mean": [1.20565438271, 85.5637664795, -117.486106873, 49.2199211121, -64.5509796143, 16.9236965179, -30.9009437561, 8.45707511902, -21.6804141998, -1.6757414341, -13.990480423, -6.28300285339, -15.6445970535]}, "hfc": {"dmean": 10.2902364731, "dmean2": 15.2357311249, "dvar": 411.466186523, "dvar2": 970.562683105, "max": 243.561538696, "mean": 21.725856781, "median": 14.4871339798, "min": 1.13882110686e-16, "var": 601.513122559}, "melbands": {"dmean": [0.000712643610314, 0.00155836599879, 0.00062615488423, 0.000296416867059, 0.000205594449653, 0.000100633049442, 0.000157445450895, 0.000186225923244, 0.000165960955201, 9.2750058684e-05, 6.60826699459e-05, 5.34475075256e-05, 4.67307872896e-05, 5.24957868038e-05, 3.94343514927e-05, 3.74579612981e-05, 3.26173903886e-05, 2.48384822044e-05, 1.58839247888e-05, 1.64815610333e-05, 1.6196310753e-05, 1.28973051687e-05, 1.44245432239e-05, 1.40165830089e-05, 1.16624023576e-05, 1.01073010228e-05, 9.38982338994e-06, 6.7708356255e-06, 6.34356865703e-06, 5.89202363699e-06, 4.47422280558e-06, 5.55346923647e-06, 4.60273622593e-06, 3.30440184371e-06, 2.65744915851e-06, 1.57679505719e-06, 1.20747165511e-06, 7.82052836712e-07, 5.75011029014e-07, 4.06315422197e-07], "dmean2": [0.00116512505338, 0.00254298420623, 0.00104324438144, 0.000496195920277, 0.000335401447956, 0.000164899640367, 0.000260882719886, 0.000303772190819, 0.00026679734583, 0.000147871804074, 0.000104521212052, 8.39966596686e-05, 7.42597330827e-05, 8.29537457321e-05, 6.17760961177e-05, 6.10724164289e-05, 5.07508411829e-05, 3.93653681385e-05, 2.5016894142e-05, 2.57138217421e-05, 2.56405801338e-05, 2.06743825402e-05, 2.28070966841e-05, 2.22264498007e-05, 1.81237664947e-05, 1.59060491569e-05, 1.51515550897e-05, 1.08081312646e-05, 1.02677313407e-05, 9.68538370216e-06, 7.17632838132e-06, 8.79102572071e-06, 7.21599144526e-06, 5.11552252647e-06, 4.13324778492e-06, 2.43233830588e-06, 1.85705471267e-06, 1.20668676118e-06, 9.05874458113e-07, 6.17960040472e-07], "dvar": [3.55119732376e-06, 7.9331566667e-06, 1.19359469863e-06, 3.56337267249e-07, 1.97716644834e-07, 3.30761302791e-08, 1.85477418313e-07, 2.9984985872e-07, 3.12272135261e-07, 6.22173530473e-08, 2.58537653508e-08, 1.4565866735e-08, 1.99726279959e-08, 2.69078057613e-08, 1.17547171996e-08, 1.27849428821e-08, 5.7216662519e-09, 4.29227720034e-09, 1.44477008135e-09, 1.43449097045e-09, 1.73419389959e-09, 8.6697365953e-10, 1.1362639718e-09, 8.35809976785e-10, 6.38970487632e-10, 3.93006738264e-10, 5.01130248409e-10, 2.2973553615e-10, 2.43615849715e-10, 1.94663715702e-10, 1.60084306922e-10, 3.19209325639e-10, 2.17537404756e-10, 1.33640168376e-10, 1.25273361129e-10, 5.7880516352e-11, 1.35892260986e-11, 3.97684099193e-12, 2.39505052076e-12, 1.18931188682e-12], "dvar2": [9.0551102403e-06, 2.11881124415e-05, 3.14833005177e-06, 9.27090297864e-07, 4.85841951559e-07, 8.26367383411e-08, 4.78796323478e-07, 7.75811656695e-07, 7.99716929123e-07, 1.48092183849e-07, 6.20346156666e-08, 3.19890638423e-08, 4.86667701693e-08, 6.19851832084e-08, 2.65786610498e-08, 3.36348122687e-08, 1.33682682701e-08, 1.0619081614e-08, 3.55002116592e-09, 3.38773142872e-09, 4.09178646521e-09, 2.10368211739e-09, 2.70053712725e-09, 1.98716842981e-09, 1.41229539175e-09, 8.93370544208e-10, 1.23589605217e-09, 5.7099808215e-10, 6.28708640704e-10, 5.03444563815e-10, 4.05558781003e-10, 7.75579767076e-10, 5.02768493504e-10, 3.05487912744e-10, 2.94914564991e-10, 1.34173519517e-10, 3.20199179671e-11, 9.12755548227e-12, 5.83125778567e-12, 2.80878185294e-12], "max": [0.022504709661, 0.0404130406678, 0.0154837146401, 0.0114310299978, 0.010898319073, 0.00439071236178, 0.0100091425702, 0.0131869697943, 0.0191577076912, 0.00939582288265, 0.00407042400911, 0.00348512385972, 0.00374500802718, 0.00524651166052, 0.00282870815136, 0.00409931968898, 0.00178223568946, 0.0017698580632, 0.00140040752012, 0.00096860807389, 0.00182232353836, 0.00115189957432, 0.00148576288484, 0.000611088820733, 0.000744245655369, 0.000450999417808, 0.000714773661457, 0.000240549226874, 0.000307062786305, 0.000249767734203, 0.000251960329479, 0.000499439076521, 0.00053555337945, 0.000448295846581, 0.000474571803352, 0.000329914299073, 0.000111932225991, 5.29708340764e-05, 2.93984812743e-05, 2.23913011723e-05], "mean": [0.000976302369963, 0.00334941851906, 0.00127525359858, 0.000394390517613, 0.00029596616514, 0.000157021757332, 0.000218465531361, 0.00023614813108, 0.000212641505641, 0.00013329788635, 9.59684475674e-05, 8.79663348314e-05, 6.9439811341e-05, 7.38021917641e-05, 5.43377791473e-05, 5.08913908561e-05, 5.07915647177e-05, 4.00763601647e-05, 2.53379621427e-05, 2.60436409008e-05, 2.63710862782e-05, 2.09647078009e-05, 2.39663477259e-05, 2.25091062021e-05, 1.95381071535e-05, 1.68680599018e-05, 1.41221562444e-05, 9.83166955848e-06, 9.46552790992e-06, 8.74964280229e-06, 5.86868236496e-06, 7.12247037882e-06, 6.11986752119e-06, 4.82838731841e-06, 3.98219162889e-06, 2.36138021137e-06, 1.74555691501e-06, 1.23864299439e-06, 8.55205257722e-07, 5.99066709128e-07], "median": [0.000407313491451, 0.00280166533776, 0.00112157838885, 0.000215129577555, 0.000129742809804, 8.79904837348e-05, 0.000105775397969, 7.28458180674e-05, 7.1092719736e-05, 4.25709804404e-05, 3.62142345693e-05, 3.20983708662e-05, 2.03754461836e-05, 2.59670887317e-05, 1.73163662112e-05, 1.56811420311e-05, 1.3684145415e-05, 1.08449939944e-05, 8.47096089274e-06, 8.45159502205e-06, 8.94912136573e-06, 7.30736201149e-06, 8.66280788614e-06, 8.95177618077e-06, 7.42084739613e-06, 8.12610051071e-06, 5.9507556216e-06, 3.72528143089e-06, 4.37307198808e-06, 3.81234622182e-06, 2.00670774575e-06, 2.07638390748e-06, 1.8203380705e-06, 1.4025456494e-06, 1.31471108489e-06, 8.44419616897e-07, 5.23045002865e-07, 4.37030934108e-07, 2.92257595902e-07, 1.68353679442e-07], "min": [9.19999958814e-24, 1.28770350813e-24, 1.97658783071e-24, 2.91300240724e-24, 6.01866397462e-24, 8.19514225618e-24, 1.97095339169e-24, 2.915677829e-24, 1.79987904363e-24, 6.2456768439e-24, 7.87437642376e-24, 5.09871174189e-24, 3.48017111277e-24, 8.96019376156e-24, 5.04109136922e-24, 6.11111452841e-24, 1.31844997328e-23, 1.01761226616e-23, 8.26327932801e-24, 4.65366600145e-24, 7.07943103438e-24, 1.39381450984e-23, 5.3469836237e-24, 6.3406533303e-24, 8.51841745514e-24, 6.75384605069e-24, 5.95252429861e-24, 8.22942299568e-24, 7.67146325513e-24, 1.03433493406e-23, 1.1068434786e-23, 6.93578971873e-24, 7.39339136377e-24, 6.94210139483e-24, 4.55806868151e-24, 8.22889840317e-24, 8.12396806987e-24, 6.28179247386e-24, 8.49141474635e-24, 8.99961235213e-24], "var": [3.67304528481e-06, 1.0227688108e-05, 1.4759982605e-06, 3.46319950495e-07, 2.68808065584e-07, 4.45725802933e-08, 1.75828461124e-07, 3.00886114246e-07, 2.98906314811e-07, 8.61964011278e-08, 3.87604970342e-08, 3.45712471983e-08, 3.24009192809e-08, 3.88885084135e-08, 1.86501267763e-08, 1.6074219289e-08, 1.22797123581e-08, 8.98698182539e-09, 2.56820253952e-09, 2.55337595512e-09, 2.85766410535e-09, 1.51603418708e-09, 2.18808438035e-09, 1.43824718801e-09, 1.43376333028e-09, 6.93544055519e-10, 6.60547949671e-10, 2.95721919175e-10, 2.6407079301e-10, 2.20569076892e-10, 1.662811e-10, 3.64441726797e-10, 2.95938579198e-10, 2.09674902441e-10, 1.56023582942e-10, 6.48853262786e-11, 1.71885804201e-11, 6.17005838782e-12, 3.14992715071e-12, 1.55648291564e-12]}, "melbands_crest": {"dmean": 3.14313864708, "dmean2": 4.94187164307, "dvar": 9.39364624023, "dvar2": 21.3263339996, "max": 39.0293312073, "mean": 16.8879947662, "median": 16.6569499969, "min": 1.85918903351, "var": 38.4057807922}, "melbands_flatness_db": {"dmean": 0.0276933945715, "dmean2": 0.0408196486533, "dvar": 0.000818319385871, "dvar2": 0.00161951070186, "max": 0.466753005981, "mean": 0.193076401949, "median": 0.190258830786, "min": 0.0081052267924, "var": 0.0050561549142}, "melbands_kurtosis": {"dmean": 11.6655101776, "dmean2": 17.8202133179, "dvar": 552.232116699, "dvar2": 1172.47753906, "max": 742.903991699, "mean": 24.0542964935, "median": 10.3353586197, "min": -1.82456445694, "var": 1698.46166992}, "melbands_skewness": {"dmean": 0.948036193848, "dmean2": 1.42531633377, "dvar": 1.20163691044, "dvar2": 2.37741327286, "max": 23.5442485809, "mean": 3.48752498627, "median": 2.88731622696, "min": -3.17660903931, "var": 5.73965835571}, "melbands_spread": {"dmean": 8.34384536743, "dmean2": 12.7562580109, "dvar": 151.244506836, "dvar2": 339.60144043, "max": 243.820068359, "mean": 26.2485389709, "median": 20.1667690277, "min": 0.62802106142, "var": 562.352355957}, "mfcc": {"cov": [[5229.18701172, -111.696327209, -765.442565918, -99.0674362183, 82.2363891602, 87.9458847046, -70.7616195679, -3.71040129662, 8.24972915649, -72.1474761963, 20.7614250183, -30.5035514832, -25.2085018158], [-111.696327209, 988.579772949, -84.9529647827, 13.0473842621, 22.4549293518, -28.6666164398, 77.6451034546, 94.6366119385, 7.63252687454, 5.50984716415, 15.5541267395, -4.1063952446, -17.2940940857], [-765.442565918, -84.9529647827, 1036.49914551, 106.101753235, 119.151046753, 131.546142578, 138.991668701, 147.0443573, 15.6977443695, 59.1622467041, 0.0761781707406, -51.5115013123, -0.32771974802], [-99.0674362183, 13.0473842621, 106.101753235, 274.125732422, 87.6856918335, 57.5147590637, 9.44940185547, 1.43060028553, 43.885471344, 19.6229782104, -9.44575214386, 15.4355449677, 17.038816452], [82.2363891602, 22.4549293518, 119.151046753, 87.6856918335, 280.295227051, 108.929847717, 36.4699859619, 44.4609642029, 45.7957496643, 47.7589988708, 3.21876096725, 2.526304245, 6.40437078476], [87.9458847046, -28.6666164398, 131.546142578, 57.5147590637, 108.929847717, 195.428924561, 61.8371162415, 26.1991214752, 37.0311393738, 19.3936595917, 1.330504179, -2.63991975784, 7.59028100967], [-70.7616195679, 77.6451034546, 138.991668701, 9.44940185547, 36.4699859619, 61.8371162415, 174.066864014, 97.2644958496, 11.8859081268, 12.0658655167, 2.61656427383, -3.94353938103, -1.23129856586], [-3.71040129662, 94.6366119385, 147.0443573, 1.43060028553, 44.4609642029, 26.1991214752, 97.2644958496, 190.250061035, 19.7740764618, 10.3001852036, 22.1371898651, -14.9158878326, -1.03637337685], [8.24972915649, 7.63252687454, 15.6977443695, 43.885471344, 45.7957496643, 37.0311393738, 11.8859081268, 19.7740764618, 91.7955474854, 35.1402130127, -4.973341465, 6.14335775375, 6.97500085831], [-72.1474761963, 5.50984716415, 59.1622467041, 19.6229782104, 47.7589988708, 19.3936595917, 12.0658655167, 10.3001852036, 35.1402130127, 94.7743377686, 29.0222682953, -0.598132669926, 2.28118181229], [20.7614250183, 15.5541267395, 0.0761781707406, -9.44575214386, 3.21876096725, 1.330504179, 2.61656427383, 22.1371898651, -4.973341465, 29.0222682953, 84.7872314453, 15.2359037399, -2.5787768364], [-30.5035514832, -4.1063952446, -51.5115013123, 15.4355449677, 2.526304245, -2.63991975784, -3.94353938103, -14.9158878326, 6.14335775375, -0.598132669926, 15.2359037399, 74.0585250854, 23.7471961975], [-25.2085018158, -17.2940940857, -0.32771974802, 17.038816452, 6.40437078476, 7.59028100967, -1.23129856586, -1.03637337685, 6.97500085831, 2.28118181229, -2.5787768364, 23.7471961975, 60.7398262024]], "icov": [[0.00023786300153, 5.45661278011e-05, 0.000231154583162, 4.41475021944e-05, -0.00011623899627, -0.000217381631956, 7.01539538568e-05, -0.000156403562869, -8.64252615429e-06, 0.000175724882865, -0.000118793243018, 0.000235197119764, 3.86878855352e-05], [5.45661278011e-05, 0.00115107512102, 0.000276815611869, -0.000170145300217, -0.000153221713845, 0.000301083317026, -0.000478804402519, -0.000525990210008, 3.53815194103e-05, -2.04976640816e-05, -9.30527530727e-05, 0.000116540948511, 0.000306650879793], [0.000231154583162, 0.000276815611869, 0.00158428412396, -0.000438473536633, -0.000149843996041, -0.000712492095772, -0.000408845255151, -0.00100614211988, 0.00074755755486, -0.000701319717336, 0.000246222014539, 0.000952310510911, -3.56932287104e-05], [4.41475021944e-05, -0.000170145300217, -0.000438473536633, 0.00456233276054, -0.000980482553132, -0.000435288704466, 0.000294422410661, 0.000570183095988, -0.0016105142422, 0.000363670260413, 0.000325646658894, -0.000827000767458, -0.000630407128483], [-0.00011623899627, -0.000153221713845, -0.000149843996041, -0.000980482553132, 0.00541207240894, -0.00245199119672, 0.000688552856445, -0.00111525203101, -0.000110769637104, -0.00223779119551, 0.000950940244365, -0.000728115672246, 0.000334869051585], [-0.000217381631956, 0.000301083317026, -0.000712492095772, -0.000435288704466, -0.00245199119672, 0.0082917008549, -0.00290793436579, 0.00168953591492, -0.00235594017431, 0.00134655099828, -0.00120897928718, 0.000812268641312, -0.000842904206365], [7.01539538568e-05, -0.000478804402519, -0.000408845255151, 0.000294422410661, 0.000688552856445, -0.00290793436579, 0.00966923031956, -0.00453351484612, 0.00112371030264, -0.00121476687491, 0.00180574844126, -0.00161303312052, 0.000841323460918], [-0.000156403562869, -0.000525990210008, -0.00100614211988, 0.000570183095988, -0.00111525203101, 0.00168953591492, -0.00453351484612, 0.00935813505203, -0.00272459187545, 0.00231056194752, -0.00346332532354, 0.00216245721094, -0.0011722057825], [-8.64252615429e-06, 3.53815194103e-05, 0.00074755755486, -0.0016105142422, -0.000110769637104, -0.00235594017431, 0.00112371030264, -0.00272459187545, 0.0158461499959, -0.00658849673346, 0.0040729236789, -0.00195598998107, 0.000110091626993], [0.000175724882865, -2.04976640816e-05, -0.000701319717336, 0.000363670260413, -0.00223779119551, 0.00134655099828, -0.00121476687491, 0.00231056194752, -0.00658849673346, 0.0164309479296, -0.00699330028147, 0.00250052753836, -0.0010912634898], [-0.000118793243018, -9.30527530727e-05, 0.000246222014539, 0.000325646658894, 0.000950940244365, -0.00120897928718, 0.00180574844126, -0.00346332532354, 0.0040729236789, -0.00699330028147, 0.0163358617574, -0.00513957347721, 0.00236039492302], [0.000235197119764, 0.000116540948511, 0.000952310510911, -0.000827000767458, -0.000728115672246, 0.000812268641312, -0.00161303312052, 0.00216245721094, -0.00195598998107, 0.00250052753836, -0.00513957347721, 0.0182942822576, -0.00689255259931], [3.86878855352e-05, 0.000306650879793, -3.56932287104e-05, -0.000630407128483, 0.000334869051585, -0.000842904206365, 0.000841323460918, -0.0011722057825, 0.000110091626993, -0.0010912634898, 0.00236039492302, -0.00689255259931, 0.0196340661496]], "mean": [-634.729553223, 104.150360107, 7.39011001587, 31.2215957642, -1.79277801514, 8.82956790924, 1.94020819664, 8.30185508728, -2.34418225288, 4.98665380478, 1.88495993614, 1.35539996624, -1.91680192947]}, "pitch_salience": {"dmean": 0.0753579735756, "dmean2": 0.121799059212, "dvar": 0.00512209068984, "dvar2": 0.0126226507127, "max": 0.876216471195, "mean": 0.501687586308, "median": 0.496564358473, "min": 0.0263667367399, "var": 0.0151472575963}, "silence_rate_20dB": {"dmean": 0, "dmean2": 0, "dvar": 0, "dvar2": 0, "max": 1, "mean": 1, "median": 1, "min": 1, "var": 0}, "silence_rate_30dB": {"dmean": 0.00221163663082, "dmean2": 0.00442364951596, "dvar": 0.00220706849359, "dvar2": 0.00661698635668, "max": 1, "mean": 0.998894274235, "median": 1, "min": 0, "var": 0.00110442808364}, "silence_rate_60dB": {"dmean": 0.0112283090129, "dmean2": 0.0224585290998, "dvar": 0.0111050019041, "dvar2": 0.0260374620557, "max": 1, "mean": 0.0374245122075, "median": 0, "min": 0, "var": 0.0360268205404}, "spectral_centroid": {"dmean": 292.092834473, "dmean2": 442.508087158, "dvar": 113931.570313, "dvar2": 223213.125, "max": 10747.7080078, "mean": 1593.26171875, "median": 1538.1348877, "min": 185.515914917, "var": 589546}, "spectral_complexity": {"dmean": 4.60956096649, "dmean2": 6.71952342987, "dvar": 32.035484314, "dvar2": 58.9324798584, "max": 62, "mean": 19.7906780243, "median": 18, "min": 0, "var": 128.039260864}, "spectral_contrast_coeffs": {"dmean": [0.0474623143673, 0.048640653491, 0.0404086187482, 0.0325394645333, 0.0252430215478, 0.0212199259549], "dmean2": [0.079053401947, 0.0797150731087, 0.0649414137006, 0.0517839901149, 0.0399556457996, 0.0342732556164], "dvar": [0.00160127936397, 0.00167840707581, 0.00114133954048, 0.000818603439257, 0.000529406941496, 0.000505312753376], "dvar2": [0.00421743560582, 0.00441628647968, 0.00280881114304, 0.00192714924924, 0.00123075791635, 0.0012557368027], "max": [-0.286741197109, -0.429676413536, -0.453534126282, -0.499398946762, -0.520510315895, -0.502806961536], "mean": [-0.621405005455, -0.743393003941, -0.760995805264, -0.780823945999, -0.774985432625, -0.732197165489], "median": [-0.618172705173, -0.751155078411, -0.770613908768, -0.788792252541, -0.781462073326, -0.734671890736], "min": [-0.959507286549, -0.966122150421, -0.97340285778, -0.966031610966, -0.962024867535, -0.960842311382], "var": [0.00557327829301, 0.00498438999057, 0.00463324598968, 0.00329004763626, 0.00214622495696, 0.00199098000303]}, "spectral_contrast_valleys": {"dmean": [0.440767079592, 0.385260522366, 0.379529982805, 0.387113243341, 0.320845991373, 0.305785447359], "dmean2": [0.714642345905, 0.613774836063, 0.57855951786, 0.568331718445, 0.458526164293, 0.402967393398], "dvar": [0.188679233193, 0.143758997321, 0.147595837712, 0.184759572148, 0.146747067571, 0.137638568878], "dvar2": [0.392612189054, 0.307711929083, 0.297018229961, 0.359436094761, 0.277759879827, 0.253916740417], "max": [-5.08717727661, -4.50240182877, -4.98495197296, -5.47114944458, -5.3104019165, -7.77363061905], "mean": [-7.33898544312, -6.79448270798, -7.47210025787, -7.85589885712, -7.48017883301, -10.0308732986], "median": [-7.11078834534, -6.71486186981, -7.39283370972, -7.78588294983, -7.40061187744, -10.0008888245], "min": [-27.5069065094, -27.4351196289, -27.2691707611, -27.4704284668, -27.3439807892, -27.2913475037], "var": [1.24123740196, 0.713122367859, 0.855888783932, 1.01527667046, 0.868913590908, 0.897568821907]}, "spectral_decrease": {"dmean": 2.49564346966e-09, "dmean2": 3.88539600493e-09, "dvar": 1.46296337733e-17, "dvar2": 3.51622600083e-17, "max": 7.98926116037e-29, "mean": -6.48171250006e-09, "median": -5.69530334005e-09, "min": -5.24604608643e-08, "var": 2.06378187935e-17}, "spectral_energy": {"dmean": 0.0101540638134, "dmean2": 0.0157146453857, "dvar": 0.000235705418163, "dvar2": 0.000562836183235, "max": 0.207712709904, "mean": 0.0264341179281, "median": 0.0229656174779, "min": 1.01461553883e-20, "var": 0.000338736950653}, "spectral_energyband_high": {"dmean": 0.000823246722575, "dmean2": 0.00124676246196, "dvar": 4.21821050622e-06, "dvar2": 9.93336561805e-06, "max": 0.0356761552393, "mean": 0.0012947099749, "median": 0.000560299376957, "min": 7.44127720864e-21, "var": 5.59673662792e-06}, "spectral_energyband_low": {"dmean": 0.00632073916495, "dmean2": 0.0102327410132, "dvar": 0.000137540511787, "dvar2": 0.000351493479684, "max": 0.157196342945, "mean": 0.0134900128469, "median": 0.0117728291079, "min": 3.1727651131e-23, "var": 0.000170004932443}, "spectral_energyband_middle_high": {"dmean": 0.0022339343559, "dmean2": 0.00332720438018, "dvar": 1.47877990457e-05, "dvar2": 3.35729091603e-05, "max": 0.0721171200275, "mean": 0.0049988636747, "median": 0.00274920812808, "min": 1.4688935387e-21, "var": 3.43662431987e-05}, "spectral_energyband_middle_low": {"dmean": 0.00392352929339, "dmean2": 0.0061994609423, "dvar": 4.40289913968e-05, "dvar2": 0.000106775645691, "max": 0.114856868982, "mean": 0.00786953419447, "median": 0.00581883313134, "min": 1.94552385299e-22, "var": 5.56264531042e-05}, "spectral_entropy": {"dmean": 0.145163521171, "dmean2": 0.213577851653, "dvar": 0.024121934548, "dvar2": 0.05037272349, "max": 9.80423069, "mean": 7.68359422684, "median": 7.72093629837, "min": 5.28703832626, "var": 0.143253222108}, "spectral_flux": {"dmean": 0.027272567153, "dmean2": 0.0407810546458, "dvar": 0.00113333051559, "dvar2": 0.00231851986609, "max": 0.374464035034, "mean": 0.0807902663946, "median": 0.0702122598886, "min": 1.00728127228e-10, "var": 0.00241451966576}, "spectral_kurtosis": {"dmean": 1.00839698315, "dmean2": 1.69474124908, "dvar": 1.69665539265, "dvar2": 4.58560562134, "max": 51.1362342834, "mean": 2.73633766174, "median": 2.4837846756, "min": -1.19467353821, "var": 4.14879751205}, "spectral_rms": {"dmean": 0.000890547235031, "dmean2": 0.00133167672902, "dvar": 1.22653182189e-06, "dvar2": 2.71395265372e-06, "max": 0.0142353978008, "mean": 0.00478392466903, "median": 0.00473344279453, "min": 3.14621809508e-12, "var": 2.90345747089e-06}, "spectral_rolloff": {"dmean": 604.572021484, "dmean2": 990.419311523, "dvar": 1007249.8125, "dvar2": 2167513.25, "max": 18776.953125, "mean": 1636.9342041, "median": 1033.59375, "min": 21.533203125, "var": 2880054}, "spectral_skewness": {"dmean": 0.181179985404, "dmean2": 0.286399036646, "dvar": 0.0360517911613, "dvar2": 0.0849023535848, "max": 5.27646350861, "mean": 1.18354678154, "median": 1.16865253448, "min": -0.583461165428, "var": 0.153377115726}, "spectral_spread": {"dmean": 489119.96875, "dmean2": 743520.25, "dvar": 506391855104, "dvar2": 938263183360, "max": 41204004, "mean": 4826394.5, "median": 4696060.5, "min": 1193326, "var": 1752898469890.0}, "