{"lowlevel": {"average_loudness": 0.837205886841, "barkbands": {"dmean": [1.18865364129e-05, 0.00153800856788, 0.00124740006868, 0.00070510758087, 0.000901863677427, 0.000694699236192, 0.000607292866334, 0.00105158472434, 0.000844023772515, 0.000390643021092, 0.000478319474496, 0.000392491172533, 0.000502183800563, 0.000341205799486, 0.000281159067526, 0.000232970574871, 0.000327640795149, 0.000258690241026, 0.00045256773592, 0.000185848810361, 0.000166810365045, 0.000196660708752, 0.000168175945873, 0.000175879220478, 4.90703714604e-05, 2.94346900773e-05, 3.21935567626e-06], "dmean2": [1.55745801749e-05, 0.00266982452013, 0.00214968295768, 0.00122181116603, 0.0014498118544, 0.00111782096792, 0.000957627547905, 0.00164307910018, 0.00133636943065, 0.000607990659773, 0.000745974190067, 0.000624454929493, 0.000808146374766, 0.000542336958461, 0.000450005551102, 0.000378665805329, 0.000538113352377, 0.00041019852506, 0.000694725080393, 0.000293685006909, 0.000247067335295, 0.000295274890959, 0.000239608809352, 0.000246537529165, 7.04542835592e-05, 4.71443345305e-05, 4.93659081258e-06], "dvar": [5.97985827522e-10, 1.46647280417e-05, 8.40264783619e-06, 2.02329511012e-06, 2.38808979702e-06, 1.35131142542e-06, 1.89384536498e-06, 5.58573401577e-06, 3.39133248417e-06, 5.26799681211e-07, 6.20870423518e-07, 6.94859465966e-07, 1.11047836526e-06, 4.47177711749e-07, 3.14431190418e-07, 2.58611265735e-07, 7.59063425448e-07, 3.09589921699e-07, 1.08939502752e-06, 1.15982878413e-07, 1.27277374418e-07, 2.35429382656e-07, 3.31396392994e-07, 4.2223859964e-07, 2.97257027881e-08, 7.5297839075e-09, 6.34472197003e-11], "dvar2": [1.00187513841e-09, 3.93681875721e-05, 2.31609537877e-05, 5.6173316807e-06, 5.90541230849e-06, 3.26593840327e-06, 4.59123430119e-06, 1.31498381961e-05, 8.07385913504e-06, 1.24372979826e-06, 1.47247806126e-06, 1.64911205047e-06, 2.80947756437e-06, 1.04965124592e-06, 7.6236744917e-07, 6.49891944704e-07, 2.03271247301e-06, 7.29152986878e-07, 2.33033688346e-06, 2.57507792867e-07, 2.55959179185e-07, 5.10469305937e-07, 6.52348774111e-07, 8.81919334006e-07, 6.27742480219e-08, 2.01447551973e-08, 1.60663204962e-10], "max": [0.000294950179523, 0.0350876525044, 0.0323267914355, 0.0186674334109, 0.0248748362064, 0.0212782397866, 0.0307377744466, 0.0435603931546, 0.0451140813529, 0.0363587699831, 0.015876095742, 0.0286287087947, 0.0233903490007, 0.0135892853141, 0.0191306918859, 0.0138501040637, 0.0237706303596, 0.013580320403, 0.0278651025146, 0.00915897078812, 0.00988818891346, 0.0148405758664, 0.0157613828778, 0.0184135995805, 0.0042542819865, 0.00137334049214, 0.000136794697028], "mean": [1.68742644746e-05, 0.00141006929334, 0.00148159766104, 0.000909967173357, 0.00129959569313, 0.00119554216508, 0.00101221515797, 0.00163656345103, 0.00129997241311, 0.000643846404273, 0.000786344869994, 0.00057763728546, 0.000737903465051, 0.00055091700051, 0.000429447303759, 0.000330099777784, 0.00044931404409, 0.000391048088204, 0.000794742198195, 0.000311619718559, 0.000319010083331, 0.000354535935912, 0.000287147209747, 0.000260316184722, 7.43560158298e-05, 3.15605175274e-05, 3.45069361174e-06], "median": [3.92503170588e-06, 0.000430352432886, 0.000671453890391, 0.000522171496414, 0.000690612010658, 0.000649505644105, 0.000471648032544, 0.000613984535448, 0.000535101920832, 0.000370817142539, 0.000456541980384, 0.000261942099314, 0.00033654429717, 0.000249907199759, 0.000216124462895, 0.000145939251524, 0.000206257536775, 0.000145034558955, 0.000291903619654, 0.000158988885232, 0.000167795660673, 0.000164720331668, 7.94122897787e-05, 5.37694540981e-05, 1.67015186889e-05, 8.93663582247e-06, 8.17627665128e-07], "min": [2.12143961397e-23, 2.84836058087e-23, 1.90618929188e-23, 2.77162997388e-23, 4.99017378989e-23, 2.89967377394e-23, 2.0984476318e-23, 9.67962622965e-23, 4.48857626776e-23, 1.2345098876e-22, 6.12231351336e-23, 8.77498578709e-23, 1.52570369126e-22, 4.9508834681e-23, 9.57464966909e-23, 2.64703198136e-22, 1.1827391552e-22, 1.91180086971e-22, 2.78099596164e-22, 2.05209063091e-22, 3.07043824166e-22, 6.07379023732e-22, 6.96264134487e-22, 7.10263802847e-22, 1.56126523795e-21, 1.62513060904e-21, 2.28928999795e-21], "var": [1.07382081005e-09, 1.08234034997e-05, 6.99019528838e-06, 1.83240297247e-06, 3.39538360095e-06, 2.76842570202e-06, 3.20671597365e-06, 1.00393426692e-05, 6.13893917034e-06, 9.41635164509e-07, 1.14349256819e-06, 1.02614353636e-06, 1.60053934906e-06, 9.11836025352e-07, 4.89360331812e-07, 3.28147962136e-07, 7.41329301945e-07, 5.93245033542e-07, 2.91888341053e-06, 2.26030223871e-07, 2.91796652618e-07, 4.34696971752e-07, 6.82477377723e-07, 7.17256341431e-07, 5.39690887535e-08, 6.4423852919e-09, 6.69747521331e-11]}, "barkbands_crest": {"dmean": 2.36771798134, "dmean2": 3.9512193203, "dvar": 4.82126808167, "dvar2": 12.6502199173, "max": 25.1522293091, "mean": 7.12757396698, "median": 6.45024299622, "min": 2.00298404694, "var": 8.78542518616}, "barkbands_flatness_db": {"dmean": 0.0182545185089, "dmean2": 0.0277105066925, "dvar": 0.00027895704261, "dvar2": 0.000661202007905, "max": 0.313225388527, "mean": 0.0915284380317, "median": 0.0873818844557, "min": 0.0240675341338, "var": 0.00094525818713}, "barkbands_kurtosis": {"dmean": 1.14945042133, "dmean2": 1.85047328472, "dvar": 2.8802549839, "dvar2": 7.1417798996, "max": 47.8352928162, "mean": 0.601014018059, "median": -0.059737443924, "min": -1.85807967186, "var": 6.09692335129}, "barkbands_skewness": {"dmean": 0.423895061016, "dmean2": 0.658043801785, "dvar": 0.173799291253, "dvar2": 0.415831297636, "max": 5.48253297806, "mean": 0.840204238892, "median": 0.804658949375, "min": -3.78102970123, "var": 0.546838879585}, "barkbands_spread": {"dmean": 6.38647794724, "dmean2": 9.62439155579, "dvar": 39.0904693604, "dvar2": 86.5048675537, "max": 91.2838363647, "mean": 28.8073158264, "median": 26.9235343933, "min": 1.78148984909, "var": 144.248779297}, "dissonance": {"dmean": 0.016501583159, "dmean2": 0.0276256818324, "dvar": 0.000251550402027, "dvar2": 0.000665745290462, "max": 0.500000119209, "mean": 0.470299124718, "median": 0.475476413965, "min": 0.282476663589, "var": 0.000462480500573}, "dynamic_complexity": 3.58243751526, "erbbands": {"dmean": [0.025516377762, 0.422199577093, 1.37580299377, 1.94352686405, 3.35042643547, 2.44049024582, 3.7174808979, 6.39702224731, 8.00446224213, 13.9282341003, 23.9356937408, 20.9765510559, 12.5155944824, 10.4943857193, 19.6341991425, 18.5858592987, 22.7778968811, 18.7946548462, 13.7303295135, 14.0214452744, 14.2175731659, 14.2098779678, 12.3300943375, 23.0010910034, 17.5994567871, 8.66304111481, 7.30259037018, 6.70652914047, 7.56735134125, 5.0157790184, 5.11088466644, 5.47053527832, 1.68846642971, 0.723451793194, 0.264070153236, 0.0985905304551, 0.0754128843546, 0.00790601875633, 0.000544641108718, 2.56390831055e-05], "dmean2": [0.0413550660014, 0.743424773216, 2.40682339668, 3.31098437309, 5.54512023926, 3.95064973831, 6.05479669571, 10.2248668671, 12.5300064087, 22.1874713898, 37.3908309937, 32.9582824707, 19.790769577, 16.3028507233, 30.6131572723, 29.5971736908, 36.6957359314, 29.8541717529, 21.9713764191, 22.6038722992, 23.2956256866, 22.878320694, 19.6215629578, 34.7846984863, 27.3516635895, 13.5680923462, 11.2027244568, 9.86773681641, 11.3793554306, 7.36821126938, 7.2217206955, 7.80037403107, 2.35739541054, 1.03503191471, 0.384612441063, 0.147793367505, 0.125530347228, 0.0124807748944, 0.000823004113045, 3.69256267732e-05], "dvar": [0.00318999006413, 1.14941239357, 11.3675403595, 16.4914932251, 33.3950500488, 21.4974880219, 49.5020027161, 134.942687988, 388.58505249, 924.731018066, 3468.27734375, 2018.15124512, 730.534240723, 310.118804932, 1143.39306641, 1355.93811035, 2471.27734375, 1242.11230469, 749.076538086, 834.465148926, 1814.51428223, 993.953674316, 507.5262146, 3076.39990234, 1627.6451416, 239.058151245, 200.01612854, 238.455688477, 324.798614502, 230.477676392, 326.72744751, 422.606323242, 36.3917999268, 7.38208055496, 0.698696553707, 0.0758056268096, 0.0637197420001, 0.000492554449011, 1.83126110187e-06, 2.39465869356e-09], "dvar2": [0.00771420728415, 3.14272475243, 31.4226760864, 45.3972969055, 88.6594543457, 50.6794319153, 125.891616821, 325.28225708, 922.192871094, 2244.08935547, 8070.51367188, 4786.61181641, 1815.63122559, 744.153869629, 2687.80761719, 3241.296875, 6349.24560547, 2932.46679688, 1789.90844727, 2034.60644531, 5020.59863281, 2512.36181641, 1217.89477539, 6536.27880859, 3607.47631836, 528.735107422, 453.934753418, 466.201934814, 708.26574707, 491.983947754, 646.295898438, 874.995483398, 73.1532058716, 15.7913579941, 1.4671112299, 0.17404140532, 0.175465494394, 0.00129835668486, 4.67591826236e-06, 5.74061154168e-09], "max": [0.478812724352, 9.64605426788, 34.2969436646, 59.711265564, 97.7671203613, 137.631774902, 180.639373779, 256.360168457, 522.791564941, 806.762817383, 1174.55664062, 1067.23815918, 1167.96435547, 473.904632568, 757.649902344, 1286.48254395, 1286.14038086, 750.952331543, 534.363952637, 1264.22192383, 1359.30834961, 730.133483887, 458.396057129, 1418.38305664, 1411.29589844, 443.072540283, 366.402587891, 458.388824463, 484.952178955, 512.967041016, 515.225463867, 590.942443848, 212.726379395, 73.1477127075, 23.7382278442, 7.28409910202, 4.33106803894, 0.409497708082, 0.0299011413008, 0.000996833085082], "mean": [0.0261091645807, 0.374235063791, 1.49988770485, 2.75291776657, 4.08917760849, 3.62265443802, 5.86444997787, 10.7378225327, 14.0604362488, 22.999420166, 37.5517425537, 33.9673042297, 21.0764865875, 18.9249267578, 33.8794555664, 29.8091983795, 34.6330604553, 32.5914230347, 22.4934501648, 21.7624359131, 20.3153438568, 20.8128986359, 19.7896823883, 40.0402450562, 30.9878883362, 15.1539955139, 12.8605508804, 12.8872394562, 13.3520393372, 8.81399059296, 8.56826210022, 8.0459356308, 2.65481114388, 1.11517047882, 0.382119983435, 0.133574768901, 0.0698603689671, 0.00809491612017, 0.000605020730291, 4.58182330476e-05], "median": [0.00572822522372, 0.122013159096, 0.679254055023, 1.50638628006, 2.15457415581, 1.75675737858, 2.75435996056, 5.48240089417, 6.70104598999, 11.6570110321, 13.4311285019, 14.7498483658, 11.3486337662, 11.534245491, 19.8851528168, 15.855304718, 16.5457019806, 16.4308261871, 11.4728298187, 11.2123689651, 9.61318683624, 10.442653656, 9.23599243164, 12.8941764832, 13.3291406631, 8.01817798615, 6.7974729538, 6.54553365707, 6.26733732224, 3.30366587639, 2.22803401947, 1.61363768578, 0.577195644379, 0.236823529005, 0.0886677950621, 0.0379234962165, 0.0175728294998, 0.00217861193232, 0.000161647010827, 2.81832872133e-05], "min": [6.08110228371e-22, 6.96742954124e-21, 1.59834187215e-20, 7.28479095418e-20, 1.82159349277e-19, 1.26103542212e-19, 1.46138140991e-19, 2.46159127526e-19, 1.58473988864e-19, 7.47284271162e-19, 2.61823405427e-18, 8.67051338464e-19, 1.79375087769e-18, 4.81711690289e-18, 3.0013332424e-18, 4.25396737878e-18, 6.62502476997e-18, 2.01456136554e-18, 4.39833190236e-18, 8.69501571515e-18, 1.23213167908e-17, 6.9820760406e-18, 1.0575208828e-17, 8.71145675701e-18, 1.80135883002e-17, 1.03139620295e-17, 9.31291797837e-18, 1.54325631046e-17, 1.87763017645e-17, 2.14881472283e-17, 2.12175334366e-17, 1.68696802311e-17, 1.2107259819e-17, 1.49467483503e-17, 1.19731515079e-17, 6.31467942544e-18, 3.12806392968e-18, 1.265023234e-18, 3.11161797644e-19, 3.40642605149e-20], "var": [0.00326718855649, 0.792684912682, 8.38482189178, 15.9458866119, 35.1822280884, 35.4395484924, 90.138168335, 259.596740723, 677.129821777, 1596.61132812, 6069.70117188, 3773.0625, 1226.09350586, 602.192321777, 2202.82421875, 2074.46166992, 3317.24633789, 2768.05908203, 1242.7232666, 1189.64929199, 1646.60949707, 1183.91442871, 890.09954834, 7774.45654297, 4063.89697266, 493.323913574, 414.142822266, 527.554199219, 585.756896973, 413.990814209, 654.324768066, 724.095397949, 68.9798278809, 12.9928007126, 1.3149523735, 0.117625363171, 0.0446378849447, 0.000418794050347, 1.96470386982e-06, 3.47328943384e-09]}, "erbbands_crest": {"dmean": 2.59176683426, "dmean2": 4.14961719513, "dvar": 5.88140583038, "dvar2": 14.2895927429, "max": 30.8678894043, "mean": 8.03926753998, "median": 7.19100284576, "min": 2.46162676811, "var": 13.1674947739}, "erbbands_flatness_db": {"dmean": 0.0178428143263, "dmean2": 0.0249095894396, "dvar": 0.000274005607935, "dvar2": 0.000518526765518, "max": 0.356300860643, "mean": 0.149874448776, "median": 0.147877529263, "min": 0.033503908664, "var": 0.00116201350465}, "erbbands_kurtosis": {"dmean": 0.661958634853, "dmean2": 1.04873406887, "dvar": 0.748889327049, "dvar2": 1.77595734596, "max": 18.2023468018, "mean": -0.064515247941, "median": -0.363687515259, "min": -1.7496932745, "var": 1.48562717438}, "erbbands_skewness": {"dmean": 0.352070331573, "dmean2": 0.53120547533, "dvar": 0.098405405879, "dvar2": 0.218585073948, "max": 3.26510953903, "mean": 0.181427404284, "median": 0.190398156643, "min": -3.22146320343, "var": 0.384710490704}, "erbbands_spread": {"dmean": 7.21850013733, "dmean2": 11.1400527954, "dvar": 44.8456039429, "dvar2": 100.83379364, "max": 110.856803894, "mean": 38.2588615417, "median": 36.5204658508, "min": 4.38639974594, "var": 190.257843018}, "gfcc": {"cov": [[16332.1894531, -233.493347168, -871.007873535, 537.33807373, -309.589050293, 124.176628113, -128.743362427, 82.1949005127, -191.9737854, -23.7309494019, -67.4329376221, -72.33177948, -244.337890625], [-233.493347168, 1066.9576416, -17.3086147308, 99.4552001953, 284.366546631, 23.9046783447, 225.164123535, 45.7652397156, 130.402297974, 10.6639890671, 39.8688049316, -27.6705322266, 22.5345001221], [-871.007873535, -17.3086147308, 572.09765625, 141.198348999, 125.242248535, 149.517547607, 55.2268753052, 39.0885696411, 15.0447731018, 13.5911493301, -33.7075881958, 13.5038337708, -14.9329147339], [537.33807373, 99.4552001953, 141.198348999, 338.783538818, 106.479881287, 97.7330322266, 63.1811294556, 51.3533325195, 23.8337497711, 0.6867005229, 18.1842727661, -46.0759506226, -14.5240278244], [-309.589050293, 284.366546631, 125.242248535, 106.479881287, 357.578674316, 51.3181266785, 118.599235535, 61.8858947754, 62.9543380737, 26.3303508759, -8.41973686218, 17.0254039764, -3.94421863556], [124.176628113, 23.9046783447, 149.517547607, 97.7330322266, 51.3181266785, 209.230072021, 66.5790405273, 56.5427017212, 33.9557609558, 11.263715744, 5.39253234863, -15.0482788086, 3.00605916977], [-128.743362427, 225.164123535, 55.2268753052, 63.1811294556, 118.599235535, 66.5790405273, 204.836776733, 69.599281311, 51.5157585144, 26.6890583038, 6.79288291931, 2.19273400307, -19.1880168915], [82.1949005127, 45.7652397156, 39.0885696411, 51.3533325195, 61.8858947754, 56.5427017212, 69.599281311, 131.260101318, 59.1928405762, 24.207983017, 19.7470397949, -10.809431076, -1.08656024933], [-191.9737854, 130.402297974, 15.0447731018, 23.8337497711, 62.9543380737, 33.9557609558, 51.5157585144, 59.1928405762, 111.325454712, 44.9152946472, 12.7170248032, -4.26925468445, 7.4296207428], [-23.7309494019, 10.6639890671, 13.5911493301, 0.6867005229, 26.3303508759, 11.263715744, 26.6890583038, 24.207983017, 44.9152946472, 86.9142379761, 31.4635925293, 9.87107658386, -3.50048732758], [-67.4329376221, 39.8688049316, -33.7075881958, 18.1842727661, -8.41973686218, 5.39253234863, 6.79288291931, 19.7470397949, 12.7170248032, 31.4635925293, 89.2235336304, 10.3309659958, 13.6997289658], [-72.33177948, -27.6705322266, 13.5038337708, -46.0759506226, 17.0254039764, -15.0482788086, 2.19273400307, -10.809431076, -4.26925468445, 9.87107658386, 10.3309659958, 84.1591339111, 20.7929019928], [-244.337890625, 22.5345001221, -14.9329147339, -14.5240278244, -3.94421863556, 3.00605916977, -19.1880168915, -1.08656024933, 7.4296207428, -3.50048732758, 13.6997289658, 20.7929019928, 73.9938049316]], "icov": [[0.000106506740849, -9.74888680503e-05, 0.000312050571665, -0.000331655290211, 0.000147552127601, -0.000250079639954, 0.000267072930001, -0.000311830168357, 0.000391243927879, -0.00030224758666, 0.000416196475271, -0.000399098498747, 0.000443478871603], [-9.74888680503e-05, 0.00200841133483, -0.000186685501831, 0.000396052811993, -0.00128808885347, 0.000774495129008, -0.0021914257668, 0.00186845625285, -0.0024608396925, 0.00188434717711, -0.00184546364471, 0.00173206045292, -0.00134328578133], [0.000312050571665, -0.000186685501831, 0.00348875462078, -0.00172509462573, -0.000107918800495, -0.00232452107593, 0.00105489511043, -0.00100037013181, 0.00159756501671, -0.00156191422138, 0.00258570979349, -0.00233084382489, 0.00174224982038], [-0.000331655290211, 0.000396052811993, -0.00172509462573, 0.00545031530783, -0.00156778527889, -0.000162257914781, -0.0012049539946, 0.000841262168251, -0.00112230901141, 0.0019767973572, -0.00323530542664, 0.00393113261089, -0.00117066898383], [0.000147552127601, -0.00128808885347, -0.000107918800495, -0.00156778527889, 0.0050571677275, -0.000112347050162, -0.000148525228724, -0.00177710747812, 0.000473313266411, -0.0015520604793, 0.00250659417361, -0.00274025951512, 0.000944527040701], [-0.000250079639954, 0.000774495129008, -0.00232452107593, -0.000162257914781, -0.000112347050162, 0.00803984887898, -0.00267486670054, -0.000219113338972, -0.00212482619099, 0.00140065432061, -0.00168445589952, 0.00242293137126, -0.00268149096519], [0.000267072930001, -0.0021914257668, 0.00105489511043, -0.0012049539946, -0.000148525228724, -0.00267486670054, 0.0102401841432, -0.00454594707116, 0.00209798105061, -0.0027425668668, 0.00260803638957, -0.00359878223389, 0.00440316833556], [-0.000311830168357, 0.00186845625285, -0.00100037013181, 0.000841262168251, -0.00177710747812, -0.000219113338972, -0.00454594707116, 0.0143443085253, -0.00761279975995, 0.00294691533782, -0.00467486632988, 0.00356550328434, -0.00192213221453], [0.000391243927879, -0.0024608396925, 0.00159756501671, -0.00112230901141, 0.000473313266411, -0.00212482619099, 0.00209798105061, -0.00761279975995, 0.0194293446839, -0.00988370552659, 0.00482724187896, -0.00123048434034, -0.000279119441984], [-0.00030224758666, 0.00188434717711, -0.00156191422138, 0.0019767973572, -0.0015520604793, 0.00140065432061, -0.0027425668668, 0.00294691533782, -0.00988370552659, 0.0199119560421, -0.0085865072906, 0.000669939036015, 0.00102921866346], [0.000416196475271, -0.00184546364471, 0.00258570979349, -0.00323530542664, 0.00250659417361, -0.00168445589952, 0.00260803638957, -0.00467486632988, 0.00482724187896, -0.0085865072906, 0.0180944744498, -0.0048182993196, -0.00025419917074], [-0.000399098498747, 0.00173206045292, -0.00233084382489, 0.00393113261089, -0.00274025951512, 0.00242293137126, -0.00359878223389, 0.00356550328434, -0.00123048434034, 0.000669939036015, -0.0048182993196, 0.0182957649231, -0.00676344381645], [0.000443478871603, -0.00134328578133, 0.00174224982038, -0.00117066898383, 0.000944527040701, -0.00268149096519, 0.00440316833556, -0.00192213221453, -0.000279119441984, 0.00102921866346, -0.00025419917074, -0.00676344381645, 0.0188072416931]], "mean": [-7.5120716095, 68.8592224121, -134.632598877, 25.7634620667, -70.7822723389, 10.7731456757, -33.095867157, 3.31296515465, -23.4438438416, 0.989747285843, -16.4442234039, -1.75731575489, -20.1156196594]}, "hfc": {"dmean": 9.13337802887, "dmean2": 12.8637046814, "dvar": 228.755966187, "dvar2": 448.75012207, "max": 418.033874512, "mean": 24.0103168488, "median": 16.253200531, "min": 1.23068368287e-16, "var": 681.117431641}, "melbands": {"dmean": [0.000330688984832, 0.00066997401882, 0.000367656088201, 0.00021131754329, 0.000123113393784, 0.000142365388456, 0.000119921227451, 0.000165757635841, 0.000197367597139, 0.000123588382849, 6.15644530626e-05, 4.29861283919e-05, 6.71034285915e-05, 4.97381151945e-05, 4.87384349981e-05, 4.48763494205e-05, 3.75495947083e-05, 2.33584123635e-05, 1.73041153175e-05, 1.97670833586e-05, 1.87775294762e-05, 1.51579806698e-05, 1.59298542712e-05, 1.15587217806e-05, 2.07870107261e-05, 1.76124849531e-05, 8.14529812487e-06, 5.64852234675e-06, 4.92034450872e-06, 4.34075809608e-06, 4.11626069763e-06, 4.75097658637e-06, 3.63978665519e-06, 2.55740906141e-06, 2.73738623946e-06, 4.03620697398e-06, 3.0877295103e-06, 1.24621533359e-06, 8.56473604927e-07, 5.49438937014e-07], "dmean2": [0.000563066452742, 0.00116824870929, 0.000623402767815, 0.00034057899029, 0.000200776878046, 0.000227778305998, 0.000187503756024, 0.000262926623691, 0.000309697643388, 0.000194882799406, 9.75221191766e-05, 6.70413937769e-05, 0.000104752536572, 7.86635209806e-05, 7.80098853284e-05, 7.20954340068e-05, 5.99288650847e-05, 3.74043156626e-05, 2.76576101896e-05, 3.22102423524e-05, 3.12314950861e-05, 2.46192939812e-05, 2.61974910245e-05, 1.81730229087e-05, 3.16085133818e-05, 2.7805521313e-05, 1.271290148e-05, 9.04197077034e-06, 7.84692656453e-06, 6.54384257359e-06, 6.24688527751e-06, 7.23809353076e-06, 5.50227196072e-06, 3.79372772841e-06, 3.89774504583e-06, 5.87808835917e-06, 4.43981161879e-06, 1.78296386366e-06, 1.2467093029e-06, 8.00673149115e-07], "dvar": [6.21738877271e-07, 2.70824216386e-06, 4.81604672586e-07, 1.39383757869e-07, 5.47452145838e-08, 6.39072368358e-08, 7.92257779381e-08, 1.22612988207e-07, 2.2485538409e-07, 7.17206845025e-08, 1.83168644696e-08, 5.65222979532e-09, 1.26125785371e-08, 8.01735122735e-09, 1.04451034488e-08, 9.41402777954e-09, 5.23082510639e-09, 2.26981300422e-09, 1.5500173367e-09, 1.68048552851e-09, 4.74281280916e-09, 1.57935653444e-09, 1.10664755137e-09, 5.8425009275e-10, 2.79134315662e-09, 1.8782859712e-09, 2.92310592398e-10, 1.03670544371e-10, 8.93717252981e-11, 9.39209543471e-11, 9.98784666084e-11, 1.2153295037e-10, 9.67615709779e-11, 7.13084730153e-11, 9.35156604931e-11, 2.33987412779e-10, 1.46226281084e-10, 2.1350407553e-11, 1.14493544853e-11, 4.13591383364e-12], "dvar2": [1.61007733368e-06, 7.40988161851e-06, 1.3224655504e-06, 3.4906256019e-07, 1.3999596149e-07, 1.53903059186e-07, 1.86928431845e-07, 3.00641971762e-07, 5.22420862126e-07, 1.7209742964e-07, 4.53718413951e-08, 1.34427775578e-08, 3.0061176659e-08, 1.95607423592e-08, 2.57224304079e-08, 2.28572325511e-08, 1.23847421207e-08, 5.39009459288e-09, 3.68523012106e-09, 4.04100486406e-09, 1.33916140399e-08, 4.2220360541e-09, 2.71022271292e-09, 1.34641398031e-09, 6.0069083041e-09, 4.18854728679e-09, 6.39637232069e-10, 2.39737035779e-10, 2.1794935301e-10, 1.93739468912e-10, 2.11668307881e-10, 2.70525241097e-10, 2.13330769716e-10, 1.58655699689e-10, 1.94285851296e-10, 4.72425432108e-10, 3.17787435256e-10, 4.44460371285e-11, 2.53437184433e-11, 9.03765343813e-12], "max": [0.00701732514426, 0.0151355545968, 0.0093243625015, 0.00620288494974, 0.00671167345718, 0.00504037132487, 0.00727843726054, 0.00858700089157, 0.00983974337578, 0.00573870399967, 0.00611283630133, 0.00191159266979, 0.00222638552077, 0.00255822530016, 0.0032585139852, 0.0019762259908, 0.00169036351144, 0.00110672856681, 0.00147525791544, 0.00123378064018, 0.00228080200031, 0.00112184521277, 0.000597559905145, 0.000654071453027, 0.00135780207347, 0.00168007356115, 0.000543074507732, 0.000268046511337, 0.000224934279686, 0.000291675212793, 0.000366788415704, 0.000271516211797, 0.000319155340549, 0.000282041059108, 0.000298405415379, 0.000451157451607, 0.000350305985194, 0.000187356272363, 0.000103357881017, 4.47883612651e-05], "mean": [0.000314840872306, 0.000714184134267, 0.000520538131241, 0.000280563719571, 0.000197525296244, 0.000241877962253, 0.00021253999148, 0.000268957141088, 0.0003080345341, 0.000194856867893, 9.86254235613e-05, 7.16306531103e-05, 0.000110670138383, 7.93290237198e-05, 7.48903548811e-05, 6.72776950523e-05, 6.11540235695e-05, 3.57194985554e-05, 2.62422527157e-05, 2.88762421405e-05, 2.42979949689e-05, 2.12980212382e-05, 2.10410526051e-05, 1.84243672265e-05, 3.43441424775e-05, 2.88791998173e-05, 1.37263150464e-05, 8.96945675777e-06, 7.82034567237e-06, 7.75093940319e-06, 7.4554677667e-06, 7.93598246673e-06, 6.17951900495e-06, 4.25488178735e-06, 4.44041688752e-06, 6.12653184362e-06, 4.31002899859e-06, 1.88303306459e-06, 1.27473958855e-06, 8.14422207895e-07], "median": [8.77988495631e-05, 0.000335660122801, 0.000343810737832, 0.000143148354255, 9.46231084527e-05, 0.000125950784422, 0.000101707395515, 0.000133505280246, 0.000107795269287, 8.37435873109e-05, 5.04177223775e-05, 3.94265189243e-05, 6.4697524067e-05, 4.33733475802e-05, 3.84983359254e-05, 3.00819156109e-05, 2.79568448605e-05, 1.70330040419e-05, 1.26954291773e-05, 1.42373737617e-05, 9.75335115072e-06, 1.03977217805e-05, 8.53919755173e-06, 7.03032901583e-06, 9.75389684754e-06, 1.08365475171e-05, 6.35802007309e-06, 4.57125634057e-06, 3.83906171919e-06, 3.8990124267e-06, 3.63668095815e-06, 3.68841801901e-06, 2.59491184806e-06, 1.43464149005e-06, 1.16782825899e-06, 1.2629595858e-06, 8.04724322734e-07, 3.78764980269e-07, 2.67626973027e-07, 1.63745426107e-07], "min": [7.40237412289e-24, 9.77698744257e-24, 1.52690212875e-23, 1.31163539835e-23, 4.48223114396e-24, 5.33238062506e-24, 3.06252625866e-24, 1.01479484944e-23, 2.07916329588e-23, 4.72974138057e-24, 9.30011155903e-24, 2.03125482648e-23, 8.56839337121e-24, 8.98204363091e-24, 2.170940478e-23, 7.54753794009e-24, 3.30379443614e-24, 6.67381690071e-24, 8.41826446347e-24, 1.49669254261e-23, 1.48203818912e-23, 5.73313498112e-24, 9.41144665403e-24, 9.1533282104e-24, 5.94173189256e-24, 1.28197343945e-23, 1.03892026696e-23, 6.11768534532e-24, 5.35805015891e-24, 7.28416173852e-24, 9.13379601439e-24, 8.10538408466e-24, 1.61167959028e-23, 1.03399643385e-23, 1.22322057807e-23, 1.14211968167e-23, 9.23614992798e-24, 7.55333922319e-24, 1.02950252993e-23, 1.29068743367e-23], "var": [5.11354414812e-07, 1.98128805096e-06, 4.67391515713e-07, 1.74234116912e-07, 9.84030705808e-08, 1.26939156075e-07, 1.45197290635e-07, 2.16014399257e-07, 3.97210385472e-07, 1.28335827299e-07, 3.03119911393e-08, 1.06084625529e-08, 2.28128733681e-08, 1.27867885169e-08, 1.45928567008e-08, 1.49371413016e-08, 1.12381712825e-08, 3.66452934664e-09, 2.33167529728e-09, 2.22884266599e-09, 3.77674114205e-09, 1.52898183003e-09, 1.49362067159e-09, 1.23560739418e-09, 6.55611787082e-09, 4.53013448976e-09, 5.93688764816e-10, 1.85725101964e-10, 1.57441379378e-10, 1.99127492273e-10, 1.9294051079e-10, 2.07648412354e-10, 1.63978775003e-10, 1.19274257138e-10, 1.74779329898e-10, 4.31422481073e-10, 2.24119389713e-10, 3.74026989935e-11, 1.81709942232e-11, 7.16051783839e-12]}, "melbands_crest": {"dmean": 3.31825208664, "dmean2": 5.48376750946, "dvar": 8.60142421722, "dvar2": 22.7953739166, "max": 30.4042568207, "mean": 10.685382843, "median": 9.88943195343, "min": 2.18040537834, "var": 16.679523468}, "melbands_flatness_db": {"dmean": 0.0244284532964, "dmean2": 0.0373986661434, "dvar": 0.000533872924279, "dvar2": 0.00126030528918, "max": 0.412177741528, "mean": 0.135928541422, "median": 0.131060555577, "min": 0.00722754141316, "var": 0.00211209268309}, "melbands_kurtosis": {"dmean": 3.16101813316, "dmean2": 5.16187286377, "dvar": 24.5327949524, "dvar2": 63.0819740295, "max": 107.687255859, "mean": 5.0959186554, "median": 3.34178256989, "min": -1.80189490318, "var": 54.4148483276}, "melbands_skewness": {"dmean": 0.557825148106, "dmean2": 0.886447250843, "dvar": 0.35211071372, "dvar2": 0.881386458874, "max": 8.53074645996, "mean": 1.78929626942, "median": 1.65536522865, "min": -1.75151455402, "var": 0.874909579754}, "melbands_spread": {"dmean": 10.6044473648, "dmean2": 15.9882335663, "dvar": 169.069992065, "dvar2": 340.83972168, "max": 196.263366699, "mean": 37.0160484314, "median": 32.1634368896, "min": 1.31629943848, "var": 531.579650879}, "mfcc": {"cov": [[10314.3613281, 232.956359863, -159.68598938, 343.811553955, -59.9973602295, 56.6200065613, 19.6367759705, 47.063709259, -172.887588501, 81.7380981445, 55.8428955078, -55.0335845947, -122.089225769], [232.956359863, 1102.70300293, -180.63458252, 158.441726685, 34.7346305847, 108.553565979, 60.9356231689, 96.6834030151, 110.539360046, 33.41746521, 55.7573509216, 64.5009994507, 51.7942504883], [-159.68598938, -180.63458252, 454.655456543, 9.53102493286, 62.1275215149, 76.1085968018, 47.6363601685, 39.8574256897, 20.2924175262, 32.2038078308, -12.2619781494, 16.4701099396, 6.30461168289], [343.811553955, 158.441726685, 9.53102493286, 282.951446533, 88.8478164673, 68.719581604, 68.9166107178, 54.4766235352, 36.5227241516, 47.8894767761, 43.4643173218, 7.03878736496, 3.92424631119], [-59.9973602295, 34.7346305847, 62.1275215149, 88.8478164673, 229.674499512, 60.8763504028, 46.9951477051, 37.9537849426, 60.1702194214, 29.0677280426, 3.27179455757, 30.5569591522, 21.2009372711], [56.6200065613, 108.553565979, 76.1085968018, 68.719581604, 60.8763504028, 165.678268433, 60.8382873535, 55.6547966003, 44.4911994934, 38.1868438721, 16.4674568176, 11.8688001633, 11.9740428925], [19.6367759705, 60.9356231689, 47.6363601685, 68.9166107178, 46.9951477051, 60.8382873535, 142.600601196, 67.1274795532, 40.5301589966, 32.5930595398, 38.930896759, 21.5218505859, 15.0287351608], [47.063709259, 96.6834030151, 39.8574256897, 54.4766235352, 37.9537849426, 55.6547966003, 67.1274795532, 126.739212036, 62.5653953552, 31.9978313446, 20.2101306915, 22.8587188721, 13.3838605881], [-172.887588501, 110.539360046, 20.2924175262, 36.5227241516, 60.1702194214, 44.4911994934, 40.5301589966, 62.5653953552, 136.303878784, 46.3525047302, 19.6288433075, 40.3723907471, 24.4844493866], [81.7380981445, 33.41746521, 32.2038078308, 47.8894767761, 29.0677280426, 38.1868438721, 32.5930595398, 31.9978313446, 46.3525047302, 114.637741089, 55.1860542297, 11.8711051941, 7.54747676849], [55.8428955078, 55.7573509216, -12.2619781494, 43.4643173218, 3.27179455757, 16.4674568176, 38.930896759, 20.2101306915, 19.6288433075, 55.1860542297, 108.830505371, 25.0073223114, 1.54280722141], [-55.0335845947, 64.5009994507, 16.4701099396, 7.03878736496, 30.5569591522, 11.8688001633, 21.5218505859, 22.8587188721, 40.3723907471, 11.8711051941, 25.0073223114, 99.1479110718, 39.5403747559], [-122.089225769, 51.7942504883, 6.30461168289, 3.92424631119, 21.2009372711, 11.9740428925, 15.0287351608, 13.3838605881, 24.4844493866, 7.54747676849, 1.54280722141, 39.5403747559, 77.7822418213]], "icov": [[0.000109696666186, -1.44008645293e-05, 4.23017627327e-05, -0.000138656469062, 3.99307609769e-05, -2.79434516415e-05, 2.74777212326e-05, -9.43629929679e-05, 0.00024236777972, -0.000143456141814, 6.84951810399e-05, -8.66923728609e-05, 0.000170022947714], [-1.44008645293e-05, 0.00129605573602, 0.000647627166472, -0.000522928894497, 0.000288870447548, -0.000785814481787, 0.000194557898794, -0.000420201278757, -0.000651716138236, 0.000362214748748, -0.000223534734687, -0.000401593744755, -0.000456212292193], [4.23017627327e-05, 0.000647627166472, 0.00291785364971, 7.94717634562e-05, -0.000293972931104, -0.00131218368188, -0.000451851054095, -0.000560831977054, 0.000354530988261, -0.000801541784313, 0.000935247342568, -0.000778795103543, 0.000204095224035], [-0.000138656469062, -0.000522928894497, 7.94717634562e-05, 0.0052237729542, -0.00169269088656, -0.00053869036492, -0.0010978555074, -0.000548389041796, 0.000393935566535, -0.000627232540864, -0.00108340627048, 0.000941903912462, 0.000190900856978], [3.99307609769e-05, 0.000288870447548, -0.000293972931104, -0.00169269088656, 0.00602263445035, -0.00102672271896, -0.000581593369134, 0.000517318199854, -0.00177165062632, -0.000242032518145, 0.00127438094933, -0.00116057065316, -0.000334748212481], [-2.79434516415e-05, -0.000785814481787, -0.00131218368188, -0.00053869036492, -0.00102672271896, 0.00912153255194, -0.00180738512427, -0.00121083564591, -0.000365308922483, -0.00126183603425, 0.000509919598699, 0.000890634895768, -0.000179277543793], [2.74777212326e-05, 0.000194557898794, -0.000451851054095, -0.0010978555074, -0.000581593369134, -0.00180738512427, 0.0113016432151, -0.00415658485144, -6.6563729888e-06, 0.000759295478929, -0.00308829802088, 5.82318498346e-05, -0.00106601603329], [-9.43629929679e-05, -0.000420201278757, -0.000560831977054, -0.000548389041796, 0.000517318199854, -0.00121083564591, -0.00415658485144, 0.01331609115, -0.00420694053173, -0.00023403952946, 0.000551676377654, -0.000334133772412, 0.000267944153165], [0.00024236777972, -0.000651716138236, 0.000354530988261, 0.000393935566535, -0.00177165062632, -0.000365308922483, -6.6563729888e-06, -0.00420694053173, 0.012970619835, -0.00410989392549, 0.00143621908501, -0.00307043897919, -0.000121673787362], [-0.000143456141814, 0.000362214748748, -0.000801541784313, -0.000627232540864, -0.000242032518145, -0.00126183603425, 0.000759295478929, -0.00023403952946, -0.00410989392549, 0.0144567480311, -0.00706420652568, 0.00222671008669, -0.00131685961969], [6.84951810399e-05, -0.000223534734687, 0.000935247342568, -0.00108340627048, 0.00127438094933, 0.000509919598699, -0.00308829802088, 0.000551676377654, 0.00143621908501, -0.00706420652568, 0.0149667654186, -0.00428756978363, 0.0024272184819], [-8.66923728609e-05, -0.000401593744755, -0.000778795103543, 0.000941903912462, -0.00116057065316, 0.000890634895768, 5.82318498346e-05, -0.000334133772412, -0.00307043897919, 0.00222671008669, -0.00428756978363, 0.0153779760003, -0.00660943612456], [0.000170022947714, -0.000456212292193, 0.000204095224035, 0.000190900856978, -0.000334748212481, -0.000179277543793, -0.00106601603329, 0.000267944153165, -0.000121673787362, -0.00131685961969, 0.0024272184819, -0.00660943612456, 0.017157420516]], "mean": [-638.326416016, 97.1881103516, -10.8608865738, 13.8155946732, -13.8331251144, 4.58144664764, -4.89057540894, 2.89652109146, -7.16861009598, 1.66606485844, 0.259721517563, 1.23761558533, -3.25057482719]}, "pitch_salience": {"dmean": 0.0689674317837, "dmean2": 0.111541539431, "dvar": 0.00351651082747, "dvar2": 0.00932216551155, "max": 0.870682954788, "mean": 0.59010386467, "median": 0.593982875347, "min": 0.166567593813, "var": 0.00832603219897}, "silence_rate_20dB": {"dmean": 0, "dmean2": 0, "dvar": 0, "dvar2": 0, "max": 1, "mean": 1, "median": 1, "min": 1, "var": 0}, "silence_rate_30dB": {"dmean": 0, "dmean2": 0, "dvar": 0, "dvar2": 0, "max": 1, "mean": 1, "median": 1, "min": 1, "var": 0}, "silence_rate_60dB": {"dmean": 0.0124064171687, "dmean2": 0.0248154886067, "dvar": 0.0122515140101, "dvar2": 0.0282623134553, "max": 1, "mean": 0.0851245820522, "median": 0, "min": 0, "var": 0.0778794139624}, "spectral_centroid": {"dmean": 310.090179443, "dmean2": 462.098297119, "dvar": 93276.8203125, "dvar2": 182709.28125, "max": 11548.6972656, "mean": 1806.35571289, "median": 1756.47021484, "min": 218.911376953, "var": 389428.4375}, "spectral_complexity": {"dmean": 4.95850276947, "dmean2": 7.22515773773, "dvar": 29.6197566986, "dvar2": 60.5449829102, "max": 60, "mean": 21.680355072, "median": 20, "min": 0, "var": 125.282241821}, "spectral_contrast_coeffs": {"dmean": [0.0560439676046, 0.0465147569776, 0.0410652831197, 0.0336056910455, 0.0239580310881, 0.0194232333452], "dmean2": [0.0909298360348, 0.0761688798666, 0.065710939467, 0.0540003739297, 0.0379872508347, 0.0296400599182], "dvar": [0.00210837461054, 0.0014468699228, 0.00112367211841, 0.000729899329599, 0.000428438332165, 0.000293773220619], "dvar2": [0.00537090515718, 0.00376685266383, 0.00279573048465, 0.00177258357871, 0.00100212544203, 0.000636553682853], "max": [-0.311271250248, -0.436891824007, -0.527657151222, -0.545853316784, -0.529721021652, -0.546129465103], "mean": [-0.631329298019, -0.737097918987, -0.749868690968, -0.769585371017, -0.783443927765, -0.732591450214], "median": [-0.637661278248, -0.740546226501, -0.751519560814, -0.772832632065, -0.787887811661, -0.729555368423], "min": [-0.963321983814, -0.988594830036, -0.962780535221, -0.959620654583, -0.95656388998, -0.961228191853], "var": [0.00754990288988, 0.00460711913183, 0.00373082910664, 0.0031103384681, 0.00243349792436, 0.0020479618106]}, "spectral_contrast_valleys": {"dmean": [0.519597113132, 0.341006994247, 0.357251137495, 0.348661214113, 0.326724469662, 0.336121559143], "dmean2": [0.795566380024, 0.548826098442, 0.560087800026, 0.518189668655, 0.465711534023, 0.409350425005], "dvar": [0.235643804073, 0.0957494080067, 0.111123554409, 0.121118530631, 0.143498435616, 0.143492564559], "dvar2": [0.443277418613, 0.212672442198, 0.236616522074, 0.234194293618, 0.287944257259, 0.239415496588], "max": [-5.50673389435, -4.85095834732, -5.27172374725, -5.77350187302, -5.26313495636, -7.07223844528], "mean": [-8.10028171539, -6.78796672821, -7.35413217545, -7.74498987198, -7.46879196167, -10.0461301804], "median": [-7.73263549805, -6.56249856949, -7.13578701019, -7.52718400955, -7.2321267128, -9.83798217773], "min": [-27.4688739777, -27.6719741821, -27.4762897491, -27.519159317, -27.2561779022, -27.1889419556], "var": [2.03095507622, 1.56197798252, 1.64619076252, 1.67858946323, 1.76429593563, 1.81683528423]}, "spectral_decrease": {"dmean": 1.55819979142e-09, "dmean2": 2.40369080196e-09, "dvar": 4.76051003844e-18, "dvar2": 1.13658437739e-17, "max": 8.7996304901e-29, "mean": -4.08503453286e-09, "median": -3.40367245499e-09, "min": -2.15328768149e-08, "var": 9.34953312818e-18}, "spectral_energy": {"dmean": 0.00650485046208, "dmean2": 0.00991324987262, "dvar": 7.73157953518e-05, "dvar2": 0.000181324285222, "max": 0.0861786678433, "mean": 0.0175956748426, "median": 0.0145597746596, "min": 1.08305374853e-20, "var": 0.000170008992427}, "spectral_energyband_high": {"dmean": 0.000749776896555, "dmean2": 0.00102923100349, "dvar": 3.13375153382e-06, "dvar2": 5.63082812732e-06, "max": 0.0568759441376, "mean": 0.00147660158109, "median": 0.000670995737892, "min": 7.69802954713e-21, "var": 7.71014674683e-06}, "spectral_energyband_low": {"dmean": 0.00281608244404, "dmean2": 0.00470799766481, "dvar": 4.06574836234e-05, "dvar2": 0.000106201885501, "max": 0.0618873313069, "mean": 0.00342531665228, "median": 0.00178473908454, "min": 6.62447964643e-23, "var": 3.53493633156e-05}, "spectral_energyband_middle_high": {"dmean": 0.00215150159784, "dmean2": 0.00324271898717, "dvar": 9.50301637204e-06, "dvar2": 2.14897299884e-05, "max": 0.0572861135006, "mean": 0.00568952504545, "median": 0.00411641737446, "min": 1.50892980736e-21, "var": 2.86732320092e-05}, "spectral_energyband_middle_low": {"dmean": 0.00306751648895, "dmean2": 0.00485025951639, "dvar": 1.62096748682e-05, "dvar2": 3.94023445551e-05, "max": 0.0543602257967, "mean": 0.0076568769291, "median": 0.00604279898107, "min": 2.83546522942e-22, "var": 4.06484723499e-05}, "spectral_entropy": {"dmean": 0.136534109712, "dmean2": 0.190297856927, "dvar": 0.0184683594853, "dvar2": 0.0346701480448, "max": 9.80131626129, "mean": 7.82906579971, "median": 7.84468173981, "min": 5.3618221283, "var": 0.0955886691809}, "spectral_flux": {"dmean": 0.0202579274774, "dmean2": 0.0300943832844, "dvar": 0.000587571063079, "dvar2": 0.00111649150494, "max": 0.269815474749, "mean": 0.0747950002551, "median": 0.0692625716329, "min": 1.04069870777e-10, "var": 0.00167089374736}, "spectral_kurtosis": {"dmean": 0.981589019299, "dmean2": 1.62524497509, "dvar": 1.43021845818, "dvar2": 3.88797020912, "max": 25.5613918304, "mean": 2.99097847939, "median": 2.72068071365, "min": -1.21377635002, "var": 3.76254844666}, "spectral_rms": {"dmean": 0.000697580864653, "dmean2": 0.00103119271807, "dvar": 6.49078572224e-07, "dvar2": 1.43674526498e-06, "max": 0.0091693373397, "mean": 0.00382194598205, "median": 0.00376890669577, "min": 3.25059640663e-12, "var": 2.55925942838e-06}, "spectral_rolloff": {"dmean": 739.397277832, "dmean2": 1170.84558105, "dvar": 1019186, "dvar2": 1928821.875, "max": 19121.484375, "mean": 2458.07080078, "median": 1981.0546875, "min": 107.666015625, "var": 2943276.75}, "spectral_skewness": {"dmean": 0.171033814549, "dmean2": 0.271130055189, "dvar": 0.0306825786829, "dvar2": 0.0751108601689, "max": 3.88507533073, "mean": 1.21785581112, "median": 1.20062410831, "min": -0.0275358483195, "var": 0.12335614115}, "spectral_spread": {"dmean": 506332.78125, "dmean2": 706617.4375, "dvar": 398929231872, "dvar2": 660388184064, "max": 39920964, "mean": 4696112, "median": 4476999, "min": 1733819.75, "var": 1888553664510.0}, "spectral_strongpeak": {"dmean": 0.670713245869, "dmean2":