{"lowlevel": {"average_loudness": 0.899390161037, "barkbands": {"dmean": [5.53573081561e-05, 0.000813192280475, 0.00129478168674, 0.00102868978865, 0.000999046838842, 0.000464804528747, 0.000575190701056, 0.00045501004206, 0.000727614038624, 0.000474659900647, 0.000519285269547, 0.000633535266388, 0.000378572061891, 0.000623047584668, 0.000516334723216, 0.000176616551471, 0.000130391068524, 0.000153295070049, 0.00016923811927, 0.000151478205225, 7.68075260567e-05, 6.10546849202e-05, 4.03962549171e-05, 5.64847578062e-05, 4.80522139696e-05, 4.05247046729e-05, 3.94390008296e-05], "dmean2": [9.31792746997e-05, 0.00136479514185, 0.00228216103278, 0.00160154898185, 0.00146885134745, 0.000742030330002, 0.000866817135829, 0.000686610583216, 0.00105065095704, 0.000683876744006, 0.000776027154643, 0.000932804774493, 0.000564137764741, 0.000945025589317, 0.000718391616829, 0.000260224740487, 0.00019032342243, 0.000226296382607, 0.00024269084679, 0.000225285577471, 0.000112946632726, 8.77896673046e-05, 6.14670207142e-05, 9.14287229534e-05, 7.72381245042e-05, 5.91828720644e-05, 6.85074919602e-05], "dvar": [1.03487023395e-08, 1.93661571757e-06, 1.13162941489e-05, 1.14535114335e-05, 8.24908420327e-06, 9.46680188463e-07, 1.39220651363e-06, 1.80530980742e-06, 4.04550019084e-06, 2.4034022772e-06, 2.88184924102e-06, 2.93764242087e-06, 8.12542907624e-07, 2.11236033465e-06, 2.63433275904e-06, 1.77282444724e-07, 1.69780662418e-07, 9.05198120904e-08, 1.28079747697e-07, 8.09518923006e-08, 2.86212671341e-08, 2.46141897975e-08, 1.91400832961e-08, 3.50625128931e-08, 9.35645250166e-09, 5.65240654282e-09, 8.70486971394e-09], "dvar2": [2.74410609791e-08, 5.01518752571e-06, 3.41354098055e-05, 2.70820146397e-05, 1.47834098243e-05, 2.38749294112e-06, 2.94425967695e-06, 3.34976630256e-06, 7.01100270817e-06, 4.26416863775e-06, 5.53471454623e-06, 5.4534298215e-06, 1.79934568223e-06, 5.02689272253e-06, 4.26299538958e-06, 3.93652754838e-07, 3.15181182486e-07, 1.85627015981e-07, 2.30754011454e-07, 1.5832641509e-07, 5.62915900559e-08, 4.78894186529e-08, 4.2084764118e-08, 9.2908074123e-08, 2.32540440237e-08, 1.39469849003e-08, 2.3478261113e-08], "max": [0.00164841057267, 0.0155941098928, 0.0427327416837, 0.040213406086, 0.0370617210865, 0.0276722162962, 0.0417737625539, 0.0561059564352, 0.0524649769068, 0.0519987642765, 0.045422449708, 0.0569774918258, 0.0336559973657, 0.0312518849969, 0.055854652077, 0.0182104054838, 0.0141313429922, 0.0123901236802, 0.016554037109, 0.0110391937196, 0.00663374783471, 0.00666774529964, 0.00684904865921, 0.0110192950815, 0.00316912215203, 0.00201685004868, 0.00146402744576], "mean": [6.10506322118e-05, 0.00100642733742, 0.00127583392896, 0.00104693043977, 0.00138544198126, 0.000725441088434, 0.00100027176086, 0.000734729575925, 0.0015496093547, 0.000959208817221, 0.00092879217118, 0.00125648814719, 0.000795931788161, 0.0014792123111, 0.00114777125418, 0.000351020105882, 0.00027100002626, 0.000378046213882, 0.00039557760465, 0.000352790870238, 0.000167897596839, 0.000129054256831, 9.03213876882e-05, 0.000108823791379, 8.8059787231e-05, 5.8022513258e-05, 2.95487934636e-05], "median": [2.17385459109e-05, 0.000353449955583, 0.000269192882115, 0.000201930990443, 0.000388797197957, 0.000348526024027, 0.000439395895228, 0.000223180017201, 0.000377726100851, 0.000181748095201, 0.000123770252685, 0.000164381548529, 0.00012358299864, 0.000238027467276, 0.000249531876761, 0.00011784160597, 9.56095464062e-05, 0.000149769126438, 0.000165582474438, 0.000189026963199, 7.91596539784e-05, 5.12603583047e-05, 5.64732108614e-05, 7.00918462826e-05, 5.65757000004e-05, 2.25577241508e-05, 2.27937744057e-06], "min": [4.2534231428e-23, 1.02341915017e-23, 3.89840418102e-23, 1.71398364787e-23, 3.026615062e-23, 2.17720892453e-23, 1.25405319077e-22, 1.41292734739e-23, 3.46145696552e-23, 6.17703647881e-23, 8.53290457012e-23, 9.78628842819e-23, 9.73812310567e-23, 9.55111826383e-23, 9.47905171807e-23, 1.18717570893e-22, 1.6974740513e-22, 2.68358464027e-22, 3.39499429829e-22, 4.22115658608e-22, 4.26465879401e-22, 4.76706448836e-22, 8.04032480099e-22, 9.63574233925e-22, 1.1487920092e-21, 1.69253845785e-21, 2.42156801207e-21], "var": [1.12902238669e-08, 2.71588646683e-06, 9.83673362498e-06, 1.13136393338e-05, 1.31051292556e-05, 1.51402355186e-06, 3.42688986166e-06, 5.37953246749e-06, 2.15159179788e-05, 1.11095787361e-05, 8.72078999237e-06, 9.28008012124e-06, 2.97478572975e-06, 1.04462023955e-05, 1.62135420396e-05, 6.34788079878e-07, 4.91691992011e-07, 3.42707267009e-07, 5.23979736045e-07, 3.28258124682e-07, 9.51895771095e-08, 8.76608652334e-08, 4.0983678673e-08, 4.50966020082e-08, 1.40746356792e-08, 8.36117131087e-09, 6.91033674727e-09]}, "barkbands_crest": {"dmean": 2.5525765419, "dmean2": 4.1191945076, "dvar": 5.87462043762, "dvar2": 14.6644906998, "max": 26.5191879272, "mean": 9.45940876007, "median": 8.46236991882, "min": 2.43509721756, "var": 18.5568695068}, "barkbands_flatness_db": {"dmean": 0.0184571221471, "dmean2": 0.0283339042217, "dvar": 0.000305829336867, "dvar2": 0.000700826989487, "max": 0.365419685841, "mean": 0.0956993550062, "median": 0.0902359634638, "min": 0.021025955677, "var": 0.00135618657805}, "barkbands_kurtosis": {"dmean": 1.82149553299, "dmean2": 2.87891054153, "dvar": 15.3827114105, "dvar2": 38.1279182434, "max": 256.936248779, "mean": 2.18440032005, "median": 0.869296193123, "min": -1.85661280155, "var": 50.844745636}, "barkbands_skewness": {"dmean": 0.476025670767, "dmean2": 0.716453850269, "dvar": 0.266547977924, "dvar2": 0.628233909607, "max": 15.7949447632, "mean": 0.973938345909, "median": 0.869720339775, "min": -2.29425835609, "var": 1.21380841732}, "barkbands_spread": {"dmean": 7.30221939087, "dmean2": 11.5789680481, "dvar": 98.4787445068, "dvar2": 247.40737915, "max": 131.04095459, "mean": 27.7950210571, "median": 24.8447608948, "min": 1.11472356319, "var": 338.665039063}, "dissonance": {"dmean": 0.0170979388058, "dmean2": 0.0286901444197, "dvar": 0.000323704531183, "dvar2": 0.000884369423147, "max": 0.500000059605, "mean": 0.468379050493, "median": 0.474912762642, "min": 0.295227378607, "var": 0.000680653902236}, "dynamic_complexity": 3.3480682373, "erbbands": {"dmean": [0.0251960214227, 0.193411499262, 1.24126338959, 2.09565043449, 4.87753725052, 2.51585841179, 4.24764347076, 3.76158738136, 7.39017009735, 7.6989774704, 11.7759971619, 14.1640825272, 14.3464841843, 18.3913002014, 16.9512138367, 24.4025974274, 14.6369943619, 28.1248455048, 22.178647995, 22.7400512695, 8.98047828674, 6.61305141449, 7.2902135849, 9.09422302246, 7.97460317612, 6.68546867371, 3.05811095238, 3.45450901985, 2.32118868828, 1.44388544559, 1.08582925797, 1.27434659004, 0.846911668777, 0.589586853981, 0.340799480677, 0.173398166895, 0.0722140967846, 0.0340761616826, 0.00823310669512, 0.000198453271878], "dmean2": [0.0447835624218, 0.316525787115, 2.17654156685, 3.35038614273, 7.44464969635, 3.83761811256, 7.29045295715, 5.83070468903, 10.9879846573, 11.4997997284, 17.7976951599, 20.4207172394, 20.146396637, 26.9654960632, 23.6488189697, 35.7891921997, 21.3028697968, 42.0188369751, 32.1891059875, 31.0440788269, 12.8404636383, 9.37754631042, 10.620464325, 12.8815145493, 11.255194664, 9.81782913208, 4.39682149887, 5.1236166954, 3.27380871773, 2.18011212349, 1.6827558279, 2.06662797928, 1.37885785103, 0.97059160471, 0.543673813343, 0.260980516672, 0.105754323304, 0.0541348867118, 0.0146958064288, 0.000354886287823], "dvar": [0.00169145793188, 0.112162403762, 8.3516330719, 29.6412258148, 303.416656494, 34.5897026062, 164.927078247, 70.6943740845, 271.995269775, 315.83770752, 1071.85021973, 1571.0559082, 2352.46923828, 2994.7265625, 3304.79492188, 4122.56787109, 1100.40026855, 4237.57324219, 3291.37158203, 5533.65820313, 508.922210693, 414.29574585, 248.701095581, 403.396575928, 287.629058838, 149.526916504, 38.7004814148, 66.974395752, 37.6925811768, 16.3511676788, 17.413022995, 19.9602069855, 5.85464048386, 1.63144397736, 0.405322194099, 0.100481517613, 0.0180963184685, 0.00503284437582, 0.00041501110536, 2.52783763699e-07], "dvar2": [0.00500404089689, 0.271130204201, 25.1977500916, 73.7324523926, 620.106201172, 76.4037704468, 478.575775146, 155.247879028, 563.802307129, 644.779602051, 2124.11987305, 2861.43212891, 3766.62597656, 5725.97070313, 6036.76757813, 8316.40332031, 2372.06738281, 10059.046875, 6470.85400391, 8913.43554688, 1073.89135742, 768.764038086, 508.323974609, 731.973266602, 515.86730957, 300.053497314, 82.310333252, 124.857765198, 72.5150527954, 38.6834259033, 39.9678878784, 51.1806221008, 15.0878677368, 3.97247505188, 1.02973949909, 0.244336023927, 0.0444283559918, 0.0130077842623, 0.0011359177297, 6.97634618518e-07], "max": [0.354079276323, 4.37782859802, 30.2911663055, 79.6859741211, 214.883148193, 96.1289596558, 195.716949463, 340.040985107, 669.115539551, 674.614807129, 1451.11462402, 1262.1628418, 1785.67663574, 1865.09265137, 1951.97216797, 2067.04663086, 1141.38879395, 1535.2479248, 1892.16149902, 3092.22436523, 1150.45117188, 934.041015625, 818.619567871, 771.932250977, 659.175415039, 415.78515625, 250.018295288, 360.100769043, 255.808364868, 119.579933167, 220.961502075, 265.630828857, 120.218566895, 48.7280578613, 15.629699707, 9.02456760406, 3.61947250366, 1.28129661083, 0.330927550793, 0.0102382507175], "mean": [0.0259402710944, 0.250514268875, 1.30566394329, 2.39691615105, 5.18254566193, 3.66939163208, 5.11463022232, 6.16136932373, 12.7142353058, 14.1031675339, 21.8600406647, 29.4333305359, 36.4380531311, 37.9976921082, 34.9752693176, 50.7601051331, 35.6797218323, 70.8831710815, 53.00963974, 52.0102882385, 20.5269031525, 15.6087865829, 18.709022522, 24.0815620422, 18.9330692291, 16.1063957214, 7.21745538712, 7.21597623825, 4.92142105103, 3.19066357613, 2.44183444977, 2.36608886719, 1.64543819427, 1.08038544655, 0.588536441326, 0.274042576551, 0.100116275251, 0.0332109034061, 0.00586201483384, 0.000163089469424], "median": [0.00787118636072, 0.0894360169768, 0.336137354374, 0.721606850624, 0.937838077545, 1.27243304253, 2.11931753159, 2.91464996338, 5.46677303314, 6.48946762085, 7.7819442749, 8.34264564514, 8.16529560089, 7.04638767242, 4.91634082794, 7.58741664886, 6.82675266266, 11.7579956055, 13.8409481049, 14.0370264053, 8.28648757935, 6.54862594604, 8.57213973999, 8.7055644989, 9.60352993011, 8.92497253418, 3.44456219673, 3.35283851624, 1.91850090027, 1.91730225086, 1.50512599945, 1.41259682178, 1.08836364746, 0.723104774952, 0.350150704384, 0.130973741412, 0.0350243151188, 0.00552235543728, 0.000449355691671, 3.64944717148e-05], "min": [2.41156671992e-22, 3.35412024673e-21, 3.01982897504e-20, 7.52473020048e-20, 4.6340173336e-20, 9.80736159645e-20, 1.94697106767e-19, 2.28153421843e-19, 9.14727650827e-19, 1.94883607561e-18, 2.55444410848e-19, 6.08084818417e-19, 2.75942964893e-18, 2.30003525021e-18, 3.13447664738e-18, 4.43002574112e-18, 4.16830869044e-18, 5.42810269541e-18, 5.77924996442e-18, 5.5515180428e-18, 5.67484446828e-18, 9.63039486055e-18, 1.54725804483e-17, 1.48152696463e-17, 1.78304703649e-17, 2.22083816595e-17, 2.06376632836e-17, 1.53755422363e-17, 1.62672065407e-17, 2.03372792615e-17, 2.14813378775e-17, 1.94865918303e-17, 1.68445934975e-17, 1.22610550288e-17, 8.51403356021e-18, 7.08518823986e-18, 2.67681746679e-18, 1.33574014534e-18, 3.11959794291e-19, 3.61925122204e-20], "var": [0.00183003232814, 0.176783621311, 8.01996040344, 30.4577178955, 351.703674316, 52.3004798889, 121.088493347, 148.86730957, 680.887939453, 733.063293457, 3603.97045898, 6286.58642578, 17806.0761719, 13124.0820313, 10052.90625, 13071.0400391, 4848.98925781, 23475.8515625, 13324.4785156, 33417.5898438, 2087.30786133, 1384.36621094, 921.67590332, 2006.04089355, 995.045471191, 602.171569824, 160.746368408, 221.64743042, 131.670471191, 36.3028678894, 34.8929481506, 28.5349597931, 8.01685714722, 2.48635220528, 0.576227903366, 0.151647150517, 0.0272629447281, 0.00517220329493, 0.000309639261104, 1.95131917735e-07]}, "erbbands_crest": {"dmean": 2.61409878731, "dmean2": 4.10750627518, "dvar": 6.60795164108, "dvar2": 14.6638879776, "max": 32.0132293701, "mean": 10.0495128632, "median": 8.66673469543, "min": 1.96441483498, "var": 27.9304161072}, "erbbands_flatness_db": {"dmean": 0.0195450186729, "dmean2": 0.0270378571004, "dvar": 0.00042885838775, "dvar2": 0.000684067723341, "max": 0.329917103052, "mean": 0.145041927695, "median": 0.137303158641, "min": 0.0224819481373, "var": 0.00287169544026}, "erbbands_kurtosis": {"dmean": 0.845772325993, "dmean2": 1.26756572723, "dvar": 1.46954548359, "dvar2": 3.00740599632, "max": 32.9422340393, "mean": 0.741215825081, "median": -0.107131429017, "min": -1.65536189079, "var": 5.63270139694}, "erbbands_skewness": {"dmean": 0.328527182341, "dmean2": 0.49366363883, "dvar": 0.0997344851494, "dvar2": 0.212855637074, "max": 4.56780004501, "mean": 0.400572001934, "median": 0.333770275116, "min": -3.64321374893, "var": 0.549012720585}, "erbbands_spread": {"dmean": 8.60340499878, "dmean2": 12.3977251053, "dvar": 125.18170929, "dvar2": 258.977935791, "max": 159.552993774, "mean": 37.893573761, "median": 35.8426322937, "min": 2.97579336166, "var": 479.208770752}, "gfcc": {"cov": [[18076.5878906, 1902.35559082, -1050.4420166, 183.605651855, -106.192855835, 49.680065155, -253.656036377, -93.9383392334, -428.757995605, -147.391403198, -316.818023682, -303.856079102, -285.590179443], [1902.35559082, 952.242675781, -44.9285469055, 134.266555786, 45.4165763855, 48.9150924683, -62.5598831177, -47.1339950562, -108.366195679, -17.6121578217, -39.282623291, -98.3344955444, -62.9318389893], [-1050.4420166, -44.9285469055, 1264.9420166, 241.783035278, 7.36953639984, -75.9559249878, -40.8552703857, 9.48279953003, 72.5174102783, 22.8345050812, -81.451965332, -20.1479854584, -20.3207988739], [183.605651855, 134.266555786, 241.783035278, 290.181427002, 28.0862770081, -53.8445701599, -63.7170829773, 51.4515037537, 51.2626495361, -2.61541175842, -72.7742233276, -33.9899482727, -8.94092559814], [-106.192855835, 45.4165763855, 7.36953639984, 28.0862770081, 278.865905762, 87.4135131836, 42.9304771423, -53.8042297363, -40.0770072937, -25.8855361938, 15.559548378, -37.3256530762, -36.5895423889], [49.680065155, 48.9150924683, -75.9559249878, -53.8445701599, 87.4135131836, 181.810317993, 78.8193969727, -61.1778450012, -80.4497375488, 12.963013649, 48.5622787476, 5.0505604744, -18.9186458588], [-253.656036377, -62.5598831177, -40.8552703857, -63.7170829773, 42.9304771423, 78.8193969727, 164.574981689, 10.628115654, -18.3773822784, -30.4611759186, 10.5451688766, 3.37452459335, -9.4272480011], [-93.9383392334, -47.1339950562, 9.48279953003, 51.4515037537, -53.8042297363, -61.1778450012, 10.628115654, 214.597366333, 113.20275116, -17.283082962, -43.3868331909, 9.49022579193, 12.304145813], [-428.757995605, -108.366195679, 72.5174102783, 51.2626495361, -40.0770072937, -80.4497375488, -18.3773822784, 113.20275116, 175.437149048, 39.9400558472, -47.1671142578, -4.978099823, 27.0391120911], [-147.391403198, -17.6121578217, 22.8345050812, -2.61541175842, -25.8855361938, 12.963013649, -30.4611759186, -17.283082962, 39.9400558472, 135.571762085, 59.5235328674, 7.36844921112, -1.1747521162], [-316.818023682, -39.282623291, -81.451965332, -72.7742233276, 15.559548378, 48.5622787476, 10.5451688766, -43.3868331909, -47.1671142578, 59.5235328674, 144.956390381, 53.2541046143, -3.56234002113], [-303.856079102, -98.3344955444, -20.1479854584, -33.9899482727, -37.3256530762, 5.0505604744, 3.37452459335, 9.49022579193, -4.978099823, 7.36844921112, 53.2541046143, 94.8622665405, 41.1495780945], [-285.590179443, -62.9318389893, -20.3207988739, -8.94092559814, -36.5895423889, -18.9186458588, -9.4272480011, 12.304145813, 27.0391120911, -1.1747521162, -3.56234002113, 41.1495780945, 77.4701156616]], "icov": [[8.83894244907e-05, -0.000123822421301, 8.71168085723e-05, -1.08140068278e-06, 4.4062249799e-05, 2.46900490311e-05, 8.90762748895e-05, -6.66008127155e-05, 0.000260516651906, -0.000142112185131, 0.000355558324372, -0.000100981014839, 0.000273147714324], [-0.000123822421301, 0.00168086879421, 2.58029758697e-05, -0.000782791874371, 0.000145097917994, -0.000576365506276, 0.000499701302033, -0.000269115058472, 0.000901428982615, 7.7645854617e-05, -0.000476960791275, 0.00162499805447, -0.000341802864568], [8.71168085723e-05, 2.58029758697e-05, 0.00110772869084, -0.00089244323317, 3.77328142349e-05, 0.000321230385453, -0.000188533871551, 0.000363972212654, 0.000140649441164, -0.000519651803188, 0.000901512161363, -0.000648111803457, 0.000873935292475], [-1.08140068278e-06, -0.000782791874371, -0.00089244323317, 0.00590951601043, -0.00143372279126, 0.000543049362022, 0.00167034787592, -0.0013857599115, -7.43340060581e-05, -0.00091371400049, 0.00229974766262, -0.000701814540662, 0.000177491412614], [4.4062249799e-05, 0.000145097917994, 3.77328142349e-05, -0.00143372279126, 0.00561503740028, -0.00302923587151, -4.65235615366e-07, 0.00155520217959, -0.00201895367354, 0.0031993475277, -0.00261714099906, 0.00268289214, 0.000997699564323], [2.46900490311e-05, -0.000576365506276, 0.000321230385453, 0.000543049362022, -0.00302923587151, 0.0119694750756, -0.00525698950514, -0.000154803419719, 0.00533781386912, -0.00518918968737, 0.00162080989685, -0.00205257162452, -0.000130027212435], [8.90762748895e-05, 0.000499701302033, -0.000188533871551, 0.00167034787592, -4.65235615366e-07, -0.00525698950514, 0.010169965215, -0.00147781602573, -0.00131509196945, 0.00338294566609, -0.000478150206618, 0.000896575627849, 0.00107798515819], [-6.66008127155e-05, -0.000269115058472, 0.000363972212654, -0.0013857599115, 0.00155520217959, -0.000154803419719, -0.00147781602573, 0.00935936253518, -0.00755785498768, 0.00379954325035, -0.00102084968239, -0.00232952577062, 0.00238773552701], [0.000260516651906, 0.000901428982615, 0.000140649441164, -7.43340060581e-05, -0.00201895367354, 0.00533781386912, -0.00131509196945, -0.00755785498768, 0.0183625947684, -0.0102868694812, 0.00685865012929, 0.0010006808443, -0.003669900354], [-0.000142112185131, 7.7645854617e-05, -0.000519651803188, -0.00091371400049, 0.0031993475277, -0.00518918968737, 0.00338294566609, 0.00379954325035, -0.0102868694812, 0.0171294305474, -0.0106194559485, 0.00407661497593, 0.000545925169718], [0.000355558324372, -0.000476960791275, 0.000901512161363, 0.00229974766262, -0.00261714099906, 0.00162080989685, -0.000478150206618, -0.00102084968239, 0.00685865012929, -0.0106194559485, 0.0195470992476, -0.0113125760108, 0.00504168495536], [-0.000100981014839, 0.00162499805447, -0.000648111803457, -0.000701814540662, 0.00268289214, -0.00205257162452, 0.000896575627849, -0.00232952577062, 0.0010006808443, 0.00407661497593, -0.0113125760108, 0.0240052398294, -0.0116166649386], [0.000273147714324, -0.000341802864568, 0.000873935292475, 0.000177491412614, 0.000997699564323, -0.000130027212435, 0.00107798515819, 0.00238773552701, -0.003669900354, 0.000545925169718, 0.00504168495536, -0.0116166649386, 0.0217700209469]], "mean": [-8.01411247253, 45.8449249268, -116.706092834, 16.925409317, -57.8100852966, 11.6763181686, -37.0378074646, 13.872633934, -24.8569011688, 10.3815259933, -15.0907869339, -3.04141783714, -13.7318925858]}, "hfc": {"dmean": 5.45734167099, "dmean2": 7.34857559204, "dvar": 53.2282791138, "dvar2": 93.4806289673, "max": 185.454345703, "mean": 22.2124958038, "median": 15.7070713043, "min": 1.17991702787e-16, "var": 429.227416992}, "melbands": {"dmean": [0.000215372245293, 0.000481713999761, 0.000485019525513, 0.000247726566158, 0.000144887628267, 8.80400766619e-05, 0.000113410176709, 8.38614723762e-05, 0.000104739818198, 9.35681018746e-05, 7.28941522539e-05, 7.34693894628e-05, 5.89013652643e-05, 7.20797397662e-05, 5.24330571352e-05, 3.44946201949e-05, 6.09055641689e-05, 3.87019572372e-05, 4.6600249334e-05, 1.71933752426e-05, 1.06999314085e-05, 7.80755453889e-06, 6.52400194667e-06, 8.05609306553e-06, 8.18815169623e-06, 6.17322939434e-06, 6.92150752002e-06, 4.28960720456e-06, 2.26970360018e-06, 1.69467136857e-06, 2.3504787805e-06, 1.53892540311e-06, 8.84160328951e-07, 8.5578898279e-07, 6.21309766302e-07, 7.56335111873e-07, 8.24863377602e-07, 5.43325597846e-07, 7.29372175101e-07, 4.39427083165e-07], "dmean2": [0.000369705201592, 0.000835269282106, 0.000740248826332, 0.000364599109162, 0.000247549585765, 0.000136860355269, 0.000169150298461, 0.000126010956592, 0.000159112518304, 0.000134893110953, 0.000103398582723, 0.000108542873932, 8.40799621074e-05, 0.000104688799183, 7.8987031884e-05, 5.19207824254e-05, 9.23510742723e-05, 5.81016902288e-05, 6.50260990369e-05, 2.44588554779e-05, 1.56520945893e-05, 1.13844716907e-05, 9.46448835748e-06, 1.1699749848e-05, 1.17942690849e-05, 9.08336187422e-06, 1.03352576843e-05, 6.34691468804e-06, 3.34191508955e-06, 2.49875438385e-06, 3.52721303898e-06, 2.21933987632e-06, 1.28374267661e-06, 1.33346907205e-06, 9.80668346529e-07, 1.18915306757e-06, 1.36381629545e-06, 8.8888486971e-07, 1.21205857795e-06, 7.28925215299e-07], "dvar": [1.27764593572e-07, 1.10660232622e-06, 1.88221076769e-06, 5.71677503558e-07, 1.90525327071e-07, 3.20307727009e-08, 5.70576261794e-08, 4.2086750085e-08, 8.30732389545e-08, 7.63091136946e-08, 6.00689560315e-08, 4.97467773641e-08, 3.93687002997e-08, 4.69541028281e-08, 2.02138430438e-08, 6.10951733648e-09, 2.17376872058e-08, 1.04559054748e-08, 2.61802739487e-08, 2.11686512763e-09, 1.01292074728e-09, 6.84063417022e-10, 2.81111633971e-10, 2.47322745617e-10, 3.84411891208e-10, 1.59308635728e-10, 2.23185650516e-10, 7.63013471849e-11, 2.35656615749e-11, 1.92143540662e-11, 3.12605115405e-11, 1.68088511859e-11, 5.74065447956e-12, 6.2595766244e-12, 6.79515992086e-12, 6.79474228618e-12, 8.92125349289e-12, 3.13299321382e-12, 2.4388119562e-12, 9.13639931939e-13], "dvar2": [3.52440025608e-07, 3.16767182085e-06, 4.10248276239e-06, 1.0855723076e-06, 5.49409151063e-07, 7.28461486688e-08, 1.18691595219e-07, 7.73243939989e-08, 1.69833512587e-07, 1.37549562851e-07, 9.68841575855e-08, 9.62026902585e-08, 7.45852943851e-08, 8.23504393566e-08, 4.2400117195e-08, 1.42689788873e-08, 5.20586382891e-08, 2.18203428659e-08, 4.16850092222e-08, 4.24929158527e-09, 2.20407736506e-09, 1.33022048932e-09, 5.31184485286e-10, 5.14805142959e-10, 7.07994218807e-10, 3.16814657841e-10, 4.13477502237e-10, 1.6065970776e-10, 4.92618376646e-11, 4.21728311994e-11, 5.58279464324e-11, 3.2297487601e-11, 1.21716742588e-11, 1.52792691693e-11, 1.61626094453e-11, 1.52942779968e-11, 2.40046090644e-11, 8.00845154081e-12, 6.24309545033e-12, 2.19887237758e-12], "max": [0.00344636663795, 0.0115756662562, 0.0167297739536, 0.00993884075433, 0.00634111370891, 0.00670895166695, 0.00988486967981, 0.00752039486542, 0.00991284102201, 0.0082422606647, 0.00884178746492, 0.00731703685597, 0.00714386673644, 0.00873267184943, 0.00519582396373, 0.00207419507205, 0.00349594885483, 0.00298161106184, 0.00586808240041, 0.00140148669016, 0.00132730556652, 0.00102814298589, 0.000629313057289, 0.000658510485664, 0.000771294231527, 0.000454664987046, 0.00069949805038, 0.000373697752366, 0.000180138726137, 0.000234683815506, 0.000220540197915, 0.000177418594831, 9.45901265368e-05, 8.18984481157e-05, 0.0001451861026, 0.00012652661826, 0.00018809766334, 8.98088183021e-05, 5.96549507463e-05, 3.68538167095e-05], "mean": [0.000253298581811, 0.000565096968785, 0.000543656584341, 0.000313756405376, 0.000174930231879, 0.000144527628436, 0.000199727859581, 0.000151539788931, 0.000197340501472, 0.000198164823814, 0.000179978174856, 0.000147583414218, 0.000112171503133, 0.000143808079883, 0.000110660323116, 7.10929452907e-05, 0.000145661382703, 8.2980703155e-05, 0.000100383032986, 3.46973574779e-05, 2.17181714106e-05, 1.58115999511e-05, 1.44596151586e-05, 1.92519764823e-05, 2.00404938369e-05, 1.28629872052e-05, 1.50676742123e-05, 9.39087476581e-06, 4.74239368486e-06, 3.42104567608e-06, 4.54278597317e-06, 3.05479102281e-06, 1.83092470252e-06, 1.73792352598e-06, 1.31336128106e-06, 1.52665711539e-06, 1.39670453336e-06, 1.02440424143e-06, 1.29546754124e-06, 7.64249477925e-07], "median": [8.78303908394e-05, 0.000172987260157, 0.000149968633195, 8.33329686429e-05, 7.8196033428e-05, 7.12443434168e-05, 8.99044825928e-05, 6.54099712847e-05, 6.11124851275e-05, 4.94346058986e-05, 3.57781755156e-05, 2.4492819648e-05, 1.53151122504e-05, 1.63054373843e-05, 1.4972034478e-05, 1.21214852697e-05, 2.07619486901e-05, 1.82265739568e-05, 2.00907306862e-05, 1.07876930997e-05, 7.78845060267e-06, 5.70516294829e-06, 6.05092736805e-06, 7.16910744814e-06, 6.27541112408e-06, 5.76148613618e-06, 7.7175845945e-06, 4.88596970172e-06, 2.02021601581e-06, 1.46662944189e-06, 2.05931019082e-06, 1.07721928089e-06, 7.9465030467e-07, 1.09776237878e-06, 7.64404489928e-07, 9.2188133749e-07, 7.95351752458e-07, 6.41869576157e-07, 8.74403554008e-07, 4.80618609799e-07], "min": [4.74302934808e-24, 1.27419874192e-23, 1.14357702331e-23, 4.63978717711e-24, 6.49765755526e-24, 5.22794451311e-24, 1.79550011619e-23, 1.76724722064e-23, 1.43493778938e-24, 4.53884295796e-24, 1.35374684451e-23, 8.22217494168e-24, 1.04243677222e-23, 1.21534277641e-23, 1.12458653808e-23, 7.47708950581e-24, 1.03139232511e-23, 9.00297526617e-24, 5.44464815365e-24, 1.03109792222e-23, 6.1992740733e-24, 9.65426514041e-24, 1.28287479192e-23, 1.25918750775e-23, 1.24131002637e-23, 1.09137391624e-23, 1.45435690218e-23, 1.4723232093e-23, 1.2413155484e-23, 9.24831810744e-24, 9.45925399147e-24, 9.1656872942e-24, 8.90357800325e-24, 1.2603714302e-23, 1.26298066653e-23, 1.14990250447e-23, 1.21044923556e-23, 1.220904798e-23, 9.94058930571e-24, 1.07282811191e-23], "var": [1.65047879364e-07, 1.28218891859e-06, 2.15438421947e-06, 7.92144248862e-07, 1.39870678595e-07, 6.62092460857e-08, 1.45956391862e-07, 1.13867216101e-07, 2.95635771863e-07, 3.57120455874e-07, 4.43702560915e-07, 2.16326142777e-07, 1.12888109527e-07, 1.42571522588e-07, 8.34197990685e-08, 1.86507431721e-08, 1.13267823565e-07, 3.44035484545e-08, 1.50399429799e-07, 7.59134533013e-09, 3.27883986628e-09, 1.74491565641e-09, 9.27545373841e-10, 9.33022659133e-10, 1.80282755391e-09, 4.65168875641e-10, 8.08791866813e-10, 2.57398796721e-10, 8.74007602403e-11, 5.20809922966e-11, 1.0102879644e-10, 5.56397428131e-11, 1.99018770214e-11, 1.05571757933e-11, 1.12637078484e-11, 1.45017348824e-11, 1.07207107775e-11, 4.39856050888e-12, 3.10599939865e-12, 1.47708950106e-12]}, "melbands_crest": {"dmean": 3.47041225433, "dmean2": 5.64852142334, "dvar": 9.73187160492, "dvar2": 25.4153690338, "max": 38.9325370789, "mean": 12.7561750412, "median": 11.5586051941, "min": 1.75259184837, "var": 29.0946559906}, "melbands_flatness_db": {"dmean": 0.0215536728501, "dmean2": 0.0335723645985, "dvar": 0.000452494365163, "dvar2": 0.00109776610043, "max": 0.458695203066, "mean": 0.146902993321, "median": 0.142652064562, "min": 0.00592153798789, "var": 0.00181998312473}, "melbands_kurtosis": {"dmean": 6.1901049614, "dmean2": 9.94553184509, "dvar": 322.729370117, "dvar2": 898.269165039, "max": 667.035705566, "mean": 9.21697711945, "median": 4.13600349426, "min": -1.814666152, "var": 524.648864746}, "melbands_skewness": {"dmean": 0.710824787617, "dmean2": 1.05970561504, "dvar": 0.912185847759, "dvar2": 2.17946124077, "max": 22.8664665222, "mean": 1.87700712681, "median": 1.66641712189, "min": -2.19603633881, "var": 3.17300319672}, "melbands_spread": {"dmean": 8.21061229706, "dmean2": 12.6067457199, "dvar": 98.0237045288, "dvar2": 219.498245239, "max": 265.725646973, "mean": 32.0774497986, "median": 27.6392822266, "min": 0.773336470127, "var": 479.686645508}, "mfcc": {"cov": [[7714.06054688, 1026.02270508, -698.495361328, 22.3672809601, 47.845123291, 195.402984619, 178.779312134, 20.8920192719, -118.464179993, 33.6943588257, -1.74750912189, -224.071151733, -148.952835083], [1026.02270508, 728.824523926, 39.9078178406, 36.1378135681, 85.0867843628, 97.4506835938, 111.289054871, -40.5572814941, -64.9783782959, 9.81779384613, -7.98248529434, -44.4869689941, -31.6979675293], [-698.495361328, 39.9078178406, 943.050720215, 261.686035156, 88.9618606567, -42.1084213257, -106.096343994, -46.49426651, 108.73727417, 9.83340930939, -55.9807815552, 62.5790138245, 35.8670768738], [22.3672809601, 36.1378135681, 261.686035156, 303.400939941, 120.885383606, -54.3916969299, -94.1474838257, 7.94066429138, 101.15221405, 30.2540473938, -23.0370788574, 24.2191104889, 13.1438589096], [47.845123291, 85.0867843628, 88.9618606567, 120.885383606, 205.831741333, 29.4096565247, 5.30755615234, -1.67778885365, 10.7088661194, 28.6155910492, -9.05159282684, -8.13005638123, -0.724984526634], [195.402984619, 97.4506835938, -42.1084213257, -54.3916969299, 29.4096565247, 247.982513428, 135.23538208, -51.6624717712, -80.0677490234, -13.0137290955, 7.19300079346, -34.500164032, -30.3538837433], [178.779312134, 111.289054871, -106.096343994, -94.1474838257, 5.30755615234, 135.23538208, 226.480072021, 31.252122879, -103.413536072, -24.6628303528, 22.184337616, -27.7663383484, -26.9710674286], [20.8920192719, -40.5572814941, -46.49426651, 7.94066429138, -1.67778885365, -51.6624717712, 31.252122879, 156.652770996, 62.8001937866, -8.9117565155, 3.75341701508, -16.1489620209, -19.7287254333], [-118.464179993, -64.9783782959, 108.73727417, 101.15221405, 10.7088661194, -80.0677490234, -103.413536072, 62.8001937866, 182.142211914, 57.267906189, -13.6504278183, 10.6393480301, 3.04293060303], [33.6943588257, 9.81779384613, 9.83340930939, 30.2540473938, 28.6155910492, -13.0137290955, -24.6628303528, -8.9117565155, 57.267906189, 101.56993103, 29.0973510742, 0.968165934086, 8.57565307617], [-1.74750912189, -7.98248529434, -55.9807815552, -23.0370788574, -9.05159282684, 7.19300079346, 22.184337616, 3.75341701508, -13.6504278183, 29.0973510742, 82.7127914429, 29.9627666473, 1.1073731184], [-224.071151733, -44.4869689941, 62.5790138245, 24.2191104889, -8.13005638123, -34.500164032, -27.7663383484, -16.1489620209, 10.6393480301, 0.968165934086, 29.9627666473, 98.027557373, 50.1977119446], [-148.952835083, -31.6979675293, 35.8670768738, 13.1438589096, -0.724984526634, -30.3538837433, -26.9710674286, -19.7287254333, 3.04293060303, 8.57565307617, 1.1073731184, 50.1977119446, 91.6947937012]], "icov": [[0.000189955899259, -0.000267412542598, 0.000174179382157, -0.000214519386645, 0.000144317615195, -0.000100250472315, 0.000117564348329, -0.000112177098345, 0.000116170318506, -0.000100798475614, 1.44225123222e-05, 0.000204121941351, 5.08010598423e-05], [-0.000267412542598, 0.00206127436832, -0.000303072738461, -9.25089625525e-05, -0.000576457008719, 0.000308571005007, -0.00125649105757, 0.000886215479113, -3.21826082654e-05, -0.000109506057925, 0.000103839323856, 0.000265126262093, 0.000193569358089], [0.000174179382157, -0.000303072738461, 0.00173293217085, -0.00129343231674, 0.00012360009714, -7.54761858843e-05, -0.000228614313528, 0.00072293181438, -0.000714825058822, 0.000295326317428, 0.000888298440259, -0.000763459771406, 0.000153347515152], [-0.000214519386645, -9.25089625525e-05, -0.00129343231674, 0.00722691323608, -0.00372882280499, 0.000453989196103, 0.00123749731574, 0.000101296434877, -0.00254846690223, 0.000899967679288, 3.20267304232e-06, -0.00111309858039, 0.000205867821933], [0.000144317615195, -0.000576457008719, 0.00012360009714, -0.00372882280499, 0.00777924619615, -0.0014972363133, 0.000378471362637, -0.00173754105344, 0.0027270577848, -0.00330327567644, 0.00150744512212, 0.000156965266797, -6.10280185356e-05], [-0.000100250472315, 0.000308571005007, -7.54761858843e-05, 0.000453989196103, -0.0014972363133, 0.00855513475835, -0.00634596217424, 0.00577564444393, -0.00289427721873, 0.00232843123376, -0.00148089276627, 0.00223283818923, 0.000778332585469], [0.000117564348329, -0.00125649105757, -0.000228614313528, 0.00123749731574, 0.000378471362637, -0.00634596217424, 0.0135574219748, -0.00890215765685, 0.00828985311091, -0.00356810283847, 0.000649486493785, -0.00166199810337, 0.000603959197178], [-0.000112177098345, 0.000886215479113, 0.00072293181438, 0.000101296434877, -0.00173754105344, 0.00577564444393, -0.00890215765685, 0.0160236228257, -0.0112967379391, 0.00800003949553, -0.00466551631689, 0.00429855380207, -0.000116055452963], [0.000116170318506, -3.21826082654e-05, -0.000714825058822, -0.00254846690223, 0.0027270577848, -0.00289427721873, 0.00828985311091, -0.0112967379391, 0.0190916508436, -0.0121646616608, 0.00660019973293, -0.00430858088657, 0.00267689116299], [-0.000100798475614, -0.000109506057925, 0.000295326317428, 0.000899967679288, -0.00330327567644, 0.00232843123376, -0.00356810283847, 0.00800003949553, -0.0121646616608, 0.0210795197636, -0.0114140128717, 0.00694488920271, -0.00426155189052], [1.44225123222e-05, 0.000103839323856, 0.000888298440259, 3.20267304232e-06, 0.00150744512212, -0.00148089276627, 0.000649486493785, -0.00466551631689, 0.00660019973293, -0.0114140128717, 0.022279471159, -0.0116301449016, 0.00536655681208], [0.000204121941351, 0.000265126262093, -0.000763459771406, -0.00111309858039, 0.000156965266797, 0.00223283818923, -0.00166199810337, 0.00429855380207, -0.00430858088657, 0.00694488920271, -0.0116301449016, 0.0217799488455, -0.0102315591648], [5.08010598423e-05, 0.000193569358089, 0.000153347515152, 0.000205867821933, -6.10280185356e-05, 0.000778332585469, 0.000603959197178, -0.000116055452963, 0.00267689116299, -0.00426155189052, 0.00536655681208, -0.0102315591648, 0.0172216519713]], "mean": [-648.729858398, 89.5148162842, -5.21679401398, 10.0460319519, -0.234346911311, -2.94068527222, 2.39695191383, -4.02195358276, -1.71678137779, 8.35274887085, 1.6156873703, -1.65232670307, -0.692761421204]}, "pitch_salience": {"dmean": 0.0710533559322, "dmean2": 0.11510245502, "dvar": 0.00438098888844, "dvar2": 0.011289219372, "max": 0.894830226898, "mean": 0.557307064533, "median": 0.568168878555, "min": 0.0404324792325, "var": 0.012032658793}, "silence_rate_20dB": {"dmean": 0, "dmean2": 0, "dvar": 0, "dvar2": 0, "max": 1, "mean": 1, "median": 1, "min": 1, "var": 0}, "silence_rate_30dB": {"dmean": 0, "dmean2": 0, "dvar": 0, "dvar2": 0, "max": 1, "mean": 1, "median": 1, "min": 1, "var": 0}, "silence_rate_60dB": {"dmean": 0.050321560353, "dmean2": 0.100654482841, "dvar": 0.0477898195386, "dvar2": 0.106321543455, "max": 1, "mean": 0.0919449478388, "median": 0, "min": 0, "var": 0.0834968835115}, "spectral_centroid": {"dmean": 247.703796387, "dmean2": 370.402801514, "dvar": 71406.0859375, "dvar2": 155809.828125, "max": 10759.6757813, "mean": 1748.82763672, "median": 1739.75195313, "min": 173.766967773, "var": 354212.375}, "spectral_complexity": {"dmean": 3.28286123276, "dmean2": 4.43850135803, "dvar": 12.185385704, "dvar2": 18.31275177, "max": 58, "mean": 17.7671470642, "median": 16, "min": 0, "var": 96.2365036011}, "spectral_contrast_coeffs": {"dmean": [0.0527831092477, 0.0463775657117, 0.0390037372708, 0.03287781775, 0.0226593352854, 0.0170078091323], "dmean2": [0.087186858058, 0.0750094428658, 0.0606763139367, 0.0496386885643, 0.0346511378884, 0.0262691546232], "dvar": [0.00197323132306, 0.00139943382237, 0.00113520561717, 0.00088626955403, 0.000385850609746, 0.000247048039455], "dvar2": [0.0051008015871, 0.00344496313483, 0.00238194782287, 0.00181924470235, 0.000819447275717, 0.000538692751434], "max": [-0.316082030535, -0.366807967424, -0.389272481203, -0.452243059874, -0.516711890697, -0.618586063385], "mean": [-0.677670717239, -0.740867316723, -0.739205062389, -0.735932826996, -0.767731010914, -0.789591670036], "median": [-0.681298017502, -0.747204065323, -0.748376488686, -0.742733359337, -0.769930958748, -0.795161008835], "min": [-0.968623816967, -0.960209965706, -0.970154702663, -0.967267751694, -0.961577475071, -0.962031960487], "var": [0.00674411794171, 0.00580353243276, 0.00754975993186, 0.00578297348693, 0.00268490402959, 0.00146097911056]}, "spectral_contrast_valleys": {"dmean": [0.457012981176, 0.342585831881, 0.310171574354, 0.286742448807, 0.226924613118, 0.232892662287], "dmean2": [0.712666511536, 0.547034323215, 0.479582101107, 0.405516058207, 0.309839367867, 0.34533894062], "dvar": [0.155194953084, 0.0854703113437, 0.0779642835259, 0.0724377408624, 0.0514784790576, 0.0938654467463], "dvar2": [0.309039950371, 0.192004293203, 0.151202768087, 0.118463918567, 0.0755438581109, 0.189485505223], "max": [-5.83689546585, -5.12318086624, -5.67790842056, -5.64801168442, -5.55995607376, -7.304063797], "mean": [-8.04597377777, -7.0093793869, -7.71905517578, -7.99194002151, -7.70591974258, -9.78051662445], "median": [-7.79771518707, -6.81176519394, -7.54526519775, -7.8481464386, -7.5506734848, -9.64847183228], "min": [-27.0659389496, -27.4130630493, -26.8169002533, -26.9340744019, -27.1313095093, -27.2113361359], "var": [2.24995160103, 1.92924785614, 1.86071181297, 1.83075857162, 1.58258891106, 1.24710953236]}, "spectral_decrease": {"dmean": 1.26922639065e-09, "dmean2": 1.79215364771e-09, "dvar": 3.61496911481e-18, "dvar2": 7.01174370045e-18, "max": 1.10697433564e-15, "mean": -4.17530987562e-09, "median": -3.18558557311e-09, "min": -2.3232580304e-08, "var": 1.29914993502e-17}, "spectral_energy": {"dmean": 0.00514907483011, "dmean2": 0.00716196699068, "dvar": 5.48368261661e-05, "dvar2": 0.000102879756014, "max": 0.0912538319826, "mean": 0.0177732910961, "median": 0.0136093115434, "min": 1.08197405165e-20, "var": 0.000227352502407}, "spectral_energyband_high": {"dmean": 0.000332015013555, "dmean2": 0.000488026154926, "dvar": 3.68115223637e-07, "dvar2": 8.10490746517e-07, "max": 0.0186492167413, "mean": 0.000798540015239, "median": 0.000496513559483, "min": 7.94765876195e-21, "var": 1.28387569021e-06}, "spectral_energyband_low": {"dmean": 0.001969788922, "dmean2": 0.00329211703502, "dvar": 1.58846123668e-05, "dvar2": 4.22134944529e-05, "max": 0.0604194737971, "mean": 0.00270084151998, "median": 0.00106392521411, "min": 7.90073163551e-23, "var": 2.17299348151e-05}, "spectral_energyband_middle_high": {"dmean": 0.00207984121516, "dmean2": 0.00265669287182, "dvar": 1.05671497295e-05, "dvar2": 1.66250356415e-05, "max": 0.0756465643644, "mean": 0.00796291325241, "median": 0.00355580099858, "min": 1.61938840847e-21, "var": 0.000106089690235}, "spectral_energyband_middle_low": {"dmean": 0.00309950858355, "dmean2": 0.0043726535514, "dvar": 4.11255496147e-05, "dvar2": 7.88897159509e-05, "max": 0.0814637169242, "mean": 0.00684534059837, "median": 0.00387583300471, "min": 2.87995168333e-22, "var": 9.43709528656e-05}, "spectral_entropy": {"dmean": 0.140612542629, "dmean2": 0.208411604166, "dvar": 0.0227268598974, "dvar2": 0.0460246838629, "max": 9.81573581696, "mean": 7.76440525055, "median": 7.77584934235, "min": 5.81808805466, "var": 0.109625436366}, "spectral_flux": {"dmean": 0.0195098407567, "dmean2": 0.0298257917166, "dvar": 0.000449205428595, "dvar2": 0.000919600657653, "max": 0.258888870478, "mean": 0.0716021806002, "median": 0.0637784749269, "min": 1.04017981728e-10, "var": 0.00164463440888}, "spectral_kurtosis": {"dmean": 0.810914993286, "dmean2": 1.29640984535, "dvar": 0.64024502039, "dvar2": 1.63329660892, "max": 15.2279682159, "mean": 3.692299366, "median": 3.42063236237, "min": -1.19571137428, "var": 3.1991519928}, "spectral_rms": {"dmean": 0.000589408737142, "dmean2": 0.000786729215179, "dvar": 4.79740606352e-07, "dvar2": 7.82114170761e-07, "max": 0.00943547207862, "mean": 0.00378238130361, "median": 0.00364381354302, "min": 3.24897574122e-12, "var": 3.03330216411e-06}, "spectral_rolloff": {"dmean": 749.058288574, "dmean2": 1284.2590332, "dvar": 2339215.25, "dvar2": 6304419, "max": 20133.5449219, "mean": 2325.05224609, "median": 1765.72265625, "min": 21.533203125, "var": 4822247.5}, "spectral_skewness": {"dmean": 0.132029935718, "dmean2": 0.207667171955, "dvar": 0.0148305892944, "dvar2": 0.0357432775199, "max": 2.86182951927, "mean": 1.50575971603, "median": 1.50480854511, "min": -0.18382255733, "var": 0.0796248093247}, "spectral_spread": {"dmean": 730548.375, "dmean2": 1063634.875, "dvar": 1010206179330.0, "dvar2": 2028983681020.0, "max": 41095704, "mean": 5667818.5, "median": 5384994, "min": 2200393.5, "var": 3237061591040.0}, "spectral_strongpeak": {"dmean": 0.