{"lowlevel": {"average_loudness": 0.775160372257, "barkbands": {"dmean": [5.03935261804e-05, 0.00137009331957, 0.00114670326002, 0.00105953414459, 0.00167217373382, 0.000806992058642, 0.00072266330244, 0.0011375764152, 0.000525720126461, 0.000294252182357, 0.000196836670511, 0.000259401393123, 0.000283131084871, 0.000201361355721, 0.000149565239553, 0.000137590293889, 0.000122655779705, 4.26284168498e-05, 8.17736945464e-05, 8.88349386514e-05, 8.99327133084e-05, 7.67910896684e-05, 6.47309498163e-05, 3.56091077265e-05, 2.22742455662e-05, 1.38060131576e-05, 6.26559221928e-06], "dmean2": [8.20063069114e-05, 0.00213233754039, 0.00187148200348, 0.00171624356881, 0.00264089857228, 0.00114893470891, 0.00102031813003, 0.00167892454192, 0.000740251794923, 0.000443739059847, 0.000306055881083, 0.000385411025491, 0.000431919295806, 0.000297338294331, 0.000226583040785, 0.000209506251849, 0.000191527637071, 6.93823967595e-05, 0.000130298416479, 0.00013575576304, 0.000134376881761, 0.000111759210995, 9.41812832025e-05, 5.28465898242e-05, 3.23633648804e-05, 2.1536139684e-05, 9.82548954198e-06], "dvar": [3.30339950949e-08, 1.35002928801e-05, 8.05301078799e-06, 5.17636863151e-06, 1.02773947219e-05, 2.78986749436e-06, 3.2015607303e-06, 6.42896020508e-06, 2.70875602837e-06, 8.72556825016e-07, 5.08935897869e-07, 7.10253402758e-07, 6.93806157415e-07, 3.80330561711e-07, 2.10150517432e-07, 1.64370234756e-07, 7.99358232939e-08, 9.51107281821e-09, 4.41914380644e-08, 6.36541486188e-08, 1.11585706009e-07, 1.86489046428e-07, 1.79632408503e-07, 4.13780263386e-08, 5.19482767913e-09, 2.50090947951e-09, 5.36588329325e-10], "dvar2": [8.39179321588e-08, 3.73522416339e-05, 2.2372652893e-05, 1.43483484862e-05, 2.65884573309e-05, 5.96235804551e-06, 5.76559887122e-06, 1.35097561724e-05, 4.51764753961e-06, 1.89590798527e-06, 1.17237163977e-06, 1.38063023769e-06, 1.4840128415e-06, 8.06420587196e-07, 4.39515133621e-07, 3.09173657342e-07, 1.83837400414e-07, 2.27024443689e-08, 1.11582643569e-07, 1.37920793009e-07, 2.53834713249e-07, 3.57686616326e-07, 3.54837851546e-07, 7.70166295183e-08, 9.18735310051e-09, 6.18134343711e-09, 1.25771648651e-09], "max": [0.0033304837998, 0.0640453025699, 0.0527938008308, 0.0435849763453, 0.0717636048794, 0.0385174006224, 0.0424813367426, 0.0489852502942, 0.0510677620769, 0.0365533456206, 0.0233624912798, 0.0395203121006, 0.0244945846498, 0.014614651911, 0.0146714448929, 0.0199809782207, 0.00599860353395, 0.00372534664348, 0.00557557307184, 0.0100695518777, 0.0135907102376, 0.0223841201514, 0.020595382899, 0.017954647541, 0.00505000632256, 0.000875794328749, 0.00036991154775], "mean": [0.000134027053718, 0.00465606153011, 0.00291155022569, 0.00206016236916, 0.00400298601016, 0.00212531769648, 0.00168613006826, 0.00251022609882, 0.00130017846823, 0.000613268697634, 0.000458736991277, 0.000534602673724, 0.000583058746997, 0.000355449534254, 0.000291342468699, 0.000276612787275, 0.000249230914051, 7.76459055487e-05, 0.000165913661476, 0.000192140374565, 0.00017730408581, 0.00013920260244, 0.000107942876639, 5.35768849659e-05, 3.49090914824e-05, 1.50875121108e-05, 5.92537753619e-06], "median": [4.81278257212e-05, 0.00349099328741, 0.00162380700931, 0.000805179472081, 0.00188799132593, 0.000650837668218, 0.00030793203041, 0.000548268086277, 0.000143911776831, 9.87755192909e-05, 6.83606922394e-05, 0.000102021542261, 0.000106098959805, 8.8659224275e-05, 7.59703980293e-05, 7.31080581318e-05, 8.23074806249e-05, 3.43490100931e-05, 4.44610996055e-05, 4.27122067777e-05, 2.91824890155e-05, 2.01247312361e-05, 1.58034363267e-05, 9.96261132968e-06, 6.37313542029e-06, 1.4439192455e-06, 2.67881546279e-07], "min": [4.34705647519e-25, 3.76329171393e-24, 1.95358523836e-24, 2.03233525037e-24, 6.76596610963e-24, 1.15524356612e-23, 1.34795928759e-23, 5.63468277356e-24, 1.76885334145e-23, 1.49632856219e-23, 2.25925408743e-23, 2.08972393459e-23, 2.73780109391e-23, 2.60188446202e-23, 4.00561952882e-23, 6.56108362865e-23, 5.67951705202e-23, 8.22746520068e-23, 1.2324222461e-22, 1.81990867167e-22, 2.28178963468e-22, 3.2789825203e-22, 4.04148335439e-22, 5.04517468682e-22, 8.62390314652e-22, 1.37930963602e-21, 2.02617426564e-21], "var": [4.62685569858e-08, 2.48340347753e-05, 1.43276947711e-05, 1.12767547762e-05, 3.19616847264e-05, 1.58748352987e-05, 1.55172365339e-05, 2.49719068961e-05, 1.73850276042e-05, 3.37806113748e-06, 2.3277850687e-06, 3.76686534764e-06, 2.75205525213e-06, 8.59119268171e-07, 6.76038837355e-07, 5.84471308684e-07, 2.41732209361e-07, 1.96704910138e-08, 1.13588420447e-07, 2.07619848425e-07, 2.39435507865e-07, 4.39900901483e-07, 4.35592312442e-07, 9.09533213189e-08, 1.40428291218e-08, 2.3873476529e-09, 5.10580133728e-10]}, "barkbands_crest": {"dmean": 1.71372485161, "dmean2": 2.67681574821, "dvar": 2.87812995911, "dvar2": 7.39178800583, "max": 24.0126934052, "mean": 10.5810270309, "median": 10.2165775299, "min": 2.5214035511, "var": 12.4565696716}, "barkbands_flatness_db": {"dmean": 0.0151715669781, "dmean2": 0.0214588996023, "dvar": 0.000269029056653, "dvar2": 0.0005182606983, "max": 0.391934514046, "mean": 0.171479910612, "median": 0.160086020827, "min": 0.0303149446845, "var": 0.00398364057764}, "barkbands_kurtosis": {"dmean": 2.752805233, "dmean2": 3.98482251167, "dvar": 21.0604667664, "dvar2": 39.7611846924, "max": 254.311248779, "mean": 9.1629447937, "median": 4.09781312943, "min": -1.93352246284, "var": 308.386016846}, "barkbands_skewness": {"dmean": 0.394540846348, "dmean2": 0.57175552845, "dvar": 0.195314496756, "dvar2": 0.409367382526, "max": 12.4097509384, "mean": 2.07731938362, "median": 1.86318612099, "min": -3.06109690666, "var": 2.40410161018}, "barkbands_spread": {"dmean": 3.50381493568, "dmean2": 5.25126981735, "dvar": 40.8293533325, "dvar2": 87.1936035156, "max": 127.431976318, "mean": 14.8037376404, "median": 12.4908828735, "min": 0.83221334219, "var": 129.330123901}, "dissonance": {"dmean": 0.0203159358352, "dmean2": 0.0336574949324, "dvar": 0.000449785147794, "dvar2": 0.00117606320418, "max": 0.500000119209, "mean": 0.444529801607, "median": 0.454621136189, "min": 0.132719874382, "var": 0.00170403823722}, "dynamic_complexity": 5.64646816254, "erbbands": {"dmean": [0.0295149944723, 0.351504296064, 1.1606553793, 2.52841687202, 5.08393192291, 5.36669206619, 7.02449941635, 5.60378265381, 8.51992607117, 15.1183805466, 24.3918323517, 12.3965320587, 11.4329967499, 5.95448064804, 8.83615684509, 10.8561964035, 11.0326747894, 11.1794691086, 7.6990442276, 6.27248954773, 7.85648393631, 5.18828582764, 2.20012617111, 3.26313090324, 4.19156551361, 3.84783291817, 4.04702329636, 3.21547818184, 2.86861300468, 2.07044029236, 1.84264016151, 0.899536788464, 0.541744053364, 0.287864923477, 0.14325723052, 0.0631008893251, 0.02463901788, 0.00649838615209, 0.00102044374216, 6.63141327095e-05], "dmean2": [0.0462721697986, 0.549782156944, 1.91140198708, 4.09476232529, 8.20434951782, 8.49674606323, 9.83430957794, 8.18079662323, 12.3275279999, 21.7184410095, 35.579120636, 17.1608276367, 16.8422660828, 8.90252685547, 13.4853906631, 15.6024360657, 16.6561412811, 16.5513954163, 11.1590471268, 9.14850521088, 11.9688043594, 7.9363117218, 3.52142739296, 5.22816371918, 6.54666042328, 5.79557943344, 6.15609645844, 4.78313302994, 4.2743024826, 3.02958512306, 2.69285798073, 1.32002818584, 0.813364803791, 0.418074935675, 0.214755982161, 0.0976106598973, 0.038791179657, 0.0102016301826, 0.0016051356215, 0.00010329001816], "dvar": [0.00842077750713, 0.851449787617, 8.65776252747, 27.7445030212, 131.022506714, 115.846237183, 252.55480957, 158.612442017, 477.957183838, 1718.88012695, 3270.2824707, 1648.60327148, 1395.93151855, 409.990203857, 893.194580078, 1355.40454102, 1058.48095703, 1057.76623535, 621.661376953, 427.463562012, 374.590270996, 148.59777832, 23.7853107452, 84.806137085, 103.372703552, 124.473640442, 183.471237183, 210.249298096, 262.174285889, 131.676361084, 165.55015564, 21.2018013, 14.1324710846, 1.25067508221, 0.174047783017, 0.0433503650129, 0.0086641330272, 0.000683767837472, 1.42154776768e-05, 5.40501048363e-08], "dvar2": [0.0223456975073, 2.39858531952, 24.4196472168, 75.6356048584, 340.54977417, 296.125427246, 484.192810059, 346.757202148, 939.077148438, 3185.58154297, 6925.12158203, 2646.7644043, 2973.71362305, 796.418884277, 2036.35095215, 2388.35058594, 2319.22851562, 2099.15576172, 1244.95568848, 777.582092285, 790.975219727, 324.11630249, 55.6561698914, 213.775848389, 253.003204346, 259.733917236, 414.51461792, 453.372344971, 534.969787598, 237.330123901, 319.350524902, 39.6916542053, 25.3813037872, 1.90150713921, 0.38852122426, 0.105095170438, 0.0215658340603, 0.00169631617609, 3.35378681484e-05, 1.25303074583e-07], "max": [1.9216645956, 14.0169687271, 42.883972168, 97.5016860962, 240.506851196, 252.594314575, 411.458862305, 430.994140625, 506.024475098, 1015.47814941, 1344.87915039, 1463.40551758, 919.572814941, 1134.67822266, 1066.78381348, 1899.57299805, 1189.76403809, 1007.04016113, 828.68347168, 866.860534668, 611.796142578, 288.185058594, 238.974990845, 261.76449585, 262.480529785, 533.066223145, 503.214569092, 780.402954102, 806.016296387, 564.416503906, 753.026123047, 347.038513184, 323.841400146, 101.130012512, 12.1940546036, 3.14360070229, 1.64726436138, 0.518103480339, 0.0587585605681, 0.00368446158245], "mean": [0.121540144086, 1.08338022232, 3.23715925217, 5.83708953857, 9.83127212524, 12.4525251389, 20.3473587036, 14.0792379379, 20.2626266479, 38.6555557251, 54.2066497803, 30.9887123108, 26.5992870331, 13.5698204041, 22.8450717926, 24.1200122833, 23.7227249146, 24.3198776245, 15.8407344818, 14.0372161865, 17.7767333984, 11.5502462387, 4.64476966858, 6.50716590881, 9.36580944061, 8.75966835022, 8.64496898651, 6.09622001648, 5.23599529266, 3.64306521416, 3.03255200386, 1.4301173687, 0.80433934927, 0.468544602394, 0.20641438663, 0.0772942602634, 0.0255931094289, 0.00619293795899, 0.000986133469269, 8.8011896878e-05], "median": [0.0972789973021, 0.698146820068, 2.1382317543, 2.68352985382, 3.8651099205, 4.91172885895, 5.09029579163, 5.2270450592, 5.27238512039, 7.32670116425, 14.4616661072, 5.57987880707, 3.6922352314, 3.11832666397, 4.28868865967, 5.07285690308, 5.03845977783, 5.71387195587, 4.17106056213, 4.02970218658, 5.10306501389, 4.00993013382, 2.35561132431, 2.25888586044, 2.43475389481, 2.08127164841, 1.35990810394, 0.999828696251, 0.746469140053, 0.566211462021, 0.416439771652, 0.236081182957, 0.147386729717, 0.0858733057976, 0.0318261757493, 0.00900089368224, 0.0022986466065, 0.000402432575356, 5.97062280576e-05, 3.07707960019e-05], "min": [1.36200028595e-22, 8.54520890697e-22, 2.46168223282e-21, 6.10212672688e-21, 1.08331062688e-20, 1.3123788297e-20, 4.43170511164e-20, 5.10698919121e-20, 1.37970495e-19, 1.64448042344e-19, 2.75587706329e-19, 4.9691898192e-19, 6.23710466983e-19, 5.53133452566e-19, 1.0403582913e-18, 1.13764248615e-18, 1.22961039121e-18, 1.67000062555e-18, 2.96052035777e-18, 2.86807630687e-18, 4.4102639827e-18, 3.38951256025e-18, 5.46036232571e-18, 5.201812136e-18, 8.16925227319e-18, 9.40508988684e-18, 9.9731057145e-18, 8.13032432638e-18, 1.04972313388e-17, 1.0250666169e-17, 1.08973419099e-17, 9.76429637657e-18, 1.04925172365e-17, 8.3613715879e-18, 5.99048376873e-18, 4.51740372436e-18, 2.44656347148e-18, 9.37973390594e-19, 2.45968488244e-19, 2.78460304264e-20], "var": [0.0157094430178, 1.57436490059, 14.5439805984, 69.6132736206, 289.629486084, 433.70401001, 1842.44494629, 763.412658691, 2267.75805664, 9591.10058594, 11584.2880859, 9365.0390625, 6106.5859375, 1580.19262695, 5116.66308594, 7083.48632812, 3662.7097168, 3828.54248047, 1859.28173828, 2016.99157715, 1743.50708008, 501.457977295, 54.9140472412, 187.483947754, 349.491821289, 399.049835205, 531.553466797, 430.223876953, 604.429138184, 329.245574951, 422.212463379, 58.4853096008, 27.6724052429, 4.32063770294, 0.292379885912, 0.0491553321481, 0.0077857398428, 0.000589712697547, 1.34878309836e-05, 5.47214398239e-08]}, "erbbands_crest": {"dmean": 2.10633444786, "dmean2": 3.22356033325, "dvar": 4.51254987717, "dvar2": 9.94074058533, "max": 30.6693153381, "mean": 10.3349924088, "median": 9.35681343079, "min": 2.03587579727, "var": 23.4704685211}, "erbbands_flatness_db": {"dmean": 0.0140382312238, "dmean2": 0.0194576382637, "dvar": 0.000245807634201, "dvar2": 0.000427262828453, "max": 0.385917812586, "mean": 0.168707087636, "median": 0.164354577661, "min": 0.0247355978936, "var": 0.00266474112868}, "erbbands_kurtosis": {"dmean": 0.738309085369, "dmean2": 1.1038210392, "dvar": 1.36771702766, "dvar2": 2.65212368965, "max": 37.3100585938, "mean": 0.652604758739, "median": -0.0765908956528, "min": -1.87658941746, "var": 6.48624992371}, "erbbands_skewness": {"dmean": 0.286207050085, "dmean2": 0.423869490623, "dvar": 0.0903729423881, "dvar2": 0.184086799622, "max": 4.32508230209, "mean": 0.541678965092, "median": 0.515297651291, "min": -5.32482051849, "var": 0.633608043194}, "erbbands_spread": {"dmean": 6.24608516693, "dmean2": 9.1703119278, "dvar": 72.3024368286, "dvar2": 151.680465698, "max": 177.974563599, "mean": 36.6683731079, "median": 34.4343948364, "min": 2.90517306328, "var": 348.64251709}, "gfcc": {"cov": [[27816.3144531, -782.736816406, -1706.38903809, 1348.30847168, -2317.54931641, 258.285980225, -833.376953125, -216.261917114, -694.649597168, 145.468811035, -420.427825928, -100.930137634, -117.390983582], [-782.736816406, 1555.25219727, -297.176055908, -197.334915161, 445.594665527, -71.7876358032, 134.949905396, 36.6847000122, 132.420639038, -69.4914703369, 86.5464706421, -75.7248382568, -4.47461891174], [-1706.38903809, -297.176055908, 974.260131836, 228.839996338, 188.357711792, 165.432800293, 57.6957855225, 0.97843003273, 13.9387817383, -7.30562067032, 1.99834358692, 50.5357666016, 37.646938324], [1348.30847168, -197.334915161, 228.839996338, 674.174743652, -35.564201355, 81.802154541, -24.8210105896, -50.6614685059, 29.8867149353, -8.36081886292, -26.2584247589, -1.66208708286, 59.9855003357], [-2317.54931641, 445.594665527, 188.357711792, -35.564201355, 596.096862793, -9.95218753815, 115.649719238, 73.6582183838, 116.587890625, -8.75261592865, 48.8751792908, -13.7272205353, 10.0865478516], [258.285980225, -71.7876358032, 165.432800293, 81.802154541, -9.95218753815, 203.663085938, 65.8161315918, 17.8543949127, -6.11309719086, -2.28541707993, 3.17102336884, -3.97081446648, -6.74289321899], [-833.376953125, 134.949905396, 57.6957855225, -24.8210105896, 115.649719238, 65.8161315918, 255.71987915, 64.843208313, 38.0349273682, -11.4553184509, 20.41157341, 0.807379245758, -8.00169563293], [-216.261917114, 36.6847000122, 0.97843003273, -50.6614685059, 73.6582183838, 17.8543949127, 64.843208313, 124.261787415, 30.0490474701, 11.1100940704, 11.9821529388, 3.03633618355, 0.162419557571], [-694.649597168, 132.420639038, 13.9387817383, 29.8867149353, 116.587890625, -6.11309719086, 38.0349273682, 30.0490474701, 133.106826782, 17.2763023376, 16.7845420837, -13.5265607834, 7.6218457222], [145.468811035, -69.4914703369, -7.30562067032, -8.36081886292, -8.75261592865, -2.28541707993, -11.4553184509, 11.1100940704, 17.2763023376, 88.4382705688, 12.2580289841, 0.0468538291752, -2.56271791458], [-420.427825928, 86.5464706421, 1.99834358692, -26.2584247589, 48.8751792908, 3.17102336884, 20.41157341, 11.9821529388, 16.7845420837, 12.2580289841, 102.440170288, 30.6035900116, 4.61379814148], [-100.930137634, -75.7248382568, 50.5357666016, -1.66208708286, -13.7272205353, -3.97081446648, 0.807379245758, 3.03633618355, -13.5265607834, 0.0468538291752, 30.6035900116, 98.2654418945, 29.6762924194], [-117.390983582, -4.47461891174, 37.646938324, 59.9855003357, 10.0865478516, -6.74289321899, -8.00169563293, 0.162419557571, 7.6218457222, -2.56271791458, 4.61379814148, 29.6762924194, 72.0841140747]], "icov": [[0.00011452936451, -0.000158138340339, 0.000183117532288, -0.000344754429534, 0.00033033019281, -0.00024418841349, 0.000270354415989, -0.000308255926939, 0.000466875731945, -0.000361086596968, 0.000357597833499, -0.000207181248697, 0.000329797505401], [-0.000158138340339, 0.00140306109097, 0.000228312041145, 0.000694102956913, -0.00127439049538, 0.000297297810903, -0.000655358715449, 0.000887885398697, -0.00113740121014, 0.00151132768951, -0.00133740284946, 0.00117410661187, -0.000959670229349], [0.000183117532288, 0.000228312041145, 0.00197338405997, -0.000817854772322, -0.000473682535812, -0.00158098631073, 0.00039605674101, -5.7638197859e-07, 0.000779663445428, -0.000315424986184, 0.00069588579936, -0.000962404941674, 0.000182720541488], [-0.000344754429534, 0.000694102956913, -0.000817854772322, 0.00304545555264, -0.00088662689086, 3.81872778235e-05, -0.00068923807703, 0.00181287468877, -0.00230511045083, 0.00142474938184, -0.00090763962362, 0.00127579667605, -0.00275123724714], [0.00033033019281, -0.00127439049538, -0.000473682535812, -0.00088662689086, 0.0041196490638, 0.000152692082338, 0.000314839562634, -0.00198943074793, -2.07086213777e-05, -0.00101224542595, 0.000567371665966, -0.000239530403633, 0.000949808745645], [-0.00024418841349, 0.000297297810903, -0.00158098631073, 3.81872778235e-05, 0.000152692082338, 0.00743655441329, -0.00228950218298, -0.000343804684235, -0.000249373260885, 0.000732086657081, -0.00152164557949, 0.00146734516602, 0.000381292076781], [0.000270354415989, -0.000655358715449, 0.00039605674101, -0.00068923807703, 0.000314839562634, -0.00228950218298, 0.00606883317232, -0.00278448686004, 0.000403594051022, -1.55988655024e-05, 0.000706697173882, -0.00108676403761, 0.00154698186088], [-0.000308255926939, 0.000887885398697, -5.7638197859e-07, 0.00181287468877, -0.00198943074793, -0.000343804684235, -0.00278448686004, 0.011411305517, -0.00270886765793, -2.0446446797e-05, -0.000912329356652, 0.000230222634855, -0.00179446581751], [0.000466875731945, -0.00113740121014, 0.000779663445428, -0.00230511045083, -2.07086213777e-05, -0.000249373260885, 0.000403594051022, -0.00270886765793, 0.0124655449763, -0.00395849905908, 0.000766498385929, 0.000560866086744, 0.000492476625368], [-0.000361086596968, 0.00151132768951, -0.000315424986184, 0.00142474938184, -0.00101224542595, 0.000732086657081, -1.55988655024e-05, -2.0446446797e-05, -0.00395849905908, 0.0143420621753, -0.00344191514887, 0.00164094474167, -0.000833490106743], [0.000357597833499, -0.00133740284946, 0.00069588579936, -0.00090763962362, 0.000567371665966, -0.00152164557949, 0.000706697173882, -0.000912329356652, 0.000766498385929, -0.00344191514887, 0.0137824164703, -0.00580158783123, 0.00205286592245], [-0.000207181248697, 0.00117410661187, -0.000962404941674, 0.00127579667605, -0.000239530403633, 0.00146734516602, -0.00108676403761, 0.000230222634855, 0.000560866086744, 0.00164094474167, -0.00580158783123, 0.015322919935, -0.00671185413375], [0.000329797505401, -0.000959670229349, 0.000182720541488, -0.00275123724714, 0.000949808745645, 0.000381292076781, 0.00154698186088, -0.00179446581751, 0.000492476625368, -0.000833490106743, 0.00205286592245, -0.00671185413375, 0.0191728658974]], "mean": [-63.1662445068, 116.730438232, -103.683197021, 27.9590492249, -46.5577850342, 9.35516452789, -30.8569202423, 4.12801170349, -15.8776884079, 4.04026985168, -12.9952783585, -6.02913284302, -11.1602268219]}, "hfc": {"dmean": 3.73336148262, "dmean2": 5.23222398758, "dvar": 79.498046875, "dvar2": 143.49041748, "max": 440.87399292, "mean": 15.4963006973, "median": 7.99394989014, "min": 1.04347126973e-16, "var": 409.857391357}, "melbands": {"dmean": [0.000323560787365, 0.000554006779566, 0.000478640431538, 0.000384787388612, 0.000229606521316, 0.000132738161483, 0.000131524415337, 0.000179569949978, 0.000184544202057, 7.31594409444e-05, 5.74944715481e-05, 2.49856202572e-05, 2.90116331598e-05, 3.23198109982e-05, 2.68817075266e-05, 2.54172209679e-05, 2.14324900298e-05, 1.32498871608e-05, 9.47997705225e-06, 8.74165925779e-06, 1.05472963696e-05, 6.71340012559e-06, 2.89920330943e-06, 2.37536164605e-06, 2.83951567326e-06, 3.48625735569e-06, 2.95754875879e-06, 2.68840608442e-06, 2.93508878713e-06, 2.12888176065e-06, 1.96027190213e-06, 1.83800909781e-06, 1.35139919166e-06, 1.17886622775e-06, 1.21195171232e-06, 7.88295153598e-07, 4.95535402933e-07, 4.07070245956e-07, 3.16733064665e-07, 2.30741861174e-07], "dmean2": [0.000497226661537, 0.000891290896107, 0.000771728809923, 0.000624762615189, 0.000328892900143, 0.000192055362277, 0.000187794357771, 0.000260956905549, 0.000267511961283, 0.000101466604974, 8.48731797305e-05, 3.72487484128e-05, 4.48794817203e-05, 4.82285431644e-05, 3.96196664951e-05, 3.77638862119e-05, 3.18385536957e-05, 1.93630057765e-05, 1.40916517921e-05, 1.30891821755e-05, 1.6354404579e-05, 1.03303455035e-05, 4.66204255645e-06, 3.91899811802e-06, 4.58871318187e-06, 5.52978781343e-06, 4.61888839709e-06, 4.07100287703e-06, 4.53295706393e-06, 3.27047041537e-06, 2.97846690955e-06, 2.79091591437e-06, 1.94059134628e-06, 1.76960463705e-06, 1.79501591901e-06, 1.16040564535e-06, 7.48202353407e-07, 6.23259893473e-07, 4.70045137035e-07, 3.4037608998e-07], "dvar": [8.09874336483e-07, 1.97865961127e-06, 8.45654767545e-07, 6.66050482323e-07, 2.15315282048e-07, 7.74855308805e-08, 1.02341260799e-07, 2.0504882059e-07, 1.91325611354e-07, 5.93062168264e-08, 3.5273973964e-08, 8.20697199089e-09, 1.01195167801e-08, 1.08780700003e-08, 7.08325131882e-09, 6.44030118124e-09, 3.94968191486e-09, 2.16091566863e-09, 9.54917922513e-10, 1.01670361019e-09, 6.53481158075e-10, 2.55397786253e-10, 5.04958887204e-11, 2.70222802468e-11, 7.16514070298e-11, 8.37638916562e-11, 5.10610824456e-11, 6.98839250357e-11, 9.03828609178e-11, 7.2075262425e-11, 9.60837173714e-11, 1.12412454345e-10, 7.4982513254e-11, 4.67776026247e-11, 7.74957389926e-11, 2.26940116005e-11, 6.09878206964e-12, 8.75412069223e-12, 2.82697454855e-12, 7.67393906666e-13], "dvar2": [2.19566072701e-06, 5.61229762752e-06, 2.30344949159e-06, 1.76694186393e-06, 4.33944734368e-07, 1.69226254343e-07, 1.97126794887e-07, 3.95650971541e-07, 3.93371578866e-07, 9.61711350556e-08, 7.42613366356e-08, 1.64814810688e-08, 2.36215953464e-08, 2.28447678552e-08, 1.34671731544e-08, 1.25998900202e-08, 8.07385536206e-09, 4.44822711998e-09, 1.98872784907e-09, 1.73164693695e-09, 1.42254297231e-09, 5.79120529309e-10, 1.19752902039e-10, 6.63400029355e-11, 1.81831633084e-10, 2.10893316699e-10, 1.18245205294e-10, 1.45089940062e-10, 2.05449809942e-10, 1.74820061205e-10, 2.08394926315e-10, 2.52505544251e-10, 1.35048111582e-10, 9.76601646774e-11, 1.5778564566e-10, 4.04825929723e-11, 1.26255767993e-11, 1.58467770156e-11, 4.97488378617e-12, 1.32469014057e-12], "max": [0.0178090296686, 0.0211333334446, 0.0147700384259, 0.0190038904548, 0.011531399563, 0.00837245862931, 0.00741496449336, 0.0106494594365, 0.0101498942822, 0.00794070586562, 0.00453773001209, 0.00482589192688, 0.00358056556433, 0.00576278287917, 0.00297577679157, 0.00308126187883, 0.0016679468099, 0.00157370965462, 0.000915574259125, 0.0020994276274, 0.000730444851797, 0.000417026516516, 0.000255209975876, 0.000168039172422, 0.000241734291194, 0.000289479939966, 0.000183632306289, 0.00040003831964, 0.000359481637133, 0.000345110602211, 0.000627227942459, 0.000602100626566, 0.000548598822206, 0.000366378109902, 0.000451251165941, 0.000360078323865, 0.000199412883376, 0.000258184591075, 0.000145909565617, 7.38021772122e-05], "mean": [0.00118187326007, 0.00164966995362, 0.00110928283539, 0.000803995819297, 0.000680196564645, 0.000337143486831, 0.000316949794069, 0.000445152749307, 0.000412207649788, 0.000180617324077, 0.000129225300043, 5.10967547598e-05, 7.02647448634e-05, 6.992303679e-05, 5.25532632309e-05, 5.50416880287e-05, 4.27415652666e-05, 2.48408723564e-05, 1.85966127901e-05, 1.8278040443e-05, 2.23658425966e-05, 1.39044577736e-05, 5.26367512066e-06, 4.16288912675e-06, 5.12781252837e-06, 6.88545469529e-06, 6.43570047032e-06, 5.57722205485e-06, 6.06391904512e-06, 3.87872751162e-06, 3.44390014106e-06, 3.14265435009e-06, 2.33352693613e-06, 1.9121139303e-06, 1.89952447727e-06, 1.25042265608e-06, 7.24903202354e-07, 5.68771724829e-07, 4.83484029701e-07, 3.60431073432e-07], "median": [0.000911061244551, 0.00113735650666, 0.000581184169278, 0.000319081416819, 0.000192022329429, 0.000117650502943, 7.75896332925e-05, 8.56633851072e-05, 0.000106305873487, 2.27955060836e-05, 1.63518525369e-05, 1.09355078166e-05, 1.22893343359e-05, 1.33217254188e-05, 1.0980937077e-05, 1.016717124e-05, 9.73406167759e-06, 6.01308693149e-06, 4.89768490297e-06, 5.24763163412e-06, 6.00772000325e-06, 4.23511073677e-06, 1.97047688744e-06, 1.73634998646e-06, 1.44577529682e-06, 1.62583091878e-06, 1.56390342454e-06, 1.15438592729e-06, 8.42250074129e-07, 5.90002059653e-07, 5.11072698828e-07, 4.03521426051e-07, 3.38992123261e-07, 2.76739058336e-07, 2.35989872976e-07, 1.70952944245e-07, 1.11841458761e-07, 9.4293071129e-08, 8.31970794479e-08, 5.98040941213e-08], "min": [1.13065757216e-24, 1.68695459113e-24, 1.02973958263e-24, 8.93510009616e-25, 1.45001114634e-24, 1.44969540477e-24, 2.17801064387e-24, 2.14488479673e-24, 2.53238116199e-24, 2.81401219655e-24, 2.92223996844e-24, 1.5525381163e-24, 2.87929871949e-24, 3.05342063444e-24, 2.65813446496e-24, 2.37065777388e-24, 1.62148150258e-24, 4.06637641245e-24, 2.6447733306e-24, 3.88017920641e-24, 4.50427270651e-24, 3.07172181301e-24, 3.13895859733e-24, 3.2121670587e-24, 2.84620758224e-24, 4.92824363344e-24, 4.7009475631e-24, 4.99023587325e-24, 6.01624729924e-24, 4.77689475232e-24, 4.16225732789e-24, 4.84586210025e-24, 5.47489268632e-24, 4.39007246871e-24, 5.90633136501e-24, 4.19643748762e-24, 4.67869853013e-24, 6.64944504304e-24, 6.33466074844e-24, 5.76716959601e-24], "var": [1.49058053012e-06, 3.33644743478e-06, 2.117342774e-06, 1.6177937141e-06, 1.62793753589e-06, 4.07745773146e-07, 5.27006818629e-07, 1.124063715e-06, 7.12561472938e-07, 3.46336037182e-07, 1.50190260229e-07, 3.05757836827e-08, 4.99870154158e-08, 6.33631600522e-08, 2.13506829994e-08, 2.78181992996e-08, 1.21552039545e-08, 5.78041259303e-09, 3.03008551583e-09, 3.71242281361e-09, 2.750186745e-09, 8.06144151433e-10, 1.08562568657e-10, 5.49544160178e-11, 1.46392523104e-10, 2.22585228027e-10, 1.77029529924e-10, 2.04076963661e-10, 3.01352554022e-10, 1.30720947955e-10, 1.79651793442e-10, 2.23392138121e-10, 1.71345618249e-10, 9.66339230857e-11, 1.78854112076e-10, 6.6223748707e-11, 1.43648929557e-11, 1.57680483254e-11, 7.31590135694e-12, 2.21205866124e-12]}, "melbands_crest": {"dmean": 2.07357549667, "dmean2": 3.29082560539, "dvar": 4.83873462677, "dvar2": 12.2843036652, "max": 30.1415195465, "mean": 14.2571878433, "median": 13.8828639984, "min": 1.63594639301, "var": 20.5320644379}, "melbands_flatness_db": {"dmean": 0.0176992993802, "dmean2": 0.0250393562019, "dvar": 0.000432211585576, "dvar2": 0.000831980898511, "max": 0.548231005669, "mean": 0.255972117186, "median": 0.241823717952, "min": 0.00300716678612, "var": 0.00741204386577}, "melbands_kurtosis": {"dmean": 5.96952438354, "dmean2": 8.75483894348, "dvar": 105.738891602, "dvar2": 215.132049561, "max": 500.804290771, "mean": 20.5581150055, "median": 11.1446456909, "min": -1.85485327244, "var": 1126.93481445}, "melbands_skewness": {"dmean": 0.534564912319, "dmean2": 0.775971710682, "dvar": 0.40753903985, "dvar2": 0.854394614697, "max": 16.4763946533, "mean": 3.01542234421, "median": 2.75267028809, "min": -0.786311328411, "var": 3.87387871742}, "melbands_spread": {"dmean": 3.6676261425, "dmean2": 5.41444158554, "dvar": 61.7914009094, "dvar2": 117.585266113, "max": 246.698028564, "mean": 15.8811168671, "median": 12.2304344177, "min": 0.570038497448, "var": 349.637878418}, "mfcc": {"cov": [[15172.9755859, -1060.87561035, 200.20942688, 561.342773438, -958.012145996, 14.532538414, -277.362945557, -345.182159424, -266.004821777, -94.1832351685, -236.134689331, -55.5278701782, -138.59161377], [-1060.87561035, 1635.41271973, -300.551696777, -105.55078125, 224.399642944, -32.886089325, 84.4119110107, 72.8478851318, 47.084186554, 40.1716041565, 90.2429351807, 36.634147644, 30.649805069], [200.20942688, -300.551696777, 653.498291016, 140.178405762, 48.8455696106, 155.55480957, 54.1227035522, 39.5314369202, 17.4232006073, -32.2099723816, -38.3860435486, 1.809856534, -9.22990131378], [561.342773438, -105.55078125, 140.178405762, 429.237731934, 121.229286194, 104.701522827, 0.254643559456, 13.8779745102, 38.9670295715, 13.7535915375, -26.7610855103, -15.5635156631, 21.0287208557], [-958.012145996, 224.399642944, 48.8455696106, 121.229286194, 390.393035889, 58.8018455505, 25.0150279999, 27.1144332886, 37.6301841736, 52.3192977905, 17.8112545013, -8.82336997986, 17.1539649963], [14.532538414, -32.886089325, 155.55480957, 104.701522827, 58.8018455505, 187.321090698, 48.6763687134, 35.8666496277, 31.6960391998, 12.8447217941, 11.445939064, 6.23735380173, -6.94603490829], [-277.362945557, 84.4119110107, 54.1227035522, 0.254643559456, 25.0150279999, 48.6763687134, 181.703445435, 80.347442627, 34.5370521545, 17.5934734344, 34.2203979492, 18.5460014343, -10.8865432739], [-345.182159424, 72.8478851318, 39.5314369202, 13.8779745102, 27.1144332886, 35.8666496277, 80.347442627, 145.262969971, 45.9936141968, 2.39034509659, 24.8391990662, 9.61724567413, 3.336373806], [-266.004821777, 47.084186554, 17.4232006073, 38.9670295715, 37.6301841736, 31.6960391998, 34.5370521545, 45.9936141968, 131.723556519, 35.4306716919, 16.5551891327, 7.1882686615, -0.289715379477], [-94.1832351685, 40.1716041565, -32.2099723816, 13.7535915375, 52.3192977905, 12.8447217941, 17.5934734344, 2.39034509659, 35.4306716919, 109.460388184, 33.8072395325, 7.68918275833, -2.28609490395], [-236.134689331, 90.2429351807, -38.3860435486, -26.7610855103, 17.8112545013, 11.445939064, 34.2203979492, 24.8391990662, 16.5551891327, 33.8072395325, 91.7993545532, 27.1505050659, -5.04781675339], [-55.5278701782, 36.634147644, 1.809856534, -15.5635156631, -8.82336997986, 6.23735380173, 18.5460014343, 9.61724567413, 7.1882686615, 7.68918275833, 27.1505050659, 83.2567138672, 26.2399692535], [-138.59161377, 30.649805069, -9.22990131378, 21.0287208557, 17.1539649963, -6.94603490829, -10.8865432739, 3.336373806, -0.289715379477, -2.28609490395, -5.04781675339, 26.2399692535, 91.6486816406]], "icov": [[0.000102800258901, -1.40050269692e-05, -1.84330237971e-05, -0.000232528676861, 0.0003117150045, -1.82263011084e-05, 4.79906193505e-05, 0.000125025515445, 0.000163626827998, -0.000127543316921, 0.000138203395181, -6.18733174633e-05, 0.000175722452695], [-1.40050269692e-05, 0.000824093702249, 0.000403550540796, 0.000254527316429, -0.000605692563113, -4.84561360281e-06, -0.000282081105979, -0.00018610432744, -0.00016079308989, 0.000285376736429, -0.000375791161787, -0.000138698203955, -0.000202645809622], [-1.84330237971e-05, 0.000403550540796, 0.00229441118427, -0.000121778713947, -0.00040413919487, -0.00153825501911, -0.000488813850097, -0.000259028543951, -3.380058115e-05, 0.000761363538913, 0.000878806924447, -0.000471059727715, 0.000208759985981], [-0.000232528676861, 0.000254527316429, -0.000121778713947, 0.00370945082977, -0.00151980994269, -0.00137351697776, 0.000191913044546, -0.000281137268757, -0.000973009271547, 0.000153045679326, 0.000508990779053, 0.000657180091366, -0.00124613184016], [0.0003117150045, -0.000605692563113, -0.00040413919487, -0.00151980994269, 0.0044416342862, -0.000445103796665, 0.000251406629104, 0.000249088043347, 0.00045925352606, -0.00181224686094, 0.000184470583918, 0.000717919087037, -0.000101468162029], [-1.82263011084e-05, -4.84561360281e-06, -0.00153825501911, -0.00137351697776, -0.000445103796665, 0.0081077190116, -0.00104342470877, -0.000440699310275, -0.000582143606152, -0.000271732540568, -0.00113633216824, -0.000400610850193, 0.000767680059653], [4.79906193505e-05, -0.000282081105979, -0.000488813850097, 0.000191913044546, 0.000251406629104, -0.00104342470877, 0.00821018218994, -0.00371149089187, -6.06989160588e-05, -0.000822573143523, -0.00101606862154, -0.0010875291191, 0.00129256979562], [0.000125025515445, -0.00018610432744, -0.000259028543951, -0.000281137268757, 0.000249088043347, -0.000440699310275, -0.00371149089187, 0.0104927187786, -0.00250908662565, 0.00165599037427, -0.00152069318574, 0.000616863777395, -0.000840143417008], [0.000163626827998, -0.00016079308989, -3.380058115e-05, -0.000973009271547, 0.00045925352606, -0.000582143606152, -6.06989160588e-05, -0.00250908662565, 0.00997626315802, -0.00310902134515, 0.000504355062731, -0.000536738079973, 0.0006105513894], [-0.000127543316921, 0.000285376736429, 0.000761363538913, 0.000153045679326, -0.00181224686094, -0.000271732540568, -0.000822573143523, 0.00165599037427, -0.00310902134515, 0.012361144647, -0.00401431182399, 6.63072132738e-05, -2.77127437585e-05], [0.000138203395181, -0.000375791161787, 0.000878806924447, 0.000508990779053, 0.000184470583918, -0.00113633216824, -0.00101606862154, -0.00152069318574, 0.000504355062731, -0.00401431182399, 0.0159449037164, -0.00474404077977, 0.00225833919831], [-6.18733174633e-05, -0.000138698203955, -0.000471059727715, 0.000657180091366, 0.000717919087037, -0.000400610850193, -0.0010875291191, 0.000616863777395, -0.000536738079973, 6.63072132738e-05, -0.00474404077977, 0.0157048348337, -0.00531957717612], [0.000175722452695, -0.000202645809622, 0.000208759985981, -0.00124613184016, -0.000101468162029, 0.000767680059653, 0.00129256979562, -0.000840143417008, 0.0006105513894, -2.77127437585e-05, 0.00225833919831, -0.00531957717612, 0.0134616494179]], "mean": [-701.000610352, 143.766387939, 5.86190271378, 24.4377918243, 7.24280261993, 9.20452785492, -0.967892348766, -0.740749835968, 1.22398126125, 4.7355055809, 1.54178190231, 4.18753862381, 3.06767606735]}, "pitch_salience": {"dmean": 0.049099996686, "dmean2": 0.0781123563647, "dvar": 0.00216603791341, "dvar2": 0.00556970061734, "max": 0.901592493057, "mean": 0.516766309738, "median": 0.522848188877, "min": 0.151699274778, "var": 0.0124349370599}, "silence_rate_20dB": {"dmean": 0, "dmean2": 0, "dvar": 0, "dvar2": 0, "max": 1, "mean": 1, "median": 1, "min": 1, "var": 0}, "silence_rate_30dB": {"dmean": 0, "dmean2": 0, "dvar": 0, "dvar2": 0, "max": 1, "mean": 1, "median": 1, "min": 1, "var": 0}, "silence_rate_60dB": {"dmean": 0.0154317729175, "dmean2": 0.0308668073267, "dvar": 0.0151928057894, "dvar2": 0.0341392718256, "max": 1, "mean": 0.149651229382, "median": 0, "min": 0, "var": 0.127260088921}, "spectral_centroid": {"dmean": 162.299072266, "dmean2": 241.637390137, "dvar": 88870.0859375, "dvar2": 193615.796875, "max": 11771.5673828, "mean": 1013.46850586, "median": 819.606262207, "min": 157.010620117, "var": 1228200.5}, "spectral_complexity": {"dmean": 2.17566847801, "dmean2": 3.38794922829, "dvar": 7.52527475357, "dvar2": 16.0356063843, "max": 50, "mean": 13.4797086716, "median": 13, "min": 0, "var": 76.0744018555}, "spectral_contrast_coeffs": {"dmean": [0.0387153066695, 0.0390071794391, 0.0314427018166, 0.0273177102208, 0.0203971322626, 0.0172340963036], "dmean2": [0.0623306892812, 0.0615148060024, 0.0497864820063, 0.0433329865336, 0.0321125984192, 0.026238521561], "dvar": [0.00118591205683, 0.00120394898113, 0.000780623580795, 0.000563524314202, 0.000344613275956, 0.000315334094921], "dvar2": [0.00297000841238, 0.00276333233342, 0.0018243646482, 0.00131276459433, 0.000787090975791, 0.000647220294923], "max": [-0.281053304672, -0.384884148836, -0.478706270456, -0.547082901001, -0.557197570801, -0.58634698391], "mean": [-0.652251780033, -0.69037181139, -0.743538320065, -0.755038499832, -0.774830281734, -0.770336508751], "median": [-0.659332156181, -0.694691538811, -0.749533295631, -0.756790876389, -0.777771830559, -0.768351197243], "min": [-0.979702472687, -0.980001866817, -0.986034452915, -0.969074904919, -0.969574034214, -0.964701533318], "var": [0.00800393056124, 0.00828061718494, 0.00538333691657, 0.00386231718585, 0.00275047821924, 0.00320988241583]}, "spectral_contrast_valleys": {"dmean": [0.318801403046, 0.297253131866, 0.265258997679, 0.249545678496, 0.229836657643, 0.255633562803], "dmean2": [0.515441894531, 0.48281416297, 0.427741527557, 0.396043539047, 0.345422029495, 0.341486752033], "dvar": [0.138584062457, 0.0990774258971, 0.0894649550319, 0.0888179093599, 0.104443542659, 0.143185332417], "dvar2": [0.296469211578, 0.229016602039, 0.19965416193, 0.189465925097, 0.206303745508, 0.245944783092], "max": [-5.28466176987, -4.9376335144, -5.67716026306, -5.85222053528, -5.62678670883, -6.99996709824], "mean": [-7.49343919754, -7.36761331558, -8.31367301941, -8.64016246796, -8.71502876282, -11.2544946671], "median": [-6.94074344635, -6.94086837769, -7.95496559143, -8.21296977997, -8.11071968079, -10.6816062927], "min": [-28.0761127472, -28.0583839417, -27.737033844, -27.7465839386, -27.540063858, -27.4556179047], "var": [5.38711357117, 5.1973657608, 4.86784696579, 4.69669532776, 5.4460568428, 4.94567680359]}, "spectral_decrease": {"dmean": 1.27086385859e-09, "dmean2": 1.94242999463e-09, "dvar": 3.78532158529e-18, "dvar2": 9.27713331789e-18, "max": 2.15805385464e-28, "mean": -6.44187636567e-09, "median": -5.47061063116e-09, "min": -2.77902785228e-08, "var": 2.67675530417e-17}, "spectral_energy": {"dmean": 0.00502387015149, "dmean2": 0.00765102449805, "dvar": 5.86048045079e-05, "dvar2": 0.000141345430166, "max": 0.107284843922, "mean": 0.0257186703384, "median": 0.0215420853347, "min": 9.79021003876e-21, "var": 0.000432092463598}, "spectral_energyband_high": {"dmean": 0.000297603721265, "dmean2": 0.000420967990067, "dvar": 1.58006173478e-06, "dvar2": 2.79491882793e-06, "max": 0.0607761852443, "mean": 0.00063548097387, "median": 0.000125413876958, "min": 7.03547403235e-21, "var": 4.6737577577e-06}, "spectral_energyband_low": {"dmean": 0.00265697436407, "dmean2": 0.00420816196129, "dvar": 3.86769606848e-05, "dvar2": 0.000105866180093, "max": 0.0914721339941, "mean": 0.00891059450805, "median": 0.00672762561589, "min": 9.47854400719e-24, "var": 7.96330496087e-05}, "spectral_energyband_middle_high": {"dmean": 0.000923720537685, "dmean2": 0.00132397608832, "dvar": 2.93257267003e-06, "dvar2": 5.53826248506e-06, "max": 0.054671805352, "mean": 0.00348399626091, "median": 0.00139460642822, "min": 1.15685621238e-21, "var": 2.78558763966e-05}, "spectral_energyband_middle_low": {"dmean": 0.00357997789979, "dmean2": 0.00542156584561, "dvar": 2.69198608294e-05, "dvar2": 6.2205370341e-05, "max": 0.0895739942789, "mean": 0.01401617378, "median": 0.00976060889661, "min": 1.41814534674e-22, "var": 0.000186909470358}, "spectral_entropy": {"dmean": 0.142462775111, "dmean2": 0.204913496971, "dvar": 0.0289441850036, "dvar2": 0.0554042942822, "max": 9.82319164276, "mean": 7.1741528511, "median": 7.22554206848, "min": 5.37210226059, "var": 0.35584628582}, "spectral_flux": {"dmean": 0.0170175489038, "dmean2": 0.0263994447887, "dvar": 0.000529576907866, "dvar2": 0.00119161524344, "max": 0.289296060801, "mean": 0.0561763904989, "median": 0.0488080754876, "min": 6.44764658331e-11, "var": 0.0020012317691}, "spectral_kurtosis": {"dmean": 2.33754634857, "dmean2": 3.97583079338, "dvar": 11.1226167679, "dvar2": 31.949640274, "max": 61.3053436279, "mean": 7.39423656464, "median": 4.95022010803, "min": -1.25742042065, "var": 51.057964325}, "spectral_rms": {"dmean": 0.000453687593108, "dmean2": 0.000663418089971, "dvar": 3.71530234133e-07, "dvar2": 8.01813030193e-07, "max": 0.0102307451889, "mean": 0.0044528413564, "median": 0.00458439392969, "min": 3.09053780831e-12, "var": 5.26344820173e-06}, "spectral_rolloff": {"dmean": 248.07208252, "dmean2": 414.992370605, "dvar": 454726.46875, "dvar2": 1027109.4375, "max": 19767.4804688, "mean": 1027.66650391, "median": 602.9296875, "min": 107.666015625, "var": 4099274}, "spectral_skewness": {"dmean": 0.254707098007, "dmean2": 0.412083029747, "dvar": 0.0835170075297, "dvar2": 0.209261894226, "max": 5.99184036255, "mean": 1.90109717846, "median": 1.73466014862, "min": -0.234047621489, "var": 0.64254963398}, "spectral_spread": {"dmean": 452518.59375, "dmean2": 680856.9375, "dvar": 812118048768, "dvar2": 1743808364540.0, "max": 42727076, "mean": 4405232, "median": 3983562.5, "min": 1288658.125, "var":