{"lowlevel": {"average_loudness": 0.918043076992, "barkbands": {"dmean": [2.86162376142e-05, 0.00384745257907, 0.00270551349968, 0.00137186993379, 0.00301844347268, 0.0017856786726, 0.00111380871385, 0.00107591843698, 0.000598369108047, 0.000507636228576, 0.000311559182592, 0.000291048170766, 8.71208831086e-05, 9.56269068411e-05, 0.000120731034258, 5.57899293199e-05, 5.65983064007e-05, 5.14162711625e-05, 8.29652781249e-05, 8.04111987236e-05, 0.000128305488033, 0.000221247813897, 0.000145509766298, 0.000155279427418, 0.000242181369686, 0.000345217296854, 0.00024682158255], "dmean2": [4.66046367364e-05, 0.00595330679789, 0.00437046587467, 0.00224248482846, 0.00500056846067, 0.00275641237386, 0.00166300532874, 0.00162475043908, 0.000885930261575, 0.000762549694628, 0.000463416101411, 0.00040799373528, 0.000133495152113, 0.000150675914483, 0.000175304172444, 8.98164289538e-05, 9.43754785112e-05, 8.24143498903e-05, 0.000127325634821, 0.000120853816043, 0.000189431404578, 0.000331838062266, 0.000202626222745, 0.000215688007302, 0.000340608210536, 0.000507921446115, 0.000411034940043], "dvar": [6.87488599382e-09, 0.000219980895054, 7.43848431739e-05, 1.64911289176e-05, 1.80370534508e-05, 1.30405087475e-05, 7.06277660356e-06, 7.21940659787e-06, 3.6834767343e-06, 1.36213338919e-06, 3.23778249367e-06, 1.28293913804e-06, 9.95245486024e-08, 8.99327901038e-08, 2.31255455674e-07, 2.6771928674e-08, 3.13418269116e-08, 1.79205450479e-08, 6.10380084254e-08, 1.036859274e-07, 2.93820789921e-07, 8.51844276895e-07, 2.25153527822e-07, 1.84181971008e-07, 2.02359160539e-07, 5.50760034912e-07, 3.99566403075e-07], "dvar2": [1.45604097668e-08, 0.000461977993837, 0.000192023071577, 4.10826432926e-05, 4.87282995891e-05, 2.99110088235e-05, 1.62231244758e-05, 1.59710216394e-05, 8.37877087179e-06, 3.14060912388e-06, 6.56169640934e-06, 2.25218013838e-06, 2.32635514408e-07, 1.98657602368e-07, 3.39461735166e-07, 6.85332111061e-08, 8.62489173414e-08, 4.17419130372e-08, 1.377088239e-07, 2.0466542594e-07, 5.91104083014e-07, 1.6832801748e-06, 4.08966201348e-07, 3.30042013275e-07, 3.93133632315e-07, 1.16599596822e-06, 1.02573301319e-06], "max": [0.0013626673026, 0.23191010952, 0.120595030487, 0.0724178701639, 0.063591234386, 0.102556779981, 0.118057817221, 0.105217017233, 0.0642503574491, 0.0276432298124, 0.076422765851, 0.0663475394249, 0.0137599529698, 0.0120002375916, 0.026711454615, 0.00780661264434, 0.00398324383423, 0.00478107621893, 0.0101838279516, 0.0183483753353, 0.0331992544234, 0.0371252372861, 0.0169124845415, 0.0211463179439, 0.010466533713, 0.00696687120944, 0.00498816231266], "mean": [3.81125319109e-05, 0.00860352348536, 0.00614520395175, 0.00209879060276, 0.00566613767296, 0.00340908695944, 0.00211932556704, 0.00185270328075, 0.00105006748345, 0.000976209819783, 0.000470056605991, 0.000653807655908, 0.000139676034451, 0.00013638602104, 0.000209344769246, 8.16857791506e-05, 6.87557549099e-05, 7.70254046074e-05, 0.000129469844978, 0.000130328990053, 0.000214871426579, 0.000345230277162, 0.000267556868494, 0.000265866518021, 0.000324479129631, 0.000334870594088, 0.000181622890523], "median": [2.15737181861e-05, 0.00249575963244, 0.00322328554466, 0.000426786195021, 0.00370595650747, 0.00163735612296, 0.000856102677062, 0.000784161034971, 0.000285841844743, 0.000296095851809, 5.84385707043e-05, 8.25675815577e-05, 3.18312086165e-05, 2.90920343105e-05, 3.25043874909e-05, 2.21052905545e-05, 2.14833962673e-05, 2.50027151196e-05, 3.65706873708e-05, 3.44160944223e-05, 5.40497785551e-05, 6.82237441652e-05, 7.29885068722e-05, 7.51611951273e-05, 0.000102437988971, 5.46579976799e-05, 1.22522078527e-05], "min": [1.60313309294e-08, 6.88395758175e-08, 1.45747705571e-10, 3.27804627887e-09, 3.77048969824e-09, 1.5980075041e-09, 8.00469690532e-10, 1.38275960126e-10, 2.03146971467e-10, 1.39701264446e-10, 1.79660494815e-10, 1.45760792325e-10, 1.02386439604e-10, 1.02554707782e-10, 2.40697378695e-10, 2.29159191623e-10, 3.07646741415e-10, 3.26366184078e-10, 3.02466524049e-10, 2.82708467747e-10, 3.88114651528e-10, 3.60084517759e-10, 3.0428728981e-10, 3.26661309114e-10, 4.63239613335e-10, 5.49834122676e-10, 5.92232207719e-10], "var": [7.76306574579e-09, 0.000311426469125, 8.7988388259e-05, 2.44599450525e-05, 3.5347580706e-05, 2.7971851523e-05, 1.34894835355e-05, 1.4154067685e-05, 8.01732949185e-06, 3.93566369894e-06, 6.17875821263e-06, 1.11770741569e-05, 1.89144969909e-07, 1.71601442389e-07, 9.17459146876e-07, 3.81156866069e-08, 2.61432084869e-08, 2.81298042637e-08, 1.1800643307e-07, 2.05927733532e-07, 5.65725542856e-07, 1.90754758478e-06, 5.99762586262e-07, 4.53076751228e-07, 3.40505039276e-07, 6.30723718587e-07, 3.02536136587e-07]}, "barkbands_crest": {"dmean": 2.407299757, "dmean2": 3.85730671883, "dvar": 5.5961689949, "dvar2": 14.5812273026, "max": 26.1097145081, "mean": 11.037396431, "median": 10.4292869568, "min": 2.74030089378, "var": 15.5759496689}, "barkbands_flatness_db": {"dmean": 0.0257165003568, "dmean2": 0.03710712865, "dvar": 0.000612568925135, "dvar2": 0.00146127841435, "max": 0.431938529015, "mean": 0.155736580491, "median": 0.148689895868, "min": 0.0242554638535, "var": 0.00282556656748}, "barkbands_kurtosis": {"dmean": 7.22467374802, "dmean2": 11.5859508514, "dvar": 621.20526123, "dvar2": 2148.15649414, "max": 965.167907715, "mean": 12.414232254, "median": 7.32224941254, "min": -1.95875895023, "var": 656.341430664}, "barkbands_skewness": {"dmean": 0.757341206074, "dmean2": 1.16957139969, "dvar": 0.907829940319, "dvar2": 2.56166005135, "max": 28.5314426422, "mean": 2.66818809509, "median": 2.46651887894, "min": -5.59151268005, "var": 2.59187579155}, "barkbands_spread": {"dmean": 9.79175186157, "dmean2": 14.5153799057, "dvar": 162.530914307, "dvar2": 345.228240967, "max": 126.101524353, "mean": 22.4490318298, "median": 16.2840061188, "min": 0.459364831448, "var": 363.901397705}, "dissonance": {"dmean": 0.0280354153365, "dmean2": 0.0461278147995, "dvar": 0.000620369566604, "dvar2": 0.00166359497234, "max": 0.500000119209, "mean": 0.435847431421, "median": 0.441522240639, "min": 0.236177399755, "var": 0.00146457436495}, "dynamic_complexity": 3.1209089756, "erbbands": {"dmean": [0.0738151594996, 1.03192567825, 3.15724349022, 3.62752938271, 6.36401557922, 11.1029605865, 21.1393985748, 10.3209781647, 14.0679426193, 17.0204143524, 24.9862632751, 13.7724514008, 12.2937688828, 17.2950382233, 12.2425851822, 10.3947439194, 4.61982774734, 4.12750101089, 6.30894041061, 3.90361499786, 3.29229640961, 2.57939100266, 2.44195842743, 4.18416452408, 3.38705825806, 3.84635829926, 4.72646284103, 6.20668697357, 8.00566387177, 5.24003124237, 4.37813949585, 3.18528914452, 2.76442742348, 2.64349222183, 1.88188314438, 1.4276945591, 0.601095795631, 0.198494613171, 0.0392969548702, 0.00290127913468], "dmean2": [0.111205741763, 1.60850834846, 5.15733909607, 5.77849340439, 10.6920471191, 18.2663269043, 33.802028656, 15.7440233231, 21.3142776489, 25.5838165283, 37.4790840149, 20.1895484924, 18.3941802979, 25.307434082, 17.579202652, 14.1087722778, 6.7395029068, 6.38325023651, 9.23138523102, 6.02534294128, 5.31544542313, 4.20725154877, 3.89611554146, 6.52411746979, 5.06255054474, 5.74956130981, 7.11517620087, 9.1200428009, 12.1635885239, 7.53262853622, 6.15139198303, 4.49301338196, 3.90953230858, 3.75788092613, 2.65565919876, 2.05532336235, 0.896861970425, 0.315317749977, 0.0652154162526, 0.00493964552879], "dvar": [0.107039168477, 15.016825676, 105.061630249, 123.737838745, 132.964569092, 294.578308105, 1481.9005127, 785.612365723, 1105.59863281, 1826.87426758, 4503.65185547, 2082.26489258, 1287.46875, 2116.79272461, 3872.68603516, 2118.56176758, 267.078674316, 114.407081604, 525.977722168, 183.846450806, 82.670501709, 43.9738235474, 41.9130935669, 135.161468506, 132.066894531, 264.617950439, 333.073730469, 704.379760742, 1123.70471191, 434.162719727, 201.066757202, 82.4166030884, 62.4359779358, 25.7828006744, 13.3967838287, 9.57083892822, 1.70238757133, 0.207342490554, 0.0100354626775, 6.36602708255e-05], "dvar2": [0.219890624285, 33.583480835, 280.358764648, 306.495544434, 354.967163086, 773.793273926, 3745.75585938, 1825.51037598, 2572.60473633, 4289.98828125, 9882.625, 4735.24462891, 3113.25244141, 4580.42871094, 7631.73291016, 2893.43359375, 481.032073975, 246.358779907, 833.509033203, 373.056091309, 203.574554443, 116.606460571, 102.545463562, 307.652130127, 272.920898438, 546.59197998, 647.492858887, 1335.13378906, 2263.98217773, 798.165527344, 391.592132568, 158.914260864, 118.25402832, 51.1237335205, 26.1288166046, 20.1738376617, 3.73694443703, 0.497033506632, 0.0256561953574, 0.000168080892763], "max": [4.8321762085, 60.8755111694, 166.168243408, 222.886810303, 205.163284302, 281.344451904, 967.893066406, 1025.98327637, 1223.43371582, 1150.27709961, 3001.73706055, 1720.29992676, 957.032897949, 1803.57006836, 2485.47143555, 3422.69702148, 1042.55444336, 396.447265625, 1403.58154297, 564.303710938, 282.003082275, 120.375427246, 192.12789917, 374.660186768, 545.631835938, 916.368347168, 1030.99584961, 1599.76501465, 1386.6184082, 885.000427246, 464.112731934, 296.261016846, 437.802276611, 114.288528442, 92.6757049561, 36.4774055481, 12.6333427429, 4.74355745316, 0.863911390305, 0.0758993253112], "mean": [0.117053173482, 2.3825814724, 7.80722093582, 6.52536725998, 10.4191246033, 19.7158660889, 36.5920753479, 20.8438434601, 27.3740215302, 31.6287536621, 42.9737930298, 25.4538288116, 23.2768135071, 33.2323608398, 23.3785743713, 25.4773826599, 8.4571390152, 6.73517274857, 11.8489379883, 6.16575527191, 4.81159448624, 3.50046253204, 3.75831890106, 6.71906805038, 5.52281284332, 6.36171722412, 7.93065738678, 10.0391483307, 12.0733175278, 9.16899776459, 7.8741350174, 5.56946516037, 4.51850271225, 3.76254224777, 2.30114746094, 1.48769855499, 0.556410431862, 0.161794006824, 0.0291341785342, 0.00208067707717], "median": [0.0401234850287, 0.823370933533, 4.29611682892, 2.68859148026, 5.73981761932, 11.5867767334, 18.2757453918, 9.25785064697, 11.0431804657, 14.8894519806, 18.1052761078, 8.58032417297, 8.236328125, 9.52717590332, 4.59164619446, 3.65018177032, 1.99675381184, 1.74184823036, 1.85590481758, 1.55068612099, 1.3114631176, 1.21995937824, 1.28267908096, 2.04397964478, 1.69152355194, 1.75936710835, 2.11465191841, 2.31408905983, 2.42129898071, 2.10028219223, 2.08348751068, 1.53431952, 1.27858710289, 1.14084911346, 0.643623709679, 0.290237367153, 0.0848832577467, 0.016514249146, 0.00209299614653, 0.000153568689711], "min": [2.46385070568e-06, 5.51416133021e-06, 4.58204294773e-06, 7.77454988565e-06, 1.28158917505e-05, 5.58225247005e-06, 3.0151811643e-06, 1.22602777992e-05, 1.58121092682e-05, 4.4853441068e-06, 3.28799683302e-06, 4.70602799396e-06, 5.64677520742e-06, 6.02743011768e-06, 7.63695970818e-06, 5.78806702833e-06, 5.4841320889e-06, 6.3516595219e-06, 1.01030118458e-05, 1.81445448106e-05, 1.23819008877e-05, 1.79750186362e-05, 1.88018093468e-05, 1.88850899576e-05, 1.86226225196e-05, 1.27701823658e-05, 1.4705191461e-05, 1.48725666804e-05, 1.25360265884e-05, 1.13695805339e-05, 8.12525468064e-06, 6.77273965266e-06, 5.70727434024e-06, 3.26661438521e-06, 4.02851810577e-06, 1.9199505914e-06, 1.11363101496e-06, 4.41504454329e-07, 7.16965331549e-08, 9.62645430036e-09], "var": [0.121664367616, 20.8200206757, 122.439506531, 163.879928589, 207.145339966, 548.190307617, 2843.92211914, 1510.04943848, 2231.87231445, 3302.75610352, 7895.43652344, 4580.81201172, 2647.29785156, 5618.02050781, 9712.66210938, 22713.1308594, 753.45098877, 267.158905029, 2536.14135742, 414.7762146, 118.122917175, 45.0883407593, 62.6606941223, 260.404388428, 273.775299072, 500.632843018, 663.388671875, 1482.61535645, 2313.05004883, 1135.59094238, 503.083831787, 197.455123901, 136.825683594, 48.9270858765, 19.7568492889, 11.4964418411, 1.82339978218, 0.184461012483, 0.00767256319523, 4.49710933026e-05]}, "erbbands_crest": {"dmean": 2.62972664833, "dmean2": 4.23428344727, "dvar": 5.79219341278, "dvar2": 14.5247564316, "max": 30.0096359253, "mean": 9.7715959549, "median": 8.88701820374, "min": 2.12440800667, "var": 17.1833724976}, "erbbands_flatness_db": {"dmean": 0.0232672318816, "dmean2": 0.0303874276578, "dvar": 0.00046567057143, "dvar2": 0.000799085188191, "max": 0.310196250677, "mean": 0.129209280014, "median": 0.126611024141, "min": 0.0271064694971, "var": 0.00178614573088}, "erbbands_kurtosis": {"dmean": 1.84948241711, "dmean2": 2.77335119247, "dvar": 5.90595340729, "dvar2": 13.2329759598, "max": 43.581401825, "mean": 2.50082826614, "median": 1.35673952103, "min": -1.91293632984, "var": 15.6009101868}, "erbbands_skewness": {"dmean": 0.460004597902, "dmean2": 0.677946388721, "dvar": 0.225070908666, "dvar2": 0.454289019108, "max": 4.74721574783, "mean": 1.16474330425, "median": 1.19153881073, "min": -5.56783676147, "var": 0.976216673851}, "erbbands_spread": {"dmean": 14.7345466614, "dmean2": 21.1085033417, "dvar": 272.845458984, "dvar2": 552.60345459, "max": 183.989883423, "mean": 51.3913345337, "median": 44.2554168701, "min": 4.07228469849, "var": 885.735473633}, "gfcc": {"cov": [[7035.69824219, -743.440246582, 213.883407593, 10.5262975693, 55.6092262268, 160.820236206, 118.142311096, 89.892906189, -31.6255321503, -26.8494052887, -146.940689087, -42.3554954529, -115.05393219], [-743.440246582, 1287.78649902, -116.360359192, 56.9795303345, 114.669441223, 146.341201782, 112.60634613, 34.2090339661, 65.7178878784, 61.9324378967, 99.4832000732, -35.6827812195, 17.7141437531], [213.883407593, -116.360359192, 1344.60900879, 81.7663803101, 264.332214355, 69.1085968018, 121.186721802, 167.626617432, 90.9173278809, 61.2125091553, -34.4467773438, -24.7116603851, -54.84349823], [10.5262975693, 56.9795303345, 81.7663803101, 764.49810791, -68.5761947632, 97.9688720703, 58.4371070862, 106.353569031, 101.95526886, 0.673139333725, 33.6420211792, -25.7395458221, -8.21195316315], [55.6092262268, 114.669441223, 264.332214355, -68.5761947632, 483.618408203, 72.8262863159, 97.1931610107, 63.8989868164, 47.8839874268, 78.5202636719, 11.1091594696, 24.1777267456, -21.6233062744], [160.820236206, 146.341201782, 69.1085968018, 97.9688720703, 72.8262863159, 249.284820557, 104.368606567, 21.5145111084, 23.5415534973, 42.1066932678, 29.8385639191, -18.1209506989, -14.7813081741], [118.142311096, 112.60634613, 121.186721802, 58.4371070862, 97.1931610107, 104.368606567, 203.007080078, 45.4205055237, 23.5212745667, 38.1859512329, 27.0741138458, 1.34911131859, -18.5170612335], [89.892906189, 34.2090339661, 167.626617432, 106.353569031, 63.8989868164, 21.5145111084, 45.4205055237, 160.800018311, 57.8677139282, 3.15967130661, 12.4825353622, 8.48456859589, -0.311380982399], [-31.6255321503, 65.7178878784, 90.9173278809, 101.95526886, 47.8839874268, 23.5415534973, 23.5212745667, 57.8677139282, 127.168304443, 33.49010849, 11.1509160995, 9.5502204895, 7.33612918854], [-26.8494052887, 61.9324378967, 61.2125091553, 0.673139333725, 78.5202636719, 42.1066932678, 38.1859512329, 3.15967130661, 33.49010849, 100.576972961, 31.4530410767, -7.54070949554, -9.50621795654], [-146.940689087, 99.4832000732, -34.4467773438, 33.6420211792, 11.1091594696, 29.8385639191, 27.0741138458, 12.4825353622, 11.1509160995, 31.4530410767, 92.0712356567, 13.4745368958, -5.32017326355], [-42.3554954529, -35.6827812195, -24.7116603851, -25.7395458221, 24.1777267456, -18.1209506989, 1.34911131859, 8.48456859589, 9.5502204895, -7.54070949554, 13.4745368958, 79.8154830933, 28.5856552124], [-115.05393219, 17.7141437531, -54.84349823, -8.21195316315, -21.6233062744, -14.7813081741, -18.5170612335, -0.311380982399, 7.33612918854, -9.50621795654, -5.32017326355, 28.5856552124, 65.8447341919]], "icov": [[0.000168816957739, 0.000101427380287, 2.91850246867e-05, 2.2209904273e-05, 9.33289447858e-06, -0.000160489784321, -8.03131406428e-05, -0.0001493046002, 2.45754526986e-05, -1.08873973659e-05, 0.000275634229183, -1.57083286467e-05, 0.000263300084043], [0.000101427380287, 0.0010738375131, 0.00017827526608, 0.000102787133073, -0.000256451399764, -0.000386289146263, -0.000384802435292, -9.80567056104e-05, -0.00047945274855, 0.000229311452131, -0.000910228875, 0.00111255282536, -0.000699990894645], [2.91850246867e-05, 0.00017827526608, 0.00103949790355, 2.08713663596e-05, -0.000352177332388, -5.90450181335e-05, -0.000288270210149, -0.000883255794179, -0.000269980693702, -0.000330296286847, 0.000633543764707, 0.000310832925607, 0.000555943523068], [2.2209904273e-05, 0.000102787133073, 2.08713663596e-05, 0.00176779611502, 0.000467616831884, -0.000609380076639, -0.000203144983971, -0.000812008453067, -0.00129783910234, 0.000573558383621, -0.000542169087566, 0.000717506569345, 7.69145990489e-05], [9.33289447858e-06, -0.000256451399764, -0.000352177332388, 0.000467616831884, 0.00311165628955, -0.000399690121412, -0.000515318708494, -0.000831377750728, -0.000120345801406, -0.00196801847778, 0.0010265999008, -0.00178644468542, 0.00122136028949], [-0.000160489784321, -0.000386289146263, -5.90450181335e-05, -0.000609380076639, -0.000399690121412, 0.00589149165899, -0.00225438852794, 0.000624441658147, 0.000108167259896, -0.000805616844445, -0.000856634229422, 0.00117396237329, -0.000448651524493], [-8.03131406428e-05, -0.000384802435292, -0.000288270210149, -0.000203144983971, -0.000515318708494, -0.00225438852794, 0.00739727634937, -0.0011272393167, 0.000646031403448, -0.00109137129039, -0.000400878576329, -0.00135260552634, 0.00142267160118], [-0.0001493046002, -9.80567056104e-05, -0.000883255794179, -0.000812008453067, -0.000831377750728, 0.000624441658147, -0.0011272393167, 0.00955609697849, -0.00311900000088, 0.00259068678133, -0.00178742245771, -2.35335301113e-05, -0.000888793962076], [2.45754526986e-05, -0.00047945274855, -0.000269980693702, -0.00129783910234, -0.000120345801406, 0.000108167259896, 0.000646031403448, -0.00311900000088, 0.0118873128667, -0.00426642503589, 0.00139770971145, -0.00202019070275, -0.00101353263017], [-1.08873973659e-05, 0.000229311452131, -0.000330296286847, 0.000573558383621, -0.00196801847778, -0.000805616844445, -0.00109137129039, 0.00259068678133, -0.00426642503589, 0.0155309736729, -0.00546227721497, 0.0034624109976, -0.000633010116871], [0.000275634229183, -0.000910228875, 0.000633543764707, -0.000542169087566, 0.0010265999008, -0.000856634229422, -0.000400878576329, -0.00178742245771, 0.00139770971145, -0.00546227721497, 0.0159288570285, -0.00530083524063, 0.00385421258397], [-1.57083286467e-05, 0.00111255282536, 0.000310832925607, 0.000717506569345, -0.00178644468542, 0.00117396237329, -0.00135260552634, -2.35335301113e-05, -0.00202019070275, 0.0034624109976, -0.00530083524063, 0.0186856985092, -0.00849749334157], [0.000263300084043, -0.000699990894645, 0.000555943523068, 7.69145990489e-05, 0.00122136028949, -0.000448651524493, 0.00142267160118, -0.000888793962076, -0.00101353263017, -0.000633010116871, 0.00385421258397, -0.00849749334157, 0.0210265778005]], "mean": [7.04050540924, 66.682800293, -56.1842575073, 14.9607257843, -72.3446960449, 7.6143078804, -35.9528579712, 6.32917928696, -26.7296104431, 2.64380288124, -19.5064105988, 0.356333941221, -10.4358119965]}, "hfc": {"dmean": 16.4390773773, "dmean2": 23.5344314575, "dvar": 897.780029297, "dvar2": 1806.7052002, "max": 675.428222656, "mean": 29.6384315491, "median": 16.0758666992, "min": 7.30341052986e-05, "var": 1616.47961426}, "melbands": {"dmean": [0.000865715264808, 0.0015699795913, 0.000683292746544, 0.000602961168624, 0.000670352543239, 0.000250667188084, 0.000221737558604, 0.000188590784092, 0.000192588529899, 8.28784832265e-05, 6.31029979559e-05, 7.36724978196e-05, 4.43351163995e-05, 3.86597057513e-05, 1.75628210854e-05, 8.2817978182e-06, 8.25855386211e-06, 1.03232232505e-05, 8.0745003288e-06, 4.23457640863e-06, 4.275883839e-06, 3.11820849674e-06, 2.23090091822e-06, 2.56295038525e-06, 3.75289528165e-06, 3.0803696518e-06, 2.03220884032e-06, 2.88707565232e-06, 3.23630706589e-06, 2.78559582512e-06, 4.29369947597e-06, 5.02552666148e-06, 4.12469717048e-06, 2.57200281339e-06, 2.70131181423e-06, 2.27444002121e-06, 1.96804194275e-06, 1.83389101949e-06, 2.27178611567e-06, 2.34905269281e-06], "dmean2": [0.00132662558462, 0.00252245878801, 0.00109238747973, 0.00100982305594, 0.00107430596836, 0.000382137281122, 0.000333866482833, 0.000285288435407, 0.000288578594336, 0.000121813951409, 9.46270738496e-05, 0.000108504027594, 6.44645188004e-05, 5.39075226698e-05, 2.41770867433e-05, 1.24012849483e-05, 1.29704249048e-05, 1.52554994202e-05, 1.20406175483e-05, 6.87117380949e-06, 6.99046086083e-06, 5.18722117704e-06, 3.63546564586e-06, 4.09853555539e-06, 5.9085346038e-06, 4.77046933156e-06, 2.97224983115e-06, 4.3858931349e-06, 4.91504806632e-06, 4.17676847064e-06, 6.43316889182e-06, 7.7802069427e-06, 6.25529310128e-06, 3.65646928913e-06, 3.85166504202e-06, 3.31395517605e-06, 2.85483815787e-06, 2.64559139396e-06, 3.28068017552e-06, 3.3783633171e-06], "dvar": [1.24749531096e-05, 2.66009119514e-05, 3.38935069522e-06, 8.73359510933e-07, 1.30565877043e-06, 3.77197352464e-07, 2.78886403748e-07, 1.97149873316e-07, 2.86395646754e-07, 8.44346317308e-08, 3.37932917205e-08, 3.51246143282e-08, 6.28723810792e-08, 2.42874627077e-08, 1.16878764445e-08, 5.43869671521e-10, 5.56871826429e-10, 1.36010480656e-09, 1.38246902814e-09, 2.33891961354e-10, 1.75098560651e-10, 8.16220702138e-11, 3.50026778395e-11, 4.12993285404e-11, 1.13638896904e-10, 1.04370220799e-10, 7.78899028608e-11, 1.43702494348e-10, 1.50464862791e-10, 1.18625012591e-10, 3.71114361464e-10, 4.6914133689e-10, 3.20563936507e-10, 9.76490902027e-11, 7.50233000724e-11, 5.34968458421e-11, 3.22236751171e-11, 3.34339604613e-11, 3.10917749879e-11, 2.0579893692e-11], "dvar2": [2.44246930379e-05, 6.87752981321e-05, 8.25040206109e-06, 2.41587122218e-06, 3.34650417244e-06, 8.7202386112e-07, 6.39899667476e-07, 4.65766760271e-07, 6.35372884972e-07, 1.99427091729e-07, 8.14513043679e-08, 7.60354552654e-08, 1.29921644998e-07, 4.39184653089e-08, 1.55498618426e-08, 1.12782627681e-09, 1.20485710298e-09, 2.37812081139e-09, 2.27595453595e-09, 6.13716022446e-10, 4.37668262743e-10, 2.2157457813e-10, 8.75693337288e-11, 9.75419328642e-11, 2.61962618264e-10, 2.48488396526e-10, 1.54662380125e-10, 3.03640224075e-10, 2.97884023004e-10, 2.4914895147e-10, 7.2169142884e-10, 9.75003744408e-10, 6.86117107573e-10, 1.68600425288e-10, 1.46517992183e-10, 1.13909409682e-10, 6.46690409556e-11, 6.45126729815e-11, 6.50438244931e-11, 4.20940018953e-11], "max": [0.0581001415849, 0.0821035951376, 0.0349533259869, 0.0130276391283, 0.0268116146326, 0.0224047638476, 0.0221302006394, 0.0125933568925, 0.0247864741832, 0.0117711322382, 0.00464483816177, 0.00670136976987, 0.0112162651494, 0.00949138682336, 0.00800601858646, 0.000821722729597, 0.000933255476411, 0.00223656347953, 0.00211790995672, 0.000776996370405, 0.000363419880159, 0.000186046323506, 0.000182528281584, 0.000159807692398, 0.000348962348653, 0.000441224983661, 0.000546228257008, 0.00060836126795, 0.000696131726727, 0.00045673767454, 0.00124190642964, 0.000898382393643, 0.000569730531424, 0.000480270042317, 0.000276136590401, 0.000237615779042, 0.000177399197128, 0.00034862922621, 0.000196303313714, 7.3872070061e-05], "mean": [0.00173526839353, 0.00391068356112, 0.00125541223679, 0.00106474047061, 0.00120428251103, 0.000496836553793, 0.000430337968282, 0.000348534347722, 0.000330369162839, 0.000146311591379, 0.000115104325232, 0.00013959199714, 7.46453442844e-05, 8.04314404377e-05, 3.39112011716e-05, 1.37186871143e-05, 1.1832027667e-05, 1.84041891771e-05, 1.25743472381e-05, 6.01893543717e-06, 5.66612834518e-06, 3.76069942831e-06, 3.05923708765e-06, 3.84922486774e-06, 5.72140925215e-06, 4.52758376923e-06, 3.29936665366e-06, 4.45149726147e-06, 5.01269778397e-06, 4.57852638647e-06, 6.49818321108e-06, 7.18563342161e-06, 6.15596172793e-06, 4.54526843896e-06, 4.65654602522e-06, 3.94578046325e-06, 3.1937206586e-06, 2.93166931442e-06, 3.43552369486e-06, 3.11793269248e-06], "median": [0.000492346007377, 0.00211881846189, 0.000620142905973, 0.000630282971542, 0.000667637446895, 0.000223303970415, 0.000173222462763, 0.000168315149494, 0.000135407201014, 4.07735133194e-05, 3.65826053894e-05, 3.73015755031e-05, 1.20377389976e-05, 1.02915319076e-05, 5.06493051944e-06, 3.66276390196e-06, 2.59768899014e-06, 2.67821837951e-06, 2.10505345422e-06, 1.68998064964e-06, 1.39793974085e-06, 1.12355701276e-06, 9.54334382186e-07, 1.22282210668e-06, 1.58187640409e-06, 1.19810567867e-06, 9.31336558097e-07, 1.11202382413e-06, 1.25043447952e-06, 1.12054885903e-06, 1.32904472139e-06, 1.41735711168e-06, 1.05289723251e-06, 1.08503127194e-06, 1.19399032883e-06, 1.02387491552e-06, 8.3493114289e-07, 8.07818821613e-07, 9.97148049464e-07, 9.01137127585e-07], "min": [2.15702815609e-08, 3.3066860361e-09, 2.9033666582e-09, 8.82625972309e-10, 9.19195761173e-11, 3.59953428175e-10, 2.35369446155e-10, 2.54663460458e-11, 2.59327594121e-11, 3.07177061565e-11, 2.77801167486e-11, 2.36960850247e-11, 2.38415849563e-11, 1.74288136007e-11, 1.3205961498e-11, 7.22270333819e-12, 1.09630776679e-11, 1.33293194191e-11, 2.03234443164e-11, 1.66783514083e-11, 9.24878316294e-12, 1.58208064704e-11, 1.44175383437e-11, 1.65279023107e-11, 1.12657652304e-11, 8.50913350198e-12, 1.34085511791e-11, 6.25627674666e-12, 8.02504590558e-12, 8.38502964978e-12, 8.98257770249e-12, 5.35402278068e-12, 7.98479077996e-12, 5.59692873645e-12, 4.59552448179e-12, 3.93530997719e-12, 4.48912174794e-12, 4.08198821966e-12, 3.75416104453e-12, 2.20802434496e-12], "var": [1.67034741025e-05, 3.24094144162e-05, 4.62796833745e-06, 1.59100000019e-06, 2.49620552495e-06, 7.53280517074e-07, 5.57723012662e-07, 3.9064258317e-07, 4.92772755933e-07, 1.68473732742e-07, 6.93186592571e-08, 9.87183454981e-08, 1.25222456404e-07, 1.42776130474e-07, 5.19011891242e-08, 1.43159595289e-09, 1.08151954059e-09, 5.96307003775e-09, 4.11483691565e-09, 2.59147037163e-10, 2.08054587447e-10, 7.0810392272e-11, 4.62749422114e-11, 6.74180780647e-11, 2.08838307758e-10, 1.73259212533e-10, 1.54868062818e-10, 2.60521687556e-10, 2.84667373007e-10, 2.26868121511e-10, 7.38550443025e-10, 8.75247319065e-10, 6.63174681836e-10, 2.58493421113e-10, 1.85840509648e-10, 1.11021865312e-10, 7.00338606552e-11, 6.89031748324e-11, 6.16882864235e-11, 3.37495482949e-11]}, "melbands_crest": {"dmean": 3.00453495979, "dmean2": 4.88732004166, "dvar": 8.65230369568, "dvar2": 22.762090683, "max": 39.6780509949, "mean": 16.3214130402, "median": 15.6922178268, "min": 4.16885519028, "var": 30.3430480957}, "melbands_flatness_db": {"dmean": 0.0286236125976, "dmean2": 0.0413956642151, "dvar": 0.000845670932904, "dvar2": 0.00188993860502, "max": 0.547418057919, "mean": 0.243666872382, "median": 0.234507724643, "min": 0.0503273718059, "var": 0.00499526597559}, "melbands_kurtosis": {"dmean": 17.1669025421, "dmean2": 27.4751930237, "dvar": 3114.63476562, "dvar2": 10437.8183594, "max": 2064.28027344, "mean": 34.9873542786, "median": 21.2297134399, "min": -1.86975216866, "var": 4282.09570312}, "melbands_skewness": {"dmean": 1.01053249836, "dmean2": 1.53589463234, "dvar": 1.67619049549, "dvar2": 4.49785995483, "max": 38.8340034485, "mean": 3.89926362038, "median": 3.43490624428, "min": -1.21394622326, "var": 5.73325300217}, "melbands_spread": {"dmean": 5.01580715179, "dmean2": 7.64239883423, "dvar": 108.076797485, "dvar2": 238.408126831, "max": 305.531280518, "mean": 14.1301040649, "median": 10.204659462, "min": 0.294163525105, "var": 253.161697388}, "mfcc": {"cov": [[6132.92773438, -534.795471191, -136.246124268, 12.4057378769, -106.343803406, 80.1647567749, 25.2975959778, 130.842346191, 21.3857574463, 57.0927009583, -7.71488714218, -69.1519546509, -27.3785991669], [-534.795471191, 1244.65246582, -55.8523178101, -154.410232544, 105.54737854, 65.5647201538, 129.193740845, -18.4902305603, 40.346912384, 50.0386695862, 39.52784729, 42.0456848145, 70.7497787476], [-136.246124268, -55.8523178101, 912.940612793, 220.141586304, 111.311653137, 31.6718158722, 63.0500030518, 87.4574813843, 94.5404052734, 85.4201049805, 82.6709442139, 46.924331665, -9.51149940491], [12.4057378769, -154.410232544, 220.141586304, 450.77545166, 108.108970642, 32.6825904846, 20.9573936462, 87.0713729858, 66.6971588135, 55.8625564575, 58.352519989, 50.9349212646, 8.21852111816], [-106.343803406, 105.54737854, 111.311653137, 108.108970642, 295.836334229, 49.4899139404, 51.3134117126, 47.4461669922, 71.4361877441, 44.7481842041, 60.338218689, 34.6133766174, 19.2972774506], [80.1647567749, 65.5647201538, 31.6718158722, 32.6825904846, 49.4899139404, 242.503128052, 96.0493011475, 21.5502262115, 34.6405982971, 53.5835418701, 44.4206237793, 23.9174499512, 31.4570674896], [25.2975959778, 129.193740845, 63.0500030518, 20.9573936462, 51.3134117126, 96.0493011475, 199.955657959, 52.5305786133, 21.3905162811, 51.0418930054, 41.0121536255, 28.2299308777, 34.4724388123], [130.842346191, -18.4902305603, 87.4574813843, 87.0713729858, 47.4461669922, 21.5502262115, 52.5305786133, 144.823059082, 55.8263969421, 19.086353302, 27.7718925476, 29.437828064, 14.1787605286], [21.3857574463, 40.346912384, 94.5404052734, 66.6971588135, 71.4361877441, 34.6405982971, 21.3905162811, 55.8263969421, 128.313156128, 31.3792552948, 24.0165233612, 21.728685379, 9.2153673172], [57.0927009583, 50.0386695862, 85.4201049805, 55.8625564575, 44.7481842041, 53.5835418701, 51.0418930054, 19.086353302, 31.3792552948, 132.44921875, 47.729801178, 8.94484519958, 23.2237091064], [-7.71488714218, 39.52784729, 82.6709442139, 58.352519989, 60.338218689, 44.4206237793, 41.0121536255, 27.7718925476, 24.0165233612, 47.729801178, 96.7776489258, 39.5482368469, 10.2730865479], [-69.1519546509, 42.0456848145, 46.924331665, 50.9349212646, 34.6133766174, 23.9174499512, 28.2299308777, 29.437828064, 21.728685379, 8.94484519958, 39.5482368469, 91.5715560913, 29.015707016], [-27.3785991669, 70.7497787476, -9.51149940491, 8.21852111816, 19.2972774506, 31.4570674896, 34.4724388123, 14.1787605286, 9.2153673172, 23.2237091064, 10.2730865479, 29.015707016, 79.2694473267]], "icov": [[0.000180312257726, 7.95280284365e-05, 4.76297536807e-05, 3.49128604284e-05, 6.16854958935e-05, -6.75283299643e-05, -1.02057365439e-05, -0.000211873251828, -2.43215399678e-05, -0.000115644434118, -1.80066599569e-05, 0.000134411704494, 3.73505899915e-05], [7.95280284365e-05, 0.0010490862187, 8.0895209976e-05, 0.000486734788865, -0.000305140216369, 8.9544482762e-05, -0.000570090196561, 0.000319581915392, -0.000403995974921, -0.000195809159777, -0.000140100979479, -0.000230764737353, -0.000513160019182], [4.76297536807e-05, 8.0895209976e-05, 0.00140293256845, -0.000391139939893, -6.10573188169e-05, 0.000187287296285, -0.000271701806923, -0.000208146724617, -0.000544660142623, -0.000504134164657, -0.00046866008779, -0.000183053212822, 0.000587825838011], [3.49128604284e-05, 0.000486734788865, -0.000391139939893, 0.00324501330033, -0.000705984362867, -8.0447003711e-05, 0.000403209385695, -0.00110368279275, -0.000307631707983, -0.000804678653367, -0.000312470714562, -0.00103150447831, 0.000109699591121], [6.16854958935e-05, -0.000305140216369, -6.10573188169e-05, -0.000705984362867, 0.00461456784979, -9.39011370065e-05, -0.000307675538352, -6.80083612679e-05, -0.0016801689053, 0.000106955623778, -0.00178758311085, 0.000256221828749, -0.000278748862911], [-6.75283299643e-05, 8.9544482762e-05, 0.000187287296285, -8.0447003711e-05, -9.39011370065e-05, 0.00561963673681, -0.00229325331748, 0.000881995365489, -0.00111032126006, -0.000701106211636, -0.00124010979198, 1.66882673511e-05, -0.00095104140928], [-1.02057365439e-05, -0.000570090196561, -0.000271701806923, 0.000403209385695, -0.000307675538352, -0.00229325331748, 0.007810538169, -0.00260598165914, 0.00133949192241, -0.00127532659099, -0.000567102513742, -0.000278915773379, -0.00112115568481], [-0.000211873251828, 0.000319581915392, -0.000208146724617, -0.00110368279275, -6.80083612679e-05, 0.000881995365489, -0.00260598165914, 0.0104030659422, -0.00351973623037, 0.00101372704376, -0.000654777919408, -0.0010789996013, -0.000737904047128], [-2.43215399678e-05, -0.000403995974921, -0.000544660142623, -0.000307631707983, -0.0016801689053, -0.00111032126006, 0.00133949192241, -0.00351973623037, 0.0112989190966, -0.00142094062176, 0.00101644778624, -0.000881590123754, 0.000509127858095], [-0.000115644434118, -0.000195809159777, -0.000504134164657, -0.000804678653367, 0.000106955623778, -0.000701106211636, -0.00127532659099, 0.00101372704376, -0.00142094062176, 0.0112392250448, -0.00465151341632, 0.00307518430054, -0.0028671673499], [-1.80066599569e-05, -0.000140100979479, -0.00046866008779, -0.000312470714562, -0.00178758311085, -0.00124010979198, -0.000567102513742, -0.000654777919408, 0.00101644778624, -0.00465151341632, 0.0174265336245, -0.00631366064772, 0.00268322858028], [0.000134411704494, -0.000230764737353, -0.000183053212822, -0.00103150447831, 0.000256221828749, 1.66882673511e-05, -0.000278915773379, -0.0010789996013, -0.000881590123754, 0.00307518430054, -0.00631366064772, 0.0164836011827, -0.0054312008433], [3.73505899915e-05, -0.000513160019182, 0.000587825838011, 0.000109699591121, -0.000278748862911, -0.00095104140928, -0.00112115568481, -0.000737904047128, 0.000509127858095, -0.0028671673499, 0.00268322858028, -0.0054312008433, 0.0166311897337]], "mean": [-659.968444824, 114.509933472, 53.3972396851, 14.673119545, -5.28650426865, -1.47038173676, -1.95656335354, -1.87808454037, 0.345114946365, -1.44959998131, -1.89972174168, -5.02377319336, -2.05326128006]}, "pitch_salience": {"dmean": 0.0691235437989, "dmean2": 0.111692525446, "dvar": 0.00432529579848, "dvar2": 0.0107624074444, "max": 0.831173121929, "mean": 0.516917526722, "median": 0.522477865219, "min": 0.0327540449798, "var": 0.0135305738077}, "silence_rate_20dB": {"dmean": 0, "dmean2": 0, "dvar": 0, "dvar2": 0, "max": 1, "mean": 1, "median": 1, "min": 1, "var": 0}, "silence_rate_30dB": {"dmean": 0.028477134183, "dmean2": 0.0569596365094, "dvar": 0.0276661869138, "dvar2": 0.059184871614, "max": 1, "mean": 0.966905534267, "median": 1, "min": 0, "var": 0.0319992303848}, "silence_rate_60dB": {"dmean": 0.0111268265173, "dmean2": 0.0222557522357, "dvar": 0.0110030211508, "dvar2": 0.0249667707831, "max": 1, "mean": 0.0440316796303, "median": 0, "min": 0, "var": 0.0420928895473}, "spectral_centroid": {"dmean": 219.299118042, "dmean2": 329.722229004, "dvar": 108196.8125, "dvar2": 228488.703125, "max": 8723.27539062, "mean": 860.399353027, "median": 695.045898438, "min": 145.46635437, "var": 367061.625}, "spectral_complexity": {"dmean": 2.437718153, "dmean2": 3.78781580925, "dvar": 9.82858181, "dvar2": 21.9159355164, "max": 50, "mean": 12.0499715805, "median": 11, "min": 0, "var": 33.4165115356}, "spectral_contrast_coeffs": {"dmean": [0.0472642742097, 0.0453582964838, 0.0394907854497, 0.0317417830229, 0.0253628920764, 0.0212045516819], "dmean2": [0.0776132717729, 0.0721722021699, 0.0613902024925, 0.0501033999026, 0.039224948734, 0.0311670675874], "dvar": [0.00160091777798, 0.00146855774801, 0.0011088111205, 0.000709204177838, 0.000532711506821, 0.000371295813238], "dvar2": [0.00414619874209, 0.00369235430844, 0.00257422053255, 0.00170902255923, 0.00117844005581, 0.000772222469095], "max": [-0.250556319952, -0.34926122427, -0.437238544226, -0.453492164612, -0.568121731281, -0.5984775424], "mean": [-0.583467721939, -0.689201772213, -0.726599276066, -0.782937765121, -0.797772109509, -0.801759004593], "median": [-0.591927468777, -0.695043444633, -0.734092831612, -0.79374063015, -0.808735072613, -0.806736946106], "min": [-0.956134319305, -0.927130579948, -0.947566330433, -0.941671311855, -0.929845392704, -0.904298424721], "var": [0.00755300419405, 0.00549170793965, 0.00527361268178, 0.00382900075056, 0.00278224050999, 0.00178306258749]}, "spectral_contrast_valleys": {"dmean": [0.390869021416, 0.334231764078, 0.348007529974, 0.367179572582, 0.326772332191, 0.351568669081], "dmean2": [0.61909776926, 0.523302674294, 0.529053032398, 0.544639110565, 0.464468419552, 0.438416689634], "dvar": [0.161325380206, 0.0896916911006, 0.10534735769, 0.147195801139, 0.135132923722, 0.135891199112], "dvar2": [0.330497056246, 0.201408490539, 0.218439757824, 0.313412755728, 0.276039987803, 0.210877478123], "max": [-4.80760860443, -4.57772541046, -5.48101329803, -6.29368257523, -5.80853748322, -6.99903059006], "mean": [-7.30364131927, -6.66745662689, -7.79689264297, -8.64268875122, -8.25925636292, -9.54514884949], "median": [-6.9683175087, -6.57191562653, -7.72929811478, -8.59988117218, -8.21727657318, -9.4576587677], "min": [-12.7982006073, -13.9678173065, -14.6381826401, -14.7017583847, -14.2944841385, -15.9971914291], "var": [1.33666419983, 0.698280334473, 0.739973127842, 0.795351326466, 0.839285671711, 1.02303695679]}, "spectral_decrease": {"dmean": 2.90306068074e-09, "dmean2": 4.37136060683e-09, "dvar": 3.29030610105e-17, "dvar2": 6.9652028796e-17, "max": 1.81448189807e-11, "mean": -8.82354633802e-09, "median": -7.26441395926e-09, "min": -8.85641213699e-08, "var": 6.25072397114e-17}, "spectral_energy": {"dmean": 0.0118735982105, "dmean2": 0.0175652559847, "dvar": 0.000524197006598, "dvar2": 0.00108313851524, "max": 0.354446560144, "mean": 0.0359904058278, "median": 0.0297477580607, "min": 1.85243507644e-07, "var": 0.00102150905877}, "spectral_energyband_high": {"dmean": 0.0013072140282, "dmean2": 0.00186635518912, "dvar": 7.44576163925e-06, "dvar2": 1.366534525e-05, "max": 0.103121586144, "mean": 0.00201415340416, "median": 0.000675237039104, "min": 3.15261727835e-09, "var": 1.72447416844e-05}, "spectral_energyband_low": {"dmean": 0.00641367956996, "dmean2": 0.0098741799593, "dvar": 0.000400947465096, "dvar2": 0.000893582531717, "max": 0.305513322353, "mean": 0.0158774461597, "median": 0.00968186464161, "min": 1.24218900055e-07, "var": 0.000564505055081}, "spectral_energyband_middle_high": {"dmean": 0.00107092771214, "dmean2": 0.001513132127, "dvar": 5.57146540814e-06, "dvar2": 1.10657883852e-05, "max": 0.0855438485742, "mean": 0.00291144102812, "median": 0.00115269434173, "min": 4.34180424946e-09, "var": 3.34824180754e-05}, "spectral_energyband_middle_low": {"dmean": 0.00624344777316, "dmean2": 0.00972313340753, "dvar": 7.82217248343e-05, "dvar2": 0.000178987131221, "max": 0.177987903357, "mean": 0.0163469314575, "median": 0.012667925097, "min": 1.83998984937e-08, "var": 0.000194136810023}, "spectral_entropy": {"dmean": 0.253882020712, "dmean2": 0.353443562984, "dvar": 0.0644886121154, "dvar2": 0.122908748686, "max": 9.11179733276, "mean": 7.45067501068, "median": 7.48344135284, "min": 5.37679433823, "var": 0.273466944695}, "spectral_flux": {"dmean": 0.0292553994805, "dmean2": 0.0455626659095, "dvar": 0.00155946984887, "dvar2": 0.00352275464684, "max": 0.524685442448, "mean": 0.0820625796914, "median": 0.0681675374508, "min": 0.00017532374477, "var": 0.00324940308928}, "spectral_kurtosis": {"dmean": 1.29646527767, "dmean2": 1.86642897129, "dvar": 4.67197322845, "dvar2": 8.48330879211, "max": 48.8912773132, "mean": 3.3963637352, "median": 2.58866739273, "min": -1.2368478775, "var": 12.4537410736}, "spectral_rms": {"dmean": 0.000886320020072, "dmean2": 0.00127568445168, "dvar": 1.54728388679e-06, "dvar2": 2.83589633909e-06, "max": 0.0185957401991, "mean": 0.00544044841081, "median": 0.00538722611964, "min": 1.34434139909e-05, "var": 5.51410948901e-06}, "spectral_rolloff": {"dmean": 906.621948242, "dmean2": 1624.03283691, "dvar": 5286006.5, "dvar2": 13621145, "max": 16795.8984375, "mean": 1329.70678711, "median": 581.396484375, "min": 21.533203125, "var": 5138910}, "spectral_skewness": {"dmean": 0.249721676111, "dmean2": 0.351641654968, "dvar": 0.083848580718, "dvar2": 0.147777363658, "max": 5.95532464981, "mean": 1.63567590714, "median": 1.58261156082, "min": -0.414629220963, "var": 0.405839174986}, "spectral_spread": {"dmean": 1528666.375, "dmean2": 1947521, "dvar": 2677582069760.0, "dvar2": 4384845463550.0, "max": 22254674, "mean": 7896446, "median": 7510169, "min": 1535234, "var": 7307795103740.0}, "spectral_strongpeak": {"dmean": 0.337061166763, "dmean2": 0.562497377396, "d