{"lowlevel": {"average_loudness": 0.468547850847, "barkbands": {"dmean": [0.000291226257104, 0.00164580554701, 0.000761290197261, 0.000811693433207, 0.00174517219421, 0.000901378050912, 0.00076865934534, 0.000555884616915, 0.000593983219005, 0.000195404369151, 0.000197690300411, 0.000152841923409, 0.000153527260409, 0.000131857246743, 9.87972525763e-05, 7.59322501835e-05, 5.72373210161e-05, 2.20312413148e-05, 3.54039839294e-05, 2.60179513134e-05, 2.64562604571e-05, 2.303817746e-05, 1.38765144584e-05, 2.0833538656e-05, 2.48116939474e-05, 4.55655936094e-05, 8.83381380845e-06], "dmean2": [0.000451235420769, 0.00273796939291, 0.00132759101689, 0.00132470019162, 0.00274847098626, 0.0013526083203, 0.00105126434937, 0.000833436206449, 0.000815774023067, 0.000278294377495, 0.000289559597149, 0.000221375812544, 0.000223114257096, 0.000194539679796, 0.000146781661897, 0.00010882603965, 8.33328231238e-05, 3.40968144883e-05, 5.26046205778e-05, 3.79801385861e-05, 3.61906386388e-05, 3.16950608976e-05, 1.95834036276e-05, 2.98785471387e-05, 3.86106439692e-05, 7.64596334193e-05, 1.47792770804e-05], "dvar": [1.33848993755e-06, 3.97506228182e-05, 1.02578815131e-05, 4.03270405513e-06, 1.39014900924e-05, 4.83516805616e-06, 5.3397393458e-06, 3.59322643817e-06, 7.31497266315e-06, 6.92505864208e-07, 7.96580536644e-07, 6.2943007606e-07, 4.42500748932e-07, 4.05491164202e-07, 1.99917522536e-07, 1.03621609071e-07, 3.17143573625e-08, 1.22150023429e-08, 1.91097324631e-08, 8.3835427489e-09, 1.97087235421e-08, 3.17051167542e-08, 9.44060207786e-09, 3.30030260898e-08, 1.87310078559e-08, 9.88978214878e-08, 3.94640142787e-09], "dvar2": [3.02545413433e-06, 0.000110037137347, 2.95869849651e-05, 1.00400657175e-05, 3.43663414242e-05, 1.02940221041e-05, 9.42047972785e-06, 7.17342436474e-06, 1.44581126733e-05, 1.37342431117e-06, 1.84305474704e-06, 1.24899429466e-06, 9.58280793384e-07, 9.2124520279e-07, 4.38901793132e-07, 1.97668583723e-07, 5.70605678263e-08, 2.9425676118e-08, 3.94836696671e-08, 1.7692959986e-08, 3.71330024507e-08, 6.15217885525e-08, 1.78372570048e-08, 7.00382045693e-08, 4.32287059482e-08, 2.59700016159e-07, 1.02775148392e-08], "max": [0.0242012571543, 0.122807532549, 0.0472615770996, 0.0424041226506, 0.0697245895863, 0.0559013709426, 0.0614432990551, 0.0490733496845, 0.119907215238, 0.0389019846916, 0.0288009345531, 0.0381539948285, 0.0199420787394, 0.0266407467425, 0.0211607459933, 0.0128378150985, 0.00705566536635, 0.00458923820406, 0.00526396231726, 0.0037887096405, 0.00799242127687, 0.00911990460008, 0.00454608723521, 0.0161166377366, 0.00562246097252, 0.00580908311531, 0.00116738781799], "mean": [0.000376829179004, 0.00422631576657, 0.00100577389821, 0.00141325965524, 0.00402786582708, 0.00230507180095, 0.00193678145297, 0.00108226202428, 0.00132790929638, 0.000446812686278, 0.000394311355194, 0.000281816610368, 0.000304189947201, 0.00026916799834, 0.000218616129132, 0.000168581085745, 0.000131389955641, 3.83296319342e-05, 7.49301761971e-05, 5.79537045269e-05, 4.7728233767e-05, 3.72224239982e-05, 2.05634169106e-05, 2.94861220027e-05, 2.97278002108e-05, 3.69145673176e-05, 6.50620950182e-06], "median": [5.27866941411e-05, 0.00311248190701, 0.00028727541212, 0.000355800497346, 0.00145887502003, 0.00056647072779, 0.000276168866549, 9.1170622909e-05, 9.16293502087e-05, 3.10153518512e-05, 4.1561688704e-05, 2.26536976697e-05, 1.59867031471e-05, 1.10908804345e-05, 2.25864878303e-05, 1.07374326035e-05, 1.19372753034e-05, 6.05725108471e-06, 5.40472774446e-06, 5.92652304476e-06, 3.06301330966e-06, 1.59962939961e-06, 9.60279066931e-07, 1.69665486283e-06, 1.86642273547e-06, 1.00521810964e-06, 2.85946022416e-08], "min": [1.17078949021e-24, 1.21771787882e-23, 5.53231623819e-24, 1.45108470715e-23, 2.02790989847e-23, 2.27987333377e-23, 9.80514031056e-24, 1.48358325209e-23, 2.17226544878e-23, 2.41542803628e-23, 4.17898338789e-23, 4.09265802349e-23, 2.35129664236e-23, 4.47055868469e-23, 7.21845593601e-23, 5.96257422877e-23, 7.6797584431e-23, 9.64761551629e-23, 1.49631161746e-22, 2.32888425207e-22, 2.86903157648e-22, 3.53420136368e-22, 4.79289267792e-22, 8.02691946674e-22, 1.08782974721e-21, 1.67769302962e-21, 2.07343604581e-21], "var": [1.62038975304e-06, 3.92539695895e-05, 8.28990869195e-06, 9.29268844629e-06, 4.09899730585e-05, 1.91694089153e-05, 2.42793903453e-05, 1.00614815892e-05, 1.99686182896e-05, 2.87629654849e-06, 2.02061892196e-06, 1.43688305343e-06, 1.20785125546e-06, 1.17242552733e-06, 6.66246137371e-07, 3.86698388866e-07, 1.53010361714e-07, 2.41120901023e-08, 7.00519748875e-08, 3.32949916526e-08, 4.52139268248e-08, 8.15987206693e-08, 2.27218226456e-08, 4.94813150453e-08, 2.35631141265e-08, 7.2607463153e-08, 2.90616197773e-09]}, "barkbands_crest": {"dmean": 1.87112128735, "dmean2": 2.95559930801, "dvar": 3.68429040909, "dvar2": 9.08524799347, "max": 25.7729644775, "mean": 12.4848232269, "median": 11.9239292145, "min": 1.84644389153, "var": 20.5618839264}, "barkbands_flatness_db": {"dmean": 0.0168742444366, "dmean2": 0.0244323369116, "dvar": 0.000354404503014, "dvar2": 0.000685166567564, "max": 0.503268718719, "mean": 0.226792231202, "median": 0.218200415373, "min": 0.0138009795919, "var": 0.00615444825962}, "barkbands_kurtosis": {"dmean": 3.74338150024, "dmean2": 5.80220556259, "dvar": 44.2330780029, "dvar2": 106.559082031, "max": 160.18019104, "mean": 10.0128545761, "median": 6.60819959641, "min": -1.90415525436, "var": 157.475204468}, "barkbands_skewness": {"dmean": 0.46732634306, "dmean2": 0.706279218197, "dvar": 0.315663933754, "dvar2": 0.716314256191, "max": 10.1382417679, "mean": 2.09588861465, "median": 1.96857619286, "min": -3.33760023117, "var": 1.86357676983}, "barkbands_spread": {"dmean": 3.1365571022, "dmean2": 4.65454769135, "dvar": 58.6463851929, "dvar2": 121.3020401, "max": 126.508132935, "mean": 11.1469287872, "median": 7.47785139084, "min": 0.527231156826, "var": 160.704650879}, "dissonance": {"dmean": 0.0288859046996, "dmean2": 0.0482569783926, "dvar": 0.00107065192424, "dvar2": 0.00294128293172, "max": 0.500000238419, "mean": 0.422876477242, "median": 0.432282716036, "min": 0, "var": 0.00237453449517}, "dynamic_complexity": 6.35571527481, "erbbands": {"dmean": [0.0591418817639, 0.34380748868, 0.820056259632, 1.73553729057, 4.79699420929, 6.57916688919, 7.09963560104, 6.66257238388, 9.36126899719, 11.5079069138, 14.1910533905, 12.1867418289, 6.71651029587, 7.2145986557, 5.46625518799, 6.06080770493, 6.51597213745, 7.16308259964, 4.84745740891, 4.18267917633, 3.6141269207, 2.85686707497, 1.16047036648, 1.64619600773, 1.60512363911, 1.07207262516, 1.04568481445, 1.0623960495, 0.964421153069, 0.419458210468, 0.421363145113, 0.456379920244, 0.326975435019, 0.232156276703, 0.2350730896, 0.234008386731, 0.0654704421759, 0.0127098690718, 0.00151487230323, 6.25830871286e-05], "dmean2": [0.0994717925787, 0.576393544674, 1.44480752945, 2.8833091259, 7.64493274689, 10.34375, 11.0115404129, 9.79311561584, 13.0558710098, 16.1792793274, 20.7419948578, 16.6297206879, 9.70170783997, 10.2621412277, 7.88450622559, 8.68141651154, 9.30114555359, 10.258275032, 6.96996068954, 6.13986158371, 5.07193374634, 4.05952453613, 1.73808252811, 2.47033977509, 2.31431722641, 1.52961444855, 1.47286903858, 1.43606376648, 1.32504332066, 0.587707340717, 0.611936569214, 0.667823672295, 0.484475791454, 0.341460436583, 0.378045290709, 0.39031496644, 0.110494367778, 0.0214076153934, 0.00250689056702, 0.000104677390482], "dvar": [0.0546526946127, 1.74446499348, 12.3687019348, 23.4225025177, 112.20967865, 220.624191284, 346.609619141, 319.084899902, 766.172363281, 1451.07824707, 2643.375, 2948.49414063, 637.602844238, 1328.28515625, 790.902893066, 816.370239258, 802.468811035, 1081.39318848, 563.257324219, 261.132843018, 204.513793945, 85.5433273315, 29.0381069183, 50.5984039307, 33.2575454712, 14.032740593, 33.6136741638, 38.854183197, 60.0170211792, 10.4932851791, 10.1224527359, 24.0814228058, 4.04588317871, 2.21006298065, 1.9206776619, 2.52897834778, 0.209257692099, 0.00799792911857, 0.000114583723189, 1.69723605836e-07], "dvar2": [0.149220630527, 4.93551492691, 35.9640274048, 62.4428482056, 284.062438965, 539.86315918, 809.575256348, 656.481628418, 1467.16503906, 2667.07958984, 5394.75537109, 5680.12255859, 1318.43737793, 3031.21606445, 1608.38037109, 1716.73913574, 1816.66027832, 2316.36010742, 1184.19885254, 539.757263184, 387.248413086, 150.512786865, 68.6957550049, 103.008110046, 68.5558395386, 27.7351322174, 65.1321105957, 75.1552505493, 118.094688416, 20.3092594147, 20.6762161255, 50.6696090698, 8.15657424927, 4.67264556885, 4.93453359604, 6.64827346802, 0.550331532955, 0.0210790336132, 0.000294265191769, 4.42677190904e-07], "max": [4.09729671478, 25.0169448853, 49.4929046631, 92.3348693848, 222.218261719, 318.844451904, 506.621490479, 507.190582275, 918.265075684, 1217.91906738, 1450.6418457, 2491.92675781, 853.286376953, 1325.73706055, 1410.92858887, 981.945983887, 996.094360352, 1580.90527344, 1292.69116211, 648.810546875, 556.25378418, 380.773376465, 267.067047119, 263.040588379, 171.793991089, 156.582305908, 407.567626953, 217.438674927, 362.376678467, 175.152267456, 169.561523438, 438.671417236, 134.938598633, 102.472900391, 32.2679748535, 30.9121417999, 8.30448913574, 1.81128931046, 0.195685684681, 0.00737906713039], "mean": [0.153713807464, 0.822232723236, 1.22025346756, 3.08952569962, 9.62954616547, 14.8910264969, 17.3101062775, 16.2944507599, 24.1015052795, 26.4980773926, 30.3639202118, 28.7154788971, 15.8147382736, 16.6352596283, 10.8383655548, 11.9922847748, 14.1962995529, 15.3864364624, 11.2536745071, 10.1882648468, 9.24223899841, 6.92930650711, 2.3952293396, 3.34170460701, 3.57373690605, 2.4770257473, 2.1196410656, 1.86951994896, 1.52749931812, 0.673703968525, 0.616160511971, 0.625371158123, 0.474770396948, 0.318685859442, 0.237157925963, 0.193169012666, 0.052939735353, 0.00990202277899, 0.0011325632222, 6.38685014565e-05], "median": [0.087782330811, 0.560383856297, 0.468108028173, 1.06119406223, 3.25401735306, 4.99779462814, 4.89249181747, 3.78068447113, 4.16482448578, 4.04329776764, 3.02226758003, 2.1499569416, 1.43370580673, 1.5661239624, 1.10990536213, 1.11908686161, 1.06973004341, 0.983869791031, 1.04050469398, 1.34376192093, 0.893813312054, 0.660886228085, 0.400984108448, 0.339857012033, 0.263297885656, 0.264601409435, 0.161516264081, 0.0972550138831, 0.0643605813384, 0.0368618667126, 0.0265293661505, 0.0320966094732, 0.0281591564417, 0.0179579295218, 0.0141298109666, 0.00660696299747, 0.00135548785329, 0.000178483693162, 1.43659126479e-05, 1.45874710142e-05], "min": [4.08932417108e-22, 2.41350784786e-21, 8.76635673426e-21, 4.33148474872e-20, 2.54676632143e-20, 6.09959235534e-20, 1.3530194572e-19, 1.43560840073e-19, 2.09610940567e-19, 2.38831677317e-19, 5.61736751322e-19, 5.39641826583e-19, 6.12672723986e-19, 1.30908383651e-18, 1.856942927e-18, 1.68468318482e-18, 1.12164708785e-18, 3.20569875928e-18, 3.94404555072e-18, 2.60406176204e-18, 4.15175060253e-18, 5.33163523801e-18, 6.29625645883e-18, 9.04654596879e-18, 9.73833614022e-18, 1.25290813996e-17, 1.35897453206e-17, 1.21649341601e-17, 1.22551092545e-17, 1.55082534394e-17, 1.2919035847e-17, 1.39307935415e-17, 1.54296332309e-17, 1.05745611456e-17, 7.10406367426e-18, 5.5261446911e-18, 3.1323425214e-18, 1.0615120913e-18, 2.98632518755e-19, 2.84472065548e-20], "var": [0.0587071366608, 1.63838171959, 9.35135555267, 37.3143043518, 290.744476318, 667.13079834, 1157.05651855, 1108.51818848, 3292.57641602, 5184.58251953, 7677.68066406, 9327.55371094, 2518.98071289, 4243.92919922, 1791.60595703, 2073.77856445, 2313.7668457, 3098.43017578, 1703.59350586, 978.561706543, 852.689453125, 431.707305908, 64.4672470093, 155.809555054, 130.654418945, 57.8305892944, 71.8544692993, 96.9111328125, 140.87449646, 29.0217456818, 20.6552505493, 32.5970153809, 7.40312862396, 3.47515964508, 1.7013219595, 1.86291611195, 0.152762413025, 0.00581502029672, 8.66697228048e-05, 1.24377280031e-07]}, "erbbands_crest": {"dmean": 2.08879685402, "dmean2": 3.30014967918, "dvar": 4.30608224869, "dvar2": 11.2355203629, "max": 33.7248306274, "mean": 10.4988794327, "median": 9.72498703003, "min": 2.48460316658, "var": 16.7747478485}, "erbbands_flatness_db": {"dmean": 0.0146599328145, "dmean2": 0.0211503896862, "dvar": 0.000261276349192, "dvar2": 0.00050159037346, "max": 0.410375595093, "mean": 0.198075503111, "median": 0.197842016816, "min": 0.0389142408967, "var": 0.00290491338819}, "erbbands_kurtosis": {"dmean": 1.3539506197, "dmean2": 2.0947098732, "dvar": 4.54526424408, "dvar2": 11.1190633774, "max": 49.7311172485, "mean": 2.30909919739, "median": 1.03132164478, "min": -1.84555208683, "var": 16.3268966675}, "erbbands_skewness": {"dmean": 0.351902723312, "dmean2": 0.526432454586, "dvar": 0.153646618128, "dvar2": 0.347261220217, "max": 5.83075618744, "mean": 0.9054672122, "median": 0.906709134579, "min": -6.6767449379, "var": 1.04419028759}, "erbbands_spread": {"dmean": 5.84796094894, "dmean2": 8.75200557709, "dvar": 89.0814361572, "dvar2": 190.472000122, "max": 148.966415405, "mean": 28.3890552521, "median": 25.0063228607, "min": 2.40019702911, "var": 314.256774902}, "gfcc": {"cov": [[27896.5136719, -1110.49475098, -2354.28833008, 239.735595703, -1806.31518555, 353.925018311, -1293.85595703, 585.174743652, -550.559509277, 719.883666992, -275.75378418, -89.5853424072, 3.27716016769], [-1110.49475098, 2215.22680664, 89.5046844482, -101.625686646, 521.605773926, -189.562026978, 302.274414063, -219.466720581, 139.052825928, -208.581558228, 158.502548218, -84.9157409668, 69.0448074341], [-2354.28833008, 89.5046844482, 1103.36303711, 117.142288208, 179.550186157, 42.9610443115, 122.13886261, 15.0465364456, 37.1767196655, -55.1785202026, 14.772813797, 80.0836410522, -16.7973842621], [239.735595703, -101.625686646, 117.142288208, 668.281921387, 14.7591810226, -44.2502670288, 24.5030727386, 36.1940956116, 71.2502746582, -63.5238647461, -7.62917852402, 25.629737854, 87.6647720337], [-1806.31518555, 521.605773926, 179.550186157, 14.7591810226, 587.658813477, -14.2475748062, 123.230781555, -47.1001586914, 128.427734375, -20.3182601929, 20.9553794861, 29.6418132782, 24.5556163788], [353.925018311, -189.562026978, 42.9610443115, -44.2502670288, -14.2475748062, 252.942169189, 8.40453529358, 47.3320655823, -6.57743310928, 62.7740783691, 14.3258924484, 3.56825375557, -22.1009788513], [-1293.85595703, 302.274414063, 122.13886261, 24.5030727386, 123.230781555, 8.40453529358, 363.190093994, 21.3963279724, 31.3913021088, -57.2065849304, 71.638671875, 33.3664703369, 11.7238388062], [585.174743652, -219.466720581, 15.0465364456, 36.1940956116, -47.1001586914, 47.3320655823, 21.3963279724, 187.36328125, 18.4245510101, 34.6168327332, -11.2262983322, 31.5862464905, 15.8589162827], [-550.559509277, 139.052825928, 37.1767196655, 71.2502746582, 128.427734375, -6.57743310928, 31.3913021088, 18.4245510101, 178.136459351, 17.8844013214, 11.3300361633, -0.0481682568789, 46.4161109924], [719.883666992, -208.581558228, -55.1785202026, -63.5238647461, -20.3182601929, 62.7740783691, -57.2065849304, 34.6168327332, 17.8844013214, 177.609573364, 14.0927801132, 12.5048618317, -18.1119308472], [-275.75378418, 158.502548218, 14.772813797, -7.62917852402, 20.9553794861, 14.3258924484, 71.638671875, -11.2262983322, 11.3300361633, 14.0927801132, 143.127258301, 11.7031412125, 1.0355257988], [-89.5853424072, -84.9157409668, 80.0836410522, 25.629737854, 29.6418132782, 3.56825375557, 33.3664703369, 31.5862464905, -0.0481682568789, 12.5048618317, 11.7031412125, 132.080856323, 13.427983284], [3.27716016769, 69.0448074341, -16.7973842621, 87.6647720337, 24.5556163788, -22.1009788513, 11.7238388062, 15.8589162827, 46.4161109924, -18.1119308472, 1.0355257988, 13.427983284, 115.387817383]], "icov": [[0.000105980521766, -0.000209122139495, 0.000169929699041, -0.00018151414406, 0.000273620331427, -0.000174173575942, 0.000306557078147, -0.000387412292184, 0.000335332617396, -0.000459338189103, 0.000232988066273, -0.000151323896716, 2.37998810917e-05], [-0.000209122139495, 0.001359581016, -0.000322674721247, 0.000652266840916, -0.00114358193241, 0.000770939863287, -0.000988996005617, 0.00136245007161, -0.000970469904132, 0.00167316722218, -0.00131188158412, 0.000968841079157, -0.000493823667057], [0.000169929699041, -0.000322674721247, 0.00134054536466, -0.000471384060802, 0.000179078531801, -0.000541242130566, 0.000337099685566, -0.00064241536893, 0.000414851034293, -0.000335312652169, 0.000394082831917, -0.000827222364023, 0.000527014199179], [-0.00018151414406, 0.000652266840916, -0.000471384060802, 0.00221106223762, -0.000479918817291, 0.00058352923952, -0.000559149775654, 0.000578065577429, -0.00125783181284, 0.00162753195036, -0.000642744766083, 0.000273052806733, -0.00120689941105], [0.000273620331427, -0.00114358193241, 0.000179078531801, -0.000479918817291, 0.00347056053579, -0.000733134627808, 0.000408373423852, -0.000466913654236, -0.000686775194481, -0.00159867142793, 0.00139124609996, -0.00132625584956, 0.000378070224542], [-0.000174173575942, 0.000770939863287, -0.000541242130566, 0.00058352923952, -0.000733134627808, 0.00515507347882, -0.000911411596462, -0.000143004202982, -0.00031077148742, -0.000449917395599, -0.00108032114804, 0.000997460214421, 0.000225185140152], [0.000306557078147, -0.000988996005617, 0.000337099685566, -0.000559149775654, 0.000408373423852, -0.000911411596462, 0.00479765236378, -0.00220788549632, 0.000884224660695, -4.57245587313e-05, -0.000889470160473, -0.0012320112437, 0.00039996788837], [-0.000387412292184, 0.00136245007161, -0.00064241536893, 0.000578065577429, -0.000466913654236, -0.000143004202982, -0.00220788549632, 0.00845262873918, -0.00232336251065, 0.000986486324109, -0.000177284659003, -0.000435178400949, -0.00106069620233], [0.000335332617396, -0.000970469904132, 0.000414851034293, -0.00125783181284, -0.000686775194481, -0.00031077148742, 0.000884224660695, -0.00232336251065, 0.00932141579688, -0.00333482027054, 0.000676982104778, 0.000598595943302, -0.00244553224184], [-0.000459338189103, 0.00167316722218, -0.000335312652169, 0.00162753195036, -0.00159867142793, -0.000449917395599, -4.57245587313e-05, 0.000986486324109, -0.00333482027054, 0.0103644346818, -0.00299944379367, -4.45610567112e-06, 0.000845423608553], [0.000232988066273, -0.00131188158412, 0.000394082831917, -0.000642744766083, 0.00139124609996, -0.00108032114804, -0.000889470160473, -0.000177284659003, 0.000676982104778, -0.00299944379367, 0.00950361602008, -0.00140090170316, 0.00027041535941], [-0.000151323896716, 0.000968841079157, -0.000827222364023, 0.000273052806733, -0.00132625584956, 0.000997460214421, -0.0012320112437, -0.000435178400949, 0.000598595943302, -4.45610567112e-06, -0.00140090170316, 0.009511413984, -0.00158081005793], [2.37998810917e-05, -0.000493823667057, 0.000527014199179, -0.00120689941105, 0.000378070224542, 0.000225185140152, 0.00039996788837, -0.00106069620233, -0.00244553224184, 0.000845423608553, 0.00027041535941, -0.00158081005793, 0.0113206906244]], "mean": [-122.662712097, 138.220489502, -82.606590271, 19.1320762634, -44.1532363892, 1.55216050148, -38.2570037842, 7.1972694397, -21.4324645996, 5.05592393875, -13.8984289169, -2.11030697823, -2.64400601387]}, "hfc": {"dmean": 3.39608693123, "dmean2": 4.81583452225, "dvar": 83.3662338257, "dvar2": 187.380218506, "max": 197.62197876, "mean": 10.0371351242, "median": 3.25847864151, "min": 1.1584461985e-16, "var": 246.531295776}, "melbands": {"dmean": [0.000486612087116, 0.000430909742136, 0.000373248069081, 0.000420283147832, 0.00023914592748, 0.000155688365339, 0.000147000828292, 0.000120997392514, 0.000128875530208, 7.33299093554e-05, 3.36449156748e-05, 2.87485836452e-05, 2.06634904316e-05, 1.5010914467e-05, 1.60578128998e-05, 1.73085682036e-05, 1.39665553434e-05, 8.23618483992e-06, 8.36371964397e-06, 5.94201173953e-06, 4.18273248215e-06, 3.72239674107e-06, 1.36363291858e-06, 9.46476518493e-07, 1.48661945332e-06, 1.41569864809e-06, 1.05869173694e-06, 7.36044398764e-07, 7.2666853157e-07, 5.75319404561e-07, 6.85523389166e-07, 6.31881562185e-07, 3.32642287049e-07, 2.16621657501e-07, 2.46663148573e-07, 2.5133778081e-07, 3.14833727089e-07, 2.4355745154e-07, 2.24148692496e-07, 1.86449909734e-07], "dmean2": [0.000803203554824, 0.000747677520849, 0.000611041032244, 0.000661885831505, 0.000368975132005, 0.000229139302974, 0.000202244322281, 0.000171653242433, 0.00018704230024, 0.000100112316431, 4.92076760565e-05, 4.103675019e-05, 3.00227402477e-05, 2.2188447474e-05, 2.316246173e-05, 2.45862320298e-05, 2.03124054678e-05, 1.18396783364e-05, 1.24733514895e-05, 8.52582616062e-06, 5.89660203332e-06, 5.34874789082e-06, 2.01870557248e-06, 1.48685660406e-06, 2.25111352847e-06, 2.05862761504e-06, 1.58402895067e-06, 1.07606456368e-06, 1.02785088529e-06, 8.24811706934e-07, 9.35675700475e-07, 8.93705930594e-07, 4.57297971934e-07, 3.188668245e-07, 3.57112725169e-07, 3.69976248749e-07, 4.68180644475e-07, 3.62830888889e-07, 3.33833497734e-07, 2.74321905636e-07], "dvar": [3.4828351545e-06, 3.2647540138e-06, 8.41008898078e-07, 7.94491597844e-07, 3.35716777045e-07, 1.51573502194e-07, 1.82052133368e-07, 1.59059553084e-07, 2.59071754272e-07, 1.05893967373e-07, 1.67564007114e-08, 2.10297113057e-08, 9.69215463442e-09, 7.47494066644e-09, 5.95993565611e-09, 6.5683254391e-09, 4.35834657253e-09, 1.73885328358e-09, 1.22852716888e-09, 7.23554993698e-10, 2.21039561654e-10, 1.52440976509e-10, 3.26701270204e-11, 2.38972019256e-11, 4.22806997746e-11, 3.44426293042e-11, 1.38071411943e-11, 7.68077962343e-12, 1.47960046992e-11, 8.51641760585e-12, 1.8488776482e-11, 2.73476293694e-11, 6.7842302956e-12, 3.10109446802e-12, 4.18384294223e-12, 2.95488763666e-12, 1.57237087933e-11, 2.80935734745e-12, 2.18723693671e-12, 1.37255311283e-12], "dvar2": [9.39703113545e-06, 9.48038723436e-06, 2.20006995733e-06, 1.97969848159e-06, 7.97499126293e-07, 3.13094204785e-07, 3.35224655146e-07, 2.98871441373e-07, 5.2839845921e-07, 1.95573178985e-07, 3.55186102752e-08, 4.74958454788e-08, 2.11803943273e-08, 1.42641702894e-08, 1.3273605326e-08, 1.37537883305e-08, 9.55106838063e-09, 3.6506713208e-09, 2.73483125035e-09, 1.37242917031e-09, 4.23022172846e-10, 2.76263095733e-10, 7.30061219811e-11, 5.83013151645e-11, 8.70030783529e-11, 6.97482210876e-11, 2.85007815959e-11, 1.6332097133e-11, 2.83218188485e-11, 1.69304657099e-11, 3.76137419822e-11, 5.86738713171e-11, 1.18367303806e-11, 6.90699320655e-12, 8.58949803645e-12, 5.71786758566e-12, 3.45500156262e-11, 6.24840240313e-12, 4.5108101282e-12, 2.8551861396e-12], "max": [0.0356533154845, 0.0282260663807, 0.0194894615561, 0.0173403825611, 0.0130945891142, 0.0100559880957, 0.0132576962933, 0.0125203952193, 0.0169964376837, 0.0151019673795, 0.00420261081308, 0.00555499084294, 0.00415010703728, 0.00456604547799, 0.00356489932165, 0.00245728483424, 0.00274774548598, 0.00193253392354, 0.00113215099555, 0.00102152884938, 0.000489935919177, 0.000473954365589, 0.000206915137824, 0.000192955791135, 0.000218695699004, 0.000254249462159, 0.000128290004795, 0.000125248305267, 0.000253965321463, 0.000156323469128, 0.000156724301632, 0.000237676009419, 0.000126253711642, 8.73718017829e-05, 0.000120148288261, 8.95303164725e-05, 0.000358561694156, 0.000121027995192, 0.000102466437966, 7.85396769061e-05], "mean": [0.00128796207719, 0.00079068064224, 0.000709543528501, 0.000935144489631, 0.000596330210101, 0.000396464514779, 0.000382635160349, 0.000265495938947, 0.00027018840774, 0.000171964464244, 7.45134602766e-05, 6.58052886138e-05, 4.03874873882e-05, 2.8175109037e-05, 3.08301605401e-05, 3.45274565916e-05, 2.84286779788e-05, 1.67646339833e-05, 1.87250661838e-05, 1.25891056086e-05, 1.00664474303e-05, 8.58692692418e-06, 2.64715981757e-06, 1.68858070992e-06, 2.77975664176e-06, 2.99236808132e-06, 2.13705880014e-06, 1.53351197696e-06, 1.43053978263e-06, 9.99963276627e-07, 1.14092188142e-06, 9.55061295826e-07, 5.30510362751e-07, 3.11658482133e-07, 3.44982225897e-07, 3.57575260068e-07, 4.00184404725e-07, 3.36654380817e-07, 3.0621993119e-07, 2.49961630061e-07], "median": [0.000892435607966, 0.000405451573897, 0.000249028817052, 0.000320954393828, 0.00019322586013, 9.13867115742e-05, 6.12354706391e-05, 3.59924233635e-05, 2.13580442505e-05, 1.21959174066e-05, 6.01401688982e-06, 5.5447703744e-06, 4.20008109359e-06, 2.63979495685e-06, 2.29993997891e-06, 1.38179848364e-06, 1.3850913092e-06, 9.79009200819e-07, 1.98876136892e-06, 1.03768547888e-06, 7.8896590594e-07, 7.38713936244e-07, 3.5737062376e-07, 2.7426295901e-07, 2.4414021027e-07, 1.57419819402e-07, 1.71698928852e-07, 1.51353404476e-07, 1.01707115618e-07, 6.5112672587e-08, 4.31599822548e-08, 3.59421115093e-08, 2.35620642997e-08, 1.64531765989e-08, 1.22314673945e-08, 1.48832954849e-08, 1.99042027305e-08, 1.86038757732e-08, 1.69891407609e-08, 1.27693615681e-08], "min": [4.11819155772e-24, 5.66578085374e-24, 7.55001101903e-24, 4.3082955974e-24, 3.99989003207e-24, 3.77342660441e-24, 3.03890421328e-24, 3.35736203591e-24, 5.49796410679e-24, 3.25198934885e-24, 2.95573086095e-24, 5.11334313953e-24, 6.98081237717e-24, 4.83467960248e-24, 2.60287061703e-24, 2.90450775579e-24, 5.6567720622e-24, 5.29762854117e-24, 3.80040288636e-24, 3.73625666185e-24, 4.52824579499e-24, 4.04270506327e-24, 5.96557284684e-24, 4.61731213549e-24, 7.1637713092e-24, 6.08960268595e-24, 7.38554298662e-24, 6.99691302825e-24, 7.67639994668e-24, 5.55386121281e-24, 7.38391951088e-24, 6.79829994042e-24, 6.48884597895e-24, 5.98023974322e-24, 5.80674871978e-24, 9.20286473094e-24, 8.16766780857e-24, 1.00778037716e-23, 1.03400684681e-23, 7.84665427383e-24], "var": [3.76964203497e-06, 2.45974888458e-06, 1.65610811109e-06, 2.28717703976e-06, 1.09777010948e-06, 5.75333956476e-07, 8.31473471408e-07, 5.29442388597e-07, 7.23305561223e-07, 3.57562242925e-07, 6.19161397708e-08, 6.88295713758e-08, 2.22615366141e-08, 1.73167240547e-08, 1.56307145005e-08, 1.82521553427e-08, 1.27811112804e-08, 4.78764539125e-09, 4.95422280977e-09, 2.48317011398e-09, 9.54140211284e-10, 7.36318839234e-10, 8.27180060559e-11, 4.90527236885e-11, 1.20736781684e-10, 1.31865934838e-10, 4.70874658709e-11, 2.71499003834e-11, 3.41303339757e-11, 1.89486291241e-11, 4.34778359149e-11, 5.62826382722e-11, 1.95749094017e-11, 6.87023918658e-12, 8.27720010588e-12, 5.61641575261e-12, 1.87848157168e-11, 4.14296331616e-12, 3.29548823126e-12, 2.25993160817e-12]}, "melbands_crest": {"dmean": 2.2849445343, "dmean2": 3.62307453156, "dvar": 5.79685640335, "dvar2": 14.4939413071, "max": 34.3285980225, "mean": 15.9232501984, "median": 15.3352718353, "min": 1.09217834473, "var": 32.5830574036}, "melbands_flatness_db": {"dmean": 0.0197580996901, "dmean2": 0.027964938432, "dvar": 0.000550930504687, "dvar2": 0.00104619958438, "max": 0.664779484272, "mean": 0.327066034079, "median": 0.318441987038, "min": 0.000722769240383, "var": 0.00998509489}, "melbands_kurtosis": {"dmean": 6.17912387848, "dmean2": 9.5782251358, "dvar": 112.373588562, "dvar2": 263.416534424, "max": 294.172821045, "mean": 17.3972759247, "median": 11.696269989, "min": -1.95230603218, "var": 389.902801514}, "melbands_skewness": {"dmean": 0.548971951008, "dmean2": 0.833989739418, "dvar": 0.440497070551, "dvar2": 1.01006352901, "max": 13.1731882095, "mean": 2.74556493759, "median": 2.53114748001, "min": -0.99079811573, "var": 2.51891088486}, "melbands_spread": {"dmean": 2.90272402763, "dmean2": 4.32276344299, "dvar": 61.4873161316, "dvar2": 126.661338806, "max": 194.265090942, "mean": 11.1617975235, "median": 7.26670122147, "min": 0.539111196995, "var": 214.540466309}, "mfcc": {"cov": [[14130.5478516, -309.765106201, -1334.43676758, -455.007049561, -644.798706055, -505.050048828, -214.492935181, -674.378173828, -9.01550769806, 176.321060181, -7.25697898865, 173.789459229, -231.719558716], [-309.765106201, 2184.11938477, 33.4530029297, -70.7457427979, 176.846237183, 75.2713775635, 140.130935669, 54.8637657166, -18.457775116, 14.4082651138, 48.2955932617, 43.7402648926, 55.5665855408], [-1334.43676758, 33.4530029297, 881.91015625, 181.079498291, 95.4917755127, 60.6137580872, 41.1894111633, 123.60194397, 15.4823045731, -52.1951141357, -5.01322793961, 0.422356873751, 34.7244873047], [-455.007049561, -70.7457427979, 181.079498291, 551.444641113, 117.754486084, 23.1813316345, -2.3257226944, 105.546455383, 73.0522155762, -9.57028770447, -44.3534317017, -25.0387134552, 62.1117515564], [-644.798706055, 176.846237183, 95.4917755127, 117.754486084, 384.347564697, 92.5071182251, -43.5907707214, 21.7951049805, 40.9606285095, 30.4736824036, -9.11141204834, -5.80403184891, 45.3618354797], [-505.050048828, 75.2713775635, 60.6137580872, 23.1813316345, 92.5071182251, 209.19934082, 43.3193130493, 21.9422073364, 5.21444177628, 16.8643779755, 35.9053535461, 11.1794166565, 15.8294401169], [-214.492935181, 140.130935669, 41.1894111633, -2.3257226944, -43.5907707214, 43.3193130493, 208.115585327, 78.2763290405, -14.5243091583, 5.94412851334, 36.3596115112, 24.0194187164, -0.302960664034], [-674.378173828, 54.8637657166, 123.60194397, 105.546455383, 21.7951049805, 21.9422073364, 78.2763290405, 214.589782715, 55.659198761, -23.6980628967, 11.2766399384, -4.54291534424, 33.969078064], [-9.01550769806, -18.457775116, 15.4823045731, 73.0522155762, 40.9606285095, 5.21444177628, -14.5243091583, 55.659198761, 157.79145813, 39.2003822327, -22.4240722656, -7.86253356934, 24.1165313721], [176.321060181, 14.4082651138, -52.1951141357, -9.57028770447, 30.4736824036, 16.8643779755, 5.94412851334, -23.6980628967, 39.2003822327, 149.241867065, 30.5801887512, -17.0643005371, -12.668800354], [-7.25697898865, 48.2955932617, -5.01322793961, -44.3534317017, -9.11141204834, 35.9053535461, 36.3596115112, 11.2766399384, -22.4240722656, 30.5801887512, 129.888427734, 39.897819519, -14.4608755112], [173.789459229, 43.7402648926, 0.422356873751, -25.0387134552, -5.80403184891, 11.1794166565, 24.0194187164, -4.54291534424, -7.86253356934, -17.0643005371, 39.897819519, 128.60534668, 33.0711555481], [-231.719558716, 55.5665855408, 34.7244873047, 62.1117515564, 45.3618354797, 15.8294401169, -0.302960664034, 33.969078064, 24.1165313721, -12.668800354, -14.4608755112, 33.0711555481, 124.383934021]], "icov": [[0.000109248270746, -9.7061656561e-06, 0.000103171048977, -3.73536786356e-05, 0.000118794996524, 0.000168464088347, -7.32609066745e-07, 0.000275841448456, -0.000131865745061, -7.41613694117e-05, 1.19030855785e-05, -0.000206887285458, 0.000132017274154], [-9.7061656561e-06, 0.00052212481387, 2.57399119619e-06, 0.000143189390656, -0.000340561615303, 3.75736417482e-05, -0.000411185523262, -2.99138173432e-05, 6.83740290697e-05, 3.0357254218e-05, -8.58143393998e-05, 1.19894621093e-05, -0.000220297224587], [0.000103171048977, 2.57399119619e-06, 0.00143093243241, -0.000326584588038, -0.000108345746412, -6.9103865826e-05, -6.00600142207e-05, -0.000307289388729, 3.75978233933e-05, 0.000317155383527, 1.96511900867e-05, -0.000212679427932, 0.000170583312865], [-3.73536786356e-05, 0.000143189390656, -0.000326584588038, 0.0023998960387, -0.000584041175898, -5.11433609063e-06, -5.25466612089e-06, -0.00086792075308, -0.000409996224334, 4.57072237623e-05, 0.00048616642016, 0.000441898708232, -0.000766942685004], [0.000118794996524, -0.000340561615303, -0.000108345746412, -0.000584041175898, 0.00382253248245, -0.00142119580414, 0.00141210341826, 5.67557763134e-05, -0.000240017834585, -0.000939063436817, 0.000401431927457, -0.00026904954575, -0.000460807204945], [0.000168464088347, 3.75736417482e-05, -6.9103865826e-05, -5.11433609063e-06, -0.00142119580414, 0.00636501796544, -0.00153142865747, 0.000858282728586, -0.000432259665104, -3.9861737605e-05, -0.00161847716663, 1.09713428174e-05, -0.000322289561154], [-7.32609066745e-07, -0.000411185523262, -6.00600142207e-05, -5.25466612089e-06, 0.00141210341826, -0.00153142865747, 0.00722114276141, -0.00320425070822, 0.00162707199343, -0.00143417168874, 5.7691384427e-05, -0.001412443351, 0.000694996502716], [0.000275841448456, -2.99138173432e-05, -0.000307289388729, -0.00086792075308, 5.67557763134e-05, 0.000858282728586, -0.00320425070822, 0.00872854888439, -0.00361471134238, 0.00235314178281, -0.00209003011696, 0.00133504602127, -0.00113248534035], [-0.000131865745061, 6.83740290697e-05, 3.75978233933e-05, -0.000409996224334, -0.000240017834585, -0.000432259665104, 0.00162707199343, -0.00361471134238, 0.00928191281855, -0.00347711797804, 0.00239146337844, -0.000809061981272, -0.000608944625128], [-7.41613694117e-05, 3.0357254218e-05, 0.000317155383527, 4.57072237623e-05, -0.000939063436817, -3.9861737605e-05, -0.00143417168874, 0.00235314178281, -0.00347711797804, 0.00943168252707, -0.00343772838823, 0.00251389876939, 5.06977130499e-06], [1.19030855785e-05, -8.58143393998e-05, 1.96511900867e-05, 0.00048616642016, 0.000401431927457, -0.00161847716663, 5.7691384427e-05, -0.00209003011696, 0.00239146337844, -0.00343772838823, 0.0112623358145, -0.00414681667462, 0.00204084953293], [-0.000206887285458, 1.19894621093e-05, -0.000212679427932, 0.000441898708232, -0.00026904954575, 1.09713428174e-05, -0.001412443351, 0.00133504602127, -0.000809061981272, 0.00251389876939, -0.00414681667462, 0.0109871411696, -0.00381383206695], [0.000132017274154, -0.000220297224587, 0.000170583312865, -0.000766942685004, -0.000460807204945, -0.000322289561154, 0.000694996502716, -0.00113248534035, -0.000608944625128, 5.06977130499e-06, 0.00204084953293, -0.00381383206695, 0.0106092467904]], "mean": [-767.445007324, 168.4584198, 23.6714725494, 25.0834503174, 13.3059158325, -1.15443837643, 0.147106334567, -4.86728477478, 3.21606969833, 0.467722475529, -5.23120307922, 0.804468274117, 0.68428003788]}, "pitch_salience": {"dmean": 0.0541311614215, "dmean2": 0.0869960412383, "dvar": 0.00291398656555, "dvar2": 0.007499165833, "max": 0.996079802513, "mean": 0.521878421307, "median": 0.529156327248, "min": 0.122426971793, "var": 0.0159299317747}, "silence_rate_20dB": {"dmean": 0, "dmean2": 0, "dvar": 0, "dvar2": 0, "max": 1, "mean": 1, "median": 1, "min": 1, "var": 0}, "silence_rate_30dB": {"dmean": 0.00853658560663, "dmean2": 0.0170749053359, "dvar": 0.00846460461617, "dvar2": 0.0210508834571, "max": 1, "mean": 0.99237883091, "median": 1, "min": 0, "var": 0.00756342010573}, "silence_rate_60dB": {"dmean": 0.0245934966952, "dmean2": 0.0491919927299, "dvar": 0.0239909496158, "dvar2": 0.058153539896, "max": 1, "mean": 0.160552784801, "median": 0, "min": 0, "var": 0.134767964482}, "spectral_centroid": {"dmean": 114.649452209, "dmean2": 168.32019043, "dvar": 62729.2695313, "dvar2": 114885.601563, "max": 11241.7373047, "mean": 674.715820313, "median": 513.524658203, "min": 130.013061523, "var": 333385.5625}, "spectral_complexity": {"dmean": 1.36138212681, "dmean2": 2.13659930229, "dvar": 2.66793131828, "dvar2": 5.17060709, "max": 45, "mean": 8.96626377106, "median": 8, "min": 0, "var": 33.1301498413}, "spectral_contrast_coeffs": {"dmean": [0.0411786660552, 0.0382118783891, 0.0329614393413, 0.0281539242715, 0.0212713573128, 0.0154824601486], "dmean2": [0.0667545050383, 0.06082284078, 0.0512939728796, 0.0437607094646, 0.0332143418491, 0.0241199824959], "dvar": [0.00147703406401, 0.00120463455096, 0.000850127777085, 0.000654875067994, 0.000360284582712, 0.000219376393943], "dvar2": [0.00360804493539, 0.00294950045645, 0.0019401141908, 0.00145181629341, 0.000775336753577, 0.000470246537589], "max": [-0.289204746485, -0.388989299536, -0.405716061592, -0.512524247169, -0.582036972046, -0.626363754272], "mean": [-0.652378261089, -0.693974614143, -0.738909065723, -0.744474351406, -0.785898029804, -0.805060148239], "median": [-0.66394340992, -0.699906170368, -0.746344864368, -0.751517653465, -0.791035830975, -0.81049311161], "min": [-0.974139750004, -0.998635053635, -0.997962355614, -0.997417747974, -0.986974656582, -0.963166415691], "var": [0.0107524106279, 0.00783323869109, 0.00623788777739, 0.00664902990684, 0.00347731192596, 0.00204524863511]}, "spectral_contrast_valleys": {"dmean": [0.347058415413, 0.332184046507, 0.317713320255, 0.292038023472, 0.268462121487, 0.260756403208], "dmean2": [0.559075057507, 0.532353520393, 0.503804922104, 0.456516563892, 0.39381441474, 0.35534876585], "dvar": [0.161936193705, 0.1346886307, 0.121966056526, 0.118708528578, 0.122773200274, 0.141594186425], "dvar2": [0.356101244688, 0.333120554686, 0.289104491472, 0.274652987719, 0.264343470335, 0.268248736858], "max": [-4.9054107666, -4.40518712997, -5.29140901566, -6.03482580185, -5.89104413986, -7.41456460953], "mean": [-7.5647778511, -7.53045225143, -8.87994384766, -9.47175693512, -9.57844734192, -11.9549274445], "median": [-7.18611001968, -7.26201057434, -8.65518093109, -9.15704727173, -9.30092048645, -11.5642986298], "min": [-27.1585140228, -27.9266796112, -27.307641983, -27.6283893585, -27.4796047211, -27.2742919922], "var": [2.7999317646, 2.72460818291, 2.51247930527, 2.67443585396, 2.98892569542, 3.41459965706]}, "spectral_decrease": {"dmean": 1.50126278076e-09, "dmean2": 2.2409936129e-09, "dvar": 1.22249262612e-17, "dvar2": 2.96375008447e-17, "max": 1.59528857858e-28, "mean": -5.1363984177e-09, "median": -2.9874360763e-09, "min": -6.42138289209e-08, "var": 3.41679756771e-17}, "spectral_energy": {"dmean": 0.00590378139168, "dmean2": 0.00879034306854, "dvar": 0.000182801028132, "dvar2": 0.00043967331294, "max": 0.247007369995, "mean": 0.0202963687479, "median": 0.0117226894945, "min": 1.06370596169e-20, "var": 0.000533124606591}, "spectral_energyband_high": {"dmean": 0.000157839909662, "dmean2": 0.000228296834393, "dvar": 5.15867100148e-07, "dvar2": 1.11784675028e-06, "max": 0.0233039259911, "mean": 0.000236964595388, "median": 2.09848312807e-05, "min": 7.81843602505e-21, "var": 9.52411369326e-07}, "spectral_energyband_low": {"dmean": 0.00261262687854, "dmean2": 0.0043276976794, "dvar": 0.00010111262236, "dvar2": 0.000279106403468, "max": 0.182717710733, "mean": 0.00613061292097, "median": 0.00425561284646, "min": 5.22336138902e-23, "var": 9.40063691814e-05}, "spectral_energyband_middle_high": {"dmean": 0.000702377525158, "dmean2": 0.000958721560892, "dvar": 4.64965796709e-06, "dvar2": 8.24921244202e-06, "max": 0.0889570564032, "mean": 0.00227439170703, "median": 0.00044564914424, "min": 1.26763268026e-21, "var": 2.78402112599e-05}, "spectral_energyband_middle_low": {"dmean": 0.00374625669792, "dmean2": 0.00541439512745, "dvar": 5.11608959641e-05, "dvar2": 0.000104780956462, "max": 0.172659337521, "mean": 0.0122626293451, "median": 0.00496417935938, "min": 2.23546646015e-22, "var": 0.000254143291386}, "spectral_entropy": {"dmean": 0.168490380049, "dmean2": 0.242849618196, "dvar": 0.039047960192, "dvar2": 0.0733101144433, "max": 9.81391620636, "mean": 6.61695289612, "median": 6.61838102341, "min": 4.58371067047, "var": 0.442201167345}, "spectral_flux": {"dmean": 0.0176224224269, "dmean2": 0.027149617672, "dvar": 0.000859359512106, "dvar2": 0.00178307166789, "max": 0.440638959408, "mean": 0.0485500618815, "median": 0.0331834107637, "min": 6.67591606995e-11, "var": 0.00225363997743}, "spectral_kurtosis": {"dmean": 4.65744161606, "dmean2": 7.7383275032, "dvar": 48.4356803894, "dvar2": 131.897094727, "max": 154.53666687, "mean": 14.7879533768, "median": 10.267572403, "min": -1.31185400486, "var": 221.642822266}, "spectral_rms": {"dmean": 0.000527990225237, "dmean2": 0.000764286436606, "dvar": 8.04468129445e-07, "dvar2": 1.77567085302e-06, "max": 0.0155236208811, "mean": 0.00382758839987, "median": 0.00338182947598, "min": 3.22143115135e-12, "var": 5.15091460329e-06}, "spectral_rolloff": {"dmean": 294.253509521, "dmean2": 519.454589844, "dvar": 1595547.625, "dvar2": 4138332.25, "max": 19164.5507813, "mean": 779.444396973, "median": 409.130859375, "min": 64.599609375, "var": 2177492.75}, "spectral_skewness": {"dmean": 0.39401730895, "dmean2": 0.627456307411, "dvar": 0.195274472237, "dvar2": 0.503477394581, "max": 10.062171936, "mean": 2.80982446671, "median": 2.6171643734, "min": -0.0651826038957, "var": 1.41303527355}, "spectral_spread": {"dmean": 531107, "dmean2": 789451.9375, "dvar": 1426821480450.0, "dvar2": 3166924701700.0, 