{"lowlevel": {"average_loudness": 0.931176185608, "barkbands": {"dmean": [9.41343114391e-06, 0.00218300428241, 0.00107411213685, 0.00169811595697, 0.00147315417416, 0.000883271161001, 0.000916338001844, 0.00116391666234, 0.00110598094761, 0.000606458750553, 0.000334947399097, 0.00048385624541, 0.000555511272978, 0.000944609753788, 0.000468020414701, 0.000315849873004, 0.000197106186533, 0.000293469202006, 0.000140659467434, 0.000179124355782, 0.000129993277369, 7.06009595888e-05, 4.6774319344e-05, 3.61982129107e-05, 2.15588679566e-05, 1.3438937458e-05, 2.7109781513e-06], "dmean2": [1.38332552524e-05, 0.00356961111538, 0.00190913502593, 0.00274370447733, 0.00237815221772, 0.00130708958022, 0.00138120562769, 0.00178841513116, 0.00168396520894, 0.00092435796978, 0.000512490223628, 0.000767947349232, 0.000870938587468, 0.00153734534979, 0.000771526538301, 0.000501086760778, 0.00031322252471, 0.000459682400106, 0.000223375565838, 0.00027424324071, 0.000189108235645, 9.96513990685e-05, 6.55226540403e-05, 5.22849695699e-05, 3.18992388202e-05, 1.97343106265e-05, 4.24801737609e-06], "dvar": [5.47803913342e-10, 3.94055350625e-05, 9.86427676253e-06, 1.32922250486e-05, 4.95496533404e-06, 1.91536946659e-06, 2.61995910478e-06, 5.2459959079e-06, 6.31638886261e-06, 1.65840083355e-06, 5.76420006837e-07, 9.56504891292e-07, 1.17480556128e-06, 4.59574403067e-06, 2.12912050301e-06, 7.54194161345e-07, 1.14549465025e-07, 2.76045653891e-07, 4.01059168098e-08, 8.53838670878e-08, 4.63449332244e-08, 1.31162138928e-08, 7.38786098964e-09, 7.69715491344e-09, 2.67241118124e-09, 8.93771501254e-10, 8.8730925385e-11], "dvar2": [1.14167264531e-09, 9.35105999815e-05, 2.81144621113e-05, 2.87879156531e-05, 1.20928880278e-05, 4.32600154454e-06, 6.22272273176e-06, 1.22535875562e-05, 1.58609873324e-05, 3.79008474738e-06, 1.32369507355e-06, 2.39720998252e-06, 2.81277743852e-06, 1.1942484889e-05, 5.58625742997e-06, 1.55636189447e-06, 2.62827398956e-07, 6.1612860236e-07, 9.35414448122e-08, 1.8965624804e-07, 9.75512506329e-08, 2.59543710968e-08, 1.6005961001e-08, 1.71665313076e-08, 6.09675065988e-09, 1.94374760731e-09, 2.13080275646e-10], "max": [0.000406088191085, 0.0548152402043, 0.0300407726318, 0.0404834374785, 0.0285823531449, 0.0250604730099, 0.033014010638, 0.0382682904601, 0.0747308880091, 0.0313356518745, 0.014204912819, 0.0206099748611, 0.0366894267499, 0.0442638359964, 0.041433300823, 0.0333560556173, 0.00838143471628, 0.0132205691189, 0.00313292699866, 0.00792554952204, 0.0037500844337, 0.00150822056457, 0.00216870266013, 0.00223685684614, 0.00160569697618, 0.000730347062927, 0.000359824596671], "mean": [1.35793588925e-05, 0.00246644788422, 0.00133692775853, 0.00235374551266, 0.00261372514069, 0.00203936640173, 0.00182781612966, 0.00221776310354, 0.0020721021574, 0.00112711021211, 0.00054432079196, 0.00082079943968, 0.000959671917371, 0.0016114525497, 0.000745815574192, 0.000592777447309, 0.000401672761654, 0.000660644436721, 0.000296690792311, 0.000394002156099, 0.000239937246079, 0.000131405569846, 8.66858827067e-05, 6.2164508563e-05, 3.05597095576e-05, 1.63545391842e-05, 2.51601704804e-06], "median": [1.62875937804e-06, 0.000882057473063, 0.000565696856938, 0.00116132409312, 0.00166973203886, 0.00116323307157, 0.00103490171023, 0.00085301080253, 0.000858067185618, 0.00044469119166, 0.000171303719981, 0.000388897955418, 0.000445116456831, 0.00054915167857, 0.000252571946476, 0.000269797048531, 0.000206848344533, 0.000359030847903, 0.000197718021809, 0.000240568740992, 0.000124556972878, 7.33269262128e-05, 3.90772947867e-05, 2.6810756026e-05, 9.57946758717e-06, 3.41816394211e-06, 2.66858165787e-07], "min": [3.59565709524e-25, 1.19948982766e-24, 2.17132840035e-24, 1.85723652841e-24, 6.42527286189e-24, 1.1304029673e-23, 5.2515409205e-24, 3.45315617664e-24, 9.12227785631e-24, 1.01745465175e-23, 1.2610695721e-23, 1.85461577471e-23, 2.74161760297e-23, 2.72798135336e-23, 4.30796687906e-23, 5.74812333831e-23, 6.61973638358e-23, 9.54670884692e-23, 1.17871381888e-22, 1.7675214918e-22, 2.10917386819e-22, 3.26869526923e-22, 3.57255237302e-22, 5.3725456516e-22, 8.70321332867e-22, 1.29063167383e-21, 1.8806246071e-21], "var": [8.22700241265e-10, 3.44490181305e-05, 6.65201378069e-06, 1.62429478223e-05, 8.6021846073e-06, 6.6260067797e-06, 5.98686119702e-06, 1.33166795422e-05, 1.41605305544e-05, 4.40433313997e-06, 1.27007820083e-06, 1.70425812485e-06, 2.5003500923e-06, 9.06262448552e-06, 3.0667736155e-06, 1.9625947516e-06, 3.74206962306e-07, 8.03475984412e-07, 9.80912489013e-08, 2.48967154448e-07, 9.20818834516e-08, 2.60298573806e-08, 1.40418068284e-08, 1.26927384159e-08, 3.50736106824e-09, 1.1544143419e-09, 8.05156150085e-11]}, "barkbands_crest": {"dmean": 2.35458660126, "dmean2": 3.90751457214, "dvar": 5.66682720184, "dvar2": 14.764787674, "max": 26.7283668518, "mean": 8.23432064056, "median": 7.4888715744, "min": 2.70654845238, "var": 12.2017707825}, "barkbands_flatness_db": {"dmean": 0.0181119292974, "dmean2": 0.0278854575008, "dvar": 0.000309988652589, "dvar2": 0.000727813167032, "max": 0.438728749752, "mean": 0.11942011863, "median": 0.115374304354, "min": 0.0285118687898, "var": 0.00187480798922}, "barkbands_kurtosis": {"dmean": 1.74044775963, "dmean2": 2.79721951485, "dvar": 57.1758575439, "dvar2": 152.476257324, "max": 291.308685303, "mean": 2.50351595879, "median": 0.55225366354, "min": -1.88822853565, "var": 143.681549072}, "barkbands_skewness": {"dmean": 0.409713983536, "dmean2": 0.638308823109, "dvar": 0.253933280706, "dvar2": 0.581621706486, "max": 12.3307170868, "mean": 1.00456321239, "median": 0.955507993698, "min": -15.6054496765, "var": 1.63745522499}, "barkbands_spread": {"dmean": 4.60741281509, "dmean2": 7.176612854, "dvar": 29.0799198151, "dvar2": 70.0747528076, "max": 125.004722595, "mean": 22.4560413361, "median": 21.2032623291, "min": 0.443793147802, "var": 103.046424866}, "dissonance": {"dmean": 0.0152633311227, "dmean2": 0.025323368609, "dvar": 0.00020608943305, "dvar2": 0.000551935750991, "max": 0.5, "mean": 0.465289920568, "median": 0.469912081957, "min": 0.329692155123, "var": 0.000569208001252}, "dynamic_complexity": 2.79701924324, "erbbands": {"dmean": [0.0388027280569, 0.571054041386, 1.27392351627, 3.00756621361, 6.95449256897, 4.23922777176, 5.21847343445, 8.01735877991, 12.4382133484, 14.0340280533, 27.3170394897, 23.1710033417, 20.2369213104, 19.5105133057, 15.2639398575, 17.2012653351, 25.3646335602, 42.7637710571, 30.7459564209, 19.4015026093, 14.7984380722, 10.272687912, 15.2584953308, 9.24416542053, 6.5664396286, 8.68343734741, 6.27935171127, 4.46506977081, 2.55288338661, 2.00380825996, 1.22423636913, 0.923026382923, 0.507538974285, 0.266850441694, 0.139709502459, 0.0688141584396, 0.0236055422574, 0.00423260265961, 0.000459319446236, 2.71250355581e-05], "dmean2": [0.0633628666401, 0.937223672867, 2.17153644562, 4.96598052979, 11.0622844696, 6.99137306213, 8.11260509491, 11.7722139359, 19.1579189301, 20.7413730621, 41.581817627, 34.8797645569, 30.6748523712, 29.3523826599, 23.2685222626, 27.3240261078, 40.1424827576, 69.0187072754, 50.0323486328, 31.24650383, 23.2590770721, 16.1781196594, 23.7502670288, 14.5393953323, 10.053319931, 13.1921415329, 9.38564682007, 6.40986394882, 3.56793642044, 2.8460521698, 1.69220948219, 1.34195256233, 0.72842669487, 0.393677383661, 0.21037016809, 0.101676136255, 0.0350498445332, 0.00643552606925, 0.00070897716796, 3.98367083108e-05], "dvar": [0.0130329988897, 2.68632173538, 13.3893051147, 32.3078575134, 205.110595703, 44.5157737732, 89.000831604, 179.514862061, 473.075683594, 753.58190918, 3000.65771484, 2406.71362305, 3310.91845703, 1653.2388916, 794.224182129, 1429.28320313, 2376.33496094, 11626.0078125, 6701.93603516, 3458.91259766, 1847.25585938, 293.694580078, 816.487304688, 183.99017334, 91.5047073364, 231.88710022, 98.3958892822, 66.1569900513, 17.352104187, 11.1335105896, 5.66856098175, 6.24965286255, 1.27323997021, 0.391188710928, 0.111336573958, 0.0256567839533, 0.00295187463053, 0.000132680506795, 2.30238151744e-06, 6.13195672017e-09], "dvar2": [0.030963845551, 6.43182706833, 36.5004653931, 77.0717468262, 432.535919189, 121.718643188, 219.324478149, 407.950195313, 1166.61120605, 1553.14111328, 6986.95703125, 5736.18505859, 8296.26953125, 3876.60644531, 1845.27001953, 3626.45800781, 5892.68261719, 30008.0566406, 17790.7890625, 8442.40136719, 3522.46337891, 669.772338867, 1854.30456543, 430.466918945, 205.868240356, 510.638305664, 224.11315918, 135.430267334, 33.536857605, 24.0060844421, 12.5458507538, 14.8979549408, 2.71548223495, 0.878448486328, 0.251528322697, 0.0572474375367, 0.0066317464225, 0.000299243052723, 5.46432647752e-06, 1.45227199155e-08], "max": [1.25473999977, 14.8961372375, 31.5087871552, 62.6326560974, 179.959716797, 110.099121094, 353.280670166, 253.513259888, 416.08770752, 671.342773438, 1042.85791016, 1188.2767334, 1850.73449707, 906.167419434, 697.943969727, 966.281188965, 1963.11584473, 2446.59277344, 2663.51220703, 1710.06567383, 2283.93188477, 383.387939453, 681.535644531, 326.261199951, 191.557479858, 514.364624023, 154.087539673, 169.884475708, 57.6733207703, 73.7731323242, 59.7032814026, 64.3547973633, 26.0157299042, 15.0477743149, 10.5178718567, 4.05450868607, 1.34422671795, 0.377400457859, 0.0567490309477, 0.0029783914797], "mean": [0.0446164608002, 0.645955920219, 1.64970338345, 4.57872438431, 9.53179740906, 7.90386819839, 10.8147592545, 18.5557918549, 25.2490997314, 30.5277996063, 52.5905303955, 46.0123291016, 37.9396362305, 36.4494590759, 28.6996707916, 32.2781066895, 48.5759544373, 76.9361190796, 54.0212097168, 37.4109802246, 29.7556552887, 24.1296215057, 34.7994194031, 21.8173789978, 15.1867580414, 19.0603027344, 12.7476263046, 7.76577949524, 4.71225547791, 3.72571206093, 2.27417993546, 1.53592431545, 0.869446694851, 0.407354533672, 0.184780493379, 0.0853486508131, 0.0280885100365, 0.00459318654612, 0.000441810931079, 5.04344789078e-05], "median": [0.0146516542882, 0.233534067869, 0.768045544624, 2.56881904602, 4.74792194366, 5.00876808167, 6.42336940765, 10.1131744385, 15.0356559753, 15.5813026428, 21.2632083893, 21.6633872986, 12.9848423004, 15.7545070648, 15.0675754547, 17.5482769012, 25.0183963776, 25.9004096985, 22.5249786377, 15.8729410172, 13.8382148743, 12.7665271759, 19.044965744, 14.5457038879, 10.2522773743, 11.5019807816, 7.47869539261, 3.73675346375, 2.5568625927, 2.01811504364, 1.00704860687, 0.671331942081, 0.358611255884, 0.141036406159, 0.0520683303475, 0.020129956305, 0.00539686065167, 0.000687076477334, 6.3043931732e-05, 3.34507203661e-05], "min": [9.65130801642e-23, 3.92238832933e-22, 2.49195126751e-21, 7.78372998224e-21, 1.22467248161e-20, 2.2273043221e-20, 3.01960828584e-20, 7.13112341458e-20, 7.9182445748e-20, 1.74073917283e-19, 1.96658856063e-19, 2.03798407026e-19, 4.77013966154e-19, 5.97612711862e-19, 4.91652374659e-19, 8.80655771203e-19, 1.36141066168e-18, 1.65220104294e-18, 2.59438623041e-18, 2.96650749104e-18, 3.85656747863e-18, 4.5767928108e-18, 5.20413651353e-18, 6.2681112249e-18, 7.91983746617e-18, 8.71029622261e-18, 7.51364463611e-18, 9.57687131183e-18, 1.15820952558e-17, 9.14561821794e-18, 1.05865866973e-17, 1.02387655216e-17, 9.78657731355e-18, 7.4815814612e-18, 6.32265592808e-18, 3.97987322459e-18, 2.18467788275e-18, 1.00220386176e-18, 2.65396298345e-19, 2.72843037046e-20], "var": [0.0115348435938, 2.31679987907, 9.79029941559, 38.933265686, 265.542053223, 89.5058670044, 216.134902954, 608.83770752, 1062.39916992, 2244.9362793, 7524.47021484, 5646.36914063, 7049.09960938, 3999.15698242, 1898.4942627, 2469.26538086, 5536.98046875, 23966.7167969, 9688.71582031, 7900.41699219, 5377.40820313, 1205.23168945, 2266.28881836, 554.5546875, 251.803970337, 707.950744629, 216.935745239, 119.223228455, 35.3307991028, 20.8220081329, 10.5582284927, 8.63551807404, 2.34587430954, 0.571024596691, 0.139928847551, 0.0316313095391, 0.00359519640915, 0.0001454999001, 2.14752822103e-06, 6.19836448834e-09]}, "erbbands_crest": {"dmean": 2.32018852234, "dmean2": 3.74756526947, "dvar": 4.95337629318, "dvar2": 12.3573951721, "max": 32.3382339478, "mean": 8.38569355011, "median": 7.50371742249, "min": 2.31940698624, "var": 15.6032705307}, "erbbands_flatness_db": {"dmean": 0.0168235208839, "dmean2": 0.023158185184, "dvar": 0.000258935586317, "dvar2": 0.000486236793222, "max": 0.541416347027, "mean": 0.162112206221, "median": 0.163633182645, "min": 0.0262537728995, "var": 0.00188142678235}, "erbbands_kurtosis": {"dmean": 0.753683507442, "dmean2": 1.201177001, "dvar": 10.5353975296, "dvar2": 26.1881866455, "max": 199.914215088, "mean": 0.397000640631, "median": -0.246943384409, "min": -1.7329198122, "var": 25.938999176}, "erbbands_skewness": {"dmean": 0.281766414642, "dmean2": 0.428839802742, "dvar": 0.0804508328438, "dvar2": 0.172145530581, "max": 2.99669122696, "mean": 0.13158378005, "median": 0.154406577349, "min": -7.45215463638, "var": 0.49204570055}, "erbbands_spread": {"dmean": 6.18581056595, "dmean2": 9.07041740417, "dvar": 37.7691841125, "dvar2": 77.5341567993, "max": 115.825637817, "mean": 34.378780365, "median": 32.501411438, "min": 0.322521984577, "var": 204.619064331}, "gfcc": {"cov": [[37772.6914063, 2693.41455078, -3684.96801758, 158.381530762, -2290.10473633, 453.910675049, -791.194213867, -123.82901001, -871.792663574, 57.7501907349, -520.328430176, -252.946456909, -471.261566162], [2693.41455078, 1039.83825684, -366.33303833, 29.7247867584, -167.465713501, 1.87991786003, 15.5609588623, 0.452379107475, 28.6648178101, -13.8594245911, 64.4791107178, -39.6535987854, 22.9852352142], [-3684.96801758, -366.33303833, 884.065979004, 114.19493866, 274.461853027, -1.99423003197, 116.800849915, 31.7986354828, 52.7227325439, 49.4520263672, 39.3008575439, 84.2712173462, 21.7185935974], [158.381530762, 29.7247867584, 114.19493866, 321.323181152, 126.693763733, -15.2722244263, -29.3896636963, 30.5192108154, 19.5625762939, 8.37506961823, 9.44477653503, 36.5627593994, 15.8524074554], [-2290.10473633, -167.465713501, 274.461853027, 126.693763733, 371.030944824, 28.6408538818, 71.8937530518, 51.3769416809, 86.5292358398, 21.329120636, 27.4162025452, 41.4781341553, 40.6688346863], [453.910675049, 1.87991786003, -1.99423003197, -15.2722244263, 28.6408538818, 205.854293823, 96.2012939453, 12.8264093399, -7.30408716202, 14.3620138168, 9.25855064392, -9.0507478714, -2.88813519478], [-791.194213867, 15.5609588623, 116.800849915, -29.3896636963, 71.8937530518, 96.2012939453, 159.423187256, 34.225440979, 29.0862464905, 6.55955410004, 27.4088153839, 3.23765325546, 8.56475448608], [-123.82901001, 0.452379107475, 31.7986354828, 30.5192108154, 51.3769416809, 12.8264093399, 34.225440979, 113.39604187, 70.2949752808, 20.1571025848, 6.80908060074, 8.91324520111, 13.9369897842], [-871.792663574, 28.6648178101, 52.7227325439, 19.5625762939, 86.5292358398, -7.30408716202, 29.0862464905, 70.2949752808, 133.710388184, 33.181060791, 31.8924369812, -3.49585294724, 31.5638275146], [57.7501907349, -13.8594245911, 49.4520263672, 8.37506961823, 21.329120636, 14.3620138168, 6.55955410004, 20.1571025848, 33.181060791, 78.7835693359, 25.2545394897, 3.61835765839, -11.5402364731], [-520.328430176, 64.4791107178, 39.3008575439, 9.44477653503, 27.4162025452, 9.25855064392, 27.4088153839, 6.80908060074, 31.8924369812, 25.2545394897, 90.4917449951, 20.6225776672, 19.0456867218], [-252.946456909, -39.6535987854, 84.2712173462, 36.5627593994, 41.4781341553, -9.0507478714, 3.23765325546, 8.91324520111, -3.49585294724, 3.61835765839, 20.6225776672, 76.3586730957, 29.6397686005], [-471.261566162, 22.9852352142, 21.7185935974, 15.8524074554, 40.6688346863, -2.88813519478, 8.56475448608, 13.9369897842, 31.5638275146, -11.5402364731, 19.0456867218, 29.6397686005, 73.7513427734]], "icov": [[0.000192644787603, -0.00035044294782, 0.000455706263892, -0.000429339736002, 0.000687229796313, -0.000735280744266, 0.000550746917725, -0.000587784452364, 0.000801745511126, -0.000949718873017, 0.000977768097073, -0.000608779606409, 0.000438067450887], [-0.00035044294782, 0.00209543248639, -0.000202440758585, 2.73824207397e-05, -0.00046890284284, 0.00168718595523, -0.00208957446739, 0.00141534593422, -0.00198453804478, 0.00185991544276, -0.00283797387965, 0.00161313288845, -0.00131382432301], [0.000455706263892, -0.000202440758585, 0.00317582581192, -0.00161730009131, 0.00101030606311, -0.000739672279451, -0.00079363869736, -0.000654899340589, 0.0017034066841, -0.00322287064046, 0.00226272060536, -0.00273732747883, 0.00129969138652], [-0.000429339736002, 2.73824207397e-05, -0.00161730009131, 0.0054896469228, -0.00340929161757, 0.00104669563007, 0.00147674814798, -0.000248648546403, -0.000845938222483, 0.00240224506706, -0.0022057176102, 0.000320283841575, -0.000480360205984], [0.000687229796313, -0.00046890284284, 0.00101030606311, -0.00340929161757, 0.00771305663511, -0.00294006057084, 0.00021308210853, -0.00123146024998, -0.000260718952632, -0.00292217708193, 0.00362993264571, -0.0029906660784, 0.00073118909495], [-0.000735280744266, 0.00168718595523, -0.000739672279451, 0.00104669563007, -0.00294006057084, 0.0107222637162, -0.00792940240353, 0.00204315991141, -0.000483738374896, 0.000894660013728, -0.00349382171407, 0.00372766330838, -0.00290429242887], [0.000550746917725, -0.00208957446739, -0.00079363869736, 0.00147674814798, 0.00021308210853, -0.00792940240353, 0.0152711858973, -0.00496979011223, 0.0021119103767, 0.000387918495107, 0.000246191164479, -0.00112265837379, 0.00236887927167], [-0.000587784452364, 0.00141534593422, -0.000654899340589, -0.000248648546403, -0.00123146024998, 0.00204315991141, -0.00496979011223, 0.0171459391713, -0.0114858066663, 0.00197633495554, 0.000224890987738, -0.001970553305, 0.000104201950307], [0.000801745511126, -0.00198453804478, 0.0017034066841, -0.000845938222483, -0.000260718952632, -0.000483738374896, 0.0021119103767, -0.0114858066663, 0.0219344906509, -0.00949423853308, 0.00069516163785, 0.004907771945, -0.00555312260985], [-0.000949718873017, 0.00185991544276, -0.00322287064046, 0.00240224506706, -0.00292217708193, 0.000894660013728, 0.000387918495107, 0.00197633495554, -0.00949423853308, 0.0232767648995, -0.00946260709316, 0.000814013706986, 0.00483442936093], [0.000977768097073, -0.00283797387965, 0.00226272060536, -0.0022057176102, 0.00362993264571, -0.00349382171407, 0.000246191164479, 0.000224890987738, 0.00069516163785, -0.00946260709316, 0.0211086459458, -0.00752271804959, 0.000524471513927], [-0.000608779606409, 0.00161313288845, -0.00273732747883, 0.000320283841575, -0.0029906660784, 0.00372766330838, -0.00112265837379, -0.001970553305, 0.004907771945, 0.000814013706986, -0.00752271804959, 0.0235608015209, -0.0108567895368], [0.000438067450887, -0.00131382432301, 0.00129969138652, -0.000480360205984, 0.00073118909495, -0.00290429242887, 0.00236887927167, 0.000104201950307, -0.00555312260985, 0.00483442936093, 0.000524471513927, -0.0108567895368, 0.0230373647064]], "mean": [-14.7554569244, 91.5652770996, -133.32472229, 30.6635856628, -58.7110214233, 4.72558498383, -36.9178390503, 2.81627321243, -23.3665866852, 2.80398511887, -15.0713710785, -6.05131673813, -15.684630394]}, "hfc": {"dmean": 6.3057141304, "dmean2": 8.89522743225, "dvar": 63.9350395203, "dvar2": 133.027114868, "max": 123.790512085, "mean": 23.5974292755, "median": 20.0202178955, "min": 1.07184773373e-16, "var": 286.927307129}, "melbands": {"dmean": [0.000498816196341, 0.000686661398504, 0.000690137501806, 0.000379731558496, 0.00017516988737, 0.000176216752152, 0.000191161656403, 0.000171967825736, 0.000215489591938, 0.000150026127812, 0.000103291749838, 8.41933506308e-05, 5.26979820279e-05, 6.12491130596e-05, 4.17769770138e-05, 6.73967224429e-05, 8.03126240498e-05, 5.68979994569e-05, 3.03909364447e-05, 2.30399946304e-05, 1.83388856385e-05, 1.04182818177e-05, 1.5502288079e-05, 1.4615404325e-05, 7.59660315452e-06, 5.42486031918e-06, 5.56587701794e-06, 6.43153362034e-06, 4.6605227908e-06, 3.18293950841e-06, 2.46062290898e-06, 1.53879364007e-06, 1.34453728151e-06, 1.09272173177e-06, 7.74508919221e-07, 6.06772289302e-07, 5.67207223412e-07, 3.79723701371e-07, 2.93461681622e-07, 2.09776786164e-07], "dmean2": [0.000810272758827, 0.0011131875217, 0.00111369020306, 0.000608672446106, 0.000275236117886, 0.000260138855083, 0.000291634787573, 0.000258696527453, 0.000327030575136, 0.000227158190683, 0.000157142756507, 0.000126943763462, 8.00404668553e-05, 9.66510706348e-05, 6.74740658724e-05, 0.000105457431346, 0.00013011880219, 9.23677362152e-05, 4.95556414535e-05, 3.64668267139e-05, 2.92782515317e-05, 1.65565961652e-05, 2.44436159846e-05, 2.31283029279e-05, 1.21065877465e-05, 8.65475067258e-06, 8.61768785398e-06, 9.91556316876e-06, 7.21817150406e-06, 4.70039458378e-06, 3.56671853297e-06, 2.18250988837e-06, 1.99888177121e-06, 1.58619388912e-06, 1.09553320726e-06, 8.72587634149e-07, 8.51094171139e-07, 5.51046184682e-07, 4.3255661808e-07, 3.17476150258e-07], "dvar": [2.09067434298e-06, 3.54084522769e-06, 1.92916468222e-06, 3.73292891709e-07, 8.84877593421e-08, 8.23188273102e-08, 1.08778991148e-07, 1.0461734945e-07, 1.74271974629e-07, 1.12846556988e-07, 8.39814333631e-08, 3.21931530323e-08, 1.21781864593e-08, 1.44298191174e-08, 9.56991730305e-09, 1.98392893225e-08, 3.90508887449e-08, 2.32030430425e-08, 1.12928617568e-08, 4.46785275443e-09, 3.17398840544e-09, 3.17170761877e-10, 1.07502362567e-09, 5.99478522378e-10, 1.30952915178e-10, 6.29540100605e-11, 8.83769307736e-11, 1.27651306192e-10, 5.66462467211e-11, 3.47398672329e-11, 1.91051775095e-11, 6.49059712227e-12, 5.04736443613e-12, 3.40111164059e-12, 2.14019557285e-12, 2.32426057567e-12, 2.52802184568e-12, 6.938143636e-13, 5.8029779983e-13, 2.2500289121e-13], "dvar2": [4.93761217513e-06, 8.74371471582e-06, 4.16537614001e-06, 8.62268052515e-07, 2.17809372316e-07, 1.86588565043e-07, 2.64447578502e-07, 2.29164854204e-07, 4.0357960529e-07, 2.76761852547e-07, 2.10010597357e-07, 7.47457420402e-08, 2.77985368058e-08, 3.51027402701e-08, 2.53086263058e-08, 4.94835212805e-08, 1.00935373837e-07, 6.11499544334e-08, 2.96340285644e-08, 9.99483340536e-09, 5.93838356266e-09, 7.48203943246e-10, 2.39305752991e-09, 1.39931066734e-09, 3.09862024928e-10, 1.50775045227e-10, 2.11026182639e-10, 2.77770056956e-10, 1.37802672051e-10, 7.49074829942e-11, 3.91978498271e-11, 1.29726949669e-11, 1.12742263442e-11, 7.46335458712e-12, 4.88562228868e-12, 5.3709627891e-12, 6.12522836271e-12, 1.45224273145e-12, 1.36761858349e-12, 4.97569270941e-13], "max": [0.0122929178178, 0.0176606960595, 0.0157397352159, 0.00705438293517, 0.0109013943002, 0.00497835455462, 0.00697049917653, 0.00698065990582, 0.00786396302283, 0.00818137731403, 0.0092492653057, 0.00420118682086, 0.00205448525958, 0.00287336925976, 0.00328706996515, 0.00337758776732, 0.00432237004861, 0.00437622703612, 0.00296566146426, 0.002399956109, 0.00327671342529, 0.000432449916843, 0.00108463363722, 0.000509787292685, 0.000260391738266, 0.000134678994073, 0.000235825733398, 0.000429261504905, 0.000133730762172, 0.000129661348183, 7.19533854863e-05, 3.93429399992e-05, 4.22559205617e-05, 3.75085546693e-05, 3.49865476892e-05, 3.72394351871e-05, 4.77217909065e-05, 2.17822962441e-05, 2.11749829759e-05, 9.19505237107e-06], "mean": [0.000564907619264, 0.000882725405972, 0.00100625492632, 0.000625084387138, 0.000372907612473, 0.000406050385209, 0.000390864646761, 0.000364910054486, 0.000415281770984, 0.000284300331259, 0.000185597629752, 0.000151552609168, 9.23032057472e-05, 0.000102378020529, 7.49173050281e-05, 0.000124599260744, 0.000138854753459, 9.27110086195e-05, 5.22326772625e-05, 4.21112672484e-05, 3.36545999744e-05, 2.13839084608e-05, 3.23010426655e-05, 3.09510614898e-05, 1.61194675456e-05, 1.12702236947e-05, 1.1444845768e-05, 1.30364123834e-05, 9.00919803826e-06, 5.38572567166e-06, 4.06837989431e-06, 2.67252084996e-06, 2.37681365434e-06, 1.94502058548e-06, 1.40017334616e-06, 9.9268993381e-07, 9.00280099358e-07, 6.3668517214e-07, 4.59758808802e-07, 3.03453759898e-07], "median": [0.000202136958251, 0.000415880058426, 0.000547898584045, 0.000383521313779, 0.000228705772315, 0.000223349692533, 0.000235988467466, 0.000182973599294, 0.000173829088453, 0.000119739670481, 5.61616543564e-05, 5.95481251366e-05, 3.76700409106e-05, 4.56652269349e-05, 3.96416071453e-05, 5.49360484001e-05, 4.26794867963e-05, 3.43682222592e-05, 1.94821150217e-05, 1.78634836629e-05, 1.46624261106e-05, 1.10048167699e-05, 1.47037590068e-05, 1.70789480762e-05, 1.03770835267e-05, 7.2683324106e-06, 6.94614254826e-06, 7.43903410694e-06, 5.11748885401e-06, 2.57941223936e-06, 1.91483650269e-06, 1.37205768169e-06, 1.34083734338e-06, 9.61178784564e-07, 5.86151145399e-07, 4.0629686282e-07, 3.8262265889e-07, 2.62073399426e-07, 1.68578566218e-07, 9.62223793977e-08], "min": [1.31331703286e-24, 1.40083631853e-24, 1.08475217836e-24, 1.34488507692e-24, 9.12907606238e-25, 1.71849936379e-24, 1.1126051806e-24, 1.56922508824e-24, 1.56126479145e-24, 1.12215148223e-24, 1.9313817621e-24, 2.28036554353e-24, 1.77315657768e-24, 1.69269296257e-24, 1.90187244779e-24, 2.43479512371e-24, 2.56594403806e-24, 3.72246066791e-24, 4.18522422428e-24, 2.56202320215e-24, 4.17066461298e-24, 3.83680408397e-24, 3.0075535004e-24, 4.1164051822e-24, 4.83809852565e-24, 4.85010301647e-24, 4.02218836885e-24, 4.17737742486e-24, 4.56527847576e-24, 4.90869368806e-24, 3.81433850868e-24, 6.01602799591e-24, 5.81405396619e-24, 4.65270083013e-24, 4.54659430521e-24, 4.63388215881e-24, 5.3192216363e-24, 5.20791849017e-24, 6.24277225805e-24, 5.75883370282e-24], "var": [1.84461100616e-06, 3.03164574689e-06, 2.37918311541e-06, 5.76603270019e-07, 2.3360870216e-07, 2.81359689325e-07, 2.4930170639e-07, 3.03498865151e-07, 4.5221520395e-07, 2.5329620712e-07, 1.78974843834e-07, 7.8216984889e-08, 2.87440204971e-08, 2.70316391493e-08, 1.46192418171e-08, 4.58230857703e-08, 7.97780685957e-08, 3.46938868745e-08, 1.88047390992e-08, 1.03178798838e-08, 9.00382612912e-09, 1.09376430135e-09, 2.99270896953e-09, 1.73132652659e-09, 3.46583428623e-10, 1.50287768341e-10, 2.19387161216e-10, 3.81952497408e-10, 1.21729126779e-10, 6.0034366367e-11, 3.37996575173e-11, 1.25532952089e-11, 8.726356443e-12, 6.29165686564e-12, 4.04362350895e-12, 3.38988884706e-12, 3.34196862892e-12, 1.33459964e-12, 7.9311747057e-13, 3.29935189412e-13]}, "melbands_crest": {"dmean": 3.01826643944, "dmean2": 4.90111446381, "dvar": 8.96462249756, "dvar2": 20.3854427338, "max": 39.7955932617, "mean": 11.3600387573, "median": 10.3285694122, "min": 1.56269693375, "var": 24.4886074066}, "melbands_flatness_db": {"dmean": 0.021783862263, "dmean2": 0.0340359918773, "dvar": 0.000486796052428, "dvar2": 0.00113498535939, "max": 0.493881493807, "mean": 0.164828658104, "median": 0.159576833248, "min": 0.00362019776367, "var": 0.0028858280275}, "melbands_kurtosis": {"dmean": 3.73993659019, "dmean2": 5.94550132751, "dvar": 72.1247406006, "dvar2": 166.006408691, "max": 291.06918335, "mean": 7.33484601974, "median": 3.65141034126, "min": -1.96763551235, "var": 351.405822754}, "melbands_skewness": {"dmean": 0.549628138542, "dmean2": 0.834893643856, "dvar": 0.435468822718, "dvar2": 0.934253275394, "max": 16.5638809204, "mean": 1.88360643387, "median": 1.68648421764, "min": -8.468085289, "var": 2.41354203224}, "melbands_spread": {"dmean": 6.62538433075, "dmean2": 10.5430555344, "dvar": 54.1639518738, "dvar2": 129.879867554, "max": 159.112258911, "mean": 28.7513542175, "median": 25.6044006348, "min": 0.800213336945, "var": 337.243865967}, "mfcc": {"cov": [[13298.0195313, 1856.02746582, -624.226501465, 29.6257514954, -488.636901855, 51.5020065308, -37.7242698669, -127.104438782, -201.088378906, 104.754547119, -22.0062046051, -91.9956130981, -192.095703125], [1856.02746582, 1033.62072754, -105.098457336, 62.8623847961, -109.723449707, -6.80054330826, -0.800977051258, -10.3521785736, -39.1911773682, 37.4806785583, 36.3118400574, 28.4301490784, -4.85795736313], [-624.226501465, -105.098457336, 352.658355713, 127.620559692, 79.2019500732, 36.2798957825, 40.2038917542, 13.0127239227, 19.7063961029, -16.5620288849, 18.6048660278, 43.5562477112, 30.8781471252], [29.6257514954, 62.8623847961, 127.620559692, 316.797241211, 128.501541138, 12.3829088211, -17.588306427, 4.06062078476, 11.4706201553, -45.4211578369, -16.6659698486, 52.7538833618, 42.8075866699], [-488.636901855, -109.723449707, 79.2019500732, 128.501541138, 202.148025513, 43.7663383484, 10.5807209015, 27.9583740234, 50.6875495911, 2.58445072174, -0.245261654258, 31.4688720703, 33.1496543884], [51.5020065308, -6.80054330826, 36.2798957825, 12.3829088211, 43.7663383484, 148.722091675, 87.4108734131, 29.8602981567, 5.94535684586, 16.6571102142, 23.0590782166, -12.0565252304, -11.9933958054], [-37.7242698669, -0.800977051258, 40.2038917542, -17.588306427, 10.5807209015, 87.4108734131, 129.484298706, 52.0860481262, 5.42674398422, 15.6012630463, 29.4319324493, -5.38605213165, -4.55559778214], [-127.104438782, -10.3521785736, 13.0127239227, 4.06062078476, 27.9583740234, 29.8602981567, 52.0860481262, 100.299209595, 49.1281204224, 19.4226989746, 8.72322845459, -1.03904521465, 6.55191850662], [-201.088378906, -39.1911773682, 19.7063961029, 11.4706201553, 50.6875495911, 5.94535684586, 5.42674398422, 49.1281204224, 105.766822815, 41.3126983643, 10.3048858643, 9.18697166443, 10.833779335], [104.754547119, 37.4806785583, -16.5620288849, -45.4211578369, 2.58445072174, 16.6571102142, 15.6012630463, 19.4226989746, 41.3126983643, 109.472015381, 52.0784873962, -1.04490590096, -14.0599346161], [-22.0062046051, 36.3118400574, 18.6048660278, -16.6659698486, -0.245261654258, 23.0590782166, 29.4319324493, 8.72322845459, 10.3048858643, 52.0784873962, 86.1431045532, 27.5793762207, -4.37726783752], [-91.9956130981, 28.4301490784, 43.5562477112, 52.7538833618, 31.4688720703, -12.0565252304, -5.38605213165, -1.03904521465, 9.18697166443, -1.04490590096, 27.5793762207, 89.1638031006, 42.6184616089], [-192.095703125, -4.85795736313, 30.8781471252, 42.8075866699, 33.1496543884, -11.9933958054, -4.55559778214, 6.55191850662, 10.833779335, -14.0599346161, -4.37726783752, 42.6184616089, 81.9117507935]], "icov": [[0.000120561489894, -0.00015992646513, 0.00015447360056, -0.000168918151758, 0.000245058472501, -0.000163626071298, -4.73709496873e-06, 8.57967243064e-05, 5.90099625697e-05, -0.000206988232094, 0.000218750254135, -6.89295338816e-05, 0.000177257301402], [-0.00015992646513, 0.00147539167665, 0.000314307457302, -0.000753684900701, 0.000847656454425, 2.88328828901e-05, -0.000114895781735, -0.000234285660554, 0.000287157308776, -0.000538909924217, -0.000402375590056, -0.00043249380542, -0.000265588663751], [0.00015447360056, 0.000314307457302, 0.00413586897776, -0.00181904539932, 0.000377301563276, -0.000206575350603, -0.00162486289628, 0.000860265048686, -0.000593988923356, 0.000210586134926, -0.000592819647864, -0.000871204538271, -3.33475145453e-05], [-0.000168918151758, -0.000753684900701, -0.00181904539932, 0.00640025688335, -0.00398481776938, -0.000208458703128, 0.00166813272517, -0.000678700627759, 0.000340627855621, 0.00247768731788, 0.000322964071529, -0.00133342703339, -0.000279460975435], [0.000245058472501, 0.000847656454425, 0.000377301563276, -0.00398481776938, 0.0102230450138, -0.0034015334677, 0.000872096978128, -0.000149892206537, -0.00278369220905, -0.00163786462508, 0.00124160607811, -0.00145131791942, -0.00110107904766], [-0.000163626071298, 2.88328828901e-05, -0.000206575350603, -0.000208458703128, -0.0034015334677, 0.0132189905271, -0.00871921423823, 0.00128956162371, 0.000393713009544, -0.00022177810024, -0.00135802652221, 0.00235383119434, 0.00114141986705], [-4.73709496873e-06, -0.000114895781735, -0.00162486289628, 0.00166813272517, 0.000872096978128, -0.00871921423823, 0.0181285142899, -0.00823828671128, 0.00298682088032, 0.00114287098404, -0.00360006047413, 0.000627616536804, -0.000957376207225], [8.57967243064e-05, -0.000234285660554, 0.000860265048686, -0.000678700627759, -0.000149892206537, 0.00128956162371, -0.00823828671128, 0.0177719984204, -0.00799247436225, 0.000121403252706, 0.00100482581183, 0.000971180154011, -0.000786198710557], [5.90099625697e-05, 0.000287157308776, -0.000593988923356, 0.000340627855621, -0.00278369220905, 0.000393713009544, 0.00298682088032, -0.00799247436225, 0.0171546265483, -0.00661690020934, 0.00200403179042, -0.00100498402026, -0.000583750195801], [-0.000206988232094, -0.000538909924217, 0.000210586134926, 0.00247768731788, -0.00163786462508, -0.00022177810024, 0.00114287098404, 0.000121403252706, -0.00661690020934, 0.0182629805058, -0.0108976336196, 0.00294597842731, 0.000687414954882], [0.000218750254135, -0.000402375590056, -0.000592819647864, 0.000322964071529, 0.00124160607811, -0.00135802652221, -0.00360006047413, 0.00100482581183, 0.00200403179042, -0.0108976336196, 0.0231337845325, -0.00961728580296, 0.00366640230641], [-6.89295338816e-05, -0.00043249380542, -0.000871204538271, -0.00133342703339, -0.00145131791942, 0.00235383119434, 0.000627616536804, 0.000971180154011, -0.00100498402026, 0.00294597842731, -0.00961728580296, 0.0207690875977, -0.00895425677299], [0.000177257301402, -0.000265588663751, -3.33475145453e-05, -0.000279460975435, -0.00110107904766, 0.00114141986705, -0.000957376207225, -0.000786198710557, -0.000583750195801, 0.000687414954882, 0.00366640230641, -0.00895425677299, 0.0184391997755]], "mean": [-633.735717773, 116.612861633, -15.7788877487, 23.1676273346, -4.49365377426, 2.8046066761, -3.95663666725, -3.11654496193, -6.42322921753, 2.61304545403, 0.876206576824, 1.01292324066, -5.39787578583]}, "pitch_salience": {"dmean": 0.0648939833045, "dmean2": 0.105073489249, "dvar": 0.00395417679101, "dvar2": 0.00958865601569, "max": 0.922992289066, "mean": 0.578037619591, "median": 0.585598826408, "min": 0.0131995128468, "var": 0.0104859387502}, "silence_rate_20dB": {"dmean": 0, "dmean2": 0, "dvar": 0, "dvar2": 0, "max": 1, "mean": 1, "median": 1, "min": 1, "var": 0}, "silence_rate_30dB": {"dmean": 0, "dmean2": 0, "dvar": 0, "dvar2": 0, "max": 1, "mean": 1, "median": 1, "min": 1, "var": 0}, "silence_rate_60dB": {"dmean": 0.00353930098936, "dmean2": 0.00707964599133, "dvar": 0.00352751137689, "dvar2": 0.00791397225112, "max": 1, "mean": 0.0569153651595, "median": 0, "min": 0, "var": 0.0536752901971}, "spectral_centroid": {"dmean": 223.585021973, "dmean2": 350.087799072, "dvar": 64664.3632813, "dvar2": 140699.25, "max": 11840.2324219, "mean": 1648.1953125, "median": 1468.02978516, "min": 177.838638306, "var": 1577102.875}, "spectral_complexity": {"dmean": 3.84073138237, "dmean2": 5.78082609177, "dvar": 18.9913730621, "dvar2": 36.3104820251, "max": 58, "mean": 23.0467414856, "median": 23, "min": 0, "var": 94.4486083984}, "spectral_contrast_coeffs": {"dmean": [0.049579501152, 0.0400939807296, 0.0360107161105, 0.0305963847786, 0.0208919513971, 0.0166693367064], "dmean2": [0.0789641365409, 0.0648197606206, 0.056932169944, 0.0493585169315, 0.0333144702017, 0.0264325104654], "dvar": [0.00189618160948, 0.00104892172385, 0.000892598356586, 0.000643960840534, 0.000306781148538, 0.000214206142118], "dvar2": [0.00439190352336, 0.0027612936683, 0.00219854922034, 0.00164240202866, 0.000706522027031, 0.000511903490406], "max": [-0.261852771044, -0.438728898764, -0.470921248198, -0.545124828815, -0.555203855038, -0.64622682333], "mean": [-0.626471042633, -0.709549188614, -0.73280030489, -0.75219720602, -0.786811590195, -0.742388308048], "median": [-0.629162311554, -0.707122325897, -0.730821967125, -0.753620743752, -0.79167163372, -0.733356416225], "min": [-0.985733151436, -0.975446462631, -0.984550535679, -0.971174716949, -0.96694123745, -0.964971721172], "var": [0.00909862387925, 0.00606777891517, 0.00571385351941, 0.00418748008087, 0.00227127945982, 0.00192277156748]}, "spectral_contrast_valleys": {"dmean": [0.407028675079, 0.304147034883, 0.288800746202, 0.250596404076, 0.240919739008, 0.32968121767], "dmean2": [0.625459372997, 0.494450420141, 0.467487931252, 0.392922222614, 0.352882921696, 0.428793698549], "dvar": [0.183694094419, 0.0833837985992, 0.0851318389177, 0.0736435875297, 0.080976895988, 0.124615654349], "dvar2": [0.336914688349, 0.188761219382, 0.184804588556, 0.153167307377, 0.143881082535, 0.215167284012], "max": [-5.54883480072, -5.09641599655, -4.98199367523, -5.93383932114, -5.67664527893, -8.04080867767], "mean": [-7.85179805756, -7.01228666306, -7.74102735519, -7.8610291481, -7.5770368576, -10.5528869629], "median": [-7.25642108917, -6.45691585541, -7.16856575012, -7.31335830688, -7.07557106018, -10.199092865], "min": [-28.0172367096, -28.3114490509, -27.7713451385, -27.7872486115, -27.4704322815, -27.4189929962], "var": [7.77644014359, 8.30696392059, 7.80943584442, 7.51368379593, 7.56045866013, 5.79821014404]}, "spectral_decrease": {"dmean": 1.85339010805e-09, "dmean2": 2.72017253167e-09, "dvar": 5.49294042054e-18, "dvar2": 1.11344251083e-17, "max": 1.83335988087e-28, "mean": -6.23324014626e-09, "median": -5.63700774947e-09, "min": -2.4054886083e-08, "var": 1.46559877476e-17}, "spectral_energy": {"dmean": 0.00742870476097, "dmean2": 0.0108114425093, "dvar": 8.49852367537e-05, "dvar2": 0.000170327228261, "max": 0.0986208766699, "mean": 0.0256660748273, "median": 0.0232477001846, "min": 1.00492363161e-20, "var": 0.000245518662268}, "spectral_energyband_high": {"dmean": 0.000369721004972, "dmean2": 0.000506933720317, "dvar": 3.46083339764e-07, "dvar2": 6.72926148582e-07, "max": 0.0126319145784, "mean": 0.000792257022113, "median": 0.000481085095089, "min": 7.03993062946e-21, "var": 7.99262238615e-07}, "spectral_energyband_low": {"dmean": 0.00316967931576, "dmean2": 0.00496060401201, "dvar": 5.7580153225e-05, "dvar2": 0.000126860672026, "max": 0.0782442390919, "mean": 0.00472646392882, "median": 0.0025633033365, "min": 1.63319608702e-23, "var": 5.99689010414e-05}, "spectral_energyband_middle_high": {"dmean": 0.00234249653295, "dmean2": 0.00356820900925, "dvar": 1.20089980555e-05, "dvar2": 2.80131389445e-05, "max": 0.0581177473068, "mean": 0.00781441666186, "median": 0.00588812539354, "min": 1.11676794201e-21, "var": 5.15736937814e-05}, "spectral_energyband_middle_low": {"dmean": 0.00451022991911, "dmean2": 0.00692349439487, "dvar": 3.49665642716e-05, "dvar2": 7.54743450671e-05, "max": 0.0837925374508, "mean": 0.0133238388225, "median": 0.0115199871361, "min": 1.53851731672e-22, "var": 8.77754209796e-05}, "spectral_entropy": {"dmean": 0.131017118692, "dmean2": 0.190127849579, "dvar": 0.0164292119443, "dvar2": 0.0338993817568, "max": 9.82364463806, "mean": 7.65534734726, "median": 7.62606811523, "min": 5.36246681213, "var": 0.177002727985}, "spectral_flux": {"dmean": 0.0224642325193, "dmean2": 0.034420080483, "dvar": 0.00063147500623, "dvar2": 0.00135085918009, "max": 0.252942919731, "mean": 0.0808201506734, "median": 0.0752209126949, "min": 6.26793131286e-11, "var": 0.0018850286724}, "spectral_kurtosis": {"dmean": 1.37529563904, "dmean2": 2.3125576973, "dvar": 4.93423509598, "dvar2": 12.7752428055, "max": 106.303825378, "mean": 4.30151319504, "median": 3.58934736252, "min": -1.26286065578, "var": 27.3013515472}, "spectral_rms": {"dmean": 0.000672571884934, "dmean2": 0.000952594273258, "dvar": 5.64832646432e-07, "dvar2": 1.03431557363e-06, "max": 0.00980894919485, "mean": 0.00469376984984, "median": 0.00476242415607, "min": 3.1311552743e-12, "var": 3.00855504065e-06}, "spectral_rolloff": {"dmean": 400.692962646, "dmean2": 668.270812988, "dvar": 462224.90625, "dvar2": 1163020.5, "max": 19638.28125, "mean": 1877.75317383, "median": 1507.32421875, "min": 21.533203125, "var": 5179359.5}, "spectral_skewness": {"dmean": 0.182264462113, "dmean2": 0.293478697538, "dvar": 0.0321766547859, "dvar2": 0.0837413966656, "max": 7.3635725975, "mean": 1.38219702244, "median": 1.33673763275, "min": -0.0788034722209, "var": 0.219585001469}, "spectral_spread": {"dmean": 403188.5625, "dmean2": 586544.625, "dvar": 471905140736, "dvar2": 965771919360, "max": 42265976, "mean": 4502736.5, "median": 3777109.25, "min": 436754.78125, "var": 20619569659900.0}, "spectral_strongpeak": {"dmean": 0.726662397385, "dmean2": 1.226