{"lowlevel": {"average_loudness": 0.877667248249, "barkbands": {"dmean": [6.18755511823e-05, 0.00462322309613, 0.00255393818952, 0.000840300577693, 0.00125651387498, 0.000683335238136, 0.000993712688796, 0.00119996152353, 0.0016039457405, 0.00142420246266, 0.000559585751034, 0.000408589927247, 0.000370086927433, 0.000252337777056, 0.000228204735322, 0.000184526434168, 0.000288997718599, 0.00010797908908, 4.87703218823e-05, 2.57602005149e-05, 1.68265523826e-05, 2.03976214834e-05, 4.02400473831e-05, 4.41385491285e-05, 0.000105620230897, 1.37214501592e-05, 8.36207561861e-07], "dmean2": [9.91655615508e-05, 0.00774949975312, 0.00472213095054, 0.00150168256368, 0.00209966325201, 0.00106698216405, 0.00153950462118, 0.0018330544699, 0.00231254007667, 0.00210225628689, 0.000846019887831, 0.000645628373604, 0.000603198481258, 0.000400196062401, 0.000357278302545, 0.000294961646432, 0.000456526642665, 0.000172959640622, 7.60249022278e-05, 4.07022380386e-05, 2.45270948653e-05, 2.93831453746e-05, 5.7892921177e-05, 6.06003959547e-05, 0.00015406809689, 1.93534706341e-05, 1.33356695642e-06], "dvar": [2.14519122466e-08, 0.000108155058115, 5.15905194334e-05, 5.1585084293e-06, 2.15644595301e-05, 1.06824245449e-06, 3.8112589209e-06, 7.42354586691e-06, 1.3664061953e-05, 1.42135650094e-05, 2.79373170997e-06, 1.43106331052e-06, 1.66879897279e-06, 1.98635774495e-07, 2.65110145392e-07, 2.9037744298e-07, 2.12164707136e-07, 3.49222588625e-08, 6.47692077749e-09, 2.27192753499e-09, 1.17641052455e-09, 1.92953608646e-09, 1.07704298813e-08, 3.18621928841e-08, 5.04084844977e-08, 1.08094144746e-09, 4.19676489741e-12], "dvar2": [5.31289181538e-08, 0.000276806182228, 0.000148115679622, 1.46925349327e-05, 5.67141032661e-05, 2.61736704488e-06, 9.04872831597e-06, 1.62726646522e-05, 2.86594731733e-05, 2.90114658128e-05, 5.60021317142e-06, 3.51959261025e-06, 4.76405966765e-06, 4.59344960291e-07, 6.38536050701e-07, 7.47232547837e-07, 5.23046992384e-07, 8.71115943823e-08, 1.56954218511e-08, 5.38886046897e-09, 2.53116172466e-09, 3.75496167493e-09, 2.19108926558e-08, 6.34978789549e-08, 1.08061982473e-07, 2.03379002528e-09, 1.02432654372e-11], "max": [0.00189542793669, 0.0968158096075, 0.0540397502482, 0.0289559848607, 0.0502085015178, 0.0191596969962, 0.0459224954247, 0.056534409523, 0.095949627459, 0.0957470163703, 0.0453770942986, 0.0344500169158, 0.0461344197392, 0.0104684354737, 0.0142188984901, 0.0278679188341, 0.0140945352614, 0.00488129071891, 0.00208918051794, 0.00105161045212, 0.00184148561675, 0.00116426486056, 0.00280232448131, 0.00899557955563, 0.00466626184061, 0.00116547313519, 2.43771555688e-05], "mean": [0.000102370358945, 0.00640781689435, 0.00218487600796, 0.000803040573373, 0.00134004245047, 0.00132454861887, 0.00186620140448, 0.00222814036533, 0.00299273873679, 0.00285137165338, 0.000964779523201, 0.000739514885936, 0.000628415960819, 0.000466012279503, 0.000416893046349, 0.000342295592418, 0.000571405107621, 0.000225044670515, 0.000115030779853, 5.75093763473e-05, 3.34027208737e-05, 4.1655926907e-05, 6.83824691805e-05, 7.75136504672e-05, 0.000144332690979, 1.97216795641e-05, 8.65450147103e-07], "median": [1.1207611351e-05, 0.00319318845868, 0.0006751731853, 0.000220880086999, 0.000463928678073, 0.000851594784763, 0.000844443566166, 0.000690152868629, 0.000744552642573, 0.000591019866988, 0.000248433207162, 0.000191330487723, 0.000143498473335, 0.000223724215175, 0.000147682134411, 0.000121341159684, 0.000327212037519, 0.000121650322399, 6.61820085952e-05, 2.56463408732e-05, 1.64482589753e-05, 1.69838585862e-05, 2.12013692362e-05, 1.53873224917e-05, 2.62440335064e-05, 2.93157677334e-06, 7.13932735152e-08], "min": [1.49420836046e-24, 7.67392844546e-24, 3.3737921153e-23, 1.95947511053e-23, 2.64733894292e-23, 2.91942748209e-23, 1.53322421782e-23, 5.47644721562e-23, 3.41948199229e-23, 1.27191527359e-22, 1.10794491775e-22, 6.72503038177e-23, 1.32780865618e-22, 7.3792421968e-23, 7.52039844282e-23, 9.29581258265e-23, 2.64540150054e-22, 2.90019019384e-22, 2.89321035255e-22, 2.60236781287e-22, 5.18874989592e-22, 5.68568076937e-22, 5.03979074269e-22, 5.5116795107e-22, 1.34568139178e-21, 1.3598709926e-21, 2.5166962059e-21], "var": [2.63490669283e-08, 0.000103445694549, 3.1577572372e-05, 3.4951640373e-06, 1.64424400282e-05, 2.37205267695e-06, 9.96227208816e-06, 2.51927503996e-05, 4.00961507694e-05, 5.24456554558e-05, 7.13659619578e-06, 3.77299852516e-06, 3.50947334482e-06, 6.09401297424e-07, 6.80225980432e-07, 5.55478720798e-07, 5.4300494412e-07, 9.80725261002e-08, 2.20984475163e-08, 7.18960624368e-09, 3.04503222637e-09, 5.43665601427e-09, 2.58986538881e-08, 7.4071735412e-08, 9.61893675822e-08, 2.68525268687e-09, 4.87930529314e-12]}, "barkbands_crest": {"dmean": 2.69070887566, "dmean2": 4.32282495499, "dvar": 6.59519290924, "dvar2": 16.5318546295, "max": 23.7989788055, "mean": 10.3705663681, "median": 9.58693218231, "min": 2.90943360329, "var": 17.3006916046}, "barkbands_flatness_db": {"dmean": 0.0214194636792, "dmean2": 0.0316521860659, "dvar": 0.000480700458866, "dvar2": 0.00118558912072, "max": 0.356660157442, "mean": 0.145032569766, "median": 0.140974000096, "min": 0.0386270359159, "var": 0.00208864198066}, "barkbands_kurtosis": {"dmean": 2.93871331215, "dmean2": 4.8488740921, "dvar": 42.1484184265, "dvar2": 112.369926453, "max": 110.812507629, "mean": 3.16486096382, "median": 1.51375520229, "min": -1.94153487682, "var": 41.48046875}, "barkbands_skewness": {"dmean": 0.547926366329, "dmean2": 0.837316393852, "dvar": 0.537115395069, "dvar2": 1.30972194672, "max": 9.15960788727, "mean": 1.22431397438, "median": 1.04896044731, "min": -3.33838391304, "var": 1.13233268261}, "barkbands_spread": {"dmean": 5.37059259415, "dmean2": 8.23939228058, "dvar": 60.2829475403, "dvar2": 133.357162476, "max": 113.945411682, "mean": 19.1966133118, "median": 16.6118850708, "min": 1.53963387012, "var": 172.408569336}, "dissonance": {"dmean": 0.0215561073273, "dmean2": 0.03600891307, "dvar": 0.000411767163314, "dvar2": 0.00109931104816, "max": 0.499991863966, "mean": 0.455541819334, "median": 0.461653739214, "min": 0.25494620204, "var": 0.000896783603821}, "dynamic_complexity": 3.91691422462, "erbbands": {"dmean": [0.0990702807903, 1.21899998188, 3.13729524612, 2.78060054779, 4.07583236694, 3.83706212044, 2.79337859154, 6.25305938721, 12.3243970871, 18.8770484924, 28.9851875305, 37.8369522095, 51.9332580566, 24.2564964294, 19.464963913, 17.9086284637, 16.2451076508, 14.2738084793, 9.19643115997, 12.0960998535, 10.7168798447, 12.7535791397, 6.49753713608, 2.70584082603, 2.114798069, 1.12305021286, 0.624949336052, 0.682513237, 0.688278436661, 1.16386711597, 1.07295572758, 0.810174703598, 0.834169566631, 0.884948015213, 0.988140165806, 0.133063256741, 0.0146586569026, 0.00166648509912, 0.000166643119883, 1.65398705576e-05], "dmean2": [0.1599753052, 2.11435127258, 5.77378463745, 4.99217224121, 6.98849201202, 6.39797687531, 4.48674917221, 9.78328418732, 18.7936592102, 28.6684513092, 43.4781723022, 53.8689918518, 75.932723999, 35.1910476685, 29.1272220612, 28.3042869568, 26.1233901978, 22.3303852081, 14.2757844925, 18.860502243, 16.5002613068, 19.8181247711, 10.2974252701, 4.19921112061, 3.30651164055, 1.76311635971, 0.934749245644, 0.976800322533, 0.990300774574, 1.71371614933, 1.53587126732, 1.11600077152, 1.15708422661, 1.24010884762, 1.4877743721, 0.187476292253, 0.0205035246909, 0.00236136955209, 0.000266900868155, 2.51802521234e-05], "dvar": [0.0457335822284, 8.03450870514, 72.9978103638, 56.2774391174, 216.053070068, 179.629425049, 22.4591579437, 94.9621658325, 422.932983398, 1830.81677246, 4873.92919922, 8059.72802734, 21202.515625, 3833.69628906, 2984.52026367, 2882.76416016, 3047.98339844, 745.476501465, 325.322113037, 946.677062988, 929.177001953, 399.303527832, 125.044265747, 22.8205223083, 12.979847908, 4.87323856354, 1.91902065277, 1.80882465839, 2.20212364197, 7.12140130997, 9.05093574524, 8.96611595154, 11.3080348969, 4.9469575882, 4.86600017548, 0.0826428607106, 0.00133388664108, 1.4859334442e-05, 1.85545417253e-07, 8.36522517922e-10], "dvar2": [0.103776425123, 21.6410369873, 210.178619385, 159.289077759, 571.991333008, 475.269439697, 56.5916862488, 230.837753296, 929.883300781, 4049.87329102, 10495.4150391, 16290.5097656, 44998.9804688, 7142.77294922, 6495.40332031, 7424.37744141, 8604.29492188, 1865.57922363, 727.79699707, 2292.00488281, 2326.04931641, 913.550048828, 307.676513672, 54.3546524048, 30.0471611023, 11.581656456, 4.7058506012, 3.36721682549, 4.48104667664, 15.0006465912, 18.5410423279, 16.8755149841, 22.8235588074, 9.47200012207, 11.5401067734, 0.163444593549, 0.00238570244983, 2.8418517104e-05, 4.67060715437e-07, 1.97970528859e-09], "max": [2.31702899933, 24.596944809, 66.17578125, 78.6913604736, 168.038238525, 175.480880737, 129.02003479, 182.906036377, 553.899963379, 905.115783691, 1643.43896484, 2747.27807617, 3629.36010742, 2481.51928711, 1726.30834961, 1726.26550293, 2051.74609375, 584.508117676, 435.099761963, 967.127807617, 1864.91992188, 682.080993652, 300.002929688, 136.734786987, 132.667327881, 50.7109527588, 70.4721450806, 71.3501281738, 35.8807449341, 81.1129989624, 83.4611129761, 113.39616394, 176.186248779, 63.3982887268, 31.7492485046, 7.95617485046, 1.3884973526, 0.0982902720571, 0.00613708328456, 0.000335755641572], "mean": [0.144108071923, 1.54501068592, 2.99502253532, 2.62897849083, 3.74541974068, 4.30729866028, 5.01836252213, 11.7530317307, 24.0111732483, 33.8010292053, 56.4783058167, 75.2167816162, 105.625488281, 51.8893814087, 37.2848854065, 32.9963645935, 29.9409179688, 28.2529850006, 18.9598407745, 23.4182529449, 23.3260936737, 27.6766414642, 14.8312368393, 6.71365308762, 5.28745412827, 2.68692874908, 1.39118337631, 1.30945217609, 1.38616359234, 2.05689549446, 1.84583675861, 1.44712400436, 1.41146016121, 1.36337077618, 1.19474196434, 0.186489865184, 0.0211916919798, 0.0023316363804, 0.000176531262696, 3.87716172554e-05], "median": [0.0887280479074, 0.582801282406, 1.19086170197, 0.780047237873, 1.05328738689, 1.37718522549, 3.14772677422, 7.11254692078, 12.6060409546, 13.4844150543, 19.2233924866, 21.4980010986, 19.6929016113, 16.4056358337, 11.1970205307, 9.27299880981, 8.04896354675, 12.7856006622, 9.11985969543, 7.78746509552, 11.0586557388, 16.3019046783, 8.69244670868, 3.99158167839, 2.78351092339, 1.30433297157, 0.76443618536, 0.589716911316, 0.574998915195, 0.764656066895, 0.54130011797, 0.304527044296, 0.2718347013, 0.243478536606, 0.206905424595, 0.0305981263518, 0.00328292464837, 0.000339551683282, 2.9704931876e-05, 2.80976146314e-05], "min": [6.67115433738e-23, 2.90446276548e-21, 3.25108637921e-20, 6.0362613397e-20, 3.37495344477e-20, 1.42751728187e-19, 1.678567761e-19, 2.85769162297e-19, 2.18162992899e-19, 6.41659717589e-19, 1.13042006203e-18, 9.86265849116e-19, 3.41701155933e-18, 4.87658705302e-18, 2.09594766601e-18, 4.13543446495e-18, 5.5962147472e-18, 2.97290573308e-18, 4.58805363407e-18, 3.64042518457e-18, 7.40210263923e-18, 1.42108007963e-17, 1.37127545223e-17, 1.5794497636e-17, 1.44651290561e-17, 1.2834541829e-17, 2.56906813438e-17, 1.87696694304e-17, 1.82539024661e-17, 1.27233422849e-17, 1.49295959332e-17, 1.01143517672e-17, 1.29414756027e-17, 1.27634696436e-17, 9.9086972961e-18, 4.36240207168e-18, 2.54291760513e-18, 1.62011181184e-18, 4.19034447177e-19, 2.95522455362e-20], "var": [0.0508656576276, 6.89149045944, 45.6326751709, 37.7282180786, 155.636703491, 146.008682251, 40.1873092651, 210.845947266, 1203.00952148, 4540.91357422, 16445.1503906, 24943.1328125, 80605.8671875, 12489.9697266, 8103.64160156, 6764.39306641, 6673.14208984, 2398.81445313, 870.697631836, 2463.65527344, 1792.70959473, 1212.39379883, 375.412994385, 78.838104248, 49.5310287476, 14.8401699066, 4.79912757874, 4.91111373901, 5.79602384567, 15.2766780853, 22.2478160858, 24.2812957764, 24.8133449554, 12.2162055969, 6.43381166458, 0.188049703836, 0.00343126943335, 3.36712146236e-05, 1.9034575871e-07, 1.35108046972e-09]}, "erbbands_crest": {"dmean": 2.79998731613, "dmean2": 4.39023351669, "dvar": 7.35263872147, "dvar2": 16.9243736267, "max": 30.5096225739, "mean": 10.2599887848, "median": 8.80617618561, "min": 2.55254149437, "var": 26.8789844513}, "erbbands_flatness_db": {"dmean": 0.0201088879257, "dmean2": 0.0257916972041, "dvar": 0.00035549144377, "dvar2": 0.000583857123274, "max": 0.373956203461, "mean": 0.179843500257, "median": 0.178347766399, "min": 0.054352466017, "var": 0.00296935951337}, "erbbands_kurtosis": {"dmean": 0.99563741684, "dmean2": 1.54520750046, "dvar": 1.6350274086, "dvar2": 3.61777544022, "max": 28.7490386963, "mean": 1.0205013752, "median": 0.279957920313, "min": -1.7776222229, "var": 5.96572351456}, "erbbands_skewness": {"dmean": 0.372543126345, "dmean2": 0.567869305611, "dvar": 0.10995836556, "dvar2": 0.253455162048, "max": 4.53311920166, "mean": 0.634926438332, "median": 0.616301238537, "min": -2.78101944923, "var": 0.480874747038}, "erbbands_spread": {"dmean": 7.04339122772, "dmean2": 9.99460315704, "dvar": 100.738868713, "dvar2": 211.101303101, "max": 149.907928467, "mean": 29.3192481995, "median": 25.7662220001, "min": 3.4187912941, "var": 342.921112061}, "gfcc": {"cov": [[7839.18017578, -1489.31726074, 366.133880615, 477.890380859, -339.754486084, 506.567779541, -42.7357177734, 404.404907227, -164.407958984, 195.775146484, -159.539642334, 109.447166443, -14.4407262802], [-1489.31726074, 1378.49658203, -260.505828857, -146.192871094, 346.094024658, -272.804626465, 142.837783813, -101.66330719, 152.478179932, -144.8175354, 169.5572052, -74.0003890991, 18.0365829468], [366.133880615, -260.505828857, 856.882202148, 290.243499756, 68.9394073486, 211.663009644, -24.6752357483, 41.7219581604, -2.61327433586, 132.587234497, -65.4104766846, 64.2852172852, -33.8960647583], [477.890380859, -146.192871094, 290.243499756, 412.174133301, 59.8026504517, 101.527267456, 2.97639155388, 39.2501182556, 26.260389328, 68.10546875, -11.9967670441, -0.851328015327, 14.1346912384], [-339.754486084, 346.094024658, 68.9394073486, 59.8026504517, 271.117950439, -2.31102061272, 67.2820129395, 16.9998245239, 54.5689659119, 17.3576660156, 19.5459403992, -16.6061306, 10.0068588257], [506.567779541, -272.804626465, 211.663009644, 101.527267456, -2.31102061272, 257.134277344, 66.9601211548, 47.2988586426, -28.3557395935, 60.6173095703, -19.3650531769, 24.8734931946, -5.61221408844], [-42.7357177734, 142.837783813, -24.6752357483, 2.97639155388, 67.2820129395, 66.9601211548, 178.307723999, 33.3819541931, 8.54665756226, -7.39286088943, 19.7981395721, -11.8681354523, 7.19559240341], [404.404907227, -101.66330719, 41.7219581604, 39.2501182556, 16.9998245239, 47.2988586426, 33.3819541931, 134.405303955, 43.2789802551, 29.5349750519, -14.9509143829, 13.2548494339, 8.74407291412], [-164.407958984, 152.478179932, -2.61327433586, 26.260389328, 54.5689659119, -28.3557395935, 8.54665756226, 43.2789802551, 135.139785767, 9.87984371185, 12.8579111099, -13.1455841064, 11.1394710541], [195.775146484, -144.8175354, 132.587234497, 68.10546875, 17.3576660156, 60.6173095703, -7.39286088943, 29.5349750519, 9.87984371185, 115.630867004, -4.32366085052, 13.1145477295, -0.921634674072], [-159.539642334, 169.5572052, -65.4104766846, -11.9967670441, 19.5459403992, -19.3650531769, 19.7981395721, -14.9509143829, 12.8579111099, -4.32366085052, 111.474731445, 15.2588386536, -0.462705522776], [109.447166443, -74.0003890991, 64.2852172852, -0.851328015327, -16.6061306, 24.8734931946, -11.8681354523, 13.2548494339, -13.1455841064, 13.1145477295, 15.2588386536, 84.8572769165, 18.1363887787], [-14.4407262802, 18.0365829468, -33.8960647583, 14.1346912384, 10.0068588257, -5.61221408844, 7.19559240341, 8.74407291412, 11.1394710541, -0.921634674072, -0.462705522776, 18.1363887787, 59.1890029907]], "icov": [[0.000210554993828, -6.10214701737e-05, 0.00012244762911, -0.000256042258115, 0.000259935477516, -0.00030114594847, 0.000206151540624, -0.000695345399436, 0.000382692320272, -0.00012204349332, 0.000181078139576, -0.000135427471832, 0.000175383494934], [-6.10214701737e-05, 0.00404281308874, -0.000874317775015, 0.00120971212164, -0.0039204666391, 0.00315493810922, -0.00270747207105, 0.00284523935989, -0.00294970604591, 0.00336874555796, -0.00430234894156, 0.00180434749927, -0.00114457216114], [0.00012244762911, -0.000874317775015, 0.00274420646019, -0.00163637776859, 0.00021772798209, -0.00199991301633, 0.00118705071509, -0.000352958828444, 0.000429063424235, -0.0018987468211, 0.00257385987788, -0.00285070715472, 0.00272331782617], [-0.000256042258115, 0.00120971212164, -0.00163637776859, 0.00433213310316, -0.00168470921926, 0.000541953719221, -0.00046078680316, 0.00103998195846, -0.00141454185359, 0.000664484861773, -0.0022702163551, 0.00261793704703, -0.00270751607604], [0.000259935477516, -0.0039204666391, 0.00021772798209, -0.00168470921926, 0.00893219467252, -0.00222814478911, 0.000596323283389, -0.00308524770662, 0.00178708403837, -0.00387989729643, 0.00356336846016, -0.00080312154023, 0.000324192660628], [-0.00030114594847, 0.00315493810922, -0.00199991301633, 0.000541953719221, -0.00222814478911, 0.00977948307991, -0.00556770758703, 0.00177487835754, -0.000981374760158, 0.000719944713637, -0.00298744114116, 0.000711579748895, -0.000636440701783], [0.000206151540624, -0.00270747207105, 0.00118705071509, -0.00046078680316, 0.000596323283389, -0.00556770758703, 0.0104590486735, -0.00432029692456, 0.00276235397905, -0.00050875719171, 0.00111099204514, 0.000735204259399, -0.000341221224517], [-0.000695345399436, 0.00284523935989, -0.000352958828444, 0.00103998195846, -0.00308524770662, 0.00177487835754, -0.00432029692456, 0.0145036084577, -0.00706102512777, 0.000793296145275, -0.00084226008039, -0.00125417695381, -0.000695713155437], [0.000382692320272, -0.00294970604591, 0.000429063424235, -0.00141454185359, 0.00178708403837, -0.000981374760158, 0.00276235397905, -0.00706102512777, 0.01289672032, -0.00295536872, 0.00145448197145, 0.00110998796299, -0.000914078322239], [-0.00012204349332, 0.00336874555796, -0.0018987468211, 0.000664484861773, -0.00387989729643, 0.000719944713637, -0.00050875719171, 0.000793296145275, -0.00295536872, 0.0146920951083, -0.00468003889546, 0.00179466011468, -0.00143501814455], [0.000181078139576, -0.00430234894156, 0.00257385987788, -0.0022702163551, 0.00356336846016, -0.00298744114116, 0.00111099204514, -0.00084226008039, 0.00145448197145, -0.00468003889546, 0.0162136927247, -0.00700582843274, 0.0044018398039], [-0.000135427471832, 0.00180434749927, -0.00285070715472, 0.00261793704703, -0.00080312154023, 0.000711579748895, 0.000735204259399, -0.00125417695381, 0.00110998796299, 0.00179466011468, -0.00700582843274, 0.0186187662184, -0.00848222151399], [0.000175383494934, -0.00114457216114, 0.00272331782617, -0.00270751607604, 0.000324192660628, -0.000636440701783, -0.000341221224517, -0.000695713155437, -0.000914078322239, -0.00143501814455, 0.0044018398039, -0.00848222151399, 0.0223050322384]], "mean": [-19.9300251007, 108.876663208, -123.703910828, 11.439581871, -56.7018852234, 20.279920578, -42.4678001404, 27.8960666656, -13.6756563187, 2.7909078598, -12.6068668365, 1.77129662037, -8.38426494598]}, "hfc": {"dmean": 5.15670776367, "dmean2": 7.25294828415, "dvar": 45.0292396545, "dvar2": 89.6519546509, "max": 144.277862549, "mean": 19.0503940582, "median": 14.4623012543, "min": 1.12898678964e-16, "var": 290.200592041}, "melbands": {"dmean": [0.00109456654172, 0.00165307766292, 0.000510924321134, 0.000324479944538, 9.52432746999e-05, 0.000148244143929, 0.000187948840903, 0.000204987285542, 0.000252353347605, 0.000243688991759, 0.000258093816228, 9.96735398076e-05, 7.4458119343e-05, 4.86561402795e-05, 3.69187437173e-05, 3.9210630348e-05, 2.84120142169e-05, 1.55284160428e-05, 1.60453637363e-05, 1.53885812324e-05, 1.53585951921e-05, 1.71828669409e-05, 9.30250462261e-06, 4.03874082622e-06, 2.36426922129e-06, 1.84117016033e-06, 1.32767411287e-06, 7.09319579073e-07, 3.98583978267e-07, 4.88925081754e-07, 3.81793114457e-07, 3.74759508759e-07, 4.93838797411e-07, 7.80569962444e-07, 7.05265620127e-07, 5.23487699411e-07, 5.06485093865e-07, 5.79083007324e-07, 6.46808871352e-07, 7.79688321018e-07], "dmean2": [0.00178450578824, 0.00297107920051, 0.000906884146389, 0.000547663599718, 0.000152655178681, 0.000230138815823, 0.000288014329271, 0.000311252049869, 0.000373136426788, 0.000347206252627, 0.00037692845217, 0.000145338854054, 0.000111219560495, 7.57705638534e-05, 5.78464314458e-05, 6.37434859527e-05, 4.46523881692e-05, 2.43229405896e-05, 2.52108166023e-05, 2.43356462306e-05, 2.3891832825e-05, 2.70941272902e-05, 1.48395729411e-05, 6.49775211059e-06, 3.73386706087e-06, 2.91515311801e-06, 2.0742909328e-06, 1.13014482395e-06, 6.15084161382e-07, 7.33265153485e-07, 5.54099131023e-07, 5.52635810891e-07, 7.32523176339e-07, 1.17834701996e-06, 1.04735568129e-06, 7.35896151127e-07, 7.2273155638e-07, 8.23928189675e-07, 9.18827879559e-07, 1.11038184514e-06], "dvar": [5.64129277336e-06, 1.78460504685e-05, 1.81369057373e-06, 1.57203373874e-06, 2.74505165265e-08, 5.12281523868e-08, 1.01599106017e-07, 2.00998158562e-07, 3.59577711606e-07, 3.36149923896e-07, 5.19380932928e-07, 6.52214566799e-08, 4.60485480858e-08, 2.04561914074e-08, 1.18282006412e-08, 2.4822199407e-08, 2.76460099258e-09, 1.00633024136e-09, 1.71043557096e-09, 1.38981293141e-09, 1.66325886397e-09, 8.17879375337e-10, 2.25678892241e-10, 5.8349089449e-11, 1.91107685232e-11, 9.87739230685e-12, 6.05107847509e-12, 2.31560842549e-12, 7.70960281293e-13, 1.09282136292e-12, 6.3007390104e-13, 6.94992566101e-13, 1.2126065126e-12, 3.31914552266e-12, 3.6125792028e-12, 3.90194994371e-12, 4.02038515326e-12, 6.68066990617e-12, 4.67154570236e-12, 3.84072027654e-12], "dvar2": [1.36048029162e-05, 5.04309755343e-05, 5.07544200445e-06, 4.14236274082e-06, 6.86257379812e-08, 1.22365278798e-07, 2.32626135244e-07, 4.37448477442e-07, 7.63580089824e-07, 6.95091159741e-07, 1.1001935718e-06, 1.21129019703e-07, 9.61752917306e-08, 4.97457932624e-08, 2.83740106966e-08, 7.23999775687e-08, 6.42105080217e-09, 2.29892882508e-09, 4.01405353401e-09, 3.45730688522e-09, 4.10390832428e-09, 1.93726723552e-09, 5.55692380999e-10, 1.44098011301e-10, 4.665800038e-11, 2.41510596244e-11, 1.3990948157e-11, 5.64560074037e-12, 1.90610678283e-12, 2.56462993203e-12, 1.21694375497e-12, 1.50831907728e-12, 2.45302823193e-12, 7.3621334723e-12, 8.1080298725e-12, 6.90821054875e-12, 8.21426086872e-12, 1.42200296677e-11, 9.16447039784e-12, 7.6876829555e-12], "max": [0.0226759891957, 0.0326730646193, 0.0144000574946, 0.0134155163541, 0.00337974028662, 0.00432996312156, 0.0070304791443, 0.0113823665306, 0.0141763379797, 0.0159667357802, 0.0181858707219, 0.009455954656, 0.0074080885388, 0.00414200639352, 0.00373202958144, 0.00608375715092, 0.00133244274184, 0.000861404230818, 0.00121250748634, 0.000897574238479, 0.00236023333855, 0.000988336279988, 0.000380340410629, 0.000341943814419, 0.000130791479023, 6.59648649162e-05, 7.89866535342e-05, 3.56416203431e-05, 3.50976697518e-05, 5.6504020904e-05, 4.41562588094e-05, 2.42428686761e-05, 2.96914713545e-05, 5.91008647461e-05, 5.55884107598e-05, 6.93636320648e-05, 7.98335604486e-05, 0.000149073530338, 7.70246406319e-05, 4.93965853821e-05], "mean": [0.00156206032261, 0.00181850371882, 0.000483462150441, 0.000314005999826, 0.000170350234839, 0.000282425637124, 0.000374685099814, 0.000368664361304, 0.000472909305245, 0.000472902844194, 0.000512214261107, 0.000199520858587, 0.000131452907226, 9.00594022823e-05, 6.68326683808e-05, 6.44326064503e-05, 5.22291447851e-05, 2.88226237899e-05, 2.93936900562e-05, 2.91125870717e-05, 2.94724613923e-05, 3.32376839651e-05, 1.8920391085e-05, 8.45172235131e-06, 5.0588855629e-06, 4.11425071434e-06, 3.01429918181e-06, 1.47757918967e-06, 8.23777043024e-07, 8.68457391334e-07, 6.92929688739e-07, 7.10187123332e-07, 9.36966443987e-07, 1.26004931644e-06, 1.12944371722e-06, 8.93757771792e-07, 8.68606150561e-07, 9.46295699578e-07, 1.03909530935e-06, 1.15657530841e-06], "median": [0.000912217306904, 0.000729761144612, 0.000153601344209, 9.13433977985e-05, 0.000100691402622, 0.000172053187271, 0.00019035047444, 0.000140954973176, 0.000153867091285, 0.000121045974083, 8.49602802191e-05, 6.01142091909e-05, 3.70986308553e-05, 2.32825241255e-05, 1.75119039341e-05, 1.66125410033e-05, 2.3380116545e-05, 1.37789165819e-05, 9.84276721283e-06, 9.55557879934e-06, 1.37926472235e-05, 1.83515530807e-05, 9.88174724625e-06, 4.88593195769e-06, 2.76695027424e-06, 2.16337070924e-06, 1.2867493524e-06, 6.40796088192e-07, 4.08742550917e-07, 3.97163120169e-07, 2.92964813298e-07, 2.87748406436e-07, 3.60085095963e-07, 4.44114618858e-07, 3.37797729344e-07, 1.887433001e-07, 1.69551299223e-07, 1.70852388237e-07, 1.88744763818e-07, 1.90063374816e-07], "min": [1.40605502784e-24, 1.23514428954e-23, 9.44087905441e-24, 5.69454153905e-24, 5.99921145356e-24, 5.88572947361e-24, 3.19717889872e-24, 8.53714422417e-24, 8.70349290097e-24, 5.07256258061e-24, 1.78535804708e-23, 2.01606736079e-23, 9.42284884956e-24, 7.11562555043e-24, 1.62563390861e-23, 8.93309402288e-24, 5.11157333009e-24, 7.84679626879e-24, 5.01476274208e-24, 4.47207337651e-24, 1.05679262074e-23, 1.53478269142e-23, 1.07127736914e-23, 1.65923764768e-23, 1.13700565419e-23, 1.40572583619e-23, 6.84694347041e-24, 8.11821648501e-24, 1.8549702888e-23, 9.57549027927e-24, 1.22365074392e-23, 1.15606098379e-23, 8.39260991797e-24, 6.03199256848e-24, 8.39753319888e-24, 8.26871221306e-24, 5.43998125253e-24, 7.2075578226e-24, 1.29445519113e-23, 9.87194894062e-24], "var": [5.893351954e-06, 1.24746702568e-05, 1.23277811781e-06, 1.16481760415e-06, 4.92435567878e-08, 1.22134309777e-07, 2.98694686762e-07, 5.31521720859e-07, 1.14974295684e-06, 1.04197067685e-06, 1.97669578483e-06, 2.07740626479e-07, 1.13910232358e-07, 5.86933097679e-08, 2.90497297328e-08, 4.39900027516e-08, 8.56062243315e-09, 2.32157248981e-09, 4.10928180372e-09, 3.66565955368e-09, 2.94388047273e-09, 2.03612504635e-09, 6.47727260716e-10, 1.40946296301e-10, 5.70304810321e-11, 3.05501075826e-11, 2.09461649414e-11, 5.75801602579e-12, 1.89762745448e-12, 2.28698028397e-12, 1.55018261682e-12, 1.60225142615e-12, 3.12377250802e-12, 6.0617986325e-12, 7.27056219049e-12, 1.05916586265e-11, 9.35601335988e-12, 1.28135791908e-11, 1.10932712669e-11, 8.65765011765e-12]}, "melbands_crest": {"dmean": 3.12775492668, "dmean2": 4.963078022, "dvar": 9.29456615448, "dvar2": 22.1411380768, "max": 30.8494911194, "mean": 13.5578203201, "median": 12.8701171875, "min": 2.11901903152, "var": 24.5037174225}, "melbands_flatness_db": {"dmean": 0.0255700163543, "dmean2": 0.0381112359464, "dvar": 0.000840556342155, "dvar2": 0.00199585105292, "max": 0.491502940655, "mean": 0.21250808239, "median": 0.20568652451, "min": 0.00826089642942, "var": 0.00334419752471}, "melbands_kurtosis": {"dmean": 6.94741439819, "dmean2": 11.5438327789, "dvar": 354.993530273, "dvar2": 954.476318359, "max": 247.392440796, "mean": 8.71754741669, "median": 3.91454386711, "min": -1.81657171249, "var": 313.413787842}, "melbands_skewness": {"dmean": 0.710038363934, "dmean2": 1.08373320103, "dvar": 1.10775494576, "dvar2": 2.67003822327, "max": 13.3499403, "mean": 1.87234067917, "median": 1.57121729851, "min": -1.25946164131, "var": 2.4180495739}, "melbands_spread": {"dmean": 6.06874799728, "dmean2": 9.2685546875, "dvar": 84.0009002686, "dvar2": 182.528030396, "max": 233.976882935, "mean": 21.0041656494, "median": 18.942489624, "min": 1.15302348137, "var": 203.781143188}, "mfcc": {"cov": [[6385.58691406, -859.872436523, 62.1064186096, 8.54016399384, -8.42826271057, -27.6865692139, 188.146881104, 141.228317261, 144.163345337, 95.4959335327, 21.4103565216, -13.5242033005, 96.0697402954], [-859.872436523, 1213.59619141, -348.372375488, 74.5066452026, 64.51222229, -62.2301979065, -34.2979049683, 75.1022186279, -70.4042510986, -20.3973903656, 67.7395629883, 3.66309094429, 10.1430358887], [62.1064186096, -348.372375488, 705.91595459, 102.81615448, 131.639984131, 170.848464966, 44.4050598145, -9.89209842682, 64.0415344238, 1.61984848976, 16.3892936707, 55.947883606, 7.13809585571], [8.54016399384, 74.5066452026, 102.81615448, 317.667297363, 126.782775879, 49.0907325745, 10.1071357727, 4.45883464813, 47.7287864685, 39.1294631958, 7.33901309967, 18.8118286133, 27.6195144653], [-8.42826271057, 64.51222229, 131.639984131, 126.782775879, 209.895080566, 54.6587409973, -8.41407108307, 0.397549122572, 41.0824165344, 30.1156826019, 22.7064647675, 28.2070636749, 16.159866333], [-27.6865692139, -62.2301979065, 170.848464966, 49.0907325745, 54.6587409973, 189.098388672, 90.8076934814, 7.14525794983, 39.4892463684, 12.5775337219, 28.5406532288, 12.018986702, -9.91170501709], [188.146881104, -34.2979049683, 44.4050598145, 10.1071357727, -8.41407108307, 90.8076934814, 185.798034668, 34.2430229187, 17.3202762604, 1.75792598724, 31.7776088715, 5.61076498032, -6.16290426254], [141.228317261, 75.1022186279, -9.89209842682, 4.45883464813, 0.397549122572, 7.14525794983, 34.2430229187, 125.946311951, 25.2347049713, 16.7784385681, 19.3392162323, -0.528072834015, 7.5463051796], [144.163345337, -70.4042510986, 64.0415344238, 47.7287864685, 41.0824165344, 39.4892463684, 17.3202762604, 25.2347049713, 139.021652222, 55.3985137939, 1.91027212143, 3.77693963051, -3.62881040573], [95.4959335327, -20.3973903656, 1.61984848976, 39.1294631958, 30.1156826019, 12.5775337219, 1.75792598724, 16.7784385681, 55.3985137939, 128.43196106, 26.4037208557, -3.99161243439, 0.472936809063], [21.4103565216, 67.7395629883, 16.3892936707, 7.33901309967, 22.7064647675, 28.5406532288, 31.7776088715, 19.3392162323, 1.91027212143, 26.4037208557, 84.252166748, 19.8843040466, 0.899266898632], [-13.5242033005, 3.66309094429, 55.947883606, 18.8118286133, 28.2070636749, 12.018986702, 5.61076498032, -0.528072834015, 3.77693963051, -3.99161243439, 19.8843040466, 75.7608947754, 19.9072799683], [96.0697402954, 10.1430358887, 7.13809585571, 27.6195144653, 16.159866333, -9.91170501709, -6.16290426254, 7.5463051796, -3.62881040573, 0.472936809063, 0.899266898632, 19.9072799683, 75.8570251465]], "icov": [[0.000200767171918, 0.000188971112948, 6.456792471e-05, -1.64717257576e-05, -0.00010238878167, 0.000205916861887, -0.000225184368901, -0.000223568582442, -0.000103958576801, -4.39530310814e-07, -0.000141721771797, 0.000114427115477, -0.000260265456745], [0.000188971112948, 0.00143549486529, 0.000834483187646, -0.000418737414293, -0.000756136607379, 7.4271709309e-05, 0.00016351386148, -0.00101543602068, 0.000450940337032, 0.000551458913833, -0.00116714520846, 2.80238164123e-05, -4.76287204947e-05], [6.456792471e-05, 0.000834483187646, 0.0025626718998, -0.00033448296017, -0.00108810479287, -0.00173868960701, 0.000464690907393, -0.00040834461106, -0.000128197469166, 0.000714573077857, -0.000323148065945, -0.00107789540198, 4.63957076136e-05], [-1.64717257576e-05, -0.000418737414293, -0.00033448296017, 0.00453422544524, -0.00213044392876, -0.000247590884101, -0.000427887949627, 0.000372827838873, -0.000601069827098, -0.000900222628843, 0.00104454893153, 3.90822351619e-05, -0.00123871804681], [-0.00010238878167, -0.000756136607379, -0.00108810479287, -0.00213044392876, 0.00794118922204, -0.00132871069945, 0.00150370120537, 0.000644883955829, -0.00103805819526, -0.000622511666734, -0.000882477906998, -0.00113690982107, -0.000435411377111], [0.000205916861887, 7.4271709309e-05, -0.00173868960701, -0.000247590884101, -0.00132871069945, 0.00994750857353, -0.00443091802299, 0.000666878477205, -0.0013421344338, 0.000174679007614, -0.00148378114682, 0.000866419984959, 0.000864463101607], [-0.000225184368901, 0.00016351386148, 0.000464690907393, -0.000427887949627, 0.00150370120537, -0.00443091802299, 0.00846298225224, -0.00168010394555, -3.40296105605e-06, 0.000916352903005, -0.00205776421353, -0.000304672837956, 0.000429274019552], [-0.000223568582442, -0.00101543602068, -0.00040834461106, 0.000372827838873, 0.000644883955829, 0.000666878477205, -0.00168010394555, 0.0098726702854, -0.00203548232093, -0.000460358714918, -0.00107952242251, 0.000719806703273, -0.00111789058428], [-0.000103958576801, 0.000450940337032, -0.000128197469166, -0.000601069827098, -0.00103805819526, -0.0013421344338, -3.40296105605e-06, -0.00203548232093, 0.0104810483754, -0.00401981733739, 0.00215193536133, -0.000844531925395, 0.00127283111215], [-4.39530310814e-07, 0.000551458913833, 0.000714573077857, -0.000900222628843, -0.000622511666734, 0.000174679007614, 0.000916352903005, -0.000460358714918, -0.00401981733739, 0.0110148889944, -0.00441844342276, 0.0017997387331, -0.00021786763682], [-0.000141721771797, -0.00116714520846, -0.000323148065945, 0.00104454893153, -0.000882477906998, -0.00148378114682, -0.00205776421353, -0.00107952242251, 0.00215193536133, -0.00441844342276, 0.0169251412153, -0.0043215835467, 0.000983932404779], [0.000114427115477, 2.80238164123e-05, -0.00107789540198, 3.90822351619e-05, -0.00113690982107, 0.000866419984959, -0.000304672837956, 0.000719806703273, -0.000844531925395, 0.0017997387331, -0.0043215835467, 0.0166883636266, -0.00418236199766], [-0.000260265456745, -4.76287204947e-05, 4.63957076136e-05, -0.00123871804681, -0.000435411377111, 0.000864463101607, 0.000429274019552, -0.00111789058428, 0.00127283111215, -0.00021786763682, 0.000983932404779, -0.00418236199766, 0.0154652902856]], "mean": [-661.986877441, 143.337219238, -7.2570309639, 0.921470940113, 9.60415267944, -8.06842899323, -6.6623044014, 12.4764537811, 5.78803539276, 3.62220788002, 8.00550556183, 1.97540092468, 4.61370658875]}, "pitch_salience": {"dmean": 0.0716687366366, "dmean2": 0.11624468118, "dvar": 0.00473429169506, "dvar2": 0.0119847515598, "max": 0.838095545769, "mean": 0.536946952343, "median": 0.542450785637, "min": 0.189626738429, "var": 0.0123728914186}, "silence_rate_20dB": {"dmean": 0, "dmean2": 0, "dvar": 0, "dvar2": 0, "max": 1, "mean": 1, "median": 1, "min": 1, "var": 0}, "silence_rate_30dB": {"dmean": 0.00618311529979, "dmean2": 0.0123677011579, "dvar": 0.00614484166726, "dvar2": 0.0169714204967, "max": 1, "mean": 0.995482087135, "median": 1, "min": 0, "var": 0.00449735904112}, "silence_rate_60dB": {"dmean": 0.0216409042478, "dmean2": 0.0432869531214, "dvar": 0.0211732517928, "dvar2": 0.0461682453752, "max": 1, "mean": 0.0796575918794, "median": 0, "min": 0, "var": 0.0733141824603}, "spectral_centroid": {"dmean": 194.708435059, "dmean2": 300.639251709, "dvar": 65236.1679688, "dvar2": 140036.125, "max": 10548.5351563, "mean": 1126.49963379, "median": 1086.64624023, "min": 237.43019104, "var": 176613.234375}, "spectral_complexity": {"dmean": 2.52080845833, "dmean2": 3.88440966606, "dvar": 5.72272491455, "dvar2": 11.6719732285, "max": 43, "mean": 17.649269104, "median": 18, "min": 0, "var": 53.2507553101}, "spectral_contrast_coeffs": {"dmean": [0.0511234514415, 0.042812846601, 0.0373159945011, 0.0304771568626, 0.0236242245883, 0.0136661734432], "dmean2": [0.0853184610605, 0.0687189251184, 0.0581689588726, 0.0483164861798, 0.036082290113, 0.0215171743184], "dvar": [0.00237245112658, 0.00127906166017, 0.000964431208558, 0.000594412907958, 0.000417077448219, 0.000137300914503], "dvar2": [0.00636294623837, 0.00324267381802, 0.00221647648141, 0.00145946640987, 0.00088483444415, 0.000316555728205], "max": [-0.385941535234, -0.454192638397, -0.458243608475, -0.557492494583, -0.542412340641, -0.636074960232], "mean": [-0.695367455482, -0.730746269226, -0.733389735222, -0.764654397964, -0.74990940094, -0.809458136559], "median": [-0.703032493591, -0.735049962997, -0.744224250317, -0.7675563097, -0.751045882702, -0.81002831459], "min": [-0.965777754784, -0.957591116428, -0.962368488312, -0.966152489185, -0.955223619938, -0.958743989468], "var": [0.00502236513421, 0.0044901589863, 0.00533380219713, 0.00260512041859, 0.00244521535933, 0.000742073112633]}, "spectral_contrast_valleys": {"dmean": [0.411817222834, 0.32579895854, 0.286531001329, 0.262642771006, 0.230464085937, 0.328807801008], "dmean2": [0.650282263756, 0.518633842468, 0.449999600649, 0.409624546766, 0.331713020802, 0.376904070377], "dvar": [0.152927011251, 0.108251094818, 0.0822245329618, 0.081344768405, 0.0842974185944, 0.148171409965], "dvar2": [0.307009905577, 0.223475918174, 0.152082741261, 0.139245465398, 0.129055678844, 0.203245282173], "max": [-5.29417943954, -4.60269165039, -4.8931055069, -5.89008569717, -6.19374465942, -7.54549121857], "mean": [-7.43466329575, -6.5118021965, -7.16117477417, -7.79526615143, -8.18927669525, -10.4139032364], "median": [-7.205057621, -6.43339490891, -7.10660028458, -7.70082712173, -7.98965167999, -10.2135896683], "min": [-26.7897853851, -27.3809165955, -27.3776473999, -27.5324039459, -27.2524013519, -27.2499084473], "var": [1.01559400558, 0.612941265106, 0.716154694557, 0.667846024036, 1.01356613636, 1.61095952988]}, "spectral_decrease": {"dmean": 2.80520473517e-09, "dmean2": 4.51973836135e-09, "dvar": 2.42258718648e-17, "dvar2": 6.20538719439e-17, "max": 1.93939986833e-29, "mean": -6.69965283251e-09, "median": -5.00445818119e-09, "min": -4.67435015139e-08, "var": 3.70561330341e-17}, "spectral_energy": {"dmean": 0.010942177847, "dmean2": 0.0175431873649, "dvar": 0.000356319360435, "dvar2": 0.000908680842258, "max": 0.180499106646, "mean": 0.0270138848573, "median": 0.0201024264097, "min": 1.01670481611e-20, "var": 0.000580720428843}, "spectral_energyband_high": {"dmean": 0.000218715329538, "dmean2": 0.000298299855785, "dvar": 2.23280963496e-07, "dvar2": 4.17466054614e-07, "max": 0.015392719768, "mean": 0.000406485516578, "median": 0.00013268784096, "min": 7.44454069465e-21, "var": 6.57391467485e-07}, "spectral_energyband_low": {"dmean": 0.00693121273071, "dmean2": 0.0116761019453, "dvar": 0.000264166184934, "dvar2": 0.000691456662025, "max": 0.128099948168, "mean": 0.00917317904532, "median": 0.00476427096874, "min": 5.54908111015e-23, "var": 0.000233558166656}, "spectral_energyband_middle_high": {"dmean": 0.00189632130787, "dmean2": 0.00267697987147, "dvar": 1.15688244477e-05, "dvar2": 2.34751314565e-05, "max": 0.0853100866079, "mean": 0.00636794278398, "median": 0.00337722152472, "min": 1.63616133312e-21, "var": 7.37414229661e-05}, "spectral_energyband_middle_low": {"dmean": 0.00515901949257, "dmean2": 0.00798054412007, "dvar": 7.27899896447e-05, "dvar2": 0.000180592804099, "max": 0.10500087589, "mean": 0.0124071314931, "median": 0.00780522450805, "min": 2.11606687167e-22, "var": 0.000176391360583}, "spectral_entropy": {"dmean": 0.159744679928, "dmean2": 0.21699488163, "dvar": 0.0268436074257, "dvar2": 0.0505893453956, "max": 9.79566574097, "mean": 7.41897964478, "median": 7.41424798965, "min": 5.84821081161, "var": 0.184908330441}, "spectral_flux": {"dmean": 0.0298180542886, "dmean2": 0.0462049655616, "dvar": 0.00173271470703, "dvar2": 0.00336277345195, "max": 0.341638237238, "mean": 0.0832012370229, "median": 0.0672639086843, "min": 1.00831780425e-10, "var": 0.00362442666665}, "spectral_kurtosis": {"dmean": 2.55694007874, "dmean2": 4.00428533554, "dvar": 16.8834724426, "dvar2": 47.8842887878, "max": 114.553161621, "mean": 8.07651329041, "median": 6.74387836456, "min": -1.35487425327, "var": 69.0929870605}, "spectral_rms": {"dmean": 0.000912649324164, "dmean2": 0.00139615207445, "dvar": 1.80123981863e-06, "dvar2": 4.28682096754e-06, "max": 0.0132701424882, "mean": 0.00463172141463, "median": 0.00442855758592, "min": 3.14945573961e-12, "var": 4.90211232318e-06}, "spectral_rolloff": {"dmean": 466.497741699, "dmean2": 779.267089844, "dvar": 1222193.625, "dvar2": 2653313.25, "max": 18776.953125, "mean": 1358.10961914, "median": 990.52734375, "min": 86.1328125, "var": 2271798}, "spectral_skewness": {"dmean": 0.259964376688, "dmean2": 0.394007921219, "dvar": 0.0885207876563, "dvar2": 0.221434906125, "max": 8.55334663391, "mean": 2.13309717178, "median": 2.10354423523, "min": -0.080711260438, "var": 0.455748677254}, "spectral_spread": {"dmean": 773773.8125, "dmean2": 962566.25, "dvar": 1088267354110.0, "dvar2": 1733097291780.0, "max": 40635152, "mean": 4450532, "median": 3782207.5, "min": 716309.3125, "var": 4860372058110