{"lowlevel": {"average_loudness": 0.608318567276, "barkbands": {"dmean": [0.00443215714768, 0.00539866415784, 0.00155988091137, 0.00104756350629, 0.00145906582475, 0.00114135688636, 0.000818325497676, 0.000440406467533, 0.000599203049205, 0.000669584434945, 0.000331133924192, 0.000443684431957, 0.000391974201193, 0.000345584820025, 0.000505584524944, 0.000413538626162, 0.000216160900891, 0.000190783131984, 0.000200344991754, 0.000117291056085, 7.43553173379e-05, 5.89158953517e-05, 5.21803194715e-05, 2.3040573069e-05, 3.3432620512e-06, 2.84958259726e-05, 0.000270338117843], "dmean2": [0.00749839516357, 0.00881721265614, 0.00264022126794, 0.00169518624898, 0.00238622352481, 0.00183159881271, 0.00131609698292, 0.000722533266526, 0.000975464878138, 0.00108682457358, 0.000546229479369, 0.000730443221983, 0.000659200130031, 0.000573325669393, 0.000828719348647, 0.000669031287543, 0.000352656177711, 0.000303746492136, 0.000304581801174, 0.000182132906048, 0.000116475741379, 9.23347615753e-05, 8.20865752758e-05, 3.74441769964e-05, 5.62468858334e-06, 4.49070321338e-05, 0.000405572500313], "dvar": [7.31595646357e-05, 9.0163834102e-05, 6.67666427034e-06, 6.81664869262e-06, 9.22906019696e-06, 4.90499542138e-06, 3.54393910129e-06, 1.46931347444e-06, 2.68149938165e-06, 2.65993708126e-06, 1.14006309104e-06, 1.34652066208e-06, 5.70642612274e-07, 6.15090073097e-07, 1.21838888845e-06, 8.98649261671e-07, 3.05283123225e-07, 3.1199112982e-07, 5.40679764072e-07, 1.81452122661e-07, 8.02679593903e-08, 4.87834519447e-08, 4.2899507946e-08, 1.01927142282e-08, 1.27092975033e-10, 1.13838884985e-08, 1.89482705082e-07], "dvar2": [0.000177845417056, 0.000221137859626, 1.87823316082e-05, 1.64128614415e-05, 2.36453470279e-05, 1.22371657199e-05, 9.27132623474e-06, 3.64870493286e-06, 6.96035567671e-06, 6.68663687975e-06, 2.94919777843e-06, 3.53423115484e-06, 1.48891672325e-06, 1.56727128342e-06, 3.19059859066e-06, 2.25791222874e-06, 7.88543275121e-07, 7.63146601912e-07, 1.19750188787e-06, 4.4323959969e-07, 2.01646003006e-07, 1.23575091493e-07, 1.08067666815e-07, 2.58193040281e-08, 3.27171345571e-10, 2.85806631695e-08, 4.16663510805e-07], "max": [0.252738833427, 0.200021132827, 0.083313331008, 0.127850547433, 0.0911276042461, 0.0630423873663, 0.0927893668413, 0.0434799715877, 0.0874517485499, 0.0627328529954, 0.0849927514791, 0.0480439290404, 0.0185084566474, 0.026002632454, 0.0326517336071, 0.0275353081524, 0.0113619249314, 0.0150660704821, 0.0347306020558, 0.0129311084747, 0.0107841584831, 0.00553973484784, 0.0052442131564, 0.00167850311846, 0.000239687797148, 0.00162373809144, 0.0118101695552], "mean": [0.00556842470542, 0.00756265921518, 0.0022053278517, 0.00144802662544, 0.00227773236111, 0.0016975851031, 0.00126413360704, 0.000599682971369, 0.000882432388607, 0.000986491795629, 0.000464774697321, 0.000644382962491, 0.000580443709623, 0.000532098463736, 0.000846219772939, 0.000697412644513, 0.000337366014719, 0.000277598563116, 0.000282693275949, 0.000146566031617, 8.74429533724e-05, 6.51161826681e-05, 5.23028611497e-05, 1.93844261958e-05, 3.05819526147e-06, 2.76502796623e-05, 0.000701596669387], "median": [0.00222878530622, 0.00354696903378, 0.00111655658111, 0.000598952057771, 0.00113602890633, 0.000706050428562, 0.000448753708042, 0.000231735597481, 0.000355299300281, 0.000323599757394, 0.00019564658578, 0.00025654406636, 0.000289691204671, 0.000224435614655, 0.000294211378787, 0.000198459660169, 0.00010617596854, 6.11748255324e-05, 6.01145729888e-05, 3.0469687772e-05, 1.82661024155e-05, 1.06750176201e-05, 7.2820580499e-06, 1.85859937574e-06, 7.43495661482e-07, 4.31727357864e-06, 0.000377976481104], "min": [2.78306577488e-25, 2.48404903483e-24, 3.39989090781e-25, 7.374906282e-25, 3.64339313938e-24, 3.24369132098e-24, 6.59610779066e-24, 5.58970113588e-24, 1.21056874798e-23, 1.36259439288e-23, 1.2179307135e-23, 7.32085087037e-24, 3.10299446811e-23, 2.58071111978e-23, 5.09454292755e-23, 7.71949936224e-23, 7.22532849221e-23, 7.46154500167e-23, 1.3391738068e-22, 1.42921338078e-22, 1.98952070827e-22, 3.05265643333e-22, 3.56195917013e-22, 5.09748436899e-22, 8.75334701692e-22, 1.21144912307e-21, 1.96652557696e-21], "var": [9.44062267081e-05, 0.000127381194034, 1.01688829091e-05, 1.07593505163e-05, 1.46058118844e-05, 8.70522217156e-06, 6.26696873951e-06, 2.05248261409e-06, 3.60956209988e-06, 4.70697659694e-06, 1.45183150835e-06, 2.02447995434e-06, 8.51823699577e-07, 9.52265395426e-07, 2.32094066632e-06, 1.95808479475e-06, 4.50409800123e-07, 4.85278860651e-07, 9.61983801062e-07, 2.19801918888e-07, 8.27691621907e-08, 4.85803290928e-08, 4.07000477765e-08, 8.12200351419e-09, 1.01493667637e-10, 9.93892967927e-09, 9.00938346149e-07]}, "barkbands_crest": {"dmean": 2.89312267303, "dmean2": 4.80438613892, "dvar": 6.02727746964, "dvar2": 15.7392091751, "max": 25.7067127228, "mean": 9.54446029663, "median": 8.83341026306, "min": 1.83642828465, "var": 15.3390626907}, "barkbands_flatness_db": {"dmean": 0.0298431590199, "dmean2": 0.0446419157088, "dvar": 0.000747988233343, "dvar2": 0.00158544979058, "max": 0.446166694164, "mean": 0.137489065528, "median": 0.129749804735, "min": 0.0120779601857, "var": 0.00285922596231}, "barkbands_kurtosis": {"dmean": 6.36670923233, "dmean2": 9.88864803314, "dvar": 246.489868164, "dvar2": 543.886962891, "max": 365.294586182, "mean": 9.43067932129, "median": 4.03166294098, "min": -1.84592974186, "var": 400.775482178}, "barkbands_skewness": {"dmean": 0.745448410511, "dmean2": 1.14156675339, "dvar": 0.754639446735, "dvar2": 1.64699077606, "max": 16.4460296631, "mean": 2.19693374634, "median": 1.88966536522, "min": -2.48491048813, "var": 2.64116692543}, "barkbands_spread": {"dmean": 8.15736961365, "dmean2": 12.578081131, "dvar": 67.8170700073, "dvar2": 149.430435181, "max": 130.469726562, "mean": 28.5896377563, "median": 26.5652427673, "min": 0.653977096081, "var": 269.583709717}, "dissonance": {"dmean": 0.0165232010186, "dmean2": 0.0280821435153, "dvar": 0.000256365747191, "dvar2": 0.000707254686859, "max": 0.500000059605, "mean": 0.473518460989, "median": 0.47857260704, "min": 0.303899049759, "var": 0.000426488957601}, "dynamic_complexity": 3.77533912659, "erbbands": {"dmean": [0.277929753065, 0.87602442503, 1.59146022797, 2.95366692543, 3.63873410225, 5.6589641571, 6.8536567688, 10.2448406219, 12.7317895889, 10.1855669022, 9.59582996368, 13.7400770187, 16.8854160309, 18.7749958038, 14.6551399231, 16.7932415009, 17.1216659546, 17.6343345642, 21.6153717041, 25.5894165039, 19.1893863678, 11.6413736343, 10.1944980621, 10.428686142, 9.16505527496, 5.37074804306, 3.48896718025, 2.66224932671, 2.05570554733, 1.93228626251, 1.40777993202, 0.694191277027, 0.281871438026, 0.0607191361487, 0.0168053936213, 0.0436524450779, 0.0613704696298, 0.0386456549168, 0.0153638506308, 0.00595659017563], "dmean2": [0.449832856655, 1.47004592419, 2.6960709095, 4.78561162949, 6.0425901413, 9.29328918457, 11.2196302414, 16.3827342987, 20.3506965637, 16.4506092072, 15.6679353714, 22.3569602966, 27.2852153778, 30.537322998, 24.0651702881, 27.5571613312, 28.6510887146, 29.1991672516, 35.5241966248, 41.5031394958, 31.179069519, 18.7318840027, 16.2306728363, 15.9567995071, 13.8893966675, 8.24638843536, 5.49533510208, 4.15226459503, 3.23539924622, 3.00872731209, 2.23965191841, 1.11327087879, 0.464860528708, 0.101772263646, 0.0278313886374, 0.072419822216, 0.0967200398445, 0.0581397898495, 0.0215840358287, 0.00878253020346], "dvar": [0.300309538841, 2.09645199776, 5.84887647629, 43.2343406677, 64.9331054688, 174.888504028, 209.195755005, 445.0027771, 939.129089355, 778.982727051, 830.164978027, 1555.69189453, 1867.18310547, 2459.17138672, 1898.92297363, 1745.92944336, 1097.67236328, 1501.2109375, 2031.54541016, 3890.62329102, 1974.36120605, 920.444946289, 839.315795898, 1252.21337891, 1245.89978027, 372.921936035, 185.502822876, 96.5577316284, 62.2892341614, 50.6360244751, 34.2062149048, 8.75369167328, 1.62162292004, 0.0625476166606, 0.00124121806584, 0.0372257493436, 0.0547092668712, 0.0140004875138, 0.00106481520925, 8.20130735519e-05], "dvar2": [0.709962666035, 5.47653150558, 16.3830280304, 104.633232117, 170.611923218, 450.483520508, 518.828369141, 1126.94287109, 2412.23730469, 1886.11694336, 2086.67822266, 4028.28198242, 4638.37744141, 6157.01220703, 5012.82177734, 4565.87109375, 2828.80688477, 3809.73120117, 5225.52880859, 10092.0703125, 5047.79882812, 2351.68823242, 2062.69067383, 2773.16088867, 2873.30224609, 902.527648926, 455.75112915, 244.997695923, 158.899688721, 126.242408752, 86.4741439819, 22.3485412598, 4.10082292557, 0.15932790935, 0.00307359383442, 0.0944285914302, 0.137953683734, 0.0342732258141, 0.00238804821856, 0.000173681008164], "max": [11.0737905502, 23.6725502014, 69.8584594727, 314.921539307, 376.650878906, 369.658538818, 416.865997314, 619.147033691, 1632.65783691, 1406.05969238, 1184.4864502, 2495.43774414, 945.452270508, 2255.28686523, 2498.54443359, 1797.8182373, 953.669311523, 1162.10839844, 1077.32055664, 1918.30383301, 1186.53100586, 599.1640625, 723.685180664, 1153.89733887, 1844.47473145, 551.452636719, 523.476257324, 313.341491699, 195.39125061, 183.230545044, 157.741226196, 55.8160820007, 23.7291641235, 4.9835562706, 0.641915202141, 3.64500498772, 4.00091648102, 2.50617456436, 0.913413405418, 0.255353689194], "mean": [0.377329349518, 1.13939762115, 2.3480682373, 4.43676185608, 5.11700582504, 8.39116382599, 9.77127456665, 15.4523162842, 19.7786655426, 15.3422431946, 13.9949893951, 20.5437431335, 25.7722949982, 28.6020889282, 22.5430908203, 25.8836841583, 27.0190982819, 28.5620326996, 36.7659988403, 44.8433532715, 33.5716018677, 19.1367435455, 15.4325828552, 15.322177887, 12.4141283035, 6.89508724213, 4.22820901871, 3.02887988091, 2.26199793816, 2.09703373909, 1.37363934517, 0.613847434521, 0.226184904575, 0.0521861463785, 0.0171710923314, 0.0363332107663, 0.0580490268767, 0.0469731166959, 0.0295052845031, 0.0195941794664], "median": [0.143600285053, 0.584177494049, 1.3354934454, 2.06407356262, 2.51544094086, 3.59172654152, 4.35264873505, 6.05471420288, 6.66011476517, 6.28370666504, 5.68822097778, 8.15913486481, 8.80695724487, 11.0889062881, 10.0040588379, 11.2896118164, 14.2741594315, 14.4771137238, 15.5613040924, 14.3329639435, 10.43957901, 5.87730407715, 3.84484410286, 3.06667423248, 2.77763390541, 1.45185279846, 0.771089196205, 0.681810855865, 0.374853670597, 0.334998130798, 0.177151441574, 0.0649009793997, 0.0194933731109, 0.00923483073711, 0.0056324005127, 0.00506006833166, 0.008206512779, 0.00970879942179, 0.0114388307557, 0.012826057151], "min": [1.54290641258e-22, 3.98951875153e-22, 1.37802110431e-21, 3.93028163368e-21, 1.23122255653e-20, 7.54690429546e-21, 1.22666466211e-20, 4.23605395543e-20, 1.20654089261e-19, 1.60878008369e-19, 3.22212361941e-19, 3.63464040035e-19, 4.49153747641e-19, 5.63254782843e-19, 5.31735168999e-19, 5.83079613789e-19, 1.56000152731e-18, 2.06259057383e-18, 2.61162529476e-18, 3.53102723984e-18, 3.92017518619e-18, 4.17925518508e-18, 4.13189826783e-18, 6.2675950642e-18, 6.94938668998e-18, 7.15681959937e-18, 8.11298910228e-18, 8.65521343844e-18, 9.27530938464e-18, 1.02661162485e-17, 1.0653432817e-17, 1.12438544859e-17, 7.47069576434e-18, 8.56263703864e-18, 5.10987969632e-18, 3.89085287425e-18, 2.35484051528e-18, 9.88354480162e-19, 2.52562332648e-19, 2.73059461099e-20], "var": [0.424683839083, 2.62277364731, 8.9451751709, 76.5760498047, 81.6116943359, 266.099121094, 331.459869385, 815.426391602, 1653.13415527, 1294.89440918, 1120.93115234, 2073.59057617, 3205.8190918, 4363.30078125, 2718.26733398, 2702.49267578, 1764.47912598, 2331.26513672, 3775.6418457, 7584.14599609, 4176.33935547, 1418.25830078, 1291.58154297, 2313.8449707, 1948.48693848, 458.293792725, 202.458114624, 95.3229904175, 59.7082672119, 52.2757110596, 31.688495636, 7.09028196335, 1.27135419846, 0.0486350767314, 0.00128736323677, 0.0289211608469, 0.0466849431396, 0.0155374975875, 0.00289126392454, 0.00050503842067]}, "erbbands_crest": {"dmean": 2.69720005989, "dmean2": 4.48363780975, "dvar": 6.54048538208, "dvar2": 17.1591949463, "max": 31.011302948, "mean": 8.28835773468, "median": 7.25869321823, "min": 2.01995325089, "var": 15.1393890381}, "erbbands_flatness_db": {"dmean": 0.0226558223367, "dmean2": 0.0340103060007, "dvar": 0.000365073501598, "dvar2": 0.000811219681054, "max": 0.31648337841, "mean": 0.144729852676, "median": 0.142680436373, "min": 0.0328852124512, "var": 0.0014079650864}, "erbbands_kurtosis": {"dmean": 0.911643743515, "dmean2": 1.47820162773, "dvar": 1.60710155964, "dvar2": 3.80393266678, "max": 50.7953796387, "mean": 0.369024097919, "median": -0.0601292848587, "min": -1.76309239864, "var": 3.03014850616}, "erbbands_skewness": {"dmean": 0.38789704442, "dmean2": 0.611789762974, "dvar": 0.126586794853, "dvar2": 0.306290656328, "max": 6.38996076584, "mean": -0.0961742922664, "median": -0.0949204266071, "min": -4.01922082901, "var": 0.493341565132}, "erbbands_spread": {"dmean": 6.70629119873, "dmean2": 10.5033788681, "dvar": 44.251991272, "dvar2": 103.39553833, "max": 108.644569397, "mean": 29.8908958435, "median": 28.2446708679, "min": 2.68197202682, "var": 140.584777832}, "gfcc": {"cov": [[16710.0136719, -34.3667907715, -1326.22570801, 162.918167114, -191.387191772, -186.308425903, -31.8774719238, -301.185760498, 338.500061035, -219.876525879, -195.228668213, 273.481689453, -204.739746094], [-34.3667907715, 911.345031738, 37.9414138794, -261.325317383, 142.833770752, -60.6640853882, 31.0011749268, -28.6383724213, 14.0848283768, -17.2099304199, 46.3785591125, -92.2105026245, 89.0119018555], [-1326.22570801, 37.9414138794, 475.641693115, 66.7611694336, -68.2192153931, 125.749916077, -37.4948310852, 93.9600830078, -108.455215454, 58.3801841736, 42.8455467224, -47.8382072449, 16.2654304504], [162.918167114, -261.325317383, 66.7611694336, 302.814208984, 23.1879577637, -0.73689943552, 51.7309951782, -9.86273956299, -18.5136089325, -15.9252891541, -5.8050365448, 54.1422691345, -56.9236488342], [-191.387191772, 142.833770752, -68.2192153931, 23.1879577637, 219.755691528, -12.2967290878, 57.8543319702, -32.4739761353, 18.5131950378, -22.9755268097, 9.78600978851, -23.3035297394, 18.4666996002], [-186.308425903, -60.6640853882, 125.749916077, -0.73689943552, -12.2967290878, 208.247970581, -22.917886734, 79.8584136963, -30.1536407471, 37.974811554, 2.95858597755, -7.17901325226, 6.74469852448], [-31.8774719238, 31.0011749268, -37.4948310852, 51.7309951782, 57.8543319702, -22.917886734, 171.651885986, -26.0025882721, 30.115278244, -12.1631555557, 11.4070482254, 11.1932277679, -23.7024478912], [-301.185760498, -28.6383724213, 93.9600830078, -9.86273956299, -32.4739761353, 79.8584136963, -26.0025882721, 144.412857056, 0.125188246369, 38.7323303223, 5.81624984741, -15.5778484344, 32.9284210205], [338.500061035, 14.0848283768, -108.455215454, -18.5136089325, 18.5131950378, -30.1536407471, 30.115278244, 0.125188246369, 139.326049805, 20.4797840118, -16.3306007385, 29.388217926, -4.78246498108], [-219.876525879, -17.2099304199, 58.3801841736, -15.9252891541, -22.9755268097, 37.974811554, -12.1631555557, 38.7323303223, 20.4797840118, 90.033782959, 43.0409812927, -6.59145736694, 18.0807857513], [-195.228668213, 46.3785591125, 42.8455467224, -5.8050365448, 9.78600978851, 2.95858597755, 11.4070482254, 5.81624984741, -16.3306007385, 43.0409812927, 82.1183700562, 16.3775005341, 11.0220832825], [273.481689453, -92.2105026245, -47.8382072449, 54.1422691345, -23.3035297394, -7.17901325226, 11.1932277679, -15.5778484344, 29.388217926, -6.59145736694, 16.3775005341, 98.2144165039, 2.68151044846], [-204.739746094, 89.0119018555, 16.2654304504, -56.9236488342, 18.4666996002, 6.74469852448, -23.7024478912, 32.9284210205, -4.78246498108, 18.0807857513, 11.0220832825, 2.68151044846, 94.219909668]], "icov": [[0.000105229613837, -0.000196049513761, 0.00046211379231, -0.000399046286475, 0.000399626936996, -0.000276981416391, 0.00015032380179, 0.000102695710666, -0.000121182878502, 0.000114151785965, -7.98047185526e-05, 9.85393198789e-05, 1.4916676264e-05], [-0.000196049513761, 0.00284946616739, -0.00209189485759, 0.0027734648902, -0.00188552215695, 0.00101158756297, -0.000722089374904, 0.000515534193255, -0.00142837851308, 0.00247032032348, -0.00220893532969, 0.00146580801811, -0.00147578923497], [0.00046211379231, -0.00209189485759, 0.00679896119982, -0.00475310860202, 0.00413462892175, -0.00325636775233, 0.000957715790719, -0.000472549436381, 0.00152066431474, -0.000829362135846, -0.00183415703941, 0.00305896135978, -0.00087224971503], [-0.000399046286475, 0.0027734648902, -0.00475310860202, 0.0101038813591, -0.00606210390106, 0.00389609136619, -0.00226850016043, -0.00176416418981, 0.00311543978751, -0.00269237789325, 0.00456075696275, -0.00734777655452, 0.00474309781566], [0.000399626936996, -0.00188552215695, 0.00413462892175, -0.00606210390106, 0.0110232112929, -0.00447161821648, -0.000336359749781, 0.0030102157034, -0.00442327419296, 0.00629256572574, -0.00698509812355, 0.00833945907652, -0.00555586023256], [-0.000276981416391, 0.00101158756297, -0.00325636775233, 0.00389609136619, -0.00447161821648, 0.00954166613519, -0.000709689804353, -0.00451642321423, 0.00432882830501, -0.0060631306842, 0.00604356080294, -0.00582545530051, 0.00379376509227], [0.00015032380179, -0.000722089374904, 0.000957715790719, -0.00226850016043, -0.000336359749781, -0.000709689804353, 0.00783447083086, 0.000540162844118, -0.00244773644954, 0.00200169859454, -0.00284612900577, 0.000991088687442, 0.00116816628724], [0.000102695710666, 0.000515534193255, -0.000472549436381, -0.00176416418981, 0.0030102157034, -0.00451642321423, 0.000540162844118, 0.0122608384117, -0.00441813934594, 0.00197392865084, -0.00323737366125, 0.00536693213508, -0.00604099081829], [-0.000121182878502, -0.00142837851308, 0.00152066431474, 0.00311543978751, -0.00442327419296, 0.00432882830501, -0.00244773644954, -0.00441813934594, 0.0180019065738, -0.0155113711953, 0.0141871813685, -0.0121134091169, 0.00676664337516], [0.000114151785965, 0.00247032032348, -0.000829362135846, -0.00269237789325, 0.00629256572574, -0.0060631306842, 0.00200169859454, 0.00197392865084, -0.0155113711953, 0.0337185189128, -0.0244079288095, 0.0154475066811, -0.00939700566232], [-7.98047185526e-05, -0.00220893532969, -0.00183415703941, 0.00456075696275, -0.00698509812355, 0.00604356080294, -0.00284612900577, -0.00323737366125, 0.0141871813685, -0.0244079288095, 0.0339308567345, -0.0184318032116, 0.00829657167196], [9.85393198789e-05, 0.00146580801811, 0.00305896135978, -0.00734777655452, 0.00833945907652, -0.00582545530051, 0.000991088687442, 0.00536693213508, -0.0121134091169, 0.0154475066811, -0.0184318032116, 0.0271554552019, -0.0111776534468], [1.4916676264e-05, -0.00147578923497, -0.00087224971503, 0.00474309781566, -0.00555586023256, 0.00379376509227, 0.00116816628724, -0.00604099081829, 0.00676664337516, -0.00939700566232, 0.00829657167196, -0.0111776534468, 0.0197730194777]], "mean": [-24.7707099915, 100.182556152, -94.1309509277, -1.82802188396, -6.20791482925, -15.5604782104, -1.37524592876, -18.1092624664, 2.59296703339, -8.74227333069, -2.63738584518, -2.77521562576, -5.525847435]}, "hfc": {"dmean": 38.3186721802, "dmean2": 60.1143264771, "dvar": 2327.23632812, "dvar2": 5785.06542969, "max": 864.686828613, "mean": 128.749435425, "median": 109.847610474, "min": 1.08185119284e-16, "var": 10083.4130859}, "melbands": {"dmean": [0.00204600510187, 0.000878559367266, 0.000487456680275, 0.000321590137901, 0.000241121000727, 0.000231743746554, 0.000183123833267, 0.000105288498162, 8.40696084197e-05, 8.66323025548e-05, 8.61178632476e-05, 8.01326677902e-05, 4.78477631987e-05, 5.07129880134e-05, 3.85433595511e-05, 4.09829626733e-05, 3.40403312293e-05, 3.41781669704e-05, 3.79544399038e-05, 3.35503900715e-05, 2.15867312363e-05, 1.29640247906e-05, 1.06724746729e-05, 9.12570976652e-06, 8.81494634086e-06, 7.70495717006e-06, 5.50093545826e-06, 3.23185213347e-06, 2.3134048206e-06, 1.81579866876e-06, 1.48447293213e-06, 1.17904812669e-06, 1.13865553431e-06, 1.06460936422e-06, 8.53817027746e-07, 6.30368504062e-07, 3.52817750127e-07, 2.19051230488e-07, 1.16672055128e-07, 2.79749805543e-08], "dmean2": [0.00328756449744, 0.00148176192306, 0.000792426522821, 0.000526244752109, 0.000394732342102, 0.000368793960661, 0.00029317647568, 0.000170728424564, 0.000136822316563, 0.000141274809721, 0.00013942316582, 0.00013075726747, 7.85729571362e-05, 8.3217601059e-05, 6.34273164906e-05, 6.93232359481e-05, 5.67565657548e-05, 5.65473055758e-05, 6.21837025392e-05, 5.43238820683e-05, 3.54295189027e-05, 2.11755395867e-05, 1.73511143657e-05, 1.46489683175e-05, 1.36769795063e-05, 1.18113584904e-05, 8.52047833177e-06, 5.07617960466e-06, 3.66855078937e-06, 2.89229842565e-06, 2.35122115555e-06, 1.87981197541e-06, 1.80779954917e-06, 1.66614529462e-06, 1.36239668791e-06, 1.01361877114e-06, 5.73927025016e-07, 3.61986735697e-07, 1.96331313873e-07, 4.70454786239e-08], "dvar": [1.45988751683e-05, 1.56062640144e-06, 1.06473748929e-06, 5.18273282069e-07, 2.35959461747e-07, 2.15431271045e-07, 1.80112436965e-07, 8.29683628467e-08, 6.71003022035e-08, 5.94518674291e-08, 4.8745157244e-08, 4.63242457727e-08, 2.31865975309e-08, 1.90677109657e-08, 8.30870749979e-09, 6.55406573458e-09, 6.00764682446e-09, 5.24180343575e-09, 7.60853247073e-09, 6.36872998783e-09, 2.5889548283e-09, 1.127862026e-09, 8.21265500051e-10, 7.75261743691e-10, 9.52012468858e-10, 8.43487835134e-10, 4.55364135288e-10, 1.43383263596e-10, 8.2705571558e-11, 5.2602772832e-11, 3.01051267249e-11, 2.1627663202e-11, 1.8096368154e-11, 1.56154100067e-11, 1.24883549682e-11, 7.31720239955e-12, 2.45425359723e-12, 1.00518486763e-12, 3.26961385484e-13, 7.83720707282e-15], "dvar2": [3.38060235663e-05, 4.22065295425e-06, 2.61572199634e-06, 1.31874764975e-06, 5.97441385253e-07, 5.40024132079e-07, 4.6524766617e-07, 1.99489321062e-07, 1.6853488205e-07, 1.55149550096e-07, 1.2126014326e-07, 1.16332870448e-07, 6.00220673164e-08, 4.93615246455e-08, 2.18650573203e-08, 1.75924999013e-08, 1.53786352541e-08, 1.36167894738e-08, 1.98835277132e-08, 1.61396833676e-08, 6.75673472728e-09, 2.92038571104e-09, 2.09823425301e-09, 1.91540228123e-09, 2.14845186086e-09, 1.92713711655e-09, 1.10098552497e-09, 3.49817147471e-10, 2.02560149209e-10, 1.35141842161e-10, 7.70275301876e-11, 5.57251710054e-11, 4.57002734267e-11, 3.90373532111e-11, 3.1525285854e-11, 1.88753335878e-11, 6.27656520508e-12, 2.55392777239e-12, 8.42063018706e-13, 1.99782901946e-14], "max": [0.0750927180052, 0.0261480472982, 0.0474599152803, 0.0237423460931, 0.0165557786822, 0.0138946082443, 0.0219771228731, 0.0150517048314, 0.0109833301976, 0.0153581174091, 0.0047499188222, 0.010108073242, 0.011509639211, 0.00531675014645, 0.00392764993012, 0.00203874683939, 0.00239913514815, 0.00153678387869, 0.0031607511919, 0.00232026586309, 0.0013737862464, 0.000721594784409, 0.000647802080493, 0.000778714602347, 0.000977075891569, 0.00143316923641, 0.0009214245365, 0.000343015155522, 0.000399883865612, 0.000319907878293, 0.000133158857352, 0.000120273623907, 0.000133326015202, 0.000103251426481, 0.00012539398449, 5.72716380702e-05, 2.8305563319e-05, 1.89870770555e-05, 1.32724408104e-05, 1.94518065655e-06], "mean": [0.00303376885131, 0.00132361485157, 0.000765452336054, 0.000483492796775, 0.000359813246178, 0.000354933610652, 0.000287828617729, 0.000155100002303, 0.000119944248581, 0.00012778006203, 0.000128045445308, 0.00011818530038, 7.02714169165e-05, 7.37297814339e-05, 5.94705998083e-05, 5.93047698203e-05, 5.15666288265e-05, 5.44019712834e-05, 6.33953604847e-05, 5.61002489121e-05, 3.48163484887e-05, 1.97875888261e-05, 1.56592250278e-05, 1.28801038954e-05, 1.24213038362e-05, 1.03230058812e-05, 6.847525583e-06, 3.9904298319e-06, 2.73159935205e-06, 2.05806099984e-06, 1.64639982358e-06, 1.26505381104e-06, 1.23569441257e-06, 1.131980639e-06, 8.3602748191e-07, 5.68979885429e-07, 2.96417738355e-07, 1.72116202179e-07, 9.12331543645e-08, 2.58968704259e-08], "median": [0.00136647478212, 0.000837297877297, 0.000402518286137, 0.000233691505855, 0.000163211574545, 0.000140304589877, 9.98065806925e-05, 6.2324492319e-05, 4.55728149973e-05, 5.1498573157e-05, 4.20167089032e-05, 4.34230023529e-05, 3.0402054108e-05, 2.8706397643e-05, 2.72814231721e-05, 2.85919322778e-05, 2.3359350962e-05, 2.25519797823e-05, 1.99371479539e-05, 1.58076327352e-05, 1.04286336864e-05, 5.93582035435e-06, 4.19685875386e-06, 2.71091721515e-06, 2.29567012866e-06, 2.32385036725e-06, 1.4659358385e-06, 7.64199626246e-07, 4.77962259993e-07, 4.11066935158e-07, 3.60803710464e-07, 2.00667841455e-07, 1.84190568575e-07, 1.74199414005e-07, 1.0601122824e-07, 6.14204083149e-08, 2.58146748422e-08, 1.17329497229e-08, 8.78712924646e-09, 6.53253495742e-09], "min": [1.32502599667e-24, 8.38039480129e-25, 8.04599271926e-25, 6.0030820982e-25, 6.09130978095e-25, 1.01532492452e-24, 1.67050565796e-24, 1.70567445762e-24, 2.67504626227e-24, 1.76215551793e-24, 1.89697421322e-24, 1.90382941448e-24, 1.94001032268e-24, 2.09121050353e-24, 1.93305592216e-24, 2.10057881842e-24, 2.62597023928e-24, 3.75232536406e-24, 4.11987104259e-24, 3.47561662433e-24, 2.88252575224e-24, 4.20786256011e-24, 4.37952894828e-24, 3.5454651299e-24, 3.9214165158e-24, 4.28493584827e-24, 3.87437595116e-24, 4.07807876955e-24, 4.16972074091e-24, 4.68682024757e-24, 4.2265254314e-24, 3.82188317438e-24, 4.59346999793e-24, 5.57249174081e-24, 5.52182004942e-24, 6.25391886264e-24, 6.15979395158e-24, 4.38315100312e-24, 6.06219647481e-24, 5.80775451743e-24], "var": [2.20002657443e-05, 2.27994405577e-06, 1.82061580745e-06, 7.46353180148e-07, 3.9815489572e-07, 4.05377335255e-07, 3.22462170743e-07, 1.3460001469e-07, 9.04430876858e-08, 7.65423919802e-08, 8.25648598379e-08, 8.10936171547e-08, 3.11761318983e-08, 2.97054647547e-08, 1.26420252045e-08, 8.76971473218e-09, 9.05200892021e-09, 8.87093243307e-09, 1.39507090324e-08, 1.34208786307e-08, 4.78267025983e-09, 1.62364888201e-09, 1.14618903257e-09, 1.17530440935e-09, 1.67342406598e-09, 1.37322242466e-09, 6.02654870452e-10, 1.63050795088e-10, 8.98606467015e-11, 5.05025569975e-11, 2.89579072527e-11, 1.98199755219e-11, 1.85635933708e-11, 1.58031053521e-11, 1.19216156044e-11, 6.00700392206e-12, 1.93154411736e-12, 7.80472800103e-13, 2.43066038217e-13, 6.48064442076e-15]}, "melbands_crest": {"dmean": 4.48645687103, "dmean2": 7.27572345734, "dvar": 15.9740848541, "dvar2": 38.1190338135, "max": 39.3171539307, "mean": 16.4743671417, "median": 15.0503387451, "min": 1.00019836426, "var": 52.2185745239}, "melbands_flatness_db": {"dmean": 0.038104262203, "dmean2": 0.0564407072961, "dvar": 0.00114457006566, "dvar2": 0.00237835431471, "max": 0.555311560631, "mean": 0.244704410434, "median": 0.239271342754, "min": -5.60860485166e-07, "var": 0.00503348791972}, "melbands_kurtosis": {"dmean": 9.60947322845, "dmean2": 15.3240566254, "dvar": 1038.55810547, "dvar2": 2385.23681641, "max": 1574.57470703, "mean": 14.1396064758, "median": 5.69708299637, "min": -1.8678612709, "var": 1395.10620117}, "melbands_skewness": {"dmean": 0.881617724895, "dmean2": 1.3772084713, "dvar": 1.28627741337, "dvar2": 2.89232420921, "max": 35.2575263977, "mean": 2.66852903366, "median": 2.23193025589, "min": -1.75440824032, "var": 3.98789143562}, "melbands_spread": {"dmean": 7.27633810043, "dmean2": 11.3670167923, "dvar": 76.8790588379, "dvar2": 163.424407959, "max": 173.695266724, "mean": 21.5770053864, "median": 17.7204360962, "min": 0.260012239218, "var": 314.432983398}, "mfcc": {"cov": [[9427.08398438, 166.777328491, -1006.14630127, 274.000793457, -255.272827148, 281.312072754, -618.321289062, 320.586212158, -108.477668762, 82.7627410889, -180.207824707, 72.1041641235, 8.65960884094], [166.777328491, 1290.65795898, -111.763389587, -102.073310852, 69.6621322632, -31.1412467957, 49.5274581909, -75.8563156128, 59.3585777283, -18.1675739288, 49.1635437012, -60.2366371155, 21.8097877502], [-1006.14630127, -111.763389587, 551.176940918, -69.452507019, 43.235584259, -56.4149398804, 136.824630737, -53.6370277405, -7.3423371315, 8.26567840576, 24.4608211517, 25.9762458801, -20.934545517], [274.000793457, -102.073310852, -69.452507019, 314.9715271, -29.5376987457, 59.3887939453, -8.49225711823, 60.4430351257, -45.5510597229, -6.24820041656, -14.5854263306, -0.256257176399, 6.01303577423], [-255.272827148, 69.6621322632, 43.235584259, -29.5376987457, 172.899398804, -7.55075740814, 54.7076950073, -25.6322345734, 31.4229698181, -13.714099884, 14.1939477921, -1.73792517185, -3.11368060112], [281.312072754, -31.1412467957, -56.4149398804, 59.3887939453, -7.55075740814, 141.43145752, 2.0219976902, 45.8879928589, -17.3914680481, 13.0859394073, -4.6160569191, 14.0301141739, 3.17192292213], [-618.321289062, 49.5274581909, 136.824630737, -8.49225711823, 54.7076950073, 2.0219976902, 202.922561646, -16.9588375092, 6.90546131134, -15.4633436203, 34.3536605835, 2.71145677567, -9.99994373322], [320.586212158, -75.8563156128, -53.6370277405, 60.4430351257, -25.6322345734, 45.8879928589, -16.9588375092, 119.489509583, 6.01231050491, 7.67527532578, -18.9993419647, 12.444357872, 8.22026157379], [-108.477668762, 59.3585777283, -7.3423371315, -45.5510597229, 31.4229698181, -17.3914680481, 6.90546131134, 6.01231050491, 109.04511261, 25.3868255615, 11.0517644882, -11.1769628525, 6.15503978729], [82.7627410889, -18.1675739288, 8.26567840576, -6.24820041656, -13.714099884, 13.0859394073, -15.4633436203, 7.67527532578, 25.3868255615, 88.0219650269, 20.3584518433, 3.73518133163, -7.43667650223], [-180.207824707, 49.1635437012, 24.4608211517, -14.5854263306, 14.1939477921, -4.6160569191, 34.3536605835, -18.9993419647, 11.0517644882, 20.3584518433, 80.9657592773, 16.4542160034, 0.4256978333], [72.1041641235, -60.2366371155, 25.9762458801, -0.256257176399, -1.73792517185, 14.0301141739, 2.71145677567, 12.444357872, -11.1769628525, 3.73518133163, 16.4542160034, 74.9517440796, 16.6747245789], [8.65960884094, 21.8097877502, -20.934545517, 6.01303577423, -3.11368060112, 3.17192292213, -9.99994373322, 8.22026157379, 6.15503978729, -7.43667650223, 0.4256978333, 16.6747245789, 61.1525917053]], "icov": [[0.0001746367343, -7.75968801463e-05, 0.000188330799574, -2.41272864514e-05, 2.32760103245e-05, -0.000132740620757, 0.000355028547347, -0.000258106156252, 0.000151365529746, -0.000157122558448, 0.000232340898947, -0.00030966475606, 0.000219088076847], [-7.75968801463e-05, 0.000976874609478, 0.000210200785659, 0.000239537010202, -0.000177744383109, 1.04154278233e-05, -0.000412692286773, 0.000538856256753, -0.000311232492095, 0.000274633843219, -0.000665581901558, 0.000931764836423, -0.000623225350864], [0.000188330799574, 0.000210200785659, 0.00282994890586, 0.000327609741362, -0.000158972092322, 0.000867087917868, -0.00148517196067, 0.000403112644562, 0.000659466488287, -0.00107770587783, 0.00074464676436, -0.00132573267911, 0.000643692212179], [-2.41272864514e-05, 0.000239537010202, 0.000327609741362, 0.00404693838209, 3.76029274776e-05, -0.000829261960462, -0.000372244569007, -0.00160126422998, 0.00168773357291, 1.51440635818e-05, -0.000274502992397, 0.000997585360892, -0.000606623012573], [2.32760103245e-05, -0.000177744383109, -0.000158972092322, 3.76029274776e-05, 0.00711527746171, -0.000614055432379, -0.00130345008802, 0.00131827220321, -0.00246841087937, 0.00164122506976, -0.000172952612047, -0.000548205629457, 0.000604481145274], [-0.000132740620757, 1.04154278233e-05, 0.000867087917868, -0.000829261960462, -0.000614055432379, 0.00939397327602, -0.00146534480155, -0.00252017169259, 0.0018208011752, -0.00214524730109, 0.000488417397719, -0.00116250221618, -0.000156480018632], [0.000355028547347, -0.000412692286773, -0.00148517196067, -0.000372244569007, -0.00130345008802, -0.00146534480155, 0.00804129615426, -0.000881977088284, -0.000268203351879, 0.0019711854402, -0.00252967816778, 5.96727186348e-05, 0.00133628002368], [-0.000258106156252, 0.000538856256753, 0.000403112644562, -0.00160126422998, 0.00131827220321, -0.00252017169259, -0.000881977088284, 0.0122852073982, -0.00294600543566, -0.000126773200464, 0.0023664527107, -0.00176331726834, -0.000712532899342], [0.000151365529746, -0.000311232492095, 0.000659466488287, 0.00168773357291, -0.00246841087937, 0.0018208011752, -0.000268203351879, -0.00294600543566, 0.0128574259579, -0.00446729455143, -0.000479153182823, 0.00220665871166, -0.00215433607809], [-0.000157122558448, 0.000274633843219, -0.00107770587783, 1.51440635818e-05, 0.00164122506976, -0.00214524730109, 0.0019711854402, -0.000126773200464, -0.00446729455143, 0.015170564875, -0.00472755404189, 0.000226812102483, 0.00235366425477], [0.000232340898947, -0.000665581901558, 0.00074464676436, -0.000274502992397, -0.000172952612047, 0.000488417397719, -0.00252967816778, 0.0023664527107, -0.000479153182823, -0.00472755404189, 0.016968159005, -0.00507753435522, 0.000460185081465], [-0.00030966475606, 0.000931764836423, -0.00132573267911, 0.000997585360892, -0.000548205629457, -0.00116250221618, 5.96727186348e-05, -0.00176331726834, 0.00220665871166, 0.000226812102483, -0.00507753435522, 0.0180337000638, -0.00563771510497], [0.000219088076847, -0.000623225350864, 0.000643692212179, -0.000606623012573, 0.000604481145274, -0.000156480018632, 0.00133628002368, -0.000712532899342, -0.00215433607809, 0.00235366425477, 0.000460185081465, -0.00563771510497, 0.0192140936852]], "mean": [-684.822753906, 163.148254395, -22.4465866089, 30.295627594, 5.38445663452, 18.376991272, -1.44992494583, 8.76131248474, -1.31108319759, 7.86683607101, 0.0969863459468, -0.927240073681, 3.6582801342]}, "pitch_salience": {"dmean": 0.0816315561533, "dmean2": 0.131940707564, "dvar": 0.00503476010635, "dvar2": 0.0124171162024, "max": 0.996097207069, "mean": 0.539038479328, "median": 0.558647990227, "min": 0.0405139997602, "var": 0.0156839191914}, "silence_rate_20dB": {"dmean": 0, "dmean2": 0, "dvar": 0, "dvar2": 0, "max": 1, "mean": 1, "median": 1, "min": 1, "var": 0}, "silence_rate_30dB": {"dmean": 0.0195813924074, "dmean2": 0.0391644909978, "dvar": 0.0192005559802, "dvar2": 0.0478139705956, "max": 1, "mean": 0.981246173382, "median": 1, "min": 0, "var": 0.0184045359492}, "silence_rate_60dB": {"dmean": 0.0155780864879, "dmean2": 0.0311575289816, "dvar": 0.015336824581, "dvar2": 0.0344569198787, "max": 1, "mean": 0.0546514652669, "median": 0, "min": 0, "var": 0.0516680255532}, "spectral_centroid": {"dmean": 254.299819946, "dmean2": 380.013702393, "dvar": 81238.0390625, "dvar2": 157817.8125, "max": 11788.9755859, "mean": 1201.66455078, "median": 1046.50109863, "min": 180.157852173, "var": 790983.375}, "spectral_complexity": {"dmean": 3.85953617096, "dmean2": 5.67737150192, "dvar": 19.9258327484, "dvar2": 35.9141311646, "max": 65, "mean": 19.416934967, "median": 19, "min": 0, "var": 143.077651978}, "spectral_contrast_coeffs": {"dmean": [0.0528916940093, 0.048844601959, 0.036532279104, 0.0300435405225, 0.0243064053357, 0.0479009002447], "dmean2": [0.0878952816129, 0.0814688205719, 0.0611411519349, 0.0502905771136, 0.039551679045, 0.0725120157003], "dvar": [0.0017897245707, 0.00146832084283, 0.000834951584693, 0.000589712522924, 0.000425933627412, 0.00164886703715], "dvar2": [0.00490506505594, 0.00404962245375, 0.00231238873675, 0.00158797600307, 0.00105787825305, 0.00363283813931], "max": [-0.33085334301, -0.498638302088, -0.545526742935, -0.562128961086, -0.559503734112, -0.368081986904], "mean": [-0.702877104282, -0.772830724716, -0.8072078228, -0.803589224815, -0.803639113903, -0.745854437351], "median": [-0.706651568413, -0.778462529182, -0.813126087189, -0.807501316071, -0.805193603039, -0.750718951225], "min": [-0.980874180794, -0.996463477612, -0.998833179474, -0.987377882004, -0.988097250462, -0.964239418507], "var": [0.00615285942331, 0.00432630209252, 0.00272518862039, 0.0023386918474, 0.0017139170086, 0.00592821836472]}, "spectral_contrast_valleys": {"dmean": [0.394042223692, 0.380640625954, 0.327614605427, 0.312954336405, 0.38557523489, 0.656302273273], "dmean2": [0.642679452896, 0.612335324287, 0.520196795464, 0.47273054719, 0.530749857426, 1.02725362778], "dvar": [0.112418740988, 0.113481156528, 0.0917968451977, 0.108082711697, 0.155551865697, 0.308432430029], "dvar2": [0.264960408211, 0.260078817606, 0.193322956562, 0.211972087622, 0.287224143744, 0.723425269127], "max": [-4.84610700607, -4.67853403091, -4.96585273743, -4.6650223732, -5.01187229156, -8.33941936493], "mean": [-7.0411529541, -6.78189134598, -7.16490030289, -7.4401216507, -7.97784805298, -11.398891449], "median": [-6.80031490326, -6.52680110931, -6.89444351196, -7.13911628723, -7.80698633194, -11.2424945831], "min": [-27.9897327423, -28.6644611359, -27.7475566864, -27.7430801392, -27.4767780304, -27.3993415833], "var": [2.99475264549, 3.07553219795, 2.99969244003, 3.10150504112, 3.14373111725, 2.39933419228]}, "spectral_decrease": {"dmean": 3.0189002409e-09, "dmean2": 4.75434225322e-09, "dvar": 1.84416360692e-17, "dvar2": 4.14147495137e-17, "max": 4.08739042612e-09, "mean": -6.14100681418e-09, "median": -4.40474723362e-09, "min": -9.19402438626e-08, "var": 3.93193885256e-17}, "spectral_energy": {"dmean": 0.0123266167939, "dmean2": 0.0191642455757, "dvar": 0.000296450423775, "dvar2": 0.0006551919505, "max": 0.389219820499, "mean": 0.0348555855453, "median": 0.0283648371696, "min": 1.00011459417e-20, "var": 0.000797584303655}, "spectral_energyband_high": {"dmean": 0.000417236093199, "dmean2": 0.000619528640527, "dvar": 1.44702494254e-06, "dvar2": 3.50647269443e-06, "max": 0.0281457938254, "mean": 0.000704724807292, "median": 0.000245054718107, "min": 7.13889503493e-21, "var": 2.01610146178e-06}, "spectral_energyband_low": {"dmean": 0.00820612162352, "dmean2": 0.0131289102137, "dvar": 0.000181528113899, "dvar2": 0.000411856541177, "max": 0.275370359421, "mean": 0.01441679243, "median": 0.00888188928366, "min": 2.04595540722e-23, "var": 0.000306045461912}, "spectral_energyband_middle_high": {"dmean": 0.00235438160598, "dmean2": 0.00359103782102, "dvar": 2.17039269046e-05, "dvar2": 5.15102838108e-05, "max": 0.168404787779, "mean": 0.00558439129964, "median": 0.00307844113559, "min": 1.19960272943e-21, "var": 5.45642105862e-05}, "spectral_energyband_middle_low": {"dmean": 0.00367173273116, "dmean2": 0.0057401554659, "dvar": 3.38152785844e-05, "dvar2": 8.30150747788e-05, "max": 0.133572086692, "mean": 0.00848117191344, "median": 0.00581901706755, "min": 1.66423915203e-22, "var": 8.22599904495e-05}, "spectral_entropy": {"dmean": 0.186571076512, "dmean2": 0.271690070629, "dvar": 0.0310402717441, "dvar2": 0.0630572065711, "max": 9.8207654953, "mean": 7.5114941597, "median": 7.52815151215, "min": 5.86511135101, "var": 0.140350237489}, "spectral_flux": {"dmean": 0.0242991186678, "dmean2": 0.0389126837254, "dvar": 0.000807895383332, "dvar2": 0.00196486990899, "max": 0.403540223837, "mean": 0.101132623851, "median": 0.0965700373054, "min": 6.44221759272e-11, "var": 0.00255223573186}, "spectral_kurtosis": {"dmean": 5.32453107834, "dmean2": 7.97446155548, "dvar": 31.590877533, "dvar2": 71.6581802368, "max": 89.6524429321, "mean": 19.6888999939, "median": 18.151676178, "min": -1.28459775448, "var": 82.6247711182}, "spectral_rms": {"dmean": 0.000954100396484, "dmean2": 0.00144903571345, "dvar": 1.11236715838e-06, "dvar2": 2.2851149879e-06, "max": 0.0194865763187, "mean": 0.00534860044718, "median": 0.00526051456109, "min": 3.12365411315e-12, "var": 5.39785924047e-06}, "spectral_rolloff": {"dmean": 5046.38671875, "dmean2": 9657.51953125, "dvar": 61261488, "dvar2": 142141008, "max": 22050, "mean": 12370.4482422, "median": 19767.4804688, "min": 21.533203125, "var": 95263728}, "spectral_skewness": {"dmean": 0.422495961189, "dmean2": 0.611689507961, "dvar": 0.176698327065, "dvar2": 0.370589584112, "max": 7.28036546707, "mean": 2.95292782784, "median": 2.88309574127, "min": -0.0883583277464, "var": 0.630515277386}, "spectral_spread": {"dmean": 523125.90625, "dmean2": 798364.4375, "dvar": 300309217280, "dvar2": 652722765824, "max": 42922732, "mean": 3904691, "median": 3634542, "min": 1733461.25, "var": 7450178093060.0}, "spe