{"lowlevel": {"average_loudness": 0.950522184372, "barkbands": {"dmean": [8.02508225206e-07, 0.000743573415093, 0.0006310173776, 0.000335597025696, 0.00144023797475, 0.000667964399327, 0.00031194157782, 0.000291012576781, 0.000870747899171, 0.000796138425358, 0.000216198444832, 0.000210885336855, 0.000229112469242, 0.000322248204611, 0.000203198462259, 0.000244363502134, 0.000203537536436, 0.00024994040723, 0.000251852557994, 0.00034630423761, 0.000266223534709, 9.03301843209e-05, 5.90472191107e-05, 3.17419362545e-05, 3.00099713968e-06, 2.13072169686e-07, 1.08321369652e-08], "dmean2": [1.35703021442e-06, 0.00123587960843, 0.000997438328341, 0.00059763219906, 0.00247660581954, 0.00104584940709, 0.000486608594656, 0.000462272495497, 0.00130318733864, 0.00123458588496, 0.000312393007334, 0.000305503461277, 0.000353586889105, 0.000488301098812, 0.000308611517539, 0.000357414915925, 0.000312811258482, 0.000383578822948, 0.000381244986784, 0.000516947591677, 0.000391049514292, 0.000126789454953, 7.79679685365e-05, 3.9587579522e-05, 3.77008063879e-06, 2.83862760853e-07, 1.68255702704e-08], "dvar": [3.69733800867e-12, 2.36264781961e-06, 2.74669241662e-06, 3.84892359762e-07, 1.20371405501e-05, 1.10466964998e-06, 5.44248621281e-07, 1.0822772083e-06, 5.80440018894e-06, 5.45397551832e-06, 5.02407431213e-07, 3.49608853867e-07, 4.60520510615e-07, 1.02837339e-06, 4.21905582471e-07, 4.91607295316e-07, 1.87554775266e-07, 2.45982164415e-07, 1.81954476375e-07, 4.88993464387e-07, 6.05608761362e-07, 2.41529356515e-08, 5.38589661758e-09, 1.66687830205e-09, 1.45932866485e-11, 1.61223668422e-13, 9.25692132505e-16], "dvar2": [9.45046471634e-12, 6.63055425321e-06, 6.12036137682e-06, 1.11628446575e-06, 3.18108468491e-05, 2.46097511081e-06, 1.14184138056e-06, 2.31945750784e-06, 1.1812102457e-05, 1.22318133435e-05, 8.83050688572e-07, 6.0228461507e-07, 1.00059151009e-06, 2.15527393266e-06, 8.61898286075e-07, 8.15486885131e-07, 3.99819242602e-07, 5.61274021038e-07, 3.91141583123e-07, 1.00961756289e-06, 1.18729315091e-06, 5.03715646971e-08, 1.03085779912e-08, 2.95396374028e-09, 2.72646471372e-11, 3.27122606347e-13, 2.25751305806e-15], "max": [3.44558793586e-05, 0.0209153722972, 0.0239183977246, 0.00640320545062, 0.0288053806871, 0.020901478827, 0.0265841055661, 0.0262471623719, 0.0410639345646, 0.036134056747, 0.0181639865041, 0.0147981001064, 0.0147311566398, 0.0223575029522, 0.0214108228683, 0.0270757358521, 0.0101848943159, 0.0119553469121, 0.0122001701966, 0.0162005722523, 0.0193562321365, 0.00351940770634, 0.00102437927853, 0.000770421058405, 6.11291688983e-05, 1.0468695109e-05, 6.17993634933e-07], "mean": [8.07937908576e-07, 0.00138183566742, 0.000751352694351, 0.000339346792316, 0.00142535078339, 0.00131248030812, 0.000486637698486, 0.000369318411686, 0.00151976686902, 0.00119835534133, 0.000337788573233, 0.000376020674594, 0.000327088637277, 0.000510122568812, 0.000298399623716, 0.000444152130513, 0.000377877178835, 0.000469426362542, 0.000535329396371, 0.000792044214904, 0.000600102066528, 0.000176327725057, 0.000105279388663, 5.04370800627e-05, 4.6499394557e-06, 3.56371231192e-07, 1.85934716512e-08], "median": [2.10094313502e-07, 0.000199358531972, 0.00017702463083, 0.000116578841698, 0.000530333025381, 0.000551240053028, 0.000194462249056, 9.27330474951e-05, 0.000182593386853, 0.000216806278331, 8.31664656289e-05, 9.31743343244e-05, 7.52076302888e-05, 8.72394084581e-05, 7.2335024015e-05, 0.00012270960724, 0.000145503960084, 0.000199728703592, 0.000224880495807, 0.000275076919934, 0.000185167402378, 0.000103855025372, 6.90400920575e-05, 2.49467411777e-05, 2.31009721574e-06, 1.60368514912e-07, 8.30920043882e-09], "min": [7.87364830514e-25, 2.66449524766e-24, 1.03717696324e-24, 1.17996837988e-24, 6.54308332162e-24, 9.86950347181e-24, 6.49810444496e-24, 1.05371582655e-23, 1.37935516276e-23, 1.86734830526e-23, 1.51612407997e-23, 2.09211528754e-23, 2.51924150032e-23, 4.06797929893e-23, 5.06505656909e-23, 2.67725286399e-23, 6.78748860171e-23, 1.02131890267e-22, 1.09579204218e-22, 1.82347949789e-22, 2.35619398552e-22, 3.52631805578e-22, 4.020530199e-22, 6.07489085606e-22, 8.51686444045e-22, 1.29428754556e-21, 1.90805970002e-21], "var": [3.34596955177e-12, 5.35995741302e-06, 3.58319948646e-06, 3.32750346388e-07, 9.20665024751e-06, 4.21886988988e-06, 1.15858847494e-06, 1.5676981775e-06, 1.62408723554e-05, 1.1500034816e-05, 1.19252820241e-06, 1.07718301479e-06, 7.68789391259e-07, 2.1477012524e-06, 8.09698462945e-07, 1.46533307088e-06, 4.69373986789e-07, 5.63013259125e-07, 5.89493993175e-07, 1.92855964087e-06, 2.24475934374e-06, 6.74580036275e-08, 1.31049127106e-08, 4.02368094399e-09, 3.24203060231e-11, 3.87855708921e-13, 1.4635023616e-15]}, "barkbands_crest": {"dmean": 2.83391857147, "dmean2": 4.57506465912, "dvar": 7.50218391418, "dvar2": 18.77983284, "max": 25.1283226013, "mean": 10.0345335007, "median": 8.79969406128, "min": 2.31372380257, "var": 23.1631793976}, "barkbands_flatness_db": {"dmean": 0.0219477731735, "dmean2": 0.0318146385252, "dvar": 0.000404464750318, "dvar2": 0.000839696847834, "max": 0.414882779121, "mean": 0.146566927433, "median": 0.141482666135, "min": 0.0266627240926, "var": 0.00194516777992}, "barkbands_kurtosis": {"dmean": 2.08744812012, "dmean2": 3.25112843513, "dvar": 13.7288589478, "dvar2": 32.7171821594, "max": 75.9957427979, "mean": 2.19745159149, "median": 0.23074400425, "min": -1.85575044155, "var": 37.9558334351}, "barkbands_skewness": {"dmean": 0.546429634094, "dmean2": 0.819507718086, "dvar": 0.294394254684, "dvar2": 0.66501390934, "max": 7.63189077377, "mean": 0.93503844738, "median": 0.831899762154, "min": -4.49304151535, "var": 1.77299129963}, "barkbands_spread": {"dmean": 7.1429271698, "dmean2": 10.6258554459, "dvar": 56.2263755798, "dvar2": 117.485160828, "max": 155.916763306, "mean": 27.6377086639, "median": 26.1877841949, "min": 0.983654677868, "var": 192.558547974}, "dissonance": {"dmean": 0.014031897299, "dmean2": 0.023567257449, "dvar": 0.000219956607907, "dvar2": 0.000591581745539, "max": 0.5, "mean": 0.474285691977, "median": 0.479751825333, "min": 0.194087103009, "var": 0.000423513265559}, "dynamic_complexity": 3.31823921204, "erbbands": {"dmean": [0.00659049581736, 0.215108945966, 0.798211872578, 0.65824341774, 3.99650025368, 4.43010663986, 4.99827432632, 5.21277523041, 4.72568416595, 4.23283624649, 7.81046628952, 18.8542098999, 29.5459575653, 13.0332565308, 7.97934103012, 8.19496631622, 9.96521759033, 13.7040758133, 12.9699697495, 11.5586862564, 9.41061973572, 11.5133523941, 13.0287017822, 13.4617013931, 11.953212738, 17.9519081116, 13.5846815109, 7.87916374207, 3.25645542145, 2.1643307209, 1.70275044441, 0.960630476475, 0.358397632837, 0.0639702379704, 0.0105523625389, 0.00181528774556, 0.000281094369711, 3.32382369379e-05, 5.20323737874e-06, 5.96614427195e-06], "dmean2": [0.00998455192894, 0.357693612576, 1.28134453297, 1.09351301193, 7.04746007919, 7.55884027481, 7.91062355042, 8.1736164093, 7.27419042587, 6.84266614914, 11.6603870392, 27.5637722015, 45.4689216614, 19.5377674103, 11.4209079742, 11.5185279846, 14.9259433746, 20.2667713165, 19.1449604034, 17.1650905609, 13.6221866608, 17.5366420746, 19.6812362671, 20.7115478516, 17.9950714111, 26.8407936096, 19.9812507629, 11.3753852844, 4.59433937073, 2.92692637444, 2.26027464867, 1.2175873518, 0.445587426424, 0.0784120187163, 0.0129116475582, 0.00229138182476, 0.000381176563678, 4.63599099021e-05, 7.26204507373e-06, 8.64154844749e-06], "dvar": [0.000175929642865, 0.199830874801, 3.93016147614, 1.40143108368, 105.215362549, 102.472358704, 72.0669174194, 101.165893555, 140.073532104, 157.238311768, 714.946472168, 2679.95996094, 6777.62451172, 1510.49438477, 673.532348633, 591.186340332, 804.544189453, 1734.01342773, 1322.51281738, 1493.54223633, 476.24331665, 624.786682129, 733.6796875, 549.405090332, 374.672821045, 1625.3092041, 1644.07556152, 441.654754639, 30.6473255157, 10.5146179199, 4.66365480423, 1.51130509377, 0.218447029591, 0.00652348529547, 0.000171654784936, 7.44827593735e-06, 4.37642853512e-07, 7.27794091659e-09, 7.40896927143e-11, 5.45416802e-11], "dvar2": [0.000382086378522, 0.558061182499, 9.12564659119, 3.63161540031, 284.63494873, 268.126556396, 167.350708008, 219.247894287, 271.392913818, 391.624084473, 1427.38952637, 5230.04296875, 15519.0332031, 3075.58300781, 1244.39685059, 975.55859375, 1692.9901123, 3729.67895508, 2653.45141602, 2684.93994141, 831.469665527, 1349.59313965, 1668.92382812, 1243.5078125, 817.365600586, 3386.61669922, 3220.68481445, 882.861450195, 60.3123931885, 24.0485477448, 8.99497413635, 2.78480195999, 0.390377134085, 0.0119636794552, 0.000296972284559, 1.41694226841e-05, 9.2063635293e-07, 1.46076732932e-08, 1.58033669484e-10, 1.16362863789e-10], "max": [0.228228613734, 5.95684576035, 28.0512390137, 19.2519836426, 81.0718688965, 99.0173110962, 181.851196289, 239.091842651, 537.728759766, 388.388793945, 730.130065918, 1038.75183105, 1296.73266602, 1132.07409668, 774.076538086, 722.882324219, 689.572998047, 1152.22558594, 1154.34118652, 1620.3692627, 756.102722168, 638.96081543, 772.358154297, 594.438659668, 438.951568604, 959.914245605, 1014.17175293, 420.173126221, 96.2345581055, 110.987922668, 34.3714065552, 22.4753189087, 8.73738002777, 1.18738210201, 0.279952436686, 0.0584960058331, 0.0154622234404, 0.00239532347769, 0.000173277177964, 8.96233323147e-05], "mean": [0.0179132372141, 0.387093275785, 1.02172029018, 0.865257382393, 3.43200445175, 4.51564836502, 7.7452249527, 10.996969223, 8.2684173584, 5.63459062576, 11.0901288986, 35.3924560547, 46.4730262756, 21.2396202087, 14.0494251251, 15.7156524658, 16.458814621, 22.6036682129, 21.6950435638, 20.9614048004, 19.073141098, 23.3789710999, 25.7460746765, 27.3360919952, 27.9918746948, 41.2432403564, 30.9677639008, 17.0437488556, 6.73640012741, 4.01286792755, 2.95435428619, 1.57328343391, 0.557240247726, 0.0996459275484, 0.0169473197311, 0.00303753488697, 0.000484810821945, 6.21863000561e-05, 1.47781693158e-05, 1.92307416e-05], "median": [0.00228252215311, 0.0618716999888, 0.315718203783, 0.378242075443, 1.06642735004, 1.69251918793, 2.92097425461, 4.13367176056, 3.48124289513, 2.11805462837, 2.96536064148, 5.2791852951, 8.37417888641, 5.83772754669, 3.92763948441, 4.27086257935, 4.68204498291, 5.78810882568, 5.90190601349, 5.79441642761, 7.20205450058, 10.3043003082, 11.0775566101, 11.5151939392, 12.3582201004, 13.5266275406, 8.70095539093, 6.49004650116, 3.92621278763, 2.69962358475, 1.87449502945, 0.871879458427, 0.259166628122, 0.0483368337154, 0.00856029801071, 0.00147524825297, 0.000210556579987, 3.00297688227e-05, 1.13271216833e-05, 1.60810704983e-05], "min": [1.34983908002e-22, 4.46471240496e-22, 2.39058872489e-21, 4.68486664616e-21, 1.3946893591e-20, 3.04161646001e-20, 4.83684137356e-20, 1.11049992437e-19, 1.10098695958e-19, 1.62843014688e-19, 2.80865739023e-19, 4.35523517206e-19, 7.51495189167e-19, 5.94874485541e-19, 6.25211127711e-19, 9.36940345406e-19, 1.7888738208e-18, 2.96955916712e-18, 2.05476503165e-18, 2.3298549045e-18, 3.05585850683e-18, 3.98645551431e-18, 6.42639471666e-18, 5.75062000265e-18, 5.00726545979e-18, 9.41654220242e-18, 1.0539874981e-17, 1.10462923228e-17, 1.22963243557e-17, 1.20798379545e-17, 1.23774376866e-17, 1.02950262109e-17, 9.98571939166e-18, 8.58987775057e-18, 6.2800706022e-18, 4.58123187556e-18, 2.24302099931e-18, 9.4087224505e-19, 2.54254072097e-19, 2.73079235885e-20], "var": [0.00106529449113, 0.408649653196, 5.11613607407, 1.8642758131, 72.3493118286, 84.2537841797, 165.492599487, 429.266082764, 379.029693604, 198.639282227, 1265.22827148, 9351.10644531, 14261.703125, 3515.9699707, 1819.04650879, 1906.73535156, 1554.5682373, 3429.11450195, 2649.55737305, 4253.33349609, 1532.21862793, 1621.3984375, 1597.71240234, 1599.47485352, 1435.11669922, 5771.94335938, 6040.25, 1505.46069336, 97.7889480591, 22.2134361267, 10.8715858459, 3.63451004028, 0.499081969261, 0.0149621320888, 0.000435330031905, 1.91477593035e-05, 1.03046397726e-06, 1.82522654768e-08, 2.24042576158e-10, 1.99275845825e-10]}, "erbbands_crest": {"dmean": 2.49519562721, "dmean2": 3.92651367188, "dvar": 6.9891705513, "dvar2": 15.4252243042, "max": 30.8726520538, "mean": 8.80607032776, "median": 7.37653446198, "min": 2.45692253113, "var": 25.2250804901}, "erbbands_flatness_db": {"dmean": 0.0198045056313, "dmean2": 0.0257703382522, "dvar": 0.000387558859074, "dvar2": 0.000580693478696, "max": 0.339334905148, "mean": 0.191483080387, "median": 0.187951624393, "min": 0.0368703566492, "var": 0.00233861152083}, "erbbands_kurtosis": {"dmean": 0.80740249157, "dmean2": 1.25236392021, "dvar": 1.07925713062, "dvar2": 2.40730428696, "max": 16.936252594, "mean": 0.0749128758907, "median": -0.550279974937, "min": -1.75802659988, "var": 3.09172654152}, "erbbands_skewness": {"dmean": 0.382607489824, "dmean2": 0.565245985985, "dvar": 0.12726123631, "dvar2": 0.259281724691, "max": 3.92592358589, "mean": -0.0925993919373, "median": -0.114026933908, "min": -2.9744553566, "var": 0.852143228054}, "erbbands_spread": {"dmean": 9.26162052155, "dmean2": 13.2201242447, "dvar": 92.4492645264, "dvar2": 182.034896851, "max": 122.265769958, "mean": 41.7676467896, "median": 37.1801643372, "min": 5.65127134323, "var": 418.673400879}, "gfcc": {"cov": [[14156.5830078, 434.536895752, -1984.2043457, 677.865234375, -882.74621582, 190.066085815, -307.950592041, 40.589641571, -155.972717285, -127.643638611, -75.8287963867, -184.104629517, 17.6618442535], [434.536895752, 1045.75939941, 259.457794189, 6.63869667053, 149.980957031, -64.7459945679, 74.3115539551, -27.9741134644, 88.35987854, -91.5408096313, 42.5104370117, -3.21141886711, 48.1211853027], [-1984.2043457, 259.457794189, 1390.22973633, 308.21685791, 95.0941925049, 297.320648193, -46.3250617981, 52.0729942322, 16.1387882233, 9.73827457428, -3.52849650383, 33.4576683044, -0.177099451423], [677.865234375, 6.63869667053, 308.21685791, 434.015563965, 51.7456817627, 126.682868958, -7.77384233475, 48.1923866272, -3.5695950985, 63.1831970215, 3.28712725639, 0.37619510293, -7.21439981461], [-882.74621582, 149.980957031, 95.0941925049, 51.7456817627, 345.364990234, -31.7340259552, 158.785522461, 28.3773384094, 78.8425140381, 65.1860198975, 28.5901508331, 27.7432765961, 9.19553852081], [190.066085815, -64.7459945679, 297.320648193, 126.682868958, -31.7340259552, 294.87387085, 35.8806877136, 60.5596733093, -14.810336113, 17.693693161, 8.1539068222, -11.1792764664, -18.6692485809], [-307.950592041, 74.3115539551, -46.3250617981, -7.77384233475, 158.785522461, 35.8806877136, 243.717681885, 50.8844070435, 39.6239814758, 50.6803665161, 29.5921363831, 1.02380096912, -7.19729566574], [40.589641571, -27.9741134644, 52.0729942322, 48.1923866272, 28.3773384094, 60.5596733093, 50.8844070435, 120.695632935, 67.9887313843, 18.2290725708, 0.0123996594921, -5.03748512268, 10.6071472168], [-155.972717285, 88.35987854, 16.1387882233, -3.5695950985, 78.8425140381, -14.810336113, 39.6239814758, 67.9887313843, 133.183074951, 35.0745925903, 13.3886384964, 9.52969074249, 23.5737094879], [-127.643638611, -91.5408096313, 9.73827457428, 63.1831970215, 65.1860198975, 17.693693161, 50.6803665161, 18.2290725708, 35.0745925903, 115.46622467, 49.2457885742, 17.8041934967, -14.6256952286], [-75.8287963867, 42.5104370117, -3.52849650383, 3.28712725639, 28.5901508331, 8.1539068222, 29.5921363831, 0.0123996594921, 13.3886384964, 49.2457885742, 105.297950745, 39.9837493896, 0.681766688824], [-184.104629517, -3.21141886711, 33.4576683044, 0.37619510293, 27.7432765961, -11.1792764664, 1.02380096912, -5.03748512268, 9.52969074249, 17.8041934967, 39.9837493896, 71.6271133423, 24.549446106], [17.6618442535, 48.1211853027, -0.177099451423, -7.21439981461, 9.19553852081, -18.6692485809, -7.19729566574, 10.6071472168, 23.5737094879, -14.6256952286, 0.681766688824, 24.549446106, 62.3293991089]], "icov": [[0.000363319268217, -0.000729988736566, 0.0010584226111, -0.00101226067636, 0.000820518296678, -0.000899206090253, 0.000511949881911, -0.000422732409788, 0.000336115219397, -0.000531798403244, 0.000668695080094, -0.000358378223609, -3.09269016725e-05], [-0.000729988736566, 0.00343981198967, -0.00264686509036, 0.00140284746885, -0.00185660563875, 0.002458574716, -0.00223394087516, 0.00302353175357, -0.00318874930963, 0.00468121562153, -0.00383060565218, 0.00248998473398, -0.000690517947078], [0.0010584226111, -0.00264686509036, 0.00440356088802, -0.00326536688954, 0.0017314638244, -0.00406766729429, 0.00254742591642, -0.00154813623521, 0.00124040816445, -0.00191131432075, 0.00281309592538, -0.00229168706574, 0.000416161521571], [-0.00101226067636, 0.00140284746885, -0.00326536688954, 0.00655808206648, -0.00310639571398, 0.00156703137327, 0.000153672168381, -0.00118291017134, 0.00166245107539, -0.00219522416592, -0.000527447031345, 0.00109381962102, -0.000468643120257], [0.000820518296678, -0.00185660563875, 0.0017314638244, -0.00310639571398, 0.00783014576882, -0.000351675204001, -0.00283978902735, 0.000500203983393, -0.00166919222102, -0.00234103691764, 0.00240077939816, -0.00237038498744, 0.000162013908266], [-0.000899206090253, 0.002458574716, -0.00406766729429, 0.00156703137327, -0.000351675204001, 0.00865483470261, -0.00346862571314, -0.00115968671162, 0.000167701684404, 0.00208904803731, -0.0032810701523, 0.00224927207455, 0.000544289534446], [0.000511949881911, -0.00223394087516, 0.00254742591642, 0.000153672168381, -0.00283978902735, -0.00346862571314, 0.00945965480059, -0.00491580693051, 0.00368393980898, -0.00434049405158, 0.00140431209002, -0.00029969602474, 0.00060443644179], [-0.000422732409788, 0.00302353175357, -0.00154813623521, -0.00118291017134, 0.000500203983393, -0.00115968671162, -0.00491580693051, 0.019101800397, -0.0122561305761, 0.00585863785818, -0.00251192436554, 0.00298844254576, -0.00173476792406], [0.000336115219397, -0.00318874930963, 0.00124040816445, 0.00166245107539, -0.00166919222102, 0.000167701684404, 0.00368393980898, -0.0122561305761, 0.0189513452351, -0.00942779891193, 0.0032669249922, -0.000837210565805, -0.0037156722974], [-0.000531798403244, 0.00468121562153, -0.00191131432075, -0.00219522416592, -0.00234103691764, 0.00208904803731, -0.00434049405158, 0.00585863785818, -0.00942779891193, 0.0228328257799, -0.010674812831, 0.00156084331684, 0.00417539756745], [0.000668695080094, -0.00383060565218, 0.00281309592538, -0.000527447031345, 0.00240077939816, -0.0032810701523, 0.00140431209002, -0.00251192436554, 0.0032669249922, -0.010674812831, 0.0195358023047, -0.0108769191429, 0.00229746010154], [-0.000358378223609, 0.00248998473398, -0.00229168706574, 0.00109381962102, -0.00237038498744, 0.00224927207455, -0.00029969602474, 0.00298844254576, -0.000837210565805, 0.00156084331684, -0.0108769191429, 0.0250156037509, -0.010271425359], [-3.09269016725e-05, -0.000690517947078, 0.000416161521571, -0.000468643120257, 0.000162013908266, 0.000544289534446, 0.00060443644179, -0.00173476792406, -0.0037156722974, 0.00417539756745, 0.00229746010154, -0.010271425359, 0.0234422627836]], "mean": [-51.8130264282, 93.8908157349, -161.242202759, 58.9612693787, -78.1000213623, 4.0579624176, -27.5758247375, -4.03012228012, -15.9151754379, -12.2109308243, -5.7143201828, -9.66671657562, -0.722831606865]}, "hfc": {"dmean": 5.68216276169, "dmean2": 7.67541122437, "dvar": 83.1102294922, "dvar2": 144.339645386, "max": 161.572662354, "mean": 19.3938159943, "median": 13.2497634888, "min": 1.0642247019e-16, "var": 422.495635986}, "melbands": {"dmean": [0.000132019718876, 0.000372724316549, 0.000188115300261, 0.000359200203093, 0.000154320645379, 0.000117160008813, 6.85583509039e-05, 4.62719835923e-05, 6.95929629728e-05, 0.000132292028866, 0.000151572661707, 5.90833042224e-05, 2.86658141704e-05, 2.09082336369e-05, 2.33593218582e-05, 2.46058607445e-05, 2.83658919216e-05, 2.47161860898e-05, 1.51238355102e-05, 1.89503680303e-05, 1.05407480078e-05, 1.24391308418e-05, 1.46148704516e-05, 1.06022698674e-05, 1.23582121887e-05, 8.04470892035e-06, 1.0786614439e-05, 1.37584020194e-05, 9.22648814594e-06, 6.6398333729e-06, 4.13438920077e-06, 2.03463673643e-06, 1.57462966399e-06, 1.13234125365e-06, 1.11893348276e-06, 7.66175389799e-07, 5.47003878637e-07, 3.04167912191e-07, 1.06898589536e-07, 3.54341196385e-08], "dmean2": [0.000212551152799, 0.000607985595707, 0.000318256847095, 0.000626072054729, 0.000246703013545, 0.000183394149644, 0.000105649050965, 7.50621256884e-05, 0.000102592275653, 0.000194606895093, 0.000232933758525, 8.93233664101e-05, 4.075796096e-05, 2.9611555874e-05, 3.47064415109e-05, 3.71694695787e-05, 4.23912606493e-05, 3.66610220226e-05, 2.2918360628e-05, 2.80178337562e-05, 1.55736615852e-05, 1.9105265892e-05, 2.21953923756e-05, 1.64443881658e-05, 1.92205661733e-05, 1.2349571989e-05, 1.64738485182e-05, 2.05740507226e-05, 1.38216846608e-05, 9.80128061201e-06, 6.04504111834e-06, 2.96523944598e-06, 2.21420100388e-06, 1.5640514448e-06, 1.54653992013e-06, 1.02489389064e-06, 7.08788263637e-07, 3.91710074155e-07, 1.38810761996e-07, 4.55385880116e-08], "dvar": [7.19716553021e-08, 7.32188652819e-07, 1.33638934585e-07, 8.4845407855e-07, 6.50667786317e-08, 4.231303663e-08, 2.63344261953e-08, 2.24932446002e-08, 5.74365195405e-08, 1.34687923037e-07, 1.76151260689e-07, 3.39009638139e-08, 9.11451092378e-09, 3.29076876859e-09, 4.64910554498e-09, 5.53266010783e-09, 8.61010196473e-09, 5.44988099094e-09, 2.43182518567e-09, 4.20691792513e-09, 7.02525815299e-10, 6.86531775873e-10, 1.14070008994e-09, 5.41982625446e-10, 4.90217533233e-10, 1.90186796867e-10, 3.23876619968e-10, 1.137618999e-09, 7.16607384543e-10, 3.55594553803e-10, 1.04157703296e-10, 1.46828816466e-11, 7.21954830987e-12, 2.41228434797e-12, 2.16245966446e-12, 9.99996201297e-13, 5.19207452639e-13, 1.64436118801e-13, 2.03416063426e-14, 2.09021685119e-15], "dvar2": [1.89352022062e-07, 1.82163387308e-06, 3.57536436013e-07, 2.25857638725e-06, 1.55143979441e-07, 9.17131970368e-08, 5.30291259793e-08, 5.4060965482e-08, 1.09213488031e-07, 2.65635691221e-07, 4.02227357199e-07, 7.16385741839e-08, 1.65218025927e-08, 5.67892222136e-09, 9.22676601789e-09, 1.20758398836e-08, 1.83940240817e-08, 1.0949821494e-08, 5.11258457792e-09, 7.20637549634e-09, 1.18842202745e-09, 1.50077195116e-09, 2.37212471887e-09, 1.32626609695e-09, 1.11723930107e-09, 4.18904577693e-10, 7.17988501986e-10, 2.29429719667e-09, 1.51078560773e-09, 7.08117509074e-10, 2.08997971707e-10, 2.92323873441e-11, 1.77655563871e-11, 5.30073684599e-12, 4.39366945604e-12, 2.05058366121e-12, 9.693056904e-13, 3.04513304763e-13, 4.05246921632e-14, 3.9971281493e-15], "max": [0.00389777612872, 0.0115933632478, 0.00348958559334, 0.00763886328787, 0.00491885095835, 0.00464352359995, 0.00683168135583, 0.00494075752795, 0.00599611317739, 0.00723579432815, 0.00662826374173, 0.00464586587623, 0.00290720490739, 0.00196136371233, 0.00167255464476, 0.00195897417143, 0.00244424911216, 0.00220463750884, 0.00162644765805, 0.00232484471053, 0.0011936314404, 0.000902954954654, 0.000765112752561, 0.000789063517004, 0.000564466696233, 0.000328661408275, 0.000336837372743, 0.000904962944333, 0.000701262732036, 0.000471310107969, 0.000209251753404, 7.91683341959e-05, 0.000116681381769, 3.13394448312e-05, 2.07071188925e-05, 1.75470631802e-05, 1.19771730169e-05, 7.94764491729e-06, 1.89093020708e-06, 7.30952820049e-07], "mean": [0.000287186092464, 0.000547504634596, 0.000216932443436, 0.000321578350849, 0.000243774513365, 0.000247646734351, 0.000117285257147, 5.91591815464e-05, 9.72654015641e-05, 0.000240556124481, 0.000232717778999, 8.95987104741e-05, 4.66333294753e-05, 3.60494741471e-05, 4.1105573473e-05, 3.51485068677e-05, 4.48322643933e-05, 3.90011409763e-05, 2.27811524383e-05, 3.37391538778e-05, 1.95657394215e-05, 2.28015996981e-05, 2.72605884675e-05, 1.93428713828e-05, 2.30938130699e-05, 1.71185183717e-05, 2.35401439568e-05, 2.88295923383e-05, 1.98315465241e-05, 1.37888246172e-05, 8.3524364527e-06, 3.90962622987e-06, 2.73172167908e-06, 1.98800626094e-06, 1.83616657523e-06, 1.27232306113e-06, 8.40070811137e-07, 4.56534849036e-07, 1.60174081998e-07, 5.31405426329e-08], "median": [3.74850242224e-05, 0.000154305977048, 8.94237309694e-05, 0.000103713216959, 9.94708461803e-05, 9.88798492472e-05, 5.09465571668e-05, 1.99156966119e-05, 2.08392266359e-05, 2.95809404633e-05, 3.65720770787e-05, 2.08623168874e-05, 1.19451888168e-05, 1.08225995064e-05, 8.83520715433e-06, 8.67075232236e-06, 8.15795738163e-06, 8.33286321722e-06, 5.85511497775e-06, 7.32198759579e-06, 6.76891704643e-06, 9.32123748498e-06, 1.02409976535e-05, 8.25597089715e-06, 9.00849954633e-06, 7.58828082326e-06, 9.5027999123e-06, 8.28031988931e-06, 5.25806854057e-06, 4.26101269113e-06, 3.41217833011e-06, 2.0563088583e-06, 1.70821863321e-06, 1.29943578031e-06, 1.12564202936e-06, 7.51014511025e-07, 4.13658398202e-07, 2.07108072914e-07, 7.33995833002e-08, 2.61057984119e-08], "min": [1.83569628696e-24, 1.74246081657e-24, 1.26633819659e-24, 1.66730485484e-24, 1.81091974365e-24, 2.62618776767e-24, 1.67610972583e-24, 2.08669309155e-24, 2.20806880815e-24, 1.93144368768e-24, 3.35648166714e-24, 2.64946350311e-24, 2.05610579881e-24, 2.29417790634e-24, 2.82505762972e-24, 2.54876008375e-24, 5.12209831229e-24, 3.14680519954e-24, 2.84475351438e-24, 2.53696759929e-24, 3.68102535443e-24, 4.01186257403e-24, 4.46573330142e-24, 4.62382221011e-24, 3.91366161867e-24, 2.94929040331e-24, 5.36184734088e-24, 5.47094009876e-24, 5.02021968739e-24, 4.74710618124e-24, 6.00826678789e-24, 5.9692883817e-24, 5.37353549848e-24, 6.33600417856e-24, 6.4655481554e-24, 5.13922408811e-24, 5.98778638107e-24, 6.24337297563e-24, 5.95824117359e-24, 6.7947611104e-24], "var": [2.45204347493e-07, 1.01032435396e-06, 1.25122340933e-07, 6.10208871876e-07, 1.42245113466e-07, 1.85340269354e-07, 6.6779470842e-08, 2.87171886271e-08, 1.11441799788e-07, 4.42133796241e-07, 3.74589831154e-07, 7.1105432653e-08, 2.25229879192e-08, 9.279244928e-09, 1.28621922002e-08, 9.03184727008e-09, 1.7077571357e-08, 1.0702712494e-08, 4.57280124877e-09, 1.28248123232e-08, 2.11316919518e-09, 1.65991964618e-09, 2.91273227759e-09, 9.9028685252e-10, 1.29733113141e-09, 6.03707694946e-10, 1.32629440763e-09, 3.66173957822e-09, 2.4742854432e-09, 1.21017296184e-09, 3.33897548499e-10, 4.35960954837e-11, 1.17911149594e-11, 5.53208694132e-12, 4.47188076499e-12, 2.24593108868e-12, 1.16642199371e-12, 3.51556972552e-13, 4.14718308523e-14, 4.40197728732e-15]}, "melbands_crest": {"dmean": 3.85921478271, "dmean2": 6.2626748085, "dvar": 13.0990552902, "dvar2": 33.9425201416, "max": 32.6027870178, "mean": 13.6010570526, "median": 12.8337850571, "min": 1.3729724884, "var": 35.3125267029}, "melbands_flatness_db": {"dmean": 0.0270439255983, "dmean2": 0.0393316484988, "dvar": 0.000652089365758, "dvar2": 0.00139935163315, "max": 0.533637166023, "mean": 0.155840113759, "median": 0.148772537708, "min": 0.00241516670212, "var": 0.00401779310778}, "melbands_kurtosis": {"dmean": 5.85444736481, "dmean2": 9.24757766724, "dvar": 107.093803406, "dvar2": 267.854431152, "max": 200.692611694, "mean": 10.0885562897, "median": 3.9803314209, "min": -1.78134334087, "var": 283.061859131}, "melbands_skewness": {"dmean": 0.743554413319, "dmean2": 1.11833524704, "dvar": 0.620810329914, "dvar2": 1.43070137501, "max": 10.9734392166, "mean": 2.19755411148, "median": 1.84534263611, "min": -1.35716164112, "var": 2.99912619591}, "melbands_spread": {"dmean": 11.1532840729, "dmean2": 16.9691448212, "dvar": 165.08984375, "dvar2": 370.161529541, "max": 196.205108643, "mean": 39.8245582581, "median": 31.1291313171, "min": 0.820159733295, "var": 876.807006836}, "mfcc": {"cov": [[6410.69921875, -217.646224976, -539.615112305, 77.7784194946, -235.291900635, 9.79886341095, -62.119972229, 32.4387321472, -81.7087936401, 88.1767120361, -68.4678421021, 9.03318119049, -166.445831299], [-217.646224976, 1120.11889648, 55.3944396973, 110.937988281, 67.1761474609, 0.672204256058, -5.68443870544, 73.5382003784, 21.7149238586, 1.25388252735, 18.8696022034, -52.3434829712, 37.0811767578], [-539.615112305, 55.3944396973, 1217.22241211, 52.0874061584, 277.545562744, 158.367477417, 59.4332618713, 70.2740097046, 56.9647064209, -25.7841377258, -3.48529291153, 58.6433448792, 48.0989761353], [77.7784194946, 110.937988281, 52.0874061584, 357.189422607, 98.9765319824, 58.9962997437, 46.5386428833, 2.21151661873, 63.7098617554, 31.0541992188, 6.53136587143, 87.6296539307, 41.4080085754], [-235.291900635, 67.1761474609, 277.545562744, 98.9765319824, 210.574081421, 55.0841712952, 8.06450080872, 35.2448921204, 52.9079818726, 13.5494556427, 12.2838125229, 30.1105327606, 36.9807701111], [9.79886341095, 0.672204256058, 158.367477417, 58.9962997437, 55.0841712952, 161.580307007, 104.628440857, 27.5519695282, 28.4319667816, 21.560256958, 32.4545898438, 44.9458351135, 17.1003341675], [-62.119972229, -5.68443870544, 59.4332618713, 46.5386428833, 8.06450080872, 104.628440857, 177.858947754, 44.5845832825, 18.0954875946, 30.8785133362, 44.9080429077, 43.3395423889, 7.76920413971], [32.4387321472, 73.5382003784, 70.2740097046, 2.21151661873, 35.2448921204, 27.5519695282, 44.5845832825, 104.842605591, 54.0776252747, 29.411693573, 20.7438201904, -2.87034916878, 11.8657951355], [-81.7087936401, 21.7149238586, 56.9647064209, 63.7098617554, 52.9079818726, 28.4319667816, 18.0954875946, 54.0776252747, 128.64805603, 55.5549354553, 14.0603704453, 16.424741745, 8.43333435059], [88.1767120361, 1.25388252735, -25.7841377258, 31.0541992188, 13.5494556427, 21.560256958, 30.8785133362, 29.411693573, 55.5549354553, 114.751144409, 53.5877799988, 7.91317224503, 0.665279567242], [-68.4678421021, 18.8696022034, -3.48529291153, 6.53136587143, 12.2838125229, 32.4545898438, 44.9080429077, 20.7438201904, 14.0603704453, 53.5877799988, 89.6598587036, 38.5092086792, 11.690114975], [9.03318119049, -52.3434829712, 58.6433448792, 87.6296539307, 30.1105327606, 44.9458351135, 43.3395423889, -2.87034916878, 16.424741745, 7.91317224503, 38.5092086792, 115.513015747, 44.9243164062], [-166.445831299, 37.0811767578, 48.0989761353, 41.4080085754, 36.9807701111, 17.1003341675, 7.76920413971, 11.8657951355, 8.43333435059, 0.665279567242, 11.690114975, 44.9243164062, 85.8043441772]], "icov": [[0.000216167856706, 1.62011547218e-05, 8.25111201266e-05, -0.000113192487333, 0.000189460886759, -0.000341525883414, 0.000413621659391, -0.000608852074947, 0.000543367408682, -0.000533866113983, 0.000583819288295, -0.000520020839758, 0.000597313512117], [1.62011547218e-05, 0.00113388814498, -3.97935145884e-05, -0.000766302167904, 7.08410225343e-05, 1.07190553535e-05, 0.000260289758444, -0.000836256251205, 0.000200789101655, 0.000618967053015, -0.00109294382855, 0.00153292005416, -0.0006852861261], [8.25111201266e-05, -3.97935145884e-05, 0.00140830874443, 0.000506977376062, -0.00170316535514, -0.00106646760833, 0.000196389562916, -0.000638816680294, 0.000306667556288, 7.43129276088e-05, 0.000999281532131, -0.000921626866329, 0.000475963752251], [-0.000113192487333, -0.000766302167904, 0.000506977376062, 0.00515312049538, -0.00235631666146, -9.0676920081e-05, -0.00130471913144, 0.00197570654564, -0.00157195678912, -0.00146624038462, 0.00313117494807, -0.0040718941018, 9.02900574147e-05], [0.000189460886759, 7.08410225343e-05, -0.00170316535514, -0.00235631666146, 0.00937288906425, -0.00169248052407, 0.00248813419603, -0.00166863424238, -0.00109626725316, 0.000283154688077, -0.00160023896024, 0.00118926377036, -0.00156716885976], [-0.000341525883414, 1.07190553535e-05, -0.00106646760833, -9.0676920081e-05, -0.00169248052407, 0.0128639061004, -0.00732239335775, 0.00235246773809, -0.00198164558969, 0.000990217435174, -0.00179193983786, 0.000149400875671, -0.00116911937948], [0.000413621659391, 0.000260289758444, 0.000196389562916, -0.00130471913144, 0.00248813419603, -0.00732239335775, 0.0124638779089, -0.00594141241163, 0.00306015997194, -0.00154525309335, -0.000945301435422, -0.00263836770318, 0.00251081795432], [-0.000608852074947, -0.000836256251205, -0.000638816680294, 0.00197570654564, -0.00166863424238, 0.00235246773809, -0.00594141241163, 0.0182612407953, -0.00834853947163, 0.00188842881471, -0.00357050425373, 0.00460588885471, -0.00427119387314], [0.000543367408682, 0.000200789101655, 0.000306667556288, -0.00157195678912, -0.00109626725316, -0.00198164558969, 0.00306015997194, -0.00834853947163, 0.0158796682954, -0.00804684031755, 0.00536205992103, -0.00392254069448, 0.00312362750992], [-0.000533866113983, 0.000618967053015, 7.43129276088e-05, -0.00146624038462, 0.000283154688077, 0.000990217435174, -0.00154525309335, 0.00188842881471, -0.00804684031755, 0.0187648590654, -0.0129902083427, 0.00657171849161, -0.00210331822746], [0.000583819288295, -0.00109294382855, 0.000999281532131, 0.00313117494807, -0.00160023896024, -0.00179193983786, -0.000945301435422, -0.00357050425373, 0.00536205992103, -0.0129902083427, 0.0253004226834, -0.0116716176271, 0.00339738512412], [-0.000520020839758, 0.00153292005416, -0.000921626866329, -0.0040718941018, 0.00118926377036, 0.000149400875671, -0.00263836770318, 0.00460588885471, -0.00392254069448, 0.00657171849161, -0.0116716176271, 0.0213290154934, -0.00937236379832], [0.000597313512117, -0.0006852861261, 0.000475963752251, 9.02900574147e-05, -0.00156716885976, -0.00116911937948, 0.00251081795432, -0.00427119387314, 0.00312362750992, -0.00210331822746, 0.00339738512412, -0.00937236379832, 0.0182241220027]], "mean": [-662.50592041, 93.9429016113, -19.0806427002, 38.6126899719, -18.1027030945, 6.10329341888, -5.92785072327, 5.59066534042, -7.75239706039, 4.29664945602, -10.2671298981, -0.748960018158, -7.51792383194]}, "pitch_salience": {"dmean": 0.0801075473428, "dmean2": 0.129646956921, "dvar": 0.00551251787692, "dvar2": 0.014110407792, "max": 0.878772318363, "mean": 0.570164144039, "median": 0.580373048782, "min": 0.145591571927, "var": 0.0165438521653}, "silence_rate_20dB": {"dmean": 0, "dmean2": 0, "dvar": 0, "dvar2": 0, "max": 1, "mean": 1, "median": 1, "min": 1, "var": 0}, "silence_rate_30dB": {"dmean": 0, "dmean2": 0, "dvar": 0, "dvar2": 0, "max": 1, "mean": 1, "median": 1, "min": 1, "var": 0}, "silence_rate_60dB": {"dmean": 0.0518913008273, "dmean2": 0.103796780109, "dvar": 0.0491940490901, "dvar2": 0.107781916857, "max": 1, "mean": 0.111551061273, "median": 0, "min": 0, "var": 0.0991135835648}, "spectral_centroid": {"dmean": 334.712219238, "dmean2": 499.38571167, "dvar": 135129.90625, "dvar2": 288053.6875, "max": 11554.9453125, "mean": 2138.75244141, "median": 2011.21936035, "min": 193.262237549, "var": 1325748.625}, "spectral_complexity": {"dmean": 3.62774825096, "dmean2": 5.30947828293, "dvar": 13.826590538, "dvar2": 27.2906665802, "max": 53, "mean": 16.1581096649, "median": 15, "min": 0, "var": 85.4404220581}, "spectral_contrast_coeffs": {"dmean": [0.0600618459284, 0.0496072992682, 0.041652392596, 0.0323571823537, 0.0266308318824, 0.0200192201883], "dmean2": [0.098132930696, 0.0809778943658, 0.0648476555943, 0.049401037395, 0.0399959906936, 0.0308688171208], "dvar": [0.00320671428926, 0.00157516729087, 0.00137610395905, 0.000887196802069, 0.000653348863125, 0.000393630645704], "dvar2": [0.00771184079349, 0.00406294828281, 0.00289755291305, 0.00178278004751, 0.00123912864365, 0.000830415287055], "max": [-0.304326117039, -0.37001311779, -0.467105865479, -0.505267977715, -0.516368985176, -0.503189325333], "mean": [-0.651567041874, -0.736537873745, -0.757507205009, -0.77476221323, -0.771757781506, -0.696014761925], "median": [-0.660035729408, -0.742871046066, -0.776807010174, -0.783371686935, -0.784829378128, -0.704429447651], "min": [-0.984055757523, -0.979462563992, -0.976267039776, -0.96943116188, -0.967953622341, -0.967210173607], "var": [0.00768400868401, 0.00590182840824, 0.00717767514288, 0.00534231541678, 0.00445226300508, 0.00257781101391]}, "spectral_contrast_valleys": {"dmean": [0.469908863306, 0.409904420376, 0.349012881517, 0.298021763563, 0.272688299417, 0.468562304974], "dmean2": [0.726812660694, 0.657797992229, 0.544030845165, 0.452016204596, 0.379382073879, 0.522444903851], "dvar": [0.173654615879, 0.161178693175, 0.123734809458, 0.102367959917, 0.0924553796649, 0.233365178108], "dvar2": [0.363881379366, 0.349180012941, 0.23919261992, 0.184275254607, 0.151701450348, 0.408173441887], "max": [-5.9631896019, -5.23830747604, -5.47422933578, -6.35260772705, -5.6452422142, -8.74221992493], "mean": [-8.29480838776, -7.33063793182, -7.72817277908, -8.11900806427, -7.51409006119, -10.6992206573], "median": [-8.06447982788, -7.14656639099, -7.54883766174, -7.94291305542, -7.28647994995, -10.4023971558], "min": [-28.2265853882, -28.1965732574, -27.7016544342, -27.6159133911, -27.4946117401, -27.3952503204], "var": [3.68434214592, 3.57619524002, 3.4334526062, 3.27531170845, 3.45780014992, 2.99295306206]}, "spectral_decrease": {"dmean": 1.12489673132e-09, "dmean2": 1.70600888971e-09, "dvar": 2.06692437986e-18, "dvar2": 4.91980475849e-18, "max": 1.18410118865e-17, "mean": -3.29380833719e-09, "median": -2.86445533959e-09, "min": -1.21641567929e-08, "var": 5.46274956896e-18}, "spectral_energy": {"dmean": 0.00464909896255, "dmean2": 0.00695278123021, "dvar": 3.40027327184e-05, "dvar2": 7.81260750955e-05, "max": 0.0498358756304, "mean": 0.0141906710342, "median": 0.0122454948723, "min": 9.96287349032e-21, "var": 0.000101654630271}, "spectral_energyband_high": {"dmean": 0.000562080123927, "dmean2": 0.000773500360083, "dvar": 1.68258304711e-06, "dvar2": 3.13572672894e-06, "max": 0.0262352433056, "mean": 0.00141941383481, "median": 0.000642371713184, "min": 6.94408269157e-21, "var": 7.11874463377e-06}, "spectral_energyband_low": {"dmean": 0.00128828245215, "dmean2": 0.00205762381665, "dvar": 7.5391617429e-06, "dvar2": 1.88422454812e-05, "max": 0.0365594923496, "mean": 0.00225393753499, "median": 0.000676566618495, "min": 2.03258027057e-23, "var": 1.31913420773e-05}, "spectral_energyband_middle_high": {"dmean": 0.00173460890073, "dmean2": 0.0024004643783, "dvar": 8.36685194372e-06, "dvar2": 1.39240937642e-05, "max": 0.0395350083709, "mean": 0.00500995060429, "median": 0.00269077764824, "min": 1.17264807174e-21, "var": 3.85899838875e-05}, "spectral_energyband_middle_low": {"dmean": 0.00307500245981, "dmean2": 0.00497627304867, "dvar": 2.50753582804e-05, "dvar2": 6.3266059442e-05, "max": 0.0449805520475, "mean": 0.00597066804767, "median": 0.00371131440625, "min": 2.02179029422e-22, "var": 4.09838830819e-05}, "spectral_entropy": {"dmean": 0.170377463102, "dmean2": 0.223724871874, "dvar": 0.0257087741047, "dvar2": 0.0421804636717, "max": 9.82321357727, "mean": 7.66558790207, "median": 7.68497943878, "min": 5.96773862839, "var": 0.154422163963}, "spectral_flux": {"dmean": 0.0216309204698, "dmean2": 0.033743686974, "dvar": 0.000521011359524, "dvar2": 0.00119586661458, "max": 0.213560968637, "mean": 0.066998206079, "median": 0.0593888945878, "min": 6.39332059515e-11, "var": 0.00143725762609}, "spectral_kurtosis": {"dmean": 1.45057559013, "dmean2": 2.48169803619, "dvar": 2.49555897713, "dvar2": 6.90792560577, "max": 23.3607025146, "mean": 2.27409934998, "median": 1.74706983566, "min": -1.25108516216, "var": 4.36051845551}, "spectral_rms": {"dmean": 0.000615589029621, "dmean2": 0.000889220566023, "dvar": 5.03594719703e-07, "dvar2": 1.09365350909e-06, "max": 0.0069728307426, "mean": 0.00343444524333, "median": 0.00345641793683, "min": 3.1176717024e-12, "var": 2.04911839319e-06}, "spectral_rolloff": {"dmean": 643.728759766, "dmean2": 1046.79760742, "dvar": 836543.625, "dvar2": 1752930, "max": 21856.2011719, "mean": 2578.68530273, "median": 2411.71875, "min": 86.1328125, "var": 4587038}, "spectral_skewness": {"dmean": 0.204341247678, "dmean2": 0.331669837236, "dvar": 0.0355980433524, "dvar2": 0.091856919229, "max": 3.68250584602, "mean": 0.794823884964, "median": 0.770639061928, "min": -0.349764853716, "var": 0.129992052913}, "spectral_spread": {"dmean": 448513.6875, "dmean2": 604808.5, "dvar": 361572958208, "dvar2": 612444798976, "max": 42364600, "mean": 4086038.5, "median": 3649126.5, "min": 1756739, "var": 10927817621500.0}, "spectral_strongpeak": {"dmean": 0.823072612