{"lowlevel": {"average_loudness": 0.908766746521, "barkbands": {"dmean": [1.54674125952e-05, 0.000613548385445, 0.000583459099289, 0.000322165287798, 0.000488329213113, 0.000227480239118, 0.000234145350987, 0.000203655159567, 0.000223837778321, 0.000338251586072, 0.000426882557804, 0.000415159505792, 0.000523042166606, 0.000686316750944, 0.000457778194686, 0.000748597842176, 0.000559586624149, 0.000321089231875, 0.000488829507958, 0.00020281522302, 0.00010410608229, 8.28653865028e-05, 4.44016404799e-05, 1.83393585758e-05, 2.31701378652e-05, 9.42358929024e-06, 2.72593274531e-06], "dmean2": [2.06461772905e-05, 0.000980744604021, 0.000940059311688, 0.000506765209138, 0.000736698915716, 0.000366005318938, 0.000364871113561, 0.000311159004923, 0.000345478125382, 0.0005087046884, 0.000633839052171, 0.000601085019298, 0.00074660818791, 0.00103788764682, 0.000693797017448, 0.00113058579154, 0.000863777531777, 0.000496662629303, 0.000760139198974, 0.000311162148137, 0.000157980670338, 0.000124087368022, 6.62169622956e-05, 2.72779216175e-05, 3.2679123251e-05, 1.22705150716e-05, 3.53116843144e-06], "dvar": [4.28837743094e-10, 6.01359658958e-07, 1.04993887362e-06, 2.95237754244e-07, 5.62701245599e-07, 1.57192118877e-07, 2.49129101348e-07, 4.14144381011e-07, 6.6227124762e-07, 1.18886623568e-06, 1.34282970521e-06, 1.51890139932e-06, 2.23265874411e-06, 2.77290178019e-06, 1.75511434009e-06, 2.96776511277e-06, 1.51222616296e-06, 7.95447760993e-07, 5.65097252547e-07, 1.39084761486e-07, 5.87167257038e-08, 5.24963681414e-08, 1.58975268505e-08, 2.31496777303e-09, 4.27966284633e-09, 6.99794444614e-10, 7.35563207566e-11], "dvar2": [7.09263925369e-10, 1.53881035203e-06, 2.6866018743e-06, 6.92307253303e-07, 1.23748577607e-06, 4.04987616776e-07, 5.47392914996e-07, 8.51549430081e-07, 1.311655069e-06, 2.52604991147e-06, 2.77923663816e-06, 2.92770278065e-06, 4.02410341849e-06, 5.48592606719e-06, 3.56808163815e-06, 6.31941884421e-06, 3.6249052755e-06, 2.13314160646e-06, 1.16952253393e-06, 3.09604644144e-07, 1.45621541492e-07, 1.17879260131e-07, 3.77053304135e-08, 5.43463096747e-09, 9.84501369317e-09, 1.34087108083e-09, 1.36162733866e-10], "max": [0.000379995151889, 0.00805460847914, 0.013402402401, 0.00848198216408, 0.0108431288972, 0.00572359142825, 0.0109997540712, 0.021042380482, 0.0304956436157, 0.0274429488927, 0.0278700906783, 0.0324270427227, 0.0369161851704, 0.0417615026236, 0.0552837029099, 0.0350689962506, 0.0350037254393, 0.0452049486339, 0.0300161335617, 0.00780480820686, 0.00810089800507, 0.00473589356989, 0.00419615767896, 0.00146571570076, 0.000992028857581, 0.000386622094084, 0.000129412554088], "mean": [3.34131618729e-05, 0.00123961106874, 0.00117016129661, 0.000654781644698, 0.000850329408422, 0.000357992394129, 0.000410500302678, 0.00035846879473, 0.000410155684222, 0.000578511389904, 0.000862088112626, 0.000824060640298, 0.00093060079962, 0.00120470812544, 0.000689782958943, 0.00128732109442, 0.000988887972198, 0.000551082892343, 0.000918042846024, 0.000397561700083, 0.000181074778084, 0.000131399283418, 7.12068358553e-05, 3.12371084874e-05, 3.29138347297e-05, 1.37880469993e-05, 3.6861802073e-06], "median": [1.68088772625e-05, 0.000870805175509, 0.000427250401117, 0.000305302732158, 0.000454337015981, 0.000187794939848, 0.000166041296325, 8.45003814902e-05, 8.03731018095e-05, 0.000154086999828, 0.000122975776321, 0.000180620685569, 0.000171216874151, 0.000422684359364, 0.000169198581716, 0.000490267353598, 0.000463664153358, 0.000314112752676, 0.000591318763327, 0.000173248947249, 6.4214647864e-05, 3.60072517651e-05, 1.75805216713e-05, 6.04925662628e-06, 4.59128250441e-06, 7.62180377478e-07, 1.19788722941e-07], "min": [1.2493428392e-23, 1.39125970491e-23, 8.64944488491e-24, 7.67184900812e-24, 2.86766842484e-23, 1.54138466834e-23, 5.14693906888e-23, 1.43196697866e-23, 1.87205827818e-23, 4.1678197439e-23, 2.12405626559e-23, 3.71876256687e-23, 5.19942450926e-23, 5.03246840955e-23, 8.83797664592e-23, 7.44650110867e-23, 8.9499084353e-23, 1.2589634397e-22, 1.92606713519e-22, 2.2323933105e-22, 4.05885975132e-22, 3.99813058826e-22, 4.8724840732e-22, 6.61902110762e-22, 1.0254393062e-21, 1.54173077002e-21, 2.03680361729e-21], "var": [2.27810992293e-09, 1.68979624959e-06, 2.55592203757e-06, 7.8943094195e-07, 1.14968213438e-06, 2.36664703834e-07, 5.48294849523e-07, 1.34525589601e-06, 2.72192210105e-06, 2.66323286269e-06, 4.1312941903e-06, 6.61120202494e-06, 7.2769066719e-06, 7.12584551366e-06, 4.37216567661e-06, 7.09356436346e-06, 3.17339527101e-06, 8.88649310582e-07, 1.37211122819e-06, 3.76733964913e-07, 1.0967759323e-07, 8.81353727777e-08, 2.6382796392e-08, 5.01399322062e-09, 6.38476649328e-09, 1.28230481788e-09, 1.25381593996e-10]}, "barkbands_crest": {"dmean": 2.29095005989, "dmean2": 3.66240859032, "dvar": 4.77060937881, "dvar2": 11.5896577835, "max": 26.3249530792, "mean": 8.51218032837, "median": 7.71937799454, "min": 2.11178207397, "var": 13.674747467}, "barkbands_flatness_db": {"dmean": 0.0192130226642, "dmean2": 0.0275664106011, "dvar": 0.000347980938386, "dvar2": 0.000753662257921, "max": 0.322466790676, "mean": 0.120154850185, "median": 0.117316380143, "min": 0.0230855625123, "var": 0.00178077933379}, "barkbands_kurtosis": {"dmean": 1.26744425297, "dmean2": 1.97235476971, "dvar": 12.3942060471, "dvar2": 31.6665096283, "max": 107.1352005, "mean": 0.457545369864, "median": -0.673033177853, "min": -1.88540995121, "var": 20.3928604126}, "barkbands_skewness": {"dmean": 0.455220937729, "dmean2": 0.670676887035, "dvar": 0.251084059477, "dvar2": 0.557995021343, "max": 10.0399093628, "mean": 0.100967802107, "median": 0.0145692145452, "min": -6.98814487457, "var": 1.11706340313}, "barkbands_spread": {"dmean": 5.93692016602, "dmean2": 8.87471389771, "dvar": 36.2234992981, "dvar2": 79.7162017822, "max": 105.07749176, "mean": 29.9132118225, "median": 30.3783512115, "min": 1.53554868698, "var": 170.416442871}, "dissonance": {"dmean": 0.0134121179581, "dmean2": 0.0223784632981, "dvar": 0.000226974894758, "dvar2": 0.000613844487816, "max": 0.499999046326, "mean": 0.477513641119, "median": 0.483260273933, "min": 0.308555662632, "var": 0.000398554373533}, "dynamic_complexity": 4.08848953247, "erbbands": {"dmean": [0.0147152841091, 0.154101967812, 0.572424471378, 0.90222710371, 1.21316897869, 1.8830769062, 1.87370228767, 1.83510506153, 3.1570622921, 3.76623821259, 4.10054636002, 5.17357826233, 7.95075511932, 11.9906873703, 17.7091236115, 14.9999036789, 21.3811836243, 27.0673141479, 28.1684513092, 30.687084198, 29.57903862, 33.3485794067, 18.6351146698, 24.634803772, 15.5703401566, 8.1768913269, 4.93086481094, 3.98168826103, 2.92400932312, 2.10272979736, 1.16800665855, 0.481792658567, 0.274784564972, 0.262393563986, 0.169279381633, 0.0445987991989, 0.0180399753153, 0.00444596074522, 0.000483891490148, 1.63786007761e-05], "dmean2": [0.0219227131456, 0.250291705132, 0.922659993172, 1.41958701611, 1.92237019539, 2.84728527069, 2.81877064705, 2.96699261665, 4.95225143433, 5.76758241653, 6.21472978592, 7.85677480698, 11.9373865128, 16.8403911591, 25.8045387268, 20.9500579834, 29.7025375366, 39.1766281128, 41.8641281128, 45.634853363, 44.6259536743, 51.7239112854, 28.13580513, 38.858959198, 23.6756401062, 12.4784955978, 7.42046117783, 5.99353408813, 4.37042760849, 3.14594459534, 1.74134528637, 0.725671470165, 0.406018942595, 0.380001187325, 0.244650289416, 0.0593179538846, 0.0239588655531, 0.0057462900877, 0.000629381393082, 2.08897181437e-05], "dvar": [0.000441290903836, 0.0386417843401, 0.943855881691, 2.27522110939, 4.0764670372, 10.11024189, 8.72463798523, 11.4964227676, 36.8695640564, 138.149108887, 153.736907959, 400.368408203, 554.984191895, 1549.45605469, 2228.78051758, 2156.95263672, 3537.92016602, 5609.81445313, 4162.35302734, 5291.55273438, 5033.83203125, 4579.5625, 2936.54467773, 1742.04626465, 1161.15881348, 237.357894897, 159.114944458, 78.3169174194, 59.6205711365, 32.6395568848, 10.9535427094, 1.61827158928, 0.532572925091, 0.628192603588, 0.241434618831, 0.0137187056243, 0.00283450004645, 0.000185998345842, 2.31758826885e-06, 1.50895385076e-09], "dvar2": [0.000960107776336, 0.101043485105, 2.36128211021, 5.57506799698, 9.90770339966, 22.4542160034, 18.6990604401, 30.7611999512, 84.2392501831, 310.189056396, 311.027801514, 770.176269531, 1172.36486816, 2975.9597168, 4723.33349609, 4072.96313477, 6222.56005859, 11103.2919922, 7592.59423828, 10876.7626953, 10935.2050781, 10712.4345703, 7403.7265625, 3903.7980957, 2408.58081055, 555.43182373, 404.49331665, 182.90145874, 133.93196106, 73.9743881226, 25.6176109314, 3.83642983437, 1.24803924561, 1.4846214056, 0.565405786037, 0.0272467788309, 0.00555979600176, 0.000348106230376, 4.3566592467e-06, 2.80855116941e-09], "max": [0.307628631592, 2.30417513847, 12.5557069778, 21.4648132324, 37.5256347656, 37.8200416565, 35.6447563171, 53.9989471436, 186.907485962, 265.145812988, 496.25402832, 903.933837891, 550.010131836, 1027.36291504, 1104.3404541, 1551.26647949, 1744.99108887, 1932.63952637, 2525.95605469, 1882.74450684, 1750.3795166, 2113.06201172, 3151.2043457, 1494.85351563, 1867.46899414, 415.007659912, 539.769714355, 185.434387207, 173.360992432, 145.297790527, 108.710601807, 34.7667694092, 20.8332080841, 14.5304670334, 9.97676181793, 1.7314479351, 0.830508768559, 0.190836980939, 0.0252684820443, 0.000664496503305], "mean": [0.0315529704094, 0.303135484457, 1.20412111282, 1.9706401825, 2.36567854881, 2.89829421043, 3.03966283798, 2.96454429626, 5.63842153549, 7.22092199326, 6.8238658905, 9.67194366455, 14.8098917007, 22.6361045837, 36.8326568604, 33.5799331665, 42.6485824585, 52.1441383362, 52.6932029724, 56.0335845947, 53.6403312683, 59.9251747131, 35.8863487244, 47.1548233032, 32.1114044189, 17.2234477997, 9.41276168823, 6.71151447296, 4.68325090408, 3.3717007637, 1.88882184029, 0.816573023796, 0.458330094814, 0.376243472099, 0.228165641427, 0.0655238628387, 0.0258874632418, 0.00621888460591, 0.000657425669488, 3.68096516468e-05], "median": [0.0137948105112, 0.22800527513, 0.571556150913, 1.06939399242, 1.20086419582, 1.39756047726, 1.5221581459, 1.6813133955, 2.50681781769, 1.8882727623, 2.11598849297, 2.15305781364, 4.5895524025, 4.81825065613, 7.38680696487, 8.48812866211, 10.9239473343, 16.6930961609, 22.5288352966, 23.1033859253, 23.5596961975, 31.0395126343, 21.3272132874, 30.6689071655, 19.8525218964, 7.96097135544, 3.62425088882, 2.46148085594, 1.37993860245, 0.828145444393, 0.45678409934, 0.167761579156, 0.0821935907006, 0.0546963401139, 0.030253611505, 0.00549404369667, 0.00114449730609, 0.000210681915632, 3.34833966917e-05, 2.0641116862e-05], "min": [3.40585760715e-22, 1.0626763682e-21, 8.2455035592e-21, 2.44282186861e-20, 4.43624038784e-20, 9.3885800856e-20, 1.44190182348e-19, 1.69331897626e-19, 5.17467802697e-19, 7.59281026683e-19, 4.69436112863e-19, 4.67267658888e-19, 1.18861025357e-18, 1.39915398245e-18, 1.47792814994e-18, 2.30191791328e-18, 3.00058009445e-18, 3.30314787327e-18, 3.9845786415e-18, 5.14876711127e-18, 4.59217961096e-18, 5.90385521113e-18, 8.07889437179e-18, 1.0406422624e-17, 9.62546651846e-18, 1.11696936081e-17, 1.49127115225e-17, 1.59047790096e-17, 1.45453506863e-17, 1.48458422418e-17, 1.18452569774e-17, 1.07608571088e-17, 1.10400735789e-17, 1.06205044112e-17, 7.05808153119e-18, 4.6975839277e-18, 2.55780003192e-18, 8.81865109259e-19, 2.26851387861e-19, 3.19370363227e-20], "var": [0.00174347765278, 0.0944640859962, 2.5100748539, 6.30232429504, 9.65255641937, 16.3449172974, 16.6869659424, 16.259803772, 89.0828094482, 395.31640625, 346.377380371, 1785.42993164, 1493.5324707, 3891.76708984, 7153.75439453, 11625.4775391, 12810.7109375, 13910.8007813, 12503.8046875, 13017.8085938, 10583.5859375, 10051.6835938, 4016.21972656, 3795.09448242, 2436.92602539, 651.126342773, 277.831115723, 152.400314331, 106.30620575, 58.0564918518, 19.308473587, 3.28487682343, 1.16331088543, 0.91150534153, 0.320449531078, 0.0254444740713, 0.00495437672362, 0.000322639360093, 3.90039303966e-06, 3.03330249807e-09]}, "erbbands_crest": {"dmean": 2.96351957321, "dmean2": 4.71358633041, "dvar": 8.25643539429, "dvar2": 19.5241699219, "max": 30.9497089386, "mean": 10.5863523483, "median": 9.35565376282, "min": 2.78863072395, "var": 23.817276001}, "erbbands_flatness_db": {"dmean": 0.0207891687751, "dmean2": 0.0294980369508, "dvar": 0.000402335572289, "dvar2": 0.000758941518143, "max": 0.398111253977, "mean": 0.195071399212, "median": 0.193161711097, "min": 0.0457264408469, "var": 0.00263767363504}, "erbbands_kurtosis": {"dmean": 1.36152458191, "dmean2": 2.09907627106, "dvar": 3.06533718109, "dvar2": 6.85904169083, "max": 50.4652633667, "mean": 1.73958182335, "median": 1.05249369144, "min": -1.69751989841, "var": 7.75992584229}, "erbbands_skewness": {"dmean": 0.393161863089, "dmean2": 0.573777675629, "dvar": 0.131762519479, "dvar2": 0.279852032661, "max": 3.34991884232, "mean": -0.596984922886, "median": -0.618764519691, "min": -6.34728622437, "var": 0.691335260868}, "erbbands_spread": {"dmean": 5.81499910355, "dmean2": 8.70606613159, "dvar": 39.8784408569, "dvar2": 85.8201599121, "max": 93.6628036499, "mean": 23.7375946045, "median": 21.331697464, "min": 1.15270829201, "var": 156.012863159}, "gfcc": {"cov": [[14297.078125, 354.245849609, -503.323120117, 374.017822266, -759.854736328, -106.377494812, -179.742385864, -48.1175460815, -159.440673828, -109.470100403, -215.545288086, -42.851108551, -131.493453979], [354.245849609, 1404.27185059, -45.1027107239, 71.4732971191, 206.826278687, -125.951423645, 48.9692687988, -81.8308868408, 26.0552406311, -109.647438049, 50.1759033203, -135.091796875, 13.1864271164], [-503.323120117, -45.1027107239, 927.983154297, 117.728622437, -14.3183031082, 43.5080223083, -42.4782409668, 37.5382728577, 2.95957756042, 66.0941390991, -90.7727890015, 12.9345254898, -100.423126221], [374.017822266, 71.4732971191, 117.728622437, 329.216461182, 15.6959810257, 24.9884490967, -1.65940499306, 29.5979328156, 57.1219558716, -15.5145454407, -3.95755982399, -16.1904735565, -13.5340881348], [-759.854736328, 206.826278687, -14.3183031082, 15.6959810257, 389.486450195, 27.7740497589, 56.0804023743, 41.3723907471, 26.1048545837, -13.9553775787, 17.7552013397, 0.579942345619, -3.64890909195], [-106.377494812, -125.951423645, 43.5080223083, 24.9884490967, 27.7740497589, 221.31892395, 76.2271118164, -8.5136756897, -7.62633419037, 23.3160972595, 9.99276351929, 2.53558182716, 1.22631502151], [-179.742385864, 48.9692687988, -42.4782409668, -1.65940499306, 56.0804023743, 76.2271118164, 187.187637329, 53.333026886, 3.69522213936, 13.2489967346, 24.1563949585, -11.9645185471, 0.726008176804], [-48.1175460815, -81.8308868408, 37.5382728577, 29.5979328156, 41.3723907471, -8.5136756897, 53.333026886, 154.960678101, 69.9799346924, 11.6466388702, -8.0439825058, 20.064031601, -14.722577095], [-159.440673828, 26.0552406311, 2.95957756042, 57.1219558716, 26.1048545837, -7.62633419037, 3.69522213936, 69.9799346924, 137.785064697, 27.2554359436, -1.19111251831, 1.17552423477, -0.520391762257], [-109.470100403, -109.647438049, 66.0941390991, -15.5145454407, -13.9553775787, 23.3160972595, 13.2489967346, 11.6466388702, 27.2554359436, 111.807746887, 30.3485641479, 5.51954889297, -11.6511249542], [-215.545288086, 50.1759033203, -90.7727890015, -3.95755982399, 17.7552013397, 9.99276351929, 24.1563949585, -8.0439825058, -1.19111251831, 30.3485641479, 116.982215881, 27.2493801117, 7.69869184494], [-42.851108551, -135.091796875, 12.9345254898, -16.1904735565, 0.579942345619, 2.53558182716, -11.9645185471, 20.064031601, 1.17552423477, 5.51954889297, 27.2493801117, 104.462966919, 24.6698646545], [-131.493453979, 13.1864271164, -100.423126221, -13.5340881348, -3.64890909195, 1.22631502151, 0.726008176804, -14.722577095, -0.520391762257, -11.6511249542, 7.69869184494, 24.6698646545, 95.4644851685]], "icov": [[0.000119289798022, -0.000191704617464, 0.000248925876804, -0.000248302210821, 0.000303881504806, -0.000153642555233, 0.00018255446048, -0.000268117233645, 0.000420389464125, -0.000370124937035, 0.000569853174966, -0.000424271711381, 0.000409099069657], [-0.000191704617464, 0.00176331459079, -0.000900446379092, 0.000418358104071, -0.00116666802205, 0.00145374401473, -0.00125204061624, 0.00187371659558, -0.00187396095134, 0.00251450692303, -0.00257068523206, 0.0027260875795, -0.00136079720687], [0.000248925876804, -0.000900446379092, 0.00234456546605, -0.00121985003352, 0.000785573094618, -0.00100393372122, 0.00107899808791, -0.0012784472201, 0.00196566758677, -0.00290329451673, 0.00347234332003, -0.00254892837256, 0.00263325730339], [-0.000248302210821, 0.000418358104071, -0.00121985003352, 0.00430389633402, -0.000557217630558, -0.000282190711005, -0.000104098682641, 0.000370117137209, -0.0027666373644, 0.00255787209608, -0.00235757580958, 0.00194250571076, -0.00104740390088], [0.000303881504806, -0.00116666802205, 0.000785573094618, -0.000557217630558, 0.00389685085975, -0.0011918238597, 0.000307568261633, -0.0017731700791, 0.00109889742453, -0.000955179391894, 0.00158227630891, -0.00190642138477, 0.00147002737503], [-0.000153642555233, 0.00145374401473, -0.00100393372122, -0.000282190711005, -0.0011918238597, 0.00706101348624, -0.00397682981566, 0.0033369679004, -0.00149796251208, 0.000926989072468, -0.00154409883544, 0.00129137653857, -0.00120412895922], [0.00018255446048, -0.00125204061624, 0.00107899808791, -0.000104098682641, 0.000307568261633, -0.00397682981566, 0.00935450568795, -0.00572221446782, 0.00327352783643, -0.00218003499322, 0.000127608291223, 0.000556969316676, 0.000251454417594], [-0.000268117233645, 0.00187371659558, -0.0012784472201, 0.000370117137209, -0.0017731700791, 0.0033369679004, -0.00572221446782, 0.0135512854904, -0.00757629377767, 0.00292809214443, -0.000874457065947, -0.000806559284683, 0.000697274750564], [0.000420389464125, -0.00187396095134, 0.00196566758677, -0.0027666373644, 0.00109889742453, -0.00149796251208, 0.00327352783643, -0.00757629377767, 0.0139999808744, -0.0064263176173, 0.00402390630916, -0.00214364076965, 0.000902823754586], [-0.000370124937035, 0.00251450692303, -0.00290329451673, 0.00255787209608, -0.000955179391894, 0.000926989072468, -0.00218003499322, 0.00292809214443, -0.0064263176173, 0.0162090454251, -0.00849980954081, 0.00487530138344, -0.00176005100366], [0.000569853174966, -0.00257068523206, 0.00347234332003, -0.00235757580958, 0.00158227630891, -0.00154409883544, 0.000127608291223, -0.000874457065947, 0.00402390630916, -0.00849980954081, 0.0171231217682, -0.00874508824199, 0.00426653400064], [-0.000424271711381, 0.0027260875795, -0.00254892837256, 0.00194250571076, -0.00190642138477, 0.00129137653857, 0.000556969316676, -0.000806559284683, -0.00214364076965, 0.00487530138344, -0.00874508824199, 0.0173900220543, -0.0067903068848], [0.000409099069657, -0.00136079720687, 0.00263325730339, -0.00104740390088, 0.00147002737503, -0.00120412895922, 0.000251454417594, 0.000697274750564, 0.000902823754586, -0.00176005100366, 0.00426653400064, -0.0067903068848, 0.0152261694893]], "mean": [-39.942779541, 78.6841201782, -152.789764404, 41.6862030029, -32.6064949036, 9.05760383606, -33.1736373901, 5.88163852692, -23.9358005524, 0.655283987522, -12.7126045227, -0.00507237622514, -10.6807222366]}, "hfc": {"dmean": 6.51752328873, "dmean2": 8.78586387634, "dvar": 70.8263168335, "dvar2": 130.270584106, "max": 152.46383667, "mean": 22.5513191223, "median": 17.2955169678, "min": 1.1220322521e-16, "var": 399.401306152}, "melbands": {"dmean": [0.000152064065333, 0.000253019126831, 0.000157969509019, 0.000105942999653, 7.26896978449e-05, 4.3044823542e-05, 4.62470889033e-05, 4.2406591092e-05, 3.53269679181e-05, 3.27662419295e-05, 4.22809462179e-05, 5.01077629451e-05, 5.73745383008e-05, 4.26544975198e-05, 4.77630674141e-05, 5.4283249483e-05, 5.6603064877e-05, 5.53714380658e-05, 3.39901198458e-05, 6.42756131128e-05, 2.98069371638e-05, 3.90251807403e-05, 2.19016419578e-05, 1.6289006453e-05, 2.31535123021e-05, 1.7041056708e-05, 9.40070367506e-06, 5.55312226425e-06, 3.86062674806e-06, 2.62309845311e-06, 2.37077938436e-06, 1.86774468602e-06, 1.39450457937e-06, 1.1315160009e-06, 8.21798550987e-07, 3.81183696163e-07, 2.70653146117e-07, 2.01201117989e-07, 1.8468544738e-07, 2.38640097905e-07], "dmean2": [0.000237473417656, 0.000409264233895, 0.000247015035711, 0.000163316290127, 0.000107019630377, 6.92867979524e-05, 7.23796838429e-05, 6.44576430204e-05, 5.34474456799e-05, 5.00498863403e-05, 6.35880496702e-05, 7.07024300937e-05, 8.34476595628e-05, 6.07624133409e-05, 6.72775058774e-05, 7.61358824093e-05, 8.283736679e-05, 8.23584050522e-05, 5.02208677062e-05, 9.67527230387e-05, 4.50375737273e-05, 6.08207665209e-05, 3.35985205311e-05, 2.47829138971e-05, 3.70417619706e-05, 2.64000682364e-05, 1.42732496897e-05, 8.55965936353e-06, 5.97940288571e-06, 4.06730760005e-06, 3.61270326721e-06, 2.85197756966e-06, 2.12968802771e-06, 1.7213742467e-06, 1.25567680698e-06, 5.77795901791e-07, 4.18017009451e-07, 3.07955502876e-07, 2.69187808044e-07, 3.52881926347e-07], "dvar": [3.92659131876e-08, 1.51309038188e-07, 6.16681745669e-08, 2.76428586687e-08, 1.38177975728e-08, 5.73872149801e-09, 7.97028398836e-09, 1.79325709837e-08, 1.13012310621e-08, 1.69825575824e-08, 1.60455950748e-08, 2.74173128645e-08, 2.34044410519e-08, 1.57015982438e-08, 2.09990425049e-08, 2.66005422134e-08, 2.706471669e-08, 1.61533755261e-08, 1.10698987754e-08, 2.21423483993e-08, 6.34505825658e-09, 7.14873538143e-09, 3.00993874269e-09, 2.13755080303e-09, 1.78561976316e-09, 9.26164145376e-10, 3.81410819594e-10, 1.25823892971e-10, 1.19086115968e-10, 3.31925598118e-11, 3.34949880332e-11, 2.5972871423e-11, 1.52499141787e-11, 9.74034394807e-12, 5.49913500153e-12, 1.10643699064e-12, 5.21495444484e-13, 3.11047709941e-13, 2.52122053703e-13, 5.82863510061e-13], "dvar2": [9.57084935749e-08, 3.84588815905e-07, 1.49868697008e-07, 6.54838814285e-08, 2.78052958436e-08, 1.52483128346e-08, 1.78873165169e-08, 3.96148216453e-08, 2.30050876127e-08, 3.25685292069e-08, 3.37703376374e-08, 5.32332400383e-08, 4.9576303951e-08, 2.95848892051e-08, 3.55251010831e-08, 4.86819544676e-08, 5.28830277347e-08, 2.9629720899e-08, 2.10446362559e-08, 4.63193785549e-08, 1.36928006711e-08, 1.68714535675e-08, 6.31169827514e-09, 5.77658987311e-09, 4.18510515132e-09, 2.0110828558e-09, 7.94497467815e-10, 3.01563995997e-10, 3.13976955546e-10, 7.87338944042e-11, 7.90589052557e-11, 6.12053741023e-11, 3.41504290124e-11, 2.32714195136e-11, 1.30204692514e-11, 2.60680344498e-12, 1.28581487905e-12, 7.6814417457e-13, 5.74482302007e-13, 1.40381705826e-12], "max": [0.00240189395845, 0.00506701646373, 0.00311898905784, 0.00261442176998, 0.00157106248662, 0.00118073704652, 0.00263017928228, 0.00335144461133, 0.00340207736008, 0.00584870856255, 0.00283722463064, 0.00414480874315, 0.00303183449432, 0.00428774114698, 0.0055143237114, 0.00458350637928, 0.00443268148229, 0.00456387456506, 0.00487786019221, 0.00373990880325, 0.00194771052338, 0.00283994269557, 0.0022065686062, 0.00247627100907, 0.00154712342191, 0.00137530930806, 0.000573484285269, 0.000321584317135, 0.000481400435092, 0.000132676053909, 0.000120108728879, 0.000109442538815, 9.91452980088e-05, 8.49983043736e-05, 7.3732691817e-05, 2.5909019314e-05, 2.14514693653e-05, 1.70530820469e-05, 1.43384604598e-05, 1.44594296216e-05], "mean": [0.000313872180413, 0.000559503037948, 0.000356588192517, 0.000189272192074, 0.000116663788504, 7.08919033059e-05, 8.23010195745e-05, 8.07173273643e-05, 5.53802492504e-05, 6.16049073869e-05, 7.60929106036e-05, 8.99323422345e-05, 0.000116711416922, 8.56773040141e-05, 9.70186374616e-05, 9.83320787782e-05, 0.000100072131318, 9.53456037678e-05, 5.2123243222e-05, 0.000110392313218, 4.65777957288e-05, 6.56724150758e-05, 3.75438648916e-05, 2.85632650048e-05, 4.05036080338e-05, 3.06202018692e-05, 1.70504190464e-05, 1.02935910036e-05, 6.62980755806e-06, 4.3440418267e-06, 3.64479569726e-06, 2.7578623758e-06, 2.19397043111e-06, 1.70555483692e-06, 1.23969232391e-06, 6.14507428054e-07, 4.40204416918e-07, 3.24413377939e-07, 2.80906760963e-07, 3.26101911696e-07], "median": [0.000198711728444, 0.000340378232067, 0.000236336039961, 0.000104136976006, 5.81616077397e-05, 4.10018765251e-05, 3.57997960236e-05, 1.82577932719e-05, 1.51206986629e-05, 1.11268336696e-05, 2.16159132833e-05, 1.68491551449e-05, 2.00525337277e-05, 1.59060818987e-05, 2.2277030439e-05, 1.51931581058e-05, 2.90292482532e-05, 3.76164753106e-05, 1.27462553792e-05, 3.87049549317e-05, 1.5773510313e-05, 3.25746186718e-05, 1.60931340361e-05, 1.60330710059e-05, 2.44520633714e-05, 1.87184195966e-05, 6.59014222038e-06, 4.0825166252e-06, 2.24610175792e-06, 1.47007358464e-06, 1.2313823845e-06, 7.82051074566e-07, 4.90386923957e-07, 4.25793871273e-07, 2.91616032655e-07, 1.27086281054e-07, 8.15864211745e-08, 5.62821078631e-08, 4.29724025253e-08, 4.28598347924e-08], "min": [5.42810021844e-24, 4.13182110201e-24, 5.91456549514e-24, 5.48661121507e-24, 4.8714318432e-24, 3.73388495154e-24, 8.71771764082e-24, 7.46515719576e-24, 3.06520069434e-24, 2.98553560367e-24, 5.81390881578e-24, 4.97130676139e-24, 3.91683362837e-24, 5.68703394981e-24, 7.16124143227e-24, 5.32060805934e-24, 6.08411655279e-24, 6.54290622235e-24, 7.06845324602e-24, 5.38588393266e-24, 5.15510070269e-24, 5.18774534467e-24, 5.47388294436e-24, 6.68655542661e-24, 7.81662391689e-24, 6.77645717081e-24, 6.6484652778e-24, 6.49845824908e-24, 9.25415488928e-24, 7.9472813709e-24, 9.8270367227e-24, 7.79590369635e-24, 5.35728654156e-24, 8.86075232243e-24, 5.94518473674e-24, 8.23277565452e-24, 5.81354278432e-24, 7.30873554458e-24, 7.41535798453e-24, 7.92185165076e-24], "var": [1.23646316297e-07, 4.15479263438e-07, 1.62872112242e-07, 5.63444757518e-08, 2.56078784844e-08, 8.53336334927e-09, 1.91852880249e-08, 5.85693804567e-08, 2.28744649888e-08, 7.98479433683e-08, 4.23661887794e-08, 6.60682886178e-08, 7.18395583021e-08, 5.76119560947e-08, 1.07955081319e-07, 8.88680773414e-08, 6.44335571565e-08, 4.52085444635e-08, 3.06076017864e-08, 5.6710003804e-08, 1.20588756758e-08, 1.39039526559e-08, 6.42166408937e-09, 2.35755948097e-09, 3.34168825944e-09, 1.85542448072e-09, 9.15568509896e-10, 2.9374835897e-10, 1.76617234726e-10, 6.79104480983e-11, 5.32761577909e-11, 3.91313509374e-11, 2.85858576393e-11, 1.49629562213e-11, 8.81350201154e-12, 2.03320498458e-12, 1.03464361644e-12, 6.34797336224e-13, 4.81791635667e-13, 7.5679550517e-13]}, "melbands_crest": {"dmean": 2.93643260002, "dmean2": 4.65850973129, "dvar": 7.71942281723, "dvar2": 18.8246612549, "max": 38.2946662903, "mean": 12.0067338943, "median": 11.2587604523, "min": 1.09274709225, "var": 22.2881813049}, "melbands_flatness_db": {"dmean": 0.0233663842082, "dmean2": 0.033304605633, "dvar": 0.000500209978782, "dvar2": 0.0010537719354, "max": 0.456335842609, "mean": 0.160537913442, "median": 0.157604157925, "min": 0.000722573080566, "var": 0.00275339698419}, "melbands_kurtosis": {"dmean": 2.41260695457, "dmean2": 3.67958235741, "dvar": 32.3625907898, "dvar2": 70.2334518433, "max": 143.849868774, "mean": 2.60475420952, "median": 0.376162797213, "min": -1.87876975536, "var": 66.8676147461}, "melbands_skewness": {"dmean": 0.549852967262, "dmean2": 0.800165176392, "dvar": 0.350177794695, "dvar2": 0.703733444214, "max": 10.4833698273, "mean": 1.07489871979, "median": 0.922740340233, "min": -5.15167713165, "var": 1.7669314146}, "melbands_spread": {"dmean": 10.4596319199, "dmean2": 15.7323541641, "dvar": 114.668205261, "dvar2": 241.484741211, "max": 181.183853149, "mean": 47.4714164734, "median": 46.8492927551, "min": 1.12675833702, "var": 450.578582764}, "mfcc": {"cov": [[9825.12207031, 339.764984131, -275.390991211, 350.182220459, -373.274536133, -60.3888320923, -147.141052246, 25.339056015, -77.5274963379, -71.2585906982, -89.0838928223, -5.63157367706, 107.002258301], [339.764984131, 1350.75378418, -175.09262085, 204.661911011, 135.820953369, -2.53742742538, 46.5336837769, 0.552764296532, -31.5476150513, 1.74572658539, 26.3441352844, -54.5345878601, -69.5747833252], [-275.390991211, -175.09262085, 796.406188965, 52.8334083557, -0.265341967344, 51.0732803345, -57.8700523376, -38.7794799805, 25.7003746033, 21.1495552063, 37.9907913208, 11.826622963, -17.6282234192], [350.182220459, 204.661911011, 52.8334083557, 280.09765625, 88.0352859497, -15.0342006683, -14.0222482681, 35.7326545715, 18.1426582336, 21.320980072, 20.4349784851, 6.03622674942, 2.04847168922], [-373.274536133, 135.820953369, -0.265341967344, 88.0352859497, 234.983078003, 32.845123291, 1.7474937439, 40.1269187927, 18.096370697, 6.04558801651, 31.5368766785, -18.6072998047, -14.3384170532], [-60.3888320923, -2.53742742538, 51.0732803345, -15.0342006683, 32.845123291, 177.771392822, 67.505531311, 3.50934720039, 7.52083826065, 11.4259090424, 10.3822526932, -6.08902740479, -2.61230158806], [-147.141052246, 46.5336837769, -57.8700523376, -14.0222482681, 1.7474937439, 67.505531311, 178.825027466, 34.8166656494, -3.59356069565, 18.7700042725, -1.61701905727, 15.6776409149, 15.8007297516], [25.339056015, 0.552764296532, -38.7794799805, 35.7326545715, 40.1269187927, 3.50934720039, 34.8166656494, 152.01725769, 40.7535667419, 2.36844730377, 28.0936546326, 0.190586552024, 15.1861362457], [-77.5274963379, -31.5476150513, 25.7003746033, 18.1426582336, 18.096370697, 7.52083826065, -3.59356069565, 40.7535667419, 122.336601257, 45.8594589233, 6.8604798317, 1.69876015186, 0.61278617382], [-71.2585906982, 1.74572658539, 21.1495552063, 21.320980072, 6.04558801651, 11.4259090424, 18.7700042725, 2.36844730377, 45.8594589233, 112.134735107, 29.6715812683, 10.0336055756, -6.20926475525], [-89.0838928223, 26.3441352844, 37.9907913208, 20.4349784851, 31.5368766785, 10.3822526932, -1.61701905727, 28.0936546326, 6.8604798317, 29.6715812683, 119.26448822, 23.4771327972, -0.557694792747], [-5.63157367706, -54.5345878601, 11.826622963, 6.03622674942, -18.6072998047, -6.08902740479, 15.6776409149, 0.190586552024, 1.69876015186, 10.0336055756, 23.4771327972, 108.954330444, 51.3333053589], [107.002258301, -69.5747833252, -17.6282234192, 2.04847168922, -14.3384170532, -2.61230158806, 15.8007297516, 15.1861362457, 0.61278617382, -6.20926475525, -0.557694792747, 51.3333053589, 114.756538391]], "icov": [[0.000131825654535, -2.91988471872e-05, 6.47867782391e-05, -0.000260748609435, 0.000341569451848, -0.000136223257869, 0.000187117693713, -9.23101397348e-05, 8.16590691102e-05, 2.78820461972e-05, 4.86293356516e-05, 7.06260179868e-05, -0.000130269225338], [-2.91988471872e-05, 0.000984248355962, 0.000241501751589, -0.000691988039762, -0.000352022703737, 0.000133927766001, -0.000469872931717, 0.000392763031414, 0.000139510331792, 0.000154600274982, -0.000325123779476, 0.000334959418979, 0.000501398346387], [6.47867782391e-05, 0.000241501751589, 0.00152326235548, -0.000670337001793, 0.000325069064274, -0.000722015858628, 0.000575463229325, 0.000467442616355, -0.000265354145085, 8.78320570337e-05, -0.00048752897419, -9.43317863857e-05, 0.000261053442955], [-0.000260748609435, -0.000691988039762, -0.000670337001793, 0.00545243406668, -0.00212039379403, 0.000886977475602, 0.000255178107182, -0.000947894179262, -2.83545778075e-05, -0.00109272892587, 0.00037975833402, -0.000811344012618, -0.000225349547691], [0.000341569451848, -0.000352022703737, 0.000325069064274, -0.00212039379403, 0.00641577597708, -0.00160455272999, 0.000916905817576, -0.00108950561844, -0.000241228903178, 0.000521864974871, -0.00101152481511, 0.00101619830821, -9.10560120246e-05], [-0.000136223257869, 0.000133927766001, -0.000722015858628, 0.000886977475602, -0.00160455272999, 0.00754571333528, -0.00345527357422, 0.000996984657831, -0.000725679856259, 0.000168444923474, -0.00074146053521, 0.000882670108695, 1.11238969112e-05], [0.000187117693713, -0.000469872931717, 0.000575463229325, 0.000255178107182, 0.000916905817576, -0.00345527357422, 0.00833848305047, -0.00267367670313, 0.00177745404653, -0.00210364931263, 0.00151141791139, -0.0013995426707, -0.000623820116743], [-9.23101397348e-05, 0.000392763031414, 0.000467442616355, -0.000947894179262, -0.00108950561844, 0.000996984657831, -0.00267367670313, 0.00941209215671, -0.00376042560674, 0.00233876612037, -0.00283811660483, 0.00138866435736, -0.00106625817716], [8.16590691102e-05, 0.000139510331792, -0.000265354145085, -2.83545778075e-05, -0.000241228903178, -0.000725679856259, 0.00177745404653, -0.00376042560674, 0.0115636875853, -0.00521786184981, 0.00185153493658, -0.000316204706905, -1.92140851141e-05], [2.78820461972e-05, 0.000154600274982, 8.78320570337e-05, -0.00109272892587, 0.000521864974871, 0.000168444923474, -0.00210364931263, 0.00233876612037, -0.00521786184981, 0.0124748535454, -0.00333103374578, -0.000274790043477, 0.000959509517998], [4.86293356516e-05, -0.000325123779476, -0.00048752897419, 0.00037975833402, -0.00101152481511, -0.00074146053521, 0.00151141791139, -0.00283811660483, 0.00185153493658, -0.00333103374578, 0.010936290957, -0.0030761398375, 0.00093913206365], [7.06260179868e-05, 0.000334959418979, -9.43317863857e-05, -0.000811344012618, 0.00101619830821, 0.000882670108695, -0.0013995426707, 0.00138866435736, -0.000316204706905, -0.000274790043477, -0.0030761398375, 0.0131703745574, -0.00562633154914], [-0.000130269225338, 0.000501398346387, 0.000261053442955, -0.000225349547691, -9.10560120246e-05, 1.11238969112e-05, -0.000623820116743, -0.00106625817716, -1.92140851141e-05, 0.000959509517998, 0.00093913206365, -0.00562633154914, 0.0119729256257]], "mean": [-671.264160156, 105.244468689, -42.6823654175, 35.1579933167, 11.838095665, 10.2328081131, 4.31394577026, 5.78157281876, -3.52915430069, 0.324117720127, 0.783575773239, -4.57904672623, 0.759044706821]}, "pitch_salience": {"dmean": 0.069305382669, "dmean2": 0.106471762061, "dvar": 0.00379135506228, "dvar2": 0.00902409292758, "max": 0.996059894562, "mean": 0.543734312057, "median": 0.54099625349, "min": 0.0561071373522, "var": 0.01143856626}, "silence_rate_20dB": {"dmean": 0, "dmean2": 0, "dvar": 0, "dvar2": 0, "max": 1, "mean": 1, "median": 1, "min": 1, "var": 0}, "silence_rate_30dB": {"dmean": 0, "dmean2": 0, "dvar": 0, "dvar2": 0, "max": 1, "mean": 1, "median": 1, "min": 1, "var": 0}, "silence_rate_60dB": {"dmean": 0.0371057502925, "dmean2": 0.0742213353515, "dvar": 0.035726223141, "dvar2": 0.0814369171858, "max": 1, "mean": 0.114747583866, "median": 0, "min": 0, "var": 0.101575642824}, "spectral_centroid": {"dmean": 248.972900391, "dmean2": 369.787811279, "dvar": 67462.2734375, "dvar2": 138938.84375, "max": 11213.3349609, "mean": 2201.63891602, "median": 2259.39477539, "min": 206.405792236, "var": 371810.3125}, "spectral_complexity": {"dmean": 4.30108690262, "dmean2": 6.17548036575, "dvar": 23.7714214325, "dvar2": 43.7295722961, "max": 59, "mean": 18.9891338348, "median": 18, "min": 0, "var": 117.912780762}, "spectral_contrast_coeffs": {"dmean": [0.0486655421555, 0.046718634665, 0.0428974255919, 0.0390843525529, 0.0296180378646, 0.0203505847603], "dmean2": [0.077148064971, 0.075727134943, 0.0647259801626, 0.0585587359965, 0.0450072474778, 0.0309905223548], "dvar": [0.00171488220803, 0.00151884392835, 0.0013332834933, 0.00104493892286, 0.000619626604021, 0.000336664263159], "dvar2": [0.00401401892304, 0.00390236661769, 0.00282813096419, 0.00224877591245, 0.00139599642716, 0.000753045897], "max": [-0.364591747522, -0.454715758562, -0.450955063105, -0.491895914078, -0.545924782753, -0.599155962467], "mean": [-0.678268671036, -0.752047121525, -0.745965600014, -0.727161824703, -0.738108694553, -0.739405095577], "median": [-0.680261433125, -0.755934774876, -0.757899582386, -0.731833815575, -0.735895454884, -0.73495477438], "min": [-0.973927259445, -0.969148993492, -0.988480806351, -0.980408370495, -0.987511515617, -0.962728738785], "var": [0.00657335855067, 0.00480308942497, 0.00682600867003, 0.00471659051254, 0.00311573408544, 0.00181166396942]}, "spectral_contrast_valleys": {"dmean": [0.403457343578, 0.45217731595, 0.414318948984, 0.372534185648, 0.355126321316, 0.348218768835], "dmean2": [0.649661839008, 0.689012169838, 0.606891214848, 0.528438925743, 0.484645575285, 0.465051949024], "dvar": [0.122776687145, 0.176562845707, 0.136850088835, 0.115708969533, 0.124568864703, 0.141047954559], "dvar2": [0.285212099552, 0.370188117027, 0.264505058527, 0.210395231843, 0.221481800079, 0.282890856266], "max": [-6.11577272415, -5.34096002579, -5.9522986412, -5.7407169342, -5.56044101715, -8.07466411591], "mean": [-7.97836065292, -7.65132856369, -8.00559329987, -7.75515890121, -7.62500953674, -10.7732906342], "median": [-7.59922790527, -7.37658786774, -7.78965902328, -7.55842733383, -7.42237520218, -10.7495441437], "min": [-27.6352329254, -27.6787128448, -27.549079895, -27.404542923, -27.4569740295, -27.4268779755], "var": [2.00877737999, 1.95751869678, 1.68681955338, 1.5861979723, 1.69801974297, 1.65130937099]}, "spectral_decrease": {"dmean": 8.37487690308e-10, "dmean2": 1.15769860365e-09, "dvar": 8.94379111156e-19, "dvar2": 1.56202543147e-18, "max": 1.22661539267e-28, "mean": -3.4809484184e-09, "median": -3.0977755916e-09, "min": -1.53233763456e-08, "var": 6.00673704059e-18}, "spectral_energy": {"dmean": 0.00365084363148, "dmean2": 0.00501475855708, "dvar": 1.75081750058e-05, "dvar2": 3.00569754472e-05, "max": 0.0689229518175, "mean": 0.0151833333075, "median": 0.0133692976087, "min": 1.02496224351e-20, "var": 0.000117947623949}, "spectral_energyband_high": {"dmean": 0.000315249024425, "dmean2": 0.000438574701548, "dvar": 4.13696795931e-07, "dvar2": 8.7981266006e-07, "max": 0.0127817438915, "mean": 0.000642185506877, "median": 0.000254380720435, "min": 7.38744907652e-21, "var": 1.09534221338e-06}, "spectral_energyband_low": {"dmean": 0.00109257106669, "dmean2": 0.00174709397834, "dvar": 2.2012923182e-06, "dvar2": 5.67571487409e-06, "max": 0.0181229822338, "mean": 0.0028110044077, "median": 0.00211095134728, "min": 3.33158521697e-23, "var": 7.65611639508e-06}, "spectral_energyband_middle_high": {"dmean": 0.00263156439178, "dmean2": 0.00361020048149, "dvar": 1.23843092297e-05, "dvar2": 2.14664742089e-05, "max": 0.061708047986, "mean": 0.00901680160314, "median": 0.00603186292574, "min": 1.25752990904e-21, "var": 7.78082321631e-05}, "spectral_energyband_middle_low": {"dmean": 0.00119100720622, "dmean2": 0.00173725117929, "dvar": 2.5949063911e-06, "dvar2": 5.20535422766e-06, "max": 0.0331795886159, "mean": 0.00315287639387, "median": 0.00241772225127, "min": 1.81031448223e-22, "var": 9.52987738856e-06}, "spectral_entropy": {"dmean": 0.18096370995, "dmean2": 0.250187397003, "dvar": 0.0304979663342, "dvar2": 0.0583888143301, "max": 9.82071876526, "mean": 7.48652601242, "median": 7.49982833862, "min": 5.98698282242, "var": 0.144851967692}, "spectral_flux": {"dmean": 0.0183730833232, "dmean2": 0.0274997092783, "dvar": 0.00034831406083, "dvar2": 0.000768712139688, "max": 0.24598428607, "mean": 0.0665622502565, "median": 0.062138915062, "min": 6.53818457708e-11, "var": 0.00133819202892}, "spectral_kurtosis": {"dmean": 2.13800239563, "dmean2": 3.64442920685, "dvar": 5.37062692642, "dvar2": 15.403178215, "max": 42.7334785461, "mean": 5.97576141357, "median": 5.17755126953, "min": -1.23996722698, "var": 11.9484758377}, "spectral_rms": {"dmean": 0.000475803768495, "dmean2": 0.000639472331386, "dvar": 2.5431225481e-07, "dvar2": 4.11709777381e-07, "max": 0.00820011645555, "mean": 0.00353707466274, "median": 0.00361153949052, "min": 3.16221940126e-12, "var": 2.30211730923e-06}, "spectral_rolloff": {"dmean": 462.161376953, "dmean2": 741.557495117, "dvar": 358737.6875, "dvar2": 742282.75, "max": 18841.5527344, "mean": 2541.73632813, "median": 2519.38476563, "min": 21.533203125, "var": 1243634.5}, "spectral_skewness": {"dmean": 0.247181683779, "dmean2": 0.40519207716, "dvar": 0.0556462034583, "dvar2": 0.149248495698, "max": 4.35189771652, "mean": 1.41753065586, "median": 1.3776499033, "min": -0.0267811156809, "var": 0.15639577806}, "spectral_spread": {"dmean": 431378.3125, "dmean2": 625362.5, "dvar": 367536340992, "dvar2": 720484564992, "max": 41797060, "mean": 3342573.5, "median": 3095924, "min": 1249956.