{"lowlevel": {"average_loudness": 0.652381002903, "barkbands": {"dmean": [1.09857892312e-05, 0.000276619888609, 0.000331393122906, 0.000131420310936, 0.000495826476254, 0.00048782673548, 0.000356895354344, 0.000438832008513, 0.000669221160933, 0.000606553279795, 0.000395129871322, 0.000558825558983, 0.000734538887627, 0.000284159759758, 0.000252112571616, 0.000223712355364, 0.000143241748447, 0.000159124407219, 0.00023286639771, 9.16726421565e-05, 2.19583143917e-05, 2.38570937654e-05, 1.56933110702e-05, 1.83102747542e-05, 9.40480003919e-06, 1.79792243671e-06, 3.21551254956e-07], "dmean2": [1.98175239348e-05, 0.000404407997848, 0.000470609928016, 0.000195208966034, 0.00075192184886, 0.000714042515028, 0.000537524872925, 0.000644718355034, 0.000969639222603, 0.000887865724508, 0.000601362960879, 0.000835932092741, 0.00114315073006, 0.000428688159445, 0.000398196571041, 0.000344524363754, 0.000218743109144, 0.000246469862759, 0.000343965686625, 0.000143038341776, 3.40038423019e-05, 3.53370378434e-05, 2.48790129262e-05, 2.65259241132e-05, 1.12138541226e-05, 2.596382501e-06, 4.54881927681e-07], "dvar": [1.16986198506e-09, 6.17477496689e-07, 1.0443757219e-06, 9.56146521958e-08, 8.96822712093e-07, 8.6512704911e-07, 6.38116773644e-07, 1.48905837705e-06, 2.5004019335e-06, 3.58075976692e-06, 1.83222800842e-06, 3.79532320949e-06, 6.55450912745e-06, 1.11015117454e-06, 8.16282351934e-07, 6.06379728652e-07, 4.33136733591e-07, 2.61377067545e-07, 4.59934369701e-07, 6.93032973231e-08, 2.07042507583e-08, 5.73076874844e-08, 2.1048927934e-08, 4.88589115832e-08, 8.53683079782e-09, 1.97078076081e-10, 4.87052759235e-12], "dvar2": [2.32078134488e-09, 1.37598181027e-06, 2.00685985874e-06, 2.29546742503e-07, 2.02533533411e-06, 1.73280784566e-06, 1.43259740071e-06, 3.1040074191e-06, 4.90469392389e-06, 6.72386340739e-06, 4.43355838797e-06, 8.30016688269e-06, 1.39555359056e-05, 2.34169237956e-06, 1.83384486263e-06, 1.27224529933e-06, 7.86255441199e-07, 5.29973306129e-07, 9.31409260829e-07, 1.53289192895e-07, 4.38476952525e-08, 1.1265772315e-07, 5.32988018165e-08, 8.6620012496e-08, 9.65612212411e-09, 4.11534750722e-10, 8.78871628252e-12], "max": [0.00231624231674, 0.0126523403451, 0.0165423136204, 0.00689229182899, 0.01843990013, 0.0210862588137, 0.0293524693698, 0.0279901586473, 0.040096744895, 0.100967891514, 0.057725250721, 0.0610807538033, 0.103160731494, 0.0310637746006, 0.0262365750968, 0.0303746126592, 0.0273848194629, 0.0210980605334, 0.0162801388651, 0.00767290731892, 0.00990547426045, 0.0125658530742, 0.00713389599696, 0.0151148783043, 0.00982321426272, 0.00067747751018, 0.000111168024887], "mean": [5.32734411536e-05, 0.000701502664015, 0.000624444510322, 0.000355100841261, 0.00137735693716, 0.00128577102441, 0.00080066191731, 0.000755901506636, 0.00146576599218, 0.00124010548461, 0.000740904011764, 0.00102913449518, 0.00129023951013, 0.000473266874906, 0.000419158663135, 0.000401012774091, 0.00025132659357, 0.000327774003381, 0.000520879344549, 0.000180393413757, 3.78032382287e-05, 3.91867797589e-05, 2.50996745308e-05, 3.61711063306e-05, 1.97933895834e-05, 3.25640189658e-06, 6.41890210318e-07], "median": [5.40261971764e-05, 7.80994450906e-05, 8.81061714608e-05, 8.67444468895e-05, 0.000549390329979, 0.00049311935436, 0.000209183504921, 0.00015096316929, 0.000232638660236, 0.00010040262714, 9.10359885893e-05, 9.31114191189e-05, 0.000138080096804, 7.80496920925e-05, 7.16896756785e-05, 6.1876460677e-05, 4.78454057884e-05, 4.69495353173e-05, 5.88502007304e-05, 2.93111770588e-05, 6.56113479636e-06, 3.78726326744e-06, 1.73963667294e-06, 1.37323468152e-06, 1.51054632624e-06, 5.68966981973e-07, 1.89501506043e-07], "min": [2.63830018453e-25, 2.2494700034e-24, 1.12931187406e-24, 9.50600958011e-25, 9.20775330197e-24, 2.60030011377e-24, 9.21591170146e-24, 4.14158365014e-24, 1.72919761929e-23, 1.27593392036e-23, 1.52123826522e-23, 1.66295949343e-23, 3.45106829848e-23, 3.41470717501e-23, 3.44147827423e-23, 6.27079733056e-23, 3.96248145908e-23, 8.53477006839e-23, 1.12962092215e-22, 1.36121899811e-22, 2.53670908957e-22, 2.37656022839e-22, 3.96339167835e-22, 5.64297524784e-22, 8.529321627e-22, 1.32593023322e-21, 1.93829258595e-21], "var": [1.84142945336e-09, 1.99898249775e-06, 2.51266874329e-06, 3.83655105907e-07, 4.17787259721e-06, 4.62045500171e-06, 4.53059419669e-06, 3.25458086081e-06, 1.03341390059e-05, 2.1364998247e-05, 5.56554641662e-06, 1.26131481011e-05, 2.10982816498e-05, 2.97234714708e-06, 1.7356154558e-06, 1.83910970009e-06, 1.13472015073e-06, 9.78732828116e-07, 2.08710230254e-06, 2.20284036345e-07, 3.26156950337e-08, 1.08537996368e-07, 4.07617797293e-08, 2.01558393087e-07, 6.014607834e-08, 4.90892770877e-10, 1.20137710544e-11]}, "barkbands_crest": {"dmean": 2.25484657288, "dmean2": 3.56698560715, "dvar": 4.53714132309, "dvar2": 10.8603181839, "max": 26.8849887848, "mean": 10.8110246658, "median": 9.84079170227, "min": 2.80698108673, "var": 20.6458320618}, "barkbands_flatness_db": {"dmean": 0.0162927396595, "dmean2": 0.0237605944276, "dvar": 0.000284791720333, "dvar2": 0.000541563378647, "max": 0.487576603889, "mean": 0.167651683092, "median": 0.162494510412, "min": 0.018907463178, "var": 0.00275113619864}, "barkbands_kurtosis": {"dmean": 2.34287428856, "dmean2": 3.53886938095, "dvar": 296.571807861, "dvar2": 630.492370605, "max": 1325.37341309, "mean": 3.80816602707, "median": 1.32515835762, "min": -1.91411221027, "var": 445.349700928}, "barkbands_skewness": {"dmean": 0.410837262869, "dmean2": 0.599393725395, "dvar": 0.302383154631, "dvar2": 0.552766740322, "max": 35.8202362061, "mean": 0.905743598938, "median": 0.810861110687, "min": -3.54112172127, "var": 2.05054807663}, "barkbands_spread": {"dmean": 3.28924918175, "dmean2": 4.95453739166, "dvar": 21.0470638275, "dvar2": 42.7071990967, "max": 101.964912415, "mean": 15.9565629959, "median": 13.2885437012, "min": 0.371760845184, "var": 121.372253418}, "dissonance": {"dmean": 0.0255967155099, "dmean2": 0.0425842665136, "dvar": 0.000764816300943, "dvar2": 0.00210542441346, "max": 0.499998211861, "mean": 0.437780886889, "median": 0.450409293175, "min": 0.0105846291408, "var": 0.0022779807914}, "dynamic_complexity": 3.76498436928, "erbbands": {"dmean": [0.00314958556555, 0.0809562578797, 0.382435709238, 0.343619555235, 0.897699296474, 2.04467463493, 3.48407745361, 4.56758403778, 4.49763822556, 7.32377576828, 9.0667181015, 17.1622390747, 13.4665699005, 18.4192180634, 15.9920787811, 24.433757782, 32.3135070801, 16.1689414978, 12.9919948578, 10.5587892532, 9.60007572174, 6.84619474411, 8.47202014923, 9.97660923004, 10.5423336029, 3.74798631668, 1.45795047283, 0.750556588173, 0.712303996086, 0.731603205204, 0.44936722517, 0.365224033594, 0.36773109436, 0.155583843589, 0.0404563620687, 0.00963507778943, 0.00324333948083, 0.00066576997051, 5.1468356105e-05, 4.70400982522e-06], "dmean2": [0.00481237936765, 0.116846121848, 0.530884087086, 0.511235356331, 1.32256186008, 3.04208922386, 4.71366786957, 6.6378326416, 6.58776187897, 10.8390264511, 12.9846611023, 24.4841709137, 19.3020267487, 26.5053482056, 23.1716995239, 34.1108055115, 49.2148551941, 24.0014362335, 20.0244426727, 15.6375255585, 14.6453704834, 10.1211576462, 12.9035072327, 14.7539968491, 15.9075145721, 5.70303869247, 2.28154492378, 1.18833851814, 1.03146660328, 1.10254621506, 0.70830821991, 0.515170097351, 0.525096178055, 0.181129962206, 0.0556886307895, 0.0140577917919, 0.00464184908196, 0.000918046804145, 7.17174625606e-05, 6.52997914585e-06], "dvar": [0.000121695251437, 0.0508205704391, 1.32414007187, 0.68430018425, 3.98509097099, 18.9470996857, 52.9190635681, 84.4005203247, 101.232582092, 351.225158691, 622.475952148, 1952.25842285, 1914.92041016, 3448.85620117, 3492.87475586, 6750.40185547, 13448.0263672, 3336.58276367, 1857.05944824, 1914.11035156, 1065.44689941, 1215.14257813, 760.617980957, 1128.78369141, 1017.23040771, 108.91746521, 33.1052284241, 69.3614120483, 50.5545654297, 63.1804466248, 15.652838707, 13.2985858917, 29.6511154175, 2.91925621033, 0.104609049857, 0.00569681916386, 0.000614783028141, 2.11421211134e-05, 1.2137635963e-07, 1.15046742966e-10], "dvar2": [0.000266957853455, 0.108450904489, 2.37250137329, 1.69559371471, 9.01917648315, 42.6631011963, 88.0657272339, 174.373123169, 228.790496826, 736.992004395, 1305.75036621, 3909.54052734, 3976.75146484, 6122.56738281, 8347.43554688, 13274.859375, 28125.6835938, 7140.94042969, 4074.30151367, 3902.51147461, 2162.06762695, 2094.99731445, 1551.13098145, 2252.33911133, 2274.53881836, 224.627655029, 71.6606140137, 166.094909668, 96.2993774414, 146.742294312, 39.8575782776, 23.364654541, 61.1426200867, 3.90411257744, 0.15342721343, 0.0116951819509, 0.00125959131401, 3.6820074456e-05, 2.10700690673e-07, 1.78540349172e-10], "max": [0.478157520294, 3.73424863815, 19.0316314697, 19.8322525024, 47.0806884766, 103.16519165, 193.430755615, 258.852752686, 258.066558838, 502.363311768, 607.485046387, 1182.31213379, 1454.42041016, 3312.65966797, 2906.87792969, 3070.54663086, 5270.05517578, 1802.93017578, 1343.06152344, 1890.76257324, 1103.79821777, 1948.39013672, 1160.953125, 811.316894531, 915.288513184, 328.555786133, 318.914703369, 581.23425293, 455.816925049, 367.758972168, 186.835723877, 179.593673706, 421.714263916, 181.905609131, 21.119348526, 3.92251563072, 1.08708572388, 0.200628206134, 0.015978127718, 0.000485408992972], "mean": [0.00748574361205, 0.20357182622, 0.769879758358, 0.898448169231, 2.24154829979, 5.3092212677, 8.53451824188, 10.8918590546, 10.2073450089, 14.9398965836, 18.706817627, 37.0693206787, 29.2731609344, 40.1111221313, 34.5448150635, 48.2415237427, 61.0258293152, 32.2393569946, 24.3937644958, 20.4483776093, 18.9110240936, 14.280330658, 18.4070796967, 21.7859840393, 23.6575565338, 8.40266704559, 2.91562104225, 1.30490887165, 1.23672151566, 1.09698522091, 0.708021104336, 0.608909130096, 0.704907655716, 0.327690303326, 0.0834900811315, 0.0172638390213, 0.00585109973326, 0.00125807255972, 0.000114780952572, 2.14367064473e-05], "median": [0.000935596879572, 0.0252637006342, 0.116033904254, 0.286262691021, 0.8884152174, 1.74044144154, 3.28663873672, 4.3191037178, 3.76662635803, 3.54858207703, 5.75706100464, 6.74174118042, 4.78182411194, 4.85697126389, 5.33100700378, 4.89231967926, 7.18412208557, 6.26594829559, 4.40970993042, 4.21741867065, 3.71077156067, 3.03077888489, 3.1087770462, 2.59152364731, 3.06638669968, 1.49059760571, 0.538374066353, 0.22693105042, 0.143367022276, 0.0716131925583, 0.0534104481339, 0.0285088904202, 0.0246385522187, 0.019814806059, 0.00775953475386, 0.00254104589112, 0.000998209347017, 0.000268473522738, 3.91265784856e-05, 1.56726528076e-05], "min": [6.25901805953e-23, 4.90786442169e-22, 2.28992855877e-21, 5.87817848125e-21, 9.3447740867e-21, 2.53749866739e-20, 5.10519492014e-20, 3.45376081581e-20, 1.07858044625e-19, 1.74185147226e-19, 2.45238811546e-19, 4.15839255266e-19, 5.84504535791e-19, 6.73853380234e-19, 8.80759272177e-19, 9.18974602887e-19, 1.45370819821e-18, 1.63251631571e-18, 2.36461282704e-18, 2.37337577165e-18, 3.6721417708e-18, 3.30660631541e-18, 5.63471959113e-18, 6.62583085747e-18, 6.58400281544e-18, 6.99271606482e-18, 8.98853827397e-18, 9.55007148717e-18, 8.71380264122e-18, 1.158985421e-17, 1.0995511705e-17, 9.33228062214e-18, 9.67154957756e-18, 8.31227097392e-18, 5.57198538629e-18, 4.2049817429e-18, 2.30671101134e-18, 9.24155752051e-19, 2.61497020637e-19, 2.89339635712e-20], "var": [0.000307502603391, 0.168031617999, 3.56816005707, 2.27156853676, 13.4530963898, 81.1526412964, 278.501922607, 370.370330811, 478.469024658, 1225.64855957, 1607.96044922, 7107.01171875, 7404.43652344, 22390.1230469, 11579.359375, 25207.0917969, 45763.953125, 10937.2832031, 4793.36083984, 5872.14599609, 3594.59057617, 3426.41845703, 2822.66479492, 3796.03686523, 4210.22949219, 418.921386719, 72.2214355469, 81.5798873901, 96.5392837524, 100.308837891, 31.0014228821, 41.4468078613, 99.5118026733, 20.1363124847, 0.559887647629, 0.015216793865, 0.00160291534849, 5.86488567933e-05, 3.16734940498e-07, 6.26119767144e-10]}, "erbbands_crest": {"dmean": 2.84254813194, "dmean2": 4.56643772125, "dvar": 7.44894981384, "dvar2": 17.2609195709, "max": 32.0460739136, "mean": 11.8553123474, "median": 10.5069923401, "min": 2.22664928436, "var": 32.4780502319}, "erbbands_flatness_db": {"dmean": 0.0154992844909, "dmean2": 0.0222251974046, "dvar": 0.000256055907812, "dvar2": 0.000454675056972, "max": 0.404085278511, "mean": 0.221664994955, "median": 0.215783953667, "min": 0.0344632007182, "var": 0.00304356496781}, "erbbands_kurtosis": {"dmean": 1.25375401974, "dmean2": 1.9254168272, "dvar": 5.85099649429, "dvar2": 13.8350191116, "max": 82.5357055664, "mean": 1.47892534733, "median": 0.224675387144, "min": -1.89791440964, "var": 15.0896244049}, "erbbands_skewness": {"dmean": 0.367460489273, "dmean2": 0.550514578819, "dvar": 0.13417391479, "dvar2": 0.283163309097, "max": 7.55149555206, "mean": 0.320011436939, "median": 0.27250996232, "min": -4.22360610962, "var": 1.00709092617}, "erbbands_spread": {"dmean": 4.70877981186, "dmean2": 7.05919981003, "dvar": 28.8112392426, "dvar2": 61.2400550842, "max": 116.774169922, "mean": 24.7186889648, "median": 22.7960929871, "min": 1.61968910694, "var": 196.951950073}, "gfcc": {"cov": [[27344.1464844, 2003.6451416, -4099.50439453, 236.632003784, -1259.26159668, -50.7838630676, -721.7890625, 51.18983078, -884.885314941, -71.601272583, -156.113998413, -201.430709839, -184.356552124], [2003.6451416, 1614.5378418, 357.860321045, -47.9726982117, 95.1143188477, 6.22989845276, 37.0065231323, 21.4071941376, 37.0088577271, -86.8637542725, -120.373916626, -202.024581909, -92.1849594116], [-4099.50439453, 357.860321045, 1654.22668457, 173.732940674, 232.61946106, 118.077674866, 57.4131202698, 78.6091156006, 266.361572266, -3.00608038902, -44.107673645, -52.2654380798, -50.1486587524], [236.632003784, -47.9726982117, 173.732940674, 631.225708008, 204.052505493, 37.5507125854, -30.2001228333, -28.3121242523, 91.0639953613, 28.6578121185, -30.7377185822, 70.3433456421, 0.217224150896], [-1259.26159668, 95.1143188477, 232.61946106, 204.052505493, 384.607208252, 87.8625030518, 103.936706543, 6.85140657425, 39.2950172424, 20.7407245636, 28.3571205139, 40.1737442017, 3.81497716904], [-50.7838630676, 6.22989845276, 118.077674866, 37.5507125854, 87.8625030518, 288.042388916, 163.385696411, -1.84232020378, -13.119228363, 19.8034877777, 13.0144004822, -40.4633865356, -11.0727710724], [-721.7890625, 37.0065231323, 57.4131202698, -30.2001228333, 103.936706543, 163.385696411, 312.109313965, 54.4547424316, -7.5326423645, 9.2253742218, 21.4226417542, -27.3685951233, -12.2547807693], [51.18983078, 21.4071941376, 78.6091156006, -28.3121242523, 6.85140657425, -1.84232020378, 54.4547424316, 212.760284424, 75.4749984741, 14.2828702927, 24.4963169098, -14.5811510086, -6.64698791504], [-884.885314941, 37.0088577271, 266.361572266, 91.0639953613, 39.2950172424, -13.119228363, -7.5326423645, 75.4749984741, 239.836013794, 44.6743202209, -44.7952728271, -16.3891277313, -11.6653633118], [-71.601272583, -86.8637542725, -3.00608038902, 28.6578121185, 20.7407245636, 19.8034877777, 9.2253742218, 14.2828702927, 44.6743202209, 107.756896973, 49.5395317078, 9.24061203003, -0.789309740067], [-156.113998413, -120.373916626, -44.107673645, -30.7377185822, 28.3571205139, 13.0144004822, 21.4226417542, 24.4963169098, -44.7952728271, 49.5395317078, 152.479873657, 64.2793579102, 14.2079372406], [-201.430709839, -202.024581909, -52.2654380798, 70.3433456421, 40.1737442017, -40.4633865356, -27.3685951233, -14.5811510086, -16.3891277313, 9.24061203003, 64.2793579102, 162.478744507, 54.6312942505], [-184.356552124, -92.1849594116, -50.1486587524, 0.217224150896, 3.81497716904, -11.0727710724, -12.2547807693, -6.64698791504, -11.6653633118, -0.789309740067, 14.2079372406, 54.6312942505, 97.7692642212]], "icov": [[0.000396573217586, -0.000915993063245, 0.00101211760193, -0.000858026614878, 0.00132133485749, -0.00131196912844, 0.00120381440502, -0.00135090947151, 0.00125461781863, -0.000905334833078, 0.000676283263601, -0.000880743435118, 0.000800316687673], [-0.000915993063245, 0.00295638060197, -0.00245815794915, 0.00204531964846, -0.00342438137159, 0.00327659049071, -0.00278040650301, 0.0031128001865, -0.00284568150528, 0.00262841023505, -0.00147129851393, 0.00303377606906, -0.00163698731922], [0.00101211760193, -0.00245815794915, 0.00346522592008, -0.00218499545008, 0.00300614861771, -0.00375419482589, 0.00324297347106, -0.00339055247605, 0.00208442122675, -0.00163269275799, 0.0013549476862, -0.00216916319914, 0.00225718831643], [-0.000858026614878, 0.00204531964846, -0.00218499545008, 0.00422098347917, -0.0040735383518, 0.00228770961985, -0.00189317308832, 0.00308167026378, -0.0032142593991, 0.00139986420982, -0.000235460000113, 0.000530731049366, -0.00106384302489], [0.00132133485749, -0.00342438137159, 0.00300614861771, -0.0040735383518, 0.00856108590961, -0.00467618368566, 0.00269555789419, -0.00422610621899, 0.0040848380886, -0.00318521028385, 0.00145555636846, -0.00389432511292, 0.00242685666308], [-0.00131196912844, 0.00327659049071, -0.00375419482589, 0.00228770961985, -0.00467618368566, 0.010137242265, -0.0068246931769, 0.00524958921596, -0.00332327699289, 0.00216638739221, -0.00273213582113, 0.00496314978227, -0.00323843443766], [0.00120381440502, -0.00278040650301, 0.00324297347106, -0.00189317308832, 0.00269555789419, -0.0068246931769, 0.0090775731951, -0.00554082822055, 0.00404798937961, -0.00258968095295, 0.00219687912613, -0.00271004042588, 0.00285611883737], [-0.00135090947151, 0.0031128001865, -0.00339055247605, 0.00308167026378, -0.00422610621899, 0.00524958921596, -0.00554082822055, 0.0109607838094, -0.00711297662929, 0.00440225563943, -0.00492297532037, 0.00415007537231, -0.00296485377476], [0.00125461781863, -0.00284568150528, 0.00208442122675, -0.0032142593991, 0.0040848380886, -0.00332327699289, 0.00404798937961, -0.00711297662929, 0.0122110955417, -0.00783324800432, 0.00644215708598, -0.00347632193007, 0.0026469794102], [-0.000905334833078, 0.00262841023505, -0.00163269275799, 0.00139986420982, -0.00318521028385, 0.00216638739221, -0.00258968095295, 0.00440225563943, -0.00783324800432, 0.0170075893402, -0.00854735728353, 0.00453445920721, -0.00181403907482], [0.000676283263601, -0.00147129851393, 0.0013549476862, -0.000235460000113, 0.00145555636846, -0.00273213582113, 0.00219687912613, -0.00492297532037, 0.00644215708598, -0.00854735728353, 0.0142326271161, -0.00696066673845, 0.00267872773111], [-0.000880743435118, 0.00303377606906, -0.00216916319914, 0.000530731049366, -0.00389432511292, 0.00496314978227, -0.00271004042588, 0.00415007537231, -0.00347632193007, 0.00453445920721, -0.00696066673845, 0.0144127495587, -0.00667771184817], [0.000800316687673, -0.00163698731922, 0.00225718831643, -0.00106384302489, 0.00242685666308, -0.00323843443766, 0.00285611883737, -0.00296485377476, 0.0026469794102, -0.00181403907482, 0.00267872773111, -0.00667771184817, 0.0146921426058]], "mean": [-91.3694458008, 104.177368164, -139.143386841, 4.02239465714, -49.5696983337, -9.23714542389, -36.3306770325, 3.1664981842, -30.1985836029, -0.252057522535, -9.28411483765, -4.35221147537, -9.24883651733]}, "hfc": {"dmean": 3.49793720245, "dmean2": 4.81225681305, "dvar": 45.1625938416, "dvar2": 71.2265548706, "max": 213.158401489, "mean": 15.0582208633, "median": 7.33209228516, "min": 1.04978854733e-16, "var": 428.788757324}, "melbands": {"dmean": [5.25726863998e-05, 0.000167263497133, 7.16038703104e-05, 0.000101314151834, 0.000113339963718, 9.73570131464e-05, 7.05813945387e-05, 8.44272508402e-05, 8.08896656963e-05, 0.000106508261524, 6.91813984304e-05, 7.92827850091e-05, 5.29445533175e-05, 6.11173309153e-05, 7.96381209511e-05, 6.64799299557e-05, 2.96742746286e-05, 2.23497736442e-05, 1.6221541955e-05, 1.76073153852e-05, 1.0808244042e-05, 7.39969345886e-06, 1.00869783637e-05, 6.86186922394e-06, 9.3269673016e-06, 9.98904033622e-06, 5.03625142301e-06, 2.36952519117e-06, 1.2172448578e-06, 5.11609187015e-07, 4.95378799314e-07, 4.28050043411e-07, 4.998530585e-07, 3.56030227522e-07, 2.71785580708e-07, 2.73280448937e-07, 2.34097115026e-07, 2.67860201575e-07, 2.33228206525e-07, 1.16970575448e-07], "dmean2": [7.84284929978e-05, 0.000233630722505, 0.000104804661532, 0.00015057490964, 0.000155152301886, 0.00014166769688, 0.000103424630652, 0.000124313592096, 0.000117246432637, 0.000150942258188, 9.9301476439e-05, 0.000113584239443, 7.75360313128e-05, 8.6997897597e-05, 0.000117189294542, 0.00010089148418, 4.45568948635e-05, 3.47442910424e-05, 2.55773429672e-05, 2.69958654826e-05, 1.65063738677e-05, 1.09874308691e-05, 1.5663999875e-05, 1.0488432963e-05, 1.40745360113e-05, 1.53905239131e-05, 7.69281723478e-06, 3.73052398572e-06, 1.95149959836e-06, 8.0460455365e-07, 8.02631575425e-07, 6.47205240512e-07, 7.60422437907e-07, 5.34840921773e-07, 4.29010924563e-07, 4.06715798817e-07, 3.45164352211e-07, 3.89002849488e-07, 3.26539549178e-07, 1.39801713317e-07], "dvar": [2.34868213767e-08, 2.2526172927e-07, 2.10483115382e-08, 4.73145824742e-08, 4.19872669966e-08, 3.4742036803e-08, 2.33369128466e-08, 4.64535609979e-08, 4.15331449233e-08, 7.27292501779e-08, 5.05058252998e-08, 6.87867753868e-08, 3.32786989077e-08, 4.41334044865e-08, 8.09379443467e-08, 5.88231152676e-08, 1.38606388589e-08, 5.96653659812e-09, 4.25898427636e-09, 4.12630285496e-09, 1.65710078992e-09, 2.00262539884e-09, 1.57071677886e-09, 5.48602885342e-10, 1.14545795071e-09, 1.10106956885e-09, 2.17174500605e-10, 4.58775691048e-11, 1.84836278228e-11, 1.56762033909e-11, 3.75692671417e-11, 1.80721548837e-11, 3.40517822273e-11, 1.21112078699e-11, 4.9265370429e-12, 1.14267857329e-11, 7.11553082081e-12, 1.4607712609e-11, 1.06930523464e-11, 1.4667883878e-12], "dvar2": [5.41518190289e-08, 4.07321465445e-07, 4.7735518649e-08, 1.06590285043e-07, 7.46948032315e-08, 7.25285289604e-08, 5.14111526684e-08, 9.54063352765e-08, 8.53968344927e-08, 1.4392827552e-07, 1.04154011638e-07, 1.22244244949e-07, 7.96966830308e-08, 9.27541208284e-08, 1.45319702938e-07, 1.17639025632e-07, 3.03806579893e-08, 1.33182487261e-08, 1.00671915249e-08, 9.18794551552e-09, 3.23096438493e-09, 3.23092974597e-09, 3.35064664903e-09, 1.29903865442e-09, 2.40344144586e-09, 2.6408228937e-09, 4.45853964859e-10, 1.08795021603e-10, 4.38348281284e-11, 3.69849949278e-11, 9.3299319659e-11, 3.56452679873e-11, 7.86866960478e-11, 2.71814324521e-11, 1.25910809556e-11, 3.01975805472e-11, 1.30421333455e-11, 2.88647196423e-11, 2.30844406091e-11, 1.75746689337e-12], "max": [0.00331772933714, 0.00773098831996, 0.00283978902735, 0.004420125857, 0.00539475586265, 0.00508132716641, 0.00509250722826, 0.00515393447131, 0.00507158832625, 0.00755592761561, 0.00700402725488, 0.0152016486973, 0.00803416501731, 0.00806588213891, 0.00570375565439, 0.0128493290395, 0.00337426597252, 0.00201779045165, 0.00233229855075, 0.00280614267103, 0.00146751629654, 0.00225551868789, 0.00203124410473, 0.000845359812956, 0.000815164996311, 0.000867512542754, 0.000471903418656, 0.000176058310899, 0.000158929004101, 0.000271484052064, 0.000411751039792, 0.000258531770669, 0.000253948033787, 0.000153283137479, 7.04704943928e-05, 0.000201785733225, 0.00013854286226, 0.000277061626548, 0.000244563736487, 0.000131751061417], "mean": [0.000133615147206, 0.000368962239008, 0.000194045598619, 0.000263800262474, 0.000300381798297, 0.000240718509303, 0.000161786796525, 0.000166188561707, 0.000167730453541, 0.00022591886227, 0.000143289231346, 0.000166195372003, 0.000106575818791, 0.000115712166007, 0.000137790804729, 0.000116792674817, 5.1984716265e-05, 3.83674523619e-05, 2.7085234251e-05, 3.00226529362e-05, 2.00340673473e-05, 1.32215709527e-05, 1.95227185031e-05, 1.34816955324e-05, 1.79163707799e-05, 2.04893949558e-05, 1.06896723082e-05, 4.50110746897e-06, 2.23899382945e-06, 8.28009831366e-07, 7.40301629776e-07, 7.0638878924e-07, 7.40973689517e-07, 5.17022613167e-07, 3.98430699988e-07, 3.80464655336e-07, 3.66355919823e-07, 5.10100278461e-07, 4.24228318252e-07, 2.26691796001e-07], "median": [1.67306207004e-05, 5.78129329369e-05, 7.60060938774e-05, 9.04559274204e-05, 0.000127377235913, 9.42839687923e-05, 5.44403374079e-05, 3.65089872503e-05, 4.48367463832e-05, 3.55228257831e-05, 1.78640857484e-05, 1.57658541866e-05, 1.46659440361e-05, 1.14716749522e-05, 1.21674765978e-05, 1.37544047902e-05, 8.07308606454e-06, 5.80682171858e-06, 5.45414059161e-06, 4.04992169933e-06, 3.7720403725e-06, 2.49582171818e-06, 2.65947278422e-06, 2.13475254895e-06, 1.68741951256e-06, 2.0003217287e-06, 1.53872997544e-06, 6.34446223557e-07, 2.77869787624e-07, 1.38478426948e-07, 9.38559736596e-08, 7.8117210478e-08, 5.33022408433e-08, 2.72803823975e-08, 2.96241324804e-08, 2.07807424601e-08, 1.41440867907e-08, 1.49893839563e-08, 1.75066965369e-08, 1.46042342664e-08], "min": [9.44614982854e-25, 7.87247783277e-25, 1.325364418e-24, 1.4479421614e-24, 1.8740006115e-24, 6.72933702983e-25, 2.03301248746e-24, 1.58253287589e-24, 1.69376601061e-24, 2.20879337689e-24, 2.57602962473e-24, 2.19138104735e-24, 2.79874971018e-24, 2.81253229349e-24, 1.72566872891e-24, 3.49999834276e-24, 2.37612181894e-24, 3.12803484595e-24, 3.13375566523e-24, 3.47972264535e-24, 3.52323424073e-24, 2.4922188728e-24, 4.64010666578e-24, 4.56553879985e-24, 4.59855617861e-24, 4.37289502249e-24, 4.47185920078e-24, 4.67225432539e-24, 3.93573197465e-24, 3.7515305867e-24, 3.8222590666e-24, 4.67018711539e-24, 4.33252585453e-24, 6.40996028285e-24, 5.52563182531e-24, 5.84185421335e-24, 4.9175368188e-24, 6.27150533323e-24, 4.52109279873e-24, 6.2719739166e-24], "var": [7.12633223543e-08, 6.62520960759e-07, 8.12841065567e-08, 1.77121805223e-07, 2.57168011331e-07, 1.68047876059e-07, 1.45686982478e-07, 1.40981114782e-07, 1.21494039718e-07, 2.67968317758e-07, 1.98317522404e-07, 4.54430761465e-07, 1.1417795065e-07, 1.65898882187e-07, 2.19831349568e-07, 1.93892176981e-07, 4.00723827454e-08, 1.43934260066e-08, 8.83920225903e-09, 1.13449285521e-08, 5.48940626288e-09, 4.57451365676e-09, 5.69195268696e-09, 1.54611567993e-09, 3.13491832493e-09, 3.95679844445e-09, 9.23452647683e-10, 1.32321278934e-10, 4.353495342e-11, 1.90183997023e-11, 4.01622138324e-11, 3.12070126685e-11, 5.02178160167e-11, 2.10620756946e-11, 9.29949433431e-12, 1.58391477018e-11, 1.86209780234e-11, 5.22503949829e-11, 3.93897969797e-11, 9.24917087364e-12]}, "melbands_crest": {"dmean": 2.84132623672, "dmean2": 4.41037368774, "dvar": 7.87825489044, "dvar2": 17.808473587, "max": 39.9346656799, "mean": 13.8686361313, "median": 12.7045059204, "min": 1.61727547646, "var": 36.2946090698}, "melbands_flatness_db": {"dmean": 0.0182558540255, "dmean2": 0.0262581612915, "dvar": 0.000429150677519, "dvar2": 0.000801093701739, "max": 0.47793596983, "mean": 0.229961141944, "median": 0.229283213615, "min": 0.00256222509779, "var": 0.00549250468612}, "melbands_kurtosis": {"dmean": 3.62915730476, "dmean2": 5.50691509247, "dvar": 357.295471191, "dvar2": 760.287109375, "max": 1379.23864746, "mean": 7.2830915451, "median": 2.97457551956, "min": -1.90001308918, "var": 599.001159668}, "melbands_skewness": {"dmean": 0.487122893333, "dmean2": 0.711550176144, "dvar": 0.407957285643, "dvar2": 0.79486900568, "max": 35.7984848022, "mean": 1.59958672523, "median": 1.34105587006, "min": -2.01153612137, "var": 2.66209316254}, "melbands_spread": {"dmean": 5.52825737, "dmean2": 8.30989837646, "dvar": 84.5133056641, "dvar2": 166.844512939, "max": 237.535644531, "mean": 25.2679843903, "median": 17.6900482178, "min": 0.481933444738, "var": 669.544799805}, "mfcc": {"cov": [[7900.75, 570.46887207, -1184.66625977, 87.4931411743, -296.19732666, -27.8042240143, 166.994766235, -78.449256897, -213.712478638, 4.8676609993, -46.4249382019, -252.179397583, -3.94023013115], [570.46887207, 1933.09448242, 330.64553833, 15.0067205429, 80.0885238647, -53.6230812073, 86.0158233643, 1.28214156628, 77.1575012207, 74.110824585, 34.8141136169, 0.691413581371, -93.2033538818], [-1184.66625977, 330.64553833, 1027.93786621, 85.9021759033, 187.125045776, 39.4710464478, -81.4092102051, 23.3284168243, 146.418502808, 67.7160949707, 40.6754989624, 141.891708374, -74.6108093262], [87.4931411743, 15.0067205429, 85.9021759033, 477.449981689, 208.529754639, 88.8576507568, -72.2684783936, 40.732257843, 50.1374397278, -14.4792127609, -42.3236656189, 69.5576782227, 58.8727340698], [-296.19732666, 80.0885238647, 187.125045776, 208.529754639, 315.46987915, 50.6099815369, -37.1203422546, 12.7401790619, 41.5251083374, -9.49942302704, -3.504778862, 78.9563827515, 15.4958896637], [-27.8042240143, -53.6230812073, 39.4710464478, 88.8576507568, 50.6099815369, 328.906524658, 85.9910964966, 30.2403507233, 12.4954309464, 23.0360946655, -24.9921207428, -5.93080711365, 30.6704444885], [166.994766235, 86.0158233643, -81.4092102051, -72.2684783936, -37.1203422546, 85.9910964966, 317.596099854, 81.0100021362, -43.223777771, 24.8898677826, 22.0885658264, -32.7962341309, 55.172328949], [-78.449256897, 1.28214156628, 23.3284168243, 40.732257843, 12.7401790619, 30.2403507233, 81.0100021362, 154.779937744, 52.1859436035, 12.5197029114, 26.2915840149, 12.9267492294, 25.5283794403], [-213.712478638, 77.1575012207, 146.418502808, 50.1374397278, 41.5251083374, 12.4954309464, -43.223777771, 52.1859436035, 196.19984436, 67.0840759277, 27.6574230194, 31.7054958344, -32.5561676025], [4.8676609993, 74.110824585, 67.7160949707, -14.4792127609, -9.49942302704, 23.0360946655, 24.8898677826, 12.5197029114, 67.0840759277, 182.640365601, 68.7422637939, -6.5343952179, -9.03945922852], [-46.4249382019, 34.8141136169, 40.6754989624, -42.3236656189, -3.504778862, -24.9921207428, 22.0885658264, 26.2915840149, 27.6574230194, 68.7422637939, 160.97958374, 44.6254920959, -26.0724086761], [-252.179397583, 0.691413581371, 141.891708374, 69.5576782227, 78.9563827515, -5.93080711365, -32.7962341309, 12.9267492294, 31.7054958344, -6.5343952179, 44.6254920959, 169.118865967, 13.6823587418], [-3.94023013115, -93.2033538818, -74.6108093262, 58.8727340698, 15.4958896637, 30.6704444885, 55.172328949, 25.5283794403, -32.5561676025, -9.03945922852, -26.0724086761, 13.6823587418, 145.535552979]], "icov": [[0.000177616995643, -8.40444990899e-05, 0.000209560923395, -0.000181694122148, 0.000138695118949, 2.13729640564e-06, -6.08200825809e-05, 7.56018707762e-05, 9.48641827563e-05, -7.57796806283e-05, -8.27444728202e-06, 5.22693117091e-05, 0.000136614748044], [-8.40444990899e-05, 0.00064792187186, -0.000278268038528, -4.1055795009e-05, -0.000167362508364, 0.000248388241744, -0.000414853100665, 0.000187024314073, -0.000190463513718, -8.54658574099e-05, 4.88763580506e-05, 0.000107514541014, 0.000327286223182], [0.000209560923395, -0.000278268038528, 0.00166186247952, 3.97533076466e-05, -0.00045065334416, -0.000219314970309, 0.000181428651558, -0.000117025047075, -0.000320616789395, -0.000520076195244, 0.00032610699418, -0.000957221956924, 0.000753700966015], [-0.000181694122148, -4.1055795009e-05, 3.97533076466e-05, 0.00387943303213, -0.00214277557097, -0.000787523051258, 0.00136786955409, -0.00128611770924, -0.00025319645647, -0.000123069155961, 0.00088032457279, -0.000645751541015, -0.00132486806251], [0.000138695118949, -0.000167362508364, -0.00045065334416, -0.00214277557097, 0.00529553415254, -0.000256208906649, -0.000247900403338, 0.000584843684919, -0.000176752233529, 0.000490887789056, -0.000255059101619, -0.000992007087916, 5.24086099176e-05], [2.13729640564e-06, 0.000248388241744, -0.000219314970309, -0.000787523051258, -0.000256208906649, 0.00382339232601, -0.00146240182221, 0.000228838733165, -0.000234496561461, -0.000587126880419, 0.000784288160503, 0.000266699847998, 0.00012755827629], [-6.08200825809e-05, -0.000414853100665, 0.000181428651558, 0.00136786955409, -0.000247900403338, -0.00146240182221, 0.00551007082686, -0.00320685608312, 0.00176415359601, -0.000672736903653, -0.000505956879351, 0.000488866877276, -0.00170315871947], [7.56018707762e-05, 0.000187024314073, -0.000117025047075, -0.00128611770924, 0.000584843684919, 0.000228838733165, -0.00320685608312, 0.00999593455344, -0.00362018449232, 0.00159164366778, -0.00182571925689, 0.000402504054364, -0.00114196341019], [9.48641827563e-05, -0.000190463513718, -0.000320616789395, -0.00025319645647, -0.000176752233529, -0.000234496561461, 0.00176415359601, -0.00362018449232, 0.0083594918251, -0.00311255897395, 0.000798947527073, -0.000831451907288, 0.00175109610427], [-7.57796806283e-05, -8.54658574099e-05, -0.000520076195244, -0.000123069155961, 0.000490887789056, -0.000587126880419, -0.000672736903653, 0.00159164366778, -0.00311255897395, 0.00841385498643, -0.003954149317, 0.00192877231166, -0.00128970376682], [-8.27444728202e-06, 4.88763580506e-05, 0.00032610699418, 0.00088032457279, -0.000255059101619, 0.000784288160503, -0.000505956879351, -0.00182571925689, 0.000798947527073, -0.003954149317, 0.00971433520317, -0.00350562203676, 0.00221908511594], [5.22693117091e-05, 0.000107514541014, -0.000957221956924, -0.000645751541015, -0.000992007087916, 0.000266699847998, 0.000488866877276, 0.000402504054364, -0.000831451907288, 0.00192877231166, -0.00350562203676, 0.00890465453267, -0.00189713621512], [0.000136614748044, 0.000327286223182, 0.000753700966015, -0.00132486806251, 5.24086099176e-05, 0.00012755827629, -0.00170315871947, -0.00114196341019, 0.00175109610427, -0.00128970376682, 0.00221908511594, -0.00189713621512, 0.00970783829689]], "mean": [-722.328979492, 146.245880127, -32.4744110107, 15.5238714218, -2.51865124702, -10.5242242813, 2.33621168137, -6.28115034103, -9.78076457977, -1.55002522469, -2.1122803688, -5.48731088638, -0.21134647727]}, "pitch_salience": {"dmean": 0.0577236004174, "dmean2": 0.08851146698, "dvar": 0.0028056607116, "dvar2": 0.00618060678244, "max": 0.985620737076, "mean": 0.534005582333, "median": 0.534458518028, "min": 0.00503625208512, "var": 0.0155817121267}, "silence_rate_20dB": {"dmean": 0, "dmean2": 0, "dvar": 0, "dvar2": 0, "max": 1, "mean": 1, "median": 1, "min": 1, "var": 0}, "silence_rate_30dB": {"dmean": 0.000566331611481, "dmean2": 0.00113282352686, "dvar": 0.000566001748666, "dvar2": 0.00141471007373, "max": 1, "mean": 0.998725950718, "median": 1, "min": 0, "var": 0.00127247557975}, "silence_rate_60dB": {"dmean": 0.0317145697773, "dmean2": 0.0634381175041, "dvar": 0.0307096336037, "dvar2": 0.0667792260647, "max": 1, "mean": 0.134767830372, "median": 0, "min": 0, "var": 0.116607487202}, "spectral_centroid": {"dmean": 182.621414185, "dmean2": 273.303375244, "dvar": 76339.1171875, "dvar2": 154110.859375, "max": 11724.1035156, "mean": 1517.9744873, "median": 1166.91052246, "min": 225.096740723, "var": 2386363.75}, "spectral_complexity": {"dmean": 1.8530369997, "dmean2": 2.99405264854, "dvar": 3.75418305397, "dvar2": 8.54006576538, "max": 41, "mean": 12.172706604, "median": 11, "min": 0, "var": 39.384727478}, "spectral_contrast_coeffs": {"dmean": [0.0382409840822, 0.0400874018669, 0.0375154390931, 0.031765460968, 0.0237874761224, 0.0141798704863], "dmean2": [0.0612110421062, 0.0635335892439, 0.0579567998648, 0.0502586401999, 0.0366941951215, 0.0225319601595], "dvar": [0.00118922663387, 0.00114996975753, 0.00104811543133, 0.00070090679219, 0.00045481682173, 0.000173397653271], "dvar2": [0.00288670929149, 0.00280334684066, 0.00228153448552, 0.00163188111037, 0.000978327356279, 0.000400178279961], "max": [-0.240091964602, -0.314652591944, -0.372123688459, -0.476623415947, -0.481985569, -0.585627257824], "mean": [-0.600769519806, -0.681624948978, -0.706585943699, -0.724386930466, -0.74302905798, -0.784836769104], "median": [-0.604455888271, -0.683968782425, -0.715838968754, -0.725439608097, -0.748229265213, -0.78432738781], "min": [-0.975220561028, -0.993835330009, -0.987614750862, -0.989850282669, -0.980632483959, -0.965214252472], "var": [0.0124839702621, 0.00820543430746, 0.00918463524431, 0.00590503681451, 0.00554185826331, 0.00258026923984]}, "spectral_contrast_valleys": {"dmean": [0.381728976965, 0.313877731562, 0.281412124634, 0.251167237759, 0.221144467592, 0.196367695928], "dmean2": [0.612393379211, 0.502298533916, 0.451708763838, 0.398858577013, 0.336368590593, 0.290920168161], "dvar": [0.174499154091, 0.0981248617172, 0.0811307057738, 0.0748208761215, 0.0808320492506, 0.095011241734], "dvar2": [0.360082626343, 0.212949603796, 0.169444918633, 0.144825190306, 0.141522154212, 0.16884791851], "max": [-6.18604850769, -5.55408668518, -5.46854400635, -5.542760849, -5.8685798645, -7.25092220306], "mean": [-9.11886692047, -7.8246512413, -8.4063243866, -8.77258300781, -8.82676124573, -11.7947626114], "median": [-8.61010551453, -7.367623806, -7.99090337753, -8.35647296906, -8.45725822449, -11.5764875412], "min": [-28.3904132843, -27.7930660248, -27.7683143616, -27.8804607391, -27.5439414978, -27.3740062714], "var": [8.18592262268, 8.43176460266, 7.89475727081, 7.66912317276, 7.61770915985, 5.43542432785]}, "spectral_decrease": {"dmean": 7.31692872957e-10, "dmean2": 1.04198571993e-09, "dvar": 9.25752831019e-19, "dvar2": 1.69231185802e-18, "max": 1.60915142232e-28, "mean": -3.4682803296e-09, "median": -2.80952616727e-09, "min": -3.24591411527e-08, "var": 9.04756340094e-18}, "spectral_energy": {"dmean": 0.00302951200865, "dmean2": 0.00430299900472, "dvar": 1.64444300026e-05, "dvar2": 2.95290792565e-05, "max": 0.137268587947, "mean": 0.0144558986649, "median": 0.0114605668932, "min": 9.81467406694e-21, "var": 0.000166106736287}, "spectral_energyband_high": {"dmean": 0.000100905323052, "dmean2": 0.000147875194671, "dvar": 2.64974659103e-07, "dvar2": 4.28800035479e-07, "max": 0.0250514149666, "mean": 0.000232815291383, "median": 3.44762083841e-05, "min": 7.01382274138e-21, "var": 1.29464160636e-06}, "spectral_energyband_low": {"dmean": 0.000606298679486, "dmean2": 0.000854282989167, "dvar": 2.4885714538e-06, "dvar2": 4.72628607895e-06, "max": 0.0235931705683, "mean": 0.00149235548452, "median": 0.000347289605998, "min": 1.41235778982e-23, "var": 7.65902132116e-06}, "spectral_energyband_middle_high": {"dmean": 0.00178989279084, "dmean2": 0.0024771541357, "dvar": 1.34876090669e-05, "dvar2": 2.28546523431e-05, "max": 0.136160895228, "mean": 0.0066442983225, "median": 0.00193159852643, "min": 1.11869604428e-21, "var": 0.000135776601383}, "spectral_energyband_middle_low": {"dmean": 0.00168398523238, "dmean2": 0.00249709980562, "dvar": 5.09295659867e-06, "dvar2": 1.06867382783e-05, "max": 0.0479451939464, "mean": 0.00635180436075, "median": 0.00510071218014, "min": 1.1134940809e-22, "var": 3.07911577693e-05}, "spectral_entropy": {"dmean": 0.141443029046, "dmean2": 0.2035946697, "dvar": 0.0235688313842, "dvar2": 0.0448773875833, "max": 9.82568073273, "mean": 7.0210313797, "median": 6.99830818176, "min": 4.84259414673, "var": 0.354442447424}, "spectral_flux": {"dmean": 0.0172990914434, "dmean2": 0.0274433586746, "dvar": 0.000459522852907, "dvar2": 0.00112770288251, "max": 0.274169534445, "mean": 0.0565433949232, "median": 0.0469159930944, "min": 6.30236210442e-11, "var": 0.0016737509286}, "spectral_kurtosis": {"dmean": 2.69306397438, "dmean2": 4.60212659836, "dvar": 6.49376487732, "dvar2": 18.3585205078, "max": 37.3742790222, "mean": 9.14770507813, "median": 8.29149055481, "min": -1.27267122269, "var": 24.9811096191}, "spectral_rms": {"dmean": 0.000386899075238, "dmean2": 0.000541644461919, "dvar": 1.87318534017e-07, "dvar2": 3.03734850604e-07, "max": 0.0115724056959, "mean": 0.00340762548149, "median": 0.0033438061364, "min": 3.09439670068e-12, "var": 2.49144954978e-06}, "spectral_rolloff": {"dmean": 308.298034668, "dmean2": 514.344726563, "dvar": 404997.9375, "dvar2": 798871.0625, "max": 19638.28125, "mean": 1865.57324219, "median": 1291.9921875, "min": 21.533203125, "var": 7283088}, "spectral_skewness": {"dmean": 0.280576229095, "dmean2": 0.460815370083, "dvar": 0.0639369860291, "dvar2": 0.162628620863, "max": 4.94398355484, "mean": 1.97791719437, "median": 1.88755249977, "min": -0.0973335728049, "var": 0.56094378233}, "spectral_spread": {"dmean": 312056.28125, "dmean2": 476874.90625, "dvar": 474242908160, "dvar2": 920223678464, "max":