{"lowlevel": {"average_loudness": 0.592698931694, "barkbands": {"dmean": [6.02222062298e-05, 0.00144691392779, 0.000769500911701, 0.00105979957152, 0.000971593544818, 0.000448039878393, 0.000410495093092, 0.000565888010897, 0.00143107178155, 0.000930357899051, 0.000247352902079, 0.000346285203705, 0.000216669621295, 0.000360601057764, 0.000333942240104, 9.26408320083e-05, 0.000141166165122, 0.000194366191863, 0.0001870169217, 0.000184549659025, 9.55117575359e-05, 6.04766173637e-05, 5.48647440155e-05, 3.44655381923e-05, 1.26343375086e-05, 1.03822085293e-05, 9.42997473885e-07], "dmean2": [9.80690456345e-05, 0.00246199197136, 0.00132654723711, 0.00172921619378, 0.00156708445866, 0.000718988943845, 0.000597411242779, 0.000770557671785, 0.00180509220809, 0.00133904523682, 0.000375521107344, 0.00050777127035, 0.000336508732289, 0.00055907323258, 0.000537484476808, 0.000148299513967, 0.000231911879382, 0.000312077463605, 0.000313931290293, 0.000311451236485, 0.000159749775776, 9.54694114625e-05, 8.3587190602e-05, 5.02357179357e-05, 1.80209281098e-05, 1.46635829879e-05, 1.46465390571e-06], "dvar": [1.4495258327e-08, 2.33335467783e-05, 3.85515340895e-06, 5.98108181293e-06, 3.27539464706e-06, 1.03036381915e-06, 1.60009642514e-06, 2.01624175133e-06, 1.07408031909e-05, 5.61167325941e-06, 7.26308314825e-07, 8.24392543564e-07, 7.15844805654e-07, 2.15583531826e-06, 1.65829840171e-06, 8.86421815949e-08, 8.8286959965e-08, 2.26582912433e-07, 1.41744337157e-07, 1.00387154589e-07, 3.80488671681e-08, 1.81654513653e-08, 1.47808254525e-08, 1.70100271646e-08, 8.66129890031e-10, 6.88137602456e-10, 7.03168469632e-12], "dvar2": [3.70898867175e-08, 6.23444939265e-05, 1.08010754047e-05, 1.50005280375e-05, 8.27563872008e-06, 2.57959391092e-06, 3.67282905245e-06, 4.27720078733e-06, 1.76099456439e-05, 1.2297655303e-05, 1.73301521045e-06, 1.87851151168e-06, 1.83005988674e-06, 5.20476169186e-06, 4.2863375711e-06, 2.17195903929e-07, 2.2796984922e-07, 5.77657147005e-07, 3.8801195501e-07, 2.7730558827e-07, 1.05650627802e-07, 4.37832383682e-08, 3.21521689273e-08, 3.34223280163e-08, 1.71528447002e-09, 1.47666234795e-09, 1.67449491772e-11], "max": [0.00325576472096, 0.0526517480612, 0.0346668511629, 0.0408078804612, 0.0390339717269, 0.0299641229212, 0.0394623801112, 0.0368821620941, 0.119369000196, 0.0848722755909, 0.0226441919804, 0.0306173022836, 0.0299464836717, 0.036425255239, 0.0371532477438, 0.0102405343205, 0.00855676922947, 0.0125424833968, 0.00728651834652, 0.00565230799839, 0.0039551355876, 0.00285488273948, 0.00365730677731, 0.00437619397417, 0.000936752010603, 0.000454841880128, 4.58555441583e-05], "mean": [0.000129685664433, 0.0018973404076, 0.00126410950907, 0.00150619563647, 0.0019019425381, 0.000912520452403, 0.000900562736206, 0.00125040707644, 0.00332415127195, 0.00172193220351, 0.000401906057959, 0.000570110045373, 0.000312924996251, 0.000527155236341, 0.000501475122292, 0.000150334919454, 0.000257015781244, 0.000355020980351, 0.000354673771653, 0.000414631591411, 0.00018674437888, 0.000120143995446, 0.000118538977404, 6.7823115387e-05, 2.79444757325e-05, 1.51504355017e-05, 1.01755006199e-06], "median": [9.8574491858e-05, 0.00107084959745, 0.000786477408838, 0.000479648908367, 0.0010365282651, 0.000356906850357, 0.000271075288765, 0.000327841669787, 0.000792295322753, 0.000406706298236, 7.28876329958e-05, 0.000162860116689, 6.98075164109e-05, 4.39627110609e-05, 6.52703747619e-05, 5.11305115651e-05, 0.000114373840916, 0.000124636571854, 0.000175285735168, 0.000236351857893, 9.43331979215e-05, 4.71854873467e-05, 4.48764549219e-05, 2.16555890802e-05, 1.1152251318e-05, 3.7905138015e-06, 1.26352460939e-07], "min": [6.21570394981e-13, 5.65203092662e-12, 4.72795283826e-12, 2.51084092753e-12, 2.32977482792e-12, 9.92049541473e-13, 5.88872863232e-13, 4.06500354211e-13, 3.43419357621e-13, 2.32038102925e-13, 1.07428422982e-13, 1.17305877468e-13, 9.26176521002e-14, 5.98764337808e-14, 5.99061002627e-14, 7.14129208784e-14, 3.66230652846e-14, 5.38069819278e-14, 3.85157400765e-14, 3.27085397883e-14, 3.25250927807e-14, 3.74179210023e-14, 4.34707777858e-14, 3.72053733308e-14, 8.14510609025e-14, 7.86345137225e-14, 6.42035456375e-14], "var": [1.63586673096e-08, 1.72531108547e-05, 3.40271185451e-06, 8.08140885056e-06, 7.01434282746e-06, 3.0637825148e-06, 5.04377931065e-06, 8.27486383059e-06, 5.01277863805e-05, 1.52444235937e-05, 1.41107079799e-06, 1.68508847764e-06, 1.00422562355e-06, 3.64544962395e-06, 2.77823141914e-06, 1.37114312793e-07, 1.87747517089e-07, 5.55519761747e-07, 2.74030725222e-07, 2.82265432361e-07, 7.54952864668e-08, 3.69753756502e-08, 3.7173609968e-08, 3.6195451969e-08, 2.04675965065e-09, 1.03800124052e-09, 7.82842193847e-12]}, "barkbands_crest": {"dmean": 2.2030313015, "dmean2": 3.46750092506, "dvar": 4.83854341507, "dvar2": 12.4041433334, "max": 25.4092769623, "mean": 9.87985897064, "median": 8.89074516296, "min": 2.39379906654, "var": 18.5135383606}, "barkbands_flatness_db": {"dmean": 0.0166357271373, "dmean2": 0.0245690364391, "dvar": 0.000297198741464, "dvar2": 0.000694674963597, "max": 0.629775702953, "mean": 0.142557501793, "median": 0.117606960237, "min": 0.0185396913439, "var": 0.00875910650939}, "barkbands_kurtosis": {"dmean": 2.68285083771, "dmean2": 4.12801742554, "dvar": 68.3661422729, "dvar2": 164.740615845, "max": 410.391082764, "mean": 7.28271818161, "median": 1.67356336117, "min": -1.89191925526, "var": 496.0105896}, "barkbands_skewness": {"dmean": 0.406416118145, "dmean2": 0.611374914646, "dvar": 0.285790205002, "dvar2": 0.734982788563, "max": 18.0013694763, "mean": 1.49819266796, "median": 1.17627608776, "min": -1.59440088272, "var": 1.8957734108}, "barkbands_spread": {"dmean": 4.73042631149, "dmean2": 7.27361822128, "dvar": 38.3320884705, "dvar2": 86.0473022461, "max": 103.05846405, "mean": 21.1630001068, "median": 20.0642642975, "min": 0.349280118942, "var": 167.299331665}, "dissonance": {"dmean": 0.0181203577667, "dmean2": 0.0297147650272, "dvar": 0.000351815368049, "dvar2": 0.000922276522033, "max": 0.499985426664, "mean": 0.455351114273, "median": 0.46618103981, "min": 0.215434640646, "var": 0.00142852484714}, "dynamic_complexity": 5.12395620346, "erbbands": {"dmean": [0.0307727064937, 0.369021117687, 0.894496500492, 2.05781769753, 4.10146570206, 2.97288799286, 2.85499310493, 3.77643799782, 5.36335849762, 7.1200966835, 16.7789821625, 34.7979812622, 30.8319377899, 19.2892837524, 8.83747196198, 14.911895752, 10.5431194305, 17.704366684, 12.8370761871, 16.5830192566, 4.87117242813, 7.1593580246, 9.14164066315, 10.2636394501, 8.84199810028, 9.25029087067, 5.30200910568, 2.70885920525, 2.16549730301, 2.03488659859, 1.5142377615, 1.00084412098, 0.418598413467, 0.169058859348, 0.0837565213442, 0.048047516495, 0.0194718390703, 0.00296105351299, 0.000155938774697, 8.83934626472e-06], "dmean2": [0.050753261894, 0.644458532333, 1.55315566063, 3.40486121178, 6.64728832245, 4.80962705612, 4.56187868118, 5.97533035278, 8.34081935883, 9.62306690216, 22.1430568695, 43.3884620667, 44.5564308167, 26.9569454193, 13.0242166519, 21.7994403839, 16.0705509186, 27.4889030457, 19.9592666626, 26.5416049957, 7.8570766449, 11.6754655838, 14.578083992, 16.9319000244, 14.7454957962, 15.5933027267, 8.9977350235, 4.46043157578, 3.43053221703, 3.14177918434, 2.30501437187, 1.47873699665, 0.612224578857, 0.248180478811, 0.120231315494, 0.0669248104095, 0.0283048208803, 0.00452686334029, 0.000238136126427, 1.29411519083e-05], "dvar": [0.00931855104864, 1.58584153652, 6.11880159378, 20.234457016, 81.363319397, 35.2003135681, 46.1897659302, 83.9496841431, 234.652893066, 444.758270264, 1514.38549805, 7686.19775391, 6571.64453125, 3014.17944336, 638.514953613, 1495.17285156, 1777.83666992, 5338.83886719, 1758.22277832, 6081.31689453, 107.838562012, 215.028411865, 401.489654541, 547.040466309, 280.530517578, 259.21295166, 112.019447327, 36.5887680054, 23.5506858826, 20.1384029388, 11.0575962067, 13.4662790298, 2.22581624985, 0.170143276453, 0.0355972833931, 0.0130519755185, 0.00281154131517, 6.93334659445e-05, 1.94719461888e-07, 2.30384669675e-10], "dvar2": [0.0233594160527, 4.34729957581, 17.1822929382, 53.8071174622, 202.024673462, 87.5429458618, 111.971748352, 206.811264038, 571.919311523, 870.709350586, 3167.98364258, 12772.5673828, 14862.8369141, 6176.06591797, 1437.61376953, 3481.7019043, 4624.83789063, 13174.6962891, 4281.77001953, 15692.3339844, 270.686737061, 541.680358887, 960.644836426, 1483.65563965, 763.983581543, 717.351928711, 320.753387451, 93.7764892578, 57.5484733582, 45.3908882141, 23.4726867676, 27.2520332336, 4.63848686218, 0.345531016588, 0.0706858038902, 0.0262249484658, 0.00628462480381, 0.000163282355061, 4.49907645361e-07, 5.08852404657e-10], "max": [1.11531972885, 13.5633058548, 34.1595115662, 72.7481307983, 197.96307373, 145.932830811, 179.185394287, 296.193969727, 596.006347656, 868.953613281, 1012.38049316, 3250.45166016, 3251.40576172, 1470.0892334, 637.185058594, 1303.96716309, 1589.46362305, 1760.93518066, 1138.5949707, 1978.87219238, 314.531585693, 459.125610352, 505.87991333, 647.862487793, 297.684204102, 271.590454102, 223.349639893, 158.449447632, 86.8725814819, 95.6921386719, 117.462394714, 107.613929749, 59.4023132324, 14.0143795013, 5.13930988312, 2.11630678177, 0.86279386282, 0.166552901268, 0.00911662727594, 0.000224329240154], "mean": [0.0437939725816, 0.468669563532, 1.38494324684, 3.34919953346, 6.45090723038, 6.05654525757, 5.64031505585, 7.76008892059, 10.5979738235, 17.8152885437, 40.288105011, 79.6856002808, 63.9339675903, 36.918800354, 17.153377533, 25.2485618591, 17.1201705933, 26.0336914063, 21.3073101044, 24.3809547424, 9.6079416275, 14.0686578751, 18.2213172913, 19.6696853638, 18.2515735626, 20.3809490204, 11.32284832, 5.22134399414, 4.31685638428, 4.06050109863, 3.31204652786, 1.96247172356, 0.828207015991, 0.352790117264, 0.186463683844, 0.0870338454843, 0.0239484682679, 0.00326214754023, 0.00018684360839, 2.80995427602e-05], "median": [0.0249186661094, 0.260186553001, 0.842725872993, 1.5621162653, 2.74253487587, 2.90271735191, 2.4297747612, 2.84480452538, 4.33764839172, 4.75400543213, 13.8026733398, 20.0099887848, 18.9031791687, 9.87742996216, 6.25353908539, 8.21487426758, 4.6518497467, 2.83644962311, 3.58059310913, 3.10110807419, 3.97476315498, 6.31316757202, 7.32713222504, 8.88805103302, 9.34440422058, 11.4361772537, 6.12188625336, 2.65562725067, 1.69895660877, 1.48289954662, 1.26880979538, 0.603775024414, 0.282643914223, 0.142294093966, 0.0723498314619, 0.0264881886542, 0.00437540141866, 0.000476268061902, 3.66426975233e-05, 1.95210704987e-05], "min": [1.43918113538e-10, 1.35596511797e-09, 4.96114571646e-09, 7.8760162836e-09, 6.93529456086e-09, 8.0207405162e-09, 9.08540709332e-09, 7.81717623966e-09, 9.57227008769e-09, 7.68104158055e-09, 8.28493984528e-09, 8.45639736013e-09, 7.64620899929e-09, 6.05156635913e-09, 4.02536493027e-09, 4.55907311903e-09, 4.56574511531e-09, 3.04911473847e-09, 3.43086781207e-09, 3.2491156432e-09, 3.66066466029e-09, 2.06139949555e-09, 2.92261459478e-09, 2.87136558974e-09, 1.63194080471e-09, 1.45744727398e-09, 1.29788546577e-09, 1.15309395365e-09, 1.40435940654e-09, 1.57286927926e-09, 9.47364076076e-10, 7.45160377846e-10, 6.9758920862e-10, 8.01442912035e-10, 6.83959333614e-10, 3.09907294271e-10, 1.33762917409e-10, 4.12935137473e-11, 1.06478064213e-11, 1.02146318747e-12], "var": [0.00816123373806, 1.08994269371, 4.74946928024, 25.8344173431, 120.307472229, 97.5198440552, 113.959487915, 253.495315552, 431.172119141, 2493.0078125, 6340.95458984, 32732.4804688, 17851.7714844, 8698.03808594, 1496.4744873, 3020.28588867, 2455.40673828, 8527.83300781, 3561.86889648, 9195.03125, 260.562103271, 514.022705078, 1165.3482666, 1172.79858398, 646.077514648, 686.459350586, 251.681137085, 63.4315261841, 48.6845207214, 45.4131546021, 28.8534660339, 28.7115516663, 4.33874082565, 0.370744556189, 0.0889360904694, 0.0262437090278, 0.00346655212343, 7.4411611422e-05, 2.37112800505e-07, 7.28746563095e-10]}, "erbbands_crest": {"dmean": 2.75443577766, "dmean2": 4.08796262741, "dvar": 7.17412567139, "dvar2": 16.3913860321, "max": 33.2148742676, "mean": 11.5749568939, "median": 9.98148918152, "min": 2.71220612526, "var": 36.7026405334}, "erbbands_flatness_db": {"dmean": 0.0161763448268, "dmean2": 0.0216351095587, "dvar": 0.000241541230935, "dvar2": 0.000432711094618, "max": 0.397511333227, "mean": 0.16686655581, "median": 0.160347700119, "min": 0.039104051888, "var": 0.00236338656396}, "erbbands_kurtosis": {"dmean": 1.8118493557, "dmean2": 2.31702589989, "dvar": 30.0032024384, "dvar2": 35.151222229, "max": 342.22052002, "mean": 5.00706577301, "median": -0.156494528055, "min": -1.87772786617, "var": 680.576721191}, "erbbands_skewness": {"dmean": 0.384617269039, "dmean2": 0.557108283043, "dvar": 0.146735161543, "dvar2": 0.305533081293, "max": 13.7455415726, "mean": 0.884825944901, "median": 0.575803399086, "min": -3.27828216553, "var": 2.90163731575}, "erbbands_spread": {"dmean": 7.43822050095, "dmean2": 10.8868112564, "dvar": 68.9058303833, "dvar2": 145.825698853, "max": 141.293548584, "mean": 37.9082107544, "median": 36.2317581177, "min": 1.0978654623, "var": 386.32598877}, "gfcc": {"cov": [[15214.6572266, -1498.08044434, -4143.6953125, -728.841369629, -1660.96508789, 38.4278831482, -393.16317749, 336.525909424, -467.385742188, -111.859275818, -534.471923828, -258.232543945, -67.2575531006], [-1498.08044434, 887.136291504, 208.674972534, -45.5229110718, 149.481491089, -128.519104004, 159.156906128, -41.777141571, 116.086540222, -22.6057357788, 159.385620117, -12.6073036194, 53.1826629639], [-4143.6953125, 208.674972534, 1680.07861328, 296.042633057, 495.606842041, 69.5977783203, 87.8596725464, -57.976108551, 138.331710815, 58.7678871155, 102.876373291, 98.2998962402, -33.4336013794], [-728.841369629, -45.5229110718, 296.042633057, 341.520568848, 142.983886719, -7.71842718124, -21.9643249512, -68.7780303955, 7.68005800247, -1.26227855682, 12.9971761703, 41.9467544556, 5.483938694], [-1660.96508789, 149.481491089, 495.606842041, 142.983886719, 373.151885986, 32.0259208679, 33.4416313171, -66.9744720459, 44.7579841614, 30.226140976, 46.6868438721, 40.5508079529, 2.78893280029], [38.4278831482, -128.519104004, 69.5977783203, -7.71842718124, 32.0259208679, 194.01171875, 3.21410989761, -1.91320335865, 4.37131500244, 1.27935516834, 6.39500379562, 3.98147416115, -13.7280273438], [-393.16317749, 159.156906128, 87.8596725464, -21.9643249512, 33.4416313171, 3.21410989761, 218.57043457, 61.4372749329, 10.2596750259, 8.58535289764, -1.62037670612, -22.4125595093, 5.63820838928], [336.525909424, -41.777141571, -57.976108551, -68.7780303955, -66.9744720459, -1.91320335865, 61.4372749329, 147.571258545, 39.1238746643, 11.1235361099, -41.4075737, -38.7875328064, -5.81537866592], [-467.385742188, 116.086540222, 138.331710815, 7.68005800247, 44.7579841614, 4.37131500244, 10.2596750259, 39.1238746643, 152.843902588, 35.6753387451, 29.7319698334, -15.5687541962, -4.73788404465], [-111.859275818, -22.6057357788, 58.7678871155, -1.26227855682, 30.226140976, 1.27935516834, 8.58535289764, 11.1235361099, 35.6753387451, 97.9396820068, 27.660905838, 5.83183574677, -10.2042255402], [-534.471923828, 159.385620117, 102.876373291, 12.9971761703, 46.6868438721, 6.39500379562, -1.62037670612, -41.4075737, 29.7319698334, 27.660905838, 132.562332153, 52.4024810791, 0.114818282425], [-258.232543945, -12.6073036194, 98.2998962402, 41.9467544556, 40.5508079529, 3.98147416115, -22.4125595093, -38.7875328064, -15.5687541962, 5.83183574677, 52.4024810791, 110.862503052, 18.5723304749], [-67.2575531006, 53.1826629639, -33.4336013794, 5.483938694, 2.78893280029, -13.7280273438, 5.63820838928, -5.81537866592, -4.73788404465, -10.2042255402, 0.114818282425, 18.5723304749, 75.0614471436]], "icov": [[0.00038180151023, -0.000146219463204, 0.000742048432585, -0.000219182751607, 0.000692744157277, -0.000555853592232, 0.000454809924122, -0.00049959064927, 0.000432366214227, -0.000581274915021, 0.0010236504022, -0.000523085123859, 0.00066810217686], [-0.000146219463204, 0.00413097813725, -0.000342125451425, 0.00148625078145, -0.00156447628979, 0.00325541826896, -0.00310066668317, 0.00226738699712, -0.00287933996879, 0.00366036826745, -0.00568672595546, 0.00303246406838, -0.00268254755065], [0.000742048432585, -0.000342125451425, 0.00260569248348, -0.000918394711334, 0.000168162354385, -0.00127436243929, 0.000579091778491, -0.00117843272164, 0.000212620230741, -0.00107786851004, 0.00199394184165, -0.00178652803879, 0.00206678221002], [-0.000219182751607, 0.00148625078145, -0.000918394711334, 0.00463132979348, -0.00159701250959, 0.0018114753766, -0.00101760413963, 0.00235706125386, -0.00144488422666, 0.00176266359631, -0.00143858650699, 0.000462468946353, -0.00131098006386], [0.000692744157277, -0.00156447628979, 0.000168162354385, -0.00159701250959, 0.00689544482157, -0.00243725045584, 0.000832351041026, 0.00067144294735, 0.000891385658178, -0.0030849953182, 0.00378757924773, -0.00186123256572, 0.00129991467111], [-0.000555853592232, 0.00325541826896, -0.00127436243929, 0.0018114753766, -0.00243725045584, 0.00845363829285, -0.00279153115116, 0.0021969913505, -0.00259638251737, 0.00368800316937, -0.00547052267939, 0.00264016841538, -0.00179542414844], [0.000454809924122, -0.00310066668317, 0.000579091778491, -0.00101760413963, 0.000832351041026, -0.00279153115116, 0.00856204144657, -0.00535296648741, 0.00386238144711, -0.00316051091067, 0.003688381752, -0.00103748613037, 0.00140257109888], [-0.00049959064927, 0.00226738699712, -0.00117843272164, 0.00235706125386, 0.00067144294735, 0.0021969913505, -0.00535296648741, 0.0137011948973, -0.00585511280224, 0.00118637294509, 0.000103187834611, 0.00196989346296, -0.00160665460862], [0.000432366214227, -0.00287933996879, 0.000212620230741, -0.00144488422666, 0.000891385658178, -0.00259638251737, 0.00386238144711, -0.00585511280224, 0.0119760902599, -0.00485828286037, 0.00128105946351, 0.000649977882858, 0.00130872731097], [-0.000581274915021, 0.00366036826745, -0.00107786851004, 0.00176266359631, -0.0030849953182, 0.00368800316937, -0.00316051091067, 0.00118637294509, -0.00485828286037, 0.0158637687564, -0.00811899732798, 0.00267953961156, -0.00140536250547], [0.0010236504022, -0.00568672595546, 0.00199394184165, -0.00143858650699, 0.00378757924773, -0.00547052267939, 0.003688381752, 0.000103187834611, 0.00128105946351, -0.00811899732798, 0.0216829814017, -0.0105546312407, 0.00608480907977], [-0.000523085123859, 0.00303246406838, -0.00178652803879, 0.000462468946353, -0.00186123256572, 0.00264016841538, -0.00103748613037, 0.00196989346296, 0.000649977882858, 0.00267953961156, -0.0105546312407, 0.0166252925992, -0.00635636784136], [0.00066810217686, -0.00268254755065, 0.00206678221002, -0.00131098006386, 0.00129991467111, -0.00179542414844, 0.00140257109888, -0.00160665460862, 0.00130872731097, -0.00140536250547, 0.00608480907977, -0.00635636784136, 0.01768656075]], "mean": [-37.7565879822, 94.3620529175, -111.248176575, 40.9156074524, -62.9539909363, 10.0463790894, -25.7144889832, 14.4877767563, -25.8085098267, -3.25147676468, -17.0720024109, -3.98153162003, -15.0078687668]}, "hfc": {"dmean": 4.26253700256, "dmean2": 6.11509656906, "dvar": 42.1925163269, "dvar2": 88.7641448975, "max": 138.915390015, "mean": 17.7386074066, "median": 11.9128818512, "min": 8.77914807518e-09, "var": 315.440582275}, "melbands": {"dmean": [0.000344920175849, 0.000476219924167, 0.000430128508015, 0.000244252732955, 0.000102696969407, 8.7159613031e-05, 8.21744979476e-05, 8.01255227998e-05, 0.000165738922078, 0.000207178309211, 0.000155108195031, 8.31583674881e-05, 3.36700250045e-05, 3.42924795405e-05, 3.46957567672e-05, 1.97390254471e-05, 3.74046649085e-05, 2.20962519961e-05, 2.36923006014e-05, 1.35422387757e-05, 6.15468843534e-06, 8.0280660768e-06, 9.2022046374e-06, 9.81385164778e-06, 9.13154053706e-06, 7.2551406447e-06, 6.95067319612e-06, 6.77256275594e-06, 4.44591478299e-06, 2.12133113564e-06, 1.54377937633e-06, 1.32283980747e-06, 1.2162057601e-06, 1.18876812394e-06, 9.55505583988e-07, 8.337814279e-07, 5.8321694496e-07, 3.23656479395e-07, 2.21510873644e-07, 1.30763794459e-07], "dmean2": [0.000576544553041, 0.000825627008453, 0.000698868185282, 0.000394569913624, 0.000163791526575, 0.000138827890623, 0.000125386286527, 0.000109169704956, 0.000214351792238, 0.000261027162196, 0.000223372495384, 0.000116052142403, 5.01569375047e-05, 5.04747586092e-05, 5.11552680109e-05, 3.08069356834e-05, 5.81102467549e-05, 3.4341315768e-05, 3.78481345251e-05, 2.17140659515e-05, 1.01085170172e-05, 1.31670831252e-05, 1.48355429701e-05, 1.57579597726e-05, 1.5216483007e-05, 1.21704433695e-05, 1.18196794574e-05, 1.147454077e-05, 7.61420233175e-06, 3.49822039425e-06, 2.57996930486e-06, 2.14593796954e-06, 1.9179899482e-06, 1.85690203125e-06, 1.48610251927e-06, 1.26612496842e-06, 8.7446295538e-07, 4.82707321225e-07, 3.35643534299e-07, 1.97901769639e-07], "dvar": [1.26449288018e-06, 2.0053391836e-06, 8.67993321663e-07, 2.21199741191e-07, 4.93017573433e-08, 4.23798489635e-08, 5.56731620804e-08, 4.47530972281e-08, 1.29021273665e-07, 2.48411851089e-07, 1.65270051866e-07, 5.68791485023e-08, 1.16783942516e-08, 7.8137087911e-09, 1.31289370486e-08, 5.94341509341e-09, 2.58131329645e-08, 5.67538016583e-09, 9.83636549989e-09, 3.91928001164e-09, 1.8496543186e-10, 3.03270492052e-10, 4.46619297101e-10, 6.49192644087e-10, 4.37612945881e-10, 2.46073300625e-10, 1.64121063961e-10, 1.47978476694e-10, 8.64276011869e-11, 1.81751592943e-11, 1.31648277349e-11, 9.00847885871e-12, 8.09246506611e-12, 6.90247815502e-12, 3.91228759458e-12, 5.6380286724e-12, 6.05144536911e-12, 1.40960214421e-12, 4.40966084177e-13, 8.1115703618e-14], "dvar2": [3.29595172843e-06, 5.55831729798e-06, 2.18109016714e-06, 5.59089983199e-07, 1.14788093697e-07, 1.04762023057e-07, 1.34728466605e-07, 8.83960851183e-08, 2.47379176699e-07, 4.28797648055e-07, 3.72482901412e-07, 1.15884269292e-07, 2.71310156563e-08, 1.85428632449e-08, 3.09824663702e-08, 1.48984904413e-08, 6.33243288917e-08, 1.37448337156e-08, 2.50839153892e-08, 1.00286356997e-08, 4.90628315752e-10, 7.79652897798e-10, 1.06872877215e-09, 1.55050106088e-09, 1.19529763865e-09, 6.83685053016e-10, 4.61901433768e-10, 4.0747127894e-10, 2.53683546392e-10, 4.74790103067e-11, 3.44483885861e-11, 2.27261733737e-11, 1.96249128059e-11, 1.59488863088e-11, 8.8438362536e-12, 1.20874785875e-11, 1.30036736587e-11, 3.04944611229e-12, 9.73501878068e-13, 1.72160517179e-13], "max": [0.0121256439015, 0.0159264970571, 0.0164164416492, 0.00988324545324, 0.00557043589652, 0.00641896249726, 0.00906254630536, 0.00774437608197, 0.00947015918791, 0.0176941752434, 0.0161530300975, 0.0065425732173, 0.0029298751615, 0.00201346632093, 0.00584702333435, 0.00229134364054, 0.00393643928692, 0.00163977302145, 0.00367764662951, 0.00186972878873, 0.000416503607994, 0.000596898491494, 0.000651242502499, 0.000783566501923, 0.000548413197976, 0.000381748570362, 0.000223427981837, 0.000240574212512, 0.000216206739424, 7.15506321285e-05, 0.000121519813547, 6.79511213093e-05, 5.72630051465e-05, 7.12652108632e-05, 5.62622590223e-05, 8.53920355439e-05, 7.95972518972e-05, 4.57886999357e-05, 2.71183853329e-05, 6.42256190986e-06], "mean": [0.000473347929073, 0.000705534766894, 0.000704151578248, 0.000456258334452, 0.000212369399378, 0.000178360307473, 0.000168794693309, 0.000195201631868, 0.000393536232878, 0.000476511107991, 0.000309094786644, 0.000152639171574, 5.84043809795e-05, 5.78014005441e-05, 5.7510282204e-05, 2.88218943751e-05, 5.27418487763e-05, 3.35794247803e-05, 3.56275195372e-05, 1.94987642317e-05, 1.05136050479e-05, 1.40569572977e-05, 1.6218449673e-05, 1.74269844138e-05, 1.56950573e-05, 1.28700985442e-05, 1.37386223287e-05, 1.35536402013e-05, 8.3534660007e-06, 3.90010609408e-06, 2.58968475464e-06, 2.46387844527e-06, 2.21310961024e-06, 2.25245707952e-06, 1.9649821752e-06, 1.62351352628e-06, 1.02240790056e-06, 5.96918084739e-07, 4.0465633333e-07, 2.63511026333e-07], "median": [0.00027087223134, 0.000429008359788, 0.000324742286466, 0.000232668084209, 9.84963116935e-05, 6.48567220196e-05, 6.59945508232e-05, 5.43969908904e-05, 0.000125909136841, 0.000123132704175, 8.39775748318e-05, 3.1452436815e-05, 1.46376469274e-05, 1.86301986105e-05, 1.59780029207e-05, 5.96366589889e-06, 4.38256120106e-06, 5.07769527758e-06, 4.27243139711e-06, 3.37820074492e-06, 4.42548025603e-06, 6.02019554208e-06, 6.07456331636e-06, 6.29560690868e-06, 6.73411705066e-06, 5.59636919206e-06, 7.57999487178e-06, 6.98727444615e-06, 4.10825032304e-06, 1.8253080043e-06, 1.16870614875e-06, 8.87393071025e-07, 8.01031774245e-07, 7.76104798206e-07, 7.34276795811e-07, 5.55660051305e-07, 2.73834643849e-07, 1.90209803463e-07, 1.48364989627e-07, 1.05555052698e-07], "min": [1.45858162787e-12, 2.39027547755e-12, 1.35168211259e-12, 5.14252919762e-13, 3.37381842299e-13, 1.81052696164e-13, 1.38612117118e-13, 8.60783544595e-14, 6.38768755229e-14, 5.20145348505e-14, 3.80550320802e-14, 2.57175143946e-14, 1.42686850426e-14, 1.19775490117e-14, 1.21337334169e-14, 8.74781153683e-15, 5.16556436026e-15, 5.54456332328e-15, 4.35809081626e-15, 5.01670975473e-15, 3.89076664563e-15, 2.10886957548e-15, 1.94320178946e-15, 3.02677207537e-15, 2.3528768977e-15, 9.77211217456e-16, 1.34356683731e-15, 8.64492519759e-16, 6.96472364424e-16, 9.07980673578e-16, 5.7460285216e-16, 8.56192179211e-16, 7.10100012814e-16, 9.42795951172e-16, 4.74199325301e-16, 5.68512844088e-16, 4.41537973083e-16, 4.11213531827e-16, 6.63567357884e-16, 6.39547144627e-16], "var": [1.00239333278e-06, 1.45673550378e-06, 1.20837182749e-06, 4.25226346579e-07, 1.3907269647e-07, 1.28621309159e-07, 1.12363665039e-07, 2.43281675694e-07, 5.69175540477e-07, 1.05855019683e-06, 4.42025907432e-07, 1.66709043015e-07, 2.47549891697e-08, 1.59096575914e-08, 2.28623040499e-08, 8.79829897826e-09, 4.03440374441e-08, 1.02446477968e-08, 1.6458647778e-08, 5.79971759507e-09, 3.05639596965e-10, 5.83162795831e-10, 1.070769029e-09, 1.6439776207e-09, 8.21534118511e-10, 4.53796611399e-10, 3.45688699888e-10, 3.40423272904e-10, 1.65741628755e-10, 3.29981805769e-11, 1.99145960139e-11, 1.73109963864e-11, 1.46319362876e-11, 1.49274238803e-11, 9.83777295738e-12, 1.21727905533e-11, 1.12113729758e-11, 2.58807775558e-12, 7.56614768668e-13, 1.77301871644e-13]}, "melbands_crest": {"dmean": 2.5503282547, "dmean2": 4.01961231232, "dvar": 6.07066345215, "dvar2": 15.5684547424, "max": 33.4536323547, "mean": 12.847495079, "median": 11.9544467926, "min": 3.5073223114, "var": 23.7895298004}, "melbands_flatness_db": {"dmean": 0.0197182614356, "dmean2": 0.0295667536557, "dvar": 0.000466323981527, "dvar2": 0.00112339726184, "max": 0.788228988647, "mean": 0.211344838142, "median": 0.179357379675, "min": 0.0561873912811, "var": 0.0138616198674}, "melbands_kurtosis": {"dmean": 5.64975786209, "dmean2": 8.81614589691, "dvar": 278.40246582, "dvar2": 769.478637695, "max": 534.485290527, "mean": 14.6421728134, "median": 5.7951593399, "min": -1.61640715599, "var": 876.378601074}, "melbands_skewness": {"dmean": 0.566051840782, "dmean2": 0.837704062462, "dvar": 0.56798774004, "dvar2": 1.43631637096, "max": 16.5046348572, "mean": 2.30178689957, "median": 1.85454571247, "min": -1.35182499886, "var": 2.96695184708}, "melbands_spread": {"dmean": 5.40039014816, "dmean2": 8.44621276855, "dvar": 53.606086731, "dvar2": 129.212738037, "max": 181.694839478, "mean": 23.0569152832, "median": 21.4691886902, "min": 0.305537253618, "var": 220.570602417}, "mfcc": {"cov": [[13310.4589844, -942.180786133, -2038.49084473, -1099.3145752, -1472.57299805, -835.268127441, -381.41394043, -156.430786133, -81.5600509644, 253.002944946, -342.348144531, -380.873901367, -329.702301025], [-942.180786133, 859.537841797, -9.60297679901, 44.6692581177, -45.4789352417, -61.3892936707, 13.6496648788, -1.98776054382, -36.7468833923, -9.05607509613, 43.5194396973, 55.9643249512, 43.4362754822], [-2038.49084473, -9.60297679901, 707.500915527, 195.294509888, 283.433563232, 161.751159668, 38.5453872681, 55.4391670227, 6.54408359528, -33.3215942383, 79.3094177246, 66.0342941284, 49.3443183899], [-1099.3145752, 44.6692581177, 195.294509888, 382.156280518, 151.886367798, 78.1658554077, 32.0557975769, -12.0514669418, 31.6641292572, -87.0536727905, 13.6776027679, 41.5278282166, 51.6634979248], [-1472.57299805, -45.4789352417, 283.433563232, 151.886367798, 401.640869141, 180.146270752, -1.71305775642, 8.68725967407, -26.2685184479, -24.7006607056, 22.3325576782, 27.2583961487, 20.7179927826], [-835.268127441, -61.3892936707, 161.751159668, 78.1658554077, 180.146270752, 225.527069092, 64.9727783203, 17.0384597778, -20.260175705, -27.5418758392, 26.9023513794, 12.6480064392, 6.31148052216], [-381.41394043, 13.6496648788, 38.5453872681, 32.0557975769, -1.71305775642, 64.9727783203, 152.753250122, 33.5837135315, 28.1084003448, -16.3112926483, 12.606543541, 9.84651565552, 5.36947584152], [-156.430786133, -1.98776054382, 55.4391670227, -12.0514669418, 8.68725967407, 17.0384597778, 33.5837135315, 105.806182861, 21.524641037, 13.2924232483, 11.1628103256, -6.51395225525, -0.160629451275], [-81.5600509644, -36.7468833923, 6.54408359528, 31.6641292572, -26.2685184479, -20.260175705, 28.1084003448, 21.524641037, 158.708892822, 53.6234016418, 11.8673095703, 0.889477550983, -2.00087594986], [253.002944946, -9.05607509613, -33.3215942383, -87.0536727905, -24.7006607056, -27.5418758392, -16.3112926483, 13.2924232483, 53.6234016418, 145.867553711, 38.6497612, -8.92100143433, -23.9245643616], [-342.348144531, 43.5194396973, 79.3094177246, 13.6776027679, 22.3325576782, 26.9023513794, 12.606543541, 11.1628103256, 11.8673095703, 38.6497612, 112.816841125, 42.310546875, 10.9325199127], [-380.873901367, 55.9643249512, 66.0342941284, 41.5278282166, 27.2583961487, 12.6480064392, 9.84651565552, -6.51395225525, 0.889477550983, -8.92100143433, 42.310546875, 94.1773681641, 45.9911575317], [-329.702301025, 43.4362754822, 49.3443183899, 51.6634979248, 20.7179927826, 6.31148052216, 5.36947584152, -0.160629451275, -2.00087594986, -23.9245643616, 10.9325199127, 45.9911575317, 94.2321624756]], "icov": [[0.000286000256892, 0.000329901871737, 0.000413385307183, 0.000105091647129, 0.000673229747918, 0.000122500947327, 0.000397574622184, -2.42777387029e-05, 0.000319786369801, -0.000261573004536, 0.000219069203013, 0.000120759570564, 0.000251621066127], [0.000329901871737, 0.00170132343192, 0.000546173076145, -0.000167506092112, 0.000809301098343, 0.000759656832088, 9.13058684091e-05, -0.000145603422425, 0.0009823536966, -0.000467592239147, -0.000178937989403, -0.000326658977428, 2.39478194999e-05], [0.000413385307183, 0.000546173076145, 0.00300257490017, -0.0003576457093, -0.000250185607001, -9.53183844103e-05, 0.000613259384409, -0.00115623499732, 0.000349603098584, -1.1892620023e-05, -0.000817216758151, -0.000352163391653, 0.000113968890219], [0.000105091647129, -0.000167506092112, -0.0003576457093, 0.00454675592482, -0.00103325664531, 4.42435739387e-05, -7.51013067202e-05, 0.00109423708636, -0.0021487378981, 0.00296579045244, -0.000584649853408, 0.000168754035258, -0.000937424832955], [0.000673229747918, 0.000809301098343, -0.000250185607001, -0.00103325664531, 0.00709018157795, -0.00352287129499, 0.00289807794616, -0.000179532769835, 0.00147958169691, -0.0018022247823, 0.00167026184499, -0.000309743714752, 0.000722871860489], [0.000122500947327, 0.000759656832088, -9.53183844103e-05, 4.42435739387e-05, -0.00352287129499, 0.00944397691637, -0.00396798690781, 0.000139322088216, 0.00146286049858, 0.000610758957919, -0.00171641784254, 0.000871068972629, 0.000432569999248], [0.000397574622184, 9.13058684091e-05, 0.000613259384409, -7.51013067202e-05, 0.00289807794616, -0.00396798690781, 0.0100651271641, -0.00240122829564, -0.00164955225773, 0.00111666391604, 0.000211349426536, -0.000668481807224, 0.000670201901812], [-2.42777387029e-05, -0.000145603422425, -0.00115623499732, 0.00109423708636, -0.000179532769835, 0.000139322088216, -0.00240122829564, 0.0113805448636, -0.00122744927648, -0.000271691969829, -0.000674298207741, 0.00210069841705, -0.000868012371939], [0.000319786369801, 0.0009823536966, 0.000349603098584, -0.0021487378981, 0.00147958169691, 0.00146286049858, -0.00164955225773, -0.00122744927648, 0.00962414965034, -0.00503725325689, 0.00107402261347, -0.000314528035233, 0.000284027832095], [-0.000261573004536, -0.000467592239147, -1.1892620023e-05, 0.00296579045244, -0.0018022247823, 0.000610758957919, 0.00111666391604, -0.000271691969829, -0.00503725325689, 0.0124736856669, -0.00517550343648, 0.00128912180662, 0.00100304174703], [0.000219069203013, -0.000178937989403, -0.000817216758151, -0.000584649853408, 0.00167026184499, -0.00171641784254, 0.000211349426536, -0.000674298207741, 0.00107402261347, -0.00517550343648, 0.0141480537131, -0.00600467575714, 0.0013300239807], [0.000120759570564, -0.000326658977428, -0.000352163391653, 0.000168754035258, -0.000309743714752, 0.000871068972629, -0.000668481807224, 0.00210069841705, -0.000314528035233, 0.00128912180662, -0.00600467575714, 0.0179047416896, -0.00700495950878], [0.000251621066127, 2.39478194999e-05, 0.000113968890219, -0.000937424832955, 0.000722871860489, 0.000432569999248, 0.000670201901812, -0.000868012371939, 0.000284027832095, 0.00100304174703, 0.0013300239807, -0.00700495950878, 0.0152333704755]], "mean": [-675.790527344, 116.832069397, 6.23005867004, 33.3428230286, -6.38272809982, 0.808008730412, 5.35666465759, 11.7524671555, -1.63808071613, 7.42791414261, -1.30661714077, -0.67899620533, -3.43069672585]}, "pitch_salience": {"dmean": 0.0552470497787, "dmean2": 0.0872863456607, "dvar": 0.00272424682043, "dvar2": 0.00702328933403, "max": 0.810633659363, "mean": 0.532397449017, "median": 0.540988445282, "min": 0.146642252803, "var": 0.00984363164753}, "silence_rate_20dB": {"dmean": 0, "dmean2": 0, "dvar": 0, "dvar2": 0, "max": 1, "mean": 1, "median": 1, "min": 1, "var": 0}, "silence_rate_30dB": {"dmean": 0.000724965997506, "dmean2": 0.00145006342791, "dvar": 0.000724426587112, "dvar2": 0.0016291635111, "max": 1, "mean": 0.99936568737, "median": 1, "min": 0, "var": 0.000633906456642}, "silence_rate_60dB": {"dmean": 0.0208427738398, "dmean2": 0.041689325124, "dvar": 0.0204039514065, "dvar2": 0.0479269511998, "max": 1, "mean": 0.125860825181, "median": 0, "min": 0, "var": 0.11004139483}, "spectral_centroid": {"dmean": 224.59324646, "dmean2": 358.233062744, "dvar": 73256.4609375, "dvar2": 166008.0625, "max": 10940.4550781, "mean": 1391.82910156, "median": 1419.14648438, "min": 97.2389602661, "var": 425339.125}, "spectral_complexity": {"dmean": 2.63688254356, "dmean2": 4.20880889893, "dvar": 11.0527181625, "dvar2": 24.3747177124, "max": 54, "mean": 16.8940734863, "median": 16, "min": 0, "var": 132.286560059}, "spectral_contrast_coeffs": {"dmean": [0.0419981181622, 0.0390367917717, 0.0350976996124, 0.0301367491484, 0.0239904411137, 0.0180266462266], "dmean2": [0.0685978382826, 0.0620662271976, 0.0538352541625, 0.0469002500176, 0.038274385035, 0.0285504087806], "dvar": [0.00127017998602, 0.0010225798469, 0.000831176061183, 0.000620784179773, 0.00040662966785, 0.000282849679934], "dvar2": [0.00335401925258, 0.00259178853594, 0.00193729158491, 0.00142088835128, 0.00096513092285, 0.000693378038704], "max": [-0.319067686796, -0.384689569473, -0.444535166025, -0.479855924845, -0.509012401104, -0.571340739727], "mean": [-0.650718510151, -0.70751529932, -0.712375760078, -0.768547058105, -0.771458387375, -0.745338737965], "median": [-0.658947467804, -0.713455498219, -0.71411460638, -0.775877714157, -0.773430585861, -0.741142034531], "min": [-0.953633069992, -0.973226904869, -0.977055490017, -0.964528083801, -0.960259139538, -0.957942426205], "var": [0.00577524490654, 0.00524551328272, 0.00630847504362, 0.00387096125633, 0.00257285358384, 0.00221489369869]}, "spectral_contrast_valleys": {"dmean": [0.346798092127, 0.289418011904, 0.267033338547, 0.247305497527, 0.23710039258, 0.276543915272], "dmean2": [0.566961407661, 0.474931180477, 0.426479458809, 0.385626196861, 0.343937426805, 0.346325695515], "dvar": [0.115298107266, 0.0681415572762, 0.0605441331863, 0.0630348324776, 0.0807270407677, 0.120221689343], "dvar2": [0.263510167599, 0.15652410686, 0.129611968994, 0.123456545174, 0.131761580706, 0.173753708601], "max": [-5.30334424973, -4.9010591507, -5.24238967896, -5.94248580933, -5.61034679413, -7.92624235153], "mean": [-7.49620914459, -7.32249212265, -7.94755029678, -8.55349636078, -7.95234966278, -10.7336425781], "median": [-7.31941127777, -6.98431444168, -7.50520992279, -8.21197128296, -7.50554227829, -10.3689613342], "min": [-26.8693561554, -26.7244682312, -27.5478076935, -27.0127563477, -27.334104538, -27.3651332855], "var": [0.757042825222, 1.79578232765, 2.2381362915, 1.99596858025, 2.33472704887, 1.8448843956]}, "spectral_decrease": {"dmean": 1.37461508842e-09, "dmean2": 2.06663086644e-09, "dvar": 4.87798705621e-18, "dvar2": 1.16361498545e-17, "max": -4.94606029831e-18, "mean": -4.65856730969e-09, "median": -3.45228068355e-09, "min": -3.48039499443e-08, "var": 1.72516821641e-17}, "spectral_energy": {"dmean": 0.00548931723461, "dmean2": 0.00820120610297, "dvar": 7.52420819481e-05, "dvar2": 0.000177296897164, "max": 0.14395827055, "mean": 0.019191455096, "median": 0.0142203997821, "min": 1.94639096507e-11, "var": 0.000291796342935}, "spectral_energyband_high": {"dmean": 0.000280632055365, "dmean2": 0.000436053058365, "dvar": 2.68477833743e-07, "dvar2": 6.04811305038e-07, "max": 0.00975761190057, "mean": 0.000749659026042, "median": 0.000447433849331, "min": 3.86782402981e-13, "var": 8.61844171141e-07}, "spectral_energyband_low": {"dmean": 0.00233083870262, "dmean2": 0.00391467381269, "dvar": 4.04135425924e-05, "dvar2": 0.000106604747998, "max": 0.0648291707039, "mean": 0.00386481778696, "median": 0.00249065831304, "min": 1.23794620388e-11, "var": 3.3946322219e-05}, "spectral_energyband_middle_high": {"dmean": 0.00161476596259, "dmean2": 0.00233621988446, "dvar": 9.76288720267e-06, "dvar2": 2.15547424887e-05, "max": 0.101196393371, "mean": 0.00492575671524, "median": 0.0024824726861, "min": 8.58874603382e-13, "var": 4.61438175989e-05}, "spectral_energyband_middle_low": {"dmean": 0.00339484587312, "dmean2": 0.00491801742464, "dvar": 2.65019643848e-05, "dvar2": 5.72338394704e-05, "max": 0.125508248806, "mean": 0.0105879111215, "median": 0.0074286586605, "min": 7.2425702588e-12, "var": 0.000124657613924}, "spectral_entropy": {"dmean": 0.138002544641, "dmean2": 0.190509036183, "dvar": 0.0223489645869, "dvar2": 0.0395439602435, "max": 9.78764915466, "mean": 7.37616968155, "median": 7.54958438873, "min": 3.76590418816, "var": 0.465155482292}, "spectral_flux": {"dmean": 0.0161556899548, "dmean2": 0.0254111643881, "dvar": 0.000470813625725, "dvar2": 0.000978167867288, "max": 0.304439723492, "mean": 0.0604064725339, "median": 0.0532628335059, "min": 4.77020948892e-05, "var": 0.00180656951852}, "spectral_kurtosis": {"dmean": 1.26524460316, "dmean2": 2.09769010544, "dvar": 2.55759525299, "dvar2": 5.95174503326, "max": 53.5901679993, "mean": 4.51324605942, "median": 3.24441289902, "min": -1.23969042301, "var": 28.3309402466}, "spectral_rms": {"dmean": 0.000541223154869, "dmean2": 0.000793036131654, "dvar": 5.0907840432e-07, "dvar2": 1.16087608149e-06, "max": 0.0118510378525, "mean": 0.00388653250411, "median": 0.00372472289018, "min": 1.37801237088e-07, "var": 3.61823435924e-06}, "spectral_rolloff": {"dmean": 422.907012939, "dmean2": 723.538635254, "dvar": 617261.4375, "dvar2": 1424879.625, "max": 9323.87695313, "mean": 1366.17333984, "median": 979.760742188, "min": 64.599609375, "var": 1459621.5}, "spectral_skewness": {"dmean": 0.179248064756, "dmean2": 0.284711688757, "dvar": 0.0340209938586, "dvar2": 0.0746886059642, "max": 6.58655309677, "mean": 1.4608861208, "median": 1.30486249924, "min": -0.189790278673, "var": 0.58702892065}, "spectral_spread": {"dmean": 390443.28125, "dmean2": 561120.0625, "dvar": 338775900160, "dvar2": 509187325952, "max": 42478448, "mean": 4387286, "median": 4245799, 