{"lowlevel": {"average_loudness": 0.504117548466, "barkbands": {"dmean": [4.20392234446e-06, 0.000103221929749, 0.000123751306091, 7.42136617191e-05, 0.000317848869599, 0.000770408718381, 0.000759594026022, 0.00062961661024, 0.00112552661449, 0.00140876648948, 0.000993050867692, 0.000629882619251, 0.000561171735171, 0.00058659305796, 0.000523174006958, 0.000167163234437, 0.000117746887554, 0.000138882125611, 9.82683559414e-05, 6.64201070322e-05, 3.68339751731e-05, 6.43230941932e-06, 7.82474853622e-06, 5.49045034859e-06, 1.86888746612e-06, 9.44627700505e-08, 5.04074471053e-09], "dmean2": [7.38504058972e-06, 0.000145492580486, 0.00018301489763, 0.000122480094433, 0.000488555058837, 0.00118560018018, 0.00121785304509, 0.00100874342024, 0.00180927081965, 0.00230789673515, 0.00161558785476, 0.00100605213083, 0.000875893165357, 0.000910622242372, 0.00081775727449, 0.000258804735495, 0.000186358287465, 0.00021897550323, 0.000151961838128, 9.99127878458e-05, 5.49928990949e-05, 9.24639516597e-06, 1.10991659312e-05, 7.57458246881e-06, 2.57858459918e-06, 1.38800643867e-07, 8.33131696965e-09], "dvar": [3.80658560228e-11, 1.38951861572e-07, 2.20540741225e-07, 6.09909562854e-08, 6.08644427302e-07, 2.30217824537e-06, 1.85990666068e-06, 2.11945962292e-06, 6.5146336965e-06, 1.15246366477e-05, 5.6493709053e-06, 3.15637225867e-06, 3.79168659492e-06, 2.73368800663e-06, 2.51198184742e-06, 2.85890166651e-07, 7.51037134705e-08, 5.85562212052e-08, 4.17238688044e-08, 1.53338906017e-08, 8.10174505261e-09, 5.8257254576e-10, 4.96491070479e-09, 2.12399631216e-09, 6.89105855711e-11, 3.67667837365e-13, 2.0259067217e-15], "dvar2": [1.11847246742e-10, 2.86140277694e-07, 4.93881600505e-07, 1.76560902787e-07, 1.38564996632e-06, 5.12593442181e-06, 4.651733434e-06, 4.98983263242e-06, 1.66390982486e-05, 3.18616985169e-05, 1.48844701471e-05, 7.95096730144e-06, 9.84123198577e-06, 6.43957810098e-06, 5.95443816565e-06, 6.580421541e-07, 1.82778279623e-07, 1.35102084187e-07, 8.73647039157e-08, 3.22048556711e-08, 1.6281813231e-08, 8.67748650712e-10, 9.61676871469e-09, 3.07844483238e-09, 9.82738196376e-11, 5.83491263119e-13, 4.45902622687e-15], "max": [9.23160187085e-05, 0.0101637523621, 0.0162424575537, 0.00605325074866, 0.0294750761241, 0.0298908725381, 0.0233752503991, 0.0259249284863, 0.0540787912905, 0.0583592355251, 0.0491515621543, 0.0763877555728, 0.0640704855323, 0.0359398834407, 0.0385866574943, 0.012589734979, 0.00903371721506, 0.00538151804358, 0.00534094730392, 0.00412402767688, 0.002942297142, 0.0018079438014, 0.00479005416855, 0.00329090817831, 0.000389275752241, 3.60718477168e-05, 2.66910865321e-06], "mean": [4.33173136116e-06, 0.000262108631432, 0.000256761471974, 0.000129570544232, 0.000754756620154, 0.00180893740617, 0.00141306535807, 0.00104765105061, 0.00190828717314, 0.00252932216972, 0.00182128674351, 0.00124944827985, 0.00133556232322, 0.00120891758706, 0.000999788171612, 0.00029635388637, 0.000256599101704, 0.000292519456707, 0.000217479493585, 0.000187179990462, 8.1335863797e-05, 1.31672368298e-05, 1.82874264283e-05, 1.32707727971e-05, 4.64676395495e-06, 1.87468401691e-07, 7.44283124021e-09], "median": [1.97528333956e-06, 2.71950448223e-05, 2.72666075034e-05, 3.10901887133e-05, 0.000259584281594, 0.000607178022619, 0.000650212692562, 0.000224045477808, 0.00048110896023, 0.000357378303306, 0.000254010752542, 0.000203724193852, 9.08967413125e-05, 9.93817520794e-05, 0.000150496809511, 6.54117902741e-05, 8.42514418764e-05, 0.000114261376439, 7.1726331953e-05, 5.49258620595e-05, 1.7962000129e-05, 4.8708416216e-06, 4.19191474066e-06, 1.77950096258e-06, 9.90599573925e-07, 2.83345134022e-08, 5.44468359287e-10], "min": [1.29675292601e-24, 5.00340235618e-24, 4.39192566074e-23, 3.74388431571e-23, 2.66130241203e-23, 5.32807573221e-23, 2.65510448967e-23, 3.78511807523e-23, 9.06067586599e-23, 7.92046451774e-23, 3.5187188009e-23, 1.14404634821e-22, 5.04743341647e-23, 8.21378445932e-23, 1.42609428787e-22, 1.66289644767e-22, 2.56409455367e-22, 9.03265489555e-23, 2.84633181994e-22, 2.11816574655e-22, 6.09097150162e-22, 4.17989146145e-22, 5.62103204047e-22, 9.2488889903e-22, 1.11669372597e-21, 1.66400224133e-21, 2.2748496782e-21], "var": [4.99017563382e-11, 4.55512150666e-07, 9.35272282732e-07, 1.21374213791e-07, 2.78796755993e-06, 1.07416062747e-05, 4.61584841105e-06, 4.94092273584e-06, 1.46900201798e-05, 2.89229119517e-05, 1.69392442331e-05, 9.51138008531e-06, 2.1314352125e-05, 1.11300378194e-05, 7.06628497937e-06, 6.97953737472e-07, 3.39347820955e-07, 2.05759178584e-07, 1.43941335295e-07, 8.64574758452e-08, 3.9597068735e-08, 2.45047182545e-09, 1.863061172e-08, 9.28668963951e-09, 3.4683569905e-10, 1.54503666805e-12, 5.5107645911e-15]}, "barkbands_crest": {"dmean": 2.4568593502, "dmean2": 3.9829685688, "dvar": 4.69290447235, "dvar2": 11.9616155624, "max": 26.1641616821, "mean": 10.8017072678, "median": 9.80836296082, "min": 2.98292684555, "var": 19.9294376373}, "barkbands_flatness_db": {"dmean": 0.0190599299967, "dmean2": 0.0291599761695, "dvar": 0.000309939205181, "dvar2": 0.000664211635012, "max": 0.382283747196, "mean": 0.203056529164, "median": 0.201638057828, "min": 0.0495982505381, "var": 0.00183159240987}, "barkbands_kurtosis": {"dmean": 1.88689172268, "dmean2": 2.96684908867, "dvar": 16.0681629181, "dvar2": 34.2554588318, "max": 176.470230103, "mean": 2.87095403671, "median": 1.27173924446, "min": -1.90580236912, "var": 42.3414573669}, "barkbands_skewness": {"dmean": 0.441454142332, "dmean2": 0.678351521492, "dvar": 0.19884338975, "dvar2": 0.455766260624, "max": 10.237912178, "mean": 0.932363629341, "median": 0.800928175449, "min": -2.67781472206, "var": 1.21391010284}, "barkbands_spread": {"dmean": 2.73099136353, "dmean2": 4.1684088707, "dvar": 11.0500574112, "dvar2": 21.8572731018, "max": 81.6526641846, "mean": 12.8822822571, "median": 10.6332683563, "min": 0.744646012783, "var": 74.8919372559}, "dissonance": {"dmean": 0.028980249539, "dmean2": 0.0489901527762, "dvar": 0.000708791310899, "dvar2": 0.0019675209187, "max": 0.500000119209, "mean": 0.436937332153, "median": 0.44587790966, "min": 0.203087598085, "var": 0.00180988537613}, "dynamic_complexity": 4.28984880447, "erbbands": {"dmean": [0.00197732052766, 0.0275090429932, 0.112560629845, 0.229577600956, 0.451345652342, 1.47301530838, 2.48718833923, 7.34676504135, 11.4357414246, 10.3245697021, 16.7701625824, 23.3927364349, 40.4149742126, 42.0862960815, 33.6728858948, 26.3704948425, 26.6796073914, 31.9322109222, 23.1202602386, 17.4965133667, 7.34485197067, 4.71402359009, 5.91261386871, 7.31062221527, 2.50621247292, 2.34355401993, 2.32616877556, 0.453200936317, 0.230552598834, 0.221732899547, 0.225625008345, 0.151381134987, 0.0714482963085, 0.0259613040835, 0.0128398798406, 0.00115089677274, 0.000120268399769, 2.05197065952e-05, 2.81458574136e-06, 5.21654919794e-06], "dmean2": [0.00273680407554, 0.0391421094537, 0.164693266153, 0.363455742598, 0.713097274303, 2.28247761726, 3.58240008354, 11.4722642899, 18.0353927612, 16.4132385254, 27.1598930359, 37.7530441284, 66.3720245361, 69.366355896, 53.9798355103, 42.2464103699, 40.9860458374, 50.0227470398, 34.8934059143, 26.9296188354, 11.058350563, 7.30556440353, 9.37974739075, 11.2194280624, 3.92604160309, 3.40087866783, 3.36862635612, 0.651717841625, 0.331065863371, 0.299267828465, 0.325499922037, 0.218690186739, 0.100889757276, 0.0358419269323, 0.018131153658, 0.00159732915927, 0.000174234533915, 3.01699565171e-05, 4.31107537224e-06, 8.20047443995e-06], "dvar": [5.63277026231e-05, 0.00926560163498, 0.1438164711, 0.845611929893, 1.21049296856, 18.3059825897, 41.970539093, 232.680236816, 413.651733398, 393.783416748, 1678.96179199, 3172.58325195, 11622.1113281, 13294.0625, 7733.11865234, 6109.58691406, 7836.30566406, 7747.73876953, 5049.23095703, 3097.36035156, 465.257873535, 90.955581665, 116.087722778, 206.996841431, 28.2574806213, 15.1824798584, 22.947385788, 1.80693805218, 0.567622959614, 1.92660748959, 4.23115634918, 2.41894865036, 0.261745482683, 0.0153700029477, 0.00372879835777, 3.73325165128e-05, 7.39634117508e-07, 4.01387083571e-08, 3.80851669646e-11, 4.91094630239e-11], "dvar2": [0.000109775777673, 0.0190685018897, 0.310936927795, 2.32454967499, 3.02963709831, 40.1944999695, 75.30128479, 542.606506348, 989.883544922, 958.894897461, 4129.01074219, 8223.03710938, 32595.5878906, 35951.546875, 19812.25, 15490.8525391, 19426.6113281, 18817.7382813, 11489, 7423.10791016, 1028.22595215, 207.431518555, 288.421783447, 463.577453613, 67.8360519409, 30.8070735931, 43.1918525696, 2.98790669441, 0.821388721466, 2.30254721642, 9.23871421814, 4.08289003372, 0.420476347208, 0.0247157830745, 0.00609822338447, 5.24696770299e-05, 1.07631558421e-06, 7.17793113836e-08, 7.22864407221e-11, 1.27963847851e-10], "max": [0.199987113476, 2.65524101257, 10.3647909164, 30.8639793396, 53.040271759, 182.464859009, 218.889526367, 356.464569092, 377.530914307, 427.733093262, 749.811523438, 1187.97753906, 2100.93066406, 1968, 2293.99438477, 3597.29980469, 3142.28051758, 1993.11462402, 2071.85375977, 2105.79394531, 853.805786133, 294.048736572, 229.935073853, 311.40826416, 240.803833008, 108.081306458, 170.023880005, 113.383605957, 54.779384613, 118.8045578, 136.608352661, 112.833740234, 31.2796669006, 6.90074300766, 2.92154407501, 0.270403087139, 0.0595452412963, 0.0167144946754, 0.000427752733231, 0.000135087801027], "mean": [0.00522536830977, 0.068625934422, 0.237156271935, 0.463283449411, 0.996710658073, 3.37406539917, 6.36382675171, 16.2690505981, 22.8538169861, 18.3142642975, 29.0326519012, 41.7168426514, 69.8877334595, 80.751739502, 69.9070892334, 58.5970420837, 66.1940231323, 70.2752151489, 51.0860786438, 36.7993545532, 17.7078952789, 12.1197595596, 13.6522331238, 18.1174983978, 7.33193922043, 7.83434343338, 7.47479724884, 1.16449856758, 0.486819326878, 0.485150039196, 0.524750709534, 0.367939770222, 0.16751332581, 0.0621623396873, 0.0296792760491, 0.00281402654946, 0.00024884659797, 3.95550559915e-05, 1.16670362331e-05, 2.21348582272e-05], "median": [0.000376086100005, 0.00867008976638, 0.0378946326673, 0.0914939194918, 0.373084485531, 0.990467309952, 2.11001634598, 4.98381567001, 9.98301696777, 7.63488960266, 7.57649517059, 11.2926454544, 15.0655727386, 14.6602334976, 11.7190666199, 10.5763406754, 7.43711328506, 11.0571117401, 8.64540576935, 7.56915569305, 4.99492931366, 4.76405239105, 6.47355175018, 5.58757972717, 2.79740071297, 2.55427360535, 1.68609833717, 0.483824551105, 0.19757860899, 0.162843167782, 0.106756478548, 0.046582877636, 0.0251278169453, 0.0156685039401, 0.00453825760633, 0.000454179127701, 4.77514404338e-05, 6.97147106621e-06, 8.38003597892e-06, 1.70042621903e-05], "min": [9.17096556252e-23, 1.91428839427e-21, 3.32736891068e-20, 1.05845430184e-19, 1.33028956794e-19, 8.77854407736e-20, 3.0311053855e-19, 3.50761777001e-19, 1.25541279115e-19, 6.96226599551e-19, 1.04337346803e-18, 2.34096269935e-18, 2.13221188445e-18, 2.36660633232e-18, 1.59776635478e-18, 5.62189167419e-18, 2.76306572811e-18, 3.24213358372e-18, 8.0775502033e-18, 6.43718859647e-18, 1.07951652519e-17, 1.526310523e-17, 6.36263191273e-18, 1.10956882402e-17, 1.2117550773e-17, 1.00022903009e-17, 1.43657482686e-17, 2.85285229585e-17, 1.60954689562e-17, 1.33420758646e-17, 1.73279664146e-17, 1.77157983166e-17, 1.7177455939e-17, 1.28792335703e-17, 7.25304303848e-18, 6.827122778e-18, 2.83477629016e-18, 1.34638430546e-18, 3.20053601488e-19, 3.20214992181e-20], "var": [0.000230808189372, 0.0293139237911, 0.516777157784, 2.60706138611, 5.34448814392, 79.4646530151, 269.947479248, 909.590270996, 1308.33862305, 829.609191895, 3885.99316406, 7384.06835938, 23286.3320313, 34151.0898438, 28823.5585938, 19570.3710938, 45226.5039063, 30880.0371094, 19600.515625, 9796.70214844, 1684.9140625, 516.467956543, 367.543548584, 874.82220459, 145.811447144, 126.736465454, 221.444519043, 7.37433195114, 2.4466881752, 8.964594841, 14.8467512131, 9.41308784485, 1.05042695999, 0.0654550045729, 0.0164296105504, 0.000192744701053, 3.01119439428e-06, 1.26622737184e-07, 2.04110853219e-10, 4.01172844944e-10]}, "erbbands_crest": {"dmean": 3.01709246635, "dmean2": 4.88878488541, "dvar": 7.33301591873, "dvar2": 18.6949367523, "max": 32.0001182556, "mean": 12.4909057617, "median": 11.5054073334, "min": 2.22343087196, "var": 26.784204483}, "erbbands_flatness_db": {"dmean": 0.0163359809667, "dmean2": 0.0244684983045, "dvar": 0.000228566947044, "dvar2": 0.000472133920994, "max": 0.403615772724, "mean": 0.2652605474, "median": 0.265909016132, "min": 0.0565115474164, "var": 0.00198226491921}, "erbbands_kurtosis": {"dmean": 1.17000162601, "dmean2": 1.87329471111, "dvar": 3.86792421341, "dvar2": 9.15316677094, "max": 61.3650398254, "mean": 1.40618956089, "median": 0.616555392742, "min": -1.84546101093, "var": 11.5570449829}, "erbbands_skewness": {"dmean": 0.380795449018, "dmean2": 0.593230187893, "dvar": 0.120539993048, "dvar2": 0.285053670406, "max": 6.59923601151, "mean": 0.536740601063, "median": 0.528174817562, "min": -3.04938817024, "var": 0.681344568729}, "erbbands_spread": {"dmean": 4.2996301651, "dmean2": 6.61897802353, "dvar": 25.1418533325, "dvar2": 53.6350212097, "max": 119.069328308, "mean": 21.3166332245, "median": 17.6579360962, "min": 1.48590481281, "var": 193.323379517}, "gfcc": {"cov": [[5979.56298828, -923.31463623, -1317.05822754, -172.699539185, -34.5534973145, 48.7650222778, 214.503128052, 130.993850708, -116.355529785, 322.752593994, 71.1228637695, -154.551040649, 84.7460327148], [-923.31463623, 1289.85290527, 460.024261475, -9.61933994293, 306.700897217, -41.5124816895, 197.3387146, -75.4572982788, 73.3676376343, -196.133224487, 46.0239067078, -24.8074150085, -36.2503356934], [-1317.05822754, 460.024261475, 1039.31677246, 385.777557373, 9.45101928711, 120.873497009, -145.570648193, -33.3329734802, 65.2524185181, -156.866912842, -13.0535259247, 95.9228591919, -35.6870498657], [-172.699539185, -9.61933994293, 385.777557373, 637.674255371, 96.1813201904, -32.2106590271, -196.285964966, -8.61127185822, 118.66078949, -22.5773410797, -28.2263050079, 64.8672714233, 75.5931625366], [-34.5534973145, 306.700897217, 9.45101928711, 96.1813201904, 359.471923828, 48.962020874, 120.445777893, 29.2145347595, 8.76278209686, 22.1000976563, -12.7003154755, -1.34053397179, -3.40837645531], [48.7650222778, -41.5124816895, 120.873497009, -32.2106590271, 48.962020874, 283.046203613, 131.194549561, 47.4956932068, -50.0868759155, 38.6605834961, 2.17303276062, -12.5400934219, -57.9453125], [214.503128052, 197.3387146, -145.570648193, -196.285964966, 120.445777893, 131.194549561, 390.62713623, 78.847114563, -60.7935638428, 54.4740180969, 28.1977329254, -35.233165741, -70.2199172974], [130.993850708, -75.4572982788, -33.3329734802, -8.61127185822, 29.2145347595, 47.4956932068, 78.847114563, 167.848587036, 39.8046302795, 74.6650314331, -13.7213134766, 1.73059749603, 7.77802038193], [-116.355529785, 73.3676376343, 65.2524185181, 118.66078949, 8.76278209686, -50.0868759155, -60.7935638428, 39.8046302795, 190.354385376, 9.59326171875, -11.3195066452, -0.827101528645, 28.7665290833], [322.752593994, -196.133224487, -156.866912842, -22.5773410797, 22.1000976563, 38.6605834961, 54.4740180969, 74.6650314331, 9.59326171875, 180.333450317, 40.893913269, -12.6472320557, 20.00664711], [71.1228637695, 46.0239067078, -13.0535259247, -28.2263050079, -12.7003154755, 2.17303276062, 28.1977329254, -13.7213134766, -11.3195066452, 40.893913269, 145.962921143, 24.7644329071, 23.071762085], [-154.551040649, -24.8074150085, 95.9228591919, 64.8672714233, -1.34053397179, -12.5400934219, -35.233165741, 1.73059749603, -0.827101528645, -12.6472320557, 24.7644329071, 106.748046875, 26.4041099548], [84.7460327148, -36.2503356934, -35.6870498657, 75.5931625366, -3.40837645531, -57.9453125, -70.2199172974, 7.77802038193, 28.7665290833, 20.00664711, 23.071762085, 26.4041099548, 135.627578735]], "icov": [[0.000271644879831, -3.15650322591e-05, 0.000457918271422, -0.000290994241368, 0.000156176145538, -0.000249824224738, 5.71950567974e-06, -0.000146835678606, 0.000159880088177, -2.77486415143e-05, -0.000139117459184, 0.000164622179, -2.51226010732e-05], [-3.15650322591e-05, 0.00383946369402, -0.00277658039704, 0.00185278407298, -0.00347361387685, 0.00267078331672, -0.00274433847517, 0.00144010130316, -0.0020735275466, 0.00304377404973, -0.00201952061616, 0.00270600360818, -0.00135946180671], [0.000457918271422, -0.00277658039704, 0.00468607898802, -0.00281251850538, 0.00286643300205, -0.00363668613136, 0.0024443930015, -0.00159653148148, 0.00128296867479, -0.000353036593879, 0.000566708913539, -0.00266353646293, 0.00184987846296], [-0.000290994241368, 0.00185278407298, -0.00281251850538, 0.00423460034654, -0.00290834042244, 0.00164935761131, -0.000248868920607, 0.001178567647, -0.00210293731652, 0.000579064595513, -0.000138630173751, 0.000525839452166, -0.00170623196755], [0.000156176145538, -0.00347361387685, 0.00286643300205, -0.00290834042244, 0.00688472855836, -0.00266087497585, 0.000716076348908, -0.00101133796852, 0.00182100129314, -0.00290465797298, 0.00234392262064, -0.00246883486398, 0.000938284792937], [-0.000249824224738, 0.00267078331672, -0.00363668613136, 0.00164935761131, -0.00266087497585, 0.00775022152811, -0.00331740756519, 0.00035308022052, -1.3424512872e-05, 0.000289331102977, -0.000929259636905, 0.00251903804019, 0.000128110914375], [5.71950567974e-06, -0.00274433847517, 0.0024443930015, -0.000248868920607, 0.000716076348908, -0.00331740756519, 0.00717658689246, -0.003234726144, 0.00211053690873, -0.00158411217853, -0.000111326487968, -0.00143038167153, 0.00263004028238], [-0.000146835678606, 0.00144010130316, -0.00159653148148, 0.001178567647, -0.00101133796852, 0.00035308022052, -0.003234726144, 0.0103957410902, -0.0033531265799, -0.00285752117634, 0.00217423867434, -0.000783033901826, -0.00183051556814], [0.000159880088177, -0.0020735275466, 0.00128296867479, -0.00210293731652, 0.00182100129314, -1.3424512872e-05, 0.00211053690873, -0.0033531265799, 0.00837092101574, -0.00181963818613, 0.000765925622545, 0.00019340570725, 0.000505601696204], [-2.77486415143e-05, 0.00304377404973, -0.000353036593879, 0.000579064595513, -0.00290465797298, 0.000289331102977, -0.00158411217853, -0.00285752117634, -0.00181963818613, 0.012213209644, -0.00495439209044, 0.00307253049687, -0.00136144482531], [-0.000139117459184, -0.00201952061616, 0.000566708913539, -0.000138630173751, 0.00234392262064, -0.000929259636905, -0.000111326487968, 0.00217423867434, 0.000765925622545, -0.00495439209044, 0.0103228380904, -0.00393423531204, -0.00116863532458], [0.000164622179, 0.00270600360818, -0.00266353646293, 0.000525839452166, -0.00246883486398, 0.00251903804019, -0.00143038167153, -0.000783033901826, 0.00019340570725, 0.00307253049687, -0.00393423531204, 0.0140390293673, -0.0026131356135], [-2.51226010732e-05, -0.00135946180671, 0.00184987846296, -0.00170623196755, 0.000938284792937, 0.000128110914375, 0.00263004028238, -0.00183051556814, 0.000505601696204, -0.00136144482531, -0.00116863532458, -0.0026131356135, 0.0108092930168]], "mean": [-83.6819000244, 125.794235229, -180.402664185, 8.87422180176, -72.6620635986, -6.10008573532, -35.6092948914, 0.477548092604, -19.0917663574, -8.12656784058, 1.37356603146, -13.1467180252, 4.39427137375]}, "hfc": {"dmean": 4.23620128632, "dmean2": 6.53947305679, "dvar": 40.2298545837, "dvar2": 100.356330872, "max": 137.501602173, "mean": 18.7073974609, "median": 11.5059127808, "min": 1.20078791969e-16, "var": 390.951049805}, "melbands": {"dmean": [2.37786262005e-05, 5.22501250089e-05, 3.92933179683e-05, 7.01339959051e-05, 7.97485990915e-05, 0.000167175137904, 0.000171607098309, 0.000113781483378, 0.000155944522703, 0.000155782894581, 0.000201572373044, 0.000169969614944, 0.000113398353278, 7.89355544839e-05, 6.33166782791e-05, 5.67446550122e-05, 6.57755299471e-05, 3.72889844584e-05, 3.8146321458e-05, 1.47825676322e-05, 9.35387743084e-06, 5.77191576667e-06, 6.32616183793e-06, 5.46302317161e-06, 6.87713463776e-06, 2.13931798498e-06, 1.61542175192e-06, 1.90466664662e-06, 2.07368998417e-06, 7.55114797357e-07, 1.83694737643e-07, 1.43282690601e-07, 1.2298130514e-07, 1.3270692989e-07, 1.40266223525e-07, 1.32911267769e-07, 9.03520742668e-08, 5.92060089843e-08, 3.30021769912e-08, 2.03180370306e-08], "dmean2": [3.34713949997e-05, 7.56418012315e-05, 6.12819567323e-05, 0.000110088047222, 0.000115918373922, 0.00026014490868, 0.000272664532531, 0.000180038623512, 0.000252271973295, 0.000250975193921, 0.000330581679009, 0.00028003778425, 0.000183258292964, 0.000127754246932, 9.97694005491e-05, 8.7704633188e-05, 0.000102598758531, 5.51462580916e-05, 5.88403381698e-05, 2.23049719352e-05, 1.39441672218e-05, 8.86663383426e-06, 1.01907917269e-05, 8.44533497002e-06, 1.05725684989e-05, 3.37491087521e-06, 2.55819918493e-06, 2.7442758892e-06, 3.00776241602e-06, 1.12537668429e-06, 2.71986124289e-07, 2.18634212956e-07, 1.81587680004e-07, 1.83667140163e-07, 2.09222591252e-07, 1.96885508785e-07, 1.29815745709e-07, 8.58869384501e-08, 4.70508076944e-08, 2.8991577139e-08], "dvar": [7.56429141546e-09, 2.62624855196e-08, 1.74352088322e-08, 3.52665665559e-08, 3.45134552049e-08, 1.07493747237e-07, 8.92813574183e-08, 5.26733714423e-08, 1.52262799702e-07, 1.3730148396e-07, 2.8640656069e-07, 2.29708192023e-07, 7.88239091776e-08, 3.77359938852e-08, 4.0203691043e-08, 4.8488953297e-08, 3.68098369563e-08, 1.32573578782e-08, 1.52370152051e-08, 2.41813591373e-09, 8.30294666354e-10, 1.80625653323e-10, 1.61666346976e-10, 9.90775655962e-11, 2.02164285312e-10, 1.98021616465e-11, 1.32158173294e-11, 1.07957393025e-11, 1.97253394174e-11, 5.10083164942e-12, 3.421010762e-13, 1.68205063051e-13, 4.65065215071e-13, 8.28270286558e-13, 1.29505499206e-12, 2.4054920382e-12, 7.40975965481e-13, 1.85990735617e-13, 3.74636878865e-14, 7.22222557773e-15], "dvar2": [1.5835572853e-08, 5.48323200178e-08, 4.64245388798e-08, 8.27468582543e-08, 6.52269065426e-08, 2.48472161957e-07, 2.17611273001e-07, 1.26920298271e-07, 3.82592787673e-07, 3.54540048875e-07, 8.01739759027e-07, 6.22869038125e-07, 2.01571126013e-07, 9.31443011609e-08, 9.9251884933e-08, 1.31329201736e-07, 8.76048815712e-08, 2.87899943885e-08, 3.70601362931e-08, 5.50587353487e-09, 1.68687619428e-09, 4.02908512109e-10, 4.12948480966e-10, 2.18800783047e-10, 4.46537834486e-10, 4.92769401672e-11, 3.08148506711e-11, 2.18723060497e-11, 3.71126913923e-11, 9.93289912127e-12, 5.12962610756e-13, 2.92089161018e-13, 8.73764222867e-13, 1.01778264636e-12, 2.87677520694e-12, 5.55453166101e-12, 1.17934503309e-12, 3.06827669825e-13, 7.1690178479e-14, 1.18823221797e-14], "max": [0.00225611869246, 0.00406190985814, 0.00439869379625, 0.00696902163327, 0.00570543203503, 0.00712331524119, 0.0048189801164, 0.00526079861447, 0.00870606116951, 0.00788306538016, 0.0103592630476, 0.00788330752403, 0.00746263656765, 0.00596658745781, 0.00720165297389, 0.00858026836067, 0.00455386983231, 0.00364944897592, 0.00371895032004, 0.00184799102135, 0.00119013490621, 0.000438347458839, 0.000258826708887, 0.000247820134973, 0.000316641002428, 0.000195247106603, 0.000150802967255, 0.00010232621571, 0.000170691215317, 7.39597599022e-05, 5.33193124284e-05, 2.75535785477e-05, 4.53179891338e-05, 7.69572288846e-05, 8.50057258504e-05, 0.000103179692815, 6.15406388533e-05, 2.38829870796e-05, 1.17981790027e-05, 4.14824444306e-06], "mean": [6.23758605798e-05, 0.000119313321193, 8.54407335282e-05, 0.000157774964464, 0.000205863892916, 0.000377538177418, 0.000341388833476, 0.000195552274818, 0.000257145205978, 0.00027285979013, 0.000340437982231, 0.000316637946526, 0.000223100243602, 0.000164103708812, 0.000135850350489, 0.000139430951094, 0.000132844957989, 7.5835014286e-05, 7.04098201822e-05, 2.8959770134e-05, 2.03623076231e-05, 1.31612796395e-05, 1.28672518258e-05, 1.19573314805e-05, 1.58137136168e-05, 5.13023769599e-06, 4.35428228229e-06, 5.59856698601e-06, 6.28237876299e-06, 1.66520612765e-06, 3.31964258748e-07, 2.73773224535e-07, 2.34658855902e-07, 2.82647448557e-07, 3.10902692036e-07, 2.77355354683e-07, 2.06950574011e-07, 1.3014762601e-07, 7.02024891552e-08, 4.5951129124e-08], "median": [5.8435448409e-06, 2.05458800338e-05, 2.12292998185e-05, 4.75829874631e-05, 7.00121381669e-05, 0.000119062504382, 0.00015604661894, 7.04356862116e-05, 6.03470180067e-05, 6.70217705192e-05, 6.63399478071e-05, 4.28136554547e-05, 3.21480511047e-05, 2.72374818451e-05, 1.48308390635e-05, 9.91794149741e-06, 1.3660715922e-05, 8.87133683136e-06, 1.17848921946e-05, 6.05586501479e-06, 5.02222110299e-06, 4.3093059503e-06, 4.8974143283e-06, 4.89643662149e-06, 4.32637580161e-06, 1.79235792075e-06, 1.44385455769e-06, 1.52904726747e-06, 1.21421328458e-06, 3.98802200152e-07, 1.23784758443e-07, 1.05151940488e-07, 7.28300761921e-08, 8.62268123569e-08, 6.42512318905e-08, 3.53706681722e-08, 2.26074803322e-08, 1.62690554362e-08, 1.40293554551e-08, 9.37681576829e-09], "min": [1.16960383227e-24, 1.29135828098e-23, 2.01722777518e-23, 7.09701395509e-24, 8.74658600564e-24, 8.39988952641e-24, 2.82114251305e-24, 6.68754465818e-24, 8.42948443213e-24, 1.55336494113e-23, 1.08261369478e-23, 1.02460504477e-23, 4.64302150683e-24, 1.21060235346e-23, 1.015045155e-23, 4.8486980552e-24, 5.93680979494e-24, 1.35887964688e-23, 8.37665678389e-24, 8.3542909995e-24, 1.37337165279e-23, 1.87851494692e-23, 5.97389611825e-24, 5.37422338519e-24, 9.0515777754e-24, 1.14168998913e-23, 6.21923264863e-24, 6.65130754364e-24, 6.49482909448e-24, 1.65163287078e-23, 1.56085186221e-23, 9.66579670912e-24, 6.62289829586e-24, 7.24858647828e-24, 9.77789226603e-24, 9.52879996888e-24, 1.19582186111e-23, 1.1057755187e-23, 1.36726508053e-23, 1.02874238356e-23], "var": [2.65177568792e-08, 9.47737817114e-08, 6.14041297808e-08, 1.49599443944e-07, 2.15337237819e-07, 4.44311041292e-07, 2.68801130687e-07, 1.12327001034e-07, 3.31177147928e-07, 3.23444766082e-07, 5.70702354707e-07, 5.87047622957e-07, 2.8413572295e-07, 1.15356655783e-07, 1.49244499426e-07, 2.97499667568e-07, 1.41620716931e-07, 5.47689431585e-08, 3.78786246813e-08, 7.73902453233e-09, 2.87738677329e-09, 9.90997728323e-10, 4.64269483968e-10, 3.4630334711e-10, 7.5162431834e-10, 9.54694934219e-11, 5.21463809633e-11, 7.45443706762e-11, 1.65560634646e-10, 2.04878839588e-11, 1.04248781916e-12, 6.23023876413e-13, 1.50197638615e-12, 3.62297952056e-12, 4.54434753716e-12, 6.21700260717e-12, 2.95502055984e-12, 7.04935730015e-13, 1.16604479978e-13, 3.02543126456e-14]}, "melbands_crest": {"dmean": 3.02595973015, "dmean2": 4.94527721405, "dvar": 7.19963359833, "dvar2": 18.7242202759, "max": 32.0923309326, "mean": 13.4313030243, "median": 12.466047287, "min": 1.77595853806, "var": 25.4357414246}, "melbands_flatness_db": {"dmean": 0.0214428566396, "dmean2": 0.0318207815289, "dvar": 0.000446070858743, "dvar2": 0.000861694221385, "max": 0.448898494244, "mean": 0.228457719088, "median": 0.224912136793, "min": 0.00632189679891, "var": 0.00296509987675}, "melbands_kurtosis": {"dmean": 3.07428264618, "dmean2": 4.72527742386, "dvar": 42.033996582, "dvar2": 91.8824539185, "max": 251.961334229, "mean": 5.69929552078, "median": 2.64166522026, "min": -1.78574407101, "var": 133.79788208}, "melbands_skewness": {"dmean": 0.492674618959, "dmean2": 0.758474230766, "dvar": 0.267915666103, "dvar2": 0.622949063778, "max": 13.2635507584, "mean": 1.36431849003, "median": 1.15201926231, "min": -2.30406188965, "var": 1.91138470173}, "melbands_spread": {"dmean": 4.63087511063, "dmean2": 7.10434627533, "dvar": 37.5776672363, "dvar2": 74.0440750122, "max": 188.401702881, "mean": 19.4293308258, "median": 16.3533782959, "min": 0.844227612019, "var": 194.571105957}, "mfcc": {"cov": [[5856.0859375, -735.420349121, -1431.36987305, -132.417724609, -451.865234375, -103.098297119, 200.970596313, -230.777587891, 53.4894638062, 358.335083008, 26.8692398071, -20.3962116241, -3.92132043839], [-735.420349121, 1281.53625488, 77.0444869995, -8.35860729218, 27.633523941, 59.229675293, 187.915222168, 146.425064087, 15.0397148132, -71.5758209229, 81.9765853882, -15.899187088, 26.9068775177], [-1431.36987305, 77.0444869995, 1074.1697998, 178.666824341, 289.389282227, 106.959068298, -136.499542236, 122.753486633, -50.2049484253, -122.15322113, -76.6722640991, 98.6892700195, -34.1387634277], [-132.417724609, -8.35860729218, 178.666824341, 495.905303955, 265.062469482, 24.3001537323, -104.860466003, 13.1423454285, 50.9596099854, -36.2058563232, -77.6331863403, 7.17899703979, 34.131275177], [-451.865234375, 27.633523941, 289.389282227, 265.062469482, 394.399841309, 52.2978286743, -114.212638855, 7.38991165161, 35.4978637695, -33.8501052856, -82.022026062, 15.1986045837, 4.87319660187], [-103.098297119, 59.229675293, 106.959068298, 24.3001537323, 52.2978286743, 204.963806152, 97.1926193237, 71.6651535034, 1.33607327938, 7.3606595993, 39.7077484131, 0.296441346407, -23.2427043915], [200.970596313, 187.915222168, -136.499542236, -104.860466003, -114.212638855, 97.1926193237, 357.319030762, 59.8648986816, 3.47192668915, 46.6790351868, 86.1139678955, 12.701669693, 39.1700363159], [-230.777587891, 146.425064087, 122.753486633, 13.1423454285, 7.38991165161, 71.6651535034, 59.8648986816, 176.837936401, 27.4247989655, -18.9712200165, 39.6772918701, 1.22108256817, -2.92460680008], [53.4894638062, 15.0397148132, -50.2049484253, 50.9596099854, 35.4978637695, 1.33607327938, 3.47192668915, 27.4247989655, 173.705429077, 56.8006057739, 40.3104438782, -22.7639598846, 7.93123245239], [358.335083008, -71.5758209229, -122.15322113, -36.2058563232, -33.8501052856, 7.3606595993, 46.6790351868, -18.9712200165, 56.8006057739, 177.447113037, 62.6536636353, 9.77112197876, 3.88549590111], [26.8692398071, 81.9765853882, -76.6722640991, -77.6331863403, -82.022026062, 39.7077484131, 86.1139678955, 39.6772918701, 40.3104438782, 62.6536636353, 180.337280273, -12.5500688553, 4.25203084946], [-20.3962116241, -15.899187088, 98.6892700195, 7.17899703979, 15.1986045837, 0.296441346407, 12.701669693, 1.22108256817, -22.7639598846, 9.77112197876, -12.5500688553, 120.654518127, 28.113861084], [-3.92132043839, 26.9068775177, -34.1387634277, 34.131275177, 4.87319660187, -23.2427043915, 39.1700363159, -2.92460680008, 7.93123245239, 3.88549590111, 4.25203084946, 28.113861084, 113.204956055]], "icov": [[0.000315071520163, 0.000123705671285, 0.000389855122194, -0.000178692935151, 0.000186555509572, -7.32741318643e-05, -8.89627117431e-05, 9.88538158708e-06, 4.97848777741e-05, -0.000378424389055, 0.000225286872592, -0.000240948487772, 0.000221793306991], [0.000123705671285, 0.00103629741352, 0.000143043333082, -1.71774754563e-05, -0.000281834363705, 0.000322711246554, -0.00062233756762, -0.000584348803386, 3.39415528288e-05, 0.000406554696383, -0.000355136668077, 6.90744273015e-05, 6.47721026326e-05], [0.000389855122194, 0.000143043333082, 0.00213763490319, -0.000147546263179, -0.00072183390148, -0.000580277526751, 0.000474606378702, -0.00105006084777, 0.00046156308963, 0.000214395782677, 0.000213059232919, -0.00168725871481, 0.000760538503528], [-0.000178692935151, -1.71774754563e-05, -0.000147546263179, 0.00352867250331, -0.0020517539233, -0.000300916726701, 0.000528425152879, -0.000312437332468, -0.000742300355341, 0.000503399700392, 0.000480738497572, 0.00026253782562, -0.00132339634001], [0.000186555509572, -0.000281834363705, -0.00072183390148, -0.0020517539233, 0.00557360285893, -0.0017927972367, 0.00101786002051, 0.00101271981839, -0.00108991167508, -0.000637012999505, 0.00160620687529, 3.30494185619e-06, -0.000422599317972], [-7.32741318643e-05, 0.000322711246554, -0.000580277526751, -0.000300916726701, -0.0017927972367, 0.00812735408545, -0.00278068496846, -0.00201371731237, 0.00097276084125, -0.000204723110073, -0.00151064188685, 0.00053589878371, 0.00235498649999], [-8.89627117431e-05, -0.00062233756762, 0.000474606378702, 0.000528425152879, 0.00101786002051, -0.00278068496846, 0.00511043239385, -0.000664435443468, 0.000162036943948, -0.000602467975114, -0.000315262615914, -0.000635174103081, -0.00209260731936], [9.88538158708e-06, -0.000584348803386, -0.00105006084777, -0.000312437332468, 0.00101271981839, -0.00201371731237, -0.000664435443468, 0.00854881573468, -0.00186187773943, 0.00126358633861, -0.000992182292975, 0.000104052560346, 8.98484722711e-06], [4.97848777741e-05, 3.39415528288e-05, 0.00046156308963, -0.000742300355341, -0.00108991167508, 0.00097276084125, 0.000162036943948, -0.00186187773943, 0.00793981738389, -0.00256722979248, -0.00129894539714, 0.00145247916225, -0.000280956854112], [-0.000378424389055, 0.000406554696383, 0.000214395782677, 0.000503399700392, -0.000637012999505, -0.000204723110073, -0.000602467975114, 0.00126358633861, -0.00256722979248, 0.00884489901364, -0.00268013868481, -0.00166144792456, 0.000419194315327], [0.000225286872592, -0.000355136668077, 0.000213059232919, 0.000480738497572, 0.00160620687529, -0.00151064188685, -0.000315262615914, -0.000992182292975, -0.00129894539714, -0.00268013868481, 0.00868282467127, 0.000645088381134, -0.000587667862419], [-0.000240948487772, 6.90744273015e-05, -0.00168725871481, 0.00026253782562, 3.30494185619e-06, 0.00053589878371, -0.000635174103081, 0.000104052560346, 0.00145247916225, -0.00166144792456, 0.000645088381134, 0.0108712315559, -0.00304916850291], [0.000221793306991, 6.47721026326e-05, 0.000760538503528, -0.00132339634001, -0.000422599317972, 0.00235498649999, -0.00209260731936, 8.98484722711e-06, -0.000280956854112, 0.000419194315327, -0.000587667862419, -0.00304916850291, 0.0114647950977]], "mean": [-706.764282227, 147.346435547, -46.1501655579, 6.37521600723, -17.5774822235, -15.5505285263, -6.04910230637, -5.25692272186, -9.25491428375, 0.315890848637, -7.49774980545, -1.04668056965, -1.31961679459]}, "pitch_salience": {"dmean": 0.0617842003703, "dmean2": 0.099823884666, "dvar": 0.00286396290176, "dvar2": 0.00695238774642, "max": 0.893195450306, "mean": 0.545869112015, "median": 0.551805734634, "min": 0.0817432180047, "var": 0.0119687505066}, "silence_rate_20dB": {"dmean": 0, "dmean2": 0, "dvar": 0, "dvar2": 0, "max": 1, "mean": 1, "median": 1, "min": 1, "var": 0}, "silence_rate_30dB": {"dmean": 0, "dmean2": 0, "dvar": 0, "dvar2": 0, "max": 1, "mean": 1, "median": 1, "min": 1, "var": 0}, "silence_rate_60dB": {"dmean": 0.0342624075711, "dmean2": 0.0685341283679, "dvar": 0.0330893024802, "dvar2": 0.0755334198475, "max": 1, "mean": 0.143692225218, "median": 0, "min": 0, "var": 0.123042851686}, "spectral_centroid": {"dmean": 169.029891968, "dmean2": 255.323486328, "dvar": 47180.921875, "dvar2": 82559.2578125, "max": 10358.5322266, "mean": 1258.26306152, "median": 1211.68811035, "min": 267.260162354, "var": 291835.3125}, "spectral_complexity": {"dmean": 2.02963972092, "dmean2": 3.32635307312, "dvar": 4.77430200577, "dvar2": 11.0012903214, "max": 36, "mean": 13.9256391525, "median": 13, "min": 0, "var": 46.1654319763}, "spectral_contrast_coeffs": {"dmean": [0.0412338636816, 0.0460809245706, 0.0412409044802, 0.0324700698256, 0.0233179386705, 0.0162156429142], "dmean2": [0.0679239481688, 0.0750349462032, 0.0667175352573, 0.0510589182377, 0.0357820391655, 0.0249971337616], "dvar": [0.00112309714314, 0.00141147116665, 0.00109143625014, 0.000708022911567, 0.000399428710807, 0.000201782910153], "dvar2": [0.0029710046947, 0.00368752540089, 0.00281811645254, 0.00165702833328, 0.00082351983292, 0.00044224091107], "max": [-0.28498801589, -0.364570587873, -0.445590466261, -0.486950218678, -0.58011329174, -0.629172086716], "mean": [-0.634787559509, -0.680564165115, -0.688931584358, -0.713818848133, -0.744419872761, -0.756276905537], "median": [-0.643162369728, -0.686063051224, -0.691464304924, -0.717252850533, -0.743976414204, -0.753145456314], "min": [-0.965387761593, -0.962602496147, -0.967117846012, -0.952147126198, -0.955495238304, -0.958568155766], "var": [0.00904544070363, 0.00693249702454, 0.00714959902689, 0.00564819388092, 0.0032862983644, 0.00148616975639]}, "spectral_contrast_valleys": {"dmean": [0.373215228319, 0.31506934762, 0.309933781624, 0.288795560598, 0.272769063711, 0.246663451195], "dmean2": [0.612548232079, 0.518965005875, 0.501996874809, 0.447436183691, 0.386458903551, 0.343488395214], "dvar": [0.127244532108, 0.0873938053846, 0.0932268947363, 0.0908170863986, 0.0996019616723, 0.087201975286], "dvar2": [0.268150389194, 0.193354904652, 0.199712112546, 0.162419199944, 0.146763309836, 0.128674343228], "max": [-6.41720724106, -4.98667860031, -4.97158670425, -5.82768106461, -6.30364513397, -7.89917373657], "mean": [-8.91123104095, -7.07988262177, -7.66366529465, -8.2705411911, -8.36824035645, -11.6602106094], "median": [-8.87571716309, -6.93047904968, -7.63012838364, -8.23294067383, -8.21588802338, -11.5609436035], "min": [-26.7839488983, -26.9411525726, -26.8720722198, -27.3998851776, -27.3145065308, -27.2268486023], "var": [0.975704133511, 0.79203993082, 0.998811364174, 0.957505404949, 0.912395715714, 0.784162700176]}, "spectral_decrease": {"dmean": 1.06638542441e-09, "dmean2": 1.68695124536e-09, "dvar": 2.00450140173e-18, "dvar2": 5.27542914257e-18, "max": 1.01574568417e-28, "mean": -4.34896874069e-09, "median": -3.36181482652e-09, "min": -2.58864165659e-08, "var": 1.50535671459e-17}, "spectral_energy": {"dmean": 0.00437519652769, "dmean2": 0.00691053504124, "dvar": 3.42612911481e-05, "dvar2": 9.00207014638e-05, "max": 0.108916297555, "mean": 0.0181108117104, "median": 0.0139317344874, "min": 1.05081276857e-20, "var": 0.000266554532573}, "spectral_energyband_high": {"dmean": 7.53983622417e-05, "dmean2": 0.000105437349703, "dvar": 3.31616689664e-08, "dvar2": 4.86877489436e-08, "max": 0.0116923889145, "mean": 0.000257605221123, "median": 8.39468630147e-05, "min": 7.52539921512e-21, "var": 2.38999575686e-07}, "spectral_energyband_low": {"dmean": 0.000243134505581, "dmean2": 0.000350924354279, "dvar": 5.53089705591e-07, "dvar2": 1.2624474266e-06, "max": 0.0219939816743, "mean": 0.000599335704464, "median": 0.000112062305561, "min": 6.92574815049e-23, "var": 2.12851955439e-06}, "spectral_energyband_middle_high": {"dmean": 0.00275362050161, "dmean2": 0.0043237558566, "dvar": 2.29658162425e-05, "dvar2": 6.06337198406e-05, "max": 0.100008271635, "mean": 0.00966121163219, "median": 0.00413585919887, "min": 1.38196131938e-21, "var": 0.000173281281604}, "spectral_energyband_middle_low": {"dmean": 0.00281879771501, "dmean2": 0.0044841892086, "dvar": 1.64516859513e-05, "dvar2": 4.27506347478e-05, "max": 0.0721934735775, "mean": 0.00813263002783, "median": 0.00573964882642, "min": 2.85676497873e-22, "var": 5.9994719777e-05}, "spectral_entropy": {"dmean": 0.165778368711, "dmean2": 0.240756064653, "dvar": 0.0297659039497, "dvar2": 0.0534968748689, "max": 9.78913211823, "mean": 6.96173143387, "median": 6.96607971191, "min": 5.22773218155, "var": 0.176535874605}, "spectral_flux": {"dmean": 0.0156318489462, "dmean2": 0.0259919241071, "dvar": 0.000272493285593, "dvar2": 0.000749796396121, "max": 0.220616564155, "mean": 0.0606555081904, "median": 0.0531387403607, "min": 6.73287161135e-07, "var": 0.00137246865779}, "spectral_kurtosis": {"dmean": 3.84104299545, "dmean2": 6.64250040054, "dvar": 13.6457519531, "dvar2": 40.1465415955, "max": 57.8904685974, "mean": 8.31280136108, "median": 7.1324930191, "min": -1.21952402592, "var": 29.5238990784}, "spectral_rms": {"dmean": 0.000476458924823, "dmean2": 0.000736825459171, "dvar": 2.22863903332e-07, "dvar2": 5.48166838144e-07, "max": 0.010308239609, "mean": 0.00377832888626, "median": 0.00368672423065, "min": 3.20184829171e-12, "var": 3.39333996635e-06}, "spectral_rolloff": {"dmean": 236.83039856, "dmean2": 397.652648926, "dvar": 239154.984375, "dvar2": 468171.8125, "max": 19035.3515625, "mean": 1458.49890137, "median": 1335.05859375, "min": 21.533203125, "var": 875716.0625}, "spectral_skewness": {"dmean": 0.364546358585, "dmean2": 0.609012544155, "dvar": 0.101663254201, "dvar2": 0.281184226274, "max": 6.08669185638, "mean": 1.85474646091, "median": 1.78515315056, "min": 0.0465310737491, "var": 0.402542263269}, "spectral_spread": {"dmean": 271189.90625, "dmean2": 412958.71875, "dvar": 190074322944, "dvar2": 215144