{"lowlevel": {"average_loudness": 0.834144413471, "barkbands": {"dmean": [2.49768236245e-05, 0.000826231727842, 0.00107218453195, 0.000867239315994, 0.00178944540676, 0.00186867942102, 0.000617826182861, 0.000461933144834, 0.000919468060602, 0.00108210498001, 0.000351221737219, 0.000311853102176, 0.000157704140292, 0.000172712519998, 0.000171287552803, 8.06362804724e-05, 6.28314228379e-05, 6.20946520939e-05, 2.05768938031e-05, 1.62638989423e-05, 1.37516053655e-05, 9.89774707705e-06, 3.27197267325e-06, 6.3726706685e-06, 8.37618335936e-06, 3.50229782953e-07, 1.55755905951e-08], "dmean2": [4.34483808931e-05, 0.00141206476837, 0.00183375738561, 0.00146813341416, 0.00294602359645, 0.00255921343341, 0.000902625732124, 0.000693716923706, 0.00130299245939, 0.00159686733969, 0.000518394634128, 0.000490798905957, 0.000245948816882, 0.000271683209576, 0.000273660494713, 0.000129431893583, 9.73838759819e-05, 9.61402620305e-05, 3.30330985889e-05, 2.5484327125e-05, 2.07354969461e-05, 1.49610059452e-05, 4.74476701129e-06, 9.33136470849e-06, 1.24242023958e-05, 5.20189246345e-07, 2.66437876206e-08], "dvar": [1.26127563949e-09, 4.85091322844e-06, 1.13666410471e-05, 1.11704084702e-05, 1.24838325064e-05, 1.22115452541e-05, 3.47939612766e-06, 2.15726981878e-06, 5.83766495765e-06, 1.12102225103e-05, 9.50651042331e-07, 9.50235744313e-07, 2.28921507528e-07, 3.09243375796e-07, 2.16528931674e-07, 6.94008122082e-08, 2.88699446571e-08, 1.82601542775e-08, 2.17989204465e-09, 1.16301301922e-09, 1.77825243419e-09, 5.21479970317e-09, 1.95336496978e-10, 8.11159861502e-10, 1.74610559345e-09, 2.53408253582e-12, 1.90152120395e-15], "dvar2": [3.55773144278e-09, 1.3259033949e-05, 3.20831786667e-05, 3.04481582134e-05, 3.18911261274e-05, 2.18553650484e-05, 7.27429869585e-06, 5.03022965859e-06, 1.2273016182e-05, 2.47010812018e-05, 1.96964219867e-06, 2.47654156738e-06, 5.02378497913e-07, 8.06878176718e-07, 5.21661490893e-07, 1.92520431597e-07, 6.07582109069e-08, 4.09769853604e-08, 5.8339382214e-09, 2.87375701014e-09, 3.96829014093e-09, 1.30087896011e-08, 3.72559816331e-10, 1.7019761156e-09, 3.46036088672e-09, 5.2878174929e-12, 5.22765229881e-15], "max": [0.000508225057274, 0.0335196703672, 0.0653778389096, 0.0616134777665, 0.0671814978123, 0.0820207744837, 0.0572413876653, 0.0563375577331, 0.0681602284312, 0.086211271584, 0.0385457053781, 0.0311390962452, 0.0182419326156, 0.0260096546263, 0.0113600613549, 0.00979328062385, 0.00894886162132, 0.00521864276379, 0.00196834234521, 0.000710394175258, 0.00142241024878, 0.00521805044264, 0.000511165126227, 0.000975904520601, 0.00165458663832, 5.81531130592e-05, 1.46456034145e-06], "mean": [2.92750100925e-05, 0.00156132038683, 0.00201532640494, 0.00114535831381, 0.00345167936757, 0.00493466248736, 0.00121581519488, 0.00089122884674, 0.00194613169879, 0.00192417867947, 0.000661683734506, 0.000576131104026, 0.000281441403786, 0.000289314688416, 0.000274884776445, 0.000144384670421, 0.000123141435324, 0.000133688619826, 4.11334767705e-05, 3.39032922057e-05, 2.6891253583e-05, 1.33591320264e-05, 4.81890947412e-06, 8.30225508253e-06, 1.04219143395e-05, 4.84106976728e-07, 1.67225522318e-08], "median": [1.56818077812e-05, 0.000942323415074, 0.000927955261432, 0.000456486595795, 0.00192545820028, 0.00186382653192, 0.000261453649728, 0.000296034908388, 0.000495285494253, 0.000322627893183, 0.000186948804185, 0.000126854283735, 8.7784785137e-05, 6.48474961054e-05, 8.27470357763e-05, 3.66770400433e-05, 3.82696525776e-05, 4.8332985898e-05, 1.74046472239e-05, 1.30039607029e-05, 5.01807926412e-06, 1.17881370443e-06, 3.88625750247e-07, 6.94553989433e-07, 7.26123005279e-07, 1.49619566514e-07, 1.00257313562e-08], "min": [5.66160393385e-25, 4.07742480386e-24, 3.26275453919e-24, 1.12529233193e-24, 1.26368551375e-23, 2.32176894759e-23, 8.64876646453e-24, 2.18319827206e-23, 1.47878603115e-23, 1.71267587426e-23, 2.93986087281e-23, 2.69172341289e-23, 4.5088121277e-23, 4.44466069671e-23, 6.40244433169e-23, 7.65384467791e-23, 6.93275449751e-23, 1.13211675184e-22, 1.47598589048e-22, 2.01814449466e-22, 2.91591339075e-22, 3.20524005532e-22, 4.39427684489e-22, 5.72717359081e-22, 9.68361218603e-22, 1.25528727215e-21, 2.07208864614e-21], "var": [1.58875779199e-09, 4.81536108055e-06, 1.09370967039e-05, 8.70119401952e-06, 2.16550779442e-05, 5.76285274292e-05, 9.20437469176e-06, 4.72437932331e-06, 2.03482431971e-05, 2.71220305876e-05, 2.58928730545e-06, 2.65136327471e-06, 5.72507133256e-07, 7.4787686799e-07, 4.25520340741e-07, 1.93989606601e-07, 9.42090778722e-08, 6.94743249596e-08, 4.41250946892e-09, 3.1064577577e-09, 4.65957139539e-09, 6.38529895625e-09, 3.69686115054e-10, 1.37384270626e-09, 3.13592285472e-09, 3.72629141085e-12, 1.47988842572e-15]}, "barkbands_crest": {"dmean": 2.23823213577, "dmean2": 3.56895756721, "dvar": 4.31756639481, "dvar2": 10.4701156616, "max": 26.0038394928, "mean": 10.441983223, "median": 9.69407558441, "min": 3.16660761833, "var": 14.4455022812}, "barkbands_flatness_db": {"dmean": 0.0183527190238, "dmean2": 0.0273422822356, "dvar": 0.000309808121528, "dvar2": 0.00063326000236, "max": 0.459163308144, "mean": 0.207000166178, "median": 0.202405080199, "min": 0.0465676523745, "var": 0.00237477105111}, "barkbands_kurtosis": {"dmean": 2.44918441772, "dmean2": 3.85459136963, "dvar": 18.6373558044, "dvar2": 45.8535270691, "max": 147.616271973, "mean": 4.59300422668, "median": 2.51246595383, "min": -1.7994107008, "var": 46.8481254578}, "barkbands_skewness": {"dmean": 0.43148997426, "dmean2": 0.660656154156, "dvar": 0.216533899307, "dvar2": 0.507169187069, "max": 9.73723125458, "mean": 1.41326594353, "median": 1.33341252804, "min": -2.1378865242, "var": 0.986265540123}, "barkbands_spread": {"dmean": 2.51737999916, "dmean2": 3.77752065659, "dvar": 15.123708725, "dvar2": 28.0680770874, "max": 94.0796203613, "mean": 10.4213371277, "median": 9.28688526154, "min": 0.671926438808, "var": 47.5676002502}, "dissonance": {"dmean": 0.0302344020456, "dmean2": 0.0506996661425, "dvar": 0.000772908155341, "dvar2": 0.00204310845584, "max": 0.5, "mean": 0.420370280743, "median": 0.428319692612, "min": 0, "var": 0.00217757886276}, "dynamic_complexity": 4.53798961639, "erbbands": {"dmean": [0.0145067777485, 0.22958946228, 1.06909751892, 1.99348902702, 4.78426456451, 6.72453832626, 11.1180200577, 15.2566995621, 11.4432849884, 6.27842998505, 12.9132223129, 22.8021335602, 27.3649578094, 26.7160758972, 13.187921524, 14.1731386185, 7.45660400391, 9.59920120239, 9.36614608765, 5.63451719284, 3.33246922493, 2.85212135315, 2.87926363945, 2.05076766014, 1.03982388973, 0.658747792244, 0.621256053448, 0.500620126724, 0.401491463184, 0.179182693362, 0.0908186659217, 0.0943981483579, 0.130927965045, 0.104877486825, 0.0551887005568, 0.00566110853106, 0.000415218499256, 5.49715150555e-05, 4.68573898615e-06, 7.4428089647e-06], "dmean2": [0.0246420819312, 0.394959628582, 1.84428226948, 3.35362529755, 8.01351833344, 11.1953706741, 16.1514015198, 20.6295490265, 16.0713787079, 9.27485656738, 19.0915546417, 32.2081985474, 39.1788597107, 40.2077445984, 19.3123188019, 22.0116004944, 11.5988750458, 15.0399465561, 14.9919233322, 8.95496368408, 5.24283981323, 4.35848760605, 4.44255161285, 3.26231074333, 1.67319571972, 1.03205573559, 0.948392987251, 0.755222976208, 0.615245997906, 0.264029890299, 0.131798371673, 0.139558523893, 0.193659365177, 0.154234945774, 0.0842094272375, 0.00850581098348, 0.000628573761787, 8.79729195731e-05, 7.03367140886e-06, 1.0968751667e-05], "dvar": [0.000995860085823, 0.406942903996, 10.9458856583, 39.6119689941, 325.432189941, 114.099632263, 518.670288086, 1038.05102539, 999.04486084, 290.337615967, 1986.8034668, 4609.54150391, 6042.11865234, 9147.09472656, 1718.93566895, 1958.60046387, 476.567626953, 995.983459473, 871.254150391, 245.410995483, 69.7167053223, 46.9583892822, 49.5137176514, 17.4753456116, 6.99125289917, 2.00818014145, 2.73963427544, 3.51143741608, 13.1040525436, 1.14064395428, 0.146181359887, 0.192205354571, 0.350336819887, 0.330099672079, 0.0776479244232, 0.000793767045252, 1.53590224272e-06, 2.17986215745e-08, 1.29934965565e-10, 1.60190152809e-10], "dvar2": [0.00262056337669, 1.12161791325, 30.8270244598, 109.331329346, 864.298156738, 293.494445801, 997.468383789, 1840.77050781, 1959.2668457, 607.744995117, 4446.37841797, 9741.17285156, 12038.1142578, 20405.8027344, 3552.75976562, 5063.859375, 999.941467285, 2566.8815918, 2169.54321289, 607.937561035, 171.032028198, 100.030982971, 113.632476807, 43.4856681824, 20.1074142456, 5.0834274292, 6.37486028671, 7.93818426132, 35.6228713989, 2.466319561, 0.282552093267, 0.416892230511, 0.725906610489, 0.635689079762, 0.17320394516, 0.00172394770198, 3.29435033564e-06, 4.99685164357e-08, 3.21039916873e-10, 3.73992725677e-10], "max": [0.482837736607, 9.58400726318, 58.1730499268, 113.261764526, 336.12802124, 244.446609497, 531.297302246, 909.523864746, 983.140441895, 438.966186523, 1810.63024902, 1998.1072998, 2683.05981445, 2474.0637207, 1854.01416016, 1237.68774414, 995.634155273, 1302.54370117, 852.28112793, 385.520141602, 302.722747803, 253.523086548, 257.85333252, 109.547660828, 142.977096558, 36.4240989685, 52.1112442017, 98.902923584, 277.776947021, 64.0529403687, 12.4736843109, 12.066409111, 19.0706863403, 25.8265724182, 8.96098518372, 0.871142566204, 0.0291124135256, 0.00351009028964, 0.000379786361009, 0.000201983042643], "mean": [0.0261528864503, 0.432243853807, 2.0119137764, 3.29819178581, 6.82648801804, 12.317565918, 27.8982868195, 39.9125480652, 25.3182792664, 14.0063180923, 25.3684654236, 50.3721809387, 53.8142967224, 48.9046669006, 26.7616939545, 26.9889469147, 14.8168449402, 17.1561317444, 16.1919708252, 10.4420890808, 6.89540243149, 6.3589682579, 6.17958450317, 4.2836356163, 2.21495437622, 1.44829750061, 1.30135774612, 0.880987048149, 0.535925388336, 0.250423163176, 0.13482350111, 0.125202015042, 0.168091207743, 0.134320870042, 0.0632323622704, 0.00674621667713, 0.000633735267911, 8.41570363264e-05, 1.35704440254e-05, 2.49763161264e-05], "median": [0.0197631735355, 0.258557230234, 1.10404062271, 1.51702392101, 2.89612388611, 6.74391412735, 9.24254417419, 13.9062776566, 5.68807125092, 4.90404224396, 8.31193637848, 12.4589233398, 10.1495876312, 10.9507551193, 7.38468694687, 6.96325206757, 6.1869893074, 5.07164096832, 3.8896214962, 3.5872502327, 2.40387058258, 2.19543862343, 2.37210726738, 1.58006417751, 0.91721457243, 0.574987232685, 0.361641734838, 0.13480143249, 0.0509303361177, 0.0214750152081, 0.0119658289477, 0.0112512521446, 0.0133361462504, 0.00966812949628, 0.00407606549561, 0.000902758154552, 0.000268282106845, 5.02888033225e-05, 9.42827227846e-06, 1.82040803338e-05], "min": [1.77820279468e-22, 7.64411568792e-22, 4.37058365373e-21, 2.28808012514e-21, 8.25593944429e-21, 4.22398455019e-20, 1.11966211288e-19, 1.6599206543e-19, 1.0617712961e-19, 1.42772679121e-19, 6.01421516691e-19, 3.96456552357e-19, 4.87082718762e-19, 9.73334637997e-19, 1.36437548379e-18, 1.33817412429e-18, 1.53388009414e-18, 2.15503669268e-18, 3.4029075095e-18, 3.49832093201e-18, 4.67712775115e-18, 4.65965107917e-18, 7.04668463671e-18, 6.55839578522e-18, 9.32881556256e-18, 1.08760312557e-17, 1.14631425478e-17, 1.18213696557e-17, 1.19461275172e-17, 1.24363925032e-17, 1.18014089604e-17, 1.05591077574e-17, 1.1449577613e-17, 9.97134547415e-18, 7.72663537203e-18, 4.57783299042e-18, 2.35379599296e-18, 1.01151439994e-18, 2.64459723097e-19, 2.81712642723e-20], "var": [0.0010487542022, 0.388574153185, 9.94049739838, 35.0101890564, 288.615875244, 271.499053955, 2304.61376953, 4797.53027344, 3109.08959961, 832.456054688, 4379.53417969, 16652.015625, 19328.8144531, 20603.6894531, 4782.92919922, 5295.49121094, 1302.56066895, 2263.10742188, 1904.66015625, 589.444580078, 208.420135498, 210.459487915, 162.638565063, 53.0222320557, 14.3019523621, 5.74750852585, 7.57151317596, 6.42097711563, 13.5440483093, 1.55335319042, 0.276000589132, 0.311938166618, 0.586312770844, 0.588280200958, 0.115421950817, 0.00112523091957, 2.34147137235e-06, 2.79490031119e-08, 2.17652493251e-10, 5.23312004841e-10]}, "erbbands_crest": {"dmean": 2.72625946999, "dmean2": 4.28105783463, "dvar": 6.28428792953, "dvar2": 14.5683717728, "max": 31.486410141, "mean": 11.8096704483, "median": 10.700586319, "min": 2.83702492714, "var": 24.1963977814}, "erbbands_flatness_db": {"dmean": 0.0162982642651, "dmean2": 0.0229064244777, "dvar": 0.000258789135842, "dvar2": 0.00045680932817, "max": 0.38947942853, "mean": 0.227219775319, "median": 0.226649522781, "min": 0.0715158134699, "var": 0.00169738556724}, "erbbands_kurtosis": {"dmean": 1.06742072105, "dmean2": 1.66594398022, "dvar": 3.17311120033, "dvar2": 7.30569171906, "max": 69.0885925293, "mean": 1.10335946083, "median": 0.403518438339, "min": -1.87409758568, "var": 8.33088684082}, "erbbands_skewness": {"dmean": 0.337077200413, "dmean2": 0.512449800968, "dvar": 0.109748438001, "dvar2": 0.244921520352, "max": 7.58847808838, "mean": 0.672662079334, "median": 0.5954439044, "min": -4.03354549408, "var": 0.512056946754}, "erbbands_spread": {"dmean": 4.59870767593, "dmean2": 6.8591799736, "dvar": 40.4168395996, "dvar2": 74.9700775146, "max": 164.5390625, "mean": 22.9358711243, "median": 20.5413475037, "min": 2.76860785484, "var": 163.828826904}, "gfcc": {"cov": [[12608.4541016, 201.76739502, -1924.1940918, 403.454803467, -624.666870117, 68.6853408813, 38.9350204468, 127.716552734, -48.7749252319, 14.2544708252, -24.1706581116, -198.233932495, 226.237030029], [201.76739502, 762.876647949, 47.5497207642, -241.088684082, 265.305206299, -137.671310425, 102.952323914, -26.8677062988, 19.8695430756, -43.221862793, 59.2326545715, -56.2120513916, -59.2624740601], [-1924.1940918, 47.5497207642, 901.201049805, 26.9762191772, 117.286750793, 91.5513000488, -108.521247864, 10.0209875107, -4.53982925415, -3.63271474838, -15.6069297791, 16.4684257507, -84.7685852051], [403.454803467, -241.088684082, 26.9762191772, 406.27734375, -56.6605834961, 25.4390792847, -12.1795969009, 3.35762310028, -3.84691309929, 4.19231176376, -22.3771076202, -3.69914245605, 2.38935756683], [-624.666870117, 265.305206299, 117.286750793, -56.6605834961, 309.605285645, -60.2651443481, 24.5817203522, 10.2511901855, 11.3177566528, -19.6944332123, 6.39256238937, -8.48706531525, -58.6791610718], [68.6853408813, -137.671310425, 91.5513000488, 25.4390792847, -60.2651443481, 242.605407715, 9.24502658844, 15.3514890671, 1.6369560957, 6.72088575363, -36.0678939819, -15.2367639542, -7.59600639343], [38.9350204468, 102.952323914, -108.521247864, -12.1795969009, 24.5817203522, 9.24502658844, 196.656463623, -2.84441423416, 10.9721689224, -13.0028982162, -2.54127550125, -21.7606716156, -20.9632987976], [127.716552734, -26.8677062988, 10.0209875107, 3.35762310028, 10.2511901855, 15.3514890671, -2.84441423416, 118.07837677, 16.4079551697, -1.71745550632, -10.8096179962, -6.73369789124, 12.4954719543], [-48.7749252319, 19.8695430756, -4.53982925415, -3.84691309929, 11.3177566528, 1.6369560957, 10.9721689224, 16.4079551697, 92.7438964844, 13.6183271408, -14.8616914749, 3.20024704933, 4.35080480576], [14.2544708252, -43.221862793, -3.63271474838, 4.19231176376, -19.6944332123, 6.72088575363, -13.0028982162, -1.71745550632, 13.6183271408, 75.3969116211, 20.8563957214, 2.3006105423, 2.41138792038], [-24.1706581116, 59.2326545715, -15.6069297791, -22.3771076202, 6.39256238937, -36.0678939819, -2.54127550125, -10.8096179962, -14.8616914749, 20.8563957214, 95.4961166382, 18.7802658081, 4.45489120483], [-198.233932495, -56.2120513916, 16.4684257507, -3.69914245605, -8.48706531525, -15.2367639542, -21.7606716156, -6.73369789124, 3.20024704933, 2.3006105423, 18.7802658081, 88.2465209961, 23.3051891327], [226.237030029, -59.2624740601, -84.7685852051, 2.38935756683, -58.6791610718, -7.59600639343, -20.9632987976, 12.4954719543, 4.35080480576, 2.41138792038, 4.45489120483, 23.3051891327, 106.230140686]], "icov": [[0.000231817437452, -0.000677180243656, 0.000588350230828, -0.000519749184605, 0.000600053695962, -0.000405988219427, 0.000508248689584, -0.000453468092019, 0.000318672508001, -0.000254941754974, 0.000335216493113, -5.50299191673e-05, 5.65136870136e-05], [-0.000677180243656, 0.00536287249997, -0.0020778994076, 0.00303075392731, -0.00371525110677, 0.00236981362104, -0.00274422462098, 0.00222801277414, -0.00209876685403, 0.0025244418066, -0.00320507143624, 0.00275840307586, -0.000420780183049], [0.000588350230828, -0.0020778994076, 0.00303815258667, -0.0015985162463, 0.00112883374095, -0.00189245294314, 0.0024270361755, -0.00134772004094, 0.000936193682719, -0.000704100588337, 0.00110777025111, -0.000957094947807, 0.00131496787071], [-0.000519749184605, 0.00303075392731, -0.0015985162463, 0.00441943248734, -0.00171469571069, 0.00144473812543, -0.0016755751567, 0.00133053027093, -0.00106066802982, 0.00114796822891, -0.00113682716619, 0.0013041010825, -0.000129362961161], [0.000600053695962, -0.00371525110677, 0.00112883374095, -0.00171469571069, 0.00703247124329, -0.000418323121266, 0.0014506157022, -0.00234281131998, 0.000838714826386, -0.000715065631084, 0.00186444341671, -0.00151882262435, 0.00224220007658], [-0.000405988219427, 0.00236981362104, -0.00189245294314, 0.00144473812543, -0.000418323121266, 0.00624375743791, -0.00212268694304, 0.00048094074009, -0.000667670625262, 0.000206104043173, 0.000397865223931, 0.00147924898192, 6.54427713016e-05], [0.000508248689584, -0.00274422462098, 0.0024270361755, -0.0016755751567, 0.0014506157022, -0.00212268694304, 0.00772591214627, -0.00110891391523, 0.000121288605442, 7.64063879615e-05, 0.000977945164777, -0.000188699064893, 0.0016593108885], [-0.000453468092019, 0.00222801277414, -0.00134772004094, 0.00133053027093, -0.00234281131998, 0.00048094074009, -0.00110891391523, 0.0102353049442, -0.00243250909261, 0.00129496643785, -0.000866963353474, 0.00180560315493, -0.00186871667393], [0.000318672508001, -0.00209876685403, 0.000936193682719, -0.00106066802982, 0.000838714826386, -0.000667670625262, 0.000121288605442, -0.00243250909261, 0.0131272189319, -0.00435146735981, 0.00414459034801, -0.00214439630508, -0.00049521838082], [-0.000254941754974, 0.0025244418066, -0.000704100588337, 0.00114796822891, -0.000715065631084, 0.000206104043173, 7.64063879615e-05, 0.00129496643785, -0.00435146735981, 0.0168674904853, -0.00601270236075, 0.00218777032569, 0.000413610512624], [0.000335216493113, -0.00320507143624, 0.00110777025111, -0.00113682716619, 0.00186444341671, 0.000397865223931, 0.000977945164777, -0.000866963353474, 0.00414459034801, -0.00601270236075, 0.015227176249, -0.00436651008204, 4.70240302093e-05], [-5.50299191673e-05, 0.00275840307586, -0.000957094947807, 0.0013041010825, -0.00151882262435, 0.00147924898192, -0.000188699064893, 0.00180560315493, -0.00214439630508, 0.00218777032569, -0.00436651008204, 0.0152032542974, -0.00323392706923], [5.65136870136e-05, -0.000420780183049, 0.00131496787071, -0.000129362961161, 0.00224220007658, 6.54427713016e-05, 0.0016593108885, -0.00186871667393, -0.00049521838082, 0.000413610512624, 4.70240302093e-05, -0.00323392706923, 0.0126195140183]], "mean": [-86.6951980591, 158.924285889, -119.360725403, 8.9749622345, -46.7647514343, -0.339297682047, -36.4328842163, 5.56094551086, -27.9656009674, -4.02557039261, -8.36502838135, -6.37491846085, 1.36709713936]}, "hfc": {"dmean": 3.17898058891, "dmean2": 4.48922348022, "dvar": 26.1312789917, "dvar2": 54.4466438293, "max": 105.789794922, "mean": 11.3988895416, "median": 7.072057724, "min": 1.097691106e-16, "var": 147.798370361}, "melbands": {"dmean": [0.000176455127075, 0.00046684948029, 0.000429184146924, 0.000398668285925, 0.000353085604729, 0.000341893843142, 0.000166718818946, 6.62318780087e-05, 0.000114234710054, 0.000149935265654, 0.000137542534503, 0.00011562956206, 4.20973155997e-05, 4.23282472184e-05, 2.24724244617e-05, 1.65193232533e-05, 1.91424023797e-05, 1.54930003191e-05, 8.54205063661e-06, 8.18342505227e-06, 3.73672332898e-06, 3.69278154722e-06, 3.24734241985e-06, 2.22794506044e-06, 1.74222032001e-06, 8.57509405705e-07, 6.69555106469e-07, 4.56280474737e-07, 4.33373770647e-07, 3.71778497765e-07, 2.98922742559e-07, 2.61640309418e-07, 1.56628104264e-07, 8.09098708032e-08, 5.40534408344e-08, 4.71785774891e-08, 6.50516653877e-08, 9.47827345499e-08, 9.15925966183e-08, 9.23012350995e-08], "dmean2": [0.000300705549307, 0.000799479661509, 0.000719608739018, 0.000666573527269, 0.000524878676515, 0.000462565541966, 0.00023541781411, 9.83421996352e-05, 0.000167870093719, 0.000210753278225, 0.000198175708647, 0.000174822649569, 6.19525817456e-05, 6.53540701023e-05, 3.4890283132e-05, 2.58227228187e-05, 3.01959189528e-05, 2.48773994826e-05, 1.34997308123e-05, 1.32060076794e-05, 5.82206348554e-06, 5.72527460463e-06, 5.08901848661e-06, 3.46943170371e-06, 2.79410437543e-06, 1.39870360272e-06, 1.06522315946e-06, 7.26873452095e-07, 6.72600435792e-07, 5.80949404139e-07, 4.63829110231e-07, 4.0926551037e-07, 2.39349731146e-07, 1.19977343616e-07, 8.03191824161e-08, 7.05488503172e-08, 9.97088775989e-08, 1.43342091974e-07, 1.3757033912e-07, 1.36800338169e-07], "dvar": [1.96386068296e-07, 1.98470684154e-06, 2.29320835388e-06, 8.30173235045e-07, 4.19831309273e-07, 4.75732576888e-07, 2.1416127538e-07, 3.13250119177e-08, 1.63474268788e-07, 1.91783669834e-07, 1.55970610649e-07, 1.94129057718e-07, 1.68595928329e-08, 1.70329048643e-08, 3.3638836161e-09, 2.44888864742e-09, 4.62821914127e-09, 2.77209277755e-09, 4.40288860926e-10, 7.54610429698e-10, 1.06525406551e-10, 9.37775551657e-11, 6.43916309162e-11, 2.30073408242e-11, 1.33164495056e-11, 3.3595047317e-12, 4.25552561939e-12, 1.04839758836e-12, 1.28106618195e-12, 1.55299503726e-12, 2.24789154304e-12, 6.63255995265e-12, 1.15319451037e-12, 2.09058993532e-13, 5.08619771192e-14, 4.44605019034e-14, 1.02550651619e-13, 1.96278513191e-13, 2.30520870404e-13, 2.85931434779e-13], "dvar2": [5.30173110747e-07, 5.51871971766e-06, 6.20624268777e-06, 2.15188561015e-06, 8.34582237985e-07, 8.41056248646e-07, 4.25779774105e-07, 6.66342501177e-08, 3.58922335408e-07, 4.03275322469e-07, 3.15828117436e-07, 4.34686199924e-07, 3.48743043332e-08, 4.33529585564e-08, 8.01203015044e-09, 5.30100008334e-09, 1.19702319168e-08, 6.87119605658e-09, 1.00697983285e-09, 2.08750483566e-09, 2.26917304391e-10, 2.04587805031e-10, 1.43890538373e-10, 5.20537814241e-11, 3.36353132846e-11, 9.10671798388e-12, 1.22543043421e-11, 2.74294302549e-12, 3.00529631563e-12, 3.87807147506e-12, 5.72543054633e-12, 1.9446248431e-11, 2.36405599957e-12, 4.54334595119e-13, 1.02376169608e-13, 9.30082291566e-14, 2.37080998279e-13, 4.33221004643e-13, 4.87679232934e-13, 5.54328284663e-13], "max": [0.00702902767807, 0.0237010177225, 0.0263431910425, 0.0182594228536, 0.0136246308684, 0.0182105153799, 0.0136549472809, 0.00490516331047, 0.0166141595691, 0.0134505424649, 0.0132352104411, 0.011519770138, 0.00538893509656, 0.00440467242151, 0.00134623795748, 0.00200928840786, 0.00299204257317, 0.00163121754304, 0.00041650843923, 0.00104170432314, 0.000528116885107, 0.000359501980711, 0.000360729842214, 0.000160436902661, 8.46471739351e-05, 6.09774615441e-05, 0.000112180139695, 2.230021164e-05, 3.90171990148e-05, 4.95432796015e-05, 8.6505577201e-05, 0.000190802689758, 5.01608992636e-05, 3.04311251966e-05, 6.39430390947e-06, 6.38065375824e-06, 1.00322004073e-05, 1.59799092216e-05, 2.02384726435e-05, 2.51498877333e-05], "mean": [0.000335563905537, 0.000922791077755, 0.000683282676619, 0.000669268367346, 0.000885766930878, 0.000897635822184, 0.000366175634554, 0.000143257799209, 0.00021682921215, 0.000325493921991, 0.000259933847701, 0.000202239592909, 8.14875238575e-05, 7.89558107499e-05, 4.25471953349e-05, 2.92518816423e-05, 3.15887118632e-05, 2.53745511145e-05, 1.47417767948e-05, 1.41822765727e-05, 7.06477658241e-06, 7.2848633863e-06, 6.40179723632e-06, 4.74923626825e-06, 3.34266860591e-06, 1.61130219567e-06, 1.29411739636e-06, 9.00361555978e-07, 8.62613887875e-07, 6.67470771987e-07, 4.6299294354e-07, 3.24364492599e-07, 2.03481477001e-07, 1.0957276686e-07, 7.79193669587e-08, 6.47540545629e-08, 8.10776725757e-08, 1.17482649387e-07, 1.15466193051e-07, 1.16172174103e-07], "median": [0.000231890822761, 0.00056884723017, 0.00032760493923, 0.000333786971169, 0.000371053291019, 0.00032461862429, 7.67226229073e-05, 4.87948418595e-05, 6.31889124634e-05, 7.70342812757e-05, 4.08926862292e-05, 3.33145217155e-05, 2.18150253204e-05, 1.87063178601e-05, 1.46173433677e-05, 1.02920002973e-05, 6.80087759974e-06, 4.71966359328e-06, 5.19980358149e-06, 3.55041424882e-06, 2.12811914935e-06, 2.05293008548e-06, 2.26502334044e-06, 1.80176766662e-06, 1.11786630441e-06, 6.40243172256e-07, 4.2454269078e-07, 2.90136853209e-07, 2.45782359798e-07, 1.11553347892e-07, 5.5622145112e-08, 2.43533779809e-08, 1.5376031115e-08, 8.19586709611e-09, 6.2154996705e-09, 5.67620661585e-09, 6.62910837335e-09, 8.66432170454e-09, 9.00149021987e-09, 7.49842588021e-09], "min": [2.13334533941e-24, 1.83784317191e-24, 5.30076268555e-25, 2.50539462485e-24, 4.13151305183e-24, 4.03284903512e-24, 1.61278717072e-24, 1.71256574928e-24, 4.56771487266e-24, 2.28821017359e-24, 1.83916904988e-24, 3.3945505167e-24, 4.58692521342e-24, 2.86079066215e-24, 2.33139932207e-24, 5.02042360794e-24, 3.02444143466e-24, 4.65091208803e-24, 4.78858330435e-24, 4.96997437533e-24, 5.1336389529e-24, 2.74169771179e-24, 6.64938824506e-24, 5.43803710483e-24, 4.76569963278e-24, 6.18757802709e-24, 6.47141018079e-24, 6.8511346884e-24, 5.61225466916e-24, 4.99142547549e-24, 6.16634465253e-24, 4.7732226048e-24, 7.22154195987e-24, 6.89830462623e-24, 5.88944303632e-24, 5.36210648169e-24, 6.32649564364e-24, 7.6844849821e-24, 6.93629380084e-24, 7.98154160001e-24], "var": [1.94587343572e-07, 1.85025737665e-06, 1.92458742276e-06, 1.16919181892e-06, 1.83596398529e-06, 2.2204542347e-06, 6.78057404002e-07, 8.66098019969e-08, 3.56086530928e-07, 6.93616243552e-07, 4.83703843202e-07, 4.2940874323e-07, 4.70067647029e-08, 4.59464750691e-08, 8.56254178672e-09, 5.9156635146e-09, 1.04945367951e-08, 6.02808825079e-09, 1.00683861248e-09, 2.04870120868e-09, 2.87763257667e-10, 3.50060341825e-10, 2.16097820194e-10, 7.47610098828e-11, 3.59799343097e-11, 7.06485737967e-12, 7.91856337445e-12, 2.57618102198e-12, 3.22574974544e-12, 3.30863591733e-12, 2.55057346771e-12, 5.81809340289e-12, 1.57716006054e-12, 2.83972769344e-13, 9.14112942242e-14, 7.53808839893e-14, 1.4702468572e-13, 2.92299062558e-13, 3.53471782009e-13, 5.05553010479e-13]}, "melbands_crest": {"dmean": 2.74019527435, "dmean2": 4.39563179016, "dvar": 6.49588346481, "dvar2": 15.9610271454, "max": 32.394493103, "mean": 13.461359024, "median": 12.7290410995, "min": 1.61041748524, "var": 20.5164051056}, "melbands_flatness_db": {"dmean": 0.020747859031, "dmean2": 0.030157411471, "dvar": 0.000454381137388, "dvar2": 0.000870771938935, "max": 0.616620063782, "mean": 0.289012134075, "median": 0.281991571188, "min": 0.00354402628727, "var": 0.004573373124}, "melbands_kurtosis": {"dmean": 3.97302412987, "dmean2": 6.18389368057, "dvar": 48.0933609009, "dvar2": 117.591926575, "max": 167.994873047, "mean": 8.48761463165, "median": 5.07269191742, "min": -1.89902222157, "var": 121.538139343}, "melbands_skewness": {"dmean": 0.509250283241, "dmean2": 0.774914383888, "dvar": 0.308060377836, "dvar2": 0.71494603157, "max": 8.97219657898, "mean": 1.92058491707, "median": 1.78235661983, "min": -1.22262561321, "var": 1.42700994015}, "melbands_spread": {"dmean": 3.03437018394, "dmean2": 4.60525894165, "dvar": 21.4557914734, "dvar2": 45.9743461609, "max": 184.989395142, "mean": 12.8548269272, "median": 11.5274162292, "min": 0.823574900627, "var": 94.2279968262}, "mfcc": {"cov": [[8670.38476562, -157.337249756, -1088.69116211, 136.103240967, -621.456359863, -74.4346923828, 57.9402503967, -78.988319397, 234.727401733, -31.453666687, -57.253993988, 0.751889705658, -69.4016265869], [-157.337249756, 1429.40771484, -189.938995361, -38.1680259705, 138.517974854, -84.4384460449, 86.2393875122, 4.83442163467, -67.6901931763, 65.5946426392, 21.1319770813, 2.91291856766, 12.8693466187], [-1088.69116211, -189.938995361, 723.467041016, -18.4165172577, 152.764633179, 89.3908996582, -27.5198898315, 17.2498207092, -9.65533161163, -22.6461315155, 34.2778968811, -3.42557883263, 5.64779949188], [136.103240967, -38.1680259705, -18.4165172577, 316.465820312, 37.8383636475, -16.1893405914, 10.8854436874, 3.09968066216, -7.22331047058, -5.85022068024, -10.8871927261, 29.8615875244, 16.7004928589], [-621.456359863, 138.517974854, 152.764633179, 37.8383636475, 274.374938965, -8.4086227417, -15.4330806732, 14.3686246872, -12.7984485626, 0.367256075144, 2.31072378159, 2.42620515823, 20.318157196], [-74.4346923828, -84.4384460449, 89.3908996582, -16.1893405914, -8.4086227417, 173.543746948, 16.4177513123, 23.5935821533, 5.10325670242, 18.4085159302, 19.4789714813, -17.1314125061, 5.2384929657], [57.9402503967, 86.2393875122, -27.5198898315, 10.8854436874, -15.4330806732, 16.4177513123, 135.046096802, 20.8460597992, -14.3344078064, 25.9402427673, 3.85114336014, -1.54267895222, 4.59035396576], [-78.988319397, 4.83442163467, 17.2498207092, 3.09968066216, 14.3686246872, 23.5935821533, 20.8460597992, 115.603561401, 28.2255096436, 11.1949872971, 8.00258350372, -9.1944694519, -2.23926687241], [234.727401733, -67.6901931763, -9.65533161163, -7.22331047058, -12.7984485626, 5.10325670242, -14.3344078064, 28.2255096436, 125.277160645, 14.8298425674, 1.63756430149, -9.67043781281, -22.6643638611], [-31.453666687, 65.5946426392, -22.6461315155, -5.85022068024, 0.367256075144, 18.4085159302, 25.9402427673, 11.1949872971, 14.8298425674, 114.423027039, 19.962556839, -21.1916732788, 1.75225579739], [-57.253993988, 21.1319770813, 34.2778968811, -10.8871927261, 2.31072378159, 19.4789714813, 3.85114336014, 8.00258350372, 1.63756430149, 19.962556839, 78.3785324097, 5.42301988602, -7.46376514435], [0.751889705658, 2.91291856766, -3.42557883263, 29.8615875244, 2.42620515823, -17.1314125061, -1.54267895222, -9.1944694519, -9.67043781281, -21.1916732788, 5.42301988602, 86.4033355713, 14.2777938843], [-69.4016265869, 12.8693466187, 5.64779949188, 16.7004928589, 20.318157196, 5.2384929657, 4.59035396576, -2.23926687241, -22.6643638611, 1.75225579739, -7.46376514435, 14.2777938843, 83.3846435547]], "icov": [[0.000172224303242, -4.67641621071e-06, 0.000198502093554, -0.000105407008959, 0.000267081835773, -4.04368074669e-05, -7.399378228e-05, 0.0001541103411, -0.000345716835, 0.000147281811223, -1.83583160833e-05, 4.25193466072e-05, -8.58173279994e-06], [-4.67641621071e-06, 0.000912908930331, 0.000324564432958, 0.000245154224103, -0.000680752738845, 0.000374720286345, -0.000516614934895, -5.37877494935e-05, 0.000469769060146, -0.000406284671044, -0.000294367637252, -6.50305591989e-05, 7.44698554627e-05], [0.000198502093554, 0.000324564432958, 0.00212889397517, 0.000116264622193, -0.000960199802648, -0.000877656042576, -3.85808925785e-06, 0.000141106225783, -0.000156317517394, 0.000589911884163, -0.000765868870076, 5.69288349652e-05, 0.000107566149381], [-0.000105407008959, 0.000245154224103, 0.000116264622193, 0.00351757416502, -0.000870388408657, 0.000231729820371, -0.000399629061576, -0.000248194643063, 0.000329764880007, -0.000213222156162, 0.000408433377743, -0.00117414048873, -0.000293371733278], [0.000267081835773, -0.000680752738845, -0.000960199802648, -0.000870388408657, 0.0053766798228, 0.000475846492918, 0.00078654877143, -0.000444299541414, -0.000438570219558, 8.00651032478e-05, 0.000282064254861, 0.000307775771944, -0.000976870534942], [-4.04368074669e-05, 0.000374720286345, -0.000877656042576, 0.000231729820371, 0.000475846492918, 0.00701021775603, -0.000800460285973, -0.00106526981108, 0.000180066504981, -0.000800366338808, -0.00128630932886, 0.0011699507013, -0.000869054230861], [-7.399378228e-05, -0.000516614934895, -3.85808925785e-06, -0.000399629061576, 0.00078654877143, -0.000800460285973, 0.00874566286802, -0.00178600277286, 0.00152370333672, -0.00175601616502, 0.000396021699999, -0.000339098478435, -2.77736089629e-05], [0.0001541103411, -5.37877494935e-05, 0.000141106225783, -0.000248194643063, -0.000444299541414, -0.00106526981108, -0.00178600277286, 0.0101035730913, -0.00281707965769, 0.000320931780152, -0.000736444548238, 0.000787602504715, -0.000251665711403], [-0.000345716835, 0.000469769060146, -0.000156317517394, 0.000329764880007, -0.000438570219558, 0.000180066504981, 0.00152370333672, -0.00281707965769, 0.0103013459593, -0.00194358790759, 0.000433490931755, -0.000108137668576, 0.00241843541153], [0.000147281811223, -0.000406284671044, 0.000589911884163, -0.000213222156162, 8.00651032478e-05, -0.000800366338808, -0.00175601616502, 0.000320931780152, -0.00194358790759, 0.0108969183639, -0.00285833934322, 0.00277832173742, -0.00116474553943], [-1.83583160833e-05, -0.000294367637252, -0.000765868870076, 0.000408433377743, 0.000282064254861, -0.00128630932886, 0.000396021699999, -0.000736444548238, 0.000433490931755, -0.00285833934322, 0.0146443648264, -0.00237575243227, 0.00186622992624], [4.25193466072e-05, -6.50305591989e-05, 5.69288349652e-05, -0.00117414048873, 0.000307775771944, 0.0011699507013, -0.000339098478435, 0.000787602504715, -0.000108137668576, 0.00277832173742, -0.00237575243227, 0.0135070681572, -0.00244516669773], [-8.58173279994e-06, 7.44698554627e-05, 0.000107566149381, -0.000293371733278, -0.000976870534942, -0.000869054230861, -2.77736089629e-05, -0.000251665711403, 0.00241843541153, -0.00116474553943, 0.00186622992624, -0.00244516669773, 0.0135803977028]], "mean": [-730.264587402, 190.941314697, -10.4621582031, 17.1683712006, 6.484623909, -7.24057531357, 5.64598989487, -4.16249513626, -0.853491783142, -6.71232032776, -3.41473197937, -3.19557213783, -6.42063713074]}, "pitch_salience": {"dmean": 0.0603500306606, "dmean2": 0.0985681563616, "dvar": 0.00294676423073, "dvar2": 0.00773674435914, "max": 0.946325242519, "mean": 0.541654825211, "median": 0.545171678066, "min": 0.125719413161, "var": 0.00896399840713}, "silence_rate_20dB": {"dmean": 0, "dmean2": 0, "dvar": 0, "dvar2": 0, "max": 1, "mean": 1, "median": 1, "min": 1, "var": 0}, "silence_rate_30dB": {"dmean": 0.00180324586108, "dmean2": 0.00360685307533, "dvar": 0.00179999344982, "dvar2": 0.00499641383067, "max": 1, "mean": 0.998898148537, "median": 1, "min": 0, "var": 0.00110067112837}, "silence_rate_60dB": {"dmean": 0.0280504915863, "dmean2": 0.0561066009104, "dvar": 0.0272686518729, "dvar2": 0.0631824582815, "max": 1, "mean": 0.101773016155, "median": 0, "min": 0, "var": 0.0914080962539}, "spectral_centroid": {"dmean": 111.829902649, "dmean2": 169.838745117, "dvar": 42880.6875, "dvar2": 84995.953125, "max": 11638.15625, "mean": 713.366027832, "median": 642.420043945, "min": 184.954803467, "var": 333233.375}, "spectral_complexity": {"dmean": 1.7291123867, "dmean2": 2.78569293022, "dvar": 2.99698472023, "dvar2": 6.92992067337, "max": 36, "mean": 12.4589805603, "median": 12, "min": 0, "var": 33.6061477661}, "spectral_contrast_coeffs": {"dmean": [0.0451145619154, 0.0425476878881, 0.0375493094325, 0.0287334099412, 0.0212630927563, 0.0167947560549], "dmean2": [0.0757229030132, 0.0655911788344, 0.0587331242859, 0.0462280064821, 0.0334095582366, 0.0254254452884], "dvar": [0.00145272025838, 0.00129523826763, 0.00101852312218, 0.000554176047444, 0.000310832867399, 0.000211824779399], "dvar2": [0.00394944753498, 0.00300464476459, 0.00237228581682, 0.00141564803198, 0.000701347365975, 0.000446299847681], "max": [-0.297107517719, -0.358970969915, -0.394178837538, -0.552171707153, -0.579026520252, -0.624421298504], "mean": [-0.632066965103, -0.666462063789, -0.69965672493, -0.74286532402, -0.748446047306, -0.79637748003], "median": [-0.637187540531, -0.669653594494, -0.707378864288, -0.745283901691, -0.745551645756, -0.79641264677], "min": [-0.97293138504, -0.991803646088, -0.973581850529, -0.971535742283, -0.966969609261, -0.963980138302], "var": [0.00503610027954, 0.00707747973502, 0.00643982645124, 0.00265761488117, 0.00256560277194, 0.00261956662871]}, "spectral_contrast_valleys": {"dmean": [0.370000511408, 0.320269495249, 0.308418691158, 0.261610656977, 0.245141834021, 0.296385973692], "dmean2": [0.612695097923, 0.513556540012, 0.49392414093, 0.410975962877, 0.348625093699, 0.377658307552], "dvar": [0.138023048639, 0.0965365916491, 0.103873327374, 0.0731841698289, 0.0734080821276, 0.100090935826], "dvar2": [0.306721717119, 0.215755984187, 0.226497218013, 0.146702826023, 0.121700130403, 0.140759155154], "max": [-5.33609008789, -4.79133367538, -5.18996477127, -5.43260383606, -6.4743142128, -8.34966182709], "mean": [-7.46657991409, -7.16762542725, -7.96108055115, -8.67270088196, -9.25069141388, -11.9194526672], "median": [-7.23527526855, -6.9669418335, -7.80419969559, -8.401720047, -9.15229225159, -11.9486789703], "min": [-27.7462749481, -28.2010574341, -27.7182884216, -27.5839214325, -27.3867492676, -27.3899841309], "var": [1.79018867016, 2.06389689445, 2.18664073944, 2.20643281937, 2.18179059029, 1.55153357983]}, "spectral_decrease": {"dmean": 1.65871372193e-09, "dmean2": 2.457279491e-09, "dvar": 8.2376022072e-18, "dvar2": 1.95043166565e-17, "max": 1.16593812718e-28, "mean": -5.48590595173e-09, "median": -4.02360456064e-09, "min": -4.57314968116e-08, "var": 2.52011707465e-17}, "spectral_energy": {"dmean": 0.00651624565944, "dmean2": 0.00963454693556, "dvar": 0.000125093793031, "dvar2": 0.000294397905236, "max": 0.178107902408, "mean": 0.0217389557511, "median": 0.0158639829606, "min": 1.02882034637e-20, "var": 0.000396875548176}, "spectral_energyband_high": {"dmean": 4.27354571002e-05, "dmean2": 6.14327582298e-05, "dvar": 2.12585664627e-08, "dvar2": 4.35102975871e-08, "max": 0.00596466613933, "mean": 8.11340214568e-05, "median": 1.87513996934e-05, "min": 7.16709510836e-21, "var": 4.47003642989e-08}, "spectral_energyband_low": {"dmean": 0.00191584380809, "dmean2": 0.00321550876833, "dvar": 3.00591509586e-05, "dvar2": 8.08806507848e-05, "max": 0.0997135490179, "mean": 0.00409889454022, "median": 0.00262409634888, "min": 1.17739414925e-23, "var": 3.15148026857e-05}, "spectral_energyband_middle_high": {"dmean": 0.00145831343252, "dmean2": 0.00214800820686, "dvar": 1.27809553305e-05, "dvar2": 2.84620600723e-05, "max": 0.101454913616, "mean": 0.00391406798735, "median": 0.00168484507594, "min": 1.16406859724e-21, "var": 4.46593330707e-05}, "spectral_energyband_middle_low": {"dmean": 0.0048715909943, "dmean2": 0.00717269256711, "dvar": 7.38340240787e-05, "dvar2": 0.000172986910911, "max": 0.140882924199, "mean": 0.0143660726026, "median": 0.00963113456964, "min": 2.6789373029e-22, "var": 0.000218669199967}, "spectral_entropy": {"dmean": 0.157862797379, "dmean2": 0.224423378706, "dvar": 0.0292971227318, "dvar2": 0.0504975169897, "max": 9.81419372559, "mean": 6.64921379089, "median": 6.67468643188, "min": 4.6268286705, "var": 0.258743733168}, "spectral_flux": {"dmean": 0.0187479071319, "dmean2": 0.029913244769, "dvar": 0.00063233601395, "dvar2": 0.00140531908255, "max": 0.33770519495, "mean": 0.0562819205225, "median": 0.0473889186978, "min": 6.27328120006e-11, "var": 0.00158158293925}, "spectral_kurtosis": {"dmean": 4.99370145798, "dmean2": 8.35141658783, "dvar": 25.91755867, "dvar2": 68.5135803223, "max": 115.753341675, "mean": 14.9221944809, "median": 12.3084688187, "min": -1.30339682102, "var": 112.292694092}, "spectral_rms": {"dmean": 0.000619662052486, "dmean2": 0.000894072873052, "dvar": 6.60025762045e-07, "dvar2": 1.40484473832e-06, "max": 0.0131819499657, "mean": 0.00413044216111, "median": 0.0039340890944, "min": 3.16816538282e-12, "var": 4.1480834625e-06}, "spectral_rolloff": {"dmean": 191.452148438, "dmean2": 327.669158936, "dvar": 289562.59375, "dvar2": 624228, "max": 19250.6835938, "mean": 824.330749512, "median": 710.595703125, "min": 107.666015625, "var": 1103375.125}, "spectral_skewness": {"dmean": 0.408634603024, "dmean2": 0.663013458252, "dvar": 0.142261996865, "dvar2": 0.343441665173, "max": 8.97594356537, "mean": 2.73568105698, "median": 2.5830783844, "min": -0.0699411556125, "var": 0.99697804451}, "spectral_spread": {"dmean