{"lowlevel": {"average_loudness": 0.138729274273, "barkbands": {"dmean": [6.43684234092e-06, 0.000276537233731, 0.000306293339236, 0.000553520163521, 0.00120359985158, 0.000565682479646, 0.000754277862143, 0.0012265604455, 0.000636927143205, 0.000334693555487, 0.000191116720089, 0.000218592045712, 0.000316605437547, 0.000196361623239, 9.26265784074e-05, 8.06412645034e-05, 9.30208552745e-05, 6.89249209245e-05, 3.94256130676e-05, 1.81046107173e-05, 1.58360326168e-05, 1.62635915331e-05, 1.30670223371e-05, 1.11915223897e-05, 4.07330162489e-06, 1.29028444462e-06, 3.58737850092e-07], "dmean2": [1.12446305138e-05, 0.000443776138127, 0.000500545604154, 0.000906706089154, 0.00192718300968, 0.000906681816559, 0.00111400347669, 0.00186340673827, 0.00100414652843, 0.000524441420566, 0.000313999451464, 0.00035697594285, 0.000508162542246, 0.000301633612253, 0.000141815733514, 0.000124482845422, 0.000144482619362, 0.000104609884147, 6.1827537138e-05, 2.76832270174e-05, 2.26587599172e-05, 2.29019333347e-05, 1.87062141777e-05, 1.53641740326e-05, 5.64987522012e-06, 1.82149676675e-06, 4.95054393923e-07], "dvar": [7.46349981817e-10, 8.40459165374e-07, 4.22187355298e-07, 9.4562585673e-07, 4.94146343044e-06, 1.62812943927e-06, 4.93464085594e-06, 1.33796293085e-05, 5.49465767108e-06, 9.66817992776e-07, 2.66751044364e-07, 5.15954980074e-07, 7.34677882974e-07, 5.25966981968e-07, 1.94487583371e-07, 1.15048649718e-07, 1.8925970835e-07, 8.30921393913e-08, 1.43495935134e-08, 4.47915660118e-09, 6.54899201535e-09, 1.72317147218e-08, 6.21973628157e-09, 4.07686950865e-09, 5.96298732614e-10, 1.54086812754e-10, 2.01678604372e-12], "dvar2": [1.99020422365e-09, 1.99600799533e-06, 1.11968313377e-06, 2.57099418377e-06, 1.31428569148e-05, 3.77487549486e-06, 1.00522456705e-05, 3.02660100715e-05, 1.368019457e-05, 2.23960523726e-06, 7.11352186045e-07, 1.28682381728e-06, 1.85361295735e-06, 1.18173784358e-06, 4.16292181171e-07, 2.65918714604e-07, 4.26234379347e-07, 1.86089835097e-07, 3.39560024543e-08, 9.83247883113e-09, 1.17921068465e-08, 2.7866716934e-08, 1.30379493868e-08, 7.8904500711e-09, 1.25095833692e-09, 4.05510125479e-10, 4.23612100259e-12], "max": [0.00101731193718, 0.0221666544676, 0.0178870651871, 0.0145777519792, 0.0499782599509, 0.033523965627, 0.0571041889489, 0.0833810940385, 0.101416900754, 0.0446957275271, 0.0132131911814, 0.0250753052533, 0.0205800645053, 0.0216755457222, 0.024699440226, 0.0131031898782, 0.0218845494092, 0.0166297778487, 0.00343092810363, 0.00268350541592, 0.00629835063592, 0.0142863485962, 0.00509337615222, 0.00422579562292, 0.00109648390207, 0.000884355395101, 7.29388484615e-05], "mean": [5.21978745383e-06, 0.000474013155326, 0.000684210972395, 0.00101751741022, 0.00253556645475, 0.00101438304409, 0.00137340615038, 0.00238829804584, 0.00126799521968, 0.000590210722294, 0.000340714293998, 0.000389813882066, 0.00057612429373, 0.00039540801663, 0.000185225755558, 0.000176246016053, 0.000206157972571, 0.000166287325555, 9.81478660833e-05, 4.28874009231e-05, 3.63877625205e-05, 3.83800797863e-05, 2.97349979519e-05, 2.49097047345e-05, 8.88064641913e-06, 2.56716339209e-06, 6.28600787422e-07], "median": [2.56010537214e-07, 0.000217640365008, 0.000302019965602, 0.000518552609719, 0.00131293875165, 0.00040356858517, 0.000228662305744, 0.000218727771426, 0.000109467597213, 5.68764626223e-05, 4.80379603687e-05, 5.08887424076e-05, 6.72638052492e-05, 2.26362499234e-05, 1.95637985598e-05, 1.97111839952e-05, 1.96055916604e-05, 1.14970116556e-05, 7.63036587159e-06, 3.04211425828e-06, 2.60061415247e-06, 2.49733852797e-06, 1.74513729689e-06, 1.20524566682e-06, 5.91624655044e-07, 3.28962471485e-07, 1.72630763018e-07], "min": [2.4388685056e-25, 1.15881359559e-24, 6.27493046867e-25, 3.41696087173e-25, 8.68420367412e-24, 7.9464317677e-24, 3.84593396565e-24, 7.89141818589e-24, 1.1697278412e-23, 3.91427811347e-24, 9.18054943366e-24, 2.07600091029e-23, 1.48218128849e-23, 3.06426770855e-23, 4.35671469647e-23, 5.25192478022e-23, 7.03199130612e-23, 1.18382841434e-22, 1.42042610138e-22, 1.54834147489e-22, 2.92088005901e-22, 3.18107970704e-22, 3.70766013849e-22, 5.60320201696e-22, 8.47235299543e-22, 1.19682715074e-21, 2.04983251973e-21], "var": [5.75793246416e-10, 9.43228087635e-07, 1.02013495962e-06, 1.8962480226e-06, 1.2286058336e-05, 4.10268057749e-06, 1.56392834469e-05, 4.56241614302e-05, 2.16576663661e-05, 2.44165835284e-06, 7.25983966277e-07, 1.37280187573e-06, 1.75422087523e-06, 1.68738267803e-06, 6.34295872715e-07, 4.22695137559e-07, 5.7970726175e-07, 4.05712455631e-07, 6.06622592159e-08, 1.53115387036e-08, 2.44650273373e-08, 5.80486485546e-08, 2.07016910281e-08, 1.34226718629e-08, 1.79462555927e-09, 2.00494496005e-10, 3.53959461567e-12]}, "barkbands_crest": {"dmean": 2.22068715096, "dmean2": 3.59023118019, "dvar": 4.10603570938, "dvar2": 10.4098100662, "max": 25.5496006012, "mean": 10.2701692581, "median": 9.6726398468, "min": 2.86994791031, "var": 13.2328119278}, "barkbands_flatness_db": {"dmean": 0.0175016894937, "dmean2": 0.0257006846368, "dvar": 0.000265550770564, "dvar2": 0.000547589035705, "max": 0.412557691336, "mean": 0.181491300464, "median": 0.179979145527, "min": 0.0203179288656, "var": 0.00279068481177}, "barkbands_kurtosis": {"dmean": 2.7435567379, "dmean2": 4.33205842972, "dvar": 13.7902746201, "dvar2": 31.9871425629, "max": 102.409980774, "mean": 7.14826250076, "median": 4.36066913605, "min": -1.79132771492, "var": 69.2917556763}, "barkbands_skewness": {"dmean": 0.41181448102, "dmean2": 0.646739125252, "dvar": 0.156443670392, "dvar2": 0.362283319235, "max": 8.60311698914, "mean": 1.76226723194, "median": 1.67678952217, "min": -3.88745951653, "var": 1.11392080784}, "barkbands_spread": {"dmean": 2.4245326519, "dmean2": 3.63724470139, "dvar": 14.6695795059, "dvar2": 28.4552898407, "max": 108.584480286, "mean": 10.8906726837, "median": 8.50531959534, "min": 0.519880831242, "var": 85.27368927}, "dissonance": {"dmean": 0.0249088089913, "dmean2": 0.0417635478079, "dvar": 0.00047332860413, "dvar2": 0.00127039675135, "max": 0.500000119209, "mean": 0.440037965775, "median": 0.446152508259, "min": 0.202650010586, "var": 0.00137536262628}, "dynamic_complexity": 6.74529504776, "erbbands": {"dmean": [0.00685536907986, 0.0684504583478, 0.282520711422, 1.08347737789, 3.0792798996, 4.40663528442, 4.63808727264, 4.83943033218, 7.84878587723, 18.9790420532, 23.4888687134, 15.0595121384, 11.0199995041, 5.78144979477, 8.40578365326, 9.45508098602, 13.7662916183, 10.1744194031, 5.66413116455, 3.89732503891, 4.25299072266, 4.48782539368, 3.63195061684, 2.59111452103, 1.58736991882, 0.778357505798, 0.657994568348, 0.616581439972, 0.593550741673, 0.464120864868, 0.34621283412, 0.31995767355, 0.14299762249, 0.060159906745, 0.0250498279929, 0.0078297201544, 0.00195913552307, 0.000512907630764, 6.06796165812e-05, 5.41223653272e-06], "dmean2": [0.0113088674843, 0.109705612063, 0.466483354568, 1.7685585022, 4.96715593338, 7.03566026688, 7.48249387741, 7.75308609009, 11.7889289856, 28.8692512512, 35.5695457458, 23.5713939667, 17.469537735, 9.15008735657, 13.8464756012, 15.394370079, 22.0935840607, 15.5784349442, 8.5593252182, 6.09071588516, 6.40203714371, 6.83746337891, 5.39264965057, 4.10951089859, 2.41790270805, 1.17957651615, 0.976249814034, 0.874343752861, 0.831562161446, 0.67691719532, 0.501489281654, 0.451660573483, 0.201171249151, 0.0853680595756, 0.0354610830545, 0.0113233411685, 0.00278458581306, 0.000708286708687, 8.25056995382e-05, 7.76770866651e-06], "dvar": [0.000720923068002, 0.0454891100526, 0.36526787281, 3.53934931755, 32.8767814636, 97.2279815674, 120.887992859, 143.864395142, 638.748962402, 2823.78027344, 6570.50488281, 2933.01416016, 1019.52496338, 398.179016113, 530.910339355, 1019.64227295, 1378.0670166, 1154.19995117, 670.231018066, 207.64515686, 404.082397461, 412.325500488, 209.245803833, 72.2540740967, 28.1100196838, 8.21484851837, 11.4714269638, 10.6806983948, 22.0541152954, 8.11372661591, 4.33257389069, 3.24406719208, 0.725148916245, 0.126169651747, 0.0334059000015, 0.0074501466006, 0.000255732535152, 4.04584216085e-06, 5.65656037566e-08, 1.88084783859e-10], "dvar2": [0.00176011351869, 0.109496675432, 0.971556484699, 9.57187652588, 85.9702987671, 254.422149658, 314.706329346, 326.301239014, 1326.68518066, 6252.62451172, 14794.8271484, 7314.86181641, 2465.0949707, 907.810302734, 1429.9552002, 2569.41503906, 3449.66894531, 2544.78051758, 1375.05395508, 514.942993164, 888.922119141, 929.79309082, 443.962402344, 168.886535645, 64.2051696777, 17.2527675629, 26.2257785797, 17.1793212891, 30.4618778229, 15.436372757, 9.09168720245, 6.28031539917, 1.45416367054, 0.286729425192, 0.0698167234659, 0.0195158720016, 0.00066885893466, 7.70865517552e-06, 1.16328465083e-07, 4.28616336867e-10], "max": [0.478130757809, 5.43728923798, 19.3148860931, 23.8017234802, 115.331687927, 294.725952148, 301.141296387, 436.10736084, 874.070678711, 1166.83300781, 2291.90673828, 2784.69946289, 831.467956543, 1306.38671875, 524.428405762, 1266.05517578, 984.889709473, 1056.25915527, 1318.9979248, 493.097412109, 946.371887207, 1088.76391602, 802.061950684, 383.421417236, 187.544036865, 117.979309082, 244.700485229, 263.554840088, 513.479003906, 185.304733276, 131.566802979, 113.02973938, 43.6564064026, 17.6223430634, 10.240773201, 6.39563751221, 1.03496062756, 0.0819080993533, 0.0125970933586, 0.000861767679453], "mean": [0.00809966959059, 0.131940275431, 0.67803889513, 2.23284363747, 6.02914762497, 8.77593231201, 8.07519721985, 9.05208015442, 15.1864366531, 37.4149475098, 48.9918632507, 31.5103034973, 21.7813034058, 12.0921154022, 16.2274417877, 19.0935306549, 26.9111289978, 22.3564453125, 13.0358762741, 9.05177783966, 10.3208370209, 10.9617853165, 9.59586524963, 6.68859243393, 4.14342164993, 2.02429103851, 1.49071085453, 1.43721210957, 1.41079437733, 1.03711950779, 0.784524857998, 0.701574742794, 0.302072376013, 0.124625168741, 0.0529285371304, 0.015711735934, 0.00383742898703, 0.000939000281505, 0.000114855545689, 2.06693002838e-05], "median": [0.00240465486422, 0.0695524960756, 0.370472580194, 1.32805538177, 3.33052682877, 3.48550128937, 3.11408424377, 3.3644118309, 3.57312703133, 5.41466999054, 4.57946062088, 3.08583402634, 2.01921153069, 1.62396860123, 2.22499847412, 2.72128462791, 3.475949049, 1.79164552689, 1.06743240356, 1.11371326447, 1.24131596088, 1.03071856499, 0.710403263569, 0.492056965828, 0.339425265789, 0.155051350594, 0.120556145906, 0.0922343730927, 0.09294898808, 0.0685452222824, 0.0475429296494, 0.0330238714814, 0.0151511803269, 0.00782242976129, 0.00344426720403, 0.0014239999, 0.00059078540653, 0.000180523609743, 3.55165866495e-05, 1.01889218058e-05], "min": [1.70269694158e-23, 3.90747343086e-22, 1.94561806191e-21, 4.43381773415e-21, 1.17266083488e-20, 2.17547628684e-20, 3.38549515081e-20, 8.53691815809e-20, 1.23758704895e-19, 2.78017807873e-19, 2.75411749503e-19, 3.01056390595e-19, 3.38475223923e-19, 6.54556807507e-19, 7.55648669818e-19, 1.18350644579e-18, 1.2220548201e-18, 1.93549634067e-18, 2.94724410894e-18, 2.52354668955e-18, 3.67528422994e-18, 5.18506421014e-18, 5.83967716253e-18, 6.67559776544e-18, 7.97833733345e-18, 7.8866931662e-18, 9.88947444584e-18, 1.14975160382e-17, 1.0972997503e-17, 1.02607585997e-17, 1.10305916076e-17, 1.27528469902e-17, 8.75815854721e-18, 7.69456640687e-18, 6.29960447236e-18, 4.14085001642e-18, 2.13429555241e-18, 9.57366640055e-19, 2.60243919557e-19, 2.66491889373e-20], "var": [0.000670615059789, 0.0551872849464, 0.857635498047, 7.13288784027, 63.8597221375, 229.27684021, 240.242904663, 403.235931396, 2144.65795898, 9069.11328125, 23585.1074219, 12168.5751953, 2846.57104492, 1110.859375, 1459.38171387, 2885.5456543, 3478.49438477, 4011.56323242, 2578.984375, 871.300964355, 1547.1953125, 1563.86730957, 1195.23425293, 297.89175415, 121.992767334, 31.1737537384, 33.6470031738, 43.5795822144, 80.6330184937, 27.3375701904, 14.1117324829, 10.9113054276, 2.14424920082, 0.336919367313, 0.084424123168, 0.00953315198421, 0.000373095739633, 9.90599710349e-06, 1.06535331668e-07, 7.30045579544e-10]}, "erbbands_crest": {"dmean": 2.54529929161, "dmean2": 4.12433242798, "dvar": 5.67546319962, "dvar2": 13.9325275421, "max": 30.5952796936, "mean": 10.3271989822, "median": 9.2939414978, "min": 2.62545132637, "var": 19.6194419861}, "erbbands_flatness_db": {"dmean": 0.0150673100725, "dmean2": 0.0211481638253, "dvar": 0.000193130865227, "dvar2": 0.000356859643944, "max": 0.34293615818, "mean": 0.193330749869, "median": 0.196269899607, "min": 0.0515665002167, "var": 0.00147651997395}, "erbbands_kurtosis": {"dmean": 1.06412184238, "dmean2": 1.68814337254, "dvar": 2.34787797928, "dvar2": 5.72184228897, "max": 76.4206390381, "mean": 1.4132630825, "median": 0.597736418247, "min": -1.70963382721, "var": 8.32117652893}, "erbbands_skewness": {"dmean": 0.323128789663, "dmean2": 0.504571914673, "dvar": 0.084101587534, "dvar2": 0.190996184945, "max": 6.47007608414, "mean": 0.817022144794, "median": 0.792842507362, "min": -2.932898283, "var": 0.653055548668}, "erbbands_spread": {"dmean": 4.51631212234, "dmean2": 6.77043151855, "dvar": 28.0107383728, "dvar2": 54.8101158142, "max": 137.002059937, "mean": 24.8604812622, "median": 22.3075675964, "min": 1.86422550678, "var": 150.684738159}, "gfcc": {"cov": [[20318.3320313, 25.0764331818, -3187.24291992, 1008.98669434, -1428.4901123, 101.864151001, -145.641281128, 460.355804443, -83.9444732666, -333.770263672, 26.22889328, -252.597244263, -350.81829834], [25.0764331818, 1000.25360107, 221.167221069, -224.979934692, 267.189147949, -67.7775726318, -32.5856208801, -103.826057434, 35.3059844971, -45.1796531677, -28.3595066071, 18.3619670868, -26.0236282349], [-3187.24291992, 221.167221069, 1317.9979248, -19.2832813263, 331.975585938, 102.672828674, -29.6343994141, -148.760543823, -7.71086931229, 91.8784408569, -35.8006057739, 81.2121124268, 69.2420654297], [1008.98669434, -224.979934692, -19.2832813263, 439.294830322, -53.5025253296, 54.2497711182, 46.9953384399, 36.2020568848, -0.00679181329906, -5.00092363358, 15.5744905472, -18.2224369049, 13.85384655], [-1428.4901123, 267.189147949, 331.975585938, -53.5025253296, 383.443664551, 11.8376073837, -30.8425121307, -36.5166549683, 23.0209846497, 13.5573120117, -19.8555393219, 23.3963108063, 39.4607925415], [101.864151001, -67.7775726318, 102.672828674, 54.2497711182, 11.8376073837, 143.266281128, 51.9851913452, 27.1605834961, -2.22476577759, 20.0072402954, 6.66572952271, -3.1968998909, 6.66280889511], [-145.641281128, -32.5856208801, -29.6343994141, 46.9953384399, -30.8425121307, 51.9851913452, 190.489227295, 64.3757476807, -5.97157526016, -6.48247289658, 23.5769786835, 0.545366585255, -15.1867637634], [460.355804443, -103.826057434, -148.760543823, 36.2020568848, -36.5166549683, 27.1605834961, 64.3757476807, 120.017829895, 21.9979419708, -13.2160797119, 19.2358207703, -3.78955388069, -9.42690372467], [-83.9444732666, 35.3059844971, -7.71086931229, -0.00679181329906, 23.0209846497, -2.22476577759, -5.97157526016, 21.9979419708, 95.8415298462, 22.1340866089, 0.793139100075, 7.22275876999, -0.782154321671], [-333.770263672, -45.1796531677, 91.8784408569, -5.00092363358, 13.5573120117, 20.0072402954, -6.48247289658, -13.2160797119, 22.1340866089, 88.2475814819, 21.8562870026, -0.799299001694, 12.2153549194], [26.22889328, -28.3595066071, -35.8006057739, 15.5744905472, -19.8555393219, 6.66572952271, 23.5769786835, 19.2358207703, 0.793139100075, 21.8562870026, 73.479133606, 15.8684053421, 2.94190382957], [-252.597244263, 18.3619670868, 81.2121124268, -18.2224369049, 23.3963108063, -3.1968998909, 0.545366585255, -3.78955388069, 7.22275876999, -0.799299001694, 15.8684053421, 71.8298110962, 20.8752326965], [-350.81829834, -26.0236282349, 69.2420654297, 13.85384655, 39.4607925415, 6.66280889511, -15.1867637634, -9.42690372467, -0.782154321671, 12.2153549194, 2.94190382957, 20.8752326965, 72.1180725098]], "icov": [[0.000302005646518, -0.00076095003169, 0.000614733900875, -0.000918039644603, 0.000970231019892, -0.000976419600192, 0.00123981549405, -0.00116799282841, 0.000809575489257, -0.000380171986762, 0.000536327715963, -0.000492665101774, 0.000642294296995], [-0.00076095003169, 0.00367246498354, -0.00160346413031, 0.00297710369341, -0.00354814296588, 0.00278951413929, -0.00367503147572, 0.0046652299352, -0.00323640462011, 0.00260651879944, -0.00201625120826, 0.00151716871187, -0.000722685304936], [0.000614733900875, -0.00160346413031, 0.00271186395548, -0.00203294982202, 0.00104866106994, -0.00298915500753, 0.00225762324408, -0.000917395285796, 0.00206185039133, -0.00213582091965, 0.0021126200445, -0.00263050128706, 0.00131581060123], [-0.000918039644603, 0.00297710369341, -0.00203294982202, 0.00562797114253, -0.00290744868107, 0.00232713739388, -0.00424394197762, 0.00390761718154, -0.00326282018796, 0.00252825720236, -0.0025629978627, 0.00272589107044, -0.00267592607997], [0.000970231019892, -0.00354814296588, 0.00104866106994, -0.00290744868107, 0.00747593026608, -0.00325513794087, 0.00455219577998, -0.00497960625216, 0.00217627803795, -0.00132981617935, 0.00220175250433, -0.00120649498422, 1.71261617652e-05], [-0.000976419600192, 0.00278951413929, -0.00298915500753, 0.00232713739388, -0.00325513794087, 0.0126519370824, -0.0058890003711, 0.00147420587018, -0.0018736779457, -0.000418782816269, -0.00140459823888, 0.00277536665089, -0.00245092599653], [0.00123981549405, -0.00367503147572, 0.00225762324408, -0.00424394197762, 0.00455219577998, -0.0058890003711, 0.0126052554697, -0.00887600332499, 0.00478308321908, -0.00155288341921, 0.000972551933955, -0.00248337932862, 0.00389415118843], [-0.00116799282841, 0.0046652299352, -0.000917395285796, 0.00390761718154, -0.00497960625216, 0.00147420587018, -0.00887600332499, 0.0202566944063, -0.00819383561611, 0.00551870511845, -0.00491798622534, 0.00208410434425, -0.00192715844605], [0.000809575489257, -0.00323640462011, 0.00206185039133, -0.00326282018796, 0.00217627803795, -0.0018736779457, 0.00478308321908, -0.00819383561611, 0.0160876922309, -0.00723440293223, 0.00430062925443, -0.00420057307929, 0.00277627841569], [-0.000380171986762, 0.00260651879944, -0.00213582091965, 0.00252825720236, -0.00132981617935, -0.000418782816269, -0.00155288341921, 0.00551870511845, -0.00723440293223, 0.018889464438, -0.00828365981579, 0.00531127350405, -0.0026605676394], [0.000536327715963, -0.00201625120826, 0.0021126200445, -0.0025629978627, 0.00220175250433, -0.00140459823888, 0.000972551933955, -0.00491798622534, 0.00430062925443, -0.00828365981579, 0.019782518968, -0.00701641943306, 0.00150607933756], [-0.000492665101774, 0.00151716871187, -0.00263050128706, 0.00272589107044, -0.00120649498422, 0.00277536665089, -0.00248337932862, 0.00208410434425, -0.00420057307929, 0.00531127350405, -0.00701641943306, 0.0199223943055, -0.00611960794777], [0.000642294296995, -0.000722685304936, 0.00131581060123, -0.00267592607997, 1.71261617652e-05, -0.00245092599653, 0.00389415118843, -0.00192715844605, 0.00277627841569, -0.0026605676394, 0.00150607933756, -0.00611960794777, 0.0189564079046]], "mean": [-110.741271973, 123.931632996, -104.815681458, 2.32374072075, -53.6805992126, 0.483835846186, -42.5479660034, -5.85578536987, -23.623052597, -6.20083713531, -15.1211185455, -4.95990562439, -19.4986381531]}, "hfc": {"dmean": 2.12753844261, "dmean2": 3.05069971085, "dvar": 18.4280147552, "dvar2": 37.2578964233, "max": 155.512176514, "mean": 9.88582134247, "median": 2.7620844841, "min": 1.08873227674e-16, "var": 233.198699951}, "melbands": {"dmean": [6.98609946994e-05, 0.000122526558698, 0.000237258864217, 0.000264197326032, 0.000172988467966, 0.00010808956722, 0.000127980005345, 0.000226228963584, 0.000187245270354, 8.7174717919e-05, 5.53149038751e-05, 2.54349815805e-05, 2.72254110314e-05, 2.52923473454e-05, 3.14685130434e-05, 2.7547175705e-05, 2.05093765544e-05, 1.08554095277e-05, 5.57839166504e-06, 6.11512086834e-06, 5.35483468411e-06, 5.24714369021e-06, 4.19774823968e-06, 3.4246299947e-06, 2.24557538786e-06, 1.42234875966e-06, 9.46594411744e-07, 4.90191496283e-07, 4.09485181763e-07, 4.65163225272e-07, 3.83835867979e-07, 3.68597056877e-07, 3.43419600313e-07, 2.59277243231e-07, 1.90553222978e-07, 2.65701856961e-07, 1.96855538093e-07, 1.18183379527e-07, 6.49458229418e-08, 4.86985669568e-08], "dmean2": [0.000113211623102, 0.000199019326828, 0.000385916850064, 0.000422581564635, 0.000277117040241, 0.000172034022398, 0.000187975849258, 0.000340546190273, 0.000282071501715, 0.000137337861815, 8.74543911777e-05, 4.00765129598e-05, 4.49267135991e-05, 4.14887581428e-05, 5.0328544603e-05, 4.37179696746e-05, 3.1418101571e-05, 1.66153877217e-05, 8.49684874993e-06, 9.73793430603e-06, 8.18064563646e-06, 8.07129435998e-06, 6.4936571107e-06, 5.19784498465e-06, 3.61738989341e-06, 2.21361528929e-06, 1.45488343151e-06, 7.49680566514e-07, 6.27857502877e-07, 6.80505877426e-07, 5.57965279313e-07, 5.22627829014e-07, 5.22622372046e-07, 3.87610839425e-07, 2.80605064518e-07, 4.05816081184e-07, 2.82718644939e-07, 1.70198433125e-07, 9.39278237411e-08, 7.09666210241e-08], "dvar": [6.31803374063e-08, 7.56226725684e-08, 1.55016820713e-07, 2.59097021171e-07, 1.49041269992e-07, 6.68749748911e-08, 1.54480801484e-07, 3.80376775411e-07, 4.14883430722e-07, 9.198417672e-08, 2.58277292886e-08, 8.26346813199e-09, 5.65463098567e-09, 6.43084874241e-09, 8.41174063737e-09, 6.39955022308e-09, 5.38372990633e-09, 2.35183872377e-09, 7.97159338539e-10, 5.87692561282e-10, 7.53137607834e-10, 6.85856371696e-10, 2.3265651905e-10, 2.11277842443e-10, 5.36839461773e-11, 2.22280960999e-11, 1.24636932719e-11, 3.31401833059e-12, 4.05236955103e-12, 6.5466772628e-12, 4.70301185149e-12, 8.18490674542e-12, 7.41439288438e-12, 2.28766159661e-12, 1.27698372709e-12, 2.81066446159e-12, 1.21901729162e-12, 5.01696665982e-13, 1.25757016562e-13, 8.34136226887e-14], "dvar2": [1.50617609052e-07, 1.92591130599e-07, 4.22215805429e-07, 6.73499528148e-07, 3.94372079882e-07, 1.49150025663e-07, 3.12692492344e-07, 8.37423215216e-07, 9.09227480861e-07, 2.28533522773e-07, 6.20332727408e-08, 1.89817797036e-08, 1.53435060213e-08, 1.65355817927e-08, 2.05575130252e-08, 1.54671813135e-08, 1.20374554768e-08, 4.87238693836e-09, 1.86382753675e-09, 1.41331779613e-09, 1.68561131719e-09, 1.58083768298e-09, 5.07755615331e-10, 4.83872997226e-10, 1.29930691206e-10, 5.31221074074e-11, 2.8376016814e-11, 7.14302228477e-12, 1.05715566509e-11, 1.27144093864e-11, 8.69635440048e-12, 1.34087897036e-11, 1.33122818324e-11, 4.65811026903e-12, 2.63965845709e-12, 6.49736774799e-12, 2.5412395712e-12, 1.04924142291e-12, 2.65714479499e-13, 1.99386392271e-13], "max": [0.00548735260963, 0.00806680414826, 0.00660307472572, 0.0105635467917, 0.00908390618861, 0.00835715327412, 0.0125041343272, 0.0134177068248, 0.017520301044, 0.0151174403727, 0.00405743066221, 0.00606764759868, 0.00192535168026, 0.00324042863213, 0.00265443511307, 0.0026347397361, 0.00224018259905, 0.00254792743362, 0.00191544403788, 0.000789818994235, 0.00156160630286, 0.0014054850908, 0.000856754661072, 0.000839379790705, 0.000271880038781, 0.000164201454027, 0.000122121913591, 8.47512565088e-05, 0.000122403507703, 0.000192327424884, 0.000186840450624, 0.000305744935758, 0.000245585513767, 7.1510556154e-05, 7.61832270655e-05, 8.07698670542e-05, 7.07769140718e-05, 3.57329881808e-05, 1.93069954548e-05, 1.44097093653e-05], "mean": [0.000102505822724, 0.000296940386761, 0.000500353286043, 0.000545938150026, 0.000321197148878, 0.000201121656573, 0.000245079194428, 0.000443222001195, 0.000386379222618, 0.000175488967216, 0.000104604427179, 4.79445698147e-05, 4.98005647387e-05, 4.73887812404e-05, 5.82603461226e-05, 5.17225780641e-05, 4.13822090195e-05, 2.23548631766e-05, 1.16498249554e-05, 1.27473222165e-05, 1.1945062397e-05, 1.16669907584e-05, 9.87182284007e-06, 7.94450716057e-06, 5.17249009135e-06, 3.32523154611e-06, 2.2249612357e-06, 1.10547955501e-06, 8.47079945743e-07, 9.53806306825e-07, 8.05817990113e-07, 8.17600493974e-07, 7.05594572992e-07, 5.35735921403e-07, 4.02866589866e-07, 5.38180870535e-07, 3.87928110968e-07, 2.29369803151e-07, 1.2712628461e-07, 9.61441557479e-08], "median": [4.44212346338e-05, 0.000173595093656, 0.00033025915036, 0.0002873557969, 0.000125082267914, 7.32770058676e-05, 5.12529659318e-05, 5.79095831199e-05, 3.31193150487e-05, 1.64416524058e-05, 9.13766780286e-06, 5.77031323701e-06, 6.90761362421e-06, 6.40275720798e-06, 8.14138184069e-06, 6.10416373092e-06, 2.45801902565e-06, 1.60095851243e-06, 1.35962739023e-06, 1.44699060911e-06, 1.33312198614e-06, 1.0598391782e-06, 7.51870118165e-07, 4.91957393933e-07, 3.5799195075e-07, 2.64034326847e-07, 1.44021967685e-07, 8.14603993149e-08, 7.18903905295e-08, 5.552501392e-08, 5.03124084617e-08, 5.32225925554e-08, 4.438290091e-08, 3.38216779028e-08, 2.72310245464e-08, 2.17800337765e-08, 1.80716988041e-08, 1.03556008213e-08, 7.66790009266e-09, 5.78256331707e-09], "min": [2.24260287061e-25, 8.38137791919e-25, 9.61357963922e-25, 1.64167367934e-24, 1.13253525833e-24, 1.99355287612e-24, 1.87030538981e-24, 2.67545923095e-24, 2.0073208655e-24, 1.76450099862e-24, 1.55822511317e-24, 2.32627626214e-24, 1.680039042e-24, 2.52349503832e-24, 2.72259879763e-24, 1.25013962816e-24, 2.73193713581e-24, 3.03860306563e-24, 3.03494294824e-24, 3.52807350795e-24, 3.86973034929e-24, 4.06200099544e-24, 4.54279436223e-24, 6.04457568877e-24, 4.61895493833e-24, 5.48034647619e-24, 5.01296216706e-24, 3.4886190242e-24, 4.81774275885e-24, 6.13478114443e-24, 6.6555800143e-24, 5.87623513818e-24, 4.83364225039e-24, 4.82424297271e-24, 6.21952649932e-24, 6.47979971652e-24, 6.94496101561e-24, 6.16469001679e-24, 6.36740478689e-24, 6.22082062564e-24], "var": [6.39414921011e-08, 1.57828068836e-07, 3.21669091363e-07, 5.89997398492e-07, 3.26795429828e-07, 1.90888997054e-07, 5.36834647846e-07, 1.2369033584e-06, 1.52097845785e-06, 3.71425585399e-07, 7.00875872894e-08, 2.18865583435e-08, 1.52137999976e-08, 1.77295120807e-08, 2.06492654087e-08, 1.6106566747e-08, 1.67886504698e-08, 8.35450553183e-09, 2.46761566736e-09, 1.93638816093e-09, 2.42119013727e-09, 2.04346317645e-09, 1.22690335669e-09, 9.21410281407e-10, 1.83546233767e-10, 8.20279122404e-11, 4.63511624915e-11, 1.00722295088e-11, 9.35633341637e-12, 1.99332442913e-11, 1.50954734823e-11, 2.61477939995e-11, 2.27143703152e-11, 6.56171774902e-12, 3.68458475536e-12, 7.76452686868e-12, 3.37197609244e-12, 1.31533412634e-12, 3.51261012464e-13, 2.03156271645e-13]}, "melbands_crest": {"dmean": 2.84257316589, "dmean2": 4.6526966095, "dvar": 6.77097511292, "dvar2": 17.4562168121, "max": 33.0949172974, "mean": 13.5386981964, "median": 12.9299621582, "min": 1.57819676399, "var": 22.1805725098}, "melbands_flatness_db": {"dmean": 0.0198853984475, "dmean2": 0.0289247632027, "dvar": 0.000386381259887, "dvar2": 0.000747449696064, "max": 0.524438083172, "mean": 0.260815680027, "median": 0.258875638247, "min": 0.00336419953965, "var": 0.00616581039503}, "melbands_kurtosis": {"dmean": 4.04819726944, "dmean2": 6.43498706818, "dvar": 31.7414588928, "dvar2": 75.2543258667, "max": 124.735984802, "mean": 10.7989377975, "median": 6.99977302551, "min": -1.70308792591, "var": 130.935913086}, "melbands_skewness": {"dmean": 0.477385014296, "dmean2": 0.752082467079, "dvar": 0.220419228077, "dvar2": 0.523291885853, "max": 7.93507432938, "mean": 2.184009552, "median": 2.03949737549, "min": -1.44288277626, "var": 1.32104551792}, "melbands_spread": {"dmean": 3.22117781639, "dmean2": 4.96130084991, "dvar": 33.4032020569, "dvar2": 64.6824569702, "max": 176.402069092, "mean": 14.1883249283, "median": 10.2528038025, "min": 0.875803291798, "var": 270.452850342}, "mfcc": {"cov": [[14089.2109375, -1279.34326172, -1762.66259766, 327.721191406, -859.855834961, -514.707397461, -80.3009414673, 607.580871582, -135.680740356, 261.261901855, 271.245117188, 188.515930176, -352.547546387], [-1279.34326172, 1424.94433594, 157.09487915, -7.0092792511, 264.603149414, 96.8285140991, -35.6499252319, -21.340555191, 5.41147899628, -93.6266860962, -12.1786022186, -32.4769630432, 59.2874679565], [-1762.66259766, 157.09487915, 764.539855957, 62.0245361328, 160.283721924, 185.395614624, 60.5626335144, -88.5605010986, 38.516456604, -42.2228736877, -46.1211891174, -1.4121080637, 69.0037460327], [327.721191406, -7.0092792511, 62.0245361328, 261.12210083, 71.5266799927, 43.94272995, 23.6578788757, 27.522693634, 15.0222492218, 0.235183551908, -8.23247528076, 6.48621082306, 16.8531932831], [-859.855834961, 264.603149414, 160.283721924, 71.5266799927, 348.990386963, 95.089302063, -17.8650856018, -53.6649360657, 40.9618034363, -10.4765071869, -44.4342498779, -18.9885215759, 25.4942855835], [-514.707397461, 96.8285140991, 185.395614624, 43.94272995, 95.089302063, 150.411407471, 40.0209465027, -24.5434932709, 28.4876060486, 4.79353475571, -4.65072202682, -2.51331567764, 19.4395599365], [-80.3009414673, -35.6499252319, 60.5626335144, 23.6578788757, -17.8650856018, 40.0209465027, 170.176651001, 49.1167068481, 2.38331222534, 36.5658721924, 5.43305778503, -3.18225669861, 17.0054664612], [607.580871582, -21.340555191, -88.5605010986, 27.522693634, -53.6649360657, -24.5434932709, 49.1167068481, 164.268981934, 24.7093982697, 3.80881166458, 39.3815574646, 19.6681632996, -5.72718048096], [-135.680740356, 5.41147899628, 38.516456604, 15.0222492218, 40.9618034363, 28.4876060486, 2.38331222534, 24.7093982697, 85.0042190552, 18.235244751, 1.92731511593, 3.90460109711, 3.57788062096], [261.261901855, -93.6266860962, -42.2228736877, 0.235183551908, -10.4765071869, 4.79353475571, 36.5658721924, 3.80881166458, 18.235244751, 99.0704193115, 24.0561981201, -5.72231960297, -7.07912492752], [271.245117188, -12.1786022186, -46.1211891174, -8.23247528076, -44.4342498779, -4.65072202682, 5.43305778503, 39.3815574646, 1.92731511593, 24.0561981201, 95.8473434448, 34.4978981018, -9.54612541199], [188.515930176, -32.4769630432, -1.4121080637, 6.48621082306, -18.9885215759, -2.51331567764, -3.18225669861, 19.6681632996, 3.90460109711, -5.72231960297, 34.4978981018, 76.7682495117, 15.0689649582], [-352.547546387, 59.2874679565, 69.0037460327, 16.8531932831, 25.4942855835, 19.4395599365, 17.0054664612, -5.72718048096, 3.57788062096, -7.07912492752, -9.54612541199, 15.0689649582, 82.4650268555]], "icov": [[0.000169587045093, 2.40558565565e-05, 0.000214206185774, -0.00032941941754, 0.000218678687816, -3.43922215507e-06, 0.000254198530456, -0.000480924471049, 0.000358199467883, -0.00048879312817, 0.00019989386783, -0.000426805781899, 0.000486807955895], [2.40558565565e-05, 0.000960857549217, 7.720074791e-05, 0.000230343270232, -0.000699492404237, -0.000351610855432, 0.000144229183206, -0.00029032715247, 0.00025435956195, 0.000887399248313, -0.000652724877, 0.000686829036567, -0.000586323905736], [0.000214206185774, 7.720074791e-05, 0.00251029292122, -0.00050506304251, 0.000132065877551, -0.00201669009402, -0.000545478949789, 0.000587853952311, -0.000393689697376, 0.000807769072708, 0.000314429780701, -0.000610351969954, -0.000314818491461], [-0.00032941941754, 0.000230343270232, -0.00050506304251, 0.00511920778081, -0.00143307365943, -0.00100018968806, -0.000441959244199, -0.000503360235598, -0.000180545990588, 0.000859671854414, 0.000147788770846, 0.000479749462102, -0.00145142409019], [0.000218678687816, -0.000699492404237, 0.000132065877551, -0.00143307365943, 0.00500566931441, -0.00172168656718, 0.00111090601422, 0.000293901830446, -0.00114295724779, -0.00122032896616, 0.00185768515803, -0.00052778259851, 0.000526120653376], [-3.43922215507e-06, -0.000351610855432, -0.00201669009402, -0.00100018968806, -0.00172168656718, 0.0121821360663, -0.00276386318728, 0.00197798502631, -0.00261812377721, -2.14666015381e-05, -0.00192897603847, 0.000188064979739, 0.000351945927832], [0.000254198530456, 0.000144229183206, -0.000545478949789, -0.000441959244199, 0.00111090601422, -0.00276386318728, 0.00951338093728, -0.00492304516956, 0.00333311920986, -0.00497793173417, 0.00194519758224, 5.06516807945e-05, -0.000821834313683], [-0.000480924471049, -0.00029032715247, 0.000587853952311, -0.000503360235598, 0.000293901830446, 0.00197798502631, -0.00492304516956, 0.0117484182119, -0.00589830288664, 0.00461384980008, -0.00414304342121, 0.000721559452359, -0.000921779661439], [0.000358199467883, 0.00025435956195, -0.000393689697376, -0.000180545990588, -0.00114295724779, -0.00261812377721, 0.00333311920986, -0.00589830288664, 0.0167649071664, -0.00554260797799, 0.00224949698895, -0.00195671850815, 0.00100312905852], [-0.00048879312817, 0.000887399248313, 0.000807769072708, 0.000859671854414, -0.00122032896616, -2.14666015381e-05, -0.00497793173417, 0.00461384980008, -0.00554260797799, 0.0167223066092, -0.00606193067506, 0.00440951157361, -0.00168145587668], [0.00019989386783, -0.000652724877, 0.000314429780701, 0.000147788770846, 0.00185768515803, -0.00192897603847, 0.00194519758224, -0.00414304342121, 0.00224949698895, -0.00606193067506, 0.0169755425304, -0.00802586600184, 0.00303576746956], [-0.000426805781899, 0.000686829036567, -0.000610351969954, 0.000479749462102, -0.00052778259851, 0.000188064979739, 5.06516807945e-05, 0.000721559452359, -0.00195671850815, 0.00440951157361, -0.00802586600184, 0.019162511453, -0.0057145007886], [0.000486807955895, -0.000586323905736, -0.000314818491461, -0.00145142409019, 0.000526120653376, 0.000351945927832, -0.000821834313683, -0.000921779661439, 0.00100312905852, -0.00168145587668, 0.00303576746956, -0.0057145007886, 0.0162567123771]], "mean": [-755.188415527, 164.107879639, 2.67604374886, 7.83872079849, 2.78316307068, 1.1023324728, -8.96938514709, -1.8639446497, -11.6629219055, -6.04670810699, -0.990854501724, -0.110894702375, -5.39569950104]}, "pitch_salience": {"dmean": 0.0581037923694, "dmean2": 0.0942710936069, "dvar": 0.00266917073168, "dvar2": 0.00694416137412, "max": 0.906314015388, "mean": 0.585293889046, "median": 0.590715646744, "min": 0.187294766307, "var": 0.00975677650422}, "silence_rate_20dB": {"dmean": 0, "dmean2": 0, "dvar": 0, "dvar2": 0, "max": 1, "mean": 1, "median": 1, "min": 1, "var": 0}, "silence_rate_30dB": {"dmean": 0.000169534629094, "dmean2": 0.000339098012773, "dvar": 0.000169502527569, "dvar2": 0.000338969606673, "max": 1, "mean": 0.99983048439, "median": 1, "min": 0, "var": 0.000169488164829}, "silence_rate_60dB": {"dmean": 0.0422141216695, "dmean2": 0.084435403347, "dvar": 0.0404257439077, "dvar2": 0.0884984955192, "max": 1, "mean": 0.305475503206, "median": 0, "min": 0, "var": 0.212133705616}, "spectral_centroid": {"dmean": 112.455307007, "dmean2": 167.998672485, "dvar": 38971.171875, "dvar2": 68451.6875, "max": 11625.7558594, "mean": 806.746032715, "median": 598.556762695, "min": 177.239593506, "var": 1003846.1875}, "spectral_complexity": {"dmean": 1.56277024746, "dmean2": 2.5440826416, "dvar": 3.26321172714, "dvar2": 7.48889636993, "max": 46, "mean": 10.9521102905, "median": 8, "min": 0, "var": 71.5413742065}, "spectral_contrast_coeffs": {"dmean": [0.0438889078796, 0.0414994731545, 0.0312613658607, 0.0262433923781, 0.0181615632027, 0.0134526202455], "dmean2": [0.0719119906425, 0.0679780095816, 0.0513844564557, 0.0430352166295, 0.028675833717, 0.0204523410648], "dvar": [0.00143706717063, 0.00121642474551, 0.000686825602315, 0.000488996156491, 0.000270257238299, 0.000150968975504], "dvar2": [0.00365905789658, 0.00313698966056, 0.00179297395516, 0.00123853469267, 0.000587082176935, 0.000300622166833], "max": [-0.285584539175, -0.392433047295, -0.501825630665, -0.577988505363, -0.515258133411, -0.589036822319], "mean": [-0.587307751179, -0.717677116394, -0.774349272251, -0.772222280502, -0.794231116772, -0.804677426815], "median": [-0.58611112833, -0.725752353668, -0.781606435776, -0.778869152069, -0.798518240452, -0.805906534195], "min": [-0.975677549839, -0.980018854141, -0.972035527229, -0.973497450352, -0.967085838318, -0.96576410532], "var": [0.00788510777056, 0.00677442690358, 0.00396147323772, 0.00316140730865, 0.00320074451156, 0.00259119644761]}, "spectral_contrast_valleys": {"dmean": [0.381522208452, 0.307721912861, 0.264807224274, 0.234006881714, 0.20023585856, 0.222536221147], "dmean2": [0.62725675106, 0.509337007999, 0.434469491243, 0.371665596962, 0.290366888046, 0.276098906994], "dvar": [0.163053616881, 0.088270097971, 0.0691685974598, 0.0631361305714, 0.0613111890852, 0.0830220282078], "dvar2": [0.359785556793, 0.200297176838, 0.147701397538, 0.122036330402, 0.0978026390076, 0.109744422138], "max": [-5.72454166412, -4.98837184906, -5.09492826462, -5.44815826416, -5.79977846146, -7.74543523788], "mean": [-8.40487957001, -7.3509016037, -8.19937515259, -8.80620479584, -9.2449836731, -11.6569852829], "median": [-7.98204278946, -7.04980897903, -8.00346374512, -8.58122062683, -9.00455951691, -11.6654224396], "min": [-28.2702999115, -27.9014854431, -27.7302856445, -27.6217784882, -27.565284729, -27.4060306549], "var": [3.88095211983, 3.95223045349, 4.07266807556, 3.90870833397, 4.30447340012, 3.23077011108]}, "spectral_decrease": {"dmean": 8.82681816528e-10, "dmean2": 1.35405686663e-09, "dvar": 1.9788089651e-18, "dvar2": 4.64901353649e-18, "max": 2.3418393307e-28, "mean": -3.49014550594e-09, "median": -1.82252779535e-09, "min": -2.95082536184e-08, "var": 1.69699990414e-17}, "spectral_energy": {"dmean": 0.00348725635558, "dmean2": 0.00533815519884, "dvar": 3.12004631269e-05, "dvar2": 7.30062020011e-05, "max": 0.119104355574, "mean": 0.0140693029389, "median": 0.00719083286822, "min": 9.99112122356e-21, "var": 0.000282023625914}, "spectral_energyband_high": {"dmean": 5.38433159818e-05, "dmean2": 6.8025503424e-05, "dvar": 7.81020830232e-08, "dvar2": 1.05745961321e-07, "max": 0.0227640587837, "mean": 0.000157564209076, "median": 1.29066038426e-05, "min": 6.8456950507e-21, "var": 4.23630808655e-07}, "spectral_energyband_low": {"dmean": 0.000685226754285, "dmean2": 0.00107844406739, "dvar": 1.98692532649e-06, "dvar2": 4.7029398047e-06, "max": 0.0280824322253, "mean": 0.00159405171871, "median": 0.00104952068068, "min": 9.54053900801e-24, "var": 3.78468939743e-06}, "spectral_energyband_middle_high": {"dmean": 0.000799731875304, "dmean2": 0.0011994400993, "dvar": 3.36990660799e-06, "dvar2": 7.41350095268e-06, "max": 0.0543015375733, "mean": 0.00300314393826, "median": 0.00045886071166, "min": 1.22839329995e-21, "var": 2.96027537843e-05}, "spectral_energyband_middle_low": {"dmean": 0.0030630719848, "dmean2": 0.00477789901197, "dvar": 2.60243032244e-05, "dvar2": 6.34677126072e-05, "max": 0.109436862171, "mean": 0.00988868903369, "median": 0.00495027005672, "min": 1.31521338743e-22, "var": 0.000153402186697}, "spectral_entropy": {"dmean": 0.150588452816, "dmean2": 0.215760231018, "dvar": 0.0232387352735, "dvar2": 0.0413402952254, "max": 9.82067298889, "mean": 6.94608211517, "median": 6.96813011169, "min": 4.61827087402, "var": 0.3445507586}, "spectral_flux": {"dmean": 0.0134963039309, "dmean2": 0.0216197539121, "dvar": 0.000287657283479, "dvar2": 0.000735741457902, "max": 0.244213506579, "mean": 0.048533346504, "median": 0.0365526005626, "min": 6.43367512043e-11, "var": 0.00167975982185}, "spectral_kurtosis": {"dmean": 2.7892370224, "dmean2": 4.52857112885, "dvar": 8.76680183411, "dvar2": 22.5882110596, "max": 80.0269317627, "mean": 11.610461235, "median": 9.92806053162, "min": -1.25262629986, "var": 66.384185791}, "spectral_rms": {"dmean": 0.000406063831178, "dmean2": 0.000610406917986, "dvar": 2.30742742247e-07, "dvar2": 5.05436503317e-07, "max": 0.0107795810327, "mean": 0.00308209052309, "median": 0.00264866882935, "min": 3.12208830837e-12, "var": 4.22687026003e-06}, "spectral_rolloff": {"dmean": 196.485458374, "dmean2": 324.86227417, "dvar": 231435.0625, "dvar2": 445502.375, "max": 19638.28125, "mean": 1015.02966309, "median": 645.99609375, "min": 150.732421875, "var": 3016349.5}, "spectral_skewness": {"dmean": 0.269658505917, "dmean2": 0.416362375021, "dvar": 0.0678513124585, "dvar2": 0.147583916783, "max": 7.04916334152, "mean": 2.54085636139, "median": 2.41712498665, "min": -0.0749415159225, "var": 0.909231364727}, "spectral_spread": {"dmean": 368298.3125, "dmean2": 506042.375, "dv