{"lowlevel": {"average_loudness": 0.728439688683, "barkbands": {"dmean": [8.57091981743e-06, 0.00160523550585, 0.00158082263079, 0.00137574528344, 0.00161161774304, 0.000798587454483, 0.000322569219861, 0.00033270532731, 0.000530695775524, 0.000540431472473, 0.000309689901769, 0.000374101218767, 0.000267058145255, 0.000480557791889, 0.000457105081296, 0.000137574897963, 0.000147388607729, 0.000195088083274, 0.000155148445629, 0.000108436652226, 7.42567426641e-05, 9.72475245362e-05, 0.000103841717646, 5.53371064598e-05, 2.95734753308e-05, 2.06891545531e-05, 6.90304113959e-06], "dmean2": [1.37631359394e-05, 0.00280596176162, 0.00275474856608, 0.00226619164459, 0.00254909065552, 0.00122210942209, 0.000469527905807, 0.000485447817482, 0.000747387413867, 0.000807442469522, 0.00049166334793, 0.000592913362198, 0.000413180387113, 0.000764107506257, 0.000717039220035, 0.000219213892706, 0.00023267751385, 0.000297940598102, 0.000236672349274, 0.000164896540809, 0.000107596541056, 0.000141127558891, 0.000144809702761, 7.94909210526e-05, 4.22820521635e-05, 3.16641089739e-05, 1.130151486e-05], "dvar": [1.02689023951e-09, 4.6135402954e-05, 2.26638494496e-05, 3.32594354404e-05, 1.0423974345e-05, 2.97777842206e-06, 6.76556908275e-07, 1.18129014481e-06, 2.53967732533e-06, 3.10707673634e-06, 1.44204921071e-06, 1.24827090531e-06, 8.46009243105e-07, 1.72648356056e-06, 2.07809921449e-06, 1.34558248988e-07, 1.84612446219e-07, 2.07179539302e-07, 1.23813322261e-07, 7.67079271213e-08, 6.12061157312e-08, 1.93387293734e-07, 3.5208540794e-07, 8.49016430493e-08, 3.60461882565e-08, 4.27045776519e-09, 6.59334642439e-10], "dvar2": [2.44612863298e-09, 0.000125095946714, 6.40956204734e-05, 8.28989359434e-05, 2.70421660389e-05, 7.14857378625e-06, 1.38009704642e-06, 2.3499164854e-06, 5.21841184309e-06, 7.04489866621e-06, 3.77727178602e-06, 3.17037211062e-06, 2.06214258469e-06, 4.49693061455e-06, 5.57409612156e-06, 3.30260149894e-07, 4.55289494994e-07, 4.72944606145e-07, 2.80431208921e-07, 1.69207126532e-07, 1.34974897037e-07, 3.98688172254e-07, 6.79255492742e-07, 1.70681531131e-07, 8.44638705644e-08, 1.02546611203e-08, 1.64393088031e-09], "max": [0.000657895347103, 0.0739648789167, 0.0567630380392, 0.107787393034, 0.0927123054862, 0.0500915162265, 0.0226249303669, 0.0377586297691, 0.0334681533277, 0.0413273982704, 0.040301118046, 0.0270178411156, 0.0273282639682, 0.029677035287, 0.0319802984595, 0.0094745028764, 0.0161363109946, 0.00931779481471, 0.0076505811885, 0.00925392378122, 0.00553589919582, 0.0204672887921, 0.0219285357744, 0.0168069098145, 0.0136714894325, 0.0011912107002, 0.000538813124876], "mean": [1.16069859359e-05, 0.00192876346409, 0.00272420048714, 0.00213986565359, 0.00371313723736, 0.00173415942118, 0.000718702969607, 0.000649023219012, 0.000967098225374, 0.00101401226129, 0.00055531563703, 0.000672371301334, 0.000486516219098, 0.000850578770041, 0.0008743313374, 0.000246622337727, 0.000309570517857, 0.000415072456235, 0.000351782742655, 0.000231287238421, 0.000142382195918, 0.000174051849172, 0.000175171531737, 0.000102469442936, 4.66706587758e-05, 2.57389110629e-05, 6.72306032357e-06], "median": [2.38440998146e-06, 0.000528277596459, 0.00107240199577, 0.000615767086856, 0.00187853106763, 0.000734011409804, 0.000232688093092, 0.000139249372296, 0.000146255682921, 0.000133033579914, 0.000128045183374, 0.00013252744975, 0.000116927767522, 0.000150758307427, 0.00010319139983, 6.71920206514e-05, 8.51349905133e-05, 9.95220907498e-05, 9.12711257115e-05, 6.49754001643e-05, 2.46490017162e-05, 1.992545549e-05, 1.76115190698e-05, 1.5143179553e-05, 5.90686795476e-06, 2.83297458736e-06, 2.79423829852e-07], "min": [1.5355115989e-23, 2.37712536834e-23, 1.55230187218e-23, 1.3317895323e-23, 3.55810189274e-23, 1.03443156952e-23, 5.38560136269e-23, 5.15403976366e-23, 1.30364490002e-22, 2.61242979683e-23, 7.69544793987e-23, 7.78917913045e-23, 9.7584214434e-23, 5.78892133107e-23, 1.15761677527e-22, 1.13569262677e-22, 1.81953355253e-22, 2.33163680865e-22, 2.53583541034e-22, 1.95655149736e-22, 6.75696044198e-22, 4.81072775014e-22, 7.35281169616e-22, 1.11742619279e-21, 1.4181722816e-21, 1.8624870162e-21, 2.28290620734e-21], "var": [1.38090783253e-09, 3.43878418789e-05, 2.23372080654e-05, 3.42276180163e-05, 2.85627374979e-05, 8.6261134129e-06, 2.4485875656e-06, 4.19201614932e-06, 7.21484957467e-06, 9.2157315521e-06, 2.97996530207e-06, 2.99201451526e-06, 2.18863601731e-06, 4.15824797528e-06, 5.81325730309e-06, 3.08385892822e-07, 6.06896833233e-07, 6.95627591085e-07, 4.14354474287e-07, 2.39493459731e-07, 1.6241968126e-07, 5.51957043626e-07, 7.67647065913e-07, 2.41047700911e-07, 4.92706604405e-08, 6.17905815403e-09, 6.57638665746e-10]}, "barkbands_crest": {"dmean": 2.19257760048, "dmean2": 3.53451108932, "dvar": 4.87050676346, "dvar2": 12.4491558075, "max": 26.3812637329, "mean": 10.4310216904, "median": 9.47345542908, "min": 2.41800332069, "var": 19.8603343964}, "barkbands_flatness_db": {"dmean": 0.0183683540672, "dmean2": 0.0278452318162, "dvar": 0.000375181873096, "dvar2": 0.000880891166162, "max": 0.400336056948, "mean": 0.14266435802, "median": 0.135594666004, "min": 0.0229662656784, "var": 0.00262355897576}, "barkbands_kurtosis": {"dmean": 3.04062962532, "dmean2": 4.79278469086, "dvar": 67.5190048218, "dvar2": 160.067901611, "max": 422.886230469, "mean": 5.42684793472, "median": 1.62254691124, "min": -1.90945124626, "var": 174.272796631}, "barkbands_skewness": {"dmean": 0.493080347776, "dmean2": 0.74994122982, "dvar": 0.383621305227, "dvar2": 0.890023767948, "max": 16.5448608398, "mean": 1.54931247234, "median": 1.36239886284, "min": -4.19631481171, "var": 2.09936094284}, "barkbands_spread": {"dmean": 4.56636047363, "dmean2": 6.95411300659, "dvar": 41.3749809265, "dvar2": 92.966583252, "max": 125.664405823, "mean": 21.1887378693, "median": 18.3434524536, "min": 0.272238254547, "var": 238.267318726}, "dissonance": {"dmean": 0.0182193499058, "dmean2": 0.0304782800376, "dvar": 0.000325455912389, "dvar2": 0.000876611215062, "max": 0.500000238419, "mean": 0.453928381205, "median": 0.461970895529, "min": 0.155242741108, "var": 0.00111979583744}, "dynamic_complexity": 4.74214601517, "erbbands": {"dmean": [0.0227313283831, 0.443851977587, 1.6435956955, 3.59974360466, 4.40456199646, 6.1483540535, 5.70667791367, 6.82983112335, 5.12989282608, 5.14855861664, 8.04496192932, 11.6211595535, 19.2942638397, 10.9664487839, 13.1224975586, 15.8669366837, 12.8020601273, 23.7059631348, 18.4948768616, 17.9168930054, 6.71852445602, 6.46254825592, 8.14636230469, 10.5161809921, 5.88059091568, 5.11457586288, 3.36452078819, 2.77774834633, 3.67379045486, 3.40091824532, 2.87457609177, 1.76738142967, 0.603288650513, 0.397205412388, 0.179859504104, 0.0914830937982, 0.0373121164739, 0.010696738027, 0.00110662111547, 4.40431576862e-05], "dmean2": [0.0388863161206, 0.780376672745, 2.87365889549, 6.00179290771, 7.14907836914, 9.59274864197, 8.71934986115, 10.4596385956, 7.61554098129, 7.3359837532, 11.5046710968, 16.6354675293, 27.7803401947, 16.3358955383, 20.7106838226, 25.2361755371, 19.6786956787, 37.3353462219, 28.8472671509, 28.3469371796, 10.6227846146, 10.0820589066, 12.3565988541, 16.1015300751, 8.74526500702, 7.80448865891, 4.97280931473, 4.08710861206, 5.28414440155, 4.73537969589, 4.07825756073, 2.58582472801, 0.867198646069, 0.576667129993, 0.25578519702, 0.137173712254, 0.0576789677143, 0.017328331247, 0.0018007758772, 6.97931609466e-05], "dvar": [0.00950007513165, 3.44433140755, 28.2641162872, 172.00100708, 130.41734314, 211.708709717, 156.570358276, 287.590423584, 155.392608643, 213.619476318, 827.893554688, 1502.62280273, 3801.48657227, 1433.47021484, 2109.91088867, 2341.57299805, 2017.58374023, 4012.88232422, 2787.7043457, 3786.92260742, 334.599517822, 382.7449646, 350.260406494, 604.046630859, 191.149581909, 164.536315918, 120.882461548, 101.902992249, 298.153594971, 250.155090332, 282.668762207, 117.403030396, 5.17163276672, 13.2380781174, 0.436893194914, 0.0796130523086, 0.014790118672, 0.001756075304, 1.59023147717e-05, 2.86005796823e-08], "dvar2": [0.024671908468, 9.40173244476, 79.2873916626, 424.737854004, 338.42074585, 545.080627441, 359.612823486, 683.512634277, 332.904083252, 386.03036499, 1587.55981445, 3252.62109375, 8321.42675781, 2994.58105469, 5395.48144531, 6154.79492188, 4997.63330078, 10259.3828125, 6901.18457031, 10293.5537109, 860.858886719, 945.609619141, 751.800720215, 1403.53710938, 428.084228516, 360.907012939, 256.074615479, 231.008926392, 660.189025879, 473.824249268, 561.605407715, 252.457672119, 9.90181541443, 32.8295860291, 0.907417535782, 0.189872294664, 0.0355787314475, 0.00459051784128, 3.97291478293e-05, 6.7612155874e-08], "max": [1.28476822376, 20.3648357391, 68.7350616455, 206.892959595, 211.696273804, 477.612762451, 294.523742676, 438.076751709, 274.828857422, 526.597473145, 1051.77819824, 967.049987793, 1538.97924805, 1219.11010742, 1772.60717773, 1387.10998535, 1393.53198242, 1270.87231445, 1426.04748535, 2182.34155273, 574.696533203, 1084.32275391, 525.408081055, 627.417602539, 402.468017578, 486.599700928, 364.958404541, 259.106842041, 812.944824219, 629.792419434, 583.370361328, 578.626525879, 81.6997528076, 273.816223145, 23.9025173187, 5.94993591309, 2.18728995323, 1.41974318027, 0.0856423154473, 0.00670544663444], "mean": [0.028787618503, 0.551330566406, 2.66116595268, 6.21190690994, 7.93745040894, 14.4535665512, 13.2764225006, 14.2803173065, 10.9821643829, 11.9020776749, 16.3425579071, 21.5577297211, 36.1028785706, 22.5897293091, 25.5424098969, 30.3978633881, 25.9029388428, 44.7681884766, 38.6250114441, 34.7607345581, 15.013176918, 15.1496248245, 19.5956783295, 24.55834198, 14.5100231171, 11.3407182693, 6.72860240936, 5.06094074249, 6.32136011124, 5.85673189163, 4.77495479584, 3.07673954964, 1.16892528534, 0.635627090931, 0.277561306953, 0.128013283014, 0.0430675819516, 0.0105183217674, 0.0011072877096, 6.54640898574e-05], "median": [0.00920083001256, 0.190549522638, 1.29147171974, 2.33231067657, 3.97358393669, 5.78210830688, 5.41189289093, 5.55498409271, 4.11069202423, 3.46700334549, 3.55580282211, 4.35112333298, 5.58254814148, 5.05811691284, 8.13602256775, 6.79915904999, 7.2928571701, 9.30863380432, 6.64008140564, 6.32545185089, 4.3413028717, 4.59971904755, 5.66537237167, 6.39006757736, 3.63697719574, 3.28383779526, 1.45685625076, 0.83037507534, 0.681313037872, 0.599659204483, 0.496822357178, 0.34188079834, 0.229299962521, 0.0905824452639, 0.0294921919703, 0.0147932162508, 0.00438247295097, 0.000633839285001, 6.43070961814e-05, 2.47788048e-05], "min": [5.79975485254e-22, 5.67775803104e-21, 2.12021545205e-20, 2.44749091543e-20, 3.77010570132e-20, 1.5479166512e-19, 1.48352710286e-19, 1.33366498183e-19, 4.44957718888e-19, 1.34422195195e-18, 1.10710080659e-18, 3.17426113971e-18, 1.74980814842e-18, 9.77072977378e-19, 3.65054780731e-18, 3.60156589375e-18, 4.03965274028e-18, 3.43563015415e-18, 4.28958246723e-18, 6.04193771155e-18, 8.82391278846e-18, 8.81682136907e-18, 1.14814712158e-17, 1.06604200116e-17, 1.34198010637e-17, 1.13565313746e-17, 1.76573166473e-17, 2.81057575649e-17, 1.56299383249e-17, 1.95911871644e-17, 2.51489839217e-17, 2.35662085612e-17, 1.52951402807e-17, 1.20055811238e-17, 1.26241335509e-17, 9.01031297642e-18, 3.10535823546e-18, 1.24965804393e-18, 2.84804747251e-19, 3.43765761261e-20], "var": [0.00785230845213, 2.51842737198, 23.6895503998, 200.121429443, 167.930938721, 608.51763916, 521.037597656, 820.302124023, 434.338348389, 935.709838867, 3045.70361328, 3687.92919922, 10845.6386719, 4581.83251953, 4412.30566406, 5755.08154297, 5308.23046875, 10242.7861328, 10076.8710938, 9368.12890625, 1083.54089355, 1272.0324707, 1341.26904297, 2030.96069336, 750.873413086, 589.684387207, 353.954589844, 252.367767334, 786.087158203, 701.392456055, 596.955444336, 284.358032227, 17.3160114288, 14.3082027435, 0.991818189621, 0.146890610456, 0.0190894473344, 0.00162128917873, 1.61905063578e-05, 3.41340182786e-08]}, "erbbands_crest": {"dmean": 2.54504370689, "dmean2": 3.97519779205, "dvar": 5.80241250992, "dvar2": 13.8000202179, "max": 31.6946754456, "mean": 10.9732341766, "median": 9.96681308746, "min": 2.40723443031, "var": 26.0399780273}, "erbbands_flatness_db": {"dmean": 0.0168665535748, "dmean2": 0.0235882196575, "dvar": 0.000288170645945, "dvar2": 0.000532190490048, "max": 0.344091236591, "mean": 0.166812047362, "median": 0.166315600276, "min": 0.0321411676705, "var": 0.00208525173366}, "erbbands_kurtosis": {"dmean": 1.01920163631, "dmean2": 1.56253361702, "dvar": 3.17431569099, "dvar2": 7.01453447342, "max": 66.219871521, "mean": 1.14926409721, "median": 0.120764136314, "min": -1.81794881821, "var": 13.4426422119}, "erbbands_skewness": {"dmean": 0.333988696337, "dmean2": 0.496400028467, "dvar": 0.118006311357, "dvar2": 0.248760566115, "max": 7.08630132675, "mean": 0.304987102747, "median": 0.195139482617, "min": -5.13007068634, "var": 1.0081769228}, "erbbands_spread": {"dmean": 6.88326787949, "dmean2": 10.1843099594, "dvar": 69.4926376343, "dvar2": 149.398956299, "max": 132.605636597, "mean": 34.750541687, "median": 31.657617569, "min": 2.3939614296, "var": 315.002716064}, "gfcc": {"cov": [[17933.6035156, 389.622192383, -1306.76708984, 590.532531738, 127.78993988, 443.813018799, -52.5532798767, 159.738891602, -434.488861084, -251.884002686, -263.928314209, -84.8171234131, -76.9076080322], [389.622192383, 1382.97192383, -163.51083374, -106.692588806, 131.119384766, -79.3502960205, 49.2101287842, -16.9970760345, 32.297832489, -83.6486740112, 103.956306458, -101.283859253, 49.9845352173], [-1306.76708984, -163.51083374, 774.872680664, 19.7202682495, -79.039642334, 4.95545959473, -11.4081811905, -39.7678146362, 58.0360145569, 66.2975234985, -5.126994133, 61.6308822632, -45.5951766968], [590.532531738, -106.692588806, 19.7202682495, 358.515319824, 107.957168579, 69.7311325073, 16.4873046875, -6.19591283798, 13.6983356476, 9.59041690826, -41.4785385132, 19.2825164795, -2.36182665825], [127.78993988, 131.119384766, -79.039642334, 107.957168579, 306.622436523, 75.6163406372, 48.2177009583, 33.4929924011, 11.6470804214, 17.0185489655, -9.79873275757, -9.61785507202, 19.7958812714], [443.813018799, -79.3502960205, 4.95545959473, 69.7311325073, 75.6163406372, 229.33732605, 100.397598267, 12.9322032928, -23.2586784363, 26.9130973816, -16.0590114594, -16.0813732147, 1.53373229504], [-52.5532798767, 49.2101287842, -11.4081811905, 16.4873046875, 48.2177009583, 100.397598267, 198.411727905, 34.9789505005, -9.82964420319, 14.7255315781, -0.0788815766573, -13.5322093964, -0.584630489349], [159.738891602, -16.9970760345, -39.7678146362, -6.19591283798, 33.4929924011, 12.9322032928, 34.9789505005, 126.904769897, 26.0944023132, -12.4564275742, -5.27187633514, 4.85023975372, 12.827249527], [-434.488861084, 32.297832489, 58.0360145569, 13.6983356476, 11.6470804214, -23.2586784363, -9.82964420319, 26.0944023132, 126.977867126, 37.4911003113, 0.579188287258, -7.82527446747, -10.2798213959], [-251.884002686, -83.6486740112, 66.2975234985, 9.59041690826, 17.0185489655, 26.9130973816, 14.7255315781, -12.4564275742, 37.4911003113, 115.827194214, 16.368062973, -0.233339905739, -19.8663711548], [-263.928314209, 103.956306458, -5.126994133, -41.4785385132, -9.79873275757, -16.0590114594, -0.0788815766573, -5.27187633514, 0.579188287258, 16.368062973, 98.6967697144, 17.6413097382, 8.38921833038], [-84.8171234131, -101.283859253, 61.6308822632, 19.2825164795, -9.61785507202, -16.0813732147, -13.5322093964, 4.85023975372, -7.82527446747, -0.233339905739, 17.6413097382, 89.2312011719, 18.1066741943], [-76.9076080322, 49.9845352173, -45.5951766968, -2.36182665825, 19.7958812714, 1.53373229504, -0.584630489349, 12.827249527, -10.2798213959, -19.8663711548, 8.38921833038, 18.1066741943, 79.8312606812]], "icov": [[9.74815702648e-05, -0.000125238278997, 0.000166278157849, -0.000179039110662, 0.000151218686369, -0.000269990385277, 0.000239260611124, -0.000266771414317, 0.000354532676283, -8.17703839857e-05, 0.000303611304844, -0.000199894755497, 0.000313041557092], [-0.000125238278997, 0.00140071322676, -0.000267530471319, 0.000453280343208, -0.000951981171966, 0.000968885666225, -0.000903190986719, 0.00100911140908, -0.00111153139733, 0.00145099428482, -0.00200886116363, 0.00196560425684, -0.00110513472464], [0.000166278157849, -0.000267530471319, 0.00192491314374, -0.000275757134659, 0.000692786299624, -0.000779677124228, 0.000369480141671, 8.93177275429e-05, -0.000211525984923, -0.000709389103577, 0.00100399379153, -0.00192886195146, 0.00137869338505], [-0.000179039110662, 0.000453280343208, -0.000275757134659, 0.00397985009477, -0.00157105992548, -0.000340594851878, -0.000387635343941, 0.00141424278263, -0.00153720972594, 0.000641927646939, 0.000650089990813, -0.000906417786609, -0.000230931211263], [0.000151218686369, -0.000951981171966, 0.000692786299624, -0.00157105992548, 0.004927450791, -0.0015903491294, 0.000435401598224, -0.001629980281, 0.000651581271086, -0.00163238903042, 0.00135792943183, -0.000871471303981, -0.000102641875856], [-0.000269990385277, 0.000968885666225, -0.000779677124228, -0.000340594851878, -0.0015903491294, 0.00773677555844, -0.00371259101667, 0.000701410288457, 0.000611631316133, -0.000798931170721, -0.000987243722193, 0.00269802380353, -0.00184455851559], [0.000239260611124, -0.000903190986719, 0.000369480141671, -0.000387635343941, 0.000435401598224, -0.00371259101667, 0.00779933249578, -0.0027981789317, 0.00183598056901, -0.00128942134324, 0.000928021909203, -0.000568959745578, 0.00141271948814], [-0.000266771414317, 0.00100911140908, 8.93177275429e-05, 0.00141424278263, -0.001629980281, 0.000701410288457, -0.0027981789317, 0.0109702134505, -0.00457619922236, 0.00287128402852, -0.000861266977154, -0.000386415747926, -0.00188503810205], [0.000354532676283, -0.00111153139733, -0.000211525984923, -0.00153720972594, 0.000651581271086, 0.000611631316133, 0.00183598056901, -0.00457619922236, 0.0123212784529, -0.00473590893671, 0.00185028102715, 0.000656927761156, 0.00151125260163], [-8.17703839857e-05, 0.00145099428482, -0.000709389103577, 0.000641927646939, -0.00163238903042, -0.000798931170721, -0.00128942134324, 0.00287128402852, -0.00473590893671, 0.0131101515144, -0.00416815234348, 0.00141910824459, 0.00134470919147], [0.000303611304844, -0.00200886116363, 0.00100399379153, 0.000650089990813, 0.00135792943183, -0.000987243722193, 0.000928021909203, -0.000861266977154, 0.00185028102715, -0.00416815234348, 0.0149291371927, -0.00564905721694, 0.000883789383806], [-0.000199894755497, 0.00196560425684, -0.00192886195146, -0.000906417786609, -0.000871471303981, 0.00269802380353, -0.000568959745578, -0.000386415747926, 0.000656927761156, 0.00141910824459, -0.00564905721694, 0.0173428636044, -0.00523176137358], [0.000313041557092, -0.00110513472464, 0.00137869338505, -0.000230931211263, -0.000102641875856, -0.00184455851559, 0.00141271948814, -0.00188503810205, 0.00151125260163, 0.00134470919147, 0.000883789383806, -0.00523176137358, 0.0162976682186]], "mean": [-43.3796043396, 93.0708389282, -114.708404541, 27.4184646606, -53.1120567322, 7.55533504486, -41.2321777344, -1.29857027531, -30.3575305939, -4.4433722496, -13.4021520615, -4.49083566666, -15.5490026474]}, "hfc": {"dmean": 4.91840648651, "dmean2": 7.0296125412, "dvar": 106.136497498, "dvar2": 202.528411865, "max": 311.400756836, "mean": 18.7650089264, "median": 9.97168731689, "min": 1.23951373665e-16, "var": 595.73223877}, "melbands": {"dmean": [0.000329756730935, 0.000774480984546, 0.000603456515819, 0.000376727402909, 0.000213732069824, 0.000151680389536, 7.66027369536e-05, 5.57601742912e-05, 6.94557966199e-05, 7.61402407079e-05, 9.71242116066e-05, 4.48093633167e-05, 4.65352713945e-05, 4.41275296907e-05, 3.28614551108e-05, 2.71047756542e-05, 5.00152091263e-05, 2.8817292332e-05, 3.48685352947e-05, 1.42270164361e-05, 8.72430427989e-06, 7.84977601143e-06, 7.35843605071e-06, 1.04182454379e-05, 9.44061321206e-06, 4.84469046569e-06, 4.56795805803e-06, 3.37561823471e-06, 2.3880588742e-06, 1.83418308097e-06, 1.61528862463e-06, 2.05134642783e-06, 2.19573098548e-06, 2.030912583e-06, 1.78276184215e-06, 1.59073624673e-06, 9.39042593018e-07, 4.21290309305e-07, 4.21159654707e-07, 3.33529271757e-07], "dmean2": [0.000570198986679, 0.0013498152839, 0.000996185233817, 0.000601419189479, 0.000325654487824, 0.000231082231039, 0.000113742360554, 8.01812057034e-05, 0.000100063676655, 0.000107124666101, 0.000139865776873, 6.68323773425e-05, 7.37490117899e-05, 6.90392989782e-05, 5.18193774042e-05, 4.18978161179e-05, 7.88274483057e-05, 4.51315718237e-05, 5.47219897271e-05, 2.25385374506e-05, 1.37561200972e-05, 1.22724886751e-05, 1.12896032078e-05, 1.57334725372e-05, 1.45983858602e-05, 7.24154870113e-06, 7.0307291935e-06, 5.21362653672e-06, 3.57380577043e-06, 2.74848525805e-06, 2.43120939558e-06, 3.03212868857e-06, 3.3613468986e-06, 2.8350584671e-06, 2.58484192273e-06, 2.33778723668e-06, 1.38746804623e-06, 6.20839102794e-07, 6.28159000371e-07, 4.98367398905e-07], "dvar": [1.98202337742e-06, 7.0289188443e-06, 4.46201875093e-06, 6.25604457127e-07, 2.128176817e-07, 1.26478781226e-07, 3.23933875279e-08, 2.21777671783e-08, 5.80097427871e-08, 5.92078137629e-08, 9.77382512701e-08, 2.65083990314e-08, 3.38802550459e-08, 1.64116293888e-08, 9.96475790771e-09, 6.12289596802e-09, 1.91255384863e-08, 6.67572308544e-09, 1.59223105811e-08, 2.06135775116e-09, 7.15873249568e-10, 6.95762392144e-10, 3.58247764787e-10, 7.26391780059e-10, 5.31021004946e-10, 1.50646550789e-10, 1.70532102328e-10, 7.30254121062e-11, 6.45563741353e-11, 3.67540685386e-11, 3.6771606593e-11, 8.48307535328e-11, 1.27546709305e-10, 1.00813656034e-10, 1.06245401366e-10, 1.30065139214e-10, 2.72567229204e-11, 2.23750618727e-12, 6.58857820732e-12, 9.34524246182e-12], "dvar2": [5.27166548636e-06, 1.93428950297e-05, 1.10621913336e-05, 1.63531990438e-06, 5.01678982801e-07, 3.00381884699e-07, 6.91699710842e-08, 4.16397654135e-08, 1.116529873e-07, 1.23365936133e-07, 2.15050206975e-07, 5.53445858031e-08, 8.82209789665e-08, 4.10985769861e-08, 2.60731862767e-08, 1.4824594885e-08, 4.87811995242e-08, 1.63474194181e-08, 4.42960157443e-08, 5.24773868804e-09, 1.82197268384e-09, 1.69170610853e-09, 7.67093555343e-10, 1.60571211882e-09, 1.2272578509e-09, 3.49653278553e-10, 3.73630348882e-10, 1.67717173483e-10, 1.35645425448e-10, 8.75374772669e-11, 8.32436064524e-11, 1.91389987192e-10, 2.89534229925e-10, 1.95378560552e-10, 2.15860093689e-10, 3.05906522335e-10, 5.79668535394e-11, 4.61468580362e-12, 1.59572945135e-11, 2.33047262044e-11], "max": [0.016814623028, 0.0341571904719, 0.0373457930982, 0.0168723128736, 0.0154671026394, 0.00956203695387, 0.00399959785864, 0.00469948491082, 0.00849585328251, 0.00537960464135, 0.0077697718516, 0.00555981183425, 0.0065476866439, 0.0028603898827, 0.0025155285839, 0.00255979225039, 0.00291658821516, 0.00200227252208, 0.00342561141588, 0.00175455096178, 0.000914806500077, 0.00150349014439, 0.000542230554856, 0.000722838565707, 0.000568576273508, 0.000344784901245, 0.000488479272462, 0.000330220384058, 0.000283369095996, 0.000159894887474, 0.000200419555767, 0.00037415328552, 0.000511999707669, 0.000453080428997, 0.000362928927643, 0.000537376268767, 0.000258227606537, 5.32534650119e-05, 0.000151875909069, 0.00022783158056], "mean": [0.000407215818996, 0.00120118947234, 0.00108657055534, 0.000812053447589, 0.000522800779436, 0.000321492669173, 0.000166495199664, 0.000124279264128, 0.000136134607601, 0.000139232579386, 0.000178396090632, 8.82532331161e-05, 8.51428994793e-05, 8.05163435871e-05, 6.30000504316e-05, 5.15732062922e-05, 8.91629388207e-05, 5.60291846341e-05, 6.38527562842e-05, 2.66961797024e-05, 1.72816271515e-05, 1.63235508808e-05, 1.49657644215e-05, 2.21646459977e-05, 2.01733473659e-05, 1.05707977127e-05, 9.56975236477e-06, 6.70007602821e-06, 4.32268097939e-06, 3.32825061378e-06, 2.70394230029e-06, 3.42325188285e-06, 3.6206349705e-06, 3.2394984828e-06, 2.78620973404e-06, 2.50075254371e-06, 1.57980923632e-06, 7.86589623658e-07, 6.72353394293e-07, 4.90988895763e-07], "median": [0.000115975184599, 0.000655141659081, 0.00048710568808, 0.000404156686272, 0.000225251598749, 0.000126373182866, 6.18200429017e-05, 3.35389850079e-05, 2.49866752711e-05, 2.35714178416e-05, 2.32536804106e-05, 1.51783260662e-05, 2.24578434427e-05, 1.84707205335e-05, 1.50817804752e-05, 1.2877093468e-05, 1.53954206326e-05, 9.26302163862e-06, 7.36410856916e-06, 6.04923843639e-06, 4.32303886555e-06, 4.21930872108e-06, 4.30346790381e-06, 4.61207673652e-06, 4.96059783472e-06, 2.41194129558e-06, 2.34246977016e-06, 1.92930838239e-06, 8.26880182103e-07, 6.00021166974e-07, 4.07940689229e-07, 3.80055666938e-07, 3.44320199019e-07, 3.02559044485e-07, 2.86434101326e-07, 2.42350267854e-07, 1.75482966824e-07, 1.62651645041e-07, 1.08721287972e-07, 5.83525832099e-08], "min": [6.62771034738e-24, 1.016649067e-23, 5.09577954591e-24, 6.11246821372e-24, 6.48926801953e-24, 3.32975427081e-24, 7.2655801199e-24, 1.43108171895e-23, 9.60716620006e-24, 2.04389411367e-23, 8.31376879252e-24, 2.77086130781e-24, 1.25254427341e-23, 1.02538593818e-23, 7.67646226669e-24, 9.91215796982e-24, 5.52343208668e-24, 5.7884435969e-24, 1.00127401018e-23, 6.03645554905e-24, 1.24292805897e-23, 8.79227761813e-24, 1.11136956804e-23, 1.04915976039e-23, 8.27545381836e-24, 9.40647840805e-24, 9.18526839959e-24, 6.56152807288e-24, 7.74294351948e-24, 1.8776150144e-23, 1.38664755074e-23, 6.45689514013e-24, 1.29094073691e-23, 1.01580261925e-23, 1.61462866789e-23, 1.35210648714e-23, 1.39744579435e-23, 1.09585961601e-23, 8.78224725172e-24, 1.08115895638e-23], "var": [1.54960059717e-06, 5.6016237977e-06, 5.04238187204e-06, 1.47831838149e-06, 7.27912265575e-07, 3.67012034985e-07, 9.69768052528e-08, 9.17670917033e-08, 2.06536370229e-07, 1.55318218731e-07, 2.77357059986e-07, 8.65464855337e-08, 6.73847821986e-08, 4.02713311587e-08, 2.88141457361e-08, 1.74721321855e-08, 4.76346464495e-08, 2.26549889959e-08, 3.75276982822e-08, 5.02149788417e-09, 2.20657159211e-09, 2.23395879573e-09, 1.04301145498e-09, 2.47595499658e-09, 1.59514179643e-09, 4.9959453241e-10, 4.60681492953e-10, 2.34468333637e-10, 1.83250387087e-10, 8.23564064167e-11, 8.31011995328e-11, 2.18580487044e-10, 2.88934959292e-10, 2.42617342883e-10, 2.0693892433e-10, 2.33938424188e-10, 6.67988650505e-11, 6.85706786491e-12, 1.03991789138e-11, 9.62102793267e-12]}, "melbands_crest": {"dmean": 2.76795268059, "dmean2": 4.42461919785, "dvar": 7.67456531525, "dvar2": 18.9036045074, "max": 33.3358459473, "mean": 13.988325119, "median": 12.9833202362, "min": 2.10376000404, "var": 28.094619751}, "melbands_flatness_db": {"dmean": 0.0211794059724, "dmean2": 0.0321077927947, "dvar": 0.000569153693505, "dvar2": 0.00132978754118, "max": 0.48639562726, "mean": 0.207803502679, "median": 0.200160115957, "min": 0.00576149253175, "var": 0.00444439006969}, "melbands_kurtosis": {"dmean": 6.22772026062, "dmean2": 9.92457771301, "dvar": 170.53314209, "dvar2": 444.35559082, "max": 261.367828369, "mean": 12.7712993622, "median": 6.43032121658, "min": -1.92135560513, "var": 396.213867188}, "melbands_skewness": {"dmean": 0.630243122578, "dmean2": 0.968395352364, "dvar": 0.64018291235, "dvar2": 1.54581105709, "max": 13.2525014877, "mean": 2.47921228409, "median": 2.21964597702, "min": -1.38220465183, "var": 2.79803848267}, "melbands_spread": {"dmean": 6.15140199661, "dmean2": 9.35855484009, "dvar": 128.524246216, "dvar2": 244.571151733, "max": 259.087799072, "mean": 24.9163761139, "median": 18.9338302612, "min": 0.449113190174, "var": 538.947692871}, "mfcc": {"cov": [[12062.9179688, -165.487228394, -823.00970459, 357.563568115, 174.89302063, 281.457641602, 358.553039551, 360.314605713, 55.7119483948, 98.0031661987, -70.582321167, -288.737609863, -160.627334595], [-165.487228394, 1342.74072266, -63.0926208496, 1.40884041786, 54.895072937, -87.2141799927, 51.1390113831, -23.2810459137, -48.1452941895, 23.1980571747, 3.48040795326, 12.3666200638, -12.8834724426], [-823.00970459, -63.0926208496, 632.389587402, 5.58192300797, -47.4838180542, 43.2464065552, -77.1989212036, -30.6841144562, -16.5493736267, -33.1101531982, -0.942570388317, 106.50365448, 39.7354011536], [357.563568115, 1.40884041786, 5.58192300797, 264.07925415, 82.0581970215, 55.94272995, -12.9578380585, 28.4742088318, 33.7358970642, -24.9207363129, -0.393381088972, 26.4702072144, 18.5636405945], [174.89302063, 54.895072937, -47.4838180542, 82.0581970215, 215.713165283, 31.5812530518, -1.6016228199, 16.1050300598, 21.9000110626, 15.9047861099, -2.22866535187, -4.36636352539, 3.68276548386], [281.457641602, -87.2141799927, 43.2464065552, 55.94272995, 31.5812530518, 243.696929932, 84.4683456421, 5.76437854767, 49.5344810486, 6.9096493721, 44.4490356445, 15.3453741074, 13.0534687042], [358.553039551, 51.1390113831, -77.1989212036, -12.9578380585, -1.6016228199, 84.4683456421, 203.800476074, 51.6580085754, 31.1041202545, 10.229842186, 23.4636459351, -20.3187236786, -2.43210577965], [360.314605713, -23.2810459137, -30.6841144562, 28.4742088318, 16.1050300598, 5.76437854767, 51.6580085754, 128.82131958, 39.613609314, 2.90741634369, -10.6546621323, -3.05004501343, -4.45750904083], [55.7119483948, -48.1452941895, -16.5493736267, 33.7358970642, 21.9000110626, 49.5344810486, 31.1041202545, 39.613609314, 129.110702515, 32.5731964111, 13.5172691345, -2.46010637283, 9.41627502441], [98.0031661987, 23.1980571747, -33.1101531982, -24.9207363129, 15.9047861099, 6.9096493721, 10.229842186, 2.90741634369, 32.5731964111, 113.71395874, 34.2846374512, -13.9056138992, -6.02232408524], [-70.582321167, 3.48040795326, -0.942570388317, -0.393381088972, -2.22866535187, 44.4490356445, 23.4636459351, -10.6546621323, 13.5172691345, 34.2846374512, 102.715881348, 22.9446983337, 6.72844648361], [-288.737609863, 12.3666200638, 106.50365448, 26.4702072144, -4.36636352539, 15.3453741074, -20.3187236786, -3.05004501343, -2.46010637283, -13.9056138992, 22.9446983337, 110.733795166, 34.2035140991], [-160.627334595, -12.8834724426, 39.7354011536, 18.5636405945, 3.68276548386, 13.0534687042, -2.43210577965, -4.45750904083, 9.41627502441, -6.02232408524, 6.72844648361, 34.2035140991, 83.5769348145]], "icov": [[0.000114836206194, 1.43613833643e-05, 0.000106880594103, -0.000170876592165, 2.87449311145e-05, -0.000154354624101, -6.06712201261e-05, -0.000264365313342, 0.000186044751899, -0.000152164066094, 0.000114313683298, 0.000168264072272, 0.000107044288598], [1.43613833643e-05, 0.000840002729092, 2.75886377494e-05, -0.00015129163512, -0.000281471409835, 0.000497244705912, -0.000590247043874, 0.000318088306813, 0.000298831000691, -0.000282498484012, 4.21811091655e-05, -0.000321375351632, 0.000186206932995], [0.000106880594103, 2.75886377494e-05, 0.0022026207298, 5.39495486009e-05, 0.000470783968922, -0.000909525959287, 0.000788779987488, -0.000192773833987, 0.00028173084138, -4.36553546024e-06, 0.000639955978841, -0.00166187132709, -0.000118998948892], [-0.000170876592165, -0.00015129163512, 5.39495486009e-05, 0.00535639608279, -0.00166794320103, -0.000966213818174, 0.00128258671612, -0.000716993992683, -0.00121891661547, 0.00183019496035, -0.000256586790783, -0.00102546624839, -0.000634091324173], [2.87449311145e-05, -0.000281471409835, 0.000470783968922, -0.00166794320103, 0.00569456489757, -0.000874129531439, 0.000631907489151, -0.000492676044814, -9.37557160796e-06, -0.00116082129534, 0.000673550413921, 0.000281465763692, -0.000215789099457], [-0.000154354624101, 0.000497244705912, -0.000909525959287, -0.000966213818174, -0.000874129531439, 0.0067383046262, -0.00310591282323, 0.00194806954823, -0.00184195360634, 0.000589168805163, -0.00202683219686, -0.000382611469831, -3.62918490282e-06], [-6.06712201261e-05, -0.000590247043874, 0.000788779987488, 0.00128258671612, 0.000631907489151, -0.00310591282323, 0.00789137464017, -0.00317016406916, -0.000251539982855, 0.000702513207216, -0.00120845506899, 0.00119630992413, -0.000663007202093], [-0.000264365313342, 0.000318088306813, -0.000192773833987, -0.000716993992683, -0.000492676044814, 0.00194806954823, -0.00317016406916, 0.0110066933557, -0.00318873091601, 0.000240078545175, 0.00144283287227, -0.00155372743029, 0.000900344864931], [0.000186044751899, 0.000298831000691, 0.00028173084138, -0.00121891661547, -9.37557160796e-06, -0.00184195360634, -0.000251539982855, -0.00318873091601, 0.0107861850411, -0.00332462321967, 0.000244127120823, 0.000708455860149, -0.00111325434409], [-0.000152164066094, -0.000282498484012, -4.36553546024e-06, 0.00183019496035, -0.00116082129534, 0.000589168805163, 0.000702513207216, 0.000240078545175, -0.00332462321967, 0.0119054000825, -0.00438295910135, 0.00146559590939, 0.000237456784816], [0.000114313683298, 4.21811091655e-05, 0.000639955978841, -0.000256586790783, 0.000673550413921, -0.00202683219686, -0.00120845506899, 0.00144283287227, 0.000244127120823, -0.00438295910135, 0.0133363008499, -0.00354976695962, 0.000343350489857], [0.000168264072272, -0.000321375351632, -0.00166187132709, -0.00102546624839, 0.000281465763692, -0.000382611469831, 0.00119630992413, -0.00155372743029, 0.000708455860149, 0.00146559590939, -0.00354976695962, 0.0137706920505, -0.00403300113976], [0.000107044288598, 0.000186206932995, -0.000118998948892, -0.000634091324173, -0.000215789099457, -3.62918490282e-06, -0.000663007202093, 0.000900344864931, -0.00111325434409, 0.000237456784816, 0.000343350489857, -0.00403300113976, 0.0142010590062]], "mean": [-684.211791992, 124.56552124, -1.80596268177, 21.6827297211, 6.6481924057, 4.85768175125, 0.977944016457, -0.460216134787, -12.96925354, -0.478135704994, -4.50935125351, -6.16362857819, -5.83638954163]}, "pitch_salience": {"dmean": 0.0601189918816, "dmean2": 0.0967735126615, "dvar": 0.00366290472448, "dvar2": 0.00929114036262, "max": 0.909630954266, "mean": 0.509242117405, "median": 0.511066436768, "min": 0.104122072458, "var": 0.0111768338829}, "silence_rate_20dB": {"dmean": 0, "dmean2": 0, "dvar": 0, "dvar2": 0, "max": 1, "mean": 1, "median": 1, "min": 1, "var": 0}, "silence_rate_30dB": {"dmean": 0.00366893270984, "dmean2": 0.00733865750954, "dvar": 0.00365566601977, "dvar2": 0.010738151148, "max": 1, "mean": 0.998057842255, "median": 1, "min": 0, "var": 0.00193840742577}, "silence_rate_60dB": {"dmean": 0.0151073699817, "dmean2": 0.0302180014551, "dvar": 0.0148797463626, "dvar2": 0.0331921130419, "max": 1, "mean": 0.170479074121, "median": 0, "min": 0, "var": 0.141408160329}, "spectral_centroid": {"dmean": 197.998855591, "dmean2": 296.1355896, "dvar": 81414.7578125, "dvar2": 154910.703125, "max": 11308.6064453, "mean": 1266.94128418, "median": 1140.57910156, "min": 198.958511353, "var": 545857.125}, "spectral_complexity": {"dmean": 2.27106928825, "dmean2": 3.5639975071, "dvar": 8.6993265152, "dvar2": 18.450756073, "max": 54, "mean": 14.6850452423, "median": 14, "min": 0, "var": 83.095413208}, "spectral_contrast_coeffs": {"dmean": [0.0427367165685, 0.0394522286952, 0.0343984626234, 0.0290021821856, 0.0212448853999, 0.0161250904202], "dmean2": [0.0699637383223, 0.063608802855, 0.0545177273452, 0.0463563166559, 0.0328357107937, 0.0248307883739], "dvar": [0.00144610833377, 0.00110843370203, 0.000836430408526, 0.000595091201831, 0.000342065759469, 0.000240489636781], "dvar2": [0.00373917678371, 0.00277739507146, 0.00198955484666, 0.00141621078365, 0.000753092579544, 0.000540135486517], "max": [-0.246320426464, -0.389498174191, -0.461135476828, -0.508024096489, -0.567370653152, -0.636139988899], "mean": [-0.603420674801, -0.694383144379, -0.732734978199, -0.741542220116, -0.764488577843, -0.77265381813], "median": [-0.608781993389, -0.699849367142, -0.743169307709, -0.746585190296, -0.768959760666, -0.772659182549], "min": [-0.980955004692, -0.967108428478, -0.972446680069, -0.962609350681, -0.964412987232, -0.959275722504], "var": [0.00799604225904, 0.00660535460338, 0.00612229341641, 0.00448865583166, 0.00320189679042, 0.00173425942194]}, "spectral_contrast_valleys": {"dmean": [0.371534764767, 0.294092476368, 0.268855214119, 0.23835593462, 0.222450047731, 0.285168290138], "dmean2": [0.612908422947, 0.477039307356, 0.439181089401, 0.383195728064, 0.326490551233, 0.363226860762], "dvar": [0.127373427153, 0.081003241241, 0.067854128778, 0.0651567131281, 0.0752513706684, 0.134525746107], "dvar2": [0.290622889996, 0.176594421268, 0.142445385456, 0.125976338983, 0.128653988242, 0.218485668302], "max": [-5.30559778214, -5.10689258575, -5.86600208282, -5.97034883499, -5.59511423111, -7.42560100555], "mean": [-7.82150506973, -7.44326257706, -8.03134536743, -8.38381958008, -8.25992965698, -10.7682294846], "median": [-7.40828704834, -7.22566413879, -7.71185970306, -8.06860542297, -7.92511940002, -10.6179141998], "min": [-26.8868598938, -27.1905422211, -27.4959182739, -27.4726524353, -27.0732269287, -27.276184082], "var": [2.10051608086, 1.55360496044, 1.82246518135, 1.78438389301, 1.91564178467, 1.88187325001]}, "spectral_decrease": {"dmean": 1.59596480476e-09, "dmean2": 2.52312881699e-09, "dvar": 1.04762722365e-17, "dvar2": 2.62498670184e-17, "max": 1.49802697981e-29, "mean": -5.18388620918e-09, "median": -4.13133527388e-09, "min": -4.15070360305e-08, "var": 2.33461156525e-17}, "spectral_energy": {"dmean": 0.00633639609441, "dmean2": 0.0099598262459, "dvar": 0.000156388021423, "dvar2": 0.000388495624065, "max": 0.163727030158, "mean": 0.0212671756744, "median": 0.0168439671397, "min": 1.11862235331e-20, "var": 0.000384325656341}, "spectral_energyband_high": {"dmean": 0.000358552060788, "dmean2": 0.000477585970657, "dvar": 1.66238589827e-06, "dvar2": 2.86248996417e-06, "max": 0.0397362709045, "mean": 0.000764105818234, "median": 0.00013766324264, "min": 8.45782725151e-21, "var": 6.3145812419e-06}, "spectral_energyband_low": {"dmean": 0.00359056214802, "dmean2": 0.00607009744272, "dvar": 0.00012254891044, "dvar2": 0.000321940460708, "max": 0.124258711934, "mean": 0.00601271307096, "median": 0.00320861418732, "min": 5.2316712498e-23, "var": 0.00011729808466}, "spectral_energyband_middle_high": {"dmean": 0.00155207561329, "dmean2": 0.0024029482156, "dvar": 8.44343503559e-06, "dvar2": 2.18164914259e-05, "max": 0.0646182447672, "mean": 0.00569685501978, "median": 0.00223495275714, "min": 1.35148649927e-21, "var": 6.01386345807e-05}, "spectral_energyband_middle_low": {"dmean": 0.0036620600149, "dmean2": 0.00559197133407, "dvar": 5.3587329603e-05, "dvar2": 0.000128094266984, "max": 0.138708129525, "mean": 0.0104405889288, "median": 0.00779119506478, "min": 3.10060680703e-22, "var": 0.000120926582895}, "spectral_entropy": {"dmean": 0.156829401851, "dmean2": 0.223125949502, "dvar": 0.0303222350776, "dvar2": 0.0577377825975, "max": 9.81272125244, "mean": 7.29293584824, "median": 7.29894638062, "min": 5.03400421143, "var": 0.277125000954}, "spectral_flux": {"dmean": 0.01879395172, "dmean2": 0.0291981063783, "dvar": 0.000772707397118, "dvar2": 0.00167386175599, "max": 0.337340503931, "mean": 0.0605814047158, "median": 0.050778709352, "min": 1.05764945413e-10, "var": 0.00234127766453}, "spectral_kurtosis": {"dmean": 1.6284788847, "dmean2": 2.70987033844, "dvar": 3.37076258659, "dvar2": 9.12084960938, "max": 35.5849075317, "mean": 5.5969991684, "median": 4.91494655609, "min": -1.21405470371, "var": 13.0594110489}, "spectral_rms": {"dmean": 0.000571217155084, "dmean2": 0.000872362637892, "dvar": 7.44675674014e-07, "dvar2": 1.74871502168e-06, "max": 0.0126385791227, "mean": 0.00403497088701, "median": 0.00405378080904, "min": 3.30354190184e-12, "var": 4.46755075245e-06}, "spectral_rolloff": {"dmean": 390.992767334, "dmean2": 649.819030762, "dvar": 684772.6875, "dvar2": 1523184.25, "max": 18820.0195312, "mean": 1504.45483398, "median": 1119.7265625, "min": 64.599609375, "var": 2371400.5}, "spectral_skewness": {"dmean": 0.204467475414, "dmean2": 0.321407526731, "dvar": 0.0398603267968, "dvar2": 0.0927402898669, "max": 4.83422422409, "mean": 1.71341943741, "median": 1.65187549591, "min": -0.190028369427, "var": 0.316068291664}, "spectral_spread": {"dmean": 493611.15625, "dmean2": 702718.125, "dvar": 515002662912,