{"lowlevel": {"average_loudness": 0.948967158794, "barkbands": {"dmean": [2.99126822938e-05, 0.00190388620831, 0.00208791298792, 0.00127683242317, 0.00123077468015, 0.000739966635592, 0.000546614057384, 0.000394933100324, 0.00147504743654, 0.000619207916316, 0.000974003050942, 0.000440972071374, 0.000331568415277, 0.000688220723532, 0.000442227348685, 0.000287513656076, 0.000205419069971, 0.000234610590269, 0.000165692152223, 0.000127441715449, 7.45396973798e-05, 5.06640972162e-05, 3.86951760447e-05, 2.77271101368e-05, 2.77369126707e-05, 1.41227737913e-05, 2.81767688648e-06], "dmean2": [4.32388951594e-05, 0.00337316608056, 0.00368400011212, 0.00216684653424, 0.00209615705535, 0.00118606863543, 0.000850253913086, 0.000623063649982, 0.00210049957968, 0.000906909059267, 0.00145318976138, 0.000674947514199, 0.000515617663041, 0.00108811212704, 0.000690271146595, 0.000440133910161, 0.000338911166182, 0.000371657486539, 0.00026390448329, 0.000196979948669, 0.00010606617434, 6.92334142514e-05, 5.21494330314e-05, 3.69056906493e-05, 3.62962418876e-05, 1.88518770301e-05, 3.6750639083e-06], "dvar": [4.64508875808e-09, 2.50115008384e-05, 3.2659383578e-05, 6.75732826494e-06, 9.01480871107e-06, 2.84170164377e-06, 2.08029564419e-06, 1.10692860744e-06, 8.61749776959e-06, 1.94167296286e-06, 4.86449971504e-06, 1.1446775261e-06, 4.32280813811e-07, 1.42951955695e-06, 8.1641462657e-07, 3.48016698126e-07, 1.61061777249e-07, 1.48601415617e-07, 1.34508510996e-07, 3.69238861708e-08, 2.73078804014e-08, 1.42127660752e-08, 9.06314667759e-09, 3.22574456035e-09, 3.81570863794e-09, 1.37507683018e-09, 5.69784809612e-11], "dvar2": [9.09630948343e-09, 7.10446183803e-05, 9.13261028472e-05, 1.85900971701e-05, 2.517466055e-05, 7.49497030483e-06, 5.43040459888e-06, 2.65625385509e-06, 1.7378028133e-05, 3.63440562978e-06, 1.08095919131e-05, 2.40064855461e-06, 1.02224112197e-06, 3.59511204806e-06, 1.82044277608e-06, 8.10546964658e-07, 4.50557479326e-07, 3.81082514878e-07, 3.72634190171e-07, 8.72262475582e-08, 5.47960290476e-08, 2.69297455446e-08, 1.79367543041e-08, 6.00020122477e-09, 6.94312562999e-09, 2.65400545985e-09, 1.07330713761e-10], "max": [0.000821728084702, 0.0469639338553, 0.056506678462, 0.0358074232936, 0.0769917070866, 0.0221246406436, 0.0358604751527, 0.0301256813109, 0.0653747841716, 0.0511839054525, 0.0427931025624, 0.0421060062945, 0.0156129216775, 0.0195601526648, 0.016756772995, 0.0125932190567, 0.0106611382216, 0.00772135192528, 0.0109101226553, 0.00305329449475, 0.00343892816454, 0.00160963798407, 0.00165690504946, 0.000801686139312, 0.000734748493414, 0.00051026820438, 0.000109873151814], "mean": [4.11790133512e-05, 0.00251693837345, 0.00244442513213, 0.00195097958203, 0.00194711366203, 0.00126730964985, 0.00100963853765, 0.000618931429926, 0.00351747474633, 0.00127902126405, 0.0021099972073, 0.00113504729234, 0.000595190038439, 0.0013200356625, 0.000810037250631, 0.000556227751076, 0.000441496842541, 0.000577091763262, 0.000379517005058, 0.000290955387754, 0.000140352422022, 9.33039482334e-05, 6.72021196806e-05, 5.35083163413e-05, 5.20548346685e-05, 2.08868386835e-05, 4.06449726142e-06], "median": [9.85399128695e-06, 0.00152688031085, 0.00123425468337, 0.00104170176201, 0.00113935896661, 0.000470341416076, 0.000419638934545, 0.000191629107576, 0.000971855653916, 0.000428126542829, 0.000430909945862, 0.000244907772867, 0.000271785946097, 0.000461721210741, 0.00023192143999, 0.000196642664378, 0.000237216547248, 0.000329943315592, 0.000177051420906, 0.000165078861755, 3.83502738259e-05, 3.30209622916e-05, 1.97374665731e-05, 2.04062034754e-05, 1.25882888824e-05, 1.94693780031e-06, 2.94871625783e-07], "min": [2.09659980402e-24, 2.75515942593e-24, 1.63214552151e-24, 8.31259615079e-25, 1.28841401543e-23, 1.76818470294e-23, 1.73770785073e-23, 1.310100985e-23, 3.51155026409e-23, 3.10265399574e-23, 4.04282757337e-23, 3.32138082784e-23, 3.86937788624e-23, 6.3177585358e-23, 8.53304656508e-23, 8.91289571272e-23, 8.89437073431e-23, 1.55385681168e-22, 1.22067162649e-22, 2.21590119509e-22, 2.86219587586e-22, 3.72424691721e-22, 3.72878823167e-22, 6.32455460405e-22, 9.02278050272e-22, 1.4103241632e-21, 2.05613795436e-21], "var": [7.06187153199e-09, 1.82233470696e-05, 2.36474133999e-05, 7.95395862951e-06, 8.64508001541e-06, 5.13983059136e-06, 3.05025764646e-06, 1.85837404842e-06, 4.20736578235e-05, 5.66597600482e-06, 1.93896084966e-05, 7.49629407437e-06, 8.5641380565e-07, 4.04132197218e-06, 2.25365238293e-06, 1.07061259769e-06, 5.54663074581e-07, 6.25379357189e-07, 3.50912188196e-07, 1.3290845402e-07, 6.66276420702e-08, 2.96957090029e-08, 1.91562588014e-08, 7.6983255326e-09, 9.2754541825e-09, 2.53623633206e-09, 1.06418852897e-10]}, "barkbands_crest": {"dmean": 2.09542369843, "dmean2": 3.33859777451, "dvar": 4.22601795197, "dvar2": 10.9369039536, "max": 25.1898822784, "mean": 9.70783615112, "median": 8.52038097382, "min": 2.52638053894, "var": 23.1486301422}, "barkbands_flatness_db": {"dmean": 0.0185701288283, "dmean2": 0.0265403110534, "dvar": 0.000386336207157, "dvar2": 0.00084195274394, "max": 0.445298999548, "mean": 0.145098954439, "median": 0.131422206759, "min": 0.0246307067573, "var": 0.00498274620622}, "barkbands_kurtosis": {"dmean": 3.86321282387, "dmean2": 6.45113229752, "dvar": 274.2315979, "dvar2": 833.097290039, "max": 796.173522949, "mean": 10.8132801056, "median": 0.869575619698, "min": -1.98695242405, "var": 3407.23681641}, "barkbands_skewness": {"dmean": 0.489986687899, "dmean2": 0.7601749897, "dvar": 0.384270310402, "dvar2": 0.980346381664, "max": 21.4429397583, "mean": 1.31897115707, "median": 0.848847925663, "min": -6.58062601089, "var": 5.85406684875}, "barkbands_spread": {"dmean": 4.40364980698, "dmean2": 6.55804395676, "dvar": 32.1358642578, "dvar2": 70.5264358521, "max": 165.756790161, "mean": 20.0464878082, "median": 18.7730827332, "min": 0.270561248064, "var": 149.226287842}, "dissonance": {"dmean": 0.0189024619758, "dmean2": 0.0315449871123, "dvar": 0.000355706171831, "dvar2": 0.000945635954849, "max": 0.500000178814, "mean": 0.458109557629, "median": 0.46425807476, "min": 0.246649160981, "var": 0.000903880223632}, "dynamic_complexity": 3.95537018776, "erbbands": {"dmean": [0.0320423617959, 0.526856660843, 2.22559738159, 3.25550603867, 4.07640218735, 4.17494058609, 5.79167032242, 6.29265928268, 6.71359920502, 9.00795459747, 11.7048540115, 39.3228416443, 19.5785579681, 25.1827507019, 34.2450637817, 15.1084165573, 14.7311668396, 24.7863674164, 25.5668315887, 24.260471344, 11.5213603973, 11.8029489517, 11.0911130905, 9.68046092987, 6.98422336578, 5.87208414078, 3.25912189484, 2.9047036171, 1.87752175331, 1.50127077103, 1.08793187141, 0.698293924332, 0.429866731167, 0.315011352301, 0.200972750783, 0.0804530233145, 0.0225653499365, 0.00447503849864, 0.000473208492622, 2.76321206911e-05], "dmean2": [0.054840195924, 0.941220283508, 3.95228242874, 5.57952213287, 6.88565158844, 7.04057788849, 9.7734670639, 9.9298915863, 10.563539505, 14.0986557007, 18.2207050323, 53.3839492798, 27.6942462921, 36.2709121704, 48.9730033875, 21.8408050537, 23.0474357605, 39.1545028687, 38.6882362366, 37.5283927917, 17.9337539673, 19.2447624207, 17.4055423737, 15.3128376007, 10.7605419159, 8.93330192566, 4.82757902145, 4.16447544098, 2.55319452286, 2.05591750145, 1.47641134262, 0.959004700184, 0.573829233646, 0.423154324293, 0.265941619873, 0.107669718564, 0.0303152818233, 0.00600660266355, 0.000621056591626, 3.58826291631e-05], "dvar": [0.00472443178296, 2.08743166924, 38.5828704834, 52.637638092, 82.8260650635, 100.180351257, 253.588516235, 202.900009155, 334.106384277, 584.57800293, 611.927978516, 7656.52246094, 1396.19604492, 2310.69604492, 6192.53417969, 1171.92407227, 840.886291504, 2252.72680664, 2163.28198242, 3108.10058594, 473.361724854, 609.573669434, 366.384490967, 345.682281494, 170.656707764, 86.4652633667, 42.0259475708, 55.176651001, 20.1211738586, 12.4125204086, 7.08920049667, 2.24748373032, 0.772321522236, 0.434363692999, 0.249410733581, 0.0450370498002, 0.00355201167986, 0.000144323334098, 1.62856474617e-06, 3.58575369397e-09], "dvar2": [0.0128123564646, 5.93110895157, 108.272766113, 144.814743042, 227.596572876, 288.333953857, 687.327026367, 531.804016113, 878.203918457, 1502.41662598, 1428.73291016, 14061.2226563, 2617.66430664, 5058.52929688, 12233.6816406, 2296.02075195, 1962.13269043, 5690.07080078, 4663.27392578, 7492.30957031, 1142.12329102, 1707.23693848, 910.242431641, 942.716796875, 416.43170166, 202.02381897, 96.0307846069, 112.783599854, 36.9550819397, 24.2245388031, 14.2127628326, 4.32766771317, 1.45979356766, 0.80423617363, 0.47385212779, 0.0875418931246, 0.00695951655507, 0.000283564935671, 3.0772532682e-06, 6.70650379675e-09], "max": [0.728250741959, 13.0345907211, 58.8314933777, 87.7025222778, 181.045318604, 276.783081055, 230.322265625, 219.195144653, 599.743652344, 571.746032715, 694.763244629, 1885.85583496, 963.831787109, 1564.24169922, 1533.90942383, 1126.85461426, 661.236328125, 1133.49328613, 868.890563965, 1193.65307617, 419.735900879, 746.106018066, 497.937561035, 484.286193848, 417.443817139, 157.225845337, 168.976211548, 155.050216675, 60.6166534424, 54.8154411316, 44.0770568848, 21.9909706116, 11.1107168198, 11.8132286072, 7.17823648453, 3.16841602325, 0.873786866665, 0.17732258141, 0.018776493147, 0.000963111058809], "mean": [0.0502596348524, 0.656578779221, 2.55918622017, 4.95802259445, 6.22110080719, 6.96817350388, 8.10347652435, 11.2574701309, 12.8502788544, 15.8020877838, 24.1850376129, 87.0781021118, 45.2262382507, 54.8311042786, 81.2917175293, 39.0074157715, 30.6890926361, 50.686504364, 53.5751686096, 49.6270065308, 25.1499271393, 27.1553878784, 29.7710227966, 23.7141666412, 18.5344791412, 13.7433643341, 6.93875169754, 5.04340982437, 3.38784098625, 2.74963831902, 1.86069893837, 1.24851059914, 0.842259824276, 0.634516477585, 0.333781331778, 0.122406534851, 0.0326429270208, 0.00640150392428, 0.000692495610565, 6.0403785028e-05], "median": [0.0308603532612, 0.366542339325, 1.35868990421, 3.10286331177, 3.96145629883, 3.83193182945, 3.28493309021, 4.29981040955, 4.90253829956, 6.57708501816, 8.82870483398, 19.7000045776, 21.3923606873, 20.8520278931, 19.6473674774, 12.81291008, 16.0272598267, 19.0789318085, 24.9756202698, 13.9251785278, 11.6064882278, 15.4248180389, 17.3459320068, 14.0984964371, 9.40344905853, 7.85733795166, 2.96981024742, 1.3905377388, 1.13859283924, 0.948217570782, 0.513984441757, 0.431946247816, 0.305652141571, 0.176365956664, 0.0641202554107, 0.0146839395165, 0.00284905987792, 0.000482544826809, 6.84039478074e-05, 3.57691533281e-05], "min": [8.98298758187e-23, 7.57597325183e-22, 2.34786714846e-21, 6.72719900457e-21, 3.21118396194e-20, 3.53068344289e-20, 6.93514364796e-20, 1.95625125866e-19, 2.59702064557e-19, 1.92612637473e-19, 4.59209213661e-19, 7.96801990967e-19, 8.74823010511e-19, 1.23655426226e-18, 2.02390892005e-18, 1.37757821694e-18, 1.80930394116e-18, 3.45131970242e-18, 3.3248421324e-18, 3.83162343367e-18, 5.50367722489e-18, 4.60251275117e-18, 7.91511261051e-18, 6.96449431669e-18, 7.82366200353e-18, 8.99791188467e-18, 1.12680462101e-17, 1.14204989057e-17, 1.18877591717e-17, 1.31094792938e-17, 9.15309758503e-18, 1.16744772682e-17, 1.00429652531e-17, 1.02531179324e-17, 6.90944172461e-18, 4.99258755341e-18, 2.53917502645e-18, 1.07598992336e-18, 2.92076621262e-19, 2.87156395883e-20], "var": [0.00499683851376, 1.43160915375, 26.6252689362, 50.465045929, 76.7221069336, 104.918479919, 255.179016113, 429.343688965, 564.319335938, 880.543518066, 1646.33764648, 32190.7617188, 5248.88574219, 7765.06396484, 25993.5449219, 6498.68164063, 1874.07885742, 6017.64306641, 6974.71533203, 10653.6123047, 1481.75305176, 2094.10205078, 1779.72546387, 949.31427002, 707.644104004, 304.928314209, 119.12311554, 102.836349487, 41.894115448, 27.8280448914, 14.6440734863, 4.76398086548, 1.92333960533, 1.29481709003, 0.501184940338, 0.0835612416267, 0.00636941473931, 0.000257440726273, 3.00899910144e-06, 7.11108683049e-09]}, "erbbands_crest": {"dmean": 2.48302650452, "dmean2": 3.80922412872, "dvar": 5.89680051804, "dvar2": 12.9700012207, "max": 30.17212677, "mean": 10.2704658508, "median": 9.09719753265, "min": 2.48283290863, "var": 26.2284564972}, "erbbands_flatness_db": {"dmean": 0.0173552110791, "dmean2": 0.0231544207782, "dvar": 0.000322680018144, "dvar2": 0.000557107501663, "max": 0.326572805643, "mean": 0.175620093942, "median": 0.179945707321, "min": 0.019854657352, "var": 0.00271567166783}, "erbbands_kurtosis": {"dmean": 0.888669788837, "dmean2": 1.37414300442, "dvar": 1.75992262363, "dvar2": 4.03050422668, "max": 35.451625824, "mean": 1.0367859602, "median": 0.193217068911, "min": -1.77289378643, "var": 8.54822444916}, "erbbands_skewness": {"dmean": 0.332421481609, "dmean2": 0.501116573811, "dvar": 0.0976565033197, "dvar2": 0.229690626264, "max": 5.37289619446, "mean": 0.409901678562, "median": 0.335161596537, "min": -2.5301733017, "var": 0.711767137051}, "erbbands_spread": {"dmean": 6.20302534103, "dmean2": 9.17032623291, "dvar": 67.9053421021, "dvar2": 143.116714478, "max": 159.055404663, "mean": 30.6847877502, "median": 26.2180423737, "min": 2.81921482086, "var": 353.547485352}, "gfcc": {"cov": [[27694.5078125, 336.683044434, -4237.52636719, -82.5196380615, -1332.12963867, 196.18460083, -966.215148926, 54.3692169189, -890.555786133, -22.3923740387, -342.917694092, 139.415374756, -64.2101898193], [336.683044434, 1577.84228516, -138.393051147, -85.6637268066, 156.421707153, -101.216201782, 26.039188385, -95.0993347168, 17.9870319366, -87.4529800415, 111.058258057, -107.898628235, 56.3912010193], [-4237.52636719, -138.393051147, 1648.90002441, 205.751342773, 144.31578064, -44.3418045044, 76.5766525269, -67.5137405396, 142.517669678, 56.1337814331, -85.0311431885, 88.4574661255, -60.270565033], [-82.5196380615, -85.6637268066, 205.751342773, 413.859680176, 49.4786376953, -85.9060134888, -68.0038223267, 15.4525690079, 16.6837024689, -12.1059474945, -33.8206672668, 49.0496139526, 32.9876213074], [-1332.12963867, 156.421707153, 144.31578064, 49.4786376953, 341.953369141, 73.4837799072, 61.6753768921, -16.4889583588, -18.2226810455, -33.7775154114, 32.2337646484, -23.0322055817, 49.9254493713], [196.18460083, -101.216201782, -44.3418045044, -85.9060134888, 73.4837799072, 286.48651123, 110.045402527, -29.3274555206, -79.8729476929, -6.17974424362, -14.1970329285, -7.98920917511, -27.3308811188], [-966.215148926, 26.039188385, 76.5766525269, -68.0038223267, 61.6753768921, 110.045402527, 182.988876343, -8.54120540619, 16.2548751831, 1.40676891804, 2.77720856667, -21.1067657471, -31.1787242889], [54.3692169189, -95.0993347168, -67.5137405396, 15.4525690079, -16.4889583588, -29.3274555206, -8.54120540619, 179.257858276, 51.6039619446, -22.0546684265, 6.04779672623, -38.3525886536, 20.4159469604], [-890.555786133, 17.9870319366, 142.517669678, 16.6837024689, -18.2226810455, -79.8729476929, 16.2548751831, 51.6039619446, 150.438674927, 27.6781158447, -8.90302085876, -13.5725278854, -6.38013601303], [-22.3923740387, -87.4529800415, 56.1337814331, -12.1059474945, -33.7775154114, -6.17974424362, 1.40676891804, -22.0546684265, 27.6781158447, 94.0941314697, 3.62364435196, 10.2520465851, -22.5894584656], [-342.917694092, 111.058258057, -85.0311431885, -33.8206672668, 32.2337646484, -14.1970329285, 2.77720856667, 6.04779672623, -8.90302085876, 3.62364435196, 123.23551178, -9.0969247818, 25.7733898163], [139.415374756, -107.898628235, 88.4574661255, 49.0496139526, -23.0322055817, -7.98920917511, -21.1067657471, -38.3525886536, -13.5725278854, 10.2520465851, -9.0969247818, 114.792129517, 4.88083696365], [-64.2101898193, 56.3912010193, -60.270565033, 32.9876213074, 49.9254493713, -27.3308811188, -31.1787242889, 20.4159469604, -6.38013601303, -22.5894584656, 25.7733898163, 4.88083696365, 96.9503173828]], "icov": [[0.000222158007091, -0.000325100729242, 0.00047085506958, -0.000192259234609, 0.000548281765077, -0.000476967077702, 0.000923821877223, -0.000604542146903, 0.00100574630778, -0.000727640290279, 0.000968716107309, -0.000566425325815, 0.000369597313693], [-0.000325100729242, 0.0014287448721, -0.000622401305009, 0.000423869205406, -0.00108170171734, 0.00118800753262, -0.00150031037629, 0.00195846892893, -0.00195360486396, 0.00213386141695, -0.00206756754778, 0.00172684341669, -0.000749126600567], [0.00047085506958, -0.000622401305009, 0.00188458815683, -0.000706500315573, 0.000603568332735, -0.000829461787362, 0.00167007779237, -0.000904275977518, 0.00126990792342, -0.001691931393, 0.00244680838659, -0.00180321431253, 0.00139837432653], [-0.000192259234609, 0.000423869205406, -0.000706500315573, 0.00342089356855, -0.00128548103385, 0.00128448707983, 8.84383553057e-06, 8.46779439598e-05, -0.000648742250632, 0.000910627655685, 6.5393775003e-05, -0.000543312577065, -0.000788512581494], [0.000548281765077, -0.00108170171734, 0.000603568332735, -0.00128548103385, 0.00593486009166, -0.00251277931966, 0.00122228229884, -0.000966804800555, 0.00269696465693, -0.000933284813073, 0.00132311310153, -9.93538051262e-05, -0.00174971134402], [-0.000476967077702, 0.00118800753262, -0.000829461787362, 0.00128448707983, -0.00251277931966, 0.00796409510076, -0.00577176827937, 0.0010480202036, 0.00174390350003, 0.000991079839878, -0.000779394875281, 0.00118135346565, -3.95045481127e-06], [0.000923821877223, -0.00150031037629, 0.00167007779237, 8.84383553057e-06, 0.00122228229884, -0.00577176827937, 0.0131225762889, -0.00215223617852, 0.00103333336301, -0.00212159892544, 0.00311016570777, -0.00188813731074, 0.00377848907374], [-0.000604542146903, 0.00195846892893, -0.000904275977518, 8.46779439598e-05, -0.000966804800555, 0.0010480202036, -0.00215223617852, 0.0105107482523, -0.00681657716632, 0.00545303849503, -0.00389569671825, 0.00474050128832, -0.00262375525199], [0.00100574630778, -0.00195360486396, 0.00126990792342, -0.000648742250632, 0.00269696465693, 0.00174390350003, 0.00103333336301, -0.00681657716632, 0.0167970247567, -0.00751990731806, 0.00601994199678, -0.0021150149405, 0.00154253619257], [-0.000727640290279, 0.00213386141695, -0.001691931393, 0.000910627655685, -0.000933284813073, 0.000991079839878, -0.00212159892544, 0.00545303849503, -0.00751990731806, 0.0169684644789, -0.00575551809743, 0.00222627725452, 0.000721416145097], [0.000968716107309, -0.00206756754778, 0.00244680838659, 6.5393775003e-05, 0.00132311310153, -0.000779394875281, 0.00311016570777, -0.00389569671825, 0.00601994199678, -0.00575551809743, 0.0145156634971, -0.00315944943577, -0.000382143160095], [-0.000566425325815, 0.00172684341669, -0.00180321431253, -0.000543312577065, -9.93538051262e-05, 0.00118135346565, -0.00188813731074, 0.00474050128832, -0.0021150149405, 0.00222627725452, -0.00315944943577, 0.0133709777147, -0.00299067143351], [0.000369597313693, -0.000749126600567, 0.00139837432653, -0.000788512581494, -0.00174971134402, -3.95045481127e-06, 0.00377848907374, -0.00262375525199, 0.00154253619257, 0.000721416145097, -0.000382143160095, -0.00299067143351, 0.0153220146894]], "mean": [-28.0601520538, 99.588394165, -122.331443787, 26.5114917755, -46.739402771, 13.5853385925, -29.9515419006, 12.7783670425, -24.1891384125, -4.16611671448, -15.3971624374, -7.79399585724, -9.08467292786]}, "hfc": {"dmean": 5.12758255005, "dmean2": 6.94705867767, "dvar": 41.8111534119, "dvar2": 74.6558151245, "max": 101.686965942, "mean": 23.2083683014, "median": 21.9379768372, "min": 1.00385778872e-16, "var": 316.060058594}, "melbands": {"dmean": [0.00040507997619, 0.000999607727863, 0.0005960460403, 0.000266596267466, 0.00020297372248, 0.000139800089528, 0.000101298683148, 9.48868619162e-05, 0.000130207074108, 0.00023388050613, 9.69645116129e-05, 0.000103756014141, 0.000143094337545, 5.30529723619e-05, 4.02523255616e-05, 3.36936791427e-05, 5.20219400642e-05, 5.06760370627e-05, 3.16711993946e-05, 2.57067567873e-05, 1.4353876395e-05, 1.36751104947e-05, 1.190412695e-05, 1.26972890939e-05, 8.27748226584e-06, 6.53620827507e-06, 5.17550552104e-06, 4.10846359955e-06, 2.40553185904e-06, 1.67541952578e-06, 1.708587547e-06, 1.10382836738e-06, 1.02680417058e-06, 8.17602654024e-07, 7.19971126273e-07, 4.75533227018e-07, 4.09194143458e-07, 3.08685343953e-07, 2.93922937544e-07, 2.69306099199e-07], "dmean2": [0.000713433139026, 0.00176916120108, 0.00101320364047, 0.000450357620139, 0.000343482301105, 0.000221113921725, 0.000158776703756, 0.000149624494952, 0.000200312933885, 0.000316692865454, 0.000139189491165, 0.000148461214849, 0.00020747295639, 7.81130729592e-05, 6.30899085081e-05, 5.38462845725e-05, 8.15474049887e-05, 7.69864054746e-05, 4.93050793011e-05, 3.92694673792e-05, 2.26387037401e-05, 2.25564144785e-05, 1.90472783288e-05, 2.00449667318e-05, 1.3158519323e-05, 1.02836984297e-05, 7.97129450802e-06, 6.25200937066e-06, 3.68048517885e-06, 2.4417122404e-06, 2.47626053351e-06, 1.56093528858e-06, 1.47548792029e-06, 1.14744034363e-06, 1.01403963981e-06, 6.58229225792e-07, 5.76439617817e-07, 4.28725257962e-07, 4.05345531362e-07, 3.74493652089e-07], "dvar": [9.76365868155e-07, 7.65023287386e-06, 1.54100439431e-06, 4.08715550293e-07, 2.95640006698e-07, 9.91483091184e-08, 7.27482643015e-08, 6.22312015253e-08, 6.58296102074e-08, 2.52846348303e-07, 3.85170935147e-08, 4.0151650893e-08, 1.09394569847e-07, 2.02713810182e-08, 6.3345009238e-09, 4.94488094915e-09, 9.51053191756e-09, 9.61320356652e-09, 4.59501903194e-09, 3.67807717616e-09, 8.41293645859e-10, 9.15275855107e-10, 4.6673231946e-10, 5.56561741138e-10, 2.86609874722e-10, 2.08600567375e-10, 8.065600271e-11, 4.57930082742e-11, 2.44242785719e-11, 1.40940410384e-11, 2.04381615798e-11, 7.01562245797e-12, 6.01303902503e-12, 3.9041716908e-12, 3.33318463976e-12, 1.22568600235e-12, 7.30635658312e-13, 4.01337220835e-13, 3.5619971599e-13, 3.41594753785e-13], "dvar2": [2.75221987067e-06, 2.14144292841e-05, 4.20950891566e-06, 1.15513694254e-06, 8.08297215826e-07, 2.6159611366e-07, 1.91068806998e-07, 1.60320681175e-07, 1.56160240294e-07, 4.59614255988e-07, 7.32098044409e-08, 8.39109119966e-08, 2.35321451214e-07, 3.91998291605e-08, 1.37069191553e-08, 1.28921264775e-08, 2.34439934133e-08, 2.15967830286e-08, 1.07258797399e-08, 8.55036663694e-09, 2.08903472299e-09, 2.58067300862e-09, 1.1650932441e-09, 1.43162415256e-09, 7.89755705277e-10, 5.67592639555e-10, 1.90050308824e-10, 1.06349720697e-10, 5.92732321558e-11, 2.9759993081e-11, 4.24525657683e-11, 1.38216443499e-11, 1.2224528681e-11, 8.01289850444e-12, 7.03603147967e-12, 2.37047144067e-12, 1.47389771828e-12, 8.07732027965e-13, 6.85063551026e-13, 6.69523356027e-13], "max": [0.00985554233193, 0.0236315298826, 0.0147048346698, 0.0207271166146, 0.00805389415473, 0.00469981599599, 0.00805668812245, 0.00533678987995, 0.00594769185409, 0.0103627331555, 0.00573738245293, 0.0062042218633, 0.00681420275941, 0.0049630603753, 0.00331589905545, 0.00204991223291, 0.00220948667265, 0.0019148522988, 0.0012659720378, 0.00136324483901, 0.000539898115676, 0.000785088341217, 0.000669617322274, 0.000573369499762, 0.000455760164186, 0.000391448586015, 0.000212001003092, 0.00011485809955, 0.000154695750098, 6.86722196406e-05, 9.24213672988e-05, 3.70105808543e-05, 3.37782003044e-05, 3.79226730729e-05, 3.15638826578e-05, 1.74706383405e-05, 1.4408469724e-05, 8.57782924868e-06, 8.05606123322e-06, 1.16510209409e-05], "mean": [0.000579664367251, 0.00121252355166, 0.000937426928431, 0.000458794471342, 0.000304070126731, 0.000253842328675, 0.000193169093109, 0.000162700103829, 0.00027973295073, 0.000517154694535, 0.000211602789932, 0.000212224127608, 0.00031887771911, 0.000137892755447, 7.73266074248e-05, 6.44867832307e-05, 9.88666870398e-05, 9.83462668955e-05, 5.95768360654e-05, 5.17102671438e-05, 2.56597013504e-05, 2.76084738289e-05, 2.55292343354e-05, 2.97257502098e-05, 1.76833309524e-05, 1.50803616634e-05, 1.18716006909e-05, 8.31881789054e-06, 4.71028715765e-06, 3.01192153529e-06, 2.74935564448e-06, 1.87155058029e-06, 1.78724542366e-06, 1.42116948609e-06, 1.16839362363e-06, 7.96544441073e-07, 7.25506026811e-07, 5.74752675675e-07, 5.69644839743e-07, 5.18996273513e-07], "median": [0.000376825541025, 0.000698810967151, 0.000601535895839, 0.000299110397464, 0.000139293406392, 9.89917098195e-05, 7.90796766523e-05, 6.19667407591e-05, 7.96377644292e-05, 0.000126881015603, 8.86852649273e-05, 7.51998159103e-05, 6.9646142947e-05, 2.11850274354e-05, 3.49143410858e-05, 2.68547355518e-05, 3.251416274e-05, 3.5343971831e-05, 1.57212507474e-05, 1.26064360302e-05, 1.0949337593e-05, 1.37102942972e-05, 1.31464066726e-05, 1.54226854647e-05, 9.79315154837e-06, 6.42618124402e-06, 5.80398545935e-06, 4.27951090387e-06, 2.0113041046e-06, 7.97444329237e-07, 7.42889540106e-07, 6.16352792804e-07, 6.0269030655e-07, 4.74138488471e-07, 2.98285044664e-07, 2.26029968076e-07, 2.60093969473e-07, 2.06048298423e-07, 1.81790923648e-07, 1.29375223423e-07], "min": [1.14027102558e-24, 1.51041314117e-24, 1.89936248961e-24, 2.61485380862e-24, 2.3044926571e-24, 5.08394466018e-24, 3.62224141193e-24, 2.56847549271e-24, 3.375532658e-24, 4.37616327322e-24, 4.28502380626e-24, 5.46618602851e-24, 6.58469021235e-24, 4.34084320948e-24, 4.27716754051e-24, 3.21957485703e-24, 5.93569828993e-24, 3.85327116093e-24, 6.17470539484e-24, 4.25587381809e-24, 6.15951035608e-24, 3.73118113079e-24, 6.60071749936e-24, 7.18488122702e-24, 5.0470413526e-24, 5.38336864967e-24, 5.81065791999e-24, 5.46729950568e-24, 6.561762759e-24, 5.17857720323e-24, 6.7561219144e-24, 6.56350495831e-24, 6.88948042815e-24, 5.91629862255e-24, 4.81519710471e-24, 5.87161241328e-24, 5.9830902921e-24, 6.35672637125e-24, 6.96886192332e-24, 8.09755542904e-24], "var": [7.86205362147e-07, 5.3105995903e-06, 1.55806253588e-06, 3.87664385926e-07, 3.02245609873e-07, 2.0532283429e-07, 1.17819148215e-07, 9.39986293247e-08, 2.42106779069e-07, 1.05682408957e-06, 1.35477492336e-07, 1.23237128946e-07, 4.44593183602e-07, 1.27743959411e-07, 2.03126955256e-08, 9.5577492587e-09, 2.47519054142e-08, 2.97733588894e-08, 1.29397061954e-08, 1.38152591589e-08, 1.97990335238e-09, 2.75404432593e-09, 1.39972877733e-09, 2.24076535105e-09, 6.07805694663e-10, 6.50225984167e-10, 2.88817053606e-10, 1.29131164095e-10, 6.14036946289e-11, 3.07457254101e-11, 3.48670155248e-11, 1.3144372743e-11, 1.17882596046e-11, 8.32266981027e-12, 6.31975678386e-12, 2.46072975364e-12, 1.4963227055e-12, 9.21739247428e-13, 9.69640383611e-13, 9.30388361839e-13]}, "melbands_crest": {"dmean": 2.83130598068, "dmean2": 4.48666667938, "dvar": 8.60341262817, "dvar2": 22.85206604, "max": 37.0072975159, "mean": 12.4664669037, "median": 11.2183837891, "min": 1.80279254913, "var": 27.0932617188}, "melbands_flatness_db": {"dmean": 0.0224793683738, "dmean2": 0.0324646532536, "dvar": 0.000643792445771, "dvar2": 0.00142661854625, "max": 0.5866959095, "mean": 0.205807924271, "median": 0.184409379959, "min": 0.00254206033424, "var": 0.00843266677111}, "melbands_kurtosis": {"dmean": 6.139128685, "dmean2": 9.97419452667, "dvar": 275.457550049, "dvar2": 805.855773926, "max": 644.317138672, "mean": 15.4845314026, "median": 3.10194683075, "min": -1.51397848129, "var": 2658.74291992}, "melbands_skewness": {"dmean": 0.607830762863, "dmean2": 0.944366753101, "dvar": 0.658479332924, "dvar2": 1.61867368221, "max": 18.5417423248, "mean": 2.02356553078, "median": 1.54809725285, "min": -1.05108475685, "var": 4.22444438934}, "melbands_spread": {"dmean": 5.96518230438, "dmean2": 9.18111610413, "dvar": 55.5004310608, "dvar2": 130.612823486, "max": 179.525161743, "mean": 26.2792110443, "median": 24.2303676605, "min": 0.322070747614, "var": 321.476409912}, "mfcc": {"cov": [[14148.7675781, 395.649841309, -1747.86633301, -448.713500977, -636.516784668, -265.480621338, -109.350082397, -88.642829895, -159.285232544, -117.909736633, -141.542892456, -371.835571289, -124.613380432], [395.649841309, 1506.65283203, -85.9102020264, -26.4270763397, 39.22397995, 6.73238992691, 41.1014060974, -34.5326652527, -75.7377853394, -0.350268065929, -30.5749607086, -13.9405317307, -54.2302246094], [-1747.86633301, -85.9102020264, 953.198242188, 227.662628174, 85.8265075684, 88.0663299561, -119.34752655, 2.57438874245, 32.1023712158, -28.021440506, -0.077066026628, 95.1880950928, 18.7127075195], [-448.713500977, -26.4270763397, 227.662628174, 452.860168457, 152.382110596, -52.1933937073, -99.69871521, -12.7869853973, 26.6161155701, -38.4927864075, -70.4615249634, 45.8651771545, 42.2792015076], [-636.516784668, 39.22397995, 85.8265075684, 152.382110596, 308.131500244, -21.3461036682, 63.5811653137, 13.8337125778, 34.2073783875, 1.28464114666, -67.7454833984, -10.9454917908, 42.0274238586], [-265.480621338, 6.73238992691, 88.0663299561, -52.1933937073, -21.3461036682, 343.984436035, 81.668586731, 17.8870010376, -3.64259338379, -46.500213623, 7.79775190353, -13.0637598038, 3.31719326973], [-109.350082397, 41.1014060974, -119.34752655, -99.69871521, 63.5811653137, 81.668586731, 231.480804443, 44.9029846191, -19.2663478851, 13.518450737, -9.51568889618, -27.3548240662, 2.63293671608], [-88.642829895, -34.5326652527, 2.57438874245, -12.7869853973, 13.8337125778, 17.8870010376, 44.9029846191, 123.774627686, 28.0466213226, -8.69712924957, 10.7728538513, -9.302485466, 0.533594489098], [-159.285232544, -75.7377853394, 32.1023712158, 26.6161155701, 34.2073783875, -3.64259338379, -19.2663478851, 28.0466213226, 126.852989197, 33.4617118835, -12.2591981888, 0.522890329361, 13.9910535812], [-117.909736633, -0.350268065929, -28.021440506, -38.4927864075, 1.28464114666, -46.500213623, 13.518450737, -8.69712924957, 33.4617118835, 123.468780518, 37.0353660583, 3.15214824677, -24.0482711792], [-141.542892456, -30.5749607086, -0.077066026628, -70.4615249634, -67.7454833984, 7.79775190353, -9.51568889618, 10.7728538513, -12.2591981888, 37.0353660583, 145.390274048, 12.2953195572, -29.9681854248], [-371.835571289, -13.9405317307, 95.1880950928, 45.8651771545, -10.9454917908, -13.0637598038, -27.3548240662, -9.302485466, 0.522890329361, 3.15214824677, 12.2953195572, 89.1488037109, 12.679599762], [-124.613380432, -54.2302246094, 18.7127075195, 42.2792015076, 42.0274238586, 3.31719326973, 2.63293671608, 0.533594489098, 13.9910535812, -24.0482711792, -29.9681854248, 12.679599762, 87.7456054688]], "icov": [[0.000115718998131, -2.02064784389e-05, 0.000168738144566, -3.13923228532e-05, 0.000233630824368, 5.58327337785e-05, 9.01098537724e-05, 1.4622101844e-05, 3.24761058437e-05, 8.98235302884e-05, 0.000162102049217, 0.00035034227767, 3.83642363886e-05], [-2.02064784389e-05, 0.000723658013158, 3.59600853699e-05, 5.7710105466e-05, -0.000259173946688, -7.64630894992e-05, 7.60435341363e-06, 9.47544394876e-05, 0.000420155847678, -8.46459734021e-05, 0.000215635751374, -0.000172859421582, 0.000517732521985], [0.000168738144566, 3.59600853699e-05, 0.00175646692514, -0.00039853004273, -0.000270701479167, -0.000665824627504, 0.0010803474579, -0.000310302566504, 0.000113758156658, 7.44172284612e-05, 0.000123722187709, -0.000866137968842, 0.000373273389414], [-3.13923228532e-05, 5.7710105466e-05, -0.00039853004273, 0.00384681066498, -0.00206108950078, 0.000114037051389, 0.00183824019041, -0.000239253029577, 0.000137316950713, 0.00060534622753, 0.000970005290583, -0.00150665163528, -0.000155263856868], [0.000233630824368, -0.000259173946688, -0.000270701479167, -0.00206108950078, 0.00615668157116, 0.000974188966211, -0.00269341818057, 0.000353945535608, -0.00112806237303, -0.000284017703962, 0.00124625756871, 0.00245221587829, -0.00151124899276], [5.58327337785e-05, -7.64630894992e-05, -0.000665824627504, 0.000114037051389, 0.000974188966211, 0.00402065133676, -0.00219801464118, 0.000680122873746, -0.0010975478217, 0.00217889039777, -0.000596868165303, 0.000992017216049, -1.27387211251e-05], [9.01098537724e-05, 7.60435341363e-06, 0.0010803474579, 0.00183824019041, -0.00269341818057, -0.00219801464118, 0.0082170823589, -0.00305938045494, 0.00281790015288, -0.00225441227667, 0.00135615165345, -0.000238755194005, -0.000407764891861], [1.4622101844e-05, 9.47544394876e-05, -0.000310302566504, -0.000239253029577, 0.000353945535608, 0.000680122873746, -0.00305938045494, 0.0103201940656, -0.00362890213728, 0.00284162303433, -0.00188400805928, 0.000895531498827, 0.000679151155055], [3.24761058437e-05, 0.000420155847678, 0.000113758156658, 0.000137316950713, -0.00112806237303, -0.0010975478217, 0.00281790015288, -0.00362890213728, 0.0112890023738, -0.00486849388108, 0.00197778269649, 0.00027983399923, -0.00176460621879], [8.98235302884e-05, -8.46459734021e-05, 7.44172284612e-05, 0.00060534622753, -0.000284017703962, 0.00217889039777, -0.00225441227667, 0.00284162303433, -0.00486849388108, 0.0125455660746, -0.00316746230237, -0.000557269493584, 0.00308508099988], [0.000162102049217, 0.000215635751374, 0.000123722187709, 0.000970005290583, 0.00124625756871, -0.000596868165303, 0.00135615165345, -0.00188400805928, 0.00197778269649, -0.00316746230237, 0.0097868880257, -0.00111117702909, 0.00158579670824], [0.00035034227767, -0.000172859421582, -0.000866137968842, -0.00150665163528, 0.00245221587829, 0.000992017216049, -0.000238755194005, 0.000895531498827, 0.00027983399923, -0.000557269493584, -0.00111117702909, 0.0153744136915, -0.00270745437592], [3.83642363886e-05, 0.000517732521985, 0.000373273389414, -0.000155263856868, -0.00151124899276, -1.27387211251e-05, -0.000407764891861, 0.000679151155055, -0.00176460621879, 0.00308508099988, 0.00158579670824, -0.00270745437592, 0.014558413066]], "mean": [-659.067382813, 128.044464111, -11.4079284668, 19.705368042, 6.15019702911, 1.09313714504, 7.77368164063, 7.57613611221, 1.21953010559, 6.06404304504, -0.322475671768, -5.29594039917, -5.23507785797]}, "pitch_salience": {"dmean": 0.0648273304105, "dmean2": 0.104141704738, "dvar": 0.00429764436558, "dvar2": 0.011651291512, "max": 0.922517359257, "mean": 0.532979249954, "median": 0.533599197865, "min": 0.0714810118079, "var": 0.0153176700696}, "silence_rate_20dB": {"dmean": 0, "dmean2": 0, "dvar": 0, "dvar2": 0, "max": 1, "mean": 1, "median": 1, "min": 1, "var": 0}, "silence_rate_30dB": {"dmean": 0, "dmean2": 0, "dvar": 0, "dvar2": 0, "max": 1, "mean": 1, "median": 1, "min": 1, "var": 0}, "silence_rate_60dB": {"dmean": 0.00965319946408, "dmean2": 0.0193098522723, "dvar": 0.00955893285573, "dvar2": 0.0200103539973, "max": 1, "mean": 0.0702412873507, "median": 0, "min": 0, "var": 0.0653083100915}, "spectral_centroid": {"dmean": 200.399490356, "dmean2": 300.515869141, "dvar": 60867.9140625, "dvar2": 127781.851563, "max": 11242.4228516, "mean": 1382.68310547, "median": 1380.64172363, "min": 108.921310425, "var": 622536.125}, "spectral_complexity": {"dmean": 2.85698962212, "dmean2": 4.13052034378, "dvar": 11.6794052124, "dvar2": 19.6915607452, "max": 53, "mean": 19.3873100281, "median": 20, "min": 0, "var": 92.056678772}, "spectral_contrast_coeffs": {"dmean": [0.0431404039264, 0.0424482002854, 0.0408388897777, 0.0331851281226, 0.0238299109042, 0.0168753247708], "dmean2": [0.0708671808243, 0.0673027187586, 0.0610925592482, 0.0516096949577, 0.0363520048559, 0.0261499937624], "dvar": [0.00175727205351, 0.00132915598806, 0.0012498915894, 0.000842155946884, 0.000477703113575, 0.000233742539422], "dvar2": [0.00462782755494, 0.00329649657942, 0.00264017400332, 0.00182500493247, 0.000984967453405, 0.000505550007802], "max": [-0.326940715313, -0.405112415552, -0.376466006041, -0.476927667856, -0.525361776352, -0.606825649738], "mean": [-0.661045432091, -0.722156882286, -0.685750722885, -0.722424924374, -0.75010317564, -0.773708820343], "median": [-0.664399862289, -0.73021042347, -0.690960884094, -0.717627286911, -0.747453033924, -0.771650016308], "min": [-0.974070966244, -0.980935454369, -0.972091376781, -0.96840429306, -0.965259552002, -0.963106095791], "var": [0.00481850840151, 0.00764239532873, 0.0106984656304, 0.00781983043998, 0.00558555545285, 0.00229384214617]}, "spectral_contrast_valleys": {"dmean": [0.338848471642, 0.373746216297, 0.330999791622, 0.300971716642, 0.274023294449, 0.316121011972], "dmean2": [0.544097006321, 0.573711156845, 0.494024455547, 0.436093300581, 0.365268319845, 0.376337766647], "dvar": [0.117763601243, 0.14111533761, 0.10440363735, 0.0892416313291, 0.0885255709291, 0.139885470271], "dvar2": [0.261822015047, 0.308194965124, 0.194161534309, 0.156053125858, 0.136252433062, 0.197590515018], "max": [-5.44674968719, -4.37143707275, -5.33749723434, -5.85194158554, -5.95520401001, -8.27687835693], "mean": [-7.44413948059, -7.24631929398, -7.8382358551, -8.25286388397, -8.07580566406, -10.7018947601], "median": [-7.06620073318, -6.89384651184, -7.37979745865, -7.84908437729, -7.69686889648, -10.4463062286], "min": [-27.7284889221, -27.8668346405, -27.4043731689, -27.4987831116, -27.4512233734, -27.4041938782], "var": [2.98679423332, 3.50117611885, 3.8124756813, 3.52273511887, 3.40313053131, 2.99109721184]}, "spectral_decrease": {"dmean": 1.93160309969e-09, "dmean2": 3.06078185019e-09, "dvar": 9.49870439831e-18, "dvar2": 2.46688386633e-17, "max": 3.85843703916e-16, "mean": -6.12970385561e-09, "median": -5.76074921099e-09, "min": -2.78472569448e-08, "var": 1.62294689067e-17}, "spectral_energy": {"dmean": 0.00763973267749, "dmean2": 0.0119940945879, "dvar": 0.000141477561556, "dvar2": 0.00036362677929, "max": 0.106728836894, "mean": 0.0252399481833, "median": 0.0240056011826, "min": 9.53061507471e-21, "var": 0.000268889358267}, "spectral_energyband_high": {"dmean": 0.000254594779108, "dmean2": 0.000323227373883, "dvar": 2.61535149093e-07, "dvar2": 4.33032226965e-07, "max": 0.00753132300451, "mean": 0.000559563515708, "median": 0.000238352469751, "min": 7.00091743135e-21, "var": 7.11422899258e-07}, "spectral_energyband_low": {"dmean": 0.00401789648458, "dmean2": 0.00691536767408, "dvar": 0.000102644771687, "dvar2": 0.000281876826193, "max": 0.0880820453167, "mean": 0.00594146270305, "median": 0.0039252419956, "min": 2.26449401711e-23, "var": 8.14052618807e-05}, "spectral_energyband_middle_high": {"dmean": 0.0021927121561, "dmean2": 0.0031809238717, "dvar": 9.78799289442e-06, "dvar2": 2.00581143872e-05, "max": 0.0616105683148, "mean": 0.00923199858516, "median": 0.00614642398432, "min": 1.3653806496e-21, "var": 8.78251448739e-05}, "spectral_energyband_middle_low": {"dmean": 0.00416735233739, "dmean2": 0.00661297189072, "dvar": 5.11084217578e-05, "dvar2": 0.000131635344587, "max": 0.0846402496099, "mean": 0.0105533422902, "median": 0.00766143435612, "min": 2.15416557173e-22, "var": 9.33954215725e-05}, "spectral_entropy": {"dmean": 0.157972186804, "dmean2": 0.208657607436, "dvar": 0.0283171776682, "dvar2": 0.0500698015094, "max": 9.81884002686, "mean": 7.32939434052, "median": 7.3414144516, "min": 5.28699159622, "var": 0.296042889357}, "spectral_flux": {"dmean": 0.0254421904683, "dmean2": 0.0390129871666, "dvar": 0.000913697469514, "dvar2": 0.00170969613828, "max": 0.295787483454, "mean": 0.0792343467474, "median": 0.0718624517322, "min": 6.47948639187e-11, "var": 0.00239880941808}, "spectral_kurtosis": {"dmean": 2.14327788353, "dmean2": 3.57872819901, "dvar": 17.1555042267, "dvar2": 48.7522277832, "max": 137.252441406, "mean": 6.76256752014, "median": 5.32509326935, "min": -1.23284566402, "var": 63.1743354797}, "spectral_rms": {"dmean": 0.000684961560182, "dmean2": 0.00103241822217, "dvar": 8.7909273816e-07, "dvar2": 2.12741838368e-06, "max": 0.0102041997015, "mean": 0.00462105358019, "median": 0.00483943149447, "min": 3.0492884693e-12, "var": 3.2702646422e-06}, "spectral_rolloff": {"dmean": 342.122039795, "dmean2": 566.4765625, "dvar": 459476.65625, "dvar2": 1002073.0625, "max": 21727.0019531, "mean": 1621.41113281, "median": 1442.72460938, "min": 21.533203125, "var": 4804280.5}, "spectral_skewness": {"dmean": 0.232151091099, "dmean2": 0.370074898005, "dvar": 0.0862202346325, "dvar2": 0.216881975532, "max": 9.44710636139, "mean": 1.79598295689, "median": 1.68074810505, "min": -0.0427674911916, "var": 0.504695355892}, "spectral_spread": {"dmean": 448315.6875, "dmean2": 620745.25, "dvar": 505424183296, "dvar2": 916481572864, "max": 41800052, "mean": 4204204, "median": 3541605.25, "min": 631003.187