{"lowlevel": {"average_loudness": 0.944147527218, "barkbands": {"dmean": [0.000109464526759, 0.00454008299857, 0.00600602291524, 0.0029979813844, 0.00403854902834, 0.000563346140552, 0.00114834832493, 0.000882343505509, 0.000880741921719, 0.00028956294409, 0.000366164604202, 0.000411452259868, 0.000255018734606, 0.0002130640205, 0.000128325802507, 0.000117350064102, 0.000166944388184, 9.95464433799e-05, 0.000145921338117, 0.00020655215485, 0.000123258709209, 5.47215349798e-05, 3.87457039324e-05, 2.05058586289e-05, 6.05625064054e-06, 1.79126300281e-06, 1.52674630272e-07], "dmean2": [0.000195976448595, 0.00626156432554, 0.0109341945499, 0.00549736712128, 0.00646473607048, 0.000885456858668, 0.00183730653953, 0.00137448031455, 0.00131482444704, 0.000426285434514, 0.000586178561207, 0.000660503807012, 0.000395189446863, 0.000328911904944, 0.000198422625544, 0.000177945199539, 0.000250721292105, 0.000143710334669, 0.000218536675675, 0.000296679907478, 0.000180566348718, 8.21818975965e-05, 5.90378658671e-05, 3.23222084262e-05, 1.01104023997e-05, 2.76951982414e-06, 2.56769993712e-07], "dvar": [1.35962437753e-07, 9.05007254914e-05, 0.000234919905779, 3.72948270524e-05, 7.01596291037e-05, 2.92746517516e-06, 1.06814104583e-05, 5.61041861147e-06, 6.05701734457e-06, 9.45434862842e-07, 1.92379366126e-06, 1.96483938453e-06, 5.3854108728e-07, 4.99276495702e-07, 9.43357036931e-08, 5.71216638434e-08, 1.29573635377e-07, 5.87524979778e-08, 1.5926198671e-07, 2.107157826e-07, 1.86508827937e-07, 4.49940351643e-08, 3.96000778835e-08, 1.31278445892e-08, 5.09893904876e-10, 6.51700846066e-11, 1.44481310054e-13], "dvar2": [3.83558869999e-07, 0.000154387264047, 0.000668711960316, 0.000107316569483, 0.000166919169715, 6.71069392411e-06, 2.64301397692e-05, 1.32409586513e-05, 1.30281687234e-05, 2.00644467441e-06, 4.95984795634e-06, 4.81304368805e-06, 1.23225242987e-06, 1.18126843063e-06, 2.26569497386e-07, 1.2383907233e-07, 3.04514117033e-07, 1.26356496821e-07, 3.62330922599e-07, 4.37169944689e-07, 3.88175322996e-07, 1.00820123805e-07, 8.27208879173e-08, 3.12909200773e-08, 1.22109145018e-09, 1.45710638e-10, 3.67853371461e-13], "max": [0.0061213793233, 0.116598725319, 0.113475002348, 0.0508749075234, 0.104365773499, 0.0613070316613, 0.0736973136663, 0.0442985445261, 0.0736718848348, 0.032070800662, 0.0424207448959, 0.0294678844512, 0.0149288130924, 0.018223753199, 0.00825725402683, 0.00615825131536, 0.0061876908876, 0.00767419859767, 0.0150216938928, 0.0108329886571, 0.0196024440229, 0.00834560673684, 0.00671351002529, 0.0042446074076, 0.00100463244598, 0.000256673723925, 1.55125999299e-05], "mean": [9.00728118722e-05, 0.00897058472037, 0.00521495193243, 0.00259556435049, 0.00494776712731, 0.000768194673583, 0.00123033137061, 0.00117089075502, 0.00122551841196, 0.00038084940752, 0.000392316287616, 0.000460764247691, 0.000299474952044, 0.000264091271674, 0.00016952365695, 0.000164221608429, 0.000221098860493, 0.000139174211654, 0.000195263142814, 0.000281445187284, 0.000157152360771, 6.78745418554e-05, 4.5882876293e-05, 2.35306906688e-05, 5.75054127694e-06, 2.04450998353e-06, 1.29791544623e-07], "median": [2.11587575905e-06, 0.000121122997371, 0.000304225250147, 0.000657792086713, 0.00115123949945, 0.000180499890121, 0.00019094113668, 0.000171511244844, 0.000207680917811, 5.27841548319e-05, 4.13961242884e-05, 4.57421047031e-05, 4.02260411647e-05, 4.21518998337e-05, 3.9493344957e-05, 4.70128979941e-05, 4.51043015346e-05, 3.33966527251e-05, 3.70125599147e-05, 4.65461380372e-05, 2.20631554839e-05, 1.38999585033e-05, 6.14996497461e-06, 3.40915585184e-06, 6.34551952317e-07, 1.92247071595e-07, 1.01499608718e-08], "min": [7.2919917007e-26, 4.40249032265e-24, 4.98371751559e-25, 1.26340826858e-24, 8.62063568465e-24, 7.67677938877e-24, 8.25817303137e-24, 6.41045726523e-24, 2.19511149168e-23, 1.47829725294e-23, 1.03101895725e-23, 1.6006713519e-23, 3.27908810145e-23, 3.98678184595e-23, 4.02338467641e-23, 4.99004630997e-23, 7.09885578753e-23, 9.29220023079e-23, 9.88483735009e-23, 1.6406438806e-22, 2.383155358e-22, 2.98266036345e-22, 3.09363706316e-22, 6.24177141444e-22, 9.08262992809e-22, 1.25891365942e-21, 1.70089659691e-21], "var": [1.04092436004e-07, 0.000302428961731, 0.000181818075362, 2.7611367841e-05, 9.36063588597e-05, 3.90154218621e-06, 1.11880253826e-05, 8.43742600409e-06, 1.08050971903e-05, 1.59357261964e-06, 1.87599380297e-06, 2.34711410485e-06, 7.69702012349e-07, 6.34700825231e-07, 1.43046520407e-07, 9.48930392042e-08, 2.03371143925e-07, 9.75145155735e-08, 2.92512083888e-07, 4.09787617173e-07, 3.06502357716e-07, 6.08057320051e-08, 5.32692752131e-08, 1.57505315457e-08, 5.25014254293e-10, 9.30322208159e-11, 1.24694349356e-13]}, "barkbands_crest": {"dmean": 3.6890835762, "dmean2": 6.02655076981, "dvar": 9.6456785202, "dvar2": 23.1915893555, "max": 26.5759391785, "mean": 13.0441999435, "median": 12.6072368622, "min": 2.71909332275, "var": 24.4948692322}, "barkbands_flatness_db": {"dmean": 0.0350296422839, "dmean2": 0.0520341433585, "dvar": 0.00110951927491, "dvar2": 0.00219937576912, "max": 0.469164907932, "mean": 0.207635447383, "median": 0.199116289616, "min": 0.0411565639079, "var": 0.00565637042746}, "barkbands_kurtosis": {"dmean": 11.1465740204, "dmean2": 17.9634056091, "dvar": 471.14730835, "dvar2": 1155.48583984, "max": 423.80355835, "mean": 15.2610988617, "median": 4.44582271576, "min": -1.94062817097, "var": 854.690612793}, "barkbands_skewness": {"dmean": 1.11603975296, "dmean2": 1.70715415478, "dvar": 1.48120141029, "dvar2": 3.3748550415, "max": 16.8038978577, "mean": 2.45490145683, "median": 1.96395206451, "min": -5.17504119873, "var": 4.99836397171}, "barkbands_spread": {"dmean": 6.57313919067, "dmean2": 10.0962734222, "dvar": 76.7127609253, "dvar2": 171.538543701, "max": 138.690383911, "mean": 14.7849273682, "median": 11.409702301, "min": 0.294295936823, "var": 168.556121826}, "dissonance": {"dmean": 0.0267140436918, "dmean2": 0.0426589027047, "dvar": 0.000804365612566, "dvar2": 0.00194243970327, "max": 0.500000059605, "mean": 0.445660799742, "median": 0.457664966583, "min": 0.154502868652, "var": 0.00205501355231}, "dynamic_complexity": 3.89643120766, "erbbands": {"dmean": [0.110978044569, 1.15906250477, 5.80591249466, 9.27917194366, 13.2519283295, 12.1578760147, 5.26885128021, 5.32254838943, 14.9320383072, 15.8989067078, 20.4715499878, 20.4315509796, 10.9020318985, 10.0512933731, 16.5756340027, 15.3098688126, 11.2143373489, 10.9907398224, 7.68847751617, 5.92703676224, 6.82626390457, 9.0493516922, 5.53079366684, 5.13954257965, 9.73431682587, 9.50975990295, 6.89707803726, 3.54391956329, 2.15357661247, 1.31785821915, 1.08282840252, 0.584641158581, 0.259653478861, 0.0919544175267, 0.0267881322652, 0.0117668770254, 0.00274325301871, 0.000284362147795, 3.27892666974e-05, 1.71090396179e-05], "dmean2": [0.14402101934, 1.70778048038, 10.4488124847, 17.1072731018, 21.7102527618, 19.2819232941, 8.45230484009, 8.32567310333, 23.5779514313, 25.9902305603, 30.9973487854, 30.3365535736, 16.0588912964, 15.5559329987, 25.5369377136, 24.1974334717, 17.2643356323, 16.6944580078, 11.5931396484, 8.88780498505, 9.86452102661, 13.3805837631, 7.85550546646, 7.47588443756, 14.4933767319, 13.6317043304, 9.95081329346, 5.22210645676, 3.22716116905, 1.99533498287, 1.64233064651, 0.915735602379, 0.417255967855, 0.156058654189, 0.041962672025, 0.0183227844536, 0.00422805268317, 0.00045815424528, 5.23502385477e-05, 2.74284047919e-05], "dvar": [0.0590550564229, 6.08663415909, 203.105270386, 495.853790283, 752.596801758, 899.581542969, 349.148254395, 263.619506836, 1998.76928711, 2229.31420898, 3091.41943359, 3629.5378418, 1155.78759766, 1955.25842285, 3489.52124023, 2908.5925293, 948.06427002, 1193.62963867, 434.885070801, 155.874725342, 191.833450317, 394.024047852, 165.128860474, 200.067153931, 622.800537109, 436.399291992, 391.203613281, 188.785690308, 65.2772293091, 52.4562149048, 30.9981403351, 9.02655220032, 2.88526701927, 0.164204925299, 0.0126131819561, 0.00281826080754, 0.000146693026181, 6.64536116801e-07, 4.2864303218e-09, 6.6644167962e-10], "dvar2": [0.0980025827885, 11.2372941971, 569.27746582, 1438.98815918, 1853.32666016, 2117.56665039, 896.112365723, 578.275146484, 4848.98876953, 5568.77880859, 7044.98193359, 7778.33007813, 2516.57250977, 4625.12011719, 8570.55761719, 7102.48876953, 2205.95288086, 2746.94775391, 977.483093262, 370.749267578, 401.297241211, 930.294616699, 347.393493652, 452.232025146, 1426.06237793, 906.469238281, 819.02154541, 395.155029297, 143.895248413, 123.502151489, 61.8930015564, 19.8766117096, 7.32708930969, 0.424725025892, 0.0250517651439, 0.00629522511736, 0.000326790264808, 1.35834432058e-06, 1.00901074163e-08, 1.62903135426e-09], "max": [2.19389796257, 30.9490699768, 110.338012695, 151.995559692, 367.688751221, 579.037231445, 420.323760986, 478.157897949, 1196.61743164, 1100.89025879, 1279.94030762, 1930.27380371, 1148.56201172, 2002.36486816, 1844.76599121, 1496.0456543, 592.99041748, 923.651672363, 774.117492676, 305.176971436, 387.294830322, 344.759307861, 374.182617188, 729.052429199, 552.841796875, 549.868103027, 796.197814941, 538.197509766, 282.851470947, 429.282409668, 196.392410278, 86.8347854614, 72.0384368896, 22.1210460663, 6.16900348663, 1.8191742897, 0.427433639765, 0.0398359820247, 0.00197364552878, 0.000192625069758], "mean": [0.212902083993, 2.23521447182, 5.6757979393, 8.12855815887, 15.6773881912, 14.8078479767, 6.48625040054, 7.21418190002, 17.1033725739, 17.6704158783, 28.5298080444, 28.9702587128, 16.5343418121, 12.2198286057, 19.3742027283, 17.7612228394, 14.1914310455, 14.2684459686, 10.6599626541, 8.4523229599, 10.1077756882, 12.2595500946, 8.06536960602, 7.40410470963, 12.8396520615, 12.9893789291, 8.83266067505, 4.60745096207, 2.68707108498, 1.63183617592, 1.26200020313, 0.686503112316, 0.282693982124, 0.0853339657187, 0.0294023361057, 0.0132611142471, 0.00310046761297, 0.000291634205496, 3.99116288463e-05, 3.43979882018e-05], "median": [0.00289960415103, 0.0379175134003, 0.309017598629, 1.77458047867, 4.45638370514, 2.58102083206, 1.25501942635, 2.09407997131, 3.18821144104, 3.83488512039, 5.08944702148, 5.94999408722, 2.76752638817, 1.97162747383, 2.36569881439, 2.06062221527, 2.29782533646, 2.35552310944, 2.48973035812, 2.40307641029, 3.04682469368, 2.71163272858, 2.06134748459, 1.81797873974, 2.13168430328, 2.22617149353, 1.31275165081, 0.718360841274, 0.519802689552, 0.294079035521, 0.16876475513, 0.0955319851637, 0.0382317975163, 0.00996087957174, 0.00339468196034, 0.00126263988204, 0.000287777744234, 2.77965573332e-05, 1.57979029609e-05, 1.99527876248e-05], "min": [8.74201644996e-23, 4.67480941431e-22, 1.11721243042e-21, 5.01269431723e-21, 1.03178793759e-20, 2.76751885493e-20, 2.31874671544e-20, 7.87269277244e-20, 1.587796321e-19, 1.47419844426e-19, 2.20668367878e-19, 4.21758921621e-19, 5.02716794231e-19, 6.11541864691e-19, 7.58975590241e-19, 1.21360630751e-18, 1.65619715248e-18, 2.13566763825e-18, 2.65870324535e-18, 2.06292992468e-18, 4.62704403301e-18, 4.4038727717e-18, 5.54572488338e-18, 6.5979093759e-18, 6.12011041534e-18, 8.16453899806e-18, 9.58397844765e-18, 7.64803005278e-18, 1.13886524521e-17, 1.07664389236e-17, 9.63338180974e-18, 1.12868099751e-17, 9.38171624427e-18, 8.15688592303e-18, 6.33841950902e-18, 3.76304561139e-18, 2.2641066603e-18, 9.36017418638e-19, 2.21775497429e-19, 2.5309778346e-20], "var": [0.185688793659, 18.5281200409, 179.910873413, 345.830780029, 906.623168945, 1178.14306641, 348.808868408, 371.618865967, 2215.45556641, 2183.84130859, 5076.03515625, 5762.81982422, 2656.12744141, 2169.42578125, 4066.35620117, 3375.08203125, 1380.77770996, 1685.79614258, 633.342285156, 258.546844482, 345.964233398, 617.555053711, 291.511444092, 377.546386719, 1086.59143066, 867.247741699, 677.537719727, 299.88293457, 91.3433532715, 58.7092590332, 43.428188324, 12.255065918, 2.88461112976, 0.144195854664, 0.0176285263151, 0.00403349334374, 0.000203036368475, 9.2494491355e-07, 4.99370544915e-09, 1.40093814327e-09]}, "erbbands_crest": {"dmean": 3.52458906174, "dmean2": 5.69515609741, "dvar": 10.0277900696, "dvar2": 24.3968391418, "max": 32.3176651001, "mean": 11.092713356, "median": 10.0650835037, "min": 2.4314994812, "var": 25.2421073914}, "erbbands_flatness_db": {"dmean": 0.0264354031533, "dmean2": 0.0387582406402, "dvar": 0.000594754004851, "dvar2": 0.00124376825988, "max": 0.444661706686, "mean": 0.203081309795, "median": 0.202280372381, "min": 0.0367122218013, "var": 0.00242789974436}, "erbbands_kurtosis": {"dmean": 2.0267739296, "dmean2": 3.24279284477, "dvar": 11.6324481964, "dvar2": 26.7842502594, "max": 117.850891113, "mean": 1.46056246758, "median": 0.108265146613, "min": -1.93612360954, "var": 21.8929729462}, "erbbands_skewness": {"dmean": 0.630958914757, "dmean2": 0.956924080849, "dvar": 0.39323541522, "dvar2": 0.89037746191, "max": 9.98410224915, "mean": 0.556268155575, "median": 0.520898461342, "min": -5.35833120346, "var": 1.27520191669}, "erbbands_spread": {"dmean": 12.6006813049, "dmean2": 19.2721729279, "dvar": 190.071258545, "dvar2": 453.757843018, "max": 169.488388062, "mean": 38.9926261902, "median": 35.3717880249, "min": 1.15585768223, "var": 510.845306396}, "gfcc": {"cov": [[19028.7148438, 911.912658691, -1893.16479492, 655.489379883, -894.957702637, 91.9315338135, -413.716796875, 116.925323486, -277.602783203, -57.0183029175, -244.303070068, -251.947937012, -192.738342285], [911.912658691, 2135.25463867, 40.1321907043, -5.57300281525, 534.85369873, -126.221786499, 436.024536133, -81.4026489258, 185.516494751, -206.075088501, 124.143043518, -168.516738892, 121.890388489], [-1893.16479492, 40.1321907043, 1448.98974609, 428.574676514, 527.889038086, 356.52532959, 274.471588135, 219.096420288, 89.854598999, 87.6647109985, 54.9720840454, 85.1336212158, 54.8034896851], [655.489379883, -5.57300281525, 428.574676514, 837.931640625, 350.110931396, 16.4953250885, 112.830841064, 53.5938301086, 12.4202299118, 22.2650241852, -24.1582164764, -3.03860640526, 8.69065284729], [-894.957702637, 534.85369873, 527.889038086, 350.110931396, 718.38494873, 96.8238830566, 312.784484863, 86.790763855, 59.7854309082, -5.70878791809, 26.2631282806, -45.6318855286, 67.0299987793], [91.9315338135, -126.221786499, 356.52532959, 16.4953250885, 96.8238830566, 525.523010254, 183.784851074, 154.645324707, 107.88217926, 71.8664245605, 35.5407524109, 30.8220348358, -37.4519996643], [-413.716796875, 436.024536133, 274.471588135, 112.830841064, 312.784484863, 183.784851074, 463.308837891, 122.558006287, 95.377281189, -10.8569002151, 17.9320755005, -14.893532753, 22.9152412415], [116.925323486, -81.4026489258, 219.096420288, 53.5938301086, 86.790763855, 154.645324707, 122.558006287, 226.237503052, 61.6381225586, 59.7616844177, -2.38244628906, 16.5036029816, -11.3504343033], [-277.602783203, 185.516494751, 89.854598999, 12.4202299118, 59.7854309082, 107.88217926, 95.377281189, 61.6381225586, 250.239776611, 51.0105628967, 59.8210525513, -8.7067937851, 1.56925868988], [-57.0183029175, -206.075088501, 87.6647109985, 22.2650241852, -5.70878791809, 71.8664245605, -10.8569002151, 59.7616844177, 51.0105628967, 167.592193604, 22.8387527466, 9.05907917023, -38.0938491821], [-244.303070068, 124.143043518, 54.9720840454, -24.1582164764, 26.2631282806, 35.5407524109, 17.9320755005, -2.38244628906, 59.8210525513, 22.8387527466, 146.349060059, 24.5751934052, 9.1922826767], [-251.947937012, -168.516738892, 85.1336212158, -3.03860640526, -45.6318855286, 30.8220348358, -14.893532753, 16.5036029816, -8.7067937851, 9.05907917023, 24.5751934052, 156.003829956, 39.2267951965], [-192.738342285, 121.890388489, 54.8034896851, 8.69065284729, 67.0299987793, -37.4519996643, 22.9152412415, -11.3504343033, 1.56925868988, -38.0938491821, 9.1922826767, 39.2267951965, 125.240715027]], "icov": [[0.000144970035763, -0.000329263450112, 0.000279787782347, -0.000401563651394, 0.000344424595824, -0.000388450484024, 0.000317245372571, -0.000449110986665, 0.000397894531488, -0.000249281554716, 0.000217493288801, -1.35821574077e-05, -4.27777631558e-05], [-0.000329263450112, 0.00189125433099, -0.000597927486524, 0.00117353885435, -0.00134665262885, 0.00135075615253, -0.00155125523452, 0.00148484634701, -0.00162681855727, 0.00167056650389, -0.00135151681025, 0.000997107941657, -0.000308690796373], [0.000279787782347, -0.000597927486524, 0.00186883739661, -0.00110672879964, -0.000104551640106, -0.00134816940408, 0.000735365261789, -0.00136641820427, 0.000875302706845, -0.000707104278263, 0.000205878925044, -0.000632604002021, -0.000377070653485], [-0.000401563651394, 0.00117353885435, -0.00110672879964, 0.00283516570926, -0.00181965751108, 0.00149298540782, -0.000949092558585, 0.0013973179739, -0.00135155278258, 0.000818923814222, -0.000288112147246, 5.09973631324e-07, 0.000535084982403], [0.000344424595824, -0.00134665262885, -0.000104551640106, -0.00181965751108, 0.0042551252991, -0.000885534973349, -0.000382746424293, -0.00118211389054, 0.00149787461851, -0.00118627771735, 0.000414329522755, 0.00104651285801, -0.00130438129418], [-0.000388450484024, 0.00135075615253, -0.00134816940408, 0.00149298540782, -0.000885534973349, 0.00433593709022, -0.00202239747159, 0.000463929900434, -0.00194570713211, 0.000847641786095, -0.00108251150232, -3.23009371641e-05, 0.00112833431922], [0.000317245372571, -0.00155125523452, 0.000735365261789, -0.000949092558585, -0.000382746424293, -0.00202239747159, 0.00521680153906, -0.00254136463627, 0.000622458697762, -0.000220265021198, 0.00117914984003, -0.000722722674254, 0.000222310962272], [-0.000449110986665, 0.00148484634701, -0.00136641820427, 0.0013973179739, -0.00118211389054, 0.000463929900434, -0.00254136463627, 0.00844432786107, -0.00216595432721, -0.000524828908965, 0.000253841979429, -0.000115479037049, 0.000251428718911], [0.000397894531488, -0.00162681855727, 0.000875302706845, -0.00135155278258, 0.00149787461851, -0.00194570713211, 0.000622458697762, -0.00216595432721, 0.0069276355207, -0.00261933612637, -0.000851471268106, 0.000345470267348, -0.000716530019417], [-0.000249281554716, 0.00167056650389, -0.000707104278263, 0.000818923814222, -0.00118627771735, 0.000847641786095, -0.000220265021198, -0.000524828908965, -0.00261933612637, 0.00948244519532, -0.00201703375205, 0.000427947874414, 0.00205526221544], [0.000217493288801, -0.00135151681025, 0.000205878925044, -0.000288112147246, 0.000414329522755, -0.00108251150232, 0.00117914984003, 0.000253841979429, -0.000851471268106, -0.00201703375205, 0.00929254479706, -0.00226722192019, 0.000266997289145], [-1.35821574077e-05, 0.000997107941657, -0.000632604002021, 5.09973631324e-07, 0.00104651285801, -3.23009371641e-05, -0.000722722674254, -0.000115479037049, 0.000345470267348, 0.000427947874414, -0.00226722192019, 0.0093749454245, -0.00380663853139], [-4.27777631558e-05, -0.000308690796373, -0.000377070653485, 0.000535084982403, -0.00130438129418, 0.00112833431922, 0.000222310962272, 0.000251428718911, -0.000716530019417, 0.00205526221544, 0.000266997289145, -0.00380663853139, 0.0111715411767]], "mean": [-89.3824081421, 120.42540741, -127.561828613, 43.2221794128, -57.3081359863, -1.30468893051, -25.15193367, -3.66191291809, -17.2472934723, -6.96867418289, -14.8913135529, -14.3810825348, -11.0464935303]}, "hfc": {"dmean": 5.78880643845, "dmean2": 8.03689575195, "dvar": 62.8543167114, "dvar2": 122.82623291, "max": 169.909637451, "mean": 12.2653932571, "median": 7.8928194046, "min": 1.08299548141e-16, "var": 174.955963135}, "melbands": {"dmean": [0.00115614244714, 0.00235333992168, 0.00163510011043, 0.001003094716, 0.000237176791416, 0.000119618423923, 0.000229440105613, 0.0001708293712, 0.000172189276782, 0.000126618921058, 5.39558204764e-05, 4.02572004532e-05, 5.29219978489e-05, 4.88197656523e-05, 3.29136819346e-05, 2.41038960667e-05, 2.12291051866e-05, 1.37412953336e-05, 8.84569635673e-06, 8.24523613119e-06, 8.91525451152e-06, 1.09408820208e-05, 5.61758497497e-06, 5.04426543557e-06, 4.09178528571e-06, 6.37305765849e-06, 8.04654428066e-06, 6.38717119728e-06, 4.77615503769e-06, 3.05618914354e-06, 1.84096609246e-06, 1.3765982203e-06, 8.34773345559e-07, 7.37333493817e-07, 6.9773074074e-07, 4.83114320105e-07, 3.1766373354e-07, 2.08006966318e-07, 1.29719552433e-07, 5.57991626238e-08], "dmean2": [0.00153149431571, 0.00414447439834, 0.00294146779925, 0.0016023531789, 0.000377549353288, 0.000186381323147, 0.000363792554708, 0.000278939405689, 0.000258214946371, 0.000188818070455, 7.98441687948e-05, 6.23488595011e-05, 8.22538204375e-05, 7.8090277384e-05, 5.10507525178e-05, 3.72550239263e-05, 3.24526554323e-05, 2.09993158933e-05, 1.35590444188e-05, 1.28411484184e-05, 1.30284133775e-05, 1.66979752976e-05, 8.17098953121e-06, 7.41058011045e-06, 6.12707390246e-06, 9.65602157521e-06, 1.20818358482e-05, 9.31136673898e-06, 6.9858911047e-06, 4.56773068436e-06, 2.79870346276e-06, 2.10857388083e-06, 1.27260477711e-06, 1.13746727948e-06, 1.07009191197e-06, 7.49149819512e-07, 5.03832836785e-07, 3.35068250479e-07, 2.1919026949e-07, 9.53594110342e-08], "dvar": [6.07087667959e-06, 3.06998517772e-05, 1.19520573207e-05, 4.25528924097e-06, 6.22458230737e-07, 1.2431442542e-07, 4.41073950697e-07, 2.38610624592e-07, 2.12267337929e-07, 1.49663875959e-07, 2.93785014094e-08, 3.0885388469e-08, 3.45863568896e-08, 2.9582514216e-08, 1.17422622736e-08, 4.86596141158e-09, 4.94164975606e-09, 1.81374626429e-09, 4.66221117268e-10, 3.2879846068e-10, 3.68478025869e-10, 6.53805509732e-10, 1.33589583839e-10, 1.82916681801e-10, 1.46556738967e-10, 3.43071793196e-10, 4.02185396098e-10, 1.99957425617e-10, 1.71419919925e-10, 1.4262786785e-10, 5.32166880007e-11, 2.75740177219e-11, 1.56212265345e-11, 1.87646183314e-11, 1.30773490994e-11, 6.33346370141e-12, 2.9694027185e-12, 2.26165115282e-12, 3.57484414249e-13, 7.96116848118e-14], "dvar2": [9.61305249803e-06, 8.22664005682e-05, 3.3901174902e-05, 1.00353290691e-05, 1.54868064328e-06, 2.75802534588e-07, 1.07653056602e-06, 5.88472801155e-07, 4.70537912634e-07, 3.17841056585e-07, 6.39057446961e-08, 7.18867383398e-08, 8.57517434838e-08, 7.33785512352e-08, 2.71398334917e-08, 1.13863327655e-08, 1.15571836545e-08, 4.11947542744e-09, 1.11250042512e-09, 7.99144361796e-10, 8.12902967162e-10, 1.59740531913e-09, 2.86204754341e-10, 4.1033210163e-10, 3.43042733109e-10, 7.94445287333e-10, 9.09649910952e-10, 4.27318902485e-10, 3.62369384499e-10, 3.16493581343e-10, 1.094901253e-10, 6.29970936528e-11, 3.58608073792e-11, 4.48704892686e-11, 2.62848232763e-11, 1.40792525208e-11, 6.78611030216e-12, 5.832102596e-12, 9.07253384832e-13, 2.1171537017e-13], "max": [0.0267684161663, 0.0450960509479, 0.0231650676578, 0.0278375763446, 0.0144743192941, 0.00995232444257, 0.017469773069, 0.00975222326815, 0.0109765585512, 0.0136740533635, 0.00577019061893, 0.00752249965444, 0.00481361150742, 0.00309118162841, 0.00229731132276, 0.00167089386377, 0.00210845400579, 0.00177998712752, 0.000765292264987, 0.000306795205688, 0.000401890312787, 0.000498101813719, 0.000195263288333, 0.000415940914536, 0.000668574823067, 0.00056753406534, 0.000486047239974, 0.000333545089234, 0.00045264326036, 0.00047093766625, 0.000296614220133, 0.000197507237317, 0.000213669656659, 0.000251706660492, 0.00012654036982, 8.84461042006e-05, 5.90830131841e-05, 6.25217144261e-05, 2.58549043792e-05, 1.63435488503e-05], "mean": [0.00231858273037, 0.00301927281544, 0.00160503154621, 0.00124317593873, 0.000280225911411, 0.000161600357387, 0.000258651736658, 0.000196541455807, 0.000236474021222, 0.000177830734174, 7.9088138591e-05, 4.71985622426e-05, 5.9623078414e-05, 5.49203032278e-05, 3.77763244614e-05, 2.90258831228e-05, 2.63793226623e-05, 1.79010985448e-05, 1.20570339277e-05, 1.09604916361e-05, 1.21740777104e-05, 1.38551595228e-05, 8.19997603685e-06, 6.59220813759e-06, 5.58021974939e-06, 8.26685391075e-06, 1.02492931546e-05, 8.36243452795e-06, 5.9574676925e-06, 3.76496905119e-06, 2.30506293519e-06, 1.63961180988e-06, 1.02506385247e-06, 8.69556060934e-07, 7.86482303283e-07, 5.45990985756e-07, 3.63765849443e-07, 2.20101085802e-07, 1.21828392707e-07, 5.02604571295e-08], "median": [2.90107655019e-05, 0.000125089340145, 0.000458207505289, 0.000296035897918, 4.92235485581e-05, 4.20934156864e-05, 4.58450231235e-05, 3.72168033209e-05, 3.75356721634e-05, 3.1988362025e-05, 1.09493075797e-05, 6.9036759669e-06, 6.56265274301e-06, 5.89563842368e-06, 4.53035590908e-06, 4.14362966694e-06, 3.97757048631e-06, 3.75421222998e-06, 2.89035529022e-06, 2.9992720556e-06, 3.15163765663e-06, 2.64253594651e-06, 1.90610353457e-06, 1.46168088122e-06, 1.2964464986e-06, 1.33451453621e-06, 1.47182674937e-06, 1.3908161236e-06, 8.40636630528e-07, 4.50302934496e-07, 3.258818424e-07, 2.81289828763e-07, 2.19039577587e-07, 1.23695798493e-07, 9.42349345223e-08, 6.99879407762e-08, 4.6889134353e-08, 2.59304009376e-08, 1.3043909064e-08, 5.09296782525e-09], "min": [1.84492004309e-24, 7.79916159328e-25, 1.33228765852e-24, 1.35004077598e-24, 1.24109149218e-24, 1.53121116312e-24, 2.90814558786e-24, 1.36863432612e-24, 1.59427980363e-24, 2.84110148282e-24, 2.41344026457e-24, 2.41380156287e-24, 3.0317561474e-24, 2.29619837633e-24, 1.79688511928e-24, 3.01516324712e-24, 3.72162684193e-24, 4.01002176711e-24, 2.15673585411e-24, 3.69890883115e-24, 4.93824205098e-24, 3.68453341888e-24, 4.78489616848e-24, 4.28568447727e-24, 4.03319810607e-24, 3.39739081039e-24, 3.68156887959e-24, 5.21134056877e-24, 4.20754543803e-24, 4.5420958259e-24, 3.73136375208e-24, 5.21341172308e-24, 5.54992992449e-24, 5.30973045632e-24, 4.64358869782e-24, 5.70345606171e-24, 6.47913628449e-24, 5.19983069374e-24, 5.48925153252e-24, 6.6550009904e-24], "var": [2.08755100175e-05, 3.88518856198e-05, 9.30125952436e-06, 5.88104285271e-06, 6.60215789594e-07, 1.75191203766e-07, 4.84408815282e-07, 2.5181762453e-07, 3.46660527839e-07, 2.55430478546e-07, 6.77415457062e-08, 3.57467015988e-08, 3.84773777284e-08, 3.4560468265e-08, 1.61149280586e-08, 6.66310473463e-09, 6.58672449916e-09, 2.33176056241e-09, 7.2306710619e-10, 4.59754428972e-10, 5.79528369737e-10, 9.07066588507e-10, 2.62772581472e-10, 2.63155969238e-10, 2.55156229478e-10, 5.82947912164e-10, 6.52593368233e-10, 3.72161496065e-10, 2.99963859307e-10, 2.02867597721e-10, 8.35620600492e-11, 3.56459341211e-11, 1.95438665251e-11, 1.9863857087e-11, 1.78719556515e-11, 8.10596641893e-12, 3.83883680052e-12, 2.12919764285e-12, 3.54064244286e-13, 6.05637908531e-14]}, "melbands_crest": {"dmean": 4.11030244827, "dmean2": 6.72582769394, "dvar": 11.6807384491, "dvar2": 28.8594646454, "max": 34.8763580322, "mean": 16.8931999207, "median": 16.8475627899, "min": 1.59081363678, "var": 33.2794075012}, "melbands_flatness_db": {"dmean": 0.042200256139, "dmean2": 0.0624635405838, "dvar": 0.00166568602435, "dvar2": 0.00325057189912, "max": 0.604557096958, "mean": 0.269362092018, "median": 0.256918877363, "min": 0.00355627434328, "var": 0.0104592917487}, "melbands_kurtosis": {"dmean": 21.8737430573, "dmean2": 34.7980575562, "dvar": 1557.5435791, "dvar2": 3693.54101563, "max": 690.987060547, "mean": 33.8564834595, "median": 11.9591703415, "min": -1.88612687588, "var": 3353.98461914}, "melbands_skewness": {"dmean": 1.38741123676, "dmean2": 2.11994743347, "dvar": 2.2327003479, "dvar2": 5.04287052155, "max": 20.8949050903, "mean": 3.6061296463, "median": 2.95447063446, "min": -2.94812178612, "var": 7.72314548492}, "melbands_spread": {"dmean": 8.71675491333, "dmean2": 13.5869636536, "dvar": 252.795043945, "dvar2": 547.468811035, "max": 294.046691895, "mean": 18.2673110962, "median": 11.9484529495, "min": 0.287883102894, "var": 590.581787109}, "mfcc": {"cov": [[8929.96972656, 419.697265625, -851.41003418, 339.512176514, -385.448272705, -14.6274318695, -169.225540161, -18.819442749, -77.346572876, 131.510055542, -192.568389893, 131.290054321, -56.8575592041], [419.697265625, 2117.10839844, -127.42980957, 146.94833374, 115.818893433, 64.4364852905, 251.203399658, 142.917709351, 164.476745605, 56.9486198425, 12.6336536407, 40.7197647095, 43.4677810669], [-851.41003418, -127.42980957, 923.106567383, 132.877349854, 283.155517578, 226.160522461, 187.602828979, 187.7056427, 135.99949646, 91.7725143433, 113.276321411, 55.5355682373, 72.4259796143], [339.512176514, 146.94833374, 132.877349854, 918.74230957, 283.54888916, 108.273155212, 174.527984619, 53.9383010864, 102.762084961, 29.6032772064, -46.4639968872, -13.2353687286, 21.3090667725], [-385.448272705, 115.818893433, 283.155517578, 283.54888916, 450.453460693, 152.297348022, 168.5831604, 73.7904510498, 98.9278259277, 76.7027359009, 40.76039505, 18.4392185211, 39.5305290222], [-14.6274318695, 64.4364852905, 226.160522461, 108.273155212, 152.297348022, 323.232116699, 163.034988403, 140.455123901, 105.99105835, 91.2579193115, 82.0970153809, 44.7123565674, 33.7743682861], [-169.225540161, 251.203399658, 187.602828979, 174.527984619, 168.5831604, 163.034988403, 397.066772461, 154.553466797, 159.110549927, 61.2199325562, 29.5407142639, 41.8112068176, 42.6863746643], [-18.819442749, 142.917709351, 187.7056427, 53.9383010864, 73.7904510498, 140.455123901, 154.553466797, 281.359405518, 128.058700562, 65.7097244263, 41.4110488892, 51.0810852051, 42.2405891418], [-77.346572876, 164.476745605, 135.99949646, 102.762084961, 98.9278259277, 105.99105835, 159.110549927, 128.058700562, 262.427001953, 76.375831604, 61.2283172607, 22.6635704041, 19.3090400696], [131.510055542, 56.9486198425, 91.7725143433, 29.6032772064, 76.7027359009, 91.2579193115, 61.2199325562, 65.7097244263, 76.375831604, 213.740158081, 91.4582214355, 68.8826980591, 6.1417760849], [-192.568389893, 12.6336536407, 113.276321411, -46.4639968872, 40.76039505, 82.0970153809, 29.5407142639, 41.4110488892, 61.2283172607, 91.4582214355, 174.81022644, 64.5244445801, 23.7379169464], [131.290054321, 40.7197647095, 55.5355682373, -13.2353687286, 18.4392185211, 44.7123565674, 41.8112068176, 51.0810852051, 22.6635704041, 68.8826980591, 64.5244445801, 149.656814575, 40.387298584], [-56.8575592041, 43.4677810669, 72.4259796143, 21.3090667725, 39.5305290222, 33.7743682861, 42.6863746643, 42.2405891418, 19.3090400696, 6.1417760849, 23.7379169464, 40.387298584, 114.609764099]], "icov": [[0.000146767924889, -2.17129381781e-05, 0.000117870949907, -9.96717208182e-05, 0.000148080158397, -0.000129348001792, 9.34980344027e-05, -2.33854134422e-05, -2.7454384508e-06, -0.000177340582013, 0.000241558984271, -0.000199624570087, 1.62092728715e-05], [-2.17129381781e-05, 0.000556246784981, 0.000208832570934, 5.11809503223e-06, -0.000143269076943, 0.000114933813165, -0.000292704498861, -0.000178915521246, -0.000172946791281, 4.01612896894e-06, -5.01203248859e-05, -3.91199955629e-06, -0.000123472287669], [0.000117870949907, 0.000208832570934, 0.00179303565528, -2.26736137847e-05, -0.000687186140567, -0.000452873704489, -6.85702470946e-05, -0.000685868260916, -7.16274225852e-05, 9.22997696762e-06, -0.000408855470596, -6.88730724505e-05, -0.000380270008463], [-9.96717208182e-05, 5.11809503223e-06, -2.26736137847e-05, 0.00153638643678, -0.000928721041419, -7.77647946961e-05, -0.000288640876533, 0.000174782544491, -0.000317268772051, 5.48726056877e-05, 0.00060215825215, 0.00017129869957, -7.09546366124e-05], [0.000148080158397, -0.000143269076943, -0.000687186140567, -0.000928721041419, 0.00394270429388, -0.000802763039246, -0.000516875239555, 0.000607074936852, -7.77065652073e-05, -0.000870731309988, 0.000243687740294, 0.000211590027902, -0.000485112192109], [-0.000129348001792, 0.000114933813165, -0.000452873704489, -7.77647946961e-05, -0.000802763039246, 0.00541979586706, -0.00111144431867, -0.00141122203786, 0.00012476023403, -0.000495196960401, -0.00166128762066, 0.000440214847913, 1.16264618555e-06], [9.34980344027e-05, -0.000292704498861, -6.85702470946e-05, -0.000288640876533, -0.000516875239555, -0.00111144431867, 0.00453232694417, -0.000844309804961, -0.00149348238483, 7.56913796067e-05, 0.000961547426414, -0.000723463133909, -0.000313334021484], [-2.33854134422e-05, -0.000178915521246, -0.000685868260916, 0.000174782544491, 0.000607074936852, -0.00141122203786, -0.000844309804961, 0.00608965661377, -0.00169134116732, -0.0004005683586, 0.000946716463659, -0.000897749501746, -0.000839582877234], [-2.7454384508e-06, -0.000172946791281, -7.16274225852e-05, -0.000317268772051, -7.77065652073e-05, 0.00012476023403, -0.00149348238483, -0.00169134116732, 0.00630517723039, -0.000879751925822, -0.00160017760936, 0.00108102650847, 0.000273484911304], [-0.000177340582013, 4.01612896894e-06, 9.22997696762e-06, 5.48726056877e-05, -0.000870731309988, -0.000495196960401, 7.56913796067e-05, -0.0004005683586, -0.000879751925822, 0.00749183306471, -0.0027415335644, -0.00200617453083, 0.00148168404121], [0.000241558984271, -5.01203248859e-05, -0.000408855470596, 0.00060215825215, 0.000243687740294, -0.00166128762066, 0.000961547426414, 0.000946716463659, -0.00160017760936, -0.0027415335644, 0.00982382986695, -0.00266220723279, -0.000696343078744], [-0.000199624570087, -3.91199955629e-06, -6.88730724505e-05, 0.00017129869957, 0.000211590027902, 0.000440214847913, -0.000723463133909, -0.000897749501746, 0.00108102650847, -0.00200617453083, -0.00266220723279, 0.00988448876888, -0.0026946705766], [1.62092728715e-05, -0.000123472287669, -0.000380270008463, -7.09546366124e-05, -0.000485112192109, 1.16264618555e-06, -0.000313334021484, -0.000839582877234, 0.000273484911304, 0.00148168404121, -0.000696343078744, -0.0026946705766, 0.0105950692669]], "mean": [-718.084960938, 136.048736572, -8.30833721161, 38.9057235718, -6.95732498169, 7.01225280762, -2.86560058594, 1.05697250366, -2.04607629776, 5.76279973984, -4.83455562592, 0.587679922581, -4.65117406845]}, "pitch_salience": {"dmean": 0.0967191681266, "dmean2": 0.157647877932, "dvar": 0.00725911743939, "dvar2": 0.0177890248597, "max": 0.911181986332, "mean": 0.469992488623, "median": 0.4682944417, "min": 0.0220589861274, "var": 0.0192208010703}, "silence_rate_20dB": {"dmean": 0, "dmean2": 0, "dvar": 0, "dvar2": 0, "max": 1, "mean": 1, "median": 1, "min": 1, "var": 0}, "silence_rate_30dB": {"dmean": 0.03404828161, "dmean2": 0.0681031197309, "dvar": 0.0328893922269, "dvar2": 0.0819340199232, "max": 1, "mean": 0.97182148695, "median": 1, "min": 0, "var": 0.0273840036243}, "silence_rate_60dB": {"dmean": 0.070020198822, "dmean2": 0.140053868294, "dvar": 0.0651157647371, "dvar2": 0.138526469469, "max": 1, "mean": 0.149932682514, "median": 0, "min": 0, "var": 0.127444803715}, "spectral_centroid": {"dmean": 380.412017822, "dmean2": 575.126525879, "dvar": 225010.65625, "dvar2": 458663.0625, "max": 11886.3017578, "mean": 1180.91040039, "median": 887.536621094, "min": 130.811050415, "var": 1449128.25}, "spectral_complexity": {"dmean": 3.76666355133, "dmean2": 5.14851856232, "dvar": 24.2685565948, "dvar2": 34.2978477478, "max": 59, "mean": 11.4790344238, "median": 9, "min": 0, "var": 93.5174789429}, "spectral_contrast_coeffs": {"dmean": [0.071133762598, 0.0587012208998, 0.0469377674162, 0.0379355438054, 0.0289884358644, 0.0282353498042], "dmean2": [0.117188215256, 0.0899140238762, 0.070235028863, 0.0571188479662, 0.0435502938926, 0.0413078069687], "dvar": [0.00380862504244, 0.00277109956369, 0.00170943140984, 0.0011311158305, 0.000730552477762, 0.000621326966211], "dvar2": [0.00966311618686, 0.0057734483853, 0.00350833730772, 0.00235229753889, 0.00149070820771, 0.00131619151216], "max": [-0.174564242363, -0.291660070419, -0.417196840048, -0.493710309267, -0.523452937603, -0.464581668377], "mean": [-0.582364141941, -0.709160804749, -0.754488348961, -0.783028304577, -0.800091147423, -0.720937073231], "median": [-0.592038571835, -0.717927455902, -0.765290260315, -0.791463851929, -0.807435810566, -0.720933437347], "min": [-0.986086547375, -0.974429786205, -0.97935205698, -0.972140789032, -0.968277513981, -0.963352918625], "var": [0.0132091352716, 0.011583735235, 0.0088995359838, 0.00499227643013, 0.00324530387297, 0.00371798151173]}, "spectral_contrast_valleys": {"dmean": [0.497444719076, 0.472245305777, 0.471727132797, 0.412552624941, 0.406070739031, 0.497006267309], "dmean2": [0.783139824867, 0.743498384953, 0.721474647522, 0.603566110134, 0.531308412552, 0.652186274529], "dvar": [0.174450054765, 0.230933383107, 0.2303455621, 0.190576463938, 0.177550390363, 0.270920723677], "dvar2": [0.38603875041, 0.497119486332, 0.458193957806, 0.358929604292, 0.292812764645, 0.473221689463], "max": [-5.00702857971, -4.80035257339, -5.20961236954, -6.02313041687, -5.41787433624, -7.82667303085], "mean": [-8.19425868988, -7.6334862709, -8.31873893738, -8.59520721436, -8.24052429199, -11.7451305389], "median": [-8.11316490173, -7.38887071609, -8.14057445526, -8.39567184448, -8.0415763855, -11.5212526321], "min": [-28.2820243835, -28.4343967438, -27.5955467224, -27.6467647552, -27.5013542175, -27.5121765137], "var": [5.02679634094, 4.44818067551, 4.25250816345, 4.06006145477, 4.34569597244, 3.49673867226]}, "spectral_decrease": {"dmean": 3.90408549933e-09, "dmean2": 6.35479180389e-09, "dvar": 3.77006490063e-17, "dvar2": 9.33290547438e-17, "max": 2.53919273925e-23, "mean": -7.51728368442e-09, "median": -4.01581878862e-09, "min": -4.5656634029e-08, "var": 7.63912214477e-17}, "spectral_energy": {"dmean": 0.0151169747114, "dmean2": 0.0245024934411, "dvar": 0.000551656587049, "dvar2": 0.00136176054366, "max": 0.174408376217, "mean": 0.029484340921, "median": 0.0161865931004, "min": 1.00656498736e-20, "var": 0.00112804351375}, "spectral_energyband_high": {"dmean": 0.000314472417813, "dmean2": 0.000444410019554, "dvar": 7.34939362701e-07, "dvar2": 1.46556772052e-06, "max": 0.0248860642314, "mean": 0.000441856711404, "median": 0.000104826729512, "min": 6.90821342602e-21, "var": 1.33046955852e-06}, "spectral_energyband_low": {"dmean": 0.00954013224691, "dmean2": 0.0164621863514, "dvar": 0.000467264326289, "dvar2": 0.00121843477245, "max": 0.162345871329, "mean": 0.0156714841723, "median": 0.00082225818187, "min": 8.58778278339e-24, "var": 0.00085520464927}, "spectral_energyband_middle_high": {"dmean": 0.00155663315672, "dmean2": 0.00217462377623, "dvar": 7.18211686035e-06, "dvar2": 1.49598654389e-05, "max": 0.0543862245977, "mean": 0.00277844350785, "median": 0.00102659803815, "min": 1.25161887961e-21, "var": 1.7190390281e-05}, "spectral_energyband_middle_low": {"dmean": 0.00776650058106, "dmean2": 0.0124640967697, "dvar": 0.000133701323648, "dvar2": 0.000317265541526, "max": 0.112694256008, "mean": 0.0120748123154, "median": 0.00698098586872, "min": 2.02977646959e-22, "var": 0.000208318801015}, "spectral_entropy": {"dmean": 0.271623939276, "dmean2": 0.406400024891, "dvar": 0.0737093612552, "dvar2": 0.16291064024, "max": 9.82437133789, "mean": 7.17188930511, "median": 7.1942024231, "min": 4.45530509949, "var": 0.34217402339}, "spectral_flux": {"dmean": 0.0389960184693, "dmean2": 0.0616163238883, "dvar": 0.00236659753136, "dvar2": 0.0049787722528, "max": 0.373563557863, "mean": 0.0927892029285, "median": 0.0779343545437, "min": 6.25218835038e-11, "var": 0.00474439002573}, "spectral_kurtosis": {"dmean": 2.87502765656, "dmean2": 4.81015872955, "dvar": 9.84304618835, "dvar2": 25.789434433, "max": 43.9151191711, "mean": 5.11692237854, "median": 3.95726561546, "min": -1.2570759058, "var": 19.0997066498}, "spectral_rms": {"dmean": 0.00125257647596, "dmean2": 0.00191621680278, "dvar": 2.40977692556e-06, "dvar2": 5.27865950062e-06, "max": 0.0130443284288, "mean": 0.00452528335154, "median": 0.00397388963029, "min": 3.1337111725e-12, "var": 8.28716474643e-06}, "spectral_rolloff": {"dmean": 539.019042969, "dmean2": 899.768005371, "dvar": 1007632.625, "dvar2": 2082657, "max": 19487.5488281, "mean": 1259.84020996, "median": 645.99609375, "min": 43.06640625, "var": 4495892}, "spectral_skewness": {"dmean": 0.388392478228, "dmean2": 0.594887197018, "dvar": 0.130188718438, "dvar2": 0.298088997602, "max": 5.24058008194, "mean": 1.42694306374, "median": 1.36300611496, "min": -0.45318210125, "var": 0.495552867651}, "spectral_spread": {"dmean": 564363.9375, "dmean2": 852994.9375, "dvar": 605201170432, "dvar2": 1256494989310.0, "max": 42772008, "mean": 3948481.75, 