{"lowlevel": {"average_loudness": 0.912928104401, "barkbands": {"dmean": [0.000208803685382, 0.0051944074221, 0.00189972377848, 0.000658909208141, 0.00145831482951, 0.000815368723124, 0.000684800965246, 0.000502019247506, 0.000694732472766, 0.000499257293995, 0.000311940035317, 0.000412068329751, 0.000530273420736, 0.0003561276244, 0.000238815278863, 0.000239827480982, 0.000229588666116, 0.000224260831601, 0.000239383167354, 0.000244627590291, 0.000152489941684, 0.000119397074741, 7.336413546e-05, 7.41457915865e-05, 6.2198661908e-05, 7.4678187957e-05, 1.66805129993e-05], "dmean2": [0.000300788931781, 0.00814411323518, 0.00323987356387, 0.00109867251012, 0.00240596453659, 0.0013315420365, 0.00112768413965, 0.000791304337326, 0.0010577919893, 0.000765301985666, 0.000477796129417, 0.000635788193904, 0.00082236767048, 0.000560969638173, 0.000376936572138, 0.000390741770389, 0.000379161559977, 0.000366845488315, 0.000388115091482, 0.00040440185694, 0.000244137423579, 0.000179743481567, 0.000110206208774, 0.000110557710286, 9.39230667427e-05, 0.000122168494272, 2.68598651019e-05], "dvar": [2.16813731413e-07, 0.000138784685987, 2.22176622628e-05, 2.12125564758e-06, 1.19869309856e-05, 3.85942439607e-06, 3.30373040924e-06, 3.03409728986e-06, 6.37556695438e-06, 2.3695370146e-06, 1.01419357179e-06, 1.83035490409e-06, 2.14051169678e-06, 9.23353240978e-07, 3.12398213964e-07, 2.18693685383e-07, 2.04349248634e-07, 1.74709043677e-07, 2.26034813977e-07, 4.07707545946e-07, 1.26675359979e-07, 7.63167804507e-08, 3.9142335595e-08, 4.57111752894e-08, 2.07174082334e-08, 4.98373964319e-08, 2.35503172519e-09], "dvar2": [4.59503979755e-07, 0.000341860955814, 6.21364451945e-05, 5.61283923162e-06, 3.11150397465e-05, 9.82123037829e-06, 8.32973273646e-06, 7.53547419663e-06, 1.35419604703e-05, 4.88886144012e-06, 2.25081498684e-06, 3.79200218958e-06, 4.69909309686e-06, 2.0591505745e-06, 7.64875323966e-07, 5.75036096961e-07, 5.41765587059e-07, 4.51518957334e-07, 5.89082219449e-07, 1.08568747237e-06, 3.18023495538e-07, 1.80459736043e-07, 9.36489854553e-08, 1.08367920859e-07, 4.76891450774e-08, 1.28573290681e-07, 5.98420335507e-09], "max": [0.0068621202372, 0.119949623942, 0.0579620189965, 0.0261463113129, 0.0401585325599, 0.0392280742526, 0.0553796365857, 0.041538182646, 0.0509585849941, 0.0450871922076, 0.0396943353117, 0.0401714816689, 0.0557196438313, 0.0304158180952, 0.0255273226649, 0.0095771998167, 0.00800130981952, 0.00565742189065, 0.00565483933315, 0.00898711197078, 0.00565418833867, 0.00847716350108, 0.00854222290218, 0.00799317471683, 0.00582369510084, 0.0036102514714, 0.000785701908171], "mean": [0.000326970184688, 0.00676995702088, 0.00218949723057, 0.000807894160971, 0.00168544903863, 0.00116936652921, 0.000912593794055, 0.000689542328473, 0.00114234897774, 0.000817802036181, 0.000472334591905, 0.000664943130687, 0.000985339516774, 0.000521923066117, 0.000371313915821, 0.000383707403671, 0.000364791398169, 0.000371882866602, 0.000391240231693, 0.000357687124051, 0.000249364122283, 0.000222949223826, 0.000129395833937, 0.000122512676171, 0.000101556404843, 8.08498807601e-05, 1.73067928699e-05], "median": [4.79320005979e-05, 0.00286992406473, 0.000565796799492, 0.000186450008187, 0.000404053251259, 0.000348227389622, 0.000219544730498, 0.000126750499476, 0.000198839756195, 0.000139700685395, 9.3920614745e-05, 0.000122126977658, 0.000165811172337, 9.59325989243e-05, 8.04426745162e-05, 7.92849314166e-05, 7.89857731434e-05, 9.73264322965e-05, 9.14214906516e-05, 8.02498980192e-05, 6.41887818347e-05, 6.87392894179e-05, 3.91241592297e-05, 3.44157015206e-05, 3.28043315676e-05, 2.22558610403e-05, 3.94258222514e-06], "min": [3.62313706488e-25, 1.67533190898e-24, 8.10395131604e-25, 2.25100256292e-24, 9.16446061549e-24, 9.93589873876e-24, 6.52371718083e-24, 6.07628119185e-24, 1.8687064082e-23, 1.18307142341e-23, 1.40427149222e-23, 2.50923038212e-23, 3.94505520614e-23, 3.21909554515e-23, 5.20505981602e-23, 5.46282390333e-23, 6.33721626334e-23, 9.20622701389e-23, 1.15484339276e-22, 1.28903633202e-22, 2.38888362413e-22, 2.82612839796e-22, 3.90783062707e-22, 5.11866370657e-22, 8.3022947791e-22, 1.33838661197e-21, 1.9041259473e-21], "var": [4.52593582168e-07, 0.000141236989293, 1.81910854735e-05, 2.53993607657e-06, 1.26554832605e-05, 6.18823423792e-06, 4.60957153336e-06, 4.02194200433e-06, 1.44122168422e-05, 6.05497280048e-06, 2.1323621695e-06, 4.79945629195e-06, 9.8359569165e-06, 1.64104483247e-06, 5.71621797008e-07, 4.58395334135e-07, 4.32125318639e-07, 3.57353258096e-07, 3.97953130005e-07, 4.54356154478e-07, 1.80370278713e-07, 1.39571866953e-07, 5.83097623519e-08, 6.23319422743e-08, 3.42699166822e-08, 4.53316140181e-08, 2.22306817399e-09]}, "barkbands_crest": {"dmean": 2.86636281013, "dmean2": 4.5860285759, "dvar": 8.544921875, "dvar2": 20.9231300354, "max": 26.6491584778, "mean": 11.2360172272, "median": 10.4058551788, "min": 2.06781864166, "var": 29.173538208}, "barkbands_flatness_db": {"dmean": 0.0272539332509, "dmean2": 0.0409762337804, "dvar": 0.00100536795799, "dvar2": 0.00211502914317, "max": 0.504268527031, "mean": 0.133880868554, "median": 0.121819928288, "min": 0.0158962309361, "var": 0.00575609179214}, "barkbands_kurtosis": {"dmean": 7.64302158356, "dmean2": 12.1040754318, "dvar": 525.326599121, "dvar2": 1249.29248047, "max": 569.138549805, "mean": 10.3706893921, "median": 1.61636018753, "min": -1.96780896187, "var": 861.32244873}, "barkbands_skewness": {"dmean": 0.834913313389, "dmean2": 1.2639118433, "dvar": 1.40457379818, "dvar2": 3.1760661602, "max": 21.9587993622, "mean": 1.77016353607, "median": 1.18034994602, "min": -3.72297716141, "var": 5.02856206894}, "barkbands_spread": {"dmean": 8.17175292969, "dmean2": 13.0921983719, "dvar": 150.069320679, "dvar2": 360.840362549, "max": 135.638092041, "mean": 26.0201759338, "median": 22.8061637878, "min": 0.383059740067, "var": 328.725769043}, "dissonance": {"dmean": 0.0212214812636, "dmean2": 0.0355978384614, "dvar": 0.000742888834793, "dvar2": 0.00195331685245, "max": 0.500000059605, "mean": 0.462640494108, "median": 0.47717833519, "min": 0, "var": 0.00162903941236}, "dynamic_complexity": 4.27686548233, "erbbands": {"dmean": [0.157848984003, 1.19180929661, 2.34291553497, 2.03476715088, 4.2044839859, 4.62826442719, 5.25078868866, 7.37636423111, 9.00699615479, 10.5168933868, 10.7615480423, 16.4690189362, 15.1340932846, 13.3017911911, 12.524225235, 16.7137718201, 20.8301448822, 19.3948860168, 14.0872535706, 11.1702060699, 10.718454361, 12.5012712479, 13.5371923447, 9.76787471771, 13.9735898972, 9.74686908722, 8.81188678741, 5.11519575119, 4.25373077393, 3.681245327, 1.89541530609, 1.71677529812, 1.04923868179, 0.684286892414, 0.471043616533, 0.26091298461, 0.182354807854, 0.0228156782687, 0.00329497479834, 0.000157704023877], "dmean2": [0.236901193857, 1.93606114388, 4.02320814133, 3.33169341087, 7.19019889832, 7.58940887451, 8.3779335022, 12.0284776688, 14.582783699, 17.2764854431, 16.7332820892, 24.9481506348, 22.616941452, 19.9495849609, 18.9960918427, 25.1140422821, 31.5988197327, 29.8032035828, 21.8287715912, 17.7560882568, 17.3572463989, 20.5771789551, 22.0079345703, 15.8064584732, 22.941947937, 15.8041086197, 14.6711091995, 8.00573348999, 6.40715742111, 5.63307142258, 2.87077188492, 2.57884883881, 1.55904340744, 1.0324678421, 0.723026633263, 0.421421587467, 0.301453232765, 0.0368270985782, 0.00533028878272, 0.000254750921158], "dvar": [0.114185124636, 8.18939208984, 35.8735771179, 17.2418117523, 143.211456299, 115.212165833, 150.334335327, 361.02053833, 549.300720215, 947.436279297, 1643.53601074, 3842.33544922, 2237.65600586, 1617.2701416, 1423.13916016, 3009.49853516, 3333.52978516, 2383.73876953, 1035.09155273, 534.447570801, 386.635009766, 647.858520508, 644.874084473, 338.353515625, 1000.34692383, 606.215515137, 564.967285156, 130.548141479, 85.06199646, 104.473518372, 26.118894577, 23.6079998016, 8.13313102722, 2.95114445686, 1.12567865849, 0.351994216442, 0.465381294489, 0.00326228234917, 0.000113599038741, 2.58602511849e-07], "dvar2": [0.266957730055, 21.2522163391, 100.317855835, 44.5559806824, 388.210174561, 289.119262695, 366.52331543, 927.321594238, 1342.70495605, 2409.58837891, 3982.10717773, 8538.81152344, 4426.84521484, 3194.44091797, 3010.25268555, 6216.81591797, 6892.46777344, 5152.29003906, 2447.83422852, 1336.31384277, 997.612976074, 1695.15856934, 1674.1550293, 860.583679199, 2660.6875, 1579.38464355, 1505.71826172, 323.510650635, 198.42300415, 260.435791016, 61.7098999023, 55.7369117737, 19.1150894165, 7.05615377426, 2.56276583672, 0.890965759754, 1.21836817265, 0.00825458019972, 0.000292581768008, 6.64080971546e-07], "max": [3.65077400208, 29.7365932465, 65.5623245239, 53.780506134, 130.480651855, 197.566604614, 293.599456787, 479.048095703, 686.155761719, 1016.34838867, 937.044250488, 1460.89916992, 1507.99829102, 1917.99316406, 1301.34399414, 1997.06396484, 2637.41088867, 1793.00158691, 724.518737793, 783.219726562, 353.537322998, 522.918029785, 337.309234619, 325.684417725, 493.720092773, 409.59487915, 300.733825684, 205.178115845, 313.107940674, 343.972503662, 227.89743042, 166.141220093, 114.76373291, 70.9655075073, 33.4324035645, 10.6612510681, 11.8261547089, 0.914405047894, 0.157050833106, 0.00827740039676], "mean": [0.21517854929, 1.42441785336, 2.64666223526, 2.73831987381, 4.14246988297, 5.65104818344, 7.40158510208, 10.4941654205, 12.8733654022, 14.2424201965, 15.2572698593, 26.5459365845, 26.2778816223, 22.3810443878, 21.8376636505, 29.4014797211, 41.1279563904, 33.1047058105, 23.6391048431, 19.6496315002, 18.5381298065, 20.7441482544, 23.6033763885, 17.090051651, 21.2397079468, 15.0812616348, 12.9321632385, 9.09231567383, 7.80220842361, 6.66109514236, 3.27360057831, 2.75641703606, 1.80059123039, 1.16531300545, 0.705070853233, 0.322620123625, 0.180032670498, 0.0250376500189, 0.00335061573423, 0.000170825791429], "median": [0.078312292695, 0.610109984875, 0.91714990139, 0.82478839159, 0.912607133389, 1.293384552, 2.2050306797, 3.03238153458, 3.70837116241, 3.13650774956, 3.76050233841, 5.13341093063, 5.57075691223, 5.20487213135, 5.42516374588, 6.28650093079, 8.50762271881, 8.9332485199, 6.42625570297, 5.3795208931, 4.59527397156, 4.99421215057, 6.02141094208, 4.29052305222, 4.75783967972, 3.61643195152, 2.81110453606, 2.55294179916, 2.43341302872, 1.95520198345, 0.978427231312, 0.736566126347, 0.526699483395, 0.380238980055, 0.216616913676, 0.0969836041331, 0.0403471030295, 0.00603982480243, 0.00073401874397, 5.35648941877e-05], "min": [5.03254571792e-23, 4.11111768421e-22, 2.18547297457e-21, 6.94319896541e-21, 1.49981900664e-20, 3.71960309375e-20, 5.30678562089e-20, 1.21541137071e-19, 1.25482691464e-19, 1.04441756383e-19, 2.6385844034e-19, 4.00891584609e-19, 4.62566998262e-19, 5.2232945335e-19, 1.20184989966e-18, 1.38553559104e-18, 1.76884446945e-18, 1.80892716039e-18, 2.87666843869e-18, 3.03388011116e-18, 3.52004600361e-18, 4.04155194697e-18, 4.98883298061e-18, 6.80216797969e-18, 6.92443023731e-18, 5.82883117034e-18, 9.3550107182e-18, 1.04242268595e-17, 1.14547979498e-17, 9.89286754072e-18, 1.05659468867e-17, 1.07151082307e-17, 7.72619944785e-18, 7.88253906517e-18, 6.31453715037e-18, 4.25206486337e-18, 2.3248372269e-18, 9.67280296299e-19, 2.53133345764e-19, 2.81820854749e-20], "var": [0.140295818448, 7.1394071579, 27.1740512848, 21.4400234222, 109.522537231, 152.570663452, 256.709503174, 570.808105469, 923.92199707, 1320.00805664, 2118.72949219, 7868.66650391, 6542.46533203, 4293.47167969, 3636.38256836, 8658.02832031, 15612.2255859, 6253.52441406, 2084.49267578, 1182.80395508, 882.796142578, 1393.58435059, 1435.09851074, 748.139831543, 1351.8104248, 739.914855957, 605.864318848, 215.414733887, 161.03326416, 156.915588379, 37.2491569519, 32.1769180298, 11.8970174789, 4.51549100876, 1.783618927, 0.378162503242, 0.387441277504, 0.00323981442489, 0.000102144374978, 2.32496120134e-07]}, "erbbands_crest": {"dmean": 2.57603931427, "dmean2": 4.11436033249, "dvar": 7.55838394165, "dvar2": 17.5200576782, "max": 34.0963897705, "mean": 8.94662761688, "median": 7.05524349213, "min": 2.16855740547, "var": 31.2687320709}, "erbbands_flatness_db": {"dmean": 0.0225110575557, "dmean2": 0.0323343351483, "dvar": 0.000593584321905, "dvar2": 0.00111654854845, "max": 0.451782971621, "mean": 0.136516883969, "median": 0.122546434402, "min": 0.0228788256645, "var": 0.00342654203996}, "erbbands_kurtosis": {"dmean": 1.70396769047, "dmean2": 2.6570391655, "dvar": 13.1056108475, "dvar2": 28.0998935699, "max": 115.318191528, "mean": 1.78099453449, "median": 0.0938901901245, "min": -1.8971991539, "var": 37.9103012085}, "erbbands_skewness": {"dmean": 0.471142739058, "dmean2": 0.727240085602, "dvar": 0.318594455719, "dvar2": 0.739290475845, "max": 8.09517288208, "mean": 0.376695126295, "median": 0.13476370275, "min": -3.80346345901, "var": 1.15126717091}, "erbbands_spread": {"dmean": 11.9343042374, "dmean2": 18.7169818878, "dvar": 287.206634521, "dvar2": 700.693969727, "max": 203.21333313, "mean": 42.4040031433, "median": 35.5282554626, "min": 0.605266094208, "var": 790.87713623}, "gfcc": {"cov": [[32016.4101562, 724.713256836, -3081.77490234, 489.285858154, -808.75982666, 72.6514968872, -573.480407715, 409.478515625, -282.773773193, 394.927734375, -259.754821777, 117.649131775, -300.544219971], [724.713256836, 1723.12817383, 456.641113281, -2.43306159973, 21.5909042358, 59.3631286621, 59.6459007263, 11.4948835373, 24.0156650543, -48.9986457825, 45.4078216553, -16.0585670471, 66.7448348999], [-3081.77490234, 456.641113281, 2194.46972656, 425.418395996, 328.144775391, 130.525344849, 149.934799194, 1.28774666786, 73.6185455322, -17.1611824036, -8.75106239319, 26.1174411774, 17.6047897339], [489.285858154, -2.43306159973, 425.418395996, 682.315612793, 244.978164673, 34.3958435059, 8.34337425232, 39.9550361633, 39.2616615295, 17.4415187836, -10.7739257812, -18.6530590057, -19.2387962341], [-808.75982666, 21.5909042358, 328.144775391, 244.978164673, 389.700744629, 123.102775574, 119.707550049, 18.3806381226, 55.1565246582, 31.948589325, 16.9776248932, -6.00391340256, -11.0943117142], [72.6514968872, 59.3631286621, 130.525344849, 34.3958435059, 123.102775574, 286.345947266, 173.377655029, 37.1761932373, 10.0913686752, 45.8400917053, 13.4217681885, 2.33999896049, -18.5111923218], [-573.480407715, 59.6459007263, 149.934799194, 8.34337425232, 119.707550049, 173.377655029, 265.550476074, 77.2141418457, 34.2869758606, 23.5806274414, 20.7938594818, 0.0188088063151, -6.13740110397], [409.478515625, 11.4948835373, 1.28774666786, 39.9550361633, 18.3806381226, 37.1761932373, 77.2141418457, 140.094665527, 64.7706298828, 21.7244262695, -6.22522878647, 8.22642326355, 2.97705101967], [-282.773773193, 24.0156650543, 73.6185455322, 39.2616615295, 55.1565246582, 10.0913686752, 34.2869758606, 64.7706298828, 129.068710327, 41.9965705872, -1.590280056, -1.84429395199, 15.5854291916], [394.927734375, -48.9986457825, -17.1611824036, 17.4415187836, 31.948589325, 45.8400917053, 23.5806274414, 21.7244262695, 41.9965705872, 106.071166992, 38.6916656494, 15.3234357834, -1.42150700092], [-259.754821777, 45.4078216553, -8.75106239319, -10.7739257812, 16.9776248932, 13.4217681885, 20.7938594818, -6.22522878647, -1.590280056, 38.6916656494, 94.8909225464, 31.0567245483, 6.46949672699], [117.649131775, -16.0585670471, 26.1174411774, -18.6530590057, -6.00391340256, 2.33999896049, 0.0188088063151, 8.22642326355, -1.84429395199, 15.3234357834, 31.0567245483, 78.9381027222, 25.5822677612], [-300.544219971, 66.7448348999, 17.6047897339, -19.2387962341, -11.0943117142, -18.5111923218, -6.13740110397, 2.97705101967, 15.5854291916, -1.42150700092, 6.46949672699, 25.5822677612, 77.0706176758]], "icov": [[7.9380304669e-05, -0.00012471183436, 0.000128710860736, -0.000157997375936, 0.00011720990733, -7.94805237092e-05, 0.000194003543584, -0.000328875001287, 0.000382987142075, -0.00056968186982, 0.000538345426321, -0.000390658591641, 0.000371174886823], [-0.00012471183436, 0.000899033388123, -0.000364583393093, 0.000313502008794, -7.23541088519e-05, -0.000170861734659, -0.000171508494532, 0.000346310989698, -0.000755249755457, 0.0015266679693, -0.00163654144853, 0.0012737410143, -0.00128639349714], [0.000128710860736, -0.000364583393093, 0.00084340502508, -0.000595894525759, -1.84788132174e-05, -0.000133974244818, -4.74933804071e-05, -2.46190688813e-06, 0.000215290507185, -0.000675547227729, 0.00120951619465, -0.00124774908181, 0.000694369839039], [-0.000157997375936, 0.000313502008794, -0.000595894525759, 0.00257933908142, -0.00170208653435, 0.000209577105124, 0.000687806634232, -0.000674254551996, -0.000186257064342, 0.000860716099851, -0.00106128095649, 0.00147016032133, -0.000566867820453], [0.00011720990733, -7.23541088519e-05, -1.84788132174e-05, -0.00170208653435, 0.00482099456713, -0.00108518148772, -0.00125729921274, 0.00125119765289, -0.00139554357156, -0.000559199426789, 0.000142332733958, -0.000566399889067, 0.000831907673273], [-7.94805237092e-05, -0.000170861734659, -0.000133974244818, 0.000209577105124, -0.00108518148772, 0.00695658521727, -0.00434994744137, 0.000724744284526, 0.00135553476866, -0.00262889871374, 0.00125505833421, -0.000384017446777, 0.000760712078772], [0.000194003543584, -0.000171508494532, -4.74933804071e-05, 0.000687806634232, -0.00125729921274, -0.00434994744137, 0.00904089957476, -0.00509319175035, 0.00118688400835, 0.000208267359994, -0.00111355597619, 0.000712108623702, 0.000399453419959], [-0.000328875001287, 0.000346310989698, -2.46190688813e-06, -0.000674254551996, 0.00125119765289, 0.000724744284526, -0.00509319175035, 0.0139442784712, -0.00754322111607, 0.00227490300313, 2.19905869017e-05, -0.00151456426829, -0.000271923781838], [0.000382987142075, -0.000755249755457, 0.000215290507185, -0.000186257064342, -0.00139554357156, 0.00135553476866, 0.00118688400835, -0.00754322111607, 0.0155807407573, -0.00843344349414, 0.00433126091957, 0.000510714482516, -0.00127695931587], [-0.00056968186982, 0.0015266679693, -0.000675547227729, 0.000860716099851, -0.000559199426789, -0.00262889871374, 0.000208267359994, 0.00227490300313, -0.00843344349414, 0.0195987354964, -0.0103522660211, 0.00200274726376, -0.00168656161986], [0.000538345426321, -0.00163654144853, 0.00120951619465, -0.00106128095649, 0.000142332733958, 0.00125505833421, -0.00111355597619, 2.19905869017e-05, 0.00433126091957, -0.0103522660211, 0.0196861419827, -0.00852430611849, 0.00331798847765], [-0.000390658591641, 0.0012737410143, -0.00124774908181, 0.00147016032133, -0.000566399889067, -0.000384017446777, 0.000712108623702, -0.00151456426829, 0.000510714482516, 0.00200274726376, -0.00852430611849, 0.0199692193419, -0.00801227614284], [0.000371174886823, -0.00128639349714, 0.000694369839039, -0.000566867820453, 0.000831907673273, 0.000760712078772, 0.000399453419959, -0.000271923781838, -0.00127695931587, -0.00168656161986, 0.00331798847765, -0.00801227614284, 0.0181893929839]], "mean": [-39.9515953064, 58.321308136, -96.3061981201, 29.4718647003, -48.61977005, 18.792427063, -27.8258724213, 11.1850967407, -20.415222168, 10.0555820465, -12.5665206909, 5.25673532486, -12.2717056274]}, "hfc": {"dmean": 8.51516246796, "dmean2": 12.4184713364, "dvar": 289.608428955, "dvar2": 674.645080566, "max": 351.634277344, "mean": 20.5024051666, "median": 12.1797323227, "min": 1.08745590397e-16, "var": 629.305480957}, "melbands": {"dmean": [0.00142316892743, 0.00133267382625, 0.000398407719331, 0.000344381376635, 0.000178887959919, 0.000162390671903, 0.000137077091495, 0.000112774854642, 9.27172950469e-05, 0.000106456311187, 7.90247868281e-05, 5.77723949391e-05, 3.98120173486e-05, 4.31743646914e-05, 4.70348495583e-05, 5.40033070138e-05, 3.68922592315e-05, 2.53605794569e-05, 1.73985863512e-05, 1.9368586436e-05, 1.10926512207e-05, 1.33132243718e-05, 1.42707785926e-05, 1.05886629171e-05, 8.38528649183e-06, 9.57005340751e-06, 9.13633721211e-06, 6.8599970291e-06, 7.02279157849e-06, 4.19959314968e-06, 2.63808487944e-06, 2.45154501499e-06, 2.54748329098e-06, 1.87924865713e-06, 1.16519902349e-06, 9.48030958625e-07, 1.19428636935e-06, 8.52335460877e-07, 5.91751302181e-07, 5.94125140196e-07], "dmean2": [0.00218249671161, 0.00221920479089, 0.00065252155764, 0.000580636376981, 0.00028275794466, 0.000264727277681, 0.000223151480895, 0.00018362874107, 0.000143950834172, 0.00016081125068, 0.000118576208479, 8.69159412105e-05, 6.0823669628e-05, 6.47171691526e-05, 7.13723929948e-05, 8.27462863526e-05, 5.69900548726e-05, 3.94190356019e-05, 2.74163357972e-05, 3.15547258651e-05, 1.80644092325e-05, 2.21552054427e-05, 2.33535683947e-05, 1.7275702703e-05, 1.37692459248e-05, 1.56218520715e-05, 1.49679526658e-05, 1.12469206215e-05, 1.19407686725e-05, 6.79942922943e-06, 4.12554072682e-06, 3.75493891625e-06, 3.95423876398e-06, 2.93045354738e-06, 1.8075047592e-06, 1.45910837546e-06, 1.81492100637e-06, 1.28257897813e-06, 9.12769849037e-07, 9.09287791728e-07], "dvar": [9.70872042672e-06, 1.08029034891e-05, 7.07914864506e-07, 7.7975187196e-07, 1.50910025809e-07, 1.61627355055e-07, 1.23127747997e-07, 1.12022327414e-07, 1.35044814442e-07, 1.60085448897e-07, 6.053954138e-08, 3.08933252313e-08, 1.46382905797e-08, 1.94169302858e-08, 2.11240980263e-08, 2.32525501076e-08, 9.01383856444e-09, 4.08033962174e-09, 2.232332319e-09, 1.51214185617e-09, 3.99377281246e-10, 7.63068275234e-10, 8.44577074943e-10, 4.08116845874e-10, 2.62269567175e-10, 4.0942221835e-10, 4.86590545634e-10, 3.03044839223e-10, 3.95449978319e-10, 9.41371078311e-11, 3.29092898765e-11, 2.55238365165e-11, 4.85687219609e-11, 2.8398694854e-11, 1.03803163981e-11, 5.39062544602e-12, 1.38955982137e-11, 5.67433166426e-12, 2.50554199784e-12, 2.36349394916e-12], "dvar2": [2.318974839e-05, 2.91700180242e-05, 1.82037513241e-06, 2.07796961149e-06, 3.58952519264e-07, 4.12695300156e-07, 3.0327223044e-07, 2.83139172552e-07, 3.30671952042e-07, 3.44134946317e-07, 1.19648234431e-07, 6.1542912988e-08, 3.18689146184e-08, 3.93768431195e-08, 4.39528449192e-08, 5.00005548076e-08, 1.93216891375e-08, 9.38457134225e-09, 5.56552182118e-09, 3.99748589786e-09, 1.02800845614e-09, 1.99103666887e-09, 2.18976614619e-09, 1.06309927528e-09, 6.80226486249e-10, 1.08159248224e-09, 1.28144006517e-09, 8.02259148003e-10, 1.08582254299e-09, 2.4041893476e-10, 8.16066381137e-11, 6.01884722617e-11, 1.18952694916e-10, 7.21099985279e-11, 2.51500487103e-11, 1.27547850753e-11, 3.33672291186e-11, 1.34113987277e-11, 6.28189991345e-12, 5.77698175755e-12], "max": [0.0325599871576, 0.0350203514099, 0.0110704358667, 0.0106700118631, 0.00810062326491, 0.00936325266957, 0.0106969224289, 0.00918711256236, 0.0090074846521, 0.00936341658235, 0.00764115247875, 0.00761123839766, 0.0035222270526, 0.00391932856292, 0.00455684075132, 0.00693560112268, 0.00298361317255, 0.00189967406914, 0.00249568000436, 0.000803554721642, 0.000263554189587, 0.000626677123364, 0.000521803158335, 0.00036911672214, 0.000327888061292, 0.000255298306001, 0.000500372960232, 0.000255607214058, 0.000220156071009, 0.000137218623422, 0.00013220103574, 0.000193922009203, 0.000154116060003, 0.000197749657673, 0.000146763966768, 6.86810162733e-05, 0.000120617267385, 7.12608743925e-05, 8.58239654917e-05, 7.54490101826e-05], "mean": [0.00191243144218, 0.00159651599824, 0.000518582353834, 0.000366405234672, 0.000260567001533, 0.000234244595049, 0.000192291918211, 0.000153102446347, 0.000126295301015, 0.000174192784471, 0.000132448825752, 9.3461938377e-05, 6.52537273709e-05, 6.89455555403e-05, 8.61707958393e-05, 9.80974655249e-05, 5.68488430872e-05, 3.94025773858e-05, 2.69396387012e-05, 3.10910545522e-05, 1.82159128599e-05, 2.05696378544e-05, 2.34064063989e-05, 1.74519354914e-05, 1.33646772156e-05, 1.43507813846e-05, 1.33140629259e-05, 9.78662501439e-06, 9.28563076741e-06, 6.4463633862e-06, 4.65488756163e-06, 4.41383281213e-06, 4.17746514358e-06, 3.35481172442e-06, 1.87253226613e-06, 1.56308681198e-06, 1.77808146873e-06, 1.36442895382e-06, 1.02332035112e-06, 9.58448367783e-07], "median": [0.000777158071287, 0.00067245127866, 0.000155322020873, 8.57275736053e-05, 7.9110810475e-05, 7.00376403984e-05, 5.27618576598e-05, 2.98685608868e-05, 2.76974951703e-05, 2.92144486593e-05, 2.51733472396e-05, 1.72484506038e-05, 1.40093252412e-05, 1.37976330734e-05, 1.31029273689e-05, 1.44333698699e-05, 1.22872052088e-05, 8.59328702063e-06, 5.79037032367e-06, 6.10550023339e-06, 4.44067973149e-06, 4.29923329648e-06, 5.23413018527e-06, 4.31713806393e-06, 2.85229975816e-06, 3.1980202948e-06, 2.77857429865e-06, 2.09277845897e-06, 1.67834559761e-06, 1.5951873138e-06, 1.28241401853e-06, 1.31573995077e-06, 1.27615339807e-06, 9.56910298555e-07, 5.41202382465e-07, 4.52653182492e-07, 4.28033018807e-07, 3.65821449577e-07, 3.32903084654e-07, 3.04491152292e-07], "min": [6.16529901741e-25, 5.18738710321e-25, 1.55736643807e-24, 1.97130522366e-24, 1.72533247695e-24, 2.6660773082e-24, 2.51218277294e-24, 1.09757353465e-24, 2.7115241766e-24, 2.51249200641e-24, 2.13387486229e-24, 1.75717346688e-24, 2.05166510356e-24, 3.01999896447e-24, 3.22847557463e-24, 2.75843102932e-24, 2.73304686589e-24, 3.8953008811e-24, 3.47264932404e-24, 3.52589704071e-24, 3.55271555048e-24, 3.42414542242e-24, 2.80139259143e-24, 3.73884175904e-24, 4.42721125126e-24, 4.22742118296e-24, 4.40582720427e-24, 3.42332776809e-24, 4.66977651329e-24, 3.9546429427e-24, 4.388726672e-24, 5.26109323721e-24, 4.24289035088e-24, 4.56550172339e-24, 4.28313566769e-24, 5.02008991977e-24, 5.99848727925e-24, 4.44174206914e-24, 5.51808715962e-24, 5.65196079954e-24], "var": [1.08532931336e-05, 8.80161405803e-06, 8.03746047495e-07, 6.88547174832e-07, 2.88637920676e-07, 2.63582506932e-07, 1.96291210841e-07, 1.61694799772e-07, 1.66658153944e-07, 3.7098948269e-07, 1.72846995383e-07, 7.87339757835e-08, 3.43337518416e-08, 4.57690134681e-08, 8.74383871974e-08, 1.126334368e-07, 1.95644442869e-08, 7.71307728797e-09, 3.67235641896e-09, 3.19396065152e-09, 8.63084714808e-10, 1.5811250087e-09, 1.73343439602e-09, 8.38951130788e-10, 5.44896960886e-10, 6.01734440053e-10, 6.1863114631e-10, 3.50979578734e-10, 3.71315533876e-10, 1.31594929398e-10, 5.65401336861e-11, 4.94269833395e-11, 6.87488468931e-11, 4.10769473991e-11, 1.34105686625e-11, 8.04966596851e-12, 1.71303179974e-11, 7.93643709779e-12, 3.29429452467e-12, 3.45256223784e-12]}, "melbands_crest": {"dmean": 3.31295013428, "dmean2": 5.16445636749, "dvar": 10.8769664764, "dvar2": 25.5844326019, "max": 39.4408454895, "mean": 15.5378580093, "median": 14.6671075821, "min": 1.53460991383, "var": 43.4877471924}, "melbands_flatness_db": {"dmean": 0.0332730524242, "dmean2": 0.0498710870743, "dvar": 0.00155852036551, "dvar2": 0.00328677799553, "max": 0.646365940571, "mean": 0.202998802066, "median": 0.193876847625, "min": 0.00269123958424, "var": 0.0103179505095}, "melbands_kurtosis": {"dmean": 19.8331317902, "dmean2": 31.5627155304, "dvar": 3505.41333008, "dvar2": 8250.53125, "max": 1488.61950684, "mean": 33.3020591736, "median": 6.43162918091, "min": -1.83663332462, "var": 8069.33203125}, "melbands_skewness": {"dmean": 1.15293085575, "dmean2": 1.74766230583, "dvar": 2.84780955315, "dvar2": 6.46718931198, "max": 31.1086845398, "mean": 3.20088291168, "median": 2.18688797951, "min": -3.83651733398, "var": 11.9364490509}, "melbands_spread": {"dmean": 8.58829593658, "dmean2": 13.4379396439, "dvar": 158.583007812, "dvar2": 357.377075195, "max": 244.641067505, "mean": 28.9847106934, "median": 22.0992469788, "min": 0.239042714238, "var": 680.719360352}, "mfcc": {"cov": [[15483.5166016, 215.535736084, -1618.28662109, 239.894561768, -132.663787842, -209.949127197, -132.375656128, -82.9448852539, 56.4766654968, 107.319740295, 44.0003662109, 78.3569030762, 18.546667099], [215.535736084, 1727.36706543, 565.421386719, 21.4594669342, 68.7352828979, 65.2375106812, 75.0469970703, 78.1428451538, 26.0421829224, -1.93412423134, 42.566242218, -53.0945091248, 10.3909797668], [-1618.28662109, 565.421386719, 1436.79064941, 376.663330078, 276.601806641, 184.083435059, 118.849754333, 104.143157959, 71.5517501831, 22.9657726288, 39.9996528625, 7.83522939682, 0.956211149693], [239.894561768, 21.4594669342, 376.663330078, 569.637145996, 278.198272705, 99.0792007446, 47.9126663208, 42.0769119263, 60.0046157837, 42.197353363, 6.25739479065, 45.2934951782, 33.7557144165], [-132.663787842, 68.7352828979, 276.601806641, 278.198272705, 306.14251709, 128.206115723, 40.1933250427, 31.6244239807, 46.862033844, 32.6746482849, 20.5282230377, 25.3127002716, 23.9314994812], [-209.949127197, 65.2375106812, 184.083435059, 99.0792007446, 128.206115723, 260.818939209, 154.356948853, 63.381111145, 54.9800567627, 40.9227142334, 50.8496894836, 41.6546401978, 12.1256923676], [-132.375656128, 75.0469970703, 118.849754333, 47.9126663208, 40.1933250427, 154.356948853, 224.180831909, 93.9809875488, 35.7006492615, 31.3383598328, 49.3299255371, 40.5595588684, 11.1281700134], [-82.9448852539, 78.1428451538, 104.143157959, 42.0769119263, 31.6244239807, 63.381111145, 93.9809875488, 143.794754028, 75.3577651978, 30.2951030731, 37.7732963562, 18.4585514069, 9.81679439545], [56.4766654968, 26.0421829224, 71.5517501831, 60.0046157837, 46.862033844, 54.9800567627, 35.7006492615, 75.3577651978, 144.408187866, 77.6416625977, 24.3871364594, 12.7267827988, 11.3364248276], [107.319740295, -1.93412423134, 22.9657726288, 42.197353363, 32.6746482849, 40.9227142334, 31.3383598328, 30.2951030731, 77.6416625977, 114.515655518, 41.6438293457, 18.8254051208, 9.08542537689], [44.0003662109, 42.566242218, 39.9996528625, 6.25739479065, 20.5282230377, 50.8496894836, 49.3299255371, 37.7732963562, 24.3871364594, 41.6438293457, 102.893005371, 37.1710319519, 13.8073740005], [78.3569030762, -53.0945091248, 7.83522939682, 45.2934951782, 25.3127002716, 41.6546401978, 40.5595588684, 18.4585514069, 12.7267827988, 18.8254051208, 37.1710319519, 92.3181915283, 34.2189254761], [18.546667099, 10.3909797668, 0.956211149693, 33.7557144165, 23.9314994812, 12.1256923676, 11.1281700134, 9.81679439545, 11.3364248276, 9.08542537689, 13.8073740005, 34.2189254761, 79.2014312744]], "icov": [[8.59000938362e-05, -6.45409600111e-05, 0.000150324718561, -0.000162257245393, 6.08091540926e-05, 3.02279495372e-05, 1.37413826451e-05, 4.91310165671e-05, -6.61456069793e-05, -2.05447795452e-05, -6.88780346536e-05, -7.89291589172e-05, 8.26026007417e-05], [-6.45409600111e-05, 0.000767345773056, -0.000412315013818, 0.000296672631521, -0.000109661355964, 4.54592955066e-05, -0.000146610327647, -0.000201927861781, 8.25013194117e-05, 0.000113453010272, -0.000277620652923, 0.00073648232501, -0.000429842300946], [0.000150324718561, -0.000412315013818, 0.00133569655009, -0.000786319666076, -0.000241903020651, -0.000221635375055, -1.29357449623e-05, -0.00018869950145, -0.000190348509932, 0.000258547341218, -0.000262604735326, 7.57679754315e-06, 0.000510222336743], [-0.000162257245393, 0.000296672631521, -0.000786319666076, 0.00391701422632, -0.00312304520048, 0.000781572365668, -0.000505834526848, -0.00014407132403, -0.000127684441395, -0.000488872872666, 0.00119169498794, -0.000985713908449, -0.000455455563497], [6.08091540926e-05, -0.000109661355964, -0.000241903020651, -0.00312304520048, 0.00760676618665, -0.00335320597515, 0.00193326792214, -0.000138013550895, 1.409793731e-05, -0.000196996188606, -0.000452024949482, 0.000581650354434, -0.000857419508975], [3.02279495372e-05, 4.54592955066e-05, -0.000221635375055, 0.000781572365668, -0.00335320597515, 0.00905989576131, -0.00580642838031, 0.00189316901378, -0.00223368662409, 0.000575196638238, -0.0011630053632, -0.00097631214885, 0.000742142205127], [1.37413826451e-05, -0.000146610327647, -1.29357449623e-05, -0.000505834526848, 0.00193326792214, -0.00580642838031, 0.0106667531654, -0.00572463357821, 0.00316166109405, -0.00161274161655, -3.14027347486e-05, -0.00143148691859, 0.000103796824988], [4.91310165671e-05, -0.000201927861781, -0.00018869950145, -0.00014407132403, -0.000138013550895, 0.00189316901378, -0.00572463357821, 0.0144436992705, -0.00814190600067, 0.00371272163466, -0.00300848577172, 0.000328708876623, -3.34449905495e-05], [-6.61456069793e-05, 8.25013194117e-05, -0.000190348509932, -0.000127684441395, 1.409793731e-05, -0.00223368662409, 0.00316166109405, -0.00814190600067, 0.016210000962, -0.00974631495774, 0.00272366730496, 0.000411551969592, -0.000890772498678], [-2.05447795452e-05, 0.000113453010272, 0.000258547341218, -0.000488872872666, -0.000196996188606, 0.000575196638238, -0.00161274161655, 0.00371272163466, -0.00974631495774, 0.0167565122247, -0.00548682967201, 7.47910526115e-05, 0.000330101960571], [-6.88780346536e-05, -0.000277620652923, -0.000262604735326, 0.00119169498794, -0.000452024949482, -0.0011630053632, -3.14027347486e-05, -0.00300848577172, 0.00272366730496, -0.00548682967201, 0.0149400439113, -0.00462449574843, -0.000127196602989], [-7.89291589172e-05, 0.00073648232501, 7.57679754315e-06, -0.000985713908449, 0.000581650354434, -0.00097631214885, -0.00143148691859, 0.000328708876623, 0.000411551969592, 7.47910526115e-05, -0.00462449574843, 0.0166572034359, -0.00598203251138], [8.26026007417e-05, -0.000429842300946, 0.000510222336743, -0.000455455563497, -0.000857419508975, 0.000742142205127, 0.000103796824988, -3.34449905495e-05, -0.000890772498678, 0.000330101960571, -0.000127196602989, -0.00598203251138, 0.0156823992729]], "mean": [-681.663757324, 96.7421798706, 8.93426132202, 21.0487289429, 4.77781534195, 11.3648424149, 5.279504776, 4.77148008347, 1.53202390671, 2.93037724495, 6.20774126053, 2.03573846817, 1.55704510212]}, "pitch_salience": {"dmean": 0.078774176538, "dmean2": 0.126998707652, "dvar": 0.00696716224775, "dvar2": 0.0171132795513, "max": 0.982004523277, "mean": 0.50419396162, "median": 0.5079600811, "min": 0.0253148563206, "var": 0.0195261258632}, "silence_rate_20dB": {"dmean": 0, "dmean2": 0, "dvar": 0, "dvar2": 0, "max": 1, "mean": 1, "median": 1, "min": 1, "var": 0}, "silence_rate_30dB": {"dmean": 0.0100180320442, "dmean2": 0.0200380720198, "dvar": 0.00991690251976, "dvar2": 0.0278496816754, "max": 1, "mean": 0.994089961052, "median": 1, "min": 0, "var": 0.00587472692132}, "silence_rate_60dB": {"dmean": 0.0542977377772, "dmean2": 0.108606353402, "dvar": 0.051356267184, "dvar2": 0.110638603568, "max": 1, "mean": 0.13713312149, "median": 0, "min": 0, "var": 0.118322767317}, "spectral_centroid": {"dmean": 314.388519287, "dmean2": 496.515014648, "dvar": 202620.921875, "dvar2": 463855.375, "max": 11869.4199219, "mean": 1718.56799316, "median": 1546.11169434, "min": 109.099884033, "var": 1834103.75}, "spectral_complexity": {"dmean": 4.14065313339, "dmean2": 5.88818740845, "dvar": 38.7346916199, "dvar2": 71.9047393799, "max": 62, "mean": 16.0399684906, "median": 11, "min": 0, "var": 190.256851196}, "spectral_contrast_coeffs": {"dmean": [0.0505399666727, 0.0508978143334, 0.0417324230075, 0.0352471806109, 0.0261509940028, 0.0209220405668], "dmean2": [0.0822355747223, 0.0826401337981, 0.0651481896639, 0.0549662820995, 0.0411220379174, 0.0327902324498], "dvar": [0.00214442168362, 0.00201730104163, 0.00144458888099, 0.00104934675619, 0.000616396660917, 0.000439435476437], "dvar2": [0.00526348920539, 0.00485384836793, 0.00311354990117, 0.00230376375839, 0.00132774224039, 0.00100498041138], "max": [-0.222350373864, -0.336360037327, -0.350228607655, -0.481680452824, -0.565863370895, -0.588824570179], "mean": [-0.702162027359, -0.747575461864, -0.766020596027, -0.770188868046, -0.789622664452, -0.772549450397], "median": [-0.709565281868, -0.76184129715, -0.776909947395, -0.774087071419, -0.795612215996, -0.766597568989], "min": [-0.995661437511, -0.994014441967, -0.979603528976, -0.977755248547, -0.969476282597, -0.966004610062], "var": [0.00777524709702, 0.00863678380847, 0.0086420699954, 0.00652579171583, 0.00421858811751, 0.00295080454089]}, "spectral_contrast_valleys": {"dmean": [0.475461751223, 0.48459982872, 0.427176982164, 0.407928854227, 0.41501930356, 0.444678485394], "dmean2": [0.714487493038, 0.735688745975, 0.64312940836, 0.595600068569, 0.601270854473, 0.611185789108], "dvar": [0.260736882687, 0.290993690491, 0.243444129825, 0.25671967864, 0.333681672812, 0.281929701567], "dvar2": [0.494762510061, 0.581401705742, 0.493034124374, 0.499258995056, 0.687226891518, 0.581745624542], "max": [-5.04648017883, -4.81910562515, -5.49463653564, -5.62875318527, -5.07180404663, -7.21123504639], "mean": [-7.86503601074, -7.59374856949, -8.15730762482, -8.42569541931, -8.23716640472, -10.3283843994], "median": [-7.2818903923, -7.13618326187, -7.73854541779, -7.99155139923, -7.81162452698, -9.98224544525], "min": [-28.1221599579, -28.0566234589, -27.7663516998, -27.9091033936, -27.4920959473, -27.4007606506], "var": [7.20360326767, 6.88194131851, 6.45551776886, 6.50760364532, 6.5575709343, 5.06711578369]}, "spectral_decrease": {"dmean": 2.61120125522e-09, "dmean2": 3.79597731026e-09, "dvar": 2.00968509447e-17, "dvar2": 4.50789875738e-17, "max": 1.67298697218e-28, "mean": -5.4213198375e-09, "median": -3.87931109458e-09, "min": -4.4990031256e-08, "var": 3.28416478131e-17}, "spectral_energy": {"dmean": 0.0104597695172, "dmean2": 0.0151410773396, "dvar": 0.000317735568387, "dvar2": 0.000707965053152, "max": 0.174370706081, "mean": 0.0223210118711, "median": 0.0162315722555, "min": 1.00322702279e-20, "var": 0.000538900785614}, "spectral_energyband_high": {"dmean": 0.000620992854238, "dmean2": 0.00093212374486, "dvar": 2.39263431467e-06, "dvar2": 5.69110352444e-06, "max": 0.0385642759502, "mean": 0.00112917867955, "median": 0.000369858986232, "min": 7.09111646883e-21, "var": 3.73338411919e-06}, "spectral_energyband_low": {"dmean": 0.00674645509571, "dmean2": 0.0102819008753, "dvar": 0.000212884697248, "dvar2": 0.000511174090207, "max": 0.15202857554, "mean": 0.0097048766911, "median": 0.0044238041155, "min": 9.50184538061e-24, "var": 0.000241568675847}, "spectral_energyband_middle_high": {"dmean": 0.00200895080343, "dmean2": 0.00295641715638, "dvar": 1.09638158392e-05, "dvar2": 2.40467088588e-05, "max": 0.070535287261, "mean": 0.00540653569624, "median": 0.00260579143651, "min": 1.18248063601e-21, "var": 5.11304424435e-05}, "spectral_energyband_middle_low": {"dmean": 0.00365802785382, "dmean2": 0.00565820047632, "dvar": 4.25087055191e-05, "dvar2": 0.000103050610051, "max": 0.0760052651167, "mean": 0.00665050419047, "median": 0.00365616590716, "min": 1.53697392613e-22, "var": 7.5812698924e-05}, "spectral_entropy": {"dmean": 0.225212171674, "dmean2": 0.34076038003, "dvar": 0.0811925604939, "dvar2": 0.1744466573, "max": 9.82390880585, "mean": 7.68256044388, "median": 7.78314352036, "min": 5.43682193756, "var": 0.347882479429}, "spectral_flux": {"dmean": 0.0297663807869, "dmean2": 0.0444228164852, "dvar": 0.00147834513336, "dvar2": 0.00280343741179, "max": 0.374005824327, "mean": 0.0789778456092, "median": 0.0643833056092, "min": 6.37338792853e-11, "var": 0.00358378444798}, "spectral_kurtosis": {"dmean": 1.3364058733, "dmean2": 2.15625905991, "dvar": 4.51312541962, "dvar2": 10.5566768646, "max": 37.4994621277, "mean": 4.02473497391, "median": 3.46897554398, "min": -1.2594628334, "var": 9.26452064514}, "spectral_rms": {"dmean": 0.000958490651101, "dmean2": 0.00131046236493, "dvar": 1.66180018368e-06, "dvar2": 3.3116857594e-06, "max": 0.0130429202691, "mean": 0.00409013265744, "median": 0.00397940678522, "min": 3.1285109052e-12, "var": 5.04737818119e-06}, "spectral_rolloff": {"dmean": 690.675292969, "dmean2": 1191.09155273, "dvar": 2485272.75, "dvar2": 6506917.5, "max": 19638.28125, "mean": 1958.25549316, "median": 1270.45898438, "min": 21.533203125, "var": 6859519.5}, "spectral_skewness": {"dmean": 0.235738128424, "dmean2": 0.375807762146, "dvar": 0.107480585575, "dvar2": 0.248871728778, "max": 5.31703281403, "mean": 1.5298858881, "median": 1.41772198677, "min": -0.0737735405564, "var": 0.314052164555}, "spectral_spread": {"dmean": 1026529.3125, "dmean2": 1588171.625, "dvar": 2813562716160.0, "dvar2": 6617847824380.0, "max": 44474848, "mean": 6066408, "median": 5111697.5, "min": 1488335.875, "var": 19345581277200.0}, "spectral_strongpeak": {"