{"lowlevel": {"average_loudness": 0.948498487473, "barkbands": {"dmean": [9.67471132753e-05, 0.0045568253845, 0.00408923905343, 0.00158561079297, 0.000447175174486, 0.000434513087384, 0.000319224636769, 0.000479322334286, 0.000800875946879, 0.000592671451159, 0.00098136276938, 0.000433670065831, 0.000446164020104, 0.000298435246805, 0.00033227878157, 0.0002768933482, 0.000283299246803, 0.000253425620031, 0.000312824646244, 0.000294446595944, 0.000222500704695, 0.000161928299349, 0.000118928386655, 0.00011382818775, 0.000111496767204, 4.96418870171e-05, 2.1633299184e-05], "dmean2": [0.000151311702211, 0.00814942177385, 0.00718272430822, 0.0025925966911, 0.000740720250178, 0.000700931006577, 0.000519880850334, 0.000761665345635, 0.00127310235985, 0.000929869711399, 0.00157062686048, 0.000686637707986, 0.000716298585758, 0.000471753621241, 0.000538000313099, 0.000447935512057, 0.000463024596684, 0.000421010918217, 0.00050576828653, 0.00046780530829, 0.000346195709426, 0.000237004453084, 0.000158224895131, 0.000152602282469, 0.000143655401189, 6.1908911448e-05, 2.79326432064e-05], "dvar": [2.93756343694e-08, 9.8221054941e-05, 8.52073280839e-05, 1.53191176651e-05, 5.63295941447e-07, 5.6763150269e-07, 6.03984233294e-07, 2.05562878364e-06, 5.11623193233e-06, 2.99430621453e-06, 7.98929431767e-06, 1.83432291578e-06, 1.54145300257e-06, 7.38479570828e-07, 4.82955556436e-07, 4.01865321464e-07, 3.19576145102e-07, 2.25662745379e-07, 3.00758330241e-07, 2.08084614428e-07, 1.22485587895e-07, 8.51934416346e-08, 5.30687245259e-08, 4.29586393125e-08, 5.04865020901e-08, 8.09384292921e-09, 3.50530582338e-09], "dvar2": [6.61087895537e-08, 0.00027737475466, 0.000234521328821, 3.24406319123e-05, 1.4193685729e-06, 1.3744250964e-06, 1.59650960541e-06, 4.80594781038e-06, 1.26746235765e-05, 7.22389495422e-06, 2.04684565688e-05, 4.3098975766e-06, 3.92211768485e-06, 1.70204771166e-06, 1.19804224141e-06, 1.00108661627e-06, 7.83874384069e-07, 5.78084325298e-07, 7.14335840257e-07, 5.06396020228e-07, 2.70653231382e-07, 1.87105342775e-07, 9.52244718633e-08, 8.28430728461e-08, 1.03715017019e-07, 1.41912321894e-08, 6.46146958161e-09], "max": [0.00226946454495, 0.0908279195428, 0.0856681317091, 0.0403304174542, 0.0110873570666, 0.0170915033668, 0.0266039669514, 0.0367033742368, 0.0426614396274, 0.0503223314881, 0.0549079664052, 0.0417831391096, 0.0277673155069, 0.0268417242914, 0.0124615104869, 0.015459433198, 0.0134309483692, 0.0131864538416, 0.0182449426502, 0.00862894486636, 0.0082789696753, 0.00797595735639, 0.00997720472515, 0.0064410394989, 0.00698760151863, 0.00189837487414, 0.000866325513925], "mean": [0.000152050721226, 0.00578873092309, 0.00497868191451, 0.00196656771004, 0.000727474107407, 0.000709383457433, 0.000503971241415, 0.000769835722167, 0.00125003233552, 0.000895677367225, 0.00153628468979, 0.000696047733072, 0.000680817407556, 0.000503202434629, 0.000585046655033, 0.000482506380649, 0.000488545862027, 0.000461910793092, 0.000646067899652, 0.000631083443295, 0.000529538840055, 0.000387857260648, 0.000294046098134, 0.000277121551335, 0.000233962375205, 9.67427840806e-05, 3.46936358255e-05], "median": [3.76871830667e-05, 0.00374687509611, 0.00238082557917, 0.000752844964154, 0.000486393109895, 0.000414330745116, 0.000296276877634, 0.000268736272119, 0.000377513817511, 0.000347631576005, 0.000332463707309, 0.000229872050113, 0.000229225959629, 0.000178802991286, 0.000259213062236, 0.000210902158869, 0.000258356943959, 0.000269186624791, 0.000424992176704, 0.000438078743173, 0.000330317649059, 0.000183090945939, 8.96679484867e-05, 0.000112895824714, 7.56742228987e-05, 2.41139296122e-05, 4.10953452956e-06], "min": [1.34818360019e-24, 5.28334818663e-24, 2.11233876237e-24, 2.84263266183e-24, 1.0582248766e-23, 1.26232102104e-23, 7.89276556032e-24, 1.52677906645e-23, 3.30145925009e-23, 1.8187267056e-23, 3.04837626338e-23, 1.97229741346e-23, 5.60907871516e-23, 4.2263093624e-23, 5.19143713482e-23, 7.19811405316e-23, 1.02213262848e-22, 1.76820369871e-22, 1.43450139942e-22, 2.12798144813e-22, 2.2810386391e-22, 3.66689130204e-22, 3.90370381169e-22, 4.87065139155e-22, 1.01734117569e-21, 1.39530344377e-21, 1.99970428409e-21], "var": [5.98021259179e-08, 7.11485699867e-05, 6.95176204317e-05, 1.8537930373e-05, 7.10471226739e-07, 9.08836568669e-07, 6.72572298299e-07, 3.84294389733e-06, 9.73155692918e-06, 4.38005008618e-06, 1.64539214893e-05, 3.73355283045e-06, 2.52655331678e-06, 1.54921531248e-06, 1.09836287265e-06, 8.24061146432e-07, 6.53626102576e-07, 4.56565203422e-07, 6.92985679507e-07, 4.94918879212e-07, 3.83640838209e-07, 2.74868796168e-07, 2.53755189306e-07, 1.64863791952e-07, 1.31320035734e-07, 2.29740244606e-08, 6.73462130507e-09]}, "barkbands_crest": {"dmean": 2.3702249527, "dmean2": 3.90091347694, "dvar": 4.97181606293, "dvar2": 13.0929965973, "max": 25.4857120514, "mean": 9.1161108017, "median": 8.70510482788, "min": 2.41997289658, "var": 12.1273727417}, "barkbands_flatness_db": {"dmean": 0.0206777155399, "dmean2": 0.0322539433837, "dvar": 0.000517084670719, "dvar2": 0.00139580992982, "max": 0.340441673994, "mean": 0.0957025960088, "median": 0.086380392313, "min": 0.0177320726216, "var": 0.00197708373889}, "barkbands_kurtosis": {"dmean": 2.07712006569, "dmean2": 3.58381700516, "dvar": 34.9356803894, "dvar2": 97.0289001465, "max": 231.295684814, "mean": 1.11829018593, "median": -0.116262793541, "min": -1.89427149296, "var": 32.4238471985}, "barkbands_skewness": {"dmean": 0.555314540863, "dmean2": 0.888756334782, "dvar": 0.558133721352, "dvar2": 1.4621887207, "max": 13.7263412476, "mean": 0.933527290821, "median": 0.815345704556, "min": -4.66180276871, "var": 1.08653450012}, "barkbands_spread": {"dmean": 8.08891010284, "dmean2": 12.3328380585, "dvar": 73.6335754395, "dvar2": 168.631057739, "max": 115.138786316, "mean": 37.7159957886, "median": 34.62474823, "min": 1.14313364029, "var": 340.677520752}, "dissonance": {"dmean": 0.0121705522761, "dmean2": 0.0208073854446, "dvar": 0.000209599515074, "dvar2": 0.000564952031709, "max": 0.500000119209, "mean": 0.481332957745, "median": 0.487154662609, "min": 0.265356808901, "var": 0.000366999127436}, "dynamic_complexity": 2.83677530289, "erbbands": {"dmean": [0.0830286517739, 1.24329936504, 4.50036621094, 5.69409036636, 2.28261065483, 1.52255475521, 2.46821689606, 3.9230902195, 4.63218641281, 6.3420715332, 11.7489929199, 18.3251171112, 17.7631893158, 21.8294067383, 38.7147216797, 16.2731113434, 17.930683136, 17.6112270355, 16.3332996368, 15.0341024399, 13.6502141953, 13.4999132156, 13.7614364624, 15.3046789169, 14.80651474, 13.9985923767, 11.1216812134, 7.51165103912, 5.78407430649, 4.91140985489, 3.28541851044, 2.45641946793, 1.95092952251, 1.32269656658, 0.794672966003, 0.272868841887, 0.083527199924, 0.0207831114531, 0.00359795661643, 0.000258652551565], "dmean2": [0.14215131104, 2.26629424095, 8.07641983032, 9.24796676636, 3.90430355072, 2.47661733627, 3.95694088936, 6.38865184784, 7.56707286835, 10.2636461258, 18.6136684418, 28.7343235016, 27.9807987213, 33.3035964966, 62.8705596924, 25.6518611908, 29.0798854828, 27.5271549225, 26.2196063995, 24.0071125031, 21.8628482819, 22.0417537689, 22.9799079895, 24.7575893402, 23.953622818, 22.3889484406, 17.5087032318, 11.375041008, 8.52315330505, 6.98733043671, 4.44159078598, 3.38928508759, 2.62963604927, 1.75832390785, 1.04510378838, 0.346478909254, 0.106999449432, 0.026562070474, 0.00464600976557, 0.00033868700848], "dvar": [0.0203722063452, 8.15293121338, 111.834739685, 165.869720459, 31.3730754852, 5.31963157654, 17.0943641663, 55.9896125793, 109.369750977, 253.122344971, 1289.7878418, 2817.6875, 2836.78979492, 4011.89819336, 13853.9833984, 1796.76855469, 2556.17724609, 2972.59277344, 1261.27758789, 1161.16296387, 1120.80895996, 792.013061523, 602.667663574, 915.168334961, 643.78338623, 491.968139648, 335.052337646, 149.442749023, 114.998779297, 89.9577407837, 40.221321106, 19.6094245911, 14.2328891754, 7.55226898193, 2.65453004837, 0.233957126737, 0.0274950768799, 0.00237686443143, 9.69055327005e-05, 5.76208776693e-07], "dvar2": [0.0547021105886, 23.3229923248, 314.130340576, 361.644042969, 82.0691452026, 12.8214244843, 39.1596107483, 138.724441528, 287.723022461, 562.434631348, 3128.5769043, 6773.69335938, 6960.63671875, 8770.81738281, 36811.4804688, 4375.31005859, 6651.16992188, 7021.03173828, 3259.78613281, 2773.80078125, 2887.75073242, 1952.22119141, 1555.28149414, 2206.25610352, 1552.92089844, 1195.57739258, 749.65435791, 336.674804688, 257.746917725, 188.284454346, 72.0447463989, 39.0473937988, 28.4729366302, 16.3697853088, 5.4029955864, 0.410306721926, 0.0506868213415, 0.00448428513482, 0.000182731440873, 1.10134192255e-06], "max": [1.28369247913, 25.4025039673, 73.7563171387, 137.207107544, 77.1638336182, 39.2670059204, 85.2170715332, 183.04876709, 425.201843262, 502.519439697, 787.051086426, 1137.4576416, 1170.05297852, 1445.89624023, 2113.19067383, 1165.37548828, 1330.6138916, 1588.59912109, 762.328735352, 790.766845703, 1031.92285156, 828.15447998, 834.349243164, 639.609863281, 976.837280273, 445.895690918, 427.990447998, 357.916625977, 276.333770752, 271.672363281, 296.953948975, 133.17880249, 109.383720398, 103.291984558, 41.1093711853, 9.56663608551, 4.20281744003, 1.06495344639, 0.152948886156, 0.0111398883164], "mean": [0.126749649644, 1.46019697189, 5.19874191284, 7.46425628662, 2.97497034073, 2.4826772213, 4.15534210205, 6.0372633934, 7.33059263229, 10.5439376831, 19.9971122742, 29.4544315338, 27.0034713745, 36.0598945618, 63.3905677795, 29.9388465881, 29.6653556824, 31.4381942749, 30.4748382568, 28.6175041199, 25.4172134399, 24.8557186127, 25.9897956848, 31.048992157, 31.813495636, 30.1897983551, 25.4280643463, 18.0450153351, 13.7958030701, 11.3936700821, 7.95436477661, 5.89864826202, 4.55950641632, 2.85010647774, 1.53312063217, 0.543568372726, 0.154121845961, 0.0362327322364, 0.00575560610741, 0.000406722072512], "median": [0.082991078496, 0.906314492226, 2.51111006737, 3.0819132328, 1.65342187881, 1.65027701855, 2.3700709343, 3.28572559357, 4.33566713333, 4.86592102051, 6.85247945786, 9.20515823364, 10.339556694, 12.7366962433, 14.3230266571, 11.2606544495, 10.9372711182, 10.9029483795, 12.5731334686, 14.2931022644, 12.7337055206, 13.3847503662, 15.3560848236, 19.182510376, 21.813999176, 21.3913764954, 16.7674064636, 10.1591882706, 6.47677087784, 4.16436100006, 2.52404046059, 2.28727316856, 1.76243305206, 1.03260374069, 0.431838989258, 0.142134308815, 0.0377528183162, 0.00625436706468, 0.000687860359903, 6.92908215569e-05], "min": [7.68958512562e-23, 5.131543975e-22, 4.50227743116e-21, 1.45868809691e-20, 1.91785605494e-20, 2.98336872772e-20, 7.47711626271e-20, 6.63486674584e-20, 9.72240303896e-20, 1.93185692692e-19, 5.12661211254e-19, 6.12861941551e-19, 6.0967398747e-19, 7.7052742599e-19, 1.48198857277e-18, 1.07495553401e-18, 2.4738430609e-18, 2.78066751116e-18, 2.04877541683e-18, 3.04467399098e-18, 4.31989532796e-18, 5.95314566306e-18, 8.55449179115e-18, 8.19445563927e-18, 9.48117065086e-18, 9.48102423989e-18, 1.06372424109e-17, 9.63778902804e-18, 1.26163770783e-17, 1.38864930566e-17, 1.23956844637e-17, 9.01526117084e-18, 9.63693868637e-18, 9.2420484522e-18, 6.92431070971e-18, 4.78817137171e-18, 2.50950261031e-18, 1.10164110435e-18, 2.82714668638e-19, 2.97075293091e-20], "var": [0.0219339616597, 5.40188932419, 79.3757171631, 211.025283813, 27.8548851013, 8.25053787231, 34.395149231, 82.2176589966, 123.186660767, 500.202728271, 2567.57055664, 5892.17871094, 3903.61767578, 7536.82617188, 26867.8515625, 4818.59082031, 3920.49267578, 6496.3125, 3145.64038086, 2706.76733398, 1938.86120605, 1596.09020996, 1337.80895996, 1961.53393555, 1459.69311523, 1124.17578125, 935.534729004, 476.072631836, 356.442138672, 317.305267334, 183.40057373, 76.6732788086, 47.1351051331, 19.3438796997, 6.20403814316, 0.713107168674, 0.0675339624286, 0.00504151545465, 0.000184556265594, 9.98497739602e-07]}, "erbbands_crest": {"dmean": 2.53400850296, "dmean2": 4.10369729996, "dvar": 7.68454313278, "dvar2": 18.7403869629, "max": 34.5013923645, "mean": 8.30242729187, "median": 6.51480293274, "min": 2.09775996208, "var": 26.2312698364}, "erbbands_flatness_db": {"dmean": 0.0166173558682, "dmean2": 0.0238160043955, "dvar": 0.000316709221806, "dvar2": 0.000571479555219, "max": 0.401697695255, "mean": 0.13404981792, "median": 0.12868924439, "min": 0.0302772708237, "var": 0.00226889527403}, "erbbands_kurtosis": {"dmean": 0.880864202976, "dmean2": 1.37793517113, "dvar": 2.20600914955, "dvar2": 4.94343233109, "max": 59.1021080017, "mean": 0.463032275438, "median": -0.122403502464, "min": -1.78317332268, "var": 4.92350673676}, "erbbands_skewness": {"dmean": 0.347496956587, "dmean2": 0.530112504959, "dvar": 0.120430149138, "dvar2": 0.270707339048, "max": 5.49814271927, "mean": -0.164447650313, "median": -0.200124412775, "min": -3.93494510651, "var": 0.633193552494}, "erbbands_spread": {"dmean": 8.86528491974, "dmean2": 13.8615074158, "dvar": 112.89037323, "dvar2": 250.1824646, "max": 135.33203125, "mean": 40.4988822937, "median": 38.4684906006, "min": 1.07472491264, "var": 352.790008545}, "gfcc": {"cov": [[19287.0976562, -613.743896484, -300.198944092, 370.717651367, -246.508117676, 615.793334961, -248.518600464, 235.554382324, -392.107879639, 9.80094242096, -143.576156616, 96.3538360596, -169.568588257], [-613.743896484, 2068.00097656, -648.885864258, 122.257911682, 218.314910889, -7.34908437729, 252.182800293, -102.777770996, 206.104293823, -67.4251556396, 93.1816558838, -139.985809326, 64.1058044434], [-300.198944092, -648.885864258, 886.686340332, 69.8214263916, 83.3820266724, 62.206577301, -77.3053131104, 49.0215187073, -80.7952346802, 6.57481145859, -67.4533615112, 35.877532959, -79.836517334], [370.717651367, 122.257911682, 69.8214263916, 446.002166748, -0.811527967453, 26.9645175934, -30.3751010895, -49.1381874084, 52.1399230957, -22.222442627, -19.2584285736, 0.821465075016, -13.9787025452], [-246.508117676, 218.314910889, 83.3820266724, -0.811527967453, 269.996002197, 52.4081878662, 83.5581817627, -6.78387498856, 22.0006484985, -15.1437625885, 4.33274650574, 4.419090271, 4.14006233215], [615.793334961, -7.34908437729, 62.206577301, 26.9645175934, 52.4081878662, 168.336227417, 49.0460777283, 2.11574721336, -29.9219646454, -12.9738330841, -3.81822371483, 1.41400671005, -17.1397571564], [-248.518600464, 252.182800293, -77.3053131104, -30.3751010895, 83.5581817627, 49.0460777283, 170.32460022, 8.23643302917, 19.8530788422, -34.0533103943, 23.0358848572, -12.7218933105, 4.7311463356], [235.554382324, -102.777770996, 49.0215187073, -49.1381874084, -6.78387498856, 2.11574721336, 8.23643302917, 125.097816467, 3.77421951294, 12.7874212265, -16.3969917297, -11.2705965042, 4.30262041092], [-392.107879639, 206.104293823, -80.7952346802, 52.1399230957, 22.0006484985, -29.9219646454, 19.8530788422, 3.77421951294, 119.03944397, 21.05103302, 7.18603754044, -24.4270172119, 13.4211816788], [9.80094242096, -67.4251556396, 6.57481145859, -22.222442627, -15.1437625885, -12.9738330841, -34.0533103943, 12.7874212265, 21.05103302, 80.0593643188, 10.9392995834, 6.9419965744, -8.25026988983], [-143.576156616, 93.1816558838, -67.4533615112, -19.2584285736, 4.33274650574, -3.81822371483, 23.0358848572, -16.3969917297, 7.18603754044, 10.9392995834, 76.3592681885, 18.8774261475, 13.9632644653], [96.3538360596, -139.985809326, 35.877532959, 0.821465075016, 4.419090271, 1.41400671005, -12.7218933105, -11.2705965042, -24.4270172119, 6.9419965744, 18.8774261475, 94.8867340088, 17.9804992676], [-169.568588257, 64.1058044434, -79.836517334, -13.9787025452, 4.14006233215, -17.1397571564, 4.7311463356, 4.30262041092, 13.4211816788, -8.25026988983, 13.9632644653, 17.9804992676, 75.062286377]], "icov": [[8.11525533209e-05, -2.05825199373e-05, 0.000136931470479, -0.000100248980743, 7.34488139642e-06, -0.000325803208398, 0.000230114033911, -0.000286082329694, 0.000268408970442, -2.22865073738e-05, 0.000101090779935, -0.000153856395627, 0.000222580361878], [-2.05825199373e-05, 0.00114109693095, 0.000565801630728, -0.000305957510136, -0.000810902158264, 0.000250340148341, -0.000790321850218, 0.00064931367524, -0.000892240728717, 0.000468144979095, -0.000855758902617, 0.0014696867438, -0.000343611638527], [0.000136931470479, 0.000565801630728, 0.00226010149345, -0.000651383132208, -0.00131752213929, -0.000682581041474, 0.00096762861358, -0.0011364336824, 0.000879833824001, 0.000246995594352, 0.000525410694536, -0.000339914957294, 0.00188314297702], [-0.000100248980743, -0.000305957510136, -0.000651383132208, 0.00318120396696, 0.000545407528989, -0.000656904594507, 0.000920783961192, 0.00131705310196, -0.00262273917906, 0.00159937643912, 0.000508263416123, -0.000829934957437, 0.000369830755517], [7.34488139642e-06, -0.000810902158264, -0.00131752213929, 0.000545407528989, 0.00568685354665, -0.00110714836046, -0.00194672704674, 0.000584611203521, -0.000936315045692, -0.000287056143861, 0.000929936824832, -0.00140989769716, -0.000767292280216], [-0.000325803208398, 0.000250340148341, -0.000682581041474, -0.000656904594507, -0.00110714836046, 0.00913710799068, -0.00369742605835, 0.000980285229161, 0.00180802168325, -0.00089911732357, -0.000125677150209, 0.00108120788354, -0.000131552267703], [0.000230114033911, -0.000790321850218, 0.00096762861358, 0.000920783961192, -0.00194672704674, -0.00369742605835, 0.0114252744243, -0.00286057568155, -0.00123444665223, 0.0048493728973, -0.0024252969306, -0.00111347041093, 0.00257399422117], [-0.000286082329694, 0.00064931367524, -0.0011364336824, 0.00131705310196, 0.000584611203521, 0.000980285229161, -0.00286057568155, 0.0110362814739, -0.0020634252578, -0.0018933020765, 0.00169105455279, 0.0024217099417, -0.00315879029222], [0.000268408970442, -0.000892240728717, 0.000879833824001, -0.00262273917906, -0.000936315045692, 0.00180802168325, -0.00123444665223, -0.0020634252578, 0.0151201765984, -0.00612803315744, 0.00099773844704, 0.00215308391489, -0.00160210835747], [-2.22865073738e-05, 0.000468144979095, 0.000246995594352, 0.00159937643912, -0.000287056143861, -0.00089911732357, 0.0048493728973, -0.0018933020765, -0.00612803315744, 0.0182349551469, -0.00422384031117, -0.00177789654117, 0.00403534527868], [0.000101090779935, -0.000855758902617, 0.000525410694536, 0.000508263416123, 0.000929936824832, -0.000125677150209, -0.0024252969306, 0.00169105455279, 0.00099773844704, -0.00422384031117, 0.0178108792752, -0.00446563214064, -0.00129752547946], [-0.000153856395627, 0.0014696867438, -0.000339914957294, -0.000829934957437, -0.00140989769716, 0.00108120788354, -0.00111347041093, 0.0024217099417, 0.00215308391489, -0.00177789654117, -0.00446563214064, 0.0157816410065, -0.00539283826947], [0.000222580361878, -0.000343611638527, 0.00188314297702, 0.000369830755517, -0.000767292280216, -0.000131552267703, 0.00257399422117, -0.00315879029222, -0.00160210835747, 0.00403534527868, -0.00129752547946, -0.00539283826947, 0.0184846073389]], "mean": [14.3499736786, 61.8691864014, -117.420204163, 40.3795547485, -49.47631073, 18.6253051758, -20.8984661102, 13.6664247513, -22.1019935608, 4.15335512161, -14.0847139359, -3.00450444221, -9.39764404297]}, "hfc": {"dmean": 7.77090883255, "dmean2": 10.2198848724, "dvar": 96.7394714355, "dvar2": 182.4715271, "max": 216.973526001, "mean": 31.0778083801, "median": 25.2645606995, "min": 1.12113360308e-16, "var": 615.100708008}, "melbands": {"dmean": [0.000986034749076, 0.00213194661774, 0.00084864377277, 0.000110593573481, 8.28482225188e-05, 8.81976084202e-05, 6.8360415753e-05, 7.5594514783e-05, 0.000106963008875, 0.000115775117592, 9.02953106561e-05, 8.67633789312e-05, 0.000136827075039, 6.30922368146e-05, 3.77299475076e-05, 4.38145652879e-05, 3.30787152052e-05, 2.73886998912e-05, 1.9879453248e-05, 2.24694722419e-05, 1.72745676537e-05, 1.47448899952e-05, 1.6132966266e-05, 1.24182806758e-05, 1.37940660352e-05, 1.26744562294e-05, 1.05406070361e-05, 1.00294064396e-05, 8.07691594673e-06, 5.94435823587e-06, 4.54996552435e-06, 3.74023647964e-06, 3.20577692037e-06, 2.77219919553e-06, 2.14718602365e-06, 1.70979478753e-06, 1.60521676662e-06, 1.49617665102e-06, 1.32506374939e-06, 1.12367558813e-06], "dmean2": [0.00172875716817, 0.00385178928263, 0.00138924410567, 0.00018801803526, 0.000132545028464, 0.000142728473293, 0.000110812303319, 0.000121196651889, 0.000169435006683, 0.000182313902769, 0.000143070035847, 0.000133274661493, 0.000219798937906, 0.00010097984341, 6.10626811977e-05, 7.01689714333e-05, 5.15331703355e-05, 4.42549971922e-05, 3.19343089359e-05, 3.61828060704e-05, 2.79171126749e-05, 2.40544432017e-05, 2.71467852144e-05, 2.06250497286e-05, 2.25161893468e-05, 2.08483324968e-05, 1.70665043697e-05, 1.61832249432e-05, 1.28746414703e-05, 9.49493551161e-06, 7.00675445842e-06, 5.68490759179e-06, 4.85623513669e-06, 4.0096392695e-06, 3.01176487483e-06, 2.46563308792e-06, 2.32163688452e-06, 2.09920858651e-06, 1.88184287708e-06, 1.5485422864e-06], "dvar": [3.81100403501e-06, 2.53163198067e-05, 3.6340375118e-06, 5.05899571124e-08, 1.75108763045e-08, 2.56183572134e-08, 2.39915287636e-08, 3.82486895489e-08, 1.00447358875e-07, 1.14206422097e-07, 7.40038288427e-08, 6.80073881654e-08, 1.62723310382e-07, 3.27513483001e-08, 8.10038702781e-09, 1.86943083236e-08, 1.05793596106e-08, 3.76826392312e-09, 1.82478843147e-09, 2.63077803986e-09, 2.21984586268e-09, 1.04404129786e-09, 1.04960984348e-09, 5.71563851803e-10, 8.35953195555e-10, 5.9191740398e-10, 2.87166179724e-10, 2.70085342979e-10, 2.11205414269e-10, 8.736042445e-11, 6.02593253074e-11, 4.93131750712e-11, 3.84627329986e-11, 3.17664228255e-11, 1.90639570102e-11, 8.9371782544e-12, 9.24036541727e-12, 8.67691248713e-12, 6.67708379906e-12, 6.67666746543e-12], "dvar2": [1.0571700841e-05, 7.15315691195e-05, 8.07850483397e-06, 1.35207812946e-07, 4.05513738144e-08, 6.28929441859e-08, 6.35093186929e-08, 8.29863253671e-08, 2.43502682906e-07, 2.80078864989e-07, 1.82291856277e-07, 1.47842783349e-07, 4.24246962893e-07, 7.89273215673e-08, 2.05289403254e-08, 4.79883439652e-08, 2.50010110392e-08, 9.80054615241e-09, 4.37419567234e-09, 6.44306075159e-09, 5.94560978229e-09, 2.53293341856e-09, 2.48667753056e-09, 1.46334766526e-09, 2.03120675835e-09, 1.44066503172e-09, 7.35950578257e-10, 6.54205689621e-10, 4.68657113117e-10, 2.02009492467e-10, 1.398538646e-10, 1.18289530948e-10, 8.69702573847e-11, 6.78003556076e-11, 3.60588121862e-11, 1.87169967025e-11, 1.96432384247e-11, 1.78984310012e-11, 1.4958378286e-11, 1.52520409497e-11], "max": [0.0177792608738, 0.0385033041239, 0.020754372701, 0.0034620440565, 0.00240984349512, 0.00376009126194, 0.00558589724824, 0.00609213393182, 0.00651199137792, 0.00688808551058, 0.00584585778415, 0.00631725974381, 0.00874054897577, 0.00483595067635, 0.0020103326533, 0.00338881835341, 0.00323912501335, 0.00119645684026, 0.000981398625299, 0.00105093873572, 0.00131632748526, 0.00100320426282, 0.00148248835467, 0.000553033896722, 0.000620353443082, 0.00122023327276, 0.000368136621546, 0.000371299363906, 0.000408779567806, 0.000202569615794, 0.000225011186558, 0.000187870318769, 0.000205164717045, 0.00018197427562, 0.000211789898458, 0.000103698206658, 9.86724844552e-05, 8.50438664202e-05, 8.06871394161e-05, 9.84698053799e-05], "mean": [0.00137810909655, 0.0025472806301, 0.00115070538595, 0.00016720109852, 0.000141848780913, 0.000137457813253, 0.000109394444735, 0.000122225639643, 0.000180360453669, 0.000179764290806, 0.000130413129227, 0.000134513655212, 0.000218384215259, 0.000104629252746, 6.01219689997e-05, 6.80556768202e-05, 5.51337579964e-05, 4.78438923892e-05, 3.54569092451e-05, 3.91447647416e-05, 2.8770413337e-05, 2.53511043411e-05, 2.58326144831e-05, 2.24180748774e-05, 2.52583940892e-05, 2.42591668211e-05, 2.08567635127e-05, 1.98193047254e-05, 1.6834203052e-05, 1.25628275782e-05, 9.82464007393e-06, 8.18384069134e-06, 6.68659049552e-06, 6.0849069996e-06, 4.72106057714e-06, 3.84661052522e-06, 3.50222308043e-06, 3.28894066115e-06, 2.79505184153e-06, 2.25663939091e-06], "median": [0.000936726282816, 0.00148027727846, 0.00051699829055, 0.000109534354124, 8.69055947987e-05, 7.7113538282e-05, 6.47839187877e-05, 5.27421798324e-05, 5.7979603298e-05, 5.45423936273e-05, 4.73117979709e-05, 4.60822702735e-05, 4.65135744889e-05, 3.09119059239e-05, 2.49502154475e-05, 2.17826163862e-05, 1.74877277459e-05, 1.81238392543e-05, 1.83877455129e-05, 1.64837219927e-05, 1.3529664102e-05, 1.27900257212e-05, 1.38875557241e-05, 1.30563530547e-05, 1.46660568134e-05, 1.53912733367e-05, 1.37468323373e-05, 1.3239285181e-05, 1.08857248051e-05, 7.28844815967e-06, 4.73942054668e-06, 3.65044957107e-06, 2.8347319585e-06, 1.89625052371e-06, 1.31536921799e-06, 1.34314905154e-06, 1.33755520437e-06, 1.21037362533e-06, 1.01756336335e-06, 7.24494952919e-07], "min": [1.51706116784e-24, 2.8977091553e-24, 3.35231845371e-24, 1.45034828577e-24, 2.55221687223e-24, 1.785263226e-24, 1.49427413174e-24, 2.41902106105e-24, 4.38372805488e-24, 4.30624732006e-24, 2.81676670161e-24, 2.50613733739e-24, 4.17701218226e-24, 1.97415241988e-24, 3.38400936285e-24, 6.37185830113e-24, 4.93237726458e-24, 2.88580406095e-24, 4.05753762044e-24, 3.68885164347e-24, 5.25823361642e-24, 4.38999555477e-24, 6.27381472353e-24, 8.16989634063e-24, 6.22227922945e-24, 6.16147619746e-24, 4.46091572787e-24, 6.80502103533e-24, 5.69468629503e-24, 4.85789065133e-24, 5.07539064695e-24, 4.85661072451e-24, 6.74959487927e-24, 7.30189138737e-24, 6.53257332778e-24, 6.57417351319e-24, 4.6728696369e-24, 6.73213265427e-24, 6.05677384495e-24, 7.70332376937e-24], "var": [3.16459886562e-06, 1.73102034751e-05, 4.53959455626e-06, 4.77076795846e-08, 3.40256818276e-08, 3.83564682238e-08, 2.72390181522e-08, 7.85145530813e-08, 2.13635232171e-07, 2.15368586964e-07, 9.90614879015e-08, 1.20304818552e-07, 3.30951479555e-07, 7.4907212877e-08, 1.43607499226e-08, 3.0467308676e-08, 2.21773568398e-08, 8.94810892049e-09, 3.76216213738e-09, 6.15251183333e-09, 3.42674244536e-09, 1.92399562948e-09, 1.99960692449e-09, 1.10509157381e-09, 1.55192003692e-09, 1.11141107428e-09, 5.79527703604e-10, 5.62225432876e-10, 4.91579998929e-10, 2.38031483413e-10, 1.63239990969e-10, 1.30096100559e-10, 9.98097993143e-11, 1.07385961234e-10, 7.43957534466e-11, 3.46277451158e-11, 2.87126607212e-11, 2.58071168602e-11, 1.80757249446e-11, 1.40757622571e-11]}, "melbands_crest": {"dmean": 3.17542457581, "dmean2": 5.26705980301, "dvar": 9.53230857849, "dvar2": 24.6469573975, "max": 33.8444328308, "mean": 14.278834343, "median": 13.9412136078, "min": 1.63730609417, "var": 22.299446106}, "melbands_flatness_db": {"dmean": 0.0277470443398, "dmean2": 0.0436514317989, "dvar": 0.000953251903411, "dvar2": 0.00254341331311, "max": 0.478975176811, "mean": 0.154303371906, "median": 0.14682200551, "min": 0.0034834430553, "var": 0.00332989986055}, "melbands_kurtosis": {"dmean": 7.56426382065, "dmean2": 12.928278923, "dvar": 327.933929443, "dvar2": 908.814575195, "max": 375.655548096, "mean": 9.38318538666, "median": 4.93712997437, "min": -1.84821522236, "var": 289.8956604}, "melbands_skewness": {"dmean": 0.870527029037, "dmean2": 1.40486848354, "dvar": 1.46780204773, "dvar2": 3.80281496048, "max": 15.0923681259, "mean": 2.37361264229, "median": 2.17064523697, "min": -3.99605798721, "var": 2.63441038132}, "melbands_spread": {"dmean": 11.6968040466, "dmean2": 18.3015995026, "dvar": 191.976287842, "dvar2": 437.962402344, "max": 236.302352905, "mean": 39.1968154907, "median": 34.7606124878, "min": 0.658193707466, "var": 621.813903809}, "mfcc": {"cov": [[8985.83691406, -139.445098877, 493.521759033, 243.356018066, 201.639892578, 163.244567871, 255.260299683, 190.009887695, 43.5643882751, 19.0573940277, -28.0999393463, -27.4250030518, 3.66909456253], [-139.445098877, 1620.8729248, -437.914367676, 87.2097015381, -18.2785949707, 122.285476685, 97.8527297974, 66.162147522, 88.5923309326, 73.8990325928, 48.6945304871, 63.2911720276, 13.0388860703], [493.521759033, -437.914367676, 539.84387207, 79.2825622559, 114.058067322, 17.7177314758, 3.97787380219, 5.13656997681, -19.1365623474, -17.9215011597, -1.95813965797, -13.5655374527, -10.7658376694], [243.356018066, 87.2097015381, 79.2825622559, 307.045379639, 65.1535339355, 79.736366272, -55.6482543945, 29.7805900574, 17.4822463989, -3.43125367165, -5.03946352005, 24.1304092407, 14.6205892563], [201.639892578, -18.2785949707, 114.058067322, 65.1535339355, 175.720825195, 45.1625823975, 19.2816009521, 14.3108177185, 21.6615772247, 2.17988061905, -8.08561515808, 0.888952314854, 14.1508874893], [163.244567871, 122.285476685, 17.7177314758, 79.736366272, 45.1625823975, 209.835968018, 32.1465988159, 53.9025688171, -11.8989057541, -3.48303318024, 6.97810459137, -6.44396781921, 15.3790445328], [255.260299683, 97.8527297974, 3.97787380219, -55.6482543945, 19.2816009521, 32.1465988159, 159.882751465, 57.0545845032, 7.74093580246, 1.49517440796, 4.40308046341, -2.22944378853, -15.5772686005], [190.009887695, 66.162147522, 5.13656997681, 29.7805900574, 14.3108177185, 53.9025688171, 57.0545845032, 107.462585449, 25.0694904327, -3.92964792252, -3.53740692139, 4.15719127655, 3.17617797852], [43.5643882751, 88.5923309326, -19.1365623474, 17.4822463989, 21.6615772247, -11.8989057541, 7.74093580246, 25.0694904327, 92.7151641846, 35.1422233582, 2.91442537308, -1.72061729431, 2.27456855774], [19.0573940277, 73.8990325928, -17.9215011597, -3.43125367165, 2.17988061905, -3.48303318024, 1.49517440796, -3.92964792252, 35.1422233582, 84.8011322021, 25.6078109741, -3.77164459229, -10.8070716858], [-28.0999393463, 48.6945304871, -1.95813965797, -5.03946352005, -8.08561515808, 6.97810459137, 4.40308046341, -3.53740692139, 2.91442537308, 25.6078109741, 73.7693862915, 19.185043335, -12.4476308823], [-27.4250030518, 63.2911720276, -13.5655374527, 24.1304092407, 0.888952314854, -6.44396781921, -2.22944378853, 4.15719127655, -1.72061729431, -3.77164459229, 19.185043335, 71.393196106, 20.4366378784], [3.66909456253, 13.0388860703, -10.7658376694, 14.6205892563, 14.1508874893, 15.3790445328, -15.5772686005, 3.17617797852, 2.27456855774, -10.8070716858, -12.4476308823, 20.4366378784, 74.4183197021]], "icov": [[0.000128274434246, 8.88392423803e-06, -9.06273708097e-05, -0.000117644158308, -8.55752659845e-06, 1.06355882963e-05, -0.000226257820032, -8.47464325489e-05, 1.27733410409e-05, -8.24511516839e-05, 3.94764974772e-05, 6.72341338941e-05, -6.64174876874e-05], [8.88392423803e-06, 0.00104465929326, 0.000883752247319, -0.00048662541667, -2.82061500911e-05, -0.000507074873894, -0.000794033927377, 0.000262708519585, -0.000637174933217, -0.000425916659879, -0.000229825978749, -0.00067393615609, 7.69711186877e-05], [-9.06273708097e-05, 0.000883752247319, 0.00314485374838, -0.000829801720101, -0.00161776097957, 4.33571258327e-05, -0.000541869027074, 3.85120038118e-05, 0.000416232738644, 5.02877956023e-05, -0.000724178855307, 0.000132141169161, 0.000488364079501], [-0.000117644158308, -0.00048662541667, -0.000829801720101, 0.00532603124157, -0.00111807417125, -0.00169649440795, 0.0034510740079, -0.00149515515659, -0.000730851723347, 0.000362919381587, 0.00101226195693, -0.00209992588498, 0.00109506666195], [-8.55752659845e-06, -2.82061500911e-05, -0.00161776097957, -0.00111807417125, 0.00801959447563, -0.00136803765781, -0.00160283269361, 0.0015351875918, -0.0024239346385, -1.70802809407e-06, 0.00099587708246, -0.000208954166737, -0.00135447760113], [1.06355882963e-05, -0.000507074873894, 4.33571258327e-05, -0.00169649440795, -0.00136803765781, 0.00745903933421, -0.000720746640582, -0.00333101372235, 0.00335876177996, -0.000370714697056, -0.00192998570856, 0.00310508627445, -0.00219415710308], [-0.000226257820032, -0.000794033927377, -0.000541869027074, 0.0034510740079, -0.00160283269361, -0.000720746640582, 0.0107783069834, -0.00539593352005, 0.000757683184929, 0.000268146162853, 0.00017503122217, -0.000805671035778, 0.00260033272207], [-8.47464325489e-05, 0.000262708519585, 3.85120038118e-05, -0.00149515515659, 0.0015351875918, -0.00333101372235, -0.00539593352005, 0.0154500659555, -0.00532074738294, 0.00218909489922, 0.00103934260551, -0.00140550243668, -9.4615665148e-05], [1.27733410409e-05, -0.000637174933217, 0.000416232738644, -0.000730851723347, -0.0024239346385, 0.00335876177996, 0.000757683184929, -0.00532074738294, 0.0165079198778, -0.00649663060904, 0.000356784817996, 0.00193742348347, -0.00145306868944], [-8.24511516839e-05, -0.000425916659879, 5.02877956023e-05, 0.000362919381587, -1.70802809407e-06, -0.000370714697056, 0.000268146162853, 0.00218909489922, -0.00649663060904, 0.0168868917972, -0.00549682276323, 0.00193377223331, 0.0012547095539], [3.94764974772e-05, -0.000229825978749, -0.000724178855307, 0.00101226195693, 0.00099587708246, -0.00192998570856, 0.00017503122217, 0.00103934260551, 0.000356784817996, -0.00549682276323, 0.0184976756573, -0.00693616084754, 0.0041261035949], [6.72341338941e-05, -0.00067393615609, 0.000132141169161, -0.00209992588498, -0.000208954166737, 0.00310508627445, -0.000805671035778, -0.00140550243668, 0.00193742348347, 0.00193377223331, -0.00693616084754, 0.0195716060698, -0.00647746305913], [-6.64174876874e-05, 7.69711186877e-05, 0.000488364079501, 0.00109506666195, -0.00135447760113, -0.00219415710308, 0.00260033272207, -9.4615665148e-05, -0.00145306868944, 0.0012547095539, 0.0041261035949, -0.00647746305913, 0.0172377917916]], "mean": [-620.611206055, 91.159576416, -5.88351535797, 27.3388729095, 0.0548031255603, 9.6430273056, 11.8791093826, 7.51647377014, 6.4970459938, 6.30058860779, 0.750758290291, 2.0799779892, 0.892314553261]}, "pitch_salience": {"dmean": 0.069744028151, "dmean2": 0.115913055837, "dvar": 0.00484229531139, "dvar2": 0.0133446147665, "max": 0.970200538635, "mean": 0.533859670162, "median": 0.533024966717, "min": 0.080060094595, "var": 0.00996913388371}, "silence_rate_20dB": {"dmean": 0, "dmean2": 0, "dvar": 0, "dvar2": 0, "max": 1, "mean": 1, "median": 1, "min": 1, "var": 0}, "silence_rate_30dB": {"dmean": 0.000405885337386, "dmean2": 0.000811853038613, "dvar": 0.000405723694712, "dvar2": 0.00121713278349, "max": 1, "mean": 0.999797105789, "median": 1, "min": 0, "var": 0.000202878203709}, "silence_rate_60dB": {"dmean": 0.00953830499202, "dmean2": 0.019078547135, "dvar": 0.00944783259183, "dvar2": 0.0207459591329, "max": 1, "mean": 0.0441355518997, "median": 0, "min": 0, "var": 0.0421901196241}, "spectral_centroid": {"dmean": 316.935180664, "dmean2": 487.857940674, "dvar": 120827.289062, "dvar2": 270770.59375, "max": 11587.9121094, "mean": 2115.51171875, "median": 2079.26757812, "min": 310.438995361, "var": 611644.125}, "spectral_complexity": {"dmean": 4.29365825653, "dmean2": 6.624314785, "dvar": 17.6915168762, "dvar2": 37.8779067993, "max": 60, "mean": 26.883928299, "median": 27, "min": 0, "var": 135.169174194}, "spectral_contrast_coeffs": {"dmean": [0.0482581928372, 0.0458668023348, 0.038895227015, 0.031023832038, 0.0238708667457, 0.0208600088954], "dmean2": [0.0812059938908, 0.0751772969961, 0.0627287700772, 0.0500144436955, 0.0380594730377, 0.0316640883684], "dvar": [0.00197246926837, 0.00147456896957, 0.00116226321552, 0.000644767365884, 0.000444337027147, 0.000396794261178], "dvar2": [0.00542462896556, 0.00385808711872, 0.0028123895172, 0.00161520647816, 0.00102389999665, 0.000833805883303], "max": [-0.405059397221, -0.384760200977, -0.400602728128, -0.552414178848, -0.52926838398, -0.534069597721], "mean": [-0.685606479645, -0.759097695351, -0.770607054234, -0.777203142643, -0.777819037437, -0.734280347824], "median": [-0.690226316452, -0.768209218979, -0.783149600029, -0.782532989979, -0.781467854977, -0.737283825874], "min": [-0.969930410385, -0.97368568182, -0.973906099796, -0.966752171516, -0.965166091919, -0.962298452854], "var": [0.00485377013683, 0.00523639796302, 0.00515499943867, 0.00300611648709, 0.00202908390202, 0.00244681932963]}, "spectral_contrast_valleys": {"dmean": [0.402355074883, 0.341891735792, 0.292254477739, 0.260800540447, 0.269490450621, 0.321982055902], "dmean2": [0.646075069904, 0.55653244257, 0.466398924589, 0.413667559624, 0.402788758278, 0.381565064192], "dvar": [0.178019702435, 0.115967862308, 0.086686424911, 0.0835278406739, 0.131400540471, 0.164612457156], "dvar2": [0.360873103142, 0.246352434158, 0.176045313478, 0.163343891501, 0.263884216547, 0.245022296906], "max": [-5.3831820488, -5.14897108078, -5.31166028976, -5.52415418625, -5.3283033371, -7.33331108093], "mean": [-7.32946062088, -6.99013233185, -7.19844532013, -7.59700632095, -7.22077608109, -9.90448284149], "median": [-6.96057224274, -6.73062705994, -6.94913482666, -7.35127067566, -6.89864826202, -9.56448364258], "min": [-27.7710609436, -27.7138328552, -27.6468372345, -27.5725898743, -27.4459877014, -27.4297618866], "var": [2.59470963478, 2.1922929287, 2.37962245941, 2.26200461388, 2.42455124855, 2.93912291527]}, "spectral_decrease": {"dmean": 2.77840928042e-09, "dmean2": 4.58392657166e-09, "dvar": 2.71854016738e-17, "dvar2": 7.02085757644e-17, "max": 1.11859828766e-28, "mean": -6.22402218653e-09, "median": -4.63477434209e-09, "min": -3.85890537302e-08, "var": 3.00893068953e-17}, "spectral_energy": {"dmean": 0.0108451526612, "dmean2": 0.0177494995296, "dvar": 0.00039470550837, "dvar2": 0.0010141961975, "max": 0.14780163765, "mean": 0.0263096578419, "median": 0.0201809573919, "min": 1.0243463817e-20, "var": 0.000476885208627}, "spectral_energyband_high": {"dmean": 0.000710956053808, "dmean2": 0.000899380014744, "dvar": 1.15337843454e-06, "dvar2": 2.13925454773e-06, "max": 0.030717831105, "mean": 0.00219107535668, "median": 0.0013327562483, "min": 7.34010510335e-21, "var": 6.28058978691e-06}, "spectral_energyband_low": {"dmean": 0.00894948840141, "dmean2": 0.0153449764475, "dvar": 0.000374207360437, "dvar2": 0.00100457528606, "max": 0.144070714712, "mean": 0.0124171795323, "median": 0.00769059872255, "min": 2.05471507648e-23, "var": 0.000312658463372}, "spectral_energyband_middle_high": {"dmean": 0.00222570030019, "dmean2": 0.00342235784046, "dvar": 1.34070596687e-05, "dvar2": 3.10815012199e-05, "max": 0.0677041187882, "mean": 0.00710491091013, "median": 0.00433922046795, "min": 1.23761951418e-21, "var": 6.57952259644e-05}, "spectral_energyband_middle_low": {"dmean": 0.00297159003094, "dmean2": 0.00467413989827, "dvar": 2.76744303846e-05, "dvar2": 5.73379547859e-05, "max": 0.0533340908587, "mean": 0.00624368526042, "median": 0.00402202643454, "min": 1.71094779556e-22, "var": 4.58910217276e-05}, "spectral_entropy": {"dmean": 0.120468586683, "dmean2": 0.169359192252, "dvar": 0.0157921165228, "dvar2": 0.0316187702119, "max": 9.81958007812, "mean": 7.88543081284, "median": 7.92171859741, "min": 6.42942762375, "var": 0.13280159235}, "spectral_flux": {"dmean": 0.0281256437302, "dmean2": 0.0433834791183, "dvar": 0.00163923599757, "dvar2": 0.00321764452383, "max": 0.351320177317, "mean": 0.0898918509483, "median": 0.0767770856619, "min": 6.54677076439e-11, "var": 0.00335305300541}, "spectral_kurtosis": {"dmean": 1.01353359222, "dmean2": 1.67708981037, "dvar": 2.00168943405, "dvar2": 5.51764345169, "max": 29.8361778259, "mean": 3.28003716469, "median": 2.9526181221, "min": -1.29399609566, "var": 4.48234844208}, "spectral_rms": {"dmean": 0.000884147419129, "dmean2": 0.00139865151141, "dvar": 1.84124371572e-06, "dvar2": 4.49054959972e-06, "max": 0.0120081938803, "mean": 0.00468727806583, "median": 0.00443719979376, "min": 3.16126920648e-12, "var": 3.69736903849e-06}, "spectral_rolloff": {"dmean": 825.499572754, "dmean2": 1318.93115234, "dvar": 1341099.25, "dvar2": 2966302.25, "max": 19229.1503906, "mean": 2664.31079102, "median": 2067.1875, "min": 64.599609375, "var": 4538978.5}, "spectral_skewness": {"dmean": 0.169852182269, "dmean2": 0.266189038754, "dvar": 0.035538110882, "dvar2": 0.0918932929635, "max": 3.50660252571, "mean": 1.23252606392, "median": 1.20689892769, "min": -0.0873152837157, "var": 0.122591882944}, "spectral_spread": {"dmean": 526100.5, "dmean2": 742555.5625, "dvar": 683730599936, "dvar2": 1331485868030.0, "max": 50504572, "mean": 4932639, "median": 4648200, "min": 1458385, "var": 4717057409020.