{"lowlevel": {"average_loudness": 0.513451218605, "barkbands": {"dmean": [2.06219610845e-05, 0.000405119266361, 0.000625185552053, 0.000529330631252, 0.000803905713838, 0.000586527457926, 0.000418934039772, 0.000434713816503, 0.00045743730152, 0.000212610917515, 0.000258193147602, 0.000264647300355, 0.000268487463472, 0.000165475168615, 0.000137855327921, 8.84430337464e-05, 7.86068194429e-05, 0.000142277829582, 0.000189455284271, 0.000115219154395, 0.000104630074929, 7.3800154496e-05, 7.67150340835e-05, 5.67190400034e-05, 1.27663843159e-05, 7.06639502823e-06, 2.95873496725e-06], "dmean2": [3.31674054905e-05, 0.000523981172591, 0.000814664468635, 0.000887605245225, 0.00129384512547, 0.000867543742061, 0.000621871091425, 0.000621706189122, 0.000637894729152, 0.000304070825223, 0.00034748253529, 0.00038986018626, 0.000397856929339, 0.000257227191469, 0.000207630102523, 0.000132541768835, 0.00011641659512, 0.000210726677324, 0.000276053586276, 0.000168972212123, 0.000152068256284, 0.000111525150714, 0.000116299052024, 8.48537238198e-05, 1.84696582437e-05, 9.9169474197e-06, 4.48274568043e-06], "dvar": [3.96934984881e-10, 1.04245975763e-06, 2.74326134786e-06, 1.98907628146e-06, 2.3702582439e-06, 2.4680957722e-06, 1.5753948901e-06, 3.37771098202e-06, 5.96535483055e-06, 7.91659658717e-07, 2.14916644836e-06, 1.63273466569e-06, 2.65310359282e-06, 1.02036676708e-06, 7.97299435362e-07, 9.72314495584e-08, 1.13463102025e-07, 1.83893760664e-07, 4.09474438356e-07, 1.44217494835e-07, 9.85764572192e-08, 9.40553590567e-08, 1.57913376597e-07, 5.44661951096e-08, 2.6832327471e-09, 6.54146015133e-10, 1.10401618403e-10], "dvar2": [1.01564900934e-09, 1.46590014083e-06, 4.02042905989e-06, 5.44001613889e-06, 6.26431710771e-06, 4.41450356448e-06, 3.34009359904e-06, 5.69283292862e-06, 1.03247703009e-05, 1.49750360379e-06, 3.19930336445e-06, 2.86109798253e-06, 4.79279742649e-06, 2.21412506107e-06, 1.61651178132e-06, 2.00767331648e-07, 2.13420420891e-07, 3.6002253978e-07, 7.21295009498e-07, 3.22564631006e-07, 1.80439698738e-07, 2.17938151081e-07, 3.84337255355e-07, 1.18698999074e-07, 5.54119639062e-09, 1.37467248695e-09, 2.4135485277e-10], "max": [0.000348587433109, 0.0240244287997, 0.0432110726833, 0.0278331413865, 0.0338938198984, 0.0584218725562, 0.0390896238387, 0.0570793785155, 0.0904131680727, 0.0268437359482, 0.0708336010575, 0.0514403022826, 0.0721954628825, 0.0562737993896, 0.0571412704885, 0.0115248318762, 0.0172274615616, 0.0136425551027, 0.0262025054544, 0.0164807382971, 0.0169233325869, 0.0058806957677, 0.016926497221, 0.00346317794174, 0.00158535467926, 0.0005478108651, 0.000163736040122], "mean": [6.42209270154e-05, 0.000808099110145, 0.00121580669656, 0.000752471212763, 0.00160820106976, 0.00146060728002, 0.000825860188343, 0.000782665156294, 0.0010048878612, 0.000371522328351, 0.000521528418176, 0.000435312103946, 0.000394726142986, 0.000229557786952, 0.000207493023481, 0.00016052830324, 0.000148349936353, 0.000249619595706, 0.000374588998966, 0.00022817592253, 0.000209081481444, 9.94002839434e-05, 9.92737041088e-05, 7.70054029999e-05, 1.8339829694e-05, 1.00658135125e-05, 2.84245220428e-06], "median": [6.27530971542e-05, 0.000138324336149, 0.000198469570023, 0.000211473146919, 0.000767930818256, 0.000413382251281, 0.000165962759638, 7.3802548286e-05, 6.64328763378e-05, 1.73528242158e-05, 1.62473115779e-05, 2.66953047685e-05, 2.15695199586e-05, 2.02242626983e-05, 1.60537856573e-05, 1.89468555618e-05, 2.13036055356e-05, 3.09225106321e-05, 4.56684538221e-05, 3.36019838869e-05, 4.59003604192e-05, 1.89237580344e-05, 1.64139946719e-05, 1.33396042656e-05, 3.91347430195e-06, 1.60202387178e-06, 7.15681878205e-08], "min": [7.73368387017e-24, 3.37960949116e-23, 3.58260201919e-23, 9.60635919536e-24, 1.44821836527e-22, 5.99588940251e-23, 3.13898293369e-23, 5.26862244123e-23, 1.34307507108e-22, 1.29996161379e-22, 4.65988908847e-23, 1.15629489682e-22, 7.67724797215e-23, 5.54768324863e-23, 1.59916885586e-22, 7.21352208436e-23, 1.49337200618e-22, 2.43605775869e-22, 3.15004099653e-22, 1.59644305744e-22, 3.94747587316e-22, 5.11177979077e-22, 7.90100010066e-22, 1.17187198407e-21, 1.35976113267e-21, 1.56513739641e-21, 2.79751029137e-21], "var": [1.45319900557e-09, 3.74253818336e-06, 1.071837778e-05, 3.41020768246e-06, 5.86128635405e-06, 1.30563976199e-05, 4.23605615651e-06, 1.05112285382e-05, 2.49463100772e-05, 2.18694549403e-06, 9.25425865717e-06, 3.9304782149e-06, 5.04163153892e-06, 1.74985120793e-06, 1.29457112052e-06, 3.45588404116e-07, 3.87981259564e-07, 5.5533161003e-07, 1.45048443301e-06, 5.11309679041e-07, 3.38030844205e-07, 1.00585317853e-07, 1.5005777243e-07, 6.47386002584e-08, 3.93866406156e-09, 8.91850815421e-10, 1.21306367729e-10]}, "barkbands_crest": {"dmean": 2.18563365936, "dmean2": 3.45143485069, "dvar": 4.17299842834, "dvar2": 10.1876916885, "max": 24.4207401276, "mean": 10.2470817566, "median": 9.53779792786, "min": 2.43396282196, "var": 16.5911064148}, "barkbands_flatness_db": {"dmean": 0.0178666207939, "dmean2": 0.0261647365987, "dvar": 0.000313756696414, "dvar2": 0.000632521347143, "max": 0.322853028774, "mean": 0.132287353277, "median": 0.127269372344, "min": 0.0185029134154, "var": 0.00216166581959}, "barkbands_kurtosis": {"dmean": 3.18820667267, "dmean2": 4.82215881348, "dvar": 37.822013855, "dvar2": 86.4454269409, "max": 219.445358276, "mean": 6.97010707855, "median": 3.2511844635, "min": -1.94140970707, "var": 138.82522583}, "barkbands_skewness": {"dmean": 0.504108786583, "dmean2": 0.736309826374, "dvar": 0.316992223263, "dvar2": 0.627230584621, "max": 12.9114990234, "mean": 1.79035496712, "median": 1.72911655903, "min": -6.37381792068, "var": 2.52228689194}, "barkbands_spread": {"dmean": 5.67552900314, "dmean2": 8.47580242157, "dvar": 60.455493927, "dvar2": 119.830535889, "max": 150.774902344, "mean": 23.3704051971, "median": 19.1037998199, "min": 1.01121640205, "var": 292.392272949}, "dissonance": {"dmean": 0.0171874836087, "dmean2": 0.0283936653286, "dvar": 0.000338327983627, "dvar2": 0.000904305663425, "max": 0.500000059605, "mean": 0.461537480354, "median": 0.470132350922, "min": 0.235711365938, "var": 0.000947282882407}, "dynamic_complexity": 6.90673923492, "erbbands": {"dmean": [0.00313203781843, 0.124975457788, 0.716292977333, 1.07862281799, 2.34432435036, 2.93537831306, 3.45991158485, 5.82063484192, 6.18481111526, 6.36620044708, 10.7405195236, 10.5081214905, 5.81267356873, 8.7026720047, 9.64735889435, 10.421628952, 11.2071771622, 7.51372385025, 7.69912147522, 5.52804660797, 4.1128487587, 4.32242202759, 6.17541980743, 9.84310150146, 7.65174102783, 4.9256272316, 4.86180639267, 3.37659454346, 2.58907413483, 2.45589923859, 2.1646835804, 1.82687735558, 0.523336708546, 0.172341480851, 0.0842067822814, 0.0376824773848, 0.0115135181695, 0.00345021882094, 0.000585998583119, 1.70186594914e-05], "dmean2": [0.00456129293889, 0.158072948456, 0.896086633205, 1.76388823986, 3.86502981186, 4.70771121979, 5.4595284462, 8.40602302551, 9.2398853302, 9.36596107483, 14.9143600464, 14.0113573074, 7.91311836243, 11.5276813507, 12.8826951981, 14.7981147766, 16.0806674957, 11.657119751, 11.4629039764, 8.11696147919, 5.95280838013, 6.37390947342, 9.00716304779, 13.8313875198, 10.9363956451, 7.22155380249, 7.15612649918, 4.91354465485, 3.91932630539, 3.6703209877, 3.28737044334, 2.7660112381, 0.765365183353, 0.253501713276, 0.12237944454, 0.053512904793, 0.0164149124175, 0.00489897327498, 0.000906753644813, 2.52460431511e-05], "dvar": [4.24663958256e-05, 0.103186316788, 3.8357231617, 8.32256698608, 24.6340141296, 34.8952674866, 53.0914764404, 304.555755615, 307.407714844, 685.94934082, 1722.58178711, 3673.22900391, 602.677856445, 1409.6875, 3227.09082031, 2692.87475586, 3646.16601562, 2582.14135742, 2554.44311523, 414.964874268, 216.227493286, 341.302276611, 305.800231934, 1160.87976074, 576.328186035, 208.923126221, 278.444732666, 102.453521729, 129.28213501, 106.939369202, 167.921676636, 61.4532775879, 4.53721237183, 0.471651941538, 0.128664925694, 0.0201475545764, 0.00174993486144, 0.00014495884534, 4.40206486019e-06, 2.88099166745e-09], "dvar2": [8.32047007862e-05, 0.137471154332, 4.92064332962, 22.6133384705, 65.3452301025, 93.3912124634, 128.999679565, 523.741760254, 704.814575195, 1500.79675293, 2971.23657227, 6677.51806641, 1008.16601562, 2265.66918945, 5122.52685547, 4613.67431641, 6539.16015625, 5513.09960938, 5139.76708984, 900.777770996, 391.133514404, 690.081359863, 617.784118652, 2115.10009766, 1010.14398193, 467.949188232, 520.048095703, 210.989700317, 315.744262695, 234.303146362, 423.272277832, 138.618896484, 9.73848247528, 0.98968309164, 0.280891090631, 0.0422567203641, 0.00375638296828, 0.000301129242871, 9.89511954685e-06, 6.52121467937e-09], "max": [0.107007667422, 7.649913311, 51.7277641296, 62.4163360596, 94.9868621826, 109.352928162, 218.05166626, 670.607177734, 508.522644043, 850.653747559, 1314.18115234, 2881.58666992, 968.36114502, 1633.17297363, 3089.98950195, 2446.62915039, 2451.3449707, 3255.96386719, 3796.25878906, 625.540771484, 778.69934082, 1219.8092041, 434.27557373, 1278.90905762, 1141.9967041, 485.776092529, 1024.99230957, 221.796829224, 226.640396118, 179.269119263, 650.971374512, 178.505325317, 38.6637229919, 16.1329536438, 12.7721538544, 3.05684232712, 0.868536829948, 0.194030061364, 0.0294792819768, 0.00100420881063], "mean": [0.00650955876336, 0.252255141735, 1.44985127449, 1.78214037418, 3.91579866409, 5.55073308945, 6.83616447449, 14.9167490005, 13.8199424744, 11.3757553101, 22.2589187622, 21.991651535, 10.4927825928, 18.3484134674, 17.541437149, 16.9876499176, 18.1801872253, 11.4766578674, 11.3779296875, 10.2419576645, 8.17451858521, 8.78590869904, 12.0655355453, 20.4305229187, 16.2060012817, 10.3532524109, 9.9782075882, 6.1104221344, 3.48113512993, 3.23023581505, 2.80221891403, 2.42658615112, 0.729274332523, 0.245816066861, 0.119692154229, 0.0544089414179, 0.0157811734825, 0.00401374138892, 0.000543833768461, 2.75484380836e-05], "median": [0.00189717905596, 0.0422710552812, 0.218525096774, 0.601265788078, 1.56167519093, 2.49545860291, 3.0478105545, 3.61684894562, 3.06250619888, 2.09666132927, 2.4185116291, 1.73528492451, 0.812895059586, 0.763528883457, 0.883780360222, 1.11513519287, 1.17388367653, 1.15416169167, 1.07455360889, 1.16314578056, 1.11381387711, 1.46362018585, 1.68667268753, 2.33977937698, 2.29958176613, 1.65076959133, 1.89386606216, 1.31437659264, 0.652943432331, 0.54129755497, 0.50359994173, 0.414983600378, 0.136128649116, 0.0530777014792, 0.0245156753808, 0.00997246708721, 0.00230245362036, 0.000322876527207, 1.96155797312e-05, 9.50652156462e-06], "min": [6.77230801489e-22, 8.84613765811e-21, 3.45674512836e-20, 5.02219800855e-20, 7.14730061167e-20, 5.78061626e-19, 6.81031498494e-19, 6.35167590551e-19, 3.45052834907e-19, 7.76198627968e-19, 2.12911264549e-18, 2.74748205896e-18, 2.95222146148e-18, 3.24072592911e-18, 2.52753783601e-18, 4.78746247793e-18, 3.61282009958e-18, 3.49755703071e-18, 5.19088177139e-18, 7.16122020023e-18, 5.17104804825e-18, 1.00458802376e-17, 1.30088271297e-17, 1.39859019682e-17, 1.55458438351e-17, 7.96548377391e-18, 1.51772670434e-17, 1.57366942548e-17, 1.7675195329e-17, 2.08289802331e-17, 2.13815253017e-17, 2.15263348485e-17, 2.17293812191e-17, 1.31294201368e-17, 9.43288315542e-18, 6.07390286555e-18, 3.4250641626e-18, 1.3637564425e-18, 4.25453834019e-19, 3.73059037873e-20], "var": [0.000125353646581, 0.388589471579, 15.9582853317, 14.6250076294, 49.620513916, 77.1272506714, 141.96282959, 1657.9432373, 963.053649902, 1389.77160645, 6141.77832031, 13179.9238281, 1683.35595703, 6586.23535156, 8956.42773438, 6131.02734375, 8592.47167969, 4776.09521484, 4345.36523438, 1291.47888184, 929.230102539, 1305.27978516, 923.616149902, 4209.62207031, 2414.19995117, 766.398925781, 953.582519531, 226.168151855, 129.556259155, 121.591377258, 146.007400513, 68.3923339844, 5.51637506485, 0.673505663872, 0.172232374549, 0.0272346381098, 0.00228940229863, 0.000185446479009, 4.56233647128e-06, 3.47260953326e-09]}, "erbbands_crest": {"dmean": 2.21007156372, "dmean2": 3.45814538002, "dvar": 5.24221992493, "dvar2": 12.2955551147, "max": 30.6281414032, "mean": 9.16714382172, "median": 8.01139736176, "min": 2.23627781868, "var": 21.0638980865}, "erbbands_flatness_db": {"dmean": 0.015151293017, "dmean2": 0.0219192765653, "dvar": 0.000299021747196, "dvar2": 0.000540303764865, "max": 0.343409985304, "mean": 0.15083296597, "median": 0.142716631293, "min": 0.0279449485242, "var": 0.00227271928452}, "erbbands_kurtosis": {"dmean": 0.916440963745, "dmean2": 1.4315328598, "dvar": 2.01111221313, "dvar2": 4.63510894775, "max": 26.0497512817, "mean": 0.535113751888, "median": -0.296076536179, "min": -1.83533322811, "var": 6.2884850502}, "erbbands_skewness": {"dmean": 0.346813499928, "dmean2": 0.510100245476, "dvar": 0.140878349543, "dvar2": 0.272709816694, "max": 4.8554186821, "mean": 0.48022082448, "median": 0.482596963644, "min": -4.37072277069, "var": 1.05212032795}, "erbbands_spread": {"dmean": 9.04606056213, "dmean2": 13.6381912231, "dvar": 107.653739929, "dvar2": 240.611297607, "max": 170.30619812, "mean": 49.5831375122, "median": 45.8088951111, "min": 5.50374412537, "var": 544.719909668}, "gfcc": {"cov": [[23413.984375, 2465.50488281, -2306.32397461, 756.927429199, -1211.3861084, -36.440864563, -513.109985352, 0.0472029969096, -561.621459961, -200.825592041, -95.885269165, -131.182067871, -105.094657898], [2465.50488281, 1475.48022461, -319.320770264, -63.578125, -210.798431396, -59.2028884888, -53.177028656, -68.2979049683, -80.8827896118, -52.9377174377, 39.4004554749, -69.6601715088, 9.77894210815], [-2306.32397461, -319.320770264, 1282.90234375, 176.759094238, 162.754943848, 187.398574829, -82.1395950317, -22.5849437714, 107.490600586, 28.4117717743, -79.9999313354, 56.4832801819, -83.0646743774], [756.927429199, -63.578125, 176.759094238, 531.728393555, 73.0877380371, 23.058549881, -107.662742615, 11.2792224884, 20.4446735382, 1.84334015846, -60.132232666, -33.2931365967, -15.1361427307], [-1211.3861084, -210.798431396, 162.754943848, 73.0877380371, 326.514801025, 31.4100131989, 35.6541175842, -0.0539867468178, 52.1384620667, 25.1589450836, -9.01878452301, -14.9922084808, -7.51212692261], [-36.440864563, -59.2028884888, 187.398574829, 23.058549881, 31.4100131989, 199.528076172, 26.7680835724, -0.165556013584, 10.7319488525, 12.630027771, 1.93707501888, 13.3635129929, -38.0728340149], [-513.109985352, -53.177028656, -82.1395950317, -107.662742615, 35.6541175842, 26.7680835724, 229.687316895, 87.5000152588, -12.1988210678, -39.915309906, 23.0892620087, 0.538777053356, 7.15638017654], [0.0472029969096, -68.2979049683, -22.5849437714, 11.2792224884, -0.0539867468178, -0.165556013584, 87.5000152588, 147.307388306, 8.14743232727, -22.9473457336, -11.7345428467, 10.4416437149, 2.0839600563], [-561.621459961, -80.8827896118, 107.490600586, 20.4446735382, 52.1384620667, 10.7319488525, -12.1988210678, 8.14743232727, 118.22795105, 51.7976493835, -10.9533491135, -10.8090410233, 0.920359432697], [-200.825592041, -52.9377174377, 28.4117717743, 1.84334015846, 25.1589450836, 12.630027771, -39.915309906, -22.9473457336, 51.7976493835, 124.294960022, 16.8435649872, -12.1889457703, -5.44003248215], [-95.885269165, 39.4004554749, -79.9999313354, -60.132232666, -9.01878452301, 1.93707501888, 23.0892620087, -11.7345428467, -10.9533491135, 16.8435649872, 82.5450744629, 27.0304164886, 0.292783200741], [-131.182067871, -69.6601715088, 56.4832801819, -33.2931365967, -14.9922084808, 13.3635129929, 0.538777053356, 10.4416437149, -10.8090410233, -12.1889457703, 27.0304164886, 87.8070449829, 20.0824832916], [-105.094657898, 9.77894210815, -83.0646743774, -15.1361427307, -7.51212692261, -38.0728340149, 7.15638017654, 2.0839600563, 0.920359432697, -5.44003248215, 0.292783200741, 20.0824832916, 81.3927078247]], "icov": [[0.000107672261947, -0.000125593971461, 0.000241200061282, -0.000204933938221, 0.000218987406697, -0.000211531834793, 0.00018288299907, -9.49530367507e-05, 0.000226738964557, -6.78687574691e-05, 0.000361334037734, -0.0002590228396, 0.000325286295265], [-0.000125593971461, 0.00102729373612, -0.000252121099038, 0.000297043879982, 0.000209788486245, 0.000172328072949, 0.000109945198346, 0.00025431314134, -8.15433886601e-05, 0.000633734394796, -0.00127463415265, 0.00151824776549, -0.000730600848328], [0.000241200061282, -0.000252121099038, 0.00188712193631, -0.000654109753668, 8.69951109053e-05, -0.00124036509078, 0.000542862806469, 0.000248761207331, -0.000498012464959, -7.56855370128e-05, 0.00241201696917, -0.00242794444785, 0.00211065984331], [-0.000204933938221, 0.000297043879982, -0.000654109753668, 0.00295827328227, -0.00104326754808, -7.51572079025e-05, 0.00152682350017, -0.00113291374873, -0.000107470877992, 0.000619918981101, -0.000298159488011, 0.00183861632831, -0.00106432614848], [0.000218987406697, 0.000209788486245, 8.69951109053e-05, -0.00104326754808, 0.00449989549816, -0.000363216910046, -0.000962028629147, 0.00071817508433, -0.000619510072283, -0.000305888068397, 0.000149027109728, 0.000549666234292, 0.0003143401118], [-0.000211531834793, 0.000172328072949, -0.00124036509078, -7.51572079025e-05, -0.000363216910046, 0.00715063326061, -0.00235894438811, 0.00118425907567, -0.00027232489083, -0.0010360594606, -0.000391703477362, -0.00123619381338, 0.00215499266051], [0.00018288299907, 0.000109945198346, 0.000542862806469, 0.00152682350017, -0.000962028629147, -0.00235894438811, 0.00906730815768, -0.00542742339894, 0.000916753080674, 0.0028148337733, -0.00303041189909, 0.00312494183891, -0.00137198553421], [-9.49530367507e-05, 0.00025431314134, 0.000248761207331, -0.00113291374873, 0.00071817508433, 0.00118425907567, -0.00542742339894, 0.0108577627689, -0.00212443829514, 0.000110581553599, 0.00310146599077, -0.00340512418188, 0.00156989670359], [0.000226738964557, -8.15433886601e-05, -0.000498012464959, -0.000107470877992, -0.000619510072283, -0.00027232489083, 0.000916753080674, -0.00212443829514, 0.0129501894116, -0.00498792529106, 0.00136685767211, 0.00151341431774, -0.0012945815688], [-6.78687574691e-05, 0.000633734394796, -7.56855370128e-05, 0.000619918981101, -0.000305888068397, -0.0010360594606, 0.0028148337733, 0.000110581553599, -0.00498792529106, 0.0124054523185, -0.00517380051315, 0.00366417155601, -0.000888847222086], [0.000361334037734, -0.00127463415265, 0.00241201696917, -0.000298159488011, 0.000149027109728, -0.000391703477362, -0.00303041189909, 0.00310146599077, 0.00136685767211, -0.00517380051315, 0.0213025230914, -0.0107090808451, 0.00524780713022], [-0.0002590228396, 0.00151824776549, -0.00242794444785, 0.00183861632831, 0.000549666234292, -0.00123619381338, 0.00312494183891, -0.00340512418188, 0.00151341431774, 0.00366417155601, -0.0107090808451, 0.0210199505091, -0.00828791689128], [0.000325286295265, -0.000730600848328, 0.00211065984331, -0.00106432614848, 0.0003143401118, 0.00215499266051, -0.00137198553421, 0.00156989670359, -0.0012945815688, -0.000888847222086, 0.00524780713022, -0.00828791689128, 0.017848752439]], "mean": [-93.0398635864, 76.2801742554, -106.096733093, 41.7552146912, -69.8074874878, -0.867502212524, -41.1869621277, -0.311192303896, -26.4913368225, 1.20221889019, -12.73320961, -2.96735429764, -16.393409729]}, "hfc": {"dmean": 4.47163963318, "dmean2": 5.85683679581, "dvar": 126.10067749, "dvar2": 243.984359741, "max": 237.874572754, "mean": 12.1880741119, "median": 3.8600666523, "min": 1.28469050359e-16, "var": 435.665008545}, "melbands": {"dmean": [6.55470430502e-05, 0.000300646701362, 0.000221330439672, 0.000187689671293, 0.000118625903269, 0.000124666083138, 9.08949659788e-05, 7.59854592616e-05, 9.37044314924e-05, 6.05770619586e-05, 2.91026444756e-05, 3.55130759999e-05, 3.42434250342e-05, 2.98090853903e-05, 3.2082942198e-05, 2.18224358832e-05, 1.42866574606e-05, 1.37663218993e-05, 1.02398389572e-05, 6.89827311362e-06, 4.59156854049e-06, 4.10977781939e-06, 5.74539899389e-06, 6.74800367051e-06, 8.90287719812e-06, 7.22768163541e-06, 4.98230929225e-06, 3.15238162329e-06, 3.37314827448e-06, 2.70610507869e-06, 1.82486633094e-06, 1.54551116793e-06, 1.37619622365e-06, 1.38899167723e-06, 1.19013691346e-06, 1.41068062476e-06, 1.0016970009e-06, 3.85469490993e-07, 2.19858449668e-07, 1.23753480352e-07], "dmean2": [8.73725948622e-05, 0.000374979281332, 0.000356387492502, 0.0003078863665, 0.000186122328159, 0.000181183757377, 0.000136067450512, 0.000109671003884, 0.000131285254611, 8.16622123239e-05, 4.02046862291e-05, 4.78541733173e-05, 4.52587701147e-05, 4.31776170444e-05, 4.452900248e-05, 3.39851576427e-05, 2.21174268518e-05, 2.05113701668e-05, 1.50708456204e-05, 1.05366825665e-05, 6.61579133521e-06, 6.2180220084e-06, 8.58591283759e-06, 9.73317128228e-06, 1.26733184516e-05, 1.0569715414e-05, 7.34890545573e-06, 4.7543690016e-06, 5.02863895235e-06, 4.01014813178e-06, 2.69518181994e-06, 2.39258611145e-06, 2.10368466469e-06, 2.1116568405e-06, 1.82224505352e-06, 2.17696560867e-06, 1.53391181357e-06, 5.71269708871e-07, 3.28431070784e-07, 1.86060276519e-07], "dvar": [2.40204816038e-08, 6.50561105431e-07, 2.78511606666e-07, 1.42169952255e-07, 5.79144803226e-08, 1.28709032765e-07, 6.33903809444e-08, 1.02817104164e-07, 1.42615235177e-07, 1.19057986581e-07, 1.61692508271e-08, 2.21083826801e-08, 4.3676120498e-08, 2.18994706813e-08, 4.95372312059e-08, 8.59196358505e-09, 1.01476347325e-08, 7.97766830374e-09, 2.44808373573e-09, 6.75099698366e-10, 3.26362686875e-10, 3.45924844325e-10, 5.32310140411e-10, 4.39479480585e-10, 1.07146591599e-09, 5.90944404522e-10, 2.82350254288e-10, 8.54664949923e-11, 1.88979873417e-10, 5.39172040348e-11, 3.39391292847e-11, 4.42245476351e-11, 3.63833269068e-11, 3.48881791512e-11, 5.0614488295e-11, 5.23188402324e-11, 1.76722057127e-11, 2.42833531061e-12, 7.70700506452e-13, 2.6564273242e-13], "dvar2": [3.65596193319e-08, 8.21639844162e-07, 7.37716902677e-07, 3.94730449216e-07, 1.41063594583e-07, 2.25289383593e-07, 1.40099103874e-07, 2.03373033969e-07, 2.49982491596e-07, 2.13107682612e-07, 2.7414278847e-08, 3.75330166946e-08, 6.54572005487e-08, 4.07719618067e-08, 7.83785125691e-08, 1.84068582598e-08, 2.14517488217e-08, 1.61663749054e-08, 4.9776729405e-09, 1.52099954853e-09, 5.53477819132e-10, 7.51552986511e-10, 1.09036335516e-09, 7.64392327213e-10, 2.00970129427e-09, 1.17246901077e-09, 5.72338454408e-10, 2.0040538673e-10, 3.43852141205e-10, 1.08759626305e-10, 7.11815328902e-11, 1.10992479097e-10, 8.29411331282e-11, 7.80287501279e-11, 1.28228205831e-10, 1.28553237499e-10, 3.95708500689e-11, 5.26199786868e-12, 1.69334424954e-12, 5.64975149997e-13], "max": [0.00345237762667, 0.020984640345, 0.0110169369727, 0.00747249834239, 0.0058295535855, 0.0135853458196, 0.00651374086738, 0.0114444252104, 0.012360596098, 0.0173356961459, 0.00495637115091, 0.00606525875628, 0.0115623502061, 0.00618449738249, 0.0104389069602, 0.00239562918432, 0.00608551315963, 0.00669389497489, 0.00196302030236, 0.000795217580162, 0.00113169744145, 0.00138131785206, 0.00100380030926, 0.000895200355444, 0.00127704779152, 0.00107330654282, 0.000880232895724, 0.000317730911775, 0.000982134370133, 0.000231812096899, 0.000119540010928, 0.000121567463793, 0.000130741900648, 0.00011242099572, 0.000354370306013, 0.000313505384838, 6.89090084052e-05, 3.21408879245e-05, 1.84302480193e-05, 1.50626110553e-05], "mean": [0.000136240996653, 0.000614788325038, 0.000382150057703, 0.000349475973053, 0.000243662434514, 0.000321565079503, 0.000201639486477, 0.00013580895029, 0.000205879128771, 0.000122589364764, 4.93535917485e-05, 7.23673874745e-05, 6.57488562865e-05, 4.78347938042e-05, 4.89695521537e-05, 3.26754052367e-05, 1.99957175937e-05, 1.87969289982e-05, 1.64690100064e-05, 1.16550872917e-05, 8.53856909089e-06, 7.77884179115e-06, 1.05461276689e-05, 1.24492025861e-05, 1.73911066668e-05, 1.31863544084e-05, 9.95576647256e-06, 5.91809794059e-06, 6.4924211074e-06, 5.03745150127e-06, 2.99381713376e-06, 1.97949771064e-06, 1.7821455458e-06, 1.74640149453e-06, 1.4608139054e-06, 1.88902356513e-06, 1.27899284053e-06, 5.25453458522e-07, 2.9630476206e-07, 1.7381675832e-07], "median": [3.05075118376e-05, 0.000102093617897, 0.000136596034281, 0.000156105859787, 0.000117234871141, 8.18885673652e-05, 4.38188835687e-05, 1.74091201188e-05, 1.87870227819e-05, 8.35855735204e-06, 3.08088669954e-06, 2.82718747258e-06, 2.59334365182e-06, 2.67453151537e-06, 2.18089212467e-06, 2.17631531996e-06, 1.92281322597e-06, 1.56214923663e-06, 1.30010255361e-06, 1.35196830797e-06, 1.08110998553e-06, 1.31966874051e-06, 1.08402900878e-06, 1.55948293923e-06, 1.77245760824e-06, 1.70918110598e-06, 1.30630439799e-06, 8.80323113961e-07, 9.93865114651e-07, 1.16297155728e-06, 5.35706703886e-07, 3.20461367664e-07, 3.53209514969e-07, 2.40190217937e-07, 2.22357584789e-07, 3.87414530678e-07, 1.80701647423e-07, 9.18045230947e-08, 5.85292383448e-08, 3.72814774607e-08], "min": [8.45289703493e-24, 1.69014584903e-23, 7.99567325427e-24, 1.99857247695e-23, 2.88367788359e-23, 1.30289134853e-23, 5.65893709095e-24, 7.74148728225e-24, 2.10238041896e-23, 1.67046108732e-23, 1.58857779868e-23, 1.49616227031e-23, 6.4801673257e-24, 1.32313265161e-23, 8.51763806056e-24, 8.18679295236e-24, 6.34092430403e-24, 7.27893474617e-24, 1.20942687182e-23, 5.21116583608e-24, 6.17641012326e-24, 9.55498305118e-24, 1.23372757424e-23, 9.69370581909e-24, 1.14052334274e-23, 1.27346320801e-23, 7.37458097548e-24, 4.56553446112e-24, 9.15677001053e-24, 9.5630175995e-24, 9.2430564052e-24, 1.0972332595e-23, 8.67260820767e-24, 1.27507193205e-23, 1.13009531155e-23, 1.38000139761e-23, 1.24206599178e-23, 1.49975884495e-23, 1.33605300995e-23, 1.1160906639e-23], "var": [8.27981594398e-08, 2.67797531706e-06, 5.5263745935e-07, 3.05139906231e-07, 1.54919575834e-07, 6.9444985229e-07, 2.0210561047e-07, 2.57309096696e-07, 5.95091989908e-07, 4.08476097391e-07, 4.48135679676e-08, 9.66379190004e-08, 1.51362172573e-07, 5.11006099657e-08, 1.07237688951e-07, 1.86649824485e-08, 1.7417107756e-08, 1.38790676729e-08, 5.66811886316e-09, 1.80425130392e-09, 1.37145284018e-09, 1.33615352116e-09, 1.33858368834e-09, 1.66300984095e-09, 3.58568197356e-09, 1.89206472712e-09, 1.24471832841e-09, 2.50432702353e-10, 6.07807804087e-10, 1.60609067712e-10, 6.21518322919e-11, 4.29415045189e-11, 3.8573529787e-11, 3.84624450345e-11, 4.36755041855e-11, 4.91231812172e-11, 1.98639160676e-11, 2.91182963158e-12, 9.45726136292e-13, 3.89571025178e-13]}, "melbands_crest": {"dmean": 3.0279507637, "dmean2": 4.84676790237, "dvar": 7.81787395477, "dvar2": 19.4172763824, "max": 35.74949646, "mean": 14.1663961411, "median": 13.3030252457, "min": 1.78850269318, "var": 29.6797618866}, "melbands_flatness_db": {"dmean": 0.0216830633581, "dmean2": 0.0315351076424, "dvar": 0.000508415105287, "dvar2": 0.000992442364804, "max": 0.449731141329, "mean": 0.193804949522, "median": 0.188428923488, "min": 0.00568183185533, "var": 0.00394461397082}, "melbands_kurtosis": {"dmean": 8.77836704254, "dmean2": 13.2753305435, "dvar": 309.037231445, "dvar2": 686.890075684, "max": 553.517883301, "mean": 21.9255657196, "median": 12.9149665833, "min": -1.80442500114, "var": 927.689697266}, "melbands_skewness": {"dmean": 0.735287845135, "dmean2": 1.09164607525, "dvar": 0.734167039394, "dvar2": 1.52370727062, "max": 18.228345871, "mean": 3.25512957573, "median": 2.97518253326, "min": -1.40716814995, "var": 3.98553538322}, "melbands_spread": {"dmean": 7.26177930832, "dmean2": 10.943192482, "dvar": 153.642547607, "dvar2": 312.94039917, "max": 182.155761719, "mean": 24.1575469971, "median": 16.8244876862, "min": 0.615918040276, "var": 536.902404785}, "mfcc": {"cov": [[15265.7392578, 959.055419922, -1247.71337891, 366.999328613, -622.598205566, -126.913635254, 22.4052295685, 10.9770822525, -282.542022705, 55.1664276123, -295.59387207, -48.8402023315, -167.195297241], [959.055419922, 1215.47265625, -44.7197799683, -104.184669495, -132.485076904, -43.5660057068, 19.843580246, -34.416885376, -72.9102783203, -35.8612861633, -10.9153871536, 14.0907182693, -39.5122642517], [-1247.71337891, -44.7197799683, 911.618774414, 70.1214447021, 221.971694946, 146.801040649, -74.1426315308, 61.3280563354, 19.1332988739, 11.2028102875, 37.5233039856, -7.09719133377, 8.61581516266], [366.999328613, -104.184669495, 70.1214447021, 388.634674072, 138.919265747, 15.5601863861, -21.2897987366, -1.71244359016, 39.4869918823, 43.6761779785, -37.3727340698, 1.87954068184, 3.92802166939], [-622.598205566, -132.485076904, 221.971694946, 138.919265747, 315.168701172, 117.907096863, -49.6218795776, -17.3986549377, 24.7829723358, 34.6407775879, 12.7123584747, 7.45458030701, 10.4832191467], [-126.913635254, -43.5660057068, 146.801040649, 15.5601863861, 117.907096863, 185.00390625, -2.9288854599, -24.6681594849, -3.2242565155, 23.2677650452, 29.5242481232, 1.5618751049, -2.1708714962], [22.4052295685, 19.843580246, -74.1426315308, -21.2897987366, -49.6218795776, -2.9288854599, 161.053466797, 77.0730743408, 6.69325828552, -11.2290754318, 19.7967414856, 13.2143754959, -8.68594169617], [10.9770822525, -34.416885376, 61.3280563354, -1.71244359016, -17.3986549377, -24.6681594849, 77.0730743408, 171.802856445, 34.8586997986, -27.289850235, 4.79106807709, 5.21750831604, -1.98784863949], [-282.542022705, -72.9102783203, 19.1332988739, 39.4869918823, 24.7829723358, -3.2242565155, 6.69325828552, 34.8586997986, 111.533729553, 42.9847679138, 0.637300252914, -4.12182378769, 11.2216625214], [55.1664276123, -35.8612861633, 11.2028102875, 43.6761779785, 34.6407775879, 23.2677650452, -11.2290754318, -27.289850235, 42.9847679138, 103.948265076, 26.941072464, -3.71743822098, 1.4232417345], [-295.59387207, -10.9153871536, 37.5233039856, -37.3727340698, 12.7123584747, 29.5242481232, 19.7967414856, 4.79106807709, 0.637300252914, 26.941072464, 97.4005966187, 31.565530777, -9.25508594513], [-48.8402023315, 14.0907182693, -7.09719133377, 1.87954068184, 7.45458030701, 1.5618751049, 13.2143754959, 5.21750831604, -4.12182378769, -3.71743822098, 31.565530777, 74.4140014648, 16.1737728119], [-167.195297241, -39.5122642517, 8.61581516266, 3.92802166939, 10.4832191467, -2.1708714962, -8.68594169617, -1.98784863949, 11.2216625214, 1.4232417345, -9.25508594513, 16.1737728119, 70.536819458]], "icov": [[0.000117010982649, -6.88617583364e-05, 0.000164928904269, -0.000198660854949, 0.000281066488242, -0.000273201876553, 0.000218209796003, -0.000354986696038, 0.000454844092019, -0.00042426030268, 0.000408177642385, -0.000142395190778, 0.000218790475628], [-6.88617583364e-05, 0.000969255983364, -0.000223927941988, 0.0002688212262, 0.000149541680003, 0.000267057679594, -0.000317545840517, 0.000489649770316, 0.000122999670566, 0.000154135996127, 0.00015894731041, -0.00040477066068, 0.000443780474598], [0.000164928904269, -0.000223927941988, 0.00187917845324, -0.000367847445887, -0.000309468770865, -0.00133892218582, 0.00152382813394, -0.00186139135621, 0.000767558231018, -0.000392075919081, -0.000177636844455, 0.000361681624781, -2.40164972638e-05], [-0.000198660854949, 0.0002688212262, -0.000367847445887, 0.00397501094267, -0.00215944298543, 0.00115677469876, -0.000685285893269, 0.000515866675414, -0.000979375094175, -0.00101035740227, 0.00178868812509, -0.000995953916572, 0.000429211009759], [0.000281066488242, 0.000149541680003, -0.000309468770865, -0.00215944298543, 0.00659952452406, -0.00359390885569, 0.00178727693856, -0.000797212356701, 0.000514834187925, -0.00100536050741, 0.000706385762896, -0.00104948750231, 0.000285936781438], [-0.000273201876553, 0.000267057679594, -0.00133892218582, 0.00115677469876, -0.00359390885569, 0.00916808936745, -0.00253040064126, 0.00279537006281, -0.000380834244424, 0.000270455318969, -0.00220352946781, 0.00102299416903, -0.000283943401882], [0.000218209796003, -0.000317545840517, 0.00152382813394, -0.000685285893269, 0.00178727693856, -0.00253040064126, 0.0101829869673, -0.00570668233559, 0.00124543393031, -0.00087104778504, -0.000847725605126, -0.000972618057858, 0.000872221251484], [-0.000354986696038, 0.000489649770316, -0.00186139135621, 0.000515866675414, -0.000797212356701, 0.00279537006281, -0.00570668233559, 0.0113993920386, -0.00530070532113, 0.00502598984167, -0.00176859821659, 0.000457276095403, -0.000140503267176], [0.000454844092019, 0.000122999670566, 0.000767558231018, -0.000979375094175, 0.000514834187925, -0.000380834244424, 0.00124543393031, -0.00530070532113, 0.0150899346918, -0.00820761360228, 0.00292836222798, -0.000164670913364, -0.000789496582001], [-0.00042426030268, 0.000154135996127, -0.000392075919081, -0.00101035740227, -0.00100536050741, 0.000270455318969, -0.00087104778504, 0.00502598984167, -0.00820761360228, 0.0173628497869, -0.00755450222641, 0.00351338624023, -0.00146443338599], [0.000408177642385, 0.00015894731041, -0.000177636844455, 0.00178868812509, 0.000706385762896, -0.00220352946781, -0.000847725605126, -0.00176859821659, 0.00292836222798, -0.00755450222641, 0.0184333398938, -0.00863837823272, 0.00473753362894], [-0.000142395190778, -0.00040477066068, 0.000361681624781, -0.000995953916572, -0.00104948750231, 0.00102299416903, -0.000972618057858, 0.000457276095403, -0.000164670913364, 0.00351338624023, -0.00863837823272, 0.0188335254788, -0.00596897024661], [0.000218790475628, 0.000443780474598, -2.40164972638e-05, 0.000429211009759, 0.000285936781438, -0.000283943401882, 0.000872221251484, -0.000140503267176, -0.000789496582001, -0.00146443338599, 0.00473753362894, -0.00596897024661, 0.0171208474785]], "mean": [-728.936645508, 101.949424744, 14.9061145782, 35.1597824097, -4.22978591919, 1.05086064339, -5.80471467972, -3.88855957985, -13.0575332642, 1.28982043266, -4.42109012604, 2.32262301445, -6.04777097702]}, "pitch_salience": {"dmean": 0.0632695183158, "dmean2": 0.0999307483435, "dvar": 0.00319824321195, "dvar2": 0.00783838424832, "max": 0.850659012794, "mean": 0.588702619076, "median": 0.599951326847, "min": 0.145937949419, "var": 0.0115381404757}, "silence_rate_20dB": {"dmean": 0, "dmean2": 0, "dvar": 0, "dvar2": 0, "max": 1, "mean": 1, "median": 1, "min": 1, "var": 0}, "silence_rate_30dB": {"dmean": 0.00204603583552, "dmean2": 0.00409259507433, "dvar": 0.00204158970155, "dvar2": 0.00509868515655, "max": 1, "mean": 0.997570633888, "median": 1, "min": 0, "var": 0.00242333230563}, "silence_rate_60dB": {"dmean": 0.0636828616261, "dmean2": 0.127382025123, "dvar": 0.0596297904849, "dvar2": 0.123952224851, "max": 1, "mean": 0.34369006753, "median": 0, "min": 0, "var": 0.225578084588}, "spectral_centroid": {"dmean": 251.160415649, "dmean2": 367.152893066, "dvar": 106758.335938, "dvar2": 186509.859375, "max": 11122.2675781, "mean": 1423.44628906, "median": 1272.74145508, "min": 171.29977417, "var": 671903.4375}, "spectral_complexity": {"dmean": 2.47723793983, "dmean2": 3.66184926033, "dvar": 16.3024845123, "dvar2": 31.6147823334, "max": 55, "mean": 10.3237438202, "median": 8, "min": 0, "var": 78.7423095703}, "spectral_contrast_coeffs": {"dmean": [0.0448159277439, 0.041933208704, 0.0348539836705, 0.0289533548057, 0.0222559403628, 0.017423870042], "dmean2": [0.0740903988481, 0.0674906298518, 0.054478738457, 0.0458287633955, 0.0347747653723, 0.0274147391319], "dvar": [0.00136728421785, 0.00131555635016, 0.00107111723628, 0.000715649104677, 0.000510421290528, 0.000313363038003], "dvar2": [0.00371803762391, 0.00303566013463, 0.00221605575643, 0.0015364511637, 0.00103417178616, 0.000677295145579], "max": [-0.322560966015, -0.380231291056, -0.372879445553, -0.485237449408, -0.506915509701, -0.564116120338], "mean": [-0.631145298481, -0.722137272358, -0.778055012226, -0.782891690731, -0.788150668144, -0.756629288197], "median": [-0.631250977516, -0.729264557362, -0.793912708759, -0.793291509151, -0.800920546055, -0.755641102791], "min": [-0.964945971966, -0.973356902599, -0.972738385201, -0.959603488445, -0.959971785545, -0.957770287991], "var": [0.00723736500368, 0.00803121458739, 0.00725944433361, 0.00446908501908, 0.00409934855998, 0.0025193290785]}, "spectral_contrast_valleys": {"dmean": [0.398773044348, 0.344858944416, 0.326980412006, 0.29580578208, 0.260852515697, 0.257254630327], "dmean2": [0.639629602432, 0.554980874062, 0.507302939892, 0.441478610039, 0.365104198456, 0.351570993662], "dvar": [0.142161473632, 0.116527415812, 0.118620894849, 0.110571347177, 0.111060753465, 0.14622014761], "dvar2": [0.289782017469, 0.232062071562, 0.214294523001, 0.1822796911, 0.168554008007, 0.232769161463], "max": [-5.84757566452, -4.8726439476, -5.64169073105, -5.78982782364, -5.3300280571, -7.75850296021], "mean": [-8.39938831329, -7.59380578995, -8.73193264008, -8.98861312866, -8.46474170685, -10.883767128], "median": [-8.08873748779, -7.31093358994, -8.53621292114, -8.80696964264, -8.2427520752, -10.7073850632], "min": [-27.1374912262, -27.0235004425, -27.4199142456, -27.3084526062, -27.3005313873, -27.3462333679], "var": [3.09362411499, 2.57695794106, 2.34860467911, 2.22208166122, 2.24415826797, 1.75269699097]}, "spectral_decrease": {"dmean": 8.65134797134e-10, "dmean2": 1.11795850355e-09, "dvar": 2.2642431451e-18, "dvar2": 3.40921848399e-18, "max": 3.00666017801e-16, "mean": -2.98199220872e-09, "median": -1.44734835228e-09, "min": -3.5204326565e-08, "var": 1.57238878445e-17}, "spectral_energy": {"dmean": 0.00359161384404, "dmean2": 0.00462670624256, "dvar": 3.95768438466e-05, "dvar2": 5.97904690949e-05, "max": 0.154445081949, "mean": 0.0123602198437, "median": 0.00591739593074, "min": 1.14659616375e-20, "var": 0.000272077362752}, "spectral_energyband_high": {"dmean": 0.000343513675034, "dmean2": 0.00049249624135, "dvar": 1.29541547267e-06, "dvar2": 2.82268752017e-06, "max": 0.0224654972553, "mean": 0.000612848845776, "median": 0.000147998041939, "min": 8.41721623772e-21, "var": 2.02963587981e-06}, "spectral_energyband_low": {"dmean": 0.00112426909618, "dmean2": 0.00147654244211, "dvar": 7.17030343367e-06, "dvar2": 1.07020987343e-05, "max": 0.0650555118918, "mean": 0.00236241775565, "median": 0.000581575324759, "min": 8.34981815817e-23, "var": 2.75219244941e-05}, "spectral_energyband_middle_high": {"dmean": 0.00118482904509, "dmean2": 0.00155402696691, "dvar": 1.06071829578e-05, "dvar2": 1.62962860486e-05, "max": 0.100850462914, "mean": 0.00320098153315, "median": 0.000495739455801, "min": 1.43049153739e-21, "var": 5.44383328815e-05}, "spectral_energyband_middle_low": {"dmean": 0.00216020736843, "dmean2": 0.00314142042771, "dvar": 1.70981693373e-05, "dvar2": 3.29987633449e-05, "max": 0.0980829894543, "mean": 0.00651510432363, "median": 0.00312446174212, "min": 4.49084452686e-22, "var": 9.07766225282e-05}, "spectral_entropy": {"dmean": 0.153062239289, "dmean2": 0.224944919348, "dvar": 0.0290212407708, "dvar2": 0.0552518032491, "max": 9.79464244843, "mean": 7.50895023346, "median": 7.52404546738, "min": 5.8944978714, "var": 0.218870818615}, "spectral_flux": {"dmean": 0.0144619662315, "dmean2": 0.0219845734537, "dvar": 0.00040247727884, "dvar2": 0.000904300424736, "max": 0.322255760431, "mean": 0.0471050292253, "median": 0.0347800180316, "min": 1.07079227429e-10, "var": 0.00167058373336}, "spectral_kurtosis": {"dmean": 1.06447839737, "dmean2": 1.78728556633, "dvar": 2.07242631912, "dvar2": 5.41358232498, "max": 42.5958061218, "mean": 3.15718269348, "median": 2.67187166214, "min": -1.17040407658, "var": 6.08696222305}, "spectral_rms": {"dmean": 0.000450194056612, "dmean2": 0.000579850922804, "dvar": 3.66924979289e-07, "dvar2": 5.37888752206e-07, "max": 0.012275101617, "mean": 0.00284615857527, "median": 0.00240272120573, "min": 3.34459326554e-12, "var": 3.95825054511e-06}, "spectral_rolloff": {"dmean": 509.423095703, "dmean2": 823.100646973, "dvar": 1049882.5, "dvar2": 1988282, "max": 19078.4179688, "mean": 1782.91821289, "median": 839.794921875, "min": 21.533203125, "var": 6721381}, "spectral_skewness": {"dmean": 0.173160135746, "dmean2": 0.27325296402, "dvar": 0.0332245379686, "dvar2": 0.0777389407158, "max": 5.06571722031, "mean": 1.27369260788, "median": 1.22459733486, "min": -0.0211081597954, "var": 0.194458380342}, "spectral_spread": {"dmean": 482519.1875, "dmean2": 727943.0625, "dvar"