{"lowlevel": {"average_loudness": 0.758652746677, "barkbands": {"dmean": [7.75883381721e-06, 0.000840948778205, 0.00127261667512, 0.00169267819729, 0.00180915929377, 0.000749822531361, 0.00073189655086, 0.000530601362698, 0.000540329550859, 0.000572987482883, 0.000506411714014, 0.000472669547889, 0.000626423920039, 0.000653763592709, 0.000591201416682, 0.000509835605044, 0.000418562500272, 0.000273942743661, 0.000197128902073, 0.000202228664421, 0.000128347790451, 7.09344021743e-05, 4.32546366937e-05, 2.68262301688e-05, 1.37004244607e-05, 8.77556794876e-06, 2.05916035156e-06], "dmean2": [1.27783496282e-05, 0.00143279053736, 0.00220179371536, 0.00299950595945, 0.00307711190544, 0.00123333500233, 0.00116053305101, 0.000821338035166, 0.000828565214761, 0.000866170099471, 0.000803233997431, 0.000725590391085, 0.000965359038673, 0.000988980871625, 0.000921146187466, 0.000785990210716, 0.000648828514386, 0.000425215868745, 0.000300455343677, 0.000312087126076, 0.000198779423954, 0.000104887541966, 6.18490448687e-05, 3.81655809178e-05, 1.74321285158e-05, 1.0508862033e-05, 2.65810194833e-06], "dvar": [1.80261736094e-10, 1.3804012724e-06, 3.2788466342e-06, 9.80494587566e-06, 7.58013675295e-06, 1.78647337634e-06, 2.22395055971e-06, 9.36708318022e-07, 1.12818349862e-06, 2.512740366e-06, 2.87353304884e-06, 1.27707323827e-06, 2.0818649773e-06, 2.36482264881e-06, 1.94329959413e-06, 1.6853341549e-06, 8.05050319741e-07, 2.93850149546e-07, 1.4806326476e-07, 1.53966524863e-07, 5.3371010722e-08, 2.75158544838e-08, 1.07814024375e-08, 4.47449766128e-09, 1.15547404977e-09, 5.83332715465e-10, 2.97271443572e-11], "dvar2": [4.59860843849e-10, 3.75372610506e-06, 9.13389612833e-06, 2.70201126114e-05, 2.03224335564e-05, 4.67618610855e-06, 5.22153140992e-06, 2.01183570425e-06, 2.57960391536e-06, 5.45274997421e-06, 7.6235846791e-06, 2.6689006063e-06, 4.65296534458e-06, 5.2319801398e-06, 4.38289225713e-06, 3.39419420925e-06, 1.85630722171e-06, 6.75736032463e-07, 3.13492961368e-07, 3.5454246472e-07, 1.33553768933e-07, 6.61107506517e-08, 2.37515340729e-08, 1.01844257472e-08, 2.0958990099e-09, 9.65337809689e-10, 5.96243263096e-11], "max": [0.000139026378747, 0.0141485203058, 0.0219763405621, 0.0371104478836, 0.029699685052, 0.0256963185966, 0.0319739095867, 0.0355462469161, 0.0282042976469, 0.0558974072337, 0.0478398129344, 0.0306795854121, 0.0345086939633, 0.0339745134115, 0.0318222157657, 0.0420766435564, 0.0374198369682, 0.0179960336536, 0.0113361878321, 0.0120717994869, 0.00509201921523, 0.0113901393488, 0.00408676918596, 0.00179788167588, 0.000877393176779, 0.000703346682712, 0.000150648833369], "mean": [7.19513354852e-06, 0.00108041847125, 0.0016353802057, 0.00172676099464, 0.00259989011101, 0.00124194577802, 0.00121841509826, 0.00089652009774, 0.00109134975355, 0.00107836781535, 0.000802603899501, 0.000720999669284, 0.00107502075844, 0.00107614032459, 0.000998672447167, 0.000855499121826, 0.000751619634684, 0.000488221849082, 0.000379802746465, 0.000384707993362, 0.000272156758001, 0.000149244398926, 8.47682604217e-05, 5.07236327394e-05, 2.49329950748e-05, 1.4665699382e-05, 3.16374143949e-06], "median": [2.10560938285e-06, 0.00071390310768, 0.000941321137361, 0.000692310160957, 0.00170974910725, 0.00064843473956, 0.000476951478049, 0.000341903272783, 0.00037788861664, 0.000262402405497, 0.000178970803972, 0.000219726542127, 0.000316078454489, 0.000333899486577, 0.000388337415643, 0.000319624319673, 0.000339738471666, 0.000209875244764, 0.000182951582246, 0.000174604923814, 0.000117239906103, 7.00842792867e-05, 3.22564555972e-05, 1.66797817656e-05, 5.75231752009e-06, 1.97008694158e-06, 4.16083224763e-07], "min": [6.39538361244e-25, 3.70556366175e-24, 3.1040971576e-25, 2.00802945981e-24, 4.97907546359e-24, 5.22532786148e-24, 6.58834618821e-24, 7.0315558549e-24, 1.26376676642e-23, 9.04548619149e-24, 1.32448736245e-23, 2.05129631109e-23, 2.35233430999e-23, 3.08171447187e-23, 4.34150987584e-23, 4.09921661305e-23, 5.37147128615e-23, 1.08412333789e-22, 1.24996726994e-22, 1.5197476021e-22, 2.23677306625e-22, 3.27873791031e-22, 3.91492608382e-22, 5.61777663239e-22, 8.70537619594e-22, 1.17933528981e-21, 2.02994201678e-21], "var": [1.64324207019e-10, 1.47032403675e-06, 3.88494981962e-06, 8.03780858405e-06, 8.27713392937e-06, 3.12065230901e-06, 5.14406474394e-06, 2.62762318926e-06, 4.19023172071e-06, 7.66775519878e-06, 5.95619258092e-06, 2.62635876425e-06, 5.24679217051e-06, 5.45448938283e-06, 3.97602843805e-06, 3.8531534301e-06, 2.02410296879e-06, 7.56071131036e-07, 3.65387819556e-07, 3.79387103067e-07, 1.47077258816e-07, 6.7516303659e-08, 2.4919255992e-08, 9.82793579851e-09, 3.2859057697e-09, 1.51012591321e-09, 5.70342592598e-11]}, "barkbands_crest": {"dmean": 2.1619155407, "dmean2": 3.50478982925, "dvar": 3.88979935646, "dvar2": 9.72135829926, "max": 24.9545536041, "mean": 7.91498279572, "median": 7.23846530914, "min": 2.30827307701, "var": 11.179857254}, "barkbands_flatness_db": {"dmean": 0.0197962950915, "dmean2": 0.0285016987473, "dvar": 0.00040384667227, "dvar2": 0.00085347588174, "max": 0.466212153435, "mean": 0.117039717734, "median": 0.112944222987, "min": 0.0212311055511, "var": 0.00202520471066}, "barkbands_kurtosis": {"dmean": 1.69613957405, "dmean2": 2.69076156616, "dvar": 28.0111465454, "dvar2": 51.5171356201, "max": 465.919830322, "mean": 1.54171812534, "median": -0.00582408905029, "min": -1.81472396851, "var": 107.929763794}, "barkbands_skewness": {"dmean": 0.473426997662, "dmean2": 0.723930895329, "dvar": 0.264529854059, "dvar2": 0.60337293148, "max": 18.0406112671, "mean": 0.785548329353, "median": 0.68543702364, "min": -3.09175992012, "var": 1.25329685211}, "barkbands_spread": {"dmean": 5.32963895798, "dmean2": 8.02692890167, "dvar": 32.0971717834, "dvar2": 69.9602127075, "max": 115.778236389, "mean": 24.8710670471, "median": 23.5948829651, "min": 0.335733801126, "var": 151.703643799}, "dissonance": {"dmean": 0.0146989161149, "dmean2": 0.024193296209, "dvar": 0.000210111829801, "dvar2": 0.000546732742805, "max": 0.499999970198, "mean": 0.470652192831, "median": 0.47621935606, "min": 0.329185158014, "var": 0.000480325805256}, "dynamic_complexity": 2.87754821777, "erbbands": {"dmean": [0.0101690022275, 0.244965299964, 1.2817773819, 3.54539465904, 7.24119234085, 5.36417484283, 4.4446144104, 7.0879945755, 10.1170597076, 10.6682901382, 11.113032341, 13.1346435547, 16.2443084717, 15.7243938446, 19.6072006226, 19.3055992126, 28.0863552094, 33.1068687439, 28.7362537384, 27.3125247955, 24.6422367096, 20.2163295746, 14.7254657745, 10.3211488724, 10.4996042252, 9.37009334564, 6.45753145218, 3.88969421387, 2.7109644413, 1.72624158859, 1.2397840023, 0.742532491684, 0.360189855099, 0.178081825376, 0.090277351439, 0.0378019064665, 0.0168126150966, 0.00361840077676, 0.000340796192177, 1.84955679288e-05], "dmean2": [0.0164290647954, 0.420454382896, 2.20686578751, 6.24694681168, 12.5820646286, 9.04727935791, 7.28875637054, 11.7280015945, 16.1823730469, 17.0015640259, 16.9409675598, 20.087890625, 24.5497188568, 23.6234321594, 31.1067123413, 29.5150165558, 42.510597229, 49.8082733154, 44.1846961975, 41.2775154114, 37.0568466187, 31.2535839081, 22.6692943573, 15.9963598251, 16.0106620789, 14.3547048569, 10.0368404388, 5.94523715973, 4.05906772614, 2.52570390701, 1.75985336304, 1.06248664856, 0.505800664425, 0.234531164169, 0.115516446531, 0.0469448491931, 0.0207069665194, 0.0044736918062, 0.00043661572272, 2.50097327807e-05], "dvar": [0.00022102490766, 0.11502827704, 3.03362560272, 41.775718689, 151.627716064, 65.101776123, 44.0594215393, 206.059158325, 423.00402832, 409.403015137, 480.371917725, 692.141479492, 2210.765625, 2265.01611328, 4080.98071289, 2039.05810547, 4232.44726562, 6722.91699219, 4735.63769531, 4207.41455078, 2874.13061523, 2488.0546875, 734.333862305, 319.835327148, 438.144683838, 342.451019287, 153.921356201, 43.6289787292, 37.0884666443, 15.4794130325, 9.9458065033, 3.72983908653, 0.87759834528, 0.187819868326, 0.057428676635, 0.0107948696241, 0.00223413459025, 8.72095333762e-05, 8.49283878779e-07, 1.37829858637e-09], "dvar2": [0.00053000880871, 0.316136300564, 8.46109580994, 115.285804749, 414.407104492, 172.327224731, 110.497085571, 538.616943359, 1015.98376465, 1015.15472412, 985.223144531, 1525.67883301, 4732.77783203, 5192.55224609, 10857.5839844, 4490.75, 9258.7890625, 14887.1699219, 10177.2167969, 8038.34277344, 5734.52832031, 5911.03662109, 1636.69116211, 744.632080078, 916.622436523, 754.014099121, 389.34954834, 99.9682235718, 88.2782058716, 35.5160827637, 22.6452388763, 8.66657733917, 1.99658727646, 0.373994737864, 0.0980418697, 0.0179225709289, 0.00388095271774, 0.000155210655066, 1.76337016455e-06, 2.79629763789e-09], "max": [0.1688952595, 4.06174707413, 22.4159641266, 97.2965927124, 117.164962769, 118.910545349, 147.962646484, 283.842346191, 417.09588623, 520.85546875, 1047.19091797, 726.12097168, 1423.43640137, 2370.89575195, 1859.77526855, 1555.0020752, 1610.29431152, 2039.63867188, 1711.5378418, 2844.0690918, 1759.3170166, 2138.43725586, 866.501586914, 527.843688965, 723.973266602, 613.393798828, 384.693939209, 180.399993896, 393.676513672, 222.441162109, 119.313995361, 50.3505210876, 30.9414825439, 11.9056739807, 7.3875670433, 3.01648926735, 1.2900416851, 0.224896326661, 0.0295690950006, 0.000994888599962], "mean": [0.0126228109002, 0.322190403938, 1.74804186821, 3.84960746765, 8.53993606567, 7.84420061111, 7.94590854645, 11.2653579712, 17.4323959351, 17.5793800354, 21.0108547211, 27.0042133331, 29.3063488007, 30.8313980103, 35.0772590637, 33.8957138062, 52.0997428894, 58.2847824097, 53.1458473206, 48.0725631714, 46.5728530884, 38.2469139099, 29.52709198, 20.4099521637, 20.6490745544, 18.7904529572, 13.1448841095, 8.47345066071, 5.71760654449, 3.50375533104, 2.39063763618, 1.40597295761, 0.660765886307, 0.322268247604, 0.160463392735, 0.0648275241256, 0.0270612556487, 0.00578363751993, 0.000529843906406, 4.44649267592e-05], "median": [0.00674682483077, 0.217782452703, 1.08369779587, 1.89997303486, 4.74542474747, 4.86101770401, 4.85697317123, 5.528175354, 6.96886491776, 8.09541988373, 9.01837348938, 10.2947177887, 8.17831707001, 10.1850223541, 9.58332824707, 12.4786949158, 17.5814304352, 19.4491271973, 22.0801429749, 21.4310436249, 19.8745346069, 18.9617824554, 14.4503660202, 10.7677650452, 10.1158313751, 8.91784572601, 5.67681074142, 4.06602048874, 2.76378703117, 1.40193486214, 0.911292135715, 0.473909944296, 0.217574030161, 0.0833175033331, 0.0322724245489, 0.0108566489071, 0.00322675378993, 0.00065942684887, 8.40804714244e-05, 2.97941405734e-05], "min": [9.16191827457e-23, 6.55005573184e-22, 9.85385367052e-22, 8.30858658222e-21, 8.81738747727e-21, 1.41441600113e-20, 3.26795181642e-20, 7.39164782592e-20, 9.94056610941e-20, 1.49943494927e-19, 1.71179560621e-19, 2.63519011945e-19, 3.6890712111e-19, 6.67231696033e-19, 6.98705711546e-19, 1.10330797668e-18, 1.48656815484e-18, 1.61270813177e-18, 2.88268679803e-18, 2.96237468991e-18, 4.04240311582e-18, 4.4611728135e-18, 5.98453551295e-18, 5.89059922822e-18, 7.69106246979e-18, 6.95897371328e-18, 6.52183895164e-18, 8.71179176515e-18, 1.14788366456e-17, 1.10545996977e-17, 9.6683095111e-18, 1.05440332179e-17, 9.3838867662e-18, 5.66277714391e-18, 6.64310652457e-18, 4.10006918504e-18, 2.01864577661e-18, 9.02007680957e-19, 2.31124680453e-19, 2.74316807942e-20], "var": [0.000249303033343, 0.12240922451, 3.79709339142, 35.1071243286, 133.126419067, 83.5954589844, 101.380187988, 330.319641113, 1033.17150879, 814.932922363, 1399.00756836, 2520.42944336, 5540.92724609, 7137.1484375, 10586.1445312, 4451.46533203, 11393.6162109, 16536.9355469, 11688.9892578, 10056.6796875, 9099.96777344, 5527.78271484, 2271.71240234, 786.840209961, 1124.78564453, 937.333374023, 369.382110596, 128.067077637, 92.6151885986, 41.8667068481, 20.8622169495, 8.24075031281, 1.65572357178, 0.462209582329, 0.171090513468, 0.0291023571044, 0.00533619150519, 0.000198073656065, 1.55023201387e-06, 2.95554758445e-09]}, "erbbands_crest": {"dmean": 2.36513209343, "dmean2": 3.7361240387, "dvar": 5.87968301773, "dvar2": 13.465089798, "max": 30.1116523743, "mean": 8.39120388031, "median": 7.05851650238, "min": 2.33654403687, "var": 20.3021316528}, "erbbands_flatness_db": {"dmean": 0.0172069855034, "dmean2": 0.0234390180558, "dvar": 0.000323791871779, "dvar2": 0.000537044368684, "max": 0.340896129608, "mean": 0.166543319821, "median": 0.167687222362, "min": 0.0315955020487, "var": 0.00204124837182}, "erbbands_kurtosis": {"dmean": 0.750440001488, "dmean2": 1.15856003761, "dvar": 1.58050453663, "dvar2": 3.60667228699, "max": 59.5279197693, "mean": 0.295218646526, "median": -0.298992156982, "min": -1.70313060284, "var": 4.17116069794}, "erbbands_skewness": {"dmean": 0.314310789108, "dmean2": 0.476744502783, "dvar": 0.0915179103613, "dvar2": 0.205025598407, "max": 7.13597011566, "mean": -0.0872390940785, "median": -0.093295276165, "min": -4.10011577606, "var": 0.435325533152}, "erbbands_spread": {"dmean": 6.82174396515, "dmean2": 10.3473110199, "dvar": 56.833530426, "dvar2": 122.852096558, "max": 146.22869873, "mean": 33.7605056763, "median": 32.1831245422, "min": 3.41036915779, "var": 250.780700684}, "gfcc": {"cov": [[20374.7929688, 608.761535645, -2524.04223633, 441.013549805, -937.994873047, 163.05027771, -547.882080078, -39.5905303955, -428.405822754, -3.84677028656, -349.719299316, -43.9716262817, -202.269836426], [608.761535645, 1544.31262207, -319.471984863, -82.5369720459, 136.31098938, -101.58430481, 76.1282577515, -114.733474731, 64.4909820557, -139.052215576, 46.8971290588, -116.182479858, 35.4282417297], [-2524.04223633, -319.471984863, 993.346801758, -69.5349884033, 89.9049987793, 47.5171928406, -25.7093276978, 59.2391777039, 11.1702070236, 54.2551040649, -14.9800701141, 52.5638008118, -52.8506851196], [441.013549805, -82.5369720459, -69.5349884033, 335.893371582, -21.3616352081, -31.5895557404, -7.4889292717, 12.1701250076, 9.81720733643, -19.820640564, -4.56027364731, -25.9033470154, 12.1385145187], [-937.994873047, 136.31098938, 89.9049987793, -21.3616352081, 222.938049316, 16.1099758148, 38.3765487671, -7.67196846008, 31.6775875092, -17.86784935, 1.35546839237, -4.40218353271, 21.6537876129], [163.05027771, -101.58430481, 47.5171928406, -31.5895557404, 16.1099758148, 144.016876221, 29.3199462891, 3.81422281265, -29.0180797577, -1.82426095009, -7.26439476013, 11.653968811, -16.929233551], [-547.882080078, 76.1282577515, -25.7093276978, -7.4889292717, 38.3765487671, 29.3199462891, 144.365463257, 13.5114059448, -0.751479685307, -25.1379127502, 20.2036247253, -17.8852939606, 10.3964109421], [-39.5905303955, -114.733474731, 59.2391777039, 12.1701250076, -7.67196846008, 3.81422281265, 13.5114059448, 80.4369430542, 18.1686553955, 8.3467464447, -14.4596157074, 8.13241004944, -5.91960763931], [-428.405822754, 64.4909820557, 11.1702070236, 9.81720733643, 31.6775875092, -29.0180797577, -0.751479685307, 18.1686553955, 87.7150192261, 15.1464481354, 7.84302473068, -9.76751422882, 11.3729753494], [-3.84677028656, -139.052215576, 54.2551040649, -19.820640564, -17.86784935, -1.82426095009, -25.1379127502, 8.3467464447, 15.1464481354, 81.78490448, 18.0011310577, 16.73021698, -14.2217130661], [-349.719299316, 46.8971290588, -14.9800701141, -4.56027364731, 1.35546839237, -7.26439476013, 20.2036247253, -14.4596157074, 7.84302473068, 18.0011310577, 69.7964935303, 14.4751634598, 3.01720952988], [-43.9716262817, -116.182479858, 52.5638008118, -25.9033470154, -4.40218353271, 11.653968811, -17.8852939606, 8.13241004944, -9.76751422882, 16.73021698, 14.4751634598, 69.853767395, 15.2283115387], [-202.269836426, 35.4282417297, -52.8506851196, 12.1385145187, 21.6537876129, -16.929233551, 10.3964109421, -5.91960763931, 11.3729753494, -14.2217130661, 3.01720952988, 15.2283115387, 66.809463501]], "icov": [[0.000310344214085, -0.000552611192688, 0.000822110741865, -0.00057216064306, 0.000695609953254, -0.000826222181786, 0.000937129312661, -0.000838827400003, 0.00135166093241, -0.00137226027437, 0.00191441888455, -0.00112805853132, 0.000980419921689], [-0.000552611192688, 0.00225038779899, -0.00126641429961, 0.00160691025667, -0.00170737039298, 0.00211559701711, -0.00167779170442, 0.00263935280964, -0.00339680351317, 0.0045703323558, -0.00461185723543, 0.00348364235833, -0.00161043275148], [0.000822110741865, -0.00126641429961, 0.00349850789644, -0.00133706710767, 0.00102832727134, -0.00217568548396, 0.00262455688789, -0.00276502477936, 0.00341342412867, -0.00383138214238, 0.0052884076722, -0.00384080549702, 0.00387299968861], [-0.00057216064306, 0.00160691025667, -0.00133706710767, 0.00461232336238, -0.00121535768267, 0.00214188732207, -0.00110367056914, 0.000989250489511, -0.00287852436304, 0.0042774467729, -0.00472376216203, 0.00432835752144, -0.00265674502589], [0.000695609953254, -0.00170737039298, 0.00102832727134, -0.00121535768267, 0.00755159696564, -0.00293163326569, 0.000754703651182, -0.000580775667913, 0.000698807183653, -0.00257384823635, 0.00514012947679, -0.00284658232704, 0.000436211732449], [-0.000826222181786, 0.00211559701711, -0.00217568548396, 0.00214188732207, -0.00293163326569, 0.0112457564101, -0.00492653762922, 0.00307025131769, -0.00173495919444, 0.00423328159377, -0.00375927286223, 0.00123128853738, 0.000190492908587], [0.000937129312661, -0.00167779170442, 0.00262455688789, -0.00110367056914, 0.000754703651182, -0.00492653762922, 0.013211067766, -0.00689340103418, 0.00560030760244, -0.00127701659221, -9.22011386137e-05, 0.00151731912047, 0.000277215178357], [-0.000838827400003, 0.00263935280964, -0.00276502477936, 0.000989250489511, -0.000580775667913, 0.00307025131769, -0.00689340103418, 0.0205594394356, -0.00978603307158, 0.0042423196137, 0.000259873981122, -0.000905635824893, 0.000317940226523], [0.00135166093241, -0.00339680351317, 0.00341342412867, -0.00287852436304, 0.000698807183653, -0.00173495919444, 0.00560030760244, -0.00978603307158, 0.0228334646672, -0.0111635634676, 0.00627035507932, -0.00104919460136, 0.00040471740067], [-0.00137226027437, 0.0045703323558, -0.00383138214238, 0.0042774467729, -0.00257384823635, 0.00423328159377, -0.00127701659221, 0.0042423196137, -0.0111635634676, 0.0265053529292, -0.0153256990016, 0.0049587553367, -0.000800303532742], [0.00191441888455, -0.00461185723543, 0.0052884076722, -0.00472376216203, 0.00514012947679, -0.00375927286223, -9.22011386137e-05, 0.000259873981122, 0.00627035507932, -0.0153256990016, 0.0335406959057, -0.0155331771821, 0.00839822832495], [-0.00112805853132, 0.00348364235833, -0.00384080549702, 0.00432835752144, -0.00284658232704, 0.00123128853738, 0.00151731912047, -0.000905635824893, -0.00104919460136, 0.0049587553367, -0.0155331771821, 0.0286720059812, -0.0127688068897], [0.000980419921689, -0.00161043275148, 0.00387299968861, -0.00265674502589, 0.000436211732449, 0.000190492908587, 0.000277215178357, 0.000317940226523, 0.00040471740067, -0.000800303532742, 0.00839822832495, -0.0127688068897, 0.0245205797255]], "mean": [-13.9899215698, 92.938583374, -136.738967896, 33.7405586243, -51.0848312378, 4.64054584503, -35.8758201599, -2.78213191032, -21.2598190308, -1.86897683144, -18.1558818817, -6.03750610352, -13.5909137726]}, "hfc": {"dmean": 6.25899076462, "dmean2": 8.64408683777, "dvar": 71.7918624878, "dvar2": 139.838760376, "max": 143.219543457, "mean": 22.5260868073, "median": 18.0172481537, "min": 1.07104761847e-16, "var": 361.807891846}, "melbands": {"dmean": [0.000159581977641, 0.000538911495823, 0.00072359549813, 0.000462592492113, 0.000161461139214, 0.000155107161845, 0.000154741719598, 0.000115140232083, 9.44925122894e-05, 7.95899832156e-05, 8.26021860121e-05, 6.51934751659e-05, 7.17401926522e-05, 5.00331261719e-05, 6.50893125567e-05, 5.80125051783e-05, 6.59934084979e-05, 4.75124652439e-05, 3.99454838771e-05, 3.87497639167e-05, 3.04005752696e-05, 2.33064911299e-05, 1.93215364561e-05, 1.41189739225e-05, 8.46184684633e-06, 8.55340203998e-06, 7.95828873379e-06, 6.25508891972e-06, 4.61258014184e-06, 3.4791064536e-06, 2.16054968405e-06, 1.6333659687e-06, 1.42246256019e-06, 8.93092476417e-07, 7.60169029945e-07, 6.43199541628e-07, 4.18464992435e-07, 2.79712850215e-07, 1.93891409594e-07, 1.46549567148e-07], "dmean2": [0.000267689756583, 0.000924341613427, 0.00126655353233, 0.000795066764113, 0.000264586386038, 0.000255743274465, 0.000246292067459, 0.000182968360605, 0.000143477242091, 0.000122108671349, 0.000125165082864, 9.86511295196e-05, 0.000113108137157, 7.67574019847e-05, 0.000100475503132, 8.80767765921e-05, 9.96855524136e-05, 7.33657070668e-05, 6.18394042249e-05, 5.872220936e-05, 4.6182780352e-05, 3.60031845048e-05, 3.04709683405e-05, 2.1814747015e-05, 1.34147203426e-05, 1.31546812554e-05, 1.24289445012e-05, 9.72979159997e-06, 7.33849446988e-06, 5.46238425159e-06, 3.35325648848e-06, 2.49194454227e-06, 2.15973659579e-06, 1.34151855491e-06, 1.11390568236e-06, 9.35185823892e-07, 6.230428653e-07, 4.06692294064e-07, 2.7413426551e-07, 1.99596101425e-07], "dvar": [5.07397928118e-08, 5.24579490957e-07, 1.62884293786e-06, 5.52881147087e-07, 5.14808036201e-08, 9.19630025464e-08, 1.00416727378e-07, 4.45053132125e-08, 3.52646729596e-08, 2.44856508402e-08, 5.7097597761e-08, 4.04936955078e-08, 5.40886659905e-08, 1.56065027568e-08, 2.06006998127e-08, 2.0731533823e-08, 2.90941137848e-08, 1.32065300917e-08, 8.88624374085e-09, 1.15379474863e-08, 4.676494747e-09, 3.86937548669e-09, 1.71410685645e-09, 9.84257675363e-10, 2.39114644751e-10, 3.40669520371e-10, 3.02667474417e-10, 1.66355346165e-10, 9.94659563047e-11, 4.42955949698e-11, 1.31038400616e-11, 9.21989568026e-12, 2.59644944434e-11, 3.63650299109e-12, 3.73595035116e-12, 3.15998919739e-12, 1.24725197618e-12, 5.58252174956e-13, 2.27631851086e-13, 1.46253126797e-13], "dvar2": [1.31870265818e-07, 1.45699323184e-06, 4.47655838798e-06, 1.4953657228e-06, 1.30248210439e-07, 2.41305428972e-07, 2.37509865997e-07, 1.08123636267e-07, 7.43280210713e-08, 5.49771890235e-08, 1.21698519706e-07, 9.23215566218e-08, 1.40752305811e-07, 3.39585106701e-08, 4.69798848712e-08, 4.67003538063e-08, 6.45371969199e-08, 2.87119146236e-08, 2.06209289644e-08, 2.22224603164e-08, 9.55594714469e-09, 8.95326746075e-09, 3.89613852292e-09, 2.37463804176e-09, 5.60127277893e-10, 6.90384638347e-10, 7.40473959926e-10, 3.83153814232e-10, 2.53268406247e-10, 1.02030134341e-10, 3.26284936569e-11, 2.09915019395e-11, 6.77293152118e-11, 8.32898767317e-12, 8.80953730104e-12, 7.41704440921e-12, 2.96853080312e-12, 1.31311736658e-12, 4.92305360974e-13, 3.13335783101e-13], "max": [0.00248947041109, 0.00868916139007, 0.0139864962548, 0.00792936980724, 0.00477309757844, 0.00592610100284, 0.00687008118257, 0.00460646068677, 0.00907843001187, 0.00402675196528, 0.00709633063525, 0.0101778861135, 0.00714074028656, 0.00322864274494, 0.00501698022708, 0.0045550246723, 0.00423629954457, 0.00270671956241, 0.00258150883019, 0.00394772645086, 0.00247176573612, 0.00314002437517, 0.00160127400886, 0.00123952666763, 0.000487554876599, 0.000666983483825, 0.000657388882246, 0.000490310019813, 0.000384855171433, 0.000247601827141, 6.54337345622e-05, 0.00013068052067, 0.00039613811532, 4.98531553603e-05, 6.78376381984e-05, 6.65646293783e-05, 3.30291622959e-05, 2.7637985113e-05, 1.65510464285e-05, 1.20908716781e-05], "mean": [0.000204319192562, 0.000757675792556, 0.000842493842356, 0.000609428796452, 0.000296203157632, 0.000249005184742, 0.000264598551439, 0.000189041078556, 0.000186289587873, 0.000157974878675, 0.000143342724186, 0.000123315738165, 0.000118946634757, 8.13613660284e-05, 0.000111567584099, 0.000101811558125, 0.000109315573354, 8.19098131615e-05, 6.50880101603e-05, 6.34932875982e-05, 5.26984877069e-05, 3.8990379835e-05, 3.54994845111e-05, 2.37731746893e-05, 1.50501136886e-05, 1.55008256115e-05, 1.42457802212e-05, 1.16818764582e-05, 8.42805820866e-06, 6.70895724397e-06, 4.28284283771e-06, 3.26744202539e-06, 2.63998140326e-06, 1.66499216903e-06, 1.39295366353e-06, 1.14945578389e-06, 7.51830441459e-07, 4.83847600208e-07, 3.34308992933e-07, 2.52264300116e-07], "median": [0.000128908257466, 0.000508816214278, 0.000459916715045, 0.000376112089725, 0.000189977319678, 0.00012270611478, 0.000104693535832, 8.70388103067e-05, 7.50578547013e-05, 5.70869051444e-05, 3.50938062184e-05, 3.65103187505e-05, 2.81807951978e-05, 2.42543610511e-05, 3.72305075871e-05, 3.14178323606e-05, 3.00434694509e-05, 3.04953027808e-05, 2.72138677246e-05, 2.47229709203e-05, 2.04560783459e-05, 1.75253881025e-05, 1.51513886522e-05, 9.1057490863e-06, 7.69270627643e-06, 7.30051351638e-06, 6.23246069154e-06, 5.09915844304e-06, 3.48428488905e-06, 2.72791044154e-06, 2.10751932173e-06, 1.59518890541e-06, 1.04284833924e-06, 6.31835177956e-07, 5.26347491814e-07, 3.76392591761e-07, 2.51309046462e-07, 1.5739817627e-07, 9.42101152646e-08, 5.93733844312e-08], "min": [1.29923418938e-24, 5.83602748949e-25, 1.62635262006e-24, 5.89968018289e-25, 1.62054630797e-24, 1.23692413723e-24, 1.61511924077e-24, 1.79420890866e-24, 1.8341542611e-24, 1.7062091081e-24, 1.74072749195e-24, 2.10516545294e-24, 2.08148779287e-24, 2.66097870296e-24, 3.02173071137e-24, 1.81064876993e-24, 2.73246488376e-24, 3.66767467247e-24, 3.41701569756e-24, 3.45033757663e-24, 4.7877680166e-24, 4.0325922609e-24, 4.11430760105e-24, 4.45104589465e-24, 3.78511357872e-24, 5.15716554611e-24, 4.7700829384e-24, 3.24508563263e-24, 3.90827330426e-24, 3.95307350393e-24, 4.45142849219e-24, 6.17831916665e-24, 5.29687991217e-24, 4.9123248148e-24, 4.10104961025e-24, 6.21821186262e-24, 5.18719866406e-24, 5.32781075383e-24, 5.14373282261e-24, 4.30688038093e-24], "var": [5.51110694857e-08, 6.35573599084e-07, 1.36366520564e-06, 5.32366470907e-07, 1.1834003999e-07, 1.47982689214e-07, 2.4383726327e-07, 9.61167216929e-08, 1.07907375479e-07, 8.68942109378e-08, 1.41404015608e-07, 1.30812622956e-07, 1.24251499756e-07, 3.65683732184e-08, 4.45755432565e-08, 5.61432038637e-08, 6.93804622642e-08, 3.08229743951e-08, 1.55392054779e-08, 2.4153655076e-08, 1.31203456988e-08, 6.91724100221e-09, 5.37805799894e-09, 2.32315455762e-09, 5.01613972581e-10, 8.06548161592e-10, 6.52587706096e-10, 3.86526533003e-10, 1.94279467514e-10, 1.05752677448e-10, 3.29477937988e-11, 2.49844242517e-11, 4.31374519438e-11, 8.9533276626e-12, 7.17108707485e-12, 5.91536021555e-12, 2.53928887466e-12, 9.41899769985e-13, 4.53916038871e-13, 3.26258985106e-13]}, "melbands_crest": {"dmean": 3.18340182304, "dmean2": 5.26356506348, "dvar": 8.06705856323, "dvar2": 21.2417240143, "max": 31.4930019379, "mean": 11.5276422501, "median": 10.7684679031, "min": 1.00187623501, "var": 20.6878871918}, "melbands_flatness_db": {"dmean": 0.0248575918376, "dmean2": 0.037297796458, "dvar": 0.000696327653714, "dvar2": 0.00152366154362, "max": 0.596673905849, "mean": 0.163390278816, "median": 0.155732467771, "min": -3.88288469821e-07, "var": 0.00386308995076}, "melbands_kurtosis": {"dmean": 4.20504426956, "dmean2": 6.76890897751, "dvar": 123.578330994, "dvar2": 299.171813965, "max": 600.498901367, "mean": 6.46369409561, "median": 2.56278610229, "min": -1.84925734997, "var": 398.405151367}, "melbands_skewness": {"dmean": 0.622823417187, "dmean2": 0.9669713974, "dvar": 0.501951098442, "dvar2": 1.17854440212, "max": 17.9328556061, "mean": 1.77712571621, "median": 1.61830914021, "min": -1.46900415421, "var": 2.03722906113}, "melbands_spread": {"dmean": 8.55403995514, "dmean2": 12.9601411819, "dvar": 93.6111755371, "dvar2": 198.912445068, "max": 205.749237061, "mean": 34.7137107849, "median": 30.4077644348, "min": 0.30243101716, "var": 518.950744629}, "mfcc": {"cov": [[8711.07324219, 125.233810425, -714.030029297, 55.7542915344, -280.193267822, 63.4161682129, -105.410842896, -37.6453056335, -60.6181640625, 0.679994165897, -138.617126465, -35.4322547913, -75.0044937134], [125.233810425, 1507.2154541, -172.554763794, -7.76853132248, 58.4118309021, 31.2725563049, 10.5610818863, 17.3049583435, 3.01235938072, -33.3594055176, 23.9246730804, -1.058786273, -17.5171890259], [-714.030029297, -172.554763794, 552.283569336, -9.97814273834, 72.7217559814, -7.05014514923, 11.4223146439, 4.41404438019, -11.8746328354, 8.047996521, 28.849445343, -5.39036369324, 23.6331939697], [55.7542915344, -7.76853132248, -9.97814273834, 274.354064941, 31.9000167847, -6.44773340225, -18.2170372009, 6.99959039688, 13.1694564819, 25.7571735382, -20.4593162537, 5.78192329407, -11.3086509705], [-280.193267822, 58.4118309021, 72.7217559814, 31.9000167847, 175.038040161, 25.3923873901, -20.0889701843, 2.73540210724, 22.7852230072, -1.33365225792, -4.71643400192, -10.2133970261, 21.1710720062], [63.4161682129, 31.2725563049, -7.05014514923, -6.44773340225, 25.3923873901, 98.3392181396, 39.8696403503, 11.0185060501, 1.16243648529, -5.77618169785, 1.78416156769, 1.34284162521, -3.74723124504], [-105.410842896, 10.5610818863, 11.4223146439, -18.2170372009, -20.0889701843, 39.8696403503, 114.001922607, 39.0898094177, -3.77625799179, -3.53058195114, 8.92123126984, -1.92294049263, -12.9065122604], [-37.6453056335, 17.3049583435, 4.41404438019, 6.99959039688, 2.73540210724, 11.0185060501, 39.0898094177, 87.071434021, 23.0441474915, -0.147575631738, 2.51143074036, -13.6798295975, -4.24923992157], [-60.6181640625, 3.01235938072, -11.8746328354, 13.1694564819, 22.7852230072, 1.16243648529, -3.77625799179, 23.0441474915, 75.3882904053, 19.5833568573, -7.11539268494, -6.23612260818, -4.99314165115], [0.679994165897, -33.3594055176, 8.047996521, 25.7571735382, -1.33365225792, -5.77618169785, -3.53058195114, -0.147575631738, 19.5833568573, 66.4398040771, 15.9607849121, -3.15397763252, -10.7878456116], [-138.617126465, 23.9246730804, 28.849445343, -20.4593162537, -4.71643400192, 1.78416156769, 8.92123126984, 2.51143074036, -7.11539268494, 15.9607849121, 68.6361160278, 19.8057575226, 0.435031712055], [-35.4322547913, -1.058786273, -5.39036369324, 5.78192329407, -10.2133970261, 1.34284162521, -1.92294049263, -13.6798295975, -6.23612260818, -3.15397763252, 19.8057575226, 69.3750305176, 19.8658790588], [-75.0044937134, -17.5171890259, 23.6331939697, -11.3086509705, 21.1710720062, -3.74723124504, -12.9065122604, -4.24923992157, -4.99314165115, -10.7878456116, 0.435031712055, 19.8658790588, 66.1963577271]], "icov": [[0.000143962737639, -7.51858669901e-06, 0.00013621863036, -1.32669993036e-05, 0.000225135197979, -0.000248921045568, 0.000260482833255, -8.09660486993e-05, 0.000176633722731, -0.000124679092551, 0.0002598084684, 3.59732912329e-05, 5.02273796883e-05], [-7.51858669901e-06, 0.000738016387913, 0.000287807255518, 3.34811761604e-06, -0.000421256670961, -2.11579044844e-05, -4.99349735037e-05, -9.00720115169e-05, 3.70893530999e-06, 0.000497013737913, -0.000541855231859, 4.82066134282e-05, 0.000272980803857], [0.00013621863036, 0.000287807255518, 0.0023046399001, 6.47550987196e-05, -0.000977827352472, 0.000362661841791, -0.000347527733538, -0.000102068966953, 0.000751878134906, -0.000246098788921, -0.000802762631793, 0.000479722570162, -0.000444361445261], [-1.32669993036e-05, 3.34811761604e-06, 6.47550987196e-05, 0.00428747897968, -0.00109883327968, 0.00033991941018, 0.000635461125057, -0.00110646325629, 0.000671847199555, -0.00222143926658, 0.00218550744466, -0.00177182920743, 0.00132475956343], [0.000225135197979, -0.000421256670961, -0.000977827352472, -0.00109883327968, 0.00836027413607, -0.00338232330978, 0.00240734708495, 0.000231746307691, -0.00236967112869, 0.000674821203575, 2.29080815188e-05, 0.00214229966514, -0.00278786034323], [-0.000248921045568, -2.11579044844e-05, 0.000362661841791, 0.00033991941018, -0.00338232330978, 0.0135840121657, -0.00567710585892, 0.000726067810319, -0.000178105387022, 0.000857274571899, -0.000346904824255, -0.0010294849053, 0.00086888729129], [0.000260482833255, -4.99349735037e-05, -0.000347527733538, 0.000635461125057, 0.00240734708495, -0.00567710585892, 0.0139346513897, -0.00610787980258, 0.00213395594619, -0.000299951876514, 9.78820607997e-05, -0.000748069083784, 0.00208401493728], [-8.09660486993e-05, -9.00720115169e-05, -0.000102068966953, -0.00110646325629, 0.000231746307691, 0.000726067810319, -0.00610787980258, 0.016386019066, -0.00594282383099, 0.00245371111669, -0.00252697174437, 0.00389180448838, -0.0016399360029], [0.000176633722731, 3.70893530999e-06, 0.000751878134906, 0.000671847199555, -0.00236967112869, -0.000178105387022, 0.00213395594619, -0.00594282383099, 0.0180385801941, -0.00636318186298, 0.00381768750958, -0.00158221146557, 0.0016032239655], [-0.000124679092551, 0.000497013737913, -0.000246098788921, -0.00222143926658, 0.000674821203575, 0.000857274571899, -0.000299951876514, 0.00245371111669, -0.00636318186298, 0.0202618204057, -0.00713076489046, 0.00255721132271, 0.00173182005528], [0.0002598084684, -0.000541855231859, -0.000802762631793, 0.00218550744466, 2.29080815188e-05, -0.000346904824255, 9.78820607997e-05, -0.00252697174437, 0.00381768750958, -0.00713076489046, 0.020395744592, -0.00689685577527, 0.00170249049552], [3.59732912329e-05, 4.82066134282e-05, 0.000479722570162, -0.00177182920743, 0.00214229966514, -0.0010294849053, -0.000748069083784, 0.00389180448838, -0.00158221146557, 0.00255721132271, -0.00689685577527, 0.0195269025862, -0.00657731341198], [5.02273796883e-05, 0.000272980803857, -0.000444361445261, 0.00132475956343, -0.00278786034323, 0.00086888729129, 0.00208401493728, -0.0016399360029, 0.0016032239655, 0.00173182005528, 0.00170249049552, -0.00657731341198, 0.0192284006625]], "mean": [-641.758422852, 118.767051697, -21.861825943, 28.1959457397, 1.35175907612, 9.09196567535, -5.92604207993, -0.800290942192, -3.1509745121, 1.17571306229, -3.56042909622, -0.471007198095, -4.94041252136]}, "pitch_salience": {"dmean": 0.0671215876937, "dmean2": 0.109033331275, "dvar": 0.00346496375278, "dvar2": 0.00889201462269, "max": 0.998354434967, "mean": 0.599787414074, "median": 0.60322612524, "min": 0.0707694813609, "var": 0.00984680466354}, "silence_rate_20dB": {"dmean": 0, "dmean2": 0, "dvar": 0, "dvar2": 0, "max": 1, "mean": 1, "median": 1, "min": 1, "var": 0}, "silence_rate_30dB": {"dmean": 0, "dmean2": 0, "dvar": 0, "dvar2": 0, "max": 1, "mean": 1, "median": 1, "min": 1, "var": 0}, "silence_rate_60dB": {"dmean": 0.0213878322393, "dmean2": 0.0427790544927, "dvar": 0.0209307502955, "dvar2": 0.045702971518, "max": 1, "mean": 0.0561584159732, "median": 0, "min": 0, "var": 0.0529967360198}, "spectral_centroid": {"dmean": 268.135467529, "dmean2": 401.481292725, "dvar": 91249.3828125, "dvar2": 190665.96875, "max": 11774.0175781, "mean": 1722.11242676, "median": 1591.7833252, "min": 106.157150269, "var": 1391990.625}, "spectral_complexity": {"dmean": 4.81939172745, "dmean2": 6.83133983612, "dvar": 25.3298473358, "dvar2": 44.3698654175, "max": 58, "mean": 21.3517627716, "median": 21, "min": 0, "var": 114.036201477}, "spectral_contrast_coeffs": {"dmean": [0.0540358088911, 0.0491347983479, 0.0438638180494, 0.0373926050961, 0.0253714770079, 0.0179642029107], "dmean2": [0.0907121673226, 0.0790321156383, 0.0685424059629, 0.0575098581612, 0.0394571870565, 0.0276290606707], "dvar": [0.00197945069522, 0.00160619826056, 0.00142522715032, 0.00112063076813, 0.000551156292204, 0.000292479468044], "dvar2": [0.00552612356842, 0.00400270754471, 0.00320786726661, 0.00235607614741, 0.00114898104221, 0.000636938377284], "max": [-0.338701307774, -0.42413944006, -0.442809790373, -0.461531341076, -0.543869912624, -0.552911102772], "mean": [-0.626829147339, -0.737972795963, -0.76014059782, -0.761289060116, -0.773880660534, -0.732818901539], "median": [-0.625509619713, -0.743258595467, -0.769840478897, -0.771076858044, -0.785709857941, -0.734459161758], "min": [-0.998219549656, -0.998166263103, -0.996840715408, -0.993322312832, -0.987119078636, -0.980624675751], "var": [0.00576568534598, 0.00585741084069, 0.00648082466796, 0.00558084156364, 0.00363167468458, 0.002590325661]}, "spectral_contrast_valleys": {"dmean": [0.493683159351, 0.44245749712, 0.439469188452, 0.405317753553, 0.326082646847, 0.311523258686], "dmean2": [0.777677714825, 0.682419121265, 0.658702254295, 0.602018892765, 0.464926660061, 0.40103417635], "dvar": [0.188647150993, 0.166398704052, 0.173885852098, 0.156202167273, 0.126501113176, 0.159410521388], "dvar2": [0.403342992067, 0.348089456558, 0.338679164648, 0.319323956966, 0.232232704759, 0.263992905617], "max": [-5.75612831116, -4.62556934357, -5.4238858223, -5.55469369888, -5.35455942154, -8.02450084686], "mean": [-7.70645236969, -6.99360561371, -7.58666324615, -7.62611818314, -7.62735462189, -10.609333992], "median": [-7.39589643478, -6.67904186249, -7.25901317596, -7.32041358948, -7.30089378357, -10.397769928], "min": [-28.175403595, -28.0705394745, -27.7853107452, -27.67811203, -27.4925842285, -27.4080944061], "var": [4.8332695961, 5.2221660614, 5.04119873047, 4.99756717682, 4.98147630692, 3.98858952522]}, "spectral_decrease": {"dmean": 1.70533775989e-09, "dmean2": 2.68473132614e-09, "dvar": 4.79228866321e-18, "dvar2": 1.18771158387e-17, "max": 5.78526732735e-23, "mean": -4.94564744713e-09, "median": -4.39904956906e-09, "min": -2.79378387091e-08, "var": 1.0630428097e-17}, "spectral_energy": {"dmean": 0.00687243044376, "dmean2": 0.0107106054202, "dvar": 7.61567862355e-05, "dvar2": 0.000185849741683, "max": 0.117449760437, "mean": 0.0207091737539, "median": 0.0184317938983, "min": 9.88222741956e-21, "var": 0.000186192424735}, "spectral_energyband_high": {"dmean": 0.000307724752929, "dmean2": 0.000426607439294, "dvar": 2.55329666743e-07, "dvar2": 5.23415053522e-07, "max": 0.0151960104704, "mean": 0.000766134646256, "median": 0.000404266495025, "min": 7.13282285069e-21, "var": 9.39371773256e-07}, "spectral_energyband_low": {"dmean": 0.0024776305072, "dmean2": 0.0042361994274, "dvar": 1.27263538161e-05, "dvar2": 3.45269254467e-05, "max": 0.0440509542823, "mean": 0.00343204056844, "median": 0.00234566861764, "min": 1.70758551261e-23, "var": 1.3497474356e-05}, "spectral_energyband_middle_high": {"dmean": 0.00255210674368, "dmean2": 0.00363345886581, "dvar": 1.4054427993e-05, "dvar2": 2.77841008938e-05, "max": 0.0828742086887, "mean": 0.00822410266846, "median": 0.00526568805799, "min": 1.19942703433e-21, "var": 7.7692886407e-05}, "spectral_energyband_middle_low": {"dmean": 0.0044102082029, "dmean2": 0.00718692550436, "dvar": 3.83201841032e-05, "dvar2": 9.89060863503e-05, "max": 0.0583412386477, "mean": 0.00917989667505, "median": 0.00730751967058, "min": 1.38935937054e-22, "var": 5.69998519495e-05}, "spectral_entropy": {"dmean": 0.156707689166, "dmean2": 0.21843880415, "dvar": 0.0280634909868, "dvar2": 0.0540278293192, "max": 9.82638168335, "mean": 7.60515737534, "median": 7.60767459869, "min": 5.29733657837, "var": 0.197701618075}, "spectral_flux": {"dmean": 0.0249394513667, "dmean2": 0.0380874425173, "dvar": 0.00069111288758, "dvar2": 0.00147434440441, "max": 0.285636305809, "mean": 0.0798838362098, "median": 0.0733848437667, "min": 6.33829169705e-11, "var": 0.00179094460327}, "spectral_kurtosis": {"dmean": 1.68784868717, "dmean2": 2.86153554916, "dvar": 5.21541929245, "dvar2": 14.3599510193, "max": 49.952091217, "mean": 4.5496301651, "median": 3.87522983551, "min": -1.25873231888, "var": 10.7571277618}, "spectral_rms": {"dmean": 0.00072403793456, "dmean2": 0.00109265581705, "dvar": 6.89699675149e-07, "dvar2": 1.60108845648e-06, "max": 0.0107044447213, "mean": 0.00420892192051, "median": 0.00424054684117, "min": 3.10502773666e-12, "var": 2.48905712397e-06}, "spectral_rolloff": {"dmean": 493.889099121, "dmean2": 781.995178223, "dvar": 469993.84375, "dvar2": 978729.25, "max": 19509.0820312, "mean": 2177.30664062, "median": 1808.7890625, "min": 86.1328125, "var": 4745684.5}, "spectral_skewness": {"dmean": 0.211673483253, "dmean2": 0.341150045395, "dvar": 0.0524505600333, "dvar2": 0.135653823614, "max": 5.91156387329, "mean": 1.38277506828, "median": 1.35679388046, "min": -0.078570201993, "var": 0.224152997136}, "spectral_spread": {"dmean": 405440.9375, "dmean2": 581223.8125, "dvar": 328522858496, "dvar2": 604529164288, "max": 42747920, "mean": 4198721, "median": 3575012.5, "min": 1205336.375, "var": 15770141589500.0}, "spectral_strongpeak": {"