{"lowlevel": {"average_loudness": 0.872767150402, "barkbands": {"dmean": [3.80211749871e-05, 0.000912994146347, 0.000784637290053, 0.000864450936206, 0.00208038650453, 0.000509414181579, 0.000491195591167, 0.000634811352938, 0.00045067537576, 0.000492383667734, 0.00029008788988, 0.00026035317569, 0.000202674476895, 0.000286249793135, 0.000216693370021, 0.000143760480569, 0.000111038898467, 0.000158059061505, 0.000114832400868, 0.000244390423177, 0.000177420995897, 0.00011391852604, 0.00016492040595, 0.000212220271351, 0.000156146183144, 3.97081275878e-05, 9.39163328439e-06], "dmean2": [6.42696468276e-05, 0.00127530912869, 0.00122539303266, 0.00146113394294, 0.00337726809084, 0.000803209026344, 0.000747504760511, 0.000973432615865, 0.000675355724525, 0.000757159898058, 0.000451296888059, 0.000405223341659, 0.000319638231304, 0.000431511609349, 0.000338087324053, 0.000214762680116, 0.000170129234903, 0.000241980917053, 0.000175831111846, 0.000354748248355, 0.000262553367065, 0.000165146309882, 0.00024733308237, 0.000311358075123, 0.000232981561567, 5.87431677559e-05, 1.4353788174e-05], "dvar": [3.23760152021e-09, 4.72597912449e-06, 5.44516115042e-06, 2.55626491708e-06, 8.79193066794e-06, 9.45179692735e-07, 1.07775360902e-06, 1.74741478531e-06, 1.15915247534e-06, 1.80301185537e-06, 5.5893588069e-07, 4.44680807732e-07, 3.67201920426e-07, 1.00945987924e-06, 5.05636080561e-07, 2.36081660887e-07, 9.05841375243e-08, 1.35961329306e-07, 7.42924655128e-08, 3.60259150511e-07, 2.35803952364e-07, 2.0889036989e-07, 3.97654901008e-07, 8.97778534181e-07, 3.7478130821e-07, 1.5079445248e-08, 7.39786953918e-10], "dvar2": [8.75351258145e-09, 8.13278620626e-06, 1.292446359e-05, 6.94512118571e-06, 2.15130476136e-05, 2.36815390053e-06, 2.33047808251e-06, 3.83355427402e-06, 2.20857464228e-06, 4.25372581958e-06, 1.18007460514e-06, 1.00365366507e-06, 9.14558256682e-07, 2.11873566514e-06, 1.30088744754e-06, 5.32938031483e-07, 2.02963121865e-07, 3.10595623887e-07, 1.72809009769e-07, 6.92157527737e-07, 5.20641037838e-07, 4.30054967637e-07, 8.66533866883e-07, 1.65249366546e-06, 7.98627297627e-07, 3.33093090887e-08, 1.7881224279e-09], "max": [0.00163770350628, 0.0737432837486, 0.0588091537356, 0.0214453078806, 0.0398477464914, 0.0190394446254, 0.0243959184736, 0.0279548224062, 0.0349363870919, 0.0291109811515, 0.0259265769273, 0.0243996139616, 0.0154863987118, 0.0291667375714, 0.0225786194205, 0.0199174489826, 0.0099741211161, 0.0105618294328, 0.00848365575075, 0.0213033203036, 0.0112755699083, 0.0194346867502, 0.0164338946342, 0.0269541442394, 0.0163710601628, 0.00355680729263, 0.000593092117924], "mean": [6.52436574455e-05, 0.00221050274558, 0.00119891774375, 0.00116336427163, 0.00404301797971, 0.00119868130423, 0.00121656933334, 0.00136284925975, 0.000928244611714, 0.000995273818262, 0.000557928695343, 0.000530350836925, 0.000340221391525, 0.000532278500032, 0.000364093546523, 0.000306874833768, 0.00024511985248, 0.000382069294574, 0.0002468432358, 0.000563600857276, 0.00038883544039, 0.000208667086554, 0.000280078238575, 0.000360336038284, 0.000241225599893, 5.68198483961e-05, 1.25371934701e-05], "median": [5.49120668438e-05, 0.000306339235976, 0.000258514744928, 0.000307532725856, 0.0022556912154, 0.000393762078602, 0.000319259241223, 0.000361125217751, 0.000233003738686, 0.000164096985827, 0.000143802550156, 0.000160744399182, 0.00010571074381, 9.30661335588e-05, 9.6764859336e-05, 6.7010652856e-05, 9.26998909563e-05, 0.000103094120277, 9.25199201447e-05, 0.000161367381224, 7.98569381004e-05, 5.2982919442e-05, 6.1129394453e-05, 5.9690206399e-05, 4.79910231661e-05, 1.10670325739e-05, 2.7850103379e-06], "min": [1.14673048984e-25, 1.46367027292e-24, 7.47903690756e-25, 1.15315963227e-24, 3.30444149929e-24, 6.90141983795e-24, 5.89048038841e-24, 5.00365005851e-24, 1.49355760938e-23, 1.90038469557e-23, 1.3395344109e-23, 1.7332026661e-23, 2.18804203579e-23, 2.45229813281e-23, 4.08988533518e-23, 4.88674560552e-23, 6.20545566624e-23, 7.47171878299e-23, 1.12604782402e-22, 1.71087900689e-22, 2.17427104874e-22, 2.90904664056e-22, 3.69027212953e-22, 4.45342046064e-22, 8.76416842149e-22, 1.2618016224e-21, 1.89043849115e-21], "var": [3.73878927817e-09, 2.0967941964e-05, 8.07056130725e-06, 4.1208654693e-06, 2.52811514656e-05, 4.08279765907e-06, 6.50058018437e-06, 8.0026611613e-06, 4.48638775197e-06, 6.2245621848e-06, 2.06817276194e-06, 1.79578921689e-06, 7.92825517237e-07, 3.29267800225e-06, 9.83029963209e-07, 7.71674933731e-07, 3.19358008483e-07, 7.12907194611e-07, 2.40699336018e-07, 1.45680587593e-06, 9.23761774629e-07, 6.09329504186e-07, 9.0274016884e-07, 2.26540964832e-06, 6.98164058122e-07, 2.75801532723e-08, 1.0334522127e-09]}, "barkbands_crest": {"dmean": 2.34770607948, "dmean2": 3.75070333481, "dvar": 4.82758998871, "dvar2": 11.6405982971, "max": 25.3404541016, "mean": 10.3654603958, "median": 9.21533107758, "min": 2.32978129387, "var": 22.1220798492}, "barkbands_flatness_db": {"dmean": 0.0182436350733, "dmean2": 0.0270679965615, "dvar": 0.000308076967485, "dvar2": 0.000640881364234, "max": 0.304545283318, "mean": 0.109690748155, "median": 0.10239867121, "min": 0.0163961257786, "var": 0.00195920118131}, "barkbands_kurtosis": {"dmean": 2.81138300896, "dmean2": 4.30485773087, "dvar": 23.3761177063, "dvar2": 53.5598754883, "max": 140.610870361, "mean": 5.05468988419, "median": 2.28405427933, "min": -1.8862477541, "var": 79.6477584839}, "barkbands_skewness": {"dmean": 0.508702218533, "dmean2": 0.761768519878, "dvar": 0.318536788225, "dvar2": 0.680592656136, "max": 10.0724773407, "mean": 1.5070925951, "median": 1.41010534763, "min": -4.02576112747, "var": 2.38099265099}, "barkbands_spread": {"dmean": 6.75522947311, "dmean2": 10.2975482941, "dvar": 84.7701950073, "dvar2": 192.547637939, "max": 123.450195313, "mean": 26.4483680725, "median": 22.1369018555, "min": 1.38175046444, "var": 322.456848145}, "dissonance": {"dmean": 0.0155102694407, "dmean2": 0.0260781534016, "dvar": 0.000245812931098, "dvar2": 0.00069426727714, "max": 0.500000119209, "mean": 0.468279331923, "median": 0.473708987236, "min": 0.244144916534, "var": 0.000538751191925}, "dynamic_complexity": 4.10589790344, "erbbands": {"dmean": [0.0188444610685, 0.236624747515, 0.788833498955, 1.53848087788, 7.62557125092, 5.35863351822, 5.28768587112, 4.66118764877, 6.19354963303, 9.66768550873, 11.4184408188, 10.3508987427, 15.3531455994, 10.6622886658, 11.1275539398, 8.32230472565, 7.7062959671, 13.3895320892, 10.5381708145, 8.32016563416, 8.06543922424, 6.30672740936, 7.67703962326, 7.58295822144, 5.10734224319, 11.7461643219, 9.86147689819, 4.74142456055, 3.9106388092, 4.01360273361, 5.16526889801, 4.60057353973, 3.69005274773, 2.32610058784, 0.776472449303, 0.24766728282, 0.0602479279041, 0.0131599027663, 0.00169909582473, 5.97635589656e-05], "dmean2": [0.0280559621751, 0.325291335583, 1.20820367336, 2.52198171616, 12.7638187408, 8.65074825287, 8.33040046692, 7.25805997849, 9.45515060425, 14.5666065216, 17.6968307495, 15.3961868286, 23.2963218689, 16.3576278687, 17.1796245575, 12.7917203903, 11.8299064636, 20.0689353943, 15.8814306259, 12.6928100586, 11.9411621094, 9.64323806763, 11.7437486649, 11.4225072861, 7.57395982742, 17.2477226257, 14.7285318375, 6.71850061417, 5.67420196533, 5.95428800583, 7.84548664093, 6.60430955887, 5.44783258438, 3.50903248787, 1.13104867935, 0.370744645596, 0.0879836976528, 0.019549485296, 0.00256523489952, 8.85216431925e-05], "dvar": [0.00259824167006, 0.294691056013, 4.39708423615, 9.01755809784, 142.283279419, 64.539894104, 106.984031677, 86.4005203247, 171.722946167, 429.279541016, 554.309387207, 757.10144043, 1625.18237305, 893.333312988, 600.732910156, 482.544464111, 459.341278076, 2470.12524414, 1021.26318359, 744.304321289, 917.34173584, 274.281494141, 376.45993042, 341.944641113, 138.085510254, 903.8515625, 668.496276855, 224.979537964, 285.779907227, 203.124710083, 408.804992676, 508.209991455, 254.490615845, 105.80406189, 6.55724716187, 0.634736359119, 0.0361180193722, 0.00162323063705, 2.33648916037e-05, 2.50461891227e-08], "dvar2": [0.0055280001834, 0.488440454006, 10.2826423645, 22.324256897, 361.0390625, 157.915725708, 272.39151001, 194.897659302, 358.756958008, 963.202453613, 1286.12182617, 1354.65698242, 3913.85693359, 1967.86877441, 1356.91552734, 1108.2767334, 1099.94567871, 5200.52734375, 2275.27294922, 1966.52783203, 2063.20947266, 620.905029297, 828.825195313, 820.336303711, 288.520294189, 1808.85717773, 1537.06347656, 430.168548584, 588.802978516, 440.272735596, 905.85168457, 946.817260742, 505.660675049, 225.382827759, 13.7770023346, 1.4404746294, 0.0773766636848, 0.00353029696271, 5.6147306168e-05, 6.04436181106e-08], "max": [1.66621100903, 17.9335956573, 53.852973938, 63.0646476746, 151.049530029, 136.813446045, 233.764190674, 177.320999146, 269.066345215, 604.473815918, 418.231079102, 1047.80090332, 909.078369141, 1098.91271973, 683.015869141, 582.480773926, 600.83215332, 1736.80102539, 1135.40368652, 939.960998535, 1359.42236328, 605.365234375, 618.389160156, 479.730957031, 435.684143066, 1003.6907959, 749.087768555, 468.841522217, 828.682434082, 469.480651855, 469.456726074, 794.544921875, 521.086547852, 293.477050781, 59.6939926147, 24.0460472107, 5.20856142044, 1.09381616116, 0.103040643036, 0.00293945288286], "mean": [0.0420583747327, 0.584228694439, 1.45247173309, 2.39321708679, 10.1205739975, 11.6530380249, 12.2544136047, 11.7057065964, 15.6537342072, 25.5635585785, 24.2165393829, 22.2285003662, 31.8224716187, 23.623008728, 23.5799999237, 18.0791816711, 15.5428171158, 27.3599185944, 20.2928962708, 16.2867565155, 18.4826622009, 15.1863393784, 18.6367950439, 18.1681537628, 12.2366456985, 27.847951889, 24.0662288666, 9.73062229156, 7.32258176804, 7.21162700653, 8.62675666809, 7.39487314224, 6.06771993637, 3.61176896095, 1.17904555798, 0.34728372097, 0.0868126004934, 0.018331380561, 0.00230338866822, 0.00010019606998], "median": [0.00394559837878, 0.0939166396856, 0.441301286221, 0.972476601601, 4.53005313873, 5.7708158493, 4.86795330048, 3.5686404705, 5.21394729614, 6.91452980042, 7.82836723328, 5.96051073074, 6.36696434021, 5.61799478531, 7.55068492889, 5.97399520874, 4.95892524719, 5.33316421509, 5.87742710114, 4.47206020355, 4.53364276886, 5.5029001236, 5.65101337433, 5.84207439423, 5.02995586395, 7.41083908081, 5.77626037598, 2.1315407753, 1.79908156395, 1.81304585934, 1.76087903976, 1.14980041981, 1.07429742813, 0.690672636032, 0.23867815733, 0.0663556158543, 0.0166961401701, 0.00381390936673, 0.000527729396708, 4.63402757305e-05], "min": [6.55018661965e-23, 4.37273147585e-22, 2.01202798274e-21, 3.22183556831e-21, 9.46447051407e-21, 1.5876898215e-20, 1.86290929028e-20, 4.37080167721e-20, 7.87485636673e-20, 1.16383653027e-19, 2.25639180522e-19, 2.63036222811e-19, 5.44458240796e-19, 6.29969949474e-19, 1.06069752519e-18, 9.43672251424e-19, 1.5346628138e-18, 1.50617616107e-18, 2.00333094116e-18, 2.85536688355e-18, 3.65184193138e-18, 4.52965013333e-18, 4.48038821913e-18, 5.94831823701e-18, 7.30806957437e-18, 8.59645383644e-18, 8.38376336708e-18, 1.0095807205e-17, 1.014749524e-17, 1.08788684852e-17, 9.12036522101e-18, 9.80127217713e-18, 8.84172529577e-18, 6.7992918727e-18, 5.73206758228e-18, 4.06871407674e-18, 2.08870115025e-18, 8.79925784312e-19, 2.22789543312e-19, 2.71474537809e-20], "var": [0.009357213974, 1.3406816721, 8.12348556519, 15.5955219269, 201.569198608, 276.62689209, 447.75579834, 431.249023438, 850.881286621, 3096.0625, 1727.02893066, 3206.52709961, 5385.49365234, 3233.45214844, 2329.06933594, 1820.82177734, 1398.8416748, 9436.50976563, 2773.43994141, 1591.0970459, 2828.84594727, 1202.03967285, 1678.99572754, 1481.23583984, 438.410888672, 3703.66796875, 3188.34277344, 832.370300293, 824.857788086, 533.174682617, 875.559020996, 1159.71374512, 567.929199219, 193.572357178, 13.049905777, 1.11421430111, 0.0672213286161, 0.00289597106166, 3.35188015015e-05, 3.37771126624e-08]}, "erbbands_crest": {"dmean": 2.267973423, "dmean2": 3.6493897438, "dvar": 4.63537025452, "dvar2": 11.7161130905, "max": 29.9004688263, "mean": 8.49628543854, "median": 7.80485725403, "min": 2.23906207085, "var": 15.3730688095}, "erbbands_flatness_db": {"dmean": 0.0141891827807, "dmean2": 0.0201941505075, "dvar": 0.000193419793504, "dvar2": 0.000372035923647, "max": 0.266603976488, "mean": 0.134028226137, "median": 0.133442550898, "min": 0.03091753833, "var": 0.00146303977817}, "erbbands_kurtosis": {"dmean": 0.834398925304, "dmean2": 1.27553975582, "dvar": 1.59768497944, "dvar2": 3.43544340134, "max": 33.3401031494, "mean": 0.489596217871, "median": -0.276254057884, "min": -1.77334845066, "var": 5.67469453812}, "erbbands_skewness": {"dmean": 0.325343608856, "dmean2": 0.486672997475, "dvar": 0.10688778758, "dvar2": 0.221359610558, "max": 3.50376343727, "mean": 0.326112478971, "median": 0.355408519506, "min": -5.27588033676, "var": 0.812580823898}, "erbbands_spread": {"dmean": 8.4006729126, "dmean2": 12.8743534088, "dvar": 90.754234314, "dvar2": 212.04460144, "max": 141.655334473, "mean": 46.6106643677, "median": 44.8315353394, "min": 5.7643122673, "var": 419.414733887}, "gfcc": {"cov": [[49391.9023438, 2006.72998047, -4547.98779297, 1077.04101563, -2962.75048828, 245.44418335, -1588.16271973, 404.489807129, -1191.03930664, -62.9808082581, -682.026489258, -306.76751709, -260.90612793], [2006.72998047, 1320.45129395, -255.629562378, -10.9713792801, 114.721679688, -43.5844802856, 52.959186554, 1.46905529499, 10.8972606659, -18.388753891, 33.1896362305, -29.2861709595, -12.0752649307], [-4547.98779297, -255.629562378, 1008.21209717, 57.408657074, 348.836730957, 58.9061889648, 128.046005249, -31.609872818, 133.388336182, 14.8665876389, 72.7224197388, 72.2723999023, -12.8131837845], [1077.04101563, -10.9713792801, 57.408657074, 467.642944336, 57.3270378113, -14.6466531754, -86.364440918, 20.841129303, 50.8925666809, 11.9347667694, -0.0893493294716, 37.5492935181, 36.3655433655], [-2962.75048828, 114.721679688, 348.836730957, 57.3270378113, 465.106445313, 66.0940551758, 156.557891846, -18.5030422211, 115.385803223, 31.7876605988, 32.7978057861, 38.3888244629, 26.4380779266], [245.44418335, -43.5844802856, 58.9061889648, -14.6466531754, 66.0940551758, 288.685424805, 155.195220947, 38.2853088379, -1.86102807522, 48.6154518127, 6.36991405487, -17.7056941986, -16.5551738739], [-1588.16271973, 52.959186554, 128.046005249, -86.364440918, 156.557891846, 155.195220947, 305.240325928, 61.0377235413, 58.9400291443, 52.3437767029, 51.4631919861, 4.7890958786, 2.29400253296], [404.489807129, 1.46905529499, -31.609872818, 20.841129303, -18.5030422211, 38.2853088379, 61.0377235413, 134.776016235, 62.522983551, 43.0919761658, 17.7803401947, 1.17589449883, 12.0386953354], [-1191.03930664, 10.8972606659, 133.388336182, 50.8925666809, 115.385803223, -1.86102807522, 58.9400291443, 62.522983551, 178.341796875, 64.7476654053, 39.5474700928, 13.4430952072, 22.6508922577], [-62.9808082581, -18.388753891, 14.8665876389, 11.9347667694, 31.7876605988, 48.6154518127, 52.3437767029, 43.0919761658, 64.7476654053, 109.438781738, 45.5194664001, 4.99198770523, -0.595620036125], [-682.026489258, 33.1896362305, 72.7224197388, -0.0893493294716, 32.7978057861, 6.36991405487, 51.4631919861, 17.7803401947, 39.5474700928, 45.5194664001, 101.86315155, 33.4454879761, 7.39637947083], [-306.76751709, -29.2861709595, 72.2723999023, 37.5492935181, 38.3888244629, -17.7056941986, 4.7890958786, 1.17589449883, 13.4430952072, 4.99198770523, 33.4454879761, 86.8975143433, 30.6085109711], [-260.90612793, -12.0752649307, -12.8131837845, 36.3655433655, 26.4380779266, -16.5551738739, 2.29400253296, 12.0386953354, 22.6508922577, -0.595620036125, 7.39637947083, 30.6085109711, 76.4864349365]], "icov": [[0.000149662169861, -0.000307175301714, 0.000278002029518, -0.000389183318475, 0.000607760623097, -0.000537456537131, 0.000543703325093, -0.000540502835065, 0.00055965030333, -0.000555871927645, 0.000732634682208, -0.000517107313499, 0.000402017263696], [-0.000307175301714, 0.00159681832884, -6.22976658633e-05, 0.000743203971069, -0.0018705946859, 0.0013304001186, -0.00125939282589, 0.00103342893999, -0.00124274101108, 0.00180307449773, -0.00232776929624, 0.00143329601269, -0.000316267367452], [0.000278002029518, -6.22976658633e-05, 0.00238597812131, -0.000799364759587, -3.7976034946e-05, -0.00123283918947, 0.000916275195777, -0.000471469771583, -0.000130839893245, 0.000288579496555, 0.000250409822911, -0.00184864515904, 0.00226781703532], [-0.000389183318475, 0.000743203971069, -0.000799364759587, 0.00372150749899, -0.00211944198236, 0.000800702895503, 0.000234826889937, 0.00062666204758, -0.00194132036995, 0.00135494407732, -0.00176983408164, 0.000539351603948, -0.00177253433503], [0.000607760623097, -0.0018705946859, -3.7976034946e-05, -0.00211944198236, 0.00712971715257, -0.00244059739634, 0.000141159893246, 0.000314914854243, 0.000179380149348, -0.00276465318166, 0.00454153958708, -0.00295475078747, 0.000401285011321], [-0.000537456537131, 0.0013304001186, -0.00123283918947, 0.000800702895503, -0.00244059739634, 0.00776569312438, -0.00499469321221, 0.00117688777391, 0.000317902187817, -0.000614006770775, -0.00128312874585, 0.00293722236529, -0.000871770316735], [0.000543703325093, -0.00125939282589, 0.000916275195777, 0.000234826889937, 0.000141159893246, -0.00499469321221, 0.00930189434439, -0.00469057215378, 0.00190550216939, -0.00160348624922, 0.000190203107195, -0.00154336134437, 0.00104953767732], [-0.000540502835065, 0.00103342893999, -0.000471469771583, 0.00062666204758, 0.000314914854243, 0.00117688777391, -0.00469057215378, 0.013988786377, -0.00666416715831, 0.000593194854446, -0.00177840492688, 0.00122782087419, -0.00231394730508], [0.00055965030333, -0.00124274101108, -0.000130839893245, -0.00194132036995, 0.000179380149348, 0.000317902187817, 0.00190550216939, -0.00666416715831, 0.0139226587489, -0.00731676537544, 0.00223268033005, 0.000184347649338, -0.000857242674101], [-0.000555871927645, 0.00180307449773, 0.000288579496555, 0.00135494407732, -0.00276465318166, -0.000614006770775, -0.00160348624922, 0.000593194854446, -0.00731676537544, 0.0185788720846, -0.00915227178484, 0.00228314800188, 0.000852934492286], [0.000732634682208, -0.00232776929624, 0.000250409822911, -0.00176983408164, 0.00454153958708, -0.00128312874585, 0.000190203107195, -0.00177840492688, 0.00223268033005, -0.00915227178484, 0.0198589712381, -0.00806974899024, 0.00201821886003], [-0.000517107313499, 0.00143329601269, -0.00184864515904, 0.000539351603948, -0.00295475078747, 0.00293722236529, -0.00154336134437, 0.00122782087419, 0.000184347649338, 0.00228314800188, -0.00806974899024, 0.0190159585327, -0.00745995808393], [0.000402017263696, -0.000316267367452, 0.00226781703532, -0.00177253433503, 0.000401285011321, -0.000871770316735, 0.00104953767732, -0.00231394730508, -0.000857242674101, 0.000852934492286, 0.00201821886003, -0.00745995808393, 0.0186743009835]], "mean": [-42.4676246643, 59.6358566284, -100.322753906, 25.0020065308, -62.3357772827, 6.95231056213, -38.9920349121, 5.3605465889, -29.7439174652, -0.91546112299, -15.5687761307, -5.50694608688, -10.7782764435]}, "hfc": {"dmean": 7.76757478714, "dmean2": 10.2994585037, "dvar": 384.820068359, "dvar2": 674.299926758, "max": 450.838806152, "mean": 24.8379440308, "median": 14.1816940308, "min": 1.07914227559e-16, "var": 1427.45825195}, "melbands": {"dmean": [0.000217748049181, 0.000360416335752, 0.000444245728431, 0.0004827757366, 0.000197763409233, 0.000100733646832, 9.5090312243e-05, 0.000118338874017, 8.88201757334e-05, 6.73673785059e-05, 7.96560925664e-05, 4.73923137179e-05, 3.56168675353e-05, 3.34566866513e-05, 1.78979880729e-05, 2.22280377784e-05, 2.74912435998e-05, 1.82122112165e-05, 1.74373981281e-05, 9.32954662858e-06, 9.72765337792e-06, 7.58142869017e-06, 5.46066075913e-06, 8.52162520459e-06, 6.63389391775e-06, 3.91482171835e-06, 4.60891578768e-06, 9.63462116488e-06, 7.65401364333e-06, 4.66805749966e-06, 2.55068766819e-06, 2.35135144067e-06, 2.30719683714e-06, 2.2945209821e-06, 3.17764147439e-06, 2.99839462059e-06, 2.91611854664e-06, 2.84626435132e-06, 2.36943537857e-06, 1.89935190065e-06], "dmean2": [0.00030552977114, 0.000530922668986, 0.000729655730538, 0.000793601968326, 0.000310363946483, 0.000157540693181, 0.000143912548083, 0.000179150796612, 0.000138232237077, 0.000100071505585, 0.000121172364743, 7.29169769329e-05, 5.5222222727e-05, 5.20006578881e-05, 2.74251833616e-05, 3.43535502907e-05, 4.09629756177e-05, 2.73221085081e-05, 2.72821180261e-05, 1.40197353176e-05, 1.45342855831e-05, 1.17832041724e-05, 8.26204541227e-06, 1.30534663185e-05, 1.01374153019e-05, 6.02922409598e-06, 6.81557821736e-06, 1.43519400808e-05, 1.18216321425e-05, 6.86472094458e-06, 3.76485513698e-06, 3.5110774661e-06, 3.49279821421e-06, 3.4244451399e-06, 4.87358192913e-06, 4.47802176495e-06, 4.31311809734e-06, 4.2828619371e-06, 3.61190018339e-06, 2.86848785436e-06], "dvar": [3.03665729007e-07, 7.06066657585e-07, 5.18393733273e-07, 5.35268441126e-07, 1.28084394646e-07, 3.66720911416e-08, 3.80184914661e-08, 5.97315548134e-08, 3.36956169633e-08, 3.24935740537e-08, 4.44790693166e-08, 1.63865685465e-08, 6.84706291665e-09, 6.35615382549e-09, 4.41974457033e-09, 3.76573217054e-09, 1.12705453859e-08, 3.72543507154e-09, 4.27930313407e-09, 6.57033871754e-10, 1.3336268756e-09, 4.82441531169e-10, 1.68952546398e-10, 4.45155190487e-10, 2.97319724396e-10, 7.58628923569e-11, 1.7351185766e-10, 6.40138164698e-10, 4.2209558071e-10, 1.64563696003e-10, 8.16995290864e-11, 1.24347948605e-10, 7.62838056612e-11, 7.19953680006e-11, 1.52678591991e-10, 1.69497277325e-10, 2.32057109639e-10, 1.53563439742e-10, 1.23158649945e-10, 7.02514296735e-11], "dvar2": [5.4402414662e-07, 1.54999577262e-06, 1.29430770812e-06, 1.3219965922e-06, 3.09267420562e-07, 8.39416571807e-08, 8.03456075005e-08, 1.30328416503e-07, 7.77053728029e-08, 5.73175604757e-08, 1.06802851008e-07, 3.62809871035e-08, 1.50091707951e-08, 1.42760692157e-08, 9.88802018043e-09, 8.75469208239e-09, 2.39531239288e-08, 8.14040301833e-09, 1.19132739229e-08, 1.51090684408e-09, 3.0078310953e-09, 1.10669151621e-09, 3.79395487249e-10, 9.99510585409e-10, 7.21892323696e-10, 1.75743281039e-10, 3.41913719559e-10, 1.37229405617e-09, 1.00323105379e-09, 3.65196095586e-10, 1.69595490429e-10, 2.75522937798e-10, 1.68053904126e-10, 1.60221363954e-10, 3.54144852333e-10, 3.46864897915e-10, 4.38118596957e-10, 3.09298447965e-10, 2.63242427856e-10, 1.52656512431e-10], "max": [0.0191491227597, 0.0196143947542, 0.0104662748054, 0.010023381561, 0.00767369102687, 0.00377280614339, 0.00393203785643, 0.00716163031757, 0.00304068648256, 0.00697126658633, 0.00467791780829, 0.00409835157916, 0.00263061467558, 0.00320358318277, 0.00225711753592, 0.00177655695006, 0.00373863824643, 0.00201417529024, 0.00251404289156, 0.000552349432837, 0.0016016473528, 0.000654632749502, 0.000479112291941, 0.00057876680512, 0.000447041151347, 0.000297435093671, 0.000454360415461, 0.000782748451456, 0.000668173131999, 0.000331522955094, 0.00031613279134, 0.00058908801293, 0.000292018725304, 0.000227586046094, 0.000322208652506, 0.000421026052209, 0.000501090136822, 0.000387072039302, 0.000315635523293, 0.000273760815617], "mean": [0.000531677913386, 0.000780286442023, 0.00066577817779, 0.00081746088108, 0.000479776674183, 0.000250565761235, 0.000242874026299, 0.000303005916066, 0.000181494862773, 0.000139155730722, 0.00016116486222, 0.000100353106973, 7.37659211154e-05, 6.61484591546e-05, 3.57333956345e-05, 3.82167636417e-05, 5.27493648406e-05, 3.19793944072e-05, 2.86068388959e-05, 1.93013511307e-05, 2.07519296964e-05, 1.62132673722e-05, 1.22992341858e-05, 1.97988010768e-05, 1.44963833009e-05, 8.29339387565e-06, 1.0027960343e-05, 2.11457572732e-05, 1.77760466613e-05, 9.0198336693e-06, 4.41742440671e-06, 4.09965559811e-06, 3.98919655709e-06, 3.9360570554e-06, 5.01068598169e-06, 4.66284063805e-06, 4.48946775577e-06, 4.3822783482e-06, 3.78833965442e-06, 2.79236746792e-06], "median": [6.03507360211e-05, 0.00022019361495, 0.000300648214761, 0.00044348652591, 0.000191043436644, 7.66701923567e-05, 7.65514414525e-05, 7.9836245277e-05, 5.70496558794e-05, 3.31708797603e-05, 3.00064020848e-05, 2.17237211473e-05, 2.16620137508e-05, 2.26964057219e-05, 7.27375663701e-06, 1.1508021089e-05, 8.57372469909e-06, 8.39718177303e-06, 7.28418126528e-06, 4.28328712587e-06, 5.05935167894e-06, 5.68318273508e-06, 4.27198119723e-06, 5.15731335327e-06, 4.10847314924e-06, 3.0837554732e-06, 3.49368474417e-06, 5.04740910401e-06, 3.86540477848e-06, 1.70614339368e-06, 8.63470120294e-07, 8.9595408781e-07, 1.01045145584e-06, 9.59162889558e-07, 1.02997000795e-06, 7.45441354866e-07, 6.29644091532e-07, 7.25528934709e-07, 6.83360212861e-07, 5.13402028446e-07], "min": [1.13380857844e-24, 8.8351790296e-25, 7.91361988721e-25, 8.55539669058e-25, 1.05090107224e-24, 1.12775259188e-24, 1.20119238671e-24, 1.45945588214e-24, 1.48711926193e-24, 1.9331937756e-24, 2.72211995906e-24, 2.02025562055e-24, 2.35162650455e-24, 1.63336115616e-24, 2.55443436024e-24, 2.24851567892e-24, 1.97466103795e-24, 1.95677618072e-24, 2.81595949969e-24, 2.66834449445e-24, 3.32805664214e-24, 3.7851352724e-24, 3.55034778447e-24, 3.25540846922e-24, 3.93305734175e-24, 4.50020967842e-24, 4.12607109487e-24, 4.46631193089e-24, 4.13779159577e-24, 4.65150570586e-24, 5.31415714929e-24, 5.04188220228e-24, 5.49163547017e-24, 4.73456250399e-24, 4.29060144729e-24, 6.11031344016e-24, 5.19906037106e-24, 5.16033597809e-24, 6.36711290836e-24, 5.13670564967e-24], "var": [1.34095080284e-06, 1.80220297352e-06, 9.17739896522e-07, 1.05181095478e-06, 6.81911728861e-07, 1.87061715451e-07, 2.179703813e-07, 4.23791902904e-07, 1.00132723446e-07, 1.37204622774e-07, 1.45916814631e-07, 5.78558925213e-08, 2.65115165377e-08, 2.26272742765e-08, 1.74217511528e-08, 1.03050359357e-08, 3.93151005085e-08, 9.21596754466e-09, 7.48823936192e-09, 2.45476616811e-09, 3.7974037248e-09, 1.66877611729e-09, 7.17831238894e-10, 1.97535032775e-09, 1.11091225108e-09, 2.34681829525e-10, 4.52920118077e-10, 2.40266073703e-09, 2.01254501953e-09, 5.67715707778e-10, 2.52557030844e-10, 3.21646181911e-10, 1.80408604722e-10, 1.71056474541e-10, 2.86657614312e-10, 3.86643911332e-10, 4.76272243866e-10, 3.08425729401e-10, 2.40154840458e-10, 1.18275361727e-10]}, "melbands_crest": {"dmean": 2.90044355392, "dmean2": 4.66686964035, "dvar": 7.06088924408, "dvar2": 17.8585262299, "max": 34.8917770386, "mean": 13.4981384277, "median": 12.8688087463, "min": 1.56630992889, "var": 30.336807251}, "melbands_flatness_db": {"dmean": 0.0230028163642, "dmean2": 0.0340679362416, "dvar": 0.000538610096555, "dvar2": 0.00110966211651, "max": 0.436742633581, "mean": 0.170757099986, "median": 0.16602230072, "min": 0.00310696405359, "var": 0.00501259882003}, "melbands_kurtosis": {"dmean": 6.99167108536, "dmean2": 10.8122406006, "dvar": 123.226982117, "dvar2": 280.16885376, "max": 331.881103516, "mean": 16.3713760376, "median": 8.7566947937, "min": -1.89876461029, "var": 521.4375}, "melbands_skewness": {"dmean": 0.683718621731, "dmean2": 1.04865288734, "dvar": 0.525894582272, "dvar2": 1.21062862873, "max": 13.1747512817, "mean": 2.83003783226, "median": 2.53659415245, "min": -1.59784758091, "var": 3.84232854843}, "melbands_spread": {"dmean": 9.25290775299, "dmean2": 14.0218162537, "dvar": 290.074981689, "dvar2": 588.617431641, "max": 258.530548096, "mean": 33.253704071, "median": 21.5485839844, "min": 0.796678423882, "var": 1356.69018555}, "mfcc": {"cov": [[16422.4941406, 934.821533203, -129.246414185, 136.509872437, -393.018188477, -374.343780518, -73.6710662842, -115.309280396, -29.7017879486, 91.5477142334, -251.518417358, -173.266967773, -105.659294128], [934.821533203, 1488.13098145, -107.799812317, 54.5559425354, 34.9592895508, 34.5890388489, 99.4814758301, 35.368637085, -4.9374165535, 28.159992218, 38.3202972412, -8.91241550446, 21.6161899567], [-129.246414185, -107.799812317, 485.861938477, 83.1118850708, 94.241859436, 48.0272102356, -3.27515268326, 22.4716663361, -13.1206455231, -27.9974136353, 19.2577533722, 46.1595726013, 25.1871414185], [136.509872437, 54.5559425354, 83.1118850708, 408.150512695, 186.300521851, 8.15144920349, -77.897315979, 1.1170027256, 27.6200008392, -57.9089431763, -14.838684082, 52.1742286682, 29.280670166], [-393.018188477, 34.9592895508, 94.241859436, 186.300521851, 263.517456055, 73.5000076294, -43.706993103, 2.91740679741, 34.5831031799, -24.6232719421, 5.32731199265, 25.4369564056, 0.90886425972], [-374.343780518, 34.5890388489, 48.0272102356, 8.15144920349, 73.5000076294, 237.304473877, 117.867179871, 48.6593170166, 42.8186149597, 34.0309371948, 49.240322113, 8.80473995209, -19.6501789093], [-73.6710662842, 99.4814758301, -3.27515268326, -77.897315979, -43.706993103, 117.867179871, 208.215713501, 68.6664581299, 16.5767936707, 54.307434082, 43.1275978088, -5.34970664978, -3.87341856956], [-115.309280396, 35.368637085, 22.4716663361, 1.1170027256, 2.91740679741, 48.6593170166, 68.6664581299, 108.800346375, 44.4824180603, 25.3318023682, 26.1758880615, 3.14968395233, 15.9033155441], [-29.7017879486, -4.9374165535, -13.1206455231, 27.6200008392, 34.5831031799, 42.8186149597, 16.5767936707, 44.4824180603, 130.003890991, 54.4690322876, 29.6265411377, 24.8198928833, 7.47741985321], [91.5477142334, 28.159992218, -27.9974136353, -57.9089431763, -24.6232719421, 34.0309371948, 54.307434082, 25.3318023682, 54.4690322876, 145.803344727, 56.1851234436, 8.59170150757, 16.6743812561], [-251.518417358, 38.3202972412, 19.2577533722, -14.838684082, 5.32731199265, 49.240322113, 43.1275978088, 26.1758880615, 29.6265411377, 56.1851234436, 103.488815308, 34.4555854797, 17.9478359222], [-173.266967773, -8.91241550446, 46.1595726013, 52.1742286682, 25.4369564056, 8.80473995209, -5.34970664978, 3.14968395233, 24.8198928833, 8.59170150757, 34.4555854797, 118.72051239, 56.6453819275], [-105.659294128, 21.6161899567, 25.1871414185, 29.280670166, 0.90886425972, -19.6501789093, -3.87341856956, 15.9033155441, 7.47741985321, 16.6743812561, 17.9478359222, 56.6453819275, 105.295654297]], "icov": [[7.65776567277e-05, -5.7847948483e-05, -4.70843442599e-05, -0.000121297736769, 0.000184131742571, 7.30195388314e-05, -1.22647479657e-05, 7.36799556762e-05, -5.41981389688e-05, -0.000164924611454, 0.000213763065403, 4.29902538599e-05, 0.000104571467091], [-5.7847948483e-05, 0.000787394528743, 0.000263813359197, -8.71355950949e-05, -0.000370599562302, 0.000127318038722, -0.000505961244926, -8.40698849061e-05, 0.000251272547757, 0.000109510758193, -0.000439283408923, 0.000163084070664, -0.00028556532925], [-4.70843442599e-05, 0.000263813359197, 0.00250394502655, -1.86107026821e-05, -0.000884247536305, -0.000331685150741, 6.29240748822e-05, -0.000832067802548, 0.00097770197317, 0.000403559708502, -0.000500598107465, -0.000732140382752, -0.000275607162621], [-0.000121297736769, -8.71355950949e-05, -1.86107026821e-05, 0.00440540444106, -0.00287829502486, 0.000150767882587, 0.000754660577513, -0.000632133567706, -0.000506562413648, 0.00141957076266, 0.000180887203896, -0.00114722480066, -0.000750711304136], [0.000184131742571, -0.000370599562302, -0.000884247536305, -0.00287829502486, 0.00772517733276, -0.00282377237454, 0.00227938196622, 0.000468293874292, -0.00116792251356, -0.000122457830003, 0.000396959017962, 0.000383624050301, 0.000520524161402], [7.30195388314e-05, 0.000127318038722, -0.000331685150741, 0.000150767882587, -0.00282377237454, 0.00838070455939, -0.00495335552841, 0.000122113749967, -0.00123495736625, 0.000180521776201, -0.0015812558122, -0.000295122968964, 0.00195966963656], [-1.22647479657e-05, -0.000505961244926, 6.29240748822e-05, 0.000754660577513, 0.00227938196622, -0.00495335552841, 0.0105332909152, -0.00474280305207, 0.00198526051827, -0.00181757006794, -0.000234490726143, -0.000335963151883, 0.000393947702833], [7.36799556762e-05, -8.40698849061e-05, -0.000832067802548, -0.000632133567706, 0.000468293874292, 0.000122113749967, -0.00474280305207, 0.0148977227509, -0.00526574626565, 0.00143412081525, -0.00127539481036, 0.00282942946069, -0.00309769273736], [-5.41981389688e-05, 0.000251272547757, 0.00097770197317, -0.000506562413648, -0.00116792251356, -0.00123495736625, 0.00198526051827, -0.00526574626565, 0.0124491900206, -0.00452453130856, 0.000198815323529, -0.00282218214124, 0.00176576152444], [-0.000164924611454, 0.000109510758193, 0.000403559708502, 0.00141957076266, -0.000122457830003, 0.000180521776201, -0.00181757006794, 0.00143412081525, -0.00452453130856, 0.0118526844308, -0.0052663711831, 0.00168560317252, -0.00249277567491], [0.000213763065403, -0.000439283408923, -0.000500598107465, 0.000180887203896, 0.000396959017962, -0.0015812558122, -0.000234490726143, -0.00127539481036, 0.000198815323529, -0.0052663711831, 0.0156607106328, -0.00403234548867, 0.000579326297157], [4.29902538599e-05, 0.000163084070664, -0.000732140382752, -0.00114722480066, 0.000383624050301, -0.000295122968964, -0.000335963151883, 0.00282942946069, -0.00282218214124, 0.00168560317252, -0.00403234548867, 0.014093298465, -0.00695517379791], [0.000104571467091, -0.00028556532925, -0.000275607162621, -0.000750711304136, 0.000520524161402, 0.00195966963656, 0.000393947702833, -0.00309769273736, 0.00176576152444, -0.00249277567491, 0.000579326297157, -0.00695517379791, 0.0146911293268]], "mean": [-668.74005127, 96.1525192261, 11.1957330704, 16.8657150269, 0.176684141159, -2.65507602692, 2.65461230278, -2.9804725647, -3.72872304916, 0.620396375656, -6.47451353073, -2.47032356262, -3.3499610424]}, "pitch_salience": {"dmean": 0.0649699047208, "dmean2": 0.104555681348, "dvar": 0.00372750405222, "dvar2": 0.00939848739654, "max": 0.935768127441, "mean": 0.55324447155, "median": 0.555845737457, "min": 0.11491844058, "var": 0.0131956283003}, "silence_rate_20dB": {"dmean": 0, "dmean2": 0, "dvar": 0, "dvar2": 0, "max": 1, "mean": 1, "median": 1, "min": 1, "var": 0}, "silence_rate_30dB": {"dmean": 0, "dmean2": 0, "dvar": 0, "dvar2": 0, "max": 1, "mean": 1, "median": 1, "min": 1, "var": 0}, "silence_rate_60dB": {"dmean": 0.0199574679136, "dmean2": 0.0399214662611, "dvar": 0.0195580478758, "dvar2": 0.0435601994395, "max": 1, "mean": 0.132155701518, "median": 0, "min": 0, "var": 0.114693053067}, "spectral_centroid": {"dmean": 290.574401855, "dmean2": 435.920043945, "dvar": 139115.046875, "dvar2": 277481.1875, "max": 11903.7197266, "mean": 1805.11340332, "median": 1331.16357422, "min": 214.178466797, "var": 3482890.25}, "spectral_complexity": {"dmean": 2.91084575653, "dmean2": 4.31348180771, "dvar": 10.0919046402, "dvar2": 19.3762187958, "max": 49, "mean": 16.0492305756, "median": 16, "min": 0, "var": 89.8926239014}, "spectral_contrast_coeffs": {"dmean": [0.0505202710629, 0.0423737727106, 0.034358382225, 0.0275252629071, 0.0211171079427, 0.0164328273386], "dmean2": [0.0826162621379, 0.070204436779, 0.0551121048629, 0.0442576594651, 0.0327972657979, 0.0250980183482], "dvar": [0.00178218155634, 0.00125167949591, 0.000798325403593, 0.000556384038646, 0.000351176800905, 0.000232644131756], "dvar2": [0.00451132748276, 0.00324296602048, 0.00198341091163, 0.0013126883423, 0.000748417456634, 0.000506377255078], "max": [-0.267180114985, -0.413410425186, -0.497233659029, -0.585019350052, -0.570760369301, -0.623843371868], "mean": [-0.600008666515, -0.734657943249, -0.779645979404, -0.785677373409, -0.785895228386, -0.793266892433], "median": [-0.596440851688, -0.736145853996, -0.787385046482, -0.790959000587, -0.7889508605, -0.791731655598], "min": [-0.982399702072, -0.979646682739, -0.976333916187, -0.972320556641, -0.967582583427, -0.965489685535], "var": [0.014455486089, 0.00813066400588, 0.00623248051852, 0.00435445038602, 0.00379313179292, 0.00243659224361]}, "spectral_contrast_valleys": {"dmean": [0.426471531391, 0.350393950939, 0.301185786724, 0.272176623344, 0.228505179286, 0.295560747385], "dmean2": [0.685019373894, 0.577584445477, 0.482539921999, 0.415138602257, 0.323511838913, 0.386447578669], "dvar": [0.153284043074, 0.11337633431, 0.096993342042, 0.0948254168034, 0.0826558172703, 0.157370701432], "dvar2": [0.325470775366, 0.2274440974, 0.181283503771, 0.155223697424, 0.12055619061, 0.262830704451], "max": [-5.50456190109, -5.11754083633, -5.52233552933, -6.06240940094, -5.83161211014, -6.81225061417], "mean": [-8.48881626129, -7.63528442383, -8.12940502167, -8.63068008423, -8.30607223511, -10.3868608475], "median": [-7.80739402771, -6.81062602997, -7.36019182205, -7.86222934723, -7.509141922, -9.74758911133], "min": [-28.2256793976, -28.2421913147, -27.8601303101, -27.6304283142, -27.5273513794, -27.4601573944], "var": [12.7712192535, 13.6317901611, 12.9512605667, 12.3100366592, 12.6756057739, 10.4344911575]}, "spectral_decrease": {"dmean": 1.0608965928e-09, "dmean2": 1.57624491237e-09, "dvar": 1.61284678792e-18, "dvar2": 3.31025790422e-18, "max": 1.81149613276e-22, "mean": -4.70232786043e-09, "median": -4.58193794017e-09, "min": -2.25123226727e-08, "var": 1.05003655262e-17}, "spectral_energy": {"dmean": 0.00442497758195, "dmean2": 0.00648523168638, "dvar": 2.74018657365e-05, "dvar2": 5.49322612642e-05, "max": 0.0863966345787, "mean": 0.0200005248189, "median": 0.0192340612411, "min": 1.01091600585e-20, "var": 0.000188543024706}, "spectral_energyband_high": {"dmean": 0.00086502393242, "dmean2": 0.00116782751866, "dvar": 6.23939649813e-06, "dvar2": 1.08340946099e-05, "max": 0.0571964383125, "mean": 0.00194913253654, "median": 0.000557671650313, "min": 6.79838742825e-21, "var": 2.18520672206e-05}, "spectral_energyband_low": {"dmean": 0.00157456891611, "dmean2": 0.00227510626428, "dvar": 1.12501484182e-05, "dvar2": 2.24092545977e-05, "max": 0.079069532454, "mean": 0.00374656310305, "median": 0.00127926864661, "min": 1.18514951969e-23, "var": 3.89162014471e-05}, "spectral_energyband_middle_high": {"dmean": 0.0011863776017, "dmean2": 0.00168942310847, "dvar": 3.64090715266e-06, "dvar2": 7.10734002496e-06, "max": 0.0426288545132, "mean": 0.00455236062407, "median": 0.00235052988864, "min": 1.16910599792e-21, "var": 3.72740396415e-05}, "spectral_energyband_middle_low": {"dmean": 0.00319334864616, "dmean2": 0.00506251631305, "dvar": 1.54754470714e-05, "dvar2": 3.69566914742e-05, "max": 0.0592871792614, "mean": 0.0102261910215, "median": 0.00919312704355, "min": 1.42545916018e-22, "var": 6.64583640173e-05}, "spectral_entropy": {"dmean": 0.153932958841, "dmean2": 0.225951090455, "dvar": 0.0278631262481, "dvar2": 0.0563095659018, "max": 9.82847976685, "mean": 7.74148225784, "median": 7.65294027328, "min": 6.24318218231, "var": 0.276927143335}, "spectral_flux": {"dmean": 0.0163079779595, "dmean2": 0.0257409662008, "dvar": 0.000296953658108, "dvar2": 0.000699416967109, "max": 0.210165381432, "mean": 0.0651034936309, "median": 0.0624297261238, "min": 6.33854843612e-11, "var": 0.00138597807381}, "spectral_kurtosis": {"dmean": 0.863973140717, "dmean2": 1.37545859814, "dvar": 0.931222319603, "dvar2": 2.21855902672, "max": 15.6742115021, "mean": 3.22835111618, "median": 3.04632282257, "min": -1.33375561237, "var": 4.28315353394}, "spectral_rms": {"dmean": 0.000488185876748, "dmean2": 0.000705933722202, "dvar": 2.81811765035e-07, "dvar2": 5.4633704849e-07, "max": 0.0091809257865, "mean": 0.00402184156701, "median": 0.00433185137808, "min": 3.14047702774e-12, "var": 3.33750585924e-06}, "spectral_rolloff": {"dmean": 690.638244629, "dmean2": 1140.30664063, "dvar": 1946235.75, "dvar2": 4322755.5, "max": 20305.8105469, "mean": 2577.36572266, "median": 1227.39257813, "min": 21.533203125, "var": 13675887}, "spectral_skewness": {"dmean": 0.156849429011, "dmean2": 0.238702386618, "dvar": 0.0283289458603, "dvar2": 0.0606326125562, "max": 3.06595897675, "mean": 1.39184892178, "median": 1.40784740448, "min": -0.231370434165, "var": 0.218162626028}, "spectral_spread": {"dmean": 607843.9375, "dmean2": 899582.6875, "dvar": 1053225320450.0, "dvar2": 2291531513860.0, "max": 53477176, "mean": 6747687, "median": 5365162.5, "min": 2566154.5, "var": 40082199281700.0}, "spectral_strongpeak": {"dmean": 0.534784138203, "dmean2": 0.915766835213, "dv