{"lowlevel": {"average_loudness": 0.602600216866, "barkbands": {"dmean": [5.60624939681e-05, 0.00191471539438, 0.00110326497816, 0.000378489901777, 0.00055161176715, 0.00205345428549, 0.00181049585808, 0.000837954692543, 0.000487169629196, 0.000272265577223, 0.00046682858374, 9.21964383451e-05, 8.81030209712e-05, 0.000198832392925, 0.00011988026381, 7.01551034581e-05, 0.000109166372567, 5.1355578762e-05, 6.85132108629e-05, 5.21611036675e-05, 4.49517538073e-05, 3.98391457566e-05, 4.21478762291e-05, 3.12047923217e-05, 3.24737229676e-05, 3.62073551514e-05, 3.61704678653e-06], "dmean2": [8.61365260789e-05, 0.00333293853328, 0.0019255510997, 0.00063470506575, 0.000845642993227, 0.0029589550104, 0.00271799275652, 0.00125331047457, 0.000648890796583, 0.00038118622615, 0.000680727884173, 0.000146533697261, 0.000134180605528, 0.000301302963635, 0.000177486115717, 0.000114465183287, 0.000184036194696, 8.52549128467e-05, 0.000108058826299, 8.71903830557e-05, 7.89300829638e-05, 6.65744737489e-05, 6.45266918582e-05, 4.85384480271e-05, 4.97241126141e-05, 5.46512746951e-05, 5.61748174732e-06], "dvar": [3.05275094092e-08, 0.000155932459165, 4.53345055575e-05, 4.68128473585e-06, 3.68983728549e-06, 3.28965761582e-05, 7.57638263167e-05, 3.44980471709e-05, 4.07194738727e-06, 1.33354274112e-06, 3.49229367202e-06, 9.06331223405e-08, 1.72984158553e-07, 2.18439890887e-06, 3.40546961297e-07, 1.06713969217e-07, 3.22191084479e-07, 3.91306436143e-08, 5.15593683303e-08, 3.88633694115e-08, 5.46160450199e-08, 3.02171407895e-08, 1.96619200921e-08, 1.1984495174e-08, 1.34690374409e-08, 2.04532710768e-08, 3.02416730547e-10], "dvar2": [6.97698112617e-08, 0.00042976019904, 0.000125813123304, 1.13890009743e-05, 7.652010936e-06, 6.79311342537e-05, 0.00018697991618, 8.20411223685e-05, 6.45652971798e-06, 2.06374488698e-06, 8.09884477349e-06, 2.1655930027e-07, 3.20238456197e-07, 5.45452667211e-06, 6.52147548408e-07, 2.42784579996e-07, 8.51905895161e-07, 1.0675874762e-07, 1.22303660532e-07, 1.01731707502e-07, 1.51347450128e-07, 7.87174201378e-08, 4.68972345402e-08, 2.88122574688e-08, 2.99878983867e-08, 4.55601316673e-08, 6.2357213837e-10], "max": [0.0036517479457, 0.22457331419, 0.114252239466, 0.0750624239445, 0.0534954331815, 0.147907391191, 0.30652564764, 0.226147353649, 0.0780027881265, 0.0588265880942, 0.0881212726235, 0.00997838377953, 0.0251193139702, 0.0893559455872, 0.0315664857626, 0.0201276410371, 0.0282563138753, 0.00507442234084, 0.00627975352108, 0.00468940800056, 0.00480282912031, 0.00363579764962, 0.00426517194137, 0.00266200373881, 0.00295548373833, 0.00480718538165, 0.0012561181793], "mean": [0.000143414639751, 0.00243007624522, 0.00159512029495, 0.000552209967282, 0.00126706168521, 0.005242084153, 0.00401565432549, 0.001576771494, 0.000982240540907, 0.000596363097429, 0.00101447768975, 0.00015301615349, 0.000137731127325, 0.000340411992511, 0.000174784261617, 9.67033702182e-05, 0.000118669813673, 6.19762795395e-05, 9.27479559323e-05, 6.57714917907e-05, 3.68858418369e-05, 3.83892038371e-05, 5.93958320678e-05, 4.05642640544e-05, 4.20305514126e-05, 4.4373649871e-05, 4.60248566014e-06], "median": [0.00010743906023, 0.000880397972651, 0.000129448744701, 5.79841798753e-05, 0.000380570738344, 0.0016252953792, 0.000675255781971, 0.000194102874957, 0.000208729354199, 8.96701167221e-05, 0.000213001447264, 4.65598095616e-05, 2.57815881923e-05, 4.30073341704e-05, 3.1222931284e-05, 1.94776548597e-05, 2.65139169642e-05, 1.81247232831e-05, 1.92949773918e-05, 1.1320390513e-05, 3.08910011881e-06, 3.39995767717e-06, 7.35029152565e-06, 6.86720522936e-06, 6.0252050389e-06, 4.77509547636e-06, 1.86360139764e-07], "min": [3.9706322855e-23, 6.56226999656e-24, 6.66003392298e-24, 3.47151494206e-24, 1.54832427772e-23, 5.28008395909e-23, 5.03807594841e-23, 9.85541914921e-23, 2.04753407566e-23, 1.10284824521e-22, 7.35267841022e-23, 8.17524828855e-23, 7.04062081333e-23, 8.14088045881e-23, 1.69953935226e-22, 1.22655564532e-22, 1.55672712942e-22, 3.05977183248e-22, 4.93130810562e-22, 3.60906767147e-22, 3.31658632059e-22, 7.0354957418e-22, 7.18691462644e-22, 8.17791728899e-22, 1.3331804834e-21, 1.59281775565e-21, 2.17545552655e-21], "var": [3.65516079626e-08, 0.000103804624814, 3.49084039044e-05, 6.01337524131e-06, 1.20881059047e-05, 8.83093744051e-05, 0.000104015394754, 5.03625778947e-05, 1.21294397104e-05, 5.30506804353e-06, 8.17329419078e-06, 1.87601017387e-07, 3.63155265859e-07, 3.26642816617e-06, 5.98088888637e-07, 2.37221726707e-07, 2.66488086709e-07, 3.15826227393e-08, 6.8226086114e-08, 4.33469438121e-08, 3.72389941106e-08, 2.62568615739e-08, 2.80435852318e-08, 1.51873145171e-08, 2.13698196916e-08, 3.26280265028e-08, 6.7514810409e-10]}, "barkbands_crest": {"dmean": 2.1083753109, "dmean2": 3.22731733322, "dvar": 5.37941551208, "dvar2": 11.882226944, "max": 26.6236133575, "mean": 13.0429344177, "median": 12.1885929108, "min": 2.50038409233, "var": 24.706287384}, "barkbands_flatness_db": {"dmean": 0.0227771867067, "dmean2": 0.0329921655357, "dvar": 0.000648943183478, "dvar2": 0.00133478397038, "max": 0.493144601583, "mean": 0.190461829305, "median": 0.184948503971, "min": 0.0183864049613, "var": 0.00405205180869}, "barkbands_kurtosis": {"dmean": 4.2809586525, "dmean2": 6.59018945694, "dvar": 94.9661560059, "dvar2": 224.065139771, "max": 334.023162842, "mean": 9.89685058594, "median": 5.45436000824, "min": -1.93407189846, "var": 275.048858643}, "barkbands_skewness": {"dmean": 0.53159070015, "dmean2": 0.790137469769, "dvar": 0.490402966738, "dvar2": 1.07602012157, "max": 15.9790382385, "mean": 1.91627049446, "median": 1.69566130638, "min": -2.8048927784, "var": 2.23149061203}, "barkbands_spread": {"dmean": 3.57526874542, "dmean2": 5.32530164719, "dvar": 44.5464134216, "dvar2": 86.2793197632, "max": 128.522155762, "mean": 12.4753112793, "median": 9.10287284851, "min": 0.352136343718, "var": 165.136352539}, "dissonance": {"dmean": 0.0286077260971, "dmean2": 0.0473201572895, "dvar": 0.000707006664015, "dvar2": 0.00189255387522, "max": 0.499999910593, "mean": 0.428485304117, "median": 0.435822725296, "min": 0.219952002168, "var": 0.00198466912843}, "dynamic_complexity": 4.93774414063, "erbbands": {"dmean": [0.0396144129336, 0.488615632057, 1.32868349552, 1.21766519547, 1.22224628925, 2.00702834129, 9.23920536041, 17.8780288696, 19.437335968, 31.469745636, 11.9988126755, 10.6101102829, 10.0963182449, 13.1363735199, 11.4231824875, 3.46271419525, 3.31914114952, 10.0386276245, 5.37260484695, 6.16305494308, 3.64614200592, 5.9903011322, 3.36735367775, 3.01293087006, 3.50418829918, 2.12660264969, 1.75391185284, 1.70960628986, 1.43695068359, 1.24829399586, 1.25957119465, 0.745309233665, 0.502456843853, 0.347602576017, 0.251753121614, 0.160480126739, 0.0681119188666, 0.0127408187836, 0.000398580392357, 1.66117060871e-05], "dmean2": [0.0682288408279, 0.870940804482, 2.34120178223, 2.04786896706, 2.05799913406, 3.05245518684, 13.2920160294, 25.8716144562, 29.1887168884, 47.9426879883, 17.5127067566, 14.1925964355, 13.6971387863, 18.8386650085, 17.1237010956, 5.40680265427, 5.03969478607, 15.0259008408, 8.15687465668, 9.39618492126, 5.85516214371, 10.1215753555, 5.61748361588, 4.6558713913, 5.73528432846, 3.59313249588, 3.05552315712, 2.96692490578, 2.40928816795, 1.99469721317, 1.95434010029, 1.15211796761, 0.783218860626, 0.533143341541, 0.385767787695, 0.245667785406, 0.104612283409, 0.0190196111798, 0.000593440432567, 2.43313261308e-05], "dvar": [0.061748560518, 10.6327209473, 71.2754058838, 41.2942199707, 44.4655075073, 40.6966781616, 762.491577148, 3305.39111328, 5657.19921875, 37162.3125, 6277.21777344, 2121.97460938, 1816.48840332, 2013.55786133, 3739.2199707, 102.787162781, 156.282653809, 5219.40136719, 584.642700195, 1066.78845215, 217.273178101, 889.982421875, 201.199615479, 89.3614730835, 160.274810791, 79.0188522339, 73.855796814, 85.6832809448, 39.0923156738, 22.9896144867, 18.3416576385, 5.55529069901, 3.66479897499, 1.55172014236, 0.90431189537, 0.335365146399, 0.08665984869, 0.00313473725691, 3.24146185449e-06, 2.27965601951e-09], "dvar2": [0.160490140319, 29.9402008057, 199.812194824, 106.069458008, 114.688468933, 83.0368270874, 1539.15551758, 6817.76367188, 13225.7431641, 94986.390625, 14923.6269531, 3417.47412109, 2785.15917969, 3932.25732422, 9934.87890625, 243.648300171, 301.84552002, 12698.3544922, 1338.25866699, 2175.62182617, 499.761138916, 2344.66479492, 556.023376465, 202.595687866, 409.373535156, 214.562423706, 204.758361816, 236.310546875, 101.81212616, 57.6147155762, 44.2821350098, 13.0895090103, 8.99518299103, 3.54030513763, 2.03781604767, 0.751841068268, 0.198082596064, 0.00648205261678, 6.72282294545e-06, 5.04248953703e-09], "max": [3.72106862068, 58.950592041, 133.088150024, 151.862976074, 181.426544189, 177.573059082, 643.477050781, 1646.85058594, 2436.84521484, 6308.90380859, 4091.65454102, 1980.83007813, 2339.59326172, 1448.20068359, 3590.38183594, 369.948822021, 661.495910645, 4345.12255859, 1020.2019043, 1902.28869629, 761.556396484, 1347.74157715, 358.075500488, 258.597229004, 388.243225098, 153.713928223, 156.651611328, 258.600402832, 119.666191101, 113.558074951, 154.974868774, 48.4619674683, 49.5116615295, 37.4555778503, 28.5657520294, 14.2129440308, 10.4238853455, 3.31283736229, 0.124069288373, 0.0021677154582], "mean": [0.0571675412357, 0.59618639946, 1.8301923275, 1.9328328371, 1.80564415455, 5.2961139679, 24.4083423615, 41.9366989136, 45.6422424316, 69.5200271606, 22.8634052277, 21.8304405212, 24.1851024628, 28.6148891449, 24.1292114258, 6.66605520248, 6.08341550827, 18.2869377136, 8.59456348419, 9.20013809204, 5.21056032181, 6.48898077011, 4.0420665741, 4.37004423141, 4.83376789093, 2.46396493912, 1.55552709103, 1.4292974472, 1.37210381031, 1.49432516098, 1.74744331837, 1.03340113163, 0.60380333662, 0.434655576944, 0.322564542294, 0.196421056986, 0.0807577595115, 0.0162747837603, 0.00053368776571, 3.60221019946e-05], "median": [0.0161074846983, 0.198367744684, 0.324777185917, 0.187690645456, 0.649002373219, 1.55003023148, 5.23293399811, 12.4129104614, 11.8410453796, 9.46170043945, 5.41774892807, 5.23914337158, 4.35889720917, 5.75132417679, 6.28434228897, 2.40353631973, 1.6258149147, 2.68801879883, 1.8909342289, 2.02523589134, 1.2926864624, 1.4571698904, 1.27758479118, 1.1587023735, 0.987560689449, 0.472215592861, 0.197504252195, 0.115057855844, 0.117366410792, 0.176247984171, 0.19478559494, 0.154527783394, 0.103340923786, 0.0675265789032, 0.0394184291363, 0.0205568894744, 0.00819596461952, 0.00133660505526, 5.1118007832e-05, 1.94216481759e-05], "min": [2.61366278642e-22, 1.93477282743e-21, 5.89559329886e-21, 1.07713375259e-20, 5.13815225144e-20, 3.67195619799e-20, 2.24309177495e-19, 4.56053933215e-19, 4.07015642123e-19, 1.48092647287e-18, 2.00476361798e-18, 6.03242244617e-19, 2.01814512554e-18, 4.36058971896e-18, 2.67998515495e-18, 3.14856291283e-18, 3.09996398389e-18, 3.01941520379e-18, 7.89113264455e-18, 8.07596201652e-18, 5.2968076255e-18, 1.05322533388e-17, 1.34676824135e-17, 2.8579146412e-17, 1.9275435781e-17, 1.49035976465e-17, 1.53200797762e-17, 1.5685263473e-17, 2.54352463163e-17, 2.15456114655e-17, 1.93741051932e-17, 1.39865868738e-17, 1.46465066034e-17, 1.35664486058e-17, 1.08995331113e-17, 6.35096618455e-18, 2.8532445449e-18, 1.12448814306e-18, 2.80570435544e-19, 3.07729476316e-20], "var": [0.0471198260784, 6.71096467972, 50.3960418701, 47.0328979492, 41.4758644104, 184.895523071, 2805.60717773, 7328.77441406, 9950.93457031, 45066.515625, 7615.56933594, 6153.77978516, 7943.51953125, 6750.32128906, 5272.27099609, 246.667831421, 340.307647705, 8451.87304688, 867.267700195, 1616.98742676, 383.303833008, 738.848754883, 148.960189819, 123.760429382, 206.244369507, 66.349937439, 50.7464523315, 60.3629989624, 34.7456283569, 24.2914333344, 25.4263324738, 7.66447973251, 4.24238014221, 2.31142854691, 1.36861371994, 0.509616494179, 0.12813782692, 0.0069986297749, 7.17434522812e-06, 4.4154448986e-09]}, "erbbands_crest": {"dmean": 2.57037186623, "dmean2": 3.93966627121, "dvar": 7.45897006989, "dvar2": 16.2902641296, "max": 32.3057098389, "mean": 13.3696165085, "median": 12.5540943146, "min": 2.18955826759, "var": 31.7399978638}, "erbbands_flatness_db": {"dmean": 0.0213992875069, "dmean2": 0.0299837756902, "dvar": 0.000588858616538, "dvar2": 0.00106679997407, "max": 0.466954261065, "mean": 0.20956094563, "median": 0.204790681601, "min": 0.0411965847015, "var": 0.00430350191891}, "erbbands_kurtosis": {"dmean": 2.25384664536, "dmean2": 3.45380401611, "dvar": 20.0399456024, "dvar2": 42.8119812012, "max": 177.578796387, "mean": 4.35114574432, "median": 2.20054101944, "min": -1.8330321312, "var": 69.5774612427}, "erbbands_skewness": {"dmean": 0.441486507654, "dmean2": 0.656773269176, "dvar": 0.270490795374, "dvar2": 0.560610175133, "max": 10.779592514, "mean": 1.44867038727, "median": 1.30841875076, "min": -2.29248285294, "var": 1.36851489544}, "erbbands_spread": {"dmean": 6.43309116364, "dmean2": 9.67702674866, "dvar": 97.1252593994, "dvar2": 207.171920776, "max": 168.362640381, "mean": 25.2908000946, "median": 20.7476615906, "min": 1.25633955002, "var": 310.777160645}, "gfcc": {"cov": [[12867.9912109, -1639.60839844, 480.539398193, 652.818054199, -213.314483643, 871.526611328, -347.0753479, 528.409851074, 108.350288391, 206.956237793, -9.27136325836, 173.784317017, -373.247039795], [-1639.60839844, 2291.61816406, -401.1121521, 19.8616600037, 419.940246582, -245.367980957, 453.653320313, -158.128067017, 250.060623169, -135.668670654, 212.628921509, -237.153015137, 185.724517822], [480.539398193, -401.1121521, 1232.16918945, 330.929473877, 171.943206787, 366.168365479, -136.431884766, 131.818206787, -66.5759277344, -14.39128685, -86.5408248901, 97.6128005981, -120.638656616], [652.818054199, 19.8616600037, 330.929473877, 684.580322266, 221.545028687, 193.012481689, 108.893066406, 50.6753578186, 31.7809715271, -14.5821714401, -93.1052627563, -52.9632720947, -27.6874828339], [-213.314483643, 419.940246582, 171.943206787, 221.545028687, 389.680023193, 104.475402832, 136.923965454, 34.7744789124, 43.3813323975, -14.1288385391, -13.6284341812, -56.8466262817, -9.45694160461], [871.526611328, -245.367980957, 366.168365479, 193.012481689, 104.475402832, 459.869995117, 41.636932373, 122.584617615, 15.6637115479, 26.5687980652, -60.4916191101, -22.6229076385, -120.736984253], [-347.0753479, 453.653320313, -136.431884766, 108.893066406, 136.923965454, 41.636932373, 332.100738525, 19.5418930054, 86.6030654907, 28.6769256592, 10.2008447647, -86.3242874146, 12.3761720657], [528.409851074, -158.128067017, 131.818206787, 50.6753578186, 34.7744789124, 122.584617615, 19.5418930054, 203.788101196, 39.1601600647, 32.8906288147, -9.27318191528, 12.7429485321, -55.5107269287], [108.350288391, 250.060623169, -66.5759277344, 31.7809715271, 43.3813323975, 15.6637115479, 86.6030654907, 39.1601600647, 214.890441895, 32.4452400208, 40.4154243469, -15.5666799545, -1.49385786057], [206.956237793, -135.668670654, -14.39128685, -14.5821714401, -14.1288385391, 26.5687980652, 28.6769256592, 32.8906288147, 32.4452400208, 146.718566895, 16.2161960602, 3.17493438721, -18.5135688782], [-9.27136325836, 212.628921509, -86.5408248901, -93.1052627563, -13.6284341812, -60.4916191101, 10.2008447647, -9.27318191528, 40.4154243469, 16.2161960602, 173.798828125, 17.965637207, 13.3066978455], [173.784317017, -237.153015137, 97.6128005981, -52.9632720947, -56.8466262817, -22.6229076385, -86.3242874146, 12.7429485321, -15.5666799545, 3.17493438721, 17.965637207, 160.139724731, 24.692155838], [-373.247039795, 185.724517822, -120.638656616, -27.6874828339, -9.45694160461, -120.736984253, 12.3761720657, -55.5107269287, -1.49385786057, -18.5135688782, 13.3066978455, 24.692155838, 161.324386597]], "icov": [[0.000117991279694, -1.49720499394e-05, 0.000102218291431, -0.000176916932105, 0.000114323731395, -0.000213018327486, 0.000210642858292, -0.000194302730961, -1.83069550985e-05, -0.000104340768303, -8.77245693118e-05, -0.000139445444802, 0.000116995666758], [-1.49720499394e-05, 0.00178691605106, -0.000254728482105, 0.000491453683935, -0.00143604469486, 0.00066400540527, -0.00145568500739, 0.00085695728194, -0.00136450212449, 0.00181585620157, -0.00175176165067, 0.00194538105279, -0.00133616325911], [0.000102218291431, -0.000254728482105, 0.00165450351778, -0.000697693438269, -0.000310600269586, -0.00110103946645, 0.00113986816723, -0.000521224283148, 0.00053055328317, -0.000248611933785, 0.000256994273514, -0.00141917914152, 0.000710619031452], [-0.000176916932105, 0.000491453683935, -0.000697693438269, 0.00261627836153, -0.00124017382041, 0.000164175988175, -0.00113831891213, 0.000581817468628, -0.000636729004327, 0.00079096108675, 0.000523382565007, 0.0011267575901, -0.000840880849864], [0.000114323731395, -0.00143604469486, -0.000310600269586, -0.00124017382041, 0.00512812612578, -0.000801410933491, 6.14795681031e-06, -0.000993919791654, 0.000816678453702, -0.000951043330133, 0.000936740601901, -0.00080846605124, 0.000775888911448], [-0.000213018327486, 0.00066400540527, -0.00110103946645, 0.000164175988175, -0.000801410933491, 0.00453879963607, -0.0014609467471, -0.000474935950479, -0.000530190824065, 0.000525856856257, 0.000149669256643, 0.00130005145911, 0.00109020667151], [0.000210642858292, -0.00145568500739, 0.00113986816723, -0.00113831891213, 6.14795681031e-06, -0.0014609467471, 0.00640801014379, -0.00129771325737, 2.74776684819e-05, -0.00239355303347, 0.00100213638507, -0.000236778141698, 0.000468228390673], [-0.000194302730961, 0.00085695728194, -0.000521224283148, 0.000581817468628, -0.000993919791654, -0.000474935950479, -0.00129771325737, 0.0072358418256, -0.00163196877111, 0.000165576930158, -0.000471601815661, 0.000112550034828, 0.000475179316709], [-1.83069550985e-05, -0.00136450212449, 0.00053055328317, -0.000636729004327, 0.000816678453702, -0.000530190824065, 2.74776684819e-05, -0.00163196877111, 0.00685802847147, -0.00207923096605, 7.51908592065e-05, -0.00162541342434, 0.00097088504117], [-0.000104340768303, 0.00181585620157, -0.000248611933785, 0.00079096108675, -0.000951043330133, 0.000525856856257, -0.00239355303347, 0.000165576930158, -0.00207923096605, 0.0095045613125, -0.00217948318459, 0.00162625662051, -0.000801319838502], [-8.77245693118e-05, -0.00175176165067, 0.000256994273514, 0.000523382565007, 0.000936740601901, 0.000149669256643, 0.00100213638507, -0.000471601815661, 7.51908592065e-05, -0.00217948318459, 0.00869481917471, -0.00270283943973, 0.00147061701864], [-0.000139445444802, 0.00194538105279, -0.00141917914152, 0.0011267575901, -0.00080846605124, 0.00130005145911, -0.000236778141698, 0.000112550034828, -0.00162541342434, 0.00162625662051, -0.00270283943973, 0.0109628848732, -0.00373110501096], [0.000116995666758, -0.00133616325911, 0.000710619031452, -0.000840880849864, 0.000775888911448, 0.00109020667151, 0.000468228390673, 0.000475179316709, 0.00097088504117, -0.000801319838502, 0.00147061701864, -0.00373110501096, 0.00975051801652]], "mean": [-81.0984268188, 106.746299744, -105.857261658, -2.37383079529, -65.1030197144, -3.24594044685, -44.6308174133, 11.5515317917, -19.9782066345, 4.82340669632, -4.79832696915, 8.90359592438, -9.04272842407]}, "hfc": {"dmean": 4.80519866943, "dmean2": 6.92500352859, "dvar": 140.758300781, "dvar2": 322.80166626, "max": 246.166061401, "mean": 12.1276512146, "median": 6.7024307251, "min": 1.12367351078e-16, "var": 271.976989746}, "melbands": {"dmean": [0.000447438593255, 0.000695579044987, 0.000213912775507, 0.000103382320958, 0.000265785085503, 0.000402682315325, 0.000321912404615, 0.0003199808707, 9.07137800823e-05, 6.76742565702e-05, 4.99230081914e-05, 4.9550399126e-05, 4.76277164125e-05, 1.3895545635e-05, 7.80378377385e-06, 9.43000759435e-06, 2.17901779251e-05, 9.18189289223e-06, 1.06517290988e-05, 6.59112720314e-06, 3.93246273234e-06, 7.00182999935e-06, 4.03222020395e-06, 2.27642112804e-06, 2.61279160441e-06, 2.64732216237e-06, 2.60343676928e-06, 1.18936213767e-06, 1.04155117242e-06, 1.06268851141e-06, 1.05711285414e-06, 8.09557434422e-07, 7.79452705046e-07, 6.8706606271e-07, 7.93554590928e-07, 6.12450037352e-07, 4.18748101083e-07, 3.82854409509e-07, 2.97781923564e-07, 2.98086149542e-07], "dmean2": [0.000764940341469, 0.00122818769887, 0.000358911289368, 0.000166673620697, 0.000381407269742, 0.000580373045523, 0.000481925875647, 0.000485466909595, 0.00012904254254, 9.00747982087e-05, 6.76741547068e-05, 7.09611122147e-05, 7.08787119947e-05, 2.15972086153e-05, 1.21835064419e-05, 1.40930715133e-05, 3.27712223225e-05, 1.41753098433e-05, 1.56693804456e-05, 1.06441302705e-05, 6.33018044027e-06, 1.17383087854e-05, 7.02114130036e-06, 3.69659824173e-06, 4.04786396757e-06, 4.26712085755e-06, 4.30385898653e-06, 2.04765183298e-06, 1.7995497501e-06, 1.86516103895e-06, 1.83996530723e-06, 1.36068069878e-06, 1.30100943352e-06, 1.08688163891e-06, 1.25085932723e-06, 9.4534271966e-07, 6.63431478642e-07, 6.0777881572e-07, 4.62644720756e-07, 4.61956773279e-07], "dvar": [8.14863869891e-06, 2.00606245926e-05, 1.2116763628e-06, 1.65242340699e-07, 5.93112190472e-07, 1.46292973113e-06, 1.60749857514e-06, 3.75844524569e-06, 2.94938701018e-07, 8.77501733498e-08, 4.4772914265e-08, 2.84573573595e-08, 5.69258205019e-08, 3.16716275428e-09, 7.94617871502e-10, 2.06059524999e-09, 2.76513052455e-08, 2.68585376162e-09, 3.07484171458e-09, 1.00491259758e-09, 3.32218946797e-10, 1.40810563209e-09, 5.12048903278e-10, 5.96915156192e-11, 7.51211939876e-11, 1.07229981838e-10, 8.82191056317e-11, 3.11344318382e-11, 2.46994057151e-11, 2.76905807312e-11, 4.10527965788e-11, 1.28913589872e-11, 1.21705388823e-11, 6.18950116854e-12, 7.77529776674e-12, 4.36652363572e-12, 1.92164903781e-12, 2.2505764613e-12, 1.27278753943e-12, 1.18077867362e-12], "dvar2": [2.19214853132e-05, 5.64005931665e-05, 3.14707949656e-06, 3.91578169001e-07, 1.17812010103e-06, 3.03528122458e-06, 3.8284592847e-06, 9.51259607973e-06, 6.66490620915e-07, 1.39516089348e-07, 6.78860700987e-08, 5.48559846436e-08, 1.45805870488e-07, 7.88164111754e-09, 1.75822278958e-09, 3.48575612819e-09, 6.80924969743e-08, 6.42666897477e-09, 5.90563198344e-09, 2.2872086447e-09, 8.20770007515e-10, 3.61167251661e-09, 1.47117085181e-09, 1.51854639974e-10, 1.70051236981e-10, 2.60217736248e-10, 2.24159593665e-10, 8.55843243497e-11, 6.84140660789e-11, 7.59911300552e-11, 1.14567709486e-10, 3.35007091512e-11, 3.23540950975e-11, 1.5217780161e-11, 1.90541610268e-11, 1.08069057175e-11, 4.57361102116e-12, 5.63307733792e-12, 2.99159958958e-12, 2.75897121989e-12], "max": [0.0483497343957, 0.0761775672436, 0.0249105188996, 0.0146318385378, 0.018336750567, 0.0339397229254, 0.0387426838279, 0.0581144057214, 0.0268056206405, 0.0141265159473, 0.0115239713341, 0.00535297999159, 0.0139075666666, 0.00205368362367, 0.00139074819162, 0.00291301705875, 0.0100717833266, 0.0022583999671, 0.00309677282348, 0.00165701110382, 0.000800331879873, 0.0020537734963, 0.000573468045332, 0.000321722152876, 0.000265215581749, 0.000413446192397, 0.000316820922308, 0.0001184407447, 8.2090824435e-05, 0.000102622871054, 0.000210838305065, 7.40110772313e-05, 9.72522248048e-05, 6.2064253143e-05, 0.000126768907649, 5.96490172029e-05, 3.52357383235e-05, 3.49280817318e-05, 3.26121298713e-05, 3.16679506795e-05], "mean": [0.000601574720349, 0.000922556384467, 0.00033205919317, 0.000217788430746, 0.000715644448064, 0.000980611192062, 0.000765439937823, 0.000698923773598, 0.000167651538504, 0.000137196693686, 0.000115897710202, 0.000104909486254, 0.000100943521829, 2.59266289504e-05, 1.28686997414e-05, 1.57400590979e-05, 3.84194827348e-05, 1.31877350213e-05, 1.56348742166e-05, 9.30715577852e-06, 5.19345303474e-06, 7.5334455687e-06, 4.07124298363e-06, 2.92803179036e-06, 3.63086087418e-06, 3.37888104696e-06, 3.53292898581e-06, 1.17217643947e-06, 9.4573442766e-07, 8.75342948348e-07, 8.46403054311e-07, 7.55642417971e-07, 7.52224650569e-07, 8.71636984812e-07, 1.0597225355e-06, 8.49531886615e-07, 5.4473957789e-07, 4.36069313992e-07, 3.55644317551e-07, 3.66356459836e-07], "median": [0.00021824365831, 0.000218742701691, 4.37915623479e-05, 7.29147723177e-05, 0.000162971758982, 0.000297073507681, 0.000175311142812, 8.17656546133e-05, 3.49866786564e-05, 2.8948608815e-05, 1.65967176144e-05, 1.88931408047e-05, 2.2621894459e-05, 7.6405431173e-06, 3.55952897735e-06, 2.31579679166e-06, 4.82008545077e-06, 2.36786513597e-06, 2.76578066405e-06, 1.8557848307e-06, 1.11225256205e-06, 1.50518826558e-06, 1.11966915028e-06, 8.95606376616e-07, 8.44513522225e-07, 5.89014462093e-07, 5.52989888547e-07, 1.8116597289e-07, 1.14937208195e-07, 6.94364103992e-08, 4.87068128052e-08, 5.44704974459e-08, 6.19091551357e-08, 1.06187712845e-07, 1.13911134747e-07, 9.54989829438e-08, 8.26899508866e-08, 6.33670254047e-08, 5.63994362324e-08, 4.90726748126e-08], "min": [4.62026444743e-24, 2.8221534383e-24, 3.1887090964e-24, 3.12220121955e-24, 6.2660909864e-24, 1.00798516545e-23, 6.93288749946e-24, 1.86843172683e-23, 1.41713907576e-23, 3.02404660978e-24, 1.06904891597e-23, 1.82300154284e-23, 9.44664641648e-24, 6.91787389871e-24, 1.21387328632e-23, 4.78426862963e-24, 4.96006628236e-24, 1.13745719817e-23, 1.4710290041e-23, 9.43502333991e-24, 4.66728252954e-24, 1.13136529872e-23, 1.06913158859e-23, 1.3325659292e-23, 2.51358347436e-23, 1.87724424977e-23, 1.12260712829e-23, 9.80277924987e-24, 9.51680139451e-24, 8.47533223908e-24, 9.79022452856e-24, 1.64365448936e-23, 1.06377293535e-23, 1.37668502637e-23, 1.15100217658e-23, 9.43697103748e-24, 8.20863966627e-24, 9.55028222905e-24, 1.0974147764e-23, 1.18159365028e-23], "var": [5.74690147914e-06, 1.34464853545e-05, 1.30423836708e-06, 3.12242036671e-07, 2.22849348575e-06, 3.45660760104e-06, 2.70960026683e-06, 4.83795520267e-06, 4.36764821643e-07, 2.58675299847e-07, 1.97325064732e-07, 9.54773611284e-08, 9.02467078845e-08, 5.71592950749e-09, 2.17739870578e-09, 5.13265829838e-09, 4.25265369586e-08, 3.40236949725e-09, 5.63047963809e-09, 2.09256367789e-09, 3.96206789599e-10, 1.24862742368e-09, 3.08611136646e-10, 6.0109452138e-11, 1.00070625397e-10, 1.32039337797e-10, 1.35482819408e-10, 2.28213489772e-11, 1.75642816264e-11, 1.9766143583e-11, 2.72569085358e-11, 1.15055760058e-11, 1.02034804217e-11, 7.31551364624e-12, 1.04728300684e-11, 5.6741109207e-12, 2.49389875071e-12, 2.42656480846e-12, 1.63071780471e-12, 1.74962355801e-12]}, "melbands_crest": {"dmean": 2.28976774216, "dmean2": 3.56456375122, "dvar": 6.45328092575, "dvar2": 14.17628479, "max": 33.7347183228, "mean": 15.2642002106, "median": 14.3143215179, "min": 2.44836854935, "var": 28.699426651}, "melbands_flatness_db": {"dmean": 0.0252787470818, "dmean2": 0.0364829935133, "dvar": 0.000900175888091, "dvar2": 0.00188297673594, "max": 0.636816978455, "mean": 0.273525357246, "median": 0.269413381815, "min": 0.00884131714702, "var": 0.00522441416979}, "melbands_kurtosis": {"dmean": 8.23146438599, "dmean2": 12.7853050232, "dvar": 420.788574219, "dvar2": 1017.82043457, "max": 599.005981445, "mean": 18.3819561005, "median": 9.53747749329, "min": -1.6553940773, "var": 1046.16577148}, "melbands_skewness": {"dmean": 0.648406684399, "dmean2": 0.969935595989, "dvar": 0.859924376011, "dvar2": 1.93934524059, "max": 16.4388847351, "mean": 2.47929739952, "median": 2.14331173897, "min": -1.99493515491, "var": 3.65800452232}, "melbands_spread": {"dmean": 3.64603948593, "dmean2": 5.59578752518, "dvar": 67.3291091919, "dvar2": 152.462982178, "max": 167.994094849, "mean": 12.1357727051, "median": 9.27888393402, "min": 0.305420577526, "var": 145.049316406}, "mfcc": {"cov": [[9130.61523438, -843.346435547, 194.593460083, 114.426475525, 306.801361084, 268.067810059, -3.00223135948, 347.164154053, -129.574462891, 430.359924316, 41.6870269775, -58.9920959473, 160.246765137], [-843.346435547, 1750.66845703, -302.997741699, 78.7184829712, 18.0613288879, -39.0736694336, 88.2697219849, -21.8986778259, 55.3719482422, -13.5569047928, 39.1496353149, 110.813117981, 10.1528272629], [194.593460083, -302.997741699, 820.545532227, 83.8580093384, 284.378662109, 137.200210571, 61.884349823, 126.488586426, -24.2066364288, 24.8777160645, -0.235951274633, -49.1549911499, -6.28948020935], [114.426475525, 78.7184829712, 83.8580093384, 525.090393066, 118.767753601, 159.578567505, 99.7951126099, 33.7360420227, 144.379333496, -32.5427703857, 12.7362527847, 44.1373672485, -37.6717376709], [306.801361084, 18.0613288879, 284.378662109, 118.767753601, 396.995880127, 98.5295639038, 80.1776657104, 120.368179321, -4.10261678696, 58.0280151367, -9.7912979126, -17.3388786316, -2.29957509041], [268.067810059, -39.0736694336, 137.200210571, 159.578567505, 98.5295639038, 325.054595947, 113.054275513, 64.5974197388, 108.375839233, 61.0656661987, 31.971162796, 20.8744602203, -35.3066177368], [-3.00223135948, 88.2697219849, 61.884349823, 99.7951126099, 80.1776657104, 113.054275513, 249.512557983, 41.2468605042, 62.7797279358, 40.6338806152, 12.6801776886, 27.9839687347, -16.9810409546], [347.164154053, -21.8986778259, 126.488586426, 33.7360420227, 120.368179321, 64.5974197388, 41.2468605042, 205.065444946, 24.4054946899, 54.7921562195, 27.1404285431, -3.61407756805, 3.41753339767], [-129.574462891, 55.3719482422, -24.2066364288, 144.379333496, -4.10261678696, 108.375839233, 62.7797279358, 24.4054946899, 260.139251709, 3.64962077141, 24.6054058075, 68.9608764648, -24.8053874969], [430.359924316, -13.5569047928, 24.8777160645, -32.5427703857, 58.0280151367, 61.0656661987, 40.6338806152, 54.7921562195, 3.64962077141, 225.314178467, 32.6313896179, -21.7803649902, 28.849861145], [41.6870269775, 39.1496353149, -0.235951274633, 12.7362527847, -9.7912979126, 31.971162796, 12.6801776886, 27.1404285431, 24.6054058075, 32.6313896179, 133.753509521, 55.7862701416, -1.85831451416], [-58.9920959473, 110.813117981, -49.1549911499, 44.1373672485, -17.3388786316, 20.8744602203, 27.9839687347, -3.61407756805, 68.9608764648, -21.7803649902, 55.7862701416, 185.28163147, 36.6066436768], [160.246765137, 10.1528272629, -6.28948020935, -37.6717376709, -2.29957509041, -35.3066177368, -16.9810409546, 3.41753339767, -24.8053874969, 28.849861145, -1.85831451416, 36.6066436768, 126.635215759]], "icov": [[0.000140101314173, 6.95180060575e-05, 5.87990725762e-05, -7.20328171155e-05, -3.78644763259e-05, -9.5089962997e-05, 6.82865866111e-05, -0.000178762624273, 0.000134469941258, -0.000205329808523, 2.74580634141e-05, -2.69648844551e-05, -0.00013327106717], [6.95180060575e-05, 0.000701884564478, 0.000339345890097, -9.98077230179e-05, -0.000275960803265, 0.000117196657811, -0.000221175359911, -4.59885850432e-05, 5.46077171748e-05, -5.40082946827e-05, -0.000120330681966, -0.000269194802968, -5.87811264268e-05], [5.87990725762e-05, 0.000339345890097, 0.00192910118494, 5.95941673964e-06, -0.00120313931257, -0.000545743620023, -7.72528728703e-05, -0.000451477710158, 0.000298752682284, 0.000387297943234, -0.000276337639662, 0.000357318553142, -0.000313267286401], [-7.20328171155e-05, -9.98077230179e-05, 5.95941673964e-06, 0.00279179378413, -0.000756476365495, -0.000781136972364, -0.000378290860681, 0.000314625998726, -0.00117142405361, 0.000944440253079, -0.0001229114132, -3.1177614801e-07, 0.00019288531621], [-3.78644763259e-05, -0.000275960803265, -0.00120313931257, -0.000756476365495, 0.00438683573157, -0.000147789352923, -0.000459375063656, -0.00156308850273, 0.00072940334212, -0.000756189925596, 0.00102856045123, -0.000229684548685, 0.000200924958335], [-9.5089962997e-05, 0.000117196657811, -0.000545743620023, -0.000781136972364, -0.000147789352923, 0.00508202379569, -0.00120832305402, -0.000172551968717, -0.00128210231196, -0.00102953996975, -0.000416112045059, -0.000211435501114, 0.00114671734627], [6.82865866111e-05, -0.000221175359911, -7.72528728703e-05, -0.000378290860681, -0.000459375063656, -0.00120832305402, 0.00529459863901, -0.000272395584034, -0.000256303173956, -0.000835148908664, 0.000453045795439, -0.000735316949431, 0.000546311435755], [-0.000178762624273, -4.59885850432e-05, -0.000451477710158, 0.000314625998726, -0.00156308850273, -0.000172551968717, -0.000272395584034, 0.00684060715139, -0.000859150663018, -0.000434384652181, -0.00136675068643, 0.000552348734345, -0.000245613744482], [0.000134469941258, 5.46077171748e-05, 0.000298752682284, -0.00117142405361, 0.00072940334212, -0.00128210231196, -0.000256303173956, -0.000859150663018, 0.00584325287491, -0.0005256049335, 0.000505099364091, -0.00197925348766, 0.000980306765996], [-0.000205329808523, -5.40082946827e-05, 0.000387297943234, 0.000944440253079, -0.000756189925596, -0.00102953996975, -0.000835148908664, -0.000434384652181, -0.0005256049335, 0.00638090260327, -0.0019437703304, 0.00192968139891, -0.00197967491113], [2.74580634141e-05, -0.000120330681966, -0.000276337639662, -0.0001229114132, 0.00102856045123, -0.000416112045059, 0.000453045795439, -0.00136675068643, 0.000505099364091, -0.0019437703304, 0.00983826350421, -0.00362151977606, 0.00165792845655], [-2.69648844551e-05, -0.000269194802968, 0.000357318553142, -3.1177614801e-07, -0.000229684548685, -0.000211435501114, -0.000735316949431, 0.000552348734345, -0.00197925348766, 0.00192968139891, -0.00362151977606, 0.00850250013173, -0.00344156031497], [-0.00013327106717, -5.87811264268e-05, -0.000313267286401, 0.00019288531621, 0.000200924958335, 0.00114671734627, 0.000546311435755, -0.000245613744482, 0.000980306765996, -0.00197967491113, 0.00165792845655, -0.00344156031497, 0.0101773375645]], "mean": [-732.551452637, 150.092224121, 7.74174118042, 3.25424313545, -0.732113003731, -16.2573242188, -10.3540782928, 0.345889598131, -12.4302682877, 2.56456899643, -3.26859378815, -1.61137461662, 7.76855182648]}, "pitch_salience": {"dmean": 0.0550166592002, "dmean2": 0.0856465995312, "dvar": 0.00365142710507, "dvar2": 0.00844209827483, "max": 0.932270944118, "mean": 0.503871202469, "median": 0.512103497982, "min": 0.0779003873467, "var": 0.0137188537046}, "silence_rate_20dB": {"dmean": 0, "dmean2": 0, "dvar": 0, "dvar2": 0, "max": 1, "mean": 1, "median": 1, "min": 1, "var": 0}, "silence_rate_30dB": {"dmean": 0.0208090022206, "dmean2": 0.0416224263608, "dvar": 0.0203742552549, "dvar2": 0.0479641407728, "max": 1, "mean": 0.982377946377, "median": 1, "min": 0, "var": 0.0173103678972}, "silence_rate_60dB": {"dmean": 0.0239940546453, "dmean2": 0.0479932054877, "dvar": 0.0234194044024, "dvar2": 0.0531139150262, "max": 1, "mean": 0.157006368041, "median": 0, "min": 0, "var": 0.132362633944}, "spectral_centroid": {"dmean": 145.08706665, "dmean2": 218.851303101, "dvar": 70809.90625, "dvar2": 144255.109375, "max": 10764.3837891, "mean": 774.844787598, "median": 646.257507324, "min": 181.104888916, "var": 213251.890625}, "spectral_complexity": {"dmean": 2.10999035835, "dmean2": 3.4519007206, "dvar": 13.0482683182, "dvar2": 31.8245773315, "max": 53, "mean": 10.2880039215, "median": 10, "min": 0, "var": 32.1929588318}, "spectral_contrast_coeffs": {"dmean": [0.0382287614048, 0.0401504859328, 0.03602379933, 0.029896363616, 0.0252557639033, 0.0218878723681], "dmean2": [0.0629399567842, 0.0629542171955, 0.0558465644717, 0.0473695769906, 0.0401944331825, 0.0348659977317], "dvar": [0.001157872146, 0.00147199211642, 0.00095949578099, 0.000672796333674, 0.000520267931279, 0.000474585103802], "dvar2": [0.00299076386727, 0.00322201289237, 0.00216249702498, 0.00158725131769, 0.00120609183796, 0.0011644460028], "max": [-0.234500318766, -0.331394344568, -0.419882416725, -0.525221407413, -0.542661070824, -0.566534042358], "mean": [-0.653280615807, -0.662105917931, -0.720040023327, -0.760054886341, -0.768053591251, -0.79038631916], "median": [-0.674531400204, -0.668801546097, -0.724208414555, -0.762876808643, -0.77070581913, -0.795084118843], "min": [-0.965178608894, -0.973703444004, -0.97012335062, -0.96096175909, -0.966704368591, -0.961851596832], "var": [0.0100293038413, 0.0100383544341, 0.00561636500061, 0.00319010997191, 0.00260904873721, 0.00191577593796]}, "spectral_contrast_valleys": {"dmean": [0.365234434605, 0.277990102768, 0.316831767559, 0.306444346905, 0.310298144817, 0.376850455999], "dmean2": [0.592290878296, 0.450731545687, 0.50247746706, 0.477436512709, 0.447176605463, 0.470206707716], "dvar": [0.16467499733, 0.0723541453481, 0.0970199480653, 0.115061953664, 0.151022329926, 0.188838988543], "dvar2": [0.354561388493, 0.156061753631, 0.200439125299, 0.229587242007, 0.275019973516, 0.263022989035], "max": [-5.0120844841, -4.82061386108, -5.85352325439, -5.89900016785, -5.73312187195, -7.70910453796], "mean": [-8.34778690338, -6.94806861877, -8.16282558441, -8.84722423553, -9.06324100494, -11.4423589706], "median": [-7.8632478714, -6.8104467392, -8.04091072083, -8.69786643982, -8.9419002533, -11.1973419189], "min": [-27.2976837158, -27.505739212, -27.666349411, -27.2369880676, -26.9693984985, -27.1728191376], "var": [2.31785345078, 1.04762375355, 1.02051234245, 1.18217635155, 1.34784007072, 2.1277449131]}, "spectral_decrease": {"dmean": 2.00053684729e-09, "dmean2": 3.04106895221e-09, "dvar": 3.58545208455e-17, "dvar2": 9.11302167697e-17, "max": -1.18098313079e-28, "mean": -5.25233012638e-09, "median": -3.19978576968e-09, "min": -9.20691078932e-08, "var": 4.73705491858e-17}, "spectral_energy": {"dmean": 0.00792432948947, "dmean2": 0.0119987754151, "dvar": 0.000543532718439, "dvar2": 0.00137428834569, "max": 0.353247910738, "mean": 0.0209234729409, "median": 0.0127769857645, "min": 1.06377785532e-20, "var": 0.000736815447453}, "spectral_energyband_high": {"dmean": 0.000220444868319, "dmean2": 0.000341788865626, "dvar": 5.89260082506e-07, "dvar2": 1.40434406148e-06, "max": 0.0126195820048, "mean": 0.000285333051579, "median": 5.60478765692e-05, "min": 7.55310734226e-21, "var": 7.09851917691e-07}, "spectral_energyband_low": {"dmean": 0.00302981608547, "dmean2": 0.00515829911456, "dvar": 0.000341190054314, "dvar2": 0.000921672268305, "max": 0.31512260437, "mean": 0.00443681655452, "median": 0.0013926110696, "min": 2.86019412553e-23, "var": 0.000254148995737}, "spectral_energyband_middle_high": {"dmean": 0.00108503783122, "dmean2": 0.00158283580095, "dvar": 1.07803616629e-05, "dvar2": 2.51043820754e-05, "max": 0.128569066525, "mean": 0.00265581463464, "median": 0.00095710135065, "min": 1.83825886374e-21, "var": 2.68045023404e-05}, "spectral_energyband_middle_low": {"dmean": 0.00491602346301, "dmean2": 0.00716940127313, "dvar": 0.000173941371031, "dvar2": 0.000413056899561, "max": 0.32193121314, "mean": 0.0140344975516, "median": 0.00855882465839, "min": 2.56378229097e-22, "var": 0.000313101365464}, "spectral_entropy": {"dmean": 0.214241981506, "dmean2": 0.308150619268, "dvar": 0.0673773661256, "dvar2": 0.12672495842, "max": 9.81560325623, "mean": 6.82788991928, "median": 6.8205537796, "min": 3.8592941761, "var": 0.380859702826}, "spectral_flux": {"dmean": 0.0213440395892, "dmean2": 0.0335305668414, "dvar": 0.00157942390069, "dvar2": 0.00329861207865, "max": 0.528319120407, "mean": 0.050035264343, "median": 0.0346245765686, "min": 1.03139607965e-10, "var": 0.00303683965467}, "spectral_kurtosis": {"dmean": 4.02426195145, "dmean2": 6.56389951706, "dvar": 40.6770744324, "dvar2": 107.596984863, "max": 121.350822449, "mean": 11.0075387955, "median": 7.63681411743, "min": -1.52229595184, "var": 130.776611328}, "spectral_rms": {"dmean": 0.00063515547663, "dmean2": 0.000906687753741, "dvar": 1.55068710228e-06, "dvar2": 3.43555552718e-06, "max": 0.0185642689466, "mean": 0.00389056396671, "median": 0.00353063037619, "min": 3.22154000525e-12, "var": 5.27671136297e-06}, "spectral_rolloff": {"dmean": 289.083282471, "dmean2": 480.662078857, "dvar": 978898.5625, "dvar2": 2072334.625, "max": 18324.7558594, "mean": 950.728210449, "median": 624.462890625, "min": 64.599609375, "var": 2278986.25}, "spectral_skewness": {"dmean": 0.378522515297, "dmean2": 0.60378330946, "dvar": 0.215711504221, "dvar2": 0.544513642788, "max": 9.18236923218, "mean": 2.46826577187, "median": 2.32053470612, "min": 0.0564853288233, "var": 0.884355306625}, "spectral_spread": {"dmean": 680649.6875, "dmean2": 972324.4375, "dvar": 921484984320, "dvar2": 1597023715330.0, "max": 40