{"lowlevel": {"average_loudness": 0.650245070457, "barkbands": {"dmean": [4.07341685786e-05, 0.00343611394055, 0.00173125683796, 0.00119365204591, 0.00142830691766, 0.00141856330447, 0.00085030408809, 0.000600461440627, 0.00129187165294, 0.000508272205479, 0.000336297205649, 0.000280609936453, 0.000310404371703, 0.000360247533536, 0.000253341568168, 0.000159435890964, 0.000114597416541, 7.03646874172e-05, 4.72420069855e-05, 5.26064031874e-05, 3.0459208574e-05, 5.98897968302e-05, 2.58699365077e-05, 1.31193410198e-05, 3.11485127895e-05, 6.03610806138e-06, 4.68794223707e-06], "dmean2": [5.85930574744e-05, 0.00561489863321, 0.00291861360893, 0.00202925270423, 0.00214946223423, 0.0021412090864, 0.00134263536893, 0.000961473735515, 0.00195227621589, 0.000754545326345, 0.000534053135198, 0.000431175838457, 0.000501431990415, 0.000562778848689, 0.000404312770115, 0.000259861000814, 0.00019687465101, 0.000111434565042, 7.64993455959e-05, 8.32189034554e-05, 4.7076944611e-05, 9.10677263164e-05, 4.07656589232e-05, 1.96047349164e-05, 4.54836845165e-05, 9.13984968065e-06, 7.69277539803e-06], "dvar": [9.33969079853e-09, 0.000165846548043, 3.67860520782e-05, 1.87579062185e-05, 1.31131946546e-05, 8.02764498076e-06, 3.99838063458e-06, 4.04798083764e-06, 8.29696364235e-06, 3.22674691233e-06, 1.39002702326e-06, 1.00023419236e-06, 8.66346965722e-07, 1.49376103309e-06, 5.71406587824e-07, 1.93030032847e-07, 1.22072790987e-07, 3.32434986205e-08, 1.49782479753e-08, 1.96230001137e-08, 1.18759100332e-08, 3.95902119976e-08, 1.01144603804e-08, 7.78929365453e-09, 1.15019131997e-08, 5.71807878824e-10, 6.84202583479e-10], "dvar2": [1.77689045699e-08, 0.000410085980548, 9.85391452559e-05, 5.28414238943e-05, 2.71183525911e-05, 1.69990853465e-05, 9.08297624846e-06, 9.59944918577e-06, 1.76212924998e-05, 6.39826521365e-06, 3.21144807458e-06, 2.18970762944e-06, 2.16414991883e-06, 3.49876245309e-06, 1.32869388381e-06, 4.85332691369e-07, 3.25928482425e-07, 7.7929797726e-08, 3.64493075722e-08, 4.67111931357e-08, 2.477960237e-08, 9.12003983444e-08, 2.34111254827e-08, 1.3652851294e-08, 2.55328114207e-08, 1.39744082972e-09, 1.77915737698e-09], "max": [0.00230725971051, 0.217505216599, 0.148584336042, 0.123549476266, 0.0603356435895, 0.0698252096772, 0.073968090117, 0.0578286536038, 0.0915950909257, 0.0683204010129, 0.0415113531053, 0.040517244488, 0.0287331733853, 0.0460547320545, 0.0427102074027, 0.0147801497951, 0.00643805321306, 0.00802617333829, 0.00482113845646, 0.00625133654103, 0.00462282868102, 0.00479408027604, 0.00258164666593, 0.00454188510776, 0.00292435870506, 0.00053294346435, 0.0010484571103], "mean": [8.51337026688e-05, 0.00403862260282, 0.00212726951577, 0.00162864010781, 0.00219306745566, 0.00315588642843, 0.00159797421657, 0.000826455652714, 0.0028666711878, 0.000830564298667, 0.000516245549079, 0.000555846781936, 0.000494137930218, 0.00059189775493, 0.000428866129369, 0.000277101295069, 0.000156758600497, 0.000129342559376, 9.43036357057e-05, 0.000107852451038, 5.67569186387e-05, 8.02136928542e-05, 3.6936300603e-05, 2.13410803553e-05, 4.02197183575e-05, 7.23416314941e-06, 4.0801146497e-06], "median": [2.44150123763e-05, 0.00111791596282, 0.000483083946165, 0.000412733468693, 0.00063462392427, 0.00130546209402, 0.000583780521993, 0.00019925381639, 0.000659166951664, 0.000187034820556, 0.000125482081785, 8.16211468191e-05, 0.000128966101329, 0.000138599236379, 0.000122434023069, 7.02892211848e-05, 4.96865868627e-05, 4.16399670939e-05, 3.08169328491e-05, 3.80674246117e-05, 2.0424473405e-05, 2.0750112526e-05, 8.03543753136e-06, 3.87558202419e-06, 7.88211036706e-06, 1.57656302235e-06, 1.65533379004e-07], "min": [3.25891416709e-24, 5.2191329368e-24, 1.19117917802e-23, 4.32725981356e-24, 2.84311213149e-23, 2.32336102667e-23, 1.66332410494e-23, 3.42661361042e-23, 7.57292080189e-23, 5.96986582788e-23, 1.72453425227e-22, 4.06319091323e-23, 4.83822087797e-23, 5.32939344547e-23, 1.6842319166e-22, 1.8136722529e-22, 2.94070457532e-22, 1.42345368643e-22, 2.59191925552e-22, 2.80028152818e-22, 3.41810401006e-22, 5.40917101192e-22, 5.89326856995e-22, 6.42735340364e-22, 9.2616218364e-22, 1.63285402431e-21, 2.18464276473e-21], "var": [2.01382217568e-08, 0.000143840559758, 3.57077442459e-05, 2.01934890356e-05, 2.27079617616e-05, 2.82645887637e-05, 1.14518707051e-05, 5.59935187994e-06, 3.65520027117e-05, 6.9244297265e-06, 2.40359599957e-06, 4.45257956017e-06, 1.6758141328e-06, 2.93534708362e-06, 1.3618292769e-06, 5.09949643401e-07, 1.31409990445e-07, 8.48081924687e-08, 3.98170669769e-08, 4.55993109938e-08, 2.22796607829e-08, 4.77026773638e-08, 1.41299612011e-08, 1.46735468221e-08, 1.62355213718e-08, 6.28639751366e-10, 5.58895874025e-10]}, "barkbands_crest": {"dmean": 2.51196455956, "dmean2": 4.01709794998, "dvar": 7.02724790573, "dvar2": 17.0810413361, "max": 26.9030971527, "mean": 10.8359222412, "median": 9.71965694427, "min": 2.57884192467, "var": 23.0575637817}, "barkbands_flatness_db": {"dmean": 0.021281870082, "dmean2": 0.0311818681657, "dvar": 0.000522720511071, "dvar2": 0.00110061676241, "max": 0.547553956509, "mean": 0.15496326983, "median": 0.144237458706, "min": 0.0266371164471, "var": 0.00387395778671}, "barkbands_kurtosis": {"dmean": 7.54676008224, "dmean2": 12.3525781631, "dvar": 4080.03808594, "dvar2": 9841.72753906, "max": 4510.52978516, "mean": 28.2426967621, "median": 2.47604417801, "min": -1.88876199722, "var": 61241.3359375}, "barkbands_skewness": {"dmean": 0.566797316074, "dmean2": 0.854213416576, "dvar": 1.03196465969, "dvar2": 2.0757381916, "max": 63.2895202637, "mean": 2.01797604561, "median": 1.36818218231, "min": -2.98476195335, "var": 19.9326591492}, "barkbands_spread": {"dmean": 3.86659646034, "dmean2": 5.92549180984, "dvar": 33.6680641174, "dvar2": 71.3574676514, "max": 109.514335632, "mean": 15.2519979477, "median": 13.4301557541, "min": 0.103383161128, "var": 101.991012573}, "dissonance": {"dmean": 0.0242416169494, "dmean2": 0.0403414741158, "dvar": 0.000491416139994, "dvar2": 0.0012860171264, "max": 0.499962091446, "mean": 0.447201639414, "median": 0.454361706972, "min": 0.235890299082, "var": 0.00123577658087}, "dynamic_complexity": 5.09195566177, "erbbands": {"dmean": [0.061989121139, 0.904913365841, 2.08667206764, 2.99642825127, 3.80167198181, 6.06548976898, 6.2278676033, 13.9322910309, 13.1683645248, 11.7520513535, 14.4108276367, 28.5509300232, 22.1969299316, 12.2048282623, 13.9062995911, 8.08769226074, 11.7131624222, 17.668346405, 13.1053705215, 11.8243122101, 9.46753692627, 5.89538955688, 3.76725578308, 2.69719290733, 2.2767727375, 2.58375263214, 1.52812469006, 0.931787252426, 1.58386480808, 2.04905843735, 0.614347577095, 0.31393417716, 0.257677912712, 0.578084588051, 0.0814049467444, 0.0187560524791, 0.0143181188032, 0.0093558197841, 0.000238986889599, 1.38641835292e-05], "dmean2": [0.0986190438271, 1.5013769865, 3.51661205292, 5.01517391205, 6.18520355225, 9.02624416351, 9.53264141083, 20.6964683533, 20.703836441, 18.2648162842, 22.3972606659, 42.9877471924, 31.9573955536, 18.782951355, 21.1129970551, 12.4077644348, 18.7917938232, 27.354227066, 21.0429115295, 18.9989585876, 15.5874710083, 10.0198888779, 6.01887178421, 4.35016536713, 3.60691332817, 4.10356378555, 2.36659431458, 1.43963801861, 2.39759230614, 3.15116477013, 0.955632030964, 0.472493588924, 0.370784461498, 0.847108304501, 0.121949374676, 0.0276192501187, 0.0223192423582, 0.0150181706995, 0.000383761012927, 2.03430445254e-05], "dvar": [0.0487628094852, 11.8007488251, 53.5213394165, 104.270652771, 108.37020874, 285.938354492, 135.947341919, 922.165039062, 892.63269043, 1334.34545898, 1862.61450195, 4209.38769531, 5730.54541016, 1384.75891113, 1814.76452637, 627.596191406, 1036.59667969, 4813.4609375, 1852.56713867, 897.071166992, 780.366149902, 276.795593262, 85.8720932007, 45.9937171936, 41.6433181763, 38.8655738831, 20.4450511932, 19.1562671661, 29.7430953979, 47.601600647, 6.55629920959, 3.96646499634, 2.06230306625, 4.13379526138, 0.0966105982661, 0.00520740356296, 0.00370482937433, 0.00229979166761, 1.56579073973e-06, 1.0466584266e-09], "dvar2": [0.115176811814, 29.8140869141, 143.603820801, 281.452148438, 279.704833984, 586.262207031, 300.036376953, 1916.76379395, 2056.46899414, 3110.09960938, 4496.77734375, 9085.44335938, 11688.7509766, 3446.85327148, 3804.03393555, 1389.75366211, 2508.16235352, 11751.7558594, 4346.9296875, 2276.25463867, 1993.09069824, 723.294616699, 198.903717041, 110.997047424, 103.771453857, 94.3350830078, 44.5636901855, 40.989982605, 67.0112991333, 115.097434998, 14.521062851, 7.47194957733, 4.0345416069, 9.33316993713, 0.210966408253, 0.0110806142911, 0.00924874842167, 0.00586438551545, 4.01424631491e-06, 2.41084974206e-09], "max": [3.49803209305, 58.2855873108, 124.474258423, 244.150848389, 329.219940186, 298.898498535, 235.999435425, 874.920288086, 870.470214844, 2014.56335449, 1244.52258301, 1505.21777344, 2510.42089844, 1397.35656738, 1644.09692383, 1119.1940918, 946.199523926, 2702.84326172, 2624.86669922, 703.932128906, 984.73840332, 373.554046631, 360.958404541, 266.791229248, 312.839050293, 205.446166992, 187.179580688, 154.881271362, 173.357757568, 141.851959229, 80.6380844116, 85.3328781128, 75.1907272339, 40.9663124084, 14.5096445084, 2.70024037361, 1.81658160686, 1.75135624409, 0.0470215566456, 0.000924711290281], "mean": [0.0799403488636, 1.01940846443, 2.61989688873, 4.13387060165, 5.57973909378, 8.97468662262, 12.2098112106, 30.4503555298, 24.8420467377, 20.9239330292, 23.1448001862, 56.7341117859, 50.0543136597, 22.1623973846, 25.7686004639, 16.7025661469, 20.0486679077, 31.0695934296, 23.1301059723, 21.1000747681, 16.1582984924, 9.20153617859, 7.28843212128, 5.70201253891, 4.83178806305, 5.31714296341, 3.1052839756, 1.61538434029, 2.26552128792, 2.67635154724, 0.914660155773, 0.487775981426, 0.410197556019, 0.71728926897, 0.110003277659, 0.0282723940909, 0.0155582008883, 0.00858061760664, 0.000227134936722, 3.12952834065e-05], "median": [0.0274787284434, 0.252005696297, 0.647526025772, 1.23593330383, 1.7535790205, 2.16948199272, 5.49440956116, 11.0475482941, 10.1304168701, 6.9337348938, 7.78977870941, 15.2076425552, 8.96681308746, 6.94166994095, 6.52393198013, 3.9514503479, 6.15343761444, 6.5058221817, 6.80523633957, 6.90393018723, 3.91635251045, 3.21068549156, 2.58030152321, 2.09277915955, 1.56883406639, 1.92234921455, 1.16453289986, 0.553891658783, 0.647242605686, 0.612772941589, 0.204970255494, 0.0931016877294, 0.0888844206929, 0.126212000847, 0.0263051651418, 0.00776163954288, 0.00267706275918, 0.000580399821047, 2.62103658315e-05, 1.86230354302e-05], "min": [2.59063082478e-22, 1.59510815333e-21, 1.43670754928e-20, 1.3196039777e-20, 3.78165004074e-20, 9.23539592968e-20, 2.18657621056e-19, 1.97148159244e-19, 2.783835768e-19, 6.82957330056e-19, 8.38005304844e-19, 1.40396290034e-18, 2.20794481902e-18, 4.05430459047e-18, 5.26514935551e-18, 2.08978641122e-18, 2.28417633671e-18, 3.69087493013e-18, 3.97911428638e-18, 1.27431764216e-17, 6.70416196635e-18, 1.31232750121e-17, 6.41042847647e-18, 1.344250469e-17, 1.4982336969e-17, 1.30527851618e-17, 1.59193390428e-17, 1.2659723824e-17, 1.29109509837e-17, 2.26573455175e-17, 1.70625539345e-17, 1.40864689327e-17, 1.13565636346e-17, 1.07452424204e-17, 6.33623368425e-18, 5.06094948154e-18, 3.30452430181e-18, 1.21375323547e-18, 2.65529422725e-19, 3.3676412974e-20], "var": [0.0460533499718, 9.82810211182, 49.7481575012, 110.543327332, 136.657653809, 491.571929932, 364.236877441, 3250.56420898, 2224.33544922, 2913.13647461, 2791.00170898, 12610.2822266, 19711.4960938, 2548.15698242, 5038.08935547, 2718.09130859, 2160.87353516, 9965.63085938, 4232.57861328, 1975.80175781, 1882.5213623, 358.394256592, 227.163803101, 128.308303833, 112.946525574, 95.4542312622, 43.1449584961, 27.5953903198, 37.0543899536, 54.4225959778, 9.53172016144, 6.72092914581, 3.71660351753, 5.49237298965, 0.154210850596, 0.00839392561466, 0.00368239381351, 0.00200021220371, 1.33917035328e-06, 1.67696556641e-09]}, "erbbands_crest": {"dmean": 2.75939941406, "dmean2": 4.3758187294, "dvar": 6.80097866058, "dvar2": 15.507060051, "max": 31.5626449585, "mean": 10.2818250656, "median": 9.08408355713, "min": 2.41617393494, "var": 22.858165741}, "erbbands_flatness_db": {"dmean": 0.0181994903833, "dmean2": 0.0256193783134, "dvar": 0.000299402599921, "dvar2": 0.000567210954614, "max": 0.366319477558, "mean": 0.1731300354, "median": 0.171736225486, "min": 0.0346716791391, "var": 0.00167851394508}, "erbbands_kurtosis": {"dmean": 1.10790967941, "dmean2": 1.72264158726, "dvar": 4.30284309387, "dvar2": 9.76898384094, "max": 104.961204529, "mean": 1.19577407837, "median": 0.279137372971, "min": -1.74733173847, "var": 11.3664798737}, "erbbands_skewness": {"dmean": 0.378369450569, "dmean2": 0.583151519299, "dvar": 0.138310939074, "dvar2": 0.303589314222, "max": 8.53638744354, "mean": 0.689296960831, "median": 0.613828599453, "min": -2.91813182831, "var": 0.647919654846}, "erbbands_spread": {"dmean": 6.5035777092, "dmean2": 9.87567138672, "dvar": 63.1717720032, "dvar2": 141.996444702, "max": 154.37399292, "mean": 30.8521614075, "median": 28.5647621155, "min": 1.83932924271, "var": 252.10357666}, "gfcc": {"cov": [[14195.4824219, -24.9640026093, -1102.17858887, -294.455535889, -568.233764648, -52.1717224121, -298.938598633, 99.2109069824, -153.524581909, 17.8154716492, -312.695343018, -53.8506278992, -85.0237579346], [-24.9640026093, 970.419189453, 75.1762237549, -34.1284141541, 183.21232605, -29.4542636871, 130.955215454, -11.9348049164, 61.516620636, -32.0528717041, 99.1822738647, -78.4337005615, 36.9569625854], [-1102.17858887, 75.1762237549, 811.370056152, 116.916465759, 132.093231201, 84.7418823242, 18.3736019135, -36.8297805786, 17.6294574738, 2.19232225418, -5.0129981041, 61.0827789307, -36.3601951599], [-294.455535889, -34.1284141541, 116.916465759, 299.798065186, 96.464553833, 11.0089216232, 9.99509525299, 42.3517799377, 43.668384552, 0.344162583351, 12.5183362961, -11.5026550293, 5.54480218887], [-568.233764648, 183.21232605, 132.093231201, 96.464553833, 251.20161438, 36.363193512, 61.6799621582, 26.6464633942, 31.6926383972, -15.2543754578, 11.8147249222, -11.8537092209, -9.14790725708], [-52.1717224121, -29.4542636871, 84.7418823242, 11.0089216232, 36.363193512, 188.992034912, 83.0301208496, 17.884885788, 4.91012620926, 12.1517963409, -8.64844894409, -13.6243429184, -15.1723413467], [-298.938598633, 130.955215454, 18.3736019135, 9.99509525299, 61.6799621582, 83.0301208496, 191.876541138, 44.5607872009, 42.5738067627, 22.3229675293, 22.5342407227, -22.3061828613, 0.350318551064], [99.2109069824, -11.9348049164, -36.8297805786, 42.3517799377, 26.6464633942, 17.884885788, 44.5607872009, 118.600791931, 51.6430702209, 14.9916820526, 8.28227519989, -3.91927504539, 2.46319270134], [-153.524581909, 61.516620636, 17.6294574738, 43.668384552, 31.6926383972, 4.91012620926, 42.5738067627, 51.6430702209, 119.94959259, 36.2145271301, 23.1841773987, 0.775037229061, 7.00086593628], [17.8154716492, -32.0528717041, 2.19232225418, 0.344162583351, -15.2543754578, 12.1517963409, 22.3229675293, 14.9916820526, 36.2145271301, 100.813529968, 34.0930252075, 11.8124866486, 2.24170470238], [-312.695343018, 99.1822738647, -5.0129981041, 12.5183362961, 11.8147249222, -8.64844894409, 22.5342407227, 8.28227519989, 23.1841773987, 34.0930252075, 109.615623474, 19.4843711853, 17.6633644104], [-53.8506278992, -78.4337005615, 61.0827789307, -11.5026550293, -11.8537092209, -13.6243429184, -22.3061828613, -3.91927504539, 0.775037229061, 11.8124866486, 19.4843711853, 94.6502380371, 24.4955024719], [-85.0237579346, 36.9569625854, -36.3601951599, 5.54480218887, -9.14790725708, -15.1723413467, 0.350318551064, 2.46319270134, 7.00086593628, 2.24170470238, 17.6633644104, 24.4955024719, 81.0447158813]], "icov": [[0.000115573246148, -0.000233074562857, 0.000191095590708, -0.000117813106044, 0.000297025690088, -0.000193852989469, 0.000257387640886, -0.000259213353274, 0.000191728046048, -0.000263525405899, 0.000538690423127, -0.000365373998648, 0.000309081544401], [-0.000233074562857, 0.0025904669892, -0.0008303745999, 0.00133133365307, -0.00194206542801, 0.00141107977834, -0.0015412097564, 0.00126603420358, -0.00135343440343, 0.00178264256101, -0.00317827728577, 0.00335493660532, -0.00212999689393], [0.000191095590708, -0.0008303745999, 0.00215598661453, -0.00104915257543, 7.73398496676e-05, -0.00126723060384, 0.000646243395749, 0.000522459216882, 0.000117956245958, -0.000700058881193, 0.0016273164656, -0.0028326115571, 0.00188165809959], [-0.000117813106044, 0.00133133365307, -0.00104915257543, 0.00503409700468, -0.00226514739916, 0.000735597102903, 0.000127217921545, -0.000740466988645, -0.00148666964378, 0.00102115923073, -0.00204097270034, 0.00296744145453, -0.00199371902272], [0.000297025690088, -0.00194206542801, 7.73398496676e-05, -0.00226514739916, 0.00708915712312, -0.00119661225472, -0.000141014388646, -0.00146236387081, 0.00049784622388, 0.000139001989737, 0.00203117891215, -0.00214400328696, 0.00216658203863], [-0.000193852989469, 0.00141107977834, -0.00126723060384, 0.000735597102903, -0.00119661225472, 0.00804138369858, -0.00405639130622, 0.000166775440448, 0.00045830043382, 8.35965402075e-05, -0.000821908179205, 0.0023495471105, -0.000655786774587], [0.000257387640886, -0.0015412097564, 0.000646243395749, 0.000127217921545, -0.000141014388646, -0.00405639130622, 0.00924295186996, -0.00262245931663, -0.000608832691796, -0.00177403737325, 0.000759915506933, -0.000121341356135, 0.000491212995257], [-0.000259213353274, 0.00126603420358, 0.000522459216882, -0.000740466988645, -0.00146236387081, 0.000166775440448, -0.00262245931663, 0.0126363001764, -0.00496038096026, 0.00107496290002, -0.00131408474408, 0.000539533502888, -0.000548678915948], [0.000191728046048, -0.00135343440343, 0.000117956245958, -0.00148666964378, 0.00049784622388, 0.00045830043382, -0.000608832691796, -0.00496038096026, 0.0131188668311, -0.00455088587478, 0.00125155411661, -0.00139282736927, 0.000409175700042], [-0.000263525405899, 0.00178264256101, -0.000700058881193, 0.00102115923073, 0.000139001989737, 8.35965402075e-05, -0.00177403737325, 0.00107496290002, -0.00455088587478, 0.0142719717696, -0.00583217525855, 0.00115738227032, -0.000547327974346], [0.000538690423127, -0.00317827728577, 0.0016273164656, -0.00204097270034, 0.00203117891215, -0.000821908179205, 0.000759915506933, -0.00131408474408, 0.00125155411661, -0.00583217525855, 0.0159339625388, -0.00631136633456, 0.00148428464308], [-0.000365373998648, 0.00335493660532, -0.0028326115571, 0.00296744145453, -0.00214400328696, 0.0023495471105, -0.000121341356135, 0.000539533502888, -0.00139282736927, 0.00115738227032, -0.00631136633456, 0.0184495467693, -0.00731753883883], [0.000309081544401, -0.00212999689393, 0.00188165809959, -0.00199371902272, 0.00216658203863, -0.000655786774587, 0.000491212995257, -0.000548678915948, 0.000409175700042, -0.000547327974346, 0.00148428464308, -0.00731753883883, 0.0166193526238]], "mean": [-50.78515625, 112.811920166, -114.941612244, 20.8952159882, -57.823589325, 9.33152484894, -36.6065292358, 7.00841379166, -18.3520107269, 6.24962043762, -15.6805353165, -1.66496229172, -7.07926845551]}, "hfc": {"dmean": 4.19710826874, "dmean2": 5.91248035431, "dvar": 53.8773155212, "dvar2": 108.66758728, "max": 185.998092651, "mean": 13.6965036392, "median": 8.20835113525, "min": 1.0580879482e-16, "var": 252.250793457}, "melbands": {"dmean": [0.000774969754275, 0.00113450840581, 0.000525693059899, 0.000365197629435, 0.000211476231925, 0.000297749997117, 0.000190099133761, 0.000130926477141, 0.000132842338644, 0.000183687050594, 0.000112035733764, 5.22913760506e-05, 5.0553415349e-05, 3.59020850738e-05, 1.95600223378e-05, 3.29469039571e-05, 3.32519084623e-05, 2.43336162384e-05, 1.75295372173e-05, 1.18670213851e-05, 1.17093713925e-05, 7.20166417523e-06, 3.79938273909e-06, 4.2516198846e-06, 2.17062165575e-06, 1.9417122985e-06, 1.88885530861e-06, 1.79657286026e-06, 1.13344367492e-06, 6.79933179981e-07, 5.44243789591e-07, 5.74916441565e-07, 1.9324470486e-06, 8.6438916469e-07, 3.90825704244e-07, 2.12504957631e-07, 1.96700014499e-07, 1.51746007759e-07, 3.76690650228e-07, 5.01335534864e-07], "dmean2": [0.00124860508367, 0.00187837937847, 0.000883427623194, 0.000546044786461, 0.0003235314216, 0.000445202575065, 0.000297385005979, 0.000203952702577, 0.000206689699553, 0.000274761201581, 0.000161581599968, 8.09186094557e-05, 7.85111697041e-05, 5.4453197663e-05, 3.09092538373e-05, 5.24950264662e-05, 5.14895546075e-05, 3.93623013224e-05, 2.74646845355e-05, 1.92584229808e-05, 1.93298692466e-05, 1.2386571143e-05, 6.17315390627e-06, 6.81079927745e-06, 3.51998846781e-06, 3.11443977807e-06, 3.02156399812e-06, 2.85724922833e-06, 1.78483639957e-06, 1.05715923837e-06, 8.56000724525e-07, 8.91387912816e-07, 2.97427254736e-06, 1.36994674449e-06, 6.21056699401e-07, 3.34291769377e-07, 2.98687581335e-07, 2.24505257052e-07, 5.57213525099e-07, 7.42354870908e-07], "dvar": [8.16573447082e-06, 1.60279505508e-05, 2.88803607873e-06, 9.83329982773e-07, 1.43721692325e-07, 3.92804139437e-07, 1.85565497191e-07, 1.62243409818e-07, 1.24838578586e-07, 1.78110710181e-07, 1.45543225472e-07, 2.4312852176e-08, 2.60320778267e-08, 1.71901906043e-08, 4.76358019696e-09, 1.10120161878e-08, 1.6649087442e-08, 5.67368418913e-09, 2.24811969041e-09, 9.0915414086e-10, 1.22466525809e-09, 4.8674997366e-10, 1.0003278067e-10, 1.52560172828e-10, 3.33478661352e-11, 2.47950011217e-11, 4.11906238285e-11, 1.83335326087e-11, 1.0099209663e-11, 6.96352047205e-12, 7.25627067114e-12, 5.98910981572e-12, 4.2561967839e-11, 9.28870175221e-12, 2.5511971008e-12, 1.43758995593e-12, 1.846205697e-12, 1.0115256072e-12, 2.15529872595e-12, 3.20283404832e-12], "dvar2": [1.96967703232e-05, 4.12376539316e-05, 7.7799322753e-06, 2.018422947e-06, 3.20867428627e-07, 8.22216406959e-07, 4.2794246724e-07, 3.84028311373e-07, 2.99383685842e-07, 3.78219453978e-07, 2.95076119983e-07, 5.96741926984e-08, 5.89062025824e-08, 3.67981982663e-08, 1.12909130934e-08, 2.83827894521e-08, 4.00702369063e-08, 1.3626721973e-08, 5.07228481439e-09, 2.28381469292e-09, 3.12610937137e-09, 1.29858268583e-09, 2.49700232713e-10, 3.79531600592e-10, 8.04812536059e-11, 6.18207776637e-11, 1.01995661916e-10, 4.38081584897e-11, 2.31630860326e-11, 1.38414175954e-11, 1.6037903644e-11, 1.37215325907e-11, 9.90372575616e-11, 2.3581400721e-11, 5.84547991608e-12, 2.90398391098e-12, 3.67187356909e-12, 1.83451778074e-12, 5.02537594871e-12, 7.35002683716e-12], "max": [0.0462650060654, 0.0643264353275, 0.0438869148493, 0.0168618150055, 0.00918845552951, 0.0171998478472, 0.0142629826441, 0.021390940994, 0.0101464102045, 0.0110203316435, 0.0127307316288, 0.00532006472349, 0.0049603311345, 0.00564595591277, 0.00468007661402, 0.00345303374343, 0.00567442318425, 0.00392559962347, 0.00156613078434, 0.000730601954274, 0.00109175068792, 0.00047234268277, 0.00026687872014, 0.000581978703849, 0.000226393647608, 0.000169329548953, 0.000374499242753, 0.000132331828354, 0.000137664406793, 0.000147365484736, 9.73416535999e-05, 9.82908532023e-05, 0.00013893864525, 7.50878316467e-05, 5.53984973521e-05, 4.94368177897e-05, 6.52160451864e-05, 6.50261208648e-05, 6.43800885882e-05, 3.77253600163e-05], "mean": [0.000934484298341, 0.00142517779022, 0.00075656134868, 0.000547209114302, 0.000416415598011, 0.000665261410177, 0.00036534643732, 0.000217044405872, 0.000213806852116, 0.0003871267254, 0.000248522585025, 8.89005023055e-05, 8.53858655319e-05, 7.14389389032e-05, 3.18930506182e-05, 5.43077621842e-05, 5.64618239878e-05, 3.87936051993e-05, 3.06881520373e-05, 2.09533154703e-05, 1.80230144906e-05, 9.47977787291e-06, 6.599518656e-06, 7.20952039046e-06, 4.21294680564e-06, 3.77554556508e-06, 3.60968670066e-06, 3.42084626936e-06, 2.13448606701e-06, 1.19190315218e-06, 8.30543513075e-07, 8.54558209085e-07, 2.37940480474e-06, 1.11626377475e-06, 5.56803911422e-07, 3.18698482715e-07, 2.83691093728e-07, 2.36613630022e-07, 5.00673024817e-07, 6.02389320647e-07], "median": [0.00028091436252, 0.000371555739548, 0.000238192616962, 0.00014173463569, 0.000190228791325, 0.000260331114987, 0.000144862526213, 6.66969499434e-05, 6.50627480354e-05, 9.0009001724e-05, 3.73985312763e-05, 2.5371551601e-05, 2.19978901441e-05, 9.20350430533e-06, 1.02804469861e-05, 1.27368075482e-05, 1.13484647954e-05, 1.0430421753e-05, 8.33289595903e-06, 6.85326222083e-06, 3.37810911333e-06, 3.01944783132e-06, 2.07296125154e-06, 2.15225327338e-06, 1.45059982515e-06, 1.14787053462e-06, 1.1250094758e-06, 1.11739063868e-06, 7.04755564129e-07, 4.0474444063e-07, 2.51175549693e-07, 2.56507576069e-07, 5.13824261361e-07, 2.3849835884e-07, 1.15588214555e-07, 6.3736337097e-08, 4.68874610249e-08, 3.90455738852e-08, 1.0108406201e-07, 1.00187449448e-07], "min": [1.88700557517e-24, 7.26779129702e-24, 2.49710428838e-24, 5.40207293616e-24, 6.64950341875e-24, 4.16330651289e-24, 3.70561572657e-24, 7.83938728717e-24, 7.92102176908e-24, 9.91322529863e-24, 1.03238384438e-23, 1.46511696493e-23, 1.93007694672e-23, 7.11478225812e-24, 3.66210807549e-24, 5.84034117813e-24, 5.37619553746e-24, 3.50627728114e-24, 1.04812903474e-23, 1.70049838624e-23, 6.29083873629e-24, 1.55563875381e-23, 5.44107106387e-24, 5.30495350911e-24, 1.12455096045e-23, 9.74167960618e-24, 1.14945869133e-23, 6.69105351149e-24, 1.02653507186e-23, 8.91444850652e-24, 6.71486212247e-24, 4.97558988168e-24, 9.65795937603e-24, 1.09136910419e-23, 9.41601652526e-24, 9.4812214011e-24, 8.21849253897e-24, 8.03636269976e-24, 7.98376461004e-24, 8.97625654731e-24], "var": [7.34297236704e-06, 1.46706115629e-05, 3.29238400809e-06, 1.67823009178e-06, 3.75620828663e-07, 1.39703104196e-06, 4.83212318159e-07, 3.05806082679e-07, 2.08517448641e-07, 6.61290926018e-07, 5.07119864324e-07, 4.55382682674e-08, 5.3354991536e-08, 7.86054030755e-08, 9.05258179529e-09, 2.30093224474e-08, 3.29689839873e-08, 1.19047287583e-08, 5.82352877032e-09, 2.17861351182e-09, 2.6937094777e-09, 4.90899043637e-10, 2.1634137537e-10, 3.23737009422e-10, 8.18835554917e-11, 6.51694254117e-11, 9.49564593622e-11, 4.36259396663e-11, 2.04791409525e-11, 1.44999394436e-11, 8.96116601062e-12, 6.90574160356e-12, 4.95688733115e-11, 1.01165109276e-11, 3.47149175725e-12, 2.29970317962e-12, 2.90906426552e-12, 2.08803785894e-12, 2.78433396131e-12, 4.06490075974e-12]}, "melbands_crest": {"dmean": 2.91270685196, "dmean2": 4.61718559265, "dvar": 8.85930538177, "dvar2": 20.5586528778, "max": 39.724407196, "mean": 13.8483610153, "median": 12.5386161804, "min": 1.94779884815, "var": 35.3300743103}, "melbands_flatness_db": {"dmean": 0.0242690239102, "dmean2": 0.0355584435165, "dvar": 0.000809819204733, "dvar2": 0.00165324355476, "max": 0.670793533325, "mean": 0.228344261646, "median": 0.2172768116, "min": 0.00811156723648, "var": 0.00528764119372}, "melbands_kurtosis": {"dmean": 9.17858982086, "dmean2": 14.7441711426, "dvar": 2186.03979492, "dvar2": 5366.15820312, "max": 3600.63623047, "mean": 25.3078594208, "median": 6.03783607483, "min": -1.7940132618, "var": 23737.2734375}, "melbands_skewness": {"dmean": 0.690147459507, "dmean2": 1.0395526886, "dvar": 1.0554651022, "dvar2": 2.24297809601, "max": 54.8532180786, "mean": 2.52188324928, "median": 1.9659678936, "min": -1.04011774063, "var": 11.5032548904}, "melbands_spread": {"dmean": 4.78237104416, "dmean2": 7.31271076202, "dvar": 70.4567565918, "dvar2": 152.332107544, "max": 222.62298584, "mean": 17.5552940369, "median": 15.4141540527, "min": 0.170079603791, "var": 183.013381958}, "mfcc": {"cov": [[10407.1396484, 388.520629883, -805.669555664, -172.50869751, -388.238464355, -210.076858521, -217.706451416, -80.056640625, -39.3750648499, 90.8679428101, -71.0708389282, -266.445648193, -32.0046463013], [388.520629883, 1158.2442627, 17.5338230133, 53.9025344849, 42.8941650391, 32.1011123657, 68.9585723877, -1.95444011688, -0.868807256222, -11.0940532684, 36.2792129517, 0.249454259872, 22.111410141], [-805.669555664, 17.5338230133, 556.280456543, 57.7598686218, 107.723121643, 97.2963562012, 23.2764034271, 19.4997406006, 19.1656150818, -63.959236145, 51.3711395264, 6.72328901291, 37.0443496704], [-172.50869751, 53.9025344849, 57.7598686218, 255.745300293, 101.193969727, 3.26215839386, 0.722481966019, 14.7157182693, 30.564283371, 12.454864502, -5.4568157196, 43.1585006714, 8.51133728027], [-388.238464355, 42.8941650391, 107.723121643, 101.193969727, 217.437866211, 27.48985672, 14.9294700623, 31.2709197998, 21.4083080292, -19.9420413971, 7.37697553635, 6.63176441193, 25.5568256378], [-210.076858521, 32.1011123657, 97.2963562012, 3.26215839386, 27.48985672, 159.471557617, 62.9740447998, 22.572933197, 25.5452156067, 15.4084177017, 29.5268821716, 4.11183834076, -7.683573246], [-217.706451416, 68.9585723877, 23.2764034271, 0.722481966019, 14.9294700623, 62.9740447998, 146.545852661, 42.9384002686, 14.4939661026, 24.0589160919, 25.6683425903, 8.30066394806, -0.690424323082], [-80.056640625, -1.95444011688, 19.4997406006, 14.7157182693, 31.2709197998, 22.572933197, 42.9384002686, 114.848266602, 38.3180732727, 28.4019889832, 4.5761680603, 11.08340168, 10.2645978928], [-39.3750648499, -0.868807256222, 19.1656150818, 30.564283371, 21.4083080292, 25.5452156067, 14.4939661026, 38.3180732727, 113.046348572, 31.218919754, 20.890039444, -2.14494204521, 15.4077720642], [90.8679428101, -11.0940532684, -63.959236145, 12.454864502, -19.9420413971, 15.4084177017, 24.0589160919, 28.4019889832, 31.218919754, 136.716873169, 20.6558189392, 39.7219085693, -26.8322238922], [-71.0708389282, 36.2792129517, 51.3711395264, -5.4568157196, 7.37697553635, 29.5268821716, 25.6683425903, 4.5761680603, 20.890039444, 20.6558189392, 124.076545715, 6.71665382385, 25.4699363708], [-266.445648193, 0.249454259872, 6.72328901291, 43.1585006714, 6.63176441193, 4.11183834076, 8.30066394806, 11.08340168, -2.14494204521, 39.7219085693, 6.71665382385, 132.782546997, 4.2103805542], [-32.0046463013, 22.111410141, 37.0443496704, 8.51133728027, 25.5568256378, -7.683573246, -0.690424323082, 10.2645978928, 15.4077720642, -26.8322238922, 25.4699363708, 4.2103805542, 110.135002136]], "icov": [[0.000126442697365, -6.00645180384e-05, 0.00013770100486, -4.22393131885e-05, 0.000168503553141, -9.53993185249e-06, 0.000197042172658, -5.32177982677e-05, 4.57139576611e-05, -0.000126569968415, -2.02097044166e-06, 0.000285695830826, -7.5507312431e-05], [-6.00645180384e-05, 0.000943580525927, 4.28934390584e-06, -0.000193767395103, -0.000161460135132, -4.33066925325e-05, -0.000557034276426, 0.000210543046705, 7.70446131355e-05, 0.000189757512999, -0.000214422965655, -7.45736906538e-05, -9.41402249737e-05], [0.00013770100486, 4.28934390584e-06, 0.00263158208691, -0.000329725968186, -0.000526104704477, -0.00144731695764, 0.000502698472701, -0.000340444326866, -2.66848019237e-06, 0.0013426609803, -0.000917709665373, -2.98692848446e-05, -0.000223657756578], [-4.22393131885e-05, -0.000193767395103, -0.000329725968186, 0.00540805188939, -0.00245384383015, 0.000573464960326, 8.01429632702e-05, 0.00052831339417, -0.00135886250064, -0.000431361928349, 0.000718950934242, -0.00170745374635, 0.000264298432739], [0.000168503553141, -0.000161460135132, -0.000526104704477, -0.00245384383015, 0.00674894684926, -0.000562490196899, 0.000239309069002, -0.00150332041085, 5.88025941397e-05, 0.000770617509261, -9.61590831139e-06, 0.000751773652155, -0.000862747081555], [-9.53993185249e-06, -4.33066925325e-05, -0.00144731695764, 0.000573464960326, -0.000562490196899, 0.0089764976874, -0.00328004732728, 0.000305553578073, -0.00140872434713, -0.000582481792662, -0.00075131788617, -5.70005031477e-05, 0.00138724548742], [0.000197042172658, -0.000557034276426, 0.000502698472701, 8.01429632702e-05, 0.000239309069002, -0.00328004732728, 0.00982144940645, -0.00316150556318, 0.000890129769687, -0.000760141701903, -0.00112195499241, 0.000382980186259, 7.74702300532e-07], [-5.32177982677e-05, 0.000210543046705, -0.000340444326866, 0.00052831339417, -0.00150332041085, 0.000305553578073, -0.00316150556318, 0.0117707457393, -0.00307787582278, -0.0018619815819, 0.00138079305179, -0.000510060286615, -0.00105361326132], [4.57139576611e-05, 7.70446131355e-05, -2.66848019237e-06, -0.00135886250064, 5.88025941397e-05, -0.00140872434713, 0.000890129769687, -0.00307787582278, 0.0116797583178, -0.00266374787316, -0.00104272831231, 0.00187162484508, -0.00182912230957], [-0.000126569968415, 0.000189757512999, 0.0013426609803, -0.000431361928349, 0.000770617509261, -0.000582481792662, -0.000760141701903, -0.0018619815819, -0.00266374787316, 0.0113762961701, -0.0023143349681, -0.00343239516951, 0.0032668618951], [-2.02097044166e-06, -0.000214422965655, -0.000917709665373, 0.000718950934242, -9.61590831139e-06, -0.00075131788617, -0.00112195499241, 0.00138079305179, -0.00104272831231, -0.0023143349681, 0.00998965930194, 4.10146385548e-05, -0.00262008467689], [0.000285695830826, -7.45736906538e-05, -2.98692848446e-05, -0.00170745374635, 0.000751773652155, -5.70005031477e-05, 0.000382980186259, -0.000510060286615, 0.00187162484508, -0.00343239516951, 4.10146385548e-05, 0.00974223017693, -0.00136849051341], [-7.5507312431e-05, -9.41402249737e-05, -0.000223657756578, 0.000264298432739, -0.000862747081555, 0.00138724548742, 7.74702300532e-07, -0.00105361326132, -0.00182912230957, 0.0032668618951, -0.00262008467689, -0.00136849051341, 0.0112367486581]], "mean": [-692.42388916, 143.767028809, 0.514519155025, 15.5538692474, 1.0925706625, 2.0647456646, -3.44895005226, -4.1718287468, 3.17121076584, 1.62967777252, 4.86569261551, -8.54745769501, 4.63832139969]}, "pitch_salience": {"dmean": 0.0669713765383, "dmean2": 0.10828050971, "dvar": 0.00470178155228, "dvar2": 0.0120950872079, "max": 0.884810268879, "mean": 0.530760347843, "median": 0.544737279415, "min": 0.0191159062088, "var": 0.0147880287841}, "silence_rate_20dB": {"dmean": 0, "dmean2": 0, "dvar": 0, "dvar2": 0, "max": 1, "mean": 1, "median": 1, "min": 1, "var": 0}, "silence_rate_30dB": {"dmean": 0.0150519032031, "dmean2": 0.0301064103842, "dvar": 0.0148260919377, "dvar2": 0.033700440079, "max": 1, "mean": 0.98443043232, "median": 1, "min": 0, "var": 0.0153282312676}, "silence_rate_60dB": {"dmean": 0.0340830460191, "dmean2": 0.0681719854474, "dvar": 0.0329195819795, "dvar2": 0.0725150331855, "max": 1, "mean": 0.127843618393, "median": 0, "min": 0, "var": 0.111510425806}, "spectral_centroid": {"dmean": 173.818618774, "dmean2": 265.211669922, "dvar": 72826.2421875, "dvar2": 132370.34375, "max": 11285.8447266, "mean": 974.486694336, "median": 884.43560791, "min": 123.215362549, "var": 251003.34375}, "spectral_complexity": {"dmean": 2.39584779739, "dmean2": 3.76174402237, "dvar": 7.22672986984, "dvar2": 15.7855834961, "max": 45, "mean": 13.8878126144, "median": 13, "min": 0, "var": 60.6662712097}, "spectral_contrast_coeffs": {"dmean": [0.0465036779642, 0.0464414656162, 0.0392737463117, 0.0311765223742, 0.0218494273722, 0.0167742203921], "dmean2": [0.0746951848269, 0.0742454826832, 0.0620574504137, 0.0503747090697, 0.0354042798281, 0.0259987823665], "dvar": [0.00177713879384, 0.00159420236014, 0.00111472303979, 0.000639793346636, 0.000331579067279, 0.000209827820072], "dvar2": [0.00416098115966, 0.00387698016129, 0.00262086698785, 0.00158461288083, 0.000833847909234, 0.000486703705974], "max": [-0.288647741079, -0.379497230053, -0.421358346939, -0.509046196938, -0.59881824255, -0.594601392746], "mean": [-0.663897395134, -0.708734929562, -0.735041499138, -0.764142274857, -0.784693777561, -0.770055711269], "median": [-0.673445820808, -0.712792277336, -0.740712881088, -0.766504645348, -0.784792840481, -0.768094956875], "min": [-0.966903626919, -0.967530190945, -0.970718860626, -0.973178803921, -0.96351981163, -0.962890744209], "var": [0.00789350550622, 0.00687859300524, 0.00603565666825, 0.00319650257006, 0.00191567919683, 0.00131571700331]}, "spectral_contrast_valleys": {"dmean": [0.388579577208, 0.374736189842, 0.346566736698, 0.298898875713, 0.256708592176, 0.322967529297], "dmean2": [0.608003377914, 0.596497297287, 0.546670973301, 0.463750332594, 0.378042548895, 0.423157453537], "dvar": [0.178463712335, 0.141250297427, 0.138614743948, 0.111033320427, 0.109153181314, 0.140328869224], "dvar2": [0.340481430292, 0.295880019665, 0.280903428793, 0.207599341869, 0.194190368056, 0.241786688566], "max": [-4.74182510376, -4.22722101212, -4.64777946472, -5.56257963181, -5.8274731636, -7.50474119186], "mean": [-7.61062669754, -6.92064094543, -7.75550079346, -8.17986679077, -8.41157054901, -11.0189399719], "median": [-7.3983836174, -6.7151184082, -7.56353807449, -7.98128604889, -8.2469329834, -10.8750314713], "min": [-27.02617836, -26.9353561401, -27.1712398529, -27.1128540039, -27.3851318359, -27.2261962891], "var": [1.57418227196, 1.55012953281, 1.57746016979, 1.48292160034, 1.45048463345, 1.44428348541]}, "spectral_decrease": {"dmean": 2.27221996774e-09, "dmean2": 3.36254024624e-09, "dvar": 2.4582342041e-17, "dvar2": 5.42800914128e-17, "max": -7.37806849622e-29, "mean": -5.75137626413e-09, "median": -3.64741414849e-09, "min": -8.93773233202e-08, "var": 4.73997288091e-17}, "spectral_energy": {"dmean": 0.00888935290277, "dmean2": 0.0131137575954, "dvar": 0.000362615362974, "dvar2": 0.000797119981144, "max": 0.347245365381, "mean": 0.0229493249208, "median": 0.0146189955994, "min": 1.00886736059e-20, "var": 0.000730409345124}, "spectral_energyband_high": {"dmean": 0.000163715463714, "dmean2": 0.000234215447563, "dvar": 2.48571268457e-07, "dvar2": 5.23075527781e-07, "max": 0.0123078832403, "mean": 0.00029681873275, "median": 0.000103885024146, "min": 6.91960735428e-21, "var": 4.19027770704e-07}, "spectral_energyband_low": {"dmean": 0.00499908812344, "dmean2": 0.00787285435945, "dvar": 0.000270133168669, "dvar2": 0.000639802834485, "max": 0.270773410797, "mean": 0.00709032826126, "median": 0.00220830971375, "min": 3.77176802436e-23, "var": 0.000290116586257}, "spectral_energyband_middle_high": {"dmean": 0.00142796721775, "dmean2": 0.00215540174395, "dvar": 9.69747816271e-06, "dvar2": 2.07450339076e-05, "max": 0.0869784876704, "mean": 0.00397491734475, "median": 0.00169502792414, "min": 1.81733438503e-21, "var": 3.95078968722e-05}, "spectral_energyband_middle_low": {"dmean": 0.00464742491022, "dmean2": 0.00696075614542, "dvar": 6.46150510875e-05, "dvar2": 0.000147667189594, "max": 0.204640075564, "mean": 0.0125464955345, "median": 0.00812617130578, "min": 2.8571004655e-22, "var": 0.00019312177028}, "spectral_entropy": {"dmean": 0.168395221233, "dmean2": 0.24681763351, "dvar": 0.0343493446708, "dvar2": 0.0691014304757, "max": 9.8096704483, "mean": 7.24847364426, "median": 7.28545808792, "min": 4.65506649017, "var": 0.195665374398}, "spectral_flux": {"dmean": 0.0243343729526, "dmean2": 0.0372722111642, "dvar": 0.0012528662337, "dvar2": 0.00251999380998, "max": 0.478088200092, "mean": 0.0686087086797, "median": 0.053878929466, "min": 1.04771059883e-10, "var": 0.00321049126796}, "spectral_kurtosis": {"dmean": 2.16794919968, "dmean2": 3.56714463234, "dvar": 10.2543945312, "dvar2": 25.5798053741, "max": 91.1062316895, "mean": 6.54029893875, "median": 5.44276237488, "min": -1.2001157999, "var": 27.8525695801}, "spectral_rms": {"dmean": 0.000761247938499, "dmean2": 0.00106424232945, "dvar": 1.36605785883e-06, "dvar2": 2.61439481619e-06, "max": 0.0184058677405, "mean": 0.00410633115098, "median": 0.00377656379715, "min": 3.13729315964e-12, "var": 5.52771007278e-06}, "spectral_rolloff": {"dmean": 308.289215088, "dmean2": 515.633728027, "dvar": 495328.40625, "dvar2": 1005345.4375, "max": 19099.9511719, "mean": 1030.8404541, "median": 796.728515625, "min": 21.533203125, "var": 978266.25}, "spectral_skewness": {"dmean": 0.247439816594, "dmean2": 0.394088596106, "dvar": 0.0751040950418, "dvar2": 0.177276000381, "max": 8.04037761688, "mean": 1.93238043785, "median": 1.84376037121, "min": -0.0725856125355, "var": 0.375018209219}, "spectral_spread": {"dmean": 559108.1875, "dmean2": 793593.875, "dvar": 573715775488, "dvar2": 956686860288, "max": 40187372, "mean": 4056041.25, "median": 3801265.25, "min": 893923.25,