{"lowlevel": {"average_loudness": 0.895068228245, "barkbands": {"dmean": [0.00547495810315, 0.0134275127202, 0.00295296753757, 0.00182804279029, 0.00272843800485, 0.001574030146, 0.000997412833385, 0.000414405396441, 0.00047182070557, 0.000364280887879, 0.000349590351107, 0.000257063278696, 0.000225917508942, 0.000124327896629, 0.000156397960382, 9.10610688152e-05, 8.2782615209e-05, 9.91911147139e-05, 0.000102914687886, 8.63862806e-05, 6.42957966193e-05, 7.60460898164e-05, 2.84704292426e-05, 9.08425226953e-06, 2.17764113586e-06, 3.11139956466e-05, 0.000144518155139], "dmean2": [0.00892420578748, 0.0218293629587, 0.00505150901154, 0.00300153088756, 0.00424203742296, 0.00244345283136, 0.00164110260084, 0.000653235823847, 0.00073042884469, 0.000572748307604, 0.00057099852711, 0.00041421232163, 0.000366164604202, 0.000202186536626, 0.000252054334851, 0.000150753534399, 0.000130443673697, 0.00015386591258, 0.000148312770762, 0.000122730009025, 8.84184046299e-05, 0.000103414844489, 3.79850534955e-05, 1.25198521346e-05, 3.60287708645e-06, 4.16049697378e-05, 0.000194021238713], "dvar": [0.000212027094676, 0.0011269809911, 2.67841187451e-05, 1.18514280985e-05, 3.13846030622e-05, 1.63487839018e-05, 5.60410717299e-06, 3.21643869938e-06, 2.61976356342e-06, 1.29830311835e-06, 9.98683390208e-07, 3.30202141186e-07, 2.12606835248e-07, 6.86449936893e-08, 1.7373645278e-07, 4.79384709706e-08, 3.74609854248e-08, 8.05845914442e-08, 1.24192965245e-07, 1.8956879444e-07, 3.98684925074e-08, 4.86383662235e-08, 7.83890552469e-09, 6.67226773832e-10, 2.01845068437e-11, 9.12639919193e-09, 1.13873561247e-07], "dvar2": [0.000518084620126, 0.00275333435275, 7.6018171967e-05, 2.98800878227e-05, 6.93801703164e-05, 3.81065437978e-05, 1.45525755215e-05, 6.84608812662e-06, 5.91495108893e-06, 3.09703682433e-06, 2.51988058153e-06, 8.16240344648e-07, 5.30174588675e-07, 1.64768593436e-07, 3.74884422172e-07, 1.240612022e-07, 8.89458107167e-08, 1.87352895864e-07, 2.74999223393e-07, 3.9160275378e-07, 7.18897936736e-08, 9.20137637195e-08, 1.38024880414e-08, 1.17175857905e-09, 4.95509570875e-11, 1.55840584881e-08, 2.01468225214e-07], "max": [0.161896020174, 0.337214618921, 0.0777212679386, 0.0578363798559, 0.130771741271, 0.116738922894, 0.0572428666055, 0.0974333882332, 0.0536486767232, 0.0306712742895, 0.0242750290781, 0.0167390536517, 0.0108079174533, 0.00930618774146, 0.0254135578871, 0.00494331074879, 0.00600603595376, 0.00882469210774, 0.0170015450567, 0.028218396008, 0.00956005323678, 0.0045248195529, 0.00166124431416, 0.000512178754434, 7.75060907472e-05, 0.00202034483664, 0.0123675120994], "mean": [0.00477409502491, 0.0124158877879, 0.00380878755823, 0.00256535201333, 0.0046180812642, 0.0025448128581, 0.00118606106844, 0.000569024821743, 0.000712905428372, 0.000535140978172, 0.000515055202413, 0.000386554194847, 0.000352129951352, 0.000185420794878, 0.000236026011407, 0.000120909113321, 0.00012101775792, 0.00013740331633, 0.000157955670147, 0.000124492944451, 9.74622453214e-05, 0.000102913538285, 3.83315818908e-05, 1.17356412375e-05, 2.10126427191e-06, 4.25426114816e-05, 0.000306496192934], "median": [0.000526146963239, 0.00240981951356, 0.00160227937158, 0.000957100535743, 0.00167595408857, 0.000453723128885, 0.000275530648651, 0.000103555023088, 0.00011593689851, 9.79322139756e-05, 0.000111959983769, 0.00011818803614, 0.000119614967844, 5.27822048753e-05, 7.14300622349e-05, 3.443983951e-05, 3.25460168824e-05, 3.22146443068e-05, 3.20056205965e-05, 1.9637403966e-05, 1.67915150087e-05, 1.25490769278e-05, 4.98018471262e-06, 2.18926902562e-06, 6.03775902164e-07, 5.85269799558e-06, 0.000114669484901], "min": [2.32538603261e-24, 1.50827428288e-23, 2.6444296239e-23, 4.32228218013e-23, 3.23609707538e-23, 1.74769640751e-23, 7.13057935552e-23, 6.76120438744e-23, 9.34145039482e-23, 6.78750437893e-23, 1.23665382221e-22, 1.39506870401e-22, 3.08239573215e-23, 1.49564619751e-22, 2.02776253925e-22, 2.31308835374e-22, 8.27313582947e-23, 2.31875805484e-22, 2.02127974344e-22, 4.0953041154e-22, 3.56395442024e-22, 4.79876685177e-22, 7.59011771719e-22, 9.3816660189e-22, 1.24949306987e-21, 1.65751727457e-21, 2.26402120544e-21], "var": [0.000184491451364, 0.000977939227596, 3.63952967746e-05, 2.08747715078e-05, 8.40665816213e-05, 4.25537764386e-05, 7.49205219108e-06, 6.00698922426e-06, 5.37594451089e-06, 2.43371118813e-06, 1.7383076738e-06, 6.18363912963e-07, 4.43027516894e-07, 1.26736011907e-07, 4.83532346607e-07, 6.27137879405e-08, 6.18373050543e-08, 1.27486629253e-07, 2.40584029143e-07, 3.16401553846e-07, 7.98004791136e-08, 8.41644265392e-08, 1.39797382559e-08, 1.12659837015e-09, 2.00075511714e-11, 1.6582102802e-08, 3.0955769148e-07]}, "barkbands_crest": {"dmean": 3.15440869331, "dmean2": 5.20492649078, "dvar": 7.70209407806, "dvar2": 20.1378765106, "max": 25.3288478851, "mean": 10.8271150589, "median": 10.186753273, "min": 2.79132556915, "var": 16.9238777161}, "barkbands_flatness_db": {"dmean": 0.0348752588034, "dmean2": 0.0544103831053, "dvar": 0.00116786954459, "dvar2": 0.00279364478774, "max": 0.565981507301, "mean": 0.16471683979, "median": 0.155524298549, "min": 0.0359515883029, "var": 0.00420677475631}, "barkbands_kurtosis": {"dmean": 12.6173906326, "dmean2": 20.6167297363, "dvar": 679.484130859, "dvar2": 1780.61877441, "max": 638.013366699, "mean": 19.7965202332, "median": 9.97099304199, "min": -1.93617534637, "var": 1064.44604492}, "barkbands_skewness": {"dmean": 1.03053164482, "dmean2": 1.61690402031, "dvar": 1.32707417011, "dvar2": 3.1826004982, "max": 15.877790451, "mean": 2.97873663902, "median": 2.63807320595, "min": -4.31849718094, "var": 4.30498170853}, "barkbands_spread": {"dmean": 7.16258096695, "dmean2": 11.0844106674, "dvar": 88.5492935181, "dvar2": 190.170928955, "max": 132.054916382, "mean": 19.0514583588, "median": 13.7473955154, "min": 0.25782302022, "var": 301.99118042}, "dissonance": {"dmean": 0.0223389230669, "dmean2": 0.0372296124697, "dvar": 0.000538157881238, "dvar2": 0.00146443606354, "max": 0.500000178814, "mean": 0.459596335888, "median": 0.467427670956, "min": 0.124817162752, "var": 0.00102701387368}, "dynamic_complexity": 4.93936729431, "erbbands": {"dmean": [0.711468815804, 1.94007730484, 3.32649445534, 4.65742349625, 6.79229068756, 11.3156270981, 10.6568784714, 14.5409259796, 12.0401449203, 13.4544677734, 8.93793678284, 10.884262085, 11.4322681427, 11.1077280045, 13.7947778702, 10.4491519928, 10.2000980377, 6.33736181259, 7.88906431198, 6.55539178848, 4.69384098053, 4.47217702866, 4.82829189301, 5.28288269043, 4.8942360878, 4.06795024872, 2.91881012917, 2.55936908722, 3.27367711067, 1.53037118912, 0.726159274578, 0.285403877497, 0.103004679084, 0.0287982560694, 0.0157457739115, 0.0278881900012, 0.0628462508321, 0.0757345035672, 0.0200124438852, 0.00269183050841], "dmean2": [1.17583703995, 3.20343732834, 5.6469783783, 7.69493293762, 10.8737926483, 17.7729625702, 16.2515773773, 22.6816806793, 19.6611995697, 21.7480964661, 14.0732507706, 16.8656463623, 17.4298782349, 17.6238479614, 22.6133441925, 16.6201705933, 16.4197406769, 10.1709756851, 12.5844659805, 10.6255197525, 7.58979845047, 6.94826126099, 7.37746286392, 7.82327413559, 7.04342079163, 5.76423978806, 4.04602718353, 3.53107714653, 4.54242610931, 2.02633333206, 0.974807262421, 0.386973083019, 0.143342480063, 0.0457938611507, 0.0258449930698, 0.0400867164135, 0.0837430804968, 0.0993795394897, 0.0264268945903, 0.00384040991776], "dvar": [3.70290088654, 20.3922863007, 34.7073936462, 61.8679771423, 186.676376343, 724.231689453, 895.147705078, 1502.19152832, 950.918334961, 976.303344727, 1931.10290527, 1635.07885742, 1421.09863281, 1366.15234375, 1422.15405273, 574.840820312, 444.71472168, 147.370513916, 472.301269531, 262.448486328, 122.018730164, 114.332038879, 177.827667236, 281.089416504, 290.87890625, 549.959899902, 91.5008926392, 64.7804718018, 103.606987, 21.7553100586, 5.22725248337, 0.795666873455, 0.0667366161942, 0.00324343959801, 0.00102120207157, 0.00593887502328, 0.0388200506568, 0.0471248067915, 0.00387290865183, 2.40344434133e-05], "dvar2": [9.24832344055, 51.219745636, 94.8751220703, 161.342132568, 447.682250977, 1604.74401855, 1907.15844727, 3558.47802734, 2429.02050781, 2417.61181641, 4059.96557617, 3782.42724609, 3107.49584961, 3329.58251953, 3721.72021484, 1376.31896973, 1101.14916992, 362.37512207, 967.880432129, 654.816711426, 308.053100586, 268.396026611, 411.144073486, 618.470458984, 585.200561523, 1166.96069336, 163.219528198, 122.408218384, 212.780090332, 38.1866760254, 8.98958492279, 1.389518857, 0.119944870472, 0.00762542849407, 0.00248949439265, 0.0125953191891, 0.0644362419844, 0.0820471346378, 0.00686600944027, 4.75234737678e-05], "max": [19.259683609, 46.1721038818, 100.114372253, 143.68850708, 328.009155273, 744.214294434, 1268.55163574, 1076.8260498, 677.672058105, 837.55090332, 2558.67480469, 1654.22729492, 1490.71447754, 1455.30505371, 1063.57275391, 647.784790039, 470.010131836, 231.911636353, 1103.96142578, 730.998352051, 243.374969482, 373.523773193, 444.374145508, 554.743652344, 765.606994629, 1592.52746582, 477.177947998, 340.732025146, 203.288406372, 101.689926147, 43.1673698425, 18.6935768127, 5.23178529739, 0.943022489548, 0.552132070065, 1.87682783604, 3.79086732864, 4.21849489212, 2.85913681984, 0.149189949036], "mean": [0.581139087677, 1.93947553635, 4.32902860641, 7.01672267914, 9.95761108398, 19.1147384644, 16.5941390991, 23.8826808929, 16.2717857361, 16.923286438, 12.6039276123, 16.5247306824, 17.7392730713, 18.0665225983, 20.7609615326, 16.8639011383, 16.6144123077, 10.9322128296, 12.2451429367, 9.76062393188, 6.64829540253, 6.69785308838, 7.00878143311, 8.09040927887, 7.5229640007, 5.8559513092, 4.44722080231, 3.74309372902, 4.27299499512, 2.095246315, 0.972932934761, 0.373325318098, 0.132185846567, 0.0315258055925, 0.0160493738949, 0.0352471098304, 0.0861687734723, 0.109980553389, 0.0354511588812, 0.00871999375522], "median": [0.0649135559797, 0.512681365013, 1.96716165543, 3.35306239128, 4.00793027878, 5.82090902328, 4.18880224228, 4.01929759979, 4.12407445908, 4.55307006836, 2.31618285179, 2.75984597206, 3.19537782669, 4.38197469711, 4.30231618881, 5.44856739044, 6.06168031693, 3.94250226021, 3.85514783859, 3.14891695976, 2.1076130867, 1.86566865444, 1.87002575397, 1.73963236809, 1.42069506645, 0.947449505329, 0.770777463913, 0.612565040588, 0.484213113785, 0.261837691069, 0.127903938293, 0.0605237409472, 0.0285770017654, 0.00993734411895, 0.00517276767641, 0.00792245194316, 0.0117167141289, 0.0145829096437, 0.0079606520012, 0.00513075524941], "min": [8.90519504189e-22, 1.95560319819e-21, 2.04701998448e-20, 1.0529478639e-19, 1.12415318661e-19, 1.43767363808e-19, 6.24983355774e-20, 2.05915226837e-19, 1.09787639859e-18, 6.21410181097e-19, 2.18178357779e-18, 1.99536953456e-18, 1.64445046399e-18, 3.17763934534e-18, 5.38369467704e-18, 5.2271813518e-18, 2.01475347824e-18, 6.81984358861e-18, 7.40764888523e-18, 1.49353663451e-17, 8.00988848355e-18, 5.62791685777e-18, 1.20802747059e-17, 9.26408702527e-18, 1.05307180916e-17, 1.74790608796e-17, 1.66672377023e-17, 1.40332762563e-17, 2.03372147415e-17, 1.99318333756e-17, 2.11571972283e-17, 1.7032214604e-17, 1.76811328315e-17, 1.36952596523e-17, 8.82048247046e-18, 5.81060341836e-18, 3.25653252344e-18, 1.40854475715e-18, 2.72079529954e-19, 3.34443080328e-20], "var": [2.99592447281, 17.8484973907, 44.22605896, 119.765060425, 309.669921875, 2161.02856445, 1827.93591309, 4490.01464844, 1609.82592773, 1487.42932129, 3419.2265625, 3068.18774414, 3306.46557617, 2876.90844727, 2295.82592773, 1155.86376953, 954.143615723, 336.766906738, 1244.39501953, 529.264038086, 172.948425293, 190.337081909, 284.505645752, 542.696044922, 610.191101074, 846.943969727, 194.058059692, 117.331558228, 158.758987427, 40.1329269409, 9.3589849472, 1.34481060505, 0.114340610802, 0.00379381352104, 0.00104844896123, 0.00856750365347, 0.0712010040879, 0.0904143303633, 0.00854198262095, 0.000111579502118]}, "erbbands_crest": {"dmean": 3.04403305054, "dmean2": 4.91948318481, "dvar": 7.57502841949, "dvar2": 18.3168010712, "max": 31.9004077911, "mean": 9.29777240753, "median": 8.34787940979, "min": 2.24542856216, "var": 18.2654819489}, "erbbands_flatness_db": {"dmean": 0.0241897925735, "dmean2": 0.0355156771839, "dvar": 0.000512222817633, "dvar2": 0.0011308635585, "max": 0.430384486914, "mean": 0.135332196951, "median": 0.13152949512, "min": 0.0312012173235, "var": 0.00196474208497}, "erbbands_kurtosis": {"dmean": 1.46649265289, "dmean2": 2.36941766739, "dvar": 8.3516740799, "dvar2": 21.0402584076, "max": 83.4784317017, "mean": 1.02192425728, "median": 0.128652334213, "min": -1.83594107628, "var": 11.7138414383}, "erbbands_skewness": {"dmean": 0.46810516715, "dmean2": 0.719076633453, "dvar": 0.221121251583, "dvar2": 0.505619704723, "max": 6.62598562241, "mean": 0.437019735575, "median": 0.405558258295, "min": -4.53846549988, "var": 0.916913568974}, "erbbands_spread": {"dmean": 10.1714115143, "dmean2": 15.2959499359, "dvar": 114.212715149, "dvar2": 245.250411987, "max": 164.108612061, "mean": 37.7106819153, "median": 33.3828239441, "min": 0.970268905163, "var": 388.54385376}, "gfcc": {"cov": [[22470.1308594, 2119.72973633, -1204.43798828, -126.167175293, 239.713973999, -958.700866699, 556.722167969, -857.469787598, 22.7578048706, -343.079193115, -158.395111084, 133.493911743, -64.8330841064], [2119.72973633, 1650.10888672, 31.9630260468, -481.964508057, 138.395736694, -68.7637023926, -40.1520233154, -144.260864258, -0.535575389862, -43.2229614258, 68.3112564087, -173.81072998, 127.793174744], [-1204.43798828, 31.9630260468, 566.324401855, 198.168884277, -44.105682373, 174.514450073, -47.6533584595, 131.335220337, 24.6089572906, 65.8814620972, -5.33910560608, -25.2503757477, -23.2674331665], [-126.167175293, -481.964508057, 198.168884277, 520.237365723, 65.5229187012, 28.655872345, 68.1856384277, 74.4291381836, 32.1464729309, 14.7183790207, -36.7387809753, 65.5270004272, -94.3891296387], [239.713973999, 138.395736694, -44.105682373, 65.5229187012, 223.122741699, 25.1684303284, 49.0394172668, -41.8855857849, 1.64477312565, -31.6669635773, 11.7403650284, -9.15325832367, 9.43304824829], [-958.700866699, -68.7637023926, 174.514450073, 28.655872345, 25.1684303284, 280.254394531, -24.1862220764, 106.868522644, -12.891087532, 43.0814819336, 9.00217151642, 9.39847946167, 22.9717521667], [556.722167969, -40.1520233154, -47.6533584595, 68.1856384277, 49.0394172668, -24.1862220764, 177.49899292, -32.8537139893, 8.8735408783, -37.59116745, -9.82391357422, 40.8018455505, -28.3507575989], [-857.469787598, -144.260864258, 131.335220337, 74.4291381836, -41.8855857849, 106.868522644, -32.8537139893, 219.03994751, 66.064956665, 72.674331665, 10.585694313, -3.10491132736, 10.4949407578], [22.7578048706, -0.535575389862, 24.6089572906, 32.1464729309, 1.64477312565, -12.891087532, 8.8735408783, 66.064956665, 143.511474609, 72.3236312866, 8.98742961884, 9.36048698425, -20.4642047882], [-343.079193115, -43.2229614258, 65.8814620972, 14.7183790207, -31.6669635773, 43.0814819336, -37.59116745, 72.674331665, 72.3236312866, 115.919303894, 42.8121147156, 3.66535377502, -0.154341638088], [-158.395111084, 68.3112564087, -5.33910560608, -36.7387809753, 11.7403650284, 9.00217151642, -9.82391357422, 10.585694313, 8.98742961884, 42.8121147156, 75.5377578735, 17.7706241608, 19.7843494415], [133.493911743, -173.81072998, -25.2503757477, 65.5270004272, -9.15325832367, 9.39847946167, 40.8018455505, -3.10491132736, 9.36048698425, 3.66535377502, 17.7706241608, 101.414657593, 3.45672631264], [-64.8330841064, 127.793174744, -23.2674331665, -94.3891296387, 9.43304824829, 22.9717521667, -28.3507575989, 10.4949407578, -20.4642047882, -0.154341638088, 19.7843494415, 3.45672631264, 94.180557251]], "icov": [[9.76976371021e-05, -0.000300966581563, 0.000297387159662, -0.000279222411336, 0.00016713241348, 7.97898537712e-05, -0.000130347892991, 0.000100208264485, 0.000126766739413, -0.000304209737806, 0.000522350717802, -0.000422930403147, 0.000115497074148], [-0.000300966581563, 0.00257020280696, -0.00204698299058, 0.00223765522242, -0.00152393302415, 0.000250189303188, 9.76384058049e-07, 0.000645604275633, -0.00173617969267, 0.0022233966738, -0.00329664652236, 0.00342132034712, -0.0017444731202], [0.000297387159662, -0.00204698299058, 0.00496989954263, -0.00384175591171, 0.00310508860275, -0.00242932676338, 0.000147907747305, 0.000178745205631, 0.000123835066915, -0.00106047082227, 0.00121482904069, 7.05906786607e-05, 0.000433343317127], [-0.000279222411336, 0.00223765522242, -0.00384175591171, 0.00730828056112, -0.00529047986493, 0.00271869660355, -0.000208855970413, -0.00254169059917, 0.00179474498145, -0.00137436983641, 0.00184004101902, -0.00275140022859, 0.00333617720753], [0.00016713241348, -0.00152393302415, 0.00310508860275, -0.00529047986493, 0.0101402774453, -0.00425191828981, -0.0012803429272, 0.0035436693579, -0.00434067798778, 0.00489297322929, -0.00482904026285, 0.00447141379118, -0.00319590116851], [7.97898537712e-05, 0.000250189303188, -0.00242932676338, 0.00271869660355, -0.00425191828981, 0.00788271613419, -0.000286882830551, -0.00387433194555, 0.00500229373574, -0.00494594871998, 0.00424932036549, -0.00421784259379, 0.00102953857277], [-0.000130347892991, 9.76384058049e-07, 0.000147907747305, -0.000208855970413, -0.0012803429272, -0.000286882830551, 0.00828536879271, -0.000187714613276, -0.0015515529085, 0.00344717898406, -0.000709474028554, -0.00302123045549, 0.00237784883939], [0.000100208264485, 0.000645604275633, 0.000178745205631, -0.00254169059917, 0.0035436693579, -0.00387433194555, -0.000187714613276, 0.0105562936515, -0.00620957557112, 0.0013514746679, -0.00312351156026, 0.00497506419197, -0.00482646515593], [0.000126766739413, -0.00173617969267, 0.000123835066915, 0.00179474498145, -0.00434067798778, 0.00500229373574, -0.0015515529085, -0.00620957557112, 0.0183129571378, -0.0151619846001, 0.0101963924244, -0.00781952496618, 0.0058113168925], [-0.000304209737806, 0.0022233966738, -0.00106047082227, -0.00137436983641, 0.00489297322929, -0.00494594871998, 0.00344717898406, 0.0013514746679, -0.0151619846001, 0.0290529429913, -0.0191643182188, 0.00819188635796, -0.00278409104794], [0.000522350717802, -0.00329664652236, 0.00121482904069, 0.00184004101902, -0.00482904026285, 0.00424932036549, -0.000709474028554, -0.00312351156026, 0.0101963924244, -0.0191643182188, 0.0310295391828, -0.0136424424127, 0.00272527290508], [-0.000422930403147, 0.00342132034712, 7.05906786607e-05, -0.00275140022859, 0.00447141379118, -0.00421784259379, -0.00302123045549, 0.00497506419197, -0.00781952496618, 0.00819188635796, -0.0136424424127, 0.023335326463, -0.00823279377073], [0.000115497074148, -0.0017444731202, 0.000433343317127, 0.00333617720753, -0.00319590116851, 0.00102953857277, 0.00237784883939, -0.00482646515593, 0.0058113168925, -0.00278409104794, 0.00272527290508, -0.00823279377073, 0.0188255477697]], "mean": [-57.5886955261, 92.0497207642, -70.7959289551, 7.59467744827, -16.2413043976, -13.2932748795, -3.79604005814, -21.1936416626, -7.46801710129, -7.36410999298, -7.00290727615, 0.443956136703, -12.0828514099]}, "hfc": {"dmean": 33.7381324768, "dmean2": 51.558921814, "dvar": 2369.41333008, "dvar2": 5463.00878906, "max": 1221.04150391, "mean": 108.548347473, "median": 81.7614517212, "min": 1.12564259769e-16, "var": 11743.2773438}, "melbands": {"dmean": [0.00501965265721, 0.00189099065028, 0.000837684492581, 0.000629148911685, 0.000400538585382, 0.000309112772811, 0.00019433896523, 0.000134112735395, 7.18138544471e-05, 7.05990896677e-05, 5.75798621867e-05, 4.58315116703e-05, 4.4534826884e-05, 3.09587885567e-05, 2.53584112215e-05, 2.23951501539e-05, 1.17745867101e-05, 1.29965819724e-05, 1.13017022159e-05, 7.22272807252e-06, 5.57324574402e-06, 5.063289791e-06, 4.05707487516e-06, 5.31713703822e-06, 4.31880744145e-06, 4.26470114689e-06, 3.11847657031e-06, 2.71683916253e-06, 1.98627844838e-06, 1.52796235398e-06, 1.50680398292e-06, 2.04941920856e-06, 1.22099856981e-06, 7.52782966629e-07, 4.72213116609e-07, 2.44681501727e-07, 1.48785787246e-07, 7.75895685479e-08, 4.25225330503e-08, 1.96568556987e-08], "dmean2": [0.00812542624772, 0.00312573299743, 0.00136525195558, 0.000986599130556, 0.000608699687291, 0.000481043884065, 0.000318535341648, 0.000215674255742, 0.000114091402793, 0.000108683016151, 8.79980434547e-05, 7.26482830942e-05, 7.279834972e-05, 5.00898240716e-05, 4.08414161939e-05, 3.65285159205e-05, 1.8956610802e-05, 2.09083518712e-05, 1.82857365871e-05, 1.19905507745e-05, 9.01992098079e-06, 8.01940404926e-06, 6.36476852378e-06, 8.27369149192e-06, 6.47848310109e-06, 6.32692808722e-06, 4.55892268292e-06, 3.92386118619e-06, 2.83951430902e-06, 2.15010209104e-06, 2.13044631892e-06, 2.89133959086e-06, 1.67648022398e-06, 1.03247339212e-06, 6.4939524691e-07, 3.38640887776e-07, 2.06873593811e-07, 1.08706039725e-07, 6.41753956643e-08, 3.26761622205e-08], "dvar": [0.000169688704773, 1.14419726742e-05, 1.98389670913e-06, 1.62093954259e-06, 9.90854914562e-07, 6.39326231067e-07, 2.21625242602e-07, 1.04115763122e-07, 1.12466310043e-07, 6.62940919938e-08, 3.56590810213e-08, 2.38587904988e-08, 1.60718531816e-08, 4.29557101e-09, 3.29903593332e-09, 2.32981145487e-09, 5.83229631257e-10, 1.315673126e-09, 8.1392992346e-10, 3.11171366452e-10, 1.85181078804e-10, 1.5495286998e-10, 1.2934285587e-10, 2.48386700097e-10, 1.99131683365e-10, 2.33425168084e-10, 1.64009958392e-10, 2.81065171137e-10, 4.50437256938e-11, 2.33950272349e-11, 2.28327287632e-11, 4.18432198612e-11, 1.29637958354e-11, 5.83083581418e-12, 2.3205727704e-12, 5.96616018308e-13, 2.17094300436e-13, 3.99046640458e-14, 1.0780632165e-14, 1.68725860835e-15], "dvar2": [0.000413808884332, 2.91899286822e-05, 5.02926786794e-06, 3.73011357624e-06, 2.06591153074e-06, 1.51098265633e-06, 5.66085702758e-07, 2.50061077622e-07, 2.40881831814e-07, 1.495766071e-07, 7.80933220312e-08, 5.84208557086e-08, 4.16828314087e-08, 1.06828421664e-08, 8.06347877358e-09, 5.90426374458e-09, 1.4383227942e-09, 2.75904588065e-09, 2.01904959418e-09, 7.92996279753e-10, 4.65366994939e-10, 3.68463537459e-10, 3.28853250187e-10, 5.88546156255e-10, 4.4699005608e-10, 5.51729995024e-10, 3.36860733752e-10, 6.02468075428e-10, 8.34173979891e-11, 4.46600256776e-11, 4.54581511322e-11, 8.82312209405e-11, 2.36007272753e-11, 1.11209678619e-11, 4.20951684968e-12, 1.05498314078e-12, 3.98305032619e-13, 7.2606234447e-14, 2.49453185023e-14, 4.15300254039e-15], "max": [0.12589533627, 0.0586434341967, 0.0231676995754, 0.0345565825701, 0.0331346765161, 0.0213235877454, 0.0102861160412, 0.00835688132793, 0.018320877105, 0.0107218939811, 0.00716770207509, 0.00566352438182, 0.00385039695539, 0.00166912551504, 0.00139391794801, 0.00128058914561, 0.000453122891486, 0.00166480685584, 0.00128235609736, 0.000463405653136, 0.000399052893044, 0.000386662897654, 0.000388482760172, 0.000423953781137, 0.00045305895037, 0.000762584037147, 0.000797208107542, 0.00111224828288, 0.000307707116008, 0.000213439387153, 0.000173482534592, 0.000139064824907, 8.4743485786e-05, 5.11617581651e-05, 2.68254443654e-05, 1.95627853827e-05, 9.94778656604e-06, 3.73309535462e-06, 2.15433624362e-06, 7.20121931863e-07], "mean": [0.00445631798357, 0.00236542592756, 0.00129994552117, 0.00103543139994, 0.000667157524731, 0.000511059130076, 0.000253594160313, 0.000171212435816, 9.92812856566e-05, 0.000106415973278, 8.6910695245e-05, 7.09610249032e-05, 6.61358062644e-05, 4.90073580295e-05, 3.91843022953e-05, 3.41279956046e-05, 1.84188156709e-05, 1.90612754523e-05, 1.65115470736e-05, 9.92665627564e-06, 7.4208537626e-06, 7.22022468835e-06, 5.77705077376e-06, 7.01362068867e-06, 6.4055693656e-06, 6.21980416327e-06, 4.48118635177e-06, 3.72999079445e-06, 2.92330719276e-06, 2.23255210585e-06, 2.09203449231e-06, 2.61773425336e-06, 1.6263904854e-06, 9.90845137494e-07, 6.13065253674e-07, 3.21384760582e-07, 1.86892251008e-07, 9.88348105579e-08, 4.97828800405e-08, 1.8634992216e-08], "median": [0.000726629397832, 0.00101535464637, 0.000649381487165, 0.000384020793717, 0.000185415992746, 8.59307183418e-05, 6.4395571826e-05, 4.59654656879e-05, 1.598550989e-05, 1.74038632395e-05, 1.4902510884e-05, 1.55768066179e-05, 1.44127616295e-05, 1.35095206133e-05, 1.19777778309e-05, 1.18831185318e-05, 5.5129694374e-06, 5.29120734427e-06, 5.25405721419e-06, 2.6824957331e-06, 2.18198465518e-06, 1.84797136171e-06, 1.56000385232e-06, 1.49140998928e-06, 1.29648560687e-06, 1.13540227176e-06, 7.24678159258e-07, 5.63148205401e-07, 4.9374051514e-07, 3.55203411573e-07, 3.30518389546e-07, 2.85979496084e-07, 1.9261159423e-07, 1.18945322924e-07, 7.57310729682e-08, 4.75728221261e-08, 3.08102237057e-08, 2.08982413596e-08, 1.25460708489e-08, 5.05956254671e-09], "min": [5.59823700531e-24, 7.74033160102e-24, 1.86415909839e-23, 8.69212068216e-24, 3.27342250243e-24, 4.82859669604e-24, 1.61932696567e-23, 7.92061235027e-24, 2.00108105462e-23, 1.12686555723e-23, 8.54184189086e-24, 1.28059040851e-23, 1.8375919986e-23, 1.78618713989e-23, 5.97890341285e-24, 4.68614261606e-24, 1.40921244362e-23, 1.04746931036e-23, 1.70189577444e-23, 2.38558953031e-23, 5.7900457734e-24, 4.65043088288e-24, 1.02705280127e-23, 9.74725448619e-24, 7.00168484786e-24, 9.10994007175e-24, 6.65249793475e-24, 1.40544168849e-23, 1.29521005213e-23, 6.10856492996e-24, 9.23253773389e-24, 9.67357566651e-24, 1.26323128764e-23, 1.18396969932e-23, 1.38888460249e-23, 9.26887424491e-24, 1.03150197678e-23, 1.15332521417e-23, 1.31152653555e-23, 1.12360424848e-23], "var": [0.000146065664012, 1.33904632094e-05, 3.75812987841e-06, 4.22839593739e-06, 2.35408538174e-06, 1.89366642189e-06, 3.58219125474e-07, 1.7371185379e-07, 2.05660811048e-07, 1.29612004685e-07, 8.15488405692e-08, 4.79783750507e-08, 2.55388545867e-08, 9.05633257275e-09, 6.41871000795e-09, 4.52055282096e-09, 1.1725941329e-09, 3.15249959471e-09, 1.80258141746e-09, 4.8530435226e-10, 2.57774274148e-10, 2.48480375165e-10, 1.71205521982e-10, 3.64624830329e-10, 3.70449088072e-10, 4.06772365791e-10, 2.93680774144e-10, 4.10551287411e-10, 9.24093440657e-11, 4.3319910159e-11, 3.90039181508e-11, 6.1808461127e-11, 2.31417263824e-11, 9.74595751324e-12, 3.91870130095e-12, 1.01600422953e-12, 3.43523007349e-13, 6.72066365775e-14, 1.38713105469e-14, 1.64862892964e-15]}, "melbands_crest": {"dmean": 4.80897045135, "dmean2": 7.81138181686, "dvar": 19.2658481598, "dvar2": 46.2529182434, "max": 39.3765907288, "mean": 16.9388237, "median": 15.8285837173, "min": 2.18394160271, "var": 44.981628418}, "melbands_flatness_db": {"dmean": 0.0425654798746, "dmean2": 0.0661163106561, "dvar": 0.00159231782891, "dvar2": 0.00374814472161, "max": 0.698712527752, "mean": 0.276459395885, "median": 0.272071152925, "min": 0.00693338364363, "var": 0.00707841664553}, "melbands_kurtosis": {"dmean": 24.3372249603, "dmean2": 40.3605804443, "dvar": 9233.38671875, "dvar2": 25899.5351562, "max": 4032.46557617, "mean": 33.3196601868, "median": 14.3061065674, "min": -1.86248326302, "var": 8115.02441406}, "melbands_skewness": {"dmean": 1.33745920658, "dmean2": 2.08340811729, "dvar": 3.33873438835, "dvar2": 8.24807548523, "max": 47.3228530884, "mean": 3.67209792137, "median": 3.15408587456, "min": -1.64463639259, "var": 7.37905406952}, "melbands_spread": {"dmean": 5.92333126068, "dmean2": 9.29470539093, "dvar": 95.9279251099, "dvar2": 201.336395264, "max": 240.352905273, "mean": 14.8510608673, "median": 9.31876277924, "min": 0.0583126209676, "var": 427.321777344}, "mfcc": {"cov": [[14440.8505859, 1244.46337891, -1264.82946777, 661.770629883, -709.83190918, 347.704071045, -299.684204102, 207.809814453, -317.670471191, -40.3249473572, -231.390396118, -139.310150146, -217.1847229], [1244.46337891, 1845.57739258, -69.193572998, -334.951446533, 70.6689224243, -26.7105445862, 51.4645767212, -183.10887146, 1.88515496254, -65.8098602295, 12.7519407272, -62.8998413086, 5.02926397324], [-1264.82946777, -69.193572998, 640.716247559, 18.4426116943, 131.019790649, 0.509748697281, 35.4922981262, 14.5088701248, 76.2148742676, 67.5227432251, 81.5063095093, 45.2274971008, 40.9050292969], [661.770629883, -334.951446533, 18.4426116943, 461.998321533, -4.13226366043, 71.9838104248, -16.3730640411, 99.3570709229, -24.5383415222, 45.8078536987, -3.40588235855, 19.701089859, -19.1463775635], [-709.83190918, 70.6689224243, 131.019790649, -4.13226366043, 246.256866455, 25.4135398865, 48.377696991, -9.2285490036, 53.3055038452, 20.1337928772, 38.5928230286, 25.3278980255, 33.5364532471], [347.704071045, -26.7105445862, 0.509748697281, 71.9838104248, 25.4135398865, 180.244873047, 49.952747345, 59.8036956787, -18.4571819305, -7.92130661011, -17.3114070892, 2.98922252655, -5.39262151718], [-299.684204102, 51.4645767212, 35.4922981262, -16.3730640411, 48.377696991, 49.952747345, 147.910522461, 34.8953857422, 9.72411060333, -29.6695995331, -7.71032047272, -12.7370595932, 5.03272199631], [207.809814453, -183.10887146, 14.5088701248, 99.3570709229, -9.2285490036, 59.8036956787, 34.8953857422, 144.497833252, 28.4995288849, 9.40429210663, -5.3384141922, 10.7895822525, -5.50128555298], [-317.670471191, 1.88515496254, 76.2148742676, -24.5383415222, 53.3055038452, -18.4571819305, 9.72411060333, 28.4995288849, 106.880355835, 42.3507118225, 29.1544761658, 17.2007236481, 22.8936481476], [-40.3249473572, -65.8098602295, 67.5227432251, 45.8078536987, 20.1337928772, -7.92130661011, -29.6695995331, 9.40429210663, 42.3507118225, 103.531585693, 45.6378707886, 28.1844463348, 12.5035438538], [-231.390396118, 12.7519407272, 81.5063095093, -3.40588235855, 38.5928230286, -17.3114070892, -7.71032047272, -5.3384141922, 29.1544761658, 45.6378707886, 93.3442687988, 39.015499115, 23.2032012939], [-139.310150146, -62.8998413086, 45.2274971008, 19.701089859, 25.3278980255, 2.98922252655, -12.7370595932, 10.7895822525, 17.2007236481, 28.1844463348, 39.015499115, 88.0829696655, 43.0282554626], [-217.1847229, 5.02926397324, 40.9050292969, -19.1463775635, 33.5364532471, -5.39262151718, 5.03272199631, -5.50128555298, 22.8936481476, 12.5035438538, 23.2032012939, 43.0282554626, 70.7812042236]], "icov": [[0.000148506878759, -0.00019119271019, 0.000194398890017, -0.000218503453652, 0.000287711125566, -0.000240568318986, 0.000318906240864, -0.000302437721984, 0.000152705528308, -0.000154091845616, 6.93804322509e-05, 2.74713147519e-05, 3.53694595105e-05], [-0.00019119271019, 0.000965308398008, -0.000143721917993, 0.000584264984354, -0.000462963449536, 2.26499832934e-05, -0.000630451191682, 0.00124083599076, -0.000500615569763, 0.000486216740683, -0.000479157781228, 0.000405524275266, -6.52089511277e-05], [0.000194398890017, -0.000143721917993, 0.00224976520985, -0.000338896847097, -0.000264485104708, -0.000298344326438, -4.2683299398e-05, -0.000261170323938, -0.000378383032512, -0.000710293534212, -0.000949984823819, 3.98921329179e-05, -0.000164776021848], [-0.000218503453652, 0.000584264984354, -0.000338896847097, 0.00354878907092, -0.000963841564953, -0.000119425742014, 0.000103306854726, -0.00157159997616, 0.00171981565654, -0.00153094856068, 0.000301205029245, -0.000317428290145, 0.000570320524275], [0.000287711125566, -0.000462963449536, -0.000264485104708, -0.000963841564953, 0.00642171455547, -0.00173346267547, -0.000993083114736, 0.00151114561595, -0.00260164099745, 0.000312647724058, -0.000966959341895, -0.000396670919145, -0.000834434817079], [-0.000240568318986, 2.26499832934e-05, -0.000298344326438, -0.000119425742014, -0.00173346267547, 0.00832582637668, -0.00236532930285, -0.00286805187352, 0.00280409352854, -0.000816206156742, 0.00144501810428, -0.000957387848757, 0.000146776932525], [0.000318906240864, -0.000630451191682, -4.2683299398e-05, 0.000103306854726, -0.000993083114736, -0.00236532930285, 0.0103144627064, -0.00331404805183, 1.22816009025e-05, 0.0026776145678, -0.000379173638066, 0.0022957297042, -0.00137296400499], [-0.000302437721984, 0.00124083599076, -0.000261170323938, -0.00157159997616, 0.00151114561595, -0.00286805187352, -0.00331404805183, 0.0134936636314, -0.00646277610213, 0.00173665827606, 4.81494098494e-05, -0.00184207502753, 0.00194712693337], [0.000152705528308, -0.000500615569763, -0.000378383032512, 0.00171981565654, -0.00260164099745, 0.00280409352854, 1.22816009025e-05, -0.00646277610213, 0.0169476997107, -0.00644408073276, 0.000129450796521, 0.00133197649848, -0.00306426361203], [-0.000154091845616, 0.000486216740683, -0.000710293534212, -0.00153094856068, 0.000312647724058, -0.000816206156742, 0.0026776145678, 0.00173665827606, -0.00644408073276, 0.0169527344406, -0.00589573010802, -0.00106920057442, 0.000895537727047], [6.93804322509e-05, -0.000479157781228, -0.000949984823819, 0.000301205029245, -0.000966959341895, 0.00144501810428, -0.000379173638066, 4.81494098494e-05, 0.000129450796521, -0.00589573010802, 0.0175971779972, -0.00564487138763, 0.000138883289765], [2.74713147519e-05, 0.000405524275266, 3.98921329179e-05, -0.000317428290145, -0.000396670919145, -0.000957387848757, 0.0022957297042, -0.00184207502753, 0.00133197649848, -0.00106920057442, -0.00564487138763, 0.0204210691154, -0.0110503751785], [3.53694595105e-05, -6.52089511277e-05, -0.000164776021848, 0.000570320524275, -0.000834434817079, 0.000146776932525, -0.00137296400499, 0.00194712693337, -0.00306426361203, 0.000895537727047, 0.000138883289765, -0.0110503751785, 0.0226511675864]], "mean": [-721.962280273, 153.377670288, 3.56218719482, 36.3341293335, 2.23357868195, 21.2186546326, 1.97925806046, 6.10355472565, -5.00271511078, 0.157205432653, -0.305850118399, 0.426223933697, -0.470764696598]}, "pitch_salience": {"dmean": 0.0913801491261, "dmean2": 0.14793869853, "dvar": 0.00717877643183, "dvar2": 0.0175457391888, "max": 0.902800321579, "mean": 0.541792809963, "median": 0.561269819736, "min": 0.0216840952635, "var": 0.016695221886}, "silence_rate_20dB": {"dmean": 0, "dmean2": 0, "dvar": 0, "dvar2": 0, "max": 1, "mean": 1, "median": 1, "min": 1, "var": 0}, "silence_rate_30dB": {"dmean": 0.0911698415875, "dmean2": 0.182358369231, "dvar": 0.0828514099121, "dvar2": 0.168557018042, "max": 1, "mean": 0.9070982337, "median": 1, "min": 0, "var": 0.0842635929585}, "silence_rate_60dB": {"dmean": 0.0280680190772, "dmean2": 0.0561417900026, "dvar": 0.0272830873728, "dvar2": 0.0570897758007, "max": 1, "mean": 0.123630031943, "median": 0, "min": 0, "var": 0.108339518309}, "spectral_centroid": {"dmean": 248.560317993, "dmean2": 370.806732178, "dvar": 112297.015625, "dvar2": 211756.203125, "max": 11025.6337891, "mean": 937.708190918, "median": 691.818115234, "min": 122.24307251, "var": 622064.3125}, "spectral_complexity": {"dmean": 3.52817034721, "dmean2": 5.14803791046, "dvar": 21.0187339783, "dvar2": 37.0994644165, "max": 58, "mean": 12.7027549744, "median": 11, "min": 0, "var": 93.1883544922}, "spectral_contrast_coeffs": {"dmean": [0.0558060780168, 0.0519067086279, 0.0383145175874, 0.0306353867054, 0.0231458228081, 0.0356795080006], "dmean2": [0.0909497439861, 0.0849020853639, 0.0631368234754, 0.0497036129236, 0.0372605621815, 0.0536236837506], "dvar": [0.00202131830156, 0.00180615088902, 0.000952142581809, 0.000625786371529, 0.000451325526228, 0.00110367359594], "dvar2": [0.00518046831712, 0.00475369300693, 0.00249779038131, 0.00164909334853, 0.00113827479072, 0.00238439021632], "max": [-0.247796222568, -0.414658933878, -0.421480119228, -0.548834443092, -0.613024115562, -0.506711602211], "mean": [-0.666734874249, -0.76025801897, -0.811163961887, -0.818293869495, -0.834472179413, -0.750903189182], "median": [-0.668269872665, -0.765260517597, -0.816135525703, -0.818128466606, -0.831675708294, -0.753823161125], "min": [-0.968007981777, -0.970529139042, -0.973603129387, -0.985105097294, -0.970061421394, -0.960968732834], "var": [0.00887856446207, 0.00618092389777, 0.00421491451561, 0.00308722164482, 0.00191065482795, 0.00556865241379]}, "spectral_contrast_valleys": {"dmean": [0.479058414698, 0.458179920912, 0.408966243267, 0.418598532677, 0.406075894833, 0.551116466522], "dmean2": [0.723986625671, 0.700889706612, 0.630280137062, 0.635983109474, 0.555916726589, 0.812933564186], "dvar": [0.189493253827, 0.203275740147, 0.173911392689, 0.221156686544, 0.199734807014, 0.246085390449], "dvar2": [0.359825372696, 0.417228877544, 0.357812166214, 0.4772798419, 0.37478736043, 0.554771184921], "max": [-4.77838516235, -4.16387414932, -5.15380525589, -5.80113935471, -5.14110898972, -8.88422870636], "mean": [-7.21186351776, -7.20130109787, -7.71748542786, -8.17250442505, -8.27540779114, -11.3660297394], "median": [-6.87502336502, -6.91565227509, -7.37950325012, -7.84412956238, -8.00923919678, -11.1888036728], "min": [-27.0481891632, -27.4316310883, -26.8422966003, -27.0759849548, -27.2661819458, -27.2329177856], "var": [2.98372745514, 2.50264167786, 2.35879611969, 2.18898701668, 2.13526797295, 1.42800486088]}, "spectral_decrease": {"dmean": 6.1055036582e-09, "dmean2": 9.24860987794e-09, "dvar": 1.39689960509e-16, "dvar2": 3.13327175129e-16, "max": 6.53077725232e-09, "mean": -8.22017653945e-09, "median": -3.63358521049e-09, "min": -1.16011229068e-07, "var": 1.70144963953e-16}, "spectral_energy": {"dmean": 0.0239410363138, "dmean2": 0.0357926078141, "dvar": 0.00207627099007, "dvar2": 0.00462549831718, "max": 0.448260098696, "mean": 0.0408704578876, "median": 0.0244144834578, "min": 1.05664931943e-20, "var": 0.00273540266789}, "spectral_energyband_high": {"dmean": 0.000351591763319, "dmean2": 0.000450227729743, "dvar": 8.95681012025e-07, "dvar2": 1.45805086049e-06, "max": 0.0355481170118, "mean": 0.000595999823418, "median": 0.000141328113386, "min": 7.83327519287e-21, "var": 2.06383288059e-06}, "spectral_energyband_low": {"dmean": 0.0193327479064, "dmean2": 0.0304350107908, "dvar": 0.00183192058466, "dvar2": 0.00430193915963, "max": 0.40994605422, "mean": 0.0213392004371, "median": 0.00718320719898, "min": 6.84337781912e-23, "var": 0.00181779521517}, "spectral_energyband_middle_high": {"dmean": 0.00119176355656, "dmean2": 0.00179246766493, "dvar": 4.31322314398e-06, "dvar2": 9.61042496783e-06, "max": 0.0509619154036, "mean": 0.00270413351245, "median": 0.00125537975691, "min": 1.55463739271e-21, "var": 1.47553391798e-05}, "spectral_energyband_middle_low": {"dmean": 0.00572517700493, "dmean2": 0.00866464432329, "dvar": 8.20971399662e-05, "dvar2": 0.000182217700058, "max": 0.191659733653, "mean": 0.0123870987445, "median": 0.00600634235889, "min": 3.36639714384e-22, "var": 0.00027001494891}, "spectral_entropy": {"dmean": 0.249119654298, "dmean2": 0.373010724783, "dvar": 0.0657195672393, "dvar2": 0.153918027878, "max": 9.81622219086, "mean": 7.36424016953, "median": 7.4098367691, "min": 4.99310112, "var": 0.267039388418}, "spectral_flux": {"dmean": 0.0403421297669, "dmean2": 0.0622403025627, "dvar": 0.00327089917846, "dvar2": 0.0066745984368, "max": 0.554663479328, "mean": 0.107196852565, "median": 0.0862510278821, "min": 1.02793447365e-10, "var": 0.00727896112949}, "spectral_kurtosis": {"dmean": 4.26129436493, "dmean2": 6.35482692719, "dvar": 31.1122055054, "dvar2": 77.2980422974, "max": 124.383277893, "mean": 14.6462650299, "median": 12.8501434326, "min": -1.20282018185, "var": 76.5540084839}, "spectral_rms": {"dmean": 0.00148807698861, "dmean2": 0.00206646765582, "dvar": 4.3317768359e-06, "dvar2": 8.06402385933e-06, "max": 0.0209123622626, "mean": 0.00531572150066, "median": 0.00488047208637, "min": 3.2107279075e-12, "var": 1.16166220323e-05}, "spectral_rolloff": {"dmean": 4728.69921875, "dmean2": 9019.1015625, "dvar": 63622256, "dvar2": 139805520, "max": 22050, "mean": 11239.7167969, "median": 13630.5175781, "min": 43.06640625, "var": 102844904}, "spectral_skewness": {"dmean": 0.398361355066, "dmean2": 0.572030723095, "dvar": 0.201940983534, "dvar2": 0.459612578154, "max": 9.16066551208, "mean": 2.61863279343, "median": 2.52049851418, "min": 0.00683418428525, "var": 0.756119012833}, "spectral_spread": {"dmean": 595130.25, "dmean2": 893112.5625, "dvar": 461101596672, "dvar2": 950290874368, "max": 41557400, "mean": 4504196, "median": 4328927, "min": 1004978.8125, "var": 2225632968700.0}, "spectral_strongpeak": {"dmean