{"lowlevel": {"average_loudness": 0.883296251297, "barkbands": {"dmean": [2.18388486246e-05, 0.000990013126284, 0.0005543869338, 0.000322688167216, 0.00088860373944, 0.000596000638325, 0.000995041569695, 0.000654194154777, 0.000586969952565, 0.00113480642904, 0.000748682243284, 0.000380112003768, 0.000558047264349, 0.000611592666246, 0.000619310536422, 0.000341425882652, 0.000262306915829, 0.000154343215399, 0.000177974972758, 0.000196988199605, 0.000113750800665, 2.78064544545e-05, 2.90052394121e-05, 2.26616957661e-05, 2.3422697268e-05, 1.50724717969e-05, 1.16146645723e-06], "dmean2": [3.23549866152e-05, 0.00165729632135, 0.000846650102176, 0.00054447905859, 0.00136537896469, 0.000891451723874, 0.00150605209637, 0.00099579768721, 0.000900367158465, 0.00169655436184, 0.00123553827871, 0.000589454721194, 0.000894067750778, 0.000979568809271, 0.00102815264836, 0.000553112942725, 0.000428869854659, 0.000256542552961, 0.000291692034807, 0.000315248413244, 0.000181363953743, 4.33587301814e-05, 4.62474308733e-05, 3.81456593459e-05, 4.12067529396e-05, 2.75614547718e-05, 1.98855332201e-06], "dvar": [4.43172298858e-09, 5.58653937333e-06, 1.93039159058e-06, 8.42292365633e-07, 2.78084780803e-06, 1.12994348456e-06, 5.16077398061e-06, 3.1150095765e-06, 1.53690109528e-06, 6.71944371788e-06, 4.88422710987e-06, 8.47229728151e-07, 2.48154015026e-06, 2.74867079497e-06, 2.12408576772e-06, 5.98153292231e-07, 2.75562854313e-07, 1.05843170672e-07, 9.19744920225e-08, 1.53070260467e-07, 6.81712535311e-08, 6.69950317445e-09, 8.33985769333e-09, 5.2431103903e-09, 5.52776890927e-09, 2.42521047689e-09, 1.1663716e-11], "dvar2": [8.51860892936e-09, 1.60295203386e-05, 4.64704953629e-06, 2.27089662985e-06, 6.68066877552e-06, 2.57474812315e-06, 1.17040663099e-05, 7.57057387091e-06, 3.49458696292e-06, 1.46295560626e-05, 1.3387441868e-05, 1.8693600623e-06, 6.18588865109e-06, 6.73839622323e-06, 5.59526233701e-06, 1.4445359966e-06, 6.67458607495e-07, 2.85993252191e-07, 2.42766105885e-07, 3.83648881552e-07, 1.7088751747e-07, 1.44734109142e-08, 1.87565216692e-08, 1.43700855659e-08, 1.58880837375e-08, 6.99467728182e-09, 3.15935888562e-11], "max": [0.00121029582806, 0.0270865429193, 0.0189495310187, 0.0180158466101, 0.0281472727656, 0.0281672440469, 0.0483750291169, 0.0404927767813, 0.029538365081, 0.0401366278529, 0.0413301177323, 0.0273890793324, 0.0350388996303, 0.0419278144836, 0.0212152190506, 0.0128123704344, 0.012587309815, 0.00979214347899, 0.00536177866161, 0.00842528790236, 0.00650030467659, 0.00231505208649, 0.00385646219365, 0.00168210349511, 0.00120630348101, 0.00066591904033, 6.28458656138e-05], "mean": [2.36664291151e-05, 0.0016098722117, 0.000897414982319, 0.00040693351184, 0.00153126486111, 0.00124474044424, 0.00172381452285, 0.00101355463266, 0.00107545766514, 0.00189550558571, 0.00107300211675, 0.000640266982373, 0.000908588874154, 0.000968831474893, 0.00097314955201, 0.000547400675714, 0.000467833364382, 0.000278198975138, 0.000372410082491, 0.000462039170088, 0.000229319834034, 4.8489033361e-05, 4.5296663302e-05, 2.9852746593e-05, 2.58510845015e-05, 1.26647073557e-05, 1.42395310831e-06], "median": [4.97599467053e-06, 0.000416738679633, 0.000141296724905, 0.000103376689367, 0.000578818784561, 0.000661133206449, 0.000813696766272, 0.000374764204025, 0.000312519434374, 0.00035772882984, 0.000142047210829, 0.000202370705665, 0.000115683651529, 0.000201435585041, 0.000225668103667, 0.000178525107913, 0.000181962721399, 0.00014266197104, 0.000185540367966, 0.000166115016327, 7.27296501282e-05, 1.73631160578e-05, 1.55523703143e-05, 1.07213672891e-05, 7.44428962207e-06, 1.84816781257e-06, 4.4154504053e-07], "min": [1.06608950428e-24, 3.64606185582e-24, 1.35164886893e-24, 2.05427840253e-24, 6.25585946046e-24, 1.68873804786e-23, 8.99342926036e-24, 4.40686810624e-24, 1.1008295186e-23, 2.53245397385e-23, 2.50884305141e-23, 4.05359584027e-23, 4.14054440479e-23, 4.01503884358e-23, 7.10927253801e-23, 7.44527742763e-23, 8.2321712293e-23, 1.05641519813e-22, 1.48295853736e-22, 1.91107158358e-22, 2.95036250472e-22, 3.22924187411e-22, 3.63588868981e-22, 5.5941219124e-22, 9.63336641643e-22, 1.38620142781e-21, 2.02081394947e-21], "var": [6.02876415456e-09, 7.53041240387e-06, 3.76497268917e-06, 9.00431075479e-07, 5.39037091585e-06, 3.40228893947e-06, 9.65556955634e-06, 4.65496486868e-06, 4.07626612287e-06, 1.69663417182e-05, 8.14912527858e-06, 2.18154423237e-06, 5.35424078407e-06, 6.65409652356e-06, 4.16246666646e-06, 1.19567118873e-06, 6.89809667165e-07, 2.0333862949e-07, 2.46669145554e-07, 5.89174874221e-07, 1.88909297094e-07, 1.45666803064e-08, 1.84465012154e-08, 5.16146769769e-09, 4.02023703217e-09, 1.54637203043e-09, 1.18279622208e-11]}, "barkbands_crest": {"dmean": 2.32844376564, "dmean2": 3.74727249146, "dvar": 4.60691690445, "dvar2": 11.5270309448, "max": 23.8955535889, "mean": 8.70829391479, "median": 7.87873840332, "min": 2.56318068504, "var": 12.5013151169}, "barkbands_flatness_db": {"dmean": 0.0188252106309, "dmean2": 0.0284044872969, "dvar": 0.000318567705108, "dvar2": 0.00069420284126, "max": 0.284805864096, "mean": 0.127178072929, "median": 0.125229477882, "min": 0.0221199132502, "var": 0.00138711021282}, "barkbands_kurtosis": {"dmean": 1.2961114645, "dmean2": 2.01308703423, "dvar": 4.37512922287, "dvar2": 9.782289505, "max": 48.6025886536, "mean": 1.42809224129, "median": 0.227225065231, "min": -1.78989160061, "var": 14.5522117615}, "barkbands_skewness": {"dmean": 0.383109897375, "dmean2": 0.589798748493, "dvar": 0.124406427145, "dvar2": 0.283957004547, "max": 6.18701314926, "mean": 0.78766399622, "median": 0.674064218998, "min": -2.23617720604, "var": 0.911956846714}, "barkbands_spread": {"dmean": 4.75848484039, "dmean2": 7.46541976929, "dvar": 25.3175258636, "dvar2": 59.179813385, "max": 118.45287323, "mean": 21.3539657593, "median": 20.0679302216, "min": 2.33452033997, "var": 114.84412384}, "dissonance": {"dmean": 0.0198385827243, "dmean2": 0.0330780595541, "dvar": 0.000378346507205, "dvar2": 0.00100852258038, "max": 0.5, "mean": 0.455737769604, "median": 0.461273193359, "min": 0, "var": 0.000806234485935}, "dynamic_complexity": 4.26034927368, "erbbands": {"dmean": [0.014173541218, 0.2695774436, 0.710612714291, 0.738044202328, 2.2445166111, 2.94169020653, 3.60381340981, 5.14441776276, 12.8814077377, 15.0795555115, 11.9728345871, 12.9102830887, 31.0189151764, 31.2618236542, 22.0819511414, 15.5811395645, 23.2598114014, 29.7714653015, 28.4394950867, 28.8123893738, 16.1162643433, 12.3193321228, 8.86194419861, 7.89854049683, 8.63334655762, 8.50881767273, 7.28106594086, 1.99542808533, 1.01007318497, 0.861223876476, 0.835404455662, 0.609326004982, 0.317770391703, 0.242350101471, 0.179738506675, 0.0870177149773, 0.0236584115773, 0.00301286159083, 0.000201534014195, 1.28056390167e-05], "dmean2": [0.0231185331941, 0.45039626956, 1.08105909824, 1.23073077202, 3.58314871788, 4.56022405624, 5.39666366577, 7.66901111603, 19.2038326263, 23.0028076172, 18.1597366333, 19.7344665527, 45.2224502563, 49.2377052307, 35.8551063538, 24.0956535339, 36.9772377014, 47.663608551, 46.3340415955, 46.9650726318, 25.863275528, 20.18318367, 14.6894044876, 13.0261192322, 14.0056667328, 13.3763170242, 11.3889522552, 3.13856363297, 1.57819569111, 1.34787666798, 1.33631515503, 1.01386642456, 0.5397387743, 0.418301552534, 0.321922570467, 0.158695027232, 0.0433760173619, 0.00544748129323, 0.000344295665855, 2.01038874366e-05], "dvar": [0.00107505591586, 0.420143991709, 3.00277662277, 4.50972032547, 23.6435718536, 31.2333526611, 82.7836227417, 89.0625228882, 867.535095215, 1252.29736328, 1186.08898926, 815.244934082, 5778.04345703, 6790.15917969, 4362.94775391, 1223.83154297, 4296.35400391, 7113.55273438, 5150.88769531, 5011.65527344, 1156.86120605, 609.852172852, 425.530639648, 189.782546997, 262.600097656, 305.168884277, 274.1980896, 16.7345466614, 8.88174438477, 6.57372951508, 7.61312007904, 4.33371257782, 1.06933879852, 0.578543245792, 0.353859513998, 0.0789618343115, 0.00656429538503, 9.79052274488e-05, 3.20083955785e-07, 7.02729430202e-10], "dvar2": [0.00271504907869, 1.21174454689, 7.41622781754, 11.8791723251, 59.4827919006, 75.6455459595, 170.784851074, 210.729156494, 1901.81787109, 2850.61181641, 3040.64379883, 1820.95239258, 11827.6464844, 16866.96875, 11838.2275391, 2675.05883789, 10651.8535156, 17384.2011719, 13241.9775391, 13272.4746094, 2698.06640625, 1549.39001465, 1154.58435059, 523.654174805, 672.936462402, 754.160888672, 680.138183594, 39.8910751343, 19.517457962, 13.9085922241, 17.9840736389, 11.6155109406, 3.01617646217, 1.65292108059, 1.02222025394, 0.227771505713, 0.018973633647, 0.000281397282379, 8.42402926082e-07, 1.69078517853e-09], "max": [0.435335755348, 7.50357103348, 24.6178188324, 31.7501888275, 99.1883010864, 83.1046600342, 306.228027344, 244.003723145, 835.251647949, 730.00189209, 1006.90332031, 735.936706543, 1530.75866699, 1619.51525879, 1917.27148438, 1026.11303711, 1727.83544922, 2424.00292969, 1689.74328613, 1446.32116699, 769.02947998, 599.635864258, 687.52722168, 276.574005127, 352.941772461, 521.064208984, 454.81817627, 93.589263916, 90.2451553345, 90.4275665283, 133.723800659, 58.4478912354, 26.4174728394, 14.3768844604, 11.0387191772, 3.44773006439, 1.38285684586, 0.15458740294, 0.013401241973, 0.000706179300323], "mean": [0.0229247994721, 0.439802825451, 1.21631777287, 1.08556461334, 3.40560054779, 4.87939023972, 6.53367328644, 10.8860397339, 24.431350708, 24.9787006378, 19.9256706238, 25.5189304352, 56.4183082581, 49.814163208, 34.9883880615, 28.7547779083, 41.1519813538, 51.415348053, 47.6219329834, 48.0524673462, 29.9451370239, 23.8318500519, 16.6495246887, 16.9004020691, 19.387430191, 20.827419281, 17.1624641418, 4.22470617294, 1.81971919537, 1.46863472462, 1.28114438057, 0.804717957973, 0.411297619343, 0.300362974405, 0.175820812583, 0.074063308537, 0.0197492670268, 0.00276315701194, 0.00025463566999, 3.53864343197e-05], "median": [0.00538095738739, 0.112179130316, 0.235609054565, 0.311160475016, 1.02218389511, 1.77921402454, 2.76757717133, 5.84421396255, 12.1360712051, 10.1216058731, 9.5394153595, 7.7282538414, 13.6251487732, 10.5699424744, 9.08565807343, 11.1238708496, 8.00212669373, 12.8246841431, 12.9854650497, 14.4157304764, 12.6231479645, 10.3401641846, 8.5567407608, 10.0929422379, 8.63712596893, 7.06296348572, 5.1301984787, 1.73574638367, 0.715412557125, 0.515548110008, 0.449225246906, 0.282196521759, 0.144528448582, 0.0975136309862, 0.0399995930493, 0.010611676611, 0.00294794724323, 0.000580514722969, 8.53123492561e-05, 2.53483303823e-05], "min": [1.19916462764e-22, 1.02259223777e-21, 2.68351183787e-21, 9.58481883085e-21, 9.17266558932e-21, 1.45752115833e-20, 3.10540210188e-20, 1.30087114795e-19, 1.37975975071e-19, 1.90973824658e-19, 2.27455746696e-19, 3.1940842646e-19, 6.74482089199e-19, 7.66293502024e-19, 1.03699693948e-18, 1.65046024134e-18, 1.81011023546e-18, 2.1696447023e-18, 2.84321890908e-18, 3.61599564595e-18, 4.63439518711e-18, 4.73804877608e-18, 5.10738326523e-18, 7.25842881145e-18, 6.89797369259e-18, 9.71583186448e-18, 9.63560857995e-18, 1.15197705054e-17, 1.15327588954e-17, 1.23846730354e-17, 9.86194587506e-18, 1.00029843054e-17, 1.06070676893e-17, 6.84066537899e-18, 6.82108642748e-18, 4.58711312971e-18, 2.45647164765e-18, 9.49271126797e-19, 2.66388682436e-19, 2.77742918953e-20], "var": [0.00170229875948, 0.573746263981, 6.2473783493, 5.25466871262, 40.1633758545, 65.1235961914, 186.306671143, 263.276733398, 1845.55456543, 2317.60498047, 1474.72900391, 2360.00488281, 17894.84375, 12656.0332031, 8204.03808594, 3223.93237305, 9702.35644531, 17694.8769531, 10313.3916016, 9283.59375, 2832.10644531, 1606.61413574, 808.734741211, 464.626922607, 747.859985352, 1295.08117676, 977.311767578, 45.8515396118, 18.6707801819, 16.6612949371, 15.4109649658, 4.6966176033, 0.914987385273, 0.467061370611, 0.236752331257, 0.050753582269, 0.00410307245329, 6.46081098239e-05, 3.58233307907e-07, 1.51964296702e-09]}, "erbbands_crest": {"dmean": 3.06910681725, "dmean2": 4.97228908539, "dvar": 7.72947692871, "dvar2": 19.4806461334, "max": 30.5272884369, "mean": 10.4279546738, "median": 9.5037984848, "min": 2.61100006104, "var": 19.8868331909}, "erbbands_flatness_db": {"dmean": 0.020293649286, "dmean2": 0.0314808562398, "dvar": 0.000453121465398, "dvar2": 0.000988179817796, "max": 0.328321784735, "mean": 0.186556562781, "median": 0.187075778842, "min": 0.0498510859907, "var": 0.00174623960629}, "erbbands_kurtosis": {"dmean": 0.857501268387, "dmean2": 1.3836581707, "dvar": 1.47292757034, "dvar2": 3.67027306557, "max": 33.2705459595, "mean": 0.320410251617, "median": -0.0727422237396, "min": -1.81756484509, "var": 2.99717378616}, "erbbands_skewness": {"dmean": 0.373037427664, "dmean2": 0.583507835865, "dvar": 0.106664575636, "dvar2": 0.258948743343, "max": 4.75970554352, "mean": 0.25050920248, "median": 0.210630729795, "min": -2.33310937881, "var": 0.522692859173}, "erbbands_spread": {"dmean": 6.07189846039, "dmean2": 9.60378646851, "dvar": 41.7697753906, "dvar2": 101.045265198, "max": 99.1180801392, "mean": 28.8846988678, "median": 27.3170776367, "min": 4.80286693573, "var": 147.293502808}, "gfcc": {"cov": [[25168.3144531, 1277.29797363, -1929.7019043, 609.628356934, -766.826660156, 432.861755371, -258.36428833, 238.212234497, -574.219360352, 123.584136963, -237.455612183, -151.657730103, -29.2438831329], [1277.29797363, 1082.35656738, -5.89042615891, 105.609367371, 157.626586914, -16.3404808044, 83.361907959, 72.9057235718, 90.1712341309, -64.5374145508, 65.8501358032, -5.12140369415, -6.66638898849], [-1929.7019043, -5.89042615891, 1090.60546875, 97.231338501, 111.444221497, 75.8756942749, -54.9587631226, 105.161109924, 50.9534721375, -30.3035182953, -40.3557739258, 99.4821014404, -118.715530396], [609.628356934, 105.609367371, 97.231338501, 380.997253418, 91.7365341187, 24.7431430817, 4.28806114197, 70.311882019, 75.4889373779, -1.85073280334, -1.50263047218, 39.4919281006, -13.9999265671], [-766.826660156, 157.626586914, 111.444221497, 91.7365341187, 281.248718262, 89.7223129272, 106.978019714, 51.6529083252, 47.1509437561, 12.4006328583, 4.43118333817, 6.52573633194, 5.11043977737], [432.861755371, -16.3404808044, 75.8756942749, 24.7431430817, 89.7223129272, 258.031677246, 105.214675903, 10.3385000229, -17.5880146027, 44.2006759644, -26.1178359985, -8.782787323, -4.75018072128], [-258.36428833, 83.361907959, -54.9587631226, 4.28806114197, 106.978019714, 105.214675903, 222.196487427, 47.1624832153, 22.1293125153, 21.4225330353, 14.1428985596, -25.1638889313, 40.965675354], [238.212234497, 72.9057235718, 105.161109924, 70.311882019, 51.6529083252, 10.3385000229, 47.1624832153, 154.066238403, 47.4960594177, 2.70213842392, -10.5574445724, 24.900270462, -5.88944625854], [-574.219360352, 90.1712341309, 50.9534721375, 75.4889373779, 47.1509437561, -17.5880146027, 22.1293125153, 47.4960594177, 158.808792114, 10.1116476059, 18.2778873444, 27.8432407379, 8.68017673492], [123.584136963, -64.5374145508, -30.3035182953, -1.85073280334, 12.4006328583, 44.2006759644, 21.4225330353, 2.70213842392, 10.1116476059, 102.737159729, 26.4839859009, -12.935090065, -2.36616969109], [-237.455612183, 65.8501358032, -40.3557739258, -1.50263047218, 4.43118333817, -26.1178359985, 14.1428985596, -10.5574445724, 18.2778873444, 26.4839859009, 105.431259155, 11.1544685364, 8.60338401794], [-151.657730103, -5.12140369415, 99.4821014404, 39.4919281006, 6.52573633194, -8.782787323, -25.1638889313, 24.900270462, 27.8432407379, -12.935090065, 11.1544685364, 99.0837936401, -1.35147869587], [-29.2438831329, -6.66638898849, -118.715530396, -13.9999265671, 5.11043977737, -4.75018072128, 40.965675354, -5.88944625854, 8.68017673492, -2.36616969109, 8.60338401794, -1.35147869587, 101.888633728]], "icov": [[0.000144523306517, -0.00031891404069, 0.000317560625263, -0.000350286951289, 0.000585157889873, -0.000523594033439, 0.000397049821913, -0.000565671885852, 0.000647049222607, -0.000369414017769, 0.000366907246644, -8.7805223302e-05, 5.43813541753e-07], [-0.00031891404069, 0.00194731994998, -0.000567319511902, 0.000674774171785, -0.00186949444469, 0.00110168312676, -0.00093999033561, 0.000806713302154, -0.00189926149324, 0.00215833378024, -0.00190794526134, 0.000728487037122, 0.000419970834628], [0.000317560625263, -0.000567319511902, 0.00206250720657, -0.000655901443679, 0.000738993869163, -0.00169028376695, 0.00143656611908, -0.00195812550373, 0.00113255018368, -0.000196872468223, 0.000870565883815, -0.00111747218762, 0.00137099949643], [-0.000350286951289, 0.000674774171785, -0.000655901443679, 0.00418754527345, -0.0022856562864, 0.000791450380348, -0.000140321368235, 0.000335596356308, -0.00266039511189, 0.00112056871876, -0.000858028710354, -0.000416467169998, 0.000301726802718], [0.000585157889873, -0.00186949444469, 0.000738993869163, -0.0022856562864, 0.0078923041001, -0.00293902028352, -0.000454069522675, -0.00223320350051, 0.00210207141936, -0.00193828833289, 0.0016998789506, -0.000405009079259, -0.000259786465904], [-0.000523594033439, 0.00110168312676, -0.00169028376695, 0.000791450380348, -0.00293902028352, 0.00847551785409, -0.0048083611764, 0.00349560403265, -0.000872795411851, -0.00187499262393, 0.00135455303825, -0.000660810212139, 0.000646658649202], [0.000397049821913, -0.00093999033561, 0.00143656611908, -0.000140321368235, -0.000454069522675, -0.0048083611764, 0.00982841197401, -0.00446678139269, 0.00103651406243, -6.47224806016e-05, -0.00108455249574, 0.00218093488365, -0.00267353979871], [-0.000565671885852, 0.000806713302154, -0.00195812550373, 0.000335596356308, -0.00223320350051, 0.00349560403265, -0.00446678139269, 0.011534913443, -0.00366236246191, -7.43448108551e-05, 0.00097069615731, -0.00164980604313, 0.000599117891397], [0.000647049222607, -0.00189926149324, 0.00113255018368, -0.00266039511189, 0.00210207141936, -0.000872795411851, 0.00103651406243, -0.00366236246191, 0.0113067170605, -0.00343871605583, 0.00142316881102, -0.00201608077623, -0.000949094130192], [-0.000369414017769, 0.00215833378024, -0.000196872468223, 0.00112056871876, -0.00193828833289, -0.00187499262393, -6.47224806016e-05, -7.43448108551e-05, -0.00343871605583, 0.014868455939, -0.0061614154838, 0.00287804263644, 0.00118798669428], [0.000366907246644, -0.00190794526134, 0.000870565883815, -0.000858028710354, 0.0016998789506, 0.00135455303825, -0.00108455249574, 0.00097069615731, 0.00142316881102, -0.0061614154838, 0.0139991817996, -0.00336258928291, -0.000144035220728], [-8.7805223302e-05, 0.000728487037122, -0.00111747218762, -0.000416467169998, -0.000405009079259, -0.000660810212139, 0.00218093488365, -0.00164980604313, -0.00201608077623, 0.00287804263644, -0.00336258928291, 0.01351900585, -0.00161766947713], [5.43813541753e-07, 0.000419970834628, 0.00137099949643, 0.000301726802718, -0.000259786465904, 0.000646658649202, -0.00267353979871, 0.000599117891397, -0.000949094130192, 0.00118798669428, -0.000144035220728, -0.00161766947713, 0.0127330403775]], "mean": [-42.3059921265, 89.3833312988, -142.722213745, 18.9553928375, -57.6933059692, -2.2841553688, -35.7877120972, 7.93901443481, -22.3421592712, 6.01464414597, -10.4936294556, -4.56060600281, -6.20868396759]}, "hfc": {"dmean": 5.00337457657, "dmean2": 7.51112794876, "dvar": 43.5291366577, "dvar2": 98.042930603, "max": 96.9813690186, "mean": 19.7688140869, "median": 13.1396827698, "min": 1.04288139069e-16, "var": 320.845397949}, "melbands": {"dmean": [0.000202458220883, 0.000366549764294, 0.000157669259352, 0.000194455264136, 0.000123839723528, 0.000123090561829, 0.000198648485821, 0.000162068914506, 9.45668507484e-05, 8.68404240464e-05, 0.000158756534802, 0.000129384323373, 9.11778624868e-05, 3.80590972782e-05, 5.29441967956e-05, 5.62747154618e-05, 5.95068377152e-05, 4.91104146931e-05, 4.48952523584e-05, 3.12430784106e-05, 1.95978318516e-05, 1.56458700076e-05, 9.99005442281e-06, 6.52120115774e-06, 7.18303635949e-06, 7.51616653361e-06, 6.23532969257e-06, 6.60303567201e-06, 5.88637612964e-06, 2.48120522883e-06, 9.29814007122e-07, 6.26791404557e-07, 5.26026781245e-07, 4.89913986712e-07, 4.94766823067e-07, 5.14378086791e-07, 3.19506369806e-07, 2.24052271847e-07, 2.18794042439e-07, 2.01503851827e-07], "dmean2": [0.000333927833708, 0.000579886313062, 0.000256633589743, 0.000304182292894, 0.000185079828952, 0.000182562172995, 0.00029719658778, 0.000246475072345, 0.000143707948155, 0.000132521221531, 0.00023211131338, 0.000203080417123, 0.000149194514961, 5.86864007346e-05, 8.38654304971e-05, 8.95863267942e-05, 9.53091002884e-05, 7.96699096099e-05, 7.29130479158e-05, 5.07452677994e-05, 3.14002209052e-05, 2.5641749744e-05, 1.65790133906e-05, 1.07446758193e-05, 1.19176966109e-05, 1.23705394799e-05, 1.022322067e-05, 1.05259787233e-05, 9.33400770009e-06, 3.94284734284e-06, 1.49185177634e-06, 9.92502805275e-07, 8.34256525195e-07, 7.84393762387e-07, 7.88967554399e-07, 8.54615791468e-07, 5.37018365776e-07, 3.82408074984e-07, 3.77560439802e-07, 3.49401176436e-07], "dvar": [2.22700734298e-07, 7.75640671691e-07, 1.53566972472e-07, 1.37018133728e-07, 8.85304984877e-08, 5.00826331518e-08, 1.94260891817e-07, 1.43835023891e-07, 7.42166008649e-08, 3.39805694693e-08, 1.47299047626e-07, 1.19076531746e-07, 7.36686160963e-08, 8.03753597012e-09, 1.86075705955e-08, 2.92376149957e-08, 3.15889678859e-08, 1.80303771913e-08, 1.27565398245e-08, 5.41503464291e-09, 2.03130179344e-09, 1.10792397479e-09, 4.45540299099e-10, 1.71293951245e-10, 1.74547654108e-10, 2.01842806358e-10, 1.67274374907e-10, 2.17902640376e-10, 1.73540237736e-10, 3.76508720035e-11, 5.13016495604e-12, 4.01837027195e-12, 2.38581550349e-12, 2.42085605034e-12, 2.78118413716e-12, 4.01924110313e-12, 1.01332744279e-12, 5.41013794094e-13, 5.01280223927e-13, 4.0863075727e-13], "dvar2": [6.13022223206e-07, 2.0510176455e-06, 3.90729439914e-07, 3.35595728984e-07, 1.87712615229e-07, 1.14660956285e-07, 4.30913132732e-07, 3.27685853563e-07, 1.898062294e-07, 7.48409618723e-08, 3.02577461753e-07, 2.9129139989e-07, 2.0120015165e-07, 1.81720221093e-08, 4.48301165079e-08, 7.03785403289e-08, 7.6832918694e-08, 4.59817215415e-08, 3.29322276116e-08, 1.35095765685e-08, 4.52165505038e-09, 2.78537415355e-09, 1.17862020144e-09, 4.53271253864e-10, 4.84517037602e-10, 5.25403887064e-10, 4.32607671907e-10, 5.5254756326e-10, 4.24791563036e-10, 9.77100969579e-11, 1.20174191778e-11, 9.28903134967e-12, 5.43325454072e-12, 5.42392953468e-12, 6.46266113541e-12, 1.07117726147e-11, 2.73357985553e-12, 1.52731451618e-12, 1.42426955646e-12, 1.17171409294e-12], "max": [0.00525838555768, 0.0111956270412, 0.00743451248854, 0.00611861608922, 0.00915444176644, 0.00642989296466, 0.0114057427272, 0.00793847255409, 0.00797838997096, 0.00444114161655, 0.00747225666419, 0.00663196947426, 0.00625779572874, 0.00207650056109, 0.00349030969664, 0.00453951116651, 0.00529641425237, 0.00329075194895, 0.0018601808697, 0.00140150438529, 0.00109661160968, 0.000888912414666, 0.000489699945319, 0.000387021020288, 0.000261953333393, 0.000302371627185, 0.000289932533633, 0.000345050473697, 0.000300226529362, 0.000187052311958, 7.167912554e-05, 6.7855384259e-05, 5.05562456965e-05, 6.60750447423e-05, 8.81201267475e-05, 5.22644695593e-05, 2.62591238425e-05, 1.95839747903e-05, 1.3370191482e-05, 1.29419067889e-05], "mean": [0.000336136668921, 0.000643480278086, 0.000255246850429, 0.000308551418129, 0.000227966869716, 0.000260505650658, 0.000373858434614, 0.000266473914962, 0.000152550899656, 0.000167837541085, 0.000282269727904, 0.00020139865228, 0.000134929563501, 6.49526846246e-05, 8.9539673354e-05, 9.20367092476e-05, 9.64003993431e-05, 7.52986088628e-05, 7.11130996933e-05, 4.94391788379e-05, 3.33124771714e-05, 2.7822508855e-05, 1.66496265592e-05, 1.21883231259e-05, 1.36181879498e-05, 1.50745418068e-05, 1.28702668007e-05, 1.44059995364e-05, 1.30591497509e-05, 4.90183583679e-06, 1.61144464528e-06, 1.0208070762e-06, 8.5421362428e-07, 7.92492073742e-07, 7.6036729979e-07, 6.56541260469e-07, 4.1703353304e-07, 2.84734397837e-07, 2.65101846253e-07, 2.47650916663e-07], "median": [8.92082098289e-05, 0.000155693051056, 7.70696860855e-05, 0.000109643857286, 9.30348032853e-05, 0.00013955187751, 0.000184710719623, 0.000104552498669, 7.06780920154e-05, 4.37056005467e-05, 5.90851850575e-05, 3.46872511727e-05, 2.23865590669e-05, 2.29606612265e-05, 2.035289981e-05, 1.19366623039e-05, 1.82700641744e-05, 1.47011769513e-05, 1.66925092344e-05, 1.38494815474e-05, 1.09754018922e-05, 9.66844436334e-06, 6.54819359625e-06, 6.48437753625e-06, 6.91862214808e-06, 6.72183023198e-06, 5.43839132661e-06, 4.07952620662e-06, 3.67932943846e-06, 1.45672788676e-06, 5.86814792314e-07, 3.37093013059e-07, 2.88355209932e-07, 2.54742786865e-07, 2.66268159521e-07, 2.06779716905e-07, 1.41195243941e-07, 9.77560432602e-08, 8.69654996905e-08, 7.73923360953e-08], "min": [1.47978887058e-24, 1.4982992945e-24, 2.47588846598e-24, 3.24457676805e-25, 1.16762605937e-24, 3.00119843695e-24, 2.42266145691e-24, 1.89682255471e-24, 2.0323640438e-24, 1.72236774045e-24, 2.89050271371e-24, 2.96176761903e-24, 3.0190460205e-24, 3.75553878896e-24, 4.25570855173e-24, 2.70278418942e-24, 3.53906115707e-24, 3.3956178455e-24, 4.33857838983e-24, 3.91046515428e-24, 4.86891853235e-24, 4.12364771417e-24, 4.14012070759e-24, 4.22920203646e-24, 5.4900802309e-24, 5.18048151345e-24, 4.49783481266e-24, 5.63376138402e-24, 4.9261085814e-24, 6.02490859755e-24, 6.567604274e-24, 5.82244705179e-24, 5.13218113795e-24, 6.09509907431e-24, 6.16996552409e-24, 4.98908847506e-24, 5.84341773566e-24, 5.87403027195e-24, 6.39966722576e-24, 5.62031761648e-24], "var": [3.23741403463e-07, 1.42625219723e-06, 2.2584481485e-07, 2.33354683132e-07, 2.05461091696e-07, 1.56449843303e-07, 4.11798311006e-07, 2.69105044026e-07, 9.06231036879e-08, 1.04663683942e-07, 4.45844534624e-07, 2.30815430768e-07, 1.31729834152e-07, 2.01392929e-08, 4.38173337614e-08, 6.44266648919e-08, 7.58628715403e-08, 3.43899841937e-08, 2.47853542135e-08, 1.01167971778e-08, 4.97543339861e-09, 2.71513211914e-09, 8.76649919324e-10, 3.61181390351e-10, 3.80176390369e-10, 4.9145321146e-10, 4.34188934806e-10, 7.45400297042e-10, 5.9153598686e-10, 9.53316314778e-11, 1.0161513124e-11, 7.07046834275e-12, 4.81538506986e-12, 5.69392840169e-12, 6.08212525482e-12, 4.29709219596e-12, 1.09835556449e-12, 4.5996436911e-13, 3.97873086474e-13, 3.30194178206e-13]}, "melbands_crest": {"dmean": 2.89869070053, "dmean2": 4.5735206604, "dvar": 7.35962152481, "dvar2": 18.2463035583, "max": 33.2477989197, "mean": 11.634563446, "median": 10.6614379883, "min": 1.65571069717, "var": 23.7667865753}, "melbands_flatness_db": {"dmean": 0.0198647975922, "dmean2": 0.0297685395926, "dvar": 0.000381167192245, "dvar2": 0.000822035770398, "max": 0.396870970726, "mean": 0.174150109291, "median": 0.167670115829, "min": 0.00335936364718, "var": 0.00263450085185}, "melbands_kurtosis": {"dmean": 2.58327674866, "dmean2": 4.02733516693, "dvar": 18.5687999725, "dvar2": 42.8587303162, "max": 136.967315674, "mean": 4.65236139297, "median": 2.08940935135, "min": -1.67731308937, "var": 61.6268577576}, "melbands_skewness": {"dmean": 0.463545441628, "dmean2": 0.718522012234, "dvar": 0.214728757739, "dvar2": 0.50313347578, "max": 10.408821106, "mean": 1.48192715645, "median": 1.30246889591, "min": -1.39105761051, "var": 1.23122489452}, "melbands_spread": {"dmean": 6.88117361069, "dmean2": 10.723241806, "dvar": 55.2800979614, "dvar2": 124.833595276, "max": 168.044998169, "mean": 30.570514679, "median": 27.8428974152, "min": 2.25243854523, "var": 375.065063477}, "mfcc": {"cov": [[11150.4648438, 1033.47839355, -670.07244873, 203.954406738, -235.041213989, 139.188964844, 345.918518066, -93.1006164551, 116.350540161, 250.611480713, -179.760131836, -88.5514068604, 33.1778831482], [1033.47839355, 1224.20776367, -17.2070465088, 121.866043091, 97.8192062378, -29.2607936859, 66.2901916504, 89.7238616943, 20.9560527802, 28.8828201294, 48.6353034973, 49.0068664551, 34.1295394897], [-670.07244873, -17.2070465088, 680.334411621, 67.0373840332, 155.152648926, 4.45458984375, -71.1356658936, 101.858078003, -11.8322629929, -49.2961235046, 76.4896011353, 28.876543045, -29.5458526611], [203.954406738, 121.866043091, 67.0373840332, 338.558349609, 126.690208435, -30.8176040649, -35.0098762512, 84.9909667969, 37.0501823425, -15.5221920013, 24.3146495819, 74.3764038086, 37.267414093], [-235.041213989, 97.8192062378, 155.152648926, 126.690208435, 217.077041626, 31.6985683441, -16.042930603, 76.4295196533, 28.6576442719, -8.76478672028, 32.0691261292, 38.8798751831, 18.3821525574], [139.188964844, -29.2607936859, 4.45458984375, -30.8176040649, 31.6985683441, 233.708282471, 84.8504257202, 26.8845901489, 42.4067001343, 37.348449707, 20.0297260284, -4.26319742203, 0.790424883366], [345.918518066, 66.2901916504, -71.1356658936, -35.0098762512, -16.042930603, 84.8504257202, 223.075546265, 16.7512378693, 37.850025177, 55.7126960754, 4.04462385178, -14.0532197952, 8.40386009216], [-93.1006164551, 89.7238616943, 101.858078003, 84.9909667969, 76.4295196533, 26.8845901489, 16.7512378693, 168.520111084, 72.058303833, -17.5345363617, 38.3960266113, 37.9635772705, 14.7361288071], [116.350540161, 20.9560527802, -11.8322629929, 37.0501823425, 28.6576442719, 42.4067001343, 37.850025177, 72.058303833, 160.502883911, 38.4765625, 10.4200687408, 12.3529214859, 14.8199281693], [250.611480713, 28.8828201294, -49.2961235046, -15.5221920013, -8.76478672028, 37.348449707, 55.7126960754, -17.5345363617, 38.4765625, 118.951171875, 16.5498809814, -10.7899570465, -1.48771595955], [-179.760131836, 48.6353034973, 76.4896011353, 24.3146495819, 32.0691261292, 20.0297260284, 4.04462385178, 38.3960266113, 10.4200687408, 16.5498809814, 114.078239441, 38.5131378174, 2.35576248169], [-88.5514068604, 49.0068664551, 28.876543045, 74.3764038086, 38.8798751831, -4.26319742203, -14.0532197952, 37.9635772705, 12.3529214859, -10.7899570465, 38.5131378174, 113.9220047, 41.0233802795], [33.1778831482, 34.1295394897, -29.5458526611, 37.267414093, 18.3821525574, 0.790424883366, 8.40386009216, 14.7361288071, 14.8199281693, -1.48771595955, 2.35576248169, 41.0233802795, 98.6581192017]], "icov": [[0.000121486111311, -0.000109533146315, 3.37734163622e-05, -0.000185433149454, 0.000207057790249, -0.000102899946796, -8.04318333394e-05, 6.42466038698e-05, -2.91427350021e-05, -0.000156906375196, 0.000198729001568, 6.71437810524e-05, 6.04449724051e-06], [-0.000109533146315, 0.00103613070678, 0.000131385386339, 4.51882951893e-05, -0.000562542234547, 0.000432473403635, -0.000268424802925, -0.000517140550073, 0.000302830041619, -0.000141393771628, -0.000409980886616, -0.000123535559396, -8.43316229293e-05], [3.37734163622e-05, 0.000131385386339, 0.0021431511268, 0.000200865950319, -0.00131127599161, 5.74376426812e-05, 0.000401274359319, -0.000967211264651, 0.000525791663677, 0.00035593402572, -0.000980342039838, 0.000155442030518, 0.000748445454519], [-0.000185433149454, 4.51882951893e-05, 0.000200865950319, 0.00488603068516, -0.00249602692202, 0.0010334540857, 0.00054610677762, -0.00127560913097, -0.000203484290978, 1.97312601813e-05, 0.000114578404464, -0.00192480883561, -0.000309494149406], [0.000207057790249, -0.000562542234547, -0.00131127599161, -0.00249602692202, 0.00809957273304, -0.00157703948207, 0.000454639521195, -0.00103224348277, -0.000121362121718, -0.000462156167487, 0.000388412649045, 3.91078283428e-05, -0.000720179581549], [-0.000102899946796, 0.000432473403635, 5.74376426812e-05, 0.0010334540857, -0.00157703948207, 0.00571792619303, -0.00178402138408, -0.000471902225399, -0.00063458137447, -0.000558061990887, -0.000802709953859, -1.22501378428e-05, 9.34640265768e-05], [-8.04318333394e-05, -0.000268424802925, 0.000401274359319, 0.00054610677762, 0.000454639521195, -0.00178402138408, 0.0062754699029, -0.00125547870994, -3.67802313122e-05, -0.00201638089493, 0.000101781253761, 0.000578496605158, -0.000651512469631], [6.42466038698e-05, -0.000517140550073, -0.000967211264651, -0.00127560913097, -0.00103224348277, -0.000471902225399, -0.00125547870994, 0.0111600477248, -0.00482822582126, 0.00349255045876, -0.00191953824833, -0.00072561041452, 0.000111105378892], [-2.91427350021e-05, 0.000302830041619, 0.000525791663677, -0.000203484290978, -0.000121362121718, -0.00063458137447, -3.67802313122e-05, -0.00482822582126, 0.00950678996742, -0.00353862112388, 0.0009436882101, 5.06799233335e-06, -0.000614695891272], [-0.000156906375196, -0.000141393771628, 0.00035593402572, 1.97312601813e-05, -0.000462156167487, -0.000558061990887, -0.00201638089493, 0.00349255045876, -0.00353862112388, 0.0121980272233, -0.0031108148396, 0.00104361935519, 0.000297316262731], [0.000198729001568, -0.000409980886616, -0.000980342039838, 0.000114578404464, 0.000388412649045, -0.000802709953859, 0.000101781253761, -0.00191953824833, 0.0009436882101, -0.0031108148396, 0.0122321890667, -0.00393648445606, 0.00110632716678], [6.71437810524e-05, -0.000123535559396, 0.000155442030518, -0.00192480883561, 3.91078283428e-05, -1.22501378428e-05, 0.000578496605158, -0.00072561041452, 5.06799233335e-06, 0.00104361935519, -0.00393648445606, 0.0135077685118, -0.00466203596443], [6.04449724051e-06, -8.43316229293e-05, 0.000748445454519, -0.000309494149406, -0.000720179581549, 9.34640265768e-05, -0.000651512469631, 0.000111105378892, -0.000614695891272, 0.000297316262731, 0.00110632716678, -0.00466203596443, 0.0126854842529]], "mean": [-670.262390137, 121.150672913, -25.5040607452, 20.0625362396, -5.84425020218, -7.63788032532, -1.82463383675, -6.54467487335, -3.40575098991, 6.40744113922, -6.03549528122, 1.56153583527, 2.45277047157]}, "pitch_salience": {"dmean": 0.0606986992061, "dmean2": 0.0978576466441, "dvar": 0.00274288002402, "dvar2": 0.0067397239618, "max": 0.972596168518, "mean": 0.547753989697, "median": 0.546245574951, "min": 0.16187851131, "var": 0.00908955745399}, "silence_rate_20dB": {"dmean": 0, "dmean2": 0, "dvar": 0, "dvar2": 0, "max": 1, "mean": 1, "median": 1, "min": 1, "var": 0}, "silence_rate_30dB": {"dmean": 0, "dmean2": 0, "dvar": 0, "dvar2": 0, "max": 1, "mean": 1, "median": 1, "min": 1, "var": 0}, "silence_rate_60dB": {"dmean": 0.0182154979557, "dmean2": 0.0364366210997, "dvar": 0.0178804807365, "dvar2": 0.0381966754794, "max": 1, "mean": 0.106034882367, "median": 0, "min": 0, "var": 0.0947840735316}, "spectral_centroid": {"dmean": 230.42376709, "dmean2": 355.887786865, "dvar": 75921.578125, "dvar2": 155645.90625, "max": 11725.7460938, "mean": 1693.46374512, "median": 1646.10192871, "min": 333.162200928, "var": 1079587.625}, "spectral_complexity": {"dmean": 2.60265517235, "dmean2": 4.0453915596, "dvar": 7.66030740738, "dvar2": 16.392873764, "max": 47, "mean": 17.4306221008, "median": 17, "min": 0, "var": 72.0998535156}, "spectral_contrast_coeffs": {"dmean": [0.0459396876395, 0.0442765206099, 0.0417278856039, 0.0325297638774, 0.0234826970845, 0.0196871366352], "dmean2": [0.0747305899858, 0.0708809196949, 0.0658314749599, 0.0526084043086, 0.0373654291034, 0.0317528098822], "dvar": [0.00152019399684, 0.00136195751838, 0.00118606106844, 0.000693824025802, 0.000393305846956, 0.000376486219466], "dvar2": [0.00393023714423, 0.0033877058886, 0.00291163520887, 0.0018087180797, 0.000934083946049, 0.000919286918361], "max": [-0.276665359735, -0.430955171585, -0.430107086897, -0.485369026661, -0.543735682964, -0.615220665932], "mean": [-0.649293243885, -0.704943239689, -0.701276659966, -0.72165375948, -0.751847267151, -0.768116533756], "median": [-0.655224144459, -0.707661926746, -0.704719662666, -0.725124776363, -0.752043366432, -0.765751242638], "min": [-0.998581826687, -0.993857443333, -0.980127692223, -0.971713364124, -0.991194188595, -0.964641034603], "var": [0.00842571258545, 0.00594826927409, 0.00806159898639, 0.00538017088547, 0.00380428507924, 0.00223288149573]}, "spectral_contrast_valleys": {"dmean": [0.423919677734, 0.338798820972, 0.304304718971, 0.253052949905, 0.215567708015, 0.319768846035], "dmean2": [0.674373030663, 0.537270545959, 0.473969906569, 0.388591170311, 0.31564745307, 0.464108347893], "dvar": [0.205987453461, 0.130178898573, 0.120908074081, 0.10068885237, 0.107803300023, 0.223191201687], "dvar2": [0.38970091939, 0.259997338057, 0.228875696659, 0.18318285048, 0.191048383713, 0.468636095524], "max": [-5.58292722702, -5.10982608795, -5.54291296005, -5.97324514389, -5.73531532288, -8.05256080627], "mean": [-8.34201145172, -7.19487094879, -8.03439426422, -8.26144123077, -7.99273729324, -10.8302316666], "median": [-7.98859262466, -6.85830211639, -7.72610044479, -7.94905090332, -7.64331531525, -10.5581712723], "min": [-28.1029758453, -28.0343875885, -27.7930450439, -27.6866016388, -27.4353294373, -27.3365764618], "var": [5.08628559113, 4.81845140457, 4.45952701569, 4.42301607132, 4.4339056015, 3.70836782455]}, "spectral_decrease": {"dmean": 1.24219734499e-09, "dmean2": 1.8412265046e-09, "dvar": 2.60283753473e-18, "dvar2": 5.80834232016e-18, "max": 1.74173195821e-28, "mean": -4.42838299364e-09, "median": -3.57386298333e-09, "min": -2.2564414337e-08, "var": 1.22035577044e-17}, "spectral_energy": {"dmean": 0.00505089340732, "dmean2": 0.007485545706, "dvar": 4.21699332946e-05, "dvar2": 9.31708636926e-05, "max": 0.0937090292573, "mean": 0.0185068026185, "median": 0.0147327128798, "min": 9.99056061483e-21, "var": 0.000212433384149}, "spectral_energyband_high": {"dmean": 0.000278223102214, "dmean2": 0.000435623573139, "dvar": 2.56376125662e-07, "dvar2": 6.29484645742e-07, "max": 0.0104858288541, "mean": 0.000664670835249, "median": 0.000262669986114, "min": 7.09444215494e-21, "var": 9.51671438543e-07}, "spectral_energyband_low": {"dmean": 0.0014665434137, "dmean2": 0.00233327620663, "dvar": 1.24409161799e-05, "dvar2": 3.29690446961e-05, "max": 0.0438405685127, "mean": 0.00270086037926, "median": 0.000745188619476, "min": 2.11321889448e-23, "var": 2.12316317629e-05}, "spectral_energyband_middle_high": {"dmean": 0.00251214927994, "dmean2": 0.00386020238511, "dvar": 1.5638590412e-05, "dvar2": 3.75425552193e-05, "max": 0.06197039783, "mean": 0.00781880598515, "median": 0.00406106421724, "min": 1.24520722013e-21, "var": 8.06844400358e-05}, "spectral_energyband_middle_low": {"dmean": 0.00285421218723, "dmean2": 0.00419449433684, "dvar": 1.63235599757e-05, "dvar2": 3.58425422746e-05, "max": 0.0540029518306, "mean": 0.00785040482879, "median": 0.00576059520245, "min": 1.50527232004e-22, "var": 5.28064992977e-05}, "spectral_entropy": {"dmean": 0.153175011277, "dmean2": 0.230427950621, "dvar": 0.0281384978443, "dvar2": 0.0609429776669, "max": 9.81620597839, "mean": 7.41485309601, "median": 7.39296627045, "min": 6.17259407043, "var": 0.153558447957}, "spectral_flux": {"dmean": 0.016306726262, "dmean2": 0.0258031431586, "dvar": 0.000320932798786, "dvar2": 0.000730991305318, "max": 0.244382813573, "mean": 0.0659753829241, "median": 0.058499276638, "min": 6.2477592544e-11, "var": 0.00154855148867}, "spectral_kurtosis": {"dmean": 1.61770033836, "dmean2": 2.76384139061, "dvar": 3.31270599365, "dvar2": 9.07092380524, "max": 34.4541625977, "mean": 5.17637205124, "median": 4.71844863892, "min": -1.26124739647, "var": 7.96926832199}, "spectral_rms": {"dmean": 0.000540941779036, "dmean2": 0.000782769697253, "dvar": 3.37148975404e-07, "dvar2": 6.89513512953e-07, "max": 0.00956156011671, "mean": 0.00386547064409, "median": 0.00379122397862, "min": 3.12200070483e-12, "var": 3.11352937388e-06}, "spectral_rolloff": {"dmean": 398.554107666, "dmean2": 680.071777344, "dvar": 371089.625, "dvar2": 836593.75, "max": 19573.6816406, "mean": 2020.35498047, "median": 1765.72265625, "min": 107.666015625, "var": 4771916.5}, "spectral_skewness": {"dmean": 0.20283575356, "dmean2": 0.333545386791, "dvar": 0.0371901504695, "dvar2": 0.093206204474, "max": 4.53954315186, "mean": 1.49976015091, "median": 1.46868407726, "min": -0.0700450316072, "var": 0.195253923535}, "spectral_spread": {"dmean": 544511.1875, "dmean2": 892108.4375, "dvar": 1133037092860.0, "dvar2": 2600568619010.0, "max": 49253552, "mean": 4067871.75, "median": 3479433.5, "min": 1393437.375, "var": 12528417505300.0}, "spectra