{"lowlevel": {"average_loudness": 0.860766768456, "barkbands": {"dmean": [4.05627652071e-05, 0.00231307581998, 0.00111995392945, 0.00042576357373, 0.000365789048374, 0.000680094060954, 0.000363954924978, 0.000775526335929, 0.000850363692734, 0.0018984246999, 0.00115180225112, 0.000375382573111, 0.000222717266297, 0.000172127634869, 0.000103432299511, 7.54425200284e-05, 0.000125885635498, 3.60014455509e-05, 6.25201646471e-05, 2.13168405025e-05, 8.67721882969e-06, 5.57944986213e-06, 4.42586451754e-06, 1.15029604331e-06, 7.80284608481e-07, 2.62625320602e-07, 1.04323190087e-08], "dmean2": [6.80716402712e-05, 0.0032722169999, 0.0016479191836, 0.000672179507092, 0.000585232279263, 0.00092220044462, 0.0005398679059, 0.00120623002294, 0.00118554220535, 0.00203903624788, 0.0016734614037, 0.000597646052483, 0.000322527310345, 0.000267559225904, 0.000160116353072, 0.000122351761092, 0.000189196303836, 5.9163365222e-05, 9.65219223872e-05, 3.29726062773e-05, 1.43817560456e-05, 9.14628344617e-06, 7.7088297985e-06, 1.69963425378e-06, 1.14986926292e-06, 4.02719535941e-07, 1.65981894895e-08], "dvar": [6.03565064594e-09, 3.43117062584e-05, 1.30029047796e-05, 7.0215088499e-07, 5.83478424687e-07, 2.63300603365e-06, 5.04562024162e-07, 6.67938957122e-06, 5.23764128957e-06, 1.92402276298e-05, 1.66089466802e-05, 1.15901639219e-06, 5.53594020403e-07, 2.06439423778e-07, 5.99153082703e-08, 4.57555842104e-08, 1.48807103528e-07, 1.2579115527e-08, 4.12580511977e-08, 4.67035343732e-09, 5.56710233468e-10, 2.97722735354e-10, 4.88568685508e-10, 7.34257446511e-12, 4.2407678931e-12, 5.37516699987e-13, 1.03687166546e-15], "dvar2": [1.58733666211e-08, 6.34033931419e-05, 2.20999536396e-05, 1.85179465007e-06, 1.48720846482e-06, 4.48242371931e-06, 1.2091767303e-06, 1.61989282788e-05, 1.15632665256e-05, 2.45828068728e-05, 3.92405563616e-05, 3.07033906211e-06, 1.11990402729e-06, 5.05804791828e-07, 1.3631354534e-07, 1.19845822155e-07, 3.25373491705e-07, 3.05431981928e-08, 8.89584796937e-08, 1.09028714945e-08, 1.53793444646e-09, 7.69646069099e-10, 1.38633104996e-09, 1.62612198013e-11, 9.19085987872e-12, 1.20261743272e-12, 2.43565742763e-15], "max": [0.00132729765028, 0.108641810715, 0.123321145773, 0.0181133784354, 0.0229257661849, 0.0547039955854, 0.016389194876, 0.060279827565, 0.041494987905, 0.083028100431, 0.0860217735171, 0.029099592939, 0.0216142088175, 0.0149301011115, 0.00666599301621, 0.00509009044617, 0.0107077984139, 0.00420935126022, 0.00445037381724, 0.00263321003877, 0.000625998131, 0.000301933469018, 0.000333696341841, 7.27397418814e-05, 5.25906070834e-05, 1.38379073178e-05, 6.45345437533e-07], "mean": [5.0802838814e-05, 0.00539915636182, 0.00255627790466, 0.000868250965141, 0.00107143667992, 0.00251346034929, 0.000941823411267, 0.00153727584984, 0.00247594248503, 0.00544886197895, 0.00190025940537, 0.000682411598973, 0.000412589230109, 0.000332695286488, 0.000187916259165, 0.00011722441559, 0.000200752954697, 7.2413989983e-05, 0.000110335793579, 4.38074239355e-05, 1.66388908838e-05, 1.09854499897e-05, 5.39075563211e-06, 2.4876005682e-06, 1.2561680478e-06, 3.71371868368e-07, 1.30814896693e-08], "median": [2.44513030339e-05, 0.00105621002149, 0.00051291519776, 0.000450393126812, 0.000632428564131, 0.00106263638008, 0.000478567963, 0.000461809715489, 0.00067211635178, 0.000939112040214, 0.000340041704476, 0.00022817243007, 0.000119893513329, 0.00010820737225, 6.61534140818e-05, 3.45134540112e-05, 5.04391646245e-05, 1.42827975651e-05, 2.24549858103e-05, 9.85618771665e-06, 5.22437676409e-06, 3.53018867827e-06, 1.45909439198e-06, 8.78179321262e-07, 3.12157453664e-07, 9.09131685489e-08, 1.81670745114e-09], "min": [2.66128284828e-23, 9.31030048649e-23, 1.76251153086e-23, 4.69151767761e-23, 8.76862819928e-23, 4.44120327714e-23, 6.55619142886e-23, 4.99589776462e-23, 6.35553866227e-23, 1.05838327987e-23, 2.75259917786e-23, 6.5729796511e-23, 5.57424009323e-23, 1.28477370634e-22, 7.35692816169e-23, 2.86560930855e-22, 2.55711445994e-22, 2.03492123108e-22, 2.4260570219e-22, 2.48814428789e-22, 3.53103355072e-22, 4.85312933934e-22, 7.44446546888e-22, 7.32754441826e-22, 1.22792518358e-21, 1.68519521043e-21, 2.49091769564e-21], "var": [8.36640534629e-09, 0.00012367151794, 4.80181952298e-05, 1.5954481114e-06, 2.04657749237e-06, 1.54667013703e-05, 1.74760975824e-06, 1.07809310066e-05, 1.96103974304e-05, 0.000115628317872, 2.80054700852e-05, 1.74285764842e-06, 1.23714835354e-06, 7.22505831163e-07, 1.42858127106e-07, 8.04944590982e-08, 2.58164277511e-07, 3.01897422617e-08, 8.95175347182e-08, 1.9262980544e-08, 1.26796850797e-09, 5.95419935578e-10, 3.38865491223e-10, 1.97286614129e-11, 7.39307486758e-12, 7.46457691665e-13, 1.38131729582e-15]}, "barkbands_crest": {"dmean": 1.82433927059, "dmean2": 2.71748590469, "dvar": 3.71814513206, "dvar2": 9.07169628143, "max": 25.7882385254, "mean": 11.3582210541, "median": 10.4740142822, "min": 3.0966796875, "var": 20.6918315887}, "barkbands_flatness_db": {"dmean": 0.0174818057567, "dmean2": 0.0246291644871, "dvar": 0.000362295832019, "dvar2": 0.000693444220815, "max": 0.473934680223, "mean": 0.225340664387, "median": 0.220049589872, "min": 0.0633577257395, "var": 0.00437367614359}, "barkbands_kurtosis": {"dmean": 2.26242160797, "dmean2": 3.58021616936, "dvar": 499.124359131, "dvar2": 1454.53308105, "max": 1214.06738281, "mean": 4.3946928978, "median": 1.51739740372, "min": -1.87614142895, "var": 620.957214355}, "barkbands_skewness": {"dmean": 0.377684146166, "dmean2": 0.556446611881, "dvar": 0.418920785189, "dvar2": 1.05373132229, "max": 28.5145244598, "mean": 0.786242127419, "median": 0.74122095108, "min": -3.4109146595, "var": 2.25997614861}, "barkbands_spread": {"dmean": 2.01533222198, "dmean2": 3.09512662888, "dvar": 6.51718997955, "dvar2": 15.1003856659, "max": 80.8588409424, "mean": 10.9218416214, "median": 10.0150585175, "min": 0.270235449076, "var": 35.4260787964}, "dissonance": {"dmean": 0.0306839160621, "dmean2": 0.0513019412756, "dvar": 0.000865721900482, "dvar2": 0.00228810077533, "max": 0.499999970198, "mean": 0.409582227468, "median": 0.417943477631, "min": 0.127152979374, "var": 0.00303264521062}, "dynamic_complexity": 4.04781198502, "erbbands": {"dmean": [0.0523135326803, 0.574044764042, 1.32299017906, 1.21466183662, 1.52264809608, 1.11985361576, 2.60202431679, 6.35427379608, 5.38266038895, 10.3903903961, 16.1476955414, 22.0367565155, 62.1969528198, 30.2640285492, 53.8919181824, 16.1702861786, 10.9744949341, 9.85293292999, 4.67853307724, 5.18842792511, 3.08141446114, 4.94271755219, 3.43111181259, 4.62142467499, 1.1760904789, 0.956813037395, 0.490362256765, 0.307819157839, 0.176882222295, 0.167715385556, 0.146360427141, 0.0383298024535, 0.0172185450792, 0.00995789747685, 0.00538691133261, 0.00164227676578, 0.000401299155783, 5.30473262188e-05, 3.99873351853e-06, 7.62871013649e-06], "dmean2": [0.0734749808908, 0.812514424324, 1.89000439644, 1.8872692585, 2.51362729073, 1.74957942963, 3.8659965992, 8.6263961792, 7.16533041, 15.883936882, 25.2145557404, 29.819065094, 66.3520736694, 38.2489814758, 78.4577331543, 24.0020637512, 15.8649244308, 15.3748254776, 7.18515253067, 8.08180618286, 4.95616197586, 7.34282016754, 5.11120557785, 7.10386657715, 1.85564208031, 1.53599071503, 0.801295399666, 0.514885127544, 0.28957426548, 0.275449991226, 0.257793694735, 0.0618443898857, 0.0249774046242, 0.0143863651901, 0.00819808244705, 0.00253751920536, 0.000612695585005, 8.01323185442e-05, 5.06865171701e-06, 9.52654136199e-06], "dvar": [0.02312367782, 2.02906680107, 17.8699321747, 7.41769886017, 11.0131969452, 5.34281396866, 49.4650688171, 225.342010498, 125.487358093, 566.066650391, 4347.95117188, 3758.99951172, 28135.1757812, 8152.34472656, 38527.7617188, 1405.67102051, 1333.75109863, 649.228027344, 144.333572388, 161.084625244, 52.6467018127, 229.08253479, 104.383224487, 230.863632202, 10.2995882034, 9.99605083466, 2.0538918972, 0.991340458393, 0.342939317226, 0.2797511518, 0.558374106884, 0.017719110474, 0.00163888582028, 0.000611335271969, 0.000238172433455, 1.97369336092e-05, 1.41530233577e-06, 2.41050237548e-08, 4.47524829694e-11, 1.66980582139e-10], "dvar2": [0.0375939719379, 3.86672282219, 27.5692863464, 18.6740531921, 30.957408905, 13.4109201431, 100.636665344, 352.861114502, 256.449676514, 1394.72473145, 10510.703125, 8385.9609375, 33958.6953125, 13821.3720703, 91682.4609375, 3326.80004883, 2724.13549805, 1595.88964844, 339.902587891, 364.680969238, 133.492004395, 495.33581543, 228.031463623, 502.278625488, 25.4516544342, 24.9546451569, 5.12213182449, 2.80224061012, 0.889429986477, 0.725476741791, 1.59360730648, 0.0473134592175, 0.00350947678089, 0.00126494094729, 0.000556136365049, 4.47759593953e-05, 3.13768532578e-06, 5.17264560074e-08, 8.15035539059e-11, 2.76831696455e-10], "max": [3.31499004364, 29.8737850189, 150.727661133, 53.969871521, 71.2085418701, 61.0818214417, 257.296295166, 424.127990723, 292.288421631, 444.006134033, 1690.18408203, 1142.70947266, 3358.48901367, 2772.84375, 4094.47338867, 1266.0826416, 1070.52075195, 843.982910156, 388.760894775, 262.576873779, 177.900177002, 423.611663818, 253.348846436, 328.94744873, 91.5157852173, 113.635116577, 51.1528205872, 29.7972221375, 11.8778896332, 8.28488636017, 10.9554834366, 2.17574548721, 1.09857690334, 0.660990297794, 0.333077996969, 0.0722871497273, 0.0278080571443, 0.00392176071182, 0.000112606801849, 0.00025199612719], "mean": [0.122495539486, 1.33588838577, 3.0479195118, 2.90623354912, 3.30909180641, 3.46279740334, 8.45231246948, 23.0326786041, 17.0474662781, 23.2144241333, 35.2402114868, 69.4885482788, 177.257965088, 74.1646118164, 92.6843490601, 35.1433563232, 21.7641925812, 19.9286975861, 9.73915100098, 9.472448349, 5.53319072723, 8.42036056519, 6.30435991287, 8.41884994507, 2.47228264809, 2.01458787918, 1.02579748631, 0.582646667957, 0.331119894981, 0.313782542944, 0.176704287529, 0.0655198693275, 0.0356723926961, 0.017389761284, 0.00777111621574, 0.00237363390625, 0.000561537221074, 7.93035578681e-05, 1.52576485561e-05, 3.0855069781e-05], "median": [0.0173975266516, 0.278844892979, 0.715698599815, 1.32043385506, 1.75045251846, 2.04292345047, 3.81815481186, 9.4241027832, 7.79139709473, 11.2281856537, 10.8702793121, 18.7873134613, 24.7933940887, 19.2907714844, 19.5609970093, 15.2363014221, 7.97301197052, 7.65301418304, 4.29633188248, 3.44067215919, 2.1252989769, 2.22113180161, 1.54090940952, 1.28929924965, 0.67639708519, 0.506870031357, 0.28577119112, 0.179043829441, 0.0966129377484, 0.11124368757, 0.0469359979033, 0.0221011415124, 0.0119507936761, 0.0049478574656, 0.0017689098604, 0.000598882965278, 0.000131145992782, 1.753199831e-05, 1.06094712464e-05, 2.19076937356e-05], "min": [2.02153995394e-21, 2.27181213205e-20, 3.0567218766e-20, 7.76136395552e-20, 3.82616424842e-19, 1.69849518819e-19, 1.69745552556e-19, 4.36433519278e-19, 8.09455321098e-19, 1.1700921612e-18, 1.05106118124e-18, 1.43078216375e-18, 7.62717807031e-19, 8.66051173705e-19, 1.09336785066e-18, 2.49876932148e-18, 3.17961589341e-18, 4.56117977674e-18, 5.49961700886e-18, 9.48880139201e-18, 1.27677916623e-17, 1.24182334072e-17, 1.24672455129e-17, 1.49888286825e-17, 1.20109023766e-17, 1.04787827296e-17, 1.36220326614e-17, 1.30576853798e-17, 1.92906443238e-17, 1.80867788951e-17, 2.1383619723e-17, 1.23190585877e-17, 1.43339067781e-17, 1.18125006252e-17, 1.04949317767e-17, 5.79068242767e-18, 3.2701359222e-18, 1.36876801964e-18, 3.83667435358e-19, 3.27010507095e-20], "var": [0.0935892313719, 7.14199209213, 71.5223007202, 20.947145462, 24.5132637024, 21.4135093689, 204.046264648, 1436.94018555, 738.103820801, 1158.94628906, 7208.30810547, 14852.4912109, 164347.78125, 32229.9082031, 64923.0664062, 2871.31469727, 2933.90112305, 2279.44335938, 357.363494873, 377.541381836, 100.702316284, 421.41809082, 201.624053955, 513.594177246, 31.3904418945, 41.7059059143, 8.29799079895, 2.03560018539, 0.613222122192, 0.451075911522, 0.379663586617, 0.0210394095629, 0.00430196570233, 0.00123681256082, 0.000325490284013, 2.77181698038e-05, 1.93770370061e-06, 3.70570525376e-08, 2.0372754872e-10, 8.47015457772e-10]}, "erbbands_crest": {"dmean": 2.2731628418, "dmean2": 3.20383739471, "dvar": 5.93619298935, "dvar2": 12.6415100098, "max": 32.7357444763, "mean": 13.8482151031, "median": 12.3336696625, "min": 2.34541940689, "var": 45.1869087219}, "erbbands_flatness_db": {"dmean": 0.0160355195403, "dmean2": 0.0219953674823, "dvar": 0.000370698195184, "dvar2": 0.000666393432766, "max": 0.528396964073, "mean": 0.261023402214, "median": 0.24914380908, "min": 0.0299595817924, "var": 0.00548328878358}, "erbbands_kurtosis": {"dmean": 1.30212032795, "dmean2": 1.80090498924, "dvar": 5.01782274246, "dvar2": 10.1123800278, "max": 51.9670753479, "mean": 3.07740449905, "median": 1.06340551376, "min": -1.5955902338, "var": 26.1777229309}, "erbbands_skewness": {"dmean": 0.291395634413, "dmean2": 0.423528105021, "dvar": 0.094937518239, "dvar2": 0.196826219559, "max": 5.12005615234, "mean": 0.529215335846, "median": 0.452193945646, "min": -5.84230422974, "var": 0.663424611092}, "erbbands_spread": {"dmean": 2.95588207245, "dmean2": 4.38880872726, "dvar": 19.6752357483, "dvar2": 47.2552490234, "max": 158.9400177, "mean": 16.681476593, "median": 15.4623298645, "min": 0.956741273403, "var": 132.964859009}, "gfcc": {"cov": [[15778.9335938, 315.842437744, -848.772521973, 882.85723877, -1478.23120117, 42.7497520447, -659.790588379, -334.301361084, -525.410461426, -159.790267944, -197.90234375, 110.041175842, -32.7243652344], [315.842437744, 1523.67993164, -151.151763916, -392.178161621, 353.31048584, -222.986404419, 234.235641479, -73.8412704468, 201.080749512, -110.462936401, 133.189956665, -149.335205078, 52.5654983521], [-848.772521973, -151.151763916, 654.546569824, 255.435241699, -83.3717803955, 175.83921814, -114.864257812, -109.949493408, 15.8832845688, 89.6769638062, 7.6396150589, 53.1240997314, -4.66216516495], [882.85723877, -392.178161621, 255.435241699, 667.762145996, -148.188873291, 92.5947799683, -243.441482544, -131.875015259, -94.9415054321, 38.7517967224, 23.1362762451, 98.9135894775, -38.8972854614], [-1478.23120117, 353.31048584, -83.3717803955, -148.188873291, 554.868164062, 9.97783184052, 262.866088867, 169.844818115, 140.738494873, 1.62238240242, 63.7199058533, -56.1480445862, -1.70941269398], [42.7497520447, -222.986404419, 175.83921814, 92.5947799683, 9.97783184052, 260.421600342, 75.0334091187, 62.3669967651, 19.1047286987, 41.3902320862, -44.4102287292, 1.37554037571, -10.4410324097], [-659.790588379, 234.235641479, -114.864257812, -243.441482544, 262.866088867, 75.0334091187, 374.57901001, 178.564025879, 124.303627014, -22.9353275299, -14.0984477997, -85.7124786377, 27.8281593323], [-334.301361084, -73.8412704468, -109.949493408, -131.875015259, 169.844818115, 62.3669967651, 178.564025879, 246.661224365, 64.7478866577, 5.64199209213, -20.3999595642, -28.511133194, -19.8511772156], [-525.410461426, 201.080749512, 15.8832845688, -94.9415054321, 140.738494873, 19.1047286987, 124.303627014, 64.7478866577, 153.253967285, 36.4388160706, 26.6557502747, -51.3556251526, 2.29944348335], [-159.790267944, -110.462936401, 89.6769638062, 38.7517967224, 1.62238240242, 41.3902320862, -22.9353275299, 5.64199209213, 36.4388160706, 130.833175659, 14.0123224258, -1.62641322613, -16.8611965179], [-197.90234375, 133.189956665, 7.6396150589, 23.1362762451, 63.7199058533, -44.4102287292, -14.0984477997, -20.3999595642, 26.6557502747, 14.0123224258, 101.517288208, 32.0501403809, 7.92608690262], [110.041175842, -149.335205078, 53.1240997314, 98.9135894775, -56.1480445862, 1.37554037571, -85.7124786377, -28.511133194, -51.3556251526, -1.62641322613, 32.0501403809, 117.727600098, 31.1370029449], [-32.7243652344, 52.5654983521, -4.66216516495, -38.8972854614, -1.70941269398, -10.4410324097, 27.8281593323, -19.8511772156, 2.29944348335, -16.8611965179, 7.92608690262, 31.1370029449, 95.681350708]], "icov": [[0.000310802308377, -0.000930019828957, 0.000923197949305, -0.000780073460191, 0.00115175230894, -0.000927922606934, 0.000276817649137, -0.000798602995928, 0.000731441134121, -0.00073987711221, 0.000771660590544, -0.000561444729101, -1.096059259e-05], [-0.000930019828957, 0.00463535590097, -0.00295422179624, 0.00292622600682, -0.00407459773123, 0.00348778860644, -0.00122889201157, 0.00406393082812, -0.00359775568359, 0.00395747832954, -0.00428000371903, 0.00345823867247, -0.000297625549138], [0.000923197949305, -0.00295422179624, 0.00550776347518, -0.00266197416931, 0.00331552303396, -0.00487083895132, 0.00154225737788, -0.00102147948928, 0.000902685394976, -0.00310386274941, 0.00272028823383, -0.00276063685305, 9.65412691585e-05], [-0.000780073460191, 0.00292622600682, -0.00266197416931, 0.00477791531011, -0.00338244088925, 0.00118351960555, 0.000468858372187, 0.00322122499347, -0.00179728574585, 0.00251345615834, -0.00315382215194, 0.000975340604782, 0.000968894979451], [0.00115175230894, -0.00407459773123, 0.00331552303396, -0.00338244088925, 0.00803295243531, -0.00309689599089, -0.000779557158239, -0.00484028086066, 0.00232704216614, -0.00308547844179, 0.00111615005881, -0.00223024538718, 0.000480650429381], [-0.000927922606934, 0.00348778860644, -0.00487083895132, 0.00118351960555, -0.00309689599089, 0.0108277061954, -0.00418986286968, 0.00140268402174, -0.00220599211752, 0.00130722217727, 0.000113830450573, 0.00105284713209, 0.000577467028052], [0.000276817649137, -0.00122889201157, 0.00154225737788, 0.000468858372187, -0.000779557158239, -0.00418986286968, 0.0094502652064, -0.00383973238058, -0.00150054087862, 0.00115392904263, 0.000747819954995, 0.00286604138091, -0.00373596698046], [-0.000798602995928, 0.00406393082812, -0.00102147948928, 0.00322122499347, -0.00484028086066, 0.00140268402174, -0.00383973238058, 0.0124659407884, -0.00470596691594, 0.00245824176818, -0.000941267586313, -0.00113867712207, 0.00351846567355], [0.000731441134121, -0.00359775568359, 0.000902685394976, -0.00179728574585, 0.00232704216614, -0.00220599211752, -0.00150054087862, -0.00470596691594, 0.0164761990309, -0.00622734520584, -0.00126204499975, 0.00258132629097, -0.00142788758967], [-0.00073987711221, 0.00395747832954, -0.00310386274941, 0.00251345615834, -0.00308547844179, 0.00130722217727, 0.00115392904263, 0.00245824176818, -0.00622734520584, 0.0135906562209, -0.0052659008652, 0.00372881279327, 0.000472681684187], [0.000771660590544, -0.00428000371903, 0.00272028823383, -0.00315382215194, 0.00111615005881, 0.000113830450573, 0.000747819954995, -0.000941267586313, -0.00126204499975, -0.0052659008652, 0.0210478939116, -0.0107474550605, 0.0019415426068], [-0.000561444729101, 0.00345823867247, -0.00276063685305, 0.000975340604782, -0.00223024538718, 0.00105284713209, 0.00286604138091, -0.00113867712207, 0.00258132629097, 0.00372881279327, -0.0107474550605, 0.0208161324263, -0.00811338704079], [-1.096059259e-05, -0.000297625549138, 9.65412691585e-05, 0.000968894979451, 0.000480650429381, 0.000577467028052, -0.00373596698046, 0.00351846567355, -0.00142788758967, 0.000472681684187, 0.0019415426068, -0.00811338704079, 0.0154949361458]], "mean": [-90.8436508179, 167.635040283, -139.162063599, 4.44204044342, -47.8080863953, 6.98055648804, -14.6139802933, 5.25702047348, -12.2318267822, -8.63706111908, -3.79314732552, -5.22153377533, -4.27525568008]}, "hfc": {"dmean": 4.06596279144, "dmean2": 5.1452960968, "dvar": 65.3881988525, "dvar2": 125.125610352, "max": 119.40562439, "mean": 15.2172393799, "median": 9.725522995, "min": 1.21492212026e-16, "var": 247.569778442}, "melbands": {"dmean": [0.00057557906257, 0.000690459623002, 0.000219913374167, 8.47462943057e-05, 8.38799242047e-05, 0.000140606585774, 7.86989257904e-05, 0.000124062265968, 0.000138012997922, 0.000141382479342, 0.000306914764224, 0.000123752251966, 0.000163467324455, 7.41437688703e-05, 2.87701932393e-05, 1.68250298884e-05, 2.12830836972e-05, 7.18906312613e-06, 5.90780155107e-06, 8.5140709416e-06, 2.95825407193e-06, 4.10298298448e-06, 7.61462024457e-06, 1.82063581633e-06, 4.41147494712e-06, 8.45088322876e-07, 6.51598384138e-07, 7.16138458756e-07, 4.16519810642e-07, 1.96002957864e-07, 2.0325700234e-07, 1.11113251933e-07, 1.11534077973e-07, 8.02218096396e-08, 9.68845839111e-08, 4.83621285241e-08, 1.63309987755e-08, 1.37977851367e-08, 9.68704938487e-09, 8.34846503039e-09], "dmean2": [0.000808845914435, 0.000963430327829, 0.000345221575117, 0.000138240458909, 0.000124460842926, 0.000189683589269, 0.000105874765723, 0.000188552643522, 0.000211619932088, 0.000190429302165, 0.00032790779369, 0.000161199728609, 0.000239557557506, 0.000109223510663, 4.17097362515e-05, 2.49935055763e-05, 3.31818519044e-05, 1.1087969142e-05, 9.1810570666e-06, 1.358200916e-05, 4.84706333737e-06, 6.15676935922e-06, 1.12904172056e-05, 2.96793973575e-06, 6.76276476952e-06, 1.40274596561e-06, 9.69804546003e-07, 1.15912200727e-06, 6.81058963892e-07, 3.21730453834e-07, 3.44066876323e-07, 1.85437514233e-07, 1.82821182193e-07, 1.33900314836e-07, 1.71383831571e-07, 8.4071380968e-08, 2.53094274427e-08, 2.07358787918e-08, 1.41030351841e-08, 1.23902008653e-08], "dvar": [2.32909701481e-06, 3.59434829988e-06, 1.92664913357e-07, 3.33875007641e-08, 4.41805028117e-08, 1.05378447302e-07, 2.47398652675e-08, 8.75760051144e-08, 2.77002214943e-07, 1.41097757478e-07, 6.70640702083e-07, 1.59631397878e-07, 3.48081812263e-07, 5.09354975975e-08, 5.78766812254e-09, 2.58904075956e-09, 3.29676019817e-09, 3.28626820201e-10, 1.86527626678e-10, 4.66571947744e-10, 3.69716098014e-11, 1.12932933838e-10, 7.02023550403e-10, 4.73470707085e-11, 2.25125543207e-10, 6.88257827466e-12, 3.10630557734e-12, 8.09033569305e-12, 2.20075672096e-12, 2.33012502522e-13, 5.28253276625e-13, 1.27551194975e-13, 1.32999107604e-13, 7.50093482335e-14, 2.31940633149e-13, 5.43938741162e-14, 1.61066046602e-15, 1.11985188341e-15, 4.75913667047e-16, 4.57961386065e-16], "dvar2": [4.1030043576e-06, 5.74136720388e-06, 4.73115761679e-07, 9.02200696373e-08, 9.06303796455e-08, 1.68747874341e-07, 5.10173627788e-08, 2.18447354428e-07, 6.80691925936e-07, 3.15760956937e-07, 8.06378352536e-07, 2.63799194045e-07, 8.28464976621e-07, 1.2371901903e-07, 1.16838405617e-08, 5.48670220368e-09, 8.06614686155e-09, 7.77270692254e-10, 4.28908714101e-10, 1.19106191576e-09, 9.58889426195e-11, 2.45887615824e-10, 1.53298584937e-09, 1.19416768141e-10, 4.82902384746e-10, 1.95866933783e-11, 5.83885674185e-12, 1.9809881166e-11, 5.34556817214e-12, 6.47996738733e-13, 1.5107683984e-12, 3.40211366023e-13, 3.45577760201e-13, 2.01764372896e-13, 6.63000958388e-13, 1.54794756115e-13, 3.8343813564e-15, 2.56951955e-15, 9.59344963258e-16, 9.98401864214e-16], "max": [0.0315652191639, 0.0663712397218, 0.00900682993233, 0.00517285289243, 0.00754208769649, 0.00952461175621, 0.00377530395053, 0.00556926382706, 0.0134964762256, 0.00692066876218, 0.0164626166224, 0.0123976171017, 0.012022328563, 0.00415191520005, 0.00221091532148, 0.00151575019117, 0.00193232251331, 0.000594566634391, 0.000300134095596, 0.000442249031039, 0.000126001119497, 0.0002881391556, 0.000720627605915, 0.00025630343589, 0.000331860093866, 9.19407466426e-05, 4.71853236377e-05, 0.000110567067168, 5.90593299421e-05, 1.19088563224e-05, 2.5420298698e-05, 6.5994081524e-06, 7.94291554485e-06, 4.68842426926e-06, 7.00408190824e-06, 3.30414468408e-06, 1.11936083158e-06, 9.37295340009e-07, 5.23195353708e-07, 5.4177093034e-07], "mean": [0.00134857324883, 0.00170813675504, 0.000546353927348, 0.000230809790082, 0.00028274525539, 0.000518155342434, 0.000243238464464, 0.00026816726313, 0.000313936121529, 0.000438870803919, 0.00086739443941, 0.000279023632174, 0.000269250042038, 0.000142883582157, 6.07210095041e-05, 3.19930913975e-05, 4.05970022257e-05, 1.44379173435e-05, 1.08463345896e-05, 1.37003216878e-05, 4.96249413118e-06, 7.19027138985e-06, 1.17196077554e-05, 3.64833817912e-06, 7.69589678384e-06, 1.59120531862e-06, 1.23795689433e-06, 1.45673857332e-06, 8.19716490241e-07, 3.66979264754e-07, 3.41682579119e-07, 1.86413046777e-07, 2.01369843467e-07, 1.38529983928e-07, 1.11134717429e-07, 5.95948499438e-08, 3.15361461389e-08, 2.68854059016e-08, 1.85497395222e-08, 1.31743078668e-08], "median": [0.000238507433096, 0.0004871833371, 0.000293286429951, 0.000135258887894, 0.000144247809658, 0.000217570937821, 0.000111840301543, 0.000120347016491, 8.63350142026e-05, 0.000111420536996, 0.000116710885777, 5.43856367585e-05, 4.89246522193e-05, 5.12754777446e-05, 2.41942907451e-05, 1.00049801404e-05, 1.2331214748e-05, 6.38344181425e-06, 3.83119640901e-06, 4.34602088717e-06, 1.78018353836e-06, 2.06718232221e-06, 2.12574786929e-06, 7.51564641632e-07, 1.00827207916e-06, 3.93766129037e-07, 3.43498982147e-07, 2.74249430277e-07, 1.59526209131e-07, 1.07039383579e-07, 8.39642666506e-08, 4.58206557141e-08, 6.05145089594e-08, 4.90617111382e-08, 2.67778936802e-08, 1.5011629273e-08, 1.05316200205e-08, 8.55790283083e-09, 5.84620618582e-09, 3.27803606481e-09], "min": [2.39085249473e-23, 2.20492918119e-23, 2.44237205382e-23, 2.18150868978e-23, 5.63491272651e-24, 1.00912159847e-23, 1.19924709516e-23, 1.1895380318e-23, 8.2466162191e-24, 9.50598216719e-24, 3.72350275316e-24, 3.21427272568e-24, 3.49983386526e-24, 4.12420622769e-24, 1.02632200053e-23, 5.87376758127e-24, 9.3343828322e-24, 9.7175641283e-24, 6.6981721923e-24, 1.99977296547e-23, 1.46475503555e-23, 1.20702557923e-23, 1.33495680884e-23, 1.13150177166e-23, 1.28434735858e-23, 6.82567104724e-24, 1.19464346069e-23, 5.14764951701e-24, 7.7071308121e-24, 8.09630035134e-24, 7.80754649445e-24, 1.09382230384e-23, 9.61498065619e-24, 1.13743077133e-23, 1.35847559232e-23, 8.06356893466e-24, 7.75144507345e-24, 1.10831020768e-23, 7.56222889673e-24, 1.08379872163e-23], "var": [8.86478301254e-06, 1.46437187141e-05, 5.79186405503e-07, 9.53602352638e-08, 1.87321305134e-07, 6.73004535656e-07, 1.44971323834e-07, 1.6227154731e-07, 4.84139945911e-07, 5.561135481e-07, 3.94808284909e-06, 6.35012952444e-07, 5.73658269332e-07, 9.21717173696e-08, 1.39511087127e-08, 5.76182745959e-09, 1.17174305814e-08, 8.05224442679e-10, 4.42221870234e-10, 8.76181738274e-10, 6.63212540442e-11, 2.32742769501e-10, 1.18381959791e-09, 1.12176649913e-10, 4.80062545272e-10, 2.06408726916e-11, 8.22941281092e-12, 3.52839216178e-11, 8.88227599111e-12, 6.02671124811e-13, 9.93659256439e-13, 2.09142775255e-13, 2.18217913357e-13, 9.35695680551e-14, 1.55768152825e-13, 3.8498375901e-14, 3.65963422422e-15, 2.62452354025e-15, 1.24430283446e-15, 7.87636455894e-16]}, "melbands_crest": {"dmean": 2.2717936039, "dmean2": 3.40050983429, "dvar": 5.8523273468, "dvar2": 12.9637498856, "max": 39.315990448, "mean": 14.6534423828, "median": 13.4942598343, "min": 1.6644269228, "var": 35.9009590149}, "melbands_flatness_db": {"dmean": 0.0188623219728, "dmean2": 0.0266899690032, "dvar": 0.0004736117844, "dvar2": 0.000919246231206, "max": 0.610792696476, "mean": 0.297061264515, "median": 0.291180282831, "min": 0.0053298487328, "var": 0.00639048032463}, "melbands_kurtosis": {"dmean": 5.28963327408, "dmean2": 8.35070228577, "dvar": 2901.29370117, "dvar2": 7316.42626953, "max": 2865.8972168, "mean": 9.91811656952, "median": 2.59032130241, "min": -1.84747171402, "var": 7056.93847656}, "melbands_skewness": {"dmean": 0.467907339334, "dmean2": 0.686639964581, "dvar": 0.783540308475, "dvar2": 1.90945506096, "max": 44.7110176086, "mean": 1.31954681873, "median": 1.13633871078, "min": -3.43575429916, "var": 4.97145795822}, "melbands_spread": {"dmean": 2.75898146629, "dmean2": 4.2034368515, "dvar": 14.2090358734, "dvar2": 32.2396850586, "max": 162.680404663, "mean": 15.1866607666, "median": 13.470164299, "min": 0.105778925121, "var": 129.028717041}, "mfcc": {"cov": [[7695.15185547, 475.289550781, -353.544403076, 568.301635742, -376.178405762, -47.2312431335, -238.383026123, -127.823760986, -262.653106689, -270.607757568, -277.470794678, -75.7856063843, -15.7150878906], [475.289550781, 1436.67199707, -75.6413345337, -86.0281677246, -14.850153923, -66.3750152588, -12.1650619507, -12.3213024139, -3.84941291809, 32.7804679871, 49.0848922729, -21.4454154968, -4.22699069977], [-353.544403076, -75.6413345337, 482.049194336, 96.2273178101, 31.3656597137, 141.848937988, -45.7996101379, -108.114295959, -48.8128051758, -33.1098899841, -17.3033771515, 12.1079483032, 33.6546440125], [568.301635742, -86.0281677246, 96.2273178101, 402.69631958, 114.664367676, 57.0381584167, -56.0599021912, -68.6582489014, -128.404037476, -105.059265137, -50.5972480774, 15.1871852875, 44.7612838745], [-376.178405762, -14.850153923, 31.3656597137, 114.664367676, 232.021820068, 59.9907836914, 35.9619789124, 15.90239048, -11.3689346313, -6.9351773262, 38.0869064331, 48.66015625, 34.1884727478], [-47.2312431335, -66.3750152588, 141.848937988, 57.0381584167, 59.9907836914, 190.342575073, 48.0656318665, -5.41204547882, 28.4374103546, 31.4963817596, 13.9221792221, 21.8719482422, 18.2565250397], [-238.383026123, -12.1650619507, -45.7996101379, -56.0599021912, 35.9619789124, 48.0656318665, 166.592498779, 129.678222656, 100.613296509, 65.8779296875, 41.3467254639, 11.3214168549, -3.3639395237], [-127.823760986, -12.3213024139, -108.114295959, -68.6582489014, 15.90239048, -5.41204547882, 129.678222656, 213.931518555, 130.231109619, 60.9355964661, 41.4861412048, 3.33399415016, -17.9676074982], [-262.653106689, -3.84941291809, -48.8128051758, -128.404037476, -11.3689346313, 28.4374103546, 100.613296509, 130.231109619, 200.273345947, 134.386917114, 64.3185272217, 10.3663511276, -36.3040084839], [-270.607757568, 32.7804679871, -33.1098899841, -105.059265137, -6.9351773262, 31.4963817596, 65.8779296875, 60.9355964661, 134.386917114, 187.2318573, 110.951881409, 22.6593589783, -32.7539100647], [-277.470794678, 49.0848922729, -17.3033771515, -50.5972480774, 38.0869064331, 13.9221792221, 41.3467254639, 41.4861412048, 64.3185272217, 110.951881409, 148.201034546, 58.268661499, -8.19802474976], [-75.7856063843, -21.4454154968, 12.1079483032, 15.1871852875, 48.66015625, 21.8719482422, 11.3214168549, 3.33399415016, 10.3663511276, 22.6593589783, 58.268661499, 101.208839417, 27.6160774231], [-15.7150878906, -4.22699069977, 33.6546440125, 44.7612838745, 34.1884727478, 18.2565250397, -3.3639395237, -17.9676074982, -36.3040084839, -32.7539100647, -8.19802474976, 27.6160774231, 99.9788360596]], "icov": [[0.00023059801606, -0.000109436638013, 0.000319193844916, -0.000495346845128, 0.000636694545392, -0.00034426219645, 0.000220060246647, -0.000119328899018, 1.98457146325e-05, 8.52464872878e-05, 0.000198828522116, -0.00022726538009, 9.12566320039e-05], [-0.000109436638013, 0.000788846984506, -8.71454831213e-05, 0.000369616202079, -0.000373520451831, 0.000348750356352, -0.000115421578812, 0.000202737544896, 7.94843654148e-05, -4.46996455139e-05, -0.000521668465808, 0.000505064846948, -0.000191465413081], [0.000319193844916, -8.71454831213e-05, 0.00363962189294, -0.000824554124847, 0.00108934543096, -0.00299929454923, 0.000932076305617, 0.00117159727961, -0.000673246686347, 0.00117813108955, -0.000431844382547, 2.41916168306e-05, -0.000293021003017], [-0.000495346845128, 0.000369616202079, -0.000824554124847, 0.00521464040503, -0.00312224891968, -0.000549827469513, 0.000763661053497, -0.000810074794572, 0.00240004202351, -6.89387670718e-05, 0.000432633416494, 0.000168994753039, -0.000233413637034], [0.000636694545392, -0.000373520451831, 0.00108934543096, -0.00312224891968, 0.0082217650488, -0.00212840782478, -0.000819824112114, -0.000384861341445, -6.73879840178e-05, 0.00173246464692, -0.00174849841278, -0.00189592759125, -0.00048071751371], [-0.00034426219645, 0.000348750356352, -0.00299929454923, -0.000549827469513, -0.00212840782478, 0.0101295746863, -0.0043495381251, 0.00244563794695, -0.00157139473595, -0.00209096469916, 0.00118302740157, -0.000372036534827, -0.000668145774398], [0.000220060246647, -0.000115421578812, 0.000932076305617, 0.000763661053497, -0.000819824112114, -0.0043495381251, 0.0149441594258, -0.00794443394989, -0.000174115877599, -0.00141073437408, 0.000510445679538, 0.000151486208779, -0.00100164185278], [-0.000119328899018, 0.000202737544896, 0.00117159727961, -0.000810074794572, -0.000384861341445, 0.00244563794695, -0.00794443394989, 0.0140667986125, -0.00831542909145, 0.00477716047317, -0.00284752808511, 0.00149190984666, -0.000196185879759], [1.98457146325e-05, 7.94843654148e-05, -0.000673246686347, 0.00240004202351, -6.73879840178e-05, -0.00157139473595, -0.000174115877599, -0.00831542909145, 0.0186275672168, -0.0111616393551, 0.0045244381763, -0.00215337355621, 0.00204145233147], [8.52464872878e-05, -4.46996455139e-05, 0.00117813108955, -6.89387670718e-05, 0.00173246464692, -0.00209096469916, -0.00141073437408, 0.00477716047317, -0.0111616393551, 0.0200222507119, -0.0121553931385, 0.0029446084518, 0.000942648213822], [0.000198828522116, -0.000521668465808, -0.000431844382547, 0.000432633416494, -0.00174849841278, 0.00118302740157, 0.000510445679538, -0.00284752808511, 0.0045244381763, -0.0121553931385, 0.0188692416996, -0.00832891929895, 0.00135672127362], [-0.00022726538009, 0.000505064846948, 2.41916168306e-05, 0.000168994753039, -0.00189592759125, -0.000372036534827, 0.000151486208779, 0.00149190984666, -0.00215337355621, 0.0029446084518, -0.00832891929895, 0.0161845963448, -0.00407939311117], [9.12566320039e-05, -0.000191465413081, -0.000293021003017, -0.000233413637034, -0.00048071751371, -0.000668145774398, -0.00100164185278, -0.000196185879759, 0.00204145233147, 0.000942648213822, 0.00135672127362, -0.00407939311117, 0.0127170952037]], "mean": [-720.259277344, 190.458633423, -19.2661705017, 7.37168169022, -8.01313209534, 2.8321685791, 3.31270599365, 12.1381778717, 1.2028824091, 3.09205579758, 1.55124115944, 0.289322197437, 1.11057877541]}, "pitch_salience": {"dmean": 0.0499361008406, "dmean2": 0.0753616690636, "dvar": 0.00282092951238, "dvar2": 0.00676741357893, "max": 0.923541605473, "mean": 0.49625363946, "median": 0.495111703873, "min": 0.04334455356, "var": 0.0138388322666}, "silence_rate_20dB": {"dmean": 0, "dmean2": 0, "dvar": 0, "dvar2": 0, "max": 1, "mean": 1, "median": 1, "min": 1, "var": 0}, "silence_rate_30dB": {"dmean": 0.0164478886873, "dmean2": 0.0329009816051, "dvar": 0.016176475212, "dvar2": 0.035615593195, "max": 1, "mean": 0.978652775288, "median": 1, "min": 0, "var": 0.0208920296282}, "silence_rate_60dB": {"dmean": 0.00759133324027, "dmean2": 0.0151850683615, "dvar": 0.00753331044689, "dvar2": 0.0171674340963, "max": 1, "mean": 0.0662555322051, "median": 0, "min": 0, "var": 0.0618681162596}, "spectral_centroid": {"dmean": 85.9256515503, "dmean2": 126.152542114, "dvar": 22650.7636719, "dvar2": 37786.6875, "max": 10992.2861328, "mean": 841.000732422, "median": 777.982666016, "min": 205.184112549, "var": 175979.515625}, "spectral_complexity": {"dmean": 1.65396177769, "dmean2": 2.68427705765, "dvar": 2.99876236916, "dvar2": 6.89181566238, "max": 35, "mean": 13.2560091019, "median": 13, "min": 0, "var": 27.694475174}, "spectral_contrast_coeffs": {"dmean": [0.0401772260666, 0.0373593717813, 0.0343891344965, 0.0291305333376, 0.0225473660976, 0.0199108812958], "dmean2": [0.067192107439, 0.0603808201849, 0.0523469336331, 0.0470118671656, 0.0354228019714, 0.0319405980408], "dvar": [0.00109718577005, 0.00125867268071, 0.0011598658748, 0.000737310096156, 0.000423700315878, 0.000441632961156], "dvar2": [0.00303045590408, 0.00318770087324, 0.0024289037101, 0.00181322300341, 0.000916495511774, 0.00118040642701], "max": [-0.416656672955, -0.439983397722, -0.386110067368, -0.520143687725, -0.552430927753, -0.555155932903], "mean": [-0.672263920307, -0.682432174683, -0.665677666664, -0.725707173347, -0.743953704834, -0.75242292881], "median": [-0.671059727669, -0.680137753487, -0.672421813011, -0.726213335991, -0.745036900043, -0.745731949806], "min": [-0.965673863888, -0.958489060402, -0.963356256485, -0.955217599869, -0.956929326057, -0.959249317646], "var": [0.00654698023573, 0.00649488484487, 0.00873501878232, 0.0030219857581, 0.00308943749405, 0.00235035014339]}, "spectral_contrast_valleys": {"dmean": [0.346209943295, 0.319689393044, 0.315385192633, 0.292210519314, 0.256343603134, 0.357063025236], "dmean2": [0.570703744888, 0.518764197826, 0.493009656668, 0.461233079433, 0.374377608299, 0.476041465998], "dvar": [0.0969280675054, 0.121375322342, 0.149140164256, 0.134440124035, 0.114817976952, 0.182547941804], "dvar2": [0.22756113112, 0.258225977421, 0.308600962162, 0.275274217129, 0.197570711374, 0.348820775747], "max": [-5.56003522873, -4.85178470612, -4.76094913483, -6.46445989609, -6.87281894684, -9.40829181671], "mean": [-7.63093900681, -7.09510326385, -7.62659072876, -8.6663646698, -9.29301357269, -12.4834423065], "median": [-7.42217683792, -6.82018756866, -7.47055768967, -8.54287910461, -9.14640808105, -12.3148384094], "min": [-27.8368644714, -27.6878204346, -27.1687679291, -27.3348197937, -27.4019317627, -27.1814098358], "var": [1.79590475559, 1.92927980423, 1.73594594002, 1.56972527504, 1.74902188778, 1.91985654831]}, "spectral_decrease": {"dmean": 1.69308944642e-09, "dmean2": 2.11503858871e-09, "dvar": 8.15906637112e-18, "dvar2": 1.33254834487e-17, "max": 2.0303791268e-18, "mean": -6.77767308943e-09, "median": -4.77676387334e-09, "min": -5.96123754804e-08, "var": 4.20354956239e-17}, "spectral_energy": {"dmean": 0.00671153375879, "dmean2": 0.008380131796, "dvar": 0.000128568994114, "dvar2": 0.000211416132515, "max": 0.229194179177, "mean": 0.0269608106464, "median": 0.0190263707191, "min": 1.07740888708e-20, "var": 0.000657347671222}, "spectral_energyband_high": {"dmean": 2.7410866096e-05, "dmean2": 4.37348753621e-05, "dvar": 8.34435631702e-09, "dvar2": 2.10562784986e-08, "max": 0.00293438322842, "mean": 6.40307625872e-05, "median": 2.00895919988e-05, "min": 7.61713144479e-21, "var": 3.31840652734e-08}, "spectral_energyband_low": {"dmean": 0.00319075211883, "dmean2": 0.00435845879838, "dvar": 5.73694414925e-05, "dvar2": 9.55639989115e-05, "max": 0.208790898323, "mean": 0.00842825416476, "median": 0.00266213342547, "min": 1.30110035029e-22, "var": 0.000240923545789}, "spectral_energyband_middle_high": {"dmean": 0.00250136759132, "dmean2": 0.00333558954298, "dvar": 3.32564486598e-05, "dvar2": 7.14268389856e-05, "max": 0.103008635342, "mean": 0.00708819227293, "median": 0.00320553872734, "min": 1.52371798321e-21, "var": 9.65977305896e-05}, "spectral_energyband_middle_low": {"dmean": 0.00332240946591, "dmean2": 0.0042426334694, "dvar": 3.9726117393e-05, "dvar2": 6.73964168527e-05, "max": 0.123753070831, "mean": 0.0132715636864, "median": 0.00951514020562, "min": 3.5944423165e-22, "var": 0.000186581368325}, "spectral_entropy": {"dmean": 0.139774441719, "dmean2": 0.195872247219, "dvar": 0.0329722166061, "dvar2": 0.0646272823215, "max": 9.78335857391, "mean": 6.60974788666, "median": 6.62247085571, "min": 4.69511795044, "var": 0.291115969419}, "spectral_flux": {"dmean": 0.0197178982198, "dmean2": 0.0304959528148, "dvar": 0.000963023747317, "dvar2": 0.00207141367719, "max": 0.312039256096, "mean": 0.0501151531935, "median": 0.0372316166759, "min": 1.03798310225e-10, "var": 0.00179035658948}, "spectral_kurtosis": {"dmean": 7.65608692169, "dmean2": 13.2105016708, "dvar": 100.326148987, "dvar2": 290.980651855, "max": 206.627441406, "mean": 18.9917068481, "median": 12.442606926, "min": -1.16882669926, "var": 420.943267822}, "spectral_rms": {"dmean": 0.000574709556531, "dmean2": 0.000722900091205, "dvar": 7.0615152481e-07, "dvar2": 1.155240966e-06, "max": 0.0149533972144, "mean": 0.00460650445893, "median": 0.00430839974433, "min": 3.24211447619e-12, "var": 5.08336188432e-06}, "spectral_rolloff": {"dmean": 116.08290863, "dmean2": 196.644104004, "dvar": 121606.265625, "dvar2": 227620.75, "max": 18906.1523438, "mean": 938.476013184, "median": 796.728515625, "min": 21.533203125, "var": 1857456.375}, "spectral_skewness": {"dmean": 0.561781346798, "dmean2": 0.95617967844, "dvar": 0.399862200022, "dvar2": 1.18536257744, "max": 11.9972028732, "mean": 2.83877587318, "median": 2.56506538391, "min": 0.0240178629756, "var": 1.63077199459}, "spectral_spread": {"dmean": 312726.1875, "dmean2": 4