{"lowlevel": {"average_loudness": 0.874508202076, "barkbands": {"dmean": [0.00014118544641, 0.00844128523022, 0.00367496581748, 0.00282324897125, 0.00135139818303, 0.000737868482247, 0.000372637325199, 0.000324915570673, 0.000461169693153, 0.000127498889924, 0.000203042378416, 0.000333430449245, 0.000204742304049, 0.000282532186247, 0.00019936451281, 0.000299752195133, 0.000332346651703, 0.000315530662192, 0.000309321272653, 0.000226141346502, 0.000154930996359, 0.000150968451635, 8.06223033578e-05, 2.85302485281e-05, 1.29476820803e-05, 3.15453371513e-06, 1.40920917602e-07], "dmean2": [0.000221355367103, 0.0141252074391, 0.00617126561701, 0.00481039937586, 0.00228403764777, 0.00127298443113, 0.000629448099062, 0.000518250628375, 0.000721165095456, 0.000201206072234, 0.000314867822453, 0.000517473614309, 0.000321377447108, 0.000452055013739, 0.000321210565744, 0.00049383554142, 0.000557440158445, 0.00051326234825, 0.000494410807732, 0.000379916658858, 0.000244807539275, 0.000227109339903, 0.000117478557513, 3.78415970772e-05, 1.63920558407e-05, 4.14786427427e-06, 1.95730962105e-07], "dvar": [7.31278291255e-08, 0.00030041395803, 4.65287921543e-05, 2.1144416678e-05, 4.55605504612e-06, 2.27028522204e-06, 6.59403440295e-07, 6.66895857648e-07, 1.06836057512e-06, 1.25275306573e-07, 4.48588991731e-07, 1.32675188524e-06, 4.59422722088e-07, 6.03611624683e-07, 2.4601649784e-07, 4.87827435336e-07, 3.58675407597e-07, 3.68815562979e-07, 3.70730390387e-07, 1.93179758412e-07, 1.10430498523e-07, 2.703991413e-07, 1.12138266672e-07, 6.27910567985e-09, 8.84291084802e-10, 5.09969184936e-11, 1.19122959652e-13], "dvar2": [1.61205605309e-07, 0.000764850585256, 0.000123958016047, 5.48652169527e-05, 1.21667362691e-05, 6.2777257881e-06, 1.74410899945e-06, 1.58249190463e-06, 2.59346234088e-06, 2.70979313655e-07, 1.04675268631e-06, 3.19961782225e-06, 1.09414372673e-06, 1.41014481869e-06, 5.46416288216e-07, 1.21547350318e-06, 9.37334505124e-07, 8.93859635198e-07, 8.7062807097e-07, 4.69450355922e-07, 2.48324028007e-07, 5.98166707277e-07, 2.68662802227e-07, 1.27307604458e-08, 1.52124957076e-09, 9.02119837165e-11, 2.33951801074e-13], "max": [0.00360704190098, 0.146096765995, 0.0735277459025, 0.0712322071195, 0.0372785702348, 0.0252330154181, 0.0156012075022, 0.0156742092222, 0.0247451942414, 0.0132520571351, 0.015592799522, 0.0354373119771, 0.0164685547352, 0.0202179383487, 0.0142163792625, 0.0340547710657, 0.0177610386163, 0.0164138171822, 0.0231515001506, 0.0144765721634, 0.00898889545351, 0.0178116746247, 0.0122728543356, 0.00372120551765, 0.00103653199039, 0.00013703427976, 7.38842936698e-06], "mean": [0.000175736626261, 0.0108831357211, 0.00459744036198, 0.00327424448915, 0.00207357131876, 0.000939615420066, 0.000474702101201, 0.000478619360365, 0.000805261719506, 0.000207336386666, 0.000348967994796, 0.000642052851617, 0.000321841333061, 0.000460045033833, 0.000318103033351, 0.000528430042323, 0.000626644236036, 0.000620813400019, 0.000628795824014, 0.000385200051824, 0.000275998347206, 0.000243735528784, 0.000128775791381, 4.9403632147e-05, 1.97668250621e-05, 4.220437404e-06, 1.67574896182e-07], "median": [8.00901543698e-05, 0.00525736063719, 0.00301075633615, 0.0017339658225, 0.00128689571284, 0.000443276658189, 0.000180120434379, 0.000163813194376, 0.000292935961625, 8.65297988639e-05, 5.19730238011e-05, 7.9860779806e-05, 6.46930857329e-05, 0.000165686025866, 0.000122455647215, 0.000272247183602, 0.000399824726628, 0.000299474893836, 0.000333874835633, 0.000206176075153, 0.000146615202539, 6.56808551867e-05, 3.10976065521e-05, 1.24877060443e-05, 3.81572635888e-06, 6.16752970473e-07, 1.80639201375e-08], "min": [1.71117557915e-24, 6.72350646027e-24, 3.81296628513e-24, 3.85890165564e-24, 2.42139813561e-23, 1.22512062844e-23, 1.51765305018e-23, 6.34486071994e-24, 2.24626580817e-23, 1.57511052307e-23, 7.88048457375e-24, 4.28188303545e-23, 5.91115943041e-23, 4.31157607547e-23, 5.00341087588e-23, 3.88396771091e-23, 6.26735474157e-23, 9.87566132004e-23, 1.48456377464e-22, 1.51855131032e-22, 2.62599097843e-22, 3.39075514911e-22, 3.74752222666e-22, 5.79309863355e-22, 8.07813004479e-22, 1.41287598308e-21, 1.9168454648e-21], "var": [8.44873113692e-08, 0.000358647754183, 4.20219585067e-05, 2.19641642616e-05, 6.19873662799e-06, 2.29233296523e-06, 8.41566645704e-07, 1.14632200621e-06, 2.5292506507e-06, 2.56237825624e-07, 1.2943087313e-06, 4.36164691564e-06, 8.37219545247e-07, 1.13332816909e-06, 5.58714987164e-07, 9.58907776294e-07, 7.31839804757e-07, 1.04328262296e-06, 9.03061277313e-07, 3.82537393762e-07, 2.06721225027e-07, 4.46533761078e-07, 1.64599754271e-07, 1.36719746635e-08, 1.9021939579e-09, 9.60694926389e-11, 1.839627219e-13]}, "barkbands_crest": {"dmean": 3.0640771389, "dmean2": 4.99405574799, "dvar": 8.17147159576, "dvar2": 18.8800773621, "max": 26.9169902802, "mean": 10.3481464386, "median": 9.25235366821, "min": 2.31257462502, "var": 21.3108596802}, "barkbands_flatness_db": {"dmean": 0.0291524678469, "dmean2": 0.0458951219916, "dvar": 0.00112806912512, "dvar2": 0.00249527604319, "max": 1, "mean": 0.162881195545, "median": 0.145919114351, "min": 0.0485154800117, "var": 0.00757425278425}, "barkbands_kurtosis": {"dmean": 7.02873706818, "dmean2": 11.4526443481, "dvar": 436.623535156, "dvar2": 1067.98522949, "max": 558.513305664, "mean": 10.5973348618, "median": 1.51372301579, "min": -1.93620181084, "var": 1199.80871582}, "barkbands_skewness": {"dmean": 0.851302683353, "dmean2": 1.33982825279, "dvar": 1.2762169838, "dvar2": 2.91923975945, "max": 20.0203590393, "mean": 2.11413025856, "median": 1.60584831238, "min": -3.68171095848, "var": 5.32767438889}, "barkbands_spread": {"dmean": 7.38548898697, "dmean2": 12.0520706177, "dvar": 71.0234909058, "dvar2": 166.161071777, "max": 141.58215332, "mean": 26.2690200806, "median": 26.6443061829, "min": 0.00306498049758, "var": 221.15737915}, "dissonance": {"dmean": 0.0109702721238, "dmean2": 0.0184368751943, "dvar": 0.000135555965244, "dvar2": 0.000364549370715, "max": 0.500000119209, "mean": 0.480066567659, "median": 0.484380245209, "min": 0.257175028324, "var": 0.000283119326923}, "dynamic_complexity": 2.77348446846, "erbbands": {"dmean": [0.208070158958, 2.10574483871, 4.36559295654, 6.36707782745, 8.25159072876, 3.53294754028, 3.16946005821, 7.23983335495, 5.25598669052, 7.27483034134, 6.11480951309, 9.82543945312, 7.52186203003, 4.26992988586, 11.470916748, 10.6668663025, 8.25589084625, 14.6777639389, 10.6249504089, 9.06853961945, 18.1185531616, 17.5874614716, 16.3245925903, 16.2650566101, 13.6651086807, 10.5567359924, 6.87764835358, 5.9293255806, 5.43561315536, 4.07123327255, 2.02934098244, 0.852349758148, 0.379799067974, 0.180839404464, 0.0737722665071, 0.0220785494894, 0.00468336325139, 0.000504949421156, 2.8775224564e-05, 1.54910649144e-05], "dmean2": [0.312648266554, 3.58047366142, 7.335064888, 10.8777799606, 13.9491786957, 5.91472911835, 5.3834195137, 12.4575099945, 9.15535449982, 11.7005414963, 9.84665298462, 15.4497108459, 11.5079708099, 6.65347290039, 17.5749988556, 16.7964305878, 12.8331871033, 23.1892642975, 16.887260437, 14.8179035187, 29.9037952423, 29.1172771454, 26.3621673584, 26.5407962799, 21.8883724213, 17.6452407837, 11.1685590744, 9.24349784851, 8.18731021881, 6.07154560089, 2.94236755371, 1.17601263523, 0.496593177319, 0.231434524059, 0.0932323262095, 0.0287122335285, 0.00621684221551, 0.000669098750222, 3.84725353797e-05, 2.37942076637e-05], "dvar": [0.170588836074, 20.0655002594, 71.0606384277, 100.796485901, 192.425552368, 39.6567001343, 31.5248947144, 237.719345093, 142.408569336, 310.03414917, 235.953964233, 640.378967285, 318.472381592, 129.712921143, 1154.33581543, 1197.87158203, 631.255310059, 1786.28344727, 576.385009766, 542.622253418, 1427.91455078, 1090.21911621, 961.716430664, 1072.95214844, 658.942443848, 419.529144287, 178.292480469, 225.530212402, 336.161651611, 275.29876709, 70.953338623, 6.30151557922, 1.20372772217, 0.184903249145, 0.0292530842125, 0.00248330831528, 0.000113858579425, 1.38035477448e-06, 3.46020456732e-09, 4.56669729809e-10], "dvar2": [0.329465597868, 54.4593048096, 181.419937134, 277.272949219, 501.2918396, 103.86100769, 83.7996902466, 651.819274902, 388.41394043, 768.456237793, 550.977478027, 1573.86462402, 725.044189453, 266.692230225, 2742.61743164, 2908.59570312, 1474.51599121, 4131.70605469, 1251.94018555, 1291.98583984, 3522.24609375, 2828.72314453, 2325.12280273, 2574.08862305, 1498.3215332, 1023.6696167, 416.414215088, 512.413635254, 739.818725586, 653.915039062, 170.831695557, 13.417801857, 2.47234106064, 0.323898166418, 0.0503010042012, 0.00429595122114, 0.000206659082323, 2.48514925261e-06, 6.26674712123e-09, 1.07156150619e-09], "max": [4.73872280121, 36.341381073, 71.6239471436, 175.794265747, 196.518371582, 167.522750854, 85.4896011353, 277.1065979, 249.303497314, 339.759674072, 372.877227783, 692.781799316, 556.885925293, 509.145019531, 761.637878418, 1159.57641602, 791.51184082, 1125.83276367, 745.302185059, 733.470092773, 1473.19567871, 1194.74377441, 772.620056152, 903.166259766, 769.242004395, 589.058288574, 348.792907715, 464.863800049, 642.082458496, 629.849182129, 358.630279541, 95.3749237061, 66.6345367432, 18.6904144287, 7.1301035881, 1.30524361134, 0.194947034121, 0.017946107313, 0.000917674507946, 0.000194677617401], "mean": [0.294319242239, 2.49650883675, 5.36952209473, 8.25715065002, 10.6996326447, 5.65156078339, 4.39682579041, 8.91198158264, 6.38158893585, 10.8915987015, 9.62880325317, 16.8000583649, 13.5381231308, 7.8494758606, 23.079460144, 20.6839160919, 14.6966190338, 25.0476150513, 18.8549880981, 16.3700065613, 33.529914856, 35.3309783936, 34.3958854675, 33.2204437256, 27.8082504272, 18.4909248352, 12.6732330322, 9.81549835205, 8.67913150787, 6.54173707962, 3.29473137856, 1.4660885334, 0.641231536865, 0.282898813486, 0.105196192861, 0.0304418299347, 0.00607122946531, 0.000639976991806, 4.73753279948e-05, 3.63862855011e-05], "median": [0.161761149764, 1.14299762249, 3.13225364685, 5.44846391678, 6.16530418396, 3.13026380539, 2.25622320175, 3.76731491089, 2.78355264664, 3.46595168114, 3.99551916122, 5.6117515564, 5.43080854416, 2.87969493866, 2.68723607063, 3.61845064163, 3.88324356079, 8.29401397705, 7.69419670105, 7.68036794662, 19.2196559906, 23.052947998, 18.3819446564, 16.225446701, 15.546661377, 10.0940761566, 7.11392974854, 4.34294652939, 2.38052725792, 1.58820533752, 0.802287518978, 0.387119114399, 0.143365219235, 0.0579110868275, 0.0176455453038, 0.00480489665642, 0.000840317108668, 7.98302207841e-05, 1.872348912e-05, 2.76415157714e-05], "min": [4.59246546245e-22, 8.62863075837e-22, 3.59715039395e-21, 9.03792643015e-21, 1.64335309905e-20, 6.2044562388e-20, 9.9839659497e-20, 1.01440131198e-19, 2.65307066237e-19, 2.21284746681e-19, 1.55870709305e-19, 4.38633612912e-19, 4.86128100637e-19, 8.37950245635e-19, 6.49449484213e-19, 2.04249442765e-18, 3.15361036893e-18, 3.35653741873e-18, 3.48196219462e-18, 5.12725834739e-18, 4.24905351235e-18, 4.03780688674e-18, 5.20238289063e-18, 7.89422464568e-18, 1.15214099774e-17, 9.21325594944e-18, 1.0839269695e-17, 1.04764260921e-17, 1.53434525916e-17, 1.44366409558e-17, 1.33379755303e-17, 1.14889886333e-17, 9.0627926232e-18, 9.02110106597e-18, 6.8065363205e-18, 4.2379155254e-18, 2.89039488057e-18, 1.04514632288e-18, 2.70239156489e-19, 3.25313752864e-20], "var": [0.251064568758, 20.7232971191, 68.5789871216, 95.0252838135, 204.28894043, 68.4503326416, 41.3282279968, 246.746368408, 138.588806152, 546.235900879, 423.212890625, 1439.70532227, 741.178344727, 299.172821045, 4019.75415039, 3560.03027344, 1276.81335449, 3627.64257812, 1425.35925293, 1066.51306152, 3019.54760742, 2334.01757812, 2740.49047852, 2770.33544922, 1701.77111816, 841.116516113, 354.20614624, 377.994812012, 557.236694336, 407.170898438, 107.304649353, 13.3659334183, 2.32697057724, 0.387902617455, 0.0592242442071, 0.00486904429272, 0.000204075768124, 2.42352098212e-06, 6.29397112206e-09, 8.88092321905e-10]}, "erbbands_crest": {"dmean": 2.33055186272, "dmean2": 3.83191084862, "dvar": 5.34694910049, "dvar2": 13.206618309, "max": 35.7643623352, "mean": 7.91979980469, "median": 6.88343048096, "min": 2.11396884918, "var": 16.9755783081}, "erbbands_flatness_db": {"dmean": 0.0154434386641, "dmean2": 0.022079538554, "dvar": 0.000230487130466, "dvar2": 0.00044212595094, "max": 0.373587727547, "mean": 0.163839355111, "median": 0.159010782838, "min": 0.0221788603812, "var": 0.00169875868596}, "erbbands_kurtosis": {"dmean": 0.991603672504, "dmean2": 1.61836385727, "dvar": 18.4373931885, "dvar2": 37.3345832825, "max": 319.414428711, "mean": 1.9902690649, "median": -0.425751596689, "min": -1.81054759026, "var": 584.644470215}, "erbbands_skewness": {"dmean": 0.404862344265, "dmean2": 0.638471245766, "dvar": 0.22145961225, "dvar2": 0.520015060902, "max": 16.6240749359, "mean": -0.238530322909, "median": -0.387176066637, "min": -4.7140288353, "var": 2.33199810982}, "erbbands_spread": {"dmean": 10.2429904938, "dmean2": 16.0585613251, "dvar": 108.249305725, "dvar2": 251.051361084, "max": 133.962387085, "mean": 48.425365448, "median": 45.4313163757, "min": 2.36146402359, "var": 508.454956055}, "gfcc": {"cov": [[15815.1904297, -255.619155884, -1292.3951416, 816.904907227, -791.438354492, 559.836425781, -544.370483398, 329.418182373, -394.982147217, 152.634399414, -223.380126953, 73.1763076782, -329.995117188], [-255.619155884, 1085.63061523, -314.280487061, -7.39548683167, 201.077774048, -207.674209595, 222.039978027, -57.0727729797, 175.089416504, -123.237243652, 158.40852356, -120.580688477, 128.723770142], [-1292.3951416, -314.280487061, 1083.42272949, 133.764602661, -31.1383094788, 138.676757812, -73.2225341797, 24.3842926025, -18.0768127441, 69.4650878906, -69.9886169434, 33.8482971191, -37.1266174316], [816.904907227, -7.39548683167, 133.764602661, 344.08493042, -5.34703493118, 22.1110744476, -59.7251243591, -34.2228355408, 23.9886627197, -1.42171347141, -13.9267635345, -27.5305080414, 19.6916275024], [-791.438354492, 201.077774048, -31.1383094788, -5.34703493118, 361.430664062, -8.78854846954, 93.4576034546, -4.43870544434, 33.283782959, -8.02383613586, 38.7002258301, -30.3547458649, 44.7596321106], [559.836425781, -207.674209595, 138.676757812, 22.1110744476, -8.78854846954, 241.637969971, 19.9952697754, 51.22108078, -71.0322799683, 18.4826374054, -17.2027740479, 28.7792644501, -45.3491439819], [-544.370483398, 222.039978027, -73.2225341797, -59.7251243591, 93.4576034546, 19.9952697754, 225.177749634, 28.7046852112, 27.8443222046, -59.4353294373, 48.571598053, -21.9285545349, 32.7393074036], [329.418182373, -57.0727729797, 24.3842926025, -34.2228355408, -4.43870544434, 51.22108078, 28.7046852112, 124.433868408, 14.6855773926, 19.9242572784, -16.5701313019, 12.0281400681, -17.8767910004], [-394.982147217, 175.089416504, -18.0768127441, 23.9886627197, 33.283782959, -71.0322799683, 27.8443222046, 14.6855773926, 150.438796997, 12.7975540161, 29.9778938293, -39.3847084045, 33.4366645813], [152.634399414, -123.237243652, 69.4650878906, -1.42171347141, -8.02383613586, 18.4826374054, -59.4353294373, 19.9242572784, 12.7975540161, 101.536941528, -4.59745454788, 12.962179184, -26.5086765289], [-223.380126953, 158.40852356, -69.9886169434, -13.9267635345, 38.7002258301, -17.2027740479, 48.571598053, -16.5701313019, 29.9778938293, -4.59745454788, 118.258644104, 7.45260334015, 17.790561676], [73.1763076782, -120.580688477, 33.8482971191, -27.5305080414, -30.3547458649, 28.7792644501, -21.9285545349, 12.0281400681, -39.3847084045, 12.962179184, 7.45260334015, 82.2698364258, 0.08983117342], [-329.995117188, 128.723770142, -37.1266174316, 19.6916275024, 44.7596321106, -45.3491439819, 32.7393074036, -17.8767910004, 33.4366645813, -26.5086765289, 17.790561676, 0.08983117342, 83.1441955566]], "icov": [[0.000399501208449, -0.000921678205486, 0.000825816125143, -0.0013746736804, 0.000729737454094, -0.00101505592465, 0.000910458096769, -0.00142412702553, 0.00122981378809, -0.000977921648882, 0.000889395130798, -0.000769730715547, 0.00109984108713], [-0.000921678205486, 0.00461622234434, -0.0017705084756, 0.0031873008702, -0.00207243813202, 0.00338361342438, -0.00301660364494, 0.00331609952264, -0.00374258495867, 0.00378760718741, -0.00430795829743, 0.00414954451844, -0.00385838700458], [0.000825816125143, -0.0017705084756, 0.00284911692142, -0.00323855690658, 0.00144836737309, -0.00261078728363, 0.00180638360325, -0.00272825662978, 0.00212251534685, -0.00246899900958, 0.00239293649793, -0.00207170750946, 0.00240581389517], [-0.0013746736804, 0.0031873008702, -0.00323855690658, 0.00851824320853, -0.00247912853956, 0.0022436582949, -0.00152533082291, 0.00573432305828, -0.00512694055215, 0.00419251574203, -0.00321164983325, 0.00431455019861, -0.00538118137047], [0.000729737454094, -0.00207243813202, 0.00144836737309, -0.00247912853956, 0.0048280255869, -0.00215065851808, 0.000535503379069, -0.0024452903308, 0.00275697768666, -0.00320235011168, 0.00140476669185, -0.000381450663554, 0.00040007912321], [-0.00101505592465, 0.00338361342438, -0.00261078728363, 0.0022436582949, -0.00215065851808, 0.00988995470107, -0.00459791533649, 0.0012158487225, -0.000162217009347, 0.00192169635557, -0.00339583749883, 0.00195881957188, -0.000938018318266], [0.000910458096769, -0.00301660364494, 0.00180638360325, -0.00152533082291, 0.000535503379069, -0.00459791533649, 0.0107894148678, -0.00555258011445, 0.00215150346048, 0.00202121934853, -2.14892747863e-06, -0.000280508189462, 0.000993213383481], [-0.00142412702553, 0.00331609952264, -0.00272825662978, 0.00573432305828, -0.0024452903308, 0.0012158487225, -0.00555258011445, 0.016555454582, -0.00810363888741, 0.00177484564483, -8.7808832177e-05, -0.000208740442758, -0.00179329968523], [0.00122981378809, -0.00374258495867, 0.00212251534685, -0.00512694055215, 0.00275697768666, -0.000162217009347, 0.00215150346048, -0.00810363888741, 0.0162487011403, -0.00723982322961, 0.000525986368302, 0.00253603397869, -0.000282853405224], [-0.000977921648882, 0.00378760718741, -0.00246899900958, 0.00419251574203, -0.00320235011168, 0.00192169635557, 0.00202121934853, 0.00177484564483, -0.00723982322961, 0.0185161419213, -0.0047208876349, 0.00130951625761, 0.000340788596077], [0.000889395130798, -0.00430795829743, 0.00239293649793, -0.00321164983325, 0.00140476669185, -0.00339583749883, -2.14892747863e-06, -8.7808832177e-05, 0.000525986368302, -0.0047208876349, 0.0154992975295, -0.00785912387073, 0.00437764078379], [-0.000769730715547, 0.00414954451844, -0.00207170750946, 0.00431455019861, -0.000381450663554, 0.00195881957188, -0.000280508189462, -0.000208740442758, 0.00253603397869, 0.00130951625761, -0.00785912387073, 0.0220771431923, -0.00903153792024], [0.00109984108713, -0.00385838700458, 0.00240581389517, -0.00538118137047, 0.00040007912321, -0.000938018318266, 0.000993213383481, -0.00179329968523, -0.000282853405224, 0.000340788596077, 0.00437764078379, -0.00903153792024, 0.0225066002458]], "mean": [-27.6392459869, 111.114120483, -128.61390686, 73.443031311, -45.5274429321, 9.84011268616, -24.9050006866, 7.33416080475, -13.6711168289, -6.20630836487, -12.3584928513, -7.93794727325, -8.192902565]}, "hfc": {"dmean": 6.17110586166, "dmean2": 9.08773326874, "dvar": 101.819122314, "dvar2": 212.960159302, "max": 229.91973877, "mean": 19.1301727295, "median": 13.9312753677, "min": 1.13032867512e-16, "var": 343.636779785}, "melbands": {"dmean": [0.00206305622123, 0.00240766839124, 0.00120566447731, 0.000390957779018, 0.000108216459921, 0.000154620414833, 7.9715391621e-05, 7.79249603511e-05, 4.98784684169e-05, 6.74625625834e-05, 3.72517934011e-05, 1.6889478502e-05, 3.35694712703e-05, 4.41562879132e-05, 1.75155855686e-05, 2.48393462243e-05, 2.76664250123e-05, 1.80814695341e-05, 1.4099398868e-05, 1.61441876116e-05, 2.33948667301e-05, 1.90417722479e-05, 1.93832311197e-05, 1.57005142682e-05, 1.42375502037e-05, 1.15949651445e-05, 9.22376148083e-06, 7.20810976418e-06, 4.59635430161e-06, 4.15228578277e-06, 3.48679486706e-06, 3.2232767353e-06, 3.03287765746e-06, 2.0727491119e-06, 1.27171324493e-06, 8.17123236629e-07, 4.35209784655e-07, 2.83733101014e-07, 2.1584037313e-07, 1.35404221169e-07], "dmean2": [0.00333579420112, 0.00402798643336, 0.00204857857898, 0.000656262447592, 0.000180779534276, 0.000266219663899, 0.000137713752338, 0.000124619662529, 8.02112481324e-05, 0.000105639133835, 5.69640433241e-05, 2.65024173132e-05, 5.11263860972e-05, 6.83940743329e-05, 2.76988466794e-05, 3.88064945582e-05, 4.3869993533e-05, 2.89019499178e-05, 2.27817217819e-05, 2.64052996499e-05, 3.87877807952e-05, 3.18982238241e-05, 3.17573867505e-05, 2.57571246038e-05, 2.33820537687e-05, 1.86185079656e-05, 1.52650663949e-05, 1.21550428958e-05, 7.5523025771e-06, 6.72114902045e-06, 5.44637669009e-06, 4.93325114803e-06, 4.63440028398e-06, 3.12088195642e-06, 1.88292074199e-06, 1.19262165299e-06, 6.07572417266e-07, 3.88072123769e-07, 2.85912079789e-07, 1.77563535431e-07], "dvar": [1.72673408088e-05, 2.27893033298e-05, 3.46331125911e-06, 3.85800746017e-07, 3.36061525275e-08, 1.06456973015e-07, 3.09608267912e-08, 3.62373633322e-08, 1.5157759492e-08, 2.76555258694e-08, 7.96525601032e-09, 2.14970130585e-09, 1.03642339155e-08, 2.64947708217e-08, 3.18726578463e-09, 6.30864471773e-09, 6.39692077087e-09, 1.71620229139e-09, 1.61278934652e-09, 2.14589013225e-09, 2.01446614945e-09, 1.28992239112e-09, 1.39147271483e-09, 1.10789610819e-09, 8.5891194157e-10, 5.97989546769e-10, 3.45371592436e-10, 2.00177582843e-10, 7.79363865111e-11, 7.37617467106e-11, 8.78105296809e-11, 1.12009762576e-10, 1.44138770364e-10, 7.49827422375e-11, 3.04459270295e-11, 7.74993264008e-12, 1.65819886034e-12, 7.37261651469e-13, 3.48239232589e-13, 9.73774012814e-14], "dvar2": [3.89804736187e-05, 5.94112716499e-05, 9.1517031251e-06, 1.01907562566e-06, 8.6668094923e-08, 2.93254345252e-07, 8.42199625595e-08, 8.90382949592e-08, 3.55024205589e-08, 6.79850273855e-08, 1.81162658208e-08, 4.4293146928e-09, 2.38726425295e-08, 6.54976446413e-08, 7.76788855461e-09, 1.4858146713e-08, 1.48126586552e-08, 3.82630949147e-09, 3.63550900495e-09, 5.44271205882e-09, 4.98573182739e-09, 3.37743499834e-09, 3.51401951981e-09, 2.7162077032e-09, 2.08526551582e-09, 1.41032641121e-09, 8.16816614346e-10, 5.00767427525e-10, 1.86802490143e-10, 1.69391028981e-10, 2.02916336511e-10, 2.50388043632e-10, 3.44347661496e-10, 1.83500867279e-10, 7.46873118906e-11, 1.81072604827e-11, 3.6191475164e-12, 1.61671457471e-12, 6.62722155799e-13, 1.73963274341e-13], "max": [0.0395611748099, 0.0397368110716, 0.0266731157899, 0.00958340521902, 0.00356446602382, 0.00583789404482, 0.00355931743979, 0.00398071343079, 0.00300498586148, 0.00421554408967, 0.00282437494025, 0.00220503192395, 0.00260319630615, 0.00538498628885, 0.00151439197361, 0.00196111295372, 0.00209121755324, 0.00133717129938, 0.00141225557309, 0.00247641094029, 0.00130804302171, 0.00124559563119, 0.00107003015, 0.00107734568883, 0.000792640959844, 0.00107467209455, 0.000665364204906, 0.000376443786081, 0.00019009965763, 0.000270780670689, 0.000310440082103, 0.000374539900804, 0.000434423505794, 0.000344839412719, 0.000239096654695, 0.000102810750832, 5.27776755916e-05, 5.05904790771e-05, 3.26546432916e-05, 1.06043498818e-05], "mean": [0.00287241535261, 0.00306084868498, 0.00161164067686, 0.000577958184294, 0.00016379027511, 0.000192141131265, 9.96071757982e-05, 0.000117422947369, 7.56395020289e-05, 0.000115378788905, 6.49911889923e-05, 2.73154037131e-05, 6.47931155981e-05, 8.37521947687e-05, 2.88798910333e-05, 4.07130137319e-05, 4.51672676718e-05, 2.97195165331e-05, 2.2498479666e-05, 2.71289281955e-05, 4.12188128394e-05, 3.48029279849e-05, 3.5827713873e-05, 2.92369604722e-05, 2.67235591309e-05, 2.31498306675e-05, 1.57117683557e-05, 1.15433322208e-05, 7.95083269622e-06, 6.9412171797e-06, 5.23910648553e-06, 4.85938790007e-06, 4.71363227916e-06, 3.17299850394e-06, 1.99121791411e-06, 1.29578677388e-06, 7.34787647616e-07, 4.67102552193e-07, 3.31597817649e-07, 2.0361130737e-07], "median": [0.00148245494347, 0.00165030441713, 0.00105017586611, 0.000349928683136, 8.94518525456e-05, 8.46067923703e-05, 4.35400761489e-05, 3.644723256e-05, 3.03935994452e-05, 3.80466299248e-05, 2.47209391091e-05, 9.57809425017e-06, 8.44006626721e-06, 9.1043593784e-06, 7.32939042791e-06, 9.68562380876e-06, 1.45904905366e-05, 1.17374538604e-05, 8.41704240884e-06, 1.21653447422e-05, 2.37001222558e-05, 2.18847017095e-05, 2.03201525437e-05, 1.24081261674e-05, 1.25320166262e-05, 1.20086988318e-05, 8.41410746943e-06, 5.73106672164e-06, 4.19380785388e-06, 3.80148526347e-06, 1.91184676623e-06, 1.2598856074e-06, 1.19077253657e-06, 7.26409439267e-07, 4.7734488362e-07, 3.04548052554e-07, 1.93200207832e-07, 1.00501509337e-07, 6.6058582604e-08, 3.92419288175e-08], "min": [3.87352003708e-24, 1.62061464305e-24, 2.28581223365e-24, 2.68209295952e-24, 3.11172633002e-24, 2.35663498243e-24, 3.89814669682e-24, 2.29770194522e-24, 9.13420563041e-25, 3.21852547482e-24, 2.10943634588e-24, 3.72146354772e-24, 1.24731205485e-24, 5.22840954661e-24, 5.7477462628e-24, 4.82630308296e-24, 3.15339987949e-24, 4.53297186067e-24, 4.22369105417e-24, 3.18199352351e-24, 2.85117405328e-24, 3.73838619186e-24, 3.31009467376e-24, 4.04215522722e-24, 3.52476502531e-24, 5.34128568139e-24, 4.51658800853e-24, 3.94115460451e-24, 4.9105632884e-24, 4.83651173194e-24, 5.68757234738e-24, 4.8793003363e-24, 5.79291998811e-24, 5.17946388289e-24, 5.65405759182e-24, 5.50708333885e-24, 6.12432637085e-24, 5.30260309804e-24, 6.03554638685e-24, 5.2492417854e-24], "var": [2.36926898651e-05, 2.35768984567e-05, 3.5154841953e-06, 4.93177765293e-07, 5.49575069897e-08, 1.08514115027e-07, 3.18417470169e-08, 6.41788417965e-08, 2.6723816049e-08, 6.39812753889e-08, 1.83548465316e-08, 4.55453896819e-09, 3.52667441916e-08, 7.87802747482e-08, 6.07287642396e-09, 1.20906298307e-08, 1.24144188263e-08, 3.71660080489e-09, 3.34731087293e-09, 3.80867826166e-09, 4.17578771561e-09, 2.41195508011e-09, 2.9399551682e-09, 3.02694713739e-09, 1.95037808126e-09, 1.4028762596e-09, 6.57269627613e-10, 3.85305426454e-10, 1.55377710698e-10, 1.31787580848e-10, 1.36087752178e-10, 1.77805464796e-10, 2.09980643984e-10, 1.02867853125e-10, 4.36554854766e-11, 1.32054931226e-11, 3.36462845432e-12, 1.304094094e-12, 6.46153323989e-13, 1.98187522166e-13]}, "melbands_crest": {"dmean": 3.74907279015, "dmean2": 6.28097867966, "dvar": 11.4440050125, "dvar2": 29.4893188477, "max": 40, "mean": 15.2117195129, "median": 14.2381353378, "min": 1.91261529922, "var": 27.8983917236}, "melbands_flatness_db": {"dmean": 0.0374243482947, "dmean2": 0.0585770308971, "dvar": 0.00174115307163, "dvar2": 0.00384677224793, "max": 1, "mean": 0.224896743894, "median": 0.206057310104, "min": 0.00454211235046, "var": 0.00939645152539}, "melbands_kurtosis": {"dmean": 8452785, "dmean2": 15780422, "dvar": 135347647996000000, "dvar2": 282030264442000000, "max": 29098956800, "mean": 158554112, "median": 12.314455986, "min": -1.83965885639, "var": 4367546058550000000}, "melbands_skewness": {"dmean": 32.515712738, "dmean2": 61.1935157776, "dvar": 2672534, "dvar2": 5504481, "max": 129178.453125, "mean": 718.556762695, "median": 3.30980539322, "min": -2.36741447449, "var": 88719152}, "melbands_spread": {"dmean": 9.62868595123, "dmean2": 15.5266523361, "dvar": 156.448287964, "dvar2": 357.186431885, "max": 208.586257935, "mean": 25.4793624878, "median": 20.5762710571, "min": 1.63173279333e-08, "var": 443.909484863}, "mfcc": {"cov": [[7326.30175781, -306.80166626, -343.142913818, -54.0020637512, -39.0135955811, 73.4553146362, 0.371002286673, 116.233673096, -154.400146484, 29.8461036682, 104.508514404, 1.5127774477, -70.9596252441], [-306.80166626, 1031.83886719, -273.280303955, 179.352264404, 7.68013811111, -43.7862854004, 73.9924850464, 50.8696212769, 54.6589660645, 60.1024513245, 9.53575611115, 63.5687446594, 6.96520471573], [-343.142913818, -273.280303955, 885.641540527, 61.2196769714, 44.894908905, 87.5753173828, -52.4473190308, 3.67934513092, -9.89348125458, 5.62976789474, 31.6321792603, -61.7869720459, 3.72705841064], [-54.0020637512, 179.352264404, 61.2196769714, 319.22265625, 95.425743103, 37.444770813, -32.4732131958, -20.090719223, 32.1679420471, 29.6366996765, -15.1808195114, -5.97794485092, -7.77778148651], [-39.0135955811, 7.68013811111, 44.894908905, 95.425743103, 216.945388794, 64.143371582, 8.41621303558, -23.5419998169, 15.7318000793, 22.4479389191, 13.0364265442, -0.825723588467, -12.1366062164], [73.4553146362, -43.7862854004, 87.5753173828, 37.444770813, 64.143371582, 152.878036499, 63.5520057678, 19.6997776031, -4.27517700195, 3.87597608566, 14.7026939392, -7.3595161438, -12.8065195084], [0.371002286673, 73.9924850464, -52.4473190308, -32.4732131958, 8.41621303558, 63.5520057678, 184.71975708, 80.353767395, 2.65199398994, -8.42396259308, 8.78242874146, 13.1972560883, -7.13295888901], [116.233673096, 50.8696212769, 3.67934513092, -20.090719223, -23.5419998169, 19.6997776031, 80.353767395, 133.639846802, 22.1341838837, 11.1063480377, 10.8393335342, 0.117591612041, 3.85299921036], [-154.400146484, 54.6589660645, -9.89348125458, 32.1679420471, 15.7318000793, -4.27517700195, 2.65199398994, 22.1341838837, 112.769264221, 34.4620170593, -5.21811962128, -3.70999932289, -9.9767074585], [29.8461036682, 60.1024513245, 5.62976789474, 29.6366996765, 22.4479389191, 3.87597608566, -8.42396259308, 11.1063480377, 34.4620170593, 102.543502808, 39.6878662109, 7.72278022766, -13.5236387253], [104.508514404, 9.53575611115, 31.6321792603, -15.1808195114, 13.0364265442, 14.7026939392, 8.78242874146, 10.8393335342, -5.21811962128, 39.6878662109, 83.8623733521, 22.2050209045, -4.64710855484], [1.5127774477, 63.5687446594, -61.7869720459, -5.97794485092, -0.825723588467, -7.3595161438, 13.1972560883, 0.117591612041, -3.70999932289, 7.72278022766, 22.2050209045, 67.4366836548, 21.46991539], [-70.9596252441, 6.96520471573, 3.72705841064, -7.77778148651, -12.1366062164, -12.8065195084, -7.13295888901, 3.85299921036, -9.9767074585, -13.5236387253, -4.64710855484, 21.46991539, 62.5767555237]], "icov": [[0.000161438598298, 7.62518320698e-05, 0.000120413635159, -6.55163239571e-05, 2.93611246889e-05, -0.000108909691335, 0.000168535974808, -0.000296719983453, 0.000277354673017, -2.85227870336e-05, -0.000190223334357, 1.36384517191e-06, 0.000203609946766], [7.62518320698e-05, 0.00146522803698, 0.00039368335274, -0.00109294825234, 0.000218296612729, 0.000666310952511, -0.000702786666807, -0.000370404246496, -4.56445814052e-05, -0.000530402816366, -0.000176829256816, -0.00079662411008, 2.37670828938e-05], [0.000120413635159, 0.00039368335274, 0.00159943627659, -0.000469801860163, 5.98571168666e-05, -0.000850187730975, 0.000689774460625, -0.000578354054596, 0.000202138995519, 0.000127377483295, -0.00119728094433, 0.00141308957245, -0.00062306295149], [-6.55163239571e-05, -0.00109294825234, -0.000469801860163, 0.00485517131165, -0.00164079724345, -0.00132880860474, 0.0014855270274, 0.000225391064305, -0.000563229783438, -0.000732230837457, 0.00189713214058, -4.48336504633e-05, 0.00015230626741], [2.93611246889e-05, 0.000218296612729, 5.98571168666e-05, -0.00164079724345, 0.0063184783794, -0.00210565770976, -0.000616083794739, 0.00167333486024, -0.000716742128134, -0.000595282122958, -0.000887351401616, -5.29632743564e-05, 0.000132116038003], [-0.000108909691335, 0.000666310952511, -0.000850187730975, -0.00132880860474, -0.00210565770976, 0.0104555645958, -0.00436701625586, 0.000342699175235, 0.000596580619458, -1.16651854114e-05, -0.00102720211726, 0.000592113821767, 0.000713460089173], [0.000168535974808, -0.000702786666807, 0.000689774460625, 0.0014855270274, -0.000616083794739, -0.00436701625586, 0.0104883797467, -0.00577363371849, 0.000585972913541, 0.00184156780597, 0.000212491766433, -0.00203984999098, 0.00215777847916], [-0.000296719983453, -0.000370404246496, -0.000578354054596, 0.000225391064305, 0.00167333486024, 0.000342699175235, -0.00577363371849, 0.0123526500538, -0.00271817250177, -0.00115107989404, -0.00100359926, 0.00220697629265, -0.00277067208663], [0.000277354673017, -4.56445814052e-05, 0.000202138995519, -0.000563229783438, -0.000716742128134, 0.000596580619458, 0.000585972913541, -0.00271817250177, 0.0115998955444, -0.00408613029867, 0.00256542931311, -0.000149578714627, 0.00166294455994], [-2.85227870336e-05, -0.000530402816366, 0.000127377483295, -0.000732230837457, -0.000595282122958, -1.16651854114e-05, 0.00184156780597, -0.00115107989404, -0.00408613029867, 0.0151909515262, -0.00733921118081, -6.24629756203e-05, 0.00219894968905], [-0.000190223334357, -0.000176829256816, -0.00119728094433, 0.00189713214058, -0.000887351401616, -0.00102720211726, 0.000212491766433, -0.00100359926, 0.00256542931311, -0.00733921118081, 0.0190184079111, -0.00697959866375, 0.00244472920895], [1.36384517191e-06, -0.00079662411008, 0.00141308957245, -4.48336504633e-05, -5.29632743564e-05, 0.000592113821767, -0.00203984999098, 0.00220697629265, -0.000149578714627, -6.24629756203e-05, -0.00697959866375, 0.0223240293562, -0.0084720030427], [0.000203609946766, 2.37670828938e-05, -0.00062306295149, 0.00015230626741, 0.000132116038003, 0.000713460089173, 0.00215777847916, -0.00277067208663, 0.00166294455994, 0.00219894968905, 0.00244472920895, -0.0084720030427, 0.0206814669073]], "mean": [-651.473266602, 115.272186279, -8.61424350739, 58.097820282, 8.38804721832, 12.9590291977, 1.41955435276, 12.3245105743, 3.03701066971, 6.15827655792, 1.15384411812, 1.67159330845, -3.20090079308]}, "pitch_salience": {"dmean": 0.0882679149508, "dmean2": 0.146423965693, "dvar": 0.00700369989499, "dvar2": 0.0181187968701, "max": 0.865990877151, "mean": 0.527607500553, "median": 0.544308245182, "min": 1.63511831488e-05, "var": 0.0156628321856}, "silence_rate_20dB": {"dmean": 0, "dmean2": 0, "dvar": 0, "dvar2": 0, "max": 1, "mean": 1, "median": 1, "min": 1, "var": 0}, "silence_rate_30dB": {"dmean": 0.0191966444254, "dmean2": 0.038396384567, "dvar": 0.0188281331211, "dvar2": 0.048860475421, "max": 1, "mean": 0.986611843109, "median": 1, "min": 0, "var": 0.0132089331746}, "silence_rate_60dB": {"dmean": 0.00806581694633, "dmean2": 0.0161329358816, "dvar": 0.00800075940788, "dvar2": 0.0192605797201, "max": 1, "mean": 0.0427453815937, "median": 0, "min": 0, "var": 0.0409182161093}, "spectral_centroid": {"dmean": 351.100036621, "dmean2": 578.499206543, "dvar": 156527.75, "dvar2": 393518.71875, "max": 11596.2861328, "mean": 1749.54370117, "median": 1751.91296387, "min": 137.288345337, "var": 1082086.75}, "spectral_complexity": {"dmean": 4.64236164093, "dmean2": 7.37791395187, "dvar": 29.4066963196, "dvar2": 68.2594528198, "max": 64, "mean": 21.2349376678, "median": 21, "min": 0, "var": 160.269271851}, "spectral_contrast_coeffs": {"dmean": [0.0582781769335, 0.0471813865006, 0.0382767654955, 0.028686195612, 0.0212831553072, 0.0214933417737], "dmean2": [0.0959734320641, 0.0784926488996, 0.0619568563998, 0.0472716391087, 0.0346754901111, 0.0341876707971], "dvar": [0.00236181472428, 0.00138058827724, 0.000961325946264, 0.000525299925357, 0.000311387964757, 0.000480316317407], "dvar2": [0.00610064901412, 0.00378650589846, 0.00242395373061, 0.0013783905888, 0.000782260322012, 0.00124164938461], "max": [-0.38911229372, -0.483619511127, -0.524417877197, -0.545021355152, -0.591377139091, -0.520561099052], "mean": [-0.667368531227, -0.761072099209, -0.775195300579, -0.793024420738, -0.792682766914, -0.704923808575], "median": [-0.672017514706, -0.766212940216, -0.782970488071, -0.796525537968, -0.79650592804, -0.70763361454], "min": [-0.978094637394, -0.980220496655, -0.982093334198, -0.971019387245, -0.965567350388, -0.966198980808], "var": [0.00520301796496, 0.00416100583971, 0.00448951404542, 0.00237012282014, 0.00175434991252, 0.00206712679937]}, "spectral_contrast_valleys": {"dmean": [0.385213404894, 0.39558327198, 0.3428183496, 0.319142609835, 0.276548177004, 0.342062652111], "dmean2": [0.635206103325, 0.651738226414, 0.553828835487, 0.506191074848, 0.433784514666, 0.42163130641], "dvar": [0.113871946931, 0.146774500608, 0.122660554945, 0.137557700276, 0.151824399829, 0.20377869904], "dvar2": [0.277704060078, 0.346229374409, 0.280329436064, 0.3016294837, 0.324606478214, 0.330847561359], "max": [-5.09245300293, -4.74112129211, -5.42344141006, -5.37633037567, -5.28558492661, -7.62989997864], "mean": [-6.96102571487, -7.18158578873, -7.8314781189, -7.90087652206, -7.22890853882, -10.7419147491], "median": [-6.67006778717, -6.96803474426, -7.61493778229, -7.61826992035, -6.90340089798, -10.5133533478], "min": [-28.2513275146, -27.896900177, -27.7909603119, -27.6257095337, -27.5606918335, -27.4570045471], "var": [3.67150235176, 3.50407481194, 3.38589596748, 3.48104214668, 3.6892478466, 3.364153862]}, "spectral_decrease": {"dmean": 3.4192029208e-09, "dmean2": 5.41607869664e-09, "dvar": 2.62260739953e-17, "dvar2": 6.31971348121e-17, "max": 9.81271056686e-29, "mean": -7.35976701804e-09, "median": -5.5264797183e-09, "min": -4.66413467848e-08, "var": 4.34576507074e-17}, "spectral_energy": {"dmean": 0.0132317105308, "dmean2": 0.0208476502448, "dvar": 0.000376882875571, "dvar2": 0.000904650252778, "max": 0.178030267358, "mean": 0.0295126326382, "median": 0.022460270673, "min": 1.04165117783e-20, "var": 0.000651818234473}, "spectral_energyband_high": {"dmean": 0.000475845357869, "dmean2": 0.000700858479831, "dvar": 1.41906502904e-06, "dvar2": 2.97528231386e-06, "max": 0.0360962823033, "mean": 0.000911526149139, "median": 0.000408654363127, "min": 7.07819177176e-21, "var": 2.87727630166e-06}, "spectral_energyband_low": {"dmean": 0.0110153798014, "dmean2": 0.0176765806973, "dvar": 0.000388194050174, "dvar2": 0.000950015441049, "max": 0.171544849873, "mean": 0.0171262994409, "median": 0.0101014999673, "min": 2.82556060744e-23, "var": 0.000539301196113}, "spectral_energyband_middle_high": {"dmean": 0.00160557881463, "dmean2": 0.00250501115806, "dvar": 6.57300415696e-06, "dvar2": 1.44376217577e-05, "max": 0.0491006672382, "mean": 0.00485709775239, "median": 0.00286429771222, "min": 1.26491718121e-21, "var": 3.25017208525e-05}, "spectral_energyband_middle_low": {"dmean": 0.00428513344377, "dmean2": 0.00699200388044, "dvar": 3.82642720069e-05, "dvar2": 9.31377435336e-05, "max": 0.0940237939358, "mean": 0.00812418013811, "median": 0.00593512551859, "min": 2.09602765898e-22, "var": 5.84813824389e-05}, "spectral_entropy": {"dmean": 0.140039861202, "dmean2": 0.220668032765, "dvar": 0.0295378565788, "dvar2": 0.0649387463927, "max": 9.823802948, "mean": 7.66022205353, "median": 7.680352211, "min": 5.56113767624, "var": 0.131758496165}, "spectral_flux": {"dmean": 0.0320959873497, "dmean2": 0.0506623908877, "dvar": 0.00137084838934, "dvar2": 0.0030887038447, "max": 0.347332268953, "mean": 0.0938502252102, "median": 0.0803440138698, "min": 6.44381492609e-11, "var": 0.0030451354105}, "spectral_kurtosis": {"dmean": 1.53194153309, "dmean2": 2.69154548645, "dvar": 3.11956572533, "dvar2": 9.29880714417, "max": 37.9118499756, "mean": 3.02822637558, "median": 2.56526064873, "min": -1.27219176292, "var": 5.39959621429}, "spectral_rms": {"dmean": 0.00108068704139, "dmean2": 0.00165280560032, "dvar": 1.52008772147e-06, "dvar2": 3.28000760419e-06, "max": 0.0131790768355, "mean": 0.00494865188375, "median": 0.00468107452616, "min": 3.18785991528e-12, "var": 4.3036588977e-06}, "spectral_rolloff": {"dmean": 601.227600098, "dmean2": 1037.30737305, "dvar": 763054, "dvar2": 1745710.375, "max": 21145.6054688, "mean": 1451.21179199, "median": 1076.66015625, "min": 21.533203125, "var": 2073625}, "spectral_skewness": {"dmean": 0.214149028063, "dmean2": 0.363146156073, "dvar": 0.0470870360732, "dvar2": 0.130783870816, "max": 3.39177370071, "mean": 0.960054636002, "median": 0.935852825642, "min": -0.435833334923, "var": 0.126547589898}, "spectral_spread": {"dmean": 382924.6875, "dmean2": 538718.8125, "dvar": 325564628992, "dvar2": 596990492672, "max": 42599876, "mean": 4006827.75, "median": 3577461.75, "min": 1293034.25, "var": 10598277447700.0}, "spectral_strongpeak": {"dmean": 0.432786