{"lowlevel": {"average_loudness": 0.701355099678, "barkbands": {"dmean": [3.37772653438e-05, 0.00111059378833, 0.000817167107016, 0.000568172079511, 0.00144949066453, 0.00162455649115, 0.00122664368246, 0.00121165800374, 0.000867923605256, 0.000389039894799, 0.000286194612272, 0.000412391877035, 0.000174093889655, 0.000127001621877, 0.000128009603941, 6.33287636447e-05, 5.39165412192e-05, 3.41499871865e-05, 3.11035219056e-05, 1.42107537613e-05, 9.79318610916e-06, 8.08678305475e-06, 9.57574957283e-06, 1.46327183757e-05, 2.12070353882e-05, 2.66872029897e-05, 1.56537280418e-05], "dmean2": [4.97467626701e-05, 0.00177913648076, 0.00134094827808, 0.0009268723079, 0.00229379418306, 0.00240824976936, 0.00172116875183, 0.00186608696822, 0.00128308800049, 0.000605418870691, 0.000432186789112, 0.00064432277577, 0.000275230326224, 0.000198596302653, 0.00019516912289, 9.96786548058e-05, 8.54379250086e-05, 5.39251232112e-05, 4.89305784868e-05, 2.18865479837e-05, 1.47004911923e-05, 1.12750622066e-05, 1.34419051392e-05, 1.9551587684e-05, 2.86403119389e-05, 3.59513651347e-05, 2.43975591729e-05], "dvar": [1.10809343923e-08, 1.90734208445e-05, 5.71426426177e-06, 1.24116559164e-06, 6.7018977461e-06, 1.00316656244e-05, 8.59005740494e-06, 1.2325550415e-05, 5.57110570298e-06, 9.03319687495e-07, 1.12714337774e-06, 1.98811494556e-06, 2.98561900536e-07, 2.37623822841e-07, 2.44580490971e-07, 2.14374615837e-08, 1.82499544366e-08, 1.7215532111e-08, 1.34788029627e-08, 2.39894726306e-09, 1.30967980905e-09, 1.38085465284e-09, 3.86838250321e-09, 8.61796056739e-09, 2.08129282697e-08, 3.53221061289e-08, 2.0277761692e-08], "dvar2": [2.28941843261e-08, 4.9873295211e-05, 1.5891790099e-05, 3.29978479385e-06, 1.75202294486e-05, 2.17243850784e-05, 1.50924133777e-05, 3.12321790261e-05, 1.13694604806e-05, 2.08910296351e-06, 2.57849819718e-06, 4.51693858849e-06, 7.09946164079e-07, 5.01605200043e-07, 4.76650427572e-07, 4.67165826024e-08, 4.30610569424e-08, 4.40314096295e-08, 3.25557429903e-08, 5.66275870639e-09, 3.03007863245e-09, 2.26370611145e-09, 6.66104860159e-09, 1.37936906341e-08, 3.4056995446e-08, 5.62257334025e-08, 4.79447983537e-08], "max": [0.00263395067304, 0.0754609256983, 0.036736626178, 0.0234806444496, 0.056723959744, 0.0634270459414, 0.0908228382468, 0.0731094330549, 0.0718002989888, 0.0286520794034, 0.0445779338479, 0.0393572673202, 0.0162504687905, 0.0154365049675, 0.0360448174179, 0.00477506965399, 0.00447701103985, 0.0073414100334, 0.00379754346795, 0.00110629352275, 0.00125922367442, 0.00180450011976, 0.00316894659773, 0.00558018684387, 0.00663917372003, 0.0118325399235, 0.0066269445233], "mean": [8.42802764964e-05, 0.00212418730371, 0.00146868242882, 0.000940991041716, 0.00314115500078, 0.00351398158818, 0.00303297140636, 0.00241988175549, 0.00191181665286, 0.000760561262723, 0.000542398774996, 0.000847166404128, 0.000316598627251, 0.000247138465056, 0.000268048082944, 0.00013434504217, 0.00011227333016, 6.42715749564e-05, 5.40030305274e-05, 2.43909307756e-05, 1.92065217561e-05, 1.45244903251e-05, 1.68640071934e-05, 2.31589383475e-05, 3.16437435686e-05, 3.80516139558e-05, 1.87855803233e-05], "median": [7.10145423e-06, 0.0012547718361, 0.000635002448689, 0.000412304827478, 0.00184007163625, 0.00171275099274, 0.000807880074717, 0.000358629476978, 0.00032646022737, 0.000204723182833, 7.30865067453e-05, 0.000111823304906, 6.55578987789e-05, 3.86134270229e-05, 5.23386370332e-05, 4.52790700365e-05, 3.69540648535e-05, 1.93398063857e-05, 1.3700549971e-05, 4.77817229694e-06, 3.93937216359e-06, 2.11459382626e-06, 2.04057459996e-06, 1.62607739185e-06, 2.11483552448e-06, 2.38429151977e-06, 1.52696156874e-06], "min": [6.28592137184e-24, 5.25204310936e-23, 1.17716892946e-23, 6.01836657406e-24, 2.08983816165e-23, 3.94413476324e-23, 3.82584948812e-23, 3.61986181301e-23, 7.80680796287e-23, 6.38761879539e-23, 5.27677452982e-23, 6.44019353482e-23, 1.84459825095e-22, 1.0362405538e-22, 1.29066618176e-22, 9.47719000633e-23, 3.21199876312e-22, 2.35063232681e-22, 3.47882358057e-22, 2.9698553208e-22, 4.34153701265e-22, 4.73147259893e-22, 5.91928962022e-22, 6.00811510572e-22, 1.67676659138e-21, 1.80281853658e-21, 2.46017913094e-21], "var": [3.06110230497e-08, 1.72234249476e-05, 6.44476267553e-06, 2.07254811357e-06, 1.69836403074e-05, 2.97944407066e-05, 4.62849275209e-05, 4.13618545281e-05, 2.45430546784e-05, 2.50581069849e-06, 3.73617331206e-06, 8.48103809403e-06, 8.17172178813e-07, 7.69801147271e-07, 1.18156185636e-06, 7.2507937432e-08, 5.0296410592e-08, 2.34820252132e-08, 1.98499687798e-08, 3.99998922873e-09, 2.37160024952e-09, 3.94166788098e-09, 1.06451230053e-08, 2.10169002202e-08, 5.47662821759e-08, 9.58499981607e-08, 2.06211421272e-08]}, "barkbands_crest": {"dmean": 2.14336895943, "dmean2": 3.38630247116, "dvar": 4.25517845154, "dvar2": 10.7089700699, "max": 26.8559494019, "mean": 10.8013620377, "median": 10.0182209015, "min": 2.96247720718, "var": 16.2339744568}, "barkbands_flatness_db": {"dmean": 0.0178480371833, "dmean2": 0.0256669130176, "dvar": 0.00035637037945, "dvar2": 0.00070239265915, "max": 0.485515743494, "mean": 0.187050566077, "median": 0.187785789371, "min": 0.0219926834106, "var": 0.00288905645721}, "barkbands_kurtosis": {"dmean": 3.4376308918, "dmean2": 5.06438112259, "dvar": 139.220336914, "dvar2": 245.765853882, "max": 1409.56677246, "mean": 9.09797000885, "median": 4.28269290924, "min": -1.90081381798, "var": 2507.58911133}, "barkbands_skewness": {"dmean": 0.447920292616, "dmean2": 0.661253213882, "dvar": 0.275605887175, "dvar2": 0.569149136543, "max": 35.6863098145, "mean": 1.65497457981, "median": 1.47353565693, "min": -2.3092610836, "var": 3.06827950478}, "barkbands_spread": {"dmean": 2.96504640579, "dmean2": 4.34399843216, "dvar": 41.9865913391, "dvar2": 73.7836837769, "max": 142.591873169, "mean": 10.9087905884, "median": 8.58543300629, "min": 0.315589547157, "var": 119.828552246}, "dissonance": {"dmean": 0.0292454324663, "dmean2": 0.0492159351707, "dvar": 0.000760281691328, "dvar2": 0.00203859945759, "max": 0.5, "mean": 0.426820963621, "median": 0.434093385935, "min": 0.175360679626, "var": 0.00207149074413}, "dynamic_complexity": 4.7106218338, "erbbands": {"dmean": [0.0300530381501, 0.261004924774, 0.793395936489, 1.46446609497, 3.45517635345, 5.19059085846, 8.6726398468, 14.934012413, 18.4677066803, 15.922542572, 28.930934906, 20.5558872223, 12.4580688477, 12.8628807068, 11.6347703934, 14.1098165512, 7.04750967026, 6.4005317688, 7.31487703323, 4.59402227402, 3.33101129532, 2.64537525177, 1.89886343479, 1.5814166069, 1.37582409382, 0.656373262405, 0.431936174631, 0.374270170927, 0.282494783401, 0.28512018919, 0.279950499535, 0.266666710377, 0.273691624403, 0.205623909831, 0.172939196229, 0.115345068276, 0.0485656931996, 0.0142718879506, 0.00275846407749, 0.000161837000633], "dmean2": [0.050405792892, 0.407599717379, 1.2854899168, 2.3563785553, 5.62940883636, 8.24300479889, 12.8947248459, 22.1410236359, 26.5540428162, 22.3864173889, 44.18019104, 29.9163322449, 18.5594615936, 19.809720993, 17.3334751129, 22.1216220856, 11.2178812027, 9.76974773407, 11.0445508957, 6.97760295868, 5.21873378754, 4.14570236206, 2.94766736031, 2.4762005806, 2.12569689751, 1.0070759058, 0.652489840984, 0.560184776783, 0.396798342466, 0.387363940477, 0.400433659554, 0.373809546232, 0.371620774269, 0.280025094748, 0.238283023238, 0.15255522728, 0.0680574923754, 0.0216701310128, 0.00428637303412, 0.000257491425145], "dvar": [0.0144560327753, 0.984044909477, 4.9112906456, 11.1794137955, 43.7532958984, 120.15826416, 382.466461182, 1003.97631836, 1948.45837402, 1467.31677246, 7607.81396484, 3687.09350586, 1079.35571289, 1312.85546875, 1367.58178711, 2385.78295898, 436.451202393, 539.663269043, 1002.20635986, 136.467590332, 58.1182479858, 46.2715873718, 48.3932800293, 27.7791881561, 35.7958030701, 4.78829479218, 2.1145734787, 2.37218856812, 1.63909387589, 2.85708451271, 3.5746781826, 3.04520893097, 3.21733951569, 1.95584142208, 1.44707500935, 0.79938262701, 0.115642957389, 0.0124081755057, 0.000620857579634, 2.38549523601e-06], "dvar2": [0.0395365431905, 2.49535799026, 13.2144775391, 28.6024723053, 122.473106384, 313.053192139, 838.41595459, 2185.41943359, 3595.13354492, 2633.26708984, 19708.5488281, 7144.93798828, 2433.75366211, 3059.35058594, 2883.42211914, 5712.11328125, 1066.49316406, 1193.82336426, 1921.0501709, 293.444549561, 136.028823853, 106.51915741, 120.949890137, 67.7095489502, 87.6666030884, 11.1016750336, 4.80187320709, 5.47389316559, 2.8004424572, 4.66221475601, 7.17940950394, 5.40802621841, 4.91241550446, 3.18864035606, 2.51265621185, 1.24197292328, 0.205670028925, 0.0287257488817, 0.00143684039358, 5.65448317502e-06], "max": [2.05593180656, 17.0316505432, 33.0648155212, 59.9412879944, 127.882263184, 298.701965332, 525.23034668, 735.872009277, 1355.82434082, 1396.34545898, 1974.24304199, 2047.95214844, 789.493530273, 1594.2355957, 1499.22570801, 1610.63232422, 604.279724121, 896.858520508, 2299.97998047, 293.026275635, 186.540527344, 253.005126953, 391.24105835, 184.660583496, 210.85949707, 42.8101882935, 53.8255348206, 50.8321037292, 60.8585472107, 86.5233154297, 103.539001465, 87.7436676025, 106.361450195, 67.165222168, 52.0876083374, 65.1063766479, 19.1443557739, 4.77398633957, 1.22749853134, 0.0772929787636], "mean": [0.059850204736, 0.484809786081, 1.64163935184, 2.57328057289, 6.42858219147, 10.6178483963, 18.73396492, 31.8325748444, 46.1401100159, 36.3939170837, 60.4876441956, 45.3048362732, 27.5483398438, 27.8402328491, 25.1646595001, 29.6892337799, 14.506975174, 14.3189430237, 15.8586130142, 10.0555143356, 7.49148273468, 5.92017412186, 3.95105576515, 3.01276350021, 2.32760715485, 1.18629360199, 0.812499344349, 0.71558880806, 0.513678431511, 0.497586280107, 0.475872904062, 0.432925790548, 0.410917669535, 0.315532535315, 0.24760812521, 0.166267588735, 0.0667592436075, 0.0185489784926, 0.00330987176858, 0.000203544201213], "median": [0.0219396892935, 0.307610422373, 0.772420227528, 1.35161566734, 3.46871185303, 5.23738479614, 8.18825912476, 14.9595861435, 15.236533165, 10.1127243042, 9.841588974, 8.02936267853, 7.20118713379, 6.59428310394, 4.39639282227, 4.21678352356, 3.67958474159, 2.60555958748, 2.50569939613, 3.06089735031, 2.63719892502, 2.07420825958, 1.23935234547, 0.900145113468, 0.534931123257, 0.241909727454, 0.167063459754, 0.137922883034, 0.0789040103555, 0.0588651895523, 0.0589027404785, 0.0357703864574, 0.0258387885988, 0.0190545674413, 0.0162127390504, 0.0101295486093, 0.00390328024514, 0.00125670642592, 0.000276535953162, 4.24806385126e-05], "min": [1.63544562802e-21, 1.07494762086e-20, 1.84412453556e-20, 1.37812345175e-20, 6.152128664e-20, 5.78010676844e-20, 1.11877276447e-19, 4.65638733466e-19, 5.21456209117e-19, 6.11863793045e-19, 9.73278906703e-19, 1.16094602516e-18, 2.37064069896e-18, 2.43152656872e-18, 2.05382266613e-18, 3.26934761908e-18, 7.6213336257e-18, 5.574864802e-18, 8.12470694284e-18, 5.18883532655e-18, 5.85951336721e-18, 1.76810732745e-17, 1.30639901504e-17, 2.24168609523e-17, 1.33317625767e-17, 1.57945605017e-17, 1.374350248e-17, 1.9096225447e-17, 1.80332636182e-17, 2.24567426384e-17, 1.25081330506e-17, 8.31486087641e-18, 1.28380623097e-17, 1.6556380611e-17, 1.37886847394e-17, 5.82004030838e-18, 3.80374579266e-18, 1.19453214297e-18, 3.53779228478e-19, 3.8493754534e-20], "var": [0.014153059572, 0.912635803223, 6.78149414063, 15.6086606979, 79.809425354, 280.166168213, 1173.74621582, 2759.57958984, 9776.09179688, 6514.64208984, 25699.40625, 15756.7792969, 3393.93579102, 5064.27539063, 5219.87792969, 9830.09960938, 1235.3203125, 2268.41601563, 5275.17529297, 428.907562256, 192.381088257, 131.479705811, 73.9777984619, 45.9447669983, 45.602394104, 9.15455341339, 3.9471218586, 4.06222391129, 4.54866695404, 8.09508609772, 8.5016374588, 6.53736639023, 7.98746109009, 5.24382209778, 3.60953211784, 2.15530967712, 0.27695453167, 0.0166740976274, 0.00064678711351, 2.27727377933e-06]}, "erbbands_crest": {"dmean": 2.56031990051, "dmean2": 3.98824620247, "dvar": 6.28699636459, "dvar2": 14.7851409912, "max": 31.0171794891, "mean": 11.7776880264, "median": 10.6109437943, "min": 2.74912929535, "var": 26.3943386078}, "erbbands_flatness_db": {"dmean": 0.0174806434661, "dmean2": 0.0240231435746, "dvar": 0.000371271569747, "dvar2": 0.000663109472953, "max": 0.365185081959, "mean": 0.198061928153, "median": 0.199368774891, "min": 0.0317698083818, "var": 0.00279072858393}, "erbbands_kurtosis": {"dmean": 1.50004577637, "dmean2": 2.31550216675, "dvar": 6.39215946198, "dvar2": 14.5172166824, "max": 71.8868179321, "mean": 2.30449771881, "median": 0.976450920105, "min": -1.77338671684, "var": 19.6851100922}, "erbbands_skewness": {"dmean": 0.361348867416, "dmean2": 0.539398729801, "dvar": 0.140567198396, "dvar2": 0.316852241755, "max": 6.23095273972, "mean": 0.973338782787, "median": 0.867617547512, "min": -3.82626891136, "var": 0.778955996037}, "erbbands_spread": {"dmean": 4.72789287567, "dmean2": 6.96825933456, "dvar": 54.7659988403, "dvar2": 109.699043274, "max": 153.877716064, "mean": 22.6556968689, "median": 19.8187541962, "min": 1.70653486252, "var": 227.251098633}, "gfcc": {"cov": [[11192.8828125, -533.737182617, -582.385925293, 405.112579346, -790.377746582, 85.9516525269, -250.012649536, 66.0725631714, -491.598266602, -68.9745330811, -267.078857422, -224.377716064, -267.568817139], [-533.737182617, 1394.40026855, -209.388687134, -114.19178009, 197.031707764, -57.0592308044, 78.0436630249, -90.2430419922, 102.052108765, -94.6518325806, 22.4910411835, 3.22459363937, 37.0124359131], [-582.385925293, -209.388687134, 774.76348877, 223.85798645, 25.133228302, 44.1922645569, -14.6971998215, -9.74824047089, -52.5344696045, 16.3841686249, -0.693821549416, 19.0361652374, -14.6867704391], [405.112579346, -114.19178009, 223.85798645, 487.845245361, 16.6323337555, -4.48552036285, -41.3335189819, -33.5110473633, -65.992149353, -35.9165382385, -36.6967010498, -33.3945083618, 1.35196638107], [-790.377746582, 197.031707764, 25.133228302, 16.6323337555, 337.225463867, -16.9193401337, -18.6597137451, 17.7329864502, 75.1006622314, 15.794754982, 12.988574028, 10.9147224426, 35.4582557678], [85.9516525269, -57.0592308044, 44.1922645569, -4.48552036285, -16.9193401337, 215.7681427, 109.759902954, 18.4250488281, 10.2684116364, 28.1910419464, 13.2386960983, -17.8098106384, 1.09773802757], [-250.012649536, 78.0436630249, -14.6971998215, -41.3335189819, -18.6597137451, 109.759902954, 214.258132935, 42.3868255615, 40.4715309143, 29.9381408691, 31.3291015625, 9.88647651672, 2.96155977249], [66.0725631714, -90.2430419922, -9.74824047089, -33.5110473633, 17.7329864502, 18.4250488281, 42.3868255615, 136.078933716, 53.2356758118, 26.8621768951, 17.7048053741, 19.9333343506, -9.83542442322], [-491.598266602, 102.052108765, -52.5344696045, -65.992149353, 75.1006622314, 10.2684116364, 40.4715309143, 53.2356758118, 146.47479248, 52.013923645, 30.2865982056, 15.0911636353, 17.3358364105], [-68.9745330811, -94.6518325806, 16.3841686249, -35.9165382385, 15.794754982, 28.1910419464, 29.9381408691, 26.8621768951, 52.013923645, 115.2289505, 32.8748054504, -0.934624731541, -0.0109415389597], [-267.078857422, 22.4910411835, -0.693821549416, -36.6967010498, 12.988574028, 13.2386960983, 31.3291015625, 17.7048053741, 30.2865982056, 32.8748054504, 100.676849365, 43.6846046448, 4.38809013367], [-224.377716064, 3.22459363937, 19.0361652374, -33.3945083618, 10.9147224426, -17.8098106384, 9.88647651672, 19.9333343506, 15.0911636353, -0.934624731541, 43.6846046448, 97.3305053711, 23.4305477142], [-267.568817139, 37.0124359131, -14.6867704391, 1.35196638107, 35.4582557678, 1.09773802757, 2.96155977249, -9.83542442322, 17.3358364105, -0.0109415389597, 4.38809013367, 23.4305477142, 83.6511611938]], "icov": [[0.000186944685993, -0.000128640967887, 0.000244378024945, -0.000237193526118, 0.000368653534679, -0.0002993492526, 0.000411417509895, -0.000534107792191, 0.000669141183607, -0.000469886028441, 0.00036846686271, -7.68499958212e-05, 0.000335385353537], [-0.000128640967887, 0.00128130777739, -3.20151812048e-05, 0.000371589354472, -0.000891276693437, 0.000707482919097, -0.00119466241449, 0.00166279287077, -0.0015874078963, 0.00188907643314, -0.000706036167685, 0.000418543495471, -0.000134693036671], [0.000244378024945, -3.20151812048e-05, 0.00197457242757, -0.00104370783083, 0.000178059257451, -0.00084092799807, 0.000626124616247, -0.000507597345859, 0.00131901551504, -0.00114368589129, 0.000668016902637, -0.00107045844197, 0.00100438669324], [-0.000237193526118, 0.000371589354472, -0.00104370783083, 0.00297494558617, -0.000812462996691, 0.000584173190873, -0.000572262099013, 0.0008678707527, -0.000298226543237, 0.00142770784441, -0.00045353214955, 0.0012378533138, -0.000956348201726], [0.000368653534679, -0.000891276693437, 0.000178059257451, -0.000812462996691, 0.004698863253, -0.00072707637446, 0.00190486572683, -0.00182320480235, -0.000223567461944, -0.00141901802272, 0.000677858770359, -4.76988971059e-05, -0.000622147519607], [-0.0002993492526, 0.000707482919097, -0.00084092799807, 0.000584173190873, -0.00072707637446, 0.00750521710142, -0.00449934508651, 0.001122495858, -0.000906456378289, 0.000698220275808, -0.00138477399014, 0.00242607388645, -0.00134560000151], [0.000411417509895, -0.00119466241449, 0.000626124616247, -0.000572262099013, 0.00190486572683, -0.00449934508651, 0.00875459052622, -0.00327517767437, 0.00107856560498, -0.00221088668332, 0.000148315681145, -0.000976580195129, 0.000562265224289], [-0.000534107792191, 0.00166279287077, -0.000507597345859, 0.0008678707527, -0.00182320480235, 0.001122495858, -0.00327517767437, 0.012422461994, -0.00616553518921, 0.00230447389185, -0.000758269161452, -0.00175701570697, 0.00159731786698], [0.000669141183607, -0.0015874078963, 0.00131901551504, -0.000298226543237, -0.000223567461944, -0.000906456378289, 0.00107856560498, -0.00616553518921, 0.0149870561436, -0.00677395798266, 0.000811472593341, -0.000354763469659, -0.000627342262305], [-0.000469886028441, 0.00188907643314, -0.00114368589129, 0.00142770784441, -0.00141901802272, 0.000698220275808, -0.00221088668332, 0.00230447389185, -0.00677395798266, 0.015152038075, -0.00508342683315, 0.00329439109191, -0.000871424679644], [0.00036846686271, -0.000706036167685, 0.000668016902637, -0.00045353214955, 0.000677858770359, -0.00138477399014, 0.000148315681145, -0.000758269161452, 0.000811472593341, -0.00508342683315, 0.0155845033005, -0.00733022484928, 0.00231886329129], [-7.68499958212e-05, 0.000418543495471, -0.00107045844197, 0.0012378533138, -4.76988971059e-05, 0.00242607388645, -0.000976580195129, -0.00175701570697, -0.000354763469659, 0.00329439109191, -0.00733022484928, 0.0161809902638, -0.00489637395367], [0.000335385353537, -0.000134693036671, 0.00100438669324, -0.000956348201726, -0.000622147519607, -0.00134560000151, 0.000562265224289, 0.00159731786698, -0.000627342262305, -0.000871424679644, 0.00231886329129, -0.00489637395367, 0.0151075720787]], "mean": [-64.1069335938, 125.891838074, -90.4641952515, -9.81871318817, -40.382106781, -7.25598096848, -35.0602416992, 5.53242874146, -16.5737495422, 1.65559637547, -12.3960113525, 4.00878953934, -9.31085777283]}, "hfc": {"dmean": 3.13926243782, "dmean2": 4.43131875992, "dvar": 51.2187614441, "dvar2": 96.4090194702, "max": 280.083099365, "mean": 12.6120405197, "median": 6.90919923782, "min": 1.25028389292e-16, "var": 242.547058105}, "melbands": {"dmean": [0.000291130389087, 0.000357734446879, 0.000283169472823, 0.000321107218042, 0.000271734839771, 0.000328201917, 0.0002725503291, 0.000188322388567, 0.000231902129599, 0.000124010824948, 6.50331858196e-05, 5.54537036805e-05, 3.80252677132e-05, 5.23244743817e-05, 2.02504761546e-05, 1.79392955033e-05, 1.15319317047e-05, 1.29117661345e-05, 7.62436047808e-06, 5.11677944814e-06, 4.13379848396e-06, 3.11920712193e-06, 2.29775059779e-06, 1.75722800577e-06, 1.32808884246e-06, 1.23225174775e-06, 7.31939849175e-07, 3.97572961219e-07, 2.96201278616e-07, 2.49969701827e-07, 2.22551776119e-07, 1.72666773324e-07, 1.51929782533e-07, 1.74399644948e-07, 1.7090980009e-07, 1.66425124348e-07, 1.74235978534e-07, 2.03417712896e-07, 1.80179270615e-07, 1.78452253863e-07], "dmean2": [0.000477763969684, 0.000560615560971, 0.000459007627796, 0.00051974208327, 0.000404300837545, 0.000485405791551, 0.000388507090975, 0.000268517818768, 0.000352855131496, 0.000180057089892, 9.67878368101e-05, 8.54520694702e-05, 5.65564769204e-05, 8.09198463685e-05, 3.16236655635e-05, 2.81956235995e-05, 1.78421596502e-05, 1.95629418158e-05, 1.15315915536e-05, 7.84155417932e-06, 6.56686916045e-06, 4.90415914101e-06, 3.5865443806e-06, 2.77729941445e-06, 2.10138477996e-06, 1.95099119082e-06, 1.15436989745e-06, 6.2097353748e-07, 4.62271287915e-07, 3.74950985815e-07, 3.39643605685e-07, 2.51698054399e-07, 2.13219820466e-07, 2.45932795906e-07, 2.50709433658e-07, 2.45690813472e-07, 2.46268996307e-07, 2.86772518621e-07, 2.51552279451e-07, 2.48821748983e-07], "dvar": [1.39836447488e-06, 1.01789987639e-06, 3.11183782742e-07, 3.96414151282e-07, 3.19700177442e-07, 4.34909082969e-07, 4.05818099125e-07, 1.9196433243e-07, 4.57985663616e-07, 1.29904123014e-07, 2.87938579646e-08, 2.16940847508e-08, 1.81215078499e-08, 3.41558781258e-08, 4.61625182524e-09, 3.10567016548e-09, 2.02088390466e-09, 3.14972892212e-09, 5.15180065275e-10, 1.61226768047e-10, 9.8205645005e-11, 7.07161829094e-11, 4.19624335279e-11, 5.81155817914e-11, 1.98621240982e-11, 2.54925854731e-11, 1.05457769253e-11, 1.56863009994e-12, 9.43144000398e-13, 9.24920188182e-13, 9.05372781954e-13, 5.7365516417e-13, 7.04118783678e-13, 1.32090020345e-12, 1.63690404547e-12, 1.153249371e-12, 1.44408562799e-12, 1.96299248557e-12, 1.50009822272e-12, 1.66224347654e-12], "dvar2": [3.74270393877e-06, 2.36672963183e-06, 8.12985945231e-07, 1.0755020412e-06, 7.10441895535e-07, 9.43288171129e-07, 7.39420386253e-07, 3.74625415134e-07, 1.16371268177e-06, 2.54108442732e-07, 6.44539852601e-08, 5.08140587385e-08, 4.15448084823e-08, 7.64701937328e-08, 9.85347625715e-09, 7.45671346891e-09, 4.29247482003e-09, 6.06785066637e-09, 1.09900610834e-09, 3.38529426713e-10, 2.42199260647e-10, 1.66262448253e-10, 9.77779940348e-11, 1.53137627579e-10, 4.88902633655e-11, 6.26633744893e-11, 2.56857972392e-11, 3.66522394032e-12, 2.22346251653e-12, 2.19514445683e-12, 2.15023962177e-12, 1.11605516495e-12, 1.13686143832e-12, 2.39399168891e-12, 3.83448784877e-12, 2.26124934749e-12, 2.7613013872e-12, 3.42935011985e-12, 2.59387997192e-12, 2.71790641208e-12], "max": [0.0201003737748, 0.0166341029108, 0.00949712470174, 0.0133866295218, 0.0147945238277, 0.0148672610521, 0.0208889171481, 0.0125437462702, 0.0155525449663, 0.0112705053762, 0.00422889506444, 0.00592063134536, 0.00656064739451, 0.00578702939674, 0.00246911100112, 0.00170647900086, 0.00172241998371, 0.00382117414847, 0.000980125973001, 0.000519827357493, 0.000259312189883, 0.000307780486764, 0.000209618927329, 0.000420016964199, 0.000160114999744, 0.00017242609465, 9.79416072369e-05, 2.76878836303e-05, 3.2185776945e-05, 3.41091617884e-05, 3.20744293276e-05, 3.27106645273e-05, 4.7684457968e-05, 6.68354550726e-05, 7.24126657587e-05, 4.09607237088e-05, 6.84604237904e-05, 7.76357483119e-05, 7.53749263822e-05, 7.39256138331e-05], "mean": [0.000555126636755, 0.000793771934696, 0.000533313723281, 0.000646019703709, 0.000604709959589, 0.00071179511724, 0.000689823587891, 0.000409394153394, 0.000476310407976, 0.000271381461062, 0.000134172209073, 0.000114546193799, 7.6544820331e-05, 0.000107512314571, 3.87068139389e-05, 3.37056917488e-05, 2.39425698965e-05, 2.60370925389e-05, 1.57726371981e-05, 1.06640600279e-05, 8.44244641485e-06, 6.33848321741e-06, 4.60700312033e-06, 3.07093728225e-06, 2.33990181187e-06, 2.00703425435e-06, 1.17607532957e-06, 6.74861780681e-07, 5.02245484313e-07, 4.68929272301e-07, 3.9134820895e-07, 2.97254700854e-07, 2.59132491465e-07, 2.85846709858e-07, 2.76934372323e-07, 2.58206142689e-07, 2.67307854074e-07, 2.95723026511e-07, 2.59326128571e-07, 2.7085653187e-07], "median": [0.000297798978863, 0.000435744528659, 0.00030674750451, 0.000347410707036, 0.000291477510473, 0.000344201282132, 0.00022868711676, 9.46741783991e-05, 7.04503545421e-05, 4.51332998637e-05, 3.39367506967e-05, 2.67243522103e-05, 1.23032714328e-05, 1.35901400427e-05, 7.00940745446e-06, 6.97984251019e-06, 3.71240230379e-06, 3.1191641483e-06, 3.76609159503e-06, 3.35950335284e-06, 2.6916798106e-06, 2.01753550755e-06, 1.35489301556e-06, 8.14105078462e-07, 6.55276267025e-07, 4.41033563447e-07, 2.21501366582e-07, 1.33987029471e-07, 9.79770859999e-08, 8.81648034579e-08, 6.85701735392e-08, 4.3698282326e-08, 3.15137107521e-08, 3.01348777043e-08, 3.36697816294e-08, 2.53550727081e-08, 1.82481301181e-08, 1.69922316218e-08, 1.55437813731e-08, 1.47929624106e-08], "min": [1.4339318734e-23, 1.17776917372e-23, 3.9676690084e-24, 4.51324639374e-24, 3.54839732588e-24, 9.25063183648e-24, 8.40179699208e-24, 6.89471530911e-24, 9.45270486824e-24, 8.43635067745e-24, 1.14794155404e-23, 9.21181751336e-24, 6.55294408294e-24, 5.94818635249e-24, 1.62847633222e-23, 1.51887436463e-23, 9.55288152573e-24, 1.35394153538e-23, 7.854598892e-24, 6.33573991016e-24, 6.70766140013e-24, 1.74856099906e-23, 1.39110240604e-23, 1.3921739947e-23, 1.9366416894e-23, 9.80667148957e-24, 9.43483953532e-24, 1.06206820693e-23, 6.19045105851e-24, 1.26841473487e-23, 9.57462174342e-24, 1.06725023422e-23, 9.0138789016e-24, 1.39858822272e-23, 6.99971506218e-24, 5.61855451235e-24, 4.68607556288e-24, 7.18401663547e-24, 1.34130145932e-23, 1.38658728177e-23], "var": [1.24076780139e-06, 1.54107829076e-06, 4.91720356877e-07, 9.01531223008e-07, 1.02245473954e-06, 1.24763744225e-06, 2.13640510083e-06, 7.76737749675e-07, 1.55084478592e-06, 5.82511916036e-07, 8.59646007711e-08, 8.05927129477e-08, 5.83283288336e-08, 1.52386760988e-07, 1.43970364519e-08, 9.76542757769e-09, 8.03898370094e-09, 1.56565906906e-08, 1.79816361801e-09, 5.34601918289e-10, 2.83224416142e-10, 1.85832266242e-10, 9.51954209905e-11, 7.04152847142e-11, 3.17360998592e-11, 3.36204883378e-11, 1.33552613413e-11, 3.06482248434e-12, 1.57959019129e-12, 1.56743281549e-12, 1.41733499937e-12, 1.3855426138e-12, 1.95979235444e-12, 3.3328357435e-12, 3.26127493067e-12, 2.34967470827e-12, 2.72571938978e-12, 4.3018947779e-12, 3.47387570099e-12, 4.58386367058e-12]}, "melbands_crest": {"dmean": 2.63474965096, "dmean2": 4.19468402863, "dvar": 6.56098222733, "dvar2": 16.4462604523, "max": 39.8933830261, "mean": 13.7502202988, "median": 12.6697130203, "min": 1.94796693325, "var": 26.6990718842}, "melbands_flatness_db": {"dmean": 0.0201274957508, "dmean2": 0.0288498587906, "dvar": 0.000531567959115, "dvar2": 0.00103217212018, "max": 0.489436358213, "mean": 0.28588911891, "median": 0.288444936275, "min": 0.00578396767378, "var": 0.00418525235727}, "melbands_kurtosis": {"dmean": 4.16923284531, "dmean2": 6.18793106079, "dvar": 246.185165405, "dvar2": 340.324188232, "max": 2121.38110352, "mean": 10.8936290741, "median": 5.67848157883, "min": -1.52810359001, "var": 2931.26269531}, "melbands_skewness": {"dmean": 0.466329485178, "dmean2": 0.697162508965, "dvar": 0.312001734972, "dvar2": 0.634030103683, "max": 42.3972167969, "mean": 1.86061525345, "median": 1.69808101654, "min": -1.63401627541, "var": 2.9851603508}, "melbands_spread": {"dmean": 2.89302158356, "dmean2": 4.26560354233, "dvar": 28.1315002441, "dvar2": 51.5066833496, "max": 193.802383423, "mean": 12.0531482697, "median": 10.0345849991, "min": 0.380172133446, "var": 100.983528137}, "mfcc": {"cov": [[8417.01953125, -499.689880371, -210.908569336, 37.657409668, -378.879272461, -178.407440186, 67.8343429565, -104.632415771, -143.934295654, 30.1441364288, -23.3808937073, -145.312759399, -312.9559021], [-499.689880371, 1337.83361816, -241.950241089, -18.4770774841, 63.6881790161, 22.920759201, -45.8527069092, 64.3412780762, 21.9883651733, -46.5701408386, -10.7905483246, 44.4634208679, -0.323453843594], [-210.908569336, -241.950241089, 620.931030273, 140.781219482, -3.57507419586, 64.9344100952, 74.6194915771, 6.44165563583, -29.9399471283, -8.20288276672, -6.81026029587, -13.9806270599, 7.92117404938], [37.657409668, -18.4770774841, 140.781219482, 399.519836426, 133.850326538, 8.82751846313, -5.50658750534, -13.0295810699, -19.0166187286, -25.7932796478, -37.2888450623, -56.3072433472, -8.82368278503], [-378.879272461, 63.6881790161, -3.57507419586, 133.850326538, 300.756103516, 9.22841930389, -26.0062599182, -21.5911979675, 3.10912942886, 11.8607082367, -27.0844192505, -38.5810852051, 1.35521769524], [-178.407440186, 22.920759201, 64.9344100952, 8.82751846313, 9.22841930389, 168.197616577, 60.9216957092, 1.12130582333, 27.1419677734, 26.8713092804, 3.8694691658, 16.861995697, -0.0516531690955], [67.8343429565, -45.8527069092, 74.6194915771, -5.50658750534, -26.0062599182, 60.9216957092, 144.320281982, 34.6060028076, 13.1805095673, 20.9847698212, 14.0983228683, 12.3327999115, 1.30826795101], [-104.632415771, 64.3412780762, 6.44165563583, -13.0295810699, -21.5911979675, 1.12130582333, 34.6060028076, 131.641448975, 23.9016265869, -10.9375886917, 11.6469202042, 16.7567844391, 24.6737155914], [-143.934295654, 21.9883651733, -29.9399471283, -19.0166187286, 3.10912942886, 27.1419677734, 13.1805095673, 23.9016265869, 121.036430359, 43.3258323669, 12.0250349045, 21.1306152344, 10.4931020737], [30.1441364288, -46.5701408386, -8.20288276672, -25.7932796478, 11.8607082367, 26.8713092804, 20.9847698212, -10.9375886917, 43.3258323669, 114.973457336, 33.8981666565, 6.57675886154, -1.50536835194], [-23.3808937073, -10.7905483246, -6.81026029587, -37.2888450623, -27.0844192505, 3.8694691658, 14.0983228683, 11.6469202042, 12.0250349045, 33.8981666565, 106.940681458, 52.35338974, 7.21883058548], [-145.312759399, 44.4634208679, -13.9806270599, -56.3072433472, -38.5810852051, 16.861995697, 12.3327999115, 16.7567844391, 21.1306152344, 6.57675886154, 52.35338974, 109.651641846, 43.3100471497], [-312.9559021, -0.323453843594, 7.92117404938, -8.82368278503, 1.35521769524, -0.0516531690955, 1.30826795101, 24.6737155914, 10.4931020737, -1.50536835194, 7.21883058548, 43.3100471497, 114.663787842]], "icov": [[0.000158828202984, 4.72653191537e-05, 0.000104078717413, -0.000120034164866, 0.000238473978243, 0.000169214821653, -0.000161161791766, 4.43518983957e-05, 0.000165551740793, -0.000153151209815, 7.90252888692e-05, -2.13574679719e-07, 0.000384699436836], [4.72653191537e-05, 0.000912407063879, 0.000384757149732, -7.4373157986e-05, -0.000166892990819, -0.000309934228426, 0.000268080184469, -0.000541131536011, 5.51078264834e-05, 0.00030391823384, 0.00023683240579, -0.000558680563699, 0.000409548374591], [0.000104078717413, 0.000384757149732, 0.00218472257257, -0.000855136022437, 0.000387076433981, -0.000583375687711, -0.000812310317997, -0.000143552490044, 0.000671133515425, 5.55761325813e-05, 5.67197421333e-05, -1.73911939783e-05, 4.60530936834e-05], [-0.000120034164866, -7.4373157986e-05, -0.000855136022437, 0.00355932721868, -0.0015888386406, -0.000188550286111, 0.000172825297341, 9.20337915886e-05, -0.000255839404417, 0.000985621940345, -0.000144041245221, 0.00125346903224, -0.000425963226007], [0.000238473978243, -0.000166892990819, 0.000387076433981, -0.0015888386406, 0.00466315215454, -0.000136670569191, 0.0003826203465, 0.000486862059915, 0.000138395073009, -0.00117589265574, 0.000445836485596, 0.00103610008955, -0.000110426044557], [0.000169214821653, -0.000309934228426, -0.000583375687711, -0.000188550286111, -0.000136670569191, 0.0080897687003, -0.00329217757098, 0.00109007523861, -0.00105995929334, -0.0012467954075, 0.00107457209378, -0.00148724333849, 0.000869747658726], [-0.000161161791766, 0.000268080184469, -0.000812310317997, 0.000172825297341, 0.0003826203465, -0.00329217757098, 0.00985585525632, -0.00283271330409, 0.000297933875117, -0.00121348781977, -0.000290154857794, -0.000300932471873, 0.000210139958654], [4.43518983957e-05, -0.000541131536011, -0.000143552490044, 9.20337915886e-05, 0.000486862059915, 0.00109007523861, -0.00283271330409, 0.00969534274191, -0.00234117219225, 0.00211035390384, -0.00131809315644, 0.000861296837684, -0.00192308344413], [0.000165551740793, 5.51078264834e-05, 0.000671133515425, -0.000255839404417, 0.000138395073009, -0.00105995929334, 0.000297933875117, -0.00234117219225, 0.0110344355926, -0.00453748367727, 0.0014569099294, -0.00206075422466, 0.000501519069076], [-0.000153151209815, 0.00030391823384, 5.55761325813e-05, 0.000985621940345, -0.00117589265574, -0.0012467954075, -0.00121348781977, 0.00211035390384, -0.00453748367727, 0.0128617389128, -0.0046846261248, 0.00244049890898, -0.000814859347884], [7.90252888692e-05, 0.00023683240579, 5.67197421333e-05, -0.000144041245221, 0.000445836485596, 0.00107457209378, -0.000290154857794, -0.00131809315644, 0.0014569099294, -0.0046846261248, 0.0145195545629, -0.0076603339985, 0.00226799212396], [-2.13574679719e-07, -0.000558680563699, -1.73911939783e-05, 0.00125346903224, 0.00103610008955, -0.00148724333849, -0.000300932471873, 0.000861296837684, -0.00206075422466, 0.00244049890898, -0.0076603339985, 0.0166344437748, -0.00567947840318], [0.000384699436836, 0.000409548374591, 4.60530936834e-05, -0.000425963226007, -0.000110426044557, 0.000869747658726, 0.000210139958654, -0.00192308344413, 0.000501519069076, -0.000814859347884, 0.00226799212396, -0.00567947840318, 0.0120952697471]], "mean": [-725.243652344, 180.402770996, 2.18527555466, 10.8191432953, 5.98974990845, -6.7906293869, -6.57449150085, 0.0528544783592, -1.30790042877, -2.1118106842, -1.97206628323, 1.56084227562, 1.80720293522]}, "pitch_salience": {"dmean": 0.056794103235, "dmean2": 0.0909606069326, "dvar": 0.00261887325905, "dvar2": 0.00666462024674, "max": 0.909818768501, "mean": 0.558482468128, "median": 0.568717420101, "min": 0.00771491462365, "var": 0.0116813778877}, "silence_rate_20dB": {"dmean": 0, "dmean2": 0, "dvar": 0, "dvar2": 0, "max": 1, "mean": 1, "median": 1, "min": 1, "var": 0}, "silence_rate_30dB": {"dmean": 0.00133297790308, "dmean2": 0.00266631110571, "dvar": 0.00133118010126, "dvar2": 0.00345916766673, "max": 1, "mean": 0.99893373251, "median": 1, "min": 0, "var": 0.00106510252226}, "silence_rate_60dB": {"dmean": 0.0127965873107, "dmean2": 0.0255965869874, "dvar": 0.0126312077045, "dvar2": 0.0273419972509, "max": 1, "mean": 0.0903638526797, "median": 0, "min": 0, "var": 0.0822032988071}, "spectral_centroid": {"dmean": 103.915756226, "dmean2": 151.684494019, "dvar": 40812.796875, "dvar2": 63828.0625, "max": 11078.5439453, "mean": 681.145141602, "median": 596.588745117, "min": 182.341079712, "var": 158941.65625}, "spectral_complexity": {"dmean": 1.75873100758, "dmean2": 2.83935475349, "dvar": 3.59289503098, "dvar2": 8.01480865479, "max": 39, "mean": 11.906170845, "median": 11, "min": 0, "var": 39.1287460327}, "spectral_contrast_coeffs": {"dmean": [0.0420478992164, 0.0423553548753, 0.0340356901288, 0.0269080307335, 0.0202474314719, 0.0145674468949], "dmean2": [0.067707054317, 0.0673910751939, 0.0545007176697, 0.0430298633873, 0.0316424518824, 0.0226790904999], "dvar": [0.00128162768669, 0.00133856583852, 0.000850909156725, 0.000522778893355, 0.000338928308338, 0.00017233863764], "dvar2": [0.00337230833247, 0.00331822945736, 0.00202524010092, 0.00121902860701, 0.000722702243365, 0.000392433750676], "max": [-0.285606265068, -0.395237058401, -0.479850888252, -0.56743979454, -0.547077953815, -0.618709981441], "mean": [-0.645978212357, -0.665547966957, -0.741373121738, -0.76654112339, -0.782388925552, -0.805620849133], "median": [-0.645618438721, -0.665793955326, -0.746892750263, -0.770239055157, -0.785643517971, -0.806087613106], "min": [-0.950739741325, -0.963487327099, -0.967890560627, -0.964090585709, -0.959962666035, -0.958441615105], "var": [0.00860693864524, 0.00666980678216, 0.00520557025447, 0.00316929933615, 0.00225546350703, 0.00158669485245]}, "spectral_contrast_valleys": {"dmean": [0.322286069393, 0.315018296242, 0.283756822348, 0.252929866314, 0.234309464693, 0.271961152554], "dmean2": [0.515856146812, 0.511530339718, 0.456281840801, 0.402590721846, 0.345738500357, 0.34252256155], "dvar": [0.104025416076, 0.107190199196, 0.0925647169352, 0.0884940102696, 0.0984749794006, 0.136402592063], "dvar2": [0.217416033149, 0.214901015162, 0.176727965474, 0.159869238734, 0.161488831043, 0.200199738145], "max": [-5.21263790131, -4.62042474747, -5.12315273285, -6.06072473526, -6.42269229889, -7.70018768311], "mean": [-7.50961017609, -6.91175556183, -7.76859664917, -8.53000354767, -8.93339061737, -11.5260868073], "median": [-7.24348163605, -6.69730424881, -7.66725969315, -8.47290039063, -8.7896156311, -11.5145931244], "min": [-27.5940876007, -27.2766494751, -27.0871315002, -27.0181694031, -27.1705131531, -27.3336868286], "var": [1.30771791935, 1.44473052025, 1.4134465456, 1.34098517895, 1.3817948103, 1.51633489132]}, "spectral_decrease": {"dmean": 1.30804012066e-09, "dmean2": 1.93740934407e-09, "dvar": 3.77016929083e-18, "dvar2": 8.2469245327e-18, "max": 1.52658411557e-20, "mean": -5.57130519496e-09, "median": -3.92899401902e-09, "min": -3.63271475123e-08, "var": 2.43340191124e-17}, "spectral_energy": {"dmean": 0.00513360230252, "dmean2": 0.00759039307013, "dvar": 5.69326330151e-05, "dvar2": 0.0001247915352, "max": 0.13996976614, "mean": 0.0221713613719, "median": 0.0157463364303, "min": 1.10925469443e-20, "var": 0.000384949875297}, "spectral_energyband_high": {"dmean": 9.74458671408e-05, "dmean2": 0.000126967803226, "dvar": 2.76243724784e-07, "dvar2": 4.37233723005e-07, "max": 0.0238865558058, "mean": 0.000171734049218, "median": 2.50692846748e-05, "min": 7.98964948715e-21, "var": 7.46364094084e-07}, "spectral_energyband_low": {"dmean": 0.00169367622584, "dmean2": 0.00261204969138, "dvar": 2.49395761784e-05, "dvar2": 5.3985586419e-05, "max": 0.101593755186, "mean": 0.00415227608755, "median": 0.0026895632036, "min": 6.97479005525e-23, "var": 3.81408244721e-05}, "spectral_energyband_middle_high": {"dmean": 0.000999229261652, "dmean2": 0.00147090386599, "dvar": 4.22656512455e-06, "dvar2": 9.47886474023e-06, "max": 0.0648779794574, "mean": 0.00327968760394, "median": 0.00112662184983, "min": 1.69031732846e-21, "var": 3.00287829305e-05}, "spectral_energyband_middle_low": {"dmean": 0.00412721186876, "dmean2": 0.00617744913325, "dvar": 3.52196657332e-05, "dvar2": 8.0215955677e-05, "max": 0.0976526588202, "mean": 0.0151070170105, "median": 0.0100003695115, "min": 2.48107962828e-22, "var": 0.000221798036364}, "spectral_entropy": {"dmean": 0.171555906534, "dmean2": 0.241645753384, "dvar": 0.041704043746, "dvar2": 0.0796800330281, "max": 9.81791877747, "mean": 6.78458833694, "median": 6.75107860565, "min": 5.32592248917, "var": 0.288636744022}, "spectral_flux": {"dmean": 0.016658263281, "dmean2": 0.026563808322, "dvar": 0.000391044392018, "dvar2": 0.000898117024917, "max": 0.284834742546, "mean": 0.0580438673496, "median": 0.0491507202387, "min": 1.05321161514e-10, "var": 0.00174692214932}, "spectral_kurtosis": {"dmean": 3.73389625549, "dmean2": 6.05841302872, "dvar": 16.4917831421, "dvar2": 42.1183242798, "max": 73.9392089844, "mean": 15.7757616043, "median": 13.9066467285, "min": -1.2159062624, "var": 82.9533233643}, "spectral_rms": {"dmean": 0.000492489780299, "dmean2": 0.00071523519, "dvar": 3.37388286198e-07, "dvar2": 6.71709926792e-07, "max": 0.011685712263, "mean": 0.00418195920065, "median": 0.0039194743149, "min": 3.28968037706e-12, "var": 4.14176111008e-06}, "spectral_rolloff": {"dmean": 241.888778687, "dmean2": 402.602142334, "dvar": 1001501.8125, "dvar2": 2084132, "max": 19638.28125, "mean": 864.620727539, "median": 602.9296875, "min": 21.533203125, "var": 1878682.875}, "spectral_skewness": {"dmean": 0.330546468496, "dmean2": 0.52653503418, "dvar": 0.113327868283, "dvar2": 0.265975058079, "max": 7.41368293762, "mean": 2.98372364044, "median": 2.91114616394, "min": -0.019806496799, "var": 0.711516737938}, "spectral_spread": {"dmean": 525385.5625, "dmean2": 731435.875, "dvar": 825659817984, "dvar2": 1302459973630.0, "max": 40924160, "mea