{"lowlevel": {"average_loudness": 0.701461791992, "barkbands": {"dmean": [0.000104695791379, 0.00307524134405, 0.00234120688401, 0.00183228158858, 0.00100618205033, 0.00109917612281, 0.000888807931915, 0.000460430630483, 0.000804091396276, 0.00070335046621, 0.000766035926063, 0.000746302481275, 0.000842326029669, 0.000914089789148, 0.000503131886944, 0.000229338867939, 0.000308233720716, 0.000135028036311, 9.45938882069e-05, 7.55139699322e-05, 6.95454800734e-05, 6.70181179885e-05, 8.57429404277e-05, 4.58547001472e-05, 0.000133286797791, 3.20310900861e-05, 5.20920775671e-06], "dmean2": [0.000153895074618, 0.0048237266019, 0.00415454572067, 0.00319152511656, 0.00165800261311, 0.00182293052785, 0.00133796525188, 0.000729856488761, 0.00119774229825, 0.00103792722803, 0.00116454192903, 0.00114609673619, 0.00130132294726, 0.00145792157855, 0.000797390297521, 0.000367176020518, 0.000496953434777, 0.000219098103116, 0.000151511121658, 0.000120208373119, 0.000107453721284, 0.000102683981822, 0.000123177364003, 6.54903778923e-05, 0.000197629546165, 4.64024305984e-05, 8.89966486284e-06], "dvar": [6.34294394786e-08, 5.18970737176e-05, 2.27021573664e-05, 1.35051377583e-05, 2.2090262064e-06, 4.5203787522e-06, 3.57793942385e-06, 2.09252380046e-06, 4.16598959418e-06, 2.61173636318e-06, 6.19288312009e-06, 4.76348850498e-06, 5.25858376932e-06, 6.49756020721e-06, 1.7251401232e-06, 3.49648615838e-07, 2.1212652257e-07, 5.46762422005e-08, 2.16721609547e-08, 1.77545018687e-08, 1.57011825763e-08, 1.95988860696e-08, 6.05973511369e-08, 4.58861748598e-08, 1.29198966192e-07, 7.049252293e-09, 3.88851062461e-10], "dvar2": [1.32508944262e-07, 0.000116791845358, 6.44734245725e-05, 3.71310998162e-05, 5.62144532523e-06, 1.18892103274e-05, 7.7385784607e-06, 4.90593856739e-06, 9.30066107685e-06, 5.60844091524e-06, 1.32817131089e-05, 1.11448753159e-05, 1.18159168778e-05, 1.58033963089e-05, 3.91735557059e-06, 7.78271839863e-07, 5.28367309016e-07, 1.39497032592e-07, 5.09003115212e-08, 4.45178258701e-08, 3.41738441989e-08, 4.15656771224e-08, 1.10770301376e-07, 9.4623388236e-08, 2.95714642107e-07, 1.63433728773e-08, 1.0562695163e-09], "max": [0.00382006075233, 0.0784315466881, 0.0541462264955, 0.0518548302352, 0.02578218095, 0.037099186331, 0.0482885986567, 0.0430062450469, 0.0639325231314, 0.0527280829847, 0.0660822689533, 0.0573102645576, 0.0695685744286, 0.0629235431552, 0.037259016186, 0.0309914648533, 0.0119143966585, 0.00609867786989, 0.00459716608748, 0.00288417795673, 0.00362454261631, 0.00407345965505, 0.00739722466096, 0.0114253042266, 0.00675175013021, 0.00144646991976, 0.000358094286639], "mean": [0.000121546174341, 0.00350340781733, 0.00271881511435, 0.0023014950566, 0.00185909075662, 0.00190598040354, 0.00171246344689, 0.000684230064508, 0.00169764086604, 0.00135574536398, 0.00143837369978, 0.00144220865332, 0.00149335491005, 0.00162728689611, 0.000851572316606, 0.000411433022236, 0.000608648289926, 0.000266647519311, 0.00019724793674, 0.000151687418111, 0.000133380352054, 0.000123178673675, 0.000141553391586, 7.62896306696e-05, 0.00017512094928, 4.36986156274e-05, 4.37431617684e-06], "median": [2.05737014767e-05, 0.000823340029456, 0.00136418151669, 0.00122992601246, 0.00131657882594, 0.00112375465687, 0.000901844992768, 0.00026542757405, 0.00063233776018, 0.000432910746895, 0.000259238353465, 0.000298685830785, 0.000461954536149, 0.000359896483133, 0.000427662045695, 0.000214922154555, 0.000386816973332, 0.000158698006999, 0.000125922146253, 8.53728415677e-05, 6.84682454448e-05, 5.04216804984e-05, 4.11947839893e-05, 1.73061052919e-05, 4.24086974817e-05, 9.67190499068e-06, 3.99324477485e-07], "min": [3.08865865665e-24, 4.3582577084e-23, 4.36428965442e-23, 5.09642672739e-23, 3.3214309994e-23, 1.86497351839e-23, 6.01717791845e-23, 9.06657086577e-23, 4.3868431877e-23, 9.52650832795e-23, 6.12966191047e-23, 7.17878569881e-23, 3.59168780355e-23, 2.41437077334e-22, 1.20654861815e-22, 9.36292066431e-23, 1.03109105913e-22, 1.33380197958e-22, 3.36021525114e-22, 3.35732637939e-22, 5.31726480371e-22, 5.21767193484e-22, 5.79813775079e-22, 8.12992677804e-22, 1.15210547744e-21, 1.71182887115e-21, 2.73665920197e-21], "var": [8.16890093347e-08, 5.76514903514e-05, 1.83246556844e-05, 1.20960157801e-05, 3.95248616769e-06, 6.8574731813e-06, 7.71852683101e-06, 3.09765869133e-06, 1.44080622704e-05, 8.69972427608e-06, 1.99172918656e-05, 1.3548716197e-05, 1.52312713908e-05, 1.71266110556e-05, 3.57824251296e-06, 7.45914860545e-07, 5.30900251761e-07, 1.31359826128e-07, 5.38716342646e-08, 3.88493113235e-08, 3.38729542193e-08, 4.38431477789e-08, 1.39074771255e-07, 8.51051922268e-08, 1.6297616412e-07, 9.20637432955e-09, 2.77957296069e-10]}, "barkbands_crest": {"dmean": 2.42690253258, "dmean2": 3.92600083351, "dvar": 5.33208990097, "dvar2": 13.5440502167, "max": 24.3841590881, "mean": 8.61391639709, "median": 7.87078285217, "min": 2.24213171005, "var": 12.3057775497}, "barkbands_flatness_db": {"dmean": 0.0180733241141, "dmean2": 0.0274895932525, "dvar": 0.000298020313494, "dvar2": 0.000672637659591, "max": 0.29498898983, "mean": 0.114793904126, "median": 0.111757643521, "min": 0.0239832028747, "var": 0.0014295859728}, "barkbands_kurtosis": {"dmean": 1.73339819908, "dmean2": 2.73130393028, "dvar": 9.43856811523, "dvar2": 22.1118717194, "max": 103.156280518, "mean": 2.08298158646, "median": 0.702001929283, "min": -1.88011264801, "var": 21.308883667}, "barkbands_skewness": {"dmean": 0.441742449999, "dmean2": 0.67542797327, "dvar": 0.194916248322, "dvar2": 0.441970825195, "max": 8.87272548676, "mean": 1.05936217308, "median": 0.958290457726, "min": -3.27286672592, "var": 1.00383639336}, "barkbands_spread": {"dmean": 5.22243022919, "dmean2": 7.81334161758, "dvar": 42.2303581238, "dvar2": 86.0949783325, "max": 100.269500732, "mean": 22.7196865082, "median": 20.9101753235, "min": 1.99177205563, "var": 140.319580078}, "dissonance": {"dmean": 0.0173226315528, "dmean2": 0.0292135048658, "dvar": 0.000304444751237, "dvar2": 0.000813714519609, "max": 0.500000119209, "mean": 0.465893059969, "median": 0.471818327904, "min": 0.268642544746, "var": 0.000631650618743}, "dynamic_complexity": 3.41358470917, "erbbands": {"dmean": [0.0994313880801, 0.701629579067, 2.2058660984, 5.19114398956, 3.44094347954, 4.25227117538, 5.88088178635, 9.90355014801, 8.73808956146, 17.7468318939, 9.16093826294, 17.0810890198, 21.434715271, 20.9024467468, 28.1848068237, 28.1111297607, 35.5623855591, 41.5532798767, 25.2563781738, 27.8772258759, 10.7795629501, 17.353313446, 8.15495872498, 4.93357181549, 4.50231075287, 3.27338409424, 2.57005953789, 3.09600257874, 2.37925767899, 2.37331748009, 2.33724236488, 1.1799595356, 0.673115193844, 0.66470271349, 1.59771168232, 0.20600490272, 0.056966252625, 0.00797778088599, 0.000891624134965, 6.94109912729e-05], "dmean2": [0.147243142128, 1.15654623508, 3.90892100334, 9.0597114563, 5.91848611832, 6.8984746933, 9.75617599487, 16.4166355133, 14.2134923935, 25.5815582275, 14.3634138107, 25.0669956207, 31.4041347504, 31.3124275208, 42.3406944275, 43.2826690674, 54.8423500061, 65.6603012085, 39.5177841187, 44.01745224, 17.3311748505, 28.052236557, 13.1305246353, 7.89277791977, 7.16348791122, 5.19851064682, 3.99713873863, 4.82269096375, 3.66234397888, 3.44133615494, 3.38845467567, 1.69716131687, 0.960682570934, 0.951299369335, 2.42617368698, 0.298053622246, 0.0829579681158, 0.0116129983217, 0.00151935324538, 0.000118290561659], "dvar": [0.0563512183726, 2.84048962593, 22.2894439697, 104.718803406, 34.1556053162, 47.7690048218, 112.804664612, 433.164581299, 368.682067871, 1874.29919434, 904.775878906, 2333.44750977, 2478.29931641, 2084.21313477, 7279.24951172, 6407.04052734, 9240.93359375, 13151.3320313, 6612.69970703, 4642.78125, 408.587615967, 756.215454102, 177.088729858, 50.7654266357, 58.4050674438, 31.3190536499, 21.1661148071, 34.8453559875, 24.6718769073, 34.8691520691, 52.2200088501, 32.6727409363, 8.41599845886, 2.70307612419, 20.4958286285, 0.304544359446, 0.02208484523, 0.000411872577388, 1.31062042783e-05, 6.7753546773e-08], "dvar2": [0.122146718204, 6.88512134552, 62.2756538391, 288.246551514, 95.4197692871, 120.422271729, 281.177154541, 1155.62316895, 903.224182129, 3782.08959961, 2088.84594727, 5312.55419922, 5140.43212891, 4525.77978516, 16145.9658203, 14816.5634766, 20763.6523438, 31383.3105469, 15496.6298828, 10211.8681641, 975.692687988, 1879.92480469, 446.311645508, 119.936332703, 141.436462402, 73.9069900513, 47.8834838867, 76.9657669067, 53.658782959, 64.6720046997, 100.096214294, 64.0565719604, 17.6742610931, 5.69450426102, 47.5188789368, 0.703586816788, 0.0508416369557, 0.000942995189689, 3.57964636351e-05, 1.84302834327e-07], "max": [2.64496016502, 16.122959137, 51.0032234192, 119.590461731, 81.9063186646, 139.125305176, 339.19229126, 451.965698242, 614.071289063, 1284.33666992, 1162.82092285, 1545.24682617, 1538.66052246, 1061.56677246, 1968.48657227, 2474.38354492, 3343.67553711, 3452.81152344, 2372.75, 2294.30200195, 498.739685059, 797.97467041, 349.923126221, 195.52331543, 215.18598938, 120.481765747, 137.354858398, 135.320098877, 119.00894928, 188.572723389, 215.579910278, 297.507110596, 130.454574585, 39.405960083, 83.9126739502, 8.21367073059, 2.3946890831, 0.3092238307, 0.0785065069795, 0.00416119815782], "mean": [0.117818005383, 0.742044985294, 2.55528569221, 6.39755773544, 5.37896776199, 7.68972826004, 10.2005701065, 16.8327293396, 15.8187227249, 33.2649345398, 16.6025180817, 35.7938117981, 45.4365692139, 42.1872520447, 54.8896522522, 58.5488967896, 71.4138717651, 79.9492721558, 47.5694770813, 51.2182998657, 23.4586963654, 34.5445594788, 18.3325920105, 11.1193609238, 9.58505725861, 6.92410612106, 5.20770120621, 5.54468297958, 4.43544960022, 4.24920749664, 3.76991009712, 1.92990136147, 1.09506952763, 1.01348102093, 1.95072126389, 0.28365445137, 0.0748187229037, 0.0107089327648, 0.000737044319976, 7.81131675467e-05], "median": [0.0183852314949, 0.220252275467, 1.28775954247, 3.54592680931, 3.66765594482, 4.81148719788, 6.66973257065, 9.70140838623, 9.19302463531, 13.8239421844, 7.98877620697, 13.5883598328, 16.2488498688, 16.6849689484, 13.8605260849, 14.2599449158, 22.0086612701, 21.6412124634, 14.4735822678, 27.0037879944, 14.5337314606, 21.3617687225, 11.942407608, 7.55957698822, 5.72152900696, 4.14070653915, 2.79211711884, 2.65073275566, 1.87441968918, 1.48694002628, 1.04501676559, 0.403640031815, 0.26824349165, 0.288389861584, 0.395167529583, 0.0675301849842, 0.0154361389577, 0.0020937002264, 7.40226460039e-05, 3.47033819708e-05], "min": [1.23315706056e-21, 1.0196114997e-20, 4.40690843407e-20, 1.39177002546e-19, 9.79416224957e-20, 1.43286771872e-19, 1.12318590229e-19, 1.49866838548e-19, 7.72426219086e-19, 1.11539112088e-18, 1.83364062876e-18, 8.4018570124e-19, 2.56216485722e-18, 2.91344468193e-18, 3.12408332978e-18, 2.59818154186e-18, 2.04340060401e-18, 8.37562060113e-18, 9.77718798641e-18, 5.23113817026e-18, 5.99139863049e-18, 5.9008484096e-18, 7.79911211013e-18, 1.1531946604e-17, 1.72410363496e-17, 1.71029699792e-17, 1.79591366548e-17, 2.31923874444e-17, 1.98513238866e-17, 1.90910208265e-17, 1.46359765942e-17, 1.39759129352e-17, 1.57523941428e-17, 1.12757927565e-17, 9.92344509924e-18, 5.10811325212e-18, 3.09076821702e-18, 1.62972096222e-18, 3.84418670451e-19, 4.15408714219e-20], "var": [0.0693839937449, 2.65394926071, 17.2689628601, 90.7307357788, 35.6774139404, 91.2182846069, 180.629394531, 603.744995117, 603.888549805, 4312.25341797, 1485.79382324, 6765.84130859, 10317.1513672, 5832.81445313, 20995.0996094, 18649.359375, 29969.8046875, 37377.4804688, 15105.1279297, 13137.4296875, 1162.58581543, 1818.22802734, 503.933532715, 143.083908081, 140.768234253, 72.5598831177, 47.6921539307, 67.2729263306, 54.1321716309, 86.6133956909, 112.07649231, 61.6409225464, 15.7023668289, 4.55594921112, 24.3094539642, 0.39405426383, 0.028541918844, 0.000567253213376, 9.10262860998e-06, 4.67819489813e-08]}, "erbbands_crest": {"dmean": 2.54701137543, "dmean2": 4.04390192032, "dvar": 6.26650381088, "dvar2": 14.8239717484, "max": 31.2794132233, "mean": 9.31523609161, "median": 7.88807487488, "min": 2.13305997849, "var": 24.9958362579}, "erbbands_flatness_db": {"dmean": 0.0183424707502, "dmean2": 0.0253628268838, "dvar": 0.000357494893251, "dvar2": 0.000641721766442, "max": 0.354289919138, "mean": 0.154286399484, "median": 0.153112858534, "min": 0.0350928492844, "var": 0.00196802569553}, "erbbands_kurtosis": {"dmean": 0.883723139763, "dmean2": 1.3615013361, "dvar": 1.90556573868, "dvar2": 4.29935312271, "max": 43.7793540955, "mean": 0.824314296246, "median": 0.00803138129413, "min": -1.77356052399, "var": 6.67754030228}, "erbbands_skewness": {"dmean": 0.318419456482, "dmean2": 0.482521086931, "dvar": 0.0834396407008, "dvar2": 0.187260389328, "max": 4.313393116, "mean": 0.157090857625, "median": 0.119763419032, "min": -4.00767087936, "var": 0.436192661524}, "erbbands_spread": {"dmean": 6.81863927841, "dmean2": 10.1490287781, "dvar": 65.41381073, "dvar2": 128.278152466, "max": 159.522628784, "mean": 33.1817359924, "median": 30.1523551941, "min": 1.52809882164, "var": 324.166595459}, "gfcc": {"cov": [[7696.14013672, -876.972717285, -597.29876709, 86.2548446655, -240.913650513, 403.234680176, 154.660171509, 79.7732315063, -141.306945801, 22.2473373413, -81.8047866821, 21.5761184692, -51.456829071], [-876.972717285, 956.843933105, -220.907943726, -27.6603794098, 177.919647217, -125.861061096, 87.748878479, -12.6195774078, 61.7054367065, -57.1035461426, 91.2722625732, -37.5410118103, 76.9314117432], [-597.29876709, -220.907943726, 757.990539551, 127.540679932, -2.36959958076, 43.9724884033, -19.902338028, 34.1836967468, 5.02599334717, 47.3035812378, -57.7758483887, 58.8317756653, -10.3014125824], [86.2548446655, -27.6603794098, 127.540679932, 263.671112061, 23.0764045715, 27.6719741821, 10.2711238861, 25.9789085388, 44.9762992859, 3.06037020683, 15.9082260132, 3.71137189865, 17.4823360443], [-240.913650513, 177.919647217, -2.36959958076, 23.0764045715, 197.509674072, 3.20540428162, 25.8146858215, 17.0134525299, 25.6075344086, 21.442073822, 14.4941768646, 9.66286087036, 15.7957162857], [403.234680176, -125.861061096, 43.9724884033, 27.6719741821, 3.20540428162, 163.814620972, 54.9824905396, 9.42865657806, -3.62305164337, 16.2947654724, 8.40937519073, 15.9903917313, -1.98357486725], [154.660171509, 87.748878479, -19.902338028, 10.2711238861, 25.8146858215, 54.9824905396, 151.995437622, 37.4577445984, -1.47597980499, -9.35819816589, 28.9156188965, 12.9787807465, 20.5476455688], [79.7732315063, -12.6195774078, 34.1836967468, 25.9789085388, 17.0134525299, 9.42865657806, 37.4577445984, 113.77960968, 41.3662376404, 16.4917831421, -12.6680202484, 12.4975986481, 7.83143043518], [-141.306945801, 61.7054367065, 5.02599334717, 44.9762992859, 25.6075344086, -3.62305164337, -1.47597980499, 41.3662376404, 117.190162659, 26.2721290588, 17.2469940186, -5.56551170349, 16.5968379974], [22.2473373413, -57.1035461426, 47.3035812378, 3.06037020683, 21.442073822, 16.2947654724, -9.35819816589, 16.4917831421, 26.2721290588, 79.5669021606, 15.200012207, 13.7718296051, -5.57663965225], [-81.8047866821, 91.2722625732, -57.7758483887, 15.9082260132, 14.4941768646, 8.40937519073, 28.9156188965, -12.6680202484, 17.2469940186, 15.200012207, 89.0017623901, 24.1233253479, 19.5971488953], [21.5761184692, -37.5410118103, 58.8317756653, 3.71137189865, 9.66286087036, 15.9903917313, 12.9787807465, 12.4975986481, -5.56551170349, 13.7718296051, 24.1233253479, 71.3960571289, 21.3826637268], [-51.456829071, 76.9314117432, -10.3014125824, 17.4823360443, 15.7957162857, -1.98357486725, 20.5476455688, 7.83143043518, 16.5968379974, -5.57663965225, 19.5971488953, 21.3826637268, 65.858757019]], "icov": [[0.00021280546207, 9.57583251875e-05, 0.000332880794303, -0.000244150287472, 0.000217260938371, -0.000408065854572, -0.000162854907103, -9.43105915212e-05, 0.000231428624829, -0.000270842399914, 0.000465245073428, -0.000264932197751, 3.52373244823e-05], [9.57583251875e-05, 0.00246984581463, 9.35077478061e-05, 0.000523590832017, -0.00194861087948, 0.00170791300479, -0.00133749993984, 0.000317971018376, -0.000787227763794, 0.00182181422133, -0.00218631513417, 0.00207087653689, -0.00170549936593], [0.000332880794303, 9.35077478061e-05, 0.00243203015998, -0.00146696821321, 0.000569124997128, -0.000761974020861, -0.000368397682905, 0.000200652735657, 0.000300182582578, -0.00165704276878, 0.00300102122128, -0.00271148607135, 0.000623703643214], [-0.000244150287472, 0.000523590832017, -0.00146696821321, 0.00531189190224, -0.00120177655481, 5.38476633665e-05, 0.000460285373265, -0.000717166287359, -0.00176763022318, 0.00229520536959, -0.00310320663266, 0.00236611883156, -0.00141537492163], [0.000217260938371, -0.00194861087948, 0.000569124997128, -0.00120177655481, 0.00751831801608, -0.00156339653768, -0.000237740096054, -0.000211955368286, 0.000267975905444, -0.00358274509199, 0.00284610246308, -0.00254678819329, 0.000712169043254], [-0.000408065854572, 0.00170791300479, -0.000761974020861, 5.38476633665e-05, -0.00156339653768, 0.00995383877307, -0.00414139870554, 0.0016070199199, -0.00102964846883, -0.000108683751023, -0.00166978558991, 0.000645254156552, -0.000133956986247], [-0.000162854907103, -0.00133749993984, -0.000368397682905, 0.000460285373265, -0.000237740096054, -0.00414139870554, 0.0111921327189, -0.00498196668923, 0.00245609250851, 0.00222828472033, -0.00382166891359, 0.000860337109771, -0.00128428160679], [-9.43105915212e-05, 0.000317971018376, 0.000200652735657, -0.000717166287359, -0.000211955368286, 0.0016070199199, -0.00498196668923, 0.013859779574, -0.00549689820036, -0.00212513096631, 0.00567852240056, -0.00388912693597, 0.000560416956432], [0.000231428624829, -0.000787227763794, 0.000300182582578, -0.00176763022318, 0.000267975905444, -0.00102964846883, 0.00245609250851, -0.00549689820036, 0.0135771790519, -0.00402910169214, -0.00227140123025, 0.00351848010905, -0.00282052764669], [-0.000270842399914, 0.00182181422133, -0.00165704276878, 0.00229520536959, -0.00358274509199, -0.000108683751023, 0.00222828472033, -0.00212513096631, -0.00402910169214, 0.0192430019379, -0.00709387660027, 0.000604504370131, 0.00176471378654], [0.000465245073428, -0.00218631513417, 0.00300102122128, -0.00310320663266, 0.00284610246308, -0.00166978558991, -0.00382166891359, 0.00567852240056, -0.00227140123025, -0.00709387660027, 0.022507019341, -0.0105319060385, 0.000688659201842], [-0.000264932197751, 0.00207087653689, -0.00271148607135, 0.00236611883156, -0.00254678819329, 0.000645254156552, 0.000860337109771, -0.00388912693597, 0.00351848010905, 0.000604504370131, -0.0105319060385, 0.0242519918829, -0.00842954125255], [3.52373244823e-05, -0.00170549936593, 0.000623703643214, -0.00141537492163, 0.000712169043254, -0.000133956986247, -0.00128428160679, 0.000560416956432, -0.00282052764669, 0.00176471378654, 0.000688659201842, -0.00842954125255, 0.0212284177542]], "mean": [10.6633892059, 93.1042404175, -120.562133789, 20.3480911255, -51.8088493347, 15.8109912872, -43.8239822388, 8.75919151306, -27.8092155457, 6.02415084839, -22.2042427063, 3.31960082054, -13.5817327499]}, "hfc": {"dmean": 7.34508275986, "dmean2": 10.3947315216, "dvar": 104.151252747, "dvar2": 216.501190186, "max": 181.35244751, "mean": 24.8290481567, "median": 17.6387634277, "min": 1.3322907112e-16, "var": 467.696472168}, "melbands": {"dmean": [0.000862993474584, 0.00103810301516, 0.000809500110336, 0.000239159315242, 0.000198225185159, 0.00021633747383, 0.000142247459735, 0.000174052300281, 8.38712003315e-05, 0.000109191583761, 0.000112419045763, 9.03289255803e-05, 0.000112464724225, 6.48771892884e-05, 0.000107442298031, 7.67286837799e-05, 7.99271219876e-05, 5.01866670675e-05, 3.46553279087e-05, 2.58225754806e-05, 1.30362395794e-05, 2.03891304409e-05, 1.24696416606e-05, 7.23986522644e-06, 4.12142617279e-06, 3.91196272176e-06, 3.40111364494e-06, 2.11365613723e-06, 1.80599340638e-06, 1.53390328705e-06, 2.10276857615e-06, 1.47621983615e-06, 1.31280705773e-06, 1.57000795298e-06, 1.64394691637e-06, 9.26889924813e-07, 6.68784537083e-07, 4.85595705868e-07, 4.53779222198e-07, 4.8053283308e-07], "dmean2": [0.00131997826975, 0.0017664458137, 0.00140977557749, 0.000399582815589, 0.000324668799294, 0.000357899203664, 0.000226155621931, 0.000253349891864, 0.000130420579808, 0.000160228490131, 0.000164968601894, 0.000134932372021, 0.000169971623109, 9.80439072009e-05, 0.000163592834724, 0.000120513825095, 0.00012628348486, 7.86026139394e-05, 5.42564157513e-05, 4.06888793805e-05, 2.11035294342e-05, 3.3234438888e-05, 2.03339350264e-05, 1.17756335385e-05, 6.68300663165e-06, 6.30480872132e-06, 5.55958649784e-06, 3.38335144079e-06, 2.85753890239e-06, 2.41327279582e-06, 3.31928163178e-06, 2.32486695495e-06, 2.03118702302e-06, 2.32749039242e-06, 2.4664477678e-06, 1.34159176923e-06, 9.83874542726e-07, 7.13282872766e-07, 6.61716399009e-07, 7.16445811122e-07], "dvar": [4.13349107475e-06, 4.81269489683e-06, 2.45326782533e-06, 1.30254960595e-07, 1.0970212827e-07, 1.94511613927e-07, 8.89042794938e-08, 1.81054318205e-07, 6.7063965048e-08, 8.99965328927e-08, 6.76306157743e-08, 3.7137130704e-08, 1.27305455067e-07, 4.88807891941e-08, 8.42318144123e-08, 4.18599626073e-08, 4.82299675753e-08, 2.92224040521e-08, 7.90968890385e-09, 4.16003187453e-09, 6.28689100779e-10, 1.12436471245e-09, 4.00809607726e-10, 1.77581060967e-10, 3.76986011852e-11, 4.08730896351e-11, 4.36548748539e-11, 1.3492673992e-11, 1.04089584174e-11, 8.73313747707e-12, 1.57619663849e-11, 9.32687867911e-12, 8.64210092377e-12, 1.59171530123e-11, 2.12996391358e-11, 1.92830595241e-11, 1.12175303768e-11, 5.54829099331e-12, 2.13067887986e-12, 1.50978535229e-12], "dvar2": [9.07946287043e-06, 1.26564755192e-05, 6.76983427184e-06, 3.46588137745e-07, 2.69253035867e-07, 5.1695633374e-07, 2.11624552549e-07, 3.73264271047e-07, 1.54776643058e-07, 2.01215172524e-07, 1.41097046935e-07, 7.95584114144e-08, 2.74964548908e-07, 1.12105091432e-07, 1.89747964896e-07, 1.0022913699e-07, 1.14372802784e-07, 6.93395776352e-08, 1.73582659357e-08, 8.93868712382e-09, 1.50989643011e-09, 2.84062551259e-09, 9.8411145899e-10, 4.90726403957e-10, 8.89972887053e-11, 9.964076092e-11, 1.16374805625e-10, 3.17965306862e-11, 2.52569718612e-11, 1.96419356474e-11, 3.60469223915e-11, 2.14350204253e-11, 1.84326581776e-11, 3.07229450214e-11, 4.34116353976e-11, 3.71367277208e-11, 2.34168101576e-11, 1.21826220986e-11, 4.21852917182e-12, 3.40546211022e-12], "max": [0.0233709253371, 0.0212057083845, 0.018740080297, 0.00536721013486, 0.010189441964, 0.00888056401163, 0.0080305300653, 0.0119786784053, 0.00857752840966, 0.00911726988852, 0.00820998940617, 0.00391044327989, 0.00863781012595, 0.00828449986875, 0.00692332629114, 0.00491884350777, 0.00622532330453, 0.00421736622229, 0.00267915637232, 0.00272510759532, 0.00070133904228, 0.000847960705869, 0.00054579024436, 0.000301465188386, 0.000174188957317, 0.000180995382834, 0.000161870586453, 7.52546839067e-05, 8.51481308928e-05, 7.32735425117e-05, 8.31927463878e-05, 6.87351202941e-05, 9.89881446003e-05, 0.000132335000671, 0.000149158702698, 0.000165698686033, 0.0001757787104, 9.84990911093e-05, 6.80847442709e-05, 2.96765683743e-05], "mean": [0.00100325234234, 0.00122948305216, 0.00108798884321, 0.000436730217189, 0.000370787805878, 0.000376157520805, 0.000267150200671, 0.000320588704199, 0.000150992593262, 0.000226633535931, 0.000232228107052, 0.00017531098274, 0.000213740364416, 0.000120540920761, 0.000209522317164, 0.000141841053846, 0.000147868224303, 8.57948398334e-05, 6.16471152171e-05, 4.8067773605e-05, 2.38935808738e-05, 3.75499039365e-05, 2.38419543166e-05, 1.3331725313e-05, 8.25135794003e-06, 7.69803682488e-06, 6.24520180281e-06, 4.07533570979e-06, 3.34318656314e-06, 2.74959324997e-06, 3.46848992194e-06, 2.55832014773e-06, 2.20598508349e-06, 2.60603201241e-06, 2.5166245905e-06, 1.43593467783e-06, 1.05392143723e-06, 7.54145958126e-07, 6.9724808327e-07, 7.06024593455e-07], "median": [0.000197232846403, 0.000602059531957, 0.000654434319586, 0.000306190253468, 0.000258292304352, 0.000221087248065, 0.00015643084771, 0.00013082229998, 6.33772724541e-05, 8.2606151409e-05, 7.64950091252e-05, 6.6198866989e-05, 4.26456681453e-05, 2.99476923828e-05, 4.45141922683e-05, 4.46338017355e-05, 3.6205194192e-05, 1.90366663446e-05, 3.11694602715e-05, 2.61228597083e-05, 1.36306352942e-05, 2.17423585127e-05, 1.40648089655e-05, 7.44211911297e-06, 5.37939922651e-06, 4.69511905976e-06, 3.18252978104e-06, 2.37412405113e-06, 1.74394983787e-06, 1.30953492317e-06, 1.59357273333e-06, 1.04901550912e-06, 8.0261685298e-07, 8.60499596911e-07, 7.24669575902e-07, 2.58640000084e-07, 2.22348489842e-07, 1.7880917369e-07, 1.73082014499e-07, 2.02274833327e-07], "min": [1.15751083125e-23, 1.96854290887e-23, 2.10395451201e-23, 9.91743387155e-24, 3.65964249073e-24, 3.7619948266e-24, 1.2027131922e-23, 1.44300976915e-23, 1.30520791747e-23, 5.76008601951e-24, 1.29212513267e-23, 1.16917611188e-23, 9.44146596692e-24, 7.0821707483e-24, 5.46921959312e-24, 4.84126264674e-24, 1.86667067374e-23, 1.98377502409e-23, 7.48052893936e-24, 5.61626444915e-24, 7.02259912818e-24, 6.15387670593e-24, 6.36940099941e-24, 6.72119904212e-24, 9.52243386137e-24, 1.07995113145e-23, 1.13442442242e-23, 1.28290429532e-23, 1.00599423829e-23, 1.31766063906e-23, 1.20219207069e-23, 9.06309908892e-24, 1.31189114706e-23, 1.0365953361e-23, 7.75518742959e-24, 9.34907694428e-24, 7.9043420941e-24, 1.05033737195e-23, 1.1520127074e-23, 8.75877863979e-24], "var": [4.85594409838e-06, 4.18490071752e-06, 2.1860760171e-06, 2.04258526537e-07, 1.90183357063e-07, 2.83070733076e-07, 1.56198879608e-07, 3.98511332378e-07, 1.26325502947e-07, 2.69816240461e-07, 2.76655839571e-07, 1.01441436584e-07, 4.0642387944e-07, 1.24971265336e-07, 3.02508681216e-07, 1.20773918866e-07, 1.35441894145e-07, 7.05307527937e-08, 1.95096383493e-08, 1.18069847233e-08, 1.43506706518e-09, 2.41609066087e-09, 9.60234225467e-10, 3.92211263467e-10, 9.19946271938e-11, 9.16991205191e-11, 8.16867615216e-11, 2.77112499614e-11, 2.07281691811e-11, 1.74870066344e-11, 2.79134302478e-11, 1.82814475364e-11, 1.84888424015e-11, 3.6138942533e-11, 4.23163518115e-11, 3.7644526385e-11, 1.91508579828e-11, 9.45783208695e-12, 4.13345876624e-12, 2.26745510389e-12]}, "melbands_crest": {"dmean": 3.14388036728, "dmean2": 5.07708644867, "dvar": 8.5690574646, "dvar2": 21.9800682068, "max": 34.9217300415, "mean": 12.0283041, "median": 11.2718963623, "min": 2.04110622406, "var": 20.0437011719}, "melbands_flatness_db": {"dmean": 0.0221429336816, "dmean2": 0.0342813357711, "dvar": 0.000476289365906, "dvar2": 0.0011087434832, "max": 0.421214431524, "mean": 0.182351693511, "median": 0.176539450884, "min": 0.00607154937461, "var": 0.00264539686032}, "melbands_kurtosis": {"dmean": 3.89871573448, "dmean2": 6.22049951553, "dvar": 49.0102272034, "dvar2": 120.35144043, "max": 175.108551025, "mean": 6.79099178314, "median": 3.27163147926, "min": -1.79024803638, "var": 105.659576416}, "melbands_skewness": {"dmean": 0.576402962208, "dmean2": 0.889566421509, "dvar": 0.380920022726, "dvar2": 0.880981624126, "max": 10.1166753769, "mean": 1.85656797886, "median": 1.703561306, "min": -2.05313396454, "var": 1.8315320015}, "melbands_spread": {"dmean": 6.10304880142, "dmean2": 9.2997045517, "dvar": 53.6689071655, "dvar2": 106.038856506, "max": 184.181594849, "mean": 25.862569809, "median": 24.7062683105, "min": 1.34167456627, "var": 195.473876953}, "mfcc": {"cov": [[6087.08837891, -581.369506836, -405.67376709, -237.200576782, -186.217178345, 119.235702515, 144.788024902, 123.407264709, 49.5547790527, 44.1131820679, 15.4967107773, 28.0640716553, -21.9784698486], [-581.369506836, 930.037841797, -261.133209229, 73.5127716064, 24.6362724304, -35.9452972412, 20.3920307159, 13.0943346024, 9.20288658142, -20.6943454742, 13.9535112381, -3.05322575569, 7.77503728867], [-405.67376709, -261.133209229, 602.896850586, 77.8774642944, 43.776714325, 55.5551109314, -10.3777322769, 16.7583198547, 29.115447998, 4.63312530518, -14.2138605118, 0.304465472698, 25.4705886841], [-237.200576782, 73.5127716064, 77.8774642944, 211.658477783, 70.0614852905, -6.100086689, -0.00427554314956, 15.564743042, 25.1180667877, 16.6798381805, -6.87360429764, 10.0351543427, 25.2135124207], [-186.217178345, 24.6362724304, 43.776714325, 70.0614852905, 146.374099731, 30.5402603149, -25.3859481812, -2.46441292763, 18.6224460602, 20.1048297882, 10.6111021042, 5.46006155014, 13.5101184845], [119.235702515, -35.9452972412, 55.5551109314, -6.100086689, 30.5402603149, 119.794769287, 48.970867157, 9.04828643799, -4.15005397797, 0.80680090189, 9.481300354, 1.96693456173, 3.64889478683], [144.788024902, 20.3920307159, -10.3777322769, -0.00427554314956, -25.3859481812, 48.970867157, 131.166625977, 43.6448554993, 5.67437314987, -6.14670276642, -0.231754690409, 12.4754085541, 0.988805711269], [123.407264709, 13.0943346024, 16.7583198547, 15.564743042, -2.46441292763, 9.04828643799, 43.6448554993, 93.1709823608, 39.2922210693, 6.82883167267, 2.95751571655, 8.64507865906, 9.49493312836], [49.5547790527, 9.20288658142, 29.115447998, 25.1180667877, 18.6224460602, -4.15005397797, 5.67437314987, 39.2922210693, 93.1809387207, 36.0370979309, 8.84133625031, 4.92045021057, 7.18307828903], [44.1131820679, -20.6943454742, 4.63312530518, 16.6798381805, 20.1048297882, 0.80680090189, -6.14670276642, 6.82883167267, 36.0370979309, 81.1070785522, 20.7065200806, 8.56539535522, 0.982864320278], [15.4967107773, 13.9535112381, -14.2138605118, -6.87360429764, 10.6111021042, 9.481300354, -0.231754690409, 2.95751571655, 8.84133625031, 20.7065200806, 69.8542785645, 21.1110420227, 2.73478007317], [28.0640716553, -3.05322575569, 0.304465472698, 10.0351543427, 5.46006155014, 1.96693456173, 12.4754085541, 8.64507865906, 4.92045021057, 8.56539535522, 21.1110420227, 66.4623336792, 19.5956478119], [-21.9784698486, 7.77503728867, 25.4705886841, 25.2135124207, 13.5101184845, 3.64889478683, 0.988805711269, 9.49493312836, 7.18307828903, 0.982864320278, 2.73478007317, 19.5956478119, 62.9654693604]], "icov": [[0.000222651826334, 0.000190722814295, 0.000257702631643, 4.64025797555e-05, 0.000252470723353, -0.000340668048011, 1.94527183339e-05, -0.000266867602477, -0.00015773580526, -6.74383336445e-05, 4.7850284318e-05, -5.97338839725e-05, -2.75922211586e-05], [0.000190722814295, 0.00153221935034, 0.000894589000382, -0.000623135245405, -2.15107302211e-05, -2.62031790044e-05, -0.00026968200109, -0.000246998999501, -0.000450220861239, 0.00065023516072, -0.000434750458226, 0.00031961282366, -0.000226737203775], [0.000257702631643, 0.000894589000382, 0.00256205024198, -0.000958313175943, 0.000391188077629, -0.00161638529971, 0.000697556359228, -0.000541589164641, -0.000909497437533, 0.000469606748084, 0.000351050664904, 7.33010092517e-05, -0.000534347025678], [4.64025797555e-05, -0.000623135245405, -0.000958313175943, 0.00682485708967, -0.00319824740291, 0.00184061669279, -0.00120572908781, -0.000350924121449, -0.000151292435476, -0.00103447458241, 0.00135494279675, -0.00044095114572, -0.00148890481796], [0.000252470723353, -2.15107302211e-05, 0.000391188077629, -0.00319824740291, 0.0106282355264, -0.00478555820882, 0.00368322688155, -5.72013232158e-05, -0.0014380812645, -0.000960181001574, -0.000607756315731, -0.000475462700706, -0.000485686963657], [-0.000340668048011, -2.62031790044e-05, -0.00161638529971, 0.00184061669279, -0.00478555820882, 0.0134424753487, -0.00631919270381, 0.00118526769802, 0.00182535685599, -0.00012282692478, -0.00187855458353, 0.00156633602455, -0.000642748433165], [1.94527183339e-05, -0.00026968200109, 0.000697556359228, -0.00120572908781, 0.00368322688155, -0.00631919270381, 0.0127571821213, -0.00525351939723, 0.000282355467789, 0.000515052874107, 0.00114140019286, -0.0024358802475, 0.00107676908374], [-0.000266867602477, -0.000246998999501, -0.000541589164641, -0.000350924121449, -5.72013232158e-05, 0.00118526769802, -0.00525351939723, 0.0164353754371, -0.0065212007612, 0.0014403774403, -0.000388025247958, -0.000205972217373, -0.00135294103529], [-0.00015773580526, -0.000450220861239, -0.000909497437533, -0.000151292435476, -0.0014380812645, 0.00182535685599, 0.000282355467789, -0.0065212007612, 0.0168266091496, -0.00652762036771, -0.000224202391109, 0.000723566103261, -0.000422384880949], [-6.74383336445e-05, 0.00065023516072, 0.000469606748084, -0.00103447458241, -0.000960181001574, -0.00012282692478, 0.000515052874107, 0.0014403774403, -0.00652762036771, 0.0168625209481, -0.00401970231906, -0.000690978195053, 0.000979371019639], [4.7850284318e-05, -0.000434750458226, 0.000351050664904, 0.00135494279675, -0.000607756315731, -0.00187855458353, 0.00114140019286, -0.000388025247958, -0.000224202391109, -0.00401970231906, 0.0178665053099, -0.00566341495141, 0.000740521936677], [-5.97338839725e-05, 0.00031961282366, 7.33010092517e-05, -0.00044095114572, -0.000475462700706, 0.00156633602455, -0.0024358802475, -0.000205972217373, 0.000723566103261, -0.000690978195053, -0.00566341495141, 0.0191168580204, -0.0056080231443], [-2.75922211586e-05, -0.000226737203775, -0.000534347025678, -0.00148890481796, -0.000485686963657, -0.000642748433165, 0.00107676908374, -0.00135294103529, -0.000422384880949, 0.000979371019639, 0.000740521936677, -0.0056080231443, 0.0187870375812]], "mean": [-633.971069336, 131.104553223, -11.285949707, 14.5812778473, 4.65300941467, 7.75827884674, -4.82992124557, 2.22188282013, -1.54447185993, -3.3648660183, 0.610956370831, -3.01996397972, -0.595980107784]}, "pitch_salience": {"dmean": 0.0679535418749, "dmean2": 0.110070571303, "dvar": 0.00377008528449, "dvar2": 0.00999327655882, "max": 0.925400316715, "mean": 0.574318110943, "median": 0.581081271172, "min": 0.167544275522, "var": 0.00879489816725}, "silence_rate_20dB": {"dmean": 0, "dmean2": 0, "dvar": 0, "dvar2": 0, "max": 1, "mean": 1, "median": 1, "min": 1, "var": 0}, "silence_rate_30dB": {"dmean": 0.00358821009286, "dmean2": 0.00717703346163, "dvar": 0.0035752884578, "dvar2": 0.00968948937953, "max": 1, "mean": 0.997608065605, "median": 1, "min": 0, "var": 0.00238621514291}, "silence_rate_60dB": {"dmean": 0.00119607010856, "dmean2": 0.0023923444096, "dvar": 0.00119479198474, "dvar2": 0.00324107822962, "max": 1, "mean": 0.0250298995525, "median": 0, "min": 0, "var": 0.0244034044445}, "spectral_centroid": {"dmean": 190.029129028, "dmean2": 291.657714844, "dvar": 44667.4609375, "dvar2": 86828.53125, "max": 10995.4570313, "mean": 1274.08947754, "median": 1271.39331055, "min": 221.581710815, "var": 205908.71875}, "spectral_complexity": {"dmean": 3.08859467506, "dmean2": 4.81100463867, "dvar": 9.22233009338, "dvar2": 19.0817184448, "max": 53, "mean": 21.1178874969, "median": 21, "min": 0, "var": 75.0767669678}, "spectral_contrast_coeffs": {"dmean": [0.049074370414, 0.043987903744, 0.0372790843248, 0.0313401184976, 0.0215752143413, 0.0162630658597], "dmean2": [0.0795846357942, 0.0716664418578, 0.0594937205315, 0.0505624376237, 0.0352275744081, 0.0263318065554], "dvar": [0.00183208507951, 0.00128862564452, 0.00090514664771, 0.000641708029434, 0.000306662666844, 0.00019433554553], "dvar2": [0.00466560572386, 0.00345935998484, 0.00227575190365, 0.00161754502915, 0.000792862207163, 0.000489355647005], "max": [-0.35564905405, -0.44760504365, -0.470112502575, -0.526650071144, -0.598022580147, -0.649877011776], "mean": [-0.640923380852, -0.72559517622, -0.747779488564, -0.749486625195, -0.780187487602, -0.761732697487], "median": [-0.644021749496, -0.72934794426, -0.755345284939, -0.754056215286, -0.779103159904, -0.761652588844], "min": [-0.963971912861, -0.983440101147, -0.958612024784, -0.95608496666, -0.963702976704, -0.958573877811], "var": [0.00587545242161, 0.00367776467465, 0.00437625311315, 0.00351350242272, 0.00127547269221, 0.000879614788573]}, "spectral_contrast_valleys": {"dmean": [0.382925480604, 0.33267146349, 0.305474579334, 0.254697352648, 0.234699591994, 0.309623152018], "dmean2": [0.599932014942, 0.53596419096, 0.487418919802, 0.402978390455, 0.346988260746, 0.394897282124], "dvar": [0.137152805924, 0.0916114896536, 0.0826380848885, 0.0663833096623, 0.0783468559384, 0.146477729082], "dvar2": [0.288010835648, 0.20314642787, 0.165882587433, 0.124016240239, 0.128319442272, 0.239737018943], "max": [-5.17062664032, -4.81318616867, -5.13071680069, -5.58362913132, -5.54069375992, -7.58291292191], "mean": [-7.26001548767, -6.60760116577, -7.1867146492, -7.47316837311, -7.61266326904, -10.2627191544], "median": [-7.16636943817, -6.50199842453, -7.04139232635, -7.27817821503, -7.39769554138, -10.1591148376], "min": [-27.7502708435, -27.6841030121, -27.7713241577, -27.1236972809, -27.1209201813, -27.3331356049], "var": [0.839888632298, 0.776978909969, 0.996442317963, 1.00248348713, 1.05143034458, 1.15293943882]}, "spectral_decrease": {"dmean": 2.29796803808e-09, "dmean2": 3.49497675245e-09, "dvar": 1.03277618837e-17, "dvar2": 2.19069768966e-17, "max": 2.05453439791e-28, "mean": -6.56936505194e-09, "median": -5.09563591322e-09, "min": -3.64833958599e-08, "var": 2.55491044189e-17}, "spectral_energy": {"dmean": 0.00916862115264, "dmean2": 0.0138753363863, "dvar": 0.000159482733579, "dvar2": 0.000335865741363, "max": 0.148763462901, "mean": 0.0270463954657, "median": 0.0211256854236, "min": 1.13088441732e-20, "var": 0.00042347642011}, "spectral_energyband_high": {"dmean": 0.000395472918171, "dmean2": 0.00054021703545, "dvar": 7.00806594978e-07, "dvar2": 1.34601464197e-06, "max": 0.0180639848113, "mean": 0.000762689334806, "median": 0.000320531777106, "min": 7.95820854594e-21, "var": 1.58337365974e-06}, "spectral_energyband_low": {"dmean": 0.00554319471121, "dmean2": 0.0088466797024, "dvar": 0.000100224446214, "dvar2": 0.000222537550144, "max": 0.0957389846444, "mean": 0.0077015068382, "median": 0.00382921658456, "min": 1.26854639576e-22, "var": 0.000126101323985}, "spectral_energyband_middle_high": {"dmean": 0.00285392161459, "dmean2": 0.00426858384162, "dvar": 2.18957557081e-05, "dvar2": 5.04647687194e-05, "max": 0.0887814238667, "mean": 0.00965822394937, "median": 0.00480231642723, "min": 1.35905310161e-21, "var": 0.000132836634293}, "spectral_energyband_middle_low": {"dmean": 0.00396332982928, "dmean2": 0.00622283201665, "dvar": 3.4465760109e-05, "dvar2": 8.15623061499e-05, "max": 0.0852253064513, "mean": 0.0104124117643, "median": 0.00796555913985, "min": 3.2867981755e-22, "var": 7.15376154403e-05}, "spectral_entropy": {"dmean": 0.140492260456, "dmean2": 0.20137450099, "dvar": 0.0246472079307, "dvar2": 0.0453822687268, "max": 9.79083633423, "mean": 7.57849216461, "median": 7.60218811035, "min": 5.96966600418, "var": 0.138726681471}, "spectral_flux": {"dmean": 0.0256738159806, "dmean2": 0.0393832735717, "dvar": 0.000918448960874, "dvar2": 0.00186834204942, "max": 0.360173195601, "mean": 0.0851424559951, "median": 0.0761047005653, "min": 1.0634305242e-10, "var": 0.002428738866}, "spectral_kurtosis": {"dmean": 1.55825924873, "dmean2": 2.50391030312, "dvar": 3.26003050804, "dvar2": 8.16512489319, "max": 31.1249866486, "mean": 5.61439847946, "median": 5.24648571014, "min": -1.22757160664, "var": 8.89473247528}, "spectral_rms": {"dmean": 0.000801935093477, "dmean2": 0.00118891429156, "dvar": 9.06071420559e-07, "dvar2": 1.82694930118e-06, "max": 0.0120472023264, "mean": 0.00476916367188, "median": 0.00453987065703, "min": 3.32159885534e-12, "var": 3.64184575119e-06}, "spectral_rolloff": {"dmean": 450.944946289, "dmean2": 753.685913086, "dvar": 969131.6875, "dvar2": 2211078.75, "max": 19638.28125, "mean": 1553.61682129, "median": 1464.2578125, "min": 43.06640625, "var": 1532925.875}, "spectral_skewness": {"dmean": 0.197278887033, "dmean2": 0.30895653367, "dvar": 0.0414211042225, "dvar2": 0.0929022282362, "max": 4.37314462662, "mean": 1.80834782124, "median": 1.79024147987, "min": -0.01864130795, "var": 0.180442050099}, "spectral_spread": {"dmean": 613462.375, "dmean2": 823998.125, "dvar": 703561400320, "dvar2": 1163415912450.0, "max": 41129096, "mean": 4574533, "median": 4210142, "min": 1807122.125, "var": 266