{"lowlevel": {"average_loudness": 0.761358976364, "barkbands": {"dmean": [2.28522203543e-05, 0.00117793970276, 0.00094348116545, 0.00218883622438, 0.000808177923318, 0.000352720875526, 0.000283238332486, 0.000384203303838, 0.000564024841879, 0.000304773886455, 0.000537740357686, 0.000268640811555, 0.000485491094878, 0.000360245496267, 0.000675499264617, 0.000352018309059, 0.00025813546381, 0.000191268482013, 0.000127826526295, 0.000170428291312, 0.00013283608132, 0.000130295622512, 0.00011361597717, 9.73975184024e-05, 6.17687401245e-05, 7.18748779036e-05, 2.54915121332e-05], "dmean2": [3.61985185009e-05, 0.00201523769647, 0.00161658565048, 0.00335063412786, 0.0013449867256, 0.000543146394193, 0.000426907150541, 0.000592657946981, 0.000883703236468, 0.000464448734419, 0.000832058722153, 0.000415355461882, 0.000732596497983, 0.000556579383556, 0.00107055145781, 0.00055610446725, 0.000400848774007, 0.000299750914564, 0.0001995638886, 0.000264890695689, 0.00019527724362, 0.000186454926734, 0.000156476366101, 0.000136185364681, 8.89325456228e-05, 0.000108617539809, 3.83761907869e-05], "dvar": [3.63585561658e-09, 9.65255912888e-06, 7.9580122474e-06, 5.71399177716e-05, 3.28850478581e-06, 4.13373470565e-07, 4.42157300995e-07, 1.24889209019e-06, 4.82933182866e-06, 8.80411903381e-07, 3.35112713401e-06, 6.98408143762e-07, 2.33985929299e-06, 1.18910043057e-06, 3.46970909959e-06, 8.23205255074e-07, 2.32267197475e-07, 1.2023862439e-07, 5.45253797668e-08, 1.47974560605e-07, 7.02069513636e-08, 6.60199859226e-08, 9.49633118807e-08, 4.19543617625e-08, 1.84917769985e-08, 3.0499023751e-08, 3.76170872229e-09], "dvar2": [8.46612380201e-09, 2.56107668974e-05, 1.98752695724e-05, 0.000127442675875, 8.91508534551e-06, 9.76629053184e-07, 9.73137161964e-07, 2.83007716462e-06, 1.19492478916e-05, 2.02351588996e-06, 7.88516535977e-06, 1.69508791714e-06, 5.35689423486e-06, 2.7622579637e-06, 9.1001020337e-06, 2.00377894544e-06, 5.51175389774e-07, 2.87730841819e-07, 1.33633307087e-07, 3.50029182528e-07, 1.55244208599e-07, 1.35291131187e-07, 1.85172496003e-07, 8.0726145768e-08, 4.10346743251e-08, 6.78521061559e-08, 8.30060287171e-09], "max": [0.000551349425223, 0.0292019471526, 0.0679491385818, 0.0943152531981, 0.0326980352402, 0.0151159241796, 0.0175412092358, 0.0309052914381, 0.0497283525765, 0.0299632009119, 0.066091902554, 0.0343515239656, 0.071954369545, 0.0484652109444, 0.0477380566299, 0.0257849991322, 0.0121725797653, 0.0108326915652, 0.00481404783204, 0.0134260421619, 0.00522144092247, 0.00558140315115, 0.0116701656953, 0.00481750443578, 0.00293219438754, 0.00388098089024, 0.00078207149636], "mean": [2.2754584279e-05, 0.00117127934936, 0.00123202824034, 0.0022424783092, 0.00144765689038, 0.000790797814261, 0.000668196822517, 0.000672893365845, 0.000840731372591, 0.000493354862556, 0.000872731325217, 0.000450794264907, 0.000940708909184, 0.000597125850618, 0.00111009227112, 0.000616235774942, 0.00051565351896, 0.000376967975171, 0.000246834330028, 0.00032931403257, 0.000257595296716, 0.000235839936067, 0.000194248874323, 0.000152168242494, 8.89922230272e-05, 7.75061998866e-05, 2.52661320701e-05], "median": [1.93862138076e-06, 0.000240250927163, 0.000373371352907, 0.000273669953458, 0.000846707029268, 0.000426712300396, 0.000256780098425, 0.000214678424527, 0.000192591571249, 7.99025438027e-05, 0.000102211466583, 0.000101752142655, 0.000130662461743, 0.000142477365443, 0.000223993469262, 0.000143919329275, 0.000192488078028, 0.000170420113136, 0.000114127680718, 0.000138674018672, 9.16250355658e-05, 6.91263921908e-05, 3.72133872588e-05, 2.42735841312e-05, 1.22843639474e-05, 4.01651504944e-06, 5.57587327421e-07], "min": [7.17300729267e-24, 2.24802102369e-23, 3.55082859519e-24, 2.38739957166e-24, 3.27586670905e-23, 3.69878923984e-23, 2.08563731956e-23, 3.1741165896e-23, 5.26971043819e-23, 4.03728850764e-23, 3.84477647005e-23, 3.82417584082e-23, 4.81207487213e-23, 1.10969732491e-22, 5.30203322492e-23, 1.11854594613e-22, 1.16477874876e-22, 1.78488741266e-22, 2.71216008526e-22, 2.13678513584e-22, 2.38612374692e-22, 6.48737801924e-22, 6.46705797207e-22, 6.40023122976e-22, 1.08329853017e-21, 1.59977255534e-21, 2.14449865563e-21], "var": [3.80853970583e-09, 7.99097324489e-06, 9.63519778452e-06, 6.19986967649e-05, 3.6703047499e-06, 1.10186124402e-06, 1.45844683175e-06, 2.16161583921e-06, 7.78647518018e-06, 1.74700062416e-06, 8.55650978338e-06, 1.6166769683e-06, 6.21817389401e-06, 2.33656373894e-06, 6.7063087954e-06, 1.78745040103e-06, 6.84331098455e-07, 3.07839059133e-07, 1.25733095047e-07, 3.0696779163e-07, 1.74636312522e-07, 1.76671932195e-07, 2.29837752386e-07, 1.01632878113e-07, 3.56030085413e-08, 3.97897288451e-08, 4.37900116168e-09]}, "barkbands_crest": {"dmean": 2.36023163795, "dmean2": 3.79220628738, "dvar": 5.71138763428, "dvar2": 13.9516334534, "max": 25.8594818115, "mean": 8.61802196503, "median": 7.64758586884, "min": 2.15729212761, "var": 16.1396522522}, "barkbands_flatness_db": {"dmean": 0.0190263353288, "dmean2": 0.0265840571374, "dvar": 0.00033731374424, "dvar2": 0.00071653467603, "max": 0.414446204901, "mean": 0.112056188285, "median": 0.102711804211, "min": 0.00930834934115, "var": 0.00295592867769}, "barkbands_kurtosis": {"dmean": 1.80167973042, "dmean2": 2.91731977463, "dvar": 58.0672798157, "dvar2": 129.033706665, "max": 532.246398926, "mean": 1.81724488735, "median": -0.10918879509, "min": -1.88936281204, "var": 103.384063721}, "barkbands_skewness": {"dmean": 0.456929445267, "dmean2": 0.683721005917, "dvar": 0.321157813072, "dvar2": 0.726578831673, "max": 19.6895999908, "mean": 0.793846547604, "median": 0.626931607723, "min": -2.79154157639, "var": 1.44270789623}, "barkbands_spread": {"dmean": 6.67780160904, "dmean2": 9.91973018646, "dvar": 61.0013275146, "dvar2": 135.671051025, "max": 110.66368866, "mean": 28.9200954437, "median": 26.3686065674, "min": 0.395273506641, "var": 275.172058105}, "dissonance": {"dmean": 0.015890063718, "dmean2": 0.026205798611, "dvar": 0.000333282252541, "dvar2": 0.000869624491315, "max": 0.500000119209, "mean": 0.464713811874, "median": 0.47474232316, "min": 0.239139169455, "var": 0.00107102375478}, "dynamic_complexity": 5.25906085968, "erbbands": {"dmean": [0.0228236112744, 0.308582276106, 0.943789482117, 4.43989467621, 5.2232260704, 2.09075880051, 2.61409544945, 3.06292247772, 3.25229978561, 6.93178653717, 8.29872989655, 13.5636758804, 9.53112220764, 13.006067276, 19.9930400848, 11.7232780457, 20.6858291626, 17.1263618469, 27.7875156403, 31.3448562622, 15.5532503128, 13.3029003143, 9.88047885895, 7.52853441238, 6.59901809692, 8.0700006485, 6.29231834412, 5.04977941513, 5.14938497543, 3.75699114799, 3.16762876511, 2.34308838844, 1.44166529179, 0.794526815414, 0.419765204191, 0.246896699071, 0.140437543392, 0.0422825030982, 0.00427399249747, 0.000154859473696], "dmean2": [0.0369876250625, 0.538434565067, 1.59365928173, 6.73952150345, 8.54576396942, 3.33976745605, 3.97965168953, 4.72695732117, 4.89024162292, 10.6327400208, 12.6734476089, 21.0909404755, 14.4642286301, 19.2978973389, 30.6157817841, 17.7849292755, 30.6256713867, 26.2407550812, 44.1887893677, 49.0930671692, 24.0760593414, 20.4380493164, 15.4543294907, 11.7769889832, 10.2655277252, 12.5954236984, 9.42199993134, 7.40467453003, 7.51198387146, 5.25417137146, 4.37795257568, 3.28682732582, 2.0407474041, 1.14976072311, 0.613476216793, 0.368553131819, 0.214468508959, 0.0642162412405, 0.00639000022784, 0.000230658784858], "dvar": [0.00368543341756, 0.665983915329, 6.44207668304, 208.024810791, 273.103515625, 14.0402994156, 26.8633747101, 36.1660804749, 49.2452087402, 388.367004395, 665.301086426, 3069.27392578, 1070.765625, 1758.8293457, 4461.64111328, 1091.89538574, 4768.10449219, 2018.15759277, 8046.78076172, 8318.01367188, 1206.41638184, 593.785461426, 318.801269531, 216.948974609, 152.337463379, 339.597076416, 170.505065918, 99.8085403442, 110.223144531, 71.3839492798, 84.4291687012, 28.4698028564, 8.78251552582, 3.21098542213, 0.885054111481, 0.370371282101, 0.119958505034, 0.010717023164, 0.000103887257865, 1.39345274874e-07], "dvar2": [0.00908472016454, 1.81427836418, 16.3277053833, 446.733520508, 681.278015137, 35.6213722229, 59.1854171753, 86.2967758179, 107.197914124, 946.570922852, 1485.52539062, 7553.32763672, 2519.28759766, 3913.86401367, 10351.2587891, 2606.55322266, 10852.7333984, 4620.91308594, 21099.0273438, 21954.4433594, 2896.68457031, 1367.828125, 748.890075684, 539.415710449, 375.892059326, 810.138671875, 384.533782959, 224.654891968, 238.724395752, 134.54083252, 172.356002808, 55.4869499207, 17.3823204041, 7.18881082535, 1.95274043083, 0.800196945667, 0.27488592267, 0.0239715538919, 0.00022886946681, 3.08227015466e-07], "max": [0.528531372547, 7.95168828964, 46.6009101868, 162.293304443, 285.3074646, 53.6547279358, 131.401428223, 176.222808838, 260.114685059, 587.481567383, 800.664611816, 1499.92077637, 980.201965332, 1147.79711914, 2707.55078125, 856.047607422, 3304.52050781, 1142.48535156, 2931.7109375, 1796.37573242, 1035.38659668, 598.690795898, 739.001281738, 309.567321777, 221.377410889, 654.822631836, 292.998382568, 177.556777954, 238.413543701, 259.84954834, 390.863555908, 132.811172485, 89.8415374756, 51.9813194275, 21.696893692, 19.9666557312, 6.39448356628, 1.45716047287, 0.144514396787, 0.008002076298], "mean": [0.0222113057971, 0.30770367384, 1.23913550377, 5.02537059784, 5.99300670624, 4.23023223877, 5.69643640518, 6.71321773529, 7.44719600677, 15.7098503113, 14.1897716522, 20.2090606689, 15.4733304977, 22.4109344482, 33.2192001343, 22.9198455811, 41.9977149963, 31.2197399139, 46.5298156738, 56.1752281189, 32.6390419006, 28.6439170837, 20.9837341309, 15.38189888, 13.1525707245, 15.6055698395, 12.4953556061, 9.40202903748, 9.23492431641, 6.7649974823, 5.25515842438, 3.63303136826, 2.20984482765, 1.16054797173, 0.578511893749, 0.297347158194, 0.143298476934, 0.0412192754447, 0.00428778771311, 0.00017113533977], "median": [0.00475076120347, 0.0666520521045, 0.360426902771, 0.861137151718, 1.72376191616, 2.36274838448, 2.69875359535, 3.51153469086, 3.41808819771, 5.30899429321, 4.95329904556, 4.44855260849, 4.41032505035, 3.83852863312, 5.35129451752, 5.64308214188, 6.76165533066, 8.48345565796, 10.0528736115, 11.0576496124, 11.7203617096, 11.9021701813, 10.3507909775, 7.229388237, 6.16083526611, 6.546875, 4.90121650696, 3.28550577164, 2.79868888855, 1.68725275993, 0.955908119678, 0.553713262081, 0.359186768532, 0.173802286386, 0.0664085000753, 0.0221724770963, 0.00597358914092, 0.00115023041144, 0.000113431582577, 2.33216069319e-05], "min": [6.34600859145e-22, 5.09018191514e-21, 5.61543433397e-21, 7.76931490604e-21, 7.93333932851e-20, 1.11815741964e-19, 9.84160041147e-20, 3.84355649628e-19, 2.21314835376e-19, 6.50526680165e-19, 7.27055776077e-19, 1.18928585334e-18, 1.39071653341e-18, 1.16507148507e-18, 2.23593619736e-18, 1.2351061792e-18, 2.79935910466e-18, 4.60393384747e-18, 3.8287249928e-18, 3.34734496058e-18, 6.40219927015e-18, 7.59162626118e-18, 8.38775120481e-18, 1.33029320237e-17, 1.24525150805e-17, 1.00302423881e-17, 8.68283382627e-18, 1.58350509927e-17, 1.98964548608e-17, 1.99749493378e-17, 1.82127204521e-17, 9.66661792675e-18, 1.28692850691e-17, 1.06123302124e-17, 8.55757800201e-18, 5.12405591765e-18, 3.22034978229e-18, 1.28838974214e-18, 3.47033725679e-19, 2.95461353856e-20], "var": [0.00331840547733, 0.528970837593, 7.75074863434, 244.80682373, 251.119308472, 27.961517334, 75.2395935059, 88.6467056274, 143.695587158, 965.559387207, 1146.0880127, 5088.39404297, 1615.4119873, 3849.73388672, 9915.78320312, 2909.41577148, 12740.5654297, 4568.86425781, 14844.9384766, 18181.6601562, 3534.99536133, 1905.67346191, 858.205566406, 536.756347656, 353.784790039, 699.289672852, 412.209075928, 233.43611145, 282.908813477, 194.518432617, 184.881561279, 65.7340011597, 20.5154266357, 5.96926736832, 1.66799163818, 0.578238546848, 0.14287610352, 0.0120332017541, 0.000123360106954, 1.69201030076e-07]}, "erbbands_crest": {"dmean": 2.74382591248, "dmean2": 4.29052352905, "dvar": 7.67467498779, "dvar2": 17.9731960297, "max": 33.4664573669, "mean": 10.0138559341, "median": 8.82825660706, "min": 1.94169044495, "var": 26.8542976379}, "erbbands_flatness_db": {"dmean": 0.0209104660898, "dmean2": 0.0265113450587, "dvar": 0.000447416270617, "dvar2": 0.000690966960974, "max": 0.433639496565, "mean": 0.161300227046, "median": 0.160052269697, "min": 0.0229495763779, "var": 0.00327058671974}, "erbbands_kurtosis": {"dmean": 0.954031765461, "dmean2": 1.45066082478, "dvar": 2.70583963394, "dvar2": 5.80710315704, "max": 40.4232788086, "mean": 0.785786747932, "median": 0.0797343254089, "min": -1.75297045708, "var": 6.93331003189}, "erbbands_skewness": {"dmean": 0.330670744181, "dmean2": 0.493206143379, "dvar": 0.114098183811, "dvar2": 0.236844003201, "max": 4.83353900909, "mean": -0.019647276029, "median": -0.118319362402, "min": -3.35872745514, "var": 0.639059364796}, "erbbands_spread": {"dmean": 8.04515838623, "dmean2": 11.5529870987, "dvar": 88.1790847778, "dvar2": 177.644195557, "max": 135.096710205, "mean": 35.7588195801, "median": 32.0439300537, "min": 1.65123820305, "var": 407.482971191}, "gfcc": {"cov": [[24203.1328125, -1013.23937988, -774.040100098, 519.25592041, -452.413513184, 563.079284668, -345.6121521, 64.6776428223, -175.857879639, -22.02085495, -368.307250977, 33.2243347168, -155.987030029], [-1013.23937988, 1988.25671387, -650.764831543, -39.8567390442, 44.155002594, -207.382949829, 110.536895752, -101.973335266, 21.9666633606, -89.3783493042, 126.228607178, -85.3308563232, 29.7889900208], [-774.040100098, -650.764831543, 1324.1739502, 75.5721893311, 111.770751953, 133.181976318, -16.0493106842, 90.2191696167, -25.0539417267, 37.2897262573, -30.0964164734, 54.2902908325, -81.1640014648], [519.25592041, -39.8567390442, 75.5721893311, 620.205383301, 133.879043579, 42.2699356079, 49.0688285828, 20.58934021, 76.0686340332, 17.6365814209, -20.8476219177, -48.808506012, -5.71990346909], [-452.413513184, 44.155002594, 111.770751953, 133.879043579, 339.054748535, 25.2204360962, 115.638214111, 22.247127533, 38.0140037537, 47.2725906372, 5.40950489044, 11.826757431, -4.27027463913], [563.079284668, -207.382949829, 133.181976318, 42.2699356079, 25.2204360962, 273.371612549, 53.9791526794, -1.3444865942, -56.9583358765, -3.64699625969, -5.91615343094, 5.18184518814, -9.6171875], [-345.6121521, 110.536895752, -16.0493106842, 49.0688285828, 115.638214111, 53.9791526794, 219.894882202, 25.828502655, 1.74094331264, 8.52400779724, 17.6743412018, 6.06201267242, -2.18340063095], [64.6776428223, -101.973335266, 90.2191696167, 20.58934021, 22.247127533, -1.3444865942, 25.828502655, 135.532409668, 59.9739761353, 1.90274775028, -29.4106864929, -4.69686365128, -4.35987663269], [-175.857879639, 21.9666633606, -25.0539417267, 76.0686340332, 38.0140037537, -56.9583358765, 1.74094331264, 59.9739761353, 137.513259888, 32.1260261536, -19.183429718, -21.2290420532, 5.67171382904], [-22.02085495, -89.3783493042, 37.2897262573, 17.6365814209, 47.2725906372, -3.64699625969, 8.52400779724, 1.90274775028, 32.1260261536, 89.1376342773, 22.3390159607, 2.74969601631, -9.10312080383], [-368.307250977, 126.228607178, -30.0964164734, -20.8476219177, 5.40950489044, -5.91615343094, 17.6743412018, -29.4106864929, -19.183429718, 22.3390159607, 94.7254638672, 28.8253803253, -6.09848022461], [33.2243347168, -85.3308563232, 54.2902908325, -48.808506012, 11.826757431, 5.18184518814, 6.06201267242, -4.69686365128, -21.2290420532, 2.74969601631, 28.8253803253, 90.2799377441, 21.9128856659], [-155.987030029, 29.7889900208, -81.1640014648, -5.71990346909, -4.27027463913, -9.6171875, -2.18340063095, -4.35987663269, 5.67171382904, -9.10312080383, -6.09848022461, 21.9128856659, 82.3605728149]], "icov": [[6.31291259197e-05, -2.86256781692e-05, 9.86019076663e-05, -0.000107067906356, 9.30035166675e-05, -0.000160933617735, 0.000136064525577, -0.000127172868815, 0.000170752158738, -0.000226705218665, 0.000422441109549, -0.000344029162079, 0.000288552459097], [-2.86256781692e-05, 0.000973993097432, 0.000171681953361, 0.000209255857044, -0.000422038312536, 0.000639878679067, -0.000527035677806, 0.00061225623358, -0.000578248349484, 0.00175504840445, -0.00200457102619, 0.00159659225028, -0.000490922306199], [9.86019076663e-05, 0.000171681953361, 0.00124058173969, -0.000277764600469, -0.000257793086348, -0.000497918343171, 0.000580027408432, -0.000891294213943, 0.000686037936248, -0.000443410855951, 0.000806327501778, -0.00124454766046, 0.00151918351185], [-0.000107067906356, 0.000209255857044, -0.000277764600469, 0.00223406194709, -0.000899378967006, -9.17968791327e-05, -0.000386170722777, 0.000787862867583, -0.00167511589825, 0.00110772578046, -0.00117079168558, 0.00193945120554, -0.000787836674135], [9.30035166675e-05, -0.000422038312536, -0.000257793086348, -0.000899378967006, 0.00465593161061, -0.000288098119199, -0.00182859809138, 9.70520795818e-06, -0.000163135380717, -0.00273334630765, 0.00194151327014, -0.00194085703697, 0.000541351968423], [-0.000160933617735, 0.000639878679067, -0.000497918343171, -9.17968791327e-05, -0.000288098119199, 0.00540033821017, -0.00179727410432, 0.000267421797616, 0.00180911377538, 0.000891217670869, -0.00136762636248, 0.00187245372217, -0.00107666407712], [0.000136064525577, -0.000527035677806, 0.000580027408432, -0.000386170722777, -0.00182859809138, -0.00179727410432, 0.00687791779637, -0.00231507210992, 0.00121305859648, -0.000722913304344, 0.000204703974305, -0.00133530679159, 0.000955202791374], [-0.000127172868815, 0.00061225623358, -0.000891294213943, 0.000787862867583, 9.70520795818e-06, 0.000267421797616, -0.00231507210992, 0.0117088491097, -0.00634090928361, 0.00291074882261, 0.00050307600759, 0.000610254472122, -6.24854365014e-05], [0.000170752158738, -0.000578248349484, 0.000686037936248, -0.00167511589825, -0.000163135380717, 0.00180911377538, 0.00121305859648, -0.00634090928361, 0.0141898943111, -0.00636050291359, 0.00352740823291, 9.25167623791e-05, -0.000452052685432], [-0.000226705218665, 0.00175504840445, -0.000443410855951, 0.00110772578046, -0.00273334630765, 0.000891217670869, -0.000722913304344, 0.00291074882261, -0.00636050291359, 0.0187055896968, -0.00881650578231, 0.00399468000978, -0.00053707981715], [0.000422441109549, -0.00200457102619, 0.000806327501778, -0.00117079168558, 0.00194151327014, -0.00136762636248, 0.000204703974305, 0.00050307600759, 0.00352740823291, -0.00881650578231, 0.021037010476, -0.0102303484455, 0.0052736629732], [-0.000344029162079, 0.00159659225028, -0.00124454766046, 0.00193945120554, -0.00194085703697, 0.00187245372217, -0.00133530679159, 0.000610254472122, 9.25167623791e-05, 0.00399468000978, -0.0102303484455, 0.0198388267308, -0.0078065902926], [0.000288552459097, -0.000490922306199, 0.00151918351185, -0.000787836674135, 0.000541351968423, -0.00107666407712, 0.000955202791374, -6.24854365014e-05, -0.000452052685432, -0.00053707981715, 0.0052736629732, -0.0078065902926, 0.0166718438268]], "mean": [-43.3707885742, 70.1040878296, -127.54724884, 29.0897502899, -55.0682029724, 4.90695142746, -40.064540863, -0.80076944828, -22.0330600739, 0.237081989646, -18.9956035614, -2.90531396866, -13.5589962006]}, "hfc": {"dmean": 7.70145845413, "dmean2": 10.2512149811, "dvar": 129.932281494, "dvar2": 229.683288574, "max": 237.691497803, "mean": 22.0877342224, "median": 13.0179157257, "min": 1.14831541975e-16, "var": 618.260375977}, "melbands": {"dmean": [0.000269966112683, 0.000454549386632, 0.000818245229311, 0.00022961506329, 9.06472123461e-05, 6.84015976731e-05, 5.12435144628e-05, 7.85450465628e-05, 7.27119695512e-05, 8.53014862514e-05, 4.71730127174e-05, 5.18490487593e-05, 7.49607715989e-05, 3.50849113602e-05, 4.16173570557e-05, 4.23902383773e-05, 3.30419097736e-05, 4.73024447274e-05, 4.29149040428e-05, 3.4042961488e-05, 1.78555055754e-05, 1.51619115059e-05, 1.21775219668e-05, 9.11873121368e-06, 6.24892436463e-06, 5.58408555662e-06, 4.6534332796e-06, 6.26897235634e-06, 4.93333755003e-06, 3.31262003783e-06, 3.02626517623e-06, 3.42768316841e-06, 2.25672124543e-06, 2.18905165639e-06, 1.96500172933e-06, 1.63154106758e-06, 1.39627593398e-06, 1.10094663341e-06, 8.20110869881e-07, 6.34300988622e-07], "dmean2": [0.000452329433756, 0.000772314204369, 0.00125280767679, 0.000377609656425, 0.000137806346174, 0.000104951344838, 7.6517368143e-05, 0.000120666831208, 0.000111478111648, 0.000133268200443, 7.14552516001e-05, 7.68499812693e-05, 0.000114933238365, 5.385426266e-05, 6.25967877568e-05, 6.42193408567e-05, 5.09209821757e-05, 7.51482657506e-05, 6.76560230204e-05, 5.36065708729e-05, 2.79570376733e-05, 2.34666058532e-05, 1.92533716472e-05, 1.42446297104e-05, 9.89316959021e-06, 8.7988382802e-06, 7.32970784156e-06, 9.86673512671e-06, 7.56979125072e-06, 4.96893017043e-06, 4.5237784434e-06, 5.13560371473e-06, 3.26418262375e-06, 3.13745908898e-06, 2.79208870779e-06, 2.31147487284e-06, 2.00076578949e-06, 1.57514853072e-06, 1.19259539133e-06, 9.30479700401e-07], "dvar": [5.1060919759e-07, 1.39458859394e-06, 6.93907531968e-06, 3.66605206636e-07, 2.81705911931e-08, 1.69194169786e-08, 1.17724727744e-08, 4.95796896871e-08, 5.85114854346e-08, 1.21926632346e-07, 2.66806612359e-08, 2.84311028054e-08, 6.66118822323e-08, 1.19711200952e-08, 1.86904980382e-08, 1.81877002348e-08, 8.88042972491e-09, 2.39672370839e-08, 1.44537262159e-08, 8.85363427017e-09, 1.78911396809e-09, 8.00323252115e-10, 5.66197255747e-10, 2.65054811432e-10, 1.62025268202e-10, 1.10733457126e-10, 9.39482172613e-11, 2.42740966216e-10, 1.1856975124e-10, 5.13459517959e-11, 3.64840727074e-11, 5.25216259373e-11, 2.25255317871e-11, 2.91186866286e-11, 3.95800198172e-11, 1.42642512385e-11, 1.07614264722e-11, 5.48411706672e-12, 3.15980509986e-12, 2.12753577776e-12], "dvar2": [1.32614047743e-06, 3.60890953743e-06, 1.5391746274e-05, 9.37002425871e-07, 6.21396480938e-08, 4.00237070153e-08, 2.54200696048e-08, 1.20941123782e-07, 1.35340613383e-07, 3.02568054167e-07, 6.23500469032e-08, 6.26235987511e-08, 1.5620955196e-07, 2.96207733896e-08, 4.31629416653e-08, 4.16549745808e-08, 2.05260910491e-08, 6.1593873113e-08, 3.75347397608e-08, 2.27181846668e-08, 4.21957979668e-09, 1.86198201302e-09, 1.3841942037e-09, 6.39540309599e-10, 4.08010292219e-10, 2.80864914659e-10, 2.34232938601e-10, 5.80702208541e-10, 2.71238781435e-10, 1.13992197626e-10, 8.4650557397e-11, 1.19420959233e-10, 4.77836797907e-11, 5.69511937609e-11, 8.42020272951e-11, 2.81093707338e-11, 2.2030084354e-11, 1.11855091162e-11, 6.74772347373e-12, 4.89500844372e-12], "max": [0.00601249653846, 0.0182454567403, 0.0352855622768, 0.0111204981804, 0.00360247539356, 0.00353961414658, 0.00398116232827, 0.00665677525103, 0.00707197003067, 0.0099307866767, 0.00510765891522, 0.00429005455226, 0.0108731063083, 0.00484895519912, 0.00626087328419, 0.00490080658346, 0.0029814960435, 0.00459267292172, 0.00313903670758, 0.00241008028388, 0.00173685618211, 0.000583214277867, 0.000647803070024, 0.000376141222659, 0.000276999344351, 0.000243086382397, 0.000221969574341, 0.000596568861511, 0.000259521970293, 0.00021038466366, 0.000101325094874, 0.000172284504515, 0.000111649926112, 0.000168408994796, 0.000261561479419, 0.000116619034088, 8.74424877111e-05, 7.10238455213e-05, 4.89437261422e-05, 4.1608022002e-05], "mean": [0.000265228532953, 0.000577034661546, 0.000930240203161, 0.000334779993864, 0.000207327291719, 0.000152636916027, 0.000119827316666, 0.000170229686773, 0.000115383809316, 0.000126114711748, 7.40501491237e-05, 8.48833005875e-05, 0.000122938552522, 5.92679571128e-05, 8.4280181909e-05, 7.78603643994e-05, 5.51234479644e-05, 7.35587527743e-05, 7.26711004972e-05, 6.04215638305e-05, 3.41130798915e-05, 3.03639644699e-05, 2.30168734561e-05, 1.74275155587e-05, 1.15241664389e-05, 1.01174800875e-05, 8.53747587826e-06, 1.1104877558e-05, 8.95539415069e-06, 5.78668414164e-06, 5.18901970281e-06, 5.73637862544e-06, 3.89114757127e-06, 3.69914550902e-06, 3.16869386552e-06, 2.45399087362e-06, 2.09674567486e-06, 1.64533821589e-06, 1.18523507808e-06, 8.99701092294e-07], "median": [5.74078258069e-05, 0.000174334360054, 0.000194927211851, 0.000165579287568, 0.000105634935608, 7.97578977654e-05, 5.44492213521e-05, 5.81969434279e-05, 3.55483643943e-05, 2.68656222033e-05, 1.96739874809e-05, 1.32627646963e-05, 1.58187231136e-05, 1.29923500936e-05, 1.19868800539e-05, 1.52632073878e-05, 1.21668081192e-05, 1.32952864078e-05, 1.58574912348e-05, 1.06616962512e-05, 1.15489101518e-05, 1.09332477223e-05, 8.33928334032e-06, 7.89500427345e-06, 4.68456619274e-06, 4.46401054432e-06, 3.78028767045e-06, 4.25085136158e-06, 3.24023631038e-06, 1.88124010947e-06, 1.71175850028e-06, 1.61657146691e-06, 1.04454886696e-06, 8.12616690382e-07, 5.64693493743e-07, 3.85270027436e-07, 3.03956511516e-07, 2.5531898018e-07, 1.76265842811e-07, 1.27503682279e-07], "min": [6.72417856976e-24, 4.18501359842e-24, 3.02590398278e-24, 8.45458598613e-24, 3.60499217937e-24, 7.74002710071e-24, 3.84090497738e-24, 7.86412202085e-24, 5.74042800018e-24, 6.36720875496e-24, 6.17939517292e-24, 4.38248875439e-24, 6.5828671548e-24, 4.57971226374e-24, 4.12960400844e-24, 6.34438898112e-24, 8.97280212541e-24, 6.48285773581e-24, 3.88723832822e-24, 5.82279848932e-24, 7.28660010758e-24, 6.38097674434e-24, 8.50109249194e-24, 8.25649275764e-24, 1.08688861091e-23, 8.82680448223e-24, 7.77178821848e-24, 5.85843804173e-24, 5.95684725637e-24, 4.00951413511e-24, 1.14268450608e-23, 1.10960401845e-23, 1.33261515413e-23, 9.61988342671e-24, 9.78529335904e-24, 8.19132101395e-24, 4.95157616686e-24, 7.80716231919e-24, 7.264972697e-24, 9.59972014198e-24], "var": [4.32282632801e-07, 1.51039239427e-06, 7.80508980824e-06, 3.58551460522e-07, 8.27010495641e-08, 4.37113492069e-08, 3.52577664842e-08, 1.06945485356e-07, 9.54445269485e-08, 2.01076232997e-07, 4.01161166508e-08, 5.83487249628e-08, 1.62689502758e-07, 2.70192526131e-08, 4.80968544991e-08, 4.18858583373e-08, 1.86104625044e-08, 4.34013216477e-08, 2.88995352093e-08, 1.99227603304e-08, 5.13193842977e-09, 2.44319875442e-09, 1.42141054482e-09, 6.38097741312e-10, 3.60324881044e-10, 2.43144199219e-10, 1.78962858421e-10, 4.5679876548e-10, 2.54375021047e-10, 1.10931423769e-10, 7.50665155036e-11, 1.2004573724e-10, 5.38458756749e-11, 7.24060117419e-11, 8.07342734332e-11, 3.05858775806e-11, 2.30540534579e-11, 1.20792681413e-11, 6.28549122472e-12, 3.67850411589e-12]}, "melbands_crest": {"dmean": 2.95334410667, "dmean2": 4.67344093323, "dvar": 8.67618560791, "dvar2": 20.05037117, "max": 33.3187561035, "mean": 11.7204303741, "median": 10.5627384186, "min": 1.88897132874, "var": 26.9398994446}, "melbands_flatness_db": {"dmean": 0.0218237265944, "dmean2": 0.0321878343821, "dvar": 0.000527076539584, "dvar2": 0.00120667682495, "max": 0.524541556835, "mean": 0.157167837024, "median": 0.145470708609, "min": 0.00489006796852, "var": 0.00472965463996}, "melbands_kurtosis": {"dmean": 5.00246667862, "dmean2": 7.94950389862, "dvar": 205.126434326, "dvar2": 517.387145996, "max": 477.450836182, "mean": 7.93419599533, "median": 2.40962123871, "min": -1.86575996876, "var": 544.54107666}, "melbands_skewness": {"dmean": 0.639069139957, "dmean2": 0.946581125259, "dvar": 0.710301458836, "dvar2": 1.58397948742, "max": 16.6953868866, "mean": 1.83355629444, "median": 1.51046311855, "min": -1.8153898716, "var": 2.90862011909}, "melbands_spread": {"dmean": 8.95719146729, "dmean2": 13.5659818649, "dvar": 134.342666626, "dvar2": 279.599334717, "max": 204.286315918, "mean": 37.2953186035, "median": 33.6206665039, "min": 0.399524062872, "var": 556.595153809}, "mfcc": {"cov": [[15827.078125, -739.203491211, -379.134979248, 205.390197754, 7.93122625351, 355.632781982, -117.93813324, 110.643196106, 106.963775635, 96.6632385254, -139.330291748, -85.9336013794, -111.715950012], [-739.203491211, 1627.32446289, -332.17755127, 15.4681777954, -123.127807617, -98.9193954468, 1.85434031487, -30.304813385, -84.6242675781, -70.8175201416, 17.6901283264, 4.75027179718, 47.1323432922], [-379.134979248, -332.17755127, 877.110107422, 2.15217614174, 158.722595215, 38.1609420776, 53.8226089478, 48.1561431885, -11.6412734985, 8.27323722839, 23.2759685516, -6.15380048752, -8.8129196167], [205.390197754, 15.4681777954, 2.15217614174, 518.16607666, 114.309631348, 72.50440979, 0.729736566544, 18.679107666, 80.1459579468, 52.9394340515, 33.3864631653, 86.9464797974, -2.02013444901], [7.93122625351, -123.127807617, 158.722595215, 114.309631348, 232.956619263, 57.9584197998, 15.1845521927, 15.9360980988, 45.7606582642, 30.7138080597, 12.6129045486, 25.0608673096, -1.19944798946], [355.632781982, -98.9193954468, 38.1609420776, 72.50440979, 57.9584197998, 230.359466553, 116.500442505, 30.5155467987, 9.70941257477, 14.0959873199, 8.63817024231, 16.6611099243, -1.56174993515], [-117.93813324, 1.85434031487, 53.8226089478, 0.729736566544, 15.1845521927, 116.500442505, 203.926147461, 60.9374656677, 1.45519459248, -6.10166597366, 15.286236763, 15.6635913849, 4.1977391243], [110.643196106, -30.304813385, 48.1561431885, 18.679107666, 15.9360980988, 30.5155467987, 60.9374656677, 122.902275085, 46.0574417114, 8.69611263275, 5.78587818146, -1.16886866093, 3.44665265083], [106.963775635, -84.6242675781, -11.6412734985, 80.1459579468, 45.7606582642, 9.70941257477, 1.45519459248, 46.0574417114, 150.069381714, 59.2506599426, 0.706598877907, 10.2453384399, -9.11703968048], [96.6632385254, -70.8175201416, 8.27323722839, 52.9394340515, 30.7138080597, 14.0959873199, -6.10166597366, 8.69611263275, 59.2506599426, 117.937454224, 29.70662117, 0.866932451725, -15.564904213], [-139.330291748, 17.6901283264, 23.2759685516, 33.3864631653, 12.6129045486, 8.63817024231, 15.286236763, 5.78587818146, 0.706598877907, 29.70662117, 98.5514602661, 35.757774353, -9.21401309967], [-85.9336013794, 4.75027179718, -6.15380048752, 86.9464797974, 25.0608673096, 16.6611099243, 15.6635913849, -1.16886866093, 10.2453384399, 0.866932451725, 35.757774353, 105.689590454, 22.9956302643], [-111.715950012, 47.1323432922, -8.8129196167, -2.02013444901, -1.19944798946, -1.56174993515, 4.1977391243, 3.44665265083, -9.11703968048, -15.564904213, -9.21401309967, 22.9956302643, 88.0870819092]], "icov": [[7.31848485884e-05, 2.73052464763e-05, 4.15180875279e-05, -1.74656124727e-05, 2.54184360529e-05, -0.000173842869117, 0.000154406763613, -0.000127101899125, 3.6245190131e-05, -4.10700704379e-05, 0.000103782833321, 1.64809080161e-05, 7.98861510702e-05], [2.73052464763e-05, 0.000763384974562, 0.00028985607787, -0.000225106050493, 0.000119492942758, 0.000373021495761, -0.000270089891274, -1.20297499961e-05, 0.00034624064574, 0.000287022470729, -0.000324328517308, 0.000293178600259, -0.0003523202613], [4.15180875279e-05, 0.00028985607787, 0.00151954055764, 4.45174227934e-05, -0.00106492824852, 0.000229393554037, -0.000259873428149, -0.0006026920164, 0.000694217684213, 2.56527819147e-05, -0.000313823838951, 0.000353485083906, 2.74221911241e-05], [-1.74656124727e-05, -0.000225106050493, 4.45174227934e-05, 0.00279985251836, -0.000883453234565, -0.000850940064993, 0.000715787580702, -0.000198801397346, -0.000845074595418, -0.000523514696397, 0.000131771317683, -0.00213780347258, 0.000505410542246], [2.54184360529e-05, 0.000119492942758, -0.00106492824852, -0.000883453234565, 0.00611919024959, -0.00126664340496, 0.000501221220475, 0.000344041152857, -0.00131959351711, -0.000290995085379, 5.14342937095e-05, -0.000487374141812, -0.000190370483324], [-0.000173842869117, 0.000373021495761, 0.000229393554037, -0.000850940064993, -0.00126664340496, 0.00754558993503, -0.00461640302092, 0.000627942557912, 0.000748378923163, -0.000564264890272, 0.000147281505633, 0.000279631145531, -0.000184516815352], [0.000154406763613, -0.000270089891274, -0.000259873428149, 0.000715787580702, 0.000501221220475, -0.00461640302092, 0.00891338195652, -0.00376134039834, 0.000459356291685, 0.000501400907524, -0.000413614092395, -0.00121305987705, 0.000387697829865], [-0.000127101899125, -1.20297499961e-05, -0.0006026920164, -0.000198801397346, 0.000344041152857, 0.000627942557912, -0.00376134039834, 0.011799373664, -0.00427501136437, 0.00128154689446, -0.00124104693532, 0.00163045071531, -0.00125770806335], [3.6245190131e-05, 0.00034624064574, 0.000694217684213, -0.000845074595418, -0.00131959351711, 0.000748378923163, 0.000459356291685, -0.00427501136437, 0.0110609559342, -0.00491072842851, 0.00230261124671, -0.00117236224469, 0.000875461264513], [-4.10700704379e-05, 0.000287022470729, 2.56527819147e-05, -0.000523514696397, -0.000290995085379, -0.000564264890272, 0.000501400907524, 0.00128154689446, -0.00491072842851, 0.0126449717209, -0.00459906505421, 0.0023399675265, 0.000331056478899], [0.000103782833321, -0.000324328517308, -0.000313823838951, 0.000131771317683, 5.14342937095e-05, 0.000147281505633, -0.000413614092395, -0.00124104693532, 0.00230261124671, -0.00459906505421, 0.0141453072429, -0.00557629577816, 0.0027093749959], [1.64809080161e-05, 0.000293178600259, 0.000353485083906, -0.00213780347258, -0.000487374141812, 0.000279631145531, -0.00121305987705, 0.00163045071531, -0.00117236224469, 0.0023399675265, -0.00557629577816, 0.0144074354321, -0.00420959573239], [7.98861510702e-05, -0.0003523202613, 2.74221911241e-05, 0.000505410542246, -0.000190370483324, -0.000184516815352, 0.000387697829865, -0.00125770806335, 0.000875461264513, 0.000331056478899, 0.0027093749959, -0.00420959573239, 0.0132128885016]], "mean": [-677.339477539, 101.451339722, -11.9941177368, 21.7309589386, 1.52401161194, 5.04144525528, -7.51131772995, -2.54391431808, -3.44332504272, -1.19597291946, -3.38832831383, -1.24702680111, -2.60391330719]}, "pitch_salience": {"dmean": 0.0624978095293, "dmean2": 0.100365795195, "dvar": 0.00354791479185, "dvar2": 0.00909554027021, "max": 0.983941733837, "mean": 0.554975032806, "median": 0.562154233456, "min": 0.082756049931, "var": 0.0103715527803}, "silence_rate_20dB": {"dmean": 0, "dmean2": 0, "dvar": 0, "dvar2": 0, "max": 1, "mean": 1, "median": 1, "min": 1, "var": 0}, "silence_rate_30dB": {"dmean": 0.00171265460085, "dmean2": 0.0034256351646, "dvar": 0.00170977402013, "dvar2": 0.00512649677694, "max": 1, "mean": 0.999143779278, "median": 1, "min": 0, "var": 0.000855548947584}, "silence_rate_60dB": {"dmean": 0.0348239764571, "dmean2": 0.069654583931, "dvar": 0.0336134880781, "dvar2": 0.076396137476, "max": 1, "mean": 0.190371990204, "median": 0, "min": 0, "var": 0.154141619802}, "spectral_centroid": {"dmean": 241.584518433, "dmean2": 362.984619141, "dvar": 89617.75, "dvar2": 183069.609375, "max": 11406.3662109, "mean": 1760.07019043, "median": 1759.1920166, "min": 184.693237305, "var": 494623.53125}, "spectral_complexity": {"dmean": 3.39714550972, "dmean2": 4.92530202866, "dvar": 22.6766357422, "dvar2": 37.7988243103, "max": 59, "mean": 17.6444683075, "median": 16, "min": 0, "var": 138.619430542}, "spectral_contrast_coeffs": {"dmean": [0.0477739386261, 0.0404268093407, 0.0376102998853, 0.0327932909131, 0.0229626372457, 0.0201870258898], "dmean2": [0.0785441547632, 0.0645346492529, 0.0582458861172, 0.0505313202739, 0.035184469074, 0.0293284356594], "dvar": [0.00163685588632, 0.00131095026154, 0.00111397157889, 0.000805473071523, 0.000439459836343, 0.000376767158741], "dvar2": [0.00418558390811, 0.00313884508796, 0.00257777026854, 0.00183548755012, 0.000930193113163, 0.00078493449837], "max": [-0.300659239292, -0.426372021437, -0.430825412273, -0.507740318775, -0.562678337097, -0.577040553093], "mean": [-0.635725796223, -0.72717243433, -0.740080535412, -0.730910122395, -0.771233558655, -0.755022466183], "median": [-0.639697670937, -0.728319406509, -0.742853283882, -0.729599177837, -0.775494635105, -0.755846619606], "min": [-0.964502871037, -0.980305016041, -0.988118350506, -0.982613503933, -0.954078316689, -0.959989786148], "var": [0.00808929186314, 0.00613449281082, 0.00636323960498, 0.00526602752507, 0.003241261933, 0.00285030645318]}, "spectral_contrast_valleys": {"dmean": [0.456951200962, 0.350207298994, 0.348960548639, 0.315726965666, 0.296914279461, 0.395561903715], "dmean2": [0.731420874596, 0.553719997406, 0.539166331291, 0.46927344799, 0.410690397024, 0.428130239248], "dvar": [0.203396230936, 0.140667200089, 0.140133321285, 0.122766576707, 0.140933141112, 0.20305891335], "dvar2": [0.41151446104, 0.282257556915, 0.274688601494, 0.229491576552, 0.240425735712, 0.276216596365], "max": [-5.54367923737, -5.13539743423, -5.62144327164, -5.43494224548, -5.31348228455, -7.56395530701], "mean": [-8.17520809174, -7.44787216187, -8.17696285248, -8.32524585724, -7.99614477158, -10.5151758194], "median": [-7.81719970703, -7.11018562317, -7.92236757278, -8.02892017365, -7.63185691833, -10.1876268387], "min": [-27.4880886078, -27.6235351562, -27.1992397308, -27.0302410126, -27.3725566864, -27.2512607574], "var": [2.53944325447, 2.12046837807, 2.23360562325, 2.41372156143, 2.62592339516, 2.9312646389]}, "spectral_decrease": {"dmean": 1.58514834592e-09, "dmean2": 2.30145458247e-09, "dvar": 9.90068687905e-18, "dvar2": 2.10385116997e-17, "max": 1.60098186823e-28, "mean": -3.88603371704e-09, "median": -2.52588105987e-09, "min": -4.01757382917e-08, "var": 2.00204624695e-17}, "spectral_energy": {"dmean": 0.00650475500152, "dmean2": 0.00928857550025, "dvar": 0.000153690139996, "dvar2": 0.000317567348247, "max": 0.156958267093, "mean": 0.0166702475399, "median": 0.0108827585354, "min": 1.04996450454e-20, "var": 0.000347595894709}, "spectral_energyband_high": {"dmean": 0.000624183216132, "dmean2": 0.000837405910715, "dvar": 1.2486588048e-06, "dvar2": 2.23297911361e-06, "max": 0.0290931276977, "mean": 0.00123730569612, "median": 0.000447648431873, "min": 7.54753679782e-21, "var": 3.87293357562e-06}, "spectral_energyband_low": {"dmean": 0.00277392123826, "dmean2": 0.004268032033, "dvar": 5.11248217663e-05, "dvar2": 0.000112418318167, "max": 0.097863458097, "mean": 0.00360483373515, "median": 0.000909532653168, "min": 3.08281982377e-23, "var": 6.59741999698e-05}, "spectral_energyband_middle_high": {"dmean": 0.00201172102243, "dmean2": 0.00294580846094, "dvar": 1.23679765238e-05, "dvar2": 2.77142826235e-05, "max": 0.082425288856, "mean": 0.00626640673727, "median": 0.00305226701312, "min": 1.177616709e-21, "var": 6.91603127052e-05}, "spectral_energyband_middle_low": {"dmean": 0.00369549170136, "dmean2": 0.00554163521156, "dvar": 8.02512076916e-05, "dvar2": 0.000178277186933, "max": 0.130789831281, "mean": 0.00681494502351, "median": 0.00390799762681, "min": 2.402452789e-22, "var": 0.00010765116167}, "spectral_entropy": {"dmean": 0.165993764997, "dmean2": 0.216428697109, "dvar": 0.0300763808191, "dvar2": 0.0492386668921, "max": 9.81008338928, "mean": 7.59604072571, "median": 7.66987705231, "min": 5.25974082947, "var": 0.296802937984}, "spectral_flux": {"dmean": 0.020443841815, "dmean2": 0.0310197547078, "dvar": 0.000888793729246, "dvar2": 0.00196056207642, "max": 0.352189123631, "mean": 0.0633198395371, "median": 0.0498239845037, "min": 1.02467777319e-10, "var": 0.00256899907254}, "spectral_kurtosis": {"dmean": 1.53562664986, "dmean2": 2.49936962128, "dvar": 6.12730264664, "dvar2": 15.9748077393, "max": 78.6229400635, "mean": 4.52541017532, "median": 3.38957548141, "min": -1.22967994213, "var": 26.0693416595}, "spectral_rms": {"dmean": 0.000650736095849, "dmean2": 0.00089207990095, "dvar": 9.42702683915e-07, "dvar2": 1.76706691946e-06, "max": 0.0123745715246, "mean": 0.00347267114557, "median": 0.00325842387974, "min": 3.20055548904e-12, "var": 4.20416699853e-06}, "spectral_rolloff": {"dmean": 686.077209473, "dmean2": 1120.66772461, "dvar": 1267203.375, "dvar2": 2943510.5, "max": 19186.0839844, "mean": 2489.7175293, "median": 2045.65429688, "min": 64.599609375, "var": 4073987}, "spectral_skewness": {"dmean": 0.204161629081, "dmean2": 0.313447326422, "dvar": 0.0531975738704, "dvar2": 0.124590389431, "max": 7.56803226471, "mean": 1.43772387505, "median": 1.35066413879, "min": -0.0335808061063, "var": 0.383716821671}, "spectral_spread": {"dmean": 662957.1875, "dmean2": 857984.8125, "dvar": 788178731008, "dvar2": 1248286605310.0, "max": 40780708, "mean"