{"lowlevel": {"average_loudness": 0.818754911423, "barkbands": {"dmean": [9.32748662308e-05, 0.00309162004851, 0.00216967472807, 0.00202521914616, 0.00202762824483, 0.000997522496618, 0.000943485356402, 0.000521212117746, 0.000444768433226, 0.000373877614038, 0.000319018552545, 0.000322248408338, 0.000385132938391, 0.000628988549579, 0.000368354434613, 0.000315029523335, 0.0003202650405, 0.000242676120251, 0.000292023760267, 0.000176140092663, 0.000144490331877, 0.000190532708075, 0.0002523206349, 0.000223121664021, 7.69649632275e-05, 1.74517299456e-05, 8.4201798245e-07], "dmean2": [0.000148675651872, 0.00511762872338, 0.00366754364222, 0.00339294387959, 0.00333770480938, 0.00164485757705, 0.00153241108637, 0.000864124798682, 0.000706488033757, 0.000601801672019, 0.000517496082466, 0.000522489543073, 0.000613518699538, 0.00100566307083, 0.000584793626331, 0.000501937640365, 0.000511792837642, 0.000387872365536, 0.000451799831353, 0.000272455217782, 0.000218208544538, 0.000281545653706, 0.000358814315405, 0.000300874497043, 0.000100490811747, 2.25789299293e-05, 1.1471572634e-06], "dvar": [2.73494933367e-08, 2.04900989047e-05, 1.82560215762e-05, 8.80399784364e-06, 9.2578920885e-06, 3.72768954549e-06, 2.77027925222e-06, 9.71304189079e-07, 8.24622645723e-07, 6.61234878407e-07, 4.63111376803e-07, 4.44434647306e-07, 1.00481884147e-06, 1.94342646864e-06, 5.50930906229e-07, 3.56733153239e-07, 2.92782999622e-07, 1.6173001427e-07, 2.50142875302e-07, 2.8974929478e-07, 2.82041071387e-07, 6.10787253663e-07, 3.29490308104e-06, 2.15953286897e-06, 2.05287733479e-07, 1.11070050934e-08, 4.06884317905e-11], "dvar2": [6.85579024662e-08, 5.45583206986e-05, 4.92842991662e-05, 2.23502356675e-05, 2.38395641645e-05, 9.78461866907e-06, 6.97966197549e-06, 2.4230012059e-06, 1.953986839e-06, 1.60521278758e-06, 1.16458988941e-06, 1.10182111257e-06, 2.29720694733e-06, 4.75553088108e-06, 1.27948931095e-06, 8.39902668304e-07, 7.24824019471e-07, 4.05486446198e-07, 5.42854195373e-07, 7.21532956049e-07, 6.85398333644e-07, 1.33326250307e-06, 7.47387502997e-06, 4.11470227846e-06, 3.66355237702e-07, 1.82445223373e-08, 7.85539133741e-11], "max": [0.00295486208051, 0.0572266131639, 0.0742503404617, 0.0569873005152, 0.0561900511384, 0.0324710980058, 0.0279084295034, 0.0200443509966, 0.0288009550422, 0.0226262584329, 0.017529565841, 0.0146348020062, 0.03276418522, 0.0267083197832, 0.0179820712656, 0.0131820719689, 0.0157139394432, 0.00937159731984, 0.0164853129536, 0.0232895873487, 0.0275239869952, 0.0336090922356, 0.099119797349, 0.0769563242793, 0.0213620252907, 0.00754156243056, 0.000419926189352], "mean": [0.000109063395939, 0.00543233845383, 0.00295470445417, 0.00303552858531, 0.00285249599256, 0.00132138514891, 0.00150592706632, 0.000742668460589, 0.000714357593097, 0.000611495575868, 0.000534069375135, 0.000556801271159, 0.000651562470011, 0.00117752491497, 0.000678561395034, 0.00061155174626, 0.000636028766166, 0.000521269917954, 0.000674558512401, 0.000368774286471, 0.000299131002976, 0.000390742090531, 0.000502123031765, 0.000417496776208, 0.00014754741278, 3.45238004229e-05, 1.42529756886e-06], "median": [4.31759544881e-05, 0.0039798989892, 0.00150379585102, 0.00169542129152, 0.0016105377581, 0.000608318834566, 0.000709767045919, 0.000350063550286, 0.000326558074448, 0.000257025443716, 0.000226902411669, 0.000265453243628, 0.000221264213906, 0.000336298835464, 0.000362748745829, 0.000316160148941, 0.000388110871427, 0.000329642964061, 0.000398203992518, 0.000228693999816, 0.000168216065504, 0.000162900847499, 0.000128389161546, 7.77122404543e-05, 4.04412930948e-05, 1.00418092188e-05, 3.57067477808e-07], "min": [1.27706621186e-24, 1.00284849766e-23, 2.58755981294e-24, 2.18760102311e-24, 1.30313699982e-23, 8.38935192243e-24, 1.78654244284e-23, 6.36966171794e-24, 3.59284806017e-23, 2.42136595009e-23, 2.97072332023e-23, 2.1918463964e-23, 4.79358113261e-23, 5.75077643531e-23, 4.62884457195e-23, 1.15030094234e-22, 4.75473572837e-23, 1.2740812963e-22, 1.50860547824e-22, 1.40972283662e-22, 3.24761009008e-22, 3.1008690875e-22, 4.82012339907e-22, 7.08854102099e-22, 8.28850473317e-22, 1.59057845091e-21, 1.98725658912e-21], "var": [3.3883964079e-08, 2.9383247238e-05, 1.83000447578e-05, 1.57857793965e-05, 1.27721386889e-05, 4.51862933915e-06, 5.09063966092e-06, 1.51184860897e-06, 1.40499685131e-06, 1.25038013721e-06, 9.97381448542e-07, 1.00036663753e-06, 2.0688407858e-06, 5.16982527188e-06, 1.27358805457e-06, 9.5624898222e-07, 7.02027364241e-07, 3.64746625792e-07, 8.62015156144e-07, 3.61089320222e-07, 3.64596331792e-07, 9.77441573013e-07, 5.04505669596e-06, 5.43239866602e-06, 5.93955917338e-07, 4.48284929178e-08, 1.1446235626e-10]}, "barkbands_crest": {"dmean": 2.23133540154, "dmean2": 3.68829655647, "dvar": 4.18885993958, "dvar2": 11.1158742905, "max": 26.2357063293, "mean": 8.65730762482, "median": 8.01358604431, "min": 2.29921317101, "var": 11.9778556824}, "barkbands_flatness_db": {"dmean": 0.0181698463857, "dmean2": 0.0273917727172, "dvar": 0.000323339278111, "dvar2": 0.000718318508007, "max": 0.459839731455, "mean": 0.10780543834, "median": 0.0957687646151, "min": 0.0277617219836, "var": 0.00211984105408}, "barkbands_kurtosis": {"dmean": 2.27615809441, "dmean2": 3.49895834923, "dvar": 72.5813598633, "dvar2": 135.540008545, "max": 704.209960938, "mean": 3.27123141289, "median": 0.36589178443, "min": -1.91320204735, "var": 365.474761963}, "barkbands_skewness": {"dmean": 0.506107330322, "dmean2": 0.766820251942, "dvar": 0.32043838501, "dvar2": 0.647988438606, "max": 23.7985019684, "mean": 1.33658051491, "median": 1.15830671787, "min": -4.16659545898, "var": 1.85720479488}, "barkbands_spread": {"dmean": 6.34210681915, "dmean2": 9.69919490814, "dvar": 45.8552780151, "dvar2": 99.6899032593, "max": 102.180519104, "mean": 30.3650932312, "median": 29.8252182007, "min": 0.338794618845, "var": 210.168960571}, "dissonance": {"dmean": 0.0116103179753, "dmean2": 0.019740935415, "dvar": 0.000122166631627, "dvar2": 0.00034136659815, "max": 0.500000238419, "mean": 0.478491395712, "median": 0.481709778309, "min": 0.348325699568, "var": 0.000224896517466}, "dynamic_complexity": 2.69427847862, "erbbands": {"dmean": [0.0706212520599, 0.779898583889, 2.30563926697, 4.56558513641, 7.78375959396, 6.3275885582, 7.13806962967, 7.58360815048, 9.8605670929, 16.9087638855, 8.52839183807, 10.0431671143, 11.7769079208, 9.45661449432, 12.0860710144, 12.3463077545, 17.3696880341, 26.1924438477, 22.3539466858, 18.861207962, 16.7798900604, 16.3634090424, 12.617389679, 13.6116924286, 13.4892082214, 7.87900972366, 6.69178819656, 5.44007205963, 6.41836214066, 7.57253646851, 7.13469934464, 6.32571411133, 2.69686818123, 1.01268398762, 0.491154372692, 0.132621794939, 0.0235430467874, 0.00252051581629, 0.000157450907864, 1.52965476445e-05], "dmean2": [0.117795579135, 1.29275774956, 3.85220837593, 7.68057537079, 12.997836113, 10.4157733917, 11.7531347275, 12.5827827454, 15.8570241928, 27.8289241791, 14.0522241592, 15.8660583496, 18.9803276062, 15.0199604034, 19.467338562, 19.7966537476, 27.7175197601, 41.5727844238, 35.1008720398, 30.196187973, 26.5564632416, 25.9240589142, 19.9211788177, 21.2099704742, 20.7317848206, 11.9917049408, 10.235408783, 8.24082279205, 9.48559474945, 10.7961883545, 10.0152854919, 8.5326795578, 3.68163204193, 1.3899269104, 0.62645149231, 0.1739218086, 0.0301780514419, 0.00323589681648, 0.000209170000744, 2.10163489101e-05], "dvar": [0.0111811785027, 1.43487429619, 20.5354919434, 43.430721283, 126.196388245, 107.741958618, 188.882034302, 219.054336548, 342.734008789, 1127.57739258, 239.162643433, 457.407867432, 752.96270752, 376.909301758, 624.950500488, 598.600708008, 2027.58728027, 3604.26074219, 2278.20996094, 1337.65673828, 1009.05334473, 825.323059082, 447.718444824, 475.826812744, 639.602355957, 493.783538818, 587.139038086, 449.935668945, 826.634399414, 1640.19140625, 2252.6965332, 1726.0201416, 319.381195068, 35.9319076538, 8.59714889526, 0.620656907558, 0.0255422387272, 0.000285426009214, 1.39185124226e-06, 5.0344857172e-09], "dvar2": [0.0300965216011, 3.82022690773, 54.3609085083, 114.550331116, 322.18347168, 285.371002197, 475.566070557, 580.16217041, 830.55645752, 2881.07861328, 582.161682129, 1043.09802246, 1886.30725098, 862.730957031, 1587.05078125, 1444.36877441, 4702.72021484, 9151.69824219, 5243.50878906, 3318.59228516, 2417.70654297, 2037.97521973, 1116.02062988, 1088.30651855, 1400.61474609, 1181.13769531, 1467.87255859, 1078.4074707, 1888.00585938, 3795.21655273, 4810.34472656, 3246.22436523, 639.192626953, 70.6090621948, 13.827999115, 1.08352553844, 0.0362535454333, 0.000416680297349, 2.66606571131e-06, 9.96762228311e-09], "max": [1.24255013466, 14.8369379044, 69.9539871216, 88.0923690796, 167.567977905, 245.619689941, 240.629196167, 329.416656494, 517.448059082, 756.842224121, 390.920593262, 728.957641602, 1043.38720703, 571.017578125, 603.725830078, 713.715332031, 1638.0592041, 1307.86560059, 979.610534668, 957.256713867, 783.400756836, 779.345214844, 407.039031982, 639.18572998, 987.23638916, 994.588806152, 1167.51904297, 792.078918457, 1419.75939941, 2112.14233398, 2401.38769531, 2392.79296875, 660.147399902, 239.320922852, 179.804718018, 48.8583755493, 14.8126001358, 1.53017199039, 0.0753615498543, 0.00513226771727], "mean": [0.116299591959, 1.35685968399, 3.38507080078, 7.3426027298, 10.6503095627, 8.99290561676, 9.11297893524, 10.7129335403, 17.0513038635, 24.4862213135, 14.7104530334, 16.5289802551, 20.0164794922, 17.3347377777, 22.7163257599, 23.5622577667, 31.8470668793, 50.6112670898, 45.5212287903, 37.7859191895, 34.8553123474, 34.8449745178, 28.870557785, 31.9871063232, 30.9696617126, 17.318359375, 14.0664863586, 11.3531694412, 12.9689445496, 15.1699123383, 14.1759653091, 11.5607309341, 4.96313333511, 1.88912892342, 0.935366809368, 0.260761916637, 0.0459316149354, 0.00492805754766, 0.000287461938569, 4.76841341879e-05], "median": [0.0707038938999, 0.98814278841, 2.03279399872, 4.72130680084, 5.97385072708, 4.90346717834, 3.89584207535, 5.14472341537, 8.10115623474, 10.6935482025, 7.86832141876, 7.68358516693, 8.16613101959, 8.55016040802, 10.8515129089, 12.0338020325, 11.9413785934, 16.0882873535, 19.892288208, 20.7813606262, 19.721944809, 21.7581481934, 18.9661808014, 20.1002235413, 18.6584396362, 10.9048719406, 8.2297706604, 5.72452831268, 5.69042301178, 5.26906299591, 3.25865888596, 2.01149940491, 1.05005908012, 0.512672901154, 0.248916983604, 0.0751724615693, 0.0129284281284, 0.00143692269921, 8.35188911879e-05, 3.59310433851e-05], "min": [2.88357892888e-22, 1.26470291397e-21, 6.0936735711e-21, 1.36672209179e-20, 2.20007521654e-20, 2.51073000417e-20, 4.29288255598e-20, 8.81958709915e-20, 1.71099918638e-19, 2.52011171866e-19, 2.1922232692e-19, 7.69149549884e-19, 7.87323276629e-19, 8.55908336733e-19, 1.48745509925e-18, 1.60940292484e-18, 2.72228717147e-18, 3.14538488492e-18, 2.59395030623e-18, 3.51585964253e-18, 6.07456957313e-18, 4.54893460854e-18, 7.01856297742e-18, 6.87392424347e-18, 8.61309836473e-18, 7.38807861912e-18, 8.84568666373e-18, 1.35118298699e-17, 1.13307101046e-17, 1.50667639854e-17, 1.36570869214e-17, 1.45679029385e-17, 1.30203902875e-17, 7.90712039143e-18, 5.99811037398e-18, 5.00498202771e-18, 2.94877790859e-18, 1.02939887196e-18, 2.76654278181e-19, 2.97144827961e-20], "var": [0.0176441185176, 1.91028487682, 20.5416545868, 65.97605896, 168.12562561, 161.50843811, 227.072235107, 289.758392334, 740.488952637, 1666.83508301, 516.924804688, 759.738952637, 1472.02258301, 809.307006836, 1373.5390625, 1514.41723633, 4302.09326172, 8910.79199219, 6427.35644531, 3487.04711914, 2602.61352539, 2013.82019043, 1053.78051758, 1567.03466797, 1938.2364502, 704.61920166, 673.807312012, 655.410705566, 1133.84106445, 2450.0637207, 4139.69482422, 4203.40283203, 713.379272461, 85.3959197998, 28.9563808441, 2.23649430275, 0.118636384606, 0.00134543294553, 4.02868818128e-06, 1.43062797164e-08]}, "erbbands_crest": {"dmean": 2.0310986042, "dmean2": 3.29405713081, "dvar": 3.68950009346, "dvar2": 9.24046325684, "max": 25.6933479309, "mean": 6.98379707336, "median": 6.20153999329, "min": 2.19632339478, "var": 9.56686401367}, "erbbands_flatness_db": {"dmean": 0.0142016839236, "dmean2": 0.0191922485828, "dvar": 0.000175304274308, "dvar2": 0.000324734486639, "max": 0.36118209362, "mean": 0.137197121978, "median": 0.134592950344, "min": 0.0272095892578, "var": 0.00102749443613}, "erbbands_kurtosis": {"dmean": 0.652955710888, "dmean2": 1.01874792576, "dvar": 1.0913823843, "dvar2": 2.33427929878, "max": 30.0334968567, "mean": -0.0517334975302, "median": -0.402742773294, "min": -1.88360893726, "var": 2.20475673676}, "erbbands_skewness": {"dmean": 0.291429936886, "dmean2": 0.44098174572, "dvar": 0.0784875452518, "dvar2": 0.165431290865, "max": 2.77593612671, "mean": -0.152442723513, "median": -0.137154102325, "min": -4.48961782455, "var": 0.396187722683}, "erbbands_spread": {"dmean": 8.10352706909, "dmean2": 12.286482811, "dvar": 64.7313232422, "dvar2": 140.172286987, "max": 145.120941162, "mean": 43.5218582153, "median": 41.9237937927, "min": 5.73099184036, "var": 238.969909668}, "gfcc": {"cov": [[6933.28857422, -1177.04724121, -339.164642334, 54.0333404541, -508.540374756, 458.686737061, -391.695098877, 108.321678162, -233.890823364, 67.69896698, -124.852859497, 83.7414703369, -228.660827637], [-1177.04724121, 1086.21569824, -91.818687439, 1.38569247723, 231.009628296, -237.35307312, 174.072906494, -69.9547119141, 79.1422424316, -87.0680618286, 40.4199142456, -84.7943954468, 73.5283355713], [-339.164642334, -91.818687439, 635.347229004, 70.1022796631, 17.5747737885, 137.03125, -29.7576026917, 38.531047821, -49.623966217, 14.070142746, -31.0526485443, 10.7695293427, 5.37254190445], [54.0333404541, 1.38569247723, 70.1022796631, 246.416595459, 41.3281326294, -14.3806037903, 34.0828132629, 1.49606311321, 16.8280143738, -18.4130592346, 3.23186516762, -12.3783407211, 21.4364242554], [-508.540374756, 231.009628296, 17.5747737885, 41.3281326294, 211.950958252, -13.9809436798, 81.3399963379, 16.9921569824, 30.2347278595, 3.52841973305, -5.98065900803, -18.3052139282, 25.5712070465], [458.686737061, -237.35307312, 137.03125, -14.3806037903, -13.9809436798, 238.435592651, 2.14277529716, 37.5379714966, -27.892780304, 30.1404151917, -14.1437673569, 18.5111694336, -31.3781433105], [-391.695098877, 174.072906494, -29.7576026917, 34.0828132629, 81.3399963379, 2.14277529716, 173.311660767, 36.5415267944, 34.5329971313, -3.14738130569, 10.5798063278, -20.5884170532, 16.4500217438], [108.321678162, -69.9547119141, 38.531047821, 1.49606311321, 16.9921569824, 37.5379714966, 36.5415267944, 105.018363953, 23.4740982056, 38.6850395203, 0.91848641634, 16.7641716003, -1.66451263428], [-233.890823364, 79.1422424316, -49.623966217, 16.8280143738, 30.2347278595, -27.892780304, 34.5329971313, 23.4740982056, 87.6169662476, 28.7339687347, 27.1006412506, 1.39630115032, 14.8848285675], [67.69896698, -87.0680618286, 14.070142746, -18.4130592346, 3.52841973305, 30.1404151917, -3.14738130569, 38.6850395203, 28.7339687347, 91.6558227539, 32.4597930908, 25.2728443146, -0.021383035928], [-124.852859497, 40.4199142456, -31.0526485443, 3.23186516762, -5.98065900803, -14.1437673569, 10.5798063278, 0.91848641634, 27.1006412506, 32.4597930908, 84.831451416, 30.5582542419, 3.44106698036], [83.7414703369, -84.7943954468, 10.7695293427, -12.3783407211, -18.3052139282, 18.5111694336, -20.5884170532, 16.7641716003, 1.39630115032, 25.2728443146, 30.5582542419, 62.793888092, 12.4400854111], [-228.660827637, 73.5283355713, 5.37254190445, 21.4364242554, 25.5712070465, -31.3781433105, 16.4500217438, -1.66451263428, 14.8848285675, -0.021383035928, 3.44106698036, 12.4400854111, 59.5155639648]], "icov": [[0.000435447844211, -0.000446870864835, 0.000747020356357, -0.000945834151935, 0.000969684857409, -0.0010753844399, 0.00101111072581, -0.00094245566288, 0.0011117659742, -0.000843815214466, 0.00113499618601, -0.00075600144919, 0.00102294201497], [-0.000446870864835, 0.00320743164048, -0.00129647681024, 0.00236100517213, -0.00314340321347, 0.00286392099224, -0.00243761111051, 0.00204309192486, -0.00234402250499, 0.00341464416124, -0.00398152461275, 0.00367414322682, -0.00277176289819], [0.000747020356357, -0.00129647681024, 0.0034787398763, -0.00258477008902, 0.00173922709655, -0.00331604364328, 0.00274346233346, -0.00265502091497, 0.00336410501041, -0.00217052921653, 0.0025708633475, -0.0014240158489, 0.00106751394924], [-0.000945834151935, 0.00236100517213, -0.00258477008902, 0.00747632421553, -0.00359609443694, 0.00332026486285, -0.00321502774023, 0.00241829012521, -0.00396796735004, 0.00458865519613, -0.00486542517319, 0.0041091684252, -0.00434201722965], [0.000969684857409, -0.00314340321347, 0.00173922709655, -0.00359609443694, 0.0101357316598, -0.00348835671321, 0.000744023709558, -0.00265443930402, 0.00239894189872, -0.00478609511629, 0.00581747293472, -0.00295441970229, 0.00195289461408], [-0.0010753844399, 0.00286392099224, -0.00331604364328, 0.00332026486285, -0.00348835671321, 0.00998674798757, -0.00487221777439, 0.00266057555564, -0.00215458101593, 0.00158005207777, -0.00252527720295, 0.000872779870406, 0.000121709992527], [0.00101111072581, -0.00243761111051, 0.00274346233346, -0.00321502774023, 0.000744023709558, -0.00487221777439, 0.012490821071, -0.00692641641945, 0.00215240335092, -0.000499287387356, 0.00039399479283, 0.00174625311047, 0.000345724693034], [-0.00094245566288, 0.00204309192486, -0.00265502091497, 0.00241829012521, -0.00265443930402, 0.00266057555564, -0.00692641641945, 0.0175400022417, -0.00617484096438, -0.0026393008884, 0.00163586973213, -0.00321860867552, 0.000293350633001], [0.0011117659742, -0.00234402250499, 0.00336410501041, -0.00396796735004, 0.00239894189872, -0.00215458101593, 0.00215240335092, -0.00617484096438, 0.0210263635963, -0.00770584261045, -0.000166657846421, 0.000391639128793, 2.4896569812e-05], [-0.000843815214466, 0.00341464416124, -0.00217052921653, 0.00458865519613, -0.00478609511629, 0.00158005207777, -0.000499287387356, -0.0026393008884, -0.00770584261045, 0.0222022123635, -0.0107586439699, 0.00296172872186, -0.00402560690418], [0.00113499618601, -0.00398152461275, 0.0025708633475, -0.00486542517319, 0.00581747293472, -0.00252527720295, 0.00039399479283, 0.00163586973213, -0.000166657846421, -0.0107586439699, 0.0260740630329, -0.0162628050894, 0.00883552711457], [-0.00075600144919, 0.00367414322682, -0.0014240158489, 0.0041091684252, -0.00295441970229, 0.000872779870406, 0.00174625311047, -0.00321860867552, 0.000391639128793, 0.00296172872186, -0.0162628050894, 0.0326749533415, -0.0136248366907], [0.00102294201497, -0.00277176289819, 0.00106751394924, -0.00434201722965, 0.00195289461408, 0.000121709992527, 0.000345724693034, 0.000293350633001, 2.4896569812e-05, -0.00402560690418, 0.00883552711457, -0.0136248366907, 0.0270915366709]], "mean": [22.500825882, 87.1101837158, -124.046028137, 50.6854438782, -55.1987266541, 19.2865486145, -39.0790634155, 9.41495895386, -20.0783634186, 1.49294173717, -14.9107732773, -2.57962727547, -14.687543869]}, "hfc": {"dmean": 8.3527097702, "dmean2": 10.8922491074, "dvar": 1026.48718262, "dvar2": 1974.08422852, "max": 1568.05090332, "mean": 30.5727672577, "median": 20.6898460388, "min": 1.10491239274e-16, "var": 2854.25268555}, "melbands": {"dmean": [0.000743375567254, 0.00110869575292, 0.000866858579684, 0.000514996412676, 0.000234694321989, 0.000174520639121, 0.000161006406415, 0.000172868501977, 6.63442478981e-05, 6.2387160142e-05, 6.05348795943e-05, 4.02276818932e-05, 4.54880064353e-05, 3.71478308807e-05, 3.61719939974e-05, 3.92719666706e-05, 5.45491093362e-05, 4.32994638686e-05, 2.72939123533e-05, 2.22303970077e-05, 2.2836462449e-05, 1.92661555047e-05, 1.46053862409e-05, 1.19262194858e-05, 1.21679931908e-05, 1.23725212688e-05, 7.56091685616e-06, 5.49665810468e-06, 4.95032600156e-06, 3.84096483685e-06, 3.34258038492e-06, 3.77406126972e-06, 4.29908095612e-06, 4.60367436972e-06, 4.38232973465e-06, 4.38644292444e-06, 3.98634892917e-06, 2.22797098104e-06, 1.23226209325e-06, 7.4740052014e-07], "dmean2": [0.00122873857617, 0.00181772420183, 0.00144516525324, 0.000850272946991, 0.000384724378819, 0.000287943752483, 0.000259772496065, 0.000284344452666, 0.000108688072942, 9.91017732304e-05, 9.7759286291e-05, 6.41442384222e-05, 7.38976668799e-05, 6.02526124567e-05, 5.81384992984e-05, 6.23659725534e-05, 8.69625509949e-05, 6.84422848281e-05, 4.31061780546e-05, 3.54400217475e-05, 3.65796113329e-05, 3.09101160383e-05, 2.33401879086e-05, 1.92116713151e-05, 1.92438365048e-05, 1.92402894754e-05, 1.17861573017e-05, 8.51007371239e-06, 7.68721110944e-06, 5.97674807068e-06, 5.15592182637e-06, 5.70374368181e-06, 6.43402427158e-06, 6.76270974509e-06, 6.38003848508e-06, 6.12573830949e-06, 5.52762412553e-06, 3.15479428536e-06, 1.76518517492e-06, 1.03861009393e-06], "dvar": [1.10572239009e-06, 3.86407327824e-06, 1.48816093315e-06, 5.95483129473e-07, 1.70567943769e-07, 1.11330287211e-07, 8.31451103522e-08, 1.12515238015e-07, 1.36457369848e-08, 1.75560899152e-08, 1.93646112479e-08, 7.08080083456e-09, 9.4108809634e-09, 6.06908789891e-09, 9.36614963365e-09, 8.73305339155e-09, 1.65898601523e-08, 1.01858166346e-08, 3.11480552462e-09, 2.01351135765e-09, 1.88239712706e-09, 1.22239973699e-09, 6.52668641354e-10, 4.86108375775e-10, 3.83296006046e-10, 5.26221677344e-10, 2.10840539472e-10, 2.81701356686e-10, 3.27146865153e-10, 2.55651555481e-10, 1.74296535538e-10, 2.62937477347e-10, 2.98722824255e-10, 8.32881541513e-10, 8.18891565668e-10, 9.44269440417e-10, 7.13223646809e-10, 2.28595531393e-10, 6.05546793264e-11, 1.71491779111e-11], "dvar2": [2.9539676234e-06, 1.01218693089e-05, 3.81362701773e-06, 1.5528825088e-06, 4.28165833455e-07, 2.94286877534e-07, 2.06258931712e-07, 2.87438297164e-07, 3.28270814975e-08, 4.12263219118e-08, 4.84959130631e-08, 1.61436197743e-08, 2.38803306019e-08, 1.49795837956e-08, 2.18133635599e-08, 1.98057783507e-08, 4.21657340155e-08, 2.36193820058e-08, 7.4773707226e-09, 4.82156448101e-09, 4.61086369086e-09, 2.99561953021e-09, 1.63089564076e-09, 1.25533250461e-09, 8.92918072815e-10, 1.14110942917e-09, 4.88656004549e-10, 6.83769874055e-10, 8.39640135197e-10, 6.52140064172e-10, 4.28723889723e-10, 6.12849271331e-10, 6.49975573364e-10, 2.06173411677e-09, 1.89406912376e-09, 1.88523752165e-09, 1.43002898412e-09, 4.81277628861e-10, 1.32373903505e-10, 3.29712229741e-11], "max": [0.0120221376419, 0.027020489797, 0.0188892614096, 0.0149274775758, 0.00757968937978, 0.0068834675476, 0.00660926569253, 0.0078664906323, 0.00313197774813, 0.00389846484177, 0.00508156279102, 0.00243142154068, 0.00274440855719, 0.00171236100141, 0.00308084813878, 0.00258780340664, 0.0026345285587, 0.00219455827028, 0.00149229215458, 0.00109897681978, 0.00111166737042, 0.0011804047972, 0.000665800878778, 0.00070187728852, 0.000532589678187, 0.000899807841051, 0.000490882783197, 0.000675715622492, 0.000870179384947, 0.000891280942596, 0.00056386354845, 0.000699014461134, 0.000811512116343, 0.00150839868002, 0.00138170830905, 0.00159950286616, 0.00143970304634, 0.000597582722548, 0.000288406212348, 0.000170845567482], "mean": [0.00131811434403, 0.00184728577733, 0.00140322116204, 0.000728685467038, 0.000324593507685, 0.000245994539, 0.000273725105217, 0.000250073586358, 0.000115572875075, 9.98045943561e-05, 9.9807526567e-05, 6.93734618835e-05, 7.89796686149e-05, 6.43871098873e-05, 6.40510916128e-05, 6.87475258019e-05, 9.97136958176e-05, 8.14349768916e-05, 5.1093109505e-05, 4.21535914938e-05, 4.22661360062e-05, 3.69490553567e-05, 2.93132470688e-05, 2.43604408752e-05, 2.58872605627e-05, 2.63240599452e-05, 1.57488921104e-05, 1.04881728475e-05, 9.34600120672e-06, 7.18762976248e-06, 6.39489326204e-06, 6.93531546858e-06, 8.31238048704e-06, 8.52848734212e-06, 8.26801715448e-06, 7.70954466134e-06, 6.91462355462e-06, 3.90066770706e-06, 2.09248173633e-06, 1.36074334023e-06], "median": [0.000948887027334, 0.00132287293673, 0.000931491784286, 0.000439132214524, 0.000152405817062, 0.000117954157759, 0.000132622983074, 0.000111735600512, 6.19997445028e-05, 4.46400736109e-05, 3.9072430809e-05, 3.30787734129e-05, 3.46521519532e-05, 3.15750512527e-05, 2.51552337431e-05, 2.35367369896e-05, 2.88173578156e-05, 2.9875576729e-05, 2.80717940768e-05, 2.24456343858e-05, 2.21218979277e-05, 2.1531168386e-05, 1.77493839146e-05, 1.48591525431e-05, 1.55325869855e-05, 1.45104713738e-05, 9.784631402e-06, 5.87302702115e-06, 5.06312471771e-06, 3.85418752558e-06, 2.76499577012e-06, 3.06400988848e-06, 3.05292928715e-06, 2.80754579762e-06, 1.97726535589e-06, 1.37301685754e-06, 1.13531950774e-06, 7.59467752687e-07, 5.10088796091e-07, 3.85516301549e-07], "min": [3.72133141352e-24, 2.71724755968e-24, 2.53178123327e-24, 2.06371574275e-24, 1.33168181335e-24, 1.78886634818e-24, 2.64710323128e-24, 3.26438215645e-24, 1.74013091589e-24, 5.56058349101e-24, 3.34591290316e-24, 2.91702559785e-24, 4.52740763028e-24, 3.28394906234e-24, 4.21527430274e-24, 4.83222782279e-24, 4.97430758828e-24, 4.22649782127e-24, 4.36902723748e-24, 5.10306546523e-24, 7.22805164006e-24, 2.52420087162e-24, 4.80878011567e-24, 5.09491061562e-24, 4.38208722419e-24, 5.07167668981e-24, 6.09445299723e-24, 4.59997573381e-24, 3.8220492296e-24, 8.11172337089e-24, 6.7302938195e-24, 5.90749335712e-24, 6.8749914199e-24, 9.14222893746e-24, 6.74596138594e-24, 8.90243257722e-24, 7.69960744565e-24, 8.36044095912e-24, 7.14177392285e-24, 6.27301876287e-24], "var": [1.75312902684e-06, 4.23253459303e-06, 2.3166480787e-06, 7.99997962986e-07, 2.31005529372e-07, 1.47823541852e-07, 1.72101835005e-07, 1.63531453268e-07, 3.12569596872e-08, 2.86000183536e-08, 3.76535282953e-08, 1.45622705006e-08, 2.00615044577e-08, 1.29009629646e-08, 2.00062171274e-08, 2.01072207773e-08, 3.90225558533e-08, 2.66938577909e-08, 7.28696969432e-09, 5.09712405616e-09, 4.2942951417e-09, 2.84633694392e-09, 1.41436962142e-09, 9.31733357135e-10, 1.13403408886e-09, 1.65162072907e-09, 4.44219272477e-10, 3.58040902482e-10, 3.46579098753e-10, 2.71908884297e-10, 2.47053016933e-10, 3.43386402646e-10, 4.97373642272e-10, 1.03139441432e-09, 1.33480160258e-09, 1.84181725427e-09, 1.59545654466e-09, 4.67667016224e-10, 1.17439849512e-10, 4.19024849541e-11]}, "melbands_crest": {"dmean": 2.9956908226, "dmean2": 4.92449188232, "dvar": 7.6091632843, "dvar2": 19.7567691803, "max": 33.539604187, "mean": 12.9004154205, "median": 12.3015918732, "min": 1.72205650806, "var": 20.2622718811}, "melbands_flatness_db": {"dmean": 0.0253908019513, "dmean2": 0.0379361733794, "dvar": 0.000601801322773, "dvar2": 0.00131623994093, "max": 0.575682342052, "mean": 0.166613668203, "median": 0.156028792262, "min": 0.00432756310329, "var": 0.00405353819951}, "melbands_kurtosis": {"dmean": 6.38600111008, "dmean2": 9.83388614655, "dvar": 243.187332153, "dvar2": 505.660888672, "max": 864.054748535, "mean": 13.3261041641, "median": 6.70248126984, "min": -1.87394547462, "var": 1195.91711426}, "melbands_skewness": {"dmean": 0.714958369732, "dmean2": 1.08881855011, "dvar": 0.59671485424, "dvar2": 1.33870351315, "max": 22.1444988251, "mean": 2.73903656006, "median": 2.47240400314, "min": -1.45384609699, "var": 2.75070786476}, "melbands_spread": {"dmean": 9.80124568939, "dmean2": 14.9307594299, "dvar": 184.887130737, "dvar2": 364.711029053, "max": 262.27746582, "mean": 32.8320007324, "median": 27.9532012939, "min": 0.327206999063, "var": 666.659362793}, "mfcc": {"cov": [[5160.97998047, -1112.91503906, -27.3379840851, -384.622467041, -87.0158157349, 46.8589859009, -87.0475311279, 54.759311676, -207.202056885, 37.1825065613, 19.4232978821, -37.3924674988, -130.872421265], [-1112.91503906, 999.127563477, -182.359405518, 175.769821167, 9.1444272995, -25.3935546875, 38.4654960632, -5.88072967529, 64.3653411865, -12.2834310532, -6.81302022934, -10.9502592087, 42.3051834106], [-27.3379840851, -182.359405518, 558.78692627, -45.3313446045, 91.3011627197, 56.4905052185, 48.8558959961, 10.41203022, 2.56429004669, -17.9629383087, -8.94776630402, 3.27813529968, -14.4047784805], [-384.622467041, 175.769821167, -45.3313446045, 310.246124268, 23.3810386658, -17.2444248199, 6.82405281067, 4.0542974472, 44.9092178345, 11.4152927399, -32.9994506836, 2.91133093834, 34.530418396], [-87.0158157349, 9.1444272995, 91.3011627197, 23.3810386658, 143.239379883, 38.3405456543, 14.9921360016, 0.304140508175, 19.4325275421, 2.14837145805, 2.54421710968, -6.63321495056, 5.42154073715], [46.8589859009, -25.3935546875, 56.4905052185, -17.2444248199, 38.3405456543, 114.713783264, 48.0572967529, 20.1186790466, 13.2414693832, 10.7834205627, 10.9488077164, 0.866042852402, -13.3046283722], [-87.0475311279, 38.4654960632, 48.8558959961, 6.82405281067, 14.9921360016, 48.0572967529, 118.310958862, 42.3275794983, 38.8258552551, 13.8080530167, 17.31508255, 13.2389297485, 3.78688168526], [54.759311676, -5.88072967529, 10.41203022, 4.0542974472, 0.304140508175, 20.1186790466, 42.3275794983, 80.6053009033, 25.0613765717, 10.2616958618, 12.6322221756, 8.06233310699, -3.63866782188], [-207.202056885, 64.3653411865, 2.56429004669, 44.9092178345, 19.4325275421, 13.2414693832, 38.8258552551, 25.0613765717, 115.825279236, 29.6633892059, 1.12268233299, 8.60987663269, 17.6874523163], [37.1825065613, -12.2834310532, -17.9629383087, 11.4152927399, 2.14837145805, 10.7834205627, 13.8080530167, 10.2616958618, 29.6633892059, 67.1139907837, 25.0166625977, 10.975771904, 6.85517501831], [19.4232978821, -6.81302022934, -8.94776630402, -32.9994506836, 2.54421710968, 10.9488077164, 17.31508255, 12.6322221756, 1.12268233299, 25.0166625977, 69.2511367798, 29.7674674988, 7.75981330872], [-37.3924674988, -10.9502592087, 3.27813529968, 2.91133093834, -6.63321495056, 0.866042852402, 13.2389297485, 8.06233310699, 8.60987663269, 10.975771904, 29.7674674988, 69.2814865112, 35.8111495972], [-130.872421265, 42.3051834106, -14.4047784805, 34.530418396, 5.42154073715, -13.3046283722, 3.78688168526, -3.63866782188, 17.6874523163, 6.85517501831, 7.75981330872, 35.8111495972, 73.1873168945]], "icov": [[0.000296237907605, 0.000277168786852, 0.00011708427337, 0.000176127403392, 1.79785092769e-05, -9.0914843895e-05, 9.43497798289e-05, -0.000342874205671, 0.000410833599744, -0.000334113254212, 0.000163213975611, 6.95075141266e-05, 0.00015036361583], [0.000277168786852, 0.00155389984138, 0.000535834522452, -0.00044480629731, -9.41355247051e-05, 0.0001198009777, -0.000594594865106, 0.00011797928164, -0.00018309551524, 0.000602609012276, -0.000473868189147, 0.000803720322438, -0.000377095973818], [0.00011708427337, 0.000535834522452, 0.00239306152798, 0.00030324596446, -0.00145583669655, -0.000253751961282, -0.00101408711635, 7.15827191016e-05, 0.000153634944581, 0.000592079886701, 0.000811948208138, -0.000638136465568, 0.000478880014271], [0.000176127403392, -0.00044480629731, 0.00030324596446, 0.0044092242606, -0.000897147459909, 0.000539767032024, -1.63682780112e-05, -0.000708090898115, -0.000310063856887, -0.00159881589934, 0.00311796367168, -0.000660778430756, -0.00110091094393], [1.79785092769e-05, -9.41355247051e-05, -0.00145583669655, -0.000897147459909, 0.009158375673, -0.00295966211706, 0.000864758272655, 0.000735097273719, -0.00125340011436, 0.000684647297021, -0.0019947218243, 0.00261507090181, -0.00183065107558], [-9.0914843895e-05, 0.0001198009777, -0.000253751961282, 0.000539767032024, -0.00295966211706, 0.0122937317938, -0.0044526332058, -0.00037368843914, 0.000221828697249, -0.00126862421166, 0.000112942805572, -0.000785549811553, 0.00256710243411], [9.43497798289e-05, -0.000594594865106, -0.00101408711635, -1.63682780112e-05, 0.000864758272655, -0.0044526332058, 0.0137926870957, -0.00501019088551, -0.00255055632442, 0.000118804440717, -0.00176723697223, -0.000638913887087, -0.000410437613027], [-0.000342874205671, 0.00011797928164, 7.15827191016e-05, -0.000708090898115, 0.000735097273719, -0.00037368843914, -0.00501019088551, 0.0166699066758, -0.00283237406984, 0.000841964560095, -0.00204516318627, -0.00093995797215, 0.00191490456928], [0.000410833599744, -0.00018309551524, 0.000153634944581, -0.000310063856887, -0.00125340011436, 0.000221828697249, -0.00255055632442, -0.00283237406984, 0.0129921399057, -0.00590051710606, 0.00313155190088, -0.000285877671558, -0.00163798511494], [-0.000334113254212, 0.000602609012276, 0.000592079886701, -0.00159881589934, 0.000684647297021, -0.00126862421166, 0.000118804440717, 0.000841964560095, -0.00590051710606, 0.0213334560394, -0.00864003133029, 0.00129653373733, -0.000611097726505], [0.000163213975611, -0.000473868189147, 0.000811948208138, 0.00311796367168, -0.0019947218243, 0.000112942805572, -0.00176723697223, -0.00204516318627, 0.00313155190088, -0.00864003133029, 0.023994833231, -0.0100543415174, 0.00184059597086], [6.95075141266e-05, 0.000803720322438, -0.000638136465568, -0.000660778430756, 0.00261507090181, -0.000785549811553, -0.000638913887087, -0.00093995797215, -0.000285877671558, 0.00129653373733, -0.0100543415174, 0.0254789851606, -0.0119577208534], [0.00015036361583, -0.000377095973818, 0.000478880014271, -0.00110091094393, -0.00183065107558, 0.00256710243411, -0.000410437613027, 0.00191490456928, -0.00163798511494, -0.000611097726505, 0.00184059597086, -0.0119577208534, 0.0215917732567]], "mean": [-611.356262207, 105.972396851, -3.25228381157, 30.8756637573, 8.97436904907, 10.8417053223, -2.29046559334, 7.46998643875, -3.15672874451, 5.75254678726, 0.872439205647, -0.398418843746, 0.508365869522]}, "pitch_salience": {"dmean": 0.0667942538857, "dmean2": 0.109288945794, "dvar": 0.00357536086813, "dvar2": 0.0094455992803, "max": 0.989211797714, "mean": 0.578897714615, "median": 0.58291298151, "min": 0.0880998969078, "var": 0.00869907159358}, "silence_rate_20dB": {"dmean": 0, "dmean2": 0, "dvar": 0, "dvar2": 0, "max": 1, "mean": 1, "median": 1, "min": 1, "var": 0}, "silence_rate_30dB": {"dmean": 0.00108849466778, "dmean2": 0.00217722612433, "dvar": 0.00108719873242, "dvar2": 0.00239000841975, "max": 1, "mean": 0.998149752617, "median": 1, "min": 0, "var": 0.00184686668217}, "silence_rate_60dB": {"dmean": 0.00566017208621, "dmean2": 0.0113215763122, "dvar": 0.00562790222466, "dvar2": 0.0125005990267, "max": 1, "mean": 0.0208968222141, "median": 0, "min": 0, "var": 0.020458413288}, "spectral_centroid": {"dmean": 292.072723389, "dmean2": 448.983886719, "dvar": 93134.7109375, "dvar2": 185587.0625, "max": 11225.4033203, "mean": 1720.63000488, "median": 1706.76635742, "min": 188.533950806, "var": 588149.9375}, "spectral_complexity": {"dmean": 3.81125497818, "dmean2": 5.81471824646, "dvar": 13.048743248, "dvar2": 27.6447315216, "max": 63, "mean": 24.6595554352, "median": 25, "min": 0, "var": 109.529441833}, "spectral_contrast_coeffs": {"dmean": [0.0552178435028, 0.047291520983, 0.0359991639853, 0.0298355873674, 0.0220978800207, 0.017609635368], "dmean2": [0.0914103910327, 0.0785070061684, 0.0596576407552, 0.0487646870315, 0.0357463471591, 0.0271077994257], "dvar": [0.00216135173105, 0.00140455004293, 0.00081582221901, 0.000551912176888, 0.000374231516616, 0.000265167473117], "dvar2": [0.00582253653556, 0.00384480785578, 0.00215240730904, 0.00143281440251, 0.000881495594513, 0.000580049701966], "max": [-0.321131944656, -0.37358123064, -0.52850073576, -0.587925493717, -0.615347087383, -0.600143909454], "mean": [-0.648656189442, -0.75389790535, -0.789095818996, -0.780292868614, -0.781947314739, -0.751743733883], "median": [-0.655262112617, -0.760090529919, -0.795440793037, -0.786126613617, -0.786514163017, -0.754452824593], "min": [-0.96971487999, -0.969430625439, -0.989070177078, -0.982674658298, -0.964143455029, -0.96336466074], "var": [0.00643438752741, 0.00414451118559, 0.00279175513424, 0.00264329672791, 0.00201427843422, 0.00143906893209]}, "spectral_contrast_valleys": {"dmean": [0.402653545141, 0.365620493889, 0.29464635253, 0.263297945261, 0.225933715701, 0.297872275114], "dmean2": [0.637570858002, 0.599699020386, 0.474636971951, 0.41081944108, 0.33350032568, 0.358260750771], "dvar": [0.125046432018, 0.109852746129, 0.0728081911802, 0.0680953264236, 0.0764128193259, 0.130584865808], "dvar2": [0.274133384228, 0.252013206482, 0.151792570949, 0.131789192557, 0.136007905006, 0.19865976274], "max": [-5.33990287781, -4.90255880356, -5.51539897919, -5.86219882965, -5.16049289703, -6.39857959747], "mean": [-7.00706291199, -6.59182834625, -7.15069150925, -7.30911159515, -7.12315750122, -9.75120830536], "median": [-6.84302854538, -6.52218341827, -7.05362701416, -7.17383432388, -6.9506726265, -9.48707866669], "min": [-27.8569831848, -27.7896118164, -27.4172687531, -27.4671802521, -27.4566555023, -27.3146209717], "var": [1.16581702232, 1.05940115452, 1.04037833214, 1.05025088787, 1.13013398647, 1.63185453415]}, "spectral_decrease": {"dmean": 1.97561500492e-09, "dmean2": 3.02622327197e-09, "dvar": 5.22807429327e-18, "dvar2": 1.21546729846e-17, "max": 1.00433802482e-23, "mean": -6.54719034543e-09, "median": -6.0400231483e-09, "min": -2.92436652671e-08, "var": 1.52897354826e-17}, "spectral_energy": {"dmean": 0.0079093221575, "dmean2": 0.0119976252317, "dvar": 8.68950883159e-05, "dvar2": 0.000199005546165, "max": 0.235382154584, "mean": 0.0274836886674, "median": 0.0252365507185, "min": 9.94869428984e-21, "var": 0.0002879818785}, "spectral_energyband_high": {"dmean": 0.000822625821456, "dmean2": 0.00105725973845, "dvar": 1.93077685253e-05, "dvar2": 3.85182866012e-05, "max": 0.222394406796, "mean": 0.00197989167646, "median": 0.000846877577715, "min": 7.26147205416e-21, "var": 4.31168045907e-05}, "spectral_energyband_low": {"dmean": 0.00498087704182, "dmean2": 0.00789821892977, "dvar": 4.93194529554e-05, "dvar2": 0.000123775796965, "max": 0.0877997279167, "mean": 0.0100132990628, "median": 0.00800096616149, "min": 2.93694145637e-23, "var": 7.70775077399e-05}, "spectral_energyband_middle_high": {"dmean": 0.00172616797499, "dmean2": 0.00250297132879, "dvar": 5.5376212913e-06, "dvar2": 1.14451213449e-05, "max": 0.0430865064263, "mean": 0.00674900691956, "median": 0.00475951330736, "min": 1.18077083995e-21, "var": 4.03145240853e-05}, "spectral_energyband_middle_low": {"dmean": 0.00467266980559, "dmean2": 0.0075506772846, "dvar": 3.44311847584e-05, "dvar2": 8.49251155159e-05, "max": 0.0695020258427, "mean": 0.0103870267048, "median": 0.00815494917333, "min": 1.57219511405e-22, "var": 6.79345030221e-05}, "spectral_entropy": {"dmean": 0.121805034578, "dmean2": 0.173348560929, "dvar": 0.0161717757583, "dvar2": 0.0316562093794, "max": 9.81259918213, "mean": 7.81641721725, "median": 7.85491228104, "min": 5.77167320251, "var": 0.109516747296}, "spectral_flux": {"dmean": 0.0224085915834, "dmean2": 0.0331083647907, "dvar": 0.000485638593091, "dvar2": 0.000946688174736, "max": 0.390241473913, "mean": 0.0883718654513, "median": 0.0852547362447, "min": 6.48807327308e-11, "var": 0.00178214907646}, "spectral_kurtosis": {"dmean": 1.08631575108, "dmean2": 1.7982827425, "dvar": 2.0202357769, "dvar2": 5.4122338295, "max": 24.8384208679, "mean": 3.11274147034, "median": 2.78492879868, "min": -1.23542654514, "var": 3.90141820908}, "spectral_rms": {"dmean": 0.000729184015654, "dmean2": 0.00109132193029, "dvar": 5.4568329233e-07, "dvar2": 1.19555693345e-06, "max": 0.01515391469, "mean": 0.0049206581898, "median": 0.00496195815504, "min": 3.11545234055e-12, "var": 2.60054162027e-06}, "spectral_rolloff": {"dmean": 573.744812012, "dmean2": 913.778930664, "dvar": 662868.75, "dvar2": 1227238.125, "max": 19487.5488281, "mean": 1936.58398438, "median": 1679.58984375, "min": 64.599609375, "var": 2957675.25}, "spectral_skewness": {"dmean": 0.163299098611, "dmean2": 0.257186830044, "dvar": 0.0307421796024, "dvar2": 0.072941288352, "max": 4.00633096695, "mean": 1.25489318371, "median": 1.25361061096, "min": -0.0493796765804, "var": 0.120770148933}, "spectral_spread": {"dmean": 471486.0625, "dmean2": 618138.75, "dvar": 411789295616, "dvar2": 775701594112, "max": 42020712, "mean": 4667863, "median": 4554477, "min": 1937859.75, "var": 3324218179580.0}, "spectral_strongpeak": {"dmean": 0.500987291336, "dmean2": 0.881405353546, 