{"lowlevel": {"average_loudness": 0.643201351166, "barkbands": {"dmean": [3.3731480471e-06, 0.00121654849499, 0.00145552796312, 0.00162524613552, 0.00216623791493, 0.00088919675909, 0.000687237537932, 0.0003241939703, 0.000548837764654, 0.000553225574549, 0.000219865294639, 0.000412516063079, 0.000440666917711, 0.000186395380297, 0.000219833440497, 0.000123577847262, 0.000170785191585, 0.000185739947483, 0.000158110138727, 9.25583954086e-05, 0.000124378871988, 0.000129032865516, 5.68205359741e-05, 2.18793957174e-05, 5.91967818764e-06, 1.22670189739e-06, 1.18629337464e-07], "dmean2": [5.81693711865e-06, 0.00187458540313, 0.00244417181239, 0.00282189273275, 0.00371927022934, 0.00140693795402, 0.00107376265805, 0.000525049865246, 0.000807243224699, 0.000812379643321, 0.00033341429662, 0.000599341525231, 0.000666940759402, 0.000280889071291, 0.000342575338436, 0.000192557025002, 0.000273282028502, 0.000284951151116, 0.000247972697252, 0.000141502256156, 0.000185582204722, 0.000186003482668, 8.17190593807e-05, 3.07844929921e-05, 8.36388880998e-06, 1.75678678715e-06, 1.70581273551e-07], "dvar": [5.83550985311e-11, 1.01051391539e-05, 1.76306184585e-05, 2.52590889431e-05, 3.70913439838e-05, 3.36798257194e-06, 3.13198916047e-06, 9.44902012634e-07, 4.10245638705e-06, 3.51384460373e-06, 1.09061022613e-06, 2.66740357802e-06, 2.85909368358e-06, 3.68400492334e-07, 5.827799896e-07, 1.49623033963e-07, 1.4186211672e-07, 2.41098774723e-07, 2.33003561334e-07, 6.78615919014e-08, 9.92296094182e-08, 2.08272055602e-07, 3.61404879357e-08, 5.19722620496e-09, 3.79058534561e-10, 8.64695988423e-12, 7.66305150845e-14], "dvar2": [1.60337548794e-10, 2.15166328417e-05, 4.71496932732e-05, 6.84374972479e-05, 0.000101078978332, 8.01444093668e-06, 7.29490830054e-06, 2.39815562963e-06, 7.90864032751e-06, 6.44563078822e-06, 2.39594191953e-06, 4.76875629829e-06, 5.27809879713e-06, 7.88608247149e-07, 1.27953239826e-06, 3.19607067922e-07, 3.35805850682e-07, 5.16219358815e-07, 5.29299484242e-07, 1.49185979126e-07, 1.98342789304e-07, 4.00306873871e-07, 7.20417077105e-08, 1.1113255205e-08, 7.42441275126e-10, 1.64164706135e-11, 1.4546632128e-13], "max": [0.000177168811206, 0.0420162454247, 0.0608636699617, 0.0770238488913, 0.0775616541505, 0.0399816706777, 0.0589491277933, 0.0210769660771, 0.0667378008366, 0.058629039675, 0.0421836450696, 0.064322412014, 0.0734310001135, 0.0277130752802, 0.0278914272785, 0.0200285743922, 0.014781108126, 0.0178848151118, 0.0180182605982, 0.0139939328656, 0.0158167239279, 0.017932811752, 0.0102466437966, 0.00389318587258, 0.00108637579251, 8.14965751488e-05, 9.31992508413e-06], "mean": [6.17323166807e-06, 0.00171284610406, 0.00171223876532, 0.00171001721174, 0.00253656879067, 0.00162882718723, 0.00107269897126, 0.000451286236057, 0.00104083004408, 0.00107615091838, 0.000349259324139, 0.000812823825981, 0.000893988995813, 0.000286014692392, 0.000369294139091, 0.000205735908821, 0.000321600382449, 0.000363881757949, 0.00031379100983, 0.000184694858035, 0.000275019643595, 0.000255672406638, 0.00010876210581, 3.97610274376e-05, 1.21501043395e-05, 2.70465466201e-06, 3.24829045439e-07], "median": [3.3673074995e-06, 0.000417401082814, 0.000499780871905, 0.000545546412468, 0.000943989609368, 0.000734455534257, 0.000384206534363, 0.000164792800206, 0.000239809349296, 0.000194124600966, 5.03487099195e-05, 0.000152244901983, 0.0001755883859, 0.000104075064883, 0.000130050582811, 8.27948751976e-05, 0.000142204225995, 0.000106987659819, 0.000104263956018, 6.3981875428e-05, 0.000101401201391, 7.65566364862e-05, 3.89891356463e-05, 1.35028112709e-05, 5.57586827199e-06, 1.21935863717e-06, 1.46338919649e-07], "min": [1.05717995145e-23, 6.17272172521e-23, 8.76939670758e-24, 4.73823622922e-24, 8.61985660562e-23, 2.26186427039e-23, 9.90519374798e-23, 1.00309381763e-22, 9.56191934735e-23, 8.15859638148e-23, 1.08591600852e-22, 2.48697652132e-22, 1.52362677827e-22, 1.13503465367e-22, 1.10657368817e-22, 1.46537855121e-22, 2.02019439705e-22, 1.6965166897e-22, 2.15157331169e-22, 3.19345586179e-22, 3.57663627437e-22, 6.28678015738e-22, 6.63387289722e-22, 6.65379157197e-22, 1.5609977573e-21, 1.45073615685e-21, 2.41078114068e-21], "var": [8.2212965602e-11, 1.38506875373e-05, 1.54737062985e-05, 1.94042240764e-05, 2.88906230708e-05, 8.49411208037e-06, 4.79730897496e-06, 1.05857134258e-06, 1.23661693578e-05, 1.22235351228e-05, 2.51869687418e-06, 1.1080578588e-05, 1.47166174429e-05, 6.37398272829e-07, 1.18290279261e-06, 2.83260192191e-07, 5.29235876456e-07, 9.23906895878e-07, 6.74388218158e-07, 1.55411214564e-07, 2.94993554917e-07, 4.45996619192e-07, 6.85988865712e-08, 8.8438376622e-09, 7.88024201448e-10, 2.43006864631e-11, 2.92814302536e-13]}, "barkbands_crest": {"dmean": 2.47626900673, "dmean2": 3.95131516457, "dvar": 5.3361120224, "dvar2": 12.7564907074, "max": 25.3802242279, "mean": 9.40785694122, "median": 8.44921779633, "min": 2.29134845734, "var": 17.6415500641}, "barkbands_flatness_db": {"dmean": 0.019177256152, "dmean2": 0.0288621280342, "dvar": 0.00042083079461, "dvar2": 0.000919658166822, "max": 0.372540920973, "mean": 0.128141999245, "median": 0.123300567269, "min": 0.0191890373826, "var": 0.00177675264422}, "barkbands_kurtosis": {"dmean": 2.69779348373, "dmean2": 4.2923412323, "dvar": 24.254201889, "dvar2": 55.6475982666, "max": 88.0183639526, "mean": 3.48386931419, "median": 1.12959849834, "min": -1.87120497227, "var": 48.5446586609}, "barkbands_skewness": {"dmean": 0.52188706398, "dmean2": 0.789977014065, "dvar": 0.367688834667, "dvar2": 0.769041538239, "max": 8.48872756958, "mean": 1.3530421257, "median": 1.19102859497, "min": -4.68484163284, "var": 1.46293377876}, "barkbands_spread": {"dmean": 5.28384399414, "dmean2": 7.97446632385, "dvar": 34.5014190674, "dvar2": 73.1687545776, "max": 119.337005615, "mean": 22.9680194855, "median": 20.803319931, "min": 1.1300112009, "var": 180.598373413}, "dissonance": {"dmean": 0.0161191597581, "dmean2": 0.0271523203701, "dvar": 0.000249526987318, "dvar2": 0.000690653920174, "max": 0.500000119209, "mean": 0.466724395752, "median": 0.47132062912, "min": 0.33018258214, "var": 0.000476077984786}, "dynamic_complexity": 3.60485363007, "erbbands": {"dmean": [0.02025533095, 0.330233842134, 1.40081322193, 3.7130112648, 8.07540988922, 5.94108486176, 5.31178665161, 8.28524017334, 11.000497818, 6.52962684631, 7.81202840805, 11.4138183594, 15.8674211502, 14.2629747391, 9.54399967194, 17.9701099396, 20.2483921051, 10.0114374161, 9.59547328949, 9.37301158905, 7.63938522339, 7.47351455688, 9.05223369598, 8.17893791199, 7.12498235703, 4.20117473602, 4.15223741531, 5.61808013916, 4.96866416931, 2.69727301598, 1.51785945892, 0.679528594017, 0.253360718489, 0.0891313105822, 0.0342331193388, 0.00951798446476, 0.00131073698867, 0.000189730388229, 2.29156757996e-05, 8.48008949106e-06], "dmean2": [0.0314128100872, 0.508999526501, 2.31896567345, 6.31638240814, 14.0822286606, 10.0223693848, 8.68629074097, 13.0731315613, 17.2565994263, 10.4153347015, 12.2610292435, 16.8422851563, 22.2412662506, 21.6571331024, 13.6645698547, 25.3236312866, 29.5253391266, 14.6701822281, 14.7950086594, 14.40574646, 12.0164518356, 11.5522127151, 13.9006986618, 12.350564003, 10.9707756042, 6.42281103134, 6.30570554733, 8.23412704468, 7.27773237228, 3.85278081894, 2.1887421608, 0.959057927132, 0.358116716146, 0.127335771918, 0.0477553792298, 0.0134722776711, 0.00184221076779, 0.000269599288004, 3.23995373037e-05, 1.26454724523e-05], "dvar": [0.00250701629557, 0.747762084007, 14.5117416382, 119.27848053, 616.086425781, 220.030731201, 137.552749634, 329.092681885, 826.89440918, 352.63381958, 587.726989746, 1959.94848633, 4116.26123047, 2584.25390625, 1369.11682129, 4554.48144531, 5572.09960938, 993.711486816, 954.249816895, 1449.12988281, 263.622833252, 277.764953613, 437.713012695, 518.593933105, 456.740447998, 87.1681594849, 84.2184524536, 246.71635437, 314.305358887, 102.035575867, 25.5702400208, 5.32011127472, 0.573192238808, 0.0924879908562, 0.0108509967104, 0.000587624206673, 8.80216157384e-06, 1.67114421856e-07, 2.37458674945e-09, 2.31704322395e-10], "dvar2": [0.00573975825682, 1.57303392887, 37.4734344482, 317.246063232, 1697.68103027, 574.826049805, 347.04675293, 785.586853027, 1979.80090332, 905.31640625, 1458.35119629, 4203.28222656, 6584.66845703, 5963.17529297, 2581.61303711, 7296.26660156, 9844.3359375, 1904.17358398, 2120.25317383, 3154.14916992, 587.852172852, 600.773132324, 968.149230957, 1066.7767334, 1004.73010254, 197.897445679, 187.985671997, 466.462341309, 630.4453125, 187.157775879, 52.8368339539, 11.8284235001, 1.08275711536, 0.194925025105, 0.0196562912315, 0.00107430014759, 1.64724442584e-05, 3.13255469564e-07, 4.52881421253e-09, 5.47455303312e-10], "max": [0.578844189644, 11.8517456055, 45.1154098511, 147.900604248, 292.545806885, 214.803192139, 293.766143799, 411.87713623, 938.258239746, 475.466186523, 774.755004883, 1329.98571777, 2227.61694336, 1683.8112793, 1421.06542969, 2744.71289063, 3565.828125, 1584.31213379, 789.341003418, 2018.81689453, 696.128967285, 505.432647705, 593.835510254, 880.237365723, 1043.58776855, 318.296783447, 314.520751953, 759.046630859, 547.117980957, 528.614929199, 271.315002441, 124.972991943, 29.5181064606, 13.2690792084, 6.05805873871, 0.952171266079, 0.120600804687, 0.0159065127373, 0.00145315600093, 0.000177715628524], "mean": [0.0281863063574, 0.474479556084, 1.83944964409, 4.11049985886, 8.14161777496, 7.71340894699, 8.55203056335, 14.8217496872, 17.74010849, 9.99388790131, 12.4812402725, 21.3878993988, 34.0570678711, 27.4123401642, 17.6950359344, 37.2314758301, 43.3718338013, 18.1783256531, 16.6347942352, 16.3294963837, 13.7896614075, 15.549785614, 18.6629390717, 18.4428043365, 14.7988624573, 8.97095489502, 9.08993434906, 12.0007238388, 9.91975021362, 5.36547756195, 2.85042095184, 1.2385187149, 0.46355509758, 0.17514243722, 0.0684730559587, 0.0200388822705, 0.00328004127368, 0.000526766874827, 7.08434527041e-05, 2.44257626036e-05], "median": [0.00948198512197, 0.113929539919, 0.5945712924, 1.38875496387, 2.43147778511, 3.08494091034, 4.22726726532, 6.35155582428, 6.94266796112, 4.41372156143, 5.06366682053, 5.51216030121, 6.50805950165, 6.74565839767, 4.97390317917, 7.7916097641, 8.73301410675, 6.93183279037, 5.97362279892, 6.04074048996, 6.79637241364, 7.09305953979, 6.86436414719, 5.34808635712, 5.23723506927, 3.37806558609, 3.56414818764, 3.81240463257, 2.98190307617, 1.79644346237, 1.00570607185, 0.414835095406, 0.156815052032, 0.0753988549113, 0.030304569751, 0.00876206252724, 0.00158527679741, 0.000244486844167, 3.89015731344e-05, 1.73262633325e-05], "min": [8.48648130491e-22, 1.63234351897e-20, 1.70126769728e-20, 1.58412745187e-20, 6.23705297104e-20, 4.55678341518e-19, 1.57285756839e-19, 2.809669911e-19, 1.44375917999e-18, 1.0015322945e-18, 2.70062145007e-18, 1.94224303254e-18, 2.44993526645e-18, 3.07915935751e-18, 8.18345165558e-18, 8.84754285702e-18, 8.0203564542e-18, 4.43896260046e-18, 6.65411381698e-18, 8.1156675131e-18, 7.86860189902e-18, 9.91425512263e-18, 8.58326444157e-18, 9.82229828112e-18, 1.1825103549e-17, 1.49541301101e-17, 1.36500658124e-17, 1.8989386799e-17, 1.93963414624e-17, 2.44189953767e-17, 1.79029661281e-17, 1.41197513719e-17, 1.13365921859e-17, 1.4245190003e-17, 1.28991694503e-17, 5.98631064254e-18, 2.84688021726e-18, 1.05629764811e-18, 3.73595425726e-19, 3.24732109184e-20], "var": [0.00338127696887, 1.03166341782, 14.3560848236, 97.2805557251, 437.022033691, 220.731231689, 241.348464966, 780.865722656, 1250.10656738, 398.616760254, 755.207336426, 4367.22802734, 20051.2011719, 6149.29931641, 3636.41772461, 21173.9453125, 34908.9609375, 2272.77832031, 1932.06286621, 2941.76977539, 669.202087402, 1001.06066895, 1465.20202637, 2479.08203125, 1566.81176758, 259.07333374, 252.500762939, 723.836242676, 667.096679688, 207.2265625, 46.4875602722, 8.60370159149, 1.18526947498, 0.166608646512, 0.0255106519908, 0.0016406312352, 2.95825684589e-05, 7.00167106515e-07, 9.73804770155e-09, 5.03360242377e-10]}, "erbbands_crest": {"dmean": 2.54480600357, "dmean2": 4.02967405319, "dvar": 6.02512359619, "dvar2": 13.9079332352, "max": 32.4703216553, "mean": 9.1380443573, "median": 7.73365211487, "min": 2.07723736763, "var": 25.7702980042}, "erbbands_flatness_db": {"dmean": 0.0139602348208, "dmean2": 0.0200194139034, "dvar": 0.000180125993211, "dvar2": 0.000340128375683, "max": 0.32108348608, "mean": 0.16211476922, "median": 0.157484740019, "min": 0.0270300917327, "var": 0.00137748708948}, "erbbands_kurtosis": {"dmean": 0.738636910915, "dmean2": 1.16019034386, "dvar": 1.26138234138, "dvar2": 2.71685576439, "max": 28.5637340546, "mean": 0.113671764731, "median": -0.446733087301, "min": -1.74373984337, "var": 3.98458337784}, "erbbands_skewness": {"dmean": 0.336148798466, "dmean2": 0.513555765152, "dvar": 0.108988285065, "dvar2": 0.238681942225, "max": 4.24615859985, "mean": 0.320018291473, "median": 0.28696501255, "min": -4.06314754486, "var": 0.51391017437}, "erbbands_spread": {"dmean": 7.59500074387, "dmean2": 11.4143381119, "dvar": 58.128238678, "dvar2": 125.307472229, "max": 126.790672302, "mean": 40.4223937988, "median": 38.9236221313, "min": 4.07706451416, "var": 255.240020752}, "gfcc": {"cov": [[14992.7763672, 1519.84960938, -1029.98876953, 510.092315674, -615.536865234, 120.354393005, -141.4480896, -86.4508972168, -42.0420341492, -99.6482086182, -120.033332825, -103.674285889, -21.2912540436], [1519.84960938, 1144.58508301, 129.625732422, 40.9034996033, 157.090393066, -64.1583023071, 30.4967937469, -76.5406951904, 67.1808242798, -83.2128448486, 2.09306550026, -85.3490524292, 33.1722259521], [-1029.98876953, 129.625732422, 635.215881348, 141.588623047, 127.509719849, 51.8138275146, -67.0987930298, 34.6692771912, 18.2940635681, -1.79261291027, -8.41023826599, -43.5749778748, 8.84677505493], [510.092315674, 40.9034996033, 141.588623047, 265.127624512, 2.19545245171, 59.0059432983, -8.72201061249, 17.8162326813, 25.7696857452, -8.76828098297, 0.852492511272, -18.8256549835, 0.873696506023], [-615.536865234, 157.090393066, 127.509719849, 2.19545245171, 298.639556885, 24.825422287, 55.8391914368, 20.6610622406, 8.53589725494, 5.55548143387, 8.39991378784, -4.84201812744, -11.9343070984], [120.354393005, -64.1583023071, 51.8138275146, 59.0059432983, 24.825422287, 186.003601074, 50.4952812195, 23.1415863037, 11.7593669891, 25.0236644745, 10.1042518616, -0.830437302589, -7.74101734161], [-141.4480896, 30.4967937469, -67.0987930298, -8.72201061249, 55.8391914368, 50.4952812195, 184.410140991, 38.945854187, 11.9204835892, 2.05042123795, 6.1574139595, 19.5012702942, -5.54275226593], [-86.4508972168, -76.5406951904, 34.6692771912, 17.8162326813, 20.6610622406, 23.1415863037, 38.945854187, 108.472457886, 27.1118450165, 17.2009983063, -0.141126558185, 12.275185585, 3.5264647007], [-42.0420341492, 67.1808242798, 18.2940635681, 25.7696857452, 8.53589725494, 11.7593669891, 11.9204835892, 27.1118450165, 104.455413818, 26.9571208954, 9.618309021, -1.21698415279, 7.79047822952], [-99.6482086182, -83.2128448486, -1.79261291027, -8.76828098297, 5.55548143387, 25.0236644745, 2.05042123795, 17.2009983063, 26.9571208954, 82.8213729858, 31.6287841797, 19.3986167908, -3.02282643318], [-120.033332825, 2.09306550026, -8.41023826599, 0.852492511272, 8.39991378784, 10.1042518616, 6.1574139595, -0.141126558185, 9.618309021, 31.6287841797, 74.3346328735, 29.8919334412, -1.38275337219], [-103.674285889, -85.3490524292, -43.5749778748, -18.8256549835, -4.84201812744, -0.830437302589, 19.5012702942, 12.275185585, -1.21698415279, 19.3986167908, 29.8919334412, 82.9240188599, 17.6814022064], [-21.2912540436, 33.1722259521, 8.84677505493, 0.873696506023, -11.9343070984, -7.74101734161, -5.54275226593, 3.5264647007, 7.79047822952, -3.02282643318, -1.38275337219, 17.6814022064, 74.4208374023]], "icov": [[0.000211763050174, -0.000582984241191, 0.000584677269217, -0.000591306190472, 0.00045327382395, -0.000441321055405, 0.000536913925316, -0.000559562759008, 0.000646669301204, -0.00055308570154, 0.00070420326665, -0.000376140233129, 0.000363458355423], [-0.000582984241191, 0.00307042500935, -0.00179187988397, 0.00157272012439, -0.00193324836437, 0.00179274170659, -0.00209390721284, 0.00282021891326, -0.00315761216916, 0.00309096346609, -0.00307866022922, 0.00258717639372, -0.00196977029555], [0.000584677269217, -0.00179187988397, 0.00394444400445, -0.0025834555272, 0.000195664382773, -0.00176789844409, 0.00289793987758, -0.00255818921141, 0.00203950726427, -0.00163815135602, 0.002039040206, -0.000377337215468, 0.000559455831535], [-0.000591306190472, 0.00157272012439, -0.0025834555272, 0.0064824144356, -0.000727860839106, -0.000223311319132, -0.0012474427931, 0.00114502070937, -0.0029091371689, 0.00298983370885, -0.00265522371046, 0.00147986633237, -0.000901257211808], [0.00045327382395, -0.00193324836437, 0.000195664382773, -0.000727860839106, 0.00547059252858, -0.00109917146619, -0.000241145622567, -0.00175005267374, 0.00194452749565, -0.00197086669505, 0.00151504867245, -0.00131478265394, 0.00186151522212], [-0.000441321055405, 0.00179274170659, -0.00176789844409, -0.000223311319132, -0.00109917146619, 0.00802020262927, -0.00354480743408, 0.00152797996998, -0.00133628433105, -0.000668135995511, -0.00197173655033, 0.00195071985945, -0.000778372515924], [0.000536913925316, -0.00209390721284, 0.00289793987758, -0.0012474427931, -0.000241145622567, -0.00354480743408, 0.00933700986207, -0.00439018476754, 0.00158084521536, -0.000346346554579, 0.00213316641748, -0.00288815912791, 0.00179941137321], [-0.000559562759008, 0.00282021891326, -0.00255818921141, 0.00114502070937, -0.00175005267374, 0.00152797996998, -0.00439018476754, 0.0141247930005, -0.00508071249351, 0.000864222180098, -0.000794022285845, 0.000362121791113, -0.00177832494956], [0.000646669301204, -0.00315761216916, 0.00203950726427, -0.0029091371689, 0.00194452749565, -0.00133628433105, 0.00158084521536, -0.00508071249351, 0.0149056920782, -0.00702985702083, 0.00255384924822, -0.000665715138894, 0.000275235506706], [-0.00055308570154, 0.00309096346609, -0.00163815135602, 0.00298983370885, -0.00197086669505, -0.000668135995511, -0.000346346554579, 0.000864222180098, -0.00702985702083, 0.0204934310168, -0.00890689715743, 0.000572839286178, -0.000561950611882], [0.00070420326665, -0.00307866022922, 0.002039040206, -0.00265522371046, 0.00151504867245, -0.00197173655033, 0.00213316641748, -0.000794022285845, 0.00255384924822, -0.00890689715743, 0.0218447055668, -0.0086178118363, 0.00342112453654], [-0.000376140233129, 0.00258717639372, -0.000377337215468, 0.00147986633237, -0.00131478265394, 0.00195071985945, -0.00288815912791, 0.000362121791113, -0.000665715138894, 0.000572839286178, -0.0086178118363, 0.0192229039967, -0.00610780343413], [0.000363458355423, -0.00196977029555, 0.000559455831535, -0.000901257211808, 0.00186151522212, -0.000778372515924, 0.00179941137321, -0.00177832494956, 0.000275235506706, -0.000561950611882, 0.00342112453654, -0.00610780343413, 0.016262056306]], "mean": [-36.9131546021, 94.9912261963, -133.484390259, 41.793258667, -66.4317321777, 8.01103210449, -34.0930747986, -4.52776813507, -21.392698288, -3.48398470879, -14.1605539322, -0.149593919516, -11.4173583984]}, "hfc": {"dmean": 4.35526943207, "dmean2": 5.87734746933, "dvar": 61.627822876, "dvar2": 111.671028137, "max": 229.976104736, "mean": 15.9216794968, "median": 9.30050563812, "min": 1.12796240917e-16, "var": 379.587615967}, "melbands": {"dmean": [0.000270102435024, 0.000611392839346, 0.000759595772251, 0.000544643960893, 0.000178785499884, 0.000180015005753, 0.000161237854627, 6.81749370415e-05, 6.72135647619e-05, 7.47258382034e-05, 8.18269691081e-05, 6.15826211288e-05, 3.15118450089e-05, 4.54533656011e-05, 5.59266300115e-05, 3.53712057404e-05, 1.8231865397e-05, 1.60981489898e-05, 1.56336227519e-05, 8.78916398506e-06, 1.00159568319e-05, 7.27600081518e-06, 1.07622709038e-05, 1.02705516838e-05, 6.86915382175e-06, 7.20240859664e-06, 3.83178348784e-06, 2.84334896605e-06, 2.63155607172e-06, 3.05523599309e-06, 3.81124232263e-06, 3.18713887282e-06, 2.30173895943e-06, 1.38644043091e-06, 1.01617547443e-06, 5.98428982812e-07, 3.75648681938e-07, 2.0161647285e-07, 1.19946619748e-07, 6.59899086486e-08], "dmean2": [0.000412386667449, 0.000986668048427, 0.0012964149937, 0.000937738106586, 0.000292060605716, 0.000283970119199, 0.000252071826253, 0.000109813357994, 0.000104984042991, 0.000110034292447, 0.000115746363008, 9.36129290494e-05, 4.59928996861e-05, 6.5606815042e-05, 7.73643696448e-05, 5.19513778272e-05, 2.72150737146e-05, 2.47661682806e-05, 2.41756351897e-05, 1.36036978802e-05, 1.59893315868e-05, 1.14210542961e-05, 1.66921054188e-05, 1.60223680723e-05, 1.05392418845e-05, 1.15008760986e-05, 5.90361059949e-06, 4.44022361989e-06, 4.06231174566e-06, 4.66563096779e-06, 5.68770974496e-06, 4.72644387628e-06, 3.39426173923e-06, 2.02846058528e-06, 1.51468032072e-06, 8.77966499502e-07, 5.46688170289e-07, 2.91751575787e-07, 1.77891465114e-07, 9.59541139878e-08], "dvar": [4.80416701976e-07, 2.6064199119e-06, 4.64043796455e-06, 2.54468795902e-06, 1.37276529699e-07, 1.47926343175e-07, 1.6522223234e-07, 3.9426780063e-08, 4.99487633476e-08, 8.12584772802e-08, 1.0475584844e-07, 4.66485197137e-08, 1.8017860981e-08, 2.75398566174e-08, 4.73557939529e-08, 1.76713363942e-08, 3.55995699586e-09, 2.9432785098e-09, 4.23124602023e-09, 1.25047006083e-09, 4.31059382633e-10, 2.48515458212e-10, 9.41939304333e-10, 7.59436680209e-10, 4.28757751525e-10, 6.55336229727e-10, 1.88904142329e-10, 3.91225801755e-11, 3.34909669442e-11, 5.94229596085e-11, 1.22876986364e-10, 1.30573163393e-10, 8.68483687744e-11, 2.45262699039e-11, 1.16878529424e-11, 3.55924317796e-12, 1.56437124539e-12, 3.45352788251e-13, 1.45718886176e-13, 5.37689027146e-14], "dvar2": [1.03037075405e-06, 6.26152268524e-06, 1.23160607473e-05, 6.96306551617e-06, 3.44459778034e-07, 3.52832330464e-07, 3.85740577258e-07, 1.02791283041e-07, 1.2417342532e-07, 1.58899339908e-07, 1.71608988353e-07, 1.06761113727e-07, 3.53330769087e-08, 4.74602508405e-08, 7.80345530416e-08, 3.44007560216e-08, 7.01504898615e-09, 6.57287291261e-09, 9.20610787603e-09, 2.46364773027e-09, 9.55212575704e-10, 5.33688759852e-10, 2.10438488857e-09, 1.69380576232e-09, 9.4035035314e-10, 1.55952151193e-09, 3.99654670469e-10, 9.4455950006e-11, 7.82176476366e-11, 1.28028823654e-10, 2.38310815526e-10, 2.76312139835e-10, 1.71424541229e-10, 4.71940021785e-11, 2.50792216855e-11, 7.81733185129e-12, 3.56840230108e-12, 6.63273309973e-13, 3.25666712564e-13, 1.12489011161e-13], "max": [0.00854685809463, 0.0191567279398, 0.0279808752239, 0.020709162578, 0.00806117895991, 0.00885712169111, 0.0137188499793, 0.00446181045845, 0.007585845422, 0.00832348782569, 0.0111951390281, 0.00654968386516, 0.00609596678987, 0.00660808617249, 0.00964763015509, 0.00673931092024, 0.00292512052692, 0.00164976366796, 0.00187513884157, 0.00190459785517, 0.000905859575141, 0.000415626593167, 0.00144919205923, 0.00105530535802, 0.000738461618312, 0.000992734101601, 0.000962522113696, 0.000160599433002, 0.000165331512108, 0.000349606765667, 0.000474661792396, 0.000374846888008, 0.000364043400623, 0.000273544195807, 0.000195426458959, 8.34179154481e-05, 6.60080768284e-05, 2.35347724811e-05, 1.51978729264e-05, 1.17436993605e-05], "mean": [0.000378235243261, 0.000863445049617, 0.000835491984617, 0.000618557445705, 0.000293280958431, 0.000325700588292, 0.00026335316943, 0.000100441975519, 0.000108044783701, 0.00014397178893, 0.000171543069882, 0.000114901122288, 5.34536302439e-05, 8.73031458468e-05, 0.000111306020699, 6.87859064783e-05, 2.96096877719e-05, 2.51385008596e-05, 2.56855855696e-05, 1.53948712978e-05, 1.65994770214e-05, 1.38586847243e-05, 1.97567460418e-05, 1.8967588403e-05, 1.40317642945e-05, 1.3221174413e-05, 7.30609326638e-06, 5.44291333426e-06, 5.25834821019e-06, 6.07026913713e-06, 7.54344046072e-06, 5.94111043029e-06, 4.16103739553e-06, 2.5548956728e-06, 1.78265315753e-06, 1.0358921827e-06, 6.38457834157e-07, 3.4291144857e-07, 2.11491908431e-07, 1.24388449763e-07], "median": [0.000100374716567, 0.000274315651041, 0.000283246248728, 0.000209189311136, 0.000149566345499, 0.000141176744364, 0.000105331433588, 4.37842536485e-05, 4.05172540923e-05, 3.27955785906e-05, 3.06560505123e-05, 2.54128444794e-05, 1.10411974674e-05, 1.71292267623e-05, 1.98338511836e-05, 1.57910453709e-05, 1.06962606878e-05, 8.23799382488e-06, 8.4627954493e-06, 6.18770127403e-06, 7.84839266998e-06, 6.63015816826e-06, 5.45638886251e-06, 5.32238891537e-06, 3.21582251672e-06, 4.4022003749e-06, 2.4508660772e-06, 1.93389405467e-06, 1.90353989638e-06, 2.04903722079e-06, 2.2504300432e-06, 1.69923987414e-06, 1.23487825476e-06, 8.44596854677e-07, 6.19521358658e-07, 3.13523742079e-07, 2.06820416793e-07, 1.04428423242e-07, 8.06719455682e-08, 5.52466694614e-08], "min": [1.39425043437e-23, 1.53932873905e-23, 2.71875921439e-24, 1.90254727885e-23, 9.81195291333e-24, 5.88485620459e-24, 2.21834107876e-23, 1.18936669121e-23, 2.13189612304e-23, 1.27396200476e-23, 1.22559094732e-23, 1.19393040932e-23, 1.95761576538e-23, 3.34303348197e-23, 1.77819235016e-23, 1.24847067458e-23, 8.65227689556e-24, 1.16753772667e-23, 8.64843987612e-24, 1.2371799451e-23, 9.23065393405e-24, 1.12816725661e-23, 8.21923959025e-24, 7.89549107475e-24, 7.64132561311e-24, 8.61094847274e-24, 8.04312165999e-24, 1.05516251857e-23, 9.46501740924e-24, 7.347701329e-24, 1.26558643187e-23, 1.06801858474e-23, 1.24217564344e-23, 1.39174800981e-23, 1.10238704557e-23, 8.35681141009e-24, 8.23112220207e-24, 7.34664425538e-24, 7.97609924863e-24, 1.37273567313e-23], "var": [6.72910459798e-07, 2.94594337902e-06, 3.75657577933e-06, 1.92761467588e-06, 2.38840840439e-07, 3.59435375685e-07, 2.64006331463e-07, 4.13917788933e-08, 6.50690665793e-08, 2.31897857361e-07, 4.90886236548e-07, 1.14440545929e-07, 4.78854005337e-08, 1.15885278262e-07, 2.17332285501e-07, 7.13926766593e-08, 7.52031414919e-09, 5.35600053198e-09, 7.89619658548e-09, 2.5376567514e-09, 1.01338248903e-09, 6.71319166923e-10, 3.3776259567e-09, 2.52299603432e-09, 1.70687508572e-09, 1.55097712451e-09, 4.41809033802e-10, 9.84164763573e-11, 9.60164725505e-11, 1.60416874229e-10, 3.28385596493e-10, 2.57197985132e-10, 1.54768878269e-10, 4.69244157419e-11, 1.97253689077e-11, 6.13952725464e-12, 2.41940582152e-12, 7.06237206303e-13, 2.39893825291e-13, 9.37931305431e-14]}, "melbands_crest": {"dmean": 3.10177111626, "dmean2": 4.99569606781, "dvar": 8.22936725616, "dvar2": 20.1498203278, "max": 32.2893180847, "mean": 12.837182045, "median": 12.0918655396, "min": 2.79545497894, "var": 24.0295619965}, "melbands_flatness_db": {"dmean": 0.0248640310019, "dmean2": 0.0368807092309, "dvar": 0.000735125038773, "dvar2": 0.00154812191613, "max": 0.482029169798, "mean": 0.173926189542, "median": 0.167471691966, "min": 0.00629639765248, "var": 0.00360946450382}, "melbands_kurtosis": {"dmean": 6.50742149353, "dmean2": 10.2214860916, "dvar": 138.800720215, "dvar2": 305.315734863, "max": 236.882980347, "mean": 11.5389642715, "median": 5.80805444717, "min": -1.81618785858, "var": 274.814208984}, "melbands_skewness": {"dmean": 0.691061496735, "dmean2": 1.04426157475, "dvar": 0.675236225128, "dvar2": 1.41537809372, "max": 13.1208953857, "mean": 2.38639569283, "median": 2.12182164192, "min": -1.75593757629, "var": 2.49466824532}, "melbands_spread": {"dmean": 7.66313314438, "dmean2": 11.5345058441, "dvar": 96.5549850464, "dvar2": 193.437026978, "max": 207.668807983, "mean": 28.3524646759, "median": 23.1593799591, "min": 1.00967395306, "var": 561.333862305}, "mfcc": {"cov": [[8452.44335938, 389.266723633, -267.342559814, 230.294219971, -361.246063232, 139.980072021, -140.006622314, 101.814109802, 6.10370588303, 26.7823219299, -3.69840097427, -34.0727081299, -48.6214637756], [389.266723633, 1117.68664551, 0.213111042976, 127.554420471, 129.229187012, 46.0807380676, 18.2778568268, 17.3974666595, 25.260433197, 17.5765590668, -4.19636535645, -32.8843994141, -9.36184597015], [-267.342559814, 0.213111042976, 488.162628174, 74.8583679199, 143.935348511, 39.009803772, -6.90364456177, -3.00342655182, 7.37531375885, 43.1530685425, -34.5751457214, 12.8578023911, 0.180241435766], [230.294219971, 127.554420471, 74.8583679199, 203.039550781, 65.3454666138, 22.8057060242, 13.4309110641, 29.2188110352, 14.5998477936, 18.2068538666, 1.50169408321, -11.4902648926, -3.52142310143], [-361.246063232, 129.229187012, 143.935348511, 65.3454666138, 242.777267456, 31.8659858704, 20.9270420074, -4.7856798172, 14.7244625092, 32.6235771179, -18.2031097412, 24.0396385193, 11.863237381], [139.980072021, 46.0807380676, 39.009803772, 22.8057060242, 31.8659858704, 141.558273315, 44.3941421509, 28.7708511353, 21.1294193268, 8.5759563446, 22.8980388641, 22.4104938507, 13.7419652939], [-140.006622314, 18.2778568268, -6.90364456177, 13.4309110641, 20.9270420074, 44.3941421509, 140.999435425, 42.2019691467, 15.3268604279, 0.938749313354, 12.7535543442, 20.9746799469, -0.855187773705], [101.814109802, 17.3974666595, -3.00342655182, 29.2188110352, -4.7856798172, 28.7708511353, 42.2019691467, 105.585350037, 34.7575111389, 12.5828952789, 24.1209335327, 1.62227058411, 1.81918478012], [6.10370588303, 25.260433197, 7.37531375885, 14.5998477936, 14.7244625092, 21.1294193268, 15.3268604279, 34.7575111389, 90.6645736694, 31.9584751129, 5.47965097427, -2.53500056267, 5.87078857422], [26.7823219299, 17.5765590668, 43.1530685425, 18.2068538666, 32.6235771179, 8.5759563446, 0.938749313354, 12.5828952789, 31.9584751129, 89.0183639526, 17.3518180847, -2.85668635368, -3.22927546501], [-3.69840097427, -4.19636535645, -34.5751457214, 1.50169408321, -18.2031097412, 22.8980388641, 12.7535543442, 24.1209335327, 5.47965097427, 17.3518180847, 95.3223342896, 30.8631095886, 4.86432695389], [-34.0727081299, -32.8843994141, 12.8578023911, -11.4902648926, 24.0396385193, 22.4104938507, 20.9746799469, 1.62227058411, -2.53500056267, -2.85668635368, 30.8631095886, 98.0711288452, 28.117898941], [-48.6214637756, -9.36184597015, 0.180241435766, -3.52142310143, 11.863237381, 13.7419652939, -0.855187773705, 1.81918478012, 5.87078857422, -3.22927546501, 4.86432695389, 28.117898941, 76.4044036865]], "icov": [[0.000156889043865, -5.99008817517e-05, 8.75320547493e-05, -0.000248816271778, 0.000344545842381, -0.00027636543382, 0.000272249075351, -0.000157392540132, 0.000101397308754, -0.000197260116693, 0.000265007343842, -0.000205960124731, 0.000126625527628], [-5.99008817517e-05, 0.00106959335972, 0.000218870016397, -0.000413295114413, -0.000729176215827, -0.000165837162058, -6.6030632297e-05, 0.000103729049442, -0.000151337895659, 0.00016329762002, -0.000182702162419, 0.000534745806362, 4.657862155e-05], [8.75320547493e-05, 0.000218870016397, 0.00284799118526, -0.000797626504209, -0.00113127473742, -0.000907580659259, 0.000724325538613, -0.000247570307693, 0.000494263891596, -0.00121095753275, 0.00139573705383, -0.000617371872067, 0.00044111115858], [-0.000248816271778, -0.000413295114413, -0.000797626504209, 0.00657036388293, -0.00170347082894, 0.00024918228155, -0.000414409354562, -0.00133914058097, -3.54895273631e-05, 0.0002261588088, -0.000913440482691, 0.00144825421739, -0.000119887867186], [0.000344545842381, -0.000729176215827, -0.00113127473742, -0.00170347082894, 0.00700490921736, -0.000995488488115, -0.000235959145357, 0.000714669469744, -2.12164250115e-05, -0.00213153846562, 0.00217232131399, -0.00230034533888, -0.000254389247857], [-0.00027636543382, -0.000165837162058, -0.000907580659259, 0.00024918228155, -0.000995488488115, 0.00943863298744, -0.00262133940123, -0.000462478259578, -0.00143776799086, 0.000957235402893, -0.00228216289543, -0.000250417593634, -0.00135555560701], [0.000272249075351, -6.6030632297e-05, 0.000724325538613, -0.000414409354562, -0.000235959145357, -0.00262133940123, 0.00959055311978, -0.00353858130984, 0.000114934315206, 0.000140015632496, 0.00106993655208, -0.00218911515549, 0.00157865195069], [-0.000157392540132, 0.000103729049442, -0.000247570307693, -0.00133914058097, 0.000714669469744, -0.000462478259578, -0.00353858130984, 0.0135864950716, -0.00432239007205, 0.000486879522214, -0.003027188126, 0.00130982813425, -0.00047607626766], [0.000101397308754, -0.000151337895659, 0.000494263891596, -3.54895273631e-05, -2.12164250115e-05, -0.00143776799086, 0.000114934315206, -0.00432239007205, 0.0148069402203, -0.00514121260494, 0.00162657746114, 0.000355664204108, -0.00118021143135], [-0.000197260116693, 0.00016329762002, -0.00121095753275, 0.0002261588088, -0.00213153846562, 0.000957235402893, 0.000140015632496, 0.000486879522214, -0.00514121260494, 0.0151998903602, -0.00435109436512, 0.00192658882588, 0.000662005622871], [0.000265007343842, -0.000182702162419, 0.00139573705383, -0.000913440482691, 0.00217232131399, -0.00228216289543, 0.00106993655208, -0.003027188126, 0.00162657746114, -0.00435109436512, 0.0150475539267, -0.00556731503457, 0.00104004330933], [-0.000205960124731, 0.000534745806362, -0.000617371872067, 0.00144825421739, -0.00230034533888, -0.000250417593634, -0.00218911515549, 0.00130982813425, 0.000355664204108, 0.00192658882588, -0.00556731503457, 0.0147825274616, -0.00468244915828], [0.000126625527628, 4.657862155e-05, 0.00044111115858, -0.000119887867186, -0.000254389247857, -0.00135555560701, 0.00157865195069, -0.00047607626766, -0.00118021143135, 0.000662005622871, 0.00104004330933, -0.00468244915828, 0.0152559420094]], "mean": [-665.231140137, 113.947494507, -7.43408966064, 28.9858856201, -8.86109447479, 11.2493343353, -8.3770866394, 3.08294677734, -7.06447124481, -4.58712005615, -0.884264111519, -1.27620506287, -4.58174705505]}, "pitch_salience": {"dmean": 0.0653581395745, "dmean2": 0.104593612254, "dvar": 0.00343124940991, "dvar2": 0.00861123669893, "max": 0.875402987003, "mean": 0.559475421906, "median": 0.567063271999, "min": 0.0880563855171, "var": 0.0105535592884}, "silence_rate_20dB": {"dmean": 0, "dmean2": 0, "dvar": 0, "dvar2": 0, "max": 1, "mean": 1, "median": 1, "min": 1, "var": 0}, "silence_rate_30dB": {"dmean": 0.000219925219426, "dmean2": 0.000439898809418, "dvar": 0.000219853405724, "dvar2": 0.000659560901113, "max": 1, "mean": 0.99989002943, "median": 1, "min": 0, "var": 0.00010993257456}, "silence_rate_60dB": {"dmean": 0.0274906530976, "dmean2": 0.0549873523414, "dvar": 0.0267379079014, "dvar2": 0.0629647821188, "max": 1, "mean": 0.0824628919363, "median": 0, "min": 0, "var": 0.0756657570601}, "spectral_centroid": {"dmean": 269.832458496, "dmean2": 403.365997314, "dvar": 95543.1953125, "dvar2": 190740.25, "max": 11086.9775391, "mean": 1498.65100098, "median": 1414.65148926, "min": 204.719284058, "var": 519752.0625}, "spectral_complexity": {"dmean": 2.76402020454, "dmean2": 4.22940731049, "dvar": 9.79465293884, "dvar2": 20.0574398041, "max": 50, "mean": 16.1406269073, "median": 15, "min": 0, "var": 64.7358779907}, "spectral_contrast_coeffs": {"dmean": [0.0529979206622, 0.0445991903543, 0.0368293188512, 0.0296358093619, 0.0229730103165, 0.0195881053805], "dmean2": [0.0871972367167, 0.0722667649388, 0.0580774098635, 0.0470709875226, 0.0360127054155, 0.0292582288384], "dvar": [0.00228038616478, 0.00141237315256, 0.00102043745574, 0.00061528844526, 0.000377339834813, 0.000310033472488], "dvar2": [0.0057348026894, 0.00369324791245, 0.00230793002993, 0.00144539878238, 0.000851142103784, 0.000657625379972], "max": [-0.288760632277, -0.390378028154, -0.395529031754, -0.470655828714, -0.604925572872, -0.497261732817], "mean": [-0.639003276825, -0.725757777691, -0.744887650013, -0.765376746655, -0.76858907938, -0.709168851376], "median": [-0.647120416164, -0.729629933834, -0.75280046463, -0.771032810211, -0.769930183887, -0.711806297302], "min": [-0.945016920567, -0.959249556065, -0.960022330284, -0.962180972099, -0.953875899315, -0.961505353451], "var": [0.00780554767698, 0.00539120845497, 0.00563529646024, 0.00364780146629, 0.00232746894471, 0.00297805597074]}, "spectral_contrast_valleys": {"dmean": [0.431632339954, 0.357357889414, 0.301128685474, 0.255138963461, 0.23788587749, 0.287556231022], "dmean2": [0.681985855103, 0.564648509026, 0.474176734686, 0.384012192488, 0.32472205162, 0.354871332645], "dvar": [0.172099456191, 0.129401475191, 0.0891964510083, 0.0696094408631, 0.0764968469739, 0.118724577129], "dvar2": [0.361508101225, 0.286146193743, 0.186548694968, 0.125027835369, 0.116509728134, 0.181782364845], "max": [-5.43244981766, -4.50477170944, -5.4515337944, -5.59844970703, -5.75354290009, -7.69605493546], "mean": [-7.77322626114, -7.06745862961, -7.78134536743, -8.09806442261, -7.93823719025, -10.7195940018], "median": [-7.53411865234, -6.881503582, -7.59720659256, -7.91667699814, -7.81244325638, -10.5812311172], "min": [-28.3923454285, -27.1636333466, -27.2771568298, -27.2516136169, -27.3039703369, -27.2665348053], "var": [1.98102629185, 1.66723823547, 1.50461089611, 1.39810597897, 1.41949725151, 1.321616292]}, "spectral_decrease": {"dmean": 1.79644643605e-09, "dmean2": 2.74786815524e-09, "dvar": 1.22186827019e-17, "dvar2": 2.95051949601e-17, "max": -1.18302305172e-28, "mean": -4.31848024007e-09, "median": -2.93744162327e-09, "min": -3.43069181952e-08, "var": 1.91851523259e-17}, "spectral_energy": {"dmean": 0.00708509515971, "dmean2": 0.0107730645686, "dvar": 0.000181709576282, "dvar2": 0.000437184731709, "max": 0.135274469852, "mean": 0.0177430976182, "median": 0.0121351340786, "min": 1.06774484874e-20, "var": 0.000311327166855}, "spectral_energyband_high": {"dmean": 0.000311675074045, "dmean2": 0.000425966427429, "dvar": 7.33361559924e-07, "dvar2": 1.35686059366e-06, "max": 0.0368515513837, "mean": 0.000781920622103, "median": 0.000305084889987, "min": 7.66871471859e-21, "var": 2.09835934584e-06}, "spectral_energyband_low": {"dmean": 0.00286815292202, "dmean2": 0.00454303668812, "dvar": 4.96277280035e-05, "dvar2": 0.000114173686597, "max": 0.0738390758634, "mean": 0.00425565429032, "median": 0.00153358408716, "min": 7.84510242665e-23, "var": 6.07242036494e-05}, "spectral_energyband_middle_high": {"dmean": 0.00147226522677, "dmean2": 0.00204731011763, "dvar": 9.15455348149e-06, "dvar2": 1.62774867931e-05, "max": 0.0894332528114, "mean": 0.00484227668494, "median": 0.00227701640688, "min": 1.66057669173e-21, "var": 6.60313380649e-05}, "spectral_energyband_middle_low": {"dmean": 0.00484776170924, "dmean2": 0.00783164612949, "dvar": 0.000121026292618, "dvar2": 0.000312276126351, "max": 0.121162638068, "mean": 0.00883511733264, "median": 0.00524277845398, "min": 4.29802016346e-22, "var": 0.000134341666126}, "spectral_entropy": {"dmean": 0.144125044346, "dmean2": 0.209699556231, "dvar": 0.0223768595606, "dvar2": 0.0475430898368, "max": 9.79599475861, "mean": 7.5666642189, "median": 7.58154201508, "min": 5.41766119003, "var": 0.121105760336}, "spectral_flux": {"dmean": 0.0237187631428, "dmean2": 0.0369987599552, "dvar": 0.00110421772115, "dvar2": 0.00228489167057, "max": 0.339495539665, "mean": 0.068713657558, "median": 0.0537609681487, "min": 1.03331738999e-10, "var": 0.002466956852}, "spectral_kurtosis": {"dmean": 1.25109624863, "dmean2": 2.10764408112, "dvar": 1.96615386009, "dvar2": 5.24402809143, "max": 32.1146240234, "mean": 3.05791568756, "median": 2.59372234344, "min": -1.20683956146, "var": 4.97146558762}, "spectral_rms": {"dmean": 0.00071096397005, "dmean2": 0.00103581440635, "dvar": 1.12620466552e-06, "dvar2": 2.46242825597e-06, "max": 0.0114880409092, "mean": 0.00373302586377, "median": 0.00344080734067, "min": 3.22754128111e-12, "var": 3.3748262922e-06}, "spectral_rolloff": {"dmean": 504.711730957, "dmean2": 809.385375977, "dvar": 540021.25, "dvar2": 1082214, "max": 18195.5566406, "mean": 1851.67407227, "median": 1335.05859375, "min": 107.666015625, "var": 4372105}, "spectral_skewness": {"dmean": 0.185231342912, "dmean2": 0.290911763906, "dvar": 0.0313836298883, "dvar2": 0.0740877687931, "max": 4.22351884842, "mean": 1.21885442734, "median": 1.21298313141, "min": -0.0864367261529, "var": 0.159105449915}, "spectral_spread": {"dmean": 358242.125, "dmean2": 513577.9375, "dvar": 238518583296, "dvar2": 362733010944