{"lowlevel": {"average_loudness": 0.925727784634, "barkbands": {"dmean": [4.52356071037e-05, 0.00238907942548, 0.000631324888673, 0.00128923694137, 0.00348169053905, 0.00150038197171, 0.00160282221623, 0.00151048752014, 0.000866137095727, 0.00051139673451, 0.000394228758523, 0.000472851796076, 0.00038335044519, 0.000425715872552, 0.000310893490678, 0.000147093669511, 9.25120693864e-05, 9.11576644285e-05, 7.59262911743e-05, 4.20973992732e-05, 4.3897798605e-05, 2.49978711508e-05, 1.72432264662e-05, 1.90457776625e-05, 2.16603966692e-05, 1.3357572243e-05, 2.23262895815e-06], "dmean2": [7.0151516411e-05, 0.00382692948915, 0.00107809260953, 0.00212590117007, 0.00566861638799, 0.00231095310301, 0.00243667745963, 0.00218136445619, 0.00124200514983, 0.000760127615649, 0.000624698936008, 0.000735756650101, 0.000589734467212, 0.000638522615191, 0.000466897850856, 0.000229735233006, 0.000140586358611, 0.000141039970913, 0.000113304922706, 6.36022159597e-05, 6.65049956297e-05, 3.73740876967e-05, 2.60477972915e-05, 2.92860622721e-05, 3.21940387948e-05, 1.93072082766e-05, 3.96283166992e-06], "dvar": [7.41345829169e-09, 1.57716021931e-05, 1.50020764522e-06, 3.90562399843e-06, 5.50891309103e-05, 5.5263858485e-06, 6.31698048892e-06, 1.08191588879e-05, 4.06924573326e-06, 1.36320511501e-06, 1.03815114016e-06, 1.1537009641e-06, 6.59164072658e-07, 8.1023807752e-07, 9.76068349701e-07, 1.17068985617e-07, 4.42309300297e-08, 3.50680195993e-08, 1.97152907333e-08, 1.18088090417e-08, 1.57132244993e-08, 3.35714878119e-09, 1.39097655616e-09, 1.69847014231e-09, 2.14373763185e-09, 9.90440951476e-10, 5.09178983699e-11], "dvar2": [1.72199410287e-08, 4.20709839091e-05, 4.25198231824e-06, 1.0089153875e-05, 0.000141286611324, 1.260697627e-05, 1.41076570799e-05, 2.02935989364e-05, 6.72673058943e-06, 2.75803586192e-06, 2.67628684014e-06, 2.76416380984e-06, 1.46974855397e-06, 1.68061592376e-06, 2.04592402042e-06, 2.44551614514e-07, 8.68045830771e-08, 7.93980206026e-08, 3.8965531246e-08, 2.29241692296e-08, 3.42331034631e-08, 6.97294177954e-09, 2.81708700811e-09, 4.00157595948e-09, 5.051171037e-09, 2.29850694033e-09, 1.41611389282e-10], "max": [0.00135591404978, 0.0391814000905, 0.026544958353, 0.0255323145539, 0.141220226884, 0.0458410270512, 0.047952067107, 0.0654324814677, 0.0446944385767, 0.0265716761351, 0.0180474761873, 0.0245788916945, 0.0140269417316, 0.0241456907243, 0.0238970927894, 0.0122462343425, 0.00681535061449, 0.00654381141067, 0.00391849456355, 0.0067066824995, 0.00361827109009, 0.00164102145936, 0.00126843294129, 0.000878748542164, 0.000852964876685, 0.000633826595731, 0.000158307069796], "mean": [6.46088083158e-05, 0.00445561669767, 0.000876337115187, 0.00194928457495, 0.00561562040821, 0.00340064824559, 0.00310151721351, 0.00312916026451, 0.001752916025, 0.00099359289743, 0.000609949114732, 0.000799569534138, 0.000705311016645, 0.000774223357439, 0.000499770685565, 0.000265010225121, 0.000187586178072, 0.000183950192877, 0.000175278488314, 8.29584678286e-05, 8.45537797431e-05, 4.29366300523e-05, 2.99037565128e-05, 3.04571440211e-05, 3.56406890205e-05, 1.86394863704e-05, 1.96195492208e-06], "median": [1.46601878441e-05, 0.00266607711092, 0.000452958862297, 0.00111403502524, 0.00268686609343, 0.00174327124842, 0.00150103203487, 0.000662386300974, 0.000391472218325, 0.000329177011736, 0.000177228081156, 0.000265047769062, 0.000181106675882, 0.000239010885707, 0.000139486190164, 0.000129306572489, 8.5586507339e-05, 8.62326924107e-05, 8.39762578835e-05, 3.43648607668e-05, 3.03883880406e-05, 1.40628862937e-05, 1.06963998405e-05, 1.14210870379e-05, 1.34851525218e-05, 3.82192411053e-06, 1.42881717125e-07], "min": [2.28714516206e-25, 6.23874887021e-25, 3.48414741547e-25, 6.75807030222e-25, 6.06533219691e-24, 7.452956673e-24, 9.60631896345e-24, 7.98966450075e-24, 1.37933559901e-23, 1.55062112513e-23, 2.30601145101e-23, 2.29131765447e-23, 2.86341867337e-23, 2.86136700393e-23, 3.68661364508e-23, 4.2577107596e-23, 5.67059787508e-23, 9.5885462428e-23, 7.87079594188e-23, 1.55962938024e-22, 2.79135238004e-22, 2.8360056938e-22, 4.00736190168e-22, 6.6040930825e-22, 9.28643220607e-22, 1.28803209315e-21, 1.90701986775e-21], "var": [1.31536124215e-08, 2.84206125798e-05, 1.83389499853e-06, 6.42545046503e-06, 7.51938350732e-05, 2.03651779884e-05, 1.73459775397e-05, 4.04599522881e-05, 1.61528951139e-05, 4.79428945255e-06, 1.82528322057e-06, 2.57935334957e-06, 1.74177159806e-06, 2.34443587033e-06, 1.92673724086e-06, 2.94922045896e-07, 1.21736263736e-07, 8.37531004549e-08, 7.23895610122e-08, 3.25231326315e-08, 3.92945480598e-08, 8.62727933537e-09, 3.64903440797e-09, 3.01796521107e-09, 3.54482843079e-09, 1.49615120293e-09, 3.85726034446e-11]}, "barkbands_crest": {"dmean": 2.67935323715, "dmean2": 4.35287904739, "dvar": 6.48881101608, "dvar2": 16.4234886169, "max": 24.909576416, "mean": 10.2603368759, "median": 9.39994812012, "min": 3.10153532028, "var": 15.3683071136}, "barkbands_flatness_db": {"dmean": 0.0196474250406, "dmean2": 0.029926918447, "dvar": 0.000360017962521, "dvar2": 0.000846675480716, "max": 0.341594547033, "mean": 0.152185544372, "median": 0.152449846268, "min": 0.0349379256368, "var": 0.00195593945682}, "barkbands_kurtosis": {"dmean": 2.74227285385, "dmean2": 4.3318605423, "dvar": 18.2000427246, "dvar2": 45.1528167725, "max": 62.7048034668, "mean": 4.86654567719, "median": 3.25269126892, "min": -1.8534245491, "var": 38.8722038269}, "barkbands_skewness": {"dmean": 0.482874929905, "dmean2": 0.728466451168, "dvar": 0.267297625542, "dvar2": 0.616606891155, "max": 7.15410423279, "mean": 1.5123013258, "median": 1.49998795986, "min": -7.13811445236, "var": 1.27717709541}, "barkbands_spread": {"dmean": 3.6626329422, "dmean2": 5.69112730026, "dvar": 19.9284973145, "dvar2": 47.5291671753, "max": 127.905235291, "mean": 14.8634128571, "median": 12.6194896698, "min": 1.61887276173, "var": 87.6844329834}, "dissonance": {"dmean": 0.0254100710154, "dmean2": 0.0422819182277, "dvar": 0.000647207023576, "dvar2": 0.00178966799285, "max": 0.499982982874, "mean": 0.443273812532, "median": 0.453048378229, "min": 0.0156561452895, "var": 0.00184602220543}, "dynamic_complexity": 2.86428022385, "erbbands": {"dmean": [0.0613591298461, 0.570801198483, 0.809488832951, 2.36261558533, 7.03458833694, 15.3378190994, 11.6184806824, 12.2809028625, 20.3318901062, 23.3458118439, 35.3255233765, 20.595697403, 14.5572557449, 16.9287433624, 16.0241107941, 17.9035644531, 18.0305900574, 21.2757129669, 16.0301990509, 11.0569391251, 6.60716629028, 5.20231771469, 3.97572422028, 4.93508005142, 2.66296505928, 2.06935048103, 2.1027135849, 1.43891596794, 0.896259129047, 0.646487057209, 0.47219017148, 0.444765001535, 0.292361497879, 0.23397359252, 0.158948019147, 0.0680908486247, 0.0234814304858, 0.00464231614023, 0.000383874197723, 2.06331133086e-05], "dmean2": [0.0958380028605, 0.929157912731, 1.36174404621, 3.89756679535, 11.6050310135, 25.2730140686, 18.1230068207, 18.7453670502, 31.2612781525, 34.5541572571, 50.5358161926, 28.3799266815, 20.8740539551, 25.5885944366, 25.1416244507, 27.5596809387, 27.0226478577, 31.3594875336, 23.9043560028, 16.3406486511, 10.1802101135, 7.72770833969, 6.00682544708, 7.31701374054, 4.01811552048, 3.16158819199, 3.16146302223, 2.2134346962, 1.34002125263, 0.974514663219, 0.704085886478, 0.695816755295, 0.44339877367, 0.358734101057, 0.237183690071, 0.0967579782009, 0.03416711092, 0.00781512353569, 0.000669523258694, 3.28482601617e-05], "dvar": [0.0101509513333, 0.941577076912, 2.18093061447, 12.5911779404, 142.565658569, 1456.41674805, 336.515197754, 491.290039062, 1091.86755371, 1951.73181152, 6942.34472656, 2740.07958984, 1306.82373047, 1275.95239258, 1422.58789062, 1626.65515137, 1427.54907227, 2211.15283203, 2177.73388672, 1117.29675293, 208.164993286, 128.069595337, 60.1477165222, 91.4451828003, 21.610162735, 30.3554019928, 39.1601638794, 14.5406360626, 4.89915466309, 1.71280694008, 1.18888151646, 1.02257442474, 0.382704079151, 0.263045608997, 0.117327339947, 0.0218333248049, 0.00354784866795, 0.000192104431335, 1.47502532855e-06, 1.78330905598e-09], "dvar2": [0.0254495255649, 2.53506565094, 6.07803726196, 32.7712669373, 368.28793335, 3717.94042969, 749.991027832, 1091.13391113, 2419.26367188, 4595.12792969, 12608.6494141, 4361.93212891, 2233.48486328, 2577.9909668, 3739.00952148, 3805.83447266, 3145.30102539, 4523.33496094, 4642.96777344, 2082.23779297, 452.528808594, 243.717193604, 131.645370483, 185.92175293, 46.4312210083, 63.1415290833, 88.3663253784, 31.3526363373, 10.0754556656, 3.43447327614, 2.4050989151, 2.36058092117, 0.905291259289, 0.636819422245, 0.271567165852, 0.0470180399716, 0.00847121234983, 0.000518282526173, 4.0746203922e-06, 4.65660887627e-09], "max": [1.17151927948, 9.59211826324, 30.029882431, 46.778137207, 192.747451782, 698.683410645, 447.894714355, 478.332275391, 675.167236328, 939.688476562, 1678.56115723, 1159.97241211, 903.3515625, 1032.39282227, 600.122131348, 928.574462891, 777.582336426, 1415.05249023, 984.497924805, 1685.6809082, 432.922424316, 457.254119873, 236.66394043, 239.494857788, 113.923973083, 310.997589111, 217.939926147, 109.585914612, 63.7942810059, 41.2956924438, 38.2463798523, 25.2497463226, 10.8614997864, 7.7134437561, 7.19915103912, 3.06207442284, 1.12957012653, 0.242079705, 0.0261129345745, 0.000755525368731], "mean": [0.11448597908, 1.02879345417, 1.3132532835, 3.92931437492, 12.0800151825, 21.1542243958, 23.4951648712, 26.9911727905, 41.8025894165, 46.6783065796, 76.2947998047, 44.9946060181, 30.2365455627, 32.4948272705, 28.3427791595, 32.497341156, 36.214717865, 41.053150177, 29.3795871735, 20.6444625854, 13.1399412155, 11.4879350662, 8.81894016266, 11.2006549835, 6.39635276794, 4.19373559952, 3.96879005432, 2.64069628716, 1.55052983761, 1.13112616539, 0.798448801041, 0.693011581898, 0.481999516487, 0.363621592522, 0.268414050341, 0.111350238323, 0.0293700266629, 0.00423043826595, 0.000359475234291, 4.89550584462e-05], "median": [0.0550512596965, 0.60256510973, 0.828267991543, 2.4597826004, 5.51925420761, 7.66272497177, 11.0844135284, 11.5572595596, 20.4525661469, 23.1041545868, 15.1231861115, 10.1985321045, 9.72973060608, 11.5933170319, 9.76911449432, 12.0601234436, 10.9946146011, 12.669137001, 9.47922229767, 7.9083981514, 6.53207159042, 6.02411746979, 4.51160478592, 5.14339590073, 3.63959956169, 1.70448684692, 1.23881399632, 1.05721318722, 0.507600367069, 0.413622289896, 0.265118151903, 0.256608814001, 0.188141390681, 0.128602951765, 0.104918479919, 0.0324883721769, 0.00437952717766, 0.000307028647512, 4.54996079498e-05, 3.83240258088e-05], "min": [1.95047073662e-23, 2.88257852703e-22, 2.72931514676e-21, 5.10064364963e-21, 1.47275549877e-20, 1.85682143485e-20, 6.28123798669e-20, 8.21965368038e-20, 1.55898562027e-19, 1.98869547948e-19, 2.13216220191e-19, 3.32975222482e-19, 5.47446999445e-19, 6.12577753312e-19, 9.9520839532e-19, 1.18221614744e-18, 1.57933718432e-18, 1.27298650176e-18, 2.80876580259e-18, 2.74368054366e-18, 4.96724977047e-18, 4.88198192498e-18, 5.3755345403e-18, 5.82489834012e-18, 6.11154371933e-18, 8.37505977267e-18, 1.12108805851e-17, 1.05984145529e-17, 9.91033015063e-18, 1.12554945715e-17, 1.2304839353e-17, 1.22937344532e-17, 1.03023831553e-17, 8.49057058213e-18, 6.86181762802e-18, 4.33526765246e-18, 2.18179246998e-18, 9.67445525626e-19, 2.39420448967e-19, 2.87288163169e-20], "var": [0.0243674125522, 1.59576809406, 2.976801157, 21.5993614197, 271.669281006, 1777.34887695, 1206.25317383, 1735.04211426, 3319.02856445, 4766.84228516, 27413.6757812, 11196.7666016, 4922.38964844, 4774.89990234, 2684.13427734, 3709.37817383, 4066.99829102, 6605.09033203, 4543.33349609, 3498.25170898, 519.853393555, 398.314025879, 168.790771484, 302.047332764, 72.864944458, 79.0761489868, 98.8717193604, 34.8954162598, 12.542263031, 4.63385391235, 2.97679686546, 1.92240166664, 0.667159318924, 0.398119986057, 0.205889284611, 0.0429825037718, 0.00448664277792, 0.000152214430273, 1.13963403692e-06, 2.2253889842e-09]}, "erbbands_crest": {"dmean": 2.86306738853, "dmean2": 4.55580997467, "dvar": 6.50805711746, "dvar2": 16.3250656128, "max": 27.977312088, "mean": 10.726858139, "median": 9.89289188385, "min": 2.3523170948, "var": 21.0761489868}, "erbbands_flatness_db": {"dmean": 0.0195355825126, "dmean2": 0.0273660290986, "dvar": 0.000400547723984, "dvar2": 0.000777925481088, "max": 0.389326572418, "mean": 0.175708338618, "median": 0.172850400209, "min": 0.0351767614484, "var": 0.00234565651044}, "erbbands_kurtosis": {"dmean": 1.10756087303, "dmean2": 1.71328258514, "dvar": 2.36153388023, "dvar2": 4.7534995079, "max": 53.6063766479, "mean": 1.29016542435, "median": 0.534581899643, "min": -1.81067192554, "var": 8.02409362793}, "erbbands_skewness": {"dmean": 0.36534306407, "dmean2": 0.555170655251, "dvar": 0.104497916996, "dvar2": 0.237943440676, "max": 5.85994291306, "mean": 0.694286465645, "median": 0.638083100319, "min": -2.25812196732, "var": 0.652559220791}, "erbbands_spread": {"dmean": 6.23778963089, "dmean2": 9.27499485016, "dvar": 48.6527519226, "dvar2": 108.239295959, "max": 121.173072815, "mean": 28.8135414124, "median": 26.6758346558, "min": 2.66226553917, "var": 207.710067749}, "gfcc": {"cov": [[21452.3847656, 1525.7689209, -1835.81640625, 465.99697876, -823.322143555, 302.433074951, -651.733032227, 198.237472534, -593.23046875, 167.533477783, -285.462097168, -3.39325881004, -264.055633545], [1525.7689209, 1282.18847656, -370.135040283, -27.6099815369, 55.9612617493, -73.0848083496, -5.32189083099, -22.9134979248, 39.6596031189, -133.633972168, 101.977401733, -126.399940491, 2.25276422501], [-1835.81640625, -370.135040283, 808.157287598, 92.2509384155, 61.606136322, 63.7686042786, 39.9969978333, 58.5139846802, 59.971496582, 76.0100631714, -1.71196365356, 89.4107666016, 17.0095367432], [465.99697876, -27.6099815369, 92.2509384155, 410.441619873, 86.7433395386, 66.4434738159, -15.5309581757, 0.804018676281, 32.4838485718, 41.9585838318, 1.26841056347, 24.2319393158, 62.1090965271], [-823.322143555, 55.9612617493, 61.606136322, 86.7433395386, 308.53012085, 66.1335754395, 64.9878082275, 18.0274753571, 60.4362030029, 5.46225404739, 30.7672939301, 0.0187621545047, 26.847869873], [302.433074951, -73.0848083496, 63.7686042786, 66.4434738159, 66.1335754395, 239.58114624, 120.456214905, 55.6895217896, -26.5442848206, 40.2247772217, -8.58221340179, 37.5751686096, 21.2316837311], [-651.733032227, -5.32189083099, 39.9969978333, -15.5309581757, 64.9878082275, 120.456214905, 249.438217163, 38.067565918, 15.4450683594, -18.1848144531, 31.1967868805, 19.1084938049, 21.3821086884], [198.237472534, -22.9134979248, 58.5139846802, 0.804018676281, 18.0274753571, 55.6895217896, 38.067565918, 128.110992432, 28.0845851898, 33.8252220154, 2.44816589355, 21.0566005707, -8.56618785858], [-593.23046875, 39.6596031189, 59.971496582, 32.4838485718, 60.4362030029, -26.5442848206, 15.4450683594, 28.0845851898, 129.026473999, 38.8150482178, 29.6564025879, -11.1019868851, 18.3546276093], [167.533477783, -133.633972168, 76.0100631714, 41.9585838318, 5.46225404739, 40.2247772217, -18.1848144531, 33.8252220154, 38.8150482178, 113.163002014, 17.4473247528, 30.5567646027, 2.77482032776], [-285.462097168, 101.977401733, -1.71196365356, 1.26841056347, 30.7672939301, -8.58221340179, 31.1967868805, 2.44816589355, 29.6564025879, 17.4473247528, 83.7235412598, 16.9969863892, 13.451795578], [-3.39325881004, -126.399940491, 89.4107666016, 24.2319393158, 0.0187621545047, 37.5751686096, 19.1084938049, 21.0566005707, -11.1019868851, 30.5567646027, 16.9969863892, 84.3543930054, 31.4721298218], [-264.055633545, 2.25276422501, 17.0095367432, 62.1090965271, 26.847869873, 21.2316837311, 21.3821086884, -8.56618785858, 18.3546276093, 2.77482032776, 13.451795578, 31.4721298218, 78.8761901855]], "icov": [[0.000201428003493, -0.000457640097011, 0.000432587723481, -0.000426454673288, 0.000380572426366, -0.00019947772671, 0.00023275676358, -0.000310252798954, 0.000605872250162, -0.000901963561773, 0.00106390099972, -0.00103643396869, 0.000880120613147], [-0.000457640097011, 0.00254582730122, -0.000623021740466, 0.000897347868886, -0.000783848634455, -0.000264155125478, 0.000291985459626, 8.15113962744e-05, -0.00190041144378, 0.00425094971433, -0.00524937920272, 0.0044261100702, -0.00248751207255], [0.000432587723481, -0.000623021740466, 0.00262331450358, -0.00117342162412, 0.000664368621074, -0.000602718209848, 0.000483404146507, -0.000763222691603, 0.000133303416078, -0.00165785045829, 0.00249776965939, -0.00390504393727, 0.00270587787963], [-0.000426454673288, 0.000897347868886, -0.00117342162412, 0.00413894606754, -0.00141958566383, -0.000546451250557, 0.000418100273237, 0.000988514046185, -0.0015417248942, 0.00120060739573, -0.00190644222312, 0.00261095957831, -0.00423517310992], [0.000380572426366, -0.000783848634455, 0.000664368621074, -0.00141958566383, 0.00507857417688, -0.00212947628461, 0.000520500587299, -0.000352143892087, -0.00123536656611, -1.32828517962e-05, 0.000474670581752, -0.0014312074054, 0.00171425309964], [-0.00019947772671, -0.000264155125478, -0.000602718209848, -0.000546451250557, -0.00212947628461, 0.0102302050218, -0.00550070591271, -0.00196049781516, 0.00514331553131, -0.00560286268592, 0.00322162406519, 0.000615226104856, -0.00264531373978], [0.00023275676358, 0.000291985459626, 0.000483404146507, 0.000418100273237, 0.000520500587299, -0.00550070591271, 0.00817919801921, -0.00114972156007, -0.00217962404713, 0.00457670725882, -0.00344240735285, -0.000750717474148, 0.000531595316716], [-0.000310252798954, 8.15113962744e-05, -0.000763222691603, 0.000988514046185, -0.000352143892087, -0.00196049781516, -0.00114972156007, 0.0115691162646, -0.00475764460862, 1.79074031621e-05, 0.00066512345802, -0.00289714871906, 0.00270996661857], [0.000605872250162, -0.00190041144378, 0.000133303416078, -0.0015417248942, -0.00123536656611, 0.00514331553131, -0.00217962404713, -0.00475764460862, 0.018024764955, -0.0108448611572, 0.00193691707682, 0.0040392158553, -0.00337686669081], [-0.000901963561773, 0.00425094971433, -0.00165785045829, 0.00120060739573, -1.32828517962e-05, -0.00560286268592, 0.00457670725882, 1.79074031621e-05, -0.0108448611572, 0.0236809644848, -0.0119635211304, 0.00176523975097, -0.000428364990512], [0.00106390099972, -0.00524937920272, 0.00249776965939, -0.00190644222312, 0.000474670581752, 0.00322162406519, -0.00344240735285, 0.00066512345802, 0.00193691707682, -0.0119635211304, 0.0271708071232, -0.0136590525508, 0.00543717714027], [-0.00103643396869, 0.0044261100702, -0.00390504393727, 0.00261095957831, -0.0014312074054, 0.000615226104856, -0.000750717474148, -0.00289714871906, 0.0040392158553, 0.00176523975097, -0.0136590525508, 0.0309224333614, -0.0156103400514], [0.000880120613147, -0.00248751207255, 0.00270587787963, -0.00423517310992, 0.00171425309964, -0.00264531373978, 0.000531595316716, 0.00270996661857, -0.00337686669081, -0.000428364990512, 0.00543717714027, -0.0156103400514, 0.0248278994113]], "mean": [-20.975315094, 113.050476074, -112.609939575, 16.7122745514, -56.4370079041, 6.94251155853, -42.6035118103, 8.43797874451, -24.8579692841, 6.91923475266, -10.5285949707, -2.00539779663, -9.02946090698]}, "hfc": {"dmean": 4.12140321732, "dmean2": 5.57677412033, "dvar": 23.944984436, "dvar2": 39.6427078247, "max": 93.7001037598, "mean": 17.2882423401, "median": 15.0650682449, "min": 1.07923637566e-16, "var": 150.139022827}, "melbands": {"dmean": [0.000626427237876, 0.00052542379126, 0.000499345886055, 0.000841649947688, 0.000437432696344, 0.000279217230855, 0.000322090636473, 0.000262908084551, 0.000277621293208, 0.000122273326269, 7.21311662346e-05, 6.97164578014e-05, 5.74235746171e-05, 6.08785812801e-05, 3.53930845449e-05, 4.00081153202e-05, 4.13239868067e-05, 2.64946284005e-05, 2.2293514121e-05, 9.98613904812e-06, 9.17223951546e-06, 6.35583501207e-06, 3.92889478462e-06, 4.3806139729e-06, 4.38251117885e-06, 2.66682013716e-06, 1.42628982758e-06, 1.48285380419e-06, 1.39687847422e-06, 1.08515678221e-06, 8.45774820846e-07, 5.65003404063e-07, 4.19521313688e-07, 3.63370475043e-07, 2.94954389801e-07, 2.52555480529e-07, 2.93697638654e-07, 2.05539322451e-07, 2.04031650242e-07, 2.01078648843e-07], "dmean2": [0.00099555356428, 0.000867461203597, 0.000821464520413, 0.00138019479346, 0.000691151246428, 0.000427159044193, 0.000491958751809, 0.000384399492759, 0.000394623173634, 0.000170101586264, 0.000104469014332, 0.000105108192656, 9.09788650461e-05, 9.5283074188e-05, 5.22613336216e-05, 6.04866509093e-05, 6.13528391114e-05, 3.96881514462e-05, 3.29167196469e-05, 1.53519940795e-05, 1.44162750075e-05, 9.5347113529e-06, 6.02754471402e-06, 6.74448801874e-06, 6.5475574047e-06, 4.03331387133e-06, 2.21234859055e-06, 2.29571264754e-06, 2.12547706724e-06, 1.63896424965e-06, 1.35087088893e-06, 8.73109286204e-07, 6.25632026185e-07, 5.73350973809e-07, 4.53614234175e-07, 3.86251599593e-07, 4.77250921449e-07, 3.19123046211e-07, 3.18508824648e-07, 3.1201557249e-07], "dvar": [1.06346317352e-06, 7.73143824517e-07, 5.1663062095e-07, 3.83552969652e-06, 4.5531436399e-07, 2.33762264656e-07, 2.56140054944e-07, 2.3367819324e-07, 4.1614867996e-07, 9.65534141528e-08, 3.24122204631e-08, 2.33807266881e-08, 2.32724488569e-08, 2.21131877254e-08, 5.69570612896e-09, 6.77997391563e-09, 8.54888426716e-09, 5.21057375025e-09, 4.74632688707e-09, 8.48710324242e-10, 4.61013366371e-10, 2.35820057926e-10, 5.43816068566e-11, 1.04021090352e-10, 7.23835227867e-11, 2.7232121072e-11, 6.83358447953e-12, 1.75929271151e-11, 1.60277503075e-11, 1.28802177257e-11, 3.98413507047e-12, 1.85695165841e-12, 1.08873684807e-12, 4.92617394359e-13, 4.78924571442e-13, 3.80356770385e-13, 4.96199706757e-13, 2.18026036678e-13, 1.96790581877e-13, 2.09903234659e-13], "dvar2": [2.80178073808e-06, 2.09696167985e-06, 1.33142646064e-06, 9.85144561128e-06, 1.07888126877e-06, 5.2659066796e-07, 5.67637925997e-07, 5.33344802989e-07, 7.45587101392e-07, 1.56505649329e-07, 5.52719789937e-08, 4.60558204907e-08, 6.24421829798e-08, 5.37507212073e-08, 1.20794352299e-08, 1.48139633893e-08, 1.75992997953e-08, 1.09690354577e-08, 9.41676070454e-09, 1.65910518657e-09, 1.03089659031e-09, 4.46056552805e-10, 1.22097651434e-10, 2.27390689611e-10, 1.47185319488e-10, 5.70439424863e-11, 1.39900487028e-11, 3.78399742096e-11, 3.62741642279e-11, 2.77974466362e-11, 9.11929906589e-12, 3.97918894016e-12, 2.34222016782e-12, 1.05604695995e-12, 1.04260263617e-12, 7.76091647545e-13, 1.25111856639e-12, 5.36995198742e-13, 4.85487301402e-13, 5.10266687844e-13], "max": [0.0103267589584, 0.0146619249135, 0.00989907421172, 0.0393136553466, 0.0129058891907, 0.0103221088648, 0.0106098260731, 0.0104337250814, 0.0135904736817, 0.00651847710833, 0.00438293348998, 0.00426857313141, 0.00246867141686, 0.00371908419766, 0.00167792697903, 0.00135032262187, 0.00269530247897, 0.00164903409313, 0.00186683714855, 0.00162006937899, 0.000635321135633, 0.000635367061477, 0.000235087572946, 0.000426711369073, 0.000194859792828, 0.000155249901582, 0.00014097696112, 0.000218012457481, 0.000154788998771, 0.000104399718111, 5.26652111148e-05, 3.68791734218e-05, 3.1420859159e-05, 2.01816310437e-05, 2.32730726566e-05, 2.03260915441e-05, 2.03417148441e-05, 8.10877008917e-06, 6.18427111476e-06, 7.21621972843e-06], "mean": [0.00116483226884, 0.000952778500505, 0.000881163054146, 0.00126434082631, 0.000823645794298, 0.000621530867647, 0.000659646699205, 0.000525440904312, 0.000594894227106, 0.000252653117059, 0.000141740907566, 0.000129465784994, 9.2741996923e-05, 0.000101768549939, 6.77356001688e-05, 7.77644090704e-05, 7.46484438423e-05, 4.60994815512e-05, 3.69179142581e-05, 1.80801253009e-05, 1.5865518435e-05, 1.25731367007e-05, 8.15244948171e-06, 8.36149592942e-06, 9.47146691033e-06, 5.81330368732e-06, 3.05821527036e-06, 2.64187747234e-06, 2.47542720899e-06, 1.95673578673e-06, 1.43477734582e-06, 9.11553911465e-07, 7.02304589595e-07, 5.95247740875e-07, 4.63129566697e-07, 4.27311505291e-07, 4.18566571625e-07, 3.23563568827e-07, 3.20780657148e-07, 3.01136083181e-07], "median": [0.000667819345836, 0.000604274915531, 0.000570911739487, 0.00048826643615, 0.000411017244915, 0.000280371546978, 0.000324243650539, 0.000243298141868, 0.000104452199594, 5.4912030464e-05, 4.30098953075e-05, 4.39665163867e-05, 2.84999750875e-05, 3.26522313117e-05, 2.2708929464e-05, 2.13089879253e-05, 2.13282473851e-05, 1.33200328492e-05, 1.13486048576e-05, 7.28979648557e-06, 6.91077184456e-06, 5.65051914236e-06, 4.24126528742e-06, 3.69772214981e-06, 4.09298127124e-06, 2.8271267638e-06, 1.66169922977e-06, 9.04644366528e-07, 7.06338596501e-07, 6.48068180453e-07, 5.91408252149e-07, 2.87789418962e-07, 2.22041222742e-07, 2.20921180016e-07, 1.46679070667e-07, 1.54968120114e-07, 1.47740777834e-07, 1.18192062359e-07, 1.24661184486e-07, 1.00287216753e-07], "min": [3.31407467424e-25, 1.39632817567e-24, 7.65564905918e-25, 1.37120522381e-24, 2.25140074046e-24, 2.12380367233e-24, 2.76420095519e-24, 1.87272502342e-24, 1.53222465216e-24, 2.16058352318e-24, 2.63230853943e-24, 2.1139271338e-24, 4.43780210335e-24, 3.26682348374e-24, 2.2999178555e-24, 3.02676798268e-24, 2.13068273664e-24, 3.79691217685e-24, 3.30233070473e-24, 4.17507513431e-24, 4.3172728345e-24, 3.34288564943e-24, 4.21649861487e-24, 4.64914740619e-24, 4.47877435547e-24, 2.48838382551e-24, 5.89269156553e-24, 4.48815154505e-24, 5.86555080608e-24, 5.26986852591e-24, 5.56342851787e-24, 4.95306277524e-24, 5.61578797716e-24, 5.67980956164e-24, 6.41149580061e-24, 4.65043088288e-24, 6.48627271467e-24, 5.94153388847e-24, 6.5520680529e-24, 7.18121617925e-24], "var": [2.04269281312e-06, 1.27087969304e-06, 9.90588659988e-07, 5.05734487888e-06, 1.24347434394e-06, 8.38725895846e-07, 7.80412904078e-07, 5.99811073698e-07, 1.69455154264e-06, 3.82737539439e-07, 1.19979802093e-07, 8.66348841555e-08, 3.86652487805e-08, 4.69684380278e-08, 1.53620991483e-08, 1.91684410566e-08, 2.33941150896e-08, 1.17787566367e-08, 1.03872226376e-08, 2.97441693498e-09, 9.14957665188e-10, 6.26818152938e-10, 1.65108954286e-10, 2.23067023186e-10, 2.36447944557e-10, 8.74584848987e-11, 2.53411059498e-11, 4.06396964692e-11, 4.23186034826e-11, 2.81916278516e-11, 8.78916384117e-12, 4.43015199178e-12, 2.49484374132e-12, 1.19831792059e-12, 1.04071373914e-12, 9.19116670793e-13, 7.10651643868e-13, 3.38514318573e-13, 2.90264286131e-13, 3.05276122306e-13]}, "melbands_crest": {"dmean": 3.14116215706, "dmean2": 5.07477283478, "dvar": 8.75296878815, "dvar2": 22.1354217529, "max": 32.3103752136, "mean": 12.8759298325, "median": 12.0681257248, "min": 1.63582670689, "var": 22.5723991394}, "melbands_flatness_db": {"dmean": 0.0215396266431, "dmean2": 0.0331120491028, "dvar": 0.000446186750196, "dvar2": 0.00108821119647, "max": 0.43485802412, "mean": 0.224867448211, "median": 0.230388745666, "min": 0.00263914605603, "var": 0.00331480661407}, "melbands_kurtosis": {"dmean": 4.82651519775, "dmean2": 7.5662779808, "dvar": 68.4783477783, "dvar2": 170.890777588, "max": 147.663101196, "mean": 9.38903141022, "median": 6.32002735138, "min": -1.69910526276, "var": 125.398498535}, "melbands_skewness": {"dmean": 0.582047224045, "dmean2": 0.876210868359, "dvar": 0.410472214222, "dvar2": 0.931781470776, "max": 9.51806926727, "mean": 2.05639362335, "median": 1.91913282871, "min": -1.08807528019, "var": 1.63602411747}, "melbands_spread": {"dmean": 4.15703773499, "dmean2": 6.37516069412, "dvar": 30.0914134979, "dvar2": 65.6731109619, "max": 236.519714355, "mean": 18.0095462799, "median": 13.5605287552, "min": 1.78254950047, "var": 325.559814453}, "mfcc": {"cov": [[7130.92773438, 813.643554688, -191.401596069, 111.669975281, 1.47831869125, 67.7334060669, 124.471923828, -1.55461442471, -35.0600280762, 26.2428684235, 44.8491973877, -30.2749347687, -81.2363891602], [813.643554688, 1295.71411133, -183.660400391, -27.864572525, 51.36876297, -92.8893966675, 6.66489934921, 44.0639533997, -63.1267089844, -21.643163681, 69.7230682373, 5.83597517014, -22.8347759247], [-191.401596069, -183.660400391, 547.71081543, 77.3686904907, 22.6713142395, 29.7351074219, 0.0750975012779, -2.80351233482, 51.5981483459, -7.8217291832, -19.6433773041, 63.4150047302, 64.4626998901], [111.669975281, -27.864572525, 77.3686904907, 283.839141846, 133.012435913, 49.0109367371, -28.3707332611, -7.42913961411, 21.013212204, 31.2042865753, -27.6106128693, -1.93496453762, 44.8940925598], [1.47831869125, 51.36876297, 22.6713142395, 133.012435913, 252.733001709, 47.8607406616, -21.6402072906, -9.11580085754, 24.5526218414, 39.5951843262, 9.63299751282, -9.74597835541, 30.8256607056], [67.7334060669, -92.8893966675, 29.7351074219, 49.0109367371, 47.8607406616, 189.604064941, 103.195991516, 35.1352157593, 50.6189918518, 33.3549041748, -11.1920871735, 8.48198413849, 13.6931304932], [124.471923828, 6.66489934921, 0.0750975012779, -28.3707332611, -21.6402072906, 103.195991516, 185.845321655, 99.0807266235, 36.3076934814, 16.336807251, 11.653254509, 14.232793808, 3.7025642395], [-1.55461442471, 44.0639533997, -2.80351233482, -7.42913961411, -9.11580085754, 35.1352157593, 99.0807266235, 124.775970459, 50.7529640198, 12.0158205032, 10.1538114548, 13.6691608429, 8.32733058929], [-35.0600280762, -63.1267089844, 51.5981483459, 21.013212204, 24.5526218414, 50.6189918518, 36.3076934814, 50.7529640198, 100.052253723, 45.8933601379, 1.58943462372, 14.6129970551, 21.0978794098], [26.2428684235, -21.643163681, -7.8217291832, 31.2042865753, 39.5951843262, 33.3549041748, 16.336807251, 12.0158205032, 45.8933601379, 88.7408905029, 35.2510185242, 5.19288539886, 8.72975730896], [44.8491973877, 69.7230682373, -19.6433773041, -27.6106128693, 9.63299751282, -11.1920871735, 11.653254509, 10.1538114548, 1.58943462372, 35.2510185242, 90.0862884521, 35.725566864, -6.12524843216], [-30.2749347687, 5.83597517014, 63.4150047302, -1.93496453762, -9.74597835541, 8.48198413849, 14.232793808, 13.6691608429, 14.6129970551, 5.19288539886, 35.725566864, 90.6052093506, 40.697971344], [-81.2363891602, -22.8347759247, 64.4626998901, 44.8940925598, 30.8256607056, 13.6931304932, 3.7025642395, 8.32733058929, 21.0978794098, 8.72975730896, -6.12524843216, 40.697971344, 82.3202056885]], "icov": [[0.000162234398886, -0.000112382760562, 2.77455947071e-05, -0.000160845956998, 8.25722963782e-05, -4.29518149758e-06, -0.000237804808421, 0.00025782227749, -9.24893029151e-05, -5.34349098302e-08, -2.92361874017e-05, -5.09336769028e-06, 0.000173378706677], [-0.000112382760562, 0.00102032569703, 0.000228813747526, 7.30095562176e-05, -0.000469396734843, 0.000485735421535, 3.09262104565e-05, -0.000762804003898, 0.000604607048444, 0.000323010928696, -0.000561178370845, -0.000121156917885, -4.71903622383e-05], [2.77455947071e-05, 0.000228813747526, 0.0024048096966, -0.000627783942036, -3.69284389308e-05, 0.000342238257872, -0.000518919841852, 0.00099053431768, -0.00168374623172, 0.00124904757831, 0.00022411441023, -0.00145386753138, -0.000535363215022], [-0.000160845956998, 7.30095562176e-05, -0.000627783942036, 0.00595770450309, -0.00240247300826, -0.00142618780956, 0.00226028030738, -0.00192208494991, 0.00202959566377, -0.00255933054723, 0.00263753090985, -0.000167603298905, -0.0016359759029], [8.25722963782e-05, -0.000469396734843, -3.69284389308e-05, -0.00240247300826, 0.00643971189857, -0.00199968507513, 0.0014603161253, 0.000318227015669, -0.000853591191117, -9.69892862486e-05, -0.00286015821621, 0.00295222504064, -0.00232955859974], [-4.29518149758e-06, 0.000485735421535, 0.000342238257872, -0.00142618780956, -0.00199968507513, 0.0114621603861, -0.00853916537017, 0.00466397870332, -0.00371550000273, -0.00115601345897, 0.00304052606225, -0.00231256219558, 0.00183912401553], [-0.000237804808421, 3.09262104565e-05, -0.000518919841852, 0.00226028030738, 0.0014603161253, -0.00853916537017, 0.0165431629866, -0.0121978176758, 0.00469188764691, -0.00143844261765, -0.00129338691477, 0.000949781620875, -0.00130474357866], [0.00025782227749, -0.000762804003898, 0.00099053431768, -0.00192208494991, 0.000318227015669, 0.00466397870332, -0.0121978176758, 0.0207992661744, -0.0110559854656, 0.00436553778127, -0.00156780588441, -0.000161382646183, 0.000198774519959], [-9.24893029151e-05, 0.000604607048444, -0.00168374623172, 0.00202959566377, -0.000853591191117, -0.00371550000273, 0.00469188764691, -0.0110559854656, 0.022639632225, -0.0118111362681, 0.00515684392303, -0.00225688819773, -0.000917192024644], [-5.34349098302e-08, 0.000323010928696, 0.00124904757831, -0.00255933054723, -9.69892862486e-05, -0.00115601345897, -0.00143844261765, 0.00436553778127, -0.0118111362681, 0.0235578082502, -0.0125612346455, 0.00545566622168, -0.00274408957921], [-2.92361874017e-05, -0.000561178370845, 0.00022411441023, 0.00263753090985, -0.00286015821621, 0.00304052606225, -0.00129338691477, -0.00156780588441, 0.00515684392303, -0.0125612346455, 0.0239016264677, -0.0129958773032, 0.0071974764578], [-5.09336769028e-06, -0.000121156917885, -0.00145386753138, -0.000167603298905, 0.00295222504064, -0.00231256219558, 0.000949781620875, -0.000161382646183, -0.00225688819773, 0.00545566622168, -0.0129958773032, 0.0229797940701, -0.0118839796633], [0.000173378706677, -4.71903622383e-05, -0.000535363215022, -0.0016359759029, -0.00232955859974, 0.00183912401553, -0.00130474357866, 0.000198774519959, -0.000917192024644, -0.00274408957921, 0.0071974764578, -0.0118839796633, 0.0211589895189]], "mean": [-658.417907715, 147.682769775, -1.59169089794, 15.1096467972, 3.23953533173, -2.08303236961, -2.10122275352, -5.06888961792, -5.67553710938, -0.844639241695, 2.61718010902, 0.919008016586, -1.76719939709]}, "pitch_salience": {"dmean": 0.0685632005334, "dmean2": 0.113026596606, "dvar": 0.00377799314447, "dvar2": 0.0105170449242, "max": 0.956470370293, "mean": 0.57073867321, "median": 0.574243605137, "min": 0.191435426474, "var": 0.0098954802379}, "silence_rate_20dB": {"dmean": 0, "dmean2": 0, "dvar": 0, "dvar2": 0, "max": 1, "mean": 1, "median": 1, "min": 1, "var": 0}, "silence_rate_30dB": {"dmean": 0.000650618108921, "dmean2": 0.0013014478609, "dvar": 0.000650233181659, "dvar2": 0.00129987613764, "max": 1, "mean": 0.999349474907, "median": 1, "min": 0, "var": 0.00065012765117}, "silence_rate_60dB": {"dmean": 0.00553025351837, "dmean2": 0.011062306352, "dvar": 0.00549960462376, "dvar2": 0.0128917992115, "max": 1, "mean": 0.0349650345743, "median": 0, "min": 0, "var": 0.0337406508625}, "spectral_centroid": {"dmean": 161.205871582, "dmean2": 248.714538574, "dvar": 52380.0703125, "dvar2": 117491.492188, "max": 11594.3681641, "mean": 1035.57104492, "median": 803.999145508, "min": 291.340332031, "var": 1344754.5}, "spectral_complexity": {"dmean": 2.49642157555, "dmean2": 3.84382629395, "dvar": 5.42772293091, "dvar2": 11.449962616, "max": 44, "mean": 16.2789077759, "median": 16, "min": 0, "var": 39.7352256775}, "spectral_contrast_coeffs": {"dmean": [0.0521211773157, 0.0465561449528, 0.037643622607, 0.0314855985343, 0.0214862618595, 0.0140739101917], "dmean2": [0.0850153565407, 0.0751906782389, 0.0601942129433, 0.0488040447235, 0.0334703475237, 0.0229838304222], "dvar": [0.00207903585397, 0.00140312407166, 0.000931397546083, 0.000672591209877, 0.000364493229426, 0.000187313533388], "dvar2": [0.00506033375859, 0.00364372436889, 0.00219569006003, 0.00148947699927, 0.0008047024603, 0.000460025825305], "max": [-0.267200529575, -0.434660434723, -0.480900496244, -0.540071964264, -0.575999617577, -0.613821029663], "mean": [-0.624231517315, -0.691451013088, -0.755482017994, -0.760034680367, -0.786169111729, -0.787046432495], "median": [-0.635798633099, -0.68983900547, -0.768848240376, -0.765414476395, -0.791490972042, -0.787730753422], "min": [-0.981334865093, -0.990026533604, -0.983893811703, -0.970203638077, -0.964909732342, -0.964583992958], "var": [0.0114099737257, 0.00777667248622, 0.00586568564177, 0.00421597762033, 0.00247515784577, 0.00122516939882]}, "spectral_contrast_valleys": {"dmean": [0.396328657866, 0.331681191921, 0.281901836395, 0.253304123878, 0.205147102475, 0.296636998653], "dmean2": [0.636385440826, 0.552204847336, 0.461404770613, 0.401215136051, 0.302663832903, 0.404854059219], "dvar": [0.137611836195, 0.0953414216638, 0.0799961984158, 0.0730381533504, 0.0706086233258, 0.192006111145], "dvar2": [0.29356995225, 0.221645608544, 0.170167580247, 0.135934114456, 0.113662205637, 0.395427823067], "max": [-5.41307592392, -5.00588750839, -5.47075939178, -6.09949064255, -5.97155475616, -8.31014919281], "mean": [-7.48611831665, -6.70431613922, -7.51184892654, -8.01260852814, -8.11453533173, -10.6876192093], "median": [-7.01438760757, -6.3754529953, -7.20261287689, -7.70059156418, -7.83075904846, -10.5023145676], "min": [-28.0210323334, -28.0400981903, -27.6829471588, -27.6385955811, -27.5058937073, -27.3511981964], "var": [5.75745630264, 5.58235692978, 5.25446987152, 5.00671434402, 4.95094680786, 4.00621557236]}, "spectral_decrease": {"dmean": 2.0253951849e-09, "dmean2": 3.02511349304e-09, "dvar": 5.70007761287e-18, "dvar2": 1.32401771393e-17, "max": 5.75164487943e-16, "mean": -7.49794448751e-09, "median": -6.86271395267e-09, "min": -4.24208472793e-08, "var": 2.13397659157e-17}, "spectral_energy": {"dmean": 0.00792715884745, "dmean2": 0.0117701757699, "dvar": 8.63775712787e-05, "dvar2": 0.000197955901967, "max": 0.165211215615, "mean": 0.0298670083284, "median": 0.0273403413594, "min": 1.01157863892e-20, "var": 0.000335508288117}, "spectral_energyband_high": {"dmean": 0.000144785793964, "dmean2": 0.000205743679544, "dvar": 8.81994139945e-08, "dvar2": 1.68325669847e-07, "max": 0.0110356165096, "mean": 0.00028963049408, "median": 0.000111362744065, "min": 7.20623593785e-21, "var": 2.72705932503e-07}, "spectral_energyband_low": {"dmean": 0.00291437841952, "dmean2": 0.00461017666385, "dvar": 1.91738436115e-05, "dvar2": 4.91027749376e-05, "max": 0.0497879311442, "mean": 0.00622331304476, "median": 0.00434008147568, "min": 1.4474830838e-23, "var": 4.12082845287e-05}, "spectral_energyband_middle_high": {"dmean": 0.00155050936155, "dmean2": 0.00219476944767, "dvar": 4.846439424e-06, "dvar2": 9.31464637688e-06, "max": 0.0393776372075, "mean": 0.00505262473598, "median": 0.00300856726244, "min": 1.2180715157e-21, "var": 2.92550557788e-05}, "spectral_energyband_middle_low": {"dmean": 0.0063025127165, "dmean2": 0.00963653437793, "dvar": 7.21303367754e-05, "dvar2": 0.000172837157152, "max": 0.158121719956, "mean": 0.0192618668079, "median": 0.0160663742572, "min": 1.58537350879e-22, "var": 0.000230600649957}, "spectral_entropy": {"dmean": 0.165446847677, "dmean2": 0.242086485028, "dvar": 0.0291363745928, "dvar2": 0.0640082582831, "max": 9.82367420197, "mean": 7.29752922058, "median": 7.29880523682, "min": 5.51360034943, "var": 0.24883235991}, "spectral_flux": {"dmean": 0.0231100097299, "dmean2": 0.0372573249042, "dvar": 0.000625290093012, "dvar2": 0.00152802409139, "max": 0.282953977585, "mean": 0.0813540071249, "median": 0.0766037851572, "min": 6.35596575371e-11, "var": 0.0015514662955}, "spectral_kurtosis": {"dmean": 2.17079138756, "dmean2": 3.60034489632, "dvar": 6.99261713028, "dvar2": 19.3044643402, "max": 68.2424697876, "mean": 7.29056692123, "median": 6.40284633636, "min": -1.26579213142, "var": 26.0559005737}, "spectral_rms": {"dmean": 0.000711913045961, "dmean2": 0.00103902001865, "dvar": 5.83711710078e-07, "dvar2": 1.264491857e-06, "max": 0.0126957343891, "mean": 0.00508496398106, "median": 0.0051646400243, "min": 3.1415059356e-12, "var": 3.28173450725e-06}, "spectral_rolloff": {"dmean": 245.248458862, "dmean2": 417.480438232, "dvar": 313436.65625, "dvar2": 740452.5625, "max": 21360.9375, "mean": 1206.7064209, "median": 689.0625, "min": 86.1328125, "var": 5418536.5}, "spectral_skewness": {"dmean": 0.243127018213, "dmean2": 0.390118181705, "dvar": 0.0587753430009, "dvar2": 0.14987462759, "max": 6.3347530365, "mean": 2.02205681801, "median": 1.98886823654, "min": -0.0729276016355, "var": 0.356106877327}, "spectral_spread": {"dmean": 560337.0625, "dmean2": 821687.4375, "dvar": 768881590272, "dvar2": 1736920137730.0, "max": 43203452, "mean": 4495454.5, "median": 3793215, "min": 1006734.8125, 