{"lowlevel": {"average_loudness": 0.734287440777, "barkbands": {"dmean": [2.77145591099e-06, 0.000848084047902, 0.00110189872794, 0.000841273285914, 0.00116681866348, 0.00048151856754, 0.000343446852639, 0.000653980125207, 0.000529676035512, 0.000644105602987, 0.000541191373486, 0.000534169492312, 0.000524306553416, 0.000304522516672, 0.000364568346413, 0.000223570154049, 0.000269946933258, 0.000320480699884, 0.000201721137273, 9.75452057901e-05, 0.000130508546135, 3.72272261302e-05, 1.18769348774e-05, 1.66466816154e-05, 6.64951630824e-06, 2.06937511393e-06, 1.2510234626e-07], "dmean2": [4.16547800342e-06, 0.00138107524253, 0.00157338066492, 0.00151379103772, 0.00194651889615, 0.000756441091653, 0.000528306991328, 0.000986848259345, 0.000792753882706, 0.000959621102083, 0.000818765780423, 0.000762162788305, 0.000748753896914, 0.000452082138509, 0.000514174695127, 0.000325988745317, 0.000397339899791, 0.000466334138764, 0.000296103768051, 0.000147682396346, 0.000230395598919, 6.22220541118e-05, 1.91133167391e-05, 2.69083193416e-05, 1.03175225377e-05, 2.87371267405e-06, 1.84658730973e-07], "dvar": [1.43744330675e-11, 3.52460847353e-06, 6.89780745233e-06, 5.91427215113e-06, 4.73051068184e-06, 7.98495022991e-07, 6.77288255702e-07, 3.61782394975e-06, 2.63024753622e-06, 4.71393013868e-06, 6.77401794746e-06, 6.20940500085e-06, 3.79893117497e-06, 8.7306898422e-07, 8.30126680285e-07, 3.94770836465e-07, 5.33328943675e-07, 5.41594545211e-07, 3.55518210426e-07, 1.04929178235e-07, 2.69466823966e-07, 1.52218007088e-08, 2.01566230373e-09, 1.39710403246e-08, 4.60920190903e-09, 4.09744488339e-10, 2.91485824193e-12], "dvar2": [3.55811040353e-11, 8.82588119566e-06, 1.19481956062e-05, 1.92590832739e-05, 1.30777916638e-05, 1.79698986358e-06, 1.37891288432e-06, 7.3233495641e-06, 4.81967208543e-06, 9.13915755518e-06, 1.64465054695e-05, 1.30624948724e-05, 7.08106881575e-06, 1.70293969859e-06, 1.52816994614e-06, 7.52477035348e-07, 1.19790115605e-06, 1.05122296645e-06, 8.75316175097e-07, 1.91414855522e-07, 7.72950727423e-07, 4.28512301198e-08, 4.85063411659e-09, 3.44897941318e-08, 9.76611946868e-09, 8.38049241114e-10, 5.46890224079e-12], "max": [0.000126794795506, 0.0301193259656, 0.088691405952, 0.064680993557, 0.0319688245654, 0.017903201282, 0.0265270192176, 0.0387567840517, 0.0562665984035, 0.0609044544399, 0.0670285820961, 0.0979449674487, 0.0784040540457, 0.0291064549237, 0.0268019344658, 0.0220472216606, 0.0277320761234, 0.0181048531085, 0.0179483406246, 0.014857372269, 0.0114890830591, 0.00255050323904, 0.00130358966999, 0.00325771374628, 0.00323888473213, 0.000781943148468, 0.000112164896564], "mean": [2.01761231438e-05, 0.00131949724164, 0.00210172007792, 0.000925087020732, 0.00183126842603, 0.000847459072247, 0.000571052369196, 0.00112704443745, 0.000924080202822, 0.00107941124588, 0.00077334465459, 0.000844123249408, 0.00100968079641, 0.000510940852109, 0.000717191083822, 0.000416928465711, 0.000548074604012, 0.000715263886377, 0.000413972884417, 0.000164071068866, 0.000134984598844, 4.36616173829e-05, 1.42827675518e-05, 1.77456113306e-05, 7.85746033216e-06, 2.33867558563e-06, 1.42710305795e-07], "median": [2.03761101147e-05, 0.000445973244496, 0.000447042984888, 0.00032212206861, 0.000883632397745, 0.000326411944116, 0.000179006179678, 0.000158801936777, 0.000191356419236, 0.000162988653756, 7.85088705015e-05, 6.66693085805e-05, 9.18363948585e-05, 8.69232972036e-05, 0.000120251846965, 7.86328164395e-05, 0.000114429938549, 0.00015638183686, 9.45739884628e-05, 3.33221323672e-05, 3.49084912159e-05, 1.21100783872e-05, 3.11920871354e-06, 2.06289450944e-06, 8.7862571263e-07, 2.04511934498e-07, 2.30017835889e-08], "min": [2.84687342029e-23, 3.58354202584e-23, 2.42588549199e-23, 3.84905272724e-24, 5.83718510343e-23, 4.09941509046e-23, 6.8701770018e-23, 4.75193400998e-23, 4.09970886226e-23, 5.25177016348e-23, 2.51999659798e-23, 4.04880587685e-23, 1.21488189232e-22, 2.05836617719e-22, 1.61502533871e-22, 5.93299825571e-23, 1.72504429817e-22, 2.52804272678e-22, 2.62441578097e-22, 2.33875195536e-22, 4.77981803417e-22, 5.41865400353e-22, 5.80842045803e-22, 8.45505662055e-22, 1.21325524851e-21, 1.5856068854e-21, 2.10207858815e-21], "var": [5.93737836674e-11, 5.59275986234e-06, 2.83426652459e-05, 4.96380653203e-06, 8.22336642159e-06, 2.30485579777e-06, 1.57300985393e-06, 1.03061329355e-05, 8.78925766301e-06, 1.28005467559e-05, 1.24116786537e-05, 1.10211822175e-05, 1.51833628479e-05, 2.81424968307e-06, 2.91089918392e-06, 1.33711944272e-06, 2.21304890147e-06, 1.73080456989e-06, 9.71697659224e-07, 2.74506305686e-07, 1.76534584284e-07, 1.18552367923e-08, 2.31181629395e-09, 1.52400154718e-08, 5.92737103844e-09, 6.23166851454e-10, 4.10271252735e-12]}, "barkbands_crest": {"dmean": 2.50494861603, "dmean2": 4.00433921814, "dvar": 4.72712802887, "dvar2": 11.7530698776, "max": 25.1574726105, "mean": 9.67774677277, "median": 8.89603042603, "min": 2.40546345711, "var": 14.6677465439}, "barkbands_flatness_db": {"dmean": 0.020290972665, "dmean2": 0.029720518738, "dvar": 0.000371334986994, "dvar2": 0.000811710604466, "max": 0.352487921715, "mean": 0.161996737123, "median": 0.159461587667, "min": 0.0130619658157, "var": 0.0020050087478}, "barkbands_kurtosis": {"dmean": 1.97219920158, "dmean2": 3.10779190063, "dvar": 12.0100126266, "dvar2": 29.4765853882, "max": 69.0615844727, "mean": 1.87959492207, "median": 0.152323737741, "min": -1.92449593544, "var": 30.6945114136}, "barkbands_skewness": {"dmean": 0.526894271374, "dmean2": 0.782028973103, "dvar": 0.266613125801, "dvar2": 0.596880376339, "max": 7.02931499481, "mean": 0.835102081299, "median": 0.685136973858, "min": -2.06274318695, "var": 1.47288906574}, "barkbands_spread": {"dmean": 5.90269184113, "dmean2": 9.06169033051, "dvar": 51.4667930603, "dvar2": 117.365936279, "max": 100.623970032, "mean": 22.5695438385, "median": 20.3482666016, "min": 1.3374569416, "var": 165.92565918}, "dissonance": {"dmean": 0.0204286053777, "dmean2": 0.0343192070723, "dvar": 0.00051247572992, "dvar2": 0.00135193462484, "max": 0.500000059605, "mean": 0.462706983089, "median": 0.471623212099, "min": 0, "var": 0.000970155932009}, "dynamic_complexity": 4.58195829391, "erbbands": {"dmean": [0.00819576531649, 0.251761764288, 1.25153243542, 1.59059691429, 3.69853138924, 4.2920923233, 4.29853153229, 3.9760415554, 3.69708108902, 7.24314403534, 16.1541290283, 12.5533218384, 13.1331415176, 26.5097141266, 16.2944107056, 22.4150180817, 24.1155261993, 15.7251405716, 18.0909862518, 11.9946727753, 13.2402267456, 11.9355459213, 17.3179130554, 13.5429391861, 6.7066617012, 4.06948184967, 7.2851190567, 2.63187384605, 1.47473883629, 0.748079478741, 0.297381609678, 0.273108184338, 0.327733546495, 0.110625296831, 0.0337953530252, 0.0124074509367, 0.0033036202658, 0.000370848720195, 2.46967301791e-05, 6.88847921992e-06], "dmean2": [0.0130600919947, 0.405206978321, 1.82916998863, 2.68271970749, 6.61225748062, 7.05900621414, 6.85181474686, 6.21520233154, 5.66372442245, 11.123755455, 23.9137229919, 18.5951442719, 19.2564182281, 37.7547416687, 23.0974903107, 31.695224762, 33.3595428467, 22.3737678528, 25.5925292969, 16.8776454926, 18.6592712402, 17.1236019135, 24.9015388489, 19.2977046967, 9.93189334869, 6.16559457779, 13.0520963669, 4.34031200409, 2.45624423027, 1.2717217207, 0.468416690826, 0.438443690538, 0.527984142303, 0.171354204416, 0.0520946681499, 0.0182970035821, 0.00462765526026, 0.000545936694834, 3.61275670002e-05, 9.48399065237e-06], "dvar": [0.000385557505069, 0.294248282909, 8.18664646149, 15.4942560196, 95.7121429443, 65.9529647827, 69.6134796143, 65.4058456421, 83.5622329712, 293.722015381, 2448.30493164, 1612.4777832, 2278.53295898, 10794.2763672, 7965.40380859, 10600.7666016, 7155.07373047, 1882.8314209, 2684.46704102, 877.296936035, 1275.70800781, 781.799499512, 1547.63183594, 1370.70837402, 282.618408203, 172.556106567, 950.101257324, 60.9998817444, 24.69323349, 6.86107063293, 1.815076828, 2.64542293549, 7.02422475815, 1.21620762348, 0.103466518223, 0.0178734082729, 0.00103446026333, 1.54309691425e-05, 9.88990080941e-08, 1.24663501744e-10], "dvar2": [0.00091517274268, 0.731340646744, 15.5675144196, 46.1460800171, 317.119537354, 164.193511963, 151.171981812, 146.629898071, 182.367095947, 574.468139648, 4796.49072266, 2924.73681641, 3855.02783203, 19330.7558594, 18797.9570313, 22791.4609375, 12282.5878906, 3625.53125, 4761.74414063, 1707.47631836, 2360.72509766, 1707.22814941, 3082.63012695, 3137.0690918, 608.812011719, 327.193054199, 2740.38623047, 166.499908447, 69.6004180908, 19.373752594, 4.22657680511, 6.55225658417, 17.1570014954, 2.50926995277, 0.236009538174, 0.0405582822859, 0.00206428347155, 2.65666840278e-05, 1.87131618645e-07, 2.39981201577e-10], "max": [0.360245585442, 8.97500896454, 91.3501739502, 105.814842224, 179.896209717, 127.073478699, 216.703948975, 181.956039429, 272.291870117, 439.169708252, 990.552062988, 1703.99536133, 2753.4777832, 4130.51757813, 2806.65478516, 4311.53173828, 3868.48095703, 1748.54467773, 1689.22338867, 655.718505859, 1402.50231934, 785.763427734, 989.249084473, 1068.96899414, 662.881958008, 517.019104004, 639.065917969, 150.347335815, 109.738349915, 46.0596084595, 45.8972511292, 49.7041244507, 86.041847229, 47.3835029602, 15.2280187607, 5.84955453873, 1.52981925011, 0.206283196807, 0.020319884643, 0.000493783329148], "mean": [0.0136069646105, 0.409530103207, 2.3172955513, 2.50399208069, 4.34587430954, 6.52359628677, 7.83974409103, 6.89099025726, 6.67092847824, 12.8387670517, 27.8081626892, 22.1362419128, 25.1787052155, 45.6437034607, 26.6157817841, 38.5489044189, 47.8175544739, 29.4308948517, 38.1195526123, 25.8841609955, 30.3926086426, 28.3616790771, 40.6373138428, 29.6382255554, 14.0712041855, 6.94048976898, 6.75661373138, 3.63106322289, 1.80422234535, 0.780763268471, 0.373315125704, 0.30991563201, 0.332317024469, 0.125194251537, 0.039292935282, 0.014497234486, 0.00358219793998, 0.00042445663712, 3.60201920557e-05, 2.17739234358e-05], "median": [0.00406672386453, 0.149207174778, 0.631578862667, 0.950305998325, 1.90655004978, 2.76080846786, 2.8973441124, 2.54827237129, 2.56538105011, 3.81175231934, 4.59673118591, 5.45139503479, 4.63674640656, 6.49986314774, 3.45597839355, 3.83402729034, 5.31807231903, 6.40234327316, 6.7956571579, 5.60237455368, 6.6861371994, 8.33057689667, 9.0130739212, 7.78124427795, 4.20508098602, 1.5552508831, 1.41778576374, 1.22285759449, 0.56034040451, 0.18522182107, 0.0782406553626, 0.0465613938868, 0.0299285016954, 0.0128473974764, 0.00436165230349, 0.00129599322099, 0.000317298370646, 4.69489859825e-05, 1.369169604e-05, 1.64249850059e-05], "min": [2.03193868053e-21, 4.90710196554e-21, 2.1425774398e-20, 2.21872135389e-20, 3.71832387186e-20, 2.0969935842e-19, 3.89533257425e-19, 3.88832325254e-19, 6.37857271711e-19, 1.07592922899e-18, 1.10437876199e-18, 9.67759544066e-19, 1.478386408e-18, 1.48213808567e-18, 1.13716303159e-18, 2.36951056345e-18, 6.11483755253e-18, 9.22547671581e-18, 7.87090973293e-18, 7.3909853318e-18, 4.07297322971e-18, 1.10207903445e-17, 1.46005087439e-17, 1.0095339848e-17, 1.27932018235e-17, 1.25933136285e-17, 2.08474743372e-17, 1.60177818075e-17, 1.79041804293e-17, 1.65007957282e-17, 1.66923211272e-17, 1.73706042664e-17, 1.44277487642e-17, 1.37193670041e-17, 8.60385048548e-18, 6.05302317253e-18, 2.61176694944e-18, 1.29292982633e-18, 3.04376486778e-19, 2.96132016387e-20], "var": [0.000765078817494, 0.495210468769, 29.0881481171, 25.776517868, 82.5712661743, 132.506271362, 215.081085205, 179.427139282, 188.530197144, 862.039245605, 6513.41259766, 4786.79736328, 9984.4296875, 35862.546875, 13930.1171875, 20368.5410156, 33083.1953125, 6632.64794922, 11722.6708984, 3144.0769043, 6874.95507813, 2968.20678711, 5781.71582031, 4112.39257813, 828.822937012, 413.670501709, 598.053161621, 56.7630500793, 19.3151931763, 5.01433944702, 2.1521935463, 2.83210515976, 7.62312793732, 1.58850669861, 0.12418794632, 0.0227737613022, 0.00162783404812, 2.71457720373e-05, 1.34749114977e-07, 4.69851879625e-10]}, "erbbands_crest": {"dmean": 3.11528730392, "dmean2": 4.99013280869, "dvar": 8.40980529785, "dvar2": 20.5705394745, "max": 32.6298408508, "mean": 11.5157632828, "median": 10.3470468521, "min": 2.96655273438, "var": 27.3296718597}, "erbbands_flatness_db": {"dmean": 0.0182638652623, "dmean2": 0.0261878445745, "dvar": 0.000294251920423, "dvar2": 0.00056991429301, "max": 0.369824230671, "mean": 0.216709241271, "median": 0.213767305017, "min": 0.0558632090688, "var": 0.00214307289571}, "erbbands_kurtosis": {"dmean": 1.25700426102, "dmean2": 1.92418134212, "dvar": 2.86805319786, "dvar2": 6.45856571198, "max": 35.1646881104, "mean": 1.1282106638, "median": 0.143767848611, "min": -1.84738862514, "var": 8.99293804169}, "erbbands_skewness": {"dmean": 0.43846014142, "dmean2": 0.672838568687, "dvar": 0.184210777283, "dvar2": 0.441431701183, "max": 3.48790311813, "mean": -0.242276236415, "median": -0.110897697508, "min": -4.49739170074, "var": 1.04967021942}, "erbbands_spread": {"dmean": 7.00921583176, "dmean2": 10.7267866135, "dvar": 58.5878219604, "dvar2": 131.905426025, "max": 112.838348389, "mean": 29.6107997894, "median": 27.6753749847, "min": 2.02179479599, "var": 240.80267334}, "gfcc": {"cov": [[11093.7392578, 250.698776245, -1034.69519043, 128.581100464, -595.557617188, 51.6106872559, -71.0386352539, -53.5960350037, 38.8873596191, -369.490722656, -33.5174331665, -59.491153717, 109.685844421], [250.698776245, 1089.30358887, 197.219390869, 24.1051387787, 310.840789795, -20.8860321045, 225.861572266, -153.400558472, 60.1230659485, -81.1159057617, -39.6445655823, -46.245349884, 36.9779129028], [-1034.69519043, 197.219390869, 815.986206055, 190.665908813, 47.5845375061, 143.922531128, 30.0586452484, -2.01632237434, -21.1822566986, 4.57272005081, -68.5743026733, 16.1482048035, -3.40670490265], [128.581100464, 24.1051387787, 190.665908813, 536.01348877, 160.246459961, -183.270431519, -46.4306678772, 45.4915122986, 51.7274780273, 9.53413200378, -27.8672504425, -6.24611711502, 23.6505222321], [-595.557617188, 310.840789795, 47.5845375061, 160.246459961, 475.587890625, -63.4157676697, 45.4317169189, 32.2721939087, 71.2363357544, 28.8236865997, -8.34078788757, -16.5119037628, -3.62928366661], [51.6106872559, -20.8860321045, 143.922531128, -183.270431519, -63.4157676697, 430.842041016, 119.149208069, -65.6631622314, -45.8552398682, -12.8224725723, 13.4832057953, 0.699484527111, -15.9728775024], [-71.0386352539, 225.861572266, 30.0586452484, -46.4306678772, 45.4317169189, 119.149208069, 260.468719482, -23.4311218262, -29.5934867859, -8.11480903625, 19.9684257507, 9.47250938416, -6.24155569077], [-53.5960350037, -153.400558472, -2.01632237434, 45.4915122986, 32.2721939087, -65.6631622314, -23.4311218262, 217.803497314, 62.567199707, 1.80134475231, 1.75105667114, 13.9255208969, -16.6839027405], [38.8873596191, 60.1230659485, -21.1822566986, 51.7274780273, 71.2363357544, -45.8552398682, -29.5934867859, 62.567199707, 164.509918213, 26.6873321533, -31.0860939026, -25.0348186493, 19.6061229706], [-369.490722656, -81.1159057617, 4.57272005081, 9.53413200378, 28.8236865997, -12.8224725723, -8.11480903625, 1.80134475231, 26.6873321533, 141.753417969, 31.9135990143, -12.5913915634, 1.21200597286], [-33.5174331665, -39.6445655823, -68.5743026733, -27.8672504425, -8.34078788757, 13.4832057953, 19.9684257507, 1.75105667114, -31.0860939026, 31.9135990143, 119.890335083, 35.3030700684, -19.3139705658], [-59.491153717, -46.245349884, 16.1482048035, -6.24611711502, -16.5119037628, 0.699484527111, 9.47250938416, 13.9255208969, -25.0348186493, -12.5913915634, 35.3030700684, 105.027191162, 22.6231765747], [109.685844421, 36.9779129028, -3.40670490265, 23.6505222321, -3.62928366661, -15.9728775024, -6.24155569077, -16.6839027405, 19.6061229706, 1.21200597286, -19.3139705658, 22.6231765747, 96.2938232422]], "icov": [[0.000180369024747, -0.000395884126192, 0.000491372018587, -0.000452567212051, 0.000484854099341, -0.000465483113658, 0.000362921011401, -0.00035628664773, 0.000179909708095, 5.9240112023e-05, 0.000184233911568, -9.25643689698e-05, -7.14318616701e-07], [-0.000395884126192, 0.00396848842502, -0.0025031385012, 0.00223917653784, -0.0028468016535, 0.00296294386499, -0.00356128788553, 0.00369517598301, -0.0027611721307, 0.00292936270125, -0.00200583133847, 0.00204722839408, -0.00127590436023], [0.000491372018587, -0.0025031385012, 0.00379674695432, -0.00276996870525, 0.00210962630808, -0.0032058309298, 0.00231544813141, -0.00245192483999, 0.00209177983925, -0.00185640843119, 0.00280436780304, -0.00201125163585, 0.00112163950689], [-0.000452567212051, 0.00223917653784, -0.00276996870525, 0.00457724044099, -0.00261440710165, 0.00335007463582, -0.00193700147793, 0.00197394751012, -0.00170309294481, 0.00141061085742, -0.00162472587544, 0.00148335844278, -0.00123831513338], [0.000484854099341, -0.0028468016535, 0.00210962630808, -0.00261440710165, 0.0049433610402, -0.00213423930109, 0.00177493621595, -0.00256563723087, 0.000822123722173, -0.00191258068662, 0.00140058726538, -0.0012479381403, 0.0011912828777], [-0.000465483113658, 0.00296294386499, -0.0032058309298, 0.00335007463582, -0.00213423930109, 0.00619922252372, -0.0039782198146, 0.00346130877733, -0.00222692149691, 0.00219256523997, -0.00228201621212, 0.00191369978711, -0.000735584588256], [0.000362921011401, -0.00356128788553, 0.00231544813141, -0.00193700147793, 0.00177493621595, -0.0039782198146, 0.00790835730731, -0.00329039944336, 0.00311781279743, -0.00231752404943, 0.00126300856937, -0.00197391980328, 0.000972787151113], [-0.00035628664773, 0.00369517598301, -0.00245192483999, 0.00197394751012, -0.00256563723087, 0.00346130877733, -0.00329039944336, 0.0092821251601, -0.00521883321926, 0.00312457513064, -0.00208758353256, 0.000210012600292, 0.000842896581162], [0.000179909708095, -0.0027611721307, 0.00209177983925, -0.00170309294481, 0.000822123722173, -0.00222692149691, 0.00311781279743, -0.00521883321926, 0.010894796811, -0.00397273385897, 0.00340883783065, 0.000259649270447, -0.00123838509899], [5.9240112023e-05, 0.00292936270125, -0.00185640843119, 0.00141061085742, -0.00191258068662, 0.00219256523997, -0.00231752404943, 0.00312457513064, -0.00397273385897, 0.0116041945294, -0.00543052423745, 0.00393111351877, -0.00227173161693], [0.000184233911568, -0.00200583133847, 0.00280436780304, -0.00162472587544, 0.00140058726538, -0.00228201621212, 0.00126300856937, -0.00208758353256, 0.00340883783065, -0.00543052423745, 0.0139892576262, -0.00633703125641, 0.00412206444889], [-9.25643689698e-05, 0.00204722839408, -0.00201125163585, 0.00148335844278, -0.0012479381403, 0.00191369978711, -0.00197391980328, 0.000210012600292, 0.000259649270447, 0.00393111351877, -0.00633703125641, 0.0146093741059, -0.00574305187911], [-7.14318616701e-07, -0.00127590436023, 0.00112163950689, -0.00123831513338, 0.0011912828777, -0.000735584588256, 0.000972787151113, 0.000842896581162, -0.00123838509899, -0.00227173161693, 0.00412206444889, -0.00574305187911, 0.0138082373887]], "mean": [-72.4242935181, 121.852615356, -150.788330078, 36.0262069702, -46.8992958069, -4.52133512497, -29.6454467773, 0.479068815708, -22.000919342, -5.71792268753, -15.6264772415, -8.04030895233, -8.98906040192]}, "hfc": {"dmean": 5.11879777908, "dmean2": 6.87690544128, "dvar": 58.6443367004, "dvar2": 105.45904541, "max": 170.831069946, "mean": 16.4884605408, "median": 9.98822307587, "min": 1.09369807357e-16, "var": 334.447723389}, "melbands": {"dmean": [0.000154188572196, 0.000540049630217, 0.000353170151357, 0.000269114098046, 0.000158783281222, 8.77168713487e-05, 6.10353527009e-05, 8.93785327207e-05, 0.000129841922899, 7.99513509264e-05, 6.69240325806e-05, 0.000106998013507, 5.91959142184e-05, 6.34944735793e-05, 5.48283533135e-05, 5.33129932592e-05, 2.88505980279e-05, 2.99982530123e-05, 2.45097617153e-05, 1.28565288833e-05, 1.89010388567e-05, 1.41827686093e-05, 1.73947883013e-05, 1.40602687679e-05, 1.20254926514e-05, 6.55398162053e-06, 4.19214575231e-06, 2.38846450884e-06, 4.9680443226e-06, 2.90230786959e-06, 1.21953723919e-06, 9.09465370569e-07, 5.90060778904e-07, 3.37235206871e-07, 1.54055982193e-07, 1.8732224305e-07, 1.59361533747e-07, 2.5212753485e-07, 1.70415646039e-07, 7.35611749292e-08], "dmean2": [0.000249041069765, 0.000803174683824, 0.000609935261309, 0.000461376737803, 0.000251702324022, 0.000136777976877, 9.38433004194e-05, 0.000136165428557, 0.000191229992197, 0.000117486342788, 9.97528768494e-05, 0.000154042470967, 8.86146299308e-05, 8.90385272214e-05, 7.62672425481e-05, 7.66283628764e-05, 4.15945578425e-05, 4.33713685197e-05, 3.5265526094e-05, 1.84195996553e-05, 2.69568809017e-05, 2.0443352696e-05, 2.58716590906e-05, 2.00668837351e-05, 1.7421962184e-05, 9.78426669462e-06, 6.23449977866e-06, 3.68190080735e-06, 8.87945861905e-06, 5.10084873895e-06, 1.96434575628e-06, 1.51014751282e-06, 1.02595049611e-06, 5.69972087305e-07, 2.36998801029e-07, 3.03930818291e-07, 2.61721623929e-07, 4.13483178363e-07, 2.6637121664e-07, 1.17166948144e-07], "dvar": [1.23672592167e-07, 1.32313698487e-06, 8.59339024828e-07, 3.09365958628e-07, 8.99773553442e-08, 2.96715718662e-08, 2.11405364325e-08, 4.46378116692e-08, 1.48285820956e-07, 6.39404476033e-08, 5.67409337293e-08, 1.7220583004e-07, 1.03308607891e-07, 8.21970118636e-08, 7.34632692456e-08, 2.78056688785e-08, 8.434408727e-09, 9.02368135769e-09, 4.0216594499e-09, 1.445763953e-09, 3.1718272453e-09, 1.46823819769e-09, 1.70281677647e-09, 1.45586542821e-09, 1.1805281197e-09, 3.69314523407e-10, 2.40466757617e-10, 5.56658677486e-11, 4.44255410237e-10, 1.46807344059e-10, 9.87882779052e-12, 9.09913550756e-12, 5.16127375214e-12, 1.25895485443e-12, 4.77409453116e-13, 1.36965634147e-12, 9.90611889393e-13, 4.00979770221e-12, 2.52915353591e-12, 6.01403963522e-13], "dvar2": [3.04042600874e-07, 2.71422027254e-06, 2.73737941825e-06, 9.30325654735e-07, 1.94726226255e-07, 6.66770958446e-08, 4.50229187265e-08, 9.08210679995e-08, 2.86977041242e-07, 1.11284556681e-07, 9.78137393304e-08, 3.07833232682e-07, 2.62421963271e-07, 1.80583057841e-07, 1.3908217511e-07, 5.44948335346e-08, 1.63427422706e-08, 1.58855950616e-08, 7.88621168368e-09, 3.17651793758e-09, 6.03494809681e-09, 3.23736970564e-09, 3.58990859262e-09, 2.75410161343e-09, 2.75264988581e-09, 9.19379183895e-10, 4.12756634427e-10, 1.16192569455e-10, 1.27911581327e-09, 4.22444051962e-10, 2.605174583e-11, 2.54922749576e-11, 1.48897075225e-11, 3.49195910902e-12, 1.1068770683e-12, 3.45590006265e-12, 2.53319240584e-12, 1.0172231113e-11, 5.56970051677e-12, 1.27257167477e-12], "max": [0.00576073955745, 0.0328186452389, 0.0239302404225, 0.00888429954648, 0.00653673801571, 0.00374933402054, 0.00434325588867, 0.00478263990954, 0.00798146799207, 0.0108012976125, 0.0133472923189, 0.0158850606531, 0.0100503349677, 0.010325034149, 0.0143910981715, 0.00485902233049, 0.00373290432617, 0.00284172710963, 0.00128195795696, 0.00111159752123, 0.0022779989522, 0.00130920344964, 0.00122455996461, 0.00139478524216, 0.00101978017483, 0.000600940780714, 0.000855963211507, 0.000265925278654, 0.000346430053469, 0.000296684214845, 6.2875005824e-05, 6.79760560161e-05, 4.22929915658e-05, 2.03667859751e-05, 2.50244011113e-05, 4.27719969593e-05, 2.95102418022e-05, 5.77910541324e-05, 6.45985201118e-05, 3.36084412993e-05], "mean": [0.000245682662353, 0.000991660053842, 0.000524921517354, 0.000378519092919, 0.000295092031593, 0.000152230029926, 0.000108408508822, 0.000160229727044, 0.00021589708922, 0.000137747629196, 0.000120805030747, 0.000182644696906, 8.6994463345e-05, 0.000101178215118, 0.000100199482404, 9.48269662331e-05, 4.76087698189e-05, 6.00029306952e-05, 4.70600316476e-05, 2.36586092797e-05, 4.15703798353e-05, 2.89121999231e-05, 3.83167061955e-05, 2.89231793431e-05, 2.46142208198e-05, 1.23240306493e-05, 7.79403217166e-06, 3.58263037015e-06, 4.38230063082e-06, 3.06967604047e-06, 1.80908853054e-06, 1.10039525225e-06, 6.05362117767e-07, 3.46854932332e-07, 1.99944935275e-07, 2.07963680054e-07, 1.76275094077e-07, 2.49286017606e-07, 1.75445407535e-07, 8.31910895727e-08], "median": [7.87932804087e-05, 0.000331135292072, 0.000212548038689, 0.000182859526831, 0.000113660476927, 5.71799682803e-05, 3.83794831578e-05, 3.93914415326e-05, 3.43917199643e-05, 2.95060854114e-05, 1.97686695174e-05, 2.31080848607e-05, 9.68381027633e-06, 9.52572190727e-06, 7.51698598833e-06, 1.10008695628e-05, 9.05362139747e-06, 8.23142818263e-06, 7.65202457842e-06, 4.49453045803e-06, 7.45096303945e-06, 6.73423210173e-06, 7.21822380001e-06, 6.66060850563e-06, 4.95766016684e-06, 3.18281399814e-06, 1.71504723312e-06, 7.04976059751e-07, 7.60091779739e-07, 8.55233736274e-07, 6.0708532601e-07, 3.11610989456e-07, 1.43942557429e-07, 7.08530123461e-08, 4.16392929026e-08, 3.11217398519e-08, 2.36455104385e-08, 2.03309244995e-08, 1.39069653571e-08, 8.16489986732e-09], "min": [1.55638974939e-23, 9.51409954591e-24, 4.56080997316e-24, 6.86723218404e-24, 1.52678364184e-23, 8.284155743e-24, 1.16154167381e-23, 1.15343289368e-23, 8.03773452887e-24, 6.11926582814e-24, 7.27142715693e-24, 6.07911833009e-24, 3.75999269763e-24, 2.88628566053e-24, 1.33037068708e-23, 1.17259306289e-23, 1.83671478527e-23, 1.27297790078e-23, 1.32175198726e-23, 5.48877703268e-24, 4.54851163165e-24, 1.16924442724e-23, 1.19176435504e-23, 1.18430583296e-23, 7.32695902035e-24, 1.13819336317e-23, 6.23270678733e-24, 8.51649105681e-24, 1.40404177593e-23, 1.07687504724e-23, 8.43911169061e-24, 8.6868676574e-24, 1.33057547537e-23, 7.877931031e-24, 8.62591553069e-24, 1.26662307398e-23, 9.22286708806e-24, 9.01028248473e-24, 1.17676353384e-23, 1.15202154264e-23], "var": [2.12387831766e-07, 4.15903332396e-06, 1.12536497454e-06, 4.03307666375e-07, 2.67525706477e-07, 8.15603868887e-08, 5.01127708219e-08, 1.42360292443e-07, 3.80069963057e-07, 2.0545667212e-07, 2.3939568905e-07, 5.72036526592e-07, 1.56389347694e-07, 1.49281461859e-07, 2.29364090387e-07, 9.45319058587e-08, 2.79497136546e-08, 3.90675189976e-08, 1.23533636653e-08, 3.55596618817e-09, 1.74151288945e-08, 5.2720023902e-09, 5.67947733288e-09, 3.76513575873e-09, 3.50429507634e-09, 7.34073191122e-10, 6.53204879075e-10, 1.09425211947e-10, 2.87937174104e-10, 9.20685680472e-11, 1.19290584355e-11, 7.40601763943e-12, 3.41757438321e-12, 9.85995573383e-13, 5.7285204141e-13, 1.37382954405e-12, 9.72391221363e-13, 4.13457809656e-12, 2.99911462852e-12, 7.60021711364e-13]}, "melbands_crest": {"dmean": 3.3315975666, "dmean2": 5.30237722397, "dvar": 8.13216018677, "dvar2": 19.6723995209, "max": 30.2382087708, "mean": 13.7064828873, "median": 12.8178815842, "min": 1.8761793375, "var": 27.7469825745}, "melbands_flatness_db": {"dmean": 0.0276237949729, "dmean2": 0.0398553647101, "dvar": 0.000752252235543, "dvar2": 0.00159370433539, "max": 0.460239827633, "mean": 0.218120202422, "median": 0.213336542249, "min": 0.00526283914223, "var": 0.00377480918542}, "melbands_kurtosis": {"dmean": 4.51726150513, "dmean2": 7.05964374542, "dvar": 71.3284606934, "dvar2": 176.487350464, "max": 195.71131897, "mean": 6.9867181778, "median": 2.46959090233, "min": -1.90005433559, "var": 176.24961853}, "melbands_skewness": {"dmean": 0.655402779579, "dmean2": 0.973305165768, "dvar": 0.450264006853, "dvar2": 0.998015642166, "max": 11.7268476486, "mean": 1.81835079193, "median": 1.54364979267, "min": -2.25219869614, "var": 2.51850652695}, "melbands_spread": {"dmean": 9.41698360443, "dmean2": 14.5819673538, "dvar": 170.095748901, "dvar2": 419.449554443, "max": 172.253799438, "mean": 31.1295452118, "median": 25.6387519836, "min": 1.15284252167, "var": 477.27911377}, "mfcc": {"cov": [[8821.17089844, 537.030395508, -808.734191895, 2.78490781784, -399.511657715, -40.3697357178, -209.257446289, 133.254623413, -178.386322021, -100.958679199, -101.596626282, -63.9488563538, -157.89201355], [537.030395508, 1377.48608398, -107.140838623, 110.421890259, 30.100933075, 213.747970581, 86.3781814575, 50.2326087952, 80.1081466675, -38.4213142395, 21.3656082153, -29.7128448486, -71.1066055298], [-808.734191895, -107.140838623, 761.341064453, -49.7530555725, 8.95366668701, 150.279769897, 58.4608192444, 36.2870330811, 28.2677536011, -2.88480257988, -50.435295105, -8.34511470795, 15.5356721878], [2.78490781784, 110.421890259, -49.7530555725, 752.872436523, 220.833099365, -130.97958374, -52.3278923035, -49.7013397217, 95.0587615967, -24.3714771271, 3.68722057343, 45.9877586365, 31.1019306183], [-399.511657715, 30.100933075, 8.95366668701, 220.833099365, 348.73034668, -17.6830558777, -52.9555625916, 5.4987244606, 70.7376022339, 44.5256690979, 14.9605932236, 12.9846544266, 15.2167673111], [-40.3697357178, 213.747970581, 150.279769897, -130.97958374, -17.6830558777, 343.592590332, 111.46131134, 15.8938951492, 14.0920972824, 4.69954919815, -9.83256816864, -22.4697952271, -26.3889255524], [-209.257446289, 86.3781814575, 58.4608192444, -52.3278923035, -52.9555625916, 111.46131134, 237.591217041, 48.7636566162, -19.4418678284, -30.7617912292, 37.127986908, 10.508398056, 3.22459554672], [133.254623413, 50.2326087952, 36.2870330811, -49.7013397217, 5.4987244606, 15.8938951492, 48.7636566162, 198.030319214, 16.8962211609, -13.7968826294, 13.857676506, 5.24934959412, -8.39914131165], [-178.386322021, 80.1081466675, 28.2677536011, 95.0587615967, 70.7376022339, 14.0920972824, -19.4418678284, 16.8962211609, 164.493637085, 40.3349456787, -13.962138176, 13.8586959839, 12.7888803482], [-100.958679199, -38.4213142395, -2.88480257988, -24.3714771271, 44.5256690979, 4.69954919815, -30.7617912292, -13.7968826294, 40.3349456787, 150.308883667, 21.8851718903, -8.38790512085, 7.92696142197], [-101.596626282, 21.3656082153, -50.435295105, 3.68722057343, 14.9605932236, -9.83256816864, 37.127986908, 13.857676506, -13.962138176, 21.8851718903, 132.218917847, 24.9837837219, -5.36118459702], [-63.9488563538, -29.7128448486, -8.34511470795, 45.9877586365, 12.9846544266, -22.4697952271, 10.508398056, 5.24934959412, 13.8586959839, -8.38790512085, 24.9837837219, 104.379737854, 21.6516590118], [-157.89201355, -71.1066055298, 15.5356721878, 31.1019306183, 15.2167673111, -26.3889255524, 3.22459554672, -8.39914131165, 12.7888803482, 7.92696142197, -5.36118459702, 21.6516590118, 112.571838379]], "icov": [[0.000157388320076, -4.3283951527e-05, 0.000168123136973, -0.000100342243968, 0.000229922487051, -0.000113896887342, 0.000228929377045, -0.000230085846852, 0.000197710643988, -3.88926346204e-05, 0.000153919143486, -1.10822820716e-05, 0.000106167193735], [-4.3283951527e-05, 0.000967790023424, 0.00022676201479, -0.000215009655221, -7.65569348005e-06, -0.000682642334141, -0.000124848185806, -0.000130037893541, -0.000537363579497, 0.000353718292899, -0.000258604588453, 0.000318587379297, 0.000376142561436], [0.000168123136973, 0.00022676201479, 0.00176329107489, -0.000157943330123, 0.000171410210896, -0.000926089880522, 7.14150010026e-05, -0.000530958583113, -1.58960592671e-05, 3.08945782308e-05, 0.000701529497746, 2.92147287837e-05, -7.51682091504e-05], [-0.000100342243968, -0.000215009655221, -0.000157943330123, 0.00214637350291, -0.00134591909591, 0.00100779288914, -0.000390027358662, 0.000900331768207, -0.00103323254734, 0.000872522126883, -0.00010202939302, -0.000425591715612, -0.000218300061533], [0.000229922487051, -7.65569348005e-06, 0.000171410210896, -0.00134591909591, 0.00437078252435, -0.000682749378029, 0.00125246634707, -0.000912764749955, -0.000365397514543, -0.000996137969196, -0.000410744542023, 6.39228892396e-05, -0.000109190877993], [-0.000113896887342, -0.000682642334141, -0.000926089880522, 0.00100779288914, -0.000682749378029, 0.0048815025948, -0.00223419256508, 0.000858089653775, -0.000630465336144, -0.000369268178474, 0.000583690591156, 0.000306692003505, 0.000689486565534], [0.000228929377045, -0.000124848185806, 7.14150010026e-05, -0.000390027358662, 0.00125246634707, -0.00223419256508, 0.00650910660625, -0.00159070908558, 0.000802520837169, 0.00101389677729, -0.00178490753751, -0.0003539166064, -0.000837539380882], [-0.000230085846852, -0.000130037893541, -0.000530958583113, 0.000900331768207, -0.000912764749955, 0.000858089653775, -0.00159070908558, 0.00615493953228, -0.00140594004188, 0.000881744432263, -0.000672853842843, -0.000119679774798, 0.000337609148119], [0.000197710643988, -0.000537363579497, -1.58960592671e-05, -0.00103323254734, -0.000365397514543, -0.000630465336144, 0.000802520837169, -0.00140594004188, 0.00854157377034, -0.00260766642168, 0.00174824742135, -0.00134802109096, -0.000444969540695], [-3.88926346204e-05, 0.000353718292899, 3.08945782308e-05, 0.000872522126883, -0.000996137969196, -0.000369268178474, 0.00101389677729, 0.000881744432263, -0.00260766642168, 0.00860963296145, -0.0023720159661, 0.00133815617301, -0.000671975663863], [0.000153919143486, -0.000258604588453, 0.000701529497746, -0.00010202939302, -0.000410744542023, 0.000583690591156, -0.00178490753751, -0.000672853842843, 0.00174824742135, -0.0023720159661, 0.00974280852824, -0.00246761506423, 0.00108421233017], [-1.10822820716e-05, 0.000318587379297, 2.92147287837e-05, -0.000425591715612, 6.39228892396e-05, 0.000306692003505, -0.0003539166064, -0.000119679774798, -0.00134802109096, 0.00133815617301, -0.00246761506423, 0.0112151736394, -0.00185198150575], [0.000106167193735, 0.000376142561436, -7.51682091504e-05, -0.000218300061533, -0.000109190877993, 0.000689486565534, -0.000837539380882, 0.000337609148119, -0.000444969540695, -0.000671975663863, 0.00108421233017, -0.00185198150575, 0.0100716818124]], "mean": [-703.090759277, 141.966583252, -32.9390983582, 37.8464660645, -1.83430087566, 2.04143309593, -0.845740556717, 1.39660704136, 0.646934568882, -3.82126832008, 1.63823080063, -1.76288557053, -10.60521698]}, "pitch_salience": {"dmean": 0.0717121437192, "dmean2": 0.114495284855, "dvar": 0.00391725683585, "dvar2": 0.00979248713702, "max": 0.988274931908, "mean": 0.549199104309, "median": 0.553079485893, "min": 0.129829540849, "var": 0.0131884235889}, "silence_rate_20dB": {"dmean": 0, "dmean2": 0, "dvar": 0, "dvar2": 0, "max": 1, "mean": 1, "median": 1, "min": 1, "var": 0}, "silence_rate_30dB": {"dmean": 0.00191570876632, "dmean2": 0.00383215164766, "dvar": 0.00191218184773, "dvar2": 0.00458389613777, "max": 1, "mean": 0.996935427189, "median": 1, "min": 0, "var": 0.00305529823527}, "silence_rate_60dB": {"dmean": 0.0333333350718, "dmean2": 0.0666794404387, "dvar": 0.0322236381471, "dvar2": 0.0729645118117, "max": 1, "mean": 0.113962844014, "median": 0, "min": 0, "var": 0.100974068046}, "spectral_centroid": {"dmean": 308.01953125, "dmean2": 453.886077881, "dvar": 161336.25, "dvar2": 365972.59375, "max": 10776.1474609, "mean": 1534.50769043, "median": 1425.78234863, "min": 221.02406311, "var": 507193.90625}, "spectral_complexity": {"dmean": 2.64980840683, "dmean2": 3.96972608566, "dvar": 9.42092132568, "dvar2": 18.1082077026, "max": 50, "mean": 13.3759813309, "median": 13, "min": 0, "var": 48.5333175659}, "spectral_contrast_coeffs": {"dmean": [0.0527883023024, 0.0483032390475, 0.0410055555403, 0.0338718667626, 0.0281703285873, 0.0213734935969], "dmean2": [0.0884523913264, 0.0782318785787, 0.0646265149117, 0.0514388643205, 0.0412364006042, 0.0329919457436], "dvar": [0.001789871254, 0.00148896116298, 0.00123708683532, 0.000828469230328, 0.00068150635343, 0.000427856808528], "dvar2": [0.00490929698572, 0.0036817274522, 0.00273884180933, 0.00173678819556, 0.00121893396135, 0.000993440393358], "max": [-0.32555860281, -0.406161427498, -0.392577081919, -0.493428319693, -0.516544878483, -0.574931025505], "mean": [-0.631263375282, -0.735773324966, -0.746465206146, -0.743604421616, -0.747824668884, -0.709633231163], "median": [-0.63189047575, -0.747289180756, -0.759691953659, -0.755607366562, -0.755922079086, -0.705074667931], "min": [-0.970334112644, -0.977408826351, -0.983020722866, -0.984070897102, -0.958667993546, -0.956808805466], "var": [0.00684642372653, 0.00657492689788, 0.00675891060382, 0.00532462308183, 0.00533198565245, 0.00241299858317]}, "spectral_contrast_valleys": {"dmean": [0.444827914238, 0.360134452581, 0.321462363005, 0.290976792574, 0.314979702234, 0.365450829268], "dmean2": [0.731340169907, 0.581466794014, 0.491706699133, 0.431966871023, 0.448421955109, 0.500511407852], "dvar": [0.164022013545, 0.104918308556, 0.101066358387, 0.082644470036, 0.127433314919, 0.211538687348], "dvar2": [0.373328000307, 0.222081750631, 0.183656394482, 0.137421429157, 0.215331405401, 0.389394760132], "max": [-5.60108566284, -5.28564739227, -5.30410146713, -5.67848014832, -5.74199676514, -8.07514476776], "mean": [-7.97715425491, -7.24997758865, -7.88853740692, -8.25694561005, -8.15642261505, -11.6310625076], "median": [-7.75179004669, -7.06811332703, -7.71906614304, -8.10332298279, -8.07808876038, -11.5424423218], "min": [-27.058511734, -26.9999427795, -27.3585243225, -27.3584213257, -27.3037281036, -27.2752418518], "var": [1.49245882034, 1.30630648136, 1.42255234718, 1.24228394032, 1.249127388, 1.25388872623]}, "spectral_decrease": {"dmean": 1.28731914018e-09, "dmean2": 1.78060066691e-09, "dvar": 3.0349407635e-18, "dvar2": 6.19648937797e-18, "max": -2.5192460666e-29, "mean": -4.12953848894e-09, "median": -3.01345792764e-09, "min": -3.46392141637e-08, "var": 1.55358018625e-17}, "spectral_energy": {"dmean": 0.0052271168679, "dmean2": 0.00719696469605, "dvar": 4.82845352963e-05, "dvar2": 9.53020644374e-05, "max": 0.134108990431, "mean": 0.0170813817531, "median": 0.0126270018518, "min": 1.00152354771e-20, "var": 0.000260917382548}, "spectral_energyband_high": {"dmean": 0.000230539328186, "dmean2": 0.000387419277104, "dvar": 5.94270204601e-07, "dvar2": 1.66491508935e-06, "max": 0.0134401908144, "mean": 0.00027528704959, "median": 8.08909680927e-05, "min": 7.2561931232e-21, "var": 4.66194165938e-07}, "spectral_energyband_low": {"dmean": 0.00193461310118, "dmean2": 0.00288491370156, "dvar": 1.50227997437e-05, "dvar2": 3.13318050758e-05, "max": 0.10182274133, "mean": 0.00377849093638, "median": 0.00147146498784, "min": 8.14533910065e-23, "var": 4.89423619001e-05}, "spectral_energyband_middle_high": {"dmean": 0.00230080727488, "dmean2": 0.00288470671512, "dvar": 1.82229523489e-05, "dvar2": 2.5551793442e-05, "max": 0.12927120924, "mean": 0.00695738662034, "median": 0.00298759364523, "min": 1.43134890929e-21, "var": 0.000122080527944}, "spectral_energyband_middle_low": {"dmean": 0.00278941425495, "dmean2": 0.00439235661179, "dvar": 2.05970081879e-05, "dvar2": 5.58466781513e-05, "max": 0.0827696174383, "mean": 0.00650765141472, "median": 0.00433578016236, "min": 2.73669832947e-22, "var": 5.30546021764e-05}, "spectral_entropy": {"dmean": 0.187535986304, "dmean2": 0.266147911549, "dvar": 0.0311579648405, "dvar2": 0.0624519735575, "max": 9.79673290253, "mean": 7.19351148605, "median": 7.20018005371, "min": 5.93810844421, "var": 0.178149878979}, "spectral_flux": {"dmean": 0.0200915951282, "dmean2": 0.0306849628687, "dvar": 0.000455506960861, "dvar2": 0.000977513962425, "max": 0.397813081741, "mean": 0.0674749165773, "median": 0.0610048286617, "min": 1.00076148757e-10, "var": 0.00166718056425}, "spectral_kurtosis": {"dmean": 2.73489642143, "dmean2": 4.68165397644, "dvar": 6.24861764908, "dvar2": 17.9873905182, "max": 27.1850566864, "mean": 5.76753902435, "median": 5.09914779663, "min": -1.30970585346, "var": 12.7294597626}, "spectral_rms": {"dmean": 0.000606167246588, "dmean2": 0.000820398388896, "dvar": 4.02734400495e-07, "dvar2": 7.19141610261e-07, "max": 0.0114384461194, "mean": 0.00365758803673, "median": 0.00350984698161, "min": 3.12585374251e-12, "var": 3.2868076687e-06}, "spectral_rolloff": {"dmean": 490.8253479, "dmean2": 823.563903809, "dvar": 808819.8125, "dvar2": 1785549.5, "max": 18712.3535156, "mean": 1763.76733398, "median": 1550.390625, "min": 107.666015625, "var": 1548565.75}, "spectral_skewness": {"dmean": 0.333871155977, "dmean2": 0.543263673782, "dvar": 0.0892084464431, "dvar2": 0.236749470234, "max": 3.55531215668, "mean": 1.40751802921, "median": 1.39321100712, "min": -0.00466451141983, "var": 0.247833028436}, "spectral_spread": {"dmean": 373602.75, "dmean2": 555068.9375, "dvar": 5026628