{"lowlevel": {"average_loudness": 0.906284451485, "barkbands": {"dmean": [2.46326671913e-05, 0.001753478311, 0.0028650558088, 0.0038782665506, 0.0022727206815, 0.000822417496238, 0.000919830228668, 0.000930697424337, 0.000822593749035, 0.000645537860692, 0.00044024377712, 0.000541881308891, 0.000378809752874, 0.000360465433914, 0.000393491267459, 0.000230539604672, 0.000186252960702, 0.000139843104989, 9.36300275498e-05, 6.22532315901e-05, 6.21081271674e-05, 9.44551939028e-05, 0.000141516895383, 9.27541332203e-05, 0.000108476102469, 2.30386140174e-05, 4.13126108469e-05], "dmean2": [3.46300621459e-05, 0.00303014391102, 0.00529143633321, 0.00652906764299, 0.00381833966821, 0.00126043381169, 0.00142293015961, 0.00139351421967, 0.00125895976089, 0.000976447074208, 0.000668816268444, 0.000852454220876, 0.0006080273306, 0.000572381599341, 0.000607118243352, 0.000353893265128, 0.000295191362966, 0.000219876237679, 0.000149590065121, 9.65419603745e-05, 9.75494040176e-05, 0.000143625467899, 0.000200151000172, 0.000133423047373, 0.00016021594638, 3.13608761644e-05, 5.83175205975e-05], "dvar": [5.57531354417e-09, 3.09862407448e-05, 9.81431876426e-05, 7.50934486859e-05, 1.42026174217e-05, 2.28721796702e-06, 4.12454301113e-06, 5.64821084481e-06, 3.9306069084e-06, 2.68303506346e-06, 1.22366975575e-06, 1.14099316306e-06, 6.62576951527e-07, 4.72433868026e-07, 7.05884360741e-07, 4.71194908869e-07, 2.61233424226e-07, 1.05050517618e-07, 9.34736803515e-08, 3.34896057552e-08, 2.57802170722e-08, 1.834945067e-07, 3.58165152647e-07, 2.67466674586e-07, 8.95534739698e-08, 3.51132789511e-09, 1.16895710889e-08], "dvar2": [1.017846607e-08, 8.59059509821e-05, 0.000288098322926, 0.000203003510251, 3.98771371692e-05, 4.9892264542e-06, 9.22006347537e-06, 1.18108819152e-05, 8.65089441504e-06, 5.89817773289e-06, 2.77709546026e-06, 2.78842912849e-06, 1.67735367995e-06, 1.1439632317e-06, 1.54850351919e-06, 1.03662489437e-06, 6.05772868312e-07, 2.413574407e-07, 2.41528169909e-07, 7.37972740694e-08, 5.86649271384e-08, 3.99499242576e-07, 5.98269593866e-07, 5.28291025148e-07, 1.93033770302e-07, 6.46588649289e-09, 2.56813716959e-08], "max": [0.00100503396243, 0.0623467639089, 0.0866351276636, 0.0946100354195, 0.0452039055526, 0.0404809601605, 0.0503510348499, 0.0608172118664, 0.0510801225901, 0.0597307793796, 0.0341702699661, 0.0256304740906, 0.0212134514004, 0.0219847820699, 0.0393961183727, 0.0249337181449, 0.0203928407282, 0.0115620130673, 0.0146859874949, 0.00734170852229, 0.00460905674845, 0.0162585154176, 0.0274902023375, 0.0179745722562, 0.0081447167322, 0.00320695131086, 0.00274328072555], "mean": [2.90098741971e-05, 0.00272770388983, 0.00274089816958, 0.00479481276125, 0.00397897418588, 0.00193890288938, 0.0019174781628, 0.00173202168662, 0.00178101565689, 0.00142537627835, 0.000856845697854, 0.00105897150934, 0.000684322265442, 0.000630001886748, 0.000724066398107, 0.000406474835472, 0.000352829316398, 0.000266338523943, 0.000174887682078, 0.000101835161331, 0.000107115221908, 0.000150916152052, 0.000240106222918, 0.000154805224156, 0.000172993473825, 3.72290305677e-05, 5.5266507843e-05], "median": [1.41727377923e-06, 0.00153266754933, 0.000943600316532, 0.00224172929302, 0.00285871094093, 0.000961838290095, 0.00058399833506, 0.000400235119741, 0.000478371919598, 0.000347098830389, 0.000207555349334, 0.00034477119334, 0.000234603925492, 0.000212628190638, 0.000230171368457, 9.0633315267e-05, 0.000105049999547, 7.96457170509e-05, 6.80440716678e-05, 3.06816291413e-05, 3.45741100318e-05, 4.16678012698e-05, 3.87725231121e-05, 1.7665544874e-05, 2.61650802713e-05, 5.67873075852e-06, 2.52765994446e-06], "min": [6.49674681534e-25, 6.08896410305e-24, 7.32318954713e-25, 2.01901710893e-24, 8.87939389448e-24, 8.76431723221e-24, 6.29958128727e-24, 3.20213787559e-24, 1.99118353239e-23, 8.02861293023e-24, 9.31052767843e-24, 2.81234908054e-23, 3.29854141137e-23, 2.34099238344e-23, 4.18879145329e-23, 5.03814442154e-23, 6.30869799498e-23, 9.18420580395e-23, 1.25500929019e-22, 1.88630652608e-22, 2.53707764539e-22, 2.88230135287e-22, 3.36694341424e-22, 6.04656456489e-22, 8.41760731078e-22, 1.39461197248e-21, 1.94211223783e-21], "var": [8.86192985661e-09, 2.56359835475e-05, 5.92122487433e-05, 6.90899905749e-05, 1.85122971743e-05, 1.0271715837e-05, 1.62159121828e-05, 1.64977100212e-05, 1.52478814925e-05, 1.35127229441e-05, 4.70029772259e-06, 3.61160959983e-06, 1.53157486693e-06, 1.31712351958e-06, 2.31512558457e-06, 1.17166666769e-06, 6.82726124523e-07, 2.9311266303e-07, 1.37610044249e-07, 5.93339954946e-08, 4.32310400811e-08, 2.5148642635e-07, 9.64101332102e-07, 6.61414503611e-07, 1.73359921973e-07, 7.87811860192e-09, 1.84340560594e-08]}, "barkbands_crest": {"dmean": 2.32751536369, "dmean2": 3.80831933022, "dvar": 5.09705018997, "dvar2": 13.5285158157, "max": 24.1069850922, "mean": 8.85314273834, "median": 8.17328071594, "min": 2.54813098907, "var": 11.0357704163}, "barkbands_flatness_db": {"dmean": 0.0218017641455, "dmean2": 0.0328489914536, "dvar": 0.000514462008141, "dvar2": 0.0012569372775, "max": 0.413206219673, "mean": 0.136432439089, "median": 0.129283159971, "min": 0.0268789790571, "var": 0.00274334591813}, "barkbands_kurtosis": {"dmean": 2.95116710663, "dmean2": 4.89186382294, "dvar": 35.597202301, "dvar2": 97.5500030518, "max": 126.318237305, "mean": 4.19413137436, "median": 1.9848279953, "min": -1.93052268028, "var": 50.6166725159}, "barkbands_skewness": {"dmean": 0.550623714924, "dmean2": 0.860198497772, "dvar": 0.458684623241, "dvar2": 1.14923417568, "max": 8.76719474792, "mean": 1.40306174755, "median": 1.27714967728, "min": -5.60693693161, "var": 1.4203979969}, "barkbands_spread": {"dmean": 5.2535700798, "dmean2": 8.14726257324, "dvar": 48.82264328, "dvar2": 111.432655334, "max": 138.553009033, "mean": 20.4164962769, "median": 17.8062438965, "min": 1.32811164856, "var": 188.838928223}, "dissonance": {"dmean": 0.0243137106299, "dmean2": 0.0406072996557, "dvar": 0.000558110710699, "dvar2": 0.00147757516243, "max": 0.499995112419, "mean": 0.447747707367, "median": 0.455422580242, "min": 0.167006090283, "var": 0.00125084968749}, "dynamic_complexity": 3.89619994164, "erbbands": {"dmean": [0.0284224152565, 0.521872282028, 2.89219617844, 8.29723453522, 10.9169979095, 7.6090555191, 6.41597366333, 7.01282835007, 11.3359642029, 13.8266620636, 22.4683227539, 20.8437747955, 13.3148345947, 23.7178783417, 16.7352313995, 21.8172492981, 16.7988929749, 17.631565094, 19.6373386383, 16.9102115631, 11.815161705, 7.64902448654, 7.57162857056, 4.49741220474, 5.00497531891, 3.04836463928, 2.23148536682, 2.73441553116, 3.25742387772, 3.98361206055, 3.96198892593, 2.26339149475, 1.40311539173, 0.687786877155, 1.23643827438, 0.164271309972, 0.036909211427, 0.0190624799579, 0.00736085977405, 0.000532502483111], "dmean2": [0.0454393178225, 0.933699846268, 5.34214019775, 14.1987371445, 18.5345058441, 12.5886392593, 10.0701122284, 10.7156667709, 17.597990036, 20.8206424713, 33.3219451904, 31.4231395721, 19.5814094543, 36.0264587402, 25.1441268921, 33.8934516907, 26.5779323578, 27.8573074341, 30.3612251282, 26.1837978363, 17.9002342224, 11.7296772003, 11.7475824356, 7.02451086044, 7.94807338715, 4.71367311478, 3.60833406448, 4.18213748932, 4.99610948563, 5.84929418564, 5.61991119385, 3.15792393684, 2.05021309853, 0.968240380287, 1.89721095562, 0.234085038304, 0.0502588711679, 0.0268123280257, 0.0105497380719, 0.000762168783695], "dvar": [0.00583709171042, 3.01008868217, 104.442169189, 311.135650635, 566.082397461, 139.247283936, 125.496139526, 216.531311035, 625.370849609, 1079.43395996, 3249.15966797, 2889.30517578, 1173.58422852, 3822.33666992, 1279.00915527, 1749.82275391, 1398.2208252, 1151.91552734, 1791.58312988, 2034.27685547, 967.480834961, 429.795471191, 303.453826904, 118.227157593, 316.970855713, 78.9934692383, 34.2831039429, 63.4068984985, 231.097213745, 311.189544678, 311.278778076, 148.339920044, 66.7249832153, 8.13897800446, 12.1022500992, 0.193949207664, 0.00771399959922, 0.00240364251658, 0.000374792289222, 1.9335423076e-06], "dvar2": [0.0141277899966, 8.64722728729, 306.845367432, 869.689331055, 1546.07434082, 383.549072266, 295.145233154, 477.062042236, 1400.67541504, 2206.54394531, 6721.91845703, 6354.81591797, 2368.74438477, 8580.83496094, 2826.34008789, 4103.93701172, 3527.42211914, 2814.72729492, 3803.7668457, 4601.27490234, 2028.76074219, 945.590759277, 680.945739746, 297.163452148, 806.894226074, 172.512313843, 84.8394088745, 135.788528442, 529.098083496, 610.332458496, 531.931945801, 263.177093506, 141.130310059, 16.6249523163, 28.0836143494, 0.374878525734, 0.0143711324781, 0.00509591354057, 0.000835370039567, 4.30223190051e-06], "max": [0.919609487057, 18.2207508087, 86.4162521362, 165.864761353, 263.878479004, 192.933349609, 203.614822388, 488.691375732, 805.763977051, 1124.1505127, 1370.53442383, 1562.91125488, 1743.2388916, 2358.29296875, 1102.08947754, 1020.5916748, 1165.88989258, 1230.15710449, 2339.10107422, 2054.72143555, 972.600219727, 937.83996582, 616.507202148, 406.31552124, 1040.25842285, 332.172821045, 150.305374146, 227.802642822, 657.379882812, 548.772949219, 813.482177734, 608.91619873, 258.072235107, 106.255088806, 55.8290596008, 20.2019844055, 3.28399705887, 1.47720372677, 0.480132341385, 0.0307189524174], "mean": [0.0455294772983, 0.741837084293, 2.87948966026, 10.510471344, 14.1674385071, 14.0123052597, 13.799530983, 16.3459148407, 23.9256095886, 28.2598953247, 45.4837875366, 45.0290603638, 30.7955589294, 54.2912979126, 36.1447563171, 44.9052009583, 33.4502182007, 33.517906189, 38.1826591492, 31.3832378387, 24.1139354706, 16.672794342, 15.5769462585, 9.47021961212, 9.03620147705, 5.21853065491, 3.7869284153, 4.66917133331, 5.11101341248, 6.70402097702, 6.62135457993, 3.807035923, 2.25397562981, 1.17290139198, 1.83825957775, 0.268051803112, 0.0596728138626, 0.0273082908243, 0.00969870574772, 0.00072502263356], "median": [0.0206609219313, 0.425275266171, 1.23865246773, 5.27890825272, 7.55650758743, 9.81760787964, 7.87059307098, 7.33661031723, 8.62472724915, 8.75407505035, 13.2019538879, 12.9136257172, 11.7307310104, 14.1248340607, 14.6415891647, 16.841758728, 13.952583313, 13.4908590317, 14.1675395966, 9.25385856628, 6.78927612305, 5.58967208862, 5.22235298157, 3.72604632378, 3.34975171089, 1.77395534515, 1.26193213463, 1.53140604496, 1.43240523338, 1.36626446247, 1.05089461803, 0.445973753929, 0.259560018778, 0.201233074069, 0.213349848986, 0.0470603071153, 0.00836852472275, 0.00187677459326, 0.000447425321909, 6.96685019648e-05], "min": [9.94441401892e-23, 6.38816683283e-22, 1.14243487578e-21, 8.23836831862e-21, 1.75338363016e-20, 2.10090983203e-20, 2.36145815405e-20, 5.93975262667e-20, 8.75306239085e-20, 2.17214526929e-19, 1.91700140935e-19, 4.09881409356e-19, 3.92318090204e-19, 5.44232730681e-19, 1.01789671875e-18, 1.26128024173e-18, 1.87211321264e-18, 1.66364188139e-18, 2.11096719798e-18, 1.93721915109e-18, 3.97326198354e-18, 5.24434907182e-18, 6.19460092464e-18, 6.76858734195e-18, 7.05940336581e-18, 8.13321035954e-18, 8.64315810819e-18, 1.06426215664e-17, 1.18031576202e-17, 1.30872653585e-17, 1.06272930825e-17, 9.89728882109e-18, 1.00550826219e-17, 6.92916750067e-18, 6.36114960507e-18, 4.36336863223e-18, 2.4968188296e-18, 9.19288000941e-19, 2.57675136014e-19, 2.41417104638e-20], "var": [0.00709206424654, 2.14386987686, 62.4863624573, 267.052581787, 531.752563477, 246.367340088, 373.369689941, 905.468200684, 2513.33251953, 3887.26782227, 9785.16894531, 10125.2871094, 4824.63378906, 18785.8515625, 4445.45605469, 6121.76513672, 3309.66235352, 3387.11254883, 5945.32275391, 6050.73583984, 3118.07202148, 1336.12414551, 894.031799316, 277.606262207, 467.832366943, 145.238601685, 53.5155792236, 102.528640747, 282.387634277, 591.74420166, 823.882995605, 419.190765381, 140.286437988, 17.3224163055, 19.4206218719, 0.413394570351, 0.017412411049, 0.00417610118166, 0.000572452670895, 2.94679011859e-06]}, "erbbands_crest": {"dmean": 2.5033967495, "dmean2": 3.99980711937, "dvar": 5.57575511932, "dvar2": 13.3919200897, "max": 31.3575401306, "mean": 9.7053604126, "median": 8.60233211517, "min": 2.11172795296, "var": 21.0652713776}, "erbbands_flatness_db": {"dmean": 0.0190138295293, "dmean2": 0.0257611349225, "dvar": 0.000404032703955, "dvar2": 0.000723669189028, "max": 0.395278066397, "mean": 0.15335264802, "median": 0.152902811766, "min": 0.0198685694486, "var": 0.00262917717919}, "erbbands_kurtosis": {"dmean": 1.00634133816, "dmean2": 1.56222736835, "dvar": 1.8527919054, "dvar2": 4.29181337357, "max": 22.0446414948, "mean": 1.13021099567, "median": 0.497701048851, "min": -1.83656573296, "var": 5.46240663528}, "erbbands_skewness": {"dmean": 0.345299124718, "dmean2": 0.519144892693, "dvar": 0.110936157405, "dvar2": 0.236422866583, "max": 4.46551513672, "mean": 0.433005154133, "median": 0.41369998455, "min": -4.36377906799, "var": 0.651062190533}, "erbbands_spread": {"dmean": 7.89799690247, "dmean2": 11.7498054504, "dvar": 93.5454406738, "dvar2": 203.782028198, "max": 171.119506836, "mean": 34.4777870178, "median": 29.0885295868, "min": 4.0584154129, "var": 414.029937744}, "gfcc": {"cov": [[29366.0234375, 563.70916748, -1918.21459961, 208.388961792, -811.493103027, 294.355102539, -721.878540039, -3.30416822433, -401.310424805, -101.300918579, -416.571838379, -140.409118652, -359.856445312], [563.70916748, 1723.58032227, -452.025054932, -55.7682342529, -20.7234401703, -39.7870101929, 31.1997089386, 5.27390575409, 20.3132381439, -43.0155792236, 63.1839408875, -28.6082706451, 27.5784244537], [-1918.21459961, -452.025054932, 1122.96630859, -19.5318546295, 82.974899292, 30.3848648071, 84.3310241699, -67.5995635986, -5.97228193283, 18.387512207, -11.5792398453, 11.917848587, 25.2751731873], [208.388961792, -55.7682342529, -19.5318546295, 446.879882812, -18.8487873077, 12.896733284, -49.8628501892, -15.9157295227, -19.0105476379, -38.7162055969, -16.6331577301, 9.63358783722, 14.9007673264], [-811.493103027, -20.7234401703, 82.974899292, -18.8487873077, 301.737792969, -17.5309867859, 33.6262207031, -11.7574043274, 36.7196311951, -26.3219490051, -10.6740837097, -4.73036956787, 28.355884552], [294.355102539, -39.7870101929, 30.3848648071, 12.896733284, -17.5309867859, 159.567016602, 29.5742168427, 0.0676903426647, -31.8039131165, -5.70516204834, -12.786652565, -9.75130176544, -8.16143226624], [-721.878540039, 31.1997089386, 84.3310241699, -49.8628501892, 33.6262207031, 29.5742168427, 192.975067139, 37.2505645752, -2.81960582733, -6.61559581757, 28.0588493347, -19.5504837036, -4.07967758179], [-3.30416822433, 5.27390575409, -67.5995635986, -15.9157295227, -11.7574043274, 0.0676903426647, 37.2505645752, 98.6818771362, 26.6004676819, 9.30337238312, 3.48785209656, -2.00571966171, -13.385263443], [-401.310424805, 20.3132381439, -5.97228193283, -19.0105476379, 36.7196311951, -31.8039131165, -2.81960582733, 26.6004676819, 110.284408569, 18.1171379089, 9.52355194092, -0.103037364781, 1.901653409], [-101.300918579, -43.0155792236, 18.387512207, -38.7162055969, -26.3219490051, -5.70516204834, -6.61559581757, 9.30337238312, 18.1171379089, 91.1161956787, 28.5317764282, 5.16858816147, -10.4575443268], [-416.571838379, 63.1839408875, -11.5792398453, -16.6331577301, -10.6740837097, -12.786652565, 28.0588493347, 3.48785209656, 9.52355194092, 28.5317764282, 89.8209686279, 18.391002655, -2.73441720009], [-140.409118652, -28.6082706451, 11.917848587, 9.63358783722, -4.73036956787, -9.75130176544, -19.5504837036, -2.00571966171, -0.103037364781, 5.16858816147, 18.391002655, 75.9795684814, 32.5229911804], [-359.856445312, 27.5784244537, 25.2751731873, 14.9007673264, 28.355884552, -8.16143226624, -4.07967758179, -13.385263443, 1.901653409, -10.4575443268, -2.73441720009, 32.5229911804, 75.8535842896]], "icov": [[5.24921269971e-05, -1.69223603734e-05, 6.66949272272e-05, 4.39835093857e-06, 7.01414901414e-05, -7.949618157e-05, 0.000144588600961, -1.18925227071e-05, 0.000136402071803, -1.75782611223e-06, 0.000217583539779, -3.72039357899e-05, 0.000223129827646], [-1.69223603734e-05, 0.000729457184207, 0.000275288533885, 0.000113002868602, 8.35595274111e-05, 0.000111647037556, -0.000177884139703, 0.000205311618629, -0.000214535262785, 0.000477720866911, -0.000732231943402, 0.000592530472204, -0.000661192112602], [6.66949272272e-05, 0.000275288533885, 0.00125356763601, 1.98609013751e-05, -5.62063032703e-05, -0.000171111722011, -0.000642257567961, 0.00111214013305, -4.08955093008e-05, -0.000383912789403, 0.000590078532696, -0.000269113952527, 4.37782800873e-05], [4.39835093857e-06, 0.000113002868602, 1.98609013751e-05, 0.00245828018524, 0.000191832121345, -0.00026315197465, 0.000720247859135, -4.78998990729e-05, 0.00014535569062, 0.00119083467871, -0.000262995046796, 7.88082979852e-05, -0.000462224474177], [7.01414901414e-05, 8.35595274111e-05, -5.62063032703e-05, 0.000191832121345, 0.00406771246344, 0.000222126589506, -0.000615154276602, 0.000828044721857, -0.001467981725, 0.00121862359811, 0.000595467106905, 0.000533993123099, -0.00110293447506], [-7.949618157e-05, 0.000111647037556, -0.000171111722011, -0.00026315197465, 0.000222126589506, 0.00720171490684, -0.00155170192011, 4.20139258495e-05, 0.0015576161677, -0.000302766857203, 0.000905406661332, 0.00023041953682, 0.00015982108016], [0.000144588600961, -0.000177884139703, -0.000642257567961, 0.000720247859135, -0.000615154276602, -0.00155170192011, 0.00813303142786, -0.00393260177225, 0.00156747282017, 0.00168012431823, -0.00312819844112, 0.00282015185803, -0.000499992107507], [-1.18925227071e-05, 0.000205311618629, 0.00111214013305, -4.78998990729e-05, 0.000828044721857, 4.20139258495e-05, -0.00393260177225, 0.0137787265703, -0.00375006813556, -0.00109801045619, 0.00198439927772, -0.00211891159415, 0.00234533264302], [0.000136402071803, -0.000214535262785, -4.08955093008e-05, 0.00014535569062, -0.001467981725, 0.0015576161677, 0.00156747282017, -0.00375006813556, 0.0118704708293, -0.00204212078825, -0.000275674654404, 0.000835991231725, -9.84127691481e-05], [-1.75782611223e-06, 0.000477720866911, -0.000383912789403, 0.00119083467871, 0.00121862359811, -0.000302766857203, 0.00168012431823, -0.00109801045619, -0.00204212078825, 0.014378442429, -0.00496260914952, 0.00040316345985, 0.00080217019422], [0.000217583539779, -0.000732231943402, 0.000590078532696, -0.000262995046796, 0.000595467106905, 0.000905406661332, -0.00312819844112, 0.00198439927772, -0.000275674654404, -0.00496260914952, 0.0166835580021, -0.00577945169061, 0.00361240166239], [-3.72039357899e-05, 0.000592530472204, -0.000269113952527, 7.88082979852e-05, 0.000533993123099, 0.00023041953682, 0.00282015185803, -0.00211891159415, 0.000835991231725, 0.00040316345985, -0.00577945169061, 0.0193926487118, -0.00920330639929], [0.000223129827646, -0.000661192112602, 4.37782800873e-05, -0.000462224474177, -0.00110293447506, 0.00015982108016, -0.000499992107507, 0.00234533264302, -9.84127691481e-05, 0.00080217019422, 0.00361240166239, -0.00920330639929, 0.0195642076433]], "mean": [-18.4784431458, 91.4945220947, -98.4120407104, 12.3624200821, -50.8447952271, 13.8818368912, -35.884262085, -1.19312632084, -22.393743515, -4.71251773834, -17.5458621979, -3.25657773018, -13.4139766693]}, "hfc": {"dmean": 7.20426225662, "dmean2": 10.1707515717, "dvar": 188.372009277, "dvar2": 357.980895996, "max": 306.797210693, "mean": 23.7929439545, "median": 17.6981487274, "min": 1.06071725758e-16, "var": 648.896484375}, "melbands": {"dmean": [0.000348042376572, 0.0012264335528, 0.00157382129692, 0.000617490906734, 0.000232835911447, 0.000154701410793, 0.000180112110684, 0.000158469498274, 0.000182523857802, 0.000122803830891, 6.9772839197e-05, 0.000100074510556, 6.01192732574e-05, 6.59394281683e-05, 3.98597003368e-05, 3.92579022446e-05, 3.42520033882e-05, 3.33150019287e-05, 2.37260483118e-05, 2.00664544536e-05, 1.5031174371e-05, 9.09568552743e-06, 8.37759762362e-06, 7.08783773007e-06, 3.58222905561e-06, 3.94185371988e-06, 2.98878671856e-06, 1.92368111129e-06, 1.41926238939e-06, 1.56650594363e-06, 1.7654202793e-06, 1.87740579349e-06, 2.00344379664e-06, 2.60104548033e-06, 2.75003549177e-06, 1.64661958024e-06, 1.36312155519e-06, 1.11114695756e-06, 6.81194421759e-07, 5.20166906881e-07], "dmean2": [0.000575011712499, 0.00225431192666, 0.00269387755543, 0.00103351566941, 0.000369727029465, 0.000236403400777, 0.000279084808426, 0.00023715061252, 0.000270556221949, 0.000186189354281, 0.000102040394268, 0.000152201886522, 9.0039720817e-05, 0.000102889876871, 6.19078127784e-05, 6.24562890152e-05, 5.40215623914e-05, 5.18483684573e-05, 3.68004220945e-05, 3.0625720683e-05, 2.30095538427e-05, 1.40491547427e-05, 1.28951423903e-05, 1.12088528113e-05, 5.64925858271e-06, 6.37635048406e-06, 4.63580727228e-06, 3.01194222629e-06, 2.33947184825e-06, 2.51819164987e-06, 2.69310976364e-06, 2.94334859063e-06, 3.06203583023e-06, 3.87338332075e-06, 4.00610133511e-06, 2.31793387684e-06, 1.99951728064e-06, 1.67004395735e-06, 9.91876618173e-07, 7.52199525778e-07], "dvar": [1.03634704374e-06, 1.888949555e-05, 1.13629976113e-05, 1.20349318422e-06, 1.34897092607e-07, 9.59239088161e-08, 1.56237078386e-07, 1.29735241217e-07, 1.86217263831e-07, 9.98562512677e-08, 3.25681277502e-08, 6.87815671085e-08, 2.00767455993e-08, 1.86478672504e-08, 5.46860823292e-09, 6.81990020013e-09, 4.44831904645e-09, 5.10971620571e-09, 3.09807801635e-09, 3.86723986168e-09, 1.63853108859e-09, 7.24505566652e-10, 4.20988521821e-10, 3.54111018286e-10, 8.37488273175e-11, 1.88647042432e-10, 1.26063520733e-10, 3.12380850354e-11, 1.50973105545e-11, 1.73475366017e-11, 2.67831330031e-11, 8.11139835855e-11, 8.5738846578e-11, 1.21804677455e-10, 1.35950084523e-10, 7.57514953542e-11, 6.07792080554e-11, 4.6892170702e-11, 1.15677276785e-11, 5.39081843401e-12], "dvar2": [2.67032328338e-06, 5.53943391424e-05, 3.11813382723e-05, 3.32426975547e-06, 3.2503422176e-07, 2.08988666373e-07, 3.54023654836e-07, 2.660347036e-07, 3.78680397262e-07, 2.18635236138e-07, 6.43365467567e-08, 1.55353987452e-07, 4.46979520063e-08, 4.49300046057e-08, 1.28622090756e-08, 1.70721019543e-08, 1.0842171605e-08, 1.14284812724e-08, 7.07472125328e-09, 8.97300189706e-09, 3.58780538612e-09, 1.6160001115e-09, 9.46499323362e-10, 8.43305647535e-10, 2.12508705077e-10, 4.83424522635e-10, 3.23593624119e-10, 6.72867525586e-11, 3.92541485428e-11, 4.14871054177e-11, 5.81607782768e-11, 1.96047567069e-10, 1.79873213546e-10, 2.42572323339e-10, 2.52773108e-10, 1.245265141e-10, 1.21052570745e-10, 1.02889564924e-10, 2.33519436427e-11, 1.19468974644e-11], "max": [0.0124257411808, 0.0394130051136, 0.032949462533, 0.0122167607769, 0.00604643719271, 0.00954998377711, 0.0120024904609, 0.0103873359039, 0.0105995545164, 0.00885761529207, 0.00874859839678, 0.0101624196395, 0.00504933437333, 0.00379524147138, 0.00154676171951, 0.00188312493265, 0.00215239846148, 0.00334641407244, 0.00168588024098, 0.00217828550376, 0.00124625000171, 0.00137552013621, 0.000698320334777, 0.000860755098984, 0.000330488197505, 0.00067740061786, 0.000728886632714, 0.000153028493514, 0.000118431635201, 0.000141209413414, 0.000149131577928, 0.000397853844333, 0.00030144531047, 0.000366868975107, 0.000522896356415, 0.000356556469342, 0.000380318786483, 0.000241014698986, 0.000146720354678, 8.88137074071e-05], "mean": [0.000597727776039, 0.00134962203447, 0.00197684299201, 0.00100425328128, 0.000511846737936, 0.000361016689567, 0.000384625571314, 0.00031354566454, 0.000375226401957, 0.000260896398686, 0.000148543593241, 0.00022405841446, 0.000122690646094, 0.00012913790124, 7.84870571806e-05, 7.07549625076e-05, 5.99462800892e-05, 6.07512411079e-05, 4.49285689683e-05, 3.35013573931e-05, 2.89486397378e-05, 1.76699595613e-05, 1.58042930707e-05, 1.31881915877e-05, 6.76240233588e-06, 6.86282555762e-06, 5.01428621646e-06, 3.03219030684e-06, 2.21673190026e-06, 2.4419696274e-06, 2.84065299638e-06, 2.76926812148e-06, 3.0933981634e-06, 4.17721230406e-06, 4.34761432189e-06, 2.69657152785e-06, 2.16570060729e-06, 1.71326416876e-06, 1.077918796e-06, 8.3313847199e-07], "median": [0.00031334295636, 0.000683027610648, 0.00100421882235, 0.000670085719321, 0.000319633167237, 0.000164471042808, 0.000131211825646, 9.33909541345e-05, 0.000107580272015, 6.82930622133e-05, 5.05974239786e-05, 5.16111249453e-05, 3.91318171751e-05, 4.06093458878e-05, 3.21391853504e-05, 2.62471694441e-05, 2.03006202355e-05, 1.95897955564e-05, 1.42144272104e-05, 7.4448507803e-06, 7.27841961634e-06, 4.91192986374e-06, 4.81675760966e-06, 3.46279648511e-06, 2.41065731643e-06, 2.34064782489e-06, 1.79124651822e-06, 8.18249532131e-07, 6.55613803247e-07, 7.65372760725e-07, 8.49692355587e-07, 7.66493428728e-07, 7.33818410481e-07, 7.58633802889e-07, 7.02968975475e-07, 2.90507529144e-07, 2.42364023961e-07, 1.80562665264e-07, 1.38258243965e-07, 1.40477197874e-07], "min": [1.56486574427e-24, 6.22826540182e-25, 1.27565602439e-24, 1.9448986965e-24, 6.34610790903e-25, 1.4683393434e-24, 1.29422334491e-24, 2.19739473124e-24, 1.84590888024e-24, 2.51035162956e-24, 1.38688560924e-24, 1.95865899448e-24, 2.57391311093e-24, 2.93928251943e-24, 2.81638094863e-24, 3.38254287043e-24, 2.48122491279e-24, 2.218835379e-24, 2.34394990186e-24, 2.60211528272e-24, 3.10064125658e-24, 4.45063292597e-24, 3.90303014025e-24, 3.95660326205e-24, 5.3908036637e-24, 4.58126592529e-24, 5.0940866504e-24, 4.92950028886e-24, 4.25002756992e-24, 5.76515602855e-24, 4.90270860037e-24, 6.0313362362e-24, 5.56777040829e-24, 4.94166097415e-24, 5.28185645066e-24, 5.5919628001e-24, 6.17849271604e-24, 5.67258280689e-24, 5.92174452381e-24, 5.48770102641e-24], "var": [1.07886091882e-06, 1.15729626486e-05, 9.95261234493e-06, 1.42890291954e-06, 3.97263306695e-07, 4.22941013767e-07, 6.32102853615e-07, 4.32949065043e-07, 6.01439012371e-07, 3.56507001698e-07, 1.27885826373e-07, 3.44338474179e-07, 7.738110952e-08, 5.75337111286e-08, 1.61111906039e-08, 1.52082559879e-08, 1.29643868974e-08, 1.51350931787e-08, 9.31837629281e-09, 9.27891452562e-09, 5.02069452679e-09, 1.92215510175e-09, 1.15820086855e-09, 9.44670452974e-10, 1.71162861662e-10, 2.74696237978e-10, 1.69100428105e-10, 5.63334379144e-11, 2.17115839196e-11, 2.49191466073e-11, 4.19756417125e-11, 8.70012673015e-11, 1.26707255799e-10, 2.36124675368e-10, 3.16808190792e-10, 2.19482765296e-10, 1.47205372891e-10, 9.25174659105e-11, 2.4303472429e-11, 9.69660896716e-12]}, "melbands_crest": {"dmean": 3.3715596199, "dmean2": 5.50198173523, "dvar": 12.6758203506, "dvar2": 33.1707038879, "max": 32.03723526, "mean": 12.3759002686, "median": 11.4085521698, "min": 1.55317771435, "var": 23.7749958038}, "melbands_flatness_db": {"dmean": 0.0255599841475, "dmean2": 0.0397960469127, "dvar": 0.000814802770037, "dvar2": 0.00202912092209, "max": 0.543640971184, "mean": 0.208655774593, "median": 0.202390447259, "min": 0.00336337718181, "var": 0.00476632500067}, "melbands_kurtosis": {"dmean": 6.83465337753, "dmean2": 11.3728303909, "dvar": 232.249008179, "dvar2": 631.291259766, "max": 319.493560791, "mean": 10.6248846054, "median": 4.98306846619, "min": -1.85144603252, "var": 297.653656006}, "melbands_skewness": {"dmean": 0.732383430004, "dmean2": 1.15758919716, "dvar": 0.935594916344, "dvar2": 2.40225601196, "max": 13.4071474075, "mean": 2.18712759018, "median": 1.87600207329, "min": -1.53462767601, "var": 2.46016812325}, "melbands_spread": {"dmean": 6.3975186348, "dmean2": 9.93028736115, "dvar": 122.013366699, "dvar2": 256.14956665, "max": 240.878036499, "mean": 22.730474472, "median": 18.5100879669, "min": 0.957087814808, "var": 455.434997559}, "mfcc": {"cov": [[13228.9267578, 404.452178955, -391.311279297, 47.0997962952, -47.891960144, 43.6201858521, -213.798431396, 114.516456604, -116.154289246, 35.2596092224, 78.9052276611, -126.394943237, -101.199272156], [404.452178955, 1726.23486328, -97.1246795654, -48.8125305176, -21.0527229309, -8.80263614655, 18.962720871, 26.2478656769, 16.942363739, 10.0357341766, 28.2244262695, -1.45038318634, 23.3892726898], [-391.311279297, -97.1246795654, 708.868103027, 55.6490325928, -3.65082454681, 98.9047927856, 48.8253059387, -12.2263507843, -7.0640411377, -14.1367168427, -52.0531272888, 13.3291683197, 18.0132446289], [47.0997962952, -48.8125305176, 55.6490325928, 283.868133545, 66.0450820923, 23.1390304565, -19.3975143433, 14.19435215, 11.756855011, -28.1788654327, -33.9829483032, 9.37458992004, 14.073928833], [-47.891960144, -21.0527229309, -3.65082454681, 66.0450820923, 218.067214966, 38.0184249878, -37.5723991394, -3.59445786476, 24.537317276, -16.3998413086, -32.8003387451, -4.86800527573, -19.2573738098], [43.6201858521, -8.80263614655, 98.9047927856, 23.1390304565, 38.0184249878, 134.15965271, 35.6357307434, 6.80117797852, 10.7134904861, -15.2842187881, -29.2919540405, 0.306098878384, -7.47394561768], [-213.798431396, 18.962720871, 48.8253059387, -19.3975143433, -37.5723991394, 35.6357307434, 160.491165161, 28.4316730499, 1.15660011768, 13.8577423096, 0.584541916847, 3.28971505165, -1.34111475945], [114.516456604, 26.2478656769, -12.2263507843, 14.19435215, -3.59445786476, 6.80117797852, 28.4316730499, 104.864479065, 26.7259750366, 2.77671337128, -2.72990250587, -6.45730829239, -1.50209927559], [-116.154289246, 16.942363739, -7.0640411377, 11.756855011, 24.537317276, 10.7134904861, 1.15660011768, 26.7259750366, 95.5165176392, 14.9102401733, -19.2998409271, 0.315442711115, 0.360835522413], [35.2596092224, 10.0357341766, -14.1367168427, -28.1788654327, -16.3998413086, -15.2842187881, 13.8577423096, 2.77671337128, 14.9102401733, 90.6653671265, 37.9522819519, -10.1706886292, -6.04290103912], [78.9052276611, 28.2244262695, -52.0531272888, -33.9829483032, -32.8003387451, -29.2919540405, 0.584541916847, -2.72990250587, -19.2998409271, 37.9522819519, 112.23626709, 18.1382827759, -9.67660522461], [-126.394943237, -1.45038318634, 13.3291683197, 9.37458992004, -4.86800527573, 0.306098878384, 3.28971505165, -6.45730829239, 0.315442711115, -10.1706886292, 18.1382827759, 89.4982910156, 37.3343887329], [-101.199272156, 23.3892726898, 18.0132446289, 14.073928833, -19.2573738098, -7.47394561768, -1.34111475945, -1.50209927559, 0.360835522413, -6.04290103912, -9.67660522461, 37.3343887329, 93.5299530029]], "icov": [[8.53064921102e-05, -1.935279397e-05, 4.76073364553e-05, -3.17488447763e-05, 5.80962077947e-05, -0.000135899375891, 0.000171914420207, -0.000148574225022, 0.000161359232152, -7.35677604098e-05, -2.01569309866e-05, 7.44678691262e-05, 5.67441820749e-05], [-1.935279397e-05, 0.000599932274781, 6.24131207587e-05, 9.78811149253e-05, -1.50626665345e-05, -1.49172055899e-05, -0.000103194637632, -6.83882608428e-05, -0.00016491462884, 9.74981594482e-05, -0.000192242616322, 0.000122741766972, -0.000266535469564], [4.76073364553e-05, 6.24131207587e-05, 0.0017071662005, -0.000289667921606, 0.000331043178448, -0.00121890869923, -0.000160284223966, 0.000215779538848, 0.000388064072467, -0.000346368760802, 0.000647025706712, -0.000223336464842, -0.000145158148371], [-3.17488447763e-05, 9.78811149253e-05, -0.000289667921606, 0.00409970246255, -0.00111144059338, -5.73337783862e-05, 0.000345007807482, -0.000712897162884, -0.000110744680569, 0.000733770197257, 0.000470914179459, -0.000296534504741, -0.000644944433589], [5.80962077947e-05, -1.50626665345e-05, 0.000331043178448, -0.00111144059338, 0.00593312783167, -0.00179588992614, 0.00161077280063, 0.00028287229361, -0.000961800513323, -4.62431453343e-05, 0.00109980779234, -0.00043884490151, 0.00156553066336], [-0.000135899375891, -1.49172055899e-05, -0.00121890869923, -5.73337783862e-05, -0.00179588992614, 0.0101357121021, -0.00261279451661, 0.000216394284507, -0.000897160847671, 0.00125507998746, 0.00124060979579, -0.000517058651894, 0.000925554079004], [0.000171914420207, -0.000103194637632, -0.000160284223966, 0.000345007807482, 0.00161077280063, -0.00261279451661, 0.00811070017517, -0.00243591237813, 0.00101576652378, -0.00172360695433, 0.000549338816199, -0.000717364717275, 0.000618717807811], [-0.000148574225022, -6.83882608428e-05, 0.000215779538848, -0.000712897162884, 0.00028287229361, 0.000216394284507, -0.00243591237813, 0.0114440694451, -0.00364655419253, 0.0010112040909, -0.000750522129238, 0.00117521267384, -0.000320898572681], [0.000161359232152, -0.00016491462884, 0.000388064072467, -0.000110744680569, -0.000961800513323, -0.000897160847671, 0.00101576652378, -0.00364655419253, 0.0134665388614, -0.00422261329368, 0.00351919420063, -0.00163477286696, 0.000535911123734], [-7.35677604098e-05, 9.74981594482e-05, -0.000346368760802, 0.000733770197257, -4.62431453343e-05, 0.00125507998746, -0.00172360695433, 0.0010112040909, -0.00422261329368, 0.0152078242972, -0.00607605604455, 0.00341851264238, -0.0010597310029], [-2.01569309866e-05, -0.000192242616322, 0.000647025706712, 0.000470914179459, 0.00109980779234, 0.00124060979579, 0.000549338816199, -0.000750522129238, 0.00351919420063, -0.00607605604455, 0.0137831922621, -0.00501657836139, 0.00317452824675], [7.44678691262e-05, 0.000122741766972, -0.000223336464842, -0.000296534504741, -0.00043884490151, -0.000517058651894, -0.000717364717275, 0.00117521267384, -0.00163477286696, 0.00341851264238, -0.00501657836139, 0.0155498804525, -0.00648446474224], [5.67441820749e-05, -0.000266535469564, -0.000145158148371, -0.000644944433589, 0.00156553066336, 0.000925554079004, 0.000618717807811, -0.000320898572681, 0.000535911123734, -0.0010597310029, 0.00317452824675, -0.00648446474224, 0.0141911376268]], "mean": [-662.961120605, 133.937316895, 7.53035259247, 9.20686340332, 4.03642845154, 11.057097435, -4.33257722855, 5.4169588089, -4.56125640869, -1.13780605793, -0.85965949297, -4.94595909119, -2.37286496162]}, "pitch_salience": {"dmean": 0.066526517272, "dmean2": 0.109082430601, "dvar": 0.00435670325533, "dvar2": 0.0118441339582, "max": 0.933738410473, "mean": 0.572626531124, "median": 0.572779178619, "min": 0.173373788595, "var": 0.0110318632796}, "silence_rate_20dB": {"dmean": 0, "dmean2": 0, "dvar": 0, "dvar2": 0, "max": 1, "mean": 1, "median": 1, "min": 1, "var": 0}, "silence_rate_30dB": {"dmean": 0.000817745050881, "dmean2": 0.00163565727416, "dvar": 0.000816965475678, "dvar2": 0.00245036650449, "max": 1, "mean": 0.999591171741, "median": 1, "min": 0, "var": 0.000408707943279}, "silence_rate_60dB": {"dmean": 0.00735970539972, "dmean2": 0.0147209158167, "dvar": 0.00730543583632, "dvar2": 0.0169579610229, "max": 1, "mean": 0.0828904360533, "median": 0, "min": 0, "var": 0.0760162398219}, "spectral_centroid": {"dmean": 207.73374939, "dmean2": 323.327026367, "dvar": 90814.9140625, "dvar2": 190846.125, "max": 11757.0947266, "mean": 1123.97167969, "median": 927.089660645, "min": 191.253799438, "var": 1292237.5}, "spectral_complexity": {"dmean": 2.74026370049, "dmean2": 4.2457575798, "dvar": 11.9285030365, "dvar2": 25.7734775543, "max": 49, "mean": 16.2601184845, "median": 16, "min": 0, "var": 62.3790435791}, "spectral_contrast_coeffs": {"dmean": [0.0513936206698, 0.04524429515, 0.0389361865819, 0.0372800715268, 0.0246827211231, 0.0177202373743], "dmean2": [0.0848441645503, 0.0727015957236, 0.0606783591211, 0.0586812347174, 0.0385090745986, 0.0275330040604], "dvar": [0.0023372550495, 0.00151446030941, 0.00108591432218, 0.00111762131564, 0.000535012979526, 0.000277698069112], "dvar2": [0.00628281477839, 0.00373351457529, 0.00248320843093, 0.00260776490904, 0.00115903024562, 0.0006019360153], "max": [-0.29777520895, -0.399191498756, -0.415681898594, -0.466481238604, -0.568268716335, -0.594618022442], "mean": [-0.61713629961, -0.706211566925, -0.72873288393, -0.731205105782, -0.765895068645, -0.78026920557], "median": [-0.615223109722, -0.707899272442, -0.732952713966, -0.72942918539, -0.769189834595, -0.779468178749], "min": [-0.982081413269, -0.980869710445, -0.978972911835, -0.983675301075, -0.971650123596, -0.965603470802], "var": [0.00725337397307, 0.00687048956752, 0.00688763940707, 0.0060443864204, 0.00444590765983, 0.00207859254442]}, "spectral_contrast_valleys": {"dmean": [0.352791965008, 0.363006800413, 0.338891893625, 0.381700277328, 0.294683784246, 0.317100226879], "dmean2": [0.57806801796, 0.582025647163, 0.52024269104, 0.579351663589, 0.430688768625, 0.39921221137], "dvar": [0.131350070238, 0.130976617336, 0.115597590804, 0.178266659379, 0.144293516874, 0.169144868851], "dvar2": [0.281921774149, 0.284971982241, 0.220708072186, 0.354097485542, 0.262486129999, 0.279449313879], "max": [-5.37815284729, -4.7170791626, -5.35713863373, -5.87824583054, -5.97230815887, -7.02503967285], "mean": [-7.4839515686, -7.10865974426, -7.69401741028, -8.40048599243, -8.54546451569, -10.5044088364], "median": [-7.01603126526, -6.67314434052, -7.28584337234, -8.024269104, -8.15388679504, -10.2213830948], "min": [-28.3398189545, -28.2036361694, -28.1367607117, -27.7760162354, -27.5433235168, -27.4093151093], "var": [5.54722595215, 5.71021747589, 5.5204577446, 5.38310050964, 5.36480474472, 4.73626613617]}, "spectral_decrease": {"dmean": 2.80130585395e-09, "dmean2": 4.65607241651e-09, "dvar": 2.56951315755e-17, "dvar2": 7.00767231748e-17, "max": 5.24350286606e-17, "mean": -7.17613835022e-09, "median": -6.03902927665e-09, "min": -4.25503365875e-08, "var": 3.30138502731e-17}, "spectral_energy": {"dmean": 0.0110193733126, "dmean2": 0.0182003434747, "dvar": 0.000383661623346, "dvar2": 0.00103770778514, "max": 0.163737073541, "mean": 0.0292425639927, "median": 0.0247720740736, "min": 1.00896171088e-20, "var": 0.00052828330081}, "spectral_energyband_high": {"dmean": 0.000494210631587, "dmean2": 0.000667625048663, "dvar": 2.39724954554e-06, "dvar2": 4.27016811955e-06, "max": 0.040969889611, "mean": 0.000959463126492, "median": 0.000253661797615, "min": 7.14485816704e-21, "var": 6.48119475954e-06}, "spectral_energyband_low": {"dmean": 0.00581619422883, "dmean2": 0.0101644387469, "dvar": 0.000254520768067, "dvar2": 0.000724727055058, "max": 0.137503504753, "mean": 0.00791322998703, "median": 0.00445303041488, "min": 1.33361637639e-23, "var": 0.000187127239769}, "spectral_energyband_middle_high": {"dmean": 0.00180705951061, "dmean2": 0.00273972470313, "dvar": 7.44372573536e-06, "dvar2": 1.6890684492e-05, "max": 0.0652143135667, "mean": 0.00651609525084, "median": 0.00424777437001, "min": 1.14532950305e-21, "var": 5.17394619237e-05}, "spectral_energyband_middle_low": {"dmean": 0.00693272938952, "dmean2": 0.0113064683974, "dvar": 0.000128209721879, "dvar2": 0.000338120822562, "max": 0.115295298398, "mean": 0.0164064224809, "median": 0.0128366369754, "min": 1.52443886324e-22, "var": 0.000203273637453}, "spectral_entropy": {"dmean": 0.18798558414, "dmean2": 0.271689742804, "dvar": 0.0442448295653, "dvar2": 0.0868907421827, "max": 9.82848834991, "mean": 7.34984350204, "median": 7.3355512619, "min": 5.02188158035, "var": 0.35042232275}, "spectral_flux": {"dmean": 0.028749184683, "dmean2": 0.0459998995066, "dvar": 0.00157155119814, "dvar2": 0.00313361291774, "max": 0.348153084517, "mean": 0.0829052105546, "median": 0.0718582421541, "min": 6.45514822151e-11, "var": 0.00345352920704}, "spectral_kurtosis": {"dmean": 1.90672838688, "dmean2": 2.98626351357, "dvar": 10.0692968369, "dvar2": 24.1470489502, "max": 97.6095809937, "mean": 6.71954059601, "median": 5.35990095139, "min": -1.28997063637, "var": 50.2130851746}, "spectral_rms": {"dmean": 0.000869577634148, "dmean2": 0.00137954181992, "dvar": 1.62744106547e-06, "dvar2": 4.19345906266e-06, "max": 0.0126389674842, "mean": 0.0048841019161, "median": 0.00491608353332, "min": 3.13743974377e-12, "var": 4.67470454169e-06}, "spectral_rolloff": {"dmean": 399.58380127, "dmean2": 679.967407227, "dvar": 690381.3125, "dvar2": 1516035.5, "max": 22050, "mean": 1579.53088379, "median": 1119.7265625, "min": 107.666015625, "var": 6450093.5}, "spectral_skewness": {"dmean": 0.235790133476, "dmean2": 0.35439735651, "dvar": 0.0771563947201, "dvar2": 0.163104236126, "max": 8.28556251526, "mean": 1.98387598991, "median": 1.90160059929, "min": -0.19176325202, "var": 0.582379937172}, "spectral_spread": {"dmean": 703695.875, "dmean2": 931432.1875, "dvar": 817832067072, "dvar2": 1385709961220.0, "max": 42382440, "mean": 5447157.5, "