{"lowlevel": {"average_loudness": 0.318576097488, "barkbands": {"dmean": [0.0028677766677, 0.00679772812873, 0.00208143843338, 0.000941588310525, 0.00252783694305, 0.00107460678555, 0.000466429628432, 0.000539087457582, 0.000447909114882, 0.000613243551925, 0.000162192241987, 0.000124434882309, 0.000119931501104, 7.94310108176e-05, 8.00722482381e-05, 0.00010213603673, 8.47218689159e-05, 5.48752432223e-05, 4.03869707952e-05, 4.11710643675e-05, 0.000146995327668, 5.53428908461e-05, 2.38741777139e-05, 6.44009469397e-06, 1.43889747051e-06, 5.19921195519e-06, 4.19529715145e-05], "dmean2": [0.00496451975778, 0.0114991292357, 0.00341575825587, 0.00151285761967, 0.00390710216016, 0.00169952318538, 0.000713505083695, 0.000843353685923, 0.000678193580825, 0.000955039344262, 0.000259932159679, 0.000196815206436, 0.000193619940546, 0.000123203877592, 0.000125615610159, 0.000157394300913, 0.000128783256514, 8.01491041784e-05, 5.83750261285e-05, 6.48105778964e-05, 0.000244507798925, 8.69588911883e-05, 3.51893359039e-05, 9.57138854574e-06, 2.4258540634e-06, 7.58117221267e-06, 5.99936829531e-05], "dvar": [6.36004770058e-05, 0.000353519921191, 1.66855079442e-05, 4.19763864556e-06, 4.40970106865e-05, 2.63873444055e-05, 4.39429186372e-06, 1.04498658402e-05, 5.37633923159e-06, 1.20796803458e-05, 5.03424928411e-07, 4.15187571434e-07, 1.75909576683e-07, 9.87997950119e-08, 2.10366820852e-07, 3.28477597122e-07, 1.5465846559e-07, 5.49046390574e-08, 3.6503024603e-08, 1.60857052123e-08, 2.94120297895e-07, 2.3771800528e-08, 5.12216180582e-09, 4.30717267408e-10, 1.37623220112e-11, 1.81350892636e-10, 8.02006017153e-09], "dvar2": [0.000170186816831, 0.000943689723499, 4.31910011685e-05, 1.01736395663e-05, 0.000100942532299, 6.2929939304e-05, 9.8364043879e-06, 2.47901825787e-05, 1.16412084026e-05, 2.85585010715e-05, 1.23995698686e-06, 1.03923832739e-06, 4.40701654725e-07, 2.06163079497e-07, 5.13195288931e-07, 7.65567961025e-07, 3.6869454334e-07, 1.20597036357e-07, 7.38327159411e-08, 3.79431206454e-08, 7.76848025907e-07, 5.68031488513e-08, 1.07289741536e-08, 8.9725948893e-10, 3.41610906229e-11, 3.54097445809e-10, 1.71720273556e-08], "max": [0.108405098319, 0.285981476307, 0.0821115374565, 0.0391762331128, 0.170831054449, 0.180645436049, 0.0742554366589, 0.0944324433804, 0.0796122699976, 0.131833866239, 0.0211194045842, 0.0197310745716, 0.0104009555653, 0.018030622974, 0.0192926377058, 0.0305707938969, 0.0141909029335, 0.00812224019319, 0.00782397016883, 0.00396146439016, 0.00883858371526, 0.00283131189644, 0.00120375095867, 0.0003569185792, 8.20708737592e-05, 0.00024313335598, 0.00148017227184], "mean": [0.00288197537884, 0.00796170346439, 0.00325154303573, 0.00128867803141, 0.00381896412, 0.00153460213915, 0.000719125266187, 0.000694685033523, 0.000631397357211, 0.000955609837547, 0.000197627479793, 0.000161843141541, 0.000168154394487, 0.000109264772618, 9.82401616056e-05, 0.00013105632388, 0.000102509962744, 7.07598301233e-05, 5.30370816705e-05, 4.318765059e-05, 0.000115218754217, 4.85071723233e-05, 2.35340667132e-05, 6.23242112852e-06, 1.31813408188e-06, 5.5929899645e-06, 5.18704473507e-05], "median": [0.000692139612511, 0.00251412531361, 0.000968844396994, 0.000433107517892, 0.00072472973261, 8.96165438462e-05, 5.28094933543e-05, 2.19140565605e-05, 2.80857257167e-05, 1.86720717466e-05, 1.30544513013e-05, 1.34839328894e-05, 1.59560113389e-05, 1.28726051116e-05, 1.39533185575e-05, 1.3633596609e-05, 1.01894802356e-05, 7.5584048318e-06, 5.95225264988e-06, 4.0962336243e-06, 3.67872166862e-06, 2.67447876467e-06, 1.69479278611e-06, 5.1883711194e-07, 2.49032922284e-07, 8.21120693217e-07, 8.43009274831e-06], "min": [1.70928667636e-25, 1.36754116212e-24, 4.15612107473e-25, 1.80884996985e-24, 1.11371556149e-23, 3.91566611423e-24, 5.8558044296e-24, 1.4649815964e-23, 1.57461212075e-23, 1.54306841305e-23, 2.12494941391e-23, 2.76106365537e-23, 4.94176770703e-23, 4.28945231361e-23, 4.97025946966e-23, 7.20274182677e-23, 5.60114151228e-23, 1.2163413481e-22, 1.63863575628e-22, 1.6935562525e-22, 2.05349657037e-22, 2.63135270823e-22, 4.08805366326e-22, 6.02803226585e-22, 8.46181128938e-22, 1.359176795e-21, 2.03433641378e-21], "var": [5.07733748236e-05, 0.00029143402935, 3.46154811268e-05, 6.40914413452e-06, 7.36005677027e-05, 3.90563545807e-05, 8.94091226655e-06, 1.68690676219e-05, 9.92752029561e-06, 3.16089208354e-05, 7.48743275381e-07, 5.80445089327e-07, 2.97589963338e-07, 1.92708881741e-07, 2.17028556904e-07, 4.46057470072e-07, 2.16536463427e-07, 9.7822926648e-08, 6.93081219083e-08, 2.10508410703e-08, 2.15967148165e-07, 2.22038281095e-08, 6.19141404812e-09, 5.1909859744e-10, 1.31695912856e-11, 2.53276677409e-10, 1.18636123148e-08]}, "barkbands_crest": {"dmean": 3.32422018051, "dmean2": 5.55235719681, "dvar": 8.13516712189, "dvar2": 22.0278625488, "max": 26.4611797333, "mean": 13.5036706924, "median": 13.1630563736, "min": 2.712672472, "var": 22.1042499542}, "barkbands_flatness_db": {"dmean": 0.0482543110847, "dmean2": 0.0746341198683, "dvar": 0.0017537336098, "dvar2": 0.00418831547722, "max": 0.562350451946, "mean": 0.217067584395, "median": 0.210256412625, "min": 0.0304154772311, "var": 0.00676519842818}, "barkbands_kurtosis": {"dmean": 25.1567211151, "dmean2": 41.0406684875, "dvar": 2155.87792969, "dvar2": 5872.59765625, "max": 1563.14819336, "mean": 38.9703292847, "median": 17.8912963867, "min": -1.87311530113, "var": 3930.95629883}, "barkbands_skewness": {"dmean": 1.54066336155, "dmean2": 2.40660381317, "dvar": 2.80665040016, "dvar2": 6.92916345596, "max": 35.2559585571, "mean": 3.85698199272, "median": 3.30795907974, "min": -4.528403759, "var": 8.88321018219}, "barkbands_spread": {"dmean": 8.08058261871, "dmean2": 12.433681488, "dvar": 168.001678467, "dvar2": 358.378997803, "max": 133.35760498, "mean": 14.3606882095, "median": 6.34764671326, "min": 0.16119608283, "var": 391.19720459}, "dissonance": {"dmean": 0.0211990457028, "dmean2": 0.0341751240194, "dvar": 0.000562054221518, "dvar2": 0.00141509540845, "max": 0.500000238419, "mean": 0.463241547346, "median": 0.473858207464, "min": 0.238252818584, "var": 0.00122716394253}, "dynamic_complexity": 7.13053321838, "erbbands": {"dmean": [0.341104149818, 1.04520082474, 2.2351911068, 2.66958975792, 6.64876317978, 8.41918945312, 7.96189165115, 9.37201213837, 8.44534015656, 6.60737037659, 11.2747488022, 10.6578369141, 17.1348953247, 13.9861536026, 4.93726968765, 5.09562635422, 5.38645553589, 4.55260515213, 3.16236019135, 5.14147949219, 5.34781980515, 4.74995565414, 3.0745446682, 2.44813227654, 1.69146490097, 2.03552865982, 8.83759593964, 1.63653254509, 2.35229229927, 1.29139316082, 0.585401117802, 0.242537587881, 0.0546225123107, 0.0170015823096, 0.0101770199835, 0.00689573818818, 0.011086772196, 0.0138716585934, 0.0064350082539, 0.000742162752431], "dmean2": [0.586455345154, 1.75745713711, 3.68719887733, 4.20953226089, 10.3927164078, 13.2842054367, 12.319937706, 14.8780021667, 12.9265413284, 10.1410636902, 17.2719535828, 15.9005594254, 26.1361103058, 22.333398819, 7.64109754562, 7.99543857574, 8.58911991119, 6.97257232666, 4.89560174942, 7.8529753685, 7.99791812897, 7.11270475388, 4.5154633522, 3.53656291962, 2.42006897926, 3.19439816475, 14.7787952423, 2.57780647278, 3.76526451111, 1.93689572811, 0.864720761776, 0.352846086025, 0.0837263762951, 0.0284018814564, 0.0171215645969, 0.0111139826477, 0.0159137621522, 0.0204437877983, 0.010047272779, 0.00102308148053], "dvar": [1.10983240604, 6.46103668213, 17.7881603241, 29.9412879944, 235.162780762, 790.923278809, 1294.41796875, 2465.39819336, 1625.77539062, 1241.97717285, 3786.91772461, 2895.23193359, 11693.8271484, 5408.61669922, 375.019622803, 738.151306152, 338.177215576, 293.620269775, 186.854202271, 829.848754883, 1025.17553711, 487.196960449, 167.479873657, 120.16633606, 56.019733429, 38.9536933899, 1097.89978027, 22.5111236572, 53.9843864441, 10.6675310135, 3.24570226669, 0.666186511517, 0.0226527843624, 0.00179541378748, 0.000681328703649, 0.000248830387136, 0.00093186221784, 0.00114106794354, 0.000376136478735, 2.04850380214e-06], "dvar2": [2.96061635017, 17.6277236938, 47.8391990662, 70.986076355, 549.273925781, 1810.2208252, 3018.34887695, 6089.21484375, 3605.67626953, 2761.53515625, 8466.79589844, 6190.78955078, 25846.2773438, 13902.6308594, 932.643676758, 1867.43249512, 812.640808105, 658.215942383, 444.09475708, 2023.5423584, 2326.03515625, 1106.91845703, 367.231262207, 244.634246826, 102.550186157, 92.8706741333, 2904.4777832, 56.9093208313, 132.407867432, 23.2364368439, 6.68225860596, 1.36260557175, 0.0473662503064, 0.00443922076374, 0.00168933684472, 0.000589033239521, 0.00175525143277, 0.00247556692921, 0.000956554780714, 3.80517758458e-06], "max": [12.9537858963, 48.4121665955, 79.2811889648, 99.8216629028, 357.893188477, 710.326538086, 1040.00524902, 1895.70288086, 1353.52832031, 1277.07409668, 1850.9074707, 1858.65637207, 4464.44238281, 2546.48364258, 578.884094238, 853.863464355, 416.251495361, 724.26776123, 712.126525879, 1183.05419922, 1968.90429688, 788.166748047, 412.984924316, 368.293243408, 383.153991699, 193.49697876, 524.717041016, 83.2140197754, 141.802185059, 47.8154945374, 33.2017745972, 13.6177988052, 2.7320535183, 0.932000637054, 0.578094303608, 0.335818946362, 0.613128602505, 0.423304855824, 0.4383071661, 0.0303698573261], "mean": [0.34295976162, 1.36408126354, 3.56446456909, 4.3397974968, 10.6607675552, 11.1750450134, 9.8893289566, 13.5563278198, 13.6193780899, 9.29299354553, 15.7475824356, 15.272974968, 27.5638370514, 20.3978404999, 6.95095729828, 6.96657943726, 7.92454004288, 6.64803886414, 4.35602045059, 6.44391918182, 7.03931474686, 5.90777540207, 4.01265478134, 3.23154759407, 2.25683069229, 2.0991871357, 6.82953166962, 1.51132357121, 1.99295818806, 1.22434103489, 0.583966910839, 0.237887814641, 0.0534600131214, 0.0160087831318, 0.00943983811885, 0.00690608518198, 0.0119040664285, 0.0137286921963, 0.00605672923848, 0.00147112680133], "median": [0.0767424926162, 0.479242891073, 1.33827316761, 1.77338647842, 2.58011412621, 1.81068909168, 0.816551744938, 0.749428272247, 0.726260364056, 0.73320555687, 0.527363777161, 0.670405387878, 0.600457370281, 0.611812055111, 0.576380670071, 0.599757134914, 0.760539591312, 0.729664564133, 0.765585541725, 0.75094473362, 0.73647660017, 0.594831645489, 0.42819660902, 0.363714545965, 0.255243241787, 0.197429224849, 0.179611608386, 0.114678360522, 0.0960220918059, 0.0768249854445, 0.0427284166217, 0.0175295230001, 0.00619242619723, 0.00317987659946, 0.00191965629347, 0.00137685798109, 0.00159237731714, 0.00128399161622, 0.000606322137173, 0.000563860754482], "min": [1.58367597478e-23, 4.67426263904e-22, 1.23002342737e-21, 6.84157934248e-21, 9.92049260083e-21, 3.27863375543e-20, 4.61923858873e-20, 2.50015259365e-20, 4.66679662719e-20, 1.76582303717e-19, 3.55790854179e-19, 3.77192730812e-19, 6.43839545298e-19, 4.63921041225e-19, 1.14444521951e-18, 1.01005142763e-18, 2.04071061265e-18, 2.38968301704e-18, 2.31253353567e-18, 3.50567043175e-18, 4.05183793788e-18, 4.21218565885e-18, 5.64442862357e-18, 8.36463564259e-18, 7.43780954473e-18, 7.85541167698e-18, 9.40863931885e-18, 8.58473599588e-18, 8.11026519652e-18, 1.24566857252e-17, 1.02273140332e-17, 1.2188744554e-17, 1.00577792307e-17, 7.78206060898e-18, 5.95891028475e-18, 3.96869346502e-18, 2.42760242389e-18, 1.08696226739e-18, 2.68724175197e-19, 2.94653431042e-20], "var": [0.831761002541, 6.28223800659, 35.3953819275, 55.891746521, 516.745178223, 1016.76928711, 1572.41296387, 3515.3269043, 3533.29614258, 2304.47875977, 6884.44384766, 5433.70214844, 30812.5214844, 10875.3369141, 659.032287598, 1056.23901367, 655.829589844, 562.921203613, 236.407531738, 902.662475586, 1441.96643066, 729.69128418, 300.012023926, 232.782241821, 122.188575745, 48.3013420105, 800.944824219, 19.7160434723, 47.0372428894, 12.1921129227, 3.99122691154, 0.820024549961, 0.0276442244649, 0.00175083382055, 0.000655562209431, 0.000272711768048, 0.00132375699468, 0.00135418074206, 0.00031756790122, 5.69625353819e-06]}, "erbbands_crest": {"dmean": 3.54483485222, "dmean2": 5.69108104706, "dvar": 11.6479320526, "dvar2": 26.7768669128, "max": 31.3308429718, "mean": 10.0429925919, "median": 8.99656009674, "min": 1.90927112103, "var": 27.8667736053}, "erbbands_flatness_db": {"dmean": 0.033192705363, "dmean2": 0.0504200570285, "dvar": 0.000931903836317, "dvar2": 0.00205982220359, "max": 0.387562274933, "mean": 0.146453127265, "median": 0.138280123472, "min": 0.021843701601, "var": 0.00330206984654}, "erbbands_kurtosis": {"dmean": 2.56507277489, "dmean2": 4.06189441681, "dvar": 17.6077575684, "dvar2": 41.0128326416, "max": 79.1501998901, "mean": 2.10065746307, "median": 0.361056566238, "min": -1.90816450119, "var": 26.0606231689}, "erbbands_skewness": {"dmean": 0.711479783058, "dmean2": 1.026709795, "dvar": 0.551295518875, "dvar2": 1.0543859005, "max": 6.51805734634, "mean": 0.459338933229, "median": 0.545936405659, "min": -6.27280187607, "var": 1.81417524815}, "erbbands_spread": {"dmean": 14.3683271408, "dmean2": 22.2133178711, "dvar": 223.167724609, "dvar2": 506.370880127, "max": 139.538085938, "mean": 40.8510131836, "median": 38.5032234192, "min": 1.82800197601, "var": 523.507507324}, "gfcc": {"cov": [[32942.5820312, 3362.69091797, -1740.81005859, -185.628311157, -570.85760498, -804.697631836, -216.151916504, -790.659179688, -271.07800293, -590.101928711, -399.757873535, -168.646865845, -220.986633301], [3362.69091797, 1983.00158691, 236.010131836, -549.083190918, -5.15979003906, 11.8802118301, -146.669021606, 37.7376976013, -194.176422119, -116.135192871, 59.0674247742, -191.963287354, 54.3251304626], [-1740.81005859, 236.010131836, 769.768005371, 47.8220481873, -45.6108703613, 259.907012939, -51.8292503357, 190.454650879, -57.5952377319, 75.1563720703, 36.6031608582, -62.3216705322, 32.027256012], [-185.628311157, -549.083190918, 47.8220481873, 640.555297852, 236.024108887, -24.8859958649, 184.241119385, -78.7185211182, 106.810424805, 31.8991508484, -49.5979728699, 71.9521026611, -53.9914093018], [-570.85760498, -5.15979003906, -45.6108703613, 236.024108887, 370.395355225, 23.2776660919, 93.5413970947, -38.2378425598, 33.2294616699, -6.59349346161, 30.769695282, 0.188343554735, -7.52078676224], [-804.697631836, 11.8802118301, 259.907012939, -24.8859958649, 23.2776660919, 296.845733643, -51.1223754883, 105.800682068, -54.3618965149, 52.2415504456, 44.7192344666, -7.82851743698, 9.27419757843], [-216.151916504, -146.669021606, -51.8292503357, 184.241119385, 93.5413970947, -51.1223754883, 255.926376343, -69.6521530151, 107.475814819, 31.6063575745, -15.1046934128, 49.6774711609, 5.37602806091], [-790.659179688, 37.7376976013, 190.454650879, -78.7185211182, -38.2378425598, 105.800682068, -69.6521530151, 262.341186523, -2.97261857986, 55.1273994446, 49.9846038818, -30.5437469482, 35.7640075684], [-271.07800293, -194.176422119, -57.5952377319, 106.810424805, 33.2294616699, -54.3618965149, 107.475814819, -2.97261857986, 189.74269104, 51.3648605347, 2.80091381073, 41.966999054, -16.6934318542], [-590.101928711, -116.135192871, 75.1563720703, 31.8991508484, -6.59349346161, 52.2415504456, 31.6063575745, 55.1273994446, 51.3648605347, 129.550949097, 32.250125885, 8.59624004364, 29.2443256378], [-399.757873535, 59.0674247742, 36.6031608582, -49.5979728699, 30.769695282, 44.7192344666, -15.1046934128, 49.9846038818, 2.80091381073, 32.250125885, 84.0276641846, 20.5042705536, 9.4261932373], [-168.646865845, -191.963287354, -62.3216705322, 71.9521026611, 0.188343554735, -7.82851743698, 49.6774711609, -30.5437469482, 41.966999054, 8.59624004364, 20.5042705536, 88.3374862671, 7.25804853439], [-220.986633301, 54.3251304626, 32.027256012, -53.9914093018, -7.52078676224, 9.27419757843, 5.37602806091, 35.7640075684, -16.6934318542, 29.2443256378, 9.4261932373, 7.25804853439, 80.4580078125]], "icov": [[9.39832389122e-05, -0.000341717561241, 0.000471649196697, -0.00057025818387, 0.000555721577257, -0.000255527847912, 0.000133989276947, 5.13307095389e-05, -7.6281496149e-05, 0.000106798041088, -1.22975188788e-06, 0.000187268888112, -0.000103319456684], [-0.000341717561241, 0.00230857357383, -0.00226078066044, 0.00293625798076, -0.00241441465914, 0.00131864298601, -0.000833562808111, 0.000311352254357, 0.00039641035255, 0.00062599638477, -0.00118788471445, 0.00111859105527, -0.000194409760297], [0.000471649196697, -0.00226078066044, 0.00550259323791, -0.00522298086435, 0.00501416716725, -0.00389333395287, 0.000535681552719, -0.000334755430231, -0.000837819185108, 0.00126531743445, -0.00235198996961, 0.00438531115651, -0.00259664910845], [-0.00057025818387, 0.00293625798076, -0.00522298086435, 0.00975367613137, -0.00830798968673, 0.00400575855747, -0.00182675104588, -0.00102166016586, 0.00200905906968, -0.00392646854743, 0.00715507054701, -0.00802845042199, 0.00614330079406], [0.000555721577257, -0.00241441465914, 0.00501416716725, -0.00830798968673, 0.010887818411, -0.00455857254565, -0.000203303206945, 0.00179804570507, -0.00242822198197, 0.00504961283877, -0.00897369813174, 0.00965044926852, -0.00581537466496], [-0.000255527847912, 0.00131864298601, -0.00389333395287, 0.00400575855747, -0.00455857254565, 0.00794335734099, -8.80952575244e-05, -0.00170841813087, 0.00331990607083, -0.00399652915075, 0.00266221980564, -0.00562758930027, 0.00440644752234], [0.000133989276947, -0.000833562808111, 0.000535681552719, -0.00182675104588, -0.000203303206945, -8.80952575244e-05, 0.00736570358276, 0.00142892077565, -0.00308652757667, -0.00100779696368, 0.00170646433253, -0.00201782444492, -0.00193639600184], [5.13307095389e-05, 0.000311352254357, -0.000334755430231, -0.00102166016586, 0.00179804570507, -0.00170841813087, 0.00142892077565, 0.0071831587702, -0.00254830042832, 0.00133924302645, -0.00550049124286, 0.00561586208642, -0.00442268699408], [-7.6281496149e-05, 0.00039641035255, -0.000837819185108, 0.00200905906968, -0.00242822198197, 0.00331990607083, -0.00308652757667, -0.00254830042832, 0.0107451481745, -0.00583603139967, 0.0036861198023, -0.00627750251442, 0.00641890568659], [0.000106798041088, 0.00062599638477, 0.00126531743445, -0.00392646854743, 0.00504961283877, -0.00399652915075, -0.00100779696368, 0.00133924302645, -0.00583603139967, 0.0172413680702, -0.0114625385031, 0.010895348154, -0.00998073630035], [-1.22975188788e-06, -0.00118788471445, -0.00235198996961, 0.00715507054701, -0.00897369813174, 0.00266221980564, 0.00170646433253, -0.00550049124286, 0.0036861198023, -0.0114625385031, 0.031746789813, -0.0215758699924, 0.0108797410503], [0.000187268888112, 0.00111859105527, 0.00438531115651, -0.00802845042199, 0.00965044926852, -0.00562758930027, -0.00201782444492, 0.00561586208642, -0.00627750251442, 0.010895348154, -0.0215758699924, 0.0343809090555, -0.0140210799873], [-0.000103319456684, -0.000194409760297, -0.00259664910845, 0.00614330079406, -0.00581537466496, 0.00440644752234, -0.00193639600184, -0.00442268699408, 0.00641890568659, -0.00998073630035, 0.0108797410503, -0.0140210799873, 0.0234259273857]], "mean": [-139.034988403, 101.625930786, -67.3802642822, 25.3736114502, -13.1658763885, -4.99245929718, -5.24582576752, -15.680770874, -2.78919935226, -7.89040374756, -11.2601890564, -1.42703437805, -8.54715633392]}, "hfc": {"dmean": 9.31933403015, "dmean2": 13.7660102844, "dvar": 233.668014526, "dvar2": 484.328460693, "max": 290.169219971, "mean": 23.9096393585, "median": 13.2561607361, "min": 1.0913287636e-16, "var": 1011.94702148}, "melbands": {"dmean": [0.00246833264828, 0.00115792790893, 0.000531910336576, 0.000565697264392, 0.000298538972856, 0.000208140656468, 0.000119357377116, 8.60935833771e-05, 8.78188584466e-05, 6.67164567858e-05, 8.78387363628e-05, 6.18841586402e-05, 1.89099500858e-05, 1.54056633619e-05, 1.09360717033e-05, 1.24797361423e-05, 8.6651834863e-06, 4.89141530124e-06, 6.60005662212e-06, 7.24090250515e-06, 6.37654147795e-06, 5.3818039305e-06, 3.47355535268e-06, 2.5661820473e-06, 2.00094268621e-06, 1.46499587572e-06, 9.85722067526e-07, 1.17760578178e-06, 6.09924700257e-06, 3.23176186612e-06, 3.60337253369e-07, 1.18320031106e-06, 1.3060296169e-06, 5.73964598516e-07, 3.54030760263e-07, 2.33489743096e-07, 1.16922045379e-07, 4.24363193474e-08, 1.6150597304e-08, 1.32736168723e-08], "dmean2": [0.00420867558569, 0.00190565292723, 0.000834554142784, 0.000888733251486, 0.000460061797639, 0.000329860456986, 0.000183215786819, 0.000132421031594, 0.000131076754769, 0.000100792822195, 0.000134735586471, 0.000100022698462, 2.99633138638e-05, 2.4386563382e-05, 1.73036441993e-05, 1.99066616915e-05, 1.3385031707e-05, 7.74107047619e-06, 1.0250854757e-05, 1.12146872198e-05, 9.62758895184e-06, 8.26973246149e-06, 5.35749813935e-06, 3.78543882107e-06, 2.95729842037e-06, 2.17050160245e-06, 1.46531965584e-06, 1.86626471077e-06, 1.0355750419e-05, 5.32068497705e-06, 5.43179567103e-07, 1.90881428352e-06, 2.0516827135e-06, 8.57558404732e-07, 5.34112928108e-07, 3.42093613881e-07, 1.73898641265e-07, 6.52505462995e-08, 2.712768854e-08, 2.23777369968e-08], "dvar": [5.33573365828e-05, 4.62183197669e-06, 1.02040007732e-06, 2.1031214601e-06, 1.52682503085e-06, 1.11643191758e-06, 3.10486655053e-07, 2.49317110956e-07, 2.03351063988e-07, 1.09902536849e-07, 3.03599165363e-07, 1.10879412318e-07, 6.50999165686e-09, 6.74773881215e-09, 2.11650341697e-09, 1.99761474029e-09, 1.26134336309e-09, 3.72627456668e-10, 1.60301050212e-09, 1.45103729032e-09, 1.56671076113e-09, 6.97248092596e-10, 2.70629879617e-10, 1.1705580949e-10, 8.6571610991e-11, 4.97467449179e-11, 2.00339883571e-11, 1.2991560952e-11, 5.84235548828e-10, 1.5121352781e-10, 8.65101447509e-13, 1.49961553592e-11, 1.29007715968e-11, 2.71328294034e-12, 1.19513177566e-12, 6.69252522324e-13, 1.63458114232e-13, 1.57177144699e-14, 1.59286938599e-15, 1.17361708798e-15], "dvar2": [0.000142226534081, 1.26050817926e-05, 2.44850070885e-06, 4.91016317028e-06, 3.50422669726e-06, 2.7160240279e-06, 6.92285084369e-07, 5.77334333229e-07, 4.41602679757e-07, 2.43674634248e-07, 6.75382580084e-07, 2.87676584776e-07, 1.60501301139e-08, 1.67111711136e-08, 5.44779465983e-09, 5.14251796702e-09, 2.75653277981e-09, 8.53949855273e-10, 3.89018861569e-09, 3.51309692448e-09, 3.5635812079e-09, 1.66722280426e-09, 6.70788091739e-10, 2.46347720001e-10, 1.82292417272e-10, 1.01258439134e-10, 3.66743267699e-11, 3.21733091557e-11, 1.56888335656e-09, 3.98219096587e-10, 2.004666615e-12, 3.73229988582e-11, 3.07137336397e-11, 5.94713948227e-12, 2.54039324299e-12, 1.38319499084e-12, 3.47752480024e-13, 3.30389944461e-14, 3.94745940782e-15, 2.91410398789e-15], "max": [0.094993121922, 0.0495189167559, 0.0179458539933, 0.0308786667883, 0.0358171053231, 0.0389371141791, 0.0184528660029, 0.0177069269121, 0.0132490489632, 0.0101092141122, 0.0229509100318, 0.0109102195129, 0.00249574403279, 0.00277427188121, 0.00176578003448, 0.00119535299018, 0.00167683628388, 0.000847110350151, 0.00159019150306, 0.00167740578763, 0.00256820721552, 0.00109565397725, 0.000525648065377, 0.000345687876688, 0.000325963919749, 0.000302486994769, 0.000256761675701, 0.000108591164462, 0.000521165609825, 0.000247855117777, 3.15703582601e-05, 7.35132634873e-05, 5.9112222516e-05, 2.64796726697e-05, 2.19610774366e-05, 1.47622731674e-05, 7.98642395239e-06, 2.34220146922e-06, 8.7065882326e-07, 7.56689303216e-07], "mean": [0.00272690458223, 0.00186914624646, 0.000933641800657, 0.000855672522448, 0.000372230628273, 0.000308969756588, 0.000192190622329, 0.000113821115519, 0.000123879639432, 9.43550985539e-05, 0.000138662537211, 8.73417156981e-05, 2.44327893597e-05, 1.95484735741e-05, 1.55178131536e-05, 1.70805924427e-05, 1.1854076547e-05, 6.47241085971e-06, 7.90905232861e-06, 9.03308045963e-06, 8.03063903732e-06, 6.44543251838e-06, 4.16801822212e-06, 3.277938049e-06, 2.564388069e-06, 1.88246622201e-06, 1.27805026295e-06, 1.20354047795e-06, 4.60876481156e-06, 2.59137254943e-06, 4.06465488823e-07, 9.97742631625e-07, 1.12466011615e-06, 5.53843563011e-07, 3.48935060401e-07, 2.30897725828e-07, 1.11742799902e-07, 4.08661655626e-08, 1.49464263188e-08, 1.21329826186e-08], "median": [0.000837867031805, 0.000834017642774, 0.000417632894823, 0.000178457834409, 3.20576691593e-05, 1.69776903931e-05, 1.13233636512e-05, 7.38336348149e-06, 4.17732690039e-06, 4.01408033213e-06, 2.82226119452e-06, 2.39156929638e-06, 1.86246063549e-06, 1.50058667714e-06, 1.57683166435e-06, 1.54321355694e-06, 1.2551644204e-06, 1.12595625978e-06, 9.83647510111e-07, 9.40034681207e-07, 7.89309751781e-07, 6.05929926678e-07, 4.31048647442e-07, 3.29084343775e-07, 2.83612337171e-07, 2.02917902925e-07, 1.40551705385e-07, 1.17036499603e-07, 1.16915245485e-07, 8.30610957792e-08, 5.57593118344e-08, 5.24723731132e-08, 5.00282837379e-08, 3.88162035847e-08, 2.53129659455e-08, 1.46147574043e-08, 7.71943309275e-09, 4.14241574376e-09, 2.80166490008e-09, 2.26551644111e-09], "min": [2.88073636919e-25, 9.30243909314e-25, 9.91246621722e-25, 1.93321290548e-24, 2.07187710046e-24, 6.11972553683e-25, 9.09234472648e-25, 2.59900874847e-24, 1.81547265436e-24, 2.34973639382e-24, 3.08463586046e-24, 1.50630406332e-24, 3.30647932423e-24, 3.40274402049e-24, 2.10434661532e-24, 3.91130134684e-24, 3.69193096202e-24, 3.15139617279e-24, 3.93821215333e-24, 3.94435580206e-24, 3.89634414965e-24, 3.74234154044e-24, 4.37311472026e-24, 5.00411588087e-24, 5.68413488599e-24, 5.27573449561e-24, 4.52496847236e-24, 3.89661078464e-24, 4.15614128929e-24, 3.8482465114e-24, 5.39181103907e-24, 4.32181706774e-24, 4.46413980239e-24, 4.90477936024e-24, 4.38225643486e-24, 5.73884593964e-24, 6.90079348239e-24, 6.60574254333e-24, 6.68625329288e-24, 6.31360920632e-24], "var": [4.15313916164e-05, 7.91992533777e-06, 2.08022674997e-06, 3.50802338289e-06, 1.94597123482e-06, 1.71318072262e-06, 6.82567474541e-07, 4.23384676651e-07, 3.90374822246e-07, 2.08887939834e-07, 7.89745058682e-07, 2.10258576772e-07, 1.0344971102e-08, 8.96295304642e-09, 3.26301163867e-09, 3.17695936225e-09, 2.3084190115e-09, 5.35257449474e-10, 1.63714342083e-09, 1.78340853196e-09, 2.12148831835e-09, 9.31377308611e-10, 3.5373942664e-10, 2.22937376892e-10, 1.55799914636e-10, 9.23446943912e-11, 4.22470738948e-11, 1.49755971512e-11, 4.07265221547e-10, 1.12826185894e-10, 1.10809592838e-12, 1.26616521087e-11, 1.20864828562e-11, 3.09764692195e-12, 1.40778100982e-12, 8.13248285988e-13, 1.90058052304e-13, 1.86918826229e-14, 1.53906595906e-15, 1.12173600232e-15]}, "melbands_crest": {"dmean": 4.46102046967, "dmean2": 7.41220617294, "dvar": 16.9037342072, "dvar2": 43.683757782, "max": 39.6652069092, "mean": 20.2484512329, "median": 19.4714260101, "min": 1.62267065048, "var": 56.2764549255}, "melbands_flatness_db": {"dmean": 0.0565054267645, "dmean2": 0.0852489694953, "dvar": 0.00230722269043, "dvar2": 0.00520150177181, "max": 0.724048018456, "mean": 0.330027043819, "median": 0.32948961854, "min": 0.0031944939401, "var": 0.0110616544262}, "melbands_kurtosis": {"dmean": 43.4112663269, "dmean2": 71.3016967773, "dvar": 9065.45117188, "dvar2": 24491.9980469, "max": 3198.4831543, "mean": 66.5796813965, "median": 35.7066726685, "min": -1.93198823929, "var": 12400.9423828}, "melbands_skewness": {"dmean": 1.90309774876, "dmean2": 2.97174572945, "dvar": 4.82506847382, "dvar2": 12.1800584793, "max": 51.9369735718, "mean": 5.18740034103, "median": 4.6014957428, "min": -3.6682844162, "var": 13.2265977859}, "melbands_spread": {"dmean": 7.87782382965, "dmean2": 12.2459402084, "dvar": 287.449249268, "dvar2": 618.922119141, "max": 193.260528564, "mean": 13.4858417511, "median": 4.61967515945, "min": 0.0811818018556, "var": 651.269287109}, "mfcc": {"cov": [[16586.15625, 2989.40063477, -1319.21789551, 650.700561523, -816.437316895, 233.301544189, -765.567260742, 101.604232788, -452.11227417, -143.492462158, -390.316101074, -221.011993408, -224.529937744], [2989.40063477, 2663.16552734, 206.688842773, -283.331054688, 67.4545898438, -151.198165894, 106.017738342, -91.2530593872, -79.5528869629, -58.7597579956, -13.823261261, -117.728286743, -59.574886322], [-1319.21789551, 206.688842773, 825.459716797, -172.612243652, 121.932388306, -33.0608482361, 136.441513062, 0.50481325388, 56.8183555603, 62.8550071716, 47.6748275757, 49.5650939941, -10.641620636], [650.700561523, -283.331054688, -172.612243652, 652.848083496, 23.8915214539, 211.773406982, -35.4261856079, 86.1423187256, 71.6089248657, -1.52431917191, 16.2322349548, 30.2827625275, 26.55128479], [-816.437316895, 67.4545898438, 121.932388306, 23.8915214539, 329.358947754, 32.4381904602, 136.808044434, 21.4934539795, 13.6015014648, 11.2999668121, 44.9614334106, 27.9817962646, 24.5651473999], [233.301544189, -151.198165894, -33.0608482361, 211.773406982, 32.4381904602, 305.795928955, 23.4785614014, 46.4259605408, 13.5285921097, 1.34784436226, -10.5860681534, 36.6534996033, 20.9504909515], [-765.567260742, 106.017738342, 136.441513062, -35.4261856079, 136.808044434, 23.4785614014, 212.13470459, 1.97683668137, 40.3336448669, -26.0494270325, 35.5669937134, 17.7332134247, 21.8459472656], [101.604232788, -91.2530593872, 0.50481325388, 86.1423187256, 21.4934539795, 46.4259605408, 1.97683668137, 123.045776367, 1.15446603298, 24.5001468658, -6.08296728134, 16.3472957611, 5.12494277954], [-452.11227417, -79.5528869629, 56.8183555603, 71.6089248657, 13.6015014648, 13.5285921097, 40.3336448669, 1.15446603298, 138.353988647, 34.4434165955, 42.4110488892, 17.6402416229, 28.8332481384], [-143.492462158, -58.7597579956, 62.8550071716, -1.52431917191, 11.2999668121, 1.34784436226, -26.0494270325, 24.5001468658, 34.4434165955, 94.6406478882, 39.0750961304, 21.8055038452, 6.79423761368], [-390.316101074, -13.823261261, 47.6748275757, 16.2322349548, 44.9614334106, -10.5860681534, 35.5669937134, -6.08296728134, 42.4110488892, 39.0750961304, 87.2559509277, 37.0760307312, 28.4645175934], [-221.011993408, -117.728286743, 49.5650939941, 30.2827625275, 27.9817962646, 36.6534996033, 17.7332134247, 16.3472957611, 17.6402416229, 21.8055038452, 37.0760307312, 77.6644134521, 34.6184272766], [-224.529937744, -59.574886322, -10.641620636, 26.55128479, 24.5651473999, 20.9504909515, 21.8459472656, 5.12494277954, 28.8332481384, 6.79423761368, 28.4645175934, 34.6184272766, 63.9666137695]], "icov": [[0.000178905873327, -0.000274459947832, 0.000207535689697, -0.000215160747757, 0.000276051519904, -0.000103121892607, 0.000320414925227, -0.000130467829877, 0.000249262113357, -0.000141111100675, 0.000409366883105, -0.000375150964828, 0.000248482858296], [-0.000274459947832, 0.000872127304319, -0.000442430929979, 0.000390479894122, -0.00045623088954, 0.000205358752282, -0.000669480359647, 0.000340062426403, -9.01071252883e-05, 0.000330433918862, -0.000916502263863, 0.00136449350975, -0.000402579782531], [0.000207535689697, -0.000442430929979, 0.00199125427753, 0.000142482196679, 8.8819724624e-05, -2.24956183956e-05, -0.000627314148005, -6.59926809021e-05, -0.000368506764062, -0.00139772158582, 0.00106601521838, -0.00208300212398, 0.00174884265289], [-0.000215160747757, 0.000390479894122, 0.000142482196679, 0.00302739115432, -0.000891163421329, -0.0015610170085, 0.00118871545419, -0.00155568146147, -0.00225667189807, 0.00228319014423, -0.00214809156023, 0.000549239630345, 0.00038102522376], [0.000276051519904, -0.00045623088954, 8.8819724624e-05, -0.000891163421329, 0.00507741328329, -8.87336282176e-05, -0.00273730605841, -0.000354193558451, 0.00199831370264, -0.00175874505658, -0.000116341579997, -0.000394919625251, -0.000477294670418], [-0.000103121892607, 0.000205358752282, -2.24956183956e-05, -0.0015610170085, -8.87336282176e-05, 0.00501109007746, -0.00170668377541, 0.000195815387997, 0.00055446109036, -0.00142277462874, 0.00271752593108, -0.00201889756136, -0.000781951996032], [0.000320414925227, -0.000669480359647, -0.000627314148005, 0.00118871545419, -0.00273730605841, -0.00170668377541, 0.0108089335263, -0.00219254242256, -0.00307880947366, 0.00700434483588, -0.00361787551083, -4.38334718638e-05, 0.000275234953733], [-0.000130467829877, 0.000340062426403, -6.59926809021e-05, -0.00155568146147, -0.000354193558451, 0.000195815387997, -0.00219254242256, 0.0110771106556, 0.00154834392015, -0.00527877686545, 0.00417203688994, -0.0015361844562, -0.000735663925298], [0.000249262113357, -9.01071252883e-05, -0.000368506764062, -0.00225667189807, 0.00199831370264, 0.00055446109036, -0.00307880947366, 0.00154834392015, 0.0120921563357, -0.00511458329856, -0.00105037773028, 0.00200334866531, -0.0038793173153], [-0.000141111100675, 0.000330433918862, -0.00139772158582, 0.00228319014423, -0.00175874505658, -0.00142277462874, 0.00700434483588, -0.00527877686545, -0.00511458329856, 0.0210572388023, -0.0105243837461, 6.88642103341e-05, 0.00251919683069], [0.000409366883105, -0.000916502263863, 0.00106601521838, -0.00214809156023, -0.000116341579997, 0.00271752593108, -0.00361787551083, 0.00417203688994, -0.00105037773028, -0.0105243837461, 0.0250783227384, -0.00874425843358, -0.00312767317519], [-0.000375150964828, 0.00136449350975, -0.00208300212398, 0.000549239630345, -0.000394919625251, -0.00201889756136, -4.38334718638e-05, -0.0015361844562, 0.00200334866531, 6.88642103341e-05, -0.00874425843358, 0.0245720949024, -0.00998710189015], [0.000248482858296, -0.000402579782531, 0.00174884265289, 0.00038102522376, -0.000477294670418, -0.000781951996032, 0.000275234953733, -0.000735663925298, -0.0038793173153, 0.00251919683069, -0.00312767317519, -0.00998710189015, 0.0249453466386]], "mean": [-790.459350586, 148.110488892, 11.9326257706, 42.904838562, 12.6270980835, 24.802444458, 1.99485385418, 10.4510297775, 3.81141924858, 3.92497777939, 0.0394730716944, 0.967538297176, 0.0937394872308]}, "pitch_salience": {"dmean": 0.100905194879, "dmean2": 0.167502865195, "dvar": 0.00850734300911, "dvar2": 0.0221006609499, "max": 0.887848556042, "mean": 0.477358549833, "median": 0.501559793949, "min": 0.0320628620684, "var": 0.0253274235874}, "silence_rate_20dB": {"dmean": 0, "dmean2": 0, "dvar": 0, "dvar2": 0, "max": 1, "mean": 1, "median": 1, "min": 1, "var": 0}, "silence_rate_30dB": {"dmean": 0.0342857129872, "dmean2": 0.0685795918107, "dvar": 0.0331119336188, "dvar2": 0.0769708827138, "max": 1, "mean": 0.959766685963, "median": 1, "min": 0, "var": 0.0386137068272}, "silence_rate_60dB": {"dmean": 0.0404761917889, "dmean2": 0.0809620171785, "dvar": 0.0388376787305, "dvar2": 0.0825022086501, "max": 1, "mean": 0.208546608686, "median": 0, "min": 0, "var": 0.165060594678}, "spectral_centroid": {"dmean": 374.217895508, "dmean2": 539.599060059, "dvar": 319882.46875, "dvar2": 544415.4375, "max": 11756.7519531, "mean": 1033.13842773, "median": 556.634887695, "min": 102.890151978, "var": 1703819}, "spectral_complexity": {"dmean": 2.42000007629, "dmean2": 3.46922254562, "dvar": 10.5863552094, "dvar2": 18.035654068, "max": 46, "mean": 6.9364361763, "median": 5, "min": 0, "var": 51.1553192139}, "spectral_contrast_coeffs": {"dmean": [0.0535548180342, 0.0449026748538, 0.0375628098845, 0.0312637165189, 0.0295497961342, 0.0521052144468], "dmean2": [0.0866841524839, 0.0735704824328, 0.0615354925394, 0.0497393794358, 0.0453625954688, 0.0748885273933], "dvar": [0.00209077238105, 0.00140385434497, 0.00102102721576, 0.000744838616811, 0.000738892762456, 0.00272666173987], "dvar2": [0.00506325485185, 0.00365454028361, 0.00259292195551, 0.00174957886338, 0.0016478204634, 0.00504384608939], "max": [-0.307088553905, -0.468763738871, -0.473346203566, -0.523290872574, -0.664773583412, -0.424717187881], "mean": [-0.694964587688, -0.80982863903, -0.838141262531, -0.847573935986, -0.853062748909, -0.76958489418], "median": [-0.693097233772, -0.821110010147, -0.852556347847, -0.851949334145, -0.851961374283, -0.793814718723], "min": [-0.973665773869, -0.975337982178, -0.976994156837, -0.987435042858, -0.974158227444, -0.965190887451], "var": [0.0123355556279, 0.00598980020732, 0.00554911931977, 0.00309479632415, 0.00261407368816, 0.00879409722984]}, "spectral_contrast_valleys": {"dmean": [0.468995660543, 0.534902393818, 0.513254761696, 0.510425746441, 0.591141819954, 0.737534284592], "dmean2": [0.724886953831, 0.820250570774, 0.777104079723, 0.733991026878, 0.818948447704, 1.16772353649], "dvar": [0.199468493462, 0.250194936991, 0.233117818832, 0.237522408366, 0.290805459023, 0.433286011219], "dvar2": [0.381685614586, 0.519053936005, 0.482524991035, 0.469321787357, 0.573437094688, 1.0521273613], "max": [-4.84310531616, -4.45116901398, -4.98440885544, -5.93681716919, -5.59627103806, -8.89287281036], "mean": [-7.64941835403, -7.96465349197, -8.5943403244, -8.88048934937, -8.98943138123, -12.0493144989], "median": [-7.12042284012, -7.58720016479, -8.20086860657, -8.48336791992, -8.62300300598, -11.7462005615], "min": [-28.2057342529, -28.5231742859, -27.7277851105, -27.6674308777, -27.4919052124, -27.4052200317], "var": [5.67004394531, 5.79078292847, 5.31293392181, 5.00419235229, 4.91221952438, 3.72941446304]}, "spectral_decrease": {"dmean": 3.44159101218e-09, "dmean2": 5.48661338584e-09, "dvar": 5.30439725578e-17, "dvar2": 1.33513277143e-16, "max": 3.30235838675e-10, "mean": -6.26915408475e-09, "median": -3.32018701421e-09, "min": -1.17253719623e-07, "var": 7.92494017793e-17}, "spectral_energy": {"dmean": 0.0134494705126, "dmean2": 0.0213138386607, "dvar": 0.000787978526205, "dvar2": 0.00196562893689, "max": 0.449812293053, "mean": 0.0258298981935, "median": 0.0141021469608, "min": 9.98457163332e-21, "var": 0.00126069469843}, "spectral_energyband_high": {"dmean": 0.000294041383313, "dmean2": 0.000461944466224, "dvar": 6.76091644891e-07, "dvar2": 1.68690371538e-06, "max": 0.0128464568406, "mean": 0.000267981813522, "median": 2.1259264031e-05, "min": 7.09282899119e-21, "var": 5.92762717133e-07}, "spectral_energyband_low": {"dmean": 0.00999047234654, "dmean2": 0.0165836866945, "dvar": 0.000621287443209, "dvar2": 0.00164212961681, "max": 0.4063359797, "mean": 0.0139904338866, "median": 0.00678825704381, "min": 2.18249224155e-23, "var": 0.000583632325288}, "spectral_energyband_middle_high": {"dmean": 0.00104119232856, "dmean2": 0.00153594790027, "dvar": 1.22769624795e-05, "dvar2": 2.88915725832e-05, "max": 0.119462490082, "mean": 0.00184837798588, "median": 0.00021098657453, "min": 1.22281568732e-21, "var": 3.33858697559e-05}, "spectral_energyband_middle_low": {"dmean": 0.00457385228947, "dmean2": 0.00681831594557, "dvar": 0.000108288855699, "dvar2": 0.000231647325563, "max": 0.213038250804, "mean": 0.00908404495567, "median": 0.00212018378079, "min": 1.61655042772e-22, "var": 0.000345768086845}, "spectral_entropy": {"dmean": 0.355596572161, "dmean2": 0.536962449551, "dvar": 0.122144192457, "dvar2": 0.271411836147, "max": 9.81801795959, "mean": 7.24017715454, "median": 7.32649326324, "min": 4.79013490677, "var": 0.462693244219}, "spectral_flux": {"dmean": 0.0305537376553, "dmean2": 0.0497765764594, "dvar": 0.00211425754242, "dvar2": 0.00488772802055, "max": 0.604946315289, "mean": 0.0761486887932, "median": 0.059250921011, "min": 6.43755396212e-11, "var": 0.00464145513251}, "spectral_kurtosis": {"dmean": 5.44923019409, "dmean2": 8.43756484985, "dvar": 51.0444335938, "dvar2": 127.05480957, "max": 94.8729934692, "mean": 12.6913404465, "median": 9.58898544312, "min": -1.26133060455, "var": 91.4627227783}, "spectral_rms": {"dmean": 0.00107639993075, "dmean2": 0.00162413425278, "dvar": 2.483945309e-06, "dvar2": 5.49284732188e-06, "max": 0.0209485385567, "mean": 0.00410213554278, "median": 0.00370920356363, "min": 3.12106482152e-12, "var": 8.37234347273e-06}, "spectral_rolloff": {"dmean": 1629.31933594, "dmean2": 3041.74121094, "dvar": 21108520, "dvar2": 54544316, "max": 22050, "mean": 2487.59375, "median": 236.865234375, "min": 21.533203125, "var": 32377978}, "spectral_skewness": {"dmean": 0.549777686596, "dmean2": 0.793474376202, "dvar": 0.331070780754, "dvar2": 0.732683539391, "max": 7.80469083786, "mean": 2.35950565338, "median": 2.20589566231, "min": -0.103545233607, "var": 0.974434435368}, "spectral_spread": {"dmean": 763485.4375, "dmean2": 1166127.125, "dvar": 694592143360, "dvar2": 1403877064700.0, "max": 42595008, "mean": 4456608.5, "median": 4147613, "min": 1017108.875, 