{"lowlevel": {"average_loudness": 0.803612887859, "barkbands": {"dmean": [3.64331172023e-05, 0.00300718215294, 0.0014350276906, 0.000716972514056, 0.0014707200462, 0.000659349374473, 0.000757100759074, 0.0010990529554, 0.000592393160332, 0.000837254337966, 0.00074524723459, 0.000700796255842, 0.000386229163269, 0.000362009421224, 0.000429285719292, 0.000391775451135, 0.000228153847274, 0.000306119327433, 0.000186312623555, 0.000274814548902, 7.35114881536e-05, 5.85933375987e-05, 2.72113938991e-05, 2.23512215598e-05, 1.0976375961e-05, 3.71065766558e-06, 7.08867105459e-07], "dmean2": [5.20218236488e-05, 0.00503990519792, 0.00228645349853, 0.00117468682583, 0.00239010876976, 0.00102803262416, 0.00117639068048, 0.00166939140763, 0.000952075060923, 0.00132488308009, 0.00121379340999, 0.00112616550177, 0.000637389719486, 0.000584625755437, 0.000697881099768, 0.000633077812381, 0.00036232083221, 0.000486228003865, 0.000293543795124, 0.000419926218456, 0.000109177664854, 8.49111747812e-05, 3.88787666452e-05, 3.15403522109e-05, 1.64225020853e-05, 5.88499460719e-06, 1.13904502541e-06], "dvar": [5.41556621769e-09, 4.67983227281e-05, 6.49968251309e-06, 1.10124722141e-06, 4.46309195468e-06, 1.18759555789e-06, 4.67164636575e-06, 7.48911588744e-06, 1.36420896979e-06, 2.72328406936e-06, 2.80611197923e-06, 1.45342835367e-06, 5.84010479088e-07, 4.99674058574e-07, 5.99554766723e-07, 6.89926480391e-07, 4.1716887722e-07, 2.59293955196e-07, 9.59064081485e-08, 2.03503134344e-07, 1.70642131536e-08, 2.26429630601e-08, 8.09006550639e-09, 1.06214335105e-08, 1.33444710837e-09, 2.32009828016e-10, 1.28048188372e-11], "dvar2": [1.07790141257e-08, 0.000123699253891, 1.47318196468e-05, 2.76575156022e-06, 1.10701130325e-05, 2.75878232969e-06, 9.45583724388e-06, 1.67327034433e-05, 3.53807035935e-06, 6.55937719785e-06, 7.57656016503e-06, 3.62196897186e-06, 1.60714591857e-06, 1.26910197196e-06, 1.51213362187e-06, 1.7898518081e-06, 8.17874081349e-07, 6.38671451725e-07, 2.32071215578e-07, 4.75737948591e-07, 3.56955816017e-08, 4.19794830009e-08, 1.44020955162e-08, 1.80622379276e-08, 2.89683210752e-09, 5.47399958695e-10, 3.16823789426e-11], "max": [0.00075388525147, 0.0598366968334, 0.0324772521853, 0.0139794778079, 0.0427978374064, 0.0215798206627, 0.0851129218936, 0.0674961581826, 0.02022231929, 0.0472760014236, 0.0290388967842, 0.0246523525566, 0.0175132714212, 0.0202573891729, 0.0180607065558, 0.0205407850444, 0.0374187901616, 0.0114567838609, 0.00597612606362, 0.0144757870585, 0.00271980371326, 0.00812876690179, 0.00301098171622, 0.00458564097062, 0.00114500231575, 0.000677783391438, 0.000137631679536], "mean": [4.14973364968e-05, 0.00325354584493, 0.00285375793464, 0.00114253384527, 0.00259255594574, 0.00123446900398, 0.00130736373831, 0.00183838128578, 0.000954290735535, 0.0013816190185, 0.0012156778248, 0.00111210136674, 0.000616681471001, 0.000627871602774, 0.000736740534194, 0.000672484922688, 0.00041670689825, 0.000649674620945, 0.000385158928111, 0.00054610951338, 0.000144325371366, 0.000110175533337, 4.68951475341e-05, 3.68469409295e-05, 1.88045287359e-05, 4.85047485199e-06, 8.45849683628e-07], "median": [4.46097237727e-06, 0.000629253569059, 0.00187397608534, 0.000618336140178, 0.00173613731749, 0.000666382664349, 0.000491605082061, 0.000416310940636, 0.000340273603797, 0.000479671434732, 0.000458237947896, 0.000478546658996, 0.000287968694465, 0.000331936927978, 0.000351193011738, 0.000305238820147, 0.000215196079807, 0.000398309668526, 0.000237644460867, 0.000340011407388, 7.4180032243e-05, 4.07884217566e-05, 1.42168464663e-05, 9.49714012677e-06, 5.8961841205e-06, 1.54149518039e-06, 2.79701936279e-07], "min": [6.23913146775e-25, 4.51371537155e-24, 1.84718151009e-24, 2.40085773592e-24, 1.38672911896e-23, 5.48988577669e-24, 1.0239112416e-23, 6.90280192225e-24, 1.29395237119e-23, 2.31132269371e-23, 1.41472800129e-23, 4.440298927e-23, 2.40409778487e-23, 3.22537456241e-23, 5.53861639693e-23, 6.18454138592e-23, 8.22224862129e-23, 8.54316733495e-23, 1.85924556781e-22, 1.93415239149e-22, 3.31362979613e-22, 3.99083722209e-22, 4.37274813659e-22, 6.33386190055e-22, 1.06418179249e-21, 1.39232359428e-21, 2.06899540262e-21], "var": [7.47188177996e-09, 4.24405479862e-05, 1.11483277578e-05, 2.25177973334e-06, 8.27817802929e-06, 3.00865349345e-06, 1.07206797111e-05, 1.71207284438e-05, 2.65770268015e-06, 7.20331445336e-06, 5.49298283659e-06, 3.3796579828e-06, 1.07388984816e-06, 9.78037746791e-07, 1.1853437627e-06, 1.4513577753e-06, 8.55226915064e-07, 6.79617528476e-07, 2.32113904985e-07, 4.36672337401e-07, 4.48565913302e-08, 5.74949901022e-08, 1.90006019807e-08, 2.42424302854e-08, 2.30889662944e-09, 2.45674841581e-10, 1.11086860197e-11]}, "barkbands_crest": {"dmean": 2.28648686409, "dmean2": 3.75635623932, "dvar": 5.14971208572, "dvar2": 13.399479866, "max": 26.9130840302, "mean": 7.86731100082, "median": 7.10640859604, "min": 2.48062467575, "var": 10.5364732742}, "barkbands_flatness_db": {"dmean": 0.0174559187144, "dmean2": 0.0265536271036, "dvar": 0.000312371237669, "dvar2": 0.000655732350424, "max": 0.68404084444, "mean": 0.122899606824, "median": 0.119724497199, "min": 0.0364284962416, "var": 0.00138271041214}, "barkbands_kurtosis": {"dmean": 8.32597541809, "dmean2": 12.2358255386, "dvar": 44834.859375, "dvar2": 89265.8203125, "max": 15019.2539062, "mean": 9.77740859985, "median": -0.107022285461, "min": -1.80147981644, "var": 81035.2421875}, "barkbands_skewness": {"dmean": 0.431520551443, "dmean2": 0.657430291176, "dvar": 2.17181229591, "dvar2": 3.9592294693, "max": 90.3407516479, "mean": 0.936649560928, "median": 0.795331954956, "min": -2.02258944511, "var": 5.94850683212}, "barkbands_spread": {"dmean": 4.61994600296, "dmean2": 7.10150766373, "dvar": 17.6245288849, "dvar2": 38.7677078247, "max": 85.1618652344, "mean": 24.5133800507, "median": 23.3868999481, "min": 0.00949815288186, "var": 88.5598373413}, "dissonance": {"dmean": 0.0161421410739, "dmean2": 0.0270965080708, "dvar": 0.000260387867456, "dvar2": 0.000723819364794, "max": 0.5, "mean": 0.468528240919, "median": 0.472683310509, "min": 0.0558694526553, "var": 0.000463688367745}, "dynamic_complexity": 2.80057406425, "erbbands": {"dmean": [0.0549489744008, 0.781172811985, 1.62626159191, 1.98671174049, 4.01955461502, 5.50021028519, 4.50689983368, 6.22933673859, 10.2912273407, 18.5420036316, 19.7609767914, 12.2300281525, 25.6211071014, 24.4308490753, 27.9141864777, 29.6745300293, 17.1102638245, 19.2176437378, 19.414894104, 21.3645362854, 17.0283031464, 11.017914772, 13.2288646698, 12.8929185867, 10.2906990051, 13.0403327942, 5.15834569931, 2.5340294838, 2.27582859993, 1.29597985744, 0.805538356304, 0.571965813637, 0.311739146709, 0.146949782968, 0.0695417150855, 0.0225095637143, 0.00612802244723, 0.000975854229182, 0.000126222861581, 1.34771007652e-05], "dmean2": [0.0866665542126, 1.33506667614, 2.59865307808, 3.14318299294, 6.69396066666, 8.93122577667, 7.0725069046, 9.8842124939, 15.6685419083, 28.7507038116, 30.0176239014, 19.1819248199, 41.426738739, 38.9189071655, 45.0732955933, 47.6018333435, 27.9582214355, 30.9844303131, 31.3762989044, 34.3415565491, 27.3482818604, 17.746761322, 21.1089134216, 20.3128204346, 16.0205631256, 20.2054615021, 7.62177228928, 3.75128865242, 3.33259034157, 1.85738503933, 1.16933655739, 0.832494854927, 0.446646779776, 0.215851873159, 0.106722407043, 0.035664524883, 0.00970450788736, 0.00157166377176, 0.000203490853892, 1.99450860237e-05], "dvar": [0.0132472878322, 3.27296328545, 8.75819778442, 8.72220230103, 37.4071807861, 68.4342193604, 90.6179275513, 110.702636719, 1134.34802246, 1634, 3642.90600586, 635.594909668, 3175.61425781, 4011.98120117, 3087.99707031, 2413.27001953, 1080.02832031, 1429.11022949, 1394.68835449, 1722.01013184, 2037.60864258, 421.001953125, 440.747894287, 559.77130127, 281.273254395, 474.993682861, 78.1743164062, 24.6811580658, 49.0420684814, 11.1502304077, 7.25725317001, 7.25895023346, 2.02284097672, 0.236963942647, 0.0606821998954, 0.00561418244615, 0.0012453678064, 2.24014074774e-05, 3.84095415029e-07, 1.29156763062e-09], "dvar2": [0.0313781909645, 8.73586750031, 19.8769226074, 19.7014560699, 100.447174072, 169.50944519, 183.983093262, 266.573303223, 2202.61547852, 3860.24536133, 7923.10986328, 1578.92138672, 7970.58251953, 9708.73632812, 8562.08203125, 5996.23339844, 2943.15209961, 3695.09008789, 3538.66503906, 4388.18261719, 5017.5078125, 981.589538574, 1155.22399902, 1300.71386719, 707.963562012, 1128.28198242, 163.052871704, 53.7026824951, 83.4992828369, 22.4993114471, 13.4691791534, 13.3227529526, 3.64913487434, 0.503856420517, 0.133776709437, 0.013215072453, 0.00303062889725, 5.26187941432e-05, 9.46245677369e-07, 3.17899084834e-09], "max": [0.822200655937, 15.8568124771, 35.89427948, 39.086971283, 108.110618591, 144.83404541, 337.55657959, 223.330551147, 1391.04418945, 1092.79821777, 1712.4642334, 590.842834473, 1420.95935059, 2586.23461914, 925.41595459, 961.237304688, 680.018188477, 1160.953125, 675.074157715, 1261.78662109, 2094.75878906, 828.33404541, 439.988372803, 452.650360107, 466.799957275, 584.560180664, 216.282150269, 111.987808228, 458.437744141, 117.120651245, 84.6434402466, 103.168197632, 64.1731338501, 15.0493488312, 8.70087337494, 2.5937128067, 1.71545231342, 0.195731952786, 0.0209863688797, 0.00137885403819], "mean": [0.0613475702703, 0.848699390888, 2.95377016068, 3.93933963776, 6.09760141373, 9.08334922791, 8.08633899689, 11.3492145538, 18.4072723389, 32.0888900757, 32.6601486206, 21.0485553741, 42.5337982178, 43.073474884, 50.1559448242, 50.4205589294, 29.5500564575, 34.814666748, 35.4076690674, 39.5283470154, 32.5126152039, 23.8549194336, 29.6537590027, 27.3965206146, 21.9163742065, 26.4464492798, 10.1422348022, 5.00082683563, 4.20760965347, 2.39235973358, 1.36309373379, 0.872426450253, 0.539545834064, 0.262819856405, 0.10942376405, 0.0319803655148, 0.00728959590197, 0.00116905220784, 0.000160128955031, 3.71241221728e-05], "median": [0.0106428796425, 0.213273748755, 2.19623351097, 2.36011528969, 3.65146708488, 5.40162324905, 4.08612918854, 6.38172578812, 7.66952562332, 10.186249733, 7.22567033768, 8.44639873505, 14.4676475525, 12.7683238983, 24.2130832672, 24.954164505, 15.4147415161, 19.0854072571, 16.445318222, 19.1185894012, 14.8564023972, 14.2287912369, 18.0377960205, 16.4713401794, 13.5987768173, 15.964515686, 5.99451303482, 2.39350771904, 1.54236364365, 0.844416260719, 0.39401653409, 0.206450074911, 0.153857335448, 0.0862961113453, 0.0307893715799, 0.0101365633309, 0.00207133986987, 0.000360223202733, 6.04522974754e-05, 3.02322096104e-05], "min": [1.11165937976e-22, 9.56981325755e-22, 4.64761363024e-21, 1.39532380017e-20, 2.06869890199e-20, 3.91034545001e-20, 4.82341293642e-20, 6.43150956212e-20, 1.1038214749e-19, 1.46472412432e-19, 5.27417906587e-19, 3.43293137401e-19, 6.89303925005e-19, 7.25532471281e-19, 1.4220335914e-18, 1.77082908253e-18, 1.38772038183e-18, 1.89789271002e-18, 3.78214107583e-18, 4.93410050743e-18, 4.12829672344e-18, 5.52651526802e-18, 5.88556955651e-18, 6.77206811797e-18, 1.086898864e-17, 1.11022841784e-17, 1.12697791535e-17, 9.80556772605e-18, 1.40225096734e-17, 1.29916970464e-17, 1.30857127405e-17, 9.86928213991e-18, 1.01240711394e-17, 1.10821514295e-17, 6.37545817531e-18, 4.65422187922e-18, 2.37582381268e-18, 9.29687212205e-19, 2.67335881786e-19, 3.02828108069e-20], "var": [0.0158786699176, 2.7837164402, 11.9674711227, 20.5542907715, 59.1710929871, 124.560638428, 213.131546021, 260.300170898, 2605.81689453, 4297.76708984, 7717.7421875, 1289.00598145, 6707.75585938, 11686.2519531, 5984.00195312, 5638.44628906, 2028.77648926, 2792.79541016, 3137.20922852, 3496.39257812, 5372.87255859, 1076.39550781, 1261.10632324, 1411.78149414, 673.476379395, 1074.66601562, 174.793487549, 66.4585494995, 120.932907104, 26.7116088867, 16.1398792267, 14.7637166977, 4.54500675201, 0.476495057344, 0.0888010263443, 0.00682676071301, 0.00114922912326, 2.13756320591e-05, 3.36067898843e-07, 1.60644209046e-09]}, "erbbands_crest": {"dmean": 2.44173121452, "dmean2": 3.97843003273, "dvar": 5.06977081299, "dvar2": 12.5202159882, "max": 32.6994934082, "mean": 8.48234844208, "median": 7.50737047195, "min": 2.15006899834, "var": 14.4705104828}, "erbbands_flatness_db": {"dmean": 0.0159201901406, "dmean2": 0.0228919517249, "dvar": 0.00019378241268, "dvar2": 0.000394792208681, "max": 0.347553312778, "mean": 0.176600709558, "median": 0.172784462571, "min": 0.0469167307019, "var": 0.00125159742311}, "erbbands_kurtosis": {"dmean": 0.594169557095, "dmean2": 0.956925392151, "dvar": 0.59651696682, "dvar2": 1.45672380924, "max": 32.9556922913, "mean": -0.0399709604681, "median": -0.365459442139, "min": -1.59081757069, "var": 1.58022594452}, "erbbands_skewness": {"dmean": 0.307330518961, "dmean2": 0.480639785528, "dvar": 0.0663952082396, "dvar2": 0.163824662566, "max": 4.22895526886, "mean": 0.0258888807148, "median": -0.0223883781582, "min": -2.58430290222, "var": 0.335209459066}, "erbbands_spread": {"dmean": 5.65999698639, "dmean2": 8.82214546204, "dvar": 25.6137466431, "dvar2": 59.4606704712, "max": 99.906463623, "mean": 31.9748344421, "median": 31.2332572937, "min": 2.92975449562, "var": 110.55606842}, "gfcc": {"cov": [[12169.4316406, 397.482727051, -982.257568359, 659.081298828, -380.985717773, 470.254455566, -158.510879517, 181.778457642, -321.962585449, -188.109970093, -364.564544678, -267.841003418, -211.659637451], [397.482727051, 739.77520752, 28.1263713837, 12.5819892883, 107.974662781, -29.076883316, 136.807647705, 39.0170669556, 33.001159668, -21.6500244141, 32.6365699768, -97.8476867676, 31.1825485229], [-982.257568359, 28.1263713837, 632.27746582, 109.846977234, 130.988128662, 141.344009399, 7.45212984085, 97.4014968872, 89.7012176514, 42.1596374512, -16.5224685669, -7.84199380875, -18.5785446167], [659.081298828, 12.5819892883, 109.846977234, 300.39730835, 89.0983276367, 98.5667266846, 15.1716852188, -2.47625589371, 4.40263986588, -13.67786026, -30.6978435516, -20.6599559784, -26.1975402832], [-380.985717773, 107.974662781, 130.988128662, 89.0983276367, 207.520935059, 58.2775344849, 68.5863494873, 10.0048217773, 16.893327713, 12.1755275726, -6.8043923378, -6.17751502991, 14.9417943954], [470.254455566, -29.076883316, 141.344009399, 98.5667266846, 58.2775344849, 224.467422485, 62.3619117737, 48.1196022034, -6.98963117599, -8.75252151489, -34.0554046631, -15.7334384918, -7.08655595779], [-158.510879517, 136.807647705, 7.45212984085, 15.1716852188, 68.5863494873, 62.3619117737, 212.297622681, 9.20601654053, -14.6183872223, -10.2482614517, 12.1163253784, 1.99869906902, 14.440158844], [181.778457642, 39.0170669556, 97.4014968872, -2.47625589371, 10.0048217773, 48.1196022034, 9.20601654053, 155.009887695, 61.355052948, 5.82786655426, -16.3435497284, -30.004119873, 9.46723365784], [-321.962585449, 33.001159668, 89.7012176514, 4.40263986588, 16.893327713, -6.98963117599, -14.6183872223, 61.355052948, 114.124153137, 38.569065094, 16.7895107269, 0.421335726976, 8.28245925903], [-188.109970093, -21.6500244141, 42.1596374512, -13.67786026, 12.1755275726, -8.75252151489, -10.2482614517, 5.82786655426, 38.569065094, 89.704460144, 40.4740447998, 22.2133789062, 0.90109539032], [-364.564544678, 32.6365699768, -16.5224685669, -30.6978435516, -6.8043923378, -34.0554046631, 12.1163253784, -16.3435497284, 16.7895107269, 40.4740447998, 106.055885315, 34.3927650452, 19.3600502014], [-267.841003418, -97.8476867676, -7.84199380875, -20.6599559784, -6.17751502991, -15.7334384918, 1.99869906902, -30.004119873, 0.421335726976, 22.2133789062, 34.3927650452, 105.771713257, 23.9746818542], [-211.659637451, 31.1825485229, -18.5785446167, -26.1975402832, 14.9417943954, -7.08655595779, 14.440158844, 9.46723365784, 8.28245925903, 0.90109539032, 19.3600502014, 23.9746818542, 82.4697418213]], "icov": [[0.000414591399021, -0.000791867496446, 0.00104094436392, -0.00114604691043, 0.00104037416168, -0.00122443737928, 0.000873938377481, -0.00121609773487, 0.00127284682821, -0.000972413981799, 0.00113134179264, -0.00064686924452, 0.000732039276045], [-0.000791867496446, 0.0037580281496, -0.00210489355959, 0.00215586088598, -0.00278766592965, 0.00329482532106, -0.00302964728326, 0.00228852708824, -0.00300795491785, 0.00266125472263, -0.00337741267867, 0.00382758490741, -0.00223351805471], [0.00104094436392, -0.00210489355959, 0.00509635312483, -0.00298084900714, 0.00138478237204, -0.00436040852219, 0.00282441079617, -0.00378181436099, 0.00191610609181, -0.00284953904338, 0.00293192383833, -0.0022005783394, 0.00277282716706], [-0.00114604691043, 0.00215586088598, -0.00298084900714, 0.00785691570491, -0.00462019024417, 0.00151932111476, -0.00178076326847, 0.00447358191013, -0.00447091972455, 0.00377120287158, -0.00297240028158, 0.00200279080309, -0.000642911880277], [0.00104037416168, -0.00278766592965, 0.00138478237204, -0.00462019024417, 0.0102775720879, -0.00325877894647, 0.000374752911739, -0.00206678686664, 0.00308347307146, -0.00421025883406, 0.00426495354623, -0.00169752456713, -0.000173387918039], [-0.00122443737928, 0.00329482532106, -0.00436040852219, 0.00151932111476, -0.00325877894647, 0.0112696373835, -0.00499997008592, 0.00134037493262, -0.00152174534742, 0.00245963130146, -0.00236982572824, 0.00275994674303, -0.00272764801048], [0.000873938377481, -0.00302964728326, 0.00282441079617, -0.00178076326847, 0.000374752911739, -0.00499997008592, 0.00883437879384, -0.00306745362468, 0.00370884966105, -0.00127559970133, 0.00134532514494, -0.00312485755421, 0.00200088880956], [-0.00121609773487, 0.00228852708824, -0.00378181436099, 0.00447358191013, -0.00206678686664, 0.00134037493262, -0.00306745362468, 0.0142507161945, -0.00957517791539, 0.00346812838688, -0.00191978365183, 0.0046518323943, -0.00400441465899], [0.00127284682821, -0.00300795491785, 0.00191610609181, -0.00447091972455, 0.00308347307146, -0.00152174534742, 0.00370884966105, -0.00957517791539, 0.0191524326801, -0.00796519126743, 0.00274431612343, -0.00275837513618, 0.00149708345998], [-0.000972413981799, 0.00266125472263, -0.00284953904338, 0.00377120287158, -0.00421025883406, 0.00245963130146, -0.00127559970133, 0.00346812838688, -0.00796519126743, 0.0193244405091, -0.00860500801355, 0.000341796549037, 0.000362957420293], [0.00113134179264, -0.00337741267867, 0.00293192383833, -0.00297240028158, 0.00426495354623, -0.00236982572824, 0.00134532514494, -0.00191978365183, 0.00274431612343, -0.00860500801355, 0.0175397414714, -0.00523202447221, 0.000127264502225], [-0.00064686924452, 0.00382758490741, -0.0022005783394, 0.00200279080309, -0.00169752456713, 0.00275994674303, -0.00312485755421, 0.0046518323943, -0.00275837513618, 0.000341796549037, -0.00523202447221, 0.0161880459636, -0.00561360036954], [0.000732039276045, -0.00223351805471, 0.00277282716706, -0.000642911880277, -0.000173387918039, -0.00272764801048, 0.00200088880956, -0.00400441465899, 0.00149708345998, 0.000362957420293, 0.000127264502225, -0.00561360036954, 0.0166234895587]], "mean": [-7.54704046249, 104.028190613, -145.947189331, 32.1583824158, -50.9030952454, 2.15508651733, -30.0144100189, 2.43629002571, -28.4419269562, -0.525931239128, -11.5914888382, -4.8097910881, -9.10956478119]}, "hfc": {"dmean": 5.60412979126, "dmean2": 7.90661239624, "dvar": 48.6617431641, "dvar2": 98.2853088379, "max": 200.194030762, "mean": 21.0000934601, "median": 17.2771167755, "min": 1.09936472399e-16, "var": 249.258010864}, "melbands": {"dmean": [0.00068486755481, 0.000928024121094, 0.000382516358513, 0.000332819268806, 0.000180984759936, 0.000136994960485, 0.000155764486408, 0.000218060275074, 0.000141882410389, 8.33901940496e-05, 0.000127437524498, 9.92064306047e-05, 0.000100833793113, 9.70641194726e-05, 5.06388132635e-05, 2.99646999338e-05, 3.86648716812e-05, 3.14921380777e-05, 2.91000233119e-05, 2.85652204184e-05, 2.31018366321e-05, 1.16319415611e-05, 1.40852007462e-05, 1.2916821106e-05, 1.09702505142e-05, 7.83149243944e-06, 9.36213928071e-06, 9.62241392699e-06, 4.14329178966e-06, 1.68884912455e-06, 1.57049100835e-06, 1.36871335599e-06, 1.1167867342e-06, 6.0895763454e-07, 5.07133677274e-07, 4.06149979426e-07, 3.49376591657e-07, 2.38058774471e-07, 1.70911690134e-07, 1.20806831205e-07], "dmean2": [0.00113235518802, 0.00149412301835, 0.000610101036727, 0.000546200259123, 0.000287673377898, 0.000216074855416, 0.000238307853579, 0.000337680074153, 0.000216114422074, 0.000132304427098, 0.000206014839932, 0.000158285198268, 0.000163160846569, 0.000156025940669, 8.21797002573e-05, 4.84585871163e-05, 6.27184417681e-05, 5.11524449394e-05, 4.69470287499e-05, 4.62571915705e-05, 3.75101735699e-05, 1.86887773452e-05, 2.25607291213e-05, 2.07128032343e-05, 1.73957960214e-05, 1.24923290059e-05, 1.45318563227e-05, 1.49686102304e-05, 6.2049330154e-06, 2.54867882177e-06, 2.38500410887e-06, 2.03185527425e-06, 1.66693951087e-06, 8.76957528817e-07, 7.37554387342e-07, 6.05103764428e-07, 5.0589045486e-07, 3.45979600525e-07, 2.516388804e-07, 1.82747754707e-07], "dvar": [2.29965962717e-06, 3.29671001964e-06, 2.75532784144e-07, 2.61128491275e-07, 1.02399319246e-07, 5.25100034565e-08, 2.41476442397e-07, 2.19490218001e-07, 1.77572658799e-07, 2.65668784749e-08, 7.65621805954e-08, 6.66840875851e-08, 4.87395723781e-08, 2.75223275281e-08, 8.54367954162e-09, 4.37668568054e-09, 5.94970384071e-09, 4.1317624877e-09, 2.85222157004e-09, 3.69080344065e-09, 5.32089305949e-09, 7.39755257051e-10, 5.71171554498e-10, 5.53198986619e-10, 4.49189602181e-10, 1.74631253902e-10, 3.03871983132e-10, 2.66118571624e-10, 6.16081838323e-11, 8.64281389512e-12, 1.16359951188e-11, 2.21990117261e-11, 7.95492838268e-12, 3.09819075776e-12, 2.69185867173e-12, 3.05522968036e-12, 2.90326009761e-12, 1.27575922916e-12, 4.21218696858e-13, 1.60138531125e-13], "dvar2": [6.01906958764e-06, 7.85289103078e-06, 6.46120213332e-07, 6.68257769121e-07, 2.19013642777e-07, 1.24984907757e-07, 4.73470691986e-07, 5.15245687893e-07, 3.88728125245e-07, 6.69112765195e-08, 1.91907076896e-07, 1.60959231721e-07, 1.33245592338e-07, 6.8083814142e-08, 2.29144667685e-08, 1.17658460752e-08, 1.56014845487e-08, 1.05611048795e-08, 7.14523595846e-09, 9.39796773736e-09, 1.29490622669e-08, 1.55801460622e-09, 1.48881429407e-09, 1.35613442698e-09, 1.03570552135e-09, 4.29707103233e-10, 7.62254925846e-10, 6.3265709338e-10, 1.33026228921e-10, 1.93507189439e-11, 2.60525438028e-11, 3.69190754357e-11, 1.6979886247e-11, 6.22081422832e-12, 5.25470205542e-12, 6.22041741033e-12, 5.2208328806e-12, 2.30480174876e-12, 8.72665275545e-13, 3.66113958811e-13], "max": [0.0124745592475, 0.015428667888, 0.00663009472191, 0.0115486029536, 0.00988486409187, 0.00465840706602, 0.0202038604766, 0.0122861703858, 0.0116354478523, 0.00326915085316, 0.00694666896015, 0.0104985991493, 0.00393276242539, 0.00374426878989, 0.00175532454159, 0.00226722587831, 0.00241795112379, 0.0012172034476, 0.00121237244457, 0.00195680675097, 0.00352805736475, 0.00136564380955, 0.000579470943194, 0.000700358883478, 0.000387919484638, 0.000366240565199, 0.000621550425421, 0.000326936045894, 0.000181634939509, 6.97744253557e-05, 0.00010474807641, 0.000320843741065, 8.25242241262e-05, 6.04322667641e-05, 5.1391631132e-05, 6.31136354059e-05, 7.91423080955e-05, 5.21895817656e-05, 2.18694640353e-05, 1.21964358186e-05], "mean": [0.000729572027922, 0.00148008577526, 0.000762081821449, 0.000551262230147, 0.000326386216329, 0.000251771562034, 0.00027944604517, 0.000376571115339, 0.000228162010899, 0.000138780262205, 0.000208582554478, 0.000165803925483, 0.000167453341419, 0.000159621136845, 8.33517551655e-05, 5.18367705808e-05, 6.49381327094e-05, 5.30990510015e-05, 5.07730983372e-05, 4.77086941828e-05, 4.00317112508e-05, 2.27088403335e-05, 2.93004723062e-05, 2.56399962382e-05, 2.1862810172e-05, 1.52362927111e-05, 1.69981813087e-05, 1.84638283827e-05, 7.14833458915e-06, 2.99167140838e-06, 2.93799212159e-06, 2.37868493969e-06, 1.951347258e-06, 1.05552385321e-06, 8.18132946279e-07, 5.97329062657e-07, 5.1031656767e-07, 3.89701881431e-07, 2.94684411983e-07, 2.01658593824e-07], "median": [0.000145524652908, 0.00102399173193, 0.000514320388902, 0.000360429577995, 0.00017667200882, 0.000140136937262, 0.000118072275654, 0.000112952257041, 4.83800649818e-05, 5.28494492755e-05, 6.68871289236e-05, 3.89325905417e-05, 6.73165704939e-05, 7.38486996852e-05, 4.25608996011e-05, 2.61137247435e-05, 3.36628691002e-05, 2.1402596758e-05, 2.36518280872e-05, 2.0935513021e-05, 1.47747932715e-05, 1.19622445709e-05, 1.72243526322e-05, 1.45528865687e-05, 1.2125221474e-05, 8.72990585776e-06, 8.58488328959e-06, 1.04932860268e-05, 3.74319370167e-06, 1.59812907441e-06, 1.2476127722e-06, 8.23261984806e-07, 6.1964425413e-07, 3.73863912273e-07, 2.29008051633e-07, 1.40091458434e-07, 1.13942839164e-07, 1.01544024744e-07, 9.15071680652e-08, 6.14153918832e-08], "min": [1.61873961929e-24, 2.0742426971e-24, 2.23458518419e-24, 2.59814021262e-24, 3.19211382006e-24, 1.24922159128e-24, 2.47270935653e-24, 1.51906507176e-24, 3.52812557277e-24, 2.2800322498e-24, 2.81557453557e-24, 2.55315522228e-24, 3.10540696253e-24, 5.59879236339e-24, 3.57607924391e-24, 3.04981711783e-24, 3.05762841851e-24, 6.12014106932e-24, 3.70286930733e-24, 5.06867152419e-24, 3.44171690465e-24, 4.99284266411e-24, 4.16284226825e-24, 4.12125470462e-24, 5.37905160836e-24, 7.34422797443e-24, 7.041582277e-24, 6.46714559874e-24, 6.35172262653e-24, 5.13592467737e-24, 4.17686860957e-24, 7.70027561084e-24, 6.44486737791e-24, 5.96877207224e-24, 7.14109234703e-24, 6.67448112159e-24, 5.44484339672e-24, 6.05062585749e-24, 6.18029486878e-24, 8.58344404842e-24], "var": [2.20584456656e-06, 3.77767514692e-06, 6.24523863735e-07, 4.16126709979e-07, 2.38685771592e-07, 1.26491684682e-07, 5.50835636659e-07, 5.70809447709e-07, 3.69664917343e-07, 5.44958389526e-08, 1.63107031881e-07, 1.94106689833e-07, 9.51283354311e-08, 6.95054964694e-08, 1.52731782777e-08, 7.93328958082e-09, 1.06845368109e-08, 8.83034001475e-09, 5.73781688828e-09, 7.16873715945e-09, 1.38657902937e-08, 1.78199177636e-09, 1.45432232923e-09, 1.35203082063e-09, 1.10973352729e-09, 4.3578685105e-10, 5.81009240719e-10, 6.19905682342e-10, 1.15707991799e-10, 1.77949356639e-11, 3.14047780836e-11, 5.19883337768e-11, 1.76080192094e-11, 6.75625701219e-12, 5.66443766892e-12, 5.65471194175e-12, 5.81569601504e-12, 2.84302507751e-12, 8.38576061889e-13, 2.82297812513e-13]}, "melbands_crest": {"dmean": 2.87061476707, "dmean2": 4.6678647995, "dvar": 7.07202672958, "dvar2": 16.9267864227, "max": 39.973903656, "mean": 11.657084465, "median": 10.9078550339, "min": 1.70025324821, "var": 18.7867507935}, "melbands_flatness_db": {"dmean": 0.0227193459868, "dmean2": 0.0339370109141, "dvar": 0.000514717423357, "dvar2": 0.00105116341729, "max": 0.678142547607, "mean": 0.17678296566, "median": 0.174298912287, "min": 0.00357753504068, "var": 0.00219556782395}, "melbands_kurtosis": {"dmean": 7.75000905991, "dmean2": 12.290102005, "dvar": 29329.0664062, "dvar2": 61347.7617188, "max": 10770.125, "mean": 9.91607666016, "median": 2.87966871262, "min": -1.6127229929, "var": 36520.3046875}, "melbands_skewness": {"dmean": 0.561971366405, "dmean2": 0.863722681999, "dvar": 1.9399433136, "dvar2": 3.63732600212, "max": 84.6501693726, "mean": 1.80902016163, "median": 1.63589167595, "min": -1.55339372158, "var": 4.19670915604}, "melbands_spread": {"dmean": 7.21190404892, "dmean2": 11.1932382584, "dvar": 50.3872299194, "dvar2": 114.796417236, "max": 157.517501831, "mean": 30.5544586182, "median": 28.4012088776, "min": 0.0260403342545, "var": 230.206100464}, "mfcc": {"cov": [[6108.65039062, 319.267974854, -70.1666946411, 107.989837646, 64.1022872925, 168.339279175, 188.722091675, 165.058395386, 117.851028442, 99.582321167, -74.1738815308, -117.289146423, -65.7033157349], [319.267974854, 805.137084961, -69.4197845459, 71.8242874146, -16.4240722656, -31.0473384857, 106.899124146, 15.8252325058, 64.4766693115, 54.2639541626, 15.526927948, 7.69362449646, -11.367808342], [-70.1666946411, -69.4197845459, 440.563323975, 21.3129081726, 145.617797852, 51.4114265442, 7.4831905365, 66.2989273071, 69.9104156494, 81.0634536743, 18.7363147736, 35.8362503052, 10.770611763], [107.989837646, 71.8242874146, 21.3129081726, 218.477798462, 67.1986083984, 63.6010818481, 14.9781866074, 11.6964235306, 11.3008918762, 1.85643005371, 3.76258921623, 17.5557937622, 14.2029438019], [64.1022872925, -16.4240722656, 145.617797852, 67.1986083984, 224.023666382, 35.5398406982, -5.17185306549, 15.9058361053, 53.479888916, 55.3111686707, -0.0254372917116, 13.0074357986, 7.93267154694], [168.339279175, -31.0473384857, 51.4114265442, 63.6010818481, 35.5398406982, 215.910202026, 92.9175109863, 39.5361824036, 19.6703739166, -21.189119339, 7.319896698, 4.3968334198, -3.72833538055], [188.722091675, 106.899124146, 7.4831905365, 14.9781866074, -5.17185306549, 92.9175109863, 189.049942017, 60.5834159851, 44.0125274658, 14.2904233932, -2.08403205872, 1.14342415333, -16.018573761], [165.058395386, 15.8252325058, 66.2989273071, 11.6964235306, 15.9058361053, 39.5361824036, 60.5834159851, 120.704246521, 59.5025749207, 24.646774292, 5.21485376358, -5.60610580444, -3.91593050957], [117.851028442, 64.4766693115, 69.9104156494, 11.3008918762, 53.479888916, 19.6703739166, 44.0125274658, 59.5025749207, 133.404388428, 56.8239402771, 7.09960508347, -7.38111162186, -11.3406820297], [99.582321167, 54.2639541626, 81.0634536743, 1.85643005371, 55.3111686707, -21.189119339, 14.2904233932, 24.646774292, 56.8239402771, 127.256584167, 18.9513702393, 8.95808982849, -2.8611164093], [-74.1738815308, 15.526927948, 18.7363147736, 3.76258921623, -0.0254372917116, 7.319896698, -2.08403205872, 5.21485376358, 7.09960508347, 18.9513702393, 81.9233703613, 25.0171642303, 9.30844688416], [-117.289146423, 7.69362449646, 35.8362503052, 17.5557937622, 13.0074357986, 4.3968334198, 1.14342415333, -5.60610580444, -7.38111162186, 8.95808982849, 25.0171642303, 84.2024993896, 35.9352722168], [-65.7033157349, -11.367808342, 10.770611763, 14.2029438019, 7.93267154694, -3.72833538055, -16.018573761, -3.91593050957, -11.3406820297, -2.8611164093, 9.30844688416, 35.9352722168, 86.950843811]], "icov": [[0.000187698969967, -6.02258005529e-05, 9.23448315007e-05, -3.37250930897e-05, -4.13139277953e-05, -0.000152428241563, -4.71123394163e-06, -0.000216449916479, 4.51074520242e-05, -0.000203946387046, 0.000168270955328, 0.000205739081139, 1.07756823127e-05], [-6.02258005529e-05, 0.00163250882179, 0.000237510481384, -0.000758483773097, 0.00026628896012, 0.000875897414517, -0.00120928895194, 0.000523225171492, -0.000703325960785, -0.000345970125636, -0.000342192390235, -0.000168816972291, 7.97275279183e-05], [9.23448315007e-05, 0.000237510481384, 0.00361326523125, 0.0004609398311, -0.00175413512625, -0.000820263812784, 0.000677140196785, -0.00168069894426, -0.000235191837419, -0.0014210260706, 0.000119012540381, -0.00132909649983, 0.000210996222449], [-3.37250930897e-05, -0.000758483773097, 0.0004609398311, 0.00598711473867, -0.00187786854804, -0.00192916532978, 0.000902899773791, -0.000598334998358, 0.000413932575611, 0.000317924859701, 0.000195624976186, -0.000922753824852, -0.000506849552039], [-4.13139277953e-05, 0.00026628896012, -0.00175413512625, -0.00187786854804, 0.00718620605767, -0.000790522433817, 0.000844799214974, 0.00133556069341, -0.00196414720267, -0.00182860170025, 0.00106655049603, -8.37320258142e-05, -0.000342024082784], [-0.000152428241563, 0.000875897414517, -0.000820263812784, -0.00192916532978, -0.000790522433817, 0.00793523993343, -0.00424505537376, -7.49939317757e-06, -0.000199407542823, 0.00274405046366, -0.00157655985095, 0.000320236780681, 0.000146758917253], [-4.71123394163e-06, -0.00120928895194, 0.000677140196785, 0.000902899773791, 0.000844799214974, -0.00424505537376, 0.009427504614, -0.00321473111399, -0.000792834267486, -0.00116902112495, 0.00152517668903, -0.00156935898121, 0.00128333177418], [-0.000216449916479, 0.000523225171492, -0.00168069894426, -0.000598334998358, 0.00133556069341, -7.49939317757e-06, -0.00321473111399, 0.0131997680292, -0.00457689352334, 0.000287019734969, -0.000800222915132, 0.00144327047747, -0.00100747973192], [4.51074520242e-05, -0.000703325960785, -0.000235191837419, 0.000413932575611, -0.00196414720267, -0.000199407542823, -0.000792834267486, -0.00457689352334, 0.0126412305981, -0.00347936712205, -0.000310358183924, 0.00143377215136, 0.000697042152751], [-0.000203946387046, -0.000345970125636, -0.0014210260706, 0.000317924859701, -0.00182860170025, 0.00274405046366, -0.00116902112495, 0.000287019734969, -0.00347936712205, 0.0123781794682, -0.0025311477948, -0.000617225188762, 0.000486361415824], [0.000168270955328, -0.000342192390235, 0.000119012540381, 0.000195624976186, 0.00106655049603, -0.00157655985095, 0.00152517668903, -0.000800222915132, -0.000310358183924, -0.0025311477948, 0.0144663210958, -0.0040963194333, 0.000136243528686], [0.000205739081139, -0.000168816972291, -0.00132909649983, -0.000922753824852, -8.37320258142e-05, 0.000320236780681, -0.00156935898121, 0.00144327047747, 0.00143377215136, -0.000617225188762, -0.0040963194333, 0.0171133186668, -0.00622140849009], [1.07756823127e-05, 7.97275279183e-05, 0.000210996222449, -0.000506849552039, -0.000342024082784, 0.000146758917253, 0.00128333177418, -0.00100747973192, 0.000697042152751, 0.000486361415824, 0.000136243528686, -0.00622140849009, 0.0144680486992]], "mean": [-637.801574707, 129.249588013, -30.191110611, 29.5914573669, -3.78304839134, 2.54085111618, 4.97057199478, -1.12651431561, -5.07358646393, -2.14856719971, -3.45282626152, -2.28002977371, 1.95272290707]}, "pitch_salience": {"dmean": 0.062136631459, "dmean2": 0.101580366492, "dvar": 0.00324312411249, "dvar2": 0.00825736392289, "max": 0.844729304314, "mean": 0.539874076843, "median": 0.544341385365, "min": 0.00501108635217, "var": 0.00877730827779}, "silence_rate_20dB": {"dmean": 0, "dmean2": 0, "dvar": 0, "dvar2": 0, "max": 1, "mean": 1, "median": 1, "min": 1, "var": 0}, "silence_rate_30dB": {"dmean": 0.0013046314707, "dmean2": 0.00260968855582, "dvar": 0.00130297138821, "dvar2": 0.00358167756349, "max": 1, "mean": 0.999184727669, "median": 1, "min": 0, "var": 0.000814561964944}, "silence_rate_60dB": {"dmean": 0.00750163057819, "dmean2": 0.0150057086721, "dvar": 0.00744613306597, "dvar2": 0.0190238635987, "max": 1, "mean": 0.0379911959171, "median": 0, "min": 0, "var": 0.0365467704833}, "spectral_centroid": {"dmean": 245.710083008, "dmean2": 379.815826416, "dvar": 77628.8671875, "dvar2": 160580.46875, "max": 11708.0439453, "mean": 1704.5300293, "median": 1655.36633301, "min": 201.539474487, "var": 588198.25}, "spectral_complexity": {"dmean": 3.5978474617, "dmean2": 5.21741962433, "dvar": 12.2409124374, "dvar2": 23.7684020996, "max": 56, "mean": 23.2783298492, "median": 23, "min": 0, "var": 74.552192688}, "spectral_contrast_coeffs": {"dmean": [0.0501516424119, 0.0464323163033, 0.0392082408071, 0.0313114374876, 0.0252531133592, 0.020099112764], "dmean2": [0.0820692181587, 0.0749704837799, 0.0636233389378, 0.0507660321891, 0.0395759865642, 0.030838817358], "dvar": [0.00162919366267, 0.00137789256405, 0.000980428652838, 0.000594406446908, 0.000427686143667, 0.000314419507049], "dvar2": [0.00415074406192, 0.0036060414277, 0.00253401231021, 0.00151542935055, 0.000996322836727, 0.00070196139859], "max": [-0.336806058884, -0.389220565557, -0.435581564903, -0.557116687298, -0.516372323036, -0.556056499481], "mean": [-0.609653770924, -0.716118395329, -0.73637086153, -0.752098560333, -0.732972085476, -0.733133614063], "median": [-0.612165987492, -0.722043037415, -0.744680047035, -0.755603790283, -0.739038407803, -0.73152500391], "min": [-0.98076570034, -0.972367584705, -0.977915644646, -0.99455344677, -0.987411201, -0.972942829132], "var": [0.00718239834532, 0.00528374128044, 0.00489867199212, 0.00259922374971, 0.00281725428067, 0.0023784476798]}, "spectral_contrast_valleys": {"dmean": [0.497177958488, 0.330338567495, 0.303241759539, 0.277613401413, 0.286383360624, 0.324672102928], "dmean2": [0.763295590878, 0.532125473022, 0.472626239061, 0.416530996561, 0.38547116518, 0.420113444328], "dvar": [0.234603375196, 0.0966927334666, 0.0911531820893, 0.0835643485188, 0.0881316885352, 0.113743938506], "dvar2": [0.463701575994, 0.200843334198, 0.183118328452, 0.150881826878, 0.143806353211, 0.195785731077], "max": [-5.31427240372, -5.08733987808, -5.06085395813, -5.59190320969, -5.55132675171, -7.77665758133], "mean": [-7.70394802094, -6.93901348114, -7.21519088745, -7.64204263687, -7.65618991852, -10.8423681259], "median": [-7.44887113571, -6.76288366318, -7.04547834396, -7.43351840973, -7.44811868668, -10.7298927307], "min": [-28.0233726501, -27.7530574799, -27.5489864349, -27.5035648346, -27.5373535156, -27.374376297], "var": [2.77001714706, 2.37466216087, 2.56861543655, 2.49790525436, 2.49007105827, 2.01991963387]}, "spectral_decrease": {"dmean": 1.95800264891e-09, "dmean2": 2.90663537683e-09, "dvar": 6.28886435929e-18, "dvar2": 1.39256302801e-17, "max": 1.12363435373e-28, "mean": -5.83886361483e-09, "median": -4.90340212878e-09, "min": -3.49003173028e-08, "var": 1.75001473678e-17}, "spectral_energy": {"dmean": 0.00779756670818, "dmean2": 0.0115072410554, "dvar": 9.56016156124e-05, "dvar2": 0.000210123544093, "max": 0.136860594153, "mean": 0.0239419564605, "median": 0.0202380064875, "min": 1.03524270912e-20, "var": 0.000283721485175}, "spectral_energyband_high": {"dmean": 0.000290069438051, "dmean2": 0.000418354611611, "dvar": 2.4839690127e-07, "dvar2": 4.66623134798e-07, "max": 0.0137796774507, "mean": 0.000658566481434, "median": 0.000386538304156, "min": 7.45101273671e-21, "var": 7.38813980661e-07}, "spectral_energyband_low": {"dmean": 0.00420199614018, "dmean2": 0.0065998355858, "dvar": 6.56647534925e-05, "dvar2": 0.000156134454301, "max": 0.0704986304045, "mean": 0.00670602684841, "median": 0.00429453141987, "min": 1.92591475881e-23, "var": 8.06541065685e-05}, "spectral_energyband_middle_high": {"dmean": 0.00240996107459, "dmean2": 0.00360197108239, "dvar": 1.0263562217e-05, "dvar2": 2.44484308496e-05, "max": 0.0696045309305, "mean": 0.00762703642249, "median": 0.00555221550167, "min": 1.32228597352e-21, "var": 4.79045156681e-05}, "spectral_energyband_middle_low": {"dmean": 0.00358803733252, "dmean2": 0.00552666326985, "dvar": 2.09277204704e-05, "dvar2": 4.65579214506e-05, "max": 0.0864112079144, "mean": 0.00967495050281, "median": 0.00731577305123, "min": 1.96480866222e-22, "var": 7.17438670108e-05}, "spectral_entropy": {"dmean": 0.137254923582, "dmean2": 0.192903965712, "dvar": 0.017494013533, "dvar2": 0.0330283530056, "max": 9.81918811798, "mean": 7.45081853867, "median": 7.45976352692, "min": 6.00189065933, "var": 0.106430396438}, "spectral_flux": {"dmean": 0.0209829006344, "dmean2": 0.033149484545, "dvar": 0.000505825912114, "dvar2": 0.00117150065489, "max": 0.267667919397, "mean": 0.0790012180805, "median": 0.0741672962904, "min": 6.49892292759e-11, "var": 0.00150201213546}, "spectral_kurtosis": {"dmean": 1.56465113163, "dmean2": 2.669516325, "dvar": 2.07713532448, "dvar2": 6.08447933197, "max": 16.7721843719, "mean": 4.6599149704, "median": 4.37875413895, "min": -1.26359808445, "var": 4.08985519409}, "spectral_rms": {"dmean": 0.000737478490919, "dmean2": 0.00105843215715, "dvar": 6.07346464676e-07, "dvar2": 1.22539222502e-06, "max": 0.0115551948547, "mean": 0.00451674405485, "median": 0.00444346666336, "min": 3.17803856148e-12, "var": 2.95701852338e-06}, "spectral_rolloff": {"dmean": 430.109313965, "dmean2": 697.586853027, "dvar": 355368.65625, "dvar2": 716044.0625, "max": 19358.3496094, "mean": 1851.10205078, "median": 1701.12304688, "min": 21.533203125, "var": 1984246.375}, "spectral_skewness": {"dmean": 0.210289344192, "dmean2": 0.339729219675, "dvar": 0.0327948145568, "dvar2": 0.08540507406, "max": 2.81813406944, "mean": 1.36039423943, "median": 1.35091245174, "min": -0.0642644613981, "var": 0.125700116158}, "spectral_spread": {"dmean": 320703.125, "dmean2": 475520.3125, "dvar": 434741477376, "dvar2": 799994609664, "max": 42485484, "mean": 3539174.5, "median": 3268933, "min": 1801916.75, "