{"lowlevel": {"average_loudness": 0.303070425987, "barkbands": {"dmean": [1.98166126211e-05, 0.00133375322912, 0.00182895374019, 0.000928254507016, 0.00217621284537, 0.000859571096953, 0.000492015387863, 0.000484415359097, 0.000213756473386, 0.000285627582343, 0.000138102535857, 0.000150695690536, 0.000145276950207, 0.000225418261834, 0.000162488460774, 0.00010770609515, 0.00011566705507, 8.050348697e-05, 9.31147733354e-05, 5.7043023844e-05, 4.46379199275e-05, 4.4093329052e-05, 3.73411494365e-05, 1.80093757081e-05, 3.01833779304e-06, 2.5260703751e-07, 1.72141607635e-08], "dmean2": [3.13981036015e-05, 0.00219564186409, 0.00269830273464, 0.00135616899934, 0.00339242443442, 0.00128614483401, 0.000691163353622, 0.000636804034002, 0.000337197561748, 0.000362569000572, 0.000216455737245, 0.000233551647398, 0.000232039456023, 0.000343878869899, 0.000228922872338, 0.000172713698703, 0.000179681650479, 0.000123144724057, 0.000156497655553, 9.75290749921e-05, 7.39504321245e-05, 7.2077193181e-05, 5.87377217016e-05, 2.73233526968e-05, 4.79296795675e-06, 4.03430874485e-07, 2.7396616531e-08], "dvar": [2.46688713901e-09, 1.65294859471e-05, 2.2618291041e-05, 1.0062203728e-05, 6.42265003989e-05, 8.84983546712e-06, 7.43094551581e-06, 3.32709373652e-06, 1.07295261387e-06, 4.50587458545e-06, 3.93923755837e-07, 4.53521749932e-07, 7.12994108198e-07, 5.18647357239e-06, 1.97511826627e-06, 2.77493597878e-07, 2.43740402084e-07, 1.08055054682e-07, 2.16522352048e-07, 8.76249401927e-08, 4.10786036298e-08, 3.76997135731e-08, 3.72581610009e-08, 1.53471102493e-08, 2.77214223798e-10, 2.25655171632e-12, 6.3203667289e-15], "dvar2": [5.73994896058e-09, 4.43952121714e-05, 5.68333125557e-05, 1.96451856027e-05, 0.000174713044544, 1.88161629922e-05, 9.66267089098e-06, 5.05430489284e-06, 2.63178981186e-06, 6.92666526447e-06, 9.24788196244e-07, 9.80501454251e-07, 1.68322708305e-06, 1.22374995044e-05, 3.75858553525e-06, 6.11835048403e-07, 6.07892843618e-07, 2.59534715497e-07, 5.98246856498e-07, 2.42253094029e-07, 1.10623844307e-07, 9.52219636474e-08, 7.81607241152e-08, 2.67347441962e-08, 6.66917410186e-10, 5.68335135898e-12, 1.74372929968e-14], "max": [0.000860864471179, 0.0530094131827, 0.114290058613, 0.109638571739, 0.296755880117, 0.119964204729, 0.219863295555, 0.0765476301312, 0.0337103568017, 0.154105365276, 0.0153616946191, 0.0355899631977, 0.0349209904671, 0.102218732238, 0.0725029781461, 0.0243256855756, 0.0173765085638, 0.00863762013614, 0.0135231763124, 0.0058543975465, 0.00558727839962, 0.00391949340701, 0.011798334308, 0.0069557451643, 0.000689410895575, 5.69150615775e-05, 2.72144620794e-06], "mean": [2.78387997241e-05, 0.00199487502687, 0.00622139219195, 0.00210578553379, 0.00429687649012, 0.00168068229686, 0.00111011194531, 0.00095312600024, 0.000278268824331, 0.000828707939945, 0.000184064658242, 0.000208241908695, 0.000174913700903, 0.000289468764095, 0.000233439510339, 0.000129177511553, 0.000171540974407, 0.000127085033455, 0.000116769479064, 6.51598456898e-05, 5.06322357978e-05, 4.53894936072e-05, 4.2774117901e-05, 2.25546882575e-05, 3.05978551296e-06, 2.97980705e-07, 4.90077347592e-08], "median": [1.08624926725e-05, 0.000588073977269, 0.00282496074215, 0.000500346941408, 0.00133268337231, 0.000266957591521, 6.60197692923e-05, 7.02375982655e-05, 2.03929266718e-05, 2.50325338129e-05, 1.13441883514e-05, 7.87064891483e-06, 9.08129095478e-06, 8.86828820512e-06, 8.43741145218e-06, 7.11359462002e-06, 1.95971806534e-05, 1.40466790981e-05, 6.26583550911e-06, 4.11861765315e-06, 2.71564090326e-06, 2.66169513452e-06, 2.52544373325e-06, 9.96238554762e-07, 1.56025350861e-07, 5.4567415475e-08, 3.59396317151e-08], "min": [4.24389433416e-23, 4.29088030962e-24, 2.0771771019e-23, 8.63869113305e-24, 7.86941448866e-23, 1.52764444686e-23, 3.12394282722e-23, 7.18417393433e-23, 6.65117469947e-23, 3.12766025535e-23, 1.24985884889e-22, 1.13583247603e-22, 1.47901107739e-22, 8.90290684039e-23, 1.34037906005e-22, 1.55693008755e-22, 1.68668584199e-22, 2.13052902709e-22, 2.57869163586e-22, 4.82265785138e-22, 5.10399619488e-22, 5.41331600266e-22, 6.07119166639e-22, 8.24404226063e-22, 1.05206256658e-21, 1.47420811355e-21, 2.62551831822e-21], "var": [2.94869084705e-09, 1.64305274666e-05, 7.2808470577e-05, 1.98625511985e-05, 0.000110462817247, 2.97256701742e-05, 6.10275383224e-05, 1.49005900312e-05, 1.53479345499e-06, 5.41198933206e-05, 7.19773652236e-07, 1.24811185742e-06, 1.28527460674e-06, 7.0843125286e-06, 3.552658427e-06, 5.84263545989e-07, 3.5439930457e-07, 1.78898574177e-07, 2.02150388873e-07, 8.44459009386e-08, 3.78752709196e-08, 3.52519826663e-08, 6.45458513304e-08, 3.4517697145e-08, 3.58588547744e-10, 2.33217481785e-12, 5.03588573362e-15]}, "barkbands_crest": {"dmean": 2.37212944031, "dmean2": 3.75290203094, "dvar": 6.55575561523, "dvar2": 16.1697540283, "max": 26.4703407288, "mean": 13.7346496582, "median": 13.4498977661, "min": 2.54334282875, "var": 21.4470348358}, "barkbands_flatness_db": {"dmean": 0.0252733044326, "dmean2": 0.0353057943285, "dvar": 0.000946124899201, "dvar2": 0.00177232641727, "max": 0.493791520596, "mean": 0.243737772107, "median": 0.244531944394, "min": 0.0374521389604, "var": 0.00624713441357}, "barkbands_kurtosis": {"dmean": 9.55690097809, "dmean2": 14.148100853, "dvar": 242.338470459, "dvar2": 482.791625977, "max": 347.330657959, "mean": 24.2882194519, "median": 12.7294836044, "min": -1.97829198837, "var": 1093.94921875}, "barkbands_skewness": {"dmean": 0.837314009666, "dmean2": 1.22726809978, "dvar": 0.998845875263, "dvar2": 2.00889539719, "max": 16.2717323303, "mean": 3.20677828789, "median": 2.84735774994, "min": -4.57660007477, "var": 5.0027179718}, "barkbands_spread": {"dmean": 3.9291908741, "dmean2": 5.90815877914, "dvar": 61.6814498901, "dvar2": 129.436325073, "max": 119.144943237, "mean": 10.3920927048, "median": 5.68719005585, "min": 0.271054387093, "var": 169.360061646}, "dissonance": {"dmean": 0.0248542074114, "dmean2": 0.0403960235417, "dvar": 0.000636141048744, "dvar2": 0.00158503849525, "max": 0.5, "mean": 0.438056737185, "median": 0.449766874313, "min": 0.177902564406, "var": 0.00222403393127}, "dynamic_complexity": 5.11292123795, "erbbands": {"dmean": [0.0215899832547, 0.368092387915, 1.78068137169, 2.77543616295, 3.65882587433, 8.73944950104, 10.0796012878, 5.40937852859, 7.67864561081, 5.96431159973, 11.5371055603, 4.83261489868, 5.83019971848, 9.28221988678, 5.7627863884, 7.09269380569, 6.5112156868, 12.6645402908, 10.0443248749, 4.8024353981, 5.95937681198, 6.02857685089, 4.10467433929, 4.56435632706, 4.32196044922, 2.70901179314, 2.26677417755, 1.54186987877, 1.63909769058, 1.2770138979, 1.0553355217, 0.558429121971, 0.19053389132, 0.0551695935428, 0.012532661669, 0.00220157648437, 0.000286583584966, 3.86021201848e-05, 6.30355680187e-06, 8.10938945506e-06], "dmean2": [0.0353753790259, 0.604655206203, 2.69033694267, 3.88133788109, 5.65355110168, 13.6956825256, 15.330780983, 8.16611385345, 10.5173892975, 8.26676464081, 15.191649437, 7.48709535599, 8.16224193573, 11.7151327133, 8.96537208557, 10.7545461655, 10.3197813034, 19.2775478363, 14.5043210983, 6.90435314178, 9.63033390045, 9.57647609711, 6.31615209579, 7.21381807327, 7.26473808289, 4.63773870468, 3.84018397331, 2.5506837368, 2.68852686882, 2.03285980225, 1.68173003197, 0.836273431778, 0.289960235357, 0.087368004024, 0.0197725649923, 0.00349806202576, 0.000455326488009, 6.16389443167e-05, 9.34745548875e-06, 1.15812335935e-05], "dvar": [0.00476070400327, 1.20745301247, 22.0061168671, 55.020111084, 216.087356567, 1556.76855469, 808.748718262, 556.765197754, 1863.5847168, 477.566192627, 2116.17138672, 505.890930176, 1758.7376709, 4646.0078125, 730.426513672, 968.024291992, 1453.71374512, 15950.28125, 7371.73681641, 731.479370117, 705.641296387, 621.305541992, 283.169586182, 395.23236084, 488.544616699, 193.602661133, 125.510101318, 43.9319725037, 51.4769287109, 33.1840362549, 30.320514679, 15.4309053421, 1.09926187992, 0.0947624742985, 0.00464830640703, 0.00015895467368, 3.19984565067e-06, 4.05821189986e-08, 3.65068641983e-10, 3.01508984446e-10], "dvar2": [0.0126992752776, 3.2548327446, 57.4903259277, 116.560798645, 483.650726318, 4289.92773438, 1919.47644043, 1115.7668457, 2438.77050781, 775.783508301, 3197.98779297, 1286.65600586, 2945.78662109, 6381.421875, 1783.97668457, 1985.56298828, 3454.70654297, 37176.2382813, 16142.875, 1253.08154297, 1781.60791016, 1605.671875, 690.292541504, 1012.66687012, 1327.40405273, 537.630187988, 345.006744385, 117.903640747, 132.549957275, 78.2960891724, 63.9623527527, 26.8585395813, 1.98289859295, 0.224541783333, 0.00985051784664, 0.000383397418773, 8.53594974615e-06, 1.07603099764e-07, 9.41830058387e-10, 6.6508576424e-10], "max": [0.802181184292, 13.9669456482, 95.5226364136, 221.217178345, 512.59173584, 1699.57922363, 797.581176758, 1181.2677002, 3209.93994141, 1448.609375, 2078.90136719, 792.845458984, 2482.51831055, 6196.89501953, 753.806396484, 1807.71130371, 1641.88134766, 5693.35839844, 4628.93652344, 1671.48388672, 666.238830566, 763.846252441, 468.065490723, 580.183227539, 471.808074951, 270.463623047, 274.33795166, 134.698303223, 141.738143921, 196.473892212, 299.974914551, 216.811309814, 64.2082977295, 14.1008024216, 3.34155154228, 0.37325528264, 0.0835987702012, 0.00548833981156, 0.000712146458682, 0.000383480044547], "mean": [0.0310538448393, 0.631212830544, 5.7301607132, 8.3067073822, 7.61325645447, 15.9378004074, 20.4464130402, 10.5375814438, 18.7280197144, 10.9920148849, 23.2607784271, 7.51719903946, 11.523897171, 26.9555912018, 8.16965103149, 10.2956924438, 8.29296207428, 16.748500824, 14.335185051, 6.80023145676, 7.54766464233, 8.78011608124, 6.68435382843, 6.88182449341, 5.37516021729, 3.11533308029, 2.54321885109, 1.68527340889, 1.66798257828, 1.38855814934, 1.20246493816, 0.737156629562, 0.226362526417, 0.0581176280975, 0.0129053257406, 0.00242145801894, 0.000364814535715, 6.26908731647e-05, 1.90705159184e-05, 2.4844379368e-05], "median": [0.0117274867371, 0.238525465131, 2.90652370453, 2.52755069733, 2.25823664665, 4.27505350113, 4.49430704117, 2.07179379463, 1.27995085716, 1.50389921665, 1.64319980145, 0.801992952824, 0.74449712038, 0.83959633112, 0.520196795464, 0.44282618165, 0.487476050854, 0.63145160675, 0.546302437782, 0.377701997757, 0.567677617073, 1.09951257706, 0.874349474907, 0.580819249153, 0.284832924604, 0.207819208503, 0.108739733696, 0.115315504372, 0.0990723595023, 0.0812992155552, 0.0657566413283, 0.028555424884, 0.0122809642926, 0.00302648474462, 0.000783098803367, 0.000272415752988, 0.000101006138721, 3.02673961414e-05, 1.29796389956e-05, 1.53836062964e-05], "min": [2.45927828965e-22, 1.33154823553e-21, 1.79897727622e-20, 2.55127138615e-20, 9.75686997488e-20, 3.44417999636e-19, 2.72640978795e-19, 1.27563179951e-19, 4.5602854911e-19, 9.23564834901e-19, 1.64158965985e-18, 1.16279032774e-18, 1.29086311557e-18, 2.37143293119e-18, 4.34237023879e-18, 5.18819674312e-18, 5.48483487772e-18, 6.23126901401e-18, 5.83075147013e-18, 8.08402206441e-18, 7.78736531825e-18, 1.24725510493e-17, 1.0275635443e-17, 1.20536841579e-17, 1.58606969004e-17, 2.14763268174e-17, 2.13902867988e-17, 2.12491333903e-17, 1.74594451186e-17, 1.79258260916e-17, 1.90279433417e-17, 1.39666634015e-17, 1.58641826395e-17, 1.11732124344e-17, 7.4100270295e-18, 5.37929573055e-18, 3.05003453494e-18, 1.25603281472e-18, 3.7072342879e-19, 3.6676490427e-20], "var": [0.00418956344947, 1.32417011261, 58.7746086121, 178.0181427, 398.494659424, 2220.04125977, 2309.28686523, 1766.04992676, 14237.5019531, 2278.30493164, 10481.0078125, 718.936584473, 6397.98876953, 63735.1992188, 1253.35119629, 3041.82470703, 2642.6574707, 22003.75, 11416.5634766, 1495.19433594, 943.327575684, 791.487548828, 408.630065918, 595.765075684, 526.94519043, 177.411773682, 109.156471252, 39.3995780945, 46.0363044739, 37.6770477295, 54.380569458, 42.1258659363, 2.35420584679, 0.13513840735, 0.00665172608569, 0.000183359632501, 2.76930200016e-06, 3.48626230107e-08, 5.03963926146e-10, 9.30671040233e-10]}, "erbbands_crest": {"dmean": 2.60287499428, "dmean2": 4.00978183746, "dvar": 7.24784708023, "dvar2": 15.8982343674, "max": 33.3396377563, "mean": 12.129524231, "median": 11.1364021301, "min": 2.09865140915, "var": 28.271402359}, "erbbands_flatness_db": {"dmean": 0.0182472225279, "dmean2": 0.0258462578058, "dvar": 0.000427682243753, "dvar2": 0.000797768530902, "max": 0.421256661415, "mean": 0.211775332689, "median": 0.209159880877, "min": 0.0313504301012, "var": 0.00272030034102}, "erbbands_kurtosis": {"dmean": 2.24474191666, "dmean2": 3.36111855507, "dvar": 18.0838985443, "dvar2": 36.5107002258, "max": 118.753936768, "mean": 3.40403962135, "median": 1.06664466858, "min": -1.90945494175, "var": 59.7258300781}, "erbbands_skewness": {"dmean": 0.514811515808, "dmean2": 0.74128562212, "dvar": 0.354372769594, "dvar2": 0.659271001816, "max": 9.87526321411, "mean": 1.15290391445, "median": 1.09575927258, "min": -6.48974180222, "var": 1.96330487728}, "erbbands_spread": {"dmean": 8.83626842499, "dmean2": 13.278755188, "dvar": 140.971755981, "dvar2": 328.495178223, "max": 171.928344727, "mean": 35.5181427002, "median": 30.572063446, "min": 1.61275529861, "var": 509.510284424}, "gfcc": {"cov": [[10246.1748047, 582.119384766, -1956.7010498, 317.217926025, -717.899658203, 411.531646729, 14.5966682434, -5.13632202148, 326.838928223, -274.307342529, 99.7877807617, -280.405670166, 42.7908782959], [582.119384766, 1243.27258301, 356.969268799, -296.047485352, 373.406738281, -88.5411148071, 132.830703735, -57.1434936523, 64.7706756592, -83.559753418, 32.181968689, -80.5018692017, -27.037815094], [-1956.7010498, 356.969268799, 1540.9564209, 274.347076416, 276.350219727, 138.451400757, 17.8308811188, 14.8566656113, 10.8091306686, -63.1287651062, -46.8917045593, 18.3546028137, -66.7901077271], [317.217926025, -296.047485352, 274.347076416, 724.851379395, 84.5064315796, 81.2357406616, 41.0487670898, 50.6543159485, 51.075920105, -41.8799705505, -61.4105491638, -3.90023112297, -25.2650241852], [-717.899658203, 373.406738281, 276.350219727, 84.5064315796, 580.537231445, 21.9319210052, 145.630325317, 52.1703567505, 26.323720932, 4.03155040741, -48.1234283447, -17.4678058624, -28.0912055969], [411.531646729, -88.5411148071, 138.451400757, 81.2357406616, 21.9319210052, 429.985443115, 108.220100403, 58.9258499146, 42.6296310425, -35.8027534485, 4.91457891464, -35.2890892029, -24.7197113037], [14.5966682434, 132.830703735, 17.8308811188, 41.0487670898, 145.630325317, 108.220100403, 263.092468262, 61.3781089783, -13.8999862671, 10.6393346786, -17.0605716705, -33.4020233154, -23.862903595], [-5.13632202148, -57.1434936523, 14.8566656113, 50.6543159485, 52.1703567505, 58.9258499146, 61.3781089783, 176.743743896, 72.5599212646, 2.55419921875, 1.40091311932, 13.2169857025, 0.322000414133], [326.838928223, 64.7706756592, 10.8091306686, 51.075920105, 26.323720932, 42.6296310425, -13.8999862671, 72.5599212646, 176.616424561, -3.54221820831, 6.33392477036, 1.26778566837, -9.30242156982], [-274.307342529, -83.559753418, -63.1287651062, -41.8799705505, 4.03155040741, -35.8027534485, 10.6393346786, 2.55419921875, -3.54221820831, 143.68737793, 25.6900959015, 14.4826307297, 4.26668024063], [99.7877807617, 32.181968689, -46.8917045593, -61.4105491638, -48.1234283447, 4.91457891464, -17.0605716705, 1.40091311932, 6.33392477036, 25.6900959015, 105.407188416, 34.0432624817, 8.5939912796], [-280.405670166, -80.5018692017, 18.3546028137, -3.90023112297, -17.4678058624, -35.2890892029, -33.4020233154, 13.2169857025, 1.26778566837, 14.4826307297, 34.0432624817, 114.227432251, 32.1691169739], [42.7908782959, -27.037815094, -66.7901077271, -25.2650241852, -28.0912055969, -24.7197113037, -23.862903595, 0.322000414133, -9.30242156982, 4.26668024063, 8.5939912796, 32.1691169739, 84.4660110474]], "icov": [[0.000616414647084, -0.00165520852897, 0.00130991346668, -0.00143983599264, 0.00130919052754, -0.00134143268224, 0.000966492691077, -0.000592833035626, 0.000231477461057, -0.00015232237638, 0.000482431758428, 8.80573643371e-05, 3.1695850339e-05], [-0.00165520852897, 0.00703830411658, -0.00427318038419, 0.00526458723471, -0.00485299807042, 0.00497314380482, -0.00450568087399, 0.00346421077847, -0.0029142848216, 0.00265495572239, -0.00364300073124, 0.00189178052824, -0.000962289865129], [0.00130991346668, -0.00427318038419, 0.00383521080948, -0.00369075126946, 0.0027505683247, -0.0035485594999, 0.00294147664681, -0.00175051076803, 0.00134740420617, -0.000760097347666, 0.00185538933147, -0.000889732153155, 0.000948009605054], [-0.00143983599264, 0.00526458723471, -0.00369075126946, 0.00573596823961, -0.00376197323203, 0.00372719601728, -0.00342079647817, 0.00220317696221, -0.00214527756907, 0.00177315075416, -0.00149633816909, 0.000624795386102, -0.000334756769007], [0.00130919052754, -0.00485299807042, 0.0027505683247, -0.00376197323203, 0.00582195259631, -0.00315197999589, 0.00164716027211, -0.00232532038353, 0.00115288957022, -0.00166433688719, 0.00297647085972, -0.000966602936387, 0.000597326783463], [-0.00134143268224, 0.00497314380482, -0.0035485594999, 0.00372719601728, -0.00315197999589, 0.00666515948251, -0.004447278101, 0.00187494116835, -0.00234578177333, 0.00223371130414, -0.0030852840282, 0.00177630793769, -0.000514610379469], [0.000966492691077, -0.00450568087399, 0.00294147664681, -0.00342079647817, 0.00164716027211, -0.004447278101, 0.00886830128729, -0.00435002148151, 0.0039256894961, -0.00259468285367, 0.00261121056974, -0.000353086419636, 0.00157128844876], [-0.000592833035626, 0.00346421077847, -0.00175051076803, 0.00220317696221, -0.00232532038353, 0.00187494116835, -0.00435002148151, 0.00998975522816, -0.00521630421281, 0.0016983312089, -0.00194795243442, -9.06763743842e-05, -0.0012351438636], [0.000231477461057, -0.0029142848216, 0.00134740420617, -0.00214527756907, 0.00115288957022, -0.00234578177333, 0.0039256894961, -0.00521630421281, 0.00968987122178, -0.00205775513314, 0.00158399448264, -0.00137955870014, 0.00173483008984], [-0.00015232237638, 0.00265495572239, -0.000760097347666, 0.00177315075416, -0.00166433688719, 0.00223371130414, -0.00259468285367, 0.0016983312089, -0.00205775513314, 0.00969277601689, -0.00388100463897, 0.0012770909816, -0.000590696639847], [0.000482431758428, -0.00364300073124, 0.00185538933147, -0.00149633816909, 0.00297647085972, -0.0030852840282, 0.00261121056974, -0.00194795243442, 0.00158399448264, -0.00388100463897, 0.0145608559251, -0.0055086761713, 0.00142809120007], [8.80573643371e-05, 0.00189178052824, -0.000889732153155, 0.000624795386102, -0.000966602936387, 0.00177630793769, -0.000353086419636, -9.06763743842e-05, -0.00137955870014, 0.0012770909816, -0.0055086761713, 0.0135921156034, -0.00468928227201], [3.1695850339e-05, -0.000962289865129, 0.000948009605054, -0.000334756769007, 0.000597326783463, -0.000514610379469, 0.00157128844876, -0.0012351438636, 0.00173483008984, -0.000590696639847, 0.00142809120007, -0.00468928227201, 0.0145226800814]], "mean": [-124.925338745, 135.699676514, -99.0187072754, 46.1547622681, -49.4299850464, -2.30681633949, -34.5694046021, -7.38839435577, -14.0117502213, -18.0476379395, -9.55952739716, -6.89127016068, -11.230307579]}, "hfc": {"dmean": 3.93067193031, "dmean2": 5.78341960907, "dvar": 136.733856201, "dvar2": 326.114776611, "max": 218.989059448, "mean": 9.04917430878, "median": 3.50179243088, "min": 1.14705360536e-16, "var": 300.547241211}, "melbands": {"dmean": [0.000283198576653, 0.000766284472775, 0.00047997845104, 0.000427066872362, 0.000375175557565, 0.00013322752784, 0.000112662870379, 7.01566241332e-05, 9.08350557438e-05, 2.68036783382e-05, 3.10959658236e-05, 3.99936616304e-05, 1.8297439965e-05, 1.85092139873e-05, 1.74262258952e-05, 1.25879532789e-05, 2.62386784016e-05, 1.57000813488e-05, 9.31146223593e-06, 6.76910758557e-06, 7.59624344937e-06, 6.53647794024e-06, 4.63038941234e-06, 4.24678955824e-06, 3.74530827685e-06, 3.73325474357e-06, 2.19064008888e-06, 1.8882905124e-06, 1.49622019308e-06, 1.21416883303e-06, 8.08497929938e-07, 9.25158417431e-07, 8.9182475449e-07, 6.68096163281e-07, 6.78548644828e-07, 4.80185121887e-07, 3.11294570565e-07, 1.50710533831e-07, 7.42948031984e-08, 3.8773702471e-08], "dmean2": [0.000464883371023, 0.00116584752686, 0.000677115458529, 0.000669141008984, 0.000574496982154, 0.000198468856979, 0.000152526787133, 9.6490715805e-05, 0.000121334196592, 4.26001824962e-05, 4.25017860834e-05, 5.1142043958e-05, 2.87662696792e-05, 2.82873261312e-05, 2.80122876575e-05, 1.993884689e-05, 4.00346216338e-05, 2.31422127399e-05, 1.2437129044e-05, 1.04128957901e-05, 1.23213740153e-05, 1.03925030999e-05, 7.29389830667e-06, 6.48766035738e-06, 6.00414341534e-06, 6.3605680225e-06, 3.68440282728e-06, 3.26542385665e-06, 2.56257408182e-06, 2.0339450657e-06, 1.34261927087e-06, 1.53530822899e-06, 1.47204866607e-06, 1.06380275611e-06, 1.10010967092e-06, 7.30215504063e-07, 4.75788198173e-07, 2.34496823737e-07, 1.18511408687e-07, 6.25243998797e-08], "dvar": [7.86825125942e-07, 4.01808847528e-06, 1.89298793885e-06, 3.07297568725e-06, 1.35637947096e-06, 2.85527505639e-07, 3.91332122263e-07, 6.19460109874e-08, 1.2917182346e-07, 1.81553652112e-08, 5.48124248212e-08, 9.74787539576e-08, 7.39992067622e-09, 6.82595802104e-09, 8.27517787627e-09, 4.87500573243e-09, 7.96271280024e-08, 1.91868529953e-08, 6.54677867473e-09, 1.47711143317e-09, 1.11152587134e-09, 7.36106786636e-10, 5.39958078249e-10, 3.63699764749e-10, 2.81486695064e-10, 4.35460251191e-10, 1.15483414498e-10, 9.97911961398e-11, 6.0535153279e-11, 3.78082253005e-11, 1.03280647923e-11, 1.72915692181e-11, 1.83022486056e-11, 8.9624202157e-12, 1.18976582059e-11, 1.60998315374e-11, 6.29342845199e-12, 6.48201056632e-13, 1.88483804302e-13, 5.6218007002e-14], "dvar2": [2.10244866139e-06, 1.05404023998e-05, 3.6379985886e-06, 8.18576791062e-06, 3.44079785464e-06, 5.63893820527e-07, 4.9102044386e-07, 1.05251658056e-07, 2.07320837831e-07, 4.69211620668e-08, 8.20941679081e-08, 1.45118676187e-07, 1.82042274588e-08, 1.49062913124e-08, 1.99736618356e-08, 1.12720996981e-08, 1.8540687563e-07, 4.34945093275e-08, 1.04572102089e-08, 2.52962850666e-09, 2.93090107739e-09, 1.9429207132e-09, 1.29871891019e-09, 8.78069672527e-10, 7.19763026957e-10, 1.19628873474e-09, 3.12104286859e-10, 2.81555501136e-10, 1.67955524488e-10, 1.03761998993e-10, 2.7555799656e-11, 4.55461814097e-11, 4.62051195915e-11, 2.07189820856e-11, 2.75749666157e-11, 3.0256130934e-11, 1.09104929952e-11, 1.2249843067e-12, 4.17545257267e-13, 1.38796146885e-13], "max": [0.0113862426952, 0.0376281216741, 0.0379653908312, 0.0655873566866, 0.0348091460764, 0.0248477812856, 0.0501237772405, 0.0127583462745, 0.0150779327378, 0.00514661706984, 0.0141574628651, 0.0266770273447, 0.00220021721907, 0.0040926435031, 0.00378878251649, 0.00319702969864, 0.0130511624739, 0.00760619249195, 0.00570632051677, 0.0024262953084, 0.000614135817159, 0.000830515054986, 0.00114162568934, 0.000674940936733, 0.000526175135747, 0.000566339935176, 0.000240588589804, 0.000215435138671, 0.000151721207658, 0.000185226541362, 7.4946670793e-05, 0.000100355297036, 0.000108173597255, 0.000111770554213, 0.000174385204446, 0.000387848645914, 0.000148411359987, 4.58591530332e-05, 1.97518220375e-05, 1.10972687253e-05], "mean": [0.00039750666474, 0.00230003031902, 0.00141295837238, 0.00082209642278, 0.000762538285926, 0.000259561958956, 0.000273612386081, 0.000125229664263, 0.000180081624421, 3.61704624083e-05, 6.06916219112e-05, 0.000117914605653, 2.43816502916e-05, 2.58152103925e-05, 2.27176478802e-05, 1.56209262059e-05, 3.38210884365e-05, 2.14329193113e-05, 1.31334209073e-05, 8.98111920833e-06, 8.97008067113e-06, 9.28815006773e-06, 7.02838815414e-06, 6.40754251435e-06, 5.43198211744e-06, 4.35952915723e-06, 2.73321347777e-06, 1.97582380679e-06, 1.6419281792e-06, 1.25703400045e-06, 8.91145020887e-07, 9.28660654154e-07, 8.88514307462e-07, 7.33691479127e-07, 7.24686969988e-07, 6.01267402089e-07, 3.87542598901e-07, 1.70289496282e-07, 8.10192304357e-08, 3.79110964843e-08], "median": [0.000129219915834, 0.00119894521777, 0.000469612888992, 0.000233745799051, 0.000184881530004, 4.51302803413e-05, 1.53180226334e-05, 1.59692172019e-05, 1.0809865671e-05, 3.31540468324e-06, 3.16439331982e-06, 3.00875808534e-06, 1.48859862747e-06, 1.12853513201e-06, 9.35378920985e-07, 9.80115032689e-07, 1.01316140899e-06, 7.54559835059e-07, 5.5067886251e-07, 3.85760131394e-07, 6.50611070796e-07, 1.11103418021e-06, 8.67942048899e-07, 6.81236087985e-07, 3.8780677869e-07, 1.93039426222e-07, 1.68598546679e-07, 1.16296504871e-07, 5.92257158871e-08, 5.3243194742e-08, 6.56448690961e-08, 5.61801165588e-08, 3.83084355349e-08, 4.46666348353e-08, 3.97108621542e-08, 2.32396537569e-08, 1.30282291622e-08, 9.03718344603e-09, 4.19235979265e-09, 1.64014146709e-09], "min": [3.68386919799e-24, 6.85076392378e-24, 7.06889421926e-24, 1.39721907573e-23, 1.23104331724e-23, 3.00626548776e-24, 6.43347070441e-24, 1.13271961512e-23, 1.49865743736e-23, 7.0533765364e-24, 6.16719425573e-24, 8.58371778315e-24, 1.74326111596e-23, 1.27782079676e-23, 1.30956945053e-23, 1.31144599285e-23, 1.13010943216e-23, 8.40630217671e-24, 1.08308906236e-23, 9.11113519602e-24, 8.90067657284e-24, 1.15431578681e-23, 1.3166594168e-23, 7.88096183459e-24, 9.91041458722e-24, 8.58154920452e-24, 1.4188681011e-23, 1.46799851605e-23, 1.20950402242e-23, 1.57622849675e-23, 1.1479462872e-23, 9.59964046703e-24, 1.00628138366e-23, 9.93654481584e-24, 1.1549516087e-23, 8.60163123659e-24, 8.50476542831e-24, 9.42509868086e-24, 1.34786304656e-23, 8.09812025345e-24], "var": [7.13437543709e-07, 9.41110374697e-06, 5.3724324971e-06, 5.17282387591e-06, 3.23793142343e-06, 1.0278439504e-06, 3.26820645569e-06, 2.26507467005e-07, 6.14185353243e-07, 2.0815896562e-08, 2.17735902197e-07, 1.27096154756e-06, 1.18656737769e-08, 1.73689169713e-08, 1.58794186689e-08, 7.28112015125e-09, 1.10219410487e-07, 2.75045017872e-08, 1.24195578266e-08, 4.72595251821e-09, 1.17407306099e-09, 8.98720375897e-10, 7.9706824474e-10, 5.2038312548e-10, 4.24826424039e-10, 4.02407912548e-10, 1.43278902631e-10, 8.12321668264e-11, 5.07662661908e-11, 2.93265030316e-11, 1.04406951834e-11, 1.46239426818e-11, 1.69573712711e-11, 1.07503415891e-11, 1.61377352453e-11, 3.85423880311e-11, 1.39836683899e-11, 1.28546392281e-12, 2.81596442128e-13, 7.04851148693e-14]}, "melbands_crest": {"dmean": 2.6687040329, "dmean2": 4.15918540955, "dvar": 8.23702049255, "dvar2": 19.7239322662, "max": 34.8095741272, "mean": 18.3369045258, "median": 17.9784507751, "min": 1.6804138422, "var": 32.0142326355}, "melbands_flatness_db": {"dmean": 0.0310439243913, "dmean2": 0.0422798469663, "dvar": 0.00161606108304, "dvar2": 0.00301474286243, "max": 0.643885672092, "mean": 0.328957110643, "median": 0.332947254181, "min": 0.00404300028458, "var": 0.0106388237327}, "melbands_kurtosis": {"dmean": 18.4242115021, "dmean2": 27.7917976379, "dvar": 927.340759277, "dvar2": 1909.30847168, "max": 767.344482422, "mean": 47.8666267395, "median": 25.7310218811, "min": -1.90220940113, "var": 3942.57080078}, "melbands_skewness": {"dmean": 1.04443633556, "dmean2": 1.55052542686, "dvar": 1.54086971283, "dvar2": 3.26835536957, "max": 19.7331638336, "mean": 4.27988576889, "median": 3.72576498985, "min": -2.21210026741, "var": 7.64057016373}, "melbands_spread": {"dmean": 4.67344665527, "dmean2": 7.09164571762, "dvar": 135.375457764, "dvar2": 289.7472229, "max": 231.296112061, "mean": 10.8459444046, "median": 4.99396562576, "min": 0.280668258667, "var": 312.909454346}, "mfcc": {"cov": [[9385.94628906, -612.100708008, -1147.28918457, -109.870361328, -674.392211914, 123.359725952, -294.860321045, 215.987762451, -116.751304626, 263.882659912, -46.7397155762, 45.4580841064, -34.2749214172], [-612.100708008, 1724.11108398, 98.1697845459, -18.2538967133, 214.864257813, -19.1867313385, 119.639839172, -14.0362319946, 31.9814338684, -26.0906295776, 57.4938545227, 13.1880559921, -4.67113876343], [-1147.28918457, 98.1697845459, 1148.10705566, 131.444839478, 241.319091797, 146.631378174, 33.1317214966, 123.331062317, 18.9544506073, -27.4290924072, 19.2821121216, 37.5948066711, -15.5029840469], [-109.870361328, -18.2538967133, 131.444839478, 584.600646973, 163.656356812, 53.0572433472, 26.9725437164, 54.5071372986, 96.0233612061, -28.4842739105, 14.0121383667, 14.943321228, 24.3343162537], [-674.392211914, 214.864257813, 241.319091797, 163.656356812, 391.274932861, 77.484703064, 33.703453064, 105.07459259, 78.5026092529, 11.8921918869, 31.1636581421, 15.6391277313, 18.7829017639], [123.359725952, -19.1867313385, 146.631378174, 53.0572433472, 77.484703064, 258.127655029, 112.560295105, 81.8302993774, 46.51978302, 46.1419181824, 25.6931934357, 6.76679420471, -14.3358821869], [-294.860321045, 119.639839172, 33.1317214966, 26.9725437164, 33.703453064, 112.560295105, 280.296813965, 53.6301231384, 68.0153808594, 16.7167453766, 29.3766841888, 13.9678983688, 5.42740297318], [215.987762451, -14.0362319946, 123.331062317, 54.5071372986, 105.07459259, 81.8302993774, 53.6301231384, 248.783432007, 78.6747589111, 40.6716270447, 27.0401744843, 22.65599823, 18.7370567322], [-116.751304626, 31.9814338684, 18.9544506073, 96.0233612061, 78.5026092529, 46.51978302, 68.0153808594, 78.6747589111, 162.843444824, 53.8541793823, 28.6535148621, 6.80998706818, 23.4223117828], [263.882659912, -26.0906295776, -27.4290924072, -28.4842739105, 11.8921918869, 46.1419181824, 16.7167453766, 40.6716270447, 53.8541793823, 132.127746582, 34.8816452026, 0.751044273376, -2.30266809464], [-46.7397155762, 57.4938545227, 19.2821121216, 14.0121383667, 31.1636581421, 25.6931934357, 29.3766841888, 27.0401744843, 28.6535148621, 34.8816452026, 100.235061646, 38.1570281982, 14.9427185059], [45.4580841064, 13.1880559921, 37.5948066711, 14.943321228, 15.6391277313, 6.76679420471, 13.9678983688, 22.65599823, 6.80998706818, 0.751044273376, 38.1570281982, 117.269943237, 55.9267272949], [-34.2749214172, -4.67113876343, -15.5029840469, 24.3343162537, 18.7829017639, -14.3358821869, 5.42740297318, 18.7370567322, 23.4223117828, -2.30266809464, 14.9427185059, 55.9267272949, 109.292427063]], "icov": [[0.000190530685359, -3.15035031235e-05, 0.000191720333532, -0.000124185025925, 0.000363243103493, -0.000278318620985, 0.000296632992104, -0.000384515151381, 0.000246001174673, -0.000377794582164, 0.000197484041564, -0.000231398385949, 9.62376725511e-05], [-3.15035031235e-05, 0.000696492264979, -3.7805075408e-05, 0.000174057102413, -0.000557129853405, 0.000327926623868, -0.000418757466832, 0.000275457801763, -8.43407178763e-05, 0.000277078332147, -0.000403167563491, 4.0290527977e-05, 0.000146521459101], [0.000191720333532, -3.7805075408e-05, 0.00130581052508, -0.000172515632585, -0.000188159363461, -0.000783507653978, 0.000434976740507, -0.000691745895892, 0.000454893073766, 5.95891870034e-05, 0.000226633492275, -0.000663606449962, 0.000521064386703], [-0.000124185025925, 0.000174057102413, -0.000172515632585, 0.00231501553208, -0.00096499157371, -0.000106749052065, -1.14757267511e-06, 0.000440948148025, -0.00160228810273, 0.00146472931374, -0.000302933447529, 7.77848836151e-05, -0.000119263393572], [0.000363243103493, -0.000557129853405, -0.000188159363461, -0.00096499157371, 0.00468842871487, -0.00110370968468, 0.00106762675568, -0.0016358862631, -0.000393111957237, -0.000600470870268, 1.82908952411e-05, -8.94779805094e-05, -0.000329929724103], [-0.000278318620985, 0.000327926623868, -0.000783507653978, -0.000106749052065, -0.00110370968468, 0.00634585833177, -0.00264623202384, -0.000279067608062, 0.000179563270649, -0.00120751326904, -0.000421336735599, 0.000168020109413, 0.000948388071265], [0.000296632992104, -0.000418757466832, 0.000434976740507, -1.14757267511e-06, 0.00106762675568, -0.00264623202384, 0.00549189513549, -0.000781198206823, -0.00154147204012, 0.000498762819916, -0.000287408009171, -0.00059221626725, 0.000150902371388], [-0.000384515151381, 0.000275457801763, -0.000691745895892, 0.000440948148025, -0.0016358862631, -0.000279067608062, -0.000781198206823, 0.00635534897447, -0.00229548104107, 0.000215449792449, -0.00048142063315, -8.79102881299e-05, -0.000504057097714], [0.000246001174673, -8.43407178763e-05, 0.000454893073766, -0.00160228810273, -0.000393111957237, 0.000179563270649, -0.00154147204012, -0.00229548104107, 0.0107888812199, -0.00424900883809, -0.000266954360995, 0.000996754853986, -0.00181920744944], [-0.000377794582164, 0.000277078332147, 5.95891870034e-05, 0.00146472931374, -0.000600470870268, -0.00120751326904, 0.000498762819916, 0.000215449792449, -0.00424900883809, 0.0117408353835, -0.00360783352517, 0.00102431920823, 0.000585866975598], [0.000197484041564, -0.000403167563491, 0.000226633492275, -0.000302933447529, 1.82908952411e-05, -0.000421336735599, -0.000287408009171, -0.00048142063315, -0.000266954360995, -0.00360783352517, 0.013607497327, -0.00462461542338, 0.000669934961479], [-0.000231398385949, 4.0290527977e-05, -0.000663606449962, 7.77848836151e-05, -8.94779805094e-05, 0.000168020109413, -0.00059221626725, -8.79102881299e-05, 0.000996754853986, 0.00102431920823, -0.00462461542338, 0.0134707167745, -0.00655332999304], [9.62376725511e-05, 0.000146521459101, 0.000521064386703, -0.000119263393572, -0.000329929724103, 0.000948388071265, 0.000150902371388, -0.000504057097714, -0.00181920744944, 0.000585866975598, 0.000669934961479, -0.00655332999304, 0.0132107641548]], "mean": [-769.375366211, 153.133911133, 14.8312950134, 43.3248405457, 11.3248405457, 6.98112440109, -8.38830947876, 9.63889408112, -9.32571983337, -3.55597448349, -3.53523635864, -1.92735791206, -9.3242893219]}, "pitch_salience": {"dmean": 0.0683687999845, "dmean2": 0.108855046332, "dvar": 0.00516852643341, "dvar2": 0.0128182983026, "max": 0.845673084259, "mean": 0.464894682169, "median": 0.459749609232, "min": 0.0694373100996, "var": 0.0176740605384}, "silence_rate_20dB": {"dmean": 0, "dmean2": 0, "dvar": 0, "dvar2": 0, "max": 1, "mean": 1, "median": 1, "min": 1, "var": 0}, "silence_rate_30dB": {"dmean": 0.010286225006, "dmean2": 0.0205747503787, "dvar": 0.0101806260645, "dvar2": 0.022164285183, "max": 1, "mean": 0.980547785759, "median": 1, "min": 0, "var": 0.0190746299922}, "silence_rate_60dB": {"dmean": 0.0552325583994, "dmean2": 0.110477469862, "dvar": 0.0521826371551, "dvar2": 0.112139932811, "max": 1, "mean": 0.167467862368, "median": 0, "min": 0, "var": 0.139411136508}, "spectral_centroid": {"dmean": 190.745742798, "dmean2": 281.182647705, "dvar": 141048.078125, "dvar2": 278877.90625, "max": 10863.109375, "mean": 715.425170898, "median": 470.815582275, "min": 116.50894928, "var": 449884.03125}, "spectral_complexity": {"dmean": 2.18269228935, "dmean2": 3.26803088188, "dvar": 19.2104911804, "dvar2": 38.0968437195, "max": 57, "mean": 7.49223041534, "median": 6, "min": 0, "var": 54.778263092}, "spectral_contrast_coeffs": {"dmean": [0.0430110879242, 0.0469106063247, 0.0358369909227, 0.0293825939298, 0.0220370702446, 0.0189695172012], "dmean2": [0.0689336210489, 0.072782933712, 0.0565386451781, 0.045266982168, 0.0337874591351, 0.0281586535275], "dvar": [0.00157409743406, 0.00170282868203, 0.000949696463067, 0.000772133644205, 0.000432927394286, 0.000466694880743], "dvar2": [0.00361139979213, 0.00369251146913, 0.002072728239, 0.00155507214367, 0.000883308821358, 0.000925215543248], "max": [-0.216327011585, -0.2575494349, -0.414880275726, -0.47828450799, -0.523453116417, -0.532129406929], "mean": [-0.581194937229, -0.69981688261, -0.78558409214, -0.804544866085, -0.79389667511, -0.766916871071], "median": [-0.586437880993, -0.71625316143, -0.803623557091, -0.821262717247, -0.800498902798, -0.77398622036], "min": [-0.962262272835, -0.951643466949, -0.971101164818, -0.959869623184, -0.960736751556, -0.958252251148], "var": [0.00904837436974, 0.0117054926232, 0.00649773189798, 0.00470031937584, 0.00299084326252, 0.0029434771277]}, "spectral_contrast_valleys": {"dmean": [0.415157437325, 0.415725439787, 0.363864153624, 0.337248235941, 0.310241639614, 0.29616060853], "dmean2": [0.650091409683, 0.657478392124, 0.567962884903, 0.504325330257, 0.425581604242, 0.385953396559], "dvar": [0.199918165803, 0.173915743828, 0.162905156612, 0.169256702065, 0.195729568601, 0.217282310128], "dvar2": [0.372038155794, 0.36343562603, 0.332709401846, 0.320607841015, 0.340773910284, 0.394583910704], "max": [-5.16859912872, -4.4001455307, -5.02396678925, -5.28250455856, -5.34360933304, -7.81611537933], "mean": [-7.82357788086, -7.83379602432, -8.69004917145, -9.108543396, -8.96351623535, -11.8122768402], "median": [-7.58903503418, -7.81907892227, -8.69927120209, -9.14995002747, -9.05149650574, -11.9378433228], "min": [-27.4046764374, -27.3633899689, -27.0448303223, -27.2975349426, -27.172454834, -27.2335834503], "var": [1.50899386406, 1.21184742451, 1.27774345875, 1.30231356621, 1.4081183672, 1.12649083138]}, "spectral_decrease": {"dmean": 1.74658454366e-09, "dmean2": 2.48755349652e-09, "dvar": 1.41366093128e-17, "dvar2": 3.09705652675e-17, "max": 1.0929266532e-18, "mean": -5.44256106849e-09, "median": -3.37194117073e-09, "min": -8.74600161183e-08, "var": 4.5315978128e-17}, "spectral_energy": {"dmean": 0.00690293312073, "dmean2": 0.00984091684222, "dvar": 0.000220522313612, "dvar2": 0.000483185431222, "max": 0.341507226229, "mean": 0.0213622059673, "median": 0.0131350550801, "min": 1.05538124508e-20, "var": 0.000705058511812}, "spectral_energyband_high": {"dmean": 0.000168769998709, "dmean2": 0.000271388154943, "dvar": 4.97586029269e-07, "dvar2": 1.24525445244e-06, "max": 0.0174346212298, "mean": 0.000199792601052, "median": 1.41617110785e-05, "min": 7.70423905628e-21, "var": 5.84960730521e-07}, "spectral_energyband_low": {"dmean": 0.00321196881123, "dmean2": 0.00474343122914, "dvar": 6.31844814052e-05, "dvar2": 0.000154390610987, "max": 0.145595565438, "mean": 0.00959642697126, "median": 0.00483638141304, "min": 4.00354387801e-23, "var": 0.000162238240591}, "spectral_energyband_middle_high": {"dmean": 0.00122473656666, "dmean2": 0.00176399701741, "dvar": 2.27724176511e-05, "dvar2": 4.85738928546e-05, "max": 0.176574423909, "mean": 0.00244426517747, "median": 0.000237771382672, "min": 1.64809809866e-21, "var": 9.98376344796e-05}, "spectral_energyband_middle_low": {"dmean": 0.0039695086889, "dmean2": 0.00572237931192, "dvar": 0.000117944007798, "dvar2": 0.0002706614614, "max": 0.317513078451, "mean": 0.0105227790773, "median": 0.00502141332254, "min": 2.88141555673e-22, "var": 0.000324116030242}, "spectral_entropy": {"dmean": 0.237673103809, "dmean2": 0.327059388161, "dvar": 0.0854527652264, "dvar2": 0.155814915895, "max": 9.80637741089, "mean": 6.67781925201, "median": 6.64668989182, "min": 4.27749872208, "var": 0.540532231331}, "spectral_flux": {"dmean": 0.0217134729028, "dmean2": 0.0335949249566, "dvar": 0.0010947707342, "dvar2": 0.00242205243558, "max": 0.495652228594, "mean": 0.0497045218945, "median": 0.0338655747473, "min": 1.02731746721e-10, "var": 0.00233092205599}, "spectral_kurtosis": {"dmean": 3.59890556335, "dmean2": 5.93797540665, "dvar": 22.1509208679, "dvar2": 56.2789306641, "max": 111.393997192, "mean": 8.70232200623, "median": 6.27541160583, "min": -1.30676579475, "var": 73.3083343506}, "spectral_rms": {"dmean": 0.000664791616146, "dmean2": 0.000908423680812, "dvar": 1.0630125189e-06, "dvar2": 2.05081687454e-06, "max": 0.0182531569153, "mean": 0.00389840989374, "median": 0.00357976090163, "min": 3.20880084656e-12, "var": 5.64365154787e-06}, "spectral_rolloff": {"dmean": 294.277282715, "dmean2": 500.556976318, "dvar": 717801, "dvar2": 1576867.875, "max": 19272.2167969, "mean": 750.908996582, "median": 301.46484375, "min": 86.1328125, "var": 1781224.125}, "spectral_skewness": {"dmean": 0.385404229164, "dmean2": 0.594310879707, "dvar": 0.187187030911, "dvar2": 0.420290261507, "max": 8.55174541473, "mean": 2.04308962822, "median": 1.92980313301, "min": -0.772791683674, "var": 1.02485942841}, "spectral_spread": {"dmean": 435105.3125, "dmean2": 657478.1875, "dvar": 506429177856, "dvar2": 969143812096, "max": 40965368, "mean": 3498821.75, "median": 3291190.25, "mi