{"lowlevel": {"average_loudness": 0.486192792654, "barkbands": {"dmean": [7.52124105929e-05, 0.00111627264414, 0.00179265788756, 0.00124064763077, 0.00153724395204, 0.00100924749859, 0.000822591653559, 0.000690009270329, 0.00066711998079, 0.000568425457459, 0.000402441539336, 0.000379942503059, 0.000301135180052, 0.000204775700695, 0.000170885759871, 0.000137616123538, 5.72826174903e-05, 4.6118049795e-05, 5.02603179484e-05, 3.62056307495e-05, 1.51090462168e-05, 7.04391959516e-06, 6.82669769958e-06, 5.96592508373e-06, 6.91875266057e-06, 3.10839482154e-06, 9.27033283915e-07], "dmean2": [0.000115621631267, 0.00181707623415, 0.00307717500255, 0.00213374104351, 0.00250352011062, 0.00156790984329, 0.001254015835, 0.00103789824061, 0.000988577958196, 0.000837866391521, 0.000592519005295, 0.000552404206246, 0.000449931656476, 0.000302519183606, 0.000251814402873, 0.000207505145227, 8.52877637953e-05, 7.04475314706e-05, 7.80084374128e-05, 5.46646006114e-05, 2.28072167374e-05, 1.04894561446e-05, 1.04014534372e-05, 8.94735603651e-06, 1.03766342363e-05, 4.67228755952e-06, 1.47297885178e-06], "dvar": [1.23519754425e-08, 4.61468744106e-06, 2.26672254939e-05, 9.71015651885e-06, 6.69080554871e-06, 4.60943874714e-06, 4.48300124845e-06, 3.94658081859e-06, 3.91883304474e-06, 3.79611401513e-06, 2.61751597463e-06, 1.97485087483e-06, 1.59255353083e-06, 7.48659431338e-07, 4.03370762569e-07, 4.04406080179e-07, 4.63875267087e-08, 1.91177935704e-08, 3.32523093505e-08, 1.33177966433e-08, 2.34599673021e-09, 5.89855164712e-10, 6.07535799446e-10, 3.83705262008e-10, 5.29580879149e-10, 1.53551948934e-10, 2.07945587832e-11], "dvar2": [2.80269958353e-08, 1.2181436432e-05, 6.34454263491e-05, 2.63706588157e-05, 1.77669389814e-05, 1.06123407022e-05, 1.12982343126e-05, 8.55016878631e-06, 9.02809733816e-06, 8.36086928757e-06, 5.73562329009e-06, 4.22418634116e-06, 3.69819667867e-06, 1.5768061985e-06, 8.73707506344e-07, 9.6317171483e-07, 8.0873803654e-08, 4.2275974721e-08, 7.47189048411e-08, 3.02865110768e-08, 5.16715559229e-09, 1.33305699812e-09, 1.46493195352e-09, 7.91399057398e-10, 1.08301634327e-09, 3.28990390486e-10, 4.65477240086e-11], "max": [0.00222553033382, 0.0308062694967, 0.0700212568045, 0.0683037191629, 0.0446707680821, 0.0762848481536, 0.0706744715571, 0.0555460005999, 0.064066901803, 0.0648521855474, 0.0605415739119, 0.05289792642, 0.0369665287435, 0.0279315263033, 0.0157539211214, 0.0260972138494, 0.0146864000708, 0.00436911080033, 0.011048110202, 0.00416413974017, 0.00151093199383, 0.000789340119809, 0.00126697588712, 0.000674796639942, 0.00089361553546, 0.000352259085048, 0.000132485438371], "mean": [0.000234190447372, 0.00225520832464, 0.00259943539277, 0.00161699205637, 0.00327196461149, 0.00214761402458, 0.0017527078744, 0.00147768855095, 0.00152125046588, 0.00126170553267, 0.000887762522325, 0.000722922268324, 0.000524798233528, 0.000377372518415, 0.000324473512592, 0.000286474765744, 0.00011870641174, 9.15493874345e-05, 0.000106437924842, 8.29598575365e-05, 3.04543100356e-05, 1.3449657672e-05, 1.26024579004e-05, 1.13503992907e-05, 1.07112828118e-05, 4.35627089246e-06, 9.12418215648e-07], "median": [0.000203280244023, 0.00134719291236, 0.000982717843726, 0.000628777081147, 0.00192145467736, 0.000846863957122, 0.0006248128484, 0.000211566599319, 0.000132865621708, 6.58648423268e-05, 3.6998957512e-05, 4.4395786972e-05, 2.78019615507e-05, 1.90027603821e-05, 1.41186174005e-05, 1.16248729682e-05, 1.32770674099e-05, 9.6866824606e-06, 1.16197043099e-05, 7.30471947463e-06, 3.26497684e-06, 2.30384648603e-06, 2.9322059163e-06, 2.62681578533e-06, 2.21334062189e-06, 7.95097435002e-07, 8.56002202454e-08], "min": [4.29192428814e-23, 2.32696959199e-23, 9.18921428184e-24, 1.99045304719e-23, 6.49999550232e-23, 2.56668201744e-23, 1.1890689751e-23, 4.58092916057e-23, 4.22800352008e-23, 2.14906410292e-23, 5.05915178744e-23, 8.44390149626e-23, 1.60484183862e-22, 1.00013224446e-22, 2.00131159134e-22, 1.4024056153e-22, 1.30616824518e-22, 1.87299320457e-22, 3.33724033992e-22, 4.84118106274e-22, 5.21374353375e-22, 5.51933184013e-22, 6.35650637372e-22, 9.04242402278e-22, 9.8702559189e-22, 1.63189668796e-21, 2.13680724918e-21], "var": [2.06258956581e-08, 7.54257553126e-06, 2.14907795453e-05, 1.02199464891e-05, 1.62013820955e-05, 1.78455793503e-05, 1.31874412546e-05, 1.39969179145e-05, 1.52768134285e-05, 1.63782369782e-05, 9.76409864961e-06, 5.62794366488e-06, 4.45125033366e-06, 1.78299183062e-06, 1.27420014451e-06, 1.47381126681e-06, 1.77988553673e-07, 6.19270821289e-08, 1.43565443977e-07, 6.47671853926e-08, 8.13758394003e-09, 1.38309996789e-09, 9.94652027408e-10, 1.02095631949e-09, 1.16026643848e-09, 2.32201244343e-10, 2.35079490596e-11]}, "barkbands_crest": {"dmean": 2.09422373772, "dmean2": 3.36734461784, "dvar": 3.86284542084, "dvar2": 9.81543540955, "max": 25.2164325714, "mean": 10.1847667694, "median": 9.4508562088, "min": 2.61139369011, "var": 14.1593198776}, "barkbands_flatness_db": {"dmean": 0.0210178140551, "dmean2": 0.0306574795395, "dvar": 0.000511873047799, "dvar2": 0.0010487397667, "max": 0.44270169735, "mean": 0.212487086654, "median": 0.198906302452, "min": 0.035581689328, "var": 0.00575800891966}, "barkbands_kurtosis": {"dmean": 3.69645929337, "dmean2": 5.80648803711, "dvar": 40.9908180237, "dvar2": 101.187210083, "max": 144.861373901, "mean": 7.46819162369, "median": 4.37117195129, "min": -1.82055795193, "var": 93.5961532593}, "barkbands_skewness": {"dmean": 0.510494291782, "dmean2": 0.759897589684, "dvar": 0.365045130253, "dvar2": 0.819700658321, "max": 11.122631073, "mean": 1.44050276279, "median": 1.31849253178, "min": -1.8879609108, "var": 1.64546692371}, "barkbands_spread": {"dmean": 2.46030855179, "dmean2": 3.79107379913, "dvar": 17.9637775421, "dvar2": 40.212726593, "max": 110.207176208, "mean": 9.92460727692, "median": 7.6609621048, "min": 0.923054158688, "var": 67.5030212402}, "dissonance": {"dmean": 0.035035982728, "dmean2": 0.0574966929853, "dvar": 0.00104478921276, "dvar2": 0.00279295817018, "max": 0.499999940395, "mean": 0.408250808716, "median": 0.420657038689, "min": 0.10247913003, "var": 0.00352928321809}, "dynamic_complexity": 4.88184595108, "erbbands": {"dmean": [0.019327647984, 0.319040447474, 1.82889831066, 3.11819863319, 4.66030406952, 5.4080247879, 6.61860704422, 9.46010875702, 12.2718868256, 11.8926563263, 13.4913129807, 14.4481267929, 16.1940670013, 14.4570026398, 14.8982486725, 12.329501152, 11.5909729004, 8.49530220032, 10.1001577377, 9.05159378052, 3.91131973267, 3.22474908829, 2.64353227615, 2.22606754303, 2.10911679268, 1.62806892395, 0.847909510136, 0.330565333366, 0.260246098042, 0.191845312715, 0.200794383883, 0.126271411777, 0.109143711627, 0.101253472269, 0.0354002043605, 0.0135498791933, 0.00595119455829, 0.00164084893186, 0.000147350729094, 9.95049595076e-06], "dmean2": [0.0311916470528, 0.52205657959, 3.09648823738, 5.40740633011, 7.64412641525, 8.89110374451, 10.5223169327, 14.5488681793, 19.4726238251, 17.4447956085, 19.7574234009, 21.262594223, 23.760766983, 20.1548309326, 22.4585094452, 17.7506523132, 16.7481307983, 12.2054691315, 14.819814682, 12.6660451889, 5.63932657242, 4.70890617371, 3.97889637947, 3.34705519676, 3.25903463364, 2.40294885635, 1.25982785225, 0.496688097715, 0.385278791189, 0.289677739143, 0.307631462812, 0.192291498184, 0.163883015513, 0.154124557972, 0.0532243922353, 0.02060129866, 0.00895711872727, 0.00253497739322, 0.000241035115323, 1.5507263015e-05], "dvar": [0.00119095447008, 0.421658158302, 22.2836399078, 64.8891448975, 83.1320419312, 97.5336074829, 167.041732788, 558.009033203, 1138.58764648, 1051.41455078, 1656.13391113, 2363.1472168, 3126.0625, 2448.46118164, 3206.32006836, 1700.71899414, 2300.15234375, 1517.75622559, 1297.3145752, 1424.41137695, 288.9190979, 157.515914917, 61.4152984619, 75.7351913452, 49.3856315613, 29.1992034912, 8.12239551544, 0.853963673115, 0.822243988514, 0.547557353973, 0.483912438154, 0.170508369803, 0.14234957099, 0.115195848048, 0.0175700951368, 0.0025691348128, 0.000658860662952, 6.44475003355e-05, 4.97543339861e-07, 1.04700104142e-09], "dvar2": [0.00306442379951, 1.11498463154, 61.5255661011, 178.8853302, 217.712997437, 259.408630371, 448.406646729, 1239.10241699, 3190.08251953, 2352.78466797, 3460.01928711, 5248.19384766, 7107.05859375, 4757.66210938, 8359.89453125, 3570.54760742, 5191.34179688, 3414.94873047, 2857.56591797, 2756.16870117, 634.342529297, 273.148742676, 137.067642212, 152.940872192, 118.155784607, 62.5079078674, 18.2459602356, 1.83272695541, 1.88781857491, 1.2623398304, 1.17704641819, 0.375007539988, 0.296259909868, 0.237324625254, 0.0374427735806, 0.00557509157807, 0.00141824991442, 0.000146252146806, 1.12188456569e-06, 2.33166286279e-09], "max": [0.594426691532, 9.04136180878, 71.5673446655, 153.931121826, 182.251678467, 164.753479004, 365.330322266, 933.413452148, 1216.63195801, 934.857971191, 1258.73962402, 1876.61999512, 2042.22180176, 1887.28625488, 1678.81604004, 1313.6706543, 2011.98791504, 1334.80395508, 1032.24304199, 1342.32727051, 700.84362793, 978.867919922, 265.747070313, 544.703613281, 276.262969971, 290.574188232, 95.5925979614, 30.1627540588, 33.5012817383, 40.6836776733, 31.0363254547, 17.8161621094, 11.8093576431, 11.2892208099, 6.54014205933, 1.54526865482, 0.819370090961, 0.273312985897, 0.0221039745957, 0.00183126912452], "mean": [0.0420237518847, 0.609225988388, 2.90923500061, 4.34452819824, 8.19693756104, 10.5098876953, 13.4166479111, 20.5063552856, 26.7530975342, 27.5358848572, 30.8968105316, 32.5907363892, 39.6621551514, 35.0358467102, 33.8172492981, 27.639125824, 23.83086586, 17.3366966248, 21.8121070862, 19.1646823883, 9.63769817352, 7.14980697632, 5.80562496185, 5.01650476456, 4.94212770462, 3.97877669334, 1.94671535492, 0.71207767725, 0.499653100967, 0.392151623964, 0.354622334242, 0.239708065987, 0.196831718087, 0.149528592825, 0.0583390370011, 0.0206102617085, 0.00781054375693, 0.00194865197409, 0.000146421036334, 2.86053254968e-05], "median": [0.023894296959, 0.348140001297, 1.1548126936, 2.05842161179, 4.34914922714, 5.77547454834, 6.50121021271, 7.22448730469, 9.82200431824, 7.33568716049, 4.90991210938, 3.63218212128, 3.15542674065, 1.94465589523, 2.40805387497, 1.9815568924, 1.55006623268, 1.07476687431, 1.1317460537, 0.914623439312, 0.726778507233, 0.874243855476, 0.660096764565, 0.740984678268, 0.583866715431, 0.365739822388, 0.186555460095, 0.114674404263, 0.0895203351974, 0.0801437646151, 0.0794625729322, 0.0565975308418, 0.0454726144671, 0.0303681567311, 0.0110159106553, 0.00377982971258, 0.00133475137409, 0.00031969891279, 1.87036057469e-05, 1.93342857528e-05], "min": [1.9181954898e-21, 1.02685052156e-21, 7.30914964607e-21, 3.49331038884e-20, 2.25902172258e-19, 1.49421078671e-19, 2.39224303764e-19, 1.38886532904e-19, 1.30889389516e-19, 3.09730620088e-19, 1.312808941e-18, 1.00062694532e-18, 6.03814395107e-19, 1.62306660439e-18, 1.8225371766e-18, 4.21603577102e-18, 6.50205816806e-18, 6.31807955134e-18, 5.79224621262e-18, 1.34297073787e-17, 6.55827749839e-18, 7.65742765172e-18, 1.07352947463e-17, 1.58929519812e-17, 1.58870194419e-17, 2.50042140796e-17, 1.70876489399e-17, 2.33417266322e-17, 1.97670871217e-17, 2.06786980594e-17, 1.76685481056e-17, 1.84638773015e-17, 1.42465796665e-17, 8.32250319809e-18, 8.75691281321e-18, 6.88811452687e-18, 2.91699080521e-18, 1.2396287892e-18, 3.0102459584e-19, 2.9061284762e-20], "var": [0.00266153132543, 0.619167923927, 23.9490871429, 60.8019638062, 149.723220825, 203.913162231, 459.038757324, 2092.24414063, 3116.20361328, 4078.43261719, 5653.76660156, 7913.00732422, 12380.8730469, 12451.9990234, 11037.8203125, 6947.07763672, 7068.47412109, 3793.92651367, 4291.60546875, 4897.68408203, 1204.25622559, 535.785949707, 214.805160522, 315.25088501, 203.349746704, 181.898757935, 33.6415634155, 3.18262410164, 1.85188937187, 1.09326100349, 0.79576677084, 0.380283594131, 0.356243818998, 0.236448928714, 0.0384399853647, 0.00518219685182, 0.000862040673383, 6.92998291925e-05, 5.95500580403e-07, 1.74857583968e-09]}, "erbbands_crest": {"dmean": 2.58015179634, "dmean2": 4.05186414719, "dvar": 5.96148967743, "dvar2": 14.0706958771, "max": 31.4534988403, "mean": 11.890414238, "median": 10.9678554535, "min": 3.05109429359, "var": 22.9173774719}, "erbbands_flatness_db": {"dmean": 0.0188729129732, "dmean2": 0.0263690296561, "dvar": 0.000364513136446, "dvar2": 0.000661408994347, "max": 0.401270359755, "mean": 0.212616637349, "median": 0.207835108042, "min": 0.0489549711347, "var": 0.00320921093225}, "erbbands_kurtosis": {"dmean": 2.18672513962, "dmean2": 3.35465049744, "dvar": 14.2537584305, "dvar2": 30.4895687103, "max": 132.821990967, "mean": 4.54759597778, "median": 2.06669998169, "min": -1.86595547199, "var": 66.7415084839}, "erbbands_skewness": {"dmean": 0.425533264875, "dmean2": 0.644260287285, "dvar": 0.201089426875, "dvar2": 0.449443161488, "max": 7.57703590393, "mean": 1.07258546352, "median": 0.963207244873, "min": -2.55345892906, "var": 1.27289247513}, "erbbands_spread": {"dmean": 5.57112646103, "dmean2": 8.25799751282, "dvar": 74.7065505981, "dvar2": 151.810455322, "max": 155.765136719, "mean": 22.5703125, "median": 18.245508194, "min": 1.10988593102, "var": 316.237426758}, "gfcc": {"cov": [[11148.9736328, -1132.57519531, -2970.09667969, 25.4313716888, -299.661529541, 261.028747559, -16.9261035919, 315.610809326, -23.128698349, -101.745513916, -138.697799683, -122.693283081, 79.4801483154], [-1132.57519531, 1052.44604492, 556.988342285, -384.817687988, 99.8637313843, -72.6497650146, 158.791091919, -51.5914649963, 27.9451694489, -66.4790649414, 60.6634063721, -13.4666814804, -16.2392654419], [-2970.09667969, 556.988342285, 2007.21386719, 95.7619934082, 12.7900381088, -108.120910645, -55.6941986084, -140.028579712, 19.6787986755, 3.8232831955, 42.2529792786, 85.2424697876, -77.4311981201], [25.4313716888, -384.817687988, 95.7619934082, 602.009033203, 95.5626296997, -90.6118927002, -155.693359375, -29.1233062744, 35.6778526306, 65.2051696777, -17.8056583405, 0.567991256714, 27.0202064514], [-299.661529541, 99.8637313843, 12.7900381088, 95.5626296997, 285.729644775, 6.7662935257, -8.86031341553, -18.2361011505, 18.1731719971, 16.9545726776, -42.8854064941, -7.83131933212, 12.0409231186], [261.028747559, -72.6497650146, -108.120910645, -90.6118927002, 6.7662935257, 242.032913208, 113.113555908, 22.2153511047, -47.8011016846, -24.9689121246, 5.63353347778, -19.6998157501, -37.4577140808], [-16.9261035919, 158.791091919, -55.6941986084, -155.693359375, -8.86031341553, 113.113555908, 303.549102783, 30.9929180145, -83.1487884521, -23.1380004883, 25.6899051666, -10.0521430969, -40.923084259], [315.610809326, -51.5914649963, -140.028579712, -29.1233062744, -18.2361011505, 22.2153511047, 30.9929180145, 152.148086548, 52.1215209961, -24.867767334, -37.0074424744, -19.7971572876, 5.38332176208], [-23.128698349, 27.9451694489, 19.6787986755, 35.6778526306, 18.1731719971, -47.8011016846, -83.1487884521, 52.1215209961, 155.981185913, 27.4507751465, -48.6833572388, -21.2510128021, 23.6599025726], [-101.745513916, -66.4790649414, 3.8232831955, 65.2051696777, 16.9545726776, -24.9689121246, -23.1380004883, -24.867767334, 27.4507751465, 124.092514038, 29.7412834167, -4.66723060608, -0.928167045116], [-138.697799683, 60.6634063721, 42.2529792786, -17.8056583405, -42.8854064941, 5.63353347778, 25.6899051666, -37.0074424744, -48.6833572388, 29.7412834167, 158.304229736, 40.3071556091, -27.075920105], [-122.693283081, -13.4666814804, 85.2424697876, 0.567991256714, -7.83131933212, -19.6998157501, -10.0521430969, -19.7971572876, -21.2510128021, -4.66723060608, 40.3071556091, 99.8655776978, 13.8145961761], [79.4801483154, -16.2392654419, -77.4311981201, 27.0202064514, 12.0409231186, -37.4577140808, -40.923084259, 5.38332176208, 23.6599025726, -0.928167045116, -27.075920105, 13.8145961761, 87.6620635986]], "icov": [[0.000169545412064, -0.000116052862722, 0.000279599014902, -0.000172874846612, 0.000279625121038, -0.000198035209905, 0.000157142683747, -0.000148758423165, 0.000116745970445, -4.20694414061e-06, 0.000224820905714, -0.000162397060194, 0.000147976883454], [-0.000116052862722, 0.00392209831625, -0.00126875611022, 0.00281084235758, -0.00275550433435, 0.00266762333922, -0.00252942158841, 0.00184737949166, -0.00297657120973, 0.00297066359781, -0.00346906483173, 0.00300776632503, -0.00164183182642], [0.000279599014902, -0.00126875611022, 0.00138332275674, -0.00113827490713, 0.00119643611833, -0.000792278267909, 0.000809677527286, -6.07980036875e-05, 0.000499838672113, -0.000575230573304, 0.00139152549673, -0.00168699037749, 0.00151768117212], [-0.000172874846612, 0.00281084235758, -0.00113827490713, 0.00423723598942, -0.00274824723601, 0.00230788672343, -0.000797997869086, 0.00103027210571, -0.00149783026427, 0.0010579796508, -0.0024099922739, 0.0023762146011, -0.00140955823008], [0.000279625121038, -0.00275550433435, 0.00119643611833, -0.00274824723601, 0.00619923789054, -0.00247203954495, 0.00139518093783, -0.000461264309706, 0.00154926476534, -0.00236126617528, 0.00382847315632, -0.00245566060767, 0.00103808555286], [-0.000198035209905, 0.00266762333922, -0.000792278267909, 0.00230788672343, -0.00247203954495, 0.0074601592496, -0.00307935709134, 0.000815502775367, -0.0011563221924, 0.0024368215818, -0.00238009914756, 0.0026705279015, 0.000484101445181], [0.000157142683747, -0.00252942158841, 0.000809677527286, -0.000797997869086, 0.00139518093783, -0.00307935709134, 0.00707230437547, -0.00328596611507, 0.00494780158624, -0.00261126714759, 0.0020648392383, -0.00143010332249, 0.00184608018026], [-0.000148758423165, 0.00184737949166, -6.07980036875e-05, 0.00103027210571, -0.000461264309706, 0.000815502775367, -0.00328596611507, 0.0109232030809, -0.00637342873961, 0.00378786935471, -0.000838485255372, 0.00128464447334, -0.000388259126339], [0.000116745970445, -0.00297657120973, 0.000499838672113, -0.00149783026427, 0.00154926476534, -0.0011563221924, 0.00494780158624, -0.00637342873961, 0.0138229643926, -0.00571942981333, 0.00462117372081, -0.000738071568776, -7.52509731683e-06], [-4.20694414061e-06, 0.00297066359781, -0.000575230573304, 0.0010579796508, -0.00236126617528, 0.0024368215818, -0.00261126714759, 0.00378786935471, -0.00571942981333, 0.0128946984187, -0.00548821594566, 0.00339131429791, -0.000915484211873], [0.000224820905714, -0.00346906483173, 0.00139152549673, -0.0024099922739, 0.00382847315632, -0.00238009914756, 0.0020648392383, -0.000838485255372, 0.00462117372081, -0.00548821594566, 0.0125996721908, -0.00643255375326, 0.00419799005613], [-0.000162397060194, 0.00300776632503, -0.00168699037749, 0.0023762146011, -0.00245566060767, 0.0026705279015, -0.00143010332249, 0.00128464447334, -0.000738071568776, 0.00339131429791, -0.00643255375326, 0.0153748719022, -0.00496080471203], [0.000147976883454, -0.00164183182642, 0.00151768117212, -0.00140955823008, 0.00103808555286, 0.000484101445181, 0.00184608018026, -0.000388259126339, -7.52509731683e-06, -0.000915484211873, 0.00419799005613, -0.00496080471203, 0.0157647971064]], "mean": [-87.5962677002, 135.968887329, -81.6500701904, 15.8451137543, -52.8184242249, 2.24537873268, -38.4879379272, 5.76799058914, -26.2564067841, 0.592077851295, -9.97467041016, -3.07628035545, -11.8765392303]}, "hfc": {"dmean": 2.73771739006, "dmean2": 3.97426700592, "dvar": 20.9165229797, "dvar2": 42.9117622375, "max": 120.284156799, "mean": 11.9718332291, "median": 5.56247711182, "min": 1.10282134633e-16, "var": 251.080871582}, "melbands": {"dmean": [0.000230878707953, 0.000758736161515, 0.000570026226342, 0.000354750314727, 0.000227856056881, 0.000208209865377, 0.000175410750671, 0.000136224320158, 0.000110940913146, 9.34088093345e-05, 8.46039183671e-05, 6.4093284891e-05, 5.00498899783e-05, 4.02462828788e-05, 3.51760645572e-05, 2.46931813308e-05, 1.67532671185e-05, 1.96283308469e-05, 1.3037329154e-05, 1.29622285385e-05, 3.50617142431e-06, 3.63867457054e-06, 3.04478771795e-06, 2.21372374654e-06, 2.02692240237e-06, 2.05963715416e-06, 1.67995301581e-06, 1.08012795863e-06, 5.96877441694e-07, 3.93369134599e-07, 1.69308250975e-07, 1.57687352953e-07, 1.33350610554e-07, 1.16040709486e-07, 1.28351629769e-07, 9.2781547778e-08, 8.09199676155e-08, 8.23091355073e-08, 9.08289763402e-08, 8.3628037828e-08], "dmean2": [0.000373094138922, 0.00127644557506, 0.00097885215655, 0.000576017017011, 0.000364738400094, 0.000321661384078, 0.000274769990938, 0.000202712268219, 0.000164377284818, 0.000135814989335, 0.000124874335597, 8.98342259461e-05, 7.35811336199e-05, 5.87268623349e-05, 5.16858090123e-05, 3.72484719264e-05, 2.37557251239e-05, 2.88381979772e-05, 1.87118366739e-05, 1.92870120372e-05, 5.08527773491e-06, 5.39390566701e-06, 4.54103792435e-06, 3.40673705068e-06, 3.07417940348e-06, 3.1828678857e-06, 2.5005056159e-06, 1.59669377808e-06, 9.02557019344e-07, 5.94754908434e-07, 2.58832216105e-07, 2.39387389911e-07, 2.00682109153e-07, 1.80530392413e-07, 1.98238723215e-07, 1.44537693814e-07, 1.24185191908e-07, 1.27059635702e-07, 1.37422134117e-07, 1.27742268319e-07], "dvar": [1.73521101487e-07, 3.50752156919e-06, 1.90949776879e-06, 4.12341364608e-07, 1.63114890483e-07, 2.32182856053e-07, 2.21429203862e-07, 1.39063303095e-07, 1.04546643342e-07, 9.43296285527e-08, 8.57756177197e-08, 4.57584086178e-08, 3.77195021883e-08, 2.76113247821e-08, 1.81154682366e-08, 1.66326490358e-08, 6.32864383121e-09, 5.47121459249e-09, 2.55743604072e-09, 3.55188145562e-09, 2.49039705524e-10, 2.49307741118e-10, 9.56046977696e-11, 5.42874425968e-11, 7.16142423141e-11, 6.62499916038e-11, 3.13686368547e-11, 1.40548137365e-11, 3.84922475838e-12, 2.42064202884e-12, 2.3658210265e-13, 3.16583104133e-13, 2.65131531096e-13, 1.96587415942e-13, 1.61663664768e-13, 1.27264735209e-13, 6.43890255242e-14, 8.56537199024e-14, 9.66497186645e-14, 7.96755036622e-14], "dvar2": [4.57527590925e-07, 9.60490433499e-06, 5.21581841895e-06, 1.09352117761e-06, 4.39925656792e-07, 5.26718054061e-07, 6.074153589e-07, 3.20997173731e-07, 2.27581168133e-07, 2.03161050649e-07, 1.94890787952e-07, 8.95565221981e-08, 8.76498944535e-08, 6.73162929843e-08, 3.89666929834e-08, 4.15825347488e-08, 1.34820368203e-08, 1.23340306857e-08, 5.40312727892e-09, 8.07454370033e-09, 4.73756978092e-10, 4.07296169014e-10, 2.14162243495e-10, 1.30102512097e-10, 1.41710754242e-10, 1.42637762712e-10, 6.83910011956e-11, 2.98540706045e-11, 8.83243131411e-12, 5.29303293903e-12, 5.15311751603e-13, 7.64051202948e-13, 5.95945385054e-13, 4.72871199662e-13, 3.85535380747e-13, 3.16623870135e-13, 1.41695249284e-13, 1.90062714373e-13, 2.05854335856e-13, 1.65405531069e-13], "max": [0.00659594126046, 0.0288533270359, 0.0305209010839, 0.0113346679136, 0.00964938849211, 0.0181886740029, 0.0170844402164, 0.00927063450217, 0.00921251252294, 0.0111482953653, 0.0103762159124, 0.00776311801746, 0.00705428235233, 0.00634100893512, 0.00470569124445, 0.00386982830241, 0.00290115526877, 0.00243106205016, 0.00154980679508, 0.0024590108078, 0.000851033604704, 0.00128381967079, 0.000353405164788, 0.00023117204546, 0.000542034336831, 0.000457177549833, 0.000218955901801, 0.000250532262726, 6.53769966448e-05, 5.7256569562e-05, 1.91908111447e-05, 2.35375082411e-05, 2.0186900656e-05, 2.41155703407e-05, 1.44621835716e-05, 1.83797874342e-05, 8.54497193359e-06, 8.67820290296e-06, 1.00808174466e-05, 1.00766410469e-05], "mean": [0.000498587614857, 0.00128842086997, 0.000859157298692, 0.000710650638212, 0.000477847148431, 0.000458458001958, 0.000380285608117, 0.000312361196848, 0.00025447490043, 0.00020548797329, 0.00020350527484, 0.000148354825797, 0.000113000052806, 7.6365948189e-05, 7.78577377787e-05, 4.44589895778e-05, 3.10931791319e-05, 3.78179247491e-05, 2.46921317739e-05, 2.76741666312e-05, 7.0200094342e-06, 7.37628988645e-06, 5.95481242271e-06, 4.2883802962e-06, 4.07082552556e-06, 4.03111107516e-06, 3.42855355484e-06, 2.3987502118e-06, 1.27708585751e-06, 7.39661970783e-07, 3.21219800981e-07, 2.77211910316e-07, 2.485473658e-07, 2.16241787143e-07, 2.15940602288e-07, 1.57209740337e-07, 1.44117919376e-07, 1.42977427231e-07, 1.3233118068e-07, 1.19971346635e-07], "median": [0.000315440353006, 0.000613647629507, 0.000450562540209, 0.000400353630539, 0.000245928764343, 0.000173408043338, 0.000142676552059, 6.5966785769e-05, 3.35805016221e-05, 1.83036754606e-05, 1.3052700524e-05, 6.71916950523e-06, 5.92810602029e-06, 5.40221299161e-06, 4.2145493353e-06, 1.88769945453e-06, 1.42914132084e-06, 1.70613623141e-06, 1.06881748252e-06, 9.52477591909e-07, 6.17238015366e-07, 8.14840973362e-07, 5.96455947743e-07, 4.52229187431e-07, 5.21688946264e-07, 3.73368465034e-07, 2.7634325761e-07, 1.83748014138e-07, 1.10995401315e-07, 7.11278644872e-08, 5.75477372422e-08, 4.73934171907e-08, 3.49260460553e-08, 4.17488905669e-08, 4.42697043468e-08, 3.48886999291e-08, 2.81329377572e-08, 2.88690724659e-08, 2.61604604646e-08, 2.18299902599e-08], "min": [1.46149530452e-23, 2.9068327261e-24, 1.22875924937e-23, 1.52357029583e-23, 7.34804527235e-24, 3.64327086594e-24, 2.07304422017e-24, 4.54544177943e-24, 1.10418059972e-23, 5.7518948823e-24, 2.63955047976e-24, 6.0521168046e-24, 6.17672724534e-24, 8.324173079e-24, 1.24170777004e-23, 1.61029277281e-23, 1.13605712784e-23, 7.43109339301e-24, 1.72071215807e-23, 1.40469116622e-23, 6.29034964253e-24, 6.63768154923e-24, 1.1706914348e-23, 7.73492238179e-24, 1.37791091621e-23, 1.0680947887e-23, 1.29499161654e-23, 1.81294293521e-23, 1.04870734867e-23, 1.05300577285e-23, 1.4361873845e-23, 1.04382911171e-23, 1.22204249319e-23, 1.05293611643e-23, 9.16987141244e-24, 1.18641966464e-23, 1.11143165139e-23, 1.06842303373e-23, 7.49755571313e-24, 6.95250252586e-24], "var": [3.17992856935e-07, 3.92272158933e-06, 1.99486339625e-06, 8.6421840706e-07, 4.86485760121e-07, 8.87723047072e-07, 6.02163538588e-07, 5.49782669168e-07, 3.91181032455e-07, 3.36455229899e-07, 3.47035353343e-07, 2.26214083909e-07, 1.40476615229e-07, 6.90316426244e-08, 6.59600232211e-08, 4.96984462472e-08, 1.39792941667e-08, 1.47075489565e-08, 7.9894695304e-09, 1.41086076155e-08, 7.09886094352e-10, 8.06242628215e-10, 2.52959514446e-10, 1.52534401776e-10, 2.70131333968e-10, 2.14302145474e-10, 1.08785480624e-10, 8.62630522569e-11, 1.43334233371e-11, 7.188069584e-12, 6.56886708656e-13, 5.89843115757e-13, 5.93935762117e-13, 3.35086342354e-13, 2.88774673661e-13, 1.82467376712e-13, 1.49074722293e-13, 1.92737956129e-13, 1.92465347045e-13, 1.65663313688e-13]}, "melbands_crest": {"dmean": 2.74903845787, "dmean2": 4.44426870346, "dvar": 7.04205226898, "dvar2": 18.5370521545, "max": 31.0376396179, "mean": 13.3370361328, "median": 12.7446908951, "min": 1.83605027199, "var": 21.4245223999}, "melbands_flatness_db": {"dmean": 0.0252336021513, "dmean2": 0.036439858377, "dvar": 0.000781151698902, "dvar2": 0.00158963399008, "max": 0.60459792614, "mean": 0.313910961151, "median": 0.296779721975, "min": 0.00781989656389, "var": 0.00999031681567}, "melbands_kurtosis": {"dmean": 6.67798852921, "dmean2": 10.4724006653, "dvar": 194.261016846, "dvar2": 482.853851318, "max": 331.066650391, "mean": 13.2169294357, "median": 6.81679439545, "min": -1.67480778694, "var": 381.434539795}, "melbands_skewness": {"dmean": 0.621444642544, "dmean2": 0.933474898338, "dvar": 0.608846724033, "dvar2": 1.3595417738, "max": 11.6512908936, "mean": 2.02381205559, "median": 1.76259934902, "min": -1.49729955196, "var": 2.66065001488}, "melbands_spread": {"dmean": 2.7658367157, "dmean2": 4.2164978981, "dvar": 19.1735095978, "dvar2": 44.0618438721, "max": 124.194595337, "mean": 11.6473178864, "median": 8.2350063324, "min": 0.510306596756, "var": 100.054664612}, "mfcc": {"cov": [[11984.7539063, -1289.04321289, -2993.0769043, -526.481018066, -495.005157471, -249.134674072, -38.3009338379, 164.778106689, 109.729362488, 348.945831299, -91.8173904419, -253.347351074, -87.4681930542], [-1289.04321289, 1509.90515137, 441.185821533, -198.837905884, -76.1103897095, -45.3691673279, 77.6791381836, 57.1359443665, 7.29319572449, -52.5578460693, 16.7159519196, 56.4845275879, 10.3229894638], [-2993.0769043, 441.185821533, 1514.19567871, 233.671417236, 136.567626953, 48.0716133118, -25.0080451965, -38.2988319397, -56.7227058411, -145.657928467, 9.8529214859, 143.8515625, 57.6529273987], [-526.481018066, -198.837905884, 233.671417236, 531.225891113, 212.169692993, 32.9114646912, -85.9088363647, -107.086280823, -0.190730720758, -34.3312911987, -51.5817298889, 55.7206611633, 37.731502533], [-495.005157471, -76.1103897095, 136.567626953, 212.169692993, 364.510681152, 40.4058837891, -131.171127319, -73.5025482178, 22.8940448761, -15.8212394714, -16.2519168854, 14.7170991898, -0.726765632629], [-249.134674072, -45.3691673279, 48.0716133118, 32.9114646912, 40.4058837891, 196.706344604, 81.8911209106, -17.7396125793, -19.4346008301, -4.59296131134, 20.8464164734, -12.7313327789, -8.64183330536], [-38.3009338379, 77.6791381836, -25.0080451965, -85.9088363647, -131.171127319, 81.8911209106, 278.37612915, 80.1171112061, -64.3514022827, -8.55304431915, 37.3628921509, -17.5792865753, -4.48796701431], [164.778106689, 57.1359443665, -38.2988319397, -107.086280823, -73.5025482178, -17.7396125793, 80.1171112061, 187.33039856, 33.7730865479, -1.87353301048, 21.6212463379, -29.5466651917, -16.9149341583], [109.729362488, 7.29319572449, -56.7227058411, -0.190730720758, 22.8940448761, -19.4346008301, -64.3514022827, 33.7730865479, 192.254974365, 58.6708984375, -25.860042572, -17.6391925812, -19.378616333], [348.945831299, -52.5578460693, -145.657928467, -34.3312911987, -15.8212394714, -4.59296131134, -8.55304431915, -1.87353301048, 58.6708984375, 161.534881592, 27.1547660828, -34.1091957092, -28.588142395], [-91.8173904419, 16.7159519196, 9.8529214859, -51.5817298889, -16.2519168854, 20.8464164734, 37.3628921509, 21.6212463379, -25.860042572, 27.1547660828, 116.382095337, 11.9980783463, -13.1230783463], [-253.347351074, 56.4845275879, 143.8515625, 55.7206611633, 14.7170991898, -12.7313327789, -17.5792865753, -29.5466651917, -17.6391925812, -34.1091957092, 11.9980783463, 123.632911682, 36.8796539307], [-87.4681930542, 10.3229894638, 57.6529273987, 37.731502533, -0.726765632629, -8.64183330536, -4.48796701431, -16.9149341583, -19.378616333, -28.588142395, -13.1230783463, 36.8796539307, 101.895835876]], "icov": [[0.000184956967132, 6.9239489676e-05, 0.00032575923251, 1.44709438246e-05, 0.000141062613693, 5.10824902449e-05, 0.000126693819766, -0.000164675686392, 0.000109020606033, -0.000157214264618, 0.000186410485185, -0.000113155896543, -1.27500015878e-05], [6.9239489676e-05, 0.000871416763403, -0.000177732828888, 0.000473003397929, -4.55650151707e-05, 0.000347500958014, -0.000327772053424, 4.13438538089e-05, -0.000223919152631, 5.97821708652e-05, 0.000151717860717, -0.000293740013149, 1.8179325707e-05], [0.00032575923251, -0.000177732828888, 0.00151523959357, -0.000373174349079, 0.000154284964083, -0.000202581300982, 0.000390287139453, -0.000458419177448, 0.000296827085549, 0.00024223489163, 9.3459020718e-05, -0.000820467073936, -6.30858849036e-05], [1.44709438246e-05, 0.000473003397929, -0.000373174349079, 0.00316491536796, -0.00145401945338, 1.65273959283e-05, -0.000400964432629, 0.000902587140445, -0.000200116017368, -7.9849625763e-05, 0.00114288355689, -0.000865542155225, -0.000473104475532], [0.000141062613693, -4.55650151707e-05, 0.000154284964083, -0.00145401945338, 0.00469423271716, -0.00148315366823, 0.00235877116211, -6.41842343612e-05, -4.74101216241e-06, 0.000285828631604, -0.000417234899942, 0.000373208138626, 0.000468236161396], [5.10824902449e-05, 0.000347500958014, -0.000202581300982, 1.65273959283e-05, -0.00148315366823, 0.0073244846426, -0.00345775601454, 0.00190039235167, -0.000852040015161, 0.000516069063451, -0.00113315915223, 0.00109994830564, 0.000329633505316], [0.000126693819766, -0.000327772053424, 0.000390287139453, -0.000400964432629, 0.00235877116211, -0.00345775601454, 0.00722259283066, -0.00308805890381, 0.00251009594649, -0.000521082081832, -0.00019962323131, 5.65176596865e-05, -0.000116316587082], [-0.000164675686392, 4.13438538089e-05, -0.000458419177448, 0.000902587140445, -6.41842343612e-05, 0.00190039235167, -0.00308805890381, 0.00846015941352, -0.00302989664488, 0.00197763880715, -0.00190916133579, 0.00176466000266, 0.000302764237858], [0.000109020606033, -0.000223919152631, 0.000296827085549, -0.000200116017368, -4.74101216241e-06, -0.000852040015161, 0.00251009594649, -0.00302989664488, 0.00789567176253, -0.00332404696383, 0.00258594215848, -0.000630596594419, 0.000687994179316], [-0.000157214264618, 5.97821708652e-05, 0.00024223489163, -7.9849625763e-05, 0.000285828631604, 0.000516069063451, -0.000521082081832, 0.00197763880715, -0.00332404696383, 0.0091361515224, -0.00340973446146, 0.00193252251484, 0.000895155884791], [0.000186410485185, 0.000151717860717, 9.3459020718e-05, 0.00114288355689, -0.000417234899942, -0.00113315915223, -0.00019962323131, -0.00190916133579, 0.00258594215848, -0.00340973446146, 0.0116071226075, -0.00296254665591, 0.00134603865445], [-0.000113155896543, -0.000293740013149, -0.000820467073936, -0.000865542155225, 0.000373208138626, 0.00109994830564, 5.65176596865e-05, 0.00176466000266, -0.000630596594419, 0.00193252251484, -0.00296254665591, 0.0114591391757, -0.00299801118672], [-1.27500015878e-05, 1.8179325707e-05, -6.30858849036e-05, -0.000473104475532, 0.000468236161396, 0.000329633505316, -0.000116316587082, 0.000302764237858, 0.000687994179316, 0.000895155884791, 0.00134603865445, -0.00299801118672, 0.0117289023474]], "mean": [-746.458129883, 172.269897461, 25.9055118561, 22.5630512238, 7.81022167206, -3.07569050789, 2.65423202515, -1.73799550533, -6.96174716949, -0.353422313929, -2.66245865822, -0.979000866413, 0.708801746368]}, "pitch_salience": {"dmean": 0.0615946725011, "dmean2": 0.0993134751916, "dvar": 0.00333637511358, "dvar2": 0.00883632432669, "max": 0.843447506428, "mean": 0.570178329945, "median": 0.57775592804, "min": 0.165966168046, "var": 0.0107188653201}, "silence_rate_20dB": {"dmean": 0, "dmean2": 0, "dvar": 0, "dvar2": 0, "max": 1, "mean": 1, "median": 1, "min": 1, "var": 0}, "silence_rate_30dB": {"dmean": 0.00298199336976, "dmean2": 0.00596467079595, "dvar": 0.00297312787734, "dvar2": 0.0073053939268, "max": 1, "mean": 0.995298147202, "median": 1, "min": 0, "var": 0.00467984192073}, "silence_rate_60dB": {"dmean": 0.0247734840959, "dmean2": 0.0495526492596, "dvar": 0.024156877771, "dvar2": 0.0564929395914, "max": 1, "mean": 0.0872706398368, "median": 0, "min": 0, "var": 0.0796629115939}, "spectral_centroid": {"dmean": 115.583435059, "dmean2": 176.950485229, "dvar": 36899.5351563, "dvar2": 71419.546875, "max": 10848.1767578, "mean": 677.921875, "median": 549.931091309, "min": 155.344955444, "var": 192444}, "spectral_complexity": {"dmean": 1.48595023155, "dmean2": 2.32323932648, "dvar": 2.83548331261, "dvar2": 5.9906334877, "max": 38, "mean": 10.2292432785, "median": 9, "min": 0, "var": 38.3612594604}, "spectral_contrast_coeffs": {"dmean": [0.0446451343596, 0.0423139743507, 0.0385763272643, 0.0313183031976, 0.0229353550822, 0.0151315433905], "dmean2": [0.0732082873583, 0.0677899345756, 0.0597235374153, 0.0474492907524, 0.0346418172121, 0.023433547467], "dvar": [0.00146405142732, 0.0014219309669, 0.00119424052536, 0.000774857995566, 0.000415653397795, 0.000190141203348], "dvar2": [0.00393210910261, 0.00350456545129, 0.00257969321683, 0.00156395614613, 0.000858436629642, 0.00042879965622], "max": [-0.313053816557, -0.265248477459, -0.381667643785, -0.463807195425, -0.562839865685, -0.625028133392], "mean": [-0.636303126812, -0.668122529984, -0.718616485596, -0.740708887577, -0.781196832657, -0.81419557333], "median": [-0.64094132185, -0.672762989998, -0.7311886549, -0.753060758114, -0.785431861877, -0.817871570587], "min": [-0.954828858376, -0.956505596638, -0.958532333374, -0.961484670639, -0.952830791473, -0.957085609436], "var": [0.00561624858528, 0.00869176164269, 0.00959161575884, 0.00709675485268, 0.00419970415533, 0.00179137510713]}, "spectral_contrast_valleys": {"dmean": [0.366113871336, 0.344249486923, 0.383419603109, 0.317910969257, 0.296614319086, 0.275316029787], "dmean2": [0.592035770416, 0.550777614117, 0.595466971397, 0.471124976873, 0.408288180828, 0.368920534849], "dvar": [0.140834659338, 0.12098171562, 0.161390930414, 0.110015697777, 0.115037471056, 0.106688931584], "dvar2": [0.301475197077, 0.261058032513, 0.346132516861, 0.199058741331, 0.184358328581, 0.163824051619], "max": [-5.33488273621, -4.70635414124, -5.18007659912, -6.13798856735, -6.3915719986, -8.23221969604], "mean": [-7.28752374649, -7.24629449844, -8.56294727325, -9.18084907532, -9.23233985901, -11.4505796432], "median": [-7.13186168671, -7.12167835236, -8.51261711121, -9.06213188171, -9.06806373596, -11.3081855774], "min": [-27.4120006561, -27.3582439423, -27.1897506714, -27.2194900513, -27.3679790497, -27.2551021576], "var": [0.82393425703, 1.17573797703, 1.54020309448, 1.55192542076, 1.52724826336, 1.18764793873]}, "spectral_decrease": {"dmean": 1.57828472513e-09, "dmean2": 2.53196219546e-09, "dvar": 6.50386473051e-18, "dvar2": 1.71070843756e-17, "max": -7.78393415788e-29, "mean": -5.47399814366e-09, "median": -4.07825506699e-09, "min": -4.5529375825e-08, "var": 2.52032635135e-17}, "spectral_energy": {"dmean": 0.00616236496717, "dmean2": 0.00985865015537, "dvar": 9.73408677964e-05, "dvar2": 0.000254400423728, "max": 0.175071492791, "mean": 0.0217460375279, "median": 0.0160201117396, "min": 1.02966990286e-20, "var": 0.000406182400184}, "spectral_energyband_high": {"dmean": 4.707403059e-05, "dmean2": 6.71561138006e-05, "dvar": 1.63351092652e-08, "dvar2": 3.41418626704e-08, "max": 0.00523733207956, "mean": 0.000117210045573, "median": 2.7029616831e-05, "min": 7.47990508922e-21, "var": 7.65886909448e-08}, "spectral_energyband_low": {"dmean": 0.00308072171174, "dmean2": 0.00519011355937, "dvar": 5.29483331775e-05, "dvar2": 0.00014555855887, "max": 0.109975174069, "mean": 0.0057882857509, "median": 0.00327321584336, "min": 6.83917918584e-23, "var": 5.99548147875e-05}, "spectral_energyband_middle_high": {"dmean": 0.00125509127975, "dmean2": 0.00176368816756, "dvar": 9.72011184786e-06, "dvar2": 2.06273016374e-05, "max": 0.0890157148242, "mean": 0.00461168168113, "median": 0.000632376351859, "min": 1.61478963969e-21, "var": 8.93753312994e-05}, "spectral_energyband_middle_low": {"dmean": 0.00394241930917, "dmean2": 0.00629691546783, "dvar": 3.6366382119e-05, "dvar2": 9.3733848189e-05, "max": 0.111126929522, "mean": 0.0121138347313, "median": 0.00846578367054, "min": 2.13955561533e-22, "var": 0.000142883058288}, "spectral_entropy": {"dmean": 0.205221146345, "dmean2": 0.291985958815, "dvar": 0.0538179948926, "dvar2": 0.0974183231592, "max": 9.78931045532, "mean": 6.52928543091, "median": 6.64909744263, "min": 4.54691553116, "var": 0.473612934351}, "spectral_flux": {"dmean": 0.0204673502594, "dmean2": 0.0324341058731, "dvar": 0.000614296004642, "dvar2": 0.00135487806983, "max": 0.313226133585, "mean": 0.0628721639514, "median": 0.0519065856934, "min": 1.01472649727e-10, "var": 0.00207918789238}, "spectral_kurtosis": {"dmean": 4.78187990189, "dmean2": 7.44505357742, "dvar": 49.6394538879, "dvar2": 111.364028931, "max": 180.590454102, "mean": 16.5928020477, "median": 9.93321323395, "min": -1.16260409355, "var": 390.507904053}, "spectral_rms": {"dmean": 0.000606573361438, "dmean2": 0.000946571875829, "dvar": 6.13105896718e-07, "dvar2": 1.54446479428e-06, "max": 0.0130691034719, "mean": 0.00414360733703, "median": 0.00395340099931, "min": 3.16947314748e-12, "var": 4.04608772442e-06}, "spectral_rolloff": {"dmean": 146.847412109, "dmean2": 248.70300293, "dvar": 181849.25, "dvar2": 407575.3125, "max": 18453.9550781, "mean": 708.506591797, "median": 495.263671875, "min": 43.06640625, "var": 433112.28125}, "spectral_skewness": {"dmean": 0.41824349761, "dmean2": 0.627164363861, "dvar": 0.237365394831, "dvar2": 0.491266727448, "max": 10.9429168701, "mean": 2.99299263954, "median": 2.53375959396, "min": 0.00176431238651, "var": 2.39858675003}, "spectral_spread": {"dmean": 517298.46