{"lowlevel": {"average_loudness": 0.377034902573, "barkbands": {"dmean": [0.000277645682218, 0.00338473590091, 0.00177362980321, 0.00204289122485, 0.00365996360779, 0.000916412565857, 0.000443385564722, 0.000247949268669, 0.000151999352966, 9.27506698645e-05, 4.86210010422e-05, 7.31169857318e-05, 6.25964748906e-05, 4.0300328692e-05, 3.59395598934e-05, 4.85812925035e-05, 8.6027168436e-05, 3.89472115785e-05, 2.35992520174e-05, 1.87647801795e-05, 2.16593307414e-05, 2.39113014686e-05, 3.63524632121e-05, 7.15775095159e-05, 7.04187186784e-05, 2.73534969892e-05, 1.18473375554e-09], "dmean2": [0.000458109163446, 0.00539416912943, 0.00293604563922, 0.00354372849688, 0.00626325560734, 0.00158595805988, 0.000655469484627, 0.000359944649972, 0.000200417896849, 0.000127641163999, 6.96146307746e-05, 0.000106691404653, 8.81542437128e-05, 5.76583333896e-05, 5.42226189282e-05, 7.23374978406e-05, 0.000122106459457, 5.32922313141e-05, 3.6062210711e-05, 3.0561688618e-05, 3.56999771611e-05, 3.98571464757e-05, 6.14845193923e-05, 0.000119942495076, 0.00011568806076, 4.76572968182e-05, 2.20930318484e-09], "dvar": [1.09490122213e-06, 8.05914896773e-05, 2.59615299001e-05, 1.88973099284e-05, 7.20008320059e-05, 2.39003134084e-06, 4.11229848396e-06, 1.53540065639e-06, 4.30128579865e-07, 1.79923830501e-07, 5.22770946532e-08, 1.42172481787e-07, 8.98094469903e-08, 5.28861292537e-08, 2.63114401378e-08, 4.11627354424e-08, 1.4644700741e-07, 4.12368130753e-08, 1.09034701268e-08, 5.69584601706e-09, 7.64427277034e-09, 1.42493910005e-08, 4.78396238179e-08, 1.26252672317e-07, 1.85961397392e-07, 2.18423146237e-08, 3.80023027506e-18], "dvar2": [3.04806826534e-06, 0.000213295657886, 7.12060136721e-05, 5.32916164957e-05, 0.000216351560084, 6.94676100466e-06, 8.27504754852e-06, 3.07527557197e-06, 5.77497701215e-07, 2.90060938823e-07, 9.41593043535e-08, 2.81060039242e-07, 1.44201422358e-07, 8.44365715125e-08, 5.73797933612e-08, 8.93936302759e-08, 2.52007936297e-07, 6.15438295881e-08, 2.37656188062e-08, 1.38121194482e-08, 1.95834548578e-08, 3.7408174336e-08, 1.30846402158e-07, 2.98894804018e-07, 3.70201519218e-07, 5.84155870342e-08, 1.24303739371e-17], "max": [0.0516930669546, 0.143520146608, 0.080430932343, 0.0802031382918, 0.199345558882, 0.0296475924551, 0.0941853374243, 0.0769384354353, 0.0551021285355, 0.0274169892073, 0.0100662121549, 0.0146193588153, 0.0227529034019, 0.0197877194732, 0.00605314504355, 0.00872714910656, 0.0201981384307, 0.0123862139881, 0.0063390028663, 0.00302705122158, 0.0032095904462, 0.00753854680806, 0.0103918276727, 0.0135068586096, 0.0214222483337, 0.0049682664685, 2.32260060073e-08], "mean": [0.000308393355226, 0.00748907541856, 0.00251306057908, 0.00304664322175, 0.00712431967258, 0.00189504399896, 0.000985590275377, 0.000698917836417, 0.000399970653234, 0.000208365861909, 0.000111424764327, 0.000158870840096, 0.000138471936225, 8.17836917122e-05, 7.50240142224e-05, 0.000116542345495, 0.000285918096779, 0.000105516395706, 5.4231742979e-05, 3.08218332066e-05, 3.33680800395e-05, 3.55130978278e-05, 3.70439993276e-05, 7.83184659667e-05, 8.34523016238e-05, 2.46131112362e-05, 9.92805615496e-10], "median": [6.84431142872e-05, 0.00279688718729, 0.000979798613116, 0.000987012172118, 0.00217609689571, 0.000869473209605, 0.000118536147056, 5.4546224419e-05, 2.91516407742e-05, 2.14023093577e-05, 9.46487398323e-06, 1.02068952401e-05, 1.29882409965e-05, 5.29988392373e-06, 5.18253682458e-06, 5.14566727361e-06, 4.6840837058e-06, 2.43385602516e-06, 1.58179022947e-06, 1.77405263457e-06, 2.01012812795e-06, 1.7125322529e-06, 2.15990894503e-06, 3.23003769154e-06, 2.69685915555e-06, 6.77381422065e-07, 3.21057819219e-10], "min": [2.39590569606e-11, 9.24047283135e-10, 1.58481644474e-10, 5.41617792282e-11, 5.84728012537e-12, 4.59648187567e-11, 2.52227596448e-11, 1.0451870272e-11, 1.89611729096e-11, 3.45689167396e-12, 1.89075903372e-12, 6.75617894963e-12, 1.98372915317e-11, 4.36278747504e-12, 5.43714248971e-12, 7.37534512629e-12, 8.44225557517e-12, 4.58257477104e-12, 6.20127820622e-12, 2.91461819957e-12, 4.21314502383e-12, 5.83782891819e-12, 5.05588149471e-12, 2.69546060819e-12, 3.55511388557e-12, 1.02077873064e-12, 2.82499718063e-13], "var": [1.04940761503e-06, 0.000122920799186, 2.50888733717e-05, 2.69469583145e-05, 0.000154956142069, 7.55083237891e-06, 1.19594042189e-05, 1.58302791533e-05, 3.00875649373e-06, 6.48054481189e-07, 2.51361626624e-07, 5.88928458001e-07, 5.42246880286e-07, 2.84885430801e-07, 1.09380025037e-07, 1.89752569213e-07, 1.52641302975e-06, 3.01174395645e-07, 4.5602025267e-08, 1.64766653654e-08, 1.42494487321e-08, 2.04226999756e-08, 3.78688618241e-08, 1.45997475443e-07, 2.63225615527e-07, 1.73629750577e-08, 3.10527158829e-18]}, "barkbands_crest": {"dmean": 2.52467012405, "dmean2": 4.22535324097, "dvar": 5.63045454025, "dvar2": 14.8782930374, "max": 26.5767250061, "mean": 13.7721643448, "median": 13.0975408554, "min": 3.58421325684, "var": 21.0818042755}, "barkbands_flatness_db": {"dmean": 0.0296169891953, "dmean2": 0.0449652262032, "dvar": 0.00121682684403, "dvar2": 0.00253734830767, "max": 0.597735226154, "mean": 0.274489402771, "median": 0.266928553581, "min": 0.0677427202463, "var": 0.00733161484823}, "barkbands_kurtosis": {"dmean": 11.5949859619, "dmean2": 19.0881996155, "dvar": 518.959594727, "dvar2": 1405.89123535, "max": 534.148864746, "mean": 21.2571849823, "median": 12.4881954193, "min": -1.93177723885, "var": 916.875549316}, "barkbands_skewness": {"dmean": 0.916437923908, "dmean2": 1.46141552925, "dvar": 1.18621742725, "dvar2": 2.95501899719, "max": 20.3756389618, "mean": 2.8821644783, "median": 2.57594823837, "min": -4.14734506607, "var": 3.81134200096}, "barkbands_spread": {"dmean": 3.42701530457, "dmean2": 5.66159725189, "dvar": 62.1523246765, "dvar2": 152.085250854, "max": 115.753684998, "mean": 8.15396308899, "median": 4.32553482056, "min": 0.200769796968, "var": 119.668197632}, "dissonance": {"dmean": 0.0351196117699, "dmean2": 0.0595710873604, "dvar": 0.00124232389499, "dvar2": 0.00367918913253, "max": 0.500000059605, "mean": 0.40802615881, "median": 0.420032888651, "min": 0.128509789705, "var": 0.00358712906018}, "dynamic_complexity": 5.57456684113, "erbbands": {"dmean": [0.0734165087342, 0.863530933857, 2.19705200195, 3.83390808105, 12.663895607, 11.9820966721, 3.98661136627, 10.5146121979, 6.97658872604, 5.52682733536, 4.68893432617, 3.33180594444, 2.88592076302, 1.97477006912, 2.17172002792, 2.62747526169, 2.67994713783, 1.81823003292, 1.803165555, 1.75630235672, 3.11430001259, 4.40302371979, 2.35222864151, 1.1058434248, 1.24118733406, 0.757984519005, 0.824067234993, 0.899417817593, 0.923076450825, 0.792974531651, 1.14327442646, 1.2703410387, 1.30198001862, 0.913754284382, 0.434036970139, 0.16375413537, 0.0433132685721, 0.00359365995973, 7.280727732e-05, 1.39472667797e-05], "dmean2": [0.114327222109, 1.3910651207, 3.61615967751, 6.65549993515, 21.7774009705, 20.2756443024, 6.32456254959, 18.5016708374, 10.8100366592, 8.30137825012, 6.47188949585, 4.31804275513, 4.02870035172, 2.81773924828, 3.02376627922, 3.79195713997, 3.81652998924, 2.5630800724, 2.58571767807, 2.61585688591, 4.43826007843, 6.15822982788, 3.16875958443, 1.58297502995, 1.9343072176, 1.22368037701, 1.362175107, 1.47755765915, 1.53399372101, 1.33168745041, 1.93618297577, 2.14339327812, 2.18403458595, 1.50327575207, 0.705971002579, 0.278924942017, 0.0764947757125, 0.00648268358782, 0.000128715371829, 2.32124821196e-05], "dvar": [0.0386003479362, 5.40761756897, 42.0456314087, 63.9202537537, 750.416503906, 1021.50134277, 79.2663116455, 335.646575928, 634.839416504, 990.18371582, 412.504058838, 269.048919678, 127.439453125, 45.0653915405, 99.622215271, 225.079818726, 122.881820679, 78.7966537476, 98.1867294312, 48.7425613403, 156.68460083, 333.319549561, 156.795623779, 15.8977575302, 36.1016044617, 8.17204093933, 11.0850973129, 14.8586044312, 27.5830078125, 14.6384086609, 58.5328979492, 40.3013191223, 42.7298965454, 32.5450592041, 6.56308603287, 0.842862784863, 0.0538828000426, 0.000430724438047, 1.51187990127e-07, 1.1507430564e-09], "dvar2": [0.0955931767821, 14.7895755768, 116.075935364, 182.245758057, 2231.11108398, 3001.57324219, 196.846801758, 1025.01062012, 1274.83410645, 2004.35046387, 685.90447998, 305.789672852, 217.290100098, 78.4178009033, 173.241928101, 446.31942749, 214.792068481, 134.21131897, 162.848678589, 101.250473022, 283.036193848, 632.623657227, 211.736495972, 28.2017917633, 80.0297470093, 20.3023071289, 29.519651413, 36.7627449036, 72.8949127197, 40.4631996155, 160.374420166, 98.069984436, 100.45589447, 65.2509841919, 13.4631481171, 2.09479999542, 0.147789165378, 0.00123071693815, 4.21848625365e-07, 3.03665737e-09], "max": [3.2037498951, 37.6304588318, 98.1130828857, 165.622283936, 474.13394165, 925.134155273, 260.015869141, 319.194641113, 1518.39953613, 2077.40063477, 1309.06640625, 1760.84411621, 584.717346191, 392.538757324, 474.566345215, 701.547607422, 605.627258301, 658.493286133, 732.457092285, 346.43637085, 568.930541992, 808.145690918, 884.706298828, 180.310592651, 409.989746094, 86.761390686, 104.412818909, 189.457519531, 373.013702393, 150.895095825, 376.066162109, 233.608139038, 262.026000977, 269.592041016, 122.17224884, 31.7147388458, 5.64194583893, 0.584540903568, 0.0108631979674, 0.000825206981972], "mean": [0.142635509372, 1.90683913231, 3.48896241188, 6.37190723419, 20.9253864288, 24.8905639648, 10.1097650528, 20.0858421326, 16.7985019684, 12.3950710297, 14.4863414764, 9.04172706604, 7.00881910324, 4.76754665375, 5.43903207779, 5.9488735199, 6.16557025909, 4.18495178223, 4.18715286255, 4.37020015717, 10.0522956848, 15.0046920776, 7.29272079468, 3.04576992989, 2.76273417473, 1.26750445366, 1.21043252945, 1.43084836006, 1.41330182552, 0.961504399776, 1.11859405041, 1.27213549614, 1.49667751789, 1.09473919868, 0.487005293369, 0.164212927222, 0.0354421697557, 0.00266299396753, 6.9169094786e-05, 3.33035313815e-05], "median": [0.0664872825146, 0.658356308937, 1.62842524052, 3.11454463005, 6.4971075058, 5.97418022156, 4.40237903595, 8.49512481689, 4.93093109131, 1.69783842564, 1.45464038849, 0.75396156311, 0.91309094429, 0.791104316711, 0.473958075047, 0.497428119183, 0.666127443314, 0.374920785427, 0.311500906944, 0.348776817322, 0.298835635185, 0.286670267582, 0.160943001509, 0.107886344194, 0.0852109640837, 0.0844977200031, 0.0874378532171, 0.0757089182734, 0.0608627460897, 0.0598422214389, 0.0633976683021, 0.0582648999989, 0.0569665320218, 0.0337914973497, 0.0163647085428, 0.00496801082045, 0.000930490437895, 6.10371425864e-05, 1.27066796267e-05, 2.17173110286e-05], "min": [4.02480608841e-08, 1.61277156963e-07, 3.10783605073e-07, 3.59661612492e-07, 5.1542794921e-08, 2.14132409582e-08, 2.21114859755e-07, 3.74231092337e-07, 4.17510790385e-07, 1.98063005996e-07, 3.57531604323e-07, 4.07096536037e-07, 2.39788334966e-07, 5.08198709781e-08, 1.04721287641e-07, 3.60429226021e-07, 9.76183969215e-07, 3.59154824991e-07, 2.89840698997e-07, 2.37019008864e-07, 3.91689667367e-07, 4.5882171662e-07, 2.19512756416e-07, 2.68793115765e-07, 3.01488853438e-07, 1.51156157813e-07, 1.99967189474e-07, 1.56106565896e-07, 2.31444658993e-07, 1.47282790408e-07, 1.4201923193e-07, 5.14714670885e-08, 5.14993878653e-08, 3.67071990581e-08, 2.9225166287e-08, 7.13237868766e-09, 9.70558744484e-10, 1.95982494122e-10, 4.53032715508e-11, 6.8674050821e-12], "var": [0.0562735795975, 7.89621448517, 40.6568489075, 87.63230896, 1285.8347168, 2745.77856445, 277.039031982, 986.58605957, 2246.78466797, 3525.99755859, 5072.31494141, 2048.98388672, 484.855010986, 176.028137207, 604.136169434, 857.48046875, 714.89050293, 424.227111816, 497.91708374, 278.828491211, 1468.11816406, 3511.86547852, 1329.36230469, 125.048057556, 148.129089355, 16.7979564667, 16.1592731476, 30.9930305481, 40.6319618225, 13.3474206924, 44.9903678894, 42.2765045166, 52.0579299927, 46.6141471863, 8.75598907471, 0.809424757957, 0.0388013087213, 0.000265111855697, 1.03427424847e-07, 1.70111980058e-09]}, "erbbands_crest": {"dmean": 3.14328503609, "dmean2": 5.412088871, "dvar": 9.22920513153, "dvar2": 28.8301067352, "max": 31.8432426453, "mean": 12.8100261688, "median": 11.747879982, "min": 2.81056761742, "var": 27.1083927155}, "erbbands_flatness_db": {"dmean": 0.0260313935578, "dmean2": 0.038884267211, "dvar": 0.000847327290103, "dvar2": 0.00175506202504, "max": 0.425088137388, "mean": 0.202349990606, "median": 0.19681224227, "min": 0.0555162802339, "var": 0.00408030720428}, "erbbands_kurtosis": {"dmean": 3.51078748703, "dmean2": 5.9265370369, "dvar": 44.1891746521, "dvar2": 136.178131104, "max": 181.799880981, "mean": 6.16191864014, "median": 3.39945816994, "min": -1.92251598835, "var": 94.5791168213}, "erbbands_skewness": {"dmean": 0.544689416885, "dmean2": 0.879091799259, "dvar": 0.364763319492, "dvar2": 0.966448485851, "max": 10.6957645416, "mean": 1.54247581959, "median": 1.46454107761, "min": -4.57996749878, "var": 1.62241721153}, "erbbands_spread": {"dmean": 10.3146886826, "dmean2": 16.4703769684, "dvar": 289.529724121, "dvar2": 670.923095703, "max": 197.709503174, "mean": 30.323923111, "median": 20.8316078186, "min": 0.965788245201, "var": 695.418640137}, "gfcc": {"cov": [[16373.0996094, -2726.42016602, -2058.70019531, 799.155151367, -333.117340088, 21.8163528442, -855.744689941, 589.961730957, -600.964538574, -167.067077637, -742.584106445, 162.482269287, -354.450195313], [-2726.42016602, 2091.34887695, 354.958587646, -647.01385498, 276.241027832, -118.430633545, 442.917327881, -301.986450195, 341.377471924, -88.7696762085, 287.769592285, -165.496780396, 208.109909058], [-2058.70019531, 354.958587646, 1060.25878906, 118.679252625, 141.809646606, 77.7892227173, 193.289535522, -52.1006584167, 111.3931427, 84.4657745361, 152.309204102, 1.46799206734, 40.9066886902], [799.155151367, -647.01385498, 118.679252625, 612.650512695, 138.174026489, 20.2044029236, -119.811576843, 115.874267578, -59.1566085815, 14.6016874313, -57.1808013916, 54.4495735168, 4.77873849869], [-333.117340088, 276.241027832, 141.809646606, 138.174026489, 357.8800354, 14.7794351578, 63.672077179, 10.6515102386, 95.3579864502, -5.57039213181, 46.6027030945, -22.58618927, 76.3387985229], [21.8163528442, -118.430633545, 77.7892227173, 20.2044029236, 14.7794351578, 210.056259155, 93.4391174316, 33.2216300964, 3.60407447815, 42.5313034058, 14.3968133926, 8.68717765808, -28.797334671], [-855.744689941, 442.917327881, 193.289535522, -119.811576843, 63.672077179, 93.4391174316, 314.148590088, -12.5806245804, 101.352600098, 17.6975593567, 103.906547546, -15.7853631973, 28.5300598145], [589.961730957, -301.986450195, -52.1006584167, 115.874267578, 10.6515102386, 33.2216300964, -12.5806245804, 174.100341797, -1.3257420063, 20.4556484222, -44.5099754333, 41.3462982178, -19.8793468475], [-600.964538574, 341.377471924, 111.3931427, -59.1566085815, 95.3579864502, 3.60407447815, 101.352600098, -1.3257420063, 174.553497314, 45.6104469299, 68.4288864136, -23.2506008148, 50.533744812], [-167.067077637, -88.7696762085, 84.4657745361, 14.6016874313, -5.57039213181, 42.5313034058, 17.6975593567, 20.4556484222, 45.6104469299, 147.254608154, 39.2486343384, -1.70011222363, -21.8950080872], [-742.584106445, 287.769592285, 152.309204102, -57.1808013916, 46.6027030945, 14.3968133926, 103.906547546, -44.5099754333, 68.4288864136, 39.2486343384, 147.497772217, 1.58773243427, 14.6505098343], [162.482269287, -165.496780396, 1.46799206734, 54.4495735168, -22.58618927, 8.68717765808, -15.7853631973, 41.3462982178, -23.2506008148, -1.70011222363, 1.58773243427, 95.7049713135, 3.16837668419], [-354.450195313, 208.109909058, 40.9066886902, 4.77873849869, 76.3387985229, -28.797334671, 28.5300598145, -19.8793468475, 50.533744812, -21.8950080872, 14.6505098343, 3.16837668419, 131.506713867]], "icov": [[0.000117341536679, -0.000140668722452, 0.000195016822545, -0.000211277380004, 6.2076440372e-05, -0.000146130551002, 0.000156636044267, -0.000260198314209, 0.000176596324309, -8.41805594973e-05, 0.000306574860588, -0.000130442742375, 0.000231658297707], [-0.000140668722452, 0.00508494442329, -0.000832139223348, 0.00389167713001, -0.00262528983876, 0.00296951155178, -0.00324035761878, 0.00342124630697, -0.00374816660769, 0.00368654285558, -0.003429178847, 0.00322537543252, -0.00255586672574], [0.000195016822545, -0.000832139223348, 0.00172561360523, -0.00133889005519, 0.000340572092682, -0.000701884331647, 6.7324704105e-06, -0.000156216934556, 0.000470253726235, -0.00101952790283, 0.000212836297578, -0.000750087900087, 0.000621812767349], [-0.000211277380004, 0.00389167713001, -0.00133889005519, 0.00590260652825, -0.00344315823168, 0.00213437364437, -0.00139483809471, 0.00124909961596, -0.00157711305656, 0.00234262342565, -0.00242410064675, 0.00175098562613, -0.00234458525665], [6.2076440372e-05, -0.00262528983876, 0.000340572092682, -0.00344315823168, 0.00596098648384, -0.00203983439133, 0.00158159260172, -0.00203953054734, -0.000170125247678, -0.000615842000116, 0.000608956499491, -9.23646348383e-06, -0.000322179170325], [-0.000146130551002, 0.00296951155178, -0.000701884331647, 0.00213437364437, -0.00203983439133, 0.00844915956259, -0.00468088593334, 0.00157245108858, -0.000881314917933, 0.000167702237377, -0.00101337500382, 0.00129267969169, -0.000216512460611], [0.000156636044267, -0.00324035761878, 6.7324704105e-06, -0.00139483809471, 0.00158159260172, -0.00468088593334, 0.00848404504359, -0.00351526821032, 0.000676814815961, -0.000630431808531, -0.000752958992962, -0.00122812436894, 0.00103197747376], [-0.000260198314209, 0.00342124630697, -0.000156216934556, 0.00124909961596, -0.00203953054734, 0.00157245108858, -0.00351526821032, 0.0117978593335, -0.00481737125665, 0.00113835907541, 0.001147844363, -0.00181756482925, -8.13095175545e-05], [0.000176596324309, -0.00374816660769, 0.000470253726235, -0.00157711305656, -0.000170125247678, -0.000881314917933, 0.000676814815961, -0.00481737125665, 0.0142157664523, -0.00603351183236, 0.000442705175374, -0.000281082815491, -0.00116053235251], [-8.41805594973e-05, 0.00368654285558, -0.00101952790283, 0.00234262342565, -0.000615842000116, 0.000167702237377, -0.000630431808531, 0.00113835907541, -0.00603351183236, 0.0123701505363, -0.00519276130944, 0.00329268095084, -0.0002485839359], [0.000306574860588, -0.003429178847, 0.000212836297578, -0.00242410064675, 0.000608956499491, -0.00101337500382, -0.000752958992962, 0.001147844363, 0.000442705175374, -0.00519276130944, 0.0155375702307, -0.00581423286349, 0.00341078732163], [-0.000130442742375, 0.00322537543252, -0.000750087900087, 0.00175098562613, -9.23646348383e-06, 0.00129267969169, -0.00122812436894, -0.00181756482925, -0.000281082815491, 0.00329268095084, -0.00581423286349, 0.0159480758011, -0.00408621877432], [0.000231658297707, -0.00255586672574, 0.000621812767349, -0.00234458525665, -0.000322179170325, -0.000216512460611, 0.00103197747376, -8.13095175545e-05, -0.00116053235251, -0.0002485839359, 0.00341078732163, -0.00408621877432, 0.012191480957]], "mean": [-121.370834351, 132.013595581, -54.9169998169, 32.8018951416, -55.1214599609, 14.8951234818, -48.830821991, 5.21887969971, -22.8453712463, -0.415514171124, -10.8076477051, -1.28054583073, -3.94944000244]}, "hfc": {"dmean": 3.73940563202, "dmean2": 6.03462123871, "dvar": 145.261062622, "dvar2": 345.201751709, "max": 436.93371582, "mean": 9.67135334015, "median": 3.98382711411, "min": 5.93165509599e-07, "var": 297.881652832}, "melbands": {"dmean": [0.000799949571956, 0.00115176360123, 0.000917704252061, 0.000973529007751, 0.000183179523447, 0.000211839942494, 0.000103845333797, 5.96794525336e-05, 3.68761357095e-05, 2.06039185286e-05, 1.5268997231e-05, 9.18344630918e-06, 6.72607075103e-06, 7.21386140867e-06, 6.83250573275e-06, 6.42925715511e-06, 3.41003874382e-06, 3.34632522936e-06, 3.07579375658e-06, 2.28852604778e-06, 4.61807439933e-06, 4.85906230097e-06, 3.56450163963e-06, 1.52409722887e-06, 8.93053936579e-07, 9.83423774414e-07, 8.35829325752e-07, 4.66011272238e-07, 5.13005772973e-07, 5.38807057637e-07, 5.3986536841e-07, 5.84276676818e-07, 4.11385855159e-07, 4.68879221671e-07, 6.73070530866e-07, 6.54189420857e-07, 8.67612186539e-07, 9.43620079852e-07, 9.06483592189e-07, 7.54220650379e-07], "dmean2": [0.00125259137712, 0.00188265705947, 0.00157525367104, 0.00166846578941, 0.000294927100185, 0.000370748137357, 0.000160428724485, 8.98348371265e-05, 5.02031616634e-05, 2.71809985861e-05, 2.11793831113e-05, 1.29316504172e-05, 9.43045870372e-06, 1.05030539999e-05, 9.69647408056e-06, 9.072069588e-06, 4.88721934744e-06, 4.70833856525e-06, 4.56900079371e-06, 3.35920890393e-06, 6.57908685753e-06, 6.86283601681e-06, 4.98202234667e-06, 2.03843956115e-06, 1.3182609564e-06, 1.52597476699e-06, 1.31483022869e-06, 7.69336338635e-07, 8.49493005717e-07, 8.90612284365e-07, 8.95309881344e-07, 9.74179556579e-07, 6.87042756908e-07, 7.99722840839e-07, 1.14160650355e-06, 1.1285429764e-06, 1.46153479363e-06, 1.58983584697e-06, 1.5022928892e-06, 1.24359655729e-06], "dvar": [4.28144903708e-06, 1.09631173473e-05, 3.33770231009e-06, 5.15498550158e-06, 1.7033302413e-07, 1.33693433213e-07, 1.47935892869e-07, 1.03670608098e-07, 2.54682586132e-08, 1.0167165776e-08, 3.73584185809e-09, 1.15317655425e-09, 1.03071273738e-09, 1.22847643169e-09, 1.2759300283e-09, 1.08878461802e-09, 2.84060192035e-10, 4.61004345809e-10, 1.80093481794e-10, 8.01265442885e-11, 4.24337648353e-10, 3.86866733093e-10, 2.73956551888e-10, 7.46994341383e-11, 1.07616433126e-11, 2.22080669826e-11, 1.73812752385e-11, 3.5099713934e-12, 4.1038947414e-12, 5.10940595388e-12, 5.41364392551e-12, 1.31031964792e-11, 3.25174544409e-12, 5.16152788912e-12, 2.45869592047e-11, 1.30852178051e-11, 2.00896695113e-11, 2.10861224315e-11, 2.57932564196e-11, 2.61117967526e-11], "dvar2": [1.08688091132e-05, 3.0388322557e-05, 9.47959779296e-06, 1.55645811901e-05, 4.44117176812e-07, 3.98421065029e-07, 3.01926093016e-07, 2.19766633336e-07, 3.85864460384e-08, 1.21173204803e-08, 6.30479979336e-09, 1.9174302146e-09, 1.74777503581e-09, 2.44597209154e-09, 2.28364749333e-09, 1.74403991249e-09, 4.86614526451e-10, 7.35853933342e-10, 3.81828513252e-10, 1.53039789175e-10, 7.59829754671e-10, 7.17234938108e-10, 4.54905113578e-10, 9.35304125815e-11, 2.09116231276e-11, 4.99037304535e-11, 4.08657135909e-11, 8.69989757318e-12, 1.08443410501e-11, 1.33194462404e-11, 1.34477299088e-11, 3.52558399142e-11, 8.53750490443e-12, 1.42172280893e-11, 6.77420827766e-11, 3.51003080767e-11, 4.71856963224e-11, 5.02995457785e-11, 5.88689236247e-11, 5.25038172661e-11], "max": [0.032061945647, 0.0509160757065, 0.0314252227545, 0.0552272535861, 0.0111478371546, 0.00675212964416, 0.020624389872, 0.0187243036926, 0.008899143897, 0.0109288943931, 0.003372277366, 0.00224958290346, 0.00151790631935, 0.00199018558487, 0.00188469316345, 0.00243680574931, 0.000998463365249, 0.00174023525324, 0.000559589243494, 0.00049838074483, 0.00095519493334, 0.000896355137229, 0.000885281304363, 0.000641739345156, 0.000135994487209, 0.000247010146268, 0.000204786847462, 5.53630561626e-05, 5.77402497584e-05, 6.41101723886e-05, 0.000113848342153, 0.000263975554844, 7.00890086591e-05, 8.10917335912e-05, 0.000257039821008, 0.00012561173935, 0.000192888503079, 0.000170321538462, 0.000197599671083, 0.000244050272158], "mean": [0.00177967234049, 0.00217727478594, 0.00153593264986, 0.00182777829468, 0.000463301432319, 0.000423907185905, 0.000242267153226, 0.000143108045449, 0.000112778507173, 5.38091335329e-05, 3.52857678081e-05, 2.09756981349e-05, 1.64114171639e-05, 1.66491281561e-05, 1.48391773109e-05, 1.39674430102e-05, 7.15636269888e-06, 7.08646484782e-06, 6.5204612838e-06, 5.04233412357e-06, 1.43799534271e-05, 1.61352963914e-05, 1.05435847217e-05, 4.19032585341e-06, 2.16963303501e-06, 2.25944540944e-06, 1.52544907905e-06, 6.59511670165e-07, 7.04977935584e-07, 8.11144730051e-07, 8.22337142381e-07, 8.96401559203e-07, 5.25496204773e-07, 5.4280974382e-07, 6.51192408441e-07, 6.05293564604e-07, 8.65599645294e-07, 1.03096726889e-06, 1.09087352484e-06, 8.65860215526e-07], "median": [0.000738769886084, 0.00101329083554, 0.000695068039931, 0.000550706521608, 0.000173065302079, 0.000186520963325, 6.92280082148e-05, 1.48695635289e-05, 9.32047623792e-06, 3.68254950445e-06, 4.02023397328e-06, 3.04529794448e-06, 1.35965365189e-06, 1.11265057967e-06, 1.14216936709e-06, 1.2273332004e-06, 5.02288798998e-07, 4.27052356144e-07, 4.15093268202e-07, 3.47396508005e-07, 2.85785461074e-07, 2.90671465564e-07, 1.72755449057e-07, 1.0719618615e-07, 7.49891455598e-08, 5.34882147463e-08, 5.39034346048e-08, 4.81329962554e-08, 4.72888714853e-08, 4.47757244615e-08, 3.94619092958e-08, 3.35761036752e-08, 2.93332895751e-08, 2.95768138869e-08, 3.35458025802e-08, 3.13665040608e-08, 3.23975513083e-08, 3.8406284375e-08, 3.23599351759e-08, 2.44654074777e-08], "min": [3.50960566164e-10, 1.83019308042e-10, 6.45972234037e-11, 9.96849955012e-13, 6.16420673186e-12, 8.52641481724e-12, 6.05025664985e-12, 1.67678609712e-12, 2.73790126855e-12, 2.74555400116e-12, 9.71258663773e-13, 1.5733265656e-13, 2.83153031187e-13, 7.89044123008e-13, 1.71405424576e-12, 1.83367600617e-12, 4.49113971924e-13, 4.50650042456e-13, 3.57201952478e-13, 3.33170069224e-13, 4.33489480206e-13, 5.02707521877e-13, 2.42847110693e-13, 2.07807119494e-13, 2.01762245149e-13, 2.56478838818e-13, 1.42051545223e-13, 8.69807427039e-14, 1.31606775174e-13, 8.25213988397e-14, 1.02281511982e-13, 1.63782995413e-13, 6.19020351471e-14, 8.93466683559e-14, 1.06328838692e-13, 3.31837964225e-14, 3.15803969347e-14, 3.69959833981e-14, 3.13404968752e-14, 3.01533259895e-14], "var": [7.02574016032e-06, 1.19782971524e-05, 5.07062941324e-06, 1.07122432382e-05, 6.45929617349e-07, 4.09117916433e-07, 4.65857880272e-07, 5.39141922218e-07, 2.92633302479e-07, 7.72785924141e-08, 1.35358186881e-08, 4.24025836665e-09, 6.01770278053e-09, 5.58817081497e-09, 6.20131412887e-09, 6.54733511851e-09, 1.36017408447e-09, 2.27125696028e-09, 8.53587034388e-10, 3.36235816967e-10, 3.64023833299e-09, 4.11812406398e-09, 2.09286099562e-09, 6.09292671871e-10, 6.68505181767e-11, 9.77116235146e-11, 6.39492764298e-11, 5.0085148702e-12, 5.74290268118e-12, 9.10043568281e-12, 1.0553065366e-11, 1.88789140571e-11, 3.81087435913e-12, 4.8047386382e-12, 1.84155642124e-11, 1.08646668051e-11, 2.20091393027e-11, 2.44881424166e-11, 3.39205746824e-11, 3.59475019196e-11]}, "melbands_crest": {"dmean": 2.88851523399, "dmean2": 4.82445955276, "dvar": 7.63340187073, "dvar2": 21.1796627045, "max": 39.1956214905, "mean": 16.6194229126, "median": 16.2763404846, "min": 4.96518278122, "var": 22.3624572754}, "melbands_flatness_db": {"dmean": 0.0342666432261, "dmean2": 0.0505404099822, "dvar": 0.00180527300108, "dvar2": 0.00364943756722, "max": 0.741449534893, "mean": 0.367961972952, "median": 0.359470576048, "min": 0.0794219076633, "var": 0.0117051964626}, "melbands_kurtosis": {"dmean": 19.1677780151, "dmean2": 30.7958049774, "dvar": 1393.46972656, "dvar2": 3451.81445313, "max": 880.516540527, "mean": 35.9555015564, "median": 19.909526825, "min": -1.92500472069, "var": 2599.51123047}, "melbands_skewness": {"dmean": 1.05384850502, "dmean2": 1.66888797283, "dvar": 1.73556506634, "dvar2": 4.08722782135, "max": 24.4798126221, "mean": 3.48952579498, "median": 2.99233055115, "min": -1.29224586487, "var": 5.38125896454}, "melbands_spread": {"dmean": 2.5485765934, "dmean2": 4.02267456055, "dvar": 57.2762336731, "dvar2": 109.994369507, "max": 307.647827148, "mean": 6.90064573288, "median": 4.00875520706, "min": 0.357751727104, "var": 149.006866455}, "mfcc": {"cov": [[14514.3427734, -1909.32250977, -1711.45349121, -126.856636047, 186.299926758, -514.689697266, -292.789367676, 202.280685425, 101.731681824, -499.328674316, -32.6243095398, -84.4446029663, -367.436157227], [-1909.32250977, 2269.87402344, 129.326324463, -280.980865479, -162.895141602, 153.648696899, 28.6956367493, -35.9305915833, -22.4292640686, 174.156967163, 12.5083618164, -12.9824285507, 91.0835037231], [-1711.45349121, 129.326324463, 778.629150391, 120.159828186, 10.2836456299, 130.801452637, 109.918746948, -10.1950283051, -1.01480138302, 68.0473937988, 30.2526607513, 74.3759460449, 67.0926208496], [-126.856636047, -280.980865479, 120.159828186, 426.208892822, 221.479034424, 9.77997970581, 35.1846199036, 16.8739757538, 74.4869537354, -38.4385795593, -15.0503673553, 58.9592323303, 12.0670900345], [186.299926758, -162.895141602, 10.2836456299, 221.479034424, 323.237762451, 25.1326351166, 7.17163467407, 4.92032432556, 66.7733154297, -18.7047805786, -16.6502151489, 39.335231781, -6.0263261795], [-514.689697266, 153.648696899, 130.801452637, 9.77997970581, 25.1326351166, 196.675384521, 85.1075363159, 10.4587240219, 6.92770528793, 80.3300857544, 28.6292285919, 16.2318916321, 32.3323745728], [-292.789367676, 28.6956367493, 109.918746948, 35.1846199036, 7.17163467407, 85.1075363159, 154.566040039, 61.2389373779, 9.60207939148, 45.5217857361, 21.4457092285, 20.4110221863, 27.4656791687], [202.280685425, -35.9305915833, -10.1950283051, 16.8739757538, 4.92032432556, 10.4587240219, 61.2389373779, 167.130523682, 34.386177063, -14.9119691849, 27.3078327179, 4.468313694, 10.9416589737], [101.731681824, -22.4292640686, -1.01480138302, 74.4869537354, 66.7733154297, 6.92770528793, 9.60207939148, 34.386177063, 149.74458313, 16.8009700775, -14.6068515778, 11.9609937668, 1.63535284996], [-499.328674316, 174.156967163, 68.0473937988, -38.4385795593, -18.7047805786, 80.3300857544, 45.5217857361, -14.9119691849, 16.8009700775, 214.370742798, 39.1672477722, -14.0013217926, 46.4758453369], [-32.6243095398, 12.5083618164, 30.2526607513, -15.0503673553, -16.6502151489, 28.6292285919, 21.4457092285, 27.3078327179, -14.6068515778, 39.1672477722, 140.518692017, 25.3456249237, 14.775519371], [-84.4446029663, -12.9824285507, 74.3759460449, 58.9592323303, 39.335231781, 16.2318916321, 20.4110221863, 4.468313694, 11.9609937668, -14.0013217926, 25.3456249237, 120.093460083, 27.786233902], [-367.436157227, 91.0835037231, 67.0926208496, 12.0670900345, -6.0263261795, 32.3323745728, 27.4656791687, 10.9416589737, 1.63535284996, 46.4758453369, 14.775519371, 27.786233902, 118.430648804]], "icov": [[0.000114681955893, 6.98598523741e-05, 0.000200174486963, 8.72412274475e-05, -7.28107770556e-05, 6.77387433825e-05, 1.40761630973e-05, -0.00010283300071, -7.05544516677e-05, 0.000100080003904, -5.68250907236e-05, -6.6065666033e-05, 0.000148114268086], [6.98598523741e-05, 0.000582752574701, 5.92240758124e-05, 0.000398491043597, 3.11196199618e-05, -0.00031335989479, 0.000154334455146, -2.47687548836e-05, -0.000124249214423, -0.000149643848999, 0.000108895001176, -9.93321591523e-05, -0.00018180947518], [0.000200174486963, 5.92240758124e-05, 0.00205776048824, -0.000484637916088, 0.000317392928991, -0.00055952911498, -0.000687447784003, 0.000263873778749, 3.9395159547e-05, 6.24465974397e-05, -0.000116333372716, -0.000767112302128, -6.74689144944e-05], [8.72412274475e-05, 0.000398491043597, -0.000484637916088, 0.00455853249878, -0.00263937399723, 0.000564772461075, -0.000853637582622, 0.00017640418082, -0.00112541345879, 0.000737153342925, 8.40626671561e-05, -0.000617251556832, -0.00047195472871], [-7.28107770556e-05, 3.11196199618e-05, 0.000317392928991, -0.00263937399723, 0.00533827999607, -0.00127163412981, 0.000671082292683, 0.000159460221766, -0.000923586660065, -0.000112889305456, 0.000410815264331, -0.000762398471124, 0.000472402287414], [6.77387433825e-05, -0.00031335989479, -0.00055952911498, 0.000564772461075, -0.00127163412981, 0.00837084744126, -0.00376659189351, 0.000642604834866, 1.15485613605e-06, -0.00155266560614, -0.00073345284909, -1.39337626024e-05, -0.000121178534755], [1.40761630973e-05, 0.000154334455146, -0.000687447784003, -0.000853637582622, 0.000671082292683, -0.00376659189351, 0.0113199092448, -0.00427194824442, 0.000881820393261, -0.00151232059579, 0.000694125657901, -0.00100662081968, -3.58266552212e-05], [-0.00010283300071, -2.47687548836e-05, 0.000263873778749, 0.00017640418082, 0.000159460221766, 0.000642604834866, -0.00427194824442, 0.00864596478641, -0.00231711869128, 0.0018854298396, -0.00204145535827, 0.00108810432721, -0.00115134741645], [-7.05544516677e-05, -0.000124249214423, 3.9395159547e-05, -0.00112541345879, -0.000923586660065, 1.15485613605e-06, 0.000881820393261, -0.00231711869128, 0.00857254676521, -0.0018329116283, 0.00156539701857, -0.000816366227809, 0.000528422824573], [0.000100080003904, -0.000149643848999, 6.24465974397e-05, 0.000737153342925, -0.000112889305456, -0.00155266560614, -0.00151232059579, 0.0018854298396, -0.0018329116283, 0.0072819525376, -0.00209649815224, 0.00205732486211, -0.00214369804598], [-5.68250907236e-05, 0.000108895001176, -0.000116333372716, 8.40626671561e-05, 0.000410815264331, -0.00073345284909, 0.000694125657901, -0.00204145535827, 0.00156539701857, -0.00209649815224, 0.00876286160201, -0.00239780265838, 0.000316484482028], [-6.6065666033e-05, -9.93321591523e-05, -0.000767112302128, -0.000617251556832, -0.000762398471124, -1.39337626024e-05, -0.00100662081968, 0.00108810432721, -0.000816366227809, 0.00205732486211, -0.00239780265838, 0.0108533278108, -0.00257651787251], [0.000148114268086, -0.00018180947518, -6.74689144944e-05, -0.00047195472871, 0.000472402287414, -0.000121178534755, -3.58266552212e-05, -0.00115134741645, 0.000528422824573, -0.00214369804598, 0.000316484482028, -0.00257651787251, 0.0107002044097]], "mean": [-780.158996582, 159.006332397, 55.5801239014, 26.8007678986, 21.7021446228, 5.29911518097, -1.56315839291, -1.29300165176, -1.96489417553, -6.061378479, -3.8358335495, 2.43835377693, -1.33641254902]}, "pitch_salience": {"dmean": 0.0726960971951, "dmean2": 0.120916292071, "dvar": 0.00456679519266, "dvar2": 0.0121400477365, "max": 0.876303315163, "mean": 0.486046284437, "median": 0.496489405632, "min": 0.0415956862271, "var": 0.016726847738}, "silence_rate_20dB": {"dmean": 0, "dmean2": 0, "dvar": 0, "dvar2": 0, "max": 1, "mean": 1, "median": 1, "min": 1, "var": 0}, "silence_rate_30dB": {"dmean": 0.0140942931175, "dmean2": 0.0281913839281, "dvar": 0.0138954473659, "dvar2": 0.0351384356618, "max": 1, "mean": 0.983723700047, "median": 1, "min": 0, "var": 0.0160104185343}, "silence_rate_60dB": {"dmean": 0.0254094284028, "dmean2": 0.0508239045739, "dvar": 0.0247623175383, "dvar2": 0.0551923885942, "max": 1, "mean": 0.160877332091, "median": 0, "min": 0, "var": 0.13499122858}, "spectral_centroid": {"dmean": 109.512405396, "dmean2": 175.465179443, "dvar": 55162.6054688, "dvar2": 105151, "max": 11183.2011719, "mean": 479.026245117, "median": 344.317321777, "min": 103.570175171, "var": 179845}, "spectral_complexity": {"dmean": 1.23751866817, "dmean2": 2.02005171776, "dvar": 2.67917919159, "dvar2": 6.10422325134, "max": 33, "mean": 7.00029754639, "median": 6, "min": 0, "var": 21.9094200134}, "spectral_contrast_coeffs": {"dmean": [0.0488708540797, 0.0447394736111, 0.0327784121037, 0.0272319000214, 0.0228600427508, 0.0165504664183], "dmean2": [0.0812578052282, 0.0761496052146, 0.0521070882678, 0.0435910224915, 0.0351511351764, 0.0254883095622], "dvar": [0.00185372785199, 0.00144674954936, 0.000833532947581, 0.000584975408856, 0.000476355839055, 0.000241819201619], "dvar2": [0.0049087498337, 0.00401492603123, 0.00187796005048, 0.00129271892365, 0.000978331896476, 0.000527547730599], "max": [-0.300808310509, -0.361382424831, -0.402693092823, -0.50327372551, -0.494019508362, -0.60680270195], "mean": [-0.623476207256, -0.663944900036, -0.768262088299, -0.792581319809, -0.805390536785, -0.828056275845], "median": [-0.633736491203, -0.663333415985, -0.779367148876, -0.803209125996, -0.830457031727, -0.84188079834], "min": [-0.95251584053, -0.956092119217, -0.95830309391, -0.950460374355, -0.961574971676, -0.958418309689], "var": [0.0103167723864, 0.00719208549708, 0.00657080905512, 0.00471629528329, 0.00666489452124, 0.00242049945518]}, "spectral_contrast_valleys": {"dmean": [0.384995669127, 0.358871489763, 0.352930158377, 0.362009137869, 0.406555920839, 0.443840533495], "dmean2": [0.612557590008, 0.581475138664, 0.554259896278, 0.550750672817, 0.568775057793, 0.581733465195], "dvar": [0.157325819135, 0.161053568125, 0.156212046742, 0.182610988617, 0.26978930831, 0.336913377047], "dvar2": [0.313618034124, 0.354638457298, 0.318904072046, 0.357577711344, 0.514533102512, 0.62748759985], "max": [-5.15253925323, -4.5156493187, -5.98215389252, -6.28541612625, -6.16551542282, -7.05785322189], "mean": [-7.30284070969, -7.78534698486, -8.9944896698, -9.52634143829, -9.69065380096, -11.3456764221], "median": [-7.05006122589, -7.65270280838, -8.86612892151, -9.36047554016, -9.57583999634, -11.2581291199], "min": [-27.4836959839, -27.4229221344, -27.396396637, -27.5708007813, -27.2703819275, -27.2355995178], "var": [1.26744127274, 1.26442122459, 1.26652920246, 1.40684652328, 1.80771350861, 2.03656315804]}, "spectral_decrease": {"dmean": 2.41224840103e-09, "dmean2": 3.95768706696e-09, "dvar": 2.07749355606e-17, "dvar2": 5.57935573098e-17, "max": -6.76455705331e-16, "mean": -6.68828681327e-09, "median": -4.8514117168e-09, "min": -6.69083988214e-08, "var": 4.8290063007e-17}, "spectral_energy": {"dmean": 0.00936352089047, "dmean2": 0.0153781902045, "dvar": 0.000311124313157, "dvar2": 0.000835218466818, "max": 0.255472362041, "mean": 0.0261203460395, "median": 0.0188098736107, "min": 2.60690269371e-09, "var": 0.000737315334845}, "spectral_energyband_high": {"dmean": 0.000237369633396, "dmean2": 0.000389951950638, "dvar": 1.36656694849e-06, "dvar2": 3.14968110615e-06, "max": 0.0458983741701, "mean": 0.000303000881104, "median": 1.77717083716e-05, "min": 2.41736665407e-11, "var": 1.73847388396e-06}, "spectral_energyband_low": {"dmean": 0.00522101204842, "dmean2": 0.00835502333939, "dvar": 0.00018234977324, "dvar2": 0.000485303608002, "max": 0.225145891309, "mean": 0.0113431178033, "median": 0.00620088400319, "min": 1.68328528893e-09, "var": 0.000249070086284}, "spectral_energyband_middle_high": {"dmean": 0.000360742909834, "dmean2": 0.000481037568534, "dvar": 9.14294787435e-07, "dvar2": 1.4415509213e-06, "max": 0.0294282734394, "mean": 0.00134115025867, "median": 0.000188214806258, "min": 8.82031878091e-11, "var": 9.28339613893e-06}, "spectral_energyband_middle_low": {"dmean": 0.00575691694394, "dmean2": 0.00974308792502, "dvar": 0.000121952100017, "dvar2": 0.00034735412919, "max": 0.211145341396, "mean": 0.0141892051324, "median": 0.00769103132188, "min": 2.55617693679e-10, "var": 0.000319635175401}, "spectral_entropy": {"dmean": 0.317735433578, "dmean2": 0.47449696064, "dvar": 0.14884531498, "dvar2": 0.308133810759, "max": 9.79685497284, "mean": 6.41618442535, "median": 6.41123247147, "min": 4.42571258545, "var": 0.60885643959}, "spectral_flux": {"dmean": 0.022692784667, "dmean2": 0.0362418368459, "dvar": 0.00110956828576, "dvar2": 0.00239263125695, "max": 0.388209968805, "mean": 0.059151250869, "median": 0.0459652617574, "min": 7.25377176423e-05, "var": 0.00249652541243}, "spectral_kurtosis": {"dmean": 5.84569978714, "dmean2": 8.85358810425, "dvar": 88.5153503418, "dvar2": 189.605133057, "max": 195.967834473, "mean": 16.2217655182, "median": 8.55607795715, "min": -1.22803390026, "var": 424.082061768}, "spectral_rms": {"dmean": 0.000780349189881, "dmean2": 0.00124021468218, "dvar": 1.23199674817e-06, "dvar2": 3.05981916426e-06, "max": 0.0157873798162, "mean": 0.0043928688392, "median": 0.00428381795064, "min": 1.59477895068e-06, "var": 6.18590092927e-06}, "spectral_rolloff": {"dmean": 190.903778076, "dmean2": 350.472229004, "dvar": 719777.5625, "dvar2": 1768260.75, "max": 11627.9296875, "mean": 503.304748535, "median": 322.998046875, "min": 21.533203125, "var": 982651.8125}, "spectral_skewness": {"dmean": 0.530694365501, "dmean2": 0.774629771709, "dvar": 0.460878908634, "dvar2": 0.906002104282, "max": 11.9046525955, "mean": 3.05078625679, "median": 2.61297512054, "min": -0.256432503462, "var": 2.69228553772}, "spectral_spread": {"dmean": 942358.5625, "dmean2": 1373858.125, "dvar": 1582310621180.0, "dvar2": 3032347312130.0, "max": 39086332, "mean": 4625682.5, "median