{"lowlevel": {"average_loudness": 0.90072119236, "barkbands": {"dmean": [4.98790323036e-05, 0.00267736101523, 0.00176907039713, 0.00126542279031, 0.00159963511396, 0.000740635499824, 0.000888666603714, 0.00067969103111, 0.000845888862386, 0.000710441730917, 0.000467794743599, 0.000328830297804, 0.000453191547422, 0.000480180169689, 0.000494877807796, 0.000571464770474, 0.000445322802989, 0.000313943746733, 0.000218622924876, 0.000187560974155, 0.000151545915287, 0.000113696543849, 8.66342961672e-05, 8.09514458524e-05, 5.7342571381e-05, 2.63190449914e-05, 1.2477570408e-06], "dmean2": [7.11780958227e-05, 0.00462959241122, 0.00303522776812, 0.00219472753815, 0.00277552031912, 0.00119362422265, 0.00133582367562, 0.00105119775981, 0.0013167046709, 0.00110666127875, 0.000725553312805, 0.000504066003487, 0.0007161636604, 0.000773554726038, 0.000796528183855, 0.000930963142309, 0.000715742120519, 0.000521462352481, 0.00036674621515, 0.000311279000016, 0.000244497205131, 0.000176744928467, 0.000130353932036, 0.000118613425002, 8.36310355226e-05, 3.92011897929e-05, 1.96096016225e-06], "dvar": [4.18431422844e-09, 3.67964894394e-05, 1.22539013319e-05, 6.59546049064e-06, 1.76324083441e-05, 2.28134899771e-06, 2.1358775939e-06, 1.5108654452e-06, 6.07823449172e-06, 4.25348616773e-06, 2.18701507038e-06, 1.17510921882e-06, 1.43860245316e-06, 1.81759276074e-06, 1.59069861638e-06, 1.30306420942e-06, 6.92276330483e-07, 2.85841963432e-07, 1.65193185353e-07, 1.25515200011e-07, 8.48386108032e-08, 5.33402371161e-08, 4.99184622527e-08, 8.99972576462e-08, 7.96027919137e-08, 2.6793971486e-08, 4.78700065698e-11], "dvar2": [8.51868620089e-09, 9.90327243926e-05, 3.30249931721e-05, 1.80889146577e-05, 4.92994658998e-05, 5.79040897719e-06, 5.25155655851e-06, 3.58944339496e-06, 1.47894079419e-05, 9.75162492978e-06, 4.85881810164e-06, 2.35461334341e-06, 3.09661504616e-06, 4.19218531533e-06, 3.58734541805e-06, 3.11416124532e-06, 1.50323705839e-06, 6.84278234075e-07, 4.31337838336e-07, 3.28329178956e-07, 2.1368791181e-07, 1.21882692383e-07, 1.05981044385e-07, 1.62790499303e-07, 1.587655305e-07, 6.22415328166e-08, 9.42820335692e-11], "max": [0.00109902652912, 0.0713263973594, 0.0456667020917, 0.0374562814832, 0.0471310317516, 0.0446168333292, 0.0313045270741, 0.0385591238737, 0.0637620463967, 0.0537829510868, 0.0521829426289, 0.0329153835773, 0.0329179205, 0.0386591292918, 0.0435059517622, 0.0365915596485, 0.0269058924168, 0.0178561676294, 0.0107393786311, 0.00773331010714, 0.00652493722737, 0.00459084287286, 0.00588828558102, 0.0136902062222, 0.011351027526, 0.00740819843486, 0.000492655846756], "mean": [0.000156888578204, 0.00367887225002, 0.0024303435348, 0.00170539319515, 0.00209547812119, 0.00131689722184, 0.0017211555969, 0.00117206037976, 0.00144074007403, 0.00108182511758, 0.000730038329493, 0.000469795049867, 0.000653906026855, 0.000663647020701, 0.000718657625839, 0.00098339561373, 0.000796250242274, 0.000569716619793, 0.000350197311491, 0.000345858832588, 0.000275997648714, 0.000214737316128, 0.00015983657795, 0.000157057482284, 9.2677459179e-05, 3.44016298186e-05, 1.45171384247e-06], "median": [0.000126199462102, 0.00203239312395, 0.00144673674367, 0.0010208877502, 0.00115688075311, 0.000638609461021, 0.00103578926064, 0.000676368479617, 0.00072938145604, 0.000398267875426, 0.000310829316732, 0.00014611055667, 0.000261484412476, 0.000256711617112, 0.000359474797733, 0.000605529872701, 0.000437601818703, 0.000361721176887, 0.00020726150251, 0.000210797225009, 0.000138769799378, 8.25272582006e-05, 4.97756736877e-05, 4.37549388153e-05, 1.87423393072e-05, 3.79982884624e-06, 1.53665808966e-07], "min": [2.93000640266e-25, 4.10056367193e-24, 2.52218725485e-25, 1.54091701187e-24, 6.43721384941e-24, 4.93836511328e-24, 6.01003975277e-24, 7.12517944485e-24, 8.81784381121e-24, 1.44485365263e-23, 8.24478921725e-24, 2.04935744876e-23, 2.56524897272e-23, 3.64637542803e-23, 3.31524191228e-23, 5.10578009337e-23, 5.75512274335e-23, 9.81673277933e-23, 1.1088415686e-22, 1.14218501513e-22, 1.99638531275e-22, 3.54551627964e-22, 3.48198053881e-22, 6.1086384518e-22, 9.21668226079e-22, 1.19459380347e-21, 1.9394608574e-21], "var": [9.49830791797e-09, 3.16800214932e-05, 1.13183305075e-05, 5.94802213527e-06, 1.32869672598e-05, 3.75318904844e-06, 4.45154637418e-06, 2.72322427008e-06, 1.02837348095e-05, 8.85339068191e-06, 4.41445990873e-06, 2.08749406738e-06, 2.48860055763e-06, 2.83717872662e-06, 2.25107896767e-06, 2.34413710132e-06, 2.01822649615e-06, 5.89523040162e-07, 2.12127744703e-07, 1.91211583456e-07, 1.4064455911e-07, 1.20169900697e-07, 1.07978721076e-07, 2.31969536912e-07, 1.46908831766e-07, 3.52701974293e-08, 7.36968333581e-11]}, "barkbands_crest": {"dmean": 2.31921029091, "dmean2": 3.80554246902, "dvar": 5.92891931534, "dvar2": 15.6692256927, "max": 25.5941581726, "mean": 7.82747936249, "median": 6.85786056519, "min": 1.78139781952, "var": 12.9750270844}, "barkbands_flatness_db": {"dmean": 0.0178229808807, "dmean2": 0.0275890007615, "dvar": 0.000358343910193, "dvar2": 0.000899015634786, "max": 0.354878991842, "mean": 0.104685269296, "median": 0.0972990691662, "min": 0.026927690953, "var": 0.00181981362402}, "barkbands_kurtosis": {"dmean": 1.37131273746, "dmean2": 2.25361943245, "dvar": 7.02198457718, "dvar2": 18.4987068176, "max": 214.522567749, "mean": 1.19165110588, "median": -0.0171567201614, "min": -1.91421413422, "var": 60.7000160217}, "barkbands_skewness": {"dmean": 0.434034258127, "dmean2": 0.679231703281, "dvar": 0.226609945297, "dvar2": 0.556271135807, "max": 14.0884590149, "mean": 0.897987902164, "median": 0.850244581699, "min": -4.54072952271, "var": 0.958656966686}, "barkbands_spread": {"dmean": 5.61442136765, "dmean2": 8.7523765564, "dvar": 41.0179023743, "dvar2": 94.5254974365, "max": 121.482887268, "mean": 28.3245563507, "median": 26.9349689484, "min": 1.48832941055, "var": 162.010498047}, "dissonance": {"dmean": 0.0133434711024, "dmean2": 0.0223017577082, "dvar": 0.000211939011933, "dvar2": 0.00056070095161, "max": 0.500000119209, "mean": 0.476108849049, "median": 0.481734275818, "min": 0.24797655642, "var": 0.000467033212772}, "dynamic_complexity": 2.07885193825, "erbbands": {"dmean": [0.0473222844303, 0.709178030491, 1.96269345284, 3.43134617805, 4.84621667862, 5.74294567108, 4.12303876877, 6.62729072571, 9.6888217926, 16.5729560852, 15.4393882751, 18.2808704376, 20.7547111511, 20.0975799561, 16.9133491516, 13.3316583633, 20.1165428162, 18.0703849792, 24.7885761261, 29.5760936737, 28.0117492676, 22.4696311951, 16.2256031036, 12.7080307007, 10.1795101166, 8.70057106018, 7.40124845505, 5.35765600204, 4.15273618698, 3.35744714737, 2.37531208992, 1.93980038166, 1.22695291042, 0.672719120979, 0.412066459656, 0.184107482433, 0.0315060392022, 0.0032399748452, 0.000228940756642, 1.65814290085e-05], "dmean2": [0.078702442348, 1.23951387405, 3.36948347092, 5.9543595314, 8.41570663452, 10.0259933472, 6.65797567368, 10.6952629089, 15.405880928, 24.0258255005, 23.7657794952, 28.3269023895, 32.4669342041, 30.3985881805, 25.5131034851, 20.112991333, 31.3463287354, 28.3163757324, 39.4466056824, 48.184879303, 45.2116546631, 35.4725036621, 26.6296730042, 21.2234897614, 17.1004104614, 14.4730710983, 12.0758676529, 8.58121204376, 6.54597806931, 5.12406396866, 3.56456661224, 2.90578389168, 1.8103158474, 0.983630359173, 0.604485213757, 0.272480875254, 0.0477145686746, 0.00497849751264, 0.000356889941031, 2.50119737757e-05], "dvar": [0.00912415329367, 2.67139840126, 15.2689962387, 50.8436889648, 115.500473022, 243.730361938, 67.103263855, 223.350006104, 392.652130127, 685.985961914, 956.803649902, 3174.84033203, 4437.64746094, 3383.76391602, 3299.15966797, 1773.94482422, 2493.68066406, 2676.26245117, 4441.12255859, 4267.30322266, 2737.76196289, 2284.05371094, 720.760986328, 514.818847656, 409.387481689, 279.370819092, 206.783050537, 104.278762817, 74.9999084473, 52.6556472778, 40.2153549194, 45.0540924072, 25.7256736755, 9.83368301392, 4.53657150269, 1.35542321205, 0.0322354063392, 0.000257567560766, 1.4128517023e-06, 1.82003068172e-09], "dvar2": [0.0232812780887, 7.24166059494, 40.2951087952, 139.790893555, 321.472076416, 688.422729492, 163.461273193, 584.429138184, 1010.83190918, 1530.63439941, 2370.21557617, 7742.28271484, 10459.6044922, 7454.08105469, 6635.90771484, 3622.33032227, 5318.11376953, 5812.15234375, 9844.375, 10279.8916016, 6280.47900391, 4536.57275391, 1636.60534668, 1307.36486816, 1067.81079102, 731.232666016, 531.92578125, 256.203369141, 178.527404785, 111.738502502, 83.7480545044, 88.4442367554, 48.8765106201, 20.2046642303, 9.23643875122, 3.11513447762, 0.0712135359645, 0.000564960180782, 2.90260186375e-06, 3.59059737498e-09], "max": [1.28290140629, 18.0924034119, 47.9827346802, 87.3714752197, 134.087753296, 161.954345703, 202.775161743, 519.71685791, 535.323547363, 558.489074707, 779.856628418, 1767.0838623, 1637.60327148, 2161.30688477, 2510.40161133, 1643.3067627, 1207.56103516, 1574.83679199, 3264.59765625, 2411.60351562, 1329.69506836, 1888.0682373, 1149.36474609, 447.636566162, 708.417236328, 318.16998291, 369.503997803, 158.8074646, 176.655380249, 208.107452393, 175.479354858, 254.60307312, 220.859573364, 150.766220093, 69.7276077271, 49.6318664551, 8.40728378296, 0.830693304539, 0.0800241976976, 0.00274069281295], "mean": [0.0638842880726, 0.964047729969, 2.8665368557, 4.65520572662, 6.31048202515, 7.48024177551, 7.23748254776, 11.6906118393, 16.6301937103, 33.307762146, 27.6269493103, 31.5682487488, 32.9668159485, 33.894115448, 27.3794059753, 20.6931400299, 31.2482414246, 27.7180919647, 38.2250709534, 48.324962616, 50.9492073059, 43.1087646484, 32.0178070068, 22.3703918457, 17.8263626099, 16.1743507385, 13.1486358643, 10.0240526199, 7.62927770615, 6.30835771561, 4.45328712463, 3.63748121262, 2.2465429306, 1.11154663563, 0.629806339741, 0.252831190825, 0.0397085398436, 0.00397133687511, 0.000291312579066, 4.11459441239e-05], "median": [0.0371521152556, 0.509843707085, 1.83941841125, 2.79025316238, 3.86739802361, 3.84689950943, 4.38487911224, 5.51414966583, 9.14464092255, 18.2440834045, 16.167427063, 16.6667404175, 14.1327037811, 15.3489255905, 12.4958629608, 8.11365699768, 13.1533975601, 11.6752109528, 19.2323265076, 26.9535522461, 32.9274215698, 23.6925125122, 21.0052165985, 14.530090332, 10.8020048141, 10.037273407, 6.89748096466, 4.96560811996, 2.83576726913, 2.20247721672, 1.38148260117, 0.998372912407, 0.599593520164, 0.267799884081, 0.102016195655, 0.02927390486, 0.00439609121531, 0.00050564063713, 5.04758718307e-05, 2.95029294648e-05], "min": [9.35004392998e-23, 6.03386251592e-22, 1.97093754348e-21, 4.98140968407e-21, 9.70239722348e-21, 2.21066442085e-20, 4.8174830854e-20, 5.97463638406e-20, 1.2430293804e-19, 1.2478844136e-19, 2.56316905448e-19, 2.74058895612e-19, 4.717299881e-19, 7.86154263628e-19, 6.24979723934e-19, 1.13303550373e-18, 1.63370528444e-18, 1.93139331803e-18, 2.4669185252e-18, 3.67411955964e-18, 3.68340838433e-18, 4.00112349453e-18, 4.47907465631e-18, 5.65226161038e-18, 6.28303439033e-18, 4.94016829081e-18, 8.23906218098e-18, 1.07580637199e-17, 1.21372310542e-17, 1.20714834303e-17, 9.51467146567e-18, 1.0845709296e-17, 9.6155279434e-18, 7.96262421053e-18, 6.80751694312e-18, 4.1242580141e-18, 2.17904726432e-18, 8.78407390901e-19, 2.36177151333e-19, 2.77353691701e-20], "var": [0.00875468924642, 2.25117301941, 14.2412633896, 44.2070426941, 89.9080123901, 183.881240845, 106.398071289, 328.350891113, 554.728149414, 1983.42956543, 1525.69555664, 5178.45263672, 8495.30175781, 6489.77978516, 6448.09179688, 3178.78295898, 4691.33105469, 4747.40478516, 7249.40234375, 6819.42529297, 5024.921875, 7401.28417969, 1787.27685547, 775.815490723, 557.539550781, 409.398010254, 321.732452393, 188.29119873, 153.734512329, 122.145385742, 89.9007263184, 105.429405212, 59.8696899414, 18.0025291443, 7.9487862587, 1.87039482594, 0.0438616909087, 0.000368852284737, 2.04283082894e-06, 3.26177818089e-09]}, "erbbands_crest": {"dmean": 2.52946186066, "dmean2": 4.00163078308, "dvar": 6.60132265091, "dvar2": 15.4376296997, "max": 31.3902130127, "mean": 8.3599319458, "median": 7.01645374298, "min": 2.16403985023, "var": 20.7782554626}, "erbbands_flatness_db": {"dmean": 0.0165000390261, "dmean2": 0.0237387642264, "dvar": 0.000267069815891, "dvar2": 0.000534128048457, "max": 0.388792037964, "mean": 0.157343670726, "median": 0.153796195984, "min": 0.0325423963368, "var": 0.00155309948605}, "erbbands_kurtosis": {"dmean": 0.744559049606, "dmean2": 1.15773653984, "dvar": 1.34977412224, "dvar2": 3.0411195755, "max": 35.3733787537, "mean": 0.12813693285, "median": -0.463393688202, "min": -1.79699456692, "var": 3.42005109787}, "erbbands_skewness": {"dmean": 0.337467193604, "dmean2": 0.510624527931, "dvar": 0.110477402806, "dvar2": 0.248524740338, "max": 4.27563714981, "mean": -0.0245931763202, "median": -0.0746268332005, "min": -3.41912889481, "var": 0.476114541292}, "erbbands_spread": {"dmean": 6.94634628296, "dmean2": 10.6448259354, "dvar": 51.7517089844, "dvar2": 119.929298401, "max": 126.807861328, "mean": 36.2999763489, "median": 35.2622909546, "min": 2.48918628693, "var": 199.668136597}, "gfcc": {"cov": [[16810.7089844, 270.877563477, -1527.3425293, 656.725158691, -888.192932129, 521.36907959, -651.121398926, 222.248062134, -350.140167236, 1.78347480297, -310.756439209, -44.4312782288, -174.971817017], [270.877563477, 1373.51452637, -256.276947021, -0.60879188776, 159.211242676, -233.688400269, 133.470672607, -124.056106567, 119.457756042, -92.8586730957, 73.7407836914, -118.209396362, 33.7026863098], [-1527.3425293, -256.276947021, 728.679992676, 2.45722866058, 86.8861236572, 70.9248657227, 40.4689445496, 29.9002437592, -16.5375957489, 54.4853439331, 2.31209039688, 34.4864006042, -23.2223796844], [656.725158691, -0.60879188776, 2.45722866058, 352.056243896, -19.6486911774, 56.8466110229, 4.81071138382, -7.50882959366, 16.1658477783, -10.5720624924, -10.1413507462, -46.0729904175, -8.19769382477], [-888.192932129, 159.211242676, 86.8861236572, -19.6486911774, 290.635681152, -6.86032104492, 66.905456543, -10.0194168091, 16.9498596191, 5.44744062424, 22.0967025757, 8.93940162659, 13.610575676], [521.36907959, -233.688400269, 70.9248657227, 56.8466110229, -6.86032104492, 217.138427734, 8.1431016922, 40.7830734253, -43.4145088196, 10.4258508682, -19.5156574249, 1.12911105156, -24.361207962], [-651.121398926, 133.470672607, 40.4689445496, 4.81071138382, 66.905456543, 8.1431016922, 156.975021362, -1.23430371284, 38.5502586365, -16.0014705658, 16.6291389465, -20.9482803345, 2.75055599213], [222.248062134, -124.056106567, 29.9002437592, -7.50882959366, -10.0194168091, 40.7830734253, -1.23430371284, 121.685287476, 21.4492263794, 16.902217865, -22.2808914185, 12.3630523682, -4.82518339157], [-350.140167236, 119.457756042, -16.5375957489, 16.1658477783, 16.9498596191, -43.4145088196, 38.5502586365, 21.4492263794, 117.349327087, 15.681388855, 15.6901550293, -27.396030426, 0.381381571293], [1.78347480297, -92.8586730957, 54.4853439331, -10.5720624924, 5.44744062424, 10.4258508682, -16.0014705658, 16.902217865, 15.681388855, 86.1941757202, 18.9169483185, 11.6181268692, -14.8421487808], [-310.756439209, 73.7407836914, 2.31209039688, -10.1413507462, 22.0967025757, -19.5156574249, 16.6291389465, -22.2808914185, 15.6901550293, 18.9169483185, 74.3882064819, 15.7703380585, 2.25358867645], [-44.4312782288, -118.209396362, 34.4864006042, -46.0729904175, 8.93940162659, 1.12911105156, -20.9482803345, 12.3630523682, -27.396030426, 11.6181268692, 15.7703380585, 86.8988113403, 28.1691055298], [-174.971817017, 33.7026863098, -23.2223796844, -8.19769382477, 13.610575676, -24.361207962, 2.75055599213, -4.82518339157, 0.381381571293, -14.8421487808, 2.25358867645, 28.1691055298, 71.4981994629]], "icov": [[0.000273101322819, -0.000593431293964, 0.000501075410284, -0.000508291705046, 0.000644292216748, -0.000844830530696, 0.000753338390496, -0.000581456813961, 0.000721119809896, -0.000815092003904, 0.00114297005348, -0.00105043116491, 0.000778589921538], [-0.000593431293964, 0.0028073657304, -0.000776936009061, 0.00117277400568, -0.00209491886199, 0.00290772388689, -0.00211180117913, 0.00176041875966, -0.00203281291761, 0.00297489203513, -0.00385401304811, 0.00424653617665, -0.00222708820365], [0.000501075410284, -0.000776936009061, 0.00260428455658, -0.00103115662932, 0.000635010190308, -0.00158681045286, 0.00071227713488, -0.00104086031206, 0.001510361908, -0.00224801222794, 0.00226281862706, -0.00237164483406, 0.00194926327094], [-0.000508291705046, 0.00117277400568, -0.00103115662932, 0.00426213210449, -0.00105298438575, 0.000405258469982, -0.00100205326453, 0.00161107082386, -0.00216049258597, 0.00198366120458, -0.00233944761567, 0.00381630612537, -0.00216366839595], [0.000644292216748, -0.00209491886199, 0.000635010190308, -0.00105298438575, 0.00588767183945, -0.00241919560358, 0.000396658142563, -0.001210834831, 0.00176556501538, -0.00278210965917, 0.00284152221866, -0.00367052759975, 0.00137730932329], [-0.000844830530696, 0.00290772388689, -0.00158681045286, 0.000405258469982, -0.00241919560358, 0.00987586099654, -0.00398860964924, -0.000363272527466, 0.000923830200918, 0.00236352300271, -0.00396172003821, 0.00465410156175, -0.00117570429575], [0.000753338390496, -0.00211180117913, 0.00071227713488, -0.00100205326453, 0.000396658142563, -0.00398860964924, 0.0110286865383, -0.00176775478758, -0.000730213942006, 0.000299206003547, 0.00124584324658, -0.00137813936453, 0.00154709408525], [-0.000581456813961, 0.00176041875966, -0.00104086031206, 0.00161107082386, -0.001210834831, -0.000363272527466, -0.00176775478758, 0.0128197399899, -0.00615872209892, 0.000700359290931, 0.00190386432223, -0.000839484506287, -0.000917262455914], [0.000721119809896, -0.00203281291761, 0.001510361908, -0.00216049258597, 0.00176556501538, 0.000923830200918, -0.000730213942006, -0.00615872209892, 0.0158490296453, -0.00571197457612, 0.000418258685386, 0.00187633035239, 0.000534239981789], [-0.000815092003904, 0.00297489203513, -0.00224801222794, 0.00198366120458, -0.00278210965917, 0.00236352300271, 0.000299206003547, 0.000700359290931, -0.00571197457612, 0.0189529657364, -0.00866105221212, 0.00284882774577, 0.000586430833209], [0.00114297005348, -0.00385401304811, 0.00226281862706, -0.00233944761567, 0.00284152221866, -0.00396172003821, 0.00124584324658, 0.00190386432223, 0.000418258685386, -0.00866105221212, 0.0245349984616, -0.0119188465178, 0.00539264082909], [-0.00105043116491, 0.00424653617665, -0.00237164483406, 0.00381630612537, -0.00367052759975, 0.00465410156175, -0.00137813936453, -0.000839484506287, 0.00187633035239, 0.00284882774577, -0.0119188465178, 0.0260581709445, -0.0119336768985], [0.000778589921538, -0.00222708820365, 0.00194926327094, -0.00216366839595, 0.00137730932329, -0.00117570429575, 0.00154709408525, -0.000917262455914, 0.000534239981789, 0.000586430833209, 0.00539264082909, -0.0119336768985, 0.0211929678917]], "mean": [5.23628854752, 93.1429138184, -133.714859009, 40.3652420044, -57.0900192261, 11.8619480133, -36.3936767578, 13.3494186401, -15.7774429321, 0.310156673193, -17.9819545746, -5.01816701889, -8.34803581238]}, "hfc": {"dmean": 7.7878074646, "dmean2": 11.6864118576, "dvar": 157.32711792, "dvar2": 344.943054199, "max": 305.869873047, "mean": 24.480178833, "median": 18.4771766663, "min": 1.08562618045e-16, "var": 436.24899292}, "melbands": {"dmean": [0.000590806244873, 0.000989024643786, 0.000588578172028, 0.000409388449043, 0.000150453197421, 0.000147594604641, 0.000153672794113, 0.00016931798018, 0.000129277032102, 0.00011774268205, 0.000106891042378, 8.68385177455e-05, 6.62376405671e-05, 3.52849128831e-05, 4.71005005238e-05, 3.96095747419e-05, 3.67007414752e-05, 4.48195314675e-05, 3.6653396819e-05, 4.42586424469e-05, 3.42295279552e-05, 2.73376372206e-05, 1.81138475455e-05, 1.79470880539e-05, 1.03313850559e-05, 8.8465258159e-06, 6.6557890932e-06, 6.16638908468e-06, 5.35031585969e-06, 3.84555914934e-06, 3.10215318677e-06, 2.60663114204e-06, 2.14555961975e-06, 1.89516799765e-06, 1.44717193962e-06, 1.38548466566e-06, 1.19427829759e-06, 9.62997773968e-07, 7.19475224287e-07, 5.57597047646e-07], "dmean2": [0.00100654247217, 0.0016916039167, 0.00102108449209, 0.000719238480087, 0.000244769616984, 0.000238240987528, 0.000241745699896, 0.000247791380389, 0.00019939946651, 0.000183332376764, 0.000167912003235, 0.000131884997245, 0.000101748475572, 5.41181507288e-05, 7.15145652066e-05, 6.21914441581e-05, 5.81814128964e-05, 7.20113966963e-05, 5.94303928665e-05, 7.27163496776e-05, 5.53644349566e-05, 4.35738984379e-05, 2.94715064229e-05, 2.99144267046e-05, 1.73425250978e-05, 1.49750167111e-05, 1.11071985884e-05, 1.02982830867e-05, 8.83343818714e-06, 6.28089674137e-06, 5.01314434587e-06, 4.15543445342e-06, 3.39634266311e-06, 2.92314439321e-06, 2.22094899982e-06, 2.11968790609e-06, 1.80092843038e-06, 1.43853196732e-06, 1.07767414192e-06, 8.33518754462e-07], "dvar": [1.66712777627e-06, 4.147868367e-06, 1.3307219433e-06, 1.24423957004e-06, 8.14067178112e-08, 1.00712576057e-07, 8.58263291548e-08, 7.01741456055e-08, 8.18607901465e-08, 1.29528103798e-07, 1.13701766224e-07, 6.36282635469e-08, 4.3766117841e-08, 1.42801015457e-08, 1.87619608738e-08, 1.18992993237e-08, 1.1406406486e-08, 1.62392641556e-08, 9.38438038389e-09, 9.16676867746e-09, 4.53176740578e-09, 3.73424979827e-09, 1.34483113534e-09, 9.75634906197e-10, 3.92819554662e-10, 2.57130705617e-10, 2.02968267193e-10, 1.32609617731e-10, 1.04355156461e-10, 5.38569258635e-11, 3.67690461411e-11, 3.03770480992e-11, 2.0519261637e-11, 1.94120015201e-11, 1.42898618286e-11, 1.77045340194e-11, 2.05664860142e-11, 1.62638253559e-11, 9.40964233614e-12, 7.26291162628e-12], "dvar2": [4.41469592261e-06, 1.08263266156e-05, 3.66403423868e-06, 3.51242397301e-06, 2.04117213798e-07, 2.61923077005e-07, 2.20717652155e-07, 1.59352921969e-07, 2.06317551488e-07, 3.12710170647e-07, 2.67847582336e-07, 1.3960473666e-07, 9.36496604709e-08, 2.878058325e-08, 3.776134605e-08, 2.57861998421e-08, 2.53294274444e-08, 3.62866501291e-08, 2.12638635588e-08, 2.25022116496e-08, 1.03847881405e-08, 7.81982922859e-09, 3.17546389184e-09, 2.3865551757e-09, 9.99292870674e-10, 6.74306277482e-10, 5.30047228331e-10, 3.48476802969e-10, 2.71044187095e-10, 1.37277050838e-10, 9.10332156878e-11, 7.40983246983e-11, 4.79123025976e-11, 4.2585875798e-11, 3.07678084399e-11, 3.71558166179e-11, 4.23257921767e-11, 3.18633418261e-11, 1.9696541273e-11, 1.52829155581e-11], "max": [0.0163031965494, 0.0237165391445, 0.0161731503904, 0.0122286276892, 0.00529380096123, 0.0105235502124, 0.00750980852172, 0.00762408273295, 0.00944614876062, 0.0110367853194, 0.00835112575442, 0.00901660509408, 0.00811308249831, 0.00361657142639, 0.0054014804773, 0.00362526159734, 0.0029042577371, 0.00618748459965, 0.00234323670156, 0.00377777195536, 0.00199533835985, 0.00226348428987, 0.0017023535911, 0.000972713634837, 0.000439739407739, 0.000482669391204, 0.00048457988305, 0.000187116369489, 0.000280039093923, 0.000166737052496, 0.000104102044133, 9.69898828771e-05, 0.000127324368805, 0.000141322729178, 9.54832648858e-05, 0.000159679228091, 0.000188033707673, 0.000188220074051, 0.000120043638162, 0.000130974076455], "mean": [0.000809951801784, 0.00149008329026, 0.000853051024023, 0.000517264939845, 0.000268261035671, 0.000264635280473, 0.000274412566796, 0.00033983119647, 0.000224104791414, 0.000196315784706, 0.000165055869729, 0.000140713251312, 0.000103572689113, 5.03394185216e-05, 7.07273648004e-05, 5.85088237131e-05, 5.17161170137e-05, 6.4074236434e-05, 5.38066742592e-05, 7.21289470675e-05, 5.68468822166e-05, 4.72379069834e-05, 3.06192923745e-05, 3.06675465254e-05, 1.62166488735e-05, 1.37550114232e-05, 1.13927580969e-05, 1.07065870907e-05, 8.89667626325e-06, 6.46784747005e-06, 5.48266098122e-06, 4.43690987595e-06, 3.79425978281e-06, 3.33904927174e-06, 2.54120595855e-06, 2.42679539042e-06, 2.13031148633e-06, 1.68751375895e-06, 1.16396199701e-06, 8.60764032495e-07], "median": [0.000468240876216, 0.000979805598035, 0.000571751443204, 0.000290369294817, 0.000166275829542, 0.000129134306917, 0.000161639996804, 0.000195876753423, 0.000127249542857, 9.7481533885e-05, 6.76344279782e-05, 5.96459431108e-05, 4.45926198154e-05, 1.66069057741e-05, 2.35487932514e-05, 2.60617052845e-05, 1.99181977223e-05, 2.92251133942e-05, 2.64460250037e-05, 4.29036590504e-05, 3.46088345395e-05, 2.42754285864e-05, 1.75755521923e-05, 1.87256464415e-05, 9.86594932328e-06, 8.06376920082e-06, 6.38746405457e-06, 6.47820161248e-06, 4.5259748731e-06, 3.12225552079e-06, 2.61346576735e-06, 1.58316197485e-06, 1.31391323066e-06, 1.08686765543e-06, 7.44530325392e-07, 6.57626969769e-07, 5.64643755752e-07, 4.25917505709e-07, 2.98184374969e-07, 1.85451654033e-07], "min": [1.34362280087e-24, 1.05857797074e-24, 7.81150480126e-25, 1.77468420683e-24, 2.08068453525e-24, 1.40013758498e-24, 1.78566771443e-24, 1.51845350734e-24, 1.7067711715e-24, 1.52418093334e-24, 1.93300109633e-24, 3.00196954848e-24, 1.44131602562e-24, 2.39664502147e-24, 2.98829878621e-24, 3.33050684411e-24, 3.08631928963e-24, 3.68728141584e-24, 3.26240310166e-24, 3.88640529111e-24, 4.20407405561e-24, 2.99690269489e-24, 3.26022012632e-24, 4.0739463217e-24, 4.52809867243e-24, 4.14413679846e-24, 4.43634271067e-24, 2.81918022155e-24, 4.11805232377e-24, 5.16783646757e-24, 5.72417154908e-24, 5.20677227527e-24, 6.58230903571e-24, 5.915734587e-24, 4.74822005284e-24, 5.70294724642e-24, 6.11586347106e-24, 5.16627688956e-24, 5.76201675658e-24, 6.11895620024e-24], "var": [1.46739989759e-06, 3.86069950764e-06, 1.17910406061e-06, 8.82016536252e-07, 1.21287968113e-07, 1.53386864099e-07, 1.27567673758e-07, 1.93879017729e-07, 1.25032244114e-07, 2.11802060335e-07, 2.23446235736e-07, 1.21599867953e-07, 8.84264537149e-08, 2.4135136556e-08, 3.85493734711e-08, 2.07829984333e-08, 1.85632753613e-08, 2.64740798173e-08, 1.3529700027e-08, 1.547712003e-08, 7.56984519512e-09, 1.07641948688e-08, 2.81918799416e-09, 1.95637261946e-09, 5.18269760441e-10, 3.33119892781e-10, 2.84067935841e-10, 1.89188720245e-10, 1.6059051311e-10, 8.42660732858e-11, 6.25956786404e-11, 5.60357003854e-11, 4.33046168369e-11, 3.93208174354e-11, 2.95766952596e-11, 3.75730384305e-11, 4.41084078984e-11, 3.63120332414e-11, 1.74666479197e-11, 1.22749518883e-11]}, "melbands_crest": {"dmean": 2.95739746094, "dmean2": 4.82285737991, "dvar": 8.15250968933, "dvar2": 20.9997310638, "max": 33.376121521, "mean": 11.6157751083, "median": 10.904050827, "min": 1.61756360531, "var": 19.3680610657}, "melbands_flatness_db": {"dmean": 0.0237534921616, "dmean2": 0.0367949381471, "dvar": 0.000684870348778, "dvar2": 0.00168438535184, "max": 0.509647488594, "mean": 0.160257026553, "median": 0.152140974998, "min": 0.0034701845143, "var": 0.00355502986349}, "melbands_kurtosis": {"dmean": 3.80936574936, "dmean2": 6.27559757233, "dvar": 52.0100364685, "dvar2": 142.796127319, "max": 265.325714111, "mean": 6.08796930313, "median": 3.78449773788, "min": -1.76914691925, "var": 128.718078613}, "melbands_skewness": {"dmean": 0.595581829548, "dmean2": 0.933501362801, "dvar": 0.478672593832, "dvar2": 1.17254960537, "max": 14.9969749451, "mean": 1.93487036228, "median": 1.83616447449, "min": -2.34849286079, "var": 1.43005430698}, "melbands_spread": {"dmean": 8.48296833038, "dmean2": 13.2668533325, "dvar": 92.5641403198, "dvar2": 212.800537109, "max": 235.469161987, "mean": 33.647769928, "median": 30.3493423462, "min": 1.28396701813, "var": 387.744873047}, "mfcc": {"cov": [[6852.39111328, -308.23223877, 13.118475914, -8.63275814056, 28.9809150696, 87.7681884766, -58.2881813049, 67.0258178711, -33.0940856934, 52.5590324402, -41.2278938293, -68.6171264648, -82.3726577759], [-308.23223877, 1338.21887207, -242.84828186, 152.59753418, 7.10261011124, -34.2475204468, -11.5847568512, -26.4499740601, 10.6026630402, -11.9001293182, 19.4802894592, 33.3565711975, 16.8362674713], [13.118475914, -242.84828186, 488.728973389, 4.63713645935, 21.4048252106, 39.951007843, 31.0176906586, 9.75189495087, 0.163741350174, 24.4474925995, 5.3107047081, 6.41304540634, -5.44989442825], [-8.63275814056, 152.59753418, 4.63713645935, 256.531982422, 33.7651901245, 33.4447746277, -5.92356967926, -6.10658550262, 20.6741657257, 6.84042406082, 13.649438858, 10.9465522766, 3.32055878639], [28.9809150696, 7.10261011124, 21.4048252106, 33.7651901245, 161.236923218, 34.663143158, 32.0395240784, 7.92896413803, 11.9472799301, 2.43130874634, 8.9098110199, 4.34030580521, -3.84803962708], [87.7681884766, -34.2475204468, 39.951007843, 33.4447746277, 34.663143158, 140.832077026, 62.2008552551, 12.3530473709, -10.6592483521, 15.4856033325, 15.1782970428, -10.4498615265, -10.4136610031], [-58.2881813049, -11.5847568512, 31.0176906586, -5.92356967926, 32.0395240784, 62.2008552551, 121.178367615, 34.8777694702, 2.23817706108, -2.08580684662, 5.54943227768, -4.67862653732, -6.59731006622], [67.0258178711, -26.4499740601, 9.75189495087, -6.10658550262, 7.92896413803, 12.3530473709, 34.8777694702, 95.7141189575, 34.60887146, 8.13795757294, -5.21619033813, 0.231278955936, 2.61481833458], [-33.0940856934, 10.6026630402, 0.163741350174, 20.6741657257, 11.9472799301, -10.6592483521, 2.23817706108, 34.60887146, 97.5191192627, 28.2883319855, 4.89357662201, -1.00117993355, 3.38044524193], [52.5590324402, -11.9001293182, 24.4474925995, 6.84042406082, 2.43130874634, 15.4856033325, -2.08580684662, 8.13795757294, 28.2883319855, 90.7619781494, 36.8883361816, 1.63974547386, -3.80364942551], [-41.2278938293, 19.4802894592, 5.3107047081, 13.649438858, 8.9098110199, 15.1782970428, 5.54943227768, -5.21619033813, 4.89357662201, 36.8883361816, 77.9238967896, 24.2344455719, 1.95383727551], [-68.6171264648, 33.3565711975, 6.41304540634, 10.9465522766, 4.34030580521, -10.4498615265, -4.67862653732, 0.231278955936, -1.00117993355, 1.63974547386, 24.2344455719, 72.8339004517, 26.2603054047], [-82.3726577759, 16.8362674713, -5.44989442825, 3.32055878639, -3.84803962708, -10.4136610031, -6.59731006622, 2.61481833458, 3.38044524193, -3.80364942551, 1.95383727551, 26.2603054047, 62.7230224609]], "icov": [[0.00015754380729, 2.83593963104e-05, 1.98846773856e-05, -5.60443231734e-06, -4.58528047602e-05, -0.000133076289785, 0.000211025893805, -0.000196616034373, 0.000133212306537, -0.000127862847876, 0.000115415510663, 3.62432911061e-05, 0.000173093591002], [2.83593963104e-05, 0.000920228136238, 0.000455614353996, -0.000579003419261, 5.52453548153e-06, 0.00030024748412, -0.000267168798018, 0.000206966258702, 1.97237682187e-06, -1.78997288458e-05, -6.94329937687e-05, -0.000299464270938, 2.80417737031e-07], [1.98846773856e-05, 0.000455614353996, 0.00237262481824, -0.000260541739408, -0.000140906166052, -0.000260464294115, -0.000470208469778, 9.5572162536e-05, 0.000154021574417, -0.000738203641959, 0.000412505993154, -0.000613112410065, 0.000209208883462], [-5.60443231734e-06, -0.000579003419261, -0.000260541739408, 0.00474258698523, -0.000695409195032, -0.00176574743818, 0.00122918165289, 0.000449909071904, -0.00137565447949, 0.00050996785285, -0.000310480594635, -0.000478465954075, -3.58879333362e-05], [-4.58528047602e-05, 5.52453548153e-06, -0.000140906166052, -0.000695409195032, 0.00697513623163, -0.00101431284565, -0.00140961923171, 0.000391854118789, -0.00110686849803, 0.000564153073356, -0.000376974552637, -0.000639758538455, 0.000431246939115], [-0.000133076289785, 0.00030024748412, -0.000260464294115, -0.00176574743818, -0.00101431284565, 0.0110558271408, -0.00538483494893, -7.8082048276e-05, 0.00241811573505, -0.00191737455316, -0.00128582131583, 0.00180833693594, 6.20444552624e-05], [0.000211025893805, -0.000267168798018, -0.000470208469778, 0.00122918165289, -0.00140961923171, -0.00538483494893, 0.0130279883742, -0.00432312255725, 0.000125816193759, 0.00194483005907, -0.00107424287125, 0.000365089479601, 0.000804714800324], [-0.000196616034373, 0.000206966258702, 9.5572162536e-05, 0.000449909071904, 0.000391854118789, -7.8082048276e-05, -0.00432312255725, 0.0142405498773, -0.00514181889594, -0.000476938846987, 0.00191795430146, -0.00116232573055, -0.000691499037202], [0.000133212306537, 1.97237682187e-06, 0.000154021574417, -0.00137565447949, -0.00110686849803, 0.00241811573505, 0.000125816193759, -0.00514181889594, 0.0141634233296, -0.00463224248961, 0.000576411606744, 0.00111768604256, -0.000708364648744], [-0.000127862847876, -1.78997288458e-05, -0.000738203641959, 0.00050996785285, 0.000564153073356, -0.00191737455316, 0.00194483005907, -0.000476938846987, -0.00463224248961, 0.016310788691, -0.00794910173863, 0.00174902961589, 0.000440587347839], [0.000115415510663, -6.94329937687e-05, 0.000412505993154, -0.000310480594635, -0.000376974552637, -0.00128582131583, -0.00107424287125, 0.00191795430146, 0.000576411606744, -0.00794910173863, 0.0192601978779, -0.00686879362911, 0.00155562360305], [3.62432911061e-05, -0.000299464270938, -0.000613112410065, -0.000478465954075, -0.000639758538455, 0.00180833693594, 0.000365089479601, -0.00116232573055, 0.00111768604256, 0.00174902961589, -0.00686879362911, 0.0192664135247, -0.00735861901194], [0.000173093591002, 2.80417737031e-07, 0.000209208883462, -3.58879333362e-05, 0.000431246939115, 6.20444552624e-05, 0.000804714800324, -0.000691499037202, -0.000708364648744, 0.000440587347839, 0.00155562360305, -0.00735861901194, 0.0194379352033]], "mean": [-621.869873047, 114.443244934, -13.2598028183, 27.0362033844, 3.28426742554, 1.85321068764, -5.70572185516, 5.23236274719, 6.35885858536, 5.58304738998, -1.95080447197, 2.10732340813, -1.29584634304]}, "pitch_salience": {"dmean": 0.0670768916607, "dmean2": 0.108061864972, "dvar": 0.00408829422668, "dvar2": 0.010642811656, "max": 0.858712673187, "mean": 0.603104054928, "median": 0.616256952286, "min": 0.151010066271, "var": 0.0114552946761}, "silence_rate_20dB": {"dmean": 0, "dmean2": 0, "dvar": 0, "dvar2": 0, "max": 1, "mean": 1, "median": 1, "min": 1, "var": 0}, "silence_rate_30dB": {"dmean": 0, "dmean2": 0, "dvar": 0, "dvar2": 0, "max": 1, "mean": 1, "median": 1, "min": 1, "var": 0}, "silence_rate_60dB": {"dmean": 0.00651213293895, "dmean2": 0.0130252754316, "dvar": 0.00646993052214, "dvar2": 0.015024729073, "max": 1, "mean": 0.0308527126908, "median": 0, "min": 0, "var": 0.0299009755254}, "spectral_centroid": {"dmean": 254.066375732, "dmean2": 398.654571533, "dvar": 80380.2109375, "dvar2": 190233.984375, "max": 11750.2304688, "mean": 1758.22058105, "median": 1672.64135742, "min": 209.292434692, "var": 1030654.25}, "spectral_complexity": {"dmean": 4.5969452858, "dmean2": 7.08466434479, "dvar": 23.9675312042, "dvar2": 52.2456817627, "max": 63, "mean": 25.87449646, "median": 26, "min": 0, "var": 112.654335022}, "spectral_contrast_coeffs": {"dmean": [0.0506470315158, 0.0454237833619, 0.0403603836894, 0.0335996821523, 0.0226448755711, 0.0189425442368], "dmean2": [0.0841314941645, 0.0726775377989, 0.0644660666585, 0.0545062199235, 0.037007059902, 0.0302117094398], "dvar": [0.00213758531027, 0.0013902670471, 0.00114030763507, 0.000762901792768, 0.000383628037525, 0.000314166827593], "dvar2": [0.00582786789164, 0.00358524126932, 0.00275229010731, 0.0018929875223, 0.000951276917476, 0.000766779528931], "max": [-0.344457358122, -0.45544013381, -0.447573661804, -0.503155529499, -0.586057186127, -0.570715248585], "mean": [-0.663066029549, -0.737817645073, -0.762277305126, -0.76800775528, -0.784627616405, -0.741672873497], "median": [-0.665413439274, -0.73964881897, -0.770022988319, -0.775650680065, -0.791647672653, -0.736069023609], "min": [-0.979768335819, -0.978784680367, -0.98488265276, -0.98402184248, -0.981450676918, -0.979345560074], "var": [0.00493933260441, 0.00472533516586, 0.00432786997408, 0.00348502490669, 0.00201258412562, 0.00169686239678]}, "spectral_contrast_valleys": {"dmean": [0.394966006279, 0.359061568975, 0.339531064034, 0.310635626316, 0.272687792778, 0.321862578392], "dmean2": [0.630215287209, 0.57233196497, 0.540177762508, 0.485777467489, 0.421121001244, 0.441144287586], "dvar": [0.135040447116, 0.116408102214, 0.103088885546, 0.103687994182, 0.112143523991, 0.153908833861], "dvar2": [0.302349090576, 0.265991449356, 0.234659746289, 0.219411179423, 0.242967411876, 0.313125699759], "max": [-5.37932538986, -4.47393846512, -5.05095100403, -5.52568149567, -5.38487386703, -7.16021156311], "mean": [-7.36515283585, -6.68093204498, -7.28488492966, -7.48756170273, -7.28723192215, -10.2239112854], "median": [-7.01588201523, -6.41155958176, -7.02464771271, -7.1693406105, -6.96736717224, -9.92448425293], "min": [-28.3424167633, -28.5999565125, -27.8130760193, -27.6849822998, -27.4809055328, -27.3690166473], "var": [4.17660856247, 4.24176740646, 4.04302167892, 4.03369951248, 4.12014818192, 3.61834311485]}, "spectral_decrease": {"dmean": 2.05180117341e-09, "dmean2": 3.24066617985e-09, "dvar": 8.89864690245e-18, "dvar2": 2.15794150284e-17, "max": 2.24726774449e-28, "mean": -5.77516834355e-09, "median": -4.9462003382e-09, "min": -2.99288309691e-08, "var": 1.35474044265e-17}, "spectral_energy": {"dmean": 0.00823815725744, "dmean2": 0.0129451220855, "dvar": 0.000139867363032, "dvar2": 0.000337399367709, "max": 0.116040721536, "mean": 0.0240172464401, "median": 0.0206727087498, "min": 1.00434202025e-20, "var": 0.000226144125918}, "spectral_energyband_high": {"dmean": 0.000503235147335, "dmean2": 0.00073871423956, "dvar": 1.1674740108e-06, "dvar2": 2.37483527599e-06, "max": 0.0312753915787, "mean": 0.00112612743396, "median": 0.000539164466318, "min": 7.0691452916e-21, "var": 3.05464800476e-06}, "spectral_energyband_low": {"dmean": 0.00433988263831, "dmean2": 0.00719513883814, "dvar": 7.4436837167e-05, "dvar2": 0.000185838871403, "max": 0.101260952652, "mean": 0.0071452348493, "median": 0.00493845157325, "min": 1.6005771619e-23, "var": 7.64563083067e-05}, "spectral_energyband_middle_high": {"dmean": 0.00250587845221, "dmean2": 0.00383562431671, "dvar": 1.50919804582e-05, "dvar2": 3.12921365548e-05, "max": 0.0711980685592, "mean": 0.00705445697531, "median": 0.00504254642874, "min": 1.13820738912e-21, "var": 5.24021816091e-05}, "spectral_energyband_middle_low": {"dmean": 0.00418927846476, "dmean2": 0.00685335276648, "dvar": 4.89765006932e-05, "dvar2": 0.00012949226948, "max": 0.0811835154891, "mean": 0.0096929948777, "median": 0.00798670575023, "min": 1.18815818785e-22, "var": 6.15698299953e-05}, "spectral_entropy": {"dmean": 0.129238143563, "dmean2": 0.190562665462, "dvar": 0.0215896219015, "dvar2": 0.0445734411478, "max": 9.82519054413, "mean": 7.7362537384, "median": 7.76480484009, "min": 5.45098972321, "var": 0.17215539515}, "spectral_flux": {"dmean": 0.0248891748488, "dmean2": 0.0369219332933, "dvar": 0.000817388645373, "dvar2": 0.00152340321802, "max": 0.289012759924, "mean": 0.0852786079049, "median": 0.0730219781399, "min": 6.42563710573e-11, "var": 0.00213115406223}, "spectral_kurtosis": {"dmean": 1.47771310806, "dmean2": 2.50668883324, "dvar": 4.98821258545, "dvar2": 12.8933811188, "max": 74.3765106201, "mean": 4.04879379272, "median": 3.42411780357, "min": -1.26761758327, "var": 12.4610614777}, "spectral_rms": {"dmean": 0.000751552579459, "dmean2": 0.00114513293374, "dvar": 8.59548435983e-07, "dvar2": 1.97052622752e-06, "max": 0.01064004004, "mean": 0.00460369326174, "median": 0.004490934778, "min": 3.13024888128e-12, "var": 2.23743791139e-06}, "spectral_rolloff": {"dmean": 549.79284668, "dmean2": 900.528869629, "dvar": 757008.4375, "dvar2": 1625041, "max": 19702.8808594, "mean": 2133.70410156, "median": 1981.0546875, "min": 21.533203125, "var": 4213294}, "spectral_skewness": {"dmean": 0.195459038019, "dmean2": 0.318650186062, "dvar": 0.05002329126, "dvar2": 0.12374560535, "max": 6.93358135223, "mean": 1.34930443764, "median": 1.3043576479, "min": -0.0876979604363, "var": 0.215226441622}, "spectral_spread": {"dmean": 466715.34375, "dmean2": 690110.6875, "dvar": 474146111488, "dvar2": 936082604032, "max": 42636640, "mean": 4396790, "median": 3924848.25, "min": 1155018.5, "var": 12755424772100.0}, "spectral_strongpeak": {"dmean": 0.669395565987, "dmean2": 1.13028895855, "dvar": 1.380571