{"lowlevel": {"average_loudness": 0.0637881979346, "barkbands": {"dmean": [1.66448789969e-05, 0.000922271981835, 0.000292665179586, 0.000487147044623, 0.000978591386229, 0.000491123704705, 0.000554349680897, 0.000472850661026, 0.000255073886365, 0.000274842896033, 0.000415912305471, 0.000305090012262, 0.000566721253563, 0.000416540686274, 0.000163667296874, 0.00124851719011, 0.000109619672003, 8.07785108918e-05, 9.32877446758e-05, 7.90344638517e-05, 5.69082585571e-05, 5.75956728426e-05, 3.59522491635e-05, 3.32757008437e-05, 3.99948294216e-05, 5.58897409064e-05, 2.46936051553e-05], "dmean2": [2.6819681807e-05, 0.00140888430178, 0.000445152778411, 0.000778799178079, 0.00163812062237, 0.000782105780672, 0.000865598383825, 0.000711145810783, 0.000395036535338, 0.000416071357904, 0.000661121797748, 0.000488639983814, 0.000965814047959, 0.00068673043279, 0.000259062158875, 0.00193962361664, 0.000174881424755, 0.000131166976644, 0.00015153826098, 0.000126531900605, 8.8299086201e-05, 8.98172293091e-05, 5.63508147025e-05, 5.07830336574e-05, 5.90840354562e-05, 8.30671197036e-05, 4.15767026425e-05], "dvar": [2.70459188378e-09, 3.48927778759e-06, 4.18504413346e-07, 1.43362660765e-06, 4.32945580542e-06, 1.08319250103e-06, 3.28200167132e-06, 1.1931242625e-06, 4.25529066206e-07, 4.477155926e-07, 7.32598891773e-07, 1.74118031282e-06, 5.11995813213e-06, 3.11041230816e-06, 2.81248787815e-07, 3.76898606191e-05, 7.11652248242e-08, 3.71441402081e-08, 7.04448765987e-08, 4.00505690834e-08, 1.64971467598e-08, 1.82760278022e-08, 4.56478987942e-09, 4.16340961706e-09, 5.31963939565e-09, 1.71035239305e-08, 3.60826279966e-09], "dvar2": [6.70589983542e-09, 7.7353342931e-06, 8.87814678663e-07, 3.34729793394e-06, 1.10916125777e-05, 2.59799230662e-06, 7.21577725926e-06, 2.41821248892e-06, 9.53379242219e-07, 9.23851757761e-07, 1.76980358901e-06, 3.72592353415e-06, 1.47520049723e-05, 8.06318712421e-06, 6.14450812009e-07, 7.78205649112e-05, 1.77199936502e-07, 9.59159649483e-08, 1.84573210049e-07, 1.03352775227e-07, 4.03275173255e-08, 4.53765558461e-08, 1.08930251486e-08, 1.00553085858e-08, 1.1980487713e-08, 3.83681744154e-08, 9.61981161396e-09], "max": [0.00170145009179, 0.0453265979886, 0.0146809099242, 0.0348275713623, 0.0516054779291, 0.0432446189225, 0.0590542592108, 0.0388177111745, 0.0270733907819, 0.0227008871734, 0.01683765091, 0.07866897434, 0.0631807744503, 0.0394449196756, 0.0249506589025, 0.130729138851, 0.00831419974566, 0.00614677602425, 0.00653830403462, 0.00497165089473, 0.00261316634715, 0.00270887301303, 0.00183792994358, 0.00143299018964, 0.00167282018811, 0.00411026366055, 0.00115060084499], "mean": [2.31853991863e-05, 0.00183002755512, 0.000456974550616, 0.000739529321436, 0.00154099159408, 0.000833364087157, 0.000830100208987, 0.000698020856362, 0.0004782769538, 0.000522939604707, 0.000610879564192, 0.000449997285614, 0.000764049706049, 0.000569523719605, 0.000287594768452, 0.00268079061061, 0.000217535402044, 0.000158634371473, 0.000188808160601, 0.000188882680959, 0.000148900973727, 0.000147785031004, 8.97418576642e-05, 9.54052011366e-05, 0.000112089670438, 0.00015211160644, 3.20362087223e-05], "median": [3.77232504434e-06, 0.000452518026577, 0.00012197597971, 0.000142673379742, 0.000590415089391, 0.000264967384282, 0.000212649523746, 0.000180615694262, 0.000121981123812, 9.27302753553e-05, 0.000139210926136, 9.07451030798e-05, 8.74161487445e-05, 5.28533055331e-05, 5.09380297444e-05, 5.36584120709e-05, 3.80633573513e-05, 3.91165667679e-05, 3.0683397199e-05, 2.50473312917e-05, 2.0399749701e-05, 1.96686305571e-05, 2.80254807876e-05, 3.37459787261e-05, 3.91557987314e-05, 3.20114377246e-05, 7.83600262366e-06], "min": [4.59372378927e-26, 1.68669821133e-24, 4.78407703503e-25, 7.23183649607e-25, 5.34151287333e-24, 6.60369111054e-24, 3.03035611651e-24, 8.91573119436e-24, 6.62643160386e-24, 9.58757089518e-24, 1.17152384082e-23, 3.0681126166e-23, 2.6745350804e-23, 2.41545075548e-23, 4.63676315772e-23, 4.92501293249e-23, 6.34003596776e-23, 7.49940338315e-23, 1.19628863011e-22, 1.34126043856e-22, 1.98527423846e-22, 2.87103238017e-22, 2.95576008036e-22, 5.23797582615e-22, 8.17822727977e-22, 1.28722197718e-21, 1.94561462879e-21], "var": [3.88388388117e-09, 1.10096134449e-05, 8.85148892849e-07, 3.42217481375e-06, 7.81539438321e-06, 2.43222143581e-06, 5.00915712109e-06, 2.4876860607e-06, 1.32259071961e-06, 1.77341723884e-06, 1.34190884182e-06, 3.09897313855e-06, 7.17269676898e-06, 4.67146355732e-06, 6.80834887135e-07, 0.000148063074448, 1.97118481537e-07, 9.39200504035e-08, 1.84865967867e-07, 1.62825088523e-07, 8.21247923e-08, 8.95464395967e-08, 2.25986021007e-08, 2.6105027473e-08, 3.22754765136e-08, 1.11987077389e-07, 4.11218481489e-09]}, "barkbands_crest": {"dmean": 2.48297095299, "dmean2": 4.04848766327, "dvar": 5.98379278183, "dvar2": 15.0300235748, "max": 26.0910205841, "mean": 9.80577087402, "median": 8.72631645203, "min": 2.04850745201, "var": 23.2551708221}, "barkbands_flatness_db": {"dmean": 0.0207385160029, "dmean2": 0.0316299907863, "dvar": 0.000493544677738, "dvar2": 0.00108907034155, "max": 0.383316934109, "mean": 0.116359934211, "median": 0.102558001876, "min": 0.0147860208526, "var": 0.00381203996949}, "barkbands_kurtosis": {"dmean": 3.7257361412, "dmean2": 5.8181643486, "dvar": 46.2604789734, "dvar2": 109.317016602, "max": 151.758407593, "mean": 6.00451278687, "median": 1.66471505165, "min": -1.89293587208, "var": 129.44090271}, "barkbands_skewness": {"dmean": 0.593280553818, "dmean2": 0.90660071373, "dvar": 0.481517165899, "dvar2": 1.06722402573, "max": 11.1737804413, "mean": 1.27772462368, "median": 1.05212235451, "min": -6.4246711731, "var": 3.4503929615}, "barkbands_spread": {"dmean": 7.2773103714, "dmean2": 11.5262765884, "dvar": 85.7772521973, "dvar2": 207.246627808, "max": 136.066162109, "mean": 28.3948974609, "median": 24.2206611633, "min": 0.992497503757, "var": 371.747070312}, "dissonance": {"dmean": 0.0207174159586, "dmean2": 0.0347773432732, "dvar": 0.000585186702665, "dvar2": 0.00155416945927, "max": 0.500000119209, "mean": 0.46131375432, "median": 0.470744848251, "min": 0.25030079484, "var": 0.00120672094636}, "dynamic_complexity": 5.77361440659, "erbbands": {"dmean": [0.0256581678987, 0.213800862432, 0.358805239201, 0.786019563675, 3.22423672676, 3.14603567123, 2.96506881714, 4.54412269592, 6.69733715057, 11.970284462, 6.24512958527, 6.40246295929, 6.64061689377, 8.8795042038, 18.5102291107, 13.8269910812, 25.1076526642, 22.8947410583, 10.3766231537, 42.2611236572, 33.7980270386, 5.90868186951, 4.33108043671, 6.34312200546, 3.08732223511, 3.43555474281, 2.08137154579, 2.54137277603, 1.86313772202, 2.01289701462, 1.05021691322, 0.632599115372, 0.575793743134, 0.433671444654, 0.329610317945, 0.270153820515, 0.104339487851, 0.0286152716726, 0.00426942668855, 0.000183946685866], "dmean2": [0.0385292544961, 0.328747779131, 0.541361570358, 1.26013708115, 5.43182706833, 5.17295742035, 4.85771512985, 7.16938018799, 10.3411865234, 18.1368598938, 9.36074829102, 9.87903499603, 10.1998262405, 13.3727865219, 29.6658763885, 21.9860439301, 42.7106628418, 38.4034576416, 17.0214538574, 65.9679336548, 52.8149528503, 9.26620292664, 6.99145793915, 10.3500499725, 4.97315645218, 5.45794439316, 3.24175643921, 3.98179650307, 2.87115430832, 3.24511790276, 1.66388785839, 0.960310518742, 0.874393761158, 0.660091221333, 0.495515376329, 0.411495834589, 0.156292408705, 0.0450589358807, 0.00726212887093, 0.000311520969262], "dvar": [0.00322374887764, 0.180466815829, 0.543799340725, 2.95037078857, 46.7086791992, 62.0499572754, 62.7032165527, 87.9787216187, 368.116363525, 975.431091309, 296.396087646, 299.119873047, 220.103912354, 495.098724365, 1648.31726074, 3679.80761719, 9596.92578125, 9471.07519531, 988.438903809, 39925.6445312, 23881.5234375, 243.690231323, 101.64641571, 422.124053955, 53.5844917297, 74.9344406128, 21.3944797516, 38.0851974487, 18.68699646, 26.7863941193, 4.23951387405, 1.36264503002, 1.21173655987, 0.669330179691, 0.415007263422, 0.492184221745, 0.0645454898477, 0.00490553490818, 0.000115141148854, 2.11303870401e-07], "dvar2": [0.00666968105361, 0.415783464909, 1.13201630116, 7.19239234924, 121.74634552, 152.225357056, 160.05947876, 206.897216797, 813.730102539, 2125.50537109, 554.406738281, 663.51739502, 488.603759766, 1003.30731201, 4013.48828125, 7737.65966797, 27662.5214844, 25935.7578125, 2469.09033203, 81793.109375, 50178.9179688, 585.563659668, 263.686920166, 1116.44494629, 139.935455322, 189.190750122, 52.3637275696, 93.5551605225, 44.4415473938, 70.4088134766, 10.4458360672, 3.21389317513, 2.91676568985, 1.60335052013, 0.961210668087, 1.16702485085, 0.148278623819, 0.0125592024997, 0.000309136841679, 5.61921240205e-07], "max": [1.52009046078, 10.3229446411, 15.5868120193, 46.016784668, 167.000137329, 256.763580322, 280.618896484, 239.281112671, 616.111816406, 934.434875488, 1068.10217285, 732.411560059, 369.069976807, 845.71875, 806.131652832, 3782.18505859, 2851.10717773, 2245.98657227, 808.461303711, 4310.82128906, 3207.51831055, 583.06854248, 438.467285156, 507.361480713, 206.345504761, 258.595489502, 130.030990601, 146.351486206, 102.273231506, 111.478752136, 55.7606391907, 23.9296951294, 24.663269043, 17.4969425201, 17.4354782104, 21.4424228668, 7.68260145187, 1.92259037495, 0.186748117208, 0.00640387879685], "mean": [0.0513699501753, 0.415274500847, 0.626965463161, 1.30037164688, 4.44760656357, 5.10622739792, 5.01989984512, 7.76442098618, 10.9938173294, 16.4214229584, 11.2127161026, 12.3614702225, 12.6801891327, 17.4490566254, 27.35978508, 21.8683700562, 35.526550293, 31.9580574036, 19.5396747589, 94.10496521, 72.8612823486, 13.0659198761, 9.25496006012, 12.6146392822, 7.06841802597, 8.53235530853, 5.81687736511, 6.42925930023, 4.98331737518, 4.69758939743, 2.60754323006, 1.75501227379, 1.61763238907, 1.19894826412, 0.86184990406, 0.723541378975, 0.270133465528, 0.0508912354708, 0.00534502230585, 0.000243428657996], "median": [0.00883484818041, 0.110545814037, 0.211917802691, 0.426091372967, 1.27798652649, 1.74810028076, 1.646266222, 2.59076929092, 3.01053714752, 4.59180164337, 3.75771403313, 3.33547782898, 3.23357152939, 3.9520175457, 6.94842338562, 5.54423809052, 5.24583768845, 4.51530647278, 4.11286258698, 3.97269868851, 3.08271551132, 2.45227956772, 2.62814331055, 1.81511294842, 1.40987920761, 1.20543444157, 0.839678585529, 0.805470824242, 0.675810575485, 0.770335435867, 0.820786237717, 0.673284173012, 0.556266725063, 0.390063464642, 0.291835129261, 0.140581384301, 0.0572803243995, 0.0129823125899, 0.00142742041498, 7.79800029704e-05], "min": [6.85646723035e-23, 3.29924501219e-22, 1.04222121755e-21, 3.04025165239e-21, 4.27946413548e-21, 1.55310930981e-20, 3.20873957861e-20, 6.37202687503e-20, 6.24881056797e-20, 1.06555797384e-19, 2.97079668101e-19, 2.27965445049e-19, 3.95907123485e-19, 3.35896565911e-19, 7.05308629087e-19, 1.08012096674e-18, 1.58487536531e-18, 1.58494598586e-18, 2.46513595098e-18, 1.58516094942e-18, 2.90036282054e-18, 3.99402752564e-18, 3.80962001578e-18, 5.63017878315e-18, 6.55072368504e-18, 7.10641038566e-18, 8.01282249318e-18, 8.17353458722e-18, 1.01511604773e-17, 1.03025378381e-17, 9.51348611585e-18, 9.66324882012e-18, 8.61895563065e-18, 8.3056841347e-18, 5.98866810729e-18, 3.83939190039e-18, 2.21340834697e-18, 8.3947701425e-19, 2.46279327209e-19, 2.61506914492e-20], "var": [0.0114292940125, 0.533189535141, 1.29185009003, 6.7930355072, 77.5712203979, 119.886375427, 112.419311523, 218.037261963, 716.155578613, 1365.1517334, 939.553833008, 931.453186035, 643.216674805, 2098.44555664, 2867.69775391, 7056.34863281, 14107.1035156, 13877.4013672, 2298.86621094, 160148.78125, 91584.0078125, 746.892822266, 274.812866211, 1079.97509766, 167.931594849, 335.898620605, 115.234550476, 177.136291504, 99.247756958, 102.352836609, 18.35064888, 7.81155824661, 7.54576444626, 4.01086997986, 2.02028512955, 2.98502540588, 0.363440066576, 0.00952943693846, 0.000111850509711, 2.03609332061e-07]}, "erbbands_crest": {"dmean": 2.9782371521, "dmean2": 4.85240125656, "dvar": 9.44441509247, "dvar2": 24.3250045776, "max": 33.015209198, "mean": 9.79088878632, "median": 8.3207321167, "min": 1.94190657139, "var": 28.595998764}, "erbbands_flatness_db": {"dmean": 0.0205671973526, "dmean2": 0.0307702030987, "dvar": 0.000586020061746, "dvar2": 0.00118036021013, "max": 0.398836940527, "mean": 0.132792010903, "median": 0.119965687394, "min": 0.0251700282097, "var": 0.00325787113979}, "erbbands_kurtosis": {"dmean": 1.74741590023, "dmean2": 2.79154992104, "dvar": 12.5110330582, "dvar2": 31.2267436981, "max": 68.0561676025, "mean": 1.93190908432, "median": 0.302075028419, "min": -1.80371487141, "var": 26.7253608704}, "erbbands_skewness": {"dmean": 0.406295239925, "dmean2": 0.624761879444, "dvar": 0.180769950151, "dvar2": 0.4136107862, "max": 6.10760354996, "mean": 0.485670059919, "median": 0.433816671371, "min": -4.60954761505, "var": 0.93416672945}, "erbbands_spread": {"dmean": 10.0940217972, "dmean2": 15.7518491745, "dvar": 174.159317017, "dvar2": 392.638793945, "max": 185.221374512, "mean": 41.614528656, "median": 35.453125, "min": 1.04779720306, "var": 705.157165527}, "gfcc": {"cov": [[38300.234375, 2506.45483398, -4105.49804688, -403.310058594, -1353.79406738, 471.25491333, -533.286376953, 10.4648723602, -642.707519531, 865.778686523, -616.824035645, -24.1513538361, -26.8680858612], [2506.45483398, 1905.82641602, -187.099533081, -216.383148193, -227.778152466, 78.1727828979, -21.4993495941, -74.3946228027, -127.609916687, 199.903015137, -23.5511341095, -190.194107056, 42.2566757202], [-4105.49804688, -187.099533081, 2032.30810547, 416.21697998, 159.963226318, -107.224639893, -52.0387306213, 8.90634155273, -30.6902236938, -281.453491211, 132.146560669, 12.5256462097, -175.884231567], [-403.310058594, -216.383148193, 416.21697998, 529.001342773, 127.841438293, 51.9786643982, -23.0253200531, 90.0978088379, 23.2052249908, -71.1603775024, 4.67736148834, 46.2785377502, -44.6693000793], [-1353.79406738, -227.778152466, 159.963226318, 127.841438293, 343.795928955, 93.5091934204, 71.1381149292, 17.4771194458, 118.527397156, -37.6283874512, 17.5034446716, 32.7652397156, 26.650592804], [471.25491333, 78.1727828979, -107.224639893, 51.9786643982, 93.5091934204, 175.660324097, 67.1706619263, 43.4295845032, 16.016242981, 45.5379333496, 6.18024969101, 10.8909263611, 11.5362081528], [-533.286376953, -21.4993495941, -52.0387306213, -23.0253200531, 71.1381149292, 67.1706619263, 189.444335938, 53.398979187, 47.8720741272, 45.1044502258, 16.6221427917, 5.88098621368, 37.8488464355], [10.4648723602, -74.3946228027, 8.90634155273, 90.0978088379, 17.4771194458, 43.4295845032, 53.398979187, 120.278961182, 49.1950836182, 2.03116440773, 2.8918838501, 29.693277359, 0.976090490818], [-642.707519531, -127.609916687, -30.6902236938, 23.2052249908, 118.527397156, 16.016242981, 47.8720741272, 49.1950836182, 151.129776001, 12.5238828659, 8.22815608978, 17.7696533203, 25.9792900085], [865.778686523, 199.903015137, -281.453491211, -71.1603775024, -37.6283874512, 45.5379333496, 45.1044502258, 2.03116440773, 12.5238828659, 178.911895752, 13.0649003983, -32.5835418701, 24.974445343], [-616.824035645, -23.5511341095, 132.146560669, 4.67736148834, 17.5034446716, 6.18024969101, 16.6221427917, 2.8918838501, 8.22815608978, 13.0649003983, 102.776542664, 35.2271690369, -13.0860624313], [-24.1513538361, -190.194107056, 12.5256462097, 46.2785377502, 32.7652397156, 10.8909263611, 5.88098621368, 29.693277359, 17.7696533203, -32.5835418701, 35.2271690369, 103.219642639, 30.0566196442], [-26.8680858612, 42.2566757202, -175.884231567, -44.6693000793, 26.650592804, 11.5362081528, 37.8488464355, 0.976090490818, 25.9792900085, 24.974445343, -13.0860624313, 30.0566196442, 102.904914856]], "icov": [[6.16144243395e-05, -7.56911176722e-05, 7.91644488345e-05, -2.43685863097e-05, 0.000112681271276, -0.000138303847052, 0.000125358099467, 1.88703143067e-05, 9.30098176468e-05, -0.000258145708358, 0.00047035724856, -0.000521258160006, 0.000363166967873], [-7.56911176722e-05, 0.00103143090382, -0.000304035202134, 0.000180392773473, 0.000511291145813, -0.00087088055443, 0.000378070079023, -6.50383517495e-05, 0.000150736843352, -0.000133546287543, -0.00108047924004, 0.00264051370323, -0.00197217031382], [7.91644488345e-05, -0.000304035202134, 0.00120510661509, -0.000706178834662, -0.000473025051178, 0.000846055394504, -0.000294168305118, -5.74182049604e-05, 0.000536674226169, 0.00112757761963, -0.000979830743745, -0.000127214574604, 0.00153854477685], [-2.43685863097e-05, 0.000180392773473, -0.000706178834662, 0.00337473466061, -0.00134407810401, -0.000500572379678, 0.00142657128163, -0.00286973477341, 0.0010004544165, -0.000656973628793, 0.00104784464929, -0.000710841442924, 0.000331958028255], [0.000112681271276, 0.000511291145813, -0.000473025051178, -0.00134407810401, 0.00814444385469, -0.00533528113738, -0.00107805989683, 0.00499131623656, -0.00597384013236, 0.00147854629904, 0.000533104292117, -1.4488467059e-05, -0.00151311187074], [-0.000138303847052, -0.00087088055443, 0.000846055394504, -0.000500572379678, -0.00533528113738, 0.0118092270568, -0.00234650401399, -0.00386992120184, 0.0038041586522, -0.00146713410504, -0.000802463386208, -0.00130009790882, 0.00218127272092], [0.000125358099467, 0.000378070079023, -0.000294168305118, 0.00142657128163, -0.00107805989683, -0.00234650401399, 0.00924079772085, -0.00463935220614, 0.000780801055953, -0.00203521316871, -0.000756474095397, 0.0019275334198, -0.00318098138086], [1.88703143067e-05, -6.50383517495e-05, -5.74182049604e-05, -0.00286973477341, 0.00499131623656, -0.00386992120184, -0.00463935220614, 0.0172264501452, -0.00729331653565, 0.000844068825245, 0.00241093686782, -0.00477928761393, 0.00271088606678], [9.30098176468e-05, 0.000150736843352, 0.000536674226169, 0.0010004544165, -0.00597384013236, 0.0038041586522, 0.000780801055953, -0.00729331653565, 0.0138117875904, -0.00241960585117, -0.000390775676351, 0.000589669914916, -0.000905014923774], [-0.000258145708358, -0.000133546287543, 0.00112757761963, -0.000656973628793, 0.00147854629904, -0.00146713410504, -0.00203521316871, 0.000844068825245, -0.00241960585117, 0.012046306394, -0.00694632995874, 0.00688987411559, -0.00305685168132], [0.00047035724856, -0.00108047924004, -0.000979830743745, 0.00104784464929, 0.000533104292117, -0.000802463386208, -0.000756474095397, 0.00241093686782, -0.000390775676351, -0.00694632995874, 0.020430939272, -0.0144393602386, 0.00815398152918], [-0.000521258160006, 0.00264051370323, -0.000127214574604, -0.000710841442924, -1.4488467059e-05, -0.00130009790882, 0.0019275334198, -0.00477928761393, 0.000589669914916, 0.00688987411559, -0.0144393602386, 0.0272114239633, -0.0138656711206], [0.000363166967873, -0.00197217031382, 0.00153854477685, 0.000331958028255, -0.00151311187074, 0.00218127272092, -0.00318098138086, 0.00271088606678, -0.000905014923774, -0.00305685168132, 0.00815398152918, -0.0138656711206, 0.0207449253649]], "mean": [-58.2000732422, 40.4457397461, -85.0882949829, 12.5761766434, -50.4118690491, 12.3267335892, -40.2546195984, 9.14112186432, -24.3372650146, 5.07633304596, -15.6704826355, 6.96314716339, -14.9441728592]}, "hfc": {"dmean": 5.55281877518, "dmean2": 8.08399200439, "dvar": 171.163330078, "dvar2": 333.279968262, "max": 301.27835083, "mean": 20.9236793518, "median": 7.7497959137, "min": 1.06506961727e-16, "var": 1192.55236816}, "melbands": {"dmean": [0.000247495510848, 0.000211364924326, 0.000213431369048, 0.000238951819483, 0.000105695347884, 9.98584437184e-05, 0.000104685364931, 0.000130229745992, 4.73166364827e-05, 3.98798292736e-05, 3.42812854797e-05, 3.61300262739e-05, 5.49687138118e-05, 3.77948672394e-05, 4.42127384304e-05, 6.00369967287e-05, 4.56110064988e-05, 1.87301247934e-05, 1.31669639813e-05, 0.000126052924315, 1.76459543582e-05, 6.35260175841e-06, 4.99462385051e-06, 3.70711313735e-06, 5.88673219681e-06, 2.29373949878e-06, 2.30779687627e-06, 2.84965199171e-06, 1.6255854689e-06, 1.45501599036e-06, 1.75478203346e-06, 1.27542114114e-06, 1.06561890334e-06, 1.06057495941e-06, 6.83469579599e-07, 4.96286475027e-07, 4.54688574791e-07, 4.02308415914e-07, 5.3841421277e-07, 3.75272691144e-07], "dmean2": [0.000373973918613, 0.000320327148074, 0.000344245810993, 0.000401410099585, 0.000171278836206, 0.000157639849931, 0.000161788615515, 0.000196732071345, 7.15848218533e-05, 6.15639073658e-05, 5.26453841303e-05, 5.43176793144e-05, 8.80403677002e-05, 6.01026840741e-05, 7.05187412677e-05, 0.000104250553704, 7.53884451115e-05, 3.10763680318e-05, 2.075165321e-05, 0.000195994376554, 2.82518230961e-05, 1.01783025457e-05, 8.05269610282e-06, 6.03351509199e-06, 9.62291505857e-06, 3.72092313228e-06, 3.71210762751e-06, 4.58046633867e-06, 2.57972783402e-06, 2.30920022659e-06, 2.77229241874e-06, 1.98607381208e-06, 1.69599047695e-06, 1.71627812051e-06, 1.10523683361e-06, 7.73900524109e-07, 7.13584881851e-07, 6.26683174687e-07, 8.37413722365e-07, 5.83569942592e-07], "dvar": [2.72537874935e-07, 1.51027890638e-07, 2.2479252948e-07, 2.41262796408e-07, 8.13712048853e-08, 4.12845579945e-08, 1.05148274088e-07, 1.0406784412e-07, 1.73972907191e-08, 1.31467858822e-08, 6.0413483105e-09, 9.27162879805e-09, 1.3731111359e-08, 2.07683168441e-08, 2.89546164822e-08, 6.29751752967e-08, 4.40858549666e-08, 5.01443730982e-09, 1.79476922213e-09, 3.98476061036e-07, 4.45695613749e-09, 3.41868200415e-10, 1.37098887798e-10, 6.62833399279e-11, 3.93089061301e-10, 3.34577088257e-11, 5.09396101689e-11, 6.138518166e-11, 1.62144013494e-11, 1.1959477679e-11, 2.18355750148e-11, 1.04174021839e-11, 7.52216865185e-12, 6.48443798656e-12, 1.8817200402e-12, 1.01651478034e-12, 8.42502012165e-13, 5.89017224752e-13, 1.68519484391e-12, 5.43829629766e-13], "dvar2": [5.7777793927e-07, 3.44226350535e-07, 5.43512896911e-07, 6.20868092938e-07, 2.03273003763e-07, 9.7300208779e-08, 2.31957912433e-07, 2.25118000685e-07, 3.28623563917e-08, 2.93261095408e-08, 1.34123601114e-08, 1.87097377591e-08, 3.37430243746e-08, 4.40509602129e-08, 7.15133339213e-08, 1.90012968915e-07, 1.15717178062e-07, 1.26865318251e-08, 4.00832922409e-09, 8.16969873085e-07, 1.01624291204e-08, 8.6509216457e-10, 3.33497340854e-10, 1.76841596922e-10, 1.0342183776e-09, 8.96129837002e-11, 1.34612765379e-10, 1.58161567176e-10, 4.1069269513e-11, 3.03556658976e-11, 5.34538524555e-11, 2.52329979827e-11, 1.98936943308e-11, 1.67446924382e-11, 4.78759913658e-12, 2.50316347511e-12, 2.18874961558e-12, 1.44794744771e-12, 4.3116335155e-12, 1.36931720303e-12], "max": [0.0132196070626, 0.00750854238868, 0.0121595151722, 0.0118971746415, 0.00820980966091, 0.00607783859596, 0.0104559604079, 0.00912191160023, 0.00812025368214, 0.0051189288497, 0.0018851730274, 0.00375613872893, 0.00246882392094, 0.0101106120273, 0.0051663252525, 0.0079926205799, 0.00511245056987, 0.00201626424678, 0.00169790082145, 0.0135404001921, 0.0012994161807, 0.000732172105927, 0.000372735288693, 0.000276420760201, 0.000490363221616, 0.000133867462864, 0.000247924268479, 0.000245734467171, 0.000137194147101, 8.93253381946e-05, 9.74164504441e-05, 8.2028687757e-05, 6.03398912062e-05, 5.7186189224e-05, 2.93409993901e-05, 2.28948902077e-05, 1.88681460713e-05, 2.43209506152e-05, 3.32410127157e-05, 1.95991888177e-05], "mean": [0.00049785815645, 0.000407894840464, 0.000340213009622, 0.000361030281056, 0.000190345584997, 0.000172302126884, 0.000167857782799, 0.00017798236513, 8.56213955558e-05, 7.5379422924e-05, 6.32764786133e-05, 6.94257032592e-05, 8.11107092886e-05, 5.83929504501e-05, 6.56120464555e-05, 7.78634130256e-05, 6.04142187512e-05, 3.02622083836e-05, 2.29777615459e-05, 0.000272915873211, 3.48122812284e-05, 1.24554653667e-05, 9.34621584747e-06, 7.47949570723e-06, 1.09550610432e-05, 4.80939434055e-06, 4.60287355963e-06, 6.45982390779e-06, 3.97596659241e-06, 3.35525601258e-06, 3.90488776247e-06, 3.03385968436e-06, 2.40578924604e-06, 2.38848406298e-06, 1.49396703364e-06, 1.18811840366e-06, 1.09159907424e-06, 1.05346168766e-06, 1.30228204398e-06, 9.09170751129e-07], "median": [0.00010709745402, 0.000136590315378, 0.000104720405943, 0.000134872389026, 6.36324912193e-05, 5.60906300962e-05, 4.48731370852e-05, 4.77245193906e-05, 2.671960101e-05, 1.86777033377e-05, 1.41746340887e-05, 1.07055348053e-05, 1.95941320271e-05, 1.52990178321e-05, 1.00603338069e-05, 7.9452238424e-06, 6.21192475592e-06, 5.09770598001e-06, 3.92262791138e-06, 4.72704869026e-06, 2.68982148555e-06, 2.17653905565e-06, 2.29150555242e-06, 1.82662415682e-06, 1.34865763357e-06, 9.02569809114e-07, 9.63491629591e-07, 7.15824398867e-07, 4.96205927902e-07, 4.86624855967e-07, 4.45039859187e-07, 3.9163933252e-07, 3.26910623016e-07, 4.45319813025e-07, 4.68914436169e-07, 4.08913280125e-07, 4.09003149571e-07, 3.88007521224e-07, 3.65391940704e-07, 3.00392628105e-07], "min": [5.64138197758e-25, 4.10176436753e-25, 6.09903075706e-25, 5.40901017896e-25, 9.98186526928e-25, 1.50069161381e-24, 1.00986413352e-24, 1.0315731912e-24, 2.0221835966e-24, 1.04948595438e-24, 2.10745571336e-24, 9.68998377612e-25, 2.370397647e-24, 2.43539012204e-24, 1.54100240606e-24, 2.47936418713e-24, 2.23202414726e-24, 2.98157749408e-24, 3.19939185077e-24, 2.09707765651e-24, 2.9861162053e-24, 3.52557281888e-24, 3.06417340023e-24, 3.42255744542e-24, 3.95599899459e-24, 4.0439877511e-24, 4.36212825443e-24, 3.42000311381e-24, 3.96219076384e-24, 4.72084815715e-24, 4.40531957228e-24, 4.64073933223e-24, 4.71355513808e-24, 4.41236252244e-24, 5.12267023644e-24, 5.13475243007e-24, 5.51462958227e-24, 5.16355926374e-24, 5.60754161969e-24, 6.17414135929e-24], "var": [9.23962375055e-07, 4.07451778983e-07, 5.02209275055e-07, 4.16636140699e-07, 1.62984676422e-07, 1.02453675765e-07, 1.84414091109e-07, 1.50990203451e-07, 5.67787097339e-08, 4.06187368185e-08, 1.71974310348e-08, 3.96233765798e-08, 2.35841799423e-08, 3.97397847962e-08, 5.3148831114e-08, 7.71673214217e-08, 6.28770848721e-08, 9.32341670534e-09, 4.37383196328e-09, 1.57809245138e-06, 1.39795677256e-08, 8.57668935872e-10, 3.53678614173e-10, 1.85094772842e-10, 9.69958668939e-10, 9.837718834e-11, 1.1772109676e-10, 2.39655628675e-10, 6.84656428773e-11, 4.67824078088e-11, 8.29673621472e-11, 4.49363705968e-11, 2.7172932307e-11, 2.53176785092e-11, 6.02493012078e-12, 4.22382701731e-12, 3.44306159104e-12, 3.02368351711e-12, 6.68006231927e-12, 2.37483882386e-12]}, "melbands_crest": {"dmean": 3.16962456703, "dmean2": 5.14948940277, "dvar": 8.77797889709, "dvar2": 21.8898143768, "max": 35.1062850952, "mean": 13.4288463593, "median": 12.5837974548, "min": 1.00211882591, "var": 35.7089500427}, "melbands_flatness_db": {"dmean": 0.023740939796, "dmean2": 0.0361830331385, "dvar": 0.00061539869057, "dvar2": 0.00137150636874, "max": 0.516961395741, "mean": 0.175865396857, "median": 0.165146708488, "min": 5.69493579405e-07, "var": 0.00688370037824}, "melbands_kurtosis": {"dmean": 10.3781986237, "dmean2": 16.3803882599, "dvar": 501.882537842, "dvar2": 1158.66503906, "max": 556.683044434, "mean": 18.658323288, "median": 4.65998268127, "min": -1.81886279583, "var": 1419.44641113}, "melbands_skewness": {"dmean": 0.853857517242, "dmean2": 1.31532776356, "dvar": 1.24500930309, "dvar2": 2.73073649406, "max": 19.3490047455, "mean": 2.40748071671, "median": 1.76162219048, "min": -5.05753517151, "var": 6.3420290947}, "melbands_spread": {"dmean": 8.24891090393, "dmean2": 13.0476827621, "dvar": 153.459579468, "dvar2": 367.430084229, "max": 239.75920105, "mean": 33.3743209839, "median": 24.9002418518, "min": 0.982109665871, "var": 989.778869629}, "mfcc": {"cov": [[16383.7753906, 2112.3359375, -1986.91027832, -598.125, -849.222961426, 323.04977417, 143.251068115, -746.760192871, 477.280151367, 612.452941895, -635.923828125, 115.204956055, 421.01449585], [2112.3359375, 1595.10546875, 138.214508057, -143.679626465, -94.9534988403, 6.21447849274, 61.4253234863, -252.54536438, -34.2709846497, 172.621383667, -202.832748413, 10.318230629, 77.2846221924], [-1986.91027832, 138.214508057, 1382.77648926, 425.785949707, 334.139190674, -70.2195587158, 59.3884620667, 143.736282349, -211.585845947, -126.470558167, 119.80783844, -42.2579803467, -113.400772095], [-598.125, -143.679626465, 425.785949707, 354.156707764, 195.238632202, 23.9458694458, 23.9075984955, 106.72959137, -15.4123296738, -41.927482605, 70.5804672241, -5.00521326065, -37.0782165527], [-849.222961426, -94.9534988403, 334.139190674, 195.238632202, 307.551635742, 71.000213623, 14.1511831284, 137.870315552, -27.4703426361, -56.6282844543, 92.7001495361, -2.68605160713, -26.9833068848], [323.04977417, 6.21447849274, -70.2195587158, 23.9458694458, 71.000213623, 137.60383606, 59.4156417847, 22.3602085114, 47.3507804871, 32.9241065979, 14.9620065689, 15.6994409561, 29.9554748535], [143.251068115, 61.4253234863, 59.3884620667, 23.9075984955, 14.1511831284, 59.4156417847, 129.654998779, 17.5272502899, 10.449640274, 34.5820274353, -3.06925010681, 18.1215267181, 17.2623634338], [-746.760192871, -252.54536438, 143.736282349, 106.72959137, 137.870315552, 22.3602085114, 17.5272502899, 241.597702026, 36.8177185059, -75.714225769, 108.333335876, 0.541794419289, -29.8272819519], [477.280151367, -34.2709846497, -211.585845947, -15.4123296738, -27.4703426361, 47.3507804871, 10.449640274, 36.8177185059, 151.898330688, 75.9638977051, -11.0680980682, 3.84812760353, 24.5152797699], [612.452941895, 172.621383667, -126.470558167, -41.927482605, -56.6282844543, 32.9241065979, 34.5820274353, -75.714225769, 75.9638977051, 155.902755737, -35.2246627808, 20.2464828491, 23.4941215515], [-635.923828125, -202.832748413, 119.80783844, 70.5804672241, 92.7001495361, 14.9620065689, -3.06925010681, 108.333335876, -11.0680980682, -35.2246627808, 180.169342041, 33.1979522705, -37.052230835], [115.204956055, 10.318230629, -42.2579803467, -5.00521326065, -2.68605160713, 15.6994409561, 18.1215267181, 0.541794419289, 3.84812760353, 20.2464828491, 33.1979522705, 84.0107116699, 37.5138931274], [421.01449585, 77.2846221924, -113.400772095, -37.0782165527, -26.9833068848, 29.9554748535, 17.2623634338, -29.8272819519, 24.5152797699, 23.4941215515, -37.052230835, 37.5138931274, 107.826728821]], "icov": [[0.000118899923109, -0.000150621621287, 0.000125369042507, -0.000181876486749, 0.000248366093729, -0.000276683480479, 1.64037774084e-05, 0.000100394208857, -0.000156201625941, 5.26452895429e-05, 6.93789697834e-05, -4.30361578765e-05, -5.99642808083e-05], [-0.000150621621287, 0.00121736316942, -0.00067252421286, 0.000916350400075, -0.000480144663015, 0.000113289919682, 1.43956303873e-05, 0.000318230799166, 0.000308757764287, -0.00100576167461, 0.000793727871496, -0.000249195640208, -0.000234133854974], [0.000125369042507, -0.00067252421286, 0.00252038543113, -0.00220880843699, -0.000970391440205, 0.00183432421181, -0.00150063715409, -0.000554445432499, 0.00234216963872, -0.000422346784035, -0.000583671266213, 0.00114579079673, 0.000178410351509], [-0.000181876486749, 0.000916350400075, -0.00220880843699, 0.00669006723911, -0.00261358940043, 0.0001233851508, -0.000156284775585, 0.000675223593134, -0.00255834660493, 0.000488802907057, 0.00040601164801, -0.00105297949631, 0.0005353607703], [0.000248366093729, -0.000480144663015, -0.000970391440205, -0.00261358940043, 0.00987042393535, -0.00733261462301, 0.00367804663256, -0.00383261824027, 0.00267430022359, -0.000818897970021, -0.00020027224673, 0.000270482822089, -0.000279312458588], [-0.000276683480479, 0.000113289919682, 0.00183432421181, 0.0001233851508, -0.00733261462301, 0.0172454640269, -0.0079496530816, 0.00284446286969, -0.00354540836997, 0.00063631759258, -0.00248168641701, 0.0015625723172, -0.00232469476759], [1.64037774084e-05, 1.43956303873e-05, -0.00150063715409, -0.000156284775585, 0.00367804663256, -0.0079496530816, 0.0134482812136, -0.00427896715701, 0.00348692573607, -0.00423752004281, 0.00241516833194, -0.00204291427508, -0.000242849375354], [0.000100394208857, 0.000318230799166, -0.000554445432499, 0.000675223593134, -0.00383261824027, 0.00284446286969, -0.00427896715701, 0.0130317993462, -0.00984343048185, 0.00806963816285, -0.00414367392659, -0.000433675741078, 0.000776300439611], [-0.000156201625941, 0.000308757764287, 0.00234216963872, -0.00255834660493, 0.00267430022359, -0.00354540836997, 0.00348692573607, -0.00984343048185, 0.0202230513096, -0.011865391396, 0.0019971888978, 0.00336647848599, -0.00215234071948], [5.26452895429e-05, -0.00100576167461, -0.000422346784035, 0.000488802907057, -0.000818897970021, 0.00063631759258, -0.00423752004281, 0.00806963816285, -0.011865391396, 0.0170105639845, -0.00172507250682, -0.00332728726789, 0.00232427543961], [6.93789697834e-05, 0.000793727871496, -0.000583671266213, 0.00040601164801, -0.00020027224673, -0.00248168641701, 0.00241516833194, -0.00414367392659, 0.0019971888978, -0.00172507250682, 0.0115552730858, -0.00650361087173, 0.00394758116454], [-4.30361578765e-05, -0.000249195640208, 0.00114579079673, -0.00105297949631, 0.000270482822089, 0.0015625723172, -0.00204291427508, -0.000433675741078, 0.00336647848599, -0.00332728726789, -0.00650361087173, 0.0194639787078, -0.00801667198539], [-5.99642808083e-05, -0.000234133854974, 0.000178410351509, 0.0005353607703, -0.000279312458588, -0.00232469476759, -0.000242849375354, 0.000776300439611, -0.00215234071948, 0.00232427543961, 0.00394758116454, -0.00801667198539, 0.0150058539584]], "mean": [-703.846618652, 92.7995376587, 14.7551746368, 9.16412162781, 8.23784828186, 2.30040812492, -1.17758643627, 2.50199055672, -3.71490287781, -3.42393231392, 1.71862065792, 0.540554106236, 0.82479429245]}, "pitch_salience": {"dmean": 0.0678771361709, "dmean2": 0.110276587307, "dvar": 0.00396744022146, "dvar2": 0.0102295521647, "max": 0.996080100536, "mean": 0.550538480282, "median": 0.557131171227, "min": 0.108822777867, "var": 0.0156464669853}, "silence_rate_20dB": {"dmean": 0, "dmean2": 0, "dvar": 0, "dvar2": 0, "max": 1, "mean": 1, "median": 1, "min": 1, "var": 0}, "silence_rate_30dB": {"dmean": 0.00316937896423, "dmean2": 0.00633914442733, "dvar": 0.00315970694646, "dvar2": 0.00751745142043, "max": 1, "mean": 0.996647953987, "median": 1, "min": 0, "var": 0.003340868745}, "silence_rate_60dB": {"dmean": 0.0538794435561, "dmean2": 0.107765451074, "dvar": 0.0509858988225, "dvar2": 0.111265085638, "max": 1, "mean": 0.24055339396, "median": 0, "min": 0, "var": 0.182679608464}, "spectral_centroid": {"dmean": 220.016387939, "dmean2": 342.194763184, "dvar": 64192.7578125, "dvar2": 141171.265625, "max": 11950.1640625, "mean": 1665.0513916, "median": 1358.88916016, "min": 212.888320923, "var": 2343605.5}, "spectral_complexity": {"dmean": 2.14298772812, "dmean2": 3.29208827019, "dvar": 6.16782188416, "dvar2": 11.9613628387, "max": 50, "mean": 12.4953069687, "median": 10, "min": 0, "var": 98.5140151978}, "spectral_contrast_coeffs": {"dmean": [0.051743272692, 0.0484866499901, 0.0386978052557, 0.0298202242702, 0.0203526131809, 0.0139690283686], "dmean2": [0.0850652083755, 0.0779490172863, 0.0626567825675, 0.0469390973449, 0.0329135507345, 0.0220256447792], "dvar": [0.00188261561561, 0.00181396305561, 0.0011723106727, 0.000834988255519, 0.000313630618621, 0.000175109758857], "dvar2": [0.00500480132177, 0.00432342849672, 0.00288388272747, 0.00170471041929, 0.000747036421672, 0.000390508183045], "max": [-0.316253125668, -0.400715529919, -0.474734306335, -0.356246054173, -0.595848858356, -0.650507688522], "mean": [-0.668958365917, -0.752822518349, -0.779340982437, -0.776891410351, -0.787498950958, -0.795694291592], "median": [-0.669608712196, -0.761003196239, -0.781768798828, -0.789488613605, -0.795367836952, -0.800406813622], "min": [-0.981760501862, -0.996631681919, -0.998991966248, -0.988436162472, -0.989168703556, -0.965146005154], "var": [0.00929150916636, 0.00774534093216, 0.00628077704459, 0.00915815774351, 0.00353033537976, 0.00264253560454]}, "spectral_contrast_valleys": {"dmean": [0.420472562313, 0.369336843491, 0.331272125244, 0.298433899879, 0.224291905761, 0.229398667812], "dmean2": [0.677586019039, 0.60851085186, 0.536584854126, 0.466634213924, 0.329983025789, 0.322184920311], "dvar": [0.136103630066, 0.111389711499, 0.102751664817, 0.105436682701, 0.0605545602739, 0.0758210867643], "dvar2": [0.307863682508, 0.265027761459, 0.229782938957, 0.22478236258, 0.110340185463, 0.142052158713], "max": [-5.64834356308, -4.68636846542, -5.51285743713, -5.35052108765, -5.98907756805, -8.08625125885], "mean": [-8.46071910858, -7.7534737587, -8.37459659576, -8.73861789703, -8.72653102875, -10.4928703308], "median": [-7.83858108521, -7.09799671173, -7.72054243088, -8.14436912537, -8.26970672607, -10.0788516998], "min": [-28.4295368195, -28.1397819519, -28.0145206451, -27.7725448608, -27.5229587555, -27.4462490082], "var": [8.66843032837, 9.14496517181, 8.76317977905, 8.40002441406, 7.96661424637, 6.41063547134]}, "spectral_decrease": {"dmean": 1.04940522938e-09, "dmean2": 1.5716916657e-09, "dvar": 2.89424830145e-18, "dvar2": 5.91472725951e-18, "max": 6.83698865751e-13, "mean": -3.43125483582e-09, "median": -2.28094965138e-09, "min": -3.13797734464e-08, "var": 1.57349952258e-17}, "spectral_energy": {"dmean": 0.00436018407345, "dmean2": 0.00650212354958, "dvar": 5.43447786185e-05, "dvar2": 0.00010953292076, "max": 0.145475581288, "mean": 0.0148481875658, "median": 0.00967220775783, "min": 9.88012634849e-21, "var": 0.000314314092975}, "spectral_energyband_high": {"dmean": 0.000237461528741, "dmean2": 0.000341988867149, "dvar": 1.89552437746e-07, "dvar2": 3.80578796921e-07, "max": 0.0102852014825, "mean": 0.000902628991753, "median": 0.000241630943492, "min": 6.84727509492e-21, "var": 2.43404451794e-06}, "spectral_energyband_low": {"dmean": 0.00115084683057, "dmean2": 0.00171022245195, "dvar": 4.28449584433e-06, "dvar2": 9.38075845625e-06, "max": 0.0475281476974, "mean": 0.00250476342626, "median": 0.000972250243649, "min": 8.02686639218e-24, "var": 1.48455301314e-05}, "spectral_energyband_middle_high": {"dmean": 0.00226580654271, "dmean2": 0.00344706396572, "dvar": 4.16159091401e-05, "dvar2": 8.40919237817e-05, "max": 0.141748547554, "mean": 0.00645765848458, "median": 0.00157493341248, "min": 1.12402929935e-21, "var": 0.000226835094509}, "spectral_energyband_middle_low": {"dmean": 0.00235066073947, "dmean2": 0.0036401792895, "dvar": 1.63545209944e-05, "dvar2": 3.7475310819e-05, "max": 0.0616238936782, "mean": 0.00526531366631, "median": 0.00324573321268, "min": 1.37001031648e-22, "var": 3.80078927265e-05}, "spectral_entropy": {"dmean": 0.193772360682, "dmean2": 0.290331095457, "dvar": 0.048426181078, "dvar2": 0.103211693466, "max": 9.83352851868, "mean": 7.6664686203, "median": 7.71817684174, "min": 5.25082731247, "var": 0.309977442026}, "spectral_flux": {"dmean": 0.0157311093062, "dmean2": 0.0259179417044, "dvar": 0.000498559209518, "dvar2": 0.00129344349261, "max": 0.323493212461, "mean": 0.0537328794599, "median": 0.0473194643855, "min": 6.08152278536e-11, "var": 0.00138683139812}, "spectral_kurtosis": {"dmean": 0.931222438812, "dmean2": 1.49693536758, "dvar": 1.45648610592, "dvar2": 3.59292507172, "max": 28.1265239716, "mean": 3.89522814751, "median": 3.50164628029, "min": -1.27436041832, "var": 7.52717876434}, "spectral_rms": {"dmean": 0.000533031707164, "dmean2": 0.000778972404078, "dvar": 4.7733374231e-07, "dvar2": 9.22835511119e-07, "max": 0.0119133284315, "mean": 0.00322392606176, "median": 0.00307185621932, "min": 3.10469770552e-12, "var": 4.09222366216e-06}, "spectral_rolloff": {"dmean": 703.880615234, "dmean2": 1199.13012695, "dvar": 2131579.5, "dvar2": 5306888.5, "max": 19896.6796875, "mean": 3003.04492188, "median": 1614.99023438, "min": 64.599609375, "var": 14532960}, "spectral_skewness": {"dmean": 0.166383743286, "dmean2": 0.265611469746, "dvar": 0.0337282456458, "dvar2": 0.07916007936, "max": 4.32879400253, "mean": 1.67087805271, "median": 1.63193190098, "min": -0.100982107222, "var": 0.246050238609}, "spectral_spread": {"dmean": 737264.4375, "dmean2": 1148886.75, "dvar": 877198311424, "dvar2": 1940879179780.0, "max": 42802928, "mean": 7514912.5, "median": 6440449.5, "min": 2104879.25, "var": 254989