{"lowlevel": {"average_loudness": 0.905598700047, "barkbands": {"dmean": [5.20322828379e-05, 0.00458903145045, 0.00267514423467, 0.00161580904387, 0.00255550863221, 0.000738887756597, 0.000588987197261, 0.000444986944785, 0.000618395861238, 0.000390041037463, 0.000477886671433, 0.000339489808539, 0.000416438706452, 0.000419397314545, 0.000480141869048, 0.000321465311572, 0.000228461824008, 0.000159247618285, 0.000191811006516, 0.00017150361964, 0.000171272287844, 0.000107335574285, 7.47330268496e-05, 6.21378421783e-05, 4.87560282636e-05, 5.72974058741e-05, 3.49299716618e-06], "dmean2": [8.6917912995e-05, 0.00750338379294, 0.00465150503442, 0.00272241700441, 0.00428142864257, 0.00120514375158, 0.000936253578402, 0.000708319887053, 0.000945501960814, 0.000604349188507, 0.00073305220576, 0.000541721878108, 0.000632508425042, 0.000661683501676, 0.000771216175053, 0.000521332956851, 0.000370108959032, 0.000252086669207, 0.000302755244775, 0.000276030536043, 0.000279003550531, 0.000172706626472, 0.000116460127174, 8.97468125913e-05, 6.98027870385e-05, 8.86724956217e-05, 5.63509092899e-06], "dvar": [1.50487196038e-08, 0.00010971629672, 2.71866410912e-05, 1.32829736685e-05, 4.88809564558e-05, 1.79867117822e-06, 1.51998460751e-06, 9.47930061557e-07, 1.73468902176e-06, 8.65367780989e-07, 1.30017031097e-06, 4.6638507456e-07, 1.30754210659e-06, 8.84730241069e-07, 8.96316521448e-07, 4.24697617518e-07, 1.63000237308e-07, 7.19238570923e-08, 2.1273007178e-07, 1.29884867306e-07, 1.08542799637e-07, 4.64020324387e-08, 4.33928377674e-08, 6.68909763135e-08, 4.67760266076e-08, 3.4659063175e-08, 1.66923586065e-10], "dvar2": [3.8772039801e-08, 0.000267098570475, 7.73231222411e-05, 3.34376054525e-05, 0.000127297549625, 4.63692504127e-06, 3.82075813832e-06, 2.23018196266e-06, 3.80485653295e-06, 2.01747502615e-06, 2.92935874313e-06, 1.1602462564e-06, 2.71018529929e-06, 2.01694615498e-06, 2.18133004637e-06, 1.11060455765e-06, 4.21267657202e-07, 1.69175649489e-07, 4.80756000343e-07, 3.23889111087e-07, 2.79231187506e-07, 1.19205751048e-07, 9.21765419548e-08, 1.22674023828e-07, 9.91745068291e-08, 8.56908997093e-08, 4.33240943121e-10], "max": [0.00135651568417, 0.0957939699292, 0.058180719614, 0.107594534755, 0.129334494472, 0.0211390983313, 0.0306956470013, 0.0287056602538, 0.0377046018839, 0.0296137128025, 0.0488208308816, 0.024072561413, 0.0320430621505, 0.0265838894993, 0.0185167826712, 0.0190082062036, 0.00881951116025, 0.00522702094167, 0.0154256215319, 0.0151093583554, 0.00692210532725, 0.00404236000031, 0.00557857425883, 0.0139520382509, 0.0118060791865, 0.00368429650553, 0.00030655998853], "mean": [5.39709653822e-05, 0.00555706769228, 0.00414014374837, 0.00284863822162, 0.00321444636211, 0.00115856644697, 0.000926716893446, 0.000701921060681, 0.00110035412945, 0.000734537607059, 0.000826007511932, 0.000606989196967, 0.000807374715805, 0.000727089995053, 0.000886903202627, 0.000599709746893, 0.000460799143184, 0.000341584091075, 0.000377356976969, 0.00038225663593, 0.000397788389819, 0.000228517586947, 0.000141750351759, 0.00011082481069, 7.96953536337e-05, 5.89846313233e-05, 3.36210678142e-06], "median": [1.26118038679e-05, 0.00253752339631, 0.00251114042476, 0.0020004818216, 0.00162292039022, 0.000650902336929, 0.000463987205876, 0.000350875023287, 0.000482120434754, 0.00036859937245, 0.00032108288724, 0.00028295404627, 0.000253380247159, 0.000259241001913, 0.000336846278515, 0.000266119692242, 0.000257821724517, 0.000187489960808, 0.000185652403161, 0.000221845009946, 0.000196194712771, 0.00010868661775, 5.73883517063e-05, 4.07143234042e-05, 2.32243728533e-05, 5.10505196871e-06, 2.72643774224e-07], "min": [9.43117922072e-25, 1.32554092563e-24, 4.30398417673e-25, 1.1192808174e-24, 8.6131123182e-24, 6.66504397858e-24, 5.76692347141e-24, 1.12272766624e-23, 1.56892885125e-23, 1.09023219786e-23, 1.35668803351e-23, 1.56440552282e-23, 2.01582549603e-23, 3.44912486076e-23, 2.64561370412e-23, 5.23186562512e-23, 5.52175938602e-23, 8.90002150275e-23, 1.49531676919e-22, 1.68760155173e-22, 2.2997733914e-22, 3.05113222784e-22, 3.94405915881e-22, 5.35445360005e-22, 8.1475679798e-22, 1.26753594698e-21, 1.80008193392e-21], "var": [1.34764208681e-08, 0.000104829705379, 2.79928426608e-05, 1.64432894962e-05, 4.17502524215e-05, 2.48171227213e-06, 2.27562441069e-06, 1.87187970369e-06, 3.98684642278e-06, 1.82844189567e-06, 3.00083320326e-06, 1.22258506963e-06, 4.2907149691e-06, 2.06915547096e-06, 2.06118988899e-06, 8.8510768137e-07, 4.24835519652e-07, 2.08156109238e-07, 3.99905673021e-07, 2.63419991597e-07, 3.02817198872e-07, 1.12120240203e-07, 8.04528781373e-08, 1.18091215029e-07, 6.93357549153e-08, 3.23105346922e-08, 1.33904456967e-10]}, "barkbands_crest": {"dmean": 2.39267349243, "dmean2": 3.89576792717, "dvar": 7.01145076752, "dvar2": 17.809343338, "max": 24.2272930145, "mean": 8.26299476624, "median": 7.40194511414, "min": 2.31381654739, "var": 12.9259986877}, "barkbands_flatness_db": {"dmean": 0.0191371049732, "dmean2": 0.0286578796804, "dvar": 0.000455078494269, "dvar2": 0.000984350917861, "max": 0.448652565479, "mean": 0.116534024477, "median": 0.103339351714, "min": 0.0245226230472, "var": 0.00283626210876}, "barkbands_kurtosis": {"dmean": 2.26547026634, "dmean2": 3.60524010658, "dvar": 29.5128917694, "dvar2": 74.6940383911, "max": 214.487304688, "mean": 2.60737085342, "median": 0.369527220726, "min": -1.85205495358, "var": 48.8180999756}, "barkbands_skewness": {"dmean": 0.4990490973, "dmean2": 0.754845619202, "dvar": 0.326509475708, "dvar2": 0.735976815224, "max": 10.6242790222, "mean": 1.2736389637, "median": 1.065497756, "min": -3.22476816177, "var": 1.29564929008}, "barkbands_spread": {"dmean": 5.73092746735, "dmean2": 8.83638572693, "dvar": 48.4934654236, "dvar2": 111.989646912, "max": 109.621940613, "mean": 27.1525859833, "median": 27.0878105164, "min": 0.405887365341, "var": 181.754089355}, "dissonance": {"dmean": 0.0132226441056, "dmean2": 0.0223972517997, "dvar": 0.000196591572603, "dvar2": 0.000534775259439, "max": 0.500000178814, "mean": 0.474671930075, "median": 0.480318546295, "min": 0.274880319834, "var": 0.000456358480733}, "dynamic_complexity": 3.45040917397, "erbbands": {"dmean": [0.107357181609, 1.14760315418, 2.88134717941, 4.31532669067, 7.73173522949, 9.06958389282, 5.44250679016, 6.42513465881, 7.81031560898, 9.43297481537, 9.49296569824, 13.7097797394, 13.5739116669, 12.3193864822, 18.5526103973, 12.1424980164, 17.918132782, 20.7617034912, 19.5576648712, 24.1809806824, 15.1017684937, 12.2186183929, 8.67313480377, 7.87443208694, 9.76460456848, 7.75377941132, 6.12162828445, 7.33209848404, 3.84241986275, 3.16101384163, 2.01755809784, 1.60504734516, 0.888902068138, 0.575874269009, 0.337082445621, 0.264810711145, 0.109389260411, 0.0110996477306, 0.000550457276404, 2.83121335087e-05], "dmean2": [0.175369739532, 1.90167820454, 5.04840087891, 7.24502563477, 13.229968071, 15.0646324158, 8.91463375092, 10.4444208145, 12.4273052216, 15.2099571228, 14.8614292145, 20.9155044556, 20.5707626343, 18.8738155365, 28.4883842468, 19.3363227844, 27.2662467957, 31.5890026093, 30.7936191559, 39.2261352539, 24.3291053772, 19.6359519958, 13.4555072784, 12.5372896194, 15.512216568, 12.4435634613, 9.83100605011, 11.9989414215, 6.23687744141, 5.0259718895, 3.10421657562, 2.38045883179, 1.27237999439, 0.833761751652, 0.489632219076, 0.397954076529, 0.174511611462, 0.0179355293512, 0.000862619897816, 4.13035850215e-05], "dvar": [0.0635818243027, 6.97280836105, 36.8583106995, 84.8449935913, 268.452789307, 914.75604248, 99.9180526733, 145.417724609, 254.796386719, 415.088623047, 518.447875977, 990.70135498, 836.556762695, 624.36517334, 1934.28051758, 628.231811523, 2100.41210938, 2237.76391602, 1648.03295898, 2477.41430664, 1114.3104248, 490.25567627, 215.0965271, 258.429412842, 487.170806885, 264.277374268, 150.438110352, 210.394165039, 67.7333526611, 46.5599441528, 38.1647033691, 40.8694458008, 13.8187351227, 9.51644611359, 1.58797836304, 0.659149467945, 0.143510788679, 0.00154411792755, 3.18384354614e-06, 3.69175445769e-09], "dvar2": [0.15368245542, 17.4864597321, 103.762634277, 218.342391968, 720.376098633, 2395.84399414, 259.966552734, 374.994018555, 649.848510742, 1072.41564941, 1176.390625, 2193.48754883, 1791.13708496, 1418.86462402, 4347.02099609, 1521.31201172, 4504.28955078, 4756.08007812, 3997.56835938, 6345.95166016, 2964.1965332, 1270.95825195, 488.092193604, 592.576599121, 1125.0078125, 677.467956543, 379.606262207, 543.560546875, 176.900772095, 110.36844635, 81.6176681519, 81.142036438, 24.2798347473, 19.4443511963, 3.59623789787, 1.56199967861, 0.365739732981, 0.00401655677706, 7.92958235252e-06, 8.37914360119e-09], "max": [3.07263970375, 23.2063961029, 58.7289047241, 276.676086426, 299.983062744, 647.384216309, 200.014770508, 193.097885132, 376.642272949, 643.202392578, 790.820678711, 790.25958252, 911.013000488, 659.695129395, 1820.18054199, 1227.50256348, 1209.99487305, 1576.45581055, 894.961486816, 1163.45031738, 1300.84814453, 570.886474609, 326.580230713, 566.938781738, 601.48248291, 845.795471191, 237.553451538, 306.336547852, 216.323776245, 143.255264282, 174.303970337, 345.747192383, 183.836975098, 192.113250732, 61.7033119202, 13.2586669922, 8.34839057922, 0.783999145031, 0.031477637589, 0.00108267820906], "mean": [0.121847219765, 1.4015866518, 4.237596035, 8.23847103119, 10.4332904816, 10.8433542252, 8.49541568756, 9.8087015152, 12.1506443024, 14.5851192474, 16.7293167114, 24.5643730164, 26.844209671, 23.9047050476, 35.4468994141, 24.0065670013, 35.5583152771, 39.8629341125, 38.9706306458, 46.1874275208, 30.8529472351, 26.3170909882, 20.1595439911, 17.0708274841, 20.1727657318, 17.634721756, 14.3691835403, 16.5970535278, 8.42464637756, 6.04244375229, 3.83756041527, 2.75082969666, 1.61361801624, 0.968383133411, 0.516475021839, 0.303727418184, 0.103829324245, 0.0104506751522, 0.000571090378799, 5.27884003532e-05], "median": [0.0497097745538, 0.667623281479, 2.81538438797, 6.20390605927, 6.36410045624, 4.84296655655, 4.77174043655, 5.16750240326, 5.92593050003, 7.88321590424, 8.46857070923, 11.8273601532, 13.309264183, 13.7359619141, 15.5486469269, 12.5868206024, 13.7930202484, 14.6966590881, 17.8770294189, 18.677570343, 15.7422027588, 14.8823184967, 11.5366973877, 9.76727485657, 10.2709960938, 10.1835212708, 7.60186672211, 7.57303524017, 4.13745594025, 2.60737299919, 1.52840054035, 0.938674986362, 0.617835998535, 0.308813691139, 0.132050722837, 0.0365944504738, 0.00667780730873, 0.000726319849491, 6.66824998916e-05, 3.31496994477e-05], "min": [4.11250387059e-23, 6.1817074189e-22, 1.92805804341e-21, 7.75057651866e-21, 1.11940567073e-20, 2.35593284606e-20, 1.95172247712e-20, 5.47644876557e-20, 6.512281164e-20, 1.43273511133e-19, 3.44407427234e-19, 3.39846456734e-19, 5.52803510899e-19, 6.85631915169e-19, 5.68446581957e-19, 9.73850591904e-19, 1.36877205214e-18, 1.75586828039e-18, 2.07964166139e-18, 2.754861544e-18, 3.32374694527e-18, 3.47551721688e-18, 4.79678563061e-18, 4.19821623267e-18, 7.71331197391e-18, 8.1831050669e-18, 9.57887970636e-18, 9.55584934374e-18, 8.81764937686e-18, 9.11790766741e-18, 1.20903423211e-17, 1.01864777807e-17, 1.01277363767e-17, 8.03075659605e-18, 5.55678801048e-18, 3.7440121855e-18, 2.16503213641e-18, 1.00504253883e-18, 2.1259376678e-19, 2.74482082506e-20], "var": [0.0609081313014, 6.34146261215, 31.3716468811, 115.116226196, 239.28187561, 740.036499023, 137.616744995, 197.939224243, 381.546569824, 545.53503418, 1251.59716797, 2149.33789062, 2357.49023438, 1346.60693359, 4804.69238281, 1855.53149414, 6031.59472656, 6509.13867188, 3591.92333984, 5561.78173828, 2281.74853516, 1324.77819824, 725.753723145, 579.290466309, 1005.05444336, 557.932800293, 363.062835693, 604.44329834, 155.468719482, 88.6272659302, 67.4925689697, 65.0947036743, 26.3572750092, 14.7926654816, 2.0534081459, 0.694470763206, 0.121829159558, 0.0012419995619, 2.91380342787e-06, 4.68816407917e-09]}, "erbbands_crest": {"dmean": 2.09205889702, "dmean2": 3.37234997749, "dvar": 4.23980760574, "dvar2": 10.5512218475, "max": 29.8378696442, "mean": 7.27643203735, "median": 6.46799373627, "min": 2.30287337303, "var": 11.152100563}, "erbbands_flatness_db": {"dmean": 0.0150337442756, "dmean2": 0.0207393746823, "dvar": 0.000289151474135, "dvar2": 0.000494539446663, "max": 0.318195462227, "mean": 0.144426077604, "median": 0.136618345976, "min": 0.0318445526063, "var": 0.00183452479541}, "erbbands_kurtosis": {"dmean": 0.585370838642, "dmean2": 0.925529181957, "dvar": 0.589601159096, "dvar2": 1.48634064198, "max": 16.8224239349, "mean": 0.00143859116361, "median": -0.237329959869, "min": -1.78988146782, "var": 1.30009877682}, "erbbands_skewness": {"dmean": 0.269373118877, "dmean2": 0.416637599468, "dvar": 0.0684803724289, "dvar2": 0.164551302791, "max": 3.74126219749, "mean": -0.0386719219387, "median": -0.0773899704218, "min": -2.86395406723, "var": 0.29006972909}, "erbbands_spread": {"dmean": 7.77288007736, "dmean2": 11.748673439, "dvar": 77.5319976807, "dvar2": 168.557617188, "max": 139.559661865, "mean": 39.7625007629, "median": 37.2402420044, "min": 5.85674285889, "var": 289.395080566}, "gfcc": {"cov": [[28641.2734375, 226.067901611, -1820.68432617, 1210.73828125, -1152.21459961, 596.239196777, -722.399108887, 246.117462158, -518.290039062, 284.558654785, -505.358947754, 67.5717163086, -168.219528198], [226.067901611, 1717.36560059, -209.304397583, -152.651580811, 326.534240723, -193.922958374, 201.065109253, -80.5025177002, 77.1515045166, -167.777481079, 112.854057312, -134.730743408, 11.4628505707], [-1820.68432617, -209.304397583, 912.169250488, 8.97606086731, 95.6357727051, 39.6025428772, 38.9477424622, 42.1601638794, 36.744430542, 9.44690513611, -4.03649520874, 74.3808898926, -40.3304367065], [1210.73828125, -152.651580811, 8.97606086731, 488.2472229, -74.8306503296, 119.846565247, 6.4487862587, 32.9228134155, 5.65681219101, 12.1931753159, -23.3527812958, -23.9151859283, 20.0766620636], [-1152.21459961, 326.534240723, 95.6357727051, -74.8306503296, 336.174102783, -22.2362308502, 108.050918579, -4.56999397278, 39.4718933105, -24.4307041168, 28.3659496307, -24.6934452057, -0.216687113047], [596.239196777, -193.922958374, 39.6025428772, 119.846565247, -22.2362308502, 195.076797485, 4.78466367722, 42.8014984131, -12.1588945389, 32.4873466492, -18.1458435059, 0.157245516777, -0.0370604358613], [-722.399108887, 201.065109253, 38.9477424622, 6.4487862587, 108.050918579, 4.78466367722, 180.124023438, -0.283729285002, 29.2100105286, -13.257352829, 32.6587181091, -26.5050888062, -0.303784608841], [246.117462158, -80.5025177002, 42.1601638794, 32.9228134155, -4.56999397278, 42.8014984131, -0.283729285002, 84.7976913452, 18.1246051788, 17.307806015, -10.615688324, 7.08347892761, 0.735898852348], [-518.290039062, 77.1515045166, 36.744430542, 5.65681219101, 39.4718933105, -12.1588945389, 29.2100105286, 18.1246051788, 94.7342758179, 0.117440097034, 14.592713356, -9.99309635162, 10.9203996658], [284.558654785, -167.777481079, 9.44690513611, 12.1931753159, -24.4307041168, 32.4873466492, -13.257352829, 17.307806015, 0.117440097034, 80.5392532349, -0.722715437412, 23.533367157, -2.94509482384], [-505.358947754, 112.854057312, -4.03649520874, -23.3527812958, 28.3659496307, -18.1458435059, 32.6587181091, -10.615688324, 14.592713356, -0.722715437412, 81.8116760254, 4.82056617737, 11.2380714417], [67.5717163086, -134.730743408, 74.3808898926, -23.9151859283, -24.6934452057, 0.157245516777, -26.5050888062, 7.08347892761, -9.99309635162, 23.533367157, 4.82056617737, 77.0078125, 3.31814241409], [-168.219528198, 11.4628505707, -40.3304367065, 20.0766620636, -0.216687113047, -0.0370604358613, -0.303784608841, 0.735898852348, 10.9203996658, -2.94509482384, 11.2380714417, 3.31814241409, 54.3689193726]], "icov": [[0.000120873315609, -0.00032068399014, 0.000211720092921, -0.000280305597698, 0.000284427544102, -0.000271599565167, 0.000326670124196, -0.000354661635356, 0.000455272471299, -0.000567462237086, 0.000663971411996, -0.000551775039639, 0.00048398040235], [-0.00032068399014, 0.00205728504807, -0.000302019325318, 0.000803275790531, -0.00147022760939, 0.00133454496972, -0.00134732481092, 0.00111810909584, -0.00156612123828, 0.00310879293829, -0.00280755851418, 0.00244935718365, -0.00106042146217], [0.000211720092921, -0.000302019325318, 0.00184083625209, -0.000621413113549, -9.05416745809e-05, -0.000615540484432, 0.000262592046056, -0.000901045335922, 6.51029040455e-05, -0.000176789268153, 0.00114760885481, -0.00264509255067, 0.00222818064503], [-0.000280305597698, 0.000803275790531, -0.000621413113549, 0.00331265269779, 2.20855908992e-05, -0.000805807765573, -0.00111266516615, 0.000671705522109, -0.00134929304477, 0.00144626479596, -0.00115222716704, 0.00239826808684, -0.00229546125047], [0.000284427544102, -0.00147022760939, -9.05416745809e-05, 2.20855908992e-05, 0.00524187181145, -0.00102169602178, -0.00099494040478, -0.000832517514937, 0.00048781291116, -0.00175445491914, 0.0018963488983, -0.000855887832586, 0.000607831869274], [-0.000271599565167, 0.00133454496972, -0.000615540484432, -0.000805807765573, -0.00102169602178, 0.00823086965829, -0.00154418079183, -0.0019875310827, 0.000677374599036, -0.000329318863805, -0.0013369602384, 0.0025524047669, -0.00129425805062], [0.000326670124196, -0.00134732481092, 0.000262592046056, -0.00111266516615, -0.00099494040478, -0.00154418079183, 0.00889654178172, -0.000966653926298, 0.00037842389429, -0.00180752715096, -0.000451148080174, 0.000141235810588, 0.00186893949285], [-0.000354661635356, 0.00111810909584, -0.000901045335922, 0.000671705522109, -0.000832517514937, -0.0019875310827, -0.000966653926298, 0.0159459356219, -0.00493267504498, 0.000319086044328, -0.000237099724473, 0.000623935018666, -0.00145642831922], [0.000455272471299, -0.00156612123828, 6.51029040455e-05, -0.00134929304477, 0.00048781291116, 0.000677374599036, 0.00037842389429, -0.00493267504498, 0.0150594813749, -0.00378941884264, 0.00120496889576, 0.000203310060897, -0.00113490049262], [-0.000567462237086, 0.00310879293829, -0.000176789268153, 0.00144626479596, -0.00175445491914, -0.000329318863805, -0.00180752715096, 0.000319086044328, -0.00378941884264, 0.0201767645776, -0.0051630595699, -0.000985983642749, -0.000116562587209], [0.000663971411996, -0.00280755851418, 0.00114760885481, -0.00115222716704, 0.0018963488983, -0.0013369602384, -0.000451148080174, -0.000237099724473, 0.00120496889576, -0.0051630595699, 0.0192383900285, -0.00594485830516, -0.000205082949833], [-0.000551775039639, 0.00244935718365, -0.00264509255067, 0.00239826808684, -0.000855887832586, 0.0025524047669, 0.000141235810588, 0.000623935018666, 0.000203310060897, -0.000985983642749, -0.00594485830516, 0.021693315357, -0.00527004804462], [0.00048398040235, -0.00106042146217, 0.00222818064503, -0.00229546125047, 0.000607831869274, -0.00129425805062, 0.00186893949285, -0.00145642831922, -0.00113490049262, -0.000116562587209, -0.000205082949833, -0.00527004804462, 0.0232317317277]], "mean": [-12.0508813858, 94.354675293, -121.950836182, 37.9471626282, -51.2883758545, 16.7243461609, -32.0129699707, 6.16403007507, -24.2826042175, 1.18300712109, -20.5116977692, -3.85113382339, -9.81363964081]}, "hfc": {"dmean": 6.68288850784, "dmean2": 9.59383678436, "dvar": 125.798927307, "dvar2": 268.409881592, "max": 311.078948975, "mean": 23.194480896, "median": 18.6774482727, "min": 1.09160398313e-16, "var": 422.599334717}, "melbands": {"dmean": [0.00115126126911, 0.00147190969437, 0.000792738166638, 0.000658755830955, 0.00020953627245, 0.000140934018418, 0.000119553806144, 0.000100048695458, 7.84656294854e-05, 9.09486116143e-05, 6.87881693011e-05, 4.99264169775e-05, 6.91491732141e-05, 4.02190744353e-05, 3.67715620087e-05, 4.59796647192e-05, 3.99193449994e-05, 3.24453976646e-05, 3.91133180528e-05, 2.6376455935e-05, 1.88294543477e-05, 1.40163811011e-05, 1.10131741167e-05, 8.0651461758e-06, 6.76428317092e-06, 8.70349595061e-06, 6.92857929607e-06, 5.39463690075e-06, 4.41062684331e-06, 4.81381266582e-06, 3.87071213481e-06, 2.32989145843e-06, 2.2734598133e-06, 1.73265323156e-06, 1.22288872717e-06, 1.15009106594e-06, 1.00115960322e-06, 6.22842208031e-07, 5.97706616645e-07, 4.82821974401e-07], "dmean2": [0.00187495118007, 0.00249723391607, 0.00133903592359, 0.00110770878382, 0.00034259640961, 0.000228896838962, 0.000189754820894, 0.000161601943546, 0.000122782046674, 0.000138505958603, 0.000104111066321, 7.65969962231e-05, 0.000105917679321, 6.40028592898e-05, 5.81281819905e-05, 6.94437912898e-05, 6.08836926403e-05, 5.14179482707e-05, 6.33588424535e-05, 4.26284823334e-05, 3.05685753119e-05, 2.26990505325e-05, 1.77126112249e-05, 1.28048714032e-05, 1.0878368812e-05, 1.37507895488e-05, 1.13417527245e-05, 8.66402206157e-06, 7.01281078364e-06, 7.94631978351e-06, 6.39126210444e-06, 3.83885753763e-06, 3.63756362276e-06, 2.80103836303e-06, 1.9212470761e-06, 1.77558865744e-06, 1.5062004195e-06, 9.1882822062e-07, 8.76682349826e-07, 7.07872629846e-07], "dvar": [6.97591121934e-06, 1.00123397715e-05, 2.52017548519e-06, 3.49369884134e-06, 1.94371224893e-07, 6.82393519469e-08, 6.02424421459e-08, 4.46456915881e-08, 3.49387434539e-08, 4.42776979526e-08, 2.20511786608e-08, 1.09415099203e-08, 2.80236438499e-08, 7.40648387065e-09, 6.71382505146e-09, 1.68789231481e-08, 8.79091199835e-09, 5.52080248184e-09, 6.45858921899e-09, 2.99945046578e-09, 1.68315683613e-09, 7.15278003494e-10, 3.83940518267e-10, 2.09771353066e-10, 2.00092983849e-10, 5.77140946145e-10, 2.81433820692e-10, 1.11704867578e-10, 8.01926025584e-11, 8.50884571135e-11, 6.15592299358e-11, 2.67827079958e-11, 2.08043929306e-11, 1.64022823101e-11, 1.25349912741e-11, 1.87437062399e-11, 1.63371313006e-11, 6.41400300927e-12, 8.24701158059e-12, 6.24784685793e-12], "dvar2": [1.67556481756e-05, 2.67693230853e-05, 6.60762407279e-06, 9.11360803002e-06, 5.07895038027e-07, 1.75965297444e-07, 1.52153461386e-07, 1.15727665673e-07, 8.09618541098e-08, 9.70479447915e-08, 4.7548912363e-08, 2.51057592493e-08, 6.21567721737e-08, 1.85327966307e-08, 1.63147060306e-08, 3.32362368738e-08, 1.81707786595e-08, 1.36251445682e-08, 1.58536241912e-08, 7.79169617715e-09, 4.48062609237e-09, 1.8448101935e-09, 9.74207936544e-10, 4.74793204752e-10, 4.59994126123e-10, 1.28558064194e-09, 7.18943737876e-10, 2.85271833933e-10, 1.91811136419e-10, 2.20589768674e-10, 1.62596519582e-10, 7.15345421787e-11, 5.21833548595e-11, 3.98072859398e-11, 2.79651163337e-11, 4.05783462387e-11, 3.23320190065e-11, 1.13534589716e-11, 1.58580110848e-11, 1.29578769589e-11], "max": [0.0285314247012, 0.0283931046724, 0.0395236909389, 0.0353450961411, 0.0087779155001, 0.00405021570623, 0.00552972685546, 0.00581372715533, 0.00636646943167, 0.00609005615115, 0.00481670722365, 0.00292746908963, 0.0077710757032, 0.00271619809791, 0.00244310870767, 0.00433984166011, 0.00308333756402, 0.00185902789235, 0.00189451198094, 0.00110318546649, 0.00155192078091, 0.000711957924068, 0.000461549527245, 0.000380284502171, 0.000585742469411, 0.000899275357369, 0.000659725919832, 0.00047191340127, 0.000195652159164, 0.000184126271051, 0.000196440189029, 0.000132579996716, 9.37775403145e-05, 9.65512881521e-05, 0.000106863677502, 0.000175789813511, 0.000218379675061, 0.000107706262497, 0.00017154274974, 0.000144862933666], "mean": [0.001358362264, 0.00217489642091, 0.00149814249016, 0.000801790039986, 0.000325004803017, 0.000218286528252, 0.00018808664754, 0.000154388821102, 0.000138143179356, 0.000160050214618, 0.000131887674797, 9.15308337426e-05, 0.00012396342936, 7.32183398213e-05, 6.12478761468e-05, 9.01131497812e-05, 7.00435120962e-05, 5.75338417548e-05, 7.13245972292e-05, 4.74131011288e-05, 3.37730998581e-05, 2.72186989605e-05, 2.18607965508e-05, 1.61273255799e-05, 1.31578508444e-05, 1.58189232025e-05, 1.33469875436e-05, 1.12690822789e-05, 9.29456655285e-06, 1.00132465377e-05, 8.50499782246e-06, 4.68376083518e-06, 4.19338130087e-06, 2.98307918456e-06, 2.22814969675e-06, 1.87503246707e-06, 1.62820958849e-06, 1.10851146928e-06, 9.88847318695e-07, 7.70702797581e-07], "median": [0.000609570881352, 0.00147448666394, 0.00122311734594, 0.000401010067435, 0.000182575910003, 0.000119491705846, 9.45411811699e-05, 8.60226864461e-05, 6.83948164806e-05, 7.09803134669e-05, 6.36395561742e-05, 4.921258369e-05, 4.98523004353e-05, 3.30154871335e-05, 2.69119245786e-05, 2.77998260572e-05, 2.43827234954e-05, 2.36555606534e-05, 2.59607459157e-05, 1.9140119548e-05, 1.6189964299e-05, 1.4406236005e-05, 1.16978453661e-05, 8.35588252812e-06, 7.13499412086e-06, 6.68248412694e-06, 6.83628695697e-06, 6.0556740209e-06, 4.41951442554e-06, 4.67034578833e-06, 3.86464989788e-06, 2.25231724471e-06, 1.67511757354e-06, 1.21181926716e-06, 8.75474597706e-07, 6.49077492199e-07, 5.10085669703e-07, 4.30405350471e-07, 3.31563796863e-07, 2.30569852988e-07], "min": [4.54888949602e-25, 1.44488749476e-24, 1.10332580977e-24, 1.53230856724e-24, 7.52039392659e-25, 1.52234870528e-24, 8.23109005598e-25, 1.50932382287e-24, 3.00222691435e-24, 1.94374005704e-24, 2.80318054467e-24, 2.40426403731e-24, 1.97133460872e-24, 1.79936805898e-24, 3.28844123077e-24, 2.24702374573e-24, 2.82848562479e-24, 2.53248410834e-24, 1.69358437539e-24, 2.82588336988e-24, 3.09088600541e-24, 3.20444371601e-24, 3.70266933109e-24, 3.65750191667e-24, 2.90434229222e-24, 4.38333993531e-24, 4.64418704881e-24, 4.68520466044e-24, 4.85498291003e-24, 4.98834457923e-24, 5.20946307982e-24, 4.02533947373e-24, 5.00799313222e-24, 4.57471522433e-24, 5.5399464953e-24, 6.17172705049e-24, 5.89237878218e-24, 6.31631066049e-24, 6.17106361847e-24, 6.53982927039e-24], "var": [6.7719342951e-06, 8.85149529495e-06, 3.0889050322e-06, 2.90365801447e-06, 2.24424297812e-07, 9.36786932471e-08, 9.11248108082e-08, 5.79050336569e-08, 8.57530864096e-08, 9.8816073546e-08, 6.01550098622e-08, 2.20663736172e-08, 6.67305641855e-08, 1.90956725987e-08, 1.4010542948e-08, 5.95636322487e-08, 2.32372610043e-08, 1.03200381574e-08, 1.47841738851e-08, 6.3384479887e-09, 3.08746783695e-09, 1.71251401948e-09, 9.39258337773e-10, 5.53458501251e-10, 4.21353479885e-10, 9.97501747868e-10, 4.57978599488e-10, 2.35404418181e-10, 2.03846092783e-10, 2.18466286728e-10, 1.56685567299e-10, 5.15976289472e-11, 4.6182883906e-11, 2.60865704038e-11, 2.19506669785e-11, 2.7533296823e-11, 2.5500063866e-11, 1.23146987399e-11, 1.39797331697e-11, 9.47629648362e-12]}, "melbands_crest": {"dmean": 2.85185146332, "dmean2": 4.59032583237, "dvar": 8.50465965271, "dvar2": 20.5781154633, "max": 32.5582122803, "mean": 12.7405204773, "median": 12.2906761169, "min": 1.63173055649, "var": 21.4243125916}, "melbands_flatness_db": {"dmean": 0.0259114578366, "dmean2": 0.0382037088275, "dvar": 0.000847061455715, "dvar2": 0.00181003194302, "max": 0.575699865818, "mean": 0.178245857358, "median": 0.163663715124, "min": 0.00272691366263, "var": 0.00563689414412}, "melbands_kurtosis": {"dmean": 6.28283262253, "dmean2": 9.88078308105, "dvar": 150.000762939, "dvar2": 361.73046875, "max": 299.940582275, "mean": 10.9335813522, "median": 5.41378688812, "min": -1.78385663033, "var": 292.471557617}, "melbands_skewness": {"dmean": 0.712265610695, "dmean2": 1.08342337608, "dvar": 0.704798519611, "dvar2": 1.5754339695, "max": 12.5617294312, "mean": 2.51426625252, "median": 2.24509906769, "min": -0.721174180508, "var": 2.35237717628}, "melbands_spread": {"dmean": 7.79905176163, "dmean2": 11.8466482162, "dvar": 89.506072998, "dvar2": 184.665344238, "max": 228.124710083, "mean": 29.6890735626, "median": 27.0546569824, "min": 0.34456205368, "var": 439.594787598}, "mfcc": {"cov": [[12803.4492188, -228.21522522, -94.1488647461, 475.450805664, -33.4764938354, 339.232086182, -59.86561203, -56.2950019836, 119.165557861, 76.9623184204, -76.6849822998, -53.7165718079, -58.5826263428], [-228.21522522, 1997.05004883, -301.019836426, 85.1555938721, 100.971755981, -44.8514060974, 96.209274292, 57.6398925781, -0.736772656441, -33.7187843323, 48.195766449, 25.928062439, -5.93166780472], [-94.1488647461, -301.019836426, 629.235717773, 63.5363693237, 41.2809562683, 44.9727630615, -17.4928226471, 61.6329193115, -3.77173781395, 30.5374393463, -9.70976734161, 9.1759967804, 24.3618850708], [475.450805664, 85.1555938721, 63.5363693237, 295.532562256, 36.0145149231, 64.3150558472, 38.4635772705, 39.4725265503, 33.4778137207, 23.2282714844, 2.90223240852, 4.66575527191, 1.70305299759], [-33.4764938354, 100.971755981, 41.2809562683, 36.0145149231, 173.291442871, 30.6053066254, 19.0260257721, 29.054977417, 25.3966560364, 18.8002147675, -4.78742361069, 10.8191242218, 13.1515550613], [339.232086182, -44.8514060974, 44.9727630615, 64.3150558472, 30.6053066254, 134.524658203, 56.2748718262, 23.4596576691, 31.0593681335, 18.9731807709, 19.1175632477, 4.08988380432, -5.16509962082], [-59.86561203, 96.209274292, -17.4928226471, 38.4635772705, 19.0260257721, 56.2748718262, 133.780822754, 29.3600349426, 18.6367034912, 5.02410936356, 30.8248176575, 9.76967525482, -8.98860836029], [-56.2950019836, 57.6398925781, 61.6329193115, 39.4725265503, 29.054977417, 23.4596576691, 29.3600349426, 85.9758605957, 25.4263267517, 15.4540748596, 9.59289073944, 5.85664510727, 7.74807691574], [119.165557861, -0.736772656441, -3.77173781395, 33.4778137207, 25.3966560364, 31.0593681335, 18.6367034912, 25.4263267517, 86.1884078979, 32.2761268616, 8.03317832947, 1.25001323223, -0.655266404152], [76.9623184204, -33.7187843323, 30.5374393463, 23.2282714844, 18.8002147675, 18.9731807709, 5.02410936356, 15.4540748596, 32.2761268616, 66.2809753418, 16.3420352936, 3.08347940445, 3.9510679245], [-76.6849822998, 48.195766449, -9.70976734161, 2.90223240852, -4.78742361069, 19.1175632477, 30.8248176575, 9.59289073944, 8.03317832947, 16.3420352936, 63.6806106567, 12.2365989685, -3.52538657188], [-53.7165718079, 25.928062439, 9.1759967804, 4.66575527191, 10.8191242218, 4.08988380432, 9.76967525482, 5.85664510727, 1.25001323223, 3.08347940445, 12.2365989685, 53.9219398499, 15.6337184906], [-58.5826263428, -5.93166780472, 24.3618850708, 1.70305299759, 13.1515550613, -5.16509962082, -8.98860836029, 7.74807691574, -0.655266404152, 3.9510679245, -3.52538657188, 15.6337184906, 54.1512908936]], "icov": [[9.42049446166e-05, -2.92362915388e-06, 3.91954017687e-05, -0.000129664418637, 6.71744564897e-05, -0.000284898822429, 0.000150797830429, 0.000100751349237, -4.26363440056e-05, -7.81514827395e-05, 0.000154837878654, 2.13547191379e-05, 6.42660597805e-05], [-2.92362915388e-06, 0.000649270659778, 0.000342077109963, -0.000252882920904, -0.000465707795229, 0.000531740137376, -0.000303404784063, -0.00052267825231, 0.000177282257937, 0.000428122089943, -0.00050372624537, -0.000125391641632, 8.45775939524e-05], [3.91954017687e-05, 0.000342077109963, 0.0021011007484, -0.000366154126823, -0.000336175231496, -0.000608763890341, 0.000620079634245, -0.00165948446374, 0.00108075712342, -0.000668968888931, 0.000291755713988, -0.000222855233005, -0.000344694271917], [-0.000129664418637, -0.000252882920904, -0.000366154126823, 0.00430645700544, -8.75631958479e-05, -0.00119829340838, -0.000526915828232, -0.00090157991508, -0.000507180055138, -0.000635013973806, 0.000774711719714, -0.000125416641822, -6.33397576166e-05], [6.71744564897e-05, -0.000465707795229, -0.000336175231496, -8.75631958479e-05, 0.00707159470767, -0.00144393288065, -0.000187014346011, -0.000816176296212, -0.00101378851105, -0.00145325460471, 0.00217770924792, -0.000900335668121, -0.00109831988811], [-0.000284898822429, 0.000531740137376, -0.000608763890341, -0.00119829340838, -0.00144393288065, 0.0120063181967, -0.00425637094304, -0.000163771619555, -0.00191065610852, 5.68733848922e-05, -0.00218447064981, 0.000183562704478, 0.000651908107102], [0.000150797830429, -0.000303404784063, 0.000620079634245, -0.000526915828232, -0.000187014346011, -0.00425637094304, 0.0112899327651, -0.002407242544, -0.000337257632054, 0.00148618873209, -0.00336483796127, -0.000987910432741, 0.00167903769761], [0.000100751349237, -0.00052267825231, -0.00165948446374, -0.00090157991508, -0.000816176296212, -0.000163771619555, -0.002407242544, 0.0161587223411, -0.00353374495171, -0.000665357743856, -0.000525985262357, 0.00033888782491, -0.00182862137444], [-4.26363440056e-05, 0.000177282257937, 0.00108075712342, -0.000507180055138, -0.00101378851105, -0.00191065610852, -0.000337257632054, -0.00353374495171, 0.0164722744375, -0.00678301928565, 0.000875574245583, 0.0001202610365, 0.000733153894544], [-7.81514827395e-05, 0.000428122089943, -0.000668968888931, -0.000635013973806, -0.00145325460471, 5.68733848922e-05, 0.00148618873209, -0.000665357743856, -0.00678301928565, 0.0211928673089, -0.0060098618269, 0.000638348399661, -0.0012203900842], [0.000154837878654, -0.00050372624537, 0.000291755713988, 0.000774711719714, 0.00217770924792, -0.00218447064981, -0.00336483796127, -0.000525985262357, 0.000875574245583, -0.0060098618269, 0.021172458306, -0.00433207023889, 0.00181434722617], [2.13547191379e-05, -0.000125391641632, -0.000222855233005, -0.000125416641822, -0.000900335668121, 0.000183562704478, -0.000987910432741, 0.00033888782491, 0.0001202610365, 0.000638348399661, -0.00433207023889, 0.0218089353293, -0.00648621795699], [6.42660597805e-05, 8.45775939524e-05, -0.000344694271917, -6.33397576166e-05, -0.00109831988811, 0.000651908107102, 0.00167903769761, -0.00182862137444, 0.000733153894544, -0.0012203900842, 0.00181434722617, -0.00648621795699, 0.0216605421156]], "mean": [-640.47869873, 118.629058838, -7.41992664337, 25.6386871338, 3.0007455349, 11.581870079, 2.76353049278, 3.39052224159, 4.27253055573, 1.65363276005, -2.72877955437, -1.90032458305, -2.72827172279]}, "pitch_salience": {"dmean": 0.0686500519514, "dmean2": 0.112871743739, "dvar": 0.00505754118785, "dvar2": 0.0133860027418, "max": 0.989383220673, "mean": 0.572961986065, "median": 0.582136452198, "min": 0.0731011927128, "var": 0.0123273357749}, "silence_rate_20dB": {"dmean": 0, "dmean2": 0, "dvar": 0, "dvar2": 0, "max": 1, "mean": 1, "median": 1, "min": 1, "var": 0}, "silence_rate_30dB": {"dmean": 0.00868071243167, "dmean2": 0.0173629950732, "dvar": 0.00860597100109, "dvar2": 0.0250208657235, "max": 1, "mean": 0.99529838562, "median": 1, "min": 0, "var": 0.00467971293256}, "silence_rate_60dB": {"dmean": 0.0171805769205, "dmean2": 0.0343642607331, "dvar": 0.0168832298368, "dvar2": 0.0364424176514, "max": 1, "mean": 0.0750452056527, "median": 0, "min": 0, "var": 0.0694186985493}, "spectral_centroid": {"dmean": 257.851531982, "dmean2": 403.373474121, "dvar": 96583.40625, "dvar2": 225691.265625, "max": 11637.3134766, "mean": 1663.13928223, "median": 1609.82250977, "min": 127.656723022, "var": 1454742.875}, "spectral_complexity": {"dmean": 3.46414685249, "dmean2": 5.23856019974, "dvar": 15.8600959778, "dvar2": 32.2447662354, "max": 64, "mean": 22.9309215546, "median": 22, "min": 0, "var": 138.096420288}, "spectral_contrast_coeffs": {"dmean": [0.0467406287789, 0.0417464338243, 0.0360871851444, 0.0305839907378, 0.0214547850192, 0.0175643321127], "dmean2": [0.0765760689974, 0.0693523287773, 0.0579603724182, 0.0485936887562, 0.0339238159359, 0.0278109740466], "dvar": [0.00178082846105, 0.00117958406918, 0.000917063036468, 0.00068653334165, 0.000378344004275, 0.000304989283904], "dvar2": [0.00467918952927, 0.00320855062455, 0.00232551363297, 0.00161889824085, 0.00082462473074, 0.000706256891135], "max": [-0.300274640322, -0.450352877378, -0.433913558722, -0.467157185078, -0.522202372551, -0.583342075348], "mean": [-0.647102832794, -0.770535290241, -0.762184083462, -0.76100975275, -0.78147649765, -0.741288304329], "median": [-0.645244479179, -0.772706210613, -0.766611218452, -0.765825748444, -0.784318447113, -0.738162338734], "min": [-0.980320513248, -0.993205606937, -0.995707809925, -0.996916770935, -0.97001516819, -0.964139282703], "var": [0.00615941453725, 0.00393946049735, 0.00441045174375, 0.00453945342451, 0.00274201552384, 0.0026648750063]}, "spectral_contrast_valleys": {"dmean": [0.416914731264, 0.377876222134, 0.315923690796, 0.279821068048, 0.252407759428, 0.281093001366], "dmean2": [0.643785536289, 0.590330839157, 0.486061185598, 0.426366716623, 0.36981549859, 0.367730677128], "dvar": [0.181935399771, 0.133139356971, 0.0988961681724, 0.0945380404592, 0.106034465134, 0.177589416504], "dvar2": [0.375529825687, 0.293107539415, 0.198618069291, 0.178650379181, 0.196859657764, 0.289921969175], "max": [-4.98057794571, -4.75198602676, -5.29446315765, -5.6910943985, -5.45996904373, -7.09033870697], "mean": [-7.37595129013, -6.94920253754, -7.46804428101, -7.8626871109, -7.76656961441, -10.4780864716], "median": [-6.84144115448, -6.5758190155, -7.06728744507, -7.43664073944, -7.28795337677, -9.93613052368], "min": [-28.3083057404, -27.9878616333, -27.8072395325, -27.9389038086, -27.5661029816, -27.3793373108], "var": [6.23648357391, 6.03948259354, 5.73377275467, 5.65276670456, 5.84948158264, 5.15599584579]}, "spectral_decrease": {"dmean": 2.71458899803e-09, "dmean2": 4.19390877582e-09, "dvar": 2.12881779696e-17, "dvar2": 4.87403768238e-17, "max": 1.7056578459e-28, "mean": -6.72176847516e-09, "median": -5.41926770126e-09, "min": -4.46018084688e-08, "var": 3.27508299993e-17}, "spectral_energy": {"dmean": 0.0106739141047, "dmean2": 0.016378428787, "dvar": 0.000319366634358, "dvar2": 0.000726690457668, "max": 0.180809870362, "mean": 0.0274734105915, "median": 0.0224414207041, "min": 1.00163922375e-20, "var": 0.000520857749507}, "spectral_energyband_high": {"dmean": 0.000487403332954, "dmean2": 0.00074267265154, "dvar": 1.08683605049e-06, "dvar2": 2.39630503529e-06, "max": 0.0343366414309, "mean": 0.00121457851492, "median": 0.000654328498058, "min": 6.93095039155e-21, "var": 2.57411988969e-06}, "spectral_energyband_low": {"dmean": 0.0068456013687, "dmean2": 0.010965612717, "dvar": 0.000184132935829, "dvar2": 0.000442416785518, "max": 0.125623732805, "mean": 0.0113433720544, "median": 0.00775835197419, "min": 1.11227754694e-23, "var": 0.000207399076317}, "spectral_energyband_middle_high": {"dmean": 0.00174300395884, "dmean2": 0.00256986869499, "dvar": 6.54683390167e-06, "dvar2": 1.399132816e-05, "max": 0.0602172650397, "mean": 0.00642923684791, "median": 0.00443966593593, "min": 1.16333380802e-21, "var": 4.14580172219e-05}, "spectral_energyband_middle_low": {"dmean": 0.00494323950261, "dmean2": 0.00793521944433, "dvar": 9.65294602793e-05, "dvar2": 0.000239066110225, "max": 0.151460140944, "mean": 0.0102351438254, "median": 0.00778173282743, "min": 1.44884541503e-22, "var": 0.000115731418191}, "spectral_entropy": {"dmean": 0.13345938921, "dmean2": 0.194791406393, "dvar": 0.0289745628834, "dvar2": 0.0568760819733, "max": 9.82425022125, "mean": 7.67975616455, "median": 7.78475093842, "min": 5.05832672119, "var": 0.234258159995}, "spectral_flux": {"dmean": 0.0279748942703, "dmean2": 0.0419010035694, "dvar": 0.00131850095931, "dvar2": 0.00267738685943, "max": 0.37102663517, "mean": 0.0828449651599, "median": 0.0703543052077, "min": 6.38917599383e-11, "var": 0.00318728829734}, "spectral_kurtosis": {"dmean": 1.64017868042, "dmean2": 2.73042392731, "dvar": 8.6783618927, "dvar2": 23.3223781586, "max": 62.2366409302, "mean": 4.55457019806, "median": 3.14438867569, "min": -1.27252280712, "var": 25.0991134644}, "spectral_rms": {"dmean": 0.000870373449288, "dmean2": 0.00128503353335, "dvar": 1.46493346165e-06, "dvar2": 3.08328776555e-06, "max": 0.0132815614343, "mean": 0.0047350586392, "median": 0.00467910990119, "min": 3.12603415376e-12, "var": 4.38247252532e-06}, "spectral_rolloff": {"dmean": 532.833068848, "dmean2": 858.469055176, "dvar": 792409.5, "dvar2": 1768892.25, "max": 19702.8808594, "mean": 1901.74560547, "median": 1571.92382812, "min": 86.1328125, "var": 5027055.5}, "spectral_skewness": {"dmean": 0.207971766591, "dmean2": 0.333623319864, "dvar": 0.0727656632662, "dvar2": 0.180261313915, "max": 6.14816856384, "mean": 1.4385175705, "median": 1.32380998135, "min": -0.0876277387142, "var": 0.366558730602}, "spectral_spread": {"dmean": 499767.40625, "dmean2": 698813.875, "dvar": 703274156032, "dvar2": 1201592860670.0, "max": 42861392, "mean": 4802836