{"lowlevel": {"average_loudness": 0.835685491562, "barkbands": {"dmean": [4.7931644076e-05, 0.0073121227324, 0.00466053374112, 0.00285637634806, 0.00148017460015, 0.000557645456865, 0.000241415138589, 0.00018672713486, 0.000289404881187, 0.000348097353708, 0.000240463865339, 0.00026246914058, 0.000258476124145, 0.000352835311787, 0.000394463451812, 0.000388662243495, 0.000217263295781, 0.000196770546609, 0.00021277036285, 0.000159404415172, 0.000126351471408, 0.000146019970998, 0.000179575392394, 0.000182141069672, 0.000173345048097, 0.000228808974498, 0.000161565170856], "dmean2": [6.94142581779e-05, 0.0122629543766, 0.0083847977221, 0.00518430164084, 0.00265811593272, 0.000908094283659, 0.000382244645152, 0.000302175700199, 0.000455660192529, 0.000521897803992, 0.000372809794499, 0.000400517717935, 0.00037896737922, 0.000539273198228, 0.000594196026213, 0.000569359748624, 0.000333176547429, 0.0002994214301, 0.000318407430314, 0.000238570792135, 0.000188630860066, 0.000213769410038, 0.000260779226664, 0.000260828470346, 0.000243200047407, 0.00034731568303, 0.000239475702983], "dvar": [1.11762243904e-08, 0.00034971369314, 0.000189014826901, 8.87543064891e-05, 1.69693139469e-05, 2.08421715797e-06, 4.16225930167e-07, 6.10991094163e-07, 8.00878467544e-07, 1.45548881392e-06, 7.8786058566e-07, 1.14776730697e-06, 7.99916222149e-07, 1.34638651161e-06, 1.92808556676e-06, 1.24121913814e-06, 2.75733810895e-07, 2.23020478529e-07, 2.22282622531e-07, 1.13929772283e-07, 9.2737536761e-08, 1.42543683523e-07, 3.54472035724e-07, 2.70594142648e-07, 4.07046172768e-07, 3.89475133034e-07, 2.37238324985e-07], "dvar2": [2.33178649722e-08, 0.00091630127281, 0.000529889133759, 0.000248635216849, 4.81590759591e-05, 5.42170801054e-06, 9.54207507675e-07, 1.58700379416e-06, 1.92268066712e-06, 3.08175958708e-06, 1.66423956216e-06, 2.43183831117e-06, 1.56809051077e-06, 3.08973380925e-06, 3.74487331101e-06, 2.31226545111e-06, 6.32049875549e-07, 5.07696370278e-07, 4.72608775226e-07, 2.30415864166e-07, 2.07598375823e-07, 3.01073669107e-07, 8.02675231171e-07, 5.58144733986e-07, 7.79098058956e-07, 8.7444698238e-07, 4.96840073083e-07], "max": [0.00136279501021, 0.145720258355, 0.12090729177, 0.12758743763, 0.0737095102668, 0.0474458448589, 0.0164723619819, 0.0249759070575, 0.026357581839, 0.0355125851929, 0.0393255166709, 0.0484847836196, 0.0305306576192, 0.037416473031, 0.0528332144022, 0.0408835671842, 0.0159063749015, 0.0131732700393, 0.0115922978148, 0.0136894593015, 0.010604403913, 0.00952346995473, 0.0278694629669, 0.0150916622952, 0.0261883102357, 0.0189764946699, 0.0156366229057], "mean": [6.65706975269e-05, 0.0070134322159, 0.00352662638761, 0.00202958588488, 0.00146491848864, 0.000817376072519, 0.000332721450832, 0.000216680506128, 0.000365081883501, 0.000521198497154, 0.00036720384378, 0.000434806512203, 0.000435527472291, 0.000566742673982, 0.000607850961387, 0.000635516073089, 0.000365349376807, 0.000333570264047, 0.000372185982997, 0.000257725652773, 0.000176585454028, 0.000209665275179, 0.000290497584501, 0.000302285770886, 0.00026978191454, 0.000248320575338, 0.000158864990226], "median": [2.27910404647e-05, 0.000423250196036, 0.000507804623339, 0.000192006191355, 0.000450293562608, 0.000233632104937, 8.34639649838e-05, 4.30857107858e-05, 6.18996564299e-05, 8.80262014107e-05, 5.8703673858e-05, 5.80380910833e-05, 5.12911028636e-05, 7.29199673515e-05, 9.39436577028e-05, 0.000114149654109, 0.00010479066259, 8.59922220116e-05, 9.28323424887e-05, 8.3755927335e-05, 5.30500255991e-05, 4.11616965721e-05, 3.79553202947e-05, 3.30573748215e-05, 2.46814070124e-05, 1.52540815179e-05, 2.71699809673e-06], "min": [1.58377989242e-25, 6.3892605727e-24, 7.32602007866e-25, 4.99435136059e-24, 8.02940731316e-24, 8.49866595579e-24, 6.39005653336e-24, 8.22506138373e-24, 2.64713415463e-23, 1.61078233989e-23, 1.99764051667e-23, 2.32885844054e-23, 4.27632219716e-23, 3.14335732518e-23, 4.5649651402e-23, 5.39175952646e-23, 6.80416070363e-23, 6.58469455108e-23, 1.10592757953e-22, 1.41435654247e-22, 2.32128089512e-22, 3.46104480147e-22, 4.47719483506e-22, 6.18458922245e-22, 9.47176428413e-22, 1.41459819897e-21, 2.08958242557e-21], "var": [1.46480596541e-08, 0.000313228461891, 0.000120399869047, 5.53027202841e-05, 1.11475774247e-05, 3.84766553907e-06, 6.81896437982e-07, 6.08928303336e-07, 1.16493481528e-06, 2.89379545393e-06, 1.46223760566e-06, 2.58089607996e-06, 2.2990323032e-06, 2.5996137083e-06, 4.06157914767e-06, 4.10074471802e-06, 6.48115303648e-07, 4.58580927898e-07, 5.80408197948e-07, 3.08189783027e-07, 1.45137420304e-07, 2.66950877403e-07, 8.29171654004e-07, 8.16554688754e-07, 9.55186692408e-07, 5.31677585514e-07, 2.96609982797e-07]}, "barkbands_crest": {"dmean": 3.31723570824, "dmean2": 5.22191762924, "dvar": 9.30320072174, "dvar2": 21.1108474731, "max": 25.6570911407, "mean": 10.5254487991, "median": 9.61131572723, "min": 1.75336813927, "var": 24.5503826141}, "barkbands_flatness_db": {"dmean": 0.0309026166797, "dmean2": 0.046297352761, "dvar": 0.000869134266395, "dvar2": 0.00195977068506, "max": 0.406272023916, "mean": 0.110370986164, "median": 0.104483097792, "min": 0.00961105339229, "var": 0.00254946132191}, "barkbands_kurtosis": {"dmean": 4.84301805496, "dmean2": 7.84832429886, "dvar": 111.22959137, "dvar2": 274.042755127, "max": 319.07321167, "mean": 4.79825925827, "median": 0.739899873734, "min": -1.93283140659, "var": 166.910583496}, "barkbands_skewness": {"dmean": 0.915200054646, "dmean2": 1.35695898533, "dvar": 1.07892477512, "dvar2": 2.39652228355, "max": 15.3136806488, "mean": 1.3064262867, "median": 1.07375001907, "min": -9.03307342529, "var": 3.35504007339}, "barkbands_spread": {"dmean": 11.2165803909, "dmean2": 17.4693717957, "dvar": 142.252929688, "dvar2": 340.194580078, "max": 117.993087769, "mean": 32.6721229553, "median": 29.6072750092, "min": 0.361862123013, "var": 370.217987061}, "dissonance": {"dmean": 0.0135439774022, "dmean2": 0.0220327023417, "dvar": 0.000218447385123, "dvar2": 0.000543741276488, "max": 0.500000119209, "mean": 0.474890768528, "median": 0.481299191713, "min": 0.265867710114, "var": 0.000492382037919}, "dynamic_complexity": 4.51754808426, "erbbands": {"dmean": [0.122892394662, 1.97211718559, 5.35190820694, 8.14127254486, 7.01298284531, 4.23216152191, 4.78846645355, 4.32264232635, 4.04861545563, 3.02767777443, 4.35325479507, 6.48291397095, 9.54463291168, 9.3541135788, 10.3944129944, 10.8134660721, 11.7897500992, 15.1574907303, 19.5048236847, 19.4739494324, 17.3199062347, 11.2893342972, 9.69651126862, 11.9649763107, 8.85121440887, 7.48328971863, 5.46305322647, 4.97739219666, 5.20017290115, 5.56259393692, 5.1350274086, 3.9391105175, 3.09660601616, 2.22322010994, 1.09951651096, 0.619286358356, 0.479388833046, 0.207805261016, 0.0294422693551, 0.000894287892152], "dmean2": [0.185510978103, 3.37908816338, 9.40607261658, 14.7105998993, 12.8971920013, 7.49684524536, 7.79788160324, 7.10100460052, 6.42871761322, 4.89430809021, 7.04942083359, 10.1814374924, 14.5470867157, 14.188574791, 15.4389696121, 16.1798877716, 16.7500686646, 22.4746837616, 28.4773025513, 28.7742824554, 24.9722156525, 16.9415931702, 14.5550556183, 17.8121833801, 13.2376337051, 11.1446437836, 8.12178707123, 7.37421989441, 7.65944290161, 8.15445518494, 7.47828388214, 5.72446489334, 4.45750665665, 3.13055086136, 1.59336125851, 0.93935739994, 0.731573045254, 0.314730226994, 0.0439045093954, 0.00134449976031], "dvar": [0.0810830444098, 26.7447338104, 231.310897827, 602.901367188, 575.010803223, 116.643379211, 147.693267822, 167.773300171, 128.449905396, 96.5676803589, 270.419372559, 411.028778076, 1022.37628174, 1346.51367188, 1614.7911377, 1356.03735352, 1715.9654541, 1936.26257324, 5328.29980469, 2857.95410156, 2582.06323242, 691.919006348, 642.075500488, 830.986877441, 330.782012939, 252.417877197, 148.513305664, 156.987060547, 188.743972778, 459.424468994, 286.62197876, 124.951347351, 87.0956420898, 71.2606124878, 14.7931489944, 2.52778840065, 1.849848032, 0.381883263588, 0.00838000886142, 7.93961498857e-06], "dvar2": [0.166337922215, 72.0006256104, 637.26763916, 1681.39733887, 1642.90368652, 325.917266846, 375.34854126, 454.905334473, 297.652099609, 252.008499146, 704.895446777, 988.346557617, 2210.58227539, 3054.24438477, 3149.3034668, 2953.74682617, 3181.23168945, 4377.01611328, 9160.77148438, 5716.89111328, 4681.79492188, 1555.53344727, 1450.60595703, 1820.2791748, 702.832641602, 510.640258789, 333.279846191, 345.291656494, 403.890594482, 1097.54833984, 660.587097168, 267.545318604, 177.691604614, 138.925735474, 29.0572414398, 5.67085075378, 4.17939662933, 0.820782780647, 0.0179233290255, 1.63187869475e-05], "max": [2.70852065086, 39.4445037842, 139.110702515, 258.599884033, 452.956298828, 154.332427979, 248.676895142, 519.375183105, 331.310394287, 285.268981934, 436.602508545, 655.787597656, 930.745910645, 956.128356934, 1840.26452637, 1608.60693359, 1512.58654785, 1124.83837891, 3356.47436523, 1873.11535645, 1813.50146484, 700.876525879, 855.741088867, 787.092590332, 415.370391846, 719.100158691, 274.681518555, 469.512115479, 364.326446533, 1370.06896973, 742.704284668, 352.760467529, 319.314727783, 367.251098633, 136.320358276, 49.6341209412, 41.9038085938, 17.7106113434, 3.37433576584, 0.116837471724], "mean": [0.147240608931, 1.75487148762, 4.21873378754, 6.02016639709, 5.20425510406, 4.58868265152, 6.79819202423, 6.03579425812, 5.71188306808, 4.13460826874, 5.21428394318, 8.46373844147, 14.3570289612, 14.2785453796, 17.2571811676, 19.2056121826, 21.5814571381, 26.621629715, 33.4596672058, 33.0614471436, 29.7978096008, 20.1474723816, 17.6719512939, 21.5444431305, 16.2201271057, 12.3808746338, 7.94404172897, 6.94465398788, 7.2542963028, 8.58898735046, 8.10897922516, 6.46366119385, 4.97783756256, 3.47515845299, 1.64939379692, 0.795206308365, 0.493780940771, 0.202042162418, 0.0290182810277, 0.000897086691111], "median": [0.00699853198603, 0.122277863324, 0.526610195637, 0.890532374382, 0.861733853817, 1.29385399818, 1.80117702484, 1.82040166855, 1.43510711193, 1.18422007561, 1.0943492651, 1.61539423466, 3.01730394363, 2.61987566948, 3.21226167679, 3.2350025177, 2.80000162125, 4.10546445847, 4.96942329407, 6.52227258682, 6.08497905731, 5.68553113937, 5.13532018661, 5.07902336121, 4.41595554352, 4.07492780685, 2.79800772667, 1.81954491138, 1.44979274273, 1.27100801468, 1.05237150192, 0.754722476006, 0.518289506435, 0.313901126385, 0.148712560534, 0.0677091702819, 0.0267751384526, 0.00646247621626, 0.0004220198025, 3.36298980983e-05], "min": [1.91359959879e-22, 1.15863366115e-21, 1.54203086533e-21, 1.46285372678e-20, 1.51660059488e-20, 3.32381978886e-20, 6.68002434494e-20, 1.02724839624e-19, 1.17127663214e-19, 2.11957716588e-19, 2.4851069861e-19, 4.78152425171e-19, 7.39862961803e-19, 8.82528197917e-19, 1.4016776071e-18, 1.09822267707e-18, 2.17760859044e-18, 1.66117274726e-18, 2.477627619e-18, 3.49841233546e-18, 3.91610256245e-18, 4.65820185873e-18, 3.95116385348e-18, 6.51327432357e-18, 6.88516314645e-18, 7.29354759154e-18, 8.73326537386e-18, 1.00233147505e-17, 1.33484650077e-17, 1.37087451778e-17, 1.30007116607e-17, 1.13071536551e-17, 1.12555963147e-17, 9.10552973673e-18, 6.92730882584e-18, 4.78186536031e-18, 2.55694969025e-18, 9.74399219445e-19, 2.70537665292e-19, 2.9700889246e-20], "var": [0.114945456386, 21.532535553, 155.374603271, 386.877380371, 338.355194092, 89.896232605, 208.068389893, 295.173706055, 211.534042358, 120.048408508, 262.807922363, 627.956787109, 2008.38745117, 2348.11669922, 3617.47460938, 3760.8425293, 5585.58154297, 4821.86865234, 13193.0585938, 7304.29980469, 7792.11132813, 1796.22570801, 1258.28723145, 2072.9699707, 1021.31530762, 710.399353027, 249.892028809, 256.61428833, 332.640594482, 801.861755371, 596.818481445, 352.175201416, 243.821960449, 159.897979736, 35.6948890686, 4.87095785141, 2.35493779182, 0.455859452486, 0.0102554699406, 1.03138772829e-05]}, "erbbands_crest": {"dmean": 2.59069538116, "dmean2": 4.15010213852, "dvar": 6.49095487595, "dvar2": 14.9963111877, "max": 30.3933677673, "mean": 8.43081951141, "median": 7.39714622498, "min": 2.24735045433, "var": 18.2860851288}, "erbbands_flatness_db": {"dmean": 0.0232307910919, "dmean2": 0.0296612121165, "dvar": 0.000416342722019, "dvar2": 0.000650695292279, "max": 0.433228552341, "mean": 0.131453126669, "median": 0.122482381761, "min": 0.0251426063478, "var": 0.00272595556453}, "erbbands_kurtosis": {"dmean": 1.15034341812, "dmean2": 1.76187932491, "dvar": 3.6754796505, "dvar2": 8.17925548553, "max": 52.5347366333, "mean": 0.783998727798, "median": 0.0943264067173, "min": -1.87370443344, "var": 7.01214551926}, "erbbands_skewness": {"dmean": 0.433919847012, "dmean2": 0.646825194359, "dvar": 0.187569767237, "dvar2": 0.396958708763, "max": 5.12641429901, "mean": -0.175911471248, "median": -0.221368268132, "min": -5.88967180252, "var": 0.742290496826}, "erbbands_spread": {"dmean": 12.7455749512, "dmean2": 18.4471893311, "dvar": 191.652618408, "dvar2": 392.404296875, "max": 222.56829834, "mean": 44.3861503601, "median": 40.2262268066, "min": 3.47451972961, "var": 625.297607422}, "gfcc": {"cov": [[14764.2578125, -961.711547852, 165.651748657, 23.0293292999, 58.1260375977, 166.630126953, -15.4232320786, 25.2726860046, -83.6390380859, -98.2285766602, -225.94909668, -76.6562271118, -223.422470093], [-961.711547852, 1410.44262695, -333.883453369, 3.89649033546, 91.5152511597, -98.9554748535, 5.23579216003, -34.4515724182, -63.5972900391, -59.7615318298, 5.34396028519, -46.202747345, 28.3173236847], [165.651748657, -333.883453369, 1420.52539063, 128.250137329, 193.833557129, 9.55653858185, 169.271179199, -66.7083129883, 131.747543335, 18.5682601929, -82.8356246948, 10.6027851105, -34.292175293], [23.0293292999, 3.89649033546, 128.250137329, 447.364105225, 48.8423461914, 53.4699134827, -2.11834478378, 31.6646690369, 27.8823566437, 32.2866249084, -12.8904380798, 6.47536659241, -5.64122676849], [58.1260375977, 91.5152511597, 193.833557129, 48.8423461914, 635.750488281, 191.618484497, 258.936859131, 62.452835083, 93.2899703979, 52.0620117188, 31.6074028015, 14.870262146, -32.5165596008], [166.630126953, -98.9554748535, 9.55653858185, 53.4699134827, 191.618484497, 346.968078613, 119.666267395, 59.7135467529, 35.4381637573, 61.5692596436, 12.1157503128, 8.39613342285, -20.5221214294], [-15.4232320786, 5.23579216003, 169.271179199, -2.11834478378, 258.936859131, 119.666267395, 280.453674316, 66.3226394653, 78.7652587891, 51.9681396484, 30.6834220886, 16.1758155823, -5.98731946945], [25.2726860046, -34.4515724182, -66.7083129883, 31.6646690369, 62.452835083, 59.7135467529, 66.3226394653, 190.522155762, 87.5310974121, 39.8665122986, 48.2288589478, 13.2234525681, 3.06022930145], [-83.6390380859, -63.5972900391, 131.747543335, 27.8823566437, 93.2899703979, 35.4381637573, 78.7652587891, 87.5310974121, 169.513473511, 68.6011276245, 30.8606987, 24.4291439056, 7.54376840591], [-98.2285766602, -59.7615318298, 18.5682601929, 32.2866249084, 52.0620117188, 61.5692596436, 51.9681396484, 39.8665122986, 68.6011276245, 126.813842773, 57.321723938, 25.9097518921, 1.19911468029], [-225.94909668, 5.34396028519, -82.8356246948, -12.8904380798, 31.6074028015, 12.1157503128, 30.6834220886, 48.2288589478, 30.8606987, 57.321723938, 130.519515991, 31.5705604553, 9.04787826538], [-76.6562271118, -46.202747345, 10.6027851105, 6.47536659241, 14.870262146, 8.39613342285, 16.1758155823, 13.2234525681, 24.4291439056, 25.9097518921, 31.5705604553, 79.4247131348, 30.7654190063], [-223.422470093, 28.3173236847, -34.292175293, -5.64122676849, -32.5165596008, -20.5221214294, -5.98731946945, 3.06022930145, 7.54376840591, 1.19911468029, 9.04787826538, 30.7654190063, 74.0758285522]], "icov": [[7.65620497987e-05, 5.14109269716e-05, 1.14440899779e-05, 3.92266230165e-07, -1.45237409015e-05, -6.55192252452e-06, -1.29464763177e-06, -5.05309544678e-05, 4.48456376034e-05, 2.95148456644e-05, 0.000133116569486, -4.20056676376e-05, 0.000206530035939], [5.14109269716e-05, 0.000905830762349, 0.000266227376414, -0.000153474858962, -0.000323221960571, 0.000362264137948, -0.000200804875931, 0.000213286606595, 8.79668368725e-05, 0.000288580573397, -5.56423728995e-05, 0.00064512656536, -0.000420987926191], [1.14440899779e-05, 0.000266227376414, 0.00108020566404, -0.000336073775543, -0.000107266794657, 0.000302528060274, -0.000715315341949, 0.000948218745179, -0.00106200762093, 0.000278792809695, 0.000612116535194, -0.000152729888214, 0.000439258175902], [3.92266230165e-07, -0.000153474858962, -0.000336073775543, 0.00251604150981, -0.000193716143258, -0.000337524223141, 0.000755231129006, -0.000733448076062, 0.00027134080301, -0.000858765561134, 0.000587004527915, -0.000257208565017, 3.00764895655e-05], [-1.45237409015e-05, -0.000323221960571, -0.000107266794657, -0.000193716143258, 0.00293776253238, -0.000934436917305, -0.00212308974005, 0.000357543089194, -0.000784075527918, 0.00060231302632, -0.000395213195588, -0.00050931313308, 0.00118956319056], [-6.55192252452e-06, 0.000362264137948, 0.000302528060274, -0.000337524223141, -0.000934436917305, 0.00424043275416, -0.000991721637547, -0.000784267031122, 0.000974111899268, -0.00179790798575, 0.00102851714473, -6.67375134071e-05, 0.00050493015442], [-1.29464763177e-06, -0.000200804875931, -0.000715315341949, 0.000755231129006, -0.00212308974005, -0.000991721637547, 0.00700825685635, -0.00139163446147, -0.000344743195456, -0.000908664311282, -0.000383378210245, 5.18145643582e-05, -0.000708406267222], [-5.05309544678e-05, 0.000213286606595, 0.000948218745179, -0.000733448076062, 0.000357543089194, -0.000784267031122, -0.00139163446147, 0.00875140167773, -0.0048242029734, 0.00164742884226, -0.00223388592713, 0.000653964991216, 8.0686295405e-05], [4.48456376034e-05, 8.79668368725e-05, -0.00106200762093, 0.00027134080301, -0.000784075527918, 0.000974111899268, -0.000344743195456, -0.0048242029734, 0.0115694301203, -0.00490339286625, 0.00108376145363, -0.000805614283308, -0.00116884137969], [2.95148456644e-05, 0.000288580573397, 0.000278792809695, -0.000858765561134, 0.00060231302632, -0.00179790798575, -0.000908664311282, 0.00164742884226, -0.00490339286625, 0.0138255534694, -0.00492985919118, -0.00123489624821, 0.0010577426292], [0.000133116569486, -5.56423728995e-05, 0.000612116535194, 0.000587004527915, -0.000395213195588, 0.00102851714473, -0.000383378210245, -0.00223388592713, 0.00108376145363, -0.00492985919118, 0.0119329662994, -0.00341774104163, 0.000854965939652], [-4.20056676376e-05, 0.00064512656536, -0.000152729888214, -0.000257208565017, -0.00050931313308, -6.67375134071e-05, 5.18145643582e-05, 0.000653964991216, -0.000805614283308, -0.00123489624821, -0.00341774104163, 0.0179231464863, -0.00765290204436], [0.000206530035939, -0.000420987926191, 0.000439258175902, 3.00764895655e-05, 0.00118956319056, 0.00050493015442, -0.000708406267222, 8.0686295405e-05, -0.00116884137969, 0.0010577426292, 0.000854965939652, -0.00765290204436, 0.0182665530592]], "mean": [-26.7976856232, 45.577709198, -103.404502869, 32.0476875305, -40.7771377563, 14.6861085892, -37.8591995239, 6.84834527969, -25.7742919922, 1.30692088604, -17.1546173096, 3.36016488075, -11.4680128098]}, "hfc": {"dmean": 13.7977609634, "dmean2": 18.4137992859, "dvar": 677.601806641, "dvar2": 1252.05639648, "max": 827.067626953, "mean": 27.4644889832, "median": 9.38720798492, "min": 1.11272733047e-16, "var": 1980.28649902}, "melbands": {"dmean": [0.00158940022811, 0.00276412046514, 0.00139362504706, 0.000382139347494, 0.000165491263033, 9.89035252132e-05, 5.73601355427e-05, 3.40549086104e-05, 3.85862804251e-05, 4.11466935475e-05, 4.89276790177e-05, 3.99928612751e-05, 3.39505786542e-05, 3.12504744215e-05, 2.86612612399e-05, 2.51395485975e-05, 3.15598226734e-05, 3.33625757776e-05, 2.82180917566e-05, 3.01160089293e-05, 1.98833549803e-05, 1.28570127345e-05, 1.11075914901e-05, 8.98310190678e-06, 1.08777103378e-05, 7.53460471969e-06, 6.08274785918e-06, 5.14925841344e-06, 3.66356584891e-06, 3.07884693029e-06, 3.00626493299e-06, 3.00780629914e-06, 2.96542225442e-06, 3.27636348629e-06, 3.14029057336e-06, 2.71935277851e-06, 2.42681994678e-06, 2.23548454414e-06, 2.11646397474e-06, 1.89859872535e-06], "dmean2": [0.00258262339048, 0.00479220831767, 0.00252489908598, 0.000698480231222, 0.000273350422503, 0.000161975025549, 9.11203751457e-05, 5.52560813958e-05, 6.26405744697e-05, 6.44961910439e-05, 7.45769357309e-05, 6.11224386375e-05, 5.1423048717e-05, 4.65018529212e-05, 4.1519797378e-05, 3.69135523215e-05, 4.78258407384e-05, 4.91957871418e-05, 4.19747193519e-05, 4.4788899686e-05, 2.92487929983e-05, 1.94721978914e-05, 1.70988296304e-05, 1.38196919579e-05, 1.6442978449e-05, 1.13886044346e-05, 9.21202081372e-06, 7.84070743975e-06, 5.57787598154e-06, 4.70058557767e-06, 4.53682878288e-06, 4.51548930869e-06, 4.39704672317e-06, 4.92212211611e-06, 4.66810297439e-06, 4.06708886658e-06, 3.58213628715e-06, 3.27911902787e-06, 3.01768750433e-06, 2.71233648164e-06], "dvar": [1.52349748532e-05, 5.63475587114e-05, 1.80698552867e-05, 1.33282389925e-06, 1.70196770455e-07, 7.82216673656e-08, 2.44988651588e-08, 1.60783422132e-08, 1.94214226923e-08, 1.57460355865e-08, 2.77812333138e-08, 2.53993555077e-08, 1.47810066409e-08, 1.76619856518e-08, 9.37848199101e-09, 6.5191803067e-09, 9.05110297822e-09, 1.62822999528e-08, 8.22495227482e-09, 8.06522493235e-09, 3.57237417425e-09, 1.07476572087e-09, 8.55318760262e-10, 4.74414396656e-10, 7.78304087845e-10, 2.89378965235e-10, 1.93012369976e-10, 1.25222096581e-10, 6.95605309464e-11, 6.13007006267e-11, 5.87674978125e-11, 6.27713575563e-11, 6.94492935382e-11, 1.97016361558e-10, 1.29051408448e-10, 6.25473561833e-11, 5.0834243065e-11, 4.60273659464e-11, 5.14477661862e-11, 5.97641033884e-11], "dvar2": [3.75577510567e-05, 0.000152321328642, 5.05549469381e-05, 3.80529172617e-06, 4.40645436584e-07, 2.10013695323e-07, 5.74707890166e-08, 4.17825205545e-08, 5.05868982259e-08, 3.70621648926e-08, 6.02205716405e-08, 5.68631293163e-08, 3.02908382821e-08, 3.65877994568e-08, 1.81716828251e-08, 1.31216717492e-08, 2.0725789085e-08, 2.86729147092e-08, 1.66974309934e-08, 1.53368766576e-08, 6.95861324118e-09, 2.38770136995e-09, 1.8916455069e-09, 1.0951628493e-09, 1.73003467108e-09, 6.40214103953e-10, 3.92024468443e-10, 2.71487471393e-10, 1.62401300741e-10, 1.44495942989e-10, 1.30397762033e-10, 1.37749409101e-10, 1.52526227759e-10, 4.84637774356e-10, 3.06853237264e-10, 1.47516582283e-10, 1.09228577572e-10, 1.00144142978e-10, 9.81998787841e-11, 1.20169929563e-10], "max": [0.0320413559675, 0.0646806135774, 0.0512494035065, 0.0223149619997, 0.00984018202871, 0.0105411401019, 0.00423623993993, 0.00437963660806, 0.00329085765406, 0.00354972085916, 0.00505115743726, 0.00428841542453, 0.00586094101891, 0.00619504088536, 0.00302286026999, 0.00223750201985, 0.00235790968873, 0.00565951224416, 0.00289498874918, 0.00411145947874, 0.00190349016339, 0.000986312399618, 0.000879270781297, 0.000858797866385, 0.000765891338233, 0.000378461641958, 0.000569808355067, 0.000530539720785, 0.000194978681975, 0.000242579364567, 0.000280122825643, 0.000205486270715, 0.000301802880131, 0.000924652267713, 0.000526868854649, 0.00024751588353, 0.000258319691056, 0.000215252453927, 0.000211699618376, 0.00034781609429], "mean": [0.00167486316059, 0.00234226277098, 0.00103070656769, 0.000334204698447, 0.000233502476476, 0.000142236545798, 8.09165430837e-05, 4.44339639216e-05, 4.58931062894e-05, 5.31809891982e-05, 7.18436131137e-05, 5.75869089516e-05, 5.38453750778e-05, 5.28066593688e-05, 4.70674967801e-05, 4.23194433097e-05, 5.12490769324e-05, 5.35544932063e-05, 4.34855428466e-05, 4.8480789701e-05, 3.12202828354e-05, 2.04718908208e-05, 1.86598717846e-05, 1.50156583913e-05, 1.81002997124e-05, 1.23555182654e-05, 1.00322140497e-05, 7.82497318141e-06, 5.1341762628e-06, 4.02024852519e-06, 4.09776293964e-06, 4.00254930355e-06, 4.21446793553e-06, 4.99081033922e-06, 4.72562851428e-06, 4.25307462137e-06, 3.8278167267e-06, 3.42834891853e-06, 3.31862906933e-06, 2.83671192847e-06], "median": [8.97664576769e-05, 0.000267444120254, 0.000169844948687, 7.44164644857e-05, 6.95816197549e-05, 4.31742846558e-05, 2.04817442864e-05, 1.14120457511e-05, 8.78074752109e-06, 9.75365310296e-06, 1.36241023938e-05, 8.93192463991e-06, 8.83399297891e-06, 7.94011884864e-06, 6.83472489982e-06, 4.98902045365e-06, 7.02300894773e-06, 7.39898132451e-06, 6.68912252877e-06, 8.70126132213e-06, 6.28131419944e-06, 5.45618149772e-06, 5.1765673561e-06, 3.92889523937e-06, 3.97811254516e-06, 3.08716903419e-06, 2.66709730568e-06, 2.58858176494e-06, 1.70206931216e-06, 1.1471754533e-06, 9.64063929132e-07, 8.05906381629e-07, 7.24732728941e-07, 6.64744504775e-07, 5.94549192101e-07, 5.35028050308e-07, 4.21484003255e-07, 3.56928893552e-07, 3.03916579014e-07, 2.40737392687e-07], "min": [2.57868887485e-24, 9.23081446725e-25, 2.4347755994e-24, 2.36283049877e-24, 2.53897998346e-24, 2.47833847074e-24, 1.65766083306e-24, 1.67101072616e-24, 2.64653367371e-24, 3.51533813749e-24, 3.26527869687e-24, 2.75711165945e-24, 3.50076235455e-24, 3.39511928541e-24, 3.17916604881e-24, 3.42133786646e-24, 2.67590513458e-24, 3.60460445424e-24, 4.18405947115e-24, 3.81725019428e-24, 3.81008378739e-24, 3.90986088683e-24, 4.1167159934e-24, 3.66317974303e-24, 4.26465738984e-24, 4.40137605662e-24, 3.93001273309e-24, 4.64155422554e-24, 5.01691712121e-24, 5.34857238957e-24, 4.51247685993e-24, 6.88052606801e-24, 6.3359982621e-24, 6.55117664008e-24, 6.37953667875e-24, 6.86794610316e-24, 5.4886374043e-24, 6.86241855479e-24, 5.57908149038e-24, 6.42942660898e-24], "var": [1.6133995814e-05, 4.12725166825e-05, 1.14253052743e-05, 8.11511711163e-07, 2.16098385408e-07, 1.41314458801e-07, 3.97953847653e-08, 1.88223356901e-08, 2.00217655788e-08, 2.41501432185e-08, 5.40174021069e-08, 4.39728253809e-08, 3.21513020651e-08, 3.85618399434e-08, 2.51059422141e-08, 1.78827370689e-08, 2.0592338501e-08, 3.74234296885e-08, 1.74535852437e-08, 2.5462329134e-08, 8.75445937965e-09, 2.23762741669e-09, 1.79045733795e-09, 9.18847276044e-10, 1.71462299914e-09, 6.79113376645e-10, 5.0861387324e-10, 3.06532688121e-10, 1.12682231601e-10, 8.1984384559e-11, 9.73187641584e-11, 1.02421647552e-10, 1.23218699133e-10, 3.40161843138e-10, 2.29377808414e-10, 1.47887493918e-10, 1.31918975743e-10, 1.13894539633e-10, 1.35228508946e-10, 1.20301296702e-10]}, "melbands_crest": {"dmean": 3.91200089455, "dmean2": 6.21336364746, "dvar": 13.0316724777, "dvar2": 30.7516651154, "max": 32.4691619873, "mean": 14.9650726318, "median": 14.8940916061, "min": 1.68287980556, "var": 32.8446006775}, "melbands_flatness_db": {"dmean": 0.0424112044275, "dmean2": 0.0632811412215, "dvar": 0.00192388321739, "dvar2": 0.00398389948532, "max": 0.542149484158, "mean": 0.174017414451, "median": 0.168819561601, "min": 0.00318006658927, "var": 0.00571284908801}, "melbands_kurtosis": {"dmean": 17.5336971283, "dmean2": 27.8320674896, "dvar": 1634.31787109, "dvar2": 3838.61767578, "max": 898.838989258, "mean": 21.9454059601, "median": 6.76244497299, "min": -1.89699494839, "var": 2344.43920898}, "melbands_skewness": {"dmean": 1.34019291401, "dmean2": 1.97151780128, "dvar": 2.77311253548, "dvar2": 5.85980558395, "max": 26.4951057434, "mean": 3.03613710403, "median": 2.46172785759, "min": -2.42844200134, "var": 7.62085771561}, "melbands_spread": {"dmean": 16.8041191101, "dmean2": 25.567363739, "dvar": 534.983581543, "dvar2": 1088.43725586, "max": 289.331420898, "mean": 38.6325302124, "median": 27.9721813202, "min": 0.39681327343, "var": 1426.88903809}, "mfcc": {"cov": [[8604.95800781, -475.721343994, -5.90804052353, -69.1361541748, 121.854736328, 63.0842475891, 82.6743469238, 121.959114075, 2.58883833885, 121.954933167, -5.13258886337, -135.391937256, -31.7510147095], [-475.721343994, 1242.09265137, -193.530014038, 71.6053161621, 40.8220024109, 6.80831241608, 67.4876480103, 7.50068378448, -1.41787922382, -8.54344081879, -24.4520702362, -34.3025474548, -44.7815628052], [-5.90804052353, -193.530014038, 941.929992676, 156.305465698, 5.65040969849, 68.3232574463, -80.5988998413, -24.085559845, 71.8514785767, -28.7229194641, -15.00639534, 31.7110214233, -28.087770462], [-69.1361541748, 71.6053161621, 156.305465698, 375.603546143, 91.968460083, 39.5297813416, 13.4631185532, 18.3110961914, 44.3657073975, 1.84210705757, -3.22700667381, 40.4669380188, 18.2816200256], [121.854736328, 40.8220024109, 5.65040969849, 91.968460083, 283.100524902, 132.132827759, 95.543838501, 83.5302047729, 62.925151825, 52.3581733704, 55.2119903564, 36.6947135925, 21.7839050293], [63.0842475891, 6.80831241608, 68.3232574463, 39.5297813416, 132.132827759, 326.832366943, 132.481384277, 55.0694084167, 84.8263244629, 27.8162536621, 63.9180221558, 30.5753154755, -5.27099227905], [82.6743469238, 67.4876480103, -80.5988998413, 13.4631185532, 95.543838501, 132.481384277, 220.026138306, 85.9195632935, 35.9267730713, 61.2267150879, 58.2696266174, 19.56690979, 23.9215373993], [121.959114075, 7.50068378448, -24.085559845, 18.3110961914, 83.5302047729, 55.0694084167, 85.9195632935, 147.000778198, 75.9281845093, 49.4318504333, 46.6155471802, 21.6298141479, 26.8309364319], [2.58883833885, -1.41787922382, 71.8514785767, 44.3657073975, 62.925151825, 84.8263244629, 35.9267730713, 75.9281845093, 158.821090698, 52.3084068298, 38.2862548828, 36.597240448, 14.8033456802], [121.954933167, -8.54344081879, -28.7229194641, 1.84210705757, 52.3581733704, 27.8162536621, 61.2267150879, 49.4318504333, 52.3084068298, 130.732559204, 70.9059677124, 30.1088523865, 32.707485199], [-5.13258886337, -24.4520702362, -15.00639534, -3.22700667381, 55.2119903564, 63.9180221558, 58.2696266174, 46.6155471802, 38.2862548828, 70.9059677124, 128.943725586, 58.6566734314, 26.9692249298], [-135.391937256, -34.3025474548, 31.7110214233, 40.4669380188, 36.6947135925, 30.5753154755, 19.56690979, 21.6298141479, 36.597240448, 30.1088523865, 58.6566734314, 108.163024902, 47.4450759888], [-31.7510147095, -44.7815628052, -28.087770462, 18.2816200256, 21.7839050293, -5.27099227905, 23.9215373993, 26.8309364319, 14.8033456802, 32.707485199, 26.9692249298, 47.4450759888, 96.3389053345]], "icov": [[0.000127409570268, 5.6610606407e-05, -3.29107956532e-06, 2.80696758637e-06, -4.62793359475e-05, -2.77278704743e-05, 1.40911506605e-05, -0.000119401272968, 8.01733112894e-05, -0.000172357526026, 6.08931804891e-05, 0.000192578401766, 3.98250922444e-05], [5.6610606407e-05, 0.000926491047721, 0.000220267931581, -0.000263899681158, -0.000105549137515, 0.000133095498313, -0.00037788352347, 9.98867690214e-05, -0.00013939049677, 6.07146421316e-06, 0.000159622170031, 0.000160188676091, 0.000556562677957], [-3.29107956532e-06, 0.000220267931581, 0.00135429820511, -0.000548408890609, 0.000138906238135, -0.00038623707951, 0.000559127074666, 0.000175997556653, -0.000556019658688, 0.000103143807792, 0.000163265474839, -0.000369206129108, 0.000546368886717], [2.80696758637e-06, -0.000263899681158, -0.000548408890609, 0.00338809355162, -0.0011114749359, 0.000191221770365, -0.000150207721163, 0.000245854113018, -0.000449159560958, 0.000226719625061, 0.000937726523262, -0.00112577679101, -0.000409998407122], [-4.62793359475e-05, -0.000105549137515, 0.000138906238135, -0.0011114749359, 0.00551734585315, -0.0016457819147, -0.000190467748325, -0.00195988174528, 0.000362842634786, -0.000868429720867, -0.000202621900826, -0.000450105086202, -3.99085511162e-05], [-2.77278704743e-05, 0.000133095498313, -0.00038623707951, 0.000191221770365, -0.0016457819147, 0.00579308345914, -0.00342434202321, 0.00179972220212, -0.00278066680767, 0.00214988039806, -0.00193643872626, 0.000132418455905, 0.00111623900011], [1.40911506605e-05, -0.00037788352347, 0.000559127074666, -0.000150207721163, -0.000190467748325, -0.00342434202321, 0.0089900251478, -0.00399227812886, 0.00244847987778, -0.00257609970868, -0.000131431559566, 0.000338843732607, -0.000875899102539], [-0.000119401272968, 9.98867690214e-05, 0.000175997556653, 0.000245854113018, -0.00195988174528, 0.00179972220212, -0.00399227812886, 0.0130193158984, -0.00566534977406, 0.000995547045022, -0.00213153474033, 0.00156480621081, -0.0017226714408], [8.01733112894e-05, -0.00013939049677, -0.000556019658688, -0.000449159560958, 0.000362842634786, -0.00278066680767, 0.00244847987778, -0.00566534977406, 0.0115269944072, -0.00398240983486, 0.00172913924325, -0.0023790881969, 0.00088884861907], [-0.000172357526026, 6.07146421316e-06, 0.000103143807792, 0.000226719625061, -0.000868429720867, 0.00214988039806, -0.00257609970868, 0.000995547045022, -0.00398240983486, 0.0139868380502, -0.00668144645169, 0.00182280712761, -0.00255449092947], [6.08931804891e-05, 0.000159622170031, 0.000163265474839, 0.000937726523262, -0.000202621900826, -0.00193643872626, -0.000131431559566, -0.00213153474033, 0.00172913924325, -0.00668144645169, 0.0158109478652, -0.00723823672161, 0.00167131016497], [0.000192578401766, 0.000160188676091, -0.000369206129108, -0.00112577679101, -0.000450105086202, 0.000132418455905, 0.000338843732607, 0.00156480621081, -0.0023790881969, 0.00182280712761, -0.00723823672161, 0.0169980097562, -0.00676520168781], [3.98250922444e-05, 0.000556562677957, 0.000546368886717, -0.000409998407122, -3.99085511162e-05, 0.00111623900011, -0.000875899102539, -0.0017226714408, 0.00088884861907, -0.00255449092947, 0.00167131016497, -0.00676520168781, 0.0152508616447]], "mean": [-674.761413574, 86.6744003296, -0.406160861254, 23.2380065918, 16.333814621, 8.87352561951, 3.17686867714, 4.57537698746, -1.15441179276, 1.15989565849, -4.96183013916, -3.20492911339, -0.281464487314]}, "pitch_salience": {"dmean": 0.0928379818797, "dmean2": 0.147919759154, "dvar": 0.00823608599603, "dvar2": 0.020529774949, "max": 0.925879716873, "mean": 0.539342164993, "median": 0.552498579025, "min": 0.0882273465395, "var": 0.0191436372697}, "silence_rate_20dB": {"dmean": 0, "dmean2": 0, "dvar": 0, "dvar2": 0, "max": 1, "mean": 1, "median": 1, "min": 1, "var": 0}, "silence_rate_30dB": {"dmean": 0.0579741857946, "dmean2": 0.115961052477, "dvar": 0.0546108409762, "dvar2": 0.141012281179, "max": 1, "mean": 0.961281836033, "median": 1, "min": 0, "var": 0.0372159741819}, "silence_rate_60dB": {"dmean": 0.0958214849234, "dmean2": 0.191663935781, "dvar": 0.0866325944662, "dvar2": 0.169594034553, "max": 1, "mean": 0.174887895584, "median": 0, "min": 0, "var": 0.144297480583}, "spectral_centroid": {"dmean": 453.833221436, "dmean2": 683.833312988, "dvar": 265912.0625, "dvar2": 547199.9375, "max": 11743.4248047, "mean": 1892.6763916, "median": 1831.93395996, "min": 132.340866089, "var": 1128017.25}, "spectral_complexity": {"dmean": 4.2970905304, "dmean2": 6.0131278038, "dvar": 35.447052002, "dvar2": 61.3239746094, "max": 63, "mean": 14.0115938187, "median": 10, "min": 0, "var": 146.646911621}, "spectral_contrast_coeffs": {"dmean": [0.0609335750341, 0.0468989536166, 0.0403476469219, 0.034815903753, 0.0277755111456, 0.0221266783774], "dmean2": [0.0913178175688, 0.0755372419953, 0.0633183941245, 0.0543802045286, 0.0427748188376, 0.0343030765653], "dvar": [0.00273135653697, 0.00153096625581, 0.00121174904052, 0.000910972070415, 0.0005973437801, 0.000372630864149], "dvar2": [0.00583593873307, 0.00377882807516, 0.0027095193509, 0.00194436660968, 0.00122913857922, 0.00084425334353], "max": [-0.270737379789, -0.428977161646, -0.429900676012, -0.446110188961, -0.53749704361, -0.623261451721], "mean": [-0.645753502846, -0.748861789703, -0.777120172977, -0.777616381645, -0.786997556686, -0.790445864201], "median": [-0.653043746948, -0.757100582123, -0.788340687752, -0.792364418507, -0.797152459621, -0.78970348835], "min": [-0.982708752155, -0.97369402647, -0.976638913155, -0.969685733318, -0.967254459858, -0.963831782341], "var": [0.0112619986758, 0.00583143206313, 0.00556061882526, 0.00463599339128, 0.0029252122622, 0.0013027767418]}, "spectral_contrast_valleys": {"dmean": [0.569707334042, 0.449049651623, 0.413928627968, 0.399633854628, 0.412018865347, 0.463103532791], "dmean2": [0.84916383028, 0.683974266052, 0.612126767635, 0.570531845093, 0.569556057453, 0.567391753197], "dvar": [0.309360921383, 0.191872373223, 0.160688638687, 0.164495229721, 0.178592056036, 0.208312824368], "dvar2": [0.584443390369, 0.400439828634, 0.299667060375, 0.287019520998, 0.289586812258, 0.316495507956], "max": [-4.87879228592, -4.74934720993, -5.58856153488, -5.39637613297, -5.40888977051, -6.9713306427], "mean": [-8.07328414917, -7.69527816772, -7.98956155777, -8.03857898712, -7.80924272537, -9.98275279999], "median": [-7.96771335602, -7.57191705704, -7.88719797134, -7.98261070251, -7.67846012115, -9.93906784058], "min": [-27.783285141, -27.8252391815, -27.7636623383, -27.6679573059, -27.74858284, -27.397195816], "var": [2.96830582619, 2.57167100906, 2.51353120804, 2.58757948875, 2.62528204918, 2.69374442101]}, "spectral_decrease": {"dmean": 4.06754097071e-09, "dmean2": 6.42206243739e-09, "dvar": 7.56038315313e-17, "dvar2": 1.91375037448e-16, "max": 1.18987028563e-10, "mean": -5.27143129148e-09, "median": -2.16894280314e-09, "min": -7.37196970135e-08, "var": 7.64104054204e-17}, "spectral_energy": {"dmean": 0.0162479281425, "dmean2": 0.0250107832253, "dvar": 0.00112119445112, "dvar2": 0.00278834532946, "max": 0.285679936409, "mean": 0.0223867297173, "median": 0.00965980719775, "min": 1.0316141812e-20, "var": 0.00123527599499}, "spectral_energyband_high": {"dmean": 0.00105798989534, "dmean2": 0.00146968301851, "dvar": 5.40440669283e-06, "dvar2": 1.05379012894e-05, "max": 0.0725741535425, "mean": 0.00178415491246, "median": 0.000346986053046, "min": 7.15859712003e-21, "var": 1.55507404997e-05}, "spectral_energyband_low": {"dmean": 0.0122614745051, "dmean2": 0.0202979110181, "dvar": 0.000908309360966, "dvar2": 0.00234869681299, "max": 0.254996478558, "mean": 0.0118471058086, "median": 0.00169010821264, "min": 2.55652212007e-23, "var": 0.000807715929113}, "spectral_energyband_middle_high": {"dmean": 0.0018262808444, "dmean2": 0.00241383444518, "dvar": 1.26546501633e-05, "dvar2": 2.04197167477e-05, "max": 0.0905060842633, "mean": 0.00468343729153, "median": 0.00134372198954, "min": 1.23044075372e-21, "var": 6.18496633251e-05}, "spectral_energyband_middle_low": {"dmean": 0.00503719924018, "dmean2": 0.0087929610163, "dvar": 0.000184420932783, "dvar2": 0.000512473110575, "max": 0.211651146412, "mean": 0.00541395600885, "median": 0.00239983806387, "min": 1.35384611477e-22, "var": 0.000127781022456}, "spectral_entropy": {"dmean": 0.230832055211, "dmean2": 0.335035860538, "dvar": 0.0521933995187, "dvar2": 0.101954966784, "max": 9.81914520264, "mean": 7.81544971466, "median": 7.82022714615, "min": 5.97254085541, "var": 0.230635553598}, "spectral_flux": {"dmean": 0.0407474562526, "dmean2": 0.0589128322899, "dvar": 0.00345395249315, "dvar2": 0.00654102023691, "max": 0.486973851919, "mean": 0.0874413847923, "median": 0.0585776865482, "min": 6.53456663779e-11, "var": 0.00699615897611}, "spectral_kurtosis": {"dmean": 1.30780899525, "dmean2": 1.98741948605, "dvar": 2.22968649864, "dvar2": 5.08238315582, "max": 39.2192840576, "mean": 4.06806230545, "median": 3.64230942726, "min": -1.4749828577, "var": 7.83325862885}, "spectral_rms": {"dmean": 0.00129010807723, "dmean2": 0.00177649548277, "dvar": 3.76349839826e-06, "dvar2": 8.28123393148e-06, "max": 0.0166946742684, "mean": 0.00378979044035, "median": 0.00306988647208, "min": 3.17246424443e-12, "var": 7.47811009205e-06}, "spectral_rolloff": {"dmean": 1219.75, "dmean2": 2021.68713379, "dvar": 3709642.5, "dvar2": 8408812, "max": 19358.3496094, "mean": 2645.08203125, "median": 1894.921875, "min": 64.599609375, "var": 8176648}, "spectral_skewness": {"dmean": 0.226058751345, "dmean2": 0.333178460598, "dvar": 0.0472051538527, "dvar2": 0.0958583578467, "max": 3.83042311668, "mean": 1.47744703293, "median": 1.46570932865, "min": -0.512718975544, "var": 0.224198564887}, "spectral_spread": {"dmean": 941158.9375, "dmean2": 1241262.625, "dvar": 1142396289020.0, "dvar2": 2013351378940.0, "max": 42282116, "mean": 5830374.5, "median": 5248800.5, "min": 1373009.125, "var": 9527578591230.0}, "spectral_strongpeak": 