{"lowlevel": {"average_loudness": 0.221912249923, "barkbands": {"dmean": [0.000285658461507, 0.00203568907455, 0.00087805185467, 0.000491804385092, 0.000560352986213, 0.000137738490594, 0.000455923669506, 0.000443709519459, 0.000615324708633, 0.000230906429351, 0.000282078952296, 0.000230658872169, 0.000177133100806, 0.000182244315511, 0.000121995159134, 5.2443054301e-05, 4.54589280707e-05, 5.64721412957e-05, 3.29960639647e-05, 2.45995197474e-05, 1.01008890852e-05, 2.41527905018e-05, 1.6267204046e-05, 2.53602429439e-05, 2.48421929427e-05, 2.50998673437e-05, 4.41706743004e-06], "dmean2": [0.000466490164399, 0.00332036847249, 0.00142550026067, 0.000781709386501, 0.000887927308213, 0.000205085452762, 0.000635559204966, 0.000585441594012, 0.000845893984661, 0.000286301015876, 0.000374689203454, 0.000311273441184, 0.000243216491072, 0.000239706496359, 0.000168973419932, 7.72413986851e-05, 6.22415755061e-05, 7.8111734183e-05, 4.4781518227e-05, 3.43334031641e-05, 1.4729988834e-05, 3.59978294e-05, 2.53272392001e-05, 4.29436404374e-05, 4.25520047429e-05, 4.43755052402e-05, 7.48856882637e-06], "dvar": [1.23951951991e-06, 4.01848665206e-05, 4.49134904557e-06, 8.59600788772e-07, 8.6062544824e-07, 2.32961838265e-07, 1.95306483874e-06, 2.69004158326e-06, 9.14468910196e-06, 1.47347157053e-06, 1.92330480786e-06, 9.93015191852e-07, 9.05569777387e-07, 9.59522026278e-07, 4.32604196021e-07, 5.34904351923e-08, 2.49363480975e-08, 4.44348522421e-08, 1.42416887172e-08, 8.56627657697e-09, 7.06673608519e-10, 5.79239323173e-09, 3.2555980134e-09, 1.36133104789e-08, 1.16382112836e-08, 9.96478366488e-09, 1.58692253782e-10], "dvar2": [3.06740753331e-06, 0.000104695238406, 1.10843047878e-05, 2.10744315154e-06, 2.23186293624e-06, 4.9891349363e-07, 3.62719720215e-06, 4.51452478956e-06, 1.85348162631e-05, 1.77419587999e-06, 3.72095269086e-06, 1.59321723459e-06, 1.54884776293e-06, 1.378892307e-06, 8.14102691038e-07, 1.31478756771e-07, 4.23168273755e-08, 7.98088066745e-08, 2.31602772516e-08, 1.44701521876e-08, 1.41115596985e-09, 1.2562026086e-08, 7.39807948236e-09, 3.76552335979e-08, 3.24141034014e-08, 2.81183503148e-08, 4.16673195947e-10], "max": [0.0171563941985, 0.105168677866, 0.0467033684254, 0.018188867718, 0.0166512336582, 0.041722074151, 0.0544471368194, 0.0675261393189, 0.139156341553, 0.0803464055061, 0.0823017656803, 0.0426048710942, 0.0442740507424, 0.0764098465443, 0.0358150675893, 0.0119904279709, 0.009805617854, 0.0147184962407, 0.00740004424006, 0.00454473728314, 0.00095461163437, 0.00359955523163, 0.00228251819499, 0.0023152064532, 0.00205875583924, 0.00180696451571, 0.000228408927796], "mean": [0.000280531530734, 0.00432006875053, 0.00213379855268, 0.000960296078119, 0.00129271065816, 0.000352590926923, 0.00117113487795, 0.00116434099618, 0.0015511381207, 0.000657292257529, 0.000720324111171, 0.000589992094319, 0.00042661029147, 0.000484286225401, 0.00035090118763, 0.000140338714118, 0.000135395705001, 0.000155585541506, 9.27142900764e-05, 6.21487706667e-05, 2.00756876438e-05, 5.40154833288e-05, 2.52737536357e-05, 2.58586787822e-05, 2.27046239161e-05, 1.94528929569e-05, 3.60348940376e-06], "median": [1.84553464351e-05, 0.00358179258183, 0.00126409670338, 0.000517867621966, 0.000841365428641, 0.000199962814804, 0.000240794412093, 0.000113535927085, 0.000146448524902, 7.72363709984e-05, 5.4687163356e-05, 6.8535853643e-05, 3.63487670256e-05, 2.99941548292e-05, 1.27838657136e-05, 1.2126245565e-05, 1.22809697132e-05, 1.42215849337e-05, 1.18207435662e-05, 8.21248977445e-06, 5.77442915528e-06, 6.69082692184e-06, 5.20237426826e-06, 4.50678908237e-06, 3.9259894038e-06, 2.24881569011e-06, 3.56053817541e-07], "min": [1.83689047446e-25, 2.05717332483e-24, 5.90113711038e-25, 7.80330459215e-25, 1.01192528901e-23, 1.69061175028e-24, 9.07964229097e-24, 8.52013480533e-24, 1.33513272482e-23, 1.34949251765e-23, 1.48598138924e-23, 8.13897614859e-24, 1.79190748586e-23, 3.00220486569e-23, 4.21054476607e-23, 2.55448244131e-23, 8.10227928591e-23, 1.06921790575e-22, 1.07371138368e-22, 1.6752041924e-22, 1.88633972135e-22, 2.62016855386e-22, 3.5563255673e-22, 5.84731167931e-22, 8.83169188575e-22, 1.26857042762e-21, 1.93303687906e-21], "var": [1.07929804471e-06, 3.93717018596e-05, 7.52483992983e-06, 1.74326783053e-06, 2.06248660106e-06, 6.15693409145e-07, 8.81454070623e-06, 1.71489791683e-05, 3.58998950105e-05, 1.29789523271e-05, 8.3751301645e-06, 6.67036647428e-06, 4.89859803565e-06, 7.53780250307e-06, 3.37024198416e-06, 3.65663595403e-07, 2.40008063201e-07, 2.58024527966e-07, 1.06616489859e-07, 4.48996964053e-08, 2.37697772576e-09, 2.91872215286e-08, 5.54195533908e-09, 9.72543112709e-09, 7.90849608023e-09, 6.28668983538e-09, 1.22497290089e-10]}, "barkbands_crest": {"dmean": 1.90332102776, "dmean2": 2.9934220314, "dvar": 4.16233968735, "dvar2": 10.7369384766, "max": 24.1785163879, "mean": 11.7561225891, "median": 11.3739032745, "min": 2.90075349808, "var": 16.7865447998}, "barkbands_flatness_db": {"dmean": 0.0194447953254, "dmean2": 0.028437294066, "dvar": 0.000494292005897, "dvar2": 0.00108285259921, "max": 0.561342656612, "mean": 0.173185393214, "median": 0.167731791735, "min": 0.0217356607318, "var": 0.00433815224096}, "barkbands_kurtosis": {"dmean": 4.52284765244, "dmean2": 6.93287134171, "dvar": 72.0759353638, "dvar2": 168.388183594, "max": 892.626342773, "mean": 16.8067131042, "median": 6.49842214584, "min": -1.90338623524, "var": 3611.47070312}, "barkbands_skewness": {"dmean": 0.520055830479, "dmean2": 0.768480062485, "dvar": 0.435889661312, "dvar2": 0.997914373875, "max": 22.1403884888, "mean": 2.41540169716, "median": 2.25417351723, "min": -2.54263091087, "var": 4.7855257988}, "barkbands_spread": {"dmean": 3.95179796219, "dmean2": 6.03899478912, "dvar": 52.093082428, "dvar2": 125.369926453, "max": 136.946792603, "mean": 13.5178499222, "median": 10.7442893982, "min": 0.231433227658, "var": 130.761428833}, "dissonance": {"dmean": 0.0211553350091, "dmean2": 0.0351802557707, "dvar": 0.00047337388969, "dvar2": 0.0012503741309, "max": 0.499999493361, "mean": 0.444223493338, "median": 0.452065974474, "min": 0.229447633028, "var": 0.0012985371286}, "dynamic_complexity": 4.93408298492, "erbbands": {"dmean": [0.0664476454258, 0.4389731884, 1.02710294724, 1.22131311893, 1.99507927895, 2.04181694984, 0.945453047752, 1.25968587399, 3.8216483593, 10.2370853424, 9.27350139618, 13.5124607086, 8.47373008728, 8.18077754974, 11.7108478546, 8.07911109924, 7.54848384857, 8.69603157043, 5.29527235031, 6.32844924927, 2.94636583328, 2.43439531326, 3.15416812897, 1.37837791443, 1.76151585579, 1.06408727169, 0.342559993267, 0.533631265163, 0.881346166134, 0.673740804195, 0.427736759186, 0.463735848665, 0.462420046329, 0.294131428003, 0.175746023655, 0.122843965888, 0.0436423830688, 0.0076378104277, 0.000753603526391, 2.48731412285e-05], "dmean2": [0.109787218273, 0.722014129162, 1.68253409863, 1.92267727852, 3.19002366066, 3.20839357376, 1.42455267906, 1.86289811134, 5.52203512192, 13.675983429, 12.5206575394, 18.5643215179, 11.1231927872, 10.0884370804, 15.5101728439, 10.6989965439, 9.92270278931, 10.7355451584, 7.04929876328, 8.75556755066, 4.23061275482, 3.18535161018, 4.32538557053, 1.80109202862, 2.29181146622, 1.43894958496, 0.494285792112, 0.781540870667, 1.30965816975, 1.02703690529, 0.673053026199, 0.779357969761, 0.787436902523, 0.49975451827, 0.306128114462, 0.218926236033, 0.0769074335694, 0.0130948955193, 0.00127474963665, 4.0244020056e-05], "dvar": [0.0570069439709, 1.68435633183, 6.02222251892, 5.75726079941, 13.5660839081, 13.7030286789, 4.5988650322, 22.4201660156, 164.954986572, 1129.85400391, 1409.91882324, 5143.85839844, 2247.91210938, 1593.3190918, 3342.72900391, 1366.19091797, 1406.21057129, 2332.88525391, 599.506225586, 1481.85693359, 184.043273926, 57.6556396484, 166.312438965, 21.9923286438, 35.8952445984, 18.6676311493, 0.674712479115, 2.44944930077, 8.22945690155, 4.56748580933, 2.46824932098, 4.46457242966, 4.68229722977, 1.46152961254, 0.681197166443, 0.355869054794, 0.0232273750007, 0.00046574883163, 4.44765009888e-06, 4.03386435366e-09], "dvar2": [0.146950736642, 4.49419689178, 15.2725076675, 13.3255796432, 35.1114959717, 36.7979660034, 10.5159816742, 44.6871452332, 328.409545898, 1887.68713379, 2486.60351562, 11172.3789062, 4024.61816406, 2057.67358398, 6971.44189453, 2087.55517578, 2206.48706055, 2895.6887207, 961.281982422, 2803.88696289, 452.581939697, 94.954246521, 320.466705322, 31.6265926361, 57.1701011658, 30.8064441681, 1.43219423294, 5.02882528305, 17.5536766052, 10.4050807953, 5.61340284348, 12.2201013565, 13.04271698, 4.03757143021, 1.91163241863, 1.01790821552, 0.0648893266916, 0.00123385887127, 1.16567307487e-05, 1.03425241704e-08], "max": [4.24715423584, 24.2282218933, 43.4619064331, 47.3612251282, 67.8999862671, 71.387008667, 122.21534729, 445.480102539, 338.675567627, 1235.98632812, 1179.18945312, 3143.66333008, 3167.42407227, 2962.08837891, 3840.70117188, 1874.54736328, 2291.67041016, 4262.45214844, 1397.79980469, 2235.62695312, 835.412597656, 324.006652832, 1029.64550781, 317.040496826, 300.232086182, 230.363586426, 29.3250923157, 59.931678772, 142.685546875, 58.1193237305, 61.3204078674, 57.0174713135, 41.848903656, 21.7742652893, 19.5374584198, 12.3118553162, 3.55089044571, 0.34561547637, 0.0292626935989, 0.000989150488749], "mean": [0.113715566695, 0.995010137558, 2.55035996437, 2.81046366692, 4.04614639282, 4.64121770859, 2.51982951164, 3.43172478676, 8.71413421631, 29.7318687439, 26.174200058, 34.5173950195, 22.8851928711, 22.7378883362, 30.681810379, 20.6303730011, 21.6577587128, 23.9360523224, 15.2468366623, 19.8504009247, 8.94584846497, 8.61940288544, 9.47897338867, 4.32189369202, 5.07755947113, 2.8873860836, 0.744516193867, 1.08659255505, 2.01110506058, 1.32164514065, 0.640656113625, 0.505289971828, 0.454449445009, 0.279027432203, 0.152387320995, 0.094983048737, 0.033474188298, 0.00632795598358, 0.000605667883065, 3.67050888599e-05], "median": [0.0412341430783, 0.781321465969, 1.89570426941, 1.85662651062, 2.47817277908, 2.65454220772, 1.50122106075, 1.93123602867, 2.48402309418, 4.44396829605, 3.20472431183, 3.21176457405, 2.6980009079, 2.92723417282, 2.51500368118, 2.80152654648, 2.12693166733, 1.74795079231, 0.834259450436, 0.601829171181, 0.798442006111, 0.759664177895, 0.799363851547, 0.657169103622, 0.580799102783, 0.39390027523, 0.241244152188, 0.235467135906, 0.235823512077, 0.199206203222, 0.132121697068, 0.0943230688572, 0.0756119191647, 0.0489264428616, 0.0246159471571, 0.0116428267211, 0.0035661268048, 0.000765390403103, 5.32735575689e-05, 1.59191513376e-05], "min": [3.31701306278e-23, 3.26604318197e-22, 1.01247290678e-21, 4.38505527548e-21, 1.08399838232e-20, 2.51395455453e-20, 3.55968904806e-20, 2.05738155256e-20, 1.04558440548e-19, 1.39516728209e-19, 3.03018540556e-19, 2.92361533285e-19, 3.95061408857e-19, 6.25939615337e-19, 8.90444316379e-19, 8.99309624594e-19, 1.4486951735e-18, 2.01961233716e-18, 2.10296360517e-18, 1.944126316e-18, 2.51588865144e-18, 4.86371364115e-18, 5.62688205482e-18, 5.56727541988e-18, 6.43809518642e-18, 8.04056116785e-18, 8.87289925152e-18, 8.84194367145e-18, 8.95227384874e-18, 1.0356062214e-17, 9.6135013509e-18, 9.38493976712e-18, 9.29837283447e-18, 8.09925211385e-18, 6.51513423918e-18, 3.64725645566e-18, 2.45398307478e-18, 9.89193551496e-19, 2.40144955786e-19, 2.81660394635e-20], "var": [0.0522943772376, 1.73118937016, 8.51499080658, 10.8357524872, 25.4931774139, 33.7198295593, 12.3416996002, 69.8494567871, 421.683319092, 6857.79980469, 7349.6640625, 22038.3554688, 9907.75195312, 10054.3525391, 11630.0976562, 7349.27001953, 11368.6054688, 20679.25, 4034.06933594, 12459.2626953, 1538.3314209, 747.328369141, 958.38079834, 218.078811646, 227.112884521, 98.2216491699, 2.08095669746, 9.00151729584, 47.7755584717, 12.5433092117, 3.94645595551, 3.44464898109, 3.22594881058, 1.04474627972, 0.440015465021, 0.214027121663, 0.0151705481112, 0.000352513685357, 3.43393821822e-06, 3.93602084259e-09]}, "erbbands_crest": {"dmean": 1.88413226604, "dmean2": 2.87053465843, "dvar": 4.1661529541, "dvar2": 9.29004096985, "max": 30.6068840027, "mean": 9.14006137848, "median": 7.94059705734, "min": 2.3553211689, "var": 19.6771697998}, "erbbands_flatness_db": {"dmean": 0.017881937325, "dmean2": 0.0237865410745, "dvar": 0.00036572816316, "dvar2": 0.000614315853454, "max": 0.363641113043, "mean": 0.151664987206, "median": 0.144137650728, "min": 0.0342789515853, "var": 0.0027944103349}, "erbbands_kurtosis": {"dmean": 0.776145279408, "dmean2": 1.16778588295, "dvar": 1.15451085567, "dvar2": 2.52756667137, "max": 116.990715027, "mean": 1.69752454758, "median": 0.499343276024, "min": -1.75896680355, "var": 52.1505432129}, "erbbands_skewness": {"dmean": 0.267850369215, "dmean2": 0.394263327122, "dvar": 0.0770923495293, "dvar2": 0.16932529211, "max": 9.26731872559, "mean": 0.704893648624, "median": 0.685077786446, "min": -2.5664961338, "var": 0.735463380814}, "erbbands_spread": {"dmean": 7.56253528595, "dmean2": 11.0555610657, "dvar": 137.356307983, "dvar2": 282.413024902, "max": 165.504760742, "mean": 36.3455848694, "median": 32.9957046509, "min": 3.40736317635, "var": 433.731536865}, "gfcc": {"cov": [[26181.8242188, 1491.87646484, -3002.22290039, 92.9178237915, -1204.07250977, 441.465423584, -649.582885742, 489.286254883, -408.681182861, -74.7215881348, -299.477050781, 39.638469696, -427.926208496], [1491.87646484, 1270.16833496, -243.412246704, -36.4480056763, 79.9834747314, -81.0780487061, 73.5008544922, -12.8547515869, 14.3687896729, -69.0769424438, 64.8936920166, -56.7500419617, -56.9583320618], [-3002.22290039, -243.412246704, 1413.13330078, 160.312835693, 231.262802124, 113.079391479, 107.131126404, -16.7317237854, 0.526714146137, 115.247062683, -12.6524343491, 31.671831131, 67.0804214478], [92.9178237915, -36.4480056763, 160.312835693, 347.656646729, 68.2900161743, 30.9864082336, -15.8188199997, 8.08580970764, 63.980682373, 32.4218597412, -22.3883590698, 19.821516037, 39.1079711914], [-1204.07250977, 79.9834747314, 231.262802124, 68.2900161743, 319.09173584, -3.74523234367, 37.5727539062, 30.2163848877, 81.8584289551, 16.1216030121, 17.3149814606, -17.1319389343, 24.3362693787], [441.465423584, -81.0780487061, 113.079391479, 30.9864082336, -3.74523234367, 225.080764771, 64.6794891357, 24.2742576599, -15.4357814789, 36.5811576843, -14.2430467606, 7.29134607315, 16.1090488434], [-649.582885742, 73.5008544922, 107.131126404, -15.8188199997, 37.5727539062, 64.6794891357, 225.467910767, 7.73175001144, -2.70491361618, -4.07076787949, 36.2969055176, -0.0616052076221, 10.1345338821], [489.286254883, -12.8547515869, -16.7317237854, 8.08580970764, 30.2163848877, 24.2742576599, 7.73175001144, 148.090515137, 28.5838012695, -6.83519983292, 16.5259017944, 4.95351696014, -10.2865095139], [-408.681182861, 14.3687896729, 0.526714146137, 63.980682373, 81.8584289551, -15.4357814789, -2.70491361618, 28.5838012695, 158.256103516, 31.5449943542, 4.07696580887, -12.3779850006, 17.7205047607], [-74.7215881348, -69.0769424438, 115.247062683, 32.4218597412, 16.1216030121, 36.5811576843, -4.07076787949, -6.83519983292, 31.5449943542, 99.6243286133, 2.79938101768, -0.944688379765, 17.3412322998], [-299.477050781, 64.8936920166, -12.6524343491, -22.3883590698, 17.3149814606, -14.2430467606, 36.2969055176, 16.5259017944, 4.07696580887, 2.79938101768, 93.486038208, 16.2623596191, -11.8392381668], [39.638469696, -56.7500419617, 31.671831131, 19.821516037, -17.1319389343, 7.29134607315, -0.0616052076221, 4.95351696014, -12.3779850006, -0.944688379765, 16.2623596191, 70.8545379639, 18.3953056335], [-427.926208496, -56.9583320618, 67.0804214478, 39.1079711914, 24.3362693787, 16.1090488434, 10.1345338821, -10.2865095139, 17.7205047607, 17.3412322998, -11.8392381668, 18.3953056335, 72.5684890747]], "icov": [[0.000144922742038, -0.000246641167905, 0.00026750730467, -0.000213078048546, 0.000296796119073, -0.000380451820092, 0.000298028433463, -0.000581398955546, 0.000377117772587, -0.000490371719934, 0.000649730907753, -0.000440693809651, 0.000632248644251], [-0.000246641167905, 0.00139245390892, -0.000285613059532, 0.000241883011768, -0.000823884736747, 0.000831559300423, -0.000840415770654, 0.00124324939679, -0.00062389858067, 0.0012780346442, -0.001684933668, 0.00139780167956, -0.00062479643384], [0.00026750730467, -0.000285613059532, 0.00155118072871, -0.000688040920068, -0.000315032579238, -0.000762285024393, 6.27469999017e-05, -0.000918976205867, 0.00137742818333, -0.00198565307073, 0.00154001195915, -0.00124572066125, 0.00113120360766], [-0.000213078048546, 0.000241883011768, -0.000688040920068, 0.00390718877316, -0.000727508333512, 0.000112654131954, 4.76054701721e-05, 0.000856109778397, -0.00187477946747, 0.000564536836464, -8.40623833938e-05, -0.000566245347727, -0.00174986803904], [0.000296796119073, -0.000823884736747, -0.000315032579238, -0.000727508333512, 0.00530374702066, -0.000533265294507, 0.000487199315103, -0.0018952524988, -0.00123600719962, -0.000131082662847, 0.000324674183503, 0.000696590344887, -6.44294289032e-07], [-0.000380451820092, 0.000831559300423, -0.000762285024393, 0.000112654131954, -0.000533265294507, 0.00698804715648, -0.0028491851408, 6.74681432429e-05, 0.000319782760926, -0.00121481134556, 1.44147870742e-05, 0.000866895134095, -0.00191698654089], [0.000298028433463, -0.000840415770654, 6.27469999017e-05, 4.76054701721e-05, 0.000487199315103, -0.0028491851408, 0.00655614491552, -0.000946938467678, 0.000504481606185, 0.000616174831521, -0.00140129064675, 3.92806978198e-05, -7.55997170927e-05], [-0.000581398955546, 0.00124324939679, -0.000918976205867, 0.000856109778397, -0.0018952524988, 6.74681432429e-05, -0.000946938467678, 0.0101996669546, -0.00325812352821, 0.00343588599935, -0.00393025064841, 0.000888638780452, -0.000757772882935], [0.000377117772587, -0.00062389858067, 0.00137742818333, -0.00187477946747, -0.00123600719962, 0.000319782760926, 0.000504481606185, -0.00325812352821, 0.0102673554793, -0.00454992288724, 0.00165002956055, 0.00044384697685, 1.91910021385e-05], [-0.000490371719934, 0.0012780346442, -0.00198565307073, 0.000564536836464, -0.000131082662847, -0.00121481134556, 0.000616174831521, 0.00343588599935, -0.00454992288724, 0.015703137964, -0.00497803464532, 0.00347057031468, -0.00397600466385], [0.000649730907753, -0.001684933668, 0.00154001195915, -8.40623833938e-05, 0.000324674183503, 1.44147870742e-05, -0.00140129064675, -0.00393025064841, 0.00165002956055, -0.00497803464532, 0.017466083169, -0.00741694355384, 0.00617342302576], [-0.000440693809651, 0.00139780167956, -0.00124572066125, -0.000566245347727, 0.000696590344887, 0.000866895134095, 3.92806978198e-05, 0.000888638780452, 0.00044384697685, 0.00347057031468, -0.00741694355384, 0.020003028214, -0.00756879616529], [0.000632248644251, -0.00062479643384, 0.00113120360766, -0.00174986803904, -6.44294289032e-07, -0.00191698654089, -7.55997170927e-05, -0.000757772882935, 1.91910021385e-05, -0.00397600466385, 0.00617342302576, -0.00756879616529, 0.0211154464632]], "mean": [-84.1898574829, 107.184539795, -83.4761199951, 19.4914894104, -48.2802810669, 15.4996824265, -26.4587173462, 11.2988700867, -22.279132843, 0.651281535625, -15.4548358917, 0.161848723888, -19.2131175995]}, "hfc": {"dmean": 2.82301473618, "dmean2": 3.80165028572, "dvar": 40.1296272278, "dvar2": 76.3351516724, "max": 176.676132202, "mean": 10.345287323, "median": 3.00105047226, "min": 1.06709998171e-16, "var": 358.892700195}, "melbands": {"dmean": [0.000572926306631, 0.000551534525584, 0.000233477883739, 0.000144069010275, 4.33366294601e-05, 2.83881672658e-05, 6.73201720929e-05, 0.000110132314148, 8.05792369647e-05, 8.46443072078e-05, 4.34391185991e-05, 3.49242582161e-05, 4.36010377598e-05, 2.46942545346e-05, 2.26318297791e-05, 1.79491689778e-05, 1.65238798218e-05, 9.9990693343e-06, 8.88198337634e-06, 5.10896597916e-06, 3.47638660969e-06, 2.58323120761e-06, 3.82265170629e-06, 2.12973532143e-06, 1.11608392217e-06, 1.34377069116e-06, 1.30796195208e-06, 5.94793903019e-07, 2.10451887028e-07, 2.47634375228e-07, 3.55391534868e-07, 5.16317356869e-07, 5.06788524035e-07, 3.51115545527e-07, 2.40862902956e-07, 2.85929615984e-07, 2.74183349802e-07, 3.22696905641e-07, 2.88168223506e-07, 2.53706389231e-07], "dmean2": [0.000933734816499, 0.000901313847862, 0.000365330139175, 0.000228953591431, 6.54810428387e-05, 4.20147516706e-05, 9.55571449595e-05, 0.000145356883877, 0.000109920518298, 0.000115877919598, 5.70590236748e-05, 4.30926884292e-05, 5.72266944801e-05, 3.36010307365e-05, 3.06618421746e-05, 2.3152160793e-05, 2.08073015528e-05, 1.35849395519e-05, 1.23076151795e-05, 7.27176984583e-06, 5.0176536206e-06, 3.49979245584e-06, 5.14095609105e-06, 2.96598045679e-06, 1.50656399001e-06, 1.76365790594e-06, 1.78340542334e-06, 8.31866771023e-07, 3.12448662498e-07, 3.6851497498e-07, 5.31256773684e-07, 7.68748293467e-07, 7.64811659337e-07, 5.42776945167e-07, 3.78512623911e-07, 4.74592781075e-07, 4.64865792082e-07, 5.51269238258e-07, 4.88192142711e-07, 4.35920611608e-07], "dvar": [3.64089783034e-06, 1.94049471247e-06, 1.88640726151e-07, 5.87519544126e-08, 6.97558411034e-09, 1.09792681613e-08, 4.52985808863e-08, 1.25807943618e-07, 1.1697226654e-07, 2.0372270626e-07, 5.82255488268e-08, 2.89308470514e-08, 4.22301944525e-08, 1.31597008846e-08, 1.28773880448e-08, 8.98750851519e-09, 8.92707241462e-09, 2.66668220839e-09, 2.89497936734e-09, 6.81892209364e-10, 2.40757747072e-10, 7.12060202468e-11, 1.99097446862e-10, 7.57079399172e-11, 1.59650504622e-11, 2.46016262917e-11, 2.22730636018e-11, 6.46616571051e-12, 2.68897100766e-13, 4.8151857935e-13, 1.2804422236e-12, 3.06692973968e-12, 2.52541260473e-12, 1.36338954449e-12, 8.1548017037e-13, 1.35207622008e-12, 1.76510249559e-12, 2.42194675773e-12, 1.4489046898e-12, 1.25505964128e-12], "dvar2": [9.34166564548e-06, 4.98119425174e-06, 4.44686577339e-07, 1.55485338382e-07, 1.55575143879e-08, 2.25181189251e-08, 8.9680220583e-08, 2.06815755632e-07, 2.18812985509e-07, 4.45973995511e-07, 1.02558800563e-07, 3.64453569546e-08, 8.0381163059e-08, 2.20352376346e-08, 2.32385222176e-08, 1.32140494102e-08, 1.18773275659e-08, 4.34322888765e-09, 5.61594770687e-09, 1.33228694743e-09, 5.86682813442e-10, 1.27885715906e-10, 3.5042341251e-10, 1.47375361914e-10, 2.52993598293e-11, 3.73842241885e-11, 3.6722028196e-11, 1.13505272889e-11, 5.99994338067e-13, 1.01150934417e-12, 2.76845668785e-12, 6.69814160734e-12, 5.60600437599e-12, 3.16106754487e-12, 1.79218217957e-12, 3.53040491806e-12, 4.89868172068e-12, 6.77354570003e-12, 4.00151873442e-12, 3.50385584262e-12], "max": [0.0310062579811, 0.023849086836, 0.00782258342952, 0.0045432257466, 0.00324432551861, 0.00946360453963, 0.00739484233782, 0.0125399399549, 0.012439311482, 0.0229762643576, 0.0154429776594, 0.0120815504342, 0.0127093261108, 0.0065581984818, 0.00429661618546, 0.00610876921564, 0.00765967927873, 0.00316108879633, 0.0029044568073, 0.0013902556384, 0.00095462257741, 0.000328792259097, 0.000815582461655, 0.000752625695895, 0.000275675207376, 0.000354124378646, 0.000195414424525, 0.000131948778289, 1.59523369803e-05, 2.97827828035e-05, 3.79481025448e-05, 7.76764645707e-05, 7.66708981246e-05, 3.73719485651e-05, 3.51491908077e-05, 3.66575768567e-05, 4.28289931733e-05, 3.34938849846e-05, 2.68309468083e-05, 2.5162127713e-05], "mean": [0.00111225270666, 0.0013816235587, 0.000547046191059, 0.000325902743498, 0.000113571266411, 7.47943486203e-05, 0.000157610586029, 0.000326093635522, 0.000222346483497, 0.000207961900742, 0.000113418267574, 9.28351219045e-05, 0.000113677146146, 6.51511654723e-05, 4.94081214129e-05, 4.827324301e-05, 4.27523300459e-05, 2.62044231931e-05, 2.64086775132e-05, 1.55151428771e-05, 9.42726273934e-06, 7.95108371676e-06, 1.15990760605e-05, 5.53823474547e-06, 3.1735119137e-06, 3.74340015696e-06, 3.58575925929e-06, 1.43973863942e-06, 4.03680417094e-07, 4.43792714577e-07, 6.86075679823e-07, 1.14302167731e-06, 1.05599428935e-06, 6.16360352979e-07, 3.68683259921e-07, 3.19670220961e-07, 2.91481427439e-07, 3.16272178225e-07, 2.78575043922e-07, 2.30759710007e-07], "median": [0.000784577045124, 0.00112044787966, 0.00038564146962, 0.000217513050302, 6.58760691294e-05, 4.1409417463e-05, 4.11866203649e-05, 4.31327825936e-05, 2.4263481464e-05, 1.84894179256e-05, 1.30867138068e-05, 1.20521563076e-05, 8.85256667971e-06, 6.15245880908e-06, 6.91251898388e-06, 3.71507439922e-06, 2.87676039079e-06, 1.24407642943e-06, 7.87855242379e-07, 7.26469124857e-07, 9.08901313323e-07, 7.24159917809e-07, 6.70071244713e-07, 6.67663414333e-07, 4.79129369069e-07, 4.21448731913e-07, 3.75554975562e-07, 1.85529856367e-07, 1.31092036781e-07, 1.25273857066e-07, 1.29714976538e-07, 1.28178925252e-07, 1.14893779823e-07, 1.03131228002e-07, 7.49625357344e-08, 6.10137576018e-08, 5.02407786485e-08, 4.97505325825e-08, 4.66730583071e-08, 3.63868153386e-08], "min": [6.8003838151e-25, 3.63308903823e-25, 8.16109146963e-25, 2.0660282885e-24, 1.53595823222e-24, 3.64980524733e-25, 1.81670939105e-24, 1.42086204564e-24, 2.02078100191e-24, 2.05467026918e-24, 1.92947449365e-24, 1.88614492792e-24, 2.74752936604e-24, 1.14089185911e-24, 2.54714272168e-24, 2.01758157929e-24, 2.9774290718e-24, 2.49828876303e-24, 2.94912217872e-24, 3.31742200827e-24, 2.53291344588e-24, 4.50192071772e-24, 4.84181879368e-24, 3.39960672067e-24, 3.34439474035e-24, 3.70175149142e-24, 4.29302443356e-24, 4.03296263109e-24, 3.77599631881e-24, 4.30776508844e-24, 3.78736222673e-24, 3.70622591048e-24, 5.60356654958e-24, 4.97440461817e-24, 4.38635101739e-24, 4.04235993662e-24, 4.85769185838e-24, 5.29999394059e-24, 5.74150992292e-24, 6.10687006231e-24], "var": [3.44039131051e-06, 2.38880761572e-06, 3.62707794466e-07, 1.27146165596e-07, 2.19404210355e-08, 3.1558517577e-08, 1.29223238332e-07, 8.0199237118e-07, 5.4208516076e-07, 7.4703956443e-07, 2.72072895768e-07, 1.99775698206e-07, 1.82821935368e-07, 1.04847856619e-07, 4.62597036233e-08, 6.33170174069e-08, 6.91234873784e-08, 1.77228098863e-08, 2.20120650596e-08, 5.64603386266e-09, 1.76066983215e-09, 6.78801459486e-10, 1.73348069232e-09, 3.25597854234e-10, 1.43966311095e-10, 1.69527322735e-10, 1.30567015533e-10, 2.93512852911e-11, 7.08130982238e-13, 1.27322740025e-12, 4.28209681255e-12, 1.69880550599e-11, 1.10676667484e-11, 2.77976469967e-12, 1.39103800093e-12, 1.30518295824e-12, 1.27790117897e-12, 1.65129813035e-12, 1.04991297774e-12, 8.52534622758e-13]}, "melbands_crest": {"dmean": 2.29169368744, "dmean2": 3.64707446098, "dvar": 5.90977430344, "dvar2": 14.5183992386, "max": 37.859161377, "mean": 15.2012910843, "median": 15.2324972153, "min": 1.33124363422, "var": 25.8175754547}, "melbands_flatness_db": {"dmean": 0.0219392161816, "dmean2": 0.0317194983363, "dvar": 0.000731080188416, "dvar2": 0.00158438715152, "max": 0.737054765224, "mean": 0.268640637398, "median": 0.265014469624, "min": 0.000871049647685, "var": 0.00808615703136}, "melbands_kurtosis": {"dmean": 9.17263889313, "dmean2": 13.9501953125, "dvar": 332.32598877, "dvar2": 791.539978027, "max": 754.530578613, "mean": 23.5908889771, "median": 14.5604734421, "min": -1.66408216953, "var": 1254.85083008}, "melbands_skewness": {"dmean": 0.670302331448, "dmean2": 0.97823035717, "dvar": 0.854315757751, "dvar2": 1.82865977287, "max": 21.1639842987, "mean": 3.17184996605, "median": 3.04485845566, "min": -1.21077346802, "var": 4.37214422226}, "melbands_spread": {"dmean": 3.13738059998, "dmean2": 4.64989280701, "dvar": 31.3564491272, "dvar2": 70.9017333984, "max": 174.711959839, "mean": 14.5427751541, "median": 9.51572418213, "min": 0.30476257205, "var": 364.503845215}, "mfcc": {"cov": [[9230.78027344, 698.23236084, -901.988586426, -301.708221436, -183.573928833, -232.185897827, -195.149002075, 312.34753418, -99.6246337891, 113.442466736, 162.342712402, -188.115814209, 122.187431335], [698.23236084, 1339.61657715, -120.696052551, 43.4466018677, 0.451697975397, -41.6373023987, 82.5205307007, 58.3297080994, -67.7747421265, 8.2023859024, 41.9099082947, 0.887090861797, 8.57048988342], [-901.988586426, -120.696052551, 832.967590332, 119.026237488, 81.4805755615, 161.33631897, 141.283996582, -50.8004989624, 103.338096619, -30.0623455048, -38.835975647, 101.630523682, -10.7346906662], [-301.708221436, 43.4466018677, 119.026237488, 303.158294678, 121.824455261, 33.3861122131, -15.8471603394, 5.51944732666, 46.5749816895, -6.31856012344, 6.66242313385, 32.9566497803, 19.1694641113], [-183.573928833, 0.451697975397, 81.4805755615, 121.824455261, 303.138458252, 20.9997749329, -34.1455459595, 0.838874459267, 60.7395057678, 39.6895523071, 18.3652763367, 27.0471248627, 15.4796304703], [-232.185897827, -41.6373023987, 161.33631897, 33.3861122131, 20.9997749329, 218.667785645, 58.0852012634, -28.6780033112, 70.4328842163, 5.49066209793, -5.66563081741, 46.7476234436, -16.8387985229], [-195.149002075, 82.5205307007, 141.283996582, -15.8471603394, -34.1455459595, 58.0852012634, 208.632217407, 42.7925987244, 9.14537334442, -1.62448334694, -0.433048605919, 37.346824646, -13.3703193665], [312.34753418, 58.3297080994, -50.8004989624, 5.51944732666, 0.838874459267, -28.6780033112, 42.7925987244, 150.559753418, 1.9098688364, 12.8176460266, 26.3253231049, -9.1504945755, 23.2020072937], [-99.6246337891, -67.7747421265, 103.338096619, 46.5749816895, 60.7395057678, 70.4328842163, 9.14537334442, 1.9098688364, 143.607803345, 32.309337616, -16.6866912842, 29.5072097778, 5.96219158173], [113.442466736, 8.2023859024, -30.0623455048, -6.31856012344, 39.6895523071, 5.49066209793, -1.62448334694, 12.8176460266, 32.309337616, 117.487228394, 31.1831817627, -1.77595615387, 14.7040300369], [162.342712402, 41.9099082947, -38.835975647, 6.66242313385, 18.3652763367, -5.66563081741, -0.433048605919, 26.3253231049, -16.6866912842, 31.1831817627, 92.1556472778, 6.02719545364, 2.2922372818], [-188.115814209, 0.887090861797, 101.630523682, 32.9566497803, 27.0471248627, 46.7476234436, 37.346824646, -9.1504945755, 29.5072097778, -1.77595615387, 6.02719545364, 97.4565505981, 13.5828847885], [122.187431335, 8.57048988342, -10.7346906662, 19.1694641113, 15.4796304703, -16.8387985229, -13.3703193665, 23.2020072937, 5.96219158173, 14.7040300369, 2.2922372818, 13.5828847885, 94.6922225952]], "icov": [[0.000143359793583, -7.14156922186e-05, 6.7504341132e-05, 0.000127839346533, 6.21017316007e-05, -2.89986583084e-05, 0.000167198653799, -0.000246852694545, -7.79145193519e-05, -1.79838534677e-05, -0.00015656335745, 0.000124843209051, -0.000134384652483], [-7.14156922186e-05, 0.000866103859153, 0.000141345837619, -0.00030781008536, -9.279607184e-05, 9.41121470532e-05, -0.000579838466365, 5.80984669796e-05, 0.000409780041082, -5.52028905076e-05, -8.22647998575e-05, -0.000104618360638, 2.76653081528e-05], [6.7504341132e-05, 0.000141345837619, 0.00191274553072, -0.000418717041612, -0.000301334192045, -0.000478607573314, -0.00121372123249, 0.000614919466898, -0.000645221560262, 0.00054708548123, 0.00024781387765, -0.000682866724674, -0.000108565283881], [0.000127839346533, -0.00030781008536, -0.000418717041612, 0.00451101176441, -0.00138292321935, -0.000272831093753, 0.000910231843591, -0.000648747605737, -0.000748807855416, 0.00103811209556, -0.000585908011999, -0.000357486598659, -0.000681329285726], [6.21017316007e-05, -9.279607184e-05, -0.000301334192045, -0.00138292321935, 0.00455256039277, 0.000228037635679, 0.00106005626731, -0.00022888724925, -0.0011254659621, -0.00123992084991, -0.000666617124807, -0.000543253787328, 3.3617929148e-05], [-2.89986583084e-05, 9.41121470532e-05, -0.000478607573314, -0.000272831093753, 0.000228037635679, 0.00674683460966, -0.00149335875176, 0.00150133552961, -0.00275350967422, 0.00011299601465, -0.000715763075277, -0.00130759202875, 0.00097435672069], [0.000167198653799, -0.000579838466365, -0.00121372123249, 0.000910231843591, 0.00106005626731, -0.00149335875176, 0.00779612967744, -0.00347117427737, 0.000891553470865, -0.000809422694147, 0.000656783813611, -0.0021239076741, 0.00138565874659], [-0.000246852694545, 5.80984669796e-05, 0.000614919466898, -0.000648747605737, -0.00022888724925, 0.00150133552961, -0.00347117427737, 0.00945614557713, -0.00159185589291, 0.000661643978674, -0.00242868438363, 0.00160822330508, -0.0021628185641], [-7.79145193519e-05, 0.000409780041082, -0.000645221560262, -0.000748807855416, -0.0011254659621, -0.00275350967422, 0.000891553470865, -0.00159185589291, 0.0111748958007, -0.00356269837357, 0.00358498375863, -0.00180829328019, 0.000374372000806], [-1.79838534677e-05, -5.52028905076e-05, 0.00054708548123, 0.00103811209556, -0.00123992084991, 0.00011299601465, -0.000809422694147, 0.000661643978674, -0.00356269837357, 0.0114308623597, -0.00429287739098, 0.00151504366659, -0.00183764658868], [-0.00015656335745, -8.22647998575e-05, 0.00024781387765, -0.000585908011999, -0.000666617124807, -0.000715763075277, 0.000656783813611, -0.00242868438363, 0.00358498375863, -0.00429287739098, 0.0143297566101, -0.00257046893239, 0.00148840574548], [0.000124843209051, -0.000104618360638, -0.000682866724674, -0.000357486598659, -0.000543253787328, -0.00130759202875, -0.0021239076741, 0.00160822330508, -0.00180829328019, 0.00151504366659, -0.00257046893239, 0.0142445135862, -0.0030967774801], [-0.000134384652483, 2.76653081528e-05, -0.000108565283881, -0.000681329285726, 3.3617929148e-05, 0.00097435672069, 0.00138565874659, -0.0021628185641, 0.000374372000806, -0.00183764658868, 0.00148840574548, -0.0030967774801, 0.012420380488]], "mean": [-728.490905762, 146.37449646, 19.6032714844, 17.7550487518, 4.60483837128, 6.08280229568, 6.62676048279, 11.1723451614, -0.452147215605, 0.875452280045, 7.00369548798, 0.298518806696, 0.442704558372]}, "pitch_salience": {"dmean": 0.0545035153627, "dmean2": 0.0867156907916, "dvar": 0.00304448674433, "dvar2": 0.00770608568564, "max": 0.975935339928, "mean": 0.512023091316, "median": 0.512483596802, "min": 0.103668220341, "var": 0.013343019411}, "silence_rate_20dB": {"dmean": 0, "dmean2": 0, "dvar": 0, "dvar2": 0, "max": 1, "mean": 1, "median": 1, "min": 1, "var": 0}, "silence_rate_30dB": {"dmean": 0.00356592913158, "dmean2": 0.00713243614882, "dvar": 0.00355308922008, "dvar2": 0.00886516273022, "max": 1, "mean": 0.995705008507, "median": 1, "min": 0, "var": 0.00427674595267}, "silence_rate_60dB": {"dmean": 0.0392252206802, "dmean2": 0.0784567967057, "dvar": 0.0376817658544, "dvar2": 0.0786288678646, "max": 1, "mean": 0.129578605294, "median": 0, "min": 0, "var": 0.11278744787}, "spectral_centroid": {"dmean": 138.209625244, "dmean2": 201.501190186, "dvar": 52505.5351562, "dvar2": 110834.6875, "max": 11807.6396484, "mean": 930.75793457, "median": 681.677307129, "min": 93.3007049561, "var": 1472182.125}, "spectral_complexity": {"dmean": 1.42021238804, "dmean2": 2.19954609871, "dvar": 2.44053220749, "dvar2": 4.57859992981, "max": 38, "mean": 9.96442508698, "median": 9, "min": 0, "var": 27.0154495239}, "spectral_contrast_coeffs": {"dmean": [0.0386850461364, 0.0335366129875, 0.0288897827268, 0.0270956475288, 0.0229960605502, 0.0195057820529], "dmean2": [0.0638250410557, 0.0527886487544, 0.0450171269476, 0.041483271867, 0.0341339968145, 0.0282041840255], "dvar": [0.00119442760479, 0.00103213347029, 0.000762262323406, 0.000604788598139, 0.000445257261163, 0.0003246285778], "dvar2": [0.0031585318502, 0.0023896379862, 0.0016634312924, 0.00128285074607, 0.000846954761073, 0.000621851359028], "max": [-0.348925620317, -0.400010347366, -0.333066523075, -0.43248847127, -0.503614366055, -0.577574253082], "mean": [-0.659634411335, -0.732828497887, -0.740188002586, -0.748627245426, -0.767715275288, -0.796186506748], "median": [-0.663444399834, -0.747111558914, -0.754958629608, -0.760450065136, -0.779855966568, -0.799239993095], "min": [-0.979797780514, -0.9875420928, -0.981083273888, -0.977247536182, -0.976694226265, -0.965582430363], "var": [0.00681635038927, 0.00741075491533, 0.00717378035188, 0.00609935214743, 0.00524530187249, 0.00263949064538]}, "spectral_contrast_valleys": {"dmean": [0.362296491861, 0.258830726147, 0.258621484041, 0.261594861746, 0.269569665194, 0.402635872364], "dmean2": [0.568332195282, 0.413018882275, 0.408475637436, 0.4027595222, 0.381343156099, 0.523585498333], "dvar": [0.138473838568, 0.0614989474416, 0.0676730424166, 0.0660753399134, 0.0765284076333, 0.186959087849], "dvar2": [0.291469395161, 0.139818280935, 0.145284876227, 0.135010018945, 0.139566525817, 0.318651109934], "max": [-5.29343938828, -5.16510057449, -5.24997377396, -5.78421545029, -6.43147277832, -8.05484294891], "mean": [-7.71734142303, -7.56735515594, -8.44464492798, -9.30417728424, -9.33327007294, -11.3336610794], "median": [-7.32217073441, -7.19758987427, -8.11831092834, -9.01679039001, -9.04012775421, -11.0963478088], "min": [-28.2386798859, -28.1777439117, -27.9030094147, -27.6768436432, -27.5050258636, -27.4256649017], "var": [5.96276664734, 5.87776279449, 5.60706996918, 5.09167098999, 5.00512123108, 4.4493765831]}, "spectral_decrease": {"dmean": 1.22883392351e-09, "dmean2": 1.79358061736e-09, "dvar": 6.87834800538e-18, "dvar2": 1.54937264935e-17, "max": 9.74599616357e-17, "mean": -4.31208579954e-09, "median": -2.74417732982e-09, "min": -4.12024583341e-08, "var": 2.32372437946e-17}, "spectral_energy": {"dmean": 0.0048298118636, "dmean2": 0.00699838949367, "dvar": 0.00010391552496, "dvar2": 0.000230454839766, "max": 0.166660696268, "mean": 0.0172131340951, "median": 0.0106851477176, "min": 1.00757941452e-20, "var": 0.000387113163015}, "spectral_energyband_high": {"dmean": 0.000123658363009, "dmean2": 0.000198244219064, "dvar": 1.68967915215e-07, "dvar2": 4.50507144478e-07, "max": 0.00596488220617, "mean": 0.00018398980319, "median": 3.94085000153e-05, "min": 7.2314568686e-21, "var": 2.02242986802e-07}, "spectral_energyband_low": {"dmean": 0.00306236650795, "dmean2": 0.00490119913593, "dvar": 7.46796504245e-05, "dvar2": 0.000185443699593, "max": 0.148440912366, "mean": 0.00713173719123, "median": 0.00577415386215, "min": 6.67192284568e-24, "var": 8.19612832856e-05}, "spectral_energyband_middle_high": {"dmean": 0.000932135386392, "dmean2": 0.00111833796836, "dvar": 7.82421921031e-06, "dvar2": 1.08465710582e-05, "max": 0.101017408073, "mean": 0.00374753354117, "median": 0.000492716790177, "min": 1.2496741166e-21, "var": 9.32672992349e-05}, "spectral_energyband_middle_low": {"dmean": 0.0019009943353, "dmean2": 0.00265176151879, "dvar": 1.51103531607e-05, "dvar2": 2.81713655568e-05, "max": 0.14129191637, "mean": 0.0065901344642, "median": 0.0032216552645, "min": 1.24473503954e-22, "var": 8.39064887259e-05}, "spectral_entropy": {"dmean": 0.191045150161, "dmean2": 0.269870817661, "dvar": 0.0446038171649, "dvar2": 0.0872745364904, "max": 9.82572078705, "mean": 7.11310482025, "median": 7.0760679245, "min": 4.51721715927, "var": 0.374435931444}, "spectral_flux": {"dmean": 0.0177134703845, "dmean2": 0.0278617180884, "dvar": 0.000740196497645, "dvar2": 0.00168941006996, "max": 0.398117035627, "mean": 0.0446813851595, "median": 0.0322993993759, "min": 6.38040037471e-11, "var": 0.00162473926321}, "spectral_kurtosis": {"dmean": 2.10987973213, "dmean2": 3.32825756073, "dvar": 5.16816663742, "dvar2": 12.5956773758, "max": 85.4461135864, "mean": 7.43468761444, "median": 6.31663274765, "min": -1.28373467922, "var": 46.7163658142}, "spectral_rms": {"dmean": 0.000510208075866, "dmean2": 0.000717356393579, "dvar": 7.10444794549e-07, "dvar2": 1.43218210269e-06, "max": 0.0127513054758, "mean": 0.0035973531194, "median": 0.00322870467789, "min": 3.1352899877e-12, "var": 3.85241128242e-06}, "spectral_rolloff": {"dmean": 222.188980103, "dmean2": 379.081726074, "dvar": 596051.25, "dvar2": 1476772.625, "max": 20262.7441406, "mean": 1056.2467041, "median": 495.263671875, "min": 43.06640625, "var": 6701329}, "spectral_skewness": {"dmean": 0.253231972456, "dmean2": 0.38507810235, "dvar": 0.0648077502847, "dvar2": 0.133680403233, "max": 8.09635734558, "mean": 2.11680436134, "median": 2.0741610527, "min": -0.0992308482528, "var": 0.607860326767}, "spectral_spread": {"dmean": 912227.8125, "dmean2": 1317427.625, "dvar": 1703029768190.0, "dvar2"