{"lowlevel": {"average_loudness": 0.779861450195, "barkbands": {"dmean": [0.00013014790602, 0.0022660465911, 0.00101666455157, 0.000682740530465, 0.00235301977955, 0.000534470193088, 0.000892094278242, 0.000691768946126, 0.000995743670501, 0.00059072766453, 0.000601103936788, 0.000357419979991, 0.000354458839865, 0.000268560543191, 0.000197412300622, 0.000198840600206, 0.00013015406148, 6.2123828684e-05, 4.73390282423e-05, 5.70300508116e-05, 5.29053941136e-05, 7.27268925402e-05, 6.00635357841e-05, 5.5200085626e-05, 4.77683279314e-05, 1.95526990865e-05, 6.08769823884e-06], "dmean2": [0.000189461512491, 0.00362841319293, 0.00182621134445, 0.00120791024528, 0.00394096178934, 0.000824682298116, 0.00133223331068, 0.00103067408781, 0.00146935426164, 0.000885871762875, 0.000910382776055, 0.000566799193621, 0.00055447826162, 0.000415271148086, 0.000296148646157, 0.000316383695463, 0.000195369284484, 9.68042659224e-05, 7.4088704423e-05, 8.65364636411e-05, 8.05981835583e-05, 0.000106196188426, 8.71890297276e-05, 7.40838077036e-05, 6.38552228338e-05, 2.6256291676e-05, 8.78300397744e-06], "dvar": [1.53197134978e-07, 4.88112600578e-05, 1.64517059602e-05, 3.87527506973e-06, 8.04691007943e-05, 2.18610261982e-06, 6.05481227467e-06, 4.46545800514e-06, 7.80255231803e-06, 3.36916696142e-06, 2.29001079788e-06, 7.73270073751e-07, 1.49012237216e-06, 1.19278013244e-06, 3.4966993212e-07, 3.84120227181e-07, 2.72018354508e-07, 4.68046579272e-08, 4.20101891052e-08, 6.94293191827e-08, 1.45883065628e-08, 3.3159924584e-08, 4.01293078767e-08, 2.44433326912e-08, 1.9416592778e-08, 4.04267819221e-09, 4.328896408e-10], "dvar2": [3.19571086038e-07, 0.000117813877296, 4.66558303742e-05, 1.09453485493e-05, 0.000215326130274, 4.88493651574e-06, 1.31827882797e-05, 9.36561173148e-06, 1.7541955458e-05, 7.11135589881e-06, 5.1891079238e-06, 1.89921922811e-06, 3.78116419597e-06, 2.85793407784e-06, 7.2785815064e-07, 8.95337450402e-07, 5.6463841247e-07, 1.02266241697e-07, 8.631224091e-08, 1.40579672347e-07, 3.37071419665e-08, 7.29022318069e-08, 8.45864533972e-08, 4.62885054731e-08, 3.76993192219e-08, 8.4977820336e-09, 9.98452431844e-10], "max": [0.00899569038302, 0.129654288292, 0.063972234726, 0.0421353727579, 0.147993788123, 0.0422273315489, 0.079184114933, 0.0771602913737, 0.0697189942002, 0.0489649288356, 0.0353501774371, 0.0268696267158, 0.0353664383292, 0.0511953532696, 0.0199262797832, 0.02186364308, 0.025306141004, 0.00682954257354, 0.0129232881591, 0.0199194233865, 0.00279902108014, 0.00581029523164, 0.00898141600192, 0.00471629062667, 0.00517222937196, 0.00267106923275, 0.000641586026177], "mean": [0.000213384439121, 0.00437173014507, 0.00140547705814, 0.000929100264329, 0.00338004273362, 0.00139392714482, 0.00193120841868, 0.00130149314646, 0.00228028185666, 0.00111157621723, 0.00132055208087, 0.000645117543172, 0.000619629048742, 0.000502420240082, 0.000384294282412, 0.000391716370359, 0.00026119328686, 0.000107688974822, 8.1652578956e-05, 0.0001085359836, 0.000114841808681, 0.000166250567418, 0.00011591763905, 0.000108701096906, 8.51959048305e-05, 3.03963734041e-05, 7.64423930377e-06], "median": [2.55365011981e-05, 0.00304330117069, 0.000528730684891, 0.000272902194411, 0.0015543847112, 0.000401626195526, 0.000610127230175, 0.000477153982501, 0.000661944912281, 0.000294070108794, 0.000324259395711, 0.000219269626541, 0.000153849250637, 0.00010342765745, 6.85310296831e-05, 8.07487740531e-05, 3.81082827516e-05, 2.01601906156e-05, 1.59024821187e-05, 1.78595855687e-05, 1.93984124053e-05, 2.28374028666e-05, 1.35520185722e-05, 1.08533540697e-05, 4.82732002638e-06, 1.13431508453e-06, 6.89978776336e-08], "min": [2.3658993649e-24, 5.08051098531e-23, 8.89767259051e-24, 1.17037794147e-23, 1.45995939233e-23, 2.29096250929e-23, 5.5222251295e-23, 9.46238277159e-23, 4.20182911525e-23, 5.40335199523e-23, 8.81162364297e-23, 2.74875389115e-22, 7.56290163731e-23, 1.01842472979e-22, 5.77553530814e-23, 1.70011275947e-22, 2.93902663662e-22, 2.61866050424e-22, 2.52478075538e-22, 3.83597309789e-22, 3.96884680928e-22, 6.06181166846e-22, 8.3187974968e-22, 5.43892962206e-22, 1.14116946715e-21, 1.2208470944e-21, 2.48054683793e-21], "var": [2.80547538978e-07, 5.27673291799e-05, 1.13978449008e-05, 3.83234737455e-06, 6.37237535557e-05, 1.20869690363e-05, 2.02108676604e-05, 1.1792377336e-05, 2.85042387986e-05, 9.1672218332e-06, 9.58493183134e-06, 1.5869585468e-06, 3.47752347807e-06, 2.63253355115e-06, 1.21923562801e-06, 1.01611158243e-06, 7.93056472048e-07, 9.13227253818e-08, 1.21743070736e-07, 1.20185774222e-07, 6.11473467416e-08, 1.29315125719e-07, 9.84778623092e-08, 7.05429954451e-08, 4.67194851694e-08, 6.93440860289e-09, 5.52172030321e-10]}, "barkbands_crest": {"dmean": 2.23417806625, "dmean2": 3.58086705208, "dvar": 5.90986013412, "dvar2": 15.0367717743, "max": 25.1890869141, "mean": 10.1036214828, "median": 9.14780330658, "min": 3.00792098045, "var": 16.9325561523}, "barkbands_flatness_db": {"dmean": 0.0198675505817, "dmean2": 0.0277137141675, "dvar": 0.000534241320565, "dvar2": 0.00112452567555, "max": 0.429958432913, "mean": 0.156874090433, "median": 0.152534410357, "min": 0.0168340839446, "var": 0.00398096581921}, "barkbands_kurtosis": {"dmean": 2.04058837891, "dmean2": 3.15664076805, "dvar": 18.0514125824, "dvar2": 44.6551704407, "max": 91.3316802979, "mean": 3.39313101768, "median": 1.35898447037, "min": -1.94954228401, "var": 44.01795578}, "barkbands_skewness": {"dmean": 0.42358776927, "dmean2": 0.625104188919, "dvar": 0.272694945335, "dvar2": 0.584795892239, "max": 8.23578929901, "mean": 1.24345982075, "median": 1.06443154812, "min": -2.23574614525, "var": 1.27095484734}, "barkbands_spread": {"dmean": 4.28095769882, "dmean2": 6.07542896271, "dvar": 42.8751029968, "dvar2": 79.6038742065, "max": 138.149353027, "mean": 19.1230640411, "median": 14.6722450256, "min": 0.690843939781, "var": 241.087341309}, "dissonance": {"dmean": 0.0252382922918, "dmean2": 0.042170830071, "dvar": 0.000621854618657, "dvar2": 0.00167510961182, "max": 0.500000119209, "mean": 0.443855315447, "median": 0.453240662813, "min": 0.138693466783, "var": 0.00167796376627}, "dynamic_complexity": 5.23339271545, "erbbands": {"dmean": [0.0614938437939, 0.562415122986, 1.21765327454, 1.69110536575, 6.24738645554, 8.20653533936, 4.24391460419, 4.99314165115, 9.76259899139, 14.6951112747, 16.884973526, 20.7973613739, 18.3433532715, 18.0892925262, 21.5102176666, 12.5211172104, 14.7006530762, 13.6606769562, 10.1255626678, 8.87471199036, 10.6673355103, 7.07889413834, 3.68461990356, 2.53001213074, 2.09784841537, 2.58319139481, 1.89892101288, 2.38219189644, 2.760887146, 2.14675116539, 1.74966728687, 1.36556100845, 0.814706146717, 0.58550298214, 0.307127892971, 0.0963000580668, 0.0333178974688, 0.0102500561625, 0.00102849886753, 4.05255486839e-05], "dmean2": [0.0991283878684, 0.916197240353, 2.13413643837, 3.00687146187, 10.6068477631, 13.7601556778, 6.63294124603, 7.6126704216, 14.7150688171, 21.7868804932, 24.9722614288, 30.5628032684, 27.3221206665, 26.3940029144, 32.4343490601, 19.7045307159, 23.0628700256, 20.9788532257, 15.2435874939, 13.2105169296, 16.5638771057, 10.7552490234, 5.625477314, 3.99640583992, 3.23652791977, 3.98058176041, 2.89774656296, 3.61570620537, 4.08962011337, 3.13240742683, 2.55799818039, 1.89509928226, 1.09835135937, 0.80363702774, 0.410153001547, 0.128343760967, 0.0462542660534, 0.0141868749633, 0.00149644934572, 6.04093147558e-05], "dvar": [0.0326299965382, 3.43563318253, 22.3775463104, 28.7376155853, 547.460205078, 875.663574219, 125.516326904, 197.311447144, 771.552368164, 2014.00537109, 1975.0324707, 4439.84960938, 3251.84692383, 3264.7121582, 2750.05493164, 904.279846191, 2379.70654297, 3216.17993164, 868.467102051, 759.535949707, 1071.36999512, 918.86529541, 143.590240479, 115.437149048, 115.647705078, 75.5394134521, 24.2266979218, 29.4899654388, 50.4765815735, 40.2123680115, 36.4018974304, 14.9594259262, 5.483710289, 2.82716751099, 0.873353481293, 0.0908014923334, 0.0143958218396, 0.00114859256428, 1.32047516672e-05, 1.78585697341e-08], "dvar2": [0.0808168202639, 8.63269424438, 61.2537956238, 81.4593734741, 1497.60351562, 2315.30688477, 290.694366455, 437.773345947, 1713.92626953, 4353.38378906, 4418.42871094, 10133.4814453, 7116.07080078, 7335.65380859, 5894.66113281, 2193.93261719, 6072.42675781, 7645.93115234, 1860.0703125, 1565.13110352, 2417.90795898, 2000.72509766, 294.567687988, 250.149581909, 249.680099487, 171.540710449, 56.9520454407, 67.9924850464, 118.49420929, 82.6598052979, 78.953742981, 28.9026260376, 10.7524719238, 5.78538656235, 1.69981682301, 0.178092166781, 0.0333170555532, 0.00257352972403, 3.05977009702e-05, 4.44788810228e-08], "max": [2.44752836227, 33.4125022888, 79.3514251709, 117.748764038, 374.590606689, 485.416900635, 325.581787109, 482.371154785, 1094.80249023, 1364.43359375, 1372.97937012, 2121.53613281, 1954.85949707, 1866.26538086, 1501.72937012, 951.36517334, 1337.54284668, 2916.65698242, 1148.69433594, 681.559631348, 1016.06555176, 1699.40942383, 382.254364014, 622.566955566, 810.799926758, 421.490203857, 127.516082764, 128.354202271, 294.998748779, 280.640655518, 324.344390869, 113.426101685, 83.9456253052, 64.9030151367, 37.1296157837, 10.892616272, 4.429271698, 1.09524559975, 0.104053430259, 0.00352900288999], "mean": [0.132823765278, 0.940617620945, 1.78853058815, 2.45697855949, 7.91383600235, 11.5138092041, 8.96125984192, 14.1278839111, 21.9979629517, 31.324426651, 36.6936454773, 48.052986145, 38.204044342, 41.945274353, 45.761844635, 25.7920627594, 28.4261360168, 27.1228942871, 22.1112289429, 18.7135257721, 23.1349124908, 15.0466585159, 7.2785987854, 4.54352235794, 3.99292016029, 5.0169839859, 3.8959274292, 5.3197889328, 6.18837690353, 4.57682514191, 3.31759595871, 2.67056751251, 1.56559062004, 1.06130838394, 0.519077122211, 0.157883256674, 0.0492453686893, 0.0142561346292, 0.00128501292784, 6.65116822347e-05], "median": [0.0859575048089, 0.578834950924, 0.764049589634, 0.964248538017, 3.22602891922, 4.96267271042, 4.05669116974, 3.7133204937, 8.39844608307, 9.71083068848, 14.4889364243, 13.4425134659, 12.3893690109, 10.1054334641, 15.6193962097, 9.83829402924, 8.35440826416, 5.86903858185, 5.07544231415, 4.52467870712, 4.86763572693, 2.6893222332, 1.47014832497, 1.10708391666, 0.812889814377, 0.789764225483, 0.7483330369, 0.781447052956, 0.855497717857, 0.542084634304, 0.370393306017, 0.278226971626, 0.14437879622, 0.0680389627814, 0.0259426310658, 0.00724776694551, 0.00153515557759, 0.000290428346489, 2.68097064691e-05, 2.6403573429e-05], "min": [1.696032266e-21, 1.06586058947e-20, 9.59837764587e-21, 3.36087424913e-20, 2.92311928297e-20, 5.24455417384e-20, 8.90214360169e-20, 2.91207409535e-19, 7.16353971806e-19, 7.3762569674e-19, 2.52313289245e-18, 9.68564390802e-19, 1.47040246073e-18, 2.84903481596e-18, 3.74789828002e-18, 1.3472411405e-17, 4.35155525231e-18, 4.50387601262e-18, 3.93796784117e-18, 6.6047869691e-18, 8.44314749043e-18, 1.50751267814e-17, 1.87356607267e-17, 1.04443405833e-17, 1.49551078376e-17, 1.88216560775e-17, 1.43652867018e-17, 2.05671229753e-17, 1.7272313703e-17, 1.91249236511e-17, 2.58279470034e-17, 1.51136303846e-17, 9.33919502489e-18, 1.21734648737e-17, 8.09318887996e-18, 4.34295298753e-18, 2.65769325782e-18, 1.22853619379e-18, 3.44322511974e-19, 3.46601859851e-20], "var": [0.0407430231571, 3.14537811279, 16.676612854, 24.2377624512, 403.179748535, 754.99609375, 273.04876709, 1516.31726074, 2193.76513672, 6721.59912109, 6103.27783203, 16440.5273438, 10400.8476562, 11488.3320312, 10650.8935547, 2196.38647461, 5654.66601562, 7107.49658203, 3180.84350586, 2288.3605957, 3460.06420898, 2532.53198242, 350.693145752, 318.73336792, 268.383056641, 169.304931641, 64.6199493408, 138.366409302, 179.806121826, 121.909576416, 84.7514190674, 43.4719848633, 14.5667114258, 6.84789514542, 1.93306982517, 0.181929260492, 0.0201346166432, 0.00166434666608, 1.6144984329e-05, 1.97348501985e-08]}, "erbbands_crest": {"dmean": 2.34768819809, "dmean2": 3.71353840828, "dvar": 5.48920631409, "dvar2": 13.1986513138, "max": 32.3704872131, "mean": 9.77317810059, "median": 8.58514118195, "min": 2.22944617271, "var": 23.2542247772}, "erbbands_flatness_db": {"dmean": 0.0186788477004, "dmean2": 0.0245522893965, "dvar": 0.0004892933066, "dvar2": 0.000784601317719, "max": 0.400367200375, "mean": 0.178806215525, "median": 0.180069208145, "min": 0.0279506631196, "var": 0.00412925519049}, "erbbands_kurtosis": {"dmean": 1.0373814106, "dmean2": 1.58756220341, "dvar": 4.20398569107, "dvar2": 10.2157096863, "max": 79.7986907959, "mean": 1.38239228725, "median": 0.472852230072, "min": -1.80401146412, "var": 13.6734905243}, "erbbands_skewness": {"dmean": 0.324353277683, "dmean2": 0.480834901333, "dvar": 0.113139905035, "dvar2": 0.239203572273, "max": 7.45128536224, "mean": 0.496397554874, "median": 0.422917664051, "min": -3.94261980057, "var": 0.636845469475}, "erbbands_spread": {"dmean": 6.58885288239, "dmean2": 9.21062088013, "dvar": 80.9048690796, "dvar2": 141.540435791, "max": 140.069976807, "mean": 31.6109867096, "median": 24.0472507477, "min": 1.45394742489, "var": 505.075073242}, "gfcc": {"cov": [[19235.6347656, -1535.18591309, -364.692382812, 965.477478027, -923.262268066, 714.877075195, -411.179626465, 246.554077148, -113.108772278, 224.144348145, -337.568908691, 160.971817017, 15.823094368], [-1535.18591309, 2824.05371094, -668.909057617, -498.550994873, 463.203186035, -344.437805176, 263.334381104, -166.527801514, 185.125839233, -268.957580566, 185.638259888, -192.770141602, 48.0405502319], [-364.692382812, -668.909057617, 1125.00939941, 217.802764893, -35.3187065125, 282.098144531, 29.2692089081, 119.860359192, -38.2883682251, 140.630966187, -30.7602844238, 69.1375274658, -30.6680183411], [965.477478027, -498.550994873, 217.802764893, 623.744018555, -57.543598175, 155.083770752, -17.7583198547, 69.9221801758, 18.5396194458, 61.4947471619, -11.0405664444, 41.8685150146, 29.6879196167], [-923.262268066, 463.203186035, -35.3187065125, -57.543598175, 373.81137085, -80.1149520874, 78.881111145, 11.1519966125, 38.0959396362, -16.6488895416, 51.2989959717, -28.7733440399, -7.26673793793], [714.877075195, -344.437805176, 282.098144531, 155.083770752, -80.1149520874, 350.241668701, 57.8625450134, 59.4001731873, 17.9759540558, 88.5990753174, -19.1319847107, 26.1624469757, 3.55650305748], [-411.179626465, 263.334381104, 29.2692089081, -17.7583198547, 78.881111145, 57.8625450134, 208.46295166, 20.3843975067, 26.080953598, -5.65784645081, 32.6610488892, -26.1085834503, -0.517910182476], [246.554077148, -166.527801514, 119.860359192, 69.9221801758, 11.1519966125, 59.4001731873, 20.3843975067, 129.436523438, 29.5607624054, 35.4753303528, -3.85101985931, 14.707859993, -5.85337686539], [-113.108772278, 185.125839233, -38.2883682251, 18.5396194458, 38.0959396362, 17.9759540558, 26.080953598, 29.5607624054, 139.833175659, 16.0474910736, 12.5421943665, -1.76495051384, 15.9765300751], [224.144348145, -268.957580566, 140.630966187, 61.4947471619, -16.6488895416, 88.5990753174, -5.65784645081, 35.4753303528, 16.0474910736, 126.61076355, 12.942817688, 27.1526298523, -1.10192120075], [-337.568908691, 185.638259888, -30.7602844238, -11.0405664444, 51.2989959717, -19.1319847107, 32.6610488892, -3.85101985931, 12.5421943665, 12.942817688, 100.409988403, 20.1781730652, 5.87233638763], [160.971817017, -192.770141602, 69.1375274658, 41.8685150146, -28.7733440399, 26.1624469757, -26.1085834503, 14.707859993, -1.76495051384, 27.1526298523, 20.1781730652, 100.277511597, 23.4519538879], [15.823094368, 48.0405502319, -30.6680183411, 29.6879196167, -7.26673793793, 3.55650305748, -0.517910182476, -5.85337686539, 15.9765300751, -1.10192120075, 5.87233638763, 23.4519538879, 67.0975799561]], "icov": [[8.89903822099e-05, -0.000119026321045, 0.00013909766858, -0.00014833221212, 0.000178128975676, -0.000194431937416, 0.000170618019183, -0.000258133833995, 0.000255623686826, -0.000266672752332, 0.000397444731789, -0.000270719261607, 0.000196429886273], [-0.000119026321045, 0.00140069972258, -0.000165949939401, 0.000728897284716, -0.000945027277339, 0.000390198460082, -0.000851767719723, 0.00124849181157, -0.00183548615314, 0.00225246767513, -0.00247911177576, 0.00210939487442, -0.00144012027886], [0.00013909766858, -0.000165949939401, 0.00157474156003, -0.000396962859668, 5.13328013767e-05, -0.00100267853122, 0.000111489425763, -0.000994961126707, 0.00102565879934, -0.00115443090908, 0.00111253513023, -0.00113590969704, 0.000990662374534], [-0.00014833221212, 0.000728897284716, -0.000396962859668, 0.00244817556813, -0.000524896255229, -0.000256712344708, -0.000134885282023, 0.000128247862449, -0.00112267467193, 0.00117367238272, -0.00156843673903, 0.00114299019333, -0.00176028022543], [0.000178128975676, -0.000945027277339, 5.13328013767e-05, -0.000524896255229, 0.00424019014463, 0.000628023641184, -0.000435704278061, -0.00145718303975, 0.000617535726633, -0.00158710055985, 0.000544049893506, -0.0007191010518, 0.00121638760902], [-0.000194431937416, 0.000390198460082, -0.00100267853122, -0.000256712344708, 0.000628023641184, 0.0054499367252, -0.00239214347675, 0.00035259698052, -0.00116324576084, -0.00149497948587, 8.21315625217e-05, 0.000478011090308, -0.000708626525011], [0.000170618019183, -0.000851767719723, 0.000111489425763, -0.000134885282023, -0.000435704278061, -0.00239214347675, 0.00731823826209, -0.00177827337757, 0.000796010543127, 7.8008233686e-05, -0.000805098272394, 0.000829037162475, 0.000253658159636], [-0.000258133833995, 0.00124849181157, -0.000994961126707, 0.000128247862449, -0.00145718303975, 0.00035259698052, -0.00177827337757, 0.0114472312853, -0.00388896372169, 0.000918354548048, -0.0014272130793, 0.000697992218193, 0.000285885616904], [0.000255623686826, -0.00183548615314, 0.00102565879934, -0.00112267467193, 0.000617535726633, -0.00116324576084, 0.000796010543127, -0.00388896372169, 0.0110703781247, -0.00418218225241, 0.003102297429, -0.00216828798875, -0.000203446441446], [-0.000266672752332, 0.00225246767513, -0.00115443090908, 0.00117367238272, -0.00158710055985, -0.00149497948587, 7.8008233686e-05, 0.000918354548048, -0.00418218225241, 0.0151190171018, -0.00656691892073, 0.00242087664083, -0.00163601839449], [0.000397444731789, -0.00247911177576, 0.00111253513023, -0.00156843673903, 0.000544049893506, 8.21315625217e-05, -0.000805098272394, -0.0014272130793, 0.003102297429, -0.00656691892073, 0.017849644646, -0.00787779781967, 0.00315231620334], [-0.000270719261607, 0.00210939487442, -0.00113590969704, 0.00114299019333, -0.0007191010518, 0.000478011090308, 0.000829037162475, 0.000697992218193, -0.00216828798875, 0.00242087664083, -0.00787779781967, 0.0171377919614, -0.00725178001449], [0.000196429886273, -0.00144012027886, 0.000990662374534, -0.00176028022543, 0.00121638760902, -0.000708626525011, 0.000253658159636, 0.000285885616904, -0.000203446441446, -0.00163601839449, 0.00315231620334, -0.00725178001449, 0.0195966158062]], "mean": [-52.3209266663, 115.134841919, -108.634460449, 12.0708293915, -59.6309585571, 19.2644367218, -31.1431045532, 3.58358454704, -14.4864721298, 0.284398913383, -15.703338623, 0.568432450294, -6.8886847496]}, "hfc": {"dmean": 4.89086198807, "dmean2": 6.82288789749, "dvar": 77.6820526123, "dvar2": 158.989273071, "max": 179.382980347, "mean": 17.547952652, "median": 9.98468208313, "min": 1.11890815636e-16, "var": 368.982543945}, "melbands": {"dmean": [0.000574559206143, 0.000661888043396, 0.000385985855246, 0.000597777194344, 0.000173054271727, 0.000111089386337, 0.000157281872816, 0.000155057976372, 0.000157894173753, 0.000130851156428, 9.47356966208e-05, 7.52953928895e-05, 7.26159996702e-05, 4.43727112724e-05, 3.4220112866e-05, 3.86277279176e-05, 2.56462426478e-05, 1.9001579858e-05, 1.5946881831e-05, 1.2248038729e-05, 1.30283524413e-05, 8.46186503622e-06, 4.70280019726e-06, 2.62976118393e-06, 2.20608990276e-06, 1.75133084213e-06, 1.91513436221e-06, 1.81465316018e-06, 1.37024881042e-06, 1.2574774928e-06, 1.57215492891e-06, 1.7278409814e-06, 1.50862774717e-06, 1.15899877073e-06, 1.09706002149e-06, 9.29438556341e-07, 9.0087286253e-07, 5.96181905621e-07, 5.94138157339e-07, 4.84693998715e-07], "dmean2": [0.00091289205011, 0.00110755197238, 0.000679561228026, 0.00100918137468, 0.000277129525784, 0.000170172454091, 0.000235993080423, 0.000229043260333, 0.000232730788412, 0.000191718077986, 0.000141339798574, 0.000110058936116, 0.000109737411549, 6.7915803811e-05, 5.40003275091e-05, 6.04906199442e-05, 3.91966786992e-05, 2.87685616058e-05, 2.34290528169e-05, 1.91039489437e-05, 2.01399125217e-05, 1.28162446345e-05, 7.09864434612e-06, 4.05213904742e-06, 3.53139103026e-06, 2.72224133369e-06, 2.95407676276e-06, 2.82711266664e-06, 2.1153120997e-06, 1.973985718e-06, 2.39298515226e-06, 2.60881029135e-06, 2.28307021644e-06, 1.72295767698e-06, 1.63268327924e-06, 1.36197172651e-06, 1.27648013404e-06, 8.32363753034e-07, 8.31963006931e-07, 6.82048892031e-07], "dvar": [2.90056232188e-06, 5.54222333449e-06, 1.18078435207e-06, 5.61649767405e-06, 1.99668590994e-07, 8.94349057035e-08, 1.83625090244e-07, 2.22016694806e-07, 1.82397684512e-07, 1.72451819935e-07, 8.45743670652e-08, 5.54536505604e-08, 3.27825766533e-08, 1.22297558747e-08, 7.85560505534e-09, 2.29346071023e-08, 1.19797132214e-08, 3.45852058103e-09, 2.6508690798e-09, 1.9142158969e-09, 1.77800874024e-09, 1.61581303892e-09, 2.69756939009e-10, 8.58197263254e-11, 1.00093724975e-10, 5.35505008392e-11, 2.1972576536e-10, 3.12737578889e-11, 1.44841708072e-11, 1.02480871012e-11, 1.33314409859e-11, 1.87658708017e-11, 1.74987802026e-11, 1.32089903251e-11, 1.46303923837e-11, 8.27367167833e-12, 6.6958097053e-12, 3.10968004819e-12, 2.7699756551e-12, 2.0056742725e-12], "dvar2": [6.94054824635e-06, 1.4249432752e-05, 3.31091837324e-06, 1.50707783177e-05, 5.00434907735e-07, 1.9963559339e-07, 4.03520829195e-07, 4.70558433108e-07, 3.98861430995e-07, 3.89618037389e-07, 1.84538208714e-07, 1.23070506675e-07, 7.19024271234e-08, 2.79203327125e-08, 1.79516774779e-08, 5.85704640343e-08, 2.82113195027e-08, 7.67379670918e-09, 5.2929554073e-09, 4.37926406249e-09, 3.94587162944e-09, 3.51132123377e-09, 5.24806198499e-10, 1.86412288383e-10, 2.197193677e-10, 1.16059245547e-10, 4.5765319312e-10, 7.65835242444e-11, 3.54413789982e-11, 2.47691988448e-11, 3.14564069237e-11, 4.54834364616e-11, 3.97042156097e-11, 2.74432716135e-11, 3.33695848731e-11, 1.69605024469e-11, 1.38658390325e-11, 6.34952116926e-12, 5.78733718934e-12, 4.24578991756e-12], "max": [0.0298956818879, 0.0360321849585, 0.0177971180528, 0.0391098856926, 0.00966742355376, 0.00936453230679, 0.0162474736571, 0.0162371173501, 0.0139999818057, 0.0124201131985, 0.00970732606947, 0.00765553070232, 0.00571776134893, 0.00407239701599, 0.00235667452216, 0.00400167470798, 0.00534685701132, 0.0018356150249, 0.00158709380776, 0.0015941815218, 0.00167364790104, 0.00228042225353, 0.000920318299904, 0.000423558987677, 0.000594460463617, 0.00041676859837, 0.00132091843989, 0.000192602252355, 0.000127317718579, 8.48514464451e-05, 0.000103736907477, 0.000157867907546, 0.000166198748047, 0.000161057032528, 0.000197877481696, 0.000116222894576, 8.48139170557e-05, 6.05669156357e-05, 4.99210837006e-05, 5.79027946515e-05], "mean": [0.00121003354434, 0.0010646142764, 0.00054941669805, 0.000785132229794, 0.000349334644852, 0.000305361376377, 0.000354793359293, 0.000323981133988, 0.000335814489517, 0.000301157590002, 0.000186928460607, 0.000164961908013, 0.000157358241268, 8.40549182612e-05, 6.24072927167e-05, 6.78307769704e-05, 4.77936155221e-05, 3.60650992661e-05, 3.0535778933e-05, 2.39468281507e-05, 2.61234526988e-05, 1.68092192325e-05, 8.64139929035e-06, 4.46141757493e-06, 3.62400669474e-06, 2.99018938676e-06, 3.18421984957e-06, 3.35891104442e-06, 2.47852904067e-06, 2.3846739623e-06, 3.29737463289e-06, 3.57646968041e-06, 3.12872339236e-06, 2.2551564598e-06, 1.92380616681e-06, 1.70462521965e-06, 1.63937215802e-06, 1.07169535113e-06, 1.05144749796e-06, 8.38006258164e-07], "median": [0.000886812747922, 0.000550823344383, 0.000249500153586, 0.000327464658767, 0.000164660232258, 8.56270780787e-05, 0.000129309963086, 9.86928571365e-05, 0.000109897358925, 7.68959798734e-05, 5.73796060053e-05, 3.71124770027e-05, 4.59964940092e-05, 3.43444407918e-05, 1.69539252965e-05, 1.40101465149e-05, 9.31292015593e-06, 7.81453763921e-06, 5.13323766427e-06, 5.73740089749e-06, 4.65188759335e-06, 2.19046432903e-06, 1.51528331571e-06, 8.47444937335e-07, 7.58676208079e-07, 5.13551924541e-07, 4.77128025977e-07, 4.56211580513e-07, 4.52711788057e-07, 3.89366249465e-07, 4.36970708506e-07, 4.94386767969e-07, 3.42242458373e-07, 2.63953921831e-07, 2.17972939254e-07, 1.6663197755e-07, 1.56315252298e-07, 9.82218608669e-08, 7.36418357405e-08, 4.69842049711e-08], "min": [1.52467217674e-23, 8.04621872791e-24, 5.40810417221e-24, 2.48183016632e-24, 3.45680702491e-24, 5.92660785129e-24, 1.07841727031e-23, 8.28245101459e-24, 1.9501356285e-23, 5.58209533347e-24, 7.29856397207e-24, 1.10162910801e-23, 1.15348117197e-23, 3.07861077753e-23, 1.9639993856e-23, 7.4042121688e-24, 8.67703766166e-24, 7.03487064842e-24, 5.23771534428e-24, 1.21498605351e-23, 9.26443059143e-24, 1.25485918574e-23, 2.35655818682e-23, 1.19948714553e-23, 7.43304266831e-24, 1.0786923461e-23, 1.14090231152e-23, 1.22560980109e-23, 8.77539757248e-24, 8.99868780715e-24, 1.43517480264e-23, 1.05133946196e-23, 9.88853474115e-24, 9.78629521239e-24, 1.44273035462e-23, 1.43875449566e-23, 7.68131139468e-24, 6.19749874183e-24, 7.62487549665e-24, 1.11851278242e-23], "var": [3.48985076926e-06, 4.7310327318e-06, 9.95204572973e-07, 4.2633441808e-06, 3.49490846929e-07, 6.10780148236e-07, 5.79041284254e-07, 7.42090946915e-07, 5.79555319291e-07, 6.86525822857e-07, 2.63096580966e-07, 1.85131966646e-07, 1.33215621645e-07, 2.87038748326e-08, 1.87036413024e-08, 5.53844152762e-08, 2.65947317502e-08, 1.06846664849e-08, 9.42341493726e-09, 4.16354906108e-09, 5.24634380383e-09, 4.21562562636e-09, 6.08370076538e-10, 1.78563511199e-10, 2.71647621064e-10, 1.4991796693e-10, 3.43734707364e-10, 7.46446238153e-11, 2.97863365917e-11, 2.64871284628e-11, 6.32236901721e-11, 6.06329847441e-11, 5.37077882168e-11, 3.33916054529e-11, 3.04202808776e-11, 2.17506568312e-11, 1.71317630221e-11, 7.47046521865e-12, 6.88870748639e-12, 4.44190387597e-12]}, "melbands_crest": {"dmean": 2.6045293808, "dmean2": 4.19759464264, "dvar": 8.65717506409, "dvar2": 21.5663394928, "max": 34.4494781494, "mean": 13.0831670761, "median": 12.0749568939, "min": 2.87336587906, "var": 24.8258171082}, "melbands_flatness_db": {"dmean": 0.023374395445, "dmean2": 0.0327965542674, "dvar": 0.000797476037405, "dvar2": 0.00169834366534, "max": 0.569047391415, "mean": 0.231493681669, "median": 0.223031044006, "min": 0.00800505001098, "var": 0.00619772262871}, "melbands_kurtosis": {"dmean": 4.80596017838, "dmean2": 7.41066598892, "dvar": 131.505569458, "dvar2": 309.46484375, "max": 342.439910889, "mean": 10.1330156326, "median": 4.17067718506, "min": -1.77859425545, "var": 371.75}, "melbands_skewness": {"dmean": 0.547999501228, "dmean2": 0.814882516861, "dvar": 0.543388605118, "dvar2": 1.12900865078, "max": 15.2391386032, "mean": 2.03999972343, "median": 1.66574823856, "min": -1.81168925762, "var": 2.8784840107}, "melbands_spread": {"dmean": 4.53759765625, "dmean2": 6.78652429581, "dvar": 56.334274292, "dvar2": 116.644790649, "max": 214.417816162, "mean": 20.4234657288, "median": 17.3467178345, "min": 0.653825819492, "var": 239.126861572}, "mfcc": {"cov": [[13722.2734375, -1393.96972656, -15.3779449463, 174.268676758, -125.51625061, 323.463256836, -239.236419678, 81.0057449341, 204.271957397, -22.9313240051, -89.0870056152, 63.4933662415, 37.6303215027], [-1393.96972656, 2754.8359375, -707.040039062, -140.79234314, 29.8360977173, -89.8289871216, 40.466960907, 85.1311416626, -56.8982696533, 20.28698349, 62.0744361877, -39.7648582458, -48.9087677002], [-15.3779449463, -707.040039062, 977.23260498, 57.7130393982, 52.1214027405, 163.284957886, 87.4459533691, 36.8727989197, 81.8352737427, 26.9242763519, 14.4762191772, 67.8570022583, 42.690536499], [174.268676758, -140.79234314, 57.7130393982, 363.787994385, 96.1125488281, 22.2607250214, 26.8406219482, 31.67552948, 22.214641571, 11.1770944595, -8.37419033051, 43.8555374146, 24.6554279327], [-125.51625061, 29.8360977173, 52.1214027405, 96.1125488281, 215.728515625, 23.5035076141, 11.446647644, 8.56967163086, 17.6581230164, 22.2063865662, 20.2170219421, 28.9946880341, 5.39162111282], [323.463256836, -89.8289871216, 163.284957886, 22.2607250214, 23.5035076141, 215.04107666, 57.5228652954, 34.7830467224, 49.5143966675, 33.1240081787, 33.9042396545, 19.3827610016, 11.8993272781], [-239.236419678, 40.466960907, 87.4459533691, 26.8406219482, 11.446647644, 57.5228652954, 190.782730103, 35.0981369019, 5.55431222916, 39.1000175476, 27.9115829468, 2.16807675362, 6.01253461838], [81.0057449341, 85.1311416626, 36.8727989197, 31.67552948, 8.56967163086, 34.7830467224, 35.0981369019, 123.942253113, 37.5067024231, 15.7952184677, 20.4967136383, 15.395983696, 3.41113519669], [204.271957397, -56.8982696533, 81.8352737427, 22.214641571, 17.6581230164, 49.5143966675, 5.55431222916, 37.5067024231, 116.421340942, 39.7790412903, 11.3876543045, 17.3069438934, 3.02805876732], [-22.9313240051, 20.28698349, 26.9242763519, 11.1770944595, 22.2063865662, 33.1240081787, 39.1000175476, 15.7952184677, 39.7790412903, 106.487609863, 44.5538749695, 0.255612760782, -3.96072602272], [-89.0870056152, 62.0744361877, 14.4762191772, -8.37419033051, 20.2170219421, 33.9042396545, 27.9115829468, 20.4967136383, 11.3876543045, 44.5538749695, 102.920181274, 22.8195762634, -6.2222366333], [63.4933662415, -39.7648582458, 67.8570022583, 43.8555374146, 28.9946880341, 19.3827610016, 2.16807675362, 15.395983696, 17.3069438934, 0.255612760782, 22.8195762634, 83.1365203857, 27.4636325836], [37.6303215027, -48.9087677002, 42.690536499, 24.6554279327, 5.39162111282, 11.8993272781, 6.01253461838, 3.41113519669, 3.02805876732, -3.96072602272, -6.2222366333, 27.4636325836, 78.4355010986]], "icov": [[8.78292121342e-05, 4.96572538395e-05, 6.63401151542e-05, -2.8140435461e-05, 6.3417806814e-05, -0.000175695764483, 0.000126918719616, -7.52880150685e-05, -8.6928550445e-05, -7.8060963915e-07, 8.45014728839e-05, -6.11683499301e-05, 8.84331893758e-06], [4.96572538395e-05, 0.00052950414829, 0.000418475625338, 0.000222200120334, -0.000197690154891, -5.10299942107e-05, -0.00013688080071, -0.000509074365254, 8.50786163937e-05, -2.3457190764e-05, -9.95351947495e-05, -8.10719720903e-05, 7.87229437265e-05], [6.63401151542e-05, 0.000418475625338, 0.00162591901608, 0.000199561560294, -0.000249707489274, -0.000831635901704, -0.000498020439409, -0.000266246497631, -0.000524552189745, 0.000103467973531, 0.000295287958579, -0.000852999452036, -0.000177905414603], [-2.8140435461e-05, 0.000222200120334, 0.000199561560294, 0.00354895857163, -0.00149340892676, 6.22550433036e-05, -0.000510968500748, -0.00084508175496, 8.05845775176e-05, -0.000382414524211, 0.00114085921086, -0.00145195785444, -0.000326534936903], [6.3417806814e-05, -0.000197690154891, -0.000249707489274, -0.00149340892676, 0.0056992569007, -0.000308750633849, 0.000329457107, 0.000518918095622, -0.000218310393393, -0.000700017903, -0.000528133416083, -0.0011035745265, 0.000376497366233], [-0.000175695764483, -5.10299942107e-05, -0.000831635901704, 6.22550433036e-05, -0.000308750633849, 0.00661743106321, -0.00146502908319, -0.000314389850246, -0.00163551513106, 2.88422797894e-05, -0.00161060888786, 0.00038783493801, -0.000570148578845], [0.000126918719616, -0.00013688080071, -0.000498020439409, -0.000510968500748, 0.000329457107, -0.00146502908319, 0.00687546748668, -0.00148541212548, 0.00153907784261, -0.00211771694012, -0.000382073165383, 0.0007740961737, -0.000445107201813], [-7.52880150685e-05, -0.000509074365254, -0.000266246497631, -0.00084508175496, 0.000518918095622, -0.000314389850246, -0.00148541212548, 0.0103423614055, -0.00310396356508, 0.000994766014628, -0.00142257579137, -0.000484139512992, 3.20733852277e-05], [-8.6928550445e-05, 8.50786163937e-05, -0.000524552189745, 8.05845775176e-05, -0.000218310393393, -0.00163551513106, 0.00153907784261, -0.00310396356508, 0.0125478189439, -0.00493010645732, 0.00194240291603, -0.00188132573385, 0.000714516500011], [-7.8060963915e-07, -2.3457190764e-05, 0.000103467973531, -0.000382414524211, -0.000700017903, 2.88422797894e-05, -0.00211771694012, 0.000994766014628, -0.00493010645732, 0.0144755523652, -0.00592388957739, 0.00294415582903, -0.000367059750715], [8.45014728839e-05, -9.95351947495e-05, 0.000295287958579, 0.00114085921086, -0.000528133416083, -0.00161060888786, -0.000382073165383, -0.00142257579137, 0.00194240291603, -0.00592388957739, 0.0145917115733, -0.00530272023752, 0.00238999654539], [-6.11683499301e-05, -8.10719720903e-05, -0.000852999452036, -0.00145195785444, -0.0011035745265, 0.00038783493801, 0.0007740961737, -0.000484139512992, -0.00188132573385, 0.00294415582903, -0.00530272023752, 0.0175005216151, -0.00544883823022], [8.84331893758e-06, 7.87229437265e-05, -0.000177905414603, -0.000326534936903, 0.000376497366233, -0.000570148578845, -0.000445107201813, 3.20733852277e-05, 0.000714516500011, -0.000367059750715, 0.00238999654539, -0.00544883823022, 0.0151383373886]], "mean": [-694.075622559, 147.389282227, 9.58477878571, 1.91304779053, -2.35227394104, 10.6995182037, -4.47635650635, 4.98769378662, 4.41297960281, 0.510699808598, -1.4742256403, 1.57340216637, 0.424733251333]}, "pitch_salience": {"dmean": 0.0598009862006, "dmean2": 0.0970272570848, "dvar": 0.00397350918502, "dvar2": 0.010443312116, "max": 0.831999659538, "mean": 0.543819665909, "median": 0.549294650555, "min": 0.0977717936039, "var": 0.0107679069042}, "silence_rate_20dB": {"dmean": 0, "dmean2": 0, "dvar": 0, "dvar2": 0, "max": 1, "mean": 1, "median": 1, "min": 1, "var": 0}, "silence_rate_30dB": {"dmean": 0.00324324332178, "dmean2": 0.00648707104847, "dvar": 0.00323350261897, "dvar2": 0.00897028017789, "max": 1, "mean": 0.998018205166, "median": 1, "min": 0, "var": 0.00197777012363}, "silence_rate_60dB": {"dmean": 0.016576576978, "dmean2": 0.0331561416388, "dvar": 0.0163016673177, "dvar2": 0.0374619588256, "max": 1, "mean": 0.123322226107, "median": 0, "min": 0, "var": 0.108105733991}, "spectral_centroid": {"dmean": 158.701828003, "dmean2": 232.681442261, "dvar": 58404.953125, "dvar2": 108460.460938, "max": 10974.4599609, "mean": 1011.8168335, "median": 852.139160156, "min": 195.317153931, "var": 331163.46875}, "spectral_complexity": {"dmean": 2.20504498482, "dmean2": 3.49220657349, "dvar": 7.69467926025, "dvar2": 16.3958816528, "max": 53, "mean": 14.3220434189, "median": 14, "min": 0, "var": 57.4060630798}, "spectral_contrast_coeffs": {"dmean": [0.0434468947351, 0.0389993041754, 0.0349088720977, 0.0285119079053, 0.0235709697008, 0.018144518137], "dmean2": [0.0703383311629, 0.0632521510124, 0.0552305467427, 0.0453828983009, 0.0370760038495, 0.026968922466], "dvar": [0.00180874043144, 0.00118753570132, 0.000892068783287, 0.000658019795083, 0.000490273290779, 0.00030957304989], "dvar2": [0.0042760479264, 0.00299763726071, 0.00214464170858, 0.00155875249766, 0.00109484849963, 0.000637213292066], "max": [-0.253778398037, -0.36716991663, -0.417376101017, -0.538856506348, -0.551609635353, -0.589228391647], "mean": [-0.667733490467, -0.734879612923, -0.732157707214, -0.759302020073, -0.774694502354, -0.779143214226], "median": [-0.683007478714, -0.745002508163, -0.737184882164, -0.765069484711, -0.779408335686, -0.780348181725], "min": [-0.977326273918, -0.964971184731, -0.964526772499, -0.956815302372, -0.955401360989, -0.961807191372], "var": [0.00919853709638, 0.00702990731224, 0.00560024520382, 0.00398738635704, 0.00334269157611, 0.00250068167225]}, "spectral_contrast_valleys": {"dmean": [0.317012995481, 0.300211817026, 0.29859405756, 0.292572289705, 0.321900725365, 0.385603487492], "dmean2": [0.509586155415, 0.488440722227, 0.472730189562, 0.45593559742, 0.461677640676, 0.455713689327], "dvar": [0.125209316611, 0.0887692421675, 0.0894346684217, 0.114828020334, 0.188053533435, 0.281218320131], "dvar2": [0.259987384081, 0.195267096162, 0.189578190446, 0.242613524199, 0.359061092138, 0.422217279673], "max": [-5.17301559448, -4.56556129456, -5.14020299911, -5.55188941956, -5.48292398453, -7.47489452362], "mean": [-7.44337797165, -6.84028816223, -7.66687059402, -8.28796577454, -8.8482093811, -10.9077386856], "median": [-6.98205041885, -6.5945019722, -7.43084144592, -8.07741355896, -8.65152740479, -10.6845788956], "min": [-27.0567817688, -27.9024810791, -27.2520198822, -27.2810554504, -27.3684329987, -27.2235450745], "var": [2.12566137314, 1.63504064083, 1.67474758625, 1.6834602356, 1.93800532818, 3.0531308651]}, "spectral_decrease": {"dmean": 1.84459880703e-09, "dmean2": 2.84985079979e-09, "dvar": 1.4941095398e-17, "dvar2": 3.62418862176e-17, "max": 8.64720798447e-18, "mean": -5.77024605874e-09, "median": -4.30677626895e-09, "min": -4.71866634655e-08, "var": 2.86705763395e-17}, "spectral_energy": {"dmean": 0.00731200771406, "dmean2": 0.0112316869199, "dvar": 0.000228191973292, "dvar2": 0.000551056989934, "max": 0.185314491391, "mean": 0.0233699604869, "median": 0.0173289570957, "min": 1.03492201508e-20, "var": 0.000463946867967}, "spectral_energyband_high": {"dmean": 0.000276049657259, "dmean2": 0.000364373147022, "dvar": 4.6409977017e-07, "dvar2": 8.58144915128e-07, "max": 0.0206872764975, "mean": 0.000688337197062, "median": 0.000105164544948, "min": 7.20284966722e-21, "var": 1.82879728072e-06}, "spectral_energyband_low": {"dmean": 0.0029873419553, "dmean2": 0.00472672376782, "dvar": 8.18520711618e-05, "dvar2": 0.000190384525922, "max": 0.137185662985, "mean": 0.00641213450581, "median": 0.00412811851129, "min": 6.89604154207e-23, "var": 0.000102734979009}, "spectral_energyband_middle_high": {"dmean": 0.00160655973013, "dmean2": 0.00238403840922, "dvar": 1.00851993921e-05, "dvar2": 2.11769729503e-05, "max": 0.0862425863743, "mean": 0.00529119046405, "median": 0.00248753558844, "min": 1.8548580118e-21, "var": 5.7204728364e-05}, "spectral_energyband_middle_low": {"dmean": 0.00447622407228, "dmean2": 0.0071071065031, "dvar": 0.000128261221107, "dvar2": 0.000331014074618, "max": 0.168692737818, "mean": 0.0115744508803, "median": 0.00746286986396, "min": 2.50173692927e-22, "var": 0.000195809159777}, "spectral_entropy": {"dmean": 0.188787326217, "dmean2": 0.256612330675, "dvar": 0.053999170661, "dvar2": 0.0983527079225, "max": 9.79979610443, "mean": 7.24428844452, "median": 7.22533941269, "min": 4.47925949097, "var": 0.363475561142}, "spectral_flux": {"dmean": 0.0222027897835, "dmean2": 0.0340784713626, "dvar": 0.0011363044614, "dvar2": 0.00231224903837, "max": 0.389327436686, "mean": 0.0652054622769, "median": 0.0489420294762, "min": 1.01731116586e-10, "var": 0.0030537690036}, "spectral_kurtosis": {"dmean": 3.65014600754, "dmean2": 5.80827951431, "dvar": 33.9065742493, "dvar2": 91.820274353, "max": 124.72089386, "mean": 9.27682209015, "median": 5.54820728302, "min": -1.25322473049, "var": 140.32611084}, "spectral_rms": {"dmean": 0.000619498605374, "dmean2": 0.000919162295759, "dvar": 1.08379367703e-06, "dvar2": 2.37162385019e-06, "max": 0.0134459892288, "mean": 0.00424817111343, "median": 0.00411172676831, "min": 3.17754633369e-12, "var": 4.753056146e-06}, "spectral_rolloff": {"dmean": 324.760375977, "dmean2": 528.593933105, "dvar": 656855.0625, "dvar2": 1380456, "max": 19853.6132812, "mean": 1362.2779541, "median": 947.4609375, "min": 64.599609375, "var": 3656357.5}, "spectral_skewness": {"dmean": 0.355490267277, "dmean2": 0.531635046005, "dvar": 0.191033899784, "dvar2": 0.457864254713, "max": 8.79925632477, "mean": 2.14548826218, "median": 1.94346058369, "min": -0.196409925818, "var": 1.07415163517}, "spectral_spread": {"dmean": 693406.3125, "dmean2": 834494.75, "dvar": 980663336960, "dvar2": 1263285698560.0, "max": 38598088, "mean": 4542427, "median": 4041839.75, "min": 660346.25, "var": 5960857288700.0}, "spectral_st