{"lowlevel": {"average_loudness": 0.771634161472, "barkbands": {"dmean": [3.18376078212e-05, 0.00081225449685, 0.00225124624558, 0.00159803510178, 0.00119820935652, 0.00154891051352, 0.000732589745894, 0.000776774133556, 0.000981273478828, 0.0010356833227, 0.00104094366543, 0.000656694639474, 0.000684513768647, 0.000620423117653, 0.000469322316349, 0.000360696139978, 0.000183284122613, 0.00017310208932, 0.000123130230349, 0.000113281326776, 0.000127917999635, 7.48944075895e-05, 6.84541882947e-05, 4.67780519102e-05, 1.56418755068e-05, 3.76946240976e-06, 1.73255514824e-07], "dmean2": [4.48554637842e-05, 0.0012322072871, 0.00363135640509, 0.00264311186038, 0.00196727947332, 0.00259475875646, 0.0012236017501, 0.00123560987413, 0.00155406480189, 0.00166385818738, 0.00167088559829, 0.0010443670908, 0.00109778123442, 0.00101542891935, 0.00075797206955, 0.000556521466933, 0.00028605942498, 0.000279600877548, 0.00019723312289, 0.000179378315806, 0.000186355609912, 0.00010721856961, 9.68955646385e-05, 6.46197950118e-05, 2.16116059164e-05, 5.10229619977e-06, 2.5569025297e-07], "dvar": [8.40408276304e-09, 3.0380329008e-06, 1.3329164176e-05, 8.87985606823e-06, 4.83920894112e-06, 1.62407341122e-05, 2.00293743546e-06, 3.27374823428e-06, 5.35928893441e-06, 5.15681449542e-06, 3.85366320188e-06, 1.32829813992e-06, 1.32946388476e-06, 1.3302823163e-06, 8.88456781922e-07, 4.80121457258e-07, 1.14855431832e-07, 8.91247964319e-08, 5.32233705997e-08, 3.44826460719e-08, 5.05662818284e-08, 1.69471654488e-08, 1.48234207131e-08, 6.39419628357e-09, 8.6294593693e-10, 7.53193271641e-11, 3.08240141311e-13], "dvar2": [1.7795686702e-08, 6.94912887411e-06, 3.60345547961e-05, 2.27936834563e-05, 1.23345052998e-05, 4.16331749875e-05, 5.12348924531e-06, 7.91559796198e-06, 1.33617368192e-05, 1.32011346068e-05, 9.9902290458e-06, 3.32739659825e-06, 3.51837024937e-06, 3.5160041989e-06, 2.23327560889e-06, 1.13981673167e-06, 2.74888549257e-07, 2.18950262365e-07, 1.35546486035e-07, 8.5580794007e-08, 1.09000737325e-07, 3.61646108615e-08, 3.10904404444e-08, 1.2719396203e-08, 1.80585590925e-09, 1.43872455616e-10, 6.87143050793e-13], "max": [0.00157283130102, 0.0428333580494, 0.0776924043894, 0.0601860545576, 0.0325213931501, 0.0479314848781, 0.0322767980397, 0.0597933456302, 0.0645734295249, 0.0483435541391, 0.0457861237228, 0.0225462391973, 0.0282629393041, 0.0211231801659, 0.0318459607661, 0.0250436700881, 0.00957978330553, 0.00857189204544, 0.00749072898179, 0.00462221866474, 0.00550151942298, 0.00221314723603, 0.00232390942983, 0.0018072683597, 0.000645092921332, 0.000240302208113, 1.06356828837e-05], "mean": [3.86890860682e-05, 0.00133669935167, 0.00460826186463, 0.00226051337086, 0.00186766590923, 0.00182205357123, 0.0010614444036, 0.00125604239292, 0.00163126946427, 0.00170095171779, 0.00192522536963, 0.00130548491143, 0.00137166294735, 0.00111617718358, 0.000912163290195, 0.000747377809603, 0.000437930022599, 0.000374158960767, 0.000275735481409, 0.000273940735497, 0.000276937760646, 0.000167362086358, 0.000125523554743, 9.67546075117e-05, 2.66568185907e-05, 5.44878594155e-06, 2.11280436702e-07], "median": [1.63570837231e-06, 0.00043122866191, 0.00207912991755, 0.000930896378122, 0.00104130944237, 0.000653426453937, 0.000517137232237, 0.000422060140409, 0.000764234107919, 0.000575864920393, 0.00073932291707, 0.000575854675844, 0.000649032066576, 0.000458443304524, 0.000420106109232, 0.000340497761499, 0.000210070880712, 0.000234559585806, 0.000170159066329, 0.000168191560078, 0.000147337574163, 8.63545719767e-05, 6.30212816759e-05, 4.94304804306e-05, 8.88817430678e-06, 9.80398453976e-07, 6.95232138526e-09], "min": [1.60824555057e-25, 1.10205556622e-23, 2.69419448023e-24, 1.70592945691e-24, 1.19833296314e-23, 1.0487179194e-23, 6.05880516178e-24, 6.10450071858e-24, 2.46316074748e-23, 1.61299225483e-23, 3.64935132691e-23, 2.45137059016e-23, 3.15041573702e-23, 2.5777935966e-23, 7.20989269311e-23, 7.98883162141e-23, 8.75608846633e-23, 1.22521079525e-22, 1.26096399095e-22, 2.06035423289e-22, 2.82498183597e-22, 4.17441032967e-22, 4.34316219233e-22, 7.12440907485e-22, 7.99232217314e-22, 1.19531677871e-21, 2.17640488594e-21], "var": [1.22380567902e-08, 5.95384562985e-06, 4.24420904892e-05, 1.4022328287e-05, 7.04990043232e-06, 1.61256139108e-05, 3.13824807563e-06, 6.27239251116e-06, 8.81868891156e-06, 9.76850515144e-06, 1.01812565845e-05, 4.12280860473e-06, 3.66357426174e-06, 3.09273286803e-06, 2.11378005588e-06, 1.45398212226e-06, 4.89668366299e-07, 2.30064401308e-07, 1.37255341315e-07, 1.2389843107e-07, 1.40205173693e-07, 5.08595370263e-08, 2.97977429398e-08, 1.6364966271e-08, 1.96476235281e-09, 1.551496015e-10, 4.97164863531e-13]}, "barkbands_crest": {"dmean": 2.22826910019, "dmean2": 3.6317255497, "dvar": 4.0171957016, "dvar2": 10.3834571838, "max": 23.4803981781, "mean": 8.4228181839, "median": 7.64176464081, "min": 2.62942361832, "var": 11.8535575867}, "barkbands_flatness_db": {"dmean": 0.0169500634074, "dmean2": 0.0254265423864, "dvar": 0.000214707877603, "dvar2": 0.000476647430332, "max": 0.32628595829, "mean": 0.128203570843, "median": 0.125238329172, "min": 0.0252071525902, "var": 0.00145502923988}, "barkbands_kurtosis": {"dmean": 1.01835536957, "dmean2": 1.64169728756, "dvar": 1.9339209795, "dvar2": 4.89117670059, "max": 24.7747688293, "mean": 0.720668017864, "median": 0.130530714989, "min": -1.91382956505, "var": 4.63402318954}, "barkbands_skewness": {"dmean": 0.368059903383, "dmean2": 0.576621174812, "dvar": 0.112209945917, "dvar2": 0.269510090351, "max": 4.83822774887, "mean": 0.749775648117, "median": 0.661015331745, "min": -2.26983237267, "var": 0.626050293446}, "barkbands_spread": {"dmean": 4.48231315613, "dmean2": 6.88382434845, "dvar": 18.8985023499, "dvar2": 44.4002075195, "max": 143.762176514, "mean": 23.3197040558, "median": 22.2689990997, "min": 3.37068724632, "var": 85.4918212891}, "dissonance": {"dmean": 0.0174795985222, "dmean2": 0.0298537500203, "dvar": 0.000262673391262, "dvar2": 0.000726005702745, "max": 0.500000119209, "mean": 0.468848854303, "median": 0.473656117916, "min": 0.269255340099, "var": 0.00049804180162}, "dynamic_complexity": 4.88521194458, "erbbands": {"dmean": [0.0230938140303, 0.210156321526, 1.89295685291, 4.40780258179, 4.05866956711, 4.43168115616, 7.54082584381, 14.7448768616, 11.3171625137, 11.6336669922, 18.440618515, 23.0560874939, 32.9088249207, 31.1022129059, 32.7701034546, 30.4800491333, 28.5991840363, 34.6356735229, 22.4476680756, 20.1510410309, 13.5798654556, 8.84517669678, 10.4296627045, 5.83867263794, 5.88643264771, 4.94787120819, 5.34703016281, 4.5322265625, 2.5600771904, 2.46689128876, 1.87977969646, 1.28800666332, 0.641291975975, 0.224469870329, 0.0877676010132, 0.027672374621, 0.00484867487103, 0.000593217730056, 2.71785193036e-05, 8.47752926347e-06], "dmean2": [0.0323079526424, 0.340549588203, 3.05208063126, 7.28810310364, 6.58000659943, 7.3981590271, 12.5073375702, 24.9641304016, 19.107006073, 18.6182289124, 29.2038497925, 36.2944869995, 52.239315033, 50.2053260803, 52.7002601624, 48.1672058105, 45.7963752747, 56.5289001465, 36.236164093, 31.6964111328, 20.8981227875, 13.5917854309, 16.6654720306, 9.39113235474, 9.36526298523, 7.75770044327, 8.02915763855, 6.48781633377, 3.6949608326, 3.53410482407, 2.67118215561, 1.82551169395, 0.875964701176, 0.307348489761, 0.122717425227, 0.0382306352258, 0.00643666833639, 0.000788345350884, 3.7684912968e-05, 1.26181275846e-05], "dvar": [0.00401887809858, 0.160339474678, 8.66734886169, 61.200214386, 74.475151062, 69.2844467163, 308.068450928, 1578.6229248, 551.503845215, 542.244812012, 2167.09521484, 3376.75244141, 6380.63085938, 4336.32519531, 4049.11621094, 3127.07055664, 2305.31640625, 4010.15625, 1995.25170898, 1196.72619629, 598.140625, 267.564819336, 302.915283203, 94.4683914185, 109.859397888, 59.6002807617, 114.403175354, 67.5708236694, 18.3750457764, 16.832654953, 12.0766124725, 5.07716178894, 1.16447305679, 0.167822778225, 0.034676771611, 0.00383570091799, 0.000135030059027, 2.41048064709e-06, 5.79906700438e-09, 1.16262575955e-10], "dvar2": [0.00764811132103, 0.406914591789, 23.0275745392, 160.919052124, 171.833786011, 188.421722412, 762.153381348, 4170.49853516, 1461.76721191, 1272.40612793, 5223.47021484, 8636.49804688, 16202.3720703, 10898.6054688, 10762.3886719, 7727.95703125, 6150.51025391, 10491.8896484, 4912.50634766, 3000.62036133, 1421.8059082, 637.089416504, 739.137634277, 225.004760742, 274.774230957, 143.773086548, 273.718322754, 139.967559814, 39.4581794739, 34.4679374695, 25.8021907806, 10.6071481705, 2.31497311592, 0.347697019577, 0.0759276747704, 0.0078769447282, 0.000241199639277, 4.43823864771e-06, 1.14076792457e-08, 2.45641118557e-10], "max": [1.28633952141, 9.69423484802, 60.6857414246, 162.708862305, 148.793075562, 145.560241699, 278.983947754, 534.801025391, 439.446502686, 458.290222168, 1654.85302734, 2025.09899902, 1837.50549316, 1846.54406738, 1252.74658203, 1161.54846191, 1229.38757324, 1189.7890625, 1392.21875, 823.547485352, 717.624206543, 453.020263672, 535.852478027, 388.691345215, 283.210723877, 177.037841797, 339.159454346, 201.347579956, 82.3124847412, 70.1289672852, 72.2244491577, 44.7571640015, 33.7804908752, 12.3848781586, 5.4162569046, 1.47412586212, 0.300405561924, 0.0360983349383, 0.00190778274555, 0.000170953207999], "mean": [0.0337378680706, 0.383770227432, 3.99919557571, 7.80748653412, 5.69830322266, 6.52364730835, 9.91594791412, 16.6760292053, 15.705655098, 19.4324760437, 30.3786354065, 39.8982276917, 54.6857757568, 59.3607749939, 66.442855835, 64.030960083, 62.1803665161, 69.9516983032, 48.1343727112, 45.585647583, 31.0186920166, 22.4916858673, 23.9305915833, 14.3558254242, 13.8318815231, 12.489695549, 12.2853546143, 9.67779159546, 5.70175218582, 5.00624608994, 3.35979557037, 2.50207591057, 1.29183804989, 0.407086610794, 0.14093990624, 0.040847402066, 0.00716094160452, 0.000854175130371, 4.94363375765e-05, 3.44653562934e-05], "median": [0.00600686715916, 0.182749271393, 1.95968866348, 3.84047245979, 2.61460208893, 3.46877622604, 3.95036363602, 5.69806575775, 7.46552753448, 9.58550071716, 11.3553352356, 19.7236881256, 19.0562267303, 27.048538208, 27.9380073547, 29.9656829834, 33.8963165283, 35.7829742432, 26.0862064362, 27.5525035858, 16.5858955383, 11.6386213303, 14.7646417618, 10.0148258209, 8.798412323, 7.97400903702, 6.55854415894, 4.9800786972, 2.98356842995, 2.62232637405, 1.66659998894, 1.27220904827, 0.624283254147, 0.161166921258, 0.0400042682886, 0.00860732980072, 0.00115734606516, 9.41317339311e-05, 2.08606234082e-05, 3.19822720485e-05], "min": [3.78206524664e-22, 2.23380003251e-21, 4.40832821204e-21, 4.67202394014e-21, 1.79117705998e-20, 2.00204252334e-20, 3.58331022443e-20, 1.09979737047e-19, 9.87848103456e-20, 1.83235873145e-19, 1.88865703168e-19, 6.92237107457e-19, 3.43046585879e-19, 1.10619173509e-18, 9.55333533507e-19, 1.19091271081e-18, 1.82025974158e-18, 2.83427708666e-18, 3.2318306356e-18, 5.25034571767e-18, 4.9733072141e-18, 5.76687327451e-18, 7.11452668183e-18, 6.1153123542e-18, 6.93767257173e-18, 8.96040917006e-18, 1.01119000038e-17, 1.12372122256e-17, 1.19474733401e-17, 1.45065393719e-17, 1.2182369473e-17, 1.26868040629e-17, 1.32685634964e-17, 8.95565122718e-18, 5.25050370917e-18, 4.18113329866e-18, 1.83659738586e-18, 1.17788006666e-18, 2.7144058463e-19, 2.89806928135e-20], "var": [0.00715631712228, 0.339096158743, 30.0432834625, 130.8956604, 102.252593994, 91.8156967163, 357.969268799, 1518.60681152, 690.51171875, 1016.34405518, 4305.55664062, 5304.99853516, 11784.3164062, 10089.8935547, 11592.2070312, 9945.78125, 6613.04248047, 10189.5166016, 5577.74951172, 3441.65966797, 1882.47290039, 969.277893066, 896.240539551, 277.29498291, 294.717163086, 230.489364624, 337.403930664, 181.134307861, 58.4719009399, 43.236492157, 22.546043396, 11.2338609695, 3.10664391518, 0.39582952857, 0.0664135962725, 0.00748391496018, 0.000294153142022, 5.23438529854e-06, 1.14658531558e-08, 5.50756884543e-10]}, "erbbands_crest": {"dmean": 2.58194446564, "dmean2": 4.1914601326, "dvar": 5.78316926956, "dvar2": 14.9951753616, "max": 28.6289024353, "mean": 9.18804359436, "median": 8.42800617218, "min": 2.457239151, "var": 15.3507890701}, "erbbands_flatness_db": {"dmean": 0.0159375015646, "dmean2": 0.0227491520345, "dvar": 0.000203325631446, "dvar2": 0.000398108095396, "max": 0.433657854795, "mean": 0.180389210582, "median": 0.174778342247, "min": 0.03210208565, "var": 0.00255824881606}, "erbbands_kurtosis": {"dmean": 0.761438071728, "dmean2": 1.21504366398, "dvar": 0.784533977509, "dvar2": 1.89685547352, "max": 16.5153560638, "mean": 0.700552105904, "median": 0.270409822464, "min": -1.67607748508, "var": 2.57831311226}, "erbbands_skewness": {"dmean": 0.309527426958, "dmean2": 0.488853484392, "dvar": 0.0735590830445, "dvar2": 0.180601343513, "max": 2.82106375694, "mean": 0.168283239007, "median": 0.160414725542, "min": -2.42387461662, "var": 0.324630349874}, "erbbands_spread": {"dmean": 5.61464643478, "dmean2": 8.4593963623, "dvar": 29.1798400879, "dvar2": 64.7668991089, "max": 103.402381897, "mean": 29.5097236633, "median": 27.6048164368, "min": 3.49924373627, "var": 196.920883179}, "gfcc": {"cov": [[23803.3554688, 953.710693359, -746.404602051, 1417.05554199, -1893.69396973, 72.3010253906, -745.50390625, -963.472961426, -807.177490234, 3.17279028893, 93.7496032715, -305.803649902, -203.144500732], [953.710693359, 630.176025391, -225.614395142, 7.65150499344, -0.587538897991, -48.8952026367, 28.1104164124, -97.7160949707, 27.4181518555, -125.031745911, 92.200088501, -103.759971619, 27.726146698], [-746.404602051, -225.614395142, 730.432739258, 233.014602661, -0.834268927574, 43.813331604, -18.3232688904, -15.6070098877, -76.7933044434, 102.039550781, -70.1263427734, 82.8976211548, -68.3120803833], [1417.05554199, 7.65150499344, 233.014602661, 461.265655518, -150.75062561, -9.34321308136, -109.986717224, -120.942840576, -59.4169998169, 12.3590698242, -0.875817120075, -35.102230072, -7.41134738922], [-1893.69396973, -0.587538897991, -0.834268927574, -150.75062561, 347.736175537, 32.4090843201, 92.2463226318, 136.306838989, 98.7025680542, -2.22611403465, -20.5416812897, 32.190322876, 16.0721130371], [72.3010253906, -48.8952026367, 43.813331604, -9.34321308136, 32.4090843201, 178.160385132, 84.9686508179, 19.2807998657, -13.2881975174, 24.4064273834, 2.00527334213, 5.46071052551, -7.52794218063], [-745.50390625, 28.1104164124, -18.3232688904, -109.986717224, 92.2463226318, 84.9686508179, 173.581787109, 84.053894043, 26.9921646118, -5.67061662674, 18.0207672119, -1.76759183407, -5.52404308319], [-963.472961426, -97.7160949707, -15.6070098877, -120.942840576, 136.306838989, 19.2807998657, 84.053894043, 202.16305542, 95.4868011475, 22.434677124, -30.7980861664, 29.0571517944, -1.78796935081], [-807.177490234, 27.4181518555, -76.7933044434, -59.4169998169, 98.7025680542, -13.2881975174, 26.9921646118, 95.4868011475, 141.771102905, 0.44380018115, 1.52686142921, -15.4861803055, 24.5795764923], [3.17279028893, -125.031745911, 102.039550781, 12.3590698242, -2.22611403465, 24.4064273834, -5.67061662674, 22.434677124, 0.44380018115, 94.241317749, -9.48468399048, 29.6049442291, -22.0111751556], [93.7496032715, 92.200088501, -70.1263427734, -0.875817120075, -20.5416812897, 2.00527334213, 18.0207672119, -30.7980861664, 1.52686142921, -9.48468399048, 83.4775238037, -1.85521900654, 7.97131252289], [-305.803649902, -103.759971619, 82.8976211548, -35.102230072, 32.190322876, 5.46071052551, -1.76759183407, 29.0571517944, -15.4861803055, 29.6049442291, -1.85521900654, 89.2252655029, 10.0709409714], [-203.144500732, 27.726146698, -68.3120803833, -7.41134738922, 16.0721130371, -7.52794218063, -5.52404308319, -1.78796935081, 24.5795764923, -22.0111751556, 7.97131252289, 10.0709409714, 76.6486663818]], "icov": [[0.000216715387069, -0.000665363273583, 0.000668613880407, -0.000622626044787, 0.000828701013234, -0.00063922413392, 0.000564225832932, -0.000403803773224, 0.000793542829342, -0.000767133955378, 0.000813816906884, -0.000681381090544, 0.000675559102092], [-0.000665363273583, 0.00531810428947, -0.00204298039898, 0.00187969428953, -0.00315243075602, 0.00274483556859, -0.00260970904492, 0.00283476267941, -0.00321002840064, 0.00504473783076, -0.00512558175251, 0.00443428894505, -0.00208902778104], [0.000668613880407, -0.00204298039898, 0.0051511102356, -0.00392647087574, 0.00204683816992, -0.00167062564287, 4.25146572525e-06, 7.12943219696e-05, 0.00226573715918, -0.00395096233115, 0.00531509146094, -0.00576442852616, 0.00447441823781], [-0.000622626044787, 0.00187969428953, -0.00392647087574, 0.00610110489652, -0.00152367958799, 0.000926249020267, 0.0011233772384, 0.000930478505325, -0.00190158258192, 0.00255771540105, -0.00411026040092, 0.00546282622963, -0.00367247313261], [0.000828701013234, -0.00315243075602, 0.00204683816992, -0.00152367958799, 0.00819812621921, -0.00303216208704, 0.0011349983979, -0.00258945650421, 0.000357280805474, -0.00206746743061, 0.00456552905962, -0.00466659571975, 0.00244817510247], [-0.00063922413392, 0.00274483556859, -0.00167062564287, 0.000926249020267, -0.00303216208704, 0.0106144277379, -0.0074132848531, 0.00285138213076, -0.00136549875606, -0.000105283113953, -0.00174346112181, 0.00234108348377, -0.00259451451711], [0.000564225832932, -0.00260970904492, 4.25146572525e-06, 0.0011233772384, 0.0011349983979, -0.0074132848531, 0.0159047991037, -0.00815116707236, 0.00541071547195, 7.0943292485e-06, -0.00382421654649, 0.00311806588434, 0.000796805717982], [-0.000403803773224, 0.00283476267941, 7.12943219696e-05, 0.000930478505325, -0.00258945650421, 0.00285138213076, -0.00815116707236, 0.0161350835115, -0.0106934532523, 0.00106279936153, 0.00436027068645, -0.00485406210646, 0.00258850469254], [0.000793542829342, -0.00321002840064, 0.00226573715918, -0.00190158258192, 0.000357280805474, -0.00136549875606, 0.00541071547195, -0.0106934532523, 0.0196736846119, -0.00601787073538, -0.00103127991315, 0.00547620933503, -0.00361811718903], [-0.000767133955378, 0.00504473783076, -0.00395096233115, 0.00255771540105, -0.00206746743061, -0.000105283113953, 7.0943292485e-06, 0.00106279936153, -0.00601787073538, 0.0208629406989, -0.00581270176917, 2.5472656489e-05, 0.00183872517664], [0.000813816906884, -0.00512558175251, 0.00531509146094, -0.00411026040092, 0.00456552905962, -0.00174346112181, -0.00382421654649, 0.00436027068645, -0.00103127991315, -0.00581270176917, 0.0234090480953, -0.0110599454492, 0.00472823902965], [-0.000681381090544, 0.00443428894505, -0.00576442852616, 0.00546282622963, -0.00466659571975, 0.00234108348377, 0.00311806588434, -0.00485406210646, 0.00547620933503, 2.5472656489e-05, -0.0110599454492, 0.0266474857926, -0.0107990391552], [0.000675559102092, -0.00208902778104, 0.00447441823781, -0.00367247313261, 0.00244817510247, -0.00259451451711, 0.000796805717982, 0.00258850469254, -0.00361811718903, 0.00183872517664, 0.00472823902965, -0.0107990391552, 0.0211904179305]], "mean": [-22.9663486481, 100.128913879, -150.895492554, 33.7613830566, -64.4608612061, 25.063249588, -34.7238235474, 2.19007015228, -20.4058952332, -7.16996955872, -13.8068618774, -11.8874254227, -9.6849489212]}, "hfc": {"dmean": 5.50775527954, "dmean2": 7.80388355255, "dvar": 40.2411766052, "dvar2": 80.4371643066, "max": 123.947021484, "mean": 24.6702613831, "median": 22.8806152344, "min": 1.12043665378e-16, "var": 276.330688477}, "melbands": {"dmean": [0.000204106909223, 0.000733610650059, 0.00072167289909, 0.000268021889497, 0.000244211783865, 0.00031521404162, 0.000169536302565, 0.000131373933982, 0.000159636052558, 0.000147870872752, 0.000163672419148, 0.000122992132674, 0.000121876626508, 7.99823392299e-05, 5.73875622649e-05, 7.54582870286e-05, 7.10445165168e-05, 3.60641024599e-05, 3.39606849593e-05, 3.37620404025e-05, 1.27005196191e-05, 9.54264487518e-06, 1.14961540021e-05, 8.14969462226e-06, 4.92027766086e-06, 5.59207592232e-06, 3.81234326596e-06, 3.46562433151e-06, 3.83546603189e-06, 4.00941507905e-06, 2.51729215961e-06, 1.57774718446e-06, 1.42289468386e-06, 1.41321822866e-06, 1.14619001579e-06, 1.0215991324e-06, 7.63451907915e-07, 5.35623939868e-07, 2.99500129586e-07, 1.67242220073e-07], "dmean2": [0.000295866280794, 0.0011817754712, 0.00118054251652, 0.000439120223746, 0.000401276687626, 0.000531748402864, 0.000285594316665, 0.000209267265745, 0.000253460835665, 0.000233540544286, 0.000259713386185, 0.000199050002266, 0.000195632499526, 0.000127181745484, 9.18679215829e-05, 0.000120601835079, 0.000116499373689, 5.81986751058e-05, 5.52993333258e-05, 5.19745153724e-05, 1.99023015739e-05, 1.47734617713e-05, 1.81154355232e-05, 1.33047979034e-05, 8.01791975391e-06, 9.02872307051e-06, 6.14564351054e-06, 5.4285128499e-06, 5.96361360294e-06, 6.06228741162e-06, 3.70698353436e-06, 2.36828873312e-06, 2.10161715586e-06, 2.0530258098e-06, 1.66599045315e-06, 1.50947960265e-06, 1.09817005978e-06, 7.55172607114e-07, 4.21069415779e-07, 2.36924691421e-07], "dvar": [2.48859350904e-07, 1.29059833398e-06, 1.52617531057e-06, 2.59591899976e-07, 2.55074098732e-07, 6.8659653607e-07, 1.1601882477e-07, 7.53198534653e-08, 1.72006579646e-07, 1.30456612624e-07, 1.60738849786e-07, 6.89585277769e-08, 5.24950500846e-08, 1.82721411335e-08, 1.01820489817e-08, 1.87804953811e-08, 1.91965767726e-08, 5.12565279109e-09, 5.23865262281e-09, 4.174545154e-09, 5.11986675278e-10, 3.27058768956e-10, 4.6129228215e-10, 2.15986131757e-10, 7.08696920593e-11, 1.47113293769e-10, 3.69889743834e-11, 3.50794740478e-11, 9.18783590875e-11, 5.37119862476e-11, 2.76215907785e-11, 7.54957468069e-12, 6.24320126846e-12, 5.66920121958e-12, 4.81865936042e-12, 3.39138938286e-12, 1.88845792302e-12, 8.75613709143e-13, 3.02987235995e-13, 1.13146871158e-13], "dvar2": [5.21036895407e-07, 3.43962392435e-06, 3.92716765418e-06, 6.4113407916e-07, 6.30906697552e-07, 1.79713129e-06, 3.06120739424e-07, 1.78258019901e-07, 4.15043871271e-07, 3.34256952783e-07, 4.07629386245e-07, 1.74568910438e-07, 1.39164626489e-07, 4.5819938066e-08, 2.55207499578e-08, 4.96558314467e-08, 5.04605885965e-08, 1.26205437212e-08, 1.35670070733e-08, 9.89420101405e-09, 1.24724197637e-09, 7.97566679367e-10, 1.11204179198e-09, 5.36314714861e-10, 1.69935690519e-10, 3.8806916014e-10, 9.08701378033e-11, 8.42741015861e-11, 2.36320185643e-10, 1.20924215086e-10, 6.20959811348e-11, 1.73055215991e-11, 1.36699419145e-11, 1.19822268427e-11, 1.06000963215e-11, 7.64354985555e-12, 3.99088444583e-12, 1.82208046394e-12, 6.7273373287e-13, 2.43115532046e-13], "max": [0.010925157927, 0.0223144050688, 0.0230548754334, 0.00839071813971, 0.00782855134457, 0.0108210612088, 0.00655055977404, 0.00680394750088, 0.0129941729829, 0.0121243782341, 0.00920410919935, 0.00684672687203, 0.00413505081087, 0.00245232973248, 0.00302259251475, 0.00382749503478, 0.00269889319316, 0.00193197256885, 0.00225285370834, 0.00255933403969, 0.000640586367808, 0.000542165304068, 0.000515197694767, 0.000534070422873, 0.000359784724424, 0.000415055576013, 0.000159886432812, 0.000153834756929, 0.000342784624081, 0.000195488843019, 9.07782232389e-05, 5.93345939706e-05, 4.46480444225e-05, 3.99840791943e-05, 3.54715302819e-05, 3.66185231542e-05, 2.81655939034e-05, 2.92497934424e-05, 1.1346995052e-05, 1.10404298539e-05], "mean": [0.000317426340189, 0.00157624087296, 0.0013085961109, 0.000402240693802, 0.000348058470991, 0.000365677638911, 0.000239465502091, 0.000220169706154, 0.000255623541307, 0.000250728335232, 0.000264421745669, 0.000224642993999, 0.000231563171837, 0.000169234859641, 0.000119239768537, 0.000154307985213, 0.000128222003696, 7.22352851881e-05, 6.45422551315e-05, 6.99186130078e-05, 2.74710546364e-05, 2.18823442992e-05, 2.61902569036e-05, 1.6957801563e-05, 1.07653886516e-05, 1.12974394142e-05, 8.53957681102e-06, 8.14027589513e-06, 7.96959466243e-06, 7.63721527619e-06, 4.87140505356e-06, 3.28972555508e-06, 2.83946633317e-06, 2.68358849098e-06, 1.91534445548e-06, 1.76521484718e-06, 1.45105332194e-06, 1.02147680536e-06, 5.44515671663e-07, 2.72601823781e-07], "median": [8.13835358713e-05, 0.000815783219878, 0.000685262202751, 0.000215341002331, 0.000161250194651, 0.000129190375446, 0.000115826667752, 0.000102271180367, 9.12008472369e-05, 0.000119001044368, 8.17498657852e-05, 8.89505972737e-05, 8.75373370945e-05, 7.47285812395e-05, 5.90727577219e-05, 6.4366569859e-05, 5.19980094396e-05, 3.43720203091e-05, 2.8896418371e-05, 3.23213935189e-05, 1.50139367179e-05, 1.08269432531e-05, 1.29099280457e-05, 1.08078183985e-05, 7.14204634278e-06, 6.12533358435e-06, 5.75473404751e-06, 4.74033913633e-06, 3.67494521925e-06, 4.04836055168e-06, 2.27777536566e-06, 1.72170007318e-06, 1.37396796163e-06, 1.38249129122e-06, 8.99233043583e-07, 9.09178538677e-07, 6.87135184307e-07, 4.9062157359e-07, 2.20336119128e-07, 9.4517993432e-08], "min": [4.68775662547e-24, 2.39574631168e-24, 1.01390546793e-24, 1.28642792005e-24, 9.15477715067e-25, 2.22968399139e-24, 1.2916483057e-24, 1.83501865544e-24, 1.31280910505e-24, 4.36939602995e-24, 1.52637130425e-24, 2.99504394138e-24, 3.80663567637e-24, 3.41459941661e-24, 2.8826379677e-24, 2.62732510788e-24, 4.55490179941e-24, 4.17708239088e-24, 5.48620968487e-24, 3.8167090357e-24, 4.62593477962e-24, 5.26310049378e-24, 5.07116826896e-24, 4.80705487687e-24, 4.38483758774e-24, 4.27103493583e-24, 4.84181918811e-24, 6.01243315676e-24, 5.23838863706e-24, 6.40127295214e-24, 5.96026657396e-24, 5.51894386256e-24, 6.08017264269e-24, 7.40894060107e-24, 6.89105341679e-24, 6.27120793267e-24, 8.19661979265e-24, 8.08982459217e-24, 6.9818710285e-24, 7.50387685557e-24], "var": [4.50225456916e-07, 4.34806361227e-06, 3.15198576573e-06, 3.65029592331e-07, 3.34540601443e-07, 6.71821453579e-07, 1.54640289907e-07, 1.39683308475e-07, 3.32407893211e-07, 2.08654228118e-07, 2.9631507914e-07, 1.58024363373e-07, 1.45384163375e-07, 6.0618518205e-08, 3.04229175185e-08, 5.38774749259e-08, 4.39262954899e-08, 1.47966563446e-08, 1.09054898445e-08, 1.2326789367e-08, 1.47358991676e-09, 1.01792319018e-09, 1.59533297683e-09, 4.62759303099e-10, 1.8341096697e-10, 3.23423676729e-10, 9.43723502123e-11, 1.33340449793e-10, 2.24513824199e-10, 1.1397786881e-10, 5.76919727269e-11, 2.0666484149e-11, 1.57878189688e-11, 1.29734244181e-11, 8.30563656046e-12, 5.83033014229e-12, 4.13856796055e-12, 2.06760346691e-12, 7.04224113919e-13, 2.2213585409e-13]}, "melbands_crest": {"dmean": 2.99304437637, "dmean2": 4.87172842026, "dvar": 6.96923971176, "dvar2": 17.6542797089, "max": 33.4915008545, "mean": 12.5365800858, "median": 11.5232229233, "min": 1.69403624535, "var": 25.2651634216}, "melbands_flatness_db": {"dmean": 0.0194236319512, "dmean2": 0.0299765039235, "dvar": 0.000307225156575, "dvar2": 0.000713478424586, "max": 0.37731641531, "mean": 0.163102835417, "median": 0.158355653286, "min": 0.00346728786826, "var": 0.00198167050257}, "melbands_kurtosis": {"dmean": 2.60505199432, "dmean2": 4.13793516159, "dvar": 18.1930866241, "dvar2": 44.4785385132, "max": 114.19152832, "mean": 4.49492835999, "median": 2.12032771111, "min": -1.68909728527, "var": 53.4370918274}, "melbands_skewness": {"dmean": 0.489903718233, "dmean2": 0.757178544998, "dvar": 0.223416462541, "dvar2": 0.526605784893, "max": 9.88303947449, "mean": 1.56594574451, "median": 1.38516509533, "min": -1.27419102192, "var": 1.43410086632}, "melbands_spread": {"dmean": 6.4495434761, "dmean2": 10.2487277985, "dvar": 41.1647567749, "dvar2": 99.7844619751, "max": 168.88734436, "mean": 30.1899147034, "median": 28.6781196594, "min": 3.30004644394, "var": 188.743804932}, "mfcc": {"cov": [[17300.6015625, 1550.64465332, 60.2621841431, 743.336730957, -571.053344727, 250.37322998, -218.388916016, -563.362487793, -859.128662109, -283.251159668, -381.522521973, -77.1107635498, -220.279190063], [1550.64465332, 731.838012695, -174.688186646, 17.5404720306, -54.4050331116, 9.86948108673, 4.32226085663, -12.9721269608, -115.929985046, -22.9348621368, -42.6390724182, -27.9161128998, -18.032207489], [60.2621841431, -174.688186646, 508.183959961, 195.63041687, 15.3723583221, 77.3568267822, 26.4120025635, -50.3337936401, -40.4557304382, -25.994140625, -3.29099702835, 10.2671699524, 10.9396476746], [743.336730957, 17.5404720306, 195.63041687, 337.537902832, 64.4787139893, 8.44378185272, -48.6503486633, -74.9253997803, -65.7296524048, -34.566242218, -53.4846611023, 2.03623056412, 13.14985466], [-571.053344727, -54.4050331116, 15.3723583221, 64.4787139893, 168.196899414, 11.4965858459, -20.9787845612, 18.1358299255, 58.153377533, 9.69468593597, 2.87896442413, 15.0254249573, 24.5443687439], [250.37322998, 9.86948108673, 77.3568267822, 8.44378185272, 11.4965858459, 137.596755981, 66.7402420044, -9.37505722046, -19.0602321625, 4.00086212158, -2.69197821617, -0.617502868176, -7.85307216644], [-218.388916016, 4.32226085663, 26.4120025635, -48.6503486633, -20.9787845612, 66.7402420044, 141.349746704, 54.4747085571, 6.12298440933, 11.4413347244, 32.2142791748, -3.59277057648, -5.15906667709], [-563.362487793, -12.9721269608, -50.3337936401, -74.9253997803, 18.1358299255, -9.37505722046, 54.4747085571, 125.824737549, 76.0691070557, 35.0495986938, 38.1826705933, 12.3270311356, 5.11078977585], [-859.128662109, -115.929985046, -40.4557304382, -65.7296524048, 58.153377533, -19.0602321625, 6.12298440933, 76.0691070557, 162.454559326, 60.404624939, 33.7529220581, 16.3162555695, 10.7908535004], [-283.251159668, -22.9348621368, -25.994140625, -34.566242218, 9.69468593597, 4.00086212158, 11.4413347244, 35.0495986938, 60.404624939, 99.1446380615, 45.8028640747, 5.13950681686, -8.14308929443], [-381.522521973, -42.6390724182, -3.29099702835, -53.4846611023, 2.87896442413, -2.69197821617, 32.2142791748, 38.1826705933, 33.7529220581, 45.8028640747, 88.0525970459, 25.5443935394, -0.937509655952], [-77.1107635498, -27.9161128998, 10.2671699524, 2.03623056412, 15.0254249573, -0.617502868176, -3.59277057648, 12.3270311356, 16.3162555695, 5.13950681686, 25.5443935394, 72.606590271, 14.5621261597], [-220.279190063, -18.032207489, 10.9396476746, 13.14985466, 24.5443687439, -7.85307216644, -5.15906667709, 5.11078977585, 10.7908535004, -8.14308929443, -0.937509655952, 14.5621261597, 70.1032180786]], "icov": [[0.000122994810226, -0.000160463125212, 9.44780113059e-05, -0.000299692503177, 0.000446319492767, -0.000378859462216, 0.000274702499155, 4.78277033835e-05, 0.000168302227394, 3.96163886762e-05, 8.71463416843e-05, -0.000140282849316, 0.00021369876049], [-0.000160463125212, 0.00211443006992, 0.000808531767689, -0.000114617607323, -0.000307115202304, 1.47902837853e-05, -0.000301760039292, -0.000974290538579, 0.0014852163149, -0.000535572937224, 0.000437903712736, 0.000348709174432, -0.000264401285676], [9.44780113059e-05, 0.000808531767689, 0.00361207453534, -0.00262766378, 0.00138867949136, -0.00226716673933, -1.67203252204e-05, 0.000173673863173, -1.11486506285e-05, 0.00101247359999, -0.00140080496203, 0.00010937704792, -0.00024212434073], [-0.000299692503177, -0.000114617607323, -0.00262766378, 0.00676289526746, -0.00427621370181, 0.00277419388294, -0.00077282829443, 0.00135956436861, 0.00181427097414, -0.00180769723374, 0.00304548605345, -0.000799909641501, -0.000460107665276], [0.000446319492767, -0.000307115202304, 0.00138867949136, -0.00427621370181, 0.0112120741978, -0.00489005167037, 0.00384577643126, -0.00148399278987, -0.00362237519585, 0.00217795837671, -0.00177544786129, -8.09295015642e-05, -0.00136963068508], [-0.000378859462216, 1.47902837853e-05, -0.00226716673933, 0.00277419388294, -0.00489005167037, 0.0144812082872, -0.00900025479496, 0.00395483523607, 0.00109600205906, -0.00357221113518, 0.00409976579249, -0.00174465263262, 0.000863973924424], [0.000274702499155, -0.000301760039292, -1.67203252204e-05, -0.00077282829443, 0.00384577643126, -0.00900025479496, 0.0159434229136, -0.00763146998361, 0.00124110328034, 0.00269315578043, -0.00502815423533, 0.00275337672792, -0.00020928226877], [4.78277033835e-05, -0.000974290538579, 0.000173673863173, 0.00135956436861, -0.00148399278987, 0.00395483523607, -0.00763146998361, 0.0168895777315, -0.00591178750619, -0.000665628758725, -0.00070139352465, -0.00165950052906, -4.47766215075e-05], [0.000168302227394, 0.0014852163149, -1.11486506285e-05, 0.00181427097414, -0.00362237519585, 0.00109600205906, 0.00124110328034, -0.00591178750619, 0.0150441573933, -0.00677672633901, 0.0029608453624, -0.00135896017309, -0.000295351783279], [3.96163886762e-05, -0.000535572937224, 0.00101247359999, -0.00180769723374, 0.00217795837671, -0.00357221113518, 0.00269315578043, -0.000665628758725, -0.00677672633901, 0.0181548912078, -0.00966783892363, 0.00280879810452, 0.00169105443638], [8.71463416843e-05, 0.000437903712736, -0.00140080496203, 0.00304548605345, -0.00177544786129, 0.00409976579249, -0.00502815423533, -0.00070139352465, 0.0029608453624, -0.00966783892363, 0.0220987219363, -0.00731668248773, 0.00103240180761], [-0.000140282849316, 0.000348709174432, 0.00010937704792, -0.000799909641501, -8.09295015642e-05, -0.00174465263262, 0.00275337672792, -0.00165950052906, -0.00135896017309, 0.00280879810452, -0.00731668248773, 0.0175200290978, -0.00326334871352], [0.00021369876049, -0.000264401285676, -0.00024212434073, -0.000460107665276, -0.00136963068508, 0.000863973924424, -0.00020928226877, -4.47766215075e-05, -0.000295351783279, 0.00169105443638, 0.00103240180761, -0.00326334871352, 0.0164900012314]], "mean": [-642.006591797, 111.065513611, -16.9168758392, 9.22088432312, -3.14203739166, 12.0572328568, -0.475117444992, 5.49937295914, -1.79312896729, 3.99767065048, -4.94069051743, 0.545732676983, -6.9472155571]}, "pitch_salience": {"dmean": 0.0636888593435, "dmean2": 0.103434957564, "dvar": 0.00313974544406, "dvar2": 0.00792497117072, "max": 0.887850344181, "mean": 0.534022212029, "median": 0.54042828083, "min": 0.113445945084, "var": 0.00950369238853}, "silence_rate_20dB": {"dmean": 0, "dmean2": 0, "dvar": 0, "dvar2": 0, "max": 1, "mean": 1, "median": 1, "min": 1, "var": 0}, "silence_rate_30dB": {"dmean": 0.000814415165223, "dmean2": 0.00162899610586, "dvar": 0.000813714810647, "dvar2": 0.00203348021023, "max": 1, "mean": 0.999389231205, "median": 1, "min": 0, "var": 0.000610410585068}, "silence_rate_60dB": {"dmean": 0.00162883033045, "dmean2": 0.00325799221173, "dvar": 0.00162636372261, "dvar2": 0.00345154688694, "max": 1, "mean": 0.103318400681, "median": 0, "min": 0, "var": 0.0926429182291}, "spectral_centroid": {"dmean": 211.89112854, "dmean2": 329.809631348, "dvar": 51014.1796875, "dvar2": 115300.851562, "max": 11410.8535156, "mean": 1517.88952637, "median": 1440.72265625, "min": 376.128601074, "var": 387508.28125}, "spectral_complexity": {"dmean": 3.18212366104, "dmean2": 4.73793506622, "dvar": 11.1429748535, "dvar2": 22.2436504364, "max": 56, "mean": 21.7617053986, "median": 22, "min": 0, "var": 106.476890564}, "spectral_contrast_coeffs": {"dmean": [0.0494661144912, 0.0481659471989, 0.0389767177403, 0.0310845524073, 0.0204190071672, 0.0167847219855], "dmean2": [0.0814627483487, 0.0805557146668, 0.063467592001, 0.0507111474872, 0.0326939970255, 0.0268244035542], "dvar": [0.00162025401369, 0.00155721593183, 0.00101444101892, 0.00064543413464, 0.000293415883789, 0.000242223832174], "dvar2": [0.00429344410077, 0.00419430062175, 0.00263979099691, 0.00160769280046, 0.00071754748933, 0.000600184081122], "max": [-0.320003330708, -0.411067575216, -0.449817240238, -0.499906718731, -0.570481479168, -0.625893950462], "mean": [-0.619672060013, -0.743425667286, -0.728371322155, -0.72836369276, -0.777736902237, -0.738013505936], "median": [-0.611509203911, -0.747008740902, -0.730254292488, -0.727215766907, -0.78049403429, -0.729659020901], "min": [-0.974132835865, -0.980419397354, -0.971807420254, -0.972613751888, -0.965434968472, -0.965114891529], "var": [0.00996493268758, 0.0052441181615, 0.00573688652366, 0.00453337328508, 0.0021208578255, 0.00240938505158]}, "spectral_contrast_valleys": {"dmean": [0.428136646748, 0.356911480427, 0.294184684753, 0.257384300232, 0.221652820706, 0.273552983999], "dmean2": [0.701375126839, 0.587944686413, 0.473001718521, 0.40227791667, 0.33141207695, 0.356804400682], "dvar": [0.135553658009, 0.105411574244, 0.0781303048134, 0.0667710751295, 0.0625236704946, 0.0869190469384], "dvar2": [0.329214453697, 0.242714762688, 0.174235954881, 0.132603541017, 0.113116838038, 0.162910759449], "max": [-5.44058227539, -4.60144996643, -5.08653306961, -5.60652208328, -5.75130748749, -8.31099224091], "mean": [-7.91711139679, -7.00028848648, -7.29057598114, -7.71241426468, -7.75314617157, -10.4575300217], "median": [-7.54778385162, -6.54777812958, -6.92764568329, -7.34908103943, -7.33659791946, -10.0739917755], "min": [-28.1288070679, -27.9390201569, -27.7590141296, -27.6266460419, -27.380689621, -27.4128551483], "var": [2.82314586639, 3.30886101723, 2.68791604042, 2.58107805252, 2.96188426018, 2.76709771156]}, "spectral_decrease": {"dmean": 1.77215875308e-09, "dmean2": 2.77351697164e-09, "dvar": 5.52981985456e-18, "dvar2": 1.29724518623e-17, "max": 1.54113251188e-28, "mean": -6.56678666999e-09, "median": -5.98526606055e-09, "min": -3.23941762304e-08, "var": 2.12197287739e-17}, "spectral_energy": {"dmean": 0.00705992523581, "dmean2": 0.0109830209985, "dvar": 8.59373758431e-05, "dvar2": 0.000199311121833, "max": 0.133025243878, "mean": 0.0270222350955, "median": 0.0249126665294, "min": 1.02195240468e-20, "var": 0.000345922773704}, "spectral_energyband_high": {"dmean": 0.000323411339195, "dmean2": 0.000422058015829, "dvar": 2.46966550321e-07, "dvar2": 4.43467854438e-07, "max": 0.0102244568989, "mean": 0.00084762822371, "median": 0.000468907761388, "min": 7.09855867096e-21, "var": 1.11391682367e-06}, "spectral_energyband_low": {"dmean": 0.00326967472211, "dmean2": 0.00522190798074, "dvar": 2.64658610831e-05, "dvar2": 6.95148046361e-05, "max": 0.0908069312572, "mean": 0.0074284565635, "median": 0.00431931111962, "min": 3.36651660894e-23, "var": 8.17042164272e-05}, "spectral_energyband_middle_high": {"dmean": 0.00259309750982, "dmean2": 0.00404552323744, "dvar": 1.03222328107e-05, "dvar2": 2.55010145338e-05, "max": 0.0642548799515, "mean": 0.00984421372414, "median": 0.00840482860804, "min": 1.22627435645e-21, "var": 6.08220580034e-05}, "spectral_energyband_middle_low": {"dmean": 0.00470564654097, "dmean2": 0.00742574594915, "dvar": 5.86132700846e-05, "dvar2": 0.000135725669679, "max": 0.0914584025741, "mean": 0.0107782073319, "median": 0.0080798510462, "min": 2.29627160629e-22, "var": 0.0001162310582}, "spectral_entropy": {"dmean": 0.123194225132, "dmean2": 0.179956540465, "dvar": 0.0126833235845, "dvar2": 0.0269431415945, "max": 9.82117557526, "mean": 7.61827373505, "median": 7.6333065033, "min": 6.28266811371, "var": 0.113310858607}, "spectral_flux": {"dmean": 0.0181692950428, "dmean2": 0.0288737583905, "dvar": 0.000430110376328, "dvar2": 0.000951826514211, "max": 0.299358963966, "mean": 0.078711412847, "median": 0.0772169604897, "min": 6.49741510594e-11, "var": 0.00179257977288}, "spectral_kurtosis": {"dmean": 1.48230683804, "dmean2": 2.52016925812, "dvar": 4.39276981354, "dvar2": 13.3233137131, "max": 59.0747184753, "mean": 4.23586368561, "median": 3.07299113274, "min": -1.25033211708, "var": 23.6820583344}, "spectral_rms": {"dmean": 0.00061641522916, "dmean2": 0.000940677477047, "dvar": 4.76906677704e-07, "dvar2": 1.03849527022e-06, "max": 0.0113921342418, "mean": 0.00469718035311, "median": 0.00493001425639, "min": 3.15757294443e-12, "var": 4.29971123594e-06}, "spectral_rolloff": {"dmean": 331.394714355, "dmean2": 557.628845215, "dvar": 262824.75, "dvar2": 591083.875, "max": 19573.6816406, "mean": 1718.94445801, "median": 1571.92382812, "min": 64.599609375, "var": 1399125.875}, "spectral_skewness": {"dmean": 0.183846011758, "dmean2": 0.30046325922, "dvar": 0.0330383256078, "dvar2": 0.0932606831193, "max": 5.25365209579, "mean": 1.42585921288, "median": 1.35102832317, "min": -0.057601287961, "var": 0.229147553444}, "spectral_spread": {"dmean": 394746.0625, "dmean2": 557029.3125, "dvar": 338900123648, "dvar2": 649853403136, "max": 42698748, "mean": 4081111.5, "median"