{"lowlevel": {"average_loudness": 0.793482065201, "barkbands": {"dmean": [0.00157341209706, 0.0082035055384, 0.00327160488814, 0.00138691056054, 0.00144122727215, 0.00109890988097, 0.000583080400247, 0.000731567502953, 0.000975635543, 0.000894552795216, 0.00056965398835, 0.000542963156477, 0.000499401998241, 0.000410405482398, 0.000394525850425, 0.000192757623154, 0.000132614208269, 0.000157533911988, 0.000187777113752, 0.000183872674825, 0.000111476249003, 7.66763769207e-05, 7.78364410507e-05, 1.28503779706e-05, 2.07065863833e-06, 0.000106437895738, 0.00056003651116], "dmean2": [0.00256020575762, 0.0124899642542, 0.00499157747254, 0.00224189320579, 0.00230302126147, 0.00175515084993, 0.000890418014023, 0.00115292007104, 0.00157351919916, 0.00142373784911, 0.000915446376894, 0.000889722607099, 0.000823341251817, 0.000686712330207, 0.000658301927615, 0.000317130121402, 0.000213498846279, 0.000245658331551, 0.000284657580778, 0.000260595086729, 0.000151730811922, 9.71155313891e-05, 9.51531255851e-05, 1.82243384188e-05, 3.39905386681e-06, 0.000131789594889, 0.00077614170732], "dvar": [1.13932283057e-05, 0.000272268109256, 5.13246632181e-05, 6.87460124027e-06, 9.34573381528e-06, 8.52215362102e-06, 3.0322821658e-06, 5.79984498472e-06, 6.87883721184e-06, 4.56058660347e-06, 2.51913070315e-06, 7.47878914353e-07, 7.1624492648e-07, 4.12364300928e-07, 3.48808242734e-07, 8.77093100371e-08, 8.04810156296e-08, 1.59418036105e-07, 2.58988649193e-07, 3.45847269045e-07, 7.38145473633e-08, 1.45496903414e-08, 1.62994417963e-08, 4.92881180314e-10, 1.57012475938e-11, 2.53032954589e-08, 7.71586542214e-07], "dvar2": [2.62894845946e-05, 0.000593604228925, 0.000110178385512, 1.73243752215e-05, 2.12143913814e-05, 2.09699919651e-05, 5.77198716201e-06, 1.43146453411e-05, 1.7214937543e-05, 1.11523650048e-05, 5.84741155762e-06, 1.83190365988e-06, 1.85383601092e-06, 1.10022426725e-06, 9.4045736887e-07, 2.3031965668e-07, 2.1132845518e-07, 3.72146502059e-07, 6.05571017331e-07, 6.91079208082e-07, 1.50131853616e-07, 2.56121115427e-08, 2.61565702431e-08, 1.03523978279e-09, 3.68319888477e-11, 4.29009752168e-08, 1.46445790961e-06], "max": [0.0445520579815, 0.228377103806, 0.111187912524, 0.0636898428202, 0.0994037985802, 0.067107103765, 0.0776361078024, 0.0577056631446, 0.0638675168157, 0.0716830641031, 0.0467726960778, 0.0217332784086, 0.0200924836099, 0.0134218847379, 0.0133377853781, 0.00589373661205, 0.00653381831944, 0.0123827112839, 0.01345442608, 0.0204452387989, 0.00801989529282, 0.00251122261398, 0.00144358735997, 0.000296430545859, 6.35861069895e-05, 0.0015750793973, 0.0217536706477], "mean": [0.00167643243913, 0.00953224021941, 0.00388036412187, 0.00179770332761, 0.00233000027947, 0.00160965474788, 0.00108819187153, 0.00110865174793, 0.00146205176134, 0.00131294084713, 0.000831499288324, 0.000937676988542, 0.000842532259412, 0.000740419258364, 0.000709087005816, 0.000364171894034, 0.000232954509556, 0.000276725011645, 0.000323246000335, 0.000326656270772, 0.000203440271434, 0.000132391651277, 0.000117975017929, 1.66692461789e-05, 2.11190058508e-06, 0.000168222148204, 0.00161473162007], "median": [0.000551225035451, 0.0028753564693, 0.00133633834776, 0.000790552119724, 0.000936029537115, 0.000457276968518, 0.000242518639425, 0.000212940620258, 0.000486820237711, 0.000456508685602, 0.000321404950228, 0.00053021957865, 0.000519832014106, 0.000453971035313, 0.000415043148678, 0.000223300303333, 8.08558252174e-05, 7.86963209976e-05, 0.000108249892946, 9.98658651952e-05, 7.46104706195e-05, 3.61061174772e-05, 1.9411847461e-05, 3.30847342411e-06, 7.29265593691e-07, 3.24562424794e-05, 0.00107098615263], "min": [4.50606618178e-25, 1.40639680183e-24, 7.57617871855e-25, 7.74863998268e-25, 7.20321198787e-24, 5.15730438563e-24, 8.75532106245e-24, 6.82661452489e-24, 2.44206597578e-23, 1.41100662886e-23, 2.26011757458e-23, 1.72442974397e-23, 2.7964705727e-23, 3.16318203082e-23, 3.33110937607e-23, 5.13577321608e-23, 4.36848734107e-23, 8.44888204847e-23, 1.45168645025e-22, 1.60708195116e-22, 2.46287726242e-22, 2.84540008055e-22, 4.04084999374e-22, 6.32140622862e-22, 8.7342628939e-22, 1.32602535091e-21, 1.90046199762e-21], "var": [1.26643490148e-05, 0.000354631018126, 6.70292793075e-05, 1.01880850707e-05, 2.57305873674e-05, 1.62479100254e-05, 1.80935858225e-05, 1.24955959109e-05, 1.22129495139e-05, 8.2139240476e-06, 3.88978151022e-06, 1.64691698501e-06, 1.29550528527e-06, 7.88808677044e-07, 7.17530781458e-07, 1.80308575182e-07, 1.74803844288e-07, 3.66104274008e-07, 5.66994117435e-07, 8.71907161581e-07, 1.74597815317e-07, 4.16059258157e-08, 4.00296720215e-08, 8.4721785143e-10, 1.72185564418e-11, 6.51993588008e-08, 3.55720226253e-06]}, "barkbands_crest": {"dmean": 2.92463803291, "dmean2": 4.73365736008, "dvar": 7.12419462204, "dvar2": 18.0498428345, "max": 23.7262935638, "mean": 8.96343803406, "median": 8.06758880615, "min": 2.51508235931, "var": 15.9975509644}, "barkbands_flatness_db": {"dmean": 0.0238687992096, "dmean2": 0.0359925366938, "dvar": 0.000419913616497, "dvar2": 0.000973300542682, "max": 0.283928960562, "mean": 0.1165676862, "median": 0.111747868359, "min": 0.0314704477787, "var": 0.00168080860749}, "barkbands_kurtosis": {"dmean": 2.96071529388, "dmean2": 4.58374929428, "dvar": 24.2943878174, "dvar2": 52.8429145813, "max": 107.977622986, "mean": 4.0754609108, "median": 2.028829813, "min": -1.81351137161, "var": 50.6070251465}, "barkbands_skewness": {"dmean": 0.56696754694, "dmean2": 0.857341229916, "dvar": 0.340081751347, "dvar2": 0.766641497612, "max": 9.1422328949, "mean": 1.56887698174, "median": 1.43998920918, "min": -2.2042298317, "var": 1.26677882671}, "barkbands_spread": {"dmean": 10.4724388123, "dmean2": 15.7971019745, "dvar": 97.0343933105, "dvar2": 216.813323975, "max": 121.438064575, "mean": 40.9722480774, "median": 38.2236480713, "min": 2.24717569351, "var": 411.425354004}, "dissonance": {"dmean": 0.0170277412981, "dmean2": 0.0287473835051, "dvar": 0.000412514375057, "dvar2": 0.00114338099957, "max": 0.500000059605, "mean": 0.473258674145, "median": 0.482538431883, "min": 0.148672774434, "var": 0.000792240956798}, "dynamic_complexity": 2.71438503265, "erbbands": {"dmean": [0.191499575973, 2.02458524704, 4.58392906189, 3.51574039459, 5.11951303482, 4.25582551956, 6.4689040184, 9.52596187592, 8.73390674591, 9.30457401276, 17.7989521027, 21.2798786163, 33.7173652649, 18.3803138733, 21.5309848785, 20.909860611, 22.8724575043, 18.4228649139, 22.1553153992, 13.0191831589, 9.98154640198, 6.90439987183, 8.31032562256, 8.07880973816, 10.5546159744, 8.44706344604, 5.5129275322, 3.58136081696, 2.80512499809, 2.34207701683, 2.34845304489, 0.720772504807, 0.0487549751997, 0.023487880826, 0.0149517934769, 0.0160137470812, 0.227106794715, 0.183675795794, 0.0669724345207, 0.00970769487321], "dmean2": [0.312017709017, 3.0786550045, 6.83249092102, 5.54933834076, 8.21780872345, 6.92577171326, 10.2530422211, 15.108171463, 13.0252923965, 15.2626600266, 28.1941814423, 34.1324386597, 53.0039215088, 29.1795654297, 34.6682319641, 34.2393684387, 37.553024292, 30.6934757233, 36.5448226929, 21.3813610077, 16.2038707733, 10.9064712524, 13.0020093918, 12.351266861, 15.6073942184, 12.0111846924, 7.79157733917, 4.74002027512, 3.60636973381, 2.91336870193, 2.92348003387, 0.910752296448, 0.0715111866593, 0.0383239947259, 0.0243354644626, 0.0222325753421, 0.282445788383, 0.219035610557, 0.0870305150747, 0.0139603381976], "dvar": [0.132764995098, 19.0389614105, 109.589904785, 37.5594749451, 106.773292542, 93.2041625977, 412.159545898, 792.442504883, 875.25012207, 873.682373047, 3840.29174805, 3599.41113281, 7159.37695312, 2243.49682617, 1854.80969238, 1196.23828125, 1619.46740723, 697.572937012, 1158.51696777, 394.904724121, 238.157455444, 224.61315918, 407.416046143, 419.471343994, 1038.25878906, 732.272277832, 233.436691284, 47.1973991394, 20.7809276581, 13.295088768, 16.0658874512, 1.45845806599, 0.00588308414444, 0.00200776522979, 0.000789412239101, 0.000492011837196, 0.120852299035, 0.0688401386142, 0.0276757217944, 0.000214687432162], "dvar2": [0.344952940941, 40.4671058655, 224.093933105, 91.0768508911, 261.226531982, 228.272766113, 902.841491699, 1955.35009766, 1492.796875, 2343.15625, 9536.13574219, 9109.69433594, 17358.2441406, 5264.97460938, 4400.73681641, 2873.00830078, 4181.06347656, 1863.64282227, 3139.3840332, 1025.39208984, 618.70904541, 578.296508789, 953.214050293, 1022.74615479, 2204.34912109, 1453.6451416, 476.830413818, 94.2363052368, 38.6531600952, 22.1233577728, 27.3302745819, 2.49454951286, 0.0125809563324, 0.00469754077494, 0.00184668111615, 0.000958348740824, 0.205665111542, 0.107795245945, 0.0507593378425, 0.000429434352554], "max": [4.02136993408, 61.6974220276, 136.822494507, 140.247650146, 361.586181641, 357.352874756, 622.46307373, 660.644836426, 1382.04370117, 900.622497559, 1923.00268555, 1826.6895752, 2233.76708984, 1065.0012207, 1123.3416748, 907.033752441, 925.885742188, 758.831115723, 817.851318359, 460.287628174, 308.744598389, 331.454101562, 504.551940918, 612.901733398, 1192.48510742, 877.604370117, 452.410858154, 202.237869263, 114.429161072, 43.7252540588, 45.6257171631, 15.7792158127, 1.26801931858, 0.740232646465, 0.444015055895, 0.311994343996, 3.84265780449, 4.13350915909, 4.562104702, 0.389450222254], "mean": [0.219401761889, 2.26064825058, 5.35665130615, 4.94023275375, 7.77559614182, 6.24881887436, 10.033905983, 14.2038507462, 17.319776535, 15.0014419556, 27.8929901123, 32.6422348022, 50.4476585388, 29.8045310974, 36.2224617004, 37.9907188416, 39.9052276611, 36.3818435669, 43.0652236938, 26.3436584473, 19.5251998901, 13.2904157639, 15.1092281342, 14.3928489685, 18.7056484222, 15.1006097794, 10.1735363007, 6.39350891113, 4.80464839935, 3.86100029945, 3.44429326057, 1.03235208988, 0.0644469708204, 0.0248032864183, 0.0160223264247, 0.0241640992463, 0.351580291986, 0.341892898083, 0.152412697673, 0.034050822258], "median": [0.0778311789036, 0.578033924103, 1.60198664665, 2.39472365379, 3.3932390213, 2.50240254402, 2.48365092278, 3.80213856697, 3.46166801453, 4.04557228088, 6.23229694366, 11.4161396027, 14.7181453705, 13.5588588715, 18.2109775543, 22.2216796875, 25.2241859436, 24.3677215576, 25.216217041, 16.9115447998, 11.7851324081, 5.09832334518, 4.3470659256, 4.91600608826, 5.83055686951, 4.61639690399, 3.75272297859, 2.13831520081, 1.36497664452, 0.914017260075, 0.500340282917, 0.146076917648, 0.0256541892886, 0.0094394357875, 0.00623944960535, 0.0104570034891, 0.062401227653, 0.101941242814, 0.0645219162107, 0.0241325050592], "min": [6.42255397389e-23, 1.17053667606e-22, 1.96347918547e-21, 5.18242547814e-21, 6.72026207732e-21, 1.73136398532e-20, 2.48665484782e-20, 6.17425445292e-20, 1.47263080775e-19, 2.52246478901e-19, 3.23475234092e-19, 4.13797023881e-19, 4.80342127348e-19, 7.55937097357e-19, 1.03319862951e-18, 8.65823492242e-19, 1.65160071661e-18, 2.07402407105e-18, 2.35177560432e-18, 2.28982598029e-18, 3.78065670022e-18, 3.52112299277e-18, 4.39333200915e-18, 5.94655716948e-18, 7.70462326875e-18, 8.07519356573e-18, 9.34281890315e-18, 1.00057743856e-17, 1.1162282897e-17, 1.14892127992e-17, 1.15094249575e-17, 1.2139941725e-17, 1.07337867961e-17, 8.74081505131e-18, 6.38629672287e-18, 4.34371564806e-18, 2.50754095149e-18, 9.50822814229e-19, 2.50762335936e-19, 2.54044081312e-20], "var": [0.131650015712, 25.1264362335, 149.477127075, 54.9292526245, 253.200149536, 210.354904175, 1040.91308594, 1593.2734375, 5726.60400391, 1741.13537598, 7467.39794922, 5998.57226562, 13815.03125, 3690.34912109, 3437.76367188, 2719.22241211, 2878.73950195, 1493.69714355, 2619.72827148, 853.466308594, 537.854553223, 526.808837891, 995.943115234, 876.294799805, 2629.46704102, 1853.86035156, 558.670837402, 125.240692139, 56.50050354, 35.6079673767, 36.6510696411, 3.24535250664, 0.00965959206223, 0.00223674764857, 0.000889051996637, 0.00105830095708, 0.298926979303, 0.224935203791, 0.0928165316582, 0.00114546949044]}, "erbbands_crest": {"dmean": 2.65401172638, "dmean2": 4.36674356461, "dvar": 6.58139801025, "dvar2": 16.9750213623, "max": 29.5596313477, "mean": 8.59594154358, "median": 7.54110431671, "min": 2.33304333687, "var": 17.9950866699}, "erbbands_flatness_db": {"dmean": 0.0233591794968, "dmean2": 0.0323284044862, "dvar": 0.000451280327979, "dvar2": 0.000818576372694, "max": 0.370734512806, "mean": 0.14628611505, "median": 0.140082418919, "min": 0.0448976159096, "var": 0.00254814815708}, "erbbands_kurtosis": {"dmean": 1.27946615219, "dmean2": 2.01508140564, "dvar": 3.3444378376, "dvar2": 7.85445547104, "max": 36.7660713196, "mean": 1.44686830044, "median": 0.715595126152, "min": -1.69199192524, "var": 7.56114959717}, "erbbands_skewness": {"dmean": 0.398491024971, "dmean2": 0.599529027939, "dvar": 0.13073797524, "dvar2": 0.294075876474, "max": 4.26819992065, "mean": -0.0612947531044, "median": -0.137334987521, "min": -3.52940678596, "var": 0.767158865929}, "erbbands_spread": {"dmean": 8.06582832336, "dmean2": 11.422785759, "dvar": 72.4664382935, "dvar2": 136.825408936, "max": 137.490234375, "mean": 29.6265773773, "median": 25.8482322693, "min": 1.84957361221, "var": 289.853302002}, "gfcc": {"cov": [[20159.765625, -204.025772095, -960.422058105, 727.062683105, -340.539398193, -394.126831055, 506.271881104, -340.485168457, 163.689346313, -106.207801819, -197.213592529, 331.911651611, -632.155700684], [-204.025772095, 1184.04333496, -149.858261108, -567.227844238, 115.923072815, 29.0465774536, -129.57989502, -28.038318634, -75.22631073, 5.2805814743, 67.4075241089, -240.650741577, 223.712356567], [-960.422058105, -149.858261108, 467.441772461, 215.383331299, -128.538497925, 119.46710968, -39.7913093567, 80.0280761719, 6.77072286606, 51.0834960938, 7.0294380188, 54.6787643433, -59.7018814087], [727.062683105, -567.227844238, 215.383331299, 577.257324219, 47.368598938, -36.3984603882, 144.450653076, -0.0597438439727, 55.1063270569, -9.66915798187, -37.3038444519, 169.135894775, -170.4662323], [-340.539398193, 115.923072815, -128.538497925, 47.368598938, 363.193572998, 79.9535827637, 20.5396327972, -60.0937461853, -14.2113275528, -50.9965286255, 0.594652950764, -13.711807251, 67.3830337524], [-394.126831055, 29.0465774536, 119.46710968, -36.3984603882, 79.9535827637, 332.081665039, -76.9501571655, 11.5319395065, -15.7703971863, -8.82820224762, -10.5997858047, 10.8476514816, 25.7581634521], [506.271881104, -129.57989502, -39.7913093567, 144.450653076, 20.5396327972, -76.9501571655, 214.979492188, 9.35979747772, 59.707485199, -11.5296134949, -20.7790622711, 48.4436225891, -87.1709136963], [-340.485168457, -28.038318634, 80.0280761719, -0.0597438439727, -60.0937461853, 11.5319395065, 9.35979747772, 172.891830444, 28.3153438568, 33.0905609131, 19.6775188446, -39.7041282654, 10.3672361374], [163.689346313, -75.22631073, 6.77072286606, 55.1063270569, -14.2113275528, -15.7703971863, 59.707485199, 28.3153438568, 126.303688049, 37.8465919495, -2.99672985077, 43.4018974304, -58.8042984009], [-106.207801819, 5.2805814743, 51.0834960938, -9.66915798187, -50.9965286255, -8.82820224762, -11.5296134949, 33.0905609131, 37.8465919495, 77.2198028564, 39.708152771, -2.86445903778, 2.08521294594], [-197.213592529, 67.4075241089, 7.0294380188, -37.3038444519, 0.594652950764, -10.5997858047, -20.7790622711, 19.6775188446, -2.99672985077, 39.708152771, 71.6140594482, 6.71154594421, 32.6673851013], [331.911651611, -240.650741577, 54.6787643433, 169.135894775, -13.711807251, 10.8476514816, 48.4436225891, -39.7041282654, 43.4018974304, -2.86445903778, 6.71154594421, 157.5284729, -54.8898048401], [-632.155700684, 223.712356567, -59.7018814087, -170.4662323, 67.3830337524, 25.7581634521, -87.1709136963, 10.3672361374, -58.8042984009, 2.08521294594, 32.6673851013, -54.8898048401, 166.418319702]], "icov": [[0.000151286076289, -0.000540647946764, 0.00113221944775, -0.00107690447476, 0.000779310474172, -0.000441150739789, 0.000185124372365, -0.00013592747564, 0.00032173038926, -0.000481198076159, 0.000410848704632, -0.000355297524948, 0.000384586892324], [-0.000540647946764, 0.00457563530654, -0.00572179630399, 0.00629688752815, -0.00377865764312, 0.00205541658215, -0.00162215647288, 0.00224638776854, -0.00265362579376, 0.00370775046758, -0.00415930058807, 0.00408679060638, -0.00240475125611], [0.00113221944775, -0.00572179630399, 0.0148249827325, -0.0131000773981, 0.00926369708031, -0.00631842575967, 0.00313329976052, -0.00273720757104, 0.00363305956125, -0.00627282867208, 0.00359484623186, -0.00297955190763, 0.00260498607531], [-0.00107690447476, 0.00629688752815, -0.0131000773981, 0.0181475896388, -0.0122163752094, 0.00721101276577, -0.00284478021786, -0.00101810519118, 0.00159230793361, -8.80527579739e-07, 0.00157257844694, -0.00350900832564, 0.00283413124271], [0.000779310474172, -0.00377865764312, 0.00926369708031, -0.0122163752094, 0.0131208226085, -0.00669454410672, -4.24990066676e-05, 0.00321992300451, -0.00374174909666, 0.00472613563761, -0.00468806829304, 0.00463416799903, -0.00458230637014], [-0.000441150739789, 0.00205541658215, -0.00631842575967, 0.00721101276577, -0.00669454410672, 0.00737539306283, 0.000904846936464, -0.00173536257353, 0.00128886243328, -0.000791397935245, 0.00317514617927, -0.00323019153439, 0.00160869408865], [0.000185124372365, -0.00162215647288, 0.00313329976052, -0.00284478021786, -4.24990066676e-05, 0.000904846936464, 0.00884262286127, -0.00294422986917, -0.000231100639212, -0.000843154964969, 0.00257562147453, -0.00302221206948, 0.00421281391755], [-0.00013592747564, 0.00224638776854, -0.00273720757104, -0.00101810519118, 0.00321992300451, -0.00173536257353, -0.00294422986917, 0.0124936001375, -0.00819230638444, 0.00700673134997, -0.00960791204125, 0.01075655967, -0.00646531768143], [0.00032173038926, -0.00265362579376, 0.00363305956125, 0.00159230793361, -0.00374174909666, 0.00128886243328, -0.000231100639212, -0.00819230638444, 0.0224902685732, -0.0198896992952, 0.0148851340637, -0.013761385344, 0.0101639432833], [-0.000481198076159, 0.00370775046758, -0.00627282867208, -8.80527579739e-07, 0.00472613563761, -0.000791397935245, -0.000843154964969, 0.00700673134997, -0.0198896992952, 0.0407807230949, -0.0274752937257, 0.0157092101872, -0.0086970096454], [0.000410848704632, -0.00415930058807, 0.00359484623186, 0.00157257844694, -0.00468806829304, 0.00317514617927, 0.00257562147453, -0.00960791204125, 0.0148851340637, -0.0274752937257, 0.0384856685996, -0.0183543153107, 0.00540232425556], [-0.000355297524948, 0.00408679060638, -0.00297955190763, -0.00350900832564, 0.00463416799903, -0.00323019153439, -0.00302221206948, 0.01075655967, -0.013761385344, 0.0157092101872, -0.0183543153107, 0.0242754425853, -0.0085860164836], [0.000384586892324, -0.00240475125611, 0.00260498607531, 0.00283413124271, -0.00458230637014, 0.00160869408865, 0.00421281391755, -0.00646531768143, 0.0101639432833, -0.0086970096454, 0.00540232425556, -0.0085860164836, 0.0185639820993]], "mean": [-0.66443669796, 80.0512390137, -94.6757354736, -6.87221956253, -4.11917257309, -14.5559949875, 12.6711597443, -27.5904064178, 0.689064800739, -8.70406246185, -10.803401947, -3.18549466133, -15.0608701706]}, "hfc": {"dmean": 33.2642288208, "dmean2": 47.6609840393, "dvar": 1235.76208496, "dvar2": 2525.77099609, "max": 613.458129883, "mean": 132.283554077, "median": 119.074264526, "min": 1.04288383914e-16, "var": 6977.08105469}, "melbands": {"dmean": [0.00197405111976, 0.00258068926632, 0.000645095482469, 0.000335081596859, 0.000210064143175, 0.000215275053051, 0.000126222759718, 0.000109600907308, 0.000147476850543, 0.000139328330988, 0.000170871178852, 7.72065250203e-05, 7.64194992371e-05, 6.92900648573e-05, 4.94857195008e-05, 4.86344433739e-05, 3.73181865143e-05, 3.84121012758e-05, 2.69744887191e-05, 1.43004053825e-05, 1.22114224723e-05, 7.59165050113e-06, 7.54476241127e-06, 8.24603193905e-06, 6.74285729474e-06, 7.75089938543e-06, 8.32376554172e-06, 5.2889959079e-06, 3.74122487301e-06, 2.96492225971e-06, 1.89972251974e-06, 1.6639412479e-06, 1.55169129812e-06, 1.23727159007e-06, 1.43702663991e-06, 1.09082009203e-06, 1.95000495751e-07, 2.47200677705e-08, 2.13096651436e-08, 1.88873716667e-08], "dmean2": [0.00307126855478, 0.00379384076223, 0.00100393220782, 0.000541864952538, 0.000332451832946, 0.000339225574862, 0.000190547172679, 0.000178898655577, 0.000234561113757, 0.000223704846576, 0.000268825649982, 0.000123039368191, 0.000122741330415, 0.000113467714982, 8.21221328806e-05, 8.05935051176e-05, 6.27128829365e-05, 6.34446187178e-05, 4.49516082881e-05, 2.36072683037e-05, 2.0007346393e-05, 1.22240016935e-05, 1.18454281619e-05, 1.29516993184e-05, 1.05664148577e-05, 1.17559447972e-05, 1.229550071e-05, 7.74774980528e-06, 5.48092975805e-06, 4.21801360062e-06, 2.56667522081e-06, 2.24252926273e-06, 2.03934632736e-06, 1.59081048423e-06, 1.84670830095e-06, 1.38519055781e-06, 2.71277116326e-07, 4.07005487091e-08, 3.51345690319e-08, 3.10786276714e-08], "dvar": [1.36265098263e-05, 3.27606394421e-05, 1.19510184504e-06, 3.85484014487e-07, 4.38387615986e-07, 3.64404030506e-07, 1.5698965683e-07, 1.13751369213e-07, 2.42988704713e-07, 1.51760616518e-07, 1.8090659637e-07, 3.73928585873e-08, 3.47031310355e-08, 1.37431355185e-08, 7.02072000536e-09, 6.48392139979e-09, 3.09287817579e-09, 3.76465214558e-09, 1.71202552135e-09, 5.17393350385e-10, 3.7963085453e-10, 2.64190030963e-10, 3.35684841035e-10, 4.77560213596e-10, 2.95850621779e-10, 4.73676320389e-10, 7.51863793447e-10, 2.84768403302e-10, 1.05460813693e-10, 6.94573079607e-11, 1.0587691314e-11, 8.070129634e-12, 6.31081732011e-12, 3.96921644857e-12, 6.31587620745e-12, 3.57565452941e-12, 1.12876579557e-13, 2.33491535229e-15, 1.71530979846e-15, 1.32549210713e-15], "dvar2": [3.19625250995e-05, 6.56807678752e-05, 2.86674230665e-06, 9.56436110755e-07, 9.36230890147e-07, 8.89254351932e-07, 2.80715795498e-07, 2.96342960837e-07, 6.15257533809e-07, 3.80449080239e-07, 4.38626869936e-07, 8.8420918587e-08, 8.08001132668e-08, 3.33008856046e-08, 1.85211437298e-08, 1.65374860472e-08, 8.32610780321e-09, 1.0141743445e-08, 4.5787555969e-09, 1.34370881089e-09, 9.95056592679e-10, 6.95048851806e-10, 8.24652957032e-10, 1.14862808154e-09, 7.55945361863e-10, 1.0792122751e-09, 1.57197899142e-09, 5.82383141712e-10, 2.23682641853e-10, 1.53413060033e-10, 2.17352021797e-11, 1.66273817631e-11, 1.16029442998e-11, 7.07836870714e-12, 1.15585180316e-11, 6.07184441614e-12, 2.29109428911e-13, 5.48178251178e-15, 4.02605686555e-15, 3.10989628892e-15], "max": [0.0446402281523, 0.0730120241642, 0.0235639568418, 0.017735498026, 0.0227049663663, 0.0147170424461, 0.017817074433, 0.008958555758, 0.0179302431643, 0.010992795229, 0.0117507716641, 0.00465508690104, 0.00487180287018, 0.00317894271575, 0.0022296293173, 0.00155247270595, 0.00160075188614, 0.00161767972168, 0.000931380083784, 0.000432915287092, 0.000376622600015, 0.000439843337517, 0.000552411656827, 0.000543947913684, 0.000567343551666, 0.000706479127984, 0.00102463911753, 0.000546605908312, 0.000316254532663, 0.000279573199805, 7.72880812292e-05, 7.64839060139e-05, 5.82443535677e-05, 2.79659598164e-05, 3.12343327096e-05, 2.92835375149e-05, 4.38059487351e-06, 8.19726210466e-07, 6.92413493653e-07, 5.95167932715e-07], "mean": [0.00237975805067, 0.00303202075884, 0.000982284545898, 0.000512555008754, 0.000335332471877, 0.000331368326442, 0.000243943999521, 0.000174240441993, 0.000225754396524, 0.000210567988688, 0.000250227923971, 0.000118325493531, 0.000118196512631, 0.000115993047075, 8.44508322189e-05, 8.1796075392e-05, 6.64829130983e-05, 7.10303065716e-05, 4.82127361465e-05, 2.67355899268e-05, 2.17714623432e-05, 1.33932053359e-05, 1.29199434014e-05, 1.36356138682e-05, 1.10365990622e-05, 1.29814407046e-05, 1.37525257742e-05, 9.04287298908e-06, 6.63027458359e-06, 4.90028423883e-06, 3.23974563798e-06, 2.69886004389e-06, 2.53320035881e-06, 1.94557765099e-06, 2.05956121135e-06, 1.54554822984e-06, 2.58052097024e-07, 2.45156002165e-08, 2.12367456953e-08, 1.90543545386e-08], "median": [0.000812124926597, 0.000894668395631, 0.000498192501254, 0.00023111369228, 8.73114477145e-05, 8.94140684977e-05, 5.26671574335e-05, 4.38185306848e-05, 5.70645279367e-05, 6.96358692949e-05, 7.04440535628e-05, 5.05970892846e-05, 5.21257752553e-05, 6.20364589849e-05, 5.19004461239e-05, 5.03591400047e-05, 4.13291127188e-05, 4.05650353059e-05, 2.83664794551e-05, 1.61765347002e-05, 1.22561086755e-05, 4.81800543639e-06, 3.60746389561e-06, 3.77530295737e-06, 3.64830111721e-06, 4.13641100749e-06, 3.72457407138e-06, 2.75301499642e-06, 2.40137114815e-06, 1.69022860064e-06, 9.86691588878e-07, 7.41850271879e-07, 6.30519480183e-07, 4.34820009332e-07, 3.05043101889e-07, 1.73008444904e-07, 4.73658019473e-08, 7.74340858101e-09, 6.85315271198e-09, 6.35835428753e-09], "min": [9.95019447609e-25, 1.02522769268e-24, 1.05546581586e-24, 5.05725217094e-25, 8.3071214561e-25, 1.38997607044e-24, 2.47541475501e-24, 2.74316459865e-24, 2.3144295435e-24, 3.02309465188e-24, 1.69787262327e-24, 2.5225091594e-24, 3.40136548606e-24, 2.24519220792e-24, 2.48294975716e-24, 2.35937824623e-24, 3.19756622942e-24, 3.07451004188e-24, 2.93314932311e-24, 3.05815103886e-24, 3.26434291062e-24, 2.44031991106e-24, 4.1419599368e-24, 3.95503697872e-24, 4.38014504864e-24, 4.60040447971e-24, 5.25605675476e-24, 5.00096004282e-24, 4.20420263994e-24, 5.75912321478e-24, 5.12785975791e-24, 5.33309059987e-24, 5.32199684896e-24, 5.32680890048e-24, 6.51948020891e-24, 5.57070852073e-24, 5.47591544448e-24, 6.76029814403e-24, 6.22747663952e-24, 6.59656966872e-24], "var": [1.64499397215e-05, 4.63933210995e-05, 2.11078622669e-06, 8.40521011014e-07, 1.24120197142e-06, 7.96069969056e-07, 9.68028189163e-07, 2.3927731263e-07, 4.24589615022e-07, 2.63114714016e-07, 3.47327272721e-07, 6.07510983741e-08, 5.7796547992e-08, 2.87986114955e-08, 1.26002070999e-08, 1.18150715878e-08, 5.87177462208e-09, 7.92064813737e-09, 3.3868163829e-09, 1.00058872299e-09, 7.69131591749e-10, 5.58845025811e-10, 7.36201544171e-10, 9.61981605485e-10, 5.2572579623e-10, 1.06029962588e-09, 1.7823728049e-09, 6.80428768884e-10, 2.41761166642e-10, 1.27875640632e-10, 2.84064560069e-11, 1.90921480014e-11, 1.60666896454e-11, 9.48899032266e-12, 1.33886755849e-11, 7.86259425622e-12, 2.02487684823e-13, 2.52987967862e-15, 1.85617931853e-15, 1.44305848026e-15]}, "melbands_crest": {"dmean": 4.07408905029, "dmean2": 6.52568006516, "dvar": 11.7245101929, "dvar2": 29.2625961304, "max": 35.0302276611, "mean": 14.3302631378, "median": 13.7160387039, "min": 1.19792950153, "var": 31.5834770203}, "melbands_flatness_db": {"dmean": 0.0327825993299, "dmean2": 0.0490468367934, "dvar": 0.000744608172681, "dvar2": 0.0017373295268, "max": 0.442691624165, "mean": 0.220965608954, "median": 0.221576407552, "min": 0.00011276078294, "var": 0.00366026815027}, "melbands_kurtosis": {"dmean": 7.15747261047, "dmean2": 11.0993356705, "dvar": 181.97744751, "dvar2": 422.545837402, "max": 328.375244141, "mean": 9.36550807953, "median": 3.56938290596, "min": -1.90163767338, "var": 308.339538574}, "melbands_skewness": {"dmean": 0.907917737961, "dmean2": 1.33905851841, "dvar": 0.910836160183, "dvar2": 1.93705618382, "max": 15.7178173065, "mean": 2.15879559517, "median": 1.75501298904, "min": -2.73436236382, "var": 3.25310897827}, "melbands_spread": {"dmean": 8.14995956421, "dmean2": 12.5259304047, "dvar": 89.420173645, "dvar2": 197.209503174, "max": 167.144454956, "mean": 27.1160678864, "median": 23.0062046051, "min": 1.26444137096, "var": 408.117340088}, "mfcc": {"cov": [[7548.45703125, -154.678039551, -268.880859375, 1012.24389648, -524.363037109, 383.054412842, -289.133453369, 504.731567383, -248.846252441, 231.053817749, -43.6398963928, 88.1632995605, 41.7760810852], [-154.678039551, 1508.1184082, -180.233795166, -496.50567627, 143.873794556, -144.363800049, 145.457733154, -291.629547119, 97.3118209839, -46.5077629089, 11.2668848038, -81.6434326172, -11.6901693344], [-268.880859375, -180.233795166, 553.894348145, -13.4254798889, -33.3877487183, -14.0842905045, -34.672958374, 25.2262210846, -41.8563499451, 59.9652442932, 23.2956123352, 40.8412780762, -3.09946084023], [1012.24389648, -496.50567627, -13.4254798889, 695.100708008, -167.8540802, 109.941299438, -84.6083221436, 204.712722778, -76.4473571777, 56.7978057861, 13.2727031708, 61.4668540955, 18.7783412933], [-524.363037109, 143.873794556, -33.3877487183, -167.8540802, 354.634887695, 57.5087089539, 111.963783264, -64.2912139893, 69.0859603882, -81.0885391235, -14.0342292786, -30.7943019867, 6.93123197556], [383.054412842, -144.363800049, -14.0842905045, 109.941299438, 57.5087089539, 338.909393311, -36.3976669312, 150.677124023, -55.2923927307, 19.095998764, -61.1353492737, 14.7559099197, 13.406496048], [-289.133453369, 145.457733154, -34.672958374, -84.6083221436, 111.963783264, -36.3976669312, 175.124191284, -47.6560516357, 57.5649719238, -45.795124054, 3.42510914803, -28.4820804596, -2.28771209717], [504.731567383, -291.629547119, 25.2262210846, 204.712722778, -64.2912139893, 150.677124023, -47.6560516357, 234.040985107, -26.6728210449, 60.2597732544, -6.66328001022, 32.6619300842, 8.76191043854], [-248.846252441, 97.3118209839, -41.8563499451, -76.4473571777, 69.0859603882, -55.2923927307, 57.5649719238, -26.6728210449, 111.182945251, 1.51457285881, 23.2486438751, -11.4676618576, -6.59892559052], [231.053817749, -46.5077629089, 59.9652442932, 56.7978057861, -81.0885391235, 19.095998764, -45.795124054, 60.2597732544, 1.51457285881, 120.314567566, 40.2454109192, 27.1167488098, -3.04614138603], [-43.6398963928, 11.2668848038, 23.2956123352, 13.2727031708, -14.0342292786, -61.1353492737, 3.42510914803, -6.66328001022, 23.2486438751, 40.2454109192, 92.7326278687, 32.3501663208, 5.33788871765], [88.1632995605, -81.6434326172, 40.8412780762, 61.4668540955, -30.7943019867, 14.7559099197, -28.4820804596, 32.6619300842, -11.4676618576, 27.1167488098, 32.3501663208, 66.334602356, 23.6397323608], [41.7760810852, -11.6901693344, -3.09946084023, 18.7783412933, 6.93123197556, 13.406496048, -2.28771209717, 8.76191043854, -6.59892559052, -3.04614138603, 5.33788871765, 23.6397323608, 53.9317588806]], "icov": [[0.000213003746467, -0.000146549544297, 0.000109788306872, -0.00024395006767, 9.82557976386e-05, -1.40028259921e-05, 8.86490233825e-05, -0.000300521991448, 0.000268045783741, -0.000203616393264, 0.000123466947116, 2.13290059037e-05, -6.23461601208e-05], [-0.000146549544297, 0.00119990063831, 0.000239371875068, 0.000654673436657, 7.75467051426e-05, -0.000271569937468, -0.000560720451176, 0.00131253118161, -0.000310579751385, -0.000477690744447, -0.000298997882055, 0.000514495070092, -0.000280971842585], [0.000109788306872, 0.000239371875068, 0.00230484874919, 0.000292518001515, -0.0004175825743, 0.000581087078899, -0.000247496762313, -0.000202135372092, 0.00154629081953, -0.00162633159198, 0.000483248615637, -0.00138321658596, 0.000584824825637], [-0.00024395006767, 0.000654673436657, 0.000292518001515, 0.0027463270817, 0.000559164909646, -8.59202700667e-05, -0.000359650293831, -0.000916408142075, 0.000528012809809, 0.000389955472201, -0.00073674559826, -0.000708538165782, -5.53088866582e-05], [9.82557976386e-05, 7.75467051426e-05, -0.0004175825743, 0.000559164909646, 0.00583917833865, -0.00309065496549, -0.00157911540009, 0.00130110199098, -0.00324018974788, 0.00335371145047, -0.00193208316341, 0.00117570231669, -0.00106966949534], [-1.40028259921e-05, -0.000271569937468, 0.000581087078899, -8.59202700667e-05, -0.00309065496549, 0.00687782652676, 0.00040312166675, -0.00406776508316, 0.00339289405383, -0.00240904535167, 0.00456594582647, -0.00208064424805, 0.000119918659038], [8.86490233825e-05, -0.000560720451176, -0.000247496762313, -0.000359650293831, -0.00157911540009, 0.00040312166675, 0.00898941978812, -0.000724710291252, -0.00284530618228, 0.00247196503915, -0.0013039825717, 0.00242617633194, -0.000620332721155], [-0.000300521991448, 0.00131253118161, -0.000202135372092, -0.000916408142075, 0.00130110199098, -0.00406776508316, -0.000724710291252, 0.0105864712968, -0.00245959777385, -0.00231962534599, -4.94323467137e-05, -0.000353032228304, -0.000354264397174], [0.000268045783741, -0.000310579751385, 0.00154629081953, 0.000528012809809, -0.00324018974788, 0.00339289405383, -0.00284530618228, -0.00245959777385, 0.0156833380461, -0.0040905685164, -0.000809141027275, -0.000138377436087, 0.00131063954905], [-0.000203616393264, -0.000477690744447, -0.00162633159198, 0.000389955472201, 0.00335371145047, -0.00240904535167, 0.00247196503915, -0.00231962534599, -0.0040905685164, 0.016358461231, -0.00726390816271, 0.000226274467423, 0.00151768152136], [0.000123466947116, -0.000298997882055, 0.000483248615637, -0.00073674559826, -0.00193208316341, 0.00456594582647, -0.0013039825717, -4.94323467137e-05, -0.000809141027275, -0.00726390816271, 0.0204505864531, -0.0101297721267, 0.00109663640615], [2.13290059037e-05, 0.000514495070092, -0.00138321658596, -0.000708538165782, 0.00117570231669, -0.00208064424805, 0.00242617633194, -0.000353032228304, -0.000138377436087, 0.000226274467423, -0.0101297721267, 0.0279679466039, -0.0104720648378], [-6.23461601208e-05, -0.000280971842585, 0.000584824825637, -5.53088866582e-05, -0.00106966949534, 0.000119918659038, -0.000620332721155, -0.000354264397174, 0.00131063954905, 0.00151768152136, 0.00109663640615, -0.0104720648378, 0.0234488472342]], "mean": [-662.283874512, 152.088394165, -30.0217018127, 30.4956474304, -9.18288898468, 32.1659660339, 0.536916851997, 10.9300193787, -2.90457224846, 12.6818609238, -2.23716211319, -1.99044704437, 0.632936894894]}, "pitch_salience": {"dmean": 0.0772210881114, "dmean2": 0.122907616198, "dvar": 0.00480242772028, "dvar2": 0.0118771372363, "max": 0.99106913805, "mean": 0.585621535778, "median": 0.5997569561, "min": 0.127688482404, "var": 0.0117771076038}, "silence_rate_20dB": {"dmean": 0, "dmean2": 0, "dvar": 0, "dvar2": 0, "max": 1, "mean": 1, "median": 1, "min": 1, "var": 0}, "silence_rate_30dB": {"dmean": 0.0473678037524, "dmean2": 0.0947467163205, "dvar": 0.0451285615563, "dvar2": 0.0988987982273, "max": 1, "mean": 0.951582670212, "median": 1, "min": 0, "var": 0.0460765995085}, "silence_rate_60dB": {"dmean": 0.00891077518463, "dmean2": 0.0178236402571, "dvar": 0.00883065257221, "dvar2": 0.0198534224182, "max": 1, "mean": 0.0329425558448, "median": 0, "min": 0, "var": 0.0318557210267}, "spectral_centroid": {"dmean": 264.186859131, "dmean2": 375.568878174, "dvar": 85687.7578125, "dvar2": 149653.234375, "max": 11860.1875, "mean": 1470.73571777, "median": 1264.89831543, "min": 219.727935791, "var": 1309597.875}, "spectral_complexity": {"dmean": 4.16602182388, "dmean2": 5.81918382645, "dvar": 18.6384162903, "dvar2": 30.2101631165, "max": 59, "mean": 22.8967170715, "median": 22, "min": 0, "var": 128.601989746}, "spectral_contrast_coeffs": {"dmean": [0.0544577054679, 0.04993147403, 0.0407966598868, 0.0283597968519, 0.0207288898528, 0.0544897466898], "dmean2": [0.0892448350787, 0.0825652554631, 0.066848821938, 0.0475510545075, 0.0336129292846, 0.0784194618464], "dvar": [0.00186650746036, 0.00162925419863, 0.00108707940672, 0.000507318123709, 0.000288013834506, 0.00215108995326], "dvar2": [0.00496963225305, 0.00437831645831, 0.00292048812844, 0.00140984752215, 0.0007370422245, 0.0043314951472], "max": [-0.353292524815, -0.384127140045, -0.528042912483, -0.574624061584, -0.653577029705, -0.41950905323], "mean": [-0.678683698177, -0.771591842175, -0.786386847496, -0.807145476341, -0.815352201462, -0.688903450966], "median": [-0.683312892914, -0.784969508648, -0.794680118561, -0.809216558933, -0.81667137146, -0.68599653244], "min": [-0.977616548538, -0.982974112034, -0.978631258011, -0.97450119257, -0.971984982491, -0.964329600334], "var": [0.00630869111046, 0.00592930940911, 0.00388016295619, 0.00155183358584, 0.00114899605978, 0.0102250762284]}, "spectral_contrast_valleys": {"dmean": [0.445539951324, 0.365119487047, 0.30580458045, 0.258851200342, 0.318225562572, 0.647938013077], "dmean2": [0.699087381363, 0.589549422264, 0.480800539255, 0.401594042778, 0.401349395514, 1.02362036705], "dvar": [0.152687072754, 0.106344424188, 0.0882551893592, 0.0801726430655, 0.128556743264, 0.316941738129], "dvar2": [0.324734181166, 0.229771882296, 0.168641254306, 0.137056216598, 0.183310687542, 0.760102033615], "max": [-5.00702524185, -4.89872694016, -5.27365922928, -5.54832696915, -5.23783969879, -8.9460439682], "mean": [-7.23045158386, -6.93880033493, -7.00622940063, -7.22093963623, -7.68970918655, -11.493932724], "median": [-6.94941806793, -6.66154098511, -6.68239498138, -6.90333175659, -7.38747262955, -11.2883548737], "min": [-28.0543727875, -27.8640480042, -28.044626236, -27.6617355347, -27.4879875183, -27.3873882294], "var": [4.89364099503, 4.81821298599, 4.6891450882, 4.63195896149, 4.89685583115, 3.3973929882]}, "spectral_decrease": {"dmean": 3.7585103918e-09, "dmean2": 5.45716138944e-09, "dvar": 3.58898149878e-17, "dvar2": 7.05338231813e-17, "max": 1.26416488389e-09, "mean": -6.72913236244e-09, "median": -4.1100811643e-09, "min": -7.65062608821e-08, "var": 6.56532855137e-17}, "spectral_energy": {"dmean": 0.0155745809898, "dmean2": 0.0220714118332, "dvar": 0.000566548842471, "dvar2": 0.00108381034806, "max": 0.307927727699, "mean": 0.0373957827687, "median": 0.0281273070723, "min": 9.71371521915e-21, "var": 0.00119577359874}, "spectral_energyband_high": {"dmean": 0.000780669040978, "dmean2": 0.000927220738959, "dvar": 1.73729392827e-06, "dvar2": 2.81145253211e-06, "max": 0.0327124968171, "mean": 0.00182930007577, "median": 0.000869115698151, "min": 7.11608859916e-21, "var": 7.25154677639e-06}, "spectral_energyband_low": {"dmean": 0.0115852700546, "dmean2": 0.0169852338731, "dvar": 0.000491850136314, "dvar2": 0.00100304174703, "max": 0.282861918211, "mean": 0.0153630962595, "median": 0.00612824084237, "min": 1.14775853831e-23, "var": 0.000720817653928}, "spectral_energyband_middle_high": {"dmean": 0.00214411295019, "dmean2": 0.00324529991485, "dvar": 9.45524516283e-06, "dvar2": 2.14562314795e-05, "max": 0.0833776965737, "mean": 0.00642048427835, "median": 0.00500617735088, "min": 1.20513985141e-21, "var": 3.33616262651e-05}, "spectral_energyband_middle_low": {"dmean": 0.00446897372603, "dmean2": 0.00686839129776, "dvar": 4.4416385208e-05, "dvar2": 0.000104035658296, "max": 0.104474939406, "mean": 0.0100242663175, "median": 0.00549149792641, "min": 1.68276514019e-22, "var": 0.000145438229083}, "spectral_entropy": {"dmean": 0.167344525456, "dmean2": 0.223719879985, "dvar": 0.0273914299905, "dvar2": 0.0456307008862, "max": 9.82112026215, "mean": 7.63278484344, "median": 7.69485616684, "min": 5.66236495972, "var": 0.189646169543}, "spectral_flux": {"dmean": 0.0286750793457, "dmean2": 0.0453892871737, "dvar": 0.00123395374976, "dvar2": 0.00284530851059, "max": 0.409832298756, "mean": 0.108985222876, "median": 0.0993988960981, "min": 6.40184988354e-11, "var": 0.0028143892996}, "spectral_kurtosis": {"dmean": 5.28744649887, "dmean2": 7.30685472488, "dvar": 44.1344223022, "dvar2": 90.4739532471, "max": 96.0673675537, "mean": 20.0831413269, "median": 16.8721427917, "min": -1.29163360596, "var": 165.742645264}, "spectral_rms": {"dmean": 0.00111620919779, "dmean2": 0.0015345326392, "dvar": 1.72224645212e-06, "dvar2": 2.99294015349e-06, "max": 0.0173325501382, "mean": 0.00551053835079, "median": 0.00523844221607, "min": 3.07844028047e-12, "var": 6.1175060182e-06}, "spectral_rolloff": {"dmean": 4784.53662109, "dmean2": 8784.26953125, "dvar": 49596876, "dvar2": 103575880, "max": 22006.9335938, "mean": 13011.6777344, "median": 18540.0878906, "min": 86.1328125, "var": 80552648}, "spectral_skewness": {"dmean": 0.427128970623, "dmean2": 0.55138194561, "dvar": 0.217228516936, "dvar2": 0.371690452099, "max": 7.73577308655, "mean": 2.98846817017, "median": 2.7761631012, "min": -0.102558508515, "var": 1.15953552723}, "spectral_spread": {"dmean": 529840.75, "dmean2": 717334.1875, "dvar": 550728237056, "dvar2": 928249020416, "max": 48355640, "mean": 4599571.5, "median": 4127209, "min": 1510508.25, "var": 14301238657000.0}, "spectral_strongpeak": {"