{"lowlevel": {"average_loudness": 0.646936655045, "barkbands": {"dmean": [9.9819204479e-05, 0.00240668933839, 0.00184510333929, 0.00262830476277, 0.00132284068968, 0.00068875728175, 0.0010914526647, 0.000575411424506, 0.000749369268306, 0.000447157537565, 0.000386178959161, 0.000424785335781, 0.000300248822896, 0.000171522377059, 0.000209779886063, 0.000116936891573, 0.000120991011499, 0.000100449185993, 0.000116344679554, 0.000109758104372, 0.000114808193757, 6.36414042674e-05, 4.37008384324e-05, 2.3172582587e-05, 4.74855442008e-05, 2.04994285014e-05, 3.47911372955e-05], "dmean2": [0.000159905088367, 0.00408367812634, 0.00304423924536, 0.00432431697845, 0.00220998073928, 0.00106784130912, 0.00161766412202, 0.000866534712259, 0.00106839649379, 0.000687348656356, 0.000607786350884, 0.000636060547549, 0.000449589628261, 0.000258525338722, 0.000330290116835, 0.000180878007086, 0.00018832742353, 0.000161948439199, 0.00018732152239, 0.000173124906723, 0.000179198934347, 9.96457092697e-05, 6.37227931293e-05, 3.20310136885e-05, 6.56818665448e-05, 2.80657059193e-05, 5.66425551369e-05], "dvar": [5.73000704662e-08, 3.86622778024e-05, 1.57419963216e-05, 6.85855557094e-05, 7.95592859504e-06, 1.38169389174e-06, 9.25820222619e-06, 4.18937406721e-06, 4.46899957751e-06, 4.39777613792e-06, 1.46428362768e-06, 1.75478135134e-06, 7.44409305753e-07, 5.16283023444e-07, 4.49895367183e-07, 7.311335537e-08, 6.39937098867e-08, 3.59013689888e-08, 6.77991351949e-08, 3.85444387518e-08, 5.1946891233e-08, 2.41485569319e-08, 1.03225072934e-08, 4.43058922883e-09, 3.1271355283e-08, 3.21713611307e-09, 4.48014354504e-08], "dvar2": [1.3970766588e-07, 0.000101275916677, 4.28211606049e-05, 0.000181018360308, 2.17191918637e-05, 3.40027077073e-06, 2.00024314836e-05, 9.43455415836e-06, 9.55947052717e-06, 1.04012260635e-05, 3.28423084284e-06, 3.51516860064e-06, 1.55313375672e-06, 1.17296428925e-06, 1.10589724045e-06, 1.69424254182e-07, 1.52997870373e-07, 8.44097485242e-08, 1.59131218425e-07, 9.05519428329e-08, 1.17900341934e-07, 6.12276949141e-08, 2.34965771284e-08, 9.25273724306e-09, 6.3886041346e-08, 6.43234399078e-09, 1.13012220027e-07], "max": [0.00179464346729, 0.0592141523957, 0.0496995076537, 0.119661599398, 0.0547330006957, 0.0196467842907, 0.102329865098, 0.0851988196373, 0.0818554013968, 0.0722509175539, 0.0343479067087, 0.0562193244696, 0.0282943230122, 0.0262473393232, 0.0312721692026, 0.00659891963005, 0.00605684099719, 0.00630614999682, 0.00953152868897, 0.00478343851864, 0.00504373246804, 0.00300188339315, 0.00227873958647, 0.00221113068983, 0.00376616534777, 0.00144167500548, 0.00571904890239], "mean": [9.43025297602e-05, 0.0024108516518, 0.0030127284117, 0.00307266344316, 0.00227546016686, 0.00140805041883, 0.00254179839976, 0.00117219786625, 0.00184936542064, 0.000825270602945, 0.000722872500774, 0.000850973883644, 0.000531982514076, 0.000271261407761, 0.000366133172065, 0.000212901126361, 0.000228957200306, 0.000199937363504, 0.000217059496208, 0.000237535408814, 0.000242396155954, 0.000136651899084, 9.77915260592e-05, 4.99976995343e-05, 7.01491517248e-05, 3.04196710204e-05, 2.94366527669e-05], "median": [9.88810279523e-06, 0.000697976443917, 0.00145426741801, 0.000929199741222, 0.00130981078837, 0.000735852110665, 0.000695726950653, 0.0003012745874, 0.000334972020937, 9.01777530089e-05, 0.000138873016112, 0.000148283957969, 0.00014375790488, 4.66808050987e-05, 0.000139109615702, 6.95697381161e-05, 7.69316102378e-05, 7.73364881752e-05, 8.80560546648e-05, 0.000122611090774, 9.17665602174e-05, 3.73847287847e-05, 3.58568795491e-05, 1.90272949112e-05, 1.04286709757e-05, 5.51378616365e-06, 7.21124592928e-07], "min": [8.78814467724e-26, 1.39155990593e-24, 7.03981838402e-25, 1.76875394497e-24, 7.83108452614e-24, 1.06759212653e-23, 7.01972215246e-24, 7.09211828431e-24, 1.22718278974e-23, 1.09115145747e-23, 1.07395539414e-23, 1.30729350793e-23, 2.61817917287e-23, 2.37162700784e-23, 4.71077724329e-23, 3.4280196761e-23, 6.34140795465e-23, 9.41558564943e-23, 1.42931990856e-22, 1.98572799125e-22, 2.70353360728e-22, 2.83589537949e-22, 4.00853370723e-22, 5.34427691572e-22, 9.12070527787e-22, 1.35842534504e-21, 1.76769122943e-21], "var": [5.62817454863e-08, 3.13027157972e-05, 2.0220033548e-05, 6.06895919191e-05, 9.95887057798e-06, 3.48417438545e-06, 3.59026016667e-05, 1.59039445862e-05, 2.2161670131e-05, 9.98008090392e-06, 3.50599316334e-06, 6.02094723945e-06, 1.69445115716e-06, 8.67895096235e-07, 8.19783451789e-07, 1.76873015789e-07, 1.92863367943e-07, 1.41755137406e-07, 1.43764651739e-07, 1.17452692905e-07, 1.47744955825e-07, 6.1992025735e-08, 2.42175168808e-08, 9.14177888944e-09, 5.0864578327e-08, 5.64490232335e-09, 3.73822004462e-08]}, "barkbands_crest": {"dmean": 2.18104696274, "dmean2": 3.48072099686, "dvar": 4.49872779846, "dvar2": 10.9989748001, "max": 24.790222168, "mean": 9.23562145233, "median": 8.33620262146, "min": 2.56095647812, "var": 13.7281274796}, "barkbands_flatness_db": {"dmean": 0.0171996727586, "dmean2": 0.0254873149097, "dvar": 0.000275872997008, "dvar2": 0.000636128592305, "max": 0.339393168688, "mean": 0.130277439952, "median": 0.126854032278, "min": 0.0253843795508, "var": 0.00159438501578}, "barkbands_kurtosis": {"dmean": 2.47879505157, "dmean2": 3.85816144943, "dvar": 16.4577331543, "dvar2": 41.0720252991, "max": 68.550743103, "mean": 4.00915527344, "median": 2.07016181946, "min": -1.92619049549, "var": 36.775932312}, "barkbands_skewness": {"dmean": 0.472470253706, "dmean2": 0.704294264317, "dvar": 0.267565369606, "dvar2": 0.612529933453, "max": 7.26752233505, "mean": 1.49102115631, "median": 1.36673331261, "min": -2.24584412575, "var": 1.25364053249}, "barkbands_spread": {"dmean": 4.7716345787, "dmean2": 7.14755249023, "dvar": 40.3606987, "dvar2": 87.1232147217, "max": 132.236038208, "mean": 21.2167205811, "median": 18.7936077118, "min": 1.59938526154, "var": 166.048202515}, "dissonance": {"dmean": 0.0221250038594, "dmean2": 0.0371529720724, "dvar": 0.000471916428069, "dvar2": 0.00130051875021, "max": 0.500000059605, "mean": 0.455330908298, "median": 0.462845146656, "min": 0.243051186204, "var": 0.00111758057028}, "dynamic_complexity": 4.02133560181, "erbbands": {"dmean": [0.0679016113281, 0.56796258688, 1.93160033226, 5.66945981979, 6.89181995392, 4.03717708588, 4.42850208282, 5.98231744766, 11.9111471176, 17.2113513947, 12.257019043, 16.9042987823, 13.8049173355, 14.8916053772, 14.4474582672, 16.5028743744, 11.5890932083, 9.53168773651, 8.07845783234, 10.3870458603, 6.89149570465, 5.98831033707, 5.35920238495, 6.92754554749, 3.71027231216, 4.8393239975, 5.86063766479, 3.49407553673, 2.46846270561, 1.60754191875, 1.17020428181, 0.560347557068, 0.367222875357, 0.361316740513, 0.477717220783, 0.104979403317, 0.0418689437211, 0.00800505839288, 0.00770327495411, 0.000491077138577], "dmean2": [0.114118300378, 0.986266791821, 3.25491213799, 9.14906692505, 11.6165323257, 6.62181758881, 6.85536336899, 9.26969432831, 18.0511627197, 24.9921455383, 18.1972141266, 23.9329109192, 20.181186676, 22.0607280731, 21.0436210632, 24.5785312653, 16.9510402679, 14.4323415756, 11.9366722107, 16.5065879822, 10.6275691986, 9.22020816803, 8.56604957581, 11.1203050613, 5.91828870773, 7.62840747833, 9.19169235229, 5.35390853882, 3.94320178032, 2.38035798073, 1.69604384899, 0.793045043945, 0.505341827869, 0.492402344942, 0.689890444279, 0.142877176404, 0.0589445866644, 0.0119391065091, 0.0126551343128, 0.000801333691925], "dvar": [0.0324014313519, 2.19373869896, 18.1828994751, 262.362884521, 420.933074951, 56.6109695435, 52.0703239441, 129.484970093, 982.11114502, 3315.64550781, 1368.83361816, 2418.77856445, 3919.42724609, 3473.57861328, 2034.13195801, 2507.9387207, 1448.8770752, 1011.33917236, 843.919921875, 882.881103516, 222.642578125, 153.920623779, 94.1829681396, 239.908584595, 63.4634017944, 87.5886611938, 130.67855835, 54.8930473328, 38.3127784729, 15.0407848358, 7.27836084366, 1.75130689144, 1.68095231056, 2.06615018845, 3.86250758171, 0.119598411024, 0.0107153886929, 0.00104161561467, 0.00230682617985, 8.97511017683e-06], "dvar2": [0.0819255262613, 5.97802400589, 50.216545105, 673.669372559, 1174.72143555, 149.245376587, 129.276489258, 316.383392334, 2230.53588867, 6552.59570313, 3188.00024414, 5194.921875, 9606.14746094, 7566.921875, 4049.47509766, 4827.90966797, 3054.94506836, 2204.51269531, 1758.34375, 2254.93261719, 531.973083496, 360.015411377, 220.082244873, 564.342895508, 154.029708862, 205.471237183, 306.369567871, 126.83996582, 99.5849533081, 35.9332809448, 16.1647472382, 3.86582827568, 3.44896554947, 4.08257913589, 8.53730106354, 0.231213003397, 0.0223592799157, 0.00259417411871, 0.00586425373331, 2.26092288358e-05], "max": [1.71960568428, 14.8608236313, 48.7313461304, 196.072433472, 323.674713135, 148.35484314, 143.895812988, 229.198669434, 1054.1661377, 1637.6204834, 1823.16882324, 2243.89135742, 2313.86401367, 2473.08081055, 1723.48144531, 2096.58837891, 1392.98522949, 954.265380859, 1235.51171875, 1461.75915527, 378.566436768, 298.641021729, 403.5184021, 679.879821777, 267.911956787, 325.115142822, 267.688293457, 178.982589722, 123.04649353, 98.1081848145, 80.4835891724, 46.6298713684, 41.0565452576, 42.0266151428, 38.4487342834, 10.1971673965, 2.21285462379, 1.39542639256, 1.1959335804, 0.0869859904051], "mean": [0.0660175234079, 0.589760065079, 3.08716440201, 7.34071207047, 8.90720367432, 7.2020816803, 9.66388607025, 12.136177063, 25.8949565887, 41.7778091431, 27.8147239685, 41.1726837158, 27.2461738586, 31.6405258179, 29.8955249786, 34.1277618408, 22.1035423279, 18.2620849609, 15.0770292282, 18.5393657684, 13.5269460678, 12.2106847763, 11.5739498138, 13.1932516098, 8.00922393799, 10.858912468, 12.8980026245, 7.47444009781, 5.28682947159, 3.49580216408, 2.67688059807, 1.30941855907, 0.731178998947, 0.622662186623, 0.619748592377, 0.158326640725, 0.0591979511082, 0.00996557530016, 0.00638747541234, 0.000429687846918], "median": [0.0128197250888, 0.205008581281, 1.52483308315, 2.83878612518, 3.80394697189, 3.83073711395, 5.6673116684, 5.49729728699, 8.02658462524, 10.4202404022, 9.21375083923, 8.41676902771, 6.10413360596, 6.06272554398, 8.73586177826, 7.61664390564, 7.41635131836, 4.54824256897, 3.5462641716, 8.7755651474, 6.07651805878, 4.28888607025, 4.89604711533, 6.00142478943, 3.4940237999, 5.9309668541, 6.1380853653, 2.60497570038, 1.59219610691, 1.15858960152, 0.972814798355, 0.510251283646, 0.210584312677, 0.12448592484, 0.0621004328132, 0.027676967904, 0.00956941954792, 0.00157380709425, 0.000125808670418, 2.94785986625e-05], "min": [5.7858302585e-23, 2.59221763427e-22, 1.35411142447e-21, 8.42387730348e-21, 7.16959280606e-21, 2.44085747622e-20, 4.30105548818e-20, 7.28895852275e-20, 1.02820947672e-19, 1.45449849174e-19, 2.37726796663e-19, 2.99369562531e-19, 3.42350875285e-19, 5.30021612661e-19, 1.16461736292e-18, 6.73993277156e-19, 1.58125510597e-18, 2.05659186003e-18, 1.90863116873e-18, 2.4560346895e-18, 3.75659939288e-18, 4.41914376657e-18, 5.16028270617e-18, 5.09779045166e-18, 7.13542457282e-18, 7.96078538803e-18, 1.0415220517e-17, 9.53695984728e-18, 1.10810570695e-17, 1.09642707476e-17, 1.11689144039e-17, 9.85752128596e-18, 9.55499486617e-18, 8.40851840127e-18, 5.94408472663e-18, 4.50230767818e-18, 2.3718380429e-18, 9.57341721239e-19, 2.10696576347e-19, 2.75324417325e-20], "var": [0.0277249328792, 1.67035770416, 20.9441623688, 255.173065186, 343.854675293, 107.071403503, 143.067337036, 338.83380127, 3300.28442383, 13627.4648438, 4749.10009766, 12148.3730469, 7592.06298828, 9276.58984375, 5563.59472656, 8918.57714844, 2988.75024414, 2273.62744141, 2362.36767578, 1265.01782227, 534.524902344, 517.038513184, 421.25692749, 503.464141846, 166.580459595, 236.977767944, 385.371704102, 150.331054688, 89.4794540405, 33.8735542297, 18.3568687439, 4.12481832504, 3.20632719994, 3.79666018486, 5.07650899887, 0.215082019567, 0.0176853369921, 0.00105750281364, 0.00187897437718, 7.47166313886e-06]}, "erbbands_crest": {"dmean": 2.59696722031, "dmean2": 4.03412008286, "dvar": 6.35850524902, "dvar2": 14.5530996323, "max": 30.7277908325, "mean": 10.1453447342, "median": 8.90563583374, "min": 2.21868610382, "var": 24.9596939087}, "erbbands_flatness_db": {"dmean": 0.017694985494, "dmean2": 0.0231641046703, "dvar": 0.000307406007778, "dvar2": 0.000514100480359, "max": 0.316325366497, "mean": 0.155032634735, "median": 0.154489174485, "min": 0.0375995412469, "var": 0.00210233335383}, "erbbands_kurtosis": {"dmean": 0.889442503452, "dmean2": 1.3645734787, "dvar": 1.7344686985, "dvar2": 3.96363425255, "max": 50.0670318604, "mean": 0.655289888382, "median": -0.0492668971419, "min": -1.89488685131, "var": 6.84805297852}, "erbbands_skewness": {"dmean": 0.319505184889, "dmean2": 0.476989746094, "dvar": 0.0978636071086, "dvar2": 0.218449681997, "max": 5.88610935211, "mean": 0.511019945145, "median": 0.48692792654, "min": -3.22916817665, "var": 0.569944024086}, "erbbands_spread": {"dmean": 7.83709430695, "dmean2": 11.2392883301, "dvar": 87.6200485229, "dvar2": 163.556900024, "max": 184.777984619, "mean": 39.8917312622, "median": 36.5432739258, "min": 3.18415021896, "var": 426.658233643}, "gfcc": {"cov": [[29355.7578125, 1198.92175293, -1893.3782959, 682.235534668, -1029.97961426, 287.028930664, -441.803222656, 48.1427383423, -477.499511719, 152.901992798, -354.734313965, -56.6544532776, -418.292907715], [1198.92175293, 942.848327637, -291.328613281, -56.2229042053, -67.4588088989, -46.6514053345, 61.0181274414, -14.4990978241, -74.1740264893, -59.419960022, 54.6980628967, -39.0670967102, 7.02872276306], [-1893.3782959, -291.328613281, 1152.3692627, 35.3563041687, 212.772918701, 56.7847900391, -25.3269729614, 117.156669617, -8.03900146484, 24.6571426392, -16.9573936462, 89.344078064, -4.67002010345], [682.235534668, -56.2229042053, 35.3563041687, 437.422637939, 15.4365625381, 2.1442399025, -70.5054016113, 31.8147525787, 84.5829849243, 19.4356250763, -65.0375061035, -25.1410331726, -37.8059158325], [-1029.97961426, -67.4588088989, 212.772918701, 15.4365625381, 351.643463135, 24.4927158356, 62.5962371826, -5.14978170395, 29.2632255554, 20.0853404999, -23.9872264862, 10.3207263947, 19.0435733795], [287.028930664, -46.6514053345, 56.7847900391, 2.1442399025, 24.4927158356, 232.364624023, 81.1562423706, -6.48645591736, -68.3622207642, -5.983959198, -24.0482387543, -15.8426456451, 11.2118139267], [-441.803222656, 61.0181274414, -25.3269729614, -70.5054016113, 62.5962371826, 81.1562423706, 260.983093262, 18.5481529236, -39.0712432861, -41.7768554688, 14.5716991425, -53.8184432983, 12.8608779907], [48.1427383423, -14.4990978241, 117.156669617, 31.8147525787, -5.14978170395, -6.48645591736, 18.5481529236, 139.743423462, 21.2084751129, -13.5252723694, -16.3204994202, 2.39909982681, -14.5623579025], [-477.499511719, -74.1740264893, -8.03900146484, 84.5829849243, 29.2632255554, -68.3622207642, -39.0712432861, 21.2084751129, 169.554397583, 25.2870693207, -34.7394180298, -22.9042472839, -17.2465267181], [152.901992798, -59.419960022, 24.6571426392, 19.4356250763, 20.0853404999, -5.983959198, -41.7768554688, -13.5252723694, 25.2870693207, 110.725982666, 13.8395280838, 6.72027301788, -30.1705284119], [-354.734313965, 54.6980628967, -16.9573936462, -65.0375061035, -23.9872264862, -24.0482387543, 14.5716991425, -16.3204994202, -34.7394180298, 13.8395280838, 147.058334351, 30.5196876526, 5.34136962891], [-56.6544532776, -39.0670967102, 89.344078064, -25.1410331726, 10.3207263947, -15.8426456451, -53.8184432983, 2.39909982681, -22.9042472839, 6.72027301788, 30.5196876526, 119.004547119, 21.4615955353], [-418.292907715, 7.02872276306, -4.67002010345, -37.8059158325, 19.0435733795, 11.2118139267, 12.8608779907, -14.5623579025, -17.2465267181, -30.1705284119, 5.34136962891, 21.4615955353, 95.1259765625]], "icov": [[6.1301572714e-05, -6.31298535154e-05, 0.000105060404167, -9.15419368539e-05, 8.92858006409e-05, -8.03522634669e-05, 8.64735920914e-05, -0.000110661989311, 0.000254903105088, -0.0001464914385, 0.000211005550227, -0.000102784302726, 0.000217057619011], [-6.31298535154e-05, 0.00135825760663, 0.000183879034012, 4.79281334265e-05, -0.000159713468747, 0.000512227765284, -0.0001954529871, -5.74615005462e-05, 0.000430508807767, 0.000645114225335, -0.00060402933741, 0.000512875965796, -0.000159788512974], [0.000105060404167, 0.000183879034012, 0.00145823694766, -0.000151873435243, -0.000657141557895, -0.000417105882661, 0.000498162233271, -0.00135189073626, 0.000794137420598, -0.000229346114793, 0.000258668063907, -0.000770624668803, 0.000596608791966], [-9.15419368539e-05, 4.79281334265e-05, -0.000151873435243, 0.00301131606102, -0.000323007436236, -0.000520426488947, 0.000802332302555, -0.000326940178638, -0.00154520955402, 0.000350697315298, 0.00028761458816, 0.000581184402108, 0.000434543180745], [8.92858006409e-05, -0.000159713468747, -0.000657141557895, -0.000323007436236, 0.0040307645686, 4.0986102249e-05, -0.00152363232337, 0.000979391043074, -0.000584463647101, -0.00131492514629, 0.00116742076352, -0.000866195827257, -0.000605198496487], [-8.03522634669e-05, 0.000512227765284, -0.000417105882661, -0.000520426488947, 4.0986102249e-05, 0.00631896220148, -0.0021100458689, 0.000683231803123, 0.00257399259135, -0.000861885026097, 0.00126258365344, 0.000602487649303, -0.000995107693598], [8.64735920914e-05, -0.0001954529871, 0.000498162233271, 0.000802332302555, -0.00152363232337, -0.0021100458689, 0.00651995558292, -0.00179835152812, 0.000801837246399, 0.00180340546649, -0.00134974892717, 0.00296028261073, 0.000260206405073], [-0.000110661989311, -5.74615005462e-05, -0.00135189073626, -0.000326940178638, 0.000979391043074, 0.000683231803123, -0.00179835152812, 0.00930591765791, -0.00184204732068, 0.00148574146442, 0.000505466246977, -0.000872212171089, 0.00101812474895], [0.000254903105088, 0.000430508807767, 0.000794137420598, -0.00154520955402, -0.000584463647101, 0.00257399259135, 0.000801837246399, -0.00184204732068, 0.0102200303227, -0.0022405164782, 0.00218460056931, 0.00155721360352, 0.000605475972407], [-0.0001464914385, 0.000645114225335, -0.000229346114793, 0.000350697315298, -0.00131492514629, -0.000861885026097, 0.00180340546649, 0.00148574146442, -0.0022405164782, 0.012399408035, -0.00267744786106, 0.000108615895442, 0.00343701220118], [0.000211005550227, -0.00060402933741, 0.000258668063907, 0.00028761458816, 0.00116742076352, 0.00126258365344, -0.00134974892717, 0.000505466246977, 0.00218460056931, -0.00267744786106, 0.00960146263242, -0.00278634019196, 0.000613211246673], [-0.000102784302726, 0.000512875965796, -0.000770624668803, 0.000581184402108, -0.000866195827257, 0.000602487649303, 0.00296028261073, -0.000872212171089, 0.00155721360352, 0.000108615895442, -0.00278634019196, 0.0122896274552, -0.00302753131837], [0.000217057619011, -0.000159788512974, 0.000596608791966, 0.000434543180745, -0.000605198496487, -0.000995107693598, 0.000260206405073, 0.00101812474895, 0.000605475972407, 0.00343701220118, 0.000613211246673, -0.00302753131837, 0.0138882389292]], "mean": [-34.4880027771, 86.4569015503, -107.281974792, 29.8156585693, -60.504989624, 4.3842792511, -31.1364917755, 4.06895017624, -24.6400909424, 1.89064979553, -19.3585395813, -2.51501393318, -14.8121213913]}, "hfc": {"dmean": 4.97267866135, "dmean2": 7.01610040665, "dvar": 83.3749694824, "dvar2": 179.366149902, "max": 147.037750244, "mean": 17.3836765289, "median": 12.4291410446, "min": 1.10415423208e-16, "var": 285.175323486}, "melbands": {"dmean": [0.000624845561106, 0.00089462113101, 0.00103684619535, 0.000363977625966, 0.000148692197399, 0.000133980967803, 0.000192960636923, 0.000174633183633, 0.000104308084701, 0.000105808459921, 7.13203335181e-05, 6.2520535721e-05, 5.25912182638e-05, 5.14580460731e-05, 3.40266306011e-05, 2.59443550021e-05, 1.77399015229e-05, 1.44541609188e-05, 1.45838066601e-05, 1.04468736026e-05, 8.33052399685e-06, 6.6297657213e-06, 5.4681331676e-06, 6.11586347077e-06, 6.2822646214e-06, 3.60459398507e-06, 2.82724477074e-06, 3.57902604264e-06, 4.50754350823e-06, 2.74631270258e-06, 2.11335782296e-06, 1.60075126132e-06, 1.10252858576e-06, 9.67317305367e-07, 8.11654274457e-07, 4.72518451033e-07, 3.18496574891e-07, 2.61401197577e-07, 2.8226060067e-07, 3.11528054908e-07], "dmean2": [0.00104376766831, 0.00152321613859, 0.00169482012279, 0.000609607668594, 0.000230281089898, 0.000208064026083, 0.00028984900564, 0.000256369821727, 0.000153204950038, 0.000150722014951, 0.0001044078017, 9.29864036152e-05, 7.85363008617e-05, 7.54456195864e-05, 4.95525491715e-05, 3.91263747588e-05, 2.68824642262e-05, 2.11937476706e-05, 2.28386488743e-05, 1.64728371601e-05, 1.29340569401e-05, 1.02658241303e-05, 8.50968626764e-06, 9.89086674963e-06, 1.00985316749e-05, 5.75574313189e-06, 4.56730458609e-06, 5.66083554077e-06, 7.07970139047e-06, 4.31585522165e-06, 3.33908587891e-06, 2.60399247054e-06, 1.72091881723e-06, 1.44944692693e-06, 1.20904576306e-06, 6.95730534517e-07, 4.57251502439e-07, 3.6805343484e-07, 4.04868927717e-07, 4.32236504366e-07], "dvar": [2.64046025222e-06, 4.30699446952e-06, 9.34828676691e-06, 7.25631991827e-07, 5.91531765792e-08, 6.24529477022e-08, 2.54994830584e-07, 3.2246776982e-07, 1.00172769635e-07, 8.87449260745e-08, 1.01602729785e-07, 6.60977192979e-08, 2.25995080427e-08, 2.68187587693e-08, 1.60968340879e-08, 5.65744784353e-09, 4.30534985441e-09, 3.09212322414e-09, 3.54087159593e-09, 4.90857188229e-10, 3.30998312092e-10, 2.24173041241e-10, 1.76047107447e-10, 1.19775273033e-10, 2.24998672471e-10, 7.15919962202e-11, 2.96464935934e-11, 5.23082896442e-11, 8.17505854678e-11, 3.4441005603e-11, 2.07178111472e-11, 1.72877909904e-11, 6.76711074329e-12, 5.47622797803e-12, 3.79469372591e-12, 1.25437464235e-12, 6.65276427697e-13, 6.84015290155e-13, 1.42411625027e-12, 1.6959782103e-12], "dvar2": [6.7363416747e-06, 1.19398409879e-05, 2.48201249633e-05, 1.98785187422e-06, 1.50435909063e-07, 1.54242727035e-07, 5.77276864533e-07, 6.55036672015e-07, 2.3519501724e-07, 1.89332453715e-07, 2.47304512868e-07, 1.44096560462e-07, 4.64545841794e-08, 5.01403327746e-08, 3.52002622606e-08, 1.24679573332e-08, 9.45466815949e-09, 6.65843113978e-09, 9.21971743395e-09, 1.16328102706e-09, 8.07453326424e-10, 5.37081212837e-10, 3.84800108444e-10, 2.91044549572e-10, 5.30252286524e-10, 1.66808969415e-10, 7.27026702729e-11, 1.22613613707e-10, 1.8658827261e-10, 7.75494182759e-11, 4.93221123665e-11, 4.6304730883e-11, 1.69078084866e-11, 1.32598428765e-11, 8.62522900325e-12, 2.77221019578e-12, 1.50249333374e-12, 1.34526385257e-12, 3.26236758962e-12, 3.33762358029e-12], "max": [0.0156271141022, 0.0236980468035, 0.0422895215452, 0.0150473499671, 0.00449383305386, 0.00458464073017, 0.0189690198749, 0.0165321510285, 0.0124849528074, 0.0120833320543, 0.0114053497091, 0.0112636694685, 0.00462767714635, 0.00809469074011, 0.00638332543895, 0.00233357376419, 0.00197176937945, 0.00185382354539, 0.00330717209727, 0.000672480615322, 0.000503340212163, 0.000320594204823, 0.000436316913692, 0.000252676574746, 0.000685062957928, 0.000382210128009, 0.000143033001223, 0.000234886465478, 0.00027358418447, 0.000180208138772, 0.000150936801219, 9.47891749092e-05, 5.91880634602e-05, 5.41489280295e-05, 4.61996132799e-05, 4.28715502494e-05, 2.84080051642e-05, 2.71441404038e-05, 3.76562675228e-05, 3.59512960131e-05], "mean": [0.000622097053565, 0.00131312350277, 0.00136885349639, 0.000559382606298, 0.000331822753651, 0.000266485381871, 0.000435087858932, 0.000422226672526, 0.000235424449784, 0.000254892365774, 0.000135991693242, 0.000129907624796, 0.000103635065898, 0.000102925441752, 6.09686030657e-05, 4.76049281133e-05, 3.07290538331e-05, 2.40885965468e-05, 2.41871512117e-05, 1.92981697182e-05, 1.4965254195e-05, 1.26977020045e-05, 1.00184688563e-05, 1.18586794997e-05, 1.07251180452e-05, 6.89710623192e-06, 5.42457473784e-06, 7.50300250729e-06, 9.27477867663e-06, 5.28975306224e-06, 4.06658864449e-06, 3.12561132887e-06, 2.22225662583e-06, 1.90275125078e-06, 1.67382427207e-06, 1.09606719434e-06, 6.62620891489e-07, 5.01423983224e-07, 4.90888396598e-07, 5.12384303875e-07], "median": [0.000154936307808, 0.000633447198197, 0.00056248344481, 0.000287145172479, 0.000207353645237, 0.000124283164041, 0.000132285262225, 0.000106737410533, 6.48115674267e-05, 4.55593326478e-05, 2.23075603571e-05, 2.0829929781e-05, 2.43855956796e-05, 1.7339574697e-05, 1.4593607375e-05, 1.27833382066e-05, 6.30428939985e-06, 3.38278869094e-06, 9.71234112512e-06, 8.88285285328e-06, 6.11913901594e-06, 4.12808913097e-06, 2.71463954959e-06, 4.76997684018e-06, 4.27440954809e-06, 2.48838614425e-06, 2.57563760897e-06, 3.76948401026e-06, 4.31400167145e-06, 1.79683661372e-06, 1.16589717436e-06, 8.49233629197e-07, 6.37725236174e-07, 6.23910182185e-07, 5.76035517952e-07, 4.01960903673e-07, 2.49286131293e-07, 1.43165507893e-07, 1.12474197067e-07, 9.40290476592e-08], "min": [8.50756706782e-25, 5.88637111335e-25, 1.70498933193e-24, 8.36283771576e-25, 1.70369540283e-24, 1.4203356782e-24, 1.9410013292e-24, 1.31185014601e-24, 1.53843091673e-24, 1.60477964088e-24, 1.19264714956e-24, 1.60467570846e-24, 2.38611530611e-24, 1.84775580083e-24, 1.55638785612e-24, 3.04788440861e-24, 2.60755980347e-24, 2.17380897347e-24, 3.5872984237e-24, 2.48034079693e-24, 3.74910405055e-24, 3.50116151817e-24, 3.04018039301e-24, 3.29890902055e-24, 3.97668489968e-24, 4.88502194444e-24, 4.75600413782e-24, 4.33854210222e-24, 5.53118146178e-24, 4.36439070751e-24, 4.525821231e-24, 4.54495899656e-24, 4.74360679427e-24, 5.49442527676e-24, 5.66815532506e-24, 6.63101094141e-24, 4.70139129736e-24, 5.8401956333e-24, 5.82905297301e-24, 6.1749665078e-24], "var": [2.2447622996e-06, 4.25405505666e-06, 8.55194775795e-06, 8.00462657935e-07, 1.52113429408e-07, 1.5289340638e-07, 8.98674386463e-07, 1.35965683512e-06, 3.32457062768e-07, 4.32986695387e-07, 1.99653939603e-07, 1.82763884027e-07, 6.36908907836e-08, 9.98988269885e-08, 2.95558564289e-08, 1.33531612434e-08, 8.39764080496e-09, 7.6860979803e-09, 4.37922764718e-09, 1.08544717659e-09, 7.04177216537e-10, 6.42052910838e-10, 6.49435893951e-10, 4.27968965822e-10, 4.20300100279e-10, 1.73141390114e-10, 7.42061134762e-11, 1.34035602062e-10, 2.35978653285e-10, 9.31867222276e-11, 4.90521408214e-11, 3.6209930887e-11, 1.59091038954e-11, 1.07541458377e-11, 8.34432349606e-12, 3.12080331195e-12, 1.32144750871e-12, 1.40604682845e-12, 2.1557419478e-12, 3.07178284545e-12]}, "melbands_crest": {"dmean": 2.78176116943, "dmean2": 4.46235895157, "dvar": 7.30591011047, "dvar2": 17.7161617279, "max": 31.4066619873, "mean": 12.5884075165, "median": 11.9449281693, "min": 1.55094480515, "var": 21.2140445709}, "melbands_flatness_db": {"dmean": 0.0207921843976, "dmean2": 0.0312212444842, "dvar": 0.000467916019261, "dvar2": 0.00110103713814, "max": 0.467887401581, "mean": 0.196750476956, "median": 0.194490417838, "min": 0.00339200021699, "var": 0.00322233559564}, "melbands_kurtosis": {"dmean": 6.04849529266, "dmean2": 9.40530204773, "dvar": 117.488433838, "dvar2": 289.751525879, "max": 230.422988892, "mean": 12.0635852814, "median": 6.8200712204, "min": -1.53242516518, "var": 272.050231934}, "melbands_skewness": {"dmean": 0.645512402058, "dmean2": 0.960774302483, "dvar": 0.590529024601, "dvar2": 1.32633078098, "max": 12.8098287582, "mean": 2.41052007675, "median": 2.15282607079, "min": -1.05957198143, "var": 2.49216413498}, "melbands_spread": {"dmean": 5.45292329788, "dmean2": 8.11542987823, "dvar": 45.9714851379, "dvar2": 96.9586639404, "max": 219.475921631, "mean": 23.575668335, "median": 19.5046958923, "min": 1.42379963398, "var": 376.342803955}, "mfcc": {"cov": [[11300.6201172, 828.48614502, -243.187332153, 312.825378418, -229.067306519, 276.150512695, -34.7961845398, 14.3545923233, -41.2620239258, 10.989941597, 117.972549438, 76.0325775146, 20.8006591797], [828.48614502, 1134.35778809, -73.9239425659, -39.9791107178, -80.4853439331, -52.7097396851, 151.012878418, 22.3851490021, -53.3437271118, -7.03226995468, -81.9891891479, -38.3505821228, 76.2048492432], [-243.187332153, -73.9239425659, 697.531066895, 64.9736099243, 140.578918457, -40.6284103394, 29.723947525, 48.5157241821, 25.3291301727, -40.3748283386, 18.6952667236, 0.657463133335, 31.9457111359], [312.825378418, -39.9791107178, 64.9736099243, 367.079925537, 118.25831604, 8.93850803375, -101.33506012, 5.91489744186, 49.8841247559, 41.6842918396, 51.2701187134, 74.5625228882, -50.0780639648], [-229.067306519, -80.4853439331, 140.578918457, 118.25831604, 269.191375732, 26.6976890564, -53.1843528748, -9.90556144714, 45.3799247742, -21.5807132721, 21.4520568848, 15.2563619614, -2.44127821922], [276.150512695, -52.7097396851, -40.6284103394, 8.93850803375, 26.6976890564, 221.138458252, 47.6981239319, -4.11685466766, 40.5118713379, 24.5358467102, 10.0839557648, -31.2671775818, -29.3650913239], [-34.7961845398, 151.012878418, 29.723947525, -101.33506012, -53.1843528748, 47.6981239319, 300.437316895, 62.6975479126, -22.9367618561, 11.1251144409, -46.5922050476, -60.0140190125, 42.3209342957], [14.3545923233, 22.3851490021, 48.5157241821, 5.91489744186, -9.90556144714, -4.11685466766, 62.6975479126, 132.043777466, 42.808883667, 8.1093711853, -14.5527687073, -26.9207859039, -4.07556009293], [-41.2620239258, -53.3437271118, 25.3291301727, 49.8841247559, 45.3799247742, 40.5118713379, -22.9367618561, 42.808883667, 141.273040771, 41.8744354248, 10.4750432968, -32.6395568848, -45.5301399231], [10.989941597, -7.03226995468, -40.3748283386, 41.6842918396, -21.5807132721, 24.5358467102, 11.1251144409, 8.1093711853, 41.8744354248, 149.526611328, 24.4946861267, 1.55984246731, -53.0806922913], [117.972549438, -81.9891891479, 18.6952667236, 51.2701187134, 21.4520568848, 10.0839557648, -46.5922050476, -14.5527687073, 10.4750432968, 24.4946861267, 116.597793579, 42.3558616638, -25.5459041595], [76.0325775146, -38.3505821228, 0.657463133335, 74.5625228882, 15.2563619614, -31.2671775818, -60.0140190125, -26.9207859039, -32.6395568848, 1.55984246731, 42.3558616638, 171.675537109, 15.3016319275], [20.8006591797, 76.2048492432, 31.9457111359, -50.0780639648, -2.44127821922, -29.3650913239, 42.3209342957, -4.07556009293, -45.5301399231, -53.0806922913, -25.5459041595, 15.3016319275, 135.452575684]], "icov": [[0.000109710417746, -9.48351007537e-05, 5.51477614863e-06, -0.000133782901685, 0.000162072392413, -0.000209853416891, 7.94484367361e-05, -6.19808197371e-05, 5.25114519405e-05, 6.62344100419e-05, -0.000142299759318, 4.22199218519e-06, -6.7224369559e-05], [-9.48351007537e-05, 0.00112329388503, 0.000129920503241, -0.000151336760609, 1.6572586901e-05, 0.000490330974571, -0.000554555736016, 0.000130321830511, 7.87015451351e-05, -0.000153313638293, 0.000558062805794, 0.000184165430255, -0.000369382818462], [5.51477614863e-06, 0.000129920503241, 0.00178689381573, -0.000188675548998, -0.000890851079021, 0.000537915213499, -0.000458884140244, -0.000507885182742, -0.000145864789374, 0.00037740424159, -0.000440345960669, 0.000146296835737, -0.000337178993504], [-0.000133782901685, -0.000151336760609, -0.000188675548998, 0.00433354778215, -0.00171332026366, 2.22406288231e-05, 0.00090103619732, -0.000770826649386, -0.000393725465983, -0.00100215477869, -0.000210033264011, -0.00161211297382, 0.0010390029056], [0.000162072392413, 1.6572586901e-05, -0.000890851079021, -0.00171332026366, 0.00566021399572, -0.000974602124188, 0.000386411236832, 0.000980564742349, -0.00153507699724, 0.00134180777241, -0.00027904016315, 0.00011623584578, -0.000713963469025], [-0.000209853416891, 0.000490330974571, 0.000537915213499, 2.22406288231e-05, -0.000974602124188, 0.00609930977225, -0.0019379403675, 0.00144992291462, -0.00170441204682, -6.60628284095e-05, -0.000353369367076, 0.000625622575171, 0.000855446385685], [7.94484367361e-05, -0.000554555736016, -0.000458884140244, 0.00090103619732, 0.000386411236832, -0.0019379403675, 0.00561370700598, -0.00279130530544, 0.00190427899361, -0.0014576644171, 0.000689244363457, 0.000920139718801, -0.00141505722422], [-6.19808197371e-05, 0.000130321830511, -0.000507885182742, -0.000770826649386, 0.000980564742349, 0.00144992291462, -0.00279130530544, 0.0106551432982, -0.00413424009457, 0.000776550848968, 0.000654721981846, 0.000283799192403, 0.000301794207189], [5.25114519405e-05, 7.87015451351e-05, -0.000145864789374, -0.000393725465983, -0.00153507699724, -0.00170441204682, 0.00190427899361, -0.00413424009457, 0.0115166660398, -0.00254583405331, -0.000108106214611, 0.00212990771979, 0.00133244518656], [6.62344100419e-05, -0.000153313638293, 0.00037740424159, -0.00100215477869, 0.00134180777241, -6.60628284095e-05, -0.0014576644171, 0.000776550848968, -0.00254583405331, 0.00922670029104, -0.00142886408139, -0.000601585197728, 0.00266369688325], [-0.000142299759318, 0.000558062805794, -0.000440345960669, -0.000210033264011, -0.00027904016315, -0.000353369367076, 0.000689244363457, 0.000654721981846, -0.000108106214611, -0.00142886408139, 0.0111167598516, -0.0022738580592, 0.00121398316696], [4.22199218519e-06, 0.000184165430255, 0.000146296835737, -0.00161211297382, 0.00011623584578, 0.000625622575171, 0.000920139718801, 0.000283799192403, 0.00212990771979, -0.000601585197728, -0.0022738580592, 0.00816069729626, -0.00174654333387], [-6.7224369559e-05, -0.000369382818462, -0.000337178993504, 0.0010390029056, -0.000713963469025, 0.000855446385685, -0.00141505722422, 0.000301794207189, 0.00133244518656, 0.00266369688325, 0.00121398316696, -0.00174654333387, 0.0106062069535]], "mean": [-671.59387207, 117.669044495, 6.42510461807, 28.1322860718, -6.92032194138, 3.80304670334, -2.11716556549, 0.306207120419, -1.78076136112, 1.52445483208, -5.19968032837, 1.46328902245, 0.506533026695]}, "pitch_salience": {"dmean": 0.0627580881119, "dmean2": 0.100253090262, "dvar": 0.00344362226315, "dvar2": 0.00864552985877, "max": 0.893027842045, "mean": 0.542965769768, "median": 0.545082628727, "min": 0.148530527949, "var": 0.0116644725204}, "silence_rate_20dB": {"dmean": 0, "dmean2": 0, "dvar": 0, "dvar2": 0, "max": 1, "mean": 1, "median": 1, "min": 1, "var": 0}, "silence_rate_30dB": {"dmean": 0.00576491933316, "dmean2": 0.0115310698748, "dvar": 0.00573169719428, "dvar2": 0.0152416424826, "max": 1, "mean": 0.996157109737, "median": 1, "min": 0, "var": 0.00382816512138}, "silence_rate_60dB": {"dmean": 0.0230596773326, "dmean2": 0.0461242794991, "dvar": 0.0225298777223, "dvar2": 0.0493407994509, "max": 1, "mean": 0.103010244668, "median": 0, "min": 0, "var": 0.0924040004611}, "spectral_centroid": {"dmean": 216.778289795, "dmean2": 329.810058594, "dvar": 67814.9375, "dvar2": 148139.421875, "max": 11812.0371094, "mean": 1423.11303711, "median": 1201.02148438, "min": 212.030303955, "var": 1641854.125}, "spectral_complexity": {"dmean": 2.60424900055, "dmean2": 4.11018562317, "dvar": 10.757443428, "dvar2": 25.1858272552, "max": 52, "mean": 15.041311264, "median": 14, "min": 0, "var": 65.4636611938}, "spectral_contrast_coeffs": {"dmean": [0.0458615869284, 0.041617911309, 0.0395997203887, 0.0353331416845, 0.0253709480166, 0.0180149767548], "dmean2": [0.0756080821157, 0.0656554624438, 0.0616782791913, 0.0538542084396, 0.0390480570495, 0.0273370184004], "dvar": [0.00156900810543, 0.00123512244318, 0.00117185432464, 0.000941026490182, 0.000589931267314, 0.000314334145514], "dvar2": [0.00410947902128, 0.00302954693325, 0.00264134979807, 0.00207957951352, 0.00128058064729, 0.00069231382804], "max": [-0.333730399609, -0.414775401354, -0.445970326662, -0.506532967091, -0.559285640717, -0.594964444637], "mean": [-0.635415434837, -0.713796257973, -0.725850999355, -0.747525453568, -0.76526671648, -0.752738893032], "median": [-0.632760047913, -0.716850280762, -0.73170542717, -0.751417994499, -0.772310614586, -0.755401015282], "min": [-0.983325958252, -0.979291856289, -0.977307498455, -0.973231256008, -0.96908301115, -0.964572072029], "var": [0.00588894961402, 0.0070293052122, 0.00791279692203, 0.00595494639128, 0.00434843543917, 0.00344510446303]}, "spectral_contrast_valleys": {"dmean": [0.462403327227, 0.347323715687, 0.346162110567, 0.348499685526, 0.30039536953, 0.283788263798], "dmean2": [0.709111452103, 0.532507956028, 0.532058894634, 0.506926834583, 0.441816687584, 0.343779861927], "dvar": [0.179282546043, 0.105961196125, 0.110541813076, 0.126454263926, 0.146263942122, 0.125985607505], "dvar2": [0.369383245707, 0.216209337115, 0.232591077685, 0.238648399711, 0.302900105715, 0.188563093543], "max": [-4.92319774628, -4.80817317963, -5.35008096695, -5.62841367722, -5.7700047493, -7.84644412994], "mean": [-7.7985663414, -7.20744132996, -8.10531330109, -8.6776227951, -8.3450422287, -10.739408493], "median": [-7.32818508148, -6.73984575272, -7.63766002655, -8.31256103516, -8.02954864502, -10.3855342865], "min": [-28.6429576874, -28.5866241455, -27.7066459656, -27.6362266541, -27.557723999, -27.4102191925], "var": [6.92492818832, 7.04374170303, 6.57666015625, 6.23341798782, 6.35383796692, 5.31203556061]}, "spectral_decrease": {"dmean": 2.2874719896e-09, "dmean2": 3.55129969876e-09, "dvar": 2.08243000452e-17, "dvar2": 5.35299643287e-17, "max": 1.1022714806e-21, "mean": -5.71835379048e-09, "median": -4.02165767355e-09, "min": -5.13400024715e-08, "var": 3.33872296754e-17}, "spectral_energy": {"dmean": 0.00897865369916, "dmean2": 0.0138580612838, "dvar": 0.000314809818519, "dvar2": 0.000803178292699, "max": 0.201101332903, "mean": 0.0231591463089, "median": 0.0164778754115, "min": 1.01740501158e-20, "var": 0.000530274584889}, "spectral_energyband_high": {"dmean": 0.000322278647218, "dmean2": 0.000456113921246, "dvar": 4.42330986061e-07, "dvar2": 9.22013839499e-07, "max": 0.00988498702645, "mean": 0.000808299402706, "median": 0.000397287134547, "min": 6.95458562352e-21, "var": 1.20575532492e-06}, "spectral_energyband_low": {"dmean": 0.00507169449702, "dmean2": 0.00817780569196, "dvar": 0.000133706780616, "dvar2": 0.000345745502273, "max": 0.122767530382, "mean": 0.00708814058453, "median": 0.00313290720806, "min": 1.74965704241e-23, "var": 0.000139637224493}, "spectral_energyband_middle_high": {"dmean": 0.00129301159177, "dmean2": 0.00189223245252, "dvar": 6.32736328043e-06, "dvar2": 1.29487370941e-05, "max": 0.0795654952526, "mean": 0.00442238105461, "median": 0.00275890692137, "min": 1.15905189627e-21, "var": 3.51564194716e-05}, "spectral_energyband_middle_low": {"dmean": 0.00526819890365, "dmean2": 0.00817168690264, "dvar": 0.000133066569106, "dvar2": 0.000344336003764, "max": 0.160642251372, "mean": 0.0124946143478, "median": 0.00798218697309, "min": 1.60279332462e-22, "var": 0.000220598594751}, "spectral_entropy": {"dmean": 0.156434461474, "dmean2": 0.218334630132, "dvar": 0.0288869738579, "dvar2": 0.0558424629271, "max": 9.82287025452, "mean": 7.42776441574, "median": 7.4093003273, "min": 5.49782896042, "var": 0.263125509024}, "spectral_flux": {"dmean": 0.0261478610337, "dmean2": 0.039702668786, "dvar": 0.00126603024546, "dvar2": 0.00272530969232, "max": 0.379315942526, "mean": 0.0704116523266, "median": 0.0576366484165, "min": 6.33372590486e-11, "var": 0.00274977018125}, "spectral_kurtosis": {"dmean": 1.23835301399, "dmean2": 2.05348110199, "dvar": 2.21859097481, "dvar2": 5.79137659073, "max": 46.2067375183, "mean": 3.96692943573, "median": 3.42855620384, "min": -1.50641334057, "var": 7.40284347534}, "spectral_rms": {"dmean": 0.000764593190979, "dmean2": 0.00111580151133, "dvar": 1.35342395424e-06, "dvar2": 3.21425886796e-06, "max": 0.0140070132911, "mean": 0.00422023702413, "median": 0.00400948524475, "min": 3.15053994178e-12, "var": 4.78386664327e-06}, "spectral_rolloff": {"dmean": 420.829681396, "dmean2": 701.181274414, "dvar": 882034.375, "dvar2": 1994166.25, "max": 19595.2148438, "mean": 1645.93884277, "median": 1076.66015625, "min": 129.19921875, "var": 6392333}, "spectral_skewness": {"dmean": 0.194975301623, "dmean2": 0.305493682623, "dvar": 0.0408006906509, "dvar2": 0.0956728905439, "max": 5.43962907791, "mean": 1.46503317356, "median": 1.40977704525, "min": -0.0871171802282, "var": 0.242748230696}, "spectral_spread": {"dmean": 527849.875, "dmean2": 701564.3125, "dvar": 721872158720, "dvar2": 12572427550