{"lowlevel": {"average_loudness": 0.139369681478, "barkbands": {"dmean": [2.44175498665e-06, 0.000896181387361, 0.000515135878231, 0.000163721750141, 0.000352480070433, 0.000255401188042, 0.000122568540974, 0.000148407969391, 0.000317139405524, 0.000200219408725, 0.000153583299834, 0.0003981218033, 0.000420460331952, 0.000508317374624, 0.000354240182787, 0.00014240416931, 9.28466906771e-05, 0.000113978290756, 0.000105386250652, 3.7680783862e-05, 1.61454427143e-05, 1.49435563799e-05, 4.00980434279e-06, 1.91780031855e-06, 1.27538123706e-06, 9.1590413831e-07, 2.81810173419e-07], "dmean2": [3.77680021302e-06, 0.0014432707103, 0.000771389168222, 0.000254676211625, 0.000551199831534, 0.000375429866835, 0.000183109339559, 0.000203642179258, 0.000431973836385, 0.000284683628706, 0.000220450630877, 0.000576045131311, 0.000660875346512, 0.0007243930595, 0.000459413946373, 0.000209700563573, 0.000142915072502, 0.00017416231276, 0.000159074523253, 5.58686115255e-05, 2.37332478719e-05, 2.20429683395e-05, 5.83889732297e-06, 2.84308316623e-06, 1.86701447547e-06, 1.3898331872e-06, 4.85480427415e-07], "dvar": [5.44248257572e-11, 7.63296611694e-06, 3.5320324514e-06, 2.49360368798e-07, 1.36249241223e-06, 3.34945434588e-06, 4.32361701996e-07, 2.58206205217e-06, 1.13475070975e-05, 9.99973281068e-07, 1.60615263667e-06, 1.03770789792e-05, 2.8738572837e-06, 1.12922743938e-05, 3.54305848305e-06, 3.86775354855e-07, 1.84192202823e-07, 2.63080664809e-07, 1.6793333657e-07, 4.18979979599e-08, 4.42982228677e-09, 2.85527002042e-09, 1.36216052327e-10, 3.12986025985e-11, 1.21472745057e-11, 9.10150982358e-11, 2.91919648177e-11], "dvar2": [1.03883950053e-10, 1.9695438823e-05, 7.33814158593e-06, 5.51923392322e-07, 3.16595810546e-06, 5.27463907929e-06, 9.80644017545e-07, 4.55619556305e-06, 1.64670291269e-05, 2.25203166337e-06, 2.94505457532e-06, 2.08774163184e-05, 6.48055356578e-06, 2.10767011595e-05, 5.63906951356e-06, 8.00137570423e-07, 4.2133478928e-07, 5.68837776882e-07, 3.66353333447e-07, 7.85815572613e-08, 9.06522767963e-09, 5.25318633038e-09, 2.58900095806e-10, 6.26110482904e-11, 2.32592261423e-11, 1.62598906561e-10, 8.12833897412e-11], "max": [0.000402705249144, 0.0701309144497, 0.0569814108312, 0.0121839642525, 0.0423092022538, 0.108659900725, 0.0260772239417, 0.0801356360316, 0.168668344617, 0.0412063263357, 0.0617489516735, 0.163647651672, 0.0778913646936, 0.118198543787, 0.0845085456967, 0.0165706928819, 0.0150120304897, 0.022091075778, 0.0124408770353, 0.00984953623265, 0.00214809901081, 0.00205284240656, 0.000624182983302, 0.000243823626079, 0.000166711353813, 0.000563844281714, 0.000248571333941], "mean": [3.17121521221e-06, 0.00143650081009, 0.000905444088858, 0.000288113835268, 0.000712782901246, 0.000538452004548, 0.0002784919634, 0.000232265709201, 0.000882743333932, 0.000666447798721, 0.000246247160248, 0.000598810787778, 0.000854904705193, 0.000939014193136, 0.000912608811632, 0.000253081292612, 0.000164853758179, 0.000224320378038, 0.000241256217123, 7.60273833293e-05, 3.52347342414e-05, 4.73465188406e-05, 1.06409725049e-05, 5.07360255142e-06, 4.77527237308e-06, 2.88310911856e-06, 3.84111984886e-07], "median": [4.86698581881e-07, 0.000363760860637, 0.000177406502189, 4.00670251111e-05, 0.00022406183416, 8.95871562534e-05, 2.18964269152e-05, 1.065246488e-05, 6.61649437461e-06, 6.70351619192e-06, 5.01624208482e-06, 5.27994461663e-06, 1.09309830805e-05, 8.47972296469e-06, 1.02256917671e-05, 1.04638238554e-05, 8.8998422143e-06, 8.24142989586e-06, 1.21675029732e-05, 3.41487157129e-06, 3.83115275326e-06, 2.14909232454e-06, 1.21656125884e-06, 7.28725467525e-07, 5.84850056384e-07, 4.47025627182e-07, 4.8372577055e-08], "min": [1.49840657959e-23, 5.02060015501e-23, 1.19934822713e-23, 8.53418284033e-24, 5.32246787781e-23, 7.69819506909e-23, 1.13339218215e-22, 5.19241303464e-24, 8.79741783579e-23, 5.8373207875e-23, 2.38983281312e-23, 1.5644103822e-22, 8.88071334323e-23, 7.1555868773e-23, 5.98565629885e-23, 1.55473314149e-22, 2.67787379219e-22, 2.62386698622e-22, 3.24867208619e-22, 2.23105060613e-22, 5.14895949943e-22, 7.66847318831e-22, 7.71260749471e-22, 7.31597933873e-22, 1.29978145059e-21, 1.48640640225e-21, 2.33745327574e-21], "var": [1.19073903515e-10, 9.83062727755e-06, 5.72546105104e-06, 6.27537929176e-07, 2.55270651905e-06, 7.11485563443e-06, 1.69653037574e-06, 5.80041751164e-06, 6.139393372e-05, 4.89277681481e-06, 3.5217885852e-06, 1.81260165846e-05, 1.28448609757e-05, 3.64985280612e-05, 2.78317147604e-05, 8.38275468595e-07, 3.56314302508e-07, 7.98835742444e-07, 5.73134684601e-07, 1.09748398813e-07, 1.12776437078e-08, 1.64329616581e-08, 9.05274244456e-10, 1.76900008531e-10, 1.5943822651e-10, 4.42352765528e-10, 2.50944421493e-11]}, "barkbands_crest": {"dmean": 2.59034824371, "dmean2": 4.18718147278, "dvar": 6.04397058487, "dvar2": 15.7274713516, "max": 26.8776054382, "mean": 12.5197057724, "median": 12.0898389816, "min": 2.74450564384, "var": 22.4241962433}, "barkbands_flatness_db": {"dmean": 0.0238536708057, "dmean2": 0.0349047370255, "dvar": 0.000630903756246, "dvar2": 0.00129821617156, "max": 0.459207326174, "mean": 0.200858175755, "median": 0.19318048656, "min": 0.0144549161196, "var": 0.00520014856011}, "barkbands_kurtosis": {"dmean": 9.46827793121, "dmean2": 14.6157283783, "dvar": 508.298492432, "dvar2": 1171.05322266, "max": 641.558959961, "mean": 19.9374465942, "median": 5.53058481216, "min": -1.88489603996, "var": 1353.67907715}, "barkbands_skewness": {"dmean": 0.775564551353, "dmean2": 1.17223930359, "dvar": 1.00203931332, "dvar2": 2.25109481812, "max": 20.0829734802, "mean": 2.43213295937, "median": 2.01973128319, "min": -4.76939296722, "var": 6.84989595413}, "barkbands_spread": {"dmean": 3.60703086853, "dmean2": 5.48015975952, "dvar": 28.2530593872, "dvar2": 61.4002189636, "max": 115.950408936, "mean": 14.0490560532, "median": 10.0745258331, "min": 0.318708688021, "var": 156.67918396}, "dissonance": {"dmean": 0.0201129633933, "dmean2": 0.0334161445498, "dvar": 0.000545637973119, "dvar2": 0.00148132571485, "max": 0.5, "mean": 0.451565563679, "median": 0.463532119989, "min": 0.192215487361, "var": 0.00167909823358}, "dynamic_complexity": 7.81531333923, "erbbands": {"dmean": [0.0101976506412, 0.249896645546, 0.693299233913, 0.457990825176, 0.803642570972, 1.26417267323, 2.00440788269, 1.86111712456, 1.73837709427, 2.13440561295, 3.45876908302, 6.60964250565, 6.68063259125, 6.35291385651, 7.44425392151, 17.7598438263, 19.1492996216, 19.3650875092, 22.8017349243, 11.227107048, 6.58964109421, 4.85751533508, 5.89757394791, 5.27549982071, 4.69498634338, 1.51685273647, 0.716902792454, 0.552265167236, 0.599902272224, 0.310953736305, 0.0980962514877, 0.062876328826, 0.0200547073036, 0.0177911128849, 0.00759327691048, 0.0040862984024, 0.00201363349333, 0.000590485578869, 2.24247469305e-05, 4.1573184717e-06], "dmean2": [0.0167553387582, 0.400254994631, 1.02408790588, 0.693280935287, 1.29681301117, 1.94160628319, 2.99232268333, 2.80309391022, 2.58351373672, 3.21632289886, 4.61433744431, 9.30189228058, 9.16160392761, 8.46573257446, 10.5625314713, 25.5276565552, 29.4444961548, 26.9955768585, 30.8840522766, 15.8279190063, 9.71765899658, 7.43129205704, 8.84499740601, 8.05390453339, 7.08301544189, 2.20868349075, 1.05859792233, 0.829737901688, 0.883049070835, 0.466428816319, 0.141171962023, 0.0919342637062, 0.0297072902322, 0.026507133618, 0.0112976664677, 0.0060195424594, 0.00310429721139, 0.00095531513216, 3.73565308109e-05, 5.72299359192e-06], "dvar": [0.000721644726582, 0.617334127426, 6.2471909523, 1.95305120945, 5.97309064865, 14.2367105484, 267.541809082, 117.639396667, 61.5081100464, 318.992279053, 1670.82336426, 5391.78955078, 2438.18164063, 1038.16015625, 2648.44335938, 18611.8144531, 4918.15625, 12308.8808594, 16580.9492188, 3653.07714844, 834.483520508, 631.099609375, 613.627746582, 558.383850098, 358.842773438, 43.7709770203, 8.58030128479, 5.96692895889, 5.12448453903, 0.974638223648, 0.0830173119903, 0.0417545363307, 0.00250756810419, 0.00223634624854, 0.000597246631514, 0.000739702081773, 0.000619768688921, 0.000106294486613, 1.35941519375e-07, 2.01788738496e-10], "dvar2": [0.00192087702453, 1.5656837225, 13.4039335251, 4.37927389145, 16.0026073456, 30.9678268433, 564.931213379, 197.662857056, 133.791732788, 715.295349121, 2544.63500977, 8600.3515625, 4073.43774414, 2215.3371582, 4765.54785156, 36649.1367188, 11871.7285156, 24974.3710938, 29627.2226563, 7083.89648438, 1864.22949219, 1454.42248535, 1227.68200684, 1233.53259277, 770.433410645, 75.3821487427, 18.1791725159, 12.8918018341, 9.60973930359, 1.95105409622, 0.159082889557, 0.0809011012316, 0.00478984648362, 0.00477007590234, 0.00109599065036, 0.00124824105296, 0.00126873177942, 0.000285284098936, 3.71338444438e-07, 4.34053348819e-10], "max": [0.57588237524, 20.4628009796, 71.6802368164, 37.0255088806, 66.0124359131, 141.886978149, 927.725280762, 560.089111328, 373.432952881, 816.909179688, 1990.70751953, 3285.66992188, 2457.43359375, 1347.10766602, 3368.97924805, 7225.43554688, 2478.5402832, 3906.49804688, 5792.96972656, 2230.86132813, 932.400695801, 928.273193359, 1124.38378906, 749.188842773, 533.41418457, 440.744689941, 91.6960906982, 81.2376403809, 90.0314025879, 34.8154907227, 14.2646408081, 10.271777153, 1.7046738863, 1.95461213589, 1.46783494949, 1.67054510117, 1.41138732433, 0.512240469456, 0.0167796500027, 0.000543158792425], "mean": [0.016068726778, 0.403299927711, 1.21361708641, 0.902820527554, 1.46801996231, 2.58717155457, 3.94877314568, 4.14408683777, 4.57270097733, 3.57446312904, 6.18282079697, 18.6119785309, 18.6125659943, 20.9348316193, 13.8598918915, 29.3656520844, 41.4045524597, 38.3104248047, 66.2584533691, 22.9591217041, 13.8333368301, 9.09069728851, 12.1916370392, 11.4171876907, 11.6864242554, 3.93764352798, 1.66096353531, 1.27860093117, 1.81938612461, 0.950883865356, 0.266610503197, 0.161598056555, 0.0606801472604, 0.0647135600448, 0.0256080534309, 0.0121768303216, 0.00569261191413, 0.00115143018775, 4.20789692726e-05, 1.38420136864e-05], "median": [0.00591064058244, 0.0963157489896, 0.235482007265, 0.216661527753, 0.376458764076, 0.773088514805, 0.789195239544, 0.654659330845, 0.456440269947, 0.350076079369, 0.280700862408, 0.199060678482, 0.227944880724, 0.239757910371, 0.300244003534, 0.364493608475, 0.647237241268, 0.513676583767, 0.668436050415, 0.578858852386, 0.631900012493, 0.511604428291, 0.57358777523, 0.588787257671, 0.528365850449, 0.19136980176, 0.157232046127, 0.131092488766, 0.0803204253316, 0.0578740164638, 0.0304954312742, 0.019067376852, 0.00964036304504, 0.00674050813541, 0.00388145353645, 0.00198351824656, 0.000801463087555, 0.000182688090717, 7.52039977669e-06, 4.71649491374e-06], "min": [2.51406461641e-21, 7.22539760905e-21, 9.18394157973e-21, 2.87983867301e-20, 1.7209541758e-19, 1.29506653725e-19, 1.73296509679e-19, 8.85717599564e-19, 1.96272216335e-18, 4.7427243111e-19, 3.46526250373e-19, 2.09842362438e-18, 1.80202992165e-18, 1.68209586726e-18, 1.59257093675e-18, 7.09114559463e-18, 5.50141943541e-18, 2.87933092628e-18, 4.26765473637e-18, 4.39123882861e-18, 8.44982862824e-18, 1.60691679215e-17, 1.57086247079e-17, 1.42552055059e-17, 1.58298960031e-17, 1.35728923427e-17, 1.87536055829e-17, 1.9054512383e-17, 3.14533177992e-17, 2.00896776344e-17, 2.14936992646e-17, 1.30872992729e-17, 1.48716932903e-17, 9.78531834465e-18, 1.22366250766e-17, 5.25147605998e-18, 3.16244052197e-18, 1.19311642335e-18, 3.6777522784e-19, 3.20440722015e-20], "var": [0.000891761563253, 0.819088935852, 10.13763237, 4.0160984993, 11.0600624084, 32.5762519836, 572.063842773, 231.639801025, 387.114959717, 514.244750977, 3902.91748047, 24693.2988281, 13354.9716797, 5042.88574219, 9111.40917969, 34802.84375, 23151.1015625, 36488.9726563, 146022.84375, 10550.0117188, 2101.96069336, 1204.20629883, 2289.2800293, 1909.83068848, 1241.32373047, 196.229660034, 22.5689983368, 13.9952573776, 27.7046089172, 5.71267986298, 0.534196436405, 0.220488965511, 0.0191300753504, 0.0325541272759, 0.00525970337912, 0.00458670966327, 0.00232806499116, 0.000137301307404, 1.59261205113e-07, 7.61648855097e-10]}, "erbbands_crest": {"dmean": 2.75206637383, "dmean2": 4.35239934921, "dvar": 7.09682512283, "dvar2": 16.5930271149, "max": 32.0849113464, "mean": 12.4543876648, "median": 11.4245700836, "min": 2.26962447166, "var": 31.6333408356}, "erbbands_flatness_db": {"dmean": 0.0173199996352, "dmean2": 0.0249454416335, "dvar": 0.000345896522049, "dvar2": 0.000674452632666, "max": 0.43284919858, "mean": 0.18312188983, "median": 0.172202959657, "min": 0.0370101742446, "var": 0.00398357724771}, "erbbands_kurtosis": {"dmean": 1.98776900768, "dmean2": 2.96967244148, "dvar": 14.9269037247, "dvar2": 31.3992786407, "max": 116.283103943, "mean": 3.24117255211, "median": 0.930514752865, "min": -1.87238168716, "var": 55.4070205688}, "erbbands_skewness": {"dmean": 0.448536872864, "dmean2": 0.652730405331, "dvar": 0.267909705639, "dvar2": 0.518143296242, "max": 9.85526847839, "mean": 0.714466094971, "median": 0.52962321043, "min": -4.22378015518, "var": 2.10174751282}, "erbbands_spread": {"dmean": 7.67289686203, "dmean2": 11.6136445999, "dvar": 103.789299011, "dvar2": 227.304321289, "max": 149.33152771, "mean": 35.093875885, "median": 30.6683712006, "min": 1.03406453133, "var": 533.851928711}, "gfcc": {"cov": [[9334.71582031, -210.932479858, -3708.71264648, -508.896697998, -682.669311523, 74.9757537842, 275.82611084, -236.80406189, 85.3046417236, -182.520339966, 83.4007797241, -34.7894859314, 135.709259033], [-210.932479858, 950.016540527, 659.805725098, -48.6219558716, 130.246902466, 37.4928359985, 109.867782593, 40.2927932739, 14.1570415497, -57.8201370239, -28.3989257813, -41.1728363037, -25.0737571716], [-3708.71264648, 659.805725098, 2921.61181641, 743.81451416, 314.405456543, -9.56404972076, -144.550216675, 120.006889343, -25.7086906433, 55.5443725586, -111.855163574, -28.058216095, -28.5715007782], [-508.896697998, -48.6219558716, 743.81451416, 800.705383301, 216.214431763, -87.5379714966, -180.248855591, -15.8739938736, 46.888343811, 112.884864807, 12.9082460403, 7.74841022491, 63.3612785339], [-682.669311523, 130.246902466, 314.405456543, 216.214431763, 427.702606201, 63.0624885559, -17.7618350983, 39.3375511169, 36.9986572266, 47.7918777466, 3.03275156021, -21.7068519592, -12.6633644104], [74.9757537842, 37.4928359985, -9.56404972076, -87.5379714966, 63.0624885559, 302.894561768, 204.987579346, 37.9146652222, -12.3119726181, -45.4332695007, -50.26379776, -23.5177059174, -35.2437591553], [275.82611084, 109.867782593, -144.550216675, -180.248855591, -17.7618350983, 204.987579346, 303.445404053, 63.0886306763, -19.5723667145, -67.1137161255, -43.4699859619, -29.857416153, -30.9735889435], [-236.80406189, 40.2927932739, 120.006889343, -15.8739938736, 39.3375511169, 37.9146652222, 63.0886306763, 137.89515686, 27.0156707764, -2.612180233, -20.1433563232, -17.6352100372, -22.7497711182], [85.3046417236, 14.1570415497, -25.7086906433, 46.888343811, 36.9986572266, -12.3119726181, -19.5723667145, 27.0156707764, 132.07975769, 50.01978302, 23.3507499695, -2.1912624836, 9.9411687851], [-182.520339966, -57.8201370239, 55.5443725586, 112.884864807, 47.7918777466, -45.4332695007, -67.1137161255, -2.612180233, 50.01978302, 108.832717896, 55.5541763306, 14.9539051056, 12.0745630264], [83.4007797241, -28.3989257813, -111.855163574, 12.9082460403, 3.03275156021, -50.26379776, -43.4699859619, -20.1433563232, 23.3507499695, 55.5541763306, 117.891044617, 44.7884750366, 7.4553694725], [-34.7894859314, -41.1728363037, -28.058216095, 7.74841022491, -21.7068519592, -23.5177059174, -29.857416153, -17.6352100372, -2.1912624836, 14.9539051056, 44.7884750366, 88.4101791382, 35.3032493591], [135.709259033, -25.0737571716, -28.5715007782, 63.3612785339, -12.6633644104, -35.2437591553, -30.9735889435, -22.7497711182, 9.9411687851, 12.0745630264, 7.4553694725, 35.3032493591, 90.6802139282]], "icov": [[0.000416493363446, -0.000505491858348, 0.000735466310289, -0.000678228272591, 0.000656936084852, -0.000409860105719, 0.000158438604558, 3.61340062227e-05, -0.000185286116903, 0.000513299193699, -0.000113479269203, 0.000403218960855, -0.000257510953816], [-0.000505491858348, 0.00239968369715, -0.00153466977645, 0.00144692452159, -0.00146008236334, 0.0012952897232, -0.00135257351212, 0.000655593874399, -0.000683775579091, 0.00077471305849, -0.000803136790637, 0.000281286018435, -0.000144191770232], [0.000735466310289, -0.00153466977645, 0.00206940760836, -0.00191394297872, 0.00128625007346, -0.00104977702722, 0.000892182870302, -0.000701066281181, 0.000326511188177, 0.000308983231662, 0.00075269973604, 9.64958453551e-05, 0.000188427002286], [-0.000678228272591, 0.00144692452159, -0.00191394297872, 0.00370083004236, -0.00200523575768, 0.000943326798733, -2.55348459177e-05, 0.000619649246801, -0.000103613914689, -0.00180852250196, 5.22962654941e-05, 0.000167855192558, -0.00135797087569], [0.000656936084852, -0.00146008236334, 0.00128625007346, -0.00200523575768, 0.00447620870546, -0.00225021876395, 0.00132483791094, -0.000932312163059, -0.00021024113812, -0.000210158206755, -0.000423338002292, 0.00116004468873, 2.28885801334e-05], [-0.000409860105719, 0.0012952897232, -0.00104977702722, 0.000943326798733, -0.00225021876395, 0.00788375176489, -0.00559628708288, 0.00142977491487, -0.000569041527342, -0.000222954535275, 0.00183268415276, -0.00164123135619, 0.00175903481431], [0.000158438604558, -0.00135257351212, 0.000892182870302, -2.55348459177e-05, 0.00132483791094, -0.00559628708288, 0.00891443714499, -0.00324733299203, 0.000985722639598, 0.00136645627208, -0.00056889973348, 0.00133165554143, -0.000833666126709], [3.61340062227e-05, 0.000655593874399, -0.000701066281181, 0.000619649246801, -0.000932312163059, 0.00142977491487, -0.00324733299203, 0.0101470649242, -0.00293158111162, -7.81053677201e-06, 0.00111313676462, -0.000164764962392, 0.00163038901519], [-0.000185286116903, -0.000683775579091, 0.000326511188177, -0.000103613914689, -0.00021024113812, -0.000569041527342, 0.000985722639598, -0.00293158111162, 0.0107120648026, -0.00525386538357, -2.51538523344e-07, 0.00090511504095, -0.00121292902622], [0.000513299193699, 0.00077471305849, 0.000308983231662, -0.00180852250196, -0.000210158206755, -0.000222954535275, 0.00136645627208, -7.81053677201e-06, -0.00525386538357, 0.0194237735122, -0.00820759683847, 0.00234740739688, -0.00109365885146], [-0.000113479269203, -0.000803136790637, 0.00075269973604, 5.22962654941e-05, -0.000423338002292, 0.00183268415276, -0.00056889973348, 0.00111313676462, -2.51538523344e-07, -0.00820759683847, 0.0166501738131, -0.00836120918393, 0.00386564573273], [0.000403218960855, 0.000281286018435, 9.64958453551e-05, 0.000167855192558, 0.00116004468873, -0.00164123135619, 0.00133165554143, -0.000164764962392, 0.00090511504095, 0.00234740739688, -0.00836120918393, 0.0188293773681, -0.00772986188531], [-0.000257510953816, -0.000144191770232, 0.000188427002286, -0.00135797087569, 2.28885801334e-05, 0.00175903481431, -0.000833666126709, 0.00163038901519, -0.00121292902622, -0.00109365885146, 0.00386564573273, -0.00772986188531, 0.0161627829075]], "mean": [-137.25881958, 94.559753418, -103.646057129, 38.8659896851, -38.1842308044, 8.53425598145, -37.3366889954, 2.94959139824, -27.2106494904, 4.68521118164, -14.5185613632, 4.20409250259, -14.0197019577]}, "hfc": {"dmean": 2.77990317345, "dmean2": 3.58590292931, "dvar": 82.4532165527, "dvar2": 120.864700317, "max": 250.339187622, "mean": 10.7027101517, "median": 1.3638625145, "min": 1.14177711949e-16, "var": 733.485717773}, "melbands": {"dmean": [0.000170901883394, 0.00036122687743, 8.49718126119e-05, 7.6468095358e-05, 6.38023775537e-05, 4.34604517068e-05, 2.57391493506e-05, 2.46800573223e-05, 2.97876431432e-05, 4.5724780648e-05, 3.46360793628e-05, 2.66133592959e-05, 2.21731024794e-05, 4.09928761655e-05, 5.51920529688e-05, 3.14847420668e-05, 4.1672577936e-05, 4.42186137661e-05, 2.38724296651e-05, 1.14887088785e-05, 7.24010715203e-06, 5.25918085259e-06, 6.19245747657e-06, 5.10023119205e-06, 4.70063469038e-06, 3.65890991816e-06, 2.64932032223e-06, 8.3406274598e-07, 4.52654433047e-07, 5.18024648954e-07, 2.99476454302e-07, 3.60017736512e-07, 3.28330543198e-07, 1.33454022944e-07, 5.96688281007e-08, 5.4719887288e-08, 3.38216814555e-08, 1.43926257579e-08, 1.59189195159e-08, 1.62040656448e-08], "dmean2": [0.000278161896858, 0.000543109199498, 0.000129047024529, 0.000120483782666, 9.33961418923e-05, 6.49230059935e-05, 3.83969236282e-05, 3.73100301658e-05, 3.74486407964e-05, 6.43259845674e-05, 4.74590779049e-05, 3.59216028301e-05, 3.11451076414e-05, 6.07207402936e-05, 8.20742279757e-05, 4.76484783576e-05, 5.87529721088e-05, 6.05719214946e-05, 3.14233984682e-05, 1.67906473507e-05, 1.11096906039e-05, 8.07461128716e-06, 9.55109044298e-06, 7.80407572165e-06, 7.17180409993e-06, 5.63055527891e-06, 3.97293570131e-06, 1.26395661937e-06, 6.85391853494e-07, 7.74722650476e-07, 4.62850579197e-07, 5.3788033938e-07, 4.91308753681e-07, 2.02803065008e-07, 8.70190888236e-08, 8.19295351562e-08, 5.00324368602e-08, 2.1593992372e-08, 2.39414390535e-08, 2.4478705285e-08], "dvar": [2.49233096383e-07, 1.50077482886e-06, 6.59600445374e-08, 4.56193269827e-08, 1.84544248327e-07, 7.09503353846e-08, 1.40385960634e-08, 4.56087789757e-08, 1.09493143441e-07, 2.81365828414e-07, 6.44986215548e-08, 1.79279613377e-08, 2.73565881059e-08, 1.05923255944e-07, 9.13843720696e-08, 2.17977227379e-08, 6.120193774e-08, 7.6048600306e-08, 1.95225524635e-08, 2.94317503702e-09, 1.05983344323e-09, 7.96741284059e-10, 1.13948361857e-09, 4.68493244199e-10, 4.83695306031e-10, 2.71021427523e-10, 1.57346274898e-10, 1.35209612603e-11, 3.49759977925e-12, 5.20126650083e-12, 1.81380832662e-12, 1.76726970731e-12, 1.77787038563e-12, 1.40551050074e-13, 2.99111084479e-14, 3.56906276994e-14, 1.17436705095e-14, 1.38629668488e-15, 1.77043237333e-15, 1.99392296937e-15], "dvar2": [6.5253033199e-07, 3.39056668963e-06, 1.45822014019e-07, 1.12265929886e-07, 3.67864004147e-07, 1.12649964024e-07, 2.96917850306e-08, 9.48174729842e-08, 1.48810556766e-07, 4.27595409747e-07, 1.06539921774e-07, 3.7530703878e-08, 4.87536411242e-08, 2.44052074549e-07, 1.78961883535e-07, 3.70792818671e-08, 1.20352737554e-07, 1.38297266972e-07, 3.59974983155e-08, 5.90307269732e-09, 2.55063992149e-09, 1.75452274931e-09, 2.1845447673e-09, 1.08629327755e-09, 1.08944142596e-09, 6.55211884748e-10, 3.00650587759e-10, 2.63083461266e-11, 8.00118998834e-12, 1.14137015811e-11, 4.03997928861e-12, 3.25991252222e-12, 3.4262002957e-12, 3.07272734817e-13, 5.93307073935e-14, 7.47506372664e-14, 2.35743617959e-14, 2.7192099653e-15, 3.75780873093e-15, 4.38102804495e-15], "max": [0.0121826678514, 0.0336145423353, 0.00673826225102, 0.00686337426305, 0.025938956067, 0.0149947879836, 0.00588036607951, 0.0084879565984, 0.0169484373182, 0.0260793156922, 0.0119594186544, 0.0051757209003, 0.00864998809993, 0.0094832982868, 0.0176822412759, 0.00810362026095, 0.00793769955635, 0.0120870284736, 0.00587789714336, 0.00212870468386, 0.000891595089342, 0.00128093489911, 0.001944685122, 0.000729536346626, 0.000628199253697, 0.000617053301539, 0.000560066720936, 0.000206633485504, 6.75151895848e-05, 8.45670656417e-05, 4.41668089479e-05, 5.65970040043e-05, 6.0524802393e-05, 1.16924766189e-05, 7.80599293648e-06, 9.319261153e-06, 5.34350465387e-06, 1.18363743695e-06, 1.68738154116e-06, 1.89663126093e-06], "mean": [0.000272731442237, 0.000632914190646, 0.000173602995346, 0.000151607979205, 0.000133811641717, 9.61855839705e-05, 6.6177744884e-05, 3.96635441575e-05, 5.4880627431e-05, 0.000130517553771, 9.66037623584e-05, 8.93396136235e-05, 3.88055850635e-05, 6.02429972787e-05, 9.97201277642e-05, 7.0456728281e-05, 7.34332497814e-05, 0.000114930102427, 4.97517758049e-05, 2.04961015697e-05, 1.44212872328e-05, 8.80273182702e-06, 1.14710173875e-05, 9.83437439572e-06, 9.19344438444e-06, 8.46347847983e-06, 6.08347227171e-06, 1.89619777302e-06, 9.54100528361e-07, 9.989443015e-07, 6.24481913292e-07, 1.01046873624e-06, 9.62434910434e-07, 3.57984731636e-07, 1.41834419765e-07, 1.26374644083e-07, 8.2850668548e-08, 3.68336294798e-08, 4.87888769385e-08, 5.67223104042e-08], "median": [8.21857174742e-05, 0.000138248753501, 4.26820406574e-05, 4.50369152531e-05, 3.29552676703e-05, 1.49432862599e-05, 5.9799713199e-06, 2.9620141504e-06, 1.7578815914e-06, 9.95180130303e-07, 1.03696913811e-06, 7.72426119511e-07, 8.0907273059e-07, 7.0881276315e-07, 1.2065164583e-06, 9.98864265966e-07, 7.21047229035e-07, 9.15811540381e-07, 6.49247340334e-07, 8.16474710064e-07, 5.89781791405e-07, 4.23695809104e-07, 5.03977730659e-07, 3.69361913499e-07, 3.98386532652e-07, 4.31325673844e-07, 2.03234620244e-07, 8.77348611539e-08, 8.29360971011e-08, 8.87926390192e-08, 6.42993214228e-08, 4.45803962634e-08, 3.55702951538e-08, 2.83970340575e-08, 1.67792251204e-08, 1.32454509583e-08, 1.0116081306e-08, 6.62977095445e-09, 5.82558268292e-09, 5.299066963e-09], "min": [1.87270498635e-23, 6.621638485e-24, 8.30903799367e-24, 1.36699402792e-23, 5.32895302442e-24, 1.91691638024e-23, 2.77551905814e-23, 3.3830954675e-24, 3.39628009423e-24, 1.40790798322e-23, 9.03767804625e-24, 7.21058389303e-24, 4.08297010159e-24, 1.35484288785e-23, 1.71337590943e-23, 8.14763863019e-24, 4.9196233559e-24, 7.22437791482e-24, 4.51091215432e-24, 1.03734467507e-23, 9.4891715413e-24, 1.4390933903e-23, 1.91555685736e-23, 1.08046002562e-23, 1.18684312517e-23, 1.05258041905e-23, 1.03336810614e-23, 8.10318158501e-24, 9.35880281038e-24, 1.46058432794e-23, 9.88961548059e-24, 1.74977063838e-23, 1.43229672251e-23, 1.07288877531e-23, 1.2884623726e-23, 1.10570728223e-23, 6.66434504782e-24, 9.67349362497e-24, 1.09187026753e-23, 6.94684639317e-24], "var": [3.10393176051e-07, 2.34001481658e-06, 1.47851196175e-07, 1.02930407309e-07, 4.47880836418e-07, 1.45817651287e-07, 8.5406981043e-08, 8.00827208991e-08, 2.69814535159e-07, 1.43356601257e-06, 3.56232163767e-07, 9.68194839857e-08, 8.14517022718e-08, 1.51570688445e-07, 2.12281833001e-07, 1.39231673302e-07, 1.65249204542e-07, 5.03009971453e-07, 7.30968210405e-08, 6.82510981065e-09, 2.2911352815e-09, 1.45964529352e-09, 2.83772805254e-09, 1.36851951993e-09, 1.46482737051e-09, 6.80630052319e-10, 5.26326426886e-10, 4.92220361692e-11, 7.91712702342e-12, 1.27838122033e-11, 3.49153670386e-12, 8.82141928948e-12, 8.45472997169e-12, 8.2536641367e-13, 1.70270251349e-13, 1.62581848483e-13, 5.99592939318e-14, 8.05186046825e-15, 1.67974561669e-14, 2.7828239184e-14]}, "melbands_crest": {"dmean": 2.95589518547, "dmean2": 4.70036792755, "dvar": 8.36900615692, "dvar2": 20.5301914215, "max": 34.0353355408, "mean": 16.1674194336, "median": 15.758061409, "min": 2.14973402023, "var": 36.1875648499}, "melbands_flatness_db": {"dmean": 0.0273175295442, "dmean2": 0.0394116230309, "dvar": 0.000887875794433, "dvar2": 0.00179215776734, "max": 0.584845125675, "mean": 0.272029310465, "median": 0.259997844696, "min": 0.00784981437027, "var": 0.00993544794619}, "melbands_kurtosis": {"dmean": 17.2045574188, "dmean2": 26.494178772, "dvar": 1170.48742676, "dvar2": 2633.33056641, "max": 792.398925781, "mean": 40.135848999, "median": 14.8304805756, "min": -1.82417595387, "var": 4294.07666016}, "melbands_skewness": {"dmean": 0.941784322262, "dmean2": 1.42145431042, "dvar": 1.35237205029, "dvar2": 3.04210591316, "max": 18.5664691925, "mean": 3.39241027832, "median": 2.99479174614, "min": -3.40603995323, "var": 9.37443065643}, "melbands_spread": {"dmean": 4.72965192795, "dmean2": 7.1289935112, "dvar": 61.2773284912, "dvar2": 127.80644989, "max": 163.702468872, "mean": 17.7818241119, "median": 10.599521637, "min": 0.300719052553, "var": 387.985626221}, "mfcc": {"cov": [[11451.9658203, -1019.36016846, -3272.02758789, -949.228637695, -1267.85314941, -48.2936210632, -350.672668457, 81.2683258057, -124.027351379, -84.8332672119, 70.126991272, -521.817016602, 117.59841156], [-1019.36016846, 1129.70922852, 547.520019531, -47.2543563843, 97.3253860474, 22.9283161163, 148.335723877, 122.81854248, 68.1338043213, 19.3507041931, 54.7389526367, 70.8153762817, -105.833984375], [-3272.02758789, 547.520019531, 2007.94311523, 637.669433594, 461.768554688, 103.493141174, 118.089668274, -5.35727119446, 111.701347351, 27.4184303284, -48.1019020081, 129.947799683, -26.6698856354], [-949.228637695, -47.2543563843, 637.669433594, 724.460327148, 436.902191162, 51.2106056213, -41.3562927246, -138.02394104, 21.2416362762, 34.0383148193, -68.0923995972, 54.9063835144, 92.3985748291], [-1267.85314941, 97.3253860474, 461.768554688, 436.902191162, 526.248535156, 83.0148468018, -5.05067825317, -77.4429016113, 22.7652854919, 59.5521583557, -30.0066394806, 82.3647232056, 40.2074050903], [-48.2936210632, 22.9283161163, 103.493141174, 51.2106056213, 83.0148468018, 224.630630493, 94.3012619019, 52.7886123657, 49.5803718567, 30.8041629791, 0.153790816665, -1.04438257217, 1.80567109585], [-350.672668457, 148.335723877, 118.089668274, -41.3562927246, -5.05067825317, 94.3012619019, 222.555786133, 115.631378174, 55.9567337036, 29.8088359833, 10.9046936035, 19.6625232697, -25.1266307831], [81.2683258057, 122.81854248, -5.35727119446, -138.02394104, -77.4429016113, 52.7886123657, 115.631378174, 191.95489502, 73.2030105591, 25.0776195526, 30.7429141998, -6.78350877762, -34.397228241], [-124.027351379, 68.1338043213, 111.701347351, 21.2416362762, 22.7652854919, 49.5803718567, 55.9567337036, 73.2030105591, 145.224960327, 48.7023735046, -7.43724107742, -0.158068329096, -8.66347980499], [-84.8332672119, 19.3507041931, 27.4184303284, 34.0383148193, 59.5521583557, 30.8041629791, 29.8088359833, 25.0776195526, 48.7023735046, 131.460174561, 29.235250473, -2.54951071739, -2.24490213394], [70.126991272, 54.7389526367, -48.1019020081, -68.0923995972, -30.0066394806, 0.153790816665, 10.9046936035, 30.7429141998, -7.43724107742, 29.235250473, 105.03364563, 10.1266374588, -15.0921993256], [-521.817016602, 70.8153762817, 129.947799683, 54.9063835144, 82.3647232056, -1.04438257217, 19.6625232697, -6.78350877762, -0.158068329096, -2.54951071739, 10.1266374588, 129.60055542, 19.1700820923], [117.59841156, -105.833984375, -26.6698856354, 92.3985748291, 40.2074050903, 1.80567109585, -25.1266307831, -34.397228241, -8.66347980499, -2.24490213394, -15.0921993256, 19.1700820923, 144.835754395]], "icov": [[0.000260185275692, -8.23956288514e-05, 0.000393260736018, -0.000366672757082, 0.000568362302147, -0.000359552999726, 0.000425317150075, -0.00023773709836, -8.49718344398e-06, -8.02030172053e-06, -6.50626825518e-05, 0.000442193762865, -0.000167042118846], [-8.23956288514e-05, 0.0013415957801, -0.000507216725964, 0.000618137826677, -0.000669282744639, 0.000499238900375, -0.000620794191491, -0.000214007217437, -0.0001957481727, 0.000251797348028, -0.000510055513587, -0.000344804459019, 0.000565219263081], [0.000393260736018, -0.000507216725964, 0.00155435292982, -0.0014762240462, 0.000860419124365, -0.000590224692132, 0.00041928520659, -0.000457974907476, -0.00034461269388, 0.000263192370767, 2.60713363787e-06, 0.000260333734332, 0.000219797351747], [-0.000366672757082, 0.000618137826677, -0.0014762240462, 0.00478165736422, -0.00334895658307, 0.000684581405949, -0.000735175912268, 0.0019652552437, -0.000609669426922, -5.03705559822e-05, 0.000662011443637, 0.000127032471937, -0.001297637471], [0.000568362302147, -0.000669282744639, 0.000860419124365, -0.00334895658307, 0.0061195474118, -0.00222085765563, 0.0016009544488, -0.000128101411974, 0.000483638141304, -0.00173406035174, 0.000446490041213, -0.00103043322451, 0.000105521037767], [-0.000359552999726, 0.000499238900375, -0.000590224692132, 0.000684581405949, -0.00222085765563, 0.0068015884608, -0.00313011859544, -0.000184707721928, -0.000961915007792, 0.00023269779922, -0.000313445489155, 0.000556033279281, -0.000104024584289], [0.000425317150075, -0.000620794191491, 0.00041928520659, -0.000735175912268, 0.0016009544488, -0.00313011859544, 0.00891247112304, -0.00436315219849, 0.000450532068498, -0.00111438974272, 0.000997010734864, -0.000790099555161, 6.99437441654e-05], [-0.00023773709836, -0.000214007217437, -0.000457974907476, 0.0019652552437, -0.000128101411974, -0.000184707721928, -0.00436315219849, 0.0114070689306, -0.00424990337342, 0.000406434934121, -0.00199761614203, 0.000254773767665, 0.000198795678443], [-8.49718344398e-06, -0.0001957481727, -0.00034461269388, -0.000609669426922, 0.000483638141304, -0.000961915007792, 0.000450532068498, -0.00424990337342, 0.0109236883, -0.00368652492762, 0.00271707074717, -0.000207167380722, 4.27382801718e-05], [-8.02030172053e-06, 0.000251797348028, 0.000263192370767, -5.03705559822e-05, -0.00173406035174, 0.00023269779922, -0.00111438974272, 0.000406434934121, -0.00368652492762, 0.0106906676665, -0.00390693871304, 0.00139193574432, 6.62948059471e-06], [-6.50626825518e-05, -0.000510055513587, 2.60713363787e-06, 0.000662011443637, 0.000446490041213, -0.000313445489155, 0.000997010734864, -0.00199761614203, 0.00271707074717, -0.00390693871304, 0.0124046718702, -0.00192312977742, 0.000485877506435], [0.000442193762865, -0.000344804459019, 0.000260333734332, 0.000127032471937, -0.00103043322451, 0.000556033279281, -0.000790099555161, 0.000254773767665, -0.000207167380722, 0.00139193574432, -0.00192312977742, 0.010641890578, -0.00204127817415], [-0.000167042118846, 0.000565219263081, 0.000219797351747, -0.001297637471, 0.000105521037767, -0.000104024584289, 6.99437441654e-05, 0.000198795678443, 4.27382801718e-05, 6.62948059471e-06, 0.000485877506435, -0.00204127817415, 0.00867613963783]], "mean": [-789.573486328, 128.167739868, -0.334524214268, 37.8434181213, 15.8297395706, 11.9990692139, 2.72699332237, 2.06969547272, -5.33847951889, -2.90516018867, 2.88961148262, -3.56757903099, -0.888864099979]}, "pitch_salience": {"dmean": 0.0743236616254, "dmean2": 0.118908897042, "dvar": 0.0056545776315, "dvar2": 0.014329274185, "max": 0.923394083977, "mean": 0.482863426208, "median": 0.489679038525, "min": 0.0312034077942, "var": 0.0178598128259}, "silence_rate_20dB": {"dmean": 0, "dmean2": 0, "dvar": 0, "dvar2": 0, "max": 1, "mean": 1, "median": 1, "min": 1, "var": 0}, "silence_rate_30dB": {"dmean": 0.00596733670682, "dmean2": 0.011936548166, "dvar": 0.00593193108216, "dvar2": 0.0127359796315, "max": 1, "mean": 0.989480316639, "median": 1, "min": 0, "var": 0.0104091521353}, "silence_rate_60dB": {"dmean": 0.0766331627965, "dmean2": 0.153290405869, "dvar": 0.070755943656, "dvar2": 0.143300354481, "max": 1, "mean": 0.448422044516, "median": 0, "min": 0, "var": 0.247335225344}, "spectral_centroid": {"dmean": 172.744735718, "dmean2": 252.854309082, "dvar": 64387.6367188, "dvar2": 118039.171875, "max": 10579.5097656, "mean": 1121.41320801, "median": 956.746398926, "min": 112.148139954, "var": 623432.125}, "spectral_complexity": {"dmean": 1.49214828014, "dmean2": 2.31788921356, "dvar": 6.10166501999, "dvar2": 11.3417510986, "max": 54, "mean": 6.78913497925, "median": 4, "min": 0, "var": 46.6127319336}, "spectral_contrast_coeffs": {"dmean": [0.0423082262278, 0.0394336991012, 0.0325841121376, 0.0288519579917, 0.0203551668674, 0.0156906023622], "dmean2": [0.0691611543298, 0.0636085420847, 0.0516132637858, 0.0449959523976, 0.0316592566669, 0.0240021776408], "dvar": [0.00119229662232, 0.00113066437189, 0.000813490478322, 0.000675128132571, 0.000399234151701, 0.000267050083494], "dvar2": [0.00313644902781, 0.00272036297247, 0.00185935327318, 0.0014345862437, 0.000818940461613, 0.000534636666998], "max": [-0.318861454725, -0.280629336834, -0.313778102398, -0.453943818808, -0.548757314682, -0.559942901134], "mean": [-0.673936545849, -0.732791423798, -0.780373811722, -0.763071417809, -0.785600364208, -0.782262265682], "median": [-0.679275035858, -0.745385169983, -0.813946306705, -0.781779825687, -0.799736022949, -0.789015352726], "min": [-0.962249457836, -0.964753210545, -0.971541941166, -0.97105383873, -0.961487829685, -0.961742579937], "var": [0.0068118670024, 0.00881510134786, 0.0111312186345, 0.0085565391928, 0.00537500204518, 0.00371481012553]}, "spectral_contrast_valleys": {"dmean": [0.415495127439, 0.377388983965, 0.354497492313, 0.324724942446, 0.26500159502, 0.206594750285], "dmean2": [0.671178996563, 0.600716292858, 0.546259939671, 0.480890959501, 0.370966106653, 0.283993750811], "dvar": [0.149218559265, 0.14856672287, 0.149968355894, 0.14341172576, 0.12196687609, 0.0790057703853], "dvar2": [0.293987751007, 0.272591233253, 0.251092106104, 0.217226207256, 0.160295769572, 0.10015489161], "max": [-5.26910543442, -5.52456951141, -5.53434705734, -5.04858922958, -5.60354852676, -9.12077713013], "mean": [-8.30926799774, -8.35752487183, -9.05739307404, -9.22762680054, -9.10037231445, -11.6351213455], "median": [-8.22288227081, -8.30648803711, -9.09372138977, -9.315117836, -9.18280029297, -11.7932214737], "min": [-27.3203334808, -27.2994441986, -27.3801002502, -27.3906822205, -27.1721477509, -27.1121845245], "var": [1.06305932999, 0.895658016205, 1.3464525938, 1.40807664394, 1.21807646751, 0.545422613621]}, "spectral_decrease": {"dmean": 7.85726705921e-10, "dmean2": 1.07156994389e-09, "dvar": 3.72342366005e-18, "dvar2": 6.48795349784e-18, "max": 4.56316790534e-18, "mean": -2.54120879895e-09, "median": -9.68044200356e-10, "min": -4.93508167665e-08, "var": 2.09461652561e-17}, "spectral_energy": {"dmean": 0.00319269415922, "dmean2": 0.00433031283319, "dvar": 6.22959487373e-05, "dvar2": 0.000106123952719, "max": 0.20413222909, "mean": 0.0105618638918, "median": 0.00386264175177, "min": 1.07021298121e-20, "var": 0.000379274628358}, "spectral_energyband_high": {"dmean": 3.87305735785e-05, "dmean2": 5.41492190678e-05, "dvar": 1.59123896282e-08, "dvar2": 2.88102235402e-08, "max": 0.00399026460946, "mean": 0.000131353925099, "median": 1.23077434182e-05, "min": 7.87772726507e-21, "var": 9.00378438473e-08}, "spectral_energyband_low": {"dmean": 0.00134586880449, "dmean2": 0.00203993963078, "dvar": 1.82168441825e-05, "dvar2": 4.12484841945e-05, "max": 0.116839885712, "mean": 0.00249288184568, "median": 0.000694297254086, "min": 7.85062634626e-23, "var": 2.89764975605e-05}, "spectral_energyband_middle_high": {"dmean": 0.00150185334496, "dmean2": 0.00201975135133, "dvar": 3.08550261252e-05, "dvar2": 5.14858365932e-05, "max": 0.172332331538, "mean": 0.00509038520977, "median": 0.000206354583497, "min": 1.59521538793e-21, "var": 0.000214666724787}, "spectral_energyband_middle_low": {"dmean": 0.00101422332227, "dmean2": 0.00141776469536, "dvar": 1.60960807989e-05, "dvar2": 2.38893589994e-05, "max": 0.170868501067, "mean": 0.0030518649146, "median": 0.00111399311572, "min": 3.58591050182e-22, "var": 8.9774504886e-05}, "spectral_entropy": {"dmean": 0.187449932098, "dmean2": 0.270028918982, "dvar": 0.0422631166875, "dvar2": 0.081952445209, "max": 9.81446075439, "mean": 7.0542178154, "median": 7.09615468979, "min": 4.52067375183, "var": 0.298143416643}, "spectral_flux": {"dmean": 0.0147055573761, "dmean2": 0.0227184798568, "dvar": 0.000509562902153, "dvar2": 0.00111944333185, "max": 0.38616552949, "mean": 0.0380253642797, "median": 0.0246759690344, "min": 1.03451101852e-10, "var": 0.00178750755731}, "spectral_kurtosis": {"dmean": 1.95545327663, "dmean2": 3.23645830154, "dvar": 5.39060497284, "dvar2": 15.0006332397, "max": 50.154209137, "mean": 6.5148692131, "median": 5.58036708832, "min": -1.21107041836, "var": 15.0490341187}, "spectral_rms": {"dmean": 0.000438197224867, "dmean2": 0.000589871022385, "dvar": 4.36100890511e-07, "dvar2": 7.02383601947e-07, "max": 0.014112171717, "mean": 0.00249230745248, "median": 0.00194124469999, "min": 3.2312694187e-12, "var": 4.09266613133e-06}, "spectral_rolloff": {"dmean": 225.883865356, "dmean2": 371.503875732, "dvar": 249499.78125, "dvar2": 506942.71875, "max": 18195.5566406, "mean": 1056.31970215, "median": 516.796875, "min": 64.599609375, "var": 1382238.875}, "spectral_skewness": {"dmean": 0.244506016374, "dmean2": 0.385655462742, "dvar": 0.0667500272393, "dvar2": 0.164527520537, "max": 5.28458070755, "mean": 1.85351240635, "median": 1.78361392021, "min": 0.0632856115699, "var": 0.3428169190