{"lowlevel": {"average_loudness": 0.832559168339, "barkbands": {"dmean": [0.00013550381118, 0.0015398155665, 0.00105007877573, 0.000739230425097, 0.00127877225168, 0.00137096666731, 0.00137772492599, 0.00150293728802, 0.00110597698949, 0.000484342133859, 0.000520222936757, 0.000372802925995, 0.000330005015712, 0.00044362139306, 0.000236909327214, 0.000139217620017, 9.52803748078e-05, 0.00010893997387, 0.000112797737529, 7.39559327485e-05, 7.11116226739e-05, 0.000102581107058, 9.44583152886e-05, 7.54403372412e-05, 6.43788225716e-05, 2.68802032224e-05, 8.58077328303e-06], "dmean2": [0.000211941063753, 0.00249589025043, 0.00188310770318, 0.0012581985211, 0.00213082879782, 0.00216633570381, 0.00212715333328, 0.00230657448992, 0.00165960029699, 0.000766769517213, 0.000823435431812, 0.000563616398722, 0.000522201997228, 0.000697801064234, 0.00036521916627, 0.000215476349695, 0.00014728208771, 0.000169410006492, 0.000169312435901, 0.000112957844976, 0.000103565827885, 0.000150144100189, 0.000132900007884, 0.000107439154817, 9.09709051484e-05, 3.87448890251e-05, 1.24098778542e-05], "dvar": [9.97444047357e-08, 1.04795581137e-05, 6.63179343974e-06, 2.32914339904e-06, 4.77820412925e-06, 5.18975230079e-06, 7.62198260418e-06, 1.0349398508e-05, 7.04122248862e-06, 1.87066598301e-06, 1.98456655198e-06, 1.2803430991e-06, 6.49184983104e-07, 1.02524109025e-06, 4.98073461586e-07, 1.06322858073e-07, 4.25870325671e-08, 6.5052716991e-08, 7.00531899156e-08, 2.94638624609e-08, 3.07456815563e-08, 8.61053663925e-08, 9.19129092836e-08, 7.38225907071e-08, 5.1767990783e-08, 6.37623021049e-09, 4.70220640203e-10], "dvar2": [2.30776137755e-07, 2.66555434791e-05, 1.8612941858e-05, 6.22298693997e-06, 1.28068686536e-05, 1.27247149067e-05, 1.73753196577e-05, 2.31705653277e-05, 1.57519771165e-05, 4.46564854428e-06, 5.02444117956e-06, 3.03008300762e-06, 1.56777798566e-06, 2.5308761451e-06, 1.15076909424e-06, 2.37956044202e-07, 1.0123221017e-07, 1.50246634689e-07, 1.46541822232e-07, 6.29821528264e-08, 6.08834014315e-08, 1.63664807928e-07, 1.65815819742e-07, 1.50913677999e-07, 1.01362061855e-07, 1.30496573547e-08, 9.62902757529e-10], "max": [0.00652086734772, 0.0398085527122, 0.0279028899968, 0.0208962764591, 0.0426058992743, 0.0771714150906, 0.0493884272873, 0.0774440318346, 0.0678145214915, 0.0350238233805, 0.0399269424379, 0.0317196771502, 0.0162095893174, 0.0262705795467, 0.0191631633788, 0.011119985953, 0.00584969483316, 0.00533636286855, 0.00994569528848, 0.00379692087881, 0.00522826937959, 0.00818117614836, 0.00656557036564, 0.0106778340414, 0.0057786591351, 0.00241361279041, 0.000610109418631], "mean": [0.000136383372592, 0.00231841416098, 0.0010951156728, 0.000871654192451, 0.00217695650645, 0.0026915424969, 0.00249685533345, 0.00239013927057, 0.00195736647584, 0.000760689785238, 0.000849244708661, 0.000587957561947, 0.000553961028345, 0.000795578001998, 0.000418012641603, 0.000266978837317, 0.000183255426236, 0.000224085859372, 0.000236644220422, 0.000144305333379, 0.000145297934068, 0.000206867669476, 0.0001763876935, 0.000141902710311, 0.000115165334137, 4.64339318569e-05, 1.26259137687e-05], "median": [1.42973040056e-05, 0.00128385750577, 0.000429974810686, 0.000271675817203, 0.00135934236459, 0.00155208201613, 0.000894813390914, 0.000632722629234, 0.000609879614785, 0.000235776387854, 0.00025308545446, 0.000143396202475, 0.000147879123688, 0.000188413716387, 5.88795592193e-05, 8.82396270754e-05, 5.42542511539e-05, 3.754242789e-05, 5.3470954299e-05, 4.38922361354e-05, 4.08372434322e-05, 4.41452029918e-05, 2.55320883298e-05, 2.08767814911e-05, 1.50168862092e-05, 7.32890566724e-06, 1.50930441123e-06], "min": [7.39466133122e-25, 8.26875717813e-24, 3.87107456827e-24, 1.98921532443e-24, 1.19575141583e-23, 1.82716783283e-23, 1.11982402702e-23, 1.57880854523e-23, 2.40484483615e-23, 1.63325525159e-23, 3.62888417295e-23, 1.74440685754e-23, 4.26051153135e-23, 2.87164680815e-23, 6.73121631344e-23, 8.98863014615e-23, 1.13440621551e-22, 1.18533646395e-22, 1.43420062253e-22, 1.69870505296e-22, 3.54203418449e-22, 2.85845301485e-22, 5.44020391641e-22, 6.49460625705e-22, 9.36503253962e-22, 1.32433312436e-21, 2.10244754787e-21], "var": [1.10436218392e-07, 1.18789184853e-05, 4.67788004244e-06, 2.29981537814e-06, 7.06240780346e-06, 1.28796282297e-05, 1.88890589925e-05, 2.15547624975e-05, 1.7054091586e-05, 3.20465346704e-06, 4.67212794319e-06, 2.49300524047e-06, 1.40660097259e-06, 2.45016576628e-06, 1.33285050197e-06, 2.72287820735e-07, 1.08014262423e-07, 2.09226470815e-07, 2.75127632676e-07, 7.59375993198e-08, 8.1713871225e-08, 2.18238966454e-07, 2.44824690299e-07, 1.82414012784e-07, 1.40970058737e-07, 1.650706416e-08, 1.01236652394e-09]}, "barkbands_crest": {"dmean": 2.36396980286, "dmean2": 3.8578710556, "dvar": 4.83926677704, "dvar2": 12.2915935516, "max": 24.181060791, "mean": 8.81923103333, "median": 8.16363334656, "min": 2.53126621246, "var": 11.3549833298}, "barkbands_flatness_db": {"dmean": 0.0203214883804, "dmean2": 0.0295350141823, "dvar": 0.000415731978137, "dvar2": 0.000834153092001, "max": 0.348661392927, "mean": 0.131223350763, "median": 0.120166502893, "min": 0.0228656232357, "var": 0.00329211703502}, "barkbands_kurtosis": {"dmean": 2.40355968475, "dmean2": 3.76360607147, "dvar": 13.1727342606, "dvar2": 31.2314224243, "max": 74.9213027954, "mean": 3.98717474937, "median": 2.32962536812, "min": -1.9270670414, "var": 32.3157501221}, "barkbands_skewness": {"dmean": 0.479642391205, "dmean2": 0.72961050272, "dvar": 0.251633495092, "dvar2": 0.549203336239, "max": 6.99687194824, "mean": 1.34102201462, "median": 1.27030706406, "min": -2.80940365791, "var": 0.854976773262}, "barkbands_spread": {"dmean": 5.23954486847, "dmean2": 7.91102457047, "dvar": 68.5045318604, "dvar2": 130.863891602, "max": 112.730987549, "mean": 19.4858779907, "median": 15.239107132, "min": 1.38465452194, "var": 264.91394043}, "dissonance": {"dmean": 0.0255227908492, "dmean2": 0.0424588769674, "dvar": 0.000683592050336, "dvar2": 0.00184968335088, "max": 0.500000119209, "mean": 0.443666100502, "median": 0.453335225582, "min": 0, "var": 0.00165425764862}, "dynamic_complexity": 4.05466508865, "erbbands": {"dmean": [0.0646050572395, 0.29591023922, 0.986261546612, 2.14139103889, 2.37614035606, 5.39354705811, 7.25202465057, 13.0789728165, 14.5179710388, 32.7749404907, 27.5844154358, 25.3920669556, 16.2364864349, 14.332985878, 20.0317802429, 13.75253582, 14.9741134644, 16.7002983093, 18.7102832794, 9.90793228149, 5.90929603577, 4.85432720184, 5.7767162323, 5.5091342926, 5.04311609268, 3.32676649094, 2.57413125038, 3.3148458004, 3.65155148506, 3.36040377617, 2.57331466675, 1.68120551109, 1.2630726099, 0.855485200882, 0.394866377115, 0.153922528028, 0.0443471819162, 0.00911153480411, 0.00139607139863, 9.46284490055e-05], "dmean2": [0.104768328369, 0.496327638626, 1.77310609818, 3.69869685173, 4.01309013367, 9.09141254425, 11.7759466171, 20.4383468628, 22.8792953491, 49.1829795837, 42.002784729, 37.9363212585, 24.4694576263, 22.1664237976, 31.2613964081, 20.702041626, 23.2856502533, 25.7512779236, 29.0723800659, 15.2129888535, 8.95566654205, 7.47135210037, 8.92080211639, 8.23711490631, 7.65096569061, 4.99779510498, 3.82213258743, 4.77078199387, 5.35836601257, 4.75471973419, 3.63707542419, 2.38396334648, 1.82791054249, 1.21916460991, 0.57261967659, 0.225077003241, 0.0634080171585, 0.0128524908796, 0.00203043082729, 0.000136043163366], "dvar": [0.0209403522313, 0.356940329075, 5.39372062683, 24.1355781555, 13.9079217911, 107.623260498, 167.92741394, 523.109619141, 892.572753906, 5267.60693359, 3483.5546875, 4192.93066406, 1445.31408691, 1583.39465332, 2911.48706055, 1480.30297852, 1283.23071289, 1438.7923584, 2306.24658203, 827.467346191, 178.689453125, 103.412147522, 207.133285522, 148.098800659, 149.935470581, 61.4045791626, 44.4178504944, 69.8543014526, 108.800331116, 111.829963684, 68.1457214355, 31.2249946594, 22.2395763397, 10.6005859375, 1.85017883778, 0.243766456842, 0.0179884266108, 0.000469020102173, 1.27988314489e-05, 5.57150272584e-08], "dvar2": [0.0516011528671, 0.934364974499, 15.1814174652, 64.7669754028, 39.8113212585, 287.777679443, 445.399597168, 1262.99353027, 2159.02661133, 11950.3369141, 7742.10888672, 9287.20117188, 3320.48974609, 3848.32104492, 7112.1015625, 3328.96533203, 3067.17944336, 3342.7512207, 5715.96826172, 1736.70495605, 415.829040527, 239.38659668, 476.084014893, 324.009552002, 325.040771484, 129.98727417, 93.0722885132, 138.011581421, 212.774795532, 192.429611206, 126.443305969, 61.0966873169, 46.1721572876, 21.1616954803, 3.79459643364, 0.508183538914, 0.0361013673246, 0.000936569238547, 2.62489520537e-05, 1.19061247972e-07], "max": [2.06762647629, 7.37407302856, 22.5726146698, 65.9825820923, 47.7994117737, 189.88394165, 248.789428711, 738.432312012, 688.567687988, 1280.6114502, 1096.02197266, 1806.21264648, 934.997192383, 979.252868652, 1679.58288574, 861.126525879, 853.073974609, 1282.82849121, 1358.0447998, 970.287963867, 337.295959473, 264.488464355, 341.763031006, 356.974121094, 285.709716797, 197.073028564, 211.979736328, 277.492492676, 309.621948242, 208.764068604, 179.270874023, 206.889129639, 165.757080078, 74.6124420166, 38.7731361389, 11.435292244, 6.59511566162, 0.623707175255, 0.118632420897, 0.00579676777124], "mean": [0.081333078444, 0.46744453907, 1.13618183136, 2.39435172081, 3.75378513336, 8.13136482239, 13.6079931259, 25.396068573, 27.6389274597, 58.9315681458, 45.4885063171, 45.1989021301, 29.9971981049, 24.4014415741, 35.1360244751, 24.2812347412, 27.7035560608, 31.3787670135, 34.3128051758, 20.6305084229, 12.4594335556, 10.4023828506, 12.6469364166, 11.9304218292, 10.6366004944, 6.68347358704, 5.36748695374, 6.70350790024, 7.3037071228, 6.417781353, 4.69991827011, 3.20240330696, 2.26378178596, 1.49110424519, 0.694823265076, 0.264949053526, 0.0744200348854, 0.0148292575032, 0.00208706455305, 0.000149817569763], "median": [0.0233690068126, 0.295912832022, 0.579493761063, 0.892364740372, 2.07943916321, 4.33924484253, 7.8219909668, 14.2888507843, 14.016626358, 17.122926712, 15.475564003, 15.2021999359, 10.5432071686, 9.08907699585, 11.4159488678, 6.99053096771, 8.27481365204, 7.73136281967, 7.13612747192, 4.92614555359, 4.05729007721, 3.474152565, 2.24767923355, 2.60780954361, 2.79161095619, 2.06816959381, 1.59793365002, 1.73094058037, 1.5963332653, 1.04274368286, 0.675060272217, 0.486767351627, 0.319090127945, 0.181656330824, 0.095650203526, 0.0406039059162, 0.0110554117709, 0.00206258706748, 0.000260042172158, 4.53881839348e-05], "min": [1.99937907144e-22, 2.14865758081e-21, 4.28608723494e-21, 6.50424919178e-21, 1.45003792028e-20, 2.84609616637e-20, 1.00514632415e-19, 1.1018760495e-19, 1.34064677394e-19, 3.89173020269e-19, 5.37612855938e-19, 5.33081198651e-19, 6.07146330313e-19, 8.58794421589e-19, 1.41035690308e-18, 1.00475457658e-18, 1.51742809214e-18, 2.38460495526e-18, 2.33167139312e-18, 3.92318777798e-18, 3.69563163224e-18, 7.24154688233e-18, 6.70839382236e-18, 9.89107421315e-18, 7.37615150187e-18, 8.36589378431e-18, 1.23730602468e-17, 1.243572745e-17, 1.1219283913e-17, 1.35770629874e-17, 1.56939174366e-17, 1.24298445415e-17, 1.13313569598e-17, 8.62444480119e-18, 6.91406773218e-18, 4.39678548821e-18, 2.75732902376e-18, 9.42755631907e-19, 2.85378836445e-19, 3.11893652154e-20], "var": [0.0229241643101, 0.394299179316, 3.9198038578, 19.5305023193, 20.4970359802, 130.988418579, 352.724975586, 1259.49047852, 1968.27441406, 13467.3847656, 7199.03857422, 10527.8740234, 3089.65722656, 2603.52685547, 7450.44140625, 3215.70825195, 3094.0546875, 3932.18945313, 5235.25634766, 2932.60473633, 536.899963379, 306.58493042, 708.845703125, 536.343139648, 471.330841064, 152.033248901, 110.131385803, 185.326797485, 262.068817139, 294.5, 178.246780396, 82.8779067993, 52.8298110962, 26.8974533081, 4.71453762054, 0.589022576809, 0.0475138872862, 0.00125934591051, 2.79031046375e-05, 1.08619531147e-07]}, "erbbands_crest": {"dmean": 2.60970377922, "dmean2": 4.15404319763, "dvar": 5.97663640976, "dvar2": 14.5148897171, "max": 28.0579528809, "mean": 9.60619449615, "median": 8.71411705017, "min": 2.40581965446, "var": 16.6630344391}, "erbbands_flatness_db": {"dmean": 0.0196628663689, "dmean2": 0.0273822396994, "dvar": 0.000359815079719, "dvar2": 0.000687267340254, "max": 0.34520599246, "mean": 0.159082561731, "median": 0.159024477005, "min": 0.0311982966959, "var": 0.00191387429368}, "erbbands_kurtosis": {"dmean": 1.19747126102, "dmean2": 1.83199501038, "dvar": 2.29461717606, "dvar2": 5.22473239899, "max": 21.1002101898, "mean": 1.56260728836, "median": 0.707555651665, "min": -1.807502985, "var": 7.32315635681}, "erbbands_skewness": {"dmean": 0.382675677538, "dmean2": 0.574133992195, "dvar": 0.166809827089, "dvar2": 0.322357982397, "max": 3.79682064056, "mean": 0.774751603603, "median": 0.806675612926, "min": -3.90749073029, "var": 0.710965156555}, "erbbands_spread": {"dmean": 7.17101955414, "dmean2": 10.8196640015, "dvar": 88.4456939697, "dvar2": 187.750244141, "max": 160.545761108, "mean": 31.3170928955, "median": 27.6408977509, "min": 2.76189613342, "var": 310.73727417}, "gfcc": {"cov": [[13027.484375, -1410.99707031, -1306.57617188, 281.912597656, -694.954284668, 344.434020996, -303.477508545, 166.399215698, 10.1549549103, 162.593978882, -13.1056575775, 57.6831741333, -75.5842971802], [-1410.99707031, 1948.53796387, 133.421905518, -207.752182007, 353.054412842, -175.912384033, 186.186981201, -81.2171859741, 61.8214416504, -79.8820343018, 3.4533970356, -23.1228637695, 26.8365345001], [-1306.57617188, 133.421905518, 1109.05981445, 84.4562606812, 74.629699707, 70.2713851929, 80.8377075195, 4.8473739624, -45.926197052, 13.6197919846, -41.2186050415, 9.88831520081, 27.1541519165], [281.912597656, -207.752182007, 84.4562606812, 326.979125977, -34.7653388977, 63.3862953186, 9.60590457916, 5.45134925842, 7.48871850967, 31.6972141266, -0.0852558389306, -9.93902778625, 10.994427681], [-694.954284668, 353.054412842, 74.629699707, -34.7653388977, 331.897369385, -26.4142150879, 22.2263870239, 24.8509883881, 26.8902072906, -11.9649934769, 28.0205554962, -4.51603984833, 20.5338172913], [344.434020996, -175.912384033, 70.2713851929, 63.3862953186, -26.4142150879, 172.185150146, 35.1943130493, 26.4162139893, 12.0149393082, 18.7869281769, 0.490030199289, 15.0966119766, 3.59883522987], [-303.477508545, 186.186981201, 80.8377075195, 9.60590457916, 22.2263870239, 35.1943130493, 170.583007813, 25.4806880951, 9.94441223145, -9.97470569611, -2.66579174995, 18.521818161, 8.45435619354], [166.399215698, -81.2171859741, 4.8473739624, 5.45134925842, 24.8509883881, 26.4162139893, 25.4806880951, 99.6951980591, 32.830696106, 15.822968483, 7.83761024475, 3.09022450447, 3.45152616501], [10.1549549103, 61.8214416504, -45.926197052, 7.48871850967, 26.8902072906, 12.0149393082, 9.94441223145, 32.830696106, 98.5593795776, 36.9879302979, 15.9387235641, -6.98879480362, 1.68748509884], [162.593978882, -79.8820343018, 13.6197919846, 31.6972141266, -11.9649934769, 18.7869281769, -9.97470569611, 15.822968483, 36.9879302979, 91.7627487183, 23.7774543762, -1.92249929905, 1.09192979336], [-13.1056575775, 3.4533970356, -41.2186050415, -0.0852558389306, 28.0205554962, 0.490030199289, -2.66579174995, 7.83761024475, 15.9387235641, 23.7774543762, 76.2857208252, 24.7231636047, 11.6358289719], [57.6831741333, -23.1228637695, 9.88831520081, -9.93902778625, -4.51603984833, 15.0966119766, 18.521818161, 3.09022450447, -6.98879480362, -1.92249929905, 24.7231636047, 74.875579834, 28.7777271271], [-75.5842971802, 26.8365345001, 27.1541519165, 10.994427681, 20.5338172913, 3.59883522987, 8.45435619354, 3.45152616501, 1.68748509884, 1.09192979336, 11.6358289719, 28.7777271271, 69.3889541626]], "icov": [[0.000122817073134, -5.85952693655e-05, 0.000159939620062, -0.000104843558802, 0.000209992431337, -0.000281312532024, 0.000291951408144, -0.000351649243385, 0.000207297838642, -0.00020854624745, 0.000156053720275, -0.00021425637533, 0.000105766492197], [-5.85952693655e-05, 0.00109611346852, -0.000198355031898, 0.000509936711751, -0.000964326492976, 0.00100428215228, -0.00149741047062, 0.0016374491388, -0.00125560071319, 0.000692372210324, -0.000132753644721, 0.000604598317295, -0.000365498388419], [0.000159939620062, -0.000198355031898, 0.00129913259298, -0.000383507780498, -3.41687991749e-05, -0.000781400420237, 0.000102708516351, -0.000582859735005, 0.00121207349002, -0.00101897621062, 0.00105339405127, -0.000464905780973, -0.000126850587549], [-0.000104843558802, 0.000509936711751, -0.000383507780498, 0.00381417712197, -0.000182093237527, -0.000552785117179, -0.000918271485716, 0.00110932195093, -0.000568862538785, -0.00045251994743, -0.000396579271182, 0.00160647847224, -0.00120522838552], [0.000209992431337, -0.000964326492976, -3.41687991749e-05, -0.000182093237527, 0.00471477583051, -0.000585271161981, 0.00130097463261, -0.00248396163806, 0.000178741887794, 0.000533577403985, -0.00163897278253, 0.000553381803911, -0.000723297649529], [-0.000281312532024, 0.00100428215228, -0.000781400420237, -0.000552785117179, -0.000585271161981, 0.00847894325852, -0.00275578955188, 0.000550410244614, -0.00183237472083, 0.000183454103535, 4.45904006483e-05, -0.000741837429814, 8.22191141197e-05], [0.000291951408144, -0.00149741047062, 0.000102708516351, -0.000918271485716, 0.00130097463261, -0.00275578955188, 0.00925478246063, -0.00398310832679, 0.000949149078224, 0.000199829053599, 0.000986137893051, -0.00286332308315, 0.000826830626465], [-0.000351649243385, 0.0016374491388, -0.000582859735005, 0.00110932195093, -0.00248396163806, 0.000550410244614, -0.00398310832679, 0.0151355983689, -0.00543902860954, 0.000632955867331, -0.000527057156432, 0.00107550481334, -0.000760416965932], [0.000207297838642, -0.00125560071319, 0.00121207349002, -0.000568862538785, 0.000178741887794, -0.00183237472083, 0.000949149078224, -0.00543902860954, 0.0159194618464, -0.00628797709942, -0.000417107366957, 0.00110807223246, -0.000153535191203], [-0.00020854624745, 0.000692372210324, -0.00101897621062, -0.00045251994743, 0.000533577403985, 0.000183454103535, 0.000199829053599, 0.000632955867331, -0.00628797709942, 0.0160414930433, -0.00516629591584, 0.00202228664421, -0.000319614919135], [0.000156053720275, -0.000132753644721, 0.00105339405127, -0.000396579271182, -0.00163897278253, 4.45904006483e-05, 0.000986137893051, -0.000527057156432, -0.000417107366957, -0.00516629591584, 0.01833181642, -0.00697288895026, 0.000169954742887], [-0.00021425637533, 0.000604598317295, -0.000464905780973, 0.00160647847224, 0.000553381803911, -0.000741837429814, -0.00286332308315, 0.00107550481334, 0.00110807223246, 0.00202228664421, -0.00697288895026, 0.0202257093042, -0.00764744868502], [0.000105766492197, -0.000365498388419, -0.000126850587549, -0.00120522838552, -0.000723297649529, 8.22191141197e-05, 0.000826830626465, -0.000760416965932, -0.000153535191203, -0.000319614919135, 0.000169954742887, -0.00764744868502, 0.0182074438781]], "mean": [-19.6948394775, 92.2305145264, -101.467422485, 10.1899852753, -64.4862442017, 5.68404865265, -34.6227836609, 3.69469714165, -17.9203128815, 7.65964412689, -12.4405794144, 1.90380895138, -11.0646314621]}, "hfc": {"dmean": 5.6685423851, "dmean2": 7.76934432983, "dvar": 86.847328186, "dvar2": 153.376663208, "max": 182.908966064, "mean": 20.0858097076, "median": 11.9938850403, "min": 1.05733071398e-16, "var": 467.786468506}, "melbands": {"dmean": [0.000484331394546, 0.000450644554803, 0.000353770097718, 0.000263493595412, 0.000255872088019, 0.000283232191578, 0.000231160563999, 0.0003624962701, 0.000220028625336, 0.000151780579472, 8.20742498036e-05, 6.01336432737e-05, 7.73422725615e-05, 4.30182408309e-05, 4.08285341109e-05, 2.93716020678e-05, 3.3795084164e-05, 3.72765171051e-05, 1.59267019626e-05, 1.10723622129e-05, 7.65040294937e-06, 5.21294987266e-06, 5.73839633944e-06, 5.70647125642e-06, 4.81771667182e-06, 4.49210983788e-06, 3.3647586406e-06, 2.15132445192e-06, 1.68942892742e-06, 1.72223724348e-06, 2.19456933337e-06, 2.26164797823e-06, 2.06263462132e-06, 1.94919562091e-06, 1.66428128523e-06, 1.22187634588e-06, 1.0485674693e-06, 8.85956580987e-07, 9.39669348554e-07, 7.00611735738e-07], "dmean2": [0.000775940017775, 0.00080002786126, 0.000606979534496, 0.000444195960881, 0.000414860580349, 0.000443997472757, 0.000362002319889, 0.000544964976143, 0.000337052188115, 0.000225738767767, 0.000124690413941, 9.36973665375e-05, 0.00012192100985, 6.49420908303e-05, 6.25613465672e-05, 4.58016147604e-05, 5.26038056705e-05, 5.8451834775e-05, 2.44044804276e-05, 1.68024762388e-05, 1.18857014968e-05, 7.99219651526e-06, 9.09697246243e-06, 8.89875900612e-06, 7.27429915059e-06, 6.88872069077e-06, 5.22033633388e-06, 3.31249430019e-06, 2.58821887655e-06, 2.56250177699e-06, 3.20458048009e-06, 3.35184881806e-06, 3.04655736727e-06, 2.84863676825e-06, 2.42994065047e-06, 1.80514098247e-06, 1.51529184222e-06, 1.30078785787e-06, 1.34336482915e-06, 1.02348167275e-06], "dvar": [1.09901816359e-06, 9.49807144934e-07, 5.52409403554e-07, 2.11583028431e-07, 1.93572930129e-07, 2.33961912954e-07, 2.03389618036e-07, 6.01235683462e-07, 2.36492283534e-07, 1.36087393798e-07, 3.92203993727e-08, 2.9758895792e-08, 4.28157882482e-08, 2.01750989248e-08, 1.2254319337e-08, 5.117717361e-09, 6.12750694629e-09, 9.35443900119e-09, 2.33679187112e-09, 8.7011947647e-10, 2.9441088456e-10, 1.33551267267e-10, 1.54347312709e-10, 2.20584592259e-10, 1.26788149424e-10, 1.35582017835e-10, 6.2545219004e-11, 2.68830444017e-11, 2.10376282367e-11, 1.87346718e-11, 3.21014222149e-11, 4.01851017739e-11, 3.9095306853e-11, 3.97111198092e-11, 2.92690281734e-11, 1.54278083364e-11, 1.33167964503e-11, 1.05312069829e-11, 1.40626217268e-11, 7.49618769835e-12], "dvar2": [2.7411379051e-06, 2.6491547942e-06, 1.48798028476e-06, 5.67350923575e-07, 5.14731937074e-07, 5.67420897823e-07, 4.86080637074e-07, 1.36183996347e-06, 5.30769966645e-07, 2.98645829844e-07, 9.07983235265e-08, 7.0438680666e-08, 1.06067041372e-07, 4.76295767271e-08, 2.79282481586e-08, 1.21378347373e-08, 1.43892746607e-08, 2.33168346853e-08, 5.14991427281e-09, 1.8875256913e-09, 7.1066086349e-10, 3.07322223225e-10, 3.63137186987e-10, 5.06594155514e-10, 2.84116979943e-10, 2.91492885385e-10, 1.36292102604e-10, 5.99090985154e-11, 4.87388844561e-11, 3.87782445044e-11, 6.56801626975e-11, 8.28881546733e-11, 7.82342940431e-11, 7.158716675e-11, 5.80396321281e-11, 2.95181726284e-11, 2.8817106687e-11, 2.29743220975e-11, 2.8689538592e-11, 1.59340977912e-11], "max": [0.0141631606966, 0.00861852802336, 0.0102167064324, 0.0079921297729, 0.00918340869248, 0.016540074721, 0.00968431588262, 0.0132340155542, 0.0118587808684, 0.00993860140443, 0.00451812613755, 0.00415312964469, 0.00668529979885, 0.00450524827465, 0.00220056786202, 0.00158804515377, 0.00244902027771, 0.00300796166994, 0.0012051461963, 0.000845320930239, 0.000360419362551, 0.000406181032304, 0.00022196174541, 0.000332640891429, 0.000337377627147, 0.000453808024758, 0.00020497807418, 0.000135364505695, 0.000174827961018, 0.000147968617966, 0.000199443340534, 0.000171206891537, 0.000174471235368, 0.000131127046188, 0.000112085341243, 0.000105740291474, 0.000159584451467, 0.000119920019642, 9.02904794202e-05, 6.94497502991e-05], "mean": [0.000683006190229, 0.000608400441706, 0.000444041972514, 0.00041077984497, 0.000478533678688, 0.000557328341529, 0.000439078256022, 0.000643726380076, 0.000353019247996, 0.000269693759037, 0.000144817822729, 9.52551854425e-05, 0.00012996213627, 6.84898841428e-05, 6.90907545504e-05, 5.1755203458e-05, 5.88542388869e-05, 6.30408030702e-05, 2.91801570711e-05, 2.10524685826e-05, 1.38908690133e-05, 9.91580964183e-06, 1.14126114568e-05, 1.1249412637e-05, 9.46103318711e-06, 8.98176676856e-06, 6.34034086033e-06, 3.91139383282e-06, 3.22881305692e-06, 3.312269655e-06, 4.13970474256e-06, 4.26977021561e-06, 3.77280593966e-06, 3.50451068698e-06, 2.83716326521e-06, 2.18792661144e-06, 1.86255169865e-06, 1.51942663251e-06, 1.55341615482e-06, 1.16551825613e-06], "median": [0.000313710042974, 0.000382259109756, 0.000200378635782, 0.000248387572356, 0.000282589200651, 0.000320369377732, 0.000211631966522, 0.000186467295862, 0.000110860644781, 8.71030133567e-05, 4.55880472146e-05, 3.25875007547e-05, 3.91659559682e-05, 1.76775447471e-05, 1.67749440152e-05, 1.51391795953e-05, 1.21138236864e-05, 1.14765616672e-05, 5.26373560206e-06, 5.33486809218e-06, 3.88694024878e-06, 3.13043119604e-06, 2.14723036152e-06, 1.63910499396e-06, 1.95995494323e-06, 2.08028200177e-06, 1.66410632119e-06, 1.16506384984e-06, 9.30988903747e-07, 8.77977981872e-07, 9.900694522e-07, 9.12407017495e-07, 7.19887168543e-07, 4.96822281093e-07, 3.75246600015e-07, 3.28367718794e-07, 2.70645614364e-07, 2.2576867309e-07, 1.71294800566e-07, 1.37275449674e-07], "min": [4.45088417817e-24, 2.34118593047e-24, 1.26130486958e-24, 1.37783490947e-24, 3.87339736921e-24, 3.02468105116e-24, 1.90509435294e-24, 4.42525803166e-24, 4.72860620972e-24, 2.70569015578e-24, 2.2142710298e-24, 2.3146005291e-24, 4.97244193224e-24, 2.99747284411e-24, 1.97876981997e-24, 5.54893556532e-24, 3.72351182506e-24, 2.9505803881e-24, 5.96433472965e-24, 4.93941745373e-24, 3.41806448813e-24, 6.37060085685e-24, 6.92301017206e-24, 5.11003584019e-24, 6.94387712073e-24, 5.33739856928e-24, 5.15868370892e-24, 4.89683276991e-24, 5.46579002034e-24, 5.35787739838e-24, 7.28993777807e-24, 6.23011577368e-24, 5.49211351988e-24, 7.47313810154e-24, 8.30037630093e-24, 8.01337371526e-24, 6.18056860352e-24, 7.27039453801e-24, 7.33199116407e-24, 6.98455394444e-24], "var": [1.24482096453e-06, 7.83401389981e-07, 4.92860010581e-07, 2.61883599251e-07, 3.91039492342e-07, 5.72883720906e-07, 4.66130245513e-07, 1.48456501847e-06, 4.6743153348e-07, 3.44591569501e-07, 8.07340541087e-08, 4.7520497759e-08, 1.11312296269e-07, 3.9439250088e-08, 2.68612989629e-08, 1.19756009553e-08, 1.53054013907e-08, 1.92251761177e-08, 6.37257002722e-09, 2.58060461888e-09, 7.14168946203e-10, 3.42353367877e-10, 4.80072814835e-10, 6.40559716381e-10, 4.09577982641e-10, 4.66667871013e-10, 1.6874870945e-10, 5.57804670509e-11, 4.38137616465e-11, 4.63297941677e-11, 7.71820662937e-11, 8.95630861142e-11, 8.96298590902e-11, 9.77545613901e-11, 7.00158819811e-11, 3.87629615906e-11, 3.05270947409e-11, 2.26802118752e-11, 3.3093923435e-11, 1.71132084198e-11]}, "melbands_crest": {"dmean": 3.05892062187, "dmean2": 5.0099272728, "dvar": 8.14240169525, "dvar2": 20.6120643616, "max": 31.8564090729, "mean": 11.8097410202, "median": 11.017414093, "min": 1.77291178703, "var": 18.5848426819}, "melbands_flatness_db": {"dmean": 0.0246510226279, "dmean2": 0.0358084067702, "dvar": 0.000673677015584, "dvar2": 0.0012970934622, "max": 0.491322994232, "mean": 0.204153031111, "median": 0.186199486256, "min": 0.00427034310997, "var": 0.00662901578471}, "melbands_kurtosis": {"dmean": 4.14062070847, "dmean2": 6.52005290985, "dvar": 50.1228713989, "dvar2": 118.955329895, "max": 194.645248413, "mean": 7.92690706253, "median": 5.33115577698, "min": -1.82224166393, "var": 93.1066818237}, "melbands_skewness": {"dmean": 0.536895573139, "dmean2": 0.823696136475, "dvar": 0.319557219744, "dvar2": 0.734832346439, "max": 10.5300712585, "mean": 1.88451623917, "median": 1.75734746456, "min": -1.2087816, "var": 1.03904688358}, "melbands_spread": {"dmean": 6.6584854126, "dmean2": 9.90938949585, "dvar": 157.560119629, "dvar2": 278.99822998, "max": 208.14100647, "mean": 22.5413265228, "median": 17.0976276398, "min": 1.1565912962, "var": 516.508544922}, "mfcc": {"cov": [[9908.78613281, -1683.67773438, -771.71875, -377.298065186, -249.927444458, -44.078250885, -205.112976074, 16.9335308075, -98.1599960327, 112.134788513, 131.292526245, -2.32063436508, -47.7501716614], [-1683.67773438, 2163.18261719, -56.5861434937, 133.457077026, 86.1016616821, 11.617931366, 61.317150116, 55.6854133606, 64.632522583, -67.6421966553, -14.2853183746, 33.547832489, 35.4687080383], [-771.71875, -56.5861434937, 857.134521484, 103.543128967, 16.1027450562, 105.299087524, 78.0983734131, 3.05745100975, 68.201789856, -10.7084321976, -45.2652130127, 23.2528247833, 39.868598938], [-377.298065186, 133.457077026, 103.543128967, 247.378829956, 46.8318328857, 36.0528297424, 32.8309631348, -4.48313999176, 21.6214389801, 19.2360248566, -14.2561092377, -6.42957878113, 21.5537490845], [-249.927444458, 86.1016616821, 16.1027450562, 46.8318328857, 245.711517334, 7.91598701477, 23.2024879456, -11.2814273834, 6.05879068375, 31.2198085785, 0.268227100372, 0.324435681105, -2.30577921867], [-44.078250885, 11.617931366, 105.299087524, 36.0528297424, 7.91598701477, 131.777999878, 32.7522354126, 14.2545080185, 24.3154468536, 0.867876768112, 9.85865783691, 10.2679004669, 13.6773500443], [-205.112976074, 61.317150116, 78.0983734131, 32.8309631348, 23.2024879456, 32.7522354126, 118.189804077, 41.9892463684, 21.0994663239, -6.82312345505, -6.08633327484, 7.45289325714, 8.18828964233], [16.9335308075, 55.6854133606, 3.05745100975, -4.48313999176, -11.2814273834, 14.2545080185, 41.9892463684, 113.707603455, 32.8706970215, -15.6991167068, 8.8941526413, 12.176484108, -0.761332154274], [-98.1599960327, 64.632522583, 68.201789856, 21.6214389801, 6.05879068375, 24.3154468536, 21.0994663239, 32.8706970215, 96.6577835083, 20.957818985, -3.24806785583, 14.2406053543, 11.8714199066], [112.134788513, -67.6421966553, -10.7084321976, 19.2360248566, 31.2198085785, 0.867876768112, -6.82312345505, -15.6991167068, 20.957818985, 108.624076843, 31.7380485535, -5.00012397766, 4.12078046799], [131.292526245, -14.2853183746, -45.2652130127, -14.2561092377, 0.268227100372, 9.85865783691, -6.08633327484, 8.8941526413, -3.24806785583, 31.7380485535, 92.136428833, 18.8069591522, -6.4280629158], [-2.32063436508, 33.547832489, 23.2528247833, -6.42957878113, 0.324435681105, 10.2679004669, 7.45289325714, 12.176484108, 14.2406053543, -5.00012397766, 18.8069591522, 82.4403457642, 10.7327404022], [-47.7501716614, 35.4687080383, 39.868598938, 21.5537490845, -2.30577921867, 13.6773500443, 8.18828964233, -0.761332154274, 11.8714199066, 4.12078046799, -6.4280629158, 10.7327404022, 66.9368515015]], "icov": [[0.000135994501761, 9.60925535765e-05, 0.00011389246356, 9.49327586568e-05, 7.83975920058e-05, -0.000100470540929, 0.000127850827994, -0.000113739173685, 3.88461521652e-05, -0.000115040376841, -3.13126547553e-05, -4.36479931523e-05, -4.18284107582e-05], [9.60925535765e-05, 0.000597925332841, 0.000201875896892, -0.000227853612159, -0.000137406575959, 2.82949604298e-05, -3.37246092386e-05, -0.000121139433759, -0.000400566437747, 0.000475104403449, -0.000141535274452, -0.000134101734147, -0.000253217003774], [0.00011389246356, 0.000201875896892, 0.00160421885084, -0.000297360587865, 8.79530634847e-05, -0.000920281396247, -0.000558125553653, 0.000411547545809, -0.000798780238256, 0.000204601601581, 0.000586661335547, -0.000385393825127, -0.000374239578377], [9.49327586568e-05, -0.000227853612159, -0.000297360587865, 0.00498669780791, -0.000514184706844, -0.000890849449206, -0.000673577014823, 0.000363290280802, -9.13847834454e-05, -0.00109774444718, 0.00065691547934, 0.000610152608715, -0.000940267520491], [7.83975920058e-05, -0.000137406575959, 8.79530634847e-05, -0.000514184706844, 0.00460625812411, -0.000115546499728, -0.000927363464143, 0.000551906879991, 0.000300621526549, -0.00157968583517, 0.000384874962037, -0.000332016905304, 0.000678048760165], [-0.000100470540929, 2.82949604298e-05, -0.000920281396247, -0.000890849449206, -0.000115546499728, 0.00946635939181, -0.0016998789506, 0.000135921902256, -0.00148975441698, 0.000984117737971, -0.00204906100407, 4.28950152127e-05, -0.000980474287644], [0.000127850827994, -3.37246092386e-05, -0.000558125553653, -0.000673577014823, -0.000927363464143, -0.0016998789506, 0.0114559968933, -0.00422429526225, 0.000224745788728, 2.63420388364e-05, 0.000803660019301, -0.000242496709689, -0.000401074736146], [-0.000113739173685, -0.000121139433759, 0.000411547545809, 0.000363290280802, 0.000551906879991, 0.000135921902256, -0.00422429526225, 0.012355690822, -0.00450679473579, 0.00283979298547, -0.00214140536264, -0.000157450864208, 0.000713541812729], [3.88461521652e-05, -0.000400566437747, -0.000798780238256, -9.13847834454e-05, 0.000300621526549, -0.00148975441698, 0.000224745788728, -0.00450679473579, 0.0145811419934, -0.00470339460298, 0.00259388750419, -0.00208854489028, -0.00073131150566], [-0.000115040376841, 0.000475104403449, 0.000204601601581, -0.00109774444718, -0.00157968583517, 0.000984117737971, 2.63420388364e-05, 0.00283979298547, -0.00470339460298, 0.0133495144546, -0.00549121294171, 0.00215149205178, -0.00118859973736], [-3.13126547553e-05, -0.000141535274452, 0.000586661335547, 0.00065691547934, 0.000384874962037, -0.00204906100407, 0.000803660019301, -0.00214140536264, 0.00259388750419, -0.00549121294171, 0.0146433440968, -0.00390466023237, 0.00171131093521], [-4.36479931523e-05, -0.000134101734147, -0.000385393825127, 0.000610152608715, -0.000332016905304, 4.28950152127e-05, -0.000242496709689, -0.000157450864208, -0.00208854489028, 0.00215149205178, -0.00390466023237, 0.0140636898577, -0.00231133354828], [-4.18284107582e-05, -0.000253217003774, -0.000374239578377, -0.000940267520491, 0.000678048760165, -0.000980474287644, -0.000401074736146, 0.000713541812729, -0.00073131150566, -0.00118859973736, 0.00171131093521, -0.00231133354828, 0.0165881533176]], "mean": [-668.68951416, 133.85105896, 11.0233287811, 10.6046476364, -8.04504013062, 1.49971365929, -7.08475542068, -2.87277340889, -4.0020904541, 1.65666615963, 3.26176190376, -0.890270709991, 0.467067241669]}, "pitch_salience": {"dmean": 0.0678033977747, "dmean2": 0.109690718353, "dvar": 0.00360899255611, "dvar2": 0.00919269397855, "max": 0.974135518074, "mean": 0.605589389801, "median": 0.609422445297, "min": 0.235569551587, "var": 0.00883402954787}, "silence_rate_20dB": {"dmean": 0, "dmean2": 0, "dvar": 0, "dvar2": 0, "max": 1, "mean": 1, "median": 1, "min": 1, "var": 0}, "silence_rate_30dB": {"dmean": 0, "dmean2": 0, "dvar": 0, "dvar2": 0, "max": 1, "mean": 1, "median": 1, "min": 1, "var": 0}, "silence_rate_60dB": {"dmean": 0.0212685149163, "dmean2": 0.0425424166024, "dvar": 0.0208160858601, "dvar2": 0.0465574637055, "max": 1, "mean": 0.0874683558941, "median": 0, "min": 0, "var": 0.0798138976097}, "spectral_centroid": {"dmean": 214.973205566, "dmean2": 319.876159668, "dvar": 126770.25, "dvar2": 227532.375, "max": 11354.2998047, "mean": 1128.40698242, "median": 973.01171875, "min": 203.295013428, "var": 650999.0625}, "spectral_complexity": {"dmean": 2.66286873817, "dmean2": 4.0167131424, "dvar": 8.89701271057, "dvar2": 17.8956737518, "max": 51, "mean": 16.0591144562, "median": 14, "min": 0, "var": 83.3894805908}, "spectral_contrast_coeffs": {"dmean": [0.0525646619499, 0.0482279956341, 0.0387502089143, 0.0322762355208, 0.022655306384, 0.0202816296369], "dmean2": [0.0852427259088, 0.0781550556421, 0.061070907861, 0.0505472458899, 0.0351855419576, 0.0304501671344], "dvar": [0.00187968253158, 0.00165098404977, 0.00104759901296, 0.000748128746636, 0.000396748742787, 0.000366359279724], "dvar2": [0.00488646980375, 0.00415353104472, 0.00246009044349, 0.00169928604737, 0.000884438923094, 0.000745638157241], "max": [-0.342711567879, -0.402890264988, -0.487658768892, -0.519221782684, -0.582199752331, -0.567308187485], "mean": [-0.651158690453, -0.705476284027, -0.73820656538, -0.756060242653, -0.786545455456, -0.776849329472], "median": [-0.655828952789, -0.711700558662, -0.742514252663, -0.760365843773, -0.78974545002, -0.776681542397], "min": [-0.968346595764, -0.971355676651, -0.991295039654, -0.986467123032, -0.964823067188, -0.963751554489], "var": [0.00688202911988, 0.00588066922501, 0.00484063429758, 0.00429214863107, 0.00254228315316, 0.00223032594658]}, "spectral_contrast_valleys": {"dmean": [0.422571957111, 0.392033666372, 0.37318739295, 0.338303595781, 0.29161542654, 0.394516140223], "dmean2": [0.65777182579, 0.614485383034, 0.55916506052, 0.495309561491, 0.399111419916, 0.49074652791], "dvar": [0.166541084647, 0.145045801997, 0.139000192285, 0.125929921865, 0.123123906553, 0.208009123802], "dvar2": [0.331417918205, 0.311778813601, 0.273833423853, 0.23621353507, 0.217385455966, 0.320724725723], "max": [-5.44478321075, -4.45282268524, -5.32941961288, -5.91897201538, -6.02397871017, -7.36054420471], "mean": [-7.58236503601, -6.61938524246, -7.57814788818, -8.23567581177, -8.23079013824, -10.3656425476], "median": [-7.34728765488, -6.48034477234, -7.41798591614, -8.06945705414, -8.0910987854, -10.1611022949], "min": [-27.830909729, -27.7286529541, -27.7352924347, -27.6712055206, -27.4317951202, -27.3147678375], "var": [1.83199036121, 1.74849653244, 1.70531606674, 1.82996809483, 1.92556834221, 2.23244142532]}, "spectral_decrease": {"dmean": 1.67446179145e-09, "dmean2": 2.55043053343e-09, "dvar": 4.7559208404e-18, "dvar2": 1.08781910243e-17, "max": 2.67227787202e-28, "mean": -5.34629851501e-09, "median": -4.31090674269e-09, "min": -2.67139803611e-08, "var": 1.79299024376e-17}, "spectral_energy": {"dmean": 0.00667427107692, "dmean2": 0.0100982803851, "dvar": 7.32572952984e-05, "dvar2": 0.000166157231433, "max": 0.104965046048, "mean": 0.0219999924302, "median": 0.0179100744426, "min": 1.01906963178e-20, "var": 0.000298570492305}, "spectral_energyband_high": {"dmean": 0.000388362677768, "dmean2": 0.000523965456523, "dvar": 1.16794740279e-06, "dvar2": 1.94943208953e-06, "max": 0.0189174823463, "mean": 0.000908115063794, "median": 0.00023215013789, "min": 7.05983143178e-21, "var": 3.88998796552e-06}, "spectral_energyband_low": {"dmean": 0.00252422597259, "dmean2": 0.00431331992149, "dvar": 2.36081650655e-05, "dvar2": 6.1511513195e-05, "max": 0.0460368096828, "mean": 0.00402697501704, "median": 0.00236363336444, "min": 3.84251370143e-23, "var": 2.83294502879e-05}, "spectral_energyband_middle_high": {"dmean": 0.00153463857714, "dmean2": 0.00224168342538, "dvar": 6.72189253237e-06, "dvar2": 1.48454819282e-05, "max": 0.0489632301033, "mean": 0.00482547003776, "median": 0.00219553429633, "min": 1.30085339265e-21, "var": 4.02063742513e-05}, "spectral_energyband_middle_low": {"dmean": 0.00478916801512, "dmean2": 0.00724013103172, "dvar": 4.36532754975e-05, "dvar2": 0.000100844335975, "max": 0.100130006671, "mean": 0.0127929477021, "median": 0.00968606583774, "min": 1.92540158902e-22, "var": 0.000131847875309}, "spectral_entropy": {"dmean": 0.18376980722, "dmean2": 0.253092736006, "dvar": 0.0422715358436, "dvar2": 0.0737894773483, "max": 9.80862045288, "mean": 7.38930416107, "median": 7.46785354614, "min": 5.48176240921, "var": 0.335823327303}, "spectral_flux": {"dmean": 0.0213945489377, "dmean2": 0.0330690219998, "dvar": 0.000547827221453, "dvar2": 0.00109641673043, "max": 0.271196097136, "mean": 0.0742769762874, "median": 0.0677365064621, "min": 6.49946207965e-11, "var": 0.00200679828413}, "spectral_kurtosis": {"dmean": 2.09113383293, "dmean2": 3.21267557144, "dvar": 9.55555915833, "dvar2": 20.0448303223, "max": 75.7208938599, "mean": 6.50780725479, "median": 4.60421943665, "min": -1.25161349773, "var": 39.7205505371}, "spectral_rms": {"dmean": 0.000671971356496, "dmean2": 0.000992879853584, "dvar": 5.64775859857e-07, "dvar2": 1.21183336432e-06, "max": 0.0101195313036, "mean": 0.00422698352486, "median": 0.00418010074645, "min": 3.15311622298e-12, "var": 3.59598789146e-06}, "spectral_rolloff": {"dmean": 462.306365967, "dmean2": 757.034179688, "dvar": 1274497.625, "dvar2": 2544206, "max": 19250.6835938, "mean": 1548.03356934, "median": 990.52734375, "min": 64.599609375, "var": 3852696}, "spectral_skewness": {"dmean": 0.265641003847, "dmean2": 0.391940563917, "dvar": 0.092985317111, "dvar2": 0.177284285426, "max": 7.49129676819, "mean": 1.91732680798, "median": 1.75445580482, "min": -0.110028728843, "var": 0.654874801636}, "spectral_spread": {"dmean": 705908, "dmean2": 982330.5625, "dvar": 1024842792960.0, "dvar2": 1812830093310.0, "max": 40850464, "mean": 4905022.5, "median": 4483449, "min": 1050745.625, "var": 5723620114430.0}, "spectral_strongpeak": {"dmean": 0.54