{"lowlevel": {"average_loudness": 0.92835777998, "barkbands": {"dmean": [7.55466608098e-05, 0.00256406143308, 0.00185258395504, 0.00213702092879, 0.00221790396608, 0.000894545053598, 0.00100497412495, 0.00090800691396, 0.00104881357402, 0.000907198176719, 0.000620118051302, 0.000750896986574, 0.000475337990792, 0.000663875369355, 0.000381717371056, 0.000270180724328, 0.000457790622022, 0.000296801357763, 0.000253119302215, 0.000187867713976, 0.00010345550254, 8.77900674823e-05, 7.19432282494e-05, 6.01690771873e-05, 3.73413568013e-05, 2.05564319913e-05, 1.61028060575e-06], "dmean2": [9.7356904007e-05, 0.00417138123885, 0.0033657765016, 0.00364063098095, 0.00364747480489, 0.00139809469692, 0.00158859917428, 0.00143827253487, 0.00164359388873, 0.00145542249084, 0.000977619201876, 0.00123246980365, 0.000762914074585, 0.00109376490582, 0.000619374623057, 0.00044449249981, 0.000763373915106, 0.000493585481308, 0.000416192982811, 0.000314340140903, 0.000174051849172, 0.000140109754284, 0.000110958892037, 8.7666521722e-05, 5.30676952621e-05, 2.9186176107e-05, 2.4792759632e-06], "dvar": [1.87338500268e-08, 4.11372056988e-05, 2.41267953243e-05, 1.7042257241e-05, 2.01386010303e-05, 3.3599139897e-06, 5.57317343919e-06, 5.23539119968e-06, 5.5158034229e-06, 3.46614910995e-06, 1.58921102411e-06, 1.89756462987e-06, 6.72040187055e-07, 1.28927786136e-06, 4.25450252806e-07, 2.21368409825e-07, 5.02942384628e-07, 2.87878066274e-07, 2.07022097243e-07, 1.14265553464e-07, 6.0935001045e-08, 4.34826858964e-08, 3.94329617848e-08, 3.52742794973e-08, 1.35414266467e-08, 3.42301764711e-09, 4.64569424596e-11], "dvar2": [3.26190914279e-08, 0.000106519917608, 6.87429565005e-05, 4.51245250588e-05, 5.13261838933e-05, 7.56601593821e-06, 1.26954573716e-05, 1.18366087918e-05, 1.20714648801e-05, 8.36636263557e-06, 3.74793648916e-06, 4.93686457048e-06, 1.58423904395e-06, 3.32434251504e-06, 1.04458320038e-06, 5.60623277579e-07, 1.35601908369e-06, 7.35589708256e-07, 5.08370249008e-07, 2.95607975431e-07, 1.66878407981e-07, 1.07561128004e-07, 8.72427889931e-08, 6.9902561961e-08, 2.65465942562e-08, 6.70610367237e-09, 1.03891721615e-10], "max": [0.00259174173698, 0.0838373824954, 0.0610927268863, 0.0672113001347, 0.0735942795873, 0.0495388507843, 0.0561818927526, 0.0662351921201, 0.0626071617007, 0.0421846993268, 0.0306449178606, 0.0255176145583, 0.0220736339688, 0.0260364990681, 0.0164032503963, 0.0126762101427, 0.0153995007277, 0.025909980759, 0.0162600744516, 0.0103079983965, 0.00411148648709, 0.00414651446044, 0.00436395173892, 0.00529675558209, 0.00354690547101, 0.00206372165121, 0.000357874669135], "mean": [0.000152814405737, 0.00312752230093, 0.00160289998166, 0.00269928923808, 0.00332846352831, 0.00169038178865, 0.00161693361588, 0.00142079929356, 0.00166531163268, 0.00142721738666, 0.00101459794678, 0.00117425282951, 0.00076109188376, 0.00105300510768, 0.000662251200993, 0.000452572567156, 0.000794300343841, 0.000542476016562, 0.000471494655358, 0.000356034521246, 0.000179030830623, 0.000166080018971, 0.000138927091029, 0.00011852998432, 7.78727699071e-05, 3.86548163078e-05, 2.72993406725e-06], "median": [8.49517382449e-05, 0.00136540853418, 0.000513364910148, 0.000955080671702, 0.00184939359315, 0.000840443535708, 0.000610970833804, 0.000582419743296, 0.000650094996672, 0.000517815351486, 0.000460604263935, 0.000534581195097, 0.000391232024413, 0.00048723645159, 0.000381030840799, 0.000282548950054, 0.000482390780235, 0.000323416548781, 0.000287898583338, 0.000230689358432, 0.000108063031803, 8.38416599436e-05, 5.16522850376e-05, 3.09827410092e-05, 2.07476987271e-05, 9.30982878344e-06, 6.59166460082e-07], "min": [2.01798927247e-25, 3.27283815371e-24, 1.73354215239e-24, 9.99178987902e-26, 1.13408410783e-23, 5.30550768389e-24, 7.17656032219e-24, 1.18138846756e-23, 1.06741510615e-23, 1.13250236283e-23, 1.2100094456e-23, 2.08892166305e-23, 3.5068508619e-23, 3.3826292507e-23, 3.82786928758e-23, 5.39001709049e-23, 5.29129020157e-23, 6.28505741138e-23, 1.11177751957e-22, 1.64487419453e-22, 2.1928995257e-22, 3.53669163979e-22, 4.17081514342e-22, 5.53855328806e-22, 9.42290993894e-22, 1.22449458527e-21, 1.72569848475e-21], "var": [4.27453166196e-08, 3.6530498619e-05, 1.55645229825e-05, 2.05550240935e-05, 2.51071687671e-05, 8.27058374853e-06, 1.12310162876e-05, 1.00908082459e-05, 1.20174399854e-05, 7.37683421903e-06, 3.45608691532e-06, 3.39794473803e-06, 1.31481419885e-06, 2.45583305514e-06, 9.16075691748e-07, 3.59148117468e-07, 9.56660869633e-07, 5.23183359746e-07, 4.22492007601e-07, 2.56161484913e-07, 6.37466470721e-08, 7.24770643501e-08, 7.96038648332e-08, 9.32704296019e-08, 3.94752532884e-08, 9.71436886488e-09, 7.48355127866e-11]}, "barkbands_crest": {"dmean": 2.35410881042, "dmean2": 3.84009385109, "dvar": 4.7060956955, "dvar2": 12.2315816879, "max": 24.2759094238, "mean": 7.85642957687, "median": 7.08610296249, "min": 2.22833061218, "var": 10.9768924713}, "barkbands_flatness_db": {"dmean": 0.0166731439531, "dmean2": 0.026651756838, "dvar": 0.00026731856633, "dvar2": 0.00068727665348, "max": 0.35416534543, "mean": 0.0999027639627, "median": 0.0962970033288, "min": 0.0202510710806, "var": 0.00118023122195}, "barkbands_kurtosis": {"dmean": 1.48862719536, "dmean2": 2.43583583832, "dvar": 8.01360988617, "dvar2": 19.5488567352, "max": 114.845901489, "mean": 1.33171641827, "median": 0.232363462448, "min": -1.88544547558, "var": 15.4362401962}, "barkbands_skewness": {"dmean": 0.426556944847, "dmean2": 0.672483980656, "dvar": 0.197748094797, "dvar2": 0.482282221317, "max": 9.14660453796, "mean": 0.916726231575, "median": 0.803928852081, "min": -2.29382419586, "var": 0.810948193073}, "barkbands_spread": {"dmean": 5.16674518585, "dmean2": 8.11343479156, "dvar": 28.0678157806, "dvar2": 61.6242256165, "max": 97.7474746704, "mean": 24.7303943634, "median": 23.4470615387, "min": 1.64849066734, "var": 118.894645691}, "dissonance": {"dmean": 0.0156568400562, "dmean2": 0.026234222576, "dvar": 0.00020046987629, "dvar2": 0.00053468614351, "max": 0.500000119209, "mean": 0.470610141754, "median": 0.475248634815, "min": 0.348549008369, "var": 0.000420895405114}, "dynamic_complexity": 2.67368268967, "erbbands": {"dmean": [0.0661913231015, 0.632307887077, 1.87968659401, 4.62772703171, 10.182972908, 5.34748744965, 5.37812232971, 7.74064874649, 12.1836700439, 18.1809940338, 18.9540405273, 24.6545009613, 32.5978050232, 19.1563587189, 20.9398956299, 34.3789672852, 22.0623817444, 33.3605880737, 19.9452838898, 19.6626091003, 15.7627954483, 19.7258052826, 17.2537174225, 13.6913900375, 11.0406303406, 9.43247318268, 4.90876340866, 3.65802049637, 3.23160386086, 2.61239600182, 1.98862457275, 1.54434418678, 0.884708464146, 0.479788392782, 0.250769793987, 0.130803599954, 0.0287957936525, 0.00457693217322, 0.000200831142138, 1.61840289366e-05], "dmean2": [0.0999269559979, 1.06408369541, 3.35733056068, 8.01950263977, 17.0274772644, 8.61750507355, 8.57451343536, 12.097902298, 19.1009349823, 28.9605731964, 29.6929149628, 38.590801239, 53.1454353333, 29.8043575287, 33.1609764099, 56.6474227905, 35.1977806091, 54.8338317871, 31.9034900665, 32.2237510681, 26.0811080933, 32.7096710205, 28.6210346222, 22.3585395813, 18.1020050049, 15.8683776855, 8.26548862457, 6.11528682709, 5.20659971237, 4.04807043076, 3.05910730362, 2.29181098938, 1.28514158726, 0.690719544888, 0.357022047043, 0.190635055304, 0.0401980392635, 0.00646181637421, 0.000298659433611, 2.420409146e-05], "dvar": [0.0223352499306, 2.69631958008, 24.4944972992, 82.9012069702, 543.239501953, 101.720046997, 153.264877319, 281.537841797, 844.429382324, 2220.01953125, 2028.0369873, 3200.50512695, 4352.77880859, 1938.32116699, 1366.05529785, 4142.94335938, 1323.77941895, 3101.28930664, 1204.00378418, 1051.85095215, 580.784118652, 943.690673828, 708.352050781, 806.684082031, 362.897613525, 328.038757324, 121.608299255, 91.6506118774, 60.5613899231, 42.413269043, 31.5013065338, 24.7735385895, 7.39752435684, 2.26199579239, 0.675863027573, 0.131479397416, 0.00832329317927, 0.000211739941733, 1.14749366276e-06, 3.42182993052e-09], "dvar2": [0.0556451641023, 7.10596466064, 68.9307632446, 224.58555603, 1408.54077148, 245.230743408, 344.714538574, 624.994812012, 1906.30969238, 4808.62890625, 4754.08203125, 6998.40185547, 11066.5029297, 4232.11962891, 3127.24609375, 10807.2861328, 3097.40991211, 7912.53417969, 2927.89160156, 2685.13354492, 1491.54138184, 2468.75976562, 1772.44433594, 1935.34008789, 913.129638672, 850.796630859, 333.436157227, 251.299942017, 153.679702759, 96.8444824219, 69.7373428345, 51.4185256958, 14.7587957382, 4.54474210739, 1.34474039078, 0.267827540636, 0.0165237057954, 0.000416468828917, 2.76422792922e-06, 7.73750929994e-09], "max": [2.24368071556, 20.5999641418, 58.3479003906, 171.049209595, 377.721588135, 225.823669434, 331.197174072, 405.437225342, 772.563659668, 1483.25488281, 1208.87927246, 1849.7467041, 1376.19616699, 1155.6652832, 956.609924316, 1322.33459473, 1148.21411133, 1528.75488281, 955.504333496, 651.142333984, 575.680358887, 574.025878906, 629.05682373, 1262.64318848, 428.955993652, 676.432250977, 221.310974121, 184.712661743, 139.02142334, 195.108352661, 135.807891846, 143.482940674, 68.544418335, 48.1805343628, 30.6611709595, 9.52363300323, 3.67034816742, 0.468495607376, 0.0618104599416, 0.00451671006158], "mean": [0.0991480499506, 0.658435642719, 1.76949572563, 5.52028989792, 13.0663928986, 8.97881221771, 9.61381435394, 14.2982807159, 20.4925403595, 29.4639167786, 31.5716075897, 40.8979530334, 53.7574691772, 34.9472198486, 37.6599884033, 54.6246566772, 38.8325576782, 56.0272369385, 36.9528846741, 34.5378875732, 30.1325302124, 37.4307479858, 33.211315155, 25.856054306, 21.3224658966, 17.7420578003, 9.07092857361, 6.31244182587, 5.93764209747, 5.03489732742, 3.84064793587, 2.91397070885, 1.72176718712, 0.9810962677, 0.497192591429, 0.235552668571, 0.0546100139618, 0.0091260895133, 0.00032640885911, 4.4083535613e-05], "median": [0.0489155985415, 0.247716516256, 0.668040573597, 2.10669112206, 6.32003545761, 4.67262411118, 4.08074045181, 6.9780421257, 8.78788280487, 11.5545454025, 13.7870197296, 17.7298202515, 21.2618026733, 14.3348484039, 20.132484436, 25.9649562836, 23.0285797119, 29.0556411743, 20.9946231842, 20.7138156891, 19.6658363342, 24.0759963989, 21.3877353668, 15.1801939011, 13.7596273422, 11.2244520187, 5.91676712036, 3.61519861221, 3.02521657944, 2.19347953796, 1.43239080906, 0.773183345795, 0.445169657469, 0.260598659515, 0.127218171954, 0.0555384047329, 0.0132656861097, 0.00291462638415, 8.9512890554e-05, 3.46007946064e-05], "min": [9.56344279553e-23, 7.91850347264e-22, 1.87493592286e-21, 2.18638194428e-21, 8.69566187246e-21, 2.17421128212e-20, 5.24756950567e-20, 5.8599361599e-20, 9.46064238035e-20, 1.47149886278e-19, 3.39945770106e-19, 3.23339343827e-19, 4.79210027282e-19, 3.10966350375e-19, 8.13278860082e-19, 1.18931139254e-18, 1.52138325624e-18, 2.02403175637e-18, 2.54475394609e-18, 2.52524240981e-18, 3.77422206224e-18, 3.88553079419e-18, 4.98060211992e-18, 6.25844892817e-18, 6.43937979791e-18, 8.85421903175e-18, 9.09367292983e-18, 9.3619524179e-18, 1.11566919832e-17, 1.15591658092e-17, 1.16569600643e-17, 1.05625752985e-17, 9.41228470381e-18, 8.45700855596e-18, 5.9716054392e-18, 3.72535719473e-18, 2.30202131086e-18, 1.00743050586e-18, 2.26763034631e-19, 2.43331930821e-20], "var": [0.0254255905747, 2.1509552002, 16.4862804413, 82.3004684448, 563.356750488, 211.993499756, 379.799560547, 680.027526855, 1570.03100586, 5268.42578125, 4026.47949219, 6981.75683594, 9597.9140625, 5026.80810547, 3092.64160156, 7296.54101562, 2766.52490234, 5925.40869141, 2735.08911133, 1963.75805664, 1187.0645752, 1921.9473877, 1508.77758789, 1761.01818848, 669.183166504, 733.718444824, 135.737594604, 96.2199325562, 90.7331390381, 83.3258056641, 63.8553009033, 57.9485359192, 19.7422294617, 6.15936660767, 1.83849012852, 0.348523080349, 0.0228433534503, 0.000560272252187, 1.48647700371e-06, 4.15668122145e-09]}, "erbbands_crest": {"dmean": 2.60391139984, "dmean2": 4.26423406601, "dvar": 5.73121118546, "dvar2": 13.9597883224, "max": 28.0657176971, "mean": 8.29150009155, "median": 7.27750587463, "min": 2.34883356094, "var": 15.0219135284}, "erbbands_flatness_db": {"dmean": 0.0156457293779, "dmean2": 0.0222979169339, "dvar": 0.000220067275222, "dvar2": 0.000387608015444, "max": 0.285193175077, "mean": 0.155187830329, "median": 0.156136080623, "min": 0.0290647931397, "var": 0.00133937457576}, "erbbands_kurtosis": {"dmean": 0.653750896454, "dmean2": 1.04714930058, "dvar": 0.637423217297, "dvar2": 1.49824547768, "max": 17.2579212189, "mean": 0.0597706660628, "median": -0.229212760925, "min": -1.68441426754, "var": 1.56101965904}, "erbbands_skewness": {"dmean": 0.31602627039, "dmean2": 0.494008600712, "dvar": 0.0767295360565, "dvar2": 0.178819179535, "max": 3.58495473862, "mean": 0.174610152841, "median": 0.147950738668, "min": -2.61281991005, "var": 0.357514202595}, "erbbands_spread": {"dmean": 6.79089021683, "dmean2": 10.4274568558, "dvar": 46.8119087219, "dvar2": 99.6564865112, "max": 113.612762451, "mean": 34.5246429443, "median": 31.9794330597, "min": 5.30719470978, "var": 216.838302612}, "gfcc": {"cov": [[19609.5019531, 573.156433105, -1187.33129883, 448.517822266, -672.777099609, 341.18270874, -582.616516113, 173.110855103, -380.041015625, 106.400291443, -383.860595703, 65.2878875732, -282.515167236], [573.156433105, 898.895080566, -202.45866394, 144.846710205, 84.034866333, -148.06262207, 111.676467896, -71.106338501, 68.8535995483, -12.5520439148, 59.2849273682, -46.2205047607, 40.6945343018], [-1187.33129883, -202.45866394, 792.697631836, 116.883293152, 45.8047523499, 115.675636292, -29.9232578278, -15.1898555756, 0.754335641861, -3.19230222702, -29.563659668, 14.7851085663, -12.2253541946], [448.517822266, 144.846710205, 116.883293152, 300.973052979, 24.0149879456, 10.9241914749, 11.9249048233, -30.9149494171, 19.3945426941, 12.6311607361, -16.3550300598, -12.4950809479, 4.0773563385], [-672.777099609, 84.034866333, 45.8047523499, 24.0149879456, 222.685577393, -7.56939744949, 63.893913269, 0.167261764407, 11.324215889, 14.011423111, 8.53768730164, 11.9081459045, 22.5140552521], [341.18270874, -148.06262207, 115.675636292, 10.9241914749, -7.56939744949, 203.981216431, 22.1194992065, 30.7968864441, -26.4226551056, -14.0181875229, -28.917848587, 0.660813987255, -18.9903316498], [-582.616516113, 111.676467896, -29.9232578278, 11.9249048233, 63.893913269, 22.1194992065, 184.433258057, 23.313249588, 31.7580871582, -0.664593815804, 13.5757446289, -11.4567689896, 14.6827440262], [173.110855103, -71.106338501, -15.1898555756, -30.9149494171, 0.167261764407, 30.7968864441, 23.313249588, 102.405937195, 15.9207725525, 11.8735074997, -3.63638806343, 9.82326412201, -5.34490251541], [-380.041015625, 68.8535995483, 0.754335641861, 19.3945426941, 11.324215889, -26.4226551056, 31.7580871582, 15.9207725525, 104.679580688, 28.0444011688, 28.4611873627, -4.86078691483, 13.5735445023], [106.400291443, -12.5520439148, -3.19230222702, 12.6311607361, 14.011423111, -14.0181875229, -0.664593815804, 11.8735074997, 28.0444011688, 78.5510406494, 21.1969795227, 16.5894050598, 1.32636666298], [-383.860595703, 59.2849273682, -29.563659668, -16.3550300598, 8.53768730164, -28.917848587, 13.5757446289, -3.63638806343, 28.4611873627, 21.1969795227, 91.639175415, 22.8193206787, 21.7968101501], [65.2878875732, -46.2205047607, 14.7851085663, -12.4950809479, 11.9081459045, 0.660813987255, -11.4567689896, 9.82326412201, -4.86078691483, 16.5894050598, 22.8193206787, 73.7343597412, 24.5798568726], [-282.515167236, 40.6945343018, -12.2253541946, 4.0773563385, 22.5140552521, -18.9903316498, 14.6827440262, -5.34490251541, 13.5735445023, 1.32636666298, 21.7968101501, 24.5798568726, 71.0403442383]], "icov": [[0.00016107938427, -0.000354951742338, 0.000293038639938, -0.000263753579929, 0.000381416117307, -0.000499025627505, 0.000570453412365, -0.000445252284408, 0.00047329152585, -0.00054409110453, 0.000679761928041, -0.000572168268263, 0.000412933557527], [-0.000354951742338, 0.00270913448185, -0.00019006493676, -0.000411137589253, -0.0012912505772, 0.00206131138839, -0.0021048663184, 0.0018425360322, -0.00160766788758, 0.00207233568653, -0.00246300036088, 0.00217788224109, -0.00116802949924], [0.000293038639938, -0.00019006493676, 0.00219795410521, -0.00121717061847, 0.000139388270327, -0.00165370246395, 0.00135872000828, -0.000217118984438, 0.000196339256945, -0.00055616023019, 0.00127154926304, -0.00138200807851, 0.000999851501547], [-0.000263753579929, -0.000411137589253, -0.00121717061847, 0.00481421686709, -0.000545318238437, 0.00014480300888, -0.000803822069429, 0.00169843796175, -0.00128387403674, -0.000524515460711, 0.000420478434535, 0.00101406755857, -0.00101848854683], [0.000381416117307, -0.0012912505772, 0.000139388270327, -0.000545318238437, 0.00640324363485, -0.000812395534012, -0.00054706283845, -0.00102327100467, 0.00174788711593, -0.00251068361104, 0.00217701005749, -0.00220661005005, -9.01739767869e-05], [-0.000499025627505, 0.00206131138839, -0.00165370246395, 0.00014480300888, -0.000812395534012, 0.00846715644002, -0.00355359213427, -0.000201874878258, -7.65553340898e-06, 0.00266906619072, -0.00160582375247, 0.00162856513634, -0.000337221368682], [0.000570453412365, -0.0021048663184, 0.00135872000828, -0.000803822069429, -0.00054706283845, -0.00355359213427, 0.00958240963519, -0.00331922969781, 0.000155528497999, -0.00128759711515, 0.0017138698604, -0.000547505856957, 0.000405399914598], [-0.000445252284408, 0.0018425360322, -0.000217118984438, 0.00169843796175, -0.00102327100467, -0.000201874878258, -0.00331922969781, 0.013752498664, -0.0042020236142, 0.000393299531424, -0.000433417560998, -0.000585308240261, 0.00016107634292], [0.00047329152585, -0.00160766788758, 0.000196339256945, -0.00128387403674, 0.00174788711593, -7.65553340898e-06, 0.000155528497999, -0.0042020236142, 0.0149651095271, -0.00574801675975, -0.000963067286648, 0.00152137957048, -0.000976614537649], [-0.00054409110453, 0.00207233568653, -0.00055616023019, -0.000524515460711, -0.00251068361104, 0.00266906619072, -0.00128759711515, 0.000393299531424, -0.00574801675975, 0.018398610875, -0.00500415312126, -0.00142809993122, 0.00117267342284], [0.000679761928041, -0.00246300036088, 0.00127154926304, 0.000420478434535, 0.00217701005749, -0.00160582375247, 0.0017138698604, -0.000433417560998, -0.000963067286648, -0.00500415312126, 0.0180371496826, -0.00683248136193, -8.98962898646e-05], [-0.000572168268263, 0.00217788224109, -0.00138200807851, 0.00101406755857, -0.00220661005005, 0.00162856513634, -0.000547505856957, -0.000585308240261, 0.00152137957048, -0.00142809993122, -0.00683248136193, 0.0214939061552, -0.00821975618601], [0.000412933557527, -0.00116802949924, 0.000999851501547, -0.00101848854683, -9.01739767869e-05, -0.000337221368682, 0.000405399914598, 0.00016107634292, -0.000976614537649, 0.00117267342284, -8.98962898646e-05, -0.00821975618601, 0.0195213593543]], "mean": [9.37859535217, 87.520942688, -133.459075928, 28.6547794342, -54.7626647949, 13.093126297, -35.6213951111, 10.3082790375, -25.7274570465, 2.53637909889, -17.0256595612, 0.145893082023, -15.231754303]}, "hfc": {"dmean": 6.33569335938, "dmean2": 9.73443126678, "dvar": 77.8755569458, "dvar2": 189.344177246, "max": 114.368911743, "mean": 24.9783592224, "median": 22.3488636017, "min": 1.01825284896e-16, "var": 278.295898438}, "melbands": {"dmean": [0.000659651646856, 0.000918392965104, 0.000980110256933, 0.000553562946152, 0.000184380536666, 0.000177993773832, 0.000189937185496, 0.000195768006961, 0.000158606446348, 0.000159734699992, 0.000163905147929, 7.79900510679e-05, 7.72818457335e-05, 8.49358693813e-05, 6.44257015665e-05, 5.00628266309e-05, 7.14463385521e-05, 3.52048664354e-05, 2.60352826444e-05, 2.56231505773e-05, 2.19646299229e-05, 2.50432549365e-05, 1.98516700038e-05, 1.34513038574e-05, 1.23557674669e-05, 8.95496668818e-06, 7.47021204006e-06, 6.37731773168e-06, 3.38162067237e-06, 2.88298065243e-06, 2.14163628698e-06, 2.03858280656e-06, 1.68271310486e-06, 1.46464117279e-06, 1.21642062823e-06, 1.18466027743e-06, 9.29931275095e-07, 6.65557536195e-07, 5.52237167994e-07, 3.98218588771e-07], "dmean2": [0.00104552519042, 0.00156266870908, 0.00165369792376, 0.000910834234674, 0.000295771082165, 0.000278570922092, 0.000297358696116, 0.000312056246912, 0.000246621813858, 0.000250992947258, 0.000267467228696, 0.000121087381558, 0.000122442739666, 0.000137937895488, 0.000105126819108, 7.98683613539e-05, 0.000118035713967, 5.65761692997e-05, 4.23118617618e-05, 4.22710436396e-05, 3.66245803889e-05, 4.17437368014e-05, 3.32183808496e-05, 2.22842172661e-05, 2.03044728551e-05, 1.47830078276e-05, 1.23181007439e-05, 1.07982159534e-05, 5.72424460188e-06, 4.87592660647e-06, 3.62250034414e-06, 3.36027005687e-06, 2.66846336672e-06, 2.30318414651e-06, 1.9091141894e-06, 1.80909330538e-06, 1.40541226301e-06, 9.86716599982e-07, 8.19455578949e-07, 5.85507905271e-07], "dvar": [2.57813508142e-06, 5.45232705917e-06, 3.86448346035e-06, 1.34573610922e-06, 1.38628053037e-07, 1.33390827273e-07, 1.91515169945e-07, 2.59430834149e-07, 1.49851587139e-07, 1.31197992914e-07, 1.10553919797e-07, 3.33249872142e-08, 2.23752802953e-08, 2.24569447482e-08, 1.43296690069e-08, 7.57282769825e-09, 1.5354720162e-08, 3.826386763e-09, 2.223088158e-09, 1.81822612522e-09, 1.28777988273e-09, 1.65551672371e-09, 9.44395561753e-10, 6.48228304367e-10, 6.87323309378e-10, 2.73233213832e-10, 1.53760781885e-10, 1.62679633653e-10, 6.14409495503e-11, 4.23986644404e-11, 3.27467393479e-11, 2.41991236077e-11, 1.6938783709e-11, 1.44145121186e-11, 1.07666141627e-11, 1.44965255078e-11, 9.62777947644e-12, 4.45646514483e-12, 2.84663915703e-12, 1.65846145411e-12], "dvar2": [6.67458743919e-06, 1.47370146806e-05, 1.0128210306e-05, 3.44478621628e-06, 3.12260056035e-07, 2.97590617038e-07, 4.33125165955e-07, 5.60169382879e-07, 3.41895031397e-07, 2.88512495672e-07, 2.79939456505e-07, 7.2290248454e-08, 5.27122949734e-08, 5.68370666088e-08, 3.66964982845e-08, 1.74843286516e-08, 3.9413354358e-08, 9.38961441932e-09, 5.47370149206e-09, 4.64119898069e-09, 3.41713968233e-09, 4.43006875628e-09, 2.43687869883e-09, 1.60251678594e-09, 1.64497360178e-09, 6.7862276909e-10, 3.83898857148e-10, 4.29869362328e-10, 1.68125915967e-10, 1.16736759148e-10, 9.02865421315e-11, 6.35638625068e-11, 4.04761675565e-11, 3.35197945789e-11, 2.47684667914e-11, 3.1915085158e-11, 2.04702418211e-11, 9.32054173425e-12, 6.11120529181e-12, 3.46760901243e-12], "max": [0.0217522587627, 0.0284402314574, 0.0294346921146, 0.0198599938303, 0.0086408322677, 0.00829156115651, 0.00990992505103, 0.0174788106233, 0.0100733414292, 0.0120685212314, 0.00715170102194, 0.00483156740665, 0.0037924007047, 0.00293706939556, 0.00276675750501, 0.00180317577906, 0.00276579894125, 0.00145092164166, 0.00140003301203, 0.00103052647319, 0.000898097874597, 0.000787338125519, 0.00061875837855, 0.00110619852785, 0.00125665520318, 0.000547653588001, 0.00033081395668, 0.000439783441834, 0.000220596572035, 0.00011350827117, 0.000124193218653, 0.000101596597233, 9.30186433834e-05, 0.000119384159916, 8.54239988257e-05, 9.45376887103e-05, 0.00010163889965, 5.06849282829e-05, 4.45872574346e-05, 4.76704335597e-05], "mean": [0.000862029264681, 0.000918913225178, 0.00125408743042, 0.000806401832961, 0.000339028105373, 0.000333844742272, 0.000321439729305, 0.000314421573421, 0.000254161917837, 0.000259370688582, 0.000262121349806, 0.000133710796945, 0.000128822954139, 0.000134667483508, 0.000102839148894, 8.1306847278e-05, 0.000111671484774, 6.0589361965e-05, 4.54436885775e-05, 4.22119046561e-05, 3.70398811356e-05, 4.2714214942e-05, 3.45463231497e-05, 2.42534188146e-05, 2.09396457649e-05, 1.54120079969e-05, 1.41318214446e-05, 1.09892289402e-05, 5.67977031096e-06, 4.63219657831e-06, 3.36426865033e-06, 3.44622708326e-06, 3.05101093545e-06, 2.6450857149e-06, 2.21532059186e-06, 2.04951720661e-06, 1.66339589214e-06, 1.21435380152e-06, 1.03318495803e-06, 7.60100760999e-07], "median": [0.000400452059694, 0.000349933077814, 0.00053553620819, 0.00043704721611, 0.000157185335411, 0.000164236000273, 0.000135671696626, 0.000127745617647, 0.000104170918348, 0.000105091879959, 9.65951112448e-05, 5.04364215885e-05, 6.14716627751e-05, 6.79669392412e-05, 5.45782932022e-05, 4.18403651565e-05, 5.21562178619e-05, 3.22930936818e-05, 2.64235623035e-05, 2.65098988166e-05, 2.13642306335e-05, 2.52405898209e-05, 2.11768947338e-05, 1.4088917851e-05, 1.14946433314e-05, 9.15075179364e-06, 8.67904691404e-06, 6.63024547976e-06, 3.49324909621e-06, 2.6830709885e-06, 1.76080266101e-06, 1.70679220446e-06, 1.35007530844e-06, 1.07387324988e-06, 8.46873263072e-07, 5.974331998e-07, 3.92433321394e-07, 3.07535430011e-07, 2.57943526094e-07, 1.93283085537e-07], "min": [1.34594501016e-24, 1.32889989536e-24, 9.36291810051e-25, 1.12486388185e-24, 1.65748965024e-24, 1.1610272379e-24, 1.36804129994e-24, 1.30353683397e-24, 2.31339455799e-24, 1.5615839843e-24, 2.07322269995e-24, 1.27670175813e-24, 1.8095824272e-24, 2.74452420042e-24, 2.95025794121e-24, 3.10136483925e-24, 2.72586172355e-24, 3.05050559618e-24, 2.36093683816e-24, 3.22959832091e-24, 3.95465714219e-24, 3.87564601722e-24, 3.12998727669e-24, 2.9339056435e-24, 4.12327852727e-24, 4.23304221134e-24, 4.73591855589e-24, 5.27444352473e-24, 5.19695371801e-24, 4.236444174e-24, 4.5539575329e-24, 5.44261170922e-24, 5.00582060929e-24, 5.61446466299e-24, 5.90762628018e-24, 6.13385186628e-24, 5.28500518896e-24, 5.09052021025e-24, 7.50936653861e-24, 6.61237331366e-24], "var": [2.42912119575e-06, 4.11953578805e-06, 4.19112575401e-06, 1.61011587352e-06, 3.70746761291e-07, 3.35807158081e-07, 3.73389639208e-07, 6.01175713655e-07, 2.95561989105e-07, 2.8920661066e-07, 2.41658426603e-07, 8.27805806125e-08, 5.00692323158e-08, 3.99751272084e-08, 2.33486634471e-08, 1.55221524523e-08, 2.80917777928e-08, 8.05565036899e-09, 4.47416503846e-09, 2.91069701674e-09, 2.26306284823e-09, 3.02676816943e-09, 1.77418113534e-09, 1.24699339743e-09, 1.43849188117e-09, 4.82127393564e-10, 3.41758066291e-10, 3.34814787006e-10, 6.62240193239e-11, 4.53528326005e-11, 3.28433183427e-11, 3.17343304412e-11, 3.04930629358e-11, 2.58030055655e-11, 2.01894837654e-11, 2.79486069704e-11, 2.14617594529e-11, 1.07595148069e-11, 6.91519107601e-12, 4.10315618288e-12]}, "melbands_crest": {"dmean": 3.27749919891, "dmean2": 5.43145418167, "dvar": 8.49241161346, "dvar2": 22.9018650055, "max": 30.0442008972, "mean": 11.5822124481, "median": 10.9400682449, "min": 1.54173278809, "var": 20.8886222839}, "melbands_flatness_db": {"dmean": 0.0220028497279, "dmean2": 0.0349456556141, "dvar": 0.000515062129125, "dvar2": 0.00131082267035, "max": 0.501114666462, "mean": 0.155981704593, "median": 0.152458101511, "min": 0.00350835057907, "var": 0.00246486323886}, "melbands_kurtosis": {"dmean": 3.90039539337, "dmean2": 6.33791446686, "dvar": 61.1390151978, "dvar2": 149.551635742, "max": 337.826080322, "mean": 6.03279924393, "median": 2.99126291275, "min": -1.58158624172, "var": 105.657791138}, "melbands_skewness": {"dmean": 0.591522812843, "dmean2": 0.929381430149, "dvar": 0.456833273172, "dvar2": 1.08823561668, "max": 14.9303035736, "mean": 1.78822016716, "median": 1.58468830585, "min": -0.888059079647, "var": 1.53094542027}, "melbands_spread": {"dmean": 7.56938552856, "dmean2": 12.0062074661, "dvar": 58.4025878906, "dvar2": 136.678436279, "max": 158.540710449, "mean": 31.4105072021, "median": 29.098367691, "min": 1.09820067883, "var": 315.897583008}, "mfcc": {"cov": [[7830.99609375, 541.608154297, -92.4959411621, 85.5827484131, 69.009185791, 45.6326141357, -30.9124126434, 66.3589782715, 0.836242675781, -7.20311117172, -14.6932401657, -28.9861698151, -31.9176578522], [541.608154297, 855.833068848, -199.353973389, 205.787307739, -21.1330528259, 14.4307231903, 11.0389585495, -1.30427515507, -5.04061746597, 6.20893001556, 23.4286060333, 25.4346637726, 19.1138553619], [-92.4959411621, -199.353973389, 636.139953613, 14.2451038361, 91.9614944458, 81.6212158203, -3.14016032219, 15.3313884735, 1.73607480526, -14.3917293549, -9.98271369934, -5.59980773926, -0.388329207897], [85.5827484131, 205.787307739, 14.2451038361, 332.100250244, 27.208688736, 53.6640892029, -14.1345701218, -25.4707050323, 26.5850276947, -6.30292892456, 13.9651479721, 30.4911079407, 7.96588134766], [69.009185791, -21.1330528259, 91.9614944458, 27.208688736, 159.369812012, 30.8571949005, 0.389745116234, -3.39963626862, -0.681760787964, -10.1330518723, -8.31776714325, -8.86343860626, -0.106388986111], [45.6326141357, 14.4307231903, 81.6212158203, 53.6640892029, 30.8571949005, 143.098480225, 46.5620765686, 19.2517795563, 24.9294986725, 1.02152967453, 3.04841208458, 8.97044277191, -15.6117362976], [-30.9124126434, 11.0389585495, -3.14016032219, -14.1345701218, 0.389745116234, 46.5620765686, 123.976989746, 46.8971595764, 19.3318538666, 5.06630086899, 1.86789011955, -3.3263862133, -11.8496484756], [66.3589782715, -1.30427515507, 15.3313884735, -25.4707050323, -3.39963626862, 19.2517795563, 46.8971595764, 99.3294906616, 26.4490509033, 17.2852516174, 8.53779983521, -8.76631355286, -3.12710690498], [0.836242675781, -5.04061746597, 1.73607480526, 26.5850276947, -0.681760787964, 24.9294986725, 19.3318538666, 26.4490509033, 88.313369751, 22.4681015015, 4.35909461975, 5.24154758453, -12.4363889694], [-7.20311117172, 6.20893001556, -14.3917293549, -6.30292892456, -10.1330518723, 1.02152967453, 5.06630086899, 17.2852516174, 22.4681015015, 84.4591827393, 28.4907054901, 1.91472733021, -1.30899882317], [-14.6932401657, 23.4286060333, -9.98271369934, 13.9651479721, -8.31776714325, 3.04841208458, 1.86789011955, 8.53779983521, 4.35909461975, 28.4907054901, 72.0686187744, 16.9492607117, 2.00504755974], [-28.9861698151, 25.4346637726, -5.59980773926, 30.4911079407, -8.86343860626, 8.97044277191, -3.3263862133, -8.76631355286, 5.24154758453, 1.91472733021, 16.9492607117, 71.8758392334, 19.7266921997], [-31.9176578522, 19.1138553619, -0.388329207897, 7.96588134766, -0.106388986111, -15.6117362976, -11.8496484756, -3.12710690498, -12.4363889694, -1.30899882317, 2.00504755974, 19.7266921997, 74.3556289673]], "icov": [[0.000137484370498, -9.68778622337e-05, 1.18240350275e-05, 2.47743791988e-05, -7.09797022864e-05, -5.40076507605e-05, 0.00012598487956, -0.000146829916048, 1.89848396985e-05, 1.6875232177e-05, 4.71224666398e-05, 3.18186030199e-05, 7.75487133069e-05], [-9.68778622337e-05, 0.0016282601282, 0.000503164890688, -0.00106671254616, 0.00013573061733, -4.76228015032e-05, -0.000276430364465, -0.000245460891165, 0.000556885323022, -0.000128943662276, -0.000179815629963, -5.69619296584e-05, -0.000296586804325], [1.18240350275e-05, 0.000503164890688, 0.00202620215714, -0.000192369770957, -0.000844536116347, -0.00115188141353, 0.000552359211724, -0.000551012635697, 0.000322762993164, 0.000176915214979, 5.53718709853e-05, 8.84838227648e-05, -0.000239151457208], [2.47743791988e-05, -0.00106671254616, -0.000192369770957, 0.00433907285333, -0.000521714391652, -0.00143461138941, 0.000837762199808, 0.00127536500804, -0.00167092331685, 0.00069633719977, -0.000662741833366, -0.000808894925285, -0.000330566748744], [-7.09797022864e-05, 0.00013573061733, -0.000844536116347, -0.000521714391652, 0.00723569141701, -0.00111915613525, 6.21024883003e-05, 0.000434444576968, 0.000146949998452, 0.000410026143072, 0.000313320429996, 0.00121062679682, -0.000508169236127], [-5.40076507605e-05, -4.76228015032e-05, -0.00115188141353, -0.00143461138941, -0.00111915613525, 0.0101641779765, -0.00360259017907, -0.000224996198085, -0.00123641605023, 8.23763839435e-05, 3.19063328789e-05, -0.00152329809498, 0.00188354833517], [0.00012598487956, -0.000276430364465, 0.000552359211724, 0.000837762199808, 6.21024883003e-05, -0.00360259017907, 0.0114624984562, -0.00465071247891, -0.000408451043768, 0.000547012779862, 0.000231795333093, -1.66333793459e-05, 0.00085256138118], [-0.000146829916048, -0.000245460891165, -0.000551012635697, 0.00127536500804, 0.000434444576968, -0.000224996198085, -0.00465071247891, 0.0142448805273, -0.00351814180613, -0.00118494848721, -0.00155333406292, 0.00210064020939, -0.00145283958409], [1.89848396985e-05, 0.000556885323022, 0.000322762993164, -0.00167092331685, 0.000146949998452, -0.00123641605023, -0.000408451043768, -0.00351814180613, 0.0146416490898, -0.00369150168262, 0.0016024352517, -0.00172948662657, 0.0023727864027], [1.6875232177e-05, -0.000128943662276, 0.000176915214979, 0.00069633719977, 0.000410026143072, 8.23763839435e-05, 0.000547012779862, -0.00118494848721, -0.00369150168262, 0.0151292914525, -0.00589232053608, 0.00107235671021, -0.000454750988865], [4.71224666398e-05, -0.000179815629963, 5.53718709853e-05, -0.000662741833366, 0.000313320429996, 3.19063328789e-05, 0.000231795333093, -0.00155333406292, 0.0016024352517, -0.00589232053608, 0.0174645334482, -0.00410061795264, 0.000897745252587], [3.18186030199e-05, -5.69619296584e-05, 8.84838227648e-05, -0.000808894925285, 0.00121062679682, -0.00152329809498, -1.66333793459e-05, 0.00210064020939, -0.00172948662657, 0.00107235671021, -0.00410061795264, 0.0172902140766, -0.0048639238812], [7.75487133069e-05, -0.000296586804325, -0.000239151457208, -0.000330566748744, -0.000508169236127, 0.00188354833517, 0.00085256138118, -0.00145283958409, 0.0023727864027, -0.000454750988865, 0.000897745252587, -0.0048639238812, 0.0157171413302]], "mean": [-621.145874023, 116.734321594, -18.228219986, 18.9541797638, 0.407023966312, 3.97713065147, -0.0470450073481, 4.76685380936, -3.36906957626, 2.03545427322, -0.279653251171, -0.331338912249, -1.83490049839]}, "pitch_salience": {"dmean": 0.0658996850252, "dmean2": 0.10905534029, "dvar": 0.00326995854266, "dvar2": 0.00881807878613, "max": 0.87464505434, "mean": 0.585805416107, "median": 0.590924680233, "min": 0.118695579469, "var": 0.00781080173329}, "silence_rate_20dB": {"dmean": 0, "dmean2": 0, "dvar": 0, "dvar2": 0, "max": 1, "mean": 1, "median": 1, "min": 1, "var": 0}, "silence_rate_30dB": {"dmean": 0.00186277553439, "dmean2": 0.00372584024444, "dvar": 0.00185964314733, "dvar2": 0.00557620543987, "max": 1, "mean": 0.999068677425, "median": 1, "min": 0, "var": 0.000930532929488}, "silence_rate_60dB": {"dmean": 0.00419124495238, "dmean2": 0.00838314089924, "dvar": 0.00417445925996, "dvar2": 0.00908752065152, "max": 1, "mean": 0.0481955744326, "median": 0, "min": 0, "var": 0.0458704568446}, "spectral_centroid": {"dmean": 245.796936035, "dmean2": 397.056976318, "dvar": 59645.8359375, "dvar2": 142685.328125, "max": 11612.4892578, "mean": 1656.44970703, "median": 1586.61828613, "min": 220.309204102, "var": 1046618.8125}, "spectral_complexity": {"dmean": 3.87783288956, "dmean2": 6.08088159561, "dvar": 16.3612041473, "dvar2": 36.9010505676, "max": 57, "mean": 24.793636322, "median": 25, "min": 0, "var": 93.4854660034}, "spectral_contrast_coeffs": {"dmean": [0.0548661053181, 0.0470040254295, 0.0416867993772, 0.0328998044133, 0.0243285167962, 0.0188085902482], "dmean2": [0.0904685482383, 0.0772025063634, 0.0678529888391, 0.0539284683764, 0.0390848219395, 0.0295100566], "dvar": [0.00221756240353, 0.00154260057025, 0.00112533010542, 0.000730441824999, 0.00044008801342, 0.000309929600917], "dvar2": [0.00580939976498, 0.00390412868001, 0.00290743866935, 0.00180289160926, 0.00101326045115, 0.000722097815014], "max": [-0.298376232386, -0.420974612236, -0.490306198597, -0.545308709145, -0.416235864162, -0.571824014187], "mean": [-0.649556040764, -0.736402094364, -0.752727687359, -0.762132823467, -0.762353718281, -0.751970469952], "median": [-0.653155267239, -0.743750095367, -0.756048202515, -0.763514578342, -0.762765049934, -0.752873897552], "min": [-0.981149256229, -0.977984368801, -0.977836847305, -0.974845468998, -0.96771979332, -0.964364409447], "var": [0.00731460703537, 0.00619341991842, 0.00420654239133, 0.00289011537097, 0.00257318583317, 0.00240286439657]}, "spectral_contrast_valleys": {"dmean": [0.406496375799, 0.349124401808, 0.316235184669, 0.297216951847, 0.239335536957, 0.245607256889], "dmean2": [0.629255235195, 0.580114781857, 0.512597441673, 0.464495390654, 0.365933775902, 0.325418651104], "dvar": [0.157633587718, 0.107199788094, 0.0978835895658, 0.104659505188, 0.0961504131556, 0.11043676734], "dvar2": [0.317230552435, 0.262448042631, 0.221412196755, 0.207848310471, 0.195939287543, 0.175903171301], "max": [-5.26075077057, -4.61764287949, -5.12923717499, -5.48609972, -5.19302225113, -7.72709131241], "mean": [-7.44236326218, -6.7907705307, -7.13501691818, -7.50698184967, -7.49379587173, -10.2255477905], "median": [-7.08884000778, -6.48428916931, -6.84120464325, -7.17583751678, -7.14869117737, -9.96429634094], "min": [-28.3472480774, -27.9441699982, -28.3018379211, -27.6737365723, -27.4809494019, -27.3865795135], "var": [4.73211526871, 4.62570762634, 4.46816539764, 4.4001083374, 4.38184261322, 3.8045167923]}, "spectral_decrease": {"dmean": 2.37168085171e-09, "dmean2": 3.65534447155e-09, "dvar": 1.39862526928e-17, "dvar2": 3.29833173823e-17, "max": 2.0466583074e-28, "mean": -6.48341336174e-09, "median": -5.56610713076e-09, "min": -4.795359132e-08, "var": 2.14482705054e-17}, "spectral_energy": {"dmean": 0.00934995990247, "dmean2": 0.0143784033135, "dvar": 0.000212005557842, "dvar2": 0.000497287430335, "max": 0.187174052, "mean": 0.0267355442047, "median": 0.023355346173, "min": 9.93213129054e-21, "var": 0.000338718091371}, "spectral_energyband_high": {"dmean": 0.000368169334251, "dmean2": 0.000565872702282, "dvar": 6.11353300428e-07, "dvar2": 1.43313934586e-06, "max": 0.0102354986593, "mean": 0.000872370263096, "median": 0.000484602816869, "min": 6.84760709807e-21, "var": 1.39819235301e-06}, "spectral_energyband_low": {"dmean": 0.00449181161821, "dmean2": 0.00726584205404, "dvar": 0.000102459904156, "dvar2": 0.000257693231106, "max": 0.116917282343, "mean": 0.0059356270358, "median": 0.00310604088008, "min": 1.82360170822e-23, "var": 9.8545991932e-05}, "spectral_energyband_middle_high": {"dmean": 0.00241874530911, "dmean2": 0.00379723869264, "dvar": 9.05430533749e-06, "dvar2": 2.10697980947e-05, "max": 0.0544346496463, "mean": 0.00817810837179, "median": 0.00608580838889, "min": 1.148405379e-21, "var": 4.71746716357e-05}, "spectral_energyband_middle_low": {"dmean": 0.00563843268901, "dmean2": 0.00903476495296, "dvar": 7.42150223232e-05, "dvar2": 0.000184897275176, "max": 0.142376452684, "mean": 0.013240326196, "median": 0.00985189247876, "min": 1.66814420284e-22, "var": 0.000133952184115}, "spectral_entropy": {"dmean": 0.123006179929, "dmean2": 0.18673466146, "dvar": 0.0164770837873, "dvar2": 0.032845903188, "max": 9.82035541534, "mean": 7.69593954086, "median": 7.69094467163, "min": 5.58241415024, "var": 0.131230726838}, "spectral_flux": {"dmean": 0.0249535366893, "dmean2": 0.0378561466932, "dvar": 0.00103499530815, "dvar2": 0.00211797980592, "max": 0.371124655008, "mean": 0.092250071466, "median": 0.0851229429245, "min": 6.4274641165e-11, "var": 0.00227419938892}, "spectral_kurtosis": {"dmean": 1.29818868637, "dmean2": 2.19085216522, "dvar": 2.05380153656, "dvar2": 5.29225492477, "max": 51.161567688, "mean": 4.33185529709, "median": 4.05929899216, "min": -1.25775372982, "var": 6.48309373856}, "spectral_rms": {"dmean": 0.000797391927335, "dmean2": 0.00119470234495, "dvar": 1.03839965959e-06, "dvar2": 2.26556721827e-06, "max": 0.0135132828727, "mean": 0.00479599600658, "median": 0.00477343751118, "min": 3.11285784475e-12, "var": 3.08185190079e-06}, "spectral_rolloff": {"dmean": 517.524414062, "dmean2": 858.070068359, "dvar": 607164.375, "dvar2": 1287912.625, "max": 19702.8808594, "mean": 2024.90429688, "median": 1614.99023438, "min": 86.1328125, "var": 4309929}, "spectral_skewness": {"dmean": 0.180293291807, "dmean2": 0.294503390789, "dvar": 0.0320095345378, "dvar2": 0.0786718055606, "max": 5.78759622574, "mean": 1.46017718315, "median": 1.4528619051, "min": -0.0917036831379, "var": 0.146846920252}, "spectral_spread": {"dmean": 437719.28125, "dmean2": 605601.75, "dvar": 450119172096, "dvar2": 786914541568, "max": 42