{"lowlevel": {"average_loudness": 0.741054475307, "barkbands": {"dmean": [0.000139462557854, 0.00208465219475, 0.000908026180696, 0.000688460189849, 0.00224730581976, 0.00155475642532, 0.000794145686086, 0.000772087310906, 0.000862740911543, 0.000624281005003, 0.000417721108533, 0.000285996415187, 0.000204951997148, 0.000210338199395, 0.000103748054244, 5.37614541827e-05, 5.64738111279e-05, 4.65679549961e-05, 1.87682562682e-05, 5.12409569637e-05, 1.15741959235e-05, 1.2466570297e-05, 2.82219934888e-05, 4.43356766482e-05, 2.38468310272e-05, 1.07344021671e-05, 8.91716297247e-07], "dmean2": [0.00022776631522, 0.0034898549784, 0.00154961552471, 0.00110110186506, 0.0035503427498, 0.00233835796826, 0.00113481876906, 0.00109372416046, 0.00124342506751, 0.000896666839253, 0.00061814597575, 0.000423538993346, 0.000300620420603, 0.000306430098135, 0.00015468566562, 7.89952464402e-05, 8.52601151564e-05, 7.01281023794e-05, 2.77935941995e-05, 7.02060497133e-05, 1.76527264557e-05, 1.79957824002e-05, 4.15758477175e-05, 6.48216228001e-05, 3.51844937541e-05, 1.69372560777e-05, 1.44655564327e-06], "dvar": [3.4969527718e-08, 2.90361076623e-05, 4.19094976678e-06, 3.2258851661e-06, 1.2129159586e-05, 1.45991671161e-05, 4.29986175732e-06, 4.3384716264e-06, 6.65580910209e-06, 4.43151793661e-06, 2.82102928395e-06, 8.73871726981e-07, 6.27655936114e-07, 5.65917446238e-07, 1.60651907777e-07, 3.29225642304e-08, 2.61154333714e-08, 9.25426490994e-09, 1.58569768427e-09, 1.40810740845e-08, 2.20866813727e-09, 2.77690270778e-09, 1.01789154883e-08, 3.97058244062e-08, 9.49584677556e-09, 2.11416906204e-09, 2.25371596385e-11], "dvar2": [8.2030787496e-08, 7.62207637308e-05, 1.16660094136e-05, 8.29186592455e-06, 2.99469156744e-05, 3.36340563081e-05, 7.28362329028e-06, 7.6851920312e-06, 1.37468969115e-05, 7.73647661845e-06, 5.61257456866e-06, 1.58517366344e-06, 1.15236923648e-06, 1.21192363167e-06, 3.38916009923e-07, 6.86895660351e-08, 5.72360860929e-08, 2.00576408815e-08, 3.43145489801e-09, 2.31543300089e-08, 5.32488186877e-09, 5.22492671351e-09, 2.24311751396e-08, 7.20677988397e-08, 1.8969689819e-08, 5.31036370433e-09, 5.44285866377e-11], "max": [0.00293721514754, 0.0663723349571, 0.033147148788, 0.0653558075428, 0.0622234381735, 0.0921099558473, 0.0796767547727, 0.0587711296976, 0.0560199543834, 0.0817824602127, 0.0936225950718, 0.0398978553712, 0.0373186208308, 0.0208703838289, 0.0115337111056, 0.00676677795127, 0.00805128458887, 0.00439541554078, 0.000979968579486, 0.00245099910535, 0.00213878741488, 0.00256327516399, 0.0025301517453, 0.00572513137013, 0.00281412014738, 0.000755241082516, 0.000177782931132], "mean": [0.000182851028512, 0.00396964792162, 0.00150884187315, 0.00101771845948, 0.00540393171832, 0.00349171669222, 0.00167087861337, 0.00160166143905, 0.00169332418591, 0.001267901971, 0.000819280161522, 0.000545912829693, 0.0003785052686, 0.000396046350943, 0.000175274501089, 9.53719063546e-05, 0.000111903100333, 9.73451169557e-05, 3.85914208891e-05, 0.000116794741189, 1.72519357875e-05, 1.88213762158e-05, 4.9748505262e-05, 7.17372677173e-05, 2.99629173242e-05, 1.14084241432e-05, 7.7622524941e-07], "median": [0.000123568504932, 0.00200551492162, 0.000678074313328, 0.000347424880601, 0.0029958866071, 0.00118712428957, 0.000631490082014, 0.000430476909969, 0.00021695625037, 0.000211917707929, 0.000125047678011, 0.000114252958156, 5.00332498632e-05, 6.1766433646e-05, 3.6842735426e-05, 2.73161731457e-05, 3.99395285058e-05, 3.40581136697e-05, 1.44070236274e-05, 1.57170798047e-05, 4.07523702961e-06, 2.768621016e-06, 3.99651025873e-06, 4.68689631816e-06, 1.46254399169e-06, 6.46584112474e-07, 3.57089682268e-08], "min": [3.5181786284e-25, 3.50231286066e-24, 3.39459493943e-25, 3.81721015959e-25, 1.10648241696e-23, 7.42887984931e-24, 4.64384152774e-24, 4.83159555078e-24, 1.03204163652e-23, 1.63327229098e-23, 7.47484282995e-24, 1.47813506313e-23, 2.28696629771e-23, 1.99202414257e-23, 3.54351774786e-23, 5.50226316206e-23, 6.79348773112e-23, 7.07995278698e-23, 7.73403775317e-23, 1.53340789619e-22, 1.85368554993e-22, 3.15386135523e-22, 3.78801439382e-22, 5.73047544701e-22, 7.95409182797e-22, 1.20035680473e-21, 1.87535819694e-21], "var": [4.73113175303e-08, 3.35517070198e-05, 5.29432509211e-06, 4.81157030663e-06, 4.2461011617e-05, 5.20772737218e-05, 1.27192051878e-05, 1.59324008564e-05, 1.9258048269e-05, 1.43703864524e-05, 8.46126749821e-06, 3.08416883854e-06, 2.50856896855e-06, 1.70577391145e-06, 3.70639384073e-07, 8.21353225433e-08, 5.77626195764e-08, 3.35018164321e-08, 4.59136728637e-09, 6.30239753718e-08, 3.27743143735e-09, 5.82880543831e-09, 2.32618173612e-08, 9.31275891958e-08, 1.66365730081e-08, 1.97968597071e-09, 1.95978667322e-11]}, "barkbands_crest": {"dmean": 2.32800960541, "dmean2": 3.7567794323, "dvar": 5.06592464447, "dvar2": 12.9211091995, "max": 26.4653282166, "mean": 11.5768413544, "median": 10.6525259018, "min": 2.70097279549, "var": 20.4803447723}, "barkbands_flatness_db": {"dmean": 0.0193010158837, "dmean2": 0.029077058658, "dvar": 0.000385153194657, "dvar2": 0.000821852590889, "max": 0.435946822166, "mean": 0.195147320628, "median": 0.189860254526, "min": 0.0387727059424, "var": 0.00325688836165}, "barkbands_kurtosis": {"dmean": 3.60750842094, "dmean2": 5.59085226059, "dvar": 45.2462692261, "dvar2": 107.473045349, "max": 216.424713135, "mean": 7.58220481873, "median": 4.21917867661, "min": -1.90581083298, "var": 133.729370117}, "barkbands_skewness": {"dmean": 0.514938056469, "dmean2": 0.786762475967, "dvar": 0.33398976922, "dvar2": 0.762235224247, "max": 13.123044014, "mean": 1.70661485195, "median": 1.62183940411, "min": -2.21321725845, "var": 1.92666339874}, "barkbands_spread": {"dmean": 3.17489743233, "dmean2": 4.79073095322, "dvar": 38.6350021362, "dvar2": 71.4020385742, "max": 103.974334717, "mean": 12.2990036011, "median": 9.73019886017, "min": 0.437254548073, "var": 145.317489624}, "dissonance": {"dmean": 0.0286095105112, "dmean2": 0.0477605052292, "dvar": 0.000708300911356, "dvar2": 0.00189437961672, "max": 0.499660402536, "mean": 0.426839053631, "median": 0.434522390366, "min": 0.17548507452, "var": 0.00207528844476}, "dynamic_complexity": 3.66077947617, "erbbands": {"dmean": [0.0493943169713, 0.516539216042, 1.12686622143, 1.65322077274, 4.18770647049, 9.41844177246, 12.2892551422, 12.3391494751, 10.5230798721, 14.5960645676, 17.2876930237, 20.2181015015, 17.4524669647, 19.1343822479, 14.5203619003, 11.6989326477, 8.35063552856, 11.2737731934, 6.85316848755, 3.26021838188, 2.52758741379, 2.42078614235, 2.64013648033, 0.980633497238, 1.54328465462, 2.49549412727, 0.594533443451, 0.417410165071, 0.4183627069, 0.488882064819, 0.909112274647, 1.05564808846, 0.683947086334, 0.328808426857, 0.137670323253, 0.0642180219293, 0.0154393296689, 0.00237786420621, 0.000142119839438, 1.09032398541e-05], "dmean2": [0.0818426832557, 0.874580144882, 1.91233599186, 2.61603593826, 6.73383998871, 14.7090911865, 18.8642234802, 18.4383907318, 14.8866891861, 20.9967651367, 23.8968753815, 28.7431278229, 24.1070251465, 26.918504715, 20.14478302, 16.6311779022, 11.7381334305, 16.0241641998, 9.63553619385, 4.84452295303, 3.65879273415, 3.54316353798, 3.90658736229, 1.46018826962, 2.13805913925, 3.44685697556, 0.878633618355, 0.62347304821, 0.608834981918, 0.71457105875, 1.3342165947, 1.5710811615, 0.977258384228, 0.474280923605, 0.211004078388, 0.101580545306, 0.0244085043669, 0.00376660982147, 0.000229820972891, 1.63806453202e-05], "dvar": [0.019365619868, 1.73129427433, 5.63831281662, 19.4323558807, 56.3316688538, 266.705810547, 654.740966797, 1170.765625, 787.055480957, 1829.20422363, 2319.2590332, 4127.12744141, 3208.13574219, 5372.00976563, 2057.12255859, 1571.17663574, 803.651916504, 1643.04602051, 775.327148438, 107.115318298, 73.6644973755, 29.4917984009, 30.6687278748, 3.76018548012, 11.689912796, 33.9530181885, 2.44448328018, 4.88970994949, 3.47631716728, 3.30364894867, 10.6689062119, 19.7180519104, 11.277961731, 2.23931741714, 0.3227224648, 0.0797032266855, 0.00447486899793, 0.000143150042277, 4.58169949979e-07, 5.50491319196e-10], "dvar2": [0.0482004955411, 4.70591163635, 15.4378814697, 46.5193367004, 146.544326782, 652.469360352, 1531.43457031, 2621.60083008, 1286.56713867, 3602.59570313, 4108.8984375, 8516.25390625, 6045.55029297, 8625.71875, 3630.25244141, 2527.90844727, 1300.5447998, 3500.34057617, 1359.99597168, 229.598129272, 144.807693481, 60.6940231323, 63.3853912354, 8.308385849, 20.6720237732, 57.351776123, 5.60155200958, 10.5030107498, 6.08162498474, 7.24745035172, 23.5160999298, 41.5821762085, 18.8057785034, 4.16585683823, 0.752142906189, 0.202487826347, 0.0110514750704, 0.000342733052094, 1.13675662305e-06, 1.37297495595e-09], "max": [1.72762298584, 14.9277954102, 31.8749103546, 135.546218872, 129.077026367, 297.657958984, 700.387512207, 1032.04125977, 851.077880859, 1966.01611328, 1381.63671875, 1737.37634277, 1819.20117188, 3349.76708984, 2133.66479492, 2064.94580078, 1622.91174316, 1254.86828613, 950.17175293, 398.502655029, 389.990570068, 200.366165161, 280.32333374, 53.061504364, 79.7950897217, 145.589981079, 29.3214931488, 119.555809021, 79.9292144775, 70.1362457275, 91.2115936279, 148.300201416, 129.756225586, 51.2533721924, 12.3446292877, 5.09528923035, 0.945332109928, 0.403266310692, 0.011524871923, 0.000396132934839], "mean": [0.0779981017113, 0.997147202492, 2.08633542061, 2.66828417778, 8.18581104279, 20.8360366821, 29.479883194, 25.8410968781, 21.7815113068, 32.0266036987, 36.433555603, 39.8108711243, 36.681842804, 41.3766937256, 30.8547458649, 23.8284683228, 17.4387149811, 22.9876117706, 13.4299163818, 6.45781755447, 5.15062093735, 5.68265914917, 5.95383214951, 2.25992250443, 3.66278839111, 5.62107753754, 1.12949335575, 0.604040443897, 0.62090575695, 0.812101960182, 1.60679519176, 1.73211240768, 1.02337408066, 0.434764176607, 0.162594929338, 0.0698733702302, 0.0157109163702, 0.00233097025193, 0.000136353221023, 3.22172709275e-05], "median": [0.0249331146479, 0.509541451931, 1.13700890541, 1.21746838093, 4.72475099564, 9.25830078125, 11.9075212479, 7.94021749496, 8.62439537048, 10.1790122986, 9.58024215698, 6.00838184357, 6.39298582077, 7.77187824249, 6.42777442932, 5.80018091202, 3.295981884, 3.73659968376, 2.33697891235, 2.03507351875, 1.86802017689, 2.21129989624, 2.11775350571, 0.996698558331, 0.882156074047, 0.842907071114, 0.306374788284, 0.126876696944, 0.0898756831884, 0.0949999168515, 0.13012637198, 0.121431477368, 0.0560403726995, 0.0227459166199, 0.00828260183334, 0.00410321354866, 0.000868542003445, 0.00012402694847, 1.95528718905e-05, 2.4547927751e-05], "min": [8.54276533143e-23, 5.06377716292e-22, 6.15601352502e-22, 4.14448061876e-21, 7.15044325177e-21, 1.8284410619e-20, 3.94214149727e-20, 6.30372178971e-20, 1.04720697195e-19, 1.09342471933e-19, 1.57889934728e-19, 2.79844946448e-19, 5.32427932762e-19, 6.58744874647e-19, 8.79226196309e-19, 9.80800666808e-19, 1.36461453898e-18, 1.17452119639e-18, 2.11169015384e-18, 3.10522237104e-18, 4.24115104236e-18, 4.45535649302e-18, 4.01976773194e-18, 7.06713998608e-18, 6.04186616043e-18, 7.62574580708e-18, 9.37191415401e-18, 9.32754335878e-18, 1.10165692418e-17, 9.76849597254e-18, 1.06726895817e-17, 1.12543348643e-17, 1.05654174911e-17, 7.69500812131e-18, 6.25012211453e-18, 4.03654336836e-18, 2.35490855089e-18, 9.60180915294e-19, 2.38075220646e-19, 2.62352480486e-20], "var": [0.0206193961203, 1.99500751495, 7.85883188248, 30.6319885254, 115.328895569, 908.567077637, 2477.77050781, 3966.30541992, 2384.18334961, 5378.47070313, 8387.11914063, 11367.8310547, 10745.8212891, 19199.8789063, 7613.80322266, 6237.16699219, 3718.67504883, 5525.52685547, 2413.08447266, 269.634979248, 175.853210449, 106.321151733, 126.501838684, 11.6169624329, 53.4697380066, 145.572875977, 5.27049255371, 7.87975597382, 7.75763130188, 6.63608169556, 25.3947887421, 40.2682991028, 27.1585941315, 4.53978967667, 0.392268538475, 0.0748587474227, 0.00412078713998, 0.000131435648655, 3.91884782402e-07, 9.35007515857e-10]}, "erbbands_crest": {"dmean": 2.62094807625, "dmean2": 4.10717773438, "dvar": 6.10672903061, "dvar2": 14.7809896469, "max": 31.3333129883, "mean": 11.4514789581, "median": 10.5502080917, "min": 2.06352949142, "var": 23.7377319336}, "erbbands_flatness_db": {"dmean": 0.0173773709685, "dmean2": 0.0243514496833, "dvar": 0.000329859089106, "dvar2": 0.000611386611126, "max": 0.414131730795, "mean": 0.202298685908, "median": 0.205928757787, "min": 0.026156110689, "var": 0.0032679005526}, "erbbands_kurtosis": {"dmean": 1.29996693134, "dmean2": 2.01254320145, "dvar": 3.54089713097, "dvar2": 8.15132808685, "max": 37.8146629333, "mean": 2.06094121933, "median": 1.09256064892, "min": -1.85174655914, "var": 12.905673027}, "erbbands_skewness": {"dmean": 0.348685532808, "dmean2": 0.521605610847, "dvar": 0.125939711928, "dvar2": 0.260245978832, "max": 5.50293207169, "mean": 0.845671057701, "median": 0.784494817257, "min": -3.25074768066, "var": 0.849717080593}, "erbbands_spread": {"dmean": 6.32897567749, "dmean2": 9.35068702698, "dvar": 102.064483643, "dvar2": 200.887817383, "max": 151.081314087, "mean": 27.9249973297, "median": 21.4561138153, "min": 2.25030851364, "var": 453.150238037}, "gfcc": {"cov": [[35666.4453125, 2865.66479492, -3426.44799805, 769.568237305, -1888.08374023, 427.300140381, -988.500976563, 593.537963867, -687.485656738, -181.90737915, 75.6522674561, -125.37121582, -147.9427948], [2865.66479492, 1957.88452148, -488.460632324, -449.819030762, 305.078643799, -205.262924194, 96.7816162109, -24.1295223236, 18.6031188965, -92.1321411133, 51.5050926208, -101.2159729, 19.0716266632], [-3426.44799805, -488.460632324, 1091.16931152, 97.3272476196, 115.911758423, 54.2295722961, -23.3891353607, -47.8641395569, 35.5245246887, 107.776100159, -91.3471908569, 129.30116272, -8.71474647522], [769.568237305, -449.819030762, 97.3272476196, 583.36541748, -158.548431396, 27.8257598877, -133.321487427, -8.73243904114, 30.7632331848, -25.2341899872, 32.0369415283, 7.33862066269, -9.05727577209], [-1888.08374023, 305.078643799, 115.911758423, -158.548431396, 502.366699219, -5.35694122314, 164.781738281, 13.1729059219, 52.2630615234, 47.7898979187, -48.5837516785, 25.2646160126, 20.8439788818], [427.300140381, -205.262924194, 54.2295722961, 27.8257598877, -5.35694122314, 254.445724487, 63.7841911316, 53.447971344, -16.3420009613, 66.9530944824, -26.003200531, 28.7490196228, -12.6655168533], [-988.500976563, 96.7816162109, -23.3891353607, -133.321487427, 164.781738281, 63.7841911316, 264.854888916, 62.737159729, 17.1341934204, 30.2662143707, -2.09202718735, -6.2077832222, -2.16405773163], [593.537963867, -24.1295223236, -47.8641395569, -8.73243904114, 13.1729059219, 53.447971344, 62.737159729, 176.188430786, 6.55454397202, 37.3595504761, -16.9595069885, 22.1573085785, 14.1009654999], [-687.485656738, 18.6031188965, 35.5245246887, 30.7632331848, 52.2630615234, -16.3420009613, 17.1341934204, 6.55454397202, 133.625366211, 24.6144294739, 23.8519554138, -16.6345500946, 4.82604074478], [-181.90737915, -92.1321411133, 107.776100159, -25.2341899872, 47.7898979187, 66.9530944824, 30.2662143707, 37.3595504761, 24.6144294739, 143.233688354, -18.8223190308, 40.4867248535, -5.34300470352], [75.6522674561, 51.5050926208, -91.3471908569, 32.0369415283, -48.5837516785, -26.003200531, -2.09202718735, -16.9595069885, 23.8519554138, -18.8223190308, 133.550079346, -6.32848882675, -0.233090519905], [-125.37121582, -101.2159729, 129.30116272, 7.33862066269, 25.2646160126, 28.7490196228, -6.2077832222, 22.1573085785, -16.6345500946, 40.4867248535, -6.32848882675, 131.601806641, 30.8490829468], [-147.9427948, 19.0716266632, -8.71474647522, -9.05727577209, 20.8439788818, -12.6655168533, -2.16405773163, 14.1009654999, 4.82604074478, -5.34300470352, -0.233090519905, 30.8490829468, 87.9187469482]], "icov": [[0.000263838272076, -0.00071802578168, 0.00062964274548, -0.000644571206067, 0.000827284238767, -0.000778922112659, 0.000844102876727, -0.000827715441119, 0.000863606692292, -0.000496345048305, 0.000521543784998, -0.000535687839147, 0.000552694487851], [-0.00071802578168, 0.00280793057755, -0.00142105831765, 0.00227282708511, -0.00280952011235, 0.00249304249883, -0.00207857368514, 0.00219847075641, -0.00238944892772, 0.00163884251378, -0.00174633634742, 0.00172907987144, -0.00148316740524], [0.00062964274548, -0.00142105831765, 0.00289993104525, -0.00163737137336, 0.00162245042156, -0.00174706499092, 0.00207569566555, -0.0012821565615, 0.00154974567704, -0.00163760711439, 0.00206498731859, -0.00249041849747, 0.0018016678514], [-0.000644571206067, 0.00227282708511, -0.00163737137336, 0.00413797097281, -0.00196967413649, 0.00147163891234, -0.000857578357682, 0.00163072079886, -0.0030071020592, 0.00215925159864, -0.00195574224927, 0.00137510022614, -0.00110874581151], [0.000827284238767, -0.00280952011235, 0.00162245042156, -0.00196967413649, 0.00606064731255, -0.00208395486698, 0.000574735575356, -0.00195544585586, 0.00154705683235, -0.00209103571251, 0.00306902336888, -0.00251007126644, 0.0012270133011], [-0.000778922112659, 0.00249304249883, -0.00174706499092, 0.00147163891234, -0.00208395486698, 0.00784108322114, -0.0040717725642, 0.00182694860268, -0.00156695907936, -0.000617112324107, -0.000884203240275, 0.00118378072511, -0.00101186800748], [0.000844102876727, -0.00207857368514, 0.00207569566555, -0.000857578357682, 0.000574735575356, -0.0040717725642, 0.00911440700293, -0.00458739651367, 0.00261504296213, -0.00114760524593, 0.000270613178145, -0.000631963077467, 0.00223512155935], [-0.000827715441119, 0.00219847075641, -0.0012821565615, 0.00163072079886, -0.00195544585586, 0.00182694860268, -0.00458739651367, 0.00998023431748, -0.00337041681632, 0.000145846424857, -0.000174764369149, 0.000311734998832, -0.00273160170764], [0.000863606692292, -0.00238944892772, 0.00154974567704, -0.0030071020592, 0.00154705683235, -0.00156695907936, 0.00261504296213, -0.00337041681632, 0.0125721842051, -0.0041289543733, -0.000691229302902, 0.00107311469037, 0.000508378609084], [-0.000496345048305, 0.00163884251378, -0.00163760711439, 0.00215925159864, -0.00209103571251, -0.000617112324107, -0.00114760524593, 0.000145846424857, -0.0041289543733, 0.0112667474896, -0.000610715185758, -0.00143307505641, 0.00063718407182], [0.000521543784998, -0.00174633634742, 0.00206498731859, -0.00195574224927, 0.00306902336888, -0.000884203240275, 0.000270613178145, -0.000174764369149, -0.000691229302902, -0.000610715185758, 0.0105784712359, -0.00285533233546, 0.00147010351066], [-0.000535687839147, 0.00172907987144, -0.00249041849747, 0.00137510022614, -0.00251007126644, 0.00118378072511, -0.000631963077467, 0.000311734998832, 0.00107311469037, -0.00143307505641, -0.00285533233546, 0.0126008009538, -0.00525657040998], [0.000552694487851, -0.00148316740524, 0.0018016678514, -0.00110874581151, 0.0012270133011, -0.00101186800748, 0.00223512155935, -0.00273160170764, 0.000508378609084, 0.00063718407182, 0.00147010351066, -0.00525657040998, 0.014605872333]], "mean": [-87.7667388916, 133.553497314, -96.7684402466, 10.7555789948, -53.8202438354, 6.06241130829, -39.8336410522, 7.3681101799, -24.5390396118, -5.12768793106, -4.95922803879, -3.11074972153, -7.56829833984]}, "hfc": {"dmean": 3.44539213181, "dmean2": 4.542324543, "dvar": 30.0813274384, "dvar2": 50.4540367126, "max": 106.489219666, "mean": 12.8650836945, "median": 8.1676902771, "min": 1.06287825039e-16, "var": 190.131378174}, "melbands": {"dmean": [0.000503915012814, 0.000616154808085, 0.000318000937114, 0.000491931976285, 0.000415457034251, 0.000275982834864, 0.000159667164553, 0.000157176124048, 0.000148296312545, 0.000123974474263, 8.85673725861e-05, 8.11132558738e-05, 5.66274829907e-05, 3.37952988048e-05, 2.33887822105e-05, 2.18121203943e-05, 2.13627427001e-05, 1.25135766211e-05, 5.67019651498e-06, 4.18168701799e-06, 3.34097330779e-06, 2.70748728326e-06, 3.1855497582e-06, 2.21269556278e-06, 7.10639426416e-07, 7.80511015819e-07, 2.12942927647e-06, 1.58271916462e-06, 4.01388746241e-07, 2.82962474785e-07, 2.3675923444e-07, 2.34306071434e-07, 2.74927714372e-07, 2.79370908629e-07, 4.93707830174e-07, 6.82370398408e-07, 6.75184139709e-07, 5.21442075296e-07, 4.03919869996e-07, 2.45572806534e-07], "dmean2": [0.000843475630973, 0.00103468424641, 0.000507507298607, 0.000782001705375, 0.000640123907942, 0.000413321336964, 0.000225190044148, 0.000223192910198, 0.0002065532899, 0.000177510562935, 0.000123856443679, 0.000114264737931, 8.07712422102e-05, 4.86812423333e-05, 3.32077106577e-05, 3.13245072903e-05, 3.08592389047e-05, 1.75536588358e-05, 8.33451031212e-06, 6.03529451837e-06, 4.90892807647e-06, 4.02666091759e-06, 4.86196222482e-06, 3.3589431041e-06, 1.09548204819e-06, 1.15188561267e-06, 2.90358343591e-06, 2.23426332013e-06, 6.10812492141e-07, 4.49575395578e-07, 3.59032128472e-07, 3.45267352486e-07, 4.11318950455e-07, 4.18954954284e-07, 7.34670209113e-07, 1.00163617844e-06, 1.01901389371e-06, 7.57492955472e-07, 5.85973680245e-07, 3.59141779427e-07], "dvar": [1.88830097159e-06, 1.80741267286e-06, 5.04593288042e-07, 6.98812698374e-07, 5.76661193463e-07, 5.34832736321e-07, 1.62165221695e-07, 1.86099185839e-07, 1.65458089896e-07, 1.51245487245e-07, 8.37645686147e-08, 9.3650328381e-08, 3.71061332771e-08, 1.12291607124e-08, 6.56833520907e-09, 6.37731289999e-09, 5.86360959787e-09, 2.93288371367e-09, 3.893667333e-10, 2.33588814957e-10, 1.65146354925e-10, 5.47855164013e-11, 3.65446527206e-11, 3.0793999295e-11, 2.21510245042e-12, 3.10218235648e-12, 3.00487655591e-11, 1.50902727813e-11, 1.12397699654e-12, 1.36355325902e-12, 1.92318361757e-12, 1.16391195727e-12, 1.79786784418e-12, 1.25368530661e-12, 3.16021948193e-12, 6.8351062657e-12, 9.79417675434e-12, 6.9836675505e-12, 4.05494301331e-12, 1.21919651024e-12], "dvar2": [4.84605834572e-06, 4.78800211567e-06, 1.25702695186e-06, 1.72299689893e-06, 1.36812388973e-06, 1.20024708394e-06, 2.59534402858e-07, 3.47059881278e-07, 3.0610470958e-07, 3.0910661053e-07, 1.58808106221e-07, 1.48412382828e-07, 6.58358416672e-08, 1.87549424879e-08, 1.04064667994e-08, 1.22035519468e-08, 1.24477343988e-08, 4.99580288249e-09, 7.55094264893e-10, 4.06779832041e-10, 3.12507630884e-10, 1.17255580245e-10, 8.10258249384e-11, 6.88367418622e-11, 4.99064505e-12, 6.76005649028e-12, 5.09772814239e-11, 2.66843873387e-11, 2.58831844846e-12, 3.48050407939e-12, 3.71279396116e-12, 1.95576497705e-12, 4.1164146744e-12, 3.0301364716e-12, 7.17391250571e-12, 1.5245671045e-11, 2.18863191459e-11, 1.21955969629e-11, 7.5477428127e-12, 2.41945027381e-12], "max": [0.0173978060484, 0.0168371852487, 0.0230007916689, 0.0167108979076, 0.0188537109643, 0.0201691631228, 0.0128884520382, 0.0180097650737, 0.00998760852963, 0.0101214274764, 0.00950867310166, 0.0140717709437, 0.0106106931344, 0.00412416690961, 0.00410718936473, 0.00363309378736, 0.0021222832147, 0.00185362098273, 0.000498082488775, 0.000722613360267, 0.000654778152239, 0.000305543420836, 0.000118103009299, 0.000306034780806, 4.36675909441e-05, 4.83637450088e-05, 0.000138434581459, 0.000132737477543, 1.99415153475e-05, 4.19711977884e-05, 7.68699756009e-05, 5.35994950042e-05, 7.91059064795e-05, 5.15598840138e-05, 5.67501083424e-05, 8.32719160826e-05, 0.000108029729745, 9.67551095528e-05, 7.28763407096e-05, 3.22467967635e-05], "mean": [0.000928720226511, 0.0012304369593, 0.000564651796594, 0.00106702698395, 0.00103318481706, 0.00059301633155, 0.00033552289824, 0.000346410059137, 0.000300215382595, 0.000239857472479, 0.00017880188534, 0.000167823323864, 0.000116315983178, 6.49588109809e-05, 4.47407073807e-05, 4.16333095927e-05, 4.13462657889e-05, 2.27768596233e-05, 9.85523274721e-06, 7.36316906114e-06, 6.13324800725e-06, 5.625304766e-06, 6.76476020089e-06, 4.39697760157e-06, 1.42075464282e-06, 1.62520927915e-06, 4.66980372948e-06, 3.32831041305e-06, 6.7134129722e-07, 3.97917290229e-07, 3.22129608321e-07, 3.26679128193e-07, 4.09384000477e-07, 4.48972770073e-07, 8.42764620756e-07, 1.14636895887e-06, 1.03209799818e-06, 7.57407065066e-07, 5.33397837899e-07, 3.08750003342e-07], "median": [0.000409475294873, 0.000803429051302, 0.000296383484965, 0.000553464400582, 0.000467400968773, 0.000188072706806, 0.000137479059049, 0.000104680519144, 7.06250284566e-05, 3.09798051603e-05, 2.77187773463e-05, 2.94716192002e-05, 1.98491125047e-05, 1.41908458318e-05, 9.84270718618e-06, 6.21667959422e-06, 6.19018601355e-06, 3.35662207362e-06, 2.57438023255e-06, 2.16814032683e-06, 1.9558240183e-06, 1.86301156191e-06, 2.04344814847e-06, 1.30773560159e-06, 6.10028848769e-07, 5.11703831307e-07, 6.2163394432e-07, 5.00931093939e-07, 1.4370198187e-07, 7.71755779283e-08, 4.32413962415e-08, 4.04210531713e-08, 4.65811353934e-08, 3.96276362835e-08, 7.00163482747e-08, 7.54669571279e-08, 6.49513935969e-08, 3.81999214483e-08, 2.3359534751e-08, 1.31473543163e-08], "min": [1.57388301606e-24, 5.0529967594e-25, 1.12300887543e-24, 1.94103465857e-24, 1.73450278776e-24, 1.55439746145e-24, 1.11877634085e-24, 1.17823268867e-24, 7.80065303343e-25, 1.65333067694e-24, 2.22980764533e-24, 2.13613987917e-24, 1.90833893785e-24, 2.1345355333e-24, 2.99680448171e-24, 3.02325281849e-24, 1.47820138661e-24, 3.05380224591e-24, 3.26467758486e-24, 3.26803182143e-24, 3.81374055211e-24, 3.87622780214e-24, 3.74052006061e-24, 3.94349633811e-24, 5.07842815587e-24, 2.54676781553e-24, 3.58948041296e-24, 4.37678647334e-24, 5.25605320488e-24, 4.20457024912e-24, 5.46227485614e-24, 5.11501828566e-24, 5.75034871493e-24, 4.52979985097e-24, 4.78647034041e-24, 6.12773582768e-24, 5.62860499472e-24, 6.62639689398e-24, 6.77640195055e-24, 5.77056761436e-24], "var": [2.09570703191e-06, 2.47723210123e-06, 8.2837982518e-07, 2.04251023206e-06, 2.34846152125e-06, 1.9023132154e-06, 5.06526930621e-07, 6.27233362138e-07, 5.49297055841e-07, 4.12386043536e-07, 2.7310176165e-07, 3.387011418e-07, 1.43700404465e-07, 3.94521926239e-08, 2.41517437161e-08, 2.46922553515e-08, 1.82822983419e-08, 8.74451799859e-09, 8.71448579964e-10, 6.42082387259e-10, 3.31382365992e-10, 1.41189976377e-10, 1.35478836483e-10, 9.99957547321e-11, 5.26965667283e-12, 9.5826827376e-12, 1.22972035332e-10, 5.58863441635e-11, 2.28844699267e-12, 1.71796723982e-12, 3.29521479547e-12, 2.57326300025e-12, 2.93044039555e-12, 2.07800139942e-12, 7.26219171604e-12, 1.39516696807e-11, 1.73634769757e-11, 1.59237120018e-11, 8.24429587098e-12, 2.21334018821e-12]}, "melbands_crest": {"dmean": 2.83748650551, "dmean2": 4.5465502739, "dvar": 7.13862800598, "dvar2": 17.6744766235, "max": 34.1618881226, "mean": 14.6454610825, "median": 13.8021030426, "min": 1.00072228909, "var": 31.3280982971}, "melbands_flatness_db": {"dmean": 0.0223489999771, "dmean2": 0.0330191589892, "dvar": 0.000591198331676, "dvar2": 0.00116874347441, "max": 0.592049598694, "mean": 0.283742040396, "median": 0.280974596739, "min": 4.91835066896e-07, "var": 0.0064363386482}, "melbands_kurtosis": {"dmean": 6.61193323135, "dmean2": 10.2916164398, "dvar": 131.132980347, "dvar2": 301.524688721, "max": 232.306182861, "mean": 15.3881130219, "median": 8.03549194336, "min": -1.80267739296, "var": 504.666534424}, "melbands_skewness": {"dmean": 0.635041475296, "dmean2": 0.957601726055, "dvar": 0.54795819521, "dvar2": 1.22808337212, "max": 12.5040903091, "mean": 2.45439219475, "median": 2.12622523308, "min": -1.68455123901, "var": 3.35550189018}, "melbands_spread": {"dmean": 3.40287470818, "dmean2": 5.16928243637, "dvar": 54.4111251831, "dvar2": 103.682395935, "max": 217.981918335, "mean": 14.5563278198, "median": 10.1005783081, "min": 0.47988781333, "var": 401.14666748}, "mfcc": {"cov": [[12679.0019531, 863.942321777, -383.840240479, 79.2750167847, -144.069458008, -312.422668457, 144.226959229, 300.439147949, -288.18560791, 370.49520874, -237.685302734, 157.55506897, 18.9418258667], [863.942321777, 2670.23803711, -483.200927734, -66.2970046997, 102.90045929, -59.5116767883, 149.968688965, 30.6811389923, 74.7022247314, -1.65848839283, 64.3157348633, -35.4180335999, -26.2404193878], [-383.840240479, -483.200927734, 867.262695313, 97.3519668579, 47.6806983948, 80.1252059937, -107.246177673, -48.6609573364, -21.9125480652, -89.6237182617, -11.6415014267, 18.3111286163, 41.384185791], [79.2750167847, -66.2970046997, 97.3519668579, 341.24609375, 103.092689514, -0.0973933488131, -69.7394485474, 10.8018140793, -26.1499252319, -6.70141077042, -42.1416473389, 19.9054069519, 33.8798904419], [-144.069458008, 102.90045929, 47.6806983948, 103.092689514, 219.758605957, 46.493434906, -32.510559082, -9.59188652039, 28.3434028625, -18.5870380402, -4.29617977142, 2.9668867588, 8.99712085724], [-312.422668457, -59.5116767883, 80.1252059937, -0.0973933488131, 46.493434906, 213.548141479, 36.8247795105, -6.73694467545, 50.9595870972, -26.2190818787, 57.8099555969, -4.84366035461, 2.02090525627], [144.226959229, 149.968688965, -107.246177673, -69.7394485474, -32.510559082, 36.8247795105, 198.891189575, 51.0364112854, 67.5874176025, 0.0190809946507, 46.9962997437, -3.53081798553, 9.26624965668], [300.439147949, 30.6811389923, -48.6609573364, 10.8018140793, -9.59188652039, -6.73694467545, 51.0364112854, 123.342971802, 10.3176755905, 21.6234931946, -5.5390253067, 4.80748605728, 20.2302722931], [-288.18560791, 74.7022247314, -21.9125480652, -26.1499252319, 28.3434028625, 50.9595870972, 67.5874176025, 10.3176755905, 242.542205811, -36.7712059021, 79.0608596802, -21.5062007904, 4.85310459137], [370.49520874, -1.65848839283, -89.6237182617, -6.70141077042, -18.5870380402, -26.2190818787, 0.0190809946507, 21.6234931946, -36.7712059021, 165.926101685, -5.50886774063, 16.7589988708, -13.4295129776], [-237.685302734, 64.3157348633, -11.6415014267, -42.1416473389, -4.29617977142, 57.8099555969, 46.9962997437, -5.5390253067, 79.0608596802, -5.50886774063, 158.732879639, 15.0296325684, -3.21451258659], [157.55506897, -35.4180335999, 18.3111286163, 19.9054069519, 2.9668867588, -4.84366035461, -3.53081798553, 4.80748605728, -21.5062007904, 16.7589988708, 15.0296325684, 92.4291305542, 25.1068820953], [18.9418258667, -26.2404193878, 41.384185791, 33.8798904419, 8.99712085724, 2.02090525627, 9.26624965668, 20.2302722931, 4.85310459137, -13.4295129776, -3.21451258659, 25.1068820953, 104.185173035]], "icov": [[9.80600016192e-05, -3.52221541107e-05, -1.1825072761e-05, -2.87068505713e-05, 4.80914277432e-05, 6.46080079605e-05, -7.58379392209e-05, -0.000165261371876, 5.0906339311e-05, -0.000154917928739, 0.000132033906993, -0.000157080343342, 4.03487101721e-05], [-3.52221541107e-05, 0.000469876860734, 0.000223032213398, 6.14314994891e-05, -0.000400302087655, 0.000215078078327, -0.000265235052211, 8.83909524418e-05, 3.6299952626e-05, 0.000163950739079, -0.000249740231084, 0.000207387085538, 1.47630244101e-05], [-1.1825072761e-05, 0.000223032213398, 0.00153931346722, -0.000179281196324, -7.50859762775e-05, -0.000537992105819, 0.000629104615655, 0.000244931725319, 9.21055398067e-05, 0.000725120364223, -4.19110474468e-05, -0.000154498557094, -0.000456295063486], [-2.87068505713e-05, 6.14314994891e-05, -0.000179281196324, 0.00393708376214, -0.00170058209915, 4.59276161564e-05, 0.00103553652298, -0.000753804575652, 9.53169728746e-05, 5.66392191104e-05, 0.000548016221728, -0.000447589787655, -0.000860524654854], [4.80914277432e-05, -0.000400302087655, -7.50859762775e-05, -0.00170058209915, 0.0062144594267, -0.00150382949505, 0.00102586089633, 0.000195776490727, -0.00098579202313, 6.81368692312e-05, 0.000734848727006, -0.000472283922136, 2.77120634564e-05], [6.46080079605e-05, 0.000215078078327, -0.000537992105819, 4.59276161564e-05, -0.00150382949505, 0.00619083130732, -0.00146556354593, 0.000230584919336, -6.35309406789e-05, 0.000228097298532, -0.00188268721104, 0.000577035592869, 0.000171760490048], [-7.58379392209e-05, -0.000265235052211, 0.000629104615655, 0.00103553652298, 0.00102586089633, -0.00146556354593, 0.00781507883221, -0.00268937158398, -0.00136612553615, 0.000390405533835, -0.000850055017509, -3.0526680348e-05, -0.000777588342316], [-0.000165261371876, 8.83909524418e-05, 0.000244931725319, -0.000753804575652, 0.000195776490727, 0.000230584919336, -0.00268937158398, 0.0103117115796, -0.000371921603801, -0.00103941350244, 0.000701538752764, 0.000256951403571, -0.00174125982448], [5.0906339311e-05, 3.6299952626e-05, 9.21055398067e-05, 9.53169728746e-05, -0.00098579202313, -6.35309406789e-05, -0.00136612553615, -0.000371921603801, 0.00583274522796, 0.000880436331499, -0.00255371630192, 0.00160857802257, -0.000412252324168], [-0.000154917928739, 0.000163950739079, 0.000725120364223, 5.66392191104e-05, 6.81368692312e-05, 0.000228097298532, 0.000390405533835, -0.00103941350244, 0.000880436331499, 0.00732010602951, -0.000524205621332, -0.00107685243711, 0.00106568995398], [0.000132033906993, -0.000249740231084, -4.19110474468e-05, 0.000548016221728, 0.000734848727006, -0.00188268721104, -0.000850055017509, 0.000701538752764, -0.00255371630192, -0.000524205621332, 0.00925649050623, -0.00281022232957, 0.00067817553645], [-0.000157080343342, 0.000207387085538, -0.000154498557094, -0.000447589787655, -0.000472283922136, 0.000577035592869, -3.0526680348e-05, 0.000256951403571, 0.00160857802257, -0.00107685243711, -0.00281022232957, 0.0132245980203, -0.00321722333319], [4.03487101721e-05, 1.47630244101e-05, -0.000456295063486, -0.000860524654854, 2.77120634564e-05, 0.000171760490048, -0.000777588342316, -0.00174125982448, -0.000412252324168, 0.00106568995398, 0.00067817553645, -0.00321722333319, 0.0114100966603]], "mean": [-723.392578125, 168.67048645, 11.946354866, 11.2917728424, 8.0945482254, -6.1801815033, 1.31382989883, 3.48392367363, -11.6761636734, 4.73226737976, -9.2203130722, 2.4936003685, -0.865901589394]}, "pitch_salience": {"dmean": 0.0641510635614, "dmean2": 0.103528179228, "dvar": 0.00340513582341, "dvar2": 0.00864718481898, "max": 0.99609708786, "mean": 0.549736559391, "median": 0.555642485619, "min": 0.110659353435, "var": 0.0128941982985}, "silence_rate_20dB": {"dmean": 0, "dmean2": 0, "dvar": 0, "dvar2": 0, "max": 1, "mean": 1, "median": 1, "min": 1, "var": 0}, "silence_rate_30dB": {"dmean": 0.000813008111436, "dmean2": 0.00162623659708, "dvar": 0.000812346057501, "dvar2": 0.00189469777979, "max": 1, "mean": 0.999187111855, "median": 1, "min": 0, "var": 0.000812235986814}, "silence_rate_60dB": {"dmean": 0.012737127021, "dmean2": 0.025477707386, "dvar": 0.0125735774636, "dvar2": 0.0291709434241, "max": 1, "mean": 0.0822381824255, "median": 0, "min": 0, "var": 0.0754718109965}, "spectral_centroid": {"dmean": 119.895492554, "dmean2": 177.260406494, "dvar": 51544.84375, "dvar2": 95617.3515625, "max": 11766.8017578, "mean": 887.942871094, "median": 626.154174805, "min": 154.830337524, "var": 1993035.625}, "spectral_complexity": {"dmean": 1.73062336445, "dmean2": 2.71445989609, "dvar": 3.03384923935, "dvar2": 6.40527915955, "max": 35, "mean": 11.8408079147, "median": 12, "min": 0, "var": 31.2704429626}, "spectral_contrast_coeffs": {"dmean": [0.0458232834935, 0.0414647087455, 0.0349989123642, 0.0285124517977, 0.0231194868684, 0.0170237533748], "dmean2": [0.0752380490303, 0.0653008818626, 0.0544005967677, 0.044054992497, 0.0352386422455, 0.0259622000158], "dvar": [0.00150839309208, 0.00129365141038, 0.000909299647901, 0.000593258242588, 0.000470150844194, 0.000275854079518], "dvar2": [0.0039223334752, 0.00297270948067, 0.00202461890876, 0.00133462203667, 0.000913970288821, 0.000601623381954], "max": [-0.295973777771, -0.364638745785, -0.370830535889, -0.496676295996, -0.567271888256, -0.651698052883], "mean": [-0.614646613598, -0.688370406628, -0.737617731094, -0.757692933083, -0.770774483681, -0.813704788685], "median": [-0.616340100765, -0.691377043724, -0.743567943573, -0.759854257107, -0.770094871521, -0.814507186413], "min": [-0.98811674118, -0.995549321175, -0.996680855751, -0.985806286335, -0.987015128136, -0.965305626392], "var": [0.011740074493, 0.00794745236635, 0.00686504039913, 0.00462911790237, 0.00384807423688, 0.0021816494409]}, "spectral_contrast_valleys": {"dmean": [0.385298788548, 0.306619465351, 0.277787059546, 0.25088852644, 0.256687670946, 0.305072665215], "dmean2": [0.624818265438, 0.492690980434, 0.442995011806, 0.39012029767, 0.372486561537, 0.39915189147], "dvar": [0.127152577043, 0.0833785906434, 0.0692311003804, 0.0641250833869, 0.085169441998, 0.168855294585], "dvar2": [0.272005468607, 0.183139458299, 0.144051223993, 0.122217528522, 0.146789163351, 0.263918668032], "max": [-5.21357297897, -4.91120147705, -4.96206092834, -6.11380195618, -6.4890460968, -7.71922683716], "mean": [-7.80819511414, -7.33227586746, -8.16769695282, -9.07610225677, -9.27590179443, -11.6779813766], "median": [-7.24193716049, -6.74983787537, -7.63741588593, -8.53903388977, -8.76350975037, -11.4103307724], "min": [-28.162902832, -28.1828804016, -27.7708492279, -27.5612411499, -27.5584602356, -27.4167690277], "var": [8.33113098145, 8.71231079102, 8.19634914398, 7.33796882629, 7.30149888992, 5.99475336075]}, "spectral_decrease": {"dmean": 1.68286662383e-09, "dmean2": 2.45445130886e-09, "dvar": 5.5116938458e-18, "dvar2": 1.20208740389e-17, "max": 8.97593671352e-27, "mean": -6.25724405623e-09, "median": -5.06103337017e-09, "min": -3.39551213813e-08, "var": 2.39135433547e-17}, "spectral_energy": {"dmean": 0.00659104250371, "dmean2": 0.00957645848393, "dvar": 8.35588944028e-05, "dvar2": 0.000180366943823, "max": 0.132179260254, "mean": 0.0247831549495, "median": 0.0199631247669, "min": 9.89990840516e-21, "var": 0.000377821212169}, "spectral_energyband_high": {"dmean": 0.000129067513626, "dmean2": 0.00018272192392, "dvar": 1.56965441533e-07, "dvar2": 2.6839848033e-07, "max": 0.00975050963461, "mean": 0.000234976701904, "median": 3.70141424355e-05, "min": 6.93554189018e-21, "var": 4.31111885746e-07}, "spectral_energyband_low": {"dmean": 0.00287631200626, "dmean2": 0.00463130930439, "dvar": 4.37559028796e-05, "dvar2": 0.000105441933556, "max": 0.0765180066228, "mean": 0.00610312074423, "median": 0.00402126833797, "min": 1.44323995876e-23, "var": 6.35114920442e-05}, "spectral_energyband_middle_high": {"dmean": 0.00120929046534, "dmean2": 0.00157254328951, "dvar": 7.99648842076e-06, "dvar2": 1.2024708667e-05, "max": 0.0978925898671, "mean": 0.00381135125645, "median": 0.00145808339585, "min": 1.11670170293e-21, "var": 5.6267126638e-05}, "spectral_energyband_middle_low": {"dmean": 0.00448714056984, "dmean2": 0.0065463129431, "dvar": 4.22059310949e-05, "dvar2": 9.27005603444e-05, "max": 0.117275334895, "mean": 0.015268416144, "median": 0.0109110409394, "min": 1.56421297765e-22, "var": 0.000206634373171}, "spectral_entropy": {"dmean": 0.1785454005, "dmean2": 0.255560308695, "dvar": 0.0428641401231, "dvar2": 0.0768354684114, "max": 9.82322025299, "mean": 6.81993722916, "median": 6.79709434509, "min": 4.30881214142, "var": 0.525805652142}, "spectral_flux": {"dmean": 0.0200968440622, "dmean2": 0.0309972520918, "dvar": 0.000592311436776, "dvar2": 0.00127599108964, "max": 0.308413207531, "mean": 0.0656379163265, "median": 0.0567175038159, "min": 6.35508867752e-11, "var": 0.0019014183199}, "spectral_kurtosis": {"dmean": 4.31359958649, "dmean2": 7.04398202896, "dvar": 26.3371086121, "dvar2": 69.0996627808, "max": 101.962471008, "mean": 13.2566356659, "median": 10.1765060425, "min": -1.34233856201, "var": 136.667984009}, "spectral_rms": {"dmean": 0.000610614661127, "dmean2": 0.000879707920831, "dvar": 5.11539212766e-07, "dvar2": 1.04282673874e-06, "max": 0.0113558517769, "mean": 0.0044892821461, "median": 0.00441318703815, "min": 3.10780416159e-12, "var": 4.02495970775e-06}, "spectral_rolloff": {"dmean": 238.928970337, "dmean2": 405.098144531, "dvar": 678759.875, "dvar2": 1446158.375, "max": 19444.4824219, "mean": 1111.15698242, "median": 559.86328125, "min": 43.06640625, "var": 6737651.5}, "spectral_skewness": {"dmean": 0.384131133556, "dmean2": 0.605798661709, "dvar": 0.160021692514, "dvar2": 0.363536298275, "max": 8.8076839447, "mean": 2.6300137043, "median": 2.52485942841, "min": -0.212047502398, "var": 1.33363437653}, "spectral_spread": {"dmean": 587539.5625, "dmean2": 833917.75, "dvar": 1124925964290.0, "dvar2": 202808596