{"lowlevel": {"average_loudness": 0.721709430218, "barkbands": {"dmean": [5.28374621354e-05, 0.000737777620088, 0.000892576004844, 0.00115537061356, 0.00222527678125, 0.00142734672409, 0.00108440883923, 0.00055565929506, 0.000675321032759, 0.000416108698118, 0.00027266467805, 0.000195245185751, 0.000162933691172, 9.82431811281e-05, 9.59748067544e-05, 7.0091606176e-05, 5.47580093553e-05, 3.09065144393e-05, 2.31601679843e-05, 5.45630973647e-05, 3.01011405099e-05, 1.6017442249e-05, 1.98301167984e-05, 2.61702625721e-05, 1.28124902403e-05, 2.97256610793e-06, 2.86209910882e-07], "dmean2": [8.31265715533e-05, 0.00113646814134, 0.00136377557646, 0.00173212506343, 0.00346556142904, 0.00218125991523, 0.00158969394397, 0.00083001027815, 0.00100161670707, 0.000644055835437, 0.000409413187299, 0.000306818983518, 0.000241140980506, 0.000149990257341, 0.000150112275151, 0.000111904075311, 8.62380184117e-05, 4.60474657302e-05, 3.77312717319e-05, 8.12348735053e-05, 4.44623728981e-05, 2.29133274843e-05, 2.73787118203e-05, 3.43092324329e-05, 1.85650242202e-05, 3.78560298486e-06, 4.17909546968e-07], "dvar": [1.69348936652e-07, 3.30602642862e-06, 5.62008017368e-06, 1.38732139021e-05, 1.57385438797e-05, 8.68541974341e-06, 7.25314612282e-06, 2.38940674535e-06, 2.40802569351e-06, 1.53524888447e-06, 1.0774878092e-06, 5.86596797802e-07, 3.41714581964e-07, 8.75130510281e-08, 5.59967610059e-08, 4.71106176292e-08, 2.10209574192e-08, 8.07703237626e-09, 9.87023707211e-09, 4.14284642147e-07, 1.18845711938e-07, 1.61672844001e-08, 2.99051592378e-08, 5.50734533533e-08, 1.37512543574e-08, 6.29447827194e-10, 9.37974697912e-12], "dvar2": [3.51119098241e-07, 6.60323894408e-06, 1.28407164084e-05, 2.78460211121e-05, 3.73973052774e-05, 2.0784096705e-05, 1.73383305082e-05, 5.72007820665e-06, 5.62683044336e-06, 3.4783213323e-06, 2.14216242966e-06, 1.30798116516e-06, 6.63167440962e-07, 1.9073397084e-07, 1.33926434387e-07, 1.17816895795e-07, 5.4403503924e-08, 1.6464218433e-08, 2.27443273104e-08, 9.38599612255e-07, 2.66261309889e-07, 3.02588354373e-08, 5.67382834049e-08, 8.02044155535e-08, 2.85048891158e-08, 8.80079953358e-10, 1.51538469273e-11], "max": [0.0278179924935, 0.0636133998632, 0.084158629179, 0.136235371232, 0.0698961094022, 0.0627798065543, 0.0819370672107, 0.0439533740282, 0.037999600172, 0.0364601202309, 0.0293687861413, 0.023402472958, 0.0169364064932, 0.00782394781709, 0.00761740049347, 0.00492491619661, 0.00568517949432, 0.00269815418869, 0.00671853218228, 0.0357034616172, 0.0152866421267, 0.00418187119067, 0.00727540301159, 0.0105183795094, 0.00484289461747, 0.00137211277615, 0.000175986249815], "mean": [8.4741936007e-05, 0.00249046692625, 0.00256434455514, 0.00224662129767, 0.00598914083093, 0.00400187866762, 0.00276568741538, 0.00118469132576, 0.00147399608977, 0.000885681947693, 0.00049718702212, 0.000330010429025, 0.000269121257588, 0.000185905126273, 0.000192248699022, 0.000137318187626, 0.000116958166473, 7.2150833148e-05, 4.76760869788e-05, 7.31958498363e-05, 4.35873444076e-05, 2.6514291676e-05, 3.2354349969e-05, 4.58820577478e-05, 1.8775170247e-05, 4.94798950967e-06, 3.80771894015e-07], "median": [9.40062182053e-06, 0.000458136608358, 0.00142412015703, 0.000249145989073, 0.00288585736416, 0.00121581554413, 0.000738958478905, 0.000184601944056, 0.000308421178488, 0.000117827403301, 6.66253181407e-05, 5.05850366608e-05, 5.39195680176e-05, 3.9637547161e-05, 4.1385559598e-05, 2.7583901101e-05, 2.98562081298e-05, 1.6235286239e-05, 1.32862087412e-05, 9.10489961825e-06, 2.68227040578e-06, 1.65486744663e-06, 2.00520162252e-06, 1.72962984379e-06, 7.27239751086e-07, 3.1072252682e-07, 2.52454359639e-08], "min": [1.198706686e-24, 6.52431040423e-24, 3.28679369477e-23, 1.73556151798e-23, 1.05278631175e-22, 4.59996405867e-23, 1.37412280615e-23, 3.39038249122e-23, 1.35107790719e-22, 6.54836214214e-23, 1.5100227773e-22, 3.38729268083e-23, 8.13170632203e-23, 9.1978089214e-23, 2.01214662742e-22, 1.14773493559e-22, 1.22486811407e-22, 2.930392838e-22, 1.44087602662e-22, 2.35343486562e-22, 4.3476580684e-22, 6.22522123886e-22, 6.48537418633e-22, 6.97508944374e-22, 1.07349615719e-21, 2.10982775184e-21, 2.68223875521e-21], "var": [2.54481221873e-07, 2.23219158215e-05, 2.24381001317e-05, 4.06733706768e-05, 6.49791472824e-05, 5.31277401024e-05, 3.43392675859e-05, 7.41059193388e-06, 8.3201985035e-06, 5.52068377146e-06, 2.59749572251e-06, 1.33754213039e-06, 5.72944998112e-07, 1.95167515926e-07, 2.12646654063e-07, 1.39147132927e-07, 6.28922265378e-08, 2.92689961157e-08, 1.84397279668e-08, 5.61329045468e-07, 1.99335886464e-07, 4.24615791417e-08, 7.19468076227e-08, 1.85803926911e-07, 2.89244397322e-08, 1.98129646023e-09, 1.75353551124e-11]}, "barkbands_crest": {"dmean": 2.0809969902, "dmean2": 3.30606436729, "dvar": 3.86045193672, "dvar2": 9.2481212616, "max": 25.9189872742, "mean": 11.8625011444, "median": 10.9112701416, "min": 2.74865412712, "var": 19.0651016235}, "barkbands_flatness_db": {"dmean": 0.0167944319546, "dmean2": 0.0251248814166, "dvar": 0.000323195446981, "dvar2": 0.00061967241345, "max": 0.435687154531, "mean": 0.225321054459, "median": 0.223312407732, "min": 0.0354739539325, "var": 0.00379213923588}, "barkbands_kurtosis": {"dmean": 3.64666986465, "dmean2": 5.71787929535, "dvar": 50.4546394348, "dvar2": 118.220802307, "max": 255.751159668, "mean": 8.30266952515, "median": 4.33886003494, "min": -1.86358809471, "var": 203.691711426}, "barkbands_skewness": {"dmean": 0.475625038147, "dmean2": 0.725296795368, "dvar": 0.302197962999, "dvar2": 0.682591199875, "max": 12.244436264, "mean": 1.76795983315, "median": 1.57665669918, "min": -2.02029705048, "var": 1.91706085205}, "barkbands_spread": {"dmean": 2.51748037338, "dmean2": 3.76331949234, "dvar": 29.692150116, "dvar2": 56.6944656372, "max": 128.630767822, "mean": 10.4539489746, "median": 7.00280761719, "min": 0.313706964254, "var": 228.354034424}, "dissonance": {"dmean": 0.0320946611464, "dmean2": 0.0535514205694, "dvar": 0.000918540928978, "dvar2": 0.00251640332863, "max": 0.499668329954, "mean": 0.407675176859, "median": 0.418124645948, "min": 0.153965711594, "var": 0.00307306554168}, "dynamic_complexity": 4.86175060272, "erbbands": {"dmean": [0.0124874105677, 0.208146512508, 1.04492902756, 2.06327915192, 5.34583234787, 8.9367351532, 11.4197854996, 11.1590337753, 15.5150279999, 11.0749921799, 12.7158470154, 15.948220253, 10.5259895325, 14.0251703262, 9.71908187866, 7.50405883789, 7.49067926407, 4.25763654709, 5.04452800751, 4.26945447922, 3.57028365135, 2.3535091877, 2.13922548294, 0.926166534424, 1.2712239027, 2.49168252945, 2.11436390877, 0.830613732338, 0.539179682732, 0.609364569187, 0.566120803356, 0.567140042782, 0.424798369408, 0.213131129742, 0.0518681481481, 0.0172296054661, 0.0049387649633, 0.000827223528177, 4.77970788779e-05, 6.80231187289e-06], "dmean2": [0.0198871307075, 0.323611289263, 1.63142478466, 3.09132552147, 8.08274841309, 14.1326026917, 17.2296657562, 16.9832000732, 22.8441295624, 16.1550197601, 18.5899028778, 23.5705070496, 15.750295639, 21.3814620972, 14.7026405334, 11.451420784, 11.1466264725, 6.45492649078, 7.79008293152, 6.5948882103, 5.6503443718, 3.68528699875, 3.2094335556, 1.4723123312, 2.03855633736, 3.92662286758, 3.08076882362, 1.18814432621, 0.768490433693, 0.892316639423, 0.793948829174, 0.722165286541, 0.59126329422, 0.312104284763, 0.0759582594037, 0.0239377412945, 0.005790008232, 0.00104300223757, 6.97514842614e-05, 9.99940857582e-06], "dvar": [0.00254175742157, 0.241104871035, 7.49431705475, 35.3422088623, 230.91104126, 269.807281494, 544.518310547, 632.297912598, 1721.60778809, 705.281555176, 1073.91845703, 1365.89318848, 902.085388184, 1846.07958984, 976.015869141, 937.864074707, 796.72857666, 193.467605591, 160.163085938, 134.554580688, 171.124832153, 30.1562995911, 31.9939937592, 9.45322418213, 51.6953582764, 924.341308594, 893.679870605, 50.6341552734, 19.4219322205, 26.6349983215, 26.9121665955, 26.2570438385, 16.2981948853, 4.36441516876, 0.200789153576, 0.0207479242235, 0.00199893023819, 6.10331844655e-05, 2.30369835208e-07, 1.99852009941e-10], "dvar2": [0.00537462392822, 0.493751674891, 17.0206069946, 76.2898330688, 488.115661621, 653.642578125, 1269.86938477, 1409.36999512, 4238.35546875, 1602.64794922, 2383.9934082, 3255.55126953, 2174.06665039, 4170.75244141, 1984.06335449, 1812.30419922, 1556.83825684, 419.588287354, 398.283599854, 288.548065186, 442.524139404, 75.7145309448, 71.3347320557, 21.4644145966, 127.349060059, 2313.9543457, 2015.55053711, 92.0285186768, 32.748210907, 54.4264221191, 51.2644691467, 38.1083221436, 28.7337932587, 9.06517124176, 0.45198482275, 0.0405212081969, 0.00240916875191, 8.57713675941e-05, 3.83415056149e-07, 3.11023151678e-10], "max": [1.70653152466, 14.2798662186, 92.1244430542, 188.452407837, 415.525665283, 320.941619873, 530.788452148, 793.377197266, 1462.87792969, 732.719848633, 687.321655273, 679.808044434, 944.420593262, 1467.42358398, 847.723754883, 1191.59399414, 829.978881836, 367.063201904, 301.968444824, 485.516082764, 339.277832031, 160.893569946, 176.965499878, 185.605010986, 401.353759766, 1410.30957031, 1817.49511719, 309.109130859, 167.712310791, 190.445556641, 243.895843506, 265.71472168, 160.587524414, 83.4585113525, 16.5532875061, 5.70988368988, 2.72706985474, 0.430217087269, 0.0260194409639, 0.000645144551527], "mean": [0.0489286109805, 0.660560786724, 2.90203070641, 5.15853404999, 11.673002243, 22.171339035, 34.0330657959, 30.8203716278, 39.9115791321, 26.4666366577, 30.2592849731, 34.8759117126, 25.5094242096, 28.0907344818, 18.9614429474, 13.2323923111, 12.9253072739, 9.16905975342, 10.011013031, 9.54434108734, 7.77859973907, 5.87032604218, 5.25998592377, 2.36255049706, 2.60630130768, 3.51316165924, 2.71121931076, 1.32767486572, 0.902052044868, 0.975547015667, 0.916936576366, 0.952011227608, 0.717101752758, 0.310855329037, 0.0789805799723, 0.0279005356133, 0.0082582551986, 0.00124849483836, 7.22763579688e-05, 3.0895051168e-05], "median": [0.00377982808277, 0.177984565496, 1.66169512272, 1.45458269119, 3.58297920227, 10.205321312, 10.8807458878, 10.3976888657, 11.4073343277, 9.0197763443, 7.08902454376, 8.70919513702, 5.24384689331, 5.62960577011, 4.03078556061, 2.82528877258, 2.96105694771, 2.33547663689, 2.58760857582, 2.54846835136, 1.6226067543, 1.69559633732, 1.33582007885, 0.671576023102, 0.772263109684, 0.472295552492, 0.165529042482, 0.0887372046709, 0.0544612668455, 0.0604028515518, 0.0586428157985, 0.0442775934935, 0.0224415902048, 0.00868108589202, 0.00493275746703, 0.00166859116871, 0.000521666253917, 9.44652492763e-05, 1.63059521583e-05, 2.44262664637e-05], "min": [7.577957521e-23, 2.36608572067e-21, 2.63445909859e-20, 5.23358304473e-20, 2.0223366565e-19, 4.28998121998e-19, 2.19749835507e-19, 5.27753948711e-19, 2.35529908353e-19, 4.07401806222e-19, 1.05157475701e-18, 2.43967326377e-18, 2.87968082368e-18, 2.3828753206e-18, 6.1176164658e-18, 1.84980001561e-18, 3.38717556823e-18, 3.94006433043e-18, 1.14377878077e-17, 4.9924386609e-18, 8.03225131141e-18, 8.44090417661e-18, 1.80835429646e-17, 7.54592784105e-18, 8.89818285412e-18, 1.16082564971e-17, 1.80275229848e-17, 1.55756273003e-17, 2.19027682016e-17, 2.17569180617e-17, 1.67017559493e-17, 1.15076969772e-17, 1.4419645703e-17, 9.67032700462e-18, 9.09657467942e-18, 8.75337496173e-18, 3.78210385271e-18, 1.62498649059e-18, 3.32079411728e-19, 3.64973670503e-20], "var": [0.0158334355801, 1.39487838745, 26.4923553467, 118.635162354, 612.975891113, 1135.2401123, 3367.36499023, 3778.35571289, 8010.73632813, 2268.80004883, 4039.53833008, 4338.26513672, 4192.46923828, 4389.59619141, 2656.09204102, 1857.63635254, 1304.16467285, 471.626922607, 426.006103516, 648.506530762, 534.003173828, 115.092346191, 122.847373962, 26.178981781, 66.7954940796, 1032.8807373, 1325.9810791, 120.561035156, 53.0108528137, 60.2887039185, 63.8820610046, 77.4864807129, 47.9832878113, 8.99255943298, 0.390828371048, 0.053369898349, 0.006514494773, 0.000159525079653, 4.24928117582e-07, 9.76555725174e-10]}, "erbbands_crest": {"dmean": 2.664103508, "dmean2": 4.18422794342, "dvar": 6.52751541138, "dvar2": 15.6015777588, "max": 33.1762008667, "mean": 12.3444633484, "median": 11.6551361084, "min": 2.7408850193, "var": 22.9298973083}, "erbbands_flatness_db": {"dmean": 0.0151571407914, "dmean2": 0.0225324202329, "dvar": 0.000288101873593, "dvar2": 0.000561084190849, "max": 0.436781108379, "mean": 0.224462777376, "median": 0.226498201489, "min": 0.0305638667196, "var": 0.00281614693813}, "erbbands_kurtosis": {"dmean": 1.43477630615, "dmean2": 2.21693778038, "dvar": 4.34876441956, "dvar2": 10.0344734192, "max": 50.3715286255, "mean": 2.1858458519, "median": 1.28245270252, "min": -1.8413579464, "var": 13.1880283356}, "erbbands_skewness": {"dmean": 0.381276011467, "dmean2": 0.567849874496, "dvar": 0.158972740173, "dvar2": 0.328958809376, "max": 5.9318523407, "mean": 0.866209924221, "median": 0.870331764221, "min": -4.06896829605, "var": 0.895905256271}, "erbbands_spread": {"dmean": 4.69819974899, "dmean2": 7.13219404221, "dvar": 53.4535865784, "dvar2": 112.866416931, "max": 150.329162598, "mean": 23.2355194092, "median": 19.1019363403, "min": 1.72261214256, "var": 270.479980469}, "gfcc": {"cov": [[11107.3466797, 1096.70959473, -2026.6348877, 220.198852539, -504.342224121, -138.878646851, -392.899139404, 35.8391456604, 31.3161239624, -369.754699707, 148.274719238, -121.067451477, 126.965744019], [1096.70959473, 1772.51135254, 2.44841742516, -406.332580566, 158.116638184, -147.906570435, 159.946517944, -98.6338806152, 6.75824403763, -144.055084229, 90.3936767578, -99.0493469238, -3.04027247429], [-2026.6348877, 2.44841742516, 1016.66400146, 10.6670703888, 22.4694137573, 84.3941192627, 52.7161026001, -57.5587425232, -21.7475833893, 90.0723190308, -45.7118339539, -11.9530134201, -34.55701828], [220.198852539, -406.332580566, 10.6670703888, 434.824829102, 74.6271057129, -3.63579630852, -70.0960845947, 60.4057655334, 41.9066772461, 40.0068244934, -19.700630188, 10.761713028, 27.0252532959], [-504.342224121, 158.116638184, 22.4694137573, 74.6271057129, 346.014556885, 16.0703582764, 53.5950737, 48.6647033691, 45.5973167419, 37.3642234802, 23.4828739166, 17.703836441, 17.229631424], [-138.878646851, -147.906570435, 84.3941192627, -3.63579630852, 16.0703582764, 216.312438965, 67.012260437, 13.820807457, 13.0395851135, 42.5438690186, 17.0838794708, 28.6296329498, 9.15259552002], [-392.899139404, 159.946517944, 52.7161026001, -70.0960845947, 53.5950737, 67.012260437, 281.156097412, 51.6332931519, -29.5851039886, 29.3607254028, 30.2981948853, 25.6111526489, -9.48052310944], [35.8391456604, -98.6338806152, -57.5587425232, 60.4057655334, 48.6647033691, 13.820807457, 51.6332931519, 153.711898804, 55.3648719788, 16.2179260254, 11.5147266388, 24.4872817993, 11.055021286], [31.3161239624, 6.75824403763, -21.7475833893, 41.9066772461, 45.5973167419, 13.0395851135, -29.5851039886, 55.3648719788, 136.303985596, 15.3982906342, -4.98999118805, -3.82170248032, 12.5878829956], [-369.754699707, -144.055084229, 90.0723190308, 40.0068244934, 37.3642234802, 42.5438690186, 29.3607254028, 16.2179260254, 15.3982906342, 148.719146729, 16.3852310181, 20.4541797638, 10.6487102509], [148.274719238, 90.3936767578, -45.7118339539, -19.700630188, 23.4828739166, 17.0838794708, 30.2981948853, 11.5147266388, -4.98999118805, 16.3852310181, 111.644638062, 30.845375061, 1.99603903294], [-121.067451477, -99.0493469238, -11.9530134201, 10.761713028, 17.703836441, 28.6296329498, 25.6111526489, 24.4872817993, -3.82170248032, 20.4541797638, 30.845375061, 99.2879333496, 31.601020813], [126.965744019, -3.04027247429, -34.55701828, 27.0252532959, 17.229631424, 9.15259552002, -9.48052310944, 11.055021286, 12.5878829956, 10.6487102509, 1.99603903294, 31.601020813, 85.5665588379]], "icov": [[0.000352292670868, -0.000653707305901, 0.000712195702363, -0.000815219711512, 0.000890982628334, -0.000769350328483, 0.000691738445312, -0.000518026179634, 0.000465791265015, -0.000104593520518, 4.36020527559e-05, -7.65698587202e-06, -8.10117126093e-06], [-0.000653707305901, 0.00264076841995, -0.00152364047244, 0.00262048142031, -0.00250354688615, 0.00258314143866, -0.00236235233024, 0.00205073482357, -0.0018595692236, 0.00150828179903, -0.00161448703147, 0.00166668579914, -0.00117006769869], [0.000712195702363, -0.00152364047244, 0.00263666873798, -0.00187854096293, 0.00183069822378, -0.00207454944029, 0.00133994617499, -0.000625859829597, 0.00112735608127, -0.00108925625682, 0.000948754081037, -0.000295512203593, 0.000686566578224], [-0.000815219711512, 0.00262048142031, -0.00187854096293, 0.00560988998041, -0.0032838950865, 0.00263807876036, -0.00131926394533, 0.000681501231156, -0.0016131082084, 0.000567347859032, -0.00072350440314, 0.00126357492991, -0.00136597559322], [0.000890982628334, -0.00250354688615, 0.00183069822378, -0.0032838950865, 0.00615385221317, -0.00239664688706, 0.00156563951168, -0.0020874759648, 0.000695337599609, -0.00136965268757, 0.000387212319765, -0.00102529965807, 0.000263686786639], [-0.000769350328483, 0.00258314143866, -0.00207454944029, 0.00263807876036, -0.00239664688706, 0.00814860872924, -0.00365210883319, 0.00243192398921, -0.00283780647442, 0.00039672254934, -0.00168762053363, 0.000247772492003, -0.00122957804706], [0.000691738445312, -0.00236235233024, 0.00133994617499, -0.00131926394533, 0.00156563951168, -0.00365210883319, 0.00735520804301, -0.00443295063451, 0.00384844001383, -0.00173519551754, 0.000802199007012, -0.00145305297337, 0.00147823861334], [-0.000518026179634, 0.00205073482357, -0.000625859829597, 0.000681501231156, -0.0020874759648, 0.00243192398921, -0.00443295063451, 0.0115053122863, -0.00561627559364, 0.00119099544827, -0.00125584797934, -0.000674376846291, -0.000487540819449], [0.000465791265015, -0.0018595692236, 0.00112735608127, -0.0016131082084, 0.000695337599609, -0.00283780647442, 0.00384844001383, -0.00561627559364, 0.011441978626, -0.00181287445594, 0.00152941828128, 0.000497962872032, -0.000154133682372], [-0.000104593520518, 0.00150828179903, -0.00108925625682, 0.000567347859032, -0.00136965268757, 0.00039672254934, -0.00173519551754, 0.00119099544827, -0.00181287445594, 0.00934938248247, -0.00248904107139, 0.000769496196881, -0.00164603453595], [4.36020527559e-05, -0.00161448703147, 0.000948754081037, -0.00072350440314, 0.000387212319765, -0.00168762053363, 0.000802199007012, -0.00125584797934, 0.00152941828128, -0.00248904107139, 0.0122904554009, -0.00486725801602, 0.00243890681304], [-7.65698587202e-06, 0.00166668579914, -0.000295512203593, 0.00126357492991, -0.00102529965807, 0.000247772492003, -0.00145305297337, -0.000674376846291, 0.000497962872032, 0.000769496196881, -0.00486725801602, 0.0155296241865, -0.00613257056102], [-8.10117126093e-06, -0.00117006769869, 0.000686566578224, -0.00136597559322, 0.000263686786639, -0.00122957804706, 0.00147823861334, -0.000487540819449, -0.000154133682372, -0.00164603453595, 0.00243890681304, -0.00613257056102, 0.0151066416875]], "mean": [-88.9398422241, 147.469543457, -99.530456543, 10.0249032974, -55.7407455444, -1.46965909004, -41.0769577026, 0.847743570805, -21.9422473907, -6.41780042648, -9.90002822876, -6.7940788269, -8.52132797241]}, "hfc": {"dmean": 2.5398247242, "dmean2": 3.65257668495, "dvar": 47.7612037659, "dvar2": 72.001701355, "max": 337.625366211, "mean": 11.6353559494, "median": 8.48262500763, "min": 1.25928441208e-16, "var": 234.437576294}, "melbands": {"dmean": [0.00014986107999, 0.000448926351964, 0.000455966830486, 0.000510578218382, 0.000384982151445, 0.000249506119872, 0.000233608618146, 0.000117252573546, 0.000106557585241, 9.84835351119e-05, 5.33939055458e-05, 6.06006506132e-05, 3.85045168514e-05, 2.19496232603e-05, 2.0370742277e-05, 1.34607626023e-05, 7.89459681982e-06, 8.95374341781e-06, 6.25563188805e-06, 5.18637989444e-06, 4.22467473982e-06, 2.16570197153e-06, 3.69806662093e-06, 1.30040689328e-06, 7.36689287351e-07, 1.05863023236e-06, 1.08977792479e-06, 1.85074895853e-06, 1.72464876869e-06, 6.63235141474e-07, 4.68958546662e-07, 3.15162395736e-07, 3.21943304016e-07, 3.68033823861e-07, 3.44328896063e-07, 3.0893752978e-07, 3.95034675194e-07, 3.43709388062e-07, 2.83110665578e-07, 1.50244588326e-07], "dmean2": [0.000230320336414, 0.000701792538166, 0.000677313830238, 0.00079298595665, 0.000587747548707, 0.000380458979635, 0.000343580730259, 0.00017222459428, 0.000154957335326, 0.000146478487295, 8.0552585132e-05, 9.28560839384e-05, 5.79447987548e-05, 3.41791455867e-05, 3.12750016747e-05, 1.98447596631e-05, 1.19934884424e-05, 1.37140841616e-05, 9.73874375632e-06, 8.20971308713e-06, 6.65298011882e-06, 3.3972453366e-06, 5.64990068597e-06, 1.96563632926e-06, 1.19916364838e-06, 1.72695536094e-06, 1.76022786036e-06, 2.9191548947e-06, 2.49669142249e-06, 1.04781884147e-06, 6.80693972299e-07, 4.38683315451e-07, 4.83041276311e-07, 5.43448493318e-07, 4.92642982408e-07, 4.2711346282e-07, 5.09993924425e-07, 4.9300547289e-07, 4.26426879585e-07, 2.21328050998e-07], "dvar": [1.95806549641e-07, 1.24573705307e-06, 1.88076512586e-06, 1.03750051039e-06, 4.98801909998e-07, 2.88765619416e-07, 3.70025560414e-07, 8.37946458887e-08, 6.76049580761e-08, 5.19752099137e-08, 2.38457467105e-08, 3.44002337727e-08, 1.99925871414e-08, 7.70347252654e-09, 6.13208106515e-09, 2.00249505866e-09, 6.19416018477e-10, 5.49717049658e-10, 2.67846300694e-10, 1.90489513052e-10, 2.68530864211e-10, 3.46920131511e-11, 1.0067065237e-10, 1.69158940327e-11, 5.96378068457e-12, 2.49976376404e-11, 1.50129672583e-10, 5.42189293462e-10, 7.87222620424e-10, 5.16481336865e-11, 1.48238678277e-11, 6.39690904414e-12, 8.16780323931e-12, 9.85744732368e-12, 9.75000635783e-12, 8.55647410564e-12, 1.39377988317e-11, 1.04550682348e-11, 8.56997979526e-12, 2.15030207182e-12], "dvar2": [3.88103217119e-07, 2.76457740256e-06, 3.7204695218e-06, 2.4442524591e-06, 1.15363980058e-06, 6.58317844682e-07, 9.01880980564e-07, 1.98834584353e-07, 1.47792121652e-07, 1.23506197269e-07, 5.78987524591e-08, 7.74143344984e-08, 3.94086363542e-08, 1.71017511263e-08, 1.40257370163e-08, 3.97904287297e-09, 1.33152311399e-09, 1.28776589392e-09, 5.78989689526e-10, 4.44500408703e-10, 6.98467894633e-10, 8.91866233643e-11, 2.46479919808e-10, 3.29097443741e-11, 1.4415927653e-11, 5.69588855248e-11, 4.26657847941e-10, 1.29617827582e-09, 1.75169057037e-09, 1.2392208093e-10, 2.52450924748e-11, 1.05664374819e-11, 1.79766757036e-11, 2.07055414481e-11, 1.8859705464e-11, 1.45094795553e-11, 2.33173636649e-11, 2.01972692043e-11, 1.90477737749e-11, 4.58612618368e-12], "max": [0.0154709806666, 0.034878578037, 0.0478862076998, 0.0196301694959, 0.0142598589882, 0.0152561217546, 0.0191663950682, 0.00955522526056, 0.00636929972097, 0.0040393830277, 0.00462552951649, 0.00635176151991, 0.00400442583486, 0.00294449389912, 0.00171260454226, 0.00118210539222, 0.000632856274024, 0.000712611770723, 0.000620680220891, 0.000391695240978, 0.000446032383479, 0.000266885239398, 0.000233978717006, 0.00016188560403, 0.000123507008539, 0.000342578248819, 0.000703999015968, 0.00118741672486, 0.00188761390746, 0.000318210746627, 0.000181971248821, 0.000107115854917, 0.000109997832624, 0.000100676028524, 0.000134862493724, 0.000148094884935, 0.000179222988663, 0.000137295530294, 0.000120088792755, 6.48522400297e-05], "mean": [0.00056491792202, 0.00130484835245, 0.0010708036134, 0.00125289941207, 0.00116559118032, 0.000693012319971, 0.000598320330027, 0.000271366414381, 0.000252906029345, 0.000208518118598, 0.000126750572235, 0.000120044249343, 7.27973601897e-05, 3.82879661629e-05, 3.23575295624e-05, 2.38654138229e-05, 1.60097642947e-05, 1.65965193446e-05, 1.29088684844e-05, 1.05772851384e-05, 8.61029275256e-06, 4.98966664964e-06, 7.85366410128e-06, 3.06663378069e-06, 1.64332868735e-06, 2.08710548577e-06, 1.79115784249e-06, 2.44128591476e-06, 2.09503014048e-06, 8.74212503277e-07, 7.26126472728e-07, 5.04343063312e-07, 4.92385538564e-07, 5.63235062145e-07, 5.33649142653e-07, 4.97943119626e-07, 6.2852160454e-07, 5.42647740076e-07, 3.9126140905e-07, 2.15005854898e-07], "median": [7.39167662687e-05, 0.000722036580555, 0.000308421731461, 0.000495275075082, 0.000447140366305, 0.000216153974179, 0.00016274797963, 8.50430951687e-05, 5.18526067026e-05, 4.4507891289e-05, 1.94825279323e-05, 2.1105455744e-05, 1.20006534416e-05, 6.07273068454e-06, 6.00272096563e-06, 5.01816884935e-06, 3.48290200236e-06, 3.75608533432e-06, 2.76406626654e-06, 2.45829005507e-06, 1.37938661737e-06, 1.44680086578e-06, 1.4709877405e-06, 7.21524259006e-07, 4.17073664494e-07, 5.09635242452e-07, 4.60216199372e-07, 2.3709293373e-07, 9.6680508932e-08, 6.4107638309e-08, 4.02825079959e-08, 2.46567477546e-08, 3.10211127896e-08, 2.87265713439e-08, 3.02325489088e-08, 3.08800558457e-08, 2.17041531414e-08, 1.51054333486e-08, 9.04335983876e-09, 5.47879208668e-09], "min": [1.31841189102e-24, 1.06399854957e-23, 1.32823113853e-23, 2.36446856844e-23, 1.08996966495e-23, 1.0805548467e-23, 3.49017426348e-24, 5.47042457815e-24, 1.02921349129e-23, 1.71800084314e-23, 1.51575378867e-23, 9.04243724409e-24, 2.16198738005e-23, 7.18784103314e-24, 5.39068099583e-24, 7.21349557863e-24, 7.41729069375e-24, 1.83571561405e-23, 1.16227137015e-23, 4.89050216115e-24, 1.0305774318e-23, 7.59490903745e-24, 1.4403847556e-23, 1.25904354064e-23, 5.32293717116e-24, 6.20691340231e-24, 7.40911967249e-24, 7.20977215516e-24, 1.17721223792e-23, 9.00053453053e-24, 9.66566970251e-24, 1.22446918711e-23, 1.32463582607e-23, 1.07529267115e-23, 8.78241212365e-24, 9.41757846985e-24, 5.97141672842e-24, 1.02243962159e-23, 8.31945174648e-24, 8.46855829048e-24], "var": [1.38493533086e-06, 4.62144089397e-06, 5.70223710383e-06, 3.94107246393e-06, 3.12461224894e-06, 1.78982213583e-06, 1.74133890596e-06, 2.42938369865e-07, 2.63403478584e-07, 1.64487374832e-07, 1.14204006252e-07, 8.65087201873e-08, 5.0535366114e-08, 1.9620378211e-08, 9.631490272e-09, 3.82587428405e-09, 1.52002177511e-09, 1.40393718873e-09, 1.12510945005e-09, 6.53321396982e-10, 7.91873344674e-10, 1.07740899535e-10, 3.1965854963e-10, 6.69437352774e-11, 1.54195406443e-11, 4.4092181295e-11, 1.01968766764e-10, 6.62139731933e-10, 1.10607045745e-09, 7.1099598431e-11, 3.57810100993e-11, 1.74477897408e-11, 1.5547894569e-11, 2.13101238045e-11, 2.30065289736e-11, 2.02976403046e-11, 3.77202991064e-11, 2.92890017795e-11, 1.57848265708e-11, 4.21040459442e-12]}, "melbands_crest": {"dmean": 2.55500340462, "dmean2": 4.06238126755, "dvar": 5.92485570908, "dvar2": 14.6900129318, "max": 33.3947677612, "mean": 15.6966581345, "median": 14.7237234116, "min": 2.3420279026, "var": 28.5856819153}, "melbands_flatness_db": {"dmean": 0.0191495548934, "dmean2": 0.0275567136705, "dvar": 0.000453767803265, "dvar2": 0.000812015961856, "max": 0.561106324196, "mean": 0.312275081873, "median": 0.310707122087, "min": 0.00797257386148, "var": 0.00651405751705}, "melbands_kurtosis": {"dmean": 5.58688735962, "dmean2": 8.67211818695, "dvar": 110.55002594, "dvar2": 252.936294556, "max": 334.241027832, "mean": 13.6947689056, "median": 7.36771821976, "min": -1.72201836109, "var": 503.315032959}, "melbands_skewness": {"dmean": 0.540753543377, "dmean2": 0.821367204189, "dvar": 0.382577300072, "dvar2": 0.875414133072, "max": 13.4750509262, "mean": 2.30685734749, "median": 1.99783277512, "min": -1.18647634983, "var": 2.54783940315}, "melbands_spread": {"dmean": 3.14311432838, "dmean2": 4.62446880341, "dvar": 56.2065544128, "dvar2": 115.114700317, "max": 176.721557617, "mean": 12.0193223953, "median": 8.22798156738, "min": 0.545994102955, "var": 297.579193115}, "mfcc": {"cov": [[10132.2060547, 190.694290161, -1281.31738281, 121.125770569, -110.376579285, -359.688751221, -375.137664795, 163.994750977, -251.03565979, 47.8934402466, -203.517196655, -40.5754165649, -131.87789917], [190.694290161, 2016.24768066, 50.3928070068, -97.6368408203, -73.3405838013, -30.5676307678, 110.043167114, 26.296995163, -71.866104126, -24.5395565033, 22.0775642395, -20.1176776886, -26.9242343903], [-1281.31738281, 50.3928070068, 832.075378418, -27.5157966614, -18.0088920593, 101.64944458, 24.98371315, -78.4858169556, 14.0874080658, -7.7253408432, 23.0042610168, -1.64614009857, -26.8360080719], [121.125770569, -97.6368408203, -27.5157966614, 338.285705566, 116.243080139, -17.5488147736, 7.73469018936, -1.28797447681, 51.4074211121, -3.36752867699, 6.0167555809, 5.62879991531, 33.731803894], [-110.376579285, -73.3405838013, -18.0088920593, 116.243080139, 316.791259766, 25.0161819458, -66.5611114502, 1.06043565273, 25.7079105377, 37.1394233704, -8.31625175476, 6.11010456085, 27.7063140869], [-359.688751221, -30.5676307678, 101.64944458, -17.5488147736, 25.0161819458, 184.537918091, 72.4925765991, -16.6877918243, 26.5180206299, 11.5506763458, 18.0859603882, 22.6954402924, 2.23194384575], [-375.137664795, 110.043167114, 24.98371315, 7.73469018936, -66.5611114502, 72.4925765991, 225.704696655, 38.0069198608, 11.4437761307, -6.07655715942, 41.0044746399, 28.1022377014, 21.4515266418], [163.994750977, 26.296995163, -78.4858169556, -1.28797447681, 1.06043565273, -16.6877918243, 38.0069198608, 172.370742798, 19.212469101, 5.65544557571, 20.9925270081, 9.04849338531, 8.10865592957], [-251.03565979, -71.866104126, 14.0874080658, 51.4074211121, 25.7079105377, 26.5180206299, 11.4437761307, 19.212469101, 168.792694092, 17.0560913086, 14.4858064651, 12.6183719635, 26.3032779694], [47.8934402466, -24.5395565033, -7.7253408432, -3.36752867699, 37.1394233704, 11.5506763458, -6.07655715942, 5.65544557571, 17.0560913086, 130.084838867, 16.6426620483, 3.87436556816, -8.70355701447], [-203.517196655, 22.0775642395, 23.0042610168, 6.0167555809, -8.31625175476, 18.0859603882, 41.0044746399, 20.9925270081, 14.4858064651, 16.6426620483, 114.783187866, 27.7068271637, 1.68124616146], [-40.5754165649, -20.1176776886, -1.64614009857, 5.62879991531, 6.11010456085, 22.6954402924, 28.1022377014, 9.04849338531, 12.6183719635, 3.87436556816, 27.7068271637, 88.2822799683, 25.4720249176], [-131.87789917, -26.9242343903, -26.8360080719, 33.731803894, 27.7063140869, 2.23194384575, 21.4515266418, 8.10865592957, 26.3032779694, -8.70355701447, 1.68124616146, 25.4720249176, 111.031700134]], "icov": [[0.000153445624164, -3.08762537315e-05, 0.000209308258491, -0.000162413460203, 0.00017079123063, -1.20441172839e-05, 0.0002837467473, -0.000156158508616, 0.000201045098947, -0.000119958844152, 0.000209752091905, -0.000141066280776, 0.000161061849212], [-3.08762537315e-05, 0.000543383008335, -8.77690254129e-05, 0.000197230852791, -0.000106979125121, 0.000251318793744, -0.000437456881627, 1.5679785065e-05, 0.000114804621262, 9.9822806078e-05, -0.000117902025522, 0.000174364351551, 6.13868032815e-05], [0.000209308258491, -8.77690254129e-05, 0.00165569107048, -0.000183883690624, 0.000309251452563, -0.000730904808734, 0.000436024798546, 0.000367724976968, 0.000116748371511, 3.89912293031e-06, -3.25277032971e-05, -3.98191768909e-05, 0.000492065679282], [-0.000162413460203, 0.000197230852791, -0.000183883690624, 0.00402882602066, -0.00183570641093, 0.00118529540487, -0.00134493259247, 0.000672728579957, -0.00123916531447, 0.000698518648278, -0.000479859125335, 0.000329527305439, -0.000488553370815], [0.00017079123063, -0.000106979125121, 0.000309251452563, -0.00183570641093, 0.00473751174286, -0.00166163977701, 0.0024003055878, -0.000743984011933, 0.000462277675979, -0.0013440195471, 0.000464544660645, -0.000304565124679, -0.000900860643014], [-1.20441172839e-05, 0.000251318793744, -0.000730904808734, 0.00118529540487, -0.00166163977701, 0.00785893853754, -0.00321574881673, 0.00128328870051, -0.0011476459913, -0.000151735323016, -6.70530789648e-06, -0.00111137679778, 0.000809157907497], [0.0002837467473, -0.000437456881627, 0.000436024798546, -0.00134493259247, 0.0024003055878, -0.00321574881673, 0.00750775029883, -0.00186621269677, 0.000787888246123, -0.000193978805328, -0.000924260471947, -0.000915422744583, -0.00108146911953], [-0.000156158508616, 1.5679785065e-05, 0.000367724976968, 0.000672728579957, -0.000743984011933, 0.00128328870051, -0.00186621269677, 0.00691801216453, -0.00112644338515, 0.000101264777186, -0.00111795205157, 7.45618854125e-06, 8.02053273219e-06], [0.000201045098947, 0.000114804621262, 0.000116748371511, -0.00123916531447, 0.000462277675979, -0.0011476459913, 0.000787888246123, -0.00112644338515, 0.00714704813436, -0.00101114832796, -0.000162165844813, -0.000251695251791, -0.00120312278159], [-0.000119958844152, 9.9822806078e-05, 3.89912293031e-06, 0.000698518648278, -0.0013440195471, -0.000151735323016, -0.000193978805328, 0.000101264777186, -0.00101114832796, 0.00853009428829, -0.00142683251761, 4.8193262046e-05, 0.000957713345997], [0.000209752091905, -0.000117902025522, -3.25277032971e-05, -0.000479859125335, 0.000464544660645, -6.70530789648e-06, -0.000924260471947, -0.00111795205157, -0.000162165844813, -0.00142683251761, 0.0106598958373, -0.00306185870431, 0.000970476772636], [-0.000141066280776, 0.000174364351551, -3.98191768909e-05, 0.000329527305439, -0.000304565124679, -0.00111137679778, -0.000915422744583, 7.45618854125e-06, -0.000251695251791, 4.8193262046e-05, -0.00306185870431, 0.0137389777228, -0.00300247012638], [0.000161061849212, 6.13868032815e-05, 0.000492065679282, -0.000488553370815, -0.000900860643014, 0.000809157907497, -0.00108146911953, 8.02053273219e-06, -0.00120312278159, 0.000957713345997, 0.000970476772636, -0.00300247012638, 0.0109310653061]], "mean": [-740.128845215, 182.815307617, 10.6932449341, 16.7260112762, 4.85381889343, -4.69359016418, -5.57900667191, -1.57815599442, -9.75096607208, 3.45396327972, -7.89007282257, -3.15338301659, -3.34579515457]}, "pitch_salience": {"dmean": 0.0540878437459, "dmean2": 0.0864807963371, "dvar": 0.00260100397281, "dvar2": 0.00638027489185, "max": 0.81600445509, "mean": 0.520701110363, "median": 0.526373445988, "min": 0.09214515239, "var": 0.0123885441571}, "silence_rate_20dB": {"dmean": 0, "dmean2": 0, "dvar": 0, "dvar2": 0, "max": 1, "mean": 1, "median": 1, "min": 1, "var": 0}, "silence_rate_30dB": {"dmean": 0.00476616015658, "dmean2": 0.00953374058008, "dvar": 0.0047435448505, "dvar2": 0.0109328282997, "max": 1, "mean": 0.992405056953, "median": 1, "min": 0, "var": 0.00753697566688}, "silence_rate_60dB": {"dmean": 0.0172773301601, "dmean2": 0.0345598086715, "dvar": 0.0169779583812, "dvar2": 0.0390226393938, "max": 1, "mean": 0.0990320146084, "median": 0, "min": 0, "var": 0.0892178341746}, "spectral_centroid": {"dmean": 98.4322891235, "dmean2": 141.749221802, "dvar": 46114.3203125, "dvar2": 71686.1796875, "max": 10755.5136719, "mean": 654.615539551, "median": 511.166503906, "min": 163.144470215, "var": 320273.5}, "spectral_complexity": {"dmean": 1.45904076099, "dmean2": 2.3867123127, "dvar": 2.09290599823, "dvar2": 4.77844429016, "max": 35, "mean": 10.7140731812, "median": 10, "min": 0, "var": 26.4621696472}, "spectral_contrast_coeffs": {"dmean": [0.0436427928507, 0.0379740186036, 0.0356224514544, 0.0273433253169, 0.0205320026726, 0.0140347769484], "dmean2": [0.0722280666232, 0.0606074109674, 0.0565608069301, 0.0440244674683, 0.0322140939534, 0.0219836980104], "dvar": [0.00135610660072, 0.0010428300593, 0.000875696598087, 0.000511665537488, 0.000367944507161, 0.000180897448445], "dvar2": [0.00358355580829, 0.00258150440641, 0.00213530659676, 0.00125318567734, 0.000778931600507, 0.000385236606235], "max": [-0.263535141945, -0.407640099525, -0.453283369541, -0.546414256096, -0.539676010609, -0.665941238403], "mean": [-0.565881371498, -0.656334578991, -0.703698277473, -0.746577739716, -0.763961791992, -0.801482439041], "median": [-0.562058866024, -0.657596409321, -0.706056237221, -0.746835112572, -0.765510439873, -0.798641264439], "min": [-0.975524187088, -0.959539234638, -0.958468735218, -0.964187085629, -0.960265040398, -0.959177792072], "var": [0.0105282692239, 0.00712465588003, 0.00619028089568, 0.00395997799933, 0.00334526225924, 0.00157288077753]}, "spectral_contrast_valleys": {"dmean": [0.418301820755, 0.292697995901, 0.286589324474, 0.239132627845, 0.222279459238, 0.21222242713], "dmean2": [0.683800876141, 0.470689088106, 0.468988418579, 0.391613483429, 0.347159862518, 0.310261011124], "dvar": [0.166243329644, 0.0967679843307, 0.0887381061912, 0.0716530606151, 0.087273620069, 0.110125638545], "dvar2": [0.36261126399, 0.186554580927, 0.172865048051, 0.135168746114, 0.151499599218, 0.163958102465], "max": [-5.28174209595, -4.7543053627, -5.57782411575, -6.74839735031, -6.2859992981, -7.21627426147], "mean": [-7.84027290344, -7.14124393463, -8.27052116394, -8.97383975983, -9.34666824341, -11.7894916534], "median": [-7.77453756332, -6.93368244171, -8.13256835938, -8.70292568207, -9.07461261749, -11.7694578171], "min": [-26.4520168304, -27.309551239, -27.5185642242, -27.0354347229, -27.1652526855, -27.2816104889], "var": [1.40194106102, 1.41399097443, 1.39256298542, 1.3989456892, 1.3670412302, 1.01956522465]}, "spectral_decrease": {"dmean": 1.33746258513e-09, "dmean2": 2.0215451535e-09, "dvar": 4.40101568986e-18, "dvar2": 9.0691925196e-18, "max": 1.15886587168e-28, "mean": -6.55129461791e-09, "median": -5.26262589062e-09, "min": -5.47881633395e-08, "var": 3.20615933344e-17}, "spectral_energy": {"dmean": 0.00522579951212, "dmean2": 0.00788942817599, "dvar": 6.56927804812e-05, "dvar2": 0.000135684022098, "max": 0.211957916617, "mean": 0.0257814340293, "median": 0.0208605527878, "min": 1.09846887317e-20, "var": 0.00048853707267}, "spectral_energyband_high": {"dmean": 0.000119193493447, "dmean2": 0.00014875276247, "dvar": 1.05742151391e-06, "dvar2": 1.46269030665e-06, "max": 0.0594532229006, "mean": 0.000215755266254, "median": 1.7085341824e-05, "min": 8.04264155294e-21, "var": 3.46859860656e-06}, "spectral_energyband_low": {"dmean": 0.00181788054761, "dmean2": 0.00279490160756, "dvar": 1.72620311787e-05, "dvar2": 3.62077298632e-05, "max": 0.108373105526, "mean": 0.00610256474465, "median": 0.00301678152755, "min": 4.37426274953e-23, "var": 8.20305576781e-05}, "spectral_energyband_middle_high": {"dmean": 0.000806155905593, "dmean2": 0.0012125200592, "dvar": 3.10560380967e-06, "dvar2": 6.55885423839e-06, "max": 0.0445792041719, "mean": 0.00269113876857, "median": 0.00110576523002, "min": 1.40939944152e-21, "var": 1.71008869074e-05}, "spectral_energyband_middle_low": {"dmean": 0.00452283630148, "dmean2": 0.00690828170627, "dvar": 4.83582007291e-05, "dvar2": 0.00010742455197, "max": 0.186928987503, "mean": 0.0177991129458, "median": 0.0136795025319, "min": 3.66425814745e-22, "var": 0.000280045671389}, "spectral_entropy": {"dmean": 0.154533177614, "dmean2": 0.230398014188, "dvar": 0.0345597267151, "dvar2": 0.0634891614318, "max": 9.80228614807, "mean": 6.48319482803, "median": 6.46456718445, "min": 4.62541294098, "var": 0.426161408424}, "spectral_flux": {"dmean": 0.0166094489396, "dmean2": 0.0268769729882, "dvar": 0.00038071241579, "dvar2": 0.000937704346143, "max": 0.281264275312, "mean": 0.0535081885755, "median": 0.0474371388555, "min": 1.04807863777e-10, "var": 0.0012469018111}, "spectral_kurtosis": {"dmean": 5.74314451218, "dmean2": 9.71679973602, "dvar": 50.9070892334, "dvar2": 128.266906738, "max": 168.783279419, "mean": 18.258234024, "median": 12.8902359009, "min": -1.21069610119, "var": 321.42401123}, "spectral_rms": {"dmean": 0.000476236804388, "dmean2": 0.00071383692557, "dvar": 3.55084097237e-07, "dvar2": 6.96600864103e-07, "max": 0.0143801327795, "mean": 0.00452269008383, "median": 0.00451129255816, "min": 3.27364762902e-12, "var": 4.69788301416e-06}, "spectral_rolloff": {"dmean": 196.244918823, "dmean2": 326.584899902, "dvar": 402955.75, "dvar2": 772309.5625, "max": 19121.484375, "mean": 920.588928223, "median": 516.796875, "min": 64.599609375, "var": 3682660.25}, "spectral_skewness": {"dmean": 0.443262457848, "dmean2": 0.732838749886, "dvar": 0.212260767817, "dvar2": 0.498885989189, "max": 11.2535829544, "mean": 3.07153820992, "median": 2.73723936081, "min": 0.0179137587547, "var": 2.02831912041}, "spectral_spread": {"dmean": 375404.59375, "dmean2": 576885, "dvar": 468121157632, "dvar2": 706509996032, "max": 40967284, "mean": 3