{"lowlevel": {"average_loudness": 0.510202884674, "barkbands": {"dmean": [3.84101849704e-06, 0.000567105074879, 0.000605220615398, 0.000677764881402, 0.00126849371009, 0.00134909630287, 0.000777395965997, 0.000344751548255, 0.000380554789444, 0.000318050530041, 0.000198768175323, 0.000297635298921, 0.000195316009922, 0.000288440816803, 0.00039920056588, 0.000257489766227, 0.000191617640667, 6.05667810305e-05, 3.08789494738e-05, 8.87968508323e-06, 9.35044681682e-06, 1.10254295578e-05, 7.46312753108e-06, 3.70634415958e-06, 1.99866985895e-06, 6.50092260912e-07, 6.69687694188e-10], "dmean2": [6.17666091784e-06, 0.00094958266709, 0.0010886725504, 0.00115544057917, 0.0018525396008, 0.00188242259901, 0.000996290473267, 0.000458305119537, 0.000505238363985, 0.000429495848948, 0.000280833046418, 0.000436614704086, 0.00030042254366, 0.000424008932896, 0.000564902031329, 0.000349929992808, 0.000255507329712, 8.75513724168e-05, 4.81935749121e-05, 1.34402034746e-05, 1.4595839275e-05, 1.67566995515e-05, 1.11939816634e-05, 5.29886392542e-06, 2.86697513729e-06, 1.0279251228e-06, 1.23468602009e-09], "dvar": [1.79891573859e-10, 4.89512831336e-06, 4.70765826321e-06, 2.80591325463e-06, 4.05201080866e-06, 9.51917354541e-06, 3.88328498957e-06, 2.56616795014e-06, 2.474782832e-06, 1.38175414577e-06, 5.19878483374e-07, 4.81709662381e-07, 2.73516860716e-07, 9.19279557365e-07, 2.67600057668e-06, 1.72321324499e-06, 9.53669598402e-07, 1.52493953465e-07, 3.47590152217e-08, 6.46051656616e-09, 4.64180160975e-09, 1.07342508215e-08, 6.11691453045e-09, 4.37325642366e-09, 6.36519226216e-10, 2.4025037168e-11, 1.32417771134e-18], "dvar2": [4.36060132447e-10, 1.27212342704e-05, 1.35834925459e-05, 7.8756147559e-06, 9.34557465371e-06, 2.09871195693e-05, 6.62823504172e-06, 3.59204386768e-06, 4.51815458291e-06, 2.63626543529e-06, 8.34720196963e-07, 9.53983999352e-07, 6.28359316579e-07, 1.89190234323e-06, 5.27156817043e-06, 2.80138101516e-06, 1.54492590809e-06, 3.02490974491e-07, 7.23696587102e-08, 1.43802880714e-08, 8.04852895442e-09, 2.01289722668e-08, 1.10068789638e-08, 7.46337569524e-09, 7.71488151141e-10, 4.78211949206e-11, 4.18625396024e-18], "max": [0.000191693223314, 0.0336192026734, 0.0279666297138, 0.0391097664833, 0.037305559963, 0.0674082189798, 0.0487726852298, 0.0690835565329, 0.065960071981, 0.0406983494759, 0.0324331969023, 0.0175711996853, 0.0168695524335, 0.0376937501132, 0.0558051131666, 0.058662276715, 0.0606954842806, 0.0227792430669, 0.00614876905456, 0.0044708000496, 0.00481912912801, 0.00562002090737, 0.00496895425022, 0.00547598162666, 0.00250659813173, 0.000298229249893, 1.35645130683e-08], "mean": [3.99192231271e-06, 0.000656900636386, 0.000788866309449, 0.00113476836123, 0.00347674125805, 0.0033428450115, 0.00192851794418, 0.000722023716662, 0.000801456684712, 0.00067144294735, 0.000388423330151, 0.000603087071795, 0.000332378956955, 0.000525345269125, 0.000794396852143, 0.000554356025532, 0.000451276486274, 0.000104585131339, 4.74164335174e-05, 1.17299996418e-05, 1.10477440103e-05, 1.23600802908e-05, 8.36651634017e-06, 4.49854132967e-06, 2.10267353395e-06, 5.74906437123e-07, 5.58259161121e-10], "median": [3.55744930403e-07, 0.000248976517469, 0.000320883875247, 0.000469826714834, 0.00228127883747, 0.000855910999235, 0.000389635912143, 0.00012758570665, 0.000144959049067, 0.000149562314618, 4.39736213593e-05, 0.000221517213504, 0.000110240784124, 7.43061173125e-05, 9.73115093075e-05, 2.94567798846e-05, 1.20079366752e-05, 5.03033788846e-06, 2.30730552175e-06, 7.08186803422e-07, 5.68332950479e-07, 4.77166565815e-07, 3.28003750383e-07, 1.60184271181e-07, 5.22208800646e-08, 5.32872190817e-09, 1.67463792833e-10], "min": [6.65817092934e-25, 4.0505234637e-24, 1.33812305985e-24, 8.23187201436e-25, 1.01275091083e-23, 2.94711492215e-24, 9.70479168139e-24, 1.01703458332e-23, 1.3346944337e-23, 2.23703550449e-23, 1.75365104517e-23, 2.57923847424e-23, 1.16013253158e-23, 2.35689566152e-23, 4.29355375923e-23, 5.16201420078e-23, 3.94406061031e-23, 8.73986696177e-23, 1.38718148335e-22, 1.75832236391e-22, 2.25477323127e-22, 2.85350225003e-22, 4.41662293931e-22, 6.73806463584e-22, 7.326164101e-22, 1.31784341182e-21, 1.79689478441e-21], "var": [1.76004016916e-10, 3.7289228203e-06, 3.18660863741e-06, 3.43729948327e-06, 1.40217134685e-05, 3.63283252227e-05, 1.85929984582e-05, 8.1923626567e-06, 7.34797640689e-06, 4.1253888412e-06, 2.20877427637e-06, 1.64719199347e-06, 5.84700387662e-07, 2.81414895653e-06, 8.45189151732e-06, 7.34609284336e-06, 7.35821868147e-06, 4.81342283365e-07, 7.59973204367e-08, 8.02073785167e-09, 9.00841534701e-09, 1.75566086114e-08, 1.07922737413e-08, 8.40437319738e-09, 1.64080393716e-09, 3.45246366218e-11, 1.06377122495e-18]}, "barkbands_crest": {"dmean": 2.00840783119, "dmean2": 3.08062386513, "dvar": 3.73595714569, "dvar2": 9.144323349, "max": 25.9370918274, "mean": 10.7067708969, "median": 10.1840019226, "min": 2.91586828232, "var": 14.7274713516}, "barkbands_flatness_db": {"dmean": 0.0206536725163, "dmean2": 0.0291779004037, "dvar": 0.000473164720461, "dvar2": 0.000932527473196, "max": 0.466252297163, "mean": 0.253582149744, "median": 0.257899165154, "min": 0.0315260961652, "var": 0.00343465316109}, "barkbands_kurtosis": {"dmean": 2.02351617813, "dmean2": 3.11098122597, "dvar": 8.59639644623, "dvar2": 19.3461837769, "max": 103.170677185, "mean": 3.34079194069, "median": 1.95238733292, "min": -1.85728549957, "var": 26.8355331421}, "barkbands_skewness": {"dmean": 0.414307802916, "dmean2": 0.616746842861, "dvar": 0.195785090327, "dvar2": 0.4485925138, "max": 9.0351190567, "mean": 1.29456567764, "median": 1.37443578243, "min": -3.03802871704, "var": 1.22145581245}, "barkbands_spread": {"dmean": 2.46735143661, "dmean2": 3.68494224548, "dvar": 11.1548271179, "dvar2": 23.8306713104, "max": 85.0582962036, "mean": 11.2155427933, "median": 9.09266281128, "min": 0.502245604992, "var": 68.8651733398}, "dissonance": {"dmean": 0.0284729003906, "dmean2": 0.0473535954952, "dvar": 0.00081312446855, "dvar2": 0.00219586049207, "max": 0.500000178814, "mean": 0.422107338905, "median": 0.430064916611, "min": 0.115248158574, "var": 0.00230556819588}, "dynamic_complexity": 5.26021957397, "erbbands": {"dmean": [0.00975415110588, 0.155784040689, 0.615026950836, 1.46011400223, 3.47226428986, 4.08119058609, 7.39473295212, 11.9670972824, 11.630150795, 11.4158430099, 7.93617105484, 8.56485843658, 7.69227361679, 10.7587270737, 8.58931350708, 11.7376451492, 8.77569675446, 13.2685451508, 16.225112915, 20.6506729126, 15.4739961624, 7.18738937378, 3.41546750069, 2.3157916069, 1.01859402657, 0.440994054079, 0.314513385296, 0.431654572487, 0.404407769442, 0.351471036673, 0.185869917274, 0.0940387845039, 0.0513043068349, 0.0273557733744, 0.0115636996925, 0.00347139243968, 0.00121713522822, 0.000108437277959, 4.45727073384e-06, 5.85107545703e-06], "dmean2": [0.0155445886776, 0.265430659056, 1.10310447216, 2.52394747734, 5.47557830811, 5.95408821106, 10.0094470978, 17.0442562103, 15.7638626099, 13.6112537384, 10.5157432556, 11.0481834412, 10.4470977783, 14.223031044, 11.9759168625, 17.4455375671, 13.3067016602, 19.6180534363, 23.8054332733, 27.7451629639, 20.3141994476, 9.52911186218, 4.88594913483, 3.50751590729, 1.49868166447, 0.664155602455, 0.482659816742, 0.695683717728, 0.611950397491, 0.563116192818, 0.279681712389, 0.141458779573, 0.0723061785102, 0.0386038161814, 0.0170165151358, 0.0053661223501, 0.00192480464466, 0.000175036591827, 6.50122365187e-06, 8.06958541943e-06], "dvar": [0.0013133881148, 0.373828500509, 5.21711063385, 13.9272918701, 50.8113098145, 49.2081680298, 270.243011475, 1012.73620605, 772.051818848, 1385.92285156, 1509.10192871, 1675.04052734, 691.938232422, 1640.46374512, 635.949829102, 736.009399414, 606.662536621, 1734.98596191, 4090.80029297, 13336.0205078, 6378.73779297, 1018.84155273, 344.410064697, 206.137908936, 43.5147666931, 15.8795795441, 4.19386672974, 13.0579977036, 15.4029865265, 9.88515472412, 5.3852558136, 2.68406772614, 0.736545562744, 0.162510365248, 0.0132934600115, 0.000765957054682, 7.9815647041e-05, 5.61323190595e-07, 2.41591496808e-10, 8.40427935578e-11], "dvar2": [0.0030751125887, 0.996692597866, 14.9538812637, 39.1801147461, 134.195373535, 109.627189636, 475.002258301, 2322.42944336, 1510.54553223, 1860.43945312, 2233.95532227, 2764.78759766, 1391.3717041, 3150.52416992, 1126.18688965, 1530.93737793, 1360.49658203, 3585.7668457, 10335.4287109, 20228.5390625, 10015.3222656, 1665.85754395, 719.501037598, 405.379638672, 73.1619338989, 35.7400245667, 8.46034049988, 23.4497356415, 29.8146286011, 21.0918998718, 9.58184719086, 4.25113677979, 1.24646818638, 0.178645968437, 0.019068012014, 0.00142905721441, 0.000158264665515, 1.2963367908e-06, 4.93751872721e-10, 1.65388702733e-10], "max": [0.49624222517, 9.22221946716, 32.4461517334, 64.3871917725, 184.794555664, 146.291275024, 483.587615967, 765.119384766, 716.72857666, 1264.73535156, 1789.34326172, 2105.7565918, 1314.20812988, 1392.36535645, 944.190673828, 707.916381836, 820.535705566, 1813.21069336, 2003.73693848, 6622.08837891, 4142.265625, 1774.48571777, 822.281738281, 573.664855957, 364.520050049, 233.203063965, 116.46937561, 238.683929443, 219.098098755, 152.868560791, 141.57598877, 125.320831299, 75.1881637573, 39.2225189209, 10.8769798279, 1.84517562389, 0.537958145142, 0.0315056070685, 0.000865793786943, 0.00023108557798], "mean": [0.0111471936107, 0.182885810733, 0.830809116364, 2.52794241905, 7.6434636116, 11.4783267975, 18.5731239319, 27.2723674774, 28.3368473053, 26.9272422791, 17.2862625122, 18.1415405273, 18.0669651031, 23.5381717682, 19.2152633667, 24.2495803833, 16.2388973236, 25.4238319397, 32.3169708252, 44.1209373474, 37.2767410278, 18.0376300812, 6.94403266907, 3.70736551285, 1.66824007034, 0.630527079105, 0.410104721785, 0.477964550257, 0.453946560621, 0.359177649021, 0.218677163124, 0.118360929191, 0.0613509826362, 0.0306193493307, 0.0114636253566, 0.00322403083555, 0.00106037466321, 8.99561637198e-05, 1.0759840734e-05, 2.02628907573e-05], "median": [0.00356692075729, 0.0761376470327, 0.372656017542, 1.24174392223, 4.62685680389, 7.04373502731, 5.34348678589, 6.98959684372, 7.85703754425, 3.73744130135, 3.78471136093, 3.50348114967, 4.07151222229, 5.84716939926, 5.45132637024, 9.60329055786, 6.09271478653, 4.98246097565, 5.49691867828, 3.066603899, 1.63092911243, 0.709833204746, 0.406020998955, 0.170822650194, 0.0950228497386, 0.0394367240369, 0.0258450154215, 0.0186307150871, 0.0198304969817, 0.0127114364877, 0.00851836334914, 0.00451518408954, 0.00203623180278, 0.000766889774241, 0.000301986088743, 7.00178352417e-05, 1.05349445221e-05, 1.53709993356e-06, 6.13605698163e-06, 1.34137671921e-05], "min": [1.14497581569e-22, 6.86978295e-22, 2.90370788239e-21, 3.24212269789e-21, 1.23879731759e-20, 2.75376083802e-20, 3.88147167675e-20, 4.75651761244e-20, 1.45704982694e-19, 2.10292950982e-19, 1.84537467689e-19, 2.76054623936e-19, 4.95278992958e-19, 8.88668256207e-19, 7.93670905553e-19, 1.22973364112e-18, 1.40929893907e-18, 1.73188200718e-18, 1.41188377509e-18, 2.69013486786e-18, 3.57683608857e-18, 2.88007559563e-18, 4.86404079108e-18, 5.86582392811e-18, 6.67539676055e-18, 9.6135906864e-18, 8.0490579671e-18, 1.02496272302e-17, 1.10704699849e-17, 9.6697049648e-18, 1.16879172988e-17, 1.15775631332e-17, 1.03927666993e-17, 8.42715064457e-18, 6.22416849563e-18, 3.81608443227e-18, 2.29431612345e-18, 9.38791679015e-19, 2.36516243686e-19, 2.65749446306e-20], "var": [0.00119273830205, 0.26992970705, 3.49302649498, 14.9808082581, 92.3283538818, 184.639694214, 1294.61083984, 3007.23388672, 3203.43286133, 6581.58496094, 4392.19970703, 5104.00830078, 2596.24487305, 5030.71044922, 2478.91772461, 2329.74267578, 1343.87744141, 5551.50878906, 9959.58789062, 51827.5742188, 31526.7011719, 8066.80566406, 1283.52807617, 514.874755859, 123.502281189, 19.7667942047, 7.39327573776, 24.0693588257, 23.7854671478, 14.3916540146, 9.44090652466, 4.99645185471, 1.59735190868, 0.448802322149, 0.0301491450518, 0.00127076520585, 0.000115184113383, 6.12187989191e-07, 4.28118068774e-10, 4.3006470607e-10]}, "erbbands_crest": {"dmean": 2.55108189583, "dmean2": 3.88944077492, "dvar": 5.85514783859, "dvar2": 13.4742174149, "max": 32.5241966248, "mean": 11.6665315628, "median": 10.6588697433, "min": 2.45431447029, "var": 24.1116523743}, "erbbands_flatness_db": {"dmean": 0.0182026326656, "dmean2": 0.0240783113986, "dvar": 0.000416590337409, "dvar2": 0.000682596699335, "max": 0.415256291628, "mean": 0.275732010603, "median": 0.283327639103, "min": 0.0521783903241, "var": 0.00283460458741}, "erbbands_kurtosis": {"dmean": 0.924389243126, "dmean2": 1.4113599062, "dvar": 2.03514170647, "dvar2": 4.61222028732, "max": 32.672744751, "mean": 0.386627882719, "median": -0.323106050491, "min": -1.8116055727, "var": 5.158598423}, "erbbands_skewness": {"dmean": 0.36202019453, "dmean2": 0.530908823013, "dvar": 0.117449060082, "dvar2": 0.253179103136, "max": 3.49968481064, "mean": 0.102952972054, "median": 0.113188266754, "min": -5.01643466949, "var": 0.936288952827}, "erbbands_spread": {"dmean": 3.949842453, "dmean2": 5.92435932159, "dvar": 25.7225418091, "dvar2": 59.5078239441, "max": 98.1054458618, "mean": 21.1135387421, "median": 20.15442276, "min": 2.3749063015, "var": 88.7269363403}, "gfcc": {"cov": [[22363.3925781, 2196.08251953, -2560.53344727, 141.060913086, -574.156616211, -64.3776702881, -493.141082764, -117.314155579, -47.9485855103, -295.981781006, -284.316192627, -227.378829956, -23.02526474], [2196.08251953, 1741.12463379, -264.570007324, -363.561676025, 130.853271484, -96.1343231201, 46.3453216553, -279.312194824, 109.473175049, -249.305648804, 153.736968994, -159.985671997, 101.638374329], [-2560.53344727, -264.570007324, 949.437988281, -33.4880638123, -139.108505249, 150.561477661, 36.0018959045, -20.9415683746, -61.9284248352, 131.997817993, 107.672874451, 66.1373672485, -72.3433074951], [141.060913086, -363.561676025, -33.4880638123, 388.643554688, 60.4276161194, 50.6237068176, 16.326833725, 96.4985046387, -28.3968086243, 46.9958305359, -55.9037780762, 36.5192680359, -13.1421232224], [-574.156616211, 130.853271484, -139.108505249, 60.4276161194, 409.541625977, -38.6267089844, 68.4427566528, 35.0936660767, 48.961315155, -77.7338790894, -85.2681655884, -22.7141990662, 59.2381248474], [-64.3776702881, -96.1343231201, 150.561477661, 50.6237068176, -38.6267089844, 227.10899353, 51.0674629211, 20.5275478363, -30.6404304504, 54.3945579529, -16.8294353485, 15.5885601044, -28.8692321777], [-493.141082764, 46.3453216553, 36.0018959045, 16.326833725, 68.4427566528, 51.0674629211, 211.447357178, 14.1229848862, 3.01312303543, -31.9998226166, -12.5619020462, -6.10162639618, 8.06981563568], [-117.314155579, -279.312194824, -20.9415683746, 96.4985046387, 35.0936660767, 20.5275478363, 14.1229848862, 185.012481689, 18.2314128876, 31.5539035797, -55.8222122192, 13.3086481094, -13.8208770752], [-47.9485855103, 109.473175049, -61.9284248352, -28.3968086243, 48.961315155, -30.6404304504, 3.01312303543, 18.2314128876, 134.250198364, 3.05546140671, 21.2119731903, -28.9179821014, 21.1624126434], [-295.981781006, -249.305648804, 131.997817993, 46.9958305359, -77.7338790894, 54.3945579529, -31.9998226166, 31.5539035797, 3.05546140671, 162.115432739, 38.5060882568, 32.7293815613, -48.8895721436], [-284.316192627, 153.736968994, 107.672874451, -55.9037780762, -85.2681655884, -16.8294353485, -12.5619020462, -55.8222122192, 21.2119731903, 38.5060882568, 214.003372192, 20.7889156342, -11.3488101959], [-227.378829956, -159.985671997, 66.1373672485, 36.5192680359, -22.7141990662, 15.5885601044, -6.10162639618, 13.3086481094, -28.9179821014, 32.7293815613, 20.7889156342, 103.43359375, 4.42570590973], [-23.02526474, 101.638374329, -72.3433074951, -13.1421232224, 59.2381248474, -28.8692321777, 8.06981563568, -13.8208770752, 21.1624126434, -48.8895721436, -11.3488101959, 4.42570590973, 93.2257766724]], "icov": [[0.000131374064949, -0.000318700738717, 0.000342748884577, -0.000225497351494, 0.000380220008083, -0.000132085871883, 0.000240100518567, -0.000181658469955, 0.000139502299135, -0.000121393895824, 0.000319939455949, -0.000199780712137, 0.000236975669395], [-0.000318700738717, 0.00225218920968, -0.00056313740788, 0.00121360213961, -0.00134927604813, -0.000236920881434, -0.000607357884292, 0.00181355176028, -0.000954617979005, 0.00182868971024, -0.00201214267872, 0.00177996198181, -0.000848360592499], [0.000342748884577, -0.00056313740788, 0.00239710952155, -0.000151872140123, 0.00093752599787, -0.00111202860717, 0.000311638315907, -0.000140723204822, 0.000751588493586, -0.000811033707578, 8.20414279588e-05, -0.000779265305027, 0.00100047467276], [-0.000225497351494, 0.00121360213961, -0.000151872140123, 0.00409158458933, -0.00146899546962, -0.000492292747367, -0.000517101376317, -0.000411559187341, 0.000461254676338, -0.000146307895193, -0.000847840216011, 0.000172797066625, -0.000447979109595], [0.000380220008083, -0.00134927604813, 0.00093752599787, -0.00146899546962, 0.00468481192365, 0.000246824638452, -0.000214128987864, -0.00104607315734, -0.000642473925836, 0.000118876407214, 0.00232570618391, -0.000885185436346, -0.000418263400206], [-0.000132085871883, -0.000236920881434, -0.00111202860717, -0.000492292747367, 0.000246824638452, 0.00632148096338, -0.00188783730846, -0.000269934447715, 0.000798992696218, -0.00213444861583, 0.00115607457701, -8.33041631267e-05, 6.14404925727e-05], [0.000240100518567, -0.000607357884292, 0.000311638315907, -0.000517101376317, -0.000214128987864, -0.00188783730846, 0.00619749166071, -0.000833593425341, 3.12217634928e-05, 0.00150791357737, 0.00015684007667, -0.00024341235985, 0.000596151687205], [-0.000181658469955, 0.00181355176028, -0.000140723204822, -0.000411559187341, -0.00104607315734, -0.000269934447715, -0.000833593425341, 0.0088668204844, -0.00270183477551, 0.000500300433487, 0.000437367300037, 0.000230567602557, 0.000696486153174], [0.000139502299135, -0.000954617979005, 0.000751588493586, 0.000461254676338, -0.000642473925836, 0.000798992696218, 3.12217634928e-05, -0.00270183477551, 0.0106938406825, -0.0031744746957, -0.00115038466174, 0.00260198721662, -0.00237995944917], [-0.000121393895824, 0.00182868971024, -0.000811033707578, -0.000146307895193, 0.000118876407214, -0.00213444861583, 0.00150791357737, 0.000500300433487, -0.0031744746957, 0.0123461196199, -0.00264241732657, -0.000906435598154, 0.00344998622313], [0.000319939455949, -0.00201214267872, 8.20414279588e-05, -0.000847840216011, 0.00232570618391, 0.00115607457701, 0.00015684007667, 0.000437367300037, -0.00115038466174, -0.00264241732657, 0.00837445724756, -0.00309216114692, 0.0011899858946], [-0.000199780712137, 0.00177996198181, -0.000779265305027, 0.000172797066625, -0.000885185436346, -8.33041631267e-05, -0.00024341235985, 0.000230567602557, 0.00260198721662, -0.000906435598154, -0.00309216114692, 0.0140040079132, -0.0040855971165], [0.000236975669395, -0.000848360592499, 0.00100047467276, -0.000447979109595, -0.000418263400206, 6.14404925727e-05, 0.000596151687205, 0.000696486153174, -0.00237995944917, 0.00344998622313, 0.0011899858946, -0.0040855971165, 0.0154480813071]], "mean": [-148.143707275, 185.008605957, -135.947235107, -0.646641910076, -43.1398124695, 2.69736099243, -42.561870575, -21.2229270935, -12.2705821991, -15.7055778503, -4.98712682724, -10.4077186584, -1.22837245464]}, "hfc": {"dmean": 3.30519938469, "dmean2": 4.37604141235, "dvar": 50.1443977356, "dvar2": 82.474395752, "max": 282.426483154, "mean": 11.5972795486, "median": 5.36224365234, "min": 1.0410816442e-16, "var": 352.25491333}, "melbands": {"dmean": [0.000125116319396, 0.000280122185359, 0.000305952155031, 0.000282508088276, 0.000230635443586, 0.000266472343355, 0.000175115113962, 0.000112321904453, 6.36496188235e-05, 5.41294757568e-05, 3.85362000088e-05, 4.5585569751e-05, 3.00244701066e-05, 3.73649636458e-05, 2.0560093617e-05, 2.04619700526e-05, 2.60667984548e-05, 2.64422706096e-05, 2.60655924649e-05, 2.15358959395e-05, 2.01053408091e-05, 9.30421902012e-06, 4.53432994618e-06, 3.17325316246e-06, 1.82240171398e-06, 9.17345346352e-07, 4.07415626569e-07, 2.83985286842e-07, 2.05686035315e-07, 2.02327555598e-07, 2.68801898073e-07, 2.3666812865e-07, 2.27786856044e-07, 1.86007028447e-07, 1.14696760534e-07, 6.80375507045e-08, 5.74806335862e-08, 3.91519279219e-08, 2.56374015351e-08, 2.34175132618e-08], "dmean2": [0.000205298754736, 0.000491873535793, 0.000517644279171, 0.000422075361712, 0.000316959805787, 0.000375107629225, 0.000236389038037, 0.00013527518604, 8.5200786998e-05, 7.01928074704e-05, 5.28929995198e-05, 6.00356543146e-05, 4.18045201513e-05, 5.4270207329e-05, 3.13669006573e-05, 3.12942320306e-05, 3.82607722713e-05, 3.89087072108e-05, 3.70235575247e-05, 2.88358860416e-05, 2.64837999566e-05, 1.22721030493e-05, 6.31763487036e-06, 4.63767219117e-06, 2.81551956505e-06, 1.36937148909e-06, 6.17796047209e-07, 4.38910319644e-07, 3.23320364259e-07, 3.12887323162e-07, 4.455804401e-07, 3.68372070625e-07, 3.5954951727e-07, 2.99951068428e-07, 1.7439336375e-07, 1.06274399059e-07, 8.54932622474e-08, 5.93585873787e-08, 3.62059289216e-08, 3.44840032085e-08], "dvar": [2.29922463291e-07, 1.10468943149e-06, 5.26498581621e-07, 2.4665212095e-07, 2.2793393839e-07, 4.52366236914e-07, 1.7099027616e-07, 1.36951129548e-07, 1.02292574411e-07, 5.90430637715e-08, 1.83405290954e-08, 3.05140943624e-08, 1.04903410403e-08, 7.64607932524e-09, 2.32530283917e-09, 2.96567770341e-09, 8.06235789241e-09, 1.09863300679e-08, 1.22590693152e-08, 1.3307764668e-08, 1.09993871789e-08, 2.24719243214e-09, 7.60729146343e-10, 6.96027901981e-10, 1.44147832559e-10, 3.76602186936e-11, 9.48342012558e-12, 9.13476412567e-12, 1.78474552845e-12, 2.77608860379e-12, 5.34381783615e-12, 5.44291998625e-12, 5.1172807311e-12, 2.71907409782e-12, 2.34757244026e-12, 8.15056735212e-13, 1.20643740224e-12, 4.60329474192e-13, 1.56285805152e-13, 1.53467150554e-13], "dvar2": [5.74244438667e-07, 3.08325957121e-06, 1.45611932112e-06, 5.87815236486e-07, 4.1368480197e-07, 1.02156320736e-06, 3.3329206417e-07, 1.84703850437e-07, 1.70118141796e-07, 9.81441985459e-08, 3.68811789997e-08, 5.82337769117e-08, 1.67234954773e-08, 1.50891583672e-08, 5.44224665333e-09, 6.89120893682e-09, 1.62465561004e-08, 2.76154423773e-08, 2.20202469592e-08, 2.01683540979e-08, 1.70707874503e-08, 3.58307827852e-09, 1.3465757398e-09, 1.51893375655e-09, 2.92131208113e-10, 6.69467814518e-11, 1.81404197219e-11, 2.17918513096e-11, 3.83873705392e-12, 5.54843497536e-12, 1.0155130209e-11, 1.14489528968e-11, 1.08115990119e-11, 6.07028923655e-12, 4.31606486662e-12, 1.40033709455e-12, 1.93625757788e-12, 9.55119013393e-13, 1.76129578045e-13, 2.02156826977e-13], "max": [0.00688282586634, 0.0147927002981, 0.0161261074245, 0.00931588094682, 0.0132455537096, 0.0157895479351, 0.0104469303042, 0.0127303041518, 0.0122651010752, 0.0130603462458, 0.00683384062722, 0.00608984427527, 0.00466884300113, 0.00243616336957, 0.00184015207924, 0.00172668183222, 0.00419231085107, 0.00337904458866, 0.00511465221643, 0.00703940959647, 0.00536407670006, 0.00295405113138, 0.00162729562726, 0.00162755325437, 0.000508434954099, 0.000330877897795, 0.000157421643962, 0.000193022511667, 5.65909358556e-05, 0.000131985638291, 0.000149946310557, 0.000123559831991, 0.000116472023365, 8.62408996909e-05, 9.07548237592e-05, 5.90674681007e-05, 8.61143489601e-05, 5.78109247726e-05, 3.74926894438e-05, 3.63131402992e-05], "mean": [0.000144401492435, 0.000369810499251, 0.00055186660029, 0.000755007611588, 0.000591679941863, 0.000625936780125, 0.000439462804934, 0.000256592931692, 0.000133235895191, 0.000112429610454, 8.83985630935e-05, 9.61649711826e-05, 6.32250666968e-05, 7.54978027544e-05, 3.82260950573e-05, 3.56553173333e-05, 4.83815092593e-05, 4.99688285345e-05, 5.30440884177e-05, 4.6277349611e-05, 4.68979742436e-05, 2.2064506993e-05, 8.89465081855e-06, 5.27485281054e-06, 2.67866289505e-06, 1.41952557442e-06, 6.27122346941e-07, 3.64984174439e-07, 2.6576702794e-07, 2.29778351013e-07, 2.89592577474e-07, 2.60002792629e-07, 2.33484584555e-07, 1.84628135003e-07, 1.34626418458e-07, 8.31721109762e-08, 6.96575455095e-08, 4.5931127346e-08, 2.94976043591e-08, 2.51527243478e-08], "median": [5.09978162881e-05, 0.00016639167734, 0.000305125140585, 0.000469148886623, 0.000217541630263, 0.000157192873303, 0.000116684110253, 3.58303950634e-05, 2.70800937869e-05, 2.06201293622e-05, 1.88297235582e-05, 2.24870273087e-05, 1.17750523714e-05, 2.74478825304e-05, 1.57962913363e-05, 1.1240999811e-05, 7.79538277129e-06, 7.06918035576e-06, 5.81552330914e-06, 2.36440087065e-06, 1.42356861943e-06, 5.81552740186e-07, 4.58916559865e-07, 2.34492333107e-07, 1.03320878964e-07, 8.16961502892e-08, 3.49303874714e-08, 2.14511111096e-08, 1.67090821179e-08, 1.05612594226e-08, 9.58606172219e-09, 1.16508678261e-08, 7.61667795501e-09, 6.11737016598e-09, 4.89895457534e-09, 3.64218610827e-09, 2.21936624634e-09, 1.51265955317e-09, 7.73044017688e-10, 5.18814435857e-10], "min": [1.14420408884e-24, 1.47989645148e-24, 9.88224890024e-25, 1.61089065049e-24, 1.67965486674e-24, 1.09373345838e-24, 2.28363911907e-24, 2.46170277475e-24, 1.35740272177e-24, 1.63916884876e-24, 2.31348172712e-24, 3.25950837656e-24, 2.40412500057e-24, 2.29625852698e-24, 2.27308514624e-24, 2.29560456129e-24, 2.32925815636e-24, 1.80517861119e-24, 3.35345638556e-24, 3.74528123061e-24, 3.75153808087e-24, 2.39582736714e-24, 4.24129764072e-24, 3.92567597026e-24, 4.63135622619e-24, 3.97878879172e-24, 4.61763320188e-24, 5.8301045246e-24, 3.3273723053e-24, 4.72824767244e-24, 5.95537800293e-24, 5.74977047988e-24, 4.74919390163e-24, 4.01595478997e-24, 6.05831370144e-24, 4.42169632467e-24, 6.89828963787e-24, 6.57928572629e-24, 5.87523012939e-24, 5.1624331648e-24], "var": [1.88139182455e-07, 7.61369051361e-07, 6.16274292042e-07, 7.75950752541e-07, 1.07242590275e-06, 1.51166193518e-06, 7.64798357977e-07, 5.96453844537e-07, 2.6016806487e-07, 1.76129177021e-07, 6.60497292415e-08, 9.18526765759e-08, 4.48760708593e-08, 2.63657202737e-08, 6.2734075712e-09, 6.16040418677e-09, 2.60968846533e-08, 2.59782062528e-08, 4.32410018902e-08, 5.37317390581e-08, 5.86599000485e-08, 1.76085670489e-08, 3.20168358492e-09, 1.98556193709e-09, 3.16612847051e-10, 9.432920417e-11, 2.023129754e-11, 9.34256751822e-12, 2.70151219103e-12, 5.126529843e-12, 9.30465687138e-12, 7.93920311437e-12, 6.92103796149e-12, 3.81575500363e-12, 3.87768723381e-12, 1.55428144313e-12, 2.15633674111e-12, 8.58246525064e-13, 4.19616354467e-13, 3.51630210409e-13]}, "melbands_crest": {"dmean": 2.59920811653, "dmean2": 3.98166036606, "dvar": 6.56740665436, "dvar2": 16.5306243896, "max": 33.6607170105, "mean": 13.9458274841, "median": 13.0434532166, "min": 1.00192821026, "var": 28.5636959076}, "melbands_flatness_db": {"dmean": 0.0232333298773, "dmean2": 0.0316920503974, "dvar": 0.000738868198823, "dvar2": 0.00140042684507, "max": 0.53754734993, "mean": 0.313683569431, "median": 0.321333706379, "min": -3.45145423353e-07, "var": 0.00580368097872}, "melbands_kurtosis": {"dmean": 3.04658579826, "dmean2": 4.68356466293, "dvar": 22.4449825287, "dvar2": 52.6918830872, "max": 107.089958191, "mean": 6.32367753983, "median": 4.57750082016, "min": -1.8823441267, "var": 58.9221153259}, "melbands_skewness": {"dmean": 0.461786568165, "dmean2": 0.694412052631, "dvar": 0.274640589952, "dvar2": 0.649281978607, "max": 8.16033363342, "mean": 1.87017130852, "median": 1.86130487919, "min": -1.93786489964, "var": 1.23515021801}, "melbands_spread": {"dmean": 3.85916042328, "dmean2": 5.7750711441, "dvar": 43.9206542969, "dvar2": 89.2849884033, "max": 180.867385864, "mean": 17.3360290527, "median": 11.2847681046, "min": 0.694348990917, "var": 371.808319092}, "mfcc": {"cov": [[9017.69140625, 1501.53295898, -1377.87255859, 442.239471436, -149.430114746, 23.835515976, -354.627105713, 151.292358398, 63.7884483337, 121.676704407, -128.951705933, -90.8761978149, -123.972930908], [1501.53295898, 2277.17236328, -148.560379028, -282.456665039, 121.110771179, 16.9641246796, -41.7236213684, -25.7618274689, -88.0778274536, -71.6894836426, -58.2264976501, -27.3613853455, -33.0918769836], [-1377.87255859, -148.560379028, 875.693359375, -151.971618652, -92.5196838379, 82.984703064, 89.5297851562, -69.5976257324, -172.500595093, -44.4511947632, 84.1622238159, 92.5790328979, 46.0059204102], [442.239471436, -282.456665039, -151.971618652, 315.798858643, 52.1199684143, -10.2134943008, 8.32071208954, 47.5077667236, 60.1775169373, 20.1435680389, -6.32131481171, -9.44673347473, 11.3608131409], [-149.430114746, 121.110771179, -92.5196838379, 52.1199684143, 245.842773438, 10.3853025436, -8.02443790436, 9.51609706879, 64.6829910278, 9.09336662292, -17.2065525055, -10.0054101944, 7.77284193039], [23.835515976, 16.9641246796, 82.984703064, -10.2134943008, 10.3853025436, 179.003036499, 61.5051956177, 6.35074853897, 15.4340715408, -5.34863424301, 26.6370868683, 0.896919250488, 9.45046710968], [-354.627105713, -41.7236213684, 89.5297851562, 8.32071208954, -8.02443790436, 61.5051956177, 161.777542114, 47.3336753845, 5.31383943558, -6.5519862175, 23.2377052307, -10.6503992081, 4.55285978317], [151.292358398, -25.7618274689, -69.5976257324, 47.5077667236, 9.51609706879, 6.35074853897, 47.3336753845, 133.449478149, 78.1752471924, -6.18132925034, 1.54614782333, -21.6705493927, -13.3378734589], [63.7884483337, -88.0778274536, -172.500595093, 60.1775169373, 64.6829910278, 15.4340715408, 5.31383943558, 78.1752471924, 233.719329834, 27.4455966949, -15.7178153992, -54.307056427, -27.2111110687], [121.676704407, -71.6894836426, -44.4511947632, 20.1435680389, 9.09336662292, -5.34863424301, -6.5519862175, -6.18132925034, 27.4455966949, 112.971611023, 31.9039287567, -0.749951779842, -2.06753540039], [-128.951705933, -58.2264976501, 84.1622238159, -6.32131481171, -17.2065525055, 26.6370868683, 23.2377052307, 1.54614782333, -15.7178153992, 31.9039287567, 120.635810852, 48.2310752869, -3.3448548317], [-90.8761978149, -27.3613853455, 92.5790328979, -9.44673347473, -10.0054101944, 0.896919250488, -10.6503992081, -21.6705493927, -54.307056427, -0.749951779842, 48.2310752869, 142.201553345, 43.6575393677], [-123.972930908, -33.0918769836, 46.0059204102, 11.3608131409, 7.77284193039, 9.45046710968, 4.55285978317, -13.3378734589, -27.2111110687, -2.06753540039, -3.3448548317, 43.6575393677, 95.4760665894]], "icov": [[0.000280950393062, -0.000243194081122, 0.000324191321852, -0.000548863376025, 0.00052937847795, -0.000526628398802, 0.000691294670105, -0.000448523525847, 0.000295763136819, -0.000406098319218, 0.000192450417671, -0.000118796262541, 0.000239580360358], [-0.000243194081122, 0.000795758678578, -4.93625593663e-05, 0.00110426859464, -0.000894043711014, 0.000283500354271, -0.000527439115103, 0.000190766353626, 0.000173966560396, 0.000591556599829, -6.39842546661e-05, 0.00013556763588, -5.28992386535e-05], [0.000324191321852, -4.93625593663e-05, 0.00220515369438, 0.000157768910867, 0.000685960636474, -0.00107527372893, -6.29643473076e-05, -2.42641945079e-05, 0.00117930327542, 0.000214014726225, -0.000556942191906, -0.000519389519468, -6.85725681251e-05], [-0.000548863376025, 0.00110426859464, 0.000157768910867, 0.0054988800548, -0.00199306383729, 0.00104008300696, -0.00157007982489, -0.000248651689617, -0.000324318563798, 0.000652341230307, -0.000405999744544, 0.00018927968631, -0.00113992334809], [0.00052937847795, -0.000894043711014, 0.000685960636474, -0.00199306383729, 0.00594550743699, -0.00124851858709, 0.0013188442681, -0.000106089813926, -0.000993131310679, -0.000949714391027, 0.000724698533304, -0.000466805504402, -0.000218803761527], [-0.000526628398802, 0.000283500354271, -0.00107527372893, 0.00104008300696, -0.00124851858709, 0.00801242887974, -0.00374479871243, 0.00189375586342, -0.0018266964471, 0.0014363557566, -0.00179546384607, 0.000675115792546, -0.00130061863456], [0.000691294670105, -0.000527439115103, -6.29643473076e-05, -0.00157007982489, 0.0013188442681, -0.00374479871243, 0.0106646977365, -0.0048265713267, 0.00158167059999, -0.000962028338108, -0.000601617328357, 0.00131486717146, -0.000179902199307], [-0.000448523525847, 0.000190766353626, -2.42641945079e-05, -0.000248651689617, -0.000106089813926, 0.00189375586342, -0.0048265713267, 0.0123828034848, -0.00424866052344, 0.00253342627548, -0.00129137258045, 6.05744571658e-05, 7.72457933635e-05], [0.000295763136819, 0.000173966560396, 0.00117930327542, -0.000324318563798, -0.000993131310679, -0.0018266964471, 0.00158167059999, -0.00424866052344, 0.00766714243218, -0.00183746672701, 0.000601015752181, 0.00121738342568, 0.00111715157982], [-0.000406098319218, 0.000591556599829, 0.000214014726225, 0.000652341230307, -0.000949714391027, 0.0014363557566, -0.000962028338108, 0.00253342627548, -0.00183746672701, 0.0115226907656, -0.00435362523422, 0.0011804359965, -0.00113454007078], [0.000192450417671, -6.39842546661e-05, -0.000556942191906, -0.000405999744544, 0.000724698533304, -0.00179546384607, -0.000601617328357, -0.00129137258045, 0.000601015752181, -0.00435362523422, 0.0127170598134, -0.00483634974808, 0.00324541237205], [-0.000118796262541, 0.00013556763588, -0.000519389519468, 0.00018927968631, -0.000466805504402, 0.000675115792546, 0.00131486717146, 6.05744571658e-05, 0.00121738342568, 0.0011804359965, -0.00483634974808, 0.0109833246097, -0.00478174071759], [0.000239580360358, -5.28992386535e-05, -6.85725681251e-05, -0.00113992334809, -0.000218803761527, -0.00130061863456, -0.000179902199307, 7.72457933635e-05, 0.00111715157982, -0.00113454007078, 0.00324541237205, -0.00478174071759, 0.0136952167377]], "mean": [-773.688476562, 206.846588135, -17.9415225983, -2.06915855408, 11.5711555481, 9.37045955658, -12.6499700546, -5.85318946838, -10.3753614426, -8.00811004639, -6.61768627167, -5.68856096268, -2.73795032501]}, "pitch_salience": {"dmean": 0.0558893717825, "dmean2": 0.0862272009254, "dvar": 0.0026902819518, "dvar2": 0.00667187804356, "max": 0.996095657349, "mean": 0.551889955997, "median": 0.554222583771, "min": 0.165266916156, "var": 0.0117609789595}, "silence_rate_20dB": {"dmean": 0, "dmean2": 0, "dvar": 0, "dvar2": 0, "max": 1, "mean": 1, "median": 1, "min": 1, "var": 0}, "silence_rate_30dB": {"dmean": 0.000721327261999, "dmean2": 0.00144282798283, "dvar": 0.000720779993571, "dvar2": 0.00144070445094, "max": 1, "mean": 0.998918116093, "median": 1, "min": 0, "var": 0.00108055630699}, "silence_rate_60dB": {"dmean": 0.0348641499877, "dmean2": 0.0697366818786, "dvar": 0.0336522907019, "dvar2": 0.0742516294122, "max": 1, "mean": 0.168650075793, "median": 0, "min": 0, "var": 0.140208095312}, "spectral_centroid": {"dmean": 109.319664001, "dmean2": 161.887557983, "dvar": 45063.5976562, "dvar2": 84524.2578125, "max": 11824.8564453, "mean": 828.800842285, "median": 551.23236084, "min": 172.35206604, "var": 1372371}, "spectral_complexity": {"dmean": 1.63068044186, "dmean2": 2.53841519356, "dvar": 3.11655163765, "dvar2": 6.77759552002, "max": 39, "mean": 11.4433221817, "median": 11, "min": 0, "var": 31.0103664398}, "spectral_contrast_coeffs": {"dmean": [0.0393397435546, 0.0370611362159, 0.0341454781592, 0.0311761088669, 0.0231511294842, 0.0201415680349], "dmean2": [0.063264772296, 0.057268243283, 0.0527960211039, 0.0483633540571, 0.0350666455925, 0.0312910377979], "dvar": [0.00125514762476, 0.00106580380816, 0.000890960451216, 0.000689763284754, 0.00043775717495, 0.000357805693056], "dvar2": [0.00314064160921, 0.00249085249379, 0.00209423480555, 0.00164116255473, 0.000931927992497, 0.000820237677544], "max": [-0.27906152606, -0.365663647652, -0.457921683788, -0.469195216894, -0.46199542284, -0.547706604004], "mean": [-0.58511453867, -0.673565387726, -0.715968251228, -0.720201134682, -0.752967238426, -0.780544698238], "median": [-0.582233190536, -0.679266929626, -0.716578722, -0.723325133324, -0.759827494621, -0.784403800964], "min": [-0.984788775444, -0.996590971947, -0.998980462551, -0.988167464733, -0.988863766193, -0.964947342873], "var": [0.00952652096748, 0.00854137539864, 0.0057297074236, 0.00510561373085, 0.00442132120952, 0.00264252931811]}, "spectral_contrast_valleys": {"dmean": [0.372113823891, 0.296015739441, 0.306851506233, 0.298395067453, 0.320424675941, 0.391246438026], "dmean2": [0.589101970196, 0.46129745245, 0.475891768932, 0.446283042431, 0.429242163897, 0.499199092388], "dvar": [0.177776768804, 0.0853974968195, 0.094901420176, 0.0979884788394, 0.148697242141, 0.182200431824], "dvar2": [0.361493170261, 0.180421113968, 0.19297465682, 0.184591561556, 0.246875166893, 0.277095496655], "max": [-5.57927465439, -5.13636112213, -5.64236593246, -6.06696367264, -5.98813819885, -7.44606161118], "mean": [-8.27298927307, -7.59789228439, -8.33616542816, -8.96434116364, -10.1236343384, -13.092628479], "median": [-7.79361104965, -7.19782209396, -7.93917703629, -8.60003566742, -9.91131305695, -12.9299840927], "min": [-28.4213638306, -28.188079834, -27.8091716766, -27.6161785126, -27.5454807281, -27.4457530975], "var": [5.48832082748, 5.60027837753, 5.39035129547, 5.19046020508, 4.82310581207, 3.62614607811]}, "spectral_decrease": {"dmean": 1.26252597266e-09, "dmean2": 1.75485503906e-09, "dvar": 3.94092087595e-18, "dvar2": 8.19568400248e-18, "max": 1.89238975404e-28, "mean": -4.32606306333e-09, "median": -2.97998625776e-09, "min": -4.04748732308e-08, "var": 1.78801971546e-17}, "spectral_energy": {"dmean": 0.00502818869427, "dmean2": 0.00696799298748, "dvar": 6.20119171799e-05, "dvar2": 0.000126522922073, "max": 0.178378403187, "mean": 0.0173794999719, "median": 0.0117590241134, "min": 9.9117571212e-21, "var": 0.000298222148558}, "spectral_energyband_high": {"dmean": 3.59855766874e-05, "dmean2": 5.41643130418e-05, "dvar": 9.91820101603e-08, "dvar2": 1.57975406978e-07, "max": 0.0215593967587, "mean": 4.41795782535e-05, "median": 2.42314172283e-06, "min": 6.98593286068e-21, "var": 2.06864697816e-07}, "spectral_energyband_low": {"dmean": 0.00129062950145, "dmean2": 0.0021720873192, "dvar": 1.79746912181e-05, "dvar2": 4.74106273032e-05, "max": 0.0564445666969, "mean": 0.0019639513921, "median": 0.000973517715465, "min": 2.19702400606e-23, "var": 1.48843346324e-05}, "spectral_energyband_middle_high": {"dmean": 0.00137976487167, "dmean2": 0.00187974283472, "dvar": 1.16144756248e-05, "dvar2": 1.95817592612e-05, "max": 0.140573650599, "mean": 0.00439222482964, "median": 0.0014064864954, "min": 1.09796563797e-21, "var": 8.3201804955e-05}, "spectral_energyband_middle_low": {"dmean": 0.00348079297692, "dmean2": 0.00479747354984, "dvar": 2.94808269246e-05, "dvar2": 5.90668023506e-05, "max": 0.111979834735, "mean": 0.0115776155144, "median": 0.00809121318161, "min": 1.47641654543e-22, "var": 0.000148075603647}, "spectral_entropy": {"dmean": 0.177269205451, "dmean2": 0.244366124272, "dvar": 0.0459297075868, "dvar2": 0.0833685398102, "max": 9.82042217255, "mean": 6.4236125946, "median": 6.35388326645, "min": 4.67192459106, "var": 0.379391819239}, "spectral_flux": {"dmean": 0.0162179898471, "dmean2": 0.0253463480622, "dvar": 0.000495972111821, "dvar2": 0.00106359145138, "max": 0.296639412642, "mean": 0.0473972596228, "median": 0.0389579609036, "min": 6.52498124976e-11, "var": 0.00140068528708}, "spectral_kurtosis": {"dmean": 11.9897089005, "dmean2": 20.4476451874, "dvar": 129.341827393, "dvar2": 357.249084473, "max": 140.315307617, "mean": 27.6497573853, "median": 23.5955543518, "min": -1.25252759457, "var": 375.615692139}, "spectral_rms": {"dmean": 0.000541330780834, "dmean2": 0.000732551503461, "dvar": 4.92223875881e-07, "dvar2": 9.83343511507e-07, "max": 0.0131919560954, "mean": 0.00360512989573, "median": 0.00338706630282, "min": 3.10966356831e-12, "var": 3.95864572056e-06}, "spectral_rolloff": {"dmean": 209.112503052, "dmean2": 347.516204834, "dvar": 177078.8125, "dvar2": 342736.53125, "max": 19681.3476562, "mean": 1183.11169434, "median": 753.662109375, "min": 107.666015625, "var": 4158313.5}, "spectral_skewness": {"dmean": 0.806984126568, "dmean2": 1.35708332062, "dvar": 0.497892081738, "dvar2": 1.36421012878, "max": 9.09686374664, "mean": 3.47715950012, 