{"lowlevel": {"average_loudness": 0.473191708326, "barkbands": {"dmean": [2.56697567238e-05, 0.000815434905235, 0.000668475928251, 0.000365808024071, 0.000418369891122, 0.000485562661197, 0.000407231185818, 0.000443674827693, 0.000852291588672, 0.000915857614018, 0.00044297502609, 0.000450657476904, 0.000267867464572, 0.00032841929351, 0.00032142479904, 0.000337225064868, 0.00015467342746, 0.000157462607604, 0.000108663742139, 5.08661687491e-05, 1.78139634954e-05, 1.26699997054e-05, 8.76761896507e-06, 7.08159450369e-06, 4.33811374023e-06, 6.21077163032e-07, 4.62423876968e-08], "dmean2": [4.14039532188e-05, 0.001343538519, 0.00108552596066, 0.000623120518867, 0.000687258783728, 0.000766210607253, 0.000605453562457, 0.000664117920678, 0.00128546683118, 0.00129112275317, 0.000647263950668, 0.000622153573204, 0.000387455889722, 0.000489847268909, 0.000501823902596, 0.000533475424163, 0.000234605337027, 0.000240618624957, 0.000167031495948, 7.6851414633e-05, 2.70182754321e-05, 1.88891026482e-05, 1.28106503325e-05, 1.0115769328e-05, 6.509612831e-06, 9.64128503256e-07, 7.30533926685e-08], "dvar": [3.68324637456e-09, 2.52658537647e-06, 2.07529137697e-06, 7.621175655e-07, 7.44152828247e-07, 1.26683403323e-06, 1.70563089341e-06, 2.71586145573e-06, 1.10894188765e-05, 1.9018400053e-05, 4.52893209513e-06, 4.04361753681e-06, 1.98968587029e-06, 2.66093707069e-06, 1.91470826394e-06, 2.16206240111e-06, 1.10422355704e-07, 1.5431912459e-07, 1.54721334411e-07, 1.50279504396e-08, 2.4617861083e-09, 3.12319148321e-09, 4.23713331088e-09, 3.03419134262e-09, 8.46065384419e-10, 7.6388131931e-12, 2.26705081845e-14], "dvar2": [6.70795552438e-09, 6.74339298712e-06, 4.88293699163e-06, 2.03101990337e-06, 1.74020669874e-06, 2.87358079731e-06, 3.48644402948e-06, 5.16682393936e-06, 2.22997077799e-05, 3.18934035022e-05, 8.20206514618e-06, 5.84168128626e-06, 3.36403172696e-06, 5.76420097786e-06, 4.81319420942e-06, 4.80227299704e-06, 2.41103379039e-07, 3.43987409224e-07, 3.74313088969e-07, 3.17269730488e-08, 5.91673199324e-09, 6.48085407562e-09, 1.04702246873e-08, 6.9326588914e-09, 2.06929473556e-09, 1.56795097739e-11, 5.51984402197e-14], "max": [0.00419655675068, 0.0180071592331, 0.0189682189375, 0.0179469138384, 0.025993430987, 0.028758790344, 0.0371496267617, 0.0527474284172, 0.128826871514, 0.173669889569, 0.103906668723, 0.107218950987, 0.0693805292249, 0.0590195767581, 0.0461211241782, 0.0552068687975, 0.00765468552709, 0.0116267232224, 0.019960867241, 0.00272714183666, 0.00158451346215, 0.00359935173765, 0.00535589968786, 0.0035665158648, 0.0015087092761, 0.000174657005118, 7.91042384662e-06], "mean": [3.39423131663e-05, 0.00115730136167, 0.000874452176504, 0.00045392732136, 0.000751669984311, 0.000861121399794, 0.000714643916581, 0.000720550306141, 0.00151465868112, 0.0020825995598, 0.00105877453461, 0.000881860149093, 0.000394885602873, 0.000498938839883, 0.00048776116455, 0.000526421063114, 0.000281997723505, 0.000308319315081, 0.000206452983548, 8.76049525687e-05, 3.18581878673e-05, 1.99304467969e-05, 1.4116053535e-05, 1.20331878861e-05, 6.72612850394e-06, 8.1681997699e-07, 5.91547859585e-08], "median": [1.35531599881e-05, 0.000413773028413, 0.000208909637877, 9.13908443181e-05, 0.000241015484789, 0.0002800601942, 0.000192165927729, 0.000131732289447, 0.000161346397363, 6.54825053061e-05, 4.4633547077e-05, 6.90500601195e-05, 4.56916386611e-05, 5.30721481482e-05, 7.88176475908e-05, 0.000101874109532, 8.41633227537e-05, 6.35659962427e-05, 4.61949457531e-05, 1.82300227607e-05, 6.83307280269e-06, 2.78660013464e-06, 1.42040369155e-06, 1.4095177221e-06, 7.06219793756e-07, 1.17039668623e-07, 1.20271650417e-08], "min": [5.2127004072e-23, 1.26476940863e-23, 6.74268193338e-23, 3.25294020234e-23, 9.67211501165e-23, 2.00309328102e-23, 3.30597942307e-23, 1.05186851942e-22, 9.51635600364e-23, 5.93362114028e-23, 6.14987946884e-23, 9.2946008923e-23, 1.00118578398e-22, 7.35125025644e-23, 2.58618947477e-22, 1.03482363339e-22, 1.91116498471e-22, 2.17459113695e-22, 2.02594172206e-22, 2.60803574692e-22, 3.57670897579e-22, 6.96913701489e-22, 7.90983231357e-22, 7.95289629349e-22, 1.05084835187e-21, 1.67713191602e-21, 2.76428412637e-21], "var": [8.13308531633e-09, 3.58832062375e-06, 3.49204469785e-06, 1.13860266993e-06, 2.89158492706e-06, 3.24471693602e-06, 3.6221197206e-06, 7.89041769167e-06, 3.24041429849e-05, 9.90061889752e-05, 3.45559965353e-05, 1.73799890035e-05, 4.89647572977e-06, 5.2266586863e-06, 3.40569158652e-06, 3.86391138818e-06, 2.99655738445e-07, 4.78200945508e-07, 2.86841157049e-07, 3.79936757611e-08, 5.06079178564e-09, 9.19907883201e-09, 1.09303384122e-08, 4.72272754237e-09, 1.3540756294e-09, 2.39280314313e-11, 4.79021051883e-14]}, "barkbands_crest": {"dmean": 2.95244288445, "dmean2": 4.81292724609, "dvar": 6.81189537048, "dvar2": 17.3591022491, "max": 25.622423172, "mean": 10.9904088974, "median": 10.0733356476, "min": 2.58128643036, "var": 21.4859523773}, "barkbands_flatness_db": {"dmean": 0.0230011548847, "dmean2": 0.0350796878338, "dvar": 0.000483380659716, "dvar2": 0.00103529088665, "max": 0.34110853076, "mean": 0.167627900839, "median": 0.164277166128, "min": 0.0385123640299, "var": 0.00229442492127}, "barkbands_kurtosis": {"dmean": 2.47530436516, "dmean2": 3.98855304718, "dvar": 21.5183582306, "dvar2": 52.7963294983, "max": 110.611824036, "mean": 3.07423686981, "median": 1.21155643463, "min": -1.93263781071, "var": 39.3721466064}, "barkbands_skewness": {"dmean": 0.537282168865, "dmean2": 0.827407121658, "dvar": 0.30209556222, "dvar2": 0.69615727663, "max": 8.6111536026, "mean": 1.00262963772, "median": 0.90440517664, "min": -3.74582791328, "var": 1.60989975929}, "barkbands_spread": {"dmean": 4.57399559021, "dmean2": 7.0806055069, "dvar": 26.5685825348, "dvar2": 58.920124054, "max": 108.962913513, "mean": 17.5007991791, "median": 15.7464609146, "min": 0.985975623131, "var": 105.105743408}, "dissonance": {"dmean": 0.0237860940397, "dmean2": 0.0399134941399, "dvar": 0.000621753453743, "dvar2": 0.00166374712717, "max": 0.5, "mean": 0.454622924328, "median": 0.464125603437, "min": 0.119786664844, "var": 0.00125440966804}, "dynamic_complexity": 5.84708213806, "erbbands": {"dmean": [0.0205341558903, 0.201293677092, 0.67734003067, 1.06749868393, 0.982593715191, 1.81837320328, 2.39304327965, 4.77008008957, 5.83119058609, 6.49452543259, 11.0493345261, 21.3258266449, 29.6176681519, 23.0022335052, 17.9029941559, 16.2030525208, 11.2609653473, 15.1292982101, 12.9216146469, 22.5582942963, 11.4951467514, 8.34372901917, 8.24151134491, 6.80174016953, 3.76030158997, 2.21966147423, 0.877806842327, 0.645798444748, 0.45924025774, 0.372385084629, 0.215810164809, 0.156560361385, 0.115426793694, 0.0640245229006, 0.0226662028581, 0.00496022682637, 0.000745767261833, 9.5168761618e-05, 9.75825605565e-06, 4.75232218378e-06], "dmean2": [0.0331516750157, 0.335003197193, 1.09164595604, 1.79096150398, 1.64247250557, 2.96878266335, 3.7574095726, 7.40285205841, 8.77492046356, 9.75436687469, 15.9944496155, 32.3572921753, 40.5466957092, 29.9231262207, 24.7699737549, 22.0869884491, 15.5114021301, 22.290222168, 18.7052402496, 34.8426475525, 17.7131252289, 12.4628887177, 12.4331855774, 10.1867132187, 5.51730728149, 3.27606058121, 1.30645143986, 0.973810374737, 0.690180301666, 0.565966129303, 0.301314860582, 0.221290543675, 0.168886035681, 0.0936458408833, 0.0349077023566, 0.00777818448842, 0.0010653246427, 0.000141748416354, 1.48403369167e-05, 6.55707890473e-06], "dvar": [0.00174413167406, 0.156392157078, 2.29717898369, 5.43417739868, 5.71679115295, 15.9667453766, 28.7056846619, 150.001968384, 346.468566895, 475.159759521, 1555.4239502, 8359.89648438, 21171.8808594, 9874.94042969, 4931.67285156, 5788.48974609, 2674.3918457, 6402.20361328, 3162.21899414, 7499.09423828, 1525.62634277, 305.194274902, 435.628570557, 499.012512207, 112.666427612, 25.796579361, 5.40851593018, 4.24816226959, 3.8388645649, 10.6621446609, 1.52936196327, 1.33395075798, 0.791681170464, 0.159976318479, 0.0269185062498, 0.000556286657229, 1.15745106086e-05, 2.13539394167e-07, 6.13577189057e-10, 5.65955927956e-11], "dvar2": [0.00439430214465, 0.41659873724, 5.15938901901, 13.8836050034, 14.5746612549, 37.7777900696, 60.2592735291, 317.999481201, 672.820800781, 1026.96398926, 2720.09301758, 18998.8300781, 37942.9335938, 13960.3056641, 8300.46484375, 8274.76367188, 4121.71044922, 13974.5966797, 6099.30322266, 15936.0244141, 3595.31689453, 643.816345215, 983.188110352, 1179.65222168, 240.443054199, 53.0133514404, 12.7226371765, 9.9456615448, 7.82329797745, 30.1012039185, 2.88952279091, 2.90335822105, 1.86662578583, 0.368359982967, 0.0721921175718, 0.00136375578586, 1.89576567209e-05, 4.56327001075e-07, 1.31555144556e-09, 9.95328958142e-11], "max": [0.712971925735, 4.59845018387, 19.3784561157, 50.7785682678, 90.7180557251, 121.774734497, 124.075492859, 325.537231445, 629.46875, 721.72644043, 1450.82421875, 2941.41577148, 5400.49755859, 4844.66210938, 2856.39941406, 4070.97729492, 2456.72973633, 3005.66918945, 2747.72070312, 2891.60644531, 1172.95007324, 507.9112854, 661.804992676, 879.060241699, 392.101898193, 131.892456055, 76.8294754028, 60.8673667908, 108.092720032, 239.951080322, 93.5650939941, 73.1432113647, 55.4407539368, 20.1911773682, 7.51553535461, 1.22515547276, 0.199034541845, 0.0310260467231, 0.00120693747886, 0.000219530644245], "mean": [0.0288526117802, 0.280398309231, 0.943036019802, 1.42348182201, 1.53306293488, 3.10616469383, 4.18250656128, 8.16590023041, 10.3386659622, 11.4050912857, 19.31731987, 35.826133728, 64.6325149536, 44.8272171021, 40.1437301636, 32.3968925476, 18.9635028839, 24.3343505859, 21.2556476593, 37.9993019104, 20.298992157, 16.8503036499, 17.6470928192, 13.5870313644, 7.9531083107, 3.98116469383, 1.62504303455, 1.14661443233, 0.734116613865, 0.538469970226, 0.376871734858, 0.266273349524, 0.192338645458, 0.104301549494, 0.0314372479916, 0.00617184583098, 0.00112843874376, 0.00014631661179, 1.8875067326e-05, 1.73505723069e-05], "median": [0.00973682757467, 0.0947379171848, 0.265138089657, 0.374620050192, 0.540078639984, 0.840940415859, 1.34206402302, 2.6142179966, 2.89825439453, 3.3215610981, 3.72863078117, 4.8596124649, 3.03129911423, 2.57786250114, 3.11355805397, 3.2310423851, 2.87432765961, 2.2105550766, 3.73334383965, 7.55570411682, 5.00242805481, 5.26418781281, 4.22349786758, 3.22786164284, 1.74757552147, 0.93446969986, 0.402225464582, 0.202146172523, 0.110446453094, 0.0593846477568, 0.0375929996371, 0.0280707571656, 0.0229378063232, 0.0112949870527, 0.00312591786496, 0.000770683574956, 0.000195806831471, 4.11509499827e-05, 1.02220665212e-05, 9.70828932623e-06], "min": [1.09586446593e-21, 1.90738559629e-21, 4.9472990659e-20, 1.30251684963e-19, 2.390030588e-19, 2.73525855255e-19, 2.2642647552e-19, 1.64512278089e-19, 3.52931316651e-19, 8.64783881308e-19, 2.93917041257e-18, 1.83123291279e-18, 1.53074342526e-18, 3.0312416118e-18, 2.43995119646e-18, 4.00149448503e-18, 4.88983848644e-18, 3.68820148239e-18, 1.18053901806e-17, 7.94731144303e-18, 8.19330172232e-18, 9.18457925197e-18, 1.05938774673e-17, 1.03791207007e-17, 1.20194885114e-17, 1.20853428415e-17, 1.54009879663e-17, 1.49963874589e-17, 2.23558017882e-17, 2.41519186093e-17, 2.43556118351e-17, 1.68095657072e-17, 1.33162769285e-17, 1.10242173538e-17, 8.15916397844e-18, 5.13593174971e-18, 3.96380565478e-18, 1.15938937465e-18, 3.53460970737e-19, 4.45084174124e-20], "var": [0.00269743427634, 0.218073412776, 4.02318048477, 8.599817276, 11.7440328598, 64.2842788696, 75.5372924805, 335.385131836, 794.583251953, 1193.26281738, 4347.98486328, 18012.6816406, 91091.875, 38966.5234375, 30404.2480469, 22140.4453125, 6427.03369141, 11970.5126953, 7820.56787109, 16771.8457031, 2870.89135742, 992.295349121, 1561.24230957, 1013.63653564, 321.21206665, 67.1368408203, 10.616350174, 10.2439727783, 10.5753946304, 18.4408130646, 6.07833528519, 2.42606091499, 1.23019194603, 0.310177206993, 0.0335788428783, 0.00122075073887, 4.32419183198e-05, 6.93407855579e-07, 1.69016067808e-09, 4.89198792586e-10]}, "erbbands_crest": {"dmean": 3.23114919662, "dmean2": 5.23188447952, "dvar": 8.88207817078, "dvar2": 21.284942627, "max": 32.1348609924, "mean": 11.5520944595, "median": 10.2404546738, "min": 2.59031367302, "var": 30.9737377167}, "erbbands_flatness_db": {"dmean": 0.0200770031661, "dmean2": 0.0293996650726, "dvar": 0.000393311929656, "dvar2": 0.000753075932153, "max": 0.401956707239, "mean": 0.212958082557, "median": 0.209871470928, "min": 0.0462448075414, "var": 0.00256764469668}, "erbbands_kurtosis": {"dmean": 1.08511006832, "dmean2": 1.73033702374, "dvar": 2.36677837372, "dvar2": 5.42095661163, "max": 28.1652507782, "mean": 0.656045913696, "median": -0.190992355347, "min": -1.84923899174, "var": 6.58843326569}, "erbbands_skewness": {"dmean": 0.429358780384, "dmean2": 0.648820698261, "dvar": 0.144827216864, "dvar2": 0.323863685131, "max": 4.61596059799, "mean": 0.223706677556, "median": 0.190780296922, "min": -4.23954391479, "var": 0.862681269646}, "erbbands_spread": {"dmean": 6.05419683456, "dmean2": 9.38424015045, "dvar": 45.8403587341, "dvar2": 104.079071045, "max": 116.744346619, "mean": 27.8914775848, "median": 26.803150177, "min": 2.05729818344, "var": 200.7759552}, "gfcc": {"cov": [[24015.3886719, 2979.64428711, -3016.86474609, 628.676574707, -1053.55322266, -136.676361084, -535.170227051, 33.9532966614, -207.793228149, -355.144500732, 111.247337341, -371.38192749, 178.201324463], [2979.64428711, 1746.27209473, -63.7377204895, -56.9304885864, 241.709320068, -303.407653809, -18.8083343506, -50.9986152649, 42.5557479858, -65.0888824463, 9.16159629822, -85.3458404541, -15.586227417], [-3016.86474609, -63.7377204895, 1038.58276367, 116.061286926, 202.198745728, 18.4139385223, -10.3401222229, -28.5871658325, 47.7231330872, 61.9385375977, -78.1343460083, 60.4417495728, -80.622756958], [628.676574707, -56.9304885864, 116.061286926, 474.87991333, 47.5014953613, -15.3604230881, -49.4808921814, -34.1536560059, 47.6749954224, -9.22968864441, -36.2228813171, 10.0232686996, -24.8891067505], [-1053.55322266, 241.709320068, 202.198745728, 47.5014953613, 394.62298584, -5.83905172348, 119.966239929, -8.56488990784, 10.8960037231, 13.5041561127, -21.6155605316, 0.581958770752, -28.7758769989], [-136.676361084, -303.407653809, 18.4139385223, -15.3604230881, -5.83905172348, 349.237213135, 113.886657715, 24.8357505798, -72.0396118164, -5.40658426285, 28.1148929596, -22.4839515686, 2.4001429081], [-535.170227051, -18.8083343506, -10.3401222229, -49.4808921814, 119.966239929, 113.886657715, 280.733673096, 24.6869659424, -39.6680984497, 6.93660736084, -11.4897289276, -1.7905818224, -2.4073343277], [33.9532966614, -50.9986152649, -28.5871658325, -34.1536560059, -8.56488990784, 24.8357505798, 24.6869659424, 149.112213135, 42.2535896301, -10.8907394409, 12.1847915649, -10.2200422287, 28.6091709137], [-207.793228149, 42.5557479858, 47.7231330872, 47.6749954224, 10.8960037231, -72.0396118164, -39.6680984497, 42.2535896301, 162.759078979, 33.6462860107, -10.3522596359, 3.12342047691, -7.76837348938], [-355.144500732, -65.0888824463, 61.9385375977, -9.22968864441, 13.5041561127, -5.40658426285, 6.93660736084, -10.8907394409, 33.6462860107, 127.261924744, 8.40819549561, 24.557723999, -15.0824584961], [111.247337341, 9.16159629822, -78.1343460083, -36.2228813171, -21.6155605316, 28.1148929596, -11.4897289276, 12.1847915649, -10.3522596359, 8.40819549561, 142.056304932, 23.6104316711, 22.6400661469], [-371.38192749, -85.3458404541, 60.4417495728, 10.0232686996, 0.581958770752, -22.4839515686, -1.7905818224, -10.2200422287, 3.12342047691, 24.557723999, 23.6104316711, 112.862663269, 24.1955127716], [178.201324463, -15.586227417, -80.622756958, -24.8891067505, -28.7758769989, 2.4001429081, -2.4073343277, 28.6091709137, -7.76837348938, -15.0824584961, 22.6400661469, 24.1955127716, 99.1271362305]], "icov": [[0.000302781438222, -0.000804063747637, 0.00081619276898, -0.000809275603388, 0.000838526466396, -0.000702749355696, 0.000504602910951, -0.000582171604037, 0.000617400102783, -0.000345619540894, 0.000493706320412, -0.000248496566201, 0.00017429923173], [-0.000804063747637, 0.00301185110584, -0.00214214390144, 0.00231509772129, -0.00279949582182, 0.00269259302877, -0.00142259302083, 0.00193311995827, -0.00179005472455, 0.00138436688576, -0.00176044309046, 0.00152440229431, -0.000611938245129], [0.00081619276898, -0.00214214390144, 0.00354798231274, -0.0022546723485, 0.00151544366963, -0.00230940897018, 0.00191109243315, -0.0016750623472, 0.00149153219536, -0.00124587281607, 0.00210765749216, -0.00173681043088, 0.0014110377524], [-0.000809275603388, 0.00231509772129, -0.0022546723485, 0.00461651198566, -0.00270182127133, 0.00165842461865, -0.000824724440463, 0.00230791931972, -0.00262266630307, 0.00161114649381, -0.000898150727153, 0.000381302845199, -0.000214730505832], [0.000838526466396, -0.00279949582182, 0.00151544366963, -0.00270182127133, 0.00625422038138, -0.00175079866312, -0.000527060416061, -0.00156388105825, 0.00159921683371, -0.00115707120858, 0.00123752851505, -0.00066887435969, 0.000732962391339], [-0.000702749355696, 0.00269259302877, -0.00230940897018, 0.00165842461865, -0.00175079866312, 0.00644655618817, -0.00299692596309, 0.000887685106136, 0.000157797898282, 0.000910596398171, -0.00271039339714, 0.00264169508591, -0.000643353094347], [0.000504602910951, -0.00142259302083, 0.00191109243315, -0.000824724440463, -0.000527060416061, -0.00299692596309, 0.00635828869417, -0.00204717181623, 0.00192663143389, -0.00118692882825, 0.00207248632796, -0.00142883590888, 0.000727077829652], [-0.000582171604037, 0.00193311995827, -0.0016750623472, 0.00230791931972, -0.00156388105825, 0.000887685106136, -0.00204717181623, 0.0102010359988, -0.00483161350712, 0.00218674330972, -0.00178654433694, 0.0019948403351, -0.00302649033256], [0.000617400102783, -0.00179005472455, 0.00149153219536, -0.00262266630307, 0.00159921683371, 0.000157797898282, 0.00192663143389, -0.00483161350712, 0.0102690504864, -0.00339751550928, 0.00139491143636, -0.000348299421603, 0.00111914728768], [-0.000345619540894, 0.00138436688576, -0.00124587281607, 0.00161114649381, -0.00115707120858, 0.000910596398171, -0.00118692882825, 0.00218674330972, -0.00339751550928, 0.0101101370528, -0.00155695329886, -0.0012240059441, 0.00113873160444], [0.000493706320412, -0.00176044309046, 0.00210765749216, -0.000898150727153, 0.00123752851505, -0.00271039339714, 0.00207248632796, -0.00178654433694, 0.00139491143636, -0.00155695329886, 0.00948207173496, -0.00306499423459, -0.000229925950407], [-0.000248496566201, 0.00152440229431, -0.00173681043088, 0.000381302845199, -0.00066887435969, 0.00264169508591, -0.00142883590888, 0.0019948403351, -0.000348299421603, -0.0012240059441, -0.00306499423459, 0.0125713543966, -0.00408099964261], [0.00017429923173, -0.000611938245129, 0.0014110377524, -0.000214730505832, 0.000732962391339, -0.000643353094347, 0.000727077829652, -0.00302649033256, 0.00111914728768, 0.00113873160444, -0.000229925950407, -0.00408099964261, 0.0132012981921]], "mean": [-109.892181396, 122.049751282, -141.632980347, 23.8113670349, -41.1787796021, -0.150789156556, -33.4541320801, 14.7984991074, -14.8946895599, -2.63159370422, -8.12261581421, -4.52479839325, -3.06620836258]}, "hfc": {"dmean": 3.50529789925, "dmean2": 4.62364625931, "dvar": 48.9725189209, "dvar2": 84.5749053955, "max": 165.471832275, "mean": 12.8121833801, "median": 4.87505483627, "min": 1.2177209024e-16, "var": 406.465637207}, "melbands": {"dmean": [0.000206215132494, 0.000310734933009, 0.00016901937488, 9.78315729299e-05, 8.10648853076e-05, 0.000104767648736, 8.32083824207e-05, 7.65331205912e-05, 0.000102986065031, 0.000134459027322, 0.000148784485646, 0.000102787154901, 6.84074911987e-05, 4.76978784718e-05, 4.02926380048e-05, 2.47825319093e-05, 3.1203358958e-05, 2.28340832109e-05, 2.74221511063e-05, 3.03508186335e-05, 1.20214290291e-05, 9.49450350163e-06, 8.04097726359e-06, 8.30580393085e-06, 5.95887422605e-06, 3.81613972422e-06, 2.39594191953e-06, 1.40422343975e-06, 6.55116139114e-07, 4.25289783834e-07, 3.80700498681e-07, 2.85340377104e-07, 2.32241362141e-07, 2.1210773582e-07, 1.32073026293e-07, 1.08672935539e-07, 9.64148796356e-08, 8.65661107241e-08, 7.67893766351e-08, 4.91416685122e-08], "dmean2": [0.000336789817084, 0.000504381023347, 0.000281077256659, 0.00016146125563, 0.000128181913169, 0.000163220916875, 0.000124787577079, 0.000112956084195, 0.000147385013406, 0.000201828690479, 0.000207091259654, 0.000133600246045, 9.77327945293e-05, 6.48967325105e-05, 5.60981134186e-05, 3.54001458618e-05, 4.57980677311e-05, 3.34840660798e-05, 4.2580999434e-05, 4.68528451165e-05, 1.89461989066e-05, 1.44592986544e-05, 1.23869522213e-05, 1.24814687297e-05, 9.12577343115e-06, 5.684828011e-06, 3.63542494597e-06, 2.1242992716e-06, 1.00685531379e-06, 6.60841010358e-07, 5.81140454869e-07, 4.35896481576e-07, 3.55600434432e-07, 3.31084294203e-07, 1.88431116044e-07, 1.55725004447e-07, 1.38248381631e-07, 1.28878596684e-07, 1.13082997188e-07, 7.31963964995e-08], "dvar": [1.67102299997e-07, 4.10116598459e-07, 1.26831281477e-07, 4.25237693946e-08, 2.84702519338e-08, 6.49557776455e-08, 7.1838158533e-08, 6.36717913949e-08, 1.27085229451e-07, 3.354267335e-07, 5.37633638942e-07, 2.01320318638e-07, 9.31446066943e-08, 3.80108815534e-08, 4.79362540773e-08, 2.38532500418e-08, 2.90696728911e-08, 1.27514834247e-08, 1.40498084278e-08, 1.75116880996e-08, 1.5398248232e-09, 4.29431878946e-10, 4.0114733757e-10, 6.02780658721e-10, 4.4969611368e-10, 1.91628504731e-10, 4.45825806827e-11, 1.22986135165e-11, 3.46769553176e-12, 1.52224641312e-12, 1.57117201194e-12, 1.4051332797e-12, 2.09093875027e-12, 4.81392096324e-12, 5.71945648394e-13, 3.37825552038e-13, 6.81966202259e-13, 5.49899372999e-13, 2.51487253331e-13, 8.50050146375e-14], "dvar2": [4.45341584054e-07, 9.43582847412e-07, 3.24617531078e-07, 1.01531874463e-07, 5.88095083742e-08, 1.42466078046e-07, 1.40657448355e-07, 1.3410090105e-07, 2.17059735519e-07, 7.30120916614e-07, 9.56255689744e-07, 2.84084876512e-07, 1.75216072762e-07, 5.63869022585e-08, 6.79487470734e-08, 4.29226112431e-08, 6.37831050199e-08, 2.43013040802e-08, 3.41486838806e-08, 3.67903076892e-08, 3.77627173975e-09, 9.42919631264e-10, 8.7690288364e-10, 1.34045496925e-09, 1.0953848939e-09, 4.39785152739e-10, 9.41893438244e-11, 2.69360662247e-11, 8.30454715411e-12, 3.63513646268e-12, 3.7051989081e-12, 3.06067692891e-12, 5.38912274181e-12, 1.40954982061e-11, 1.08219856687e-12, 6.61039040346e-13, 1.55568266602e-12, 1.36263428926e-12, 5.84093320585e-13, 1.95761186124e-13], "max": [0.00495763029903, 0.00796722434461, 0.00716115627438, 0.00669358670712, 0.00450261682272, 0.00684656389058, 0.00889862980694, 0.00992832425982, 0.0135013237596, 0.0195927061141, 0.028372220695, 0.0205084346235, 0.0145246516913, 0.00997271668166, 0.0136389387771, 0.00923689734191, 0.00681764772162, 0.00598890660331, 0.00441123778, 0.00543756969273, 0.00102187227458, 0.000479847221868, 0.000616276811343, 0.000811173056718, 0.000835330458358, 0.000721782504115, 0.000203793271794, 9.4589573564e-05, 5.27887023054e-05, 4.14271344198e-05, 3.43263127434e-05, 5.41879344382e-05, 9.89577602013e-05, 0.000158994880621, 5.31520163349e-05, 3.66210915672e-05, 5.50655931875e-05, 4.71483181173e-05, 2.50397024502e-05, 1.28871142806e-05], "mean": [0.000292553100735, 0.000460735347588, 0.000244957249379, 0.000165256758919, 0.000150803738507, 0.000185733078979, 0.000147473241668, 0.000132390181534, 0.000174631961272, 0.000221333553782, 0.000331087387167, 0.000194054882741, 0.00014924404968, 9.89977706922e-05, 6.37830089545e-05, 3.77267642762e-05, 4.64697295683e-05, 3.38207391906e-05, 4.33178247476e-05, 4.79619993712e-05, 1.85270710062e-05, 1.75391814992e-05, 1.4628797544e-05, 1.6099493223e-05, 1.05821127363e-05, 7.23548146198e-06, 4.26515680374e-06, 2.20415086005e-06, 1.08595190795e-06, 7.11590416813e-07, 6.27057545444e-07, 4.31311207194e-07, 3.347942652e-07, 2.84925505412e-07, 2.20012665864e-07, 1.85971885003e-07, 1.52602069647e-07, 1.36184752364e-07, 1.20109518775e-07, 7.76409905257e-08], "median": [0.000109053376946, 0.00015715516929, 7.07521685399e-05, 5.7324894442e-05, 4.79245172755e-05, 6.21689978288e-05, 4.17723713326e-05, 3.33931602654e-05, 2.83551835309e-05, 2.27884211199e-05, 1.17186591524e-05, 8.92925891094e-06, 8.11253357824e-06, 7.37591471989e-06, 7.72687508288e-06, 3.4407264593e-06, 3.62383275387e-06, 5.11626240041e-06, 7.02058241586e-06, 8.51026743476e-06, 4.33511013398e-06, 5.01605063619e-06, 4.1741500354e-06, 2.97607971333e-06, 2.40813415076e-06, 1.54681595177e-06, 7.80839229719e-07, 4.55404034483e-07, 2.59939014313e-07, 1.39534719779e-07, 9.85934178743e-08, 5.97886469222e-08, 4.09077465235e-08, 2.69418247711e-08, 2.07032950783e-08, 1.66554023906e-08, 1.52955639265e-08, 1.51846553109e-08, 1.28702168922e-08, 7.32865368391e-09], "min": [1.01240767745e-23, 1.84818371843e-23, 2.38930301414e-23, 2.10648139126e-23, 8.72940461513e-24, 3.89122799225e-24, 5.67609797108e-24, 1.22227118397e-23, 2.39175305834e-23, 1.13583490572e-23, 7.05293240771e-24, 1.18592978202e-23, 8.84472187997e-24, 9.97192680517e-24, 1.08062205765e-23, 9.34463802397e-24, 6.40635637181e-24, 1.72906635283e-23, 1.75788107512e-23, 6.29243854621e-24, 1.13074864615e-23, 9.81433527327e-24, 1.0285499015e-23, 8.7831820519e-24, 8.00905627952e-24, 9.19170787116e-24, 7.59054663664e-24, 8.2042804209e-24, 9.38265086441e-24, 8.92148199036e-24, 8.42351354394e-24, 1.20136313565e-23, 1.46981731375e-23, 1.26224757809e-23, 1.50643639474e-23, 1.11972605049e-23, 9.80321627881e-24, 9.98811423094e-24, 7.31281789977e-24, 1.01363080629e-23], "var": [2.37551518012e-07, 7.16686258784e-07, 2.17565514049e-07, 1.44608236496e-07, 9.13757602916e-08, 1.52168439627e-07, 1.57902235287e-07, 1.92646623987e-07, 3.48077577428e-07, 7.54759923893e-07, 2.47128878073e-06, 7.818434824e-07, 5.9291363641e-07, 2.19765794895e-07, 1.3375539254e-07, 5.26127053035e-08, 4.89150728811e-08, 3.00337141823e-08, 2.64143658057e-08, 3.61142724614e-08, 2.51355181113e-09, 1.31180011298e-09, 8.70133298747e-10, 1.73471703668e-09, 7.78024089598e-10, 3.83087589428e-10, 1.18784371228e-10, 2.62920848287e-11, 5.92843656111e-12, 3.03767904927e-12, 3.5944632687e-12, 3.33878606186e-12, 4.61581467492e-12, 6.57656481357e-12, 2.11436597397e-12, 1.23149212182e-12, 9.11750275973e-13, 6.93159451278e-13, 4.64952512255e-13, 1.69473999721e-13]}, "melbands_crest": {"dmean": 3.70440912247, "dmean2": 6.02181386948, "dvar": 10.6447410583, "dvar2": 27.0431728363, "max": 33.6996841431, "mean": 14.0593595505, "median": 13.2727031708, "min": 1.77058374882, "var": 32.0450439453}, "melbands_flatness_db": {"dmean": 0.0273525603116, "dmean2": 0.0410922765732, "dvar": 0.000743163749576, "dvar2": 0.00153884186875, "max": 0.458405345678, "mean": 0.227902323008, "median": 0.226457268, "min": 0.00526755815372, "var": 0.00479369284585}, "melbands_kurtosis": {"dmean": 5.15491867065, "dmean2": 8.2789516449, "dvar": 114.730102539, "dvar2": 277.247894287, "max": 229.329330444, "mean": 8.01966762543, "median": 3.5333442688, "min": -1.83018541336, "var": 211.967315674}, "melbands_skewness": {"dmean": 0.667083799839, "dmean2": 1.03012633324, "dvar": 0.559576511383, "dvar2": 1.29837703705, "max": 12.7023296356, "mean": 1.79252064228, "median": 1.54333102703, "min": -2.75914931297, "var": 2.6103758812}, "melbands_spread": {"dmean": 6.85192251205, "dmean2": 10.5567464828, "dvar": 68.9061203003, "dvar2": 147.019363403, "max": 206.379867554, "mean": 24.58344841, "median": 19.6831741333, "min": 0.77240139246, "var": 386.045837402}, "mfcc": {"cov": [[11262.375, 608.029541016, -1209.48083496, 101.394699097, -308.386901855, -197.337875366, 14.0437259674, 88.5220870972, -144.759872437, 67.1728820801, -37.2697486877, -178.915786743, -120.603172302], [608.029541016, 1841.62744141, -173.593338013, 217.194366455, 181.129425049, -73.1663665771, 49.0900688171, -20.3319320679, 39.8953666687, -11.0105495453, 18.2338066101, 58.5582504272, 12.6540651321], [-1209.48083496, -173.593338013, 676.200927734, 49.9005622864, 112.716140747, 82.8420181274, -60.5783462524, 0.028615500778, 9.43560791016, -14.799161911, -5.23499202728, 42.802947998, 18.3313846588], [101.394699097, 217.194366455, 49.9005622864, 473.517059326, 118.239822388, 45.7548980713, -74.708366394, 5.81880712509, 44.9367599487, -23.1419200897, -29.5992717743, 56.7834777832, 43.4885444641], [-308.386901855, 181.129425049, 112.716140747, 118.239822388, 264.24597168, 5.22891426086, -12.0922880173, 22.3421611786, 11.323474884, 9.85616493225, -20.9424057007, 38.3758354187, 16.9231357574], [-197.337875366, -73.1663665771, 82.8420181274, 45.7548980713, 5.22891426086, 255.760513306, 101.325592041, 20.1057701111, 19.353433609, 1.49024021626, 17.4265022278, 5.11474657059, 6.63791656494], [14.0437259674, 49.0900688171, -60.5783462524, -74.708366394, -12.0922880173, 101.325592041, 285.832672119, 61.64427948, 10.7441797256, 8.47245025635, 22.2895336151, -31.9944114685, -29.8945655823], [88.5220870972, -20.3319320679, 0.028615500778, 5.81880712509, 22.3421611786, 20.1057701111, 61.64427948, 140.945587158, 30.1820278168, 13.0381498337, -2.36664795876, -7.33631324768, -2.55436420441], [-144.759872437, 39.8953666687, 9.43560791016, 44.9367599487, 11.323474884, 19.353433609, 10.7441797256, 30.1820278168, 140.979644775, 35.3882141113, 4.10075569153, -5.37290048599, 6.13752222061], [67.1728820801, -11.0105495453, -14.799161911, -23.1419200897, 9.85616493225, 1.49024021626, 8.47245025635, 13.0381498337, 35.3882141113, 109.796234131, 32.4684638977, -1.22754871845, -8.41356086731], [-37.2697486877, 18.2338066101, -5.23499202728, -29.5992717743, -20.9424057007, 17.4265022278, 22.2895336151, -2.36664795876, 4.10075569153, 32.4684638977, 98.178565979, 16.9861927032, -4.14179563522], [-178.915786743, 58.5582504272, 42.802947998, 56.7834777832, 38.3758354187, 5.11474657059, -31.9944114685, -7.33631324768, -5.37290048599, -1.22754871845, 16.9861927032, 101.715179443, 41.9143066406], [-120.603172302, 12.6540651321, 18.3313846588, 43.4885444641, 16.9231357574, 6.63791656494, -29.8945655823, -2.55436420441, 6.13752222061, -8.41356086731, -4.14179563522, 41.9143066406, 99.3413543701]], "icov": [[0.000123093908769, -3.91936519009e-05, 0.000185681084986, -9.38592129387e-05, 0.000124906524434, -2.00526551453e-06, 6.954503624e-05, -0.000150170410052, 0.000210844926187, -0.000151941159857, 6.23226660537e-05, 0.000146575504914, 7.20394746168e-05], [-3.91936519009e-05, 0.000698322372045, 0.000166841229657, -0.000238300941419, -0.00052448787028, 0.000330720184138, -0.000358638411853, 0.000345867389115, -0.000299992243527, 0.000287042756099, -0.000316325196764, -0.000299559731502, 6.12655057921e-05], [0.000185681084986, 0.000166841229657, 0.0021499353461, 4.73037762276e-05, -0.000766032142565, -0.000767804624047, 0.000714072957635, -0.000222838410991, 5.33975289727e-05, 0.00027419012622, -5.79807965551e-05, -0.000277228537016, 0.000312165124342], [-9.38592129387e-05, -0.000238300941419, 4.73037762276e-05, 0.00309738190845, -0.00104181934148, -0.0010208793683, 0.00103588029742, -0.000139315481647, -0.00111211021431, 0.000888059556019, 0.000587010465097, -0.00104540365282, -0.000284950103378], [0.000124906524434, -0.00052448787028, -0.000766032142565, -0.00104181934148, 0.00544910319149, 0.000304841116304, -0.000237430256675, -0.000949565670453, 0.000687344872858, -0.00150921102613, 0.00159332132898, -0.00108908710536, 0.000127026039991], [-2.00526551453e-06, 0.000330720184138, -0.000767804624047, -0.0010208793683, 0.000304841116304, 0.00548451580107, -0.00250584585592, 0.000400492746849, -0.000361224490916, 5.21697875229e-05, -0.00074895407306, -0.000106323343061, -0.000577782513574], [6.954503624e-05, -0.000358638411853, 0.000714072957635, 0.00103588029742, -0.000237430256675, -0.00250584585592, 0.00558392237872, -0.00219052052125, 0.000123705904116, 0.000386541214539, -0.000751255720388, 0.00101183354855, 0.000943645369262], [-0.000150170410052, 0.000345867389115, -0.000222838410991, -0.000139315481647, -0.000949565670453, 0.000400492746849, -0.00219052052125, 0.0087066590786, -0.00179835269228, -0.000287847477011, 0.000427390856203, -6.36882978142e-05, -0.000293154473184], [0.000210844926187, -0.000299992243527, 5.33975289727e-05, -0.00111211021431, 0.000687344872858, -0.000361224490916, 0.000123705904116, -0.00179835269228, 0.00902500748634, -0.00329848565161, 0.000361463986337, 0.00151241966523, -0.000790788326412], [-0.000151941159857, 0.000287042756099, 0.00027419012622, 0.000888059556019, -0.00150921102613, 5.21697875229e-05, 0.000386541214539, -0.000287847477011, -0.00329848565161, 0.0119002154097, -0.00401044730097, -5.39820466656e-05, 0.000769375823438], [6.23226660537e-05, -0.000316325196764, -5.79807965551e-05, 0.000587010465097, 0.00159332132898, -0.00074895407306, -0.000751255720388, 0.000427390856203, 0.000361463986337, -0.00401044730097, 0.0130439661443, -0.00342500512488, 0.00106014264748], [0.000146575504914, -0.000299559731502, -0.000277228537016, -0.00104540365282, -0.00108908710536, -0.000106323343061, 0.00101183354855, -6.36882978142e-05, 0.00151241966523, -5.39820466656e-05, -0.00342500512488, 0.0144520858303, -0.00511807156727], [7.20394746168e-05, 6.12655057921e-05, 0.000312165124342, -0.000284950103378, 0.000127026039991, -0.000577782513574, 0.000943645369262, -0.000293154473184, -0.000790788326412, 0.000769375823438, 0.00106014264748, -0.00511807156727, 0.0128241376951]], "mean": [-736.11541748, 148.987945557, -30.139213562, 25.7164573669, 9.80918598175, -8.78546047211, -0.807944476604, 3.93237662315, 2.91157603264, 2.48451542854, -0.920766413212, 0.892352879047, 1.79777228832]}, "pitch_salience": {"dmean": 0.0757273957133, "dmean2": 0.122870586812, "dvar": 0.00466980738565, "dvar2": 0.0123498030007, "max": 0.974856138229, "mean": 0.532850265503, "median": 0.536207854748, "min": 0.108457788825, "var": 0.0137542337179}, "silence_rate_20dB": {"dmean": 0, "dmean2": 0, "dvar": 0, "dvar2": 0, "max": 1, "mean": 1, "median": 1, "min": 1, "var": 0}, "silence_rate_30dB": {"dmean": 0.00244964612648, "dmean2": 0.00489995907992, "dvar": 0.00244344002567, "dvar2": 0.00542028900236, "max": 1, "mean": 0.994284927845, "median": 1, "min": 0, "var": 0.00568287353963}, "silence_rate_60dB": {"dmean": 0.066412627697, "dmean2": 0.132843330503, "dvar": 0.0620095208287, "dvar2": 0.133428782225, "max": 1, "mean": 0.24370662868, "median": 0, "min": 0, "var": 0.184316515923}, "spectral_centroid": {"dmean": 218.452713013, "dmean2": 323.804779053, "dvar": 58902.65625, "dvar2": 106393.515625, "max": 11231.2714844, "mean": 1329.21032715, "median": 1234.69348145, "min": 196.581787109, "var": 449097.15625}, "spectral_complexity": {"dmean": 2.40092539787, "dmean2": 3.61970877647, "dvar": 8.15466880798, "dvar2": 15.0775966644, "max": 48, "mean": 11.3292961121, "median": 10, "min": 0, "var": 50.8134346008}, "spectral_contrast_coeffs": {"dmean": [0.0501786991954, 0.0451675280929, 0.0410170666873, 0.0324460528791, 0.025139035657, 0.0188293401152], "dmean2": [0.082667991519, 0.0735609382391, 0.0643517002463, 0.0513033866882, 0.0384701825678, 0.027316968888], "dvar": [0.00169158203062, 0.00138662965037, 0.00125966907945, 0.00073083373718, 0.000498659966979, 0.000306246773107], "dvar2": [0.00451769353822, 0.00348578696139, 0.00273812143132, 0.00167083728593, 0.00105308974162, 0.000588825263549], "max": [-0.381289482117, -0.427343398333, -0.370137989521, -0.438961386681, -0.533559143543, -0.598651051521], "mean": [-0.6926253438, -0.733868002892, -0.74100703001, -0.754419922829, -0.76250487566, -0.781394898891], "median": [-0.699599921703, -0.74268913269, -0.765557169914, -0.762348353863, -0.766475081444, -0.781531453133], "min": [-0.975764036179, -0.966272175312, -0.968533694744, -0.960562467575, -0.961745977402, -0.958827853203], "var": [0.00715000648052, 0.00711689097807, 0.0109484177083, 0.00488883722574, 0.00410157209262, 0.00252847140655]}, "spectral_contrast_valleys": {"dmean": [0.396342694759, 0.349112063646, 0.318383336067, 0.278979420662, 0.297925889492, 0.332091748714], "dmean2": [0.643781065941, 0.56698435545, 0.504323542118, 0.423843801022, 0.409330695868, 0.439663827419], "dvar": [0.110528901219, 0.10389816016, 0.0935122817755, 0.0886272192001, 0.121478036046, 0.170829921961], "dvar2": [0.254850119352, 0.218240320683, 0.177030101418, 0.15110257268, 0.193289160728, 0.304363787174], "max": [-5.99708032608, -5.32767915726, -5.56393146515, -5.86265516281, -5.84450006485, -7.73121929169], "mean": [-8.26655292511, -7.49548816681, -8.20962238312, -8.47111129761, -8.56763076782, -11.8029699326], "median": [-7.95588588715, -7.20691728592, -7.95612382889, -8.26232624054, -8.33773231506, -11.6834478378], "min": [-27.4644985199, -27.7920017242, -27.1980762482, -27.2363910675, -27.2288455963, -27.2836494446], "var": [3.76193881035, 2.84156155586, 2.47711753845, 2.39519619942, 2.25106096268, 1.77490019798]}, "spectral_decrease": {"dmean": 9.67232072213e-10, "dmean2": 1.35024735837e-09, "dvar": 2.29807400498e-18, "dvar2": 4.09223040796e-18, "max": 7.90354428285e-19, "mean": -3.39707351138e-09, "median": -1.924963966e-09, "min": -4.46716796887e-08, "var": 1.89075604385e-17}, "spectral_energy": {"dmean": 0.00391466030851, "dmean2": 0.00542624341324, "dvar": 3.88159241993e-05, "dvar2": 6.82135432726e-05, "max": 0.183429419994, "mean": 0.0139834312722, "median": 0.00778027577326, "min": 1.09582916535e-20, "var": 0.000328057562001}, "spectral_energyband_high": {"dmean": 5.97449397901e-05, "dmean2": 8.60870277393e-05, "dvar": 4.38131415592e-08, "dvar2": 9.70778373244e-08, "max": 0.0117477355525, "mean": 0.000117222843983, "median": 2.64144237008e-05, "min": 8.01536236418e-21, "var": 1.27770476865e-07}, "spectral_energyband_low": {"dmean": 0.00141141738277, "dmean2": 0.00227085314691, "dvar": 6.14962527834e-06, "dvar2": 1.49278002937e-05, "max": 0.026022605598, "mean": 0.00234838924371, "median": 0.000956757576205, "min": 1.32906654223e-22, "var": 1.20741224237e-05}, "spectral_energyband_middle_high": {"dmean": 0.00199551391415, "dmean2": 0.00262465211563, "dvar": 2.40127028519e-05, "dvar2": 3.9044618461e-05, "max": 0.181359186769, "mean": 0.00649218540639, "median": 0.00129804934841, "min": 1.44810254787e-21, "var": 0.000209368401556}, "spectral_energyband_middle_low": {"dmean": 0.00227418052964, "dmean2": 0.00336600560695, "dvar": 2.47741227213e-05, "dvar2": 5.08492448716e-05, "max": 0.14445053041, "mean": 0.00570861902088, "median": 0.00288136512972, "min": 3.94002523968e-22, "var": 8.91581803444e-05}, "spectral_entropy": {"dmean": 0.177964732051, "dmean2": 0.256980270147, "dvar": 0.0325743108988, "dvar2": 0.0626502633095, "max": 9.80529499054, "mean": 7.19814252853, "median": 7.17921161652, "min": 5.78536128998, "var": 0.204731449485}, "spectral_flux": {"dmean": 0.018889086321, "dmean2": 0.0297229941934, "dvar": 0.000563969137147, "dvar2": 0.00137721921783, "max": 0.345100671053, "mean": 0.0593030042946, "median": 0.0488123185933, "min": 1.04681860402e-10, "var": 0.00201245467179}, "spectral_kurtosis": {"dmean": 3.23149347305, "dmean2": 5.55441904068, "dvar": 10.3359375, "dvar2": 29.7858543396, "max": 41.7925338745, "mean": 8.18002891541, "median": 7.29095649719, "min": -1.19708192348, "var": 21.7730903625}, "spectral_rms": {"dmean": 0.000501961214468, "dmean2": 0.000692433502991, "dvar": 3.20849977697e-07, "dvar2": 5.33765387445e-07, "max": 0.0133774261922, "mean": 0.00312255322933, "median": 0.00275508849882, "min": 3.26971197513e-12, "var": 3.89197975892e-06}, "spectral_rolloff": {"dmean": 362.596557617, "dmean2": 602.429077148, "dvar": 350463.59375, "dvar2": 717596.9375, "max": 19272.2167969, "mean": 1637.08947754, "median": 1205.859375, "min": 86.1328125, "var": 5211937}, "spectral_skewness": {"dmean": 0.320203274488, "dmean2": 0.527854382992, "dvar": 0.0867024883628, "dvar2": 0.222834408283, "max": 4.50845718384, "mean": 1.81389272213, "median": 1.74700546265, "min": -0.0330551043153, "var": 0.310681253672}, "spectral_spread": {"dmean": 381036.59375, "dmean2": 570680.5