{"lowlevel": {"average_loudness": 0.897811770439, "barkbands": {"dmean": [7.05989464223e-07, 0.000456141220639, 0.000453889661003, 0.000310604198603, 0.0012766267173, 0.000867247988936, 0.000520910776686, 0.00106402789243, 0.000736722606234, 0.000507647288032, 0.000450736988569, 0.000266494200332, 0.000267343973974, 0.000197715795366, 0.00026529977913, 0.000192365667317, 0.00014218139404, 0.000140120377182, 0.000107064443, 9.93520880002e-05, 1.73548651219e-05, 9.35270963964e-06, 4.20523429057e-06, 1.51298513629e-06, 2.91391927476e-07, 3.60152596635e-09, 7.77878317315e-10], "dmean2": [1.25210135593e-06, 0.000702600984368, 0.000691043271217, 0.000506536278408, 0.0019378522411, 0.00124696153216, 0.000778397137765, 0.00159030221403, 0.00108847662341, 0.000675735063851, 0.000586253183428, 0.000364511506632, 0.00034653689363, 0.000277387851384, 0.000381062738597, 0.00026097393129, 0.000195010303287, 0.000199374379008, 0.000143864846905, 0.000137581999297, 2.44664752245e-05, 1.34726915348e-05, 6.36913819108e-06, 2.26776137424e-06, 4.43165504294e-07, 6.07611072567e-09, 1.44123268875e-09], "dvar": [1.68009681688e-12, 8.58836585849e-07, 1.91989670384e-06, 5.72998203552e-07, 4.05968376072e-06, 1.66772645116e-06, 1.16062517463e-06, 7.79879428592e-06, 3.86497322324e-06, 3.25067549056e-06, 4.01028637498e-06, 7.95292692146e-07, 9.98398377305e-07, 3.83813187455e-07, 6.12425480995e-07, 4.02488353757e-07, 2.29976407695e-07, 1.17038993608e-07, 6.40727435552e-08, 5.43331211134e-08, 1.50345391692e-09, 3.55598300805e-10, 9.42935174386e-11, 2.21052082888e-11, 1.08116206959e-12, 9.7823100542e-17, 1.45497885103e-18], "dvar2": [3.71436605431e-12, 2.26756469601e-06, 4.14688247474e-06, 1.30705120682e-06, 9.6768626463e-06, 3.69592316929e-06, 2.34271601585e-06, 1.74655433511e-05, 8.60721866047e-06, 5.78722938371e-06, 6.32438059256e-06, 1.33766138788e-06, 1.32657714857e-06, 6.91990237556e-07, 1.13065425467e-06, 7.58453950311e-07, 3.72195131604e-07, 2.29442505884e-07, 9.65584163737e-08, 9.63526005648e-08, 2.47279574594e-09, 7.16021575364e-10, 2.04100764067e-10, 4.51345696928e-11, 2.54928348396e-12, 2.22592079377e-16, 4.71234248419e-18], "max": [6.9351066486e-05, 0.0175929516554, 0.0258496440947, 0.0202077738941, 0.0309595633298, 0.0222373045981, 0.0311352834105, 0.0501848757267, 0.0485664084554, 0.0385403707623, 0.0558202080429, 0.0250200890005, 0.0377347841859, 0.0176409967244, 0.0230220071971, 0.0202204156667, 0.0205708872527, 0.0108121819794, 0.00866459030658, 0.0074935038574, 0.0013745961478, 0.000583198736422, 0.000486890756292, 0.000132102853968, 2.61317782133e-05, 3.1902644082e-07, 1.38081697187e-08], "mean": [7.71114798681e-07, 0.00116214738227, 0.000641360471491, 0.000424717320129, 0.00302370917052, 0.00218531256542, 0.000994436210021, 0.00212398637086, 0.00146944494918, 0.00115012947936, 0.00118595932145, 0.000646922853775, 0.000644324172754, 0.000388004671549, 0.000530852354132, 0.00038154705544, 0.000376498530386, 0.000409542320995, 0.000287348229904, 0.000264528032858, 4.32706729043e-05, 2.4577786462e-05, 9.76778483164e-06, 3.14326712214e-06, 5.55338772301e-07, 4.63326887967e-09, 6.24644280744e-10], "median": [4.49305161965e-07, 0.000255085440585, 0.000144369085319, 0.000154790643137, 0.00210388726555, 0.00136203062721, 0.000413926958572, 0.000517953070812, 0.000222362956265, 0.000124231839436, 5.65938935324e-05, 6.48085188004e-05, 5.93179356656e-05, 6.12809017184e-05, 6.47585402476e-05, 4.66498131573e-05, 7.35791836632e-05, 0.000110525201308, 6.90483138897e-05, 7.73135107011e-05, 1.8545822968e-05, 1.0717254554e-05, 6.2485514718e-06, 1.60943727678e-06, 2.4533963483e-07, 1.15956200197e-09, 2.53183807253e-10], "min": [3.19546253461e-24, 5.67185468828e-24, 2.58466567949e-24, 7.63421560977e-24, 6.45206494481e-24, 2.83239340505e-23, 1.41987673865e-23, 3.58631376752e-23, 2.76741272348e-23, 1.31354846493e-23, 4.2193329921e-23, 7.18932866703e-23, 5.09100504416e-23, 4.78707334569e-23, 6.09192974674e-23, 8.86471524407e-23, 1.2424237402e-22, 1.38488204848e-22, 1.7761181824e-22, 1.85089967186e-22, 3.67566469748e-22, 4.35312531624e-22, 3.77299044322e-22, 7.38378755022e-22, 8.23851543802e-22, 1.37939516116e-21, 2.49870704706e-21], "var": [2.72054904646e-12, 4.18607351094e-06, 3.39600910593e-06, 8.41365704218e-07, 1.00535271486e-05, 6.4829105213e-06, 3.70007387573e-06, 1.96199725906e-05, 1.04368109533e-05, 1.32853947434e-05, 2.24479481403e-05, 4.29955298387e-06, 6.27008239462e-06, 1.49617142142e-06, 2.23939605348e-06, 1.42418423366e-06, 1.41947896282e-06, 9.51049969444e-07, 3.70831486407e-07, 2.64881748535e-07, 6.21875351214e-09, 1.45024703357e-09, 1.92982713143e-10, 5.07076915179e-11, 1.61246591166e-12, 1.35415051398e-16, 1.10550072909e-18]}, "barkbands_crest": {"dmean": 2.32084774971, "dmean2": 3.62466073036, "dvar": 5.01553583145, "dvar2": 12.3674182892, "max": 26.0031642914, "mean": 11.3116931915, "median": 10.5045976639, "min": 3.02588534355, "var": 17.2485160828}, "barkbands_flatness_db": {"dmean": 0.018720081076, "dmean2": 0.029544910416, "dvar": 0.000278395222267, "dvar2": 0.000653027265798, "max": 0.382896393538, "mean": 0.223481982946, "median": 0.22279292345, "min": 0.0345692262053, "var": 0.00135294848587}, "barkbands_kurtosis": {"dmean": 2.79201483727, "dmean2": 4.2299695015, "dvar": 22.2591266632, "dvar2": 49.4767990112, "max": 119.406608582, "mean": 6.05472707748, "median": 3.38450217247, "min": -1.89901912212, "var": 82.7188720703}, "barkbands_skewness": {"dmean": 0.463341087103, "dmean2": 0.67123824358, "dvar": 0.284160584211, "dvar2": 0.596576571465, "max": 9.98789978027, "mean": 1.74182784557, "median": 1.60853719711, "min": -2.18541002274, "var": 1.86076653004}, "barkbands_spread": {"dmean": 3.22728776932, "dmean2": 4.85376596451, "dvar": 23.9575805664, "dvar2": 56.397983551, "max": 120.712005615, "mean": 14.3646774292, "median": 11.8381938934, "min": 1.52672851086, "var": 91.3581314087}, "dissonance": {"dmean": 0.0218923855573, "dmean2": 0.0364112891257, "dvar": 0.000491429469548, "dvar2": 0.00133294227999, "max": 0.499999910593, "mean": 0.445274144411, "median": 0.452281236649, "min": 0.20081076026, "var": 0.00125899817795}, "dynamic_complexity": 3.48165655136, "erbbands": {"dmean": [0.00544681679457, 0.129169538617, 0.496721625328, 0.676843464375, 2.83488821983, 4.15034389496, 8.82103347778, 5.94665956497, 4.67228841782, 16.24426651, 21.5452575684, 16.5703163147, 13.1933755875, 18.2000656128, 16.2763538361, 10.1817779541, 11.771273613, 10.295668602, 12.498415947, 10.8066139221, 8.11149978638, 5.88732051849, 6.96275854111, 4.86488962173, 5.9193687439, 4.60396289825, 1.17779254913, 0.448813647032, 0.338531255722, 0.229212269187, 0.0995506346226, 0.0439926609397, 0.020449411124, 0.00570522621274, 0.000701032055076, 5.014297858e-05, 3.84967734135e-06, 9.30342764605e-07, 1.93703363038e-06, 4.32597835243e-06], "dmean2": [0.00780910206959, 0.198971018195, 0.751516461372, 1.08500897884, 4.46867275238, 6.18522882462, 12.2617101669, 9.00743103027, 7.04598474503, 23.9880580902, 32.1575317383, 24.7259559631, 18.8103694916, 23.6263656616, 19.7372741699, 13.253786087, 14.8479547501, 14.1315946579, 17.2721939087, 14.9869146347, 10.6714887619, 7.90907716751, 9.72225761414, 6.56119537354, 7.85740280151, 6.33278942108, 1.6198117733, 0.643237948418, 0.481508076191, 0.333042770624, 0.151207983494, 0.0656576454639, 0.0305026583374, 0.00853226706386, 0.0010474966839, 7.79953843448e-05, 6.00227167524e-06, 1.38365555813e-06, 2.63748393081e-06, 6.00598741585e-06], "dvar": [8.49312200444e-05, 0.0719725340605, 2.01552844048, 2.43825411797, 40.7054862976, 42.7582244873, 190.73348999, 89.1188354492, 101.641738892, 1404.95397949, 4019.7980957, 2225.23461914, 1629.23144531, 6312.58886719, 4730.25048828, 908.352050781, 2338.75805664, 973.89831543, 1450.71240234, 1198.79492188, 766.5859375, 330.677764893, 326.550048828, 102.86743927, 209.274200439, 126.698654175, 6.92611455917, 0.708199083805, 0.489093512297, 0.230813384056, 0.061690878123, 0.0140613922849, 0.00545649277046, 0.000423737103119, 7.30445481167e-06, 2.56577106228e-08, 4.66136747257e-11, 1.52498890252e-12, 5.38073578749e-12, 2.65509506742e-11], "dvar2": [0.000166335448739, 0.186912938952, 4.21301174164, 5.93822622299, 101.057655334, 93.181602478, 381.23425293, 212.180358887, 229.675323486, 2813.0612793, 8801.45214844, 5111.06982422, 3607.56762695, 11010.4541016, 6958.49267578, 1472.36462402, 3126.63037109, 1730.81945801, 2499.12963867, 2471.90991211, 1303.27868652, 559.03527832, 573.705688477, 165.974746704, 324.997314453, 236.199081421, 11.7449645996, 1.31585144997, 0.955592751503, 0.488765120506, 0.132670655847, 0.0289060454816, 0.0108320340514, 0.000949126086198, 1.71714291355e-05, 5.31776720436e-08, 1.08392232689e-10, 3.17374186827e-12, 9.40153597334e-12, 5.0086827047e-11], "max": [0.244654029608, 4.83760118484, 27.7922687531, 35.5214996338, 105.273406982, 116.843925476, 293.010375977, 164.205245972, 321.103302002, 936.957519531, 1397.55163574, 1060.88269043, 1309.28515625, 2978.09130859, 2247.08129883, 1099.36694336, 2035.92956543, 747.828552246, 1274.36108398, 830.970458984, 902.295959473, 645.707397461, 627.522094727, 303.735473633, 520.374328613, 345.693603516, 96.3718109131, 26.0169448853, 19.5243778229, 22.3466110229, 12.6807384491, 3.94340109825, 2.24824738503, 0.558605015278, 0.107195712626, 0.0068307374604, 0.000226943084272, 2.2788573915e-05, 4.68610232929e-05, 0.000101661498775], "mean": [0.016509141773, 0.321103692055, 0.809253275394, 1.07332468033, 4.49625253677, 10.1869850159, 22.5655174255, 13.1791744232, 10.3844833374, 30.2539958954, 47.2645950317, 35.2510147095, 29.5561943054, 43.7402992249, 50.1420326233, 30.2840023041, 30.2232875824, 22.584148407, 26.9849357605, 23.3203792572, 20.0257472992, 18.3954410553, 22.5305099487, 15.7606906891, 16.8957443237, 12.7543325424, 3.18239831924, 1.21559989452, 0.900494754314, 0.588329613209, 0.23310610652, 0.0944472029805, 0.0419435575604, 0.0117429411039, 0.00134140904993, 0.000103961625427, 1.42949847941e-05, 3.83054702979e-06, 1.02148260339e-05, 2.18522036448e-05], "median": [0.00369658181444, 0.0722769871354, 0.223619118333, 0.4277998209, 2.13776445389, 6.11819171906, 12.9534130096, 8.02638053894, 5.93354558945, 9.51751899719, 12.4666414261, 7.41297626495, 5.85326862335, 3.87087678909, 3.17836093903, 3.19750070572, 3.18686246872, 4.26211309433, 3.92671775818, 3.12251710892, 3.27971553802, 4.4390501976, 6.16874504089, 5.11944293976, 4.00613069534, 4.01246929169, 1.36149597168, 0.62551420927, 0.385486841202, 0.306655228138, 0.152988642454, 0.0540632009506, 0.0195880383253, 0.00554283335805, 0.000641425081994, 5.82198117627e-05, 1.05856579466e-05, 2.3206653168e-06, 8.35087666928e-06, 1.84651289601e-05], "min": [1.61029886282e-22, 1.00155436504e-21, 2.66493642285e-21, 1.66694244835e-20, 2.42567095716e-20, 2.76163585594e-20, 4.99870737162e-20, 2.26688304033e-19, 3.36658890394e-19, 4.96637430319e-19, 9.02991302103e-19, 6.1564891983e-19, 7.58360943347e-19, 7.22468335798e-19, 2.36706107486e-18, 2.82330432903e-18, 2.48219551714e-18, 4.10496113118e-18, 3.41897921522e-18, 4.78101460505e-18, 5.20937794348e-18, 6.95420998013e-18, 6.03705072849e-18, 7.31514941324e-18, 1.08642100176e-17, 9.95325668852e-18, 1.34317579595e-17, 1.43088531317e-17, 1.50881052452e-17, 1.3647920933e-17, 1.01641232246e-17, 1.48240394152e-17, 1.19930849063e-17, 9.57551638999e-18, 6.03545675145e-18, 4.56000063077e-18, 2.27300091984e-18, 1.07295820302e-18, 3.23346349013e-19, 3.56376743622e-20], "var": [0.000906386529095, 0.311354875565, 3.92038059235, 4.34520864487, 50.8544769287, 160.003250122, 906.395324707, 243.21270752, 302.554962158, 3889.5324707, 11981.9355469, 5706.61767578, 4732.00146484, 21775.03125, 37877.1953125, 7498.12646484, 13745.2695312, 3737.49267578, 6241.88232422, 4078.43432617, 3780.39379883, 2675.59326172, 2943.34155273, 734.607299805, 1175.67932129, 554.881225586, 30.5300865173, 3.0295586586, 2.12167811394, 0.70352101326, 0.117414832115, 0.0295951925218, 0.0123285669833, 0.000736640940886, 1.04463360913e-05, 4.04501321327e-08, 1.26000501699e-10, 1.30589879188e-11, 5.63647982454e-11, 2.41220099451e-10]}, "erbbands_crest": {"dmean": 2.78073620796, "dmean2": 4.27517318726, "dvar": 6.91037940979, "dvar2": 16.5213260651, "max": 29.3955631256, "mean": 11.601852417, "median": 10.6121311188, "min": 2.52427911758, "var": 23.8750629425}, "erbbands_flatness_db": {"dmean": 0.0141966603696, "dmean2": 0.01990711689, "dvar": 0.000192838910152, "dvar2": 0.000333534262609, "max": 0.391873389482, "mean": 0.241558149457, "median": 0.24107670784, "min": 0.034022744745, "var": 0.00225636828691}, "erbbands_kurtosis": {"dmean": 0.979328691959, "dmean2": 1.48948550224, "dvar": 1.5311473608, "dvar2": 3.41531944275, "max": 20.5815258026, "mean": 0.773639857769, "median": 0.133857369423, "min": -1.91201746464, "var": 5.52284765244}, "erbbands_skewness": {"dmean": 0.36629140377, "dmean2": 0.532538592815, "dvar": 0.126310437918, "dvar2": 0.271857708693, "max": 3.93337130547, "mean": 0.651699066162, "median": 0.749974608421, "min": -3.58000349998, "var": 0.912630856037}, "erbbands_spread": {"dmean": 6.29618644714, "dmean2": 9.25611877441, "dvar": 52.6853294373, "dvar2": 113.168983459, "max": 139.419815063, "mean": 34.4192390442, "median": 32.9069213867, "min": 4.39859771729, "var": 317.767059326}, "gfcc": {"cov": [[6996.85058594, 995.919921875, -1836.23266602, -492.879486084, -122.790420532, -155.406387329, 262.755615234, -266.113800049, 138.870498657, -204.452789307, 146.681396484, -225.922515869, 98.5057296753], [995.919921875, 704.560668945, 20.1970596313, -64.7081604004, 68.5483474731, -85.1949996948, 31.9622383118, -26.8462085724, 74.3436355591, -57.6658287048, 36.0034141541, -81.4690475464, -18.3949604034], [-1836.23266602, 20.1970596313, 1300.74890137, 600.028869629, -5.67729902267, 98.9464187622, -228.162826538, 130.942199707, -27.1940078735, 62.9094200134, -20.321308136, 84.4521713257, -45.0961303711], [-492.879486084, -64.7081604004, 600.028869629, 637.123046875, 94.3739089966, -76.7744140625, -227.531265259, 59.1588745117, 25.544626236, 7.00157880783, -37.5203971863, 83.1037750244, 21.5983161926], [-122.790420532, 68.5483474731, -5.67729902267, 94.3739089966, 294.84362793, -34.1827697754, -35.5628051758, 37.7897224426, 58.4000053406, 28.3150691986, -15.2819480896, 20.7753696442, 32.8128433228], [-155.406387329, -85.1949996948, 98.9464187622, -76.7744140625, -34.1827697754, 365.289489746, 163.297348022, 4.03301334381, -40.1858787537, 85.8688201904, 24.7621574402, -3.21458411217, -17.9222774506], [262.755615234, 31.9622383118, -228.162826538, -227.531265259, -35.5628051758, 163.297348022, 376.322692871, -19.9466171265, -44.5065116882, 30.1877841949, 30.148853302, -7.50045251846, -19.3369235992], [-266.113800049, -26.8462085724, 130.942199707, 59.1588745117, 37.7897224426, 4.03301334381, -19.9466171265, 168.051071167, 48.7909812927, 31.8571071625, -8.62968349457, 9.26020336151, 10.6376171112], [138.870498657, 74.3436355591, -27.1940078735, 25.544626236, 58.4000053406, -40.1858787537, -44.5065116882, 48.7909812927, 148.65284729, 32.4502410889, -21.255487442, -20.1912975311, 32.0074729919], [-204.452789307, -57.6658287048, 62.9094200134, 7.00157880783, 28.3150691986, 85.8688201904, 30.1877841949, 31.8571071625, 32.4502410889, 137.802062988, 18.2388114929, -0.804990887642, 4.39922475815], [146.681396484, 36.0034141541, -20.321308136, -37.5203971863, -15.2819480896, 24.7621574402, 30.148853302, -8.62968349457, -21.255487442, 18.2388114929, 127.940376282, 35.2035217285, -18.6703853607], [-225.922515869, -81.4690475464, 84.4521713257, 83.1037750244, 20.7753696442, -3.21458411217, -7.50045251846, 9.26020336151, -20.1912975311, -0.804990887642, 35.2035217285, 120.094146729, 33.9875831604], [98.5057296753, -18.3949604034, -45.0961303711, 21.5983161926, 32.8128433228, -17.9222774506, -19.3369235992, 10.6376171112, 32.0074729919, 4.39922475815, -18.6703853607, 33.9875831604, 99.6834564209]], "icov": [[0.000742397387512, -0.00146225770004, 0.00190503348131, -0.00155527004972, 0.00111558916979, -0.000883758766577, 0.000340682279784, -0.000270567223197, 0.000236929641687, 3.82715043088e-05, -0.000511233636644, 0.000301617168589, -0.000512165774126], [-0.00146225770004, 0.00540651939809, -0.00480376556516, 0.00370547128841, -0.00320402346551, 0.00260056834668, -0.00173596164677, 0.00156920193695, -0.0022583710961, 0.00182567851152, -0.00103783793747, 0.00198941095732, 0.000256530736806], [0.00190503348131, -0.00480376556516, 0.00727427424863, -0.00589023903012, 0.00381384673528, -0.00355412438512, 0.00203549163416, -0.00217720936053, 0.0018872738583, -0.00115877378266, -0.00012211734429, -0.000902815780137, 0.000260963832261], [-0.00155527004972, 0.00370547128841, -0.00589023903012, 0.00726909888908, -0.00348496926017, 0.0027350592427, -0.000149086263264, 0.00127887621056, -0.00132503150962, 0.000416442431742, 0.00134503026493, -0.0015255229082, 0.000633614195976], [0.00111558916979, -0.00320402346551, 0.00381384673528, -0.00348496926017, 0.0062032896094, -0.00157053489238, 0.000932881899644, -0.00134543154854, 8.15672319732e-05, -0.00149701640476, 0.000404052290833, -0.0012203665683, -0.000681340985466], [-0.000883758766577, 0.00260056834668, -0.00355412438512, 0.0027350592427, -0.00157053489238, 0.00594470556825, -0.00260803103447, 0.000986263388768, 5.93254408159e-05, -0.0017554727383, -0.000182775853318, 0.0010061794892, -0.000191505532712], [0.000340682279784, -0.00173596164677, 0.00203549163416, -0.000149086263264, 0.000932881899644, -0.00260803103447, 0.00510528916493, -0.000977978575975, 0.00161893619224, -0.00113562110346, 0.000835166720208, -0.00195624842308, 0.000968577340245], [-0.000270567223197, 0.00156920193695, -0.00217720936053, 0.00127887621056, -0.00134543154854, 0.000986263388768, -0.000977978575975, 0.0080948844552, -0.00323436618783, 1.40506326716e-05, -0.000383034552215, 0.000434784597019, -0.000320533872582], [0.000236929641687, -0.0022583710961, 0.0018872738583, -0.00132503150962, 8.15672319732e-05, 5.93254408159e-05, 0.00161893619224, -0.00323436618783, 0.011453400366, -0.00386069412343, 0.00149992713705, 0.000989383086562, -0.00243058637716], [3.82715043088e-05, 0.00182567851152, -0.00115877378266, 0.000416442431742, -0.00149701640476, -0.0017554727383, -0.00113562110346, 1.40506326716e-05, -0.00386069412343, 0.0116501487792, -0.00342777371407, 0.00275505706668, -0.00121587957256], [-0.000511233636644, -0.00103783793747, -0.00012211734429, 0.00134503026493, 0.000404052290833, -0.000182775853318, 0.000835166720208, -0.000383034552215, 0.00149992713705, -0.00342777371407, 0.0122676631436, -0.00711506791413, 0.00439729867503], [0.000301617168589, 0.00198941095732, -0.000902815780137, -0.0015255229082, -0.0012203665683, 0.0010061794892, -0.00195624842308, 0.000434784597019, 0.000989383086562, 0.00275505706668, -0.00711506791413, 0.0163216367364, -0.00718894228339], [-0.000512165774126, 0.000256530736806, 0.000260963832261, 0.000633614195976, -0.000681340985466, -0.000191505532712, 0.000968577340245, -0.000320533872582, -0.00243058637716, -0.00121587957256, 0.00439729867503, -0.00718894228339, 0.0150867262855]], "mean": [-82.7128372192, 148.284133911, -161.304763794, 49.4694900513, -72.0625228882, -15.6509857178, -27.2152633667, -9.40783023834, -8.34724712372, -19.5058479309, 7.15346002579, -18.2374267578, 2.95784139633]}, "hfc": {"dmean": 2.83158779144, "dmean2": 3.53565979004, "dvar": 18.5725307465, "dvar2": 24.0105381012, "max": 92.7228164673, "mean": 15.1347265244, "median": 8.46852874756, "min": 1.1517865343e-16, "var": 256.598571777}, "melbands": {"dmean": [8.94321419764e-05, 0.000226890231716, 0.000164347409736, 0.000249899021583, 0.000278254068689, 0.000136227332405, 7.92963910499e-05, 0.000187408208149, 0.000174472501385, 0.000102609621536, 6.7388129537e-05, 7.49955506762e-05, 5.91827592871e-05, 3.30285074597e-05, 3.02429016301e-05, 2.22695161938e-05, 2.05859050766e-05, 2.00777794817e-05, 1.71765295818e-05, 1.50847399709e-05, 1.04443934106e-05, 6.84883525537e-06, 7.29980502001e-06, 7.80845493864e-06, 4.04238744522e-06, 4.54263363281e-06, 4.84188649352e-06, 2.89287936539e-06, 9.34638023864e-07, 3.85930889024e-07, 2.55591402265e-07, 2.17553306925e-07, 1.76602426905e-07, 1.1665629529e-07, 6.40619290948e-08, 4.27284696514e-08, 2.43750388762e-08, 1.69564451369e-08, 9.33721278074e-09, 3.68086938707e-09], "dmean2": [0.000132448141812, 0.000348459987435, 0.000257694831816, 0.000388898944948, 0.000391506706364, 0.00020381968352, 0.000119539778098, 0.000279384345049, 0.000259488297161, 0.000152941051056, 9.60794641287e-05, 9.70584660536e-05, 7.17447255738e-05, 4.25929902121e-05, 3.85531202483e-05, 3.00067949865e-05, 2.86426802631e-05, 2.81817592622e-05, 2.50978500844e-05, 1.98169982468e-05, 1.38843115565e-05, 9.13732219487e-06, 1.0034216757e-05, 1.08347649075e-05, 5.59003137823e-06, 6.17799423708e-06, 6.56886095385e-06, 4.02278192269e-06, 1.32012723952e-06, 5.63275762033e-07, 3.77391643269e-07, 3.1492902508e-07, 2.54171879988e-07, 1.73890882138e-07, 9.81154641977e-08, 6.52569269732e-08, 3.71621773354e-08, 2.584304859e-08, 1.40392932835e-08, 5.59723689619e-09], "dvar": [2.80671468289e-08, 3.3798355048e-07, 1.21211797932e-07, 2.38702568822e-07, 1.67727179701e-07, 4.36886224975e-08, 2.66045070418e-08, 1.98793216555e-07, 2.57409823234e-07, 8.45551113571e-08, 4.35034550605e-08, 1.04064675099e-07, 6.39103419076e-08, 1.09710667218e-08, 1.1671730249e-08, 6.36982511182e-09, 4.32180202736e-09, 3.7767020622e-09, 2.9560949244e-09, 2.78760281525e-09, 1.74858116875e-09, 5.38363242875e-10, 3.98542504554e-10, 4.71429006943e-10, 8.2841282445e-11, 1.29255495196e-10, 1.44160253179e-10, 5.28631617647e-11, 5.23205350572e-12, 7.55866777589e-13, 2.25143458022e-13, 2.05795341705e-13, 1.3219858693e-13, 6.18854197488e-14, 2.28795203405e-14, 1.14604193038e-14, 5.4524751718e-15, 4.06035958233e-15, 1.14723402338e-15, 1.86343847029e-16], "dvar2": [6.82408014541e-08, 7.40290033718e-07, 2.7612045983e-07, 5.81374365538e-07, 3.46943295426e-07, 1.03173888988e-07, 6.00217902047e-08, 4.22854554927e-07, 5.59685304324e-07, 1.96911514649e-07, 9.62875503774e-08, 1.76645443162e-07, 8.75913386267e-08, 1.56719703881e-08, 1.56963899656e-08, 1.0366834502e-08, 7.56864260154e-09, 6.69891031535e-09, 5.96783022999e-09, 4.92019847087e-09, 2.77370904023e-09, 8.58604132237e-10, 7.43157424488e-10, 7.8330703035e-10, 1.34741939828e-10, 2.1126161931e-10, 2.40181846634e-10, 1.06043597514e-10, 9.10677349503e-12, 1.40084385064e-12, 4.54336248528e-13, 4.18463115721e-13, 2.55868216155e-13, 1.36816895161e-13, 4.9655924175e-14, 2.42600010854e-14, 1.23803258837e-14, 8.66374097572e-15, 2.43932635084e-15, 4.38814629808e-16], "max": [0.0038427291438, 0.0116993105039, 0.00788879673928, 0.00810328871012, 0.00848830584437, 0.00329396710731, 0.00457109464332, 0.00940337311476, 0.0110646830872, 0.00628881109878, 0.0064194528386, 0.0114763770252, 0.00808955263346, 0.00345115177333, 0.00407271226868, 0.00291528785601, 0.00171110534575, 0.00173957133666, 0.00139078416396, 0.00215145922266, 0.00145628699102, 0.00100082764402, 0.000735588429961, 0.000879841973074, 0.000284113310045, 0.000380711135222, 0.000466746249003, 0.000255387887591, 7.90484482422e-05, 3.1019506423e-05, 1.35333975777e-05, 1.26719842228e-05, 1.15574302981e-05, 1.18792058856e-05, 7.40555833545e-06, 4.41760312242e-06, 2.2396809527e-06, 1.89955164842e-06, 1.1692973203e-06, 3.49937806732e-07], "mean": [0.000250513316132, 0.000442875956651, 0.000272077915724, 0.000506383366883, 0.000732627289835, 0.000317037076456, 0.000168260594364, 0.00034708075691, 0.000377289456083, 0.000210798592889, 0.000145074329339, 0.000173353837454, 0.000170902625541, 8.99553851923e-05, 7.84393196227e-05, 5.05020288983e-05, 4.08999731007e-05, 4.06963736168e-05, 3.30044531438e-05, 2.96274120046e-05, 2.4032935471e-05, 1.84438667929e-05, 1.99567875825e-05, 2.27513446589e-05, 1.09531019916e-05, 1.15689972517e-05, 1.27205757963e-05, 7.20771868146e-06, 2.17962951865e-06, 9.30932969823e-07, 6.08645507327e-07, 5.30541910848e-07, 4.30020577369e-07, 2.75741427913e-07, 1.36250804417e-07, 8.74668018014e-08, 4.61478819602e-08, 3.21590007957e-08, 1.80957133722e-08, 6.91484292048e-09], "median": [5.5784235883e-05, 0.000121949342429, 0.000118215859402, 0.000291122414637, 0.000458344002254, 0.000198703753995, 9.06401037355e-05, 0.00010740441212, 8.41520231916e-05, 3.53691793862e-05, 2.36672458414e-05, 1.28070851133e-05, 9.47556145547e-06, 8.12274993223e-06, 6.56913016428e-06, 6.46850367048e-06, 6.67612130201e-06, 5.20275807503e-06, 4.27781469625e-06, 3.3920102851e-06, 3.44156023857e-06, 3.99334567192e-06, 4.43444241682e-06, 5.67089864489e-06, 3.29906379193e-06, 2.32225147556e-06, 2.68093208433e-06, 2.3857328415e-06, 7.7406912169e-07, 3.50566608631e-07, 3.11720498303e-07, 2.17148311776e-07, 1.67495386449e-07, 1.50885085759e-07, 8.74355592373e-08, 5.07384427806e-08, 2.32117614019e-08, 1.42353488997e-08, 7.37898986358e-09, 3.05219094443e-09], "min": [2.12254583362e-24, 1.25813571951e-24, 3.64234237665e-24, 1.77262863252e-24, 1.13541361456e-24, 5.41164221337e-24, 4.64556479438e-24, 6.39374643024e-24, 6.61262535472e-24, 4.17008992781e-24, 3.64176374718e-24, 2.13584780342e-24, 5.87792408938e-24, 7.57322167344e-24, 4.90937881375e-24, 7.39186334019e-24, 6.43237497662e-24, 5.82247939509e-24, 4.85690299748e-24, 4.66412195832e-24, 6.05936683075e-24, 7.86326374019e-24, 6.57227630271e-24, 5.12444162361e-24, 5.37893722353e-24, 5.42564567773e-24, 6.86611594586e-24, 6.00720498111e-24, 7.03794641709e-24, 7.89649529468e-24, 6.42385133453e-24, 7.64681450729e-24, 8.02919116527e-24, 7.53434660803e-24, 5.83214767434e-24, 6.22605747876e-24, 1.02129632548e-23, 7.0295379487e-24, 6.33343683074e-24, 8.17982336626e-24], "var": [2.0247040311e-07, 7.45257295875e-07, 2.17935109958e-07, 4.41355297198e-07, 7.62304694035e-07, 1.31346851617e-07, 7.76325066454e-08, 4.75545505196e-07, 7.69004827816e-07, 2.20715023147e-07, 1.23779742012e-07, 3.85735489772e-07, 4.51504291732e-07, 8.61525961682e-08, 7.27257472022e-08, 3.03697049731e-08, 1.559805618e-08, 1.53945176606e-08, 8.1637443472e-09, 9.2585139555e-09, 8.51775094901e-09, 3.4734619625e-09, 2.73196687495e-09, 4.26795043751e-09, 4.36919112001e-10, 6.73075595259e-10, 7.63319962793e-10, 1.85444590239e-10, 1.98931652401e-11, 3.69785061946e-12, 7.48944255138e-13, 8.33912420454e-13, 5.11064335382e-13, 1.61240568423e-13, 4.2580695236e-14, 2.20818406149e-14, 1.00947768821e-14, 8.32090862548e-15, 2.36192215078e-15, 2.62766905004e-16]}, "melbands_crest": {"dmean": 2.97196388245, "dmean2": 4.64621448517, "dvar": 8.22749042511, "dvar2": 20.2244052887, "max": 36.5362434387, "mean": 14.2588281631, "median": 13.1084194183, "min": 1.82487821579, "var": 27.9776268005}, "melbands_flatness_db": {"dmean": 0.0187201984227, "dmean2": 0.0274839196354, "dvar": 0.00036643986823, "dvar2": 0.000792077102233, "max": 0.438848078251, "mean": 0.242123290896, "median": 0.240139186382, "min": 0.00454842392355, "var": 0.00223461887799}, "melbands_kurtosis": {"dmean": 6.27227830887, "dmean2": 9.36702060699, "dvar": 162.158966064, "dvar2": 340.180633545, "max": 358.141082764, "mean": 15.5414400101, "median": 7.94214296341, "min": -1.93044626713, "var": 553.261230469}, "melbands_skewness": {"dmean": 0.602171719074, "dmean2": 0.869708299637, "dvar": 0.572957098484, "dvar2": 1.15398192406, "max": 14.7955379486, "mean": 2.52526712418, "median": 2.27321910858, "min": -0.780593335629, "var": 3.50428700447}, "melbands_spread": {"dmean": 4.40811443329, "dmean2": 6.41674232483, "dvar": 60.7188568115, "dvar2": 123.599578857, "max": 176.630355835, "mean": 18.0805969238, "median": 13.672203064, "min": 1.07680606842, "var": 263.478057861}, "mfcc": {"cov": [[4472.99511719, 806.723083496, -1414.59020996, -508.844116211, -463.996063232, 31.6653575897, -28.4761257172, -78.0269851685, -22.3680915833, 94.012260437, -14.5564842224, -127.821044922, 35.8459091187], [806.723083496, 840.02545166, -129.485778809, -45.8845062256, -33.8706855774, -53.9324836731, 3.14621829987, -1.58958554268, -9.40559005737, 69.7300949097, 23.1002521515, 3.14779376984, -22.794260025], [-1414.59020996, -129.485778809, 1194.5032959, 374.915130615, 248.831390381, 50.3917961121, -20.0939254761, 53.4862174988, -29.3871440887, -55.9705467224, 7.36582756042, 117.102249146, -19.0891857147], [-508.844116211, -45.8845062256, 374.915130615, 623.290039062, 328.96295166, -82.8874664307, -153.740966797, 7.23703527451, 35.117893219, -89.2663650513, -77.0201721191, 97.2184753418, 11.175989151], [-463.996063232, -33.8706855774, 248.831390381, 328.96295166, 484.874450684, -67.4756546021, -158.675750732, -28.4377746582, 42.445022583, -29.6169147491, -33.0185165405, 66.2753143311, 14.696387291], [31.6653575897, -53.9324836731, 50.3917961121, -82.8874664307, -67.4756546021, 281.053161621, 128.099243164, 2.06836891174, 21.3921871185, 25.591966629, 39.289352417, -1.89309632778, -8.57032966614], [-28.4761257172, 3.14621829987, -20.0939254761, -153.740966797, -158.675750732, 128.099243164, 264.191467285, 63.8130874634, -27.9102039337, 22.3768596649, 72.2052383423, -12.9709262848, 7.55615711212], [-78.0269851685, -1.58958554268, 53.4862174988, 7.23703527451, -28.4377746582, 2.06836891174, 63.8130874634, 123.331802368, 10.5891771317, -18.4674453735, 10.5715227127, 9.29398727417, 3.09338974953], [-22.3680915833, -9.40559005737, -29.3871440887, 35.117893219, 42.445022583, 21.3921871185, -27.9102039337, 10.5891771317, 179.108337402, 63.4354972839, -25.132642746, 6.04304027557, 0.125479668379], [94.012260437, 69.7300949097, -55.9705467224, -89.2663650513, -29.6169147491, 25.591966629, 22.3768596649, -18.4674453735, 63.4354972839, 171.31842041, 44.6301193237, -36.1277008057, 5.05379009247], [-14.5564842224, 23.1002521515, 7.36582756042, -77.0201721191, -33.0185165405, 39.289352417, 72.2052383423, 10.5715227127, -25.132642746, 44.6301193237, 137.203460693, 15.9835386276, -3.58175563812], [-127.821044922, 3.14779376984, 117.102249146, 97.2184753418, 66.2753143311, -1.89309632778, -12.9709262848, 9.29398727417, 6.04304027557, -36.1277008057, 15.9835386276, 133.67364502, 24.8529644012], [35.8459091187, -22.794260025, -19.0891857147, 11.175989151, 14.696387291, -8.57032966614, 7.55615711212, 3.09338974953, 0.125479668379, 5.05379009247, -3.58175563812, 24.8529644012, 121.088661194]], "icov": [[0.000502617214806, -0.000426325917942, 0.000530855148099, -1.84319305845e-05, 0.000287988252239, -0.000434784829849, 0.000515643332619, -0.000123136895127, 0.000207319681067, 8.342255569e-06, 4.9818361731e-05, -2.10563885048e-05, -0.000233179540373], [-0.000426325917942, 0.00168161082547, -0.000274121499388, -4.49442195531e-05, -0.000223179915338, 0.000655383162666, -0.000520931382198, -5.81674648856e-05, 0.000233085840591, -0.000869758951012, 9.66845327639e-05, -0.000478708621813, 0.000648331362754], [0.000530855148099, -0.000274121499388, 0.00179409224074, -0.000645449210424, -9.92011518974e-06, -0.000884460576344, 0.000493305618875, -0.000758179172408, 0.000905086635612, -0.000464633165393, 9.98800896923e-05, -0.000716274545994, 0.000229264362133], [-1.84319305845e-05, -4.49442195531e-05, -0.000645449210424, 0.00334559148178, -0.00148000428453, 0.000329843809595, 0.000504155585077, -0.000368762557628, -0.000510843703523, 0.000902567233425, 0.00094788876595, -0.000907300855033, -5.54914404347e-05], [0.000287988252239, -0.000223179915338, -9.92011518974e-06, -0.00148000428453, 0.00391706544906, -0.000221598689677, 0.00168646720704, 0.000447580474429, -0.000467215839308, 4.1189690819e-05, -0.000767093966715, -0.000215219843085, -0.000579749932513], [-0.000434784829849, 0.000655383162666, -0.000884460576344, 0.000329843809595, -0.000221598689677, 0.0056260433048, -0.00338454870507, 0.00189840933308, -0.00161890313029, 0.000257067120401, -0.00030260256608, -0.000113840273116, 0.000675365212373], [0.000515643332619, -0.000520931382198, 0.000493305618875, 0.000504155585077, 0.00168646720704, -0.00338454870507, 0.00857399776578, -0.00386747275479, 0.00135053473059, -0.000219968220335, -0.00218686042354, 0.000290453899652, -0.00121645873878], [-0.000123136895127, -5.81674648856e-05, -0.000758179172408, -0.000368762557628, 0.000447580474429, 0.00189840933308, -0.00386747275479, 0.0110753662884, -0.00262122810818, 0.00238843006082, -0.000728966144379, 0.000366884632967, -0.000215375635889], [0.000207319681067, 0.000233085840591, 0.000905086635612, -0.000510843703523, -0.000467215839308, -0.00161890313029, 0.00135053473059, -0.00262122810818, 0.00875604338944, -0.00491305952892, 0.00293637556024, -0.00192550022621, 0.000775185064413], [8.342255569e-06, -0.000869758951012, -0.000464633165393, 0.000902567233425, 4.1189690819e-05, 0.000257067120401, -0.000219968220335, 0.00238843006082, -0.00491305952892, 0.0104390280321, -0.00418907776475, 0.00341913220473, -0.00161311146803], [4.9818361731e-05, 9.66845327639e-05, 9.98800896923e-05, 0.00094788876595, -0.000767093966715, -0.00030260256608, -0.00218686042354, -0.000728966144379, 0.00293637556024, -0.00418907776475, 0.0112427668646, -0.00337838497944, 0.00135623302776], [-2.10563885048e-05, -0.000478708621813, -0.000716274545994, -0.000907300855033, -0.000215219843085, -0.000113840273116, 0.000290453899652, 0.000366884632967, -0.00192550022621, 0.00341913220473, -0.00337838497944, 0.0107603715733, -0.00257165380754], [-0.000233179540373, 0.000648331362754, 0.000229264362133, -5.54914404347e-05, -0.000579749932513, 0.000675365212373, -0.00121645873878, -0.000215375635889, 0.000775185064413, -0.00161311146803, 0.00135623302776, -0.00257165380754, 0.00932478439063]], "mean": [-699.688049316, 148.120422363, -23.0520515442, 43.6112251282, -14.8333930969, -6.40820980072, -9.76497650146, 1.24849689007, -14.3711938858, 4.2014374733, -3.55326294899, -3.20515608788, -3.38893556595]}, "pitch_salience": {"dmean": 0.0648602843285, "dmean2": 0.101469166577, "dvar": 0.00388469360769, "dvar2": 0.00931092910469, "max": 0.876085162163, "mean": 0.559291958809, "median": 0.563240408897, "min": 0.0974280759692, "var": 0.0140199866146}, "silence_rate_20dB": {"dmean": 0, "dmean2": 0, "dvar": 0, "dvar2": 0, "max": 1, "mean": 1, "median": 1, "min": 1, "var": 0}, "silence_rate_30dB": {"dmean": 0, "dmean2": 0, "dvar": 0, "dvar2": 0, "max": 1, "mean": 1, "median": 1, "min": 1, "var": 0}, "silence_rate_60dB": {"dmean": 0.0206503309309, "dmean2": 0.041307028383, "dvar": 0.0202245786786, "dvar2": 0.0442270115018, "max": 1, "mean": 0.0734976902604, "median": 0, "min": 0, "var": 0.0680953934789}, "spectral_centroid": {"dmean": 183.782562256, "dmean2": 263.796508789, "dvar": 64355.4726562, "dvar2": 125060.632812, "max": 11173.6123047, "mean": 1199.73535156, "median": 1033.48657227, "min": 260.722351074, "var": 434091.46875}, "spectral_complexity": {"dmean": 1.97349357605, "dmean2": 2.99630093575, "dvar": 4.01031303406, "dvar2": 7.944668293, "max": 40, "mean": 12.5397539139, "median": 13, "min": 0, "var": 34.3537445068}, "spectral_contrast_coeffs": {"dmean": [0.0478761196136, 0.0445645749569, 0.038377083838, 0.0302289333194, 0.0238148681819, 0.018359106034], "dmean2": [0.0762134417892, 0.0693755596876, 0.0598691292107, 0.0456087514758, 0.0355035886168, 0.0270049646497], "dvar": [0.00155797135085, 0.00146527087782, 0.00109833909664, 0.000714789784979, 0.000512529455591, 0.000299272884149], "dvar2": [0.00386316305958, 0.00333559908904, 0.00234835781157, 0.00138681242242, 0.000924205523916, 0.000573324097786], "max": [-0.330662220716, -0.349367856979, -0.389609307051, -0.46441257, -0.502794742584, -0.531762421131], "mean": [-0.598835587502, -0.670393884182, -0.723679840565, -0.749088227749, -0.736242115498, -0.718018233776], "median": [-0.599008977413, -0.677184820175, -0.743285775185, -0.763784706593, -0.743382275105, -0.717894077301], "min": [-0.963610947132, -0.972535252571, -0.974248111248, -0.971230447292, -0.964117467403, -0.96030497551], "var": [0.00761334737763, 0.00779026467353, 0.00947013124824, 0.00619985116646, 0.00479964492843, 0.0025271687191]}, "spectral_contrast_valleys": {"dmean": [0.409386217594, 0.345204859972, 0.344083636999, 0.300752669573, 0.237294942141, 0.21981407702], "dmean2": [0.668362796307, 0.544422447681, 0.535050451756, 0.449705213308, 0.358679652214, 0.319278150797], "dvar": [0.130324184895, 0.115494601429, 0.128009513021, 0.105626739562, 0.0821890383959, 0.065130315721], "dvar2": [0.307001143694, 0.245569214225, 0.257805377245, 0.199361085892, 0.157367512584, 0.121871761978], "max": [-5.96943330765, -5.19762420654, -5.57222509384, -6.22655916214, -6.13177680969, -9.37838840485], "mean": [-7.99290132523, -7.11845159531, -8.09956550598, -8.52543067932, -8.2250328064, -11.7863388062], "median": [-7.85355091095, -6.87425374985, -7.92772769928, -8.36262702942, -8.18431854248, -11.7558231354], "min": [-27.6486530304, -27.3581199646, -27.3655433655, -27.3956451416, -27.274892807, -27.3614349365], "var": [1.36809396744, 1.51753759384, 1.48703479767, 1.37675392628, 1.00125849247, 0.654241681099]}, "spectral_decrease": {"dmean": 9.37751654106e-10, "dmean2": 1.33073152497e-09, "dvar": 1.22143629579e-18, "dvar2": 2.48244780722e-18, "max": 1.07415576901e-28, "mean": -4.50425652332e-09, "median": -3.9548906372e-09, "min": -2.03494039397e-08, "var": 9.1317488806e-18}, "spectral_energy": {"dmean": 0.00374722853303, "dmean2": 0.00527310650796, "dvar": 1.96850469365e-05, "dvar2": 3.88928528992e-05, "max": 0.0846297889948, "mean": 0.0183728411794, "median": 0.0159007068723, "min": 1.063909768e-20, "var": 0.00015992304543}, "spectral_energyband_high": {"dmean": 5.71052514715e-05, "dmean2": 8.03648945293e-05, "dvar": 1.44998999474e-08, "dvar2": 3.05076994778e-08, "max": 0.00392230879515, "mean": 0.000159723480465, "median": 8.07755423011e-05, "min": 7.54785426069e-21, "var": 4.78056065845e-08}, "spectral_energyband_low": {"dmean": 0.000875450088643, "dmean2": 0.00134424190037, "dvar": 3.96773111788e-06, "dvar2": 9.05883098312e-06, "max": 0.0409472696483, "mean": 0.001965763513, "median": 0.000669904868118, "min": 2.10674644852e-23, "var": 1.05620438262e-05}, "spectral_energyband_middle_high": {"dmean": 0.00138563767541, "dmean2": 0.00167267268989, "dvar": 8.283634088e-06, "dvar2": 1.10602350105e-05, "max": 0.0805127546191, "mean": 0.00603575818241, "median": 0.00167349912226, "min": 1.34894114174e-21, "var": 0.000100523684523}, "spectral_energyband_middle_low": {"dmean": 0.00302149029449, "dmean2": 0.00440155947581, "dvar": 1.43932456922e-05, "dvar2": 3.21721781802e-05, "max": 0.0560848303139, "mean": 0.01052647084, "median": 0.00913251657039, "min": 2.33930908049e-22, "var": 5.32298690814e-05}, "spectral_entropy": {"dmean": 0.146431311965, "dmean2": 0.211421266198, "dvar": 0.0205059666187, "dvar2": 0.0378505513072, "max": 9.80691814423, "mean": 6.99449253082, "median": 6.99435377121, "min": 5.57818555832, "var": 0.1431928128}, "spectral_flux": {"dmean": 0.0185111947358, "dmean2": 0.0291038751602, "dvar": 0.000405128230341, "dvar2": 0.000929466623347, "max": 0.264129430056, "mean": 0.0572115071118, "median": 0.0495502352715, "min": 6.51693490838e-11, "var": 0.00122496997938}, "spectral_kurtosis": {"dmean": 2.9032099247, "dmean2": 5.13543796539, "dvar": 6.60472297668, "dvar2": 20.5386257172, "max": 21.5591850281, "mean": 4.68645763397, "median": 3.92753338814, "min": -1.23215341568, "var": 10.7209663391}, "spectral_rms": {"dmean": 0.000446369958809, "dmean2": 0.00061576772714, "dvar": 2.32499488106e-07, "dvar2": 4.23068001965e-07, "max": 0.00908656418324, "mean": 0.00395014928654, "median": 0.00393864000216, "min": 3.22173993213e-12, "var": 2.32099887398e-06}, "spectral_rolloff": {"dmean": 248.393890381, "dmean2": 408.641387939, "dvar": 372004.4375, "dvar2": 806890.125, "max": 19509.0820312, "mean": 1142.76367188, "median": 732.12890625, "min": 21.533203125, "var": 1421201.375}, "spectral_skewness": {"dmean": 0.312196582556, "dmean2": 0.537300825119, "dvar": 0.0664285197854, "dvar2": 0.19617959857, "max": 3.05214047432, "mean": 1.30799436569, "median": 1.29400324821, "min": -0.37294203043, "var": 0.190432503819}, "spectral_spread"