{"lowlevel": {"average_loudness": 0.855862379074, "barkbands": {"dmean": [0.000253791280556, 0.00204919860698, 0.00091754848836, 0.000548085430637, 0.00192939175759, 0.000470654777018, 0.000485820433823, 0.000312606513035, 0.000437438138761, 0.000444145931397, 0.000198139547138, 0.000248085387284, 0.000220957808779, 0.000247621326707, 0.00023800553754, 0.000162905213074, 0.000202109891688, 0.000223006412853, 0.000345489592291, 0.000338960671797, 0.000270718650427, 0.000379909441108, 0.00022045262449, 0.000214367784793, 0.000196780994884, 0.000215087769902, 7.85275988164e-05], "dmean2": [0.000346780580003, 0.00313133862801, 0.001573900925, 0.000884279899765, 0.00320173311047, 0.000743594951928, 0.000750901759602, 0.000487949146191, 0.000678504351526, 0.000704108504578, 0.00031946139643, 0.000405794649851, 0.000357135431841, 0.000403270038078, 0.000386156607419, 0.000257532839896, 0.000322199484799, 0.000342711631674, 0.000545789778698, 0.000527420721482, 0.000399220880354, 0.000580854597501, 0.00032414670568, 0.000318485486787, 0.000288268754957, 0.00033586716745, 0.00012246206461], "dvar": [4.80748042264e-07, 3.52849056071e-05, 6.51888285574e-06, 9.07014054974e-07, 2.13453186007e-05, 7.66209723224e-07, 1.25599331113e-06, 5.20743412835e-07, 1.18556249618e-06, 1.00804970771e-06, 2.20634575498e-07, 4.22589494065e-07, 2.93230442594e-07, 4.00968190206e-07, 3.97714842393e-07, 1.80450754783e-07, 1.55015996484e-07, 1.92872917637e-07, 4.12336703448e-07, 3.97776034333e-07, 2.53847588283e-07, 1.01668592833e-06, 3.0888065794e-07, 3.23169189187e-07, 2.51872279478e-07, 3.64188736057e-07, 5.66225928367e-08], "dvar2": [8.79632978013e-07, 8.48037889227e-05, 1.88661906577e-05, 2.49116055784e-06, 5.38780259376e-05, 1.94445397028e-06, 3.18441607305e-06, 1.34075071401e-06, 2.8961899261e-06, 2.45482033279e-06, 5.58016324703e-07, 1.0955916423e-06, 7.74001648551e-07, 1.07876223865e-06, 1.10101655082e-06, 4.70705401767e-07, 3.81559175366e-07, 4.52988444977e-07, 9.9905287243e-07, 9.6179155662e-07, 5.37898699804e-07, 2.5249846658e-06, 7.31460318093e-07, 7.7029193335e-07, 5.95996311858e-07, 9.58292162068e-07, 1.46579367311e-07], "max": [0.0106446770951, 0.0695061385632, 0.0370414182544, 0.0139795374125, 0.0533689111471, 0.0184203870595, 0.0283000096679, 0.0157587192953, 0.0218118578196, 0.0245627760887, 0.010543147102, 0.0156874246895, 0.0113010685891, 0.0162554197013, 0.0182434935123, 0.0144107444212, 0.0139932632446, 0.00885080825537, 0.0149436155334, 0.0138603029773, 0.00800859928131, 0.0196035765111, 0.00882903300226, 0.00826916098595, 0.0053824800998, 0.00784456823021, 0.00271995016374], "mean": [0.000317724683555, 0.00236385734752, 0.00109753385186, 0.000746481178794, 0.00216887192801, 0.000932793947868, 0.00094159465516, 0.000552701763809, 0.000780462869443, 0.000686629617121, 0.000285026559141, 0.000355365045834, 0.000334433862008, 0.000375059898943, 0.000359455065336, 0.000243249553023, 0.000335720513249, 0.000362199905794, 0.0006308889715, 0.00062989332946, 0.000456192472484, 0.000490533770062, 0.000298298458802, 0.000256344908848, 0.000215037274756, 0.00020443178073, 6.9995476224e-05], "median": [2.31565863942e-05, 0.000586284673773, 0.000557138468139, 0.000406906823628, 0.000939682882745, 0.000506614916958, 0.000450568360975, 0.00027152011171, 0.000286137626972, 0.000238821012317, 8.63642926561e-05, 0.000103323327494, 9.04216285562e-05, 0.000118966127047, 0.000127447201521, 8.48715571919e-05, 0.000160954252351, 0.000157530041179, 0.000268471572781, 0.000236012157984, 0.00017927706358, 0.000122883429867, 6.03086373303e-05, 7.33095293981e-05, 4.17393785028e-05, 3.87535474147e-05, 7.03950536263e-06], "min": [4.22503004695e-25, 2.44558851583e-24, 5.20218465468e-25, 8.79761938975e-25, 8.50234441419e-24, 4.27473469347e-24, 7.8852516602e-24, 7.91048258739e-24, 1.68412542038e-23, 1.18275083034e-23, 1.10138053794e-23, 1.84558284403e-23, 3.02121231143e-23, 2.69432444507e-23, 4.22074000441e-23, 4.81603274506e-23, 5.70390484468e-23, 1.05671048454e-22, 1.22365427802e-22, 1.68355034078e-22, 2.22170392969e-22, 3.0970565543e-22, 3.72181268178e-22, 5.21177201258e-22, 8.84591914995e-22, 1.09329659115e-21, 2.03710653987e-21], "var": [7.59003228268e-07, 3.78056538466e-05, 4.514705779e-06, 1.03992499589e-06, 1.87292607734e-05, 1.74714227796e-06, 2.48167680184e-06, 8.17073100734e-07, 2.25692656386e-06, 1.81313623671e-06, 3.61247913361e-07, 6.44038948394e-07, 5.18015156104e-07, 6.88301668106e-07, 5.5717231362e-07, 2.58572896428e-07, 2.84925363303e-07, 3.09519748498e-07, 8.49643072343e-07, 8.73832618709e-07, 4.69004504566e-07, 1.17168019642e-06, 4.66657780862e-07, 3.47879506535e-07, 2.72291316605e-07, 3.0057094591e-07, 4.75679691192e-08]}, "barkbands_crest": {"dmean": 2.36148023605, "dmean2": 3.78207206726, "dvar": 5.3710808754, "dvar2": 13.588227272, "max": 26.8913650513, "mean": 7.2841629982, "median": 6.44463062286, "min": 1.94489896297, "var": 11.9027299881}, "barkbands_flatness_db": {"dmean": 0.0160972531885, "dmean2": 0.0241836439818, "dvar": 0.000246268871706, "dvar2": 0.000554801314138, "max": 0.537647366524, "mean": 0.0766177177429, "median": 0.0727867633104, "min": 0.0130817750469, "var": 0.00104668573476}, "barkbands_kurtosis": {"dmean": 2.31831264496, "dmean2": 4.03459358215, "dvar": 3393.50268555, "dvar2": 10133.7460938, "max": 3903.52392578, "mean": 1.79039287567, "median": -0.211131557822, "min": -1.86184132099, "var": 1802.53759766}, "barkbands_skewness": {"dmean": 0.458993911743, "dmean2": 0.697199821472, "dvar": 0.881366491318, "dvar2": 2.41394996643, "max": 59.9007873535, "mean": 0.849812030792, "median": 0.82399469614, "min": -14.0267601013, "var": 1.80787289143}, "barkbands_spread": {"dmean": 8.25530910492, "dmean2": 12.1112365723, "dvar": 76.0904541016, "dvar2": 163.313980103, "max": 132.57383728, "mean": 37.1589813232, "median": 35.1853485107, "min": 0.0899660587311, "var": 246.065704346}, "dissonance": {"dmean": 0.0129597131163, "dmean2": 0.0213545765728, "dvar": 0.000159135335707, "dvar2": 0.000430793268606, "max": 0.500000119209, "mean": 0.471999317408, "median": 0.476718723774, "min": 0.312586426735, "var": 0.000396905117668}, "dynamic_complexity": 3.9207046032, "erbbands": {"dmean": [0.0766526088119, 0.446605205536, 1.05576562881, 1.4932012558, 5.59964990616, 6.12693548203, 2.79733872414, 4.2421579361, 6.03722190857, 8.1928768158, 6.76131391525, 8.26160049438, 14.0571784973, 11.4486541748, 7.84206581116, 10.1946001053, 9.76668453217, 12.3624782562, 11.644900322, 10.9380521774, 8.92673587799, 10.2803859711, 10.9253873825, 12.6601905823, 20.3300647736, 16.0508308411, 11.6316413879, 10.0851974487, 10.736541748, 14.6936998367, 4.96258974075, 3.9743616581, 3.39122390747, 1.4756333828, 1.9220136404, 0.52614736557, 0.374375790358, 0.175025269389, 0.0175688751042, 0.000517291715369], "dmean2": [0.108553610742, 0.76752281189, 1.83531701565, 2.40674042702, 9.37747764587, 10.268951416, 4.44892501831, 6.72535133362, 9.4120721817, 12.79388237, 10.4049634933, 12.5955591202, 22.3834686279, 18.0139160156, 12.4814815521, 16.6359710693, 15.7266149521, 20.0864830017, 18.7976226807, 17.6567821503, 14.0018730164, 16.1913452148, 16.8049125671, 19.4790992737, 32.0780754089, 25.1529312134, 17.415189743, 14.8393802643, 15.9719238281, 22.9531669617, 7.17677021027, 5.84179878235, 5.03342628479, 2.08155918121, 2.90341091156, 0.748929738998, 0.59147644043, 0.294877380133, 0.027640864253, 0.000810070661828], "dvar": [0.0487577207386, 1.9868581295, 9.51484584808, 8.49669647217, 175.666641235, 208.666320801, 22.036989212, 76.081413269, 182.208282471, 447.009613037, 252.944351196, 408.729248047, 1260.28613281, 756.589172363, 314.107940674, 755.330871582, 554.456970215, 975.401428223, 1110.62133789, 880.002990723, 468.661834717, 460.937164307, 497.233398438, 593.151367188, 1495.1295166, 925.559692383, 490.219726563, 370.253356934, 655.029052734, 1790.83007813, 148.404800415, 99.9744033813, 79.6957168579, 10.7753009796, 28.0832080841, 1.09195721149, 1.16240119934, 0.3616733253, 0.00296011869796, 2.56674024968e-06], "dvar2": [0.0964756757021, 5.46758079529, 27.5276412964, 23.6665973663, 443.978881836, 543.332214355, 55.1440162659, 192.920272827, 470.93081665, 1118.69750977, 619.252624512, 957.899353027, 3197.61230469, 1825.18164063, 805.859680176, 1978.42736816, 1455.25646973, 2589.87182617, 3027.30444336, 2469.58740234, 1160.63476563, 1116.40686035, 1169.01037598, 1375.67687988, 3647.84667969, 2246.78051758, 1109.15686035, 781.87097168, 1529.0324707, 4612.68261719, 337.30947876, 234.372329712, 190.157089233, 22.8624000549, 69.001159668, 2.22369289398, 3.05909228325, 1.00227284431, 0.0076853716746, 6.64084927848e-06], "max": [3.19671106339, 15.3132715225, 41.3821144104, 43.2313652039, 158.661376953, 205.037200928, 90.8332366943, 198.057327271, 322.100189209, 677.97265625, 342.482574463, 456.083984375, 773.798461914, 615.429199219, 487.049499512, 639.704528809, 450.096679688, 772.069274902, 1037.06518555, 1203.02294922, 1025.25354004, 879.249328613, 545.96685791, 482.425537109, 808.245849609, 728.82635498, 517.226928711, 246.758651733, 752.06451416, 614.944458008, 231.494628906, 129.48274231, 147.407653809, 33.5354042053, 65.2495040894, 9.69924926758, 15.3634939194, 8.04360294342, 0.629589557648, 0.0187127143145], "mean": [0.0952804684639, 0.42373496294, 1.21056938171, 2.07516360283, 5.80314493179, 6.90286636353, 5.32399845123, 7.98220396042, 12.0238857269, 14.8300075531, 12.8301734924, 15.9052553177, 22.7506217957, 18.6431865692, 12.3125486374, 15.6015024185, 15.9765787125, 20.3247013092, 18.3075580597, 16.8706302643, 14.7011795044, 17.7348747253, 18.8727302551, 22.7981014252, 38.9246444702, 30.4763774872, 20.4589920044, 16.64427948, 15.4067268372, 16.8024635315, 7.13455104828, 5.08143854141, 3.94469881058, 1.82420825958, 1.95899009705, 0.599933505058, 0.348565876484, 0.143129661679, 0.0154098710045, 0.000463701231638], "median": [0.0133259110153, 0.134303584695, 0.589167714119, 1.23525190353, 2.25615978241, 2.85846042633, 3.13912010193, 4.07276725769, 6.10652160645, 5.76389312744, 6.62273979187, 6.97022485733, 7.83087253571, 6.85823345184, 4.86631393433, 4.76532745361, 4.76785850525, 6.78004407883, 6.17882585526, 6.07497501373, 6.05014514923, 8.41662502289, 8.7961807251, 10.5058145523, 16.2615470886, 11.7957811356, 8.33995437622, 6.16275787354, 4.25776767731, 3.17179489136, 1.58065545559, 1.47762155533, 1.06396615505, 0.425190210342, 0.331321150064, 0.112213984132, 0.0652187094092, 0.0217038840055, 0.00141276861541, 5.53404788661e-05], "min": [9.85867809138e-23, 5.3246031034e-22, 8.45971657969e-22, 2.95034402644e-21, 1.67176804556e-20, 2.24612429662e-20, 1.66417947124e-20, 2.94082256367e-20, 9.33234537488e-20, 1.22925113633e-19, 2.76241670152e-19, 4.0769416287e-19, 4.24204093361e-19, 6.4112122301e-19, 1.1191748518e-18, 1.05023079531e-18, 1.55196981035e-18, 1.3064218659e-18, 2.11710487813e-18, 2.58850104715e-18, 3.13259522508e-18, 4.35179968418e-18, 5.0207046632e-18, 5.37767404296e-18, 6.16170560604e-18, 9.69021821681e-18, 9.14652728943e-18, 1.1128387517e-17, 1.12464220545e-17, 1.12045865679e-17, 1.0934627076e-17, 9.52863179287e-18, 9.14153856315e-18, 8.33263781496e-18, 6.38764957676e-18, 3.97529767503e-18, 2.16875858507e-18, 9.47082613692e-19, 2.44968013293e-19, 2.72465151216e-20], "var": [0.0685806050897, 1.42631316185, 6.3116979599, 8.25699996948, 153.211990356, 180.823196411, 48.716255188, 156.088592529, 347.926727295, 839.498168945, 432.916290283, 806.915283203, 2085.95288086, 1410.90942383, 524.13269043, 1221.95410156, 1047.62438965, 1929.83117676, 1617.89978027, 1138.38757324, 789.197753906, 818.977233887, 800.391906738, 1053.54931641, 3355.05126953, 2015.31958008, 917.762451172, 681.397460938, 954.672851563, 1776.16442871, 258.86038208, 119.187820435, 84.9121704102, 14.5529241562, 27.3088722229, 1.48813390732, 0.94241219759, 0.244146600366, 0.00244277738966, 2.12855115933e-06]}, "erbbands_crest": {"dmean": 2.10436344147, "dmean2": 3.3597407341, "dvar": 4.07971143723, "dvar2": 10.1895027161, "max": 26.6062641144, "mean": 7.25301933289, "median": 6.46903085709, "min": 2.23660445213, "var": 10.6853532791}, "erbbands_flatness_db": {"dmean": 0.0179319698364, "dmean2": 0.0240098964423, "dvar": 0.000300204876112, "dvar2": 0.000534154009074, "max": 0.267176032066, "mean": 0.117611557245, "median": 0.113806426525, "min": 0.0323984846473, "var": 0.00127747666556}, "erbbands_kurtosis": {"dmean": 0.614772200584, "dmean2": 0.97082310915, "dvar": 0.666047513485, "dvar2": 1.51315248013, "max": 14.2746486664, "mean": -0.272738367319, "median": -0.587945699692, "min": -1.73848390579, "var": 1.40940523148}, "erbbands_skewness": {"dmean": 0.330757081509, "dmean2": 0.496758908033, "dvar": 0.095402777195, "dvar2": 0.202953785658, "max": 3.1395471096, "mean": -0.107607267797, "median": -0.134059906006, "min": -3.06492733955, "var": 0.489638477564}, "erbbands_spread": {"dmean": 9.20339298248, "dmean2": 13.7646198273, "dvar": 79.6075515747, "dvar2": 168.539978027, "max": 148.459838867, "mean": 47.2124137878, "median": 45.3833236694, "min": 6.46907043457, "var": 262.399688721}, "gfcc": {"cov": [[29814.8183594, 354.454803467, -1649.2923584, 788.944885254, -892.636108398, 225.384048462, -627.742858887, 84.4323425293, -696.546020508, 74.684135437, -543.47668457, 29.9487495422, -380.927490234], [354.454803467, 1079.40368652, -254.216918945, 62.8002281189, 3.30117034912, 21.6313648224, 42.3890380859, 62.8344612122, -3.52340888977, 60.4652328491, 32.956199646, -35.6515617371, -9.6654882431], [-1649.2923584, -254.216918945, 974.958984375, 83.9515609741, 285.138092041, 132.008895874, 72.9586791992, 4.18549823761, 72.8627929688, -63.0325584412, -42.5801506042, 9.47812843323, -32.5748023987], [788.944885254, 62.8002281189, 83.9515609741, 319.423736572, 54.5357894897, 47.8908500671, -0.593561649323, 19.9325485229, -1.22193276882, -14.8788986206, -47.5168380737, -1.96653711796, -13.539896965], [-892.636108398, 3.30117034912, 285.138092041, 54.5357894897, 278.676269531, 79.482635498, 69.1418304443, 14.9048833847, 16.8517017365, -29.0893306732, -8.38275909424, -26.4772720337, 0.830673396587], [225.384048462, 21.6313648224, 132.008895874, 47.8908500671, 79.482635498, 155.273239136, 72.8183746338, 19.1576099396, -1.49610161781, 7.48705530167, -5.83976650238, -12.744134903, -19.1707611084], [-627.742858887, 42.3890380859, 72.9586791992, -0.593561649323, 69.1418304443, 72.8183746338, 145.036300659, 39.7288131714, 18.9382896423, 20.768787384, 25.6991386414, -8.5442647934, 4.06221914291], [84.4323425293, 62.8344612122, 4.18549823761, 19.9325485229, 14.9048833847, 19.1576099396, 39.7288131714, 96.2068099976, 45.2100563049, 25.3304309845, 3.61845946312, 4.70940113068, 13.4818716049], [-696.546020508, -3.52340888977, 72.8627929688, -1.22193276882, 16.8517017365, -1.49610161781, 18.9382896423, 45.2100563049, 121.767875671, 48.0460700989, 22.5276889801, 15.6661109924, 19.1447582245], [74.684135437, 60.4652328491, -63.0325584412, -14.8788986206, -29.0893306732, 7.48705530167, 20.768787384, 25.3304309845, 48.0460700989, 103.685707092, 50.2508468628, 9.82451343536, 8.25926685333], [-543.47668457, 32.956199646, -42.5801506042, -47.5168380737, -8.38275909424, -5.83976650238, 25.6991386414, 3.61845946312, 22.5276889801, 50.2508468628, 91.7516174316, 28.4998435974, 9.50955486298], [29.9487495422, -35.6515617371, 9.47812843323, -1.96653711796, -26.4772720337, -12.744134903, -8.5442647934, 4.70940113068, 15.6661109924, 9.82451343536, 28.4998435974, 70.6751022339, 23.3499011993], [-380.927490234, -9.6654882431, -32.5748023987, -13.539896965, 0.830673396587, -19.1707611084, 4.06221914291, 13.4818716049, 19.1447582245, 8.25926685333, 9.50955486298, 23.3499011993, 78.0791931152]], "icov": [[9.09686132218e-05, 2.02017636184e-05, 0.000131313936436, -0.000109857057396, 7.20702519175e-05, -0.00031315049273, 0.000387411739212, -0.000379839068046, 0.000594163429923, -0.000553761725314, 0.000691280001774, -0.000479195499793, 0.000421824544901], [2.02017636184e-05, 0.0011264514178, 0.000382668396924, -0.000309144030325, -0.00025153675233, -0.000123915087897, 4.0987655666e-05, -0.000758448732086, 0.000353726092726, -0.000461203599116, -0.00028155502514, 0.000435033784015, 0.000311370473355], [0.000131313936436, 0.000382668396924, 0.00223173364066, -0.000164087075973, -0.00164696504362, -0.00129865191411, 0.000318753911415, 0.000104305443529, -0.000850112410262, 8.09365956229e-05, 0.00191862683278, -0.00220366823487, 0.00187993817963], [-0.000109857057396, -0.000309144030325, -0.000164087075973, 0.00398727366701, -0.000834948150441, -0.000493209226988, 8.91674862942e-05, -0.000101631041616, -0.000612483709119, 6.91765962983e-05, 0.00172122218646, -0.000987351872027, 0.000177946523763], [7.20702519175e-05, -0.00025153675233, -0.00164696504362, -0.000834948150441, 0.00680164946243, -0.00155251519755, -0.00085587054491, -0.000466473575216, 0.000177634748979, 0.00191402540077, -0.00181589229032, 0.00327178859152, -0.00184321030974], [-0.00031315049273, -0.000123915087897, -0.00129865191411, -0.000493209226988, -0.00155251519755, 0.0118145896122, -0.00588008295745, 0.000885207147803, 0.000109216671262, -0.00091824849369, -0.000361985556083, 0.00102509290446, 0.00070786109427], [0.000387411739212, 4.0987655666e-05, 0.000318753911415, 8.91674862942e-05, -0.00085587054491, -0.00588008295745, 0.0134254135191, -0.00551708647981, 0.00297607271932, -0.00207847566344, -0.00129295792431, 0.000452611129731, 0.000375376519514], [-0.000379839068046, -0.000758448732086, 0.000104305443529, -0.000101631041616, -0.000466473575216, 0.000885207147803, -0.00551708647981, 0.0171453822404, -0.00780530227348, 0.00108821783215, 0.000428369094152, 0.000233669605223, -0.00269559561275], [0.000594163429923, 0.000353726092726, -0.000850112410262, -0.000612483709119, 0.000177634748979, 0.000109216671262, 0.00297607271932, -0.00780530227348, 0.0180328283459, -0.0100493766367, 0.00429121684283, -0.00364061747678, 0.000907035253476], [-0.000553761725314, -0.000461203599116, 8.09365956229e-05, 6.91765962983e-05, 0.00191402540077, -0.00091824849369, -0.00207847566344, 0.00108821783215, -0.0100493766367, 0.0219918172807, -0.0134558435529, 0.00580816203728, -0.00299892248586], [0.000691280001774, -0.00028155502514, 0.00191862683278, 0.00172122218646, -0.00181589229032, -0.000361985556083, -0.00129295792431, 0.000428369094152, 0.00429121684283, -0.0134558435529, 0.0269186869264, -0.013305160217, 0.00543200690299], [-0.000479195499793, 0.000435033784015, -0.00220366823487, -0.000987351872027, 0.00327178859152, 0.00102509290446, 0.000452611129731, 0.000233669605223, -0.00364061747678, 0.00580816203728, -0.013305160217, 0.0245135165751, -0.00865372642875], [0.000421824544901, 0.000311370473355, 0.00187993817963, 0.000177946523763, -0.00184321030974, 0.00070786109427, 0.000375376519514, -0.00269559561275, 0.000907035253476, -0.00299892248586, 0.00543200690299, -0.00865372642875, 0.0183796957135]], "mean": [-9.80160045624, 43.5590553284, -104.192184448, 28.5654125214, -59.3038787842, 1.54599070549, -30.137796402, 7.87373399734, -25.8339099884, 5.98592424393, -17.7220897675, 1.85326385498, -13.7215871811]}, "hfc": {"dmean": 16.3120746613, "dmean2": 22.8981399536, "dvar": 1232.27661133, "dvar2": 2826.96606445, "max": 321.14642334, "mean": 28.2826862335, "median": 14.5114631653, "min": 1.09095970869e-16, "var": 1680.97143555}, "melbands": {"dmean": [0.000593165110331, 0.000563966168556, 0.000338689074852, 0.000495505169965, 0.000112458772492, 9.54797869781e-05, 9.50202811509e-05, 8.33331432659e-05, 5.64750298508e-05, 5.70623633394e-05, 7.10161984898e-05, 4.90176244057e-05, 2.81058473774e-05, 2.75618640444e-05, 2.51071032835e-05, 2.19545036089e-05, 2.41190009547e-05, 1.91767176148e-05, 1.59765568242e-05, 1.27734183479e-05, 1.1450171769e-05, 1.12332054414e-05, 1.14677841339e-05, 1.11321651275e-05, 1.04614209704e-05, 1.60479285114e-05, 1.41254458867e-05, 1.04740202005e-05, 7.86544387665e-06, 7.29408475308e-06, 5.71717328057e-06, 5.26068788531e-06, 9.81476841844e-06, 7.44822546039e-06, 3.14869612339e-06, 1.5839941625e-06, 3.21829770655e-06, 3.20617573379e-06, 1.04484638541e-06, 1.27060616251e-06], "dmean2": [0.000854009005707, 0.000981620280072, 0.000551111879759, 0.00082683400251, 0.000183711599675, 0.00015098748554, 0.000148322287714, 0.000130773245473, 8.70728763402e-05, 8.76006888575e-05, 0.000113069567306, 7.7373770182e-05, 4.49194703833e-05, 4.44582583441e-05, 4.11247565353e-05, 3.532561459e-05, 3.92588772229e-05, 3.09787174047e-05, 2.58710442722e-05, 2.04698098969e-05, 1.8239416022e-05, 1.77943293238e-05, 1.84420350706e-05, 1.72572672454e-05, 1.64002121892e-05, 2.58295785898e-05, 2.23461993301e-05, 1.66225727298e-05, 1.21895200209e-05, 1.10603014036e-05, 8.61142689246e-06, 7.90065132605e-06, 1.57070899149e-05, 1.15994680527e-05, 4.65192897536e-06, 2.29892202697e-06, 4.89052627017e-06, 4.90133425046e-06, 1.47644232129e-06, 1.83472923254e-06], "dvar": [2.86490762846e-06, 2.83677081825e-06, 3.48704986664e-07, 1.52625170813e-06, 3.32047882523e-08, 3.61489291834e-08, 4.29238120603e-08, 4.35886349237e-08, 1.98427194675e-08, 1.89252578053e-08, 3.16188284444e-08, 1.44364475929e-08, 4.18687395864e-09, 4.98339591815e-09, 5.54195089819e-09, 2.73033973208e-09, 4.01755873014e-09, 3.19157456019e-09, 2.08334371976e-09, 1.32155897337e-09, 9.50503897812e-10, 6.86432410912e-10, 4.56291032735e-10, 5.32411947862e-10, 4.38857727936e-10, 8.81957784582e-10, 8.15726430847e-10, 4.02767846852e-10, 2.47544817977e-10, 2.15629167299e-10, 1.22040128003e-10, 1.39381686748e-10, 8.92280194176e-10, 4.35590563619e-10, 6.37258232294e-11, 1.6075349385e-11, 8.03745542344e-11, 8.13335995775e-11, 4.37843771656e-12, 8.51055250578e-12], "dvar2": [6.16643501417e-06, 8.06384741736e-06, 9.2667522722e-07, 3.88080434277e-06, 8.67676988037e-08, 9.20193556908e-08, 1.11042176343e-07, 1.10727739866e-07, 4.87115734416e-08, 4.51242669897e-08, 7.97044776846e-08, 3.48469271216e-08, 1.06573843084e-08, 1.27354322643e-08, 1.45865595158e-08, 7.07521286003e-09, 1.08612665528e-08, 8.5718356857e-09, 5.75078562548e-09, 3.64017749277e-09, 2.37918929002e-09, 1.68601288486e-09, 1.12633224969e-09, 1.26589827509e-09, 1.04636543874e-09, 2.20684204244e-09, 2.05886507842e-09, 9.6060759347e-10, 5.94421345479e-10, 4.81091777527e-10, 2.69376770889e-10, 3.14965276083e-10, 2.3227477719e-09, 1.11888032173e-09, 1.47292539276e-10, 3.65214802844e-11, 1.97030725069e-10, 2.00205976797e-10, 8.59568059092e-12, 1.87558562431e-11], "max": [0.0208361428231, 0.0205995421857, 0.00750607438385, 0.0141795473173, 0.00242568994872, 0.00417952844873, 0.00511369947344, 0.00608942983672, 0.00324001535773, 0.00285063777119, 0.0037601783406, 0.00259063602425, 0.00154463364743, 0.00160230754409, 0.00254675815813, 0.00133210537024, 0.00175750930794, 0.00162289862055, 0.00131611968391, 0.00162333855405, 0.00169012986589, 0.00126199086662, 0.000400121381972, 0.000555147358682, 0.00041590561159, 0.000600564235356, 0.000591447460465, 0.000466503290227, 0.000414376874687, 0.0002256824082, 0.000179364025826, 0.000383534497814, 0.000434623972978, 0.000261273467913, 0.000167829784914, 0.000103825477709, 0.000127984952996, 0.000146167163621, 2.52375484706e-05, 3.4066477383e-05], "mean": [0.000736089423299, 0.000610383693129, 0.000445124605903, 0.000519427878316, 0.0001980773377, 0.000183133495739, 0.000190288265003, 0.000150811451022, 0.000103866310383, 0.000105158476799, 0.000113458256237, 7.70311889937e-05, 4.2066705646e-05, 3.94264898205e-05, 3.81428035325e-05, 3.4237626096e-05, 3.748681047e-05, 2.84598718281e-05, 2.38407956203e-05, 1.88380654436e-05, 1.74796678039e-05, 1.80520364665e-05, 1.83797637874e-05, 1.74718006747e-05, 1.70499406522e-05, 2.8058369935e-05, 2.59364514932e-05, 1.85696681001e-05, 1.30681619339e-05, 1.10896589831e-05, 9.11254846869e-06, 8.02210706752e-06, 1.07668647615e-05, 8.57515806274e-06, 4.45687646788e-06, 2.35296397477e-06, 3.72001977667e-06, 3.51563562617e-06, 1.39106873576e-06, 1.51155518324e-06], "median": [0.000142321820022, 0.000280305859633, 0.000248073833063, 0.000198026391445, 0.000116911280202, 9.33175324462e-05, 9.78223251877e-05, 6.25617685728e-05, 5.20274843439e-05, 4.08472697018e-05, 3.72084614355e-05, 2.47133939411e-05, 1.44418827404e-05, 1.18794723676e-05, 1.0202968042e-05, 1.00411270978e-05, 1.15402781375e-05, 8.64676258061e-06, 8.40776647237e-06, 6.25946768196e-06, 6.67528638587e-06, 7.75457647251e-06, 8.49555908644e-06, 7.28527356841e-06, 7.04167086951e-06, 1.13503774628e-05, 9.81768425845e-06, 6.76073705108e-06, 5.19191962667e-06, 4.03404101235e-06, 3.33327943736e-06, 2.4382875381e-06, 2.04041089091e-06, 1.56282908392e-06, 9.54023562372e-07, 5.92204230543e-07, 1.03788579509e-06, 8.88185184067e-07, 3.89903391351e-07, 3.16513137477e-07], "min": [8.17186632352e-25, 5.6027701945e-25, 1.02697334326e-24, 1.07433527011e-24, 7.21693737876e-25, 6.48020637431e-25, 1.56295867303e-24, 1.33083497116e-24, 1.89757907231e-24, 2.60539931067e-24, 2.05500967659e-24, 2.92553720981e-24, 2.8913574445e-24, 1.99424904587e-24, 1.78244955636e-24, 3.18641153901e-24, 2.15730363675e-24, 2.44225005648e-24, 3.27261411721e-24, 3.52282482192e-24, 3.15668410466e-24, 3.46984847339e-24, 4.10668641585e-24, 4.05811624991e-24, 3.45126961579e-24, 3.68919558683e-24, 2.98086258889e-24, 4.1098461982e-24, 5.25875071475e-24, 4.84279619234e-24, 5.79388910373e-24, 6.46736253548e-24, 5.04489683423e-24, 5.94609981539e-24, 5.863257193e-24, 6.67735809731e-24, 5.02582533298e-24, 5.35894669933e-24, 6.27387152151e-24, 6.50323953502e-24], "var": [3.73245211449e-06, 1.90853279491e-06, 3.72239270519e-07, 1.29639693114e-06, 5.86373829492e-08, 7.84568285894e-08, 8.45366585622e-08, 7.93308601033e-08, 3.16469019879e-08, 3.79664193417e-08, 5.34398125751e-08, 2.69593911639e-08, 7.02837654742e-09, 7.71492647544e-09, 8.27868351649e-09, 5.25768495407e-09, 7.39896766078e-09, 4.63109106619e-09, 2.66463473508e-09, 1.58136626016e-09, 1.36727917877e-09, 1.15798381994e-09, 7.56079088227e-10, 8.01793742511e-10, 6.98933799725e-10, 1.80531356531e-09, 1.66479563468e-09, 8.44215197748e-10, 4.35146363387e-10, 3.33913480199e-10, 2.18484522141e-10, 2.3615540079e-10, 8.1538759078e-10, 4.55626314455e-10, 1.07642075808e-10, 2.75176079839e-11, 8.12398828764e-11, 7.92598556232e-11, 6.714162646e-12, 1.07857230092e-11]}, "melbands_crest": {"dmean": 3.46850895882, "dmean2": 5.27584266663, "dvar": 11.085776329, "dvar2": 24.1336307526, "max": 39.9468269348, "mean": 11.5098371506, "median": 10.207069397, "min": 1.60666024685, "var": 28.6090145111}, "melbands_flatness_db": {"dmean": 0.0223820768297, "dmean2": 0.0334489010274, "dvar": 0.000496191030834, "dvar2": 0.00110966118518, "max": 0.502811729908, "mean": 0.130945265293, "median": 0.128063261509, "min": 0.00330881518312, "var": 0.00250375294127}, "melbands_kurtosis": {"dmean": 5.22501373291, "dmean2": 8.23260974884, "dvar": 1388.81872559, "dvar2": 4101.43408203, "max": 2446.88964844, "mean": 8.18069171906, "median": 4.3095870018, "min": -1.79738736153, "var": 815.226196289}, "melbands_skewness": {"dmean": 0.658271372318, "dmean2": 0.985055446625, "dvar": 0.934448480606, "dvar2": 2.33490514755, "max": 47.1300888062, "mean": 2.2121899128, "median": 1.97807836533, "min": -1.40672492981, "var": 1.98752892017}, "melbands_spread": {"dmean": 11.957365036, "dmean2": 18.2667808533, "dvar": 210.034042358, "dvar2": 485.641845703, "max": 229.022796631, "mean": 43.0981063843, "median": 36.2113113403, "min": 0.247990861535, "var": 819.026916504}, "mfcc": {"cov": [[11746.8720703, 314.71395874, -106.041870117, 385.103027344, -49.0957527161, 177.63470459, 101.999061584, 27.165348053, -41.3397903442, 4.37150239944, -60.3175926208, -146.216537476, -101.658294678], [314.71395874, 927.88848877, -53.0247116089, 42.8612861633, -5.38343143463, -4.38105201721, 67.4330062866, -5.08169412613, 9.76994800568, 56.7681541443, 43.8096313477, 32.0618896484, 7.58441162109], [-106.041870117, -53.0247116089, 501.963104248, 89.4163665771, 149.487426758, 100.839485168, 14.909122467, 79.0310897827, 63.285030365, -25.527381897, 21.9821281433, 28.0262336731, 9.11967086792], [385.103027344, 42.8612861633, 89.4163665771, 242.048187256, 86.1285095215, 41.126411438, 6.6289100647, 38.2205429077, 36.7631340027, 5.20084428787, -11.2609739304, 0.466360539198, -1.2859607935], [-49.0957527161, -5.38343143463, 149.487426758, 86.1285095215, 215.333786011, 65.2690963745, 28.0525379181, 46.3118019104, 50.8355560303, -11.292591095, -6.34593963623, 1.8468426466, -14.3719120026], [177.63470459, -4.38105201721, 100.839485168, 41.126411438, 65.2690963745, 141.80380249, 69.8645172119, 35.4138259888, 15.221657753, 12.3500385284, 19.9325180054, -1.38885223866, -2.44749641418], [101.999061584, 67.4330062866, 14.909122467, 6.6289100647, 28.0525379181, 69.8645172119, 155.572570801, 39.2662124634, 11.4233283997, 16.9691925049, 17.9477424622, -6.02930307388, -8.64991569519], [27.165348053, -5.08169412613, 79.0310897827, 38.2205429077, 46.3118019104, 35.4138259888, 39.2662124634, 99.0873947144, 38.1563682556, -3.60218119621, 8.26406288147, 1.67395246029, -5.88329744339], [-41.3397903442, 9.76994800568, 63.285030365, 36.7631340027, 50.8355560303, 15.221657753, 11.4233283997, 38.1563682556, 108.582122803, 39.2311553955, 0.916604161263, -1.65631580353, 6.03621435165], [4.37150239944, 56.7681541443, -25.527381897, 5.20084428787, -11.292591095, 12.3500385284, 16.9691925049, -3.60218119621, 39.2311553955, 102.221702576, 37.5435409546, -5.61692667007, 11.0525197983], [-60.3175926208, 43.8096313477, 21.9821281433, -11.2609739304, -6.34593963623, 19.9325180054, 17.9477424622, 8.26406288147, 0.916604161263, 37.5435409546, 84.1083831787, 34.0860939026, 9.41236209869], [-146.216537476, 32.0618896484, 28.0262336731, 0.466360539198, 1.8468426466, -1.38885223866, -6.02930307388, 1.67395246029, -1.65631580353, -5.61692667007, 34.0860939026, 88.5699920654, 33.1790237427], [-101.658294678, 7.58441162109, 9.11967086792, -1.2859607935, -14.3719120026, -2.44749641418, -8.64991569519, -5.88329744339, 6.03621435165, 11.0525197983, 9.41236209869, 33.1790237427, 78.1644897461]], "icov": [[9.7521697171e-05, -3.17259546136e-05, 3.54741096089e-05, -0.000182336618309, 0.000116597970191, -0.000159247749252, 3.00006036014e-06, 6.85797294864e-06, 2.73950481642e-05, 4.47354323114e-05, 1.85431235877e-05, 0.000124971222249, 7.63522984926e-05], [-3.17259546136e-05, 0.00122402061243, 7.9491372162e-05, -0.000282941997284, -7.20261159586e-05, 0.000498202396557, -0.00070640334161, 0.000242413079832, 6.99753072695e-05, -0.00055671215523, -0.00026315022842, -0.000532480014954, 9.94991933112e-05], [3.54741096089e-05, 7.9491372162e-05, 0.00320881023072, -0.00032267786446, -0.00114050146658, -0.00174174190033, 0.000918211124372, -0.00101025530603, -0.00129049946554, 0.00168669933919, -0.0012952524703, -0.000135159541969, -0.000505432602949], [-0.000182336618309, -0.000282941997284, -0.00032267786446, 0.00559427076951, -0.00168777396902, -0.00061197404284, 0.000854406680446, -0.00130530749448, -0.000147770770127, -0.00102255912498, 0.00153875187971, -0.00060827715788, -0.000184279080713], [0.000116597970191, -7.20261159586e-05, -0.00114050146658, -0.00168777396902, 0.00767178507522, -0.0021700754296, -0.000230413177633, -8.90493538463e-05, -0.00259831082076, 0.00151429465041, 0.000699213531334, -0.000469090562547, 0.00167582405265], [-0.000159247749252, 0.000498202396557, -0.00174174190033, -0.00061197404284, -0.0021700754296, 0.0122908446938, -0.00470657693222, -0.000450661987998, 0.00169550825376, -0.00156638363842, -0.00161558610853, 0.000857341103256, -0.000710050284397], [3.00006036014e-06, -0.00070640334161, 0.000918211124372, 0.000854406680446, -0.000230413177633, -0.00470657693222, 0.00972522702068, -0.00325537892058, 0.000328778434778, -0.000594278797507, -0.000438665680122, 0.000574487843551, 0.000488437246531], [6.85797294864e-06, 0.000242413079832, -0.00101025530603, -0.00130530749448, -8.90493538463e-05, -0.000450661987998, -0.00325537892058, 0.0153545197099, -0.00532008940354, 0.00379895395599, -0.00272708549164, 0.000631588685792, 0.00078072398901], [2.73950481642e-05, 6.99753072695e-05, -0.00129049946554, -0.000147770770127, -0.00259831082076, 0.00169550825376, 0.000328778434778, -0.00532008940354, 0.0160125941038, -0.00885698385537, 0.00445194356143, -0.00109251798131, -0.000668253342155], [4.47354323114e-05, -0.00055671215523, 0.00168669933919, -0.00102255912498, 0.00151429465041, -0.00156638363842, -0.000594278797507, 0.00379895395599, -0.00885698385537, 0.0189731512219, -0.0103678526357, 0.00565643701702, -0.00280325626954], [1.85431235877e-05, -0.00026315022842, -0.0012952524703, 0.00153875187971, 0.000699213531334, -0.00161558610853, -0.000438665680122, -0.00272708549164, 0.00445194356143, -0.0103678526357, 0.0214301664382, -0.00925669353455, 0.00252116727643], [0.000124971222249, -0.000532480014954, -0.000135159541969, -0.00060827715788, -0.000469090562547, 0.000857341103256, 0.000574487843551, 0.000631588685792, -0.00109251798131, 0.00565643701702, -0.00925669353455, 0.0183538272977, -0.00711989449337], [7.63522984926e-05, 9.94991933112e-05, -0.000505432602949, -0.000184279080713, 0.00167582405265, -0.000710050284397, 0.000488437246531, 0.00078072398901, -0.000668253342155, -0.00280325626954, 0.00252116727643, -0.00711989449337, 0.0165044572204]], "mean": [-648.363647461, 84.2503204346, 3.0973238945, 27.5046043396, -7.62979364395, 0.136143416166, -0.459472507238, -0.281854599714, -2.16370844841, 2.91307473183, -0.82858902216, -2.20216965675, -1.93989050388]}, "pitch_salience": {"dmean": 0.0644945725799, "dmean2": 0.102430827916, "dvar": 0.00358323939145, "dvar2": 0.00897584203631, "max": 0.869915485382, "mean": 0.604309260845, "median": 0.612755417824, "min": 0.00571981770918, "var": 0.00960223563015}, "silence_rate_20dB": {"dmean": 0, "dmean2": 0, "dvar": 0, "dvar2": 0, "max": 1, "mean": 1, "median": 1, "min": 1, "var": 0}, "silence_rate_30dB": {"dmean": 0, "dmean2": 0, "dvar": 0, "dvar2": 0, "max": 1, "mean": 1, "median": 1, "min": 1, "var": 0}, "silence_rate_60dB": {"dmean": 0.0430519543588, "dmean2": 0.0861136168242, "dvar": 0.0412016957998, "dvar2": 0.0942341089249, "max": 1, "mean": 0.121140412986, "median": 0, "min": 0, "var": 0.106468878686}, "spectral_centroid": {"dmean": 326.256896973, "dmean2": 496.433959961, "dvar": 114202.625, "dvar2": 241809.421875, "max": 11741.6621094, "mean": 2225.82568359, "median": 2152.1171875, "min": 311.860748291, "var": 1470914.75}, "spectral_complexity": {"dmean": 4.75915718079, "dmean2": 6.70423793793, "dvar": 38.756401062, "dvar2": 58.9196357727, "max": 66, "mean": 20.2009239197, "median": 17, "min": 0, "var": 174.363235474}, "spectral_contrast_coeffs": {"dmean": [0.0536724366248, 0.0399962514639, 0.0376062244177, 0.0308518372476, 0.0230337493122, 0.0187830664217], "dmean2": [0.0861925259233, 0.0643144845963, 0.0601391382515, 0.0498949177563, 0.0372049622238, 0.0288315881044], "dvar": [0.00224376656115, 0.00112789776176, 0.0009725971031, 0.000663586135488, 0.000371047586668, 0.000323963031406], "dvar2": [0.00540424510837, 0.00295724975877, 0.00232620793395, 0.00162565521896, 0.000903311534785, 0.000710848544259], "max": [-0.324578732252, -0.451530992985, -0.484981238842, -0.542408406734, -0.577990293503, -0.560443103313], "mean": [-0.67340284586, -0.727440774441, -0.760513305664, -0.77912145853, -0.77963244915, -0.748642504215], "median": [-0.679285407066, -0.7264944911, -0.765579283237, -0.784539461136, -0.782425999641, -0.748438954353], "min": [-0.982587277889, -0.977049589157, -0.977076590061, -0.974751234055, -0.969201505184, -0.965484559536], "var": [0.00811349600554, 0.00488621601835, 0.00504624051973, 0.00348833133467, 0.00238007865846, 0.00217154575512]}, "spectral_contrast_valleys": {"dmean": [0.48533642292, 0.333379268646, 0.341937124729, 0.313105523586, 0.296947419643, 0.402457952499], "dmean2": [0.74481344223, 0.529280245304, 0.522276580334, 0.461748570204, 0.409098684788, 0.461090832949], "dvar": [0.266065329313, 0.133265689015, 0.139212727547, 0.149562224746, 0.164889097214, 0.209495067596], "dvar2": [0.528680086136, 0.285339474678, 0.272527575493, 0.255998551846, 0.293102264404, 0.369694918394], "max": [-5.25994253159, -4.82456064224, -5.49868154526, -5.88097381592, -5.41076898575, -7.52180337906], "mean": [-7.92451620102, -7.37923669815, -7.91249990463, -8.2851228714, -7.62871170044, -10.0018615723], "median": [-7.38777780533, -7.00431060791, -7.52147293091, -7.87304496765, -7.23594665527, -9.70555782318], "min": [-28.0237388611, -28.0242328644, -27.7784748077, -27.7599773407, -27.5935058594, -27.4418907166], "var": [6.53927326202, 6.20605421066, 5.97846078873, 5.97728729248, 6.27435445786, 5.17597913742]}, "spectral_decrease": {"dmean": 1.70281577727e-09, "dmean2": 2.50144349678e-09, "dvar": 7.43489952333e-18, "dvar2": 1.70702748384e-17, "max": 2.06490909492e-16, "mean": -3.68961061703e-09, "median": -2.68045940999e-09, "min": -2.81599739083e-08, "var": 1.28049444795e-17}, "spectral_energy": {"dmean": 0.00770199298859, "dmean2": 0.0110838236287, "dvar": 0.00014969483891, "dvar2": 0.000335071556037, "max": 0.112965084612, "mean": 0.0164908282459, "median": 0.0116325030103, "min": 1.00887608476e-20, "var": 0.000261109293206}, "spectral_energyband_high": {"dmean": 0.00156349223107, "dmean2": 0.00219786330126, "dvar": 1.23188892758e-05, "dvar2": 2.82003493339e-05, "max": 0.0346835590899, "mean": 0.00226953066885, "median": 0.00075345125515, "min": 7.00339978098e-21, "var": 1.67889902514e-05}, "spectral_energyband_low": {"dmean": 0.00299825030379, "dmean2": 0.00445498153567, "dvar": 5.84549597988e-05, "dvar2": 0.000141346856253, "max": 0.0883034318686, "mean": 0.00414839573205, "median": 0.00165870925412, "min": 1.46759525035e-23, "var": 6.96373026585e-05}, "spectral_energyband_middle_high": {"dmean": 0.00162057788111, "dmean2": 0.00240659969859, "dvar": 7.23533503333e-06, "dvar2": 1.59296905622e-05, "max": 0.0406010262668, "mean": 0.00420683762059, "median": 0.00242585176602, "min": 1.11523565858e-21, "var": 2.12770519283e-05}, "spectral_energyband_middle_low": {"dmean": 0.00319429673254, "dmean2": 0.00506575731561, "dvar": 2.98101385852e-05, "dvar2": 7.33014458092e-05, "max": 0.0603384971619, "mean": 0.00635487912223, "median": 0.00461291894317, "min": 1.60325086395e-22, "var": 4.14254755015e-05}, "spectral_entropy": {"dmean": 0.147945731878, "dmean2": 0.194888681173, "dvar": 0.0231417603791, "dvar2": 0.0410940982401, "max": 9.8209695816, "mean": 7.92953062057, "median": 7.91458320618, "min": 6.5498456955, "var": 0.138259828091}, "spectral_flux": {"dmean": 0.0232229232788, "dmean2": 0.0346784070134, "dvar": 0.000997079187073, "dvar2": 0.00193572067656, "max": 0.29313403368, "mean": 0.0702183395624, "median": 0.0585769154131, "min": 6.40388436723e-11, "var": 0.0023308233358}, "spectral_kurtosis": {"dmean": 0.756292521954, "dmean2": 1.19705891609, "dvar": 0.597394883633, "dvar2": 1.5423220396, "max": 11.5057086945, "mean": 3.02459025383, "median": 2.92752170563, "min": -1.2914198637, "var": 1.71957671642}, "spectral_rms": {"dmean": 0.000797177082859, "dmean2": 0.00108838349115, "dvar": 1.05968388198e-06, "dvar2": 2.20992069444e-06, "max": 0.0104980878532, "mean": 0.0035726276692, "median": 0.00336879538372, "min": 3.13730660374e-12, "var": 3.32485069521e-06}, "spectral_rolloff": {"dmean": 963.238464355, "dmean2": 1517.26904297, "dvar": 2011525.125, "dvar2": 4630936, "max": 19681.3476563, "mean": 3324.85229492, "median": 2928.515625, "min": 21.533203125, "var": 8938796}, "spectral_skewness": {"dmean": 0.141506552696, "dmean2": 0.217217385769, "dvar": 0.0196808092296, "dvar2": 0.0449039414525, "max": 2.73992657661, "mean": 1.21278393269, "median": 1.22649788857, "min": -0.0877514332533, "var": 0.0930916368961}, "spectral_spread": {"dmean": 757372.375, "dmean2": 986532.6875, "dvar": 916606353408, "dvar2": 1870079983620.0, "max": 50504340, "mean": 5931470.5, "median": 5233967, "min": 2457049.5, "var": 17598559289300.0}, "spectral_strongpeak": {"dmean": 0.482144415379, "dmean2": 0.827325820923, "dvar": 0.712106227