{"lowlevel": {"average_loudness": 0.663769066334, "barkbands": {"dmean": [3.23027052218e-05, 0.000645204389002, 0.000158751980052, 0.00017937879602, 0.000809682300314, 0.000815786537714, 0.000355147902155, 0.000614373188, 0.000621553743258, 0.000741608557291, 0.000354971038178, 0.000535010942258, 0.000597264617682, 0.000286027294351, 0.000231668964261, 0.000325016706483, 0.000182737188879, 0.00017148607003, 0.000145059617353, 0.000114551818115, 8.97941790754e-05, 4.25669823017e-05, 5.27766096639e-05, 7.16388021829e-05, 2.63712663582e-05, 1.45837714172e-06, 1.550422013e-08], "dmean2": [5.00608730363e-05, 0.00098020164296, 0.000253959762631, 0.000306678412016, 0.00123456434812, 0.00120848743245, 0.000563794281334, 0.000966289488133, 0.000959339260589, 0.00110942847095, 0.000532218604349, 0.000790691003203, 0.000870616757311, 0.000429433508543, 0.000360835518222, 0.000495353306178, 0.000278737454209, 0.000261965935351, 0.00022293238726, 0.000173784603248, 0.000136731992825, 6.56687116134e-05, 8.22289148346e-05, 0.000110613895231, 4.10389584431e-05, 2.2608812742e-06, 2.67895856609e-08], "dvar": [6.12099242403e-08, 3.46032857124e-06, 2.72555979564e-07, 3.51068109694e-07, 3.46432466358e-06, 5.39005532119e-06, 8.16775980184e-07, 5.01765998706e-06, 6.98978647051e-06, 7.06509899828e-06, 2.53491293734e-06, 3.24580150846e-06, 4.0492068365e-06, 7.32083719868e-07, 6.98777455455e-07, 1.40494933021e-06, 3.08933749693e-07, 1.8335600771e-07, 1.37340663287e-07, 5.62385160663e-08, 5.30811696819e-08, 2.79432263994e-08, 1.57842563908e-07, 2.46549973326e-07, 2.86067844968e-08, 1.02581353134e-10, 5.29075879448e-15], "dvar2": [1.10939119224e-07, 7.88088436821e-06, 6.671208439e-07, 9.56471808422e-07, 7.28296845409e-06, 1.01178184195e-05, 1.8203968466e-06, 1.15946450023e-05, 1.52643988258e-05, 1.30029311549e-05, 5.27872589373e-06, 6.07645188211e-06, 7.67417441239e-06, 1.48721687765e-06, 1.64361802035e-06, 2.96557459478e-06, 6.79551703797e-07, 4.3054632215e-07, 3.16209309403e-07, 1.23941248376e-07, 1.08737289395e-07, 6.21681408575e-08, 3.6297754491e-07, 5.50016693524e-07, 6.0287035808e-08, 2.30332045104e-10, 1.49936080262e-14], "max": [0.00959254149348, 0.0597977973521, 0.0124230487272, 0.016320772469, 0.0444969534874, 0.0890216976404, 0.0226350855082, 0.0630620121956, 0.0784320831299, 0.0854502022266, 0.0729453191161, 0.051427744329, 0.0646154880524, 0.0260345134884, 0.0215625651181, 0.0318648591638, 0.0182890370488, 0.0167753566056, 0.00996058899909, 0.00417967140675, 0.00761271966621, 0.00574500625953, 0.017730884254, 0.0186468288302, 0.00584992067888, 0.000366299238522, 2.58617683357e-06], "mean": [3.79726589017e-05, 0.00110306567512, 0.000203118484933, 0.000205387754249, 0.00169774249662, 0.00172528577968, 0.000608925707638, 0.000835729995742, 0.00100973597728, 0.00123703619465, 0.00068344612373, 0.00106204883195, 0.00117976858746, 0.000496509834193, 0.000323174492223, 0.000525920011569, 0.000293552759103, 0.000286927534034, 0.000253713980783, 0.000233899336308, 0.000155714820721, 6.81889723637e-05, 7.99104745965e-05, 8.93272299436e-05, 3.33339630743e-05, 1.81935308774e-06, 1.95004563608e-08], "median": [1.4017950889e-05, 0.000175858513103, 2.75992642855e-05, 4.26114711445e-05, 0.000447320315288, 0.000332909636199, 0.000191286657355, 0.000189860351384, 0.000165435048984, 0.000141445954796, 7.63016432757e-05, 0.000200986251002, 0.000134890346089, 6.86398561811e-05, 5.7063291024e-05, 6.82173849782e-05, 5.31299301656e-05, 7.13266344974e-05, 7.84985604696e-05, 8.07593751233e-05, 4.67512072646e-05, 1.3159291484e-05, 1.24691578094e-05, 7.60045077186e-06, 2.74111152976e-06, 3.46825288489e-07, 1.00258130686e-08], "min": [1.4604760765e-24, 1.46577676819e-23, 1.04963165699e-23, 1.38927930905e-24, 2.28660989036e-23, 7.42977788856e-23, 4.06507660634e-23, 5.32976515673e-23, 1.27564197872e-22, 1.16044291679e-22, 3.75928319613e-23, 3.77166989006e-23, 7.80486862722e-23, 8.11407433416e-23, 1.13340581367e-22, 1.04832382027e-22, 2.12664581196e-22, 2.10623564531e-22, 3.38932939347e-22, 3.33147269385e-22, 3.70532309073e-22, 5.56407855503e-22, 7.74234691975e-22, 8.65275551325e-22, 1.51645511125e-21, 1.73634944487e-21, 2.49327685675e-21], "var": [8.01363739811e-08, 5.45677585251e-06, 3.84554539323e-07, 5.51290895601e-07, 1.30667631311e-05, 2.15147611016e-05, 1.71317708464e-06, 6.64339040668e-06, 1.41337131936e-05, 2.07233078982e-05, 7.42267047826e-06, 1.26218146761e-05, 1.464664183e-05, 2.18855598177e-06, 1.04499633835e-06, 3.55729980583e-06, 5.88653051636e-07, 4.4499435603e-07, 3.30885029598e-07, 1.67015784314e-07, 1.29136466853e-07, 5.02504633459e-08, 2.3994368803e-07, 3.26560495978e-07, 4.40833041182e-08, 1.54067800184e-10, 3.74833297335e-15]}, "barkbands_crest": {"dmean": 2.59991955757, "dmean2": 4.14992713928, "dvar": 5.92583036423, "dvar2": 13.9904556274, "max": 26.361536026, "mean": 10.4603223801, "median": 9.51107406616, "min": 2.34819769859, "var": 23.1045913696}, "barkbands_flatness_db": {"dmean": 0.0204504728317, "dmean2": 0.0304333623499, "dvar": 0.00040773046203, "dvar2": 0.000840654654894, "max": 0.388800024986, "mean": 0.151361241937, "median": 0.137286126614, "min": 0.0255508776754, "var": 0.00352786155418}, "barkbands_kurtosis": {"dmean": 2.91682815552, "dmean2": 4.4953827858, "dvar": 96.7684783936, "dvar2": 210.161315918, "max": 468.320495605, "mean": 4.30187177658, "median": 0.71793448925, "min": -1.88923895359, "var": 240.662719727}, "barkbands_skewness": {"dmean": 0.548611581326, "dmean2": 0.833790302277, "dvar": 0.420088738203, "dvar2": 0.910570859909, "max": 13.31016922, "mean": 1.03429114819, "median": 0.768986463547, "min": -4.91746616364, "var": 2.00034403801}, "barkbands_spread": {"dmean": 5.55098295212, "dmean2": 8.600025177, "dvar": 64.5750961304, "dvar2": 145.144821167, "max": 126.006507874, "mean": 22.4519939423, "median": 18.3140296936, "min": 0.255240052938, "var": 371.079833984}, "dissonance": {"dmean": 0.0227584540844, "dmean2": 0.0379671938717, "dvar": 0.00064986810321, "dvar2": 0.00174617569428, "max": 0.500000059605, "mean": 0.454868465662, "median": 0.469738811255, "min": 0.155462488532, "var": 0.00213933247142}, "dynamic_complexity": 6.02239322662, "erbbands": {"dmean": [0.0196357108653, 0.143029749393, 0.203932583332, 0.358900815248, 1.09138870239, 2.74517178535, 7.21138620377, 6.37576007843, 4.36740875244, 7.49864053726, 14.9954357147, 13.3429412842, 20.8731155396, 17.2768039703, 15.1314735413, 20.2692375183, 26.9708347321, 14.1521263123, 10.0364561081, 17.2703361511, 15.5277671814, 10.4835681915, 8.19011974335, 9.54556655884, 4.50043869019, 5.16832351685, 5.25037717819, 2.15291595459, 1.40519309044, 1.60461294651, 1.52867567539, 1.53500008583, 1.11570191383, 0.470348268747, 0.0901108533144, 0.0137416226789, 0.00147180759814, 9.62684280239e-05, 6.24949007033e-06, 5.44414842807e-06], "dmean2": [0.0300454143435, 0.218026205897, 0.321989327669, 0.606702744961, 1.77539777756, 4.19217777252, 10.5701761246, 9.67354679108, 6.61658287048, 11.79018116, 23.4255371094, 20.6457233429, 31.6041488647, 25.0901355743, 22.455827713, 29.3418712616, 38.9820594788, 20.6628112793, 15.2037153244, 26.0784454346, 23.228635788, 15.6963558197, 12.4658546448, 14.4622344971, 6.94750928879, 7.7627325058, 7.81010341644, 3.31034851074, 2.18380832672, 2.38155078888, 2.37426137924, 2.39393544197, 1.71008253098, 0.728583812714, 0.13554276526, 0.0204757973552, 0.00225893221796, 0.00015375953808, 9.01057137526e-06, 7.56899953558e-06], "dvar": [0.0056404559873, 0.136157855392, 0.362729042768, 1.42189049721, 11.9591693878, 42.1466445923, 413.118865967, 384.302154541, 124.515388489, 645.867492676, 2939.74609375, 3210.5065918, 6501.20654297, 3685.56762695, 2396.34155273, 4591.06542969, 8195.83398438, 1786.52709961, 618.145996094, 4501.38964844, 2911.07543945, 722.502197266, 401.077606201, 629.041564941, 88.1211090088, 108.964065552, 185.436416626, 38.0626029968, 27.8234939575, 61.9090461731, 150.832489014, 101.321266174, 67.6034927368, 9.73054409027, 0.36471927166, 0.00825743190944, 8.22387373773e-05, 2.41617584607e-07, 6.10548778202e-10, 8.92877993763e-11], "dvar2": [0.012252391316, 0.322409331799, 0.865317046642, 3.86171388626, 27.7893314362, 86.0791397095, 828.742614746, 789.743591309, 267.175048828, 1470.16906738, 7054.96777344, 7336.58447266, 13829.5625, 7219.14013672, 4867.18359375, 9122.90039063, 15208.1113281, 3558.27807617, 1327.05554199, 10208.2060547, 6181.85302734, 1530.85876465, 915.807312012, 1445.07458496, 193.710922241, 240.402145386, 352.882537842, 88.1624908447, 61.515007019, 132.166610718, 355.45401001, 221.127944946, 152.017547607, 20.7296924591, 0.71796888113, 0.0171032417566, 0.00017970969202, 5.35273386504e-07, 1.2785340564e-09, 1.7778975514e-10], "max": [2.84156298637, 8.91228961945, 11.9568605423, 29.2133846283, 146.637527466, 177.616973877, 690.023132324, 692.969909668, 313.243377686, 903.854248047, 1252.41271973, 2160.78955078, 2574.89453125, 1805.01733398, 1764.21630859, 2263.40698242, 3578.04589844, 1297.15246582, 565.612670898, 1557.92980957, 1763.37390137, 706.844177246, 815.807617188, 669.376586914, 412.650360107, 208.020767212, 505.866027832, 171.025543213, 200.342636108, 391.421173096, 541.476074219, 290.872894287, 338.149078369, 114.635673523, 24.3938217163, 3.1453461647, 0.425173580647, 0.0237758234143, 0.000798566557933, 0.000246216106461], "mean": [0.0287542361766, 0.256082653999, 0.313533425331, 0.452455788851, 1.70767962933, 5.43754768372, 15.7173719406, 12.7283267975, 8.14788246155, 12.3582401276, 20.9960651398, 22.231262207, 34.0280456543, 32.220500946, 29.0350074768, 43.4660949707, 54.3323478699, 27.4030246735, 18.1659526825, 26.342130661, 25.6031570435, 18.2742519379, 14.6774311066, 17.2825546265, 9.06138515472, 10.8622951508, 10.4937829971, 3.59603857994, 2.26161432266, 2.61421608925, 2.22157478333, 1.97423088551, 1.35719883442, 0.59641712904, 0.110445380211, 0.017098242417, 0.00203722855076, 0.000163119999343, 1.54762201419e-05, 1.89310794667e-05], "median": [0.00338292634115, 0.0421823859215, 0.0721628144383, 0.116478145123, 0.460894137621, 1.42376732826, 2.5766711235, 2.9062333107, 3.14334821701, 3.64148712158, 5.54098129272, 4.86984014511, 5.71247529984, 4.91682243347, 5.09239816666, 8.54104995728, 7.47288799286, 4.42085456848, 3.77742624283, 3.85945224762, 3.8125834465, 3.63158893585, 3.89873981476, 4.65414142609, 3.63615942001, 3.86922693253, 2.93327379227, 1.29772281647, 0.50448936224, 0.45479786396, 0.325610935688, 0.210721880198, 0.100434407592, 0.0444247350097, 0.0114393280819, 0.00258903717622, 0.000522573711351, 6.34595271549e-05, 7.42164274925e-06, 1.08791737148e-05], "min": [4.25925768428e-22, 3.33219046892e-21, 1.16009924102e-20, 8.33282200482e-21, 9.45964313971e-21, 7.66745052166e-20, 4.62329183835e-19, 4.4486543655e-19, 6.5969747652e-19, 1.02619830338e-18, 9.70318427291e-19, 2.87028281115e-18, 2.92580027874e-18, 3.30114340785e-18, 2.19362756339e-18, 1.86174988033e-18, 3.75518863634e-18, 3.5241637087e-18, 4.88332567988e-18, 6.67769301393e-18, 7.93836631189e-18, 1.07295284703e-17, 9.72902787679e-18, 1.81950220957e-17, 1.63707447379e-17, 1.36540701937e-17, 1.6536394273e-17, 1.516642436e-17, 2.01826527353e-17, 2.16531300559e-17, 1.93323061025e-17, 1.93607363001e-17, 1.50162249043e-17, 1.82555601361e-17, 9.38788535728e-18, 6.35931119616e-18, 3.62482166308e-18, 1.57170830432e-18, 3.52707719392e-19, 3.06537302258e-20], "var": [0.0071252384223, 0.23971503973, 0.551408112049, 2.06481146812, 29.4581794739, 165.184646606, 1429.52429199, 1347.55334473, 301.704071045, 957.525634766, 3512.32885742, 6017.40869141, 15071.2490234, 9764.77539063, 6775.35693359, 17600.5449219, 27263.0585938, 5334.61181641, 1690.29418945, 8040.41455078, 6332.66210938, 1859.23242188, 1123.10852051, 1528.03308105, 305.690551758, 342.168731689, 543.002990723, 60.6439743042, 50.4054336548, 127.031448364, 212.114425659, 142.089904785, 85.8176040649, 14.7209892273, 0.617266774178, 0.0139287579805, 0.000131385531859, 3.96215654064e-07, 1.12071085745e-09, 4.45086023593e-10]}, "erbbands_crest": {"dmean": 2.74866938591, "dmean2": 4.43015623093, "dvar": 7.45731592178, "dvar2": 17.6462554932, "max": 32.1061592102, "mean": 9.87818050385, "median": 8.77592182159, "min": 2.12582159042, "var": 24.1969528198}, "erbbands_flatness_db": {"dmean": 0.0175656788051, "dmean2": 0.025306770578, "dvar": 0.000323147396557, "dvar2": 0.000602172454819, "max": 0.441049426794, "mean": 0.198183551431, "median": 0.193496033549, "min": 0.0377818495035, "var": 0.0036296795588}, "erbbands_kurtosis": {"dmean": 1.46935915947, "dmean2": 2.29085350037, "dvar": 11.6125297546, "dvar2": 26.7455787659, "max": 102.174263, "mean": 1.71914303303, "median": 0.393785446882, "min": -1.82958197594, "var": 26.9953422546}, "erbbands_skewness": {"dmean": 0.407583385706, "dmean2": 0.617754876614, "dvar": 0.207434087992, "dvar2": 0.424883842468, "max": 8.6889257431, "mean": 0.424555182457, "median": 0.34009462595, "min": -5.13367700577, "var": 1.0388405323}, "erbbands_spread": {"dmean": 6.92918157578, "dmean2": 10.722363472, "dvar": 78.9000396729, "dvar2": 196.932312012, "max": 140.170578003, "mean": 29.7306594849, "median": 27.0597286224, "min": 1.22587919235, "var": 307.078887939}, "gfcc": {"cov": [[25162.96875, 2822.27172852, -3433.99145508, 1046.00952148, -1153.55200195, -77.8420791626, -540.232421875, -258.93460083, -104.354202271, -424.969696045, 443.023254395, -513.871276855, 487.15145874], [2822.27172852, 1447.19189453, -57.0418739319, -113.575828552, 17.8138141632, -93.7300033569, 91.3645172119, -71.3938446045, -8.05722904205, -2.65462565422, 51.0591621399, -74.0538711548, -19.2400894165], [-3433.99145508, -57.0418739319, 1412.97692871, 164.265274048, 95.1406478882, 33.9211654663, -15.625254631, 162.435745239, 52.5450363159, 82.6571502686, -55.1386528015, 68.032119751, -87.8139877319], [1046.00952148, -113.575828552, 164.265274048, 797.528625488, 37.2686042786, 6.16148614883, -86.7118988037, 25.9058952332, 79.083732605, -45.0811195374, -29.2429389954, 15.6776981354, -4.29553556442], [-1153.55200195, 17.8138141632, 95.1406478882, 37.2686042786, 398.319122314, 184.12147522, 179.961929321, 27.7512569427, 32.5380134583, 46.9566307068, -25.5370044708, 61.7651367188, -9.96927928925], [-77.8420791626, -93.7300033569, 33.9211654663, 6.16148614883, 184.12147522, 444.383300781, 226.015716553, 40.7054367065, 5.26095199585, 69.1190261841, 49.8013191223, 24.2480545044, 18.631483078], [-540.232421875, 91.3645172119, -15.625254631, -86.7118988037, 179.961929321, 226.015716553, 299.307403564, 19.5990962982, -4.14683771133, 60.604019165, 36.3660583496, 23.9203166962, -11.3518810272], [-258.93460083, -71.3938446045, 162.435745239, 25.9058952332, 27.7512569427, 40.7054367065, 19.5990962982, 194.260116577, 50.3799629211, 13.4231510162, 26.979675293, 11.1239004135, 41.6791114807], [-104.354202271, -8.05722904205, 52.5450363159, 79.083732605, 32.5380134583, 5.26095199585, -4.14683771133, 50.3799629211, 188.046401978, 42.4920387268, -18.2886638641, 38.3487243652, -21.1173744202], [-424.969696045, -2.65462565422, 82.6571502686, -45.0811195374, 46.9566307068, 69.1190261841, 60.604019165, 13.4231510162, 42.4920387268, 130.406280518, 53.7048072815, 16.9845581055, -14.4668235779], [443.023254395, 51.0591621399, -55.1386528015, -29.2429389954, -25.5370044708, 49.8013191223, 36.3660583496, 26.979675293, -18.2886638641, 53.7048072815, 166.837890625, -6.01629495621, 62.5369148254], [-513.871276855, -74.0538711548, 68.032119751, 15.6776981354, 61.7651367188, 24.2480545044, 23.9203166962, 11.1239004135, 38.3487243652, 16.9845581055, -6.01629495621, 112.748062134, 2.04928874969], [487.15145874, -19.2400894165, -87.8139877319, -4.29553556442, -9.96927928925, 18.631483078, -11.3518810272, 41.6791114807, -21.1173744202, -14.4668235779, 62.5369148254, 2.04928874969, 147.923904419]], "icov": [[0.000365239247913, -0.000895414559636, 0.000930521287955, -0.000730706728064, 0.000968110165559, -0.00103330484126, 0.00098170991987, -0.000516940723173, 0.000160121300723, 5.4949287005e-05, -6.86615167069e-05, 9.06041532289e-05, -0.000315722747473], [-0.000895414559636, 0.00303886039183, -0.00238463049755, 0.0018822500715, -0.00253469543532, 0.00301659735851, -0.00302246608771, 0.00174217193853, -0.000782217539381, 0.000273020443274, -0.000367514730897, 0.000492478255183, 0.000773110776208], [0.000930521287955, -0.00238463049755, 0.00337017769925, -0.00207522534765, 0.00238910201006, -0.00271903863177, 0.00292684370652, -0.00245815934613, 0.00101861625444, -0.000831513490994, 0.000345503038261, -0.000373781542294, -9.02755928109e-05], [-0.000730706728064, 0.0018822500715, -0.00207522534765, 0.00298486766405, -0.00231961812824, 0.00175963714719, -0.00130458828062, 0.0012783013517, -0.00119327718858, 0.000981398276053, -0.000320363469655, 1.37174611154e-05, 0.000728584011085], [0.000968110165559, -0.00253469543532, 0.00238910201006, -0.00231961812824, 0.0068157473579, -0.00342579209246, 0.000584453053307, -0.0015594632132, 0.000511748308782, -0.000771649763919, 0.0015778549714, -0.0012860246934, -0.00144357595127], [-0.00103330484126, 0.00301659735851, -0.00271903863177, 0.00175963714719, -0.00342579209246, 0.00722932629287, -0.00573678128421, 0.00147073424887, -0.000440219475422, -0.00080919341417, -0.00029636619729, 0.000313658907544, 0.000215143780224], [0.00098170991987, -0.00302246608771, 0.00292684370652, -0.00130458828062, 0.000584453053307, -0.00573678128421, 0.0103050507605, -0.00229716021568, 0.00133333029225, -0.000782968359999, -0.000933237781283, -0.000541243993212, 0.000789303972851], [-0.000516940723173, 0.00174217193853, -0.00245815934613, 0.0012783013517, -0.0015594632132, 0.00147073424887, -0.00229716021568, 0.00837968289852, -0.00304135563783, 0.00147990358528, -0.00126906344667, 0.00107407942414, -0.00208863522857], [0.000160121300723, -0.000782217539381, 0.00101861625444, -0.00119327718858, 0.000511748308782, -0.000440219475422, 0.00133333029225, -0.00304135563783, 0.00803015381098, -0.00383625342511, 0.00202715676278, -0.00246343319304, 0.000938481010962], [5.4949287005e-05, 0.000273020443274, -0.000831513490994, 0.000981398276053, -0.000771649763919, -0.00080919341417, -0.000782968359999, 0.00147990358528, -0.00383625342511, 0.013503129594, -0.00586048094556, 0.000329714093823, 0.00220824615099], [-6.86615167069e-05, -0.000367514730897, 0.000345503038261, -0.000320363469655, 0.0015778549714, -0.00029636619729, -0.000933237781283, -0.00126906344667, 0.00202715676278, -0.00586048094556, 0.0106760244817, -0.000360176694812, -0.00398846389726], [9.06041532289e-05, 0.000492478255183, -0.000373781542294, 1.37174611154e-05, -0.0012860246934, 0.000313658907544, -0.000541243993212, 0.00107407942414, -0.00246343319304, 0.000329714093823, -0.000360176694812, 0.0112669831142, -0.00124941754621], [-0.000315722747473, 0.000773110776208, -9.02755928109e-05, 0.000728584011085, -0.00144357595127, 0.000215143780224, 0.000789303972851, -0.00208863522857, 0.000938481010962, 0.00220824615099, -0.00398846389726, -0.00124941754621, 0.010446219705]], "mean": [-93.7466430664, 93.8376693726, -144.523162842, 25.3245792389, -69.5859069824, 8.46376132965, -35.0825195313, 5.72402524948, -23.825510025, 1.61510562897, -4.22725200653, -1.05557525158, -1.76335012913]}, "hfc": {"dmean": 5.17360925674, "dmean2": 7.24861907959, "dvar": 114.431159973, "dvar2": 232.408950806, "max": 261.608276367, "mean": 15.8219261169, "median": 7.85466861725, "min": 1.19653144679e-16, "var": 435.54989624}, "melbands": {"dmean": [0.000182020477951, 0.000130206433823, 7.82044953667e-05, 0.000126780651044, 0.000226843782002, 0.000142638193211, 6.72578826197e-05, 9.23223342397e-05, 0.000123421355966, 8.38615451357e-05, 0.000110903099994, 8.00658817752e-05, 5.24533170392e-05, 5.47696654394e-05, 6.69704604661e-05, 5.45049733773e-05, 2.71653680102e-05, 1.93384930753e-05, 1.97861209017e-05, 2.38072534557e-05, 1.85292537935e-05, 1.22870524137e-05, 6.99435440765e-06, 8.74887791724e-06, 8.4926477939e-06, 4.31621265307e-06, 2.69068527814e-06, 4.06878689319e-06, 4.28416160503e-06, 1.88530907508e-06, 1.13034673177e-06, 7.8462392139e-07, 9.22267531678e-07, 9.05305057586e-07, 9.18908710901e-07, 8.78199728049e-07, 1.03156742171e-06, 8.84345752183e-07, 6.158363135e-07, 3.34290604087e-07], "dmean2": [0.000275449740002, 0.000201264134375, 0.000128878178657, 0.000199096481083, 0.00033265069942, 0.000214683779632, 0.000103313730506, 0.000142717399285, 0.000193415951799, 0.00013127879356, 0.000167847669218, 0.000116891940706, 7.74579530116e-05, 8.38263222249e-05, 9.63914571912e-05, 8.01506394055e-05, 4.0406579501e-05, 2.95896297757e-05, 3.01937561744e-05, 3.60388912668e-05, 2.84072648356e-05, 1.85930493899e-05, 1.09212160169e-05, 1.31085980684e-05, 1.30373455249e-05, 6.63571518089e-06, 4.19715252065e-06, 6.14767714069e-06, 6.34300840829e-06, 2.91496689897e-06, 1.77524236733e-06, 1.24046414385e-06, 1.44600357999e-06, 1.3620806385e-06, 1.43152283272e-06, 1.37298980007e-06, 1.62005801485e-06, 1.37609822559e-06, 9.32110310714e-07, 5.32495107564e-07], "dvar": [3.39534238947e-07, 1.07966499741e-07, 6.22039806331e-08, 1.1129260713e-07, 3.60211970474e-07, 1.8205415131e-07, 2.76549396716e-08, 9.68746860508e-08, 2.02540434202e-07, 1.37459750249e-07, 1.76234948412e-07, 7.87110678857e-08, 4.32146833873e-08, 3.7383792062e-08, 6.32244336884e-08, 3.46294051212e-08, 7.62663532328e-09, 2.80199619063e-09, 5.74139802367e-09, 9.27142274065e-09, 4.8776986894e-09, 1.20639365164e-09, 2.89119617136e-10, 7.41175232299e-10, 5.67847713295e-10, 8.58921267444e-11, 4.77422823497e-11, 7.68696079012e-11, 1.22426346838e-10, 2.56313078401e-11, 1.30122206413e-11, 7.30110416569e-12, 1.87399019913e-11, 2.40277745617e-11, 7.782422623e-11, 3.19099642543e-11, 4.99874100446e-11, 4.48045905932e-11, 1.51109853797e-11, 5.53149670166e-12], "dvar2": [7.49140951939e-07, 2.56455081171e-07, 1.62766056633e-07, 2.44815140604e-07, 7.30822364403e-07, 3.63026487094e-07, 5.85041490808e-08, 2.06267358749e-07, 4.84891586439e-07, 3.13577828592e-07, 3.63201081655e-07, 1.50865929527e-07, 8.84425261916e-08, 7.29839726432e-08, 1.09190665398e-07, 6.9265453817e-08, 1.54120716189e-08, 5.88795501244e-09, 1.35309372595e-08, 1.91836626584e-08, 1.04026254277e-08, 2.55311993769e-09, 6.74280742352e-10, 1.74825975918e-09, 1.34123034901e-09, 1.80763445878e-10, 1.08160515266e-10, 1.73067324361e-10, 2.43826958624e-10, 5.82113662828e-11, 3.05235003939e-11, 1.63273995019e-11, 4.38164227123e-11, 5.10796890896e-11, 1.96527197294e-10, 6.96333962713e-11, 1.1088260865e-10, 1.03511310634e-10, 3.19044790587e-11, 1.20978288151e-11], "max": [0.0204626973718, 0.00636923545972, 0.00652412744239, 0.0123392557725, 0.0205934867263, 0.0158374030143, 0.00430628983304, 0.0107812089846, 0.00918479915708, 0.0116564948112, 0.0126481186599, 0.00908263586462, 0.00945798773319, 0.00691346591339, 0.00686353165656, 0.00593584682792, 0.00296995625831, 0.00145594112109, 0.00205533998087, 0.00340558425523, 0.00231607514434, 0.00110897817649, 0.000475503300549, 0.00133760960307, 0.000700171163771, 0.000392050598748, 0.000365839718143, 0.000188039761269, 0.000338874786394, 0.000182667456102, 0.000108171378088, 9.55173600232e-05, 0.000156934969709, 0.000265154842054, 0.000424537080107, 0.000211470774957, 0.000217334076297, 0.000280240230495, 0.000131723252707, 8.55120233609e-05], "mean": [0.000296910700854, 0.000230365199968, 0.000106877014332, 0.000224577015615, 0.000512626254931, 0.000292848562822, 0.000123413774418, 0.000149924744619, 0.000175563662197, 0.000135389200295, 0.000180357295903, 0.000143532481161, 9.76237861323e-05, 0.000102472884464, 0.000146226666402, 9.66188454186e-05, 4.71911371278e-05, 3.20071085298e-05, 2.8087899409e-05, 3.78537151846e-05, 2.76489081443e-05, 1.97712925001e-05, 1.15198427011e-05, 1.47349201143e-05, 1.43471688716e-05, 7.91961792856e-06, 5.02381317347e-06, 7.98167275207e-06, 8.19316210254e-06, 3.11480334858e-06, 1.68437827597e-06, 1.19366768558e-06, 1.39749101891e-06, 1.46282854985e-06, 1.31058982333e-06, 1.15411603474e-06, 1.27429916574e-06, 1.02467163288e-06, 7.49008279399e-07, 4.14882833866e-07], "median": [4.30904474342e-05, 5.23586713825e-05, 2.9439384889e-05, 6.32677256363e-05, 9.40070094657e-05, 6.67769563734e-05, 4.33331806562e-05, 4.16960028815e-05, 4.28391977039e-05, 2.37587519223e-05, 2.42025707848e-05, 1.91248218471e-05, 1.37477927638e-05, 1.84547861863e-05, 1.92608586076e-05, 1.13753612823e-05, 6.60790192342e-06, 5.11908365297e-06, 4.57119085695e-06, 4.69565839012e-06, 3.57469025403e-06, 3.43737974617e-06, 2.98668192045e-06, 3.45778857991e-06, 3.36641892318e-06, 2.65176731773e-06, 2.01865714189e-06, 2.49610411629e-06, 1.99583064386e-06, 9.49917534854e-07, 5.05745106238e-07, 2.55993199971e-07, 2.23610868488e-07, 2.38961263221e-07, 1.81915311259e-07, 1.3682114286e-07, 1.09071329746e-07, 7.00557265532e-08, 4.94241945148e-08, 2.9784109401e-08], "min": [3.83794241025e-24, 5.55519320445e-24, 1.4844183008e-24, 1.86328709155e-24, 1.29251845872e-23, 1.16826821187e-23, 1.03848142364e-23, 1.26449591055e-23, 7.8352986211e-24, 2.00356202217e-23, 1.46945475328e-23, 1.4022651034e-23, 6.40841017118e-24, 4.40531681127e-24, 7.4723579181e-24, 7.36321270098e-24, 6.35992283564e-24, 7.87883191015e-24, 7.69910967442e-24, 8.4352517942e-24, 9.86779953226e-24, 1.26302728821e-23, 8.81454637263e-24, 8.89748878592e-24, 1.58486336822e-23, 1.10782277052e-23, 1.26553121161e-23, 8.14570355439e-24, 1.22536280874e-23, 5.89819387034e-24, 1.03236704165e-23, 1.09676136291e-23, 1.22668257304e-23, 1.27413965623e-23, 1.06284184282e-23, 1.2608262874e-23, 1.15636366972e-23, 9.01201797873e-24, 1.24331886067e-23, 1.74209344405e-23], "var": [4.94996186262e-07, 1.83890421113e-07, 1.06473052597e-07, 3.71099645236e-07, 1.34777849325e-06, 6.73439956245e-07, 6.8798833297e-08, 1.55813623337e-07, 2.51174213872e-07, 2.60099000116e-07, 4.36210399357e-07, 2.08731449902e-07, 1.12035365873e-07, 1.40464550213e-07, 2.68041816298e-07, 9.69523767935e-08, 2.14221476114e-08, 7.16568004933e-09, 8.84236861509e-09, 2.57933123748e-08, 9.3477297014e-09, 2.79141887383e-09, 5.5164733892e-10, 1.74351932891e-09, 1.17523735188e-09, 3.00383190543e-10, 1.42370559786e-10, 2.15717194108e-10, 3.34689415071e-10, 5.50770817842e-11, 1.76709168132e-11, 1.29700330337e-11, 3.05272578049e-11, 4.88853853231e-11, 9.3793230127e-11, 4.69356740973e-11, 6.8301246603e-11, 5.31297159045e-11, 2.25992714126e-11, 8.14990436249e-12]}, "melbands_crest": {"dmean": 3.25698971748, "dmean2": 5.18304634094, "dvar": 8.7397851944, "dvar2": 20.5759277344, "max": 34.2431602478, "mean": 13.6634159088, "median": 12.5683498383, "min": 2.00835800171, "var": 36.0366897583}, "melbands_flatness_db": {"dmean": 0.0256033465266, "dmean2": 0.0378010757267, "dvar": 0.00072649132926, "dvar2": 0.00147200142965, "max": 0.498056769371, "mean": 0.191259995103, "median": 0.175879657269, "min": 0.00767366075888, "var": 0.00620760582387}, "melbands_kurtosis": {"dmean": 5.42049884796, "dmean2": 8.491147995, "dvar": 192.402084351, "dvar2": 502.05770874, "max": 392.074401855, "mean": 9.13111782074, "median": 3.05078697205, "min": -1.82834255695, "var": 436.401184082}, "melbands_skewness": {"dmean": 0.660293698311, "dmean2": 1.001060009, "dvar": 0.598058998585, "dvar2": 1.4272698164, "max": 15.3426351547, "mean": 1.80051195621, "median": 1.49578475952, "min": -2.147605896, "var": 2.82572317123}, "melbands_spread": {"dmean": 8.67169761658, "dmean2": 13.3817272186, "dvar": 211.777053833, "dvar2": 457.115234375, "max": 264.446228027, "mean": 29.5323524475, "median": 24.316411972, "min": 0.325126379728, "var": 707.581665039}, "mfcc": {"cov": [[16510.3300781, 338.567443848, -1411.88574219, 351.931427002, -262.541046143, -66.8542022705, -123.468963623, -140.972671509, -278.336212158, 128.261016846, -385.224884033, 26.3376045227, -133.729660034], [338.567443848, 1585.85400391, 1.36027884483, -92.9774093628, -113.511009216, 1.07998132706, 106.203018188, -43.0304908752, -7.40000581741, -10.5333185196, 68.7577362061, 39.9929389954, 6.01783800125], [-1411.88574219, 1.36027884483, 984.212280273, 166.957107544, 157.979019165, -105.131385803, -29.9497127533, 13.4215116501, 40.5223007202, 16.9627780914, 65.0653686523, 33.1763725281, -3.09580659866], [351.931427002, -92.9774093628, 166.957107544, 558.67767334, 143.455917358, 7.83137893677, -150.362716675, 48.5729637146, 21.0631656647, -36.87682724, -6.69373512268, -1.01039910316, -1.81324112415], [-262.541046143, -113.511009216, 157.979019165, 143.455917358, 257.302001953, 26.0338382721, 16.2515048981, 57.6368026733, 68.9782867432, 22.8192501068, -2.84908390045, 13.067196846, 14.0630617142], [-66.8542022705, 1.07998132706, -105.131385803, 7.83137893677, 26.0338382721, 442.082733154, 122.919723511, 116.958679199, 38.5910186768, 59.3523216248, 78.4124526978, -36.1965751648, 51.5397529602], [-123.468963623, 106.203018188, -29.9497127533, -150.362716675, 16.2515048981, 122.919723511, 398.49697876, 50.5156326294, 7.05955266953, 74.3925018311, 3.41253423691, 7.88815593719, -9.85134983063], [-140.972671509, -43.0304908752, 13.4215116501, 48.5729637146, 57.6368026733, 116.958679199, 50.5156326294, 188.065200806, 77.7403411865, 11.1311864853, 28.5025424957, 4.94009304047, 37.0793075562], [-278.336212158, -7.40000581741, 40.5223007202, 21.0631656647, 68.9782867432, 38.5910186768, 7.05955266953, 77.7403411865, 140.094238281, 21.5093822479, 22.7871303558, 0.655288994312, 17.944486618], [128.261016846, -10.5333185196, 16.9627780914, -36.87682724, 22.8192501068, 59.3523216248, 74.3925018311, 11.1311864853, 21.5093822479, 158.773696899, 47.9716567993, 18.9920787811, 20.8507499695], [-385.224884033, 68.7577362061, 65.0653686523, -6.69373512268, -2.84908390045, 78.4124526978, 3.41253423691, 28.5025424957, 22.7871303558, 47.9716567993, 137.650085449, 28.0218544006, 30.9779376984], [26.3376045227, 39.9929389954, 33.1763725281, -1.01039910316, 13.067196846, -36.1965751648, 7.88815593719, 4.94009304047, 0.655288994312, 18.9920787811, 28.0218544006, 98.1144638062, 34.1669921875], [-133.729660034, 6.01783800125, -3.09580659866, -1.81324112415, 14.0630617142, 51.5397529602, -9.85134983063, 37.0793075562, 17.944486618, 20.8507499695, 30.9779376984, 34.1669921875, 98.2055664063]], "icov": [[8.66484188009e-05, -3.6142715544e-05, 0.000118932395708, -0.000106674910057, 5.8859532146e-05, -2.26944339374e-05, 6.26237815595e-05, -5.03516093886e-05, 0.000126964820083, -0.000238867200096, 0.000283662928268, -0.000153726025019, 0.000142282020533], [-3.6142715544e-05, 0.000721870630514, -6.96705537848e-05, -1.21716766444e-05, 0.000332580384566, 3.38237259712e-05, -0.000342676386936, 0.000327691057464, -0.000307665526634, 0.000395515817218, -0.000526963616721, -0.000162586467923, -0.000124315993162], [0.000118932395708, -6.96705537848e-05, 0.00145991181489, -0.000400928431191, -0.000664784980472, 0.000538029707968, -5.09412602696e-05, -7.04464691808e-05, 0.000202013994567, -0.000293468125165, -0.000627545290627, -7.21025135135e-05, 0.000287595903501], [-0.000106674910057, -1.21716766444e-05, -0.000400928431191, 0.00275259162299, -0.00148669292685, -0.000378609518521, 0.00116001383867, -0.00073448207695, 0.000534347898792, 0.000506919226609, -2.9344973882e-05, -7.83927680459e-05, 0.000530209217686], [5.8859532146e-05, 0.000332580384566, -0.000664784980472, -0.00148669292685, 0.00622311653569, -0.000282252352918, -0.000654748349916, -9.67831292655e-05, -0.00243708770722, -0.000740586488973, 0.00149282300845, -0.000984190730378, -0.000286724651232], [-2.26944339374e-05, 3.38237259712e-05, 0.000538029707968, -0.000378609518521, -0.000282252352918, 0.00405996246263, -0.00118173344526, -0.00159036344849, 0.000503833231051, -0.00037072726991, -0.00243908143602, 0.00294341077097, -0.0018994078273], [6.26237815595e-05, -0.000342676386936, -5.09412602696e-05, 0.00116001383867, -0.000654748349916, -0.00118173344526, 0.00397110544145, -0.00129493395798, 0.000893793592695, -0.00171693728771, 0.0015333435731, -0.00121238117572, 0.00186666497029], [-5.03516093886e-05, 0.000327691057464, -7.04464691808e-05, -0.00073448207695, -9.67831292655e-05, -0.00159036344849, -0.00129493395798, 0.00911532063037, -0.00434690294787, 0.0015446622856, -0.000528036849573, -0.000440809642896, -0.00204122625291], [0.000126964820083, -0.000307665526634, 0.000202013994567, 0.000534347898792, -0.00243708770722, 0.000503833231051, 0.000893793592695, -0.00434690294787, 0.010950550437, -0.00142221583519, -0.000576010788791, 0.000997197930701, 0.00015925844491], [-0.000238867200096, 0.000395515817218, -0.000293468125165, 0.000506919226609, -0.000740586488973, -0.00037072726991, -0.00171693728771, 0.0015446622856, -0.00142221583519, 0.00901534408331, -0.00333656975999, -0.000299906299915, -0.00130164704751], [0.000283662928268, -0.000526963616721, -0.000627545290627, -2.9344973882e-05, 0.00149282300845, -0.00243908143602, 0.0015333435731, -0.000528036849573, -0.000576010788791, -0.00333656975999, 0.0120947435498, -0.00368341826834, 9.77278468781e-05], [-0.000153726025019, -0.000162586467923, -7.21025135135e-05, -7.83927680459e-05, -0.000984190730378, 0.00294341077097, -0.00121238117572, -0.000440809642896, 0.000997197930701, -0.000299906299915, -0.00368341826834, 0.0147283812985, -0.00564291840419], [0.000142282020533, -0.000124315993162, 0.000287595903501, 0.000530209217686, -0.000286724651232, -0.0018994078273, 0.00186666497029, -0.00204122625291, 0.00015925844491, -0.00130164704751, 9.77278468781e-05, -0.00564291840419, 0.0145784756169]], "mean": [-715.802124023, 117.227645874, -17.3213806152, 13.7144384384, -10.0554122925, -2.75621533394, 1.00628602505, -1.98192644119, -6.88965511322, -0.109413638711, -5.03387928009, 4.26012897491, -0.642042756081]}, "pitch_salience": {"dmean": 0.0695354416966, "dmean2": 0.110446169972, "dvar": 0.00422818819061, "dvar2": 0.0100368848071, "max": 0.885023057461, "mean": 0.574779450893, "median": 0.592674136162, "min": 0.0542665235698, "var": 0.0174538381398}, "silence_rate_20dB": {"dmean": 0, "dmean2": 0, "dvar": 0, "dvar2": 0, "max": 1, "mean": 1, "median": 1, "min": 1, "var": 0}, "silence_rate_30dB": {"dmean": 0.000313528755214, "dmean2": 0.000627155823167, "dvar": 0.000313442607876, "dvar2": 0.000940388825256, "max": 1, "mean": 0.999843239784, "median": 1, "min": 0, "var": 0.000156700989464}, "silence_rate_60dB": {"dmean": 0.0617651678622, "dmean2": 0.123549699783, "dvar": 0.0579498335719, "dvar2": 0.120824307203, "max": 1, "mean": 0.228369906545, "median": 0, "min": 0, "var": 0.17620781064}, "spectral_centroid": {"dmean": 268.440704346, "dmean2": 409.747955322, "dvar": 130538.671875, "dvar2": 250206.078125, "max": 11074.1582031, "mean": 1552.59875488, "median": 1508.7421875, "min": 185.969116211, "var": 594364.375}, "spectral_complexity": {"dmean": 3.30490660667, "dmean2": 4.9432425499, "dvar": 19.2270088196, "dvar2": 39.8404197693, "max": 54, "mean": 13.4380874634, "median": 13, "min": 0, "var": 90.80493927}, "spectral_contrast_coeffs": {"dmean": [0.0502475649118, 0.0476585403085, 0.0401927120984, 0.0339362509549, 0.0251905880868, 0.0209692269564], "dmean2": [0.0816145911813, 0.0773559436202, 0.0632534623146, 0.052630007267, 0.0386059097946, 0.0323624908924], "dvar": [0.00165537279099, 0.00159015052486, 0.00124953652266, 0.000901671883184, 0.000515190942679, 0.000401721481467], "dvar2": [0.00416955491528, 0.00388523796573, 0.00267312466167, 0.0018848151667, 0.00104787398595, 0.000841375964228], "max": [-0.299593746662, -0.370876699686, -0.400265723467, -0.482901722193, -0.560426056385, -0.487582087517], "mean": [-0.653429448605, -0.739041388035, -0.764495432377, -0.767289698124, -0.793191552162, -0.762622058392], "median": [-0.663746297359, -0.748480618, -0.779800593853, -0.776705026627, -0.800102829933, -0.766355514526], "min": [-0.955717682838, -0.966804802418, -0.957818806171, -0.963760495186, -0.95940887928, -0.962279498577], "var": [0.0133312670514, 0.00887814629823, 0.0077873817645, 0.00631930865347, 0.00360086699948, 0.00459798099473]}, "spectral_contrast_valleys": {"dmean": [0.428956836462, 0.378559499979, 0.343389242887, 0.354040890932, 0.31103515625, 0.301863998175], "dmean2": [0.694467067719, 0.614943563938, 0.537950873375, 0.523267865181, 0.436662316322, 0.401840478182], "dvar": [0.152999222279, 0.117174834013, 0.112621255219, 0.134412884712, 0.124978013337, 0.150293976068], "dvar2": [0.328778982162, 0.259491831064, 0.22383159399, 0.245544448495, 0.198842018843, 0.220123842359], "max": [-5.57222032547, -5.00462865829, -5.53357648849, -5.25510931015, -5.81984519958, -7.090280056], "mean": [-8.68169879913, -7.43530130386, -7.93555307388, -8.39361476898, -8.22608947754, -11.1193809509], "median": [-8.30696868896, -7.08599567413, -7.55703878403, -7.98415851593, -7.73239040375, -10.862953186], "min": [-27.3595027924, -27.2386245728, -27.2669353485, -27.2612400055, -27.119934082, -27.1983909607], "var": [2.76796913147, 2.76411414146, 2.63030219078, 2.69980168343, 2.69194817543, 1.96056449413]}, "spectral_decrease": {"dmean": 9.72588787285e-10, "dmean2": 1.35006772428e-09, "dvar": 2.24809306403e-18, "dvar2": 4.13398565811e-18, "max": -2.69742317448e-29, "mean": -3.44339312619e-09, "median": -2.02402228311e-09, "min": -2.83220860098e-08, "var": 1.40105320982e-17}, "spectral_energy": {"dmean": 0.00402495730668, "dmean2": 0.00555643253028, "dvar": 3.74498231395e-05, "dvar2": 6.86143976054e-05, "max": 0.116135135293, "mean": 0.0144312679768, "median": 0.00848380103707, "min": 1.0954713128e-20, "var": 0.000243661997956}, "spectral_energyband_high": {"dmean": 0.000308851536829, "dmean2": 0.000457435904536, "dvar": 1.23355232517e-06, "dvar2": 2.57584588326e-06, "max": 0.0319043919444, "mean": 0.000593851145823, "median": 0.000180669114343, "min": 8.34510369821e-21, "var": 2.27860186897e-06}, "spectral_energyband_low": {"dmean": 0.000792248756625, "dmean2": 0.00119742157403, "dvar": 4.7247403927e-06, "dvar2": 1.05077706394e-05, "max": 0.0685259848833, "mean": 0.00141586584505, "median": 0.000357712735422, "min": 2.62519751058e-23, "var": 7.790024938e-06}, "spectral_energyband_middle_high": {"dmean": 0.00224328739569, "dmean2": 0.00309765501879, "dvar": 2.14830433833e-05, "dvar2": 3.82151993108e-05, "max": 0.0919192656875, "mean": 0.00634753424674, "median": 0.00226072012447, "min": 1.47977946578e-21, "var": 0.000114229202154}, "spectral_energyband_middle_low": {"dmean": 0.00234433985315, "dmean2": 0.00347221340053, "dvar": 2.14322535612e-05, "dvar2": 4.50312145404e-05, "max": 0.102643981576, "mean": 0.00628834730014, "median": 0.00302412780002, "min": 3.44689806419e-22, "var": 8.39174463181e-05}, "spectral_entropy": {"dmean": 0.165583387017, "dmean2": 0.233994230628, "dvar": 0.0364379547536, "dvar2": 0.0623522289097, "max": 9.80244159698, "mean": 7.43069648743, "median": 7.5193862915, "min": 4.79428815842, "var": 0.382109045982}, "spectral_flux": {"dmean": 0.0177026130259, "dmean2": 0.0280577018857, "dvar": 0.000462151714601, "dvar2": 0.00107140222099, "max": 0.301274418831, "mean": 0.058377739042, "median": 0.0527460351586, "min": 1.04664762968e-10, "var": 0.00171336589847}, "spectral_kurtosis": {"dmean": 2.00438809395, "dmean2": 3.38636517525, "dvar": 8.01931285858, "dvar2": 21.3137950897, "max": 69.534286499, "mean": 5.34767818451, "median": 3.82405614853, "min": -1.26098871231, "var": 38.791229248}, "spectral_rms": {"dmean": 0.000504635565449, "dmean2": 0.000679606222548, "dvar": 3.48215536405e-07, "dvar2": 5.60372370728e-07, "max": 0.010644367896, "mean": 0.00320130493492, "median": 0.00287695648149, "min": 3.26917789714e-12, "var": 3.83097085432e-06}, "spectral_rolloff": {"dmean": 533.787719727, "dmean2": 889.01763916, "dvar": 1132670.625, "dvar2": 2569106, "max": 17764.8925781, "mean": 1937.53527832, "median": 1399.65820313, "min": 64.599609375, "var": 3985664.5}, "spectral_skewness": {"dmean": 0.253835707903, "dmean2": 0.407020270824, "dvar": 0.0765347853303, "dvar2": 0.17713676393, "max": 6.83810806274, "mean": 1.54837536812, "median": 1.37497055531, "min": -0.415023654699, "var": 0.618869364262}, "spectral_spread": {"dmean": 410154.0625, "dmean2": 623483.125, "dvar": 51639015