{"lowlevel": {"average_loudness": 0.710550069809, "barkbands": {"dmean": [7.62981944717e-05, 0.00167608982883, 0.00101999426261, 0.000699467782397, 0.000897814054042, 0.000644595013, 0.000446197955171, 0.000519305467606, 0.00111268670298, 0.000977173098363, 0.000441478856374, 0.000638133729808, 0.00069920840906, 0.000836123013869, 0.000367412110791, 0.000258408166701, 0.000239925138885, 0.000161209012731, 0.000377966818633, 0.000207885430427, 0.000186848803423, 0.000191285536857, 0.000182713833055, 0.000117011048133, 5.84751178394e-05, 3.18851016345e-05, 1.97260351342e-06], "dmean2": [0.000112299574539, 0.00259187445045, 0.00178212602623, 0.00116447196342, 0.00149154732935, 0.00104324996937, 0.000699378724676, 0.000815704581328, 0.00176817690954, 0.00147432624362, 0.000710086722393, 0.000985067803413, 0.0011167867342, 0.00130962370895, 0.00057856051717, 0.000400625751354, 0.000379175005946, 0.000257398904068, 0.00057900842512, 0.000329990463797, 0.000283864181256, 0.000291308999294, 0.000290974945528, 0.000175414068508, 8.88134381967e-05, 4.85421332996e-05, 3.25424525727e-06], "dvar": [1.97872100927e-08, 8.57289251144e-06, 5.65750315218e-06, 2.58002432929e-06, 4.68362577521e-06, 1.49964546381e-06, 7.96490553512e-07, 1.89738068457e-06, 6.59860006635e-06, 6.52465178064e-06, 1.7240820398e-06, 3.71899000129e-06, 4.08088044423e-06, 6.24873791821e-06, 1.36758512781e-06, 5.83990413361e-07, 3.20537253629e-07, 1.41896393302e-07, 1.04185471628e-06, 2.36213850258e-07, 1.19060679538e-07, 2.16099522277e-07, 1.82038775165e-07, 5.134205594e-08, 1.35435200832e-08, 5.05100583581e-09, 2.54943705036e-11], "dvar2": [3.83452203323e-08, 1.95295797312e-05, 1.60184445122e-05, 6.75978708387e-06, 1.24775879158e-05, 3.86850524592e-06, 1.89302863873e-06, 4.78632136947e-06, 1.53882610903e-05, 1.36213920996e-05, 4.03851800002e-06, 8.36420258565e-06, 9.72983980319e-06, 1.43096576721e-05, 3.17317153531e-06, 1.36872347412e-06, 7.90420529029e-07, 3.64185382296e-07, 2.34309914049e-06, 5.76320417167e-07, 2.46985251806e-07, 4.73202277362e-07, 4.38068127551e-07, 1.10303808754e-07, 2.94459852057e-08, 1.1525530752e-08, 6.56909387997e-11], "max": [0.00234320107847, 0.0404116734862, 0.0224371887743, 0.0214974153787, 0.043782748282, 0.0267287734896, 0.0171226933599, 0.0396663993597, 0.038957644254, 0.0428206585348, 0.0390511676669, 0.0602558255196, 0.0384892560542, 0.0384423881769, 0.033774651587, 0.0234655514359, 0.0167123824358, 0.0103560648859, 0.0303550194949, 0.0151451639831, 0.014730244875, 0.0162553135306, 0.0117311337963, 0.00407589925453, 0.00220780097879, 0.00131584552582, 9.64517967077e-05], "mean": [0.00010073363228, 0.00224902899936, 0.00101717666257, 0.000772266706917, 0.00104614649899, 0.000863637367729, 0.000704366073478, 0.000784718722571, 0.00142896780744, 0.00149552559014, 0.000573840690777, 0.000925638596527, 0.000920883379877, 0.00108895218, 0.000530949386302, 0.000391848036088, 0.000378193333745, 0.000242276582867, 0.000590290059336, 0.000326233857777, 0.000290701602353, 0.000267288764007, 0.000226256524911, 0.000156574882567, 7.08001098246e-05, 3.39822981914e-05, 1.79842504622e-06], "median": [3.52877032128e-05, 0.000893798423931, 0.000439666269813, 0.000312521471642, 0.000449536717497, 0.000447626371169, 0.000360422302037, 0.000274268473731, 0.000307021138724, 0.00028396997368, 0.000133455701871, 0.000163863092894, 0.000206973432796, 0.000178595568286, 0.00013842235785, 0.000133045803523, 0.000138809031341, 0.000113238405902, 0.000217870605411, 0.000144415476825, 0.000121865989058, 8.25353054097e-05, 6.14421442151e-05, 4.40394069301e-05, 1.51281492435e-05, 5.04232411913e-06, 2.400346375e-07], "min": [5.96993958638e-25, 3.33914684317e-24, 1.54500072291e-25, 7.45304887112e-25, 5.0058103541e-24, 5.55100277532e-24, 3.09215015501e-24, 4.74609131169e-24, 1.56104907744e-23, 8.02719140287e-24, 1.41848329475e-23, 1.8930678529e-23, 2.40399144642e-23, 3.48894056391e-23, 3.0864085098e-23, 5.20549337397e-23, 6.27873327127e-23, 8.31659827882e-23, 1.09120087172e-22, 1.57821153529e-22, 2.32239211615e-22, 3.19607816166e-22, 3.91101282886e-22, 5.45387228843e-22, 7.55683359301e-22, 1.25274423703e-21, 1.99684025199e-21], "var": [3.52154607697e-08, 1.25245751406e-05, 3.927628768e-06, 2.28059684559e-06, 4.00482940677e-06, 1.65113499406e-06, 1.24694463466e-06, 3.17448234455e-06, 1.06578127088e-05, 1.49683910422e-05, 2.53065809375e-06, 7.26642610971e-06, 6.31652164884e-06, 9.55741870712e-06, 2.24720201913e-06, 9.32353373173e-07, 5.29926467152e-07, 1.97504519406e-07, 1.62584819918e-06, 3.46907057747e-07, 2.54298498703e-07, 3.63784522506e-07, 2.8171990607e-07, 8.59932640651e-08, 2.19915943234e-08, 6.04961902795e-09, 2.15692602668e-11]}, "barkbands_crest": {"dmean": 2.55588340759, "dmean2": 4.09170198441, "dvar": 5.66121578217, "dvar2": 13.4030866623, "max": 24.5956993103, "mean": 7.94011592865, "median": 6.93070793152, "min": 2.12206244469, "var": 14.2074575424}, "barkbands_flatness_db": {"dmean": 0.02045333758, "dmean2": 0.0306534208357, "dvar": 0.000375445757527, "dvar2": 0.00080091500422, "max": 0.276343017817, "mean": 0.0944387093186, "median": 0.0878386497498, "min": 0.0154607351869, "var": 0.00132459425367}, "barkbands_kurtosis": {"dmean": 1.50504207611, "dmean2": 2.40924787521, "dvar": 6.56358861923, "dvar2": 15.5667963028, "max": 79.8536834717, "mean": 1.01562905312, "median": 0.100871257484, "min": -1.89629483223, "var": 10.6566257477}, "barkbands_skewness": {"dmean": 0.500041127205, "dmean2": 0.764060139656, "dvar": 0.248419731855, "dvar2": 0.5523635149, "max": 8.39505672455, "mean": 0.701191604137, "median": 0.675212025642, "min": -4.21186351776, "var": 0.943701922894}, "barkbands_spread": {"dmean": 8.46845245361, "dmean2": 12.7343454361, "dvar": 76.3518676758, "dvar2": 166.31072998, "max": 96.615486145, "mean": 30.7730236053, "median": 28.1703948975, "min": 2.34295916557, "var": 244.737701416}, "dissonance": {"dmean": 0.0165288373828, "dmean2": 0.0277959201485, "dvar": 0.000276790902717, "dvar2": 0.000740701565519, "max": 0.500000119209, "mean": 0.472462385893, "median": 0.478063344955, "min": 0.291872829199, "var": 0.000501440954395}, "dynamic_complexity": 4.43355321884, "erbbands": {"dmean": [0.0579014234245, 0.383662104607, 1.09509396553, 1.81509757042, 2.53857827187, 3.57365250587, 3.28898715973, 6.15629148483, 6.42081880569, 7.54784345627, 12.6622619629, 22.8535575867, 36.9520225525, 17.7780895233, 16.7955551147, 28.2414836884, 29.1639442444, 43.3592529297, 23.6216888428, 15.1375989914, 14.545083046, 10.0894403458, 7.69288110733, 15.31757164, 17.4822025299, 10.1666603088, 7.50475358963, 7.58908033371, 6.69497203827, 5.79304361343, 5.56736516953, 3.24904799461, 1.47346282005, 0.743887782097, 0.399695277214, 0.185628131032, 0.0488849282265, 0.00441975472495, 0.000356710574124, 2.33028113144e-05], "dmean2": [0.0848943293095, 0.623167276382, 1.89657843113, 3.02857327461, 4.27112770081, 5.92317390442, 5.40709209442, 9.99115371704, 10.1689291, 11.6426525116, 19.7355995178, 35.9915771484, 55.9957008362, 26.6630439758, 26.1940803528, 43.0692367554, 45.3921699524, 67.6378097534, 36.259311676, 22.6521263123, 22.3124294281, 15.6064815521, 11.9912214279, 23.7164478302, 26.8589191437, 16.0778427124, 11.3699226379, 11.6338882446, 10.1715078354, 8.90344810486, 9.00439071655, 4.90407276154, 2.25366282463, 1.13566744328, 0.614165008068, 0.283059507608, 0.0755776315928, 0.00690467702225, 0.000582390173804, 3.42178464052e-05], "dvar": [0.0106832720339, 0.508228778839, 6.19444417953, 15.6246824265, 48.0415916443, 71.6857147217, 40.5013694763, 153.104919434, 194.500793457, 219.306762695, 1488.59265137, 3193.85668945, 8600.01855469, 2465.61132813, 3018.28100586, 7189.76464844, 6585.00634766, 16492.5117188, 5600.78613281, 1735.6920166, 1481.71057129, 505.07043457, 272.726501465, 1273.6706543, 3175.66748047, 473.101745605, 231.743942261, 220.145019531, 260.749053955, 199.702392578, 178.151657104, 46.0444908142, 7.83081817627, 2.23437857628, 0.649221241474, 0.16595928371, 0.0142022585496, 9.44130297285e-05, 8.28996292057e-07, 1.77514913879e-09], "dvar2": [0.0217159707099, 1.29502260685, 17.3735408783, 41.9565696716, 130.046691895, 184.150268555, 107.312431335, 395.618408203, 487.278656006, 493.580383301, 3757.82836914, 7388.66992188, 18788.578125, 5055.47412109, 7112.66845703, 15924.0751953, 15342.0546875, 38441.421875, 12552.1240234, 3588.47265625, 3409.07348633, 1207.5435791, 652.50579834, 2959.0246582, 7411.85595703, 1149.55737305, 501.280853271, 465.589538574, 551.801208496, 437.986846924, 448.45880127, 101.371459961, 17.5361690521, 4.85907793045, 1.46238029003, 0.375377714634, 0.033642269671, 0.000223152906983, 2.1296932573e-06, 4.17490531035e-09], "max": [1.18617582321, 10.3129863739, 23.6446323395, 48.5957984924, 142.721511841, 156.242507935, 114.783531189, 271.214874268, 315.455474854, 435.721679688, 1477.86914063, 976.299194336, 1423.17932129, 1340.42041016, 1757.1763916, 2794.43823242, 1772.58789063, 1961.82897949, 1955.64294434, 1596.34082031, 1368.39489746, 604.704101563, 502.40625, 1120.93347168, 2044.73449707, 604.652893066, 712.394470215, 508.173950195, 565.574401855, 577.341186523, 295.421173096, 123.601654053, 50.4124946594, 25.9287605286, 14.8169116974, 8.48963165283, 1.96678161621, 0.167285218835, 0.0203951969743, 0.000671210640576], "mean": [0.0734942108393, 0.46850335598, 1.1548627615, 2.05682897568, 2.78115773201, 3.97868108749, 4.10042953491, 7.88050413132, 9.73582458496, 12.6983385086, 19.2291221619, 30.8763370514, 56.7931098938, 29.5977993011, 25.4525108337, 42.8856163025, 42.1723976135, 60.2181472778, 34.4418907166, 25.017162323, 24.151889801, 17.6092720032, 12.9304237366, 25.1273441315, 26.6148452759, 16.3522415161, 12.3110704422, 11.0057039261, 9.39709281921, 7.72241210938, 6.74928188324, 4.40460586548, 1.87883329391, 0.912861645222, 0.465118467808, 0.204167082906, 0.0504943989217, 0.00453084940091, 0.00033946527401, 3.79521479772e-05], "median": [0.0234020445496, 0.196842268109, 0.546559214592, 0.936027467251, 1.1372988224, 1.44341528416, 2.07228183746, 3.81884098053, 4.96456289291, 6.0053691864, 6.39250421524, 7.83150148392, 11.8352584839, 6.98409557343, 6.69343042374, 8.76387310028, 10.5231494904, 11.3687744141, 8.27154541016, 7.59973239899, 9.3497133255, 7.82677984238, 6.92672109604, 9.38774204254, 10.1780376434, 7.37284374237, 5.65117883682, 4.0281457901, 2.93400382996, 2.15779018402, 1.83523774147, 1.33724081516, 0.514740884304, 0.212640821934, 0.0890646129847, 0.0322200581431, 0.00683778245002, 0.000707465340383, 6.00794592174e-05, 2.25557887461e-05], "min": [9.20449846188e-23, 4.4133907553e-22, 1.30763441575e-21, 4.03153492223e-21, 8.27309859524e-21, 1.59625340266e-20, 3.57709376825e-20, 6.51917972106e-20, 5.08743186272e-20, 1.59912766142e-19, 1.68843486249e-19, 3.47355886678e-19, 4.14843097164e-19, 6.98005296362e-19, 1.01663712947e-18, 1.11723387249e-18, 1.49698287574e-18, 1.88898149328e-18, 2.53357191178e-18, 2.54699043568e-18, 3.58093394132e-18, 3.5168977542e-18, 4.49160437464e-18, 4.56182621838e-18, 7.18590905997e-18, 6.64905519394e-18, 9.44328247009e-18, 8.78195157035e-18, 1.07509309414e-17, 1.1407429452e-17, 1.09752267548e-17, 1.08159680171e-17, 9.98726870094e-18, 6.62169826313e-18, 6.81873185786e-18, 4.21566850282e-18, 2.31936005047e-18, 8.79073064499e-19, 2.37638417584e-19, 2.6383975769e-20], "var": [0.0171085577458, 0.571336090565, 4.49659109116, 13.440486908, 36.5340538025, 68.0455245972, 39.201385498, 162.036392212, 244.79586792, 484.849578857, 2254.85668945, 5195.01806641, 18814.5585938, 7063.58642578, 4526.78125, 14497.3759766, 10900.6845703, 26207.0703125, 8713.89453125, 4064.77807617, 2596.97167969, 940.48248291, 435.836578369, 2267.73339844, 4269.54638672, 767.16619873, 452.85546875, 433.479034424, 445.706054688, 368.631469727, 240.493438721, 73.2429656982, 12.904381752, 3.69099926949, 0.964090287685, 0.210833698511, 0.0154189486057, 0.000105533959868, 7.11774134743e-07, 2.34065278271e-09]}, "erbbands_crest": {"dmean": 2.76413035393, "dmean2": 4.42515707016, "dvar": 8.27704429626, "dvar2": 18.9415683746, "max": 30.7057971954, "mean": 8.42852401733, "median": 7.0270819664, "min": 2.17379188538, "var": 22.6135101318}, "erbbands_flatness_db": {"dmean": 0.0229500066489, "dmean2": 0.0308804512024, "dvar": 0.000505912292283, "dvar2": 0.000836629420519, "max": 0.347699165344, "mean": 0.151114672422, "median": 0.145188674331, "min": 0.0211870279163, "var": 0.00251010525972}, "erbbands_kurtosis": {"dmean": 0.969296514988, "dmean2": 1.52745318413, "dvar": 2.2909078598, "dvar2": 5.34438180923, "max": 34.5732116699, "mean": 0.335067868233, "median": -0.278606116772, "min": -1.747199893, "var": 4.51990699768}, "erbbands_skewness": {"dmean": 0.381868213415, "dmean2": 0.570409238338, "dvar": 0.127422899008, "dvar2": 0.277704149485, "max": 4.30192565918, "mean": 0.131198063493, "median": 0.0896276608109, "min": -3.56232857704, "var": 0.556729972363}, "erbbands_spread": {"dmean": 9.67465877533, "dmean2": 14.3449678421, "dvar": 99.8756103516, "dvar2": 201.014404297, "max": 124.911621094, "mean": 38.3685493469, "median": 34.9090805054, "min": 2.63007307053, "var": 381.86706543}, "gfcc": {"cov": [[30516.7304688, 1141.00634766, -2431.79833984, 785.945678711, -1186.22680664, 670.304870605, -572.095336914, 370.097869873, -452.203063965, 194.439224243, -397.582672119, -95.6815567017, -323.0390625], [1141.00634766, 1283.82348633, -470.404418945, -33.7848854065, 128.978179932, -77.9273834229, 57.8062782288, -44.7549476624, 47.841960907, -99.6971588135, 77.4989776611, -98.9942779541, 30.5840644836], [-2431.79833984, -470.404418945, 1145.81506348, 168.406097412, 54.4432868958, 54.3880157471, -39.6113052368, -9.28343677521, 28.198009491, 16.9317035675, -97.7538452148, 85.1769943237, -42.1150398254], [785.945678711, -33.7848854065, 168.406097412, 318.945343018, 12.1253786087, 17.0404472351, -72.7981643677, -0.651970028877, 7.7254486084, 12.3418674469, -42.266620636, 4.70359134674, -30.6217823029], [-1186.22680664, 128.978179932, 54.4432868958, 12.1253786087, 285.269500732, 21.8035068512, 48.357257843, -12.9417333603, 45.7302589417, -24.4341182709, 11.8268098831, -31.7751293182, 8.07713603973], [670.304870605, -77.9273834229, 54.3880157471, 17.0404472351, 21.8035068512, 169.4453125, 41.3826179504, 26.533914566, -27.6299819946, -1.83980667591, -29.1638240814, 13.5388708115, -33.7094345093], [-572.095336914, 57.8062782288, -39.6113052368, -72.7981643677, 48.357257843, 41.3826179504, 190.378356934, 32.2331428528, -16.9119319916, -41.7419548035, 23.8084869385, -7.57591819763, 3.38892912865], [370.097869873, -44.7549476624, -9.28343677521, -0.651970028877, -12.9417333603, 26.533914566, 32.2331428528, 103.010322571, 14.1675539017, 12.5677194595, -4.02475070953, 11.9935026169, -1.94016456604], [-452.203063965, 47.841960907, 28.198009491, 7.7254486084, 45.7302589417, -27.6299819946, -16.9119319916, 14.1675539017, 114.659248352, 30.6670970917, 4.39924192429, -0.772106587887, 9.76954841614], [194.439224243, -99.6971588135, 16.9317035675, 12.3418674469, -24.4341182709, -1.83980667591, -41.7419548035, 12.5677194595, 30.6670970917, 97.9587860107, 19.1737651825, -1.48610436916, 4.18586540222], [-397.582672119, 77.4989776611, -97.7538452148, -42.266620636, 11.8268098831, -29.1638240814, 23.8084869385, -4.02475070953, 4.39924192429, 19.1737651825, 95.5407791138, 14.4612998962, 16.4022712708], [-95.6815567017, -98.9942779541, 85.1769943237, 4.70359134674, -31.7751293182, 13.5388708115, -7.57591819763, 11.9935026169, -0.772106587887, -1.48610436916, 14.4612998962, 94.0946502686, 10.3303794861], [-323.0390625, 30.5840644836, -42.1150398254, -30.6217823029, 8.07713603973, -33.7094345093, 3.38892912865, -1.94016456604, 9.76954841614, 4.18586540222, 16.4022712708, 10.3303794861, 73.8996887207]], "icov": [[0.000141990283737, -0.000250280660111, 0.000357314565917, -0.000326965062413, 0.000404578109737, -0.000525157141965, 0.000334688840667, -0.000434023415437, 0.000515608815476, -0.000601706386078, 0.000790292862803, -0.000292710843496, 0.0003133272985], [-0.000250280660111, 0.00171837117523, -0.000260437169345, 0.000286991591565, -0.000832568912301, 0.000847936025821, -0.000482819188619, 0.00103840185329, -0.00191179127432, 0.00290594273247, -0.00265692942776, 0.0017346679233, -0.000872166769113], [0.000357314565917, -0.000260437169345, 0.00225448375568, -0.00129757984541, 0.000468137441203, -0.00105803261977, 0.000469426013296, -0.000514755258337, 0.000987263745628, -0.00189120217692, 0.00333416089416, -0.0021592900157, 0.00138645351399], [-0.000326965062413, 0.000286991591565, -0.00129757984541, 0.00474246172234, -0.00137157319114, 0.00111244700383, 0.00072086439468, 0.000469348073239, -0.000789812591393, 0.000871952506714, -0.000748778576963, 0.000350944581442, 0.000486384378746], [0.000404578109737, -0.000832568912301, 0.000468137441203, -0.00137157319114, 0.00618605827913, -0.00324179325253, 0.000298626750009, -0.000362631195458, -0.00133217917755, 0.000534794002306, 0.000149861181853, 0.00183652539272, -0.000510700512677], [-0.000525157141965, 0.000847936025821, -0.00105803261977, 0.00111244700383, -0.00324179325253, 0.0109359137714, -0.00367400282994, 0.000428716972237, 0.00106991431676, -0.00100250681862, 0.00124061433598, -0.00225138058886, 0.00268863793463], [0.000334688840667, -0.000482819188619, 0.000469426013296, 0.00072086439468, 0.000298626750009, -0.00367400282994, 0.00935525353998, -0.00417851982638, 0.00150971324183, 0.00315385987051, -0.00200670119375, 0.00167768902611, -0.000185539116501], [-0.000434023415437, 0.00103840185329, -0.000514755258337, 0.000469348073239, -0.000362631195458, 0.000428716972237, -0.00417851982638, 0.0134722292423, -0.00392283173278, -0.000266126415227, -0.000657164026052, -0.000988664687611, -0.000827626266982], [0.000515608815476, -0.00191179127432, 0.000987263745628, -0.000789812591393, -0.00133217917755, 0.00106991431676, 0.00150971324183, -0.00392283173278, 0.0146310580894, -0.00797400157899, 0.00547972973436, -0.00333729106933, 0.00150960322935], [-0.000601706386078, 0.00290594273247, -0.00189120217692, 0.000871952506714, 0.000534794002306, -0.00100250681862, 0.00315385987051, -0.000266126415227, -0.00797400157899, 0.0211676321924, -0.0119158308953, 0.00723601412028, -0.00372832617722], [0.000790292862803, -0.00265692942776, 0.00333416089416, -0.000748778576963, 0.000149861181853, 0.00124061433598, -0.00200670119375, -0.000657164026052, 0.00547972973436, -0.0119158308953, 0.0228452347219, -0.00915384013206, 0.00292792217806], [-0.000292710843496, 0.0017346679233, -0.0021592900157, 0.000350944581442, 0.00183652539272, -0.00225138058886, 0.00167768902611, -0.000988664687611, -0.00333729106933, 0.00723601412028, -0.00915384013206, 0.0173147525638, -0.00477054808289], [0.0003133272985, -0.000872166769113, 0.00138645351399, 0.000486384378746, -0.000510700512677, 0.00268863793463, -0.000185539116501, -0.000827626266982, 0.00150960322935, -0.00372832617722, 0.00292792217806, -0.00477054808289, 0.0175517853349]], "mean": [-32.0382537842, 72.2275238037, -129.265151978, 36.0486984253, -64.3842086792, 18.7316169739, -30.9861602783, 10.4888467789, -20.0471973419, 5.83462715149, -11.7579116821, -0.741412401199, -11.2626476288]}, "hfc": {"dmean": 9.45096492767, "dmean2": 13.2580213547, "dvar": 168.714691162, "dvar2": 338.597442627, "max": 312.797576904, "mean": 22.3933792114, "median": 14.4965581894, "min": 1.0544152001e-16, "var": 535.67175293}, "melbands": {"dmean": [0.000474542001029, 0.000532276928425, 0.000331576447934, 0.000214858766412, 0.000121351535199, 0.000134633111884, 9.49331370066e-05, 8.39960703161e-05, 0.000106993182271, 0.000162807991728, 0.000185403085197, 7.52708219807e-05, 5.99958075327e-05, 7.12991168257e-05, 7.04342091922e-05, 7.51255211071e-05, 8.81313535501e-05, 4.44362194685e-05, 2.45402789005e-05, 1.90457358258e-05, 1.93350715563e-05, 1.2785162653e-05, 8.2548986029e-06, 7.80963819125e-06, 1.35504060381e-05, 1.59552582772e-05, 9.27655582927e-06, 6.53677489026e-06, 5.01624481331e-06, 4.60077990283e-06, 4.80448306917e-06, 4.00140424972e-06, 3.60791818821e-06, 3.14286830871e-06, 3.71260125576e-06, 2.45356250161e-06, 1.78421976216e-06, 1.09424047423e-06, 8.14256907233e-07, 5.8898098132e-07], "dmean2": [0.00071081292117, 0.000896592449863, 0.000550544064026, 0.000356713368092, 0.000197464396479, 0.000217305961996, 0.000149639236042, 0.000130247106426, 0.000167117264937, 0.000257467967458, 0.00028113371809, 0.000113753674668, 9.52148475335e-05, 0.000109927503217, 0.00010761134763, 0.000119383919809, 0.000138017028803, 6.94168702466e-05, 3.86751853512e-05, 2.91404212476e-05, 3.03631386487e-05, 2.00815848075e-05, 1.29037161969e-05, 1.24991011035e-05, 2.13873645407e-05, 2.43295453402e-05, 1.46879510794e-05, 1.05199078462e-05, 7.77427612775e-06, 6.95364042258e-06, 7.58388159738e-06, 6.16930810793e-06, 5.58587635169e-06, 4.90844968226e-06, 6.18996045887e-06, 3.81916788683e-06, 2.70675673164e-06, 1.70343139416e-06, 1.27271948713e-06, 9.06995467176e-07], "dvar": [6.79173695062e-07, 1.24361531562e-06, 5.436939432e-07, 2.81919710687e-07, 5.67496840631e-08, 7.06464788891e-08, 3.9945923902e-08, 2.77302252272e-08, 1.12867738267e-07, 1.49417502371e-07, 2.14149622479e-07, 4.80855959495e-08, 3.26259339545e-08, 4.79605333226e-08, 4.40878196173e-08, 5.16633384962e-08, 7.2544715124e-08, 2.23530829402e-08, 6.5616210243e-09, 3.38948136225e-09, 2.70146061077e-09, 9.49110234849e-10, 3.71252917297e-10, 2.94514468369e-10, 1.11483522414e-09, 2.60231147742e-09, 7.08136216332e-10, 1.84463486153e-10, 1.18032139618e-10, 8.62306892557e-11, 9.84758247169e-11, 9.20808429505e-11, 9.73916225444e-11, 5.97009594538e-11, 1.0136309847e-10, 2.6332828279e-11, 1.46806802825e-11, 4.60644933656e-12, 2.543472594e-12, 1.53589532585e-12], "dvar2": [1.44431237459e-06, 3.4019958548e-06, 1.43330146329e-06, 7.54618099563e-07, 1.45908472859e-07, 1.82224127343e-07, 9.88423494164e-08, 6.35490877698e-08, 2.82706110966e-07, 3.45787015021e-07, 4.63640873249e-07, 9.64206492426e-08, 7.39241983183e-08, 1.1194120475e-07, 9.63349435779e-08, 1.23149376918e-07, 1.68536530509e-07, 5.06018480451e-08, 1.48400971511e-08, 7.56353024656e-09, 6.38889874338e-09, 2.3324773224e-09, 8.73331851281e-10, 7.26953719443e-10, 2.66698063633e-09, 5.84522563685e-09, 1.69720659748e-09, 4.60910976052e-10, 2.67177419078e-10, 1.85467100011e-10, 2.26684657156e-10, 1.95298638372e-10, 2.28593852181e-10, 1.30637181628e-10, 2.68178868001e-10, 6.13569819952e-11, 3.29658696174e-11, 1.05823648455e-11, 5.93670902369e-12, 3.36262419819e-12], "max": [0.00925388839096, 0.0118451844901, 0.00908877979964, 0.0117208566517, 0.00328269600868, 0.00629253638908, 0.00413087941706, 0.00500946072862, 0.0142152337357, 0.00619016820565, 0.00699173239991, 0.00624137558043, 0.00637931656092, 0.0060993693769, 0.00918263103813, 0.00513848150149, 0.00434154737741, 0.00431717000902, 0.00258068088442, 0.00230205850676, 0.00163986789994, 0.000856572005432, 0.000679345685057, 0.000535917817615, 0.0011294161668, 0.00159915781114, 0.000690910092089, 0.000349647190887, 0.00046483517508, 0.000379762379453, 0.000252960628131, 0.000381521473173, 0.000296930113109, 0.000314775359584, 0.000190258593648, 0.000127813240397, 7.63142306823e-05, 4.36896298197e-05, 2.91608957923e-05, 2.30809309869e-05], "mean": [0.000632866169326, 0.000616742298007, 0.000377904478228, 0.000243898568442, 0.000151999556692, 0.000177706810064, 0.000148386563524, 0.000139776209835, 0.000154824141646, 0.000212970669963, 0.000282183551462, 0.000118307696539, 8.14405138954e-05, 0.000104420767457, 9.60278994171e-05, 9.64861537796e-05, 0.000114990238217, 5.7456218201e-05, 3.62532700819e-05, 2.86544236587e-05, 2.99071652989e-05, 2.04153329832e-05, 1.22148585433e-05, 1.20185623018e-05, 2.09455447475e-05, 2.31910889852e-05, 1.35975042213e-05, 9.90591070149e-06, 7.54246048018e-06, 7.09977894076e-06, 6.2414014792e-06, 5.45630337001e-06, 4.740782515e-06, 4.00034696213e-06, 4.05824039262e-06, 3.31155365529e-06, 2.34319031733e-06, 1.34947970309e-06, 9.71608983491e-07, 6.99066220022e-07], "median": [0.000228343240451, 0.000320596853271, 0.000173254753463, 9.5698502264e-05, 7.45658617234e-05, 8.90172668733e-05, 7.69664766267e-05, 6.41838414595e-05, 4.71308812848e-05, 4.70978593512e-05, 5.59670334042e-05, 2.50981229328e-05, 1.98900816031e-05, 1.88999492821e-05, 2.27264754358e-05, 2.10672133107e-05, 1.94456988538e-05, 1.21955290524e-05, 9.3952548923e-06, 8.7730204541e-06, 1.04518348962e-05, 7.39031065677e-06, 5.32342619408e-06, 5.57409202884e-06, 6.96394590705e-06, 7.46405021346e-06, 5.61377510166e-06, 4.25230473411e-06, 3.20383196595e-06, 2.7278174457e-06, 1.93640835278e-06, 1.60219610734e-06, 1.34874483138e-06, 1.03273566765e-06, 1.00589295471e-06, 1.0322878552e-06, 6.520340321e-07, 3.50396987869e-07, 2.30623953712e-07, 1.50553631784e-07], "min": [1.59313536367e-24, 1.0326223762e-24, 7.90725821705e-25, 1.27340037524e-24, 1.51771779594e-24, 1.517244578e-24, 7.67390330052e-25, 2.23240260328e-24, 1.14581652053e-24, 2.13278583982e-24, 2.01055657572e-24, 2.15213916162e-24, 2.39651702879e-24, 1.53031265054e-24, 2.70443626137e-24, 2.08339940006e-24, 3.20080765888e-24, 3.54916133767e-24, 1.79803133418e-24, 2.82967187437e-24, 3.40853149852e-24, 3.30516054601e-24, 3.72353233545e-24, 3.0412889398e-24, 2.8406841754e-24, 4.37674505814e-24, 3.6519613521e-24, 3.38103377952e-24, 4.45520634707e-24, 4.53218576078e-24, 3.77514434903e-24, 5.37283144013e-24, 5.45165166076e-24, 5.44746912024e-24, 5.60678470765e-24, 4.90782594106e-24, 5.98474335013e-24, 5.96402036858e-24, 6.26400760475e-24, 5.10027841965e-24], "var": [1.08058418391e-06, 1.04631089926e-06, 4.69241342671e-07, 2.360384741e-07, 5.76055008139e-08, 7.73505703933e-08, 5.35015161063e-08, 5.9989240242e-08, 1.59699581559e-07, 2.45354129902e-07, 4.72219227277e-07, 1.37828095603e-07, 5.03047061784e-08, 8.71922694046e-08, 6.88905430479e-08, 7.68123200601e-08, 1.1067942296e-07, 3.10318526431e-08, 1.19308305457e-08, 5.71703040464e-09, 4.38566827299e-09, 1.64470359554e-09, 5.71616143308e-10, 4.50204790114e-10, 1.83149984068e-09, 3.79917075577e-09, 9.13876918585e-10, 2.85946183398e-10, 1.98771554771e-10, 1.73952768856e-10, 1.59407195777e-10, 1.50934167942e-10, 1.47204165524e-10, 1.09332362608e-10, 1.0693186614e-10, 4.36583130758e-11, 2.17144496828e-11, 7.12746051415e-12, 3.91205340691e-12, 2.40402966631e-12]}, "melbands_crest": {"dmean": 3.46603608131, "dmean2": 5.52925157547, "dvar": 9.38568687439, "dvar2": 23.0400466919, "max": 36.146232605, "mean": 11.5666151047, "median": 10.5736541748, "min": 1.6125575304, "var": 25.2977390289}, "melbands_flatness_db": {"dmean": 0.0255469866097, "dmean2": 0.038993395865, "dvar": 0.000566053786315, "dvar2": 0.00130449759308, "max": 0.371424466372, "mean": 0.139529541135, "median": 0.136773198843, "min": 0.00334072858095, "var": 0.00227518077008}, "melbands_kurtosis": {"dmean": 4.2871055603, "dmean2": 6.75353956223, "dvar": 61.3553581238, "dvar2": 143.65637207, "max": 275.581634521, "mean": 6.19913387299, "median": 3.14318585396, "min": -1.86323094368, "var": 111.987030029}, "melbands_skewness": {"dmean": 0.693769097328, "dmean2": 1.03759586811, "dvar": 0.516134858131, "dvar2": 1.11780798435, "max": 14.4900112152, "mean": 1.74464440346, "median": 1.54994249344, "min": -1.9154998064, "var": 1.91192650795}, "melbands_spread": {"dmean": 11.8978233337, "dmean2": 18.4890499115, "dvar": 203.94190979, "dvar2": 449.819946289, "max": 228.235946655, "mean": 39.2131080627, "median": 33.5660400391, "min": 1.73604631424, "var": 691.02947998}, "mfcc": {"cov": [[12299.5751953, 1001.29858398, -202.607803345, 184.949371338, -9.29118728638, 211.629592896, 140.096817017, 120.796211243, 30.6918087006, 199.792785645, 17.7170581818, -40.2714614868, -54.8622512817], [1001.29858398, 1237.4864502, -340.233917236, 51.2509994507, 8.61367225647, 3.48865938187, 35.193775177, 38.9616928101, -10.5587644577, 21.1725578308, -16.9156112671, 39.5621414185, 26.4275741577], [-202.607803345, -340.233917236, 757.675292969, 121.550697327, 69.5824356079, 61.2851638794, -70.9129867554, 21.9464263916, 35.9144897461, -56.9179229736, 13.797873497, 9.96712207794, -30.369102478], [184.949371338, 51.2509994507, 121.550697327, 254.696533203, 90.1390686035, 26.7563896179, -43.299533844, -5.65585517883, 8.0703754425, 9.65338516235, -4.23100805283, -1.48184120655, 2.03589248657], [-9.29118728638, 8.61367225647, 69.5824356079, 90.1390686035, 218.654144287, 59.4167137146, -44.5262145996, -9.11100482941, 23.5603866577, 18.0215988159, 5.68467187881, 0.146386921406, -0.583225786686], [211.629592896, 3.48865938187, 61.2851638794, 26.7563896179, 59.4167137146, 136.655105591, 25.708814621, 30.9451007843, 6.07939910889, 11.9045848846, 5.17375659943, -5.89180231094, -17.3178119659], [140.096817017, 35.193775177, -70.9129867554, -43.299533844, -44.5262145996, 25.708814621, 176.461303711, 55.5434837341, 0.282217562199, -6.97103118896, 8.04085159302, 0.18649405241, -5.19256782532], [120.796211243, 38.9616928101, 21.9464263916, -5.65585517883, -9.11100482941, 30.9451007843, 55.5434837341, 150.514175415, 23.4762077332, -23.994977951, -1.30133521557, 18.8946456909, -1.4319396019], [30.6918087006, -10.5587644577, 35.9144897461, 8.0703754425, 23.5603866577, 6.07939910889, 0.282217562199, 23.4762077332, 89.9394454956, 21.3727779388, 4.26225948334, -5.38482379913, -2.79221987724], [199.792785645, 21.1725578308, -56.9179229736, 9.65338516235, 18.0215988159, 11.9045848846, -6.97103118896, -23.994977951, 21.3727779388, 107.605949402, 21.4330692291, -17.2830715179, -7.49293231964], [17.7170581818, -16.9156112671, 13.797873497, -4.23100805283, 5.68467187881, 5.17375659943, 8.04085159302, -1.30133521557, 4.26225948334, 21.4330692291, 65.3029556274, 23.5255413055, -2.64239311218], [-40.2714614868, 39.5621414185, 9.96712207794, -1.48184120655, 0.146386921406, -5.89180231094, 0.18649405241, 18.8946456909, -5.38482379913, -17.2830715179, 23.5255413055, 80.8904724121, 23.5796489716], [-54.8622512817, 26.4275741577, -30.369102478, 2.03589248657, -0.583225786686, -17.3178119659, -5.19256782532, -1.4319396019, -2.79221987724, -7.49293231964, -2.64239311218, 23.5796489716, 64.3461227417]], "icov": [[9.39564779401e-05, -7.22413606127e-05, -7.32177977625e-06, -6.38689598418e-05, 7.19423187547e-05, -0.000121435943583, -3.28453970724e-05, -4.91600148962e-05, 1.28492511067e-05, -0.000163700722624, 2.28611824582e-07, 3.85972052754e-05, 3.99291348003e-05], [-7.22413606127e-05, 0.00106715667062, 0.00054760085186, -0.000398702657549, -5.52345045435e-05, -5.79785883019e-05, 1.03505399238e-05, -0.000205343880225, -2.97225924442e-05, 3.28360765707e-05, 0.00040722914855, -0.000711368746124, 3.12767369905e-05], [-7.32177977625e-06, 0.00054760085186, 0.00206449115649, -0.00094761850778, 0.0001061209623, -0.000880596984643, 0.000813071615994, -0.000154180626851, -0.000923092884477, 0.00149496097583, -0.00065994047327, -0.000368777138647, 0.000841411179863], [-6.38689598418e-05, -0.000398702657549, -0.00094761850778, 0.00523642497137, -0.0018039640272, 0.00016697558749, 0.000501561735291, -6.07228212175e-05, 0.000492116378155, -0.000683270860463, 0.000601238571107, 0.000283368019154, -0.000573274795897], [7.19423187547e-05, -5.52345045435e-05, 0.0001061209623, -0.0018039640272, 0.00664775399491, -0.0030846837908, 0.00149653211702, 0.000608076283243, -0.00158870068844, -9.9356584542e-05, -0.000484372110805, -0.000215832536924, -0.000465766555863], [-0.000121435943583, -5.79785883019e-05, -0.000880596984643, 0.00016697558749, -0.0030846837908, 0.0102982781827, -0.00191944814287, -0.0018519971054, 0.00140869861934, -0.00151870574336, 0.000172851025127, 0.000477122026496, 0.0017634795513], [-3.28453970724e-05, 1.03505399238e-05, 0.000813071615994, 0.000501561735291, 0.00149653211702, -0.00191944814287, 0.0076680611819, -0.00239899824373, -8.70228323038e-05, 0.000885622343048, -0.00172151415609, 0.000948848202825, 7.89479381638e-05], [-4.91600148962e-05, -0.000205343880225, -0.000154180626851, -6.07228212175e-05, 0.000608076283243, -0.0018519971054, -0.00239899824373, 0.00917947292328, -0.00303712161258, 0.00212749000639, 0.000925631611608, -0.00234402366914, 0.000502261391375], [1.28492511067e-05, -2.97225924442e-05, -0.000923092884477, 0.000492116378155, -0.00158870068844, 0.00140869861934, -8.70228323038e-05, -0.00303712161258, 0.0134714255109, -0.00365359266289, 7.40807954571e-05, 0.00117148284335, -0.00040507724043], [-0.000163700722624, 3.28360765707e-05, 0.00149496097583, -0.000683270860463, -9.9356584542e-05, -0.00151870574336, 0.000885622343048, 0.00212749000639, -0.00365359266289, 0.0135587481782, -0.00564059941098, 0.00331559032202, 0.000257007195614], [2.28611824582e-07, 0.00040722914855, -0.00065994047327, 0.000601238571107, -0.000484372110805, 0.000172851025127, -0.00172151415609, 0.000925631611608, 7.40807954571e-05, -0.00564059941098, 0.0208163931966, -0.00834235735238, 0.00268452940509], [3.85972052754e-05, -0.000711368746124, -0.000368777138647, 0.000283368019154, -0.000215832536924, 0.000477122026496, 0.000948848202825, -0.00234402366914, 0.00117148284335, 0.00331559032202, -0.00834235735238, 0.0184289626777, -0.00636603264138], [3.99291348003e-05, 3.12767369905e-05, 0.000841411179863, -0.000573274795897, -0.000465766555863, 0.0017634795513, 7.89479381638e-05, 0.000502261391375, -0.00040507724043, 0.000257007195614, 0.00268452940509, -0.00636603264138, 0.018920769915]], "mean": [-655.560302734, 95.905456543, -6.84654092789, 18.2640552521, -6.41016292572, 7.4913277626, 0.220589578152, 4.4889793396, -2.97005486488, 8.3718957901, 0.80174934864, 1.96042537689, -1.56090950966]}, "pitch_salience": {"dmean": 0.0710064768791, "dmean2": 0.112677507102, "dvar": 0.00378682161681, "dvar2": 0.00917343236506, "max": 0.88365316391, "mean": 0.603933215141, "median": 0.612594485283, "min": 0.0933488458395, "var": 0.00981899350882}, "silence_rate_20dB": {"dmean": 0, "dmean2": 0, "dvar": 0, "dvar2": 0, "max": 1, "mean": 1, "median": 1, "min": 1, "var": 0}, "silence_rate_30dB": {"dmean": 0.000381424615625, "dmean2": 0.000762921990827, "dvar": 0.000381364574423, "dvar2": 0.000953412032686, "max": 1, "mean": 0.99971395731, "median": 1, "min": 0, "var": 0.000285884249024}, "silence_rate_60dB": {"dmean": 0.0707542672753, "dmean2": 0.141522035003, "dvar": 0.0657473057508, "dvar2": 0.1415130198, "max": 1, "mean": 0.154557585716, "median": 0, "min": 0, "var": 0.130660951138}, "spectral_centroid": {"dmean": 345.727478027, "dmean2": 527.486022949, "dvar": 143132.46875, "dvar2": 299117.1875, "max": 11782.8046875, "mean": 2028.18347168, "median": 1854.92077637, "min": 362.237457275, "var": 1579582.625}, "spectral_complexity": {"dmean": 4.64498901367, "dmean2": 6.4348654747, "dvar": 22.6818599701, "dvar2": 41.5299987793, "max": 54, "mean": 18.5949649811, "median": 18, "min": 0, "var": 119.749298096}, "spectral_contrast_coeffs": {"dmean": [0.0489241629839, 0.0469071641564, 0.0439427010715, 0.0353951565921, 0.0258350744843, 0.0212904214859], "dmean2": [0.080011151731, 0.0760144293308, 0.0700135529041, 0.0550484359264, 0.0400195233524, 0.033716224134], "dvar": [0.00175053824205, 0.00153625104576, 0.00142959482037, 0.000963732600212, 0.000510973273776, 0.000379755132599], "dvar2": [0.00446182815358, 0.00393698737025, 0.00343145872466, 0.00213581160642, 0.00113621552009, 0.000880128878634], "max": [-0.350029915571, -0.43968886137, -0.480844855309, -0.470902293921, -0.562051653862, -0.56297403574], "mean": [-0.716575860977, -0.762394666672, -0.766010224819, -0.776797175407, -0.785709738731, -0.748876035213], "median": [-0.716828584671, -0.765893101692, -0.774950563908, -0.783802509308, -0.789121031761, -0.744917690754], "min": [-0.980245947838, -0.979242622852, -0.986377716064, -0.983903229237, -0.981183826923, -0.976979970932], "var": [0.00503107346594, 0.00476561719552, 0.00555773684755, 0.00442307582125, 0.00284509453923, 0.00211985292844]}, "spectral_contrast_valleys": {"dmean": [0.489656478167, 0.441350668669, 0.390618383884, 0.354049056768, 0.328856825829, 0.480140596628], "dmean2": [0.731023132801, 0.669065654278, 0.585828185081, 0.520323574543, 0.4677092731, 0.631156682968], "dvar": [0.215189322829, 0.175481379032, 0.140714272857, 0.12824934721, 0.128455489874, 0.253513216972], "dvar2": [0.396796375513, 0.3568816185, 0.269188910723, 0.242731198668, 0.229101762176, 0.444016963243], "max": [-5.53717517853, -4.7504658699, -5.02438497543, -5.76840877533, -5.65581798553, -7.51411819458], "mean": [-7.87631464005, -7.25120973587, -7.66638565063, -8.01917552948, -7.80534219742, -10.3302469254], "median": [-7.35125494003, -6.79325866699, -7.27116775513, -7.59248256683, -7.35520172119, -10.0067749023], "min": [-28.1433696747, -27.7896175385, -27.8929920197, -27.7408046722, -27.5728797913, -27.4289646149], "var": [6.88388204575, 6.97215795517, 6.76344299316, 6.51860141754, 6.55499076843, 5.5287938118]}, "spectral_decrease": {"dmean": 1.691897622e-09, "dmean2": 2.45578046787e-09, "dvar": 5.01497933259e-18, "dvar2": 1.102651278e-17, "max": 2.13417136037e-28, "mean": -4.09301392779e-09, "median": -2.95296587183e-09, "min": -2.91616775172e-08, "var": 1.39498451653e-17}, "spectral_energy": {"dmean": 0.00708279758692, "dmean2": 0.0101321218535, "dvar": 8.46451657708e-05, "dvar2": 0.000182415693416, "max": 0.11778280139, "mean": 0.0174790713936, "median": 0.0126942377537, "min": 9.60150865373e-21, "var": 0.00024929078063}, "spectral_energyband_high": {"dmean": 0.000754934677389, "dmean2": 0.00110116996802, "dvar": 1.91064259525e-06, "dvar2": 3.87620275433e-06, "max": 0.0495610795915, "mean": 0.00119365146384, "median": 0.000508814700879, "min": 6.9931504962e-21, "var": 4.12241570302e-06}, "spectral_energyband_low": {"dmean": 0.0025631824974, "dmean2": 0.00400789594278, "dvar": 1.98096258828e-05, "dvar2": 4.72805513709e-05, "max": 0.0529398620129, "mean": 0.00379485916346, "median": 0.00195075501688, "min": 1.63911522594e-23, "var": 2.79326322925e-05}, "spectral_energyband_middle_high": {"dmean": 0.00285101332702, "dmean2": 0.00401167618111, "dvar": 2.20638376049e-05, "dvar2": 4.27729610237e-05, "max": 0.0941871628165, "mean": 0.00686886068434, "median": 0.00297321355902, "min": 1.11649753311e-21, "var": 8.46306138556e-05}, "spectral_energyband_middle_low": {"dmean": 0.00344597059302, "dmean2": 0.00524508627132, "dvar": 2.75291167782e-05, "dvar2": 6.69655419188e-05, "max": 0.0881016775966, "mean": 0.00640056747943, "median": 0.00420133909211, "min": 1.52582801574e-22, "var": 4.97437249578e-05}, "spectral_entropy": {"dmean": 0.169981345534, "dmean2": 0.23962418735, "dvar": 0.0272130314261, "dvar2": 0.0515064373612, "max": 9.82505226135, "mean": 7.85753726959, "median": 7.84449577332, "min": 6.45352840424, "var": 0.161478161812}, "spectral_flux": {"dmean": 0.025567939505, "dmean2": 0.0389173962176, "dvar": 0.000786515942309, "dvar2": 0.00157096330076, "max": 0.296126067638, "mean": 0.0799408480525, "median": 0.0692734122276, "min": 6.36142319377e-11, "var": 0.0025249524042}, "spectral_kurtosis": {"dmean": 1.20335316658, "dmean2": 1.96244812012, "dvar": 1.70148777962, "dvar2": 4.5657453537, "max": 22.1428203583, "mean": 3.04922533035, "median": 2.72918367386, "min": -1.27250361443, "var": 3.97903060913}, "spectral_rms": {"dmean": 0.000813875056338, "dmean2": 0.00110323738772, "dvar": 7.89013540725e-07, "dvar2": 1.52813890963e-06, "max": 0.0107196103781, "mean": 0.00365362712182, "median": 0.00351917906664, "min": 3.06060862418e-12, "var": 3.70386032955e-06}, "spectral_rolloff": {"dmean": 845.067871094, "dmean2": 1401.48278809, "dvar": 1390552.375, "dvar2": 3142253.5, "max": 19702.8808594, "mean": 2658.32519531, "median": 1981.0546875, "min": 21.533203125, "var": 6609504.5}, "spectral_skewness": {"dmean": 0.194025635719, "dmean2": 0.306830018759, "dvar": 0.0333742313087, "dvar2": 0.0822089090943, "max": 3.24119925499, "mean": 1.21660590172, "median": 1.21145486832, "min": -0.0951299592853, "var": 0.124053314328}, "spectral_spread": {"dmean": 728553.8125, "dmean2": 1025045.5, "dvar": 814461812736, "dvar2": 1410527526910.0, "max": 42756608, "mean": 5213348, "median