{"lowlevel": {"average_loudness": 0.83493077755, "barkbands": {"dmean": [2.97089118249e-05, 0.000335659191478, 0.000464299373562, 0.000629781396128, 0.00100445735734, 0.000393275899114, 0.000363632279914, 0.000328209600411, 0.000222715258133, 0.0001066518671, 0.000131862048875, 9.15751297725e-05, 0.000115270566312, 0.000150916006532, 0.000282553577563, 0.000231140220421, 0.000374729046598, 0.000451843137853, 0.000392208457924, 0.000410015229136, 0.000209078309126, 0.000186807053979, 0.000103622340248, 1.85590888577e-05, 4.4352536861e-06, 1.59853030368e-07, 2.97215940748e-09], "dmean2": [4.36558693764e-05, 0.000538168882485, 0.000761090836022, 0.00110531866085, 0.00162647129036, 0.000618517980911, 0.000553247518837, 0.000504478171933, 0.000348050845787, 0.000173866850673, 0.000205937874853, 0.000145796962897, 0.000182754738489, 0.000245950795943, 0.000458755937871, 0.000363661267329, 0.000603780092206, 0.000717495800927, 0.000613944139332, 0.000616061908659, 0.000301311316434, 0.000267958646873, 0.000147668455611, 2.58777927229e-05, 6.68182747177e-06, 2.34787904674e-07, 4.82011452974e-09], "dvar": [1.61769320162e-09, 2.05001256859e-07, 4.95158872127e-07, 1.4524840708e-06, 2.41241264121e-06, 4.38427463223e-07, 6.7757736133e-07, 4.84080999286e-07, 1.94189397007e-07, 6.86120813498e-08, 1.65066651903e-07, 4.6057405001e-08, 5.73465896991e-08, 1.02716882111e-07, 2.72708177818e-07, 1.4002090154e-07, 4.26483779847e-07, 4.68138637189e-07, 3.37412245699e-07, 4.29011691949e-07, 1.26485190322e-07, 1.12167043653e-07, 6.7843878071e-08, 2.59315791062e-09, 1.29838834129e-10, 1.34698269249e-13, 5.28079977813e-17], "dvar2": [3.89808363366e-09, 5.22664663549e-07, 1.37578228987e-06, 4.18256604462e-06, 6.11278028373e-06, 1.02882074771e-06, 1.45132548823e-06, 1.03536081042e-06, 4.70190769875e-07, 1.68479530771e-07, 4.00873858553e-07, 1.03763404979e-07, 1.30035886059e-07, 2.61062950813e-07, 7.08549521278e-07, 3.3762225371e-07, 1.11862209451e-06, 1.1015107475e-06, 8.04798389709e-07, 9.20343325106e-07, 2.60238806504e-07, 2.29391758921e-07, 1.30641168994e-07, 4.87202100885e-09, 3.14718029415e-10, 3.00578816394e-13, 1.3152007627e-16], "max": [0.000726026017219, 0.00932675600052, 0.00806320644915, 0.0107328472659, 0.0247027240694, 0.0145674515516, 0.0167368613183, 0.0172263551503, 0.00744472956285, 0.00651380233467, 0.0131358932704, 0.00676316907629, 0.00815260689706, 0.0059790997766, 0.00911052990705, 0.0083955032751, 0.0145306475461, 0.0119101442397, 0.0120130805299, 0.0143058812246, 0.00494700670242, 0.00716220960021, 0.00837181787938, 0.00196288805455, 0.000240001143538, 6.23642335995e-06, 1.07099353386e-07], "mean": [6.30162685411e-05, 0.000944182625972, 0.00103191821836, 0.000776675995439, 0.00197287835181, 0.000760812719818, 0.00061583466595, 0.000605940062087, 0.000395786541048, 0.000175688561285, 0.000214604529901, 0.000153938381118, 0.000207943099667, 0.000256089202594, 0.000499117304571, 0.000452404754469, 0.000786814955063, 0.00099455320742, 0.000877074955497, 0.000788323406596, 0.000371951726265, 0.000332597643137, 0.000189378741197, 2.75850434264e-05, 5.07844470121e-06, 2.13814928429e-07, 3.81257247994e-09], "median": [4.75958113384e-05, 0.000569933385123, 0.00071833434049, 0.000339256512234, 0.00136236881372, 0.000494844396599, 0.000251667224802, 0.000186263307114, 0.000154714623932, 6.15590543021e-05, 6.53788883938e-05, 7.23521370674e-05, 0.000103083249996, 0.000119611577247, 0.000227640673984, 0.000274075311609, 0.000384658778785, 0.000578021630645, 0.000590127368923, 0.000421062199166, 0.000166837038705, 0.000123059973703, 4.64852200821e-05, 5.55635597266e-06, 8.19504407445e-07, 3.70805572913e-08, 1.33887501086e-09], "min": [2.61283402887e-25, 7.53104995831e-25, 4.19341200883e-25, 1.50059428809e-24, 1.07587942589e-23, 9.55946299226e-24, 1.40796288794e-23, 4.00126383334e-24, 1.76678337043e-23, 9.41452636701e-24, 1.13263867799e-23, 1.98545624445e-23, 2.5641499317e-23, 3.19508041038e-23, 3.9756832041e-23, 4.80397863489e-23, 6.22314760753e-23, 8.97651829136e-23, 1.06771010857e-22, 1.62698674195e-22, 2.54625291813e-22, 2.96103371018e-22, 4.26307905272e-22, 6.07681390962e-22, 8.36307316708e-22, 1.26695029664e-21, 2.0212998373e-21], "var": [3.25073257201e-09, 1.12558689125e-06, 1.1277890053e-06, 1.4743744714e-06, 4.60562932858e-06, 9.9897056316e-07, 1.4949071101e-06, 1.68097903952e-06, 4.36748820221e-07, 1.55857790674e-07, 3.6846660123e-07, 9.34276940256e-08, 1.41086644589e-07, 1.97047839379e-07, 5.51178402475e-07, 3.38494743346e-07, 1.3501896774e-06, 1.39302437674e-06, 8.6145377054e-07, 1.02781632449e-06, 2.73175061238e-07, 2.90193469255e-07, 2.05630200867e-07, 5.90226800767e-09, 1.48612039341e-10, 2.19240952975e-13, 6.1219577578e-17]}, "barkbands_crest": {"dmean": 1.817897439, "dmean2": 2.93733382225, "dvar": 2.96500325203, "dvar2": 7.59160518646, "max": 26.3938903809, "mean": 7.41516304016, "median": 6.6020283699, "min": 2.33938097954, "var": 11.7144765854}, "barkbands_flatness_db": {"dmean": 0.0135059691966, "dmean2": 0.0197206977755, "dvar": 0.000150753854541, "dvar2": 0.00031292962376, "max": 0.342914015055, "mean": 0.129215687513, "median": 0.126765459776, "min": 0.0515316650271, "var": 0.000977372401394}, "barkbands_kurtosis": {"dmean": 0.953664124012, "dmean2": 1.46054160595, "dvar": 9.08032417297, "dvar2": 16.445734024, "max": 197.952789307, "mean": 0.122961513698, "median": -1.09646606445, "min": -1.87252700329, "var": 46.3743515015}, "barkbands_skewness": {"dmean": 0.412084668875, "dmean2": 0.614158630371, "dvar": 0.176980748773, "dvar2": 0.382985085249, "max": 12.5273342133, "mean": 0.40513086319, "median": 0.324182868004, "min": -6.61939191818, "var": 1.2795804739}, "barkbands_spread": {"dmean": 5.99343824387, "dmean2": 9.12245082855, "dvar": 37.3004226685, "dvar2": 77.9398956299, "max": 122.959098816, "mean": 38.0816955566, "median": 37.8422775269, "min": 1.18976771832, "var": 157.287536621}, "dissonance": {"dmean": 0.00728171458468, "dmean2": 0.012184468098, "dvar": 6.57631462673e-05, "dvar2": 0.000184328906471, "max": 0.5, "mean": 0.486118048429, "median": 0.488368868828, "min": 0.239284604788, "var": 0.000108576889033}, "dynamic_complexity": 2.91469454765, "erbbands": {"dmean": [0.00797411426902, 0.0867407768965, 0.435771107674, 1.41182780266, 2.45250892639, 4.18690538406, 3.49850225449, 3.27588796616, 4.49979019165, 7.11849212646, 4.91736936569, 5.19837856293, 3.69567346573, 3.07626509666, 5.14708566666, 3.52398109436, 4.87811279297, 6.41490268707, 10.6764183044, 12.3882379532, 13.4248361588, 18.737405777, 24.5369853973, 19.164358139, 20.6883296967, 18.9464054108, 10.1238079071, 7.20978593826, 6.89247703552, 5.20173501968, 2.63087797165, 0.689696013927, 0.197690889239, 0.0766502022743, 0.0169051680714, 0.00164386094548, 0.000231671321671, 2.77714680124e-05, 3.52392316927e-06, 4.04346246796e-06], "dmean2": [0.0130922626704, 0.137048006058, 0.704918622971, 2.45147895813, 4.13391113281, 6.80698633194, 5.47997951508, 5.15354824066, 6.91658878326, 10.982673645, 7.71733570099, 8.17374515533, 5.97813606262, 4.67680454254, 8.1330947876, 5.60083675385, 7.73543739319, 10.3061904907, 17.4183177948, 19.5472259521, 21.2393531799, 29.8615951538, 38.7252922058, 29.5010452271, 31.5819644928, 28.3053321838, 14.6762361526, 10.4717683792, 9.85886192322, 7.42968940735, 3.7775144577, 0.960473835468, 0.276960760355, 0.113747090101, 0.0256350599229, 0.00237928540446, 0.00034148155828, 4.15608883486e-05, 4.6991212912e-06, 5.62986951991e-06], "dvar": [0.000161723117344, 0.0146963503212, 0.429926842451, 6.4868555069, 17.3406391144, 51.5988693237, 36.665309906, 38.2298660278, 117.211029053, 234.802017212, 93.5843048096, 132.691513062, 98.5300140381, 60.2916603088, 279.785430908, 51.6062812805, 98.5972137451, 187.219360352, 370.543640137, 491.483459473, 456.239074707, 953.887390137, 1482.13464355, 750.745239258, 1016.51226807, 998.822937012, 304.674316406, 142.638717651, 146.119796753, 128.096969604, 45.8888435364, 3.80206346512, 0.252092897892, 0.0371962524951, 0.00184672628529, 1.3383577425e-05, 2.89122880304e-07, 4.61049509681e-09, 2.4808618701e-11, 2.26908110357e-11], "dvar2": [0.000453189975815, 0.0365034751594, 1.15212798119, 18.937795639, 48.0249824524, 126.307510376, 88.4727935791, 86.5317153931, 264.123168945, 512.446228027, 215.434997559, 323.480407715, 250.714248657, 119.292671204, 683.765563965, 116.730880737, 222.554275513, 467.661590576, 937.434814453, 1229.29724121, 1128.30029297, 2435.44042969, 3502.65380859, 1746.78369141, 2326.05273438, 2159.19970703, 644.524597168, 296.30859375, 297.459289551, 257.538238525, 88.7954711914, 7.08228158951, 0.493993937969, 0.0875980481505, 0.00457746209577, 3.00298306684e-05, 6.72705766647e-07, 1.12007487729e-08, 4.51131874912e-11, 4.12908908454e-11], "max": [0.190817445517, 2.62860918045, 8.17940139771, 26.3757038116, 59.7423057556, 135.331893921, 113.954612732, 168.841918945, 213.222869873, 269.275878906, 208.868835449, 219.034103394, 293.929473877, 244.621414185, 670.415588379, 244.87651062, 271.211791992, 289.249633789, 385.571563721, 381.366485596, 389.057952881, 541.195861816, 814.402282715, 495.857635498, 701.615905762, 826.782958984, 270.760101318, 182.721710205, 219.23097229, 333.347625732, 185.696685791, 59.7556877136, 19.8414974213, 4.78831958771, 0.509199678898, 0.0544398166239, 0.00801857374609, 0.00102747813798, 9.29120069486e-05, 6.84880069457e-05], "mean": [0.0198918804526, 0.243926554918, 1.10870456696, 2.07908272743, 4.00533628464, 7.2637348175, 6.9059419632, 6.61204576492, 7.79566860199, 14.0372533798, 9.55371570587, 9.34846687317, 6.55145311356, 5.59120893478, 8.99313640594, 6.55505514145, 9.49092102051, 11.917804718, 20.3212070465, 25.4166507721, 29.826379776, 42.4496765137, 55.8552932739, 46.0968017578, 46.4400901794, 37.1632919312, 18.6643600464, 12.7848291397, 11.9581155777, 9.520570755, 4.78307056427, 1.14618647099, 0.282208442688, 0.0913937464356, 0.0191424731165, 0.00217664823867, 0.000310415809508, 3.95405331801e-05, 1.24253101603e-05, 1.89366237464e-05], "median": [0.0105283586308, 0.157339632511, 0.766925632954, 1.27574372292, 2.4456050396, 4.57131910324, 4.32407855988, 3.89875054359, 3.76410770416, 4.19688606262, 3.81742167473, 3.64488625526, 2.39762973785, 2.21198058128, 3.00411605835, 3.34041786194, 4.69334793091, 6.0729470253, 10.9346675873, 12.5581388474, 17.6471920013, 24.0612468719, 32.5928764343, 30.1552028656, 29.5489120483, 19.893289566, 8.97951316833, 6.06444644928, 4.56336975098, 2.62412118912, 1.15631651878, 0.253359466791, 0.0582516044378, 0.0155408466235, 0.0031715107616, 0.000406762963394, 6.43682287773e-05, 1.21886241686e-05, 9.41479356698e-06, 1.66188165167e-05], "min": [7.57147687089e-23, 3.04367654565e-22, 1.00984333678e-21, 4.7391075608e-21, 1.04673656145e-20, 2.57862198386e-20, 4.46912178654e-20, 7.73748687015e-20, 1.48069258755e-19, 1.52161489266e-19, 2.00184442005e-19, 4.25315177869e-19, 4.14400090247e-19, 4.78850669005e-19, 1.04704242764e-18, 1.22514113436e-18, 1.57992593012e-18, 1.81265857214e-18, 2.38708835826e-18, 3.36400417132e-18, 3.70658846663e-18, 3.6300432407e-18, 5.45028230276e-18, 5.36400488333e-18, 5.22187457458e-18, 8.42624570898e-18, 9.16325205423e-18, 1.00598968131e-17, 1.05221906867e-17, 1.09811923814e-17, 1.16850072774e-17, 1.0440854017e-17, 9.37773254244e-18, 8.08628936647e-18, 6.62642601393e-18, 3.84855458003e-18, 2.26969984881e-18, 9.80943458862e-19, 2.50799326419e-19, 2.7273963947e-20], "var": [0.000608142639976, 0.0806743353605, 1.18580341339, 6.66793775558, 23.269487381, 89.4363479614, 77.8974914551, 90.6091918945, 228.181228638, 834.202331543, 250.048065186, 284.593780518, 245.278121948, 161.553817749, 713.574951172, 125.188621521, 270.702178955, 389.774261475, 798.054931641, 1235.30908203, 1324.92370605, 3060.63916016, 4583.36767578, 2542.84936523, 2734.26123047, 2366.05102539, 676.36138916, 295.420501709, 349.181030273, 378.149658203, 138.314712524, 10.080532074, 0.517525672913, 0.0466691367328, 0.00200226157904, 2.11629176192e-05, 4.26126888442e-07, 5.84965542672e-09, 9.85250978025e-11, 1.33631605781e-10]}, "erbbands_crest": {"dmean": 2.02786445618, "dmean2": 3.31984019279, "dvar": 3.75923347473, "dvar2": 9.46153926849, "max": 31.9616184235, "mean": 7.74437618256, "median": 7.06157398224, "min": 2.71485137939, "var": 10.010515213}, "erbbands_flatness_db": {"dmean": 0.0132129145786, "dmean2": 0.0195378214121, "dvar": 0.000150878855493, "dvar2": 0.000305141031276, "max": 0.407405436039, "mean": 0.197021499276, "median": 0.196696922183, "min": 0.0426642484963, "var": 0.00118656491395}, "erbbands_kurtosis": {"dmean": 1.15446925163, "dmean2": 1.79613816738, "dvar": 3.15540552139, "dvar2": 6.66892194748, "max": 93.2416610718, "mean": 1.00362157822, "median": 0.299220085144, "min": -1.7955827713, "var": 7.95542049408}, "erbbands_skewness": {"dmean": 0.341380506754, "dmean2": 0.519064307213, "dvar": 0.105679310858, "dvar2": 0.228898391128, "max": 2.39982223511, "mean": -0.98334312439, "median": -0.976036250591, "min": -6.74673128128, "var": 0.512779951096}, "erbbands_spread": {"dmean": 7.36179161072, "dmean2": 11.4927062988, "dvar": 53.5515670776, "dvar2": 127.591201782, "max": 94.6783676147, "mean": 37.360004425, "median": 35.6877708435, "min": 1.08577716351, "var": 211.215164185}, "gfcc": {"cov": [[33393.8984375, 2437.87792969, -4294.78417969, 2249.31689453, -2016.20996094, 71.944770813, -934.302246094, -192.220932007, -213.107910156, -480.832336426, -174.034454346, -351.986694336, -146.379425049], [2437.87792969, 1065.31848145, -531.705749512, 71.1979446411, 68.739440918, -198.769744873, 42.6720809937, -154.07611084, 22.1062049866, -93.1841278076, 40.3057861328, -57.2565155029, 19.0919685364], [-4294.78417969, -531.705749512, 1019.76495361, -134.136047363, 157.193450928, 133.256210327, 47.1243362427, 50.4165611267, -25.1895694733, 68.4781494141, -2.92220020294, 42.4538574219, 13.377699852], [2249.31689453, 71.1979446411, -134.136047363, 392.741638184, -116.910346985, -6.01715421677, -69.9397125244, -17.9941806793, -18.304151535, -11.8893136978, -14.7383832932, -26.5412998199, -27.049703598], [-2016.20996094, 68.739440918, 157.193450928, -116.910346985, 316.921539307, -38.6618118286, 95.0501174927, -15.7982034683, 28.0031509399, 17.4245796204, 21.1134433746, 11.9524316788, 18.2853088379], [71.944770813, -198.769744873, 133.256210327, -6.01715421677, -38.6618118286, 274.74331665, -9.4604883194, 31.5510311127, -20.7385635376, -17.5396633148, -15.8922624588, 22.6485271454, 7.25430679321], [-934.302246094, 42.6720809937, 47.1243362427, -69.9397125244, 95.0501174927, -9.4604883194, 148.367904663, 1.2067450285, 14.2770357132, 8.22064304352, 11.7502622604, 4.44487857819, 4.29721450806], [-192.220932007, -154.07611084, 50.4165611267, -17.9941806793, -15.7982034683, 31.5510311127, 1.2067450285, 118.625724792, 27.7286376953, 15.6459989548, -12.9187059402, -2.06004714966, -5.7665643692], [-213.107910156, 22.1062049866, -25.1895694733, -18.304151535, 28.0031509399, -20.7385635376, 14.2770357132, 27.7286376953, 117.383354187, 13.1931743622, 14.4830751419, 1.83450686932, -10.849615097], [-480.832336426, -93.1841278076, 68.4781494141, -11.8893136978, 17.4245796204, -17.5396633148, 8.22064304352, 15.6459989548, 13.1931743622, 93.3673019409, 10.4091701508, -1.61078667641, -6.31783771515], [-174.034454346, 40.3057861328, -2.92220020294, -14.7383832932, 21.1134433746, -15.8922624588, 11.7502622604, -12.9187059402, 14.4830751419, 10.4091701508, 68.060256958, 20.0453357697, -2.04316425323], [-351.986694336, -57.2565155029, 42.4538574219, -26.5412998199, 11.9524316788, 22.6485271454, 4.44487857819, -2.06004714966, 1.83450686932, -1.61078667641, 20.0453357697, 63.5772743225, 17.3557682037], [-146.379425049, 19.0919685364, 13.377699852, -27.049703598, 18.2853088379, 7.25430679321, 4.29721450806, -5.7665643692, -10.849615097, -6.31783771515, -2.04316425323, 17.3557682037, 61.5359420776]], "icov": [[0.000500070978887, -0.000776590488385, 0.0013701930875, -0.00159986759536, 0.00152582512237, -0.00104517256841, 0.00106515118387, -0.000659167475533, 0.000538881809916, 3.47715322278e-05, 0.00017986727471, 0.000418389041442, -5.04315539729e-05], [-0.000776590488385, 0.00338829215616, -0.00129221030511, 0.00222716084681, -0.00296585727483, 0.00231819879264, -0.00222158106044, 0.0029548977036, -0.00140527950134, 0.00162320618983, -0.00155763339717, 0.00140827777795, -0.00112861068919], [0.0013701930875, -0.00129221030511, 0.00539700174704, -0.00427600322291, 0.00324261048809, -0.00323642767034, 0.00278376578353, -0.00149310508277, 0.0018263568636, -0.000239265500568, 0.000310530274874, 0.00127538107336, -0.000360909587471], [-0.00159986759536, 0.00222716084681, -0.00427600322291, 0.00828135851771, -0.00410579331219, 0.00324492249638, -0.00246793427505, 0.00239831628278, -0.00146836682688, -0.00033303827513, -0.000216128202737, -0.000916567631066, 0.0012660077773], [0.00152582512237, -0.00296585727483, 0.00324261048809, -0.00410579331219, 0.00959151238203, -0.00264482107013, 0.00110533158295, -0.00152334128506, 0.000742985925172, -0.000325462897308, 0.000407526735216, 0.000993658206426, -0.000887377245817], [-0.00104517256841, 0.00231819879264, -0.00323642767034, 0.00324492249638, -0.00264482107013, 0.00686094164848, -0.00251867505722, 0.000955063092988, -0.0007800438907, 0.00162261235528, -1.24427569972e-05, -0.00177213305142, -0.000304543151287], [0.00106515118387, -0.00222158106044, 0.00278376578353, -0.00246793427505, 0.00110533158295, -0.00251867505722, 0.01107240282, -0.00216817320324, 0.0011077177478, -0.00049424089957, 2.80577842204e-05, 0.000667281798087, 0.000482347852085], [-0.000659167475533, 0.0029548977036, -0.00149310508277, 0.00239831628278, -0.00152334128506, 0.000955063092988, -0.00216817320324, 0.0128412703052, -0.00411953078583, -7.80028494773e-05, 0.00096323271282, 0.00148208008613, -0.000531469588168], [0.000538881809916, -0.00140527950134, 0.0018263568636, -0.00146836682688, 0.000742985925172, -0.0007800438907, 0.0011077177478, -0.00411953078583, 0.010935251601, -0.00111866975203, -0.00131070753559, -0.000675848859828, 0.0020434288308], [3.47715322278e-05, 0.00162320618983, -0.000239265500568, -0.00033303827513, -0.000325462897308, 0.00162261235528, -0.00049424089957, -7.80028494773e-05, -0.00111866975203, 0.0135883446783, -0.00300860614516, 0.00257280678488, -0.000210317884921], [0.00017986727471, -0.00155763339717, 0.000310530274874, -0.000216128202737, 0.000407526735216, -1.24427569972e-05, 2.80577842204e-05, 0.00096323271282, -0.00131070753559, -0.00300860614516, 0.0191687587649, -0.0076400032267, 0.00296856998466], [0.000418389041442, 0.00140827777795, 0.00127538107336, -0.000916567631066, 0.000993658206426, -0.00177213305142, 0.000667281798087, 0.00148208008613, -0.000675848859828, 0.00257280678488, -0.0076400032267, 0.0228383354843, -0.00666597858071], [-5.04315539729e-05, -0.00112861068919, -0.000360909587471, 0.0012660077773, -0.000887377245817, -0.000304543151287, 0.000482347852085, -0.000531469588168, 0.0020434288308, -0.000210317884921, 0.00296856998466, -0.00666597858071, 0.0196492709219]], "mean": [-63.1240348816, 107.875930786, -163.746398926, 79.2011032104, -60.0710678101, -8.0714302063, -29.3591747284, -7.85173749924, -8.35116481781, -11.2850341797, -5.89783000946, -9.90015602112, -7.04216861725]}, "hfc": {"dmean": 5.87266969681, "dmean2": 7.89674472809, "dvar": 55.1387176514, "dvar2": 96.6750793457, "max": 123.761199951, "mean": 21.3109931946, "median": 16.1613616943, "min": 1.07234893901e-16, "var": 290.080291748}, "melbands": {"dmean": [7.78747344157e-05, 0.000180346265552, 0.000258349638898, 0.000236386797042, 0.000135534428409, 7.37672598916e-05, 6.80933881085e-05, 7.96208623797e-05, 4.0044549678e-05, 3.18928323395e-05, 1.82782296179e-05, 1.22220753838e-05, 1.74508986674e-05, 1.07681426016e-05, 1.1317478311e-05, 1.13649048217e-05, 1.34803794936e-05, 1.6349778889e-05, 2.32153961406e-05, 1.66379722941e-05, 1.8290214939e-05, 2.10713187698e-05, 2.21455829887e-05, 2.37700678554e-05, 1.65203346114e-05, 1.62846827152e-05, 1.72958898474e-05, 1.21649518405e-05, 6.99210477251e-06, 5.30571378476e-06, 4.08555570175e-06, 4.20439982918e-06, 3.73006150767e-06, 2.75014167528e-06, 1.82641633728e-06, 8.05551451322e-07, 2.99210171306e-07, 1.56878684265e-07, 8.43996303956e-08, 5.81303183367e-08], "dmean2": [0.000126044542412, 0.000286966911517, 0.00044897312182, 0.000388387212297, 0.000212791914237, 0.000115725073556, 0.000104013393866, 0.000122819503304, 6.28394336672e-05, 5.0375572755e-05, 2.97003807646e-05, 1.86925644812e-05, 2.74332105619e-05, 1.7056509023e-05, 1.78193786269e-05, 1.81202158274e-05, 2.18933873839e-05, 2.68632011284e-05, 3.76901007257e-05, 2.65897924692e-05, 2.92878230539e-05, 3.38787176588e-05, 3.50609843736e-05, 3.78329459636e-05, 2.57534247794e-05, 2.57333667832e-05, 2.64684967988e-05, 1.85321641766e-05, 1.04776090666e-05, 7.87898261478e-06, 6.11150198893e-06, 6.19067395746e-06, 5.48207162865e-06, 3.99235887016e-06, 2.67528162112e-06, 1.15892862596e-06, 4.28710222877e-07, 2.26727493668e-07, 1.25105799498e-07, 8.87804532113e-08], "dvar": [1.09319238106e-08, 6.65659030119e-08, 2.16534914443e-07, 1.47604225731e-07, 4.92587659551e-08, 1.71179106445e-08, 2.56040255664e-08, 2.81984053885e-08, 6.10393957601e-09, 4.98244334679e-09, 2.40967912291e-09, 9.39864075455e-10, 3.06602410127e-09, 7.50220940926e-10, 7.65584207141e-10, 5.69870317602e-10, 9.0273138964e-10, 9.72219638129e-10, 2.24150698003e-09, 8.49320391794e-10, 9.91381976512e-10, 1.28008192934e-09, 1.31764921196e-09, 1.41494982397e-09, 5.83753712036e-10, 6.27058904801e-10, 8.2322076933e-10, 4.48098946837e-10, 1.55832277637e-10, 8.43623226832e-11, 5.05149463925e-11, 5.57827152525e-11, 5.97715418826e-11, 4.29400716373e-11, 2.21884732809e-11, 5.3920132248e-12, 8.07106714362e-13, 1.78327987685e-13, 4.47136292293e-14, 2.32960623448e-14], "dvar2": [2.95052213772e-08, 1.75130622893e-07, 6.31678858554e-07, 3.7936970898e-07, 1.18617371925e-07, 3.91977934555e-08, 5.67299309751e-08, 6.18857711743e-08, 1.42613636456e-08, 1.2242994174e-08, 6.11525718952e-09, 1.88011184399e-09, 7.46658201933e-09, 1.64496816168e-09, 1.51288226391e-09, 1.30919486363e-09, 2.2846797787e-09, 2.44749309708e-09, 5.78027936626e-09, 2.06262495972e-09, 2.52112886123e-09, 3.26018123609e-09, 3.14595260953e-09, 3.48613360401e-09, 1.38070899158e-09, 1.51374324187e-09, 1.8063828211e-09, 9.98020555087e-10, 3.46495637737e-10, 1.81378329023e-10, 1.11143566572e-10, 1.20109797108e-10, 1.26944524337e-10, 9.00448812735e-11, 4.5205714172e-11, 1.09946522373e-11, 1.52559540521e-12, 3.73313088341e-13, 1.00844896669e-13, 5.69767282942e-14], "max": [0.00161771045532, 0.00327947735786, 0.00495720142499, 0.00641934899613, 0.00433511985466, 0.00343274860643, 0.00333389965817, 0.00348287075758, 0.00174291746225, 0.00129514711443, 0.00141403789166, 0.000927333254367, 0.00179783930071, 0.000963796046562, 0.00140722154174, 0.000542150286492, 0.000629606249277, 0.000592346477788, 0.000915660115425, 0.000757093424909, 0.000672133115586, 0.000634865602478, 0.000774905085564, 0.000675800663885, 0.000438202463556, 0.000580629159231, 0.000605180626735, 0.000488388817757, 0.000200138441869, 0.0001399696921, 0.000141366239404, 0.00011085307051, 0.00019049027469, 0.000204808122362, 0.000133374531288, 5.67669048905e-05, 3.36727171089e-05, 1.61788248079e-05, 6.57645659885e-06, 3.00456622426e-06], "mean": [0.000215946623939, 0.000500809343066, 0.000400464370614, 0.000424774014391, 0.000270721066045, 0.000147826387547, 0.000117612165923, 0.0001561971294, 7.57676461944e-05, 5.5835571402e-05, 3.08025009872e-05, 2.07977973332e-05, 2.95731952065e-05, 1.8984077542e-05, 1.94796375581e-05, 2.02111277758e-05, 2.25999992836e-05, 2.91076157737e-05, 4.00183234888e-05, 3.17863341479e-05, 3.60859921784e-05, 4.32066481153e-05, 4.75785673189e-05, 4.9434020184e-05, 3.54074545612e-05, 3.37599885825e-05, 3.39520447596e-05, 2.19599842239e-05, 1.19280857689e-05, 9.13543499337e-06, 6.69888368066e-06, 6.81841765982e-06, 6.37477933196e-06, 4.82293080495e-06, 3.14024464387e-06, 1.30729483772e-06, 4.45077915856e-07, 2.12524710719e-07, 1.03261371009e-07, 6.51210143587e-08], "median": [0.000130749307573, 0.000365935760783, 0.000269435055088, 0.000274938240182, 0.000174605404027, 9.0545261628e-05, 5.41366789548e-05, 4.56058951386e-05, 2.87421898975e-05, 2.16881999222e-05, 1.05599947346e-05, 8.04841783975e-06, 9.35907974053e-06, 7.49346236262e-06, 9.75929560809e-06, 9.80122968031e-06, 1.02208714452e-05, 1.59452083608e-05, 1.69570103026e-05, 1.76604971784e-05, 1.97079916688e-05, 2.29726665566e-05, 2.59417101915e-05, 2.79048654193e-05, 2.13907096622e-05, 2.1970105081e-05, 1.73893313331e-05, 1.09511320261e-05, 5.40429437024e-06, 4.18349463871e-06, 3.07391474053e-06, 2.6672050808e-06, 1.81803375199e-06, 1.19649985209e-06, 7.22671302356e-07, 2.58258836539e-07, 8.86370372655e-08, 4.04458333492e-08, 1.82728623344e-08, 9.85787540486e-09], "min": [1.22108035899e-24, 8.32157042966e-25, 1.05013982146e-24, 1.42810664837e-24, 1.47323974734e-24, 1.84510858085e-24, 2.7289126431e-24, 1.07294953732e-24, 1.47769533234e-24, 2.27133367781e-24, 1.64044719785e-24, 1.44728819571e-24, 2.68349042661e-24, 2.92239990999e-24, 3.04024152973e-24, 2.65834568247e-24, 2.52171142381e-24, 3.19648095403e-24, 2.78564732219e-24, 3.21911790936e-24, 3.68190808978e-24, 2.97770714527e-24, 4.15256498837e-24, 3.33785666116e-24, 3.46730873571e-24, 3.360557317e-24, 3.43361017556e-24, 4.29650883218e-24, 4.49403329196e-24, 4.85079405863e-24, 5.31085813298e-24, 5.38127422396e-24, 4.97079084636e-24, 5.80441960795e-24, 5.64854503182e-24, 5.96960234834e-24, 5.93993486742e-24, 5.29200751279e-24, 6.50942696553e-24, 5.56519359414e-24], "var": [5.06130497513e-08, 2.18642497885e-07, 2.25135835308e-07, 2.47982995916e-07, 1.03970236864e-07, 4.07661850943e-08, 5.20869782861e-08, 1.07299001684e-07, 1.57809321166e-08, 1.01816981513e-08, 5.89894888492e-09, 2.35283992289e-09, 7.27468441042e-09, 1.94872584736e-09, 1.85469439806e-09, 1.26310018e-09, 1.68441405268e-09, 1.85690096632e-09, 4.10939682283e-09, 1.86568915872e-09, 2.37864594688e-09, 3.51948825639e-09, 4.08493905368e-09, 3.78150843972e-09, 1.7850534384e-09, 1.43995737556e-09, 2.07160288923e-09, 9.46463574181e-10, 3.12713299699e-10, 1.69714228782e-10, 9.09443007013e-11, 1.12190090551e-10, 1.51650289548e-10, 1.14078482771e-10, 6.07346603565e-11, 1.403092139e-11, 1.77691357722e-12, 3.23444369161e-13, 6.32957770398e-14, 2.54950106979e-14]}, "melbands_crest": {"dmean": 2.63464975357, "dmean2": 4.28381061554, "dvar": 6.4454293251, "dvar2": 16.9753437042, "max": 36.1453056335, "mean": 11.289308548, "median": 10.6565198898, "min": 1.51387619972, "var": 22.9283885956}, "melbands_flatness_db": {"dmean": 0.0197449140251, "dmean2": 0.0282594766468, "dvar": 0.000364163221093, "dvar2": 0.000746593228541, "max": 0.362545192242, "mean": 0.145348221064, "median": 0.142280578613, "min": 0.00257241702639, "var": 0.00237186904997}, "melbands_kurtosis": {"dmean": 2.64792084694, "dmean2": 4.09111976624, "dvar": 19.9414386749, "dvar2": 44.0039215088, "max": 122.834518433, "mean": 4.07355165482, "median": 1.66674375534, "min": -1.86992514133, "var": 57.8805923462}, "melbands_skewness": {"dmean": 0.50635176897, "dmean2": 0.767706751823, "dvar": 0.272934436798, "dvar2": 0.630801081657, "max": 9.16366958618, "mean": 1.7852127552, "median": 1.64092254639, "min": -3.83585858345, "var": 1.40564250946}, "melbands_spread": {"dmean": 12.8344516754, "dmean2": 19.3908977509, "dvar": 190.485671997, "dvar2": 414.322662354, "max": 201.16317749, "mean": 55.6482162476, "median": 51.7155380249, "min": 2.98637747765, "var": 854.911560059}, "mfcc": {"cov": [[11036.4306641, 854.353027344, -379.133514404, 770.376159668, -230.433700562, 144.339797974, -417.842132568, 211.691238403, -212.490966797, 89.8735122681, -103.614509583, -86.6731262207, -47.6124191284], [854.353027344, 1159.04125977, -424.574493408, 254.368804932, -29.144569397, 24.8549079895, -20.5827827454, -26.9869766235, -36.5703201294, -49.2227897644, 1.50977063179, -26.3333816528, -22.7792415619], [-379.133514404, -424.574493408, 567.306030273, -72.3791732788, 44.4224281311, 44.8023643494, 31.1915912628, 11.9973182678, -3.09041070938, 9.3424243927, -23.7890930176, 0.603040277958, 10.9039545059], [770.376159668, 254.368804932, -72.3791732788, 430.415008545, -5.3853263855, -1.92558538914, -35.2645797729, -44.7730445862, -23.8834533691, 0.0219056662172, 4.92746067047, 12.5454826355, -5.70314645767], [-230.433700562, -29.144569397, 44.4224281311, -5.3853263855, 150.152633667, 23.4750328064, 8.30910205841, 11.9353914261, 11.1328887939, 5.35178470612, -2.8506731987, -0.843254089355, 13.7315273285], [144.339797974, 24.8549079895, 44.8023643494, -1.92558538914, 23.4750328064, 156.291595459, 32.6938896179, 26.4645633698, -12.6491956711, 1.21457827091, -20.1060218811, -7.04627466202, 0.335733652115], [-417.842132568, -20.5827827454, 31.1915912628, -35.2645797729, 8.30910205841, 32.6938896179, 139.772949219, -3.90881967545, 23.3130207062, -26.949388504, -1.76799142361, 4.27942037582, -14.5649595261], [211.691238403, -26.9869766235, 11.9973182678, -44.7730445862, 11.9353914261, 26.4645633698, -3.90881967545, 130.061248779, 0.410379558802, 24.841053009, -10.8875675201, -4.55346870422, 3.78846073151], [-212.490966797, -36.5703201294, -3.09041070938, -23.8834533691, 11.1328887939, -12.6491956711, 23.3130207062, 0.410379558802, 100.094314575, 8.28661251068, 8.56286334991, 2.52772545815, -9.72228908539], [89.8735122681, -49.2227897644, 9.3424243927, 0.0219056662172, 5.35178470612, 1.21457827091, -26.949388504, 24.841053009, 8.28661251068, 103.182189941, 13.1852626801, 3.70539212227, 14.153049469], [-103.614509583, 1.50977063179, -23.7890930176, 4.92746067047, -2.8506731987, -20.1060218811, -1.76799142361, -10.8875675201, 8.56286334991, 13.1852626801, 74.7799224854, 20.6130905151, -1.02665925026], [-86.6731262207, -26.3333816528, 0.603040277958, 12.5454826355, -0.843254089355, -7.04627466202, 4.27942037582, -4.55346870422, 2.52772545815, 3.70539212227, 20.6130905151, 65.4549636841, 4.29902410507], [-47.6124191284, -22.7792415619, 10.9039545059, -5.70314645767, 13.7315273285, 0.335733652115, -14.5649595261, 3.78846073151, -9.72228908539, 14.153049469, -1.02665925026, 4.29902410507, 72.9936752319]], "icov": [[0.000139149313327, -2.66212900897e-05, 3.15927827614e-05, -0.000222026268602, 0.000203350587981, -0.00016642875562, 0.000354515243089, -0.000269838870736, 0.000110653432785, -3.2172047213e-05, 0.000113914429676, 0.000112118854304, 0.000123620440718], [-2.66212900897e-05, 0.00145261874422, 0.00101611518767, -0.000647137523629, -5.94885495957e-05, -0.000450664956588, -9.36587239266e-05, 2.31688900385e-05, 0.00028284554719, 0.00055698613869, -0.000119623320643, 0.000609681475908, 0.000119064061437], [3.15927827614e-05, 0.00101611518767, 0.00264536007307, -0.000225394935114, -0.000443457218353, -0.00072461576201, -0.000266724411631, 6.03804146522e-05, 0.000428505823947, 5.26683506905e-05, 0.000553073536139, 0.000213848310523, -2.62543312601e-06], [-0.000222026268602, -0.000647137523629, -0.000225394935114, 0.00325556588359, -0.000446926802397, 0.000197053916054, 7.25230565877e-05, 0.00140471046325, 0.000185261378647, -0.000388792570448, 3.36009270541e-06, -0.00106247526128, 0.000128674335429], [0.000203350587981, -5.94885495957e-05, -0.000443457218353, -0.000446926802397, 0.00749105075374, -0.00117753294762, 0.000402264704462, -0.000838495441712, -0.000917032652069, 7.50094955038e-07, 2.35823863477e-05, 0.000331955263391, -0.00127611518838], [-0.00016642875562, -0.000450664956588, -0.00072461576201, 0.000197053916054, -0.00117753294762, 0.00799166690558, -0.00250363489613, -0.00102771678939, 0.00116428814363, -0.000708221574314, 0.00140311487485, 6.29743517493e-05, -7.86049713497e-05], [0.000354515243089, -9.36587239266e-05, -0.000266724411631, 7.25230565877e-05, 0.000402264704462, -0.00250363489613, 0.00976726040244, -0.000279486790532, -0.00193156837486, 0.0022781570442, -4.81552269775e-05, -0.000638770405203, 0.00148475542665], [-0.000269838870736, 2.31688900385e-05, 6.03804146522e-05, 0.00140471046325, -0.000838495441712, -0.00102771678939, -0.000279486790532, 0.00937993545085, -0.000146309277625, -0.00214824243449, 0.00107508385554, -0.000278431980405, -1.96173896256e-05], [0.000110653432785, 0.00028284554719, 0.000428505823947, 0.000185261378647, -0.000917032652069, 0.00116428814363, -0.00193156837486, -0.000146309277625, 0.0114218564704, -0.00151774147525, -0.000580021587666, 0.000166466794326, 0.00169787614141], [-3.2172047213e-05, 0.00055698613869, 5.26683506905e-05, -0.000388792570448, 7.50094955038e-07, -0.000708221574314, 0.0022781570442, -0.00214824243449, -0.00151774147525, 0.011781828478, -0.00243606744334, 0.000160984491231, -0.00184654688928], [0.000113914429676, -0.000119623320643, 0.000553073536139, 3.36009270541e-06, 2.35823863477e-05, 0.00140311487485, -4.81552269775e-05, 0.00107508385554, -0.000580021587666, -0.00243606744334, 0.0160190071911, -0.00460872286931, 0.000770146434661], [0.000112118854304, 0.000609681475908, 0.000213848310523, -0.00106247526128, 0.000331955263391, 6.29743517493e-05, -0.000638770405203, -0.000278431980405, 0.000166466794326, 0.000160984491231, -0.00460872286931, 0.0174163989723, -0.00112692278344], [0.000123620440718, 0.000119064061437, -2.62543312601e-06, 0.000128674335429, -0.00127611518838, -7.86049713497e-05, 0.00148475542665, -1.96173896256e-05, 0.00169787614141, -0.00184654688928, 0.000770146434661, -0.00112692278344, 0.0150271449238]], "mean": [-660.527770996, 101.125671387, -32.1098403931, 64.3194198608, -6.31262493134, 9.33917617798, -13.5874414444, 5.1867890358, -8.57658481598, 2.73670816422, -0.75215947628, -2.96238946915, -1.05526888371]}, "pitch_salience": {"dmean": 0.0529396608472, "dmean2": 0.0829921215773, "dvar": 0.00221175001934, "dvar2": 0.005430649966, "max": 0.915857732296, "mean": 0.61694341898, "median": 0.630601525307, "min": 0.0829719603062, "var": 0.0108197135851}, "silence_rate_20dB": {"dmean": 0, "dmean2": 0, "dvar": 0, "dvar2": 0, "max": 1, "mean": 1, "median": 1, "min": 1, "var": 0}, "silence_rate_30dB": {"dmean": 0, "dmean2": 0, "dvar": 0, "dvar2": 0, "max": 1, "mean": 1, "median": 1, "min": 1, "var": 0}, "silence_rate_60dB": {"dmean": 0.00867888145149, "dmean2": 0.0173605531454, "dvar": 0.00860386062413, "dvar2": 0.0199554171413, "max": 1, "mean": 0.0763297453523, "median": 0, "min": 0, "var": 0.0705063194036}, "spectral_centroid": {"dmean": 285.167449951, "dmean2": 427.356506348, "dvar": 92343.3671875, "dvar2": 189234.796875, "max": 11586.7871094, "mean": 2611.23144531, "median": 2503.10595703, "min": 430.668304443, "var": 1848094.625}, "spectral_complexity": {"dmean": 4.6460943222, "dmean2": 6.60118961334, "dvar": 24.0889015198, "dvar2": 42.8132400513, "max": 58, "mean": 23.5249881744, "median": 23, "min": 0, "var": 139.575454712}, "spectral_contrast_coeffs": {"dmean": [0.0469363182783, 0.0433524139225, 0.0337826311588, 0.0292335059494, 0.023400073871, 0.020268579945], "dmean2": [0.0783275440335, 0.0704839676619, 0.0556388571858, 0.0478371977806, 0.0367192365229, 0.0314524397254], "dvar": [0.00164035847411, 0.00124496605713, 0.000742995762266, 0.000574072066229, 0.000378062250093, 0.000352043454768], "dvar2": [0.00453060958534, 0.00324621284381, 0.00196577655151, 0.00145630841143, 0.000880756648257, 0.000796124455519], "max": [-0.378767997026, -0.486706852913, -0.57088124752, -0.604567289352, -0.58643168211, -0.502862334251], "mean": [-0.63761049509, -0.750541269779, -0.806051254272, -0.782614946365, -0.764191865921, -0.65249311924], "median": [-0.632807970047, -0.75228458643, -0.810818970203, -0.782681763172, -0.76460069418, -0.644258141518], "min": [-0.983593404293, -0.980530619621, -0.976240217686, -0.973718762398, -0.968873798847, -0.963506758213], "var": [0.00759906275198, 0.00493432767689, 0.00330777652562, 0.00289053865708, 0.0028673002962, 0.00391634833068]}, "spectral_contrast_valleys": {"dmean": [0.360022544861, 0.338311463594, 0.31531894207, 0.267929375172, 0.250603765249, 0.371686369181], "dmean2": [0.59900188446, 0.552933454514, 0.499513655901, 0.419159680605, 0.353338450193, 0.45788359642], "dvar": [0.103363908827, 0.0946949571371, 0.0831557810307, 0.0727863386273, 0.0781821608543, 0.168771147728], "dvar2": [0.248249515891, 0.215356558561, 0.177610561252, 0.145654827356, 0.133732587099, 0.27299118042], "max": [-6.23324728012, -5.38419055939, -5.68383979797, -6.07560110092, -5.54857349396, -8.24385929108], "mean": [-8.13335514069, -7.47949075699, -8.22398471832, -8.0943441391, -7.40347909927, -11.4109201431], "median": [-7.54084014893, -6.91933107376, -7.70723295212, -7.59104967117, -6.87961339951, -11.0612297058], "min": [-28.1257381439, -28.1516819, -27.8459281921, -27.7403259277, -27.5884170532, -27.3834190369], "var": [8.77483463287, 9.28338813782, 8.65213489532, 8.68742752075, 9.31693744659, 6.63672828674]}, "spectral_decrease": {"dmean": 6.23432361291e-10, "dmean2": 9.43649713925e-10, "dvar": 5.6365725791e-19, "dvar2": 1.26682255863e-18, "max": 1.89924124981e-28, "mean": -3.06484837509e-09, "median": -2.84088397251e-09, "min": -1.0491972624e-08, "var": 2.90309106899e-18}, "spectral_energy": {"dmean": 0.00271278922446, "dmean2": 0.00398703152314, "dvar": 1.01642226582e-05, "dvar2": 2.1175666916e-05, "max": 0.0439380854368, "mean": 0.013500386849, "median": 0.0124225635082, "min": 1.01181015255e-20, "var": 5.84363624512e-05}, "spectral_energyband_high": {"dmean": 0.000589756236877, "dmean2": 0.000803523522336, "dvar": 8.74840679899e-07, "dvar2": 1.61108062002e-06, "max": 0.0185364950448, "mean": 0.00122212572023, "median": 0.000585766625591, "min": 7.14473699801e-21, "var": 2.7457433589e-06}, "spectral_energyband_low": {"dmean": 0.00089165038662, "dmean2": 0.0014632276725, "dvar": 1.47047285282e-06, "dvar2": 4.10523807659e-06, "max": 0.0136708980426, "mean": 0.00243183225393, "median": 0.0021576625295, "min": 7.64301298659e-24, "var": 3.57949011232e-06}, "spectral_energyband_middle_high": {"dmean": 0.0012959188316, "dmean2": 0.00185805081856, "dvar": 2.32740057982e-06, "dvar2": 4.55064082416e-06, "max": 0.0260004810989, "mean": 0.00508173974231, "median": 0.00394466659054, "min": 1.21684296266e-21, "var": 1.75123968802e-05}, "spectral_energyband_middle_low": {"dmean": 0.0018046827754, "dmean2": 0.00289892405272, "dvar": 5.8016762523e-06, "dvar2": 1.4763119907e-05, "max": 0.030009880662, "mean": 0.00521453469992, "median": 0.00440222350881, "min": 1.47148193648e-22, "var": 1.5524776245e-05}, "spectral_entropy": {"dmean": 0.109635278583, "dmean2": 0.154692009091, "dvar": 0.010770608671, "dvar2": 0.0208920836449, "max": 9.81642246246, "mean": 7.7101483345, "median": 7.68322992325, "min": 5.74132108688, "var": 0.159231469035}, "spectral_flux": {"dmean": 0.0124521050602, "dmean2": 0.0185732804239, "dvar": 0.000161706411745, "dvar2": 0.000337603094522, "max": 0.159385085106, "mean": 0.0617035068572, "median": 0.0601533278823, "min": 6.416626952e-11, "var": 0.000856324739289}, "spectral_kurtosis": {"dmean": 1.7373187542, "dmean2": 3.0429456234, "dvar": 3.09530925751, "dvar2": 9.54294013977, "max": 23.6055145264, "mean": 2.69447660446, "median": 2.19338464737, "min": -1.2584477663, "var": 4.86050891876}, "spectral_rms": {"dmean": 0.000356364645995, "dmean2": 0.000516621803399, "dvar": 1.52516463459e-07, "dvar2": 3.0713073329e-07, "max": 0.00654724566266, "mean": 0.0034236907959, "median": 0.00348131801002, "min": 3.14186545704e-12, "var": 1.44942487168e-06}, "spectral_rolloff": {"dmean": 530.992248535, "dmean2": 816.215209961, "dvar": 452263.59375, "dvar2": 868171.375, "max": 19466.015625, "mean": 3376.49853516, "median": 3143.84765625, "min": 21.533203125, "var": 6695994.5}, "spectral_skewness": {"dmean": 0.219629451632, "dmean2": 0.374799251556, "dvar": 0.0400427058339, "dvar2": 0.118800714612, "max": 2.53794407845, "mean": 0.622005581856, "median": 0.619390845299, "min": -0.311939120293, "var": 0.0996874943376}, "spectral_spread": {"dmean": 311497.53125, "dmean2": 478321.8125, "dvar