{"lowlevel": {"average_loudness": 0.95609664917, "barkbands": {"dmean": [0.000367565749912, 0.00747717730701, 0.00300344009884, 0.00284661259502, 0.00236107944511, 0.0012338765664, 0.000939166639, 0.000899538805243, 0.00109269306995, 0.000472967571113, 0.000341350270901, 0.000331408082275, 0.000253536680248, 0.000257358216913, 0.000308772170683, 0.000356701115379, 0.0002501954732, 0.000211056816624, 0.000154053792357, 0.00010868084064, 5.77588034503e-05, 8.68228889885e-05, 0.000319445476634, 0.000267119437922, 0.000150059131556, 9.26752909436e-06, 5.77066892049e-08], "dmean2": [0.000574136094656, 0.0114718209952, 0.00506297312677, 0.00478408718482, 0.00382458651438, 0.00198214291595, 0.00152158085257, 0.00136303191539, 0.00166927394457, 0.000710914318915, 0.000522266665939, 0.000531825295184, 0.00040786297177, 0.000404172285926, 0.000484212680021, 0.000559807929676, 0.000394597562263, 0.000329005997628, 0.000242946756771, 0.000171451174538, 8.91465824679e-05, 0.000129421299789, 0.0004793391563, 0.000391757610487, 0.00021555305284, 1.30920579977e-05, 9.88572139704e-08], "dvar": [3.52343590748e-07, 0.000203409261303, 4.65504454041e-05, 4.48732062068e-05, 2.79421201412e-05, 4.73434238302e-06, 3.60400713362e-06, 3.79431230613e-06, 6.57215150568e-06, 2.15296518036e-06, 8.46264413212e-07, 7.43726275232e-07, 4.05462287745e-07, 2.80954452592e-07, 4.63645335458e-07, 4.48245231155e-07, 1.94492116634e-07, 1.29890565859e-07, 1.13769431209e-07, 8.85608031354e-08, 1.14194866896e-08, 2.41697666326e-08, 2.58713555468e-07, 2.48822459525e-07, 6.66728965371e-08, 3.72242292546e-10, 1.78108396087e-14], "dvar2": [9.17697661862e-07, 0.000460770883365, 0.000120842378237, 0.000120920398331, 7.53841741243e-05, 1.17531308206e-05, 9.15805867407e-06, 8.17292402644e-06, 1.44390241985e-05, 4.25163580076e-06, 1.86822273918e-06, 1.89966260677e-06, 9.81911284725e-07, 6.5791579118e-07, 1.12135921881e-06, 1.04829757674e-06, 4.61966720877e-07, 3.05852296378e-07, 2.80952718867e-07, 2.17209759512e-07, 2.66404072136e-08, 5.40674527372e-08, 6.04041815677e-07, 5.44419322068e-07, 1.41409969956e-07, 8.23317858334e-10, 4.77488803162e-14], "max": [0.00656699761748, 0.150150716305, 0.0780627131462, 0.148559495807, 0.137645989656, 0.0304097272456, 0.033364135772, 0.0454979091883, 0.0498543009162, 0.0477670393884, 0.0322417020798, 0.0188125055283, 0.0186508279294, 0.0141334161162, 0.0142377885059, 0.0135360434651, 0.00808250810951, 0.0078055835329, 0.0111713418737, 0.0121460640803, 0.00237081455998, 0.00395543500781, 0.00670620705932, 0.00970058143139, 0.00347608071752, 0.000427190418122, 2.95208315038e-06], "mean": [0.00060960452538, 0.0161701925099, 0.00445779180154, 0.00426255492494, 0.00410870136693, 0.00203813635744, 0.00130659865681, 0.00157720013522, 0.0018498536665, 0.000823719019536, 0.000554335128982, 0.000470386905363, 0.000371539586922, 0.000372546142898, 0.000469845748739, 0.000605683599133, 0.000429144041846, 0.000398744072299, 0.000266067829216, 0.000190915918211, 0.000112143927254, 0.000156595924636, 0.000400332646677, 0.000328300549882, 0.000181639974471, 1.1531189557e-05, 5.15758316055e-08], "median": [0.000258117623162, 0.0135642867535, 0.00206517521292, 0.000997214461677, 0.00175789382774, 0.00101184449159, 0.000515620748047, 0.000372142065316, 0.00033438653918, 0.000220606569201, 0.000104178012407, 0.000130907457788, 0.000101713791082, 0.000139894589665, 0.000178730711923, 0.000207804143429, 0.000158719776664, 0.000192221225007, 0.00010580271919, 7.20214520697e-05, 5.77287573833e-05, 8.94551558304e-05, 0.000188101592357, 9.547087393e-05, 5.45152070117e-05, 2.70319901574e-06, 1.63406816966e-08], "min": [6.02616272861e-23, 2.30455079615e-23, 2.16944527104e-23, 4.94571737581e-23, 1.21150859687e-22, 7.23327831687e-23, 5.50777509098e-23, 3.8456716694e-23, 7.18694378274e-23, 9.44662953486e-23, 4.2859128525e-23, 1.4721834547e-22, 6.62103705744e-23, 1.01010029086e-22, 2.74264520474e-22, 8.83351421755e-23, 8.28168013971e-23, 1.89556459766e-22, 2.10210756775e-22, 3.48911941445e-22, 3.78643339035e-22, 4.33200656317e-22, 8.04442132411e-22, 9.51127346749e-22, 1.32816570094e-21, 1.8896979464e-21, 2.37950902832e-21], "var": [6.36064669379e-07, 0.000316760619171, 5.14477724209e-05, 7.69462567405e-05, 4.36111404269e-05, 8.04143201094e-06, 5.13769737154e-06, 1.21805242088e-05, 1.64531302289e-05, 6.86546763973e-06, 2.26662473324e-06, 1.08535846266e-06, 8.12347082046e-07, 4.71060786822e-07, 7.59852412102e-07, 1.03677768948e-06, 4.91263790536e-07, 3.32128507807e-07, 2.46959331207e-07, 1.7097563898e-07, 2.8928301532e-08, 4.53915802723e-08, 3.33911202688e-07, 3.353312934e-07, 1.00428756866e-07, 5.81499126628e-10, 1.38672320832e-14]}, "barkbands_crest": {"dmean": 2.7756588459, "dmean2": 4.25826835632, "dvar": 6.75806236267, "dvar2": 15.5121850967, "max": 25.6025619507, "mean": 12.3020973206, "median": 11.8604879379, "min": 2.38141083717, "var": 21.4229221344}, "barkbands_flatness_db": {"dmean": 0.0259173437953, "dmean2": 0.0365722924471, "dvar": 0.000646522734314, "dvar2": 0.00130930764135, "max": 0.454954564571, "mean": 0.158484518528, "median": 0.149900838733, "min": 0.0246210992336, "var": 0.00307985115796}, "barkbands_kurtosis": {"dmean": 6.29929447174, "dmean2": 9.49107170105, "dvar": 172.634353638, "dvar2": 416.466949463, "max": 274.411834717, "mean": 10.317440033, "median": 3.80835771561, "min": -1.91296494007, "var": 345.639373779}, "barkbands_skewness": {"dmean": 0.743658959866, "dmean2": 1.09062230587, "dvar": 0.744086563587, "dvar2": 1.61433291435, "max": 13.9832372665, "mean": 2.40741109848, "median": 1.97477710247, "min": -1.94254112244, "var": 2.88554906845}, "barkbands_spread": {"dmean": 7.57769918442, "dmean2": 11.2002811432, "dvar": 84.1326599121, "dvar2": 179.137176514, "max": 105.356384277, "mean": 22.4364299774, "median": 19.7464504242, "min": 0.415794909, "var": 211.881362915}, "dissonance": {"dmean": 0.0207713078707, "dmean2": 0.0345965139568, "dvar": 0.000364944629837, "dvar2": 0.000998601433821, "max": 0.499912500381, "mean": 0.456329256296, "median": 0.462743699551, "min": 0.260927975178, "var": 0.000811084930319}, "dynamic_complexity": 2.96098995209, "erbbands": {"dmean": [0.176779314876, 1.84389102459, 3.71910595894, 6.81976652145, 8.33518123627, 7.51401615143, 10.659778595, 9.83288764954, 14.5777254105, 10.7885713577, 23.983417511, 25.9289550781, 17.3009204865, 13.5241012573, 11.9108543396, 13.970041275, 12.0241985321, 12.9604825974, 14.1092281342, 16.2695217133, 16.7925872803, 12.915014267, 10.9128236771, 8.13075256348, 6.80642414093, 5.81256866455, 2.75269556046, 2.24811625481, 2.72915554047, 5.22364377975, 11.2079582214, 6.23373126984, 4.22450685501, 2.49801635742, 0.526366531849, 0.092526011169, 0.00785856321454, 0.000446101854322, 2.66680399363e-05, 1.68537226273e-05], "dmean2": [0.269748836756, 2.82636523247, 6.03669548035, 11.5113916397, 13.6206035614, 12.345749855, 16.9448432922, 16.1165561676, 23.5073108673, 17.1787414551, 36.416431427, 39.5094108582, 25.2101020813, 20.03657341, 18.2657241821, 22.249628067, 19.0119743347, 20.3074150085, 22.0638713837, 25.2384929657, 26.1843223572, 20.1298332214, 16.8150177002, 12.5021705627, 10.674413681, 9.11507129669, 4.26052284241, 3.46332836151, 4.04872608185, 7.73968410492, 17.0092334747, 9.21239185333, 6.18025016785, 3.63125777245, 0.740573763847, 0.129750534892, 0.010828201659, 0.000624930020422, 3.62179707736e-05, 2.40800291067e-05], "dvar": [0.0575626082718, 15.2727966309, 74.4265823364, 225.195953369, 332.044006348, 560.43359375, 375.369018555, 412.305603027, 860.78112793, 593.43737793, 2876.20141602, 4187.17480469, 3052.04321289, 1294.18823242, 711.013793945, 1363.17858887, 930.637451172, 675.950378418, 996.215576172, 924.416992188, 1101.30432129, 532.217163086, 353.596801758, 221.671325684, 248.726272583, 312.334259033, 29.361579895, 19.81208992, 25.2991504669, 78.9700469971, 322.624938965, 131.374267578, 60.2815322876, 18.8781070709, 0.989099025726, 0.0357295311987, 0.000229795463383, 5.64946788018e-07, 1.74250847085e-09, 5.69081171076e-10], "dvar2": [0.145591273904, 33.5670700073, 172.086502075, 615.447143555, 865.811584473, 1550.26464844, 901.41583252, 1055.13000488, 2171.3125, 1423.99487305, 6256.60644531, 9219.90234375, 6003.82470703, 2428.59204102, 1689.96789551, 3485.96069336, 2252.19433594, 1592.81750488, 2403.07250977, 2110.26513672, 2712.50170898, 1291.05554199, 808.907226562, 535.901855469, 576.226623535, 762.61895752, 69.8688354492, 45.879776001, 56.9577407837, 174.091171265, 773.267028809, 292.942687988, 129.848587036, 41.0636863708, 2.0532951355, 0.077153980732, 0.000477339315694, 1.16838066333e-06, 3.41528405556e-09, 1.0444531906e-09], "max": [2.36108803749, 40.8732376099, 98.7695922852, 257.041687012, 398.162231445, 691.177612305, 375.986053467, 321.226959229, 608.06439209, 553.787414551, 1317.19628906, 1071.0559082, 1936.5748291, 1383.26403809, 648.863952637, 844.698181152, 947.542785645, 467.024139404, 737.43145752, 707.059997559, 854.874694824, 386.573730469, 433.292053223, 453.24005127, 724.860778809, 752.135925293, 116.524177551, 103.234039307, 146.302322388, 174.508407593, 236.423934937, 205.839187622, 142.119552612, 53.0517311096, 19.8218173981, 4.40872955322, 0.345988929272, 0.0115060955286, 0.000589329341892, 0.000254118669545], "mean": [0.453233331442, 3.54377222061, 6.19150352478, 10.8214130402, 12.8402233124, 12.9002094269, 17.7692070007, 14.6411380768, 20.6609897614, 15.9944896698, 44.9658432007, 44.9554290771, 32.7761764526, 24.5266094208, 20.8809337616, 20.6157608032, 18.8984012604, 20.1733703613, 22.2961750031, 28.0117874146, 30.4042434692, 23.7205524445, 21.8677482605, 15.8192443848, 12.1810836792, 10.1997413635, 5.31427574158, 4.37118530273, 5.02826309204, 7.79883098602, 13.2291707993, 7.81972455978, 5.16272926331, 2.96558737755, 0.678189098835, 0.117893569171, 0.0101444581524, 0.000592915632296, 5.22641093994e-05, 5.44527174497e-05], "median": [0.338853627443, 2.48576068878, 3.34355926514, 3.54957532883, 5.03688907623, 4.98851919174, 6.85465097427, 7.34991931915, 9.31281280518, 6.08760738373, 11.2702159882, 9.7549123764, 7.36129713058, 7.76614332199, 5.93791437149, 6.42860841751, 5.98973035812, 8.40691566467, 9.99864292145, 11.5925092697, 11.0657157898, 9.60713481903, 10.1956768036, 7.98711490631, 4.99012088776, 3.71934199333, 2.54744386673, 2.23075246811, 2.92065787315, 4.08574104309, 6.02322769165, 2.59255504608, 1.4903806448, 0.92455303669, 0.178119778633, 0.0279379077256, 0.00254865991883, 0.000209226811421, 3.24590982927e-05, 4.93305160489e-05], "min": [1.85202124274e-21, 1.42165114557e-21, 1.62361676351e-20, 1.12309116426e-19, 2.4418095094e-19, 3.88742550308e-19, 7.96631643459e-19, 5.00287674965e-19, 4.60342606197e-19, 8.93493304117e-19, 1.0156292099e-18, 1.37128874915e-18, 1.88984651741e-18, 3.73389204429e-18, 3.38455878236e-18, 5.44920490002e-18, 3.06202058881e-18, 3.81758204277e-18, 7.67805670902e-18, 1.43483526603e-17, 4.78236042791e-18, 4.95148991185e-18, 1.06750602813e-17, 1.12725344921e-17, 1.05479399919e-17, 1.67993946944e-17, 1.41387202777e-17, 1.61796031507e-17, 1.70413847283e-17, 1.62669120644e-17, 2.59940597596e-17, 2.14319568493e-17, 1.44423269954e-17, 1.34068391435e-17, 9.59058927511e-18, 6.82916136462e-18, 3.48250565228e-18, 1.40479618141e-18, 3.27678655773e-19, 3.54663704272e-20], "var": [0.188622668386, 21.9562072754, 97.5093917847, 356.448974609, 552.843200684, 706.866516113, 928.751647949, 517.275695801, 1204.17590332, 1013.51013184, 10360.9277344, 10316.7421875, 9813.75, 5359.45214844, 1974.52099609, 1936.21472168, 1902.80065918, 1294.11450195, 1534.10229492, 2051.97607422, 2783.26269531, 1293.9642334, 1023.13317871, 544.79284668, 571.745239258, 574.34765625, 77.7574996948, 48.0065422058, 48.2828369141, 123.627761841, 380.820648193, 174.714202881, 82.5149612427, 26.4753799438, 1.66107177734, 0.0583392158151, 0.000392692047171, 9.01409464404e-07, 3.22248094875e-09, 1.38155475948e-09]}, "erbbands_crest": {"dmean": 2.73400735855, "dmean2": 4.34816884995, "dvar": 6.79343271255, "dvar2": 15.8049497604, "max": 32.5213546753, "mean": 9.20625305176, "median": 7.82935905457, "min": 2.48743009567, "var": 22.933423996}, "erbbands_flatness_db": {"dmean": 0.0164084360003, "dmean2": 0.0231214556843, "dvar": 0.00021710585861, "dvar2": 0.000406369857956, "max": 0.32047110796, "mean": 0.141568079591, "median": 0.137301445007, "min": 0.0685627534986, "var": 0.00115549576003}, "erbbands_kurtosis": {"dmean": 0.998656511307, "dmean2": 1.54601371288, "dvar": 2.47651457787, "dvar2": 5.39658927917, "max": 37.2042579651, "mean": 0.352020680904, "median": -0.344572067261, "min": -1.85459208488, "var": 6.59467887878}, "erbbands_skewness": {"dmean": 0.416441261768, "dmean2": 0.620709598064, "dvar": 0.156752064824, "dvar2": 0.351117759943, "max": 5.70400381088, "mean": 0.408586502075, "median": 0.362528711557, "min": -2.88630843163, "var": 0.671586692333}, "erbbands_spread": {"dmean": 14.2077026367, "dmean2": 20.6330318451, "dvar": 223.728973389, "dvar2": 476.878662109, "max": 179.375686646, "mean": 54.2735977173, "median": 49.0188713074, "min": 4.41416549683, "var": 711.894348145}, "gfcc": {"cov": [[6468.75195312, -344.522613525, -648.329284668, 47.5311660767, -267.660308838, 76.1842346191, -255.397628784, 221.215805054, -1.20914959908, -31.0513877869, -64.2227859497, -70.8225326538, -1.91607809067], [-344.522613525, 628.94128418, 71.6577072144, -42.7176437378, 208.428955078, -65.6887283325, 135.630844116, -65.1380386353, 61.0073280334, -32.0364379883, 33.2839317322, -49.3422966003, 19.1238193512], [-648.329284668, 71.6577072144, 920.762023926, 215.178619385, 128.551422119, 206.587539673, 21.264383316, -5.11821556091, 24.8886089325, 39.5741615295, 6.13861560822, 12.8279790878, -38.3354072571], [47.5311660767, -42.7176437378, 215.178619385, 383.26461792, 136.214950562, 2.29952836037, 56.3243789673, 33.2022476196, 56.3586959839, 19.357629776, 4.50903749466, 1.28535664082, 22.4719619751], [-267.660308838, 208.428955078, 128.551422119, 136.214950562, 276.036254883, 23.708814621, 74.2655334473, -0.767864465714, 54.5736160278, 19.3539581299, 16.392080307, -12.1507883072, 19.5096893311], [76.1842346191, -65.6887283325, 206.587539673, 2.29952836037, 23.708814621, 247.369674683, 69.1574020386, 17.5080223083, -2.62376594543, 6.64818906784, 12.8898572922, 0.662935435772, -27.6285514832], [-255.397628784, 135.630844116, 21.264383316, 56.3243789673, 74.2655334473, 69.1574020386, 243.30796814, 29.6862659454, 14.7403087616, -2.86329293251, 23.9487876892, -21.3682937622, 5.99984455109], [221.215805054, -65.1380386353, -5.11821556091, 33.2022476196, -0.767864465714, 17.5080223083, 29.6862659454, 126.009536743, 63.9044303894, 24.7150821686, -3.87006139755, 1.60376214981, 10.1838054657], [-1.20914959908, 61.0073280334, 24.8886089325, 56.3586959839, 54.5736160278, -2.62376594543, 14.7403087616, 63.9044303894, 149.48475647, 45.0074424744, 11.3478593826, 3.20630145073, 23.7787914276], [-31.0513877869, -32.0364379883, 39.5741615295, 19.357629776, 19.3539581299, 6.64818906784, -2.86329293251, 24.7150821686, 45.0074424744, 110.3956604, 47.3082275391, 19.5579032898, 2.43969583511], [-64.2227859497, 33.2839317322, 6.13861560822, 4.50903749466, 16.392080307, 12.8898572922, 23.9487876892, -3.87006139755, 11.3478593826, 47.3082275391, 86.1545715332, 31.9886646271, 1.28010213375], [-70.8225326538, -49.3422966003, 12.8279790878, 1.28535664082, -12.1507883072, 0.662935435772, -21.3682937622, 1.60376214981, 3.20630145073, 19.5579032898, 31.9886646271, 89.8190383911, 40.7009429932], [-1.91607809067, 19.1238193512, -38.3354072571, 22.4719619751, 19.5096893311, -27.6285514832, 5.99984455109, 10.1838054657, 23.7787914276, 2.43969583511, 1.28010213375, 40.7009429932, 81.850112915]], "icov": [[0.000278167659417, -0.000577811617404, 0.000486904085847, -0.000686094455887, 0.00056347460486, -0.000877652375493, 0.000869132345542, -0.000883262197021, 0.000572917750105, -0.000323101732647, 0.000223968861974, 0.000144031451782, -5.83822802582e-05], [-0.000577811617404, 0.00716648204252, -0.00275070313364, 0.00514699984342, -0.00512483809143, 0.00572835002095, -0.00508565502241, 0.00519416527823, -0.0050206054002, 0.00475505134091, -0.00469119567424, 0.00339513528161, -0.00180574355181], [0.000486904085847, -0.00275070313364, 0.00313462200575, -0.00325167598203, 0.00172549369745, -0.00416029943153, 0.00285177608021, -0.00195981445722, 0.00200252281502, -0.00233834632672, 0.00239555188455, -0.00164777319878, 0.00150400958955], [-0.000686094455887, 0.00514699984342, -0.00325167598203, 0.00785131379962, -0.00514601264149, 0.00563533511013, -0.00474962498993, 0.00338346348144, -0.0041084298864, 0.0034843091853, -0.00315628573298, 0.00198880932294, -0.00169105583336], [0.00056347460486, -0.00512483809143, 0.00172549369745, -0.00514601264149, 0.00908394064754, -0.00447272043675, 0.0028339473065, -0.00244404212572, 0.00207502953708, -0.00354706146754, 0.00248072994873, -0.000567743554711, -0.000400664459448], [-0.000877652375493, 0.00572835002095, -0.00416029943153, 0.00563533511013, -0.00447272043675, 0.0114040793851, -0.00669123558328, 0.00386989139952, -0.00400579627603, 0.00402628537267, -0.00370376789942, 0.00086829130305, 0.000739807845093], [0.000869132345542, -0.00508565502241, 0.00285177608021, -0.00474962498993, 0.0028339473065, -0.00669123558328, 0.0103333611041, -0.00615189597011, 0.00456535583362, -0.00191981322132, -2.91454143735e-05, 0.00125939282589, -0.000972798035946], [-0.000883262197021, 0.00519416527823, -0.00195981445722, 0.00338346348144, -0.00244404212572, 0.00386989139952, -0.00615189597011, 0.0163369048387, -0.00879835244268, 0.00130037544295, -0.000145710509969, 0.000609390612226, -0.000557385501452], [0.000572917750105, -0.0050206054002, 0.00200252281502, -0.0041084298864, 0.00207502953708, -0.00400579627603, 0.00456535583362, -0.00879835244268, 0.0144018344581, -0.00624231342226, 0.00264488998801, -0.000294101424515, -0.00172742258292], [-0.000323101732647, 0.00475505134091, -0.00233834632672, 0.0034843091853, -0.00354706146754, 0.00402628537267, -0.00191981322132, 0.00130037544295, -0.00624231342226, 0.0175064206123, -0.0110666258261, 0.00230762921274, -0.000669616565574], [0.000223968861974, -0.00469119567424, 0.00239555188455, -0.00315628573298, 0.00248072994873, -0.00370376789942, -2.91454143735e-05, -0.000145710509969, 0.00264488998801, -0.0110666258261, 0.0234128944576, -0.0110656199977, 0.00596643052995], [0.000144031451782, 0.00339513528161, -0.00164777319878, 0.00198880932294, -0.000567743554711, 0.00086829130305, 0.00125939282589, 0.000609390612226, -0.000294101424515, 0.00230762921274, -0.0110656199977, 0.022880403325, -0.0130352154374], [-5.83822802582e-05, -0.00180574355181, 0.00150400958955, -0.00169105583336, -0.000400664459448, 0.000739807845093, -0.000972798035946, -0.000557385501452, -0.00172742258292, -0.000669616565574, 0.00596643052995, -0.0130352154374, 0.0212029796094]], "mean": [7.6374912262, 94.7112045288, -104.951591492, 53.0660743713, -65.4902038574, 32.7419052124, -46.7748794556, 16.9188518524, -12.4717226028, -4.48605251312, -7.14399909973, -4.28685903549, -4.97306060791]}, "hfc": {"dmean": 9.50429344177, "dmean2": 13.0653514862, "dvar": 203.774856567, "dvar2": 415.864349365, "max": 227.001876831, "mean": 24.7015419006, "median": 20.1625938416, "min": 1.19950863525e-16, "var": 453.325286865}, "melbands": {"dmean": [0.00179117207881, 0.00209572911263, 0.00121054262854, 0.000551639765035, 0.000352775066858, 0.000226020711125, 0.000215469437535, 0.000119846692542, 0.00020915348432, 0.000157549264259, 8.36967665236e-05, 5.44878093933e-05, 4.470444037e-05, 3.7107609387e-05, 3.00574520224e-05, 2.74983176496e-05, 2.44369821303e-05, 2.17576180148e-05, 2.34783892665e-05, 2.51477304118e-05, 2.05558480957e-05, 1.44318264574e-05, 1.42906246765e-05, 9.55255563895e-06, 6.84585438648e-06, 6.48620016364e-06, 3.98684414904e-06, 4.02167370339e-06, 2.03226727535e-06, 1.30444186652e-06, 1.39395717724e-06, 1.48920094034e-06, 2.14323358705e-06, 3.23985386785e-06, 7.44163753552e-06, 4.40384155809e-06, 3.77180913347e-06, 3.21014590554e-06, 2.70694113169e-06, 1.8079443862e-06], "dmean2": [0.0027549599763, 0.00324664544314, 0.00203485554084, 0.000892515934538, 0.000567364855669, 0.000367666274542, 0.000347783614416, 0.000189471858903, 0.000317171012284, 0.000240838999161, 0.000121942714031, 8.13410224509e-05, 6.86063212925e-05, 5.86093083257e-05, 4.78529982502e-05, 4.39264258603e-05, 3.8575646613e-05, 3.4354012314e-05, 3.64683182852e-05, 3.96071482101e-05, 3.24670581904e-05, 2.29781544476e-05, 2.21919563046e-05, 1.49337565745e-05, 1.06137549665e-05, 1.03256361399e-05, 6.26522114544e-06, 6.34282832834e-06, 3.20829462908e-06, 2.05195465242e-06, 2.17107958633e-06, 2.25910002882e-06, 3.25177825289e-06, 4.89480316901e-06, 1.15428038043e-05, 6.56741985949e-06, 5.68417044633e-06, 4.81765846416e-06, 3.96567111238e-06, 2.63072820417e-06], "dvar": [8.44451278681e-06, 2.23018705583e-05, 7.09075220584e-06, 1.81733776117e-06, 4.32297781572e-07, 1.9691751163e-07, 1.83754394811e-07, 6.49547899911e-08, 2.22222723778e-07, 1.57340920737e-07, 7.53977715817e-08, 2.24441762953e-08, 1.25067325385e-08, 7.9680555487e-09, 7.77581021794e-09, 4.1216750013e-09, 2.53707166387e-09, 2.53802356909e-09, 2.87499291041e-09, 2.67451594205e-09, 1.99052418992e-09, 7.38761718466e-10, 6.92495727428e-10, 2.98256419562e-10, 1.81107046027e-10, 2.27978746992e-10, 9.84601913889e-11, 1.5423419486e-10, 1.90457389443e-11, 6.57054141998e-12, 7.11474152162e-12, 7.69809650053e-12, 1.54157069054e-11, 3.11582044887e-11, 1.51913356894e-10, 5.51584403152e-11, 5.30818410061e-11, 3.74429966199e-11, 2.18262647539e-11, 1.01805048766e-11], "dvar2": [2.01871880563e-05, 4.73703657917e-05, 1.9288767362e-05, 4.90218690175e-06, 1.08168217139e-06, 4.98756321576e-07, 4.66707803071e-07, 1.55480080366e-07, 4.89387048219e-07, 3.46532743833e-07, 1.47210286627e-07, 4.2882149387e-08, 2.96214874851e-08, 2.00843519593e-08, 1.93912619295e-08, 9.87316362e-09, 5.93532156756e-09, 6.05627858974e-09, 6.85785783716e-09, 6.06519279245e-09, 4.91647478285e-09, 1.81920933873e-09, 1.60362267909e-09, 7.23287263416e-10, 4.40764924559e-10, 5.64215063559e-10, 2.37403957604e-10, 3.82183229508e-10, 4.65910435232e-11, 1.60895689133e-11, 1.63519857377e-11, 1.74888610538e-11, 3.54089292609e-11, 6.94741209006e-11, 3.73227532213e-10, 1.25749965996e-10, 1.20686766136e-10, 8.28843521594e-11, 4.75541515887e-11, 2.22882615142e-11], "max": [0.0320936478674, 0.0516360253096, 0.0509646497667, 0.0381975211203, 0.0112805962563, 0.00645294366404, 0.00813614483923, 0.00536682922393, 0.0112661849707, 0.0062162312679, 0.00963674113154, 0.0054872375913, 0.0034507655073, 0.0024469664786, 0.00241109333001, 0.0021291016601, 0.00102412700653, 0.00139514030889, 0.00117734703235, 0.00141638028435, 0.00122464867309, 0.000469001213787, 0.000577183207497, 0.000315198674798, 0.000426233571488, 0.000469210470328, 0.00035936103086, 0.000457795336843, 0.000100805962575, 5.8275367337e-05, 5.82072898396e-05, 6.79582954035e-05, 8.92350944923e-05, 0.000104463812022, 0.000146581092849, 0.000103038764792, 0.000137059934787, 0.000114671631309, 5.62224049645e-05, 4.123621693e-05], "mean": [0.00426348485053, 0.00388929084875, 0.00190375209786, 0.000927375454921, 0.000599347229581, 0.000349132955307, 0.000306104455376, 0.000176143279532, 0.000386991276173, 0.000269490177743, 0.000152769833221, 9.43223276408e-05, 7.47645972297e-05, 5.55560800422e-05, 4.30208019679e-05, 4.09201747971e-05, 3.57440512744e-05, 3.23242456943e-05, 3.61896236427e-05, 4.05522114306e-05, 3.51107701135e-05, 2.34467315749e-05, 2.50410448643e-05, 1.73657772393e-05, 1.21001621665e-05, 1.06317029349e-05, 6.76901800034e-06, 6.54257792121e-06, 3.51268136001e-06, 2.35704328588e-06, 2.53786333815e-06, 2.61246418631e-06, 3.45582179762e-06, 4.51837831861e-06, 8.3795584942e-06, 5.56988970857e-06, 4.50744983027e-06, 3.78480672225e-06, 3.22200389746e-06, 2.13571252061e-06], "median": [0.0037438403815, 0.00256727822125, 0.000737113878131, 0.000341629143804, 0.000244652357651, 0.000175612076418, 0.00013732574007, 6.49571156828e-05, 9.10344388103e-05, 5.01298891322e-05, 2.89627623715e-05, 2.645146742e-05, 1.62708474818e-05, 1.61787884281e-05, 1.11840472528e-05, 1.3228987882e-05, 1.3036819837e-05, 1.33571993501e-05, 1.33800922413e-05, 1.30899688884e-05, 1.14115573524e-05, 8.54913378134e-06, 8.78752780409e-06, 8.16084047983e-06, 5.50759341422e-06, 3.48769185621e-06, 2.64716572929e-06, 2.12801614907e-06, 1.46045215388e-06, 1.17039212455e-06, 1.23444795008e-06, 1.39759811191e-06, 1.83777024176e-06, 2.17960132431e-06, 3.66326298717e-06, 2.33878222389e-06, 1.26649285903e-06, 1.00540432868e-06, 1.02516833067e-06, 6.53791005334e-07], "min": [1.39529188854e-23, 5.91416712038e-24, 2.30566088122e-23, 2.14797500156e-23, 2.661152844e-23, 1.13642110826e-23, 8.51934673328e-24, 9.15229874692e-24, 8.94660957677e-24, 9.33439387625e-24, 8.95090334668e-24, 1.50985768449e-23, 8.00944992112e-24, 1.93203521503e-23, 7.62137847626e-24, 6.79986504045e-24, 6.94867102845e-24, 1.00081599754e-23, 2.47624542554e-23, 1.05426708255e-23, 4.84193909496e-24, 4.56844614672e-24, 7.48072536572e-24, 9.23990490589e-24, 8.98705920855e-24, 8.44776549474e-24, 9.02253586118e-24, 1.15041384411e-23, 8.60275457451e-24, 9.04516749169e-24, 9.75962934721e-24, 9.68946095855e-24, 7.98791165182e-24, 9.67039734592e-24, 1.65508760823e-23, 1.18172617891e-23, 1.34671036301e-23, 9.32282049791e-24, 1.01911686057e-23, 1.21968056476e-23], "var": [1.65260316862e-05, 3.24887405441e-05, 1.06458892333e-05, 2.67843984147e-06, 1.04180219296e-06, 2.66067701205e-07, 2.55166924035e-07, 1.14933861539e-07, 7.85704173722e-07, 3.94602722054e-07, 2.41653623334e-07, 9.21999330217e-08, 3.35451986189e-08, 1.35375533006e-08, 1.06738999861e-08, 8.28726420821e-09, 4.57949367316e-09, 3.82121756459e-09, 4.78619011091e-09, 5.29262456084e-09, 5.01488450766e-09, 1.5027220579e-09, 1.88661375411e-09, 6.9358124799e-10, 3.8772920985e-10, 4.85525397664e-10, 1.9299402354e-10, 2.68205402332e-10, 4.33714036907e-11, 1.40026046314e-11, 1.66758759579e-11, 1.5369155601e-11, 2.43435237246e-11, 4.68054969782e-11, 1.63950908405e-10, 7.54657794588e-11, 6.62618987457e-11, 4.80497412692e-11, 3.04424575825e-11, 1.42920631926e-11]}, "melbands_crest": {"dmean": 3.39920020103, "dmean2": 5.38965082169, "dvar": 10.1696720123, "dvar2": 24.8748111725, "max": 35.9852294922, "mean": 17.1043777466, "median": 16.5333080292, "min": 2.37185621262, "var": 32.0309104919}, "melbands_flatness_db": {"dmean": 0.0327875055373, "dmean2": 0.0454569011927, "dvar": 0.0010612847982, "dvar2": 0.00208567781374, "max": 0.591948330402, "mean": 0.223027154803, "median": 0.2139043957, "min": 0.00616384483874, "var": 0.00568541511893}, "melbands_kurtosis": {"dmean": 19.628490448, "dmean2": 29.6198577881, "dvar": 1335.4206543, "dvar2": 3070.62841797, "max": 650.504516602, "mean": 36.2178230286, "median": 16.1940422058, "min": -1.6716029644, "var": 2970.02758789}, "melbands_skewness": {"dmean": 1.19656479359, "dmean2": 1.76830720901, "dvar": 2.0008149147, "dvar2": 4.32132768631, "max": 19.9636955261, "mean": 4.15195608139, "median": 3.4420235157, "min": -0.869402885437, "var": 7.27110242844}, "melbands_spread": {"dmean": 7.06021595001, "dmean2": 10.7701473236, "dvar": 111.489723206, "dvar2": 248.780014038, "max": 223.403289795, "mean": 18.7486133575, "median": 15.4802474976, "min": 0.443821370602, "var": 245.999557495}, "mfcc": {"cov": [[6378.74511719, -426.730255127, -571.872375488, -234.088638306, -79.8263397217, -311.361328125, -178.736907959, 25.1851730347, -20.6529541016, 68.991645813, -70.7628555298, 11.3917541504, -27.4572544098], [-426.730255127, 703.195373535, -41.4939575195, 24.072473526, 46.2902183533, 64.6439056396, 45.926574707, -1.76399469376, 16.8201408386, -8.31100654602, 30.0349006653, 23.0393352509, -8.45711898804], [-571.872375488, -41.4939575195, 716.639526367, 48.1010780334, 148.815383911, 156.487228394, 75.6859588623, 54.1826667786, 21.2800350189, 17.5195331573, 33.1400642395, 24.0502090454, 33.1396217346], [-234.088638306, 24.072473526, 48.1010780334, 396.407897949, 99.9625015259, 35.2194213867, 19.968000412, 13.2099294662, 70.9055252075, 25.7331008911, 2.83332133293, 27.8084793091, 37.7123718262], [-79.8263397217, 46.2902183533, 148.815383911, 99.9625015259, 242.667068481, 63.8562049866, -16.8843841553, 6.08603715897, 42.7634925842, 13.5166635513, 8.21400547028, 39.1595573425, 25.354467392], [-311.361328125, 64.6439056396, 156.487228394, 35.2194213867, 63.8562049866, 192.976577759, 103.055854797, 40.7379760742, 15.1429977417, 19.9315223694, 29.6231956482, -5.1850399971, 8.42202854156], [-178.736907959, 45.926574707, 75.6859588623, 19.968000412, -16.8843841553, 103.055854797, 181.688552856, 53.8822288513, -2.97484660149, 21.5917320251, 25.8080196381, -8.16966629028, 0.352477014065], [25.1851730347, -1.76399469376, 54.1826667786, 13.2099294662, 6.08603715897, 40.7379760742, 53.8822288513, 118.270401001, 48.8785209656, 19.6938018799, 14.8465032578, -9.51093292236, -3.96938967705], [-20.6529541016, 16.8201408386, 21.2800350189, 70.9055252075, 42.7634925842, 15.1429977417, -2.97484660149, 48.8785209656, 117.756072998, 45.8115768433, 7.88388538361, 9.07070827484, 5.85885286331], [68.991645813, -8.31100654602, 17.5195331573, 25.7331008911, 13.5166635513, 19.9315223694, 21.5917320251, 19.6938018799, 45.8115768433, 106.38369751, 45.9944229126, 13.3069381714, 7.43529415131], [-70.7628555298, 30.0349006653, 33.1400642395, 2.83332133293, 8.21400547028, 29.6231956482, 25.8080196381, 14.8465032578, 7.88388538361, 45.9944229126, 91.8317489624, 35.5236854553, 10.230884552], [11.3917541504, 23.0393352509, 24.0502090454, 27.8084793091, 39.1595573425, -5.1850399971, -8.16966629028, -9.51093292236, 9.07070827484, 13.3069381714, 35.5236854553, 90.9844894409, 39.7383232117], [-27.4572544098, -8.45711898804, 33.1396217346, 37.7123718262, 25.354467392, 8.42202854156, 0.352477014065, -3.96938967705, 5.85885286331, 7.43529415131, 10.230884552, 39.7383232117, 91.3659286499]], "icov": [[0.000198543697479, 9.98407704174e-05, 0.000152453430928, 0.00010995726916, -0.000132611050503, 0.000191609753529, 5.28041273355e-05, -0.000270810531219, 0.000182260366273, -0.00031802256126, 0.000242926733335, -0.000160110372235, 3.20220460708e-05], [9.98407704174e-05, 0.00164980697446, 0.000377528893296, 9.99720286927e-05, -0.000385113060474, -0.000412700232118, -0.000404581427574, 0.000300953834085, -0.000462696421891, 0.000567977840547, -0.000486942677526, -0.000442346034106, 0.00039443228161], [0.000152453430928, 0.000377528893296, 0.00205097580329, 0.000195791231818, -0.00106286862865, -0.00102459418122, -0.00013329758076, -0.000679124670569, 0.000337459350703, -4.65946577606e-05, -4.1389339458e-05, -0.000293733319268, -0.00026902166428], [0.00010995726916, 9.99720286927e-05, 0.000195791231818, 0.00327576836571, -0.00115144287702, 0.000222786373342, -0.000846902956255, 0.000554782454856, -0.00182847434189, -1.08127514977e-05, 0.000390855246224, -0.0001758961007, -0.000903598207515], [-0.000132611050503, -0.000385113060474, -0.00106286862865, -0.00115144287702, 0.00665475986898, -0.00264606624842, 0.00229665776715, 0.00030951196095, -0.00110536662396, -4.64584118163e-05, 0.00103012321051, -0.00239715795033, 0.000188983001863], [0.000191609753529, -0.000412700232118, -0.00102459418122, 0.000222786373342, -0.00264606624842, 0.0104685295373, -0.00503832427785, -0.000195981512661, -0.000382198981242, 0.000165861099958, -0.00206246948801, 0.00274630542845, -0.000873210257851], [5.28041273355e-05, -0.000404581427574, -0.00013329758076, -0.000846902956255, 0.00229665776715, -0.00503832427785, 0.0102558191866, -0.00395812094212, 0.00309361284599, -0.00195861095563, 0.000359941332135, -0.000620808568783, 0.000182625284651], [-0.000270810531219, 0.000300953834085, -0.000679124670569, 0.000554782454856, 0.00030951196095, -0.000195981512661, -0.00395812094212, 0.0136581268162, -0.00706248311326, 0.00231360387988, -0.00256144767627, 0.0022223086562, 8.94936238183e-05], [0.000182260366273, -0.000462696421891, 0.000337459350703, -0.00182847434189, -0.00110536662396, -0.000382198981242, 0.00309361284599, -0.00706248311326, 0.0156489871442, -0.00692027248442, 0.00338009465486, -0.00153589970432, 0.000516677158885], [-0.00031802256126, 0.000567977840547, -4.65946577606e-05, -1.08127514977e-05, -4.64584118163e-05, 0.000165861099958, -0.00195861095563, 0.00231360387988, -0.00692027248442, 0.0160156711936, -0.00838224589825, 0.00192102196161, -0.000672443537042], [0.000242926733335, -0.000486942677526, -4.1389339458e-05, 0.000390855246224, 0.00103012321051, -0.00206246948801, 0.000359941332135, -0.00256144767627, 0.00338009465486, -0.00838224589825, 0.0189508162439, -0.00796974916011, 0.00148286216427], [-0.000160110372235, -0.000442346034106, -0.000293733319268, -0.0001758961007, -0.00239715795033, 0.00274630542845, -0.000620808568783, 0.0022223086562, -0.00153589970432, 0.00192102196161, -0.00796974916011, 0.0184879619628, -0.00660539511591], [3.20220460708e-05, 0.00039443228161, -0.00026902166428, -0.000903598207515, 0.000188983001863, -0.000873210257851, 0.000182625284651, 8.94936238183e-05, 0.000516677158885, -0.000672443537042, 0.00148286216427, -0.00660539511591, 0.0142213804647]], "mean": [-630.42199707, 106.590766907, 26.7185020447, 19.341342926, 19.7331161499, 6.40741491318, -4.01906013489, 12.4391460419, -0.961544513702, 7.655169487, 1.33955800533, 0.725302577019, 1.39564967155]}, "pitch_salience": {"dmean": 0.0777306482196, "dmean2": 0.122594952583, "dvar": 0.00633676443249, "dvar2": 0.0153805110604, "max": 0.846291542053, "mean": 0.473939061165, "median": 0.475205779076, "min": 0.105547226965, "var": 0.0137681057677}, "silence_rate_20dB": {"dmean": 0, "dmean2": 0, "dvar": 0, "dvar2": 0, "max": 1, "mean": 1, "median": 1, "min": 1, "var": 0}, "silence_rate_30dB": {"dmean": 0.0428677015007, "dmean2": 0.0857459679246, "dvar": 0.0410264693201, "dvar2": 0.088242650032, "max": 1, "mean": 0.958122909069, "median": 1, "min": 0, "var": 0.0401205942035}, "silence_rate_60dB": {"dmean": 0.00985464360565, "dmean2": 0.0197117161006, "dvar": 0.00975829269737, "dvar2": 0.0220289025456, "max": 1, "mean": 0.0413844063878, "median": 0, "min": 0, "var": 0.0396686382592}, "spectral_centroid": {"dmean": 264.49810791, "dmean2": 392.505493164, "dvar": 88557.4140625, "dvar2": 177143.796875, "max": 11026.7333984, "mean": 1183.80419922, "median": 1107.85986328, "min": 124.807594299, "var": 361479.1875}, "spectral_complexity": {"dmean": 3.64966750145, "dmean2": 5.2226190567, "dvar": 16.1276473999, "dvar2": 29.2079658508, "max": 55, "mean": 16.5681743622, "median": 15, "min": 0, "var": 83.0457305908}, "spectral_contrast_coeffs": {"dmean": [0.0516689494252, 0.0493572354317, 0.0408580414951, 0.0340530909598, 0.0265959762037, 0.0190995074809], "dmean2": [0.0829727649689, 0.0805511176586, 0.0652688369155, 0.0540379323065, 0.0412870943546, 0.0282846596092], "dvar": [0.00184372719377, 0.0015583592467, 0.00112426781561, 0.000738752656616, 0.000494352192618, 0.000287807604764], "dvar2": [0.0046666637063, 0.00399377988651, 0.00268548447639, 0.00177028006874, 0.00112448341679, 0.00058400729904], "max": [-0.2648203969, -0.431325823069, -0.425573080778, -0.556591570377, -0.535565018654, -0.640544891357], "mean": [-0.652160286903, -0.71760571003, -0.748702704906, -0.764637887478, -0.771673321724, -0.801024675369], "median": [-0.657712817192, -0.720708489418, -0.759799301624, -0.768545866013, -0.772991061211, -0.806869328022], "min": [-0.974222779274, -0.955377399921, -0.956396996975, -0.960773944855, -0.957619547844, -0.96376568079], "var": [0.00791550427675, 0.00498237088323, 0.00599579373375, 0.00332423718646, 0.00268322788179, 0.00141383637674]}, "spectral_contrast_valleys": {"dmean": [0.391398787498, 0.413031131029, 0.357992202044, 0.363858580589, 0.361976832151, 0.421566009521], "dmean2": [0.630752265453, 0.645588815212, 0.541447579861, 0.522468149662, 0.499961078167, 0.498570740223], "dvar": [0.138015523553, 0.164305582643, 0.133963465691, 0.13359773159, 0.143549963832, 0.185371041298], "dvar2": [0.288139671087, 0.329327344894, 0.238654181361, 0.228096559644, 0.261295855045, 0.280355662107], "max": [-5.13317155838, -4.64783287048, -5.27014541626, -5.60854101181, -5.62035989761, -7.33944511414], "mean": [-6.83720016479, -6.7919921875, -7.59124231339, -7.88903570175, -7.79081678391, -9.48423099518], "median": [-6.61006259918, -6.68247365952, -7.52192926407, -7.82242393494, -7.73172807693, -9.47078227997], "min": [-27.2368335724, -27.5515842438, -27.0974407196, -27.1877155304, -27.3049373627, -27.2029743195], "var": [0.901146292686, 0.836220800877, 0.778227746487, 0.82060021162, 0.871287941933, 0.959097027779]}, "spectral_decrease": {"dmean": 3.27679217094e-09, "dmean2": 4.88712581515e-09, "dvar": 2.3183564736e-17, "dvar2": 4.56737767563e-17, "max": -3.27499963423e-29, "mean": -1.06733191174e-08, "median": -9.96625271199e-09, "min": -5.21682252952e-08, "var": 5.39991610245e-17}, "spectral_energy": {"dmean": 0.0128167774528, "dmean2": 0.0189672708511, "dvar": 0.000347364257323, "dvar2": 0.000676163996104, "max": 0.201468497515, "mean": 0.0425241477787, "median": 0.0396334938705, "min": 1.10035135529e-20, "var": 0.000827265554108}, "spectral_energyband_high": {"dmean": 0.000829176336993, "dmean2": 0.00117386702914, "dvar": 1.72198258497e-06, "dvar2": 3.61392358172e-06, "max": 0.0219585336745, "mean": 0.00128733494785, "median": 0.000655371171888, "min": 8.1856815988e-21, "var": 2.88826959149e-06}, "spectral_energyband_low": {"dmean": 0.00967420358211, "dmean2": 0.0147400591522, "dvar": 0.000304101151414, "dvar2": 0.000628074631095, "max": 0.193709388375, "mean": 0.0238235108554, "median": 0.0213576927781, "min": 9.95048824789e-23, "var": 0.000591145304497}, "spectral_energyband_middle_high": {"dmean": 0.00175894761924, "dmean2": 0.00255051348358, "dvar": 7.29432349544e-06, "dvar2": 1.57752456289e-05, "max": 0.0454293861985, "mean": 0.00465302867815, "median": 0.00304510211572, "min": 1.46507146343e-21, "var": 2.61714303633e-05}, "spectral_energyband_middle_low": {"dmean": 0.00663797557354, "dmean2": 0.0104673691094, "dvar": 0.000117314557428, "dvar2": 0.000304868386593, "max": 0.183281183243, "mean": 0.015539040789, "median": 0.011568332091, "min": 4.19077723707e-22, "var": 0.000218536777538}, "spectral_entropy": {"dmean": 0.221060395241, "dmean2": 0.29768371582, "dvar": 0.0438676215708, "dvar2": 0.0796706005931, "max": 9.79466438293, "mean": 7.61006593704, "median": 7.63280725479, "min": 5.05759334564, "var": 0.171227633953}, "spectral_flux": {"dmean": 0.0312228612602, "dmean2": 0.047619342804, "dvar": 0.0014731643023, "dvar2": 0.00341588445008, "max": 0.406998336315, "mean": 0.0937486216426, "median": 0.0816769301891, "min": 1.04897632247e-10, "var": 0.00326723908074}, "spectral_kurtosis": {"dmean": 1.23783123493, "dmean2": 1.81473112106, "dvar": 1.75138819218, "dvar2": 3.73189616203, "max": 23.4452419281, "mean": 2.53079199791, "median": 2.17162227631, "min": -1.3774780035, "var": 4.86908578873}, "spectral_rms": {"dmean": 0.000924672349356, "dmean2": 0.00133660400752, "dvar": 1.31742115173e-06, "dvar2": 2.42871124101e-06, "max": 0.0140197938308, "mean": 0.00603876728565, "median": 0.0062182652764, "min": 3.27645159268e-12, "var": 5.02019929627e-06}, "spectral_rolloff": {"dmean": 601.217224121, "dmean2": 1029.86218262, "dvar": 1525965.875, "dvar2": 3580106.5, "max": 18583.1542969, "mean": 1124.5168457, "median": 667.529296875, "min": 64.599609375, "var": 1942337.5}, "spectral_skewness": {"dmean": 0.222526982427, "dmean2": 0.316743940115, "dvar": 0.04873630777, "dvar2": 0.0999470874667, "max": 4.29353666306, "mean": 1.38646888733, "median": 1.35227668285, "min": -0.029017502442, "var": 0.175841540098}, "spectral_spread": {"dmean": 1000201.8125, "dmean2": 1329469.25, "dvar": 1037298171900.0, "dvar2": 1808253845500.0, "max": 39772404, "mean": 6002547, "median": 5652210.5, "min": 2485840.25, "var": 3317829468160.0}, "spectral_strongpeak": {"dmean": 0.39149862527