{"lowlevel": {"average_loudness": 0.904322445393, "barkbands": {"dmean": [5.37950973012e-06, 0.00139622250572, 0.000847187649924, 0.00114540429786, 0.00356105342507, 0.00224189460278, 0.00143001682591, 0.00105100264773, 0.000874545425177, 0.00073432555655, 0.000551151053514, 0.000310651550535, 0.000214558487642, 0.00014734074648, 8.1078709627e-05, 5.5934098782e-05, 8.92061871127e-05, 8.10274577816e-05, 3.99763266614e-05, 4.38355782535e-05, 3.05019784719e-05, 3.51223498001e-05, 3.83802180295e-05, 5.96325080551e-05, 3.60594094673e-05, 1.11615108835e-05, 3.88247002547e-07], "dmean2": [8.97284098755e-06, 0.00211914652027, 0.00137222756166, 0.00184224534314, 0.00580621743575, 0.00350102433003, 0.00217812275514, 0.00163249135949, 0.00128791807219, 0.00103398377541, 0.000805814226624, 0.000478248402942, 0.000333872594638, 0.000227208875003, 0.000124325917568, 8.42584267957e-05, 0.000132542729261, 0.000122108103824, 5.92269934714e-05, 6.36864278931e-05, 4.25081889261e-05, 4.96362554259e-05, 5.52965211682e-05, 8.21605935926e-05, 4.64850163553e-05, 1.45260592035e-05, 5.72231385831e-07], "dvar": [4.35972508095e-10, 5.78268009122e-06, 1.77597598849e-06, 3.91486128137e-06, 2.59887201537e-05, 9.60211218626e-06, 4.5604456318e-06, 4.70556597065e-06, 3.60765170626e-06, 2.49148638432e-06, 3.47555442204e-06, 5.95818619331e-07, 2.65786212594e-07, 1.33112024514e-07, 3.11108543372e-08, 1.46270098256e-08, 4.76710795283e-08, 4.20072332474e-08, 8.20788326195e-09, 9.98326843415e-09, 4.32333280287e-09, 1.85476594083e-08, 4.58989823926e-08, 9.98785054662e-08, 1.10629665429e-08, 1.02185893081e-09, 8.16751831098e-13], "dvar2": [8.77086958617e-10, 1.29287464006e-05, 4.56203770227e-06, 9.91933575278e-06, 7.14605266694e-05, 2.43758095166e-05, 1.01413797893e-05, 1.03520769699e-05, 6.73075146551e-06, 4.11383553001e-06, 6.03579064773e-06, 1.25345775359e-06, 5.69911946968e-07, 2.79094109601e-07, 6.37067856246e-08, 2.95096480585e-08, 9.83691208489e-08, 8.68841283364e-08, 1.66356546316e-08, 2.19130296131e-08, 9.51978496033e-09, 3.4665887938e-08, 1.04552697167e-07, 2.19703153448e-07, 2.21088889418e-08, 2.19459628248e-09, 1.86563676834e-12], "max": [0.00123292591888, 0.0438057035208, 0.0249308962375, 0.0360625386238, 0.0737667232752, 0.0479718670249, 0.0411347970366, 0.0434738397598, 0.0356611385942, 0.0462878346443, 0.0472340881824, 0.0249785166234, 0.0140767190605, 0.011767687276, 0.00584694277495, 0.00444984761998, 0.00544306309894, 0.00717183202505, 0.00276129180565, 0.00255337776616, 0.00115533173084, 0.00478969793767, 0.0123135475442, 0.0165805835277, 0.00474146567285, 0.00157202314585, 1.31265896925e-05], "mean": [6.83697362547e-06, 0.0032022150699, 0.00138744583819, 0.002017384395, 0.00766271492466, 0.00461257155985, 0.00279558775946, 0.00194788095541, 0.00173197709955, 0.00126205000561, 0.00100086838938, 0.000498661655001, 0.000338070793077, 0.000231611615163, 0.000141309661558, 0.000106359075289, 0.000187597150216, 0.000153376968228, 7.51790648792e-05, 7.62269846746e-05, 5.11707439728e-05, 5.86013084103e-05, 5.7355613535e-05, 8.46240363899e-05, 5.20826033608e-05, 1.61353054864e-05, 4.7017772431e-07], "median": [2.31565036302e-06, 0.000674656010233, 0.000732324668206, 0.000721007003449, 0.0046993708238, 0.00291038607247, 0.00145328824874, 0.000666148611344, 0.000502071459778, 0.000505476433318, 0.000201374452445, 0.000184553049621, 0.000114970964205, 9.47692897171e-05, 6.18947669864e-05, 4.17811716034e-05, 4.52270069218e-05, 5.06247015437e-05, 2.25470721489e-05, 2.14270330616e-05, 1.34740566864e-05, 1.29538511828e-05, 1.07075629785e-05, 1.42531453093e-05, 8.82911353983e-06, 2.22318385568e-06, 3.7905479644e-08], "min": [5.18774554188e-25, 1.21700451191e-23, 7.73916250916e-24, 7.93464145261e-24, 7.25120944079e-23, 1.10138159501e-22, 5.76371564742e-23, 8.94658890861e-23, 4.23842910581e-23, 3.42655523471e-23, 6.19578360045e-23, 3.38889059748e-23, 1.0470998868e-22, 7.98397286932e-23, 2.64202164177e-22, 1.5767505649e-22, 1.59910625186e-22, 1.89176822033e-22, 1.84914246842e-22, 3.70434237885e-22, 4.3654239733e-22, 5.95306548874e-22, 7.47765720167e-22, 9.63180333587e-22, 1.28710868413e-21, 1.7409801215e-21, 2.46235048004e-21], "var": [6.18995465995e-10, 2.72981797025e-05, 3.30217585542e-06, 9.89757882053e-06, 7.15080968803e-05, 2.72796351055e-05, 1.40151869346e-05, 1.40667953019e-05, 1.27103367049e-05, 7.13328518032e-06, 1.11596164061e-05, 1.30233001983e-06, 6.17981754658e-07, 2.81987297512e-07, 8.20059327111e-08, 4.33718447823e-08, 2.05878848192e-07, 1.19411424748e-07, 2.32368808639e-08, 1.97641050192e-08, 8.45594971821e-09, 3.31939276066e-08, 7.63584964147e-08, 1.87317056088e-07, 2.17814317693e-08, 1.69084013457e-09, 1.21631621875e-12]}, "barkbands_crest": {"dmean": 2.35454773903, "dmean2": 3.77804088593, "dvar": 4.27534627914, "dvar2": 10.5041704178, "max": 24.3143844604, "mean": 10.605345726, "median": 9.87584495544, "min": 2.97219657898, "var": 14.0431690216}, "barkbands_flatness_db": {"dmean": 0.0239133629948, "dmean2": 0.0328084267676, "dvar": 0.000469941325719, "dvar2": 0.000876022386365, "max": 0.353048831224, "mean": 0.179254412651, "median": 0.178811430931, "min": 0.0584862865508, "var": 0.00241530686617}, "barkbands_kurtosis": {"dmean": 3.23687958717, "dmean2": 5.08185768127, "dvar": 16.5442352295, "dvar2": 41.8259620667, "max": 66.3537521362, "mean": 7.17715549469, "median": 5.74118518829, "min": -1.86329722404, "var": 43.1446075439}, "barkbands_skewness": {"dmean": 0.501416862011, "dmean2": 0.767549872398, "dvar": 0.220999985933, "dvar2": 0.53425848484, "max": 7.22443437576, "mean": 1.90586102009, "median": 1.88486909866, "min": -2.13025784492, "var": 1.06695663929}, "barkbands_spread": {"dmean": 3.28134036064, "dmean2": 4.75568771362, "dvar": 23.7305088043, "dvar2": 45.6734466553, "max": 126.388885498, "mean": 12.8028717041, "median": 8.99790763855, "min": 1.42068362236, "var": 262.343811035}, "dissonance": {"dmean": 0.0287438016385, "dmean2": 0.0480161011219, "dvar": 0.000678244454321, "dvar2": 0.00184539193287, "max": 0.499999970198, "mean": 0.436506181955, "median": 0.442201018333, "min": 0.268424332142, "var": 0.00142620224506}, "dynamic_complexity": 4.76437520981, "erbbands": {"dmean": [0.0212916638702, 0.374928414822, 0.960427582264, 2.20165371895, 8.60509109497, 13.6632432938, 15.3619585037, 19.6944351196, 19.7993450165, 23.1693267822, 21.0588531494, 17.67628479, 26.5847587585, 17.1447467804, 21.0418643951, 12.9491853714, 9.48046779633, 8.29443836212, 4.46134710312, 3.25353956223, 3.1852016449, 4.36566257477, 4.36331129074, 2.7156431675, 1.64430880547, 2.26571631432, 1.59194052219, 0.9411033988, 1.30794596672, 1.05153918266, 1.15638113022, 1.14924347401, 1.07820403576, 0.512571811676, 0.20080602169, 0.0684410333633, 0.0169876348227, 0.00233531370759, 5.40670444025e-05, 9.14777774597e-06], "dmean2": [0.0323880948126, 0.57046610117, 1.52058672905, 3.53498840332, 14.1098604202, 22.1414680481, 23.0020446777, 31.6532649994, 31.1249008179, 35.1263656616, 32.4783058167, 25.7465000153, 36.0345001221, 25.8236808777, 30.4175033569, 19.6646232605, 14.5674629211, 12.6807069778, 6.83571195602, 4.782330513, 4.63008022308, 6.31840801239, 6.46549034119, 3.94034671783, 2.39957690239, 3.2845044136, 2.27331328392, 1.28275752068, 1.86063873768, 1.51824915409, 1.65860116482, 1.65303051472, 1.46090769768, 0.665909409523, 0.263793587685, 0.0904970988631, 0.022274820134, 0.00316757918335, 7.11162065272e-05, 1.26496343e-05], "dvar": [0.00156371272169, 0.410331726074, 2.2244079113, 13.3932657242, 200.680358887, 492.722473145, 548.291442871, 1018.45135498, 904.185180664, 1443.11254883, 2305.32983398, 1572.57519531, 3781.51928711, 1212.26647949, 5970.67529297, 1008.37609863, 415.532653809, 385.10446167, 102.158653259, 32.9147491455, 53.1005783081, 120.391036987, 124.482704163, 38.072479248, 17.4344272614, 25.7602062225, 13.6476020813, 3.74752283096, 20.7213745117, 28.8238544464, 31.9475746155, 58.3245887756, 22.9767150879, 2.38553953171, 0.396660268307, 0.0563300140202, 0.00160866510123, 2.6180749046e-05, 1.27194477173e-08, 1.24821583625e-10], "dvar2": [0.00360131263733, 0.911123216152, 5.31403303146, 34.3613204956, 560.161193848, 1335.74194336, 1200.09228516, 2642.44189453, 2071.64282227, 3174.22875977, 5255.07519531, 2855.234375, 5956.47509766, 2507.85888672, 10127.5673828, 2113.82177734, 878.037353516, 815.669311523, 212.42175293, 70.2882919312, 106.553009033, 226.962600708, 264.472137451, 77.3750305176, 36.9417610168, 56.4076309204, 30.615858078, 7.47910404205, 41.386516571, 52.2705345154, 69.9212417603, 138.737487793, 49.9785614014, 4.56296634674, 0.845360100269, 0.127754509449, 0.00326475594193, 5.35763865628e-05, 2.49231000282e-08, 2.40291564424e-10], "max": [0.757278740406, 11.3341627121, 24.7238941193, 94.9792098999, 201.238067627, 336.420654297, 556.549987793, 583.495544434, 466.567352295, 764.182983398, 1159.40393066, 1082.73291016, 1691.55285645, 1028.22546387, 1921.5760498, 731.313842773, 618.627319336, 689.139343262, 365.830291748, 129.809417725, 237.336044312, 303.37991333, 428.717773438, 207.328353882, 114.17565155, 117.024345398, 62.8048973083, 42.3406944275, 171.82951355, 213.945510864, 317.561431885, 419.141082764, 240.530685425, 79.4426803589, 23.5271530151, 12.128276825, 1.30552721024, 0.130219608545, 0.00290207471699, 0.000244958559051], "mean": [0.049371663481, 0.858032286167, 1.79732429981, 4.36294794083, 14.9662790298, 28.1140289307, 34.0180969238, 37.2816810608, 38.7087669373, 46.9611473083, 40.8576812744, 36.6199264526, 49.7934494019, 33.2247390747, 38.7820777893, 21.9218883514, 16.2180576324, 13.9266300201, 8.23989868164, 6.34637308121, 6.72510385513, 9.98168182373, 9.03924369812, 5.50237560272, 3.25462555885, 3.86641097069, 2.66805958748, 1.63091433048, 2.1585085392, 1.676171422, 1.73439586163, 1.597879529, 1.50898230076, 0.729009747505, 0.289980173111, 0.0987216681242, 0.0240677725524, 0.00320589193143, 8.81361120264e-05, 3.73624061467e-05], "median": [0.00775755848736, 0.200700521469, 1.03166222572, 2.17832374573, 7.80313539505, 13.3481941223, 18.3732299805, 20.7878036499, 24.5803470612, 20.9219055176, 15.7476005554, 12.2669715881, 16.3362808228, 14.2079753876, 9.51781845093, 8.71188163757, 6.09974431992, 6.04489326477, 3.65157842636, 2.90635538101, 2.31453275681, 2.45131659508, 2.87154507637, 2.05215644836, 0.978402495384, 1.09731912613, 0.691800951958, 0.477146059275, 0.5004144907, 0.285554230213, 0.32524934411, 0.292462617159, 0.246072471142, 0.120930477977, 0.0503780841827, 0.015390929766, 0.00281762238592, 0.00032048887806, 2.54186197708e-05, 3.48578214471e-05], "min": [1.73897911586e-22, 3.24165922634e-21, 9.78358693931e-21, 1.89812117343e-20, 1.03287580935e-19, 3.29349276267e-19, 5.68254572658e-19, 8.49780531056e-19, 8.85812725334e-19, 9.01228166628e-19, 2.06390289587e-18, 9.70008027766e-19, 1.14307458123e-18, 1.39646450809e-18, 2.73022107432e-18, 1.86951007525e-18, 4.52501750831e-18, 3.36918294234e-18, 1.37588805948e-17, 1.24344279493e-17, 7.27349756067e-18, 7.99669247124e-18, 1.21827210248e-17, 8.3571091262e-18, 9.9517727265e-18, 1.58711623895e-17, 2.21593745169e-17, 1.59658001234e-17, 1.64646264287e-17, 1.83494186658e-17, 2.43397713264e-17, 2.22484966105e-17, 1.49924384986e-17, 1.14097546567e-17, 1.05937715881e-17, 6.67886430168e-18, 3.48194647819e-18, 1.48158408145e-18, 2.99227028971e-19, 3.51893521637e-20], "var": [0.00822261162102, 1.86814677715, 4.91016292572, 35.5414657593, 385.964111328, 1487.26806641, 2208.40649414, 2417.38574219, 2218.59130859, 5400.29248047, 6718.02929688, 6045.84033203, 11863.2851563, 3662.19360352, 16318.1152344, 2169.24853516, 1138.71203613, 947.027709961, 310.335327148, 94.8887481689, 212.168212891, 529.51574707, 387.587402344, 122.386779785, 45.4992294312, 50.2230415344, 24.2563037872, 8.4903421402, 35.6956481934, 56.5560150146, 59.5085258484, 93.9088287354, 43.8838043213, 4.83042240143, 0.695728063583, 0.0803997963667, 0.00326396967284, 4.98989902553e-05, 2.66306585672e-08, 6.64914290294e-10]}, "erbbands_crest": {"dmean": 2.72491621971, "dmean2": 4.25401496887, "dvar": 6.1998052597, "dvar2": 14.5558481216, "max": 31.3886985779, "mean": 10.6718158722, "median": 9.60973548889, "min": 3.01401972771, "var": 20.6444149017}, "erbbands_flatness_db": {"dmean": 0.021431978792, "dmean2": 0.029100831598, "dvar": 0.000452006206615, "dvar2": 0.000836264924146, "max": 0.354657322168, "mean": 0.185338541865, "median": 0.187064468861, "min": 0.0616626292467, "var": 0.00222110003233}, "erbbands_kurtosis": {"dmean": 1.50329065323, "dmean2": 2.25633811951, "dvar": 3.21163606644, "dvar2": 7.16345500946, "max": 37.3585929871, "mean": 2.45328068733, "median": 1.75948047638, "min": -1.71581184864, "var": 10.2089958191}, "erbbands_skewness": {"dmean": 0.373382508755, "dmean2": 0.568880140781, "dvar": 0.118046797812, "dvar2": 0.265117913485, "max": 5.23244476318, "mean": 1.08014249802, "median": 1.10825359821, "min": -4.07429027557, "var": 0.484406203032}, "erbbands_spread": {"dmean": 6.61772108078, "dmean2": 9.82316875458, "dvar": 72.0894241333, "dvar2": 150.974914551, "max": 117.388847351, "mean": 27.5557308197, "median": 22.9104804993, "min": 2.56689739227, "var": 260.618652344}, "gfcc": {"cov": [[20044.515625, 2633.33374023, -612.295349121, 84.0805892944, -894.763183594, -379.667663574, -575.074279785, 72.7869262695, -11.6343717575, -508.269287109, -416.321838379, -395.782318115, 240.740859985], [2633.33374023, 2300.19628906, -184.723373413, -251.915527344, 39.1352577209, -318.968078613, 12.0072345734, -172.72479248, 169.19972229, -289.680755615, 30.8498897552, -234.811523438, 202.732727051], [-612.295349121, -184.723373413, 483.328155518, 63.941444397, 18.7673587799, 108.301017761, -6.79463815689, 48.9864997864, -33.7752723694, 132.920089722, -8.29370212555, 56.8296165466, -9.40227222443], [84.0805892944, -251.915527344, 63.941444397, 314.10949707, 67.7262115479, 21.6173095703, -9.91913509369, 5.97459173203, 40.8433990479, 37.903968811, 13.2665472031, 42.5937080383, 6.66617774963], [-894.763183594, 39.1352577209, 18.7673587799, 67.7262115479, 280.343231201, 74.9237670898, 64.5527267456, 11.561715126, 69.4409942627, 54.3999557495, 66.2192001343, 7.84867143631, 25.7371997833], [-379.667663574, -318.968078613, 108.301017761, 21.6173095703, 74.9237670898, 229.035308838, 101.19682312, 80.8995742798, -5.56747245789, 97.24974823, 38.5889434814, 36.5167198181, -12.5551462173], [-575.074279785, 12.0072345734, -6.79463815689, -9.91913509369, 64.5527267456, 101.19682312, 214.274368286, 65.491104126, 25.0113353729, 16.8460235596, 68.9504623413, 17.0371608734, 18.5092277527], [72.7869262695, -172.72479248, 48.9864997864, 5.97459173203, 11.561715126, 80.8995742798, 65.491104126, 137.334899902, 13.3929319382, 47.3479270935, 14.400179863, 28.0714206696, -20.8974208832], [-11.6343717575, 169.19972229, -33.7752723694, 40.8433990479, 69.4409942627, -5.56747245789, 25.0113353729, 13.3929319382, 121.785301208, 10.1527242661, 30.9641914368, -6.79718780518, 5.67851352692], [-508.269287109, -289.680755615, 132.920089722, 37.903968811, 54.3999557495, 97.24974823, 16.8460235596, 47.3479270935, 10.1527242661, 161.864135742, 25.293384552, 19.2645606995, -19.0665225983], [-416.321838379, 30.8498897552, -8.29370212555, 13.2665472031, 66.2192001343, 38.5889434814, 68.9504623413, 14.400179863, 30.9641914368, 25.293384552, 108.488418579, 34.3422889709, 11.2261381149], [-395.782318115, -234.811523438, 56.8296165466, 42.5937080383, 7.84867143631, 36.5167198181, 17.0371608734, 28.0714206696, -6.79718780518, 19.2645606995, 34.3422889709, 120.059783936, 1.80702996254], [240.740859985, 202.732727051, -9.40227222443, 6.66617774963, 25.7371997833, -12.5551462173, 18.5092277527, -20.8974208832, 5.67851352692, -19.0665225983, 11.2261381149, 1.80702996254, 102.002868652]], "icov": [[0.000161138246767, -0.000475762004498, 0.000460623123217, -0.000580710417125, 0.000597716134507, -0.000686780491378, 0.000663419719785, -0.00072602450382, 0.000478130736155, -0.000300188083202, 0.000411907123635, -0.000208721525269, 1.68506976479e-05], [-0.000475762004498, 0.00330583169125, -0.0026581841521, 0.00312735303305, -0.00193399691489, 0.00343632162549, -0.00212071975693, 0.00253490591422, -0.00421428820118, 0.00387417688034, -0.00301473261788, 0.00388054433279, -0.00286002550274], [0.000460623123217, -0.0026581841521, 0.00524621317163, -0.00292534171604, 0.00186673400458, -0.00347488676198, 0.00227143825032, -0.00247656553984, 0.00403684610501, -0.00511953607202, 0.00336857140064, -0.00387138244696, 0.00156871369109], [-0.000580710417125, 0.00312735303305, -0.00292534171604, 0.00693077361211, -0.0029701073654, 0.0035052804742, -0.00208663824014, 0.00318041793071, -0.00506703928113, 0.0029249030631, -0.0022647480946, 0.00173484359402, -0.002309308853], [0.000597716134507, -0.00193399691489, 0.00186673400458, -0.0029701073654, 0.00765208434314, -0.00419765664265, 0.00221902038902, -0.00175267749, -0.000308313494315, -0.00218447321095, -0.000213059611269, -0.000364979088772, -0.00077107467223], [-0.000686780491378, 0.00343632162549, -0.00347488676198, 0.0035052804742, -0.00419765664265, 0.0129115115851, -0.00618404755369, 0.00121202331502, -0.00198860885575, 5.31626828888e-05, -0.00264853239059, 0.00245655910112, -0.00137080205604], [0.000663419719785, -0.00212071975693, 0.00227143825032, -0.00208663824014, 0.00221902038902, -0.00618404755369, 0.0112638138235, -0.00595902279019, 0.00176335498691, 0.000571342709009, -0.00243241828866, -4.11403125327e-05, -0.00131379393861], [-0.00072602450382, 0.00253490591422, -0.00247656553984, 0.00318041793071, -0.00175267749, 0.00121202331502, -0.00595902279019, 0.0145373344421, -0.00469540897757, 0.000318257079925, -0.000311431096634, -0.000445810204837, 0.00125327252317], [0.000478130736155, -0.00421428820118, 0.00403684610501, -0.00506703928113, -0.000308313494315, -0.00198860885575, 0.00176335498691, -0.00469540897757, 0.0167982280254, -0.00603292090818, 0.00177923077717, -0.00396143971011, 0.00431339023635], [-0.000300188083202, 0.00387417688034, -0.00511953607202, 0.0029249030631, -0.00218447321095, 5.31626828888e-05, 0.000571342709009, 0.000318257079925, -0.00603292090818, 0.0163735393435, -0.00599076040089, 0.00673720985651, -0.00319892494008], [0.000411907123635, -0.00301473261788, 0.00336857140064, -0.0022647480946, -0.000213059611269, -0.00264853239059, -0.00243241828866, -0.000311431096634, 0.00177923077717, -0.00599076040089, 0.018086289987, -0.00824125017971, 0.00252015516162], [-0.000208721525269, 0.00388054433279, -0.00387138244696, 0.00173484359402, -0.000364979088772, 0.00245655910112, -4.11403125327e-05, -0.000445810204837, -0.00396143971011, 0.00673720985651, -0.00824125017971, 0.0169661417603, -0.00529337674379], [1.68506976479e-05, -0.00286002550274, 0.00156871369109, -0.002309308853, -0.00077107467223, -0.00137080205604, -0.00131379393861, 0.00125327252317, 0.00431339023635, -0.00319892494008, 0.00252015516162, -0.00529337674379, 0.0152430776507]], "mean": [-44.561416626, 117.854927063, -103.071586609, 13.0155439377, -71.7897720337, 7.80685424805, -45.9257202148, 5.69760990143, -29.6760845184, -2.97026371956, -11.1390104294, -1.58657050133, -8.56392192841]}, "hfc": {"dmean": 4.22823381424, "dmean2": 5.42287445068, "dvar": 46.2009811401, "dvar2": 88.3660583496, "max": 284.542419434, "mean": 15.547665596, "median": 12.3869037628, "min": 1.19771146956e-16, "var": 190.328994751}, "melbands": {"dmean": [0.000300568644889, 0.000504254072439, 0.000520730623975, 0.000816310348455, 0.000526474381331, 0.0004285654868, 0.000303490785882, 0.000245667586569, 0.000166020967299, 0.000117556759506, 0.000133780704346, 6.99504453223e-05, 7.73656429374e-05, 4.24404788646e-05, 2.76557238976e-05, 1.82875155588e-05, 1.58862840181e-05, 7.36746460461e-06, 5.3698663578e-06, 4.15090380557e-06, 4.28552766607e-06, 4.69702126793e-06, 5.21304036738e-06, 3.70618477064e-06, 2.27762757277e-06, 1.30104285745e-06, 1.28207943817e-06, 1.67713074006e-06, 1.14165936793e-06, 7.09528251264e-07, 5.04060096773e-07, 7.05717468463e-07, 8.35900777929e-07, 5.30007923771e-07, 6.26099620149e-07, 8.47547482863e-07, 6.45421380341e-07, 8.58943053572e-07, 5.37049800187e-07, 4.29391405987e-07], "dmean2": [0.000457185233245, 0.000782381626777, 0.00084775860887, 0.00134437938686, 0.000797470158432, 0.000685609062202, 0.000474740780191, 0.000373890856281, 0.000253676611464, 0.000171280393261, 0.000181710449397, 0.000106611805677, 0.000112484114652, 6.35115356999e-05, 4.22762241215e-05, 2.8015279895e-05, 2.43724116444e-05, 1.149453783e-05, 8.04322189651e-06, 6.22732432021e-06, 6.47051319902e-06, 6.89895068717e-06, 7.76493652666e-06, 5.54017196919e-06, 3.3703840927e-06, 1.94631957129e-06, 1.92175866687e-06, 2.48060382546e-06, 1.69409418049e-06, 1.01410341813e-06, 7.08525305981e-07, 1.01910575268e-06, 1.20768265788e-06, 7.82858535331e-07, 8.95845403193e-07, 1.25997894429e-06, 9.37878496643e-07, 1.1990063058e-06, 7.27535166334e-07, 5.71496002522e-07], "dvar": [2.81510693867e-07, 5.95900303324e-07, 6.52245375932e-07, 1.61774050866e-06, 5.92579397107e-07, 4.30102460314e-07, 1.97190999529e-07, 1.66878322716e-07, 1.38739906674e-07, 6.57908714174e-08, 9.45923375184e-08, 1.9895150416e-08, 7.20338135807e-08, 1.4816938787e-08, 4.17280876519e-09, 1.71420533324e-09, 1.51000933979e-09, 3.34090144438e-10, 1.47001869011e-10, 7.25876372898e-11, 1.15324479133e-10, 1.44305470351e-10, 1.97402150182e-10, 8.38008620829e-11, 2.85946509526e-11, 1.3017504609e-11, 1.20154710834e-11, 1.42832993696e-11, 7.30421799433e-12, 2.53398560815e-12, 1.04005129162e-12, 4.06854888321e-12, 1.6028324501e-11, 9.22425504035e-12, 7.31993545638e-12, 3.39778170877e-11, 1.83765381384e-11, 1.80434157199e-11, 3.40913126722e-12, 1.49325441335e-12], "dvar2": [6.35964227058e-07, 1.35178675009e-06, 1.73267073933e-06, 4.50312973044e-06, 1.35739435336e-06, 1.11453903173e-06, 4.50779737093e-07, 3.71887836081e-07, 3.08974563268e-07, 1.18794005743e-07, 1.50310015101e-07, 4.2337568118e-08, 1.26516511045e-07, 2.8161316834e-08, 9.32379684571e-09, 3.70166763908e-09, 3.1981923776e-09, 6.98442248481e-10, 2.98969793366e-10, 1.58417570728e-10, 2.5249244362e-10, 2.79686329652e-10, 4.31713637061e-10, 1.80156348173e-10, 5.92908361297e-11, 2.94006485824e-11, 2.80514170919e-11, 3.17456408383e-11, 1.67962848491e-11, 5.75529337729e-12, 2.11018398935e-12, 8.19760058446e-12, 3.07020242563e-11, 1.91514113596e-11, 1.47325623923e-11, 8.69307126283e-11, 4.1476294621e-11, 4.26011552423e-11, 6.62977875723e-12, 2.83940167385e-12], "max": [0.0104089034721, 0.0117171257734, 0.013708319515, 0.0173151120543, 0.016123412177, 0.0115846777335, 0.00732619827613, 0.00861939694732, 0.0085384901613, 0.00679622637108, 0.00860639289021, 0.00443586986512, 0.00743350805715, 0.00362590351142, 0.00212563993409, 0.00143593235407, 0.00138710241299, 0.000576952530537, 0.000401168246754, 0.000314492557663, 0.000337171979481, 0.00032247803756, 0.000422507582698, 0.000380989018595, 0.000162090698723, 0.000151443804498, 9.98563918984e-05, 9.53861454036e-05, 4.57965688838e-05, 3.97825206164e-05, 2.04914704227e-05, 7.20637035556e-05, 0.000137278941111, 0.00013641215628, 0.000134300280479, 0.000337224337272, 0.000217581196921, 0.000207462304388, 9.42875994951e-05, 5.97757498326e-05], "mean": [0.000705618003849, 0.00106161751319, 0.00102267274633, 0.00159824767616, 0.00121352763381, 0.000834038772155, 0.000607138499618, 0.000494471634738, 0.000314383942168, 0.000237261177972, 0.000244747177931, 0.000127216902911, 0.00014443526743, 6.78319483995e-05, 4.34001121903e-05, 3.0025763408e-05, 2.51171750278e-05, 1.28468254843e-05, 9.32839157031e-06, 7.72358362156e-06, 8.21425419417e-06, 1.0229147847e-05, 1.02393314592e-05, 6.94281243341e-06, 4.25384178016e-06, 2.38321126744e-06, 2.2218966933e-06, 2.68082658295e-06, 1.80536051175e-06, 1.14202532586e-06, 8.33316278204e-07, 1.13745113595e-06, 1.30314538183e-06, 7.81108269621e-07, 9.34255979246e-07, 1.13206726837e-06, 8.91728291208e-07, 1.16093883662e-06, 7.41510007174e-07, 6.02970942509e-07], "median": [0.000128968647914, 0.000516016385518, 0.000556977000087, 0.000903439824469, 0.000695509370416, 0.000495368265547, 0.000389094144339, 0.000202753974008, 0.000110300126835, 7.52610721975e-05, 7.84076983109e-05, 5.44150097994e-05, 2.96829166473e-05, 2.36274536292e-05, 1.58967450261e-05, 1.16757983051e-05, 1.0396090147e-05, 5.39592565474e-06, 3.89331125916e-06, 3.35674440066e-06, 2.30339264817e-06, 2.3651691663e-06, 2.61233367382e-06, 2.31203171097e-06, 1.44887735587e-06, 5.93589618347e-07, 6.12076235029e-07, 7.06640207682e-07, 4.4632446361e-07, 2.79498692635e-07, 2.3333453214e-07, 2.92313245609e-07, 2.01275980771e-07, 1.29169052343e-07, 1.61417005984e-07, 2.12352290418e-07, 1.45730382428e-07, 1.79687930313e-07, 1.19950612998e-07, 9.54028536171e-08], "min": [2.44696843077e-24, 5.12548686431e-24, 4.3627250277e-24, 1.69575575447e-23, 1.83385548004e-23, 2.08495637483e-23, 1.25337865159e-23, 1.20656796102e-23, 1.57872634592e-23, 5.53739531913e-24, 5.82614878159e-24, 5.50833486668e-24, 8.05223063687e-24, 5.33295412694e-24, 9.00189768217e-24, 8.3120056884e-24, 5.44497592535e-24, 2.11890957928e-23, 1.73296474565e-23, 1.36208699754e-23, 8.33024651911e-24, 7.88122215869e-24, 1.21415396303e-23, 7.71002119846e-24, 6.65905967976e-24, 7.28968139828e-24, 9.40032371527e-24, 1.03018544681e-23, 1.36522650617e-23, 1.33609576621e-23, 8.48344251804e-24, 9.98603163815e-24, 1.01115583408e-23, 9.14717351762e-24, 1.22269330344e-23, 1.69400527213e-23, 1.25188565344e-23, 9.75901876887e-24, 1.01259834513e-23, 9.57479134851e-24], "var": [1.46982642946e-06, 1.79399467015e-06, 1.66285167325e-06, 3.55161455445e-06, 2.44155489781e-06, 1.08165409074e-06, 5.22897266819e-07, 6.06433502526e-07, 4.25778750923e-07, 2.4553548883e-07, 2.93393895845e-07, 5.52436887347e-08, 2.36340170545e-07, 3.24953397524e-08, 8.59282067722e-09, 4.4261700971e-09, 3.35759575698e-09, 9.14615383429e-10, 3.6988581642e-10, 1.81141823763e-10, 4.24007745581e-10, 6.33540497841e-10, 5.69221170199e-10, 2.5136362436e-10, 8.34136579253e-11, 2.96060190252e-11, 2.24897669932e-11, 2.61248921801e-11, 1.20819335439e-11, 4.65351932336e-12, 2.27163513694e-12, 7.18938190231e-12, 2.71704689997e-11, 1.61830115281e-11, 1.53224464366e-11, 4.41073393087e-11, 3.21779408674e-11, 3.00485643312e-11, 6.95885103014e-12, 2.83665278766e-12]}, "melbands_crest": {"dmean": 2.86377692223, "dmean2": 4.63366889954, "dvar": 6.56436443329, "dvar2": 16.3972606659, "max": 31.1920223236, "mean": 13.0385246277, "median": 12.1940002441, "min": 2.021743536, "var": 19.3000526428}, "melbands_flatness_db": {"dmean": 0.0263262465596, "dmean2": 0.0361980982125, "dvar": 0.000594037235714, "dvar2": 0.00114169856533, "max": 0.488722145557, "mean": 0.248170718551, "median": 0.247103333473, "min": 0.00704221427441, "var": 0.00300645036623}, "melbands_kurtosis": {"dmean": 5.34627151489, "dmean2": 8.4670009613, "dvar": 53.9538192749, "dvar2": 133.679336548, "max": 145.705078125, "mean": 11.9210205078, "median": 8.97214126587, "min": -1.74632608891, "var": 135.609085083}, "melbands_skewness": {"dmean": 0.602920234203, "dmean2": 0.929408490658, "dvar": 0.381968230009, "dvar2": 0.897876262665, "max": 10.633225441, "mean": 2.25276851654, "median": 2.11588788033, "min": -1.334415555, "var": 1.70093202591}, "melbands_spread": {"dmean": 3.25693297386, "dmean2": 4.85794782639, "dvar": 34.5344734192, "dvar2": 64.415397644, "max": 259.70401001, "mean": 14.1069984436, "median": 10.1852941513, "min": 1.5360211134, "var": 439.748809814}, "mfcc": {"cov": [[12917.5449219, 921.901916504, 17.9067001343, 74.55884552, -55.7500915527, -171.591339111, -39.2780723572, 120.904884338, -63.301399231, -8.47759628296, 11.46504879, -14.5908966064, -87.9192504883], [921.901916504, 1649.60131836, -183.732147217, -22.5671157837, 38.6988830566, 1.73229157925, 16.3586959839, 24.597202301, 1.16680049896, -4.59625291824, 30.6201152802, 7.70964288712, -40.2970542908], [17.9067001343, -183.732147217, 383.382385254, 17.0628643036, 15.2203416824, 44.2364425659, 46.2300987244, -26.3273029327, 24.1463375092, 5.23203754425, 13.3503189087, 21.1801757813, 23.5244560242], [74.55884552, -22.5671157837, 17.0628643036, 251.57699585, 70.3892822266, 27.329536438, -51.436882019, 5.25732707977, 5.24742698669, -15.6621484756, -10.5060214996, 9.74539279938, 36.9154891968], [-55.7500915527, 38.6988830566, 15.2203416824, 70.3892822266, 198.52557373, 55.9041442871, -9.59174823761, -32.3603515625, 31.7415370941, 13.7139530182, 4.77981853485, 40.4623756409, 16.7971916199], [-171.591339111, 1.73229157925, 44.2364425659, 27.329536438, 55.9041442871, 123.08656311, 41.3891372681, -8.78680992126, 31.0090446472, 23.3972358704, 7.0020532608, 23.946056366, 20.6939105988], [-39.2780723572, 16.3586959839, 46.2300987244, -51.436882019, -9.59174823761, 41.3891372681, 184.125, 24.3073539734, 42.442905426, 56.0922966003, -0.417734801769, 30.6998977661, 3.08927345276], [120.904884338, 24.597202301, -26.3273029327, 5.25732707977, -32.3603515625, -8.78680992126, 24.3073539734, 156.107284546, 5.39574480057, -3.78805565834, 29.9476642609, 1.10324776173, 30.4323883057], [-63.301399231, 1.16680049896, 24.1463375092, 5.24742698669, 31.7415370941, 31.0090446472, 42.442905426, 5.39574480057, 102.488998413, 45.8698425293, 1.76128363609, 15.4475278854, -0.181044697762], [-8.47759628296, -4.59625291824, 5.23203754425, -15.6621484756, 13.7139530182, 23.3972358704, 56.0922966003, -3.78805565834, 45.8698425293, 119.329704285, 36.3190002441, 18.4698429108, -5.72237014771], [11.46504879, 30.6201152802, 13.3503189087, -10.5060214996, 4.77981853485, 7.0020532608, -0.417734801769, 29.9476642609, 1.76128363609, 36.3190002441, 111.000686646, 25.5253486633, 7.41596984863], [-14.5908966064, 7.70964288712, 21.1801757813, 9.74539279938, 40.4623756409, 23.946056366, 30.6998977661, 1.10324776173, 15.4475278854, 18.4698429108, 25.5253486633, 82.7211685181, 25.0672912598], [-87.9192504883, -40.2970542908, 23.5244560242, 36.9154891968, 16.7971916199, 20.6939105988, 3.08927345276, 30.4323883057, -0.181044697762, -5.72237014771, 7.41596984863, 25.0672912598, 82.4765930176]], "icov": [[8.5033760115e-05, -5.17370353919e-05, -5.88627372053e-05, -5.15222127433e-05, 6.47872866466e-07, 0.000120863427583, 1.93952819245e-05, -9.75395305431e-05, 6.48390778224e-05, -6.297903019e-05, 4.94554878969e-05, -4.87485340273e-05, 0.00011616559641], [-5.17370353919e-05, 0.00069902476389, 0.000378529919544, 4.04786478612e-05, -0.000193254876649, -0.000137534138048, -0.000216914457269, -6.65890092932e-06, -6.8820627348e-05, 0.00030424958095, -0.00032840622589, -4.67066229248e-06, 0.000296654732665], [-5.88627372053e-05, 0.000378529919544, 0.00318604917265, -0.000235006998992, 0.000177208261448, -0.000673876726069, -0.00105445622467, 0.00110150990076, -0.000711846281774, 0.00102454458829, -0.0010699442355, 0.000124212601804, -0.000787335913628], [-5.15222127433e-05, 4.04786478612e-05, -0.000235006998992, 0.00517908064649, -0.0014710429823, -0.000815490726382, 0.00180866068695, -0.000664007267915, -0.00020605197642, -0.000157970556756, 0.000977814081125, 2.07210323424e-05, -0.00171037227847], [6.47872866466e-07, -0.000193254876649, 0.000177208261448, -0.0014710429823, 0.007409600541, -0.00239616795443, 0.0011801852379, 0.00140588264912, -0.00163829734083, -4.23871460953e-05, 6.71727902954e-05, -0.0029221503064, -8.10739002191e-05], [0.000120863427583, -0.000137534138048, -0.000673876726069, -0.000815490726382, -0.00239616795443, 0.0114327594638, -0.00243851169944, 0.000929539091885, -0.00138304254506, -0.000262800458586, -0.000648845569231, 0.000191550017917, -0.00203448883258], [1.93952819245e-05, -0.000216914457269, -0.00105445622467, 0.00180866068695, 0.0011801852379, -0.00243851169944, 0.0090267714113, -0.00227711605839, -0.000977135612629, -0.00370428687893, 0.00303534604609, -0.00326142972335, 0.000738676812034], [-9.75395305431e-05, -6.65890092932e-06, 0.00110150990076, -0.000664007267915, 0.00140588264912, 0.000929539091885, -0.00227711605839, 0.00891890004277, -0.0016815662384, 0.00214029080234, -0.00350991194136, 0.00164684036281, -0.00388950342312], [6.48390778224e-05, -6.8820627348e-05, -0.000711846281774, -0.00020605197642, -0.00163829734083, -0.00138304254506, -0.000977135612629, -0.0016815662384, 0.0136370556429, -0.00483773415908, 0.00212846929207, -0.00073469709605, 0.0013946929248], [-6.297903019e-05, 0.00030424958095, 0.00102454458829, -0.000157970556756, -4.23871460953e-05, -0.000262800458586, -0.00370428687893, 0.00214029080234, -0.00483773415908, 0.0136141125113, -0.00531751103699, 0.0004995346535, 0.000543844129425], [4.94554878969e-05, -0.00032840622589, -0.0010699442355, 0.000977814081125, 6.71727902954e-05, -0.000648845569231, 0.00303534604609, -0.00350991194136, 0.00212846929207, -0.00531751103699, 0.0129230506718, -0.00417710281909, 0.000833603262436], [-4.87485340273e-05, -4.67066229248e-06, 0.000124212601804, 2.07210323424e-05, -0.0029221503064, 0.000191550017917, -0.00326142972335, 0.00164684036281, -0.00073469709605, 0.0004995346535, -0.00417710281909, 0.017414746806, -0.00492164725438], [0.00011616559641, 0.000296654732665, -0.000787335913628, -0.00171037227847, -8.10739002191e-05, -0.00203448883258, 0.000738676812034, -0.00388950342312, 0.0013946929248, 0.000543844129425, 0.000833603262436, -0.00492164725438, 0.0167796891183]], "mean": [-685.091186523, 151.422470093, 17.4062767029, 7.14630889893, -1.76735174656, -7.65741539001, -3.41211032867, -2.75682711601, -7.46434640884, -6.5429558754, -4.68538570404, -0.418553411961, -6.20677232742]}, "pitch_salience": {"dmean": 0.0641321614385, "dmean2": 0.102968245745, "dvar": 0.0032347231172, "dvar2": 0.00804127845913, "max": 0.881405293941, "mean": 0.592825114727, "median": 0.601778209209, "min": 0.130272686481, "var": 0.0108229285106}, "silence_rate_20dB": {"dmean": 0, "dmean2": 0, "dvar": 0, "dvar2": 0, "max": 1, "mean": 1, "median": 1, "min": 1, "var": 0}, "silence_rate_30dB": {"dmean": 0.000350692629581, "dmean2": 0.00070150825195, "dvar": 0.000350567337591, "dvar2": 0.00105176097713, "max": 1, "mean": 0.99982470274, "median": 1, "min": 0, "var": 0.000175302309799}, "silence_rate_60dB": {"dmean": 0.00350692612119, "dmean2": 0.0070150825195, "dvar": 0.00349458539858, "dvar2": 0.00836899504066, "max": 1, "mean": 0.0864305719733, "median": 0, "min": 0, "var": 0.0789596736431}, "spectral_centroid": {"dmean": 126.777191162, "dmean2": 184.714752197, "dvar": 39718.7070313, "dvar2": 68301.1328125, "max": 11339.1367188, "mean": 727.91204834, "median": 611.106262207, "min": 216.739624023, "var": 276895.65625}, "spectral_complexity": {"dmean": 2.59933376312, "dmean2": 3.88179588318, "dvar": 7.35055828094, "dvar2": 13.9799613953, "max": 43, "mean": 14.25806427, "median": 14, "min": 0, "var": 42.4841957092}, "spectral_contrast_coeffs": {"dmean": [0.052256796509, 0.0484825372696, 0.038186840713, 0.027601512149, 0.0220614057034, 0.0180053208023], "dmean2": [0.0858092457056, 0.0789274200797, 0.0611846596003, 0.0444958694279, 0.0345303304493, 0.0277279168367], "dvar": [0.00177792133763, 0.00149222137406, 0.00097023654962, 0.000491757120471, 0.000373135815607, 0.000303899112623], "dvar2": [0.00477263843641, 0.00403165211901, 0.00235954602249, 0.00123810046352, 0.000806222611573, 0.000648033048492], "max": [-0.284207165241, -0.482969850302, -0.512884259224, -0.593945324421, -0.57899171114, -0.615441322327], "mean": [-0.574695885181, -0.70200741291, -0.763217508793, -0.79131925106, -0.797605276108, -0.808821201324], "median": [-0.574727654457, -0.699039876461, -0.770436704159, -0.794532060623, -0.805516839027, -0.813389360905], "min": [-0.966156721115, -0.968803048134, -0.963710486889, -0.955526292324, -0.963492333889, -0.959917783737], "var": [0.00971411820501, 0.00557109666988, 0.00504426378757, 0.00180430244654, 0.00204748590477, 0.0011907722801]}, "spectral_contrast_valleys": {"dmean": [0.442737668753, 0.351496726274, 0.338227003813, 0.315732419491, 0.309582740068, 0.444553017616], "dmean2": [0.71492099762, 0.569150567055, 0.530155479908, 0.471964329481, 0.414065510035, 0.496085584164], "dvar": [0.160162881017, 0.105870917439, 0.10665717721, 0.106947600842, 0.123182751238, 0.20449014008], "dvar2": [0.357898056507, 0.23426489532, 0.22147756815, 0.203416481614, 0.194751366973, 0.370157301426], "max": [-5.4744644165, -4.77000522614, -5.36349630356, -6.34946775436, -6.15763187408, -7.08511066437], "mean": [-7.70069932938, -6.60199594498, -7.34627628326, -8.27225399017, -8.43768405914, -10.6471481323], "median": [-7.37061691284, -6.27157306671, -7.04189157486, -8.02456665039, -8.22849845886, -10.4314231873], "min": [-27.1867904663, -27.1451740265, -27.3702125549, -27.3011608124, -27.235786438, -27.223274231], "var": [3.26704335213, 2.62803387642, 2.3523080349, 2.18716239929, 2.22355556488, 2.34692072868]}, "spectral_decrease": {"dmean": 1.74812886389e-09, "dmean2": 2.58449994739e-09, "dvar": 3.66907417149e-18, "dvar2": 7.94878382452e-18, "max": -2.15457168302e-29, "mean": -7.51043582881e-09, "median": -7.27674809298e-09, "min": -2.59991672635e-08, "var": 2.30798395959e-17}, "spectral_energy": {"dmean": 0.00687958486378, "dmean2": 0.0101147014648, "dvar": 5.68384275539e-05, "dvar2": 0.000121162185678, "max": 0.102802433074, "mean": 0.0297563821077, "median": 0.0287675056607, "min": 1.09449113608e-20, "var": 0.000361997052096}, "spectral_energyband_high": {"dmean": 0.000211939448491, "dmean2": 0.000269864685833, "dvar": 4.85998668864e-07, "dvar2": 9.49510877035e-07, "max": 0.0352490469813, "mean": 0.000365752901416, "median": 9.68122767517e-05, "min": 8.20541518785e-21, "var": 1.1120189356e-06}, "spectral_energyband_low": {"dmean": 0.00226278998889, "dmean2": 0.0034748383332, "dvar": 1.02141584648e-05, "dvar2": 2.32735510508e-05, "max": 0.0506040677428, "mean": 0.00543313426897, "median": 0.00290469150059, "min": 2.36663209836e-23, "var": 4.28672246926e-05}, "spectral_energyband_middle_high": {"dmean": 0.00142071105074, "dmean2": 0.00197141012177, "dvar": 6.74092825648e-06, "dvar2": 1.15462662507e-05, "max": 0.0525986663997, "mean": 0.00367054156959, "median": 0.00213868217543, "min": 1.44253422487e-21, "var": 2.58238451352e-05}, "spectral_energyband_middle_low": {"dmean": 0.0058029871434, "dmean2": 0.00884555932134, "dvar": 4.25553407695e-05, "dvar2": 0.000103565267636, "max": 0.0905758067966, "mean": 0.0214161686599, "median": 0.0197526067495, "min": 3.88516368715e-22, "var": 0.000231581740081}, "spectral_entropy": {"dmean": 0.225958272815, "dmean2": 0.306878894567, "dvar": 0.0498719513416, "dvar2": 0.0910404101014, "max": 9.80437660217, "mean": 7.08264303207, "median": 7.03949260712, "min": 5.91063928604, "var": 0.204703629017}, "spectral_flux": {"dmean": 0.0200595222414, "dmean2": 0.0314140468836, "dvar": 0.000420754862716, "dvar2": 0.000962739344686, "max": 0.25278660655, "mean": 0.0749931037426, "median": 0.0706675499678, "min": 1.04617932373e-10, "var": 0.00167397619225}, "spectral_kurtosis": {"dmean": 3.07234811783, "dmean2": 4.82931041718, "dvar": 14.1288070679, "dvar2": 35.7790374756, "max": 68.7174377441, "mean": 8.21741104126, "median": 6.89684724808, "min": -1.23921525478, "var": 33.8803787231}, "spectral_rms": {"dmean": 0.000613250362221, "dmean2": 0.000886342779268, "dvar": 3.85409265391e-07, "dvar2": 7.70384588122e-07, "max": 0.0100147416815, "mean": 0.00497846445069, "median": 0.00529772229493, "min": 3.26771509157e-12, "var": 4.24562449552e-06}, "spectral_rolloff": {"dmean": 184.392776489, "dmean2": 306.273071289, "dvar": 251964.203125, "dvar2": 509028.03125, "max": 18561.6210938, "mean": 926.739562988, "median": 602.9296875, "min": 107.666015625, "var": 2496903.25}, "spectral_skewness": {"dmean": 0.330692827702, "dmean2": 0.501705884933, "dvar": 0.116848163307, "dvar2": 0.263258010149, "max": 5.98345565796, "mean": 2.27236962318, "median": 2.23618984222, "min": -0.179625689983, "var": 0.454094797373}, "spectral_spread": {"dmean": 740880, "dmean2": 1014241.75, "dvar": 845028130816, "dvar2": 1518940061700.0, "max": 41322756, "mean": 4344118, "median": 3982192.5, "min": 980397.1875, "var": 2996966785020.0}, "spect