{"lowlevel": {"average_loudness": 0.800381541252, "barkbands": {"dmean": [3.65585287909e-06, 0.00104417593684, 0.00195951713249, 0.00260734115727, 0.00131853669882, 0.000266276969342, 0.000333932723152, 0.000299716339214, 0.000600026338361, 0.000601055973675, 0.000562121451367, 0.000199143352802, 0.000305651250528, 0.000268847856205, 0.000462702329969, 0.000170022554812, 0.000146680817124, 0.000133135414217, 6.89204025548e-05, 0.000147142302012, 9.05549750314e-05, 0.000160756258992, 9.06732457224e-05, 8.90140509e-05, 0.00010726943583, 6.75432020216e-05, 2.03089239221e-05], "dmean2": [5.412230621e-06, 0.0018232507864, 0.00358590390533, 0.00419912673533, 0.00221719243564, 0.000427452614531, 0.000536668405402, 0.000462160940515, 0.0009348319727, 0.000929436122533, 0.000904225395061, 0.000314961565891, 0.000486211210955, 0.000421168166213, 0.000699049618561, 0.000266231392743, 0.000230403413298, 0.000203963878448, 0.000105466235254, 0.000212898783502, 0.000131846041768, 0.000224244766287, 0.000131513632368, 0.000130406449898, 0.000162413794897, 9.7140102298e-05, 3.27652160195e-05], "dvar": [8.08245206874e-11, 1.14081385618e-05, 4.43791250291e-05, 8.96959827514e-05, 2.02130413527e-05, 2.94140278356e-07, 5.56456598133e-07, 7.69537450651e-07, 4.69608312414e-06, 4.21979166276e-06, 3.69765257346e-06, 3.31770110051e-07, 1.37710674153e-06, 1.19875460314e-06, 2.79641540146e-06, 3.53231172312e-07, 1.53758165311e-07, 1.15684706259e-07, 3.9236997651e-08, 1.948536692e-07, 4.56510811375e-08, 1.57123096756e-07, 7.00756288552e-08, 4.2102012543e-08, 6.24260678705e-08, 1.85875084213e-08, 3.42790884567e-09], "dvar2": [1.69759734048e-10, 3.13275704684e-05, 0.000127824081574, 0.000213236431591, 5.40765431651e-05, 7.40826010315e-07, 1.30868147608e-06, 1.81767529739e-06, 1.21444491015e-05, 9.67125833995e-06, 9.79294691206e-06, 8.21160710984e-07, 3.48863477484e-06, 2.91102173833e-06, 6.6278084887e-06, 8.17567752165e-07, 3.83495518008e-07, 2.74801863043e-07, 8.55209876249e-08, 3.96151392579e-07, 9.47917371263e-08, 3.08696002094e-07, 1.34097192017e-07, 9.05268677798e-08, 1.3673668775e-07, 4.13178682379e-08, 9.18006115569e-09], "max": [0.0002365031105, 0.0429194495082, 0.0851574614644, 0.14597736299, 0.0615846440196, 0.0131069086492, 0.016774341464, 0.0226256623864, 0.0488542839885, 0.0460949391127, 0.0684699341655, 0.0173110477626, 0.0322073623538, 0.0379905886948, 0.0480033494532, 0.0169144477695, 0.0116657773033, 0.0120552368462, 0.00919369328767, 0.0144370952621, 0.00583474058658, 0.0109308194369, 0.0140266316012, 0.00625573657453, 0.0102295931429, 0.00198811083101, 0.00102399569005], "mean": [9.96906601358e-06, 0.00164232077077, 0.00214757840149, 0.00233968999237, 0.00152015325148, 0.00049297028454, 0.000564420828596, 0.000533292244654, 0.000949957000557, 0.000992629327811, 0.000895968230907, 0.000355469004717, 0.000438985443907, 0.000378446799004, 0.000715994974598, 0.000273915356956, 0.000247990014032, 0.000225642623263, 0.000123189078295, 0.000297030608635, 0.000183827185538, 0.000341223960277, 0.0001648398611, 0.00014269897656, 0.000137660055771, 7.6020412962e-05, 1.69320264831e-05], "median": [1.34894787607e-06, 0.000706927618012, 0.000571026699618, 0.000179101974936, 0.000506240990944, 0.000213464198168, 0.000195741493371, 0.000203396135475, 0.000181244584383, 9.59641183726e-05, 0.000113648449769, 6.77428979543e-05, 5.60308981221e-05, 5.17243788636e-05, 5.70093143324e-05, 3.70488560293e-05, 5.13621707796e-05, 4.5656288421e-05, 3.38425925293e-05, 5.094874723e-05, 3.98298398068e-05, 6.19654674665e-05, 4.30883665103e-05, 4.48145692644e-05, 4.05721330026e-05, 1.44565019582e-05, 7.2659139505e-07], "min": [4.14277305517e-25, 1.48696168697e-24, 1.26118289197e-24, 5.39122876112e-25, 8.93573828464e-24, 6.83784001557e-24, 6.22788487504e-24, 2.92667987483e-24, 1.87193269153e-23, 1.00373998937e-23, 1.44225940466e-23, 1.37384954473e-23, 1.80691777339e-23, 2.81240209199e-23, 5.21569239884e-23, 5.16119504761e-23, 7.51579717494e-23, 7.0461245381e-23, 1.28742377411e-22, 1.44790256848e-22, 2.07105042945e-22, 3.14955480578e-22, 3.69177714992e-22, 5.90393346452e-22, 7.16158474454e-22, 1.28118442709e-21, 1.93246354757e-21], "var": [3.64694385802e-10, 9.49454079091e-06, 2.89428571705e-05, 8.5910083726e-05, 1.64845841937e-05, 6.03342186878e-07, 1.20080130728e-06, 1.39080793815e-06, 8.9591694632e-06, 9.30457281356e-06, 6.52584731142e-06, 8.55030293678e-07, 2.08949722946e-06, 1.65521601048e-06, 5.38442236575e-06, 7.74737998199e-07, 3.24610113012e-07, 2.44067450694e-07, 7.98234935928e-08, 5.96999257141e-07, 1.40373771274e-07, 5.22398067915e-07, 1.61449648317e-07, 8.06050266533e-08, 1.07862909715e-07, 2.54756216123e-08, 2.64841726327e-09]}, "barkbands_crest": {"dmean": 2.37512016296, "dmean2": 3.80367517471, "dvar": 6.05067491531, "dvar2": 14.9432935715, "max": 26.917016983, "mean": 9.44015598297, "median": 8.46827030182, "min": 2.35068035126, "var": 17.9499645233}, "barkbands_flatness_db": {"dmean": 0.0230555664748, "dmean2": 0.0345167480409, "dvar": 0.000734426954295, "dvar2": 0.00170070107561, "max": 1, "mean": 0.127911865711, "median": 0.109548844397, "min": 0.0213107895106, "var": 0.00484355259687}, "barkbands_kurtosis": {"dmean": 11.6849527359, "dmean2": 20.3447685242, "dvar": 127539.3125, "dvar2": 373711.4375, "max": 22499.9335938, "mean": 10.9619827271, "median": 1.48766982555, "min": -1.95949912071, "var": 76386.9609375}, "barkbands_skewness": {"dmean": 0.713429749012, "dmean2": 1.07315373421, "dvar": 4.45659208298, "dvar2": 12.1696681976, "max": 138.801040649, "mean": 1.5223249197, "median": 1.2548404932, "min": -4.12649822235, "var": 6.16582155228}, "barkbands_spread": {"dmean": 9.16078567505, "dmean2": 14.0888471603, "dvar": 164.422988892, "dvar2": 387.216644287, "max": 117.508338928, "mean": 27.3583679199, "median": 24.7192115784, "min": 0.00306498585269, "var": 302.196533203}, "dissonance": {"dmean": 0.0220178235322, "dmean2": 0.0360025539994, "dvar": 0.000562571862247, "dvar2": 0.00140086526517, "max": 0.500000119209, "mean": 0.450730919838, "median": 0.461582005024, "min": 0.142636239529, "var": 0.00174081989098}, "dynamic_complexity": 5.32826185226, "erbbands": {"dmean": [0.0150720048696, 0.303241610527, 1.83385157585, 5.71544027328, 7.13888549805, 3.85978388786, 2.2231066227, 2.38566088676, 4.0434794426, 5.77551317215, 6.46689271927, 13.2746334076, 17.3631153107, 25.712266922, 12.7170591354, 8.17270088196, 12.6159334183, 14.661406517, 17.4166316986, 18.6781234741, 7.81373596191, 7.48179292679, 8.04548835754, 3.63532328606, 3.5903069973, 7.17135381699, 3.99743175507, 3.97446608543, 6.05804729462, 4.340239048, 2.34850358963, 1.76476705074, 1.61287808418, 1.20225226879, 0.780963242054, 0.312356203794, 0.122932881117, 0.0319386646152, 0.00328898150474, 0.000124037484056], "dmean2": [0.0251041855663, 0.535349547863, 3.32624077797, 9.55902099609, 11.6460771561, 6.33947324753, 3.55032253265, 3.86606502533, 6.69259738922, 8.88637256622, 10.1093454361, 20.8584346771, 25.721282959, 40.925037384, 20.2239990234, 12.8677682877, 19.8266334534, 22.9158267975, 26.7692699432, 28.0715961456, 12.0477590561, 11.3744916916, 12.3849687576, 5.47815322876, 5.35932159424, 10.2686052322, 5.69030332565, 5.66380214691, 8.45557689667, 6.28752708435, 3.40732884407, 2.61461162567, 2.3899846077, 1.82270491123, 1.19515240192, 0.454457014799, 0.178306758404, 0.0493599064648, 0.00524914311245, 0.000196255670744], "dvar": [0.00210443488322, 0.988919258118, 38.3459968567, 318.103515625, 806.152954102, 137.019775391, 28.1559314728, 25.3735713959, 68.0325622559, 207.483383179, 432.382019043, 2702.11254883, 4513.46679688, 7842.23144531, 1636.59729004, 563.653015137, 2108.41137695, 2999.43286133, 3192.45239258, 6660.27636719, 520.278442383, 408.505432129, 419.036773682, 135.786026001, 88.7453079224, 578.146484375, 109.545143127, 75.385307312, 236.174758911, 134.133483887, 52.6027526855, 19.1146450043, 15.827671051, 8.3743391037, 3.32832956314, 0.383712977171, 0.0668371245265, 0.0067606526427, 8.35205282783e-05, 1.05994402588e-07], "dvar2": [0.00544079300016, 2.7364692688, 110.51209259, 805.616455078, 1997.85534668, 335.890075684, 68.002243042, 65.9084396362, 171.078323364, 475.968505859, 1036.75683594, 7141.53076172, 10542.2431641, 20897.9101563, 4539.01416016, 1390.41516113, 5188.56787109, 7413.08837891, 7759.76074219, 15928.9042969, 1225.04943848, 982.539855957, 1003.86444092, 287.722961426, 194.739929199, 1200.57702637, 207.581039429, 150.221603394, 467.279968262, 292.210021973, 100.653709412, 37.577091217, 37.0555839539, 18.9973583221, 7.407371521, 0.849641561508, 0.151524752378, 0.0171446949244, 0.000222093585762, 2.79267453607e-07], "max": [0.577792108059, 12.3139019012, 79.4989624023, 238.46697998, 413.965301514, 274.74432373, 94.0320739746, 131.397888184, 204.910110474, 368.267608643, 684.285095215, 1478.80517578, 1988.61279297, 2045.58972168, 1215.93286133, 761.903747559, 1344.0135498, 1664.31811523, 1387.1361084, 2744.43432617, 931.387634277, 515.497070313, 684.076904297, 684.570617676, 341.300445557, 837.583007813, 398.879547119, 222.739501953, 375.872039795, 427.680236816, 424.127380371, 245.337234497, 131.083786011, 111.920623779, 69.9593200684, 10.2814893723, 4.39457368851, 1.27751219273, 0.173410341144, 0.00527877314016], "mean": [0.0314690023661, 0.446892946959, 2.16064071655, 5.41901731491, 6.98393630981, 4.76197814941, 3.54847598076, 4.30389308929, 7.05976343155, 10.8251390457, 11.5824985504, 21.4610671997, 30.1001281738, 41.0032043457, 23.3900775909, 15.6109409332, 19.8702411652, 22.3199501038, 27.4188213348, 31.4580001831, 14.7561864853, 13.7736854553, 13.9724693298, 6.91582584381, 7.18572807312, 13.8687400818, 8.91154575348, 8.42629146576, 12.7091751099, 8.55400180817, 4.3126783371, 2.93134093285, 2.44645094872, 1.62940955162, 0.929491043091, 0.370647132397, 0.134162738919, 0.0293575655669, 0.00280942814425, 0.000120719538245], "median": [0.00940953660756, 0.192465096712, 0.702301681042, 0.758367955685, 1.36101078987, 1.43067002296, 1.44488501549, 1.82162809372, 2.87556695938, 4.52326726913, 4.73200130463, 4.41623401642, 3.76476120949, 4.40587615967, 3.93799257278, 3.19880318642, 3.07664394379, 3.50734257698, 3.37752127647, 2.89074230194, 2.63519263268, 2.98681044579, 2.88069033623, 1.79799497128, 2.0702290535, 2.31208586693, 1.54257178307, 1.74834811687, 2.10739588737, 1.93516349792, 1.16857421398, 0.930377006531, 0.744877338409, 0.500640571117, 0.245748713613, 0.0874580144882, 0.0218685753644, 0.00244914903305, 0.000160158160725, 2.56050716416e-05], "min": [9.63165970008e-23, 3.87260249718e-22, 2.02779651707e-21, 2.74787117473e-21, 1.39360158429e-20, 1.84611768541e-20, 5.94419807622e-20, 6.70531345346e-20, 7.17571685065e-20, 1.71595322276e-19, 1.33679056132e-19, 4.03604840416e-19, 3.54616748848e-19, 7.46328877555e-19, 7.13849992694e-19, 7.05435497913e-19, 1.30652960618e-18, 2.11129744984e-18, 2.59800700675e-18, 2.15672807024e-18, 3.05585416414e-18, 5.15008605076e-18, 3.97477696484e-18, 6.67614246387e-18, 6.98113719061e-18, 7.63061045626e-18, 7.72372948654e-18, 9.53700451503e-18, 1.12462938415e-17, 1.01114359555e-17, 1.03697297192e-17, 1.04828731378e-17, 9.15380151574e-18, 7.93239075914e-18, 5.80989866048e-18, 3.75110650002e-18, 2.40593815006e-18, 9.47010959171e-19, 2.57834962818e-19, 2.83915043416e-20], "var": [0.00296137388796, 0.768741846085, 25.3286933899, 276.465698242, 710.967956543, 158.969955444, 42.3869781494, 47.4528198242, 142.607849121, 434.185394287, 795.105773926, 4795.52685547, 9211.06738281, 14722.2617188, 3668.92749023, 1526.60522461, 3677.90869141, 4535.03222656, 6248.89208984, 13402.1875, 1446.65820313, 965.29888916, 894.996826172, 285.809631348, 216.816421509, 1476.85925293, 437.527984619, 278.928466797, 776.058044434, 316.239654541, 115.879478455, 39.5926704407, 26.4999294281, 14.5571632385, 5.20301151276, 0.57468098402, 0.0860356539488, 0.00615525245667, 6.69744040351e-05, 8.84490916064e-08]}, "erbbands_crest": {"dmean": 2.64283132553, "dmean2": 4.27592468262, "dvar": 7.00161075592, "dvar2": 17.5867233276, "max": 35.7713737488, "mean": 9.19278144836, "median": 8.22916889191, "min": 2.22107577324, "var": 20.0612506866}, "erbbands_flatness_db": {"dmean": 0.022245561704, "dmean2": 0.0301118139178, "dvar": 0.000561567896511, "dvar2": 0.00105748767965, "max": 0.397510647774, "mean": 0.140326023102, "median": 0.135266318917, "min": 0.0311656389385, "var": 0.00248829973862}, "erbbands_kurtosis": {"dmean": 1.5041333437, "dmean2": 2.29637503624, "dvar": 34.2640953064, "dvar2": 62.3018455505, "max": 319.896881104, "mean": 1.54067921638, "median": 0.101736776531, "min": -1.9013389349, "var": 112.139549255}, "erbbands_skewness": {"dmean": 0.444190233946, "dmean2": 0.66121339798, "dvar": 0.391290187836, "dvar2": 0.791283905506, "max": 16.6365432739, "mean": 0.508371949196, "median": 0.474610954523, "min": -5.76262378693, "var": 1.26428544521}, "erbbands_spread": {"dmean": 13.6402273178, "dmean2": 20.0652503967, "dvar": 348.087432861, "dvar2": 756.306762695, "max": 237.362686157, "mean": 45.2194404602, "median": 38.0304107666, "min": 1.39308142662, "var": 774.613098145}, "gfcc": {"cov": [[32840.390625, -244.872772217, -3334.91357422, 628.516418457, -1222.82897949, 745.625427246, -848.000061035, 320.897735596, -571.169616699, 139.048217773, -635.45904541, 74.5910720825, -323.854095459], [-244.872772217, 1853.56640625, -236.506576538, 7.23962783813, 129.985458374, -42.5186309814, 123.949790955, -10.118721962, 76.489982605, -116.723136902, 128.694580078, -16.7334880829, 40.3884353638], [-3334.91357422, -236.506576538, 2217.95166016, 50.7982063293, 154.988052368, -72.2279510498, 28.6011009216, -51.1399116516, -70.2516403198, -38.3541603088, -5.67417955399, -40.9118080139, -98.6198959351], [628.516418457, 7.23962783813, 50.7982063293, 530.358337402, 20.7588615417, 34.7699928284, 5.57997322083, 42.8545722961, 42.73878479, 1.27719783783, 9.54212379456, -31.8784332275, 7.63427782059], [-1222.82897949, 129.985458374, 154.988052368, 20.7588615417, 464.778503418, 0.0590523965657, 58.6831054688, 11.4500818253, 34.510471344, -21.9000759125, 39.7872657776, 5.40313911438, 13.9527044296], [745.625427246, -42.5186309814, -72.2279510498, 34.7699928284, 0.0590523965657, 285.181610107, 94.4272537231, 8.96373271942, -40.4218101501, 10.836271286, 3.45977091789, 14.5346975327, -2.87081503868], [-848.000061035, 123.949790955, 28.6011009216, 5.57997322083, 58.6831054688, 94.4272537231, 274.916595459, 39.3028907776, 29.605052948, -9.88104248047, 51.9928398132, 3.96569156647, 22.1291904449], [320.897735596, -10.118721962, -51.1399116516, 42.8545722961, 11.4500818253, 8.96373271942, 39.3028907776, 150.859237671, 47.5464096069, 19.4506607056, 10.8223133087, 12.1166229248, -2.76285791397], [-571.169616699, 76.489982605, -70.2516403198, 42.73878479, 34.510471344, -40.4218101501, 29.605052948, 47.5464096069, 161.748703003, 50.2955818176, 15.3783578873, -18.251914978, 22.4678840637], [139.048217773, -116.723136902, -38.3541603088, 1.27719783783, -21.9000759125, 10.836271286, -9.88104248047, 19.4506607056, 50.2955818176, 129.539321899, 32.5692481995, -1.34834492207, -14.7028007507], [-635.45904541, 128.694580078, -5.67417955399, 9.54212379456, 39.7872657776, 3.45977091789, 51.9928398132, 10.8223133087, 15.3783578873, 32.5692481995, 136.706329346, 40.7436637878, 8.09665489197], [74.5910720825, -16.7334880829, -40.9118080139, -31.8784332275, 5.40313911438, 14.5346975327, 3.96569156647, 12.1166229248, -18.251914978, -1.34834492207, 40.7436637878, 90.6224594116, 32.090133667], [-323.854095459, 40.3884353638, -98.6198959351, 7.63427782059, 13.9527044296, -2.87081503868, 22.1291904449, -2.76285791397, 22.4678840637, -14.7028007507, 8.09665489197, 32.090133667, 87.7241592407]], "icov": [[7.468865806e-05, -6.4940089942e-05, 0.000105889645056, -0.000130739150336, 9.23581028474e-05, -0.000147064114572, 0.000165542194736, -0.000199112531845, 0.000299747422105, -0.000229318888159, 0.000439176888904, -0.000287242117338, 0.000317850441206], [-6.4940089942e-05, 0.000785594165791, 3.7830347992e-06, 0.00017702326295, -0.000141453463584, 0.00014015645138, -0.00021273814491, 0.000306734873448, -0.00077780772699, 0.00131344387773, -0.00140987592749, 0.00080858025467, -0.000268481991952], [0.000105889645056, 3.7830347992e-06, 0.000680193363223, -0.000284117762931, -6.52040471323e-05, 4.46627782367e-05, 4.1808707465e-06, -6.19785641902e-05, 0.000577736645937, -0.000162299475051, 0.000590820156503, -0.000419678894104, 0.00111122161616], [-0.000130739150336, 0.00017702326295, -0.000284117762931, 0.0023585781455, -0.000153547924128, -0.000316187390126, 0.000200386159122, -0.000360504287528, -0.00101870379876, 0.000920193037018, -0.0015388840111, 0.00189164245967, -0.0012714540353], [9.23581028474e-05, -0.000141453463584, -6.52040471323e-05, -0.000153547924128, 0.00251791602932, -0.000300856889226, 2.53116559179e-05, -0.000281506188912, -0.000313274533255, 0.000422701472417, -0.00012295236229, -0.000323789718095, 0.000201444898266], [-0.000147064114572, 0.00014015645138, 4.46627782367e-05, -0.000316187390126, -0.000300856889226, 0.00503450771794, -0.00249917479232, 0.00052663491806, 0.00138020189479, -0.00107462203596, 0.000353347830242, -0.000583492801525, -2.28627632168e-05], [0.000165542194736, -0.00021273814491, 4.1808707465e-06, 0.000200386159122, 2.53116559179e-05, -0.00249917479232, 0.00578114902601, -0.00178257131483, -0.000428591389209, 0.00101578480098, -0.00155367248226, 0.00123956683092, -0.000933980743866], [-0.000199112531845, 0.000306734873448, -6.19785641902e-05, -0.000360504287528, -0.000281506188912, 0.00052663491806, -0.00178257131483, 0.00888261105865, -0.00350451283157, 0.000521974812727, -0.000299306964735, -0.00228621647693, 0.00172583782114], [0.000299747422105, -0.00077780772699, 0.000577736645937, -0.00101870379876, -0.000313274533255, 0.00138020189479, -0.000428591389209, -0.00350451283157, 0.0118959480897, -0.00602029450238, 0.00238009705208, 0.00199217302725, -0.0027086539194], [-0.000229318888159, 0.00131344387773, -0.000162299475051, 0.000920193037018, 0.000422701472417, -0.00107462203596, 0.00101578480098, 0.000521974812727, -0.00602029450238, 0.0133081516251, -0.00603559380397, 0.00184804073069, 0.00159740075469], [0.000439176888904, -0.00140987592749, 0.000590820156503, -0.0015388840111, -0.00012295236229, 0.000353347830242, -0.00155367248226, -0.000299306964735, 0.00238009705208, -0.00603559380397, 0.0149258607998, -0.00842079799622, 0.00356378918514], [-0.000287242117338, 0.00080858025467, -0.000419678894104, 0.00189164245967, -0.000323789718095, -0.000583492801525, 0.00123956683092, -0.00228621647693, 0.00199217302725, 0.00184804073069, -0.00842079799622, 0.0196776911616, -0.00904294010252], [0.000317850441206, -0.000268481991952, 0.00111122161616, -0.0012714540353, 0.000201444898266, -2.28627632168e-05, -0.000933980743866, 0.00172583782114, -0.0027086539194, 0.00159740075469, 0.00356378918514, -0.00904294010252, 0.0182539727539]], "mean": [-59.5398979187, 63.473400116, -93.5545654297, 25.121723175, -63.0250968933, 18.9574375153, -33.8280754089, 8.84172344208, -22.6133079529, 2.35265016556, -22.669878006, -1.13257944584, -14.6346378326]}, "hfc": {"dmean": 7.31167078018, "dmean2": 9.85473632813, "dvar": 149.142074585, "dvar2": 272.540283203, "max": 315.230010986, "mean": 18.6077270508, "median": 8.47060775757, "min": 1.06163436927e-16, "var": 643.019714355}, "melbands": {"dmean": [0.000214265004615, 0.000763268035371, 0.00109588343184, 0.000370737427147, 9.23570842133e-05, 5.40609798918e-05, 6.39031059109e-05, 6.36225595372e-05, 5.60186344956e-05, 9.18987061596e-05, 8.68211063789e-05, 0.000101881902083, 5.29986646143e-05, 2.32834481722e-05, 2.04801926884e-05, 3.61621605407e-05, 2.83185509034e-05, 2.62652501988e-05, 3.6007444578e-05, 1.71613755811e-05, 8.96622805158e-06, 8.78192531673e-06, 8.91982745088e-06, 5.21790252606e-06, 3.10466066367e-06, 2.29341117119e-06, 3.58145280188e-06, 5.79974994253e-06, 3.10773225465e-06, 2.11021938412e-06, 2.53128951044e-06, 3.41731629305e-06, 3.78990944228e-06, 2.16651801566e-06, 1.42167721151e-06, 1.28639146624e-06, 1.03805882645e-06, 1.10667735953e-06, 1.20910192436e-06, 9.73593273557e-07], "dmean2": [0.000368016859284, 0.00137635914143, 0.00180879049003, 0.000605197099503, 0.000147768310853, 8.76239137142e-05, 0.00010407283844, 9.67439991655e-05, 8.76738340594e-05, 0.000144263976836, 0.000129199470393, 0.000161812335136, 8.4212369984e-05, 3.68232249457e-05, 3.14355238515e-05, 5.79855768592e-05, 4.43199605797e-05, 4.07178740716e-05, 5.41869812878e-05, 2.68067651632e-05, 1.41085365613e-05, 1.36699900395e-05, 1.36845374072e-05, 8.16260762804e-06, 4.80758035337e-06, 3.52048891727e-06, 5.36088145964e-06, 8.42543431645e-06, 4.57825171907e-06, 3.14115300171e-06, 3.70041584574e-06, 4.88956447953e-06, 5.4902343436e-06, 3.2722089145e-06, 2.09947961594e-06, 1.93633650269e-06, 1.5638312334e-06, 1.64119876445e-06, 1.87673106211e-06, 1.49364655044e-06], "dvar": [4.62660011635e-07, 6.59678516968e-06, 1.30770422402e-05, 1.662314844e-06, 5.6239176871e-08, 1.20752225996e-08, 1.77369354759e-08, 2.6334832981e-08, 3.57295917297e-08, 1.29121488612e-07, 1.1292090818e-07, 1.21229120964e-07, 2.95560731445e-08, 4.96906471525e-09, 3.68347841118e-09, 2.21076081885e-08, 1.29929187409e-08, 8.21219092728e-09, 2.11651016713e-08, 4.22226520413e-09, 7.22081228144e-10, 6.4057753546e-10, 5.58717905275e-10, 1.73888861643e-10, 1.24790913714e-10, 3.92144754169e-11, 9.06674527124e-11, 4.48093201433e-10, 8.0834811067e-11, 2.07970394378e-11, 3.45701314797e-11, 7.53575465917e-11, 9.61075594108e-11, 3.83997417197e-11, 2.03798505849e-11, 1.48195899996e-11, 6.82820076522e-12, 8.06666452385e-12, 7.83665406873e-12, 6.38718288329e-12], "dvar2": [1.24783332467e-06, 1.87471414392e-05, 3.22228625009e-05, 4.23057872467e-06, 1.31359314537e-07, 3.12276924319e-08, 4.29629558596e-08, 5.90285367252e-08, 8.17087766336e-08, 3.40524707099e-07, 2.63276604073e-07, 3.20942746157e-07, 7.84372886642e-08, 1.2950685857e-08, 8.26529777953e-09, 5.61388908693e-08, 3.16826422875e-08, 2.03920400565e-08, 5.10493869399e-08, 1.02612434105e-08, 1.69527702987e-09, 1.59166713143e-09, 1.28450949877e-09, 4.34019459261e-10, 2.68451649799e-10, 8.88924697739e-11, 1.9261887918e-10, 9.54450629642e-10, 1.60110313896e-10, 4.52401553719e-11, 7.14077616482e-11, 1.52491796968e-10, 2.0351093033e-10, 8.68013855237e-11, 4.11145215096e-11, 2.75938352029e-11, 1.48301700781e-11, 1.85280558257e-11, 1.82189714704e-11, 1.47572440379e-11], "max": [0.00894985720515, 0.0316936485469, 0.0511276200414, 0.0175479464233, 0.00512802787125, 0.00272871321067, 0.00267972867005, 0.0045173629187, 0.00747076608241, 0.00954593904316, 0.00970631744713, 0.00780932419002, 0.00586238829419, 0.00195401581004, 0.00196130969562, 0.00427862722427, 0.00325232301839, 0.00258491071872, 0.00497175659984, 0.00184221472591, 0.00106077000964, 0.000669942586683, 0.000796442502178, 0.000332412251737, 0.000652922899462, 0.000196102773771, 0.000269753159955, 0.000771667808294, 0.000439473602455, 0.000144102406921, 0.000152137479745, 0.00019536340551, 0.000279305822914, 0.000225999974646, 0.000229647441301, 0.000292981974781, 0.000104007107439, 9.20232123462e-05, 7.09816304152e-05, 0.000121699675219], "mean": [0.000373066781322, 0.000956779695116, 0.00104551040567, 0.00041023347876, 0.000141713841003, 9.88824322121e-05, 0.00011203269969, 0.000120133074233, 9.61950936471e-05, 0.000144962687045, 0.000146078804391, 0.000159969451488, 9.10939925234e-05, 4.29502615589e-05, 3.72172071366e-05, 4.95525964652e-05, 4.01565957873e-05, 3.81257596018e-05, 5.46892442799e-05, 2.8536280297e-05, 1.51910098793e-05, 1.44655668919e-05, 1.50724508785e-05, 8.72760119819e-06, 5.32878129889e-06, 4.07079824072e-06, 6.53601910017e-06, 1.04545642898e-05, 6.35425703877e-06, 4.02672048949e-06, 5.00285659655e-06, 6.94844584359e-06, 7.1587446655e-06, 3.85590556107e-06, 2.50159723691e-06, 2.05629135053e-06, 1.65171366007e-06, 1.67957887243e-06, 1.67523785422e-06, 1.26280565382e-06], "median": [0.000143037483213, 0.000355000112904, 0.000162691780133, 0.000113057190902, 5.53134632355e-05, 4.31521002611e-05, 4.30308537034e-05, 4.9545073125e-05, 3.58077086275e-05, 2.49905933742e-05, 1.65165056387e-05, 1.55929792527e-05, 1.32383620439e-05, 8.01798341854e-06, 6.59772740619e-06, 5.05923617311e-06, 5.35611661689e-06, 4.61311810795e-06, 4.41337033408e-06, 2.93722769129e-06, 2.74329249805e-06, 2.89929948849e-06, 2.82998053081e-06, 1.93795358427e-06, 1.27337943923e-06, 1.11677263703e-06, 1.62570961493e-06, 1.41600185088e-06, 8.80327036157e-07, 8.7409733851e-07, 9.86760255728e-07, 1.03149886854e-06, 1.31168485495e-06, 8.94833533494e-07, 6.31153056929e-07, 5.77388789225e-07, 5.11407392878e-07, 4.99132795539e-07, 4.91882133247e-07, 3.71751838202e-07], "min": [1.53996051802e-24, 1.54592065799e-24, 6.12254817976e-25, 1.5554925976e-24, 2.07237506891e-24, 1.4840129249e-24, 1.07061697423e-24, 1.83196556652e-24, 7.55661989848e-25, 2.34954391176e-24, 1.28981578181e-24, 2.3098703219e-24, 2.44776222205e-24, 1.32078567209e-24, 3.05619150837e-24, 2.34094710283e-24, 3.76979508323e-24, 3.61971587374e-24, 2.89860510407e-24, 2.79398025715e-24, 2.76631884951e-24, 4.40159812096e-24, 3.87526657512e-24, 3.54112402833e-24, 4.2648226562e-24, 4.52244727291e-24, 3.95114789446e-24, 4.6240434856e-24, 2.99261346093e-24, 3.77216994899e-24, 5.17915543827e-24, 5.708518971e-24, 6.0417886432e-24, 4.98305526686e-24, 5.05998695449e-24, 5.12988160841e-24, 5.25740373475e-24, 5.38662664521e-24, 6.44864168291e-24, 5.06695101856e-24], "var": [4.4399078547e-07, 4.5292890718e-06, 1.18400148494e-05, 1.47478692725e-06, 8.08625131299e-08, 2.41994140282e-08, 3.93501515816e-08, 5.74208591786e-08, 7.37826439945e-08, 2.3304140484e-07, 2.28461772167e-07, 2.3203533317e-07, 6.11745392121e-08, 1.21842465006e-08, 1.07296491691e-08, 3.16045571935e-08, 1.84471371512e-08, 1.38315838782e-08, 3.63940451109e-08, 9.73854952235e-09, 1.62367197465e-09, 1.26978905168e-09, 1.26582966331e-09, 3.35512423399e-10, 2.3748936151e-10, 8.32992771982e-11, 2.27275920306e-10, 1.02415198544e-09, 3.05786618249e-10, 6.31685745378e-11, 1.0891235136e-10, 2.43901260299e-10, 2.54242848996e-10, 7.58803159195e-11, 4.34109588554e-11, 2.94980047333e-11, 1.21055899679e-11, 1.3420875522e-11, 1.3731555823e-11, 1.00121759841e-11]}, "melbands_crest": {"dmean": 3.03651380539, "dmean2": 4.87709856033, "dvar": 10.9951381683, "dvar2": 24.7652511597, "max": 40, "mean": 13.5947160721, "median": 12.6791400909, "min": 1.46127450466, "var": 34.6397476196}, "melbands_flatness_db": {"dmean": 0.0291729159653, "dmean2": 0.0436413660645, "dvar": 0.0013378179865, "dvar2": 0.00313666253351, "max": 1, "mean": 0.187722891569, "median": 0.168479129672, "min": 0.00280126556754, "var": 0.00889726169407}, "melbands_kurtosis": {"dmean": 4396171, "dmean2": 8697978, "dvar": 79384370158200000, "dvar2": 165074405142000000, "max": 19726542848, "mean": 14068910, "median": 7.08156251907, "min": -1.9078322649, "var": 265768968504000000}, "melbands_skewness": {"dmean": 19.9419536591, "dmean2": 38.6530151367, "dvar": 1435182.25, "dvar2": 2951289.25, "max": 84944.609375, "mean": 63.8038253784, "median": 2.20581889153, "min": -1.9959577322, "var": 4964151.5}, "melbands_spread": {"dmean": 9.63993453979, "dmean2": 14.9903945923, "dvar": 256.785522461, "dvar2": 572.422912598, "max": 259.012023926, "mean": 30.1142635345, "median": 23.6166648865, "min": 1.06042472581e-08, "var": 821.121276855}, "mfcc": {"cov": [[16148.2841797, -825.533325195, -1641.11621094, -184.480392456, -170.77192688, 226.772186279, -80.1610336304, 113.791305542, 169.231948853, 5.50105381012, -73.6407241821, -28.4333209991, 61.8541564941], [-825.533325195, 1753.99279785, 85.0486297607, 54.7034492493, 95.8733978271, -16.9048309326, 75.4769744873, 95.0828323364, -32.9403152466, -34.8496856689, 27.7275428772, 22.9678649902, 20.8208236694], [-1641.11621094, 85.0486297607, 1469.33618164, 211.874557495, 109.156723022, 29.2933540344, 73.7271118164, -22.6965484619, -46.0873832703, 9.95299816132, -1.49177503586, -3.81705832481, -24.1910171509], [-184.480392456, 54.7034492493, 211.874557495, 426.861755371, 154.120727539, -10.8097038269, -6.80844402313, 15.4471292496, 24.3229560852, 45.1180801392, -20.5596485138, 34.3726654053, 44.0015449524], [-170.77192688, 95.8733978271, 109.156723022, 154.120727539, 329.780517578, 18.7418365479, 9.42846298218, 4.29131793976, 6.28448915482, 2.1322479248, -18.4650211334, 13.2052822113, 6.75125646591], [226.772186279, -16.9048309326, 29.2933540344, -10.8097038269, 18.7418365479, 215.314483643, 95.0615463257, 33.7956466675, 17.2444343567, 5.57600545883, 9.46005821228, -9.80668830872, -13.7181406021], [-80.1610336304, 75.4769744873, 73.7271118164, -6.80844402313, 9.42846298218, 95.0615463257, 229.694488525, 91.2561264038, -8.39778995514, -6.96355199814, 14.0700931549, 21.5482082367, 7.46239042282], [113.791305542, 95.0828323364, -22.6965484619, 15.4471292496, 4.29131793976, 33.7956466675, 91.2561264038, 154.455673218, 41.0302009583, -4.42462539673, -0.141702219844, 9.23646450043, 5.61916351318], [169.231948853, -32.9403152466, -46.0873832703, 24.3229560852, 6.28448915482, 17.2444343567, -8.39778995514, 41.0302009583, 135.675384521, 52.0481300354, 0.14158667624, 3.88697481155, -0.179125279188], [5.50105381012, -34.8496856689, 9.95299816132, 45.1180801392, 2.1322479248, 5.57600545883, -6.96355199814, -4.42462539673, 52.0481300354, 120.906555176, 46.9713973999, 12.1768054962, 2.06617760658], [-73.6407241821, 27.7275428772, -1.49177503586, -20.5596485138, -18.4650211334, 9.46005821228, 14.0700931549, -0.141702219844, 0.14158667624, 46.9713973999, 118.328201294, 38.2933502197, -6.49117851257], [-28.4333209991, 22.9678649902, -3.81705832481, 34.3726654053, 13.2052822113, -9.80668830872, 21.5482082367, 9.23646450043, 3.88697481155, 12.1768054962, 38.2933502197, 117.627471924, 60.6826934814], [61.8541564941, 20.8208236694, -24.1910171509, 44.0015449524, 6.75125646591, -13.7181406021, 7.46239042282, 5.61916351318, -0.179125279188, 2.06617760658, -6.49117851257, 60.6826934814, 113.630867004]], "icov": [[7.42884003557e-05, 3.00935662381e-05, 7.82740389695e-05, -9.88983811112e-06, 1.62985907082e-05, -0.000105169572635, 5.63253561268e-05, -6.42491650069e-05, -2.3667300411e-05, 4.40701387561e-06, 3.37091842084e-05, 1.45094618347e-05, -4.55861190858e-05], [3.00935662381e-05, 0.000633495219517, 8.58046041685e-06, -2.7530526495e-05, -0.000179848619155, 0.000106050079921, -3.54290859832e-05, -0.000446480116807, 0.000171559760929, 0.000201395698241, -0.000290462718112, 0.000107685322291, -0.000149568280904], [7.82740389695e-05, 8.58046041685e-06, 0.000868733972311, -0.000443161989097, -3.98593765567e-05, -0.000108777123387, -0.000335067743436, 0.000264923583018, 0.000200045571546, -1.89339370991e-05, 3.07757945848e-05, 4.80514354422e-05, 0.000287268921966], [-9.88983811112e-06, -2.7530526495e-05, -0.000443161989097, 0.0034560021013, -0.00136431690771, 0.000143373472383, 0.000500429712702, -0.000701428740285, 0.000184468328371, -0.00168119929731, 0.0011353129521, -0.00063741178019, -0.000885888177436], [1.62985907082e-05, -0.000179848619155, -3.98593765567e-05, -0.00136431690771, 0.00380741525441, -0.000460351700895, -5.17552725796e-05, 0.000319808634231, -0.000163439151947, 0.000334042386385, 0.000522443850059, -0.000531695666723, 0.000557154591661], [-0.000105169572635, 0.000106050079921, -0.000108777123387, 0.000143373472383, -0.000460351700895, 0.0062045971863, -0.00292097148485, 0.000600167491939, -0.00114986172412, 0.000222204762395, -0.000701444165315, 0.00106184370816, 0.000284708745312], [5.63253561268e-05, -3.54290859832e-05, -0.000335067743436, 0.000500429712702, -5.17552725796e-05, -0.00292097148485, 0.0077217486687, -0.00455996999517, 0.00222477759235, -0.000617253826931, 0.000114823400509, -0.00139945815317, -0.000151806234499], [-6.42491650069e-05, -0.000446480116807, 0.000264923583018, -0.000701428740285, 0.000319808634231, 0.000600167491939, -0.00455996999517, 0.0106280306354, -0.00424809940159, 0.00218463595957, -0.000478769215988, 0.000369758956367, 9.1574037242e-07], [-2.3667300411e-05, 0.000171559760929, 0.000200045571546, 0.000184468328371, -0.000163439151947, -0.00114986172412, 0.00222477759235, -0.00424809940159, 0.0112785799429, -0.00571296922863, 0.00247958838008, -0.00124835292809, 0.000817432242911], [4.40701387561e-06, 0.000201395698241, -1.89339370991e-05, -0.00168119929731, 0.000334042386385, 0.000222204762395, -0.000617253826931, 0.00218463595957, -0.00571296922863, 0.0137265892699, -0.00626576086506, 0.00168164854404, -0.000967423140537], [3.37091842084e-05, -0.000290462718112, 3.07757945848e-05, 0.0011353129521, 0.000522443850059, -0.000701444165315, 0.000114823400509, -0.000478769215988, 0.00247958838008, -0.00626576086506, 0.0135103110224, -0.006073391065, 0.00363522046246], [1.45094618347e-05, 0.000107685322291, 4.80514354422e-05, -0.00063741178019, -0.000531695666723, 0.00106184370816, -0.00139945815317, 0.000369758956367, -0.00124835292809, 0.00168164854404, -0.006073391065, 0.0149739775807, -0.00791326630861], [-4.55861190858e-05, -0.000149568280904, 0.000287268921966, -0.000885888177436, 0.000557154591661, 0.000284708745312, -0.000151806234499, 9.1574037242e-07, 0.000817432242911, -0.000967423140537, 0.00363522046246, -0.00791326630861, 0.0137205319479]], "mean": [-699.123718262, 100.119491577, 20.2274208069, 12.840631485, -0.884909808636, 7.35033941269, -1.74309182167, 4.77740287781, 4.37092733383, 0.857771277428, 0.763677835464, -2.85236859322, -1.60443031788]}, "pitch_salience": {"dmean": 0.0669017955661, "dmean2": 0.108592554927, "dvar": 0.00483097694814, "dvar2": 0.0124224778265, "max": 0.935248315334, "mean": 0.536567091942, "median": 0.538163900375, "min": 1.6449856048e-05, "var": 0.0127120343968}, "silence_rate_20dB": {"dmean": 0, "dmean2": 0, "dvar": 0, "dvar2": 0, "max": 1, "mean": 1, "median": 1, "min": 1, "var": 0}, "silence_rate_30dB": {"dmean": 0.00723404251039, "dmean2": 0.014469624497, "dvar": 0.0071826367639, "dvar2": 0.0191532410681, "max": 1, "mean": 0.995106875896, "median": 1, "min": 0, "var": 0.0048695653677}, "silence_rate_60dB": {"dmean": 0.0606382973492, "dmean2": 0.121289499104, "dvar": 0.0569511130452, "dvar2": 0.118929289281, "max": 1, "mean": 0.229869157076, "median": 0, "min": 0, "var": 0.177040487528}, "spectral_centroid": {"dmean": 312.231658936, "dmean2": 479.361785889, "dvar": 191737.3125, "dvar2": 440914.6875, "max": 11767.1132813, "mean": 1565.0222168, "median": 1357.39501953, "min": 119.596046448, "var": 1942706.125}, "spectral_complexity": {"dmean": 2.45063829422, "dmean2": 3.53463125229, "dvar": 9.21401786804, "dvar2": 16.2601737976, "max": 51, "mean": 12.8971385956, "median": 11, "min": 0, "var": 90.0463027954}, "spectral_contrast_coeffs": {"dmean": [0.0499425902963, 0.0387090370059, 0.0403093993664, 0.033138692379, 0.0238399971277, 0.019469588995], "dmean2": [0.0811925157905, 0.0633288323879, 0.0624536797404, 0.0511467158794, 0.0360380858183, 0.0284383893013], "dvar": [0.00255128089339, 0.00115530740004, 0.00122965383343, 0.000889807939529, 0.000488810183015, 0.000365779997082], "dvar2": [0.0061120884493, 0.00292343157344, 0.00275345752016, 0.00190484768245, 0.00100949581247, 0.000746192410588], "max": [-0.275019139051, -0.457652747631, -0.427130013704, -0.463903516531, -0.523314654827, -0.588039815426], "mean": [-0.650562763214, -0.754033982754, -0.738679468632, -0.763208925724, -0.792029798031, -0.785849928856], "median": [-0.655075907707, -0.756813108921, -0.744362771511, -0.769887089729, -0.794332027435, -0.788197755814], "min": [-0.981793165207, -0.999380707741, -0.99771797657, -0.986055791378, -0.987352132797, -0.966203987598], "var": [0.00967805925757, 0.00487750954926, 0.00755702285096, 0.00626823632047, 0.00358499283902, 0.0031732248608]}, "spectral_contrast_valleys": {"dmean": [0.439663499594, 0.355041444302, 0.358575940132, 0.34207957983, 0.318181961775, 0.460152000189], "dmean2": [0.703947603703, 0.561212599277, 0.548253834248, 0.507356762886, 0.434615582228, 0.559084117413], "dvar": [0.232599675655, 0.165611878037, 0.152971386909, 0.167385727167, 0.18621429801, 0.36614716053], "dvar2": [0.471398681402, 0.345609605312, 0.303140193224, 0.316427111626, 0.334694415331, 0.698153972626], "max": [-5.19524765015, -5.01802206039, -5.30187606812, -6.01332235336, -5.85495662689, -7.24140787125], "mean": [-8.27788257599, -7.63315725327, -8.44187164307, -8.87272357941, -8.63585472107, -10.3695240021], "median": [-7.81273508072, -7.15329360962, -7.97026777267, -8.38750934601, -8.11486816406, -9.78876876831], "min": [-28.7440948486, -27.9230289459, -27.7201862335, -27.6639156342, -27.5163078308, -27.406463623], "var": [7.11459732056, 7.2652425766, 7.10622310638, 6.91842031479, 7.04681777954, 6.27094268799]}, "spectral_decrease": {"dmean": 2.04203098875e-09, "dmean2": 3.24673155028e-09, "dvar": 2.22098573497e-17, "dvar2": 5.61501714155e-17, "max": 2.00523396171e-28, "mean": -3.84743348292e-09, "median": -2.03391548048e-09, "min": -5.20737728493e-08, "var": 2.782906565e-17}, "spectral_energy": {"dmean": 0.00823204405606, "dmean2": 0.0129100037739, "dvar": 0.000340103957569, "dvar2": 0.000849767529871, "max": 0.208266168833, "mean": 0.0162089150399, "median": 0.0086204521358, "min": 9.78114094039e-21, "var": 0.000466457277071}, "spectral_energyband_high": {"dmean": 0.000590485637076, "dmean2": 0.000802502210718, "dvar": 1.29465206555e-06, "dvar2": 2.3731508918e-06, "max": 0.0384842865169, "mean": 0.00126409903169, "median": 0.00036879448453, "min": 7.01516125532e-21, "var": 4.62592015538e-06}, "spectral_energyband_low": {"dmean": 0.00384420598857, "dmean2": 0.00664667459205, "dvar": 0.000128914034576, "dvar2": 0.00035452155862, "max": 0.139954313636, "mean": 0.00488513382152, "median": 0.00168810016476, "min": 1.37810087392e-23, "var": 9.8056763818e-05}, "spectral_energyband_middle_high": {"dmean": 0.00173730589449, "dmean2": 0.00248069968075, "dvar": 1.53251585289e-05, "dvar2": 3.25836008415e-05, "max": 0.0893125757575, "mean": 0.00455116247758, "median": 0.00119562959298, "min": 1.19662126435e-21, "var": 6.64932886139e-05}, "spectral_energyband_middle_low": {"dmean": 0.00471250154078, "dmean2": 0.00743365474045, "dvar": 0.000176020155777, "dvar2": 0.000424041267252, "max": 0.186750873923, "mean": 0.00680343108252, "median": 0.00299699883908, "min": 1.62089623089e-22, "var": 0.000188099977095}, "spectral_entropy": {"dmean": 0.225860446692, "dmean2": 0.322733968496, "dvar": 0.102155245841, "dvar2": 0.215141698718, "max": 9.81845569611, "mean": 7.67659282684, "median": 7.7917714119, "min": 4.41067934036, "var": 0.407669335604}, "spectral_flux": {"dmean": 0.0249424539506, "dmean2": 0.0377852469683, "dvar": 0.00170301238541, "dvar2": 0.00359764881432, "max": 0.431213229895, "mean": 0.0638344734907, "median": 0.0447932891548, "min": 6.37672414872e-11, "var": 0.00348074221984}, "spectral_kurtosis": {"dmean": 1.51024413109, "dmean2": 2.25931954384, "dvar": 7.36477470398, "dvar2": 15.8455953598, "max": 47.9088134766, "mean": 3.46145415306, "median": 2.40483570099, "min": -1.27153110504, "var": 16.3153629303}, "spectral_rms": {"dmean": 0.000793511164375, "dmean2": 0.00115600624122, "dvar": 1.82334804322e-06, "dvar2": 4.17744377046e-06, "max": 0.0142543502152, "mean": 0.00332701904699, "median": 0.00290003395639, "min": 3.08910622776e-12, "var": 4.74452008348e-06}, "spectral_rolloff": {"dmean": 994.464477539, "dmean2": 1681.84753418, "dvar": 3814328, "dvar2": 8900047, "max": 19509.0820313, "mean": 2305.67114258, "median": 1335.05859375, "min": 21.533203125, "var": 9223734}, "spectral_skewness": {"dmean": 0.255897253752, "dmean2": 0.368942379951, "dvar": 0.140613541007, "dvar2": 0.293710172176, "max": 6.03161811829, "mean": 1.45654523373, "median": 1.3513661623, "min": -0.180897668004, "var": 0.436428755522}, "spectral_spread": {"dmean": 1171156.75, "dmean2": 1584832.875, "dvar": 2822961889280.0, "dvar2": 5470047174660.0, "max": 49284824, "mean": 6911820, "median": 5833576, "min": 1624840.875, "var": 2431384131990