{"lowlevel": {"average_loudness": 0.894881248474, "barkbands": {"dmean": [5.08060293214e-05, 0.00360906892456, 0.00409653410316, 0.00376825686544, 0.00189517624676, 0.000442851567641, 0.000373448012397, 0.000288986717351, 0.000470415950986, 0.00054709619144, 0.000680986617226, 0.000670544337481, 0.000339072576026, 0.000360032776371, 0.000336472439812, 0.000253709091339, 0.000239074710407, 0.000154069406562, 0.000251066754572, 0.000183574142284, 0.000141315511428, 5.06000578753e-05, 3.06661058858e-05, 3.76246898668e-05, 2.25242092711e-05, 1.55510806508e-05, 7.30777537683e-06], "dmean2": [8.45420945552e-05, 0.0063741710037, 0.00730180973187, 0.00621571019292, 0.00324523053132, 0.000752981984988, 0.000631393166259, 0.000464886979898, 0.000729762541596, 0.000852316617966, 0.00104182760697, 0.00102451408748, 0.000543929927517, 0.00056910305284, 0.000530262652319, 0.000395447132178, 0.000381109624868, 0.000234959748923, 0.000391072855564, 0.000283821049379, 0.000209651188925, 7.72742423578e-05, 4.54133369203e-05, 5.56902305107e-05, 3.19265345752e-05, 2.12932754948e-05, 1.00058477983e-05], "dvar": [1.22152750137e-08, 0.000101566773083, 0.000112087778689, 0.000103018588561, 2.28013686865e-05, 8.18433136374e-07, 8.29236455502e-07, 8.38367839151e-07, 1.9130882265e-06, 3.60445551451e-06, 3.66125277651e-06, 4.48301761935e-06, 1.40565305173e-06, 1.20885090382e-06, 5.84712779528e-07, 3.91337096062e-07, 6.07800814123e-07, 1.12568883992e-07, 2.21155133318e-07, 9.24953695858e-08, 7.23847719541e-08, 2.68911897194e-08, 1.23908057148e-08, 2.29646062166e-08, 3.00537950082e-09, 1.2039278463e-09, 3.28295834962e-10], "dvar2": [3.04584943933e-08, 0.000276992184808, 0.00031620360096, 0.000258991523879, 6.38545461698e-05, 2.23249458031e-06, 2.26801353165e-06, 1.98259181161e-06, 4.28030534749e-06, 8.61084390635e-06, 8.12893267721e-06, 1.02450976556e-05, 3.22667415276e-06, 2.99006910609e-06, 1.32645016038e-06, 9.30151429657e-07, 1.49118534409e-06, 2.59653944568e-07, 5.15341355367e-07, 2.1330117761e-07, 1.54111532424e-07, 5.82131818305e-08, 2.27565220001e-08, 4.83618407543e-08, 6.08253136747e-09, 2.25434293455e-09, 6.32404073553e-10], "max": [0.00219638179988, 0.0966768860817, 0.110899761319, 0.156656473875, 0.0664293691516, 0.0171592272818, 0.0264698117971, 0.0351792164147, 0.0236765816808, 0.0441592894495, 0.0369344688952, 0.0489824600518, 0.0290405768901, 0.0217470638454, 0.0209588631988, 0.0173957403749, 0.037270821631, 0.00982217583805, 0.0124657209963, 0.00486361887306, 0.00577942747623, 0.00699608679861, 0.00591383036226, 0.00499059725553, 0.00186169985682, 0.00129282928538, 0.000297387043247], "mean": [5.73491233808e-05, 0.00301718292758, 0.00393081316724, 0.00371398148127, 0.0024787823204, 0.000613592448644, 0.000491306826007, 0.000403172598453, 0.000650272006169, 0.000806507305242, 0.000969790271483, 0.000997813069262, 0.000428170402301, 0.000507316552103, 0.000520859844983, 0.000388569722418, 0.000383652368328, 0.000264873116976, 0.00045307262917, 0.000355484255124, 0.000275691447314, 8.06923344499e-05, 4.71422863484e-05, 6.28579873592e-05, 3.75052150048e-05, 2.29864526773e-05, 9.26940901991e-06], "median": [1.8650018319e-05, 0.00100462441333, 0.00155969220214, 0.000925490981899, 0.000974267488346, 0.000291476550046, 0.000205510455999, 0.000112119589176, 0.000133647059556, 8.43232264742e-05, 0.000179315102287, 0.000147026177729, 0.000104270962765, 0.000121567580209, 0.000185253535165, 0.000119116506539, 0.000145283251186, 8.12984653749e-05, 0.00018569958047, 0.000156834066729, 0.000103860656964, 2.95689533232e-05, 1.33550338433e-05, 2.1313680918e-05, 1.48157869262e-05, 6.65171728542e-06, 9.61480964179e-07], "min": [9.8341954382e-25, 3.92390379424e-24, 1.1748910936e-23, 6.60018896255e-24, 1.90615489754e-23, 2.81855394488e-23, 1.74308425334e-23, 1.88284626661e-23, 1.00528063472e-23, 2.55120945741e-23, 3.04178517275e-23, 3.33993988504e-23, 5.07659287097e-23, 6.66147596071e-23, 5.81487296158e-23, 7.91301072882e-23, 1.10688393138e-22, 9.26449985342e-23, 1.7196707039e-22, 2.17125267759e-22, 3.07662896961e-22, 2.90934830097e-22, 5.13967239776e-22, 6.43370266107e-22, 9.87180789229e-22, 1.44034126728e-21, 2.05817844091e-21], "var": [1.27723822629e-08, 6.84880651534e-05, 7.87191675045e-05, 9.47736989474e-05, 2.61024597421e-05, 1.0426292647e-06, 8.90785543106e-07, 1.14083934477e-06, 3.15320630762e-06, 8.11981681181e-06, 5.80033656661e-06, 8.75192199601e-06, 1.86639067579e-06, 1.66884137798e-06, 1.14163947273e-06, 6.45223394713e-07, 8.46413911404e-07, 3.22313780998e-07, 5.21385857155e-07, 2.53766984315e-07, 1.95970173422e-07, 4.30977209476e-08, 2.32435937164e-08, 4.19361825266e-08, 6.26276674964e-09, 2.37322983487e-09, 6.23973539504e-10]}, "barkbands_crest": {"dmean": 2.62109971046, "dmean2": 4.28936433792, "dvar": 5.87157058716, "dvar2": 14.6612024307, "max": 25.6038703918, "mean": 8.84955215454, "median": 8.03473854065, "min": 2.21498918533, "var": 15.7855129242}, "barkbands_flatness_db": {"dmean": 0.0219149831682, "dmean2": 0.0345826037228, "dvar": 0.000427191756899, "dvar2": 0.00107534707058, "max": 0.278476655483, "mean": 0.106794394553, "median": 0.102532282472, "min": 0.0171476844698, "var": 0.00146770116407}, "barkbands_kurtosis": {"dmean": 2.90745449066, "dmean2": 4.75287485123, "dvar": 26.6827468872, "dvar2": 69.4406967163, "max": 99.081451416, "mean": 2.99158787727, "median": 0.484846591949, "min": -1.90218770504, "var": 43.267780304}, "barkbands_skewness": {"dmean": 0.643456697464, "dmean2": 0.979472279549, "dvar": 0.464573323727, "dvar2": 1.06264793873, "max": 8.54975318909, "mean": 1.26412963867, "median": 1.02561819553, "min": -3.32633686066, "var": 1.78511333466}, "barkbands_spread": {"dmean": 7.06233167648, "dmean2": 11.0123767853, "dvar": 58.6505508423, "dvar2": 132.150680542, "max": 103.504928589, "mean": 27.2020874023, "median": 26.0304336548, "min": 1.2824883461, "var": 178.58190918}, "dissonance": {"dmean": 0.0147244362161, "dmean2": 0.0249800104648, "dvar": 0.000228053657338, "dvar2": 0.000606613757554, "max": 0.5, "mean": 0.474972844124, "median": 0.47985252738, "min": 0.297021508217, "var": 0.000386099593015}, "dynamic_complexity": 5.8509349823, "erbbands": {"dmean": [0.0698334127665, 0.959149301052, 4.01255369186, 9.52017688751, 9.29171848297, 6.22388601303, 2.81619381905, 4.06992578506, 4.96975421906, 6.63729143143, 5.8855175972, 8.61542034149, 17.6044006348, 15.8217697144, 29.8831272125, 25.4683666229, 14.7806224823, 17.5226802826, 14.1217784882, 18.040807724, 10.7166156769, 13.0144472122, 8.02553653717, 9.84429931641, 12.3760881424, 8.46223545074, 7.41306018829, 3.93747639656, 1.86686062813, 1.21596908569, 0.846752166748, 0.899012625217, 0.565973103046, 0.286590874195, 0.150424703956, 0.0729434639215, 0.0254195537418, 0.00892497505993, 0.00140746752732, 4.79815571452e-05], "dmean2": [0.121517084539, 1.71257925034, 7.12761259079, 15.9973869324, 15.4199647903, 10.4772672653, 4.76309108734, 6.89639282227, 8.43462753296, 10.8874835968, 9.43302536011, 13.4897603989, 26.6540584564, 23.2565479279, 45.0685920715, 37.8911170959, 22.7586307526, 27.0906982422, 21.6062831879, 27.9143447876, 16.4684753418, 20.722568512, 12.0313262939, 15.0931873322, 19.2542438507, 12.8896017075, 10.946641922, 5.77247905731, 2.79313349724, 1.86638748646, 1.24410307407, 1.34826529026, 0.823841571808, 0.4140881598, 0.214416339993, 0.101687274873, 0.0348134413362, 0.0122658740729, 0.00194942974485, 6.66884952807e-05], "dvar": [0.0357284173369, 7.2485833168, 111.788887024, 611.317871094, 547.107055664, 280.297546387, 39.8670082092, 75.1299591064, 160.573104858, 252.426803589, 484.657501221, 691.786193848, 3311.93383789, 2787.26708984, 6976.87744141, 7382.46435547, 2128.5690918, 2793.88769531, 1702.18603516, 1573.88330078, 618.818847656, 1606.62585449, 391.966583252, 291.225708008, 640.732849121, 193.321166992, 200.916946411, 55.0938873291, 34.906414032, 19.4259185791, 8.97950363159, 14.1162824631, 4.36458158493, 0.53490281105, 0.161290824413, 0.0385087616742, 0.00278941588476, 0.000394504488213, 1.27429648273e-05, 1.26617498708e-08], "dvar2": [0.0949997082353, 19.8831005096, 315.097564697, 1600.14172363, 1431.45068359, 735.81451416, 106.912139893, 204.010971069, 432.690979004, 704.693664551, 1099.50585938, 1597.52270508, 7306.54833984, 6530.42773438, 15531.9697266, 16200.3115234, 4602.66943359, 6514.86425781, 3633.01806641, 3547.29003906, 1531.63745117, 3932.84741211, 872.614562988, 675.678039551, 1476.8182373, 441.18572998, 424.34262085, 113.389709473, 72.4706802368, 42.7802619934, 16.4017238617, 27.8935432434, 9.50117206573, 1.16915440559, 0.316239863634, 0.073869459331, 0.00520014250651, 0.000774188723881, 2.42143487412e-05, 2.49113689677e-08], "max": [1.85684752464, 25.957616806, 105.90184021, 382.630310059, 342.323699951, 346.655151367, 161.23197937, 154.936141968, 202.214859009, 461.040740967, 790.497070312, 526.216186523, 1610.49169922, 1230.43737793, 1742.10131836, 1979.7052002, 1270.90820312, 1184.89733887, 1574.73522949, 853.628723145, 622.612976074, 1836.6529541, 701.697692871, 295.337097168, 884.648742676, 258.212158203, 403.027496338, 232.157272339, 272.63369751, 155.385665894, 157.333099365, 161.106384277, 68.8262252808, 19.364320755, 17.5106296539, 8.98027229309, 1.56450247765, 0.358809441328, 0.0606737658381, 0.00180366798304], "mean": [0.0658096000552, 0.788276076317, 3.7409632206, 9.66808795929, 10.7872943878, 8.17131328583, 3.97269034386, 5.6138548851, 6.30222845078, 9.67369365692, 8.8169927597, 12.2730350494, 27.1194591522, 24.685295105, 44.0696411133, 39.5806541443, 22.2535800934, 26.6718101501, 23.423116684, 30.1183414459, 18.893447876, 21.8698501587, 14.8793134689, 18.4630565643, 22.5202789307, 17.0424976349, 14.6010427475, 7.77142333984, 3.13927292824, 1.88023722172, 1.32194757462, 1.41813457012, 0.948620259762, 0.47554063797, 0.240269213915, 0.110259637237, 0.0371867828071, 0.0121268415824, 0.00177845009603, 7.07609506208e-05], "median": [0.0259066224098, 0.254153758287, 1.43487024307, 3.32157993317, 3.55075240135, 2.6610481739, 1.93773043156, 2.56284499168, 2.58130025864, 4.15841960907, 2.57695960999, 2.85040903091, 4.02962779999, 5.23638725281, 8.73931312561, 6.62111759186, 6.29369783401, 6.99979066849, 7.85197019577, 10.722820282, 7.13513565063, 9.02749824524, 5.03972005844, 7.88872814178, 9.06351470947, 7.7606010437, 5.35678720474, 3.33201265335, 1.25961744785, 0.568300127983, 0.396320700645, 0.414177447557, 0.341967910528, 0.190651193261, 0.0925976261497, 0.0350745618343, 0.00989045761526, 0.00248781265691, 0.000155089699547, 2.72433608188e-05], "min": [2.1125944953e-22, 1.06990228361e-21, 8.53494811114e-21, 1.935935929e-20, 3.04633849809e-20, 4.51054964118e-20, 1.82414456948e-19, 2.08370156723e-19, 2.21947266653e-19, 3.01116180243e-19, 5.15120832806e-19, 2.59157159328e-19, 5.44747288721e-19, 1.02424191783e-18, 1.9203612102e-18, 1.71732528276e-18, 2.96103858642e-18, 2.21995982421e-18, 2.48630949991e-18, 4.85069299113e-18, 5.02100368899e-18, 6.15683392582e-18, 5.18301983326e-18, 8.12844579921e-18, 8.84932543124e-18, 9.64140959758e-18, 1.32505499842e-17, 1.33046285711e-17, 1.22061467797e-17, 1.37201065035e-17, 1.48902138642e-17, 1.44604852642e-17, 1.13331676582e-17, 9.51545397853e-18, 7.63138635168e-18, 4.61232559478e-18, 2.29728942416e-18, 1.01737528477e-18, 2.4683906999e-19, 2.96382335458e-20], "var": [0.026174928993, 4.7942814827, 76.2708358765, 511.58404541, 522.594421387, 412.594970703, 45.5356407166, 97.0163574219, 162.133163452, 309.863922119, 762.557128906, 1040.5246582, 7041.43017578, 5617.73681641, 11179.4169922, 15041.8427734, 3819.32446289, 4397.16113281, 3660.02514648, 3115.06811523, 1129.03039551, 2282.74951172, 1105.79174805, 744.510192871, 1481.25244141, 576.550170898, 579.60345459, 140.55670166, 57.5029945374, 29.9003334045, 17.6293087006, 26.4849567413, 7.81086730957, 1.09824979305, 0.294672340155, 0.0689082145691, 0.00575660215691, 0.000764708325732, 2.42192618316e-05, 2.2208579864e-08]}, "erbbands_crest": {"dmean": 2.65361499786, "dmean2": 4.32769775391, "dvar": 6.63445901871, "dvar2": 16.1465969086, "max": 29.2360229492, "mean": 8.38864612579, "median": 7.27950334549, "min": 2.50323748589, "var": 17.2442722321}, "erbbands_flatness_db": {"dmean": 0.01878217794, "dmean2": 0.0266308411956, "dvar": 0.000285645161057, "dvar2": 0.000556844519451, "max": 0.34978979826, "mean": 0.139111027122, "median": 0.136736452579, "min": 0.0416927933693, "var": 0.00159536476713}, "erbbands_kurtosis": {"dmean": 0.765897810459, "dmean2": 1.2080270052, "dvar": 1.70753908157, "dvar2": 3.95954108238, "max": 34.2867851257, "mean": 0.0592057406902, "median": -0.375473856926, "min": -1.69347512722, "var": 3.24189949036}, "erbbands_skewness": {"dmean": 0.348899424076, "dmean2": 0.532520711422, "dvar": 0.109522692859, "dvar2": 0.249281361699, "max": 4.01173782349, "mean": -0.0907524451613, "median": -0.0913572907448, "min": -4.30192279816, "var": 0.420611262321}, "erbbands_spread": {"dmean": 9.14811420441, "dmean2": 13.8877344131, "dvar": 88.7658920288, "dvar2": 199.684921265, "max": 146.581192017, "mean": 41.9498252869, "median": 38.6431999207, "min": 2.24953460693, "var": 369.856445312}, "gfcc": {"cov": [[26963.046875, 1350.27563477, -1256.21081543, 55.4476890564, -550.005249023, -13.0920419693, -482.613922119, -186.42779541, -467.328369141, -276.90032959, -401.375793457, -117.335121155, -257.401824951], [1350.27563477, 858.901306152, -282.149963379, 34.1640090942, 7.22919940948, -55.7678527832, -11.0186605453, -34.0171394348, -46.0244750977, -37.9358978271, -30.346370697, -83.3884735107, 28.2982082367], [-1256.21081543, -282.149963379, 895.555786133, 59.1375541687, 103.398925781, -10.4388990402, -46.0461349487, -34.0506439209, 95.9094390869, -6.72593212128, -5.60478067398, 55.4667510986, -84.3465957642], [55.4476890564, 34.1640090942, 59.1375541687, 244.53944397, 18.5338573456, -7.58885097504, -35.8315696716, 3.67411661148, 2.41436648369, -11.0439195633, -6.04613733292, -3.34165549278, -6.72086238861], [-550.005249023, 7.22919940948, 103.398925781, 18.5338573456, 194.279403687, 31.4764919281, 32.0091362, -31.3985500336, 17.2989883423, 7.8299407959, 17.6106758118, 4.28392362595, -9.51512336731], [-13.0920419693, -55.7678527832, -10.4388990402, -7.58885097504, 31.4764919281, 157.823822021, 46.1580848694, -17.9578094482, -11.5891819, -3.38098740578, -3.86625289917, 1.27544856071, -5.26384115219], [-482.613922119, -11.0186605453, -46.0461349487, -35.8315696716, 32.0091362, 46.1580848694, 131.118713379, 29.3879165649, -8.0148639679, -6.67208337784, 3.3455452919, -8.72611045837, 21.8851547241], [-186.42779541, -34.0171394348, -34.0506439209, 3.67411661148, -31.3985500336, -17.9578094482, 29.3879165649, 107.085021973, 28.9888877869, -0.472277522087, -2.07819056511, -0.306154459715, 16.9471874237], [-467.328369141, -46.0244750977, 95.9094390869, 2.41436648369, 17.2989883423, -11.5891819, -8.0148639679, 28.9888877869, 103.205566406, 22.2618560791, 6.85999679565, 15.5737886429, -10.9081993103], [-276.90032959, -37.9358978271, -6.72593212128, -11.0439195633, 7.8299407959, -3.38098740578, -6.67208337784, -0.472277522087, 22.2618560791, 86.8213577271, 39.9154129028, 3.64824390411, -7.20165491104], [-401.375793457, -30.346370697, -5.60478067398, -6.04613733292, 17.6106758118, -3.86625289917, 3.3455452919, -2.07819056511, 6.85999679565, 39.9154129028, 78.2842254639, 20.6613998413, 4.45513820648], [-117.335121155, -83.3884735107, 55.4667510986, -3.34165549278, 4.28392362595, 1.27544856071, -8.72611045837, -0.306154459715, 15.5737886429, 3.64824390411, 20.6613998413, 82.3530731201, 11.8650226593], [-257.401824951, 28.2982082367, -84.3465957642, -6.72086238861, -9.51512336731, -5.26384115219, 21.8851547241, 16.9471874237, -10.9081993103, -7.20165491104, 4.45513820648, 11.8650226593, 80.4820785522]], "icov": [[5.87566719332e-05, -7.7107870311e-05, 7.51240077079e-05, 1.27194061861e-05, 7.62618292356e-05, -6.18497433607e-05, 0.000198792287847, -3.82103826269e-05, 0.000200859911274, 3.70922934962e-05, 0.00023920237436, -0.000168813945493, 0.000295972829917], [-7.7107870311e-05, 0.00168859807309, 0.000416666822275, -0.000269573705737, -0.000472245650599, 0.000781199487392, -0.000178558111656, 0.000849596457556, -0.000503533170559, 0.000646320113447, -0.000202771800105, 0.00153593230061, -0.000786880438682], [7.51240077079e-05, 0.000416666822275, 0.0018424623413, -0.000319396960549, -0.000656373158563, 0.000380760233384, 0.000357025448466, 0.000665731844492, -0.00107961485628, 0.000785060634371, 0.00065650139004, -0.000900753831957, 0.0017284299247], [1.27194061861e-05, -0.000269573705737, -0.000319396960549, 0.00455231918022, -0.000732687767595, -0.000386224011891, 0.00184334185906, -0.00123488029931, 0.000533045560587, 0.00053797988221, -6.75047631375e-05, 0.00028511081473, -9.01316961972e-05], [7.62618292356e-05, -0.000472245650599, -0.000656373158563, -0.000732687767595, 0.00697576394305, -0.000760744151194, -0.00233078119345, 0.00260954746045, -0.00127117510419, -1.64100629263e-06, -0.00123031530529, -5.75262019993e-05, 0.000424294034019], [-6.18497433607e-05, 0.000781199487392, 0.000380760233384, -0.000386224011891, -0.000760744151194, 0.00808671861887, -0.00348435342312, 0.00227116793394, -6.51280788588e-05, -3.0284978493e-05, 0.000824132584967, -0.000323006737744, 0.000792970880866], [0.000198792287847, -0.000178558111656, 0.000357025448466, 0.00184334185906, -0.00233078119345, -0.00348435342312, 0.012325912714, -0.00466048019007, 0.00213634688407, 0.00119747535791, -0.000214585030335, 0.00120144872926, -0.00141569203697], [-3.82103826269e-05, 0.000849596457556, 0.000665731844492, -0.00123488029931, 0.00260954746045, 0.00227116793394, -0.00466048019007, 0.0139752607793, -0.00537902629003, 0.000871036434546, 6.98646836099e-05, 0.000920099555515, -0.00183539453428], [0.000200859911274, -0.000503533170559, -0.00107961485628, 0.000533045560587, -0.00127117510419, -6.51280788588e-05, 0.00213634688407, -0.00537902629003, 0.0145229147747, -0.00373574509285, 0.00204688543454, -0.00258865393698, 0.00203211628832], [3.70922934962e-05, 0.000646320113447, 0.000785060634371, 0.00053797988221, -1.64100629263e-06, -3.0284978493e-05, 0.00119747535791, 0.000871036434546, -0.00373574509285, 0.0170412678272, -0.00851754192263, 0.00221621710807, 0.00141116697341], [0.00023920237436, -0.000202771800105, 0.00065650139004, -6.75047631375e-05, -0.00123031530529, 0.000824132584967, -0.000214585030335, 6.98646836099e-05, 0.00204688543454, -0.00851754192263, 0.0198326930404, -0.00536403153092, 0.000678999582306], [-0.000168813945493, 0.00153593230061, -0.000900753831957, 0.00028511081473, -5.75262019993e-05, -0.000323006737744, 0.00120144872926, 0.000920099555515, -0.00258865393698, 0.00221621710807, -0.00536403153092, 0.0166517235339, -0.00485901720822], [0.000295972829917, -0.000786880438682, 0.0017284299247, -9.01316961972e-05, 0.000424294034019, 0.000792970880866, -0.00141569203697, -0.00183539453428, 0.00203211628832, 0.00141116697341, 0.000678999582306, -0.00485901720822, 0.017406212166]], "mean": [-44.0270004272, 77.0468063354, -115.724914551, 38.271987915, -40.9180221558, 11.5334653854, -29.1548862457, 7.63641214371, -33.298248291, 4.20531129837, -18.612361908, -4.84463977814, -10.1575775146]}, "hfc": {"dmean": 6.53087043762, "dmean2": 9.31965065002, "dvar": 90.0006332397, "dvar2": 185.469741821, "max": 132.94480896, "mean": 17.1322040558, "median": 10.7459812164, "min": 1.05491845679e-16, "var": 314.739471436}, "melbands": {"dmean": [0.000827514042612, 0.00181039120071, 0.0016336546978, 0.000531478901394, 0.000125417951494, 9.13078474696e-05, 7.49239479774e-05, 7.01332755852e-05, 5.06779579155e-05, 6.10473871347e-05, 9.0013636509e-05, 6.57545606373e-05, 0.000100873585325, 7.61614719522e-05, 5.62709465157e-05, 3.07297705149e-05, 3.45199114236e-05, 2.47164625762e-05, 2.52788668149e-05, 2.28162862186e-05, 1.25197566376e-05, 1.62976630236e-05, 8.1083180703e-06, 8.51908680488e-06, 8.55134567246e-06, 1.16242754302e-05, 7.04563399267e-06, 5.90470062889e-06, 5.44344811715e-06, 3.76951311409e-06, 2.02076444111e-06, 1.14880776891e-06, 8.99947963262e-07, 6.1223619241e-07, 4.69815944371e-07, 5.76202239699e-07, 5.70458837501e-07, 4.51087089459e-07, 2.99430666928e-07, 2.37115926893e-07], "dmean2": [0.00145288871136, 0.00318901520222, 0.00271080434322, 0.000895622826647, 0.000207304139622, 0.000154804176418, 0.000126983446535, 0.000113989932288, 8.0757032265e-05, 9.49303794187e-05, 0.000137015900691, 9.77225572569e-05, 0.000152282911586, 0.00011432095198, 8.66975096869e-05, 4.87352117489e-05, 5.38092535862e-05, 3.8545091229e-05, 3.93294940295e-05, 3.55781812686e-05, 1.95884676941e-05, 2.60496999545e-05, 1.24371072161e-05, 1.33265011755e-05, 1.33722114697e-05, 1.83174743142e-05, 1.12104144137e-05, 9.06288642e-06, 8.17058662506e-06, 5.72476119487e-06, 3.01809745906e-06, 1.73939565684e-06, 1.39217979722e-06, 9.49231434788e-07, 7.03518367118e-07, 8.56024826135e-07, 8.64558273861e-07, 6.77368575452e-07, 4.43086236146e-07, 3.50807795257e-07], "dvar": [5.29395356352e-06, 2.27765376621e-05, 1.71842930285e-05, 1.7687292484e-06, 9.47233829152e-08, 3.76419393433e-08, 3.4846475927e-08, 2.85723444904e-08, 3.46199975354e-08, 3.40652057673e-08, 8.58565130102e-08, 5.31923483038e-08, 7.85990224017e-08, 4.82035922289e-08, 4.62006966018e-08, 9.51361389667e-09, 1.14549889574e-08, 6.37727204378e-09, 3.01980263018e-09, 3.39091199564e-09, 1.09672082527e-09, 3.35181371547e-09, 4.02212790851e-10, 4.63769356251e-10, 2.41663411504e-10, 6.74386824162e-10, 1.6382735446e-10, 1.03464438406e-10, 1.14181351873e-10, 6.60539400954e-11, 1.64882569403e-11, 1.37870912603e-11, 1.18744016356e-11, 4.7423219865e-12, 2.36643148653e-12, 6.21646310817e-12, 5.70387617346e-12, 3.29034781192e-12, 6.92671777141e-13, 3.66488550662e-13], "dvar2": [1.43335591929e-05, 6.3288716774e-05, 4.42255841335e-05, 4.82145605929e-06, 2.46124983505e-07, 1.02221932252e-07, 9.40504278901e-08, 7.77773365712e-08, 7.62696927836e-08, 7.88613334635e-08, 1.91960083384e-07, 1.28009091327e-07, 1.73812480853e-07, 1.00119351032e-07, 1.03967302323e-07, 2.19840128324e-08, 2.73763376413e-08, 1.3748957528e-08, 6.65110988507e-09, 7.90394327765e-09, 2.68852384799e-09, 8.21347967417e-09, 9.50446832348e-10, 1.1882639317e-09, 5.77089542819e-10, 1.61209579019e-09, 4.04556999012e-10, 2.36333702608e-10, 2.47249526408e-10, 1.48727363758e-10, 3.42734937653e-11, 2.84209166618e-11, 2.86969129015e-11, 1.02456220591e-11, 4.60896988977e-12, 1.14542828347e-11, 1.18476600058e-11, 7.44817922615e-12, 1.52611885802e-12, 8.30345449516e-13], "max": [0.021010376513, 0.0456793904305, 0.0604319646955, 0.0161918085068, 0.00919876433909, 0.00364933069795, 0.00318204658106, 0.00430062180385, 0.00668730726466, 0.00391610618681, 0.00801815651357, 0.00524154305458, 0.00547897210345, 0.00354679604061, 0.00592175405473, 0.00240097288042, 0.00211795978248, 0.00329584395513, 0.00188424554653, 0.00172647868749, 0.000979903503321, 0.00279172044247, 0.000549010059331, 0.000622669700533, 0.000294729718007, 0.000714016263373, 0.000406054867199, 0.000224962903303, 0.000319142796798, 0.00025392518728, 0.000171734820469, 0.000188531252206, 0.000174962115125, 7.64831856941e-05, 7.16304712114e-05, 0.000141891330713, 8.40476714075e-05, 6.70301888022e-05, 2.66585229838e-05, 1.85168846656e-05], "mean": [0.000722094671801, 0.00168110325467, 0.0017560479464, 0.000674313982017, 0.000180064118467, 0.000125860999105, 9.74532013061e-05, 0.00010194038623, 7.2923307016e-05, 8.52626108099e-05, 0.000137332535814, 9.51196343522e-05, 0.000145712052472, 0.000113482143206, 8.07535252534e-05, 4.13351081079e-05, 4.98707377119e-05, 3.61218735634e-05, 3.90595960198e-05, 3.55472620868e-05, 1.94341810129e-05, 2.50231278187e-05, 1.36263533932e-05, 1.36339222081e-05, 1.45356425492e-05, 1.89490983757e-05, 1.23552372315e-05, 1.11300923891e-05, 9.98766245175e-06, 6.74702187098e-06, 3.68934070138e-06, 1.77708477622e-06, 1.33482376441e-06, 8.9943449666e-07, 7.14139162028e-07, 8.32960665775e-07, 8.7568133722e-07, 7.13765530236e-07, 4.91865819185e-07, 3.70522570847e-07], "median": [0.000259047956206, 0.000643787614536, 0.000642177765258, 0.00024027148902, 7.97404063633e-05, 5.76727543375e-05, 4.22959346906e-05, 4.1579362005e-05, 1.75648056029e-05, 1.75877994479e-05, 1.87984187505e-05, 1.71094834513e-05, 2.72294619208e-05, 1.52009979502e-05, 1.46987595144e-05, 1.07173254946e-05, 1.14986014523e-05, 9.70202563622e-06, 1.43162205859e-05, 1.00587576526e-05, 6.31324201095e-06, 9.10668677534e-06, 4.87454417453e-06, 3.8597445382e-06, 6.0247057263e-06, 7.1901758929e-06, 5.08889297635e-06, 4.8153606258e-06, 3.47152081304e-06, 2.28899261856e-06, 1.59751027695e-06, 6.56244310449e-07, 4.07259278745e-07, 2.40105066496e-07, 2.0676966983e-07, 2.2619929041e-07, 2.49066829383e-07, 2.38208428982e-07, 1.89543669649e-07, 1.43209263115e-07], "min": [2.46204474596e-24, 3.73009408046e-24, 3.95240928305e-24, 2.73548405166e-24, 6.94596050238e-24, 4.81470130563e-24, 3.55615182858e-24, 3.35463888806e-24, 3.25641150587e-24, 1.31286245177e-24, 2.89243167584e-24, 3.1925999556e-24, 5.66038425628e-24, 4.87216785042e-24, 3.32220092764e-24, 4.58919358296e-24, 3.21678919196e-24, 3.76685499864e-24, 5.22283427216e-24, 5.59476798948e-24, 5.13380658584e-24, 5.55127572119e-24, 5.47855260649e-24, 3.94920098574e-24, 6.0166910335e-24, 6.64775530299e-24, 7.04589261299e-24, 6.06713789952e-24, 7.27995237673e-24, 4.57312843062e-24, 6.45327663516e-24, 6.13575893752e-24, 6.52012273612e-24, 6.67093676955e-24, 7.05744863639e-24, 8.97512137647e-24, 7.66965834138e-24, 7.38658901618e-24, 6.46942185688e-24, 7.92580147731e-24], "var": [3.65747723663e-06, 1.57290087373e-05, 1.51999392983e-05, 2.02017349693e-06, 1.2531499749e-07, 4.78529216252e-08, 3.58420741975e-08, 3.58161287295e-08, 5.79510626153e-08, 5.29423864748e-08, 1.86165593163e-07, 1.05369792891e-07, 1.25299266074e-07, 9.71665627958e-08, 9.04254235934e-08, 1.32299007305e-08, 1.6952951043e-08, 1.19808269972e-08, 5.78043257704e-09, 5.73131275772e-09, 1.69802483185e-09, 4.34263336402e-09, 9.09986919151e-10, 1.0084421076e-09, 5.19998655246e-10, 1.30063704251e-09, 3.43285205817e-10, 2.81472206654e-10, 2.98368774132e-10, 1.56748503066e-10, 3.53226371763e-11, 2.12158710738e-11, 1.57305505427e-11, 7.29484701811e-12, 4.44114319972e-12, 1.17128069396e-11, 9.93594703042e-12, 5.10375292376e-12, 1.44580094424e-12, 6.75901066886e-13]}, "melbands_crest": {"dmean": 3.45322108269, "dmean2": 5.64224243164, "dvar": 9.37341976166, "dvar2": 23.2752323151, "max": 32.8131103516, "mean": 13.1988420486, "median": 12.551076889, "min": 1.40018856525, "var": 27.1496562958}, "melbands_flatness_db": {"dmean": 0.0284416601062, "dmean2": 0.0442884787917, "dvar": 0.000805436982773, "dvar2": 0.00192274630535, "max": 0.38566750288, "mean": 0.174803122878, "median": 0.16892567277, "min": 0.000949974579271, "var": 0.00329033960588}, "melbands_kurtosis": {"dmean": 8.86080360413, "dmean2": 14.3144645691, "dvar": 228.375640869, "dvar2": 571.944641113, "max": 341.803497314, "mean": 13.5865659714, "median": 5.15028715134, "min": -1.68774747849, "var": 552.352172852}, "melbands_skewness": {"dmean": 0.937527596951, "dmean2": 1.43701040745, "dvar": 1.03939855099, "dvar2": 2.36729931831, "max": 16.6068019867, "mean": 2.63197660446, "median": 2.20682048798, "min": -1.54597342014, "var": 4.19242525101}, "melbands_spread": {"dmean": 10.1596822739, "dmean2": 15.5796527863, "dvar": 175.183639526, "dvar2": 383.058074951, "max": 252.606582642, "mean": 31.944776535, "median": 28.1188182831, "min": 1.21764945984, "var": 532.100952148}, "mfcc": {"cov": [[15434.1953125, 1378.81140137, -480.779815674, 343.91104126, -62.6454658508, 96.829574585, 75.2567214966, 22.3045959473, -17.6485614777, -163.102127075, -85.0282440186, -141.362213135, -279.802032471], [1378.81140137, 865.263000488, -146.002059937, 99.3643493652, 12.4877891541, 10.5299825668, 43.8327407837, -43.7304725647, 14.248342514, -10.6332950592, -2.61865782738, -29.0069656372, -56.3478546143], [-480.779815674, -146.002059937, 548.735961914, 63.0021514893, 108.495170593, 29.380645752, -87.0617599487, 40.7781410217, -26.4134712219, -13.9176874161, 41.7772941589, -1.71539485455, 5.67726278305], [343.91104126, 99.3643493652, 63.0021514893, 233.786560059, 71.6817855835, -18.4509963989, -12.6041679382, -8.25984859467, 4.43176174164, -26.4750289917, 3.20451831818, 23.2363319397, -18.1604557037], [-62.6454658508, 12.4877891541, 108.495170593, 71.6817855835, 152.726852417, 48.3673171997, -25.9334716797, 3.72872209549, -17.9496326447, -10.3055009842, 16.7213249207, 10.156750679, 11.8094539642], [96.829574585, 10.5299825668, 29.380645752, -18.4509963989, 48.3673171997, 165.21484375, 32.0227432251, 11.1511192322, -19.8845691681, -0.569793879986, 2.85695576668, -18.8205089569, 24.3813419342], [75.2567214966, 43.8327407837, -87.0617599487, -12.6041679382, -25.9334716797, 32.0227432251, 140.242294312, 2.49622154236, 11.51866436, 7.75183153152, -24.6961917877, -1.11701309681, -2.08402752876], [22.3045959473, -43.7304725647, 40.7781410217, -8.25984859467, 3.72872209549, 11.1511192322, 2.49622154236, 105.112007141, 30.6009521484, -3.91286492348, -5.22972345352, -12.9044542313, -1.46124625206], [-17.6485614777, 14.248342514, -26.4134712219, 4.43176174164, -17.9496326447, -19.8845691681, 11.51866436, 30.6009521484, 86.0188217163, 14.7937955856, -9.42053508759, -7.41201162338, -17.248342514], [-163.102127075, -10.6332950592, -13.9176874161, -26.4750289917, -10.3055009842, -0.569793879986, 7.75183153152, -3.91286492348, 14.7937955856, 86.8812026978, 11.8041954041, -3.09326291084, 1.24730241299], [-85.0282440186, -2.61865782738, 41.7772941589, 3.20451831818, 16.7213249207, 2.85695576668, -24.6961917877, -5.22972345352, -9.42053508759, 11.8041954041, 77.9503479004, 23.6797161102, -1.51778364182], [-141.362213135, -29.0069656372, -1.71539485455, 23.2363319397, 10.156750679, -18.8205089569, -1.11701309681, -12.9044542313, -7.41201162338, -3.09326291084, 23.6797161102, 72.9720687866, 24.6999340057], [-279.802032471, -56.3478546143, 5.67726278305, -18.1604557037, 11.8094539642, 24.3813419342, -2.08402752876, -1.46124625206, -17.248342514, 1.24730241299, -1.51778364182, 24.6999340057, 88.5406112671]], "icov": [[8.54043173604e-05, -0.000106281157059, 6.75517439959e-05, -0.000117710216728, 9.76002120296e-05, -0.000114160960948, 6.16181932855e-05, -0.000113373040222, 0.000121275290439, 9.33859046199e-05, 4.85569580633e-05, 3.08181370201e-05, 0.000206320648431], [-0.000106281157059, 0.00155553349759, 0.000356771604856, -0.000546359282453, -0.000289626710583, -3.41766753991e-05, -0.00037221587263, 0.000690826913342, -0.00035310597741, 6.73522663419e-05, -0.000528041040525, 0.000789452285971, 0.00027080977452], [6.75517439959e-05, 0.000356771604856, 0.00265499297529, -0.000644929939881, -0.00116961740423, -0.000253895792412, 0.00108088215347, -0.0010607955046, 0.000728672603145, 0.000140464282595, -0.000935898104217, 0.000753751141019, 0.000285513990093], [-0.000117710216728, -0.000546359282453, -0.000644929939881, 0.00637942086905, -0.00308116408996, 0.00125741306692, -0.000275372032775, 0.000665031024255, -0.00109161494765, 0.00120720441919, 0.000939121819101, -0.00237870123237, 0.00114936043974], [9.76002120296e-05, -0.000289626710583, -0.00116961740423, -0.00308116408996, 0.0105281202123, -0.00348543515429, 0.00163227436133, -0.000417217554059, 0.000999743118882, -7.22969489289e-05, -0.000347075110767, -0.0010517045157, -0.000362563674571], [-0.000114160960948, -3.41766753991e-05, -0.000253895792412, 0.00125741306692, -0.00348543515429, 0.00903471186757, -0.00310727581382, -0.000597875216044, 0.00132020877209, 0.000205928183277, -0.00171889690682, 0.00374894146807, -0.00303534371778], [6.16181932855e-05, -0.00037221587263, 0.00108088215347, -0.000275372032775, 0.00163227436133, -0.00310727581382, 0.00951920635998, -0.000597303325776, -0.000450930732768, -0.00099377008155, 0.00309329875745, -0.00245177955367, 0.00134733913001], [-0.000113373040222, 0.000690826913342, -0.0010607955046, 0.000665031024255, -0.000417217554059, -0.000597875216044, -0.000597303325776, 0.0121590532362, -0.00526167359203, 0.00145285297185, -0.00022508733673, 0.00174931099173, -0.000844649970531], [0.000121275290439, -0.00035310597741, 0.000728672603145, -0.00109161494765, 0.000999743118882, 0.00132020877209, -0.000450930732768, -0.00526167359203, 0.015582408756, -0.00298727955669, 0.00143099622801, -0.00010588922305, 0.00242528412491], [9.33859046199e-05, 6.73522663419e-05, 0.000140464282595, 0.00120720441919, -7.22969489289e-05, 0.000205928183277, -0.00099377008155, 0.00145285297185, -0.00298727955669, 0.0132319228724, -0.00311194849201, 0.00165361375548, -0.000752893800382], [4.85569580633e-05, -0.000528041040525, -0.000935898104217, 0.000939121819101, -0.000347075110767, -0.00171889690682, 0.00309329875745, -0.00022508733673, 0.00143099622801, -0.00311194849201, 0.0174576416612, -0.00762992119417, 0.00340911676176], [3.08181370201e-05, 0.000789452285971, 0.000753751141019, -0.00237870123237, -0.0010517045157, 0.00374894146807, -0.00245177955367, 0.00174931099173, -0.00010588922305, 0.00165361375548, -0.00762992119417, 0.0211161896586, -0.00692276936024], [0.000206320648431, 0.00027080977452, 0.000285513990093, 0.00114936043974, -0.000362563674571, -0.00303534371778, 0.00134733913001, -0.000844649970531, 0.00242528412491, -0.000752893800382, 0.00340911676176, -0.00692276936024, 0.0157107450068]], "mean": [-681.015136719, 108.81817627, -10.1209506989, 32.0075683594, 6.87638664246, 8.22243881226, 14.4415254593, -2.13597035408, 3.0219502449, 1.41175878048, -7.34594202042, -0.0556442029774, -1.23030424118]}, "pitch_salience": {"dmean": 0.0720142051578, "dmean2": 0.11763587594, "dvar": 0.00400160858408, "dvar2": 0.0105678075925, "max": 0.987549722195, "mean": 0.551318705082, "median": 0.557074844837, "min": 0.0855076089501, "var": 0.00991870369762}, "silence_rate_20dB": {"dmean": 0, "dmean2": 0, "dvar": 0, "dvar2": 0, "max": 1, "mean": 1, "median": 1, "min": 1, "var": 0}, "silence_rate_30dB": {"dmean": 0.0245090797544, "dmean2": 0.0490253977478, "dvar": 0.0239064712077, "dvar2": 0.0637571588159, "max": 1, "mean": 0.984056711197, "median": 1, "min": 0, "var": 0.0156880579889}, "silence_rate_60dB": {"dmean": 0.0472464188933, "dmean2": 0.0945067927241, "dvar": 0.0450115278363, "dvar2": 0.102403834462, "max": 1, "mean": 0.190286383033, "median": 0, "min": 0, "var": 0.154072076082}, "spectral_centroid": {"dmean": 337.040557861, "dmean2": 515.783203125, "dvar": 150640.328125, "dvar2": 324619.75, "max": 11498.1894531, "mean": 1767.70935059, "median": 1742.64453125, "min": 258.953277588, "var": 702787.125}, "spectral_complexity": {"dmean": 4.11782073975, "dmean2": 6.07944488525, "dvar": 25.3763523102, "dvar2": 50.4810333252, "max": 52, "mean": 16.6629753113, "median": 16, "min": 0, "var": 134.009307861}, "spectral_contrast_coeffs": {"dmean": [0.0530355907977, 0.0452466160059, 0.0412389673293, 0.0326537154615, 0.0242430455983, 0.0202413257211], "dmean2": [0.0872956439853, 0.0748484060168, 0.0645836889744, 0.0513445809484, 0.0379376932979, 0.0305086821318], "dvar": [0.00219455570914, 0.00136969028972, 0.00128049892373, 0.000713587447535, 0.00043015909614, 0.000306939939037], "dvar2": [0.00574399996549, 0.00367898447439, 0.00290406239219, 0.00165830180049, 0.000960485660471, 0.000698174873833], "max": [-0.301790833473, -0.470206230879, -0.441663682461, -0.530466794968, -0.55453056097, -0.59792804718], "mean": [-0.660270869732, -0.769042670727, -0.772218823433, -0.783894598484, -0.7868475914, -0.758388280869], "median": [-0.656283140182, -0.771877884865, -0.787790238857, -0.793511390686, -0.792468607426, -0.757716119289], "min": [-0.993242740631, -0.996704757214, -0.982554733753, -0.979777574539, -0.978860735893, -0.965735435486], "var": [0.00765342079103, 0.00436605419964, 0.00673654861748, 0.00371993123554, 0.00230079120956, 0.0021786019206]}, "spectral_contrast_valleys": {"dmean": [0.467126220465, 0.420202821493, 0.367970913649, 0.318451195955, 0.29957151413, 0.338673472404], "dmean2": [0.722740054131, 0.672671020031, 0.581021487713, 0.48686259985, 0.429820746183, 0.434167891741], "dvar": [0.210411831737, 0.175461471081, 0.156299382448, 0.130924031138, 0.140088319778, 0.149250864983], "dvar2": [0.424852371216, 0.386093318462, 0.326046228409, 0.249640241265, 0.252073705196, 0.254482239485], "max": [-5.0212469101, -4.98408412933, -5.31573486328, -5.87393856049, -5.79926013947, -7.90763568878], "mean": [-7.64858150482, -7.48126411438, -7.86524295807, -8.03311729431, -7.78663730621, -10.6137990952], "median": [-7.19069480896, -7.07634401321, -7.49541282654, -7.64815616608, -7.40389251709, -10.2873249054], "min": [-27.7293567657, -27.9203414917, -27.747543335, -27.5241279602, -27.4539890289, -27.3030548096], "var": [3.47371149063, 3.36837887764, 3.19715166092, 3.09505581856, 3.0331158638, 2.64941215515]}, "spectral_decrease": {"dmean": 3.44098793903e-09, "dmean2": 5.47028777831e-09, "dvar": 5.25655213653e-17, "dvar2": 1.33203779245e-16, "max": 2.9221796575e-20, "mean": -5.40899103285e-09, "median": -3.3938234445e-09, "min": -7.34851823836e-08, "var": 5.38732078869e-17}, "spectral_energy": {"dmean": 0.0134795159101, "dmean2": 0.0213107727468, "dvar": 0.00078007025877, "dvar2": 0.00197051791474, "max": 0.283111333847, "mean": 0.0219687111676, "median": 0.0139284683391, "min": 1.01536339412e-20, "var": 0.000826498144306}, "spectral_energyband_high": {"dmean": 0.000338446290698, "dmean2": 0.000475053704577, "dvar": 3.81638642466e-07, "dvar2": 7.51827201384e-07, "max": 0.0190906915814, "mean": 0.000736298097763, "median": 0.000362728809705, "min": 7.28599989803e-21, "var": 1.07490473056e-06}, "spectral_energyband_low": {"dmean": 0.00892420951277, "dmean2": 0.015137786977, "dvar": 0.000497700413689, "dvar2": 0.00132781954017, "max": 0.211839020252, "mean": 0.00900894682854, "median": 0.00363915693015, "min": 2.25413974441e-23, "var": 0.000384110986488}, "spectral_energyband_middle_high": {"dmean": 0.00225333566777, "dmean2": 0.00321152014658, "dvar": 1.57884751388e-05, "dvar2": 3.20705294143e-05, "max": 0.0631477609277, "mean": 0.00573316961527, "median": 0.00242899172008, "min": 1.20598561128e-21, "var": 6.19992206339e-05}, "spectral_energyband_middle_low": {"dmean": 0.0060019120574, "dmean2": 0.00961386784911, "dvar": 0.000182862204383, "dvar2": 0.000454370572697, "max": 0.173740014434, "mean": 0.00865247286856, "median": 0.00443176738918, "min": 2.46187105456e-22, "var": 0.000202213486773}, "spectral_entropy": {"dmean": 0.140166863799, "dmean2": 0.213873431087, "dvar": 0.0173425674438, "dvar2": 0.0381481386721, "max": 9.82299995422, "mean": 7.6927652359, "median": 7.68512058258, "min": 6.36074399948, "var": 0.0894225984812}, "spectral_flux": {"dmean": 0.0318978875875, "dmean2": 0.0489789322019, "dvar": 0.0022853394039, "dvar2": 0.00448982743546, "max": 0.444616049528, "mean": 0.0854150950909, "median": 0.0687140375376, "min": 6.53453541277e-11, "var": 0.00496679032221}, "spectral_kurtosis": {"dmean": 1.12812161446, "dmean2": 1.91700744629, "dvar": 1.18417048454, "dvar2": 3.40756821632, "max": 16.2299175262, "mean": 4.12667512894, "median": 3.96022367477, "min": -1.26024615765, "var": 2.6107108593}, "spectral_rms": {"dmean": 0.00111743272282, "dmean2": 0.00164012704045, "dvar": 2.93422499453e-06, "dvar2": 6.7044716161e-06, "max": 0.016619451344, "mean": 0.00386065337807, "median": 0.00368629209697, "min": 3.14737732404e-12, "var": 6.52831340631e-06}, "spectral_rolloff": {"dmean": 632.560852051, "dmean2": 1026.41149902, "dvar": 885962.4375, "dvar2": 1806336.875, "max": 19164.5507812, "mean": 1922.66308594, "median": 1658.05664062, "min": 64.599609375, "var": 4049122.75}, "spectral_skewness": {"dmean": 0.182016834617, "dmean2": 0.294364660978, "dvar": 0.0272485483438, "dvar2": 0.0652906447649, "max": 2.87511444092, "mean": 1.35808944702, "median": 1.34992313385, "min": -0.106691621244, "var": 0.0929920375347}, "spectral_spread": {"dmean": 539969.75, "dmean2": 789915.625, "dvar": 1025354825730.0, "dvar2": 201441162