{"lowlevel": {"average_loudness": 0.90400749445, "barkbands": {"dmean": [4.424987128e-05, 0.00434271618724, 0.00390306394547, 0.00161905097775, 0.00128664169461, 0.000497539120261, 0.000422100565629, 0.000411971879657, 0.000401550118113, 0.000486711476697, 0.000609216513112, 0.000605666078627, 0.00042122224113, 0.000405647355365, 0.000682574522216, 0.000233461280004, 0.000231567988521, 0.000194652981008, 0.000203613555641, 0.000301773688989, 0.000259242660832, 0.000295550795272, 0.000244874419877, 0.000184181932127, 8.04680312285e-05, 4.62730131403e-05, 8.86745783646e-06], "dmean2": [7.26620273781e-05, 0.00722620822489, 0.00696937274188, 0.00279341894202, 0.00214772322215, 0.000795579049736, 0.000645526102744, 0.000608414586168, 0.000601870066021, 0.000746420642827, 0.000951302645262, 0.000941473233979, 0.000644741405267, 0.000660588440951, 0.00113719259389, 0.000371683156118, 0.000381417368772, 0.000326646520989, 0.000317586003803, 0.00046686566202, 0.000390846194932, 0.000427353079431, 0.000343353225617, 0.00025659208768, 0.000112738714961, 6.5863096097e-05, 1.30476828417e-05], "dvar": [8.89063667131e-09, 0.000138585834065, 9.84563521342e-05, 1.50540035975e-05, 7.14087809683e-06, 1.1176452972e-06, 9.46706109062e-07, 8.84264068191e-07, 7.93924925802e-07, 1.19919741337e-06, 1.86532327007e-06, 2.68209828391e-06, 1.28556030177e-06, 7.52843732243e-07, 1.3886758552e-06, 2.44961796625e-07, 1.86259441648e-07, 1.57076158303e-07, 1.63491449712e-07, 3.39222140155e-07, 3.57391058969e-07, 4.76968068597e-07, 4.1864728928e-07, 1.98786679562e-07, 3.83754965583e-08, 6.68724720043e-09, 2.85593604321e-10], "dvar2": [2.26970673367e-08, 0.00035038360511, 0.000282211549347, 4.20209071308e-05, 1.90359387489e-05, 2.81526058643e-06, 2.28494786825e-06, 2.03212653105e-06, 1.83236113571e-06, 2.87382908937e-06, 4.63005198981e-06, 6.21515118837e-06, 2.61755371866e-06, 1.84832629202e-06, 3.55693123311e-06, 5.66912092381e-07, 4.6130520559e-07, 4.17948001541e-07, 3.81834354357e-07, 7.92797038685e-07, 7.73918372943e-07, 9.65193635238e-07, 8.47647811497e-07, 4.09816721003e-07, 7.75206459025e-08, 1.44595615481e-08, 6.47508213714e-10], "max": [0.00184035778511, 0.103272929788, 0.0930225104094, 0.0446357578039, 0.0365029126406, 0.02226790227, 0.0249005425721, 0.0226322617382, 0.0202123820782, 0.0303714685142, 0.0262268465012, 0.0510346591473, 0.0551617629826, 0.018644137308, 0.0284651294351, 0.0161520577967, 0.0097918305546, 0.00669699069113, 0.00914399046451, 0.0102600008249, 0.01119174622, 0.01358190272, 0.0216308794916, 0.0132416440174, 0.00882722530514, 0.000814825994894, 0.000241704532527], "mean": [5.24694223714e-05, 0.00405945722014, 0.00514951394871, 0.00214425730519, 0.00203193747438, 0.000961145095062, 0.000803124101367, 0.000775067775976, 0.000733306747861, 0.000884562556166, 0.00114893761929, 0.00123847415671, 0.000821198162157, 0.000647912675049, 0.00111426075455, 0.000444843753939, 0.000384709594073, 0.000279372557998, 0.000373214716092, 0.000531378143933, 0.000413030647906, 0.000509635836352, 0.000437920651166, 0.000344889675034, 0.000124444879475, 5.67117058381e-05, 9.27055589273e-06], "median": [1.10915761979e-05, 0.00103832979221, 0.00339880515821, 0.00137990480289, 0.00109442335088, 0.000479261187138, 0.000307009933749, 0.000304174871417, 0.000266497634584, 0.000275808211882, 0.000250482349657, 0.000166010679095, 0.000215996842599, 0.000251279037911, 0.000578791601583, 0.000144539459143, 0.000157238042448, 0.000125314574689, 0.000156814116053, 0.00021331087919, 0.000123836871353, 0.000152520951815, 0.000142483739182, 0.000136784146889, 4.25843245466e-05, 1.52929951582e-05, 1.56674491336e-06], "min": [2.70135704143e-25, 1.36760624315e-24, 8.20419680165e-25, 6.74880710305e-25, 6.77652659057e-24, 1.02308254322e-23, 7.17715827876e-24, 8.04056575066e-24, 1.07290202817e-23, 1.22635653682e-23, 1.63771184238e-23, 3.25975248957e-23, 1.43474203355e-23, 3.90466205681e-23, 2.39154274802e-23, 5.47273830719e-23, 5.70075192541e-23, 8.48195614633e-23, 1.24257987155e-22, 1.96575971293e-22, 2.51494713088e-22, 3.12394825458e-22, 3.74805208876e-22, 6.30515594641e-22, 9.03318084489e-22, 1.39908543228e-21, 1.92688714663e-21], "var": [1.11055502572e-08, 0.000111037530587, 6.63595637889e-05, 1.14475305963e-05, 8.46165039547e-06, 2.46655440606e-06, 2.61129548562e-06, 2.15134400605e-06, 1.88998853901e-06, 3.36644416166e-06, 6.03941816735e-06, 1.24068828882e-05, 6.74045850246e-06, 1.5652874481e-06, 2.56443240687e-06, 9.674897683e-07, 3.96281194526e-07, 1.91916029735e-07, 3.32130468905e-07, 6.20477464963e-07, 6.16905197148e-07, 9.98162818178e-07, 9.49322952692e-07, 5.10928487074e-07, 8.09764344467e-08, 9.18517528703e-09, 3.31253635633e-10]}, "barkbands_crest": {"dmean": 2.37219572067, "dmean2": 3.87242507935, "dvar": 5.71841716766, "dvar2": 14.4105520248, "max": 24.6821727753, "mean": 8.97099971771, "median": 8.19795513153, "min": 2.24898552895, "var": 13.8768978119}, "barkbands_flatness_db": {"dmean": 0.0196270588785, "dmean2": 0.0300542041659, "dvar": 0.000453236949397, "dvar2": 0.0011276678415, "max": 0.311369627714, "mean": 0.105447113514, "median": 0.0968852415681, "min": 0.0237357299775, "var": 0.00179909146391}, "barkbands_kurtosis": {"dmean": 2.42561411858, "dmean2": 3.82588553429, "dvar": 35.7815055847, "dvar2": 78.774887085, "max": 119.838691711, "mean": 3.16866707802, "median": 0.188454598188, "min": -1.99314808846, "var": 108.579727173}, "barkbands_skewness": {"dmean": 0.536235570908, "dmean2": 0.807017505169, "dvar": 0.452979713678, "dvar2": 1.04193973541, "max": 9.53236484528, "mean": 1.12901651859, "median": 0.850121319294, "min": -3.89199900627, "var": 2.06951475143}, "barkbands_spread": {"dmean": 7.20657491684, "dmean2": 10.8941001892, "dvar": 68.5803527832, "dvar2": 159.942123413, "max": 167.059814453, "mean": 31.4444007874, "median": 28.5304050446, "min": 1.60158455372, "var": 292.78125}, "dissonance": {"dmean": 0.0163061879575, "dmean2": 0.0271360315382, "dvar": 0.00027348040021, "dvar2": 0.000739976938348, "max": 0.500000059605, "mean": 0.466118395329, "median": 0.47163811326, "min": 0.322350263596, "var": 0.000582208740525}, "dynamic_complexity": 3.45527005196, "erbbands": {"dmean": [0.0826393216848, 1.16457891464, 4.07835817337, 5.12441682816, 5.35695314407, 3.56603431702, 3.98596644402, 4.15751647949, 5.67436695099, 7.53868103027, 8.17934417725, 9.19861030579, 11.723865509, 16.3590373993, 25.6012439728, 24.7000694275, 18.1282119751, 21.1148681641, 38.3447647095, 17.65234375, 11.5734815598, 11.6419696808, 11.1509542465, 7.97444868088, 13.0700330734, 13.8719558716, 11.0048122406, 10.5171833038, 10.7682361603, 8.87481594086, 6.81265115738, 4.75077915192, 2.5175383091, 1.09091925621, 0.491518825293, 0.207409530878, 0.0849963054061, 0.017866006121, 0.00147924141493, 6.46095577395e-05], "dmean2": [0.134910807014, 1.96562075615, 7.29836130142, 8.75510597229, 9.16933441162, 5.90810346603, 6.42784166336, 6.63830566406, 8.59907817841, 11.4095335007, 11.9368257523, 13.6003847122, 17.7047481537, 24.4925765991, 39.7859153748, 37.2232322693, 26.8287124634, 34.3540077209, 63.5118217468, 29.0284461975, 18.1835346222, 19.1820735931, 18.8028507233, 12.8466215134, 20.2527561188, 21.3417873383, 16.9621124268, 15.6859235764, 15.690820694, 12.5145130157, 9.55782318115, 6.64333105087, 3.57725048065, 1.53547012806, 0.698485732079, 0.293352752924, 0.122926160693, 0.0262261927128, 0.00216204416938, 9.33373667067e-05], "dvar": [0.046506755054, 10.2238712311, 119.226455688, 130.356399536, 180.711730957, 52.0741615295, 74.9494628906, 86.7658081055, 196.01121521, 298.732086182, 393.52432251, 444.393157959, 559.119934082, 1483.63574219, 3289.07592773, 4290.32470703, 2404.453125, 1880.23254395, 5162.98828125, 915.499267578, 617.552307129, 507.175750732, 515.725463867, 292.120452881, 617.423522949, 733.122497559, 625.852111816, 616.941467285, 643.087036133, 439.783874512, 375.168365479, 141.536819458, 35.7282600403, 8.47588157654, 1.18979918957, 0.135213643312, 0.02398198843, 0.00115154404193, 7.77949026087e-06, 1.36798368189e-08], "dvar2": [0.111819706857, 26.5338172913, 339.068115234, 366.253631592, 486.653137207, 131.546844482, 187.424835205, 221.370437622, 477.178466797, 720.698120117, 851.675598145, 1008.26538086, 1302.84729004, 3406.5324707, 8209.0703125, 9258.01074219, 4661.35449219, 4675.87939453, 13339.3935547, 2154.0456543, 1408.55908203, 1280.33947754, 1392.90576172, 732.91217041, 1408.8503418, 1728.77722168, 1422.80419922, 1316.33508301, 1326.1105957, 877.52923584, 786.851196289, 293.596496582, 74.205078125, 16.858259201, 2.63682627678, 0.28803807497, 0.0528764091432, 0.00261634797789, 1.7542988644e-05, 3.06220115931e-08], "max": [1.88519501686, 27.6713848114, 95.1374969482, 108.990013123, 187.645446777, 159.203918457, 204.777053833, 273.882598877, 365.850585938, 429.289550781, 558.359130859, 610.549926758, 657.996704102, 1177.84350586, 1356.12573242, 2313.62695313, 2304.89477539, 1038.73193359, 1823.06079102, 794.892822266, 794.045593262, 527.27154541, 221.720626831, 336.370025635, 494.711303711, 525.49987793, 373.909484863, 524.709350586, 638.153259277, 429.698577881, 713.277099609, 323.671203613, 193.226516724, 152.170394897, 31.9393539429, 5.30634450912, 1.62878406048, 0.376846075058, 0.0327459387481, 0.00141772872303], "mean": [0.0797339975834, 1.08912527561, 4.87241792679, 7.83658409119, 6.91834974289, 6.02767324448, 6.9423365593, 8.04814815521, 12.07097435, 13.9969978333, 16.0237579346, 17.4132213593, 22.2559700012, 32.8449211121, 52.3645362854, 55.2187690735, 38.7733612061, 37.4388580322, 63.4345245361, 31.549325943, 24.0610980988, 20.2558631897, 16.6267299652, 14.1194372177, 24.9467411041, 24.9760627747, 17.8690700531, 16.5975780487, 18.0297317505, 15.7282629013, 12.200961113, 8.58971500397, 4.67766571045, 1.81090855598, 0.697856962681, 0.27787977457, 0.0987355038524, 0.0189693663269, 0.00157751364168, 9.14983320399e-05], "median": [0.0207309871912, 0.318206191063, 2.91453576088, 5.50100660324, 3.73943805695, 2.93791842461, 3.08878302574, 4.10325956345, 4.79411458969, 6.06827974319, 6.1964263916, 7.3065290451, 7.46235084534, 8.79536151886, 13.7394714355, 9.63794994354, 11.2980499268, 17.8157367706, 29.4444847107, 18.1392707825, 8.86081981659, 8.22804164886, 7.60841655731, 7.14780235291, 10.3234462738, 10.4319839478, 6.33416080475, 4.79623174667, 5.45478391647, 4.68402719498, 4.02698707581, 3.22818207741, 1.83776593208, 0.662405371666, 0.222906529903, 0.0872585102916, 0.0231524277478, 0.00342386821285, 0.000294273981126, 4.33736458945e-05], "min": [7.99352818369e-23, 2.13538184695e-22, 2.54225176513e-21, 5.64456175441e-21, 1.27131496684e-20, 1.40499761281e-20, 4.26414255334e-20, 8.00028408946e-20, 1.44558032151e-19, 1.88768044157e-19, 3.22611864328e-19, 3.70009882114e-19, 5.11364553945e-19, 7.02962848267e-19, 1.02474959993e-18, 1.19629620903e-18, 8.13060897991e-19, 2.06346924644e-18, 2.04072839704e-18, 1.96924737761e-18, 3.29112046037e-18, 4.23488266768e-18, 4.54094693895e-18, 6.29593096326e-18, 6.41765886221e-18, 8.87315071442e-18, 8.68428966415e-18, 1.05816790348e-17, 1.05290744837e-17, 1.1541605592e-17, 1.13269265805e-17, 1.12696037912e-17, 1.12433854745e-17, 8.36011510055e-18, 6.06847780151e-18, 4.34212704769e-18, 2.27603212319e-18, 9.89152709453e-19, 2.11890081648e-19, 2.61398718622e-20], "var": [0.0414048656821, 7.74355840683, 77.7381896973, 105.359886169, 147.377502441, 90.6221160889, 135.093612671, 185.000274658, 678.102478027, 592.040649414, 1007.82452393, 1042.48547363, 1623.59973145, 4645.74072266, 11199.7412109, 22907.6035156, 13203.6103516, 4076.10180664, 9629.09277344, 2085.78295898, 2763.06176758, 1084.10424805, 603.245727539, 428.722290039, 1373.59387207, 1360.69384766, 1028.6003418, 1063.94470215, 1276.69946289, 1015.02734375, 787.73614502, 344.568511963, 90.7287368774, 19.0094203949, 2.07190322876, 0.207356587052, 0.0307859145105, 0.00134373316541, 9.16442786547e-06, 1.71490164291e-08]}, "erbbands_crest": {"dmean": 2.89908242226, "dmean2": 4.62248277664, "dvar": 8.21936035156, "dvar2": 20.3210582733, "max": 30.6582927704, "mean": 9.81286430359, "median": 8.44962692261, "min": 2.43418860435, "var": 27.5652923584}, "erbbands_flatness_db": {"dmean": 0.0185655392706, "dmean2": 0.0253660138696, "dvar": 0.000336653320119, "dvar2": 0.000601664884016, "max": 0.339356899261, "mean": 0.138678282499, "median": 0.135262936354, "min": 0.0383865237236, "var": 0.00155415968038}, "erbbands_kurtosis": {"dmean": 0.985543966293, "dmean2": 1.52509880066, "dvar": 1.86884713173, "dvar2": 4.02115011215, "max": 35.1071968079, "mean": 0.897480428219, "median": 0.217362433672, "min": -1.84482717514, "var": 5.79767513275}, "erbbands_skewness": {"dmean": 0.349495977163, "dmean2": 0.513378500938, "dvar": 0.133108556271, "dvar2": 0.278309166431, "max": 3.44776892662, "mean": 0.0373666509986, "median": 0.0185040142387, "min": -5.05063009262, "var": 0.679696083069}, "erbbands_spread": {"dmean": 9.84637546539, "dmean2": 14.7174825668, "dvar": 123.40133667, "dvar2": 279.193328857, "max": 158.764678955, "mean": 41.5552330017, "median": 37.1117973328, "min": 2.39485096931, "var": 522.09161377}, "gfcc": {"cov": [[24362.0097656, 672.807373047, -1528.4708252, 589.54888916, -1053.24743652, 505.524871826, -605.439086914, 183.843276978, -546.200439453, 64.7979278564, -473.005737305, 21.4553203583, -377.847961426], [672.807373047, 1064.87780762, -335.900146484, -83.2684173584, -12.9374113083, 1.21503639221, -9.75056743622, -27.7767772675, 29.5159568787, -44.7490158081, 58.7437400818, -73.5552215576, 12.5661182404], [-1528.4708252, -335.900146484, 1051.89245605, 256.606781006, 156.313919067, -33.3358764648, 1.87492346764, 16.0183048248, -25.7497329712, -6.30087375641, -68.0344848633, 14.3023729324, -41.6600265503], [589.54888916, -83.2684173584, 256.606781006, 506.395111084, 26.2316703796, -3.46832442284, -61.3492279053, 2.2176220417, 3.20592617989, -27.3798866272, -50.7060165405, -17.4252548218, -17.4258289337], [-1053.24743652, -12.9374113083, 156.313919067, 26.2316703796, 263.235626221, 8.46430301666, 31.4015922546, -5.43289136887, 41.3677978516, 10.0350542068, -19.0028896332, -12.5616226196, 5.08812618256], [505.524871826, 1.21503639221, -33.3358764648, -3.46832442284, 8.46430301666, 174.041290283, 87.256149292, 2.5791041851, -30.5979595184, 7.43113660812, -12.9972343445, -16.9411945343, -13.4511833191], [-605.439086914, -9.75056743622, 1.87492346764, -61.3492279053, 31.4015922546, 87.256149292, 192.986953735, 22.9756889343, -11.7260217667, 3.85736322403, 28.1110630035, -2.84550356865, -6.26341629028], [183.843276978, -27.7767772675, 16.0183048248, 2.2176220417, -5.43289136887, 2.5791041851, 22.9756889343, 91.1393661499, 23.5214481354, 0.121144264936, 0.701458990574, 6.69190502167, -6.31432104111], [-546.200439453, 29.5159568787, -25.7497329712, 3.20592617989, 41.3677978516, -30.5979595184, -11.7260217667, 23.5214481354, 122.10609436, 37.8105010986, 12.4176492691, -3.95337939262, 21.8704509735], [64.7979278564, -44.7490158081, -6.30087375641, -27.3798866272, 10.0350542068, 7.43113660812, 3.85736322403, 0.121144264936, 37.8105010986, 86.7016601563, 20.8510761261, 6.15299701691, -7.76246643066], [-473.005737305, 58.7437400818, -68.0344848633, -50.7060165405, -19.0028896332, -12.9972343445, 28.1110630035, 0.701458990574, 12.4176492691, 20.8510761261, 100.172012329, 27.0393619537, 13.1957960129], [21.4553203583, -73.5552215576, 14.3023729324, -17.4252548218, -12.5616226196, -16.9411945343, -2.84550356865, 6.69190502167, -3.95337939262, 6.15299701691, 27.0393619537, 71.2503356934, 20.9882125854], [-377.847961426, 12.5661182404, -41.6600265503, -17.4258289337, 5.08812618256, -13.4511833191, -6.26341629028, -6.31432104111, 21.8704509735, -7.76246643066, 13.1957960129, 20.9882125854, 69.669883728]], "icov": [[0.000180100701982, -0.000236544801737, 0.000320791616105, -0.000303509907098, 0.000394119560951, -0.000560510379728, 0.000647642998956, -0.000727986742277, 0.000874837511219, -0.000877335318364, 0.00110700773075, -0.000902863044757, 0.000680516764987], [-0.000236544801737, 0.00159224472009, -0.000131060791318, 0.000498419220094, -0.000653071212582, 0.000563334673643, -0.000532258476596, 0.00121937692165, -0.00159032898955, 0.00226574391127, -0.00269758165814, 0.00274171633646, -0.000867989670951], [0.000320791616105, -0.000131060791318, 0.00198821211234, -0.00116013654042, -0.00012570983381, -0.00038221347495, 0.00081401335774, -0.00149399822112, 0.00211559399031, -0.00172337412369, 0.00247665983625, -0.0020686397329, 0.00183324923273], [-0.000303509907098, 0.000498419220094, -0.00116013654042, 0.00303772557527, -0.000544388371054, 0.000253720209002, -5.65955633647e-05, 0.00125897058751, -0.00222993525676, 0.00258412933908, -0.00172991829459, 0.00195476901717, -0.000745414756238], [0.000394119560951, -0.000653071212582, -0.00012570983381, -0.000544388371054, 0.00573860760778, -0.00139671226498, 0.000307059148327, -0.000404802936828, -0.000301084190141, -0.00185060035437, 0.00343228573911, -0.0016487314133, 0.00108100008219], [-0.000560510379728, 0.000563334673643, -0.00038221347495, 0.000253720209002, -0.00139671226498, 0.010654703714, -0.00637547392398, 0.00212015677243, 6.60459409119e-05, -1.38267769216e-05, -0.000920223828871, 0.00382112711668, -0.00252757105045], [0.000647642998956, -0.000532258476596, 0.00081401335774, -5.65955633647e-05, 0.000307059148327, -0.00637547392398, 0.0108126075938, -0.00469426205382, 0.00345070520416, -0.00187382276636, 0.000290488562314, -0.00204653199762, 0.00264379987493], [-0.000727986742277, 0.00121937692165, -0.00149399822112, 0.00125897058751, -0.000404802936828, 0.00212015677243, -0.00469426205382, 0.0162581186742, -0.00832604430616, 0.00598904583603, -0.00369423022494, 0.00111218239181, 0.00038944138214], [0.000874837511219, -0.00159032898955, 0.00211559399031, -0.00222993525676, -0.000301084190141, 6.60459409119e-05, 0.00345070520416, -0.00832604430616, 0.0184868834913, -0.0115692485124, 0.00517480727285, -0.00123311101925, -0.00237190001644], [-0.000877335318364, 0.00226574391127, -0.00172337412369, 0.00258412933908, -0.00185060035437, -1.38267769216e-05, -0.00187382276636, 0.00598904583603, -0.0115692485124, 0.0215736031532, -0.00934066809714, 0.00311756622978, 0.00182128348388], [0.00110700773075, -0.00269758165814, 0.00247665983625, -0.00172991829459, 0.00343228573911, -0.000920223828871, 0.000290488562314, -0.00369423022494, 0.00517480727285, -0.00934066809714, 0.0220496300608, -0.0115837361664, 0.00344969122671], [-0.000902863044757, 0.00274171633646, -0.0020686397329, 0.00195476901717, -0.0016487314133, 0.00382112711668, -0.00204653199762, 0.00111218239181, -0.00123311101925, 0.00311756622978, -0.0115837361664, 0.0255011189729, -0.0101179927588], [0.000680516764987, -0.000867989670951, 0.00183324923273, -0.000745414756238, 0.00108100008219, -0.00252757105045, 0.00264379987493, 0.00038944138214, -0.00237190001644, 0.00182128348388, 0.00344969122671, -0.0101179927588, 0.0221586618572]], "mean": [2.34722518921, 64.0102233887, -112.267562866, 39.743812561, -57.2140960693, 25.4039783478, -34.8006973267, 2.12600803375, -22.974937439, 1.01946747303, -16.9080944061, -6.03076934814, -14.8050098419]}, "hfc": {"dmean": 10.7599830627, "dmean2": 14.7897825241, "dvar": 344.429962158, "dvar2": 663.952392578, "max": 331.925720215, "mean": 30.0823917389, "median": 21.6706504822, "min": 1.03257372764e-16, "var": 966.072509766}, "melbands": {"dmean": [0.000985666178167, 0.00193211797159, 0.000903812062461, 0.000312047544867, 0.000140313684824, 9.38693483477e-05, 8.48843410495e-05, 8.35265091155e-05, 6.54779723845e-05, 5.93908916926e-05, 6.08749287494e-05, 6.83238104102e-05, 8.69930008776e-05, 7.65856602811e-05, 5.29842836841e-05, 3.72800022888e-05, 4.23836245318e-05, 6.48827917757e-05, 3.17796511808e-05, 2.07500143006e-05, 1.42397966556e-05, 1.21182338262e-05, 1.3627682165e-05, 9.08903803065e-06, 6.45503905616e-06, 9.1402189355e-06, 1.11479439511e-05, 9.50848425418e-06, 7.27160841052e-06, 6.63617265673e-06, 6.49808316666e-06, 6.8638423727e-06, 5.31405157744e-06, 5.07970025865e-06, 4.40259236711e-06, 3.27193356497e-06, 2.96514826914e-06, 2.01114266929e-06, 1.27908526792e-06, 8.54129382333e-07], "dmean2": [0.00162379269022, 0.0033649338875, 0.00152885669377, 0.000528433709405, 0.000224348448683, 0.000149692044943, 0.000129315449158, 0.000126353756059, 9.55738360062e-05, 8.8126740593e-05, 9.22974941204e-05, 0.000102334612166, 0.000135495778522, 0.000117079915071, 7.74682848714e-05, 5.60371190659e-05, 6.92768371664e-05, 0.000107019506686, 5.28256459802e-05, 3.34669311997e-05, 2.24209343287e-05, 1.98136003746e-05, 2.30028417718e-05, 1.52243910634e-05, 1.04995797301e-05, 1.43747874972e-05, 1.75012064574e-05, 1.47726996147e-05, 1.14542417577e-05, 1.02840658656e-05, 9.88210285868e-06, 1.02499870991e-05, 7.78948924562e-06, 7.34127661417e-06, 6.35803053228e-06, 4.6408686103e-06, 4.27059558206e-06, 2.91813330477e-06, 1.86250815659e-06, 1.22819483295e-06], "dvar": [6.93204628988e-06, 2.61403129116e-05, 4.08237701777e-06, 4.75643076925e-07, 8.24378929565e-08, 4.15095655626e-08, 4.1065039369e-08, 3.65355177223e-08, 2.43337971995e-08, 1.80367187852e-08, 1.54156776233e-08, 2.75724651999e-08, 3.82713629676e-08, 4.25299084839e-08, 2.1310478715e-08, 8.0922548662e-09, 8.33577029624e-09, 1.51398271697e-08, 3.55904639093e-09, 1.6858239249e-09, 1.10825137956e-09, 6.00055671818e-10, 7.59563800745e-10, 3.23619103737e-10, 2.05169117806e-10, 3.45551226522e-10, 4.4386211373e-10, 3.86159659804e-10, 2.81975526262e-10, 2.34350677752e-10, 2.38375180706e-10, 2.69614996995e-10, 1.55965990123e-10, 1.50083556694e-10, 1.73544581483e-10, 6.94043433835e-11, 6.07867853275e-11, 2.48510760581e-11, 1.04773481557e-11, 6.39270841124e-12], "dvar2": [1.69666127476e-05, 7.17614166206e-05, 1.12993457151e-05, 1.28816282086e-06, 2.01297254421e-07, 1.05566996922e-07, 1.00787580948e-07, 8.81685480181e-08, 5.3137551248e-08, 4.08482243586e-08, 3.58918903487e-08, 6.3998236044e-08, 9.48405087797e-08, 9.92681137291e-08, 4.11475831186e-08, 1.57586459437e-08, 2.08614281405e-08, 3.83465277309e-08, 8.83213147063e-09, 3.74667719072e-09, 2.47130027553e-09, 1.45411671593e-09, 2.00527505712e-09, 8.48644765572e-10, 5.19690179779e-10, 8.03001776184e-10, 1.03635766635e-09, 9.2471486024e-10, 6.54460097227e-10, 5.35854749462e-10, 5.2424498076e-10, 5.83101289475e-10, 3.21507015455e-10, 3.09793635189e-10, 3.86409876318e-10, 1.44595183049e-10, 1.32223856864e-10, 5.55129310575e-11, 2.01951216167e-11, 1.43455160945e-11], "max": [0.0216531120241, 0.041159786284, 0.020246103406, 0.0101840412244, 0.0058021415025, 0.00533900083974, 0.0053123254329, 0.00462128175423, 0.00373043608852, 0.00404904223979, 0.00362101034261, 0.00514436420053, 0.0040745344013, 0.00705532636493, 0.00758952926844, 0.00339619675651, 0.00230016629212, 0.00317253614776, 0.00150551518891, 0.00126725179143, 0.00110947934445, 0.000690464919899, 0.000443956436357, 0.000331542134518, 0.000292708922643, 0.000453228072729, 0.000351754948497, 0.000424984144047, 0.000236699663219, 0.000307618611259, 0.000270998978522, 0.000491625454742, 0.000281211570837, 0.000276906706858, 0.000512052269187, 0.000229239230976, 0.000219160996494, 0.000140776566695, 0.000168155413121, 0.000154000794282], "mean": [0.000942333485, 0.00225986307487, 0.0013549743453, 0.000455271976534, 0.000255113845924, 0.00018519347941, 0.0001784516935, 0.000156095382408, 0.000125736594782, 0.000108783424366, 0.000111690562335, 0.000129438980366, 0.00016977978521, 0.000157571164891, 0.000115755981824, 6.52160379104e-05, 6.7620552727e-05, 0.000104030739749, 5.0752369134e-05, 3.62519313057e-05, 2.69810843747e-05, 2.01306429517e-05, 1.92677707673e-05, 1.32492195917e-05, 1.02749763755e-05, 1.64748598763e-05, 1.96788278117e-05, 1.5868956325e-05, 1.11034250949e-05, 9.98004816211e-06, 9.69091433944e-06, 1.07331097752e-05, 8.99776387087e-06, 8.65390848048e-06, 7.45233637645e-06, 5.69918574911e-06, 5.07048844156e-06, 3.55742213287e-06, 2.20292986342e-06, 1.29153954731e-06], "median": [0.00024970548111, 0.00130166683812, 0.000971116591245, 0.00024289576686, 0.000120311880892, 9.08024812816e-05, 7.19034505892e-05, 6.73399554216e-05, 4.76428140246e-05, 4.20865944761e-05, 3.35783915943e-05, 2.79075848084e-05, 3.91799258068e-05, 2.78356037597e-05, 2.21774844249e-05, 1.93886080524e-05, 2.39033888647e-05, 4.26011538366e-05, 2.80406384263e-05, 1.54642730195e-05, 8.33826470625e-06, 7.88698707765e-06, 7.36899664844e-06, 5.8678010646e-06, 4.64581444248e-06, 6.69089786243e-06, 7.04093781678e-06, 6.11883888268e-06, 3.85123348678e-06, 2.68771213996e-06, 2.73188766187e-06, 3.19901550938e-06, 2.54018755186e-06, 2.53665052696e-06, 2.31075091506e-06, 2.01171565095e-06, 1.82467647392e-06, 1.35935681556e-06, 8.19885315195e-07, 4.05315006446e-07], "min": [5.45097560697e-25, 1.03551641104e-24, 1.21284553861e-24, 2.00464386602e-24, 1.15339915016e-24, 1.89757749459e-24, 2.3787414288e-24, 2.29235346828e-24, 2.80509116578e-24, 1.92349709736e-24, 2.29873752237e-24, 2.26860323301e-24, 2.78774648106e-24, 3.19052446255e-24, 1.84449169162e-24, 2.39748614441e-24, 3.0035123632e-24, 3.25031045562e-24, 2.42830615112e-24, 3.60202566794e-24, 3.52624177293e-24, 3.45977511407e-24, 3.41819110031e-24, 3.37063067633e-24, 4.98660395764e-24, 3.95501528505e-24, 4.92591057731e-24, 5.66338587203e-24, 5.62801295461e-24, 5.04626787448e-24, 5.15897243201e-24, 5.74546645479e-24, 5.43017610591e-24, 5.81663354135e-24, 5.70204991714e-24, 6.67924031943e-24, 6.00362158045e-24, 7.3244157328e-24, 7.15982700467e-24, 6.5867231069e-24], "var": [5.89475348534e-06, 1.82899639185e-05, 3.28534224536e-06, 4.80309665818e-07, 1.64984399476e-07, 1.0030910147e-07, 1.38579494546e-07, 7.56839071414e-08, 5.91571591713e-08, 4.22697112867e-08, 4.41039205157e-08, 8.28616109061e-08, 1.28238070829e-07, 1.83598842796e-07, 1.25555317254e-07, 2.59622794374e-08, 1.72988503522e-08, 2.89166770528e-08, 6.02012439899e-09, 4.69340877274e-09, 4.54071935607e-09, 1.26177657211e-09, 1.0267309225e-09, 4.25554980144e-10, 2.76481892936e-10, 7.31546712096e-10, 8.82405926106e-10, 6.63355093078e-10, 4.284619326e-10, 3.80335984929e-10, 3.87241294586e-10, 4.81065687286e-10, 3.27538052236e-10, 3.304248819e-10, 3.23069626607e-10, 1.55620877296e-10, 1.34026595378e-10, 5.6230915757e-11, 2.40815874186e-11, 1.15708545176e-11]}, "melbands_crest": {"dmean": 2.87550115585, "dmean2": 4.60947179794, "dvar": 8.65105342865, "dvar2": 19.9647369385, "max": 38.9763908386, "mean": 13.2433300018, "median": 12.5895957947, "min": 1.53771626949, "var": 26.1577548981}, "melbands_flatness_db": {"dmean": 0.0251154862344, "dmean2": 0.0383134782314, "dvar": 0.000852034485433, "dvar2": 0.00212774821557, "max": 0.41215890646, "mean": 0.159336745739, "median": 0.15057964623, "min": 0.0036986565683, "var": 0.00370024517179}, "melbands_kurtosis": {"dmean": 8.70977401733, "dmean2": 13.8760786057, "dvar": 419.259033203, "dvar2": 1018.22406006, "max": 374.656219482, "mean": 15.4395856857, "median": 4.43374967575, "min": -1.90558290482, "var": 1249.78527832}, "melbands_skewness": {"dmean": 0.848998963833, "dmean2": 1.27718257904, "dvar": 1.24987351894, "dvar2": 2.99494552612, "max": 15.2401762009, "mean": 2.54780936241, "median": 2.00792598724, "min": -2.64481115341, "var": 5.1889166832}, "melbands_spread": {"dmean": 9.82470035553, "dmean2": 15.0877828598, "dvar": 177.879882813, "dvar2": 379.497283936, "max": 240.169921875, "mean": 35.6051483154, "median": 32.0249176025, "min": 0.966108381748, "var": 697.999145508}, "mfcc": {"cov": [[10498.0400391, 244.404342651, -182.903930664, 6.19925117493, -131.762985229, 122.930664063, -3.07082176208, 83.8875808716, -44.8828353882, 72.9614944458, -60.8338775635, -83.1567687988, -53.712059021], [244.404342651, 1007.35375977, -190.518127441, -118.746437073, -4.38216209412, -12.8431892395, 13.6881742477, -8.5882730484, -21.7653465271, 25.0710639954, -4.44270801544, 20.4593029022, 8.03539276123], [-182.903930664, -190.518127441, 664.493041992, 258.223968506, 120.879966736, 47.1066169739, 42.7204017639, 24.4749298096, 10.5394849777, -24.4264297485, 12.2532949448, -23.2859401703, -20.1511859894], [6.19925117493, -118.746437073, 258.223968506, 400.66192627, 169.063827515, 39.9216156006, -38.2521095276, 18.1837787628, 13.9863510132, -6.71484279633, -6.8644824028, -1.60914576054, 2.00791978836], [-131.762985229, -4.38216209412, 120.879966736, 169.063827515, 231.359664917, 30.4596633911, -42.6949996948, -4.66078138351, 25.2374572754, 13.2116661072, -12.2036447525, -16.5161800385, -8.8748922348], [122.930664063, -12.8431892395, 47.1066169739, 39.9216156006, 30.4596633911, 166.429397583, 67.1250839233, 7.99942207336, 28.3431453705, 13.6504678726, 15.9448843002, -1.26252484322, -23.9660949707], [-3.07082176208, 13.6881742477, 42.7204017639, -38.2521095276, -42.6949996948, 67.1250839233, 172.659500122, 50.2281570435, 5.23870229721, -4.9041466713, 14.8287658691, 13.5855464935, -4.5847325325], [83.8875808716, -8.5882730484, 24.4749298096, 18.1837787628, -4.66078138351, 7.99942207336, 50.2281570435, 92.8830032349, 25.9423160553, 1.07734704216e-05, -3.74152541161, 1.53605782986, 6.63791131973], [-44.8828353882, -21.7653465271, 10.5394849777, 13.9863510132, 25.2374572754, 28.3431453705, 5.23870229721, 25.9423160553, 90.6317596436, 30.7071819305, 2.89024138451, -11.0633029938, -7.72921466827], [72.9614944458, 25.0710639954, -24.4264297485, -6.71484279633, 13.2116661072, 13.6504678726, -4.9041466713, 1.07734704216e-05, 30.7071819305, 85.1314239502, 23.5948219299, -15.0351867676, -6.02792596817], [-60.8338775635, -4.44270801544, 12.2532949448, -6.8644824028, -12.2036447525, 15.9448843002, 14.8287658691, -3.74152541161, 2.89024138451, 23.5948219299, 72.6939468384, 26.2396221161, 5.29989767075], [-83.1567687988, 20.4593029022, -23.2859401703, -1.60914576054, -16.5161800385, -1.26252484322, 13.5855464935, 1.53605782986, -11.0633029938, -15.0351867676, 26.2396221161, 98.3059310913, 37.9757270813], [-53.712059021, 8.03539276123, -20.1511859894, 2.00791978836, -8.8748922348, -23.9660949707, -4.5847325325, 6.63791131973, -7.72921466827, -6.02792596817, 5.29989767075, 37.9757270813, 74.4700698853]], "icov": [[0.000103959217086, -2.45834726229e-05, 2.08599394682e-05, -4.58268441434e-05, 0.000119066775369, -0.000150037871208, 0.000104955688585, -0.000175583452801, 0.000164546057931, -0.000148604667629, 0.000120412092656, 5.05018579133e-05, 4.32572742284e-05], [-2.45834726229e-05, 0.00110912602395, 0.000243861155468, 0.000299806299154, -0.000421756878495, 8.70011208463e-05, -0.000240152425249, 7.9633000496e-06, 0.00038386855158, -0.00043232209282, 0.000233663842664, -0.000325116299791, 3.67486973119e-05], [2.08599394682e-05, 0.000243861155468, 0.00234144087881, -0.00138225790579, -0.000462985830382, 0.000289523246465, -0.00112057302613, 0.000159444243764, -8.02181457402e-05, 0.000922188977711, -0.00102749594953, 0.000862081826199, 0.000314211822115], [-4.58268441434e-05, 0.000299806299154, -0.00138225790579, 0.00489048752934, -0.00260118511505, -0.00106935587246, 0.00163372000679, -0.00157395971473, 0.000686243758537, 9.46740110521e-05, 0.000324785796693, -0.0007928374107, -0.000524477101862], [0.000119066775369, -0.000421756878495, -0.000462985830382, -0.00260118511505, 0.00725641474128, -0.00117512105498, 0.00156120187603, 0.000445971818408, -0.00108268752228, -0.00108509685379, 0.00136084796395, 0.000301474967273, 0.00016840956232], [-0.000150037871208, 8.70011208463e-05, 0.000289523246465, -0.00106935587246, -0.00117512105498, 0.00917394459248, -0.0046002343297, 0.00245865271427, -0.00270591396838, -2.39230685111e-05, -0.0013122423552, -0.000435003952589, 0.00233197608031], [0.000104955688585, -0.000240152425249, -0.00112057302613, 0.00163372000679, 0.00156120187603, -0.0046002343297, 0.0104109495878, -0.00582908838987, 0.00178898649756, 0.000239399450948, -0.000549710355699, -0.00100550695788, 0.000377398595447], [-0.000175583452801, 7.9633000496e-06, 0.000159444243764, -0.00157395971473, 0.000445971818408, 0.00245865271427, -0.00582908838987, 0.0158160999417, -0.00536303687841, 0.000843318761326, 0.00112961058039, 0.000427899940405, -0.00175312324427], [0.000164546057931, 0.00038386855158, -8.02181457402e-05, 0.000686243758537, -0.00108268752228, -0.00270591396838, 0.00178898649756, -0.00536303687841, 0.0155377769843, -0.00536014698446, 0.00106525886804, 4.3044816266e-05, 0.000706397055183], [-0.000148604667629, -0.00043232209282, 0.000922188977711, 9.46740110521e-05, -0.00108509685379, -2.39230685111e-05, 0.000239399450948, 0.000843318761326, -0.00536014698446, 0.0171000882983, -0.00728338072076, 0.00422882754356, -0.000821295368951], [0.000120412092656, 0.000233663842664, -0.00102749594953, 0.000324785796693, 0.00136084796395, -0.0013122423552, -0.000549710355699, 0.00112961058039, 0.00106525886804, -0.00728338072076, 0.019324703142, -0.006365026813, 0.000771714374423], [5.05018579133e-05, -0.000325116299791, 0.000862081826199, -0.0007928374107, 0.000301474967273, -0.000435003952589, -0.00100550695788, 0.000427899940405, 4.3044816266e-05, 0.00422882754356, -0.006365026813, 0.0157479681075, -0.00710881548002], [4.32572742284e-05, 3.67486973119e-05, 0.000314211822115, -0.000524477101862, 0.00016840956232, 0.00233197608031, 0.000377398595447, -0.00175312324427, 0.000706397055183, -0.000821295368951, 0.000771714374423, -0.00710881548002, 0.0180816929787]], "mean": [-630.399230957, 89.9006881714, 7.21985054016, 18.7715492249, 4.7889919281, 16.5901985168, 1.90685200691, 3.82001757622, -2.56455731392, 7.24301862717, -4.47610282898, -2.2244591713, -1.327252388]}, "pitch_salience": {"dmean": 0.0685862898827, "dmean2": 0.111751690507, "dvar": 0.0045833834447, "dvar2": 0.0126401400194, "max": 0.861817359924, "mean": 0.52523458004, "median": 0.522339582443, "min": 0.172261670232, "var": 0.010842660442}, "silence_rate_20dB": {"dmean": 0, "dmean2": 0, "dvar": 0, "dvar2": 0, "max": 1, "mean": 1, "median": 1, "min": 1, "var": 0}, "silence_rate_30dB": {"dmean": 0.00805713236332, "dmean2": 0.0161157399416, "dvar": 0.00799282826483, "dvar2": 0.0239151064306, "max": 1, "mean": 0.995971798897, "median": 1, "min": 0, "var": 0.00401198910549}, "silence_rate_60dB": {"dmean": 0.0146493315697, "dmean2": 0.0293013453484, "dvar": 0.0144338533282, "dvar2": 0.0330178961158, "max": 1, "mean": 0.0586835108697, "median": 0, "min": 0, "var": 0.0552429072559}, "spectral_centroid": {"dmean": 279.574951172, "dmean2": 419.693389893, "dvar": 120636.132813, "dvar2": 259743.46875, "max": 11622.0039063, "mean": 1784.27185059, "median": 1645.28942871, "min": 204.26449585, "var": 1224005}, "spectral_complexity": {"dmean": 4.28492927551, "dmean2": 6.27378463745, "dvar": 33.5681037903, "dvar2": 63.9248046875, "max": 62, "mean": 19.7366104126, "median": 18, "min": 0, "var": 122.582054138}, "spectral_contrast_coeffs": {"dmean": [0.0513115152717, 0.0406374037266, 0.0383322536945, 0.035925924778, 0.0229814257473, 0.0189467985183], "dmean2": [0.0824511796236, 0.0642393752933, 0.0594406463206, 0.0574195049703, 0.0363842621446, 0.0300357658416], "dvar": [0.00190576747991, 0.00123974494636, 0.00104986212682, 0.000932406808715, 0.000431233900599, 0.000366291234968], "dvar2": [0.00489213131368, 0.00307432678528, 0.0023685216438, 0.00220952462405, 0.000954098359216, 0.000902465719264], "max": [-0.344806909561, -0.464023679495, -0.468796133995, -0.514149308205, -0.560093998909, -0.605879068375], "mean": [-0.636929273605, -0.715740263462, -0.724964797497, -0.72434926033, -0.774201095104, -0.757501542568], "median": [-0.63115054369, -0.714629650116, -0.725876569748, -0.717986524105, -0.777947127819, -0.754286289215], "min": [-0.97621768713, -0.980530142784, -0.974102735519, -0.973924875259, -0.969768702984, -0.966258704662], "var": [0.00631132582203, 0.00550289219245, 0.00690076034516, 0.00547412177548, 0.00258228764869, 0.00175515329465]}, "spectral_contrast_valleys": {"dmean": [0.450998067856, 0.352763384581, 0.331235468388, 0.340414404869, 0.30410322547, 0.343724787235], "dmean2": [0.689379513264, 0.553860843182, 0.517323434353, 0.517122447491, 0.429731994867, 0.408615767956], "dvar": [0.179912701249, 0.135842055082, 0.124516837299, 0.152598708868, 0.172188878059, 0.182920470834], "dvar2": [0.366115599871, 0.288882166147, 0.255593508482, 0.305751889944, 0.337416648865, 0.286522656679], "max": [-5.14516353607, -5.09305953979, -5.34278249741, -5.55928850174, -5.26548528671, -6.94870281219], "mean": [-7.56544685364, -7.43611097336, -7.88618850708, -8.12661457062, -7.73739385605, -9.7816286087], "median": [-7.25514650345, -7.12732648849, -7.58415985107, -7.82663440704, -7.46114873886, -9.43195533752], "min": [-27.8372840881, -27.9682941437, -27.9974555969, -27.6335697174, -27.5279273987, -27.450958252], "var": [4.7742805481, 4.56135988235, 4.44989013672, 4.3257856369, 4.48022508621, 4.06462001801]}, "spectral_decrease": {"dmean": 2.77319500697e-09, "dmean2": 4.18663015367e-09, "dvar": 2.80316355645e-17, "dvar2": 6.58005501325e-17, "max": 6.28409614282e-16, "mean": -6.2917471233e-09, "median": -4.93475349472e-09, "min": -4.36290932271e-08, "var": 3.53076485815e-17}, "spectral_energy": {"dmean": 0.0112278191373, "dmean2": 0.0166781507432, "dvar": 0.000430755259003, "dvar2": 0.000990777509287, "max": 0.168695449829, "mean": 0.026475019753, "median": 0.0208797007799, "min": 9.92993732321e-21, "var": 0.00058465951588}, "spectral_energyband_high": {"dmean": 0.00108739361167, "dmean2": 0.00146389030851, "dvar": 5.2361856433e-06, "dvar2": 9.60536817729e-06, "max": 0.0459917113185, "mean": 0.00214452366345, "median": 0.000863007968292, "min": 6.96669768027e-21, "var": 1.35822510856e-05}, "spectral_energyband_low": {"dmean": 0.00798387546092, "dmean2": 0.0129871265963, "dvar": 0.000367352564353, "dvar2": 0.000929151428863, "max": 0.153696209192, "mean": 0.0105855464935, "median": 0.00662411935627, "min": 5.7472540136e-24, "var": 0.000318423029967}, "spectral_energyband_middle_high": {"dmean": 0.00230873236433, "dmean2": 0.00361814768985, "dvar": 9.60646048043e-06, "dvar2": 2.32555230468e-05, "max": 0.0631978735328, "mean": 0.00748850731179, "median": 0.00505933864042, "min": 1.22020580728e-21, "var": 5.69317235204e-05}, "spectral_energyband_middle_low": {"dmean": 0.00337940896861, "dmean2": 0.00549719296396, "dvar": 4.1306429921e-05, "dvar2": 0.00010931831639, "max": 0.0791161209345, "mean": 0.00769238267094, "median": 0.00600179377943, "min": 1.56237385889e-22, "var": 5.11069411004e-05}, "spectral_entropy": {"dmean": 0.148562282324, "dmean2": 0.207871899009, "dvar": 0.0300633497536, "dvar2": 0.0565134398639, "max": 9.82196140289, "mean": 7.80026006699, "median": 7.80173683167, "min": 6.2633433342, "var": 0.163595572114}, "spectral_flux": {"dmean": 0.0306047014892, "dmean2": 0.0425688847899, "dvar": 0.00163950084243, "dvar2": 0.00291839195415, "max": 0.360385417938, "mean": 0.0854605734348, "median": 0.0693785324693, "min": 6.36300595547e-11, "var": 0.00394156482071}, "spectral_kurtosis": {"dmean": 0.742069542408, "dmean2": 1.19279229641, "dvar": 0.728602349758, "dvar2": 1.84812951088, "max": 14.79139328, "mean": 2.46833920479, "median": 2.22535538673, "min": -1.27178990841, "var": 2.28123784065}, "spectral_rms": {"dmean": 0.000898450438399, "dmean2": 0.00125844869763, "dvar": 1.75281559223e-06, "dvar2": 3.59728778676e-06, "max": 0.012828909792, "mean": 0.0046276957728, "median": 0.00451336242259, "min": 3.11251393582e-12, "var": 4.41385464001e-06}, "spectral_rolloff": {"dmean": 724.00012207, "dmean2": 1221.98803711, "dvar": 1371878.875, "dvar2": 3437539, "max": 21748.5351563, "mean": 2377.66894531, "median": 1744.18945313, "min": 107.666015625, "var": 7695869}, "spectral_skewness": {"dmean": 0.145129352808, "dmean2": 0.219288811088, "dvar": 0.0226778555661, "dvar2": 0.0483600236475, "max": 2.70415520668, "mean": 1.21597647667, "median": 1.23636090755, "min": -0.121459968388, "var": 0.132687494159}, "spectral_spread": {"dmean": 613277.25, "dmean2": 846319.375, "dvar": 701108846592, "dvar2": 1442117844990.0, "max": 42828904, "mean": 5751938.5, "median": 5333795, "min": 2486519.25, "var": 120029729