{"lowlevel": {"average_loudness": 0.895402252674, "barkbands": {"dmean": [0.000133795634611, 0.00271392520517, 0.00117663340643, 0.00164353684522, 0.00118995609228, 0.000500616326462, 0.000400727964006, 0.000311801151838, 0.000875335012097, 0.000764956814237, 0.000650877133012, 0.000685552950017, 0.000839940097649, 0.000867795257363, 0.000584112247452, 0.000564464484341, 0.000444895733381, 0.000286972441245, 0.000165168981766, 9.8720061942e-05, 7.77716704761e-05, 7.44320423109e-05, 6.6666980274e-05, 3.28458954755e-05, 1.59157734743e-05, 1.08991253001e-05, 4.75278511658e-06], "dmean2": [0.000218479093746, 0.00415060902014, 0.00211553345434, 0.00296334247105, 0.00208009104244, 0.000819078763016, 0.000661519879941, 0.000506484764628, 0.00129097118042, 0.00117422430776, 0.0010041964706, 0.00108546565752, 0.00131589174271, 0.00133362680208, 0.000909404654521, 0.000885110406671, 0.000701322394889, 0.000457509944681, 0.000263728114078, 0.000158267081133, 0.000125298305647, 0.000118973017379, 0.000105553168396, 5.14909042977e-05, 2.44448456215e-05, 1.71015108208e-05, 8.25655843073e-06], "dvar": [4.14043164199e-08, 2.23257029575e-05, 5.59564341529e-06, 2.05749147426e-05, 9.72963789536e-06, 8.59749036408e-07, 6.23854759851e-07, 4.36955190253e-07, 2.83646863863e-06, 3.324864565e-06, 1.70955649992e-06, 1.52377799623e-06, 4.45270143246e-06, 2.69376641882e-06, 1.44466321217e-06, 8.87121984761e-07, 5.48452817384e-07, 2.33223246937e-07, 9.25935239593e-08, 2.06058032859e-08, 1.67234812665e-08, 3.97285973008e-08, 3.11577785794e-08, 5.99379390565e-09, 1.31640420786e-09, 7.69458941008e-10, 2.40266445628e-10], "dvar2": [1.0049881638e-07, 5.01176291436e-05, 1.54507106345e-05, 5.70546872041e-05, 2.72748657153e-05, 2.1702446702e-06, 1.60540730576e-06, 1.07110747649e-06, 6.01696319791e-06, 7.47718331695e-06, 3.79619791602e-06, 3.66291965292e-06, 9.76549017651e-06, 5.66060407436e-06, 3.27339284922e-06, 2.07102607419e-06, 1.20473862353e-06, 5.57074429253e-07, 2.10769428577e-07, 5.0956188602e-08, 4.24512478503e-08, 1.04442499094e-07, 8.11478884089e-08, 1.50786902964e-08, 3.32352789734e-09, 1.97725391615e-09, 6.46571296503e-10], "max": [0.0024496759288, 0.0534089393914, 0.0243936423212, 0.0514839813113, 0.048345208168, 0.020086299628, 0.0175782795995, 0.0168552193791, 0.0472283400595, 0.0467551462352, 0.0383301153779, 0.0266180038452, 0.0697483196855, 0.0390975810587, 0.030599212274, 0.0216649379581, 0.0336259193718, 0.0121365310624, 0.0109760658816, 0.00390747562051, 0.0018702421803, 0.00424120854586, 0.00280006672256, 0.0018543638289, 0.000601163832471, 0.000446368823759, 0.000181776355021], "mean": [0.000195357089979, 0.0035618187394, 0.0011576928664, 0.00148538779467, 0.00149565155152, 0.000885752320755, 0.000709658139385, 0.000515277322847, 0.00184691557661, 0.00146654120181, 0.00123141845688, 0.00134699232876, 0.00165976257995, 0.00164180214051, 0.00110309699085, 0.00116531818639, 0.000963759142905, 0.000660818826873, 0.000389552355045, 0.000245655653998, 0.000176814864972, 0.000115911578177, 0.000103886719444, 5.44053909834e-05, 3.06214024022e-05, 1.50781352204e-05, 3.55545876118e-06], "median": [0.000121408578707, 0.00173281901516, 0.000538109103218, 0.000533878570423, 0.000767680234276, 0.000505064148456, 0.000458564347355, 0.000272442353889, 0.000915815413464, 0.000617658079136, 0.00066941708792, 0.000793242477812, 0.000698486168403, 0.000816285028122, 0.000559474574402, 0.000730757659767, 0.00060307153035, 0.000401203462388, 0.000226857882808, 0.00017208213103, 0.000121910386952, 5.686278746e-05, 4.98791523569e-05, 2.76210266748e-05, 1.69043560163e-05, 5.04648141941e-06, 2.10010782098e-07], "min": [2.61599525679e-13, 1.72310245499e-13, 1.01399845551e-13, 1.43288647007e-13, 2.81816589379e-13, 6.46533933162e-13, 2.45267478202e-12, 2.26153297478e-12, 5.75608354383e-13, 7.91830956273e-13, 9.05634725198e-13, 3.44911664334e-12, 3.5474919443e-12, 3.36398682348e-12, 3.71535050989e-12, 3.92040176364e-12, 1.00475064466e-12, 1.67792743675e-12, 1.85671421814e-12, 1.07718113943e-11, 4.28736560143e-12, 2.4824101108e-12, 5.32721479776e-12, 3.81622988418e-12, 4.2840045747e-12, 5.07238738859e-12, 5.06494152175e-12], "var": [4.47626611333e-08, 2.66144961643e-05, 3.98967722504e-06, 1.34769770739e-05, 7.23007542547e-06, 1.4874971157e-06, 8.73654471434e-07, 7.20970945167e-07, 8.32416480989e-06, 9.41256075748e-06, 4.4964067456e-06, 3.58705619874e-06, 1.87740661204e-05, 6.54608902551e-06, 3.21390280078e-06, 2.08130222745e-06, 1.56487908498e-06, 6.93490164849e-07, 3.24520442518e-07, 5.9238001171e-08, 3.14046140204e-08, 4.03919493408e-08, 3.30186118447e-08, 7.6974817631e-09, 1.79326176131e-09, 8.39189828739e-10, 1.67283631392e-10]}, "barkbands_crest": {"dmean": 2.41745400429, "dmean2": 3.88926720619, "dvar": 5.71492576599, "dvar2": 14.1354122162, "max": 23.6684455872, "mean": 7.39519262314, "median": 6.3924498558, "min": 2.24777197838, "var": 12.9748058319}, "barkbands_flatness_db": {"dmean": 0.01442452427, "dmean2": 0.022174442187, "dvar": 0.000189877784578, "dvar2": 0.000446606980404, "max": 0.307959586382, "mean": 0.0950734317303, "median": 0.0911137461662, "min": 0.0206739939749, "var": 0.00105975789484}, "barkbands_kurtosis": {"dmean": 0.836015760899, "dmean2": 1.3546769619, "dvar": 1.73565971851, "dvar2": 4.37645292282, "max": 30.8754119873, "mean": 0.0392853543162, "median": -0.480528116226, "min": -1.70807611942, "var": 3.18880057335}, "barkbands_skewness": {"dmean": 0.392373472452, "dmean2": 0.593842566013, "dvar": 0.180346876383, "dvar2": 0.400178223848, "max": 3.84771418571, "mean": 0.252589792013, "median": 0.208600580692, "min": -2.37953567505, "var": 0.552625656128}, "barkbands_spread": {"dmean": 4.6882185936, "dmean2": 7.16842460632, "dvar": 20.0040454865, "dvar2": 44.3723449707, "max": 81.6151885986, "mean": 26.4321994781, "median": 26.2284526825, "min": 1.3343859911, "var": 79.4030685425}, "dissonance": {"dmean": 0.0111966300756, "dmean2": 0.0191444139928, "dvar": 0.000175492285052, "dvar2": 0.000471717561595, "max": 0.500000119209, "mean": 0.482366353273, "median": 0.486855447292, "min": 0.310633897781, "var": 0.000273940182524}, "dynamic_complexity": 2.07266521454, "erbbands": {"dmean": [0.0893497094512, 0.603871226311, 1.13108205795, 3.94314432144, 4.18804836273, 4.37471342087, 3.66695475578, 4.8801240921, 5.535115242, 6.28130483627, 7.82016944885, 22.9259567261, 19.4906005859, 22.5736198425, 25.0755901337, 27.8854999542, 40.55260849, 34.3616867065, 37.812412262, 29.4687767029, 28.4094867706, 22.8972110748, 15.0907840729, 10.82563591, 6.06124925613, 4.78240394592, 3.55738782883, 2.95989561081, 2.73077178001, 2.40853738785, 1.7952234745, 0.837596058846, 0.503909468651, 0.234489172697, 0.0887509137392, 0.0456111095846, 0.0204588565975, 0.00654354086146, 0.000820423534606, 3.43782521668e-05], "dmean2": [0.132765293121, 0.970136404037, 1.96306788921, 7.11068677902, 7.34387350082, 7.689412117, 6.35632038116, 7.89635944366, 9.36152267456, 9.97130680084, 12.4190864563, 33.5729103088, 29.8401222229, 34.3687324524, 38.5575141907, 43.5391998291, 62.6522979736, 52.6535758972, 58.6790046692, 45.7484550476, 44.5931396484, 36.1514358521, 23.8291988373, 17.1480998993, 9.65930652618, 7.68130636215, 5.80439949036, 4.71557760239, 4.36766004562, 3.84733200073, 2.86042785645, 1.31751203537, 0.801581859589, 0.369642972946, 0.13464872539, 0.0693400800228, 0.0332074910402, 0.010976979509, 0.0014349820558, 5.79226834816e-05], "dvar": [0.0232724007219, 1.18441319466, 4.30803251266, 110.969261169, 111.315589905, 136.163314819, 72.1845550537, 94.3682632446, 105.444831848, 176.935806274, 195.474365234, 2180.37866211, 2413.20678711, 2143.01513672, 2639.19384766, 2449.84667969, 9992.38671875, 5125.328125, 5844.25292969, 2655.59106445, 2043.01879883, 1221.42822266, 560.798583984, 355.138031006, 90.8861694336, 49.7352294922, 30.8051548004, 32.3442306519, 52.8113517761, 43.8792381287, 22.8588867188, 4.27126741409, 1.31133556366, 0.328671753407, 0.0333417616785, 0.010734340176, 0.00301570328884, 0.000390564382542, 7.48176580601e-06, 9.30702448443e-09], "dvar2": [0.0500688105822, 2.80542588234, 11.6431446075, 305.408935547, 308.019226074, 383.853485107, 199.945236206, 235.382369995, 276.509002686, 429.282745361, 480.006896973, 4456.80615234, 5394.76074219, 4558.01708984, 5642.9765625, 5737.37646484, 22279.2324219, 11011.5654297, 13350.3769531, 5722.31591797, 4767.77490234, 2799.82836914, 1357.11962891, 853.805786133, 213.39680481, 124.431091309, 80.2393798828, 82.0836639404, 139.333404541, 114.437957764, 59.3695068359, 10.655711174, 3.33139538765, 0.856416761875, 0.0798050761223, 0.0257929060608, 0.00800394453108, 0.00104242586531, 2.02060728043e-05, 2.49606006975e-08], "max": [1.58509504795, 13.24401474, 21.0000686646, 116.016311646, 159.902694702, 139.302078247, 162.485656738, 241.517669678, 199.690322876, 285.288726807, 405.574279785, 1322.85583496, 1686.19311523, 1219.16296387, 1836.99316406, 1054.45690918, 3800.23266602, 2230.1237793, 1955.45129395, 1296.36877441, 1101.20422363, 935.461669922, 520.175842285, 421.444732666, 263.006408691, 133.671112061, 98.8187713623, 102.502410889, 146.409988403, 120.136505127, 98.2353591919, 55.2456321716, 18.8291492462, 10.5706090927, 2.62538146973, 2.10177779198, 0.948915958405, 0.291531533003, 0.0391374789178, 0.00131617253646], "mean": [0.107952281833, 0.768006563187, 1.33565533161, 3.50583338737, 4.796667099, 5.09977912903, 5.05394411087, 8.57062625885, 9.44937896729, 12.0626459122, 15.4700050354, 46.8114585876, 39.7588195801, 48.2123413086, 50.5932312012, 59.4821662903, 86.3111877441, 68.6983795166, 74.9699630737, 62.044303894, 63.0731658936, 53.8420524597, 37.3027534485, 26.7754802704, 15.7459945679, 11.9518184662, 8.4181137085, 6.10334348679, 4.40309095383, 3.53372168541, 2.77050089836, 1.35903966427, 0.828418672085, 0.417990803719, 0.175845861435, 0.0754667371511, 0.0254687573761, 0.00619562668726, 0.000612743140664, 4.95798522024e-05], "median": [0.0397978127003, 0.397033244371, 0.765859186649, 1.28382205963, 2.39187979698, 2.30861663818, 2.52367830276, 4.81495380402, 6.15693759918, 6.89921569824, 9.66306018829, 21.1154937744, 20.0043201447, 27.4286308289, 28.792137146, 35.5865249634, 39.0913925171, 36.7652397156, 38.7236976624, 35.2992591858, 40.43516922, 36.2180404663, 23.8492279053, 15.7551136017, 10.3060073853, 8.30818939209, 5.92352104187, 3.92526197433, 2.22878789902, 1.62886190414, 1.29888021946, 0.672145545483, 0.433575212955, 0.224968567491, 0.0952053666115, 0.0311907231808, 0.00730672199279, 0.00105566601269, 4.95849672006e-05, 3.07659065584e-05], "min": [7.38947705109e-12, 3.2252131521e-11, 9.607255963e-11, 3.51468160131e-10, 7.22401360953e-10, 8.94043505895e-10, 1.59960877877e-09, 7.57665219453e-09, 2.77899641077e-08, 4.61014799669e-08, 4.20634407305e-08, 1.12866027635e-08, 2.62984229948e-08, 3.19221058476e-08, 5.78249732541e-08, 1.4743545762e-07, 1.94390651131e-07, 1.55138053515e-07, 1.75265029156e-07, 1.90754789742e-07, 2.33279891404e-07, 8.2641143706e-08, 7.74963453409e-08, 8.17997616309e-08, 1.77355133246e-07, 5.60888622658e-07, 2.58061874092e-07, 1.2471478783e-07, 7.45104031807e-08, 1.40813767757e-07, 1.2178021791e-07, 1.10224426919e-07, 5.20220204692e-08, 3.06131049399e-08, 3.82880749328e-08, 2.71379008154e-08, 6.43466746553e-09, 2.83826073755e-09, 8.85773621118e-10, 6.85728487881e-11], "var": [0.0293489135802, 1.25852549076, 3.48492455482, 72.9002151489, 79.9493179321, 99.5755615234, 75.1917724609, 162.992980957, 141.295684814, 320.752716064, 415.403839111, 6068.72705078, 6457.30761719, 6492.66796875, 7075.45996094, 6553.58691406, 46098.125, 11369.3974609, 13343.8339844, 7063.76513672, 5582.60986328, 3690.17700195, 1794.33154297, 1198.03479004, 327.827667236, 142.082611084, 67.1931610107, 49.9357719421, 53.8467941284, 43.6437301636, 24.3629188538, 5.37074995041, 1.66869616508, 0.386434614658, 0.0557700842619, 0.0153424395248, 0.0028880208265, 0.000304395158309, 5.12062933922e-06, 6.91757540139e-09]}, "erbbands_crest": {"dmean": 2.32574915886, "dmean2": 3.72902536392, "dvar": 6.00476360321, "dvar2": 13.7932882309, "max": 31.4791526794, "mean": 8.38776111603, "median": 6.97339105606, "min": 2.55591201782, "var": 20.4042224884}, "erbbands_flatness_db": {"dmean": 0.0179975889623, "dmean2": 0.0252363141626, "dvar": 0.000328134949086, "dvar2": 0.000620859558694, "max": 0.397360593081, "mean": 0.17201025784, "median": 0.169054567814, "min": 0.0601407699287, "var": 0.00194983824622}, "erbbands_kurtosis": {"dmean": 0.846277475357, "dmean2": 1.32033193111, "dvar": 1.60000133514, "dvar2": 3.55242061615, "max": 30.7099838257, "mean": 0.951737761497, "median": 0.338768810034, "min": -1.57967984676, "var": 5.14615106583}, "erbbands_skewness": {"dmean": 0.282376110554, "dmean2": 0.429844647646, "dvar": 0.0647613629699, "dvar2": 0.147790491581, "max": 4.62278175354, "mean": -0.0835553184152, "median": -0.115750104189, "min": -2.75390958786, "var": 0.354795068502}, "erbbands_spread": {"dmean": 5.66339349747, "dmean2": 8.78343296051, "dvar": 67.3928451538, "dvar2": 159.986968994, "max": 110.273017883, "mean": 24.1038570404, "median": 22.0651435852, "min": 2.65522456169, "var": 150.224319458}, "gfcc": {"cov": [[1948.53344727, -537.449523926, 338.237091064, 151.62197876, 15.6130714417, 42.2019577026, -51.6955337524, -5.05462026596, -50.9122581482, 46.8558654785, -116.452919006, 35.1936836243, -110.724311829], [-537.449523926, 634.709777832, -148.228713989, -19.916809082, 48.2252693176, -46.5754699707, 33.6713142395, -9.69897651672, 59.7901306152, -46.9528808594, 76.0316848755, -55.7806625366, 76.3355636597], [338.237091064, -148.228713989, 554.224609375, 88.4836425781, -45.1032218933, 42.5368385315, -60.2583656311, -26.1643486023, -5.98354911804, 22.3197078705, -51.4540710449, 44.1657295227, -51.185546875], [151.62197876, -19.916809082, 88.4836425781, 206.982818604, 4.44421005249, 8.37378311157, -46.4725799561, -9.90953540802, 0.167355209589, 1.72002768517, -4.46118116379, -5.30189800262, -7.80609989166], [15.6130714417, 48.2252693176, -45.1032218933, 4.44421005249, 194.198822021, 13.5756473541, 46.3703651428, 11.3395299911, 7.98429250717, 20.8242111206, 13.2685985565, 7.37540817261, 2.53404760361], [42.2019577026, -46.5754699707, 42.5368385315, 8.37378311157, 13.5756473541, 102.841163635, 32.8724861145, 13.0629730225, -4.93130159378, 8.01431941986, 2.69055366516, 9.67529392242, -6.42642498016], [-51.6955337524, 33.6713142395, -60.2583656311, -46.4725799561, 46.3703651428, 32.8724861145, 141.162139893, 58.3095741272, 4.05830860138, -17.1267261505, 9.49009132385, -4.62835073471, -3.67243051529], [-5.05462026596, -9.69897651672, -26.1643486023, -9.90953540802, 11.3395299911, 13.0629730225, 58.3095741272, 119.738677979, 33.6301727295, 14.3946743011, -4.47160577774, 4.5671749115, 2.64197921753], [-50.9122581482, 59.7901306152, -5.98354911804, 0.167355209589, 7.98429250717, -4.93130159378, 4.05830860138, 33.6301727295, 83.6304168701, 25.7422943115, 8.1233663559, -8.85653114319, 16.4631958008], [46.8558654785, -46.9528808594, 22.3197078705, 1.72002768517, 20.8242111206, 8.01431941986, -17.1267261505, 14.3946743011, 25.7422943115, 76.4737167358, 19.704202652, 19.6543712616, -2.30806064606], [-116.452919006, 76.0316848755, -51.4540710449, -4.46118116379, 13.2685985565, 2.69055366516, 9.49009132385, -4.47160577774, 8.1233663559, 19.704202652, 68.4598464966, 18.1793441772, 14.9420881271], [35.1936836243, -55.7806625366, 44.1657295227, -5.30189800262, 7.37540817261, 9.67529392242, -4.62835073471, 4.5671749115, -8.85653114319, 19.6543712616, 18.1793441772, 60.9237518311, 13.0313673019], [-110.724311829, 76.3355636597, -51.185546875, -7.80609989166, 2.53404760361, -6.42642498016, -3.67243051529, 2.64197921753, 16.4631958008, -2.30806064606, 14.9420881271, 13.0313673019, 62.9928665161]], "icov": [[0.000782795308623, 0.000450673804153, -0.000177976020495, -0.000443558412371, -0.000211589955143, 9.65834769886e-05, -0.000122432626085, 0.000113978421723, 2.81051507045e-05, -0.000283064640826, 0.000753657601308, -0.00018870367785, 0.000479224167066], [0.000450673804153, 0.00376815837808, -0.000820225977805, 0.00020817706536, -0.00128514575772, 0.00118817004841, -4.82064024254e-05, -5.85778616369e-05, -0.00144977448508, 0.00291156535968, -0.00499540846795, 0.00487648975104, -0.00358056556433], [-0.000177976020495, -0.000820225977805, 0.00317852618173, -0.00106716598384, 0.000959345663432, -0.00132318644319, 0.000273984594969, 0.00113523681648, -0.00119893695228, -0.000813977036159, 0.00374715216458, -0.00475213583559, 0.00330416834913], [-0.000443558412371, 0.00020817706536, -0.00106716598384, 0.00625981111079, -0.00109199481085, -0.000801374728326, 0.00300317793153, -0.00143955007661, 0.000151095402543, 0.00180886359885, -0.00274783745408, 0.00279566925019, -0.000825472350698], [-0.000211589955143, -0.00128514575772, 0.000959345663432, -0.00109199481085, 0.00672797113657, -0.00032334952266, -0.00316006573848, 0.00152290600818, 0.000116697126941, -0.00365028576925, 0.00249099871144, -0.00274427630939, 0.00109049910679], [9.65834769886e-05, 0.00118817004841, -0.00132318644319, -0.000801374728326, -0.00032334952266, 0.0120913814753, -0.00390903605148, 0.000162258089404, 0.000948534696363, -0.00120206386782, -0.00179163378198, 0.00111914996523, -0.00153117941227], [-0.000122432626085, -4.82064024254e-05, 0.000273984594969, 0.00300317793153, -0.00316006573848, -0.00390903605148, 0.0141008803621, -0.00695622526109, 0.000390409753891, 0.00623129028827, -0.00408728513867, 0.00151012721471, 0.00206354237162], [0.000113978421723, -5.85778616369e-05, 0.00113523681648, -0.00143955007661, 0.00152290600818, 0.000162258089404, -0.00695622526109, 0.0139331212267, -0.00526172947139, -0.00345804169774, 0.00513928662986, -0.00422269618139, 0.000883717497345], [2.81051507045e-05, -0.00144977448508, -0.00119893695228, 0.000151095402543, 0.000116697126941, 0.000948534696363, 0.000390409753891, -0.00526172947139, 0.0192248784006, -0.00781650375575, -0.00023013514874, 0.00633389223367, -0.00538024259731], [-0.000283064640826, 0.00291156535968, -0.000813977036159, 0.00180886359885, -0.00365028576925, -0.00120206386782, 0.00623129028827, -0.00345804169774, -0.00781650375575, 0.0241284649819, -0.0106318602338, -0.00118265545461, 0.00176292448305], [0.000753657601308, -0.00499540846795, 0.00374715216458, -0.00274783745408, 0.00249099871144, -0.00179163378198, -0.00408728513867, 0.00513928662986, -0.00023013514874, -0.0106318602338, 0.030687507242, -0.0154952052981, 0.00494261458516], [-0.00018870367785, 0.00487648975104, -0.00475213583559, 0.00279566925019, -0.00274427630939, 0.00111914996523, 0.00151012721471, -0.00422269618139, 0.00633389223367, -0.00118265545461, -0.0154952052981, 0.0342631340027, -0.0143775520846], [0.000479224167066, -0.00358056556433, 0.00330416834913, -0.000825472350698, 0.00109049910679, -0.00153117941227, 0.00206354237162, 0.000883717497345, -0.00538024259731, 0.00176292448305, 0.00494261458516, -0.0143775520846, 0.0267944522202]], "mean": [23.1121368408, 91.8383483887, -148.690979004, 27.7052631378, -45.4791641235, 22.0276145935, -32.5003204346, 11.4947633743, -20.1160373688, 1.40279233456, -15.2645654678, 0.839555859566, -9.08058071136]}, "hfc": {"dmean": 6.13301610947, "dmean2": 9.05961608887, "dvar": 57.5846748352, "dvar2": 124.129486084, "max": 134.661972046, "mean": 26.4458427429, "median": 22.6161842346, "min": 4.1767248149e-07, "var": 295.244293213}, "melbands": {"dmean": [0.000779454887379, 0.000611161114648, 0.000677758886013, 0.000286708440399, 0.000146507489262, 0.000104182530777, 8.2671889686e-05, 6.74188268022e-05, 7.83443829278e-05, 0.000136983944685, 0.000101711404568, 9.69413449639e-05, 9.42865517572e-05, 6.88227737555e-05, 0.000109019805677, 6.93608380971e-05, 6.91797904437e-05, 7.21935066395e-05, 4.15315189457e-05, 3.9168226067e-05, 3.7596331822e-05, 2.72706365649e-05, 1.99070200324e-05, 1.35452273753e-05, 9.53355811362e-06, 6.41102224108e-06, 3.8905322981e-06, 3.36780885846e-06, 2.79212122223e-06, 1.92200468518e-06, 1.77453239303e-06, 1.68351107277e-06, 1.41975704082e-06, 1.3947106936e-06, 1.21218045024e-06, 7.00865939507e-07, 4.63805776008e-07, 3.82860775971e-07, 2.77859783182e-07, 1.84544617809e-07], "dmean2": [0.00116636103485, 0.00100968289189, 0.00120986090042, 0.000501093396451, 0.000254623359069, 0.000168986545759, 0.000138988136314, 0.000107688669232, 0.000120188436995, 0.000201894086786, 0.000155896268552, 0.000147568352986, 0.000144410922076, 0.000111703739094, 0.000165107529028, 0.000108129061118, 0.000106921404949, 0.00011254724086, 6.43747262075e-05, 6.07615002082e-05, 5.97841790295e-05, 4.33394416177e-05, 3.20506987919e-05, 2.18384066102e-05, 1.51965350597e-05, 1.02856729427e-05, 6.31959937891e-06, 5.48100206288e-06, 4.63062997369e-06, 3.14022236125e-06, 2.85118971988e-06, 2.72951433544e-06, 2.3128425255e-06, 2.25143526222e-06, 1.95905727196e-06, 1.11512304102e-06, 7.37260052119e-07, 6.16009117493e-07, 4.46006794164e-07, 2.96689535162e-07], "dvar": [1.80364077096e-06, 1.04474645468e-06, 3.12462452712e-06, 5.57401847345e-07, 1.27178424236e-07, 3.96078227993e-08, 2.47358400429e-08, 2.07333279434e-08, 1.83746475813e-08, 8.04599551429e-08, 6.44006519224e-08, 4.2690704305e-08, 3.58382052923e-08, 1.93267304383e-08, 5.78292080888e-08, 2.55402969884e-08, 2.11348165635e-08, 2.17265494484e-08, 6.55362875079e-09, 6.01386096477e-09, 4.01987509946e-09, 2.05074091042e-09, 1.16803788863e-09, 6.73542721596e-10, 2.85292789393e-10, 1.53753204613e-10, 3.50247122971e-11, 2.51302086779e-11, 1.88173816806e-11, 9.82155936441e-12, 1.31068315923e-11, 1.89098649933e-11, 1.67939152168e-11, 1.45810013369e-11, 1.08548153105e-11, 3.08594339318e-12, 1.28891916671e-12, 7.19724789749e-13, 4.79051043625e-13, 1.98543289556e-13], "dvar2": [3.98666315959e-06, 2.52865970651e-06, 8.56205679156e-06, 1.5596041294e-06, 3.54019874749e-07, 9.91660442651e-08, 6.43688693458e-08, 4.98927725801e-08, 4.12201472955e-08, 1.65299837818e-07, 1.43943310604e-07, 8.99273473465e-08, 7.65519558854e-08, 4.81433062305e-08, 1.18908261015e-07, 5.74473446591e-08, 4.54264643679e-08, 4.91324669838e-08, 1.43513396722e-08, 1.33176021322e-08, 9.17696230118e-09, 4.61916460637e-09, 2.80319145674e-09, 1.6095849098e-09, 6.94421964376e-10, 3.42046307944e-10, 8.63369653548e-11, 6.3638344594e-11, 5.0232443205e-11, 2.53298684111e-11, 3.34149548309e-11, 5.0211484276e-11, 4.49507583933e-11, 3.83444977159e-11, 2.87003493887e-11, 7.7800274903e-12, 3.25485623696e-12, 1.83510780356e-12, 1.2290868193e-12, 5.24239397552e-13], "max": [0.0138906743377, 0.0113689843565, 0.0193095821887, 0.0123160043731, 0.00604997389019, 0.00475653307512, 0.0035197052639, 0.00362864020281, 0.00371296983212, 0.00904926098883, 0.00858882069588, 0.00520899239928, 0.00575369596481, 0.0039663342759, 0.00618341704831, 0.0056213256903, 0.00414630910382, 0.00337886926718, 0.00228539248928, 0.00216049980372, 0.00198435341008, 0.00147951883264, 0.00096229929477, 0.000795939995442, 0.00039220644976, 0.000469194346806, 0.000250613054959, 8.67038106662e-05, 7.56310328143e-05, 4.52198983112e-05, 6.92037428962e-05, 8.66487098392e-05, 0.00011843318498, 6.1100210587e-05, 7.42368647479e-05, 4.62489515485e-05, 2.93919038086e-05, 1.20331524158e-05, 1.64528864843e-05, 7.05124875822e-06], "mean": [0.000991513486952, 0.000829537457321, 0.000659610028379, 0.000347918801708, 0.000195370477741, 0.000186007178854, 0.000145569341839, 0.000126827071654, 0.000156909023644, 0.000280388398096, 0.000196782246348, 0.000198271256522, 0.000181465249625, 0.000126401850139, 0.000222928734729, 0.000140949661727, 0.0001278778509, 0.000130619489937, 8.18525950308e-05, 7.66256416682e-05, 7.46879886719e-05, 5.69233343413e-05, 4.20876167482e-05, 2.92718232231e-05, 2.11187307286e-05, 1.39965623021e-05, 8.73706721904e-06, 7.57003545004e-06, 5.78619028602e-06, 4.05760783906e-06, 3.2432315038e-06, 2.62902699433e-06, 1.93832124751e-06, 1.99580540539e-06, 1.77744880148e-06, 1.08386086595e-06, 7.14563157089e-07, 5.99929364853e-07, 4.61418835584e-07, 3.18426145896e-07], "median": [0.000433167908341, 0.000499882502481, 0.000285545742372, 0.000177337948116, 9.89190011751e-05, 0.000106888510345, 9.80265758699e-05, 7.19804083928e-05, 9.20879392652e-05, 0.000129557258333, 9.08215733944e-05, 0.000103811224108, 9.62630001595e-05, 7.61970804888e-05, 9.98681789497e-05, 6.3372135628e-05, 6.22944789939e-05, 6.1672180891e-05, 4.23951460107e-05, 4.41660959041e-05, 4.39219984401e-05, 3.59613550245e-05, 2.64113514277e-05, 1.67465077539e-05, 1.19473534141e-05, 8.01671285444e-06, 6.2890198933e-06, 5.01950944454e-06, 3.70191946786e-06, 2.85172950498e-06, 1.87890736925e-06, 1.31324918584e-06, 8.29562054605e-07, 9.01093812899e-07, 8.08549771136e-07, 5.115194881e-07, 3.37907977155e-07, 3.10289124172e-07, 2.36748576299e-07, 1.6926694002e-07], "min": [7.01430558601e-14, 4.85619743474e-14, 7.01355613126e-14, 6.03094573522e-14, 5.31319915365e-14, 1.71714774561e-13, 4.41427981408e-13, 5.13224879262e-13, 2.97390557276e-13, 6.75990974352e-14, 1.27157887084e-13, 1.19873444396e-13, 1.45188982364e-13, 3.69493552508e-13, 3.71294656262e-13, 3.63044013255e-13, 2.83713482395e-13, 2.92581659855e-13, 2.54419423897e-13, 1.93031341237e-13, 3.03886527487e-13, 7.79469465861e-14, 5.30087075851e-14, 8.80832340118e-14, 5.67745889635e-14, 9.56051373052e-14, 2.35091595713e-13, 4.11861490008e-13, 1.52438960977e-13, 1.30960848177e-13, 5.08956415966e-14, 4.1823674786e-14, 4.64592726541e-14, 9.57371931298e-14, 6.75420074145e-14, 7.73850723627e-14, 7.4512641337e-14, 4.20422126746e-14, 2.53372152361e-14, 2.41588687396e-14], "var": [2.21504365072e-06, 1.09008135496e-06, 2.11036490327e-06, 3.98920150246e-07, 1.18928404902e-07, 6.94560142733e-08, 3.29508829111e-08, 3.62255505593e-08, 4.46501999818e-08, 2.18641986294e-07, 1.76682974029e-07, 1.31123755409e-07, 1.00920232171e-07, 3.40618306893e-08, 2.06121058e-07, 1.08228782381e-07, 4.52137385309e-08, 4.88214517702e-08, 1.68987295268e-08, 1.30636825801e-08, 1.02737365282e-08, 5.50806467103e-09, 2.8963969001e-09, 1.71438108154e-09, 8.50109260764e-10, 5.15660791844e-10, 8.630268028e-11, 6.40971511978e-11, 4.01381011761e-11, 1.65940317043e-11, 1.82125148296e-11, 1.91034982971e-11, 1.53733831221e-11, 1.42516432683e-11, 1.08365972445e-11, 3.74512226786e-12, 1.54616597303e-12, 8.79571263913e-13, 5.95950914485e-13, 2.25161984327e-13]}, "melbands_crest": {"dmean": 3.32695364952, "dmean2": 5.20370435715, "dvar": 10.5176315308, "dvar2": 24.9837493896, "max": 31.4918842316, "mean": 10.4273872375, "median": 9.34557533264, "min": 2.71355009079, "var": 21.340795517}, "melbands_flatness_db": {"dmean": 0.0190075039864, "dmean2": 0.0293647944927, "dvar": 0.000359900965123, "dvar2": 0.000849140400533, "max": 0.342273145914, "mean": 0.144735455513, "median": 0.140022993088, "min": 0.0244527496397, "var": 0.00147556595039}, "melbands_kurtosis": {"dmean": 2.26715087891, "dmean2": 3.71680498123, "dvar": 21.8752040863, "dvar2": 55.812538147, "max": 82.0484924316, "mean": 1.96756374836, "median": 0.487254619598, "min": -1.75863611698, "var": 23.8240795135}, "melbands_skewness": {"dmean": 0.547763049603, "dmean2": 0.833104014397, "dvar": 0.439580261707, "dvar2": 0.996671974659, "max": 8.34058189392, "mean": 1.05301582813, "median": 0.893723189831, "min": -2.30276441574, "var": 1.05153179169}, "melbands_spread": {"dmean": 7.23843479156, "dmean2": 11.2791824341, "dvar": 50.3508605957, "dvar2": 119.891975403, "max": 115.749801636, "mean": 38.6026496887, "median": 38.5120735168, "min": 1.78503215313, "var": 186.228500366}, "mfcc": {"cov": [[1716.13195801, -463.945892334, 143.883987427, 102.981338501, 48.2677116394, 52.3542785645, -15.5655641556, -4.18107223511, 5.3369641304, -7.91246843338, 38.3120269775, -39.7249526978, -21.6921634674], [-463.945892334, 518.056396484, -132.578826904, -13.501994133, 5.48666954041, -31.9653911591, 18.2698707581, 3.56474113464, 17.7562141418, 16.8026351929, -7.8504319191, 30.8245258331, 2.87816858292], [143.883987427, -132.578826904, 528.371459961, 39.3331680298, 30.6454849243, 41.5933189392, -67.3851089478, -12.4332752228, -23.9045448303, -19.1648025513, -14.4741268158, -23.1891689301, 0.750071525574], [102.981338501, -13.501994133, 39.3331680298, 149.32635498, 56.8053665161, 5.98372220993, -7.17931890488, -7.88315057755, -1.81965363026, -4.66648769379, 5.59359312057, 1.001542449, -1.22891032696], [48.2677116394, 5.48666954041, 30.6454849243, 56.8053665161, 120.848121643, 40.1415901184, -13.3348236084, -21.2722587585, -0.208697795868, 2.54536247253, 5.64512491226, 0.473380446434, 6.18981027603], [52.3542785645, -31.9653911591, 41.5933189392, 5.98372220993, 40.1415901184, 97.0675964355, 21.872838974, -7.61575174332, -15.6510868073, -8.83241939545, 1.19362330437, -5.24813270569, -1.27679681778], [-15.5655641556, 18.2698707581, -67.3851089478, -7.17931890488, -13.3348236084, 21.872838974, 111.508750916, 52.8861427307, 8.81049919128, 1.14102768898, 9.12449741364, 15.1827087402, 2.70165252686], [-4.18107223511, 3.56474113464, -12.4332752228, -7.88315057755, -21.2722587585, -7.61575174332, 52.8861427307, 89.0936584473, 36.131313324, 11.6604194641, 4.60699176788, 7.63836812973, 4.44345664978], [5.3369641304, 17.7562141418, -23.9045448303, -1.81965363026, -0.208697795868, -15.6510868073, 8.81049919128, 36.131313324, 79.0318908691, 38.1895217896, 6.79313135147, 3.29324293137, 4.90972995758], [-7.91246843338, 16.8026351929, -19.1648025513, -4.66648769379, 2.54536247253, -8.83241939545, 1.14102768898, 11.6604194641, 38.1895217896, 65.1808166504, 23.5815372467, 6.73903226852, 3.65244269371], [38.3120269775, -7.8504319191, -14.4741268158, 5.59359312057, 5.64512491226, 1.19362330437, 9.12449741364, 4.60699176788, 6.79313135147, 23.5815372467, 58.2851104736, 22.1333370209, 5.84982585907], [-39.7249526978, 30.8245258331, -23.1891689301, 1.001542449, 0.473380446434, -5.24813270569, 15.1827087402, 7.63836812973, 3.29324293137, 6.73903226852, 22.1333370209, 55.5870246887, 19.9343471527], [-21.6921634674, 2.87816858292, 0.750071525574, -1.22891032696, 6.18981027603, -1.27679681778, 2.70165252686, 4.44345664978, 4.90972995758, 3.65244269371, 5.84982585907, 19.9343471527, 45.6785125732]], "icov": [[0.000833466765471, 0.000697805488016, -1.4092265701e-05, -0.000438413495431, -9.05170163605e-05, -0.000150831678184, -1.60193394549e-05, 5.73035067646e-05, -0.000385831663152, 0.000258152576862, -0.00061787996674, 0.000322724023135, 0.000302813888993], [0.000697805488016, 0.00282273371704, 0.000414939189795, -0.000124163008877, -0.000699705211446, 0.000601022387855, -0.000334911339451, 0.000298369006487, -0.000399326643674, -0.000414981186623, 0.000743118580431, -0.00128193036653, 0.000786143180449], [-1.4092265701e-05, 0.000414939189795, 0.00245605385862, -0.000550573517103, 7.65231307014e-05, -0.00141086871736, 0.00227158167399, -0.00150343193673, 0.000761096132919, 2.56160947174e-05, 0.000384486105759, 0.000163862088812, -0.000330492854118], [-0.000438413495431, -0.000124163008877, -0.000550573517103, 0.0088506359607, -0.00464092800394, 0.00206944160163, -0.000716238631867, 5.15437677677e-05, 2.57199135376e-05, 0.00110027811024, -0.000568392861169, -0.000460883427877, 0.000954036717303], [-9.05170163605e-05, -0.000699705211446, 7.65231307014e-05, -0.00464092800394, 0.0132140684873, -0.00599250942469, 0.00183749198914, 0.00210609892383, -0.00182877294719, -0.000477888097521, -0.000617119832896, 0.000152013759362, -0.00214921077713], [-0.000150831678184, 0.000601022387855, -0.00141086871736, 0.00206944160163, -0.00599250942469, 0.0155623778701, -0.00618889229372, 0.00260597653687, 0.00178109167609, 0.000452007720014, -0.000395977986045, 0.00162407185417, 0.000443290773546], [-1.60193394549e-05, -0.000334911339451, 0.00227158167399, -0.000716238631867, 0.00183749198914, -0.00618889229372, 0.0171349346638, -0.01080901362, 0.00244970549829, 0.00052793789655, -0.000789477780927, -0.00276032160036, 0.000573164841626], [5.73035067646e-05, 0.000298369006487, -0.00150343193673, 5.15437677677e-05, 0.00210609892383, 0.00260597653687, -0.01080901362, 0.0218414906412, -0.00957494974136, 0.00177386845462, -0.000252623605775, 0.000173114982317, -0.000819311360829], [-0.000385831663152, -0.000399326643674, 0.000761096132919, 2.57199135376e-05, -0.00182877294719, 0.00178109167609, 0.00244970549829, -0.00957494974136, 0.0232789758593, -0.0125157181174, 0.00323029258288, 0.000360350939445, -0.00115806178655], [0.000258152576862, -0.000414981186623, 2.56160947174e-05, 0.00110027811024, -0.000477888097521, 0.000452007720014, 0.00052793789655, 0.00177386845462, -0.0125157181174, 0.0262106843293, -0.0103223398328, 0.00179589923937, -0.000160829702509], [-0.00061787996674, 0.000743118580431, 0.000384486105759, -0.000568392861169, -0.000617119832896, -0.000395977986045, -0.000789477780927, -0.000252623605775, 0.00323029258288, -0.0103223398328, 0.0255043897778, -0.010055645369, 0.00138225161936], [0.000322724023135, -0.00128193036653, 0.000163862088812, -0.000460883427877, 0.000152013759362, 0.00162407185417, -0.00276032160036, 0.000173114982317, 0.000360350939445, 0.00179589923937, -0.010055645369, 0.0274080429226, -0.0104654142633], [0.000302813888993, 0.000786143180449, -0.000330492854118, 0.000954036717303, -0.00214921077713, 0.000443290773546, 0.000573164841626, -0.000819311360829, -0.00115806178655, -0.000160829702509, 0.00138225161936, -0.0104654142633, 0.0268943980336]], "mean": [-609.052124023, 120.540977478, -33.2422866821, 13.113992691, 6.24434566498, 9.76955318451, 2.90077185631, 8.95117855072, 3.12608361244, 3.31788492203, -1.10536885262, 2.98111581802, -1.19456446171]}, "pitch_salience": {"dmean": 0.0658958852291, "dmean2": 0.105212137103, "dvar": 0.00361702521332, "dvar2": 0.00904986727983, "max": 0.843833446503, "mean": 0.623926699162, "median": 0.635780930519, "min": 0.194966241717, "var": 0.00819213781506}, "silence_rate_20dB": {"dmean": 0, "dmean2": 0, "dvar": 0, "dvar2": 0, "max": 1, "mean": 1, "median": 1, "min": 1, "var": 0}, "silence_rate_30dB": {"dmean": 0, "dmean2": 0, "dvar": 0, "dvar2": 0, "max": 1, "mean": 1, "median": 1, "min": 1, "var": 0}, "silence_rate_60dB": {"dmean": 0.00312264449894, "dmean2": 0.00613827258348, "dvar": 0.00311269401573, "dvar2": 0.00717792613432, "max": 1, "mean": 0.0111972438172, "median": 0, "min": 0, "var": 0.0110693704337}, "spectral_centroid": {"dmean": 181.053771973, "dmean2": 285.495178223, "dvar": 35038.5820313, "dvar2": 87359.328125, "max": 3460.73583984, "mean": 1737.97912598, "median": 1755.89135742, "min": 497.482269287, "var": 168438.28125}, "spectral_complexity": {"dmean": 3.52578878403, "dmean2": 5.58701276779, "dvar": 9.41230583191, "dvar2": 21.1546611786, "max": 56, "mean": 29.3203048706, "median": 30, "min": 0, "var": 76.537612915}, "spectral_contrast_coeffs": {"dmean": [0.052712418139, 0.042367823422, 0.0359927751124, 0.0298151783645, 0.0200796779245, 0.0154889114201], "dmean2": [0.0866962969303, 0.0704084336758, 0.058923009783, 0.0484887324274, 0.032746899873, 0.0252352375537], "dvar": [0.00254523288459, 0.00114974519238, 0.000834172940813, 0.000599481863901, 0.000244142225711, 0.000176610075869], "dvar2": [0.00650957925245, 0.00315790739842, 0.00212784879841, 0.0014675053535, 0.000635585747659, 0.000444434466772], "max": [-0.297148376703, -0.434949159622, -0.507676303387, -0.563938319683, -0.63130402565, -0.615099132061], "mean": [-0.69382840395, -0.768315792084, -0.773418486118, -0.772790849209, -0.780294954777, -0.749105215073], "median": [-0.70112580061, -0.772945046425, -0.779639720917, -0.779373824596, -0.783341646194, -0.749417901039], "min": [-0.993593335152, -0.955062329769, -0.93785738945, -0.95243614912, -0.914812266827, -0.915939092636], "var": [0.0047876983881, 0.00287350662984, 0.00281157204881, 0.00240072887391, 0.00105444807559, 0.000682271027472]}, "spectral_contrast_valleys": {"dmean": [0.396211147308, 0.313983470201, 0.260633140802, 0.216730937362, 0.187059819698, 0.252661168575], "dmean2": [0.629158437252, 0.517927348614, 0.42881283164, 0.350259423256, 0.285886317492, 0.344302773476], "dvar": [0.123450562358, 0.0722024962306, 0.0519420728087, 0.0378211401403, 0.0395336486399, 0.10878881067], "dvar2": [0.283410787582, 0.182184025645, 0.120244316757, 0.0797851607203, 0.0725783333182, 0.204792425036], "max": [-5.47006034851, -5.01201200485, -5.27658081055, -5.37772846222, -5.71673154831, -8.07375431061], "mean": [-7.17849493027, -6.59752655029, -6.57489681244, -6.78103351593, -7.00760793686, -10.0792484283], "median": [-7.13577365875, -6.55654239655, -6.54874277115, -6.7559709549, -6.94745254517, -10.0361270905], "min": [-16.0310688019, -15.8293294907, -16.3825378418, -15.7988786697, -15.9814329147, -17.4917259216], "var": [0.40017157793, 0.242562681437, 0.208717212081, 0.175169214606, 0.245927259326, 0.449266523123]}, "spectral_decrease": {"dmean": 1.87129201024e-09, "dmean2": 2.86462653598e-09, "dvar": 7.04358270941e-18, "dvar2": 1.6408689167e-17, "max": -9.28791975307e-18, "mean": -5.78390313422e-09, "median": -4.98105912072e-09, "min": -3.18088098084e-08, "var": 1.31587891845e-17}, "spectral_energy": {"dmean": 0.00750843901187, "dmean2": 0.0114461630583, "dvar": 0.00011036581418, "dvar2": 0.000255802180618, "max": 0.127953454852, "mean": 0.0242284741253, "median": 0.0211171880364, "min": 7.2939029816e-11, "var": 0.000223046328756}, "spectral_energyband_high": {"dmean": 0.000275838188827, "dmean2": 0.000419278920162, "dvar": 3.62416585631e-07, "dvar2": 9.10059497983e-07, "max": 0.00765177421272, "mean": 0.000625103479251, "median": 0.000410701381043, "min": 3.63591309838e-11, "var": 5.19193179116e-07}, "spectral_energyband_low": {"dmean": 0.00400537159294, "dmean2": 0.00625470420346, "dvar": 4.1470011638e-05, "dvar2": 9.45056162891e-05, "max": 0.0670023187995, "mean": 0.00560682080686, "median": 0.00305727310479, "min": 4.61118936004e-13, "var": 4.91955324833e-05}, "spectral_energyband_middle_high": {"dmean": 0.0028600753285, "dmean2": 0.00421118270606, "dvar": 1.36725739139e-05, "dvar2": 2.77159415418e-05, "max": 0.0778350234032, "mean": 0.0116062788293, "median": 0.00908814091235, "min": 2.86433220892e-11, "var": 8.44565365696e-05}, "spectral_energyband_middle_low": {"dmean": 0.00365759152919, "dmean2": 0.0060902745463, "dvar": 5.61407541682e-05, "dvar2": 0.000150486288476, "max": 0.0812750831246, "mean": 0.00722545478493, "median": 0.00526710040867, "min": 6.71997093388e-12, "var": 5.38617678103e-05}, "spectral_entropy": {"dmean": 0.0962035879493, "dmean2": 0.140502095222, "dvar": 0.00986170768738, "dvar2": 0.0197656825185, "max": 8.84614086151, "mean": 7.7514500618, "median": 7.76344776154, "min": 6.25566768646, "var": 0.0560869649053}, "spectral_flux": {"dmean": 0.0228915624321, "dmean2": 0.0350603684783, "dvar": 0.000727142207325, "dvar2": 0.00139412865974, "max": 0.297502964735, "mean": 0.0862055793405, "median": 0.0770772397518, "min": 8.54043537402e-06, "var": 0.00160174909979}, "spectral_kurtosis": {"dmean": 1.60019612312, "dmean2": 2.70168352127, "dvar": 2.60455536842, "dvar2": 7.43650484085, "max": 23.6821727753, "mean": 5.48140287399, "median": 5.19252729416, "min": -0.0104390233755, "var": 5.61483430862}, "spectral_rms": {"dmean": 0.00071478204336, "dmean2": 0.00105867907405, "dvar": 7.5442534353e-07, "dvar2": 1.60740523825e-06, "max": 0.0111728534102, "mean": 0.00464264163747, "median": 0.00453895702958, "min": 2.66758377165e-07, "var": 2.08341612051e-06}, "spectral_rolloff": {"dmean": 321.057861328, "dmean2": 523.123474121, "dvar": 196898.0625, "dvar2": 451801.5, "max": 11864.7949219, "mean": 1962.11999512, "median": 1991.82128906, "min": 150.732421875, "var": 464307.03125}, "spectral_skewness": {"dmean": 0.189600095153, "dmean2": 0.309559255838, "dvar": 0.0298525206745, "dvar2": 0.076764844358, "max": 3.38332843781, "mean": 1.60176301003, "median": 1.58870744705, "min": 0.486222207546, "var": 0.0949158594012}, "spectral_spread": {"dmean": 382445.65625, "dmean2": 552147.875, "dvar": 239561834496, "dvar2": 468472070144, "max": 15675720, "mean": 3516450.25, "median": 3346664.25, "min": 1451870.125, "var": 874251157504}