{"lowlevel": {"average_loudness": 0.895115077496, "barkbands": {"dmean": [3.21375518979e-05, 0.00190817797557, 0.000990365399048, 0.000309684168315, 0.000456546928035, 0.000421419099439, 0.00027367004077, 0.000352784030838, 0.000431697728345, 0.000365663145203, 0.000279903179035, 0.000292439974146, 0.000248523982009, 0.000613116077147, 0.000597500766162, 0.000505433650687, 0.000468358455691, 0.00041313978727, 0.000405080616474, 0.000401857163524, 0.000275688973488, 0.000235787185375, 0.000155403962708, 0.000127765510115, 7.53754648031e-05, 2.40099816438e-05, 8.64540481871e-07], "dmean2": [4.76952518511e-05, 0.00309984316118, 0.00171463435981, 0.000536207575351, 0.000739495968446, 0.000689440930728, 0.000447446276667, 0.000587523158174, 0.000690716202371, 0.000580589054152, 0.000447692145826, 0.000462293653982, 0.000400347227696, 0.00100744119845, 0.000970760185737, 0.000849339761771, 0.00077474466525, 0.000678725307807, 0.000667020853143, 0.000676088733599, 0.000459117436549, 0.000382900907425, 0.000234013554291, 0.000184490258107, 0.000109820233774, 3.60663580068e-05, 1.40477300192e-06], "dvar": [5.69420555152e-09, 2.33135833696e-05, 8.01773876447e-06, 5.27577810772e-07, 5.71848090658e-07, 6.27771783002e-07, 2.71606353408e-07, 4.38995812146e-07, 9.06814534574e-07, 7.51301115542e-07, 4.95014433e-07, 4.13961913637e-07, 3.60795212373e-07, 1.79728499461e-06, 1.80195161192e-06, 9.31406248128e-07, 7.50408275962e-07, 4.18429294768e-07, 4.13007342104e-07, 5.49416199647e-07, 2.29181281952e-07, 1.4385928182e-07, 1.96411704678e-07, 3.55102571348e-07, 9.04403663071e-08, 4.15399181719e-09, 5.3337629452e-12], "dvar2": [1.27781065729e-08, 5.37995874765e-05, 2.2583450118e-05, 1.495160177e-06, 1.3681388964e-06, 1.59838612035e-06, 6.99958377481e-07, 1.17045919978e-06, 2.25485473493e-06, 1.726730261e-06, 1.21995503832e-06, 1.02126909951e-06, 8.90768944828e-07, 4.46715739599e-06, 4.52792664873e-06, 2.43580643655e-06, 1.95114785129e-06, 1.0509323829e-06, 1.05010678908e-06, 1.42665828662e-06, 5.93658114667e-07, 3.64885465842e-07, 4.08359568382e-07, 6.93470951774e-07, 1.73782694901e-07, 9.33742594356e-09, 1.33695918919e-11], "max": [0.00117444549687, 0.0508357360959, 0.0383826121688, 0.0102838501334, 0.0158420428634, 0.0205348711461, 0.0156264044344, 0.0170994214714, 0.0200688280165, 0.031031480059, 0.0238316189498, 0.0237710773945, 0.0177609939128, 0.0259423851967, 0.0336919873953, 0.0153035167605, 0.0215446464717, 0.0135371303186, 0.0109690893441, 0.0199838448316, 0.00843532383442, 0.00651896279305, 0.0186435841024, 0.0378007553518, 0.012708899565, 0.0031294382643, 9.51891488512e-05], "mean": [6.79004224367e-05, 0.00305854412727, 0.00128179765306, 0.000568209274206, 0.000837027968373, 0.000716444978025, 0.00044355893624, 0.000530573772267, 0.000700383679941, 0.000585510977544, 0.000437978451373, 0.000478855072288, 0.000396175397327, 0.000919987272937, 0.000925899948925, 0.000755835790187, 0.000788318284322, 0.000760747352615, 0.000760954339057, 0.000697897805367, 0.000529067299794, 0.000484184070956, 0.000319302052958, 0.00024785217829, 0.000130341810291, 3.65306514141e-05, 8.76726517163e-07], "median": [1.66801346495e-05, 0.00131744262762, 0.00051765376702, 0.000269019277766, 0.000530203920789, 0.000407727027778, 0.000269111595117, 0.000249223638093, 0.000326153589413, 0.000276959093753, 0.000144236197229, 0.000241215777351, 0.000189005688298, 0.000334150128765, 0.000329398317263, 0.000355269439751, 0.000439494731836, 0.000482643576106, 0.000533781305421, 0.00044741894817, 0.000320804218063, 0.000297198450426, 0.000144032834214, 8.76228950801e-05, 5.1156286645e-05, 1.67033158505e-05, 2.11958166574e-07], "min": [3.69777070208e-26, 1.39435198049e-24, 1.04978404519e-24, 1.31309575738e-24, 1.2271177876e-23, 6.99967877458e-24, 7.11466550671e-24, 4.68337331985e-24, 9.63417285315e-24, 1.36533521121e-23, 1.86868731776e-23, 2.75442775744e-23, 3.93621649302e-23, 3.63060609853e-23, 3.87549061162e-23, 7.15132387297e-23, 4.66350396469e-23, 1.17753242079e-22, 9.3792582892e-23, 1.60851149333e-22, 2.32895240965e-22, 3.16584345819e-22, 4.37581017908e-22, 5.99333450292e-22, 8.53287692843e-22, 1.29971086962e-21, 1.92265612588e-21], "var": [1.36336479883e-08, 3.15103607136e-05, 6.30323211226e-06, 6.89076728122e-07, 1.12901352622e-06, 1.2050938949e-06, 3.70093715674e-07, 6.71029226851e-07, 1.65337735325e-06, 1.51007179738e-06, 1.22935171021e-06, 7.81203652878e-07, 7.42472138882e-07, 2.98117720376e-06, 3.46323872691e-06, 1.35410834901e-06, 1.30692865241e-06, 9.00763666323e-07, 7.2210059443e-07, 7.76836486693e-07, 4.02071322014e-07, 3.1927066857e-07, 3.96283553528e-07, 7.30961232875e-07, 1.63573631085e-07, 6.10847372684e-09, 5.52179179117e-12]}, "barkbands_crest": {"dmean": 2.23175239563, "dmean2": 3.57705760002, "dvar": 6.16886806488, "dvar2": 12.9606428146, "max": 25.1115913391, "mean": 7.10775947571, "median": 5.88148355484, "min": 1.93163740635, "var": 16.1269950867}, "barkbands_flatness_db": {"dmean": 0.0184195786715, "dmean2": 0.0267536137253, "dvar": 0.000392208748963, "dvar2": 0.000810144003481, "max": 0.320111811161, "mean": 0.087192595005, "median": 0.0792608112097, "min": 0.020830957219, "var": 0.00139173760545}, "barkbands_kurtosis": {"dmean": 1.27537274361, "dmean2": 2.01776623726, "dvar": 15.8537321091, "dvar2": 37.8815727234, "max": 105.273445129, "mean": 0.351137727499, "median": -0.871407270432, "min": -1.89431405067, "var": 26.8669300079}, "barkbands_skewness": {"dmean": 0.441235870123, "dmean2": 0.68877607584, "dvar": 0.337083309889, "dvar2": 0.772398173809, "max": 9.10550689697, "mean": 0.393614053726, "median": 0.205661073327, "min": -4.03476953506, "var": 1.17358767986}, "barkbands_spread": {"dmean": 6.73373746872, "dmean2": 10.5823202133, "dvar": 56.7411613464, "dvar2": 133.973846436, "max": 102.604385376, "mean": 37.940738678, "median": 37.5331954956, "min": 1.45631408691, "var": 179.791625977}, "dissonance": {"dmean": 0.00930384732783, "dmean2": 0.0155935557559, "dvar": 9.38467564993e-05, "dvar2": 0.00025283076684, "max": 0.500000238419, "mean": 0.485192149878, "median": 0.488782137632, "min": 0.342606663704, "var": 0.000173026288394}, "dynamic_complexity": 3.72478556633, "erbbands": {"dmean": [0.050988972187, 0.472718566656, 1.17497420311, 1.03422045708, 1.12136793137, 1.80083417892, 2.42678499222, 3.71405410767, 4.15185594559, 4.82520484924, 8.24763965607, 9.58424758911, 12.6388931274, 9.5599155426, 10.7263965607, 12.2070951462, 11.6163282394, 27.6960048676, 27.0723896027, 32.4027709961, 23.9611682892, 22.3146018982, 20.1696548462, 22.287946701, 18.9757213593, 20.0090808868, 12.5535726547, 10.2108602524, 9.98955726624, 4.62523174286, 4.45149469376, 3.28366327286, 1.90509974957, 1.10034036636, 0.422887861729, 0.142287969589, 0.0390675067902, 0.00487926462665, 0.000109912609332, 1.06371307993e-05], "dmean2": [0.0739330723882, 0.787898361683, 2.03198170662, 1.80164682865, 1.88843882084, 2.94020462036, 3.87657189369, 6.12476444244, 6.87992191315, 7.76504135132, 13.8517160416, 15.3778934479, 20.0098972321, 14.9940423965, 17.0155792236, 19.2451648712, 18.47996521, 44.9491767883, 43.6225776672, 53.1856498718, 40.0149459839, 36.6856231689, 32.7991943359, 36.9492721558, 31.2820053101, 33.4063072205, 21.0490341187, 16.9639091492, 16.5006427765, 7.05777645111, 6.7733707428, 4.81817531586, 2.77295207977, 1.59470367432, 0.630046784878, 0.213002562523, 0.0590763129294, 0.00753205921501, 0.000166985904798, 1.55811721925e-05], "dvar": [0.0170832630247, 1.45469558239, 10.9475383759, 7.46143579483, 3.44281458855, 11.1257514954, 24.421377182, 56.6804618835, 66.9980621338, 79.8059005737, 230.020507813, 479.119598389, 1037.05761719, 453.104705811, 572.930480957, 635.541992188, 868.842529297, 3814.49462891, 3603.88134766, 4563.48681641, 2086.58642578, 1450.43518066, 996.291442871, 1401.3314209, 1085.59033203, 1439.43652344, 468.692596436, 320.194854736, 280.098999023, 84.7460250854, 176.715789795, 171.414169312, 144.561035156, 22.0399227142, 2.44320988655, 0.19843801856, 0.010933698155, 0.00012794729264, 6.8982721757e-08, 3.70485114809e-10], "dvar2": [0.0352447852492, 3.59908437729, 30.7622852325, 21.3216266632, 9.11503887177, 26.2679691315, 53.5619468689, 150.217071533, 172.268890381, 203.785995483, 618.554077148, 1194.81494141, 2424.07397461, 1119.39526367, 1407.82043457, 1468.57763672, 2118.09838867, 9356.58984375, 8955.74414063, 11963.9814453, 5419.60302734, 3707.92529297, 2434.46655273, 3627.72143555, 2811.75170898, 3595.54394531, 1234.76403809, 826.10723877, 729.20300293, 178.956695557, 364.908782959, 342.592681885, 306.272796631, 40.8695793152, 5.286049366, 0.43862003088, 0.0258490722626, 0.000292350974632, 1.55838009164e-07, 7.82980569269e-10], "max": [1.85122227669, 12.8718261719, 45.5980186462, 35.0835227966, 27.2293319702, 87.5584259033, 185.085601807, 225.013153076, 206.563156128, 203.149597168, 388.149230957, 524.188659668, 1105.09899902, 831.410949707, 769.3359375, 1000.01513672, 957.472290039, 1418.67797852, 1165.97644043, 1285.44250488, 1008.3338623, 891.528625488, 679.305541992, 648.485412598, 944.084472656, 1123.08032227, 319.651489258, 287.661499023, 358.682525635, 241.941604614, 570.940673828, 628.13684082, 985.351074219, 201.450714111, 68.5955734253, 22.8353443146, 5.04071426392, 0.439004987478, 0.00976809952408, 0.000665603904054], "mean": [0.0839052796364, 0.69752651453, 1.55145549774, 1.79934799671, 2.03980636597, 3.02267694473, 4.1138086319, 5.95954465866, 6.66462564468, 7.70700550079, 12.6860609055, 15.8576860428, 20.4745578766, 16.7851428986, 18.9927005768, 20.8992862701, 20.5710105896, 43.6285858154, 44.4870033264, 50.7311553955, 40.6595802307, 41.2311592102, 40.1325645447, 41.5445671082, 36.9302330017, 34.8476715088, 24.1613140106, 20.1369514465, 19.627368927, 10.178155899, 9.05866909027, 6.5033698082, 3.41822242737, 1.90510320663, 0.703283429146, 0.223150804639, 0.0568471364677, 0.00645425310358, 0.000161317788297, 3.21331281157e-05], "median": [0.0306568499655, 0.280603438616, 0.692682027817, 0.955130159855, 1.32302713394, 1.70109713078, 2.20498108864, 3.24947428703, 3.91167640686, 3.99792480469, 6.60484027863, 7.71191549301, 9.37390327454, 8.63196468353, 8.03415584564, 11.4508075714, 10.6293964386, 17.6000003815, 17.8191261292, 20.9718780518, 21.6159286499, 24.9819717407, 26.3200740814, 28.9502773285, 25.940530777, 21.755191803, 14.9802932739, 12.8740177155, 11.9288110733, 5.30084705353, 3.90894985199, 2.54236364365, 1.12068641186, 0.668585598469, 0.301233619452, 0.101249806583, 0.0253614764661, 0.00283515173942, 8.07207179605e-05, 2.64386744675e-05], "min": [4.39302722611e-23, 2.22551419097e-22, 1.42706790631e-21, 4.94908945956e-21, 1.77715263275e-20, 3.17718619253e-20, 5.51465998623e-20, 9.92720326511e-20, 1.08507756222e-19, 1.52167408778e-19, 1.68516724058e-19, 2.52863271294e-19, 4.38688775519e-19, 7.05016375837e-19, 1.18673958462e-18, 1.50583556945e-18, 2.01308898405e-18, 2.31526922875e-18, 2.46971439567e-18, 3.11983947965e-18, 3.59728978358e-18, 3.64716463861e-18, 5.85522939882e-18, 5.59586402262e-18, 6.71035754914e-18, 7.81162735279e-18, 1.01237890708e-17, 9.51787927209e-18, 1.24655299403e-17, 1.0117140193e-17, 1.23336260655e-17, 1.18441245672e-17, 9.49519549815e-18, 8.38913755952e-18, 6.24720216697e-18, 4.35659981328e-18, 2.37187774756e-18, 9.92854652887e-19, 2.46709512826e-19, 2.64357456431e-20], "var": [0.0248231571168, 1.76145720482, 8.96318149567, 7.27317667007, 5.36790990829, 21.3030376434, 55.5157089233, 95.2992858887, 93.250289917, 122.707443237, 367.066497803, 851.88861084, 2054.52856445, 954.869262695, 1607.98156738, 1252.28955078, 1861.8236084, 6633.89501953, 6920.74707031, 7977.67285156, 3564.94726563, 2730.75219727, 2395.56469727, 2269.33081055, 1883.35705566, 2189.13598633, 781.627075195, 561.038452148, 564.679748535, 210.589538574, 355.608856201, 342.386932373, 238.851379395, 42.0691223145, 3.80872941017, 0.281637400389, 0.0145157100633, 0.000176334244316, 9.83446355463e-08, 8.75207573081e-10]}, "erbbands_crest": {"dmean": 2.21189117432, "dmean2": 3.65774202347, "dvar": 4.9209690094, "dvar2": 12.3727798462, "max": 29.7945480347, "mean": 7.0934920311, "median": 6.20139694214, "min": 2.36973428726, "var": 11.0881490707}, "erbbands_flatness_db": {"dmean": 0.0162641983479, "dmean2": 0.0232080332935, "dvar": 0.000230400182772, "dvar2": 0.000452952022897, "max": 0.323984742165, "mean": 0.14515979588, "median": 0.141941577196, "min": 0.0499382130802, "var": 0.000996685936116}, "erbbands_kurtosis": {"dmean": 0.727935016155, "dmean2": 1.18214941025, "dvar": 0.952322542667, "dvar2": 2.37232136726, "max": 17.2744007111, "mean": 0.259933978319, "median": -0.041452575475, "min": -1.77975797653, "var": 1.74565732479}, "erbbands_skewness": {"dmean": 0.295069038868, "dmean2": 0.462147951126, "dvar": 0.0901480615139, "dvar2": 0.212277457118, "max": 3.57274436951, "mean": -0.387139946222, "median": -0.383615881205, "min": -3.86102390289, "var": 0.325408309698}, "erbbands_spread": {"dmean": 6.82600975037, "dmean2": 10.9071588516, "dvar": 56.6893386841, "dvar2": 141.95451355, "max": 146.20501709, "mean": 35.8265800476, "median": 34.3106575012, "min": 5.31657266617, "var": 178.669692993}, "gfcc": {"cov": [[22893.6640625, -36.3645477295, -1532.01745605, 653.42364502, -707.058227539, 522.33996582, -660.75793457, 189.393493652, -259.826629639, 169.569015503, -348.157287598, 97.1067886353, -218.093139648], [-36.3645477295, 1085.31030273, 58.1744651794, 216.662155151, 240.215606689, -10.1478223801, 244.305206299, -1.22662174702, 54.3945350647, -54.7648468018, 56.7627983093, -71.8721618652, 24.2835216522], [-1532.01745605, 58.1744651794, 775.103393555, 60.2669219971, 160.179428101, 100.704139709, 54.1766357422, 70.2310180664, 47.9392929077, 9.50280570984, 16.5787563324, 6.50658941269, -14.4188022614], [653.42364502, 216.662155151, 60.2669219971, 348.696228027, 93.2843017578, 73.2915878296, 96.1209411621, 37.4116249084, 45.6589241028, -11.9734249115, 22.3044528961, -36.0907821655, 3.72607469559], [-707.058227539, 240.215606689, 160.179428101, 93.2843017578, 331.309875488, 49.9696350098, 132.258285522, 36.9864692688, 38.244392395, 11.9962024689, 17.0786380768, -4.37243890762, 2.83390402794], [522.33996582, -10.1478223801, 100.704139709, 73.2915878296, 49.9696350098, 226.315078735, 39.3499603271, 48.1588516235, 28.2793941498, 16.3556175232, 22.6328525543, -2.83048033714, -11.2760620117], [-660.75793457, 244.305206299, 54.1766357422, 96.1209411621, 132.258285522, 39.3499603271, 250.508728027, 37.6557235718, 10.8954515457, -2.35612535477, 50.4650650024, -17.4675540924, 16.5841941833], [189.393493652, -1.22662174702, 70.2310180664, 37.4116249084, 36.9864692688, 48.1588516235, 37.6557235718, 110.264457703, 21.2600421906, 14.5357046127, 7.01429891586, 5.87467098236, 1.10983204842], [-259.826629639, 54.3945350647, 47.9392929077, 45.6589241028, 38.244392395, 28.2793941498, 10.8954515457, 21.2600421906, 118.58530426, 13.8946332932, 13.9315290451, -8.41882896423, 13.950135231], [169.569015503, -54.7648468018, 9.50280570984, -11.9734249115, 11.9962024689, 16.3556175232, -2.35612535477, 14.5357046127, 13.8946332932, 78.6244888306, 17.9417457581, 19.9252986908, -3.96434020996], [-348.157287598, 56.7627983093, 16.5787563324, 22.3044528961, 17.0786380768, 22.6328525543, 50.4650650024, 7.01429891586, 13.9315290451, 17.9417457581, 87.9682922363, 17.1924209595, 15.9829740524], [97.1067886353, -71.8721618652, 6.50658941269, -36.0907821655, -4.37243890762, -2.83048033714, -17.4675540924, 5.87467098236, -8.41882896423, 19.9252986908, 17.1924209595, 70.0625228882, 16.8993473053], [-218.093139648, 24.2835216522, -14.4188022614, 3.72607469559, 2.83390402794, -11.2760620117, 16.5841941833, 1.10983204842, 13.950135231, -3.96434020996, 15.9829740524, 16.8993473053, 65.3864822388]], "icov": [[0.000124898942886, -0.000197670684429, 0.000273960293271, -0.000366855179891, 0.000263050518697, -0.000420918164309, 0.000382530561183, -0.000324820837704, 0.000341651699273, -0.000430188985774, 0.000611455761828, -0.000523093855008, 0.000282584223896], [-0.000197670684429, 0.00184300157707, -0.000388315005694, 0.000128597952425, -0.0011438310612, 0.00113344599959, -0.0014416052727, 0.000927845016122, -0.000890110386536, 0.00154619966634, -0.00166392873507, 0.00181539589539, -0.000620627077296], [0.000273960293271, -0.000388315005694, 0.0021553481929, -0.000770480488427, -0.000112285502837, -0.0013097920455, 0.000962948368397, -0.00131385016721, 0.000403389334679, -0.000602912856266, 0.0011726928642, -0.00141574209556, 0.00109087955207], [-0.000366855179891, 0.000128597952425, -0.000770480488427, 0.00495451036841, -0.00105310138315, 0.000326503475662, -0.00159212446306, 0.000295234116493, -0.00174725835677, 0.00173867924605, -0.00209156889468, 0.00283153052442, -0.000965237908531], [0.000263050518697, -0.0011438310612, -0.000112285502837, -0.00105310138315, 0.00534886773676, -0.00120982271619, -0.00107711623423, -0.000728713232093, -3.19218634104e-05, -0.001932962914, 0.00268953922205, -0.00235335016623, 0.00102296296973], [-0.000420918164309, 0.00113344599959, -0.0013097920455, 0.000326503475662, -0.00120982271619, 0.00704485457391, -0.00158898194786, -0.000393986236304, -0.00174826977309, 0.00119546893984, -0.00328737241216, 0.00207654526457, 0.000257055013208], [0.000382530561183, -0.0014416052727, 0.000962948368397, -0.00159212446306, -0.00107711623423, -0.00158898194786, 0.00825812853873, -0.00277743302286, 0.00257812510245, -0.00119327916764, -0.00136815733276, 0.000357013574103, -0.000540590204764], [-0.000324820837704, 0.000927845016122, -0.00131385016721, 0.000295234116493, -0.000728713232093, -0.000393986236304, -0.00277743302286, 0.0122131323442, -0.00218881689943, -0.000155228190124, -0.000327152200043, -6.6976652306e-05, -0.00071892014239], [0.000341651699273, -0.000890110386536, 0.000403389334679, -0.00174725835677, -3.19218634104e-05, -0.00174826977309, 0.00257812510245, -0.00218881689943, 0.0113728754222, -0.00336765754037, 0.00052096194122, 0.00118625641335, -0.00232270499691], [-0.000430188985774, 0.00154619966634, -0.000602912856266, 0.00173867924605, -0.001932962914, 0.00119546893984, -0.00119327916764, -0.000155228190124, -0.00336765754037, 0.0174371823668, -0.00528582138941, -0.00174090475775, 0.00187178130727], [0.000611455761828, -0.00166392873507, 0.0011726928642, -0.00209156889468, 0.00268953922205, -0.00328737241216, -0.00136815733276, -0.000327152200043, 0.00052096194122, -0.00528582138941, 0.0187494810671, -0.00692903343588, -0.000519583176356], [-0.000523093855008, 0.00181539589539, -0.00141574209556, 0.00283153052442, -0.00235335016623, 0.00207654526457, 0.000357013574103, -6.6976652306e-05, 0.00118625641335, -0.00174090475775, -0.00692903343588, 0.0225093886256, -0.00700436206535], [0.000282584223896, -0.000620627077296, 0.00109087955207, -0.000965237908531, 0.00102296296973, 0.000257055013208, -0.000540590204764, -0.00071892014239, -0.00232270499691, 0.00187178130727, -0.000519583176356, -0.00700436206535, 0.0194579232484]], "mean": [-4.85580348969, 56.4093055725, -137.364120483, 47.7066879272, -60.2841911316, 17.1829032898, -35.4171905518, 14.4213895798, -23.2238864899, 7.17401075363, -17.7207145691, 1.90770924091, -10.9106111526]}, "hfc": {"dmean": 9.8825340271, "dmean2": 14.8571605682, "dvar": 273.072601318, "dvar2": 611.938232422, "max": 467.499267578, "mean": 29.7566013336, "median": 23.8502044678, "min": 1.06567418703e-16, "var": 748.518371582}, "melbands": {"dmean": [0.000482788280351, 0.000602646672633, 0.000171938707354, 0.000108277141408, 7.97154571046e-05, 8.35702230688e-05, 6.08699519944e-05, 5.70383090235e-05, 6.7357053922e-05, 6.22387015028e-05, 6.31858565612e-05, 3.90917593904e-05, 4.09358581237e-05, 3.38798345183e-05, 2.62765570369e-05, 3.03357592202e-05, 5.67930073885e-05, 4.52250897069e-05, 4.66450728709e-05, 3.81134523195e-05, 3.02509088215e-05, 2.45479786827e-05, 2.59557837126e-05, 1.99879614229e-05, 1.96212586161e-05, 1.57366448548e-05, 1.37614433697e-05, 1.38287196023e-05, 9.22599338082e-06, 6.98403891874e-06, 6.08469463259e-06, 7.22276990928e-06, 3.19084506373e-06, 2.63545348389e-06, 2.78274865195e-06, 2.66595475296e-06, 1.9124870505e-06, 1.38923803661e-06, 1.21933646824e-06, 8.73689941727e-07], "dmean2": [0.000740883930121, 0.00103408109862, 0.000297050923109, 0.00017944429419, 0.000126815910335, 0.000137437891681, 0.000100353136077, 9.32064431254e-05, 0.000112949812319, 9.98532050289e-05, 0.000100092242064, 6.11693831161e-05, 6.48913046462e-05, 5.34856044396e-05, 4.15052782046e-05, 4.91054925078e-05, 9.25796339288e-05, 7.31274849386e-05, 7.56575609557e-05, 6.35294127278e-05, 5.06158467033e-05, 4.04861857533e-05, 4.28678831668e-05, 3.30535585817e-05, 3.27846319124e-05, 2.5935454687e-05, 2.29984962061e-05, 2.3216533009e-05, 1.56406695169e-05, 1.17018498713e-05, 1.01764144347e-05, 1.21532139019e-05, 4.97881137562e-06, 4.07168954553e-06, 4.28989415013e-06, 4.04201819038e-06, 2.86737918032e-06, 2.04422508432e-06, 1.840486334e-06, 1.28664908061e-06], "dvar": [1.49834011154e-06, 2.51035612564e-06, 1.86536482261e-07, 3.20283355393e-08, 2.30046257599e-08, 2.61283883418e-08, 1.40536799975e-08, 1.15875087303e-08, 1.50135495147e-08, 2.04351557898e-08, 2.62110813054e-08, 7.6373929403e-09, 1.01877741798e-08, 6.23935081379e-09, 3.59792484694e-09, 4.30467883561e-09, 1.71375109659e-08, 1.08818900557e-08, 1.31832402772e-08, 5.81668446742e-09, 3.77150133346e-09, 2.18370344029e-09, 2.49051002044e-09, 1.06240150011e-09, 1.15370968334e-09, 6.99828806017e-10, 7.31138150023e-10, 7.33454186275e-10, 2.53858656318e-10, 1.6361011157e-10, 1.06976108527e-10, 1.60559801565e-10, 3.20156574862e-11, 3.27189282612e-11, 5.74005946941e-11, 1.05854255916e-10, 6.17556630833e-11, 7.32153712657e-11, 4.59788040974e-11, 1.21347671495e-11], "dvar2": [3.13204009217e-06, 6.93976062394e-06, 5.30629222339e-07, 7.91015679624e-08, 5.1881848151e-08, 6.8623407401e-08, 3.59931853211e-08, 3.0018902919e-08, 4.01499455904e-08, 5.13071825026e-08, 6.09350792047e-08, 1.87238278215e-08, 2.49243257144e-08, 1.61547113464e-08, 8.45849879028e-09, 1.05256772187e-08, 4.23043928777e-08, 2.72523497102e-08, 3.35094298975e-08, 1.48868100069e-08, 9.89683535124e-09, 5.68674618506e-09, 6.23560714175e-09, 2.73280087448e-09, 3.00835867328e-09, 1.75718417594e-09, 1.96360683269e-09, 1.81150694445e-09, 6.81281253634e-10, 4.17438639211e-10, 2.79737066844e-10, 4.2947162493e-10, 7.2061856482e-11, 7.00296903799e-11, 1.19644766317e-10, 2.31594687872e-10, 1.2631830304e-10, 1.50966850132e-10, 1.03929129192e-10, 2.13598305709e-11], "max": [0.0150315202773, 0.0206223558635, 0.00557738356292, 0.00352258933708, 0.00485252216458, 0.00439414242283, 0.00334837799892, 0.00239728973247, 0.00270608323626, 0.00338341575116, 0.00567669374868, 0.00315729132853, 0.00361912022345, 0.00358958961442, 0.00186413235497, 0.00213304394856, 0.00263622449711, 0.00247974996455, 0.00377485528588, 0.00129058060702, 0.0015205363743, 0.00121025345288, 0.00115516595542, 0.000812651705928, 0.0006021935842, 0.000672832597047, 0.00120838778093, 0.00087348028319, 0.000288885261398, 0.000226363146794, 0.00017954382929, 0.000283398345346, 0.000121189070342, 0.000190943974303, 0.000355646334356, 0.000471104838653, 0.000366993481293, 0.000713974412065, 0.000426438171417, 0.000150555293658], "mean": [0.000808830780443, 0.000869447598234, 0.000315721175866, 0.000186284916708, 0.000141128170071, 0.000137263879878, 9.98554751277e-05, 8.8795532065e-05, 0.000104659950011, 0.000100802033558, 9.9952747405e-05, 6.49808862363e-05, 6.70520603308e-05, 5.63673020224e-05, 4.32619490311e-05, 4.86791977892e-05, 8.47381088533e-05, 6.83313774061e-05, 7.18867740943e-05, 5.62230707146e-05, 4.76068162243e-05, 4.17465344071e-05, 4.24326026405e-05, 3.58951365342e-05, 3.33674033755e-05, 2.83209283225e-05, 2.41140151047e-05, 2.24258474191e-05, 1.60054441949e-05, 1.21281191241e-05, 1.12468978841e-05, 1.30676335175e-05, 6.42459144728e-06, 5.27400743522e-06, 5.33683487447e-06, 4.84352585772e-06, 3.56986492989e-06, 2.41743305196e-06, 1.96476230485e-06, 1.48074593653e-06], "median": [0.000332363182679, 0.00041301897727, 0.000193106578081, 0.000116164359497, 7.95781234046e-05, 7.63259158703e-05, 6.03395201324e-05, 4.42736272817e-05, 5.62526583963e-05, 4.77123539895e-05, 4.39025025116e-05, 3.15085817419e-05, 2.34039944189e-05, 2.76782648143e-05, 2.27728251048e-05, 2.32561887969e-05, 3.05458343064e-05, 2.43323047471e-05, 2.55445993389e-05, 2.48903579632e-05, 2.34279414144e-05, 2.39304372371e-05, 2.16644821194e-05, 2.25620897254e-05, 2.20383826672e-05, 1.88498961506e-05, 1.60177496582e-05, 1.29386598928e-05, 9.49134755501e-06, 6.68634038448e-06, 6.9553366302e-06, 7.47861531636e-06, 3.12160727844e-06, 2.53591019828e-06, 2.25432745538e-06, 1.77679544322e-06, 1.27109342429e-06, 7.35286903364e-07, 6.09808978425e-07, 5.21634092365e-07], "min": [4.56936881816e-25, 4.51851933724e-25, 1.3385161098e-24, 2.58605249697e-24, 1.8192331543e-24, 2.22883793807e-24, 1.56575912924e-24, 1.52908311222e-24, 1.18225045587e-24, 1.29741024436e-24, 1.87617885368e-24, 2.19626547686e-24, 3.25851855334e-24, 3.07273332991e-24, 2.48063149217e-24, 3.06894541706e-24, 3.33261191944e-24, 3.46109882266e-24, 3.48445975508e-24, 5.20047243208e-24, 3.51269900334e-24, 2.58838397537e-24, 3.2994963275e-24, 5.17060852479e-24, 3.87804099893e-24, 4.73230162863e-24, 3.89672004187e-24, 4.15653571974e-24, 4.55343846243e-24, 4.8544851388e-24, 5.65289402199e-24, 6.83613449829e-24, 4.07622612972e-24, 4.8607695992e-24, 5.63301038844e-24, 6.15963933484e-24, 6.20621841585e-24, 6.19472352917e-24, 5.61130527507e-24, 6.2140253778e-24], "var": [2.20845777221e-06, 2.431844905e-06, 1.83671630793e-07, 5.40048858966e-08, 5.27850083643e-08, 4.64602045724e-08, 1.97821936609e-08, 1.72095742101e-08, 2.45404407906e-08, 3.60052183623e-08, 5.21309608814e-08, 1.54191610591e-08, 2.7192104568e-08, 1.19531025078e-08, 6.24968787832e-09, 8.26240764695e-09, 2.8860789314e-08, 1.86777047162e-08, 2.38936141983e-08, 8.91837448336e-09, 6.30924956724e-09, 3.60247720543e-09, 4.69770400358e-09, 2.20262519335e-09, 1.70639169461e-09, 1.25790167171e-09, 9.82686820805e-10, 1.06722897186e-09, 3.86735116154e-10, 2.81496853605e-10, 1.80627818258e-10, 2.94916840948e-10, 7.97637511596e-11, 7.11267503228e-11, 1.14512295479e-10, 1.73077815968e-10, 1.2054214571e-10, 1.28266647303e-10, 6.82258555207e-11, 2.35677102833e-11]}, "melbands_crest": {"dmean": 2.84809756279, "dmean2": 4.65374851227, "dvar": 9.21175575256, "dvar2": 21.105758667, "max": 30.7577018738, "mean": 11.0474872589, "median": 9.6551027298, "min": 1.55599832535, "var": 30.8184318542}, "melbands_flatness_db": {"dmean": 0.0230632126331, "dmean2": 0.0345955081284, "dvar": 0.000830222270451, "dvar2": 0.0018007530598, "max": 0.429492950439, "mean": 0.11433210969, "median": 0.10089468956, "min": 0.00293161021546, "var": 0.00351463723928}, "melbands_kurtosis": {"dmean": 4.00687456131, "dmean2": 6.52147960663, "dvar": 136.729309082, "dvar2": 348.064971924, "max": 267.205596924, "mean": 5.28830528259, "median": 1.09808492661, "min": -1.8333953619, "var": 257.908172607}, "melbands_skewness": {"dmean": 0.596913099289, "dmean2": 0.946296572685, "dvar": 0.701329112053, "dvar2": 1.66514778137, "max": 14.5862846375, "mean": 1.65913879871, "median": 1.32459366322, "min": -1.68588542938, "var": 2.26562142372}, "melbands_spread": {"dmean": 12.757563591, "dmean2": 20.3249034882, "dvar": 249.083755493, "dvar2": 566.729980469, "max": 268.807617188, "mean": 55.4240684509, "median": 55.260509491, "min": 1.05354118347, "var": 735.942687988}, "mfcc": {"cov": [[11449.2109375, 96.3625793457, -361.432373047, 83.1926345825, 46.2101593018, 216.042663574, -164.379257202, 59.9760780334, 2.9799580574, 125.482460022, -13.050151825, -18.8734436035, -22.6981163025], [96.3625793457, 975.584594727, -33.910484314, 262.990478516, 54.9339332581, 79.7723312378, 139.915100098, 75.2639312744, 60.2265663147, 18.9857463837, 53.7489013672, 10.4547815323, 0.411064237356], [-361.432373047, -33.910484314, 527.674255371, -0.308614462614, 104.261032104, 36.3554267883, 21.1081695557, 54.973323822, 18.4520721436, 46.2549362183, 5.92060756683, 27.3783054352, 37.0199737549], [83.1926345825, 262.990478516, -0.308614462614, 348.584289551, 49.3313903809, 57.0023994446, 96.6964569092, 54.7910079956, 60.8800964355, 27.4158668518, 22.6188316345, 23.1645507813, 5.56493854523], [46.2101593018, 54.9339332581, 104.261032104, 49.3313903809, 221.646774292, 65.8133392334, 7.19401264191, 47.6809654236, 37.3090896606, 45.8526611328, 17.8878307343, -4.61008071899, 36.0056762695], [216.042663574, 79.7723312378, 36.3554267883, 57.0023994446, 65.8133392334, 162.210037231, 72.2709579468, 45.3682823181, 25.8835506439, 35.4789543152, 39.4948654175, 15.8439788818, 0.347845166922], [-164.379257202, 139.915100098, 21.1081695557, 96.6964569092, 7.19401264191, 72.2709579468, 218.706771851, 68.7583084106, 35.7237739563, 7.93792915344, 44.5131721497, 42.3540153503, -11.3578338623], [59.9760780334, 75.2639312744, 54.973323822, 54.7910079956, 47.6809654236, 45.3682823181, 68.7583084106, 111.813644409, 39.5569763184, 31.2484226227, 23.5036869049, 11.9845685959, 7.31275606155], [2.9799580574, 60.2265663147, 18.4520721436, 60.8800964355, 37.3090896606, 25.8835506439, 35.7237739563, 39.5569763184, 94.1915435791, 35.9313659668, 8.42742824554, 9.49998664856, 2.16602802277], [125.482460022, 18.9857463837, 46.2549362183, 27.4158668518, 45.8526611328, 35.4789543152, 7.93792915344, 31.2484226227, 35.9313659668, 89.798866272, 26.065366745, 6.57365369797, 3.12349772453], [-13.050151825, 53.7489013672, 5.92060756683, 22.6188316345, 17.8878307343, 39.4948654175, 44.5131721497, 23.5036869049, 8.42742824554, 26.065366745, 79.1700973511, 25.8695926666, 1.27443468571], [-18.8734436035, 10.4547815323, 27.3783054352, 23.1645507813, -4.61008071899, 15.8439788818, 42.3540153503, 11.9845685959, 9.49998664856, 6.57365369797, 25.8695926666, 70.0177612305, 14.5579013824], [-22.6981163025, 0.411064237356, 37.0199737549, 5.56493854523, 36.0056762695, 0.347845166922, -11.3578338623, 7.31275606155, 2.16602802277, 3.12349772453, 1.27443468571, 14.5579013824, 76.0501937866]], "icov": [[9.87363455351e-05, -8.89142756932e-06, 9.33804258239e-05, -2.09780064324e-05, 1.96822293219e-05, -0.00019086964312, 0.000166086785612, -0.000122758967336, 8.47511983011e-05, -0.000148727878695, 0.000122721525258, -8.61048465595e-05, 3.18800121022e-05], [-8.89142756932e-06, 0.00137799268123, 0.000100478799141, -0.000863198773004, -7.63201023801e-05, -6.28636626061e-05, -0.000402941164793, -0.000187817713595, -0.000183182506589, 0.000317962199915, -0.000638937810436, 0.000576986989472, -0.000109130523924], [9.33804258239e-05, 0.000100478799141, 0.00238877302036, 0.000201765724341, -0.00088102510199, -0.000145923753735, 8.40406664793e-06, -0.00090973789338, 0.000519841501955, -0.000989445485175, 0.000877736427356, -0.0010783203179, -0.000426193000749], [-2.09780064324e-05, -0.000863198773004, 0.000201765724341, 0.00418876716867, -0.000418811105192, -0.000218841858441, -0.000958217016887, -0.000174154803972, -0.00140330486465, -0.000293399003567, 0.000640936079435, -0.000695902446751, -0.000158906419529], [1.96822293219e-05, -7.63201023801e-05, -0.00088102510199, -0.000418811105192, 0.00689122034237, -0.0021658425685, 0.000977525021881, -0.00115431891754, -0.00116861995775, -0.00120054988656, -0.000571347307414, 0.00212359661236, -0.00284427055158], [-0.00019086964312, -6.28636626061e-05, -0.000145923753735, -0.000218841858441, -0.0021658425685, 0.00941842235625, -0.00242353975773, -0.000382944272133, 0.000241535963141, -0.00131137529388, -0.00229604355991, 0.000128134692204, 0.000748555234168], [0.000166086785612, -0.000402941164793, 8.40406664793e-06, -0.000958217016887, 0.000977525021881, -0.00242353975773, 0.00844808947295, -0.00368795497343, -0.000887514208443, 0.00214854534715, -0.00165494601242, -0.00330841983669, 0.00188045063987], [-0.000122758967336, -0.000187817713595, -0.00090973789338, -0.000174154803972, -0.00115431891754, -0.000382944272133, -0.00368795497343, 0.0142575679347, -0.00297072902322, -0.00173967960291, -0.00102454598527, 0.00137116317637, -0.00104276638012], [8.47511983011e-05, -0.000183182506589, 0.000519841501955, -0.00140330486465, -0.00116861995775, 0.000241535963141, -0.000887514208443, -0.00297072902322, 0.0153695298359, -0.00510482676327, 0.0025298348628, -0.00143764994573, 0.000585926580243], [-0.000148727878695, 0.000317962199915, -0.000989445485175, -0.000293399003567, -0.00120054988656, -0.00131137529388, 0.00214854534715, -0.00173967960291, -0.00510482676327, 0.0168518610299, -0.00498694041744, 0.000359891360858, 0.000987500534393], [0.000122721525258, -0.000638937810436, 0.000877736427356, 0.000640936079435, -0.000571347307414, -0.00229604355991, -0.00165494601242, -0.00102454598527, 0.0025298348628, -0.00498694041744, 0.0185444653034, -0.00561898294836, 0.000595890742261], [-8.61048465595e-05, 0.000576986989472, -0.0010783203179, -0.000695902446751, 0.00212359661236, 0.000128134692204, -0.00330841983669, 0.00137116317637, -0.00143764994573, 0.000359891360858, -0.00561898294836, 0.0199332498014, -0.00478032324463], [3.18800121022e-05, -0.000109130523924, -0.000426193000749, -0.000158906419529, -0.00284427055158, 0.000748555234168, 0.00188045063987, -0.00104276638012, 0.000585926580243, 0.000987500534393, 0.000595890742261, -0.00478032324463, 0.0159505419433]], "mean": [-629.389282227, 77.9251403809, -15.2683897018, 27.9042415619, -0.251841574907, 5.75376081467, -0.0565328188241, 4.42069673538, 1.88272631168, 4.30742502213, 1.25944519043, -0.0503229238093, -1.93517494202]}, "pitch_salience": {"dmean": 0.0665265098214, "dmean2": 0.108190760016, "dvar": 0.00529223540798, "dvar2": 0.0124208405614, "max": 0.988324165344, "mean": 0.595514655113, "median": 0.610109090805, "min": 0.0874242708087, "var": 0.0146201644093}, "silence_rate_20dB": {"dmean": 0, "dmean2": 0, "dvar": 0, "dvar2": 0, "max": 1, "mean": 1, "median": 1, "min": 1, "var": 0}, "silence_rate_30dB": {"dmean": 0, "dmean2": 0, "dvar": 0, "dvar2": 0, "max": 1, "mean": 1, "median": 1, "min": 1, "var": 0}, "silence_rate_60dB": {"dmean": 0.0211167521775, "dmean2": 0.0422377921641, "dvar": 0.0206686053425, "dvar2": 0.0461355298758, "max": 1, "mean": 0.0970459878445, "median": 0, "min": 0, "var": 0.0876290723681}, "spectral_centroid": {"dmean": 267.484436035, "dmean2": 417.517181396, "dvar": 99816.328125, "dvar2": 223072.359375, "max": 11830.9101563, "mean": 2532.48876953, "median": 2553.33178711, "min": 222.933639526, "var": 970403.6875}, "spectral_complexity": {"dmean": 4.90781736374, "dmean2": 7.44522285461, "dvar": 34.3610305786, "dvar2": 66.8003005981, "max": 63, "mean": 27.0100498199, "median": 28, "min": 0, "var": 203.514984131}, "spectral_contrast_coeffs": {"dmean": [0.0454005077481, 0.0424653477967, 0.0375298820436, 0.0324367396533, 0.0236217919737, 0.0246216226369], "dmean2": [0.0742164701223, 0.0708811655641, 0.0607728324831, 0.0526446476579, 0.0378174297512, 0.0371294729412], "dvar": [0.00158928078599, 0.00127507327124, 0.000952638802119, 0.000715845671948, 0.000454662542325, 0.000584837165661], "dvar2": [0.00394740048796, 0.00347151933238, 0.00239410018548, 0.00173182273284, 0.00103757588658, 0.00129169959109], "max": [-0.365746349096, -0.463733226061, -0.453830897808, -0.494029611349, -0.543835520744, -0.533471167088], "mean": [-0.693408131599, -0.784390568733, -0.780511140823, -0.77505594492, -0.779061257839, -0.733248889446], "median": [-0.700209617615, -0.79086458683, -0.786830186844, -0.783271372318, -0.783073961735, -0.73094779253], "min": [-0.991700768471, -0.981594502926, -0.977688312531, -0.970509886742, -0.97981441021, -0.964533805847], "var": [0.00641575874761, 0.00395732792094, 0.00405929517001, 0.00394305260852, 0.00252786627971, 0.00293150916696]}, "spectral_contrast_valleys": {"dmean": [0.356810182333, 0.35009893775, 0.325620234013, 0.317743510008, 0.28213852644, 0.370836645365], "dmean2": [0.564403116703, 0.576606571674, 0.51938700676, 0.474510282278, 0.419875472784, 0.466163545847], "dvar": [0.131655156612, 0.148412212729, 0.128119677305, 0.140202462673, 0.169287636876, 0.198432326317], "dvar2": [0.256164640188, 0.314256221056, 0.243016421795, 0.246919199824, 0.321973264217, 0.300684958696], "max": [-5.73095321655, -5.09856462479, -5.51853132248, -5.74651765823, -5.21711778641, -6.86209821701], "mean": [-7.85678577423, -7.09093761444, -7.51795005798, -7.67676973343, -7.18362760544, -9.8841791153], "median": [-7.30131864548, -6.70507478714, -7.12892532349, -7.2861456871, -6.77503299713, -9.51353359222], "min": [-28.1754055023, -27.9967708588, -27.7886943817, -27.6581783295, -27.5007152557, -27.3801517487], "var": [4.84156274796, 4.62439823151, 4.48812103271, 4.52435016632, 4.62832260132, 4.05072641373]}, "spectral_decrease": {"dmean": 1.19987897396e-09, "dmean2": 1.86332838048e-09, "dvar": 2.96275126388e-18, "dvar2": 6.658593e-18, "max": 1.63449232704e-28, "mean": -3.91119270304e-09, "median": -3.43972184069e-09, "min": -1.92926226106e-08, "var": 7.64715820442e-18}, "spectral_energy": {"dmean": 0.00515354378149, "dmean2": 0.00794268865138, "dvar": 5.06055366714e-05, "dvar2": 0.000111214445496, "max": 0.0739074572921, "mean": 0.017460744828, "median": 0.0154551453888, "min": 1.00665125972e-20, "var": 0.000144839505083}, "spectral_energyband_high": {"dmean": 0.000870841671713, "dmean2": 0.00132053659763, "dvar": 2.9842819913e-06, "dvar2": 6.47433671475e-06, "max": 0.05104290694, "mean": 0.00210223114118, "median": 0.00136696978007, "min": 6.92651479707e-21, "var": 7.00741293258e-06}, "spectral_energyband_low": {"dmean": 0.00255913892761, "dmean2": 0.0042388131842, "dvar": 3.65995911125e-05, "dvar2": 9.17962097446e-05, "max": 0.0710666552186, "mean": 0.00475748069584, "median": 0.00266998051666, "min": 1.17438638039e-23, "var": 5.22558730154e-05}, "spectral_energyband_middle_high": {"dmean": 0.00246442086063, "dmean2": 0.00385148590431, "dvar": 1.21112807392e-05, "dvar2": 2.83308454527e-05, "max": 0.0477982349694, "mean": 0.00706565426663, "median": 0.00523482682183, "min": 1.14848696615e-21, "var": 4.28207458754e-05}, "spectral_energyband_middle_low": {"dmean": 0.00148473435547, "dmean2": 0.00237985234708, "dvar": 4.39401492258e-06, "dvar2": 1.07884561658e-05, "max": 0.0265591815114, "mean": 0.00405056914315, "median": 0.00333983916789, "min": 1.72492136209e-22, "var": 1.05636390799e-05}, "spectral_entropy": {"dmean": 0.119887620211, "dmean2": 0.171546906233, "dvar": 0.0204786080867, "dvar2": 0.0380288213491, "max": 9.82014751434, "mean": 7.95404815674, "median": 7.9689283371, "min": 6.37370920181, "var": 0.102997668087}, "spectral_flux": {"dmean": 0.0180759988725, "dmean2": 0.0276556275785, "dvar": 0.00051238812739, "dvar2": 0.00107091513928, "max": 0.249686390162, "mean": 0.0740692541003, "median": 0.0696567445993, "min": 6.37542865722e-11, "var": 0.00156187324319}, "spectral_kurtosis": {"dmean": 0.924088895321, "dmean2": 1.53587377071, "dvar": 1.18386125565, "dvar2": 3.15258717537, "max": 23.556646347, "mean": 2.99167060852, "median": 2.78011894226, "min": -1.25150442123, "var": 2.621571064}, "spectral_rms": {"dmean": 0.000570439151488, "dmean2": 0.000856797676533, "dvar": 4.90883337534e-07, "dvar2": 9.77993863671e-07, "max": 0.00849145650864, "mean": 0.00381493312307, "median": 0.00388306449167, "min": 3.13384561357e-12, "var": 2.48121523327e-06}, "spectral_rolloff": {"dmean": 699.975402832, "dmean2": 1125.88525391, "dvar": 957732.25, "dvar2": 1997396.375, "max": 19724.4140625, "mean": 3446.48632813, "median": 3337.64648438, "min": 64.599609375, "var": 4708925}, "spectral_skewness": {"dmean": 0.173523530364, "dmean2": 0.269743680954, "dvar": 0.0339918099344, "dvar2": 0.0771641582251, "max": 3.52662396431, "mean": 1.1202930212, "median": 1.13504981995, "min": -0.134644851089, "var": 0.107087239623}, "spectral_spread": {"dmean": 554245.125, "dmean2": 822178.0625, "dvar": 689436033024, "dvar2": 1376143540220.0, "max": 46220032, "mean": 4773363, "median": 4349179, "min": 1767737.625, "var": 12306404606000.0}, "spectral_stron