{"lowlevel": {"average_loudness": 0.970271706581, "barkbands": {"dmean": [0.00160236749798, 0.00961173325777, 0.00508838891983, 0.00165618374012, 0.00120192056056, 0.000982318655588, 0.000638699042611, 0.000471935927635, 0.000796011998318, 0.00131339021027, 0.00154522340745, 0.00115701311734, 0.000825954135507, 0.000522484770045, 0.000445583020337, 0.000232342397794, 0.000198970825295, 0.000184128701221, 0.000243491958827, 0.000253105768934, 0.000200847964152, 8.60996224219e-05, 2.56000621448e-05, 5.63062803849e-06, 2.68654730462e-06, 6.5513345362e-06, 0.000117656833027], "dmean2": [0.0027034515515, 0.0156519785523, 0.00870959274471, 0.00275203841738, 0.00201147142798, 0.00159036729019, 0.00104988669045, 0.000767714926042, 0.00129242846742, 0.00215236493386, 0.00249541946687, 0.00186956103425, 0.00134950107895, 0.000857018691022, 0.000722914934158, 0.000378894124879, 0.000323659565765, 0.000294219033094, 0.000369097164366, 0.000383175938623, 0.000292832351988, 0.000122304307297, 3.77598080377e-05, 8.76644298842e-06, 4.50260176876e-06, 9.79199649009e-06, 0.000170829996932], "dvar": [9.70680866885e-06, 0.000192346647964, 6.47439010208e-05, 6.80946504872e-06, 3.28999885824e-06, 2.59654780166e-06, 1.43414843023e-06, 8.68780489327e-07, 2.24294922191e-06, 6.8849381023e-06, 7.59891236157e-06, 4.3079749048e-06, 2.06084109777e-06, 6.30158069725e-07, 4.41290779918e-07, 1.73672248138e-07, 9.66045519135e-08, 1.04754548147e-07, 4.71065618513e-07, 1.41067641835e-06, 6.42253212391e-07, 5.6987996544e-08, 4.1923291505e-09, 1.21443285983e-10, 1.88332370532e-11, 1.54717266776e-10, 2.89636119533e-08], "dvar2": [2.51257897617e-05, 0.000488253543153, 0.000177366891876, 1.806345972e-05, 8.60751060827e-06, 6.36082359051e-06, 3.86629108107e-06, 1.9643887299e-06, 5.50975028091e-06, 1.73244934558e-05, 1.8187396563e-05, 1.07591777123e-05, 5.268980658e-06, 1.6252010937e-06, 1.09873599285e-06, 4.45948671768e-07, 2.49675537134e-07, 2.68158089511e-07, 1.02246622191e-06, 3.02853300127e-06, 1.45462308865e-06, 1.18253147718e-07, 9.10372044416e-09, 2.84539530826e-10, 4.77920793218e-11, 3.39303529717e-10, 5.9859438295e-08], "max": [0.0436187237501, 0.191380977631, 0.11617693305, 0.0424919426441, 0.0277281180024, 0.0232983194292, 0.0265609398484, 0.0338935628533, 0.0440731346607, 0.0548627153039, 0.0696660503745, 0.0443100072443, 0.0311888568103, 0.0226259250194, 0.015994027257, 0.0189029313624, 0.00834041181952, 0.00951165612787, 0.0407072678208, 0.0662796646357, 0.0417741425335, 0.00841918028891, 0.00226839678362, 0.00034892585245, 5.65835580346e-05, 0.000382940575946, 0.00480616791174], "mean": [0.00170499319211, 0.0153473736718, 0.00649292580783, 0.00210586120375, 0.00162460980937, 0.00150686781853, 0.0010248743929, 0.000775113119744, 0.00127023516688, 0.002035794314, 0.00254015391693, 0.00189445284195, 0.00133346323855, 0.000908050569706, 0.000794441381004, 0.000407196494052, 0.000368431181414, 0.000335315766279, 0.000459094415419, 0.000473657157272, 0.000408243591664, 0.000181390612852, 5.04665076733e-05, 9.08326728677e-06, 2.5930510219e-06, 1.36862972795e-05, 0.000377737276722], "median": [0.000736855552532, 0.0108571918681, 0.00413858983666, 0.00108389067464, 0.00099171011243, 0.000779352616519, 0.000518198881764, 0.00036021147389, 0.0006653892342, 0.000961830664892, 0.00116580573376, 0.00100402836688, 0.000728248036467, 0.000603904598393, 0.000515617313795, 0.000248386058956, 0.000223975002882, 0.000208540906897, 0.000259285821812, 0.000247363757808, 0.000201521645067, 7.6290074503e-05, 1.87584337255e-05, 4.06150775234e-06, 1.02571107163e-06, 7.11190023139e-06, 0.000259912514593], "min": [9.99711789488e-25, 5.62603646361e-24, 1.9423160645e-25, 2.8209902629e-25, 9.43254789439e-24, 1.12926345772e-23, 8.88173681137e-24, 6.48192727438e-24, 1.73554621408e-23, 1.68077607475e-23, 1.78452627214e-23, 2.88416098201e-23, 4.28497631684e-23, 3.97487572608e-23, 3.97000182786e-23, 3.92219086167e-23, 7.13789809145e-23, 8.07910570796e-23, 1.37094003638e-22, 1.2525674817e-22, 2.22117432003e-22, 3.07840737763e-22, 4.77693219165e-22, 6.14110317038e-22, 8.07337214068e-22, 1.28657341992e-21, 1.99062912726e-21], "var": [8.83634129423e-06, 0.000260190077825, 6.25167012913e-05, 8.94910226634e-06, 4.18378158429e-06, 4.87778152092e-06, 2.86417753159e-06, 3.31380738317e-06, 4.13034922531e-06, 1.15057619041e-05, 1.66547597473e-05, 8.26847008284e-06, 3.56420423486e-06, 1.22958567772e-06, 9.47076330249e-07, 2.74584266435e-07, 2.08052298944e-07, 1.69379433146e-07, 7.26179166577e-07, 1.91720801013e-06, 1.34459753554e-06, 1.27903845737e-07, 9.13645781253e-09, 2.15641671186e-10, 1.91669458083e-11, 3.76175784966e-10, 1.59609555794e-07]}, "barkbands_crest": {"dmean": 2.86213254929, "dmean2": 4.76150369644, "dvar": 6.35353326797, "dvar2": 17.0184383392, "max": 25.2476482391, "mean": 10.2648563385, "median": 9.56935882568, "min": 2.5255844593, "var": 17.5587787628}, "barkbands_flatness_db": {"dmean": 0.0242029130459, "dmean2": 0.0381888449192, "dvar": 0.00052652345039, "dvar2": 0.00128989398945, "max": 0.426547646523, "mean": 0.127658098936, "median": 0.116890124977, "min": 0.0260919518769, "var": 0.00260316161439}, "barkbands_kurtosis": {"dmean": 4.71002244949, "dmean2": 7.48006772995, "dvar": 166.124420166, "dvar2": 397.906890869, "max": 285.173400879, "mean": 7.03160762787, "median": 1.48194217682, "min": -1.90050113201, "var": 407.144134521}, "barkbands_skewness": {"dmean": 0.667676150799, "dmean2": 1.03726530075, "dvar": 0.585513234138, "dvar2": 1.35263204575, "max": 14.8609666824, "mean": 1.69477331638, "median": 1.29104995728, "min": -4.22543525696, "var": 2.82415151596}, "barkbands_spread": {"dmean": 5.93676424026, "dmean2": 9.20100975037, "dvar": 37.4489746094, "dvar2": 84.4127883911, "max": 124.268409729, "mean": 25.9716911316, "median": 24.8644828796, "min": 0.54463738203, "var": 189.533248901}, "dissonance": {"dmean": 0.0160816311836, "dmean2": 0.0276418756694, "dvar": 0.000305668479996, "dvar2": 0.000850342621561, "max": 0.500000238419, "mean": 0.476828575134, "median": 0.483072012663, "min": 0.27556425333, "var": 0.00044132466428}, "dynamic_complexity": 2.26833629608, "erbbands": {"dmean": [0.339228123426, 2.11972570419, 6.03339242935, 5.40609073639, 4.14029788971, 4.06721448898, 6.03177690506, 8.77842521667, 7.62611484528, 12.2598619461, 9.58373165131, 18.9607563019, 27.6916942596, 52.4767189026, 48.3477706909, 50.3220291138, 41.7039031982, 22.1303443909, 25.539270401, 16.0594806671, 11.7620944977, 10.0286636353, 9.52248859406, 10.1750364304, 13.7548284531, 11.6222276688, 10.157292366, 6.38788127899, 3.38073086739, 1.62690019608, 0.587442219257, 0.197598919272, 0.0605839006603, 0.0306769311428, 0.0189803447574, 0.0117983771488, 0.0130611192435, 0.0168647840619, 0.00941557530314, 0.00392631767318], "dmean2": [0.55024600029, 3.51158046722, 10.2186660767, 8.95390033722, 6.94462537766, 6.88286781311, 9.96186923981, 14.1788253784, 12.7671346664, 19.8190860748, 15.4708995819, 30.9485855103, 44.4742202759, 85.4703903198, 77.5923461914, 81.2646560669, 68.0469741821, 36.0933837891, 41.4189910889, 26.1391487122, 18.9069919586, 16.1332187653, 15.1541805267, 15.7487392426, 20.9895534515, 17.4961147308, 14.8387489319, 9.32666301727, 4.82627534866, 2.34615564346, 0.864885509014, 0.29679480195, 0.097203746438, 0.0513025484979, 0.0317568294704, 0.0192790515721, 0.0192310456187, 0.0234725866467, 0.0131913451478, 0.00585405202582], "dvar": [0.398414522409, 8.04850769043, 82.7012710571, 65.8923187256, 40.6417160034, 44.8431282043, 111.329650879, 238.974487305, 291.048461914, 456.866607666, 273.417572021, 1676.46826172, 2817.515625, 10234.9228516, 7564.41455078, 9232.72558594, 5490.28515625, 1311.68969727, 1281.54919434, 638.873596191, 408.576324463, 223.332092285, 238.602752686, 856.301025391, 1479.69116211, 3491.75585938, 1921.72888184, 525.518554688, 90.6942062378, 16.2169017792, 2.22602057457, 0.205884099007, 0.008869336918, 0.00242337561212, 0.000934343785048, 0.000306611036649, 0.000605464505497, 0.00126677798107, 0.000479440524941, 2.39519504248e-05], "dvar2": [1.00301265717, 21.1203899384, 224.00453186, 174.905731201, 106.720108032, 119.454902649, 292.833312988, 576.081298828, 801.422180176, 1081.66345215, 663.151916504, 4093.84838867, 6981.24902344, 26547.5449219, 18480.0703125, 22590.5644531, 14001.8525391, 3406.36376953, 3271.1340332, 1629.8347168, 1037.1541748, 569.109680176, 594.655090332, 2083.85546875, 3127.33178711, 7386.10107422, 4515.50048828, 1146.44140625, 186.250183105, 31.9054012299, 4.92642784119, 0.467738509178, 0.0211055763066, 0.00614658137783, 0.00237152422778, 0.000762164534535, 0.00128554797266, 0.0024483660236, 0.000923478393815, 5.02889670315e-05], "max": [9.82836532593, 29.9281082153, 129.082275391, 113.278526306, 101.903968811, 118.060089111, 211.475921631, 266.804962158, 408.784637451, 599.825561523, 434.517883301, 1314.109375, 1754.19384766, 3545.66064453, 2502.91308594, 2166.43505859, 1646.67114258, 1223.59960938, 760.948242188, 759.603942871, 704.512451172, 261.029418945, 436.87902832, 1890.0904541, 1610.73291016, 3169.49194336, 2103.03637695, 1087.58349609, 283.700073242, 128.014083862, 43.4877700806, 12.7922525406, 1.82028627396, 0.63569933176, 0.404571413994, 0.247409924865, 0.706403613091, 0.932256102562, 0.944733500481, 0.0958211198449], "mean": [0.457974553108, 3.29179978371, 8.08247089386, 7.64119529724, 5.39319419861, 5.19315385818, 8.75386238098, 13.025144577, 12.2497234344, 20.1830425262, 16.8291912079, 29.6248264313, 46.3987503052, 86.3546829224, 88.6752090454, 86.5544586182, 71.9866333008, 42.1545333862, 49.1199569702, 31.1804885864, 21.9860782623, 19.8976612091, 18.6098651886, 19.4444293976, 25.8595867157, 21.9832687378, 19.7510643005, 13.1383953094, 7.10916185379, 3.39855313301, 1.17574703693, 0.361705422401, 0.083087220788, 0.0309869255871, 0.0186020582914, 0.0146015575156, 0.0280257128179, 0.0437591224909, 0.0283495001495, 0.0126318885013], "median": [0.262026369572, 2.27518296242, 5.39318418503, 4.54191732407, 3.07589769363, 2.98900413513, 4.67891216278, 6.41367197037, 5.92606592178, 9.21796798706, 9.36906814575, 15.3934583664, 23.0167121887, 48.399017334, 47.4886550903, 48.9461402893, 42.2316436768, 29.8684768677, 34.1807632446, 21.6931648254, 13.3538036346, 12.6233882904, 11.987528801, 11.7174358368, 13.8845596313, 11.7040090561, 10.05818367, 6.31464767456, 3.0547451973, 1.2929289341, 0.438624024391, 0.146457701921, 0.0408313982189, 0.0136499386281, 0.00756954820827, 0.00804017949849, 0.0142763834447, 0.0213481746614, 0.0175459999591, 0.00976730510592], "min": [1.88477992246e-22, 5.00924453383e-22, 2.24872422061e-21, 1.86927732892e-21, 1.17702639365e-20, 2.40980734553e-20, 2.95952750839e-20, 1.13181287909e-19, 1.20955402724e-19, 2.03454997825e-19, 2.90836082988e-19, 3.74484102047e-19, 4.32392199148e-19, 8.27203411719e-19, 7.40853872478e-19, 1.3390784395e-18, 2.04101253358e-18, 1.64696292171e-18, 2.10570715647e-18, 2.34055862162e-18, 2.79701466801e-18, 4.39785999582e-18, 3.68214445235e-18, 5.98466455312e-18, 8.07595043599e-18, 5.67872766766e-18, 8.39990331519e-18, 8.95148554561e-18, 1.06433999433e-17, 9.93502231909e-18, 1.24731011244e-17, 1.04092176673e-17, 9.06245430633e-18, 9.35991424487e-18, 6.15088815157e-18, 4.24508387259e-18, 2.51330846831e-18, 9.56306814895e-19, 2.5428123981e-19, 2.70663028391e-20], "var": [0.418631345034, 11.427652359, 84.4303436279, 87.8394622803, 49.7624320984, 50.6211967468, 171.283676147, 423.188690186, 538.062316895, 1266.05932617, 727.503112793, 2744.24584961, 5489.60791016, 15291.6533203, 17570.015625, 17923.2832031, 9686.35351562, 2456.12524414, 3039.08789062, 1172.17749023, 783.496337891, 530.570495605, 466.003356934, 1061.85742188, 2507.01611328, 4630.77490234, 3327.16992188, 1152.7010498, 205.272705078, 39.5793952942, 4.86027669907, 0.405462712049, 0.0139618972316, 0.00249461620115, 0.000954635441303, 0.000374939671019, 0.0015698276693, 0.00417833775282, 0.00151888059918, 0.000112222252937]}, "erbbands_crest": {"dmean": 2.6217815876, "dmean2": 4.31705999374, "dvar": 6.39964675903, "dvar2": 16.5389041901, "max": 28.8936138153, "mean": 8.28259086609, "median": 7.31906890869, "min": 2.36334085464, "var": 15.6993207932}, "erbbands_flatness_db": {"dmean": 0.0195940379053, "dmean2": 0.0302756149322, "dvar": 0.000319020618917, "dvar2": 0.00073908601189, "max": 0.312698543072, "mean": 0.148666322231, "median": 0.145096898079, "min": 0.0475666299462, "var": 0.00125394272618}, "erbbands_kurtosis": {"dmean": 1.01605987549, "dmean2": 1.62311410904, "dvar": 2.34034276009, "dvar2": 5.80847978592, "max": 47.8554840088, "mean": 0.922826945782, "median": 0.384746313095, "min": -1.72562873363, "var": 4.54433107376}, "erbbands_skewness": {"dmean": 0.348922401667, "dmean2": 0.543862164021, "dvar": 0.107321739197, "dvar2": 0.249165087938, "max": 3.83840966225, "mean": -0.0401711910963, "median": -0.0311913434416, "min": -5.93300056458, "var": 0.410675287247}, "erbbands_spread": {"dmean": 7.04600000381, "dmean2": 10.9697465897, "dvar": 50.4662284851, "dvar2": 116.27796936, "max": 111.815574646, "mean": 30.3318824768, "median": 28.1639957428, "min": 2.47146558762, "var": 222.021179199}, "gfcc": {"cov": [[18830.5410156, 852.797729492, -2163.46289062, 171.746704102, -175.39012146, -329.989074707, 579.259094238, -414.383209229, -40.5673561096, -123.383110046, -116.759796143, 50.0160903931, -175.432174683], [852.797729492, 877.350708008, -1.66218566895, -293.393371582, 137.541275024, 41.3199081421, -10.0386371613, 41.6630516052, 5.21020555496, -14.9597663879, 66.4823455811, -62.8377799988, 70.0861816406], [-2163.46289062, -1.66218566895, 645.972900391, 51.297542572, 2.77422356606, 138.939422607, -179.547348022, 146.032455444, 6.96405124664, 44.9502563477, 29.2252674103, -16.6019897461, 40.9102630615], [171.746704102, -293.393371582, 51.297542572, 401.6796875, 23.8357486725, -96.7137451172, 40.7786369324, -53.5141716003, -3.6239631176, -4.92692708969, -46.9950561523, 6.08441591263, -44.8184242249], [-175.39012146, 137.541275024, 2.77422356606, 23.8357486725, 192.454864502, 10.1731061935, 30.2569236755, 3.43739247322, -7.11688518524, -18.192363739, 15.3188409805, -26.4547386169, 28.8718986511], [-329.989074707, 41.3199081421, 138.939422607, -96.7137451172, 10.1731061935, 222.468231201, -26.5273265839, 61.4508132935, -47.2657432556, 10.0355920792, 15.0647296906, -0.704135000706, 25.5627212524], [579.259094238, -10.0386371613, -179.547348022, 40.7786369324, 30.2569236755, -26.5273265839, 197.507354736, -63.705821991, 34.1927680969, -22.5079803467, -9.59512233734, 21.5242080688, -22.9282608032], [-414.383209229, 41.6630516052, 146.032455444, -53.5141716003, 3.43739247322, 61.4508132935, -63.705821991, 152.148498535, 12.4133367538, 31.5769863129, 14.7115135193, -24.2797679901, 35.7145347595], [-40.5673561096, 5.21020555496, 6.96405124664, -3.6239631176, -7.11688518524, -47.2657432556, 34.1927680969, 12.4133367538, 123.680183411, 21.9454936981, 11.4122285843, 22.0865573883, -22.2709751129], [-123.383110046, -14.9597663879, 44.9502563477, -4.92692708969, -18.192363739, 10.0355920792, -22.5079803467, 31.5769863129, 21.9454936981, 62.366897583, 30.796705246, -2.90332198143, 8.22156333923], [-116.759796143, 66.4823455811, 29.2252674103, -46.9950561523, 15.3188409805, 15.0647296906, -9.59512233734, 14.7115135193, 11.4122285843, 30.796705246, 59.5460929871, 18.4027290344, 17.4711380005], [50.0160903931, -62.8377799988, -16.6019897461, 6.08441591263, -26.4547386169, -0.704135000706, 21.5242080688, -24.2797679901, 22.0865573883, -2.90332198143, 18.4027290344, 62.8330688477, 2.55794262886], [-175.432174683, 70.0861816406, 40.9102630615, -44.8184242249, 28.8718986511, 25.5627212524, -22.9282608032, 35.7145347595, -22.2709751129, 8.22156333923, 17.4711380005, 2.55794262886, 70.5838851929]], "icov": [[0.000144720892422, -0.000400505115977, 0.000686009298079, -0.000573794241063, 0.000411682005506, -0.000361463957233, 0.00016891870473, -0.000201883580303, -7.05376878614e-05, -5.6288408814e-05, 0.000101411933429, -0.000256413070019, 8.34510137793e-05], [-0.000400505115977, 0.00346042402089, -0.00201929500327, 0.00281026936136, -0.00161405431572, 0.00101391621865, -0.000667195592541, 0.00131428416353, -0.00111444573849, 0.00300968484953, -0.00396954361349, 0.00481521850452, -0.0019595224876], [0.000686009298079, -0.00201929500327, 0.00689721573144, -0.00509614078328, 0.00289458711632, -0.00471368292347, 0.00393389957026, -0.00196203589439, -0.0033192820847, 0.00219703512266, -0.0026017781347, 0.000898661848623, -0.00142145110294], [-0.000573794241063, 0.00281026936136, -0.00509614078328, 0.0086411414668, -0.00515938410535, 0.00549141084775, -0.00302302790806, 0.00105248298496, 0.00433888239786, -0.00529887340963, 0.00617905473337, -0.00330298324116, 0.00340754515491], [0.000411682005506, -0.00161405431572, 0.00289458711632, -0.00515938410535, 0.0112698227167, -0.00377824227326, -3.47533314198e-05, 0.000614259333815, -0.00450483243912, 0.00930893886834, -0.0100287441164, 0.00948009174317, -0.00625836150721], [-0.000361463957233, 0.00101391621865, -0.00471368292347, 0.00549141084775, -0.00377824227326, 0.0105673549697, -0.00366715248674, -0.00246554613113, 0.00774551276118, -0.00573258288205, 0.00536932935938, -0.00637144176289, 0.00410192692652], [0.00016891870473, -0.000667195592541, 0.00393389957026, -0.00302302790806, -3.47533314198e-05, -0.00366715248674, 0.00978207308799, 0.00155506376177, -0.00510472571477, 0.00308766891249, -0.00148094084579, 0.000135872192914, -0.000992895569652], [-0.000201883580303, 0.00131428416353, -0.00196203589439, 0.00105248298496, 0.000614259333815, -0.00246554613113, 0.00155506376177, 0.0131178088486, -0.00519228959456, 0.000142967444845, -0.00224315212108, 0.00839144922793, -0.0068957596086], [-7.05376878614e-05, -0.00111444573849, -0.0033192820847, 0.00433888239786, -0.00450483243912, 0.00774551276118, -0.00510472571477, -0.00519228959456, 0.0192721318454, -0.0136991972104, 0.010686988011, -0.0154167897999, 0.0112066809088], [-5.6288408814e-05, 0.00300968484953, 0.00219703512266, -0.00529887340963, 0.00930893886834, -0.00573258288205, 0.00308766891249, 0.000142967444845, -0.0136991972104, 0.0430092290044, -0.0331290625036, 0.0239368472248, -0.01056674961], [0.000101411933429, -0.00396954361349, -0.0026017781347, 0.00617905473337, -0.0100287441164, 0.00536932935938, -0.00148094084579, -0.00224315212108, 0.010686988011, -0.0331290625036, 0.0512497574091, -0.0304848775268, 0.00808679312468], [-0.000256413070019, 0.00481521850452, 0.000898661848623, -0.00330298324116, 0.00948009174317, -0.00637144176289, 0.000135872192914, 0.00839144922793, -0.0154167897999, 0.0239368472248, -0.0304848775268, 0.044694416225, -0.0155353602022], [8.34510137793e-05, -0.0019595224876, -0.00142145110294, 0.00340754515491, -0.00625836150721, 0.00410192692652, -0.000992895569652, -0.0068957596086, 0.0112066809088, -0.01056674961, 0.00808679312468, -0.0155353602022, 0.0268773529679]], "mean": [14.1432552338, 96.5892791748, -106.299339294, 11.2324504852, -10.6113433838, -7.0826010704, 16.8310165405, -20.2203826904, -3.05968737602, -6.22416687012, -6.10434961319, -1.12503230572, -8.23094654083]}, "hfc": {"dmean": 91.7191314697, "dmean2": 143.97769165, "dvar": 29797.6171875, "dvar2": 71840.578125, "max": 2065.20825195, "mean": 178.233032227, "median": 132.908752441, "min": 1.10369557698e-16, "var": 33507.7734375}, "melbands": {"dmean": [0.00271973572671, 0.00297571462579, 0.000861049513333, 0.00028647648287, 0.000195930755581, 0.000191088707652, 0.000115859904326, 0.000126811719383, 8.43409216031e-05, 0.000122258599731, 0.000145759171573, 0.000215646781726, 0.000206237149541, 0.000119264303066, 0.000118314033898, 6.99353040545e-05, 4.49721774203e-05, 4.56930647488e-05, 3.34020078299e-05, 1.77504098247e-05, 1.41975988299e-05, 1.11006511361e-05, 1.08451258711e-05, 9.02107512957e-06, 8.70427720656e-06, 1.06363377199e-05, 9.68789208855e-06, 8.16215560917e-06, 6.96697679814e-06, 5.61831666346e-06, 3.39784014614e-06, 2.2582978545e-06, 1.40898885093e-06, 7.80837353886e-07, 3.90112546711e-07, 1.96611566139e-07, 9.7553296996e-08, 4.53024213698e-08, 2.94416686586e-08, 2.47254980934e-08], "dmean2": [0.00441058445722, 0.00495642330498, 0.00141920079477, 0.000482043629745, 0.000322224776028, 0.000307636946673, 0.000193085405044, 0.000204993353691, 0.000137119743158, 0.000198897570954, 0.000234148974414, 0.000352403556462, 0.000332489958964, 0.000193188927369, 0.000191438914044, 0.000114661052066, 7.36263973522e-05, 7.49488463043e-05, 5.4406671552e-05, 2.92662571155e-05, 2.2932421416e-05, 1.80826682481e-05, 1.76923658728e-05, 1.45226376844e-05, 1.37379038279e-05, 1.65102610481e-05, 1.509708909e-05, 1.26406575873e-05, 1.04960981844e-05, 8.51871664054e-06, 5.07350114276e-06, 3.32574086315e-06, 2.08208666663e-06, 1.16219371193e-06, 5.93002482674e-07, 2.9824457215e-07, 1.50884687855e-07, 7.32408622639e-08, 4.90164033806e-08, 4.14857979081e-08], "dvar": [2.01487491722e-05, 1.69542272488e-05, 1.58623834068e-06, 2.01073035555e-07, 1.07269798377e-07, 1.04928318478e-07, 6.16123045916e-08, 5.20158067729e-08, 1.92022060475e-08, 6.800879504e-08, 8.08179763112e-08, 1.796005904e-07, 1.48788501519e-07, 4.79665764885e-08, 3.65196868302e-08, 1.50608947536e-08, 5.69884717194e-09, 4.20502743737e-09, 2.7298081573e-09, 1.15913068033e-09, 5.96540261633e-10, 2.98805258314e-10, 2.65944211097e-10, 2.69145372656e-10, 6.64639399073e-10, 8.82399653346e-10, 1.19434229173e-09, 1.86093940258e-09, 8.18427159377e-10, 6.7035271778e-10, 1.13842324456e-10, 3.85730163088e-11, 1.46753807023e-11, 3.77668686255e-12, 1.02036250543e-12, 2.32825504752e-13, 4.58881894885e-14, 5.07471287689e-15, 2.12147617859e-15, 1.60778658911e-15], "dvar2": [5.04718191223e-05, 4.52478780062e-05, 4.18407262259e-06, 5.28336897787e-07, 2.82801465801e-07, 2.54121829357e-07, 1.68845915027e-07, 1.20365584166e-07, 4.74237680237e-08, 1.6422829674e-07, 1.99644375698e-07, 4.63157448394e-07, 3.51836121126e-07, 1.18907543367e-07, 9.18412794704e-08, 3.90569745434e-08, 1.47275818208e-08, 1.08358619855e-08, 6.75424693952e-09, 3.04068237256e-09, 1.52065227077e-09, 7.76387509838e-10, 6.8046424051e-10, 6.95045354604e-10, 1.64682822934e-09, 1.96288341137e-09, 2.81458656382e-09, 3.88616516744e-09, 1.83455561853e-09, 1.63046887103e-09, 2.45809317345e-10, 8.17326692437e-11, 3.1770384934e-11, 7.7598249007e-12, 2.41219392551e-12, 5.30539967427e-13, 1.0860701173e-13, 1.21646941652e-14, 5.35921642079e-15, 4.08409725716e-15], "max": [0.0688543841243, 0.0560501590371, 0.0177989900112, 0.00583423720673, 0.00755435600877, 0.00532000046223, 0.00615524733439, 0.00751745700836, 0.00285409437492, 0.00873864348978, 0.00899870786816, 0.0141480118036, 0.0111035201699, 0.00544560188428, 0.00292550050654, 0.00237871520221, 0.00280736456625, 0.00127191422507, 0.00124481832609, 0.00168642576318, 0.00068581168307, 0.000397197552957, 0.000355146330548, 0.000546959112398, 0.00170813524164, 0.00145110697486, 0.00181915180292, 0.00229099253193, 0.00141094706487, 0.00135843781754, 0.000436918722698, 0.000174266693648, 0.000160497424076, 7.1260612458e-05, 3.05797475448e-05, 1.23138279378e-05, 6.60503974359e-06, 1.28864917315e-06, 5.90950833157e-07, 5.17430692071e-07], "mean": [0.00417058728635, 0.00443930178881, 0.00127203518059, 0.000369669724023, 0.000291216507321, 0.00029296282446, 0.000189562852029, 0.000212711311178, 0.000141324650031, 0.000187461046153, 0.000233620768995, 0.000342808227288, 0.000349183974322, 0.000198123030714, 0.000210894140764, 0.000114744485472, 7.59531758376e-05, 8.22507863631e-05, 5.77668470214e-05, 3.05576322717e-05, 2.44714392466e-05, 2.02953724511e-05, 1.93829746422e-05, 1.56328078447e-05, 1.51986687342e-05, 1.87547666428e-05, 1.72344098246e-05, 1.4136822756e-05, 1.27712255562e-05, 1.02953927126e-05, 6.62949378238e-06, 4.37626931671e-06, 2.66056804321e-06, 1.53244900503e-06, 7.20335265214e-07, 3.54033744543e-07, 1.60207221711e-07, 5.92125850574e-08, 3.032916851e-08, 2.36260291331e-08], "median": [0.00280198687688, 0.0032752151601, 0.00080028566299, 0.000213820225326, 0.000162485841429, 0.000149023573613, 9.48124798015e-05, 9.54090064624e-05, 7.45698343962e-05, 9.37960721785e-05, 0.000107428495539, 0.000185501688975, 0.000160039926413, 0.000111269226181, 0.000120832555695, 6.60385703668e-05, 4.97080764035e-05, 5.39968714293e-05, 3.64708685083e-05, 1.93719570234e-05, 1.40062757055e-05, 1.21976381706e-05, 1.22118199215e-05, 9.29803718464e-06, 8.85024928721e-06, 1.01362420537e-05, 8.54626341606e-06, 7.21108744983e-06, 6.51801292406e-06, 4.74367152492e-06, 3.14187673212e-06, 1.79483686225e-06, 1.03126285467e-06, 5.54915061457e-07, 2.57883073118e-07, 1.30342812099e-07, 6.67484556516e-08, 2.72243134702e-08, 1.35385347377e-08, 9.12783715279e-09], "min": [2.05606063653e-24, 1.1491253976e-24, 7.17306685167e-25, 1.94919936894e-24, 8.41578803188e-25, 2.31260865531e-24, 1.77075903218e-24, 2.56443810259e-24, 2.23969384741e-24, 2.35960208551e-24, 1.73931878359e-24, 2.28484587904e-24, 2.21493919499e-24, 1.99818980052e-24, 3.08622620405e-24, 4.08442239452e-24, 2.66796505235e-24, 3.20961233266e-24, 2.73023871828e-24, 2.16225689437e-24, 3.55637192077e-24, 3.19197774156e-24, 3.73045143445e-24, 4.03265418648e-24, 3.67519567234e-24, 4.15295547452e-24, 3.61690319018e-24, 3.95783270177e-24, 4.26559534546e-24, 3.9207223182e-24, 4.64458384585e-24, 5.04179897745e-24, 4.55723012237e-24, 5.00949315123e-24, 5.71205780102e-24, 5.46210958978e-24, 5.07077738838e-24, 5.14998691187e-24, 6.79605642e-24, 7.12393462234e-24], "var": [2.41590805672e-05, 1.99096321012e-05, 2.14254896491e-06, 2.35754427536e-07, 1.66483204112e-07, 1.96474275072e-07, 1.18020089701e-07, 1.71689890749e-07, 4.47604584508e-08, 1.13146718661e-07, 1.54852060064e-07, 2.64230209268e-07, 3.38545476097e-07, 8.98288305962e-08, 7.83830316209e-08, 2.46386413494e-08, 1.01098605043e-08, 9.33700228245e-09, 5.43404743425e-09, 1.54044610401e-09, 1.13333464835e-09, 6.3895833069e-10, 5.14745579494e-10, 4.08028222321e-10, 7.56611162611e-10, 1.3101161267e-09, 1.61116786579e-09, 2.41118036648e-09, 1.36808786522e-09, 1.14821840924e-09, 2.44482878387e-10, 8.20621348652e-11, 2.80002149938e-11, 8.49783091117e-12, 1.97529991496e-12, 4.46242814835e-13, 7.82892292119e-14, 7.66891856686e-15, 2.26489367964e-15, 1.62844805203e-15]}, "melbands_crest": {"dmean": 4.12039422989, "dmean2": 6.86509084702, "dvar": 13.1078653336, "dvar2": 35.068687439, "max": 37.6298103333, "mean": 15.9112195969, "median": 15.7289438248, "min": 1.53194189072, "var": 31.8574886322}, "melbands_flatness_db": {"dmean": 0.0318183116615, "dmean2": 0.0495234951377, "dvar": 0.000853699981235, "dvar2": 0.00205289525911, "max": 0.583354949951, "mean": 0.229917645454, "median": 0.219587951899, "min": 0.00319496286102, "var": 0.00532844522968}, "melbands_kurtosis": {"dmean": 8.72610187531, "dmean2": 14.0006322861, "dvar": 375.063354492, "dvar2": 886.711303711, "max": 524.437988281, "mean": 13.7598152161, "median": 4.7916841507, "min": -1.88887250423, "var": 900.196594238}, "melbands_skewness": {"dmean": 0.916750729084, "dmean2": 1.44490373135, "dvar": 0.924912929535, "dvar2": 2.24028611183, "max": 17.5853424072, "mean": 2.59463357925, "median": 2.17258214951, "min": -2.55302190781, "var": 3.94921541214}, "melbands_spread": {"dmean": 7.43622207642, "dmean2": 11.6912231445, "dvar": 81.4936599731, "dvar2": 185.273651123, "max": 177.046295166, "mean": 25.4076805115, "median": 23.4470367432, "min": 0.4534085989, "var": 364.170776367}, "mfcc": {"cov": [[8308.75097656, 337.096038818, -1180.35009766, 523.767822266, -744.484558105, 324.226287842, -36.8084526062, 168.34375, -82.228225708, 43.614402771, -67.4361114502, 14.8856449127, -35.3160591125], [337.096038818, 1213.71972656, -47.227684021, -248.993087769, 131.012054443, -44.2977485657, 109.635437012, -6.68164873123, 57.3937759399, -15.6183347702, 69.1109008789, 2.00959563255, 37.2226028442], [-1180.35009766, -47.227684021, 573.304748535, -93.2834320068, 192.849411011, -62.9198608398, -2.63545966148, -19.5663948059, 21.653377533, 12.5574417114, 21.3978023529, 27.2211112976, 13.0250577927], [523.767822266, -248.993087769, -93.2834320068, 475.708740234, -55.4519042969, 67.1147613525, -51.3932342529, 11.3131961823, -14.8668680191, 30.4056758881, -27.4994220734, -9.00665950775, -13.8437576294], [-744.484558105, 131.012054443, 192.849411011, -55.4519042969, 277.974853516, -63.0540924072, 61.6834144592, -34.894618988, 37.4992523193, -14.7295436859, 26.0350971222, -8.07652950287, 14.404091835], [324.226287842, -44.2977485657, -62.9198608398, 67.1147613525, -63.0540924072, 170.260757446, 30.1066532135, 46.7721786499, -27.5642337799, 8.24578285217, -28.6564006805, -0.823876619339, -6.82345628738], [-36.8084526062, 109.635437012, -2.63545966148, -51.3932342529, 61.6834144592, 30.1066532135, 156.770462036, -2.15145158768, 27.9458312988, -23.6411437988, 5.07093524933, -27.9478149414, 8.15420150757], [168.34375, -6.68164873123, -19.5663948059, 11.3131961823, -34.894618988, 46.7721786499, -2.15145158768, 93.3488082886, 10.9058523178, 19.6536579132, -15.4022159576, 9.9754114151, -1.48432087898], [-82.228225708, 57.3937759399, 21.653377533, -14.8668680191, 37.4992523193, -27.5642337799, 27.9458312988, 10.9058523178, 74.7109146118, 18.7377567291, 13.6158819199, -4.74222564697, 5.99913072586], [43.614402771, -15.6183347702, 12.5574417114, 30.4056758881, -14.7295436859, 8.24578285217, -23.6411437988, 19.6536579132, 18.7377567291, 65.928237915, 15.2179670334, 13.3581190109, 2.34834098816], [-67.4361114502, 69.1109008789, 21.3978023529, -27.4994220734, 26.0350971222, -28.6564006805, 5.07093524933, -15.4022159576, 13.6158819199, 15.2179670334, 59.077205658, 18.9506988525, 11.8813495636], [14.8856449127, 2.00959563255, 27.2211112976, -9.00665950775, -8.07652950287, -0.823876619339, -27.9478149414, 9.9754114151, -4.74222564697, 13.3581190109, 18.9506988525, 58.3413772583, 18.0463008881], [-35.3160591125, 37.2226028442, 13.0250577927, -13.8437576294, 14.404091835, -6.82345628738, 8.15420150757, -1.48432087898, 5.99913072586, 2.34834098816, 11.8813495636, 18.0463008881, 48.2740936279]], "icov": [[0.000218348854105, -0.000135801412398, 0.000264085800154, -0.00021353882039, 0.000403230515076, -4.51682390121e-05, -0.000130130472826, -0.000119698139315, 4.93433326483e-05, -2.48783399002e-05, 4.24894933531e-05, -0.000226749150897, 9.2944552307e-05], [-0.000135801412398, 0.00117993226741, 0.000207826378755, 0.000628869223874, -0.000757949659601, -7.31866675778e-05, -0.000147693775943, -0.000140032498166, -0.000374181807274, 0.000170997445821, -0.000983987702057, 0.000232099264394, -0.000454834487755], [0.000264085800154, 0.000207826378755, 0.00296046119183, 0.000297765014693, -0.00159424252342, 6.60880832584e-05, 0.000216198823182, -7.35208159313e-05, 0.000118653784739, -0.000935395772103, 0.000472816987894, -0.00152012472972, 0.000248474505497], [-0.00021353882039, 0.000628869223874, 0.000297765014693, 0.00297892140225, -0.000918648380321, -0.00117351184599, 0.00113991531543, 0.000658122531604, -0.000428223982453, -0.00110749958549, 0.000377737858798, 0.000807362841442, -0.000218957487959], [0.000403230515076, -0.000757949659601, -0.00159424252342, -0.000918648380321, 0.00715705612674, 0.00129148340784, -0.00228493753821, 0.000718631024938, -0.00117107585538, 0.0011303020874, -0.00069348141551, 0.000295792910038, -0.000348146102624], [-4.51682390121e-05, -7.31866675778e-05, 6.60880832584e-05, -0.00117351184599, 0.00129148340784, 0.0103503121063, -0.00470317807049, -0.0038479513023, 0.00522362114862, -0.00292971404269, 0.00324980961159, -0.00165572774131, 0.000735263107345], [-0.000130130472826, -0.000147693775943, 0.000216198823182, 0.00113991531543, -0.00228493753821, -0.00470317807049, 0.0113812424242, 0.000386108964449, -0.00482678227127, 0.00457716174424, -0.00297246174887, 0.00542286224663, -0.00252480641939], [-0.000119698139315, -0.000140032498166, -7.35208159313e-05, 0.000658122531604, 0.000718631024938, -0.0038479513023, 0.000386108964449, 0.0154918432236, -0.00447008619085, -0.00325557170436, 0.00510644586757, -0.00375364464708, 0.000742059841286], [4.93433326483e-05, -0.000374181807274, 0.000118653784739, -0.000428223982453, -0.00117107585538, 0.00522362114862, -0.00482678227127, -0.00447008619085, 0.0207984000444, -0.00738183921203, -0.000860926345922, 0.00217916094698, -0.000892863899935], [-2.48783399002e-05, 0.000170997445821, -0.000935395772103, -0.00110749958549, 0.0011303020874, -0.00292971404269, 0.00457716174424, -0.00325557170436, -0.00738183921203, 0.0230734013021, -0.00772401224822, -0.000225297932047, -5.9684531152e-05], [4.24894933531e-05, -0.000983987702057, 0.000472816987894, 0.000377737858798, -0.00069348141551, 0.00324980961159, -0.00297246174887, 0.00510644586757, -0.000860926345922, -0.00772401224822, 0.0268986020237, -0.00935696717352, -0.000543771311641], [-0.000226749150897, 0.000232099264394, -0.00152012472972, 0.000807362841442, 0.000295792910038, -0.00165572774131, 0.00542286224663, -0.00375364464708, 0.00217916094698, -0.000225297932047, -0.00935696717352, 0.0274144671857, -0.00926211103797], [9.2944552307e-05, -0.000454834487755, 0.000248474505497, -0.000218957487959, -0.000348146102624, 0.000735263107345, -0.00252480641939, 0.000742059841286, -0.000892863899935, -5.9684531152e-05, -0.000543771311641, -0.00926211103797, 0.0253711678088]], "mean": [-637.434326172, 151.795974731, -29.7912254333, 37.9485626221, -11.4347352982, 31.5620250702, 9.93842506409, 12.701084137, 2.78997182846, 6.23512649536, 0.0180682819337, 2.31670641899, 1.89351248741]}, "pitch_salience": {"dmean": 0.0854244157672, "dmean2": 0.140171200037, "dvar": 0.00555492565036, "dvar2": 0.0148902572691, "max": 0.972878813744, "mean": 0.509670972824, "median": 0.514631509781, "min": 0.106632493436, "var": 0.0146021572873}, "silence_rate_20dB": {"dmean": 0, "dmean2": 0, "dvar": 0, "dvar2": 0, "max": 1, "mean": 1, "median": 1, "min": 1, "var": 0}, "silence_rate_30dB": {"dmean": 0.0569757558405, "dmean2": 0.113962262869, "dvar": 0.0537238977849, "dvar2": 0.128325492144, "max": 1, "mean": 0.954536855221, "median": 1, "min": 0, "var": 0.0433971211314}, "silence_rate_60dB": {"dmean": 0.00867842696607, "dmean2": 0.0173584911972, "dvar": 0.00860369391739, "dvar2": 0.0215861070901, "max": 1, "mean": 0.0322580635548, "median": 0, "min": 0, "var": 0.0312147010118}, "spectral_centroid": {"dmean": 251.633026123, "dmean2": 366.999694824, "dvar": 81868.0390625, "dvar2": 155532.390625, "max": 11690.4570312, "mean": 1542.60559082, "median": 1404.86804199, "min": 133.120819092, "var": 1200309.75}, "spectral_complexity": {"dmean": 5.04782581329, "dmean2": 7.23207569122, "dvar": 27.9526481628, "dvar2": 48.0998954773, "max": 60, "mean": 27.4657611847, "median": 27, "min": 0, "var": 177.043334961}, "spectral_contrast_coeffs": {"dmean": [0.053161945194, 0.0480054914951, 0.0407991707325, 0.029664831236, 0.0203400645405, 0.0459495149553], "dmean2": [0.0888739675283, 0.0810224190354, 0.0677387788892, 0.0490679703653, 0.0333807319403, 0.0716082677245], "dvar": [0.00174803333357, 0.00139280804433, 0.00107270956505, 0.000547468313016, 0.000300142914057, 0.00152317399625], "dvar2": [0.0049048634246, 0.00389566179365, 0.00286306836642, 0.001460847212, 0.000769073551055, 0.00363952899352], "max": [-0.392290890217, -0.520395934582, -0.489967823029, -0.607749760151, -0.59294885397, -0.403392225504], "mean": [-0.695106744766, -0.780214846134, -0.782979726791, -0.79687589407, -0.815762221813, -0.674483895302], "median": [-0.69600045681, -0.784509837627, -0.787944793701, -0.798057615757, -0.813848376274, -0.661114215851], "min": [-0.977490663528, -0.981374442577, -0.979274272919, -0.971934258938, -0.966362476349, -0.965685904026], "var": [0.00460343388841, 0.00359401106834, 0.00392494909465, 0.00217469898053, 0.00127458199859, 0.00829425267875]}, "spectral_contrast_valleys": {"dmean": [0.407932013273, 0.375982582569, 0.332127571106, 0.287532657385, 0.300777494907, 0.597550034523], "dmean2": [0.656846642494, 0.610910773277, 0.52385032177, 0.442970007658, 0.423400521278, 0.943629205227], "dvar": [0.130430236459, 0.120574772358, 0.111176140606, 0.0982130244374, 0.136621788144, 0.256239056587], "dvar2": [0.29878500104, 0.269836694002, 0.214473322034, 0.17984983325, 0.244356960058, 0.658202111721], "max": [-4.95245552063, -4.79666423798, -4.90283679962, -5.22963047028, -4.86535263062, -9.06758975983], "mean": [-6.80094623566, -6.68912315369, -6.72054719925, -7.15245485306, -7.30664825439, -11.2016630173], "median": [-6.52388620377, -6.38360595703, -6.33157110214, -6.7797794342, -6.87488937378, -11.0010328293], "min": [-28.090970993, -28.1134567261, -27.9870433807, -27.6491641998, -27.5630168915, -27.3958148956], "var": [4.31507635117, 4.43942308426, 4.57358360291, 4.32286214828, 4.46237325668, 2.91163086891]}, "spectral_decrease": {"dmean": 3.81957798723e-09, "dmean2": 6.14416917344e-09, "dvar": 2.07249506905e-17, "dvar2": 5.32786701673e-17, "max": 3.91473031769e-09, "mean": -9.25172649602e-09, "median": -8.54226378522e-09, "min": -5.6366534551e-08, "var": 3.53830609835e-17}, "spectral_energy": {"dmean": 0.0195267498493, "dmean2": 0.0300160311162, "dvar": 0.000609428272583, "dvar2": 0.00144185719546, "max": 0.342014491558, "mean": 0.0510842725635, "median": 0.0467726327479, "min": 1.0091122836e-20, "var": 0.00105401617475}, "spectral_energyband_high": {"dmean": 0.000448090984719, "dmean2": 0.000610140210483, "dvar": 2.66458937404e-06, "dvar2": 5.55232190891e-06, "max": 0.0696261376143, "mean": 0.00116370955948, "median": 0.000673055299558, "min": 7.16994177289e-21, "var": 5.53858353669e-06}, "spectral_energyband_low": {"dmean": 0.0142613137141, "dmean2": 0.0229266751558, "dvar": 0.00035400458728, "dvar2": 0.000893354299478, "max": 0.225988045335, "mean": 0.0246720202267, "median": 0.0191693007946, "min": 1.79712485411e-23, "var": 0.000493483210448}, "spectral_energyband_middle_high": {"dmean": 0.00361943640746, "dmean2": 0.00561359105632, "dvar": 2.2096612156e-05, "dvar2": 5.41098343092e-05, "max": 0.096708625555, "mean": 0.0111258365214, "median": 0.00933590531349, "min": 1.19073143951e-21, "var": 8.74026081874e-05}, "spectral_energyband_middle_low": {"dmean": 0.00362951797433, "dmean2": 0.00576853146777, "dvar": 1.77964375325e-05, "dvar2": 4.43291028205e-05, "max": 0.0512206070125, "mean": 0.00872816517949, "median": 0.00713653489947, "min": 1.30937581673e-22, "var": 4.58060130768e-05}, "spectral_entropy": {"dmean": 0.127769470215, "dmean2": 0.193125799298, "dvar": 0.0204417202622, "dvar2": 0.0463026687503, "max": 9.82141780853, "mean": 7.67262792587, "median": 7.72884082794, "min": 5.66749191284, "var": 0.125785678625}, "spectral_flux": {"dmean": 0.0332260429859, "dmean2": 0.0525584481657, "dvar": 0.00131258461624, "dvar2": 0.00290652224794, "max": 0.440156847239, "mean": 0.123730868101, "median": 0.117891520262, "min": 6.36352637251e-11, "var": 0.00303898309357}, "spectral_kurtosis": {"dmean": 2.82015228271, "dmean2": 4.33916282654, "dvar": 22.0304813385, "dvar2": 54.3070983887, "max": 95.3408508301, "mean": 12.106212616, "median": 10.6382884979, "min": -1.26275646687, "var": 53.7407073975}, "spectral_rms": {"dmean": 0.00127750774845, "dmean2": 0.00190014264081, "dvar": 1.80460904176e-06, "dvar2": 3.98709653382e-06, "max": 0.0182667095214, "mean": 0.00666192360222, "median": 0.00675513409078, "min": 3.13767393144e-12, "var": 5.45703824173e-06}, "spectral_rolloff": {"dmean": 5006.23974609, "dmean2": 9565.47949219, "dvar": 60074696, "dvar2": 133490488, "max": 22050, "mean": 8590.9140625, "median": 3208.44726562, "min": 64.599609375, "var": 81708952}, "spectral_skewness": {"dmean": 0.289906531572, "dmean2": 0.419702738523, "dvar": 0.134290233254, "dvar2": 0.297584652901, "max": 7.27160453796, "mean": 2.04041600227, "median": 1.90152990818, "min": -0.242387369275, "var": 0.654188454151}, "spectral_spread": {"dmean": 371358.0625, "dmean2": 586760.625, "dvar": 318089691136, "dvar2": 668217769984, "max": 42085520, "mean": 3921576.25, "median": 3519778.5, "min": 1352900.75, "var": 11962621624300.0},