{"lowlevel": {"average_loudness": 0.966868102551, "barkbands": {"dmean": [0.000228614953812, 0.00433327490464, 0.00121053599287, 0.000915967451874, 0.00291118677706, 0.00143289810512, 0.00118686654605, 0.00113947200589, 0.00209410302341, 0.000698645948432, 0.000404802820412, 0.000282760127448, 0.000176788598765, 0.000116736497148, 9.25417843973e-05, 7.30496758479e-05, 8.32248479128e-05, 8.00109992269e-05, 7.72403727751e-05, 4.1940027586e-05, 4.42689488409e-05, 2.6370442356e-05, 1.41801601785e-05, 2.03536674235e-05, 1.29616091726e-05, 3.36831976711e-06, 5.05338334733e-07], "dmean2": [0.000337103992933, 0.00673735840246, 0.0020432153251, 0.0015461173607, 0.00489002326503, 0.00222497922368, 0.00177728198469, 0.00167972396594, 0.00328604131937, 0.0010837407317, 0.000581548199989, 0.000413925008615, 0.000267315743258, 0.000181842828169, 0.00014780521451, 0.000117267663882, 0.000130595100927, 0.000128659288748, 0.000118147596368, 6.32431474514e-05, 6.4379448304e-05, 3.87389154639e-05, 2.06090826396e-05, 3.01798863802e-05, 2.0534338546e-05, 5.28034297531e-06, 8.14281406747e-07], "dvar": [1.601345474e-07, 4.07575826102e-05, 3.68694395547e-06, 2.03264971788e-06, 3.3162697946e-05, 8.57891336636e-06, 8.09533685242e-06, 1.00277193269e-05, 1.66524478118e-05, 1.83736062809e-06, 1.73042758433e-06, 8.24663288768e-07, 3.58836501846e-07, 4.6991104341e-08, 3.13893870896e-08, 6.25342480021e-08, 8.22693237978e-08, 8.8483417926e-08, 4.26404938025e-08, 1.15119576094e-08, 1.92715745584e-08, 5.86352122411e-09, 2.65517474674e-09, 4.01968192065e-09, 1.33163824412e-09, 6.9765984656e-11, 3.43275364731e-12], "dvar2": [3.51978940216e-07, 0.000100255565485, 1.00010802271e-05, 5.71464988752e-06, 9.16134013096e-05, 1.74304786924e-05, 1.63211880135e-05, 2.01730090339e-05, 4.1355524445e-05, 3.75238187189e-06, 3.0888973015e-06, 1.47528180605e-06, 8.30579892863e-07, 9.15851288141e-08, 6.78498892626e-08, 1.61081445071e-07, 2.07344186265e-07, 2.32478981843e-07, 8.93071216979e-08, 2.46964209083e-08, 3.95311055001e-08, 1.1798550581e-08, 6.04754823996e-09, 8.15842415847e-09, 3.20399662357e-09, 1.51897883161e-10, 7.55290881921e-12], "max": [0.00502660125494, 0.0772965028882, 0.0214392524213, 0.0187301635742, 0.0734858363867, 0.115861408412, 0.102672673762, 0.0792691037059, 0.0675132125616, 0.0485425516963, 0.0624412074685, 0.045183558017, 0.0202397461981, 0.00750608975068, 0.00560613721609, 0.015452420339, 0.0170984882861, 0.015817463398, 0.00582135142758, 0.00291679846123, 0.00464689359069, 0.00457349326462, 0.00212416122667, 0.00219816830941, 0.00141353649087, 0.000266187067609, 8.52590164868e-05], "mean": [0.000429597392213, 0.00747872842476, 0.00235472852364, 0.00143175362609, 0.00467778602615, 0.00267443526536, 0.00213486864232, 0.00199528993107, 0.00357577833347, 0.00124363682698, 0.000765557517298, 0.000586015463341, 0.000291764095891, 0.000199687186978, 0.000160132767633, 0.00013164455595, 0.000163887176313, 0.00014333766012, 0.000160875308211, 6.53362876619e-05, 6.27120607533e-05, 4.07669394917e-05, 1.8728815121e-05, 2.50302055065e-05, 1.31023534777e-05, 3.57025510311e-06, 4.81585971102e-07], "median": [0.000187880476005, 0.00421322835609, 0.00135452032555, 0.000876315985806, 0.00260631507263, 0.000976889859885, 0.000851406017318, 0.000564141839277, 0.00131270301063, 0.0004898365587, 0.000184361226275, 0.000139210489579, 0.000117400602903, 0.000107299885713, 8.50057331263e-05, 6.95178096066e-05, 7.94181469246e-05, 3.65693740605e-05, 2.74848771369e-05, 1.9840485038e-05, 1.42782510011e-05, 1.17869176393e-05, 4.48226955996e-06, 4.00678618462e-06, 1.69627026025e-06, 7.0345970471e-07, 6.10866308648e-08], "min": [1.00819835511e-24, 4.43137091482e-24, 2.06762514018e-24, 1.4663628524e-24, 9.79138888726e-24, 1.16507300966e-23, 1.32467495357e-23, 9.68322816854e-24, 2.32256869477e-23, 7.57860959342e-24, 1.23601566529e-23, 3.32864434351e-23, 4.1090925205e-23, 1.99083217374e-23, 6.18350198279e-23, 5.15528931933e-23, 6.07427314641e-23, 1.02633687845e-22, 1.36361208656e-22, 2.10279696907e-22, 2.35421741564e-22, 3.50080364353e-22, 4.45572873076e-22, 5.8832539492e-22, 8.97845182099e-22, 1.39181175608e-21, 1.95152787965e-21], "var": [3.43701060501e-07, 7.76493616286e-05, 7.59126260164e-06, 3.23332301377e-06, 4.18487288698e-05, 3.27061425196e-05, 1.7858148567e-05, 2.67447830993e-05, 3.87639011024e-05, 6.69115752316e-06, 5.39742359251e-06, 4.47938737125e-06, 6.8518096441e-07, 1.06897459773e-07, 6.72217268516e-08, 6.85923211563e-08, 1.20023457839e-07, 1.25712730892e-07, 1.92232391782e-07, 1.91738678268e-08, 3.20345812099e-08, 1.20312675378e-08, 3.99835764497e-09, 7.71412889122e-09, 1.53061041619e-09, 9.05702457477e-11, 4.14732267626e-12]}, "barkbands_crest": {"dmean": 2.77924060822, "dmean2": 4.59722042084, "dvar": 6.01287126541, "dvar2": 16.365447998, "max": 25.0274486542, "mean": 10.9446048737, "median": 10.1733417511, "min": 2.68695116043, "var": 16.9913425446}, "barkbands_flatness_db": {"dmean": 0.0223123524338, "dmean2": 0.0336616411805, "dvar": 0.000392420828575, "dvar2": 0.000929377507418, "max": 0.330700963736, "mean": 0.177065551281, "median": 0.177232712507, "min": 0.01637949422, "var": 0.00192688335665}, "barkbands_kurtosis": {"dmean": 2.70317769051, "dmean2": 4.33829784393, "dvar": 13.6057882309, "dvar2": 33.595451355, "max": 58.4532585144, "mean": 4.79139614105, "median": 3.31129026413, "min": -1.65968358517, "var": 31.696395874}, "barkbands_skewness": {"dmean": 0.509173810482, "dmean2": 0.78910279274, "dvar": 0.232778564095, "dvar2": 0.543208658695, "max": 6.53913736343, "mean": 1.46993303299, "median": 1.43155860901, "min": -2.48513293266, "var": 1.12272953987}, "barkbands_spread": {"dmean": 3.04368400574, "dmean2": 4.7141160965, "dvar": 12.7567386627, "dvar2": 25.8061923981, "max": 78.3750610352, "mean": 12.3962249756, "median": 10.353597641, "min": 1.13126766682, "var": 62.9782218933}, "dissonance": {"dmean": 0.0289952903986, "dmean2": 0.049330342561, "dvar": 0.000745271274354, "dvar2": 0.00205410295166, "max": 0.499999970198, "mean": 0.44500747323, "median": 0.454476773739, "min": 0.187563255429, "var": 0.0016457476886}, "dynamic_complexity": 3.27743840218, "erbbands": {"dmean": [0.173237487674, 0.852392196655, 1.24630618095, 2.34469079971, 6.78623580933, 10.0535640717, 12.5625705719, 11.5070724487, 16.6953792572, 18.133398056, 28.0468139648, 43.0823173523, 34.3903503418, 14.5286464691, 14.383603096, 10.4174451828, 8.28912258148, 4.75474977493, 5.43661689758, 4.38869905472, 3.57009935379, 4.28081083298, 4.57933950424, 3.98816895485, 3.18700051308, 1.87663114071, 1.84981799126, 1.59173452854, 0.991329848766, 0.5926014781, 0.429328352213, 0.37863856554, 0.330163240433, 0.143682405353, 0.105944499373, 0.025241015479, 0.00449013570324, 0.000955814612098, 9.0187684691e-05, 1.23065865409e-05], "dmean2": [0.253698498011, 1.40581524372, 2.13328027725, 3.93548560143, 11.4062490463, 16.7411518097, 19.9618415833, 17.9285812378, 25.2240219116, 27.4630889893, 41.3421707153, 68.5408859253, 55.5527229309, 21.4269199371, 20.810585022, 14.4905881882, 12.1552495956, 7.05573368073, 8.72282886505, 6.87491941452, 5.6322760582, 6.57418441772, 7.36416435242, 6.22722578049, 4.80478096008, 2.80507206917, 2.7104742527, 2.30028152466, 1.4458116293, 0.871430337429, 0.627507984638, 0.552015423775, 0.497616589069, 0.22151081264, 0.172237873077, 0.0402468666434, 0.00698407366872, 0.00152347248513, 0.000145997022628, 1.867078754e-05], "dvar": [0.0698036253452, 1.69563174248, 3.7617225647, 12.7010059357, 155.750366211, 417.802978516, 600.267578125, 723.878967285, 1700.67956543, 3124.70263672, 5449.20947266, 8260.97558594, 3411.95581055, 1619.27929688, 1859.91369629, 1374.81079102, 642.995605469, 114.019638062, 94.1113510132, 73.6934661865, 108.074371338, 107.253135681, 334.547698975, 101.244499207, 75.9718704224, 21.9058380127, 45.8676528931, 17.2132072449, 8.73463630676, 2.36764955521, 3.47868871689, 1.45010340214, 1.14418435097, 0.187824472785, 0.14664773643, 0.00405668560416, 0.000106317020254, 8.39692802401e-06, 9.8513389446e-08, 2.23319848724e-10], "dvar2": [0.152080789208, 4.61180114746, 10.3227300644, 35.2031745911, 433.40838623, 1142.45275879, 1393.31518555, 1435.9498291, 3463.76367188, 6573.20947266, 11585.3691406, 20804.1855469, 8115.20556641, 3334.97607422, 3438.5625, 2253.56005859, 1369.87463379, 193.107757568, 200.642349243, 165.58039856, 211.240829468, 245.266860962, 891.869628906, 218.211502075, 163.852294922, 45.361114502, 98.008102417, 33.360168457, 18.4070949554, 4.47984361649, 8.46369457245, 2.78991866112, 2.35199332237, 0.397302657366, 0.391727507114, 0.00946569629014, 0.000243692062213, 1.81419254659e-05, 2.07387031992e-07, 5.05608444001e-10], "max": [3.2363255024, 13.1521291733, 17.7832164764, 44.6455993652, 149.454238892, 319.673950195, 474.16204834, 1229.20239258, 1466.35021973, 1838.70410156, 2216.71508789, 1772.59753418, 1254.75280762, 1429.49304199, 1388.89221191, 2300.24780273, 890.139648438, 443.310791016, 391.818878174, 367.460906982, 607.744567871, 492.366638184, 995.51184082, 294.671783447, 215.695419312, 103.1926651, 257.989379883, 142.878265381, 181.884567261, 77.905670166, 89.5383071899, 42.7979202271, 36.0094680786, 13.7732200623, 20.8435840607, 1.54609417915, 0.189982712269, 0.119138732553, 0.0156245222315, 0.000265889131697], "mean": [0.312322497368, 1.29034340382, 2.38375043869, 4.42900657654, 9.80331516266, 15.8223495483, 21.1588478088, 22.0747585297, 31.0992202759, 31.865901947, 55.4514503479, 74.1960983276, 55.6313781738, 33.830657959, 28.4716968536, 23.0111274719, 15.7559900284, 9.13690757751, 9.91604328156, 8.23877811432, 7.35846948624, 8.93226718903, 8.78395557404, 8.19776248932, 6.27261400223, 3.08021903038, 2.63262224197, 2.34674954414, 1.54632115364, 0.84639698267, 0.542640089989, 0.494301587343, 0.393983125687, 0.159134730697, 0.0981410741806, 0.0249940119684, 0.00480855908245, 0.00101390248165, 9.66150546446e-05, 3.66652639059e-05], "median": [0.141453996301, 0.799295306206, 1.80353808403, 2.96797084808, 5.26336240768, 7.87031173706, 8.31328964233, 8.51654243469, 12.4360647202, 11.6013183594, 16.5978164673, 29.2414226532, 25.6500797272, 9.9559545517, 9.0502204895, 5.92477035522, 6.30903673172, 5.01025485992, 5.53345775604, 4.96558570862, 4.39542007446, 3.94201397896, 2.65840172768, 1.5699326992, 1.32805633545, 0.916566550732, 0.625974297523, 0.555187344551, 0.421482622623, 0.259809583426, 0.123835705221, 0.0937301293015, 0.0563080348074, 0.0221605692059, 0.0109535958618, 0.00407111551613, 0.00101381959394, 0.000210969970794, 2.28428925766e-05, 3.24744578393e-05], "min": [2.33567098021e-22, 8.86281718163e-22, 2.03029017581e-21, 6.47896929211e-21, 6.61199350554e-21, 2.25251620556e-20, 3.71787861604e-20, 1.0584186943e-19, 1.60895973698e-19, 2.70653703223e-19, 3.05506673989e-19, 5.56289870386e-19, 2.75224832534e-19, 6.34000542105e-19, 6.65582452988e-19, 1.35203436264e-18, 2.06584573634e-18, 1.70625636539e-18, 2.67938193349e-18, 2.84726072035e-18, 4.12333322618e-18, 4.6435859909e-18, 7.40105542857e-18, 7.95964801469e-18, 8.23045619389e-18, 1.01688017582e-17, 1.07681371254e-17, 1.06489569427e-17, 1.11700906548e-17, 1.13205506723e-17, 1.14145349335e-17, 1.1518541315e-17, 9.2081762333e-18, 7.85890155198e-18, 5.7392264169e-18, 4.42970893095e-18, 2.28658694781e-18, 9.83894839287e-19, 2.59094190204e-19, 2.8933886023e-20], "var": [0.160444736481, 2.28494501114, 5.94473218918, 23.1874294281, 185.769943237, 559.304626465, 1325.22766113, 2783.12597656, 3999.5168457, 6752.37646484, 16959.4707031, 17759.7128906, 7310.15185547, 7641.92529297, 5595.49072266, 7885.70361328, 1677.13708496, 285.901580811, 225.950454712, 138.490341187, 184.762695312, 271.127044678, 447.849761963, 444.8230896, 259.749694824, 39.9842834473, 66.7630386353, 34.7721633911, 17.2603759766, 5.70401668549, 4.17274713516, 2.84198117256, 2.15906906128, 0.262803286314, 0.133893832564, 0.00461903214455, 0.000123356701806, 9.74066460913e-06, 1.31564220851e-07, 5.60922974735e-10]}, "erbbands_crest": {"dmean": 2.98996925354, "dmean2": 4.77323961258, "dvar": 7.38553571701, "dvar2": 17.5932826996, "max": 30.8421325684, "mean": 10.7529916763, "median": 9.5433473587, "min": 2.65169858932, "var": 26.2279415131}, "erbbands_flatness_db": {"dmean": 0.0220198165625, "dmean2": 0.0314616151154, "dvar": 0.000461266143247, "dvar2": 0.000898159923963, "max": 0.390249431133, "mean": 0.189984306693, "median": 0.189212247729, "min": 0.0517468377948, "var": 0.00228251121007}, "erbbands_kurtosis": {"dmean": 1.44287526608, "dmean2": 2.28207206726, "dvar": 4.67390394211, "dvar2": 11.8133640289, "max": 39.3799629211, "mean": 1.93147027493, "median": 0.91216635704, "min": -1.68111169338, "var": 13.0176687241}, "erbbands_skewness": {"dmean": 0.364490300417, "dmean2": 0.559586644173, "dvar": 0.113509073853, "dvar2": 0.27027758956, "max": 4.98135519028, "mean": 0.785554349422, "median": 0.710839807987, "min": -1.6883456707, "var": 0.587331712246}, "erbbands_spread": {"dmean": 6.41309833527, "dmean2": 9.7558259964, "dvar": 44.9162101746, "dvar2": 93.3619155884, "max": 109.126167297, "mean": 26.0507774353, "median": 24.435552597, "min": 1.77749562263, "var": 196.854141235}, "gfcc": {"cov": [[17178.5195312, 782.863098145, -509.127868652, 333.638946533, -715.95123291, 307.939727783, -416.982086182, 187.754714966, -344.746307373, -53.5007514954, -311.270843506, -39.0656585693, -73.2475280762], [782.863098145, 930.973449707, -190.685150146, -112.822097778, 230.592071533, -91.0961608887, 63.2031898499, -56.1402626038, 102.811759949, -78.6098480225, 19.1966609955, -40.9781227112, -16.4802398682], [-509.127868652, -190.685150146, 753.035400391, 8.97594642639, 95.0439987183, 195.826629639, -60.6647109985, 15.438334465, -6.20554161072, 56.4756736755, -55.8239936829, 18.3440513611, 37.4135513306], [333.638946533, -112.822097778, 8.97594642639, 354.913482666, 17.3821144104, 7.099588871, -25.2545547485, 13.5908546448, -2.2561070919, 24.075756073, 15.3293561935, -16.9500598907, 13.6465482712], [-715.95123291, 230.592071533, 95.0439987183, 17.3821144104, 333.283874512, 17.8632049561, 44.307144165, 3.988707304, 60.5093231201, 1.29559600353, 14.0675134659, -11.3172082901, -10.1037569046], [307.939727783, -91.0961608887, 195.826629639, 7.099588871, 17.8632049561, 199.0390625, 24.1399765015, 24.096446991, -27.8429489136, 21.0097980499, -25.283449173, 6.27338266373, 5.37644529343], [-416.982086182, 63.2031898499, -60.6647109985, -25.2545547485, 44.307144165, 24.1399765015, 172.613449097, 24.8913402557, 16.2637901306, -2.3361158371, 23.2768592834, 5.02568531036, -16.0926132202], [187.754714966, -56.1402626038, 15.438334465, 13.5908546448, 3.988707304, 24.096446991, 24.8913402557, 103.014297485, 25.8922615051, 20.2142887115, 10.6091156006, 6.85629558563, -4.70814990997], [-344.746307373, 102.811759949, -6.20554161072, -2.2561070919, 60.5093231201, -27.8429489136, 16.2637901306, 25.8922615051, 123.621078491, 27.92786026, 36.5854415894, 1.24422430992, -0.489169687033], [-53.5007514954, -78.6098480225, 56.4756736755, 24.075756073, 1.29559600353, 21.0097980499, -2.3361158371, 20.2142887115, 27.92786026, 92.7084884644, 31.8339729309, 15.8805828094, 5.46967840195], [-311.270843506, 19.1966609955, -55.8239936829, 15.3293561935, 14.0675134659, -25.283449173, 23.2768592834, 10.6091156006, 36.5854415894, 31.8339729309, 110.227912903, 35.3581390381, 5.69542503357], [-39.0656585693, -40.9781227112, 18.3440513611, -16.9500598907, -11.3172082901, 6.27338266373, 5.02568531036, 6.85629558563, 1.24422430992, 15.8805828094, 35.3581390381, 77.9935760498, 22.761297226], [-73.2475280762, -16.4802398682, 37.4135513306, 13.6465482712, -10.1037569046, 5.37644529343, -16.0926132202, -4.70814990997, -0.489169687033, 5.46967840195, 5.69542503357, 22.761297226, 66.462387085]], "icov": [[0.000157724018209, -0.000483363837702, 0.000164601427969, -0.000282829045318, 0.00048936100211, -0.000476171524497, 0.000534562161192, -0.000638838682789, 0.000508366676513, -0.000360248843208, 0.000473032327136, -0.000393768132199, 0.000344182393746], [-0.000483363837702, 0.00339142791927, -4.76159184473e-05, 0.00142616801895, -0.00269896071404, 0.00148701434955, -0.0018161048647, 0.00297850137576, -0.00296509289183, 0.00248395698145, -0.00167291064281, 0.00193128956016, -0.00146141578443], [0.000164601427969, -4.76159184473e-05, 0.0025252585765, -4.18290692323e-05, -0.000504062161781, -0.00250291847624, 0.00157944229431, -0.000377887830837, -2.39602923102e-05, -0.00113998737652, 0.00157667580061, -0.00081530836178, -0.000524097646121], [-0.000282829045318, 0.00142616801895, -4.18290692323e-05, 0.00376828457229, -0.00154551875312, 0.000710027990863, -0.000422551383963, 0.000864182016812, -0.000691688852385, 0.000257814506767, -0.00173768342938, 0.00235637906007, -0.00172612199094], [0.00048936100211, -0.00269896071404, -0.000504062161781, -0.00154551875312, 0.00603801943362, -0.00151882565115, 0.000717683578841, -0.00201101740822, 0.00050446059322, -0.00104145274963, 0.00113160908222, -0.00113169429824, 0.00192327611148], [-0.000476171524497, 0.00148701434955, -0.00250291847624, 0.000710027990863, -0.00151882565115, 0.00947513245046, -0.00362175423652, 0.000461252697278, 0.000705094833393, -0.000200947994017, -0.000315496698022, 0.000965394603554, -0.00101638433989], [0.000534562161192, -0.0018161048647, 0.00157944229431, -0.000422551383963, 0.000717683578841, -0.00362175423652, 0.00915965996683, -0.00360557693057, 0.00154730316717, -0.000662259757519, 0.000286475406028, -0.00172849034425, 0.00233425851911], [-0.000638838682789, 0.00297850137576, -0.000377887830837, 0.000864182016812, -0.00201101740822, 0.000461252697278, -0.00360557693057, 0.0145702622831, -0.0054849400185, 0.000896108453162, -0.00161899672821, 0.000899193342775, -0.000397446536226], [0.000508366676513, -0.00296509289183, -2.39602923102e-05, -0.000691688852385, 0.00050446059322, 0.000705094833393, 0.00154730316717, -0.0054849400185, 0.0142288403586, -0.00493923993781, -0.000995467999019, 1.2157922356e-05, 0.000578647537623], [-0.000360248843208, 0.00248395698145, -0.00113998737652, 0.000257814506767, -0.00104145274963, -0.000200947994017, -0.000662259757519, 0.000896108453162, -0.00493923993781, 0.0163587536663, -0.00514581985772, 0.000519223045558, -0.000550731201656], [0.000473032327136, -0.00167291064281, 0.00157667580061, -0.00173768342938, 0.00113160908222, -0.000315496698022, 0.000286475406028, -0.00161899672821, -0.000995467999019, -0.00514581985772, 0.0157936289907, -0.00757785793394, 0.00138589215931], [-0.000393768132199, 0.00193128956016, -0.00081530836178, 0.00235637906007, -0.00113169429824, 0.000965394603554, -0.00172849034425, 0.000899193342775, 1.2157922356e-05, 0.000519223045558, -0.00757785793394, 0.0193949025124, -0.00662032328546], [0.000344182393746, -0.00146141578443, -0.000524097646121, -0.00172612199094, 0.00192327611148, -0.00101638433989, 0.00233425851911, -0.000397446536226, 0.000578647537623, -0.000550731201656, 0.00138589215931, -0.00662032328546, 0.0188222136348]], "mean": [-44.0514640808, 139.09046936, -111.881904602, 20.7814884186, -55.3251724243, 6.86072015762, -26.293258667, 11.0126600266, -13.8760595322, -1.22928738594, -14.1935138702, -1.30179047585, -3.93922185898]}, "hfc": {"dmean": 4.3627576828, "dmean2": 6.25020933151, "dvar": 36.5827255249, "dvar2": 74.4032821655, "max": 88.2033920288, "mean": 13.9169883728, "median": 10.3778686523, "min": 1.09242792119e-16, "var": 136.599731445}, "melbands": {"dmean": [0.00134892668575, 0.000752144202124, 0.000469002930913, 0.00064252235461, 0.000425928767072, 0.00026228648494, 0.000243030561251, 0.000209217512747, 0.00025717751123, 0.000279887142824, 0.000169237144291, 6.18987323833e-05, 5.33699203515e-05, 3.35450531566e-05, 2.87757666229e-05, 1.27728826556e-05, 9.7528572951e-06, 1.00091328932e-05, 6.5764388637e-06, 5.82621123613e-06, 4.4780740609e-06, 4.70459099233e-06, 4.7809849093e-06, 3.9547248889e-06, 3.46188630829e-06, 3.13832015308e-06, 1.64013772519e-06, 1.2819668882e-06, 1.12507927952e-06, 1.26273926071e-06, 8.68896393058e-07, 5.98211329361e-07, 4.73496612585e-07, 2.7885783993e-07, 2.52824833069e-07, 2.25495440986e-07, 2.39659698309e-07, 2.65311939529e-07, 1.73021007299e-07, 1.08047899516e-07], "dmean2": [0.00204394990578, 0.00127338292077, 0.000788040400948, 0.00106672372203, 0.000683988851961, 0.000406868115533, 0.000365854037227, 0.000315093959216, 0.000381074729376, 0.000445378391305, 0.000273459707387, 9.17790021049e-05, 7.58784735808e-05, 4.90638049087e-05, 4.19076495746e-05, 1.89384609257e-05, 1.47674845721e-05, 1.61143379955e-05, 1.04517566797e-05, 9.35766274779e-06, 7.05945785739e-06, 7.22406230125e-06, 7.67683650338e-06, 6.35541255178e-06, 5.42183943253e-06, 4.80765220345e-06, 2.50278094427e-06, 1.93915593627e-06, 1.69117060977e-06, 1.87136322438e-06, 1.27297926156e-06, 8.88006127298e-07, 7.13763370186e-07, 4.15282499944e-07, 3.76181020556e-07, 3.3256483789e-07, 3.57170677034e-07, 4.01634935088e-07, 2.68955432148e-07, 1.69802206074e-07], "dvar": [4.00307635573e-06, 1.2088571566e-06, 4.31377259247e-07, 1.70919429365e-06, 6.24406084171e-07, 3.28543848127e-07, 3.61015395356e-07, 4.06941325082e-07, 4.71342502806e-07, 3.21668068182e-07, 8.44817265033e-08, 2.93084116976e-08, 2.81805903057e-08, 1.28229249441e-08, 1.53735442154e-08, 9.41722366754e-10, 4.76772676894e-10, 3.01879410358e-10, 1.61390095732e-10, 4.67626604106e-10, 2.44855247189e-10, 2.03606798088e-10, 3.0334415535e-10, 1.21535434494e-10, 8.52373935323e-11, 1.03793362793e-10, 1.99187714933e-11, 1.08820062336e-11, 1.48920181742e-11, 1.79642255932e-11, 7.36473469015e-12, 3.46241243142e-12, 2.64133485049e-12, 5.77580192875e-13, 1.09250098117e-12, 8.3391540201e-13, 5.23490484901e-13, 7.8655945689e-13, 8.01816783542e-13, 1.35288224308e-13], "dvar2": [9.40092013479e-06, 3.29927252096e-06, 1.21143591514e-06, 4.65679295303e-06, 1.49284096551e-06, 6.60714761125e-07, 7.35025651011e-07, 8.5574026798e-07, 1.0771207144e-06, 8.30865701573e-07, 1.98389059847e-07, 5.94651154984e-08, 4.83812527818e-08, 2.39238673316e-08, 3.48492754654e-08, 1.7099892613e-09, 8.20788659261e-10, 6.59061361041e-10, 3.62874869042e-10, 1.19743015503e-09, 5.83112558239e-10, 4.96243601766e-10, 7.74236008638e-10, 2.95106605819e-10, 1.85266760266e-10, 2.26505453282e-10, 4.37622889315e-11, 2.36086254712e-11, 3.2210959594e-11, 3.85987145024e-11, 1.52264381659e-11, 7.59915047555e-12, 5.86793114099e-12, 1.11286153903e-12, 2.6461372156e-12, 1.83165548701e-12, 1.01002713138e-12, 1.55945037699e-12, 1.94373618763e-12, 3.00118626782e-13], "max": [0.024614457041, 0.0116612343118, 0.00770882470533, 0.0164855141193, 0.0124464668334, 0.0252002775669, 0.0230575334281, 0.0196795798838, 0.0206526126713, 0.010374667123, 0.00687855109572, 0.0052867247723, 0.00658475188538, 0.00511942524463, 0.00517567014322, 0.000994400470518, 0.000990169472061, 0.000703785684891, 0.000355824187864, 0.0013551217271, 0.000983825186267, 0.000772639061324, 0.000980187091045, 0.000451987143606, 0.000292390264804, 0.000297450722428, 0.000145265628817, 7.04897174728e-05, 0.000122474084492, 0.000145971527672, 0.000115847164125, 0.000112986446766, 7.30317478883e-05, 3.60239537258e-05, 4.45997720817e-05, 3.85070743505e-05, 3.0466770113e-05, 3.40718834195e-05, 4.92116741952e-05, 1.54915269377e-05], "mean": [0.00234962999821, 0.00141464569606, 0.000881553627551, 0.000982602126896, 0.000737944210414, 0.000513400183991, 0.000445766345365, 0.000360950885806, 0.000499556132127, 0.000469963881187, 0.000267979397904, 0.000135746784508, 0.000102981372038, 6.39769350528e-05, 5.61974156881e-05, 2.26178544835e-05, 1.69094291778e-05, 1.70782859641e-05, 1.12292718768e-05, 1.01093701232e-05, 8.25425013318e-06, 9.00389204617e-06, 9.14797965379e-06, 6.91656077834e-06, 6.57314012642e-06, 6.17509431322e-06, 2.66163033302e-06, 1.88705473647e-06, 1.57077465701e-06, 1.6399234255e-06, 1.28846522784e-06, 9.17307488635e-07, 6.75018668517e-07, 3.76261738211e-07, 3.06196938027e-07, 2.94532327416e-07, 3.05093351471e-07, 3.16726612937e-07, 1.84467921827e-07, 1.16555220586e-07], "median": [0.00120600662194, 0.00120095442981, 0.000640726822894, 0.000523474765942, 0.000325737753883, 0.000208362180274, 0.000182115836651, 0.000113222748041, 0.000134748974233, 0.000181007824722, 0.000116187096864, 3.41131089954e-05, 2.91621745419e-05, 1.64874727488e-05, 1.42971439345e-05, 9.91049000731e-06, 8.36499657453e-06, 9.06022705749e-06, 6.08383288636e-06, 5.01599106428e-06, 4.66174333269e-06, 3.94156313632e-06, 3.21909078593e-06, 1.7295122916e-06, 1.10904920803e-06, 9.72435259428e-07, 7.82884342243e-07, 5.14519626904e-07, 3.71108598074e-07, 3.47474355067e-07, 2.90242724077e-07, 2.26418720217e-07, 2.07958180454e-07, 1.05451626098e-07, 6.74787372645e-08, 5.54801680153e-08, 5.36443529597e-08, 4.18426644444e-08, 2.2885711104e-08, 1.54667780805e-08], "min": [2.91431566343e-24, 1.13360564397e-24, 2.44659391905e-24, 7.99970433349e-25, 9.73651572269e-25, 2.30121119295e-24, 2.82399404801e-24, 3.03937654375e-24, 2.45367177631e-24, 3.83655362063e-24, 1.14426492974e-24, 2.09897052825e-24, 1.82144314812e-24, 2.78427430979e-24, 3.2174463131e-24, 3.8738738412e-24, 2.09943418125e-24, 3.71349644701e-24, 4.97688676901e-24, 2.66807075971e-24, 3.888209416e-24, 3.99712625789e-24, 5.25770034645e-24, 4.4242029302e-24, 4.65635483385e-24, 5.1474720233e-24, 4.6466711718e-24, 6.69713641793e-24, 5.0289263452e-24, 5.43726481e-24, 5.88516701578e-24, 6.80466131476e-24, 4.79220535919e-24, 5.80747052751e-24, 6.15329373772e-24, 6.7738160645e-24, 6.5910685472e-24, 5.56161847652e-24, 6.54473914066e-24, 6.13593840337e-24], "var": [8.28443353385e-06, 1.71133694948e-06, 7.69764199049e-07, 2.05247260965e-06, 1.32207867409e-06, 1.29071293031e-06, 8.11910410903e-07, 9.02036276784e-07, 1.41829400491e-06, 6.71473685543e-07, 1.87402577012e-07, 1.35002693469e-07, 9.13963802418e-08, 5.45206404468e-08, 4.79394515196e-08, 2.32274044443e-09, 1.16075193901e-09, 7.16368797615e-10, 3.41754097244e-10, 4.96149787921e-10, 3.05039438153e-10, 3.36511735144e-10, 4.52188619882e-10, 2.64503807745e-10, 3.30528382442e-10, 3.65011076919e-10, 3.52644302648e-11, 1.74846057771e-11, 2.11633054831e-11, 2.64919423204e-11, 1.34216899747e-11, 6.35621329875e-12, 4.33518368773e-12, 1.32749789893e-12, 1.31832511487e-12, 1.23606517816e-12, 1.11612802334e-12, 1.70066597523e-12, 8.13281299944e-13, 1.69520525547e-13]}, "melbands_crest": {"dmean": 3.42098593712, "dmean2": 5.55454206467, "dvar": 9.113240242, "dvar2": 23.4559020996, "max": 33.143321991, "mean": 14.470911026, "median": 13.5434331894, "min": 1.32453334332, "var": 29.5575771332}, "melbands_flatness_db": {"dmean": 0.0261264257133, "dmean2": 0.0397522225976, "dvar": 0.00057513412321, "dvar2": 0.00135967927054, "max": 0.465008437634, "mean": 0.261897832155, "median": 0.264334827662, "min": 0.000984148937277, "var": 0.00362519617192}, "melbands_kurtosis": {"dmean": 4.94366979599, "dmean2": 7.98141431808, "dvar": 48.4170684814, "dvar2": 119.331314087, "max": 111.839599609, "mean": 9.29525661469, "median": 6.24251842499, "min": -1.66057479382, "var": 110.718002319}, "melbands_skewness": {"dmean": 0.647176146507, "dmean2": 1.00790071487, "dvar": 0.370377063751, "dvar2": 0.866064369678, "max": 8.45553398132, "mean": 2.0257024765, "median": 1.93571531773, "min": -2.08558416367, "var": 1.77119755745}, "melbands_spread": {"dmean": 3.46651530266, "dmean2": 5.53348588943, "dvar": 17.3544425964, "dvar2": 41.1838912964, "max": 167.316589355, "mean": 14.3716068268, "median": 11.944103241, "min": 1.54251277447, "var": 158.22215271}, "mfcc": {"cov": [[7617.81884766, 678.05847168, 3.87393045425, 264.749847412, -205.960372925, 0.00536171440035, -4.70468854904, 23.0095863342, -24.2537384033, 15.1370630264, -36.5731468201, -135.312332153, -203.014266968], [678.05847168, 1358.74621582, -226.917449951, 14.3781099319, 102.459709167, 48.9119377136, -29.0267620087, 86.0358581543, 39.5862159729, 24.9194259644, 23.9598464966, -3.21929502487, 3.15996170044], [3.87393045425, -226.917449951, 554.239624023, -61.6125106812, 75.3189697266, 81.9496078491, 22.8896465302, -29.6743507385, 41.9481430054, 24.6195869446, -77.4632492065, 19.8114509583, -5.61972427368], [264.749847412, 14.3781099319, -61.6125106812, 255.51802063, 67.4982299805, 0.641641080379, -3.1751768589, -8.60058498383, 8.24106311798, 7.73905754089, 31.9174613953, -3.27235651016, -1.66004860401], [-205.960372925, 102.459709167, 75.3189697266, 67.4982299805, 248.047103882, 56.3614883423, 0.489150524139, -7.56116294861, 32.5622711182, 24.8443069458, -5.65080690384, 23.4609203339, -0.744044959545], [0.00536171440035, 48.9119377136, 81.9496078491, 0.641641080379, 56.3614883423, 138.802841187, 48.019569397, 10.3395147324, 30.8683490753, 6.92650794983, -12.3985776901, 12.9837474823, 2.81138062477], [-4.70468854904, -29.0267620087, 22.8896465302, -3.1751768589, 0.489150524139, 48.019569397, 130.637985229, 36.9060745239, 17.1122093201, 4.72311353683, 6.22115278244, 10.147192955, -0.528574347496], [23.0095863342, 86.0358581543, -29.6743507385, -8.60058498383, -7.56116294861, 10.3395147324, 36.9060745239, 104.216941833, 17.9572315216, 4.26515102386, 19.8072681427, 2.48206210136, 4.49648237228], [-24.2537384033, 39.5862159729, 41.9481430054, 8.24106311798, 32.5622711182, 30.8683490753, 17.1122093201, 17.9572315216, 95.7229766846, 22.1443119049, 5.68997859955, 3.29007697105, -9.24894142151], [15.1370630264, 24.9194259644, 24.6195869446, 7.73905754089, 24.8443069458, 6.92650794983, 4.72311353683, 4.26515102386, 22.1443119049, 77.8907928467, 16.0670547485, 13.5657939911, -6.12948846817], [-36.5731468201, 23.9598464966, -77.4632492065, 31.9174613953, -5.65080690384, -12.3985776901, 6.22115278244, 19.8072681427, 5.68997859955, 16.0670547485, 118.091163635, 25.5288295746, 18.6357059479], [-135.312332153, -3.21929502487, 19.8114509583, -3.27235651016, 23.4609203339, 12.9837474823, 10.147192955, 2.48206210136, 3.29007697105, 13.5657939911, 25.5288295746, 95.6547927856, 35.1275405884], [-203.014266968, 3.15996170044, -5.61972427368, -1.66004860401, -0.744044959545, 2.81138062477, -0.528574347496, 4.49648237228, -9.24894142151, -6.12948846817, 18.6357059479, 35.1275405884, 83.1871643066]], "icov": [[0.000173350781552, -0.000130967455334, -0.000126536149764, -0.00028549801209, 0.00030625044019, -3.6253783037e-05, -1.27111316033e-05, -2.01372972697e-06, 0.000133500347147, -3.05533103528e-05, 1.15321736303e-05, 3.31731280312e-05, 0.000413776317146], [-0.000130967455334, 0.00104487384669, 0.000625947199296, 0.000386664731195, -0.000682064215653, -0.000501564762089, 0.000570169708226, -0.000775235297624, -0.000324135529809, -0.000258164771367, 0.000162835785886, 7.01705503161e-05, -0.000374102033675], [-0.000126536149764, 0.000625947199296, 0.00279269134626, 0.000878380145878, -0.000906308239792, -0.00113296601921, 0.000107753941847, 0.000319182843668, -0.000930267793592, -0.00078295666026, 0.00152381823864, -0.000458774098661, -0.000421538861701], [-0.00028549801209, 0.000386664731195, 0.000878380145878, 0.00514042470604, -0.00209642807022, 0.000116264833196, -9.48837259784e-05, 0.000611979223322, -0.000498334004078, -1.37754077514e-05, -0.00117894669529, 0.000681279459968, -0.000685871171299], [0.00030625044019, -0.000682064215653, -0.000906308239792, -0.00209642807022, 0.00607322156429, -0.0016389482189, 0.000580066931434, 0.000478958681924, -0.000478522182675, -0.000868823728524, 0.000444536068244, -0.00117455772124, 0.00103691930417], [-3.6253783037e-05, -0.000501564762089, -0.00113296601921, 0.000116264833196, -0.0016389482189, 0.0104208681732, -0.0036518718116, 0.000448774721008, -0.00180140393786, 0.000710147432983, 0.000637140998151, -0.000430138228694, -0.000667000073008], [-1.27111316033e-05, 0.000570169708226, 0.000107753941847, -9.48837259784e-05, 0.000580066931434, -0.0036518718116, 0.010233445093, -0.00357407238334, -0.000312246120302, -0.000158793278388, -0.000211965321796, -0.000827314623166, 0.000689943612088], [-2.01372972697e-06, -0.000775235297624, 0.000319182843668, 0.000611979223322, 0.000478958681924, 0.000448774721008, -0.00357407238334, 0.0122578954324, -0.00186902284622, 0.000138431350933, -0.00152612500824, 0.000522865855601, -0.000714363763109], [0.000133500347147, -0.000324135529809, -0.000930267793592, -0.000498334004078, -0.000478522182675, -0.00180140393786, -0.000312246120302, -0.00186902284622, 0.013022672385, -0.00258422247134, -0.00086786103202, 0.000307106878608, 0.00174318067729], [-3.05533103528e-05, -0.000258164771367, -0.00078295666026, -1.37754077514e-05, -0.000868823728524, 0.000710147432983, -0.000158793278388, 0.000138431350933, -0.00258422247134, 0.0150896804407, -0.00227324152365, -0.0019367657369, 0.00199344241992], [1.15321736303e-05, 0.000162835785886, 0.00152381823864, -0.00117894669529, 0.000444536068244, 0.000637140998151, -0.000211965321796, -0.00152612500824, -0.00086786103202, -0.00227324152365, 0.0112586887553, -0.00255347858183, -0.00154295621905], [3.31731280312e-05, 7.01705503161e-05, -0.000458774098661, 0.000681279459968, -0.00117455772124, -0.000430138228694, -0.000827314623166, 0.000522865855601, 0.000307106878608, -0.0019367657369, -0.00255347858183, 0.0139732463285, -0.00540562020615], [0.000413776317146, -0.000374102033675, -0.000421538861701, -0.000685871171299, 0.00103691930417, -0.000667000073008, 0.000689943612088, -0.000714363763109, 0.00174318067729, 0.00199344241992, -0.00154295621905, -0.00540562020615, 0.0160467326641]], "mean": [-682.985168457, 167.326446533, 1.54043734074, 21.0736579895, -3.22771549225, 0.71834474802, -2.62429833412, 7.72298955917, 6.27755308151, 2.86956858635, 1.21539092064, 0.183113366365, -4.35793304443]}, "pitch_salience": {"dmean": 0.071635723114, "dmean2": 0.116545379162, "dvar": 0.00372403301299, "dvar2": 0.0101532181725, "max": 0.977676212788, "mean": 0.544384241104, "median": 0.547408759594, "min": 0.138708382845, "var": 0.0112183298916}, "silence_rate_20dB": {"dmean": 0, "dmean2": 0, "dvar": 0, "dvar2": 0, "max": 1, "mean": 1, "median": 1, "min": 1, "var": 0}, "silence_rate_30dB": {"dmean": 0.00361228175461, "dmean2": 0.00722565129399, "dvar": 0.00359943090007, "dvar2": 0.00867944397032, "max": 1, "mean": 0.996839702129, "median": 1, "min": 0, "var": 0.00314999534748}, "silence_rate_60dB": {"dmean": 0.00270921131596, "dmean2": 0.00541923847049, "dvar": 0.00270176283084, "dvar2": 0.00659435801208, "max": 1, "mean": 0.0549285188317, "median": 0, "min": 0, "var": 0.0519115515053}, "spectral_centroid": {"dmean": 152.38092041, "dmean2": 237.469406128, "dvar": 54918.9101562, "dvar2": 107825.382812, "max": 11734.1630859, "mean": 885.394287109, "median": 695.650146484, "min": 259.857330322, "var": 807052.75}, "spectral_complexity": {"dmean": 2.633654356, "dmean2": 4.13096475601, "dvar": 9.31398868561, "dvar2": 20.2034778595, "max": 51, "mean": 14.9492855072, "median": 14, "min": 0, "var": 39.479763031}, "spectral_contrast_coeffs": {"dmean": [0.0512679554522, 0.047906819731, 0.0416851453483, 0.0298203676939, 0.0229457132518, 0.0194949749857], "dmean2": [0.0840988308191, 0.0778376683593, 0.0694154724479, 0.0478643327951, 0.0356368348002, 0.0304018519819], "dvar": [0.00188127125148, 0.00162377546076, 0.00114498788025, 0.000596733298153, 0.00037584855454, 0.00033685498056], "dvar2": [0.00493921060115, 0.00410246383399, 0.00300983665511, 0.00142137263902, 0.000850158277899, 0.000773176841903], "max": [-0.331204175949, -0.395616203547, -0.441157668829, -0.544468045235, -0.597236812115, -0.58734190464], "mean": [-0.663240492344, -0.722854793072, -0.724013447762, -0.779465079308, -0.787530779839, -0.762706756592], "median": [-0.669015049934, -0.73565351963, -0.731367886066, -0.781259894371, -0.791323661804, -0.766901791096], "min": [-0.973187208176, -0.975606262684, -0.980061531067, -0.981176137924, -0.973308503628, -0.964890241623], "var": [0.00853754673153, 0.0072840899229, 0.00489154085517, 0.00248685688712, 0.0022414450068, 0.00189817871433]}, "spectral_contrast_valleys": {"dmean": [0.389113128185, 0.346758842468, 0.31240516901, 0.293237745762, 0.316595494747, 0.39113047719], "dmean2": [0.624217689037, 0.564075231552, 0.500329375267, 0.44520431757, 0.459330320358, 0.506987154484], "dvar": [0.150063186884, 0.117768146098, 0.100901760161, 0.0924886465073, 0.128385186195, 0.20592404902], "dvar2": [0.306416004896, 0.245648726821, 0.194113045931, 0.163556799293, 0.228403389454, 0.368719011545], "max": [-5.26640081406, -4.52291965485, -5.17743349075, -6.2096619606, -6.02645540237, -8.02509212494], "mean": [-7.08760738373, -6.61844491959, -7.43387365341, -8.21049976349, -8.41310024261, -11.2381134033], "median": [-6.69041347504, -6.36762857437, -7.19002437592, -7.97941398621, -8.26870822906, -11.1594743729], "min": [-28.3012275696, -28.0656585693, -27.5423240662, -27.8588218689, -27.4859409332, -27.405796051], "var": [3.79446983337, 3.5203268528, 3.38932991028, 3.09226989746, 3.14318013191, 2.88120031357]}, "spectral_decrease": {"dmean": 2.55904475388e-09, "dmean2": 3.92537513605e-09, "dvar": 8.84965630349e-18, "dvar2": 2.02925850387e-17, "max": 3.41678251028e-23, "mean": -7.83389175751e-09, "median": -7.06335390177e-09, "min": -3.90765393377e-08, "var": 2.40035224074e-17}, "spectral_energy": {"dmean": 0.00998779013753, "dmean2": 0.0152699649334, "dvar": 0.000135610360303, "dvar2": 0.000309740775265, "max": 0.152802944183, "mean": 0.0308292545378, "median": 0.0276986528188, "min": 1.00790132026e-20, "var": 0.000372609909391}, "spectral_energyband_high": {"dmean": 0.000130610264023, "dmean2": 0.000183257681783, "dvar": 8.93697347237e-08, "dvar2": 1.57974696435e-07, "max": 0.0107423113659, "mean": 0.000197464600205, "median": 5.31067889824e-05, "min": 7.04784458304e-21, "var": 2.0212391405e-07}, "spectral_energyband_low": {"dmean": 0.00523730320856, "dmean2": 0.00823992211372, "dvar": 5.01543181599e-05, "dvar2": 0.000120396180137, "max": 0.0893231704831, "mean": 0.0110157951713, "median": 0.00842565204948, "min": 1.94145642305e-23, "var": 0.00010701060819}, "spectral_energyband_middle_high": {"dmean": 0.00116426614113, "dmean2": 0.00164879614022, "dvar": 4.72236843052e-06, "dvar2": 8.21099911263e-06, "max": 0.063875772059, "mean": 0.00355810136534, "median": 0.00175676401705, "min": 1.1271091133e-21, "var": 2.9140008337e-05}, "spectral_energyband_middle_low": {"dmean": 0.00653489865363, "dmean2": 0.0101009570062, "dvar": 9.12210307433e-05, "dvar2": 0.000215863692574, "max": 0.125267162919, "mean": 0.0169572699815, "median": 0.0131430365145, "min": 1.77424094588e-22, "var": 0.000221998430789}, "spectral_entropy": {"dmean": 0.208479091525, "dmean2": 0.30791965127, "dvar": 0.0392818786204, "dvar2": 0.0821266099811, "max": 9.82845020294, "mean": 7.11047649384, "median": 7.0856013298, "min": 5.50648736954, "var": 0.209456861019}, "spectral_flux": {"dmean": 0.0264104865491, "dmean2": 0.0411073379219, "dvar": 0.00076351093594, "dvar2": 0.00168096274137, "max": 0.304932147264, "mean": 0.082361318171, "median": 0.0763864219189, "min": 6.27933607888e-11, "var": 0.00182564312126}, "spectral_kurtosis": {"dmean": 3.36580634117, "dmean2": 5.54471206665, "dvar": 11.0195960999, "dvar2": 28.8930778503, "max": 42.8764724731, "mean": 8.54775047302, "median": 7.5321149826, "min": -1.24690008163, "var": 30.1549549103}, "spectral_rms": {"dmean": 0.000849661941174, "dmean2": 0.00128755124751, "dvar": 7.33816705178e-07, "dvar2": 1.65020071563e-06, "max": 0.0122096706182, "mean": 0.00515911448747, "median": 0.00519837252796, "min": 3.13579067227e-12, "var": 3.46085244018e-06}, "spectral_rolloff": {"dmean": 187.30128479, "dmean2": 316.299560547, "dvar": 184131.71875, "dvar2": 416629.15625, "max": 19509.0820312, "mean": 871.80255127, "median": 667.529296875, "min": 64.599609375, "var": 2467119.25}, "spectral_skewness": {"dmean": 0.356496244669, "dmean2": 0.568387746811, "dvar": 0.106026373804, "dvar2": 0.255089640617, "max": 5.11029005051, "mean": 2.12648081779, "median": 2.14076709747, "min": -0.0774939283729, "var": 0.499292254448}, "spectral_spread": {"dmean": 577095.625, "dmean2": 829618.5, "dvar": 742902071296, "dvar2": 1406616993790.0, "max": 42750948, "me