{"lowlevel": {"average_loudness": 0.401565253735, "barkbands": {"dmean": [1.64223110914e-05, 0.000281646149233, 0.000427956198109, 0.000212017126614, 0.000551404198632, 0.000599612423684, 0.000770157552324, 0.000783319352195, 0.00116511364467, 0.000432754022768, 0.000425953621743, 0.000504585972521, 0.000493788567837, 0.000416372087784, 0.000307913927827, 0.000305985129671, 0.000264264876023, 0.000189768528799, 0.000199816320674, 0.000123250632896, 0.000144169913256, 0.000110790118924, 9.87183084362e-05, 7.72779458202e-05, 6.11986615695e-05, 3.25699584209e-05, 2.60154047282e-06], "dmean2": [2.65743437922e-05, 0.000437234761193, 0.000761324190535, 0.000357342913048, 0.000933257048018, 0.000957810785621, 0.0012048643548, 0.00122495775577, 0.00177950772922, 0.000684150320012, 0.000678186304867, 0.00076519139111, 0.000767402525526, 0.000646425352897, 0.000451237778179, 0.000445047218818, 0.000402489560656, 0.00028409526567, 0.000313978060149, 0.000190471968381, 0.000213804247323, 0.000162431766512, 0.000148601815454, 0.000117912015412, 9.6139148809e-05, 5.21813599335e-05, 4.33825744039e-06], "dvar": [1.85924831086e-09, 5.50323306925e-07, 1.22324297536e-06, 1.65154503406e-07, 2.11775636672e-06, 1.42366070577e-06, 4.53045913673e-06, 2.97426731777e-06, 1.05781618913e-05, 2.13102089219e-06, 1.72445015778e-06, 2.1835435291e-06, 2.33196760746e-06, 1.21096866224e-06, 5.86099815791e-07, 3.97612183178e-07, 2.53213755741e-07, 1.10408493015e-07, 2.97980562891e-07, 9.19498504004e-08, 1.2322355758e-07, 6.75118911886e-08, 4.98507617408e-08, 3.40357608763e-08, 2.41412916324e-08, 8.50976089595e-09, 7.69342298201e-11], "dvar2": [4.03299704743e-09, 1.30742307647e-06, 3.43537953995e-06, 4.46240392193e-07, 5.71012105866e-06, 3.57091994374e-06, 1.03844304249e-05, 6.67301992507e-06, 2.43013200816e-05, 5.77807804802e-06, 4.32289380115e-06, 4.64341383122e-06, 5.49927017346e-06, 2.75787829196e-06, 1.20753441024e-06, 7.86793464158e-07, 5.54007783649e-07, 2.43111060172e-07, 7.79112724558e-07, 2.15887169475e-07, 2.61018470837e-07, 1.4396900383e-07, 1.16358215507e-07, 8.55736814742e-08, 6.19111588662e-08, 2.22271996364e-08, 2.04444502994e-10], "max": [0.00216359412298, 0.0227888152003, 0.0200186930597, 0.00663146981969, 0.0200967621058, 0.0295787900686, 0.0539210513234, 0.073354922235, 0.117339529097, 0.0443670898676, 0.0468731895089, 0.0417807213962, 0.0469548068941, 0.0268042851239, 0.0213394816965, 0.0156811252236, 0.00942280143499, 0.00515185017139, 0.0118204597384, 0.0109051419422, 0.00869270414114, 0.00937659293413, 0.00358943198808, 0.00381031772122, 0.00252586673014, 0.00161416723859, 0.000187575322343], "mean": [2.81228003587e-05, 0.000368915410945, 0.000449930434115, 0.000280413660221, 0.000753450789489, 0.00104246858973, 0.001098452718, 0.00120794551913, 0.0020947214216, 0.000645091931801, 0.000631185190286, 0.000808107724879, 0.000758471200243, 0.000621134706307, 0.000527580734342, 0.000584956665989, 0.00045246668742, 0.000352942122845, 0.000314016564516, 0.000214521802263, 0.000262048910372, 0.000167407662957, 0.000134581656312, 9.62705962593e-05, 6.50350193609e-05, 3.02406533592e-05, 2.09445852306e-06], "median": [2.00826725631e-05, 9.83214049484e-05, 0.000118276177091, 0.000126899976749, 0.000341606501024, 0.000400212768, 0.000302558095427, 0.000301574182231, 0.000367025262676, 6.37631019345e-05, 8.04583905847e-05, 0.000122616795124, 6.56599513604e-05, 7.11188331479e-05, 7.88314355304e-05, 9.76086012088e-05, 0.000114626760478, 0.00012154061551, 8.16546962596e-05, 6.47447814117e-05, 8.55374673847e-05, 4.60277260572e-05, 3.67516004189e-05, 2.54291444435e-05, 1.20841241369e-05, 2.6004722713e-06, 7.52589315312e-08], "min": [2.09897043581e-26, 8.62474643883e-25, 1.42084528235e-24, 5.77748365652e-25, 3.64130463013e-24, 4.45354618929e-24, 6.63838442429e-24, 6.36537938652e-24, 1.07073920823e-23, 1.04633429729e-23, 6.74686463167e-24, 1.90926348283e-23, 1.68195715729e-23, 2.74716581949e-23, 3.67999320882e-23, 6.63762206911e-23, 5.29072727043e-23, 7.45800964264e-23, 1.13839633708e-22, 1.2508682122e-22, 2.28111967089e-22, 2.82836573371e-22, 3.5593570651e-22, 5.38041002684e-22, 8.68944044835e-22, 1.32755339342e-21, 1.81920139791e-21], "var": [2.09679540397e-09, 6.39928146029e-07, 9.498398299e-07, 1.99383279664e-07, 2.02122123483e-06, 3.09652682517e-06, 6.43318162474e-06, 7.85263546277e-06, 3.06632864522e-05, 4.91008859171e-06, 3.58329793926e-06, 5.58595093025e-06, 5.87399972574e-06, 2.59778403233e-06, 1.59502678798e-06, 1.57979604865e-06, 6.71506143135e-07, 3.13661558948e-07, 4.40991328787e-07, 1.83940656484e-07, 2.8601252211e-07, 1.34985356226e-07, 7.45853796502e-08, 3.76499755816e-08, 2.33296351126e-08, 7.38756833485e-09, 5.88721987826e-11]}, "barkbands_crest": {"dmean": 2.57192063332, "dmean2": 4.18264436722, "dvar": 5.60644340515, "dvar2": 13.6894130707, "max": 26.9169902802, "mean": 8.57285308838, "median": 7.79072809219, "min": 2.21928071976, "var": 13.6065711975}, "barkbands_flatness_db": {"dmean": 0.0206842944026, "dmean2": 0.0297121684998, "dvar": 0.000411017448641, "dvar2": 0.000839459127747, "max": 1, "mean": 0.110792547464, "median": 0.107842192054, "min": 0.0197187028825, "var": 0.00187411194202}, "barkbands_kurtosis": {"dmean": 6.28997278214, "dmean2": 11.5977325439, "dvar": 66578.8203125, "dvar2": 201810.265625, "max": 16846.125, "mean": 4.50634813309, "median": 0.553338170052, "min": -1.89941525459, "var": 34796.0429688}, "barkbands_skewness": {"dmean": 0.56036233902, "dmean2": 0.846285581589, "dvar": 1.34961867332, "dvar2": 3.84456253052, "max": 81.005279541, "mean": 0.903050303459, "median": 0.814218103886, "min": -4.32586336136, "var": 2.31188607216}, "barkbands_spread": {"dmean": 7.94552946091, "dmean2": 12.0717191696, "dvar": 102.723304749, "dvar2": 227.3253479, "max": 110.318862915, "mean": 25.1761169434, "median": 21.9622116089, "min": 0.00306499470025, "var": 222.52204895}, "dissonance": {"dmean": 0.0233778264374, "dmean2": 0.0388963595033, "dvar": 0.000553801248316, "dvar2": 0.00144647189882, "max": 0.500000059605, "mean": 0.455545216799, "median": 0.465377956629, "min": 0.234696134925, "var": 0.00129794504028}, "dynamic_complexity": 4.53067350388, "erbbands": {"dmean": [0.00783560797572, 0.0709258168936, 0.393500685692, 0.648267507553, 1.35752141476, 1.95616781712, 2.92131781578, 5.62438774109, 8.34260177612, 14.2540493011, 21.0334815979, 22.8955478668, 16.9526004791, 12.6060619354, 15.0645198822, 19.0559082031, 19.0262184143, 21.7901687622, 14.7292499542, 14.1858119965, 16.4253921509, 14.0430526733, 9.30598926544, 10.5658378601, 7.77900648117, 5.61373233795, 6.46729660034, 5.08136749268, 3.84475421906, 3.421200037, 2.81352734566, 1.84708666801, 1.20274925232, 0.727178633213, 0.424931555986, 0.194840475917, 0.0486406385899, 0.00842177122831, 0.000336826371495, 1.3790057892e-05], "dmean2": [0.0120746046305, 0.116328828037, 0.692170858383, 1.1048823595, 2.37980556488, 3.21638536453, 4.69429683685, 8.90613365173, 13.0570907593, 22.2851295471, 32.5101928711, 35.0840263367, 26.4205970764, 19.5956954956, 23.4024715424, 28.8401050568, 29.1487407684, 32.8200111389, 21.1809597015, 20.1596221924, 23.600774765, 20.9186954498, 13.8923196793, 15.8984613419, 12.3428497314, 8.6242647171, 9.72008037567, 7.49067544937, 5.62288713455, 5.11338281631, 4.27133178711, 2.82894921303, 1.83725631237, 1.14148581028, 0.673320889473, 0.315493673086, 0.0774887576699, 0.0132563896477, 0.000557219143957, 2.13518542296e-05], "dvar": [0.000503919436596, 0.0341308526695, 0.980920255184, 1.83043575287, 19.7471656799, 21.6041088104, 30.278755188, 163.985687256, 644.528198242, 1242.00939941, 2702.67529297, 4123.34423828, 2684.31103516, 1185.76062012, 1862.62426758, 3254.46459961, 3411.38574219, 3561.08300781, 1161.12658691, 1172.32617188, 1050.89489746, 731.407897949, 268.625061035, 474.641296387, 600.545227051, 214.530731201, 223.009643555, 188.536148071, 82.2748565674, 59.8435974121, 41.9940490723, 19.4226551056, 8.21827507019, 3.34004235268, 1.22502100468, 0.317293167114, 0.0173942577094, 0.000558448489755, 1.49942820826e-06, 1.0172567233e-09], "dvar2": [0.00115674210247, 0.0852617248893, 2.71139907837, 4.90539503098, 57.244556427, 56.3453292847, 77.1116104126, 407.115600586, 1469.61486816, 2972.22290039, 6087.08300781, 9659.25390625, 7044.51660156, 2942.90820313, 4323.26171875, 6937.76513672, 7829.375, 7878.94238281, 2482.53710938, 2370.13305664, 2046.31188965, 1586.61022949, 604.281494141, 1110.87182617, 1596.73217773, 518.12701416, 485.892181396, 412.023406982, 171.539932251, 130.204742432, 100.364784241, 48.5716056824, 20.6753177643, 8.57762050629, 3.15845894814, 0.838995039463, 0.0448685847223, 0.0014022255782, 4.00228918807e-06, 2.63037347459e-09], "max": [0.486242324114, 5.55414009094, 17.3794136047, 30.6420879364, 61.5052680969, 66.307472229, 101.270500183, 360.310302734, 904.511169434, 1091.41894531, 2475.76025391, 2062.87280273, 1619.40441895, 1099.26623535, 1226.92956543, 1975.22436523, 2246.60644531, 1452.56933594, 867.13494873, 1006.47564697, 898.966125488, 614.863220215, 316.069213867, 455.749298096, 476.365722656, 568.905700684, 293.98046875, 375.261352539, 340.583374023, 165.299728394, 106.217140198, 85.2877807617, 51.8488960266, 24.8796081543, 19.6749591827, 10.1746988297, 1.93500638008, 0.40850803256, 0.0259497445077, 0.000593899399973], "mean": [0.00817753374577, 0.0952584892511, 0.441700488329, 0.817552506924, 1.50433790684, 2.796261549, 4.90688657761, 9.67579746246, 12.4713306427, 21.3586101532, 36.2613983154, 41.2781715393, 30.574098587, 21.3841972351, 24.5880584717, 33.1414222717, 33.6162261963, 36.0403823853, 26.8307170868, 27.4109516144, 33.83045578, 26.4646320343, 18.8945446014, 19.7958030701, 12.41938591, 10.0363912582, 12.1749868393, 8.57075405121, 6.02492332458, 4.85484361649, 3.74387931824, 2.35810732841, 1.4508471489, 0.798514544964, 0.430593073368, 0.181070134044, 0.0454422906041, 0.00775989145041, 0.000281327520497, 2.61933819274e-05], "median": [0.0015137582086, 0.0288941245526, 0.135028451681, 0.349921017885, 0.581506252289, 1.11872506142, 2.23023295403, 3.28410935402, 3.79018306732, 6.79256725311, 8.92699241638, 7.85277414322, 4.46046352386, 3.26630949974, 4.15298318863, 4.9610080719, 3.90617513657, 4.01141166687, 3.99304676056, 5.0635061264, 6.67771100998, 7.66357088089, 6.9529004097, 6.30784654617, 3.5530436039, 3.15218114853, 3.72759366035, 2.68585824966, 1.72428119183, 1.32884812355, 0.989810228348, 0.650886893272, 0.359237104654, 0.164969325066, 0.0712596401572, 0.0191020425409, 0.00352788576856, 0.000438676768681, 2.16437583731e-05, 1.5363590137e-05], "min": [1.6090916532e-23, 2.21189302438e-22, 1.49957737539e-21, 3.45901527062e-21, 4.97298237769e-21, 1.22371726572e-20, 3.3861494636e-20, 4.69206214814e-20, 9.36523743645e-20, 1.06822233552e-19, 2.67148602925e-19, 2.7198499872e-19, 4.76826764841e-19, 6.52333656213e-19, 1.02180431997e-18, 7.67808535015e-19, 1.09943842578e-18, 1.55084215638e-18, 1.92648255353e-18, 2.69373372391e-18, 3.49719844791e-18, 3.67400251358e-18, 3.95919825877e-18, 6.07048288731e-18, 7.14992422178e-18, 7.3569336147e-18, 9.02020936527e-18, 8.60306549108e-18, 9.51299973365e-18, 1.09508737304e-17, 9.8150372897e-18, 9.70412891317e-18, 1.05820239691e-17, 8.21106294443e-18, 6.37713983349e-18, 4.01052977886e-18, 2.40473460227e-18, 9.16162705792e-19, 2.34007585834e-19, 2.77516316702e-20], "var": [0.000504692085087, 0.0385699942708, 0.832134008408, 1.86239326, 14.2711801529, 25.6722888947, 55.9494094849, 353.912536621, 901.57623291, 1887.9675293, 8024.03320313, 11178.3603516, 9642.13183594, 3046.23413086, 4204.72216797, 9147.10058594, 10729.3964844, 8830.6953125, 3433.74414063, 3722.70483398, 4425.48291016, 2144.68725586, 872.551269531, 1218.00805664, 750.333190918, 412.318054199, 588.124145508, 362.043151855, 171.622360229, 105.585449219, 59.6435127258, 22.1204395294, 9.06737136841, 3.28091645241, 1.13451957703, 0.264786064625, 0.0158067829907, 0.000530629476998, 1.1199903156e-06, 1.33976507666e-09]}, "erbbands_crest": {"dmean": 2.92370557785, "dmean2": 4.69313526154, "dvar": 7.84998226166, "dvar2": 18.7808437347, "max": 35.7713699341, "mean": 9.43494224548, "median": 8.50038814545, "min": 2.15987062454, "var": 19.906703949}, "erbbands_flatness_db": {"dmean": 0.023362101987, "dmean2": 0.0316934324801, "dvar": 0.000492065562867, "dvar2": 0.000865446869284, "max": 0.340059071779, "mean": 0.168484449387, "median": 0.167649924755, "min": 0.0527639426291, "var": 0.00222830637358}, "erbbands_kurtosis": {"dmean": 1.50107753277, "dmean2": 2.40704131126, "dvar": 31.9769611359, "dvar2": 91.1424789429, "max": 319.897644043, "mean": 0.91776239872, "median": -0.044247277081, "min": -1.84968185425, "var": 23.875371933}, "erbbands_skewness": {"dmean": 0.496776789427, "dmean2": 0.739878118038, "dvar": 0.325467377901, "dvar2": 0.736027896404, "max": 16.6365604401, "mean": 0.306389868259, "median": 0.324078142643, "min": -4.97969150543, "var": 1.07924890518}, "erbbands_spread": {"dmean": 10.7160310745, "dmean2": 15.8722438812, "dvar": 161.107620239, "dvar2": 352.286712646, "max": 149.0834198, "mean": 36.632724762, "median": 32.533290863, "min": 1.82361352444, "var": 395.89755249}, "gfcc": {"cov": [[31807.046875, 697.751708984, -3956.52172852, 324.793762207, -1516.55993652, 81.7979888916, -1038.86352539, 290.971160889, -584.114013672, 205.704528809, -457.216796875, -41.3741531372, -367.757080078], [697.751708984, 1189.89807129, -365.11138916, 18.069984436, 0.539146065712, -90.0846939087, -32.6772041321, -2.2502515316, 72.6474075317, -94.5296478271, 109.159141541, -75.5776824951, 28.2223873138], [-3956.52172852, -365.11138916, 1659.88427734, 138.071533203, 39.9800605774, 169.361679077, 105.132759094, -46.3720436096, 22.9744510651, 27.5038433075, -50.2809295654, 118.98184967, -73.5043411255], [324.793762207, 18.069984436, 138.071533203, 352.741241455, 25.8320426941, 8.07851696014, -17.806344986, -8.28074645996, -14.3134822845, 32.0989074707, -37.8259811401, 0.534015357494, 11.833234787], [-1516.55993652, 0.539146065712, 39.9800605774, 25.8320426941, 398.802368164, -4.54347705841, -19.1563529968, -4.56131505966, 87.5445098877, 28.9117507935, 40.8456764221, -35.7075538635, 43.5815429688], [81.7979888916, -90.0846939087, 169.361679077, 8.07851696014, -4.54347705841, 240.066116333, 79.9823455811, 8.44339561462, -22.9393405914, 18.4322662354, -19.1081352234, 17.2934513092, -30.9012298584], [-1038.86352539, -32.6772041321, 105.132759094, -17.806344986, -19.1563529968, 79.9823455811, 349.476318359, 48.699962616, -54.4597358704, -27.6823291779, 35.794757843, 14.5366516113, 5.0014629364], [290.971160889, -2.2502515316, -46.3720436096, -8.28074645996, -4.56131505966, 8.44339561462, 48.699962616, 121.423843384, 23.2937488556, -13.3061704636, 2.3423666954, 5.32952356339, -4.65017843246], [-584.114013672, 72.6474075317, 22.9744510651, -14.3134822845, 87.5445098877, -22.9393405914, -54.4597358704, 23.2937488556, 148.70803833, 30.6065921783, 17.1923694611, -22.9676456451, 13.3807544708], [205.704528809, -94.5296478271, 27.5038433075, 32.0989074707, 28.9117507935, 18.4322662354, -27.6823291779, -13.3061704636, 30.6065921783, 123.567726135, 8.37878417969, -16.3767929077, -9.93681049347], [-457.216796875, 109.159141541, -50.2809295654, -37.8259811401, 40.8456764221, -19.1081352234, 35.794757843, 2.3423666954, 17.1923694611, 8.37878417969, 107.175682068, 4.86937046051, 6.80736589432], [-41.3741531372, -75.5776824951, 118.98184967, 0.534015357494, -35.7075538635, 17.2934513092, 14.5366516113, 5.32952356339, -22.9676456451, -16.3767929077, 4.86937046051, 99.0822906494, 10.0156650543], [-367.757080078, 28.2223873138, -73.5043411255, 11.833234787, 43.5815429688, -30.9012298584, 5.0014629364, -4.65017843246, 13.3807544708, -9.93681049347, 6.80736589432, 10.0156650543, 92.1921234131]], "icov": [[0.000139485593536, -0.000132924571517, 0.000365242944099, -0.000165145509527, 0.000301174906781, -0.000239475644776, 0.000412991415942, -0.000470590457553, 0.000491364800837, -0.000534872815479, 0.000507346994709, -0.000417768489569, 0.000519681430887], [-0.000132924571517, 0.00142582692206, -0.000155104557052, -0.000348078494426, 9.0503723186e-05, 0.000126611441374, -0.000256745610386, 0.000809996563476, -0.00139318022411, 0.00205641053617, -0.00212403386831, 0.00140307564288, -0.000563008594327], [0.000365242944099, -0.000155104557052, 0.00187168759294, -0.0008386032423, 0.000627826259006, -0.000923473213334, 0.000632207840681, -0.000430677260738, 0.000402226840379, -0.00116723647807, 0.00167292822152, -0.00231408211403, 0.0023857136257], [-0.000165145509527, -0.000348078494426, -0.0008386032423, 0.00364903616719, -0.000780497619417, 0.000499332265463, -0.000328849506332, 4.55201516161e-05, 0.000692651839927, -0.00102101929951, 0.00108279113192, 0.000417301547714, -0.00146860070527], [0.000301174906781, 9.0503723186e-05, 0.000627826259006, -0.000780497619417, 0.00407522637397, -0.000941057573073, 0.00110744626727, -0.000761144969147, -0.000644378073048, -0.00075346743688, -0.000698139541782, 0.000776117783971, -0.000586380949244], [-0.000239475644776, 0.000126611441374, -0.000923473213334, 0.000499332265463, -0.000941057573073, 0.00570828653872, -0.001993882237, 0.000664600287564, -0.000304587883875, -0.000377700547688, 0.000664768042043, -0.000210553218494, 0.000682753452566], [0.000412991415942, -0.000256745610386, 0.000632207840681, -0.000328849506332, 0.00110744626727, -0.001993882237, 0.00541471038014, -0.00350928260013, 0.00346252671443, -0.000856453378219, -0.000800653942861, 5.42038760614e-05, 6.80730081513e-05], [-0.000470590457553, 0.000809996563476, -0.000430677260738, 4.55201516161e-05, -0.000761144969147, 0.000664600287564, -0.00350928260013, 0.0120098311454, -0.00542814470828, 0.00347574939951, -0.00110192631837, -0.000230299774557, 0.000173206659383], [0.000491364800837, -0.00139318022411, 0.000402226840379, 0.000692651839927, -0.000644378073048, -0.000304587883875, 0.00346252671443, -0.00542814470828, 0.0127145666629, -0.0049828751944, 0.00144731753971, 0.000330006121658, -0.000165956211276], [-0.000534872815479, 0.00205641053617, -0.00116723647807, -0.00102101929951, -0.00075346743688, -0.000377700547688, -0.000856453378219, 0.00347574939951, -0.0049828751944, 0.0135268410668, -0.00522905308753, 0.00392125127837, -0.000970065535512], [0.000507346994709, -0.00212403386831, 0.00167292822152, 0.00108279113192, -0.000698139541782, 0.000664768042043, -0.000800653942861, -0.00110192631837, 0.00144731753971, -0.00522905308753, 0.0157219413668, -0.0052229296416, 0.0030424350407], [-0.000417768489569, 0.00140307564288, -0.00231408211403, 0.000417301547714, 0.000776117783971, -0.000210553218494, 5.42038760614e-05, -0.000230299774557, 0.000330006121658, 0.00392125127837, -0.0052229296416, 0.0156112331897, -0.00538218254223], [0.000519681430887, -0.000563008594327, 0.0023857136257, -0.00146860070527, -0.000586380949244, 0.000682753452566, 6.80730081513e-05, 0.000173206659383, -0.000165956211276, -0.000970065535512, 0.0030424350407, -0.00538218254223, 0.0159735903144]], "mean": [-59.248336792, 67.4517288208, -129.880996704, 25.8778247833, -76.3601913452, 9.17092704773, -43.6971321106, 10.3797101974, -20.60597229, 2.58948850632, -17.8722782135, -0.284292280674, -13.7969417572]}, "hfc": {"dmean": 6.77550888062, "dmean2": 9.55058860779, "dvar": 95.8156433105, "dvar2": 202.493835449, "max": 184.410232544, "mean": 18.8205623627, "median": 11.2631130219, "min": 1.07448385908e-16, "var": 486.204437256}, "melbands": {"dmean": [7.31175969122e-05, 0.000164600394783, 0.000127411534777, 0.000120359043649, 9.59542521741e-05, 0.000123571866425, 0.000134921559948, 0.000153509361553, 0.000196598222828, 0.000141586031532, 8.66839254741e-05, 5.21104993823e-05, 5.69463045395e-05, 4.581095709e-05, 6.37937046122e-05, 4.27626946475e-05, 4.2465479055e-05, 2.5482439014e-05, 2.32515612879e-05, 1.8672684746e-05, 2.08452420338e-05, 1.70969397004e-05, 9.18459591048e-06, 9.8951295513e-06, 9.19061403692e-06, 7.57538919061e-06, 4.33435616287e-06, 3.88014086639e-06, 4.49586877949e-06, 3.54673898073e-06, 2.9923164675e-06, 2.29597503676e-06, 2.15734758058e-06, 1.8507414552e-06, 1.69339580225e-06, 1.46786646837e-06, 1.04191633454e-06, 8.45616227707e-07, 7.70411247686e-07, 5.82381971981e-07], "dmean2": [0.000110750122985, 0.000283353350824, 0.000217856751988, 0.000205531556276, 0.00015406300372, 0.000195799715584, 0.000210256810533, 0.000239928165684, 0.000304652552586, 0.000217360808165, 0.000135513211717, 8.14799568616e-05, 8.98586295079e-05, 6.73623071634e-05, 0.000100173288956, 6.53241368127e-05, 6.44537212793e-05, 3.78166769224e-05, 3.39802027156e-05, 2.64980717475e-05, 3.03211163555e-05, 2.58957188635e-05, 1.40038418976e-05, 1.47976543303e-05, 1.39700759973e-05, 1.21868906717e-05, 6.9028683356e-06, 5.94781249674e-06, 6.85164923198e-06, 5.30536863153e-06, 4.44698389401e-06, 3.46230672221e-06, 3.21827428706e-06, 2.82632254311e-06, 2.59563989857e-06, 2.30095361076e-06, 1.61830030265e-06, 1.2974657011e-06, 1.20840297768e-06, 9.26967913983e-07], "dvar": [3.89087588815e-08, 1.63751565196e-07, 6.86401975258e-08, 1.27481129653e-07, 2.97986559872e-08, 7.12018390914e-08, 1.52809306542e-07, 1.23717825318e-07, 2.79024305883e-07, 1.47564549025e-07, 7.25250117739e-08, 2.07482120373e-08, 3.03165208493e-08, 1.87223250236e-08, 4.89781797341e-08, 1.53261545677e-08, 1.4411254412e-08, 3.88128462703e-09, 4.01560917851e-09, 1.76488468284e-09, 1.78167403053e-09, 1.18970988616e-09, 3.16764808828e-10, 3.42686601318e-10, 3.78676839885e-10, 6.24143625672e-10, 1.44954812042e-10, 1.07905330504e-10, 1.11691884908e-10, 9.07964328722e-11, 6.4104659081e-11, 3.20732052028e-11, 2.53052075821e-11, 1.78335003015e-11, 1.53604108599e-11, 1.28539089095e-11, 6.32660677319e-12, 4.07614523731e-12, 3.59046234584e-12, 2.27103578998e-12], "dvar2": [9.01763144157e-08, 4.39923525164e-07, 1.88392007772e-07, 3.48396184791e-07, 7.63561303074e-08, 1.76639687766e-07, 3.45418669667e-07, 2.94645701615e-07, 6.32508715626e-07, 3.50214833134e-07, 1.91983772879e-07, 5.19103515728e-08, 7.50036761588e-08, 3.66511514471e-08, 1.23391913576e-07, 3.41385053559e-08, 3.20686552868e-08, 8.60554116855e-09, 8.32729085687e-09, 3.33431238175e-09, 3.56247653599e-09, 2.63926192012e-09, 6.93183066502e-10, 7.48472006595e-10, 8.81214434756e-10, 1.68403657685e-09, 3.80779657805e-10, 2.54478715878e-10, 2.49194026525e-10, 2.00232830316e-10, 1.42108616541e-10, 7.07470262928e-11, 5.51601160581e-11, 4.02216038253e-11, 3.67540026192e-11, 3.23056824347e-11, 1.58746106538e-11, 1.02770127478e-11, 9.15045209743e-12, 5.90736660977e-12], "max": [0.00552256265655, 0.0068950233981, 0.00449716812, 0.00514297094196, 0.00313268019818, 0.00714509887621, 0.0124186985195, 0.00994575675577, 0.0232300311327, 0.011158096604, 0.008150937967, 0.00412086211145, 0.00554469553754, 0.00351560278796, 0.0067170872353, 0.00346454163082, 0.00314365839586, 0.0013397912262, 0.00202181120403, 0.00140642398037, 0.000924917403609, 0.000797408749349, 0.000470648577902, 0.000334365584422, 0.000441621872596, 0.000531668832991, 0.000261813460384, 0.000478742731502, 0.000245594943408, 0.000307437760057, 0.000201590373763, 0.000217497130507, 0.000136381830089, 8.81192318047e-05, 5.90407653362e-05, 7.29067396605e-05, 5.47179770365e-05, 4.28354433097e-05, 3.16141668009e-05, 2.27891905524e-05], "mean": [8.85452827788e-05, 0.000200605485588, 0.000160513794981, 0.000152644803165, 0.000163094577147, 0.000215159219806, 0.000201144852326, 0.000230493096751, 0.000331216317136, 0.000259456748608, 0.000150498439325, 8.35657192511e-05, 8.81935993675e-05, 7.3303541285e-05, 0.000103613361716, 6.8219473178e-05, 6.5120490035e-05, 4.11394466937e-05, 4.02486257371e-05, 3.57901080861e-05, 3.91571993532e-05, 2.91211981676e-05, 1.6692923964e-05, 1.81022769539e-05, 1.60812614922e-05, 1.08222429844e-05, 6.73502836435e-06, 6.52980952509e-06, 8.11112204246e-06, 6.07867650615e-06, 4.56614588984e-06, 3.440178034e-06, 3.03531692225e-06, 2.51977576227e-06, 2.20187166633e-06, 1.84012844784e-06, 1.2876441815e-06, 1.01857710888e-06, 8.65825370511e-07, 6.16650140728e-07], "median": [2.25213916565e-05, 6.61600861349e-05, 7.24453420844e-05, 6.07190340816e-05, 8.25652532512e-05, 7.72584608058e-05, 6.29143032711e-05, 6.91770765116e-05, 6.62598977215e-05, 4.47159618489e-05, 1.8795253709e-05, 1.1187351447e-05, 1.27949106172e-05, 1.15864531836e-05, 1.0623194612e-05, 6.24319181952e-06, 6.64494609737e-06, 5.42295993e-06, 6.16480610915e-06, 5.96915970164e-06, 7.11447228241e-06, 6.94899927112e-06, 5.18374645253e-06, 5.66393327972e-06, 4.4485309445e-06, 2.59589569396e-06, 1.73239061496e-06, 1.85705994227e-06, 2.24613449973e-06, 1.90785385712e-06, 1.24675693769e-06, 9.28089718855e-07, 7.47390572542e-07, 6.9413545134e-07, 5.72053522774e-07, 4.57167487866e-07, 3.37952513974e-07, 2.47813659371e-07, 1.86533156921e-07, 1.13493506149e-07], "min": [2.65664785659e-25, 1.04447205307e-24, 6.48621848049e-25, 6.55626686368e-25, 1.47884904142e-24, 9.97309609424e-25, 1.4258092882e-24, 1.33196116871e-24, 2.09163964386e-24, 1.49925608417e-24, 2.15423753163e-24, 2.25812400474e-24, 2.17852991156e-24, 2.28062941751e-24, 2.03282572464e-24, 1.89905424221e-24, 2.33271316991e-24, 2.65916294237e-24, 3.0655162387e-24, 2.54915885293e-24, 3.33815958375e-24, 3.33415848124e-24, 2.33413489448e-24, 4.24081761886e-24, 3.23875640438e-24, 4.55459651024e-24, 4.17234054798e-24, 4.27706617188e-24, 4.83560059759e-24, 4.28521155516e-24, 4.25927420302e-24, 4.52634385135e-24, 5.19257672328e-24, 5.04446098858e-24, 5.30171484066e-24, 5.91074109747e-24, 5.38642666897e-24, 6.56139317766e-24, 6.70727643601e-24, 6.69668282291e-24], "var": [4.27822577365e-08, 1.57105105814e-07, 6.65127686261e-08, 1.11493804411e-07, 5.30766470774e-08, 1.55190818418e-07, 2.16097305383e-07, 1.98310516453e-07, 7.55452731482e-07, 4.74459938005e-07, 2.53020687069e-07, 5.03186434742e-08, 6.29794740803e-08, 4.92646705652e-08, 1.32002099917e-07, 3.75203406122e-08, 3.28430402874e-08, 9.15629438936e-09, 1.01105035455e-08, 7.10177916474e-09, 5.92581406167e-09, 3.06921932314e-09, 9.08762010088e-10, 9.39817779155e-10, 9.3967766901e-10, 6.76842581981e-10, 2.22009508e-10, 2.01909641784e-10, 3.05814013002e-10, 1.73112676971e-10, 1.17406653843e-10, 6.06509703571e-11, 4.51951427671e-11, 2.86524224485e-11, 2.18046726508e-11, 1.49250091452e-11, 6.95863679179e-12, 4.51519507547e-12, 3.68224678179e-12, 2.12951596461e-12]}, "melbands_crest": {"dmean": 3.31031870842, "dmean2": 5.44019603729, "dvar": 9.01167583466, "dvar2": 22.5454769135, "max": 40, "mean": 11.417550087, "median": 10.5787754059, "min": 1.56221604347, "var": 23.6083812714}, "melbands_flatness_db": {"dmean": 0.024112617597, "dmean2": 0.0350629203022, "dvar": 0.0005887580337, "dvar2": 0.00120508775581, "max": 1, "mean": 0.149384990335, "median": 0.145076930523, "min": 0.00317637901753, "var": 0.00342511734925}, "melbands_kurtosis": {"dmean": 3771054, "dmean2": 7543019.5, "dvar": 58276525748800000, "dvar2": 174836316050000000, "max": 15457530880, "mean": 1885305.125, "median": 3.5650806427, "min": -1.89955544472, "var": 29138378838500000}, "melbands_skewness": {"dmean": 17.8389892578, "dmean2": 35.3180847168, "dvar": 1207861, "dvar2": 3621681.25, "max": 70445.2890625, "mean": 10.3811731339, "median": 1.55672764778, "min": -2.52912068367, "var": 605158.75}, "melbands_spread": {"dmean": 11.6994104385, "dmean2": 18.047580719, "dvar": 316.134002686, "dvar2": 696.435424805, "max": 233.34753418, "mean": 35.8625793457, "median": 28.1336956024, "min": 1.01318908818e-08, "var": 856.984619141}, "mfcc": {"cov": [[12083.8115234, 411.266418457, -1568.92858887, -24.6660957336, -180.410415649, -202.901901245, -53.8842391968, -194.194473267, -48.873916626, 105.847076416, -1.97895812988, -5.02771139145, -117.218704224], [411.266418457, 1078.38476563, -133.869522095, 9.48928642273, 39.5788116455, -87.7308273315, -65.6318283081, 36.3872489929, -46.5369110107, -28.208486557, 33.1291427612, 61.3424453735, -13.0217962265], [-1568.92858887, -133.869522095, 1249.94018555, 75.4453430176, -34.0586471558, 165.166107178, 15.7193069458, 112.112808228, -10.8294878006, -52.4230155945, 10.7981796265, -28.9327125549, 57.2149925232], [-24.6660957336, 9.48928642273, 75.4453430176, 333.999816895, 50.4083099365, 10.5282926559, -3.17067718506, -29.7931194305, 13.94008255, 18.3853530884, -35.1918945313, -27.717300415, 35.6448059082], [-180.410415649, 39.5788116455, -34.0586471558, 50.4083099365, 399.771759033, 31.4279556274, -139.432373047, -72.779624939, 11.4006919861, 31.3672809601, 7.90700864792, -11.9216365814, 12.6470317841], [-202.901901245, -87.7308273315, 165.166107178, 10.5282926559, 31.4279556274, 201.996627808, 63.2074699402, -7.13986778259, 16.4095001221, 15.1628065109, -1.89844238758, 9.32299232483, 20.1729698181], [-53.8842391968, -65.6318283081, 15.7193069458, -3.17067718506, -139.432373047, 63.2074699402, 252.909744263, 75.8323364258, 3.29394459724, 18.7314910889, 0.456588089466, 11.1411495209, 7.11595821381], [-194.194473267, 36.3872489929, 112.112808228, -29.7931194305, -72.779624939, -7.13986778259, 75.8323364258, 183.620376587, 28.9523563385, -36.1461830139, 8.92791938782, 4.52186536789, -9.95975875854], [-48.873916626, -46.5369110107, -10.8294878006, 13.94008255, 11.4006919861, 16.4095001221, 3.29394459724, 28.9523563385, 112.434036255, 26.1381607056, -14.2658033371, 4.10096549988, -7.09226560593], [105.847076416, -28.208486557, -52.4230155945, 18.3853530884, 31.3672809601, 15.1628065109, 18.7314910889, -36.1461830139, 26.1381607056, 128.969863892, 38.087223053, -8.90292835236, 5.15496492386], [-1.97895812988, 33.1291427612, 10.7981796265, -35.1918945313, 7.90700864792, -1.89844238758, 0.456588089466, 8.92791938782, -14.2658033371, 38.087223053, 105.232025146, 31.227191925, -6.2079410553], [-5.02771139145, 61.3424453735, -28.9327125549, -27.717300415, -11.9216365814, 9.32299232483, 11.1411495209, 4.52186536789, 4.10096549988, -8.90292835236, 31.227191925, 100.181900024, 21.2909183502], [-117.218704224, -13.0217962265, 57.2149925232, 35.6448059082, 12.6470317841, 20.1729698181, 7.11595821381, -9.95975875854, -7.09226560593, 5.15496492386, -6.2079410553, 21.2909183502, 87.2657546997]], "icov": [[0.000103428275906, -2.79603409581e-05, 0.000133722889586, -3.4676904761e-05, 0.000101425401226, -6.15199824097e-05, 7.40052055335e-05, 1.40082656799e-05, 6.11316936556e-05, -6.75741684972e-05, -7.27872475181e-07, 4.02076002501e-05, 5.54315156478e-05], [-2.79603409581e-05, 0.00109511695337, 7.23172124708e-05, -0.00020828632114, -0.000149985426106, 0.000259402149823, 0.000336914235959, -0.000610153656453, 0.000687329040375, -0.000123972175061, 6.31837901892e-05, -0.000885759538505, 0.000311964162393], [0.000133722889586, 7.23172124708e-05, 0.00131906336173, -0.000355854834197, 0.000411801884184, -0.00125547393691, 0.000749905826524, -0.000960769481026, 0.000415246206103, 0.000316030578688, -0.000553490186576, 0.000695302907843, -0.000663259299472], [-3.4676904761e-05, -0.00020828632114, -0.000355854834197, 0.00357238622382, -0.00046759104589, 0.000443436118076, -0.000565140100662, 0.000770311045926, -0.000708631181624, -0.000320548686432, 0.000930523208808, 0.000952509406488, -0.00140912714414], [0.000101425401226, -0.000149985426106, 0.000411801884184, -0.00046759104589, 0.00373314344324, -0.00152674596757, 0.00240879226476, 8.84021574166e-05, -0.000103988058981, -0.000730984844267, -0.00042307242984, 0.000573004188482, -0.000474736763863], [-6.15199824097e-05, 0.000259402149823, -0.00125547393691, 0.000443436118076, -0.00152674596757, 0.0074576609768, -0.00308688194491, 0.0019263997674, -0.00141060014721, 0.000149999512359, 0.000324271793943, -0.000989092513919, -0.000292156764772], [7.40052055335e-05, 0.000336914235959, 0.000749905826524, -0.000565140100662, 0.00240879226476, -0.00308688194491, 0.00743021769449, -0.00369111541659, 0.00207976601087, -0.00277952826582, 0.00122526276391, -0.000914528558496, -0.000130310232635], [1.40082656799e-05, -0.000610153656453, -0.000960769481026, 0.000770311045926, 8.84021574166e-05, 0.0019263997674, -0.00369111541659, 0.00954115670174, -0.00444516120479, 0.00414372887462, -0.00277554104105, 0.00153717515059, -3.68445057575e-06], [6.11316936556e-05, 0.000687329040375, 0.000415246206103, -0.000708631181624, -0.000103988058981, -0.00141060014721, 0.00207976601087, -0.00444516120479, 0.0127053270116, -0.00524386158213, 0.00460103526711, -0.00332472217269, 0.00234692799859], [-6.75741684972e-05, -0.000123972175061, 0.000316030578688, -0.000320548686432, -0.000730984844267, 0.000149999512359, -0.00277952826582, 0.00414372887462, -0.00524386158213, 0.0132720405236, -0.00727895228192, 0.00422093691304, -0.00217250594869], [-7.27872475181e-07, 6.31837901892e-05, -0.000553490186576, 0.000930523208808, -0.00042307242984, 0.000324271793943, 0.00122526276391, -0.00277554104105, 0.00460103526711, -0.00727895228192, 0.0154280764982, -0.00631507392973, 0.00300310621969], [4.02076002501e-05, -0.000885759538505, 0.000695302907843, 0.000952509406488, 0.000573004188482, -0.000989092513919, -0.000914528558496, 0.00153717515059, -0.00332472217269, 0.00422093691304, -0.00631507392973, 0.0147453006357, -0.00509379990399], [5.54315156478e-05, 0.000311964162393, -0.000663259299472, -0.00140912714414, -0.000474736763863, -0.000292156764772, -0.000130310232635, -3.68445057575e-06, 0.00234692799859, -0.00217250594869, 0.00300310621969, -0.00509379990399, 0.0145127223805]], "mean": [-682.420593262, 95.2665863037, -2.9624350071, 11.3426742554, -8.78150749207, -4.2444524765, -12.5760097504, 0.931663930416, -2.16619682312, -1.10380339622, -0.344603687525, 3.860704422, -3.64505839348]}, "pitch_salience": {"dmean": 0.0704583451152, "dmean2": 0.113769061863, "dvar": 0.00401718216017, "dvar2": 0.01018690411, "max": 0.862254321575, "mean": 0.607678234577, "median": 0.613359451294, "min": 1.64654247783e-05, "var": 0.0112579166889}, "silence_rate_20dB": {"dmean": 0, "dmean2": 0, "dvar": 0, "dvar2": 0, "max": 1, "mean": 1, "median": 1, "min": 1, "var": 0}, "silence_rate_30dB": {"dmean": 0.00170773360878, "dmean2": 0.00341588375159, "dvar": 0.00170477537904, "dvar2": 0.00389202870429, "max": 1, "mean": 0.997316718102, "median": 1, "min": 0, "var": 0.00267637148499}, "silence_rate_60dB": {"dmean": 0.0819712132215, "dmean2": 0.163962423801, "dvar": 0.0752473175526, "dvar2": 0.154630988836, "max": 1, "mean": 0.228198558092, "median": 0, "min": 0, "var": 0.176132395864}, "spectral_centroid": {"dmean": 341.523956299, "dmean2": 517.335327148, "dvar": 196994.109375, "dvar2": 405340.09375, "max": 11669.984375, "mean": 1874.86340332, "median": 1679.66162109, "min": 281.633544922, "var": 2223248.5}, "spectral_complexity": {"dmean": 3.50012207031, "dmean2": 4.9798707962, "dvar": 17.094745636, "dvar2": 29.3804092407, "max": 57, "mean": 15.0296373367, "median": 13, "min": 0, "var": 107.898834229}, "spectral_contrast_coeffs": {"dmean": [0.0474762916565, 0.0497136861086, 0.0426297672093, 0.0364054739475, 0.0329331569374, 0.0245434250683], "dmean2": [0.0766931921244, 0.079526104033, 0.0677861496806, 0.0549085736275, 0.0492305196822, 0.0356271900237], "dvar": [0.00165615603328, 0.0018097612774, 0.00129311275668, 0.00106313347351, 0.000987951294519, 0.000503836083226], "dvar2": [0.00425923056901, 0.00437536090612, 0.00294527015649, 0.00210858462378, 0.00194656278472, 0.000973968592007], "max": [-0.34259852767, -0.413571447134, -0.422104388475, -0.478956490755, -0.433473527431, -0.573911547661], "mean": [-0.658762097359, -0.724421203136, -0.75397503376, -0.757338583469, -0.759876430035, -0.765269637108], "median": [-0.659057915211, -0.728786468506, -0.76489084959, -0.769539177418, -0.763787269592, -0.763245284557], "min": [-0.981185078621, -0.977991402149, -0.984368145466, -0.993436574936, -0.986561954021, -0.965809285641], "var": [0.00729983253404, 0.00764561491087, 0.00688493484631, 0.00682513182983, 0.00542194256559, 0.00320837879553]}, "spectral_contrast_valleys": {"dmean": [0.450643569231, 0.399279862642, 0.402754604816, 0.390069842339, 0.361320525408, 0.45683157444], "dmean2": [0.710007786751, 0.633907556534, 0.619677901268, 0.568867146969, 0.500308156013, 0.524431467056], "dvar": [0.209455952048, 0.164855837822, 0.170184448361, 0.172684058547, 0.151008203626, 0.218713849783], "dvar2": [0.431350260973, 0.359334766865, 0.347134083509, 0.333347141743, 0.276743620634, 0.360824584961], "max": [-6.1683473587, -4.8322725296, -5.34131574631, -5.75829410553, -5.63726186752, -7.67449235916], "mean": [-8.75094223022, -7.41574573517, -8.22278404236, -8.59908771515, -8.45195102692, -10.5053567886], "median": [-8.32937526703, -6.954433918, -7.79155397415, -8.1099615097, -7.9725446701, -10.2254428864], "min": [-28.5239677429, -28.0761585236, -27.8269958496, -27.7899894714, -27.5751037598, -27.4627780914], "var": [7.81605052948, 8.74338722229, 8.19108772278, 8.17561912537, 8.27139472961, 6.63231229782]}, "spectral_decrease": {"dmean": 1.07257502879e-09, "dmean2": 1.58903656899e-09, "dvar": 2.51050411924e-18, "dvar2": 5.32610718998e-18, "max": 2.0858680744e-28, "mean": -3.2550957485e-09, "median": -2.166876234e-09, "min": -3.99478921054e-08, "var": 1.42205598731e-17}, "spectral_energy": {"dmean": 0.00454319966957, "dmean2": 0.00666720699519, "dvar": 4.31759435742e-05, "dvar2": 9.05873457668e-05, "max": 0.161036461592, "mean": 0.0139925880358, "median": 0.00934126973152, "min": 9.64009533684e-21, "var": 0.000256223167526}, "spectral_energyband_high": {"dmean": 0.000504468567669, "dmean2": 0.000722779834177, "dvar": 1.02911326394e-06, "dvar2": 2.15313662011e-06, "max": 0.0214778333902, "mean": 0.000882835593075, "median": 0.000315430574119, "min": 7.0577941764e-21, "var": 2.31881426771e-06}, "spectral_energyband_low": {"dmean": 0.000682782323565, "dmean2": 0.00109946797602, "dvar": 2.53679763773e-06, "dvar2": 6.24994663667e-06, "max": 0.0293357502669, "mean": 0.00097566167824, "median": 0.000373069546185, "min": 1.02602625658e-23, "var": 3.01692898574e-06}, "spectral_energyband_middle_high": {"dmean": 0.00205337442458, "dmean2": 0.00289547629654, "dvar": 1.16928158604e-05, "dvar2": 2.47252864938e-05, "max": 0.0795112848282, "mean": 0.00568069051951, "median": 0.00202664267272, "min": 1.11929391249e-21, "var": 7.34473433113e-05}, "spectral_energyband_middle_low": {"dmean": 0.0028119336348, "dmean2": 0.00434112595394, "dvar": 2.25709263759e-05, "dvar2": 4.94960368087e-05, "max": 0.147062569857, "mean": 0.00671623134986, "median": 0.00407885061577, "min": 1.43227428731e-22, "var": 8.41552973725e-05}, "spectral_entropy": {"dmean": 0.212194085121, "dmean2": 0.284768849611, "dvar": 0.0441957004368, "dvar2": 0.0812748223543, "max": 9.82607269287, "mean": 7.66972923279, "median": 7.62513589859, "min": 5.82526445389, "var": 0.257871776819}, "spectral_flux": {"dmean": 0.0193591285497, "dmean2": 0.0299364197999, "dvar": 0.000400022952817, "dvar2": 0.00087926897686, "max": 0.279002815485, "mean": 0.0664461478591, "median": 0.0627146139741, "min": 6.25332008397e-11, "var": 0.00168200873304}, "spectral_kurtosis": {"dmean": 1.37271130085, "dmean2": 2.13369560242, "dvar": 1.94515681267, "dvar2": 4.52626419067, "max": 22.7427406311, "mean": 3.33811354637, "median": 3.06380414963, "min": -1.26724481583, "var": 5.42914628983}, "spectral_rms": {"dmean": 0.000591038260609, "dmean2": 0.000839843472932, "dvar": 4.21065180944e-07, "dvar2": 7.83001041782e-07, "max": 0.0125343026593, "mean": 0.00317901163362, "median": 0.00301884650253, "min": 3.06675258105e-12, "var": 3.54521853296e-06}, "spectral_rolloff": {"dmean": 886.141845703, "dmean2": 1472.51220703, "dvar": 2282969, "dvar2": 5162622.5, "max": 19487.5488281, "mean": 2633.05053711, "median": 2045.65429688, "min": 21.533203125, "var": 8517017}, "spectral_skewness": {"dmean": 0.236001640558, "dmean2": 0.356562465429, "dvar": 0.0539542324841, "dvar2": 0.117530472577, "max": 3.1999168396, "mean": 1.34519815445, "median": 1.34835124016, "min": -0.0928187444806, "var": 0.209861025214}, "spectral_spread": {"dmean": 964880.625, "dmean2": 1314386.625, "dvar": 2014005297150.0, "dvar2": 4380561244160.0, "max": 48269