{"lowlevel": {"average_loudness": 0.337709575891, "barkbands": {"dmean": [0.000589772185776, 0.00233172322623, 0.00121556408703, 0.00145606254227, 0.00139118614607, 0.00124215474352, 0.00207278551534, 0.000721785007045, 0.000571806041989, 0.000321425904986, 0.000146881400724, 0.000104695056507, 7.08605730324e-05, 5.63140383747e-05, 5.57216262678e-05, 3.89408596675e-05, 1.80211336556e-05, 1.88119756785e-05, 1.5390713088e-05, 8.32274599816e-06, 6.83241069055e-06, 3.42914563589e-06, 2.23845495384e-06, 1.92749826056e-06, 1.2537910834e-06, 3.00769443129e-06, 3.75846357201e-05], "dmean2": [0.00103576621041, 0.003965459764, 0.00205384404399, 0.00235543446615, 0.00216035521589, 0.00196256674826, 0.00316789234057, 0.00117538892664, 0.000906038738322, 0.000493437459227, 0.000227634882322, 0.000171666411916, 0.000117392643006, 9.274972399e-05, 8.85626795935e-05, 6.18921912974e-05, 2.97846781905e-05, 3.05659305013e-05, 2.5002484108e-05, 1.36501121233e-05, 1.11211193143e-05, 5.68006635149e-06, 3.81889913115e-06, 3.39181860909e-06, 2.48236483458e-06, 5.06186688654e-06, 6.10443748883e-05], "dvar": [2.37824906435e-06, 3.24304746755e-05, 5.79036577619e-06, 1.21083194244e-05, 8.68106053531e-06, 1.32412942548e-05, 3.14338176395e-05, 5.28619284523e-06, 3.86935562346e-06, 1.07132802896e-06, 2.52245797583e-07, 6.84791814365e-08, 7.58271099244e-08, 5.6588106645e-08, 3.05931528999e-08, 1.45250602657e-08, 3.95888255511e-09, 4.21830614883e-09, 2.38544739517e-09, 5.51165058038e-10, 2.95833163522e-10, 6.57899845713e-11, 3.89962784286e-11, 3.01195700325e-11, 1.23297231799e-11, 8.17820741683e-11, 1.26034249703e-08], "dvar2": [6.69836117595e-06, 9.08699366846e-05, 1.57678859978e-05, 2.95668178296e-05, 1.79517246579e-05, 3.34408105118e-05, 7.33280612621e-05, 1.36289409056e-05, 9.66032803262e-06, 2.66922779701e-06, 5.45057673662e-07, 1.82289142003e-07, 1.98505134108e-07, 1.60985464959e-07, 7.33267953024e-08, 3.55390596951e-08, 1.05498427772e-08, 1.07291251439e-08, 6.0009734959e-09, 1.38507583181e-09, 7.15211889712e-10, 1.5769982542e-10, 8.81061265612e-11, 7.16230338926e-11, 3.55230393712e-11, 1.73975958639e-10, 2.93648145799e-08], "max": [0.0260472223163, 0.122073382139, 0.0584731996059, 0.0947205275297, 0.0705490261316, 0.101214855909, 0.173362001777, 0.0881395041943, 0.0594878196716, 0.0444379895926, 0.0167481228709, 0.00638143019751, 0.0161016024649, 0.0131484232843, 0.00646788161248, 0.00363124487922, 0.00218542991206, 0.00181067059748, 0.00116444728337, 0.000575706188101, 0.000408119667554, 0.000274307560176, 0.000208694575122, 0.00011624720355, 6.24821259407e-05, 0.000297859398415, 0.0070720189251], "mean": [0.000719084113371, 0.00339006679133, 0.00171867304016, 0.00228349701501, 0.00250416784547, 0.00210312032141, 0.00426396774128, 0.00109243043698, 0.00102136691567, 0.000565528462175, 0.000247727643, 0.000188816731679, 0.000123017351143, 9.65859944699e-05, 0.000107950363599, 7.53737986088e-05, 3.13562268275e-05, 3.37041237799e-05, 2.62423709501e-05, 1.44978203025e-05, 1.21828834381e-05, 5.53224481337e-06, 2.69511292572e-06, 1.73274247572e-06, 6.74980640269e-07, 3.22614300785e-06, 0.000107040264993], "median": [0.000227678450756, 0.00124261074234, 0.000679109769408, 0.000596011639573, 0.000934347510338, 0.000385862513212, 0.00038613891229, 0.000138102725032, 0.000112095833174, 8.81549276528e-05, 4.21009026468e-05, 4.57112473669e-05, 3.11294425046e-05, 1.75282457349e-05, 1.7500078684e-05, 1.0205201761e-05, 5.98448923483e-06, 5.40128121429e-06, 3.64934339814e-06, 2.53580128629e-06, 2.32941602007e-06, 1.37849019666e-06, 4.05262994718e-07, 6.03739778171e-08, 4.6091455097e-09, 1.52123021735e-07, 2.6016303309e-05], "min": [3.28511312522e-25, 2.58348297978e-24, 7.77842589135e-25, 7.82785591567e-25, 3.97576982103e-24, 1.49387914908e-23, 9.09809295868e-24, 4.60109118313e-24, 1.27570444073e-23, 1.39655611703e-23, 1.77848975072e-23, 2.47818965213e-23, 2.59473832885e-23, 3.23809541782e-23, 3.37471192711e-23, 4.94472814423e-23, 5.51294181436e-23, 8.29944718056e-23, 6.39841798563e-23, 5.95076592765e-23, 3.45673642186e-23, 2.08705427152e-23, 1.08915745376e-23, 1.08961120655e-23, 1.35470736155e-23, 2.44486232992e-23, 3.15995716744e-23], "var": [2.77577896668e-06, 3.98247466364e-05, 1.03193642644e-05, 2.75738475466e-05, 2.37273616222e-05, 3.23033964378e-05, 0.000112749628897, 1.0680865671e-05, 1.08803969852e-05, 2.91864034807e-06, 6.71668317409e-07, 1.81024574886e-07, 1.72632596218e-07, 9.75907710199e-08, 9.21657061781e-08, 4.27770139311e-08, 7.73070141236e-09, 1.03621493608e-08, 5.66288438364e-09, 1.42726241936e-09, 7.7561612688e-10, 1.58892163316e-10, 7.19641915503e-11, 3.98697221071e-11, 6.71008864792e-12, 1.53292531446e-10, 9.60921155979e-08]}, "barkbands_crest": {"dmean": 2.91071534157, "dmean2": 4.82772684097, "dvar": 6.3269739151, "dvar2": 16.6283168793, "max": 26.9169902802, "mean": 11.8446655273, "median": 11.0345859528, "min": 1.95269691944, "var": 21.1739006042}, "barkbands_flatness_db": {"dmean": 0.0382105596364, "dmean2": 0.0654053688049, "dvar": 0.00128183071502, "dvar2": 0.00317410961725, "max": 1, "mean": 0.217889979482, "median": 0.218316853046, "min": 0.0173290744424, "var": 0.00386664201505}, "barkbands_kurtosis": {"dmean": 8.92766094208, "dmean2": 14.6087112427, "dvar": 192.344390869, "dvar2": 484.18862915, "max": 491.589233398, "mean": 20.402338028, "median": 13.5519418716, "min": -1.64373731613, "var": 563.915527344}, "barkbands_skewness": {"dmean": 0.764594495296, "dmean2": 1.24020588398, "dvar": 0.601587176323, "dvar2": 1.52692997456, "max": 18.8948364258, "mean": 2.76453232765, "median": 2.57914710045, "min": -2.30187058449, "var": 3.18088722229}, "barkbands_spread": {"dmean": 3.08351397514, "dmean2": 4.95316123962, "dvar": 13.739192009, "dvar2": 32.9595603943, "max": 104.002830505, "mean": 10.4025716782, "median": 8.20034599304, "min": 0.00306499213912, "var": 72.6777267456}, "dissonance": {"dmean": 0.0314554348588, "dmean2": 0.0531313978136, "dvar": 0.000959212542512, "dvar2": 0.00268043577671, "max": 0.500000178814, "mean": 0.429701536894, "median": 0.442453563213, "min": 0.169170498848, "var": 0.0027883015573}, "dynamic_complexity": 5.54797172546, "erbbands": {"dmean": [0.0808112099767, 0.509152054787, 1.29071545601, 2.99709486961, 5.20482873917, 4.43764019012, 6.23247671127, 11.7647705078, 29.5776443481, 19.7483997345, 15.4935522079, 13.5454206467, 8.40190029144, 9.7990026474, 4.76512813568, 3.8482336998, 3.12926650047, 2.53062939644, 2.78149724007, 2.40553665161, 1.68948066235, 0.946470618248, 1.05348372459, 0.834181845188, 0.649844229221, 0.393550366163, 0.297885686159, 0.248527720571, 0.12820699811, 0.0840858072042, 0.0617533475161, 0.0460529625416, 0.0288900416344, 0.0143842436373, 0.0089872572571, 0.00748113868758, 0.00647869659588, 0.00336359068751, 0.00187149806879, 0.00151163083501], "dmean2": [0.139893591404, 0.873339533806, 2.1904835701, 4.86567401886, 8.16810035706, 6.87216567993, 9.7074432373, 18.6549968719, 46.3297615051, 30.9725246429, 25.2180137634, 21.5850906372, 13.205124855, 14.9300775528, 7.34761619568, 6.32842731476, 5.1796579361, 4.02258682251, 4.56337690353, 3.76494336128, 2.68326067924, 1.55397617817, 1.74677360058, 1.35899758339, 1.04894196987, 0.640417575836, 0.485590219498, 0.407357633114, 0.213757246733, 0.141327291727, 0.105377584696, 0.0797792673111, 0.0518639758229, 0.0281166415662, 0.0178638957441, 0.0136329513043, 0.0107710873708, 0.00542915100232, 0.00295743718743, 0.00241686357185], "dvar": [0.0583539307117, 1.30966234207, 6.15698814392, 46.8266334534, 113.089508057, 152.111633301, 253.206359863, 1400.72460938, 6959.54003906, 2864.07641602, 2984.34350586, 2210.23974609, 663.965759277, 964.092651367, 233.514404297, 95.6440353394, 119.846641541, 134.636901855, 71.3997955322, 55.8729095459, 25.4861030579, 10.2037229538, 14.0051689148, 8.01782798767, 4.16567134857, 1.22742009163, 0.577851474285, 0.408657759428, 0.0922435671091, 0.0446943156421, 0.0328610613942, 0.0188223645091, 0.006386927329, 0.00156707386486, 0.000625254353508, 0.00036804220872, 0.000438666465925, 0.000100996447145, 3.76162133762e-05, 8.85445479071e-06], "dvar2": [0.161692157388, 3.76997113228, 17.016834259, 115.333259583, 259.273712158, 297.016357422, 562.848815918, 3582.43261719, 16091.671875, 7075.97753906, 7610.14794922, 5549.90576172, 1659.11071777, 2210.8034668, 515.565673828, 250.985473633, 301.28427124, 339.757354736, 187.891586304, 128.625076294, 61.2453041077, 26.7796535492, 36.1099891663, 20.4535274506, 10.1257925034, 3.13537073135, 1.43071448803, 0.994005382061, 0.224230438471, 0.106162108481, 0.0738037675619, 0.0442330315709, 0.0159435551614, 0.0044875908643, 0.00179894897155, 0.000925838015974, 0.000949468754698, 0.000204211610253, 8.91637901077e-05, 2.08467190532e-05], "max": [4.74078989029, 27.5374717712, 57.8307228088, 165.616729736, 273.909332275, 378.628234863, 511.222076416, 1165.44726562, 2638.99243164, 1432.24914551, 2395.14233398, 1503.99707031, 953.50604248, 1081.08959961, 762.196228027, 276.35647583, 726.70513916, 824.314086914, 231.48223877, 313.327667236, 204.410354614, 104.442634583, 98.2145614624, 99.1117782593, 53.5049591064, 32.0342140198, 23.174533844, 16.4725131989, 9.8287229538, 7.34625101089, 6.5030002594, 3.67888855934, 1.20755541325, 0.701769888401, 0.441204667091, 0.327111780643, 0.669880867004, 0.394890010357, 0.317283689976, 0.167343229055], "mean": [0.108341798186, 0.717447757721, 1.92621827126, 4.96339559555, 9.1027765274, 7.42143392563, 10.6112451553, 20.0202693939, 58.7748832703, 39.2216567993, 25.7845592499, 24.9524936676, 15.7416610718, 18.4274635315, 8.9449005127, 7.46619939804, 5.97987747192, 4.85836696625, 5.53125667572, 5.27168464661, 3.41645336151, 1.79849684238, 1.92562842369, 1.48241424561, 1.12040281296, 0.697407543659, 0.52828168869, 0.430962771177, 0.212859019637, 0.117696486413, 0.0725461468101, 0.044731862843, 0.024108717218, 0.00867927074432, 0.00473765190691, 0.00597621547058, 0.00703543191776, 0.00517090922222, 0.00456976564601, 0.00659678364173], "median": [0.0272361561656, 0.270011425018, 0.854789376259, 1.68888759613, 2.96038341522, 2.52329087257, 2.82838368416, 3.55170035362, 5.69428253174, 5.99749326706, 3.57975625992, 3.11300873756, 2.53510713577, 2.80293130875, 2.12076616287, 1.95978140831, 1.65584611893, 1.00738310814, 1.05697870255, 0.80420178175, 0.520027816296, 0.367486536503, 0.324967324734, 0.225750058889, 0.15620136261, 0.130358591676, 0.0949551314116, 0.091003075242, 0.0519684776664, 0.0253629386425, 0.00990624912083, 0.00258788140491, 0.000608238275163, 0.000127337494632, 3.9767146518e-05, 0.000114753114758, 0.00033954976243, 0.000786152319051, 0.00106478726957, 0.00322685576975], "min": [5.22129110246e-23, 4.52775110032e-22, 1.15786070368e-21, 2.15481741066e-21, 1.29493598165e-20, 1.6527748801e-20, 3.74188559462e-20, 8.32719879224e-20, 8.99853922362e-20, 1.795781451e-19, 2.5521859054e-19, 4.0833202252e-19, 4.42121058073e-19, 4.99584623143e-19, 9.45309345254e-19, 1.12391656126e-18, 1.47987171419e-18, 2.03745255502e-18, 2.51697122407e-18, 2.31747035636e-18, 2.86836892201e-18, 4.22509091718e-18, 5.09741160294e-18, 5.96407437331e-18, 6.20877921392e-18, 7.38217006801e-18, 9.0540418795e-18, 9.63073235024e-18, 1.0791799454e-17, 9.44133528692e-18, 1.03173112838e-17, 9.98271259013e-18, 9.43545734149e-18, 8.06154343126e-18, 5.92942046873e-18, 3.58399285523e-18, 2.12946337007e-18, 9.04601615961e-19, 2.38284729986e-19, 2.61968503892e-20], "var": [0.0661474764347, 1.56078088284, 10.1986198425, 104.966209412, 319.841705322, 359.661529541, 638.720275879, 3252.79931641, 22305.75, 8629.59667969, 6485.90185547, 6519.41699219, 1814.68066406, 2817.2421875, 592.372314453, 270.384887695, 325.919189453, 279.922119141, 193.661804199, 216.862594604, 78.219329834, 22.2239646912, 33.2898025513, 19.0174674988, 9.95257282257, 3.26270270348, 1.58265328407, 0.97799628973, 0.220320031047, 0.0940012559295, 0.0600373409688, 0.0268134158105, 0.00742274289951, 0.000931250571739, 0.00033722576336, 0.000416194961872, 0.000773172301706, 0.000284599431325, 0.000219508743612, 0.000102683072328]}, "erbbands_crest": {"dmean": 3.08572101593, "dmean2": 5.01948690414, "dvar": 8.14636516571, "dvar2": 20.4145011902, "max": 35.7714080811, "mean": 11.7035045624, "median": 10.3480567932, "min": 2.65550041199, "var": 31.6224060059}, "erbbands_flatness_db": {"dmean": 0.0375717319548, "dmean2": 0.0650850981474, "dvar": 0.0012298792135, "dvar2": 0.00305959605612, "max": 0.430989921093, "mean": 0.205554336309, "median": 0.204039126635, "min": 0.0352429784834, "var": 0.00383960036561}, "erbbands_kurtosis": {"dmean": 2.06648516655, "dmean2": 3.27652168274, "dvar": 31.0530147552, "dvar2": 64.070526123, "max": 319.902496338, "mean": 3.42731118202, "median": 1.19034671783, "min": -1.81194400787, "var": 67.2981109619}, "erbbands_skewness": {"dmean": 0.449671477079, "dmean2": 0.70950037241, "dvar": 0.219469487667, "dvar2": 0.504778623581, "max": 16.636680603, "mean": 1.0215228796, "median": 0.91029548645, "min": -3.263204813, "var": 1.13067412376}, "erbbands_spread": {"dmean": 5.31041812897, "dmean2": 8.53331661224, "dvar": 34.1490440369, "dvar2": 83.2778244019, "max": 116.917915344, "mean": 22.8478469849, "median": 20.5891418457, "min": 1.02549314499, "var": 197.200012207}, "gfcc": {"cov": [[31091.5332031, 2709.66088867, -2286.76098633, -348.498931885, -1052.11791992, -1079.25732422, 155.771636963, -461.495422363, 275.513549805, -31.2742900848, -118.816757202, 35.5192871094, -282.529083252], [2709.66088867, 1543.61816406, -352.148742676, -321.140655518, 81.9401092529, -425.735748291, 256.938903809, -372.549987793, 244.517547607, -146.637176514, 32.0939788818, -55.1278572083, -12.4350099564], [-2286.76098633, -352.148742676, 588.175598145, 92.9973602295, -32.4309539795, 226.18145752, -154.296813965, 148.21446228, -117.668281555, 37.9353637695, -16.2522659302, -20.7787780762, 11.9662294388], [-348.498931885, -321.140655518, 92.9973602295, 569.969360352, 163.437637329, 75.2252120972, 71.6670608521, -2.06728172302, -110.790840149, -31.2418518066, -19.1869182587, 20.4961433411, -82.8450546265], [-1052.11791992, 81.9401092529, -32.4309539795, 163.437637329, 440.328765869, 70.0358276367, 126.291694641, -67.9089584351, -34.9365234375, -90.5041427612, 24.5234565735, -20.2749576569, -11.0844259262], [-1079.25732422, -425.735748291, 226.18145752, 75.2252120972, 70.0358276367, 350.144073486, -83.9515304565, 126.799156189, -127.425483704, 35.2311210632, -22.400220871, 0.715453326702, 34.0975990295], [155.771636963, 256.938903809, -154.296813965, 71.6670608521, 126.291694641, -83.9515304565, 290.124755859, -89.3071136475, 89.5148696899, -51.038684845, 20.2992324829, 21.1237983704, -21.6448307037], [-461.495422363, -372.549987793, 148.21446228, -2.06728172302, -67.9089584351, 126.799156189, -89.3071136475, 290.823242188, -38.3383483887, 66.01612854, 23.9897480011, 7.4582901001, 21.4963741302], [275.513549805, 244.517547607, -117.668281555, -110.790840149, -34.9365234375, -127.425483704, 89.5148696899, -38.3383483887, 200.466567993, 32.8616676331, 9.43373680115, 4.60930633545, 7.27022743225], [-31.2742900848, -146.637176514, 37.9353637695, -31.2418518066, -90.5041427612, 35.2311210632, -51.038684845, 66.01612854, 32.8616676331, 117.179794312, 26.7181453705, 7.72541332245, 11.1444377899], [-118.816757202, 32.0939788818, -16.2522659302, -19.1869182587, 24.5234565735, -22.400220871, 20.2992324829, 23.9897480011, 9.43373680115, 26.7181453705, 105.47076416, 35.2903251648, -4.87359619141], [35.5192871094, -55.1278572083, -20.7787780762, 20.4961433411, -20.2749576569, 0.715453326702, 21.1237983704, 7.4582901001, 4.60930633545, 7.72541332245, 35.2903251648, 83.6946411133, 21.6254482269], [-282.529083252, -12.4350099564, 11.9662294388, -82.8450546265, -11.0844259262, 34.0975990295, -21.6448307037, 21.4963741302, 7.27022743225, 11.1444377899, -4.87359619141, 21.6254482269, 92.7663192749]], "icov": [[9.02778483578e-05, -0.000324248248944, 0.000431989727076, -0.000168223501532, 0.000254555547144, -0.000156623515068, 0.000158833179739, -0.000260445813183, 0.000280411331914, -0.000268694304395, 0.000315643061185, -0.000258040759945, 0.000297967140796], [-0.000324248248944, 0.00312664057128, -0.0017533893697, 0.00139170652255, -0.00084535125643, 0.00152153964154, -0.00126715167426, 0.00247703725472, -0.00212056841701, 0.00287661259063, -0.00263918098062, 0.0026720315218, -0.00157023989595], [0.000431989727076, -0.0017533893697, 0.00478789769113, -0.00152742979117, 0.00176878646016, -0.00234790192917, 0.00173760019243, -0.00183933170047, 0.00125674519222, -0.000813934428152, 0.000884745211806, -0.000255629711319, 0.00111031683628], [-0.000168223501532, 0.00139170652255, -0.00152742979117, 0.00403739558533, -0.00206378381699, 0.00144702021498, -0.00175298808608, 0.000757525733206, 0.00136322330218, -0.000845214352012, 0.00169195013586, -0.00191058404744, 0.00264279474504], [0.000254555547144, -0.00084535125643, 0.00176878646016, -0.00206378381699, 0.00554068246856, -0.00289748748764, -0.000403154088417, 0.000248264404945, -0.000522108166479, 0.00354372826405, -0.00340019236319, 0.00315431808122, -0.0011325731175], [-0.000156623515068, 0.00152153964154, -0.00234790192917, 0.00144702021498, -0.00289748748764, 0.00760331330821, -0.00125636777375, -0.000457662565168, 0.00303492764942, -0.00304952752776, 0.0026174900122, -0.000869785144459, -0.00153716455679], [0.000158833179739, -0.00126715167426, 0.00173760019243, -0.00175298808608, -0.000403154088417, -0.00125636777375, 0.00698332767934, -0.000456903711893, -0.00295790936798, 0.00172468286473, -0.000352307455614, -0.00199342984706, 0.00114394980483], [-0.000260445813183, 0.00247703725472, -0.00183933170047, 0.000757525733206, 0.000248264404945, -0.000457662565168, -0.000456903711893, 0.0070595475845, -0.0020635293331, 0.00149810162839, -0.00411527324468, 0.00287682772614, -0.00199710065499], [0.000280411331914, -0.00212056841701, 0.00125674519222, 0.00136322330218, -0.000522108166479, 0.00303492764942, -0.00295790936798, -0.0020635293331, 0.0126520190388, -0.00876883603632, 0.00546406907961, -0.0033006707672, 0.00135356932878], [-0.000268694304395, 0.00287661259063, -0.000813934428152, -0.000845214352012, 0.00354372826405, -0.00304952752776, 0.00172468286473, 0.00149810162839, -0.00876883603632, 0.0203352384269, -0.0101324776188, 0.00602847477421, -0.00317637179978], [0.000315643061185, -0.00263918098062, 0.000884745211806, 0.00169195013586, -0.00340019236319, 0.0026174900122, -0.000352307455614, -0.00411527324468, 0.00546406907961, -0.0101324776188, 0.0197065919638, -0.0116979917511, 0.00605880748481], [-0.000258040759945, 0.0026720315218, -0.000255629711319, -0.00191058404744, 0.00315431808122, -0.000869785144459, -0.00199342984706, 0.00287682772614, -0.0033006707672, 0.00602847477421, -0.0116979917511, 0.0220615565777, -0.00875919032842], [0.000297967140796, -0.00157023989595, 0.00111031683628, 0.00264279474504, -0.0011325731175, -0.00153716455679, 0.00114394980483, -0.00199710065499, 0.00135356932878, -0.00317637179978, 0.00605880748481, -0.00875919032842, 0.0174888148904]], "mean": [-138.362945557, 145.066665649, -77.1725082397, -9.40006351471, -14.534992218, -29.8378295898, 6.18693494797, -28.4986495972, 6.28436756134, -13.0611619949, -4.54270505905, -6.5212059021, -8.11008644104]}, "hfc": {"dmean": 32.758480072, "dmean2": 54.4095535278, "dvar": 2070.24926758, "dvar2": 5663.42773438, "max": 1232.76074219, "mean": 116.7552948, "median": 77.1197052002, "min": 1.04879136456e-16, "var": 14419.9189453}, "melbands": {"dmean": [0.000663991726469, 0.000643824401777, 0.000574230332859, 0.000335952558089, 0.000202282186365, 0.000265935872449, 0.000449630431831, 0.000196838271222, 0.000126434199046, 8.33852682263e-05, 4.34950416093e-05, 4.27652739745e-05, 1.75821969606e-05, 1.20777549455e-05, 9.7294760053e-06, 6.04872457188e-06, 5.09186929776e-06, 4.83968233311e-06, 4.31554008173e-06, 3.18460593007e-06, 1.7976392428e-06, 1.02077183328e-06, 1.11262647806e-06, 8.85472331902e-07, 7.0869953106e-07, 5.95737503772e-07, 3.79102260695e-07, 2.50246841915e-07, 1.96634374561e-07, 1.84220326105e-07, 1.36634184855e-07, 8.0149973769e-08, 5.77261083379e-08, 4.47131611736e-08, 3.704599294e-08, 3.23774607125e-08, 2.71628000093e-08, 2.19477964691e-08, 1.50451739955e-08, 1.12737845726e-08], "dmean2": [0.00113191059791, 0.00109217548743, 0.000916444696486, 0.000517104344908, 0.000313885568175, 0.000424794474384, 0.00069494440686, 0.000312302232487, 0.000205765391001, 0.000132273082272, 6.86176281306e-05, 6.5257139795e-05, 2.70578693744e-05, 1.95943357539e-05, 1.60022391356e-05, 9.95044501906e-06, 8.15228668216e-06, 8.04031515145e-06, 6.76236368236e-06, 5.03395267515e-06, 2.89551553578e-06, 1.69388522409e-06, 1.86191084595e-06, 1.43334091263e-06, 1.17535489608e-06, 9.80245317805e-07, 6.12565543179e-07, 4.16325178776e-07, 3.23342021602e-07, 3.03857063955e-07, 2.24077410849e-07, 1.34133188112e-07, 9.74965956857e-08, 7.59683658202e-08, 6.36587600411e-08, 5.61722295345e-08, 4.76215511469e-08, 3.90139547335e-08, 2.83624181918e-08, 2.23478107131e-08], "dvar": [3.13119107886e-06, 1.51976007601e-06, 1.53754410803e-06, 5.28053419657e-07, 2.4264681997e-07, 6.65883987949e-07, 1.51591109443e-06, 2.69121414931e-07, 1.91267957916e-07, 9.32560837441e-08, 1.90590583315e-08, 1.92411473421e-08, 3.19482662547e-09, 9.99967331161e-10, 1.16407539164e-09, 4.5075643218e-10, 5.16842346698e-10, 2.42569020426e-10, 2.23623647377e-10, 1.05404289463e-10, 2.63960867053e-11, 1.17739637484e-11, 1.72376713597e-11, 1.03019563366e-11, 5.80703801017e-12, 3.75402616978e-12, 1.4334433163e-12, 4.88436385521e-13, 2.66399939218e-13, 2.51562334332e-13, 1.18466082213e-13, 3.74101655687e-14, 2.02874199509e-14, 1.36100720334e-14, 1.21529077017e-14, 9.86972954536e-15, 6.68120107036e-15, 3.93227337763e-15, 1.60119995503e-15, 1.03057048149e-15], "dvar2": [8.62999149831e-06, 4.25617599831e-06, 3.70834936803e-06, 1.08574556634e-06, 5.37205949058e-07, 1.70774774233e-06, 3.47487662111e-06, 6.75759849855e-07, 4.89726176056e-07, 2.30757834174e-07, 4.77029153956e-08, 4.48656045648e-08, 6.84818113328e-09, 2.57577803531e-09, 3.05572211978e-09, 1.01298303079e-09, 1.32879551806e-09, 6.62401467011e-10, 5.33946942216e-10, 2.5572069462e-10, 6.44196640476e-11, 3.13018500009e-11, 4.66839240876e-11, 2.58298469419e-11, 1.51499767592e-11, 9.49603329997e-12, 3.52541845543e-12, 1.2978454032e-12, 6.90671424133e-13, 6.50856321963e-13, 2.85790298761e-13, 9.12801328664e-14, 5.03347160502e-14, 3.28858542774e-14, 2.72489296345e-14, 2.33800016158e-14, 1.59123931344e-14, 9.70142663984e-15, 4.34333169067e-15, 2.97330015596e-15], "max": [0.0321523919702, 0.0305085796863, 0.03235681355, 0.0171117652208, 0.0134207597002, 0.0235994942486, 0.0403102040291, 0.0131201818585, 0.0173120927066, 0.0099576190114, 0.00509199453518, 0.00462471926585, 0.00242034695111, 0.000851467542816, 0.00215453398414, 0.00128052849323, 0.00145955407061, 0.000457945163362, 0.000686195737217, 0.000364056497347, 0.000200674810912, 0.000109075393993, 0.000180625604116, 9.91103079286e-05, 8.21766734589e-05, 4.98394147144e-05, 3.21257393807e-05, 1.9065269953e-05, 1.31949636852e-05, 1.11482340799e-05, 8.69751329446e-06, 7.04870581103e-06, 3.94768403567e-06, 4.23501342084e-06, 4.34814000982e-06, 3.27766974806e-06, 1.77981280558e-06, 1.03654656414e-06, 6.48078980703e-07, 5.71529540139e-07], "mean": [0.000981476856396, 0.00100637518335, 0.00103053753264, 0.000600011844654, 0.000351863272954, 0.000445073470473, 0.000921127502806, 0.000374247261789, 0.000204005598789, 0.000151275002281, 7.69592734287e-05, 7.78930043452e-05, 3.10404211632e-05, 2.20492529479e-05, 1.71219562617e-05, 1.07848281914e-05, 8.87596888788e-06, 8.73271892488e-06, 8.19971955934e-06, 6.31025932307e-06, 3.37010419571e-06, 1.76756623205e-06, 1.87072532754e-06, 1.53516930368e-06, 1.17004515232e-06, 9.51959805207e-07, 6.2393354483e-07, 4.13987208958e-07, 3.27417637891e-07, 3.01716795548e-07, 2.28486470633e-07, 1.26771851683e-07, 8.34265492244e-08, 5.75542458137e-08, 4.36123777092e-08, 3.28053886278e-08, 2.526999765e-08, 1.86221082998e-08, 1.07498427937e-08, 6.04847638641e-09], "median": [0.000330731039867, 0.000472364074085, 0.000373920076527, 0.000210510857869, 0.000103711310658, 7.33283304726e-05, 8.71397060109e-05, 6.1176266172e-05, 2.5535662644e-05, 1.67729886016e-05, 1.13401583803e-05, 1.07704418042e-05, 6.48551804261e-06, 5.34309128852e-06, 4.4075218284e-06, 2.76081368611e-06, 1.62701610407e-06, 1.60764852808e-06, 1.23950894704e-06, 8.12265568584e-07, 5.33235947842e-07, 3.30654756908e-07, 3.14640658416e-07, 2.32701651726e-07, 1.61804820209e-07, 1.19024925027e-07, 8.75227783581e-08, 7.66247580941e-08, 5.40695701545e-08, 5.23277847719e-08, 4.92737370905e-08, 3.01282874204e-08, 1.76835559529e-08, 1.07566489049e-08, 5.93353277623e-09, 2.37126318581e-09, 9.93071624933e-10, 4.02472055683e-10, 1.73200453979e-10, 4.50813102126e-11], "min": [6.38177576183e-25, 1.03078985232e-24, 6.58398349158e-25, 1.16078071886e-24, 1.76330587435e-24, 1.93596366346e-24, 1.47448526011e-24, 1.62879089051e-24, 2.10092000076e-24, 1.6217511944e-24, 2.11636708058e-24, 1.48976204457e-24, 2.53363012602e-24, 2.56742650492e-24, 3.37430400714e-24, 2.7223017915e-24, 2.92045024026e-24, 3.11047933815e-24, 2.16730027936e-24, 3.16815611437e-24, 2.36050059808e-24, 3.29097820744e-24, 3.66485212815e-24, 3.80929137661e-24, 3.14400079902e-24, 2.21800865277e-24, 1.50908322029e-24, 2.28844328199e-24, 1.24112422991e-24, 8.25425249127e-25, 5.17151423572e-25, 3.95518612274e-25, 4.05428381573e-25, 2.50243121956e-25, 1.87399430062e-25, 1.58775303967e-25, 1.49577420005e-25, 9.60697428499e-26, 1.80003859075e-25, 1.32063845093e-25], "var": [3.95773804485e-06, 2.38476991399e-06, 3.91295816371e-06, 1.43677675624e-06, 6.36916468011e-07, 1.58599937095e-06, 5.30836950929e-06, 7.50039930608e-07, 4.16067678088e-07, 2.77150661532e-07, 4.83745026258e-08, 5.46780007937e-08, 8.3824769348e-09, 2.6354167737e-09, 2.28002372538e-09, 1.30931931963e-09, 1.0024689967e-09, 5.42550671057e-10, 6.44562458962e-10, 3.26140919826e-10, 7.42649483576e-11, 2.37341032244e-11, 3.05129740918e-11, 2.38293551558e-11, 1.23798887808e-11, 7.62029588736e-12, 3.32656146552e-12, 1.14294294515e-12, 6.61735531822e-13, 5.46598465274e-13, 2.76021664292e-13, 8.3713445247e-14, 4.23238274126e-14, 2.54957696394e-14, 2.24483839585e-14, 1.45302149354e-14, 8.99592103961e-15, 4.73062607086e-15, 1.33683292538e-15, 5.57965325131e-16]}, "melbands_crest": {"dmean": 3.65274500847, "dmean2": 6.1154665947, "dvar": 9.99178123474, "dvar2": 26.4877605438, "max": 40, "mean": 16.095243454, "median": 15.2954502106, "min": 1.49249053001, "var": 35.9398155212}, "melbands_flatness_db": {"dmean": 0.0445557795465, "dmean2": 0.0764269158244, "dvar": 0.00176325801294, "dvar2": 0.00444435421377, "max": 1, "mean": 0.341079324484, "median": 0.346142679453, "min": 0.00274649844505, "var": 0.0067964210175}, "melbands_kurtosis": {"dmean": 425813.28125, "dmean2": 851715.125, "dvar": 863700810465000.0, "dvar2": 1727956074360000.0, "max": 2029210112, "mean": 425773.84375, "median": 8.34222602844, "min": -1.74133718014, "var": 863610347717000.0}, "melbands_skewness": {"dmean": 7.72065734863, "dmean2": 15.1485977173, "dvar": 232122.5625, "dvar2": 464055.1875, "max": 33275.015625, "mean": 9.48997306824, "median": 2.14016699791, "min": -2.41386437416, "var": 232185.765625}, "melbands_spread": {"dmean": 2.6540491581, "dmean2": 4.28866958618, "dvar": 14.6884307861, "dvar2": 34.7996559143, "max": 162.821548462, "mean": 10.292971611, "median": 6.84777069092, "min": 8.61497717608e-09, "var": 300.810546875}, "mfcc": {"cov": [[11941.0009766, 2544.80541992, -1291.46569824, 605.131591797, -1004.6282959, -99.1985626221, -557.896789551, -79.5247116089, -93.0841217041, 119.656059265, 16.4611110687, 74.5950927734, 38.7670021057], [2544.80541992, 2127.02416992, -201.163879395, -58.4079322815, -206.916549683, -70.120010376, -193.364013672, -119.082824707, 28.6256351471, -38.168636322, 38.2377357483, -44.1229057312, 41.9597473145], [-1291.46569824, -201.163879395, 609.328063965, -114.922210693, 133.49369812, -15.3773412704, 36.6602363586, -11.5089530945, 2.00127291679, -5.28974294662, -20.4102573395, 10.8682117462, -12.3160295486], [605.131591797, -58.4079322815, -114.922210693, 501.443084717, 0.756885826588, 77.6586151123, 78.1592025757, 51.2552490234, -23.0127334595, -30.9419288635, 36.442855835, 30.0704479218, -19.1799030304], [-1004.6282959, -206.916549683, 133.49369812, 0.756885826588, 359.264770508, 76.386932373, 152.125366211, 53.0467987061, -20.2053279877, -20.9031524658, -8.37860202789, -8.43563175201, -33.7762908936], [-99.1985626221, -70.120010376, -15.3773412704, 77.6586151123, 76.386932373, 246.922836304, 91.1118087769, 12.4618463516, 21.9577045441, -35.3025665283, -34.8899345398, -1.48624539375, 0.178438380361], [-557.896789551, -193.364013672, 36.6602363586, 78.1592025757, 152.125366211, 91.1118087769, 246.152954102, 99.1208114624, -15.3408317566, -27.6515522003, 3.69160246849, 13.9634714127, -20.8860988617], [-79.5247116089, -119.082824707, -11.5089530945, 51.2552490234, 53.0467987061, 12.4618463516, 99.1208114624, 134.835144043, 13.8270483017, 1.29130589962, 7.66699934006, 6.05153036118, -10.5545949936], [-93.0841217041, 28.6256351471, 2.00127291679, -23.0127334595, -20.2053279877, 21.9577045441, -15.3408317566, 13.8270483017, 122.875366211, 30.8654327393, -9.26392459869, -7.93731784821, 4.27077913284], [119.656059265, -38.168636322, -5.28974294662, -30.9419288635, -20.9031524658, -35.3025665283, -27.6515522003, 1.29130589962, 30.8654327393, 113.522727966, 26.6404743195, 3.89578127861, 5.31509208679], [16.4611110687, 38.2377357483, -20.4102573395, 36.442855835, -8.37860202789, -34.8899345398, 3.69160246849, 7.66699934006, -9.26392459869, 26.6404743195, 96.1672210693, 34.6443252563, 3.76961565018], [74.5950927734, -44.1229057312, 10.8682117462, 30.0704479218, -8.43563175201, -1.48624539375, 13.9634714127, 6.05153036118, -7.93731784821, 3.89578127861, 34.6443252563, 82.6407928467, 21.860080719], [38.7670021057, 41.9597473145, -12.3160295486, -19.1799030304, -33.7762908936, 0.178438380361, -20.8860988617, -10.5545949936, 4.27077913284, 5.31509208679, 3.76961565018, 21.860080719, 64.5632095337]], "icov": [[0.000249427568633, -0.000284356967313, 0.000297800695989, -0.000261117354967, 0.000390646775486, -0.000177308407729, 0.000417568080593, -0.000444381468697, 0.000539234548341, -0.000591480988078, 0.000649543537293, -0.000640309182927, 0.000473463878734], [-0.000284356967313, 0.000894829223398, -0.000202195951715, 0.000342963903677, -0.000318444595905, 0.000254434737144, -0.000295140198432, 0.000822089146823, -0.000861937412992, 0.00115666317288, -0.00128028541803, 0.00122313096654, -0.000853463599924], [0.000297800695989, -0.000202195951715, 0.00234979926609, 8.26209870866e-05, -0.000283150991891, 0.000216263506445, 0.000302020140225, 7.41965486668e-05, 0.000288700743113, -0.000510641431902, 0.0011989811901, -0.00146956113167, 0.000836994033307], [-0.000261117354967, 0.000342963903677, 8.26209870866e-05, 0.00280900252983, -3.88959524571e-05, -0.000669608765747, -0.000683349440806, -0.000190324441064, -0.000151586806169, 0.00119900493883, -0.00171382538974, 8.5340016085e-06, 0.00052195234457], [0.000390646775486, -0.000318444595905, -0.000283150991891, -3.88959524571e-05, 0.00501064443961, -0.00107012770604, -0.00152186339255, -0.000829887168948, 0.00148542504758, -0.000940918223932, 0.000600332219619, -0.000235483443248, 0.00192699779291], [-0.000177308407729, 0.000254434737144, 0.000216263506445, -0.000669608765747, -0.00107012770604, 0.00612652581185, -0.00266081886366, 0.00221871724352, -0.00235385354608, 0.00144913617987, 0.00164214614779, 0.000190776670934, -0.00141545943916], [0.000417568080593, -0.000295140198432, 0.000302020140225, -0.000683349440806, -0.00152186339255, -0.00266081886366, 0.00968760251999, -0.00602167611942, 0.00221042777412, -6.95889175404e-05, 0.00029523356352, -0.00208365544677, 0.0017041687388], [-0.000444381468697, 0.000822089146823, 7.41965486668e-05, -0.000190324441064, -0.000829887168948, 0.00221871724352, -0.00602167611942, 0.0128050055355, -0.00348503817804, 0.000849295640364, -0.00122264528181, 0.00128610490356, -0.000808257726021], [0.000539234548341, -0.000861937412992, 0.000288700743113, -0.000151586806169, 0.00148542504758, -0.00235385354608, 0.00221042777412, -0.00348503817804, 0.011245559901, -0.00440978491679, 0.00243926886469, -0.000929050263949, 0.000966676336247], [-0.000591480988078, 0.00115666317288, -0.000510641431902, 0.00119900493883, -0.000940918223932, 0.00144913617987, -6.95889175404e-05, 0.000849295640364, -0.00440978491679, 0.0128163369372, -0.00528235128149, 0.00231309118681, -0.00175584712997], [0.000649543537293, -0.00128028541803, 0.0011989811901, -0.00171382538974, 0.000600332219619, 0.00164214614779, 0.00029523356352, -0.00122264528181, 0.00243926886469, -0.00528235128149, 0.0168811716139, -0.00788157619536, 0.00232324213721], [-0.000640309182927, 0.00122313096654, -0.00146956113167, 8.5340016085e-06, -0.000235483443248, 0.000190776670934, -0.00208365544677, 0.00128610490356, -0.000929050263949, 0.00231309118681, -0.00788157619536, 0.0187982935458, -0.00730936415493], [0.000473463878734, -0.000853463599924, 0.000836994033307, 0.00052195234457, 0.00192699779291, -0.00141545943916, 0.0017041687388, -0.000808257726021, 0.000966676336247, -0.00175584712997, 0.00232324213721, -0.00730936415493, 0.019924774766]], "mean": [-786.433410645, 193.059082031, 4.64428281784, 26.6235427856, -0.903902411461, 10.5439252853, -2.05747008324, 0.454244077206, 2.27249622345, 0.0357609242201, 1.70564699173, 0.147305473685, 1.49874174595]}, "pitch_salience": {"dmean": 0.0756990388036, "dmean2": 0.125969201326, "dvar": 0.00402834452689, "dvar2": 0.0107942046598, "max": 0.988098740578, "mean": 0.536506056786, "median": 0.548849701881, "min": 1.64826196851e-05, "var": 0.0142067875713}, "silence_rate_20dB": {"dmean": 0, "dmean2": 0, "dvar": 0, "dvar2": 0, "max": 1, "mean": 1, "median": 1, "min": 1, "var": 0}, "silence_rate_30dB": {"dmean": 0.0146889099851, "dmean2": 0.029380902648, "dvar": 0.0144726615399, "dvar2": 0.035022161901, "max": 1, "mean": 0.983634054661, "median": 1, "min": 0, "var": 0.0160994399339}, "silence_rate_60dB": {"dmean": 0.0222432054579, "dmean2": 0.0444910824299, "dvar": 0.0217437613755, "dvar2": 0.0519588626921, "max": 1, "mean": 0.157679393888, "median": 0, "min": 0, "var": 0.132801637053}, "spectral_centroid": {"dmean": 104.746986389, "dmean2": 167.325546265, "dvar": 38286.4375, "dvar2": 80374.6015625, "max": 11745.5195312, "mean": 717.15057373, "median": 477.099487305, "min": 129.816482544, "var": 1926966.875}, "spectral_complexity": {"dmean": 1.59500575066, "dmean2": 2.62749218941, "dvar": 3.12340784073, "dvar2": 7.41933059692, "max": 42, "mean": 8.72492694855, "median": 8, "min": 0, "var": 37.893032074}, "spectral_contrast_coeffs": {"dmean": [0.0508291050792, 0.0531366802752, 0.0387939997017, 0.0307726655155, 0.0279294475913, 0.0614452660084], "dmean2": [0.0852097347379, 0.0889167040586, 0.064720697701, 0.0524560883641, 0.0488552600145, 0.112897209823], "dvar": [0.00169166910928, 0.00208746804856, 0.00103310425766, 0.000656015588902, 0.000752472900786, 0.00341441505589], "dvar2": [0.00452501513064, 0.00565131753683, 0.00278689712286, 0.00183799664956, 0.00208567688242, 0.00844342727214], "max": [-0.30806902051, -0.346693843603, -0.497881829739, -0.622260689735, -0.685568094254, -0.508924126625], "mean": [-0.665971755981, -0.73471224308, -0.79135620594, -0.818689703941, -0.832824707031, -0.740370452404], "median": [-0.668398797512, -0.747728943825, -0.798874855042, -0.819839656353, -0.830936133862, -0.730619311333], "min": [-0.999793171883, -0.99968701601, -0.99941599369, -0.998054563999, -0.990569889545, -0.979555547237], "var": [0.00897161103785, 0.00977139174938, 0.00491984374821, 0.00214409269392, 0.00176702148747, 0.00668772961944]}, "spectral_contrast_valleys": {"dmean": [0.398366600275, 0.4291048944, 0.368770778179, 0.334515750408, 0.426328808069, 1.16466641426], "dmean2": [0.681486129761, 0.734536588192, 0.629787027836, 0.576700091362, 0.74960821867, 2.1885035038], "dvar": [0.133989095688, 0.174034535885, 0.135023772717, 0.128042280674, 0.269533634186, 1.39830601215], "dvar2": [0.349712878466, 0.451131910086, 0.342729866505, 0.315089970827, 0.679755926132, 3.30226111412], "max": [-5.12392902374, -4.50511550903, -5.46597242355, -6.07332992554, -6.31418466568, -8.96770000458], "mean": [-7.8004360199, -7.46715116501, -8.31110954285, -8.9705657959, -9.51707077026, -13.2066135406], "median": [-7.30567121506, -6.99319839478, -7.82933521271, -8.56519317627, -9.13256263733, -13.3554649353], "min": [-28.4355316162, -27.9275436401, -28.0170974731, -27.7331237793, -27.537935257, -27.4650974274], "var": [7.8920135498, 8.58980560303, 7.72557735443, 7.26430559158, 7.06976747513, 5.29144144058]}, "spectral_decrease": {"dmean": 1.80556236629e-09, "dmean2": 2.82272960561e-09, "dvar": 7.71935039238e-18, "dvar2": 1.93309793048e-17, "max": 4.68412597598e-09, "mean": -3.99499144876e-09, "median": -1.90355420315e-09, "min": -4.5747114541e-08, "var": 2.84862705728e-17}, "spectral_energy": {"dmean": 0.00719772512093, "dmean2": 0.0112114241347, "dvar": 0.000116402137792, "dvar2": 0.000290492083877, "max": 0.192243531346, "mean": 0.0256680715829, "median": 0.0164164938033, "min": 9.91338805641e-21, "var": 0.000716686889064}, "spectral_energyband_high": {"dmean": 3.91059802496e-05, "dmean2": 6.29633505014e-05, "dvar": 1.09943467663e-08, "dvar2": 2.39162325499e-08, "max": 0.00600556470454, "mean": 9.07616631594e-05, "median": 2.01091424969e-05, "min": 1.84017797931e-22, "var": 6.68365203182e-08}, "spectral_energyband_low": {"dmean": 0.00356446858495, "dmean2": 0.00595589866862, "dvar": 5.1010894822e-05, "dvar2": 0.000137202281621, "max": 0.158323973417, "mean": 0.00655418727547, "median": 0.00324419140816, "min": 1.16170433693e-23, "var": 9.15173077374e-05}, "spectral_energyband_middle_high": {"dmean": 0.000509961042553, "dmean2": 0.000775189779233, "dvar": 1.59477770012e-06, "dvar2": 3.88663920603e-06, "max": 0.0479373298585, "mean": 0.00145209045149, "median": 0.00040447228821, "min": 1.19669154239e-21, "var": 7.74237378209e-06}, "spectral_energyband_middle_low": {"dmean": 0.00492556625977, "dmean2": 0.00746813882142, "dvar": 7.26038051653e-05, "dvar2": 0.000172445623321, "max": 0.175748124719, "mean": 0.0133865354583, "median": 0.00573258660734, "min": 1.50273925611e-22, "var": 0.000333880772814}, "spectral_entropy": {"dmean": 0.31343048811, "dmean2": 0.53102940321, "dvar": 0.100290238857, "dvar2": 0.25790387392, "max": 9.81961250305, "mean": 6.75631093979, "median": 6.74349784851, "min": 4.56277942657, "var": 0.473338991404}, "spectral_flux": {"dmean": 0.0177970342338, "dmean2": 0.0290099326521, "dvar": 0.00040829522186, "dvar2": 0.000971857982222, "max": 0.300696015358, "mean": 0.0702018290758, "median": 0.0615974776447, "min": 0, "var": 0.00220694439486}, "spectral_kurtosis": {"dmean": 12.0371656418, "dmean2": 21.2543964386, "dvar": 252.934036255, "dvar2": 686.843017578, "max": 139.201568604, "mean": 33.66015625, "median": 27.3988819122, "min": -1.26606738567, "var": 502.548034668}, "spectral_rms": {"dmean": 0.000618741032667, "dmean2": 0.000956039584707, "dvar": 4.80864628116e-07, "dvar2": 1.17429362945e-06, "max": 0.0136950593442, "mean": 0.00430762115866, "median": 0.00400201044977, "min": 3.10991922318e-12, "var": 6.48643072054e-06}, "spectral_rolloff": {"dmean": 3375.61303711, "dmean2": 6636.68994141, "dvar": 54798280, "dvar2": 135949072, "max": 22050, "mean": 15562.5224609, "median": 21705.46875, "min": 21.533203125, "var": 90883200}, "spectral_skewness": {"dmean": 0.711117684841, "dmean2": 1.22937357426, "dvar": 0.79518020153, "dvar2": 2.13782596588, "max": 9.27006435394, "mean": 3.96644854546, "median": 3.73484373093, "min": -0.0946843698621, "var": 2.49066519737}, "spectral_spread": {"dmean": 767293.25, "dmean2": 1380512.375, "dvar": 977351999488, "dvar2": 22