{"lowlevel": {"average_loudness": 0.873659968376, "barkbands": {"dmean": [0.00223420420662, 0.00578136509284, 0.00336891342886, 0.00415218155831, 0.00384768052027, 0.00239955424331, 0.00143252732232, 0.000644039304461, 0.000734647153877, 0.000467304926133, 0.000287142087473, 0.000195240441826, 0.000147376282257, 0.000102634068753, 6.1822560383e-05, 4.23276978836e-05, 2.83731351374e-05, 3.21609113598e-05, 3.14186072501e-05, 1.92424631678e-05, 1.23436202557e-05, 9.72777888819e-06, 6.8712652137e-06, 2.9951995657e-06, 2.47440561907e-06, 2.91651303996e-06, 5.078772665e-05], "dmean2": [0.00360381114297, 0.00961075071245, 0.00572146102786, 0.0070834197104, 0.00627197138965, 0.0037745970767, 0.00227815588005, 0.00104005960748, 0.00120405561756, 0.000745655735955, 0.000453341490356, 0.000316187477438, 0.000235995161347, 0.000165934485267, 9.87674939097e-05, 6.6147033067e-05, 4.41193515144e-05, 4.92112667416e-05, 4.67999379907e-05, 2.8790507713e-05, 1.83100491995e-05, 1.45649473779e-05, 1.04417476905e-05, 4.86835460833e-06, 4.14862006437e-06, 4.73771478937e-06, 8.01206551841e-05], "dvar": [4.65380035166e-05, 0.000144509511301, 2.5767389161e-05, 4.86279968754e-05, 4.38386996393e-05, 1.97678946279e-05, 8.58625571709e-06, 2.55203622146e-06, 3.82727876058e-06, 1.62868900588e-06, 4.53869972716e-07, 1.5551738386e-07, 1.50806926058e-07, 3.10633225808e-08, 1.58911142023e-08, 6.99095981105e-09, 3.72385255965e-09, 5.41867573034e-09, 6.55851817299e-09, 5.57500712262e-09, 1.32799626851e-09, 2.69280875376e-10, 1.23951141018e-10, 2.20977871418e-11, 1.78605810697e-11, 1.91422971224e-11, 6.4386402876e-09], "dvar2": [0.000112540277769, 0.000382744852686, 6.96718489053e-05, 0.000133804293, 0.0001051535437, 4.70232807857e-05, 1.95299016923e-05, 6.02386580795e-06, 9.3008075055e-06, 3.61828779205e-06, 9.01688622434e-07, 3.97489458237e-07, 3.76401203539e-07, 7.37895291536e-08, 3.90550951579e-08, 1.61429944967e-08, 8.2018596359e-09, 1.12163993649e-08, 1.29870985077e-08, 1.13143592273e-08, 2.07512806938e-09, 5.47101863813e-10, 2.67303568169e-10, 5.532728789e-11, 4.57137001864e-11, 4.80079379028e-11, 1.60082098688e-08], "max": [0.102573424578, 0.188642024994, 0.082580730319, 0.114876121283, 0.145682349801, 0.0769722759724, 0.083983682096, 0.0399479940534, 0.0726127177477, 0.0590685680509, 0.0361656621099, 0.011526402086, 0.019747575745, 0.00387439713813, 0.00344483950175, 0.00187094020657, 0.00163819058798, 0.00255047436804, 0.00333726941608, 0.00653351005167, 0.00312061188743, 0.000456005160231, 0.00015913345851, 7.96018939582e-05, 6.00625826337e-05, 6.21332146693e-05, 0.001712598023], "mean": [0.00211364589632, 0.00725423498079, 0.00453053088859, 0.00564835499972, 0.00610709702596, 0.00388353085145, 0.00235148868524, 0.000914101314265, 0.00117734353989, 0.000684298051056, 0.000433598412201, 0.000297179591144, 0.000223313109018, 0.000161194082466, 9.30430032895e-05, 6.0729093093e-05, 4.07302941312e-05, 4.91168211738e-05, 4.41578122263e-05, 2.62174507952e-05, 1.61142233992e-05, 1.16796181828e-05, 7.62519857744e-06, 3.21507195622e-06, 2.48150308835e-06, 3.42599787473e-06, 9.45655701798e-05], "median": [0.000200827271328, 0.00230133347213, 0.00240453751758, 0.00238194968551, 0.00307812797837, 0.00168472761288, 0.000942629179917, 0.000329868926201, 0.000424388854299, 0.000247873744229, 0.000176622343133, 0.00014316017041, 0.000112733323476, 8.84605178726e-05, 4.82923351228e-05, 3.08851449518e-05, 1.93027372006e-05, 2.11547048821e-05, 1.73476764758e-05, 1.00749657577e-05, 6.60371006234e-06, 4.42421060143e-06, 2.65992389359e-06, 1.43659667629e-06, 9.5664518085e-07, 1.82077133104e-06, 6.25436077826e-05], "min": [2.76982794933e-25, 3.6455487018e-24, 8.29799630758e-25, 1.19767880024e-24, 6.91572583046e-24, 6.21363528608e-24, 1.5371568472e-23, 1.14034237805e-23, 1.62995481533e-23, 1.74263018501e-23, 2.33746933064e-23, 1.42021121567e-23, 1.62093277093e-23, 2.90097602552e-23, 5.02147673724e-23, 5.94047287056e-23, 7.65661010869e-23, 8.7256769318e-23, 1.3808790527e-22, 1.57249412389e-22, 2.20089617715e-22, 3.13518289605e-22, 3.99419587628e-22, 5.6433448134e-22, 8.87572370334e-22, 1.16408293558e-21, 1.78242639383e-21], "var": [4.47812490165e-05, 0.000167267411598, 4.11412584072e-05, 8.84831388248e-05, 0.000100489080069, 4.31175067206e-05, 2.12180675589e-05, 4.44203078587e-06, 8.18722310214e-06, 3.94085373046e-06, 1.27591545152e-06, 2.82525917328e-07, 1.9051766742e-07, 5.57417045854e-08, 2.18484306203e-08, 1.03645065863e-08, 5.92316551362e-09, 1.08339186511e-08, 1.18459162479e-08, 8.51432346849e-09, 2.32702968006e-09, 3.92968879659e-10, 1.61161528567e-10, 2.44909873631e-11, 1.83664142922e-11, 2.23556936851e-11, 1.15701448422e-08]}, "barkbands_crest": {"dmean": 2.97075152397, "dmean2": 4.92974853516, "dvar": 6.01248121262, "dvar2": 15.8731136322, "max": 25.7015895844, "mean": 10.521697998, "median": 9.84431648254, "min": 2.69315981865, "var": 14.3515319824}, "barkbands_flatness_db": {"dmean": 0.0334574170411, "dmean2": 0.051938533783, "dvar": 0.00077854655683, "dvar2": 0.00183562992606, "max": 0.429782569408, "mean": 0.184996932745, "median": 0.183270633221, "min": 0.0395776592195, "var": 0.00285011040978}, "barkbands_kurtosis": {"dmean": 8.50026226044, "dmean2": 13.8804950714, "dvar": 158.210800171, "dvar2": 388.881378174, "max": 490.290893555, "mean": 16.7057361603, "median": 12.1128063202, "min": -1.84322273731, "var": 313.228729248}, "barkbands_skewness": {"dmean": 0.797269880772, "dmean2": 1.28171908855, "dvar": 0.548809707165, "dvar2": 1.38819813728, "max": 13.0680751801, "mean": 2.69567775726, "median": 2.56974577904, "min": -2.29413175583, "var": 2.0661509037}, "barkbands_spread": {"dmean": 3.65733170509, "dmean2": 5.75968837738, "dvar": 21.9413967133, "dvar2": 51.7529220581, "max": 126.947532654, "mean": 11.0118703842, "median": 8.07112884521, "min": 0.239956185222, "var": 118.640014648}, "dissonance": {"dmean": 0.0303515773267, "dmean2": 0.0509075671434, "dvar": 0.000729112885892, "dvar2": 0.00199861591682, "max": 0.500000059605, "mean": 0.445079863071, "median": 0.453142404556, "min": 0.205885469913, "var": 0.00140574853867}, "dynamic_complexity": 3.29993748665, "erbbands": {"dmean": [0.218698129058, 1.18552863598, 3.41269803047, 8.78190898895, 15.888297081, 10.5707645416, 19.2128658295, 17.1901435852, 19.3999118805, 18.7827701569, 13.7428455353, 15.6194057465, 15.6575508118, 10.7909259796, 10.0635480881, 7.15487194061, 6.77467393875, 4.80116510391, 4.0205078125, 2.7908141613, 2.08075666428, 1.62200140953, 1.72768628597, 1.66327726841, 1.36097550392, 0.914694130421, 0.615284740925, 0.414748609066, 0.343256950378, 0.308867990971, 0.171020373702, 0.0788539201021, 0.0440501309931, 0.0278875343502, 0.0175696294755, 0.0102486824617, 0.00557730998844, 0.00282184476964, 0.00134608929511, 0.00222876365297], "dmean2": [0.365788072348, 1.97670924664, 5.75544261932, 15.0458526611, 26.4248561859, 17.2328491211, 30.6620063782, 27.0160369873, 30.6004962921, 30.636472702, 22.2243881226, 25.5679531097, 25.235868454, 16.9118690491, 15.9549703598, 11.4976539612, 10.8144006729, 7.63619804382, 6.43072319031, 4.36237001419, 3.2267332077, 2.49593901634, 2.641964674, 2.50342798233, 2.01319861412, 1.35993778706, 0.913243472576, 0.613779604435, 0.513357460499, 0.463480114937, 0.260779291391, 0.124961331487, 0.0728495046496, 0.0467200428247, 0.0294354520738, 0.0170277003199, 0.00901691615582, 0.00440994463861, 0.002069424605, 0.00346426269971], "dvar": [0.352144539356, 4.82269239426, 25.8537006378, 182.753982544, 814.152770996, 458.549987793, 1363.86669922, 1244.69934082, 1981.83215332, 1627.64453125, 1195.53540039, 2273.41186523, 1562.66418457, 765.573730469, 470.230560303, 191.176803589, 335.79119873, 81.1401596069, 52.0114707947, 29.1606464386, 15.9021587372, 11.9480390549, 16.160326004, 17.4619178772, 14.7648515701, 15.7850618362, 4.44347763062, 0.894699633121, 0.362413644791, 0.270799010992, 0.0721606686711, 0.0138144493103, 0.00526225659996, 0.00228293729015, 0.000891469419003, 0.000281239015749, 6.72685491736e-05, 1.38673867696e-05, 3.24127177009e-06, 6.82354584569e-06], "dvar2": [0.940139353275, 13.0405054092, 70.2868423462, 499.909545898, 2068.78271484, 1068.44787598, 3175.15014648, 2913.45263672, 4333.9375, 3799.48461914, 2802.2824707, 5371.71728516, 3747.16845703, 1600.67712402, 1008.63256836, 476.839477539, 830.38671875, 188.100036621, 121.829483032, 70.9138717651, 35.3976097107, 25.9387111664, 34.1371116638, 35.8000640869, 28.6032123566, 31.86769104, 6.80793476105, 1.6886357069, 0.733939290047, 0.573240816593, 0.155723169446, 0.032945189625, 0.0134302806109, 0.00584967015311, 0.00228025531396, 0.000716069655027, 0.000167858728673, 3.2440508221e-05, 7.23060611563e-06, 1.60020736075e-05], "max": [10.3701210022, 32.5788002014, 87.4591522217, 214.559951782, 518.033081055, 781.799316406, 1162.04870605, 852.774108887, 1496.4342041, 1035.68603516, 934.000488281, 2271.18994141, 1056.36303711, 1382.01940918, 1183.14855957, 446.328857422, 1007.59399414, 268.331634521, 174.244491577, 169.55241394, 80.0310058594, 83.9538116455, 134.359985352, 156.554504395, 197.438217163, 357.85055542, 184.754043579, 68.5306091309, 21.605386734, 7.21860694885, 3.86185193062, 1.61882424355, 1.30237209797, 0.689917862415, 0.42905780673, 0.247578069568, 0.114749483764, 0.0487660244107, 0.0603415630758, 0.0432918444276], "mean": [0.229020044208, 1.56910407543, 4.87112808228, 12.7368335724, 22.7677440643, 16.0929775238, 30.8287944794, 27.8598308563, 32.1914901733, 29.5505619049, 21.5157623291, 24.8221282959, 25.0591163635, 17.7385826111, 16.46509552, 11.6830844879, 10.9213123322, 7.99322271347, 6.40580797195, 4.45379734039, 3.06430459023, 2.43756914139, 2.64713668823, 2.49668693542, 1.89206755161, 1.24730551243, 0.827414095402, 0.525982737541, 0.416629880667, 0.349300891161, 0.190636113286, 0.0872894451022, 0.0457160286605, 0.0279230773449, 0.0177976060659, 0.0110066961497, 0.00668716337532, 0.00394038762897, 0.00290532456711, 0.00657846871763], "median": [0.0439064987004, 0.588641643524, 2.70843887329, 6.46147918701, 10.0010890961, 8.11603450775, 12.5173721313, 12.4087162018, 13.1673412323, 11.0807580948, 8.28900718689, 9.37798786163, 9.13047027588, 8.11309432983, 7.83355474472, 6.18640804291, 5.63713026047, 4.60769081116, 3.49276542664, 2.57143807411, 1.5939347744, 1.18618261814, 1.14666426182, 1.06034445763, 0.729906618595, 0.482651859522, 0.334037482738, 0.213858559728, 0.16416361928, 0.117745481431, 0.0695124492049, 0.0381968542933, 0.0194413308054, 0.0108370613307, 0.00704331230372, 0.00498938374221, 0.00364782311954, 0.0024548349902, 0.00226563448086, 0.00567238777876], "min": [1.19042960239e-22, 5.32875617207e-22, 1.11929482126e-21, 7.6354756289e-21, 1.73706038399e-20, 1.98903753159e-20, 3.15442547787e-20, 4.7381386932e-20, 1.75637857327e-19, 2.29065129975e-19, 3.09091778161e-19, 3.78840371195e-19, 5.29411722056e-19, 7.87694112037e-19, 9.45629670946e-19, 8.62950176987e-19, 9.87453163487e-19, 2.54559580916e-18, 2.28948766342e-18, 3.98132534016e-18, 3.50634334318e-18, 5.30078884579e-18, 5.43434832262e-18, 6.92217906527e-18, 7.89438346436e-18, 7.81645064295e-18, 8.59269430056e-18, 9.72873919075e-18, 9.47421571627e-18, 1.12239227419e-17, 1.11660995083e-17, 1.0766088199e-17, 9.28866835153e-18, 9.05454728685e-18, 6.50092203549e-18, 3.7520718198e-18, 2.09478299571e-18, 9.86103204728e-19, 2.52914685739e-19, 2.8298785796e-20], "var": [0.314354896545, 6.42773199081, 42.3636207581, 329.36529541, 1668.12475586, 925.440551758, 3499.31176758, 2479.21948242, 5030.17529297, 3673.11279297, 2384.08740234, 4427.03173828, 3520.79931641, 2034.1739502, 1382.19873047, 366.035217285, 439.001953125, 138.741592407, 88.1099700928, 42.4245300293, 24.1635055542, 20.0405845642, 31.0824832916, 32.6621437073, 26.2226715088, 22.3229618073, 8.29611587524, 1.31686866283, 0.52798384428, 0.362535119057, 0.0948248878121, 0.0167801380157, 0.00552063807845, 0.00233752094209, 0.000921746075619, 0.000301424792269, 8.04395822342e-05, 1.97887638933e-05, 6.4865503191e-06, 2.00547729037e-05]}, "erbbands_crest": {"dmean": 2.95728850365, "dmean2": 4.81724357605, "dvar": 7.06734371185, "dvar2": 17.4041061401, "max": 31.5368652344, "mean": 9.62324428558, "median": 8.56533241272, "min": 2.43635392189, "var": 20.028345108}, "erbbands_flatness_db": {"dmean": 0.028130216524, "dmean2": 0.0433914810419, "dvar": 0.000546235824004, "dvar2": 0.00128449848853, "max": 0.387372553349, "mean": 0.170242965221, "median": 0.166691273451, "min": 0.0376876071095, "var": 0.00190025172196}, "erbbands_kurtosis": {"dmean": 1.67320525646, "dmean2": 2.66975688934, "dvar": 8.49426841736, "dvar2": 19.1886940002, "max": 137.084960938, "mean": 1.99398088455, "median": 0.912137746811, "min": -1.74173998833, "var": 16.0384712219}, "erbbands_skewness": {"dmean": 0.447693109512, "dmean2": 0.702791452408, "dvar": 0.161064475775, "dvar2": 0.387842088938, "max": 8.81362819672, "mean": 0.858767688274, "median": 0.813485741615, "min": -2.63998651505, "var": 0.693771243095}, "erbbands_spread": {"dmean": 6.3177280426, "dmean2": 9.72206306458, "dvar": 33.6047782898, "dvar2": 75.9903640747, "max": 82.446685791, "mean": 24.4809188843, "median": 23.0635910034, "min": 0.960102915764, "var": 131.265579224}, "gfcc": {"cov": [[24223.6738281, 2224.50976562, -1105.48364258, -81.070640564, -433.682617188, -277.674316406, 37.1834831238, -298.663238525, -76.2429962158, -233.819702148, -93.9450378418, -134.001037598, -159.015335083], [2224.50976562, 907.970458984, 7.22542905807, -198.090255737, 70.7893447876, -144.241027832, 60.0159339905, -66.2677383423, -8.21475124359, -49.8388748169, 36.617816925, -78.388130188, 4.6926279068], [-1105.48364258, 7.22542905807, 532.490539551, 68.0141983032, -21.666179657, 113.945358276, -94.3000183105, 98.8316650391, -52.8561134338, 53.4995918274, -0.590275168419, -10.1842556, 12.9093770981], [-81.070640564, -198.090255737, 68.0141983032, 331.714874268, 35.9091644287, 58.4380493164, 27.3483600616, 4.14386463165, 23.402929306, 1.03041791916, -19.8790988922, 38.5508079529, -22.0768947601], [-433.682617188, 70.7893447876, -21.666179657, 35.9091644287, 240.03213501, 49.5737724304, 78.8938751221, -22.4855041504, 10.7564020157, -9.26441001892, 16.1603755951, -13.8633918762, 15.0005598068], [-277.674316406, -144.241027832, 113.945358276, 58.4380493164, 49.5737724304, 205.310058594, 11.9132108688, 57.5861778259, -13.960981369, 23.9848556519, -5.28501176834, 20.7333908081, 9.51196861267], [37.1834831238, 60.0159339905, -94.3000183105, 27.3483600616, 78.8938751221, 11.9132108688, 157.235015869, -0.0898677632213, 56.2844734192, -21.2744674683, 8.27946281433, 8.17004108429, -1.84062325954], [-298.663238525, -66.2677383423, 98.8316650391, 4.14386463165, -22.4855041504, 57.5861778259, -0.0898677632213, 139.892852783, 13.6957025528, 45.0180435181, 1.74715614319, 2.49083590508, 11.8792333603], [-76.2429962158, -8.21475124359, -52.8561134338, 23.402929306, 10.7564020157, -13.960981369, 56.2844734192, 13.6957025528, 118.683731079, 35.3846893311, 19.6199645996, 20.0756587982, -0.820012569427], [-233.819702148, -49.8388748169, 53.4995918274, 1.03041791916, -9.26441001892, 23.9848556519, -21.2744674683, 45.0180435181, 35.3846893311, 81.4698257446, 35.5256118774, 14.0342855453, 11.0051412582], [-93.9450378418, 36.617816925, -0.590275168419, -19.8790988922, 16.1603755951, -5.28501176834, 8.27946281433, 1.74715614319, 19.6199645996, 35.5256118774, 60.932598114, 30.1603775024, 15.2502288818], [-134.001037598, -78.388130188, -10.1842556, 38.5508079529, -13.8633918762, 20.7333908081, 8.17004108429, 2.49083590508, 20.0756587982, 14.0342855453, 30.1603775024, 72.7700119019, 28.7828025818], [-159.015335083, 4.6926279068, 12.9093770981, -22.0768947601, 15.0005598068, 9.51196861267, -1.84062325954, 11.8792333603, -0.820012569427, 11.0051412582, 15.2502288818, 28.7828025818, 59.7694091797]], "icov": [[0.000102999249066, -0.000456195994047, 0.000432316737715, -0.000304740766296, 0.000367416185327, -0.000382825761335, 0.000217720153159, -3.05099638354e-05, 0.000140928445035, -0.000214429950574, 0.000269536569249, -6.95804556017e-05, 9.15405325941e-05], [-0.000456195994047, 0.00401442917064, -0.00268252100796, 0.00207677250728, -0.00172938441392, 0.00268931617029, -0.00193116010632, 0.000652237155009, -0.00102373037953, 0.00290142046288, -0.00406166678295, 0.00304530654103, -0.0013439101167], [0.000432316737715, -0.00268252100796, 0.00511258793995, -0.00257757352665, 0.00187596189789, -0.00327118881978, 0.00290489871986, -0.00178488658275, 0.00143001484685, -0.00178699532989, 0.000618078804109, 0.000877043115906, -0.000432964647189], [-0.000304740766296, 0.00207677250728, -0.00257757352665, 0.00597805017605, -0.00282079889439, 0.00184648251161, -0.00174990366213, 0.000748841557652, -0.000631559058093, -0.000609715585597, 0.00364494905807, -0.00547033781186, 0.00381028419361], [0.000367416185327, -0.00172938441392, 0.00187596189789, -0.00282079889439, 0.00864975526929, -0.00413369154558, -0.00203158077784, 0.00188520876691, 0.000301756837871, 0.000699901138432, -0.00457036402076, 0.00707484642044, -0.00464966148138], [-0.000382825761335, 0.00268931617029, -0.00327118881978, 0.00184648251161, -0.00413369154558, 0.0101161422208, -0.00301666837186, -0.00160513166338, 0.0023269734811, -0.00263163587078, 0.00352012272924, -0.00480333389714, 0.0017439913936], [0.000217720153159, -0.00193116010632, 0.00290489871986, -0.00174990366213, -0.00203158077784, -0.00301666837186, 0.0139422295615, -0.00347252981737, -0.0065511232242, 0.00794201903045, -0.00329067534767, -2.22872713493e-05, 0.000864704314154], [-3.05099638354e-05, 0.000652237155009, -0.00178488658275, 0.000748841557652, 0.00188520876691, -0.00160513166338, -0.00347252981737, 0.0118249319494, 0.000161075382493, -0.00652417866513, 0.0027363023255, 0.00188974966295, -0.00254983780906], [0.000140928445035, -0.00102373037953, 0.00143001484685, -0.000631559058093, 0.000301756837871, 0.0023269734811, -0.0065511232242, 0.000161075382493, 0.0163776632398, -0.0127079728991, 0.00594565737993, -0.00596250966191, 0.00315221631899], [-0.000214429950574, 0.00290142046288, -0.00178699532989, -0.000609715585597, 0.000699901138432, -0.00263163587078, 0.00794201903045, -0.00652417866513, -0.0127079728991, 0.0363475717604, -0.0253902766854, 0.012028680183, -0.00503423716873], [0.000269536569249, -0.00406166678295, 0.000618078804109, 0.00364494905807, -0.00457036402076, 0.00352012272924, -0.00329067534767, 0.0027363023255, 0.00594565737993, -0.0253902766854, 0.0463281646371, -0.0263590589166, 0.00781996455044], [-6.95804556017e-05, 0.00304530654103, 0.000877043115906, -0.00547033781186, 0.00707484642044, -0.00480333389714, -2.22872713493e-05, 0.00188974966295, -0.00596250966191, 0.012028680183, -0.0263590589166, 0.0403420478106, -0.0190200060606], [9.15405325941e-05, -0.0013439101167, -0.000432964647189, 0.00381028419361, -0.00464966148138, 0.0017439913936, 0.000864704314154, -0.00254983780906, 0.00315221631899, -0.00503423716873, 0.00781996455044, -0.0190200060606, 0.028138006106]], "mean": [-57.339881897, 127.078063965, -71.960975647, -5.83429288864, -25.5722465515, -16.1052494049, -10.7292394638, -17.2357025146, -9.67761611938, -11.5499448776, -4.80433702469, -8.64842033386, -7.11262559891]}, "hfc": {"dmean": 42.4143180847, "dmean2": 70.6743850708, "dvar": 2067.5847168, "dvar2": 5734.26806641, "max": 683.72253418, "mean": 125.009231567, "median": 113.856063843, "min": 1.05912291658e-16, "var": 7008.12841797}, "melbands": {"dmean": [0.00179874803871, 0.00164825574029, 0.00170160178095, 0.000912277668249, 0.000600897183176, 0.000405604747357, 0.000284728506813, 0.000187929981621, 0.000117657305964, 9.97987081064e-05, 8.10418787296e-05, 4.76137211081e-05, 3.91354806197e-05, 2.19800967898e-05, 2.01784423552e-05, 1.26585355247e-05, 9.27256132854e-06, 7.54022721594e-06, 4.76664172311e-06, 3.27516272591e-06, 2.32849697568e-06, 1.73764931333e-06, 1.61985758496e-06, 1.61122216014e-06, 1.39244673392e-06, 1.23024256027e-06, 7.80304219461e-07, 5.93357356138e-07, 4.11998996697e-07, 3.11729479563e-07, 2.2294035773e-07, 1.9994435263e-07, 1.83251700037e-07, 1.70236035046e-07, 1.07497584168e-07, 6.42283453089e-08, 4.21245189841e-08, 3.17342347955e-08, 2.60799737362e-08, 2.26837180151e-08], "dmean2": [0.00294483662583, 0.00276204338297, 0.00287904124707, 0.00149775471073, 0.000957446289249, 0.000633506220765, 0.000449899263913, 0.000307507405523, 0.000190059523447, 0.000163156015333, 0.000130460655782, 7.52108462621e-05, 6.19342754362e-05, 3.58508477802e-05, 3.20232684317e-05, 2.05226369872e-05, 1.48756780618e-05, 1.21899847727e-05, 7.64635842643e-06, 5.11838061357e-06, 3.6663748233e-06, 2.7244575449e-06, 2.49321260526e-06, 2.48937499236e-06, 2.12707300307e-06, 1.85527835583e-06, 1.18558511986e-06, 8.96108076631e-07, 6.29002897767e-07, 4.64989398097e-07, 3.35596780587e-07, 3.02360234627e-07, 2.77030864027e-07, 2.57789110947e-07, 1.65137052477e-07, 1.00474693454e-07, 6.79641516399e-08, 5.25198906587e-08, 4.36338751797e-08, 3.80670428513e-08], "dvar": [1.81770537893e-05, 5.9484373196e-06, 6.87716146786e-06, 2.56446605817e-06, 1.29098020807e-06, 6.08529092005e-07, 3.78741333407e-07, 1.63559079169e-07, 8.62738716023e-08, 8.83996804646e-08, 4.21614281265e-08, 1.63435451839e-08, 7.69452235261e-09, 2.21241180931e-09, 1.93858595843e-09, 1.34718469713e-09, 2.97684960016e-10, 1.78248846239e-10, 9.37289551528e-11, 4.40179247219e-11, 2.07042230582e-11, 1.34684355682e-11, 1.44009639283e-11, 1.36492319183e-11, 1.31268433623e-11, 1.06491490973e-11, 6.02287447346e-12, 9.78645116334e-12, 1.95603450971e-12, 1.11518975478e-12, 1.85334196991e-13, 1.39703475025e-13, 9.37688986245e-14, 8.81765838188e-14, 3.04124638613e-14, 9.4480502862e-15, 4.13521823663e-15, 2.73478499537e-15, 1.96676010506e-15, 1.51640316904e-15], "dvar2": [4.7128618462e-05, 1.61547213793e-05, 1.86004035641e-05, 6.29536953056e-06, 2.93428752229e-06, 1.42487010635e-06, 8.34095203572e-07, 3.8224956711e-07, 2.01860160587e-07, 2.1197772071e-07, 9.99783011935e-08, 3.40449020086e-08, 1.59549884415e-08, 5.85193360436e-09, 4.15134815412e-09, 3.5402905052e-09, 7.05814129365e-10, 4.20733031747e-10, 2.39233299837e-10, 1.03967313925e-10, 4.67012990779e-11, 3.02422357989e-11, 3.05679093149e-11, 3.0015680913e-11, 2.80349458925e-11, 2.23297109969e-11, 1.22882381354e-11, 2.13196942739e-11, 3.33707692556e-12, 2.13698763546e-12, 3.62643481867e-13, 2.92314864805e-13, 1.99431481529e-13, 1.91600235027e-13, 6.64984899285e-14, 2.15266698103e-14, 1.01376892653e-14, 6.98514402041e-15, 5.0411504669e-15, 3.88423644513e-15], "max": [0.0694478750229, 0.039951082319, 0.0439085140824, 0.0395630151033, 0.0395405776799, 0.0168903004378, 0.0196243189275, 0.00964161008596, 0.00919888261706, 0.013355255127, 0.00635567307472, 0.00570395495743, 0.00401275232434, 0.00143267272506, 0.00136913533788, 0.00202948460355, 0.000377946533263, 0.000309796159854, 0.000302319356706, 0.000188041507499, 8.84342443896e-05, 8.31708675832e-05, 0.000118000360089, 0.000111046821985, 0.000122571116663, 0.000147486352944, 0.000135665773996, 0.000282718014205, 0.000107817533717, 9.10577509785e-05, 2.43940357905e-05, 1.60602430697e-05, 5.12409224029e-06, 4.15510703533e-06, 2.70449277195e-06, 1.35507013965e-06, 9.03309000932e-07, 1.03201705315e-06, 6.58182500501e-07, 5.5244044006e-07], "mean": [0.0021526645869, 0.00243425811641, 0.00262849847786, 0.00137316645123, 0.000992149231024, 0.000673257512972, 0.000477049645269, 0.000289396586595, 0.000178107788088, 0.000156975846039, 0.000126364655443, 7.43994969525e-05, 6.02536747465e-05, 3.34655560437e-05, 3.08784838126e-05, 1.92180796148e-05, 1.45307149069e-05, 1.11756262413e-05, 7.08718562237e-06, 4.77402090837e-06, 3.21777997669e-06, 2.47818570642e-06, 2.31472381529e-06, 2.39424002757e-06, 1.98919269678e-06, 1.64289417626e-06, 1.037986749e-06, 7.76664990099e-07, 5.48538366729e-07, 3.85339859577e-07, 2.7584113127e-07, 2.39618458409e-07, 2.12622467188e-07, 1.86397997481e-07, 1.17782185782e-07, 7.16223098607e-08, 4.55037962865e-08, 3.27452553961e-08, 2.61390198375e-08, 2.25251888253e-08], "median": [0.000546126975678, 0.00132054509595, 0.00137515633833, 0.000690043205395, 0.000426423823228, 0.000303315347992, 0.000197659086552, 0.000106371648144, 6.44893589197e-05, 5.6905177189e-05, 4.45310215582e-05, 3.18119346048e-05, 2.6084455385e-05, 1.62152718985e-05, 1.43488450703e-05, 9.91663000605e-06, 7.90025296737e-06, 5.54418966203e-06, 3.71659234588e-06, 2.52149607149e-06, 1.57133081302e-06, 1.16126579996e-06, 1.01208593151e-06, 1.00197121355e-06, 8.20538673452e-07, 6.27558335964e-07, 3.87072873309e-07, 2.96466907912e-07, 2.19465192686e-07, 1.48600236116e-07, 1.12088599735e-07, 9.43471789583e-08, 7.65329843944e-08, 5.8804126013e-08, 4.11651583931e-08, 2.91880830616e-08, 2.01183141257e-08, 1.36734099598e-08, 1.02849035954e-08, 8.47898462553e-09], "min": [2.05235062369e-24, 5.27657127981e-25, 2.0127478341e-24, 1.36072067073e-24, 1.12987876923e-24, 9.31774496685e-25, 2.64150626316e-24, 1.78091226367e-24, 2.23437968592e-24, 2.31522668744e-24, 2.56748113353e-24, 2.82733033799e-24, 3.49327093696e-24, 1.93485511667e-24, 2.35308865823e-24, 1.60599981149e-24, 4.21329820618e-24, 2.44287838419e-24, 4.38730790566e-24, 3.77409555846e-24, 4.06032861032e-24, 4.17362796897e-24, 4.05981348415e-24, 4.47159414351e-24, 5.18519732394e-24, 4.27100338139e-24, 4.66997017864e-24, 4.64019975137e-24, 4.24253654677e-24, 4.15016961224e-24, 6.00209671232e-24, 4.58741667377e-24, 4.80875526656e-24, 6.42420277207e-24, 5.59553200127e-24, 4.83939462411e-24, 5.75757231424e-24, 5.8453571502e-24, 6.58772772126e-24, 6.35897699141e-24], "var": [1.9369628717e-05, 9.92957484414e-06, 1.37091801662e-05, 5.12939686814e-06, 3.58831698577e-06, 1.29034992824e-06, 9.71259282778e-07, 3.57981235766e-07, 1.78403340101e-07, 1.75867214125e-07, 9.71629461333e-08, 4.28469206781e-08, 2.08644834743e-08, 3.61010621397e-09, 3.98829458348e-09, 1.41828138123e-09, 4.96201746358e-10, 3.06862091293e-10, 1.23990151479e-10, 6.60448848389e-11, 2.93678519003e-11, 2.13531345383e-11, 2.48730203101e-11, 2.63701196296e-11, 2.27233527134e-11, 1.72962547063e-11, 1.03134740331e-11, 1.15890899308e-11, 3.63597303307e-12, 1.50023450694e-12, 2.74119648421e-13, 1.92369964359e-13, 1.29382534417e-13, 1.11179735394e-13, 3.84250872223e-14, 1.19443859778e-14, 4.75427099558e-15, 2.85601658595e-15, 2.01747535575e-15, 1.55036908435e-15]}, "melbands_crest": {"dmean": 3.99189281464, "dmean2": 6.63557863235, "dvar": 11.3927459717, "dvar2": 30.448600769, "max": 35.7201843262, "mean": 15.0999193192, "median": 14.331281662, "min": 1.43389034271, "var": 29.2096271515}, "melbands_flatness_db": {"dmean": 0.0410428382456, "dmean2": 0.0631869584322, "dvar": 0.00115321273915, "dvar2": 0.00269120954908, "max": 0.593270659447, "mean": 0.305200219154, "median": 0.306937932968, "min": 0.00307990284637, "var": 0.00523949181661}, "melbands_kurtosis": {"dmean": 8.37951469421, "dmean2": 13.7477607727, "dvar": 134.318969727, "dvar2": 350.796569824, "max": 215.058319092, "mean": 15.1154546738, "median": 10.1815242767, "min": -1.71086871624, "var": 281.730499268}, "melbands_skewness": {"dmean": 0.809931993484, "dmean2": 1.30029761791, "dvar": 0.556108355522, "dvar2": 1.41933572292, "max": 11.4252347946, "mean": 2.60958576202, "median": 2.45442652702, "min": -1.19958102703, "var": 2.08022499084}, "melbands_spread": {"dmean": 3.06024646759, "dmean2": 4.85196447372, "dvar": 15.3610620499, "dvar2": 35.5040168762, "max": 182.141830444, "mean": 10.2624664307, "median": 7.02682065964, "min": 0.390753090382, "var": 251.400238037}, "mfcc": {"cov": [[8308.25683594, 1695.72668457, -203.424880981, 307.766082764, -278.012481689, 99.683265686, -110.294631958, 115.771118164, -92.5354537964, 66.0674057007, -10.7757129669, -7.9959397316, -16.3489551544], [1695.72668457, 1591.8215332, -6.07165288925, 3.88596177101, -9.02565860748, -58.2846336365, 69.9232711792, -53.912940979, -22.6624622345, 0.470584899187, 43.1859169006, -29.1301746368, -23.5948390961], [-203.424880981, -6.07165288925, 500.261322021, -1.20461297035, 83.6102142334, -31.4349327087, 12.7765235901, -22.7674503326, 11.1373806, -8.56750583649, 10.5472230911, 18.8532428741, 3.45861458778], [307.766082764, 3.88596177101, -1.20461297035, 251.745101929, 12.8799581528, 53.9563369751, -12.5953445435, 35.8827285767, -6.10741758347, 17.0205593109, -4.12227201462, 0.96324968338, 4.7299656868], [-278.012481689, -9.02565860748, 83.6102142334, 12.8799581528, 164.03843689, 45.9020080566, 62.2144546509, -9.31680107117, 22.0103816986, -9.26595783234, 9.38805389404, 7.44748878479, 3.34668827057], [99.683265686, -58.2846336365, -31.4349327087, 53.9563369751, 45.9020080566, 162.545700073, 34.4052085876, 53.1752166748, 5.99407911301, 6.13827371597, -11.1574440002, 7.29741287231, 17.1236515045], [-110.294631958, 69.9232711792, 12.7765235901, -12.5953445435, 62.2144546509, 34.4052085876, 124.619598389, 27.5728263855, 25.2883167267, -5.9186372757, 4.08250331879, -2.0039627552, 0.991980671883], [115.771118164, -53.912940979, -22.7674503326, 35.8827285767, -9.31680107117, 53.1752166748, 27.5728263855, 99.3508758545, 33.1843147278, 16.5345668793, -2.7244310379, 5.57028913498, 8.72821426392], [-92.5354537964, -22.6624622345, 11.1373806, -6.10741758347, 22.0103816986, 5.99407911301, 25.2883167267, 33.1843147278, 75.2499771118, 31.6952953339, 14.1774244308, 8.59753036499, 3.15026521683], [66.0674057007, 0.470584899187, -8.56750583649, 17.0205593109, -9.26595783234, 6.13827371597, -5.9186372757, 16.5345668793, 31.6952953339, 64.6075057983, 34.0875816345, 10.2440271378, 2.65613603592], [-10.7757129669, 43.1859169006, 10.5472230911, -4.12227201462, 9.38805389404, -11.1574440002, 4.08250331879, -2.7244310379, 14.1774244308, 34.0875816345, 61.508644104, 29.6002178192, 5.30899715424], [-7.9959397316, -29.1301746368, 18.8532428741, 0.96324968338, 7.44748878479, 7.29741287231, -2.0039627552, 5.57028913498, 8.59753036499, 10.2440271378, 29.6002178192, 54.3481788635, 28.4753074646], [-16.3489551544, -23.5948390961, 3.45861458778, 4.7299656868, 3.34668827057, 17.1236515045, 0.991980671883, 8.72821426392, 3.15026521683, 2.65613603592, 5.30899715424, 28.4753074646, 52.2004737854]], "icov": [[0.000196350665647, -0.000242269175942, 7.05571846993e-06, -0.000133583074785, 0.000212347775232, -0.000148380408064, 0.000210174737731, -0.000291667762212, 0.00025158765493, -0.000294620665954, 0.000372590468032, -0.000367673870642, 0.000205940610613], [-0.000242269175942, 0.00102343014441, -1.86105698958e-05, -2.32286511164e-05, 8.58116327436e-05, 0.000284459005343, -0.000952359463554, 0.000845180475153, -0.000202801034902, 0.000635634292848, -0.00151569209993, 0.00129880383611, -0.000406428967835], [7.05571846993e-06, -1.86105698958e-05, 0.00233253627084, -7.79565161793e-05, -0.00153469154611, 0.000952711037826, 0.000251719262451, -0.000121674180264, 3.92746769649e-05, -6.91624518367e-05, 0.000535489583854, -0.00109901442192, 0.000193944768398], [-0.000133583074785, -2.32286511164e-05, -7.79565161793e-05, 0.00490427296609, -0.00136701122392, -0.000717287533917, 0.00120192707982, -0.00196932954714, 0.00186539115384, -0.00211985316128, 0.00100007141009, -2.63836918748e-05, 4.57963542431e-05], [0.000212347775232, 8.58116327436e-05, -0.00153469154611, -0.00136701122392, 0.0115051241592, -0.00427688565105, -0.00426442641765, 0.00519278598949, -0.0047274120152, 0.00433709379286, -0.00351645704359, 0.000639743288048, 0.000282242137473], [-0.000148380408064, 0.000284459005343, 0.000952711037826, -0.000717287533917, -0.00427688565105, 0.0104463528842, -0.00115593289956, -0.00518646044657, 0.0038164043799, -0.00358671834692, 0.00406831968576, -0.0017845002003, -0.00166756904218], [0.000210174737731, -0.000952359463554, 0.000251719262451, 0.00120192707982, -0.00426442641765, -0.00115593289956, 0.012994883582, -0.00448248535395, -0.00221371068619, 0.00325842970051, -0.00220604380593, 0.00221013720147, -0.000348558183759], [-0.000291667762212, 0.000845180475153, -0.000121674180264, -0.00196932954714, 0.00519278598949, -0.00518646044657, -0.00448248535395, 0.0188314411789, -0.00852597877383, 0.000897508405615, 0.000297829508781, -0.000276722596027, -0.000628402631264], [0.00025158765493, -0.000202801034902, 3.92746769649e-05, 0.00186539115384, -0.0047274120152, 0.0038164043799, -0.00221371068619, -0.00852597877383, 0.0246203336865, -0.0142098264769, 0.00553909828886, -0.0040665990673, 0.00122652598657], [-0.000294620665954, 0.000635634292848, -6.91624518367e-05, -0.00211985316128, 0.00433709379286, -0.00358671834692, 0.00325842970051, 0.000897508405615, -0.0142098264769, 0.0348130017519, -0.0225855503231, 0.00976174976677, -0.00286360830069], [0.000372590468032, -0.00151569209993, 0.000535489583854, 0.00100007141009, -0.00351645704359, 0.00406831968576, -0.00220604380593, 0.000297829508781, 0.00553909828886, -0.0225855503231, 0.0410691313446, -0.0243825558573, 0.00812722463161], [-0.000367673870642, 0.00129880383611, -0.00109901442192, -2.63836918748e-05, 0.000639743288048, -0.0017845002003, 0.00221013720147, -0.000276722596027, -0.0040665990673, 0.00976174976677, -0.0243825558573, 0.0420431233943, -0.0196102187037], [0.000205940610613, -0.000406428967835, 0.000193944768398, 4.57963542431e-05, 0.000282242137473, -0.00166756904218, -0.000348558183759, -0.000628402631264, 0.00122652598657, -0.00286360830069, 0.00812722463161, -0.0196102187037, 0.029603805393]], "mean": [-715.204589844, 184.728775024, 7.36805105209, 24.9909553528, -0.32430678606, 8.84766674042, 0.997326016426, 2.27423667908, -5.71093273163, 0.491469740868, -0.575351297855, -4.03867006302, -2.16460895538]}, "pitch_salience": {"dmean": 0.0846813619137, "dmean2": 0.139501526952, "dvar": 0.00489030778408, "dvar2": 0.0131762595847, "max": 0.958202898502, "mean": 0.580610215664, "median": 0.591409921646, "min": 0.144283294678, "var": 0.0120483869687}, "silence_rate_20dB": {"dmean": 0, "dmean2": 0, "dvar": 0, "dvar2": 0, "max": 1, "mean": 1, "median": 1, "min": 1, "var": 0}, "silence_rate_30dB": {"dmean": 0.0363885350525, "dmean2": 0.0727841928601, "dvar": 0.0350631885231, "dvar2": 0.0856903716922, "max": 1, "mean": 0.966255843639, "median": 1, "min": 0, "var": 0.0326051898301}, "silence_rate_60dB": {"dmean": 0.00997750181705, "dmean2": 0.0199569556862, "dvar": 0.00987759046257, "dvar2": 0.0219050236046, "max": 1, "mean": 0.061521910131, "median": 0, "min": 0, "var": 0.057736095041}, "spectral_centroid": {"dmean": 120.671829224, "dmean2": 184.296646118, "dvar": 30146.2070312, "dvar2": 52878.1953125, "max": 11663.9775391, "mean": 634.83190918, "median": 463.523071289, "min": 127.104850769, "var": 1015854}, "spectral_complexity": {"dmean": 2.67533993721, "dmean2": 4.06828403473, "dvar": 7.81556081772, "dvar2": 14.8810606003, "max": 48, "mean": 12.2817878723, "median": 12, "min": 0, "var": 31.1678771973}, "spectral_contrast_coeffs": {"dmean": [0.0602389462292, 0.0520874857903, 0.0392154566944, 0.0309647712857, 0.023121824488, 0.0399594642222], "dmean2": [0.100202985108, 0.0859403908253, 0.0647615417838, 0.0505736507475, 0.0373838916421, 0.0599789097905], "dvar": [0.00220268638805, 0.00167404278181, 0.000982369179837, 0.000605594424997, 0.000379014119972, 0.00135918660089], "dvar2": [0.00597279891372, 0.00446025375277, 0.00262908777222, 0.00158780638594, 0.000963311642408, 0.00282174535096], "max": [-0.269252240658, -0.453365117311, -0.481897979975, -0.631229102612, -0.680118143559, -0.478958249092], "mean": [-0.629161715508, -0.744378447533, -0.796617031097, -0.816738367081, -0.844715893269, -0.800268352032], "median": [-0.630136013031, -0.748220086098, -0.802218556404, -0.818053305149, -0.843202352524, -0.817036032677], "min": [-0.976243793964, -0.976842999458, -0.981875598431, -0.969607710838, -0.967634916306, -0.965005278587], "var": [0.00924035627395, 0.00546890264377, 0.00355010223575, 0.00206625973806, 0.00126728415489, 0.00386123661883]}, "spectral_contrast_valleys": {"dmean": [0.435778290033, 0.387506276369, 0.377758264542, 0.379563719034, 0.445842951536, 0.644826114178], "dmean2": [0.70827627182, 0.621761262417, 0.590249896049, 0.56895005703, 0.651429176331, 1.03703212738], "dvar": [0.137555763125, 0.114095486701, 0.115288510919, 0.118417657912, 0.158475369215, 0.308183670044], "dvar2": [0.31798312068, 0.249467015266, 0.237587422132, 0.24005612731, 0.325435906649, 0.776102900505], "max": [-4.98333835602, -4.57254600525, -5.5125541687, -6.03938865662, -5.6135468483, -9.03181648254], "mean": [-7.12536239624, -6.64928197861, -7.45306921005, -8.19637680054, -8.5395898819, -11.4311122894], "median": [-6.76689434052, -6.27636814117, -7.08749389648, -7.86487150192, -8.23481369019, -11.1616744995], "min": [-28.1257019043, -27.9944267273, -27.8736953735, -27.751373291, -27.5545501709, -27.4184780121], "var": [5.21459054947, 5.15679931641, 4.76017951965, 4.40769100189, 4.2525677681, 3.40114212036]}, "spectral_decrease": {"dmean": 4.01733268873e-09, "dmean2": 6.40226271997e-09, "dvar": 2.68455793345e-17, "dvar2": 6.61241233358e-17, "max": 2.11039119513e-09, "mean": -7.97426480403e-09, "median": -5.9630145266e-09, "min": -6.8409875098e-08, "var": 5.68509257432e-17}, "spectral_energy": {"dmean": 0.0158187653869, "dmean2": 0.0248898565769, "dvar": 0.000397063646233, "dvar2": 0.00096472928999, "max": 0.263108730316, "mean": 0.0414354652166, "median": 0.0355366766453, "min": 9.92739196568e-21, "var": 0.000997704919428}, "spectral_energyband_high": {"dmean": 5.39042521268e-05, "dmean2": 7.96310123405e-05, "dvar": 1.17977467795e-08, "dvar2": 2.1214098922e-08, "max": 0.00876295752823, "mean": 8.67247435963e-05, "median": 5.33724523848e-05, "min": 7.11058106262e-21, "var": 1.96859204493e-08}, "spectral_energyband_low": {"dmean": 0.0100718811154, "dmean2": 0.0164290014654, "dvar": 0.000258669926552, "dvar2": 0.000657403026707, "max": 0.240433081985, "mean": 0.0157643072307, "median": 0.00879236124456, "min": 1.84740968811e-23, "var": 0.000396885647206}, "spectral_energyband_middle_high": {"dmean": 0.000900877988897, "dmean2": 0.00134863634594, "dvar": 2.40881286118e-06, "dvar2": 5.03549199493e-06, "max": 0.0629790425301, "mean": 0.0019975148607, "median": 0.00124964863062, "min": 1.18827221297e-21, "var": 7.86403870734e-06}, "spectral_energyband_middle_low": {"dmean": 0.00897478405386, "dmean2": 0.0144506553188, "dvar": 0.00013624606072, "dvar2": 0.00034372342634, "max": 0.183858826756, "mean": 0.020274842158, "median": 0.0149434125051, "min": 1.91794679036e-22, "var": 0.000400850200094}, "spectral_entropy": {"dmean": 0.305560410023, "dmean2": 0.464955300093, "dvar": 0.068955719471, "dvar2": 0.157642170787, "max": 9.82662677765, "mean": 6.97547197342, "median": 6.97764444351, "min": 4.25258302689, "var": 0.305108517408}, "spectral_flux": {"dmean": 0.0279694013298, "dmean2": 0.0445933379233, "dvar": 0.000927833199967, "dvar2": 0.00207741511986, "max": 0.414479374886, "mean": 0.107879027724, "median": 0.103825248778, "min": 6.3932324712e-11, "var": 0.0028613389004}, "spectral_kurtosis": {"dmean": 8.68085575104, "dmean2": 13.6141471863, "dvar": 81.1936721802, "dvar2": 201.197647095, "max": 107.926017761, "mean": 21.9532775879, "median": 19.1447753906, "min": -1.25039184093, "var": 156.445358276}, "spectral_rms": {"dmean": 0.00112334522419, "dmean2": 0.00173613696825, "dvar": 1.31192564368e-06, "dvar2": 3.02752914649e-06, "max": 0.0160215925425, "mean": 0.00582802575082, "median": 0.0058881174773, "min": 3.11211516626e-12, "var": 6.45909813102e-06}, "spectral_rolloff": {"dmean": 5810.50830078, "dmean2": 11401.4628906, "dvar": 80115368, "dvar2": 192572896, "max": 21985.4003906, "mean": 11065.9453125, "median": 4877.27050781, "min": 43.06640625, "var": 106907160}, "spectral_skewness": {"dmean": 0.677217125893, "dmean2": 1.02081012726, "dvar": 0.376951158047, "dvar2": 0.881249129772, "max": 8.47397136688, "mean": 3.32883095741, "median": 3.24047899246, "min": -0.0718216076493, "var": 1.08717978001}, "spectral_spread": {"dmean": 660854.75, "dmean2": 1046145.5, "dvar": 477088645120, "dvar2": 1006092746750.0, "max": 42606028, "mean": 3799421, "median": 3434336