{"lowlevel": {"average_loudness": 0.800142049789, "barkbands": {"dmean": [2.41714315052e-05, 0.00245317607187, 0.0027698262129, 0.00116461247671, 0.00285732746124, 0.000734069559257, 0.000383525213692, 0.000303951004753, 0.000538894790225, 0.000366593536455, 0.000408386433264, 0.000498619687278, 0.00034857695573, 0.000380656594643, 0.000278965657344, 0.000236328298342, 0.00013770791702, 0.00021169608226, 0.000114969858259, 8.55980470078e-05, 7.12464534445e-05, 4.46793819719e-05, 6.34287498542e-05, 0.000129980704514, 0.000120722892461, 7.59971080697e-05, 4.55228655483e-05], "dmean2": [3.64661791536e-05, 0.0042055551894, 0.00469542574137, 0.00194875278976, 0.00487263314426, 0.00123861688189, 0.000615445082076, 0.00049364019651, 0.000858797808178, 0.000566461589187, 0.000632848707028, 0.000740255520213, 0.000520054076333, 0.000584354216699, 0.000426839163993, 0.000351038645022, 0.00020638834394, 0.000318565231282, 0.000173629552592, 0.000131678054458, 0.000112536647066, 6.71870002407e-05, 9.07578723854e-05, 0.000185009921552, 0.000175601089722, 0.000112464127596, 6.97638533893e-05], "dvar": [5.77164005477e-09, 6.61290978314e-05, 8.39177300804e-05, 9.53391372605e-06, 0.000141935117426, 3.67360121345e-06, 9.96756398308e-07, 9.05237300231e-07, 2.4704770567e-06, 1.48058745708e-06, 3.331688049e-06, 3.14795602208e-06, 1.78822142516e-06, 1.47035336795e-06, 5.91348339185e-07, 4.48949975862e-07, 1.62409634186e-07, 4.36003517734e-07, 8.19993388745e-08, 6.54140777101e-08, 3.85154166338e-08, 1.13441354088e-08, 2.27166232492e-08, 1.12654433337e-07, 1.82109275215e-07, 3.71045665304e-08, 1.5571956169e-08], "dvar2": [1.21889760507e-08, 0.000177964728209, 0.00022056180751, 2.53325451922e-05, 0.00038666051114, 9.80657841865e-06, 2.46588479058e-06, 2.31017224905e-06, 6.0188522184e-06, 3.54236408384e-06, 9.18456044019e-06, 6.6813331614e-06, 3.23554922943e-06, 3.11582380164e-06, 1.28962801682e-06, 1.05978983811e-06, 3.27672637468e-07, 8.76746298673e-07, 1.86122179002e-07, 1.54450873424e-07, 9.81858789828e-08, 2.22492424484e-08, 4.54136177552e-08, 2.08238986943e-07, 3.98693231318e-07, 7.95720040969e-08, 3.52850229035e-08], "max": [0.00117345375475, 0.0954570174217, 0.147537797689, 0.0361992120743, 0.150248616934, 0.0246262159199, 0.0234455373138, 0.0235947072506, 0.0279530864209, 0.0453070066869, 0.0770750716329, 0.0521710179746, 0.0626063868403, 0.0240264683962, 0.0174731407315, 0.0256654620171, 0.0171255879104, 0.0308757293969, 0.00949245598167, 0.0107198106125, 0.00591651257128, 0.00475818663836, 0.00720359385014, 0.021134622395, 0.0283782593906, 0.00448914524168, 0.00266720005311], "mean": [2.7434554795e-05, 0.00259565445594, 0.00263254740275, 0.00128339149524, 0.00252228952013, 0.000850377255119, 0.00056593446061, 0.000425699312473, 0.000783834722824, 0.000553001067601, 0.000642566359602, 0.000916903256439, 0.000573706929572, 0.000706000428181, 0.000424635683885, 0.000441399024567, 0.000252970319707, 0.00043031948735, 0.000232076068642, 0.000164353274158, 0.000117053903523, 7.07886938471e-05, 0.000103665232018, 0.000196414330276, 0.000179198759724, 9.13140029297e-05, 4.38056085841e-05], "median": [2.71551471087e-06, 0.000646715925541, 0.000502762501128, 0.000398792501073, 0.000476143322885, 0.000319986254908, 0.000179800583282, 9.59603639785e-05, 0.000148931489093, 9.74596187007e-05, 6.96499701007e-05, 7.39020688343e-05, 5.54616199224e-05, 6.6059998062e-05, 5.12877231813e-05, 5.63231951674e-05, 4.77459616377e-05, 6.61953745293e-05, 5.75627636863e-05, 5.47126219317e-05, 3.9234659198e-05, 1.74399665411e-05, 2.73204386758e-05, 3.44534782926e-05, 3.18062884617e-05, 9.64674018178e-06, 1.2101035054e-06], "min": [7.15846257113e-25, 4.23562375866e-24, 2.66006756861e-24, 3.09408128651e-24, 6.03339319101e-24, 2.77310680038e-24, 8.3465144087e-24, 4.28982205272e-24, 2.03331722443e-23, 1.86515164318e-23, 1.28507571385e-23, 2.10182490311e-23, 3.20885991713e-23, 3.20924488125e-23, 2.84893960477e-23, 7.32335424156e-23, 5.25480475361e-23, 9.06788226813e-23, 1.31401949378e-22, 1.64007766779e-22, 2.16310002102e-22, 3.12284258714e-22, 3.909527246e-22, 6.24894007747e-22, 9.04495948484e-22, 1.27745403639e-21, 1.95431698889e-21], "var": [7.00582925006e-09, 5.4153817473e-05, 6.65858751745e-05, 8.22402398626e-06, 9.94188594632e-05, 3.10611790155e-06, 1.4736662024e-06, 1.26305440062e-06, 4.33014429291e-06, 2.97978408526e-06, 6.68363827572e-06, 9.17469697015e-06, 6.08322943663e-06, 4.79674963572e-06, 1.24881216834e-06, 1.23117126805e-06, 5.65970765365e-07, 1.56969815635e-06, 2.4712863933e-07, 1.14552847208e-07, 6.1304241683e-08, 2.75323372989e-08, 5.62785089642e-08, 3.2854671872e-07, 5.57228702291e-07, 6.06701391348e-08, 1.87985200739e-08]}, "barkbands_crest": {"dmean": 2.6674888134, "dmean2": 4.29645490646, "dvar": 6.87339305878, "dvar2": 17.3591327667, "max": 25.7897624969, "mean": 9.22161579132, "median": 8.3062505722, "min": 2.17956471443, "var": 16.2548103333}, "barkbands_flatness_db": {"dmean": 0.0247715543956, "dmean2": 0.0372564308345, "dvar": 0.000728478829842, "dvar2": 0.00174232246354, "max": 0.395974546671, "mean": 0.121183820069, "median": 0.110760778189, "min": 0.019564518705, "var": 0.00300098978914}, "barkbands_kurtosis": {"dmean": 4.06279468536, "dmean2": 6.68924236298, "dvar": 134.546157837, "dvar2": 349.10534668, "max": 288.704711914, "mean": 4.01771974564, "median": 0.70812869072, "min": -1.92497587204, "var": 139.153900146}, "barkbands_skewness": {"dmean": 0.721110701561, "dmean2": 1.08931612968, "dvar": 0.858241200447, "dvar2": 2.026876688, "max": 13.1507558823, "mean": 1.20501232147, "median": 1.00296282768, "min": -3.19392228127, "var": 2.2243642807}, "barkbands_spread": {"dmean": 9.26614284515, "dmean2": 13.7780761719, "dvar": 137.82635498, "dvar2": 281.333953857, "max": 132.310531616, "mean": 29.5590896606, "median": 25.8762359619, "min": 0.665108382702, "var": 397.444244385}, "dissonance": {"dmean": 0.0209847912192, "dmean2": 0.0349086485803, "dvar": 0.000489730213303, "dvar2": 0.00125624309294, "max": 0.500000059605, "mean": 0.460363268852, "median": 0.468411803246, "min": 0.227757036686, "var": 0.00104489177465}, "dynamic_complexity": 5.39415597916, "erbbands": {"dmean": [0.033792719245, 0.701667308807, 3.06589984894, 3.37512779236, 8.346991539, 9.85102653503, 4.96183824539, 6.08102750778, 5.40104484558, 5.41714286804, 7.75611686707, 11.4493970871, 11.3125419617, 13.3708133698, 18.0852375031, 18.276184082, 15.0843524933, 18.2155399323, 13.5545024872, 12.4909086227, 12.2566204071, 6.75747060776, 10.3896436691, 8.23149967194, 4.39490699768, 4.09039163589, 3.77315998077, 1.91868257523, 1.50232756138, 1.61054372787, 1.9228413105, 2.11502480507, 2.58769154549, 1.57066631317, 0.758400559425, 0.332633107901, 0.138463437557, 0.0480850636959, 0.00725377211347, 0.000426019367296], "dmean2": [0.0557798407972, 1.21110630035, 5.18598175049, 5.68524312973, 14.0466299057, 17.2263126373, 8.29909896851, 10.2553224564, 8.8421869278, 8.64256954193, 12.526350975, 18.1679229736, 17.5444564819, 20.2988357544, 27.0054149628, 26.5113582611, 21.2496833801, 27.9186248779, 20.196138382, 18.6282844543, 17.8861293793, 9.66474342346, 15.6192541122, 12.1571464539, 6.62477970123, 6.23652887344, 6.02725553513, 2.90969371796, 2.27179694176, 2.32511425018, 2.77182865143, 3.01232600212, 3.76246714592, 2.30782389641, 1.11007249355, 0.491333514452, 0.206541508436, 0.0726442858577, 0.0111558735371, 0.000661346130073], "dvar": [0.0102951610461, 5.6083483696, 107.970176697, 74.8964004517, 1061.53125, 1871.95153809, 170.597549438, 269.045257568, 188.336730957, 195.267410278, 697.809326172, 1554.17321777, 1166.41833496, 2065.21166992, 5209.07324219, 4542.00683594, 3585.28613281, 3683.7890625, 1637.58508301, 1717.35046387, 980.90435791, 330.075195312, 995.17175293, 567.69720459, 110.746543884, 175.829299927, 135.543579102, 32.1656303406, 13.5167856216, 13.031080246, 22.2454681396, 23.7361698151, 53.6238250732, 37.9167137146, 5.60225820541, 0.799401462078, 0.124110803008, 0.0171879008412, 0.000386359955883, 1.50831033352e-06], "dvar2": [0.0260835960507, 15.2124986649, 284.547210693, 198.813247681, 2841.71166992, 5165.92041016, 450.826965332, 719.552490234, 497.350799561, 456.131591797, 1772.13427734, 3793.53344727, 2839.52441406, 4912.07226562, 13940.8730469, 9589.9765625, 5898.07861328, 8389.76269531, 3457.1159668, 3825.92138672, 1995.67871094, 604.914001465, 1992.10339355, 1202.48095703, 262.158538818, 432.338287354, 354.043518066, 74.1479110718, 26.0964431763, 23.3814964294, 46.7392158508, 44.0387496948, 105.696838379, 84.9234313965, 12.7007875443, 1.70120191574, 0.273117333651, 0.0377513282001, 0.000874156365171, 3.40786823472e-06], "max": [1.55701375008, 29.1162490845, 172.386795044, 111.499572754, 376.378448486, 625.143310547, 186.070083618, 232.230224609, 221.13734436, 343.096252441, 687.577392578, 817.384399414, 765.302001953, 1659.45483398, 3124.71533203, 1944.73474121, 3402.21655273, 1444.56628418, 1555.46630859, 2176.29370117, 761.451538086, 1129.99084473, 997.617553711, 1023.40856934, 402.077697754, 603.388183594, 394.889587402, 248.121383667, 166.490097046, 163.325622559, 211.124435425, 267.931671143, 459.560974121, 413.802703857, 140.630828857, 25.4326763153, 6.54457044601, 5.0850687027, 0.345514386892, 0.017321638763], "mean": [0.0414499267936, 0.713831722736, 2.92520570755, 3.72755646706, 7.65088176727, 8.12437152863, 5.959441185, 7.08500289917, 7.42639780045, 8.65956401825, 10.9080152512, 16.231294632, 17.9552078247, 22.1981220245, 32.654548645, 33.0462989807, 28.8964633942, 36.2220611572, 24.554599762, 21.1335659027, 25.3189926147, 15.2558116913, 21.2093067169, 18.2035942078, 9.62407302856, 8.00326156616, 6.53267097473, 3.06078839302, 2.32864642143, 2.69697570801, 3.0475757122, 3.21184754372, 3.83558630943, 2.35594582558, 1.06870782375, 0.426771819592, 0.159740582108, 0.0510487966239, 0.00699369749054, 0.000398796080844], "median": [0.0104189952835, 0.166020944715, 0.521875321865, 1.27403759956, 1.08998596668, 1.46594905853, 2.22200727463, 2.64027500153, 2.70562434196, 2.7678565979, 2.69578456879, 3.20773482323, 3.82986116409, 4.55511283875, 4.36028528214, 3.57851243019, 3.29785776138, 3.47576594353, 3.89948821068, 3.44012498856, 3.30724096298, 2.85556197166, 3.72147011757, 3.8836452961, 3.04569864273, 2.79379367828, 2.16310739517, 1.07340097427, 0.62952953577, 0.73309648037, 0.77338373661, 0.628242850304, 0.661930799484, 0.418287932873, 0.174025863409, 0.0509389527142, 0.0160093363374, 0.00342110288329, 0.000182911127922, 2.4569379093e-05], "min": [8.03583952721e-23, 9.22244182892e-22, 3.89482717013e-21, 1.02886566359e-20, 1.44914401592e-20, 1.37054796368e-20, 5.44282387367e-20, 4.86232693748e-20, 1.78986891908e-19, 1.03685403111e-19, 1.38048224128e-19, 3.67611911367e-19, 5.77054843797e-19, 7.82527231738e-19, 9.19330187153e-19, 1.09887035949e-18, 1.77942535025e-18, 2.11584135974e-18, 1.77007055791e-18, 2.33752018044e-18, 2.91650711135e-18, 3.21843734071e-18, 4.92107820304e-18, 6.71092623581e-18, 7.55667622593e-18, 8.12914724837e-18, 8.47780304938e-18, 1.13994794192e-17, 9.74054802118e-18, 1.2560945224e-17, 1.15711202235e-17, 1.03828446678e-17, 9.4821078465e-18, 7.9187480693e-18, 5.99812195451e-18, 4.45080120939e-18, 2.3451972437e-18, 9.66790812171e-19, 2.64764487454e-19, 2.79658294436e-20], "var": [0.0103790266439, 4.39375257492, 85.1759490967, 61.5374336243, 808.873535156, 1224.20690918, 153.449325562, 227.655853271, 214.329833984, 330.5703125, 904.795532227, 2454.36083984, 2211.61206055, 4694.22412109, 11414.3544922, 10962.0996094, 15147.6035156, 13163.8769531, 3908.51904297, 3449.47729492, 3909.40478516, 1804.26489258, 3092.7043457, 2335.96582031, 359.895141602, 292.20489502, 207.770843506, 51.3499488831, 31.2001781464, 35.4636688232, 51.1839408875, 65.7389144897, 156.329238892, 109.351837158, 15.2001476288, 1.44141578674, 0.181363806129, 0.0275329574943, 0.000452959939139, 1.60459649123e-06]}, "erbbands_crest": {"dmean": 2.76558423042, "dmean2": 4.45892858505, "dvar": 7.5745844841, "dvar2": 18.3831310272, "max": 33.4727134705, "mean": 9.54908657074, "median": 8.15223884583, "min": 2.23998260498, "var": 26.9501075745}, "erbbands_flatness_db": {"dmean": 0.0225584898144, "dmean2": 0.0311490520835, "dvar": 0.00053837680025, "dvar2": 0.000993447145447, "max": 0.384324193001, "mean": 0.141495138407, "median": 0.135809972882, "min": 0.0278534293175, "var": 0.00276612048037}, "erbbands_kurtosis": {"dmean": 1.27469599247, "dmean2": 1.97729337215, "dvar": 5.85739850998, "dvar2": 13.3590698242, "max": 61.6188201904, "mean": 1.02658450603, "median": -0.091016292572, "min": -1.84557712078, "var": 14.4140262604}, "erbbands_skewness": {"dmean": 0.439058035612, "dmean2": 0.669631421566, "dvar": 0.224737197161, "dvar2": 0.521064937115, "max": 5.94062185287, "mean": 0.223461538553, "median": 0.20108038187, "min": -3.20149540901, "var": 0.704416275024}, "erbbands_spread": {"dmean": 11.8774147034, "dmean2": 17.3294010162, "dvar": 203.860702515, "dvar2": 411.242370605, "max": 181.202590942, "mean": 43.2932853699, "median": 39.0048751831, "min": 1.3385822773, "var": 683.42175293}, "gfcc": {"cov": [[25075.3691406, -128.52406311, -1759.44909668, 387.420379639, -770.356994629, 696.796875, -770.524597168, 45.3253135681, -512.651428223, -69.7475509644, -247.291000366, -218.11807251, -158.333358765], [-128.52406311, 1868.71704102, -367.321807861, 239.866958618, 233.458618164, -90.3868103027, 202.10307312, 64.7314529419, -21.1935901642, 41.1432266235, 17.351316452, 5.52451562881, -46.5730247498], [-1759.44909668, -367.321807861, 1492.15869141, 62.1272888184, -1.7706028223, 70.3514556885, 36.6539306641, -38.9032592773, 115.796043396, -72.5310974121, -49.3317680359, 15.2557058334, 19.205499649], [387.420379639, 239.866958618, 62.1272888184, 453.647186279, 43.1625099182, 18.0155715942, -27.7756347656, 35.8670883179, 4.1389131546, 9.263215065, -31.7943534851, -18.3019218445, 15.9060907364], [-770.356994629, 233.458618164, -1.7706028223, 43.1625099182, 385.060424805, 26.6967487335, 111.985572815, 26.2540721893, 28.8214244843, 11.968290329, 43.1498947144, 18.4441223145, -18.7151832581], [696.796875, -90.3868103027, 70.3514556885, 18.0155715942, 26.6967487335, 367.40234375, 85.7256469727, -36.6365852356, -11.2579183578, 38.8925437927, 24.9229259491, 0.305543422699, -8.27124023438], [-770.524597168, 202.10307312, 36.6539306641, -27.7756347656, 111.985572815, 85.7256469727, 234.644393921, 28.7685146332, 20.9710216522, 17.2828769684, 35.1420783997, 19.7686405182, -17.4334030151], [45.3253135681, 64.7314529419, -38.9032592773, 35.8670883179, 26.2540721893, -36.6365852356, 28.7685146332, 190.573608398, 64.2810058594, -0.582249820232, 9.52206039429, 22.2346229553, 19.4968624115], [-512.651428223, -21.1935901642, 115.796043396, 4.1389131546, 28.8214244843, -11.2579183578, 20.9710216522, 64.2810058594, 133.1199646, 31.0054321289, -6.82404565811, -0.792440474033, 14.1757631302], [-69.7475509644, 41.1432266235, -72.5310974121, 9.263215065, 11.968290329, 38.8925437927, 17.2828769684, -0.582249820232, 31.0054321289, 112.381576538, 39.6881332397, -9.83856487274, -0.556369721889], [-247.291000366, 17.351316452, -49.3317680359, -31.7943534851, 43.1498947144, 24.9229259491, 35.1420783997, 9.52206039429, -6.82404565811, 39.6881332397, 111.480453491, 40.3312988281, -5.12197065353], [-218.11807251, 5.52451562881, 15.2557058334, -18.3019218445, 18.4441223145, 0.305543422699, 19.7686405182, 22.2346229553, -0.792440474033, -9.83856487274, 40.3312988281, 103.648757935, 24.8988704681], [-158.333358765, -46.5730247498, 19.205499649, 15.9060907364, -18.7151832581, -8.27124023438, -17.4334030151, 19.4968624115, 14.1757631302, -0.556369721889, -5.12197065353, 24.8988704681, 93.3304443359]], "icov": [[6.89464723109e-05, -1.97609024326e-05, 6.51829614071e-05, -2.18563782255e-05, 7.80874397606e-05, -0.000236437495914, 0.000271837518085, -0.000181374125532, 0.000199051908567, 2.53941307164e-05, 0.000133192850626, 2.21166865231e-05, 0.000152115360834], [-1.97609024326e-05, 0.00078927713912, 0.00016656970547, -0.000469513412099, -0.000254815764492, 0.000478640722577, -0.000880601583049, 3.53498253389e-05, 0.000191845785594, -0.000305535038933, 0.000230873323744, -0.00016446482914, 0.000251109711826], [6.51829614071e-05, 0.00016656970547, 0.00096789910458, -0.000335675547831, 0.000141730968608, -0.000333779025823, -9.25080821617e-05, 0.000483830692247, -0.00107458827551, 0.000990960164927, 0.000112119822006, -0.000178893780685, 0.000155227069627], [-2.18563782255e-05, -0.000469513412099, -0.000335675547831, 0.00280141434632, -0.000436378846643, -0.000401927973144, 0.000970578170381, -0.000828887161333, 0.000623408472165, -0.00069351674756, 0.000827970623504, 0.000354667456122, -0.000596410769504], [7.80874397606e-05, -0.000254815764492, 0.000141730968608, -0.000436378846643, 0.00342934252694, -0.00025980672217, -0.000918714446016, 6.19654965703e-05, -0.00079545925837, 0.000752286927309, -0.00111922086217, -1.01881869341e-05, 0.000597217993345], [-0.000236437495914, 0.000478640722577, -0.000333779025823, -0.000401927973144, -0.00025980672217, 0.00430109305307, -0.00263726478443, 0.00121661403682, 7.16787180863e-05, -0.0014210131485, -0.000464760756586, -0.000112936380901, -0.000457509071566], [0.000271837518085, -0.000880601583049, -9.25080821617e-05, 0.000970578170381, -0.000918714446016, -0.00263726478443, 0.0077728596516, -0.001724782167, 0.000365449930541, 0.000106039267848, -0.000209184174309, -0.000354788149707, 0.0012979254825], [-0.000181374125532, 3.53498253389e-05, 0.000483830692247, -0.000828887161333, 6.19654965703e-05, 0.00121661403682, -0.001724782167, 0.00803516153246, -0.00503346836194, 0.0019981181249, -0.00159805163275, -0.000952578673605, -0.00118597783148], [0.000199051908567, 0.000191845785594, -0.00107458827551, 0.000623408472165, -0.00079545925837, 7.16787180863e-05, 0.000365449930541, -0.00503346836194, 0.0132972616702, -0.0055910940282, 0.00345333945006, 0.000148789957166, -0.00038829082041], [2.53941307164e-05, -0.000305535038933, 0.000990960164927, -0.00069351674756, 0.000752286927309, -0.0014210131485, 0.000106039267848, 0.0019981181249, -0.0055910940282, 0.01423102431, -0.00645610177889, 0.00324844522402, -0.000854676123708], [0.000133192850626, 0.000230873323744, 0.000112119822006, 0.000827970623504, -0.00111922086217, -0.000464760756586, -0.000209184174309, -0.00159805163275, 0.00345333945006, -0.00645610177889, 0.0150071745738, -0.00593766197562, 0.0020507730078], [2.21166865231e-05, -0.00016446482914, -0.000178893780685, 0.000354667456122, -1.01881869341e-05, -0.000112936380901, -0.000354788149707, -0.000952578673605, 0.000148789957166, 0.00324844522402, -0.00593766197562, 0.0136260157451, -0.00391177739948], [0.000152115360834, 0.000251109711826, 0.000155227069627, -0.000596410769504, 0.000597217993345, -0.000457509071566, 0.0012979254825, -0.00118597783148, -0.00038829082041, -0.000854676123708, 0.0020507730078, -0.00391177739948, 0.0129471132532]], "mean": [-51.4142036438, 64.0476226807, -99.0353012085, 20.7073078156, -49.0470657349, 11.1801605225, -38.8845787048, 13.1115646362, -29.3680477142, 0.458820790052, -14.6707630157, -0.422008305788, -11.8757276535]}, "hfc": {"dmean": 8.10973834991, "dmean2": 11.2284412384, "dvar": 195.746505737, "dvar2": 385.919799805, "max": 570.122253418, "mean": 19.050327301, "median": 9.67496490479, "min": 1.06036640065e-16, "var": 695.092651367}, "melbands": {"dmean": [0.000486712466227, 0.00138401403092, 0.000720545824151, 0.000736484711524, 0.000200519396458, 0.000136570670293, 8.22630317998e-05, 5.93428812863e-05, 6.75572446198e-05, 7.47371886973e-05, 5.6277585827e-05, 5.31161640538e-05, 6.24368694844e-05, 6.40584985376e-05, 3.75711970264e-05, 3.41782906617e-05, 3.50398440787e-05, 2.31178364629e-05, 2.21890168177e-05, 1.43189872688e-05, 1.58886523423e-05, 7.47146805224e-06, 8.77479487826e-06, 1.15545208246e-05, 7.04565763954e-06, 4.12089912061e-06, 3.11276062348e-06, 2.84044585896e-06, 2.81103166344e-06, 1.52224106387e-06, 1.08005838229e-06, 8.73869453244e-07, 9.54866777647e-07, 9.2289405984e-07, 1.09099380552e-06, 1.30854323288e-06, 1.326590791e-06, 1.90098194253e-06, 1.67570658505e-06, 1.27563293972e-06], "dmean2": [0.000827443145681, 0.00234269723296, 0.00119892403018, 0.0012611473212, 0.000339385675034, 0.000230242629186, 0.000133413792355, 9.48093656916e-05, 0.000109408938442, 0.000118456468044, 8.76135381986e-05, 8.09016055427e-05, 9.53333947109e-05, 9.36529540922e-05, 5.36025181646e-05, 4.92138387926e-05, 5.38795393368e-05, 3.41415834555e-05, 3.36431257892e-05, 2.0975154257e-05, 2.34548406297e-05, 1.0827551705e-05, 1.27961639009e-05, 1.76778357854e-05, 1.04396649476e-05, 6.29756095805e-06, 4.75065098726e-06, 4.40861322204e-06, 4.52357608083e-06, 2.40973872678e-06, 1.65524954809e-06, 1.36353901325e-06, 1.43777970152e-06, 1.3477573475e-06, 1.59541764333e-06, 1.9473084194e-06, 1.92770448848e-06, 2.82811220131e-06, 2.47117623076e-06, 1.91833328245e-06], "dvar": [2.40145004682e-06, 2.1411866328e-05, 3.47360946762e-06, 9.80747336143e-06, 3.84441506185e-07, 1.31724505081e-07, 4.35745945992e-08, 2.08300168225e-08, 5.36151887331e-08, 5.86177648643e-08, 2.88199917264e-08, 3.51819657851e-08, 7.94212340338e-08, 5.8326772745e-08, 1.98836556109e-08, 1.31002027004e-08, 1.46235974441e-08, 6.3284466556e-09, 4.25391721848e-09, 2.38461250746e-09, 1.87903537174e-09, 5.32599242486e-10, 6.96762869623e-10, 1.66559099846e-09, 4.22588991578e-10, 8.73563998915e-11, 5.90362550512e-11, 1.2366387081e-10, 9.08467051586e-11, 1.80856926657e-11, 1.01720454976e-11, 5.21799574035e-12, 4.61766432383e-12, 4.4915980657e-12, 7.11453552321e-12, 1.12704559227e-11, 9.56207595743e-12, 2.91353642601e-11, 3.0936146006e-11, 2.98799179843e-11], "dvar2": [6.42526811134e-06, 5.66687267565e-05, 9.12693940336e-06, 2.67310115305e-05, 1.035101036e-06, 3.52180109076e-07, 1.12801274099e-07, 4.94527974126e-08, 1.34342286628e-07, 1.42724459806e-07, 7.03689408965e-08, 8.2776182353e-08, 2.19894531028e-07, 1.22861194995e-07, 3.6478208898e-08, 2.3870619259e-08, 3.23528688284e-08, 1.29243558078e-08, 9.31404375848e-09, 5.28880583772e-09, 3.76180064876e-09, 9.10988062763e-10, 1.40778255719e-09, 3.39854455689e-09, 9.23621124027e-10, 2.01740762984e-10, 1.42106687528e-10, 3.09039793756e-10, 2.37137337544e-10, 4.267325035e-11, 2.31085203056e-11, 1.0973270903e-11, 8.67605640109e-12, 8.61619716547e-12, 1.50883524425e-11, 2.43834726715e-11, 1.90332419964e-11, 6.17556908389e-11, 6.01736299677e-11, 7.12554945603e-11], "max": [0.0173461567611, 0.0679177641869, 0.0189138948917, 0.0362985730171, 0.0107701905072, 0.00484585994855, 0.00369930779561, 0.00317166792229, 0.00588363688439, 0.00494795432314, 0.00370327150449, 0.00718557601795, 0.0123251704499, 0.00765046523884, 0.00470297038555, 0.00498458370566, 0.00264795869589, 0.00326326815411, 0.00146490707994, 0.00260730972514, 0.00111952971201, 0.00160381069873, 0.000863313267473, 0.0018719813088, 0.000743572833017, 0.000296521175187, 0.000249516480835, 0.00054183753673, 0.000359911588021, 0.000142332733958, 0.00013123214012, 9.40032332437e-05, 9.9406192021e-05, 9.65052022366e-05, 0.000100072080386, 0.000172762956936, 0.00014845408441, 0.000307679118123, 0.000356218108209, 0.000385746883694], "mean": [0.000544219336007, 0.00137232732959, 0.000772049475927, 0.000620720267761, 0.000225770432735, 0.000159862887813, 0.000116144154163, 9.51202382566e-05, 9.11547540454e-05, 0.000107454594399, 8.739529585e-05, 8.55051330291e-05, 0.00010460390331, 0.000113843852887, 6.49562789476e-05, 6.1678190832e-05, 6.63346800138e-05, 3.86952160625e-05, 3.3389460441e-05, 2.42398964474e-05, 3.06041474687e-05, 1.40835418279e-05, 1.72732252395e-05, 2.13493567571e-05, 1.42372000482e-05, 8.10947312857e-06, 5.89242108617e-06, 4.96254278914e-06, 4.63550713903e-06, 2.31614762924e-06, 1.60028491791e-06, 1.24200937535e-06, 1.47237960846e-06, 1.48944286593e-06, 1.69684142293e-06, 1.88752221675e-06, 1.94714812096e-06, 2.72373495136e-06, 2.48041214945e-06, 1.84502607681e-06], "median": [0.000141168711707, 0.000291138509056, 0.000236953026615, 9.17101860978e-05, 7.91002967162e-05, 6.03795742791e-05, 4.19872958446e-05, 2.88148548861e-05, 2.03360341402e-05, 1.96232576855e-05, 1.74059387064e-05, 1.47985301737e-05, 1.27701005113e-05, 9.56515395956e-06, 5.2074060477e-06, 6.11198220213e-06, 5.04309809912e-06, 4.58642352896e-06, 4.17800720243e-06, 2.97293445328e-06, 3.22690630128e-06, 2.07716607292e-06, 3.63071103493e-06, 3.0139071896e-06, 2.83715098703e-06, 2.09686322705e-06, 1.770417839e-06, 1.45077285651e-06, 1.28818521716e-06, 7.95376649876e-07, 4.32644299053e-07, 3.03230223153e-07, 3.13896549642e-07, 3.91806565858e-07, 4.23219006507e-07, 4.07284005632e-07, 3.42720483104e-07, 4.4107267172e-07, 4.30213901836e-07, 3.11593169044e-07], "min": [1.26285478405e-24, 2.02767702673e-24, 2.56738252592e-24, 1.88584575243e-24, 1.96934490431e-24, 1.01926498892e-24, 2.65755780764e-24, 1.20100069351e-24, 1.01292826649e-24, 2.30762680148e-24, 2.61874644275e-24, 2.89803278548e-24, 2.50843114769e-24, 3.81830529574e-24, 2.77113228154e-24, 3.20245105337e-24, 3.08377836866e-24, 2.34645946562e-24, 2.22304138813e-24, 3.31886877918e-24, 2.28449996354e-24, 2.87029939428e-24, 5.00684731176e-24, 3.90433452176e-24, 5.02960042685e-24, 3.90495772187e-24, 4.16759594406e-24, 4.59448802292e-24, 4.87948019658e-24, 4.54967638477e-24, 4.94585258657e-24, 4.84045012001e-24, 5.94385511169e-24, 5.78691675662e-24, 5.03799903447e-24, 5.35911827658e-24, 5.82829527211e-24, 6.36627947681e-24, 5.54640529396e-24, 6.44400120864e-24], "var": [2.07738548852e-06, 1.70764687937e-05, 2.95070935863e-06, 6.79338836562e-06, 3.01747576259e-07, 1.11602197705e-07, 5.5172325375e-08, 3.65866092977e-08, 6.91908255135e-08, 9.64586845953e-08, 5.42208162813e-08, 7.99324766376e-08, 1.60925324622e-07, 1.59654234722e-07, 6.72859314932e-08, 4.69367869016e-08, 5.06667099387e-08, 1.4690835215e-08, 8.33517166399e-09, 5.26710408622e-09, 6.80599754332e-09, 2.62395816186e-09, 2.33585861764e-09, 5.03927699569e-09, 1.51754386835e-09, 2.61709570681e-10, 1.39848063685e-10, 1.56651858152e-10, 1.28471011607e-10, 2.82693243814e-11, 1.6683604151e-11, 1.0437831155e-11, 1.17478396802e-11, 1.16245086473e-11, 1.58364432679e-11, 2.37133455233e-11, 2.40428336962e-11, 7.26838866871e-11, 9.98841981348e-11, 7.45696351889e-11]}, "melbands_crest": {"dmean": 3.38851261139, "dmean2": 5.42251110077, "dvar": 11.6377630234, "dvar2": 28.3154735565, "max": 33.5680389404, "mean": 13.1465272903, "median": 12.3627462387, "min": 1.00232028961, "var": 28.2452793121}, "melbands_flatness_db": {"dmean": 0.0314366333187, "dmean2": 0.0463533475995, "dvar": 0.00123498286121, "dvar2": 0.00281421467662, "max": 0.530725598335, "mean": 0.185241892934, "median": 0.171404987574, "min": 1.0354394675e-07, "var": 0.00603991094977}, "melbands_kurtosis": {"dmean": 10.6663351059, "dmean2": 16.9510803223, "dvar": 692.611999512, "dvar2": 1752.85900879, "max": 616.241638184, "mean": 14.4884748459, "median": 5.53452396393, "min": -1.86892306805, "var": 837.310974121}, "melbands_skewness": {"dmean": 0.960035204887, "dmean2": 1.42904734612, "dvar": 1.52761673927, "dvar2": 3.48299598694, "max": 20.5760211945, "mean": 2.46491408348, "median": 2.11207151413, "min": -2.66606760025, "var": 4.22421121597}, "melbands_spread": {"dmean": 10.784154892, "dmean2": 16.4931697845, "dvar": 247.193649292, "dvar2": 542.463867188, "max": 268.203033447, "mean": 32.1968536377, "median": 27.2115879059, "min": 0.488404035568, "var": 716.992553711}, "mfcc": {"cov": [[13509.0244141, -405.545837402, -422.416168213, -338.58795166, 187.97203064, 147.004043579, 91.1438980103, -100.125923157, -124.455696106, 132.122787476, -189.555496216, -181.098312378, -145.310058594], [-405.545837402, 1598.72009277, -238.868545532, 318.366424561, -0.145734041929, 23.0973377228, 124.400611877, 99.6105041504, 29.013841629, 7.75769472122, 91.6799850464, 47.8850135803, 45.2090530396], [-422.416168213, -238.868545532, 1144.06188965, 7.15629386902, 85.3480911255, 106.336051941, -50.5557594299, 29.5256061554, 83.7284317017, -20.8986663818, -24.2304935455, 6.69016313553, -65.4702529907], [-338.58795166, 318.366424561, 7.15629386902, 458.265960693, 97.0803070068, -46.8570671082, 2.37486982346, 33.2071723938, 38.0324287415, -1.67796981335, -4.11228322983, 28.2784461975, 31.6714019775], [187.97203064, -0.145734041929, 85.3480911255, 97.0803070068, 237.514434814, 32.5630722046, 19.3570365906, 31.596496582, 27.3588237762, 12.6158828735, -3.14358711243, 14.3052749634, 11.1752567291], [147.004043579, 23.0973377228, 106.336051941, -46.8570671082, 32.5630722046, 327.199920654, 107.49987793, 21.5630302429, -7.00914049149, 22.5504417419, 52.8149719238, -12.4446191788, -29.6303958893], [91.1438980103, 124.400611877, -50.5557594299, 2.37486982346, 19.3570365906, 107.49987793, 190.261428833, 63.949924469, -19.9110202789, 19.0369148254, 41.128162384, 6.9003071785, 26.8168888092], [-100.125923157, 99.6105041504, 29.5256061554, 33.2071723938, 31.596496582, 21.5630302429, 63.949924469, 170.05847168, 42.140586853, -10.9829864502, 34.4606513977, 16.082326889, 26.2839546204], [-124.455696106, 29.013841629, 83.7284317017, 38.0324287415, 27.3588237762, -7.00914049149, -19.9110202789, 42.140586853, 149.234237671, 36.5590629578, -2.82397651672, 24.4500236511, -12.8086853027], [132.122787476, 7.75769472122, -20.8986663818, -1.67796981335, 12.6158828735, 22.5504417419, 19.0369148254, -10.9829864502, 36.5590629578, 121.241996765, 36.3280410767, -1.33328187466, -5.01295804977], [-189.555496216, 91.6799850464, -24.2304935455, -4.11228322983, -3.14358711243, 52.8149719238, 41.128162384, 34.4606513977, -2.82397651672, 36.3280410767, 132.028152466, 37.1341896057, 3.81830763817], [-181.098312378, 47.8850135803, 6.69016313553, 28.2784461975, 14.3052749634, -12.4446191788, 6.9003071785, 16.082326889, 24.4500236511, -1.33328187466, 37.1341896057, 104.705223083, 41.4017562866], [-145.310058594, 45.2090530396, -65.4702529907, 31.6714019775, 11.1752567291, -29.6303958893, 26.8168888092, 26.2839546204, -12.8086853027, -5.01295804977, 3.81830763817, 41.4017562866, 123.064048767]], "icov": [[8.5378982476e-05, 3.60556873602e-06, 4.27116065111e-05, 6.61975864205e-05, -0.000106285726361, -2.95302324957e-05, -2.74766371149e-05, -3.25777473336e-05, 0.000104767110315, -0.000152843014803, 0.000197253873921, -3.08444697339e-07, 0.000119323274703], [3.60556873602e-06, 0.000842323759571, 0.000160880372277, -0.000616922741756, 0.000255223771092, -2.47138141276e-05, -0.000417801988078, -0.000137522729347, -0.000206423836062, 0.0001875917078, -0.000438828574261, -2.02206319955e-05, 3.70408524759e-05], [4.27116065111e-05, 0.000160880372277, 0.00108647241723, -4.99599591421e-05, -0.000300617481116, -0.000501525413711, 0.000381363759516, -0.000270971242571, -0.000395300070522, 0.000222542337724, 0.000282966939267, -0.000265306909569, 0.000511907681357], [6.61975864205e-05, -0.000616922741756, -4.99599591421e-05, 0.00303490972146, -0.00128334341571, 0.000444704666734, 0.000133054811158, -7.79014044383e-06, -0.000277979037492, -2.52107420238e-05, 0.000417254748754, -0.000166583282407, -0.000293418386718], [-0.000106285726361, 0.000255223771092, -0.000300617481116, -0.00128334341571, 0.00522796064615, -0.000579522864427, -0.000148873121361, -0.00071708537871, -0.000237113708863, -0.000541844521649, 0.000483496900415, -0.000585576111916, -0.000342340325005], [-2.95302324957e-05, -2.47138141276e-05, -0.000501525413711, 0.000444704666734, -0.000579522864427, 0.00456210644916, -0.00274484534748, 0.000747781188693, -0.000263082882157, 0.000278118473943, -0.00162510341033, 0.000830237346236, 0.000937479664572], [-2.74766371149e-05, -0.000417801988078, 0.000381363759516, 0.000133054811158, -0.000148873121361, -0.00274484534748, 0.00889020226896, -0.00331239495426, 0.00224379869178, -0.00184784224257, 0.00022489472758, -0.000414219015511, -0.00129684084095], [-3.25777473336e-05, -0.000137522729347, -0.000270971242571, -7.79014044383e-06, -0.00071708537871, 0.000747781188693, -0.00331239495426, 0.00930932350457, -0.00415250845253, 0.00346105615608, -0.00324957701378, 0.00195854785852, -0.00200070580468], [0.000104767110315, -0.000206423836062, -0.000395300070522, -0.000277979037492, -0.000237113708863, -0.000263082882157, 0.00224379869178, -0.00415250845253, 0.0107714468613, -0.00501106446609, 0.00332902092487, -0.00389783806168, 0.00254193367437], [-0.000152843014803, 0.0001875917078, 0.000222542337724, -2.52107420238e-05, -0.000541844521649, 0.000278118473943, -0.00184784224257, 0.00346105615608, -0.00501106446609, 0.0120277209207, -0.00495766382664, 0.00289433333091, -0.00119640340563], [0.000197253873921, -0.000438828574261, 0.000282966939267, 0.000417254748754, 0.000483496900415, -0.00162510341033, 0.00022489472758, -0.00324957701378, 0.00332902092487, -0.00495766382664, 0.0126040456817, -0.00557433394715, 0.00227594398893], [-3.08444697339e-07, -2.02206319955e-05, -0.000265306909569, -0.000166583282407, -0.000585576111916, 0.000830237346236, -0.000414219015511, 0.00195854785852, -0.00389783806168, 0.00289433333091, -0.00557433394715, 0.0144889801741, -0.00515546416864], [0.000119323274703, 3.70408524759e-05, 0.000511907681357, -0.000293418386718, -0.000342340325005, 0.000937479664572, -0.00129684084095, -0.00200070580468, 0.00254193367437, -0.00119640340563, 0.00227594398893, -0.00515546416864, 0.011447337456]], "mean": [-698.619689941, 106.738471985, 7.20909500122, 16.2475795746, 10.2212305069, -4.29482364655, 6.7387304306, 2.94465088844, -2.7393579483, 1.15143799782, -3.69252467155, -1.42643547058, -1.99215066433]}, "pitch_salience": {"dmean": 0.0749861449003, "dmean2": 0.120686307549, "dvar": 0.00562161905691, "dvar2": 0.0143769187853, "max": 0.996038198471, "mean": 0.54687923193, "median": 0.55185931921, "min": 0.137370944023, "var": 0.0131694758311}, "silence_rate_20dB": {"dmean": 0, "dmean2": 0, "dvar": 0, "dvar2": 0, "max": 1, "mean": 1, "median": 1, "min": 1, "var": 0}, "silence_rate_30dB": {"dmean": 0.0135244792327, "dmean2": 0.0270526167005, "dvar": 0.0133417248726, "dvar2": 0.0363306440413, "max": 1, "mean": 0.990939795971, "median": 1, "min": 0, "var": 0.00897882319987}, "silence_rate_60dB": {"dmean": 0.074384637177, "dmean2": 0.148789390922, "dvar": 0.0688468888402, "dvar2": 0.142885237932, "max": 1, "mean": 0.220960110426, "median": 0, "min": 0, "var": 0.172144070268}, "spectral_centroid": {"dmean": 315.378723145, "dmean2": 479.256347656, "dvar": 150311.8125, "dvar2": 333407.59375, "max": 11731.7119141, "mean": 1619.3145752, "median": 1500.85449219, "min": 160.879745483, "var": 1400042.875}, "spectral_complexity": {"dmean": 2.85096025467, "dmean2": 4.06492614746, "dvar": 11.9246063232, "dvar2": 22.3097896576, "max": 50, "mean": 12.8001356125, "median": 11, "min": 0, "var": 84.0506439209}, "spectral_contrast_coeffs": {"dmean": [0.0512270666659, 0.0454478263855, 0.0441851615906, 0.0362602695823, 0.0277370363474, 0.0184589549899], "dmean2": [0.0803302526474, 0.0740254297853, 0.0679451823235, 0.0552769564092, 0.0415308587253, 0.028801811859], "dvar": [0.00285299541429, 0.00154310441576, 0.00149564724416, 0.00100014114287, 0.000666749838274, 0.000307332200464], "dvar2": [0.0063354591839, 0.00384750077501, 0.00334901339374, 0.0021894343663, 0.00133265659679, 0.000690007640515], "max": [-0.237276300788, -0.410090237856, -0.399480462074, -0.474009990692, -0.554665803909, -0.627569377422], "mean": [-0.660595536232, -0.748278558254, -0.742608904839, -0.754186987877, -0.768093585968, -0.81566876173], "median": [-0.678330361843, -0.753038346767, -0.750170528889, -0.763080656528, -0.770995140076, -0.816989600658], "min": [-0.97950142622, -0.986003875732, -0.995763659477, -0.985778272152, -0.988975048065, -0.964551389217], "var": [0.0100680915639, 0.0054524554871, 0.00732522737235, 0.00646525295451, 0.00410890718922, 0.00159504171461]}, "spectral_contrast_valleys": {"dmean": [0.470562398434, 0.440949529409, 0.442454069853, 0.406122416258, 0.361799150705, 0.472270578146], "dmean2": [0.726012945175, 0.672473788261, 0.646357357502, 0.575412631035, 0.485758572817, 0.581637561321], "dvar": [0.245008990169, 0.1966047436, 0.193896278739, 0.178317502141, 0.174503743649, 0.322137981653], "dvar2": [0.486211210489, 0.39856877923, 0.376194745302, 0.332034558058, 0.308537185192, 0.525530874729], "max": [-5.14892482758, -4.77034187317, -5.47698402405, -5.76143455505, -5.73387813568, -7.00406694412], "mean": [-8.09909343719, -7.56355667114, -8.24951457977, -8.76961135864, -8.46801280975, -10.4057865143], "median": [-7.67303752899, -7.21581411362, -7.89121389389, -8.40634918213, -8.11538505554, -10.0461320877], "min": [-28.4416866302, -28.0662708282, -27.8714904785, -27.6314659119, -27.5911750793, -27.4530410767], "var": [5.41596078873, 5.2296538353, 5.11997795105, 5.02770328522, 5.03533554077, 4.77976417542]}, "spectral_decrease": {"dmean": 2.75904454838e-09, "dmean2": 4.39224745463e-09, "dvar": 3.83365722264e-17, "dvar2": 9.88550381347e-17, "max": 1.35392413426e-12, "mean": -4.26635082817e-09, "median": -2.08558170733e-09, "min": -6.56341541116e-08, "var": 4.19974221546e-17}, "spectral_energy": {"dmean": 0.0109742032364, "dmean2": 0.0172711182386, "dvar": 0.000573724624701, "dvar2": 0.00147064973135, "max": 0.252118438482, "mean": 0.0178301203996, "median": 0.00910260155797, "min": 9.96539380625e-21, "var": 0.000666283245664}, "spectral_energyband_high": {"dmean": 0.000513041333761, "dmean2": 0.000724948477, "dvar": 1.27278644868e-06, "dvar2": 2.49822983278e-06, "max": 0.0568131655455, "mean": 0.00087833305588, "median": 0.000292071374133, "min": 7.07756653954e-21, "var": 3.76094635612e-06}, "spectral_energyband_low": {"dmean": 0.00534188188612, "dmean2": 0.00897078122944, "dvar": 0.000271455617622, "dvar2": 0.000712801062036, "max": 0.231584087014, "mean": 0.00585030158982, "median": 0.00163687742315, "min": 1.40256550163e-23, "var": 0.000230564372032}, "spectral_energyband_middle_high": {"dmean": 0.00175322720315, "dmean2": 0.00243395008147, "dvar": 1.2763788618e-05, "dvar2": 2.6696414352e-05, "max": 0.105719052255, "mean": 0.00515883089975, "median": 0.00146306282841, "min": 1.06142469207e-21, "var": 6.94852351444e-05}, "spectral_energyband_middle_low": {"dmean": 0.005296099931, "dmean2": 0.00866031646729, "dvar": 0.000261379231233, "dvar2": 0.000697300769389, "max": 0.175328791142, "mean": 0.00658472673967, "median": 0.0028442335315, "min": 1.45428842906e-22, "var": 0.000212204933632}, "spectral_entropy": {"dmean": 0.234045192599, "dmean2": 0.320827394724, "dvar": 0.0690954849124, "dvar2": 0.130180180073, "max": 9.82088470459, "mean": 7.59155893326, "median": 7.61363220215, "min": 5.43296384811, "var": 0.358077704906}, "spectral_flux": {"dmean": 0.0308125801384, "dmean2": 0.046511311084, "dvar": 0.00224414491095, "dvar2": 0.0049429028295, "max": 0.414517968893, "mean": 0.0720931515098, "median": 0.053158313036, "min": 6.24173629449e-11, "var": 0.0042689004913}, "spectral_kurtosis": {"dmean": 1.71316838264, "dmean2": 2.54280114174, "dvar": 5.23870706558, "dvar2": 11.0315074921, "max": 53.4258918762, "mean": 4.60980415344, "median": 3.86023759842, "min": -1.45628237724, "var": 16.5809364319}, "spectral_rms": {"dmean": 0.000983698642813, "dmean2": 0.00141916039865, "dvar": 2.53490748037e-06, "dvar2": 5.98940050622e-06, "max": 0.0156834051013, "mean": 0.00343741592951, "median": 0.00298003153875, "min": 3.11806591831e-12, "var": 5.57950352231e-06}, "spectral_rolloff": {"dmean": 1077.65393066, "dmean2": 1776.6541748, "dvar": 4310692.5, "dvar2": 8935034, "max": 19422.9492188, "mean": 2643.01220703, "median": 1658.05664062, "min": 21.533203125, "var": 10638575}, "spectral_skewness": {"dmean": 0.254505366087, "dmean2": 0.369092673063, "dvar": 0.0842995718122, "dvar2": 0.166974529624, "max": 5.93613290787, "mean": 1.621078372, "median": 1.5839548111, "min": -0.140493035316, "var": 0.345154553652}, "spectral_spread": {"dmean": 1117064.25, "dmean2": 1488013.125, "dvar": 2325651914750.0, "dvar2": 3988141637630.0, "max": 42612384, "mean": 6372460, "median": 5301774, "min": 1231553.2