{"lowlevel": {"average_loudness": 0.891816437244, "barkbands": {"dmean": [9.65378148976e-06, 0.00294311158359, 0.00421048793942, 0.00257051922381, 0.00226065050811, 0.00091372942552, 0.00093032757286, 0.000343798630638, 0.00061672879383, 0.000473005493404, 0.000392011948861, 0.000472065148642, 0.000457053538412, 0.000392783549614, 0.000180410497705, 0.000198160472792, 9.97866300168e-05, 0.000127151113702, 8.19822744234e-05, 0.000117871801194, 0.000144912468386, 0.00013072542788, 0.000113007095933, 9.16046410566e-05, 6.28484340268e-05, 5.98083315708e-05, 8.79429808265e-06], "dmean2": [1.73520893441e-05, 0.00475235609338, 0.00725392997265, 0.00441544270143, 0.00396794499829, 0.00141056149732, 0.00142482935917, 0.000523008580785, 0.000914728618227, 0.000716532871593, 0.000568777672015, 0.00072208372876, 0.000681000004988, 0.000567386276089, 0.000275317754131, 0.000307337759295, 0.000150688647409, 0.000191906015971, 0.000121605131426, 0.00017463126278, 0.000211114849662, 0.000192892970517, 0.000162884447491, 0.000131982305902, 8.97470235941e-05, 8.33503581816e-05, 1.35474338094e-05], "dvar": [3.46064343848e-10, 4.86123062728e-05, 0.000109570741188, 3.42155108228e-05, 3.42618404829e-05, 2.35020297623e-06, 5.08061748405e-06, 9.02402746306e-07, 2.48796891356e-06, 1.45469743984e-06, 1.44052103224e-06, 1.6147171209e-06, 1.58944123996e-06, 1.51641677348e-06, 1.90060049476e-07, 2.34906423202e-07, 3.89088548047e-08, 8.37987101932e-08, 2.3024986362e-08, 5.25994927614e-08, 1.03543044361e-07, 9.67052571355e-08, 1.29615770561e-07, 1.59981709658e-07, 2.25270913035e-08, 4.38739533593e-08, 7.3379002874e-10], "dvar2": [1.00007424564e-09, 0.000119268494018, 0.00029470413574, 9.19382000575e-05, 9.55316645559e-05, 5.36940660822e-06, 1.19780752357e-05, 1.93710980056e-06, 6.0491597651e-06, 3.28667874783e-06, 2.95137419926e-06, 4.1120692913e-06, 3.32773106493e-06, 2.76612604466e-06, 4.15289036937e-07, 5.23997528035e-07, 8.87581634856e-08, 1.96643497929e-07, 4.94637539816e-08, 1.11386178503e-07, 2.13983639696e-07, 2.12277086575e-07, 2.70164605354e-07, 3.51850729885e-07, 4.87446989439e-08, 9.02017021076e-08, 1.61868751736e-09], "max": [0.0006233160384, 0.0644501894712, 0.0933154225349, 0.0778314769268, 0.0527718290687, 0.0264996960759, 0.0475171394646, 0.0370090231299, 0.0404687002301, 0.0372224524617, 0.0374992266297, 0.0246361382306, 0.0391109287739, 0.0703864395618, 0.0104478215799, 0.018405193463, 0.00504142697901, 0.00584714720026, 0.00405446533114, 0.00521937990561, 0.0126449204981, 0.0095523679629, 0.0203618798405, 0.0187787413597, 0.00548304151744, 0.00498633598909, 0.0011374601163], "mean": [8.9209743237e-06, 0.00313135166653, 0.00424613524228, 0.00256202905439, 0.00228215754032, 0.00167818274349, 0.00173789111432, 0.000651627313346, 0.00133548362646, 0.000910438830033, 0.000785756274126, 0.000798080582172, 0.000789018871728, 0.000732075714041, 0.000304423621856, 0.000374103983631, 0.000186137520359, 0.000211708946154, 0.000152991167852, 0.000210393001908, 0.000230499965255, 0.000222864211537, 0.000172664716956, 0.000140560281579, 8.82798776729e-05, 7.75078224251e-05, 1.0635380022e-05], "median": [4.33019476986e-06, 0.00101825571619, 0.00148147076834, 0.000708636594936, 0.000824623275548, 0.000822953996249, 0.00040412764065, 0.000150569700054, 0.000263593974523, 0.000161302028573, 9.57550801104e-05, 0.000192444713321, 0.000139108975418, 0.000139677184052, 8.93655451364e-05, 0.000132898858283, 6.29355345154e-05, 7.4569703429e-05, 6.50070433039e-05, 8.20499408292e-05, 8.12898870208e-05, 9.03820764506e-05, 6.68731227051e-05, 2.52068639384e-05, 2.7051250072e-05, 6.57375403534e-06, 2.90846912776e-07], "min": [4.46025702901e-24, 3.43237671265e-23, 2.1896240569e-24, 6.12010862741e-25, 3.34869213901e-23, 6.67940582245e-23, 1.40281020628e-23, 2.33703703486e-23, 1.00107351329e-22, 3.99950806562e-23, 4.93605509189e-23, 2.9726755932e-23, 3.78322954222e-23, 8.02105059404e-23, 9.63427493175e-23, 8.1996089444e-23, 1.52179056252e-22, 2.49838812006e-22, 2.12652514779e-22, 2.63768278057e-22, 4.03592926874e-22, 5.6513177359e-22, 6.6433841616e-22, 6.71892901598e-22, 1.05294225377e-21, 1.53984992367e-21, 2.3322603748e-21], "var": [2.58912224993e-10, 4.49253166153e-05, 8.1988007878e-05, 2.72110355581e-05, 2.48105243372e-05, 6.11147424934e-06, 1.32532613861e-05, 3.19640867019e-06, 8.79625076777e-06, 4.69951055493e-06, 5.33298361916e-06, 3.29735962623e-06, 4.18370382249e-06, 4.72950978292e-06, 4.62815989977e-07, 5.94624054884e-07, 1.20824552141e-07, 1.60779563885e-07, 5.79669254819e-08, 1.13737144147e-07, 2.01132962729e-07, 2.13528224435e-07, 2.35019172123e-07, 3.11166161282e-07, 3.89043819382e-08, 6.47483346938e-08, 1.24917176603e-09]}, "barkbands_crest": {"dmean": 2.66779017448, "dmean2": 4.31974983215, "dvar": 6.38607597351, "dvar2": 15.9963741302, "max": 26.4623203278, "mean": 9.83791255951, "median": 8.97748565674, "min": 2.80298256874, "var": 17.9439945221}, "barkbands_flatness_db": {"dmean": 0.0257001686841, "dmean2": 0.0390717610717, "dvar": 0.000693735142704, "dvar2": 0.00162137032021, "max": 0.483708441257, "mean": 0.131950855255, "median": 0.122176036239, "min": 0.0267719887197, "var": 0.00311657367274}, "barkbands_kurtosis": {"dmean": 4.84911870956, "dmean2": 7.69511365891, "dvar": 337.751037598, "dvar2": 731.498901367, "max": 1032.38574219, "mean": 6.19353818893, "median": 1.8123562336, "min": -1.94182193279, "var": 465.504882812}, "barkbands_skewness": {"dmean": 0.721273899078, "dmean2": 1.08879184723, "dvar": 0.880995512009, "dvar2": 1.93311369419, "max": 25.9127788544, "mean": 1.66988122463, "median": 1.40425431728, "min": -5.71547317505, "var": 2.4675860405}, "barkbands_spread": {"dmean": 7.07452440262, "dmean2": 10.8934316635, "dvar": 76.7710952759, "dvar2": 174.327255249, "max": 114.037284851, "mean": 23.2706680298, "median": 20.6482467651, "min": 0.317574322224, "var": 206.055480957}, "dissonance": {"dmean": 0.0203426331282, "dmean2": 0.0337066613138, "dvar": 0.000437421811512, "dvar2": 0.0011413655011, "max": 0.500000178814, "mean": 0.455502003431, "median": 0.463576078415, "min": 0.238593056798, "var": 0.00107257114723}, "dynamic_complexity": 4.60823631287, "erbbands": {"dmean": [0.0262861605734, 0.868082284927, 4.36113548279, 6.83631658554, 10.5175762177, 5.01638889313, 5.26505422592, 8.93335342407, 14.8088989258, 8.15954303741, 7.52744245529, 13.8823060989, 15.1187791824, 13.1764097214, 15.9504232407, 17.1772041321, 20.8360652924, 18.9193096161, 13.0500230789, 9.42144393921, 7.55453777313, 5.79771518707, 6.68822431564, 5.01302909851, 4.19263505936, 5.55736780167, 5.22793579102, 5.84483385086, 5.00329875946, 3.82691574097, 3.13499283791, 2.08128619194, 1.22958910465, 0.451989620924, 0.643955528736, 0.262375295162, 0.116401851177, 0.0206846576184, 0.00147896620911, 3.54474104824e-05], "dmean2": [0.0388766303658, 1.3956464529, 7.40970134735, 11.882689476, 18.6093902588, 8.5567483902, 8.36179637909, 13.7080583572, 22.8094558716, 12.2687606812, 11.2177610397, 20.835855484, 22.2264232635, 19.4850692749, 22.9561805725, 25.8861083984, 30.7828521729, 26.7819709778, 19.2093448639, 14.1302289963, 11.4754514694, 8.68794727325, 9.99890613556, 7.39566707611, 6.08695888519, 8.23326683044, 7.52286911011, 8.60263633728, 7.44903469086, 5.54984140396, 4.52894115448, 3.0291082859, 1.73047292233, 0.626421630383, 0.946758687496, 0.372502028942, 0.165041208267, 0.0286444909871, 0.00233449717052, 5.09216406499e-05], "dvar": [0.0031425289344, 4.16135644913, 112.222595215, 265.345245361, 798.985656738, 129.421112061, 89.3417663574, 265.091186523, 1199.13171387, 616.431518555, 398.957244873, 1553.14660645, 1100.12011719, 2353.72167969, 2280.48388672, 2090.2331543, 3388.5222168, 3641.12182617, 1051.07409668, 504.803131104, 244.731750488, 128.967330933, 266.51348877, 73.8854675293, 67.5992965698, 127.495376587, 148.030807495, 168.327896118, 152.220123291, 100.21672821, 110.386169434, 90.0387268066, 27.1264629364, 3.2083632946, 1.63767468929, 0.735269188881, 0.169862523675, 0.00415384443477, 2.30451842071e-05, 6.7778720414e-09], "dvar2": [0.00657002069056, 10.1711463928, 292.554016113, 726.203430176, 2219.76196289, 353.66305542, 222.696762085, 590.654052734, 2881.72729492, 1303.31066895, 920.092102051, 3755.80151367, 2318.6418457, 6053.03613281, 4700.48095703, 5113.13769531, 7277.04248047, 6295.81445312, 2204.09179688, 1064.1418457, 562.135375977, 292.973022461, 615.145202637, 161.237380981, 133.141082764, 271.975036621, 316.871704102, 339.311340332, 339.874237061, 197.544509888, 230.184173584, 206.241729736, 56.6058082581, 6.74628686905, 3.62586140633, 1.48534584045, 0.357930928469, 0.00834720674902, 5.41381596122e-05, 1.44324872053e-08], "max": [0.628417491913, 19.3844509125, 98.2346343994, 195.794616699, 241.251327515, 144.932800293, 202.138641357, 310.159576416, 831.742553711, 875.849243164, 583.260192871, 1153.78552246, 945.417541504, 1862.84741211, 1503.88525391, 1078.32763672, 2147.70385742, 4014.75708008, 893.641174316, 909.655944824, 501.694824219, 281.468231201, 385.755432129, 165.860153198, 239.726013184, 260.265014648, 378.410369873, 659.872253418, 371.679931641, 369.841278076, 569.842529297, 438.650482178, 238.285140991, 76.1444549561, 27.3213882446, 19.1965866089, 10.2107086182, 1.89612233639, 0.19993917644, 0.00253028748557], "mean": [0.0314067825675, 0.944014549255, 4.65227937698, 7.09052705765, 9.25514030457, 5.75779294968, 8.76476764679, 16.4602127075, 27.2986755371, 15.8678913116, 15.9724225998, 29.3816928864, 31.9152069092, 27.6437416077, 32.7173995972, 32.4452705383, 39.0679512024, 36.8040657043, 25.561170578, 18.7415714264, 15.2822170258, 11.3063421249, 11.4260473251, 9.5869884491, 8.0691947937, 10.0072937012, 8.82943058014, 9.17455291748, 8.3624162674, 6.25443267822, 4.77624034882, 3.18457198143, 1.90771090984, 0.715183079243, 0.824458181858, 0.343669563532, 0.147444948554, 0.0280122254044, 0.00165643449873, 5.90799609199e-05], "median": [0.00901815854013, 0.324655175209, 1.60481882095, 2.48364853859, 2.44521760941, 2.29983639717, 4.23962306976, 7.58542060852, 8.14544296265, 4.39730930328, 4.27334976196, 5.90848970413, 9.11685657501, 4.97672462463, 5.65730285645, 8.39572048187, 9.20145320892, 8.22150421143, 7.90987205505, 6.8963766098, 6.40413713455, 4.08942127228, 3.89904356003, 4.35795593262, 3.32032155991, 3.8413438797, 2.7610912323, 3.51923370361, 3.30928993225, 2.50368237495, 1.82396388054, 0.756356835365, 0.29555863142, 0.203337147832, 0.243299335241, 0.0452258959413, 0.0117462705821, 0.0014842285309, 6.42899685772e-05, 2.56958319369e-05], "min": [9.29611664119e-22, 6.5758467629e-21, 5.0062440856e-21, 2.9026325072e-21, 2.61326227227e-20, 1.29491402582e-19, 2.23183074488e-19, 5.50646172163e-19, 1.86473819954e-19, 3.82407354942e-19, 6.8823448387e-19, 2.0344155614e-18, 1.60841309984e-18, 1.8976803314e-18, 1.65152627035e-18, 1.47880692595e-18, 1.57962214804e-18, 3.06355831757e-18, 4.68454177098e-18, 5.12721409323e-18, 4.67787924474e-18, 9.21193246046e-18, 1.05944689014e-17, 9.96553370317e-18, 1.29393207972e-17, 1.16046574342e-17, 1.53934755119e-17, 1.69157922415e-17, 1.89325396386e-17, 1.99408827315e-17, 1.99075407354e-17, 1.54379579766e-17, 1.07415209348e-17, 1.23787620028e-17, 7.24780367648e-18, 5.91024973085e-18, 2.26680347589e-18, 1.1299518778e-18, 2.77765595334e-19, 3.36712657134e-20], "var": [0.00395593093708, 3.8877620697, 90.5169448853, 199.832473755, 554.886413574, 109.554779053, 173.124160767, 711.397827148, 2657.91845703, 2235.76782227, 1532.44958496, 4739.61523438, 4126.54199219, 5855.95703125, 8329.02636719, 5314.07177734, 9233.39648438, 12299.0214844, 2752.23242188, 1327.06188965, 687.246704102, 410.178924561, 526.977661133, 190.404281616, 173.509918213, 272.723907471, 286.6902771, 346.007446289, 323.541015625, 202.652267456, 196.669921875, 162.638549805, 56.9882240295, 6.02271938324, 2.47011160851, 1.11732184887, 0.240723297, 0.00708348816261, 3.13747586915e-05, 1.09836859608e-08]}, "erbbands_crest": {"dmean": 2.81786370277, "dmean2": 4.44330263138, "dvar": 7.37673377991, "dvar2": 17.349943161, "max": 31.4823131561, "mean": 9.93177986145, "median": 8.77685260773, "min": 2.33414340019, "var": 23.8612670898}, "erbbands_flatness_db": {"dmean": 0.0197756681591, "dmean2": 0.0273576881737, "dvar": 0.000418074108893, "dvar2": 0.000788514502347, "max": 0.350262343884, "mean": 0.147422805429, "median": 0.141935884953, "min": 0.0359778925776, "var": 0.00212992471643}, "erbbands_kurtosis": {"dmean": 1.14076590538, "dmean2": 1.7247890234, "dvar": 5.11867952347, "dvar2": 11.069943428, "max": 75.2514419556, "mean": 0.903409481049, "median": 0.0942795276642, "min": -1.90188062191, "var": 10.9171390533}, "erbbands_skewness": {"dmean": 0.408909320831, "dmean2": 0.604009389877, "dvar": 0.213216230273, "dvar2": 0.435666769743, "max": 6.73106908798, "mean": 0.425558328629, "median": 0.394229352474, "min": -7.26279258728, "var": 0.805333554745}, "erbbands_spread": {"dmean": 11.1117591858, "dmean2": 16.288848877, "dvar": 161.545455933, "dvar2": 342.158569336, "max": 158.068908691, "mean": 42.4133453369, "median": 37.9305229187, "min": 4.34408712387, "var": 512.521728516}, "gfcc": {"cov": [[13212.3574219, 66.347038269, -468.091796875, -87.7974090576, -220.316741943, 72.0250473022, 83.0694503784, 143.575027466, -231.034164429, -116.719917297, -216.550323486, -151.064834595, -301.679870605], [66.347038269, 1151.87084961, -162.847259521, -90.4521942139, 49.8767700195, 22.3851165771, 55.8795013428, -26.8584918976, 19.6549358368, -95.2815933228, 112.420516968, -65.5855102539, 39.6049690247], [-468.091796875, -162.847259521, 980.589904785, 402.923034668, 281.023895264, 70.1900253296, 52.5741958618, 1.62768399715, -78.3763504028, 26.7865905762, -126.197395325, 2.57324576378, -66.496925354], [-87.7974090576, -90.4521942139, 402.923034668, 490.930969238, 176.335800171, 54.4803390503, 3.0855743885, 23.7568206787, 16.8492984772, -6.65370035172, -50.2304801941, -31.9561500549, -6.74992179871], [-220.316741943, 49.8767700195, 281.023895264, 176.335800171, 385.655334473, 75.5715560913, 73.9660110474, 36.4016647339, 6.79492092133, 23.3258533478, -83.556427002, -15.4330425262, -41.4554176331], [72.0250473022, 22.3851165771, 70.1900253296, 54.4803390503, 75.5715560913, 242.488769531, 108.559181213, 42.8884468079, 5.85947370529, 0.286435604095, -14.5577497482, -39.4621658325, -17.8880977631], [83.0694503784, 55.8795013428, 52.5741958618, 3.0855743885, 73.9660110474, 108.559181213, 199.013824463, 51.1623458862, -19.0261249542, 10.7700443268, 0.743495106697, -20.962890625, -37.8350601196], [143.575027466, -26.8584918976, 1.62768399715, 23.7568206787, 36.4016647339, 42.8884468079, 51.1623458862, 118.276115417, 42.3618049622, 4.70961523056, -11.2235050201, 1.99982535839, -4.57781124115], [-231.034164429, 19.6549358368, -78.3763504028, 16.8492984772, 6.79492092133, 5.85947370529, -19.0261249542, 42.3618049622, 134.207199097, 19.3815383911, 12.7856521606, 4.6253619194, 29.1743125916], [-116.719917297, -95.2815933228, 26.7865905762, -6.65370035172, 23.3258533478, 0.286435604095, 10.7700443268, 4.70961523056, 19.3815383911, 112.241142273, 27.3712558746, 24.2012481689, -9.55710792542], [-216.550323486, 112.420516968, -126.197395325, -50.2304801941, -83.556427002, -14.5577497482, 0.743495106697, -11.2235050201, 12.7856521606, 27.3712558746, 174.203598022, 31.0935325623, 26.9571990967], [-151.064834595, -65.5855102539, 2.57324576378, -31.9561500549, -15.4330425262, -39.4621658325, -20.962890625, 1.99982535839, 4.6253619194, 24.2012481689, 31.0935325623, 106.190109253, 30.8141975403], [-301.679870605, 39.6049690247, -66.496925354, -6.74992179871, -41.4554176331, -17.8880977631, -37.8350601196, -4.57781124115, 29.1743125916, -9.55710792542, 26.9571990967, 30.8141975403, 101.430343628]], "icov": [[9.70916371443e-05, -5.05933094246e-05, 0.000114918584586, -0.000101572913991, 0.000113869631605, -3.89119704778e-05, 5.77752834943e-05, -0.000210665341001, 0.000245498551521, -4.56116358691e-05, 0.000195052751224, -5.9314432292e-05, 0.000320100894896], [-5.05933094246e-05, 0.00132135790773, -0.000101747806184, 0.000508144439664, -0.000792887294665, 0.00020417777705, -0.000460246781586, 0.00058962230105, -0.000563637237065, 0.00144817947876, -0.00142642424908, 0.00109923258424, -0.000788700242992], [0.000114918584586, -0.000101747806184, 0.00225750450045, -0.00168587057851, -0.000398722069804, -0.000229832628975, -6.1603350332e-05, 2.05775686482e-05, 0.00156419153791, -0.000738298112992, 0.00119782751426, -0.00117012078408, 0.00104145344812], [-0.000101572913991, 0.000508144439664, -0.00168587057851, 0.00397173501551, -0.00119416019879, -0.000129794920213, 0.000587772927247, -0.000150038962602, -0.00135294545908, 0.00120422895998, -0.00134115270339, 0.001871235203, -0.00134935136884], [0.000113869631605, -0.000792887294665, -0.000398722069804, -0.00119416019879, 0.00462478352711, -0.000480800168589, -0.000810476602055, -0.000540309527423, -0.000188824065845, -0.0015981006436, 0.00240941275842, -0.00106527947355, 0.00137310335413], [-3.89119704778e-05, 0.00020417777705, -0.000229832628975, -0.000129794920213, -0.000480800168589, 0.00604357523844, -0.0030015243683, -0.000526229268871, -0.000579777464736, 0.000249831413385, -0.000332481635269, 0.00197176239453, -0.000949158275034], [5.77752834943e-05, -0.000460246781586, -6.1603350332e-05, 0.000587772927247, -0.000810476602055, -0.0030015243683, 0.00864655803889, -0.00350097892806, 0.00233730487525, -0.000898678437807, -0.000788087258115, 0.000292367913062, 0.00192065024748], [-0.000210665341001, 0.00058962230105, 2.05775686482e-05, -0.000150038962602, -0.000540309527423, -0.000526229268871, -0.00350097892806, 0.0125220967457, -0.00497406069189, 0.00127248244826, 0.000252572324825, -0.00132303719874, -2.23018305405e-05], [0.000245498551521, -0.000563637237065, 0.00156419153791, -0.00135294545908, -0.000188824065845, -0.000579777464736, 0.00233730487525, -0.00497406069189, 0.0116783687845, -0.00305066234432, 0.000757441739552, 0.00029240490403, -0.00158299086615], [-4.56116358691e-05, 0.00144817947876, -0.000738298112992, 0.00120422895998, -0.0015981006436, 0.000249831413385, -0.000898678437807, 0.00127248244826, -0.00305066234432, 0.0124759832397, -0.00357462582178, -0.00119334098417, 0.00137365621049], [0.000195052751224, -0.00142642424908, 0.00119782751426, -0.00134115270339, 0.00240941275842, -0.000332481635269, -0.000788087258115, 0.000252572324825, 0.000757441739552, -0.00357462582178, 0.00953696575016, -0.00307389930822, 0.00032120294054], [-5.9314432292e-05, 0.00109923258424, -0.00117012078408, 0.001871235203, -0.00106527947355, 0.00197176239453, 0.000292367913062, -0.00132303719874, 0.00029240490403, -0.00119334098417, -0.00307389930822, 0.0138359414414, -0.00486943498254], [0.000320100894896, -0.000788700242992, 0.00104145344812, -0.00134935136884, 0.00137310335413, -0.000949158275034, 0.00192065024748, -2.23018305405e-05, -0.00158299086615, 0.00137365621049, 0.00032120294054, -0.00486943498254, 0.0147999050096]], "mean": [-24.0315361023, 73.9249191284, -108.746810913, 30.0414810181, -60.9866294861, 17.4867172241, -37.9857254028, 0.419939994812, -26.0680618286, 7.06751537323, -21.9443683624, 2.89781904221, -16.3906440735]}, "hfc": {"dmean": 7.3741850853, "dmean2": 9.34979248047, "dvar": 142.143341064, "dvar2": 248.364151001, "max": 351.658294678, "mean": 19.7915668488, "median": 12.398519516, "min": 1.14010939103e-16, "var": 516.228942871}, "melbands": {"dmean": [0.000520441622939, 0.00185666745529, 0.00131957663689, 0.000564956106246, 0.000178761736606, 0.000200391295948, 0.000208911806112, 8.214283298e-05, 6.57517666696e-05, 9.38885495998e-05, 7.81082344474e-05, 5.65197369724e-05, 5.27663723915e-05, 3.73441216652e-05, 6.15431490587e-05, 4.4245764002e-05, 3.72771537513e-05, 2.52704685408e-05, 1.37322786031e-05, 1.71236515598e-05, 7.32399166736e-06, 6.75092269375e-06, 6.05558579991e-06, 6.15643421042e-06, 4.27060285801e-06, 2.80698031929e-06, 4.05213813792e-06, 4.01621173296e-06, 3.07529558086e-06, 3.94161133954e-06, 3.56622899744e-06, 2.98031477541e-06, 2.59494481725e-06, 2.22424569074e-06, 2.1407136046e-06, 1.23514962524e-06, 1.5075063402e-06, 1.16461239941e-06, 4.52319568467e-07, 3.47616776253e-07], "dmean2": [0.000820176501293, 0.00307476799935, 0.00227023102343, 0.000988959800452, 0.000286859780317, 0.000307814363623, 0.000320728722727, 0.000124790618429, 9.77600720944e-05, 0.000140868287417, 0.000114819202281, 8.36767285364e-05, 7.58972673793e-05, 5.51531229576e-05, 9.29776069825e-05, 6.53497045278e-05, 5.28585296706e-05, 3.74866503989e-05, 2.0979279725e-05, 2.67197283392e-05, 1.13274400064e-05, 1.03273541754e-05, 9.24603591557e-06, 9.26306984184e-06, 6.42294889985e-06, 4.15438398704e-06, 6.07077708992e-06, 6.11980522081e-06, 4.56266161564e-06, 5.80832238484e-06, 5.43294436284e-06, 4.50166135124e-06, 3.9497376747e-06, 3.27666543853e-06, 3.18736056215e-06, 1.80039921815e-06, 2.22248763748e-06, 1.66366180565e-06, 6.52630035347e-07, 5.00075714172e-07], "dvar": [1.42280123328e-06, 1.91234885278e-05, 8.67929520609e-06, 2.24376458391e-06, 9.87759918303e-08, 1.16529598415e-07, 2.39959888404e-07, 6.49236326922e-08, 3.48360416069e-08, 7.25371052113e-08, 2.93005051333e-08, 3.92416055206e-08, 2.70590341245e-08, 1.07555662154e-08, 3.01854292672e-08, 1.76304624233e-08, 1.51133612292e-08, 4.68029837108e-09, 1.05172315301e-09, 2.24662755066e-09, 2.286048989e-10, 1.97016722381e-10, 3.64390434493e-10, 1.90106153042e-10, 5.56104259863e-11, 3.46825484998e-11, 7.30950716621e-11, 7.32761212818e-11, 5.25605635404e-11, 9.66073609998e-11, 6.63455679284e-11, 5.71722391651e-11, 4.31756401464e-11, 3.85110311696e-11, 4.12834558206e-11, 3.61781403446e-11, 4.64472973971e-11, 2.68287891902e-11, 4.21397118588e-12, 2.09354452177e-12], "dvar2": [3.30873717758e-06, 4.79802110931e-05, 2.33197752095e-05, 6.21529034106e-06, 2.52497244446e-07, 2.63854417426e-07, 5.74457885705e-07, 1.38066482691e-07, 8.20116099476e-08, 1.77920796318e-07, 6.13665349647e-08, 9.96173312728e-08, 5.53103554068e-08, 2.49034055599e-08, 7.26937443574e-08, 3.80400742017e-08, 2.68787054836e-08, 9.99448523942e-09, 2.33537367222e-09, 5.02800290292e-09, 5.52482171123e-10, 4.66261307341e-10, 8.76476391465e-10, 4.21591345168e-10, 1.25727470102e-10, 7.51196188586e-11, 1.54563251087e-10, 1.62774821399e-10, 1.14555254171e-10, 2.09450651267e-10, 1.41091638373e-10, 1.30172470025e-10, 1.00285439675e-10, 7.60060903104e-11, 8.98398647142e-11, 8.71206856656e-11, 1.0620748031e-10, 5.88849524696e-11, 8.35547603328e-12, 4.59629079588e-12], "max": [0.0110230231658, 0.0406747236848, 0.0350162871182, 0.0134270954877, 0.0058053820394, 0.00610281061381, 0.0111135309562, 0.00901851337403, 0.00502041028813, 0.00766725419089, 0.00457873754203, 0.00755076669157, 0.00568072032183, 0.00338593916968, 0.00601980648935, 0.0041824048385, 0.00723867770284, 0.00188594660722, 0.000793427636381, 0.0017913406482, 0.000517468317412, 0.000412717461586, 0.000641717226245, 0.000355601747287, 0.000153292348841, 0.000186794568435, 0.000196412715013, 0.000193535568542, 0.000190540100448, 0.000242646696279, 0.000433748762589, 0.00024626366212, 0.000191766404896, 0.000231911355513, 0.000326967216097, 0.000357909681043, 0.000256225263001, 0.000203223244171, 9.57702868618e-05, 5.76767524763e-05], "mean": [0.000577805156354, 0.00207691965625, 0.00133930426091, 0.000539666449185, 0.000290873605991, 0.000374715105863, 0.000388787360862, 0.000153215572936, 0.000134181158501, 0.000199174377485, 0.000160268362379, 0.000111689587357, 0.000106436964415, 7.27200240362e-05, 0.000104668928543, 7.94635489001e-05, 6.87825377099e-05, 4.57333117083e-05, 2.34746221395e-05, 3.13521086355e-05, 1.35873606268e-05, 1.24028847495e-05, 9.2704394774e-06, 1.02599933598e-05, 7.59311888032e-06, 5.02266630065e-06, 6.82650215822e-06, 6.70305644235e-06, 5.10314885105e-06, 5.83661949349e-06, 5.21447736901e-06, 4.74508351545e-06, 4.15464182879e-06, 3.35042523147e-06, 3.04284276353e-06, 1.84940165582e-06, 2.19271123569e-06, 1.72071565885e-06, 6.85121221977e-07, 5.19034813351e-07], "median": [0.000183074414963, 0.000810710713267, 0.000484375632368, 0.000174957007403, 0.000143021781696, 0.000185065087862, 0.000114695314551, 3.60576304956e-05, 2.96999060083e-05, 3.50389964296e-05, 4.16122493334e-05, 1.60911149578e-05, 1.52906541189e-05, 1.70888633875e-05, 2.08897708944e-05, 1.25767746795e-05, 1.2420211533e-05, 1.15424527394e-05, 6.83284997649e-06, 9.76540104602e-06, 5.57253906663e-06, 3.9827391447e-06, 3.06750462187e-06, 3.38670815836e-06, 3.19952710015e-06, 1.81512132258e-06, 2.6322670692e-06, 2.29301144827e-06, 1.6212625269e-06, 1.51709923557e-06, 2.10628127206e-06, 1.76493790605e-06, 1.63994059221e-06, 1.27047997012e-06, 1.1715957271e-06, 5.36321408617e-07, 3.62844417623e-07, 1.81336588412e-07, 1.41549406862e-07, 1.29016584083e-07], "min": [1.03378809568e-23, 5.07912945321e-24, 7.07388238398e-25, 5.43829664007e-24, 8.06296151176e-24, 1.22773223136e-23, 2.91139944188e-24, 4.52220075387e-24, 6.72368079853e-24, 1.19875815917e-23, 7.57499345503e-24, 6.5280440829e-24, 5.6820250775e-24, 5.05606592136e-24, 2.52798957333e-24, 4.35284257271e-24, 5.7894667495e-24, 7.60620394789e-24, 7.59165971938e-24, 4.12734944397e-24, 4.33892154432e-24, 8.65936086649e-24, 6.94876174745e-24, 1.14088322109e-23, 7.71452086106e-24, 7.59779311292e-24, 8.68032247846e-24, 7.25820742588e-24, 9.72351608383e-24, 9.55375085045e-24, 9.57390861316e-24, 1.00645083099e-23, 9.46625907631e-24, 1.0788568236e-23, 1.10803142423e-23, 8.84415784443e-24, 9.17965013222e-24, 7.3147766414e-24, 6.83388072269e-24, 1.11193841564e-23], "var": [1.46163677073e-06, 1.69114955497e-05, 6.76996978655e-06, 1.60843626418e-06, 1.69776598113e-07, 3.06834920138e-07, 5.55737472041e-07, 2.3368767188e-07, 1.30384293584e-07, 2.30621466812e-07, 1.10224327443e-07, 9.9104724427e-08, 9.6976243924e-08, 2.83200236595e-08, 6.91638888384e-08, 4.7760856603e-08, 5.08334778715e-08, 1.10499529526e-08, 2.61183430439e-09, 5.14114040229e-09, 5.78767755943e-10, 6.41370456744e-10, 4.79282613597e-10, 4.17740231295e-10, 1.31793492786e-10, 7.64217786275e-11, 1.44548470415e-10, 1.43826145438e-10, 9.68898780651e-11, 1.64817631765e-10, 1.25875199153e-10, 1.15014518742e-10, 7.90036161491e-11, 7.10902794965e-11, 6.66472571575e-11, 6.31812033247e-11, 7.96058982622e-11, 5.1580083954e-11, 8.85702795828e-12, 3.4122893313e-12]}, "melbands_crest": {"dmean": 3.67644190788, "dmean2": 5.88021755219, "dvar": 11.6440811157, "dvar2": 29.1057395935, "max": 39.5880699158, "mean": 14.8538227081, "median": 13.9653491974, "min": 2.00822210312, "var": 33.2769622803}, "melbands_flatness_db": {"dmean": 0.0315541923046, "dmean2": 0.0471692793071, "dvar": 0.00112579064444, "dvar2": 0.00250209937803, "max": 0.580637514591, "mean": 0.197194114327, "median": 0.18665060401, "min": 0.00730170775205, "var": 0.00479568075389}, "melbands_kurtosis": {"dmean": 13.6150445938, "dmean2": 21.6341190338, "dvar": 4713.66845703, "dvar2": 11407.3837891, "max": 4732.31494141, "mean": 20.1501560211, "median": 7.67199802399, "min": -1.91353583336, "var": 4842.16357422}, "melbands_skewness": {"dmean": 1.03524303436, "dmean2": 1.55331039429, "dvar": 2.09062695503, "dvar2": 4.5539855957, "max": 59.0028190613, "mean": 2.8818359375, "median": 2.38693857193, "min": -3.16954731941, "var": 5.70870923996}, "melbands_spread": {"dmean": 8.67302703857, "dmean2": 13.3005113602, "dvar": 208.244873047, "dvar2": 461.130523682, "max": 248.807876587, "mean": 24.5107078552, "median": 20.8824310303, "min": 0.14728474617, "var": 471.754089355}, "mfcc": {"cov": [[11609.8955078, 201.637649536, -450.898895264, -80.7480621338, -381.897766113, -99.0057830811, 8.90105438232, 149.842727661, -90.4787902832, 100.069381714, -4.4854054451, 10.4312648773, -224.266174316], [201.637649536, 1058.48657227, -132.615768433, -63.5933609009, -17.4872722626, 13.1034498215, 62.3847999573, 47.3283424377, -40.2082901001, -16.5060596466, 33.7620544434, -33.9932365417, 11.8144464493], [-450.898895264, -132.615768433, 609.983581543, 250.693023682, 151.679840088, 123.104217529, 90.179359436, 25.1380157471, 42.855670929, -12.3196439743, 0.22486500442, -15.5693149567, -35.0244026184], [-80.7480621338, -63.5933609009, 250.693023682, 416.36529541, 196.332000732, 88.5456008911, 36.4130859375, 21.2968387604, 59.2441444397, 11.6518859863, 1.09612488747, -12.1341714859, -9.60847091675], [-381.897766113, -17.4872722626, 151.679840088, 196.332000732, 288.905395508, 91.6826858521, 21.6891231537, 27.1907596588, 81.0827789307, 20.6105461121, -1.39352548122, 2.47295713425, -5.03843784332], [-99.0057830811, 13.1034498215, 123.104217529, 88.5456008911, 91.6826858521, 209.037536621, 96.7259368896, 46.7685585022, 57.12266922, 40.0206794739, 29.9619865417, -1.87932252884, -10.6308021545], [8.90105438232, 62.3847999573, 90.179359436, 36.4130859375, 21.6891231537, 96.7259368896, 223.961608887, 57.9849281311, 15.6707038879, 29.9994716644, 32.2691040039, 20.9824237823, -16.5566978455], [149.842727661, 47.3283424377, 25.1380157471, 21.2968387604, 27.1907596588, 46.7685585022, 57.9849281311, 146.795623779, 51.2027015686, 32.6838111877, 18.6678752899, 2.50416016579, -4.91096305847], [-90.4787902832, -40.2082901001, 42.855670929, 59.2441444397, 81.0827789307, 57.12266922, 15.6707038879, 51.2027015686, 155.866165161, 41.8586654663, -1.41556346416, 4.03751420975, 9.17189407349], [100.069381714, -16.5060596466, -12.3196439743, 11.6518859863, 20.6105461121, 40.0206794739, 29.9994716644, 32.6838111877, 41.8586654663, 128.756195068, 23.0571212769, 5.27678060532, -20.7894687653], [-4.4854054451, 33.7620544434, 0.22486500442, 1.09612488747, -1.39352548122, 29.9619865417, 32.2691040039, 18.6678752899, -1.41556346416, 23.0571212769, 106.42276001, 28.6806869507, 2.66616010666], [10.4312648773, -33.9932365417, -15.5693149567, -12.1341714859, 2.47295713425, -1.87932252884, 20.9824237823, 2.50416016579, 4.03751420975, 5.27678060532, 28.6806869507, 105.619026184, 35.4566688538], [-224.266174316, 11.8144464493, -35.0244026184, -9.60847091675, -5.03843784332, -10.6308021545, -16.5566978455, -4.91096305847, 9.17189407349, -20.7894687653, 2.66616010666, 35.4566688538, 125.909835815]], "icov": [[0.000101487530628, -1.58526254381e-05, 8.40712091303e-05, -0.000112426612759, 0.000180731454748, -1.48900953718e-05, 3.04636450892e-05, -0.000137610448292, 2.90412699542e-05, -3.95403221773e-05, 6.61478334223e-05, -0.000115257993457, 0.00022408584482], [-1.58526254381e-05, 0.00108300463762, 0.00030147068901, 0.000114603171824, -0.000252462050412, -3.13299424306e-05, -0.00040440435987, -0.000344468891853, 0.000360158854164, 0.000281474378426, -0.00038791258703, 0.000672247668263, -0.000277466257103], [8.40712091303e-05, 0.00030147068901, 0.00262584979646, -0.00121808820404, -0.000193612504518, -0.000749366590753, -0.000670309120324, -0.000126710991026, 8.18410044303e-05, 0.000844717724249, 0.000106617175334, 0.000160354320542, 0.000680931203533], [-0.000112426612759, 0.000114603171824, -0.00121808820404, 0.00429629627615, -0.00239996402524, -6.48841887596e-05, -7.77415843913e-05, 0.000212206723518, -9.51072870521e-05, -6.71071029501e-05, -0.000266621471383, 0.000679878110532, -0.000515404099133], [0.000180731454748, -0.000252462050412, -0.000193612504518, -0.00239996402524, 0.00636850902811, -0.00145017285831, 0.000774356769398, -0.000144639911014, -0.0018027384067, -5.20133071404e-05, 0.000656763790175, -0.00108811084647, 0.000752425403334], [-1.48900953718e-05, -3.13299424306e-05, -0.000749366590753, -6.48841887596e-05, -0.00145017285831, 0.00790142361075, -0.00258515542373, -0.000204620751902, -0.00134996126872, -0.00102221779525, -0.00152356771287, 0.00120107561816, -0.000352213479346], [3.04636450892e-05, -0.00040440435987, -0.000670309120324, -7.77415843913e-05, 0.000774356769398, -0.00258515542373, 0.00664897030219, -0.00176104297861, 0.000714639434591, -0.000523937342223, -0.000246497773333, -0.00181958102621, 0.000897213350981], [-0.000137610448292, -0.000344468891853, -0.000126710991026, 0.000212206723518, -0.000144639911014, -0.000204620751902, -0.00176104297861, 0.00904292054474, -0.00265339156613, -0.000796802516561, -0.000884712731931, 0.000489250291139, -0.000191082610399], [2.90412699542e-05, 0.000360158854164, 8.18410044303e-05, -9.51072870521e-05, -0.0018027384067, -0.00134996126872, 0.000714639434591, -0.00265339156613, 0.00945112481713, -0.00221589393914, 0.0011573843658, -0.000104842343717, -0.0012115231948], [-3.95403221773e-05, 0.000281474378426, 0.000844717724249, -6.71071029501e-05, -5.20133071404e-05, -0.00102221779525, -0.000523937342223, -0.000796802516561, -0.00221589393914, 0.00989697407931, -0.00165524927434, -0.000263856200036, 0.00184954982251], [6.61478334223e-05, -0.00038791258703, 0.000106617175334, -0.000266621471383, 0.000656763790175, -0.00152356771287, -0.000246497773333, -0.000884712731931, 0.0011573843658, -0.00165524927434, 0.0114468187094, -0.00329708959907, 0.000322723091813], [-0.000115257993457, 0.000672247668263, 0.000160354320542, 0.000679878110532, -0.00108811084647, 0.00120107561816, -0.00181958102621, 0.000489250291139, -0.000104842343717, -0.000263856200036, -0.00329708959907, 0.0123776644468, -0.00378591031767], [0.00022408584482, -0.000277466257103, 0.000680931203533, -0.000515404099133, 0.000752425403334, -0.000352213479346, 0.000897213350981, -0.000191082610399, -0.0012115231948, 0.00184954982251, 0.000322723091813, -0.00378591031767, 0.0100812744349]], "mean": [-672.101318359, 108.866889954, 6.18128061295, 20.9451618195, -2.48218035698, 17.7013339996, -5.39771175385, 1.48020601273, -3.72443628311, -0.40288233757, -1.7312694788, -2.6311609745, -0.46849963069]}, "pitch_salience": {"dmean": 0.0774714872241, "dmean2": 0.125861138105, "dvar": 0.00619425019249, "dvar2": 0.0159439481795, "max": 0.916736602783, "mean": 0.502496898174, "median": 0.50897359848, "min": 0.0444937460124, "var": 0.0129822827876}, "silence_rate_20dB": {"dmean": 0, "dmean2": 0, "dvar": 0, "dvar2": 0, "max": 1, "mean": 1, "median": 1, "min": 1, "var": 0}, "silence_rate_30dB": {"dmean": 0.0138703007251, "dmean2": 0.0277439765632, "dvar": 0.0136772599071, "dvar2": 0.0381669513881, "max": 1, "mean": 0.991484165192, "median": 1, "min": 0, "var": 0.0084437597543}, "silence_rate_60dB": {"dmean": 0.0496410764754, "dmean2": 0.0992942303419, "dvar": 0.0471773520112, "dvar2": 0.099180907011, "max": 1, "mean": 0.138442829251, "median": 0, "min": 0, "var": 0.119277060032}, "spectral_centroid": {"dmean": 308.972595215, "dmean2": 470.550750732, "dvar": 163346.8125, "dvar2": 337872.09375, "max": 11256.1367188, "mean": 1309.03527832, "median": 1202.47485352, "min": 117.020690918, "var": 495552.875}, "spectral_complexity": {"dmean": 3.43642783165, "dmean2": 4.59235811234, "dvar": 18.5564727783, "dvar2": 28.4373836517, "max": 51, "mean": 14.66593647, "median": 13, "min": 0, "var": 103.688934326}, "spectral_contrast_coeffs": {"dmean": [0.0595789216459, 0.0488174147904, 0.039129987359, 0.0330677852035, 0.0263339877129, 0.0249805320054], "dmean2": [0.095076598227, 0.077945150435, 0.060330171138, 0.0513200946152, 0.0406961292028, 0.0383704565465], "dvar": [0.00291063892655, 0.00183124677278, 0.00117311440408, 0.000768568424974, 0.000514215382282, 0.000469021964818], "dvar2": [0.00716849882156, 0.0043511018157, 0.0025083438959, 0.00171201187186, 0.00112821825314, 0.00103732419666], "max": [-0.237896099687, -0.349452853203, -0.403330475092, -0.503819406033, -0.585339307785, -0.533099412918], "mean": [-0.625129342079, -0.700397014618, -0.743029892445, -0.749651968479, -0.786399304867, -0.722052574158], "median": [-0.622098505497, -0.705590069294, -0.751110196114, -0.752779483795, -0.788094341755, -0.717628359795], "min": [-0.953786969185, -0.96798479557, -0.965263307095, -0.973537683487, -0.963182389736, -0.960691928864], "var": [0.00762096373364, 0.00849213916808, 0.00796603783965, 0.00445356406271, 0.0024353696499, 0.00213158363476]}, "spectral_contrast_valleys": {"dmean": [0.500731110573, 0.431958436966, 0.37053668499, 0.356067121029, 0.370272666216, 0.396658301353], "dmean2": [0.763589918613, 0.661111712456, 0.54410815239, 0.500210523605, 0.479614704847, 0.5255895257], "dvar": [0.242568656802, 0.207528993487, 0.156102403998, 0.153550386429, 0.171168863773, 0.201523199677], "dvar2": [0.445794522762, 0.398106187582, 0.282276958227, 0.244535461068, 0.264106839895, 0.33430659771], "max": [-5.3563990593, -5.02756309509, -5.4254693985, -5.82479047775, -6.00392055511, -7.14273452759], "mean": [-7.84819078445, -7.3278837204, -7.91349697113, -8.10156345367, -8.0996427536, -10.5605421066], "median": [-7.57577180862, -7.07032966614, -7.69057369232, -7.85907459259, -7.92391633987, -10.38539505], "min": [-27.9978256226, -27.1876678467, -27.4097747803, -27.2623767853, -27.198890686, -27.2344532013], "var": [1.66285967827, 1.60745048523, 1.5254983902, 1.47584104538, 1.42182743549, 1.29222798347]}, "spectral_decrease": {"dmean": 2.9955025127e-09, "dmean2": 4.50961845644e-09, "dvar": 2.67002536271e-17, "dvar2": 6.05358300837e-17, "max": 1.10744876324e-29, "mean": -5.89174220522e-09, "median": -3.88445275945e-09, "min": -5.15092644093e-08, "var": 4.12392846535e-17}, "spectral_energy": {"dmean": 0.0118237631395, "dmean2": 0.0176112540066, "dvar": 0.000400682038162, "dvar2": 0.000897443445865, "max": 0.200607970357, "mean": 0.0240319408476, "median": 0.0160792507231, "min": 1.04042591654e-20, "var": 0.000658010016195}, "spectral_energyband_high": {"dmean": 0.00057421461679, "dmean2": 0.000761053583119, "dvar": 1.57925751409e-06, "dvar2": 2.95337713396e-06, "max": 0.0469981171191, "mean": 0.0010601504473, "median": 0.000408884196077, "min": 7.59368442871e-21, "var": 3.94109338231e-06}, "spectral_energyband_low": {"dmean": 0.00709111290053, "dmean2": 0.0114150224254, "dvar": 0.000249674456427, "dvar2": 0.000599431397859, "max": 0.139072373509, "mean": 0.00875892397016, "median": 0.00447970442474, "min": 4.12309101503e-23, "var": 0.000248689379077}, "spectral_energyband_middle_high": {"dmean": 0.00169159204233, "dmean2": 0.00222509424202, "dvar": 9.80371714832e-06, "dvar2": 1.7153142835e-05, "max": 0.107765004039, "mean": 0.00523712299764, "median": 0.00228086905554, "min": 1.35410223581e-21, "var": 6.50195361231e-05}, "spectral_energyband_middle_low": {"dmean": 0.00593632506207, "dmean2": 0.00963856745511, "dvar": 0.000119015501696, "dvar2": 0.000307568378048, "max": 0.130350887775, "mean": 0.0104868803173, "median": 0.00708333076909, "min": 3.44382138045e-22, "var": 0.000145528931171}, "spectral_entropy": {"dmean": 0.195779055357, "dmean2": 0.282982677221, "dvar": 0.0458935014904, "dvar2": 0.0938378423452, "max": 9.80727958679, "mean": 7.5564904213, "median": 7.62023973465, "min": 5.30755758286, "var": 0.20746704936}, "spectral_flux": {"dmean": 0.0317876972258, "dmean2": 0.0465738661587, "dvar": 0.00172950257547, "dvar2": 0.00315817119554, "max": 0.40254086256, "mean": 0.0816661790013, "median": 0.0637414902449, "min": 1.02142516667e-10, "var": 0.00411725556478}, "spectral_kurtosis": {"dmean": 1.1615023613, "dmean2": 1.85144555569, "dvar": 1.88988018036, "dvar2": 4.49067544937, "max": 43.9501533508, "mean": 3.53412294388, "median": 3.19645357132, "min": -1.21282708645, "var": 4.23868989944}, "spectral_rms": {"dmean": 0.00102942169178, "dmean2": 0.00142801681068, "dvar": 1.95465759134e-06, "dvar2": 3.87801219404e-06, "max": 0.0139898210764, "mean": 0.00420805485919, "median": 0.00396069092676, "min": 3.18598446236e-12, "var": 5.73796341996e-06}, "spectral_rolloff": {"dmean": 614.206298828, "dmean2": 1026.02087402, "dvar": 1311752, "dvar2": 2854316.75, "max": 18970.7519531, "mean": 1511.99841309, "median": 1248.92578125, "min": 21.533203125, "var": 2564038.25}, "spectral_skewness": {"dmean": 0.206666439772, "dmean2": 0.31579208374, "dvar": 0.0479130670428, "dvar2": 0.103260755539, "max": 5.23577356339, "mean": 1.46299219131, "median": 1.45093369484, "min": -0.456681519747, "var": 0.159707024693}, "spectral_spread": {"dmean": 607609.6875, "dmean2": 850147.8125, "dvar": 614189891584, "dvar2": 1009176215550.0, "max": 41204860, "mean": 5