{"lowlevel": {"average_loudness": 0.893440246582, "barkbands": {"dmean": [0.000113943926408, 0.00603224942461, 0.00201424071565, 0.00127182714641, 0.0016370943049, 0.00103112263605, 0.000464330776595, 0.000891660747584, 0.000873928540386, 0.000593583623413, 0.000332653085934, 0.000538666034117, 0.000283779256279, 0.000273708137684, 0.000364756095223, 0.00020797221805, 0.000233184167882, 0.000225282026804, 0.000155913861818, 0.000194112115423, 0.000236504420172, 0.000137248280225, 0.000108686072053, 9.11920506041e-05, 0.000106660016172, 0.000103606580524, 4.44523248007e-05], "dmean2": [0.000182191550266, 0.00995936989784, 0.00346572534181, 0.00224971701391, 0.00270990771241, 0.00168731983285, 0.000721510790754, 0.0014241716126, 0.00143482978456, 0.000959183904342, 0.000528418517206, 0.000878305290826, 0.000470648345072, 0.000450822088169, 0.000601508887485, 0.00034049252281, 0.000380401790608, 0.000369799177861, 0.000255102437222, 0.000309866823955, 0.000368563894881, 0.000209910591366, 0.000163269840414, 0.000133501118398, 0.000152035092469, 0.000139674608363, 5.82904722251e-05], "dvar": [6.06631331834e-08, 0.000101483587059, 1.66135123436e-05, 1.0328627468e-05, 7.64114793128e-06, 5.3963094615e-06, 1.0334694025e-06, 5.0062894843e-06, 4.74926991956e-06, 1.94070935322e-06, 5.81868448535e-07, 1.12765496851e-06, 2.26683667393e-07, 3.7977622469e-07, 4.87828629048e-07, 1.16677369988e-07, 1.39822631695e-07, 1.11862533458e-07, 7.15831376397e-08, 1.21195540714e-07, 1.76531415264e-07, 1.08348942263e-07, 4.58596289832e-08, 3.03140872404e-08, 3.41427899286e-08, 3.0821809105e-08, 4.69604355402e-09], "dvar2": [1.51576855956e-07, 0.000270384858595, 4.61209056084e-05, 2.93795383186e-05, 2.03214331123e-05, 1.436117509e-05, 2.29640772886e-06, 1.24232728922e-05, 1.20183540275e-05, 4.77283629152e-06, 1.41519331009e-06, 2.88217529487e-06, 6.04098545409e-07, 9.08155357138e-07, 1.30004843868e-06, 2.90149785087e-07, 3.28475806555e-07, 2.78812649412e-07, 1.84766477673e-07, 2.81028320614e-07, 4.02017889201e-07, 2.35230558587e-07, 1.0481769408e-07, 7.08333018906e-08, 7.6420484163e-08, 6.5877671318e-08, 8.67805560745e-09], "max": [0.00428502913564, 0.141115650535, 0.0460372455418, 0.0666534751654, 0.0530342422426, 0.0315874963999, 0.0266983471811, 0.0403144732118, 0.0484047867358, 0.0310057792813, 0.0269401222467, 0.0249912589788, 0.00766671169549, 0.0157041270286, 0.012858861126, 0.00950713362545, 0.0115508772433, 0.0066306698136, 0.00789129175246, 0.0104624517262, 0.00858107209206, 0.00947114918381, 0.00507574528456, 0.00376024702564, 0.00382173503749, 0.00405593262985, 0.000991468899883], "mean": [0.000263856636593, 0.0150964651257, 0.00298613356426, 0.00171013711952, 0.00282898871228, 0.00161135394592, 0.00082982738968, 0.00137596786954, 0.00137038144749, 0.00100785284303, 0.000594786601141, 0.00090646033641, 0.000478807312902, 0.000491323589813, 0.000630990136415, 0.000391974288505, 0.00048311316641, 0.000477598136058, 0.000331510644173, 0.00042599264998, 0.000553310848773, 0.000294474710245, 0.00024369264429, 0.000219944689889, 0.000236564592342, 0.000173350403202, 6.40067155473e-05], "median": [9.74255162873e-05, 0.0103430543095, 0.00187168701086, 0.000719231087714, 0.00179529027082, 0.000733121298254, 0.000277428189293, 0.000307464477373, 0.000495183514431, 0.000423069373937, 0.000209416321013, 0.00040145337698, 0.000280059350189, 0.000249191361945, 0.000289162853733, 0.000250941608101, 0.000323905376717, 0.000353437411832, 0.000221800612053, 0.000228207296459, 0.000274525780696, 0.000147027181811, 0.000138287010486, 0.000125223843497, 0.000140921532875, 9.27888177102e-05, 2.51304008998e-05], "min": [7.7322089961e-25, 1.49927779757e-23, 2.95236842023e-23, 7.61826799771e-24, 8.16060703015e-23, 4.0079182695e-23, 3.84800101788e-23, 2.7512565366e-23, 9.35060686112e-23, 4.09952679316e-23, 6.68762701526e-23, 1.18154980539e-22, 6.9202235998e-23, 1.35665799369e-22, 1.10227269229e-22, 2.38146353534e-22, 1.16221678098e-22, 3.32009921286e-22, 1.71981572809e-22, 2.91729396044e-22, 4.65475190004e-22, 5.1690725495e-22, 6.3606750934e-22, 1.02552644693e-21, 1.10713813392e-21, 1.76739052827e-21, 2.15408878086e-21], "var": [1.31406210357e-07, 0.000211175647564, 1.73702628672e-05, 9.14549309528e-06, 1.20062704809e-05, 6.69300970912e-06, 2.53649568549e-06, 9.3300923254e-06, 8.62383240019e-06, 3.96312452722e-06, 1.81013194833e-06, 2.26148631555e-06, 4.15555717836e-07, 7.38362587072e-07, 1.02231592791e-06, 2.35524993286e-07, 3.31714744561e-07, 2.29801869978e-07, 1.3368840257e-07, 3.42071245996e-07, 5.9168593225e-07, 2.34840626945e-07, 1.06974610503e-07, 7.87488190213e-08, 8.02695439006e-08, 5.20201552945e-08, 8.73827943337e-09]}, "barkbands_crest": {"dmean": 2.4114086628, "dmean2": 3.88699531555, "dvar": 5.90631246567, "dvar2": 15.119591713, "max": 24.4773311615, "mean": 11.9154100418, "median": 11.5015897751, "min": 2.15546751022, "var": 24.6403312683}, "barkbands_flatness_db": {"dmean": 0.016055373475, "dmean2": 0.0244816839695, "dvar": 0.000236925814534, "dvar2": 0.000547597242985, "max": 0.230754867196, "mean": 0.0971082597971, "median": 0.0942047089338, "min": 0.013847572729, "var": 0.00124941789545}, "barkbands_kurtosis": {"dmean": 1.87834477425, "dmean2": 2.93769907951, "dvar": 6.69439315796, "dvar2": 14.9083690643, "max": 47.0977706909, "mean": 3.06500053406, "median": 1.69528973103, "min": -1.88514745235, "var": 20.7316856384}, "barkbands_skewness": {"dmean": 0.42317417264, "dmean2": 0.653767883778, "dvar": 0.186714500189, "dvar2": 0.420531511307, "max": 6.36310720444, "mean": 1.67420113087, "median": 1.58483231068, "min": -2.86212897301, "var": 0.879447042942}, "barkbands_spread": {"dmean": 6.91689109802, "dmean2": 10.3315782547, "dvar": 58.2515983582, "dvar2": 121.678749084, "max": 105.14490509, "mean": 32.8757667542, "median": 30.9966068268, "min": 4.34106302261, "var": 201.304244995}, "dissonance": {"dmean": 0.0125161800534, "dmean2": 0.0212247334421, "dvar": 0.000132981440402, "dvar2": 0.000362275430234, "max": 0.500000059605, "mean": 0.476165264845, "median": 0.479956060648, "min": 0.378807395697, "var": 0.000274467165582}, "dynamic_complexity": 2.53760576248, "erbbands": {"dmean": [0.145487740636, 1.48036646843, 2.52765011787, 3.24919342995, 4.68668842316, 5.89954328537, 8.13745689392, 7.96805620193, 7.36718177795, 7.53904390335, 22.6847763062, 20.2218036652, 19.3103599548, 15.1571092606, 13.5268821716, 24.3503360748, 13.4294118881, 12.0579805374, 21.5996417999, 9.31242179871, 12.1856927872, 12.6019954681, 11.5332221985, 9.09407997131, 7.70248413086, 9.34065628052, 9.8410577774, 8.57480144501, 5.43112659454, 3.10615849495, 3.28295969963, 1.89286875725, 1.7102111578, 1.3634403944, 0.679106235504, 0.384254217148, 0.215078681707, 0.0625858008862, 0.00725756864995, 0.000274958496448], "dmean2": [0.237527042627, 2.45408391953, 4.2983584404, 5.67451143265, 8.01376914978, 9.79197120667, 13.007440567, 13.3744659424, 11.628698349, 11.8214883804, 35.9709205627, 32.8757400513, 31.7360286713, 24.1544532776, 21.4051895142, 39.7173194885, 22.1851902008, 19.5644893646, 35.4773750305, 15.2244148254, 19.9601211548, 20.4364624023, 18.8820838928, 14.9104919434, 12.4399385452, 14.9449081421, 15.3113393784, 13.3881988525, 8.33042526245, 4.69405221939, 4.98410320282, 2.79764294624, 2.54094791412, 2.01325654984, 0.958163380623, 0.537195622921, 0.29537910223, 0.0831489637494, 0.00945529807359, 0.00035699098953], "dvar": [0.0659671723843, 6.15124511719, 22.7317237854, 60.9759521484, 104.002243042, 114.18963623, 220.215652466, 480.027130127, 283.924926758, 321.154602051, 3084.55493164, 2954.86230469, 2856.88305664, 1325.12304688, 807.429870605, 2584.52319336, 506.681549072, 649.980957031, 1827.10070801, 263.072509766, 409.632598877, 433.574432373, 302.368682861, 174.164672852, 231.000488281, 288.523162842, 317.112945557, 258.567749023, 184.35218811, 39.9871673584, 45.9454193115, 13.6441497803, 10.6497955322, 5.79090309143, 1.59502744675, 0.495992094278, 0.133926838636, 0.00953833479434, 0.000122977930005, 1.75714347961e-07], "dvar2": [0.17575854063, 16.4590549469, 62.5182342529, 170.657272339, 287.473693848, 298.456970215, 539.612854004, 1311.7857666, 675.250305176, 722.760009766, 7494.81738281, 7316.72460938, 7608.28515625, 2998.02539063, 1948.20568848, 6600.25537109, 1345.16369629, 1453.77026367, 4782.81445313, 660.050354004, 1018.93389893, 1025.85510254, 757.745422363, 444.628387451, 591.889099121, 666.759399414, 693.215026855, 597.974853516, 400.490753174, 89.3716583252, 108.417984009, 32.1852989197, 24.6806106567, 13.4954528809, 3.58110737801, 1.1511349678, 0.281798481941, 0.0181277003139, 0.00022539155907, 3.21737076092e-07], "max": [3.73171305656, 32.7944831848, 63.4510269165, 125.78150177, 207.776351929, 243.592529297, 352.228851318, 367.585662842, 397.227600098, 372.425231934, 1135.62036133, 1500.18054199, 1471.08007813, 1335.47021484, 1105.48059082, 1275.89147949, 417.614654541, 793.119689941, 824.944519043, 480.791412354, 630.027954102, 739.629394531, 406.999542236, 306.776916504, 530.489257813, 542.737792969, 474.227294922, 332.388977051, 359.473754883, 169.779098511, 162.611862183, 87.1907119751, 82.5082092285, 58.0976409912, 34.4275398254, 23.2064266205, 6.46085262299, 1.3812623024, 0.132657214999, 0.00603424059227], "mean": [0.398609220982, 3.43663907051, 4.46813583374, 4.88117933273, 6.9828748703, 9.60493946075, 13.9854774475, 11.1748170853, 12.5119428635, 12.8878927231, 36.3575286865, 32.462348938, 33.5166473389, 27.1974449158, 27.9852313995, 42.7907485962, 24.8261375427, 24.4204502106, 39.5442390442, 18.942697525, 24.1862754822, 27.6305274963, 26.186788559, 20.8453674316, 16.990436554, 21.0446720123, 23.2964744568, 19.5728874207, 11.5914936066, 6.87260055542, 7.10318183899, 4.40030431747, 4.03346157074, 3.07388567924, 1.36187648773, 0.703051328659, 0.334588557482, 0.0930716097355, 0.0105861360207, 0.000420678465161], "median": [0.260100156069, 2.22484707832, 3.06585335732, 2.44188976288, 3.8688647747, 5.35634803772, 6.96038007736, 4.34753799438, 4.39604902267, 4.75457382202, 9.0825920105, 12.0676374435, 15.2847137451, 11.7052564621, 13.4290542603, 18.7061767578, 15.4892168045, 14.6039361954, 17.2722949982, 11.9127035141, 16.4638118744, 19.879650116, 19.5713119507, 15.3011617661, 10.3108196259, 11.6653833389, 10.961268425, 9.9610042572, 5.64348983765, 4.00233459473, 3.89694547653, 2.35834717751, 2.3002910614, 1.79638600349, 0.812733411789, 0.420249760151, 0.162074014544, 0.0385990515351, 0.00426449161023, 0.000184849079233], "min": [5.33801197174e-22, 3.3557564326e-21, 2.50638132828e-20, 4.10459169164e-20, 1.13410804679e-19, 3.91733945596e-19, 2.04842709625e-19, 3.6955650959e-19, 6.81250236067e-19, 3.70086603116e-19, 7.0457931428e-19, 2.19035709804e-18, 1.44318759819e-18, 1.62166174152e-18, 4.04378905693e-18, 4.66046998797e-18, 3.01240360733e-18, 5.04495470363e-18, 8.91828086146e-18, 5.18079968049e-18, 1.35515800343e-17, 8.21597805163e-18, 1.35572702097e-17, 1.27989887791e-17, 1.14778605725e-17, 1.36821695191e-17, 1.65730433373e-17, 1.87447431698e-17, 1.63795856443e-17, 2.22233701722e-17, 1.79059026193e-17, 1.89084703372e-17, 1.70887788687e-17, 1.22018297241e-17, 8.52791199652e-18, 6.1434162291e-18, 3.23513212022e-18, 1.27639676063e-18, 3.40044463093e-19, 2.98930310238e-20], "var": [0.178317934275, 12.386267662, 26.1289634705, 58.5646095276, 104.03528595, 192.95993042, 419.25579834, 494.350006104, 562.893310547, 697.632751465, 6066.74804688, 5219.26025391, 4938.94140625, 2899.27148438, 2695.1784668, 5225.35351563, 988.945007324, 1466.01916504, 4172.53710938, 575.785949707, 864.75378418, 939.786499023, 678.290710449, 387.463287354, 440.816070557, 796.326904297, 1245.23632813, 711.340515137, 394.992797852, 85.9652633667, 98.6969451904, 35.3287124634, 26.7679271698, 14.1699295044, 3.01145505905, 0.773011863232, 0.219800174236, 0.0176507234573, 0.000233051468967, 3.28671802663e-07]}, "erbbands_crest": {"dmean": 2.18343091011, "dmean2": 3.51736760139, "dvar": 4.94999980927, "dvar2": 11.9573822021, "max": 29.176618576, "mean": 7.4068813324, "median": 6.32418632507, "min": 2.17584061623, "var": 14.8727674484}, "erbbands_flatness_db": {"dmean": 0.0122703788802, "dmean2": 0.0177527964115, "dvar": 0.000126424740301, "dvar2": 0.000248542230111, "max": 0.302370935678, "mean": 0.0988809168339, "median": 0.0953052714467, "min": 0.0345775298774, "var": 0.000879684637766}, "erbbands_kurtosis": {"dmean": 0.481689721346, "dmean2": 0.765953719616, "dvar": 0.443375647068, "dvar2": 0.939449429512, "max": 25.0081043243, "mean": -0.237355604768, "median": -0.425349414349, "min": -1.75118649006, "var": 1.02053725719}, "erbbands_skewness": {"dmean": 0.26059499383, "dmean2": 0.402546137571, "dvar": 0.0621748194098, "dvar2": 0.134490206838, "max": 2.68956184387, "mean": 0.0349899455905, "median": 0.00266669434495, "min": -4.05335140228, "var": 0.285139560699}, "erbbands_spread": {"dmean": 7.31674146652, "dmean2": 11.4028539658, "dvar": 45.9874572754, "dvar2": 107.817405701, "max": 115.283218384, "mean": 49.1504745483, "median": 48.164516449, "min": 7.77175712585, "var": 227.837722778}, "gfcc": {"cov": [[2699.5324707, -245.931182861, 43.5066184998, -53.8353004456, -94.8535842896, 85.8979644775, 87.8546066284, 131.549484253, 91.1730880737, 68.9816589355, -65.9041137695, -106.461280823, -41.8215827942], [-245.931182861, 724.208679199, -208.990600586, 85.9449462891, 80.4889144897, -11.8598833084, 4.97499895096, 41.8901290894, 34.4039001465, -18.4107551575, 49.1365623474, 7.3909277916, 21.8038311005], [43.5066184998, -208.990600586, 462.337310791, 37.8184623718, 64.1837844849, -3.7294921875, -2.307472229, -6.04812240601, 30.7961235046, 39.5301437378, 3.25892710686, 30.7744750977, -24.5408420563], [-53.8353004456, 85.9449462891, 37.8184623718, 193.661468506, 34.7452278137, 32.7603874207, 13.2626199722, 22.8551692963, 22.7633342743, 10.0955305099, 13.6596899033, 13.002202034, 24.7574958801], [-94.8535842896, 80.4889144897, 64.1837844849, 34.7452278137, 253.477127075, 38.5324897766, 33.212184906, 8.39338684082, -1.15560948849, -18.6167373657, 13.4017019272, 35.3092079163, -12.3619527817], [85.8979644775, -11.8598833084, -3.7294921875, 32.7603874207, 38.5324897766, 167.878219604, 78.2257461548, 39.1979522705, 5.36479473114, 7.27988910675, 6.73367166519, -5.90495920181, 9.56526756287], [87.8546066284, 4.97499895096, -2.307472229, 13.2626199722, 33.212184906, 78.2257461548, 116.863288879, 50.1674194336, 17.6832141876, 14.8247909546, 0.388392359018, -2.88577318192, 8.03348445892], [131.549484253, 41.8901290894, -6.04812240601, 22.8551692963, 8.39338684082, 39.1979522705, 50.1674194336, 101.895553589, 57.310459137, 22.0803508759, 4.30399799347, -4.30395793915, 6.74581098557], [91.1730880737, 34.4039001465, 30.7961235046, 22.7633342743, -1.15560948849, 5.36479473114, 17.6832141876, 57.310459137, 91.2831497192, 41.7145576477, 12.4473752975, -0.647193431854, -0.259044677019], [68.9816589355, -18.4107551575, 39.5301437378, 10.0955305099, -18.6167373657, 7.27988910675, 14.8247909546, 22.0803508759, 41.7145576477, 74.3953323364, 31.5585308075, 6.53075361252, 6.30490636826], [-65.9041137695, 49.1365623474, 3.25892710686, 13.6596899033, 13.4017019272, 6.73367166519, 0.388392359018, 4.30399799347, 12.4473752975, 31.5585308075, 70.6010742188, 38.4390678406, 13.2727479935], [-106.461280823, 7.3909277916, 30.7744750977, 13.002202034, 35.3092079163, -5.90495920181, -2.88577318192, -4.30395793915, -0.647193431854, 6.53075361252, 38.4390678406, 72.4071044922, 28.2264289856], [-41.8215827942, 21.8038311005, -24.5408420563, 24.7574958801, -12.3619527817, 9.56526756287, 8.03348445892, 6.74581098557, -0.259044677019, 6.30490636826, 13.2727479935, 28.2264289856, 65.3590621948]], "icov": [[0.000450203719083, 0.000134100628202, 2.87435636892e-06, 0.00010405494686, 5.46276169189e-05, -0.000108691951027, -3.29123795382e-05, -0.000480207148939, -9.51837500907e-05, -0.000323352927808, 0.000249578530202, 0.000427476625191, 8.03684233688e-05], [0.000134100628202, 0.00220966129564, 0.00104348605964, -0.000871459022164, -0.000888564973138, 0.000762303068768, -5.1679326134e-05, -0.00048653781414, -0.00114578194916, 0.0013493798906, -0.0022323729936, 0.00136776419822, -0.000424551428296], [2.87435636892e-06, 0.00104348605964, 0.00328447972424, -0.00101369677577, -0.000934919982683, 0.000220174362767, 0.000188403486391, 0.00063052616315, -0.0011119665578, -0.00164818833582, 0.00108495331369, -0.001910146093, 0.00173286162317], [0.00010405494686, -0.000871459022164, -0.00101369677577, 0.00647952640429, -0.000418697454734, -0.0013520589564, 0.000733551743906, -0.000402511708671, -0.000868573959451, -1.34594129122e-05, 5.12059741595e-05, 0.000623111671302, -0.00268929428421], [5.46276169189e-05, -0.000888564973138, -0.000934919982683, -0.000418697454734, 0.00568657321855, -0.0010930262506, -0.00149333500303, 0.00021281921363, 3.32923409587e-05, 0.00190887786448, 0.000495120184496, -0.00383345340379, 0.00290702772327], [-0.000108691951027, 0.000762303068768, 0.000220174362767, -0.0013520589564, -0.0010930262506, 0.00972025468946, -0.00552396569401, -0.00150232273154, 0.00149766495451, 0.000984136597253, -0.00306238792837, 0.00297586875968, -0.00127658504061], [-3.29123795382e-05, -5.1679326134e-05, 0.000188403486391, 0.000733551743906, -0.00149333500303, -0.00552396569401, 0.0153059950098, -0.00582631118596, 0.00201693177223, -0.00339474412613, 0.00244891969487, -0.000300722633256, -0.000996894901618], [-0.000480207148939, -0.00048653781414, 0.00063052616315, -0.000402511708671, 0.00021281921363, -0.00150232273154, -0.00582631118596, 0.0206649992615, -0.0122076859698, 0.00210196501575, 0.000289050134597, -6.96809074725e-05, -0.0011921239784], [-9.51837500907e-05, -0.00114578194916, -0.0011119665578, -0.000868573959451, 3.32923409587e-05, 0.00149766495451, 0.00201693177223, -0.0122076859698, 0.0239197071642, -0.0108238356188, 0.00210708123632, -0.000651472888421, 0.00202438794076], [-0.000323352927808, 0.0013493798906, -0.00164818833582, -1.34594129122e-05, 0.00190887786448, 0.000984136597253, -0.00339474412613, 0.00210196501575, -0.0108238356188, 0.0273763444275, -0.0145044056699, 0.00552346790209, -0.00297719985247], [0.000249578530202, -0.0022323729936, 0.00108495331369, 5.12059741595e-05, 0.000495120184496, -0.00306238792837, 0.00244891969487, 0.000289050134597, 0.00210708123632, -0.0145044056699, 0.0304923653603, -0.0166336596012, 0.00390222901478], [0.000427476625191, 0.00136776419822, -0.001910146093, 0.000623111671302, -0.00383345340379, 0.00297586875968, -0.000300722633256, -6.96809074725e-05, -0.000651472888421, 0.00552346790209, -0.0166336596012, 0.0302917081863, -0.0124919507653], [8.03684233688e-05, -0.000424551428296, 0.00173286162317, -0.00268929428421, 0.00290702772327, -0.00127658504061, -0.000996894901618, -0.0011921239784, 0.00202438794076, -0.00297719985247, 0.00390222901478, -0.0124919507653, 0.0230423603207]], "mean": [55.269908905, 54.2929267883, -92.4148788452, 32.8600006104, -41.2103118896, 19.1337127686, -25.9997081757, 12.5761737823, -24.587430954, 6.38029575348, -17.0193557739, 5.00488138199, -9.57819271088]}, "hfc": {"dmean": 8.19162082672, "dmean2": 11.3879117966, "dvar": 153.258468628, "dvar2": 329.04876709, "max": 177.8802948, "mean": 30.1559734344, "median": 24.4152793884, "min": 1.12797498232e-16, "var": 537.416625977}, "melbands": {"dmean": [0.00151199754328, 0.00152050121687, 0.000576133432332, 0.000384681567084, 0.000266286398983, 0.000180783608812, 0.00010914979066, 0.000101130972325, 0.000184265663847, 0.000126288126921, 9.69223619904e-05, 6.45656691631e-05, 4.85483215016e-05, 6.22203515377e-05, 4.23942947236e-05, 2.39791552303e-05, 2.4609886168e-05, 3.52761198883e-05, 1.89966922335e-05, 1.15460234156e-05, 1.65660476341e-05, 1.33515031848e-05, 1.3616256183e-05, 1.05446379166e-05, 7.7927033999e-06, 6.17008208792e-06, 6.19895763521e-06, 6.65740481054e-06, 6.83948837832e-06, 6.25593520454e-06, 4.96287066198e-06, 3.62462378689e-06, 2.11550718632e-06, 1.81731491011e-06, 2.11507472159e-06, 1.64136827152e-06, 1.11988117624e-06, 1.20449021779e-06, 1.48364074448e-06, 1.133451633e-06], "dmean2": [0.00249270233326, 0.00253459229134, 0.00100562837906, 0.000641842430923, 0.00042938219849, 0.000300807412714, 0.00017196367844, 0.000161540461704, 0.000291111879051, 0.000206800672458, 0.000159134782734, 0.000103160724393, 7.6399948739e-05, 0.000100756500615, 6.93134279572e-05, 3.93067275581e-05, 4.00884273404e-05, 5.81395142945e-05, 3.11601397698e-05, 1.88864360098e-05, 2.72035340458e-05, 2.169785148e-05, 2.23931183427e-05, 1.73958815139e-05, 1.29011978061e-05, 1.01582963907e-05, 1.00369243228e-05, 1.0706363355e-05, 1.07873247543e-05, 9.98027917376e-06, 7.85951669968e-06, 5.6304370446e-06, 3.30580473928e-06, 2.80587869383e-06, 3.26159761244e-06, 2.51063465839e-06, 1.69020677276e-06, 1.83503402695e-06, 2.26497377298e-06, 1.68991687133e-06], "dvar": [6.63633136355e-06, 6.92715775585e-06, 1.9821738988e-06, 4.58197575881e-07, 2.25441183943e-07, 2.18622119519e-07, 5.90769140274e-08, 6.17579658524e-08, 1.90815541146e-07, 1.1616938167e-07, 7.08348579792e-08, 2.45758631223e-08, 1.21890311178e-08, 1.52310253299e-08, 5.1378514776e-09, 1.55011958825e-09, 2.92238211408e-09, 5.19430853885e-09, 1.20755527799e-09, 4.39563496712e-10, 7.84470766124e-10, 4.82470841057e-10, 4.6575399093e-10, 2.71548727948e-10, 1.27826332852e-10, 1.29505267621e-10, 1.46974613036e-10, 1.56899909731e-10, 1.70013364498e-10, 1.24027441095e-10, 9.5010492529e-11, 7.65089519517e-11, 2.8527931753e-11, 1.20505307122e-11, 1.77536683271e-11, 1.20455416475e-11, 4.50496671217e-12, 5.86131186989e-12, 6.90853667676e-12, 4.37061237896e-12], "dvar2": [1.7762200514e-05, 1.86395391211e-05, 5.52763003725e-06, 1.22370670397e-06, 5.66723713291e-07, 5.94553569044e-07, 1.38237794545e-07, 1.50757287543e-07, 4.56723228126e-07, 2.92388506296e-07, 1.87529124673e-07, 5.52379404439e-08, 2.94724564753e-08, 3.85024208072e-08, 1.33368009969e-08, 4.00192323724e-09, 6.45289066625e-09, 1.33957138715e-08, 3.17358073154e-09, 1.08376130292e-09, 1.9742598667e-09, 1.1369574171e-09, 1.14384746119e-09, 6.89839962931e-10, 3.31850769086e-10, 3.35858146849e-10, 3.70384029003e-10, 3.53955559307e-10, 3.74201752917e-10, 2.98609720284e-10, 2.20892221181e-10, 1.68279348789e-10, 6.54731685534e-11, 2.75533935945e-11, 4.21818066587e-11, 2.90724944119e-11, 1.08751002995e-11, 1.39188877438e-11, 1.65388258644e-11, 1.03550978556e-11], "max": [0.0375525467098, 0.033646132797, 0.0252475794405, 0.0150269893929, 0.0095179406926, 0.00710937380791, 0.00591830490157, 0.00391371222213, 0.00927770044655, 0.00877836532891, 0.00720736244693, 0.00549479108304, 0.00432889722288, 0.00276029692031, 0.00186603039037, 0.000785337993875, 0.00168840645347, 0.00145994743798, 0.000968358537648, 0.000605556473602, 0.000737068825401, 0.000689252628945, 0.000470930943266, 0.000470498518553, 0.000266535353148, 0.000236190971918, 0.000373785092961, 0.000477472727653, 0.000313903932692, 0.000214633430005, 0.000245846720645, 0.000232726917602, 0.000151273648953, 9.8447817436e-05, 0.000116103852633, 8.0083089415e-05, 4.86985954922e-05, 5.81674685236e-05, 7.61082264944e-05, 4.56251837022e-05], "mean": [0.00398758798838, 0.00323713920079, 0.000885461282451, 0.000621084880549, 0.000464375771116, 0.000261822890025, 0.000188003235962, 0.000161267002113, 0.000296245299978, 0.00019805257034, 0.000164176744875, 0.000108560314402, 9.15897762752e-05, 0.000107266605482, 7.65557706472e-05, 4.36622249254e-05, 4.4964675908e-05, 6.32352603134e-05, 3.40720798704e-05, 2.13552702917e-05, 2.99844668916e-05, 2.66178722086e-05, 2.85384230665e-05, 2.14919236896e-05, 1.63252771017e-05, 1.25124834085e-05, 1.24814823721e-05, 1.3872974705e-05, 1.47227547131e-05, 1.34087331389e-05, 1.05266226456e-05, 7.27663655198e-06, 4.0451809582e-06, 3.72169029106e-06, 4.30719001088e-06, 3.33838579536e-06, 2.44332250077e-06, 2.62524736172e-06, 3.24388292938e-06, 2.35796233028e-06], "median": [0.00277353776619, 0.00230350857601, 0.00048348394921, 0.000355590542313, 0.000251080607995, 0.000104875914985, 6.56752163195e-05, 5.43826645298e-05, 7.43285490898e-05, 7.22655240679e-05, 7.21406468074e-05, 4.25571161031e-05, 3.60377343895e-05, 4.86464887217e-05, 4.39907998953e-05, 2.66024180746e-05, 2.46213676292e-05, 2.5988831112e-05, 1.80227416422e-05, 1.35576392495e-05, 1.93346841115e-05, 1.85061217053e-05, 1.93233681784e-05, 1.54812423716e-05, 1.17005629363e-05, 7.7156446423e-06, 6.84462384015e-06, 7.35676849217e-06, 6.33160061625e-06, 6.77065281707e-06, 5.11651523993e-06, 3.36755510943e-06, 2.0544932795e-06, 2.1183602712e-06, 2.31106264437e-06, 1.68468352513e-06, 1.26395775624e-06, 1.45350918501e-06, 1.79294750069e-06, 1.31587125907e-06], "min": [4.27201430664e-24, 1.04024468553e-23, 7.97300533616e-24, 1.87719660257e-23, 9.68452900018e-24, 9.15131977054e-24, 9.35072171927e-24, 4.14221868317e-24, 5.57626012935e-24, 1.53093715228e-23, 6.93413784399e-24, 6.2687888907e-24, 1.06150551245e-23, 1.47513423625e-23, 7.54919454799e-24, 7.27709196709e-24, 9.22390522901e-24, 1.63863465187e-23, 6.59187042431e-24, 1.09789771704e-23, 1.57694951562e-23, 7.15356266022e-24, 8.41636567527e-24, 1.8580384844e-23, 9.27394030964e-24, 6.68136472185e-24, 9.51680060565e-24, 9.16157732889e-24, 9.05783186466e-24, 1.13807148416e-23, 1.1174682517e-23, 7.65016558842e-24, 1.22859311526e-23, 1.30264009633e-23, 1.15745087782e-23, 8.57498114862e-24, 1.23794861117e-23, 1.14586921644e-23, 1.17180648968e-23, 1.01682253751e-23], "var": [1.48549452206e-05, 1.04994905996e-05, 1.82708936336e-06, 7.24722781342e-07, 3.95888918092e-07, 2.37638431599e-07, 1.2413435968e-07, 1.10342099902e-07, 3.79095723702e-07, 1.96768013438e-07, 1.23639168237e-07, 5.25636849602e-08, 4.19249026606e-08, 3.05527692035e-08, 1.0722385646e-08, 3.16207038331e-09, 6.18058848545e-09, 1.16238609849e-08, 2.51413090346e-09, 7.6651285319e-10, 1.53975365791e-09, 9.5386176735e-10, 1.13982601135e-09, 5.08702358015e-10, 2.60735655289e-10, 2.4670712695e-10, 2.84415158092e-10, 4.20249418598e-10, 6.22039419973e-10, 3.37430083874e-10, 2.35534564075e-10, 1.65762792381e-10, 4.97191524063e-11, 2.55037883173e-11, 3.72092218148e-11, 2.51840562293e-11, 1.13006244987e-11, 1.29812220001e-11, 1.75745997616e-11, 9.29304549979e-12]}, "melbands_crest": {"dmean": 2.62102270126, "dmean2": 4.25821685791, "dvar": 6.39888429642, "dvar2": 16.7859687805, "max": 31.6745643616, "mean": 15.894241333, "median": 15.8400535583, "min": 1.8484814167, "var": 23.4652938843}, "melbands_flatness_db": {"dmean": 0.0213430393487, "dmean2": 0.0325970761478, "dvar": 0.000432115222793, "dvar2": 0.0010029518744, "max": 0.337338507175, "mean": 0.176108628511, "median": 0.176297202706, "min": 0.00422100676224, "var": 0.00236850976944}, "melbands_kurtosis": {"dmean": 6.37320041656, "dmean2": 10.094244957, "dvar": 70.6627883911, "dvar2": 164.884094238, "max": 154.613189697, "mean": 16.2963848114, "median": 11.5690250397, "min": -1.7986625433, "var": 240.152511597}, "melbands_skewness": {"dmean": 0.674361884594, "dmean2": 1.06176996231, "dvar": 0.463268578053, "dvar2": 1.10322725773, "max": 10.3255939484, "mean": 3.30263638496, "median": 3.08706235886, "min": -0.55637460947, "var": 2.23225641251}, "melbands_spread": {"dmean": 6.53883981705, "dmean2": 10.1254491806, "dvar": 62.9995307922, "dvar2": 141.406143188, "max": 214.265197754, "mean": 25.1959724426, "median": 21.8588161469, "min": 2.62757587433, "var": 241.554351807}, "mfcc": {"cov": [[2611.12451172, -174.551803589, -5.43433666229, -121.767616272, -130.18019104, -47.1691474915, 5.11020278931, 8.37483024597, 127.25579071, 159.706542969, 68.7135391235, 29.5692501068, -52.5620422363], [-174.551803589, 513.210449219, -148.486160278, 61.2877502441, 69.4455032349, -16.232629776, 6.22045516968, 38.6417999268, -14.2587442398, -3.37450885773, 10.4501962662, 18.433259964, 25.2334022522], [-5.43433666229, -148.486160278, 339.260375977, 39.0117111206, 7.83229064941, 17.1801376343, -22.211566925, -25.7245826721, 11.6220140457, 18.1919937134, 28.8466396332, 20.8678455353, 10.722858429], [-121.767616272, 61.2877502441, 39.0117111206, 176.831726074, 68.670753479, 5.62401628494, -10.8103609085, 9.43216323853, 4.12735414505, -12.0327863693, 0.636474072933, 22.3334503174, 18.8600406647], [-130.18019104, 69.4455032349, 7.83229064941, 68.670753479, 158.538223267, 41.7417945862, 17.1400508881, 37.1430130005, -5.99484968185, -8.46517562866, 0.672234594822, 9.85349369049, 24.3873691559], [-47.1691474915, -16.232629776, 17.1801376343, 5.62401628494, 41.7417945862, 110.034957886, 62.0402565002, 28.4294700623, 10.630238533, 3.34361219406, 6.82291698456, -2.08925247192, 2.76985478401], [5.11020278931, 6.22045516968, -22.211566925, -10.8103609085, 17.1400508881, 62.0402565002, 110.154281616, 46.3867225647, 20.2770767212, 9.5029296875, 4.17318534851, 1.18081557751, -2.75570034981], [8.37483024597, 38.6417999268, -25.7245826721, 9.43216323853, 37.1430130005, 28.4294700623, 46.3867225647, 96.5265960693, 35.0755157471, 14.1592950821, 9.69664287567, 10.3439559937, 7.56444644928], [127.25579071, -14.2587442398, 11.6220140457, 4.12735414505, -5.99484968185, 10.630238533, 20.2770767212, 35.0755157471, 91.7244415283, 41.1889457703, 20.2965717316, 13.4280548096, -13.6418228149], [159.706542969, -3.37450885773, 18.1919937134, -12.0327863693, -8.46517562866, 3.34361219406, 9.5029296875, 14.1592950821, 41.1889457703, 93.7925033569, 40.4306526184, 7.29077720642, -6.04599952698], [68.7135391235, 10.4501962662, 28.8466396332, 0.636474072933, 0.672234594822, 6.82291698456, 4.17318534851, 9.69664287567, 20.2965717316, 40.4306526184, 71.9165420532, 27.1760787964, 8.60886096954], [29.5692501068, 18.433259964, 20.8678455353, 22.3334503174, 9.85349369049, -2.08925247192, 1.18081557751, 10.3439559937, 13.4280548096, 7.29077720642, 27.1760787964, 68.972328186, 27.7110462189], [-52.5620422363, 25.2334022522, 10.722858429, 18.8600406647, 24.3873691559, 2.76985478401, -2.75570034981, 7.56444644928, -13.6418228149, -6.04599952698, 8.60886096954, 27.7110462189, 69.1542282104]], "icov": [[0.00047123953118, 0.000140058677061, 9.45652864175e-05, 0.000178103873623, 0.000131212713313, 0.000188695950783, -1.47561995618e-05, 3.9450947952e-05, -0.00033350114245, -0.000606219167821, -1.35600230351e-05, -0.000282954220893, 0.000181382201845], [0.000140058677061, 0.00269659445621, 0.00129996682517, -0.000783622963354, -0.000800820591394, 0.000814641593024, -0.000115780159831, -0.000550875673071, 0.000549633055925, -0.000382053636713, -0.000809270131867, -0.000345681502949, -0.000245639530476], [9.45652864175e-05, 0.00129996682517, 0.00402567256242, -0.00103897543158, -0.000280307227513, -0.000877173093613, 0.000899110513274, 0.00100590288639, -0.000326890556607, -0.000531816040166, -0.00131060671993, -0.000634540454485, -0.000377093267161], [0.000178103873623, -0.000783622963354, -0.00103897543158, 0.00779484212399, -0.00299192173406, 0.000273581506917, 0.000908216461539, 0.000433503155364, -0.00151005247608, 0.000881559564732, 0.000803493894637, -0.00179163692519, -0.000113418776891], [0.000131212713313, -0.000800820591394, -0.000280307227513, -0.00299192173406, 0.00995190627873, -0.00361272203736, 0.00124556233641, -0.00336601515301, 0.00166645727586, -0.000246743904427, 0.000505294825416, 0.000297208520351, -0.00157049298286], [0.000188695950783, 0.000814641593024, -0.000877173093613, 0.000273581506917, -0.00361272203736, 0.0157107487321, -0.00857566855848, 0.000412820780184, -0.000612009258475, 0.00073492602678, -0.00187352113426, 0.00190378213301, -0.000420665513957], [-1.47561995618e-05, -0.000115780159831, 0.000899110513274, 0.000908216461539, 0.00124556233641, -0.00857566855848, 0.0164166390896, -0.00553722586483, -0.000208637939068, -0.00061365327565, 0.000955365365371, -0.00110474484973, 0.00103697646409], [3.9450947952e-05, -0.000550875673071, 0.00100590288639, 0.000433503155364, -0.00336601515301, 0.000412820780184, -0.00553722586483, 0.0170537885278, -0.00613408675417, 0.000204423588002, -0.000446996447863, -0.000111127439595, -0.00205079512671], [-0.00033350114245, 0.000549633055925, -0.000326890556607, -0.00151005247608, 0.00166645727586, -0.000612009258475, -0.000208637939068, -0.00613408675417, 0.0178741142154, -0.00583650637418, 0.000300191837596, -0.00354029866867, 0.00450494466349], [-0.000606219167821, -0.000382053636713, -0.000531816040166, 0.000881559564732, -0.000246743904427, 0.00073492602678, -0.00061365327565, 0.000204423588002, -0.00583650637418, 0.0179975368083, -0.00882352609187, 0.00305432500318, -0.000171911204234], [-1.35600230351e-05, -0.000809270131867, -0.00131060671993, 0.000803493894637, 0.000505294825416, -0.00187352113426, 0.000955365365371, -0.000446996447863, 0.000300191837596, -0.00882352609187, 0.0225177127868, -0.00763651449233, -0.000202445400646], [-0.000282954220893, -0.000345681502949, -0.000634540454485, -0.00179163692519, 0.000297208520351, 0.00190378213301, -0.00110474484973, -0.000111127439595, -0.00354029866867, 0.00305432500318, -0.00763651449233, 0.0221539177001, -0.00807292293757], [0.000181382201845, -0.000245639530476, -0.000377093267161, -0.000113418776891, -0.00157049298286, -0.000420665513957, 0.00103697646409, -0.00205079512671, 0.00450494466349, -0.000171911204234, -0.000202445400646, -0.00807292293757, 0.0197474416345]], "mean": [-599.201660156, 96.4995269775, 8.4967250824, 25.2720794678, 10.1010408401, 11.5444850922, 11.6606388092, 7.03181362152, 6.90778541565, 0.738122880459, 2.03205275536, 3.66682720184, -2.49626207352]}, "pitch_salience": {"dmean": 0.0646459832788, "dmean2": 0.104157149792, "dvar": 0.00394359091297, "dvar2": 0.0102983722463, "max": 0.867090344429, "mean": 0.486442804337, "median": 0.487145841122, "min": 0.128198176622, "var": 0.0122415628284}, "silence_rate_20dB": {"dmean": 0, "dmean2": 0, "dvar": 0, "dvar2": 0, "max": 1, "mean": 1, "median": 1, "min": 1, "var": 0}, "silence_rate_30dB": {"dmean": 0.0124183008447, "dmean2": 0.0248393062502, "dvar": 0.0122633287683, "dvar2": 0.0331533774734, "max": 1, "mean": 0.991613090038, "median": 1, "min": 0, "var": 0.00831580720842}, "silence_rate_60dB": {"dmean": 0.00566448783502, "dmean2": 0.0113302106038, "dvar": 0.00563093600795, "dvar2": 0.0125104701146, "max": 1, "mean": 0.0229822453111, "median": 0, "min": 0, "var": 0.0224597435445}, "spectral_centroid": {"dmean": 253.761734009, "dmean2": 389.580322266, "dvar": 70547.5390625, "dvar2": 143456.125, "max": 10945.6289063, "mean": 1761.80834961, "median": 1717.5703125, "min": 439.479400635, "var": 302317.90625}, "spectral_complexity": {"dmean": 3.73572993279, "dmean2": 5.76075839996, "dvar": 13.3298902512, "dvar2": 27.5373706818, "max": 60, "mean": 24.4506053925, "median": 24, "min": 0, "var": 122.116882324}, "spectral_contrast_coeffs": {"dmean": [0.0453491918743, 0.0461910963058, 0.0365367494524, 0.0284302327782, 0.0207672696561, 0.0165127962828], "dmean2": [0.0756773501635, 0.0749177262187, 0.0599936954677, 0.0465029217303, 0.0340680368245, 0.0263268295676], "dvar": [0.00143729511183, 0.00140292255674, 0.000875076570082, 0.000494747539051, 0.000285977817839, 0.000207025339478], "dvar2": [0.00403274223208, 0.00352665618993, 0.00227355980314, 0.00130782951601, 0.000706943683326, 0.000471041857963], "max": [-0.347999930382, -0.42496073246, -0.497831851244, -0.597680389881, -0.620968580246, -0.583011090755], "mean": [-0.687496483326, -0.725591540337, -0.76971334219, -0.783460319042, -0.788301885128, -0.760763168335], "median": [-0.694105803967, -0.73519963026, -0.776229202747, -0.786813557148, -0.791656374931, -0.763270199299], "min": [-0.964174330235, -0.96504086256, -0.952476918697, -0.962349176407, -0.962138354778, -0.961031138897], "var": [0.00467532640323, 0.0055501437746, 0.00318662752397, 0.001740046544, 0.000952141126618, 0.000867849623319]}, "spectral_contrast_valleys": {"dmean": [0.352175056934, 0.345265865326, 0.274985522032, 0.236899092793, 0.193604171276, 0.22727933526], "dmean2": [0.583413183689, 0.566377282143, 0.448438227177, 0.379729419947, 0.29478892684, 0.300179123878], "dvar": [0.117299489677, 0.121090970933, 0.0842870101333, 0.0736928582191, 0.0655441582203, 0.0806129127741], "dvar2": [0.271996855736, 0.259500086308, 0.163400754333, 0.127574950457, 0.102163642645, 0.12221506983], "max": [-4.84259796143, -4.46152067184, -5.02362680435, -5.65944862366, -5.56990671158, -7.4637336731], "mean": [-6.68810415268, -6.83600664139, -6.99978542328, -7.41498994827, -7.03443241119, -9.28206634521], "median": [-6.5626540184, -6.78325462341, -6.91663551331, -7.34645748138, -6.9392619133, -9.2067489624], "min": [-27.6098632813, -27.2445755005, -27.4951381683, -27.1375389099, -27.2166843414, -27.1999130249], "var": [0.62862020731, 0.485728114843, 0.418262183666, 0.338390052319, 0.352173268795, 0.492520391941]}, "spectral_decrease": {"dmean": 2.66915911595e-09, "dmean2": 4.32608393552e-09, "dvar": 1.65666674291e-17, "dvar2": 4.2935352325e-17, "max": -4.68127004527e-29, "mean": -8.83452067058e-09, "median": -7.66818430975e-09, "min": -4.99201320281e-08, "var": 3.61114365263e-17}, "spectral_energy": {"dmean": 0.0105324210599, "dmean2": 0.0169619806111, "dvar": 0.000253517879173, "dvar2": 0.000653368595522, "max": 0.194604381919, "mean": 0.0360788330436, "median": 0.0316007174551, "min": 1.04077504492e-20, "var": 0.000577318074647}, "spectral_energyband_high": {"dmean": 0.000705395941623, "dmean2": 0.000964514969382, "dvar": 1.38370899094e-06, "dvar2": 2.88364572043e-06, "max": 0.0206400714815, "mean": 0.00202220026404, "median": 0.00129326921888, "min": 7.63733678528e-21, "var": 4.62777325083e-06}, "spectral_energyband_low": {"dmean": 0.00741784740239, "dmean2": 0.012169290334, "dvar": 0.000154784924234, "dvar2": 0.000403232843382, "max": 0.152599215508, "mean": 0.0193470790982, "median": 0.0140012446791, "min": 5.13041905934e-23, "var": 0.000295080855722}, "spectral_energyband_middle_high": {"dmean": 0.00158695981372, "dmean2": 0.00247656553984, "dvar": 5.67465622225e-06, "dvar2": 1.36774751809e-05, "max": 0.0524610765278, "mean": 0.00577975763008, "median": 0.0043692085892, "min": 1.52693279966e-21, "var": 2.8510188713e-05}, "spectral_energyband_middle_low": {"dmean": 0.00444632908329, "dmean2": 0.00733192218468, "dvar": 6.20132268523e-05, "dvar2": 0.000167113132193, "max": 0.0995421633124, "mean": 0.0101242959499, "median": 0.00780689204112, "min": 2.95320316129e-22, "var": 8.74724210007e-05}, "spectral_entropy": {"dmean": 0.100906908512, "dmean2": 0.146193355322, "dvar": 0.00946934148669, "dvar2": 0.0183614343405, "max": 9.81161212921, "mean": 7.97997570038, "median": 7.99037790298, "min": 7.11743068695, "var": 0.0506806857884}, "spectral_flux": {"dmean": 0.0227888599038, "dmean2": 0.0362178422511, "dvar": 0.000861186708789, "dvar2": 0.00187449750956, "max": 0.352207481861, "mean": 0.0857686847448, "median": 0.0767250806093, "min": 1.02018379855e-10, "var": 0.00227059889585}, "spectral_kurtosis": {"dmean": 0.606542944908, "dmean2": 0.970731019974, "dvar": 0.403372436762, "dvar2": 1.09587085247, "max": 10.4593086243, "mean": 3.17116856575, "median": 3.0186085701, "min": -1.1983987093, "var": 1.76375436783}, "spectral_rms": {"dmean": 0.000784678093623, "dmean2": 0.00123819021974, "dvar": 9.85032102108e-07, "dvar2": 2.46005515692e-06, "max": 0.0137788942084, "mean": 0.0056018056348, "median": 0.00555247394368, "min": 3.18651897403e-12, "var": 3.81860127163e-06}, "spectral_rolloff": {"dmean": 650.997802734, "dmean2": 1045.12329102, "dvar": 1154194.125, "dvar2": 2474934.25, "max": 18281.6894531, "mean": 1665.90673828, "median": 1184.32617188, "min": 64.599609375, "var": 3004646}, "spectral_skewness": {"dmean": 0.112213164568, "dmean2": 0.174335032701, "dvar": 0.0112279821187, "dvar2": 0.0253977514803, "max": 2.26925516129, "mean": 1.38011574745, "median": 1.40023684502, "min": 0.0158706195652, "var": 0.0570634044707}, "spectral_spread": {"dmean": 540077.5, "dmean2": 752226.5, "dvar": 435326943232, "dvar2": 711284621312, "max": 39689344, "mean": 5949119, "median": 5937751, "min": 2374899.5, "var": 1887816777730.0}, "spectral_strongpeak": {"dmean