{"lowlevel": {"average_loudness": 0.948186576366, "barkbands": {"dmean": [0.0001382730552, 0.00377357634716, 0.00270456261933, 0.00168011570349, 0.00246963975951, 0.00140717532486, 0.000547069706954, 0.000589603441767, 0.000659023993649, 0.00081534718629, 0.000447754777269, 0.000438684743131, 0.000444059929578, 0.000744838267565, 0.000419126736233, 0.00031344560557, 0.000402695615776, 0.000302277185256, 0.000189115235116, 0.000166857164004, 0.000170512721525, 0.000173953492776, 0.00017261809262, 0.000182522722753, 0.00018533153343, 0.000188078833162, 1.08277608888e-05], "dmean2": [0.000200931652216, 0.00638442113996, 0.00476467097178, 0.00278840237297, 0.00411572912708, 0.00212878291495, 0.000901473395061, 0.0009249766008, 0.00103292567655, 0.00125717325136, 0.000726966594812, 0.000703106576111, 0.000701280659996, 0.00117074151058, 0.000651667825878, 0.000507259450387, 0.00065380212618, 0.000481718307128, 0.000300723098917, 0.000255235703662, 0.000260143453488, 0.000250641576713, 0.000246007839451, 0.000257149338722, 0.000256391067524, 0.000267478288151, 1.76001885848e-05], "dvar": [1.3166528845e-07, 0.00012327292643, 5.6453376601e-05, 9.73545775196e-06, 2.09915651794e-05, 7.80940445111e-06, 1.50779123942e-06, 2.35260722548e-06, 2.98452414427e-06, 4.23001802119e-06, 3.16442537951e-06, 1.38664029237e-06, 1.45821786646e-06, 4.53991833638e-06, 1.18080868106e-06, 5.4822629636e-07, 1.17919023523e-06, 2.82905148197e-07, 1.21964419009e-07, 1.29320241626e-07, 1.33418794235e-07, 1.21817478771e-07, 1.54039071276e-07, 1.73771269374e-07, 2.99197580489e-07, 2.47272708975e-07, 1.73519121294e-09], "dvar2": [2.60845041566e-07, 0.000318251812132, 0.000160946336109, 2.49392742262e-05, 5.40274486411e-05, 1.72666714207e-05, 3.91989442505e-06, 5.71373766434e-06, 6.93945048624e-06, 9.73547048488e-06, 8.26807172416e-06, 3.57170574716e-06, 3.34873834618e-06, 1.08887888928e-05, 2.75150932794e-06, 1.394620881e-06, 2.98014288092e-06, 6.9746039344e-07, 3.04639996784e-07, 2.79052585483e-07, 2.93153192388e-07, 2.21077741003e-07, 3.02971812971e-07, 3.34113792633e-07, 5.55620658815e-07, 4.79871971493e-07, 5.04843189475e-09], "max": [0.00453458586708, 0.119215458632, 0.094304561615, 0.0404521673918, 0.057091768831, 0.0516465641558, 0.033143773675, 0.0394933782518, 0.0410766601563, 0.0498729944229, 0.0568824335933, 0.0323676131666, 0.032329402864, 0.0610982626677, 0.0256416033953, 0.0175896212459, 0.0578984022141, 0.0109449848533, 0.00598221318796, 0.0103224879131, 0.0118567431346, 0.00947459693998, 0.0118467733264, 0.0106322895736, 0.0189703498036, 0.0232153646648, 0.00203025760129], "mean": [0.000231940502999, 0.00414222571999, 0.00258679594845, 0.00208545452915, 0.00359404087067, 0.00249588978477, 0.000830202829093, 0.000944047875237, 0.000995112466626, 0.0013544333633, 0.00065327930497, 0.000688445288688, 0.000656430434901, 0.001325186342, 0.000691102410201, 0.000545020622667, 0.000786493415944, 0.000600653525908, 0.000363040773664, 0.000301957625197, 0.000328235910274, 0.000324500870192, 0.000325277476804, 0.000292440905469, 0.000307464506477, 0.000287033617496, 1.30596290546e-05], "median": [9.09432583285e-06, 0.00134829420131, 0.00111517100595, 0.00110482121818, 0.0018720368389, 0.00108445005026, 0.000411421642639, 0.000359409023076, 0.00029688703944, 0.000341230392223, 0.000123421195894, 0.000264320842689, 0.000202246446861, 0.000345387874404, 0.000231236423133, 0.000205827062018, 0.000357926561264, 0.000306658941554, 0.000189537211554, 0.000131289649289, 0.000138643721584, 0.000159038521815, 0.00014250370441, 0.00010269570339, 0.000109844535473, 9.83986828942e-05, 3.97577696276e-06], "min": [1.31450594486e-24, 3.52263155099e-24, 9.87508111284e-25, 2.38139811511e-24, 5.01692974299e-24, 7.06129827761e-24, 6.83137845589e-24, 7.12889340199e-24, 8.9071081558e-24, 7.15105171596e-24, 1.22885028392e-23, 2.83583062979e-23, 3.06947071953e-23, 3.08769687743e-23, 4.61046979266e-23, 6.04889454446e-23, 6.97304193948e-23, 7.3819003425e-23, 1.00199887869e-22, 1.95139196838e-22, 2.31273746841e-22, 3.14668309965e-22, 3.81558287365e-22, 5.88000409471e-22, 9.1709924469e-22, 1.27588873441e-21, 1.88673738297e-21], "var": [3.03457397877e-07, 0.000114234455395, 3.68139699276e-05, 1.00167781056e-05, 2.64880782197e-05, 1.69867525983e-05, 2.06709364647e-06, 4.60385490442e-06, 5.32300964551e-06, 9.81319135462e-06, 5.58013789487e-06, 2.4515138648e-06, 2.6776544928e-06, 1.30435128085e-05, 2.45215983341e-06, 1.02103547306e-06, 2.40673716689e-06, 6.75562148444e-07, 2.43420089419e-07, 3.46682213603e-07, 3.85872510833e-07, 3.05494154418e-07, 4.06033194622e-07, 4.36374790524e-07, 7.50761671497e-07, 5.57069995466e-07, 1.92872029459e-09]}, "barkbands_crest": {"dmean": 2.63696527481, "dmean2": 4.27258062363, "dvar": 6.28305721283, "dvar2": 15.9087257385, "max": 25.6111488342, "mean": 8.97444343567, "median": 7.91529369354, "min": 2.28565883636, "var": 17.2443885803}, "barkbands_flatness_db": {"dmean": 0.0209772866219, "dmean2": 0.0314598828554, "dvar": 0.000431801978266, "dvar2": 0.000915277225431, "max": 0.527150034904, "mean": 0.108702756464, "median": 0.0917561203241, "min": 0.0174529384822, "var": 0.00423318007961}, "barkbands_kurtosis": {"dmean": 3.01734948158, "dmean2": 4.61134624481, "dvar": 91.4997940063, "dvar2": 210.971755981, "max": 498.817932129, "mean": 4.82832336426, "median": 0.870705485344, "min": -1.89469087124, "var": 511.415710449}, "barkbands_skewness": {"dmean": 0.541606366634, "dmean2": 0.80498278141, "dvar": 0.38915142417, "dvar2": 0.845960378647, "max": 16.4980430603, "mean": 1.3099527359, "median": 1.11594700813, "min": -3.72008061409, "var": 2.3284869194}, "barkbands_spread": {"dmean": 7.57352685928, "dmean2": 10.9945392609, "dvar": 70.3054504395, "dvar2": 145.535003662, "max": 119.208908081, "mean": 29.4220981598, "median": 26.9437446594, "min": 0.200819641352, "var": 274.938323975}, "dissonance": {"dmean": 0.0168188232929, "dmean2": 0.0276296939701, "dvar": 0.000340525555657, "dvar2": 0.000861530250404, "max": 0.49989643693, "mean": 0.464134305716, "median": 0.474039614201, "min": 0.20322047174, "var": 0.0013143849792}, "dynamic_complexity": 2.81026244164, "erbbands": {"dmean": [0.0987384393811, 0.95176410675, 2.81887388229, 5.09398984909, 5.71660375595, 9.17946815491, 12.1403188705, 9.83602809906, 9.34180450439, 7.04951906204, 15.1344194412, 15.0285291672, 23.401096344, 19.7776298523, 16.6094779968, 19.6348342896, 17.2106304169, 39.5043411255, 23.6274852753, 17.7308521271, 19.1304264069, 17.569196701, 16.3182411194, 11.4078674316, 8.41148662567, 7.93389940262, 6.9305138588, 6.93765544891, 6.54201316833, 5.33419656754, 4.90974378586, 3.6283493042, 3.30994462967, 2.15893769264, 1.33163690567, 0.798624038696, 0.343733996153, 0.0663992464542, 0.00127206777688, 4.96165048389e-05], "dmean2": [0.16136610508, 1.6635440588, 5.0033454895, 8.52833271027, 9.77037334442, 15.5146417618, 18.3325233459, 15.2932043076, 15.1841869354, 11.4348058701, 23.4157180786, 23.3188724518, 36.2550506592, 30.577249527, 26.9018115997, 31.1662139893, 27.1840248108, 61.339881897, 37.4497642517, 27.1693992615, 31.0650653839, 28.3373317719, 25.9136619568, 18.0591449738, 13.3942813873, 12.1081829071, 10.5655813217, 10.4368495941, 9.50602245331, 7.67618989944, 7.10449886322, 5.11555528641, 4.73558139801, 3.05914735794, 1.85615468025, 1.1511708498, 0.492589712143, 0.0983883291483, 0.00188166846056, 7.11509710527e-05], "dvar": [0.0661396533251, 9.0899848938, 72.4257354736, 99.5029830933, 121.547187805, 363.013458252, 633.021606445, 539.351257324, 392.28704834, 456.612121582, 1297.88049316, 1981.94665527, 4298.94091797, 3434.59643555, 3665.33691406, 2673.28686523, 2491.33447266, 12647.9814453, 3016.67260742, 1792.13183594, 2467.2578125, 1406.92260742, 771.110595703, 434.767883301, 286.490814209, 293.00378418, 218.894866943, 240.192276001, 181.655090332, 120.197288513, 146.718643188, 60.1928939819, 65.9397354126, 42.1915817261, 14.7258691788, 4.92824172974, 0.879060149193, 0.0385455824435, 1.41203163366e-05, 1.35088793485e-08], "dvar2": [0.160438239574, 24.7318191528, 206.652984619, 265.204040527, 320.039031982, 945.607543945, 1319.10571289, 1253.72912598, 1015.10290527, 1167.38867188, 3019.81762695, 4663.20458984, 10013.5146484, 8093.63623047, 9561.484375, 6989.26269531, 5956.84277344, 29943.0371094, 7221.6796875, 3965.63110352, 6264.953125, 3535.89013672, 1876.83837891, 1083.828125, 710.051635742, 631.206665039, 466.912384033, 535.523925781, 337.734954834, 245.534683228, 301.761352539, 110.562179565, 133.375320435, 80.1081848145, 27.6551952362, 9.7036151886, 1.83434903622, 0.0912717804313, 3.34804499289e-05, 2.97815230255e-08], "max": [2.40898799896, 31.3947887421, 99.6173095703, 133.334854126, 153.056167603, 265.764373779, 597.920410156, 518.889648438, 555.909057617, 744.96496582, 1122.03710938, 1227.28991699, 1605.51806641, 1614.80664063, 2013.14001465, 1655.0435791, 1465.04382324, 3355.3684082, 1099.14477539, 1318.27294922, 2182.52612305, 1352.25158691, 521.26574707, 473.610137939, 333.118164063, 568.301696777, 450.064453125, 598.889587402, 388.127197266, 301.429229736, 414.859100342, 205.956115723, 238.126113892, 209.135360718, 136.623764038, 96.0078430176, 46.732509613, 7.94471168518, 0.151574090123, 0.00468660937622], "mean": [0.117316633463, 0.936791718006, 2.65521001816, 6.35894155502, 7.34393358231, 12.3360767365, 22.1993656158, 16.3021640778, 14.5741939545, 10.6919193268, 25.7912216187, 24.109790802, 39.0343017578, 34.060962677, 26.5870494843, 31.9162940979, 28.6311321259, 71.3727035522, 43.7292938232, 32.010345459, 37.3627967834, 38.0334701538, 34.4182167053, 23.8841495514, 15.6855783463, 14.699757576, 13.5244684219, 12.5105104446, 11.9201221466, 10.2952718735, 8.97674369812, 6.05403757095, 5.10058116913, 3.46971559525, 2.17823839188, 1.23457384109, 0.50263440609, 0.0951337367296, 0.00185831065755, 9.46049985941e-05], "median": [0.0262690987438, 0.330484330654, 1.06901812553, 3.63121509552, 3.65742397308, 5.88921356201, 7.44204521179, 7.17762565613, 7.38325166702, 4.79261732101, 10.3932695389, 8.13088989258, 10.4893169403, 9.29215621948, 8.49174880981, 13.3813619614, 9.96517753601, 19.6602420807, 15.57629776, 14.5447654724, 15.9444665909, 17.6807479858, 18.0618934631, 12.8055362701, 8.10536193848, 6.49684810638, 5.336124897, 5.74246025085, 5.74710845947, 4.81488323212, 3.85232925415, 2.45173311234, 1.63027954102, 1.15147852898, 0.760967195034, 0.426455974579, 0.168688684702, 0.0301421638578, 0.000614962191321, 5.5850323406e-05], "min": [9.32493922053e-23, 4.23238693614e-22, 2.35980633738e-21, 5.60784713289e-21, 1.59062938229e-20, 2.10646276657e-20, 3.87559610946e-20, 5.96058594587e-20, 1.43835179693e-19, 1.69476059698e-19, 2.02686094671e-19, 2.03390193394e-19, 4.5691425275e-19, 7.54599804801e-19, 5.88750815767e-19, 1.22216845403e-18, 1.62857076758e-18, 1.63642825962e-18, 2.85336303852e-18, 2.49573439581e-18, 2.96230210481e-18, 4.13134819272e-18, 4.96107404002e-18, 6.2028582551e-18, 6.84803142234e-18, 8.62878832659e-18, 8.97072080358e-18, 7.87459895847e-18, 1.04952825013e-17, 9.09956576451e-18, 1.10337133872e-17, 1.153054536e-17, 9.4683352893e-18, 8.36085460001e-18, 5.56766254041e-18, 4.25791261671e-18, 2.2852688355e-18, 9.07009848917e-19, 2.35170420829e-19, 2.57751175238e-20], "var": [0.0845342352986, 6.83546733856, 46.610660553, 90.3446350098, 132.640319824, 415.696380615, 1708.79394531, 1052.03051758, 586.570983887, 606.081359863, 2901.80639648, 3357.08056641, 9033.20507813, 8502.72558594, 5951.73876953, 4842.28320313, 4455.19482422, 36016.8515625, 7581.33007813, 3792.89624023, 5177.70214844, 3705.95581055, 2129.58227539, 1022.19592285, 515.132141113, 845.306396484, 651.618835449, 533.441711426, 429.960571289, 300.848754883, 343.176147461, 154.722305298, 158.496841431, 97.6402511597, 36.7584724426, 11.6440658569, 1.69011342525, 0.067469291389, 2.52681766142e-05, 2.7717620199e-08]}, "erbbands_crest": {"dmean": 2.56936740875, "dmean2": 4.05031871796, "dvar": 6.1584482193, "dvar2": 14.7102823257, "max": 30.7628707886, "mean": 8.80995845795, "median": 7.64660310745, "min": 2.093313694, "var": 21.3608551025}, "erbbands_flatness_db": {"dmean": 0.0188910886645, "dmean2": 0.0258308686316, "dvar": 0.00029509793967, "dvar2": 0.000551623990759, "max": 0.391901701689, "mean": 0.13347774744, "median": 0.12276135385, "min": 0.0405762456357, "var": 0.00299498229288}, "erbbands_kurtosis": {"dmean": 0.901625931263, "dmean2": 1.3779258728, "dvar": 4.8368730545, "dvar2": 8.68835544586, "max": 142.597930908, "mean": 0.623936653137, "median": -0.109347261488, "min": -1.70524346828, "var": 15.708483696}, "erbbands_skewness": {"dmean": 0.327947229147, "dmean2": 0.49345728755, "dvar": 0.112122878432, "dvar2": 0.237382397056, "max": 9.57254123688, "mean": 0.17514398694, "median": 0.159579500556, "min": -3.29705357552, "var": 0.675418972969}, "erbbands_spread": {"dmean": 9.76846408844, "dmean2": 14.2078466415, "dvar": 108.579856873, "dvar2": 226.578201294, "max": 157.656967163, "mean": 43.5007247925, "median": 39.6878166199, "min": 1.29980635643, "var": 493.90838623}, "gfcc": {"cov": [[32862.0351563, -1573.33215332, -2447.4465332, 908.552246094, -1620.86682129, 925.521972656, -1227.62207031, 492.977172852, -647.048522949, 461.53338623, -752.041381836, 529.056762695, -456.572479248], [-1573.33215332, 1929.76464844, -416.705841064, -287.087280273, 272.075622559, -368.203979492, 134.867385864, -124.655166626, 13.5851783752, -194.139221191, 115.9871521, -205.789169312, 58.3109016418], [-2447.4465332, -416.705841064, 1172.69006348, 160.566329956, 48.6846656799, 172.845458984, 44.6839256287, 29.4223213196, 97.881980896, 58.5468940735, 24.0661773682, 55.5734291077, -8.82859516144], [908.552246094, -287.087280273, 160.566329956, 405.9871521, 18.8407154083, 90.8344268799, -39.3842391968, 61.1814880371, 14.9299259186, 55.5601158142, -19.6537456512, 43.3953208923, 19.8061084747], [-1620.86682129, 272.075622559, 48.6846656799, 18.8407154083, 335.900787354, -10.5628414154, 131.380599976, 20.7251739502, 62.2078475952, -8.16086864471, 69.486114502, -24.3495559692, 35.5342788696], [925.521972656, -368.203979492, 172.845458984, 90.8344268799, -10.5628414154, 335.944885254, 49.4969711304, 79.3434753418, 19.0981884003, 88.3319168091, -3.79566073418, 67.9052963257, -40.8873214722], [-1227.62207031, 134.867385864, 44.6839256287, -39.3842391968, 131.380599976, 49.4969711304, 213.513458252, 31.3428573608, 38.0648231506, 1.67337203026, 53.6159477234, -21.6188335419, 21.1410369873], [492.977172852, -124.655166626, 29.4223213196, 61.1814880371, 20.7251739502, 79.3434753418, 31.3428573608, 118.883674622, 47.0312156677, 36.249622345, -4.48973894119, 34.1994247437, -4.04678821564], [-647.048522949, 13.5851783752, 97.881980896, 14.9299259186, 62.2078475952, 19.0981884003, 38.0648231506, 47.0312156677, 132.54800415, 40.0218582153, 20.1979045868, 12.7338190079, 18.5932559967], [461.53338623, -194.139221191, 58.5468940735, 55.5601158142, -8.16086864471, 88.3319168091, 1.67337203026, 36.249622345, 40.0218582153, 114.404388428, 17.9261379242, 38.599193573, -9.31651973724], [-752.041381836, 115.9871521, 24.0661773682, -19.6537456512, 69.486114502, -3.79566073418, 53.6159477234, -4.48973894119, 20.1979045868, 17.9261379242, 89.5895462036, 8.15297985077, 13.6102075577], [529.056762695, -205.789169312, 55.5734291077, 43.3953208923, -24.3495559692, 67.9052963257, -21.6188335419, 34.1994247437, 12.7338190079, 38.599193573, 8.15297985077, 107.318328857, 15.8196687698], [-456.572479248, 58.3109016418, -8.82859516144, 19.8061084747, 35.5342788696, -40.8873214722, 21.1410369873, -4.04678821564, 18.5932559967, -9.31651973724, 13.6102075577, 15.8196687698, 75.220703125]], "icov": [[0.000194912630832, -0.000309053808451, 0.000391498761019, -0.000373112066882, 0.000459491653601, -0.00043524504872, 0.000533057958819, -0.000702738587279, 0.000763736316003, -0.000848237308674, 0.00110249558929, -0.000853868143167, 0.000611826835666], [-0.000309053808451, 0.00158104149159, -0.000358275254257, 0.00084656116087, -0.00117604294792, 0.00105064176023, -0.000842577195726, 0.0013374122791, -0.00170961825643, 0.00249461084604, -0.00299762003124, 0.00258119869977, -0.00119995744899], [0.000391498761019, -0.000358275254257, 0.00191183411516, -0.00113494263496, 0.000850284239277, -0.00125591352116, 0.000870510237291, -0.000616373727098, 0.000414550187998, -0.00107140035834, 0.00176039291546, -0.0018289530417, 0.00164606387261], [-0.000373112066882, 0.00084656116087, -0.00113494263496, 0.00421522883698, -0.00173382041976, 0.000336869677994, 0.000436411064584, -0.000340346246958, -0.000456781883258, 0.000520628935192, -0.00163169461302, 0.00241886265576, -0.00333894533105], [0.000459491653601, -0.00117604294792, 0.000850284239277, -0.00173382041976, 0.00608287332579, -0.00103353662416, -0.000784642412327, -0.00192319287453, 0.000445404846687, -0.00123036850709, 0.000531903177034, -0.00155506259762, 0.000907034031115], [-0.00043524504872, 0.00105064176023, -0.00125591352116, 0.000336869677994, -0.00103353662416, 0.00687776599079, -0.00364682730287, 0.000273582845693, -0.000766369106714, -0.000540310225915, -0.00128682120703, -0.000655428157188, 0.002067216672], [0.000533057958819, -0.000842577195726, 0.000870510237291, 0.000436411064584, -0.000784642412327, -0.00364682730287, 0.0102375783026, -0.00455453246832, 0.00221143942326, -0.00147196743637, -0.00053032807773, 0.00134108017664, -0.00177301967051], [-0.000702738587279, 0.0013374122791, -0.000616373727098, -0.000340346246958, -0.00192319287453, 0.000273582845693, -0.00455453246832, 0.0165446288884, -0.00753134209663, 0.00314658042043, -0.00145150138997, -0.000524935720023, 0.000566795642953], [0.000763736316003, -0.00170961825643, 0.000414550187998, -0.000456781883258, 0.000445404846687, -0.000766369106714, 0.00221143942326, -0.00753134209663, 0.0152117591351, -0.00819189008325, 0.00488773081452, -0.00278364983387, -0.000597403151914], [-0.000848237308674, 0.00249461084604, -0.00107140035834, 0.000520628935192, -0.00123036850709, -0.000540310225915, -0.00147196743637, 0.00314658042043, -0.00819189008325, 0.0194434244186, -0.0101647647098, 0.00294510787353, -0.000821870286018], [0.00110249558929, -0.00299762003124, 0.00176039291546, -0.00163169461302, 0.000531903177034, -0.00128682120703, -0.00053032807773, -0.00145150138997, 0.00488773081452, -0.0101647647098, 0.0244513861835, -0.00949760433286, 0.00387826911174], [-0.000853868143167, 0.00258119869977, -0.0018289530417, 0.00241886265576, -0.00155506259762, -0.000655428157188, 0.00134108017664, -0.000524935720023, -0.00278364983387, 0.00294510787353, -0.00949760433286, 0.020348707214, -0.00957033131272], [0.000611826835666, -0.00119995744899, 0.00164606387261, -0.00333894533105, 0.000907034031115, 0.002067216672, -0.00177301967051, 0.000566795642953, -0.000597403151914, -0.000821870286018, 0.00387826911174, -0.00957033131272, 0.0215913075954]], "mean": [6.58528280258, 63.2419281006, -102.310798645, 24.8107681274, -50.7399559021, 12.7070045471, -44.6152801514, 7.84773540497, -29.2908744812, 3.3702788353, -23.9279155731, 4.89359235764, -17.4916954041]}, "hfc": {"dmean": 12.241522789, "dmean2": 16.9812660217, "dvar": 426.451873779, "dvar2": 807.083007813, "max": 675.918334961, "mean": 33.9583969116, "median": 25.624370575, "min": 1.03903605963e-16, "var": 1327.30480957}, "melbands": {"dmean": [0.000947924621869, 0.00140166981146, 0.000819198205136, 0.0005642559845, 0.000392252171878, 0.000230937963352, 0.000135271824547, 8.11813442851e-05, 0.000127771592815, 9.41701437114e-05, 0.000118901101814, 8.24813687359e-05, 6.32918163319e-05, 5.1395069022e-05, 3.97593867092e-05, 4.56326706626e-05, 8.30506905913e-05, 4.14554051531e-05, 2.82168366539e-05, 2.30940258916e-05, 2.66088482022e-05, 2.18349341594e-05, 1.78038280865e-05, 1.54410972755e-05, 9.71292774921e-06, 6.91730292601e-06, 5.55039696337e-06, 5.78262506679e-06, 4.51258074463e-06, 4.65535867988e-06, 4.17069213654e-06, 3.9540555008e-06, 3.53046061718e-06, 3.06141964757e-06, 3.00225360661e-06, 2.86796830551e-06, 2.12672239286e-06, 2.36367031903e-06, 2.3081904601e-06, 1.77469496521e-06], "dmean2": [0.00158159155399, 0.0024578445591, 0.00137822923716, 0.000957440410275, 0.000602699292358, 0.000356623175321, 0.000219342371565, 0.000130680666189, 0.000198768015252, 0.000146177306306, 0.000184384829481, 0.000127603168949, 0.000102492536826, 8.07988108136e-05, 6.34798998362e-05, 7.18705487088e-05, 0.000129245891003, 6.62152378936e-05, 4.37684175267e-05, 3.65557607438e-05, 4.37669332314e-05, 3.58113575203e-05, 2.90069274342e-05, 2.46298768616e-05, 1.56392106874e-05, 1.11310337161e-05, 8.75479690876e-06, 8.93169544725e-06, 6.99352131051e-06, 7.15834175935e-06, 6.35685682937e-06, 5.84318286201e-06, 5.2047034842e-06, 4.49635081168e-06, 4.49711251349e-06, 4.20778360422e-06, 3.03542083202e-06, 3.45648049915e-06, 3.31263527187e-06, 2.5699971502e-06], "dvar": [6.89811531629e-06, 1.85184926522e-05, 2.63926858679e-06, 1.30478213123e-06, 5.53878862775e-07, 2.49359032978e-07, 8.1640465055e-08, 6.07444334833e-08, 8.74207657375e-08, 7.23150890281e-08, 1.07318250286e-07, 6.17588185037e-08, 6.53609504297e-08, 1.81949637579e-08, 1.10668896269e-08, 1.58566262343e-08, 6.35993728793e-08, 9.22412191073e-09, 7.20280990407e-09, 3.09166625634e-09, 5.86217430154e-09, 2.89809087839e-09, 1.08465869619e-09, 8.57796056408e-10, 3.37957550833e-10, 1.75230427391e-10, 1.59599777838e-10, 1.63854943502e-10, 9.07417613272e-11, 1.05979863774e-10, 9.89042320265e-11, 6.79973091722e-11, 5.21812072718e-11, 4.40193194395e-11, 5.94528593023e-11, 4.22935401978e-11, 2.04633011924e-11, 3.4360757295e-11, 3.51039128321e-11, 3.38384355258e-11], "dvar2": [1.7024734916e-05, 5.17688858963e-05, 7.0812488957e-06, 3.38771792485e-06, 1.19197932236e-06, 5.74581804358e-07, 2.10175031157e-07, 1.54801298891e-07, 2.04151092476e-07, 1.69535070427e-07, 2.50251503076e-07, 1.43681646136e-07, 1.70296033275e-07, 4.44308803083e-08, 2.68790145697e-08, 3.77394222539e-08, 1.51079888155e-07, 2.23858833692e-08, 1.73818843763e-08, 7.45529149526e-09, 1.46340095597e-08, 7.49784678789e-09, 2.54969600988e-09, 2.10477435481e-09, 8.594756018e-10, 4.37124170194e-10, 3.5954694777e-10, 3.63790053637e-10, 2.04831318573e-10, 2.42081799051e-10, 2.32941083089e-10, 1.28423480183e-10, 1.09058713449e-10, 9.54835724376e-11, 1.29204272281e-10, 8.32273416851e-11, 4.00721712757e-11, 7.33963098631e-11, 6.91603094238e-11, 6.66813965156e-11], "max": [0.026289889589, 0.0474066734314, 0.0205552931875, 0.0145748686045, 0.0162855591625, 0.0100494315848, 0.00789358559996, 0.00818583089858, 0.00935420487076, 0.00693042017519, 0.00786376092583, 0.00745979137719, 0.00900898966938, 0.00336230918765, 0.00368145806715, 0.00394181162119, 0.00763504160568, 0.00203608348966, 0.00266105215997, 0.00152984785382, 0.00386049062945, 0.00226384680718, 0.000795078871306, 0.000720606651157, 0.000390471424907, 0.000350995862391, 0.00047736018314, 0.0004697968252, 0.000250896060606, 0.000266189861577, 0.000411659653764, 0.000235508588958, 0.000196219159989, 0.000193722182303, 0.000264903792413, 0.000181258874363, 0.000102010482806, 0.000167254154803, 0.000185568278539, 0.00017409324937], "mean": [0.00111507682595, 0.00137831666507, 0.00105127145071, 0.000721831514966, 0.000713796645869, 0.000392216345062, 0.000212233382626, 0.000122081677546, 0.000214950094232, 0.000145519661601, 0.000193309417227, 0.000137444221764, 9.46688451222e-05, 8.23815644253e-05, 6.19362181169e-05, 6.93844631314e-05, 0.000145938771311, 7.19455638318e-05, 4.52475032944e-05, 3.87699801649e-05, 4.78388938063e-05, 4.21375698352e-05, 3.36342272931e-05, 2.91890264634e-05, 1.82444491656e-05, 1.23103154692e-05, 9.48452907323e-06, 9.95446407615e-06, 7.92743867351e-06, 8.71715474204e-06, 6.74750162943e-06, 6.71306270306e-06, 6.27708459433e-06, 5.60640773983e-06, 5.27650217919e-06, 4.63720107291e-06, 3.33052071255e-06, 3.50206892108e-06, 3.43492683896e-06, 2.78252878161e-06], "median": [0.000325831177179, 0.000579108658712, 0.000608745845966, 0.000342838291544, 0.00028003344778, 0.000176967398147, 0.000107118845335, 5.39688990102e-05, 8.10759447631e-05, 4.62162934127e-05, 4.7260622523e-05, 3.34490032401e-05, 2.07206394407e-05, 3.14739809255e-05, 2.51036981354e-05, 2.23945280595e-05, 3.60922713298e-05, 2.46033960138e-05, 1.57940721692e-05, 1.57927934197e-05, 1.85286935448e-05, 1.75445129571e-05, 1.62069700309e-05, 1.43559245771e-05, 8.89441344043e-06, 6.39625204713e-06, 4.38108963863e-06, 4.01939450967e-06, 3.09391634801e-06, 3.14785256705e-06, 2.990470648e-06, 3.0172886909e-06, 2.78062407233e-06, 2.50123162004e-06, 2.21898312702e-06, 1.78818345375e-06, 1.28648480313e-06, 1.09861753117e-06, 1.0486201063e-06, 9.03972136257e-07], "min": [9.32299878048e-25, 1.06122657123e-24, 1.72492700245e-24, 1.00281260449e-24, 1.20989904452e-24, 1.50940024377e-24, 2.09169663906e-24, 1.14310569864e-24, 1.44292540048e-24, 9.50008030433e-25, 1.94881361596e-24, 2.27300330192e-24, 1.71021494378e-24, 3.60866787676e-24, 2.37009866872e-24, 2.94639626986e-24, 2.28938478748e-24, 1.95783917079e-24, 2.38546567915e-24, 3.58872468422e-24, 2.96603476488e-24, 4.1145529368e-24, 3.48865965054e-24, 4.33799147731e-24, 4.39695173023e-24, 3.16989693317e-24, 3.86943847076e-24, 4.25237088124e-24, 5.42251981639e-24, 4.26588446298e-24, 4.31976011293e-24, 4.41495432495e-24, 4.93136712819e-24, 4.75340050241e-24, 5.74557137329e-24, 5.22810938504e-24, 6.111627288e-24, 6.09381441433e-24, 5.4859264838e-24, 6.57605534088e-24], "var": [7.56214058129e-06, 1.26785535031e-05, 2.34776507568e-06, 1.49457059706e-06, 1.44350610753e-06, 5.04477839058e-07, 1.22841015582e-07, 8.1901532667e-08, 1.92543296862e-07, 1.19367641105e-07, 2.24097163937e-07, 1.5664366515e-07, 1.14487178848e-07, 3.46814026386e-08, 2.21855191995e-08, 2.70075481978e-08, 1.79626781005e-07, 2.26660432645e-08, 1.13641309696e-08, 5.34004884756e-09, 1.15918057375e-08, 6.31186081179e-09, 2.74652611765e-09, 1.88607973683e-09, 7.1493932996e-10, 3.13087916703e-10, 3.28049393206e-10, 4.47575476681e-10, 2.13640813373e-10, 3.39788946979e-10, 1.7640680583e-10, 1.53572404793e-10, 1.16085675794e-10, 1.01758941551e-10, 1.24669788382e-10, 1.00629629629e-10, 4.67428248885e-11, 7.41045627639e-11, 7.9771113326e-11, 7.2925554484e-11]}, "melbands_crest": {"dmean": 3.62925243378, "dmean2": 5.82646846771, "dvar": 10.3166484833, "dvar2": 25.6951999664, "max": 35.9704360962, "mean": 13.5125379562, "median": 12.4318637848, "min": 1.65474927425, "var": 33.6838874817}, "melbands_flatness_db": {"dmean": 0.026488121599, "dmean2": 0.0390313528478, "dvar": 0.000749501865357, "dvar2": 0.00151394482236, "max": 0.646500766277, "mean": 0.170621603727, "median": 0.150981590152, "min": 0.00267574843019, "var": 0.00745892012492}, "melbands_kurtosis": {"dmean": 7.84447574615, "dmean2": 12.1502466202, "dvar": 315.314971924, "dvar2": 716.432983398, "max": 647.881774902, "mean": 13.512424469, "median": 5.8093419075, "min": -1.88952231407, "var": 695.708190918}, "melbands_skewness": {"dmean": 0.770851910114, "dmean2": 1.15162360668, "dvar": 0.913061022758, "dvar2": 1.94575679302, "max": 16.8566455841, "mean": 2.50313258171, "median": 2.20869731903, "min": -1.81063020229, "var": 3.43012785912}, "melbands_spread": {"dmean": 9.01225566864, "dmean2": 13.4250068665, "dvar": 151.464920044, "dvar2": 289.083435059, "max": 262.985107422, "mean": 32.9439468384, "median": 27.4521446228, "min": 0.219642400742, "var": 735.264282227}, "mfcc": {"cov": [[12572.8164063, -887.092285156, -355.381103516, 101.768447876, -33.1969451904, 178.866256714, -129.741851807, 103.508003235, 68.2339172363, 53.0634841919, 57.188117981, -124.155540466, -57.0370025635], [-887.092285156, 1513.68579102, -282.470550537, -32.7092895508, 22.4283561707, -110.112281799, 24.0181427002, -12.5303087234, -45.6653556824, -43.0891609192, -5.6969332695, 28.0228557587, -45.7148361206], [-355.381103516, -282.470550537, 838.590515137, 49.56483078, 65.9988021851, 108.844207764, -27.9851856232, 21.5759429932, 1.62435472012, 33.6072120667, 14.1700563431, -4.71247529984, 21.8723049164], [101.768447876, -32.7092895508, 49.56483078, 297.584228516, 108.028488159, 1.43008446693, 10.3116559982, -5.09693288803, 51.8880157471, -6.40910959244, -35.4512863159, 59.6709785461, 27.9408111572], [-33.1969451904, 22.4283561707, 65.9988021851, 108.028488159, 190.928237915, 50.5508499146, 16.1066074371, 32.2427864075, 33.3349990845, 26.5302257538, 17.5247001648, 36.4760360718, 19.924074173], [178.866256714, -110.112281799, 108.844207764, 1.43008446693, 50.5508499146, 170.004150391, 72.2445373535, 35.3395233154, 29.586479187, 40.2868270874, 49.0645828247, 18.5850048065, 12.7007827759], [-129.741851807, 24.0181427002, -27.9851856232, 10.3116559982, 16.1066074371, 72.2445373535, 177.492004395, 46.3190765381, 18.6391601563, 14.2255678177, 28.5738220215, 35.4222755432, 9.4795627594], [103.508003235, -12.5303087234, 21.5759429932, -5.09693288803, 32.2427864075, 35.3395233154, 46.3190765381, 114.52457428, 41.540435791, 23.4448204041, 22.8881664276, 10.6530075073, 19.2835941315], [68.2339172363, -45.6653556824, 1.62435472012, 51.8880157471, 33.3349990845, 29.586479187, 18.6391601563, 41.540435791, 113.798835754, 39.799659729, 12.3569116592, 31.5363082886, 21.3834400177], [53.0634841919, -43.0891609192, 33.6072120667, -6.40910959244, 26.5302257538, 40.2868270874, 14.2255678177, 23.4448204041, 39.799659729, 102.014129639, 51.1724510193, 4.63009309769, 3.59061598778], [57.188117981, -5.6969332695, 14.1700563431, -35.4512863159, 17.5247001648, 49.0645828247, 28.5738220215, 22.8881664276, 12.3569116592, 51.1724510193, 102.256584167, 24.8700656891, 6.09514284134], [-124.155540466, 28.0228557587, -4.71247529984, 59.6709785461, 36.4760360718, 18.5850048065, 35.4222755432, 10.6530075073, 31.5363082886, 4.63009309769, 24.8700656891, 115.102081299, 41.4038238525], [-57.0370025635, -45.7148361206, 21.8723049164, 27.9408111572, 19.924074173, 12.7007827759, 9.4795627594, 19.2835941315, 21.3834400177, 3.59061598778, 6.09514284134, 41.4038238525, 72.7690658569]], "icov": [[9.46865038713e-05, 5.30399956915e-05, 9.29767993512e-05, -0.000123975609313, 8.29954515211e-05, -0.000197098081117, 0.000184003845789, -0.000165488818311, 3.20570434269e-05, 2.59375901805e-05, -8.5560765001e-05, 9.34672789299e-05, 0.00010203961574], [5.30399956915e-05, 0.000817967462353, 0.000232711870922, 0.000135507623781, -0.000382167403586, 0.000472634390462, -0.000139280949952, -0.000150359162944, 0.000228643591981, 0.000183330223081, -0.000123759586131, -0.000384003738873, 0.000666213687509], [9.29767993512e-05, 0.000232711870922, 0.00156025693286, -0.000396057788748, -8.24552626e-05, -0.00127640459687, 0.000869626994245, -0.000506637908984, 0.000659712648485, -0.000299861683743, 0.00014103630383, 0.000167494974448, -0.000117676987429], [-0.000123975609313, 0.000135507623781, -0.000396057788748, 0.00587964849547, -0.00324374972843, 0.00120606156997, -0.000961353536695, 0.00182004424278, -0.00217828876339, 0.000330633571139, 0.00265101692639, -0.00219523836859, -0.000179250273504], [8.29954515211e-05, -0.000382167403586, -8.24552626e-05, -0.00324374972843, 0.00826977752149, -0.00240437546745, 0.00132718239911, -0.00217730738223, 0.000713570101652, -0.00116922485176, -0.00069252733374, -0.000527359894477, -0.000139207564644], [-0.000197098081117, 0.000472634390462, -0.00127640459687, 0.00120606156997, -0.00240437546745, 0.0106722787023, -0.00425921054557, 0.000812183949165, -0.001474546385, -0.000504177180119, -0.00261040078476, 0.000380243232939, -0.000341287755873], [0.000184003845789, -0.000139280949952, 0.000869626994245, -0.000961353536695, 0.00132718239911, -0.00425921054557, 0.0087183220312, -0.00336008099839, 0.00110317673534, 0.000114116934128, -0.000201735761948, -0.00200778688304, 0.00112862873357], [-0.000165488818311, -0.000150359162944, -0.000506637908984, 0.00182004424278, -0.00217730738223, 0.000812183949165, -0.00336008099839, 0.0128421401605, -0.00445090373978, 0.000361175858416, -0.00106950476766, 0.00178339716513, -0.00291678542271], [3.20570434269e-05, 0.000228643591981, 0.000659712648485, -0.00217828876339, 0.000713570101652, -0.001474546385, 0.00110317673534, -0.00445090373978, 0.0139506272972, -0.00535952299833, 0.00209092511795, -0.00261714239605, -0.000616418255959], [2.59375901805e-05, 0.000183330223081, -0.000299861683743, 0.000330633571139, -0.00116922485176, -0.000504177180119, 0.000114116934128, 0.000361175858416, -0.00535952299833, 0.0161616075784, -0.00759035069495, 0.00250275852159, 0.000385450170143], [-8.5560765001e-05, -0.000123759586131, 0.00014103630383, 0.00265101692639, -0.00069252733374, -0.00261040078476, -0.000201735761948, -0.00106950476766, 0.00209092511795, -0.00759035069495, 0.0170718170702, -0.00489644426852, 0.000865937094204], [9.34672789299e-05, -0.000384003738873, 0.000167494974448, -0.00219523836859, -0.000527359894477, 0.000380243232939, -0.00200778688304, 0.00178339716513, -0.00261714239605, 0.00250275852159, -0.00489644426852, 0.0147152524441, -0.00682537350804], [0.00010203961574, 0.000666213687509, -0.000117676987429, -0.000179250273504, -0.000139207564644, -0.000341287755873, 0.00112862873357, -0.00291678542271, -0.000616418255959, 0.000385450170143, 0.000865937094204, -0.00682537350804, 0.0190414600074]], "mean": [-630.569702148, 100.474189758, 4.00699710846, 17.0136356354, 10.416800499, 4.46515464783, -4.09235858917, 2.00850963593, -3.08796072006, -3.26978492737, -0.722603142262, -2.59226799011, -6.84547519684]}, "pitch_salience": {"dmean": 0.0719068869948, "dmean2": 0.11563872546, "dvar": 0.00435200799257, "dvar2": 0.0107809901237, "max": 0.989027261734, "mean": 0.569658994675, "median": 0.581040799618, "min": 0.0225439723581, "var": 0.0132577018812}, "silence_rate_20dB": {"dmean": 0, "dmean2": 0, "dvar": 0, "dvar2": 0, "max": 1, "mean": 1, "median": 1, "min": 1, "var": 0}, "silence_rate_30dB": {"dmean": 0.0087314452976, "dmean2": 0.01746506989, "dvar": 0.00865525472909, "dvar2": 0.0251442287117, "max": 1, "mean": 0.99526065588, "median": 1, "min": 0, "var": 0.0047171623446}, "silence_rate_60dB": {"dmean": 0.00673568667844, "dmean2": 0.0134730534628, "dvar": 0.00669071031734, "dvar2": 0.0147900655866, "max": 1, "mean": 0.0604888983071, "median": 0, "min": 0, "var": 0.0568332001567}, "spectral_centroid": {"dmean": 263.862762451, "dmean2": 391.644134521, "dvar": 93893.4140625, "dvar2": 188051, "max": 11733.546875, "mean": 1651.00402832, "median": 1458.40185547, "min": 130.803665161, "var": 1903379.5}, "spectral_complexity": {"dmean": 4.12673091888, "dmean2": 6.1185131073, "dvar": 24.6978969574, "dvar2": 44.7166175842, "max": 64, "mean": 21.9019699097, "median": 21, "min": 0, "var": 133.419403076}, "spectral_contrast_coeffs": {"dmean": [0.0524540878832, 0.0472645275295, 0.0388969704509, 0.032720901072, 0.0236291736364, 0.0200030729175], "dmean2": [0.0843405351043, 0.0763262212276, 0.0632217824459, 0.0531188361347, 0.0381159298122, 0.0303395371884], "dvar": [0.00194888201077, 0.00155472825281, 0.00102026667446, 0.000691925582942, 0.000379195669666, 0.000345321692294], "dvar2": [0.00496296584606, 0.00393485184759, 0.00261171767488, 0.00176135101356, 0.000941947160754, 0.00072678970173], "max": [-0.262195140123, -0.41919118166, -0.442169219255, -0.550751447678, -0.587420403957, -0.586913049221], "mean": [-0.621635615826, -0.71955537796, -0.755364716053, -0.763529777527, -0.782256245613, -0.775282382965], "median": [-0.632296442986, -0.723154306412, -0.760717749596, -0.765745162964, -0.781170725822, -0.77511548996], "min": [-0.992959916592, -0.975264072418, -0.97939658165, -0.969834923744, -0.967328131199, -0.965256094933], "var": [0.0108114434406, 0.00633228151128, 0.00532174203545, 0.00372668076307, 0.00235751550645, 0.00238719279878]}, "spectral_contrast_valleys": {"dmean": [0.460165292025, 0.379596799612, 0.362391412258, 0.306536048651, 0.285673886538, 0.370337545872], "dmean2": [0.738574922085, 0.611505866051, 0.569366455078, 0.476040989161, 0.412106901407, 0.460689872503], "dvar": [0.188291043043, 0.12578740716, 0.122485071421, 0.103136576712, 0.12276366353, 0.153420433402], "dvar2": [0.430775403976, 0.281513094902, 0.254639446735, 0.194295868278, 0.212604880333, 0.240519940853], "max": [-4.90099954605, -5.00298213959, -4.85926628113, -5.61045646667, -5.40939092636, -6.96579170227], "mean": [-7.69137907028, -7.16745615005, -7.70925092697, -7.94875240326, -7.73101997375, -9.91925811768], "median": [-7.0940990448, -6.68345212936, -7.23872423172, -7.42292976379, -7.17594623566, -9.27073860168], "min": [-28.1605815887, -28.3448600769, -27.7841682434, -27.7137966156, -27.6247749329, -27.38306427], "var": [7.53351068497, 7.61673164368, 7.33543968201, 7.2843708992, 7.6267118454, 7.19496202469]}, "spectral_decrease": {"dmean": 2.84841128462e-09, "dmean2": 4.53082238394e-09, "dvar": 2.60503626352e-17, "dvar2": 6.60431456625e-17, "max": 4.00144325644e-28, "mean": -6.53634701919e-09, "median": -5.49882894774e-09, "min": -5.34991642098e-08, "var": 3.08193136382e-17}, "spectral_energy": {"dmean": 0.0115325413644, "dmean2": 0.0181618537754, "dvar": 0.000396778108552, "dvar2": 0.00100193766411, "max": 0.210162580013, "mean": 0.0277498215437, "median": 0.0239393785596, "min": 1.00855361357e-20, "var": 0.000497557630297}, "spectral_energyband_high": {"dmean": 0.000997895258479, "dmean2": 0.00133433716837, "dvar": 4.08937239627e-06, "dvar2": 7.12961082172e-06, "max": 0.0621174015105, "mean": 0.00205165869556, "median": 0.00100950943306, "min": 7.12899875595e-21, "var": 1.25615442812e-05}, "spectral_energyband_low": {"dmean": 0.00674447370693, "dmean2": 0.0111073665321, "dvar": 0.000292984303087, "dvar2": 0.000751546991523, "max": 0.185545399785, "mean": 0.00844492483884, "median": 0.00424469774589, "min": 1.64281214368e-23, "var": 0.000273739016848}, "spectral_energyband_middle_high": {"dmean": 0.0025334097445, "dmean2": 0.00388781377114, "dvar": 1.67837788467e-05, "dvar2": 3.95187744289e-05, "max": 0.0888677313924, "mean": 0.00744173908606, "median": 0.00451432447881, "min": 1.10454693411e-21, "var": 6.89240696374e-05}, "spectral_energyband_middle_low": {"dmean": 0.00525611080229, "dmean2": 0.00833533331752, "dvar": 5.27726515429e-05, "dvar2": 0.000131936423713, "max": 0.0737630054355, "mean": 0.0115655204281, "median": 0.00882076472044, "min": 1.66279421129e-22, "var": 9.21198661672e-05}, "spectral_entropy": {"dmean": 0.169805139303, "dmean2": 0.231699854136, "dvar": 0.0363739728928, "dvar2": 0.0627659484744, "max": 9.82556915283, "mean": 7.77751684189, "median": 7.8566493988, "min": 3.6689863205, "var": 0.384643882513}, "spectral_flux": {"dmean": 0.0284067150205, "dmean2": 0.0430499464273, "dvar": 0.00139024388045, "dvar2": 0.00274040480144, "max": 0.425071179867, "mean": 0.0924447253346, "median": 0.0843615531921, "min": 6.29039875744e-11, "var": 0.00319839967415}, "spectral_kurtosis": {"dmean": 1.68730378151, "dmean2": 2.57594013214, "dvar": 16.9346523285, "dvar2": 39.4242019653, "max": 111.979606628, "mean": 4.78636598587, "median": 3.22232985497, "min": -1.26239717007, "var": 61.1040611267}, "spectral_rms": {"dmean": 0.000940682017244, "dmean2": 0.00142763426993, "dvar": 1.52861207425e-06, "dvar2": 3.5893031054e-06, "max": 0.0143191013485, "mean": 0.00481955939904, "median": 0.00483275204897, "min": 3.13680526866e-12, "var": 3.84483291782e-06}, "spectral_rolloff": {"dmean": 726.021240234, "dmean2": 1122.56286621, "dvar": 1629354.875, "dvar2": 3067672.75, "max": 19745.9472656, "mean": 2389.69604492, "median": 1636.5234375, "min": 21.533203125, "var": 8729256}, "spectral_skewness": {"dmean": 0.216570302844, "dmean2": 0.319162368774, "dvar": 0.107541307807, "dvar2": 0.220590040088, "max": 8.78349494934, "mean": 1.57051599026, "median": 1.49186325073, "min": -0.0731042698026, "var": 0.52112776041}, "spectral_spread": {"dmean": 784456.75, "dmean2": 1039432.0625, "dvar": 733896441856, "dvar2": 1227963498500.0, "max": 42472860, "mean": 6281991, "median": 5801230.5, "min": 748368.1875, "var": 22845899931600.0}, "spectral_strongpeak": {"dmean": 0.691036641598, "dmean2": 1.16553354263, "dvar": 1.4071