{"lowlevel": {"average_loudness": 0.931867301464, "barkbands": {"dmean": [3.14440694638e-05, 0.0023111582268, 0.00273153488524, 0.00219762255438, 0.00373585359193, 0.00173241982702, 0.000576076970901, 0.000378240511054, 0.000373673741706, 0.000389307766454, 0.000253850739682, 0.000326333800331, 0.000180418544915, 0.000139887997648, 0.000191108149011, 0.000189149199286, 0.000166218422237, 0.00022046804952, 0.000212825310882, 0.000164330354892, 0.000125362770632, 0.000204142081202, 0.000188651596545, 0.000173875596374, 9.54140850808e-05, 4.74790867884e-05, 2.40416193265e-05], "dmean2": [4.79140580865e-05, 0.00353827397339, 0.00446854671463, 0.0037622100208, 0.00609148433432, 0.0031429992523, 0.000933582196012, 0.000612212868873, 0.000595233403146, 0.000591548683587, 0.000393244001316, 0.000493629020639, 0.000284117966658, 0.000224454634008, 0.000305154186208, 0.000301250431221, 0.000261946523096, 0.000355324154953, 0.00032777452725, 0.000254590355325, 0.000191825820366, 0.000313040101901, 0.000262382061919, 0.000253946724115, 0.000149294472067, 7.38624512451e-05, 3.44312793459e-05], "dvar": [3.48728512733e-09, 2.23514762183e-05, 4.31329390267e-05, 3.52352326445e-05, 6.0603430029e-05, 3.8752292312e-05, 2.12182067116e-06, 9.96300514089e-07, 1.04801222278e-06, 1.301410407e-06, 4.76020289852e-07, 1.01620878468e-06, 3.06993968024e-07, 1.5904484485e-07, 2.26973639883e-07, 2.31494880154e-07, 1.65969950672e-07, 2.20453742372e-07, 1.61417617051e-07, 7.85306824014e-08, 3.90583494436e-08, 1.50289906742e-07, 9.84734640497e-08, 6.58507062212e-08, 1.41161651257e-08, 4.99643570961e-09, 1.70033109814e-09], "dvar2": [7.57147855523e-09, 5.19782734045e-05, 0.000108622909465, 9.58140080911e-05, 0.00014636706328, 0.00011152549996, 5.02074362885e-06, 2.43253862209e-06, 2.41333782469e-06, 2.90567777483e-06, 1.00626630228e-06, 2.0453101115e-06, 6.50737547403e-07, 3.58362427733e-07, 5.24012762071e-07, 5.14391160777e-07, 3.69327153749e-07, 5.36010816177e-07, 3.72433618168e-07, 1.78093586101e-07, 9.10571742452e-08, 3.45045236827e-07, 1.86837795013e-07, 1.22594727259e-07, 3.0490685532e-08, 1.18634853052e-08, 3.60468987992e-09], "max": [0.000978746102192, 0.0862362012267, 0.0714872702956, 0.067506596446, 0.0589176341891, 0.0562106817961, 0.0345053710043, 0.0260344017297, 0.0353471189737, 0.0304013881832, 0.0273555405438, 0.0321902632713, 0.0261485967785, 0.0151821561158, 0.0116409193724, 0.0149313146248, 0.0118261966854, 0.00959301460534, 0.00863035302609, 0.00699847750366, 0.00248250341974, 0.00424861907959, 0.00371763366275, 0.00344516709447, 0.00170593278017, 0.001259729499, 0.000578541192226], "mean": [3.45965563611e-05, 0.00346990558319, 0.00317773595452, 0.00261726090685, 0.00378143996932, 0.00143436680082, 0.000727955251932, 0.000462331168819, 0.000605947047006, 0.00060807086993, 0.000362110644346, 0.000537018233445, 0.00027379221865, 0.000201872098842, 0.000287814094918, 0.000286024034722, 0.000281892658677, 0.000352499569999, 0.000393819529563, 0.000340954982676, 0.000263760623056, 0.000401020952268, 0.000442807853688, 0.000392633141018, 0.000183674754226, 8.80794832483e-05, 4.01699107897e-05], "median": [7.59263048167e-06, 0.000517723383382, 0.00102837616578, 0.000887110596523, 0.000982248107903, 0.000258163723629, 0.000177637281013, 0.000110806053272, 0.000114016569569, 0.000126586150145, 8.62642045831e-05, 7.87143362686e-05, 6.91128225299e-05, 6.1906670453e-05, 8.66634727572e-05, 7.55844957894e-05, 8.03419898148e-05, 0.000113601505291, 0.000147789629409, 0.000156722846441, 0.000104450104118, 8.71183365234e-05, 9.95017398964e-05, 0.000120536671602, 9.85323204077e-05, 4.38325841969e-05, 5.52130541109e-06], "min": [1.99473735077e-23, 5.07747560632e-24, 6.89787706362e-24, 4.77581440731e-24, 2.30094033756e-23, 6.4580987841e-23, 4.07517087048e-23, 4.16771782307e-23, 2.78986149603e-23, 5.78295438718e-23, 6.7201425996e-23, 1.30302226789e-22, 7.50631632903e-23, 7.56354408563e-23, 1.74535412171e-22, 8.34744274021e-23, 1.58167747457e-22, 1.67801910054e-22, 2.79731566361e-22, 2.25728748875e-22, 3.60206006227e-22, 4.37738638628e-22, 4.19939715174e-22, 6.29888443911e-22, 1.32274066032e-21, 1.50884418124e-21, 2.23575933581e-21], "var": [4.61602045476e-09, 3.98343945562e-05, 3.99026539526e-05, 2.7854959626e-05, 5.87073518545e-05, 2.38180928136e-05, 3.07521645482e-06, 1.47700154685e-06, 3.21847915075e-06, 2.8835518151e-06, 1.15923751309e-06, 2.61392733591e-06, 6.37820278371e-07, 2.46713682373e-07, 4.29936307e-07, 4.88093974127e-07, 3.92752269818e-07, 4.77381831843e-07, 3.94583082652e-07, 2.41279565216e-07, 1.13839128346e-07, 4.26002770837e-07, 5.34606783731e-07, 3.45130160895e-07, 3.89482117669e-08, 1.079619949e-08, 5.4306292796e-09]}, "barkbands_crest": {"dmean": 2.83203101158, "dmean2": 4.41094493866, "dvar": 7.27060556412, "dvar2": 16.0487442017, "max": 26.368894577, "mean": 10.5587129593, "median": 10.216547966, "min": 2.34822940826, "var": 19.4484729767}, "barkbands_flatness_db": {"dmean": 0.0253576394171, "dmean2": 0.0367783084512, "dvar": 0.000716041598935, "dvar2": 0.00140431546606, "max": 0.370277583599, "mean": 0.120583452284, "median": 0.110201507807, "min": 0.0236164629459, "var": 0.00298605184071}, "barkbands_kurtosis": {"dmean": 5.18317604065, "dmean2": 7.66230297089, "dvar": 167.243927002, "dvar2": 369.565856934, "max": 375.988922119, "mean": 6.57783699036, "median": 1.402094841, "min": -1.9710290432, "var": 263.811676025}, "barkbands_skewness": {"dmean": 0.771883666515, "dmean2": 1.05780637264, "dvar": 0.858950316906, "dvar2": 1.67155992985, "max": 18.7683238983, "mean": 1.73909664154, "median": 1.47650253773, "min": -5.57060813904, "var": 3.52841258049}, "barkbands_spread": {"dmean": 9.74202346802, "dmean2": 14.2190942764, "dvar": 116.184669495, "dvar2": 252.213943481, "max": 120.673126221, "mean": 33.4507331848, "median": 30.1554298401, "min": 0.993551313877, "var": 410.530639648}, "dissonance": {"dmean": 0.0161145962775, "dmean2": 0.026472652331, "dvar": 0.000274536636425, "dvar2": 0.000719264906365, "max": 0.500000059605, "mean": 0.46771889925, "median": 0.474548846483, "min": 0.27192363143, "var": 0.000661426631268}, "dynamic_complexity": 3.9534342289, "erbbands": {"dmean": [0.0491434745491, 0.611404359341, 2.57674431801, 5.768409729, 8.56321334839, 15.0441923141, 15.2747497559, 13.3758945465, 8.71839332581, 8.73119831085, 7.09307336807, 7.38693809509, 9.75669002533, 12.5353851318, 11.6500492096, 10.739991188, 7.90880489349, 6.24864721298, 9.66377639771, 8.96336555481, 9.43403434753, 9.11763191223, 8.85804367065, 12.0801315308, 10.2941818237, 7.92137336731, 5.51291322708, 5.60858821869, 7.35345983505, 7.95097351074, 4.81095218658, 4.12220668793, 2.64443659782, 1.0246822834, 0.69912135601, 0.279756516218, 0.0707149431109, 0.0196947008371, 0.00423761969432, 0.000268205505563], "dmean2": [0.0715463161469, 0.915301799774, 4.06297636032, 9.56948566437, 14.1204175949, 24.5435371399, 27.5639896393, 23.9569530487, 14.566037178, 14.001750946, 11.5127840042, 11.8368234634, 14.2367601395, 19.3079433441, 17.442861557, 15.7696218491, 12.1592140198, 9.97457790375, 15.3129558563, 14.2318315506, 14.9643583298, 14.0450649261, 13.7818517685, 19.1220607758, 15.5112571716, 12.2464542389, 8.59361553192, 8.34854125977, 11.2619895935, 12.6912899017, 6.73038291931, 5.89158630371, 4.06686735153, 1.56149291992, 1.10167777538, 0.449287235737, 0.107438206673, 0.0282396003604, 0.00624034553766, 0.00039020908298], "dvar": [0.00916059780866, 1.57785081863, 34.1775894165, 225.760894775, 342.897735596, 1316.40917969, 2914.41259766, 2131.54956055, 515.978149414, 525.320495605, 289.290924072, 507.83770752, 744.473510742, 1593.75024414, 818.881774902, 1256.43200684, 686.171142578, 268.243225098, 695.212646484, 431.137207031, 642.629394531, 512.860412598, 331.435760498, 655.395263672, 338.784637451, 206.028381348, 86.4990539551, 71.5945587158, 178.596237183, 199.458267212, 71.7238464355, 44.7710418701, 13.7349901199, 2.05165815353, 0.72631418705, 0.183468908072, 0.0104552647099, 0.000780885282438, 6.09460221312e-05, 2.93097286885e-07], "dvar2": [0.019984645769, 3.64783167839, 82.5828857422, 587.7265625, 895.29901123, 3140.44458008, 8281.546875, 6071.75488281, 1280.68469238, 1165.35339355, 703.095458984, 1211.99462891, 1418.52453613, 3687.31762695, 1694.05847168, 2496.83251953, 1438.30517578, 607.424804688, 1571.96704102, 949.580566406, 1409.25341797, 1110.53430176, 750.106689453, 1576.49438477, 737.399475098, 460.316711426, 209.448623657, 165.064559937, 414.331237793, 472.646270752, 125.738327026, 80.6822128296, 30.8026771545, 4.21199035645, 1.65623295307, 0.457545489073, 0.0236433688551, 0.00161680520978, 0.000138731251354, 6.21785886779e-07], "max": [1.70148456097, 21.8932876587, 73.045211792, 163.648071289, 163.331222534, 306.704589844, 467.723175049, 453.352478027, 603.53338623, 788.97265625, 452.740661621, 1009.33325195, 1007.39587402, 1153.58776855, 976.842529297, 1181.87182617, 1415.02661133, 868.948059082, 638.950134277, 720.075134277, 703.981811523, 789.931335449, 513.243652344, 635.255859375, 302.250061035, 379.614715576, 167.075424194, 146.233078003, 164.83972168, 157.4347229, 96.1116943359, 87.0063323975, 45.8517494202, 19.8037014008, 11.7332963943, 6.59212732315, 1.61291956902, 0.46770426631, 0.0988654345274, 0.00663387449458], "mean": [0.0625620409846, 0.915404975414, 3.23793435097, 7.4570183754, 9.53780937195, 14.1217288971, 12.3738031387, 11.6833724976, 10.4178781509, 11.4419059753, 8.82846641541, 11.7548837662, 17.0361061096, 20.4876918793, 20.8187294006, 17.6534461975, 13.0387477875, 10.1767902374, 15.1956043243, 14.3339004517, 15.2383432388, 16.3514118195, 16.2967414856, 21.2798023224, 20.4868011475, 16.8489646912, 11.1556329727, 11.0544939041, 13.8748273849, 15.4375419617, 11.81549263, 9.60527229309, 5.43589925766, 2.2268974781, 1.25066459179, 0.487901598215, 0.1360219419, 0.0365682020783, 0.00675379019231, 0.000454839871963], "median": [0.0131675861776, 0.139615595341, 1.1237642765, 2.97027420998, 3.48979663849, 2.70944786072, 1.9203094244, 2.30820894241, 2.73384213448, 2.89977836609, 2.88114404678, 3.01978468895, 3.86993932724, 5.41238975525, 5.38348913193, 4.11276388168, 3.91657137871, 3.29720830917, 4.78869724274, 4.99184083939, 4.43392944336, 4.97028255463, 5.52532196045, 7.93997955322, 8.61404800415, 7.34040260315, 4.84591245651, 4.03066015244, 3.17840909958, 3.27596569061, 2.52802157402, 2.33814048767, 2.01425433159, 0.921409666538, 0.771173775196, 0.242983162403, 0.0694861337543, 0.0141781214625, 0.000704253965523, 5.67552451685e-05], "min": [2.43837132996e-22, 1.06214211373e-21, 5.18882804995e-21, 1.63842798167e-20, 4.07078843892e-20, 9.59621792899e-20, 7.44935078223e-20, 4.74733842795e-19, 5.21253446469e-19, 6.84916093747e-19, 1.2319276343e-18, 7.5470097933e-19, 1.28296085238e-18, 1.69991809394e-18, 3.93720848937e-18, 4.80918920389e-18, 3.84581123553e-18, 3.41110424899e-18, 7.70389204109e-18, 1.05039315018e-17, 6.30717276138e-18, 8.97364819577e-18, 8.38696786477e-18, 1.26901177484e-17, 1.38507745706e-17, 1.1766687227e-17, 1.34814764774e-17, 1.34320226573e-17, 1.37216103179e-17, 1.68610312306e-17, 1.26560743031e-17, 1.60326743672e-17, 1.06825520561e-17, 1.18305281995e-17, 1.00060978132e-17, 5.1919351859e-18, 2.70497428125e-18, 1.15903006807e-18, 3.2999380506e-19, 3.08282556415e-20], "var": [0.0141250165179, 2.82676959038, 37.6202125549, 197.438522339, 296.321746826, 1244.97497559, 1833.53442383, 1383.35778809, 678.080383301, 947.55670166, 377.85925293, 1230.06835938, 2016.90844727, 3350.70068359, 2689.76904297, 2644.45874023, 1479.2512207, 552.820495605, 1351.02539063, 919.085388184, 1407.62316895, 1305.46655273, 995.506835938, 1327.24194336, 963.057861328, 621.441040039, 211.759552002, 214.569595337, 498.974395752, 674.07232666, 378.993896484, 245.570602417, 55.3538818359, 7.36526489258, 1.62484717369, 0.323877692223, 0.0273206196725, 0.00239268084988, 0.000168564700289, 8.4266974909e-07]}, "erbbands_crest": {"dmean": 2.42622995377, "dmean2": 3.81021261215, "dvar": 5.94413805008, "dvar2": 13.155210495, "max": 29.1066703796, "mean": 8.24082946777, "median": 6.93536996841, "min": 2.13065433502, "var": 18.5648784637}, "erbbands_flatness_db": {"dmean": 0.0175575949252, "dmean2": 0.0250507611781, "dvar": 0.000374434661353, "dvar2": 0.000675681629218, "max": 0.351383119822, "mean": 0.121733091772, "median": 0.112254589796, "min": 0.0470189228654, "var": 0.00165411178023}, "erbbands_kurtosis": {"dmean": 1.00784158707, "dmean2": 1.54631793499, "dvar": 2.93127441406, "dvar2": 6.34368848801, "max": 38.6279029846, "mean": 0.199078455567, "median": -0.46178740263, "min": -1.9029841423, "var": 5.4985408783}, "erbbands_skewness": {"dmean": 0.424598515034, "dmean2": 0.60496288538, "dvar": 0.184565007687, "dvar2": 0.380274295807, "max": 5.92968654633, "mean": 0.0155349373817, "median": 0.040724966675, "min": -3.91036868095, "var": 0.849179327488}, "erbbands_spread": {"dmean": 14.4019889832, "dmean2": 20.6962680817, "dvar": 233.073944092, "dvar2": 487.200683594, "max": 193.273590088, "mean": 59.7688598633, "median": 55.9187507629, "min": 5.61226463318, "var": 845.575683594}, "gfcc": {"cov": [[9841.93261719, -97.2942047119, -618.522644043, -401.652984619, -114.163719177, -300.883178711, -61.0628929138, -294.930938721, -200.470489502, -214.048736572, -34.4778060913, 53.2869491577, -46.2722167969], [-97.2942047119, 1715.75708008, 86.1618423462, 29.8768539429, 202.712112427, 69.8607559204, 30.3138446808, 202.924301147, -156.807846069, 55.9891662598, -23.067029953, -128.83505249, -59.0085105896], [-618.522644043, 86.1618423462, 1153.24768066, 454.930114746, 160.579177856, 88.0238723755, 4.3982667923, -18.3278846741, 28.8401012421, -10.8705120087, -173.472595215, -44.6387252808, -112.583999634], [-401.652984619, 29.8768539429, 454.930114746, 533.359069824, 190.414779663, 87.792640686, -24.6287307739, 67.6886901855, 10.7846946716, -11.662771225, -83.1146469116, -31.182012558, -49.558467865], [-114.163719177, 202.712112427, 160.579177856, 190.414779663, 342.269714355, 124.090919495, 95.453453064, 81.2466278076, -0.203232511878, 40.3736038208, -39.6514930725, -22.3125247955, -32.4573059082], [-300.883178711, 69.8607559204, 88.0238723755, 87.792640686, 124.090919495, 280.795196533, 116.711395264, 50.4857139587, 3.29767084122, 59.7660293579, -5.49845123291, -19.320142746, -14.5141916275], [-61.0628929138, 30.3138446808, 4.3982667923, -24.6287307739, 95.453453064, 116.711395264, 217.760223389, 89.4367904663, 37.1837081909, 48.5728263855, 32.0237503052, -5.8896818161, -4.65789461136], [-294.930938721, 202.924301147, -18.3278846741, 67.6886901855, 81.2466278076, 50.4857139587, 89.4367904663, 298.502441406, 70.0005111694, 118.262969971, 7.72432231903, 11.7079544067, -14.6284818649], [-200.470489502, -156.807846069, 28.8401012421, 10.7846946716, -0.203232511878, 3.29767084122, 37.1837081909, 70.0005111694, 172.551254272, 65.0764312744, 44.1355476379, 28.8894138336, 18.1430740356], [-214.048736572, 55.9891662598, -10.8705120087, -11.662771225, 40.3736038208, 59.7660293579, 48.5728263855, 118.262969971, 65.0764312744, 190.121170044, 46.412525177, 20.3791999817, -14.4655866623], [-34.4778060913, -23.067029953, -173.472595215, -83.1146469116, -39.6514930725, -5.49845123291, 32.0237503052, 7.72432231903, 44.1355476379, 46.412525177, 145.20475769, 44.2892417908, 49.0447998047], [53.2869491577, -128.83505249, -44.6387252808, -31.182012558, -22.3125247955, -19.320142746, -5.8896818161, 11.7079544067, 28.8894138336, 20.3791999817, 44.2892417908, 110.555221558, 51.0546913147], [-46.2722167969, -59.0085105896, -112.583999634, -49.558467865, -32.4573059082, -14.5141916275, -4.65789461136, -14.6284818649, 18.1430740356, -14.4655866623, 49.0447998047, 51.0546913147, 110.252922058]], "icov": [[0.00011843174434, -2.00785380002e-05, 8.85590634425e-05, 6.09086282566e-06, -2.71099997917e-05, 0.000123424964841, -0.00011329120025, 0.000142921373481, 3.30437724188e-05, 4.81740426039e-05, 0.000119198033644, -0.000204348281841, 0.000197058237973], [-2.00785380002e-05, 0.00101450702641, -0.000411489891121, 0.000600274535827, -0.000690927961841, -7.64433571021e-05, 0.000735586043447, -0.00128242559731, 0.00131933914963, 8.3391671069e-05, -0.00101268524304, 0.00144425511826, -0.000392837304389], [8.85590634425e-05, -0.000411489891121, 0.00195859349333, -0.00165709864814, 0.000480397371575, 0.000218487621169, -0.00113128533121, 0.00156814162619, -0.00114969885908, -0.000538220105227, 0.00218037352897, -0.00129535724409, 0.00115103193093], [6.09086282566e-06, 0.000600274535827, -0.00165709864814, 0.00451082643121, -0.00219137850218, -0.00109029328451, 0.00277115427889, -0.0023460034281, 0.00048072138452, 0.00160617788788, -0.00142661808059, 0.00128274294548, -0.000151297441334], [-2.71099997917e-05, -0.000690927961841, 0.000480397371575, -0.00219137850218, 0.00531001808122, -0.000578543695156, -0.00255208532326, 0.000845554866828, -0.000329231552314, -0.000950568821281, 0.00179167685565, -0.00103208480868, 0.000226164818741], [0.000123424964841, -7.64433571021e-05, 0.000218487621169, -0.00109029328451, -0.000578543695156, 0.00580964470282, -0.00321958353743, 0.00113593053538, 0.000778256799094, -0.00204152869992, 0.000879147090018, 0.000330675335135, -0.000587031419855], [-0.00011329120025, 0.000735586043447, -0.00113128533121, 0.00277115427889, -0.00255208532326, -0.00321958353743, 0.00928608234972, -0.00354451965541, -8.66173213581e-05, 0.0018246761756, -0.00357348681428, 0.00212771282531, 4.14507667301e-05], [0.000142921373481, -0.00128242559731, 0.00156814162619, -0.0023460034281, 0.000845554866828, 0.00113593053538, -0.00354451965541, 0.00771641498432, -0.002709684195, -0.00351562560536, 0.00347327510826, -0.0026640011929, 0.000866132671945], [3.30437724188e-05, 0.00131933914963, -0.00114969885908, 0.00048072138452, -0.000329231552314, 0.000778256799094, -8.66173213581e-05, -0.002709684195, 0.00966319255531, -0.00169676518999, -0.00300610298291, 0.00131198589224, -0.00167867564596], [4.81740426039e-05, 8.3391671069e-05, -0.000538220105227, 0.00160617788788, -0.000950568821281, -0.00204152869992, 0.0018246761756, -0.00351562560536, -0.00169676518999, 0.00968512240797, -0.00348624354228, -0.00104696431663, 0.00288483593613], [0.000119198033644, -0.00101268524304, 0.00218037352897, -0.00142661808059, 0.00179167685565, 0.000879147090018, -0.00357348681428, 0.00347327510826, -0.00300610298291, -0.00348624354228, 0.0136018106714, -0.00380507810041, -0.00220503937453], [-0.000204348281841, 0.00144425511826, -0.00129535724409, 0.00128274294548, -0.00103208480868, 0.000330675335135, 0.00212771282531, -0.0026640011929, 0.00131198589224, -0.00104696431663, -0.00380507810041, 0.0151823377237, -0.0062738978304], [0.000197058237973, -0.000392837304389, 0.00115103193093, -0.000151297441334, 0.000226164818741, -0.000587031419855, 4.14507667301e-05, 0.000866132671945, -0.00167867564596, 0.00288483593613, -0.00220503937453, -0.0062738978304, 0.0146967153996]], "mean": [-6.22907733917, 37.4967460632, -90.0312728882, 39.2743759155, -59.1774101257, 16.0012931824, -37.4242210388, 9.83590984344, -29.7124977112, -1.28177654743, -18.1919746399, -0.188778325915, -13.5737981796]}, "hfc": {"dmean": 8.85667514801, "dmean2": 12.4595689774, "dvar": 185.953323364, "dvar2": 407.086151123, "max": 134.499053955, "mean": 25.0411167145, "median": 15.5779390335, "min": 1.14490280342e-16, "var": 658.87890625}, "melbands": {"dmean": [0.000534189050086, 0.00110661098734, 0.00099318032153, 0.000864009954967, 0.000547237636056, 0.000298864440992, 0.000131492357468, 9.45937499637e-05, 5.48927673663e-05, 4.9699057854e-05, 5.02300499647e-05, 5.35005056008e-05, 3.84037775802e-05, 4.23607125413e-05, 1.93672804016e-05, 1.58236089192e-05, 1.15471875688e-05, 1.61430525623e-05, 1.27745643113e-05, 1.30455364342e-05, 1.1068648746e-05, 9.47693661146e-06, 9.7408237707e-06, 1.07682681119e-05, 1.03057545857e-05, 9.4176739367e-06, 6.24169933872e-06, 5.63926687391e-06, 3.95381721319e-06, 3.08330299958e-06, 3.79243419957e-06, 4.34529829363e-06, 4.28020894105e-06, 4.83925077788e-06, 3.15546344609e-06, 2.29993429457e-06, 2.84529573946e-06, 2.27961186283e-06, 1.06549373413e-06, 8.91045203844e-07], "dmean2": [0.000798948982265, 0.00166327843908, 0.00159471959341, 0.00141207361594, 0.000943075458053, 0.000537416839506, 0.000218083994696, 0.000151498592459, 8.90452065505e-05, 7.95765881776e-05, 7.32493790565e-05, 8.23904192657e-05, 5.78728722758e-05, 6.35404285276e-05, 2.97018068522e-05, 2.46070103458e-05, 1.85574554052e-05, 2.56735329458e-05, 2.02854516829e-05, 2.04973421205e-05, 1.74592769326e-05, 1.47036134877e-05, 1.49438610606e-05, 1.73100816028e-05, 1.63929089467e-05, 1.43690276673e-05, 9.58926921157e-06, 8.86501220521e-06, 6.26190194453e-06, 4.78378933622e-06, 5.80963342145e-06, 6.75683259033e-06, 6.77920979797e-06, 7.83716495789e-06, 4.74763919556e-06, 2.91673222819e-06, 4.25197504228e-06, 3.66982226296e-06, 1.51064784859e-06, 1.41411521781e-06], "dvar": [1.10698431399e-06, 5.39060920346e-06, 5.85072439208e-06, 3.071450692e-06, 3.05715707327e-06, 1.07838138774e-06, 1.08958751355e-07, 5.98112990247e-08, 1.76050694023e-08, 2.19357403353e-08, 1.94610372262e-08, 2.99339220078e-08, 8.72338112856e-09, 1.8281781422e-08, 3.39825678708e-09, 2.18828422049e-09, 9.85524883923e-10, 2.03243799568e-09, 9.43477185267e-10, 1.11357945087e-09, 9.84252901404e-10, 6.24712004349e-10, 5.50619105866e-10, 5.5371979224e-10, 5.24584542472e-10, 3.29894750406e-10, 1.2490912471e-10, 1.12280476583e-10, 4.53435101966e-11, 2.28347271647e-11, 3.70084657364e-11, 6.44312450615e-11, 6.55613896505e-11, 6.99892296896e-11, 3.23825410931e-11, 1.52072677367e-11, 1.94440349238e-11, 9.92887976697e-12, 2.23864069643e-12, 1.52137471458e-12], "dvar2": [2.476220061e-06, 1.25142332763e-05, 1.46013017002e-05, 7.55367136662e-06, 8.29003874969e-06, 3.08265794047e-06, 2.70274057357e-07, 1.3624936912e-07, 4.23275885453e-08, 5.13934175217e-08, 3.71231543284e-08, 6.89992418756e-08, 1.76322014767e-08, 3.65873660257e-08, 7.23112414391e-09, 4.78531214654e-09, 2.21182738791e-09, 4.48485071303e-09, 2.16342010972e-09, 2.48863596397e-09, 2.15765316725e-09, 1.35733868589e-09, 1.16575271658e-09, 1.34769195803e-09, 1.26217269969e-09, 7.32927440961e-10, 2.75852785059e-10, 2.5602739373e-10, 1.12708606337e-10, 5.47867029521e-11, 8.83623521575e-11, 1.51618592681e-10, 1.54466578417e-10, 1.74536607389e-10, 6.33125288307e-11, 2.24865820408e-11, 3.87570670002e-11, 2.51568106624e-11, 4.04309702037e-12, 3.37456039674e-12], "max": [0.0211002137512, 0.0327521339059, 0.0263527836651, 0.0125324949622, 0.0152496695518, 0.0100423498079, 0.00813034363091, 0.00777117861435, 0.00424453709275, 0.00560961617157, 0.00504655716941, 0.00508473953232, 0.00377860548906, 0.00493415165693, 0.00277244648896, 0.00204865587875, 0.00156433333177, 0.00143611489329, 0.000767015968449, 0.00130433274899, 0.00095763214631, 0.000842091336381, 0.000721083662938, 0.0007431327831, 0.000594836543314, 0.000473879365018, 0.000357349665137, 0.000243085800321, 0.000109911954496, 0.00011771525169, 0.000108584499685, 0.000124776226585, 8.54408062878e-05, 9.3477909104e-05, 6.72856986057e-05, 5.9853788116e-05, 5.66147573409e-05, 4.00334902224e-05, 1.91588351299e-05, 1.88783960766e-05], "mean": [0.000773789710365, 0.00160155340564, 0.001318802475, 0.000868029077537, 0.000475347711472, 0.000258431391558, 0.000158187613124, 0.000123549310956, 6.64448089083e-05, 8.20572386147e-05, 8.65915062604e-05, 8.50798533065e-05, 6.2704719312e-05, 6.97251234669e-05, 3.09568386001e-05, 2.42335918301e-05, 1.74694541784e-05, 2.41219186137e-05, 1.89129277715e-05, 1.96977471205e-05, 1.63701461133e-05, 1.54676436068e-05, 1.62139622262e-05, 1.7091526388e-05, 1.678904664e-05, 1.6682632122e-05, 1.2227354091e-05, 1.09298034658e-05, 7.11566053724e-06, 5.90234867559e-06, 6.55972280583e-06, 7.60859074944e-06, 8.14534269011e-06, 8.81936466612e-06, 7.01707813278e-06, 5.94142511545e-06, 5.87011663811e-06, 4.10292659581e-06, 2.49729578172e-06, 1.67684697772e-06], "median": [0.000135622583912, 0.000532120408025, 0.00057542999275, 0.000235539977439, 7.58653040975e-05, 4.96958200529e-05, 4.15790054831e-05, 3.14142707794e-05, 2.14435804082e-05, 1.6401787434e-05, 1.7873429897e-05, 1.81233554031e-05, 1.64317334566e-05, 9.09178106667e-06, 8.23875507194e-06, 6.85145005264e-06, 4.64265940536e-06, 6.66376081426e-06, 6.07922902418e-06, 5.45545299246e-06, 4.39898713012e-06, 4.28301700595e-06, 4.56470661447e-06, 5.39651682629e-06, 5.88752618569e-06, 6.06375806456e-06, 5.29937051397e-06, 4.42607415607e-06, 2.86465774479e-06, 2.32884895013e-06, 2.2698925477e-06, 1.80768586233e-06, 1.59289163548e-06, 1.95400753e-06, 1.45298906773e-06, 1.3079556993e-06, 1.5246384919e-06, 1.61077355187e-06, 8.46579041536e-07, 7.15750445579e-07], "min": [2.87416639044e-24, 2.41004303508e-24, 3.05639286512e-24, 5.01830433311e-24, 2.92603458661e-24, 1.18349496283e-23, 9.11145468469e-24, 6.76550935917e-24, 1.00679824533e-23, 4.15753993967e-24, 5.95950177331e-24, 6.17949535826e-24, 1.1488111943e-23, 1.33220762858e-23, 1.0612970954e-23, 8.35735256868e-24, 5.12533145871e-24, 1.18381634476e-23, 1.3017288831e-23, 1.00249138033e-23, 7.06866308302e-24, 8.41224308818e-24, 5.64308808651e-24, 8.7792977008e-24, 1.05112181524e-23, 9.34230536227e-24, 8.62745459832e-24, 7.75492710549e-24, 8.51297115945e-24, 6.94567887903e-24, 8.39970335523e-24, 7.3997629933e-24, 9.16214767532e-24, 9.86848741897e-24, 7.04643061613e-24, 8.07914814867e-24, 9.97737388972e-24, 6.30287438712e-24, 9.07512211798e-24, 1.00261341711e-23], "var": [1.97962935999e-06, 7.74427007855e-06, 5.4942938732e-06, 2.88366595669e-06, 2.18859167944e-06, 6.88496982093e-07, 1.42465680142e-07, 1.07989372111e-07, 2.34732198123e-08, 6.27931981967e-08, 5.23286693976e-08, 6.51305711585e-08, 2.74424483138e-08, 4.69301717487e-08, 8.68289173894e-09, 4.10624201308e-09, 1.92564364454e-09, 3.77829234566e-09, 1.63217905857e-09, 2.27402230379e-09, 1.97208160913e-09, 1.39666389565e-09, 1.41555711597e-09, 1.26303278947e-09, 9.33338184517e-10, 7.94549426253e-10, 3.43077066756e-10, 2.96463659177e-10, 9.62760426937e-11, 6.17534079428e-11, 8.70013158738e-11, 1.55121041012e-10, 1.84838741535e-10, 2.27259544516e-10, 1.34903296867e-10, 1.04818514979e-10, 8.74866915024e-11, 3.0525814515e-11, 1.18404530972e-11, 4.11553690433e-12]}, "melbands_crest": {"dmean": 3.66029620171, "dmean2": 5.60456943512, "dvar": 10.5118675232, "dvar2": 24.2655487061, "max": 34.1672554016, "mean": 16.3917922974, "median": 16.3931941986, "min": 1.91877222061, "var": 32.3667488098}, "melbands_flatness_db": {"dmean": 0.0332555323839, "dmean2": 0.0453443862498, "dvar": 0.00110445613973, "dvar2": 0.00202011805959, "max": 0.483030378819, "mean": 0.180273354053, "median": 0.174467131495, "min": 0.00518752029166, "var": 0.00670747505501}, "melbands_kurtosis": {"dmean": 17.7305355072, "dmean2": 25.8553028107, "dvar": 1585.46655273, "dvar2": 3274.28564453, "max": 925.41595459, "mean": 31.7198810577, "median": 12.2910728455, "min": -1.84525990486, "var": 3550.93896484}, "melbands_skewness": {"dmean": 1.17342638969, "dmean2": 1.64785385132, "dvar": 1.97750234604, "dvar2": 3.84634017944, "max": 22.8852577209, "mean": 3.83828663826, "median": 3.21634507179, "min": -3.58999013901, "var": 8.70917034149}, "melbands_spread": {"dmean": 12.5858030319, "dmean2": 17.7199783325, "dvar": 337.38067627, "dvar2": 627.700317383, "max": 261.375457764, "mean": 35.7142181396, "median": 23.3608932495, "min": 0.501430988312, "var": 1348.23999023}, "mfcc": {"cov": [[9440.15332031, 117.181556702, -775.919616699, -319.135742188, -358.17880249, -189.215499878, -133.969802856, -92.7280502319, -313.219207764, -178.096389771, -244.145828247, -169.211074829, -39.9548301697], [117.181556702, 1492.58605957, -4.14872550964, 78.4174804688, 89.4864349365, -60.4820022583, 221.382568359, -10.8699893951, 45.0003204346, 98.7927017212, 24.661031723, -16.7981433868, 25.8919334412], [-775.919616699, -4.14872550964, 847.383544922, 310.827880859, 182.780288696, 173.743270874, -21.4241466522, 42.1833534241, 79.3770446777, -39.5402259827, 63.7552833557, -3.98923587799, -70.2858428955], [-319.135742188, 78.4174804688, 310.827880859, 448.513031006, 247.100128174, 35.5477180481, 50.1581230164, 64.7445220947, 86.1257019043, 17.1034927368, 35.5114593506, 9.97241687775, -26.048822403], [-358.17880249, 89.4864349365, 182.780288696, 247.100128174, 281.267303467, 106.124267578, 51.4999771118, 55.9081497192, 73.9990234375, 20.2765426636, 34.0336494446, -0.759122550488, -18.4169559479], [-189.215499878, -60.4820022583, 173.743270874, 35.5477180481, 106.124267578, 271.980621338, 94.68359375, 29.6164417267, 34.6695175171, 12.9112672806, 21.209646225, -9.04473304749, -12.4869222641], [-133.969802856, 221.382568359, -21.4241466522, 50.1581230164, 51.4999771118, 94.68359375, 228.663955688, 69.2887268066, 53.2111854553, 73.8502883911, 26.6641216278, 16.0577888489, 37.8464584351], [-92.7280502319, -10.8699893951, 42.1833534241, 64.7445220947, 55.9081497192, 29.6164417267, 69.2887268066, 132.041610718, 76.0291900635, 18.4362812042, 29.738275528, 25.4364433289, 3.53699970245], [-313.219207764, 45.0003204346, 79.3770446777, 86.1257019043, 73.9990234375, 34.6695175171, 53.2111854553, 76.0291900635, 162.488372803, 74.6682815552, 65.7275772095, 38.3062896729, 24.3055267334], [-178.096389771, 98.7927017212, -39.5402259827, 17.1034927368, 20.2765426636, 12.9112672806, 73.8502883911, 18.4362812042, 74.6682815552, 140.36076355, 69.9236373901, 35.37317276, 45.2764167786], [-244.145828247, 24.661031723, 63.7552833557, 35.5114593506, 34.0336494446, 21.209646225, 26.6641216278, 29.738275528, 65.7275772095, 69.9236373901, 143.392089844, 73.9040374756, 25.3198986053], [-169.211074829, -16.7981433868, -3.98923587799, 9.97241687775, -0.759122550488, -9.04473304749, 16.0577888489, 25.4364433289, 38.3062896729, 35.37317276, 73.9040374756, 110.103309631, 54.5753211975], [-39.9548301697, 25.8919334412, -70.2858428955, -26.048822403, -18.4169559479, -12.4869222641, 37.8464584351, 3.53699970245, 24.3055267334, 45.2764167786, 25.3198986053, 54.5753211975, 105.012443542]], "icov": [[0.000130072250613, -5.73074721615e-05, 0.000157391914399, -0.000156747730216, 0.000229742145166, -0.000158035007189, 0.000188515055925, -0.00018314330373, 0.000168951621163, 7.31370455469e-05, -2.2673044441e-05, 0.0001821184851, -7.00094242347e-05], [-5.73074721615e-05, 0.00103948405012, -0.000364142120816, 0.000551988836378, -0.000911641633138, 0.00128018285614, -0.00180034467485, 0.00109956192318, -0.000307524140226, -8.60217187437e-05, -6.53202441754e-05, 0.000165781384567, 0.000257109350059], [0.000157391914399, -0.000364142120816, 0.00257717981003, -0.00219117780216, 0.00140309717972, -0.00228926423006, 0.00167347188108, -0.000373317569029, -0.000472099840408, 0.00126848078799, -0.00126940058544, 0.000622113468125, 0.00025949627161], [-0.000156747730216, 0.000551988836378, -0.00219117780216, 0.00681271823123, -0.00583130633458, 0.0036902804859, -0.00271016545594, 0.000816756451968, -0.000746176403482, -0.000413846049923, 0.00111392408144, -0.00131256470922, 0.0011576639954], [0.000229742145166, -0.000911641633138, 0.00140309717972, -0.00583130633458, 0.0102630192414, -0.00476656714454, 0.00280756014399, -0.00203063618392, -0.0005524182925, 0.000413989619119, -0.00115903944243, 0.00162817561068, -0.000522851769347], [-0.000158035007189, 0.00128018285614, -0.00228926423006, 0.0036902804859, -0.00476656714454, 0.00854762736708, -0.00567525066435, 0.0023258770816, -0.000741918571293, 0.000433733250247, -7.13372137398e-05, 0.000118810305139, 0.00109501602128], [0.000188515055925, -0.00180034467485, 0.00167347188108, -0.00271016545594, 0.00280756014399, -0.00567525066435, 0.0115687530488, -0.00617627706379, 0.00211141980253, -0.00365957943723, 0.000659111596178, 0.000980611890554, -0.00275978399441], [-0.00018314330373, 0.00109956192318, -0.000373317569029, 0.000816756451968, -0.00203063618392, 0.0023258770816, -0.00617627706379, 0.0146413147449, -0.00671453028917, 0.00363234151155, -0.000131962675368, -0.00253924541175, 0.00260464707389], [0.000168951621163, -0.000307524140226, -0.000472099840408, -0.000746176403482, -0.0005524182925, -0.000741918571293, 0.00211141980253, -0.00671453028917, 0.0133598288521, -0.00579162780195, -0.00114197959192, 0.00015511532547, -0.00148124271072], [7.31370455469e-05, -8.60217187437e-05, 0.00126848078799, -0.000413846049923, 0.000413989619119, 0.000433733250247, -0.00365957943723, 0.00363234151155, -0.00579162780195, 0.0156268328428, -0.00639350386336, 0.00278006540611, -0.00318417535163], [-2.2673044441e-05, -6.53202441754e-05, -0.00126940058544, 0.00111392408144, -0.00115903944243, -7.13372137398e-05, 0.000659111596178, -0.000131962675368, -0.00114197959192, -0.00639350386336, 0.0156180569902, -0.0100120091811, 0.00344776478596], [0.0001821184851, 0.000165781384567, 0.000622113468125, -0.00131256470922, 0.00162817561068, 0.000118810305139, 0.000980611890554, -0.00253924541175, 0.00015511532547, 0.00278006540611, -0.0100120091811, 0.020349316299, -0.00924511067569], [-7.00094242347e-05, 0.000257109350059, 0.00025949627161, 0.0011576639954, -0.000522851769347, 0.00109501602128, -0.00275978399441, 0.00260464707389, -0.00148124271072, -0.00318417535163, 0.00344776478596, -0.00924511067569, 0.0165280234069]], "mean": [-658.848266602, 73.5620803833, 21.9099006653, 26.1748275757, 6.10818529129, 4.75136137009, 4.10433959961, 6.51095676422, -3.14418888092, 1.36852896214, -4.62775468826, -3.94350838661, -2.08354759216]}, "pitch_salience": {"dmean": 0.0815314501524, "dmean2": 0.124344155192, "dvar": 0.00619481503963, "dvar2": 0.013689042069, "max": 0.883987247944, "mean": 0.523542463779, "median": 0.527070760727, "min": 0.0611812062562, "var": 0.0186451524496}, "silence_rate_20dB": {"dmean": 0, "dmean2": 0, "dvar": 0, "dvar2": 0, "max": 1, "mean": 1, "median": 1, "min": 1, "var": 0}, "silence_rate_30dB": {"dmean": 0.000306842586724, "dmean2": 0.000613732263446, "dvar": 0.000306717847707, "dvar2": 0.000920099439099, "max": 1, "mean": 0.999846577644, "median": 1, "min": 0, "var": 0.000153375833179}, "silence_rate_60dB": {"dmean": 0.0382019020617, "dmean2": 0.0764096677303, "dvar": 0.0367462411523, "dvar2": 0.0768705010414, "max": 1, "mean": 0.112755998969, "median": 0, "min": 0, "var": 0.100039221346}, "spectral_centroid": {"dmean": 373.926330566, "dmean2": 521.470397949, "dvar": 173531.421875, "dvar2": 307456.5625, "max": 11157.0839844, "mean": 1753.14172363, "median": 1595.56262207, "min": 182.182296753, "var": 928106.25}, "spectral_complexity": {"dmean": 4.35210180283, "dmean2": 6.51614904404, "dvar": 33.9748840332, "dvar2": 66.8364868164, "max": 57, "mean": 14.9450025558, "median": 12, "min": 0, "var": 130.259307861}, "spectral_contrast_coeffs": {"dmean": [0.0609535723925, 0.0527785643935, 0.0445892848074, 0.0338144376874, 0.0268787778914, 0.0182462595403], "dmean2": [0.090362071991, 0.0853609666228, 0.0694594979286, 0.0531090423465, 0.04106041044, 0.0292372442782], "dvar": [0.00320281670429, 0.0022001976613, 0.00157362420578, 0.000913940835744, 0.000640820770059, 0.000250218261499], "dvar2": [0.00637428555638, 0.00537665886804, 0.00336656533182, 0.00196513673291, 0.00123052624986, 0.000608791189734], "max": [-0.303983300924, -0.370397657156, -0.393535345793, -0.486243009567, -0.540005385876, -0.636848807335], "mean": [-0.604732096195, -0.727196037769, -0.75947111845, -0.782785117626, -0.785267472267, -0.781648337841], "median": [-0.604457557201, -0.736651718616, -0.774033665657, -0.79576331377, -0.799956023693, -0.779964506626], "min": [-0.961518108845, -0.978533148766, -0.968532145023, -0.963307082653, -0.954780101776, -0.959339082241], "var": [0.0108373463154, 0.00740390410647, 0.00796939246356, 0.00442069210112, 0.0035151920747, 0.000812001002487]}, "spectral_contrast_valleys": {"dmean": [0.482726156712, 0.5622600317, 0.493373662233, 0.445884346962, 0.383812665939, 0.403390437365], "dmean2": [0.72679901123, 0.863398969173, 0.741344988346, 0.643075823784, 0.511841416359, 0.513590633869], "dvar": [0.208006039262, 0.371462732553, 0.270406633615, 0.217846482992, 0.15455211699, 0.183157801628], "dvar2": [0.413494437933, 0.766900658607, 0.514955163002, 0.403952360153, 0.261571496725, 0.317693829536], "max": [-5.36981534958, -4.71293210983, -5.37215042114, -5.98424196243, -5.62995004654, -7.73969364166], "mean": [-7.87921476364, -7.52932977676, -8.00022697449, -8.30847740173, -7.67451047897, -9.47678852081], "median": [-7.68131351471, -7.35749721527, -7.78817462921, -8.1722278595, -7.57133960724, -9.40820407867], "min": [-27.7504634857, -26.9826488495, -27.4453029633, -27.4432525635, -27.4697246552, -27.2960453033], "var": [1.46708083153, 1.46141600609, 1.54109835625, 1.31848585606, 1.17379105091, 1.22768807411]}, "spectral_decrease": {"dmean": 2.57644638957e-09, "dmean2": 3.84618514815e-09, "dvar": 1.6160602812e-17, "dvar2": 3.69680052116e-17, "max": 1.15251523806e-28, "mean": -5.2403281714e-09, "median": -3.71966279999e-09, "min": -3.63070640219e-08, "var": 2.59068914667e-17}, "spectral_energy": {"dmean": 0.010315656662, "dmean2": 0.015330308117, "dvar": 0.000257793930359, "dvar2": 0.000593454984482, "max": 0.141902133822, "mean": 0.0220495834947, "median": 0.0164768081158, "min": 1.05858899334e-20, "var": 0.000419948250055}, "spectral_energyband_high": {"dmean": 0.000760153809097, "dmean2": 0.00103712105192, "dvar": 1.40077315791e-06, "dvar2": 2.59448870565e-06, "max": 0.0132163753733, "mean": 0.00198396714404, "median": 0.000741222233046, "min": 7.58241409287e-21, "var": 7.074588666e-06}, "spectral_energyband_low": {"dmean": 0.00474557979032, "dmean2": 0.00731102237478, "dvar": 9.28336521611e-05, "dvar2": 0.000216998232645, "max": 0.11320065707, "mean": 0.00828402582556, "median": 0.00386662757955, "min": 2.20490961744e-23, "var": 0.000149385246914}, "spectral_energyband_middle_high": {"dmean": 0.00144140131306, "dmean2": 0.00214488292113, "dvar": 5.6402568589e-06, "dvar2": 1.190351486e-05, "max": 0.0419556908309, "mean": 0.00369008071721, "median": 0.0019069208065, "min": 1.66442532321e-21, "var": 2.1224759621e-05}, "spectral_energyband_middle_low": {"dmean": 0.0072254431434, "dmean2": 0.0112262414768, "dvar": 0.000171941661392, "dvar2": 0.000411631539464, "max": 0.0942309349775, "mean": 0.00974244251847, "median": 0.0047344956547, "min": 2.36081885613e-22, "var": 0.000187177865882}, "spectral_entropy": {"dmean": 0.20937487483, "dmean2": 0.287523716688, "dvar": 0.047880332917, "dvar2": 0.0877431482077, "max": 9.79638576508, "mean": 7.85307121277, "median": 7.91510438919, "min": 5.51890659332, "var": 0.230732575059}, "spectral_flux": {"dmean": 0.0328068397939, "dmean2": 0.0468905642629, "dvar": 0.00158435141202, "dvar2": 0.0028516233433, "max": 0.305292069912, "mean": 0.0862163603306, "median": 0.0714787766337, "min": 7.12076855813e-11, "var": 0.00384230096824}, "spectral_kurtosis": {"dmean": 0.849705576897, "dmean2": 1.28129589558, "dvar": 1.13982820511, "dvar2": 2.61403083801, "max": 45.4901580811, "mean": 2.29442000389, "median": 1.85972511768, "min": -1.20893490314, "var": 3.03842163086}, "spectral_rms": {"dmean": 0.000954561633989, "dmean2": 0.00135553837754, "dvar": 1.54849124101e-06, "dvar2": 3.24722873302e-06, "max": 0.011766099371, "mean": 0.00414549233392, "median": 0.00400935579091, "min": 3.21367346796e-12, "var": 4.32659726357e-06}, "spectral_rolloff": {"dmean": 983.98260498, "dmean2": 1511.49365234, "dvar": 2346904.75, "dvar2": 4772646.5, "max": 19186.0839844, "mean": 2732.05639648, "median": 1507.32421875, "min": 64.599609375, "var": 8003394}, "spectral_skewness": {"dmean": 0.171596884727, "dmean2": 0.250120222569, "dvar": 0.0323160476983, "dvar2": 0.0698672235012, "max": 4.76674795151, "mean": 1.20420742035, "median": 1.20257353783, "min": -0.023244548589, "var": 0.128555953503}, "spectral_spread": {"dmean": 794326.6875, "dmean2": 1132069.625, "dvar": 738810003456, "dvar2": 1539200778240.0, "max": 41924796, "mean": 6640277.5, "median": 6572270.5, "min": 1474956.5, "var": 2869321793540.0}, "spectral_strongpeak": {"dmean": 