{"lowlevel": {"average_loudness": 0.914945065975, "barkbands": {"dmean": [3.92648362322e-05, 0.00242978427559, 0.00163564493414, 0.00149463047273, 0.00140319380444, 0.000251526274951, 0.000279504340142, 0.000332841824275, 0.000371034053387, 0.000419037736719, 0.000436329137301, 0.000332590192556, 0.000388677202864, 0.000410219770856, 0.000455031666206, 0.000562577275559, 0.000234441831708, 0.000260051281657, 0.000218664456042, 0.000341472827131, 0.000448844773928, 0.000286769936793, 0.000202847688342, 0.000139490890433, 0.000113749956654, 2.80478343484e-05, 4.81209269765e-07], "dmean2": [5.35777071491e-05, 0.00372467283159, 0.00289553264156, 0.00255723320879, 0.00238969782367, 0.000401428056648, 0.000455156492535, 0.000528861768544, 0.00059324625181, 0.00064324302366, 0.000670232228003, 0.000516358646564, 0.000610953429714, 0.000646683503874, 0.000701880897395, 0.000910218222998, 0.000379106029868, 0.000426826969488, 0.000342930405168, 0.000533407495823, 0.000660031859297, 0.000452933163615, 0.000299791194266, 0.000206855795113, 0.0001773792319, 4.19183561462e-05, 8.45799775107e-07], "dvar": [1.24172263583e-08, 4.73785876238e-05, 2.44718285103e-05, 7.00278678778e-06, 9.05245451577e-06, 2.12539546851e-07, 3.70843736164e-07, 6.2235636733e-07, 1.42334283737e-06, 1.42353417232e-06, 1.29822649342e-06, 6.61506476263e-07, 1.04826904135e-06, 1.14437034426e-06, 1.20475237964e-06, 1.87302771337e-06, 2.30596285178e-07, 2.44081320488e-07, 2.46678808935e-07, 7.29205964944e-07, 1.38003315442e-06, 4.08685480124e-07, 2.94007037382e-07, 1.74126370212e-07, 1.14358343239e-07, 5.67960967146e-09, 2.60710051637e-12], "dvar2": [2.18199183166e-08, 0.000108680673293, 6.95139242453e-05, 1.79550606845e-05, 2.42275600613e-05, 5.27616407453e-07, 9.44263945257e-07, 1.49123616211e-06, 3.46797833117e-06, 3.05228172692e-06, 2.90233651867e-06, 1.4567431208e-06, 2.32991806115e-06, 2.77484127764e-06, 2.68020926342e-06, 4.31911212218e-06, 5.36243192073e-07, 6.13696442997e-07, 5.52992048597e-07, 1.58872819611e-06, 2.93736275125e-06, 9.59921067079e-07, 6.38244785023e-07, 3.88904311421e-07, 2.87824349243e-07, 1.37446827253e-08, 7.24424643536e-12], "max": [0.00107320654206, 0.0662684962153, 0.0469675809145, 0.0509072691202, 0.038611099124, 0.0139922564849, 0.0157628208399, 0.0259241405874, 0.0378313921392, 0.0374760255218, 0.0290941838175, 0.0190728232265, 0.0337059870362, 0.0285464897752, 0.0240972805768, 0.0454345904291, 0.0202327985317, 0.00878971349448, 0.0165475737303, 0.0187804605812, 0.0326569601893, 0.017172170803, 0.0156664475799, 0.015947887674, 0.0119123458862, 0.00273767416365, 4.34431385656e-05], "mean": [4.50914631074e-05, 0.00340286362916, 0.00273957103491, 0.00188742065802, 0.00184591917787, 0.000521023001056, 0.000472918734886, 0.000590467068832, 0.000641041493509, 0.00069305265788, 0.000764266005717, 0.00056739844149, 0.000669995206408, 0.000688600819558, 0.000764987897128, 0.00101498141885, 0.000432595930761, 0.00042357086204, 0.000394723552745, 0.000555711158086, 0.000850104785059, 0.000452095118817, 0.000339214486303, 0.000228554315981, 0.000158769253176, 3.58560500899e-05, 3.99847152721e-07], "median": [6.25194616077e-06, 0.00134221476037, 0.00189217284787, 0.000912783667445, 0.00104615197051, 0.000324585300405, 0.000240617111558, 0.000230277437367, 0.000205183736398, 0.000223862560233, 0.000168223195942, 0.00015822018031, 0.00022873924172, 0.000176992296474, 0.000239419081481, 0.000327297515469, 0.00017917927471, 0.00021004237351, 0.000208219425986, 0.000224125076784, 0.000274499529041, 0.000203053234145, 0.000143279336044, 8.31054567243e-05, 5.70206466364e-05, 1.14987033157e-05, 8.02650319542e-08], "min": [1.78215264884e-25, 4.97662328946e-24, 1.822076209e-24, 1.00588147063e-24, 7.88949178756e-24, 8.0569638023e-24, 6.01552036391e-24, 9.52586303973e-24, 1.0975820938e-23, 1.76201486403e-23, 1.46788523562e-23, 2.22103535429e-23, 3.42451082279e-23, 3.3705735628e-23, 6.08234603337e-23, 7.31136797342e-23, 7.65534414471e-23, 9.28152347175e-23, 1.12542456079e-22, 1.26052588916e-22, 2.46544882276e-22, 3.21612785042e-22, 4.30206518974e-22, 5.62987182644e-22, 9.33251682906e-22, 1.22950068396e-21, 2.07735606604e-21], "var": [1.73075083154e-08, 5.17744556419e-05, 1.76604935405e-05, 9.48430351855e-06, 7.93851995695e-06, 4.08587993661e-07, 5.93475306232e-07, 1.28409885747e-06, 2.99086764244e-06, 2.92191248263e-06, 3.51788389708e-06, 1.45516798966e-06, 2.15430486605e-06, 2.97177280117e-06, 2.57540364146e-06, 4.5406868594e-06, 7.36524555123e-07, 3.92750536093e-07, 5.05137791151e-07, 1.32253853735e-06, 3.1973077057e-06, 6.86012811002e-07, 4.67897052658e-07, 2.61793360323e-07, 1.42236473266e-07, 7.19057302589e-09, 1.67939891594e-12]}, "barkbands_crest": {"dmean": 2.3215982914, "dmean2": 3.62769651413, "dvar": 5.69646453857, "dvar2": 12.8643884659, "max": 25.7323570251, "mean": 8.664894104, "median": 7.43032407761, "min": 2.11115074158, "var": 19.7451190948}, "barkbands_flatness_db": {"dmean": 0.0214868057519, "dmean2": 0.032634999603, "dvar": 0.000758748385124, "dvar2": 0.00160845404025, "max": 0.528757274151, "mean": 0.112673692405, "median": 0.0965861901641, "min": 0.0218156967312, "var": 0.00340931979008}, "barkbands_kurtosis": {"dmean": 3.59844112396, "dmean2": 5.62633705139, "dvar": 214.941467285, "dvar2": 475.312713623, "max": 666.818237305, "mean": 3.78562092781, "median": -0.429998159409, "min": -1.96700763702, "var": 345.607391357}, "barkbands_skewness": {"dmean": 0.591441571712, "dmean2": 0.901852071285, "dvar": 0.788140416145, "dvar2": 1.72073853016, "max": 21.6010494232, "mean": 1.06596469879, "median": 0.689671456814, "min": -4.42459630966, "var": 2.6832215786}, "barkbands_spread": {"dmean": 8.1361579895, "dmean2": 12.7018947601, "dvar": 96.040512085, "dvar2": 222.364440918, "max": 130.208435059, "mean": 35.0343933105, "median": 34.9671020508, "min": 0.268768906593, "var": 287.375457764}, "dissonance": {"dmean": 0.0145781114697, "dmean2": 0.0240154433995, "dvar": 0.000282808352495, "dvar2": 0.000692674075253, "max": 0.500000059605, "mean": 0.472732722759, "median": 0.480195105076, "min": 0.23152975738, "var": 0.000639728968963}, "dynamic_complexity": 3.42149925232, "erbbands": {"dmean": [0.0533597357571, 0.640814244747, 1.82110750675, 3.07172203064, 6.9342212677, 3.47321462631, 1.86365401745, 2.61414909363, 3.61864304543, 5.50585985184, 6.51561021805, 9.26689910889, 10.355796814, 14.5771093369, 16.1267700195, 12.6206274033, 16.1562614441, 19.0417289734, 22.5944232941, 24.263710022, 23.4627780914, 11.9544000626, 13.407160759, 12.628610611, 11.289607048, 14.9952917099, 19.781042099, 14.295835495, 9.78487682343, 8.65555381775, 5.60911083221, 3.82735395432, 1.95353007317, 1.36682891846, 0.762891948223, 0.23239813745, 0.0268508251756, 0.00172378215939, 0.000105531980807, 1.4500047655e-05], "dmean2": [0.0741808116436, 1.0319814682, 3.17392110825, 5.30275774002, 12.0602407455, 5.76900005341, 2.92505216599, 4.13792324066, 5.7894449234, 8.79729938507, 10.328163147, 14.6997814178, 15.8195104599, 22.2018413544, 24.8259468079, 19.4946708679, 25.3887767792, 29.6052341461, 34.8351135254, 38.1323738098, 37.6782684326, 19.0183925629, 22.1287231445, 20.0079860687, 17.7806968689, 23.4539680481, 29.4963169098, 20.9931716919, 15.2288942337, 13.3508424759, 8.31622886658, 5.57179069519, 2.95714759827, 2.14150476456, 1.18063426018, 0.348428279161, 0.0400827080011, 0.00264635169879, 0.000172901301994, 2.14475257962e-05], "dvar": [0.0210776589811, 3.53265047073, 30.8653640747, 37.5880584717, 236.075164795, 39.9100990295, 11.24015522, 23.1636829376, 55.8057518005, 189.564315796, 226.872039795, 980.862426758, 752.87677002, 1696.41015625, 1724.04077148, 834.5, 1729.72998047, 2127.56201172, 3084.78491211, 2941.67700195, 3322.74853516, 636.545043945, 644.428771973, 597.43145752, 945.529296875, 1501.28381348, 2723.27392578, 1602.23339844, 491.287658691, 444.927825928, 207.769714355, 122.464263916, 32.816318512, 19.3379173279, 5.25845193863, 0.441711813211, 0.00462306803092, 1.29980162455e-05, 7.81610509648e-08, 1.00636765588e-09], "dvar2": [0.041190687567, 8.52104282379, 84.6841201782, 103.329162598, 627.262695312, 107.448402405, 26.6110897064, 57.5922889709, 140.729721069, 473.249237061, 505.331787109, 2407.04321289, 1637.15332031, 3568.8918457, 3983.33081055, 1889.81445312, 3761.95898438, 4868.56494141, 7083.62304688, 6798.25732422, 8035.10058594, 1384.99279785, 1655.95300293, 1385.99291992, 2102.77929688, 3328.63916016, 5958.66357422, 3293.46020508, 1104.17333984, 992.303894043, 461.682098389, 273.894256592, 75.3874359131, 50.392250061, 12.9983844757, 1.04644417763, 0.010316060856, 2.99064304272e-05, 2.08703909266e-07, 2.52509102516e-09], "max": [1.47831940651, 18.2479820251, 56.3384780884, 97.9233779907, 187.453338623, 86.119392395, 116.877693176, 139.676803589, 198.977706909, 423.074310303, 579.767578125, 1150.59204102, 854.822753906, 1484.46520996, 1263.05847168, 891.133544922, 1640.43725586, 1075.63793945, 1175.20275879, 1694.359375, 2813.37158203, 1272.53186035, 514.574584961, 616.040588379, 1147.70593262, 958.991394043, 1510.97680664, 1185.64025879, 732.865905762, 557.818664551, 389.510253906, 373.243103027, 204.554443359, 177.649932861, 103.610458374, 27.3849277496, 3.41501426697, 0.151457965374, 0.0076384418644, 0.00111057946924], "mean": [0.0743665397167, 0.857348501682, 2.89368152618, 4.84695577621, 7.46043777466, 5.38326787949, 3.48681426048, 5.44210863113, 6.68299913406, 9.81405448914, 11.8337612152, 16.4972381592, 17.8293972015, 26.7185325623, 30.5727577209, 25.0606536865, 30.3679428101, 35.3570709229, 40.4553451538, 46.645652771, 46.0110778809, 23.9798774719, 22.6735553741, 22.4797992706, 20.7555236816, 25.7202548981, 36.5700263977, 27.1473274231, 16.1221141815, 14.2510948181, 9.16441917419, 5.85380220413, 3.19791984558, 1.96460342407, 1.03005063534, 0.304988443851, 0.0360063947737, 0.00210118875839, 0.000120278804388, 3.63609397027e-05], "median": [0.026943674311, 0.361236214638, 1.90296638012, 3.18616938591, 3.1117169857, 3.14092588425, 2.17088413239, 3.21586847305, 3.70789933205, 4.51537227631, 5.08291769028, 5.97950077057, 7.48000812531, 7.00061988831, 9.05863666534, 9.04517555237, 12.4828672409, 12.8118495941, 12.9401102066, 17.9901275635, 17.1932125092, 10.8216218948, 11.9612035751, 11.426030159, 10.9341621399, 10.7859334946, 12.607542038, 9.07254123688, 7.253074646, 6.29475736618, 3.87670302391, 2.07165455818, 1.17781424522, 0.752532958984, 0.357310175896, 0.0994384437799, 0.0117974923924, 0.000682702986524, 4.60464325442e-05, 2.87230923277e-05], "min": [1.00635395887e-22, 7.95361775412e-22, 3.39689150246e-21, 5.1717819901e-21, 1.64302141901e-20, 1.68002175711e-20, 4.61243050455e-20, 7.480143873e-20, 8.69108265228e-20, 2.66011281282e-19, 3.96789776897e-19, 3.23016355647e-19, 3.2027409682e-19, 3.67329739381e-19, 1.08462703313e-18, 1.25447482004e-18, 1.7846202513e-18, 2.10088407311e-18, 2.00573700277e-18, 4.65519174848e-18, 4.24241166562e-18, 5.01196012335e-18, 5.34893778848e-18, 5.55895522369e-18, 6.57647712623e-18, 6.08027174268e-18, 9.00761140454e-18, 9.56313763212e-18, 1.18011070394e-17, 1.14163315698e-17, 1.24580348568e-17, 1.0277224457e-17, 1.05794547461e-17, 9.02872353531e-18, 6.30057682317e-18, 4.14182195364e-18, 2.06480018004e-18, 9.89235841105e-19, 2.73491139519e-19, 2.75036390451e-20], "var": [0.0297038462013, 3.2960832119, 22.234577179, 39.6518821716, 210.986312866, 46.6501998901, 21.2260398865, 46.9007987976, 93.6290512085, 325.679260254, 550.532592773, 1939.6685791, 1434.23754883, 4652.80664062, 4561.89746094, 2373.67260742, 3799.5144043, 5404.95800781, 6631.86230469, 8538.18652344, 7667.80371094, 2260.66259766, 1007.23358154, 1154.51367188, 1727.94311523, 2740.20092773, 5879.74511719, 3723.47680664, 950.726135254, 679.777160645, 330.282928467, 187.232940674, 47.4962921143, 22.0444049835, 6.34667444229, 0.580586194992, 0.00649954890832, 1.56374790095e-05, 6.26689811156e-08, 1.24656374112e-09]}, "erbbands_crest": {"dmean": 2.48523163795, "dmean2": 3.95130348206, "dvar": 6.37909793854, "dvar2": 14.7813205719, "max": 30.0955982208, "mean": 8.47062397003, "median": 7.22978544235, "min": 2.32720732689, "var": 19.940486908}, "erbbands_flatness_db": {"dmean": 0.0181918460876, "dmean2": 0.0255595352501, "dvar": 0.00041637031245, "dvar2": 0.000734751869459, "max": 0.362318485975, "mean": 0.1448828578, "median": 0.138864576817, "min": 0.0449882037938, "var": 0.00154376414139}, "erbbands_kurtosis": {"dmean": 0.985671103001, "dmean2": 1.55901563168, "dvar": 3.91045069695, "dvar2": 8.3400144577, "max": 62.1823272705, "mean": 0.593903720379, "median": -0.0793855190277, "min": -1.88369572163, "var": 8.66624450684}, "erbbands_skewness": {"dmean": 0.369941413403, "dmean2": 0.559740722179, "dvar": 0.196958944201, "dvar2": 0.420005887747, "max": 6.53413105011, "mean": -0.146319702268, "median": -0.15692999959, "min": -6.02674198151, "var": 0.68352329731}, "erbbands_spread": {"dmean": 10.4478712082, "dmean2": 15.9490976334, "dvar": 165.617645264, "dvar2": 368.388397217, "max": 159.944168091, "mean": 43.0880966187, "median": 38.1443214417, "min": 2.74547839165, "var": 480.310302734}, "gfcc": {"cov": [[19552.3925781, -474.036376953, -1820.10864258, 709.90826416, -757.87298584, 730.889099121, -449.456665039, 253.407669067, -489.944519043, 216.996063232, -429.244018555, -18.1984004974, -137.40536499], [-474.036376953, 1294.23986816, -92.8294906616, -94.8367919922, 265.392486572, -136.244506836, 174.98223877, -61.2885437012, 190.22114563, -87.4990386963, 172.288421631, -42.9213943481, 77.8800735474], [-1820.10864258, -92.8294906616, 955.995727539, 111.756744385, 45.6401062012, -12.4833812714, -9.4484872818, 10.3186578751, 5.34135198593, -4.35516834259, -4.32492208481, 6.45889520645, -42.5666160583], [709.90826416, -94.8367919922, 111.756744385, 302.464508057, 12.3845357895, 33.681060791, -12.1918268204, -10.6355466843, 1.39008903503, 18.4578514099, -29.8784713745, -3.67175579071, 5.77277898788], [-757.87298584, 265.392486572, 45.6401062012, 12.3845357895, 330.891937256, 17.7382202148, 78.1835327148, 10.5066633224, 83.2293548584, -9.15413379669, 57.6254501343, 2.96797251701, 32.5285644531], [730.889099121, -136.244506836, -12.4833812714, 33.681060791, 17.7382202148, 231.547546387, 41.4240989685, 35.160358429, -25.8287944794, 46.3737487793, -14.472536087, 19.2313461304, 1.90747416019], [-449.456665039, 174.98223877, -9.4484872818, -12.1918268204, 78.1835327148, 41.4240989685, 204.078933716, 1.12440812588, 48.3894729614, 14.8233661652, 38.127620697, 3.50399637222, 35.7181930542], [253.407669067, -61.2885437012, 10.3186578751, -10.6355466843, 10.5066633224, 35.160358429, 1.12440812588, 146.145095825, 24.6047992706, 10.068198204, -1.825491786, 15.4375419617, -3.78746247292], [-489.944519043, 190.22114563, 5.34135198593, 1.39008903503, 83.2293548584, -25.8287944794, 48.3894729614, 24.6047992706, 150.764266968, 15.3196029663, 36.7364959717, -2.42132949829, 29.5076141357], [216.996063232, -87.4990386963, -4.35516834259, 18.4578514099, -9.15413379669, 46.3737487793, 14.8233661652, 10.068198204, 15.3196029663, 108.876525879, 13.4144268036, 4.754778862, 6.5102391243], [-429.244018555, 172.288421631, -4.32492208481, -29.8784713745, 57.6254501343, -14.472536087, 38.127620697, -1.825491786, 36.7364959717, 13.4144268036, 118.987197876, 24.6037750244, 11.9137134552], [-18.1984004974, -42.9213943481, 6.45889520645, -3.67175579071, 2.96797251701, 19.2313461304, 3.50399637222, 15.4375419617, -2.42132949829, 4.754778862, 24.6037750244, 74.0397491455, 22.3909664154], [-137.40536499, 77.8800735474, -42.5666160583, 5.77277898788, 32.5285644531, 1.90747416019, 35.7181930542, -3.78746247292, 29.5076141357, 6.5102391243, 11.9137134552, 22.3909664154, 84.066947937]], "icov": [[0.00017662224127, -0.000367207889212, 0.000369154906366, -0.000549294694792, 0.000326971843606, -0.000487296172651, 0.000395304494305, -0.000439697265392, 0.000526315707248, -0.000476652785437, 0.000610312796198, -0.000318678852636, 0.000400842109229], [-0.000367207889212, 0.00246257614344, -0.000657658965793, 0.00136265903711, -0.00119772157632, 0.00137042952701, -0.00148137530778, 0.00146108446643, -0.00225592684001, 0.00255394005217, -0.00321645312943, 0.00227610394359, -0.00173688528594], [0.000369154906366, -0.000657658965793, 0.00193226023111, -0.0015904729953, 0.000432014901889, -0.000793648185208, 0.00070360430982, -0.000954195274971, 0.00098384602461, -0.000896399607882, 0.00125060987193, -0.000999932992272, 0.00162232725415], [-0.000549294694792, 0.00136265903711, -0.0015904729953, 0.00547012360767, -0.00131601677276, 0.00100566179026, -0.000898791535292, 0.00196507875808, -0.00207003252581, 0.00108840188477, -0.00112184160389, 0.00130865210667, -0.00193160190247], [0.000326971843606, -0.00119772157632, 0.000432014901889, -0.00131601677276, 0.00484610488638, -0.00176925212145, 0.000244631548412, -0.00100280065089, -0.000386306928704, -0.000110742388642, 0.000130325337523, -0.000360632169759, 0.000190765975276], [-0.000487296172651, 0.00137042952701, -0.000793648185208, 0.00100566179026, -0.00176925212145, 0.00730426516384, -0.00276290625334, -1.46736447277e-05, 0.000204148265766, -0.000898281810805, -0.000701601675246, -0.000408002262702, -0.000638863712084], [0.000395304494305, -0.00148137530778, 0.00070360430982, -0.000898791535292, 0.000244631548412, -0.00276290625334, 0.00754797505215, -0.000784416217357, 0.000409680767916, -0.00163405854255, 0.000672086665872, -0.000185959186638, -0.000900793937035], [-0.000439697265392, 0.00146108446643, -0.000954195274971, 0.00196507875808, -0.00100280065089, -1.46736447277e-05, -0.000784416217357, 0.0091061135754, -0.00382066564634, 0.00158389378339, -0.00121930066962, -0.000727405829821, 2.65098587988e-05], [0.000526315707248, -0.00225592684001, 0.00098384602461, -0.00207003252581, -0.000386306928704, 0.000204148265766, 0.000409680767916, -0.00382066564634, 0.0120808267966, -0.00413344241679, 0.00156543403864, -0.000281850952888, -0.000677957141306], [-0.000476652785437, 0.00255394005217, -0.000896399607882, 0.00108840188477, -0.000110742388642, -0.000898281810805, -0.00163405854255, 0.00158389378339, -0.00413344241679, 0.0136715872213, -0.0053178681992, 0.00298899225891, -0.0024951940868], [0.000610312796198, -0.00321645312943, 0.00125060987193, -0.00112184160389, 0.000130325337523, -0.000701601675246, 0.000672086665872, -0.00121930066962, 0.00156543403864, -0.0053178681992, 0.0159323811531, -0.00757118081674, 0.00393357966095], [-0.000318678852636, 0.00227610394359, -0.000999932992272, 0.00130865210667, -0.000360632169759, -0.000408002262702, -0.000185959186638, -0.000727405829821, -0.000281850952888, 0.00298899225891, -0.00757118081674, 0.019715346396, -0.0073412982747], [0.000400842109229, -0.00173688528594, 0.00162232725415, -0.00193160190247, 0.000190765975276, -0.000638863712084, -0.000900793937035, 2.65098587988e-05, -0.000677957141306, -0.0024951940868, 0.00393357966095, -0.0073412982747, 0.0172672756016]], "mean": [-7.58243513107, 71.7547073364, -122.686141968, 51.7766876221, -61.5726852417, 25.919927597, -39.1439743042, 7.57334518433, -25.644733429, 2.59399843216, -21.6887264252, -4.74881649017, -11.0353050232]}, "hfc": {"dmean": 9.98151683807, "dmean2": 14.6373901367, "dvar": 300.543182373, "dvar2": 623.589355469, "max": 373.486175537, "mean": 29.1047496796, "median": 21.6261253357, "min": 1.09442076473e-16, "var": 821.069396973}, "melbands": {"dmean": [0.000572210235987, 0.000887364672963, 0.000694843707606, 0.000357226002961, 8.33793601487e-05, 5.60330809094e-05, 5.62610439374e-05, 6.38136989437e-05, 5.24193092133e-05, 6.03010521445e-05, 5.39955835848e-05, 6.071792086e-05, 5.49380529264e-05, 3.98176562157e-05, 3.33664611389e-05, 3.98221782234e-05, 3.94583184971e-05, 3.97707990487e-05, 3.27620509779e-05, 4.64392687718e-05, 2.47255393333e-05, 1.42783119372e-05, 1.19643182188e-05, 1.28643741846e-05, 1.10241444418e-05, 8.30942281027e-06, 9.81610719464e-06, 1.12966899906e-05, 1.3102306184e-05, 1.34283500302e-05, 7.42403699405e-06, 5.581403002e-06, 6.2343715399e-06, 4.43167800768e-06, 3.35014715347e-06, 2.95796462524e-06, 2.23100482799e-06, 1.43824320276e-06, 1.26054385419e-06, 1.17180832149e-06], "dmean2": [0.000839360349346, 0.00147561752237, 0.00120672932826, 0.000612705014646, 0.000129910709802, 8.89369475772e-05, 9.03413601918e-05, 0.00010157100769, 8.27171388664e-05, 9.56395160756e-05, 8.22172951302e-05, 9.28314548219e-05, 8.39453859953e-05, 6.08185109741e-05, 5.15373321832e-05, 6.27614426776e-05, 6.16022734903e-05, 6.16164761595e-05, 5.07064687554e-05, 7.47654703446e-05, 3.95418246626e-05, 2.275613042e-05, 1.9708824766e-05, 2.1169475076e-05, 1.75468521775e-05, 1.30557991724e-05, 1.5782099581e-05, 1.79258004209e-05, 2.00657141249e-05, 1.98905381694e-05, 1.12636998892e-05, 8.71371412359e-06, 1.00027191365e-05, 6.81963365423e-06, 5.02587454321e-06, 4.47502134193e-06, 3.27291581925e-06, 2.19225285036e-06, 1.97546501113e-06, 1.8600948124e-06], "dvar": [2.47230173045e-06, 6.65466859573e-06, 1.63425443134e-06, 6.00436635523e-07, 1.89908568871e-08, 1.02198089991e-08, 1.31603590248e-08, 2.57961882966e-08, 1.55798254298e-08, 4.28763229365e-08, 2.15575912677e-08, 3.07873904148e-08, 2.08828438986e-08, 9.67138902297e-09, 6.40843289546e-09, 1.34669821961e-08, 9.94651117026e-09, 1.07816280348e-08, 6.97050106524e-09, 1.26433263858e-08, 3.71661923459e-09, 1.0976608511e-09, 5.26194199324e-10, 6.99901248069e-10, 4.97934582455e-10, 4.51496479092e-10, 7.34921068446e-10, 9.76707825728e-10, 1.29834198948e-09, 1.5627680261e-09, 4.35024155587e-10, 1.98614860669e-10, 1.77610870455e-10, 1.54218859905e-10, 7.6655036485e-11, 6.40922523387e-11, 4.47482606525e-11, 1.61109927482e-11, 1.67244725013e-11, 1.50447085345e-11], "dvar2": [5.31901650902e-06, 1.68478545675e-05, 4.35904030383e-06, 1.59213129791e-06, 4.51645902899e-08, 2.52949536872e-08, 3.33031380251e-08, 6.43936886036e-08, 3.49191431326e-08, 1.04013615498e-07, 4.66080969375e-08, 6.48571614192e-08, 4.64528717714e-08, 2.15067217368e-08, 1.48699568214e-08, 2.94773254694e-08, 2.31472032652e-08, 2.50754688125e-08, 1.59507180797e-08, 2.91747479508e-08, 8.66817551071e-09, 2.35625186029e-09, 1.33924527024e-09, 1.7617935999e-09, 1.15083576002e-09, 1.05469699641e-09, 1.7071288827e-09, 2.20340745649e-09, 2.92850299566e-09, 3.5212346372e-09, 9.03265573449e-10, 4.65526006632e-10, 4.24059259929e-10, 3.37171818243e-10, 1.69564473573e-10, 1.48702522518e-10, 1.00629241051e-10, 3.71669535426e-11, 4.12209502643e-11, 4.02764419039e-11], "max": [0.0160162486136, 0.0253433026373, 0.0171259623021, 0.00961464643478, 0.00348037085496, 0.00290190894157, 0.00294885365292, 0.00492193037644, 0.00471758889034, 0.00677522970363, 0.00440474739298, 0.0064075216651, 0.0040948856622, 0.00255974195898, 0.00222878530622, 0.00438544433564, 0.00249310908839, 0.00215382990427, 0.00191736547276, 0.00400438858196, 0.00315623404458, 0.00185498665087, 0.000661566155031, 0.000497213855851, 0.000601137697231, 0.000863392138854, 0.000800077919848, 0.000877911923453, 0.000884589797352, 0.00110561877955, 0.00053115398623, 0.000526441610418, 0.000318184116622, 0.000387014995795, 0.000244678580202, 0.000235656974837, 0.000235200699535, 0.000119391857879, 0.000175084627699, 0.000168476908584], "mean": [0.000808853132185, 0.00143611838575, 0.000989739666693, 0.000452064356068, 0.000155419125804, 0.000115638693387, 0.000102633333881, 0.000113574023999, 9.20449310797e-05, 0.00010474564624, 8.81824598764e-05, 0.000105980128865, 0.00010020352056, 7.11595566827e-05, 6.18533449597e-05, 6.67733838782e-05, 6.72419992043e-05, 6.4834333898e-05, 5.35482686246e-05, 8.2226091763e-05, 4.48986829724e-05, 2.56443709077e-05, 1.96141481865e-05, 2.0286635845e-05, 1.79581020348e-05, 1.4367955373e-05, 1.49347188199e-05, 1.76994872163e-05, 2.18384957407e-05, 2.31440226344e-05, 1.30831977003e-05, 8.8195583885e-06, 8.8347842393e-06, 7.36745278118e-06, 5.39335860594e-06, 4.30310637967e-06, 3.30491661771e-06, 2.2971225917e-06, 1.84026566785e-06, 1.60165279794e-06], "median": [0.000338104146067, 0.00093867466785, 0.000618807564024, 0.000241843721597, 9.55165887717e-05, 6.88500076649e-05, 5.68704599573e-05, 5.07562981511e-05, 3.78238219128e-05, 3.34421747539e-05, 3.36024095304e-05, 2.45174087468e-05, 2.49036602327e-05, 2.31317972066e-05, 1.95624561456e-05, 2.18216828216e-05, 1.95016400539e-05, 1.71187148226e-05, 1.70490347955e-05, 2.58764721366e-05, 1.62555752468e-05, 1.00503293652e-05, 9.71941517491e-06, 9.80700770015e-06, 8.22509082354e-06, 7.18551291357e-06, 6.36818458588e-06, 6.49370576866e-06, 7.34760760679e-06, 6.69527753416e-06, 4.37343305748e-06, 3.77885453418e-06, 3.7365141452e-06, 3.06455513055e-06, 2.23915344577e-06, 1.58868965627e-06, 1.10903567929e-06, 8.49216689858e-07, 6.13835254626e-07, 6.15708074747e-07], "min": [1.34396506789e-24, 1.63642242951e-24, 1.35882750317e-24, 1.6807034601e-24, 1.60174361108e-24, 1.71763063072e-24, 1.66210448654e-24, 2.42261570298e-24, 2.47750405312e-24, 1.83672575044e-24, 1.43845946168e-24, 1.32397858661e-24, 3.04205295158e-24, 3.43518158648e-24, 2.43891751358e-24, 4.17077387022e-24, 3.15837818345e-24, 2.69453309878e-24, 5.13583238065e-24, 3.87253711639e-24, 3.28925849067e-24, 4.23969112548e-24, 4.35418758056e-24, 4.2388221952e-24, 3.83651023328e-24, 3.48213222098e-24, 4.32832201477e-24, 3.17739308393e-24, 5.71553746647e-24, 3.81770418373e-24, 4.69508001568e-24, 5.96484709481e-24, 6.59856588124e-24, 4.59023409049e-24, 6.08202094379e-24, 5.65094395783e-24, 5.83046661175e-24, 5.95314552657e-24, 5.97638694656e-24, 6.62343472128e-24], "var": [3.06854781229e-06, 5.62068998988e-06, 1.78604170742e-06, 5.35429421689e-07, 3.76543809466e-08, 2.05867891623e-08, 2.24580567476e-08, 4.50520900586e-08, 3.51193811809e-08, 8.80082282606e-08, 3.89020584635e-08, 7.98202677288e-08, 5.53801804415e-08, 2.13461373022e-08, 1.51207366628e-08, 2.65388884202e-08, 2.57714702911e-08, 2.12014832357e-08, 1.38476092815e-08, 3.31879270732e-08, 7.65516272594e-09, 3.86518639317e-09, 8.99274432697e-10, 1.0226359759e-09, 8.87385387394e-10, 8.75667205413e-10, 1.05003727935e-09, 1.66142977154e-09, 2.42782305371e-09, 3.03301539439e-09, 9.85526771302e-10, 3.54340362607e-10, 2.46880904609e-10, 2.30598928841e-10, 1.2093272217e-10, 9.36588862022e-11, 6.58544746512e-11, 2.34855433712e-11, 1.97045626343e-11, 1.65683734094e-11]}, "melbands_crest": {"dmean": 2.93256902695, "dmean2": 4.70372629166, "dvar": 8.79454231262, "dvar2": 20.096364975, "max": 35.3868598938, "mean": 13.2610149384, "median": 12.3182926178, "min": 1.57421159744, "var": 29.4272537231}, "melbands_flatness_db": {"dmean": 0.028246730566, "dmean2": 0.0427324473858, "dvar": 0.00129814038519, "dvar2": 0.00274189515039, "max": 0.664508759975, "mean": 0.156074628234, "median": 0.133822232485, "min": 0.00384254287928, "var": 0.0064914659597}, "melbands_kurtosis": {"dmean": 10.0018815994, "dmean2": 15.9885282516, "dvar": 1018.23046875, "dvar2": 2368.00439453, "max": 826.638122559, "mean": 14.7095651627, "median": 3.75751876831, "min": -1.90391671658, "var": 1607.15563965}, "melbands_skewness": {"dmean": 0.840208947659, "dmean2": 1.28578436375, "dvar": 1.47394108772, "dvar2": 3.26409387589, "max": 21.0195083618, "mean": 2.52287077904, "median": 1.94836235046, "min": -2.00030779839, "var": 4.69481515884}, "melbands_spread": {"dmean": 11.8369083405, "dmean2": 18.5385684967, "dvar": 242.625106812, "dvar2": 546.815368652, "max": 234.855667114, "mean": 42.3464317322, "median": 40.1161956787, "min": 0.323697954416, "var": 786.407409668}, "mfcc": {"cov": [[10975.2753906, -792.528869629, -729.228637695, -119.600479126, -130.88130188, 256.642974854, 117.049339294, 45.2005653381, 155.983520508, 40.577709198, -83.0617523193, 27.6677761078, -34.3124847412], [-792.528869629, 1300.28405762, -136.317184448, 86.4620666504, 97.6151809692, -4.69633626938, 30.9753265381, 63.5969390869, 7.51426362991, 33.5027999878, 62.4528770447, 23.2411212921, 56.9423828125], [-729.228637695, -136.317184448, 717.451904297, 119.658355713, 60.4268264771, 19.1521453857, -3.91942715645, -6.77363443375, -21.1541614532, -6.13056612015, 21.6225280762, -15.0458202362, -34.5960044861], [-119.600479126, 86.4620666504, 119.658355713, 281.180603027, 70.2959289551, 32.7886810303, -13.7664575577, -0.417585730553, 19.2113513947, 4.37710046768, -3.29214406013, 13.7483091354, -1.68320298195], [-130.88130188, 97.6151809692, 60.4268264771, 70.2959289551, 239.505691528, 16.4041862488, 11.6339292526, 37.547077179, 9.56639099121, 25.746383667, 0.880971312523, 19.8759250641, 25.0710144043], [256.642974854, -4.69633626938, 19.1521453857, 32.7886810303, 16.4041862488, 208.830856323, 63.2704963684, 6.39794492722, 41.1835479736, 11.6892061234, 15.6989116669, 9.01800727844, 1.94743835926], [117.049339294, 30.9753265381, -3.91942715645, -13.7664575577, 11.6339292526, 63.2704963684, 144.964157104, 36.8757820129, 14.3694238663, 7.82812309265, 22.4667224884, 7.55744838715, 13.0035791397], [45.2005653381, 63.5969390869, -6.77363443375, -0.417585730553, 37.547077179, 6.39794492722, 36.8757820129, 120.409187317, 31.4461803436, 8.7628736496, 7.04239082336, 11.3717107773, 24.5144042969], [155.983520508, 7.51426362991, -21.1541614532, 19.2113513947, 9.56639099121, 41.1835479736, 14.3694238663, 31.4461803436, 129.058395386, 33.3885345459, 9.30910396576, 13.4302072525, 9.51516628265], [40.577709198, 33.5027999878, -6.13056612015, 4.37710046768, 25.746383667, 11.6892061234, 7.82812309265, 8.7628736496, 33.3885345459, 93.9674682617, 28.4181404114, 7.94302129745, 7.68891000748], [-83.0617523193, 62.4528770447, 21.6225280762, -3.29214406013, 0.880971312523, 15.6989116669, 22.4667224884, 7.04239082336, 9.30910396576, 28.4181404114, 93.2956695557, 15.0551452637, 6.90834236145], [27.6677761078, 23.2411212921, -15.0458202362, 13.7483091354, 19.8759250641, 9.01800727844, 7.55744838715, 11.3717107773, 13.4302072525, 7.94302129745, 15.0551452637, 88.9806976318, 37.9530525208], [-34.3124847412, 56.9423828125, -34.5960044861, -1.68320298195, 25.0710144043, 1.94743835926, 13.0035791397, 24.5144042969, 9.51516628265, 7.68891000748, 6.90834236145, 37.9530525208, 97.2594451904]], "icov": [[0.000111045468657, 8.01073474577e-05, 0.000130303538754, -1.94951699086e-05, 2.46031777351e-05, -0.000120963224617, -4.6525747166e-05, -6.27345580142e-05, -4.91440696351e-05, -5.65784685023e-05, 7.40381583455e-05, -4.4994194468e-05, 7.79809124651e-05], [8.01073474577e-05, 0.000959222612437, 0.000355630472768, -0.000384960527299, -0.000241952264332, 2.82036799035e-05, -9.3857794127e-05, -0.000370243447833, 0.000142929333379, -8.72206073836e-05, -0.000611498660874, 0.000155553076183, -0.000270175311016], [0.000130303538754, 0.000355630472768, 0.00181495235302, -0.000755101849791, -0.0003670383594, -0.000188798963791, -4.13439702243e-05, -0.000185159937246, 0.000316098536132, 0.000139367068186, -0.000662847887725, 0.000244059439865, 0.000530778022949], [-1.94951699086e-05, -0.000384960527299, -0.000755101849791, 0.00443995697424, -0.00100647879299, -0.000659183191601, 0.000729688676074, 0.000430376676377, -0.000700552714989, 0.000253953039646, 0.000562694389373, -0.000705424463376, 0.000377121585188], [2.46031777351e-05, -0.000241952264332, -0.0003670383594, -0.00100647879299, 0.00517371390015, -0.000254882877925, -4.34453650087e-05, -0.00137211743277, 0.000553533842321, -0.00151321385056, 0.000896625511814, -0.000584319001064, -0.000744734250475], [-0.000120963224617, 2.82036799035e-05, -0.000188798963791, -0.000659183191601, -0.000254882877925, 0.00623862538487, -0.00271841092035, 0.00104607734829, -0.00173897785135, 0.00024194130674, -0.000469342223369, -0.000113803682325, 0.000131567183416], [-4.6525747166e-05, -9.3857794127e-05, -4.13439702243e-05, 0.000729688676074, -4.34453650087e-05, -0.00271841092035, 0.00907517410815, -0.00252345297486, 0.000512972823344, 0.000166154030012, -0.00156823010184, 0.000133692781674, -0.000479320326122], [-6.27345580142e-05, -0.000370243447833, -0.000185159937246, 0.000430376676377, -0.00137211743277, 0.00104607734829, -0.00252345297486, 0.0106259472668, -0.00258983066306, 0.00062161067035, 6.76341369399e-05, 0.00013502695947, -0.00172519823536], [-4.91440696351e-05, 0.000142929333379, 0.000316098536132, -0.000700552714989, 0.000553533842321, -0.00173897785135, 0.000512972823344, -0.00258983066306, 0.00994769111276, -0.00325933774002, 0.000246551760938, -0.000795093656052, 5.28271011717e-05], [-5.65784685023e-05, -8.72206073836e-05, 0.000139367068186, 0.000253953039646, -0.00151321385056, 0.00024194130674, 0.000166154030012, 0.00062161067035, -0.00325933774002, 0.0133408969268, -0.00389872421511, 0.000332028226694, -0.000297037971905], [7.40381583455e-05, -0.000611498660874, -0.000662847887725, 0.000562694389373, 0.000896625511814, -0.000469342223369, -0.00156823010184, 6.76341369399e-05, 0.000246551760938, -0.00389872421511, 0.0132992928848, -0.00216317269951, 0.000312556367135], [-4.4994194468e-05, 0.000155553076183, 0.000244059439865, -0.000705424463376, -0.000584319001064, -0.000113803682325, 0.000133692781674, 0.00013502695947, -0.000795093656052, 0.000332028226694, -0.00216317269951, 0.0141742276028, -0.00525729451329], [7.79809124651e-05, -0.000270175311016, 0.000530778022949, 0.000377121585188, -0.000744734250475, 0.000131567183416, -0.000479320326122, -0.00172519823536, 5.28271011717e-05, -0.000297037971905, 0.000312556367135, -0.00525729451329, 0.0133987003937]], "mean": [-637.385559082, 89.4578323364, 2.24665188789, 26.5382461548, 4.8429646492, 15.339764595, -0.319603800774, 3.44490408897, 2.96857261658, 1.95383095741, -3.11207413673, -1.65338599682, -1.73298382759]}, "pitch_salience": {"dmean": 0.0727373734117, "dmean2": 0.117315687239, "dvar": 0.00563854118809, "dvar2": 0.0139915915206, "max": 0.873818635941, "mean": 0.537809610367, "median": 0.55155736208, "min": 0.0573621280491, "var": 0.0143761802465}, "silence_rate_20dB": {"dmean": 0, "dmean2": 0, "dvar": 0, "dvar2": 0, "max": 1, "mean": 1, "median": 1, "min": 1, "var": 0}, "silence_rate_30dB": {"dmean": 0, "dmean2": 0, "dvar": 0, "dvar2": 0, "max": 1, "mean": 1, "median": 1, "min": 1, "var": 0}, "silence_rate_60dB": {"dmean": 0.0168081782758, "dmean2": 0.0336192697287, "dvar": 0.0165303032845, "dvar2": 0.036473877728, "max": 1, "mean": 0.0676600560546, "median": 0, "min": 0, "var": 0.063082203269}, "spectral_centroid": {"dmean": 350.52633667, "dmean2": 550.195007324, "dvar": 180221.78125, "dvar2": 411906.34375, "max": 11879.1162109, "mean": 2018.50488281, "median": 2017.85900879, "min": 133.361343384, "var": 1137444.75}, "spectral_complexity": {"dmean": 4.44931554794, "dmean2": 6.73962402344, "dvar": 30.8983688354, "dvar2": 63.1207313538, "max": 60, "mean": 21.2555656433, "median": 21, "min": 0, "var": 167.239440918}, "spectral_contrast_coeffs": {"dmean": [0.0493078716099, 0.0437410399318, 0.0421545878053, 0.0359165295959, 0.0263795219362, 0.0237659122795], "dmean2": [0.0802801549435, 0.0709451287985, 0.065507158637, 0.0556003823876, 0.0404151156545, 0.0359408259392], "dvar": [0.00203449674882, 0.0013490000274, 0.00128846929874, 0.000943279650528, 0.000611138064414, 0.000544130336493], "dvar2": [0.0051725381054, 0.00338001572527, 0.00293040741235, 0.00204652966931, 0.00124294136185, 0.0010992543539], "max": [-0.26718583703, -0.47906678915, -0.423973113298, -0.472595930099, -0.502223968506, -0.505836188793], "mean": [-0.643685460091, -0.758451104164, -0.754302442074, -0.753803551197, -0.781773626804, -0.742461681366], "median": [-0.653344452381, -0.76085883379, -0.758465051651, -0.755877017975, -0.787012696266, -0.748041987419], "min": [-0.98401671648, -0.981363832951, -0.975487589836, -0.971923053265, -0.968140006065, -0.965772151947], "var": [0.00774927251041, 0.00417283410206, 0.00558713637292, 0.00490321498364, 0.00307714403607, 0.00334224593826]}, "spectral_contrast_valleys": {"dmean": [0.359378904104, 0.368725687265, 0.381483107805, 0.379436403513, 0.369383066893, 0.449943929911], "dmean2": [0.575645565987, 0.596676170826, 0.587051570415, 0.555179238319, 0.52677577734, 0.568898439407], "dvar": [0.151308760047, 0.132431790233, 0.160902366042, 0.175406858325, 0.243298590183, 0.34276086092], "dvar2": [0.316397219896, 0.288901329041, 0.329885572195, 0.329707294703, 0.471469283104, 0.571047604084], "max": [-5.43720245361, -5.19223690033, -5.36457014084, -5.73663043976, -5.36556196213, -6.82429838181], "mean": [-7.55369377136, -7.26415014267, -7.77646875381, -7.86922931671, -7.58948898315, -9.8850812912], "median": [-7.10745096207, -6.97067499161, -7.46482038498, -7.506980896, -7.20427751541, -9.48041725159], "min": [-28.4746322632, -28.0431003571, -27.8570976257, -27.6472320557, -27.5058403015, -27.4090633392], "var": [3.66347122192, 3.47338819504, 3.58681368828, 3.61811208725, 3.78597521782, 3.5808775425]}, "spectral_decrease": {"dmean": 1.73134606651e-09, "dmean2": 2.61008170632e-09, "dvar": 7.50257613233e-18, "dvar2": 1.62008865079e-17, "max": 4.90315874128e-17, "mean": -4.9125996604e-09, "median": -4.19788737105e-09, "min": -3.3253233056e-08, "var": 1.35740057279e-17}, "spectral_energy": {"dmean": 0.00716458167881, "dmean2": 0.0106653841212, "dvar": 0.00011881384853, "dvar2": 0.000251847173786, "max": 0.13097538054, "mean": 0.0211811158806, "median": 0.0182591434568, "min": 9.97539832957e-21, "var": 0.00023973826319}, "spectral_energyband_high": {"dmean": 0.00115306477528, "dmean2": 0.00168065109756, "dvar": 5.45303737454e-06, "dvar2": 1.12899324449e-05, "max": 0.0495789274573, "mean": 0.00241345330141, "median": 0.00118868774734, "min": 7.1978163055e-21, "var": 1.2845764104e-05}, "spectral_energyband_low": {"dmean": 0.00359688792378, "dmean2": 0.00545007316396, "dvar": 8.30264471006e-05, "dvar2": 0.000180735747563, "max": 0.0856964737177, "mean": 0.00696187326685, "median": 0.00456010410562, "min": 1.5446300421e-23, "var": 0.00010253747314}, "spectral_energyband_middle_high": {"dmean": 0.00204339064658, "dmean2": 0.00311169261113, "dvar": 8.84122437128e-06, "dvar2": 1.95822904061e-05, "max": 0.0509628914297, "mean": 0.00653602043167, "median": 0.00446458719671, "min": 1.22720907458e-21, "var": 4.56117122667e-05}, "spectral_energyband_middle_low": {"dmean": 0.00317332730629, "dmean2": 0.00529000395909, "dvar": 2.83144672721e-05, "dvar2": 7.22814002074e-05, "max": 0.070494890213, "mean": 0.00616154074669, "median": 0.00457347044721, "min": 1.48682584906e-22, "var": 3.89507622458e-05}, "spectral_entropy": {"dmean": 0.190501630306, "dmean2": 0.268342018127, "dvar": 0.0681391209364, "dvar2": 0.12521161139, "max": 9.82294464111, "mean": 7.81401491165, "median": 7.91008520126, "min": 4.2166800499, "var": 0.252443164587}, "spectral_flux": {"dmean": 0.0256173945963, "dmean2": 0.0378962010145, "dvar": 0.00095912971301, "dvar2": 0.0017748833634, "max": 0.293303221464, "mean": 0.081348195672, "median": 0.072814360261, "min": 6.52412429636e-11, "var": 0.00256087235175}, "spectral_kurtosis": {"dmean": 1.14733195305, "dmean2": 1.83663368225, "dvar": 4.86939668655, "dvar2": 11.2040271759, "max": 65.0375595093, "mean": 2.75980710983, "median": 2.14717197418, "min": -1.30912685394, "var": 8.79637718201}, "spectral_rms": {"dmean": 0.000706169637851, "dmean2": 0.00102413387503, "dvar": 8.94690174391e-07, "dvar2": 1.72522106823e-06, "max": 0.0113040199503, "mean": 0.00420315749943, "median": 0.00422063935548, "min": 3.11963063888e-12, "var": 2.99807402371e-06}, "spectral_rolloff": {"dmean": 809.017578125, "dmean2": 1323.36950684, "dvar": 1421667.5, "dvar2": 3188782.75, "max": 19573.6816406, "mean": 2692.88745117, "median": 2260.98632812, "min": 64.599609375, "var": 5204694}, "spectral_skewness": {"dmean": 0.197214350104, "dmean2": 0.300340741873, "dvar": 0.0699860975146, "dvar2": 0.146157667041, "max": 6.76864242554, "mean": 1.17411673069, "median": 1.13651955128, "min": -0.377546876669, "var": 0.224700465798}, "spectral_spread": {"dmean": 656248.75, "dmean2": 924320.625, "dvar": 824739954688, "dvar2": 1576503869440.0, "max": 42865496, "mean": 5326031.5, "median": 5030332.5, "min": 1313826.25, "var": 9584310747140.0}, "spectral_strongpeak": {"dmean": 0.792543649673, 