{"lowlevel": {"average_loudness": 0.218718364835, "barkbands": {"dmean": [3.41664272128e-05, 0.000282308465103, 0.000247710238909, 0.000415680493461, 0.00121134379879, 0.000752070103772, 0.000609332986642, 0.00118976284284, 0.000964773236774, 0.000357415876351, 0.000237658648985, 0.000451081927167, 0.000296954502119, 0.000176287110662, 0.000117742492876, 7.07601648173e-05, 6.5643886046e-05, 3.49691326846e-05, 2.05538563023e-05, 1.1297724086e-05, 5.62317381991e-06, 2.95619156532e-06, 2.76327659776e-06, 2.96384246212e-06, 1.00052852758e-06, 3.71762837403e-07, 1.06775736697e-07], "dmean2": [6.00104940531e-05, 0.000468747719424, 0.000403954531066, 0.000655158713926, 0.00188781309407, 0.00111202255357, 0.000880104722455, 0.00169443932828, 0.00142660911661, 0.000531849858817, 0.000358559307642, 0.000695769151207, 0.000450618128525, 0.000276355858659, 0.000183908094186, 0.000110026419861, 0.000103966289316, 5.44765243831e-05, 3.20046019624e-05, 1.73317494045e-05, 8.14057784737e-06, 4.17699266109e-06, 3.80834876523e-06, 3.812572686e-06, 1.32354568905e-06, 4.90403465392e-07, 1.51698017703e-07], "dvar": [4.31157509695e-09, 6.10007077739e-07, 5.81438712288e-07, 9.86068585007e-07, 1.01898458524e-05, 4.36165373685e-06, 4.03615740652e-06, 1.42765238706e-05, 1.38375298775e-05, 2.06120785151e-06, 1.01665693819e-06, 2.94353776553e-06, 2.51505662163e-06, 6.09577909927e-07, 2.08448568628e-07, 1.26556017221e-07, 3.48849944487e-08, 7.40128758281e-09, 3.20539439436e-09, 3.97293353771e-09, 3.0187971567e-10, 9.82567985308e-11, 1.67983862931e-10, 3.12672054914e-10, 2.24352949413e-11, 1.38177208391e-12, 9.8452428393e-14], "dvar2": [1.20949632532e-08, 1.52814743615e-06, 1.55885766162e-06, 2.3064906145e-06, 2.54912720266e-05, 8.32070782053e-06, 7.69649159338e-06, 2.41584930336e-05, 2.86277991108e-05, 4.04481443184e-06, 1.84577686468e-06, 6.48769446343e-06, 4.40219355369e-06, 1.49467496158e-06, 4.36729663988e-07, 2.63075321527e-07, 7.63180594276e-08, 1.77641084065e-08, 7.63824559158e-09, 9.03255337192e-09, 5.89162607589e-10, 2.00610195122e-10, 3.0183297528e-10, 4.78145134597e-10, 3.67055517925e-11, 2.33660009744e-12, 1.93989857272e-13], "max": [0.00119958608411, 0.0374989584088, 0.0269766785204, 0.0211586356163, 0.0821697562933, 0.104356847703, 0.0713130831718, 0.102727159858, 0.0989130809903, 0.0541514307261, 0.0633640363812, 0.0774445533752, 0.0921693146229, 0.0324122533202, 0.0184247214347, 0.0180555954576, 0.00815475732088, 0.00223536649719, 0.00186735659372, 0.004270340316, 0.000711663858965, 0.000403986108722, 0.000470524595585, 0.000819943554234, 0.000171667925315, 5.88790753682e-05, 8.0093905126e-06], "mean": [3.5472381569e-05, 0.000638149038423, 0.000490493839607, 0.000791419006418, 0.0025109553244, 0.00172127760015, 0.00119120650925, 0.00256841885857, 0.00200688932091, 0.000680591037963, 0.000450786261354, 0.000857100589201, 0.000456659705378, 0.000276391947409, 0.000195209300728, 0.000121863500681, 0.000119024713058, 6.46655098535e-05, 4.09447529819e-05, 2.07753855648e-05, 1.13669502753e-05, 5.92955484535e-06, 5.17560056323e-06, 5.05439584231e-06, 1.71553392647e-06, 6.74223258557e-07, 1.88253210354e-07], "median": [1.31624965434e-05, 0.000501264410559, 0.000170827785041, 0.000159218470799, 0.000886772410013, 0.000369435292669, 0.000194967782591, 0.000478705915157, 0.00022539155907, 9.78204334388e-05, 0.000100617704447, 8.19192136987e-05, 7.3294613685e-05, 6.07487781963e-05, 4.47649872513e-05, 2.50675038842e-05, 3.62736391253e-05, 1.98024845304e-05, 1.39732273965e-05, 5.71194505028e-06, 3.63043068319e-06, 1.94451968127e-06, 1.161827754e-06, 6.13067982158e-07, 2.78018603694e-07, 1.50447448277e-07, 4.17663628127e-08], "min": [3.15405049253e-24, 9.63305582611e-24, 2.87195048016e-24, 7.76853416724e-24, 1.46200743302e-23, 7.20407736829e-24, 8.33345876072e-24, 1.86533891876e-23, 1.22670899988e-23, 2.18755735965e-23, 3.04652149362e-23, 5.9094081592e-23, 3.47313400018e-23, 4.65537995954e-23, 7.40493634311e-23, 7.70083680648e-23, 7.56260691887e-23, 1.1074943204e-22, 2.11301808205e-22, 2.43259030481e-22, 3.79987053146e-22, 4.02341881831e-22, 4.18998055067e-22, 7.24360305462e-22, 1.03308567815e-21, 1.43676980997e-21, 2.15070776088e-21], "var": [5.02730257423e-09, 8.77181662418e-07, 8.80846698692e-07, 3.28130659e-06, 3.08077178488e-05, 2.32246875385e-05, 1.17440431495e-05, 5.95238343521e-05, 5.89983828831e-05, 6.19828733761e-06, 4.02505884267e-06, 1.42671415233e-05, 5.232975127e-06, 8.35585126424e-07, 4.01465939603e-07, 2.90861919439e-07, 7.18726553828e-08, 1.62497517664e-08, 6.94472968021e-09, 4.96805308003e-09, 7.48726969313e-10, 2.11210757217e-10, 4.11885026086e-10, 8.65965188446e-10, 5.23073077907e-11, 3.50362750964e-12, 2.29091133e-13]}, "barkbands_crest": {"dmean": 2.20173454285, "dmean2": 3.47847509384, "dvar": 4.43063116074, "dvar2": 10.6262102127, "max": 25.7206535339, "mean": 11.0262527466, "median": 9.88002967834, "min": 2.67559623718, "var": 21.6110534668}, "barkbands_flatness_db": {"dmean": 0.0171507168561, "dmean2": 0.0252243150026, "dvar": 0.000302263448248, "dvar2": 0.000588781666011, "max": 0.418673843145, "mean": 0.190447703004, "median": 0.189983844757, "min": 0.0383562557399, "var": 0.00245189829729}, "barkbands_kurtosis": {"dmean": 2.73339223862, "dmean2": 4.28988409042, "dvar": 150.036026001, "dvar2": 348.695159912, "max": 925.680480957, "mean": 5.32253074646, "median": 1.83571445942, "min": -1.86141610146, "var": 454.152435303}, "barkbands_skewness": {"dmean": 0.416356086731, "dmean2": 0.642756581306, "dvar": 0.236367493868, "dvar2": 0.545156598091, "max": 25.81067276, "mean": 1.25868284702, "median": 1.07494282722, "min": -2.5255947113, "var": 1.85145711899}, "barkbands_spread": {"dmean": 2.444190979, "dmean2": 3.71147489548, "dvar": 10.2843599319, "dvar2": 20.5345649719, "max": 68.0421600342, "mean": 11.4161548615, "median": 10.1577205658, "min": 0.343646913767, "var": 51.6065406799}, "dissonance": {"dmean": 0.0286097358912, "dmean2": 0.0481765754521, "dvar": 0.000758885871619, "dvar2": 0.00209009856917, "max": 0.499999850988, "mean": 0.433293998241, "median": 0.444524228573, "min": 0.109777964652, "var": 0.00221255072393}, "dynamic_complexity": 5.80609989166, "erbbands": {"dmean": [0.00774605805054, 0.0673184394836, 0.232908159494, 0.867117106915, 2.35506510735, 4.37527084351, 7.6086435318, 4.73421096802, 7.00616884232, 14.4187364578, 28.5365428925, 22.7374992371, 8.84893703461, 11.7457094193, 10.15513134, 21.2244281769, 14.0316410065, 8.59631538391, 7.09203100204, 4.66355466843, 3.30882096291, 2.77137947083, 1.93246638775, 1.23588609695, 0.956151366234, 0.502100527287, 0.283515512943, 0.183567911386, 0.108183681965, 0.0879498943686, 0.0771382525563, 0.0729005783796, 0.0444636456668, 0.0156763251871, 0.0052995220758, 0.00183697021566, 0.000661502417643, 0.000165654055309, 1.83457123057e-05, 5.09626715939e-06], "dmean2": [0.0132207088172, 0.11208165437, 0.379972159863, 1.37114858627, 3.73107719421, 6.77820205688, 11.5781621933, 6.93797588348, 10.1114902496, 21.0314464569, 39.908290863, 33.9388999939, 13.1825218201, 17.2622776031, 15.0102891922, 32.4156684875, 20.8281536102, 13.3580656052, 10.9304552078, 7.38893890381, 4.99121999741, 4.33768987656, 2.96786665916, 1.95219373703, 1.46484136581, 0.759885191917, 0.419078350067, 0.260943323374, 0.151997298002, 0.122823387384, 0.106202870607, 0.0959875658154, 0.0607299879193, 0.0214287787676, 0.00709201395512, 0.00245820893906, 0.000878212973475, 0.000228791235713, 2.55879276665e-05, 7.34636296329e-06], "dvar": [0.000402512960136, 0.0390644781291, 0.638964295387, 4.02310180664, 54.6677742004, 162.410766602, 513.18572998, 176.701080322, 648.334350586, 2222.15380859, 9012.23828125, 8156.84765625, 1039.27331543, 2697.21411133, 1845.20178223, 7203.14941406, 6121.08642578, 1572.52026367, 709.50994873, 415.988800049, 174.542816162, 59.4384994507, 22.0270214081, 9.73867893219, 16.3907985687, 3.89404821396, 0.814652681351, 0.31546485424, 0.126716062427, 0.121350079775, 0.146920397878, 0.194542825222, 0.0752540305257, 0.0070898537524, 0.000424734054832, 2.95834906865e-05, 5.07757977175e-06, 3.23943226022e-07, 2.41592101879e-09, 8.07162600647e-11], "dvar2": [0.00112592964433, 0.0956741198897, 1.67428159714, 9.74007797241, 136.875305176, 379.189331055, 1149.27075195, 339.145965576, 1246.24230957, 4572.51171875, 15152.9394531, 17803.453125, 2167.63037109, 5154.33740234, 3430.39135742, 15964.7451172, 10352.4794922, 3996.37255859, 1435.72814941, 1073.31347656, 299.702819824, 117.901893616, 52.2357444763, 23.8192749023, 37.851890564, 8.4785490036, 1.64993453026, 0.577800393105, 0.254318505526, 0.254392892122, 0.278349131346, 0.300219595432, 0.139297768474, 0.0126429125667, 0.000723838049453, 5.10691606905e-05, 8.67372909852e-06, 6.27940039521e-07, 4.55174165026e-09, 1.61311478064e-10], "max": [0.843577682972, 8.89124679565, 33.1404495239, 39.284702301, 187.58114624, 400.880645752, 618.411437988, 614.857116699, 808.932617188, 1560.59912109, 2798.16357422, 3018.48754883, 1105.2421875, 2082.88378906, 2818.80712891, 3948.89404297, 4803.93261719, 1894.01525879, 942.499328613, 769.30645752, 608.143127441, 359.673309326, 157.685424805, 95.1959991455, 214.464920044, 117.020553589, 32.9841308594, 24.4831867218, 12.3718318939, 15.1797018051, 13.6919622421, 24.0182170868, 9.93788146973, 3.15727901459, 0.61955934763, 0.179839983582, 0.126149848104, 0.0199334770441, 0.00132509123068, 0.000177830122993], "mean": [0.0139887267724, 0.1616063416, 0.524702429771, 1.73918795586, 4.38352251053, 8.74845409393, 17.2897586823, 10.553894043, 14.501909256, 30.6373538971, 64.1621170044, 50.8959846497, 17.7934112549, 23.7065944672, 20.8490486145, 41.8597755432, 23.7729206085, 15.4337034225, 12.4893522263, 8.11191558838, 6.68000411987, 5.58449602127, 3.87880635262, 2.51361298561, 1.87086069584, 0.995966553688, 0.581280112267, 0.378044813871, 0.219761922956, 0.166229754686, 0.141554877162, 0.12223430723, 0.0713639855385, 0.0260876845568, 0.00914222560823, 0.00331156305037, 0.00117064488586, 0.00028379104333, 3.81546233257e-05, 1.90158752957e-05], "median": [0.00802769884467, 0.127535074949, 0.243470653892, 0.531165957451, 1.49115538597, 2.81816291809, 3.56639528275, 2.97179555893, 3.08686590195, 7.14670133591, 10.2731819153, 6.98348236084, 4.01913070679, 3.72240495682, 4.82648515701, 4.58558511734, 4.39965009689, 3.87231969833, 3.00551080704, 2.25010204315, 1.73999428749, 1.76673436165, 1.2781522274, 0.822904765606, 0.584188103676, 0.291894882917, 0.182901382446, 0.125858783722, 0.0716495215893, 0.0491003841162, 0.0297960080206, 0.015824245289, 0.0088570881635, 0.00386200309731, 0.00160632887855, 0.000742674805224, 0.000243367423536, 5.55602055101e-05, 1.2543041521e-05, 1.05976923805e-05], "min": [3.65457446963e-22, 1.95130391888e-21, 3.92604879539e-21, 1.35684487673e-20, 4.35808215971e-20, 3.94318904397e-20, 1.16992108991e-19, 7.45982366426e-20, 1.14504389148e-19, 3.30671110885e-19, 2.72545749627e-19, 2.68018822779e-19, 9.97656332946e-19, 1.47232699982e-18, 7.86796414277e-19, 2.40713032412e-18, 2.0038282835e-18, 2.33585506586e-18, 4.17732040963e-18, 4.20122634292e-18, 5.08913483373e-18, 5.12039977935e-18, 4.98765590259e-18, 8.99523181949e-18, 1.1899104781e-17, 1.15351957695e-17, 1.54850162816e-17, 1.45478967482e-17, 1.39914142998e-17, 1.49096658435e-17, 1.18306622027e-17, 1.46622859008e-17, 1.27035561246e-17, 1.00184550644e-17, 7.60755279669e-18, 5.64888547271e-18, 2.56689963904e-18, 9.64917661674e-19, 2.93326051728e-19, 3.26828139619e-20], "var": [0.000502758193761, 0.0564732253551, 0.889753699303, 12.3129043579, 110.95475769, 512.256469727, 2265.64086914, 849.146057129, 1931.56066895, 8197.30078125, 40568.4375, 35940.6875, 3429.25610352, 8070.93457031, 6577.26464844, 33648.1328125, 13359.3242188, 2122.28125, 1433.77807617, 696.241577148, 490.282470703, 146.651382446, 52.93516922, 22.7598590851, 25.7993659973, 6.74155187607, 1.92805278301, 0.825035870075, 0.28256508708, 0.243834108114, 0.347758024931, 0.517866611481, 0.172383576632, 0.0154195316136, 0.00100785167888, 7.60425609769e-05, 1.27780549519e-05, 7.25178892935e-07, 6.30894181342e-09, 5.23124654705e-10]}, "erbbands_crest": {"dmean": 2.84139180183, "dmean2": 4.47597265244, "dvar": 7.70055580139, "dvar2": 17.675786972, "max": 32.7940673828, "mean": 12.7859563828, "median": 11.395526886, "min": 2.45569443703, "var": 37.0462265015}, "erbbands_flatness_db": {"dmean": 0.0164497792721, "dmean2": 0.0232502631843, "dvar": 0.000298079685308, "dvar2": 0.000522466492839, "max": 0.392138540745, "mean": 0.229354932904, "median": 0.229447871447, "min": 0.0269328933209, "var": 0.00287540443242}, "erbbands_kurtosis": {"dmean": 1.33859336376, "dmean2": 2.07810878754, "dvar": 5.67041110992, "dvar2": 12.9138727188, "max": 54.206829071, "mean": 1.92907989025, "median": 0.501752853394, "min": -1.84977424145, "var": 22.3503036499}, "erbbands_skewness": {"dmean": 0.358142226934, "dmean2": 0.548871159554, "dvar": 0.126364842057, "dvar2": 0.282822012901, "max": 5.50158500671, "mean": 0.613168776035, "median": 0.471650749445, "min": -4.14899110794, "var": 0.983261227608}, "erbbands_spread": {"dmean": 4.09095668793, "dmean2": 6.13698720932, "dvar": 23.7529907227, "dvar2": 45.8170661926, "max": 123.217536926, "mean": 21.1023349762, "median": 18.8741188049, "min": 1.40741217136, "var": 168.493728638}, "gfcc": {"cov": [[9776.47460938, -235.080245972, -1072.61132813, 230.800231934, -974.888061523, 52.0761032104, -260.617034912, -97.0797653198, -218.800491333, -197.004394531, -148.502380371, -164.200592041, -86.4641876221], [-235.080245972, 937.361999512, -128.994674683, -157.399581909, 220.57635498, -172.119186401, 59.6973152161, -104.0286026, 43.9569206238, -67.2705917358, 42.9190330505, -25.6863288879, 9.35324668884], [-1072.61132813, -128.994674683, 573.55859375, 166.29675293, 53.3679771423, 97.6499023438, -11.9050617218, 27.9709587097, 4.04435825348, 34.6950721741, -11.0990371704, 21.085729599, -20.6778392792], [230.800231934, -157.399581909, 166.29675293, 406.610992432, 65.3563690186, 60.2194824219, -47.1634979248, -20.3984489441, -13.9926214218, 15.9526720047, -23.7530231476, -10.1593608856, 11.971039772], [-974.888061523, 220.57635498, 53.3679771423, 65.3563690186, 389.311798096, 53.3246040344, 35.5318832397, -4.75061321259, 13.3741292953, 28.304189682, 11.0927600861, 8.29126167297, 34.2887535095], [52.0761032104, -172.119186401, 97.6499023438, 60.2194824219, 53.3246040344, 243.246612549, 75.5734405518, 40.0665550232, -30.235704422, 27.0258960724, -16.4020023346, -15.9557294846, -10.9084939957], [-260.617034912, 59.6973152161, -11.9050617218, -47.1634979248, 35.5318832397, 75.5734405518, 167.382019043, 40.6518516541, 7.56114292145, 4.31741809845, 4.00915718079, -21.7151012421, -10.7521839142], [-97.0797653198, -104.0286026, 27.9709587097, -20.3984489441, -4.75061321259, 40.0665550232, 40.6518516541, 122.327529907, 34.1035194397, 14.7176446915, -10.206196785, -5.38966226578, -12.4427118301], [-218.800491333, 43.9569206238, 4.04435825348, -13.9926214218, 13.3741292953, -30.235704422, 7.56114292145, 34.1035194397, 101.832023621, 33.8410644531, 6.10974884033, -5.0648355484, -3.23034143448], [-197.004394531, -67.2705917358, 34.6950721741, 15.9526720047, 28.304189682, 27.0258960724, 4.31741809845, 14.7176446915, 33.8410644531, 88.0459060669, 23.6075077057, 5.1626868248, -0.69401717186], [-148.502380371, 42.9190330505, -11.0990371704, -23.7530231476, 11.0927600861, -16.4020023346, 4.00915718079, -10.206196785, 6.10974884033, 23.6075077057, 80.2712554932, 38.4921417236, -0.745675563812], [-164.200592041, -25.6863288879, 21.085729599, -10.1593608856, 8.29126167297, -15.9557294846, -21.7151012421, -5.38966226578, -5.0648355484, 5.1626868248, 38.4921417236, 87.5214538574, 34.4339866638], [-86.4641876221, 9.35324668884, -20.6778392792, 11.971039772, 34.2887535095, -10.9084939957, -10.7521839142, -12.4427118301, -3.23034143448, -0.69401717186, -0.745675563812, 34.4339866638, 80.5753250122]], "icov": [[0.000379072851501, -0.000602481595706, 0.000933699426241, -0.000752184947487, 0.00129984703381, -0.00103938253596, 0.000945626874454, -0.000549371354282, 0.000625294167548, -0.000270649179583, 0.000546563533135, -0.000189897968085, 0.000284515670501], [-0.000602481595706, 0.00365593354218, -0.00165390607435, 0.00209575262852, -0.00391336763278, 0.00332625210285, -0.00289745512418, 0.00326850567944, -0.002706769621, 0.00316765555181, -0.00262401904911, 0.0020771920681, -0.00056617235532], [0.000933699426241, -0.00165390607435, 0.0045926598832, -0.00272339489311, 0.00314330379479, -0.00332320015877, 0.00262575899251, -0.0017574877711, 0.00142021186184, -0.00134224188514, 0.00233233417384, -0.00219723116606, 0.00207455037162], [-0.000752184947487, 0.00209575262852, -0.00272339489311, 0.00500614149496, -0.00356830121018, 0.00186331628356, -0.00113354995847, 0.00243088533171, -0.00169624341652, 0.00119506812189, -0.00134498253465, 0.00196400843561, -0.00140770338476], [0.00129984703381, -0.00391336763278, 0.00314330379479, -0.00356830121018, 0.00869712978601, -0.00518580013886, 0.00353975524195, -0.00303921243176, 0.00275869108737, -0.00319092557766, 0.00251418654807, -0.00154062639922, -0.000449410610599], [-0.00103938253596, 0.00332625210285, -0.00332320015877, 0.00186331628356, -0.00518580013886, 0.0106634078547, -0.00635727215558, 0.00126642372925, 0.00091040082043, -0.000519001972862, -0.000909066118766, 0.00157317984849, -0.000282115332084], [0.000945626874454, -0.00289745512418, 0.00262575899251, -0.00113354995847, 0.00353975524195, -0.00635727215558, 0.0117112118751, -0.0044988389127, 0.00158737949096, -0.000553541060071, -0.000299165549222, 0.00150832824875, 0.000105892519059], [-0.000549371354282, 0.00326850567944, -0.0017574877711, 0.00243088533171, -0.00303921243176, 0.00126642372925, -0.0044988389127, 0.0139402681962, -0.00655664457008, 0.0024705810938, 0.000245671661105, -0.000156470137881, 0.00106360262726], [0.000625294167548, -0.002706769621, 0.00142021186184, -0.00169624341652, 0.00275869108737, 0.00091040082043, 0.00158737949096, -0.00655664457008, 0.0165802165866, -0.00805469509214, 0.00229058368132, 2.07660141314e-05, 0.000357955344953], [-0.000270649179583, 0.00316765555181, -0.00134224188514, 0.00119506812189, -0.00319092557766, -0.000519001972862, -0.000553541060071, 0.0024705810938, -0.00805469509214, 0.019350303337, -0.00818482693285, 0.00363828311674, -0.00137168180663], [0.000546563533135, -0.00262401904911, 0.00233233417384, -0.00134498253465, 0.00251418654807, -0.000909066118766, -0.000299165549222, 0.000245671661105, 0.00229058368132, -0.00818482693285, 0.0226971916854, -0.0127162942663, 0.00616021640599], [-0.000189897968085, 0.0020771920681, -0.00219723116606, 0.00196400843561, -0.00154062639922, 0.00157317984849, 0.00150832824875, -0.000156470137881, 2.07660141314e-05, 0.00363828311674, -0.0127162942663, 0.0225360691547, -0.00997118931264], [0.000284515670501, -0.00056617235532, 0.00207455037162, -0.00140770338476, -0.000449410610599, -0.000282115332084, 0.000105892519059, 0.00106360262726, 0.000357955344953, -0.00137168180663, 0.00616021640599, -0.00997118931264, 0.0181754827499]], "mean": [-108.239151001, 147.68737793, -128.451263428, 3.3571908474, -45.3766937256, -3.38836741447, -30.671661377, -0.256631314754, -17.1602230072, -3.38309407234, -9.86041355133, -4.54208421707, -11.3023338318]}, "hfc": {"dmean": 2.50422263145, "dmean2": 3.50187206268, "dvar": 24.598733902, "dvar2": 44.5348854065, "max": 141.71131897, "mean": 9.33122730255, "median": 4.4528222084, "min": 1.15438957243e-16, "var": 171.678329468}, "melbands": {"dmean": [7.31530817575e-05, 0.000106048566522, 0.00018157082377, 0.000233563492657, 0.000249425531365, 0.000116651506687, 0.000109912922198, 0.000172342464793, 0.000238933993387, 0.000133647379698, 4.28246494266e-05, 4.96443317388e-05, 3.32418385369e-05, 5.20604589838e-05, 4.48263235739e-05, 2.43679660343e-05, 1.71952633536e-05, 1.23923928186e-05, 7.54546726967e-06, 6.16318266111e-06, 4.20257356382e-06, 3.56472401108e-06, 2.24084692491e-06, 1.64105881595e-06, 1.03253580619e-06, 7.78556398018e-07, 5.70661939037e-07, 3.25443807014e-07, 2.0575112103e-07, 1.59634737429e-07, 1.00904031797e-07, 7.12219758725e-08, 5.01381407503e-08, 5.19926075526e-08, 4.44860788207e-08, 5.15123979028e-08, 4.46313954683e-08, 3.61295953155e-08, 2.12082760243e-08, 1.1214598139e-08], "dmean2": [0.000123011472169, 0.000174021712155, 0.000289053015877, 0.000363875733456, 0.000382849189918, 0.000171556050191, 0.000158080263645, 0.000249949749559, 0.000338384910719, 0.000199313464691, 6.41980805085e-05, 7.31776817702e-05, 4.91252940265e-05, 7.78107278165e-05, 6.7099746957e-05, 3.71532842109e-05, 2.700162986e-05, 1.94026924873e-05, 1.18358630061e-05, 9.85268980003e-06, 6.53814367979e-06, 5.64871288589e-06, 3.49485412698e-06, 2.55523059423e-06, 1.66302504567e-06, 1.23886002257e-06, 8.96671792816e-07, 5.05683203755e-07, 3.1408555401e-07, 2.38096276917e-07, 1.47771388015e-07, 1.0356655622e-07, 7.24688504761e-08, 7.50735225097e-08, 6.30226111298e-08, 7.19793220583e-08, 5.98369354066e-08, 4.93611480579e-08, 3.02428340149e-08, 1.5398676112e-08], "dvar": [3.63109080581e-08, 1.22487747944e-07, 1.91317141685e-07, 4.30724497846e-07, 5.04167189774e-07, 1.04431769898e-07, 1.45713158872e-07, 2.80742170844e-07, 5.94779692165e-07, 3.07499050223e-07, 2.64327884025e-08, 5.09847453145e-08, 2.36875301596e-08, 4.10056983924e-08, 3.12215462372e-08, 1.4872493459e-08, 6.41102371191e-09, 2.5995237074e-09, 1.35365196829e-09, 1.1873684258e-09, 2.3750867939e-10, 1.12762105209e-10, 2.78313188468e-11, 1.74696888899e-11, 7.29603183425e-12, 8.40429375398e-12, 1.51438410423e-11, 1.05569893105e-12, 4.21680946454e-13, 2.64593549978e-13, 1.01543725956e-13, 4.8692590216e-14, 4.58768324707e-14, 4.55929815657e-14, 4.27995448327e-14, 1.02131871753e-13, 8.0958853445e-14, 5.52794504507e-14, 1.68770603233e-14, 3.07063377072e-15], "dvar2": [9.57312806804e-08, 3.0870259593e-07, 4.70226694915e-07, 1.03844752175e-06, 1.22716460282e-06, 1.99757749897e-07, 2.7816651027e-07, 5.71058308196e-07, 1.05109870674e-06, 6.89062972015e-07, 5.39397468913e-08, 9.68693498749e-08, 4.27063326924e-08, 8.42901570763e-08, 5.9453903134e-08, 2.6941435749e-08, 1.62943667448e-08, 5.3402322564e-09, 3.13995829337e-09, 2.73570077702e-09, 4.39422387366e-10, 2.27284233101e-10, 6.68974112217e-11, 4.13526643483e-11, 1.8092428597e-11, 2.10779969867e-11, 3.5801920456e-11, 2.31235061481e-12, 9.28659059374e-13, 5.56950590248e-13, 1.96867695756e-13, 9.96480526675e-14, 1.08713514265e-13, 9.63488525616e-14, 8.26811153722e-14, 2.16286746e-13, 1.25927426039e-13, 1.07970076835e-13, 3.4376899927e-14, 5.28383938233e-15], "max": [0.00890763755888, 0.0144172962755, 0.00825084000826, 0.0143002327532, 0.0171245969832, 0.0154825951904, 0.0129906246439, 0.0158566869795, 0.0214162599295, 0.0196462757885, 0.00533805089071, 0.00913251563907, 0.0103149991482, 0.0100784171373, 0.00798964127898, 0.00642973603681, 0.00375248282216, 0.002177975839, 0.00196609715931, 0.00170341494959, 0.000760399503633, 0.000505882839207, 9.90257103695e-05, 0.000123404359329, 7.85934971645e-05, 0.000121023658721, 0.000263983529294, 4.68732869194e-05, 1.7799957277e-05, 2.30695077335e-05, 1.31768692881e-05, 7.12697283234e-06, 1.15503435154e-05, 8.79010804056e-06, 6.81613437337e-06, 1.63751356013e-05, 1.57901013154e-05, 9.00701525097e-06, 4.45878595201e-06, 2.05195260605e-06], "mean": [0.000156997528393, 0.000257217820035, 0.000372347480152, 0.000451958097983, 0.000577631755732, 0.000260354659986, 0.000223804454436, 0.000363487546565, 0.00054038700182, 0.000282110035187, 7.89796686149e-05, 9.58956006798e-05, 6.3985826273e-05, 9.8626165709e-05, 8.05506642791e-05, 3.77763353754e-05, 2.82820710709e-05, 2.03291347134e-05, 1.23777199406e-05, 1.00206807474e-05, 7.79556921771e-06, 6.55126996207e-06, 4.06012850362e-06, 3.04420700559e-06, 1.90896776076e-06, 1.4638386574e-06, 9.55009795689e-07, 6.05795264619e-07, 3.82519004916e-07, 2.87671042543e-07, 1.97248141376e-07, 1.34547889274e-07, 8.98920546888e-08, 9.3783505406e-08, 7.96909773726e-08, 8.09665650081e-08, 7.28204057054e-08, 5.51211201127e-08, 3.28684883755e-08, 1.8146582903e-08], "median": [0.000117590738228, 0.000158322800416, 0.000122988742078, 0.000163519813213, 0.00013856618898, 6.48097338853e-05, 4.19670614065e-05, 8.31649304018e-05, 7.4506526289e-05, 3.50115806214e-05, 1.52276952576e-05, 1.29028439915e-05, 1.486045403e-05, 1.07888226921e-05, 1.13775076898e-05, 6.78472497384e-06, 6.25274878985e-06, 4.49725212093e-06, 3.15407987728e-06, 2.16212220039e-06, 1.86848183148e-06, 1.82149483408e-06, 1.22970516259e-06, 8.42604151785e-07, 5.40801579518e-07, 4.26797328146e-07, 2.7216020726e-07, 1.60980391684e-07, 1.04200537976e-07, 9.2197112167e-08, 5.80920911375e-08, 4.12749585621e-08, 2.72293387837e-08, 2.48089033761e-08, 1.64884674803e-08, 1.14990221789e-08, 8.2770412746e-09, 6.45118403142e-09, 4.29510560451e-09, 2.68492184041e-09], "min": [4.07773758721e-24, 3.37237011463e-24, 3.66330280533e-24, 2.55090164389e-24, 3.82016937406e-24, 1.61377827584e-24, 1.84982103868e-24, 4.07767408391e-24, 1.86439011631e-24, 1.62241758465e-24, 4.1784621086e-24, 5.2686379029e-24, 2.72721816988e-24, 6.55819986872e-24, 4.2726185741e-24, 4.34318928182e-24, 3.82665420513e-24, 4.70075271445e-24, 4.54681360855e-24, 6.05474647243e-24, 5.11309267619e-24, 5.1511374655e-24, 5.4061702797e-24, 4.34020699316e-24, 6.98400884156e-24, 7.224354249e-24, 6.46890515298e-24, 7.79896763211e-24, 9.30114969999e-24, 9.0634769533e-24, 6.50917255789e-24, 6.80123686957e-24, 8.62467307477e-24, 8.09063396345e-24, 6.66875951345e-24, 7.3425114131e-24, 9.61651893495e-24, 8.07220143954e-24, 7.02473457465e-24, 8.36195399434e-24], "var": [5.09531190573e-08, 1.73861565145e-07, 5.21227605077e-07, 1.0683650089e-06, 2.16640023609e-06, 5.19631441875e-07, 4.48350306215e-07, 1.08826748146e-06, 2.75995967058e-06, 1.30029286538e-06, 7.86614862136e-08, 1.50289167777e-07, 9.46207237007e-08, 1.84840899919e-07, 9.45897795646e-08, 2.90032335926e-08, 8.21741519275e-09, 4.55896209672e-09, 1.99033101111e-09, 2.28500707244e-09, 5.62624780098e-10, 2.46240194901e-10, 6.19378090483e-11, 4.01854174936e-11, 1.52825443273e-11, 1.42696965355e-11, 1.55514039146e-11, 2.27564104713e-12, 8.7560693288e-13, 5.24127236837e-13, 2.53845094901e-13, 1.06008294319e-13, 6.79665877615e-14, 8.84808990399e-14, 9.7265172804e-14, 1.98178916311e-13, 2.13119466194e-13, 1.15713021847e-13, 3.19525256135e-14, 6.76664890705e-15]}, "melbands_crest": {"dmean": 2.71672558784, "dmean2": 4.31513261795, "dvar": 6.92262125015, "dvar2": 16.6601161957, "max": 38.7511482239, "mean": 14.2360239029, "median": 12.8924283981, "min": 1.833999753, "var": 33.9589767456}, "melbands_flatness_db": {"dmean": 0.0186135657132, "dmean2": 0.0271197892725, "dvar": 0.000389180000639, "dvar2": 0.000723700621165, "max": 0.474657714367, "mean": 0.271246284246, "median": 0.272629499435, "min": 0.00413072947413, "var": 0.00336835929193}, "melbands_kurtosis": {"dmean": 3.99528932571, "dmean2": 6.3041176796, "dvar": 344.83203125, "dvar2": 949.809631348, "max": 1305.25854492, "mean": 8.94906234741, "median": 3.81670045853, "min": -1.81954610348, "var": 1021.25378418}, "melbands_skewness": {"dmean": 0.470786422491, "dmean2": 0.720830082893, "dvar": 0.326177418232, "dvar2": 0.742072045803, "max": 29.5972766876, "mean": 1.69403624535, "median": 1.50395822525, "min": -2.27780342102, "var": 2.6810863018}, "melbands_spread": {"dmean": 3.21941113472, "dmean2": 4.91282272339, "dvar": 20.4942932129, "dvar2": 39.196685791, "max": 145.985412598, "mean": 14.7675733566, "median": 13.2367153168, "min": 0.29199808836, "var": 99.0597839355}, "mfcc": {"cov": [[7876.67041016, -30.7083282471, -778.323242188, 128.528869629, -681.122436523, -98.5798416138, -205.817596436, -50.3918685913, -178.215103149, -44.6985931396, -174.788024902, -88.7461853027, -201.8565979], [-30.7083282471, 1004.43585205, -217.238494873, -42.8288116455, 19.3730049133, -60.0080375671, -18.6364631653, -12.7113933563, -40.3760948181, -61.6580696106, 12.9145431519, -16.517868042, -0.84148901701], [-778.323242188, -217.238494873, 491.826049805, 54.2556343079, 59.8841018677, 48.4961585999, 18.8913917542, 18.4161376953, 14.0511236191, 11.2982254028, 19.7542648315, 18.0799446106, 12.8011369705], [128.528869629, -42.8288116455, 54.2556343079, 300.394561768, 87.0995864868, 40.140586853, -20.2642288208, -24.2129383087, 8.28425788879, -5.50348854065, -28.5184993744, -13.5996446609, 4.13049840927], [-681.122436523, 19.3730049133, 59.8841018677, 87.0995864868, 300.904907227, 78.350112915, 34.7458763123, -9.71571540833, 39.4014320374, 8.07468986511, -19.1451339722, 5.32909870148, 24.8176441193], [-98.5798416138, -60.0080375671, 48.4961585999, 40.140586853, 78.350112915, 173.227462769, 87.1292190552, 4.52700662613, 32.2797393799, 18.3039703369, -2.46306061745, -1.96731483936, -7.17493104935], [-205.817596436, -18.6364631653, 18.8913917542, -20.2642288208, 34.7458763123, 87.1292190552, 173.710678101, 47.6586952209, 31.0928478241, 28.2847690582, -3.98024511337, 9.95081996918, 9.40385246277], [-50.3918685913, -12.7113933563, 18.4161376953, -24.2129383087, -9.71571540833, 4.52700662613, 47.6586952209, 96.8201446533, 29.2778205872, 6.47312116623, 4.02051448822, 7.59483289719, 11.5005607605], [-178.215103149, -40.3760948181, 14.0511236191, 8.28425788879, 39.4014320374, 32.2797393799, 31.0928478241, 29.2778205872, 108.437721252, 48.6257514954, 2.860496521, -4.41011571884, -5.21657657623], [-44.6985931396, -61.6580696106, 11.2982254028, -5.50348854065, 8.07468986511, 18.3039703369, 28.2847690582, 6.47312116623, 48.6257514954, 109.813514709, 31.3813304901, -2.85619211197, -6.84297084808], [-174.788024902, 12.9145431519, 19.7542648315, -28.5184993744, -19.1451339722, -2.46306061745, -3.98024511337, 4.02051448822, 2.860496521, 31.3813304901, 99.6461868286, 38.356048584, 0.490739703178], [-88.7461853027, -16.517868042, 18.0799446106, -13.5996446609, 5.32909870148, -1.96731483936, 9.95081996918, 7.59483289719, -4.41011571884, -2.85619211197, 38.356048584, 92.0139541626, 42.6085739136], [-201.8565979, -0.84148901701, 12.8011369705, 4.13049840927, 24.8176441193, -7.17493104935, 9.40385246277, 11.5005607605, -5.21657657623, -6.84297084808, 0.490739703178, 42.6085739136, 90.0325775146]], "icov": [[0.000252204452408, 2.85231362795e-05, 0.000371739792172, -0.000271813332802, 0.000573384982999, -0.000324791908497, 0.000344436411979, -0.00025638792431, 0.000400993361836, -0.000344512664014, 0.00068007176742, -0.00044767090003, 0.000543375732377], [2.85231362795e-05, 0.00122463062871, 0.000573829805944, 4.62592834083e-05, -0.000313646422001, 0.00041907155537, -0.000259051041212, 4.90792117489e-05, 0.000147454178659, 0.000819997920189, -0.000751687446609, 0.000566555361729, -6.08340051258e-05], [0.000371739792172, 0.000573829805944, 0.00297717098147, -0.000704601057805, 0.000402428035159, -0.000807196251117, 0.000579041254241, -0.000937437813263, 0.000778110756073, -0.000228425502428, 0.00017932576884, -0.000594211276621, 0.000639808247797], [-0.000271813332802, 4.62592834083e-05, -0.000704601057805, 0.00428470317274, -0.00148727349006, -0.000589966133703, 0.000687145395204, 0.000782308168709, -0.000519952329341, 0.000324298598571, 0.000202956056455, 0.000760934897698, -0.000880824984051], [0.000573384982999, -0.000313646422001, 0.000402428035159, -0.00148727349006, 0.00581767968833, -0.00232577882707, 0.000681196921505, 0.000424312514951, -0.00063694169512, -0.000729584658984, 0.00235009868629, -0.00127324101049, -0.000123314763186], [-0.000324791908497, 0.00041907155537, -0.000807196251117, -0.000589966133703, -0.00232577882707, 0.0101299388334, -0.00561013957486, 0.00235829129815, -0.0019426898798, 0.00143238436431, -0.00195470568724, 0.00105888186954, 0.000656515010633], [0.000344436411979, -0.000259051041212, 0.000579041254241, 0.000687145395204, 0.000681196921505, -0.00561013957486, 0.0106118107215, -0.00486598350108, 0.00125754589681, -0.00305875926279, 0.00307040242478, -0.00211197463796, 0.000357428914867], [-0.00025638792431, 4.90792117489e-05, -0.000937437813263, 0.000782308168709, 0.000424312514951, 0.00235829129815, -0.00486598350108, 0.0144753949717, -0.00489301653579, 0.0025880439207, -0.00176435662434, 0.00108157575596, -0.00233585271053], [0.000400993361836, 0.000147454178659, 0.000778110756073, -0.000519952329341, -0.00063694169512, -0.0019426898798, 0.00125754589681, -0.00489301653579, 0.0146019915119, -0.00661186594516, 0.00254886061884, -0.00113823323045, 0.00219636992551], [-0.000344512664014, 0.000819997920189, -0.000228425502428, 0.000324298598571, -0.000729584658984, 0.00143238436431, -0.00305875926279, 0.0025880439207, -0.00661186594516, 0.014797590673, -0.00680786324665, 0.0037428708747, -0.00143562327139], [0.00068007176742, -0.000751687446609, 0.00017932576884, 0.000202956056455, 0.00235009868629, -0.00195470568724, 0.00307040242478, -0.00176435662434, 0.00254886061884, -0.00680786324665, 0.0176083594561, -0.00939047336578, 0.00456238305196], [-0.00044767090003, 0.000566555361729, -0.000594211276621, 0.000760934897698, -0.00127324101049, 0.00105888186954, -0.00211197463796, 0.00108157575596, -0.00113823323045, 0.0037428708747, -0.00939047336578, 0.0192781221122, -0.00928482972085], [0.000543375732377, -6.08340051258e-05, 0.000639808247797, -0.000880824984051, -0.000123314763186, 0.000656515010633, 0.000357428914867, -0.00233585271053, 0.00219636992551, -0.00143562327139, 0.00456238305196, -0.00928482972085, 0.0170089770108]], "mean": [-748.87689209, 180.302154541, -18.4682769775, 12.3801555634, 1.34339785576, -0.945724904537, -3.93685054779, 0.162021487951, -5.12067317963, -0.0671758651733, 0.793990075588, 2.26893997192, -2.63223767281]}, "pitch_salience": {"dmean": 0.0580957904458, "dmean2": 0.0928027629852, "dvar": 0.00277254544199, "dvar2": 0.00690376013517, "max": 0.925393998623, "mean": 0.530290365219, "median": 0.539152145386, "min": 0.0583347305655, "var": 0.0128659885377}, "silence_rate_20dB": {"dmean": 0, "dmean2": 0, "dvar": 0, "dvar2": 0, "max": 1, "mean": 1, "median": 1, "min": 1, "var": 0}, "silence_rate_30dB": {"dmean": 0.00141302810516, "dmean2": 0.00282645551488, "dvar": 0.00141099130269, "dvar2": 0.00338368210942, "max": 1, "mean": 0.998587191105, "median": 1, "min": 0, "var": 0.00141079246532}, "silence_rate_60dB": {"dmean": 0.0406952090561, "dmean2": 0.0814019218087, "dvar": 0.0390429347754, "dvar2": 0.0863701105118, "max": 1, "mean": 0.240039557219, "median": 0, "min": 0, "var": 0.182416290045}, "spectral_centroid": {"dmean": 108.76865387, "dmean2": 165.477981567, "dvar": 36311.3242188, "dvar2": 70091.8671875, "max": 11585.4599609, "mean": 798.135192871, "median": 725.42199707, "min": 216.390991211, "var": 237180.671875}, "spectral_complexity": {"dmean": 1.64532995224, "dmean2": 2.65884685516, "dvar": 3.10290408134, "dvar2": 6.90980148315, "max": 39, "mean": 10.7264766693, "median": 10, "min": 0, "var": 37.6019020081}, "spectral_contrast_coeffs": {"dmean": [0.0402375198901, 0.0415350310504, 0.0360868126154, 0.0279946234077, 0.0192219316959, 0.0134907756001], "dmean2": [0.0655357241631, 0.0660494044423, 0.0579098425806, 0.0450204908848, 0.031128892675, 0.0213672034442], "dvar": [0.00124028127175, 0.00132324069273, 0.000951489433646, 0.000562357541639, 0.000253244885243, 0.000151978587382], "dvar2": [0.00321221677586, 0.00316978315823, 0.00226048869081, 0.00133162061684, 0.000619292142801, 0.000337502046023], "max": [-0.305744439363, -0.358444482088, -0.433534115553, -0.551605701447, -0.625970721245, -0.664397001266], "mean": [-0.630846261978, -0.684508323669, -0.731314718723, -0.764105856419, -0.78595250845, -0.784038603306], "median": [-0.634647130966, -0.69467830658, -0.737725496292, -0.767956376076, -0.788032472134, -0.780366420746], "min": [-0.977651298046, -0.971250414848, -0.969184875488, -0.974107563496, -0.963496744633, -0.962060511112], "var": [0.00908378325403, 0.00881335884333, 0.00554147129878, 0.00283815339208, 0.00149718299508, 0.00132005102932]}, "spectral_contrast_valleys": {"dmean": [0.320965588093, 0.309060543776, 0.283660650253, 0.241035863757, 0.206892192364, 0.23842972517], "dmean2": [0.528467655182, 0.504078269005, 0.457653254271, 0.387750893831, 0.309581309557, 0.29808318615], "dvar": [0.11298275739, 0.117403745651, 0.107747592032, 0.0911458581686, 0.0805268734694, 0.104073986411], "dvar2": [0.248642876744, 0.249111309648, 0.218371510506, 0.178511798382, 0.136133745313, 0.137284532189], "max": [-5.84287214279, -5.11058855057, -5.16137838364, -5.93141269684, -6.54094696045, -8.81834316254], "mean": [-8.05407905579, -7.32172489166, -8.06794071198, -8.54239940643, -8.97462272644, -12.1055574417], "median": [-7.79254627228, -7.13620376587, -7.91995668411, -8.40102005005, -8.78218650818, -11.9812459946], "min": [-27.7774028778, -27.4890613556, -27.4697475433, -27.493927002, -27.4252376556, -27.3682479858], "var": [1.33563506603, 1.52438282967, 1.65729284286, 1.552064538, 1.62457108498, 1.49052190781]}, "spectral_decrease": {"dmean": 1.02654318379e-09, "dmean2": 1.49844658903e-09, "dvar": 3.26801896022e-18, "dvar2": 6.56427538501e-18, "max": 1.04626782193e-28, "mean": -3.82118958697e-09, "median": -2.10110084886e-09, "min": -3.36003225243e-08, "var": 2.13028107946e-17}, "spectral_energy": {"dmean": 0.00408138940111, "dmean2": 0.00593759585172, "dvar": 5.18875312991e-05, "dvar2": 0.000103400256194, "max": 0.13393637538, "mean": 0.015268384479, "median": 0.00836176518351, "min": 1.04903037206e-20, "var": 0.000343045016052}, "spectral_energyband_high": {"dmean": 1.74468859768e-05, "dmean2": 2.29675060837e-05, "dvar": 3.3856843995e-09, "dvar2": 5.16430320729e-09, "max": 0.001850062632, "mean": 4.004420407e-05, "median": 1.32044133352e-05, "min": 7.62911344676e-21, "var": 1.10158584476e-08}, "spectral_energyband_low": {"dmean": 0.000592967437115, "dmean2": 0.000956000760198, "dvar": 2.20340348278e-06, "dvar2": 5.41515737496e-06, "max": 0.0516676828265, "mean": 0.00151346146595, "median": 0.000990888802335, "min": 2.79848153692e-23, "var": 4.34683443018e-06}, "spectral_energyband_middle_high": {"dmean": 0.00113185518421, "dmean2": 0.00161296513397, "dvar": 8.94173626875e-06, "dvar2": 1.66476602317e-05, "max": 0.102711945772, "mean": 0.00317473942414, "median": 0.00100296409801, "min": 1.19009186895e-21, "var": 4.55516819784e-05}, "spectral_energyband_middle_low": {"dmean": 0.00346339610405, "dmean2": 0.00511989742517, "dvar": 4.20933320129e-05, "dvar2": 8.94471158972e-05, "max": 0.121577166021, "mean": 0.010972475633, "median": 0.00526313390583, "min": 1.65384461588e-22, "var": 0.000230923775234}, "spectral_entropy": {"dmean": 0.143618091941, "dmean2": 0.209282949567, "dvar": 0.0239207819104, "dvar2": 0.042833827436, "max": 9.81030845642, "mean": 6.85640525818, "median": 6.8640871048, "min": 5.19811010361, "var": 0.240251034498}, "spectral_flux": {"dmean": 0.0149889122695, "dmean2": 0.0239719599485, "dvar": 0.000415679300204, "dvar2": 0.00101804954465, "max": 0.288811266422, "mean": 0.0470857992768, "median": 0.0380204170942, "min": 6.65076743678e-11, "var": 0.00145924813114}, "spectral_kurtosis": {"dmean": 4.52838134766, "dmean2": 7.8426823616, "dvar": 21.3064041138, "dvar2": 61.8214683533, "max": 66.3430938721, "mean": 12.7275466919, "median": 10.7109107971, "min": -1.24604701996, "var": 61.4755058289}, "spectral_rms": {"dmean": 0.000449152983492, "dmean2": 0.000644645071588, "dvar": 3.50914888259e-07, "dvar2": 6.40504310923e-07, "max": 0.0114310821518, "mean": 0.00327885267325, "median": 0.00285618985072, "min": 3.19913149791e-12, "var": 4.14512805946e-06}, "spectral_rolloff": {"dmean": 177.597915649, "dmean2": 299.706390381, "dvar": 185821.53125, "dvar2": 348181.5625, "max": 19379.8828125, "mean": 921.859680176, "median": 775.1953125, "min": 21.533203125, "var": 737669.5625}, "spectral_skewness": {"dmean": 0.37195032835, "dmean2": 0.630239486694, "dvar": 0.117430754006, "dvar2": 0.328970968723, "max": 6.28490543365, "mean": 2.4436173439, "median": 2.35020208359, "min": -0.0608693733811, "var": 0.508152365685}, "spectral_spread": 