{"lowlevel": {"average_loudness": 0.918018817902, "barkbands": {"dmean": [6.34725938653e-06, 0.00241906335577, 0.00106475269422, 0.00061774085043, 0.00347752752714, 0.000974621565547, 0.000919481448364, 0.00130060641095, 0.00108100124635, 0.00115583173465, 0.000538824184332, 0.000574899313506, 0.000212990722503, 9.05807537492e-05, 2.95717818517e-05, 1.31905353555e-05, 3.16648729495e-05, 3.46266861015e-05, 3.31207338604e-05, 3.92250112782e-05, 1.62768719747e-05, 1.30590642584e-05, 1.29453064801e-05, 1.39808917083e-05, 7.96221138444e-06, 1.17676029276e-06, 1.0077614121e-07], "dmean2": [1.02554831756e-05, 0.00321011035703, 0.00152987719048, 0.000978997442871, 0.00516548473388, 0.00151727220509, 0.00139179907274, 0.00199561147019, 0.00167329516262, 0.00180885568261, 0.000839934393298, 0.000929614703637, 0.000330198876327, 0.00013715167006, 4.76416862512e-05, 2.05764990824e-05, 4.90523962071e-05, 5.37743144378e-05, 5.34015598532e-05, 5.60142434551e-05, 2.3319344109e-05, 1.82548446901e-05, 1.88629110198e-05, 2.15827731154e-05, 1.11928457045e-05, 1.60672550464e-06, 1.66574864124e-07], "dvar": [2.52728588057e-10, 4.91298633278e-05, 7.32646458346e-06, 1.84070790965e-06, 2.77444614767e-05, 3.27838165504e-06, 3.35588697453e-06, 8.10975143395e-06, 5.56600389245e-06, 7.53333461034e-06, 3.16483897222e-06, 2.09239624382e-06, 4.48285504717e-07, 9.51605230171e-08, 9.21825726863e-09, 1.94402738352e-09, 7.13160552834e-09, 9.53082324173e-09, 4.06902742611e-08, 5.4197801802e-08, 6.88085721734e-09, 7.34751948173e-09, 8.01359956171e-09, 4.81011186437e-09, 1.14826603781e-09, 3.02707268973e-11, 6.30094324698e-14], "dvar2": [6.03614380701e-10, 7.68600439187e-05, 1.34098427225e-05, 4.28581870437e-06, 5.71250238863e-05, 7.31702721168e-06, 6.62709180688e-06, 1.71699211933e-05, 1.06656807475e-05, 1.38769673868e-05, 5.60436728847e-06, 5.07336562805e-06, 9.4285923069e-07, 1.7031540267e-07, 1.89232078895e-08, 4.29266222568e-09, 1.60636055568e-08, 2.19665921009e-08, 9.77398713076e-08, 1.04074253215e-07, 1.30873640813e-08, 1.17385186016e-08, 1.52038701628e-08, 1.01010346754e-08, 1.95744376263e-09, 4.59108619177e-11, 1.65788254436e-13], "max": [0.000271296972642, 0.135295048356, 0.046329036355, 0.0303176306188, 0.0652012005448, 0.0314526818693, 0.0401417389512, 0.106653057039, 0.0777772068977, 0.0725552886724, 0.0661883950233, 0.0270083788782, 0.0184385422617, 0.00919898692518, 0.00268204975873, 0.0014995241072, 0.00231192214414, 0.002222845098, 0.00624544033781, 0.00815094169229, 0.0029595317319, 0.00475453445688, 0.0040919794701, 0.00233949883841, 0.00108028273098, 0.000185286538908, 2.88848150376e-06], "mean": [1.66653935594e-05, 0.00775671517476, 0.00264817476273, 0.00120553397574, 0.00882532633841, 0.00183090684004, 0.0016685401788, 0.00223535741679, 0.00190978683531, 0.00207082787529, 0.0010412967531, 0.00102813087869, 0.000372182257706, 0.000143446217407, 4.62356074422e-05, 2.32541424339e-05, 5.58749416086e-05, 6.06546709605e-05, 4.46792219009e-05, 5.74294754188e-05, 2.20922447625e-05, 1.92821880773e-05, 1.73083390109e-05, 1.66979989444e-05, 1.04303153421e-05, 1.753969741e-06, 9.53194358999e-08], "median": [1.36722223942e-06, 0.00117464945652, 0.000399547629058, 0.000319860933814, 0.00369181158021, 0.000915039563552, 0.000832359713968, 0.000731366220862, 0.00059028819669, 0.000575841870159, 0.000167895981576, 0.000195353408344, 9.56230505835e-05, 5.44726644875e-05, 1.82473158929e-05, 7.82032475399e-06, 2.03600502573e-05, 2.39311302721e-05, 1.26376362459e-05, 5.42086308997e-06, 2.57776309809e-06, 2.31867579714e-06, 2.15965565076e-06, 2.88296860163e-06, 1.74548608811e-06, 4.65923335469e-07, 2.37679280701e-08], "min": [2.50950222358e-24, 2.68230969905e-24, 6.05615172952e-25, 2.84284111833e-24, 1.52385255026e-23, 1.17007620218e-23, 1.50726028107e-23, 2.49084976525e-23, 2.02447977348e-23, 2.76562958229e-23, 2.56953958718e-23, 3.19217393126e-23, 4.76394205068e-23, 3.95730085175e-23, 6.11750903491e-23, 8.45352433712e-23, 9.88840868118e-23, 1.1774443208e-22, 1.18853229725e-22, 1.98083541281e-22, 2.70782980687e-22, 3.34835785132e-22, 4.51929097732e-22, 8.0191646485e-22, 9.66746035366e-22, 1.63586436801e-21, 1.87293723962e-21], "var": [1.3351855177e-09, 0.000257228530245, 2.96177040582e-05, 5.81241874897e-06, 0.000117870025861, 9.07275352802e-06, 7.47713602323e-06, 2.72619254247e-05, 1.90491500689e-05, 2.83374320134e-05, 1.43533316077e-05, 5.91101024838e-06, 1.24261055134e-06, 1.97561220716e-07, 1.65272062702e-08, 3.7629348526e-09, 1.64132476499e-08, 1.60031774499e-08, 4.03373299207e-08, 1.23368224081e-07, 1.33301911731e-08, 1.49718228926e-08, 1.55302419813e-08, 7.46304085197e-09, 2.22372276149e-09, 6.34850019776e-11, 4.8752827811e-14]}, "barkbands_crest": {"dmean": 2.39766144753, "dmean2": 3.76082038879, "dvar": 5.04264974594, "dvar2": 10.9770374298, "max": 26.475692749, "mean": 12.9468545914, "median": 12.086561203, "min": 3.36580967903, "var": 25.4956188202}, "barkbands_flatness_db": {"dmean": 0.0215822923928, "dmean2": 0.0312931388617, "dvar": 0.000479908863781, "dvar2": 0.000846925133374, "max": 0.41849219799, "mean": 0.232528463006, "median": 0.230822354555, "min": 0.0480918176472, "var": 0.00303254649043}, "barkbands_kurtosis": {"dmean": 4.5714468956, "dmean2": 7.31357240677, "dvar": 77.0735321045, "dvar2": 188.37210083, "max": 210.669448853, "mean": 8.55289268494, "median": 3.57811379433, "min": -1.86993014812, "var": 229.567474365}, "barkbands_skewness": {"dmean": 0.594482839108, "dmean2": 0.916922390461, "dvar": 0.400957614183, "dvar2": 0.886905193329, "max": 12.8363189697, "mean": 1.70699322224, "median": 1.4138469696, "min": -2.774736166, "var": 2.560516119}, "barkbands_spread": {"dmean": 2.28146648407, "dmean2": 3.44459986687, "dvar": 15.1562805176, "dvar2": 29.5172767639, "max": 75.9883651733, "mean": 8.35405254364, "median": 6.8792848587, "min": 0.44099599123, "var": 51.149307251}, "dissonance": {"dmean": 0.0396609157324, "dmean2": 0.0674294009805, "dvar": 0.00110097881407, "dvar2": 0.00309229292907, "max": 0.499354034662, "mean": 0.403041273355, "median": 0.408326596022, "min": 0.160679876804, "var": 0.0025664223358}, "dynamic_complexity": 2.92163395882, "erbbands": {"dmean": [0.0358621068299, 0.650487959385, 1.39867246151, 1.45940053463, 5.81461381912, 15.2042751312, 14.6915817261, 6.24363327026, 10.8312826157, 19.0718021393, 28.5470561981, 21.2045879364, 30.5273666382, 29.7659721375, 22.5373764038, 19.8215713501, 9.26862335205, 5.48407840729, 2.11455273628, 0.86272919178, 0.722860753536, 1.77377426624, 1.82339203358, 1.46071827412, 1.91192519665, 1.95789563656, 0.991300702095, 0.471282482147, 0.441676676273, 0.41343125701, 0.396871656179, 0.280011475086, 0.255601018667, 0.118452839553, 0.0433919094503, 0.0095834499225, 0.00138862838503, 0.000219729234232, 2.03725248866e-05, 8.78241826285e-06], "dmean2": [0.0492318496108, 0.861921966076, 1.94345128536, 2.20521068573, 8.43536663055, 22.1012172699, 21.9110717773, 9.74754524231, 16.4691810608, 28.7207641602, 44.0337181091, 32.5168037415, 47.1059494019, 45.8998298645, 35.1215858459, 31.5093326569, 14.4657840729, 8.4058675766, 3.20816922188, 1.3356782198, 1.10875809193, 2.72096967697, 2.79636263847, 2.30363845825, 3.00894713402, 2.80045700073, 1.41830337048, 0.684107124805, 0.648568153381, 0.588863313198, 0.587117135525, 0.433673888445, 0.381842941046, 0.170135334134, 0.0613871179521, 0.0130873611197, 0.00190659856889, 0.000330531678628, 3.32451672875e-05, 1.24555099319e-05], "dvar": [0.00837079808116, 3.68186044693, 14.0345687866, 7.84571504593, 109.54384613, 655.190856934, 1069.4074707, 145.986587524, 512.629516602, 1274.71264648, 3944.71606445, 2703.9921875, 4227.00537109, 5996.89453125, 3721.08056641, 2940.73583984, 664.717285156, 342.780212402, 44.2538757324, 10.0050411224, 4.02954864502, 22.6520004272, 23.1366291046, 46.5371208191, 131.839767456, 145.01020813, 24.8436431885, 6.73478841782, 6.7595615387, 14.2382764816, 8.34206962585, 2.45648050308, 1.51997494698, 0.239623263478, 0.0420244894922, 0.00260095437989, 2.75831189356e-05, 2.67092843842e-07, 2.11520934101e-09, 1.18501125579e-10], "dvar2": [0.014531377703, 5.75868940353, 24.9117774963, 16.8242988586, 226.627090454, 1275.92199707, 2369.0871582, 323.948303223, 995.557556152, 2461.55883789, 8631.87988281, 4821.25585938, 8052.06445312, 11130.1523438, 7459.00097656, 7046.34082031, 1568.67919922, 624.555603027, 87.3448486328, 20.2265014648, 9.02305221558, 51.3214263916, 51.0705184937, 112.281837463, 313.197174072, 283.376098633, 43.6531143188, 13.4245576859, 11.4791851044, 26.9931907654, 17.7386207581, 5.46527290344, 3.13334774971, 0.43002051115, 0.0762389451265, 0.00400929991156, 4.32048873336e-05, 6.22715788268e-07, 5.54697532351e-09, 2.02805675031e-10], "max": [1.43309438229, 37.3839874268, 65.9810028076, 50.2695770264, 194.248168945, 392.280853271, 655.161254883, 287.404388428, 726.813415527, 817.257202148, 1995.14477539, 2375.84326172, 1908.5291748, 1920.34851074, 2006.39318848, 1094.28723145, 653.418823242, 524.025939941, 159.169372559, 124.96105957, 60.4017868042, 101.276641846, 105.492263794, 167.135772705, 369.992492676, 477.481506348, 152.498001099, 116.788543701, 101.056617737, 258.713226318, 125.469322205, 48.4286193848, 49.3575553894, 17.6141757965, 6.21847581863, 1.66141068935, 0.183169707656, 0.00840652827173, 0.000527287833393, 0.000181264840649], "mean": [0.119566828012, 2.05832242966, 3.75861167908, 3.57295441628, 13.5085306168, 33.8899307251, 28.8385601044, 12.3161945343, 20.4508552551, 34.595375061, 51.151966095, 39.7821655273, 54.7093048096, 59.7109870911, 46.9618263245, 38.4812049866, 17.9855461121, 9.56419944763, 3.66716504097, 1.59660100937, 1.47509419918, 3.28839421272, 3.54158353806, 2.18226957321, 2.62674427032, 2.85487604141, 1.41222453117, 0.65790271759, 0.674235880375, 0.565925657749, 0.518473744392, 0.34991812706, 0.291828721762, 0.148359254003, 0.0574447475374, 0.0141655011103, 0.00209236331284, 0.000265000533545, 3.42128078046e-05, 3.77764845325e-05], "median": [0.0234425961971, 0.280459403992, 0.646443009377, 1.36247038841, 4.45733737946, 10.1311063766, 9.67084217072, 7.11943817139, 11.0014972687, 15.9799604416, 19.2265625, 13.5165977478, 22.7309494019, 17.136341095, 12.2215480804, 8.63672065735, 5.67647647858, 4.07821559906, 1.43558692932, 0.623853802681, 0.587404489517, 1.17584514618, 1.3744007349, 0.873308062553, 0.647402703762, 0.299416899681, 0.145916163921, 0.0790710747242, 0.0828813463449, 0.0667280331254, 0.0637337267399, 0.0495959557593, 0.0516168810427, 0.0261266566813, 0.0086346399039, 0.00285275559872, 0.000688961765263, 8.13283404568e-05, 2.19988232857e-05, 3.19476130244e-05], "min": [1.63117767595e-22, 4.75002458794e-22, 1.48081202791e-21, 1.9639901149e-20, 6.24083053688e-21, 5.52960158228e-20, 5.34287460628e-20, 1.16326396619e-19, 1.99633113202e-19, 2.44164278081e-19, 5.56954303213e-19, 5.98448422775e-19, 9.15093781645e-19, 1.71952951229e-18, 1.49299803653e-18, 1.69392661797e-18, 2.28275710157e-18, 2.29503142789e-18, 2.95407062374e-18, 3.55677695871e-18, 5.61972694252e-18, 6.32949547098e-18, 8.15917886769e-18, 6.98392644364e-18, 7.13855462426e-18, 8.43636378223e-18, 1.14854226576e-17, 1.2347093393e-17, 1.27383216986e-17, 1.30430302209e-17, 1.29074842698e-17, 1.4213772029e-17, 1.30455258248e-17, 8.41279906094e-18, 7.40684569286e-18, 5.48703145584e-18, 3.02678786459e-18, 1.03716185862e-18, 2.77616340932e-19, 2.52888257965e-20], "var": [0.040637306869, 19.1602649689, 54.9112434387, 32.6409454346, 450.747894287, 2551.28295898, 3539.03710938, 361.6456604, 1199.88696289, 3441.19018555, 12363.7890625, 9177.76367188, 13028.7177734, 22860.6835938, 15166.6660156, 8991.69726562, 2045.90148926, 713.928771973, 86.2424468994, 18.1676082611, 9.480427742, 51.5831031799, 50.3871116638, 46.9202766418, 151.153991699, 312.450286865, 57.9227523804, 12.3713245392, 14.1269226074, 24.2223243713, 14.1167039871, 3.90201163292, 2.20771813393, 0.443718522787, 0.0740782767534, 0.00531569728628, 5.67409515497e-05, 3.27131743916e-07, 1.93650273594e-09, 8.05349564814e-10]}, "erbbands_crest": {"dmean": 3.15790891647, "dmean2": 5.12441301346, "dvar": 7.65223169327, "dvar2": 18.4702758789, "max": 32.228679657, "mean": 12.4198150635, "median": 11.0420665741, "min": 2.594830513, "var": 29.7946872711}, "erbbands_flatness_db": {"dmean": 0.0203575883061, "dmean2": 0.0294512808323, "dvar": 0.000342401704984, "dvar2": 0.000652137212455, "max": 0.437381923199, "mean": 0.229123488069, "median": 0.229177623987, "min": 0.0322027504444, "var": 0.00223315344192}, "erbbands_kurtosis": {"dmean": 1.86096000671, "dmean2": 2.95372629166, "dvar": 6.66665697098, "dvar2": 15.469247818, "max": 63.8853912354, "mean": 3.12707972527, "median": 2.00061964989, "min": -1.80963134766, "var": 18.1343841553}, "erbbands_skewness": {"dmean": 0.445264905691, "dmean2": 0.699421226978, "dvar": 0.165632292628, "dvar2": 0.37439134717, "max": 6.70620679855, "mean": 0.741717755795, "median": 0.714872717857, "min": -4.19226169586, "var": 0.963554680347}, "erbbands_spread": {"dmean": 4.77906417847, "dmean2": 7.29349708557, "dvar": 41.0105781555, "dvar2": 88.3622207642, "max": 120.491790771, "mean": 18.0406169891, "median": 15.5385570526, "min": 1.18783581257, "var": 142.169464111}, "gfcc": {"cov": [[7396.22558594, 451.998657227, -809.113586426, 113.649337769, -416.311981201, 147.115356445, 83.1304550171, 4.49544906616, -225.504730225, -166.595245361, -3.62653708458, -44.8223724365, -40.7788658142], [451.998657227, 944.125183105, 134.483734131, -147.752716064, 316.451904297, 23.3578262329, 143.194763184, 32.2958602905, 119.808258057, -96.7843551636, 109.637214661, 13.3301420212, 2.86947798729], [-809.113586426, 134.483734131, 739.733276367, 251.153289795, 202.710754395, 159.661254883, 21.9331912994, 63.281375885, 146.527084351, 69.2947006226, 17.8066692352, -28.6329917908, 53.9977073669], [113.649337769, -147.752716064, 251.153289795, 446.718841553, 57.0851020813, 57.5585098267, 28.5178337097, 6.68561410904, 69.2486724854, 101.842758179, -62.35729599, -44.7474441528, 37.0929260254], [-416.311981201, 316.451904297, 202.710754395, 57.0851020813, 350.501434326, 109.869621277, 120.62021637, 97.7137451172, 120.489433289, 5.47494745255, 61.9098129272, 10.8598403931, 0.696453690529], [147.115356445, 23.3578262329, 159.661254883, 57.5585098267, 109.869621277, 244.630386353, 141.707122803, 130.80581665, 42.0970687866, 30.9813270569, 60.1500320435, 17.1232833862, -12.5359287262], [83.1304550171, 143.194763184, 21.9331912994, 28.5178337097, 120.62021637, 141.707122803, 274.305786133, 134.697036743, 39.5057525635, 22.8216285706, 70.030632019, 48.2632141113, -23.131855011], [4.49544906616, 32.2958602905, 63.281375885, 6.68561410904, 97.7137451172, 130.80581665, 134.697036743, 194.76121521, 66.5265197754, 37.7929573059, 64.6382980347, 31.0924968719, -26.057220459], [-225.504730225, 119.808258057, 146.527084351, 69.2486724854, 120.489433289, 42.0970687866, 39.5057525635, 66.5265197754, 152.27482605, 57.3655586243, 14.0837135315, 5.89330911636, 5.37838792801], [-166.595245361, -96.7843551636, 69.2947006226, 101.842758179, 5.47494745255, 30.9813270569, 22.8216285706, 37.7929573059, 57.3655586243, 129.78565979, 10.6130533218, 2.08805561066, -1.09118962288], [-3.62653708458, 109.637214661, 17.8066692352, -62.35729599, 61.9098129272, 60.1500320435, 70.030632019, 64.6382980347, 14.0837135315, 10.6130533218, 123.784179688, 50.2653884888, -8.66522598267], [-44.8223724365, 13.3301420212, -28.6329917908, -44.7474441528, 10.8598403931, 17.1232833862, 48.2632141113, 31.0924968719, 5.89330911636, 2.08805561066, 50.2653884888, 91.4808120728, 24.9055595398], [-40.7788658142, 2.86947798729, 53.9977073669, 37.0929260254, 0.696453690529, -12.5359287262, -23.131855011, -26.057220459, 5.37838792801, -1.09118962288, -8.66522598267, 24.9055595398, 116.787277222]], "icov": [[0.000389073480619, -0.000912526680622, 0.000794154009782, -0.000996398506686, 0.00112982303835, -0.00115747167729, 0.000681798788719, -0.000523525697645, 0.000353874551365, 0.000278327119304, 5.43323185411e-05, -7.36895526643e-05, 8.61393402829e-07], [-0.000912526680622, 0.00485197454691, -0.00220179301687, 0.00335104786791, -0.00413825642318, 0.00380018516444, -0.00348216178827, 0.00287746591493, -0.00314669404179, 0.00157299940474, -0.0022467202507, 0.0019801708404, -0.000528627831955], [0.000794154009782, -0.00220179301687, 0.00419088313356, -0.00314024579711, 0.00186626217328, -0.0041070478037, 0.00261523271911, -0.000880928884726, -0.000483370153233, 0.000533784681465, -0.000382512691431, 0.000406887149438, -0.000827362353448], [-0.000996398506686, 0.00335104786791, -0.00314024579711, 0.00704202335328, -0.00380794401281, 0.00305959605612, -0.00350518594496, 0.00256464793347, -0.0014354508603, -0.00286684278399, 0.00158585445024, 0.00196863827296, -0.00124871451408], [0.00112982303835, -0.00413825642318, 0.00186626217328, -0.00380794401281, 0.00968261994421, -0.0043347789906, 0.00147315044887, -0.0023354771547, -0.00173086312134, 0.00223763193935, -0.000845271046273, 4.94039995829e-05, 0.000117771051009], [-0.00115747167729, 0.00380018516444, -0.0041070478037, 0.00305959605612, -0.0043347789906, 0.0126392282546, -0.00519300997257, -0.00167239760049, 7.31699328753e-05, -0.000180196861038, -0.00214756536298, 0.00176186568569, -0.000129647974973], [0.000681798788719, -0.00348216178827, 0.00261523271911, -0.00350518594496, 0.00147315044887, -0.00519300997257, 0.00993823446333, -0.00461183348671, 0.0028743527364, -0.000871653086506, 0.00102043594234, -0.00403958698735, 0.00139766093343], [-0.000523525697645, 0.00287746591493, -0.000880928884726, 0.00256464793347, -0.0023354771547, -0.00167239760049, -0.00461183348671, 0.0132723711431, -0.00544297369197, 2.74989633908e-05, -0.00299085932784, 0.000497132888995, 0.00114448380191], [0.000353874551365, -0.00314669404179, -0.000483370153233, -0.0014354508603, -0.00173086312134, 7.31699328753e-05, 0.0028743527364, -0.00544297369197, 0.0159008186311, -0.00669255293906, 0.00419447990134, -0.00298305624165, 0.000405918981414], [0.000278327119304, 0.00157299940474, 0.000533784681465, -0.00286684278399, 0.00223763193935, -0.000180196861038, -0.000871653086506, 2.74989633908e-05, -0.00669255293906, 0.0145989330485, -0.00447380589321, 0.0013520749053, 0.000347413646523], [5.43323185411e-05, -0.0022467202507, -0.000382512691431, 0.00158585445024, -0.000845271046273, -0.00214756536298, 0.00102043594234, -0.00299085932784, 0.00419447990134, -0.00447380589321, 0.0165372546762, -0.00772605882958, 0.00169634027407], [-7.36895526643e-05, 0.0019801708404, 0.000406887149438, 0.00196863827296, 4.94039995829e-05, 0.00176186568569, -0.00403958698735, 0.000497132888995, -0.00298305624165, 0.0013520749053, -0.00772605882958, 0.0193463638425, -0.0059371041134], [8.61393402829e-07, -0.000528627831955, -0.000827362353448, -0.00124871451408, 0.000117771051009, -0.000129647974973, 0.00139766093343, 0.00114448380191, 0.000405918981414, 0.000347413646523, 0.00169634027407, -0.0059371041134, 0.0112491138279]], "mean": [-65.1857757568, 147.374832153, -100.069061279, 0.523322701454, -65.7718734741, 8.3187828064, -31.8448429108, 9.68092632294, -27.7265110016, -9.80565261841, -3.59400868416, -4.9697675705, -9.04229927063]}, "hfc": {"dmean": 3.36298012733, "dmean2": 4.86824417114, "dvar": 23.4587631226, "dvar2": 41.2703819275, "max": 123.896942139, "mean": 13.2516117096, "median": 10.1485042572, "min": 1.07907140276e-16, "var": 144.014038086}, "melbands": {"dmean": [0.000510671699885, 0.000803594186436, 0.00034156939364, 0.000701972749084, 0.000574493024033, 0.000151876316522, 0.00017284048954, 0.000228323260671, 0.000226331801969, 0.00014224385086, 0.000161808100529, 0.000133488021675, 7.81688358984e-05, 7.06597566023e-05, 3.70238776668e-05, 1.46856600622e-05, 1.0200737961e-05, 3.81888412448e-06, 1.63306231116e-06, 1.00027921235e-06, 8.41809480789e-07, 1.86635725186e-06, 1.96296241484e-06, 1.64794550983e-06, 1.1545180314e-06, 1.47856167132e-06, 1.3946718127e-06, 1.37344704854e-06, 7.3120605748e-07, 3.99058905032e-07, 2.4574947588e-07, 2.48406081482e-07, 2.88850628749e-07, 2.06762393873e-07, 2.22844221298e-07, 2.33348345091e-07, 1.57266555334e-07, 2.02225976409e-07, 1.299486172e-07, 9.60001571571e-08], "dmean2": [0.000685941195115, 0.00107432564255, 0.000508934434038, 0.00104169722181, 0.000847556511872, 0.000237597705564, 0.000262873625616, 0.000345607695635, 0.000349072914105, 0.000219190289499, 0.000249964999966, 0.00020643469179, 0.000121185577882, 0.00011281856132, 5.9438374592e-05, 2.27057389566e-05, 1.56346141011e-05, 5.88468810747e-06, 2.6045447612e-06, 1.5489335965e-06, 1.33250239287e-06, 2.91061974167e-06, 2.97762630908e-06, 2.62416256191e-06, 1.8424003656e-06, 2.38628240368e-06, 2.15166051021e-06, 1.95112033907e-06, 1.06705886083e-06, 5.73789520786e-07, 3.73456714442e-07, 3.73395437236e-07, 4.11322417904e-07, 2.98124433584e-07, 3.35071888458e-07, 3.59493839142e-07, 2.48693140747e-07, 3.04028873188e-07, 1.91822792317e-07, 1.38142581818e-07], "dvar": [1.99584269467e-06, 4.92683011544e-06, 3.52271598558e-07, 1.18890864087e-06, 1.30889952743e-06, 7.74194290898e-08, 1.14322475042e-07, 1.79185235538e-07, 2.17018310877e-07, 1.19936203191e-07, 1.15135577516e-07, 1.26115324406e-07, 6.38538040221e-08, 3.55826372811e-08, 1.21909424777e-08, 1.76414216568e-09, 1.23461563195e-09, 1.70442521208e-10, 4.21776780168e-11, 1.37287091417e-11, 5.06158222974e-12, 2.54368592162e-11, 3.26015499319e-11, 1.82789703512e-11, 3.32347586951e-11, 8.46938838506e-11, 7.60969828817e-11, 7.10368291967e-11, 1.35674934829e-11, 4.48735970257e-12, 2.028601679e-12, 2.05155207059e-12, 4.43382656978e-12, 3.90008858542e-12, 3.03887427375e-12, 1.98627767879e-12, 8.37394552571e-13, 9.17141254435e-13, 4.43407626154e-13, 1.43469898505e-13], "dvar2": [3.20744834426e-06, 8.03756574896e-06, 7.37427967579e-07, 2.36026471612e-06, 2.81974507743e-06, 1.69914599724e-07, 2.18766587068e-07, 3.50240895841e-07, 4.70770771699e-07, 2.0950520252e-07, 2.18853941192e-07, 2.33576727737e-07, 1.11590836127e-07, 8.12953828699e-08, 2.75915041925e-08, 3.59143070838e-09, 2.26748597676e-09, 3.48675394113e-10, 8.82995759843e-11, 2.95910761172e-11, 1.16279937068e-11, 5.93923937808e-11, 6.77155345685e-11, 4.31623105313e-11, 8.11230804754e-11, 2.03051644942e-10, 1.80910467162e-10, 1.34112956851e-10, 2.46073630222e-11, 8.97452945292e-12, 4.31037670834e-12, 3.94127655859e-12, 8.31138456669e-12, 7.4630015709e-12, 6.66759789741e-12, 4.31802683887e-12, 1.99623650943e-12, 1.9342305535e-12, 9.04090712885e-13, 2.55142532535e-13], "max": [0.0256672967225, 0.0412017516792, 0.00994745176286, 0.0160099454224, 0.0210864134133, 0.00559610268101, 0.00963845103979, 0.0148206269369, 0.0149473464116, 0.0152235403657, 0.00917628128082, 0.00873372703791, 0.00976093951613, 0.0040375571698, 0.00318339117803, 0.00123863306362, 0.00105193059426, 0.000358024815796, 0.000202549766982, 0.000154201901751, 6.23846062808e-05, 0.000121606361063, 0.000163478543982, 0.000112311317935, 0.000130767206429, 0.000279382802546, 0.000274580525002, 0.000338002835633, 0.000122249344713, 7.95427695266e-05, 6.4246065449e-05, 5.95778001298e-05, 0.000120731230709, 0.000137630442623, 7.70299011492e-05, 4.1447019612e-05, 2.98073664453e-05, 3.70716370526e-05, 2.8872560506e-05, 1.30796161102e-05], "mean": [0.00169027154334, 0.00239897170104, 0.00082186848158, 0.00178142124787, 0.00117128877901, 0.000290049007162, 0.000324916851241, 0.000412499794038, 0.000399990822189, 0.000253694190178, 0.000286266964395, 0.000258292508079, 0.000159015879035, 0.000127110804897, 6.79213480907e-05, 2.64588106802e-05, 1.62013038789e-05, 5.89272349316e-06, 2.65766107077e-06, 1.70262410393e-06, 1.61499258411e-06, 3.21997526953e-06, 3.6610706502e-06, 2.84984571408e-06, 1.5426974187e-06, 1.9239807898e-06, 1.84193868336e-06, 1.94929975805e-06, 1.00199679309e-06, 5.05216803504e-07, 3.362710288e-07, 3.67956914715e-07, 3.88958625308e-07, 2.72232654197e-07, 2.87015069489e-07, 2.8895422588e-07, 1.84697967143e-07, 2.24983608632e-07, 1.48582685711e-07, 1.20566056694e-07], "median": [0.000286646885797, 0.000387474661693, 0.000335320626618, 0.000626804248895, 0.000373085145839, 0.000161861942615, 0.000175627006683, 0.000179603841389, 0.000143508892506, 7.94992520241e-05, 0.000112792055006, 6.20030623395e-05, 3.2596548408e-05, 2.4394452339e-05, 1.64654866239e-05, 8.70808980835e-06, 6.54372888675e-06, 1.99016085389e-06, 9.56735789259e-07, 5.91702416841e-07, 6.70480631015e-07, 1.14304964427e-06, 1.14974181997e-06, 1.19238939078e-06, 5.5152315781e-07, 4.89076853682e-07, 2.59225714672e-07, 1.61165303325e-07, 9.14300670729e-08, 5.8296372174e-08, 3.73292721179e-08, 4.29704272165e-08, 4.56902036206e-08, 3.09970431545e-08, 3.32322649399e-08, 3.65620564935e-08, 2.74306390935e-08, 4.04882740668e-08, 2.38683419695e-08, 2.04663983538e-08], "min": [2.32624431327e-24, 1.93223294302e-24, 3.50336480667e-24, 1.28382438324e-24, 2.19023680461e-24, 2.49675659794e-24, 3.18348092075e-24, 2.78437153689e-24, 3.95575641987e-24, 3.10304215475e-24, 4.84291925464e-24, 5.77603678702e-24, 3.53443291014e-24, 3.18823301884e-24, 5.83590344111e-24, 4.11141169267e-24, 3.70471011425e-24, 3.75136058717e-24, 5.26707240844e-24, 4.28165615906e-24, 6.53609677502e-24, 5.44203781291e-24, 3.62813104744e-24, 6.70237287662e-24, 4.97010374851e-24, 4.49329491815e-24, 5.62249605587e-24, 5.24473028988e-24, 5.59424655242e-24, 6.51618040374e-24, 7.34701423115e-24, 7.41676846783e-24, 5.83979646968e-24, 6.80048981829e-24, 7.34260844299e-24, 7.23486029853e-24, 7.63800135326e-24, 8.77367154482e-24, 7.88958723973e-24, 5.89103140775e-24], "var": [1.04144937723e-05, 2.23921724682e-05, 1.50606672378e-06, 5.77554919801e-06, 4.44427905677e-06, 2.0204592488e-07, 2.75935263971e-07, 5.80490052471e-07, 6.98026383361e-07, 4.11043231452e-07, 3.70908225023e-07, 4.84880104068e-07, 2.97403317973e-07, 9.86087513866e-08, 3.57671758877e-08, 4.28795665641e-09, 2.49375431416e-09, 2.82877776758e-10, 7.01185637331e-11, 2.37391131058e-11, 1.11737268743e-11, 5.1788358324e-11, 8.35960051182e-11, 3.10256820235e-11, 3.16373940934e-11, 8.39181293899e-11, 1.07552161621e-10, 1.58983062826e-10, 3.0620252861e-11, 7.6514784092e-12, 3.4806896948e-12, 3.93393173939e-12, 7.47176799598e-12, 6.66499104171e-12, 4.94720150263e-12, 3.03601132949e-12, 1.14709424685e-12, 1.26781864087e-12, 6.55369530346e-13, 2.66896341182e-13]}, "melbands_crest": {"dmean": 2.84548902512, "dmean2": 4.39753961563, "dvar": 7.68021965027, "dvar2": 16.5172080994, "max": 35.405582428, "mean": 15.6324586868, "median": 14.6877841949, "min": 1.72396934032, "var": 36.8966217041}, "melbands_flatness_db": {"dmean": 0.0239251591265, "dmean2": 0.0339409038424, "dvar": 0.000671684625559, "dvar2": 0.00115038070362, "max": 0.537990272045, "mean": 0.311869740486, "median": 0.308524250984, "min": 0.00636926619336, "var": 0.00486454367638}, "melbands_kurtosis": {"dmean": 6.28974199295, "dmean2": 9.92651462555, "dvar": 151.572921753, "dvar2": 371.83984375, "max": 222.207809448, "mean": 11.7213182449, "median": 5.01344060898, "min": -1.83359134197, "var": 381.694000244}, "melbands_skewness": {"dmean": 0.641911566257, "dmean2": 0.989361226559, "dvar": 0.476028293371, "dvar2": 1.05621051788, "max": 11.0974636078, "mean": 2.02698349953, "median": 1.73584222794, "min": -2.36664748192, "var": 2.71149039268}, "melbands_spread": {"dmean": 2.88939380646, "dmean2": 4.44421672821, "dvar": 26.4091320038, "dvar2": 58.9141311646, "max": 142.732406616, "mean": 10.7319335938, "median": 9.11218929291, "min": 0.525367021561, "var": 93.2760772705}, "mfcc": {"cov": [[4529.15673828, -93.2863082886, -349.803161621, 31.1860599518, -428.75100708, 47.3797874451, 164.605773926, 127.048461914, -98.0759887695, -76.6223526001, -48.1084976196, -7.87667655945, -79.4851837158], [-93.2863082886, 1231.17956543, -55.5703163147, -89.6307144165, 177.330810547, -10.0488529205, 95.8419799805, 208.351074219, -3.78891372681, -13.5255594254, 104.96509552, 47.3459205627, 33.2085075378], [-349.803161621, -55.5703163147, 588.015808105, 138.517593384, 198.261032104, 108.874549866, 28.787317276, -30.505279541, 111.864814758, 76.9811325073, 5.03249120712, 59.6519241333, 7.17351675034], [31.1860599518, -89.6307144165, 138.517593384, 339.946105957, 86.3809738159, 112.345657349, -22.7436771393, -52.6941871643, 97.1924667358, 48.2976112366, 15.4965600967, 23.738489151, -0.938303887844], [-428.75100708, 177.330810547, 198.261032104, 86.3809738159, 322.72857666, 67.7912445068, 13.4386138916, 30.1816711426, 91.3096466064, 64.0621414185, 37.5753097534, 40.7542419434, 7.02163791656], [47.3797874451, -10.0488529205, 108.874549866, 112.345657349, 67.7912445068, 158.989990234, 53.9815177917, 25.99958992, 71.9611129761, 42.7268486023, 33.8801040649, 40.9113960266, 11.0170269012], [164.605773926, 95.8419799805, 28.787317276, -22.7436771393, 13.4386138916, 53.9815177917, 240.249053955, 154.246459961, 21.1265869141, 51.1474342346, 66.6344604492, 50.2362251282, 52.6375923157], [127.048461914, 208.351074219, -30.505279541, -52.6941871643, 30.1816711426, 25.99958992, 154.246459961, 240.039733887, 33.0849838257, 33.5547218323, 93.3507614136, 49.7129058838, 50.0252342224], [-98.0759887695, -3.78891372681, 111.864814758, 97.1924667358, 91.3096466064, 71.9611129761, 21.1265869141, 33.0849838257, 158.19090271, 69.0701522827, 20.2334499359, 35.0685005188, 16.0126514435], [-76.6223526001, -13.5255594254, 76.9811325073, 48.2976112366, 64.0621414185, 42.7268486023, 51.1474342346, 33.5547218323, 69.0701522827, 120.187347412, 59.2200126648, 29.4398345947, 23.479593277], [-48.1084976196, 104.96509552, 5.03249120712, 15.4965600967, 37.5753097534, 33.8801040649, 66.6344604492, 93.3507614136, 20.2334499359, 59.2200126648, 171.106704712, 76.8213424683, 26.0387020111], [-7.87667655945, 47.3459205627, 59.6519241333, 23.738489151, 40.7542419434, 40.9113960266, 50.2362251282, 49.7129058838, 35.0685005188, 29.4398345947, 76.8213424683, 111.400062561, 36.1069526672], [-79.4851837158, 33.2085075378, 7.17351675034, -0.938303887844, 7.02163791656, 11.0170269012, 52.6375923157, 50.0252342224, 16.0126514435, 23.479593277, 26.0387020111, 36.1069526672, 99.0353927612]], "icov": [[0.000300052197417, -2.19381818169e-05, 0.000110090608359, -0.0002110741043, 0.000429007457569, -0.000178879883606, -0.000162900571013, -0.000283936708001, 0.00017013924662, -0.000103021418909, 0.00034928903915, -0.000294049212243, 0.000469975842861], [-2.19381818169e-05, 0.00113544357009, 0.000160150390002, 0.000155212372192, -0.00089523679344, 0.000179586873855, 4.38641291112e-05, -0.000807996082585, 0.000146039456013, 0.000686764135025, -0.000418119947426, 8.91639356269e-05, -8.91611198313e-05], [0.000110090608359, 0.000160150390002, 0.00267868535593, -0.000247492833296, -0.00114541337825, -0.000652963877656, -0.000606947112828, 0.00065867282683, -0.000378046097467, -0.00060480798129, 0.000899343227502, -0.00127969065215, 0.000416628172388], [-0.0002110741043, 0.000155212372192, -0.000247492833296, 0.00491066323593, -0.000624350039288, -0.00248397723772, 0.000498203386087, 0.00173630600329, -0.00196061097085, 0.000250539480476, -0.00118605757598, 0.000734546396416, -0.000676613708492], [0.000429007457569, -0.00089523679344, -0.00114541337825, -0.000624350039288, 0.00577126070857, -0.00073082203744, 0.000624660402536, -0.000754108943511, -0.000827028416097, -0.00156820600387, 0.000607470516115, -0.000715076457709, 0.00104908866342], [-0.000178879883606, 0.000179586873855, -0.000652963877656, -0.00248397723772, -0.00073082203744, 0.0109543111175, -0.00238762190565, 0.000392591929995, -0.00243423040956, 0.000645676278509, -0.000708823325112, -0.00116631959099, 0.000576009857468], [-0.000162900571013, 4.38641291112e-05, -0.000606947112828, 0.000498203386087, 0.000624660402536, -0.00238762190565, 0.0089473342523, -0.00526715442538, 0.00219490146264, -0.00297948019579, 0.00107743835542, -0.000994915608317, -0.00153946469072], [-0.000283936708001, -0.000807996082585, 0.00065867282683, 0.00173630600329, -0.000754108943511, 0.000392591929995, -0.00526715442538, 0.0108775636181, -0.00359441060573, 0.00228406186216, -0.00421808939427, 0.00134299311321, -0.00201438413933], [0.00017013924662, 0.000146039456013, -0.000378046097467, -0.00196061097085, -0.000827028416097, -0.00243423040956, 0.00219490146264, -0.00359441060573, 0.0126186022535, -0.0059353550896, 0.00360086979344, -0.00265618762933, 0.000463423784822], [-0.000103021418909, 0.000686764135025, -0.00060480798129, 0.000250539480476, -0.00156820600387, 0.000645676278509, -0.00297948019579, 0.00228406186216, -0.0059353550896, 0.0159909855574, -0.00632669543847, 0.00334596005268, -0.00218554260209], [0.00034928903915, -0.000418119947426, 0.000899343227502, -0.00118605757598, 0.000607470516115, -0.000708823325112, 0.00107743835542, -0.00421808939427, 0.00360086979344, -0.00632669543847, 0.0130990194157, -0.00781991332769, 0.00226268079132], [-0.000294049212243, 8.91639356269e-05, -0.00127969065215, 0.000734546396416, -0.000715076457709, -0.00116631959099, -0.000994915608317, 0.00134299311321, -0.00265618762933, 0.00334596005268, -0.00781991332769, 0.0168126132339, -0.00457279616967], [0.000469975842861, -8.91611198313e-05, 0.000416628172388, -0.000676613708492, 0.00104908866342, 0.000576009857468, -0.00153946469072, -0.00201438413933, 0.000463423784822, -0.00218554260209, 0.00226268079132, -0.00457279616967, 0.0136806890368]], "mean": [-714.819824219, 183.881576538, 16.8549137115, 1.46333694458, -6.1260972023, -11.0543365479, 7.26549959183, 7.33381462097, -9.4884519577, -3.74126076698, 1.30709767342, 0.52744859457, -6.2587313652]}, "pitch_salience": {"dmean": 0.0649238526821, "dmean2": 0.102476023138, "dvar": 0.003575559007, "dvar2": 0.00795960426331, "max": 0.82046020031, "mean": 0.486903369427, "median": 0.497727632523, "min": 0.0865805149078, "var": 0.0167396478355}, "silence_rate_20dB": {"dmean": 0, "dmean2": 0, "dvar": 0, "dvar2": 0, "max": 1, "mean": 1, "median": 1, "min": 1, "var": 0}, "silence_rate_30dB": {"dmean": 0.0139475129545, "dmean2": 0.0279001463205, "dvar": 0.0137523990124, "dvar2": 0.0322609916329, "max": 1, "mean": 0.977798163891, "median": 1, "min": 0, "var": 0.0217099804431}, "silence_rate_60dB": {"dmean": 0.0084419157356, "dmean2": 0.0168869309127, "dvar": 0.00837076362222, "dvar2": 0.0195376630872, "max": 1, "mean": 0.0403669737279, "median": 0, "min": 0, "var": 0.0387390740216}, "spectral_centroid": {"dmean": 106.656967163, "dmean2": 156.069915771, "dvar": 54960.9960938, "dvar2": 102232.507812, "max": 11501.4433594, "mean": 622.032958984, "median": 524.12512207, "min": 144.628295898, "var": 346073.84375}, "spectral_complexity": {"dmean": 1.74454033375, "dmean2": 2.89096927643, "dvar": 3.67230844498, "dvar2": 8.00199127197, "max": 47, "mean": 11.6851377487, "median": 11, "min": 0, "var": 18.3881969452}, "spectral_contrast_coeffs": {"dmean": [0.0459335967898, 0.0454598143697, 0.0422580651939, 0.0304701607674, 0.0224533416331, 0.0168902035803], "dmean2": [0.0737347528338, 0.0732707604766, 0.0696588903666, 0.0497207827866, 0.0356210581958, 0.0260466653854], "dvar": [0.00159631692804, 0.0013082792284, 0.00106871838216, 0.000604832137469, 0.000363544619177, 0.000260283646639], "dvar2": [0.0036594059784, 0.00337131950073, 0.0028522729408, 0.0015288424911, 0.000848418974783, 0.000586502312217], "max": [-0.24802519381, -0.373445510864, -0.447720766068, -0.537855505943, -0.630100548267, -0.652135550976], "mean": [-0.566706180573, -0.698589205742, -0.710853934288, -0.741070330143, -0.786648035049, -0.822094976902], "median": [-0.576867341995, -0.702881932259, -0.717650055885, -0.743908405304, -0.79077231884, -0.828124284744], "min": [-0.975778460503, -0.972803890705, -0.971124410629, -0.963961839676, -0.963757276535, -0.962444245815], "var": [0.0130604542792, 0.00504092779011, 0.00507782911882, 0.00312138372101, 0.00190383195877, 0.00138003239408]}, "spectral_contrast_valleys": {"dmean": [0.373222529888, 0.305813372135, 0.264410614967, 0.236798837781, 0.228569343686, 0.287428855896], "dmean2": [0.605556249619, 0.508699953556, 0.43753656745, 0.376418292522, 0.336228340864, 0.369014769793], "dvar": [0.143039554358, 0.0871867164969, 0.0740377381444, 0.0686796531081, 0.0874657779932, 0.140073359013], "dvar2": [0.29125764966, 0.187090739608, 0.150743871927, 0.124706499279, 0.142456263304, 0.217614799738], "max": [-5.49151611328, -4.97396326065, -5.61994171143, -6.70574426651, -5.83220005035, -7.86107444763], "mean": [-7.61343050003, -6.69212579727, -7.47698307037, -8.8919916153, -8.92257499695, -11.2278718948], "median": [-7.46272373199, -6.57975196838, -7.29116344452, -8.76694488525, -8.83239173889, -11.276968956], "min": [-27.9338436127, -28.1330604553, -27.570394516, -27.5309009552, -27.4570980072, -27.3835945129], "var": [1.74603533745, 1.397793293, 1.58491075039, 1.2737210989, 1.41179943085, 1.14703774452]}, "spectral_decrease": {"dmean": 2.00049710131e-09, "dmean2": 2.83476975227e-09, "dvar": 6.72148436915e-18, "dvar2": 1.13438631035e-17, "max": 9.97414442221e-29, "mean": -8.45911607428e-09, "median": -7.06861502664e-09, "min": -4.36638920576e-08, "var": 4.3249714045e-17}, "spectral_energy": {"dmean": 0.00778583995998, "dmean2": 0.0110513521358, "dvar": 9.96804301394e-05, "dvar2": 0.000168711281731, "max": 0.166430130601, "mean": 0.0331286080182, "median": 0.0277896206826, "min": 9.95265328611e-21, "var": 0.00065065297531}, "spectral_energyband_high": {"dmean": 7.68089012126e-05, "dmean2": 0.000103363920061, "dvar": 1.42809682302e-07, "dvar2": 2.02709529162e-07, "max": 0.0173256453127, "mean": 0.000118949305033, "median": 1.70669045474e-05, "min": 7.2461223608e-21, "var": 4.01921198545e-07}, "spectral_energyband_low": {"dmean": 0.0033671434503, "dmean2": 0.00450684549287, "dvar": 7.5484138506e-05, "dvar2": 0.000117879157187, "max": 0.157603427768, "mean": 0.0109219467267, "median": 0.00241204444319, "min": 2.88179692365e-23, "var": 0.000376728828996}, "spectral_energyband_middle_high": {"dmean": 0.00178361474536, "dmean2": 0.00271568959579, "dvar": 1.21704670164e-05, "dvar2": 2.22735525313e-05, "max": 0.0795316919684, "mean": 0.00465305754915, "median": 0.00205085496418, "min": 1.31217290293e-21, "var": 5.55997758056e-05}, "spectral_energyband_middle_low": {"dmean": 0.00516376877204, "dmean2": 0.00775236543268, "dvar": 3.96217947127e-05, "dvar2": 8.32669975352e-05, "max": 0.121367029846, "mean": 0.018108908087, "median": 0.0137415118515, "min": 1.56189650338e-22, "var": 0.000232810183661}, "spectral_entropy": {"dmean": 0.196541801095, "dmean2": 0.281866341829, "dvar": 0.0420457199216, "dvar2": 0.0736550241709, "max": 9.81666469574, "mean": 6.6069188118, "median": 6.57361984253, "min": 5.09468746185, "var": 0.260526120663}, "spectral_flux": {"dmean": 0.0223500002176, "dmean2": 0.0368664935231, "dvar": 0.000604650937021, "dvar2": 0.00154930888675, "max": 0.278589010239, "mean": 0.0711161568761, "median": 0.0650655180216, "min": 6.49196946201e-11, "var": 0.00134210020769}, "spectral_kurtosis": {"dmean": 4.66124629974, "dmean2": 7.5234913826, "dvar": 20.8604202271, "dvar2": 51.3644065857, "max": 62.7655410767, "mean": 14.7993001938, "median": 13.7416744232, "min": -1.22165834904, "var": 71.7144012451}, "spectral_rms": {"dmean": 0.000661604572088, "dmean2": 0.000941539125051, "dvar": 5.24077336195e-07, "dvar2": 8.51979393701e-07, "max": 0.0127424821258, "mean": 0.00525673246011, "median": 0.0052069015801, "min": 3.11607228735e-12, "var": 4.6873442443e-06}, "spectral_rolloff": {"dmean": 159.005264282, "dmean2": 268.313171387, "dvar": 225997.421875, "dvar2": 556668.5, "max": 19379.8828125, "mean": 727.387634277, "median": 624.462890625, "min": 21.533203125, "var": 890193.1875}, "spectral_skewness": {"dmean": 0.414605081081, "dmean2": 0.64474850893, "dvar": 0.144989833236, "dvar2": 0.318029642105, "max": 6.41010475159, "mean": 2.97537136078, "median": 3.00294947624, "min": -0.0880066975951, "var": 0.762646853924}, "spectral_spread": {"dmean": 523110.3125, "dmean2": 737960.4375, "dvar": 566332358656, "dvar2": 986086047744, "max": 41326976, "mean": 3165471.5, "median": 2746981.25