{"lowlevel": {"average_loudness": 0.914021193981, "barkbands": {"dmean": [0.000545321789104, 0.002223249292, 0.00060879974626, 0.000548838172108, 0.00144845456816, 0.00391438370571, 0.00320340855978, 0.00101236975752, 0.00106912164483, 0.000524271919858, 0.000410049688071, 0.00016165796842, 0.000135764697916, 0.000134568836074, 9.45944921114e-05, 7.4091796705e-05, 5.95653218625e-05, 6.7162909545e-05, 7.13186527719e-05, 5.87510185142e-05, 4.6127497626e-05, 5.78079852858e-05, 1.7649075744e-05, 7.27756196284e-06, 1.48067135797e-06, 1.661773058e-05, 0.000255637743976], "dmean2": [0.000924772000872, 0.00369853060693, 0.00104278535582, 0.00092834426323, 0.00233112624846, 0.00621754443273, 0.00524041289464, 0.00170562625863, 0.00174831040204, 0.00086856802227, 0.000681950943545, 0.000262737943558, 0.000226793199545, 0.000223916111281, 0.000153099230374, 0.000117539413623, 9.37484728638e-05, 0.000103522193967, 0.000107154410216, 8.69751238497e-05, 6.90783926984e-05, 8.92731914064e-05, 2.60426440946e-05, 1.06992511064e-05, 2.44369630309e-06, 2.40207045863e-05, 0.000354904943379], "dvar": [1.42262365443e-06, 1.67547932506e-05, 9.97548568193e-07, 1.2102261735e-06, 1.37217803058e-05, 9.92417844827e-05, 6.9819005148e-05, 5.57993598704e-06, 6.77497928336e-06, 9.95090886136e-07, 9.88318333839e-07, 1.25408206486e-07, 8.03753863465e-08, 6.48669242764e-08, 2.43367921371e-08, 1.99632932407e-08, 1.38382558745e-08, 2.07186818812e-08, 2.07735642022e-08, 2.32954420198e-08, 1.76004597563e-08, 4.867800385e-08, 2.34390129528e-09, 3.99544120011e-10, 7.54015426485e-12, 1.90068782935e-09, 2.1920905624e-07], "dvar2": [3.6691344576e-06, 4.39449431724e-05, 2.66759229817e-06, 3.15102556669e-06, 3.1978575862e-05, 0.000226255579037, 0.000181866402272, 1.47494902194e-05, 1.58756192832e-05, 2.57420651906e-06, 2.71177032118e-06, 3.15051579491e-07, 2.13052359754e-07, 1.6796292357e-07, 5.8803070857e-08, 4.58119870927e-08, 3.27335563099e-08, 4.92381246886e-08, 4.79883617288e-08, 5.36569579879e-08, 4.18360741605e-08, 1.16458473087e-07, 5.76149261633e-09, 9.77184111406e-10, 1.87777102895e-11, 4.35569846857e-09, 4.33339920392e-07], "max": [0.0152558721602, 0.0557321794331, 0.0117011684924, 0.0213656499982, 0.0833344459534, 0.214397713542, 0.204505115747, 0.0546889081597, 0.0916194915771, 0.017736280337, 0.0242844074965, 0.00816804356873, 0.00685175135732, 0.00532130012289, 0.00278439396061, 0.00306206569076, 0.00282444455661, 0.00451025413349, 0.00535416137427, 0.00359476963058, 0.00305214524269, 0.00415862211958, 0.00132109434344, 0.000560783839319, 4.28379644291e-05, 0.000898480240721, 0.00663241557777], "mean": [0.00049164914526, 0.00287406751886, 0.000677838630509, 0.000596498080995, 0.00188502506353, 0.00501083303243, 0.00430781440809, 0.00134876871016, 0.00153594778385, 0.000770409940742, 0.000569875119254, 0.000234613980865, 0.000214946121559, 0.000219073961489, 0.000164229903021, 0.000130777611048, 0.00011055633513, 0.000118178511912, 0.000126647923025, 9.8554075521e-05, 7.28559825802e-05, 7.20054304111e-05, 2.58116106124e-05, 9.90330227069e-06, 1.53370342559e-06, 2.42845799221e-05, 0.000567571783904], "median": [0.000128665924422, 0.00166061078198, 0.000362632097676, 0.00024669157574, 0.000778546149377, 0.00138816004619, 0.00129460566677, 0.000524772447534, 0.000575751066208, 0.000334010983352, 0.000184327771422, 0.000101408426417, 0.000118177355034, 0.000126291968627, 0.000108640982944, 7.95542582637e-05, 6.44473329885e-05, 7.06902501406e-05, 6.61136145936e-05, 3.97018156946e-05, 2.30929617828e-05, 1.61954121722e-05, 8.3113063738e-06, 2.74848844128e-06, 5.43084297533e-07, 6.50032689009e-06, 0.000355662428774], "min": [6.24877775751e-25, 3.98632399108e-24, 1.24651047356e-24, 6.12412738069e-25, 1.28411551236e-23, 1.18145252306e-23, 5.07930458033e-24, 1.30810043375e-23, 1.63897749082e-23, 9.17779394251e-24, 1.90506137856e-23, 2.94526709436e-23, 3.64978078279e-23, 4.32934248523e-23, 4.24174137498e-23, 6.85808281749e-23, 8.72272406766e-23, 1.00703610267e-22, 1.60380559094e-22, 1.87997064772e-22, 2.14041440087e-22, 3.1602613522e-22, 4.62428091695e-22, 6.21127417806e-22, 1.00180245864e-21, 1.29492297618e-21, 1.9353039517e-21], "var": [1.20044376217e-06, 1.63402964972e-05, 9.33423280003e-07, 1.1806744169e-06, 1.87707901205e-05, 0.000146871374454, 9.58903547144e-05, 7.18571527614e-06, 1.16786486615e-05, 1.60839647378e-06, 1.40920133163e-06, 1.88133242318e-07, 1.11949873371e-07, 1.02539225111e-07, 4.22111696707e-08, 3.38726877658e-08, 2.38663186991e-08, 2.97683246941e-08, 3.87054974738e-08, 3.79544502493e-08, 2.65921258347e-08, 5.45778675587e-08, 2.82955436859e-09, 4.50741111102e-10, 8.1022992135e-12, 2.61946575542e-09, 4.5067776e-07]}, "barkbands_crest": {"dmean": 3.42416143417, "dmean2": 5.59093427658, "dvar": 9.11604213715, "dvar2": 22.9105072021, "max": 25.6240196228, "mean": 11.0079221725, "median": 9.61591243744, "min": 2.60501885414, "var": 26.9082012177}, "barkbands_flatness_db": {"dmean": 0.0264155287296, "dmean2": 0.0414204485714, "dvar": 0.000575420504902, "dvar2": 0.00140613666736, "max": 0.32318392396, "mean": 0.130586877465, "median": 0.125227808952, "min": 0.0386691093445, "var": 0.00193996028975}, "barkbands_kurtosis": {"dmean": 6.58007574081, "dmean2": 10.8748512268, "dvar": 143.96446228, "dvar2": 397.054473877, "max": 229.813491821, "mean": 10.2578964233, "median": 6.43516540527, "min": -1.79967987537, "var": 195.274017334}, "barkbands_skewness": {"dmean": 0.759412229061, "dmean2": 1.20685482025, "dvar": 0.749992489815, "dvar2": 1.90051841736, "max": 13.760216713, "mean": 2.44281435013, "median": 2.1797542572, "min": -2.12166762352, "var": 1.95419538021}, "barkbands_spread": {"dmean": 8.70713424683, "dmean2": 13.4199228287, "dvar": 84.8701629639, "dvar2": 184.323867798, "max": 116.468353271, "mean": 26.4048995972, "median": 22.1448326111, "min": 0.881598353386, "var": 312.430206299}, "dissonance": {"dmean": 0.0230304859579, "dmean2": 0.0391151048243, "dvar": 0.000500048045069, "dvar2": 0.00141699286178, "max": 0.500000178814, "mean": 0.463608682156, "median": 0.471382260323, "min": 0.269610345364, "var": 0.000840518099722}, "dynamic_complexity": 3.60700178146, "erbbands": {"dmean": [0.0862015634775, 0.454792290926, 0.740164101124, 1.246707201, 2.65427422523, 5.14374637604, 16.012254715, 37.8752441406, 51.3749542236, 29.4280872345, 22.3077449799, 26.0668716431, 13.0919275284, 17.8237934113, 12.8790426254, 5.819190979, 6.25687980652, 6.24788188934, 5.56924390793, 4.30582952499, 3.76704096794, 3.21311998367, 3.33596920967, 3.59025597572, 3.63775920868, 2.79122567177, 2.38685560226, 1.45700490475, 2.21188998222, 1.20547902584, 0.444414377213, 0.225662365556, 0.0762810483575, 0.0178217906505, 0.0108750164509, 0.0153800370172, 0.0383628159761, 0.0513597428799, 0.0283525492996, 0.00616457359865], "dmean2": [0.145407676697, 0.764841377735, 1.26401650906, 2.0967206955, 4.33955526352, 8.3358001709, 25.7850456238, 60.3640899658, 83.2886123657, 48.5648422241, 37.1525917053, 42.4965858459, 21.4477443695, 29.3960018158, 21.1244049072, 9.32576656342, 10.3765726089, 10.2820501328, 9.07617378235, 6.82697200775, 5.89093351364, 4.9920835495, 5.04660892487, 5.37851762772, 5.478556633, 4.12634277344, 3.59040403366, 2.15419650078, 3.46614813805, 1.81526768208, 0.659256637096, 0.335114091635, 0.110486216843, 0.0286541618407, 0.017831992358, 0.022604720667, 0.0552637428045, 0.074107915163, 0.0393215753138, 0.00846283230931], "dvar": [0.037414945662, 0.550192654133, 1.30861663818, 5.61170196533, 30.7211647034, 205.159469604, 2784.49707031, 10020.0625, 18495.1054688, 4576.48486328, 3113.81884766, 5010.74169922, 688.898193359, 1234.53356934, 1011.54602051, 163.048706055, 168.582275391, 169.973587036, 82.5274047852, 60.0216064453, 54.2150154114, 38.5135154724, 44.2669258118, 56.5233230591, 56.8809776306, 53.7133483887, 52.9750976562, 13.6849622726, 75.7869644165, 16.5720329285, 1.33104968071, 0.468306928873, 0.021594459191, 0.000982336234301, 0.00039017086965, 0.000779975263868, 0.0124601935968, 0.0204932913184, 0.00596273224801, 8.66546033649e-05], "dvar2": [0.0989203900099, 1.49669742584, 3.47174358368, 14.3726606369, 73.1702194214, 468.809814453, 6385.91210938, 22752.5917969, 47501.1171875, 11659.0058594, 8236.3125, 11422.2509766, 1715.88366699, 3172.66381836, 2591.2722168, 401.344573975, 439.598144531, 442.06161499, 205.764663696, 140.95173645, 122.038398743, 88.6878738403, 103.376853943, 127.856513977, 130.939117432, 122.730003357, 127.586807251, 31.8536891937, 187.373474121, 37.80519104, 3.22723078728, 1.14889550209, 0.0459543354809, 0.00240390305407, 0.000967756670434, 0.00166891189292, 0.0292645338923, 0.0463433526456, 0.0130248293281, 0.000157735616085], "max": [2.74861359596, 9.55537986755, 13.1845617294, 37.0401382446, 137.061248779, 331.962158203, 1849.4810791, 1690.95605469, 3622.07128906, 1891.64624023, 1639.01940918, 2835.00146484, 836.112487793, 570.039489746, 572.51953125, 284.586334229, 314.762023926, 303.095550537, 150.677200317, 134.06072998, 171.438659668, 147.792266846, 147.376190186, 199.606155396, 266.399536133, 173.826889038, 171.849502563, 79.5045089722, 173.471420288, 64.3494033813, 23.8134078979, 19.2705192566, 2.27222514153, 0.484439402819, 0.302167266607, 0.447575330734, 2.63086557388, 1.999964118, 1.51296341419, 0.128928601742], "mean": [0.0919983386993, 0.596609175205, 0.919362425804, 1.48498344421, 3.22215199471, 6.57091617584, 20.5511112213, 47.5556564331, 67.0886688232, 42.0282974243, 32.7841949463, 36.9668464661, 20.7979278564, 27.4259777069, 19.4973907471, 9.44359207153, 10.2116861343, 10.6704320908, 10.117978096, 7.93959760666, 7.04999828339, 6.3099527359, 6.32164144516, 6.27760314941, 6.40486764908, 4.73295211792, 3.74676966667, 2.28564095497, 2.70571112633, 1.58733606339, 0.646632969379, 0.312626034021, 0.105721771717, 0.0207476187497, 0.0118348682299, 0.0211232099682, 0.0546904541552, 0.0731152743101, 0.0505062304437, 0.0175654347986], "median": [0.0418293774128, 0.350541651249, 0.574105322361, 0.702637910843, 1.48672103882, 2.53372168541, 5.62415361404, 13.7106952667, 19.9058685303, 16.297077179, 13.4656410217, 13.8219537735, 9.99779701233, 12.8779373169, 7.59751415253, 4.48649978638, 5.72293281555, 6.18328666687, 7.05545520782, 5.22434997559, 4.35089635849, 3.78822517395, 3.89181303978, 3.47223496437, 3.19025325775, 1.93313741684, 1.15291595459, 0.774938583374, 0.605355322361, 0.436435341835, 0.187815070152, 0.0801172703505, 0.0328223779798, 0.00893846619874, 0.00473614782095, 0.00754812173545, 0.0129715371877, 0.0185768250376, 0.0186118278652, 0.013876453042], "min": [1.35211781519e-22, 6.54595870385e-22, 1.81769506486e-21, 8.43818494313e-21, 2.7341065743e-20, 3.12978938967e-20, 8.06046535643e-20, 9.67641308937e-20, 1.34184670282e-19, 2.25175261446e-19, 3.03826308273e-19, 3.4908332414e-19, 3.31965028159e-19, 5.47103977985e-19, 1.20449398249e-18, 1.49400419835e-18, 2.03791081308e-18, 2.31713141911e-18, 3.24870429292e-18, 4.09287147294e-18, 4.5678158332e-18, 4.50935691136e-18, 5.51352605086e-18, 7.28106047301e-18, 8.03413314731e-18, 7.33246561218e-18, 8.23545650069e-18, 9.22605408788e-18, 1.16116669627e-17, 1.11281377085e-17, 1.24958767154e-17, 1.18207103928e-17, 1.05571390675e-17, 8.31194258321e-18, 7.17997073035e-18, 3.52346350031e-18, 2.30836702693e-18, 1.01917161087e-18, 2.68151559418e-19, 2.91918500518e-20], "var": [0.0300846323371, 0.580651879311, 1.29266250134, 5.77821207047, 38.5572242737, 284.028808594, 3946.30224609, 13919.6230469, 24339.9277344, 7042.90429688, 4362.04248047, 7860.45751953, 1183.34289551, 2032.53198242, 1485.71252441, 274.694000244, 244.74420166, 264.697540283, 141.861740112, 109.444282532, 95.4136810303, 70.5771179199, 73.1401062012, 91.2875518799, 108.507019043, 86.7018814087, 74.7279205322, 23.2506504059, 79.6858520508, 20.2970066071, 1.74687373638, 0.52466148138, 0.0342157669365, 0.00115934899077, 0.000429852138041, 0.00123247574084, 0.0157385002822, 0.0274213906378, 0.00904287304729, 0.000255984487012]}, "erbbands_crest": {"dmean": 3.21055054665, "dmean2": 5.23003673553, "dvar": 9.48725223541, "dvar2": 23.369977951, "max": 32.2839317322, "mean": 9.4026517868, "median": 8.15767860413, "min": 2.40337610245, "var": 24.1592750549}, "erbbands_flatness_db": {"dmean": 0.0219324994832, "dmean2": 0.0332567468286, "dvar": 0.000389695051126, "dvar2": 0.000871752388775, "max": 0.354192644358, "mean": 0.145035356283, "median": 0.140627503395, "min": 0.0488150306046, "var": 0.00212662830018}, "erbbands_kurtosis": {"dmean": 1.56293046474, "dmean2": 2.5437848568, "dvar": 7.43350505829, "dvar2": 19.1863765717, "max": 61.9663619995, "mean": 1.37075436115, "median": 0.316391706467, "min": -1.77300751209, "var": 11.980052948}, "erbbands_skewness": {"dmean": 0.458869606256, "dmean2": 0.715996384621, "dvar": 0.197742775083, "dvar2": 0.462173104286, "max": 6.82880926132, "mean": 0.847386658192, "median": 0.798409104347, "min": -2.57438921928, "var": 0.834189593792}, "erbbands_spread": {"dmean": 7.48012161255, "dmean2": 11.4845714569, "dvar": 58.7454910278, "dvar2": 129.625045776, "max": 106.697105408, "mean": 32.738483429, "median": 28.8391685486, "min": 2.04486370087, "var": 336.052215576}, "gfcc": {"cov": [[18759.4902344, 547.158630371, -948.836120605, -356.706665039, -712.03125, -387.035552979, -82.0756912231, -218.277679443, -13.2697200775, -76.6197433472, -133.580810547, -21.5469760895, -107.331199646], [547.158630371, 820.691040039, -214.021408081, -309.400512695, 92.9277877808, -35.477355957, -47.0761833191, 12.3743495941, 47.4403991699, -11.5536136627, 62.2847747803, -7.08219242096, 114.930923462], [-948.836120605, -214.021408081, 360.872802734, 253.190597534, 54.3599205017, 80.6572570801, 13.5634918213, 41.1701698303, -23.4622459412, 17.6132831573, -11.1567993164, -12.4312229156, -32.2078895569], [-356.706665039, -309.400512695, 253.190597534, 445.442016602, 167.640945435, 74.6783218384, 106.827178955, -27.3253364563, 1.18685638905, -19.0993347168, -18.9458255768, 29.0204792023, -85.2359848022], [-712.03125, 92.9277877808, 54.3599205017, 167.640945435, 329.970916748, 133.543182373, 87.5283355713, 4.75688314438, 16.896780014, -38.8609085083, 25.0295810699, 18.1927661896, 6.44497537613], [-387.035552979, -35.477355957, 80.6572570801, 74.6783218384, 133.543182373, 203.20375061, 25.3267307281, 49.4107589722, -18.9675540924, -1.55316436291, 1.69852817059, 18.690694809, 15.0064897537], [-82.0756912231, -47.0761833191, 13.5634918213, 106.827178955, 87.5283355713, 25.3267307281, 164.022125244, -1.59323692322, 47.9268302917, -25.2323741913, -16.1028423309, 7.85576963425, -46.1226997375], [-218.277679443, 12.3743495941, 41.1701698303, -27.3253364563, 4.75688314438, 49.4107589722, -1.59323692322, 131.325973511, 33.8350791931, 32.8183021545, 6.42929649353, -26.0619297028, 21.7613582611], [-13.2697200775, 47.4403991699, -23.4622459412, 1.18685638905, 16.896780014, -18.9675540924, 47.9268302917, 33.8350791931, 109.457778931, 31.0752563477, -0.726767063141, 0.412262141705, -21.1143226624], [-76.6197433472, -11.5536136627, 17.6132831573, -19.0993347168, -38.8609085083, -1.55316436291, -25.2323741913, 32.8183021545, 31.0752563477, 70.1124191284, 31.7169914246, 2.12907028198, 12.3878698349], [-133.580810547, 62.2847747803, -11.1567993164, -18.9458255768, 25.0295810699, 1.69852817059, -16.1028423309, 6.42929649353, -0.726767063141, 31.7169914246, 74.0553741455, 35.0934066772, 26.2134246826], [-21.5469760895, -7.08219242096, -12.4312229156, 29.0204792023, 18.1927661896, 18.690694809, 7.85576963425, -26.0619297028, 0.412262141705, 2.12907028198, 35.0934066772, 76.7862243652, 15.2375936508], [-107.331199646, 114.930923462, -32.2078895569, -85.2359848022, 6.44497537613, 15.0064897537, -46.1226997375, 21.7613582611, -21.1143226624, 12.3878698349, 26.2134246826, 15.2375936508, 85.4271469116]], "icov": [[8.42200097395e-05, -0.00017837928317, 0.000394218164729, -0.000409409665735, 0.000424368132371, -0.000161303774803, 2.56804141827e-05, -3.05443682009e-05, 8.70160511113e-05, 4.08708037867e-05, 1.72128111444e-05, 0.000123708072351, 9.21333703445e-05], [-0.00017837928317, 0.00323970150203, -0.00111057015602, 0.00283381389454, -0.00223827688023, 0.000557275081519, 0.000454445864307, 0.00122112093959, -0.00320530985482, 0.0028575132601, -0.00272550713271, 0.00150115543511, -0.00280671217479], [0.000394218164729, -0.00111057015602, 0.00846302043647, -0.00703633017838, 0.0037649453152, -0.00247895345092, 0.0011491086334, -0.00198599579744, 0.0016636941582, -0.000843445246574, -0.000765684351791, 0.00340131530538, -0.000400912074838], [-0.000409409665735, 0.00283381389454, -0.00703633017838, 0.0124783087522, -0.00880976580083, 0.00426914216951, -0.0018938279245, 0.000484704243718, 0.00220198766328, -0.00449509499595, 0.00512276729569, -0.00756520312279, 0.00521293608472], [0.000424368132371, -0.00223827688023, 0.0037649453152, -0.00880976580083, 0.0146653242409, -0.009207601659, -0.000710822350811, 0.003354156157, -0.00758666265756, 0.0126337893307, -0.012436776422, 0.0104558784515, -0.00630920939147], [-0.000161303774803, 0.000557275081519, -0.00247895345092, 0.00426914216951, -0.009207601659, 0.0133045893162, -0.0011569961207, -0.00657211057842, 0.00912176351994, -0.00990522187203, 0.0111405719072, -0.0108344657347, 0.00398452440277], [2.56804141827e-05, 0.000454445864307, 0.0011491086334, -0.0018938279245, -0.000710822350811, -0.0011569961207, 0.0111266514286, -0.000384663668228, -0.00601558201015, 0.0059740068391, -0.00148967432324, 0.000204408192076, 0.00239425990731], [-3.05443682009e-05, 0.00122112093959, -0.00198599579744, 0.000484704243718, 0.003354156157, -0.00657211057842, -0.000384663668228, 0.0160342976451, -0.0101957991719, 0.00406802259386, -0.00797511357814, 0.0110546313226, -0.00797169096768], [8.70160511113e-05, -0.00320530985482, 0.0016636941582, 0.00220198766328, -0.00758666265756, 0.00912176351994, -0.00601558201015, -0.0101957991719, 0.0292747728527, -0.0251054875553, 0.0189915597439, -0.0148755721748, 0.0132672786713], [4.08708037867e-05, 0.0028575132601, -0.000843445246574, -0.00449509499595, 0.0126337893307, -0.00990522187203, 0.0059740068391, 0.00406802259386, -0.0251054875553, 0.0477671772242, -0.031424485147, 0.0176284853369, -0.0122537249699], [1.72128111444e-05, -0.00272550713271, -0.000765684351791, 0.00512276729569, -0.012436776422, 0.0111405719072, -0.00148967432324, -0.00797511357814, 0.0189915597439, -0.031424485147, 0.0439782440662, -0.0257558915764, 0.00906977150589], [0.000123708072351, 0.00150115543511, 0.00340131530538, -0.00756520312279, 0.0104558784515, -0.0108344657347, 0.000204408192076, 0.0110546313226, -0.0148755721748, 0.0176284853369, -0.0257558915764, 0.0346848592162, -0.0142378285527], [9.21333703445e-05, -0.00280671217479, -0.000400912074838, 0.00521293608472, -0.00630920939147, 0.00398452440277, 0.00239425990731, -0.00797169096768, 0.0132672786713, -0.0122537249699, 0.00906977150589, -0.0142378285527, 0.0285598356277]], "mean": [-33.0183486938, 88.3286972046, -87.8882598877, -6.97611999512, -26.7438793182, -33.005191803, 1.03164243698, -16.5777511597, 5.92556476593, -5.80072307587, -0.760245621204, 1.2284245491, -8.91471195221]}, "hfc": {"dmean": 79.865562439, "dmean2": 122.377601624, "dvar": 11740.6660156, "dvar2": 27223.140625, "max": 1731.5480957, "mean": 179.750778198, "median": 148.059646606, "min": 1.07772111312e-16, "var": 20754.6875}, "melbands": {"dmean": [0.000684803060722, 0.000449315004516, 0.000239233922912, 0.000258411222603, 0.000492028601002, 0.000831920013297, 0.000739254523069, 0.000288499286398, 0.000192160267034, 0.000152586624608, 6.71964444336e-05, 7.54007705837e-05, 5.2740018873e-05, 2.07692464755e-05, 1.41016544148e-05, 1.29529853439e-05, 1.24433136079e-05, 1.01679870568e-05, 6.93160973242e-06, 5.47627041669e-06, 4.65674474981e-06, 3.59075556844e-06, 3.2238865515e-06, 3.38668201039e-06, 3.05904950437e-06, 2.9304931104e-06, 2.39627138399e-06, 1.81439395419e-06, 1.61082209615e-06, 1.0990931969e-06, 8.53369272136e-07, 1.15552779789e-06, 1.35288371439e-06, 4.85746340928e-07, 2.76072057659e-07, 1.81846715464e-07, 1.21867586245e-07, 6.30509546795e-08, 2.17709867911e-08, 1.333505395e-08], "dmean2": [0.00113580015022, 0.000757687783334, 0.000395803974243, 0.000418681709561, 0.00078908825526, 0.00132480205502, 0.00120313477237, 0.000475706765428, 0.000320553779602, 0.000249259872362, 0.000110817840323, 0.000124920567032, 8.77776474226e-05, 3.40182159562e-05, 2.29886027228e-05, 2.16320459003e-05, 2.05782052944e-05, 1.68001424754e-05, 1.12308453026e-05, 8.77534512256e-06, 7.41862731957e-06, 5.70171778236e-06, 5.06351807417e-06, 5.27674956174e-06, 4.67794097858e-06, 4.5084238991e-06, 3.65652749679e-06, 2.72770648735e-06, 2.44209923039e-06, 1.68296082848e-06, 1.30671571696e-06, 1.8107376718e-06, 2.13575412999e-06, 7.2975706189e-07, 4.19428090481e-07, 2.73654165994e-07, 1.83221246175e-07, 9.11482800348e-08, 3.41370203216e-08, 2.20288605135e-08], "dvar": [1.96799214791e-06, 4.27497582223e-07, 1.9967100684e-07, 3.8272656866e-07, 2.24951668315e-06, 4.35689207734e-06, 3.6845183331e-06, 4.13853257442e-07, 2.27743257142e-07, 1.69070560219e-07, 1.7960100962e-08, 2.18763975823e-08, 1.73197580722e-08, 2.04325778519e-09, 1.11831055527e-09, 6.67728705661e-10, 6.87963963575e-10, 2.84260115446e-10, 1.45678136221e-10, 1.07010199313e-10, 8.38332736564e-11, 4.83177317601e-11, 3.73815249588e-11, 6.38384484164e-11, 4.05991143482e-11, 4.15040779522e-11, 3.41795931835e-11, 2.30676259344e-11, 2.31809536844e-11, 8.46125513404e-12, 5.39886234677e-12, 1.72194480896e-11, 3.85181088414e-11, 2.23815974434e-12, 5.48963381263e-13, 3.09983565509e-13, 1.29388145163e-13, 1.49203633931e-14, 1.35741688479e-15, 6.24387001876e-16], "dvar2": [5.14706243848e-06, 1.13197381779e-06, 5.03565445342e-07, 8.77013007994e-07, 5.19776722285e-06, 9.92660079646e-06, 9.50684898271e-06, 1.05108631487e-06, 6.03961836987e-07, 3.81994397003e-07, 4.5574914509e-08, 5.63200082127e-08, 4.59643523243e-08, 5.12262721131e-09, 2.78475043025e-09, 1.79203119011e-09, 1.790875781e-09, 7.29724947135e-10, 3.54978324513e-10, 2.57012633398e-10, 1.9438149701e-10, 1.16421400298e-10, 8.89322226971e-11, 1.5656699548e-10, 9.45424641352e-11, 1.03361395831e-10, 8.24012247325e-11, 5.30659856335e-11, 5.57928252209e-11, 1.98336919804e-11, 1.34064608373e-11, 4.36967406703e-11, 9.17407053103e-11, 5.42472143594e-12, 1.37011148954e-12, 7.60405952614e-13, 3.20033794387e-13, 3.16569958182e-14, 3.13188462896e-15, 1.55631451448e-15], "max": [0.0197353530675, 0.00638724863529, 0.00891920924187, 0.0157435387373, 0.048204742372, 0.0334201231599, 0.0482579767704, 0.0179919246584, 0.0158163029701, 0.0170119199902, 0.00419979309663, 0.00224025594071, 0.00253014802001, 0.00100067968015, 0.00102030707058, 0.000484656717163, 0.000623643398285, 0.00029561491101, 0.000224515722948, 0.000211857695831, 0.000215354841202, 0.000121171171486, 0.000147899801959, 0.000265470182057, 0.000152624183102, 0.000303882319713, 0.000153373926878, 0.000117424358905, 0.000100545868918, 7.39609095035e-05, 4.95689891977e-05, 8.97882491699e-05, 0.000121043325635, 4.44044781034e-05, 1.55888155859e-05, 1.31907154355e-05, 1.06150910142e-05, 1.65796404872e-06, 6.02604472988e-07, 3.94770410139e-07], "mean": [0.000842130568344, 0.00060966872843, 0.000299374281894, 0.000335817836458, 0.000640979618765, 0.00106369401328, 0.000986583996564, 0.000402934121666, 0.000279291823972, 0.000214361352846, 9.95553491521e-05, 0.000112813024316, 7.52144114813e-05, 3.0469862395e-05, 2.17653578147e-05, 2.09227237065e-05, 1.98275047296e-05, 1.6926389435e-05, 1.19214964798e-05, 9.34007312026e-06, 8.03123930382e-06, 6.45437103231e-06, 5.93405729887e-06, 5.64189804209e-06, 4.92733533974e-06, 4.96510983794e-06, 3.93682830691e-06, 2.92016102321e-06, 2.43116892307e-06, 1.70530358901e-06, 1.22537176139e-06, 1.43160150401e-06, 1.54203553393e-06, 6.61909098199e-07, 3.86735621305e-07, 2.53717786336e-07, 1.61322134318e-07, 8.6140040878e-08, 2.64728683419e-08, 1.36996876066e-08], "median": [0.000452019361546, 0.000407222833019, 0.000151965723489, 0.000144648889545, 0.000180912698852, 0.00031444101478, 0.000299443607219, 0.000152811931912, 0.00010777451098, 7.88024917711e-05, 4.50274674222e-05, 5.06677897647e-05, 2.58930886048e-05, 1.33339499371e-05, 1.00782144727e-05, 1.22761593957e-05, 1.06595480247e-05, 1.12877878564e-05, 7.68032805354e-06, 5.72391809328e-06, 4.75271190226e-06, 3.74212004317e-06, 3.37240953741e-06, 3.25548285218e-06, 2.58741238213e-06, 2.46904346568e-06, 1.82163262252e-06, 1.11586518869e-06, 7.09588675818e-07, 5.67155211684e-07, 3.85340115372e-07, 3.44822922216e-07, 2.84859368094e-07, 2.15322060626e-07, 1.10547318855e-07, 6.2183445948e-08, 4.09998861528e-08, 2.57978047813e-08, 9.73416369732e-09, 4.77175632341e-09], "min": [1.3336991279e-24, 9.5117564318e-25, 1.52642603147e-24, 1.75793215386e-24, 2.91865873714e-24, 2.30611218854e-24, 1.71282883439e-24, 2.23326818091e-24, 1.81999460229e-24, 2.37526432714e-24, 1.62190807911e-24, 2.18069040436e-24, 2.98758131722e-24, 4.09319018905e-24, 3.48085426631e-24, 4.18085906246e-24, 3.71291229551e-24, 4.49152984188e-24, 3.98189769254e-24, 4.9460537461e-24, 2.49791365967e-24, 4.61899043707e-24, 4.97844713588e-24, 4.15092494655e-24, 5.39591666566e-24, 5.52683128832e-24, 4.7792195254e-24, 4.50442613996e-24, 4.99924821466e-24, 4.30024211641e-24, 4.79496400578e-24, 5.42645504902e-24, 5.03437224646e-24, 6.5227271604e-24, 6.69364491956e-24, 5.86936297641e-24, 6.25129826671e-24, 6.43844960002e-24, 6.07366690681e-24, 7.15384428356e-24], "var": [1.76438265953e-06, 4.66170604341e-07, 2.16578030177e-07, 5.5346845329e-07, 3.26653639604e-06, 6.27082317806e-06, 5.01694375998e-06, 6.35229525869e-07, 3.3921972431e-07, 2.63985896254e-07, 2.90934423219e-08, 3.5577190971e-08, 2.48966216532e-08, 2.98777647068e-09, 1.71489888956e-09, 9.2125418405e-10, 1.02791486434e-09, 4.44660808174e-10, 2.4640048335e-10, 1.73489722588e-10, 1.3650335029e-10, 7.90503912329e-11, 6.74542643964e-11, 8.017941866e-11, 6.11343059509e-11, 7.09857728154e-11, 5.26544051416e-11, 3.56830710813e-11, 3.1779606724e-11, 1.43350938758e-11, 7.47266831747e-12, 1.79755290514e-11, 4.10221648317e-11, 2.51356531075e-12, 6.75098486228e-13, 3.62449111523e-13, 1.38897967021e-13, 2.37124434129e-14, 1.87882135624e-15, 6.66129156094e-16]}, "melbands_crest": {"dmean": 4.207426548, "dmean2": 6.89912366867, "dvar": 13.3284034729, "dvar2": 34.1734313965, "max": 35.6359634399, "mean": 13.9967727661, "median": 12.7510852814, "min": 1.59032642841, "var": 33.8694763184}, "melbands_flatness_db": {"dmean": 0.0318459607661, "dmean2": 0.0494408905506, "dvar": 0.000798483961262, "dvar2": 0.00191667862236, "max": 0.464349359274, "mean": 0.232096552849, "median": 0.23040702939, "min": 0.00269152619876, "var": 0.00344725768082}, "melbands_kurtosis": {"dmean": 10.1503734589, "dmean2": 16.8545150757, "dvar": 489.842315674, "dvar2": 1340.43212891, "max": 340.995788574, "mean": 16.8346099854, "median": 7.43136835098, "min": -1.65426445007, "var": 958.932189941}, "melbands_skewness": {"dmean": 0.845012545586, "dmean2": 1.34436929226, "dvar": 1.05028152466, "dvar2": 2.61940860748, "max": 15.3362846375, "mean": 2.56297278404, "median": 2.00564670563, "min": -1.24334895611, "var": 4.42589950562}, "melbands_spread": {"dmean": 5.33456039429, "dmean2": 8.42408561707, "dvar": 45.1147422791, "dvar2": 103.973197937, "max": 150.858535767, "mean": 15.6081571579, "median": 13.01953125, "min": 0.68100219965, "var": 208.523483276}, "mfcc": {"cov": [[8657.14746094, 1053.59484863, -447.147003174, 33.0522918701, -632.971984863, -57.0302352905, -359.619445801, -30.8773498535, -147.3490448, 57.3935279846, -182.015838623, 109.682975769, -199.500030518], [1053.59484863, 1181.44177246, -285.192108154, -197.779602051, 20.0400791168, -108.834114075, -41.8801879883, -45.190120697, 52.3027267456, -63.9288787842, 54.3957633972, -53.1179466248, 72.4930419922], [-447.147003174, -285.192108154, 323.002471924, 100.280097961, 22.1809120178, 4.89119243622, 18.3183288574, -12.0180158615, -15.3354721069, 43.0941352844, -2.28296327591, 10.2109041214, -24.4568519592], [33.0522918701, -197.779602051, 100.280097961, 385.543701172, 37.9634246826, 143.23286438, 32.249710083, 90.0384597778, -33.9610137939, 69.0528488159, 6.46891498566, -0.303694725037, -15.7971105576], [-632.971984863, 20.0400791168, 22.1809120178, 37.9634246826, 264.666931152, 82.1037750244, 110.079856873, 44.9745445251, 31.9768104553, -22.1618976593, 40.2783813477, -29.8446407318, 52.8710327148], [-57.0302352905, -108.834114075, 4.89119243622, 143.23286438, 82.1037750244, 210.324127197, 72.8377456665, 96.8802337646, -10.2596483231, 9.18223190308, 0.660679101944, -11.0161857605, 8.24478244781], [-359.619445801, -41.8801879883, 18.3183288574, 32.249710083, 110.079856873, 72.8377456665, 142.841415405, 57.2397842407, 19.4889202118, -11.8761062622, 5.14047908783, -12.5136365891, 24.3667640686], [-30.8773498535, -45.190120697, -12.0180158615, 90.0384597778, 44.9745445251, 96.8802337646, 57.2397842407, 130.774551392, 30.1805934906, 26.5587100983, 21.1318855286, -10.1297798157, 14.7254190445], [-147.3490448, 52.3027267456, -15.3354721069, -33.9610137939, 31.9768104553, -10.2596483231, 19.4889202118, 30.1805934906, 98.5079193115, 27.4653491974, 35.8092727661, -5.76962947845, 11.7403678894], [57.3935279846, -63.9288787842, 43.0941352844, 69.0528488159, -22.1618976593, 9.18223190308, -11.8761062622, 26.5587100983, 27.4653491974, 105.037750244, 28.8650188446, 12.455622673, -18.4164161682], [-182.015838623, 54.3957633972, -2.28296327591, 6.46891498566, 40.2783813477, 0.660679101944, 5.14047908783, 21.1318855286, 35.8092727661, 28.8650188446, 88.342376709, 0.684206306934, 31.9741458893], [109.682975769, -53.1179466248, 10.2109041214, -0.303694725037, -29.8446407318, -11.0161857605, -12.5136365891, -10.1297798157, -5.76962947845, 12.455622673, 0.684206306934, 68.2661819458, 3.31382155418], [-199.500030518, 72.4930419922, -24.4568519592, -15.7971105576, 52.8710327148, 8.24478244781, 24.3667640686, 14.7254190445, 11.7403678894, -18.4164161682, 31.9741458893, 3.31382155418, 75.1572341919]], "icov": [[0.000210284488276, -0.000269129755907, 0.000112365101813, -6.85208506184e-05, 0.000290647905786, -0.000150122621562, 0.000233011203818, -0.000232645441429, 0.000209445599467, -0.000134572532261, 0.000321203493513, -0.000435620575445, 0.000438846094767], [-0.000269129755907, 0.0016469322145, 0.000856263097376, 0.000144392994116, -0.000464531069156, 0.000647696084343, -7.4627030699e-05, 0.000678906741086, -0.000585911679082, 0.000352695351467, -0.000909141846932, 0.00153572682757, -0.00135003053583], [0.000112365101813, 0.000856263097376, 0.00470518646762, -0.00104654033203, -0.00054943957366, 0.000957000651397, -0.000744335527997, 0.00140886066947, 0.000427645427408, -0.00138996168971, -0.000109096166852, 2.25327185035e-05, 0.000668337277602], [-6.85208506184e-05, 0.000144392994116, -0.00104654033203, 0.00491389166564, -0.000591078191064, -0.00207041227259, 0.000636728655081, -0.00201703724451, 0.00261843833141, -0.00269368872978, -0.000134110116051, 0.000331319024554, 0.00017617897538], [0.000290647905786, -0.000464531069156, -0.00054943957366, -0.000591078191064, 0.00785626657307, -0.00215246039443, -0.00389430392534, 0.00155085755978, -0.00146924820729, 0.00158087967429, -0.00199948204681, 0.00155996484682, -0.00201653549448], [-0.000150122621562, 0.000647696084343, 0.000957000651397, -0.00207041227259, -0.00215246039443, 0.0103394677863, -0.0016847376246, -0.00519268447533, 0.00221198541112, 0.000508909812197, 0.000524474657141, 0.000313342694426, 0.000338793033734], [0.000233011203818, -7.4627030699e-05, -0.000744335527997, 0.000636728655081, -0.00389430392534, -0.0016847376246, 0.0131886927411, -0.00405846629292, -0.00104921078309, 0.00102035608143, 0.00281122606248, -0.000745211436879, -0.000723477511201], [-0.000232645441429, 0.000678906741086, 0.00140886066947, -0.00201703724451, 0.00155085755978, -0.00519268447533, -0.00405846629292, 0.0166635569185, -0.00505013344809, -0.00159174762666, -0.00159312156029, 0.00226326868869, -0.0027314752806], [0.000209445599467, -0.000585911679082, 0.000427645427408, 0.00261843833141, -0.00146924820729, 0.00221198541112, -0.00104921078309, -0.00505013344809, 0.0165499765426, -0.00497112143785, -0.00306709390134, 0.000195574597456, 0.00142398325261], [-0.000134572532261, 0.000352695351467, -0.00138996168971, -0.00269368872978, 0.00158087967429, 0.000508909812197, 0.00102035608143, -0.00159174762666, -0.00497112143785, 0.016974022612, -0.00593588175252, -0.00227314746007, 0.00465859379619], [0.000321203493513, -0.000909141846932, -0.000109096166852, -0.000134110116051, -0.00199948204681, 0.000524474657141, 0.00281122606248, -0.00159312156029, -0.00306709390134, -0.00593588175252, 0.0193004608154, -0.000760915514547, -0.00673725968227], [-0.000435620575445, 0.00153572682757, 2.25327185035e-05, 0.000331319024554, 0.00155996484682, 0.000313342694426, -0.000745211436879, 0.00226326868869, 0.000195574597456, -0.00227314746007, -0.000760915514547, 0.0181528963149, -0.00495847966522], [0.000438846094767, -0.00135003053583, 0.000668337277602, 0.00017617897538, -0.00201653549448, 0.000338793033734, -0.000723477511201, -0.0027314752806, 0.00142398325261, 0.00465859379619, -0.00673725968227, -0.00495847966522, 0.0221821125597]], "mean": [-693.078552246, 153.422180176, -11.6303939819, 33.5697517395, -14.1056060791, 4.12932634354, -10.6568622589, 5.34863901138, -5.47743797302, 7.68908500671, 1.7709261179, 1.24958789349, 2.81375598907]}, "pitch_salience": {"dmean": 0.0850611180067, "dmean2": 0.138114482164, "dvar": 0.00574139691889, "dvar2": 0.0138991959393, "max": 0.90452259779, "mean": 0.569766998291, "median": 0.597086787224, "min": 0.114125356078, "var": 0.0199936646968}, "silence_rate_20dB": {"dmean": 0, "dmean2": 0, "dvar": 0, "dvar2": 0, "max": 1, "mean": 1, "median": 1, "min": 1, "var": 0}, "silence_rate_30dB": {"dmean": 0.0113375624642, "dmean2": 0.0226781852543, "dvar": 0.0112098129466, "dvar2": 0.0283749960363, "max": 1, "mean": 0.990553319454, "median": 1, "min": 0, "var": 0.00935687404126}, "silence_rate_60dB": {"dmean": 0.0145768662915, "dmean2": 0.0291576664895, "dvar": 0.0143654001877, "dvar2": 0.0347886048257, "max": 1, "mean": 0.06342779845, "median": 0, "min": 0, "var": 0.0594042129815}, "spectral_centroid": {"dmean": 229.866836548, "dmean2": 357.747161865, "dvar": 87380.78125, "dvar2": 185120, "max": 11480.5830078, "mean": 1103.91064453, "median": 880.273681641, "min": 289.329711914, "var": 983514}, "spectral_complexity": {"dmean": 3.2986907959, "dmean2": 4.82802391052, "dvar": 13.5192375183, "dvar2": 22.6631031036, "max": 52, "mean": 14.5661268234, "median": 15, "min": 0, "var": 71.5766220093}, "spectral_contrast_coeffs": {"dmean": [0.0547707751393, 0.0556200444698, 0.0398512780666, 0.0245217848569, 0.0186035018414, 0.0363247394562], "dmean2": [0.0910977944732, 0.0921256542206, 0.0663806945086, 0.0412328839302, 0.0305701419711, 0.0574513971806], "dvar": [0.00199844222516, 0.00202936748974, 0.00105018226895, 0.000378317548893, 0.000245073868427, 0.00102301954757], "dvar2": [0.00525416294113, 0.00541930180043, 0.00287496042438, 0.00108243257273, 0.000626422872301, 0.00252613471821], "max": [-0.364251375198, -0.410493552685, -0.533223986626, -0.673345327377, -0.685796320438, -0.506854355335], "mean": [-0.702358722687, -0.74760556221, -0.79349821806, -0.833441019058, -0.82118076086, -0.729509651661], "median": [-0.711677908897, -0.75855743885, -0.795859694481, -0.834012746811, -0.821379065514, -0.72899389267], "min": [-0.983891308308, -0.976099133492, -0.97301530838, -0.972746610641, -0.963960528374, -0.965265333652], "var": [0.00650055054575, 0.00703613180667, 0.00364147010259, 0.00110855407547, 0.000868944218382, 0.00392890581861]}, "spectral_contrast_valleys": {"dmean": [0.444764763117, 0.374741435051, 0.336488723755, 0.277598381042, 0.247061625123, 0.523218035698], "dmean2": [0.712126016617, 0.60393512249, 0.527748882771, 0.416510790586, 0.337939441204, 0.789574801922], "dvar": [0.15505798161, 0.130131602287, 0.123750507832, 0.0998466536403, 0.0945562422276, 0.215583667159], "dvar2": [0.349595546722, 0.273015469313, 0.243183061481, 0.177716031671, 0.152850911021, 0.513116598129], "max": [-5.62072038651, -4.31351327896, -4.97361564636, -5.79944229126, -5.87752485275, -9.18861961365], "mean": [-7.51509857178, -6.50239467621, -7.39092159271, -7.87862443924, -7.93154907227, -11.4601287842], "median": [-7.22003412247, -6.10101318359, -7.02891635895, -7.52227401733, -7.67423725128, -11.1847267151], "min": [-28.0912284851, -27.8091182709, -27.9805107117, -27.6560516357, -27.5189647675, -27.4211387634], "var": [3.83346223831, 4.3166975975, 3.97397780418, 3.67743778229, 3.63297581673, 2.9017393589]}, "spectral_decrease": {"dmean": 2.16417372911e-09, "dmean2": 3.42307027168e-09, "dvar": 1.19804786737e-17, "dvar2": 2.83731089563e-17, "max": 3.9377283656e-09, "mean": -3.49378259656e-09, "median": -1.83068693538e-09, "min": -6.35919974457e-08, "var": 2.48438039065e-17}, "spectral_energy": {"dmean": 0.0125250574201, "dmean2": 0.0190141368657, "dvar": 0.000269767449936, "dvar2": 0.000626581837423, "max": 0.258564442396, "mean": 0.0294902641326, "median": 0.0238663833588, "min": 9.98780926994e-21, "var": 0.000600823201239}, "spectral_energyband_high": {"dmean": 0.000345126085449, "dmean2": 0.000474121596199, "dvar": 6.30674037438e-07, "dvar2": 1.33409116643e-06, "max": 0.0119105670601, "mean": 0.000666702515446, "median": 0.000305207475321, "min": 7.23806058101e-21, "var": 1.07393475446e-06}, "spectral_energyband_low": {"dmean": 0.00297102401964, "dmean2": 0.00482215173542, "dvar": 2.51978472079e-05, "dvar2": 6.36103868601e-05, "max": 0.0682920664549, "mean": 0.00421114498749, "median": 0.00266763940454, "min": 1.41006236236e-23, "var": 2.64661193796e-05}, "spectral_energyband_middle_high": {"dmean": 0.0010922702495, "dmean2": 0.00167338282336, "dvar": 3.12419069814e-06, "dvar2": 7.24214851289e-06, "max": 0.0261516179889, "mean": 0.00263424753211, "median": 0.00185617257375, "min": 1.13288170711e-21, "var": 7.90398917161e-06}, "spectral_energyband_middle_low": {"dmean": 0.0078433630988, "dmean2": 0.0122364582494, "dvar": 0.000184239543159, "dvar2": 0.000438415649114, "max": 0.246547922492, "mean": 0.0148489708081, "median": 0.00908167660236, "min": 1.87093320476e-22, "var": 0.000369043526007}, "spectral_entropy": {"dmean": 0.180553838611, "dmean2": 0.275725394487, "dvar": 0.0294268038124, "dvar2": 0.0663238167763, "max": 9.81930446625, "mean": 7.4940776825, "median": 7.51861953735, "min": 5.59425973892, "var": 0.169514790177}, "spectral_flux": {"dmean": 0.0268887169659, "dmean2": 0.0415186025202, "dvar": 0.000857659790199, "dvar2": 0.00188419769984, "max": 0.386762589216, "mean": 0.100506976247, "median": 0.0970573872328, "min": 6.32887839358e-11, "var": 0.00258763227612}, "spectral_kurtosis": {"dmean": 2.90984678268, "dmean2": 4.45078802109, "dvar": 9.47438907623, "dvar2": 22.5969772339, "max": 49.0856781006, "mean": 16.7374038696, "median": 15.5257520676, "min": -1.24006509781, "var": 47.6295776367}, "spectral_rms": {"dmean": 0.00105184712447, "dmean2": 0.00154723320156, "dvar": 1.21223274618e-06, "dvar2": 2.62356820713e-06, "max": 0.0158826317638, "mean": 0.00488826446235, "median": 0.00482537876815, "min": 3.12157071025e-12, "var": 4.8757674449e-06}, "spectral_rolloff": {"dmean": 2483.14428711, "dmean2": 4780.57763672, "dvar": 38127888, "dvar2": 94690056, "max": 22050, "mean": 18626.4765625, "median": 21705.46875, "min": 107.666015625, "var": 52568168}, "spectral_skewness": {"dmean": 0.251541078091, "dmean2": 0.376099228859, "dvar": 0.0597906857729, "dvar2": 0.132685855031, "max": 5.23701572418, "mean": 2.75775933266, "median": 2.73189663887, "min": -0.0692944973707, "var": 0.491244018078}, "spectral_spread": {"dmean": 420179.28125, "dmean2": 645296.125, "dvar": 408144510976, "dvar2": 808604073984, "max": 42930260, "mean": 4490970, "median": 4174461.5, "min": 1971138.75, "var": 10322347819000.0}, "spectral_strongpeak": {"dmean": 