{"lowlevel": {"average_loudness": 0.737594366074, "barkbands": {"dmean": [4.629263276e-05, 0.00123386492487, 0.00149716669694, 0.000347440363839, 0.000815722974949, 0.000935442803893, 0.000528833887074, 0.000267654162599, 0.000274593534414, 0.000225617550313, 0.000116261879157, 0.000164729499375, 0.000252730445936, 0.000230823963648, 0.000269346695859, 0.000261491921265, 0.00027828515158, 0.000145372425322, 0.000216661923332, 0.000191585291759, 0.000132467481308, 0.000179659706191, 8.94709737622e-05, 6.71483503538e-05, 6.38103374513e-05, 6.37687553535e-05, 5.14579405717e-05], "dmean2": [6.79113654769e-05, 0.00209398777224, 0.00262603862211, 0.00057139567798, 0.00127794046421, 0.00149243802298, 0.000834070437122, 0.000415948627051, 0.000421706092311, 0.000356432370609, 0.00018129889213, 0.000256698665908, 0.000394731963752, 0.000353173818439, 0.00040750275366, 0.00040497831651, 0.000430888874689, 0.000225527925068, 0.000332522002282, 0.000281230488326, 0.000187997226021, 0.000235366518609, 0.000119076401461, 8.75349433045e-05, 8.57303748489e-05, 8.69861178217e-05, 7.21782489563e-05], "dvar": [1.7798559071e-08, 4.64181584903e-06, 5.23196013091e-06, 3.20111468e-07, 2.37193876274e-06, 4.50337529401e-06, 2.38113852902e-06, 7.23490813925e-07, 8.83900838744e-07, 5.10017343913e-07, 2.86057030507e-07, 3.72299524543e-07, 1.17305842195e-06, 6.11063626366e-07, 6.96285724189e-07, 7.76066769959e-07, 8.21128821826e-07, 1.30885396743e-07, 4.95776248499e-07, 3.94459306108e-07, 8.05192428288e-08, 1.64058178598e-07, 3.19750519395e-08, 2.30719638949e-08, 3.11251042717e-08, 3.68590455935e-08, 2.66485997713e-08], "dvar2": [3.65500056887e-08, 1.25877113533e-05, 1.59306273417e-05, 8.66652783316e-07, 5.55471160624e-06, 1.1565351997e-05, 5.75497324462e-06, 1.78655022864e-06, 1.90693333479e-06, 1.27103533032e-06, 6.67941037591e-07, 9.44763030475e-07, 2.83373788079e-06, 1.36022117658e-06, 1.54818269493e-06, 1.8996649942e-06, 1.95864390662e-06, 2.78563021539e-07, 1.24706286897e-06, 8.19479794245e-07, 1.59187635518e-07, 2.85122780497e-07, 5.62756490297e-08, 4.11820799684e-08, 6.0648794431e-08, 7.46533572737e-08, 5.73281937477e-08], "max": [0.00281625031494, 0.0431952401996, 0.039287161082, 0.0128313116729, 0.0418218448758, 0.0527570955455, 0.0383040718734, 0.0263189412653, 0.0434182099998, 0.024553168565, 0.0295449290425, 0.0189737658948, 0.0382180139422, 0.0387312471867, 0.0275319684297, 0.0326562486589, 0.0402180068195, 0.0147489821538, 0.0501700900495, 0.0312767364085, 0.00667945249006, 0.0150555213913, 0.00491138454527, 0.00355958612636, 0.00511681148782, 0.00402877293527, 0.00311639672145], "mean": [4.51223313576e-05, 0.00238480139524, 0.00318889110349, 0.000678315351252, 0.0020426842384, 0.0018091123784, 0.000884991372004, 0.000452826614492, 0.000431262044003, 0.000376335461624, 0.000186930134078, 0.000276374892564, 0.000441116222646, 0.000399554992327, 0.000497897388414, 0.000475338223623, 0.000526336662006, 0.000318360136589, 0.000508261960931, 0.000422723212978, 0.00032442403608, 0.000476967950817, 0.000218268382014, 0.000140200718306, 0.000113396505185, 8.58420389704e-05, 6.00689927523e-05], "median": [3.87172531191e-06, 0.000978690455668, 0.00199282774702, 0.00036001362605, 0.00114012300037, 0.000823821290396, 0.000268709729426, 0.000148008053657, 0.000123442805489, 0.000148086255649, 5.2267787396e-05, 0.000102057267213, 6.75140327075e-05, 0.000115141134302, 0.00011170507787, 9.27721848711e-05, 0.000142968594446, 0.000153068453074, 0.00020087271696, 0.000152274369611, 0.000122509634821, 0.000155365967657, 7.14357665856e-05, 3.77101096092e-05, 2.35590596276e-05, 8.41597284307e-06, 1.95596248886e-06], "min": [7.61207747464e-18, 1.0849560649e-17, 6.4185679337e-18, 5.57327868318e-18, 1.00669981586e-17, 6.02547268146e-18, 5.10811325212e-18, 7.60186262126e-18, 1.74820883607e-17, 1.71849650846e-17, 9.55977266139e-18, 1.77935797639e-17, 1.70649180167e-17, 9.02931166073e-18, 2.03820694374e-17, 1.40319114083e-17, 2.62105147279e-17, 1.10434881805e-17, 3.43039310826e-17, 3.64249280523e-17, 7.72993069416e-17, 4.54336429157e-17, 8.16563716304e-17, 1.58291174607e-16, 1.08228490017e-16, 2.96512300576e-16, 3.09576142661e-16], "var": [2.11040056541e-08, 1.24746511574e-05, 1.29669897433e-05, 8.87009775852e-07, 8.0150884969e-06, 9.36443939281e-06, 4.62932530354e-06, 1.43487659443e-06, 1.95908728529e-06, 8.94405445706e-07, 6.39534846414e-07, 7.45488932807e-07, 3.654045031e-06, 1.51695394379e-06, 1.95439770323e-06, 1.85124474683e-06, 2.00541649065e-06, 4.04252261887e-07, 1.54308713718e-06, 1.05816729956e-06, 2.98519552189e-07, 7.33193019187e-07, 1.29358070922e-07, 6.926990892e-08, 6.27826253208e-08, 5.70171856396e-08, 3.55134162078e-08]}, "barkbands_crest": {"dmean": 1.91427028179, "dmean2": 3.13964152336, "dvar": 3.39407110214, "dvar2": 8.81626319885, "max": 24.5145988464, "mean": 8.85036754608, "median": 8.23553085327, "min": 2.29795598984, "var": 12.7299032211}, "barkbands_flatness_db": {"dmean": 0.0159882232547, "dmean2": 0.0244062636048, "dvar": 0.000226100979489, "dvar2": 0.000495050509926, "max": 0.288704663515, "mean": 0.106687217951, "median": 0.101005867124, "min": 0.017814964056, "var": 0.00196605361998}, "barkbands_kurtosis": {"dmean": 1.83089876175, "dmean2": 2.86734509468, "dvar": 9.25885105133, "dvar2": 20.8333530426, "max": 91.5837402344, "mean": 3.48292589188, "median": 0.644191801548, "min": -1.91497659683, "var": 53.4019470215}, "barkbands_skewness": {"dmean": 0.408380478621, "dmean2": 0.633113563061, "dvar": 0.15943081677, "dvar2": 0.367467463017, "max": 8.6827878952, "mean": 1.41943347454, "median": 1.29905664921, "min": -3.51110839844, "var": 1.68980014324}, "barkbands_spread": {"dmean": 6.40718412399, "dmean2": 9.61717987061, "dvar": 62.4995994568, "dvar2": 129.287521362, "max": 102.840377808, "mean": 32.7537193298, "median": 30.3319587708, "min": 1.74088847637, "var": 343.969604492}, "dissonance": {"dmean": 0.0114351836964, "dmean2": 0.0191968902946, "dvar": 0.000153190499987, "dvar2": 0.000428360333899, "max": 0.500000119209, "mean": 0.473986417055, "median": 0.478687822819, "min": 0.147641152143, "var": 0.000404339429224}, "dynamic_complexity": 3.56862306595, "erbbands": {"dmean": [0.0189425591379, 0.352780282497, 1.77536535263, 1.02303981781, 2.02775263786, 2.46974849701, 6.91133785248, 7.1925368309, 8.27508735657, 5.3704419136, 6.65067148209, 6.96651601791, 6.03417253494, 6.56940078735, 5.01184129715, 6.8640127182, 10.8303861618, 12.1458072662, 12.870718956, 11.2791624069, 15.009305954, 13.8302621841, 8.35401916504, 7.31292819977, 12.5343770981, 9.66267204285, 4.51207256317, 6.13179063797, 6.71614742279, 4.61837816238, 2.36985683441, 1.61573255062, 1.02099442482, 0.721018791199, 0.464015573263, 0.258328646421, 0.115214437246, 0.0462164543569, 0.0112803447992, 0.000317216239637], "dmean2": [0.0307482834905, 0.606244385242, 3.14451622963, 1.69550991058, 3.23279595375, 3.91454172134, 10.7650632858, 11.544593811, 13.0581350327, 8.36880874634, 10.2329645157, 10.7083272934, 9.59407043457, 10.3300914764, 7.65534067154, 10.4772043228, 16.836856842, 18.0711898804, 19.1989116669, 16.7618160248, 23.2616443634, 21.2365016937, 12.9512386322, 11.1800680161, 18.8721942902, 14.266043663, 6.5529050827, 8.55769443512, 8.83068561554, 6.10120248795, 3.12157082558, 2.13666582108, 1.34758925438, 0.972117424011, 0.636087834835, 0.360747665167, 0.15830822289, 0.0639591962099, 0.0160118639469, 0.000454677210655], "dvar": [0.00213343882933, 0.36828827858, 7.78281021118, 2.16516566277, 12.5735454559, 25.6487751007, 343.330932617, 295.017944336, 537.070129395, 257.579376221, 480.031494141, 686.360229492, 317.255462646, 679.357177734, 463.102661133, 592.29296875, 2210.96899414, 2139.07714844, 1771.02770996, 1390.79199219, 2840.82714844, 2194.7722168, 403.118835449, 469.619995117, 2058.62719727, 1373.34631348, 118.662025452, 187.055725098, 242.428085327, 96.8874359131, 23.1274299622, 12.1760196686, 6.52661037445, 3.91474366188, 1.72668433189, 0.597289264202, 0.126523196697, 0.0235425885767, 0.00130481354427, 9.96413859866e-07], "dvar2": [0.00515297986567, 1.02197802067, 23.9467411041, 5.95606184006, 30.7686424255, 60.6092948914, 808.674377441, 737.78503418, 1286.33911133, 618.011962891, 1185.31396484, 1510.80627441, 783.64630127, 1743.25354004, 1079.06359863, 1424.32214355, 5450.73388672, 4866.35644531, 4037.68603516, 2890.29174805, 7020.68164063, 5474.19726563, 904.92565918, 966.268249512, 5132.00439453, 3074.74145508, 244.038909912, 360.40246582, 409.20892334, 175.244232178, 41.4441719055, 21.8167610168, 12.3860311508, 7.46783876419, 3.49994945526, 1.25874876976, 0.258521705866, 0.048933852464, 0.00285979057662, 2.1866417228e-06], "max": [1.42285513878, 12.278046608, 49.2155303955, 24.5045661926, 82.5528717041, 163.218429565, 553.821594238, 429.77243042, 684.936401367, 430.684844971, 731.922546387, 1216.06311035, 704.336425781, 1097.46862793, 905.546081543, 889.194396973, 1752.74267578, 2103.99023438, 1433.58752441, 1581.81530762, 2134.48852539, 1744.06347656, 890.148742676, 1469.43798828, 3393.83398438, 1747.97741699, 792.668457031, 384.365356445, 693.902770996, 345.958892822, 130.767288208, 71.729675293, 79.0527191162, 68.4323806763, 32.4675292969, 20.6599216461, 7.24639177322, 4.32134199142, 0.676684260368, 0.0194530561566], "mean": [0.0270868781954, 0.705760419369, 3.70387887955, 2.5874478817, 5.01360225677, 5.6693687439, 13.7624111176, 12.8507404327, 14.2839069366, 9.40281677246, 11.7050008774, 11.0811882019, 10.5300970078, 11.1526737213, 8.99049186707, 12.1903991699, 19.1722698212, 22.881734848, 24.1301746368, 23.5267410278, 29.1800575256, 28.740983963, 19.679895401, 18.8899154663, 29.1217021942, 21.3170871735, 11.1543045044, 15.3215513229, 17.5492019653, 11.7381496429, 5.73142051697, 3.42461514473, 2.0589993, 1.33997046947, 0.765730142593, 0.363720774651, 0.148179188371, 0.0585549511015, 0.0128959799185, 0.000375594216166], "median": [0.00925412960351, 0.320713579655, 2.22973299026, 1.77249228954, 2.36023283005, 3.25419473648, 5.44973945618, 5.85743522644, 4.49235439301, 3.42459583282, 3.89165258408, 3.52587556839, 3.90571045876, 4.19892263412, 3.45847988129, 4.04555749893, 3.52587556839, 5.68925094604, 6.81015014648, 5.60722160339, 6.05062866211, 8.03047943115, 9.06700706482, 9.13099575043, 10.7887630463, 7.47101688385, 4.84068107605, 5.31428050995, 5.59459686279, 3.84874343872, 1.81308221817, 1.00884819031, 0.501124501228, 0.288167655468, 0.143519073725, 0.047765776515, 0.0128692425787, 0.00308809522539, 0.000387905864045, 3.51264716301e-05], "min": [4.05160687325e-16, 2.16015636165e-15, 6.73522017306e-15, 1.45118766721e-14, 2.46842815827e-14, 3.5020262108e-14, 4.35307578829e-14, 5.06284060899e-14, 6.44831003914e-14, 1.05714062179e-13, 2.08465297975e-13, 3.84474922602e-13, 5.34490474883e-13, 4.86153760478e-13, 4.26136583702e-13, 7.93573702845e-13, 8.24419146232e-13, 3.85513073287e-13, 1.0539450172e-12, 7.46212445134e-13, 9.46088585078e-13, 1.46556172146e-12, 6.67999672504e-13, 9.27500372512e-13, 1.91586828867e-12, 2.03307618137e-12, 3.6703634923e-12, 2.24381277447e-12, 1.59250780965e-12, 1.77644314189e-12, 2.0930598834e-12, 2.36978926066e-12, 3.1983892531e-12, 1.1209199801e-12, 1.13728883082e-12, 1.42909393087e-12, 4.16872591134e-13, 1.20979317059e-13, 3.68468344486e-14, 5.88462502874e-15], "var": [0.00274614850059, 1.00899529457, 18.5748996735, 7.01891088486, 58.042552948, 66.5108413696, 792.519226074, 590.434875488, 1072.86608887, 441.331085205, 996.519897461, 1370.12451172, 663.307617188, 1242.30053711, 998.431030273, 1271.7434082, 5613.15527344, 6672.13085938, 4321.13769531, 4686.17480469, 6856.50732422, 5816.56689453, 1245.77111816, 1835.33776855, 5615.78076172, 3172.17260742, 392.020751953, 721.167785645, 1101.77062988, 410.198425293, 92.4014358521, 36.8357658386, 18.6904220581, 8.49245834351, 3.19960212708, 0.911879122257, 0.186552643776, 0.0345839895308, 0.00164996564854, 1.25289341213e-06]}, "erbbands_crest": {"dmean": 2.08592319489, "dmean2": 3.39969539642, "dvar": 5.05885362625, "dvar2": 12.717124939, "max": 28.3940582275, "mean": 7.61229944229, "median": 6.42952632904, "min": 2.16060447693, "var": 16.1482181549}, "erbbands_flatness_db": {"dmean": 0.0139926970005, "dmean2": 0.0199326463044, "dvar": 0.00018814644136, "dvar2": 0.000364608713426, "max": 0.318520188332, "mean": 0.127546489239, "median": 0.125729739666, "min": 0.0305755548179, "var": 0.00164515338838}, "erbbands_kurtosis": {"dmean": 0.634138762951, "dmean2": 0.986157476902, "dvar": 0.838461101055, "dvar2": 1.83555495739, "max": 19.1712684631, "mean": -0.0177352186292, "median": -0.548466980457, "min": -1.81428515911, "var": 2.65822815895}, "erbbands_skewness": {"dmean": 0.275877684355, "dmean2": 0.418229013681, "dvar": 0.0704137012362, "dvar2": 0.150450631976, "max": 4.21935129166, "mean": -0.0519151911139, "median": -0.122094087303, "min": -3.60355210304, "var": 0.626277983189}, "erbbands_spread": {"dmean": 7.36069107056, "dmean2": 11.2836208344, "dvar": 50.477432251, "dvar2": 110.184539795, "max": 129.454818726, "mean": 49.7508964539, "median": 49.6420516968, "min": 5.48599672318, "var": 344.29095459}, "gfcc": {"cov": [[4402.47705078, -1147.79333496, 409.800567627, 74.9419403076, 195.994277954, -35.1273918152, -115.424545288, -104.455108643, 161.18649292, 131.195129395, 12.5309305191, 53.3951301575, 34.4582862854], [-1147.79333496, 1433.56213379, 61.5752563477, 88.1701049805, -87.4745483398, -152.965560913, -95.0665969849, -164.612838745, 4.86875724792, -35.0068092346, 49.2747383118, -46.959186554, -2.93918037415], [409.800567627, 61.5752563477, 937.891174316, 35.5565109253, 138.80859375, -82.4780883789, -50.4577560425, -120.820243835, -3.75535273552, 4.66304779053, 22.5372142792, 5.59296178818, 25.0248947144], [74.9419403076, 88.1701049805, 35.5565109253, 268.010528564, 21.7176952362, 7.27347326279, -9.45324897766, -33.0935134888, 47.4936828613, -0.856058776379, -20.9244346619, -13.1830940247, 6.18084096909], [195.994277954, -87.4745483398, 138.80859375, 21.7176952362, 257.135467529, 45.7167358398, 39.5052375793, 15.6399822235, 13.7663421631, 6.94639444351, -2.60955739021, -1.39355838299, -11.3187818527], [-35.1273918152, -152.965560913, -82.4780883789, 7.27347326279, 45.7167358398, 175.38961792, 88.3128433228, 68.8209457397, -26.5686950684, -14.6115865707, 1.5651216507, -0.203014656901, -19.6476249695], [-115.424545288, -95.0665969849, -50.4577560425, -9.45324897766, 39.5052375793, 88.3128433228, 160.894241333, 78.9677658081, -23.1430034637, -13.2404632568, 0.436713159084, 0.904429495335, -22.6933822632], [-104.455108643, -164.612838745, -120.820243835, -33.0935134888, 15.6399822235, 68.8209457397, 78.9677658081, 144.5990448, 6.00800704956, -1.91168832779, -10.7899856567, -0.282766520977, -9.97571659088], [161.18649292, 4.86875724792, -3.75535273552, 47.4936828613, 13.7663421631, -26.5686950684, -23.1430034637, 6.00800704956, 130.004272461, 38.674697876, -17.1240158081, 1.01132655144, 8.35669136047], [131.195129395, -35.0068092346, 4.66304779053, -0.856058776379, 6.94639444351, -14.6115865707, -13.2404632568, -1.91168832779, 38.674697876, 72.4899520874, 20.2324409485, 2.48564696312, 1.59342300892], [12.5309305191, 49.2747383118, 22.5372142792, -20.9244346619, -2.60955739021, 1.5651216507, 0.436713159084, -10.7899856567, -17.1240158081, 20.2324409485, 80.5128707886, 17.4414405823, -5.31513214111], [53.3951301575, -46.959186554, 5.59296178818, -13.1830940247, -1.39355838299, -0.203014656901, 0.904429495335, -0.282766520977, 1.01132655144, 2.48564696312, 17.4414405823, 59.2436332703, 15.6640548706], [34.4582862854, -2.93918037415, 25.0248947144, 6.18084096909, -11.3187818527, -19.6476249695, -22.6933822632, -9.97571659088, 8.35669136047, 1.59342300892, -5.31513214111, 15.6640548706, 61.4356880188]], "icov": [[0.000382659054594, 0.000397145573515, -7.76438682806e-05, -9.00082304724e-05, -0.000151157975779, 7.51496045268e-05, 0.000138436953421, 0.000541194574907, -0.000438171467977, -0.000107122810732, -0.000318157690344, 6.00814782956e-05, -2.10911153431e-07], [0.000397145573515, 0.0013850950636, 1.65604324138e-05, -0.00032753078267, -1.39767280416e-05, 0.000754479726311, -6.0582140577e-05, 0.00141729053576, -0.000826226721983, 0.000938940967899, -0.00147028686479, 0.00108276237734, 9.51644494762e-07], [-7.76438682806e-05, 1.65604324138e-05, 0.00142427789979, -4.57802525489e-05, -0.000877927057445, 0.000624816573691, -0.000249302189332, 0.00100445584394, 0.000179970491445, 0.000273615209153, -0.000417769682826, 0.00017853936879, -0.000535366940312], [-9.00082304724e-05, -0.00032753078267, -4.57802525489e-05, 0.00453942455351, -0.000152087406605, -0.0011793631129, -0.00034386178595, 0.00144249200821, -0.00191607337911, 0.000580385443754, 0.000867999275215, 0.000744064804167, -0.000570253003389], [-0.000151157975779, -1.39767280416e-05, -0.000877927057445, -0.000152087406605, 0.00492616044357, -0.00126022589393, -0.000780655012932, -0.000299567182083, -0.000565533176996, -0.000384693412343, 0.000411415530834, 3.63204003406e-06, 0.000746146368328], [7.51496045268e-05, 0.000754479726311, 0.000624816573691, -0.0011793631129, -0.00126022589393, 0.00971138570458, -0.00314416713081, -0.00169055711012, 0.00132501684129, 0.00130381202325, -0.00146540428977, 0.000379649136448, 0.00085814477643], [0.000138436953421, -6.0582140577e-05, -0.000249302189332, -0.00034386178595, -0.000780655012932, -0.00314416713081, 0.0108424415812, -0.00449579721317, 0.00127246917691, 0.000362771999789, -7.20967218513e-05, -0.00105559511576, 0.00226166844368], [0.000541194574907, 0.00141729053576, 0.00100445584394, 0.00144249200821, -0.000299567182083, -0.00169055711012, -0.00449579721317, 0.0134563557804, -0.00309390039183, 0.00053860276239, -0.000124439931824, 0.00125643692445, -0.000785783864558], [-0.000438171467977, -0.000826226721983, 0.000179970491445, -0.00191607337911, -0.000565533176996, 0.00132501684129, 0.00127246917691, -0.00309390039183, 0.0123004848137, -0.00686989538372, 0.00432090181857, -0.00193628121633, -1.45530411828e-05], [-0.000107122810732, 0.000938940967899, 0.000273615209153, 0.000580385443754, -0.000384693412343, 0.00130381202325, 0.000362771999789, 0.00053860276239, -0.00686989538372, 0.0205342695117, -0.00765268597752, 0.00255326228216, -0.000408477819292], [-0.000318157690344, -0.00147028686479, -0.000417769682826, 0.000867999275215, 0.000411415530834, -0.00146540428977, -7.20967218513e-05, -0.000124439931824, 0.00432090181857, -0.00765268597752, 0.0181382969022, -0.00641202414408, 0.00256610102952], [6.00814782956e-05, 0.00108276237734, 0.00017853936879, 0.000744064804167, 3.63204003406e-06, 0.000379649136448, -0.00105559511576, 0.00125643692445, -0.00193628121633, 0.00255326228216, -0.00641202414408, 0.0212474167347, -0.00596826663241], [-2.10911153431e-07, 9.51644494762e-07, -0.000535366940312, -0.000570253003389, 0.000746146368328, 0.00085814477643, 0.00226166844368, -0.000785783864558, -1.45530411828e-05, -0.000408477819292, 0.00256610102952, -0.00596826663241, 0.0194288250059]], "mean": [2.15625071526, 61.391708374, -107.598258972, 43.0079612732, -55.6789970398, 6.27581501007, -34.6717605591, 1.62202942371, -22.3523216248, 0.768281400204, -18.9192008972, 0.832070887089, -15.4020738602]}, "hfc": {"dmean": 6.27737283707, "dmean2": 8.11611843109, "dvar": 125.684341431, "dvar2": 224.698318481, "max": 272.163513184, "mean": 22.8271331787, "median": 11.4671325684, "min": 1.61905124724e-11, "var": 718.671020508}, "melbands": {"dmean": [0.0002382396342, 0.000757388479542, 0.000194958527572, 0.000163147808053, 0.000204846437555, 0.000165132485563, 0.000124092344777, 5.54208745598e-05, 5.4297670431e-05, 4.22765588155e-05, 2.98675713566e-05, 2.75707770925e-05, 1.67088292073e-05, 1.99417245312e-05, 1.95911688934e-05, 2.63991387328e-05, 2.25834810408e-05, 2.11872229556e-05, 1.84548734978e-05, 1.49250136019e-05, 1.99232490559e-05, 1.56528094521e-05, 1.32070799737e-05, 6.31741204415e-06, 6.36376762486e-06, 1.01636796899e-05, 8.51187996886e-06, 6.43908833808e-06, 2.89056629299e-06, 3.51540461452e-06, 3.93562504541e-06, 4.13287534684e-06, 3.65437290384e-06, 2.41181737692e-06, 1.50344840222e-06, 1.10071925974e-06, 1.03022284748e-06, 7.33108720397e-07, 6.77607033595e-07, 6.27049587365e-07], "dmean2": [0.000395481940359, 0.00133000337519, 0.000319210230373, 0.000260151020484, 0.000318306469126, 0.000263682479272, 0.000195520085981, 8.62190208863e-05, 8.30612989375e-05, 6.49976209388e-05, 4.76348141092e-05, 4.33086825069e-05, 2.55896466115e-05, 3.11234034598e-05, 2.9870765502e-05, 4.03391022701e-05, 3.3900825656e-05, 3.18881793646e-05, 2.77113158518e-05, 2.25271942327e-05, 3.09573988488e-05, 2.40191839112e-05, 2.08964975172e-05, 9.88525607681e-06, 9.85184851743e-06, 1.54748668137e-05, 1.28469964693e-05, 9.75609964371e-06, 4.426430678e-06, 5.13462691742e-06, 5.66153175896e-06, 5.6718936321e-06, 4.96941538586e-06, 3.32670720127e-06, 2.04610137189e-06, 1.49590357523e-06, 1.41766645356e-06, 9.96854282675e-07, 9.41177574987e-07, 8.70364260663e-07], "dvar": [2.01486130891e-07, 1.43782040141e-06, 7.86159262134e-08, 7.60214788897e-08, 2.89096135475e-07, 1.46104568444e-07, 1.16430037167e-07, 2.42695268327e-08, 3.09546841493e-08, 2.43560869251e-08, 8.07761058041e-09, 1.18854064368e-08, 5.86729731467e-09, 6.2346869889e-09, 6.53540555007e-09, 1.2168074548e-08, 7.47028128245e-09, 5.15011144842e-09, 3.74036668305e-09, 2.32931895994e-09, 5.24565457738e-09, 3.57559537534e-09, 1.69861624766e-09, 2.42509345938e-10, 4.06951666809e-10, 1.42094935818e-09, 6.90683787941e-10, 7.55330131774e-10, 8.1468165547e-11, 6.62724666811e-11, 8.50177775402e-11, 9.35036423289e-11, 7.53669765485e-11, 2.56318698905e-11, 9.44871698244e-12, 5.69613019946e-12, 5.32508585838e-12, 3.26697349728e-12, 3.37808687273e-12, 3.16521028138e-12], "dvar2": [5.23390610851e-07, 4.35048332292e-06, 2.12081090467e-07, 1.93934639015e-07, 6.67711617552e-07, 3.65630938859e-07, 2.80409153675e-07, 5.85172159617e-08, 7.46467208046e-08, 5.38218145607e-08, 1.98924805517e-08, 3.04756149205e-08, 1.36130546835e-08, 1.60910769154e-08, 1.49627741308e-08, 2.78369380879e-08, 1.69476965795e-08, 1.15312772664e-08, 7.86818699083e-09, 5.16465181732e-09, 1.28267050314e-08, 8.80466011211e-09, 4.20322576744e-09, 4.80893436183e-10, 8.40860270301e-10, 3.60278873401e-09, 1.48056322757e-09, 1.73908354384e-09, 1.8805240698e-10, 1.35999198014e-10, 1.72130448783e-10, 1.69693981089e-10, 1.41143874366e-10, 4.85377051052e-11, 1.79323951521e-11, 1.07547217659e-11, 9.91476865886e-12, 6.36035234897e-12, 6.69962869904e-12, 6.19184955045e-12], "max": [0.0100992973894, 0.0207424480468, 0.00526928575709, 0.00557219097391, 0.0167141687125, 0.00939822383225, 0.00883170869201, 0.00394145399332, 0.00576193444431, 0.00723202666268, 0.00363001134247, 0.00448561599478, 0.00421543465927, 0.00265951012261, 0.00377390999347, 0.00450790859759, 0.00370497838594, 0.00250363396481, 0.00293189869262, 0.00135950814001, 0.00325529719703, 0.00249936268665, 0.00144551438279, 0.00103316747118, 0.00133366126101, 0.00285430508666, 0.00116487417836, 0.00143366120756, 0.000770208542235, 0.000316683523124, 0.000288339448161, 0.000339328922564, 0.000341816921718, 0.000135473615956, 8.60410582391e-05, 7.22737313481e-05, 5.37930391147e-05, 4.76680288557e-05, 7.60008697398e-05, 5.84743829677e-05], "mean": [0.000436463771621, 0.00162509758957, 0.00054275902221, 0.000396273098886, 0.000418253999669, 0.000302304601064, 0.000214679675992, 9.45420615608e-05, 9.40728350542e-05, 6.56758638797e-05, 5.06103751832e-05, 4.50440238637e-05, 2.84906309389e-05, 3.3269800042e-05, 3.23568674503e-05, 4.66730234621e-05, 4.022135181e-05, 3.65798186976e-05, 3.45773150912e-05, 2.79175874311e-05, 3.55929369107e-05, 2.95172976621e-05, 2.53853504546e-05, 1.39226258398e-05, 1.44628820635e-05, 2.20367783186e-05, 1.84392938536e-05, 1.28761121232e-05, 6.26537757853e-06, 7.66688845033e-06, 9.15334112506e-06, 1.01050809462e-05, 8.74702891451e-06, 5.64018955629e-06, 3.44366640093e-06, 2.29336978919e-06, 2.01562647817e-06, 1.42707790474e-06, 1.25507983739e-06, 1.09289192096e-06], "median": [0.000173479333171, 0.000957404728979, 0.000363742292393, 0.000215348627535, 0.000185128214071, 0.000137432405609, 6.78400538163e-05, 3.54602270818e-05, 2.95548852591e-05, 1.94306012418e-05, 1.77850961336e-05, 1.60951676662e-05, 9.79196011031e-06, 1.20508120744e-05, 6.87266719979e-06, 8.09483935882e-06, 9.76682167675e-06, 1.01377991086e-05, 7.57390171202e-06, 6.59955730953e-06, 6.8547014962e-06, 7.54553639126e-06, 8.19648084871e-06, 6.98766416463e-06, 6.38794699626e-06, 7.75973057898e-06, 6.36041386315e-06, 4.14129499404e-06, 2.54971473623e-06, 2.68505027634e-06, 2.89619651994e-06, 3.1328163459e-06, 2.60864612756e-06, 1.82821031558e-06, 1.05915000859e-06, 6.50453102935e-07, 5.55346673536e-07, 3.27733403083e-07, 2.67916249186e-07, 2.1945064077e-07], "min": [3.67940648453e-18, 3.35505966056e-18, 2.80544012294e-18, 2.17385753316e-18, 1.56039764342e-18, 1.14340783162e-18, 1.00523175639e-18, 1.24041543796e-18, 1.83789605942e-18, 2.52824755697e-18, 2.68536679201e-18, 2.00609227684e-18, 1.32742346467e-18, 1.77265032745e-18, 2.35790232432e-18, 1.35531816627e-18, 6.03947881378e-19, 1.6485246387e-18, 1.42236508403e-18, 7.83401975236e-19, 1.15853748202e-18, 1.51201067952e-18, 1.18024952553e-18, 3.59249580664e-19, 6.84601971909e-19, 1.65378829913e-18, 8.58733882308e-19, 1.41107034635e-18, 2.3417243259e-18, 1.76837504445e-18, 1.2129242971e-18, 8.88747975738e-19, 8.94368151012e-19, 1.11406938966e-18, 1.15488982231e-18, 1.24837591398e-18, 1.59079611734e-18, 2.99261103643e-18, 8.48297654712e-19, 9.57346891118e-19], "var": [4.44456759396e-07, 3.62654736819e-06, 3.08818016492e-07, 2.69758771765e-07, 6.84761289449e-07, 3.01348450193e-07, 2.35668935034e-07, 4.13732870186e-08, 6.60775896222e-08, 4.92728418067e-08, 1.66460996098e-08, 2.14851496594e-08, 1.33463453622e-08, 1.23889405401e-08, 1.50491743511e-08, 3.82509135477e-08, 2.15463096254e-08, 1.17658389698e-08, 1.12497211546e-08, 6.36801544829e-09, 1.17762679608e-08, 8.82333495156e-09, 3.96096355715e-09, 8.57840576352e-10, 1.34249433792e-09, 3.80983866677e-09, 1.87247994887e-09, 1.54238277705e-09, 1.9979649879e-10, 2.05959249655e-10, 2.89300583489e-10, 3.75151881782e-10, 2.93501251081e-10, 9.5816049539e-11, 3.56287117864e-11, 1.70046459552e-11, 1.44364494317e-11, 9.39513657844e-12, 7.65989702223e-12, 6.32140693957e-12]}, "melbands_crest": {"dmean": 3.10448765755, "dmean2": 5.28592061996, "dvar": 8.54452133179, "dvar2": 24.7473621368, "max": 31.5198287964, "mean": 15.158952713, "median": 14.3948993683, "min": 2.33157444, "var": 30.5866928101}, "melbands_flatness_db": {"dmean": 0.0195827968419, "dmean2": 0.0306672602892, "dvar": 0.000340084196068, "dvar2": 0.000828382151667, "max": 0.412067353725, "mean": 0.166633456945, "median": 0.159458234906, "min": 0.00824582390487, "var": 0.00381311890669}, "melbands_kurtosis": {"dmean": 5.70387554169, "dmean2": 9.11765575409, "dvar": 72.564239502, "dvar2": 179.595169067, "max": 216.331100464, "mean": 15.1581010818, "median": 9.86275863647, "min": -1.76964867115, "var": 324.931427002}, "melbands_skewness": {"dmean": 0.602364122868, "dmean2": 0.954597175121, "dvar": 0.360278844833, "dvar2": 0.906018018723, "max": 12.2177991867, "mean": 2.97375512123, "median": 2.85762786865, "min": -1.58136308193, "var": 2.70367503166}, "melbands_spread": {"dmean": 7.82884597778, "dmean2": 12.2477340698, "dvar": 95.3322601318, "dvar2": 216.054214478, "max": 170.599472046, "mean": 33.6259155273, "median": 26.318397522, "min": 1.08608603477, "var": 667.546264648}, "mfcc": {"cov": [[3980.51000977, -976.383239746, 11.1761608124, 41.298828125, 168.057250977, 109.09954071, -167.752822876, -85.6523208618, 40.9313697815, 35.1439094543, 71.1193008423, 29.0786457062, 71.8103408813], [-976.383239746, 1101.39245605, 199.970748901, 133.262466431, 24.4487514496, -10.2248220444, -75.4728012085, -105.511726379, -98.4896087646, -79.6437149048, -4.66841077805, 3.36817502975, -0.329978853464], [11.1761608124, 199.970748901, 603.780334473, 152.656951904, 99.8405532837, 37.5918502808, -35.4788475037, -89.8577270508, -44.1279182434, -46.3484306335, -21.8936710358, 8.66174125671, -20.5151119232], [41.298828125, 133.262466431, 152.656951904, 248.474105835, 75.5270309448, 56.5237884521, -67.2926635742, -38.1052284241, 10.207195282, -2.39152240753, -17.6041488647, -0.553550124168, 33.6579170227], [168.057250977, 24.4487514496, 99.8405532837, 75.5270309448, 202.666870117, 53.1033210754, -4.17897462845, -18.5229988098, 14.433423996, 10.5006923676, 2.04142332077, -2.302921772, 11.7948408127], [109.09954071, -10.2248220444, 37.5918502808, 56.5237884521, 53.1033210754, 125.513427734, 17.239812851, 16.7791671753, 9.75223922729, 7.6316075325, 17.0400848389, 1.17411410809, 1.60545957088], [-167.752822876, -75.4728012085, -35.4788475037, -67.2926635742, -4.17897462845, 17.239812851, 234.486679077, 88.5003662109, -4.89289808273, 16.9024047852, 25.6461811066, -11.2332525253, -34.9374198914], [-85.6523208618, -105.511726379, -89.8577270508, -38.1052284241, -18.5229988098, 16.7791671753, 88.5003662109, 146.833770752, 44.0235214233, 24.583404541, 18.4837589264, 1.22395884991, -6.75207185745], [40.9313697815, -98.4896087646, -44.1279182434, 10.207195282, 14.433423996, 9.75223922729, -4.89289808273, 44.0235214233, 119.656219482, 36.8970298767, -0.885723531246, 4.29905319214, 15.4827795029], [35.1439094543, -79.6437149048, -46.3484306335, -2.39152240753, 10.5006923676, 7.6316075325, 16.9024047852, 24.583404541, 36.8970298767, 96.1079101563, 15.4877243042, -1.16444075108, 12.6882944107], [71.1193008423, -4.66841077805, -21.8936710358, -17.6041488647, 2.04142332077, 17.0400848389, 25.6461811066, 18.4837589264, -0.885723531246, 15.4877243042, 87.0381393433, 13.1566133499, -2.78409600258], [29.0786457062, 3.36817502975, 8.66174125671, -0.553550124168, -2.302921772, 1.17411410809, -11.2332525253, 1.22395884991, 4.29905319214, -1.16444075108, 13.1566133499, 79.9447479248, 19.419921875], [71.8103408813, -0.329978853464, -20.5151119232, 33.6579170227, 11.7948408127, 1.60545957088, -34.9374198914, -6.75207185745, 15.4827795029, 12.6882944107, -2.78409600258, 19.419921875, 89.0142593384]], "icov": [[0.000409876054619, 0.000451603642432, -2.19895082409e-05, -3.6257210013e-05, -0.000281190645183, -0.000219961744733, 0.000334232143359, 0.000307148729917, 0.000148607447045, 0.000166862140759, -0.000470010039862, -1.15064367492e-05, -0.000186457851669], [0.000451603642432, 0.00162828562316, -0.000146291014971, -0.000636593729723, -0.000290865340503, 6.13557858742e-05, 0.000430933985626, 0.000609959999565, 0.000796517415438, 0.00074215233326, -0.000832693243865, -3.53372197424e-05, -0.000161118572578], [-2.19895082409e-05, -0.000146291014971, 0.00238909502514, -0.00124455802143, -0.000708100502379, -3.73831935576e-05, -0.000389236520277, 0.00100208166987, 0.00028295814991, 0.000590308278333, 0.000317823025398, -0.000663868559059, 0.00107755640056], [-3.6257210013e-05, -0.000636593729723, -0.00124455802143, 0.00671525578946, -0.000908751797397, -0.00250000599772, 0.00132877985016, -5.42816778761e-05, -0.000766456592828, -0.000466040335596, 0.00106332683936, 0.000777526758611, -0.0020528093446], [-0.000281190645183, -0.000290865340503, -0.000708100502379, -0.000908751797397, 0.00657656183466, -0.00184113695286, -0.000767694727983, 0.000850765383802, -0.00104838598054, -0.000710188585799, 0.00014140510757, 0.000417969684349, -0.00047199591063], [-0.000219961744733, 6.13557858742e-05, -3.73831935576e-05, -0.00250000599772, -0.00184113695286, 0.010615346022, -0.000831665820442, -0.00148023129441, 6.33707968518e-05, 0.000108316417027, -0.00178839999717, -0.000109134467493, 0.000669568777084], [0.000334232143359, 0.000430933985626, -0.000389236520277, 0.00132877985016, -0.000767694727983, -0.000831665820442, 0.00686031254008, -0.00377449975349, 0.00183562468737, -0.000707380881067, -0.00103564257734, 0.00067783810664, 0.00126413046382], [0.000307148729917, 0.000609959999565, 0.00100208166987, -5.42816778761e-05, 0.000850765383802, -0.00148023129441, -0.00377449975349, 0.0118240695447, -0.0037545482628, 0.000141960685141, -0.00108610012103, -0.000541516230442, 5.23414491909e-05], [0.000148607447045, 0.000796517415438, 0.00028295814991, -0.000766456592828, -0.00104838598054, 6.33707968518e-05, 0.00183562468737, -0.0037545482628, 0.0117758987471, -0.00310356984846, 0.00083174998872, -0.000494191248436, -0.000660494784825], [0.000166862140759, 0.00074215233326, 0.000590308278333, -0.000466040335596, -0.000710188585799, 0.000108316417027, -0.000707380881067, 0.000141960685141, -0.00310356984846, 0.0131938913837, -0.00242980127223, 0.00086481438484, -0.00159985304344], [-0.000470010039862, -0.000832693243865, 0.000317823025398, 0.00106332683936, 0.00014140510757, -0.00178839999717, -0.00103564257734, -0.00108610012103, 0.00083174998872, -0.00242980127223, 0.0138424001634, -0.00245821638964, 0.000742847798392], [-1.15064367492e-05, -3.53372197424e-05, -0.000663868559059, 0.000777526758611, 0.000417969684349, -0.000109134467493, 0.00067783810664, -0.000541516230442, -0.000494191248436, 0.00086481438484, -0.00245821638964, 0.0139861702919, -0.00343180494383], [-0.000186457851669, -0.000161118572578, 0.00107755640056, -0.0020528093446, -0.00047199591063, 0.000669568777084, 0.00126413046382, 5.23414491909e-05, -0.000660494784825, -0.00159985304344, 0.000742847798392, -0.00343180494383, 0.0140739940107]], "mean": [-643.685852051, 93.4083251953, 4.78047847748, 35.5039978027, 1.83565354347, 9.72181129456, -4.78409814835, 3.50154995918, -2.87553811073, -0.54876023531, 0.899347484112, -5.17996025085, -0.95560926199]}, "pitch_salience": {"dmean": 0.0599751807749, "dmean2": 0.0990702062845, "dvar": 0.00288846553303, "dvar2": 0.0078251818195, "max": 0.965339243412, "mean": 0.545816838741, "median": 0.550868988037, "min": 0.0899502784014, "var": 0.0119260782376}, "silence_rate_20dB": {"dmean": 0, "dmean2": 0, "dvar": 0, "dvar2": 0, "max": 1, "mean": 1, "median": 1, "min": 1, "var": 0}, "silence_rate_30dB": {"dmean": 0, "dmean2": 0, "dvar": 0, "dvar2": 0, "max": 1, "mean": 1, "median": 1, "min": 1, "var": 0}, "silence_rate_60dB": {"dmean": 0.0188692137599, "dmean2": 0.037741009146, "dvar": 0.0185114722699, "dvar2": 0.0439759381115, "max": 1, "mean": 0.0806672126055, "median": 0, "min": 0, "var": 0.074164763093}, "spectral_centroid": {"dmean": 229.795120239, "dmean2": 342.631500244, "dvar": 56097.796875, "dvar2": 109333.453125, "max": 4954.53369141, "mean": 1806.17675781, "median": 1792.75854492, "min": 233.647506714, "var": 670893.9375}, "spectral_complexity": {"dmean": 2.6712243557, "dmean2": 4.0944890976, "dvar": 6.82092237473, "dvar2": 13.8474035263, "max": 53, "mean": 17.376947403, "median": 16, "min": 0, "var": 96.6122283936}, "spectral_contrast_coeffs": {"dmean": [0.0442041456699, 0.0439202226698, 0.0338783599436, 0.027486031875, 0.0202191993594, 0.0180692952126], "dmean2": [0.073291040957, 0.0717078968883, 0.0552341453731, 0.0437838621438, 0.0318718478084, 0.0259245596826], "dvar": [0.00128249370027, 0.00135520403273, 0.000750760606024, 0.000501848873682, 0.000285685382551, 0.000260108732618], "dvar2": [0.003515656339, 0.00350151932798, 0.00197091861628, 0.00119482027367, 0.000661879661493, 0.000509330595378], "max": [-0.36115565896, -0.414974838495, -0.495207190514, -0.545059800148, -0.537222981453, -0.535304427147], "mean": [-0.626266360283, -0.714438557625, -0.782114744186, -0.777918219566, -0.770206868649, -0.728555798531], "median": [-0.625367999077, -0.718868076801, -0.789105713367, -0.786981225014, -0.778219819069, -0.731469631195], "min": [-0.927468717098, -0.988719582558, -0.980359315872, -0.97841244936, -0.961906433105, -0.937112867832], "var": [0.00466525647789, 0.00493510719389, 0.00295874080621, 0.0032512601465, 0.00234470935538, 0.00194602122065]}, "spectral_contrast_valleys": {"dmean": [0.399590373039, 0.295203894377, 0.256675302982, 0.213438287377, 0.170452639461, 0.237862348557], "dmean2": [0.664362132549, 0.480542331934, 0.422580957413, 0.344642668962, 0.256167650223, 0.303450703621], "dvar": [0.116319671273, 0.0665469393134, 0.0502523928881, 0.0402877479792, 0.0341223217547, 0.0767370387912], "dvar2": [0.294891297817, 0.152441650629, 0.108506985009, 0.0787031501532, 0.0519137680531, 0.120932497084], "max": [-5.60644626617, -5.129155159, -5.81334686279, -5.46386575699, -5.45993614197, -7.68640518188], "mean": [-7.64058685303, -7.12882900238, -7.64224338531, -7.91627025604, -7.50583171844, -10.0026760101], "median": [-7.45601177216, -7.04320001602, -7.60586738586, -7.8773226738, -7.41461086273, -9.99300575256], "min": [-23.3962421417, -21.3262176514, -21.6722221375, -21.6800785065, -21.3024921417, -22.8307228088], "var": [0.958948016167, 0.517362117767, 0.327721625566, 0.43070435524, 0.500367224216, 0.776117265224]}, "spectral_decrease": {"dmean": 1.04846042959e-09, "dmean2": 1.6858732188e-09, "dvar": 1.80469323643e-18, "dvar2": 4.69577571088e-18, "max": -1.03178076022e-24, "mean": -4.15872491999e-09, "median": -3.21679882731e-09, "min": -2.31720136412e-08, "var": 1.13019250464e-17}, "spectral_energy": {"dmean": 0.0042700888589, "dmean2": 0.00668993173167, "dvar": 2.91689320875e-05, "dvar2": 7.23799676052e-05, "max": 0.0934303998947, "mean": 0.0177664216608, "median": 0.0136628523469, "min": 1.47242087738e-15, "var": 0.000208211378776}, "spectral_energyband_high": {"dmean": 0.000556963146664, "dmean2": 0.000695588765666, "dvar": 1.28228498397e-06, "dvar2": 2.16418516175e-06, "max": 0.041993778199, "mean": 0.00159759772941, "median": 0.000588809489273, "min": 1.09373531655e-15, "var": 5.71517284698e-06}, "spectral_energyband_low": {"dmean": 0.00253918278031, "dmean2": 0.00439185323194, "dvar": 1.53807031893e-05, "dvar2": 4.54138935311e-05, "max": 0.0651922300458, "mean": 0.00591328833252, "median": 0.0037066009827, "min": 2.39792645088e-17, "var": 4.23667297582e-05}, "spectral_energyband_middle_high": {"dmean": 0.00120739394333, "dmean2": 0.0017174477689, "dvar": 5.63604908166e-06, "dvar2": 1.24118714666e-05, "max": 0.0719223693013, "mean": 0.00419967388734, "median": 0.00177719420753, "min": 1.8475900868e-16, "var": 3.86509746022e-05}, "spectral_energyband_middle_low": {"dmean": 0.0021481520962, "dmean2": 0.00335520412773, "dvar": 1.16580940812e-05, "dvar2": 2.8225917049e-05, "max": 0.0709049925208, "mean": 0.00643564155325, "median": 0.00446975324303, "min": 5.74151489478e-17, "var": 4.2120784201e-05}, "spectral_entropy": {"dmean": 0.117653623223, "dmean2": 0.168624043465, "dvar": 0.0144535796717, "dvar2": 0.0282663963735, "max": 8.90406131744, "mean": 7.75069999695, "median": 7.78523492813, "min": 6.33016347885, "var": 0.119123861194}, "spectral_flux": {"dmean": 0.0126343453303, "dmean2": 0.0197634156793, "dvar": 0.000189881480765, "dvar2": 0.000438216637122, "max": 0.20174844563, "mean": 0.0586021617055, "median": 0.0513453893363, "min": 6.43373423372e-05, "var": 0.00116209778935}, "spectral_kurtosis": {"dmean": 0.757355570793, "dmean2": 1.26647794247, "dvar": 0.572822391987, "dvar2": 1.58431565762, "max": 15.3979816437, "mean": 2.9602560997, "median": 2.70260381699, "min": -0.470999717712, "var": 2.16112136841}, "spectral_rms": {"dmean": 0.000464564218419, "dmean2": 0.000721859862097, "dvar": 2.30388764066e-07, "dvar2": 5.60690978091e-07, "max": 0.0095473350957, "mean": 0.0038266023621, "median": 0.00365097401664, "min": 1.19854415281e-09, "var": 2.69023826149e-06}, "spectral_rolloff": {"dmean": 644.819458008, "dmean2": 1052.83581543, "dvar": 1257472.125, "dvar2": 2866709.25, "max": 18949.21875, "mean": 2306.98461914, "median": 1830.32226563, "min": 107.666015625, "var": 3963747}, "spectral_skewness": {"dmean": 0.131199374795, "dmean2": 0.200765565038, "dvar": 0.0137768052518, "dvar2": 0.0313257016242, "max": 3.16022586823, "mean": 1.22560679913, "median": 1.20481395721, "min": -0.0456722453237, "var": 0.105807378888}, "spectral_spread": {"dmean": 470528.90625, "dmean2": 639957.5, "dvar": 329729081344, "dvar2": 586115907584, "max": 10701877, "mean": 5062283.5, "median": 4868