{"lowlevel": {"average_loudness": 0.844278216362, "barkbands": {"dmean": [1.74850665644e-05, 0.000370483088773, 0.000731093750801, 0.000964778941125, 0.00244472478516, 0.00100939976983, 0.00160021497868, 0.0017592641525, 0.000770366983488, 0.000427369435783, 0.00032843943336, 0.000258274463704, 0.000202679264476, 0.000445528392447, 0.000210542872082, 0.000140698088217, 0.000118959716929, 7.94046718511e-05, 6.05587592872e-05, 2.70920136245e-05, 1.21273542391e-05, 1.39682488225e-05, 1.44459290823e-05, 1.34121955853e-05, 7.79926358518e-06, 1.97781037059e-06, 5.05053037614e-07], "dmean2": [2.75235597655e-05, 0.00061476835981, 0.00120299530681, 0.00156188535038, 0.003811635077, 0.00154357252177, 0.00240804511122, 0.00275543611497, 0.0011399500072, 0.000675380928442, 0.000522110669408, 0.000415723450715, 0.00032100325916, 0.000712025444955, 0.000340239726938, 0.00022376702691, 0.000190534105059, 0.000125218633912, 9.52900663833e-05, 4.10838183598e-05, 1.71873598447e-05, 1.92499246623e-05, 2.08026285691e-05, 1.9420258468e-05, 1.15106140584e-05, 2.93921084449e-06, 7.84160476996e-07], "dvar": [3.37639716186e-09, 5.9784269979e-07, 2.07485413739e-06, 3.03397291646e-06, 1.20637114378e-05, 3.27744669448e-06, 6.91542572895e-06, 1.52579195856e-05, 1.75817172021e-06, 8.89111618108e-07, 7.43739860809e-07, 5.88980299199e-07, 2.81762282839e-07, 1.55328223173e-06, 5.33373338385e-07, 2.43419322032e-07, 1.14993163436e-07, 3.95481869475e-08, 2.0154958591e-08, 7.21820470062e-09, 1.93301263884e-09, 6.46728670617e-09, 5.65643221151e-09, 2.69750088933e-09, 5.28621535434e-10, 3.19047878394e-11, 4.65961123852e-12], "dvar2": [7.30242399882e-09, 1.57562772074e-06, 5.52685878574e-06, 7.51008747102e-06, 2.77940998785e-05, 6.99009069649e-06, 1.48173858179e-05, 3.76351417799e-05, 3.8783095988e-06, 2.20353763325e-06, 1.85731164493e-06, 1.40338374877e-06, 6.82702079757e-07, 3.67711368199e-06, 1.26930171973e-06, 5.66108383282e-07, 2.91377546091e-07, 9.7371071206e-08, 4.71480809949e-08, 1.57800847944e-08, 3.27453619775e-09, 1.24021202197e-08, 1.17920491149e-08, 5.50170531355e-09, 1.16092646607e-09, 6.78299430512e-11, 1.09238208756e-11], "max": [0.00125029229093, 0.0122796483338, 0.0222607403994, 0.0369998589158, 0.0597691647708, 0.0507053099573, 0.0430776961148, 0.068923458457, 0.0303405821323, 0.0237446539104, 0.0266841910779, 0.0314832739532, 0.0198790896684, 0.0363021120429, 0.0307852793485, 0.0240996293724, 0.0114054977894, 0.00958030018955, 0.00517123285681, 0.00526231713593, 0.00231360131875, 0.00375762186013, 0.0037015338894, 0.00200551003218, 0.000721595366485, 0.000198192734388, 0.000112573245133], "mean": [1.67631806107e-05, 0.000682361715008, 0.00134346494451, 0.00157585612033, 0.00514345848933, 0.00204160483554, 0.00335882650688, 0.00375301530585, 0.00149758392945, 0.000806265452411, 0.000626814609859, 0.000475198961794, 0.000394761562347, 0.000868199567776, 0.000427812570706, 0.000302252650727, 0.000269554439001, 0.000195009735762, 0.000146408085129, 5.65961054235e-05, 2.49053446169e-05, 2.65483158728e-05, 2.45749397436e-05, 2.05493688554e-05, 1.11349863801e-05, 2.75635352409e-06, 5.16148986662e-07], "median": [1.5912193021e-06, 0.000417616101913, 0.000653780298308, 0.000706056482159, 0.00303693441674, 0.00108917476609, 0.00149595574476, 0.000890988740139, 0.000696712755598, 0.00029507430736, 0.000201239003218, 0.000161165735335, 0.000104608188849, 0.000151942571392, 9.9800832686e-05, 8.27320327517e-05, 8.220532618e-05, 6.11298455624e-05, 4.81437891722e-05, 2.49618060479e-05, 1.00029010355e-05, 7.96383574198e-06, 6.69033124723e-06, 4.40096619059e-06, 2.55096028923e-06, 5.65148468468e-07, 5.8841152395e-08], "min": [9.70672636276e-25, 1.7586825578e-24, 5.96162745763e-25, 6.44366584414e-25, 1.12050118522e-23, 1.41981205206e-23, 8.98347304687e-24, 9.98263716968e-24, 2.26746455173e-23, 1.34619081922e-23, 8.45428621899e-24, 2.12322922382e-23, 2.90949666993e-23, 3.15151730239e-23, 4.07222999703e-23, 6.05090834858e-23, 4.6746685553e-23, 9.08948569734e-23, 1.37761379964e-22, 1.65835323994e-22, 2.14790618133e-22, 2.82095877157e-22, 3.89647027273e-22, 5.76207481674e-22, 8.99759854801e-22, 1.25670505083e-21, 1.98425846329e-21], "var": [3.63263596981e-09, 8.28221118354e-07, 3.45696457771e-06, 5.43044006918e-06, 3.65141750081e-05, 1.05274675661e-05, 2.3449123546e-05, 5.71995115024e-05, 5.39381517228e-06, 2.62251319327e-06, 2.73019895758e-06, 1.47286823449e-06, 8.78033347362e-07, 5.18953902429e-06, 1.76185801593e-06, 9.19154899748e-07, 3.60814368605e-07, 1.85437997402e-07, 7.9734711278e-08, 1.91440125974e-08, 5.29637489421e-09, 1.5250330776e-08, 1.26881660734e-08, 5.24129717405e-09, 7.74145636484e-10, 5.14870680812e-11, 4.93938267024e-12]}, "barkbands_crest": {"dmean": 2.39993476868, "dmean2": 3.82628107071, "dvar": 4.60222148895, "dvar2": 10.8793516159, "max": 25.0555934906, "mean": 10.3321313858, "median": 9.47927761078, "min": 2.77649998665, "var": 16.0655574799}, "barkbands_flatness_db": {"dmean": 0.0189013816416, "dmean2": 0.027203425765, "dvar": 0.000303798879031, "dvar2": 0.000584291643463, "max": 0.373274862766, "mean": 0.175852298737, "median": 0.173013061285, "min": 0.0288352351636, "var": 0.00221829628572}, "barkbands_kurtosis": {"dmean": 2.65299201012, "dmean2": 4.15555667877, "dvar": 14.6328220367, "dvar2": 34.5037307739, "max": 78.4648666382, "mean": 5.43531131744, "median": 3.49661159515, "min": -1.88605678082, "var": 46.4633102417}, "barkbands_skewness": {"dmean": 0.442117035389, "dmean2": 0.683222174644, "dvar": 0.196708932519, "dvar2": 0.445136040449, "max": 7.54162025452, "mean": 1.5946611166, "median": 1.52419614792, "min": -2.32365679741, "var": 1.10113155842}, "barkbands_spread": {"dmean": 2.63233423233, "dmean2": 4.01130390167, "dvar": 14.1358671188, "dvar2": 27.1821060181, "max": 89.8530273438, "mean": 11.4730892181, "median": 9.41832733154, "min": 0.978775024414, "var": 71.1903991699}, "dissonance": {"dmean": 0.025500876829, "dmean2": 0.0424025580287, "dvar": 0.000538555555977, "dvar2": 0.00143673783168, "max": 0.499999940395, "mean": 0.437963753939, "median": 0.444359362125, "min": 0.220216274261, "var": 0.00153891311493}, "dynamic_complexity": 3.12775635719, "erbbands": {"dmean": [0.00532470783219, 0.109107069671, 0.716718256474, 1.9513862133, 6.91204023361, 8.64513874054, 6.28347349167, 9.60348892212, 21.6713161469, 29.9705886841, 30.8587551117, 14.8887958527, 13.9482116699, 8.03733348846, 13.3588418961, 9.63332939148, 9.32245254517, 21.2679233551, 12.1209459305, 8.65220832825, 6.25282669067, 5.93679952621, 4.22095680237, 3.72979784012, 2.29047513008, 1.19531548023, 0.610034823418, 0.452702760696, 0.489205598831, 0.46621543169, 0.41324454546, 0.340681254864, 0.201159492135, 0.114109128714, 0.0387020036578, 0.0128340246156, 0.00266254320741, 0.000557756167836, 9.37195145525e-05, 1.00478318927e-05], "dmean2": [0.00865957327187, 0.181513667107, 1.16946470737, 3.18970131874, 11.0827465057, 13.0602893829, 9.7036151886, 14.6774902344, 33.5201568604, 46.2825164795, 48.1848106384, 22.3956489563, 21.8634719849, 12.4937820435, 21.3164539337, 15.2856645584, 14.7454156876, 33.7314872742, 19.2767715454, 13.421582222, 9.91788196564, 9.43583488464, 6.70798301697, 6.00052690506, 3.51472401619, 1.79210114479, 0.890070259571, 0.632559716702, 0.671796619892, 0.667981982231, 0.595445036888, 0.489422142506, 0.292738139629, 0.167711228132, 0.057437248528, 0.0192483775318, 0.00397157203406, 0.00083172012819, 0.000145935206092, 1.54870958795e-05], "dvar": [0.000207562363357, 0.0478554666042, 1.92834091187, 12.3405103683, 126.503295898, 169.619018555, 93.9326477051, 417.455291748, 1387.2869873, 3837.42895508, 5042.93603516, 770.039611816, 1009.65246582, 372.202728271, 1157.10681152, 969.386657715, 567.242675781, 4295.65917969, 1048.47814941, 951.13848877, 319.870635986, 262.892272949, 120.44631958, 82.1979904175, 33.7036399841, 15.8331718445, 3.58019256592, 4.32615089417, 8.18214035034, 6.81421995163, 5.4522356987, 2.31610941887, 0.53167963028, 0.136321857572, 0.00963405612856, 0.00130851799622, 5.90901399846e-05, 3.07702885038e-06, 1.77652324851e-07, 6.09884698299e-10], "dvar2": [0.000509531761054, 0.125897929072, 4.930768013, 31.2041873932, 323.437652588, 364.058105469, 207.812454224, 884.526062012, 3144.83398438, 9069.76074219, 12152.0390625, 1736.0612793, 2533.62329102, 859.99230957, 2812.53955078, 2379.04541016, 1373.43469238, 9878.04492188, 2697.02539063, 1971.77990723, 747.771057129, 644.696716309, 292.882720947, 211.840377808, 69.4538955688, 36.1767692566, 7.47058439255, 7.55076122284, 15.67619133, 15.1124095917, 11.1473751068, 4.68873357773, 1.1364736557, 0.304005533457, 0.021310871467, 0.00285075092688, 0.000123478836031, 6.23730647931e-06, 4.24618349371e-07, 1.49842660502e-09], "max": [0.224720999599, 3.59241652489, 20.5332221985, 70.7708740234, 169.119308472, 222.159515381, 307.513366699, 647.674377441, 689.704223633, 998.57409668, 1765.1986084, 637.722595215, 929.632019043, 633.031433105, 1048.10900879, 1581.46887207, 1089.20117188, 2141.04296875, 839.746765137, 1734.89550781, 636.102416992, 494.225799561, 588.316101074, 394.406036377, 232.647750854, 215.344055176, 65.90599823, 127.240646362, 154.111022949, 115.873641968, 112.967765808, 61.2739982605, 23.2907581329, 12.2335033417, 2.22145724297, 1.35180711746, 0.211251839995, 0.050337318331, 0.0229429099709, 0.00140613620169], "mean": [0.00870233587921, 0.208470821381, 1.40613877773, 3.69086170197, 12.7664928436, 17.070066452, 13.1241159439, 19.4279880524, 43.5163383484, 73.2568435669, 65.3618621826, 31.2003536224, 28.8886928558, 17.0636997223, 26.038318634, 19.8581027985, 20.5842723846, 41.7779045105, 26.9578266144, 20.2844810486, 16.2157821655, 14.7042455673, 10.7597064972, 9.72121334076, 5.61274385452, 2.58138179779, 1.28328239918, 0.899797677994, 0.932196676731, 0.835129439831, 0.682595133781, 0.539560437202, 0.285303026438, 0.159697577357, 0.0564163289964, 0.0181670244783, 0.00368499848992, 0.000723924895283, 0.000106402098027, 3.18891979987e-05], "median": [0.0037991059944, 0.132306754589, 0.768683671951, 2.08827066422, 6.58467197418, 9.09194755554, 8.31367301941, 9.14086151123, 24.0379753113, 17.0795955658, 22.7385749817, 15.0236244202, 11.3192825317, 7.57977771759, 8.66906452179, 7.00030231476, 5.91115665436, 7.22398948669, 6.44336223602, 5.64604949951, 4.78182125092, 4.76146316528, 3.76044225693, 2.92339515686, 2.24913024902, 1.17176377773, 0.56669819355, 0.332321226597, 0.284417808056, 0.235643908381, 0.175038665533, 0.125626623631, 0.0574856586754, 0.0357191823423, 0.0124664241448, 0.00365510117263, 0.00077681732364, 0.000132315180963, 2.43736103585e-05, 2.70879681921e-05], "min": [9.74390072294e-23, 4.4334129286e-22, 2.4377384237e-21, 1.57423638315e-21, 1.58997135365e-20, 3.576779375e-20, 2.86728297604e-20, 7.38027926237e-20, 1.42066447824e-19, 2.25305283898e-19, 2.67821695299e-19, 5.15089193147e-19, 4.99560790002e-19, 4.91600210582e-19, 7.73559094633e-19, 1.22102549722e-18, 1.74757889667e-18, 1.75361379963e-18, 2.64857379837e-18, 4.02826329042e-18, 4.13060827966e-18, 4.18644669332e-18, 5.05733387508e-18, 6.34053833216e-18, 5.38988446957e-18, 7.36305971432e-18, 8.01837370228e-18, 1.04879718791e-17, 9.03276844851e-18, 1.06080669235e-17, 1.07107663596e-17, 1.1588691194e-17, 9.01710330207e-18, 8.62881975945e-18, 6.01522804957e-18, 3.47473098171e-18, 2.1862503531e-18, 1.00160343203e-18, 2.37641829704e-19, 2.74341041749e-20], "var": [0.000258424610365, 0.0679404065013, 3.30198454857, 22.4509315491, 303.040374756, 521.029052734, 258.372406006, 1248.85375977, 3574.37548828, 18257.1816406, 16053.1455078, 2548.79833984, 3267.12719727, 1020.5112915, 4247.578125, 2518.78881836, 2109.66845703, 14023.6572266, 3373.71948242, 3853.80908203, 1474.56445313, 927.326171875, 473.617523193, 416.331756592, 124.113761902, 39.1538467407, 9.21367835999, 10.0566072464, 19.6786003113, 13.5310115814, 11.3733587265, 4.86721944809, 0.8327704072, 0.190969362855, 0.0158101785928, 0.0020153997466, 9.95717418846e-05, 4.95494396091e-06, 1.79680213819e-07, 8.92197704605e-10]}, "erbbands_crest": {"dmean": 2.59328365326, "dmean2": 4.14967727661, "dvar": 5.57885408401, "dvar2": 13.2611589432, "max": 31.7781925201, "mean": 10.2239379883, "median": 9.35055923462, "min": 2.61208772659, "var": 18.1154632568}, "erbbands_flatness_db": {"dmean": 0.0181539691985, "dmean2": 0.0246685147285, "dvar": 0.00031918901368, "dvar2": 0.000551130448002, "max": 0.338981628418, "mean": 0.203706115484, "median": 0.209563940763, "min": 0.0261310618371, "var": 0.00193614279851}, "erbbands_kurtosis": {"dmean": 1.06164252758, "dmean2": 1.69146215916, "dvar": 2.27284574509, "dvar2": 5.44479465485, "max": 37.6776809692, "mean": 1.21431493759, "median": 0.47607216239, "min": -1.72318148613, "var": 6.69831180573}, "erbbands_skewness": {"dmean": 0.340822339058, "dmean2": 0.528776228428, "dvar": 0.0981987863779, "dvar2": 0.221926882863, "max": 5.37826442719, "mean": 0.767585039139, "median": 0.802842855453, "min": -2.91390442848, "var": 0.641896486282}, "erbbands_spread": {"dmean": 5.02444076538, "dmean2": 7.46921300888, "dvar": 37.2260856628, "dvar2": 73.6107254028, "max": 120.680297852, "mean": 25.6746902466, "median": 23.3197669983, "min": 2.93972539902, "var": 160.544677734}, "gfcc": {"cov": [[19881.1132813, 1026.36682129, -2304.80419922, 286.916290283, -1061.65905762, 160.899307251, -868.576416016, 271.445281982, -286.453063965, -52.0688400269, -199.841659546, -179.472091675, -404.655181885], [1026.36682129, 1163.05529785, -215.475769043, -139.717880249, 101.300682068, -183.95652771, 70.2126846313, -114.238471985, 33.3103637695, -108.112472534, 22.969171524, -55.8280067444, 41.279094696], [-2304.80419922, -215.475769043, 931.407653809, 116.256568909, 50.2785949707, 88.8703460693, 96.0210723877, -46.382938385, -37.1446876526, 17.4828853607, -10.2686548233, 26.5758228302, 74.0487442017], [286.916290283, -139.717880249, 116.256568909, 288.38873291, 4.60816287994, 27.1572399139, -54.3503036499, -14.0208997726, -23.1961078644, 17.7866191864, -16.9000492096, -8.12886714935, 20.7829971313], [-1061.65905762, 101.300682068, 50.2785949707, 4.60816287994, 308.359985352, -3.56152272224, 19.6744842529, -19.9923858643, 48.3378067017, 27.6914672852, 0.44324567914, -10.7131605148, 18.1363105774], [160.899307251, -183.95652771, 88.8703460693, 27.1572399139, -3.56152272224, 176.714523315, 22.4108047485, 41.3229827881, -13.5270090103, 25.7435493469, -4.3544678688, 5.82671833038, -29.6902980804], [-868.576416016, 70.2126846313, 96.0210723877, -54.3503036499, 19.6744842529, 22.4108047485, 189.112030029, 19.0435333252, 13.8889951706, -21.9656448364, 23.4503612518, 14.392124176, 4.60636806488], [271.445281982, -114.238471985, -46.382938385, -14.0208997726, -19.9923858643, 41.3229827881, 19.0435333252, 125.74508667, 33.7016601563, 21.1543560028, 2.73793554306, 6.43311595917, -29.4974708557], [-286.453063965, 33.3103637695, -37.1446876526, -23.1961078644, 48.3378067017, -13.5270090103, 13.8889951706, 33.7016601563, 103.436569214, 26.997127533, 13.4076948166, -6.54875898361, -8.81660461426], [-52.0688400269, -108.112472534, 17.4828853607, 17.7866191864, 27.6914672852, 25.7435493469, -21.9656448364, 21.1543560028, 26.997127533, 96.8990097046, 17.1163921356, -10.7660512924, -17.068529129], [-199.841659546, 22.969171524, -10.2686548233, -16.9000492096, 0.44324567914, -4.3544678688, 23.4503612518, 2.73793554306, 13.4076948166, 17.1163921356, 72.3937454224, 16.8099651337, -11.7239990234], [-179.472091675, -55.8280067444, 26.5758228302, -8.12886714935, -10.7131605148, 5.82671833038, 14.392124176, 6.43311595917, -6.54875898361, -10.7660512924, 16.8099651337, 68.3793716431, 19.1082935333], [-404.655181885, 41.279094696, 74.0487442017, 20.7829971313, 18.1363105774, -29.6902980804, 4.60636806488, -29.4974708557, -8.81660461426, -17.068529129, -11.7239990234, 19.1082935333, 85.7977828979]], "icov": [[0.000320548570016, -0.000791804457549, 0.000544993032236, -0.00059760583099, 0.000985449063592, -0.000876966398209, 0.00118894316256, -0.000931519607548, 0.000848907395266, -0.00057169230422, 0.000900892307982, -0.000497189350426, 0.000878643302713], [-0.000791804457549, 0.00347832031548, -0.00104873790406, 0.00188047473785, -0.00285342219286, 0.00293608242646, -0.00346690835431, 0.00325805437751, -0.00255958177149, 0.00293700257316, -0.0031471895054, 0.00288790976629, -0.00278484029695], [0.000544993032236, -0.00104873790406, 0.00245057162829, -0.00145056413021, 0.00152672734112, -0.00207818346098, 0.000964759383351, -0.000751863408368, 0.00163871829864, -0.00134947022889, 0.00167451356538, -0.000808809592854, 0.000268057454377], [-0.00059760583099, 0.00188047473785, -0.00145056413021, 0.00539401732385, -0.00200044503435, 0.00120841176249, -0.000935060321353, 0.00187171343714, -0.00110538094305, 0.00104402168654, -0.00186986802146, 0.00209677405655, -0.00287160137668], [0.000985449063592, -0.00285342219286, 0.00152672734112, -0.00200044503435, 0.00697871297598, -0.00316149718128, 0.00329437991604, -0.0018951005768, 0.000702747085597, -0.00317906634882, 0.00347029184923, -0.00158801174257, 0.00205752183683], [-0.000876966398209, 0.00293608242646, -0.00207818346098, 0.00120841176249, -0.00316149718128, 0.0106391673908, -0.00455054873601, 0.000787379336543, -0.000457580579678, 0.000366979977116, -0.0013548625866, 0.000737622322049, 0.000493721046951], [0.00118894316256, -0.00346690835431, 0.000964759383351, -0.000935060321353, 0.00329437991604, -0.00455054873601, 0.0118421409279, -0.00519759207964, 0.00244907499291, 0.00031690360629, 0.00076069572242, -0.00199120887555, 0.00283766631037], [-0.000931519607548, 0.00325805437751, -0.000751863408368, 0.00187171343714, -0.0018951005768, 0.000787379336543, -0.00519759207964, 0.014651497826, -0.00668567279354, 0.000862037122715, -0.00111690745689, -2.6109006285e-05, -0.000438405026216], [0.000848907395266, -0.00255958177149, 0.00163871829864, -0.00110538094305, 0.000702747085597, -0.000457580579678, 0.00244907499291, -0.00668567279354, 0.0159127004445, -0.00486955791712, 0.00126971595455, -0.000570161268115, 0.00231868587434], [-0.00057169230422, 0.00293700257316, -0.00134947022889, 0.00104402168654, -0.00317906634882, 0.000366979977116, 0.00031690360629, 0.000862037122715, -0.00486955791712, 0.0169830564409, -0.00709489360452, 0.00520322984084, -0.00136936525814], [0.000900892307982, -0.0031471895054, 0.00167451356538, -0.00186986802146, 0.00347029184923, -0.0013548625866, 0.00076069572242, -0.00111690745689, 0.00126971595455, -0.00709489360452, 0.0213090516627, -0.00857582129538, 0.00668440293521], [-0.000497189350426, 0.00288790976629, -0.000808809592854, 0.00209677405655, -0.00158801174257, 0.000737622322049, -0.00199120887555, -2.6109006285e-05, -0.000570161268115, 0.00520322984084, -0.00857582129538, 0.0214084014297, -0.00781861506402], [0.000878643302713, -0.00278484029695, 0.000268057454377, -0.00287160137668, 0.00205752183683, 0.000493721046951, 0.00283766631037, -0.000438405026216, 0.00231868587434, -0.00136936525814, 0.00668440293521, -0.00781861506402, 0.019656829536]], "mean": [-54.0641059875, 131.965744019, -122.695739746, 11.3841142654, -60.6798706055, -5.68197011948, -45.2964859009, 0.843471586704, -20.6103134155, -6.86043739319, -12.180598259, -10.9520559311, -14.0698204041]}, "hfc": {"dmean": 3.23671483994, "dmean2": 4.75672721863, "dvar": 17.8164520264, "dvar2": 38.8521766663, "max": 94.5493545532, "mean": 14.8092126846, "median": 10.1812839508, "min": 1.07792340842e-16, "var": 180.967254639}, "melbands": {"dmean": [7.14741836418e-05, 0.000290157622658, 0.000447651895229, 0.000582092499826, 0.000246170529863, 0.000225341136684, 0.000311419076752, 0.000354528106982, 0.000247971824137, 8.83495740709e-05, 7.20140669728e-05, 3.56954296876e-05, 4.46616795671e-05, 2.59358585026e-05, 3.15452089126e-05, 1.9880990294e-05, 4.65517987323e-05, 2.2231370167e-05, 1.76709891093e-05, 1.10971532195e-05, 7.58326586947e-06, 7.37952950658e-06, 4.61703666588e-06, 3.79315088139e-06, 3.35718118549e-06, 2.14796477849e-06, 1.4420700154e-06, 7.2501370596e-07, 4.42580102344e-07, 2.79293743688e-07, 2.82558403342e-07, 2.77798790194e-07, 3.07893174067e-07, 2.58421010813e-07, 2.37264103475e-07, 2.52445545357e-07, 2.00914229254e-07, 1.52614873627e-07, 1.22179358186e-07, 9.09932111881e-08], "dmean2": [0.000116865288874, 0.000475093343994, 0.000721307180356, 0.000903790059965, 0.000377791584469, 0.000345081003616, 0.000475998298498, 0.000555123609956, 0.000385773018934, 0.000132129367557, 0.000113051683002, 5.55394180992e-05, 7.08551160642e-05, 4.13814195781e-05, 4.99796151416e-05, 3.14648495987e-05, 7.43221607991e-05, 3.52728638973e-05, 2.85098594759e-05, 1.77008096216e-05, 1.18824045785e-05, 1.18116649901e-05, 7.45501029087e-06, 5.94736820858e-06, 5.45067678104e-06, 3.33892171511e-06, 2.25749158744e-06, 1.11727604235e-06, 6.59784518575e-07, 4.12465539057e-07, 4.09434989024e-07, 3.97148511411e-07, 4.47857047448e-07, 3.82091798201e-07, 3.50277446159e-07, 3.71869617766e-07, 2.96795178656e-07, 2.24224606882e-07, 1.81556231382e-07, 1.3552146072e-07], "dvar": [2.55261642934e-08, 3.06323158838e-07, 5.04045601701e-07, 7.65869344832e-07, 1.44542653402e-07, 1.7873020397e-07, 2.74181132909e-07, 5.50128675059e-07, 2.78908231621e-07, 2.83270811252e-08, 2.6176063983e-08, 6.91755497328e-09, 1.50664263288e-08, 6.04941963189e-09, 7.56423101933e-09, 2.72161093662e-09, 2.11796642446e-08, 3.50005224803e-09, 4.00423427749e-09, 2.11378892168e-09, 5.25609056279e-10, 4.67856919872e-10, 1.11196073183e-10, 1.20808460458e-10, 7.10355246847e-11, 2.73757717884e-11, 2.0082758373e-11, 5.59964921654e-12, 1.62852468056e-12, 9.81225734345e-13, 2.07913157177e-12, 2.28585206319e-12, 4.00515428114e-12, 1.78073322147e-12, 1.79206844676e-12, 2.10427248543e-12, 7.19208546884e-13, 2.96385962648e-13, 2.12141109258e-13, 7.51930391866e-14], "dvar2": [6.49357190241e-08, 7.77636955718e-07, 1.28038061575e-06, 1.75727836904e-06, 3.17524893489e-07, 3.83179155961e-07, 6.07885169757e-07, 1.34535571306e-06, 6.67056895054e-07, 6.3276566209e-08, 6.57208545363e-08, 1.59406550182e-08, 3.61242697977e-08, 1.5912428708e-08, 1.68975411441e-08, 6.59409904458e-09, 4.95318523974e-08, 8.8724458891e-09, 9.14766573601e-09, 4.73481476249e-09, 1.20161114392e-09, 1.17981469039e-09, 2.82702139476e-10, 2.87491697115e-10, 1.87010712471e-10, 5.9382311568e-11, 4.45849433761e-11, 1.34849050329e-11, 3.45274611853e-12, 1.98001727861e-12, 3.96049035581e-12, 4.20006390778e-12, 8.66580678743e-12, 4.12227890711e-12, 3.54654933893e-12, 4.70961551008e-12, 1.49550814441e-12, 6.42588141985e-13, 4.76306711086e-13, 1.7129003836e-13], "max": [0.00222965376452, 0.00813581701368, 0.0130190476775, 0.0161906629801, 0.00987811479717, 0.0125124594197, 0.00984457880259, 0.0123663032427, 0.0121252927929, 0.00429580919445, 0.00450922129676, 0.00252441479824, 0.00432789279148, 0.00365100521594, 0.00230157724582, 0.00160397565924, 0.00430512800813, 0.00119086157065, 0.00298881647177, 0.00236870860681, 0.000850503798574, 0.000745174533222, 0.000269453827059, 0.000601875130087, 0.000363852828741, 0.000197705609025, 0.000286659633275, 9.45683204918e-05, 4.21723489126e-05, 4.36561822426e-05, 8.78879291122e-05, 8.61790467752e-05, 0.000103097590909, 6.11848081462e-05, 7.31847976567e-05, 7.59016838856e-05, 3.50374903064e-05, 1.7050488168e-05, 1.77552992682e-05, 7.55294695409e-06], "mean": [0.000130697299028, 0.000574469740968, 0.00085967569612, 0.00118964049034, 0.000516781990882, 0.000460696232039, 0.000644010899123, 0.000844638852868, 0.00049819558626, 0.000179002920049, 0.000143730765558, 6.88373766025e-05, 8.63925088197e-05, 5.06065880472e-05, 6.01798165007e-05, 3.81885838578e-05, 8.70514486451e-05, 4.36057125626e-05, 3.61376223736e-05, 2.26553256653e-05, 1.81604846148e-05, 1.65225319506e-05, 1.04175160232e-05, 9.14283918974e-06, 7.90149806562e-06, 4.91222135679e-06, 2.87190459858e-06, 1.40007841765e-06, 8.67464962084e-07, 5.46288731584e-07, 5.11651762736e-07, 5.16267562034e-07, 5.31721525476e-07, 4.36021963424e-07, 3.80072293638e-07, 3.93771983909e-07, 3.03668372226e-07, 2.08890440945e-07, 1.59445576742e-07, 1.25880561086e-07], "median": [7.55901128286e-05, 0.000334701675456, 0.000535799073987, 0.000667678192258, 0.000318665901432, 0.000235344312387, 0.000339990248904, 0.00018314558838, 0.000185963086551, 8.19402193883e-05, 5.41868212167e-05, 2.87396396743e-05, 2.65236922132e-05, 1.85657008842e-05, 1.67216421687e-05, 8.30137469165e-06, 1.35464397317e-05, 9.54454117164e-06, 8.11121026345e-06, 6.66819050821e-06, 4.83775602333e-06, 4.83474559587e-06, 3.94946982851e-06, 2.70767486654e-06, 2.16530816033e-06, 1.6010658328e-06, 1.18743821531e-06, 5.79057314098e-07, 3.80458459404e-07, 2.12775262298e-07, 1.74544396714e-07, 1.60496298918e-07, 1.33890864618e-07, 1.19571353707e-07, 9.39674578149e-08, 9.61483834772e-08, 6.38264481267e-08, 3.73625077543e-08, 2.96956592649e-08, 2.73271343332e-08], "min": [9.5578988783e-25, 1.94317207719e-24, 5.05914494408e-25, 2.11211137321e-24, 1.10492857791e-24, 2.06613222092e-24, 2.10335600324e-24, 2.13427363148e-24, 2.02259557921e-24, 3.32742042582e-24, 1.83300114368e-24, 1.80047621134e-24, 1.91854877011e-24, 2.34190241338e-24, 3.59405028419e-24, 2.86701398583e-24, 2.7544324906e-24, 4.5356922475e-24, 3.36907149275e-24, 4.25123689369e-24, 3.15736173618e-24, 2.80357813057e-24, 3.63944567941e-24, 3.89241601677e-24, 3.38865457029e-24, 4.5582434142e-24, 4.28046419023e-24, 4.41366650952e-24, 4.61882319856e-24, 5.02359167333e-24, 5.87027489961e-24, 5.07655382236e-24, 5.03293060316e-24, 5.1825660784e-24, 5.8000319636e-24, 6.60575358738e-24, 5.85445074429e-24, 6.08588675666e-24, 4.95680749796e-24, 6.78395292713e-24], "var": [3.53595979163e-08, 5.17674891398e-07, 9.90660282696e-07, 2.23248048314e-06, 4.36460112496e-07, 5.61436422686e-07, 7.84968392509e-07, 2.51927917816e-06, 8.52857851896e-07, 9.40153199736e-08, 8.33734645767e-08, 1.73695582362e-08, 5.79564307657e-08, 1.44710448069e-08, 2.21422595814e-08, 8.53723403083e-09, 6.57866863207e-08, 9.95089788347e-09, 1.43180747258e-08, 7.11661574115e-09, 2.09584416488e-09, 1.43791645257e-09, 3.48014839169e-10, 5.57461521389e-10, 3.11226711069e-10, 9.77401284907e-11, 5.2729199479e-11, 1.20681476964e-11, 3.9788138062e-12, 2.4603815079e-12, 4.00442179416e-12, 5.58303403508e-12, 7.99939975371e-12, 3.34395835674e-12, 3.72699223913e-12, 3.7704314497e-12, 1.39428410224e-12, 4.55244023902e-13, 2.66843432116e-13, 1.06427738259e-13]}, "melbands_crest": {"dmean": 2.97890710831, "dmean2": 4.7982301712, "dvar": 7.12204694748, "dvar2": 17.1095371246, "max": 37.7023506165, "mean": 13.3300886154, "median": 12.4697246552, "min": 1.59664797783, "var": 24.7345657349}, "melbands_flatness_db": {"dmean": 0.0204768236727, "dmean2": 0.0299714226276, "dvar": 0.00039798594662, "dvar2": 0.000758475798648, "max": 0.459704577923, "mean": 0.244374200702, "median": 0.239067494869, "min": 0.00282501080073, "var": 0.00408131117001}, "melbands_kurtosis": {"dmean": 4.27258777618, "dmean2": 6.67755651474, "dvar": 43.2329101563, "dvar2": 101.233520508, "max": 126.428344727, "mean": 9.33095264435, "median": 6.48064422607, "min": -1.81623399258, "var": 106.633178711}, "melbands_skewness": {"dmean": 0.505590498447, "dmean2": 0.781277418137, "dvar": 0.285532742739, "dvar2": 0.646831393242, "max": 9.567278862, "mean": 2.06168580055, "median": 1.91774845123, "min": -0.854536175728, "var": 1.28314113617}, "melbands_spread": {"dmean": 3.49799752235, "dmean2": 5.43739700317, "dvar": 31.0469112396, "dvar2": 61.7230186462, "max": 164.196105957, "mean": 15.3312625885, "median": 11.5282964706, "min": 1.38990306854, "var": 286.345550537}, "mfcc": {"cov": [[7451.51171875, 135.134521484, -599.942810059, -132.929580688, 4.80139350891, -167.855728149, -201.939575195, 118.586997986, -124.66809082, 87.0845184326, 203.773849487, 35.7184562683, -143.141647339], [135.134521484, 1427.29516602, -175.072067261, 59.3676719666, -7.16296339035, -32.4577636719, -8.31006813049, 2.86904597282, 2.80870819092, -31.7495288849, -34.2880592346, -7.25319290161, 15.9715051651], [-599.942810059, -175.072067261, 721.962890625, 72.8428268433, -16.1760787964, 70.0936279297, 92.5684051514, -22.1586399078, 28.3229141235, -37.8923416138, -79.7141571045, 2.94779157639, 44.468120575], [-132.929580688, 59.3676719666, 72.8428268433, 233.299591064, 69.3785018921, 26.9866981506, 0.0317121148109, -42.0242042542, 10.2297534943, -1.28822958469, -40.0167388916, -38.0642738342, 17.9987373352], [4.80139350891, -7.16296339035, -16.1760787964, 69.3785018921, 234.546325684, 52.7291488647, -16.9931755066, -48.3854179382, 19.125453949, 17.3629016876, 5.07139730453, -4.50403738022, -3.36940026283], [-167.855728149, -32.4577636719, 70.0936279297, 26.9866981506, 52.7291488647, 130.632659912, 44.1234931946, -11.2672233582, 8.79482650757, 4.76411533356, -13.1101531982, 10.594414711, -1.17662787437], [-201.939575195, -8.31006813049, 92.5684051514, 0.0317121148109, -16.9931755066, 44.1234931946, 126.776657104, 27.0850067139, 8.42098522186, -2.60805487633, -9.39355373383, 7.21047306061, 15.2917728424], [118.586997986, 2.86904597282, -22.1586399078, -42.0242042542, -48.3854179382, -11.2672233582, 27.0850067139, 125.248336792, 17.1520805359, -9.70015335083, 18.5915145874, 24.4250850677, -0.0842159241438], [-124.66809082, 2.80870819092, 28.3229141235, 10.2297534943, 19.125453949, 8.79482650757, 8.42098522186, 17.1520805359, 86.497177124, 17.7723445892, -8.29588031769, -6.90068435669, 2.80270957947], [87.0845184326, -31.7495288849, -37.8923416138, -1.28822958469, 17.3629016876, 4.76411533356, -2.60805487633, -9.70015335083, 17.7723445892, 101.848426819, 46.2498016357, 7.01348543167, -7.31171560287], [203.773849487, -34.2880592346, -79.7141571045, -40.0167388916, 5.07139730453, -13.1101531982, -9.39355373383, 18.5915145874, -8.29588031769, 46.2498016357, 117.103355408, 42.9482116699, -11.9154605865], [35.7184562683, -7.25319290161, 2.94779157639, -38.0642738342, -4.50403738022, 10.594414711, 7.21047306061, 24.4250850677, -6.90068435669, 7.01348543167, 42.9482116699, 90.9485702515, 9.66022777557], [-143.141647339, 15.9715051651, 44.468120575, 17.9987373352, -3.36940026283, -1.17662787437, 15.2917728424, -0.0842159241438, 2.80270957947, -7.31171560287, -11.9154605865, 9.66022777557, 71.6015090942]], "icov": [[0.000161742864293, -1.40954107337e-05, 4.85273849335e-05, 4.03689500672e-06, -6.59734141664e-05, 0.000102158002846, 0.000170896630152, -0.000229349505389, 0.000258998567006, -0.000117316529213, -0.000110054766992, 2.6377136237e-05, 0.000213153660297], [-1.40954107337e-05, 0.000763185205869, 0.000272097357083, -0.000284376001218, 7.50618273742e-05, 0.000166749363416, -0.000165678793564, 7.10624080966e-05, -0.000165085060871, 0.000229381315876, 0.000297635706374, -0.000238717868342, -0.0001425541559], [4.85273849335e-05, 0.000272097357083, 0.00191794231068, -0.000509735022206, 0.00040244567208, -0.000388697284507, -0.00102613365743, 0.000590327603277, -0.000624180014711, 0.00045195381972, 0.000888325332198, -0.00073591520777, -0.000476590270409], [4.03689500672e-06, -0.000284376001218, -0.000509735022206, 0.00566813955083, -0.00142701214645, -0.000532911624759, 0.000317358266329, 0.000590749143157, 0.000107862630102, -0.000474966363981, 0.000751908111852, 0.00200824975036, -0.0013782811584], [-6.59734141664e-05, 7.50618273742e-05, 0.00040244567208, -0.00142701214645, 0.00588128855452, -0.00246204389259, 0.000897453457583, 0.00198147445917, -0.00177395483479, 0.000316115183523, -0.00099557894282, -0.00029058882501, -1.76484991243e-05], [0.000102158002846, 0.000166749363416, -0.000388697284507, -0.000532911624759, -0.00246204389259, 0.0108982305974, -0.00378869241104, 0.000644097919576, 8.97223653737e-05, -0.000828693504445, 0.00178885261994, -0.00248353881761, 0.00196015043184], [0.000170896630152, -0.000165678793564, -0.00102613365743, 0.000317358266329, 0.000897453457583, -0.00378869241104, 0.0110422801226, -0.00286560645327, 0.000473734195111, -0.000699105556123, -0.000229518351262, 0.000843152753077, -0.00168744882103], [-0.000229349505389, 7.10624080966e-05, 0.000590327603277, 0.000590749143157, 0.00198147445917, 0.000644097919576, -0.00286560645327, 0.0113553544506, -0.00394144142047, 0.00261359708384, -0.00146410206798, -0.00230896333233, 0.00022875306604], [0.000258998567006, -0.000165085060871, -0.000624180014711, 0.000107862630102, -0.00177395483479, 8.97223653737e-05, 0.000473734195111, -0.00394144142047, 0.0143911279738, -0.00408418104053, 0.00198985799216, 0.0013514244929, -0.000104249440483], [-0.000117316529213, 0.000229381315876, 0.00045195381972, -0.000474966363981, 0.000316115183523, -0.000828693504445, -0.000699105556123, 0.00261359708384, -0.00408418104053, 0.0138588389382, -0.00622799852863, 0.000865396403242, 0.000128555955598], [-0.000110054766992, 0.000297635706374, 0.000888325332198, 0.000751908111852, -0.00099557894282, 0.00178885261994, -0.000229518351262, -0.00146410206798, 0.00198985799216, -0.00622799852863, 0.0151826608926, -0.0062073841691, 0.00165293831378], [2.6377136237e-05, -0.000238717868342, -0.00073591520777, 0.00200824975036, -0.00029058882501, -0.00248353881761, 0.000843152753077, -0.00230896333233, 0.0013514244929, 0.000865396403242, -0.0062073841691, 0.0159793943167, -0.00333247799426], [0.000213153660297, -0.0001425541559, -0.000476590270409, -0.0013782811584, -1.76484991243e-05, 0.00196015043184, -0.00168744882103, 0.00022875306604, -0.000104249440483, 0.000128555955598, 0.00165293831378, -0.00333247799426, 0.01620047912]], "mean": [-687.092956543, 163.652359009, -7.66241073608, 14.9772005081, 0.472211658955, -10.0090465546, -11.1046390533, -3.627212286, -9.68261528015, 0.802226305008, -2.70769476891, -3.68220853806, -3.33355093002]}, "pitch_salience": {"dmean": 0.0620977059007, "dmean2": 0.100558325648, "dvar": 0.00285001215525, "dvar2": 0.00704362383112, "max": 0.903215825558, "mean": 0.581911146641, "median": 0.589953243732, "min": 0.117486365139, "var": 0.0103441346437}, "silence_rate_20dB": {"dmean": 0, "dmean2": 0, "dvar": 0, "dvar2": 0, "max": 1, "mean": 1, "median": 1, "min": 1, "var": 0}, "silence_rate_30dB": {"dmean": 0, "dmean2": 0, "dvar": 0, "dvar2": 0, "max": 1, "mean": 1, "median": 1, "min": 1, "var": 0}, "silence_rate_60dB": {"dmean": 0.0113592362031, "dmean2": 0.0227214042097, "dvar": 0.0112307555974, "dvar2": 0.0255638230592, "max": 1, "mean": 0.047237996012, "median": 0, "min": 0, "var": 0.0450035557151}, "spectral_centroid": {"dmean": 121.5574646, "dmean2": 186.069488525, "dvar": 36355.5859375, "dvar2": 60465.2890625, "max": 11744.4394531, "mean": 904.368469238, "median": 725.35949707, "min": 221.222076416, "var": 1335310.375}, "spectral_complexity": {"dmean": 2.09319734573, "dmean2": 3.37464499474, "dvar": 4.08216094971, "dvar2": 9.10639667511, "max": 51, "mean": 15.5118741989, "median": 14, "min": 0, "var": 55.4655838013}, "spectral_contrast_coeffs": {"dmean": [0.0479095950723, 0.0438827052712, 0.0350807495415, 0.0279710032046, 0.0193164311349, 0.0152619304135], "dmean2": [0.078311599791, 0.0707102864981, 0.0565996915102, 0.045827537775, 0.0310969818383, 0.0235244426876], "dvar": [0.00148985802662, 0.00128971028607, 0.000798669119831, 0.000511296733748, 0.000260402623098, 0.000187412573723], "dvar2": [0.00400418974459, 0.00335606141016, 0.00208737724461, 0.0013062042417, 0.00061911449302, 0.00040938789607], "max": [-0.284166544676, -0.39918294549, -0.481564611197, -0.511387825012, -0.562048017979, -0.644028246403], "mean": [-0.572118997574, -0.700900256634, -0.748819231987, -0.758890032768, -0.783696115017, -0.793717265129], "median": [-0.573424339294, -0.701835870743, -0.751232862473, -0.761643767357, -0.788208544254, -0.790975272655], "min": [-0.980970799923, -0.975689947605, -0.980915665627, -0.973878800869, -0.968182086945, -0.96550399065], "var": [0.00807309150696, 0.00553976697847, 0.00436215754598, 0.00320542231202, 0.00278460839763, 0.00137505726889]}, "spectral_contrast_valleys": {"dmean": [0.412582427263, 0.302071332932, 0.270622164011, 0.226866513491, 0.205763950944, 0.310813993216], "dmean2": [0.674969613552, 0.485026836395, 0.438296288252, 0.357472449541, 0.29040941596, 0.376906812191], "dvar": [0.160827949643, 0.0884476080537, 0.0789863988757, 0.0640610083938, 0.0678447559476, 0.156846523285], "dvar2": [0.348244071007, 0.179457217455, 0.153794795275, 0.112097665668, 0.0974636524916, 0.230432227254], "max": [-5.78099632263, -4.5384516716, -5.46819925308, -5.86903142929, -5.77472496033, -8.00410079956], "mean": [-7.91073465347, -6.61317825317, -7.81962871552, -8.2200050354, -8.39033222198, -11.2465991974], "median": [-7.5816822052, -6.32265377045, -7.48331832886, -7.92311620712, -8.04641914368, -11.0157165527], "min": [-28.1814060211, -28.1634407043, -27.8282737732, -27.6019573212, -27.54479599, -27.4676856995], "var": [5.00371599197, 5.52754497528, 5.11456489563, 5.01824569702, 4.83960390091, 3.96696591377]}, "spectral_decrease": {"dmean": 1.47982270882e-09, "dmean2": 2.28441021655e-09, "dvar": 2.68842673989e-18, "dvar2": 6.18263617066e-18, "max": 1.61413681235e-28, "mean": -6.02760641399e-09, "median": -5.42687228489e-09, "min": -2.88623667188e-08, "var": 1.66965662181e-17}, "spectral_energy": {"dmean": 0.00582660548389, "dmean2": 0.00897540803999, "dvar": 4.16347029386e-05, "dvar2": 9.56271105679e-05, "max": 0.115655131638, "mean": 0.0240927878767, "median": 0.0215300545096, "min": 1.01680732512e-20, "var": 0.000270531076239}, "spectral_energyband_high": {"dmean": 6.20688006165e-05, "dmean2": 8.30776480143e-05, "dvar": 4.88595368608e-08, "dvar2": 8.86885302975e-08, "max": 0.00832168757915, "mean": 0.000131076580146, "median": 4.85340278829e-05, "min": 6.93006747318e-21, "var": 1.42530979019e-07}, "spectral_energyband_low": {"dmean": 0.00127337302547, "dmean2": 0.00205012853257, "dvar": 5.23491735294e-06, "dvar2": 1.28489718918e-05, "max": 0.033598843962, "mean": 0.00276735937223, "median": 0.00186531222425, "min": 1.75089539626e-23, "var": 9.87579369394e-06}, "spectral_energyband_middle_high": {"dmean": 0.00125501048751, "dmean2": 0.00191587582231, "dvar": 4.06033223044e-06, "dvar2": 9.33996670938e-06, "max": 0.0455035157502, "mean": 0.00438744807616, "median": 0.00211005867459, "min": 1.07032486062e-21, "var": 2.96532070934e-05}, "spectral_energyband_middle_low": {"dmean": 0.00515510560945, "dmean2": 0.0080082686618, "dvar": 3.42233906849e-05, "dvar2": 8.32734076539e-05, "max": 0.0882150754333, "mean": 0.0177025627345, "median": 0.0152409318835, "min": 1.89341637165e-22, "var": 0.000164712299011}, "spectral_entropy": {"dmean": 0.158204138279, "dmean2": 0.221776887774, "dvar": 0.02712861076, "dvar2": 0.0467946007848, "max": 9.82573509216, "mean": 7.06037473679, "median": 7.07018947601, "min": 5.22986888885, "var": 0.284120053053}, "spectral_flux": {"dmean": 0.0177174899727, "dmean2": 0.028612151742, "dvar": 0.000300293526379, "dvar2": 0.000739316863474, "max": 0.226520270109, "mean": 0.068473495543, "median": 0.0664759576321, "min": 6.35150196326e-11, "var": 0.00112769403495}, "spectral_kurtosis": {"dmean": 3.39312291145, "dmean2": 5.67436599731, "dvar": 13.9608974457, "dvar2": 37.2740745544, "max": 78.9014968872, "mean": 9.52640628815, "median": 8.18742370605, "min": -1.28130149841, "var": 40.7551651001}, "spectral_rms": {"dmean": 0.000574182311539, "dmean2": 0.000872642733157, "dvar": 3.05408605072e-07, "dvar2": 6.52033747883e-07, "max": 0.0106223477051, "mean": 0.00452034454793, "median": 0.00458311382681, "min": 3.1496144668e-12, "var": 3.07158097712e-06}, "spectral_rolloff": {"dmean": 210.719299316, "dmean2": 353.680053711, "dvar": 267524.78125, "dvar2": 568794.4375, "max": 19358.3496094, "mean": 1127.3770752, "median": 710.595703125, "min": 21.533203125, "var": 4143573.75}, "spectral_skewness": {"dmean": 0.313245087862, "dmean2": 0.504545450211, "dvar": 0.089929766953, "dvar2": 0.224451437593, "max": 6.88661432266, "mean": 2.1999130249, "median": 2.11926984787, "min": -0.0886911675334, "var": 0.500135600567}, "spectral_spread": {"dmean": 482310.125, "dmean2": 665013.1875, "dvar": 692354613248, "dvar2": 1358710177790.0, "max": 