{"lowlevel": {"average_loudness": 0.890092015266, "barkbands": {"dmean": [6.91046225256e-05, 0.000774039595854, 0.000502474897075, 0.00071816414129, 0.00159456161782, 0.00136443844531, 0.00110558874439, 0.00119849678595, 0.00216720369644, 0.000432625849498, 0.00042202838813, 0.000485666212626, 0.000565399357583, 0.000507759745233, 0.000440003816038, 0.000228862627409, 0.000172980406205, 0.000122093886603, 6.5961117798e-05, 7.51890911488e-05, 5.39982429473e-05, 5.59706932108e-05, 6.42296945443e-05, 5.13098093506e-05, 6.37972916593e-05, 4.47440615972e-05, 2.62945013674e-05], "dmean2": [0.00010657247185, 0.0012866856996, 0.000855621357914, 0.00122234935407, 0.00259876158088, 0.00220588734373, 0.00174601865001, 0.00185318489093, 0.00303694070317, 0.000693596957717, 0.000661667028908, 0.000744908931665, 0.000866074755322, 0.000770761049353, 0.00064755382482, 0.000348772358848, 0.000261925422819, 0.000190569175174, 0.000102943609818, 0.000112046975119, 8.08271288406e-05, 8.31233992358e-05, 9.92324494291e-05, 7.70714614191e-05, 8.97888967302e-05, 6.09914859524e-05, 4.17693008785e-05], "dvar": [1.99333758388e-08, 2.18522291107e-06, 1.14276565455e-06, 6.20284845354e-06, 6.13148949924e-06, 6.74457669447e-06, 4.88093883177e-06, 9.55482391873e-06, 2.9659451684e-05, 9.23905304262e-07, 1.08387257569e-06, 1.59841499681e-06, 1.86333056718e-06, 1.48007529788e-06, 1.28316321479e-06, 4.0163962467e-07, 1.21751256188e-07, 5.5870319926e-08, 1.6923456414e-08, 1.84085902077e-08, 1.15386384891e-08, 1.42375133905e-08, 2.21762839203e-08, 1.76490697612e-08, 4.90619136428e-08, 2.55291734419e-08, 3.16974215764e-08], "dvar2": [4.55568809343e-08, 5.84190274822e-06, 3.07714162773e-06, 1.67535945366e-05, 1.63098484336e-05, 1.74271863216e-05, 1.19403221106e-05, 2.18719833356e-05, 5.3664924053e-05, 2.24672248805e-06, 2.4930602649e-06, 3.14949284075e-06, 3.97774192606e-06, 2.96950884149e-06, 2.40330405177e-06, 8.58213468291e-07, 2.46945234039e-07, 1.37670625122e-07, 4.02457089876e-08, 3.9727552803e-08, 2.63118380417e-08, 3.16138546452e-08, 5.03006596375e-08, 3.66456873735e-08, 8.92924916229e-08, 4.36794103109e-08, 7.86205731629e-08], "max": [0.00248616957106, 0.0181441847235, 0.0128090567887, 0.0366884507239, 0.0486585497856, 0.0583235770464, 0.0377455577254, 0.0803495720029, 0.117874316871, 0.0210531111807, 0.0221058912575, 0.03839924559, 0.0304647106677, 0.0279163308442, 0.0224214717746, 0.019197165966, 0.00884081516415, 0.00594749581069, 0.00353043735959, 0.00245870533399, 0.00178953923751, 0.00325328065082, 0.00272559211589, 0.00342138297856, 0.00928918644786, 0.00473523559049, 0.00487802829593], "mean": [8.69217838044e-05, 0.00102444773074, 0.000621993793175, 0.000827753683552, 0.00278625194915, 0.0026133605279, 0.00196350971237, 0.00217069941573, 0.00421785516664, 0.000626646273304, 0.000702199235093, 0.000938476412557, 0.000885374436621, 0.000776421627961, 0.000625192711595, 0.000363627652405, 0.00030560255982, 0.000189888858586, 0.000107274529, 0.000132638044306, 8.86224006535e-05, 0.000110681903607, 0.000108073043521, 0.000100302771898, 0.000135046531796, 8.42967565404e-05, 2.37606291194e-05], "median": [1.18107263916e-05, 0.000327280460624, 0.000234626422753, 0.000304229732137, 0.00187125522643, 0.00127883208916, 0.000913980591577, 0.00060845236294, 0.000997637514956, 0.000209921345231, 0.000156404857989, 0.00022826543136, 0.000232550053624, 0.000183210606338, 9.7120020655e-05, 8.52840166772e-05, 9.99802650767e-05, 8.48485578899e-05, 5.5497734138e-05, 6.18314588792e-05, 4.03330959671e-05, 5.52568199055e-05, 4.52257809229e-05, 3.36783414241e-05, 2.84924917651e-05, 1.21127632156e-05, 9.24918197143e-07], "min": [1.03332621762e-23, 9.58740334112e-23, 4.68754844508e-23, 1.16452577685e-23, 1.90548720567e-23, 4.11497963166e-23, 4.76465391876e-23, 7.89699748353e-23, 7.62683723595e-23, 2.25210306333e-23, 7.39266797832e-23, 4.91797944866e-23, 7.96156543308e-23, 1.0703726719e-22, 1.16326817479e-22, 9.91441458533e-23, 9.08485035066e-23, 2.29345720302e-22, 2.69203618046e-22, 2.73815538712e-22, 5.29953625927e-22, 5.02493289464e-22, 6.71686762777e-22, 9.2942132776e-22, 1.17696936343e-21, 1.98931161595e-21, 2.44305491706e-21], "var": [3.32577592133e-08, 2.9801110486e-06, 1.46819741076e-06, 4.92746494274e-06, 9.79639935395e-06, 1.48628405441e-05, 9.3522876341e-06, 1.85835524462e-05, 9.41196194617e-05, 1.520383762e-06, 3.02441230815e-06, 6.44554484097e-06, 4.16755256083e-06, 3.3170883853e-06, 2.85355645246e-06, 8.88272325028e-07, 3.65493832533e-07, 1.00785243262e-07, 2.59224695043e-08, 4.07324414198e-08, 1.87701285626e-08, 2.94944602075e-08, 4.0914006405e-08, 4.36523670544e-08, 1.52362048311e-07, 8.08724536228e-08, 2.98338278526e-08]}, "barkbands_crest": {"dmean": 2.51921081543, "dmean2": 4.00570631027, "dvar": 5.00519275665, "dvar2": 12.1250972748, "max": 24.05701828, "mean": 9.95914173126, "median": 9.17684555054, "min": 2.01356077194, "var": 14.9462118149}, "barkbands_flatness_db": {"dmean": 0.0210017897189, "dmean2": 0.0301400274038, "dvar": 0.00038917796337, "dvar2": 0.000782415561844, "max": 0.310984492302, "mean": 0.125403985381, "median": 0.123689882457, "min": 0.0131760565564, "var": 0.00205710693263}, "barkbands_kurtosis": {"dmean": 2.23055839539, "dmean2": 3.48372077942, "dvar": 9.39537811279, "dvar2": 22.1554641724, "max": 63.4118309021, "mean": 3.78364419937, "median": 2.37364959717, "min": -1.86707484722, "var": 25.0786533356}, "barkbands_skewness": {"dmean": 0.463523387909, "dmean2": 0.713011205196, "dvar": 0.196758240461, "dvar2": 0.46186619997, "max": 6.58483171463, "mean": 1.40301549435, "median": 1.34028077126, "min": -2.70671987534, "var": 0.895501554012}, "barkbands_spread": {"dmean": 4.77824401855, "dmean2": 7.12506723404, "dvar": 37.3950576782, "dvar2": 75.0679092407, "max": 126.856773376, "mean": 18.6701068878, "median": 15.2651233673, "min": 1.67674469948, "var": 170.150894165}, "dissonance": {"dmean": 0.0249141901731, "dmean2": 0.0413584038615, "dvar": 0.000534209713805, "dvar2": 0.00145036051981, "max": 0.499999910593, "mean": 0.447073608637, "median": 0.455406308174, "min": 0.240462750196, "var": 0.00128911121283}, "dynamic_complexity": 3.5847222805, "erbbands": {"dmean": [0.0285523477942, 0.163428783417, 0.49468934536, 1.60520243645, 2.81793093681, 6.76971197128, 9.75153827667, 11.8128061295, 11.0643720627, 24.242975235, 28.7440605164, 56.8330421448, 17.3166465759, 13.3043766022, 18.266544342, 19.0175857544, 24.3698635101, 23.4233932495, 19.2590751648, 21.6932868958, 9.18768119812, 8.85523223877, 6.79872369766, 3.32938194275, 3.55341315269, 3.41499948502, 2.87444281578, 1.70758235455, 2.04635334015, 1.99840247631, 1.81650960445, 1.17332482338, 0.849412381649, 0.731000781059, 0.451885581017, 0.21292604506, 0.0806170776486, 0.0271144472063, 0.00559722399339, 0.00014486303553], "dmean2": [0.0460944548249, 0.280561000109, 0.833545506001, 2.75946569443, 4.75255060196, 11.0977830887, 15.951420784, 18.8617649078, 18.0046081543, 37.8985595703, 43.113658905, 76.4554367065, 26.5429344177, 20.9760932922, 27.7028579712, 28.3205451965, 36.4016914368, 34.9800071716, 29.6883354187, 30.9848842621, 13.7426614761, 13.2341270447, 10.3649492264, 5.28232479095, 5.33981275558, 5.02991580963, 4.26062393188, 2.57788681984, 3.04816222191, 3.02358961105, 2.85929846764, 1.82610023022, 1.24855935574, 1.06468784809, 0.640981435776, 0.297542005777, 0.111066035926, 0.0387929752469, 0.00937055144459, 0.000246890471317], "dvar": [0.00300057441927, 0.107608161867, 1.0203319788, 31.8150577545, 35.8174819946, 113.285095215, 340.55267334, 528.28112793, 461.309326172, 3029.0925293, 5371.25878906, 22774.4453125, 1769.4296875, 866.182556152, 1762.8581543, 2031.81994629, 3314.48217773, 3506.90844727, 1777.0411377, 3324.77392578, 444.773834229, 313.298217773, 174.777511597, 42.928188324, 46.5783882141, 40.9220695496, 32.1137275696, 13.490981102, 16.3374462128, 22.1132774353, 19.1457481384, 7.98354101181, 6.06816291809, 6.2644534111, 2.52960348129, 0.50383836031, 0.0887575000525, 0.0196490939707, 0.00166570011061, 1.29910552005e-06], "dvar2": [0.00741631584242, 0.297173053026, 2.73718929291, 86.215965271, 97.8399581909, 295.224151611, 924.919494629, 1315.39794922, 1204.27709961, 7450.35253906, 11427.8017578, 37503.640625, 4384.67871094, 2122.87475586, 3790.91503906, 3974.49145508, 6782.20263672, 6997.68945313, 3880.46459961, 6001.14990234, 979.997619629, 629.215759277, 415.758483887, 109.610450745, 101.087493896, 89.7542724609, 72.4112930298, 31.2729492188, 35.9659576416, 48.1241073608, 44.9665718079, 18.198513031, 11.9312791824, 12.7420434952, 4.42469739914, 0.865074515343, 0.153705358505, 0.0377457663417, 0.00432317983359, 3.55258657692e-06], "max": [0.837495744228, 4.16864442825, 14.5573968887, 84.856010437, 108.977416992, 237.213241577, 328.922454834, 441.952606201, 507.086975098, 1023.00640869, 1604.01501465, 3607.08691406, 1208.81530762, 577.47857666, 1024.60974121, 1025.48413086, 1112.20483398, 1540.63061523, 888.415100098, 1339.3190918, 577.006774902, 513.010864258, 401.77130127, 106.898376465, 229.217224121, 126.432510376, 119.790000916, 57.9826583862, 89.7484893799, 123.657333374, 90.6581497192, 56.0698432922, 74.9760360718, 105.110275269, 64.1938247681, 23.8007278442, 8.62008953094, 4.616938591, 1.03361964226, 0.0382277294993], "mean": [0.0363674387336, 0.205173105001, 0.661591529846, 1.89224398136, 4.10799980164, 10.8162879944, 17.9275474548, 22.2616519928, 19.1497707367, 45.8415527344, 58.6078262329, 107.74143219, 31.486448288, 20.91132164, 33.3278083801, 36.4740371704, 42.3763427734, 39.2710456848, 30.7815952301, 36.8352584839, 17.3551692963, 16.7235107422, 12.0609931946, 5.49336719513, 6.24161243439, 6.04964542389, 4.78421640396, 3.06274676323, 4.15783834457, 3.51001811028, 2.99798750877, 1.98322427273, 1.79571068287, 1.53228878975, 0.893747150898, 0.415900558233, 0.147551760077, 0.0377311259508, 0.00456118024886, 0.000135671783937], "median": [0.0074825794436, 0.0761707350612, 0.267136871815, 0.798802316189, 2.62450027466, 6.92155790329, 8.94073677063, 10.7663755417, 10.623041153, 18.564332962, 17.4812107086, 23.2838306427, 13.7381134033, 7.46495389938, 9.45843696594, 11.2579488754, 13.3578996658, 11.409570694, 7.36334609985, 5.52296733856, 5.26215600967, 6.2534122467, 5.24101543427, 3.06865978241, 3.32381129265, 2.74787211418, 2.07790231705, 1.46107649803, 2.0968580246, 1.66402482986, 1.1888988018, 0.674381732941, 0.575899720192, 0.383501708508, 0.15601965785, 0.0678206756711, 0.0186623279005, 0.00332737807184, 0.000150728214066, 3.21010375046e-05], "min": [3.27453602061e-21, 1.97286453503e-20, 5.20961936389e-20, 4.92489248794e-20, 3.22935317797e-20, 7.04171811506e-20, 2.41786805904e-19, 2.96086689475e-19, 8.50040989552e-19, 1.19727652145e-18, 1.30498122747e-18, 1.70866397796e-18, 1.13517552337e-18, 2.10166307045e-18, 1.75110930353e-18, 2.22076508454e-18, 3.96343425069e-18, 4.86574436956e-18, 4.41887079697e-18, 6.19856642849e-18, 6.7488607387e-18, 5.99363036378e-18, 1.1196668795e-17, 1.17381081368e-17, 1.47569749198e-17, 1.38993854936e-17, 2.49785284672e-17, 1.69574440941e-17, 1.76217214112e-17, 1.75323693614e-17, 2.0153967766e-17, 1.82952234464e-17, 1.48481020992e-17, 1.2706323871e-17, 9.5318941932e-18, 7.40419375182e-18, 3.37812207642e-18, 1.5371756851e-18, 3.62478867926e-19, 3.71016871112e-20], "var": [0.00481985602528, 0.11944898963, 1.47923529148, 23.8274211884, 32.4246025085, 172.637588501, 664.551452637, 1145.58337402, 697.262145996, 5884.23779297, 12692.3212891, 72480.921875, 2970.90087891, 1508.95239258, 5008.21630859, 7478.58544922, 8604.85449219, 9353.18554688, 3695.09643555, 9789.30371094, 1096.59265137, 878.192932129, 375.109649658, 55.0084838867, 85.5994338989, 88.2281265259, 58.9036369324, 22.6262969971, 38.1949081421, 39.1794242859, 34.0193901062, 15.1032304764, 16.7063827515, 17.0601520538, 7.76848363876, 1.66119706631, 0.275733470917, 0.0355549305677, 0.00132457958534, 9.05034767129e-07]}, "erbbands_crest": {"dmean": 2.92669272423, "dmean2": 4.50585317612, "dvar": 7.47193431854, "dvar2": 16.3803081512, "max": 30.7739200592, "mean": 11.0487680435, "median": 9.97862911224, "min": 2.12623524666, "var": 27.1627445221}, "erbbands_flatness_db": {"dmean": 0.0196384284645, "dmean2": 0.0267908070236, "dvar": 0.000353064970113, "dvar2": 0.000614467367996, "max": 0.33269777894, "mean": 0.165342092514, "median": 0.165539205074, "min": 0.0256257150322, "var": 0.00252638245001}, "erbbands_kurtosis": {"dmean": 1.15781581402, "dmean2": 1.76292872429, "dvar": 2.48257493973, "dvar2": 5.46974086761, "max": 39.8783378601, "mean": 1.4976708889, "median": 0.661603152752, "min": -1.83055830002, "var": 7.81897163391}, "erbbands_skewness": {"dmean": 0.372858822346, "dmean2": 0.560745179653, "dvar": 0.116433896124, "dvar2": 0.260502904654, "max": 5.28290128708, "mean": 0.80973058939, "median": 0.764969646931, "min": -2.12224960327, "var": 0.642387926579}, "erbbands_spread": {"dmean": 6.83560466766, "dmean2": 9.96705913544, "dvar": 63.6802635193, "dvar2": 127.978713989, "max": 125.120361328, "mean": 32.0454483032, "median": 28.2584514618, "min": 3.23993754387, "var": 351.399414063}, "gfcc": {"cov": [[12376.4755859, -686.111694336, -378.432983398, 166.638626099, -363.609436035, 412.149291992, -223.646118164, 284.751220703, 55.9868164063, 220.086425781, -202.681518555, 108.204711914, 33.7367591858], [-686.111694336, 1194.20422363, -327.753814697, -69.799041748, 63.0133476257, -94.0852661133, 130.046569824, -116.44871521, 34.4037399292, -94.8170776367, 104.944602966, -51.0595016479, -37.0750770569], [-378.432983398, -327.753814697, 643.518493652, 127.793128967, 7.5897192955, 36.9970436096, 7.27922534943, 104.749435425, -62.5902900696, 66.2589187622, 17.5055904388, 66.3220901489, 21.8829975128], [166.638626099, -69.799041748, 127.793128967, 283.62701416, 54.3321685791, -4.25085830688, -68.2878875732, 15.0704307556, 19.8492946625, 35.6104774475, -1.36964583397, 42.5527877808, 64.6574172974], [-363.609436035, 63.0133476257, 7.5897192955, 54.3321685791, 191.348114014, 2.12661933899, -5.28835058212, -12.8475408554, 47.4681892395, 12.5699329376, 0.0279602222145, 4.34337377548, 37.2116851807], [412.149291992, -94.0852661133, 36.9970436096, -4.25085830688, 2.12661933899, 214.913543701, 76.8073043823, 57.8266410828, 26.7855834961, 58.1355552673, 13.8157901764, 30.0169525146, -2.99972748756], [-223.646118164, 130.046569824, 7.27922534943, -68.2878875732, -5.28835058212, 76.8073043823, 226.812652588, 47.6007881165, 2.14456915855, -12.9403076172, 45.2817726135, 1.8653793335, -42.5621109009], [284.751220703, -116.44871521, 104.749435425, 15.0704307556, -12.8475408554, 57.8266410828, 47.6007881165, 200.244766235, 55.4672584534, 57.1984863281, -22.1195068359, -12.584903717, 3.91872382164], [55.9868164063, 34.4037399292, -62.5902900696, 19.8492946625, 47.4681892395, 26.7855834961, 2.14456915855, 55.4672584534, 156.630310059, 60.2100296021, -11.4456586838, -10.416302681, 26.9458885193], [220.086425781, -94.8170776367, 66.2589187622, 35.6104774475, 12.5699329376, 58.1355552673, -12.9403076172, 57.1984863281, 60.2100296021, 121.317909241, 11.4348182678, 17.4155769348, 13.7522916794], [-202.681518555, 104.944602966, 17.5055904388, -1.36964583397, 0.0279602222145, 13.8157901764, 45.2817726135, -22.1195068359, -11.4456586838, 11.4348182678, 100.589378357, 41.8544158936, -7.09236240387], [108.204711914, -51.0595016479, 66.3220901489, 42.5527877808, 4.34337377548, 30.0169525146, 1.8653793335, -12.584903717, -10.416302681, 17.4155769348, 41.8544158936, 103.454467773, 39.8948249817], [33.7367591858, -37.0750770569, 21.8829975128, 64.6574172974, 37.2116851807, -2.99972748756, -42.5621109009, 3.91872382164, 26.9458885193, 13.7522916794, -7.09236240387, 39.8948249817, 93.6175460815]], "icov": [[0.000116633913422, -3.47460218109e-06, 0.000173455409822, -0.000115769500553, 0.000206658791285, -0.000215497217141, 0.000152097141836, -0.000191326718777, 0.000122199417092, -0.000146358142956, 0.000279984582448, -0.000278296764009, 0.000110247267003], [-3.47460218109e-06, 0.00141205533873, 0.000506220269017, -0.000187173718587, -0.000352023896994, 0.000582572305575, -0.000824818213005, 0.000402275123633, -0.000494635547511, 0.000656447955407, -0.00173471984453, 0.000965250830632, -0.000158652517712], [0.000173455409822, 0.000506220269017, 0.00285716890357, -0.00106238794979, -0.000250718498137, 0.000227370008361, -0.000284741574433, -0.00165131152608, 0.00212111743167, -0.00141668296419, 6.26891460342e-06, -0.00127983884886, 0.000393925729441], [-0.000115769500553, -0.000187173718587, -0.00106238794979, 0.00509579712525, -0.00103229482193, 0.000191747501958, 0.00115251715761, -4.25031648774e-05, -0.000341246719472, -0.000191928455024, -0.000276580190985, -0.000532167614438, -0.00202904408798], [0.000206658791285, -0.000352023896994, -0.000250718498137, -0.00103229482193, 0.00696807773784, -0.000691667024512, -0.000253544800216, 0.00112908694427, -0.00185384729411, -0.000158494280186, 0.000683600723278, 0.000596526020672, -0.00204227492213], [-0.000215497217141, 0.000582572305575, 0.000227370008361, 0.000191747501958, -0.000691667024512, 0.00746519677341, -0.00315929716453, -0.000179112728802, 5.99326449446e-05, -0.00296224933118, 0.000285200541839, -0.00154162279796, 0.000304549146676], [0.000152097141836, -0.000824818213005, -0.000284741574433, 0.00115251715761, -0.000253544800216, -0.00315929716453, 0.00819913670421, -0.0027722006198, -0.00047718375572, 0.00292332284153, -0.00240648863837, -0.00102042232174, 0.00269278837368], [-0.000191326718777, 0.000402275123633, -0.00165131152608, -4.25031648774e-05, 0.00112908694427, -0.000179112728802, -0.0027722006198, 0.00880979094654, -0.00285888439976, -0.00183597730938, 0.00141342205461, 0.00256451941095, -0.00133325345814], [0.000122199417092, -0.000494635547511, 0.00212111743167, -0.000341246719472, -0.00185384729411, 5.99326449446e-05, -0.00047718375572, -0.00285888439976, 0.0118288854137, -0.00603154208511, 0.00152279483154, 0.000708890380338, -0.00256393058226], [-0.000146358142956, 0.000656447955407, -0.00141668296419, -0.000191928455024, -0.000158494280186, -0.00296224933118, 0.00292332284153, -0.00183597730938, -0.00603154208511, 0.0157268624753, -0.00451623741537, 0.000180437695235, 0.00115716864821], [0.000279984582448, -0.00173471984453, 6.26891460342e-06, -0.000276580190985, 0.000683600723278, 0.000285200541839, -0.00240648863837, 0.00141342205461, 0.00152279483154, -0.00451623741537, 0.0181753542274, -0.00863508787006, 0.00326771801338], [-0.000278296764009, 0.000965250830632, -0.00127983884886, -0.000532167614438, 0.000596526020672, -0.00154162279796, -0.00102042232174, 0.00256451941095, 0.000708890380338, 0.000180437695235, -0.00863508787006, 0.0191329903901, -0.00874671433121], [0.000110247267003, -0.000158652517712, 0.000393925729441, -0.00202904408798, -0.00204227492213, 0.000304549146676, 0.00269278837368, -0.00133325345814, -0.00256393058226, 0.00115716864821, 0.00326771801338, -0.00874671433121, 0.0185330063105]], "mean": [-10.2428379059, 83.9210281372, -113.431045532, 7.17308473587, -69.3856506348, 5.68235731125, -45.4704475403, 5.15694952011, -25.2006015778, 4.34604167938, -18.2424716949, 0.731586158276, -15.2860078812]}, "hfc": {"dmean": 6.91225337982, "dmean2": 9.51267242432, "dvar": 152.102371216, "dvar2": 291.289489746, "max": 335.478118896, "mean": 21.3281459808, "median": 15.3452367783, "min": 1.26230871675e-16, "var": 499.877349854}, "melbands": {"dmean": [0.000226496180403, 0.000232555627008, 0.000290196563583, 0.000329788133968, 0.000335965043632, 0.000258911401033, 0.000181598210474, 0.000264331349172, 0.000268432049779, 0.000334348558681, 7.9821482359e-05, 5.64781912544e-05, 6.42301747575e-05, 5.6576460338e-05, 5.56999220862e-05, 5.40965120308e-05, 4.5125860197e-05, 3.4498545574e-05, 3.4333581425e-05, 2.06346940104e-05, 1.10280279841e-05, 9.22306844586e-06, 1.06432134999e-05, 4.13595262216e-06, 2.70821692538e-06, 2.52591667049e-06, 2.80813583231e-06, 2.36163668887e-06, 2.04284401661e-06, 1.34781623728e-06, 9.79008632385e-07, 1.20775871437e-06, 1.16615694878e-06, 1.18880382161e-06, 1.20223035083e-06, 8.41399128149e-07, 7.06658909166e-07, 6.31193188383e-07, 6.14829218648e-07, 6.5782501224e-07], "dmean2": [0.000370834808564, 0.000395974784624, 0.000491305370815, 0.000547878618818, 0.000546177558135, 0.00041444649105, 0.000292693468509, 0.000412969850004, 0.000401154306019, 0.000452810170827, 0.000125451857457, 8.92241296242e-05, 9.81438133749e-05, 8.51877121022e-05, 8.43747257022e-05, 8.12696380308e-05, 6.79764343658e-05, 5.37255946256e-05, 4.97524561069e-05, 2.99252897094e-05, 1.68538081198e-05, 1.40846204886e-05, 1.61592997756e-05, 6.43716566628e-06, 4.39280802311e-06, 3.9267106331e-06, 4.27480790677e-06, 3.50566938323e-06, 3.06598190036e-06, 2.05515948437e-06, 1.51322728925e-06, 1.83301210654e-06, 1.76060450485e-06, 1.82308770036e-06, 1.91540902961e-06, 1.34318202072e-06, 1.10578878321e-06, 9.52877030613e-07, 9.04195360363e-07, 9.7938016097e-07], "dvar": [1.83450808322e-07, 2.03496355766e-07, 8.73315457284e-07, 2.81833081317e-07, 3.31935495979e-07, 2.43856021598e-07, 1.17121807364e-07, 3.41043829621e-07, 4.54475355127e-07, 7.56778945288e-07, 4.3311793263e-08, 1.56359956094e-08, 2.23039791081e-08, 2.66947779437e-08, 1.78423622543e-08, 1.74494392269e-08, 1.31378401491e-08, 6.12893735763e-09, 1.0034546527e-08, 3.83607234866e-09, 7.04102387505e-10, 3.50197593146e-10, 4.57551413424e-10, 6.56786638964e-11, 3.08012192141e-11, 2.66728826526e-11, 2.70206097081e-11, 2.29225249893e-11, 1.7656294829e-11, 7.59853117926e-12, 4.54972127681e-12, 5.63756810332e-12, 6.73669280082e-12, 7.68139371554e-12, 8.16360434114e-12, 4.62090001679e-12, 3.02435377089e-12, 3.23504656223e-12, 3.40926505776e-12, 5.86936315522e-12], "dvar2": [4.75368352681e-07, 5.51792879833e-07, 2.36296114053e-06, 7.56451584039e-07, 8.91092611255e-07, 6.10761503594e-07, 2.97821230788e-07, 8.35637365526e-07, 9.14278984965e-07, 1.25478391055e-06, 1.08098241469e-07, 3.77772089166e-08, 4.84331224015e-08, 5.08511845965e-08, 3.7098565997e-08, 3.65206389574e-08, 2.68048552243e-08, 1.36602613665e-08, 1.84217405774e-08, 7.69726415939e-09, 1.56887125513e-09, 7.46947836916e-10, 9.52720680125e-10, 1.66602509566e-10, 8.03223598744e-11, 6.20201182078e-11, 6.03065236637e-11, 4.93233232035e-11, 3.91794062471e-11, 1.800288911e-11, 1.07209649144e-11, 1.24578862851e-11, 1.51321333935e-11, 1.68540771617e-11, 1.94263910513e-11, 1.11850841089e-11, 7.00104644397e-12, 6.64771926742e-12, 6.64492809735e-12, 1.27450263884e-11], "max": [0.00606516143307, 0.00687624234706, 0.0136455772445, 0.0101261371747, 0.011712138541, 0.00919612310827, 0.00726551376283, 0.0108744818717, 0.0114695169032, 0.0215618610382, 0.00585342431441, 0.00222756247967, 0.00339277484454, 0.0056785736233, 0.00263650598936, 0.00347620993853, 0.00275377533399, 0.00195517530665, 0.00227718683891, 0.00193838006817, 0.000822999398224, 0.000434752379078, 0.000592610565946, 0.000235572457314, 9.32548500714e-05, 0.000161288058734, 0.000176224377356, 0.000117128052807, 9.26874854486e-05, 4.71523817396e-05, 4.22167177021e-05, 5.10512982146e-05, 6.68543143547e-05, 6.39876307105e-05, 6.15172175458e-05, 4.19069001509e-05, 4.17432638642e-05, 4.86276585434e-05, 6.26056862529e-05, 0.000103383463284], "mean": [0.000299340405036, 0.000319094804581, 0.000375578354578, 0.00052093033446, 0.000636744080111, 0.000494380481541, 0.00031546090031, 0.000508382101543, 0.000548199343029, 0.000621678831521, 0.000134429996251, 8.11357313069e-05, 0.000110855566163, 0.000109106906166, 9.19794401852e-05, 8.7165957666e-05, 7.04424164724e-05, 5.06037431478e-05, 5.01974609506e-05, 3.44860527548e-05, 1.88238063856e-05, 1.60193139891e-05, 1.80302940862e-05, 6.57803093418e-06, 4.07363904742e-06, 4.11296241509e-06, 4.67836935059e-06, 3.94038488594e-06, 3.22164578392e-06, 2.1106100121e-06, 1.66931863532e-06, 2.4009216304e-06, 2.07105586014e-06, 1.95860616259e-06, 1.94331323655e-06, 1.2475099993e-06, 1.17278443668e-06, 1.2641437479e-06, 1.24589166717e-06, 1.31396757297e-06], "median": [8.32369842101e-05, 0.000141405995237, 0.00017992805806, 0.000355556898285, 0.000357682380127, 0.000245703588007, 0.000175599372596, 0.00019763711316, 0.000132712681079, 0.000137576571433, 4.7281737352e-05, 2.55117556662e-05, 2.88343198918e-05, 2.30950499827e-05, 2.67605810222e-05, 2.2761792934e-05, 1.70410166902e-05, 1.05833196358e-05, 7.16007343726e-06, 5.52115307073e-06, 6.05171089774e-06, 5.78881599722e-06, 6.18584272161e-06, 3.21666880154e-06, 2.16475882553e-06, 2.09268500839e-06, 2.41697830461e-06, 1.46209265495e-06, 1.2533099607e-06, 9.40649670156e-07, 7.58434680392e-07, 1.19524099773e-06, 9.10095138806e-07, 8.91736817721e-07, 7.48356171698e-07, 4.09359671494e-07, 3.76375368205e-07, 3.84009950949e-07, 3.81294029239e-07, 2.86012465267e-07], "min": [2.82606958049e-23, 2.72336777924e-23, 8.30486886379e-24, 2.96707448355e-24, 7.08377213594e-24, 7.24219039406e-24, 1.23143916764e-23, 1.50500051012e-23, 1.09672428645e-23, 1.05696569682e-23, 5.31179529974e-24, 7.99529065673e-24, 7.34046116361e-24, 5.39095867487e-24, 6.22204178232e-24, 8.92313938712e-24, 9.92574925436e-24, 7.34169809751e-24, 8.70590681534e-24, 5.55320290838e-24, 8.72619552896e-24, 5.81603361263e-24, 7.35129932359e-24, 1.10339812859e-23, 9.03426385625e-24, 1.23117813356e-23, 8.56576883097e-24, 9.23534055669e-24, 1.4234755221e-23, 1.33187772695e-23, 8.75677098879e-24, 1.10832898257e-23, 8.14855923086e-24, 1.00926233125e-23, 1.12178971062e-23, 1.36419830487e-23, 9.86631884034e-24, 8.64542879404e-24, 1.25299132088e-23, 1.0074460579e-23], "var": [2.75482534562e-07, 2.746970722e-07, 6.87317537995e-07, 3.46617895275e-07, 6.9551362003e-07, 5.41703343515e-07, 1.88782394162e-07, 6.64832271013e-07, 1.22311928408e-06, 2.32823640545e-06, 6.98061128901e-08, 2.60952024433e-08, 6.52355396369e-08, 1.1554098478e-07, 4.40752856434e-08, 3.91418630841e-08, 3.48261828265e-08, 1.21729408775e-08, 2.22025988705e-08, 9.9397059472e-09, 1.53816270831e-09, 8.67392546677e-10, 1.18914578184e-09, 9.83963743817e-11, 3.49620887796e-11, 4.16393794445e-11, 4.75203938699e-11, 5.27350767221e-11, 3.40960072676e-11, 1.14302846702e-11, 7.45497934218e-12, 1.34510111383e-11, 1.21154267174e-11, 1.33512957634e-11, 1.45360511822e-11, 6.96063953004e-12, 5.62893872139e-12, 8.23494137464e-12, 9.48981518367e-12, 1.42942350664e-11]}, "melbands_crest": {"dmean": 3.16555309296, "dmean2": 5.14332389832, "dvar": 8.23855876923, "dvar2": 20.80509758, "max": 29.5639972687, "mean": 12.4602842331, "median": 11.6638479233, "min": 1.52426838875, "var": 20.3597545624}, "melbands_flatness_db": {"dmean": 0.024481434375, "dmean2": 0.035972353071, "dvar": 0.000563961279113, "dvar2": 0.00125015957747, "max": 0.365504950285, "mean": 0.1883559376, "median": 0.184279635549, "min": 0.00190764397848, "var": 0.00264361687005}, "melbands_kurtosis": {"dmean": 4.0734744072, "dmean2": 6.4452662468, "dvar": 28.7848262787, "dvar2": 71.8361663818, "max": 91.5354919434, "mean": 8.62621593475, "median": 6.10518169403, "min": -1.57997345924, "var": 82.2635040283}, "melbands_skewness": {"dmean": 0.543017685413, "dmean2": 0.829572081566, "dvar": 0.283541202545, "dvar2": 0.677290380001, "max": 8.05522155762, "mean": 1.93806171417, "median": 1.76737296581, "min": -1.00730276108, "var": 1.42855167389}, "melbands_spread": {"dmean": 5.39441394806, "dmean2": 8.34336662292, "dvar": 41.3428192139, "dvar2": 93.7021102905, "max": 170.155487061, "mean": 19.9993076324, "median": 17.269651413, "min": 1.65428459644, "var": 162.133560181}, "mfcc": {"cov": [[8003.00585938, -377.45098877, -174.495880127, -223.340148926, 49.3012161255, 114.451835632, -159.735992432, 18.6411056519, 207.527252197, 121.886169434, 32.4209022522, 57.316696167, 49.5879898071], [-377.45098877, 1077.05895996, -233.485092163, 1.029317379, -109.345939636, 8.31781387329, 40.3034515381, 47.4659194946, -90.4869308472, -38.1994018555, 57.219329834, 1.69274556637, 27.7147312164], [-174.495880127, -233.485092163, 486.957580566, 72.7221374512, 18.3913269043, -22.191236496, 91.6273880005, 17.1488552094, 12.0191221237, -3.55753159523, 2.20355319977, 40.4340782166, 10.1229438782], [-223.340148926, 1.029317379, 72.7221374512, 261.072784424, 91.6124038696, -12.5327444077, -28.6115074158, -22.535161972, 1.6241787672, -20.1935939789, -50.4159355164, -10.6578111649, 5.76134443283], [49.3012161255, -109.345939636, 18.3913269043, 91.6124038696, 224.223312378, 19.1136417389, -65.0587387085, -48.9510917664, 49.1342048645, 34.2973213196, -29.0547981262, -24.1688518524, -9.45248508453], [114.451835632, 8.31781387329, -22.191236496, -12.5327444077, 19.1136417389, 170.326965332, 11.5239725113, 12.7470092773, -14.6036491394, -6.50415039063, 14.6619033813, 8.0644159317, 6.68244361877], [-159.735992432, 40.3034515381, 91.6273880005, -28.6115074158, -65.0587387085, 11.5239725113, 180.281799316, 66.5727157593, -15.5052890778, -11.7983703613, 22.3117847443, 28.8029174805, 5.65136432648], [18.6411056519, 47.4659194946, 17.1488552094, -22.535161972, -48.9510917664, 12.7470092773, 66.5727157593, 116.595809937, 16.9033813477, 6.36783695221, 17.6136989594, 19.8346633911, 25.8263664246], [207.527252197, -90.4869308472, 12.0191221237, 1.6241787672, 49.1342048645, -14.6036491394, -15.5052890778, 16.9033813477, 155.289611816, 78.8491592407, 18.8602523804, 10.0688734055, 9.76067829132], [121.886169434, -38.1994018555, -3.55753159523, -20.1935939789, 34.2973213196, -6.50415039063, -11.7983703613, 6.36783695221, 78.8491592407, 135.617507935, 51.2791557312, 13.1037607193, 3.16294717789], [32.4209022522, 57.219329834, 2.20355319977, -50.4159355164, -29.0547981262, 14.6619033813, 22.3117847443, 17.6136989594, 18.8602523804, 51.2791557312, 108.740074158, 41.3337783813, 14.7986717224], [57.316696167, 1.69274556637, 40.4340782166, -10.6578111649, -24.1688518524, 8.0644159317, 28.8029174805, 19.8346633911, 10.0688734055, 13.1037607193, 41.3337783813, 81.3484954834, 29.5499210358], [49.5879898071, 27.7147312164, 10.1229438782, 5.76134443283, -9.45248508453, 6.68244361877, 5.65136432648, 25.8263664246, 9.76067829132, 3.16294717789, 14.7986717224, 29.5499210358, 79.6911849976]], "icov": [[0.000140464500873, 3.86095271097e-05, 3.55345546268e-05, 0.000126539249322, 2.57494252764e-06, -0.000101028665085, 0.000139635711093, -4.25610996899e-05, -0.000151666055899, -1.43213792398e-05, 7.72651910665e-05, -0.00012951802637, -4.90034726681e-05], [3.86095271097e-05, 0.00128253025468, 0.000745507364627, -0.000511959777214, 0.000309944967739, 0.00012960730237, -0.000333979929565, -0.000344505824614, 0.000580745167099, 0.000211834863876, -0.00102921912912, 0.000346147047821, -0.000383283331757], [3.55345546268e-05, 0.000745507364627, 0.00301322364248, -0.000991007080302, -0.000237109183217, 0.000503731891513, -0.00175476202276, 0.000145726909977, 9.74824797595e-05, 0.000250295328442, -0.000466536759632, -0.000957849086262, -0.000165710793226], [0.000126539249322, -0.000511959777214, -0.000991007080302, 0.0055046081543, -0.00213682604954, 0.000287739443593, 0.000703193538357, -1.32262421175e-05, -8.10129276942e-05, 0.000444280303782, 0.00222182017751, -0.000729820225388, -0.000645616208203], [2.57494252764e-06, 0.000309944967739, -0.000237109183217, -0.00213682604954, 0.00732890004292, -0.00162244017702, 0.00109722546767, 0.00210338993929, -0.00171204202343, -0.00171597395092, 0.00111590640154, 0.00120837090071, -5.64055553696e-05], [-0.000101028665085, 0.00012960730237, 0.000503731891513, 0.000287739443593, -0.00162244017702, 0.00658902153373, -0.00057978136465, -0.00102230045013, 0.00115564151201, 0.000790866790339, -0.00137543934397, -0.000308265036438, -0.000242745358264], [0.000139635711093, -0.000333979929565, -0.00175476202276, 0.000703193538357, 0.00109722546767, -0.00057978136465, 0.00906955450773, -0.00432176562026, 0.000536035920959, 0.000408264313592, -0.000227174896281, -0.00152155722026, 0.00166204490233], [-4.25610996899e-05, -0.000344505824614, 0.000145726909977, -1.32262421175e-05, 0.00210338993929, -0.00102230045013, -0.00432176562026, 0.0131514426321, -0.00247104279697, -0.000367457425455, 0.000586015346926, 0.000315224518999, -0.00340015999973], [-0.000151666055899, 0.000580745167099, 9.74824797595e-05, -8.10129276942e-05, -0.00171204202343, 0.00115564151201, 0.000536035920959, -0.00247104279697, 0.0106881037354, -0.00533185573295, 0.000346222950611, -0.000600280822255, -0.000590472249314], [-1.43213792398e-05, 0.000211834863876, 0.000250295328442, 0.000444280303782, -0.00171597395092, 0.000790866790339, 0.000408264313592, -0.000367457425455, -0.00533185573295, 0.01343012508, -0.0062759956345, 0.00072443735553, 0.000708442588802], [7.72651910665e-05, -0.00102921912912, -0.000466536759632, 0.00222182017751, 0.00111590640154, -0.00137543934397, -0.000227174896281, 0.000586015346926, 0.000346222950611, -0.0062759956345, 0.0165834352374, -0.00649676378816, -0.00018143694615], [-0.00012951802637, 0.000346147047821, -0.000957849086262, -0.000729820225388, 0.00120837090071, -0.000308265036438, -0.00152155722026, 0.000315224518999, -0.000600280822255, 0.00072443735553, -0.00649676378816, 0.0188378412277, -0.00542438216507], [-4.90034726681e-05, -0.000383283331757, -0.000165710793226, -0.000645616208203, -5.64055553696e-05, -0.000242745358264, 0.00166204490233, -0.00340015999973, -0.000590472249314, 0.000708442588802, -0.00018143694615, -0.00542438216507, 0.0158669669181]], "mean": [-655.000610352, 123.998062134, 3.19173645973, 4.29682302475, -5.23487472534, -4.57223320007, -9.94749641418, -4.73476600647, -6.72649765015, -2.78858613968, 0.849683701992, -1.71933197975, -2.29954457283]}, "pitch_salience": {"dmean": 0.0684465616941, "dmean2": 0.108485408127, "dvar": 0.00350675382651, "dvar2": 0.00838687364012, "max": 0.97728151083, "mean": 0.595955073833, "median": 0.6040340662, "min": 0.215958118439, "var": 0.011667327024}, "silence_rate_20dB": {"dmean": 0, "dmean2": 0, "dvar": 0, "dvar2": 0, "max": 1, "mean": 1, "median": 1, "min": 1, "var": 0}, "silence_rate_30dB": {"dmean": 0.00119724636897, "dmean2": 0.00239485106431, "dvar": 0.00119581178296, "dvar2": 0.00328717939556, "max": 1, "mean": 0.998802959919, "median": 1, "min": 0, "var": 0.00119563308544}, "silence_rate_60dB": {"dmean": 0.0119724636897, "dmean2": 0.0239485111088, "dvar": 0.0118306204677, "dvar2": 0.0287691261619, "max": 1, "mean": 0.0662875920534, "median": 0, "min": 0, "var": 0.0618943236768}, "spectral_centroid": {"dmean": 191.910186768, "dmean2": 290.116729736, "dvar": 55164.3125, "dvar2": 113621.679688, "max": 10709.4023438, "mean": 1043.55810547, "median": 972.55065918, "min": 280.088562012, "var": 191135.78125}, "spectral_complexity": {"dmean": 3.56958985329, "dmean2": 5.36237096786, "dvar": 19.2866840363, "dvar2": 37.4534492493, "max": 53, "mean": 15.8063745499, "median": 15, "min": 0, "var": 62.9767417908}, "spectral_contrast_coeffs": {"dmean": [0.0536215007305, 0.0473099686205, 0.0410008430481, 0.0344054140151, 0.0233317371458, 0.0194601938128], "dmean2": [0.0882040932775, 0.0765456482768, 0.0629182755947, 0.0518639422953, 0.035535402596, 0.0293596182019], "dvar": [0.00188310781959, 0.00153826910537, 0.00121907889843, 0.000924389227293, 0.000431328604463, 0.000297316204524], "dvar2": [0.00511666340753, 0.00390901882201, 0.00256993947551, 0.00186330114957, 0.000857723644003, 0.000651498441584], "max": [-0.316730588675, -0.453307121992, -0.439636051655, -0.509596705437, -0.581443607807, -0.608284175396], "mean": [-0.610078513622, -0.694835007191, -0.738770544529, -0.753452539444, -0.785076975822, -0.774654686451], "median": [-0.611318349838, -0.69603908062, -0.750588059425, -0.769155979156, -0.797002136707, -0.777602374554], "min": [-0.97145229578, -0.966296255589, -0.959139049053, -0.965708613396, -0.96794962883, -0.962055444717], "var": [0.00828749313951, 0.00586095266044, 0.00672831293195, 0.00570845510811, 0.00254213693552, 0.00154534028843]}, "spectral_contrast_valleys": {"dmean": [0.41706815362, 0.339860707521, 0.35686558485, 0.356617927551, 0.344208031893, 0.377767384052], "dmean2": [0.686785519123, 0.548706948757, 0.554076969624, 0.538696527481, 0.460816472769, 0.505650341511], "dvar": [0.136284679174, 0.0959315672517, 0.121402457356, 0.141665443778, 0.127482101321, 0.174995943904], "dvar2": [0.312276095152, 0.200222954154, 0.227321207523, 0.271687835455, 0.2171446383, 0.289845317602], "max": [-5.75584173203, -4.67939472198, -5.18582487106, -5.52158355713, -5.8392457962, -7.69626045227], "mean": [-7.82594490051, -6.61263179779, -7.39406347275, -7.96120882034, -8.00460720062, -10.3468942642], "median": [-7.64157819748, -6.46061134338, -7.31298780441, -7.89365005493, -7.87866544724, -10.1736707687], "min": [-27.9077205658, -27.7483844757, -27.1115055084, -26.9304866791, -27.008310318, -27.5117301941], "var": [1.46851193905, 1.22352695465, 1.24839091301, 1.29474341869, 1.31118023396, 1.61152851582]}, "spectral_decrease": {"dmean": 1.66946989566e-09, "dmean2": 2.48154230498e-09, "dvar": 4.79265303627e-18, "dvar2": 1.02820642907e-17, "max": 2.87098012441e-17, "mean": -5.47989520427e-09, "median": -4.44425030111e-09, "min": -3.56016762737e-08, "var": 1.79581126052e-17}, "spectral_energy": {"dmean": 0.00680410536006, "dmean2": 0.0100209433585, "dvar": 8.07896067272e-05, "dvar2": 0.000170334140421, "max": 0.160183504224, "mean": 0.0226169507951, "median": 0.0182479806244, "min": 1.10684682337e-20, "var": 0.000309215829475}, "spectral_energyband_high": {"dmean": 0.000344883854268, "dmean2": 0.000470977654913, "dvar": 7.83526047599e-07, "dvar2": 1.49653317294e-06, "max": 0.0267257504165, "mean": 0.000723180070054, "median": 0.000302892498439, "min": 8.27707536297e-21, "var": 2.0135912564e-06}, "spectral_energyband_low": {"dmean": 0.00147375953384, "dmean2": 0.00245519308373, "dvar": 8.21795856609e-06, "dvar2": 2.18425157072e-05, "max": 0.0358113497496, "mean": 0.00213271006942, "median": 0.000998260453343, "min": 1.59798013714e-22, "var": 9.49314562604e-06}, "spectral_energyband_middle_high": {"dmean": 0.00213355780579, "dmean2": 0.00314221391454, "dvar": 9.88265583146e-06, "dvar2": 2.11379992834e-05, "max": 0.0417395569384, "mean": 0.00546990009025, "median": 0.00305873365141, "min": 1.24407923738e-21, "var": 3.46732012986e-05}, "spectral_energyband_middle_low": {"dmean": 0.00516047142446, "dmean2": 0.00783922988921, "dvar": 5.15235988132e-05, "dvar2": 0.000111365312478, "max": 0.126455485821, "mean": 0.0147662088275, "median": 0.0113207800314, "min": 2.81820924422e-22, "var": 0.000168310274603}, "spectral_entropy": {"dmean": 0.198504343629, "dmean2": 0.277175307274, "dvar": 0.0392387136817, "dvar2": 0.0729302689433, "max": 9.80002880096, "mean": 7.41886663437, "median": 7.40472364426, "min": 5.86595582962, "var": 0.228764593601}, "spectral_flux": {"dmean": 0.0217352733016, "dmean2": 0.0332770608366, "dvar": 0.000554548343644, "dvar2": 0.00115663849283, "max": 0.307249069214, "mean": 0.076679982245, "median": 0.0668480619788, "min": 1.05206787726e-10, "var": 0.00201786565594}, "spectral_kurtosis": {"dmean": 1.5995850563, "dmean2": 2.57450294495, "dvar": 3.78447818756, "dvar2": 9.25171756744, "max": 32.4882164001, "mean": 5.46205663681, "median": 4.62043476105, "min": -1.23906481266, "var": 11.7439937592}, "spectral_rms": {"dmean": 0.000665227940772, "dmean2": 0.000966948457062, "dvar": 5.25564132658e-07, "dvar2": 1.05480762613e-06, "max": 0.0125010628253, "mean": 0.00433582626283, "median": 0.00421934900805, "min": 3.28610793091e-12, "var": 3.26588133248e-06}, "spectral_rolloff": {"dmean": 426.541748047, "dmean2": 703.901672363, "dvar": 708139, "dvar2": 1521129.25, "max": 20456.5429688, "mean": 1477.68164063, "median": 1141.25976563, "min": 236.865234375, "var": 3002772}, "spectral_skewness": {"dmean": 0.212135836482, "dmean2": 0.32563239336, "dvar": 0.0475378781557, "dvar2": 0.104863159359, "max": 4.49465608597, "mean": 1.86531710625, "median": 1.80009543896, "min": -0.0138400858268, "var": 0.208237871528}, "spectral_spread": {"dmean": 590650.9375, "dmean2": 856864, "dvar": 673320599552, "dvar2": 1090598338560.0, "max": 41893616, "mean": 5004799