{"lowlevel": {"average_loudness": 0.825185596943, "barkbands": {"dmean": [9.98579198495e-05, 0.00317810475826, 0.000913120049518, 0.000749066821299, 0.00115599238779, 0.000609179143794, 0.000512020022143, 0.000391230016248, 0.000382208789233, 0.000240532608586, 0.000258732674411, 0.000422174663981, 0.000494831649121, 0.000642500235699, 0.000599305902142, 0.000426496291766, 0.000326300913002, 0.000285081303446, 0.000299447739962, 0.000263806752628, 0.000163958306075, 0.000154370078235, 0.000126913029817, 0.000106242718175, 7.72973507992e-05, 3.87126965506e-05, 1.2237050214e-05], "dmean2": [0.000159654722665, 0.00494646886364, 0.00153222959489, 0.00120362977032, 0.0019226053264, 0.00102942017838, 0.000844819820486, 0.000628249254078, 0.000608723727055, 0.000393291586079, 0.000421584089054, 0.000664168968797, 0.000800993293524, 0.00101738073863, 0.000963850645348, 0.000685406150296, 0.000528302218299, 0.000462249998236, 0.000479429087136, 0.000423697609222, 0.000258502608631, 0.00024336813658, 0.000197565881535, 0.000163329968927, 0.000114420159662, 5.45219845662e-05, 1.67898269865e-05], "dvar": [6.2226824582e-08, 6.14919990767e-05, 3.65510572919e-06, 1.63469223935e-06, 5.16786849403e-06, 2.59190824181e-06, 1.33121193358e-06, 6.97390362348e-07, 6.34930415799e-07, 2.14257454445e-07, 3.3371122754e-07, 6.13775171132e-07, 8.23439336273e-07, 1.18953596484e-06, 1.40671306781e-06, 5.13080749442e-07, 3.25473536122e-07, 2.37244833556e-07, 2.67481141236e-07, 2.83290177094e-07, 1.28618225403e-07, 1.42468522313e-07, 1.47006900875e-07, 1.51167441231e-07, 1.00702457928e-07, 1.32093642691e-08, 1.3708431057e-09], "dvar2": [1.44261051105e-07, 0.000129541673232, 1.02028197944e-05, 4.28964085586e-06, 1.35626642077e-05, 6.90325987307e-06, 3.23534891322e-06, 1.81864800197e-06, 1.57623344421e-06, 5.39100653896e-07, 8.13958763501e-07, 1.46069908169e-06, 2.11853580367e-06, 2.87079660666e-06, 3.58551983481e-06, 1.25463168388e-06, 8.08940114894e-07, 5.63221419725e-07, 6.48979096241e-07, 7.11596044312e-07, 3.07011163159e-07, 3.53091053285e-07, 3.37105120707e-07, 3.43847659678e-07, 2.3745987221e-07, 2.91241839534e-08, 2.67426814027e-09], "max": [0.00214619422331, 0.0802089869976, 0.0265919473022, 0.0172683689743, 0.0303233284503, 0.0238087344915, 0.0325167998672, 0.017173320055, 0.013378857635, 0.0120105873793, 0.0240378063172, 0.0200837161392, 0.0220658872277, 0.0200562942773, 0.0255999322981, 0.0110181188211, 0.017654446885, 0.0131165189669, 0.0112940808758, 0.0104122841731, 0.00502520194277, 0.00898090656847, 0.0106867738068, 0.010854659602, 0.00774869509041, 0.0036026421003, 0.000508027849719], "mean": [0.000104681399534, 0.00348029448651, 0.00113311549649, 0.0010940679349, 0.00151865172666, 0.000711690227035, 0.000711450527888, 0.000575164449401, 0.000597330392338, 0.000366644759197, 0.000399713375373, 0.00070384220453, 0.000858546933159, 0.00118539622054, 0.0010310835205, 0.000734389177524, 0.000592078315094, 0.000515898864251, 0.00058168702526, 0.000435733876657, 0.000267431430984, 0.000242810987402, 0.000194465450477, 0.000160769792274, 0.000121101809782, 6.06782195973e-05, 1.58424809342e-05], "median": [3.62825812772e-05, 0.0010789752705, 0.000688974221703, 0.000708828098141, 0.00073208019603, 0.000216172498767, 0.000317778496537, 0.000248051888775, 0.000240788038354, 0.000206452124985, 0.00018795975484, 0.000384032959118, 0.000446951016784, 0.000518686836585, 0.000484722200781, 0.000407261250075, 0.000317611498758, 0.000313248805469, 0.000365038693417, 0.000248141936027, 0.000112007110147, 9.53700218815e-05, 5.94731573074e-05, 4.63339893031e-05, 3.03300475935e-05, 9.87738349068e-06, 9.11263896342e-07], "min": [4.92416492674e-25, 2.65215568816e-24, 1.25455803809e-24, 8.53211346096e-25, 9.8878255552e-24, 6.24526821395e-24, 8.23148034492e-24, 7.45477026422e-24, 5.86832483546e-24, 2.08867474959e-23, 1.72516133358e-23, 2.93170594431e-23, 2.85671114686e-23, 2.70280501534e-23, 5.11148702871e-23, 7.41512400839e-23, 8.3978484277e-23, 1.05574838978e-22, 1.16884750398e-22, 1.60495341511e-22, 2.26821491623e-22, 2.54633925107e-22, 3.84108314951e-22, 5.78749658516e-22, 8.87622655484e-22, 1.13864763661e-21, 1.95403850206e-21], "var": [6.12097039721e-08, 6.6375512688e-05, 2.96755047202e-06, 1.92072025129e-06, 5.62685181649e-06, 2.45421347245e-06, 1.83980330348e-06, 1.05813535356e-06, 1.12700229238e-06, 3.08000466021e-07, 6.29955195564e-07, 1.25586552713e-06, 1.63445076851e-06, 3.00216242977e-06, 3.08911603497e-06, 9.18218574952e-07, 7.40394852983e-07, 4.83205951696e-07, 5.78324318212e-07, 3.86084138881e-07, 1.92621882888e-07, 1.86561933901e-07, 2.3623151435e-07, 2.05159579991e-07, 1.2096053581e-07, 2.07857713264e-08, 2.26395124869e-09]}, "barkbands_crest": {"dmean": 2.47158837318, "dmean2": 4.00804853439, "dvar": 7.13523864746, "dvar2": 16.0807094574, "max": 24.3948955536, "mean": 7.2267947197, "median": 6.23308467865, "min": 1.92082548141, "var": 13.5056438446}, "barkbands_flatness_db": {"dmean": 0.0158312618732, "dmean2": 0.0238191559911, "dvar": 0.000281510612695, "dvar2": 0.000615155091509, "max": 0.244392588735, "mean": 0.0853230804205, "median": 0.078533038497, "min": 0.0122030973434, "var": 0.00154712493531}, "barkbands_kurtosis": {"dmean": 1.11927998066, "dmean2": 1.74225974083, "dvar": 5.02925395966, "dvar2": 11.4175682068, "max": 48.36328125, "mean": 0.491162955761, "median": -0.525314390659, "min": -1.78712975979, "var": 10.3764305115}, "barkbands_skewness": {"dmean": 0.415777862072, "dmean2": 0.608512997627, "dvar": 0.198876291513, "dvar2": 0.379107952118, "max": 6.688996315, "mean": 0.524955630302, "median": 0.390925437212, "min": -3.79284858704, "var": 0.980636239052}, "barkbands_spread": {"dmean": 6.17944908142, "dmean2": 9.24624443054, "dvar": 39.1909408569, "dvar2": 84.3650512695, "max": 96.5174407959, "mean": 31.3923549652, "median": 30.8532714844, "min": 4.3314332962, "var": 145.448898315}, "dissonance": {"dmean": 0.00925331097096, "dmean2": 0.0155370058492, "dvar": 8.70455260156e-05, "dvar2": 0.000235625004279, "max": 0.500000059605, "mean": 0.483837634325, "median": 0.487184762955, "min": 0.36148121953, "var": 0.000171784966369}, "dynamic_complexity": 3.06865143776, "erbbands": {"dmean": [0.112495236099, 0.653084099293, 1.00231969357, 2.00359773636, 3.13455820084, 4.45346832275, 3.11440706253, 5.88514471054, 7.7578163147, 5.97537279129, 8.80045127869, 8.92102718353, 7.21879863739, 7.20946645737, 12.7267837524, 15.9324989319, 22.7756557465, 28.8474178314, 32.2658691406, 25.2954940796, 21.3659229279, 16.8358135223, 15.6786766052, 13.4968557358, 15.3696327209, 12.2943191528, 7.51945161819, 6.09281730652, 5.66480970383, 4.64883232117, 3.45958423615, 2.59775710106, 1.5695271492, 0.962791621685, 0.507885694504, 0.184887990355, 0.0694974288344, 0.0168085452169, 0.00226318184286, 0.000109495340439], "dmean2": [0.179243862629, 1.01654148102, 1.65643763542, 3.2231836319, 5.17602014542, 7.49641609192, 5.21397829056, 10.034576416, 12.7920150757, 9.79764938354, 13.9988231659, 14.0749254227, 11.6892766953, 11.5431632996, 20.4428195953, 24.9091682434, 36.6459083557, 46.0820388794, 51.442073822, 40.2832870483, 34.1406974792, 26.7913455963, 25.3083591461, 21.3635120392, 24.8529434204, 19.6693077087, 11.8400449753, 9.64113426208, 8.97202110291, 7.24998617172, 5.39292049408, 4.07391166687, 2.39155340195, 1.46162521839, 0.751125633717, 0.263056069613, 0.0994187220931, 0.023926390335, 0.00311210239306, 0.000148525112309], "dvar": [0.0871979519725, 2.50733423233, 4.39232492447, 12.534863472, 33.418296814, 86.8636474609, 47.56483078, 281.925506592, 332.921020508, 168.124969482, 344.223846436, 363.015869141, 223.306411743, 209.379882812, 675.445678711, 877.143737793, 1497.91589355, 2407.65234375, 3406.12231445, 2147.5012207, 1342.55480957, 982.713439941, 666.58404541, 714.985412598, 660.439147949, 665.297241211, 271.981262207, 188.618942261, 191.494491577, 149.827590942, 119.14982605, 86.327545166, 33.7046089172, 15.790438652, 4.21242189407, 0.359753578901, 0.0477167442441, 0.00283690332435, 4.88724144816e-05, 1.03557852071e-07], "dvar2": [0.201642140746, 5.26770067215, 11.8411512375, 33.0769424438, 88.3291931152, 230.017700195, 121.104537964, 754.599609375, 802.861938477, 440.432891846, 854.729553223, 879.131225586, 555.601867676, 512.441955566, 1669.59191895, 1970.7755127, 3876.07910156, 5946.00488281, 8978.79394531, 5158.44824219, 3280.82592773, 2391.20410156, 1595.94226074, 1677.95849609, 1646.12646484, 1679.59863281, 659.469482422, 456.724334717, 478.317932129, 362.577850342, 272.517425537, 198.328323364, 75.8230133057, 37.1447868347, 9.92987632751, 0.828005373478, 0.10744202137, 0.00628862483427, 9.58269301918e-05, 1.97144998992e-07], "max": [2.6783425808, 17.1505432129, 26.0260276794, 53.3260688782, 85.6298522949, 128.930526733, 115.343429565, 235.501571655, 594.501464844, 378.728851318, 402.460693359, 418.842529297, 442.270172119, 528.821533203, 1154.75439453, 784.333007812, 886.761291504, 1109.0357666, 1393.89440918, 1211.43395996, 594.47052002, 1185.71435547, 496.184020996, 797.225463867, 535.000610352, 376.617431641, 248.477523804, 224.132171631, 311.2940979, 286.843078613, 331.98928833, 241.005111694, 158.572738647, 111.32384491, 54.1643562317, 15.7550907135, 7.502348423, 0.910452842712, 0.0946859568357, 0.0044015403837], "mean": [0.110601231456, 0.73692548275, 1.3019015789, 2.90896630287, 4.26269817352, 5.42360067368, 4.1198759079, 6.55633306503, 10.4609718323, 9.23042392731, 13.9463024139, 14.2759027481, 11.4548187256, 12.2318105698, 22.1722431183, 29.5517902374, 42.5330047607, 54.6722450256, 60.5558166504, 47.1401367188, 38.4914093018, 32.2462692261, 30.5416316986, 25.9507331848, 30.7782821655, 20.4405651093, 12.0308818817, 10.0101146698, 8.92417430878, 7.1765370369, 5.27985620499, 3.8042883873, 2.404763937, 1.46897602081, 0.785560965538, 0.309863895178, 0.102141492069, 0.0227986462414, 0.00289437384345, 0.000154021981871], "median": [0.0285374950618, 0.241332948208, 0.760495781898, 2.01535058022, 2.6395149231, 2.26976680756, 1.5452183485, 1.9965493679, 4.50044441223, 4.79756307602, 6.30418395996, 5.75604915619, 5.97060489655, 7.61350727081, 12.5814561844, 17.9801521301, 23.6837158203, 28.1728096008, 29.3870334625, 22.8277053833, 22.0911750793, 18.2004165649, 19.1913986206, 15.102191925, 19.9218826294, 11.6626014709, 5.37256002426, 4.24476528168, 3.55481910706, 2.42417430878, 1.5626335144, 1.03938984871, 0.677251577377, 0.386503577232, 0.177475094795, 0.0604291558266, 0.0145300719887, 0.00222874572501, 0.000170633749804, 3.01537584164e-05], "min": [9.2152711464e-23, 2.49619294104e-22, 9.22937673669e-22, 3.76163533953e-21, 8.17105164951e-21, 2.47910892499e-20, 3.74322653194e-20, 8.25131660326e-20, 1.39564756383e-19, 1.81825749921e-19, 2.68056537045e-19, 1.5434793442e-19, 5.13847388253e-19, 9.86692570914e-19, 5.41908249762e-19, 1.46604259852e-18, 1.39316498802e-18, 1.40395493872e-18, 2.44676675112e-18, 2.88315394828e-18, 4.27860908922e-18, 4.70148615224e-18, 6.13255410689e-18, 5.97456054194e-18, 7.76809035561e-18, 7.15624884475e-18, 9.53076509167e-18, 1.03525781292e-17, 1.01831483787e-17, 1.13368163519e-17, 1.13505516859e-17, 1.0496407467e-17, 1.00221021037e-17, 7.1756636009e-18, 6.41954648836e-18, 4.1043461224e-18, 2.18201001848e-18, 9.36219767695e-19, 2.26647539538e-19, 2.70751126358e-20], "var": [0.0815663710237, 2.76850771904, 3.91825461388, 13.7017278671, 37.7511672974, 88.7745666504, 60.8938674927, 248.219085693, 432.986846924, 251.301803589, 576.325744629, 673.153564453, 348.069549561, 329.80569458, 1447.84545898, 1996.93469238, 3365.45385742, 6217.203125, 8213.01269531, 4727.91748047, 2376.16503906, 2210.06396484, 1473.43994141, 1473.51184082, 1464.03308105, 878.997558594, 383.519226074, 276.942779541, 245.00567627, 209.907424927, 196.392379761, 119.02495575, 45.9695701599, 18.7475318909, 5.08238315582, 0.539493262768, 0.0683815851808, 0.00395102985203, 7.89903715486e-05, 1.73576367501e-07]}, "erbbands_crest": {"dmean": 2.21451997757, "dmean2": 3.62631368637, "dvar": 4.65294837952, "dvar2": 11.8495483398, "max": 25.8575286865, "mean": 7.42414999008, "median": 6.62205314636, "min": 2.03938436508, "var": 11.1492137909}, "erbbands_flatness_db": {"dmean": 0.0166493095458, "dmean2": 0.023398431018, "dvar": 0.000299470237223, "dvar2": 0.000534842140041, "max": 0.318205624819, "mean": 0.145943507552, "median": 0.143874540925, "min": 0.0355141051114, "var": 0.00154254771769}, "erbbands_kurtosis": {"dmean": 0.717230021954, "dmean2": 1.12395966053, "dvar": 0.72680747509, "dvar2": 1.70505106449, "max": 16.7273159027, "mean": 0.507894992828, "median": 0.168977156281, "min": -1.62618136406, "var": 2.01201081276}, "erbbands_skewness": {"dmean": 0.271707683802, "dmean2": 0.420456409454, "dvar": 0.0636386349797, "dvar2": 0.141929894686, "max": 2.37148451805, "mean": -0.24065990746, "median": -0.269297003746, "min": -3.04003787041, "var": 0.244269162416}, "erbbands_spread": {"dmean": 6.32604026794, "dmean2": 9.77621555328, "dvar": 42.0453071594, "dvar2": 92.6457977295, "max": 111.289978027, "mean": 31.5416698456, "median": 30.2810382843, "min": 3.78992486, "var": 171.564056396}, "gfcc": {"cov": [[21399.7460938, -1083.49658203, -1590.06982422, 542.689819336, -969.183288574, 427.160308838, -482.37713623, 330.075866699, -336.384033203, 281.181915283, -250.476699829, -24.1516838074, -330.007873535], [-1083.49658203, 1652.67810059, -286.688354492, 137.498931885, 220.777893066, -86.1364440918, 1.74141931534, -170.484741211, 67.083152771, -157.640197754, 54.5245513916, -53.8642654419, 90.313583374], [-1590.06982422, -286.688354492, 810.135681152, -27.2700862885, 84.1755447388, 16.1281261444, 32.8644981384, -33.137134552, 19.4083976746, -21.6274147034, -18.971031189, 48.467338562, -16.4012241364], [542.689819336, 137.498931885, -27.2700862885, 266.281585693, -42.7184753418, 45.1500091553, -8.84791564941, -19.1709880829, -1.50174689293, -29.1755599976, -7.14080095291, -16.0030326843, 15.2562198639], [-969.183288574, 220.777893066, 84.1755447388, -42.7184753418, 321.440795898, -16.3879623413, 75.9308624268, -3.04396486282, 19.6548652649, -21.242023468, 2.39317393303, -14.7471542358, 20.9171848297], [427.160308838, -86.1364440918, 16.1281261444, 45.1500091553, -16.3879623413, 147.491134644, 21.2050952911, 28.387178421, -0.836779475212, 13.60197258, 1.41616857052, -3.38502287865, -14.7432022095], [-482.37713623, 1.74141931534, 32.8644981384, -8.84791564941, 75.9308624268, 21.2050952911, 140.841247559, 47.1285743713, 16.1942272186, 10.33477211, 8.95898723602, -7.12449216843, -7.47555208206], [330.075866699, -170.484741211, -33.137134552, -19.1709880829, -3.04396486282, 28.387178421, 47.1285743713, 128.992660522, 14.9443559647, 48.8048210144, -1.23948967457, -10.8692264557, -22.036491394], [-336.384033203, 67.083152771, 19.4083976746, -1.50174689293, 19.6548652649, -0.836779475212, 16.1942272186, 14.9443559647, 89.6303024292, 19.4828605652, 17.4203529358, -1.35680747032, 6.20217752457], [281.181915283, -157.640197754, -21.6274147034, -29.1755599976, -21.242023468, 13.60197258, 10.33477211, 48.8048210144, 19.4828605652, 92.4714202881, 20.7450275421, 1.17690634727, -15.0341682434], [-250.476699829, 54.5245513916, -18.971031189, -7.14080095291, 2.39317393303, 1.41616857052, 8.95898723602, -1.23948967457, 17.4203529358, 20.7450275421, 70.2998733521, 29.3107280731, 13.640630722], [-24.1516838074, -53.8642654419, 48.467338562, -16.0030326843, -14.7471542358, -3.38502287865, -7.12449216843, -10.8692264557, -1.35680747032, 1.17690634727, 29.3107280731, 83.2186050415, 19.6397075653], [-330.007873535, 90.313583374, -16.4012241364, 15.2562198639, 20.9171848297, -14.7432022095, -7.47555208206, -22.036491394, 6.20217752457, -15.0341682434, 13.640630722, 19.6397075653, 68.2471923828]], "icov": [[0.000103928039607, -1.62266260304e-05, 0.000196089647943, -0.000213109669858, 6.68699140078e-05, -0.000205027579796, 0.000325113011058, -0.000194919819478, 0.000255405757343, -0.000338479992934, 0.000486900244141, -0.000397426512791, 0.000445942860097], [-1.62266260304e-05, 0.00132000562735, 0.000524354109075, -0.000464547658339, -0.00080655090278, 0.000417207105784, -0.000118592914077, 0.00120748253539, -0.00124888191931, 0.00195564236492, -0.00157871330157, 0.00106172519736, -0.000326874578604], [0.000196089647943, 0.000524354109075, 0.00206844042987, -0.000549822172616, -0.000604223227128, -0.000489218393341, 0.000255889695836, 0.000759646645747, -0.000599022605456, 0.000219972484047, 0.00132137152832, -0.00177000334952, 0.00157526216935], [-0.000213109669858, -0.000464547658339, -0.000549822172616, 0.00514106918126, 0.000982189667411, -0.00134352780879, -0.000794563267846, 0.000413359666709, -0.000429714709753, 0.00146155047696, -0.000535585742909, 0.00175015931018, -0.00227754167281], [6.68699140078e-05, -0.00080655090278, -0.000604223227128, 0.000982189667411, 0.00468326359987, -8.65995898494e-05, -0.00203596823849, -0.000439681200078, 0.000420594500611, -0.000361777492799, 0.000878694525454, 0.000634873053059, -0.0012694025645], [-0.000205027579796, 0.000417207105784, -0.000489218393341, -0.00134352780879, -8.65995898494e-05, 0.00843140203506, -0.00152189540677, -0.000600798404776, -0.000299586681649, 0.000551595119759, -0.00184556818567, 0.000902586209122, 0.000384382496122], [0.000325113011058, -0.000118592914077, 0.000255889695836, -0.000794563267846, -0.00203596823849, -0.00152189540677, 0.0109879225492, -0.00443854555488, 0.000349537906004, -0.000140631687827, -0.000303894805256, -0.000762521347497, 0.00225120037794], [-0.000194919819478, 0.00120748253539, 0.000759646645747, 0.000413359666709, -0.000439681200078, -0.000600798404776, -0.00443854555488, 0.013555794023, -0.00254488247447, -0.00318628107198, 0.000329556351062, 0.00141959998291, 0.000500552239828], [0.000255405757343, -0.00124888191931, -0.000599022605456, -0.000429714709753, 0.000420594500611, -0.000299586681649, 0.000349537906004, -0.00254488247447, 0.0145951239392, -0.00475593423471, -0.000508932338562, -0.000136213478982, -0.000370410823962], [-0.000338479992934, 0.00195564236492, 0.000219972484047, 0.00146155047696, -0.000361777492799, 0.000551595119759, -0.000140631687827, -0.00318628107198, -0.00475593423471, 0.0202264878899, -0.00888131186366, 0.00353669794276, 0.000332532508764], [0.000486900244141, -0.00157871330157, 0.00132137152832, -0.000535585742909, 0.000878694525454, -0.00184556818567, -0.000303894805256, 0.000329556351062, -0.000508932338562, -0.00888131186366, 0.0244793463498, -0.0102631021291, 0.000436477188487], [-0.000397426512791, 0.00106172519736, -0.00177000334952, 0.00175015931018, 0.000634873053059, 0.000902586209122, -0.000762521347497, 0.00141959998291, -0.000136213478982, 0.00353669794276, -0.0102631021291, 0.01931813173, -0.0064845783636], [0.000445942860097, -0.000326874578604, 0.00157526216935, -0.00227754167281, -0.0012694025645, 0.000384382496122, 0.00225120037794, 0.000500552239828, -0.000370410823962, 0.000332532508764, 0.000436477188487, -0.0064845783636, 0.020895300433]], "mean": [-4.2465338707, 70.4827651978, -131.241134644, 33.8814277649, -42.1208496094, 18.6572055817, -36.2061958313, 6.89116001129, -22.0406208038, 5.78245830536, -14.0728197098, -2.32268714905, -14.5218687057]}, "hfc": {"dmean": 9.00760746002, "dmean2": 13.0484704971, "dvar": 266.50100708, "dvar2": 598.202575684, "max": 217.252212524, "mean": 24.6885128021, "median": 18.1110286713, "min": 1.08520981082e-16, "var": 614.944946289}, "melbands": {"dmean": [0.000948229047935, 0.000596505764406, 0.00035073820618, 0.000294723547995, 0.000117977433547, 0.000128735147882, 0.000114858157758, 6.80469020153e-05, 7.24003693904e-05, 5.43609130546e-05, 3.66824715456e-05, 3.01018790196e-05, 3.9227281377e-05, 5.26329931745e-05, 4.45032201242e-05, 4.99523521285e-05, 5.77103091928e-05, 5.49958349438e-05, 4.15120521211e-05, 3.0892482755e-05, 2.67695941147e-05, 1.83311913133e-05, 1.91158414964e-05, 1.36576618388e-05, 1.16314386105e-05, 1.23857234939e-05, 1.13227397378e-05, 7.79063338996e-06, 5.17692433277e-06, 4.17507953898e-06, 3.54639382749e-06, 3.43187207363e-06, 2.98045119962e-06, 2.61163722826e-06, 2.10258872357e-06, 1.7894959683e-06, 1.5872305994e-06, 1.18921695957e-06, 9.5034675951e-07, 7.93335516391e-07], "dmean2": [0.00148834509309, 0.000931993068662, 0.000564367277548, 0.000491083075758, 0.000197604051209, 0.000217899883864, 0.000188969599549, 0.000111210007162, 0.000115128037578, 8.62022134243e-05, 5.9678357502e-05, 4.84813645016e-05, 6.3550316554e-05, 8.29605123727e-05, 7.15179776307e-05, 7.91081693023e-05, 9.2592475994e-05, 8.74907273101e-05, 6.5865671786e-05, 4.99004818266e-05, 4.32839842688e-05, 2.96929556498e-05, 3.08353992295e-05, 2.22472572204e-05, 1.8646247554e-05, 2.0048888473e-05, 1.83991105587e-05, 1.25961951198e-05, 8.31591933093e-06, 6.72483247399e-06, 5.64262609259e-06, 5.49418064111e-06, 4.75543492939e-06, 4.14123815062e-06, 3.33091270477e-06, 2.81330198959e-06, 2.51817914432e-06, 1.83632710105e-06, 1.47151627061e-06, 1.20989761854e-06], "dvar": [5.8134351093e-06, 1.57436170412e-06, 3.63535662018e-07, 3.52807973059e-07, 6.03167364943e-08, 1.26936257061e-07, 6.82026524146e-08, 2.17606395125e-08, 2.31672601103e-08, 1.36457405375e-08, 5.7174478485e-09, 3.66660191098e-09, 6.50331033469e-09, 9.52049283853e-09, 6.86361056879e-09, 8.35804048194e-09, 9.51040846076e-09, 9.52149648015e-09, 8.00068100659e-09, 2.77921330394e-09, 2.31525576488e-09, 1.15189913164e-09, 1.07831210627e-09, 6.18024131871e-10, 6.00418714747e-10, 4.83030671017e-10, 4.72062999801e-10, 2.72890876563e-10, 1.3228793061e-10, 8.5851402376e-11, 6.74500177933e-11, 6.86877291156e-11, 5.96283092347e-11, 4.87549757511e-11, 4.39989364387e-11, 4.33921683307e-11, 3.22264229191e-11, 1.83789025665e-11, 1.4270119808e-11, 1.09696557393e-11], "dvar2": [1.27179018818e-05, 3.56980194738e-06, 9.65626668403e-07, 9.28990118609e-07, 1.55778820954e-07, 3.37207637813e-07, 1.64739049069e-07, 5.78212961955e-08, 5.63334268122e-08, 3.37491634639e-08, 1.42845113515e-08, 9.11066067033e-09, 1.59245328035e-08, 2.33748256306e-08, 1.67887694857e-08, 2.02191614562e-08, 2.38189681312e-08, 2.4320364389e-08, 1.91184046372e-08, 6.84883350033e-09, 5.78631143e-09, 2.83214429686e-09, 2.72334133022e-09, 1.50825374412e-09, 1.44907918997e-09, 1.18614584821e-09, 1.19005894028e-09, 6.8624522731e-10, 3.29074462124e-10, 2.10875775175e-10, 1.65376781713e-10, 1.73988365382e-10, 1.49836004715e-10, 1.17677451117e-10, 1.02469414898e-10, 1.00099983857e-10, 7.52806081361e-11, 4.1182640631e-11, 3.33783729822e-11, 2.61441614885e-11], "max": [0.0234092269093, 0.0152174606919, 0.00841830018908, 0.00854404270649, 0.00376235228032, 0.00494389841333, 0.00764326145872, 0.00417255004868, 0.00307548092678, 0.00254829064943, 0.00222869659774, 0.00197555404156, 0.0032690227963, 0.00282108434476, 0.00281068286858, 0.00252583436668, 0.00205536442809, 0.00195712782443, 0.00248119235039, 0.00106361962389, 0.000886001449544, 0.00126927951351, 0.000550016236957, 0.000516190018971, 0.000821630819701, 0.000481095776195, 0.000590068695601, 0.000223149778321, 0.000240656954702, 0.000163157790666, 0.000184278353117, 0.000142043631058, 0.000240152541664, 0.000158270617248, 0.000229864454013, 0.000197329660296, 0.00015681120567, 0.000118572381325, 0.000110677763587, 8.5807776486e-05], "mean": [0.000988865271211, 0.000792494043708, 0.000523324939422, 0.00037557084579, 0.000157241651323, 0.000145947749843, 0.000158124719746, 0.000105631945189, 0.000115413524327, 8.51899603731e-05, 5.58210012969e-05, 4.79230766359e-05, 6.45925247227e-05, 8.65751208039e-05, 7.85447482485e-05, 9.16751450859e-05, 0.000102604768472, 9.81760822469e-05, 7.27717560949e-05, 5.34688697371e-05, 4.3562886276e-05, 3.18975035043e-05, 3.33400421368e-05, 2.36386531469e-05, 2.0220206352e-05, 2.31431695283e-05, 2.02231985895e-05, 1.1791259567e-05, 7.65327240515e-06, 6.4116707108e-06, 5.5401701502e-06, 5.16781574333e-06, 4.41954080088e-06, 3.8464509089e-06, 3.10635232381e-06, 2.61958462033e-06, 2.20278116103e-06, 1.76253467998e-06, 1.40639383517e-06, 1.17118577236e-06], "median": [0.000272606470389, 0.000408743217122, 0.000389771186747, 0.000185412645806, 6.31128059467e-05, 4.35366455349e-05, 6.90907036187e-05, 5.35841281817e-05, 5.14629427926e-05, 3.37569545081e-05, 2.80320218735e-05, 2.85672686005e-05, 3.52423885488e-05, 4.58486465504e-05, 4.39523682871e-05, 4.69604674436e-05, 4.96317552461e-05, 4.35501351603e-05, 3.30257535097e-05, 2.75044658338e-05, 2.36838459386e-05, 1.71363535628e-05, 1.90364480659e-05, 1.3776414562e-05, 1.08834310595e-05, 1.41857726703e-05, 1.28392621264e-05, 5.85693669564e-06, 3.2591958643e-06, 2.59066018771e-06, 2.33666742133e-06, 2.02887781597e-06, 1.55004045155e-06, 1.23074437397e-06, 9.00306758922e-07, 6.68212010169e-07, 5.71776411107e-07, 4.93505638133e-07, 3.71298227719e-07, 2.97753047107e-07], "min": [1.07769483149e-24, 4.04443168258e-25, 6.08023762511e-25, 1.14486347795e-24, 1.57940425354e-24, 1.65090364776e-24, 2.04951111886e-24, 1.93921593975e-24, 2.04699248321e-24, 7.438191169e-25, 2.40054948852e-24, 3.22794191023e-24, 1.88575917494e-24, 3.6412498043e-24, 2.9512564419e-24, 3.13183538057e-24, 2.14486685015e-24, 3.76716857085e-24, 3.81727307125e-24, 3.18303225611e-24, 4.23501396918e-24, 4.67880542078e-24, 4.35974786665e-24, 4.69178494368e-24, 4.2681733429e-24, 4.75663640984e-24, 3.49153780955e-24, 4.04804880704e-24, 4.18325996063e-24, 5.82476630285e-24, 5.16590573051e-24, 6.27118742228e-24, 3.65284684847e-24, 4.78246213815e-24, 5.96435405674e-24, 5.86261466579e-24, 5.74227077926e-24, 6.67713406082e-24, 5.76811149593e-24, 6.27119373317e-24], "var": [5.91528532823e-06, 1.78523532668e-06, 4.01665118943e-07, 3.60111130249e-07, 7.62136735943e-08, 1.16635604286e-07, 9.19919145304e-08, 3.20192228287e-08, 3.94642860613e-08, 2.45290010525e-08, 8.74493810699e-09, 5.42923084268e-09, 1.33053532636e-08, 1.88621935848e-08, 1.52200847481e-08, 1.95201916853e-08, 2.29634853355e-08, 2.24271818894e-08, 1.77474799301e-08, 5.61019231071e-09, 3.54116025392e-09, 2.39532460533e-09, 2.2170318914e-09, 1.16683895879e-09, 1.0742919887e-09, 9.91689730334e-10, 7.3703326775e-10, 3.48003070805e-10, 1.69732575217e-10, 1.18378973291e-10, 9.51140485816e-11, 8.41855474221e-11, 7.38269029243e-11, 6.80858841529e-11, 7.16944975609e-11, 6.27394455832e-11, 4.19651223493e-11, 2.54180790998e-11, 1.75295073596e-11, 1.2495269576e-11]}, "melbands_crest": {"dmean": 3.16804432869, "dmean2": 4.9958357811, "dvar": 10.0776128769, "dvar2": 23.2765254974, "max": 32.5693664551, "mean": 10.6400709152, "median": 9.56823730469, "min": 1.50643026829, "var": 23.5086231232}, "melbands_flatness_db": {"dmean": 0.0219650939107, "dmean2": 0.0323618799448, "dvar": 0.000595261342824, "dvar2": 0.00117269810289, "max": 0.374613642693, "mean": 0.135351240635, "median": 0.122090227902, "min": 0.0023698778823, "var": 0.00366755435243}, "melbands_kurtosis": {"dmean": 3.07345366478, "dmean2": 4.66023683548, "dvar": 45.2222099304, "dvar2": 95.0051269531, "max": 180.932022095, "mean": 4.40733528137, "median": 1.4960423708, "min": -1.74514269829, "var": 89.1184768677}, "melbands_skewness": {"dmean": 0.57522803545, "dmean2": 0.846033990383, "dvar": 0.428379118443, "dvar2": 0.800623357296, "max": 11.9833297729, "mean": 1.58470320702, "median": 1.39859497547, "min": -1.49120223522, "var": 1.72234225273}, "melbands_spread": {"dmean": 9.59877204895, "dmean2": 14.5333747864, "dvar": 119.063140869, "dvar2": 230.481140137, "max": 225.807723999, "mean": 44.0380020142, "median": 43.6306037903, "min": 2.45396471024, "var": 542.182617188}, "mfcc": {"cov": [[9022.31152344, -640.673522949, -172.352859497, 15.9566020966, -171.492752075, -40.3344955444, 52.188041687, -24.5835208893, -7.31361150742, 151.025878906, 98.0804901123, 22.4736366272, 1.47859048843], [-640.673522949, 1269.23339844, -231.277999878, 155.438537598, 163.153518677, 86.3968429565, -21.0992393494, 24.8028125763, -5.47935390472, -51.2798118591, -35.1296043396, -14.9577894211, 19.530582428], [-172.352859497, -231.277999878, 565.890930176, 15.7358283997, 17.108379364, 50.9649238586, -40.0551834106, 18.4861564636, -17.099029541, -42.664691925, -26.1684017181, 13.6113576889, -7.37240886688], [15.9566020966, 155.438537598, 15.7358283997, 201.388458252, 42.4843940735, 35.8424110413, 6.83719778061, 16.759349823, 11.4696378708, -10.9781675339, -25.8127651215, -8.96383666992, -0.460641413927], [-171.492752075, 163.153518677, 17.108379364, 42.4843940735, 169.520233154, 46.7070045471, 9.4128818512, 8.01903343201, 12.9069309235, -2.49669647217, -19.445224762, -8.77368164062, -7.67612552643], [-40.3344955444, 86.3968429565, 50.9649238586, 35.8424110413, 46.7070045471, 121.11907196, 20.0502662659, 20.3919658661, 0.837272286415, -9.45710945129, -6.40548753738, -4.30058908463, -8.05578899384], [52.188041687, -21.0992393494, -40.0551834106, 6.83719778061, 9.4128818512, 20.0502662659, 123.196151733, 32.9757843018, 23.2899990082, 28.2762470245, 19.0675945282, 7.33723974228, 2.69355940819], [-24.5835208893, 24.8028125763, 18.4861564636, 16.759349823, 8.01903343201, 20.3919658661, 32.9757843018, 84.480682373, 20.8074512482, -3.39998340607, 7.68830680847, 7.85668897629, 6.77163553238], [-7.31361150742, -5.47935390472, -17.099029541, 11.4696378708, 12.9069309235, 0.837272286415, 23.2899990082, 20.8074512482, 72.6318054199, 41.5069503784, 13.0043478012, -1.29318356514, -2.5089173317], [151.025878906, -51.2798118591, -42.664691925, -10.9781675339, -2.49669647217, -9.45710945129, 28.2762470245, -3.39998340607, 41.5069503784, 101.885498047, 41.0630302429, 6.70655012131, -5.03994321823], [98.0804901123, -35.1296043396, -26.1684017181, -25.8127651215, -19.445224762, -6.40548753738, 19.0675945282, 7.68830680847, 13.0043478012, 41.0630302429, 85.1470336914, 22.3982009888, 11.057179451], [22.4736366272, -14.9577894211, 13.6113576889, -8.96383666992, -8.77368164062, -4.30058908463, 7.33723974228, 7.85668897629, -1.29318356514, 6.70655012131, 22.3982009888, 57.8246040344, 23.1381168365], [1.47859048843, 19.530582428, -7.37240886688, -0.460641413927, -7.67612552643, -8.05578899384, 2.69355940819, 6.77163553238, -2.5089173317, -5.03994321823, 11.057179451, 23.1381168365, 62.635269165]], "icov": [[0.000121895085613, 7.31928375899e-05, 6.30344075034e-05, -9.87491439446e-05, 6.58124772599e-05, -5.24757961102e-05, 1.58808888955e-05, -1.74993183464e-05, 0.000146408216096, -0.000178390560905, -4.47735401394e-05, -4.7000039558e-06, -1.53310465976e-05], [7.31928375899e-05, 0.00123973586597, 0.00071789661888, -0.000710704305675, -0.000893128511962, -0.000654320174363, 0.000613198732026, -0.000348426954588, 0.000222357615712, 0.000402582052629, -8.96294295671e-05, -4.08526830142e-05, -0.000419119547587], [6.30344075034e-05, 0.00071789661888, 0.00241707568057, -0.000381724355975, -0.000470036524348, -0.00123488984536, 0.00115614931565, -0.000739681127016, 0.000203607633011, 0.000615427794401, 0.000356783857569, -0.000970728637185, 0.000223463226575], [-9.87491439446e-05, -0.000710704305675, -0.000381724355975, 0.00611377460882, -0.000369283865439, -0.000812081503682, -0.000319184124237, -0.000469597114716, -0.00112628983334, 4.0253122279e-05, 0.00162775395438, 0.000347180961398, -0.000318715203321], [6.58124772599e-05, -0.000893128511962, -0.000470036524348, -0.000369283865439, 0.00779543630779, -0.0019614584744, -0.000580470077693, 0.00054130476201, -0.00133162748534, -0.000606133195106, 0.00141052051913, 0.000132567278342, 0.000488330435473], [-5.24757961102e-05, -0.000654320174363, -0.00123488984536, -0.000812081503682, -0.0019614584744, 0.0108960065991, -0.00195872085169, -0.00138561008498, 0.00090634386288, 0.000520145986229, -0.000631618720945, 0.000603629392572, 0.00141564779915], [1.58808888955e-05, 0.000613198732026, 0.00115614931565, -0.000319184124237, -0.000580470077693, -0.00195872085169, 0.0107124466449, -0.00382376159541, -0.000582960317843, -0.00207761512138, -0.00052985252114, -0.000703325553332, -0.000265356677119], [-1.74993183464e-05, -0.000348426954588, -0.000739681127016, -0.000469597114716, 0.00054130476201, -0.00138561008498, -0.00382376159541, 0.015811547637, -0.00550569174811, 0.00392031716183, -0.00165432866197, -0.00129357364494, -0.00077349942876], [0.000146408216096, 0.000222357615712, 0.000203607633011, -0.00112628983334, -0.00133162748534, 0.00090634386288, -0.000582960317843, -0.00550569174811, 0.0211374592036, -0.00916298478842, 0.000784220697824, 0.0017626468325, -0.000163630131283], [-0.000178390560905, 0.000402582052629, 0.000615427794401, 4.0253122279e-05, -0.000606133195106, 0.000520145986229, -0.00207761512138, 0.00392031716183, -0.00916298478842, 0.01788110286, -0.00670013204217, -0.000841239409056, 0.0021748659201], [-4.47735401394e-05, -8.96294295671e-05, 0.000356783857569, 0.00162775395438, 0.00141052051913, -0.000631618720945, -0.00052985252114, -0.00165432866197, 0.000784220697824, -0.00670013204217, 0.0174582526088, -0.00476462906227, -0.00145332643297], [-4.7000039558e-06, -4.08526830142e-05, -0.000970728637185, 0.000347180961398, 0.000132567278342, 0.000603629392572, -0.000703325553332, -0.00129357364494, 0.0017626468325, -0.000841239409056, -0.00476462906227, 0.0228542629629, -0.00743345078081], [-1.53310465976e-05, -0.000419119547587, 0.000223463226575, -0.000318715203321, 0.000488330435473, 0.00141564779915, -0.000265356677119, -0.00077349942876, -0.000163630131283, 0.0021748659201, -0.00145332643297, -0.00743345078081, 0.0196284074336]], "mean": [-634.334106445, 100.722755432, -22.067527771, 20.0027923584, 11.1893644333, 12.213850975, 2.53547596931, 2.12396645546, -2.14868187904, 4.79556941986, 3.35163116455, 0.104773029685, 0.743655860424]}, "pitch_salience": {"dmean": 0.0677843093872, "dmean2": 0.10706692934, "dvar": 0.00443272665143, "dvar2": 0.0107600139454, "max": 0.991178810596, "mean": 0.625413954258, "median": 0.637616991997, "min": 0.141764834523, "var": 0.00947768893093}, "silence_rate_20dB": {"dmean": 0, "dmean2": 0, "dvar": 0, "dvar2": 0, "max": 1, "mean": 1, "median": 1, "min": 1, "var": 0}, "silence_rate_30dB": {"dmean": 0, "dmean2": 0, "dvar": 0, "dvar2": 0, "max": 1, "mean": 1, "median": 1, "min": 1, "var": 0}, "silence_rate_60dB": {"dmean": 0.0325519256294, "dmean2": 0.0651117563248, "dvar": 0.0314922966063, "dvar2": 0.0727769806981, "max": 1, "mean": 0.078576631844, "median": 0, "min": 0, "var": 0.072402343154}, "spectral_centroid": {"dmean": 232.864471436, "dmean2": 351.801605225, "dvar": 77094.3046875, "dvar2": 151593.234375, "max": 11750.5791016, "mean": 2058.78295898, "median": 2101.36865234, "min": 305.558929443, "var": 1176815.625}, "spectral_complexity": {"dmean": 4.98117351532, "dmean2": 6.99149656296, "dvar": 30.9789962769, "dvar2": 52.7749519348, "max": 64, "mean": 26.0869560242, "median": 26, "min": 0, "var": 177.175094604}, "spectral_contrast_coeffs": {"dmean": [0.0501347966492, 0.046095199883, 0.0349768027663, 0.0290063079447, 0.0219265278429, 0.0180063005537], "dmean2": [0.0798687711358, 0.0761943534017, 0.0577132105827, 0.0475935414433, 0.0364423841238, 0.0285870879889], "dvar": [0.00189149437938, 0.00139165425207, 0.00078735628631, 0.000541202025488, 0.000350304559106, 0.000309214636218], "dvar2": [0.00473779533058, 0.00371287600137, 0.00211517885327, 0.0014206408523, 0.000904247397557, 0.000728981744032], "max": [-0.352733522654, -0.492014229298, -0.592887699604, -0.56964880228, -0.635851979256, -0.597678601742], "mean": [-0.692714631557, -0.771344780922, -0.79753780365, -0.783406615257, -0.790005505085, -0.760042250156], "median": [-0.695764601231, -0.776414394379, -0.800153970718, -0.78472173214, -0.789277791977, -0.757434844971], "min": [-0.978823721409, -0.978354632854, -0.976639032364, -0.983618676662, -0.969671845436, -0.965247690678], "var": [0.00546222180128, 0.00422072224319, 0.0025632258039, 0.00245994469151, 0.00163224688731, 0.00165915011894]}, "spectral_contrast_valleys": {"dmean": [0.453267335892, 0.405191212893, 0.323115199804, 0.281783878803, 0.275898694992, 0.325754135847], "dmean2": [0.682086646557, 0.637864470482, 0.498318523169, 0.420478403568, 0.393749445677, 0.426007241011], "dvar": [0.210298627615, 0.168421596289, 0.114921733737, 0.102742031217, 0.14807112515, 0.226591467857], "dvar2": [0.393739253283, 0.347595959902, 0.208418607712, 0.16663402319, 0.253007590771, 0.398228913546], "max": [-5.1622171402, -4.59964132309, -5.43785762787, -5.42898368835, -5.22356653214, -7.19859075546], "mean": [-7.53020381927, -7.11029624939, -7.36572599411, -7.30582523346, -7.347407341, -10.1258354187], "median": [-7.22492218018, -6.8495798111, -7.05986213684, -6.97604131699, -6.94096469879, -9.78302955627], "min": [-28.2235069275, -27.8460655212, -27.9722118378, -27.7121982574, -27.6145038605, -27.3850593567], "var": [4.61455726624, 4.77564573288, 4.62570047379, 4.77872562408, 4.97475194931, 4.47361040115]}, "spectral_decrease": {"dmean": 1.85578186152e-09, "dmean2": 2.69226729799e-09, "dvar": 8.49588439039e-18, "dvar2": 1.65792670442e-17, "max": 1.63487955933e-28, "mean": -4.28041335709e-09, "median": -3.16117354515e-09, "min": -3.00308578005e-08, "var": 1.49431319167e-17}, "spectral_energy": {"dmean": 0.00765850022435, "dmean2": 0.0110497362912, "dvar": 0.000140548654599, "dvar2": 0.000278018938843, "max": 0.121457822621, "mean": 0.0183945950121, "median": 0.0138256270438, "min": 1.01578861665e-20, "var": 0.000258278276306}, "spectral_energyband_high": {"dmean": 0.0006730487803, "dmean2": 0.000994374160655, "dvar": 2.44941566052e-06, "dvar2": 5.45397324458e-06, "max": 0.0228753499687, "mean": 0.00123503198847, "median": 0.000523342285305, "min": 6.77885821097e-21, "var": 4.20090964326e-06}, "spectral_energyband_low": {"dmean": 0.00395348481834, "dmean2": 0.00591969350353, "dvar": 7.18351948308e-05, "dvar2": 0.000140413045301, "max": 0.0845348984003, "mean": 0.00537476828322, "median": 0.00268460949883, "min": 8.99117627361e-24, "var": 9.08695583348e-05}, "spectral_energyband_middle_high": {"dmean": 0.00229506986216, "dmean2": 0.00341433146968, "dvar": 1.02404046629e-05, "dvar2": 2.26171305258e-05, "max": 0.0457202233374, "mean": 0.007192438934, "median": 0.00522464420646, "min": 1.2094674035e-21, "var": 4.28393359471e-05}, "spectral_energyband_middle_low": {"dmean": 0.00276215048507, "dmean2": 0.00435197399929, "dvar": 2.29013439821e-05, "dvar2": 5.72469325562e-05, "max": 0.0558567270637, "mean": 0.00531556969509, "median": 0.00381285091862, "min": 1.7824685758e-22, "var": 3.08550079353e-05}, "spectral_entropy": {"dmean": 0.109220810235, "dmean2": 0.159292921424, "dvar": 0.0176957566291, "dvar2": 0.0330412685871, "max": 9.82426929474, "mean": 7.8882060051, "median": 7.90823078156, "min": 6.67451620102, "var": 0.13483518362}, "spectral_flux": {"dmean": 0.0230204109102, "dmean2": 0.0360354967415, "dvar": 0.000925922417082, "dvar2": 0.00204068492167, "max": 0.282911866903, "mean": 0.0769230499864, "median": 0.0656949356198, "min": 6.39329422736e-11, "var": 0.00203756126575}, "spectral_kurtosis": {"dmean": 1.33973121643, "dmean2": 2.25910687447, "dvar": 3.28513264656, "dvar2": 9.19032669067, "max": 32.050819397, "mean": 4.48755121231, "median": 4.00578641891, "min": -1.27382421494, "var": 7.3335108757}, "spectral_rms": {"dmean": 0.000785805052146, "dmean2": 0.00109289062675, "dvar": 1.037943548e-06, "dvar2": 1.86017302894e-06, "max": 0.0108855608851, "mean": 0.00386204570532, "median": 0.00367265800014, "min": 3.14803630212e-12, "var": 3.03054889628e-06}, "spectral_rolloff": {"dmean": 578.995483398, "dmean2": 895.984741211, "dvar": 671576.6875, "dvar2": 1282785.5, "max": 19789.0136719, "mean": 2648.13671875, "median": 2325.5859375, "min": 64.599609375, "var": 4673278.5}, "spectral_skewness": {"dmean": 0.18259999156, "dmean2": 0.298372209072, "dvar": 0.0427151024342, "dvar2": 0.110448107123, "max": 3.79764676094, "mean": 1.45290398598, "median": 1.43841862679, "min": -0.0693698599935, "var": 0.149770662189}, "spectral_spread": {"dmean": 473257.0625, "dmean2": 648889.8125, "dvar": 462852194304, "dvar2": 770285305856, "max": 42952884, "mean": 4631478, "median": 4178515, "min": 1631613.25, "var": 14762875289600.0},