{"lowlevel": {"average_loudness": 0.708239495754, "barkbands": {"dmean": [9.12598989089e-05, 0.0100460536778, 0.00498906057328, 0.00197990215383, 0.00134721992072, 0.000709537242074, 0.000399235781515, 0.00035913210013, 0.000619126600213, 0.000338324258337, 0.000335524062393, 0.000300663814414, 0.000262648914941, 0.00033428761526, 0.000312103889883, 0.000204573283554, 0.000156952388352, 0.000214720028453, 0.000174294575118, 0.000119580014143, 7.68307436374e-05, 8.18545886432e-05, 6.68559441692e-05, 3.65590676665e-05, 2.23409897444e-05, 9.17584202398e-06, 1.56591579525e-06], "dmean2": [0.000151441243361, 0.0179522689432, 0.00923329778016, 0.00339989247732, 0.00225198944099, 0.00112301879562, 0.000642988656182, 0.00054483191343, 0.000889767426997, 0.00050961447414, 0.000508948403876, 0.000452428706922, 0.000394243426854, 0.000507718825247, 0.000473870983114, 0.000311910378514, 0.000242502981564, 0.000330290495185, 0.000268846517429, 0.000178203248652, 0.000111171029857, 0.000115912807814, 9.51817855821e-05, 5.23770140717e-05, 3.20848557749e-05, 1.40601050589e-05, 2.48502783506e-06], "dvar": [7.25225746123e-08, 0.00101627735421, 0.000224523391807, 3.00443589367e-05, 5.6225658227e-06, 1.59658543453e-06, 8.37531899833e-07, 7.52822245431e-07, 1.88771161902e-06, 7.45205454677e-07, 6.48171976536e-07, 6.06308844908e-07, 3.37898995895e-07, 4.07810745173e-07, 4.55163217339e-07, 2.21736158323e-07, 1.24442181004e-07, 1.98759636305e-07, 1.1934444899e-07, 6.13789481463e-08, 4.49891430776e-08, 8.86399433853e-08, 6.28394616342e-08, 2.4297415635e-08, 4.646795837e-09, 3.72806452376e-10, 1.29955534181e-11], "dvar2": [1.79601954642e-07, 0.00275722052902, 0.000643224164378, 7.95515588834e-05, 1.51452522914e-05, 4.03035664931e-06, 2.07297148336e-06, 1.54959320753e-06, 3.65908772437e-06, 1.58206785272e-06, 1.35877724006e-06, 1.40360259593e-06, 7.16161650871e-07, 8.99658743947e-07, 1.01127136531e-06, 5.12108385919e-07, 2.71047781553e-07, 4.59312417433e-07, 2.69761159188e-07, 1.29249883685e-07, 9.31152541739e-08, 1.73967947603e-07, 1.18157444717e-07, 4.93740621721e-08, 8.58413073956e-09, 8.43164871256e-10, 2.91770566041e-11], "max": [0.00310091837309, 0.225118890405, 0.136502042413, 0.12987010181, 0.0467762164772, 0.0212963297963, 0.0207375530154, 0.0220256261528, 0.0262352172285, 0.0251226201653, 0.0208313092589, 0.0249999184161, 0.0153029076755, 0.0111268982291, 0.0167230367661, 0.0117770629004, 0.0103359194472, 0.0122711267322, 0.00966257229447, 0.00648129498586, 0.00474533578381, 0.0108714848757, 0.00924652069807, 0.00781786907464, 0.00266779493541, 0.000279559724731, 4.57392889075e-05], "mean": [8.7754058768e-05, 0.00737301260233, 0.00474676908925, 0.00286505208351, 0.00274556316435, 0.00140364607796, 0.000683257065248, 0.000653530412819, 0.00175720069092, 0.000680121709593, 0.000715646019671, 0.00062809913652, 0.000521404843312, 0.00064193183789, 0.000587755872402, 0.000382073136279, 0.000295374920825, 0.000425813050242, 0.000347532011801, 0.000223997849389, 0.000108941581857, 0.000111190296593, 9.54876377364e-05, 5.47241361346e-05, 3.10461655317e-05, 9.53835842665e-06, 1.9878114017e-06], "median": [5.79932930123e-06, 0.000974170514382, 0.00219962000847, 0.00180083047599, 0.00184053694829, 0.000626315944828, 0.000182037008926, 0.000169937266037, 0.000292748154607, 0.000155213507242, 0.000165246601682, 0.000188719073776, 0.000147932529217, 0.000183309282875, 0.000109808170237, 8.51179793244e-05, 7.13951012585e-05, 0.000129959895276, 0.000109253385745, 7.27795122657e-05, 1.87433215615e-05, 1.5485115e-05, 1.29794152599e-05, 9.59172484727e-06, 4.77446610603e-06, 1.67070231782e-06, 1.0278387208e-06], "min": [8.63178899456e-25, 3.75546542489e-24, 1.46888858781e-24, 2.54936967601e-24, 8.52587455727e-24, 1.24928359574e-23, 1.23514626169e-23, 5.66020794587e-24, 8.63776264377e-24, 1.48047608676e-23, 1.19861640087e-23, 3.21510611778e-23, 4.07880846589e-23, 4.64840422033e-23, 3.77024142073e-23, 3.60758587514e-23, 5.1267278214e-23, 1.35543443887e-22, 1.11587151834e-22, 1.88128268118e-22, 2.7055573826e-22, 2.90242879176e-22, 4.60411838952e-22, 7.13976674517e-22, 9.08995358652e-22, 1.33300074934e-21, 2.0117315225e-21], "var": [7.37984322541e-08, 0.000680863915477, 0.000132234432385, 2.55728082266e-05, 1.00826773632e-05, 4.40503526988e-06, 2.02375122171e-06, 2.35958236772e-06, 1.26372533487e-05, 2.64079949375e-06, 3.31738692694e-06, 2.81088114207e-06, 1.14381384719e-06, 1.16104104109e-06, 1.24158475501e-06, 6.3999499389e-07, 3.71735950466e-07, 5.4956655049e-07, 3.52624169864e-07, 1.48369650788e-07, 7.63113305879e-08, 1.61695069778e-07, 1.32782005835e-07, 5.02683263903e-08, 1.37165212521e-08, 4.50740084146e-10, 1.37873939696e-11]}, "barkbands_crest": {"dmean": 2.58933901787, "dmean2": 4.28313398361, "dvar": 9.39450645447, "dvar2": 25.5609645844, "max": 25.0063934326, "mean": 9.62322425842, "median": 8.76936340332, "min": 2.48646569252, "var": 16.1250762939}, "barkbands_flatness_db": {"dmean": 0.0260191243142, "dmean2": 0.0403105095029, "dvar": 0.000821140652988, "dvar2": 0.00218634447083, "max": 0.468311727047, "mean": 0.150560423732, "median": 0.139942228794, "min": 0.0203601438552, "var": 0.00337814120576}, "barkbands_kurtosis": {"dmean": 4.4712767601, "dmean2": 7.57483100891, "dvar": 124.277503967, "dvar2": 337.40045166, "max": 250.88671875, "mean": 4.59357404709, "median": 0.936372220516, "min": -1.9367800951, "var": 123.262802124}, "barkbands_skewness": {"dmean": 0.703725934029, "dmean2": 1.11941051483, "dvar": 1.06800270081, "dvar2": 2.71212649345, "max": 14.0644178391, "mean": 1.47517192364, "median": 1.15403699875, "min": -2.72655797005, "var": 1.94211375713}, "barkbands_spread": {"dmean": 5.60135698318, "dmean2": 8.77931308746, "dvar": 68.5307540894, "dvar2": 202.576705933, "max": 120.067756653, "mean": 20.1765365601, "median": 18.6287193298, "min": 0.355814784765, "var": 163.077957153}, "dissonance": {"dmean": 0.0202133432031, "dmean2": 0.0340333469212, "dvar": 0.000414693844505, "dvar2": 0.00111496949103, "max": 0.500000119209, "mean": 0.460115909576, "median": 0.468306720257, "min": 0.2502643466, "var": 0.000994149711914}, "dynamic_complexity": 4.89738130569, "erbbands": {"dmean": [0.173623934388, 2.63946771622, 6.18156337738, 6.43195819855, 4.5277094841, 4.74128437042, 5.72698831558, 5.60348415375, 5.44926786423, 5.56887626648, 9.43026161194, 14.7690925598, 10.0791444778, 11.982544899, 12.3285579681, 10.5212059021, 11.0700864792, 14.0727596283, 16.0874385834, 13.3542919159, 10.0106945038, 8.4931678772, 9.27650356293, 11.3376674652, 6.67216873169, 5.23901081085, 3.11015844345, 3.15367913246, 3.01162266731, 2.55013751984, 1.88985335827, 1.0217038393, 0.48847386241, 0.303965091705, 0.135515138507, 0.0520453006029, 0.0146446088329, 0.00279308063909, 0.000280890497379, 2.74406538665e-05], "dmean2": [0.305461376905, 4.74315500259, 11.3611049652, 11.2914676666, 7.49856519699, 7.96429586411, 9.1942949295, 8.87924003601, 8.79853439331, 8.83645343781, 13.7293481827, 20.519985199, 14.4756031036, 18.1010608673, 18.0800514221, 15.8238286972, 16.5542030334, 21.4647464752, 24.0476551056, 19.9850006104, 14.9419641495, 13.1259040833, 14.2446146011, 17.2129478455, 10.0066375732, 7.78430461884, 4.53501701355, 4.60113763809, 4.29675769806, 3.63846731186, 2.67269182205, 1.46029615402, 0.707728505135, 0.435633182526, 0.197154000401, 0.07848816365, 0.0226152632385, 0.00438938429579, 0.000439984316472, 4.42703822046e-05], "dvar": [0.285088807344, 71.17552948, 371.407897949, 251.081161499, 103.24319458, 67.3154830933, 113.999000549, 121.32900238, 155.882827759, 170.859893799, 487.037963867, 1165.31921387, 575.710754395, 797.89465332, 880.924194336, 823.160461426, 591.916381836, 838.175476074, 998.499206543, 922.398681641, 549.130859375, 358.340911865, 378.957214355, 540.942138672, 175.563262939, 120.219955444, 63.3021125793, 87.2838516235, 113.988075256, 95.8852462769, 55.8741035461, 21.7265205383, 4.89570331573, 1.21060597897, 0.129263982177, 0.0118623701856, 0.000988570856862, 4.0792638174e-05, 3.60851515779e-07, 3.61018281936e-09], "dvar2": [0.767013549805, 193.608779907, 1046.20385742, 678.745117188, 261.147003174, 186.810012817, 282.480865479, 306.371643066, 389.13482666, 414.169036865, 984.281066895, 2137.48828125, 1234.84545898, 1695.57348633, 1820.30578613, 2048.78173828, 1232.49255371, 1964.26831055, 2184.18652344, 2021.81262207, 1263.77832031, 809.853210449, 924.131408691, 1137.03466797, 389.195465088, 253.786849976, 130.746749878, 182.471740723, 219.118347168, 212.118377686, 103.573554993, 39.1508369446, 11.3940877914, 2.32003927231, 0.231925725937, 0.0260150805116, 0.0022491842974, 9.31514441618e-05, 8.02387660315e-07, 8.99334295923e-09], "max": [4.32106781006, 60.427520752, 167.93119812, 280.164581299, 197.286270142, 134.26449585, 182.836425781, 235.840026855, 368.359100342, 302.643066406, 612.296630859, 816.058166504, 820.108215332, 1005.36224365, 999.846862793, 1112.15283203, 642.937988281, 888.095031738, 622.839599609, 980.388916016, 791.33001709, 530.052185059, 588.799438477, 735.007385254, 333.9190979, 259.146240234, 202.221176147, 222.726211548, 359.042663574, 428.044281006, 283.677612305, 284.223449707, 132.314453125, 41.5485458374, 18.1375713348, 2.27333211899, 0.390259414911, 0.0719972699881, 0.00743908481672, 0.000509652949404], "mean": [0.133917689323, 1.93755435944, 5.41643238068, 8.57752418518, 8.45149517059, 9.10441303253, 11.4582357407, 10.7894334793, 9.88422870636, 9.58565711975, 21.3569869995, 41.1210250854, 23.4652805328, 27.2578086853, 29.6690044403, 23.1940898895, 24.1829948425, 30.2044868469, 34.0562934875, 26.10247612, 20.824338913, 17.0507736206, 19.6848773956, 25.6829166412, 14.1973772049, 9.93619823456, 5.10142755508, 4.17626094818, 4.02295541763, 3.43815684319, 2.68991327286, 1.48830151558, 0.757964074612, 0.436474025249, 0.176307737827, 0.057587094605, 0.0147752482444, 0.0026507852599, 0.000467906123959, 4.52467756986e-05], "median": [0.0187860019505, 0.298374295235, 1.82600033283, 5.60912322998, 6.52629137039, 5.65460777283, 5.22223377228, 4.80548763275, 3.3164305687, 2.88146972656, 5.95960569382, 7.15627002716, 7.29816913605, 7.45195484161, 9.67318916321, 7.69749641418, 7.79982566833, 10.8471927643, 11.4860239029, 7.18537855148, 6.0564198494, 5.0158033371, 7.11684513092, 7.51158905029, 4.97170686722, 3.1421918869, 1.22480726242, 0.646094143391, 0.548589944839, 0.486525118351, 0.350593626499, 0.203875333071, 0.157999441028, 0.0731054842472, 0.0224778987467, 0.00931410677731, 0.00259118480608, 0.00042783562094, 0.000340934231644, 2.87067796307e-05], "min": [5.88494526698e-23, 1.25639899805e-21, 2.05805848357e-21, 5.99756915875e-21, 1.88730934121e-20, 2.58092791137e-20, 5.53666428299e-20, 1.13060183497e-19, 2.17597434005e-19, 2.42937465835e-19, 2.23074687979e-19, 3.47845422504e-19, 6.32059407701e-19, 7.70477329864e-19, 8.84024464248e-19, 1.66940029922e-18, 2.16601234543e-18, 2.47447523369e-18, 2.12641645028e-18, 2.2559492119e-18, 2.91562843874e-18, 4.00723966798e-18, 6.8632565087e-18, 6.98000974343e-18, 8.91891448181e-18, 8.7039476114e-18, 9.74529438353e-18, 1.20895895868e-17, 1.08113109903e-17, 1.30800953569e-17, 1.25284361987e-17, 1.23728633778e-17, 1.19146714929e-17, 8.99739737833e-18, 6.62673992897e-18, 4.55458259776e-18, 2.25087425204e-18, 9.41577623318e-19, 2.58252249588e-19, 2.80336420979e-20], "var": [0.201354280114, 46.8724632263, 224.834640503, 198.859115601, 129.976593018, 118.749824524, 349.497253418, 312.148468018, 416.903808594, 351.288513184, 2057.51318359, 7975.03857422, 2260.0769043, 3615.36914063, 5392.28808594, 3637.81445313, 2148.04150391, 2713.26660156, 3105.01489258, 2400.40234375, 1650.0645752, 1086.87561035, 1034.91271973, 2006.54260254, 511.195129395, 292.726715088, 121.545021057, 139.827148438, 203.870681763, 162.061935425, 117.54536438, 46.9046630859, 8.95767402649, 3.22473526001, 0.396009325981, 0.018041420728, 0.00111180974636, 4.16021139245e-05, 4.24822985678e-07, 3.56455021056e-09]}, "erbbands_crest": {"dmean": 2.33088946342, "dmean2": 3.61288714409, "dvar": 5.20501184464, "dvar2": 11.8555002213, "max": 31.2707710266, "mean": 9.53199958801, "median": 8.52472877502, "min": 2.07856488228, "var": 20.968120575}, "erbbands_flatness_db": {"dmean": 0.0220013596117, "dmean2": 0.0299150478095, "dvar": 0.000446715625003, "dvar2": 0.000806538038887, "max": 0.372630536556, "mean": 0.16986811161, "median": 0.169693619013, "min": 0.0276479814202, "var": 0.00225450773723}, "erbbands_kurtosis": {"dmean": 0.845756411552, "dmean2": 1.31197571754, "dvar": 1.82373607159, "dvar2": 3.97753691673, "max": 52.8590354919, "mean": 0.427192270756, "median": -0.168224513531, "min": -1.81553208828, "var": 5.02748775482}, "erbbands_skewness": {"dmean": 0.349849849939, "dmean2": 0.519813835621, "dvar": 0.118858955801, "dvar2": 0.259825944901, "max": 4.07791662216, "mean": 0.035115826875, "median": 0.0118346698582, "min": -4.89550161362, "var": 0.595169425011}, "erbbands_spread": {"dmean": 8.29438495636, "dmean2": 12.7644062042, "dvar": 105.735221863, "dvar2": 245.223648071, "max": 129.773498535, "mean": 34.8123207092, "median": 31.6426200867, "min": 1.36577296257, "var": 301.040618896}, "gfcc": {"cov": [[20564.7363281, 589.947998047, -2004.33349609, 1113.38293457, -794.310974121, -30.1843528748, -740.986206055, 427.344024658, -356.996490479, -246.446624756, -421.95022583, -186.788101196, -206.517974854], [589.947998047, 1480.41235352, 110.547790527, -176.948242188, 307.796783447, -34.2286453247, 222.792037964, -228.594650269, 42.8657112122, -94.3804779053, 85.662689209, -135.890075684, 30.7986698151], [-2004.33349609, 110.547790527, 1133.68029785, 15.6478223801, 174.745147705, 212.02684021, 195.117446899, -119.210578918, -3.48515892029, 95.1201095581, 7.25319099426, 93.0741424561, -29.8154697418], [1113.38293457, -176.948242188, 15.6478223801, 466.364929199, -30.7700481415, -4.17358541489, -77.9432983398, 100.60774231, 4.77581310272, -6.28580999374, -59.0066490173, 31.1136646271, -3.10211658478], [-794.310974121, 307.796783447, 174.745147705, -30.7700481415, 392.193023682, 60.1431884766, 111.984451294, -82.3468780518, 37.2145118713, 15.0498867035, -0.235723719001, -4.89085054398, 20.8936862946], [-30.1843528748, -34.2286453247, 212.02684021, -4.17358541489, 60.1431884766, 287.3565979, 74.4083938599, -56.7327308655, -31.1698360443, 47.1811714172, -23.4610691071, 5.0817155838, -14.6512985229], [-740.986206055, 222.792037964, 195.117446899, -77.9432983398, 111.984451294, 74.4083938599, 246.98916626, -45.5515098572, -3.82535099983, -5.54599237442, 37.7647285461, -13.2828178406, -0.425502717495], [427.344024658, -228.594650269, -119.210578918, 100.60774231, -82.3468780518, -56.7327308655, -45.5515098572, 246.447341919, 30.5734176636, 4.18269586563, -1.73371720314, 26.6006298065, 7.34350347519], [-356.996490479, 42.8657112122, -3.48515892029, 4.77581310272, 37.2145118713, -31.1698360443, -3.82535099983, 30.5734176636, 120.576446533, 26.1922416687, -1.9453214407, -1.51417958736, 17.779756546], [-246.446624756, -94.3804779053, 95.1201095581, -6.28580999374, 15.0498867035, 47.1811714172, -5.54599237442, 4.18269586563, 26.1922416687, 122.178375244, -0.656701505184, 27.0751361847, -5.79883337021], [-421.95022583, 85.662689209, 7.25319099426, -59.0066490173, -0.235723719001, -23.4610691071, 37.7647285461, -1.73371720314, -1.9453214407, -0.656701505184, 122.425994873, 13.7365140915, 18.5092639923], [-186.788101196, -135.890075684, 93.0741424561, 31.1136646271, -4.89085054398, 5.0817155838, -13.2828178406, 26.6006298065, -1.51417958736, 27.0751361847, 13.7365140915, 107.474594116, 17.813085556], [-206.517974854, 30.7986698151, -29.8154697418, -3.10211658478, 20.8936862946, -14.6512985229, -0.425502717495, 7.34350347519, 17.779756546, -5.79883337021, 18.5092639923, 17.813085556, 66.1863327026]], "icov": [[0.00013839287567, -0.000320094317431, 0.000261250621406, -0.000282703636913, 0.000241402070969, -0.000268624193268, 0.0002630231902, -0.000260032771621, 0.00043552328134, -0.000101521152828, 0.000387164560379, -0.000275444617728, 0.000420050579123], [-0.000320094317431, 0.00200098589994, -0.000699267664459, 0.00066387699917, -0.00117939698976, 0.00100625643972, -0.00116523890756, 0.00140860979445, -0.00147650064901, 0.000939770136029, -0.00160194199998, 0.00197007274255, -0.00138576107565], [0.000261250621406, -0.000699267664459, 0.00192418729421, -0.000789349141996, 0.000297858263366, -0.00104800669942, -0.000402017321903, 4.56669877167e-05, 0.000628095178399, -0.000799369765446, 0.000793657149188, -0.00204309285618, 0.00172585353721], [-0.000282703636913, 0.00066387699917, -0.000789349141996, 0.00326705374755, -0.000644126383122, 0.000396505114622, 0.000238030013861, -0.000586801674217, -0.000807295320556, 0.000792437873315, 0.000284637237201, 0.000107251085865, -0.000857913692016], [0.000241402070969, -0.00117939698976, 0.000297858263366, -0.000644126383122, 0.00414140289649, -0.000824982707854, -0.000553637510166, 0.000147279046359, -0.000187069395906, -0.000651709036902, 0.00149752746802, -0.00100759835914, -0.00025829806691], [-0.000268624193268, 0.00100625643972, -0.00104800669942, 0.000396505114622, -0.000824982707854, 0.00550186587498, -0.00181686249562, 0.00122506101616, 0.000644343323074, -0.00156395882368, 0.000284007197479, 0.00133480888326, -0.00117797777057], [0.0002630231902, -0.00116523890756, -0.000402017321903, 0.000238030013861, -0.000553637510166, -0.00181686249562, 0.00701140752062, -0.00134998105932, 0.00107777956873, 0.00085228914395, -0.000845517963171, 0.000248133059358, 0.00111523782834], [-0.000260032771621, 0.00140860979445, 4.56669877167e-05, -0.000586801674217, 0.000147279046359, 0.00122506101616, -0.00134998105932, 0.00651408452541, -0.0026299462188, 0.000277320272289, -0.00131853215862, -0.000170905637788, -0.000834994600154], [0.00043552328134, -0.00147650064901, 0.000628095178399, -0.000807295320556, -0.000187069395906, 0.000644343323074, 0.00107777956873, -0.0026299462188, 0.0121331308037, -0.00362309999764, 0.00222045555711, 0.0003746325674, -0.00150703766849], [-0.000101521152828, 0.000939770136029, -0.000799369765446, 0.000792437873315, -0.000651709036902, -0.00156395882368, 0.00085228914395, 0.000277320272289, -0.00362309999764, 0.0112328156829, -0.00119313411415, -0.00140930735506, 0.00142759038135], [0.000387164560379, -0.00160194199998, 0.000793657149188, 0.000284637237201, 0.00149752746802, 0.000284007197479, -0.000845517963171, -0.00131853215862, 0.00222045555711, -0.00119313411415, 0.011524900794, -0.00280219200067, -0.00111449370161], [-0.000275444617728, 0.00197007274255, -0.00204309285618, 0.000107251085865, -0.00100759835914, 0.00133480888326, 0.000248133059358, -0.000170905637788, 0.0003746325674, -0.00140930735506, -0.00280219200067, 0.014638768509, -0.00543770194054], [0.000420050579123, -0.00138576107565, 0.00172585353721, -0.000857913692016, -0.00025829806691, -0.00117797777057, 0.00111523782834, -0.000834994600154, -0.00150703766849, 0.00142759038135, -0.00111449370161, -0.00543770194054, 0.0200272686779]], "mean": [-46.8385696411, 105.473068237, -115.068809509, 24.4303131104, -43.9791641235, 9.55859375, -30.9185562134, -0.115430317819, -25.817276001, -7.10745048523, -13.1588859558, -7.49002599716, -12.7490949631]}, "hfc": {"dmean": 5.34598207474, "dmean2": 7.64967727661, "dvar": 77.2089691162, "dvar2": 150.616928101, "max": 160.039611816, "mean": 17.000705719, "median": 11.6016464233, "min": 1.09016832846e-16, "var": 305.303192139}, "melbands": {"dmean": [0.00224293209612, 0.00344504788518, 0.00103584339377, 0.000322885840433, 0.000187745768926, 0.000125186808873, 8.26762552606e-05, 6.09037670074e-05, 8.53486271808e-05, 9.40303361858e-05, 5.16020299983e-05, 4.94865234941e-05, 4.2851017497e-05, 3.72386166418e-05, 2.15772161027e-05, 3.02137614199e-05, 2.86858175969e-05, 2.84492798528e-05, 2.35045099544e-05, 1.63988988788e-05, 1.18954267236e-05, 1.00321503851e-05, 8.31954275782e-06, 1.03503170976e-05, 1.0152498362e-05, 5.39300344826e-06, 5.16116278959e-06, 3.2907773857e-06, 2.21773211706e-06, 1.72258012299e-06, 1.91852404896e-06, 1.766008495e-06, 1.67608425272e-06, 1.35951313496e-06, 1.22516053125e-06, 8.58236433032e-07, 5.54665120944e-07, 3.54262397195e-07, 3.0073587709e-07, 2.54848629311e-07], "dmean2": [0.00395716680214, 0.00621449295431, 0.0018015637761, 0.00054197217105, 0.000303737382637, 0.000198643116164, 0.000132940025651, 9.58277960308e-05, 0.000122972604004, 0.000131137436256, 7.45216893847e-05, 7.45502256905e-05, 6.32512746961e-05, 5.54084581381e-05, 3.26953013428e-05, 4.52927633887e-05, 4.38273964392e-05, 4.25089601777e-05, 3.52144088538e-05, 2.47371026489e-05, 1.78685331775e-05, 1.55703492055e-05, 1.32746390591e-05, 1.5763731426e-05, 1.54832687258e-05, 8.28498286864e-06, 7.80874597694e-06, 4.94197411172e-06, 3.30716397912e-06, 2.54199471783e-06, 2.86065960609e-06, 2.57631973e-06, 2.38040934164e-06, 1.99113515009e-06, 1.776576255e-06, 1.23164795696e-06, 8.0558385207e-07, 5.19153445566e-07, 4.35588475511e-07, 3.75385695861e-07], "dvar": [4.91185273859e-05, 0.000113734735351, 6.1536748035e-06, 3.94068990772e-07, 1.09768897971e-07, 5.56771695415e-08, 3.46311814781e-08, 1.87874071855e-08, 3.82629572471e-08, 4.71327865625e-08, 1.5387918495e-08, 1.40331604115e-08, 1.02032027272e-08, 9.59639745446e-09, 2.5770787726e-09, 4.92488672066e-09, 3.73184194657e-09, 3.2457385668e-09, 2.92780311106e-09, 1.52482559912e-09, 8.89678886118e-10, 5.70166636127e-10, 3.47091744235e-10, 5.09647934965e-10, 4.64070726292e-10, 1.20060836273e-10, 1.2204416644e-10, 5.23008858444e-11, 3.17203659173e-11, 2.78555407907e-11, 3.38630720687e-11, 4.01309645237e-11, 4.89671081461e-11, 2.68399504011e-11, 2.41678829727e-11, 1.66668970292e-11, 7.52126139147e-12, 2.14169480761e-12, 2.66666007852e-12, 7.91471705883e-13], "dvar2": [0.000132326094899, 0.000313580472721, 1.64560860867e-05, 1.05808715034e-06, 2.76750881767e-07, 1.4149117078e-07, 8.60101039279e-08, 4.44154437673e-08, 7.51625677253e-08, 8.72375309768e-08, 3.24319699985e-08, 2.94949682456e-08, 2.09289954256e-08, 2.25536389564e-08, 5.6551607841e-09, 1.04281481228e-08, 8.72233307803e-09, 7.03932245827e-09, 6.46665609949e-09, 3.38162542413e-09, 2.04430850026e-09, 1.26974353254e-09, 8.53806469969e-10, 1.16656739824e-09, 9.71593139276e-10, 2.75775319247e-10, 2.66164423834e-10, 1.12070873415e-10, 6.77286074446e-11, 6.28768287436e-11, 7.26200904966e-11, 7.99488947267e-11, 9.9106098328e-11, 6.33540234163e-11, 4.88469473203e-11, 3.34465788399e-11, 1.30107487284e-11, 5.02285799758e-12, 5.70882533954e-12, 1.60506471395e-12], "max": [0.0528446994722, 0.0794926807284, 0.0449120029807, 0.0133903231472, 0.00589886680245, 0.00481162779033, 0.00488808378577, 0.00289431586862, 0.00488335173577, 0.00490281358361, 0.00404067942873, 0.00435411883518, 0.00286368560046, 0.00339619419537, 0.00119000836276, 0.00181141996291, 0.00147953641135, 0.000999192125164, 0.00146466819569, 0.00099547218997, 0.0011003180407, 0.000715341360774, 0.000445169629529, 0.000666071195155, 0.000688504602294, 0.000276784354355, 0.000311158335535, 0.000198215420824, 0.00016377074644, 0.000173451684532, 0.000149474231876, 0.000252784258919, 0.000338438898325, 0.000219315174036, 0.000180563612957, 0.00015478527348, 0.000215339139686, 8.23283626232e-05, 9.95420123218e-05, 3.78902768716e-05], "mean": [0.00168883032165, 0.00285742618144, 0.00146730884444, 0.000644900894258, 0.000390806730138, 0.000245541508775, 0.000149749219418, 0.000105406790681, 0.000198095833184, 0.000259379652562, 0.000111475586891, 0.000108002939669, 9.75348302745e-05, 8.10835626908e-05, 4.2633175326e-05, 5.98968581471e-05, 5.62179884582e-05, 5.56728227821e-05, 4.28532148362e-05, 2.99230232486e-05, 2.24447867367e-05, 1.82780204341e-05, 1.44833638842e-05, 2.08331366593e-05, 2.14612045966e-05, 1.08523445306e-05, 9.42129281611e-06, 5.76119555262e-06, 3.49630136043e-06, 2.33898026636e-06, 2.37979111262e-06, 2.25755866268e-06, 2.18095397031e-06, 1.77477807028e-06, 1.64808386671e-06, 1.21044240586e-06, 7.78530477419e-07, 5.37469759365e-07, 4.3201976041e-07, 3.48894616309e-07], "median": [0.000222367147217, 0.000887758505996, 0.00108208006714, 0.000439424533397, 0.00020026160928, 0.000110661087092, 4.79650989291e-05, 3.11567928293e-05, 4.38438255514e-05, 4.23926503572e-05, 2.96994167002e-05, 2.58330474026e-05, 2.77116378129e-05, 2.39864457399e-05, 1.02792328107e-05, 1.67687139765e-05, 1.688827615e-05, 1.49293928189e-05, 7.90565718489e-06, 5.74297155254e-06, 5.67342431168e-06, 4.42521923105e-06, 4.79736945636e-06, 6.01365854891e-06, 5.57767134524e-06, 3.3820497265e-06, 3.02237231153e-06, 1.62989863384e-06, 7.50934702864e-07, 3.60693604762e-07, 3.35937045293e-07, 2.93700395559e-07, 2.67518345254e-07, 2.55085524259e-07, 2.03975574209e-07, 1.48546035916e-07, 1.00712128415e-07, 1.11252234092e-07, 7.97803494379e-08, 5.16101295034e-08], "min": [1.09115329157e-24, 1.40073573876e-24, 1.13825578179e-24, 1.75746928972e-24, 1.85449878663e-24, 2.36487226801e-24, 3.36845736454e-24, 2.33481666752e-24, 1.50229576246e-24, 1.7645073095e-24, 2.76923940979e-24, 2.92566500527e-24, 2.41763345471e-24, 4.01225779334e-24, 3.18878068552e-24, 3.58167621203e-24, 3.86619585801e-24, 2.59545611339e-24, 3.05205906052e-24, 2.83621153128e-24, 3.65607644501e-24, 3.29830889462e-24, 5.59023164484e-24, 5.80687493752e-24, 4.908143852e-24, 4.87091198386e-24, 4.80555959103e-24, 5.18275224957e-24, 5.81530904389e-24, 4.54049009953e-24, 5.58162320021e-24, 5.59999182639e-24, 5.64725129993e-24, 5.3805208618e-24, 6.03734262313e-24, 5.8638736878e-24, 7.23404382749e-24, 7.82797720303e-24, 6.45466700251e-24, 6.55286046368e-24], "var": [3.39345788234e-05, 7.24997444195e-05, 5.15418014402e-06, 6.04114234193e-07, 3.26934838313e-07, 1.46561120573e-07, 9.20837663898e-08, 4.14999092868e-08, 1.82306820307e-07, 3.27777996745e-07, 5.83919792518e-08, 6.27585592383e-08, 5.97927680701e-08, 5.1253486788e-08, 8.12522493732e-09, 1.67172942156e-08, 1.07788418191e-08, 9.29991639254e-09, 7.23066762021e-09, 4.44149783618e-09, 2.36504837936e-09, 1.5954806365e-09, 6.7337940779e-10, 1.44652712031e-09, 1.57764012965e-09, 3.55152018905e-10, 2.78872036574e-10, 1.167775876e-10, 6.05469008264e-11, 3.94627733269e-11, 5.15802886514e-11, 6.52465997897e-11, 8.60197538199e-11, 4.05993572095e-11, 4.53246398746e-11, 3.1407335066e-11, 1.65750121961e-11, 3.86450290171e-12, 4.97845601549e-12, 2.03157412768e-12]}, "melbands_crest": {"dmean": 3.06805372238, "dmean2": 4.98365211487, "dvar": 11.6962127686, "dvar2": 28.5395755768, "max": 37.7353820801, "mean": 13.9123907089, "median": 12.8818511963, "min": 1.63535583019, "var": 29.6673927307}, "melbands_flatness_db": {"dmean": 0.0324770957232, "dmean2": 0.0492518506944, "dvar": 0.00138234731276, "dvar2": 0.00342041905969, "max": 0.604947447777, "mean": 0.224394187331, "median": 0.207668766379, "min": 0.00281430780888, "var": 0.0066525042057}, "melbands_kurtosis": {"dmean": 10.6697340012, "dmean2": 18.1743202209, "dvar": 628.324707031, "dvar2": 1716.64990234, "max": 509.345916748, "mean": 13.2819385529, "median": 4.99493074417, "min": -1.9069865942, "var": 599.401062012}, "melbands_skewness": {"dmean": 0.937586665154, "dmean2": 1.49713778496, "dvar": 1.95491373539, "dvar2": 5.00333786011, "max": 20.6558113098, "mean": 2.53985452652, "median": 2.10836362839, "min": -2.28536438942, "var": 3.44831585884}, "melbands_spread": {"dmean": 7.06722974777, "dmean2": 10.9616889954, "dvar": 92.9690933228, "dvar2": 216.703125, "max": 211.21434021, "mean": 23.1122093201, "median": 20.9796676636, "min": 0.459641993046, "var": 296.558929443}, "mfcc": {"cov": [[14059.9013672, -307.943695068, -962.166259766, 787.383483887, 63.1435317993, -437.75390625, -369.715545654, 163.928726196, -49.2497520447, 197.392379761, -145.802871704, -304.460754395, -89.3115081787], [-307.943695068, 1789.77404785, 78.4318237305, -29.7491054535, 61.4222488403, 221.883285522, 212.990188599, -20.7260341644, -19.9911174774, -11.0981626511, 47.5178871155, 18.0362434387, -47.7379341125], [-962.166259766, 78.4318237305, 801.355834961, 5.62172842026, 5.33936738968, 229.469955444, 112.240867615, 30.1936130524, 27.7393856049, -62.9051170349, 46.1352767944, 76.9303894043, 16.3123035431], [787.383483887, -29.7491054535, 5.62172842026, 377.192077637, 80.4097900391, -46.8596687317, -45.2570762634, 54.7775726318, 40.5973854065, 2.08188509941, -22.8044052124, 2.9766163826, 31.0253391266], [63.1435317993, 61.4222488403, 5.33936738968, 80.4097900391, 207.521713257, 43.7058486938, -6.01410722733, 14.907034874, 25.4980430603, 20.6384353638, -2.77903699875, -12.3009719849, 17.2493133545], [-437.75390625, 221.883285522, 229.469955444, -46.8596687317, 43.7058486938, 381.554840088, 122.541778564, -19.9098129272, 38.5601387024, -36.6491088867, 39.544960022, 13.1959114075, -11.5441999435], [-369.715545654, 212.990188599, 112.240867615, -45.2570762634, -6.01410722733, 122.541778564, 227.444900513, 39.5731010437, -6.62094545364, -7.43272781372, 32.2328872681, 2.79924631119, -10.3174314499], [163.928726196, -20.7260341644, 30.1936130524, 54.7775726318, 14.907034874, -19.9098129272, 39.5731010437, 126.238052368, 27.4336280823, 1.18437731266, -3.9366145134, -0.281568825245, 10.5259160995], [-49.2497520447, -19.9911174774, 27.7393856049, 40.5973854065, 25.4980430603, 38.5601387024, -6.62094545364, 27.4336280823, 120.714561462, 24.8836612701, 10.6790437698, 6.7903008461, 12.6027526855], [197.392379761, -11.0981626511, -62.9051170349, 2.08188509941, 20.6384353638, -36.6491088867, -7.43272781372, 1.18437731266, 24.8836612701, 110.593955994, 21.6701965332, -21.066160202, -14.4842157364], [-145.802871704, 47.5178871155, 46.1352767944, -22.8044052124, -2.77903699875, 39.544960022, 32.2328872681, -3.9366145134, 10.6790437698, 21.6701965332, 77.8062438965, 19.9403934479, -4.16779375076], [-304.460754395, 18.0362434387, 76.9303894043, 2.9766163826, -12.3009719849, 13.1959114075, 2.79924631119, -0.281568825245, 6.7903008461, -21.066160202, 19.9403934479, 97.2517700195, 27.1973991394], [-89.3115081787, -47.7379341125, 16.3123035431, 31.0253391266, 17.2493133545, -11.5441999435, -10.3174314499, 10.5259160995, 12.6027526855, -14.4842157364, -4.16779375076, 27.1973991394, 82.5408782959]], "icov": [[9.9801000033e-05, -3.91046160075e-06, 8.69002615218e-05, -0.000217081920709, 8.20859640953e-05, -5.80174637435e-05, 0.00013910177222, -0.000154596389621, 0.000145333775436, -0.00013537783525, 1.04581431515e-05, 0.000203849063837, 6.93949768902e-05], [-3.91046160075e-06, 0.000677606847603, 8.72704476933e-05, -6.98103976902e-05, -0.000235121289734, -0.000204459123779, -0.000601443171035, 0.00024982218747, 0.000111267167085, 4.53492393717e-05, -7.09513624315e-05, -0.000281302229268, 0.000390237837564], [8.69002615218e-05, 8.72704476933e-05, 0.0018004286103, -0.000337350880727, 0.00013954367023, -0.000949445529841, -0.000190976803424, -0.000544687034562, 0.000118930794997, 0.000444973062258, -0.000429607345723, -0.000865748443175, 0.000122626894154], [-0.000217081920709, -6.98103976902e-05, -0.000337350880727, 0.00382572412491, -0.0013197286753, 0.000556286657229, 0.000345043517882, -0.000878285965882, -0.00104392180219, 0.000525208364706, 0.000527512340341, -0.000498830748256, -0.000695315247867], [8.20859640953e-05, -0.000235121289734, 0.00013954367023, -0.0013197286753, 0.00606140028685, -0.00130358699244, 0.000806708470918, -0.000653189374134, 0.000135466107167, -0.00166512618307, 0.000419135816628, 0.00111301674042, -0.00150203274097], [-5.80174637435e-05, -0.000204459123779, -0.000949445529841, 0.000556286657229, -0.00130358699244, 0.00479744141921, -0.0020949980244, 0.00197705207393, -0.00229026423767, 0.00213192030787, -0.00114105222747, 0.000491721206345, 0.000731074309442], [0.00013910177222, -0.000601443171035, -0.000190976803424, 0.000345043517882, 0.000806708470918, -0.0020949980244, 0.0073547787033, -0.00354118598625, 0.00183806521818, -0.000675535644405, -0.00160865893122, 0.00095611368306, -0.000175420078449], [-0.000154596389621, 0.00024982218747, -0.000544687034562, -0.000878285965882, -0.000653189374134, 0.00197705207393, -0.00354118598625, 0.0108659984544, -0.00297830649652, 0.000923881074414, 0.000724734505638, 7.31630134396e-05, -0.000370964669855], [0.000145333775436, 0.000111267167085, 0.000118930794997, -0.00104392180219, 0.000135466107167, -0.00229026423767, 0.00183806521818, -0.00297830649652, 0.0110786519945, -0.00345083302818, -0.000438157148892, -0.000420904252678, -0.00132910604589], [-0.00013537783525, 4.53492393717e-05, 0.000444973062258, 0.000525208364706, -0.00166512618307, 0.00213192030787, -0.000675535644405, 0.000923881074414, -0.00345083302818, 0.0128724472597, -0.00478764250875, 0.0022148208227, 0.00185248721391], [1.04581431515e-05, -7.09513624315e-05, -0.000429607345723, 0.000527512340341, 0.000419135816628, -0.00114105222747, -0.00160865893122, 0.000724734505638, -0.000438157148892, -0.00478764250875, 0.0171077251434, -0.0041003478691, 0.000757897854783], [0.000203849063837, -0.000281302229268, -0.000865748443175, -0.000498830748256, 0.00111301674042, 0.000491721206345, 0.00095611368306, 7.31630134396e-05, -0.000420904252678, 0.0022148208227, -0.0041003478691, 0.0142087694257, -0.0040731113404], [6.93949768902e-05, 0.000390237837564, 0.000122626894154, -0.000695315247867, -0.00150203274097, 0.000731074309442, -0.000175420078449, -0.000370964669855, -0.00132910604589, 0.00185248721391, 0.000757897854783, -0.0040731113404, 0.015003008768]], "mean": [-688.294555664, 137.232376099, -5.45827150345, 21.1731834412, 6.0285487175, 7.08600378036, 6.60229492188, 5.01777982712, -7.16191959381, 2.27854990959, -1.56753075123, -7.69261741638, -5.89206695557]}, "pitch_salience": {"dmean": 0.076447583735, "dmean2": 0.126061558723, "dvar": 0.00699548143893, "dvar2": 0.0186083875597, "max": 0.916639208794, "mean": 0.524550139904, "median": 0.530110895634, "min": 0.0821807011962, "var": 0.0143549703062}, "silence_rate_20dB": {"dmean": 0, "dmean2": 0, "dvar": 0, "dvar2": 0, "max": 1, "mean": 1, "median": 1, "min": 1, "var": 0}, "silence_rate_30dB": {"dmean": 0.0590973868966, "dmean2": 0.118206001818, "dvar": 0.0555994659662, "dvar2": 0.122470811009, "max": 1, "mean": 0.949648499489, "median": 1, "min": 0, "var": 0.0478142537177}, "silence_rate_60dB": {"dmean": 0.0247030872852, "dmean2": 0.0494108721614, "dvar": 0.0240929163992, "dvar2": 0.0532409772277, "max": 1, "mean": 0.131293937564, "median": 0, "min": 0, "var": 0.114046663046}, "spectral_centroid": {"dmean": 239.07043457, "dmean2": 365.031677246, "dvar": 88016.7734375, "dvar2": 193638.703125, "max": 11490.1113281, "mean": 1277.8404541, "median": 1215.38647461, "min": 127.948799133, "var": 762851.125}, "spectral_complexity": {"dmean": 3.14432311058, "dmean2": 4.61288499832, "dvar": 17.0406093597, "dvar2": 31.9630222321, "max": 60, "mean": 16.2500476837, "median": 15, "min": 0, "var": 104.552192688}, "spectral_contrast_coeffs": {"dmean": [0.0479247309268, 0.0429257377982, 0.0384293608367, 0.0350251346827, 0.0257512144744, 0.0207055155188], "dmean2": [0.0789669528604, 0.0694015994668, 0.0590266175568, 0.0533720552921, 0.0389985144138, 0.0313887894154], "dvar": [0.00193564896472, 0.00133427092806, 0.00106218550354, 0.000882162537891, 0.000548337004147, 0.000402176025091], "dvar2": [0.00516666844487, 0.00338375638239, 0.0023872947786, 0.00197936105542, 0.00109580066055, 0.000893701857422], "max": [-0.299867987633, -0.366551369429, -0.427831739187, -0.483252465725, -0.540792346001, -0.5670825243], "mean": [-0.629680752754, -0.733809828758, -0.735745310783, -0.733580589294, -0.769503235817, -0.779100954533], "median": [-0.623035430908, -0.746459960938, -0.743737101555, -0.734773874283, -0.772302269936, -0.780530512333], "min": [-0.974424183369, -0.978031516075, -0.976210057735, -0.97043722868, -0.965507149696, -0.964590370655], "var": [0.00692229205742, 0.00796549860388, 0.0065511376597, 0.00512574892491, 0.00456814328209, 0.00192927860189]}, "spectral_contrast_valleys": {"dmean": [0.445944786072, 0.376174390316, 0.369013428688, 0.367607921362, 0.376822084188, 0.474833786488], "dmean2": [0.687749505043, 0.596845090389, 0.555842101574, 0.543864786625, 0.517190158367, 0.605525434017], "dvar": [0.231124028563, 0.141311615705, 0.124251246452, 0.139050126076, 0.178633525968, 0.237252131104], "dvar2": [0.425990074873, 0.315948426723, 0.254139244556, 0.282902777195, 0.328695863485, 0.420093864202], "max": [-4.88275051117, -4.76144170761, -5.42667770386, -5.68926763535, -5.63901376724, -7.82010984421], "mean": [-7.57899475098, -7.28487062454, -7.85267353058, -8.42695808411, -8.3320016861, -10.9303722382], "median": [-7.10900163651, -6.97752761841, -7.57743215561, -8.21441936493, -8.06869506836, -10.6667137146], "min": [-28.2211208344, -28.0064716339, -27.8653087616, -27.7629776001, -27.4643936157, -27.321849823], "var": [3.40054678917, 3.22160387039, 3.11269640923, 3.10337209702, 3.28270840645, 2.83127522469]}, "spectral_decrease": {"dmean": 4.64976057657e-09, "dmean2": 7.95539367715e-09, "dvar": 1.37915757357e-16, "dvar2": 3.65199049302e-16, "max": 2.02714671113e-28, "mean": -7.05744440666e-09, "median": -4.31048441385e-09, "min": -9.2090054693e-08, "var": 1.13024225129e-16}, "spectral_energy": {"dmean": 0.017946112901, "dmean2": 0.0305693857372, "dvar": 0.00200450839475, "dvar2": 0.00529870856553, "max": 0.357709556818, "mean": 0.0281784199178, "median": 0.017574865371, "min": 1.00583207626e-20, "var": 0.00168190314434}, "spectral_energyband_high": {"dmean": 0.000302320026094, "dmean2": 0.0004143108672, "dvar": 6.68653115099e-07, "dvar2": 1.22705569083e-06, "max": 0.0229991860688, "mean": 0.000497902859934, "median": 0.000119572418043, "min": 7.18455475851e-21, "var": 1.51168956108e-06}, "spectral_energyband_low": {"dmean": 0.0153592117131, "dmean2": 0.027065211907, "dvar": 0.00191048684064, "dvar2": 0.0051213032566, "max": 0.30222851038, "mean": 0.0140083776787, "median": 0.00547169614583, "min": 1.30011582032e-23, "var": 0.00133499759249}, "spectral_energyband_middle_high": {"dmean": 0.00137249368709, "dmean2": 0.00196489575319, "dvar": 3.89077877117e-06, "dvar2": 7.93723393144e-06, "max": 0.0395172126591, "mean": 0.00527638895437, "median": 0.00311027467251, "min": 1.21270251576e-21, "var": 3.55045558535e-05}, "spectral_energyband_middle_low": {"dmean": 0.00379809457809, "dmean2": 0.00613774778321, "dvar": 5.79707739234e-05, "dvar2": 0.000145052166772, "max": 0.164673417807, "mean": 0.0102810030803, "median": 0.00803727842867, "min": 1.87478183623e-22, "var": 0.000101506790088}, "spectral_entropy": {"dmean": 0.208390548825, "dmean2": 0.284915834665, "dvar": 0.0495601221919, "dvar2": 0.0927757099271, "max": 9.81453609467, "mean": 7.26606655121, "median": 7.2940158844, "min": 5.02091789246, "var": 0.325927942991}, "spectral_flux": {"dmean": 0.0395556017756, "dmean2": 0.0628889650106, "dvar": 0.00480580795556, "dvar2": 0.00958359893411, "max": 0.521501362324, "mean": 0.0837753936648, "median": 0.0557198226452, "min": 6.29863383672e-11, "var": 0.00783383287489}, "spectral_kurtosis": {"dmean": 2.7754380703, "dmean2": 4.51220750809, "dvar": 17.3949279785, "dvar2": 41.3200721741, "max": 87.7086715698, "mean": 7.15520143509, "median": 5.43246555328, "min": -1.28594481945, "var": 57.3543663025}, "spectral_rms": {"dmean": 0.00115564058069, "dmean2": 0.00184977496974, "dvar": 5.18889009982e-06, "dvar2": 1.27487628561e-05, "max": 0.0186811387539, "mean": 0.00444265501574, "median": 0.00414079800248, "min": 3.13257015813e-12, "var": 7.75407079345e-06}, "spectral_rolloff": {"dmean": 487.191650391, "dmean2": 829.301757813, "dvar": 977914.625, "dvar2": 2722430.25, "max": 19573.6816406, "mean": 1432.02233887, "median": 1227.39257813, "min": 21.533203125, "var": 2693233.5}, "spectral_skewness": {"dmean": 0.309724062681, "dmean2": 0.484258621931, "dvar": 0.134755179286, "dvar2": 0.30669900775, "max": 7.63663959503, "mean": 1.83311986923, "median": 1.6963211298, "min": -0.208211898804, "var": 0.649403572083}, "spectral_spread": {"dmean": 683955.375, "dmean2": 971700.5625, "dvar": 743339917312, "dvar2": 1441801699330.0, "max": 43440588, "m