{"lowlevel": {"average_loudness": 0.60595023632, "barkbands": {"dmean": [0.000421969947638, 0.00629565538839, 0.00345786288381, 0.00142019148916, 0.00170370575506, 0.00123172695749, 0.00167164381128, 0.000361896934919, 0.000303140230244, 0.000144640536746, 9.89002655842e-05, 5.89711016801e-05, 6.94300688338e-05, 7.09328596713e-05, 4.76696186524e-05, 2.66430233751e-05, 3.79459015676e-05, 2.82228083961e-05, 3.62092214345e-05, 1.90537848539e-05, 3.11859330395e-05, 3.18803104165e-05, 2.97360511468e-05, 2.08279161598e-05, 1.22439050756e-05, 1.52063535097e-06, 1.07164055407e-07], "dmean2": [0.000604724336881, 0.010115343146, 0.00574186025187, 0.00242083193734, 0.0027137347497, 0.00185026600957, 0.00247587100603, 0.000531493569724, 0.000440162926679, 0.000229473153013, 0.000155244008056, 8.78169157659e-05, 0.000104557148006, 0.000111693494546, 6.96678835084e-05, 3.82721955248e-05, 5.62019340578e-05, 4.05513492296e-05, 5.25556679349e-05, 2.7789386877e-05, 4.69365077151e-05, 4.87517645524e-05, 4.57883143099e-05, 3.20343351632e-05, 1.91521739907e-05, 2.35063453147e-06, 1.82503043789e-07], "dvar": [1.52581753809e-06, 0.000349959416781, 9.76813025773e-05, 1.24772950585e-05, 1.50995701915e-05, 1.25278193082e-05, 2.44640850724e-05, 2.18593163481e-06, 2.32668685385e-06, 5.22886409726e-07, 1.84283962312e-07, 6.15568680473e-08, 9.15878786145e-08, 1.77160771386e-07, 4.14845509056e-08, 1.19951151234e-08, 1.80674568639e-08, 1.31006201443e-08, 1.71448508723e-08, 1.12347517955e-08, 2.01955483448e-08, 2.32006431844e-08, 6.27659062502e-08, 2.20728928468e-08, 4.58379822987e-09, 8.19535550534e-11, 6.04648167472e-13], "dvar2": [2.83644180854e-06, 0.000835453451145, 0.000257740059169, 3.52655515599e-05, 3.87650907214e-05, 2.50740195042e-05, 4.79874834127e-05, 4.13195812143e-06, 5.46199817109e-06, 1.27315934151e-06, 4.49280605608e-07, 1.27416626583e-07, 2.18568786181e-07, 4.56278712591e-07, 7.6160496576e-08, 2.31219825508e-08, 3.61928655934e-08, 2.57907153411e-08, 3.32177130247e-08, 1.86271105207e-08, 4.2992333249e-08, 4.56777584645e-08, 1.45799830875e-07, 5.12274489495e-08, 1.12609193081e-08, 1.97181548867e-10, 1.56587980429e-12], "max": [0.0202454384416, 0.339876949787, 0.182744622231, 0.0810960903764, 0.0973515287042, 0.136982083321, 0.121063485742, 0.0684823915362, 0.0879600346088, 0.0317715443671, 0.0160301104188, 0.0100132040679, 0.00989345088601, 0.0198428947479, 0.00624606572092, 0.003618812887, 0.00447301520035, 0.00559147307649, 0.00483644008636, 0.00425067031756, 0.00441692071036, 0.00541334599257, 0.0134538244456, 0.00885364972055, 0.00246349954978, 0.000336681638146, 2.60661327047e-05], "mean": [0.00049641309306, 0.010246691294, 0.0054744174704, 0.00227349321358, 0.00329833850265, 0.00252200383693, 0.00333568640053, 0.000602002197411, 0.000603622349445, 0.00021980132442, 0.000151293163071, 0.000100463708804, 0.000106193561805, 0.000106812280137, 8.48661220516e-05, 4.75845008623e-05, 7.25938079995e-05, 5.3118532378e-05, 6.51106674923e-05, 2.84744455712e-05, 4.43890639872e-05, 4.30335931014e-05, 3.6713303416e-05, 2.27550463023e-05, 1.28566971398e-05, 1.71988529019e-06, 1.18086092016e-07], "median": [6.55745243421e-05, 0.00442251563072, 0.00180166051723, 0.000927138491534, 0.001375480555, 0.000613851996604, 0.000342124490999, 8.24909948278e-05, 8.79303843249e-05, 3.26214722008e-05, 3.13061391353e-05, 2.19843714149e-05, 1.64469511219e-05, 9.74933027464e-06, 1.42879089253e-05, 5.37614141649e-06, 1.07058258436e-05, 6.32223418506e-06, 8.82931453816e-06, 4.025173439e-06, 5.39387656318e-06, 4.52372387372e-06, 2.56919065578e-06, 8.99534370546e-07, 4.56695232742e-07, 1.50483543848e-07, 4.49565362715e-08], "min": [1.15592813961e-23, 4.08768946196e-23, 5.71429004072e-23, 2.14647253708e-23, 2.42537415235e-23, 3.54733930563e-23, 7.500391037e-23, 4.70004715726e-23, 7.12969456913e-23, 8.05669196083e-23, 3.16736646461e-23, 1.05718399041e-22, 6.04649198969e-23, 1.17230031661e-22, 1.71178020159e-22, 1.40852944785e-22, 1.26993277147e-22, 2.50941021085e-22, 2.83888774979e-22, 3.92183852483e-22, 3.73033237956e-22, 6.86984403938e-22, 6.5172128649e-22, 6.42499565616e-22, 1.10899090944e-21, 1.71594861834e-21, 2.02435309504e-21], "var": [2.30595151152e-06, 0.00039635473513, 0.000135522335768, 1.89110814972e-05, 3.16639088851e-05, 4.06602703151e-05, 8.82566455402e-05, 4.80884182252e-06, 5.42725911146e-06, 7.85835368333e-07, 3.07971617985e-07, 1.26669036149e-07, 1.50627627704e-07, 2.26858915653e-07, 9.57198693641e-08, 3.08476977295e-08, 4.92491345483e-08, 3.47937714196e-08, 4.40716867445e-08, 2.47942146814e-08, 3.30985123753e-08, 4.45592469589e-08, 8.1967556298e-08, 3.14119539269e-08, 5.11854159058e-09, 9.48601544537e-11, 4.77807138473e-13]}, "barkbands_crest": {"dmean": 2.43828201294, "dmean2": 4.0068693161, "dvar": 5.66173124313, "dvar2": 14.3298120499, "max": 26.2037963867, "mean": 13.0673942566, "median": 12.4111347198, "min": 3.95597290993, "var": 19.1221599579}, "barkbands_flatness_db": {"dmean": 0.0224788319319, "dmean2": 0.0333168059587, "dvar": 0.000604969507549, "dvar2": 0.00125602819026, "max": 0.435255408287, "mean": 0.240610852838, "median": 0.239212244749, "min": 0.0528922118247, "var": 0.00367919076234}, "barkbands_kurtosis": {"dmean": 7.75291109085, "dmean2": 12.4326658249, "dvar": 296.75869751, "dvar2": 758.530273438, "max": 687.106994629, "mean": 19.6794395447, "median": 10.9178256989, "min": -1.93939089775, "var": 1691.0423584}, "barkbands_skewness": {"dmean": 0.681350052357, "dmean2": 1.05742299557, "dvar": 0.739112257957, "dvar2": 1.76564133167, "max": 21.9633178711, "mean": 2.82854890823, "median": 2.51921319962, "min": -1.99536705017, "var": 3.91665267944}, "barkbands_spread": {"dmean": 2.72366118431, "dmean2": 4.11625957489, "dvar": 39.2901687622, "dvar2": 79.78855896, "max": 146.324005127, "mean": 9.62978839874, "median": 5.32299995422, "min": 0.309175103903, "var": 312.9034729}, "dissonance": {"dmean": 0.0280308108777, "dmean2": 0.0466132201254, "dvar": 0.000686501793098, "dvar2": 0.00178414199036, "max": 0.500000119209, "mean": 0.42486718297, "median": 0.433169186115, "min": 0.201609566808, "var": 0.00215262244456}, "dynamic_complexity": 5.14151525497, "erbbands": {"dmean": [0.203998953104, 1.46234810352, 3.89163327217, 4.17538356781, 4.95454645157, 6.58005619049, 6.1415309906, 11.4124383926, 22.3557701111, 17.2454814911, 6.57639217377, 7.57911539078, 4.56336641312, 4.3282327652, 3.15678334236, 2.38217687607, 2.70813632011, 4.00629663467, 2.78933143616, 1.57570636272, 1.37046003342, 1.96334064007, 1.53422117233, 2.17275524139, 1.19510257244, 0.902009248734, 1.19607615471, 1.26650857925, 1.18046021461, 0.997110128403, 0.754599750042, 0.531662464142, 0.304042130709, 0.189052507281, 0.0554291158915, 0.0111682759598, 0.0021751371678, 0.000267217314104, 2.3766362574e-05, 1.3284526176e-05], "dmean2": [0.318310916424, 2.48201346397, 6.55556583405, 7.03756189346, 8.11818981171, 10.5073289871, 9.69463539124, 16.8756198883, 32.9760475159, 24.7100162506, 9.61691093445, 11.0269260406, 6.85168933868, 6.88050127029, 4.86428642273, 3.44276475906, 3.99212121964, 6.32326507568, 3.99171257019, 2.25324249268, 1.95325660706, 2.85303759575, 2.17673206329, 3.11126041412, 1.79599404335, 1.31742203236, 1.81367826462, 1.91059958935, 1.81873881817, 1.52395534515, 1.15893924236, 0.827696323395, 0.456854760647, 0.297259926796, 0.0859019681811, 0.0172136519104, 0.00338934129104, 0.000430544401752, 3.97567637265e-05, 2.01052662305e-05], "dvar": [0.337921112776, 22.2282104492, 141.481903076, 100.734367371, 203.435165405, 219.897644043, 337.031951904, 1313.30529785, 4270.82226563, 4088.5144043, 556.209960938, 1789.19970703, 526.24609375, 488.053924561, 141.294555664, 118.960212708, 118.808563232, 634.439453125, 139.20149231, 60.9223861694, 23.7560997009, 50.1890335083, 35.538105011, 57.7145767212, 32.8202018738, 27.6129055023, 34.8970832825, 34.6059951782, 31.9862098694, 34.2067375183, 47.0968818665, 27.1300907135, 2.61145710945, 1.11532151699, 0.0956316813827, 0.00432781549171, 0.000163918419275, 2.88882165478e-06, 2.10751149865e-08, 8.46577918878e-10], "dvar2": [0.714877188206, 58.3522262573, 383.928344727, 279.643218994, 549.464538574, 556.822753906, 748.555847168, 2628.35717773, 8757.56054688, 7585.38916016, 1171.51733398, 4420.37011719, 1181.07104492, 1266.078125, 324.941619873, 232.314758301, 264.068145752, 1694.83081055, 268.39855957, 119.202896118, 42.6535224915, 101.541290283, 70.0014801025, 107.205551147, 66.3237457275, 50.4608268738, 72.1315612793, 76.6061706543, 66.4493408203, 71.0479507446, 108.115562439, 68.3809661865, 5.23186540604, 2.69659948349, 0.235632687807, 0.0105540156364, 0.000388051354093, 7.25734389562e-06, 5.5525386955e-08, 1.955175577e-09], "max": [7.96810054779, 81.8220596313, 202.238327026, 222.242935181, 481.592407227, 391.448944092, 646.165100098, 1678.11352539, 2071.15698242, 2829.70703125, 1006.06561279, 2472.2331543, 1264.71875, 955.501220703, 468.31451416, 490.391174316, 394.989318848, 1126.10559082, 371.95401001, 304.390045166, 185.085723877, 258.095855713, 320.610961914, 273.309143066, 214.182876587, 210.616195679, 215.767990112, 179.702056885, 223.749588013, 246.920257568, 375.889221191, 298.361541748, 76.9364318848, 37.6487236023, 12.0154666901, 2.51161932945, 0.423276007175, 0.0721093565226, 0.004643201828, 0.00044604940922], "mean": [0.342243522406, 2.15041518211, 5.82061910629, 7.38854408264, 9.0447807312, 12.1093044281, 12.6638307571, 23.0105381012, 45.1450271606, 33.9763908386, 13.0895776749, 15.1899967194, 8.06003570557, 6.77839803696, 5.36745357513, 4.30150318146, 4.6714425087, 6.04074859619, 5.17231893539, 3.08437561989, 2.86258816719, 3.9408428669, 3.10279870033, 4.27997016907, 1.91567063332, 1.33926045895, 1.7539498806, 1.7631496191, 1.54212379456, 1.33595871925, 0.927441239357, 0.585513114929, 0.335892826319, 0.200528293848, 0.057708311826, 0.0123232686892, 0.00247248471715, 0.000314229953801, 3.59117111657e-05, 3.41483391821e-05], "median": [0.1059461236, 1.03489232063, 2.13624048233, 3.71505260468, 4.03100776672, 4.31769514084, 4.3613910675, 5.84523963928, 6.17461681366, 3.78366565704, 2.27068185806, 2.42005515099, 1.52468657494, 1.36596083641, 1.20644569397, 0.896606683731, 0.842314243317, 0.868842363358, 0.856781840324, 0.490285336971, 0.408012449741, 0.59868144989, 0.494010657072, 0.516770720482, 0.318574845791, 0.197608858347, 0.219765171409, 0.213754475117, 0.16031306982, 0.108173489571, 0.0649264007807, 0.0268152989447, 0.0125716775656, 0.00691055878997, 0.00224692584015, 0.0007129405858, 0.000278114515822, 8.17861582618e-05, 1.96909204533e-05, 2.09188456211e-05], "min": [1.58055151131e-21, 7.82147413665e-21, 5.99046138315e-20, 6.34770841125e-20, 1.21653258818e-19, 4.70754044224e-20, 2.41105674369e-19, 2.46511428919e-19, 7.20362333958e-19, 1.27457727348e-18, 1.38198884737e-18, 1.50178114368e-18, 1.37368488459e-18, 2.74623198226e-18, 2.32699575471e-18, 3.90903347693e-18, 2.83258653628e-18, 4.14232612022e-18, 6.98837336661e-18, 1.06217302928e-17, 6.81913965791e-18, 7.20994858293e-18, 1.01240959548e-17, 1.47472224604e-17, 1.96414863631e-17, 1.47806968054e-17, 1.06006611755e-17, 2.13293550205e-17, 1.92098833718e-17, 2.67855392569e-17, 1.96205983983e-17, 1.37690292737e-17, 1.06049906388e-17, 1.20471163439e-17, 8.37054088499e-18, 6.00028379104e-18, 3.04824327532e-18, 1.13250714211e-18, 2.79332301264e-19, 3.2864483504e-20], "var": [0.482802808285, 19.1624641418, 153.397689819, 151.462371826, 282.781097412, 515.928833008, 917.562194824, 3654.18334961, 13603.6630859, 15712.5537109, 1420.02392578, 3548.6472168, 1029.88244629, 653.296813965, 289.490997314, 255.21824646, 250.317733765, 689.291015625, 316.441467285, 130.30430603, 88.3480987549, 142.617767334, 97.8697967529, 164.823104858, 63.2492637634, 55.4493179321, 61.7523155212, 53.8318252563, 54.2304344177, 62.1059150696, 61.2813148499, 32.2438621521, 4.51809549332, 1.32905602455, 0.0998944565654, 0.00477985898033, 0.000198164809262, 2.70839109362e-06, 1.61339723803e-08, 1.73840364326e-09]}, "erbbands_crest": {"dmean": 2.56673336029, "dmean2": 4.03266620636, "dvar": 6.09740447998, "dvar2": 14.6826934814, "max": 30.5483570099, "mean": 11.0118188858, "median": 9.96799087524, "min": 2.66050410271, "var": 23.082277298}, "erbbands_flatness_db": {"dmean": 0.017591048032, "dmean2": 0.0251504890621, "dvar": 0.000322436651913, "dvar2": 0.000635765027255, "max": 0.362018406391, "mean": 0.185820207, "median": 0.185619741678, "min": 0.0248093903065, "var": 0.0019115639152}, "erbbands_kurtosis": {"dmean": 1.80462026596, "dmean2": 2.78858590126, "dvar": 6.97626543045, "dvar2": 15.98898983, "max": 77.3421020508, "mean": 3.10673713684, "median": 1.68518221378, "min": -1.78872823715, "var": 23.4911594391}, "erbbands_skewness": {"dmean": 0.398912787437, "dmean2": 0.598488271236, "dvar": 0.180619463325, "dvar2": 0.376731187105, "max": 7.05420017242, "mean": 1.23108410835, "median": 1.21397161484, "min": -4.03086948395, "var": 0.956013083458}, "erbbands_spread": {"dmean": 7.70433998108, "dmean2": 11.7482757568, "dvar": 125.904975891, "dvar2": 278.301177979, "max": 181.42755127, "mean": 31.2125320435, "median": 27.2124137878, "min": 1.96172845364, "var": 381.095214844}, "gfcc": {"cov": [[14971.7871094, 2458.50683594, -1404.53503418, 631.776367188, -1184.15100098, -90.4002685547, -549.468200684, -123.263572693, 44.2535667419, -362.038269043, -3.62789869308, -337.759155273, -119.112670898], [2458.50683594, 1721.59875488, -15.1185054779, -187.013595581, 172.798919678, -230.700241089, 74.2359237671, -188.138977051, 100.596878052, -153.233154297, 25.941526413, -69.8297348022, -26.2678527832], [-1404.53503418, -15.1185054779, 712.62878418, 19.1328125, 191.494415283, 69.7779006958, 61.7789497375, -13.7052688599, -20.6914539337, 26.0930557251, -32.2153892517, 7.78864479065, 46.6327667236], [631.776367188, -187.013595581, 19.1328125, 369.054229736, -50.2044372559, 17.3886032104, -70.9186477661, 9.11667251587, -11.2197608948, -8.5690984726, -14.5815935135, -32.8151130676, 31.9587669373], [-1184.15100098, 172.798919678, 191.494415283, -50.2044372559, 453.406097412, 0.0542379431427, 80.6250457764, -23.8533592224, 0.925930798054, 20.14103508, -1.34828531742, -3.88731241226, 41.3484535217], [-90.4002685547, -230.700241089, 69.7779006958, 17.3886032104, 0.0542379431427, 208.091094971, 40.1757545471, 31.4223937988, -44.0636482239, 24.3255348206, -4.01982355118, -7.67471265793, 0.698470473289], [-549.468200684, 74.2359237671, 61.7789497375, -70.9186477661, 80.6250457764, 40.1757545471, 236.931396484, 34.3769378662, -15.2713451385, -3.44736146927, 14.3371601105, 26.2552623749, -17.8476829529], [-123.263572693, -188.138977051, -13.7052688599, 9.11667251587, -23.8533592224, 31.4223937988, 34.3769378662, 129.006561279, 6.54562664032, 11.5642604828, 0.531651616096, 8.62677955627, 7.39428853989], [44.2535667419, 100.596878052, -20.6914539337, -11.2197608948, 0.925930798054, -44.0636482239, -15.2713451385, 6.54562664032, 147.494781494, 28.0365333557, -2.49476671219, -10.7464675903, -10.8388051987], [-362.038269043, -153.233154297, 26.0930557251, -8.5690984726, 20.14103508, 24.3255348206, -3.44736146927, 11.5642604828, 28.0365333557, 122.500343323, 20.3927612305, 0.205515488982, -6.63120269775], [-3.62789869308, 25.941526413, -32.2153892517, -14.5815935135, -1.34828531742, -4.01982355118, 14.3371601105, 0.531651616096, -2.49476671219, 20.3927612305, 87.4769592285, 23.043510437, -17.2601718903], [-337.759155273, -69.8297348022, 7.78864479065, -32.8151130676, -3.88731241226, -7.67471265793, 26.2552623749, 8.62677955627, -10.7464675903, 0.205515488982, 23.043510437, 82.6242446899, 19.4200458527], [-119.112670898, -26.2678527832, 46.6327667236, 31.9587669373, 41.3484535217, 0.698470473289, -17.8476829529, 7.39428853989, -10.8388051987, -6.63120269775, -17.2601718903, 19.4200458527, 106.372177124]], "icov": [[0.000592837983277, -0.00163628195878, 0.000874132034369, -0.00133900612127, 0.00136454601306, -0.00152545899618, 0.00127617781982, -0.00134952401277, 0.000825438823085, -0.000604864617344, 0.000567688257433, -1.39848880281e-05, 0.000207457254874], [-0.00163628195878, 0.00579531723633, -0.00247394409962, 0.00426000496373, -0.00397244049236, 0.00515067949891, -0.00425195461139, 0.00528036383912, -0.00323029770516, 0.0033808532171, -0.00270950305276, 0.00180009601172, -0.0010533046443], [0.000874132034369, -0.00247394409962, 0.00302952784114, -0.00219991523772, 0.00138443580363, -0.00279723247513, 0.00162428431213, -0.0017103481805, 0.0013301189756, -0.00135182600934, 0.00163126783445, -0.000482077593915, -2.36627365666e-05], [-0.00133900612127, 0.00426000496373, -0.00219991523772, 0.00643740873784, -0.00278741144575, 0.003643281525, -0.00245533650741, 0.00335073284805, -0.00207345862873, 0.0023643784225, -0.00211847061291, 0.00227251648903, -0.00182487128768], [0.00136454601306, -0.00397244049236, 0.00138443580363, -0.00278741144575, 0.00609347643331, -0.00329202623107, 0.00195261498448, -0.00264856009744, 0.00199703872204, -0.00215878803283, 0.00107499863952, 0.000811771140434, -0.000962591788266], [-0.00152545899618, 0.00515067949891, -0.00279723247513, 0.003643281525, -0.00329202623107, 0.0106510221958, -0.0047652348876, 0.00339109287597, -0.000758988200687, 0.00120197411161, -0.00194588163868, 0.00247500371188, -0.000900099810679], [0.00127617781982, -0.00425195461139, 0.00162428431213, -0.00245533650741, 0.00195261498448, -0.0047652348876, 0.00882976129651, -0.00543537130579, 0.00254385522567, -0.00137280905619, 0.00150324276183, -0.00275646732189, 0.00245705270208], [-0.00134952401277, 0.00528036383912, -0.0017103481805, 0.00335073284805, -0.00264856009744, 0.00339109287597, -0.00543537130579, 0.0138683766127, -0.00393009372056, 0.00268493569456, -0.00236617145129, 0.00157552980818, -0.00223751598969], [0.000825438823085, -0.00323029770516, 0.0013301189756, -0.00207345862873, 0.00199703872204, -0.000758988200687, 0.00254385522567, -0.00393009372056, 0.00990026071668, -0.00435693003237, 0.00238144956529, -0.0003461932356, 0.00128196820151], [-0.000604864617344, 0.0033808532171, -0.00135182600934, 0.0023643784225, -0.00215878803283, 0.00120197411161, -0.00137280905619, 0.00268493569456, -0.00435693003237, 0.012633766979, -0.00468809437007, 0.00242174044251, -0.000405074300943], [0.000567688257433, -0.00270950305276, 0.00163126783445, -0.00211847061291, 0.00107499863952, -0.00194588163868, 0.00150324276183, -0.00236617145129, 0.00238144956529, -0.00468809437007, 0.0156949367374, -0.00621089106426, 0.00353054562584], [-1.39848880281e-05, 0.00180009601172, -0.000482077593915, 0.00227251648903, 0.000811771140434, 0.00247500371188, -0.00275646732189, 0.00157552980818, -0.0003461932356, 0.00242174044251, -0.00621089106426, 0.0183973591775, -0.00519722234458], [0.000207457254874, -0.0010533046443, -2.36627365666e-05, -0.00182487128768, -0.000962591788266, -0.000900099810679, 0.00245705270208, -0.00223751598969, 0.00128196820151, -0.000405074300943, 0.00353054562584, -0.00519722234458, 0.0125067643821]], "mean": [-103.121894836, 141.560775757, -79.3796768188, 41.1045646667, -49.368434906, 5.94634103775, -25.9145965576, 0.38160893321, -10.6220541, 0.487158685923, -7.09451436996, 0.0299373082817, -8.02369976044]}, "hfc": {"dmean": 2.97323298454, "dmean2": 4.33087062836, "dvar": 40.2313842773, "dvar2": 82.4070205688, "max": 175.207244873, "mean": 8.30148410797, "median": 3.97381234169, "min": 1.13448826863e-16, "var": 136.769271851}, "melbands": {"dmean": [0.00170818273909, 0.00193618878257, 0.000728341401555, 0.000413066212786, 0.000219683584874, 0.000256094383076, 0.000345635839039, 0.000161167394253, 5.11407488375e-05, 4.72413012176e-05, 2.25916974159e-05, 1.79540438694e-05, 1.14595286504e-05, 7.17000739314e-06, 5.37010600965e-06, 7.95976757217e-06, 7.56740246288e-06, 4.62300158688e-06, 3.19431501339e-06, 1.92795300791e-06, 1.71258784576e-06, 2.16270041165e-06, 1.82298265372e-06, 1.2755433545e-06, 1.98430598175e-06, 1.03874413071e-06, 6.80320511037e-07, 6.17150419657e-07, 7.26946495888e-07, 8.33867602523e-07, 7.18332614724e-07, 6.87850445047e-07, 6.10602569395e-07, 5.90378533616e-07, 4.2976338932e-07, 4.64257198018e-07, 2.73507254178e-07, 2.16434443701e-07, 2.01444137815e-07, 1.48985833448e-07], "dmean2": [0.00270215468481, 0.00327020511031, 0.00122006575111, 0.000662536418531, 0.000347993802279, 0.000380850862712, 0.000509075063746, 0.000230555888265, 7.47131271055e-05, 6.8754030508e-05, 3.4350407077e-05, 2.86602025881e-05, 1.79571597982e-05, 1.06096176751e-05, 7.87546196079e-06, 1.19428450489e-05, 1.20433869597e-05, 6.62951788399e-06, 4.6744444262e-06, 2.69907286565e-06, 2.4923476758e-06, 3.17588524013e-06, 2.69414863396e-06, 1.83723261671e-06, 2.85752298623e-06, 1.58306886533e-06, 1.00130080227e-06, 9.32046702928e-07, 1.12420889309e-06, 1.28839064928e-06, 1.0945102531e-06, 1.06716095161e-06, 9.54865640779e-07, 9.19148590128e-07, 6.62026650389e-07, 7.18598414551e-07, 4.32675790307e-07, 3.27344451989e-07, 3.08848456143e-07, 2.38238897055e-07], "dvar": [2.42240948864e-05, 3.64011320926e-05, 2.83559620584e-06, 9.64857235886e-07, 3.15293618769e-07, 6.01289457336e-07, 9.50759726948e-07, 3.47352994368e-07, 3.9338718949e-08, 7.29234272967e-08, 1.39046729686e-08, 8.46996250914e-09, 2.21333662509e-09, 7.8336781506e-10, 8.11933575928e-10, 1.29489796663e-09, 2.18343276792e-09, 4.03155758777e-10, 1.92446156233e-10, 9.15085091036e-11, 3.871754653e-11, 6.46803721693e-11, 4.8667438135e-11, 2.97094189528e-11, 5.15872899953e-11, 2.2211640513e-11, 1.493423267e-11, 1.37426823393e-11, 1.4215124737e-11, 1.36648210108e-11, 1.26059397296e-11, 1.18755274711e-11, 9.2134884791e-12, 1.59790444765e-11, 1.34796947909e-11, 3.64549952725e-11, 5.24113868625e-12, 1.34578199279e-12, 1.14447915121e-12, 7.99422268834e-13], "dvar2": [5.36329353054e-05, 9.82834681054e-05, 7.8483899415e-06, 2.50401467383e-06, 7.30692192974e-07, 1.1985787296e-06, 1.903004204e-06, 6.32046862847e-07, 8.21518355565e-08, 1.84395389624e-07, 3.25014681835e-08, 2.18928928319e-08, 5.26735899342e-09, 1.67622093983e-09, 1.74678227438e-09, 3.17769122127e-09, 5.81372772146e-09, 8.07217293008e-10, 3.64558050414e-10, 1.76443748501e-10, 7.59339466305e-11, 1.29177210595e-10, 1.03315862809e-10, 5.64514997248e-11, 9.70260677358e-11, 4.99132714327e-11, 2.66699873991e-11, 2.76938368071e-11, 2.97747278222e-11, 3.0501354914e-11, 2.70609125386e-11, 2.56967173234e-11, 1.94459622016e-11, 3.67691432857e-11, 3.04341135626e-11, 9.43876365955e-11, 1.28554146495e-11, 2.68528558764e-12, 2.48440352492e-12, 2.03525868034e-12], "max": [0.0861054509878, 0.0846790522337, 0.0319975540042, 0.0261549726129, 0.0169243328273, 0.0327957943082, 0.0280546545982, 0.0276630669832, 0.0092567037791, 0.0160900391638, 0.00636208569631, 0.00418167980388, 0.0018109389348, 0.0011491101468, 0.00115971057676, 0.00114258623216, 0.00200301758014, 0.000670499983244, 0.000573740107939, 0.000391111505451, 0.000297426187899, 0.000300547864754, 0.000255310384091, 0.000286239432171, 0.000276816630503, 0.000182959760423, 0.000198815221665, 0.000149063707795, 0.000132704968564, 0.000100255005236, 0.000173801905476, 0.000137155235279, 0.000136326183565, 0.000157424306963, 0.000155863075634, 0.00038598201354, 0.000148772975081, 5.19396962773e-05, 4.44320648967e-05, 3.78325858037e-05], "mean": [0.00294706504792, 0.00300446990877, 0.00136295717675, 0.0007788031362, 0.000459334114566, 0.00052643334493, 0.000709504063707, 0.000312913500238, 0.00010022133938, 9.20483798836e-05, 3.77196265617e-05, 2.71842473012e-05, 1.82413750736e-05, 1.24697062347e-05, 8.77108232089e-06, 1.26625418488e-05, 1.08367667053e-05, 8.13796941657e-06, 5.77373930355e-06, 3.46095043824e-06, 3.33119896823e-06, 4.21253889726e-06, 3.35595427714e-06, 2.48713195106e-06, 3.8181178752e-06, 1.54926215146e-06, 9.75449779617e-07, 8.55080088513e-07, 1.04844139059e-06, 1.1334257124e-06, 9.84616235655e-07, 8.84421581304e-07, 7.67612732488e-07, 7.5006357747e-07, 5.25130928963e-07, 4.97404698763e-07, 2.9595943829e-07, 2.36820199007e-07, 2.10606856399e-07, 1.55237188437e-07], "median": [0.00111339392606, 0.00133668107446, 0.000728069921024, 0.00033979176078, 0.000170511280885, 0.000120768985653, 9.26128341234e-05, 3.38423269568e-05, 1.44873356476e-05, 1.38325740409e-05, 6.87419560563e-06, 5.05152638652e-06, 3.80885421691e-06, 2.99404109683e-06, 1.25518317873e-06, 1.86476506769e-06, 1.24653274725e-06, 1.17478339234e-06, 9.33293961225e-07, 4.16569008621e-07, 4.34670880622e-07, 5.98260385232e-07, 4.71372345601e-07, 3.24570692101e-07, 3.98543363644e-07, 2.09997566003e-07, 1.45808286334e-07, 1.138136696e-07, 1.27109274217e-07, 1.32493227056e-07, 1.12439849431e-07, 8.81584654167e-08, 7.42214325555e-08, 5.09999438236e-08, 3.63293750638e-08, 2.47561491307e-08, 1.13302869309e-08, 7.93624188589e-09, 6.48500053657e-09, 5.09839725993e-09], "min": [1.12423896596e-23, 2.43549255563e-23, 1.4134195966e-23, 6.02167308454e-24, 6.39639029756e-24, 5.79651364396e-24, 1.2179012101e-23, 1.26070464504e-23, 1.33731865839e-23, 8.58621058361e-24, 6.82516223196e-24, 1.16289220368e-23, 5.30241495471e-24, 1.44858417585e-23, 5.33910053668e-24, 6.4775431799e-24, 7.77947251256e-24, 1.15106473325e-23, 1.40710302956e-23, 1.27963328358e-23, 7.17008061872e-24, 6.30764660117e-24, 1.01178952605e-23, 1.09665108016e-23, 1.20159087979e-23, 1.08959495602e-23, 1.75563676584e-23, 8.26345524399e-24, 6.59714277617e-24, 7.71117687969e-24, 1.41679544795e-23, 9.47361520425e-24, 1.43332855258e-23, 1.43613247978e-23, 1.04554101876e-23, 9.86509926138e-24, 8.21639811327e-24, 5.93137493774e-24, 1.09578782967e-23, 9.5944631729e-24], "var": [3.2271087548e-05, 3.53957293555e-05, 4.41063548351e-06, 1.85521605545e-06, 8.89734224074e-07, 1.88780427379e-06, 3.29636259266e-06, 1.34885056013e-06, 1.08296951851e-07, 1.32562902877e-07, 2.48691787164e-08, 1.11434834693e-08, 4.07443367934e-09, 1.56641932758e-09, 1.41021339051e-09, 2.17374762634e-09, 2.36604713599e-09, 9.03485619652e-10, 4.23990870191e-10, 2.00797350969e-10, 1.40174941099e-10, 1.87389118111e-10, 1.07518466352e-10, 8.00331537154e-11, 1.45004425134e-10, 3.82650230946e-11, 3.05820854751e-11, 2.43769275599e-11, 2.49362232252e-11, 2.03599428983e-11, 2.11718385879e-11, 1.84073398884e-11, 1.62002043724e-11, 2.38173925027e-11, 1.79908345166e-11, 3.48970644048e-11, 6.9847352728e-12, 2.31677069022e-12, 1.68759125597e-12, 8.25479062275e-13]}, "melbands_crest": {"dmean": 2.89378833771, "dmean2": 4.65091753006, "dvar": 7.64816188812, "dvar2": 18.3799209595, "max": 38.3224334717, "mean": 17.1803379059, "median": 16.5666427612, "min": 1.60597729683, "var": 31.1289253235}, "melbands_flatness_db": {"dmean": 0.0270566418767, "dmean2": 0.0395305790007, "dvar": 0.000924960826524, "dvar2": 0.00182510656305, "max": 0.57834649086, "mean": 0.338999927044, "median": 0.339717358351, "min": 0.00263269874267, "var": 0.00699095614254}, "melbands_kurtosis": {"dmean": 12.7859315872, "dmean2": 20.3067722321, "dvar": 865.194396973, "dvar2": 2405.84277344, "max": 1436.8840332, "mean": 30.7868671417, "median": 18.861541748, "min": -1.69238650799, "var": 3161.22021484}, "melbands_skewness": {"dmean": 0.823953807354, "dmean2": 1.26362884045, "dvar": 0.975198984146, "dvar2": 2.2625644207, "max": 32.0905990601, "mean": 3.41132640839, "median": 3.13637685776, "min": -1.75915813446, "var": 4.52890729904}, "melbands_spread": {"dmean": 2.53960156441, "dmean2": 3.87804794312, "dvar": 47.8289260864, "dvar2": 104.513664246, "max": 208.713027954, "mean": 9.16792964935, "median": 5.08905982971, "min": 0.255516499281, "var": 382.027557373}, "mfcc": {"cov": [[9213.23339844, 226.541549683, -94.2972946167, 60.268661499, -362.449676514, -236.805130005, -457.573669434, 61.0816040039, -196.138336182, -120.495567322, 117.370620728, 39.5413246155, -176.248535156], [226.541549683, 1735.74401855, -79.8277435303, 61.4384536743, 47.6934814453, 44.0198745728, -28.9786376953, 46.8063545227, -12.6454267502, -17.6150474548, 31.5975532532, -30.3615779877, -28.3507404327], [-94.2972946167, -79.8277435303, 493.915740967, 41.6783180237, 26.0744915009, 48.5411453247, 28.1711082458, -5.39610719681, 28.4835319519, -11.0615119934, -29.1561279297, 5.48098945618, 25.4538059235], [60.268661499, 61.4384536743, 41.6783180237, 294.424621582, 82.811126709, 14.5084886551, -6.38747215271, -15.3886938095, 21.8134498596, 7.05247879028, -35.4069213867, -3.92062306404, 17.777513504], [-362.449676514, 47.6934814453, 26.0744915009, 82.811126709, 290.546081543, 45.3407020569, 13.9439229965, -50.2817344666, 39.3133850098, 35.4247093201, -61.3235969543, -23.6824836731, 16.4747371674], [-236.805130005, 44.0198745728, 48.5411453247, 14.5084886551, 45.3407020569, 157.619888306, 60.2076187134, -4.63729858398, 13.0000152588, 20.8221359253, -0.0844591706991, -3.72798633575, -0.974721491337], [-457.573669434, -28.9786376953, 28.1711082458, -6.38747215271, 13.9439229965, 60.2076187134, 237.03352356, 44.9484329224, 12.0818576813, 17.3058643341, -23.5729122162, -15.3473615646, 6.5970249176], [61.0816040039, 46.8063545227, -5.39610719681, -15.3886938095, -50.2817344666, -4.63729858398, 44.9484329224, 135.328445435, 12.2537431717, -16.7466087341, 10.0927667618, 3.25737714767, -5.73071908951], [-196.138336182, -12.6454267502, 28.4835319519, 21.8134498596, 39.3133850098, 13.0000152588, 12.0818576813, 12.2537431717, 125.229766846, 32.4826774597, -30.2865486145, -5.38195371628, 11.9267024994], [-120.495567322, -17.6150474548, -11.0615119934, 7.05247879028, 35.4247093201, 20.8221359253, 17.3058643341, -16.7466087341, 32.4826774597, 105.628570557, 26.0083045959, -11.8768510818, -3.1831035614], [117.370620728, 31.5975532532, -29.1561279297, -35.4069213867, -61.3235969543, -0.0844591706991, -23.5729122162, 10.0927667618, -30.2865486145, 26.0083045959, 150.049835205, 41.8035812378, -29.4991664886], [39.5413246155, -30.3615779877, 5.48098945618, -3.92062306404, -23.6824836731, -3.72798633575, -15.3473615646, 3.25737714767, -5.38195371628, -11.8768510818, 41.8035812378, 105.109283447, 23.1435451508], [-176.248535156, -28.3507404327, 25.4538059235, 17.777513504, 16.4747371674, -0.974721491337, 6.5970249176, -5.73071908951, 11.9267024994, -3.1831035614, -29.4991664886, 23.1435451508, 103.051826477]], "icov": [[0.000135991809657, -1.18033449326e-05, -1.53766595758e-05, -8.16892497824e-05, 0.000132590546855, 7.44954086258e-05, 0.000245990377152, -0.000110850502097, 0.00016917627363, -2.94758247037e-05, 7.18078881619e-05, -5.60571133974e-05, 0.000217478955165], [-1.18033449326e-05, 0.000622306484729, 0.000116948103823, -0.000131751934532, -0.000176604458829, -0.000253896432696, 0.000139181807754, -0.000297804683214, 1.84251293831e-05, 0.000247163028689, -0.00028057891177, 0.000293409539154, 4.51036476079e-06], [-1.53766595758e-05, 0.000116948103823, 0.00220299232751, -0.0002414064802, 5.33132151759e-06, -0.000692880537827, -0.0001342924661, 0.000141039316077, -0.000491194892675, 0.000545520160813, 7.11429602234e-05, -3.87405198126e-05, -0.000384820508771], [-8.16892497824e-05, -0.000131751934532, -0.0002414064802, 0.00386546645314, -0.000968876411207, -9.06148270587e-05, 9.89358522929e-05, 7.2608148912e-05, -0.000271024095127, -0.000139934898471, 0.000517549808137, -0.000205086616916, -0.000410169857787], [0.000132590546855, -0.000176604458829, 5.33132151759e-06, -0.000968876411207, 0.00487977825105, -0.000876459351275, 0.000188870573766, 0.00134805834386, -0.000441552838311, -0.00140771083534, 0.00183222745545, -2.80383501376e-05, 0.000156872483785], [7.44954086258e-05, -0.000253896432696, -0.000692880537827, -9.06148270587e-05, -0.000876459351275, 0.00784210208803, -0.00189031451009, 0.000590831565205, -0.000177308538696, -0.000679965422023, -0.00060735369334, -0.000234710183577, 0.000490864273161], [0.000245990377152, 0.000139181807754, -0.0001342924661, 9.89358522929e-05, 0.000188870573766, -0.00189031451009, 0.00585109600797, -0.00243101315573, 0.000877088343259, -0.00131218554452, 0.0012952813413, 0.000223952170927, 9.57231895882e-05], [-0.000110850502097, -0.000297804683214, 0.000141039316077, 7.2608148912e-05, 0.00134805834386, 0.000590831565205, -0.00243101315573, 0.00944089982659, -0.00225767097436, 0.00215602177195, -0.00112812814768, 0.000179218550329, 0.000116537521535], [0.00016917627363, 1.84251293831e-05, -0.000491194892675, -0.000271024095127, -0.000441552838311, -0.000177308538696, 0.000877088343259, -0.00225767097436, 0.0104670086876, -0.00423195399344, 0.00299004791304, -0.00110666221008, 0.000112041692773], [-2.94758247037e-05, 0.000247163028689, 0.000545520160813, -0.000139934898471, -0.00140771083534, -0.000679965422023, -0.00131218554452, 0.00215602177195, -0.00423195399344, 0.0135699110106, -0.00509741064161, 0.00298950728029, -0.000892116047908], [7.18078881619e-05, -0.00028057891177, 7.11429602234e-05, 0.000517549808137, 0.00183222745545, -0.00060735369334, 0.0012952813413, -0.00112812814768, 0.00299004791304, -0.00509741064161, 0.0114449951798, -0.0052085807547, 0.00343689392321], [-5.60571133974e-05, 0.000293409539154, -3.87405198126e-05, -0.000205086616916, -2.80383501376e-05, -0.000234710183577, 0.000223952170927, 0.000179218550329, -0.00110666221008, 0.00298950728029, -0.0052085807547, 0.0128903798759, -0.00413782056421], [0.000217478955165, 4.51036476079e-06, -0.000384820508771, -0.000410169857787, 0.000156872483785, 0.000490864273161, 9.57231895882e-05, 0.000116537521535, 0.000112041692773, -0.000892116047908, 0.00343689392321, -0.00413782056421, 0.012095359154]], "mean": [-751.267456055, 166.379196167, 30.0078735352, 41.0542869568, 5.90549707413, 13.0728845596, -3.02078938484, 5.48241901398, -0.113039657474, 0.0272701121867, 5.11261415482, 1.29512143135, -1.04221367836]}, "pitch_salience": {"dmean": 0.0674046576023, "dmean2": 0.110442467034, "dvar": 0.00432272581384, "dvar2": 0.011053702794, "max": 0.927450954914, "mean": 0.479434460402, "median": 0.481941640377, "min": 0.0345104597509, "var": 0.0146260000765}, "silence_rate_20dB": {"dmean": 0.000211841965211, "dmean2": 0.000423728808528, "dvar": 0.000211770850001, "dvar2": 0.000635308679193, "max": 1, "mean": 0.999894082546, "median": 1, "min": 0, "var": 0.000105891987914}, "silence_rate_30dB": {"dmean": 0.0400381311774, "dmean2": 0.0800847485662, "dvar": 0.0384392626584, "dvar2": 0.0848969891667, "max": 1, "mean": 0.949798762798, "median": 1, "min": 0, "var": 0.0476865842938}, "silence_rate_60dB": {"dmean": 0.0254210364074, "dmean2": 0.0508474558592, "dvar": 0.024773048237, "dvar2": 0.0582221969962, "max": 1, "mean": 0.101567462087, "median": 0, "min": 0, "var": 0.0912511572242}, "spectral_centroid": {"dmean": 125.569732666, "dmean2": 189.404876709, "dvar": 67723.1953125, "dvar2": 131166.5, "max": 11055.0302734, "mean": 615.883361816, "median": 444.663330078, "min": 131.009597778, "var": 388709.03125}, "spectral_complexity": {"dmean": 1.56042790413, "dmean2": 2.44936442375, "dvar": 3.91520810127, "dvar2": 7.90845823288, "max": 37, "mean": 8.21605587006, "median": 7, "min": 0, "var": 22.4705276489}, "spectral_contrast_coeffs": {"dmean": [0.0435976274312, 0.0445902980864, 0.0335448570549, 0.0278687551618, 0.0215201973915, 0.0172628723085], "dmean2": [0.0713867470622, 0.0716998055577, 0.0531269162893, 0.0437067113817, 0.0330818034708, 0.0260845031589], "dvar": [0.00137920980342, 0.00160805683117, 0.000913476571441, 0.000581539294217, 0.000390897475882, 0.000269256124739], "dvar2": [0.00365027575754, 0.00391058484092, 0.00213374453597, 0.00134638370946, 0.000811348727439, 0.000551136385184], "max": [-0.366148233414, -0.346413969994, -0.447140067816, -0.554975152016, -0.562251329422, -0.589058339596], "mean": [-0.675592601299, -0.677700459957, -0.756481945515, -0.772507250309, -0.791000127792, -0.766358375549], "median": [-0.676458120346, -0.683302521706, -0.759919047356, -0.77551305294, -0.798798084259, -0.769235789776], "min": [-0.981833517551, -0.967651367188, -0.961607336998, -0.959040820599, -0.970003187656, -0.96461981535], "var": [0.0060250852257, 0.00859623681754, 0.00484856870025, 0.00362714473158, 0.00296105421148, 0.00243737874553]}, "spectral_contrast_valleys": {"dmean": [0.340180546045, 0.36513671279, 0.352667868137, 0.304390490055, 0.277195811272, 0.350993543863], "dmean2": [0.554860651493, 0.592074930668, 0.553144991398, 0.470069587231, 0.396093040705, 0.44068852067], "dvar": [0.109864622355, 0.139209017158, 0.148045837879, 0.105020679533, 0.105615861714, 0.211001202464], "dvar2": [0.243049025536, 0.332971423864, 0.327192753553, 0.210817933083, 0.190100744367, 0.363041043282], "max": [-4.80968570709, -4.5314874649, -5.13412380219, -6.25548505783, -6.06813335419, -7.63278675079], "mean": [-7.02461671829, -7.4895529747, -8.60409545898, -9.32814884186, -9.25426769257, -11.6960515976], "median": [-6.80552482605, -7.30426168442, -8.49203300476, -9.26022052765, -9.20729255676, -11.858631134], "min": [-27.2436447144, -27.055727005, -27.1617031097, -27.4604415894, -27.1357154846, -27.1752529144], "var": [2.1626226902, 1.96579444408, 1.68540668488, 1.47178947926, 1.38004541397, 1.39666616917]}, "spectral_decrease": {"dmean": 3.03307823302e-09, "dmean2": 4.59153781662e-09, "dvar": 4.69022789323e-17, "dvar2": 1.08235279516e-16, "max": 7.95554434178e-22, "mean": -7.76253994417e-09, "median": -4.71662886525e-09, "min": -1.03798257101e-07, "var": 9.45803341651e-17}, "spectral_energy": {"dmean": 0.0116649167612, "dmean2": 0.0176380425692, "dvar": 0.000683440011926, "dvar2": 0.00157575495541, "max": 0.394585341215, "mean": 0.030050560832, "median": 0.0183788985014, "min": 1.03213650052e-20, "var": 0.00139995664358}, "spectral_energyband_high": {"dmean": 0.000124885351397, "dmean2": 0.000182254865649, "dvar": 3.82240870067e-07, "dvar2": 7.58705539283e-07, "max": 0.0232478473336, "mean": 0.000177411056939, "median": 1.90547034435e-05, "min": 7.14686472627e-21, "var": 7.15990438493e-07}, "spectral_energyband_low": {"dmean": 0.00896227359772, "dmean2": 0.0140385692939, "dvar": 0.000592306721956, "dvar2": 0.00140223524068, "max": 0.388259589672, "mean": 0.0173796433955, "median": 0.008305657655, "min": 1.11225083611e-22, "var": 0.000842074165121}, "spectral_energyband_middle_high": {"dmean": 0.000419337447966, "dmean2": 0.000612253381405, "dvar": 1.93991309061e-06, "dvar2": 4.70323129775e-06, "max": 0.0375432372093, "mean": 0.000978853437118, "median": 0.000323251500959, "min": 1.59600177497e-21, "var": 4.1765615606e-06}, "spectral_energyband_middle_low": {"dmean": 0.00455572642386, "dmean2": 0.0069435974583, "dvar": 7.79028705438e-05, "dvar2": 0.000170442348463, "max": 0.18336777389, "mean": 0.0127207003534, "median": 0.00593143235892, "min": 2.87085239367e-22, "var": 0.000320037332131}, "spectral_entropy": {"dmean": 0.217346593738, "dmean2": 0.313620775938, "dvar": 0.058295827359, "dvar2": 0.115943051875, "max": 9.81217384338, "mean": 6.72170209885, "median": 6.66242742538, "min": 4.93150377274, "var": 0.346916794777}, "spectral_flux": {"dmean": 0.0266854520887, "dmean2": 0.0419404357672, "dvar": 0.00179982511327, "dvar2": 0.00361905992031, "max": 0.521119296551, "mean": 0.0668088272214, "median": 0.0475541949272, "min": 1.01594122004e-10, "var": 0.00425836862996}, "spectral_kurtosis": {"dmean": 3.65199041367, "dmean2": 6.04594373703, "dvar": 17.5422229767, "dvar2": 46.4645881653, "max": 74.2411117554, "mean": 9.44314193726, "median": 7.68541431427, "min": -1.23268640041, "var": 57.6865196228}, "spectral_rms": {"dmean": 0.000837709696498, "dmean2": 0.00122682459187, "dvar": 1.82392398074e-06, "dvar2": 3.78682557312e-06, "max": 0.0196204315871, "mean": 0.00467090541497, "median": 0.00423445785418, "min": 3.17326720456e-12, "var": 7.50031858843e-06}, "spectral_rolloff": {"dmean": 153.598831177, "dmean2": 262.594390869, "dvar": 373060.59375, "dvar2": 868744.0625, "max": 19121.484375, "mean": 619.092529297, "median": 322.998046875, "min": 43.06640625, "var": 3046082.5}, "spectral_skewness": {"dmean": 0.380014061928, "dmean2": 0.596792042255, "dvar": 0.152242898941, "dvar2": 0.354577094316, "max": 7.15675544739, "mean": 2.30123329163, "median": 2.2232196331, "min": -0.205984354019, "var": 0.774217426777}, "spectral_spread": {"dmean":