{"lowlevel": {"average_loudness": 0.906344234943, "barkbands": {"dmean": [0.000128003084683, 0.00782473012805, 0.00389110343531, 0.00149261625484, 0.00107295403723, 0.000403993501095, 0.000587166054174, 0.000632243521977, 0.000661413941998, 0.000411624321714, 0.000446766556706, 0.000344925269019, 0.000227817639825, 0.000344291533111, 0.000504680268932, 0.000453184737125, 0.000369255983969, 0.000164769080584, 0.000226348041906, 0.000126936356537, 7.31133768568e-05, 8.66590562509e-05, 7.12579640094e-05, 7.52705527702e-05, 4.41762676928e-05, 1.95267966774e-05, 3.286091669e-06], "dmean2": [0.000200052294531, 0.0132590569556, 0.00714334053919, 0.00261945812963, 0.00175576237962, 0.000630287686363, 0.000928034947719, 0.00100563664455, 0.00101516593713, 0.000634734984487, 0.000679155346006, 0.000541000219528, 0.000358433899237, 0.000543098081835, 0.000773625622969, 0.00067909155041, 0.000579068437219, 0.000257403036812, 0.000349264359102, 0.000199191650609, 0.00011837722559, 0.000143776356708, 0.00012429052731, 0.000127739374875, 7.33581400709e-05, 3.17316043947e-05, 5.29555836692e-06], "dvar": [9.2830312326e-08, 0.000446814548923, 0.000134952104418, 1.8726574126e-05, 4.47356751465e-06, 6.65618017592e-07, 2.18507398131e-06, 3.39114626513e-06, 3.36649168275e-06, 1.7122350755e-06, 2.52897257269e-06, 1.12183477086e-06, 3.22297296407e-07, 8.18396699742e-07, 1.44392561197e-06, 1.43055012813e-06, 7.63182583796e-07, 1.84404242987e-07, 5.34207003966e-07, 1.14607423995e-07, 4.00027886371e-08, 6.42338804369e-08, 7.21564958894e-08, 7.18275785516e-08, 2.47344722482e-08, 6.87103929309e-09, 3.54279439119e-10], "dvar2": [2.17393420598e-07, 0.00113839237019, 0.000375114235794, 5.33384845767e-05, 1.21015455079e-05, 1.65938126884e-06, 5.32384501639e-06, 8.38923187985e-06, 7.80905611464e-06, 4.05977471019e-06, 5.63742560189e-06, 2.75093316304e-06, 7.32940236503e-07, 1.95787174562e-06, 3.24229813486e-06, 3.22493428939e-06, 1.88029537185e-06, 4.4880661676e-07, 1.24453322314e-06, 2.77686524441e-07, 1.03356221359e-07, 1.74370853756e-07, 2.00544050699e-07, 1.92900316165e-07, 6.41365645038e-08, 1.73204526277e-08, 8.76246519788e-10], "max": [0.00271420343779, 0.207372024655, 0.156085774302, 0.0658864974976, 0.0416070856154, 0.0180164929479, 0.0353452526033, 0.06352301687, 0.0421655513346, 0.0341593101621, 0.0586131773889, 0.0201544426382, 0.0109498845413, 0.0187093671411, 0.0211216304451, 0.0209239777178, 0.0170578863472, 0.0102447243407, 0.0162994321436, 0.00771478470415, 0.00404346501455, 0.00409695552662, 0.00404095603153, 0.00312384427525, 0.00267609232105, 0.00202769390307, 0.000577054684982], "mean": [0.000114054950245, 0.00592004600912, 0.00300523964688, 0.00200521573424, 0.00176744232886, 0.000710329739377, 0.000811314268503, 0.000860555504914, 0.00091295648599, 0.000561936933082, 0.000713710614946, 0.000480461225379, 0.000302000902593, 0.000452947831945, 0.000735095294658, 0.000696497387253, 0.000570185889956, 0.000243903617957, 0.000317368976539, 0.000175409004441, 0.000101035293483, 0.000109543696453, 7.46178848203e-05, 7.8383476648e-05, 5.47586896573e-05, 2.32981983572e-05, 3.74767046196e-06], "median": [1.74332562892e-05, 0.000559179345146, 0.000663311569951, 0.000769881007727, 0.00106169318315, 0.000249075179454, 0.000261568580754, 0.000149979372509, 0.000214784988202, 0.000110292443424, 6.96141796652e-05, 7.16395516065e-05, 4.93241714139e-05, 4.78319780086e-05, 7.28010054445e-05, 8.24391900096e-05, 8.5280444182e-05, 3.6277462641e-05, 4.42634773208e-05, 2.57826377492e-05, 1.22814908536e-05, 1.87239693332e-05, 6.62198499413e-06, 5.08280436406e-06, 3.06589140564e-06, 7.33708475309e-07, 5.53411041437e-08], "min": [4.1867900813e-10, 9.7083530104e-10, 1.52158511485e-11, 2.49924872464e-11, 9.54674186926e-11, 2.06812154208e-11, 8.34453166287e-12, 9.62894260853e-12, 9.76195426577e-12, 9.27041429732e-12, 5.30438063265e-12, 1.25571948673e-11, 3.38556023494e-11, 1.7208630354e-11, 4.45759575085e-11, 3.00679620091e-11, 3.89825567659e-11, 4.11607935236e-11, 4.10882265711e-11, 8.5537348038e-11, 8.62129950763e-11, 7.17694931263e-11, 8.61272234087e-11, 1.41262113118e-10, 1.92880808547e-10, 3.92104682057e-10, 4.21345069945e-10], "var": [8.68413607691e-08, 0.000338513491442, 8.49174030009e-05, 1.4604248463e-05, 5.67428878639e-06, 1.91207982425e-06, 3.37848564413e-06, 5.11190046382e-06, 5.39186976312e-06, 2.43577960646e-06, 5.70561269342e-06, 1.93106666302e-06, 4.9208620112e-07, 1.40031625051e-06, 3.01705426864e-06, 3.08413473249e-06, 1.39248822961e-06, 3.09148788347e-07, 6.94906759691e-07, 1.53719298623e-07, 5.54583543533e-08, 6.09087891235e-08, 5.31968389339e-08, 6.25461638037e-08, 2.92751245468e-08, 8.24597012894e-09, 4.24990070913e-10]}, "barkbands_crest": {"dmean": 3.18627619743, "dmean2": 5.16221237183, "dvar": 9.79369831085, "dvar2": 24.2569255829, "max": 25.8438148499, "mean": 10.6825504303, "median": 9.80451965332, "min": 2.22506570816, "var": 21.4696979523}, "barkbands_flatness_db": {"dmean": 0.0354383327067, "dmean2": 0.0528413802385, "dvar": 0.00165008706972, "dvar2": 0.00350639224052, "max": 0.571355640888, "mean": 0.185018062592, "median": 0.159834966063, "min": 0.0253099743277, "var": 0.0100991800427}, "barkbands_kurtosis": {"dmean": 7.91405344009, "dmean2": 12.9312534332, "dvar": 513.20904541, "dvar2": 1306.86572266, "max": 808.839599609, "mean": 9.97685718536, "median": 1.84569787979, "min": -1.93782544136, "var": 754.595581055}, "barkbands_skewness": {"dmean": 0.883909583092, "dmean2": 1.37955570221, "dvar": 1.19843459129, "dvar2": 2.86037135124, "max": 18.3217926025, "mean": 1.63874983788, "median": 1.288849473, "min": -4.21428585052, "var": 3.30203652382}, "barkbands_spread": {"dmean": 6.24971723557, "dmean2": 9.71164703369, "dvar": 74.5141983032, "dvar2": 162.959640503, "max": 118.177398682, "mean": 18.9915885925, "median": 15.6453495026, "min": 0.154098778963, "var": 247.703079224}, "dissonance": {"dmean": 0.0285683423281, "dmean2": 0.0458422712982, "dvar": 0.00102974381298, "dvar2": 0.00261687580496, "max": 0.500000119209, "mean": 0.439268916845, "median": 0.458328425884, "min": 0.118733279407, "var": 0.00308307353407}, "dynamic_complexity": 5.22831392288, "erbbands": {"dmean": [0.183501899242, 1.94102847576, 4.5084643364, 4.81288146973, 3.62810468674, 4.00889348984, 3.61934494972, 3.37942194939, 6.71860456467, 10.8035955429, 14.7682876587, 15.7368803024, 11.2128925323, 15.0760545731, 14.951874733, 14.3382577896, 10.9570989609, 14.9739131927, 22.9894485474, 23.6278915405, 21.7232151031, 18.2155895233, 10.4617233276, 10.4794797897, 9.95754528046, 5.60635280609, 3.56972026825, 2.71841406822, 3.06510639191, 2.63486242294, 1.91129744053, 1.71504330635, 1.09782803059, 0.539814770222, 0.305322289467, 0.127937525511, 0.0265243668109, 0.00506933033466, 0.00056143529946, 3.86521060136e-05], "dmean2": [0.302235096693, 3.38354730606, 8.18828487396, 8.61673736572, 6.16240692139, 6.49962759018, 5.86186504364, 5.2518787384, 10.4953174591, 17.1864013672, 23.3509254456, 23.9791984558, 17.1682834625, 23.2798290253, 21.8889427185, 22.2534999847, 17.0081748962, 23.2134532928, 35.4549446106, 35.3758354187, 32.2444992065, 28.2788257599, 16.145488739, 16.2821388245, 15.2803869247, 8.74941921234, 5.77690315247, 4.36843442917, 5.00193214417, 4.49604320526, 3.33955001831, 2.93340873718, 1.85337436199, 0.895400583744, 0.514624536037, 0.212739393115, 0.042350307107, 0.0081224553287, 0.00090263801394, 6.0599490098e-05], "dvar": [0.240009114146, 28.6410369873, 170.641433716, 204.396560669, 73.4839553833, 66.4330291748, 57.0313568115, 49.1619300842, 212.769454956, 886.591430664, 1977.11694336, 1793.27526855, 1552.79077148, 2381.68505859, 3202.10058594, 1991.4407959, 689.121398926, 1543.09643555, 3122.1953125, 3058.86352539, 2727.82470703, 2041.76220703, 668.067138672, 1222.67541504, 765.759094238, 232.759735107, 89.8611907959, 61.0785827637, 71.9976272583, 89.1037597656, 50.6761016846, 40.1794662476, 14.5979709625, 3.42367768288, 1.29057216644, 0.269399315119, 0.0149521017447, 0.000813700491562, 1.05570597952e-05, 2.06435313288e-08], "dvar2": [0.582372486591, 75.3118286133, 471.520141602, 571.276550293, 205.585464478, 175.11428833, 152.783920288, 120.01222229, 487.594909668, 2137.61083984, 4914.17236328, 4038.84790039, 3790.62915039, 5903.43017578, 6899.62988281, 4962.78076172, 1562.8059082, 3715.40527344, 7296.05615234, 6589.20556641, 5945.15039062, 5086.77929688, 1585.67211914, 2871.62231445, 1764.58227539, 567.043945312, 232.108322144, 160.428192139, 192.698242188, 244.748352051, 141.39276123, 109.081626892, 38.9271659851, 8.97715473175, 3.37492156029, 0.699637293816, 0.0369765460491, 0.00203653937206, 2.66774386546e-05, 5.11985298601e-08], "max": [4.0177230835, 51.4845962524, 153.763031006, 206.283660889, 126.190582275, 148.89944458, 166.387649536, 164.091781616, 282.118408203, 733.497436523, 1122.40588379, 1055.29821777, 1284.42407227, 1380.81396484, 2657.80834961, 1016.37597656, 488.203643799, 842.988708496, 1022.91400146, 1223.1217041, 1437.15148926, 922.299438477, 628.355102539, 872.926330566, 479.497924805, 322.383575439, 143.029815674, 137.684509277, 119.645126343, 148.327774048, 101.220405579, 79.6030426025, 47.8036651611, 29.7420349121, 18.0830974579, 9.01568889618, 3.83809876442, 0.768185138702, 0.114607319236, 0.00422199815512], "mean": [0.142763882875, 1.42398238182, 3.470941782, 5.33043718338, 5.85001325607, 6.31880807877, 5.99031591415, 5.98805236816, 9.8172750473, 14.6887702942, 21.1858558655, 22.8255748749, 15.827545166, 23.2038116455, 25.7344875336, 20.8602542877, 15.8176116943, 21.2675533295, 34.099861145, 37.5340690613, 35.6335296631, 29.0876712799, 16.5010128021, 14.9501581192, 14.3432312012, 7.78035497665, 5.17611885071, 3.76262116432, 4.03694963455, 2.86967849731, 2.01078152657, 1.71490633488, 1.20255482197, 0.663337945938, 0.362320005894, 0.143992289901, 0.0339571274817, 0.00621880451217, 0.00064072071109, 5.12513943249e-05], "median": [0.00928918737918, 0.152370601892, 0.714542925358, 2.20042824745, 3.19848012924, 3.19700574875, 2.42967152596, 2.25453805923, 3.45468306541, 3.97146773338, 4.7195057869, 5.72747278214, 4.19417905807, 4.104347229, 3.08099460602, 3.74155855179, 3.06473827362, 2.77798867226, 4.03100347519, 4.71161317825, 5.03005170822, 4.83156585693, 2.62052178383, 2.03957533836, 2.16529369354, 1.25161921978, 0.585393369198, 0.531867861748, 0.689732372761, 0.402125418186, 0.173514068127, 0.114083446562, 0.0775117948651, 0.0418028086424, 0.0166568551213, 0.00487501453608, 0.000994403962977, 0.000143287412357, 2.10291964322e-05, 1.63432250702e-05], "min": [5.40671436511e-08, 1.48900326735e-07, 9.76391874019e-08, 8.26992163638e-08, 3.28275660877e-07, 1.17730387217e-07, 5.09718134367e-08, 1.52668548026e-07, 2.15406799953e-07, 2.43415485102e-07, 2.64965336783e-07, 2.68032607664e-07, 2.01582096793e-07, 2.93002329954e-07, 3.81836940733e-07, 6.1768599835e-07, 1.7440506781e-06, 1.14820318231e-06, 1.38039126796e-06, 1.80043809905e-06, 2.00091835723e-06, 2.20439369514e-06, 2.41648149313e-06, 1.97202098207e-06, 2.17073443309e-06, 4.25507960244e-06, 3.88927219319e-06, 2.96923190035e-06, 2.90397679237e-06, 2.56305088442e-06, 2.3383468033e-06, 2.86085537482e-06, 2.26920360547e-06, 1.62215542332e-06, 1.7074992229e-06, 1.10877681436e-06, 6.9309862738e-07, 3.75548751208e-07, 6.54110294818e-08, 4.73942751711e-09], "var": [0.198008939624, 20.2198123932, 108.25402832, 139.767623901, 73.8284225464, 94.6795730591, 99.4245529175, 148.860244751, 395.115600586, 1242.57421875, 3260.52490234, 3310.08740234, 2059.77563477, 3993.75244141, 7403.79638672, 3449.76806641, 1148.83166504, 2779.88525391, 6120.67138672, 6982.40039062, 6264.80517578, 3614.47290039, 1220.71057129, 1589.50256348, 1106.67602539, 294.567687988, 127.090934753, 77.8377456665, 77.1847915649, 67.723815918, 37.4351921082, 32.2720184326, 13.7545843124, 3.9289188385, 1.44111835957, 0.283188581467, 0.0201080814004, 0.00100225757342, 1.20859294839e-05, 2.46075195776e-08]}, "erbbands_crest": {"dmean": 2.94558548927, "dmean2": 4.71341896057, "dvar": 8.21992015839, "dvar2": 18.8716373444, "max": 31.6466960907, "mean": 10.4237594604, "median": 9.1553850174, "min": 2.29813528061, "var": 26.8874206543}, "erbbands_flatness_db": {"dmean": 0.0248923581094, "dmean2": 0.035914234817, "dvar": 0.000671915535349, "dvar2": 0.00140123604797, "max": 0.425346314907, "mean": 0.192544505, "median": 0.187751069665, "min": 0.0411197319627, "var": 0.00438063172624}, "erbbands_kurtosis": {"dmean": 3.45793247223, "dmean2": 5.07435941696, "dvar": 140.482833862, "dvar2": 240.163665771, "max": 308.997497559, "mean": 4.44131612778, "median": 0.369666785002, "min": -1.92000234127, "var": 343.701446533}, "erbbands_skewness": {"dmean": 0.592606306076, "dmean2": 0.867359936237, "dvar": 0.671887457371, "dvar2": 1.28812527657, "max": 13.4792327881, "mean": 0.493346452713, "median": 0.219445183873, "min": -4.27905797958, "var": 2.71269845963}, "erbbands_spread": {"dmean": 10.0489177704, "dmean2": 15.6626777649, "dvar": 171.111038208, "dvar2": 380.267089844, "max": 183.24458313, "mean": 32.7015113831, "median": 28.5281238556, "min": 0.901219308376, "var": 520.106262207}, "gfcc": {"cov": [[23165.4550781, -3600.78027344, -4655.68066406, 64.7913970947, -1026.1529541, 1193.93884277, -569.796203613, 639.125427246, -122.416763306, 83.6775054932, -492.864807129, 70.8585128784, -133.468994141], [-3600.78027344, 2656.19140625, 221.273132324, -419.09262085, 509.58770752, -488.222473145, 325.014343262, -185.679138184, 178.436981201, -201.521636963, 241.983291626, -154.006256104, 89.5322265625], [-4655.68066406, 221.273132324, 2235.23071289, 389.771881104, 171.883789062, -39.2603645325, 57.9325141907, -49.0008583069, -6.26969623566, 92.0794830322, 46.1768341064, -42.3340911865, -61.6941566467], [64.7913970947, -419.09262085, 389.771881104, 625.553161621, 119.964134216, 78.0898742676, -88.3425979614, 16.1280250549, 32.5054130554, 16.1047534943, -55.1991615295, -49.9543952942, -26.9060115814], [-1026.1529541, 509.58770752, 171.883789062, 119.964134216, 523.59185791, -50.243686676, 27.7742938995, -23.3480854034, 88.4574279785, -10.7891798019, 15.1508626938, -89.4635543823, 2.94070291519], [1193.93884277, -488.222473145, -39.2603645325, 78.0898742676, -50.243686676, 450.933929443, 48.3907470703, 0.932930827141, -12.5422859192, 20.4585323334, -78.2550811768, 13.8426742554, -37.6041679382], [-569.796203613, 325.014343262, 57.9325141907, -88.3425979614, 27.7742938995, 48.3907470703, 286.376251221, -13.5033979416, -9.30298042297, -36.9171600342, 54.8814888, 10.4919919968, 1.30998086929], [639.125427246, -185.679138184, -49.0008583069, 16.1280250549, -23.3480854034, 0.932930827141, -13.5033979416, 179.049026489, 41.0397224426, 26.3573265076, 1.33450770378, 0.435336530209, -8.89156913757], [-122.416763306, 178.436981201, -6.26969623566, 32.5054130554, 88.4574279785, -12.5422859192, -9.30298042297, 41.0397224426, 182.168914795, 37.1413536072, -1.14210736752, -32.9532394409, 8.91049861908], [83.6775054932, -201.521636963, 92.0794830322, 16.1047534943, -10.7891798019, 20.4585323334, -36.9171600342, 26.3573265076, 37.1413536072, 143.702056885, 17.245256424, 16.1134395599, -16.7482643127], [-492.864807129, 241.983291626, 46.1768341064, -55.1991615295, 15.1508626938, -78.2550811768, 54.8814888, 1.33450770378, -1.14210736752, 17.245256424, 143.402160645, 37.0613098145, 19.202041626], [70.8585128784, -154.006256104, -42.3340911865, -49.9543952942, -89.4635543823, 13.8426742554, 10.4919919968, 0.435336530209, -32.9532394409, 16.1134395599, 37.0613098145, 124.744216919, 44.7943840027], [-133.468994141, 89.5322265625, -61.6941566467, -26.9060115814, 2.94070291519, -37.6041679382, 1.30998086929, -8.89156913757, 8.91049861908, -16.7482643127, 19.202041626, 44.7943840027, 116.927238464]], "icov": [[0.000151070067659, -7.13317713235e-05, 0.000331735500367, -0.000203993608011, 0.000183473472134, -0.000357588141924, 0.000212407088839, -0.000485404016217, 0.000279808213236, -0.000254923477769, 0.000174483619048, 3.21181723848e-05, 9.74506765488e-05], [-7.13317713235e-05, 0.00204182928428, -0.000460054230643, 0.00144992640708, -0.00112624757458, 0.00138104741927, -0.00130127323791, 0.00198033777997, -0.00230282614939, 0.00260397675447, -0.0024219781626, 0.00219323742203, -0.000810327299405], [0.000331735500367, -0.000460054230643, 0.00134032801725, -0.00104837119579, 0.000474420929095, -0.000808459182736, 0.000365931802662, -0.00113414821681, 0.00112061225809, -0.00140568299685, 0.000623487459961, -0.000215475796722, 0.000528026022948], [-0.000203993608011, 0.00144992640708, -0.00104837119579, 0.00334671139717, -0.00135461369064, 0.000786746968515, -0.000273586716503, 0.0015303135151, -0.00197710096836, 0.00230933912098, -0.00150760938413, 0.00170812616125, -0.000644938030746], [0.000183473472134, -0.00112624757458, 0.000474420929095, -0.00135461369064, 0.00334045686759, -0.000926834007259, 0.000567396753468, -0.000998357194476, 0.00047780998284, -0.00143352698069, 0.000801835383754, 0.000683378602844, -8.91678064363e-05], [-0.000357588141924, 0.00138104741927, -0.000808459182736, 0.000786746968515, -0.000926834007259, 0.00454300548881, -0.00238799233921, 0.0023441161029, -0.00188785849605, 0.00127997354139, 0.000233740254771, 0.000166147758137, 0.000203346397029], [0.000212407088839, -0.00130127323791, 0.000365931802662, -0.000273586716503, 0.000567396753468, -0.00238799233921, 0.00569586129859, -0.00174470164347, 0.00146323663648, -5.46026749362e-05, -0.000596942380071, -0.0012466480257, 0.00084652157966], [-0.000485404016217, 0.00198033777997, -0.00113414821681, 0.0015303135151, -0.000998357194476, 0.0023441161029, -0.00174470164347, 0.00929924100637, -0.00429476005957, 0.00227968813851, -0.00276791700162, 0.00159231678117, -0.000312666670652], [0.000279808213236, -0.00230282614939, 0.00112061225809, -0.00197710096836, 0.00047780998284, -0.00188785849605, 0.00146323663648, -0.00429476005957, 0.0101282810792, -0.00545600568876, 0.00301599712111, -0.000232749152929, -0.000702593417373], [-0.000254923477769, 0.00260397675447, -0.00140568299685, 0.00230933912098, -0.00143352698069, 0.00127997354139, -5.46026749362e-05, 0.00227968813851, -0.00545600568876, 0.0127115044743, -0.00495268730447, 0.000695254420862, 0.00091003178386], [0.000174483619048, -0.0024219781626, 0.000623487459961, -0.00150760938413, 0.000801835383754, 0.000233740254771, -0.000596942380071, -0.00276791700162, 0.00301599712111, -0.00495268730447, 0.0131354834884, -0.00568640604615, 0.000969025946688], [3.21181723848e-05, 0.00219323742203, -0.000215475796722, 0.00170812616125, 0.000683378602844, 0.000166147758137, -0.0012466480257, 0.00159231678117, -0.000232749152929, 0.000695254420862, -0.00568640604615, 0.0156260859221, -0.00612719450146], [9.74506765488e-05, -0.000810327299405, 0.000528026022948, -0.000644938030746, -8.91678064363e-05, 0.000203346397029, 0.00084652157966, -0.000312666670652, -0.000702593417373, 0.00091003178386, 0.000969025946688, -0.00612719450146, 0.0118206748739]], "mean": [-86.2649612427, 114.348625183, -106.434440613, 32.5118904114, -46.5551452637, 5.16672992706, -36.181224823, 5.84999227524, -19.9773616791, -4.48382425308, -19.1528987885, -6.26782417297, -10.8205966949]}, "hfc": {"dmean": 7.90989112854, "dmean2": 11.5045633316, "dvar": 247.596694946, "dvar2": 550.884643555, "max": 201.172912598, "mean": 16.0727558136, "median": 7.79534673691, "min": 1.92571042135e-05, "var": 498.078033447}, "melbands": {"dmean": [0.00194521027151, 0.00244138063863, 0.00079947517952, 0.00025143485982, 0.000141355412779, 7.81987837399e-05, 0.000107897882117, 0.000120677956147, 0.000127505205455, 9.4187198556e-05, 5.58785213798e-05, 6.09341113886e-05, 5.69776129851e-05, 3.8700454752e-05, 3.16017249133e-05, 2.26664560614e-05, 3.11038456857e-05, 3.64024926967e-05, 3.86390784115e-05, 3.48527682945e-05, 2.47226271313e-05, 2.08737910725e-05, 1.51836402438e-05, 7.51030438551e-06, 9.09812661121e-06, 8.48728723213e-06, 5.85020870858e-06, 3.52906681655e-06, 2.43360045715e-06, 1.91062099475e-06, 1.644654958e-06, 1.75043692252e-06, 1.79536800715e-06, 1.41757664096e-06, 1.13526391488e-06, 1.00586350982e-06, 1.10669964215e-06, 8.62208878516e-07, 5.55046653972e-07, 4.42523685251e-07], "dmean2": [0.00324460677803, 0.00431785499677, 0.00141464837361, 0.000418183626607, 0.000227374956012, 0.000121187375044, 0.000168284183019, 0.000192729072296, 0.00020086549921, 0.000144168545376, 8.59612337081e-05, 9.46516811382e-05, 8.47085320856e-05, 6.03399821557e-05, 4.8921960115e-05, 3.54521507688e-05, 4.89534577355e-05, 5.65558802919e-05, 5.93486147409e-05, 5.24160277564e-05, 3.73111397494e-05, 3.27567031491e-05, 2.37190361077e-05, 1.19353999253e-05, 1.42944982144e-05, 1.31883571157e-05, 9.04550506675e-06, 5.65261370866e-06, 3.98362271881e-06, 3.11858843816e-06, 2.68653730018e-06, 2.84185807686e-06, 3.04221475744e-06, 2.44590273724e-06, 1.98274688046e-06, 1.7423647023e-06, 1.89608761048e-06, 1.46278409829e-06, 9.29379325498e-07, 7.36038373361e-07], "dvar": [2.73589957942e-05, 4.4524713303e-05, 5.08026732859e-06, 2.84816167095e-07, 7.74265345171e-08, 2.52258018918e-08, 5.90026871805e-08, 1.09747638533e-07, 1.48610567408e-07, 6.62780337279e-08, 4.05238473888e-08, 3.87112493172e-08, 4.65272158579e-08, 1.46168055437e-08, 8.17018364074e-09, 3.19062243292e-09, 7.45062234131e-09, 8.28043145162e-09, 9.07963837449e-09, 9.86876180775e-09, 3.61577789931e-09, 2.77195244536e-09, 1.66076807862e-09, 4.93912577504e-10, 1.03022768094e-09, 6.55480114631e-10, 2.59269800074e-10, 9.78920555728e-11, 4.24093156426e-11, 2.69391401547e-11, 2.42773596365e-11, 2.25172623602e-11, 3.59883338408e-11, 3.00494282235e-11, 1.81350091194e-11, 1.4160606715e-11, 1.67386295796e-11, 9.1514660433e-12, 3.82401662419e-12, 2.35501483765e-12], "dvar2": [6.81944657117e-05, 0.000119614320283, 1.41168429764e-05, 7.80089237651e-07, 2.06015030813e-07, 6.11482917634e-08, 1.38441379249e-07, 2.65108667463e-07, 3.64538465192e-07, 1.50022572143e-07, 9.84648309554e-08, 9.53983203544e-08, 9.94711442104e-08, 3.56181075745e-08, 1.9174386523e-08, 7.26989801692e-09, 1.80439094777e-08, 1.95275262627e-08, 2.04100150114e-08, 2.284565781e-08, 7.78235076382e-09, 7.01950675364e-09, 4.04277233912e-09, 1.22255905399e-09, 2.45015141509e-09, 1.55399970669e-09, 6.02372041136e-10, 2.49607640113e-10, 1.10766174011e-10, 6.98915231245e-11, 6.47223316608e-11, 6.02913621806e-11, 9.84870449083e-11, 8.35444699532e-11, 5.1135380652e-11, 3.91114259035e-11, 4.52787009275e-11, 2.43563676172e-11, 1.02533797425e-11, 6.18627978705e-12], "max": [0.0500487349927, 0.0609089806676, 0.0326166339219, 0.0104696424678, 0.00646096235141, 0.00415673200041, 0.00531431380659, 0.00870712287724, 0.00975108053535, 0.00611259974539, 0.00625832518563, 0.00516265677288, 0.00943018309772, 0.00252359989099, 0.0021246066317, 0.00106964993756, 0.0019675870426, 0.00147867191117, 0.00163454806898, 0.00200679572299, 0.00180673971772, 0.00126425817143, 0.000876042176969, 0.000676195078995, 0.000825045339298, 0.000420170399593, 0.000307859154418, 0.000215472799027, 0.000107725150883, 0.000105381841422, 8.49200732773e-05, 7.76423112256e-05, 0.000130608532345, 0.000113801252155, 7.36119036446e-05, 6.03742191743e-05, 4.90303573315e-05, 3.933525295e-05, 2.93606790365e-05, 3.19663304253e-05], "mean": [0.00149421172682, 0.00189998548012, 0.000981706310995, 0.000418764131609, 0.000237056097831, 0.000136468326673, 0.000156028414494, 0.000162185213412, 0.000182742151082, 0.000132264656713, 7.48773745727e-05, 8.92241878319e-05, 9.68323583947e-05, 5.47782983631e-05, 4.32642955275e-05, 3.02907701553e-05, 4.15054200857e-05, 5.05101234012e-05, 5.5850847275e-05, 5.30378056283e-05, 3.861462028e-05, 3.18003549182e-05, 2.20805595745e-05, 1.09731663542e-05, 1.22352821563e-05, 1.15864986583e-05, 8.08367803984e-06, 4.56018187833e-06, 3.35479239766e-06, 2.59534112956e-06, 2.11245742321e-06, 2.32237061937e-06, 2.03214199246e-06, 1.46824822878e-06, 1.19070034543e-06, 9.90219973573e-07, 1.07853907139e-06, 9.09841276098e-07, 6.37259347513e-07, 5.38705421604e-07], "median": [0.000123684716527, 0.000341815029969, 0.000451222789707, 0.000263398600509, 0.000111662608106, 5.04693853145e-05, 5.14986713824e-05, 3.99283708248e-05, 3.80458950531e-05, 3.17302001349e-05, 1.64922948898e-05, 1.51947779159e-05, 9.79273590929e-06, 8.56114365888e-06, 7.19056652088e-06, 4.86639464725e-06, 4.313176305e-06, 5.63228149986e-06, 5.55085080123e-06, 5.05713069288e-06, 5.61344631933e-06, 5.06446622239e-06, 2.97019028039e-06, 1.43069598835e-06, 1.46455045069e-06, 1.63161610089e-06, 1.15343482321e-06, 6.56112945308e-07, 3.20207277582e-07, 2.40618618363e-07, 2.82215694369e-07, 3.83482017696e-07, 2.93793817718e-07, 1.60001846439e-07, 9.17120388522e-08, 6.73870985679e-08, 6.4997983884e-08, 5.29256496407e-08, 3.86368981253e-08, 3.10822620975e-08], "min": [4.04009437016e-10, 6.48555237293e-11, 2.35683989686e-11, 2.47468157077e-11, 1.46844775922e-12, 4.39395048124e-12, 3.14528568121e-12, 2.63828433926e-12, 1.82637694031e-12, 1.3313562492e-12, 9.72357502675e-13, 1.19272528052e-12, 8.42535297172e-13, 1.84937677151e-12, 1.89441756553e-12, 4.46835667425e-12, 1.67821073878e-12, 1.90297387223e-12, 3.26904931076e-12, 1.33225028232e-12, 2.14875274691e-12, 2.24596318106e-12, 1.75987729164e-12, 1.63223113411e-12, 1.40290665369e-12, 1.59692495772e-12, 1.47242537173e-12, 2.48740546389e-12, 2.49019533292e-12, 2.12666689814e-12, 1.62884484546e-12, 2.10954647847e-12, 7.46725489602e-13, 1.61579571337e-12, 1.46980149406e-12, 1.32446245811e-12, 1.75128563994e-12, 1.69143605372e-12, 1.44861162996e-12, 1.24916158147e-12], "var": [2.16130792978e-05, 3.01813524857e-05, 3.71013265976e-06, 3.29717749992e-07, 1.26139781287e-07, 7.38475591788e-08, 1.05502067527e-07, 1.51724762532e-07, 2.4920760211e-07, 1.17257087595e-07, 5.35069624163e-08, 6.22941129791e-08, 1.18423493234e-07, 2.5619211641e-08, 1.28887345241e-08, 5.07008568462e-09, 1.30955370992e-08, 1.44610723396e-08, 1.79401684619e-08, 1.99620622254e-08, 7.51741335847e-09, 4.84150586288e-09, 2.78059819614e-09, 8.23148715856e-10, 1.25247323624e-09, 8.51895998188e-10, 3.6852218499e-10, 1.1054247101e-10, 5.57987267502e-11, 3.76698290616e-11, 2.81621063275e-11, 2.56336618598e-11, 2.90636681388e-11, 2.1761441607e-11, 1.32892447047e-11, 1.04859792724e-11, 1.37239906939e-11, 8.53266676065e-12, 3.81274178896e-12, 2.74384421434e-12]}, "melbands_crest": {"dmean": 3.7626273632, "dmean2": 6.03078079224, "dvar": 13.6575641632, "dvar2": 32.1746253967, "max": 39.0676727295, "mean": 14.8283147812, "median": 14.2484998703, "min": 3.1953766346, "var": 31.8043479919}, "melbands_flatness_db": {"dmean": 0.0448083020747, "dmean2": 0.0656567811966, "dvar": 0.00257120048627, "dvar2": 0.00534022599459, "max": 0.732219278812, "mean": 0.264102309942, "median": 0.233277454972, "min": 0.0480150952935, "var": 0.0162671394646}, "melbands_kurtosis": {"dmean": 13.4374685287, "dmean2": 21.9773216248, "dvar": 759.544372559, "dvar2": 1885.95507812, "max": 591.587219238, "mean": 19.1172294617, "median": 6.70458745956, "min": -1.91671347618, "var": 1579.06677246}, "melbands_skewness": {"dmean": 1.10065698624, "dmean2": 1.71576738358, "dvar": 1.77336370945, "dvar2": 4.27826786041, "max": 19.6272239685, "mean": 2.60201597214, "median": 2.15084218979, "min": -2.27305316925, "var": 4.53700637817}, "melbands_spread": {"dmean": 8.26941108704, "dmean2": 12.80605793, "dvar": 137.686309814, "dvar2": 301.245697021, "max": 304.026123047, "mean": 21.8425769806, "median": 16.199590683, "min": 0.25430598855, "var": 418.012390137}, "mfcc": {"cov": [[19410.9707031, -1789.71948242, -3470.078125, -824.908081055, -538.3125, -135.721298218, -320.326446533, 172.128479004, 221.975921631, 211.387557983, -27.1328125, 12.4131813049, 4.37010860443], [-1789.71948242, 2266.38061523, -206.880371094, -78.6049499512, 44.6867599487, -164.654067993, 47.8313407898, 43.6575546265, -63.9783058167, 4.02063369751, 53.9554672241, -65.9631118774, 19.9227905273], [-3470.078125, -206.880371094, 1752.08789062, 318.296447754, 165.221359253, 161.2550354, 108.013908386, -46.5104484558, -3.97671341896, 19.2164173126, 36.5233459473, 41.7357444763, -58.0423774719], [-824.908081055, -78.6049499512, 318.296447754, 510.804290771, 225.463409424, -28.2423534393, -1.03732585907, -20.8595962524, 4.74677085876, 44.5811538696, -18.4081935883, 23.7600059509, 0.109293147922], [-538.3125, 44.6867599487, 165.221359253, 225.463409424, 470.207122803, 75.243927002, -26.1271076202, -29.1236686707, 54.5680236816, 88.443397522, -6.25481367111, 16.078792572, -27.376663208], [-135.721298218, -164.654067993, 161.2550354, -28.2423534393, 75.243927002, 350.153900146, 79.9580688477, 29.3598499298, 57.7495307922, -16.5653057098, 33.9865036011, -1.59821474552, -39.5818634033], [-320.326446533, 47.8313407898, 108.013908386, -1.03732585907, -26.1271076202, 79.9580688477, 224.665817261, 62.8703575134, -16.6407032013, -15.3446979523, 9.82734870911, 18.8735790253, -13.23579216], [172.128479004, 43.6575546265, -46.5104484558, -20.8595962524, -29.1236686707, 29.3598499298, 62.8703575134, 155.863815308, 32.3892936707, -1.94630742073, 14.4607067108, -8.98010349274, -0.458009421825], [221.975921631, -63.9783058167, -3.97671341896, 4.74677085876, 54.5680236816, 57.7495307922, -16.6407032013, 32.3892936707, 148.409790039, 38.1859207153, 7.88231229782, 5.20769262314, -18.7663631439], [211.387557983, 4.02063369751, 19.2164173126, 44.5811538696, 88.443397522, -16.5653057098, -15.3446979523, -1.94630742073, 38.1859207153, 156.464675903, 35.986240387, 19.6088562012, -7.00664186478], [-27.1328125, 53.9554672241, 36.5233459473, -18.4081935883, -6.25481367111, 33.9865036011, 9.82734870911, 14.4607067108, 7.88231229782, 35.986240387, 116.146148682, 29.6791706085, -3.65048861504], [12.4131813049, -65.9631118774, 41.7357444763, 23.7600059509, 16.078792572, -1.59821474552, 18.8735790253, -8.98010349274, 5.20769262314, 19.6088562012, 29.6791706085, 111.713020325, 19.3596420288], [4.37010860443, 19.9227905273, -58.0423774719, 0.109293147922, -27.376663208, -39.5818634033, -13.23579216, -0.458009421825, -18.7663631439, -7.00664186478, -3.65048861504, 19.3596420288, 98.6301651001]], "icov": [[0.000106207226054, 9.80127952062e-05, 0.000210408761632, 4.05628197768e-05, 7.21207252354e-05, -2.25674648391e-05, 6.28083798802e-05, -8.35093815112e-05, -3.74040901079e-05, -0.000204837633646, 1.86157631106e-05, -5.51760495e-05, 0.000108126980194], [9.80127952062e-05, 0.000612572301179, 0.00022808733047, 0.000189067839528, -0.000222478833166, 0.000380815967219, -0.0002316719183, -0.000153488959768, 7.93395665823e-05, -5.05647149112e-05, -0.000488275953103, 0.000428989238571, -2.55630620813e-05], [0.000210408761632, 0.00022808733047, 0.00114414794371, -0.000383389851777, 0.000152152133523, -0.000315808109008, -0.000182970878086, 0.000157204616698, 1.58708589879e-05, -0.000367037398973, -0.000203612042242, -0.000189217418665, 0.000516563479323], [4.05628197768e-05, 0.000189067839528, -0.000383389851777, 0.00297965668142, -0.00142433086876, 0.000798695662525, -0.000185274257092, -0.000221618509386, 0.000129094769363, -8.54096433613e-05, 0.000299020699458, -0.000170801795321, -0.000306533183903], [7.21207252354e-05, -0.000222478833166, 0.000152152133523, -0.00142433086876, 0.00359842251055, -0.00127066357527, 0.00070505682379, 0.000411689688917, -0.000478159956401, -0.00182700634468, 0.00106529635377, -0.000567807583138, 0.000648373446893], [-2.25674648391e-05, 0.000380815967219, -0.000315808109008, 0.000798695662525, -0.00127066357527, 0.00446207495406, -0.00170337432064, 0.000111332083179, -0.00159591308329, 0.00156816467643, -0.00179313961416, 0.000905932043679, 0.000510838523041], [6.28083798802e-05, -0.0002316719183, -0.000182970878086, -0.000185274257092, 0.00070505682379, -0.00170337432064, 0.00643724668771, -0.00280576036312, 0.00178355199751, -0.00036463123979, 0.00101207057014, -0.00194173597265, 0.00103152450174], [-8.35093815112e-05, -0.000153488959768, 0.000157204616698, -0.000221618509386, 0.000411689688917, 0.000111332083179, -0.00280576036312, 0.00848054420203, -0.00249590817839, 0.000436801434262, -0.00124243996106, 0.00152028677985, -0.0008389884606], [-3.74040901079e-05, 7.93395665823e-05, 1.58708589879e-05, 0.000129094769363, -0.000478159956401, -0.00159591308329, 0.00178355199751, -0.00249590817839, 0.0090176416561, -0.00196619378403, 0.000851446762681, -0.000955490162596, 0.00124456721824], [-0.000204837633646, -5.05647149112e-05, -0.000367037398973, -8.54096433613e-05, -0.00182700634468, 0.00156816467643, -0.00036463123979, 0.000436801434262, -0.00196619378403, 0.0091358134523, -0.00315899495035, -0.000153968081577, 6.68917491566e-05], [1.86157631106e-05, -0.000488275953103, -0.000203612042242, 0.000299020699458, 0.00106529635377, -0.00179313961416, 0.00101207057014, -0.00124243996106, 0.000851446762681, -0.00315899495035, 0.0114066619426, -0.0033654179424, 0.000704129517544], [-5.51760495e-05, 0.000428989238571, -0.000189217418665, -0.000170801795321, -0.000567807583138, 0.000905932043679, -0.00194173597265, 0.00152028677985, -0.000955490162596, -0.000153968081577, -0.0033654179424, 0.0113103948534, -0.00278028822504], [0.000108126980194, -2.55630620813e-05, 0.000516563479323, -0.000306533183903, 0.000648373446893, 0.000510838523041, 0.00103152450174, -0.0008389884606, 0.00124456721824, 6.68917491566e-05, 0.000704129517544, -0.00278028822504, 0.0117764417082]], "mean": [-724.519714355, 136.445053101, 4.8747587204, 28.1729793549, 11.4163198471, 3.76314091682, -2.8414940834, 4.56346845627, 2.31180977821, 0.993407130241, -1.97662401199, -5.12414121628, 0.0680259093642]}, "pitch_salience": {"dmean": 0.0916524156928, "dmean2": 0.144479945302, "dvar": 0.00903239939362, "dvar2": 0.0212248954922, "max": 0.896472871304, "mean": 0.546375751495, "median": 0.565219283104, "min": 0.0450580567122, "var": 0.018295250833}, "silence_rate_20dB": {"dmean": 0, "dmean2": 0, "dvar": 0, "dvar2": 0, "max": 1, "mean": 1, "median": 1, "min": 1, "var": 0}, "silence_rate_30dB": {"dmean": 0.0417216792703, "dmean2": 0.0834543779492, "dvar": 0.039980981499, "dvar2": 0.103955738246, "max": 1, "mean": 0.971353113651, "median": 1, "min": 0, "var": 0.0278262216598}, "silence_rate_60dB": {"dmean": 0.0586216002703, "dmean2": 0.117258682847, "dvar": 0.0551851093769, "dvar2": 0.120147138834, "max": 1, "mean": 0.174257427454, "median": 0, "min": 0, "var": 0.143891781569}, "spectral_centroid": {"dmean": 269.685119629, "dmean2": 404.414093018, "dvar": 126491.234375, "dvar2": 251278.21875, "max": 11455.0625, "mean": 1136.2322998, "median": 1021.01672363, "min": 109.194969177, "var": 546126.5625}, "spectral_complexity": {"dmean": 3.85423827171, "dmean2": 5.34187221527, "dvar": 28.954460144, "dvar2": 47.7813148499, "max": 62, "mean": 14.1522111893, "median": 11, "min": 0, "var": 138.251815796}, "spectral_contrast_coeffs": {"dmean": [0.0485244356096, 0.0531374923885, 0.043218113482, 0.0411067679524, 0.0302921943367, 0.0230246130377], "dmean2": [0.0787121206522, 0.0863255783916, 0.0669576600194, 0.0623164735734, 0.0464772842824, 0.0345648080111], "dvar": [0.00179220514838, 0.00220281491056, 0.00144663325045, 0.00133329560049, 0.000672355061397, 0.000498006062116], "dvar2": [0.00463636312634, 0.0055415420793, 0.00324838003144, 0.0028539840132, 0.00152066547889, 0.00109952967614], "max": [-0.369010001421, -0.302195012569, -0.314214527607, -0.42290365696, -0.525855898857, -0.595953822136], "mean": [-0.638069868088, -0.737746596336, -0.756461262703, -0.764163851738, -0.774499356747, -0.778001248837], "median": [-0.632750689983, -0.74994879961, -0.770845174789, -0.774327337742, -0.773553907871, -0.775477051735], "min": [-0.963602542877, -0.973527014256, -0.962473213673, -0.963387548923, -0.958430886269, -0.964963376522], "var": [0.00599960656837, 0.0085584204644, 0.0101017439738, 0.00891797617078, 0.00505849020556, 0.00285824830644]}, "spectral_contrast_valleys": {"dmean": [0.460141986609, 0.558269560337, 0.538589894772, 0.577432215214, 0.528829753399, 0.491936773062], "dmean2": [0.683124125004, 0.845754146576, 0.7955031991, 0.827864229679, 0.725054621696, 0.63312882185], "dvar": [0.227087408304, 0.334997296333, 0.320450633764, 0.356913477182, 0.335923105478, 0.399914979935], "dvar2": [0.417921423912, 0.725498855114, 0.641704678535, 0.692655086517, 0.610379993916, 0.694217920303], "max": [-5.07107210159, -4.90546178818, -5.35236930847, -5.48497676849, -5.15193319321, -7.60028219223], "mean": [-7.67596054077, -7.50628614426, -8.31118011475, -8.67919254303, -8.6642999649, -11.290389061], "median": [-7.47485923767, -7.14253377914, -7.92765235901, -8.35464191437, -8.40346336365, -11.009355545], "min": [-27.4041175842, -27.0333862305, -27.3332195282, -27.1628780365, -27.2680282593, -27.1640758514], "var": [1.44040727615, 2.24576210976, 2.68019127846, 2.90960550308, 2.96317219734, 3.32924962044]}, "spectral_decrease": {"dmean": 3.83457043895e-09, "dmean2": 5.94546678556e-09, "dvar": 6.15306041058e-17, "dvar2": 1.46244605857e-16, "max": -5.20285540928e-16, "mean": -5.39029487712e-09, "median": -2.74856382099e-09, "min": -6.86907242198e-08, "var": 6.70451260821e-17}, "spectral_energy": {"dmean": 0.0150630110875, "dmean2": 0.0232156403363, "dvar": 0.000916604883969, "dvar2": 0.0021600779146, "max": 0.26995459199, "mean": 0.0218020714819, "median": 0.0112305516377, "min": 3.71035469016e-09, "var": 0.00104245741386}, "spectral_energyband_high": {"dmean": 0.000391192355892, "dmean2": 0.000640146667138, "dvar": 1.52927509589e-06, "dvar2": 4.09004087487e-06, "max": 0.0132578546181, "mean": 0.000525460171048, "median": 7.95780870249e-05, "min": 1.47427237085e-09, "var": 1.50537937316e-06}, "spectral_energyband_low": {"dmean": 0.0114462031052, "dmean2": 0.0190683715045, "dvar": 0.000807475356851, "dvar2": 0.00201275176369, "max": 0.223654940724, "mean": 0.0100345378742, "median": 0.0020852831658, "min": 1.51649037772e-09, "var": 0.000654160510749}, "spectral_energyband_middle_high": {"dmean": 0.00231785164215, "dmean2": 0.00328035606071, "dvar": 1.78599329956e-05, "dvar2": 3.5989764001e-05, "max": 0.0744990184903, "mean": 0.00509619992226, "median": 0.00159364228602, "min": 3.77233327908e-10, "var": 5.391536979e-05}, "spectral_energyband_middle_low": {"dmean": 0.00366476364434, "dmean2": 0.00593795254827, "dvar": 5.27562224306e-05, "dvar2": 0.000141132273711, "max": 0.092828117311, "mean": 0.00724639371037, "median": 0.00514514790848, "min": 2.4543583832e-10, "var": 6.77360731061e-05}, "spectral_entropy": {"dmean": 0.291879534721, "dmean2": 0.421325176954, "dvar": 0.134413674474, "dvar2": 0.277576059103, "max": 9.8233423233, "mean": 7.05928564072, "median": 7.24256753922, "min": 3.57038736343, "var": 0.748284399509}, "spectral_flux": {"dmean": 0.0367671810091, "dmean2": 0.0521101169288, "dvar": 0.00267992843874, "dvar2": 0.00457195565104, "max": 0.445793688297, "mean": 0.0827669426799, "median": 0.0562965832651, "min": 4.92231774842e-05, "var": 0.00633085193112}, "spectral_kurtosis": {"dmean": 4.82939577103, "dmean2": 7.96772956848, "dvar": 82.6510696411, "dvar2": 217.29776001, "max": 141.739883423, "mean": 10.1678266525, "median": 5.77183246613, "min": -1.26570904255, "var": 190.213577271}, "spectral_rms": {"dmean": 0.00121328129899, "dmean2": 0.00171136984136, "dvar": 3.36125799549e-06, "dvar2": 6.95233484294e-06, "max": 0.0162286888808, "mean": 0.00380095024593, "median": 0.00331008108333, "min": 1.90259254396e-06, "var": 6.82309018885e-06}, "spectral_rolloff": {"dmean": 504.389831543, "dmean2": 838.162780762, "dvar": 904897.6875, "dvar2": 1966815.25, "max": 14836.3769531, "mean": 1332.37792969, "median": 925.927734375, "min": 21.533203125, "var": 2000748.375}, "spectral_skewness": {"dmean": 0.47600248456, "dmean2": 0.755339622498, "dvar": 0.462857782841, "dvar2": 1.14159107208, "max": 10.1264648438, "mean": 2.09831237793, "median": 1.72446739674, "min": -0.0929783433676, "var": 1.55303454399}, "spectral_spread": {"dmean": 677000.5625, "dmean2": 987163.625, "dvar": 945371217920, "dvar2": 1768637333500.0, "max": 40361988, "mean": 3925885.5, "median": 3478092.25, "