{"lowlevel": {"average_loudness": 0.33165872097, "barkbands": {"dmean": [4.13387679146e-05, 0.00212651770562, 0.00063717388548, 0.000227954791626, 0.000402545789257, 0.000302218657453, 0.000178839152795, 0.000317166908644, 0.000338124489645, 0.000708054110873, 0.00022309103224, 0.000533548358362, 0.000609457667451, 0.000332286988851, 0.000329598435201, 0.000259625085164, 0.000214586820221, 0.000206422904739, 0.000158234062837, 0.000184319083928, 0.000168218000908, 5.94416196691e-05, 5.56658778805e-05, 5.89336559642e-05, 5.54363832634e-05, 6.17148252786e-05, 2.12196755456e-05], "dmean2": [6.44065366942e-05, 0.00358610693365, 0.00116022920702, 0.000398958800361, 0.000628071313258, 0.000474030035548, 0.000280099775409, 0.00050405197544, 0.000536026898772, 0.00112532568164, 0.000347093940945, 0.000878432183526, 0.000986971776001, 0.000535493600182, 0.000537947809789, 0.000406754028518, 0.000330202106852, 0.000322810170474, 0.000246453797445, 0.000284076639218, 0.000259931199253, 8.69862706168e-05, 7.57105372031e-05, 8.15568782855e-05, 7.59136964916e-05, 8.55495964061e-05, 2.89497893391e-05], "dvar": [2.97347924061e-08, 9.36199357966e-05, 9.50410867517e-06, 1.42344572396e-06, 9.02313729512e-07, 5.37799053291e-07, 1.81809340916e-07, 1.09276300009e-06, 7.56011559133e-07, 4.34949379269e-06, 6.67137555865e-07, 3.22306277667e-06, 3.7993386286e-06, 8.36525885006e-07, 1.39058749937e-06, 4.63276819573e-07, 3.41330547826e-07, 3.00206522752e-07, 1.32081865445e-07, 1.72992969283e-07, 1.5336908632e-07, 3.06545580031e-08, 2.42157085495e-08, 2.88678538851e-08, 4.18992911477e-08, 5.27481276436e-08, 5.66446178851e-09], "dvar2": [7.0747333325e-08, 0.000243153321208, 2.7510257496e-05, 3.93655773223e-06, 2.33844480135e-06, 1.3643963257e-06, 4.50296340659e-07, 2.64145182882e-06, 1.8428529529e-06, 1.09211523522e-05, 1.51221661326e-06, 8.71381689649e-06, 1.00605966509e-05, 2.08531400858e-06, 3.87697764381e-06, 1.12131419883e-06, 8.06252103303e-07, 7.25793199763e-07, 3.01939650171e-07, 3.98142560698e-07, 3.62073649285e-07, 6.60589165591e-08, 4.82160800175e-08, 5.71620404344e-08, 7.48372741555e-08, 1.03370311422e-07, 1.06162545421e-08], "max": [0.00278329383582, 0.116715408862, 0.0522351041436, 0.0276114437729, 0.0246083177626, 0.0212964043021, 0.0128477215767, 0.0594965592027, 0.0259159114212, 0.0621072463691, 0.0274074487388, 0.0741085261106, 0.0360988564789, 0.018671438098, 0.0339965969324, 0.015503462404, 0.0150610599667, 0.0125664770603, 0.00828992016613, 0.00887466035783, 0.0100613990799, 0.00398923736066, 0.00475889956579, 0.00511559750885, 0.00896509736776, 0.00436359411106, 0.00223585916683], "mean": [4.3384192395e-05, 0.00200042827055, 0.000631831528153, 0.00027491824585, 0.000798369525, 0.000556939747185, 0.000321559200529, 0.000447678525234, 0.000583508168347, 0.0010805753991, 0.000339433259796, 0.000813347054645, 0.00103680277243, 0.000503209943417, 0.000553573598154, 0.00044348728261, 0.000388881453546, 0.000394564645831, 0.000321206200169, 0.000410967069911, 0.0003390336351, 9.48798042373e-05, 9.21654427657e-05, 0.000102189085737, 9.87673047348e-05, 8.6191612354e-05, 2.76100381598e-05], "median": [2.33973923969e-06, 0.000279393047094, 9.93988360278e-05, 7.08960869815e-05, 0.000394023227273, 0.000237576037762, 0.000127917708596, 8.88207359822e-05, 0.000148026301758, 0.000174939137651, 4.3778320105e-05, 9.21373793972e-05, 8.34152742755e-05, 6.94076152286e-05, 5.51479897695e-05, 7.16645590728e-05, 7.60610491852e-05, 6.76137715345e-05, 7.87208991824e-05, 7.02152610756e-05, 5.36038496648e-05, 1.63720105775e-05, 1.35683103508e-05, 1.96551300178e-05, 1.49330498971e-05, 9.05415799934e-06, 2.87049942926e-06], "min": [3.77362942055e-23, 4.89925654505e-24, 1.43942960282e-23, 1.385205513e-23, 1.59284471576e-22, 2.19517286506e-23, 4.50957448288e-23, 4.97932726799e-23, 5.61514852651e-23, 9.41500315454e-23, 5.76091361349e-23, 1.29170053618e-22, 1.15417052596e-22, 1.49456261817e-22, 2.10739167364e-22, 2.47451428606e-22, 2.0592532355e-22, 3.58904751765e-22, 3.39038230189e-22, 3.775317646e-22, 4.21918279298e-22, 4.69994037705e-22, 6.23921070883e-22, 8.82487511779e-22, 1.16853276742e-21, 1.49978952217e-21, 2.32745763814e-21], "var": [2.96783273512e-08, 7.26994476281e-05, 5.82197071708e-06, 9.84769826573e-07, 1.62904780154e-06, 1.04335936157e-06, 3.4714653907e-07, 1.55352631737e-06, 1.4537347397e-06, 6.87135116095e-06, 1.13023997983e-06, 5.09797973791e-06, 8.8937149485e-06, 1.47501782521e-06, 2.89970671474e-06, 1.05350375179e-06, 8.51321260598e-07, 7.88626209669e-07, 3.32296849592e-07, 5.47329250367e-07, 4.25804103088e-07, 5.13088984633e-08, 4.94184071442e-08, 6.70485889032e-08, 1.06402318067e-07, 8.61843290068e-08, 9.10921027497e-09]}, "barkbands_crest": {"dmean": 2.39546084404, "dmean2": 3.89562702179, "dvar": 6.08384037018, "dvar2": 15.3865680695, "max": 25.9897861481, "mean": 9.07678031921, "median": 8.19626617432, "min": 2.18806791306, "var": 16.839597702}, "barkbands_flatness_db": {"dmean": 0.0172591023147, "dmean2": 0.0266089588404, "dvar": 0.000307662470732, "dvar2": 0.000732442189474, "max": 0.38835388422, "mean": 0.110801935196, "median": 0.102704629302, "min": 0.0152877280489, "var": 0.00263613113202}, "barkbands_kurtosis": {"dmean": 1.76718986034, "dmean2": 2.81477856636, "dvar": 19.0556354523, "dvar2": 47.2700271606, "max": 146.874084473, "mean": 2.63375115395, "median": 0.598949551582, "min": -1.89070522785, "var": 52.7590255737}, "barkbands_skewness": {"dmean": 0.420014262199, "dmean2": 0.636758863926, "dvar": 0.255314260721, "dvar2": 0.553394973278, "max": 9.98118495941, "mean": 1.02715563774, "median": 0.838598489761, "min": -5.01769018173, "var": 1.50692880154}, "barkbands_spread": {"dmean": 5.42407941818, "dmean2": 8.40796661377, "dvar": 47.6671295166, "dvar2": 105.411804199, "max": 116.676651001, "mean": 25.8669776917, "median": 22.8933773041, "min": 0.376709580421, "var": 247.550994873}, "dissonance": {"dmean": 0.0168387517333, "dmean2": 0.0282972231507, "dvar": 0.000268991920166, "dvar2": 0.000728820741642, "max": 0.500000059605, "mean": 0.463488161564, "median": 0.470195412636, "min": 0.223821550608, "var": 0.000756608205847}, "dynamic_complexity": 6.96211338043, "erbbands": {"dmean": [0.0509001202881, 0.519223570824, 0.853828966618, 0.717540383339, 0.765843391418, 1.42743349075, 3.02159285545, 2.09780859947, 2.6092414856, 2.66104578972, 7.92922735214, 7.81817293167, 12.1750955582, 21.7554836273, 11.9774026871, 20.3478317261, 27.4514732361, 13.7849884033, 21.5538692474, 10.3817234039, 14.7552680969, 10.800283432, 9.33214855194, 10.5835113525, 5.7105307579, 8.45338153839, 10.2775001526, 3.29592776299, 2.09012079239, 1.73375439644, 1.56273293495, 1.44000935555, 0.909588634968, 0.638754367828, 0.406395047903, 0.294265389442, 0.0988263189793, 0.0325393974781, 0.00365078006871, 0.000111579058284], "dmean2": [0.0827808454633, 0.902866482735, 1.55417537689, 1.26075077057, 1.26453626156, 2.22775912285, 4.75164318085, 3.23896193504, 4.08919239044, 4.19401502609, 12.4488067627, 12.2908716202, 19.2541275024, 34.4663887024, 18.745759964, 33.1816596985, 44.8398246765, 22.1127986908, 35.0144081116, 16.1023979187, 23.0753040314, 16.5429573059, 14.2990608215, 16.4920101166, 8.70709133148, 12.7812004089, 15.82721138, 4.96961736679, 3.06083083153, 2.44075775146, 2.13086819649, 1.98729658127, 1.29258584976, 0.891614675522, 0.562707126141, 0.423678338528, 0.135814264417, 0.0440309979022, 0.00505408691242, 0.000148084611283], "dvar": [0.0486740805209, 5.96360063553, 17.4628295898, 11.9761190414, 9.03778648376, 12.2123184204, 50.0825424194, 28.4740753174, 37.7968063354, 50.9932327271, 602.547729492, 476.968353271, 1367.87658691, 4856.26074219, 1325.32397461, 4367.38574219, 7885.79589844, 1794.87438965, 4991.04589844, 803.92010498, 1550.11865234, 991.381164551, 640.849365234, 678.431091309, 154.945968628, 358.203704834, 592.89453125, 78.1271133423, 35.837928772, 31.5302715302, 18.3961162567, 16.1808128357, 8.3891916275, 5.93968296051, 2.25503873825, 1.32101309299, 0.128377705812, 0.0151326358318, 0.000157274655066, 1.30531944365e-07], "dvar2": [0.116104237735, 16.1182003021, 49.8861427307, 33.0323524475, 25.1898212433, 31.6146144867, 128.997619629, 68.5461578369, 94.4997940063, 129.736450195, 1427.43762207, 1166.62658691, 3446.79296875, 12200.5644531, 3199.12304688, 11647.84375, 21160.0449219, 4497.62792969, 14071.2949219, 1931.44372559, 3764.09912109, 2337.62158203, 1435.14660645, 1631.76989746, 356.314147949, 807.628417969, 1391.04907227, 176.621704102, 75.8128967285, 67.7108078003, 36.7572517395, 33.3120956421, 16.5895137787, 11.0024518967, 4.1200799942, 2.9210267067, 0.240904435515, 0.027730545029, 0.000299650448142, 2.23638309649e-07], "max": [2.88756799698, 28.0066356659, 63.1719970703, 71.5974349976, 74.6181793213, 114.436218262, 146.282440186, 153.942993164, 177.005523682, 258.979217529, 1367.03430176, 720.528442383, 1564.87414551, 2301.43261719, 1103.28393555, 2433.06542969, 1668.86975098, 1286.7722168, 1776.76745605, 780.949645996, 1080.31677246, 871.641845703, 772.681091309, 589.891906738, 270.124572754, 420.230407715, 665.844787598, 341.947296143, 126.16103363, 198.418151855, 127.499053955, 80.5642852783, 100.43182373, 124.120132446, 62.192615509, 23.6007537842, 7.29006910324, 4.22312736511, 0.356050699949, 0.00971488561481], "mean": [0.0538490824401, 0.45686596632, 0.816532850266, 0.844323694706, 1.21438395977, 2.8013753891, 5.52743434906, 3.97333097458, 4.76894950867, 4.61881971359, 11.8208551407, 13.5846977234, 20.3146476746, 32.7234573364, 20.665140152, 35.0803565979, 49.1992492676, 25.0536212921, 36.7649803162, 19.5577087402, 25.5638656616, 21.4438838959, 19.9044399261, 21.5016670227, 13.2374744415, 19.9323863983, 23.037197113, 6.46367931366, 3.41077303886, 2.76890254021, 2.61595630646, 2.37550616264, 1.58747112751, 1.12721073627, 0.695506453514, 0.397641032934, 0.140389487147, 0.0419244095683, 0.00481729675084, 0.000165812612977], "median": [0.00681928545237, 0.0606710799038, 0.153180658817, 0.244087308645, 0.517224729061, 1.30646288395, 2.42490696907, 1.62354528904, 1.94505429268, 1.77601599693, 3.14274501801, 3.690980196, 4.22162723541, 5.82362222672, 3.94031357765, 4.01265144348, 4.28546714783, 3.47142553329, 4.6802854538, 3.45239543915, 4.05304336548, 3.90665149689, 4.08858537674, 4.63712692261, 3.29165267944, 3.6166331768, 3.18905425072, 1.26095223427, 0.599792718887, 0.418691247702, 0.410190969706, 0.393331885338, 0.315524756908, 0.195484027267, 0.0848384648561, 0.0388663858175, 0.0161323137581, 0.00398761453107, 0.000535400235094, 2.95060472126e-05], "min": [2.44822641147e-22, 1.48782044489e-21, 1.24501062337e-20, 3.48793953097e-20, 3.94272149305e-19, 4.62284050793e-19, 2.79740669992e-19, 2.08575956675e-19, 3.2129597507e-19, 1.09264417102e-18, 1.00785826163e-18, 1.27107995385e-18, 3.02169656792e-18, 2.47484270867e-18, 2.96991899068e-18, 5.2725522084e-18, 4.82647479716e-18, 5.38370418962e-18, 1.10089029319e-17, 1.17968156264e-17, 1.33675116685e-17, 1.39719887903e-17, 2.11562327357e-17, 2.3505167595e-17, 8.12439923165e-18, 1.63346945525e-17, 1.87634126362e-17, 1.63286842581e-17, 1.82994867353e-17, 2.02147291451e-17, 1.57189413045e-17, 1.57829915537e-17, 1.6253266893e-17, 1.05694996274e-17, 1.03231941923e-17, 5.47738404835e-18, 2.98539843508e-18, 1.39686899941e-18, 2.96531169807e-19, 3.27782596186e-20], "var": [0.0451905801892, 4.18439054489, 10.7676830292, 8.32829189301, 7.66554880142, 22.3648796082, 98.9084396362, 61.0941543579, 74.7939147949, 82.09349823, 847.572753906, 856.453063965, 2143.05639648, 6827.60400391, 2473.85961914, 8138.74902344, 19634.5019531, 3989.05615234, 10457.2109375, 1909.79650879, 3345.12841797, 2740.43676758, 1923.31958008, 1686.74133301, 498.429504395, 1246.04614258, 1856.33435059, 174.876358032, 62.7001800537, 52.3353462219, 38.3852119446, 32.2653656006, 19.9784126282, 13.8783311844, 5.57319641113, 1.87883245945, 0.220723345876, 0.0240632593632, 0.000253967242315, 2.46155508421e-07]}, "erbbands_crest": {"dmean": 2.37111258507, "dmean2": 3.84625029564, "dvar": 5.26226329803, "dvar2": 13.1699151993, "max": 30.1804161072, "mean": 8.74266052246, "median": 7.77442359924, "min": 2.09752345085, "var": 15.9607782364}, "erbbands_flatness_db": {"dmean": 0.0157822221518, "dmean2": 0.0224639270455, "dvar": 0.000243589849561, "dvar2": 0.000458648632048, "max": 0.377373099327, "mean": 0.154768288136, "median": 0.149599194527, "min": 0.0342504456639, "var": 0.0026015706826}, "erbbands_kurtosis": {"dmean": 0.790960371494, "dmean2": 1.2532736063, "dvar": 1.68625724316, "dvar2": 4.21859359741, "max": 54.9362678528, "mean": 0.468753129244, "median": -0.125613093376, "min": -1.79254591465, "var": 4.27877140045}, "erbbands_skewness": {"dmean": 0.303896486759, "dmean2": 0.461298078299, "dvar": 0.089298017323, "dvar2": 0.192153319716, "max": 5.66909074783, "mean": 0.262621104717, "median": 0.2348780334, "min": -4.40800523758, "var": 0.611940085888}, "erbbands_spread": {"dmean": 6.32693099976, "dmean2": 9.6096572876, "dvar": 48.3288993835, "dvar2": 107.753059387, "max": 131.274169922, "mean": 34.460018158, "median": 33.0000228882, "min": 1.83022022247, "var": 247.279190063}, "gfcc": {"cov": [[20450.0878906, -1587.78637695, -209.327133179, 535.688171387, 388.433868408, 1095.66845703, 458.065093994, 630.217956543, -394.918182373, 375.556854248, -95.0672531128, -135.2447052, -74.3325424194], [-1587.78637695, 1718.93884277, 151.736587524, 188.172698975, 162.562225342, -82.7127609253, 109.814254761, -59.3440093994, 74.9554748535, -91.9718399048, 45.414894104, -79.6542892456, 34.033405304], [-209.327133179, 151.736587524, 1052.82910156, 335.224334717, 229.690597534, 215.049377441, 46.3950271606, 110.292381287, 114.717895508, 1.88573670387, -30.0273265839, 79.4512023926, -39.98985672], [535.688171387, 188.172698975, 335.224334717, 610.16015625, 258.795959473, 177.768356323, 86.0533447266, 95.4148330688, 150.208770752, 42.911529541, -11.6546840668, 50.112121582, -26.6559791565], [388.433868408, 162.562225342, 229.690597534, 258.795959473, 407.524993896, 223.270751953, 181.657470703, 107.107627869, 74.3575973511, 83.1260528564, 0.729138791561, 10.5365972519, -18.7237663269], [1095.66845703, -82.7127609253, 215.049377441, 177.768356323, 223.270751953, 414.426452637, 223.907791138, 94.5325241089, 22.2972564697, 84.2512741089, 21.7384166718, -28.9707012177, -39.4103851318], [458.065093994, 109.814254761, 46.3950271606, 86.0533447266, 181.657470703, 223.907791138, 270.018981934, 90.1255340576, 20.7645225525, 66.405456543, 30.4717998505, -31.7403259277, -15.4175024033], [630.217956543, -59.3440093994, 110.292381287, 95.4148330688, 107.107627869, 94.5325241089, 90.1255340576, 199.149353027, 52.4880142212, 32.9925842285, -0.887798070908, 14.1105566025, 21.4035797119], [-394.918182373, 74.9554748535, 114.717895508, 150.208770752, 74.3575973511, 22.2972564697, 20.7645225525, 52.4880142212, 203.366485596, 34.538646698, -8.11857223511, 44.6063728333, -3.95170640945], [375.556854248, -91.9718399048, 1.88573670387, 42.911529541, 83.1260528564, 84.2512741089, 66.405456543, 32.9925842285, 34.538646698, 126.120170593, 34.78698349, 9.65173721313, -16.7963905334], [-95.0672531128, 45.414894104, -30.0273265839, -11.6546840668, 0.729138791561, 21.7384166718, 30.4717998505, -0.887798070908, -8.11857223511, 34.78698349, 99.6766357422, 10.8913946152, 7.32354974747], [-135.2447052, -79.6542892456, 79.4512023926, 50.112121582, 10.5365972519, -28.9707012177, -31.7403259277, 14.1105566025, 44.6063728333, 9.65173721313, 10.8913946152, 104.964904785, 19.8429336548], [-74.3325424194, 34.033405304, -39.98985672, -26.6559791565, -18.7237663269, -39.4103851318, -15.4175024033, 21.4035797119, -3.95170640945, -16.7963905334, 7.32354974747, 19.8429336548, 82.6126708984]], "icov": [[8.03207003628e-05, 1.41088175951e-05, 7.77271270636e-05, -0.000108991494926, 8.03753937362e-05, -0.000225993615459, 0.000108643776912, -0.000268440082436, 0.000289674004307, -0.000208139492315, 0.000190574399312, -2.34022172663e-05, 2.94110286632e-05], [1.41088175951e-05, 0.00103921676055, -0.000276894686976, -0.000341702892911, -0.000573341618292, 0.00102177879307, -0.000988500309177, 0.00078678043792, -0.000510184967425, 0.00104716129135, -0.00100555492099, 0.00148475216702, -0.000769524369389], [7.77271270636e-05, -0.000276894686976, 0.00161585141905, -0.000293918972602, -0.000219647146878, -0.00135880836751, 0.00109065882862, -0.000937681237701, 0.000216210246435, 0.000395580427721, 0.000574561650865, -0.00146916066296, 0.00101254240144], [-0.000108991494926, -0.000341702892911, -0.000293918972602, 0.00311794155277, -0.00126700731926, -0.000694111455232, 0.000751384708565, -9.72565394477e-05, -0.00159766804427, 0.000562831759453, -1.33155090225e-05, -0.000999912852421, 0.000732965243515], [8.03753937362e-05, -0.000573341618292, -0.000219647146878, -0.00126700731926, 0.00567131815478, -0.00129752082285, -0.00159762520343, -0.00107767409645, 0.000695813447237, -0.00260495441034, 0.00192603748292, -0.0010887067765, 3.52385504812e-05], [-0.000225993615459, 0.00102177879307, -0.00135880836751, -0.000694111455232, -0.00129752082285, 0.00753231439739, -0.00486808316782, 0.00132032716647, -0.000412394700106, 8.34641323308e-05, -0.00166903436184, 0.00273884390481, 2.99985822494e-05], [0.000108643776912, -0.000988500309177, 0.00109065882862, 0.000751384708565, -0.00159762520343, -0.00486808316782, 0.0100774737075, -0.00301090232097, 0.000428595492849, -0.00135705119465, -0.000660237565171, 0.000299768376863, 0.000982852652669], [-0.000268440082436, 0.00078678043792, -0.000937681237701, -9.72565394477e-05, -0.00107767409645, 0.00132032716647, -0.00301090232097, 0.00880893040448, -0.00238087191246, 0.000742948846892, -0.000489418860525, 0.00107666617259, -0.00368753587827], [0.000289674004307, -0.000510184967425, 0.000216210246435, -0.00159766804427, 0.000695813447237, -0.000412394700106, 0.000428595492849, -0.00238087191246, 0.00833831913769, -0.00305228494108, 0.00230230507441, -0.00283444300294, 0.000972766662017], [-0.000208139492315, 0.00104716129135, 0.000395580427721, 0.000562831759453, -0.00260495441034, 8.34641323308e-05, -0.00135705119465, 0.000742948846892, -0.00305228494108, 0.0138482963666, -0.00528410635889, -5.634403351e-05, 0.00190962024499], [0.000190574399312, -0.00100555492099, 0.000574561650865, -1.33155090225e-05, 0.00192603748292, -0.00166903436184, -0.000660237565171, -0.000489418860525, 0.00230230507441, -0.00528410635889, 0.0138682555407, -0.00350508792326, -0.000848271651193], [-2.34022172663e-05, 0.00148475216702, -0.00146916066296, -0.000999912852421, -0.0010887067765, 0.00273884390481, 0.000299768376863, 0.00107666617259, -0.00283444300294, -5.634403351e-05, -0.00350508792326, 0.0154237933457, -0.00437070243061], [2.94110286632e-05, -0.000769524369389, 0.00101254240144, 0.000732965243515, 3.52385504812e-05, 2.99985822494e-05, 0.000982852652669, -0.00368753587827, 0.000972766662017, 0.00190962024499, -0.000848271651193, -0.00437070243061, 0.015895690769]], "mean": [-63.3445549011, 57.1045913696, -124.645729065, 12.6277122498, -54.6208190918, 0.606585502625, -34.1509666443, 6.75615549088, -29.868927002, 2.95084619522, -14.2140798569, 1.01757693291, -6.39030742645]}, "hfc": {"dmean": 6.28101110458, "dmean2": 8.30177307129, "dvar": 161.360153198, "dvar2": 280.7862854, "max": 212.987625122, "mean": 19.025384903, "median": 6.17066287994, "min": 1.16101760524e-16, "var": 723.103210449}, "melbands": {"dmean": [0.000533133686986, 0.000536375096999, 0.000122024808661, 7.6876480307e-05, 9.48800952756e-05, 4.80858507217e-05, 3.9188820665e-05, 3.77975884476e-05, 6.36894837953e-05, 4.87564102514e-05, 6.65067200316e-05, 9.7862626717e-05, 3.58015822712e-05, 6.08739792369e-05, 6.84799742885e-05, 4.60981682409e-05, 2.56150378846e-05, 3.77872784156e-05, 1.916689871e-05, 1.47447226482e-05, 1.90807641047e-05, 1.15150742204e-05, 1.17184545161e-05, 1.06046636574e-05, 9.33646333579e-06, 5.60821399631e-06, 3.33331763613e-06, 6.95450853527e-06, 8.51396180224e-06, 3.48977141584e-06, 1.61833622769e-06, 1.29595537146e-06, 1.14391264106e-06, 9.04985711259e-07, 8.47210060329e-07, 1.18642901725e-06, 7.88343811564e-07, 6.74129353229e-07, 5.59664101729e-07, 5.87056206314e-07], "dmean2": [0.000885806919541, 0.000947579392232, 0.000213908206206, 0.000119662101497, 0.000149312865688, 7.46691875975e-05, 6.13914089627e-05, 6.00717321504e-05, 9.96740127448e-05, 7.68698955653e-05, 0.000105478262412, 0.00015490243095, 5.54248399567e-05, 9.91362176137e-05, 0.000112353314762, 7.38883245504e-05, 4.1101466195e-05, 6.14702075836e-05, 3.02823063976e-05, 2.27397322305e-05, 3.00179744954e-05, 1.76491830643e-05, 1.8551319954e-05, 1.68448659679e-05, 1.46629990923e-05, 8.77220281836e-06, 5.12157657795e-06, 1.07480973384e-05, 1.33889006975e-05, 5.4163861023e-06, 2.47792672781e-06, 1.98438578991e-06, 1.66767893006e-06, 1.29854572606e-06, 1.19863045711e-06, 1.68449560078e-06, 1.11627514343e-06, 9.77897457233e-07, 8.00444070137e-07, 8.38775861212e-07], "dvar": [5.66796097701e-06, 6.56395513943e-06, 3.39058971122e-07, 4.41547740593e-08, 4.75232937447e-08, 1.43109080142e-08, 8.72362537763e-09, 1.34654323247e-08, 3.16583772531e-08, 1.82475048405e-08, 4.04014990352e-08, 9.46509572941e-08, 1.32031665601e-08, 5.36798410167e-08, 4.92963856402e-08, 2.02269330174e-08, 6.29286489584e-09, 1.36703608433e-08, 4.41453318345e-09, 1.86169146765e-09, 2.77947087568e-09, 1.24784327316e-09, 1.36329858513e-09, 7.91569421121e-10, 5.71637792657e-10, 1.54921978024e-10, 5.39337879912e-11, 2.55917564917e-10, 4.24587975889e-10, 7.65732269259e-11, 2.24799259069e-11, 1.43120246557e-11, 1.27557252955e-11, 8.80993542007e-12, 5.82147958311e-12, 1.18867710813e-11, 5.15476810542e-12, 4.42283753024e-12, 4.25429309836e-12, 5.63684038682e-12], "dvar2": [1.42184326251e-05, 1.81547347893e-05, 9.36709966481e-07, 1.14269731455e-07, 1.21477967241e-07, 3.511629032e-08, 2.17303686156e-08, 3.40093073703e-08, 7.52401163595e-08, 4.43019239071e-08, 1.01859242818e-07, 2.37943922343e-07, 3.03090210707e-08, 1.44953872905e-07, 1.34748560754e-07, 5.12286320031e-08, 1.56312207622e-08, 3.76675757252e-08, 1.13750928676e-08, 4.45300107899e-09, 6.73589362066e-09, 2.95730195887e-09, 3.23112137046e-09, 1.89784010729e-09, 1.37303168835e-09, 3.62672197829e-10, 1.28794711007e-10, 5.87380977191e-10, 1.03298736231e-09, 1.81260922938e-10, 5.0851996225e-11, 3.19754188405e-11, 2.82655964606e-11, 1.89410310353e-11, 1.21811978906e-11, 2.52537869089e-11, 1.10450832508e-11, 8.91917095736e-12, 9.28224944824e-12, 1.07488644721e-11], "max": [0.0296840965748, 0.0353082828224, 0.01311399322, 0.00634106853977, 0.00462128408253, 0.00344423181377, 0.00280705303885, 0.00589835643768, 0.00913238339126, 0.00432194769382, 0.00764820352197, 0.00946639385074, 0.00360231730156, 0.0110382447019, 0.00465861149132, 0.00344452913851, 0.00213255011477, 0.00260600703768, 0.00214733020402, 0.00106110679917, 0.00152565457392, 0.000962994352449, 0.00113147532102, 0.00084666616749, 0.000574257981498, 0.000269360112725, 0.000206945594982, 0.000363223894965, 0.000448507955298, 0.000211603357457, 0.000169167469721, 7.77010718593e-05, 0.000116234194138, 9.64305654634e-05, 8.3108432591e-05, 5.95910059928e-05, 5.69188741792e-05, 6.03499101999e-05, 9.61744517554e-05, 0.000127010804135], "mean": [0.0005298560136, 0.000503523042426, 0.000151764004841, 0.000144182777149, 0.000183411786566, 9.08344954951e-05, 7.10034073563e-05, 5.99854865868e-05, 9.84095531749e-05, 8.22146103019e-05, 0.00010763375758, 0.000144526231452, 5.86346141063e-05, 9.15387863643e-05, 0.000116878494737, 8.2189530076e-05, 4.0772385546e-05, 6.07436195423e-05, 3.19593818858e-05, 2.57222091022e-05, 3.01901272906e-05, 2.01584571187e-05, 2.14035135286e-05, 1.93149389816e-05, 1.73783391801e-05, 1.12590823846e-05, 7.19303034202e-06, 1.4931003534e-05, 1.78156988113e-05, 6.89420994604e-06, 2.55666941484e-06, 1.93959886019e-06, 1.74340846115e-06, 1.39960502565e-06, 1.3970203554e-06, 1.77194533535e-06, 1.31009699089e-06, 1.13064095331e-06, 9.63279489952e-07, 9.6908956948e-07], "median": [7.88391625974e-05, 9.1500034614e-05, 5.10649042553e-05, 6.00600978942e-05, 8.74056640896e-05, 3.77793621738e-05, 2.86017038889e-05, 1.9533377781e-05, 2.70378077403e-05, 2.06252407224e-05, 2.07926495932e-05, 2.38468855969e-05, 9.8424461612e-06, 1.06316238089e-05, 8.61124954099e-06, 7.94607876742e-06, 5.38287849849e-06, 7.14404086466e-06, 3.76676371161e-06, 4.32855131294e-06, 4.16472539655e-06, 3.34754031428e-06, 3.94827748096e-06, 3.27423708768e-06, 3.56501345777e-06, 2.71385943051e-06, 1.69026179719e-06, 2.49331105806e-06, 2.1859291337e-06, 1.08798121801e-06, 4.63845424292e-07, 3.06028880459e-07, 2.71111787242e-07, 1.90829950952e-07, 2.20074682034e-07, 2.35485345002e-07, 2.30235343679e-07, 2.29138606755e-07, 1.68726302263e-07, 1.49698678342e-07], "min": [3.92219709367e-24, 4.87666987961e-24, 1.50544400772e-23, 3.50894102776e-23, 1.23115383665e-23, 4.34003028832e-24, 6.28788997423e-24, 1.15625985562e-23, 7.65212906321e-24, 8.88897303245e-24, 1.55106635823e-23, 9.9310007014e-24, 8.17964113939e-24, 1.82295626223e-23, 1.04350504765e-23, 8.56013005322e-24, 1.10304235232e-23, 1.69847590465e-23, 2.01337955391e-23, 1.50908034095e-23, 1.4846267573e-23, 1.41379241226e-23, 1.75996303682e-23, 1.58591476203e-23, 2.15717233085e-23, 5.03001536768e-24, 7.07402181515e-24, 1.19471027721e-23, 1.24225381956e-23, 1.22007452189e-23, 8.05941873743e-24, 9.80735779856e-24, 9.25531135937e-24, 1.29947147874e-23, 8.88710422097e-24, 8.21754275044e-24, 9.94140104358e-24, 1.10357223019e-23, 1.09408941214e-23, 7.72845372237e-24], "var": [4.75917977383e-06, 4.36249410996e-06, 2.37642865386e-07, 6.81712037931e-08, 1.01925763829e-07, 3.00419848998e-08, 1.71476433053e-08, 2.03446770541e-08, 4.72873828983e-08, 3.23803597269e-08, 6.35050696474e-08, 1.35292566483e-07, 2.44949447392e-08, 8.00334873929e-08, 1.11123334534e-07, 5.32058841429e-08, 1.21151320087e-08, 2.72382632005e-08, 8.44440428693e-09, 4.33445501713e-09, 5.27297805419e-09, 2.83427192826e-09, 3.42235995099e-09, 1.81742598748e-09, 1.23742827096e-09, 4.24623614048e-10, 1.52082513249e-10, 7.73426933609e-10, 1.19946075294e-09, 1.91031468422e-10, 3.92561746998e-11, 2.22477904155e-11, 1.98785519295e-11, 1.46364864673e-11, 1.15767334954e-11, 2.00030755848e-11, 1.02043764064e-11, 9.93235181601e-12, 8.91911718093e-12, 1.20147954086e-11]}, "melbands_crest": {"dmean": 2.91288876534, "dmean2": 4.626973629, "dvar": 8.52231311798, "dvar2": 20.152431488, "max": 33.1397972107, "mean": 12.2743902206, "median": 11.1867132187, "min": 1.1724524498, "var": 28.0989208221}, "melbands_flatness_db": {"dmean": 0.0212614592165, "dmean2": 0.0322819687426, "dvar": 0.000569249910768, "dvar2": 0.00130438001361, "max": 0.494463562965, "mean": 0.162196844816, "median": 0.153122842312, "min": 0.00264672213234, "var": 0.00437794066966}, "melbands_kurtosis": {"dmean": 4.2569642067, "dmean2": 6.77792406082, "dvar": 107.749023438, "dvar2": 262.274230957, "max": 281.618164062, "mean": 7.97275924683, "median": 3.20414876938, "min": -1.85893976688, "var": 224.425720215}, "melbands_skewness": {"dmean": 0.554317891598, "dmean2": 0.843267500401, "dvar": 0.541588544846, "dvar2": 1.20305526257, "max": 12.6944551468, "mean": 1.89518141747, "median": 1.60810613632, "min": -1.9358805418, "var": 2.40549969673}, "melbands_spread": {"dmean": 8.49902153015, "dmean2": 13.0546960831, "dvar": 150.972854614, "dvar2": 314.456787109, "max": 276.814880371, "mean": 33.7103271484, "median": 28.3748664856, "min": 0.533103644848, "var": 603.1796875}, "mfcc": {"cov": [[15567.9394531, -930.885375977, -712.600952148, 194.067047119, 102.106048584, 556.782287598, 934.003601074, 290.495880127, 349.41116333, 476.072052002, 85.7547607422, 302.957519531, -32.6432876587], [-930.885375977, 1278.45373535, 149.546188354, 159.339492798, 75.4203033447, 6.15175437927, 112.988426208, 18.1148643494, 17.9320297241, 21.2684383392, -7.41965532303, -37.5008392334, -13.1334810257], [-712.600952148, 149.546188354, 755.450012207, 183.374084473, 203.705886841, 125.944664001, -38.4290237427, 139.439697266, 61.7177276611, -9.23237705231, 69.1156158447, 3.57620954514, 25.9987640381], [194.067047119, 159.339492798, 183.374084473, 468.704650879, 225.454086304, 130.2290802, -5.89150476456, 124.023513794, 107.995834351, 8.33339309692, 60.2562561035, 76.4957809448, 48.7249565125], [102.106048584, 75.4203033447, 203.705886841, 225.454086304, 292.537322998, 140.251586914, 37.0323028564, 112.37297821, 109.043754578, 40.7531776428, 53.4287261963, 56.9232559204, 41.3309059143], [556.782287598, 6.15175437927, 125.944664001, 130.2290802, 140.251586914, 382.869628906, 165.420272827, 103.551841736, 83.3778533936, 86.8388748169, 128.879486084, 35.0919952393, 48.6068840027], [934.003601074, 112.988426208, -38.4290237427, -5.89150476456, 37.0323028564, 165.420272827, 390.434814453, 74.9270935059, 53.0643997192, 123.545249939, 34.4764289856, 37.8023300171, -0.83108997345], [290.495880127, 18.1148643494, 139.439697266, 124.023513794, 112.37297821, 103.551841736, 74.9270935059, 179.449661255, 109.895698547, 49.4923057556, 49.2243652344, 37.8685646057, 33.4322547913], [349.41116333, 17.9320297241, 61.7177276611, 107.995834351, 109.043754578, 83.3778533936, 53.0643997192, 109.895698547, 184.429077148, 70.2354049683, 43.9720535278, 38.7966995239, 26.4542980194], [476.072052002, 21.2684383392, -9.23237705231, 8.33339309692, 40.7531776428, 86.8388748169, 123.545249939, 49.4923057556, 70.2354049683, 152.49269104, 52.0373840332, 27.0489044189, 14.7944278717], [85.7547607422, -7.41965532303, 69.1156158447, 60.2562561035, 53.4287261963, 128.879486084, 34.4764289856, 49.2243652344, 43.9720535278, 52.0373840332, 135.404815674, 41.4867172241, 32.0699882507], [302.957519531, -37.5008392334, 3.57620954514, 76.4957809448, 56.9232559204, 35.0919952393, 37.8023300171, 37.8685646057, 38.7966995239, 27.0489044189, 41.4867172241, 112.1043396, 41.2958374023], [-32.6432876587, -13.1334810257, 25.9987640381, 48.7249565125, 41.3309059143, 48.6068840027, -0.83108997345, 33.4322547913, 26.4542980194, 14.7944278717, 32.0699882507, 41.2958374023, 90.4408111572]], "icov": [[9.47609369177e-05, 8.04176161182e-05, 7.97541215434e-05, -8.01627247711e-05, 6.05592358625e-05, -9.62550984696e-05, -0.000142627788591, -5.39273023605e-05, -5.75547674089e-05, -0.000135139518534, 0.000146243881318, -0.000178243586561, 0.000177292939043], [8.04176161182e-05, 0.00100894039497, -0.000129967113025, -0.000593393109739, -1.39045741889e-05, 0.000333802832756, -0.000713300425559, 0.000359958881745, -7.48381426092e-05, -0.000157787770149, -3.27876587107e-05, 0.000629934540484, -8.37511743157e-06], [7.97541215434e-05, -0.000129967113025, 0.00203955313191, 2.61901459453e-05, -0.00107803754508, -0.000264364585746, 0.000377568387194, -0.00150283868425, 0.00056340219453, 0.000310692412313, -0.000510261452291, 0.00045442575356, 0.000361065904144], [-8.01627247711e-05, -0.000593393109739, 2.61901459453e-05, 0.00423747161403, -0.00215624738485, -0.000667601590976, 0.0010143017862, -0.00118220306467, -0.000357671931852, 0.0010852185078, -3.25073742715e-05, -0.00167092704214, 8.65358451847e-05], [6.05592358625e-05, -1.39045741889e-05, -0.00107803754508, -0.00215624738485, 0.00750024616718, -0.00148854881991, 0.00021847152675, -0.000451604253612, -0.00175888661761, -0.000688881613314, 0.00139422423672, -0.00163477624301, -8.79598446772e-05], [-9.62550984696e-05, 0.000333802832756, -0.000264364585746, -0.000667601590976, -0.00148854881991, 0.00603306712583, -0.00231038732454, 0.000128911909997, 4.13644120272e-05, 0.000324530643411, -0.00464290007949, 0.00274754175916, -0.00185504020192], [-0.000142627788591, -0.000713300425559, 0.000377568387194, 0.0010143017862, 0.00021847152675, -0.00231038732454, 0.00524914683774, -0.00188306404743, 0.000947846972849, -0.002738365205, 0.001868126099, -0.0019871618133, 0.00149175198749], [-5.39273023605e-05, 0.000359958881745, -0.00150283868425, -0.00118220306467, -0.000451604253612, 0.000128911909997, -0.00188306404743, 0.0119426641613, -0.00491976505145, 0.000397546536988, -0.00073164521018, 0.000435838795966, -0.0017587315524], [-5.75547674089e-05, -7.48381426092e-05, 0.00056340219453, -0.000357671931852, -0.00175888661761, 4.13644120272e-05, 0.000947846972849, -0.00491976505145, 0.0105350958183, -0.00329385488294, 6.45361205898e-06, -0.000357978016837, 0.000226431642659], [-0.000135139518534, -0.000157787770149, 0.000310692412313, 0.0010852185078, -0.000688881613314, 0.000324530643411, -0.002738365205, 0.000397546536988, -0.00329385488294, 0.0117366490886, -0.00345882424153, 0.00044996800716, -0.000712790118996], [0.000146243881318, -3.27876587107e-05, -0.000510261452291, -3.25073742715e-05, 0.00139422423672, -0.00464290007949, 0.001868126099, -0.00073164521018, 6.45361205898e-06, -0.00345882424153, 0.0138769950718, -0.00429425854236, -3.80427773052e-05], [-0.000178243586561, 0.000629934540484, 0.00045442575356, -0.00167092704214, -0.00163477624301, 0.00274754175916, -0.0019871618133, 0.000435838795966, -0.000357978016837, 0.00044996800716, -0.00429425854236, 0.0147928660735, -0.00531290099025], [0.000177292939043, -8.37511743157e-06, 0.000361065904144, 8.65358451847e-05, -8.79598446772e-05, -0.00185504020192, 0.00149175198749, -0.0017587315524, 0.000226431642659, -0.000712790118996, -3.80427773052e-05, -0.00531290099025, 0.0151600912213]], "mean": [-706.019287109, 100.259017944, -15.7490625381, 12.491019249, -3.92929720879, -6.6716837883, 4.01002454758, -3.90455389023, -3.26994848251, -0.118758633733, -8.02984333038, 0.824157834053, -4.65262985229]}, "pitch_salience": {"dmean": 0.0597427152097, "dmean2": 0.0958298966289, "dvar": 0.00352855050005, "dvar2": 0.00866044312716, "max": 0.994759559631, "mean": 0.544539630413, "median": 0.553264856339, "min": 0.110140167177, "var": 0.00999257713556}, "silence_rate_20dB": {"dmean": 0, "dmean2": 0, "dvar": 0, "dvar2": 0, "max": 1, "mean": 1, "median": 1, "min": 1, "var": 0}, "silence_rate_30dB": {"dmean": 0.00839558895677, "dmean2": 0.0167923718691, "dvar": 0.0083240326494, "dvar2": 0.0234794802964, "max": 1, "mean": 0.995091080666, "median": 1, "min": 0, "var": 0.004884629976}, "silence_rate_60dB": {"dmean": 0.046531483531, "dmean2": 0.0930695906281, "dvar": 0.0443636141717, "dvar2": 0.0967915058136, "max": 1, "mean": 0.320717126131, "median": 0, "min": 0, "var": 0.217848703265}, "spectral_centroid": {"dmean": 235.825866699, "dmean2": 359.773895264, "dvar": 75795.6796875, "dvar2": 150833.796875, "max": 10800.6220703, "mean": 1784.72790527, "median": 1797.03503418, "min": 262.179779053, "var": 590874.5625}, "spectral_complexity": {"dmean": 2.61871218681, "dmean2": 3.81556844711, "dvar": 12.2265739441, "dvar2": 20.6370601654, "max": 57, "mean": 15.2556200027, "median": 12, "min": 0, "var": 154.534118652}, "spectral_contrast_coeffs": {"dmean": [0.0414164997637, 0.0394104793668, 0.0363795273006, 0.0304478406906, 0.0224908702075, 0.0171988662332], "dmean2": [0.0663217827678, 0.0639448910952, 0.0569404475391, 0.0483297780156, 0.0353380553424, 0.027196848765], "dvar": [0.00133698293939, 0.00110117590521, 0.000928195600864, 0.000645018240903, 0.000367933971575, 0.000263427675236], "dvar2": [0.00329879578203, 0.00284052826464, 0.00229588453658, 0.00157568312716, 0.000840371416416, 0.000612765550613], "max": [-0.301366508007, -0.391654372215, -0.449782401323, -0.485547155142, -0.569595038891, -0.596170842648], "mean": [-0.660596132278, -0.72022241354, -0.730505943298, -0.742850780487, -0.76461482048, -0.780360400677], "median": [-0.682075500488, -0.724252402782, -0.739698112011, -0.75158059597, -0.767640471458, -0.780516803265], "min": [-0.999626934528, -0.999516487122, -0.999605596066, -0.998877227306, -0.994676530361, -0.968006968498], "var": [0.0107768522575, 0.00482937088236, 0.00551217887551, 0.00465311575681, 0.0024165129289, 0.00183811970055]}, "spectral_contrast_valleys": {"dmean": [0.408537566662, 0.329884678125, 0.295859873295, 0.268011152744, 0.233848035336, 0.281362771988], "dmean2": [0.641879558563, 0.522329330444, 0.462536633015, 0.414181768894, 0.340794622898, 0.365234136581], "dvar": [0.206891998649, 0.092806302011, 0.0769899562001, 0.0733730792999, 0.0699918121099, 0.114710204303], "dvar2": [0.392680257559, 0.199377417564, 0.158100321889, 0.146622240543, 0.126688450575, 0.197461754084], "max": [-5.02533388138, -4.87907314301, -5.23281240463, -5.92905139923, -5.5427031517, -7.52396774292], "mean": [-8.66820335388, -7.76800060272, -8.2002248764, -8.62349128723, -8.21039676666, -10.7313213348], "median": [-8.06853103638, -7.51830863953, -7.95491743088, -8.40231323242, -7.99853563309, -10.406337738], "min": [-27.1334915161, -27.1227111816, -27.0951633453, -27.1692790985, -27.243686676, -27.2255039215], "var": [3.25857782364, 1.63714766502, 1.93509066105, 2.15152573586, 2.45664381981, 2.58740520477]}, "spectral_decrease": {"dmean": 1.28589738857e-09, "dmean2": 1.96069116498e-09, "dvar": 1.25744580464e-17, "dvar2": 3.0041184836e-17, "max": -1.12263443497e-28, "mean": -2.93035395948e-09, "median": -1.44487877218e-09, "min": -5.25747161362e-08, "var": 1.93031314423e-17}, "spectral_energy": {"dmean": 0.00533805787563, "dmean2": 0.00798761285841, "dvar": 0.000197929737624, "dvar2": 0.000461559335236, "max": 0.21063105762, "mean": 0.0127854887396, "median": 0.00617696344852, "min": 1.09544764445e-20, "var": 0.000344606989529}, "spectral_energyband_high": {"dmean": 0.000484757707454, "dmean2": 0.000660276506096, "dvar": 1.1387479617e-06, "dvar2": 2.11678707274e-06, "max": 0.0174712855369, "mean": 0.00115597993135, "median": 0.000242169597186, "min": 7.41867756802e-21, "var": 3.78562003789e-06}, "spectral_energyband_low": {"dmean": 0.00267049972899, "dmean2": 0.00443208962679, "dvar": 0.000141686032293, "dvar2": 0.000361815444194, "max": 0.164173066616, "mean": 0.00282604829408, "median": 0.000528109376319, "min": 3.44756260062e-23, "var": 0.000115424503747}, "spectral_energyband_middle_high": {"dmean": 0.00204589520581, "dmean2": 0.00305342487991, "dvar": 1.69993600139e-05, "dvar2": 4.02021832997e-05, "max": 0.0887193828821, "mean": 0.0059329024516, "median": 0.00156276649795, "min": 2.02948541147e-21, "var": 8.22306028567e-05}, "spectral_energyband_middle_low": {"dmean": 0.00127558060922, "dmean2": 0.00197239755653, "dvar": 8.24383278086e-06, "dvar2": 2.06329932553e-05, "max": 0.0754491612315, "mean": 0.00308837159537, "median": 0.00205734884366, "min": 3.87702239017e-22, "var": 1.39682433655e-05}, "spectral_entropy": {"dmean": 0.134839475155, "dmean2": 0.19511693716, "dvar": 0.0226698350161, "dvar2": 0.0454075373709, "max": 9.80325698853, "mean": 7.55397510529, "median": 7.59870195389, "min": 4.80927658081, "var": 0.230417564511}, "spectral_flux": {"dmean": 0.0159482099116, "dmean2": 0.0239950735122, "dvar": 0.000734701694455, "dvar2": 0.00146359263454, "max": 0.400307446718, "mean": 0.0559277795255, "median": 0.0395364165306, "min": 1.04663631928e-10, "var": 0.00277053704485}, "spectral_kurtosis": {"dmean": 1.21017920971, "dmean2": 1.99537301064, "dvar": 2.89443445206, "dvar2": 7.27558803558, "max": 84.1205215454, "mean": 5.1117939949, "median": 4.6079416275, "min": -1.2087842226, "var": 10.6614542007}, "spectral_rms": {"dmean": 0.000533650862053, "dmean2": 0.000750441569835, "dvar": 8.71899374033e-07, "dvar2": 1.7789765252e-06, "max": 0.0143350521103, "mean": 0.00288782059215, "median": 0.00245485361665, "min": 3.26914276899e-12, "var": 4.13413044953e-06}, "spectral_rolloff": {"dmean": 606.912963867, "dmean2": 987.811035156, "dvar": 1139560.5, "dvar2": 2379438.75, "max": 18927.6855469, "mean": 2283.40332031, "median": 1787.25585938, "min": 86.1328125, "var": 3702889.5}, "spectral_skewness": {"dmean": 0.171305730939, "dmean2": 0.272400081158, "dvar": 0.0337696932256, "dvar2": 0.0781646072865, "max": 7.60092544556, "mean": 1.60475039482, "median": 1.5558218956, "min": -0.141334190965, "var": 0.197579786181}, "spectral_spread": {"dmean": 503037.5625, "dmean2": 687003.5, "dvar": 517978914816, "dvar2": 778119675904, "max": 41284184, "mean": 4707794, "median": 4411229