{"lowlevel": {"average_loudness": 0.439855337143, "barkbands": {"dmean": [0.00176372006536, 0.00301073910668, 0.00122751819436, 0.000922682695091, 0.00105261348654, 0.000599658407737, 0.00071982195368, 0.00108135177288, 0.000834018050227, 0.00074004009366, 0.000435291178292, 0.000431377324276, 0.000361226557288, 0.000756795983762, 0.000909881142434, 0.000420304160798, 0.000203892341233, 0.000139708892675, 5.82541833865e-05, 2.91722408292e-05, 2.05528012884e-05, 1.10852388389e-05, 5.00554870086e-06, 1.77628635356e-06, 1.29508600821e-06, 2.187616019e-06, 4.08290761698e-05], "dmean2": [0.00270137470216, 0.00486276531592, 0.00201106979512, 0.00148353201803, 0.00166103767697, 0.000933336035814, 0.00115431472659, 0.00170754408464, 0.00130311318208, 0.00116138299927, 0.000713134533726, 0.000641917344183, 0.00058364123106, 0.00112354126759, 0.00146799290087, 0.000657948083244, 0.000311496201903, 0.000210414946196, 8.90030787559e-05, 4.46009325969e-05, 3.059568553e-05, 1.69581926457e-05, 7.6219866969e-06, 2.9538380204e-06, 2.17625051846e-06, 3.45591365658e-06, 5.81619788136e-05], "dvar": [1.08028798422e-05, 1.72582113009e-05, 3.84661052522e-06, 2.75458478427e-06, 5.80391906624e-06, 3.94796916225e-06, 6.53547613183e-06, 1.38410177897e-05, 7.99788540462e-06, 7.26106145521e-06, 2.32461184169e-06, 1.37320000704e-06, 4.80815856463e-07, 8.52918310557e-06, 4.60329283669e-06, 1.01451018963e-06, 1.3288334344e-07, 7.4712218634e-08, 1.70156049251e-08, 2.84869061673e-09, 3.200165688e-09, 4.49492304488e-10, 6.95235258252e-11, 8.83680541935e-12, 6.24441687594e-12, 1.1389239378e-11, 5.31665467207e-09], "dvar2": [2.26971988013e-05, 4.27008417319e-05, 9.45028023125e-06, 6.33856780041e-06, 1.28898354887e-05, 8.66149457579e-06, 1.60417839652e-05, 3.13714408549e-05, 1.74824381247e-05, 1.69859667949e-05, 6.50337415209e-06, 2.88046612695e-06, 1.01581122181e-06, 1.48753188114e-05, 1.1406813428e-05, 2.22139283323e-06, 2.85032740521e-07, 1.59327697702e-07, 3.88227618942e-08, 6.1976499488e-09, 5.85880188808e-09, 8.95829688208e-10, 1.5668141784e-10, 2.21079543561e-11, 1.60642558283e-11, 2.70138182656e-11, 1.02409378755e-08], "max": [0.0485765188932, 0.0690488144755, 0.0270806364715, 0.0551285147667, 0.0549002587795, 0.0625341013074, 0.0718380212784, 0.132968097925, 0.0689721629024, 0.102663733065, 0.0420679263771, 0.0488148219883, 0.0378690510988, 0.159487426281, 0.0653667524457, 0.0290972813964, 0.0061694313772, 0.0042630424723, 0.00367773557082, 0.000928910681978, 0.00216390797868, 0.000754911161494, 0.000113353838969, 4.30507097917e-05, 3.2757750887e-05, 3.70421184925e-05, 0.0023345744703], "mean": [0.00226894603111, 0.00477698165923, 0.00164820579812, 0.00144340551924, 0.00153916783165, 0.000885509944055, 0.000953050446697, 0.00179547385778, 0.00115840928629, 0.00115667760838, 0.000686254701577, 0.000878504069988, 0.00069846882252, 0.00156058475841, 0.0015412971843, 0.000734579341952, 0.000358397752279, 0.000240648791078, 0.000104309779999, 5.20156936545e-05, 3.64252846339e-05, 2.02522569452e-05, 7.44109956941e-06, 1.83417603239e-06, 1.17606975891e-06, 2.80776544059e-06, 0.000102328849607], "median": [0.000714947818778, 0.00265705934726, 0.000712666311301, 0.00045618659351, 0.000604481727351, 0.0002123574086, 0.000217666369281, 0.000474123458844, 0.000213600622374, 0.00019014449208, 0.000152698718011, 0.00034109596163, 0.000421474978793, 0.000406923063565, 0.000652288086712, 0.000320952967741, 0.000160456082085, 8.8110769866e-05, 5.23723028891e-05, 2.84179695882e-05, 1.69977574842e-05, 1.18027310236e-05, 3.70716088582e-06, 6.32099101949e-07, 2.97660392334e-07, 1.31411707116e-06, 5.58371248189e-05], "min": [3.80889844499e-23, 1.0786706051e-22, 4.73356420051e-24, 3.46537444877e-24, 4.96861359026e-23, 2.87101571943e-23, 1.15954814342e-23, 6.86321672426e-23, 1.0008388114e-22, 5.08646593852e-23, 2.61803812455e-23, 5.15783386907e-23, 4.90887031401e-23, 1.20803760888e-22, 1.69388706921e-22, 9.9247366725e-23, 1.0488944507e-22, 3.72035360465e-22, 4.19375900508e-22, 2.42153489254e-22, 3.75599244709e-22, 5.32797160257e-22, 7.19138122e-22, 8.99193692485e-22, 1.16016665139e-21, 1.41381413433e-21, 2.66257968512e-21], "var": [1.68507049239e-05, 3.5513068724e-05, 6.67842095936e-06, 7.81935887062e-06, 8.82244694367e-06, 7.58842634241e-06, 8.14300074126e-06, 4.16662951466e-05, 1.3902930732e-05, 2.13132916542e-05, 5.24751203557e-06, 3.70418092643e-06, 1.97142253455e-06, 3.49293150066e-05, 8.7543958216e-06, 2.01207467398e-06, 3.10478327492e-07, 1.59570873848e-07, 2.79959930793e-08, 5.53795098668e-09, 6.72383615452e-09, 9.97333216013e-10, 1.07190062382e-10, 1.03020317971e-11, 6.16597224667e-12, 1.58269265749e-11, 2.02143510819e-08]}, "barkbands_crest": {"dmean": 2.43478012085, "dmean2": 4.03381633759, "dvar": 4.89176893234, "dvar2": 13.0704517365, "max": 26.9232578278, "mean": 9.40106105804, "median": 8.24691200256, "min": 2.62568235397, "var": 19.6264228821}, "barkbands_flatness_db": {"dmean": 0.0230704918504, "dmean2": 0.0364645309746, "dvar": 0.000401476689149, "dvar2": 0.00101333146449, "max": 0.503186523914, "mean": 0.14265781641, "median": 0.134144037962, "min": 0.0392080023885, "var": 0.0022576933261}, "barkbands_kurtosis": {"dmean": 2.61829710007, "dmean2": 3.98473644257, "dvar": 213.112915039, "dvar2": 442.615753174, "max": 1703.12963867, "mean": 5.64613676071, "median": 0.178681969643, "min": -1.77837646008, "var": 4055.86376953}, "barkbands_skewness": {"dmean": 0.499533772469, "dmean2": 0.758867740631, "dvar": 0.280725866556, "dvar2": 0.595454514027, "max": 40.3815536499, "mean": 1.11961090565, "median": 0.82214486599, "min": -2.02201604843, "var": 4.66902828217}, "barkbands_spread": {"dmean": 5.0123257637, "dmean2": 7.91144371033, "dvar": 23.5513496399, "dvar2": 58.20337677, "max": 121.417755127, "mean": 25.9971008301, "median": 24.3025360107, "min": 0.308696985245, "var": 166.284805298}, "dissonance": {"dmean": 0.0170271322131, "dmean2": 0.0293332599103, "dvar": 0.000324183434714, "dvar2": 0.000916129618417, "max": 0.500000119209, "mean": 0.472776532173, "median": 0.479207575321, "min": 0.27728831768, "var": 0.00056646327721}, "dynamic_complexity": 3.96390247345, "erbbands": {"dmean": [0.159236878157, 0.484222561121, 1.26038706303, 2.50772690773, 2.06527543068, 4.47269868851, 5.86757659912, 4.39322900772, 7.16018486023, 22.5863342285, 13.9728450775, 18.7539710999, 26.0016822815, 19.1239948273, 17.3405971527, 14.6013870239, 15.7314929962, 29.7808055878, 35.0909461975, 44.530544281, 17.4935150146, 10.8067140579, 8.16283798218, 4.45909881592, 2.13862490654, 1.37420451641, 0.923640489578, 0.763880848885, 0.439687013626, 0.229722067714, 0.128352075815, 0.0537075810134, 0.0238379538059, 0.0147038726136, 0.00912458263338, 0.00523059442639, 0.00431499956176, 0.00377418682911, 0.00199053040706, 0.000831638055388], "dmean2": [0.253813832998, 0.808181524277, 2.07875180244, 4.03376960754, 3.34069705009, 7.11210918427, 8.99799442291, 6.84245300293, 11.3269948959, 35.6496009827, 22.0648555756, 29.5024452209, 39.7172660828, 31.7705745697, 26.4544391632, 22.6142044067, 25.3751163483, 44.7523422241, 54.8537902832, 70.7407226562, 26.6607761383, 16.283706665, 12.137005806, 6.72822666168, 3.14657306671, 2.09685015678, 1.37303698063, 1.16665756702, 0.675918579102, 0.349108099937, 0.195707827806, 0.0874358266592, 0.0395816341043, 0.0246497187763, 0.0153210107237, 0.00872129853815, 0.0068725142628, 0.00559637323022, 0.00280321505852, 0.00116242456716], "dvar": [0.0651082247496, 0.524543464184, 4.18741321564, 21.186504364, 10.2224941254, 108.559516907, 359.958465576, 166.368423462, 489.860626221, 4846.52246094, 1792.08837891, 4405.63867188, 9814.92480469, 5021.19677734, 4288.09570312, 783.868835449, 707.164855957, 12531.1376953, 5300.59960938, 16674.4765625, 1238.54626465, 394.441162109, 255.578048706, 95.3534317017, 18.8361778259, 6.92814397812, 5.04226827621, 5.85069084167, 0.78720676899, 0.151154711843, 0.0458990186453, 0.0079071233049, 0.00184170203283, 0.000796711014118, 0.000309975090204, 9.58158780122e-05, 4.75485649076e-05, 4.28292914876e-05, 1.5595325749e-05, 2.03820059141e-06], "dvar2": [0.155659466982, 1.31546795368, 10.2707843781, 47.050617218, 24.7002162933, 244.857910156, 767.776123047, 389.922637939, 1193.87817383, 11267.2402344, 4058.30566406, 10317.8427734, 22276.453125, 14337.5507812, 9776.59082031, 1707.93493652, 1556.56762695, 21733.3222656, 11248.0048828, 42205.4804688, 2592.04638672, 835.322509766, 555.661804199, 212.178649902, 40.9849281311, 15.3270101547, 10.2647447586, 13.3267726898, 1.60504686832, 0.332475662231, 0.103214286268, 0.019543165341, 0.00465306732804, 0.00204640254378, 0.000797084765509, 0.000244556402322, 0.000114317554107, 8.73254684848e-05, 2.82907549263e-05, 3.90814875573e-06], "max": [4.43581724167, 13.9048299789, 31.7903499603, 155.705490112, 57.3863258362, 193.508392334, 501.389434814, 360.862701416, 704.757873535, 2075.20385742, 1276.7520752, 1652.41564941, 3715.23168945, 1771.74645996, 2722.76293945, 794.328125, 1293.14160156, 6585.17382812, 2452.40478516, 3464.48266602, 1414.2713623, 333.13192749, 236.988510132, 291.758392334, 105.718132019, 57.6617774963, 78.5791320801, 96.5243835449, 28.8053455353, 6.30234527588, 2.36684179306, 1.02856504917, 0.632828950882, 0.362417340279, 0.230583250523, 0.12527872622, 0.0762315988541, 0.154969498515, 0.112419128418, 0.0303072202951], "mean": [0.233418047428, 0.712611138821, 1.75067543983, 4.1218495369, 3.29532194138, 6.20838212967, 7.85488367081, 6.60598325729, 10.0305747986, 34.7163200378, 24.5509338379, 26.3800735474, 41.5409469604, 29.3315677643, 32.0195503235, 31.7741565704, 34.5097846985, 64.1067886353, 69.8737335205, 79.1559753418, 34.0113601685, 19.8919239044, 14.317949295, 8.02220726013, 3.98324084282, 2.44298648834, 1.62612700462, 1.32897949219, 0.806331992149, 0.400202363729, 0.179127156734, 0.0575513541698, 0.0245559755713, 0.0136454897001, 0.00833452865481, 0.00514649134129, 0.00517688831314, 0.00699945585802, 0.00429208250716, 0.00215873634443], "median": [0.104194059968, 0.422284662724, 0.862608492374, 1.46791160107, 1.84918236732, 2.06804180145, 1.86220157146, 1.8522567749, 2.4955496788, 10.4013853073, 7.44287014008, 5.1969165802, 5.72710227966, 7.24767208099, 6.83414840698, 15.6845979691, 22.3563976288, 20.5735492706, 33.1487884521, 29.0864868164, 16.8086585999, 8.6389541626, 5.25663232803, 3.73337888718, 1.9595502615, 1.3030025959, 0.838345527649, 0.617824554443, 0.465799152851, 0.233301877975, 0.0819006711245, 0.0207022689283, 0.00857985578477, 0.00369703443721, 0.00213838135824, 0.00163373991381, 0.00217865756713, 0.00406238436699, 0.00241678487509, 0.00120016839355], "min": [6.12578619266e-21, 1.2393588149e-20, 7.6025265371e-21, 1.13302305078e-20, 4.77534081813e-20, 2.08830275939e-19, 2.86575379051e-19, 1.98823768671e-19, 8.30694837687e-20, 9.66044695259e-19, 1.17969314317e-18, 2.09258062733e-18, 2.46778375612e-18, 1.68546693845e-18, 1.39780040477e-18, 1.50862151375e-18, 1.92660663062e-18, 6.67848297141e-18, 7.07322555384e-18, 6.94510851185e-18, 6.20107650806e-18, 7.83083779534e-18, 2.36937697378e-17, 1.27767889058e-17, 2.24457427906e-17, 1.29700017533e-17, 1.25219014719e-17, 1.62241286287e-17, 2.06571284977e-17, 1.78418110111e-17, 2.05785000174e-17, 1.85335441071e-17, 1.59123626015e-17, 1.19510153275e-17, 8.93047433087e-18, 5.25185739024e-18, 2.7492762137e-18, 1.281765473e-18, 3.77012043547e-19, 3.72095404771e-20], "var": [0.116798989475, 0.832909941673, 6.25749588013, 66.2604675293, 18.6910591125, 165.571090698, 591.485290527, 312.838134766, 692.884033203, 11288.4003906, 4775.40722656, 6941.91845703, 29622.8222656, 7315.98535156, 10397.3564453, 2693.63793945, 2901.55004883, 51986.7109375, 16824.1132812, 30995.7988281, 2967.70849609, 970.322875977, 553.890686035, 168.826965332, 37.2359466553, 12.7884397507, 9.40527629852, 10.1539726257, 1.77933478355, 0.27652412653, 0.0670917406678, 0.00908774323761, 0.00211906898767, 0.000799657427706, 0.000307032751152, 0.000102005738881, 6.10564820818e-05, 9.17738652788e-05, 3.89701126551e-05, 7.74037835072e-06]}, "erbbands_crest": {"dmean": 2.61554121971, "dmean2": 4.23667955399, "dvar": 5.99728965759, "dvar2": 15.5541439056, "max": 28.7495250702, "mean": 9.67051696777, "median": 8.89689445496, "min": 2.87005925179, "var": 16.0636329651}, "erbbands_flatness_db": {"dmean": 0.0239892564714, "dmean2": 0.0371189117432, "dvar": 0.000433916226029, "dvar2": 0.00100621196907, "max": 0.360843241215, "mean": 0.18860475719, "median": 0.186999902129, "min": 0.036616820842, "var": 0.00237722205929}, "erbbands_kurtosis": {"dmean": 1.13123548031, "dmean2": 1.79047775269, "dvar": 1.86827600002, "dvar2": 4.51060581207, "max": 19.5032920837, "mean": 1.07250714302, "median": 0.488829016685, "min": -1.76162314415, "var": 4.57746505737}, "erbbands_skewness": {"dmean": 0.377927780151, "dmean2": 0.594334304333, "dvar": 0.11019372195, "dvar2": 0.271278977394, "max": 2.50861859322, "mean": -0.634751200676, "median": -0.659635901451, "min": -3.66256666183, "var": 0.491993427277}, "erbbands_spread": {"dmean": 4.75641489029, "dmean2": 7.33279037476, "dvar": 19.2606716156, "dvar2": 42.684135437, "max": 90.9128494263, "mean": 22.3721809387, "median": 20.7274417877, "min": 3.49849128723, "var": 99.464630127}, "gfcc": {"cov": [[35418.9140625, 5153.79980469, -2262.06640625, -349.791046143, 1014.00463867, -757.9921875, 48.0016326904, -759.487121582, 444.52255249, -415.153289795, -320.79119873, -348.284912109, -160.350784302], [5153.79980469, 1668.92053223, -300.240936279, -299.863342285, 306.24786377, -20.9343700409, -54.3586654663, -218.528747559, 133.307266235, -49.399017334, 11.3931474686, -119.601295471, -37.5795936584], [-2262.06640625, -300.240936279, 436.526428223, 85.8399276733, -102.281700134, 202.079223633, -156.074890137, 128.96484375, -92.4660491943, 68.3391189575, 22.0051460266, 10.9165935516, 11.5120716095], [-349.791046143, -299.863342285, 85.8399276733, 348.818725586, 95.8267288208, -76.3695526123, 91.7490386963, -28.6981258392, -18.2263469696, -41.4860954285, -17.5008201599, 53.9898033142, -36.3496742249], [1014.00463867, 306.24786377, -102.281700134, 95.8267288208, 292.566558838, 16.7951641083, 41.8958740234, -101.221702576, 13.1271486282, -63.2136001587, 12.9059085846, -21.3606510162, -16.9644508362], [-757.9921875, -20.9343700409, 202.079223633, -76.3695526123, 16.7951641083, 309.920806885, -107.659729004, 81.1962966919, -82.5356750488, 56.4685745239, 27.0599136353, -29.6971683502, 2.35342216492], [48.0016326904, -54.3586654663, -156.074890137, 91.7490386963, 41.8958740234, -107.659729004, 253.049041748, -57.6743354797, 69.4100570679, -40.8509635925, -19.2147407532, 38.5956268311, -37.5313491821], [-759.487121582, -218.528747559, 128.96484375, -28.6981258392, -101.221702576, 81.1962966919, -57.6743354797, 171.852706909, -23.5790367126, 51.5552558899, 17.9802570343, -7.04543876648, 32.2570610046], [444.52255249, 133.307266235, -92.4660491943, -18.2263469696, 13.1271486282, -82.5356750488, 69.4100570679, -23.5790367126, 132.405258179, 24.4146633148, 2.55884313583, 7.64863967896, -15.9838857651], [-415.153289795, -49.399017334, 68.3391189575, -41.4860954285, -63.2136001587, 56.4685745239, -40.8509635925, 51.5552558899, 24.4146633148, 105.519378662, 44.8118896484, -7.16148662567, 0.511427998543], [-320.79119873, 11.3931474686, 22.0051460266, -17.5008201599, 12.9059085846, 27.0599136353, -19.2147407532, 17.9802570343, 2.55884313583, 44.8118896484, 80.5970306396, 24.4538784027, -3.93336033821], [-348.284912109, -119.601295471, 10.9165935516, 53.9898033142, -21.3606510162, -29.6971683502, 38.5956268311, -7.04543876648, 7.64863967896, -7.16148662567, 24.4538784027, 78.2778549194, 22.992898941], [-160.350784302, -37.5795936584, 11.5120716095, -36.3496742249, -16.9644508362, 2.35342216492, -37.5313491821, 32.2570610046, -15.9838857651, 0.511427998543, -3.93336033821, 22.992898941, 96.4698638916]], "icov": [[0.000242088965024, -0.00110306846909, 0.00262462208048, -0.00250776857138, 0.00173862709198, -0.00138724420685, 0.00127648934722, -0.000700809585396, -0.000124525467982, 0.000246128445724, 0.000363531435141, -2.80089534499e-06, -0.00022134417668], [-0.00110306846909, 0.00664804829285, -0.0129174292088, 0.0143193388358, -0.0109253590927, 0.00767323328182, -0.00546347536147, 0.00390041479841, 2.90723255603e-05, -0.00177856185474, -0.000426029757364, -0.000553913589101, 0.00228391285054], [0.00262462208048, -0.0129174292088, 0.0397484973073, -0.0397312752903, 0.0313875712454, -0.0263388473541, 0.0184736903757, -0.00569461705163, -0.00723994569853, 0.01098474022, -0.0068156151101, 0.00919615942985, -0.00885747652501], [-0.00250776857138, 0.0143193388358, -0.0397312752903, 0.0540254488587, -0.0472740121186, 0.035396438092, -0.0170350093395, -0.00227792165242, 0.0181961860508, -0.0275065079331, 0.0283800642937, -0.0323384590447, 0.0234906319529], [0.00173862709198, -0.0109253590927, 0.0313875712454, -0.0472740121186, 0.0511639080942, -0.0349454022944, 0.0113761723042, 0.00967587344348, -0.0222147647291, 0.036857791245, -0.0399055182934, 0.0412407740951, -0.0272166915238], [-0.00138724420685, 0.00767323328182, -0.0263388473541, 0.035396438092, -0.0349454022944, 0.0311433728784, -0.0102415513247, -0.00621239515021, 0.0186952147633, -0.0263183843344, 0.0252210628241, -0.0260632578284, 0.0188289042562], [0.00127648934722, -0.00546347536147, 0.0184736903757, -0.0170350093395, 0.0113761723042, -0.0102415513247, 0.0157414413989, -0.0035842130892, -0.00524167064577, 0.00424381624907, 0.0017887459835, -0.00221011531539, 0.000651917944197], [-0.000700809585396, 0.00390041479841, -0.00569461705163, -0.00227792165242, 0.00967587344348, -0.00621239515021, -0.0035842130892, 0.0193566530943, -0.0102747222409, 0.0130298445001, -0.0211190953851, 0.0218080263585, -0.0136683061719], [-0.000124525467982, 2.90723255603e-05, -0.00723994569853, 0.0181961860508, -0.0222147647291, 0.0186952147633, -0.00524167064577, -0.0102747222409, 0.0290060695261, -0.0302355866879, 0.0294120442122, -0.0293536391109, 0.0177200399339], [0.000246128445724, -0.00177856185474, 0.01098474022, -0.0275065079331, 0.036857791245, -0.0263183843344, 0.00424381624907, 0.0130298445001, -0.0302355866879, 0.0556066073477, -0.0521995425224, 0.0470091551542, -0.0261782854795], [0.000363531435141, -0.000426029757364, -0.0068156151101, 0.0283800642937, -0.0399055182934, 0.0252210628241, 0.0017887459835, -0.0211190953851, 0.0294120442122, -0.0521995425224, 0.0738678798079, -0.0628282353282, 0.0352064445615], [-2.80089534499e-06, -0.000553913589101, 0.00919615942985, -0.0323384590447, 0.0412407740951, -0.0260632578284, -0.00221011531539, 0.0218080263585, -0.0293536391109, 0.0470091551542, -0.0628282353282, 0.0757546797395, -0.0394967235625], [-0.00022134417668, 0.00228391285054, -0.00885747652501, 0.0234906319529, -0.0272166915238, 0.0188289042562, 0.000651917944197, -0.0136683061719, 0.0177200399339, -0.0261782854795, 0.0352064445615, -0.0394967235625, 0.0342984423041]], "mean": [-65.4322052002, 113.094947815, -121.505279541, 0.767285168171, -2.32400202751, -7.93705463409, -6.39408922195, -16.5782604218, 6.68281316757, -2.37029361725, -9.94643497467, -3.75942230225, -10.3288383484]}, "hfc": {"dmean": 6.15741825104, "dmean2": 8.45781803131, "dvar": 105.335380554, "dvar2": 189.997360229, "max": 382.868988037, "mean": 19.3428955078, "median": 11.4690847397, "min": 1.18971111102e-16, "var": 581.180603027}, "melbands": {"dmean": [0.00112196383998, 0.000615694443695, 0.000390674336813, 0.000212162922253, 0.000209532896406, 0.000101580328192, 0.000121369019325, 0.000263979425654, 0.000105719576823, 0.000126541795908, 0.00013060317724, 7.8040851804e-05, 5.70162155782e-05, 4.44981997134e-05, 4.77537469123e-05, 3.23529857269e-05, 6.47699489491e-05, 5.98032856942e-05, 7.78157118475e-05, 4.14473252022e-05, 1.872674693e-05, 1.24144771689e-05, 9.34149375098e-06, 6.48870263831e-06, 3.66092945114e-06, 1.84451755558e-06, 1.29611350985e-06, 8.98308940123e-07, 6.141969493e-07, 5.45280784081e-07, 4.38748855913e-07, 2.89824697575e-07, 1.63602067005e-07, 1.19385035191e-07, 8.18583671958e-08, 4.98852408271e-08, 2.67919411101e-08, 1.70470517702e-08, 1.3770362628e-08, 1.19428893441e-08], "dmean2": [0.00174850341864, 0.00101005379111, 0.000627421657555, 0.000338831800036, 0.000321330473525, 0.000158244089107, 0.000193195854081, 0.000416105787735, 0.000169034843566, 0.000198942841962, 0.000199407993932, 0.000130251777591, 8.99343431229e-05, 6.63584505673e-05, 7.6135242125e-05, 5.30711877218e-05, 9.64933133218e-05, 9.20486490941e-05, 0.00012597325258, 6.56649790471e-05, 2.91667402053e-05, 1.90950759134e-05, 1.44649875438e-05, 9.82580240816e-06, 5.71801319893e-06, 2.78619495475e-06, 2.0012312234e-06, 1.40040424412e-06, 9.36050639666e-07, 8.2169401594e-07, 6.80747632487e-07, 4.53643480114e-07, 2.51334938639e-07, 1.84146642823e-07, 1.25126149442e-07, 7.94427634787e-08, 4.46410517441e-08, 2.83374159693e-08, 2.3028745133e-08, 2.00625844826e-08], "dvar": [2.8618937904e-06, 9.62015406003e-07, 4.64758812768e-07, 1.59425653123e-07, 3.89198874018e-07, 9.3177987992e-08, 1.59517298925e-07, 6.90277090598e-07, 9.09089337142e-08, 2.08998514495e-07, 2.49088969895e-07, 8.48963352951e-08, 3.82128320098e-08, 2.12969446522e-08, 1.09487032773e-08, 2.97131941274e-09, 7.03294134041e-08, 2.34213306527e-08, 3.9608199387e-08, 1.37813547241e-08, 1.36788924632e-09, 5.36843014487e-10, 3.03179203964e-10, 1.8386100975e-10, 7.06117248006e-11, 1.49224365503e-11, 5.93151959841e-12, 3.13408847485e-12, 2.14589240474e-12, 2.543314951e-12, 2.22978905305e-12, 3.42757669036e-13, 8.66257478076e-14, 4.02344376891e-14, 1.90324610184e-14, 7.88650184925e-15, 2.00353319344e-15, 9.48492353621e-16, 6.8361133379e-16, 5.31363831906e-16], "dvar2": [6.55743497191e-06, 2.33481205214e-06, 1.04347805063e-06, 3.62524360753e-07, 8.40493100895e-07, 2.15452374164e-07, 3.94781523028e-07, 1.58649368132e-06, 2.09587284417e-07, 4.69657692292e-07, 5.6063510101e-07, 2.40695186449e-07, 9.72103180175e-08, 4.42319532112e-08, 2.15134949855e-08, 7.98349564235e-09, 1.20847488461e-07, 4.49386199364e-08, 9.76283303089e-08, 3.40156063316e-08, 3.02724023626e-09, 1.17180665171e-09, 6.63122945443e-10, 4.14726780695e-10, 1.62970650863e-10, 3.41122859127e-11, 1.29415514763e-11, 7.31775057217e-12, 4.80350221405e-12, 4.86137779337e-12, 5.74187008703e-12, 7.19103487694e-13, 1.91785633598e-13, 9.11892835006e-14, 4.29109195009e-14, 1.89358433583e-14, 5.08093560443e-15, 2.39016413507e-15, 1.74938265168e-15, 1.36662519171e-15], "max": [0.0307900235057, 0.0175010729581, 0.0223112590611, 0.0073153981939, 0.0132796764374, 0.00928070675582, 0.0130438860506, 0.027646638453, 0.00800501834601, 0.0103358877823, 0.0189275611192, 0.00767391081899, 0.00625862227753, 0.00643452862278, 0.00539942318574, 0.00118349830154, 0.0155919110402, 0.00637022638693, 0.00643001543358, 0.00370963523164, 0.00127725757193, 0.000398382981075, 0.000284201756585, 0.0002241168404, 0.000262236280832, 7.57227608119e-05, 5.20033754583e-05, 3.89159140468e-05, 4.22176890424e-05, 7.65863442211e-05, 5.76537604502e-05, 1.81137384061e-05, 7.15017677066e-06, 2.90980233331e-06, 1.80915401415e-06, 1.03949605545e-06, 6.54588973248e-07, 4.63529829631e-07, 3.37930089245e-07, 3.03381369804e-07], "mean": [0.00179132586345, 0.000929663015995, 0.000665704195853, 0.000320946041029, 0.000289667164907, 0.000152551743668, 0.000164314653375, 0.000421065866249, 0.000178993388545, 0.000173200125573, 0.000205288873985, 0.000114697264507, 0.000100787830888, 8.35298196762e-05, 0.000104329024907, 6.32423325442e-05, 0.000133225999889, 0.000115977301903, 0.000127567269374, 7.2000293585e-05, 3.34470496455e-05, 2.13053972402e-05, 1.56517126015e-05, 1.05844410427e-05, 6.1645837377e-06, 3.16535601996e-06, 2.26946713155e-06, 1.45974468069e-06, 1.00832835415e-06, 9.06175557702e-07, 7.2396574069e-07, 5.1098345466e-07, 2.72123571676e-07, 1.9964623732e-07, 1.14475128044e-07, 5.380775292e-08, 2.70270952285e-08, 1.74907430761e-08, 1.31682185156e-08, 1.08447295588e-08], "median": [0.000903544249013, 0.000525896670297, 0.00027510090149, 0.000148275968968, 7.48086313251e-05, 4.02909208788e-05, 3.61188685929e-05, 0.000121035860502, 5.21693582414e-05, 2.99553666991e-05, 2.63483962044e-05, 2.68432559096e-05, 2.12294180528e-05, 2.86930116999e-05, 4.34125759057e-05, 4.0849627112e-05, 3.36087723554e-05, 4.31500375271e-05, 4.75360939163e-05, 2.70386153716e-05, 1.67910238815e-05, 9.34975378186e-06, 5.55443511985e-06, 3.66631820725e-06, 2.85768464892e-06, 1.44683338021e-06, 1.1591346265e-06, 7.45806119085e-07, 4.97843473113e-07, 4.13962823131e-07, 3.29456753434e-07, 2.90584068807e-07, 1.54794065566e-07, 1.13898522613e-07, 5.30258006393e-08, 1.71017795481e-08, 9.10900421758e-09, 5.98598637325e-09, 3.77738196278e-09, 2.7369755351e-09], "min": [4.23561287237e-23, 7.54941700677e-24, 2.05390211588e-24, 9.35390713961e-24, 1.01283886882e-23, 4.5206818022e-24, 1.37667439647e-24, 1.19616722441e-23, 8.81855930805e-24, 1.48980278924e-23, 1.18786919655e-23, 6.50711165878e-24, 4.08096560603e-24, 6.1263087783e-24, 2.02422654913e-24, 7.34138965289e-24, 1.25229964764e-23, 1.04076383489e-23, 1.15491934429e-23, 6.97107546702e-24, 7.29847798623e-24, 6.47839751626e-24, 1.76050119773e-23, 1.6753386143e-23, 9.47815746534e-24, 1.51573927362e-23, 1.36868455684e-23, 7.5761806907e-24, 6.66151619262e-24, 1.15844413258e-23, 8.21611806765e-24, 1.08992746089e-23, 1.09539781684e-23, 1.0430045943e-23, 1.21637026774e-23, 1.11811495987e-23, 1.20555435364e-23, 1.02979235742e-23, 1.09247745376e-23, 9.55024830803e-24], "var": [5.75423473492e-06, 1.46734316786e-06, 1.38420648454e-06, 2.69129202479e-07, 6.16061470282e-07, 1.77280554681e-07, 2.13065618482e-07, 1.87353987258e-06, 2.19538947022e-07, 3.43416417081e-07, 7.5820520351e-07, 1.19022644185e-07, 9.88664865531e-08, 5.41624878281e-08, 5.24120338241e-08, 6.24967277929e-09, 2.9177141414e-07, 8.73632970411e-08, 7.15859016509e-08, 2.5202261611e-08, 2.77821765593e-09, 1.19619369965e-09, 6.81109058043e-10, 3.37035260811e-10, 1.10839677714e-10, 2.55634124979e-11, 1.17529354304e-11, 5.05126973235e-12, 3.53836361253e-12, 4.58210596202e-12, 3.27413335159e-12, 7.47524221342e-13, 1.539516534e-13, 6.87845573143e-14, 2.78998456553e-14, 8.89856900188e-15, 2.1992594259e-15, 1.10641328219e-15, 7.15992503391e-16, 5.24785615219e-16]}, "melbands_crest": {"dmean": 4.27905797958, "dmean2": 7.00902318954, "dvar": 14.6878881454, "dvar2": 35.8182106018, "max": 39.9468269348, "mean": 15.8682899475, "median": 14.4102458954, "min": 1.33883476257, "var": 50.3665008545}, "melbands_flatness_db": {"dmean": 0.029385663569, "dmean2": 0.0468467175961, "dvar": 0.000611297786236, "dvar2": 0.00155443046242, "max": 0.505066752434, "mean": 0.238052397966, "median": 0.230973809958, "min": 0.0115123251453, "var": 0.00383446691558}, "melbands_kurtosis": {"dmean": 4.58353710175, "dmean2": 6.97451066971, "dvar": 389.981872559, "dvar2": 758.947998047, "max": 1951.23168945, "mean": 8.56689929962, "median": 1.78025841713, "min": -1.85311031342, "var": 4596.81201172}, "melbands_skewness": {"dmean": 0.658352375031, "dmean2": 1.01156497002, "dvar": 0.505618274212, "dvar2": 1.12926256657, "max": 42.4521865845, "mean": 1.87471830845, "median": 1.55238604546, "min": -1.56795406342, "var": 4.93780469894}, "melbands_spread": {"dmean": 7.54739141464, "dmean2": 12.0335550308, "dvar": 47.6277999878, "dvar2": 121.457084656, "max": 148.735717773, "mean": 29.9871120453, "median": 27.9868564606, "min": 0.366384744644, "var": 234.417068481}, "mfcc": {"cov": [[12335.8427734, 2860.85913086, -1344.53308105, 876.361328125, -246.512664795, 234.585525513, -341.227905273, 278.957641602, 136.548843384, 136.013137817, -25.8730583191, -158.19140625, -78.1710205078], [2860.85913086, 1950.49304199, -319.229095459, -90.6755371094, 173.193466187, 181.337478638, -64.8043670654, -47.5843391418, 44.6495018005, 40.1241874695, 51.0682220459, 37.354259491, 45.6963996887], [-1344.53308105, -319.229095459, 500.866638184, -206.19921875, 112.815345764, -57.8988838196, 37.2643852234, -58.4242668152, -25.709197998, 1.87214064598, -2.41224336624, 61.4290275574, -1.52236258984], [876.361328125, -90.6755371094, -206.19921875, 505.8097229, -74.8593597412, 58.4069213867, -42.9955863953, 95.1508712769, -9.35314846039, -15.7490730286, -4.90537452698, -48.2761535645, -17.6645545959], [-246.512664795, 173.193466187, 112.815345764, -74.8593597412, 297.004821777, 56.7931404114, 71.5414123535, -35.5307807922, -18.2171669006, -26.8711128235, -20.5897483826, 51.3377342224, 29.3647880554], [234.585525513, 181.337478638, -57.8988838196, 58.4069213867, 56.7931404114, 186.722717285, 43.4036903381, 27.9583721161, 1.03671908379, -7.43474197388, -0.169973000884, 14.4358987808, 25.4272594452], [-341.227905273, -64.8043670654, 37.2643852234, -42.9955863953, 71.5414123535, 43.4036903381, 131.472885132, 18.3768520355, -5.305996418, -21.3869018555, -6.86592817307, 19.8117370605, 16.1343955994], [278.957641602, -47.5843391418, -58.4242668152, 95.1508712769, -35.5307807922, 27.9583721161, 18.3768520355, 104.685203552, 12.206943512, 0.0861281603575, -19.7514915466, -9.52264499664, -0.388309180737], [136.548843384, 44.6495018005, -25.709197998, -9.35314846039, -18.2171669006, 1.03671908379, -5.305996418, 12.206943512, 78.9190826416, 22.2345638275, 0.788543701172, -22.89153862, -9.81300258636], [136.013137817, 40.1241874695, 1.87214064598, -15.7490730286, -26.8711128235, -7.43474197388, -21.3869018555, 0.0861281603575, 22.2345638275, 82.1977996826, 46.2389984131, 7.98878955841, -9.34220123291], [-25.8730583191, 51.0682220459, -2.41224336624, -4.90537452698, -20.5897483826, -0.169973000884, -6.86592817307, -19.7514915466, 0.788543701172, 46.2389984131, 87.6433944702, 28.8962154388, 11.0984783173], [-158.19140625, 37.354259491, 61.4290275574, -48.2761535645, 51.3377342224, 14.4358987808, 19.8117370605, -9.52264499664, -22.89153862, 7.98878955841, 28.8962154388, 82.2919158936, 34.7944526672], [-78.1710205078, 45.6963996887, -1.52236258984, -17.6645545959, 29.3647880554, 25.4272594452, 16.1343955994, -0.388309180737, -9.81300258636, -9.34220123291, 11.0984783173, 34.7944526672, 61.3075332642]], "icov": [[0.000216098254896, -0.00032857619226, 0.000221893104026, -0.000290922733257, 0.000119711032312, 0.000150281091919, 0.000120783268358, -0.000289272837108, 1.89965776372e-05, -0.0003841673024, 0.000438739865785, -0.000147240294609, 0.000237487605773], [-0.00032857619226, 0.00136150897015, 0.000453496730188, 0.000923369021621, -0.000969771121163, -0.000971253030002, 0.000826972012874, 0.000518881424796, -0.000381726567866, 0.000567008974031, -0.00111328472849, -8.35492319311e-05, -0.00022923189681], [0.000221893104026, 0.000453496730188, 0.00386419915594, 0.000860278087202, -0.00126822071616, 0.000334071286488, 0.000598123879172, 0.000275846628938, 0.000142363249324, -0.000765705306549, 0.000748991617002, -0.00242781522684, 0.00175036105793], [-0.000290922733257, 0.000923369021621, 0.000860278087202, 0.00391470175236, -0.00090516457567, -0.00141535745934, 0.001996176783, -0.00265882094391, 0.00103975215461, 0.00202927249484, -0.00268208328635, 0.00143144105095, 0.000717295741197], [0.000119711032312, -0.000969771121163, -0.00126822071616, -0.00090516457567, 0.0061270785518, -0.0006009665085, -0.00303914071992, 0.0025505265221, -7.68814788898e-05, -0.000435549911344, 0.00343292066827, -0.00256404513493, -0.000531263474841], [0.000150281091919, -0.000971253030002, 0.000334071286488, -0.00141535745934, -0.0006009665085, 0.00785261113197, -0.00257710856386, -0.00110432354268, -0.000119631687994, -0.000752984371502, 0.000687737949193, -0.000261781329755, -0.00189156713895], [0.000120783268358, 0.000826972012874, 0.000598123879172, 0.001996176783, -0.00303914071992, -0.00257710856386, 0.0123182395473, -0.00446915440261, -0.000364632433048, 0.00359968258999, -0.00298270885833, -0.000172561514773, 0.000510093057528], [-0.000289272837108, 0.000518881424796, 0.000275846628938, -0.00265882094391, 0.0025505265221, -0.00110432354268, -0.00446915440261, 0.0162959359586, -0.00231333519332, -0.00362989585847, 0.00648211222142, -0.00296210171655, -0.00141483999323], [1.89965776372e-05, -0.000381726567866, 0.000142363249324, 0.00103975215461, -7.68814788898e-05, -0.000119631687994, -0.000364632433048, -0.00231333519332, 0.0163685046136, -0.00510975299403, 0.000449352664873, 0.0058159250766, -0.0007611605688], [-0.0003841673024, 0.000567008974031, -0.000765705306549, 0.00202927249484, -0.000435549911344, -0.000752984371502, 0.00359968258999, -0.00362989585847, -0.00510975299403, 0.0233290400356, -0.0134971607476, -0.00120672152843, 0.00506911845878], [0.000438739865785, -0.00111328472849, 0.000748991617002, -0.00268208328635, 0.00343292066827, 0.000687737949193, -0.00298270885833, 0.00648211222142, 0.000449352664873, -0.0134971607476, 0.0240038651973, -0.00749541725963, -0.00254474184476], [-0.000147240294609, -8.35492319311e-05, -0.00242781522684, 0.00143144105095, -0.00256404513493, -0.000261781329755, -0.000172561514773, -0.00296210171655, 0.0058159250766, -0.00120672152843, -0.00749541725963, 0.0246148910373, -0.0102759804577], [0.000237487605773, -0.00022923189681, 0.00175036105793, 0.000717295741197, -0.000531263474841, -0.00189156713895, 0.000510093057528, -0.00141483999323, -0.0007611605688, 0.00506911845878, -0.00254474184476, -0.0102759804577, 0.0248741172254]], "mean": [-702.366638184, 167.851089478, -44.9157791138, 24.9656772614, 10.3897848129, 23.9878673553, -6.22815418243, 4.81291294098, 5.727663517, 7.17373037338, 6.65271186829, 1.5086132288, 3.01158952713]}, "pitch_salience": {"dmean": 0.0756016597152, "dmean2": 0.123232014477, "dvar": 0.0042288294062, "dvar2": 0.0107333436608, "max": 0.992092072964, "mean": 0.531765043736, "median": 0.552164018154, "min": 0.00370370130986, "var": 0.017109323293}, "silence_rate_20dB": {"dmean": 0, "dmean2": 0, "dvar": 0, "dvar2": 0, "max": 1, "mean": 1, "median": 1, "min": 1, "var": 0}, "silence_rate_30dB": {"dmean": 0.00485142506659, "dmean2": 0.00970481242985, "dvar": 0.00482770893723, "dvar2": 0.0112284030765, "max": 1, "mean": 0.991107523441, "median": 1, "min": 0, "var": 0.008813531138}, "silence_rate_60dB": {"dmean": 0.0113199921325, "dmean2": 0.0226445607841, "dvar": 0.0111920731142, "dvar2": 0.0261749196798, "max": 1, "mean": 0.0642683878541, "median": 0, "min": 0, "var": 0.0601382851601}, "spectral_centroid": {"dmean": 183.279541016, "dmean2": 280.987945557, "dvar": 42598.109375, "dvar2": 81369.59375, "max": 11071.3808594, "mean": 1386.41357422, "median": 1288.19885254, "min": 281.184814453, "var": 368342.4375}, "spectral_complexity": {"dmean": 3.35031342506, "dmean2": 4.98463392258, "dvar": 11.5360622406, "dvar2": 20.5533275604, "max": 48, "mean": 19.1255054474, "median": 19, "min": 0, "var": 87.6758728027}, "spectral_contrast_coeffs": {"dmean": [0.0520503111184, 0.0479375757277, 0.0384591147304, 0.030602471903, 0.023734530434, 0.0457959398627], "dmean2": [0.0851666405797, 0.0789172872901, 0.0628331899643, 0.0504018776119, 0.0383934155107, 0.074752420187], "dvar": [0.00171206321102, 0.00155622896273, 0.000989336753264, 0.000597176724114, 0.000476435991004, 0.00168904999737], "dvar2": [0.00447123451158, 0.00415650336072, 0.00258034863509, 0.00157102744561, 0.00124242447782, 0.00441653979942], "max": [-0.382227748632, -0.360595345497, -0.492684304714, -0.550886452198, -0.640110850334, -0.446719020605], "mean": [-0.716764330864, -0.768544018269, -0.793602347374, -0.776359975338, -0.802136957645, -0.735795080662], "median": [-0.720084190369, -0.774133086205, -0.801515579224, -0.779511332512, -0.801275253296, -0.732715845108], "min": [-0.961705088615, -0.989876031876, -0.992868065834, -0.992768287659, -0.987973988056, -0.960897028446], "var": [0.00654263235629, 0.00602518441156, 0.00494438176975, 0.00338225951418, 0.00207802373916, 0.00666055642068]}, "spectral_contrast_valleys": {"dmean": [0.387171685696, 0.387129068375, 0.317028820515, 0.241678565741, 0.310841053724, 0.733125090599], "dmean2": [0.631012678146, 0.612294614315, 0.506330311298, 0.383875459433, 0.455602139235, 1.17576301098], "dvar": [0.131198883057, 0.130627498031, 0.100044243038, 0.0724127739668, 0.134886577725, 0.406933367252], "dvar2": [0.274200081825, 0.257540345192, 0.193204194307, 0.120417684317, 0.260271698236, 1.05595314503], "max": [-5.36965656281, -5.01081132889, -5.1583275795, -5.43417692184, -5.95911741257, -9.31067466736], "mean": [-7.42027807236, -7.13806629181, -7.53791856766, -7.3711104393, -8.1535577774, -11.8925123215], "median": [-6.97250461578, -6.77809524536, -7.16515636444, -6.9423456192, -7.71973562241, -11.6619024277], "min": [-27.4235038757, -26.9831142426, -26.9259433746, -27.4866104126, -27.0735530853, -27.2511138916], "var": [4.52934169769, 3.81110906601, 3.62394523621, 3.88744592667, 3.11255979538, 2.18314933777]}, "spectral_decrease": {"dmean": 2.05008854337e-09, "dmean2": 2.90944957015e-09, "dvar": 6.44438424062e-18, "dvar2": 1.24432490033e-17, "max": 9.1120444938e-28, "mean": -6.07556982501e-09, "median": -4.41189129674e-09, "min": -6.38400834418e-08, "var": 3.26585795087e-17}, "spectral_energy": {"dmean": 0.00815797224641, "dmean2": 0.0115011157468, "dvar": 0.000103237667645, "dvar2": 0.000196644294192, "max": 0.273622125387, "mean": 0.0246850196272, "median": 0.0179155394435, "min": 1.06695103001e-20, "var": 0.000547960982658}, "spectral_energyband_high": {"dmean": 6.9048946898e-05, "dmean2": 9.78314928943e-05, "dvar": 1.57283484015e-08, "dvar2": 2.89716926005e-08, "max": 0.00339574087411, "mean": 0.000147643731907, "median": 8.50804935908e-05, "min": 7.59503263617e-21, "var": 4.04220408257e-08}, "spectral_energyband_low": {"dmean": 0.00488570844755, "dmean2": 0.00740027381107, "dvar": 4.1095099732e-05, "dvar2": 8.84772089194e-05, "max": 0.107757098973, "mean": 0.00921659450978, "median": 0.00564401829615, "min": 1.48317323375e-22, "var": 0.000101429744973}, "spectral_energyband_middle_high": {"dmean": 0.00271818297915, "dmean2": 0.00387764791958, "dvar": 2.66953229584e-05, "dvar2": 5.12915430591e-05, "max": 0.183812022209, "mean": 0.00773513922468, "median": 0.00412955693901, "min": 1.57415944081e-21, "var": 0.000126830884255}, "spectral_energyband_middle_low": {"dmean": 0.00361689715646, "dmean2": 0.00530401756987, "dvar": 4.18595918745e-05, "dvar2": 8.77925049281e-05, "max": 0.139421492815, "mean": 0.00837396737188, "median": 0.00412951502949, "min": 2.85772322385e-22, "var": 0.000157060247147}, "spectral_entropy": {"dmean": 0.144257023931, "dmean2": 0.221344396472, "dvar": 0.0207485873252, "dvar2": 0.0476287528872, "max": 9.81258678436, "mean": 7.45147514343, "median": 7.48921298981, "min": 5.71976232529, "var": 0.170221760869}, "spectral_flux": {"dmean": 0.0206608194858, "dmean2": 0.0324484594166, "dvar": 0.000479066336993, "dvar2": 0.0011222808389, "max": 0.284214615822, "mean": 0.0797492936254, "median": 0.0729873329401, "min": 1.03293318343e-10, "var": 0.00190153636504}, "spectral_kurtosis": {"dmean": 3.84662342072, "dmean2": 6.25672101974, "dvar": 28.2294387817, "dvar2": 75.571472168, "max": 77.6430053711, "mean": 15.9368209839, "median": 14.05701828, "min": -1.24419248104, "var": 69.6908035278}, "spectral_rms": {"dmean": 0.000776059518103, "dmean2": 0.0010699093109, "dvar": 6.25565974133e-07, "dvar2": 1.09712368612e-06, "max": 0.0163385570049, "mean": 0.00439762044698, "median": 0.00418073870242, "min": 3.22634128615e-12, "var": 4.74364696856e-06}, "spectral_rolloff": {"dmean": 377.843841553, "dmean2": 639.58392334, "dvar": 728554.6875, "dvar2": 2036781.75, "max": 22050, "mean": 1627.59216309, "median": 1507.32421875, "min": 21.533203125, "var": 3341345}, "spectral_skewness": {"dmean": 0.276881843805, "dmean2": 0.444125473499, "dvar": 0.090939424932, "dvar2": 0.232980072498, "max": 6.61134672165, "mean": 2.43194150925, "median": 2.29309511185, "min": 0.0209410246462, "var": 0.4744746387}, "spectral_spread": {"dmean": 398490.03125, "dmean2": 632050.25, "dvar": 365420871680, "dvar2": 589834092544, "max": 41729340, "mean": 2863911, "median": 2623370, "min": 1024327.375, "var": 1852823306240.0