{"lowlevel": {"average_loudness": 0.852066993713, "barkbands": {"dmean": [2.01175726033e-06, 0.000420392578235, 0.000439743802417, 0.000317625119351, 0.000803753151558, 0.000434401939856, 0.00075565779116, 0.0016063520452, 0.00140350335278, 0.000890762836207, 0.00108043476939, 0.00154792016838, 0.00130130292382, 0.000612443080172, 0.000322650390444, 0.000212857979932, 0.000215573163587, 9.60279794526e-05, 5.86201240367e-05, 0.000101022298622, 8.16241590655e-05, 0.000110379201942, 6.91044770065e-05, 3.59500299965e-05, 2.08669735002e-05, 8.66364280228e-06, 2.03501326723e-06], "dmean2": [3.26193867295e-06, 0.000667651824187, 0.000703215424437, 0.000525650160853, 0.00124026206322, 0.000672851165291, 0.00118202844169, 0.00253181206062, 0.00218668370508, 0.00133797002491, 0.00168325169943, 0.00238815136254, 0.0020271721296, 0.000901020946912, 0.00047361876932, 0.000326579349348, 0.000334131793352, 0.00015227777476, 9.38924495131e-05, 0.000158975512022, 0.000124824233353, 0.000165432880749, 0.000104276383354, 5.53413374291e-05, 3.17822996294e-05, 1.30006474137e-05, 3.06639640257e-06], "dvar": [2.99163749329e-11, 1.45553144648e-06, 9.65563572208e-07, 4.87596309995e-07, 2.18430091081e-06, 1.32696061428e-06, 2.55566169471e-06, 9.72443285718e-06, 8.18444641482e-06, 4.04151251132e-06, 4.50434936283e-06, 1.08407812149e-05, 7.19703757568e-06, 1.88931039702e-06, 9.40135009841e-07, 4.10425542441e-07, 1.45389861927e-07, 3.7592744917e-08, 1.0214462165e-08, 3.38033707692e-08, 3.43582478024e-08, 4.05224227507e-08, 2.17804423386e-08, 8.31720026184e-09, 4.14460332721e-09, 1.06100150887e-09, 6.96011512313e-11], "dvar2": [6.42050787536e-11, 3.61884576705e-06, 2.29504735216e-06, 1.25593840039e-06, 4.89378862767e-06, 2.74075205198e-06, 5.92369269725e-06, 2.30186597037e-05, 1.88808899111e-05, 8.43831458042e-06, 1.05767257992e-05, 2.48351570917e-05, 1.65724541148e-05, 4.04744696425e-06, 1.86447357464e-06, 9.58700866249e-07, 3.48991079591e-07, 8.93155913673e-08, 2.60408388186e-08, 8.14521783354e-08, 8.34762090562e-08, 9.37368298537e-08, 4.80616719756e-08, 2.071022287e-08, 9.66564783766e-09, 2.39318898032e-09, 1.65349983705e-10], "max": [0.000131670603878, 0.016917526722, 0.0176393277943, 0.011419320479, 0.0330981425941, 0.0318383276463, 0.031718172133, 0.0434765033424, 0.0521846860647, 0.0438619107008, 0.0431715026498, 0.0600674934685, 0.0606398060918, 0.035538457334, 0.0217126104981, 0.0190285462886, 0.00766716524959, 0.00557341286913, 0.00178012833931, 0.00453100027516, 0.00336837954819, 0.00280046463013, 0.00239228433929, 0.00143778778147, 0.00130841392092, 0.000600622151978, 0.000169228442246], "mean": [2.30206183005e-06, 0.000548428681213, 0.000536504900083, 0.00042625865899, 0.00152354082093, 0.000769995967858, 0.00133353332058, 0.0027582552284, 0.00261331931688, 0.00168027740438, 0.00218534120359, 0.00297710928135, 0.00253446237184, 0.00103433628101, 0.000512150814757, 0.000391102366848, 0.000441688200226, 0.00018451892538, 0.000120913660794, 0.000240782072069, 0.000148081759107, 0.000223164795898, 0.000116731971502, 5.31874356966e-05, 2.42281857936e-05, 9.38690573093e-06, 2.12256600207e-06], "median": [5.00759085753e-07, 4.67286918138e-05, 0.000111034161819, 0.000133352950797, 0.000687296618707, 0.000241983419983, 0.000306706235278, 0.000576367136091, 0.000614671385847, 0.000522822025232, 0.000526401912794, 0.000710272754077, 0.000602178042755, 0.000188326404896, 0.000140604068292, 0.000105426821392, 0.000211941791349, 9.06947243493e-05, 8.06103489595e-05, 0.000111944289529, 6.31653383607e-05, 0.000115144241136, 5.35067483725e-05, 1.96988803509e-05, 4.71800012747e-06, 1.07349205791e-06, 2.61610637153e-07], "min": [2.01888771108e-25, 1.20007200701e-24, 4.68764914317e-25, 4.72841057222e-25, 3.51565920388e-24, 1.04900616918e-23, 9.05445475112e-24, 5.53194231813e-24, 1.58299171683e-23, 1.02793877096e-23, 1.15538358893e-23, 2.26077722007e-23, 2.43616845166e-23, 2.32153844243e-23, 3.7733552125e-23, 5.19446604515e-23, 4.21282173419e-23, 1.03160362939e-22, 9.7377633851e-23, 1.64018571018e-22, 2.12269822577e-22, 2.70619200542e-22, 4.506930726e-22, 6.11193525929e-22, 8.32962142573e-22, 1.28069419737e-21, 1.89521275308e-21], "var": [3.46561980502e-11, 1.95431584871e-06, 1.32017191845e-06, 6.51164725696e-07, 6.01120245847e-06, 3.00461374536e-06, 7.36976517146e-06, 2.3771155611e-05, 2.56398743659e-05, 1.15409629871e-05, 1.85217486433e-05, 3.44617546943e-05, 2.40726149059e-05, 5.98715405431e-06, 1.95276129489e-06, 1.03615570879e-06, 4.29615454323e-07, 9.14291931053e-08, 2.16405453557e-08, 1.17900476937e-07, 5.94090643347e-08, 8.89237554702e-08, 3.30589955411e-08, 9.55471879394e-09, 4.45670789162e-09, 1.15018961022e-09, 6.74288333502e-11]}, "barkbands_crest": {"dmean": 2.52734136581, "dmean2": 4.10089826584, "dvar": 5.61926555634, "dvar2": 13.5610866547, "max": 26.9222812653, "mean": 10.3250617981, "median": 9.44211959839, "min": 2.17780280113, "var": 19.5797634125}, "barkbands_flatness_db": {"dmean": 0.0198840796947, "dmean2": 0.0285168495029, "dvar": 0.000417129020207, "dvar2": 0.00077221711399, "max": 0.540842592716, "mean": 0.147975891829, "median": 0.141470015049, "min": 0.0198208503425, "var": 0.00356250884943}, "barkbands_kurtosis": {"dmean": 3.55932354927, "dmean2": 5.26722764969, "dvar": 1160.09277344, "dvar2": 2441.34912109, "max": 2143.87255859, "mean": 11.2887849808, "median": 1.67897129059, "min": -1.87469387054, "var": 10169.4033203}, "barkbands_skewness": {"dmean": 0.459138095379, "dmean2": 0.697149217129, "dvar": 0.55471944809, "dvar2": 1.14620578289, "max": 45.6422195435, "mean": 0.990168631077, "median": 0.675928533077, "min": -3.43616747856, "var": 9.11066913605}, "barkbands_spread": {"dmean": 3.9422929287, "dmean2": 5.99598121643, "dvar": 26.8286190033, "dvar2": 59.6430473328, "max": 118.066345215, "mean": 15.8244094849, "median": 13.7819805145, "min": 0.259359270334, "var": 84.5392608643}, "dissonance": {"dmean": 0.0277318488806, "dmean2": 0.0466686077416, "dvar": 0.0007823400083, "dvar2": 0.00212619267404, "max": 0.499999970198, "mean": 0.446516871452, "median": 0.456050276756, "min": 0.190298870206, "var": 0.00178990606219}, "dynamic_complexity": 4.51854991913, "erbbands": {"dmean": [0.00532512739301, 0.117645762861, 0.434982329607, 0.781687557697, 1.53239142895, 3.26585531235, 4.16885709763, 3.35524511337, 7.16063451767, 23.183423996, 33.1754074097, 30.0933895111, 26.7118015289, 23.1036663055, 51.7210769653, 63.8385047913, 52.0858879089, 34.2519073486, 19.460193634, 12.5246009827, 9.35267925262, 10.8196792603, 5.80409002304, 2.55307912827, 3.61017084122, 4.81851577759, 3.40466117859, 3.37312912941, 3.94272565842, 3.41224360466, 1.68219339848, 0.928676784039, 0.522697865963, 0.279615163803, 0.129512727261, 0.0437061861157, 0.0135170416906, 0.0036425315775, 0.000268401752692, 2.68653184321e-05], "dmean2": [0.00854919478297, 0.186167880893, 0.695240914822, 1.27446746826, 2.53124952316, 5.03660345078, 6.3508439064, 5.25383424759, 10.8479948044, 36.638507843, 52.8922615051, 46.5671310425, 40.6256027222, 33.3538551331, 82.0418930054, 97.5630874634, 79.254486084, 48.8590736389, 28.54114151, 18.342792511, 14.1162414551, 16.5198116302, 9.01100540161, 3.99583005905, 5.71333169937, 7.57200193405, 5.25117921829, 5.17965698242, 5.9356379509, 5.12232494354, 2.54482197762, 1.43406140804, 0.802671432495, 0.42845544219, 0.196386232972, 0.066298507154, 0.0201122127473, 0.00544071849436, 0.000401568162488, 4.0380316932e-05], "dvar": [0.000235321364016, 0.10964294523, 1.02738142014, 2.61390781403, 10.1881370544, 44.1627159119, 96.3994445801, 111.140296936, 293.974029541, 2089.46435547, 4924.49169922, 4435.87890625, 4220.87158203, 2677.31054688, 9127.9609375, 17241.2890625, 11293.0498047, 5483.76367188, 3104.2331543, 1076.93945312, 603.38885498, 347.010253906, 107.955497742, 24.2998905182, 34.8346138, 79.4516143799, 54.1067619324, 57.3569602966, 54.5613861084, 43.1848831177, 14.6630573273, 6.44138097763, 1.56855297089, 0.649483263493, 0.196526303887, 0.0245363563299, 0.00255975546315, 0.000224036848522, 9.21735306747e-07, 9.2626422088e-09], "dvar2": [0.000602151674684, 0.271908432245, 2.54033493996, 6.67155361176, 26.4869861603, 97.4424819946, 218.072799683, 225.464813232, 640.228027344, 4813.89013672, 11813.0429688, 10457.1572266, 9384.02929688, 4717.97363281, 22433.640625, 39428.3046875, 25639.5292969, 11570.6347656, 6360.18847656, 2124.65429688, 1426.61083984, 802.771728516, 248.235671997, 59.9491004944, 87.0392227173, 194.749465942, 132.655029297, 136.123275757, 128.564346313, 99.5162506104, 32.306224823, 15.7643070221, 3.92904210091, 1.55462729931, 0.456296622753, 0.0560626797378, 0.00576728582382, 0.000511869322509, 2.13073803934e-06, 2.24629843615e-08], "max": [0.237639024854, 4.57016468048, 17.8357048035, 26.7480068207, 65.365524292, 164.308456421, 193.82220459, 387.536804199, 427.021881104, 966.986999512, 1151.48706055, 1470.53527832, 1719.08679199, 1352.25842285, 1828.1998291, 2185.27758789, 2221.95874023, 2109.66894531, 1256.19885254, 775.771362305, 697.422058105, 388.565704346, 287.83682251, 90.2067718506, 107.548461914, 239.045928955, 113.266273499, 143.233596802, 102.760345459, 100.47151947, 51.9550666809, 48.3883285522, 24.0535526276, 16.2994995117, 9.15682697296, 3.14970374107, 0.828295707703, 0.323813766241, 0.0172669310123, 0.00212245224975], "mean": [0.0078175123781, 0.153956100345, 0.564889669418, 1.09021854401, 2.33863449097, 5.94711923599, 7.48257732391, 6.02380657196, 13.3731622696, 43.4972419739, 62.29114151, 58.1304244995, 50.1281661987, 52.4599342346, 110.755714417, 138.500854492, 113.311943054, 65.0664749146, 33.4268798828, 23.2558803558, 19.9662189484, 23.9161911011, 13.1276464462, 5.68905115128, 8.36231803894, 11.7059116364, 6.65247488022, 6.30274629593, 7.89499425888, 6.52243280411, 2.72306203842, 1.30709648132, 0.793785631657, 0.356603294611, 0.138692185283, 0.0474415756762, 0.0145496921614, 0.00375811383128, 0.000310050992994, 5.07079275849e-05], "median": [0.000699669064488, 0.0204488690943, 0.13474163413, 0.415860801935, 1.09093976021, 2.38213968277, 2.79869914055, 2.07969141006, 3.92451906204, 10.6150102615, 19.5939445496, 16.7339019775, 17.8194122314, 21.7786006927, 41.942111969, 46.4558525085, 35.54737854, 15.5268726349, 9.36574554443, 6.46317720413, 6.80557823181, 11.4856929779, 7.12061834335, 3.54686021805, 5.46565151215, 5.51282548904, 2.83323454857, 2.89837622643, 3.85602903366, 3.26009535789, 1.21505510807, 0.486667156219, 0.277393847704, 0.0893393829465, 0.0197447389364, 0.00644930731505, 0.0016676990781, 0.00038154766662, 5.91549032833e-05, 3.36754674208e-05], "min": [3.80210540596e-23, 4.03274328043e-22, 1.04555962642e-21, 4.77751006698e-21, 1.07653582379e-20, 1.41918408343e-20, 3.82789137569e-20, 8.84274751006e-20, 1.08656196368e-19, 1.98346588856e-19, 1.58844746724e-19, 3.4386148803e-19, 6.3626158861e-19, 5.07445734094e-19, 6.28129369213e-19, 1.12821645288e-18, 1.44945866121e-18, 1.13862217819e-18, 2.79074277781e-18, 3.33498853659e-18, 3.15384963092e-18, 2.90294693277e-18, 5.87746070496e-18, 5.02574963775e-18, 6.55476280797e-18, 8.2662863493e-18, 7.47324017191e-18, 1.01301393363e-17, 1.07501178229e-17, 1.11411922729e-17, 1.0670753979e-17, 1.14110698739e-17, 1.04917049452e-17, 7.84003190785e-18, 5.43242636847e-18, 4.02584254636e-18, 2.26377764921e-18, 9.16631510404e-19, 2.46566074538e-19, 2.4936018725e-20], "var": [0.00034007159411, 0.148472338915, 1.39993369579, 3.64657616615, 15.4287242889, 123.99684906, 206.313537598, 227.431732178, 1060.39306641, 6181.88330078, 13499.8251953, 12786.1777344, 9154.58105469, 10993.7177734, 34532.140625, 61743.8515625, 43177.0742188, 19139.8027344, 6179.75097656, 2994.51660156, 1869.79711914, 1237.04418945, 357.992248535, 54.5739555359, 97.2871551514, 280.704742432, 105.654968262, 102.130386353, 121.722900391, 77.9717407227, 20.6921424866, 6.90653324127, 1.98012173176, 0.708356022835, 0.204605653882, 0.0261965543032, 0.00277933501638, 0.000232130769291, 9.80871163847e-07, 9.42597555564e-09]}, "erbbands_crest": {"dmean": 3.03780889511, "dmean2": 4.94329118729, "dvar": 7.5304813385, "dvar2": 18.7757987976, "max": 32.1248779297, "mean": 12.0435476303, "median": 11.1994810104, "min": 2.5142800808, "var": 29.9019889832}, "erbbands_flatness_db": {"dmean": 0.0200556889176, "dmean2": 0.0286220125854, "dvar": 0.000403952639317, "dvar2": 0.000740976596717, "max": 0.405328840017, "mean": 0.208218306303, "median": 0.2097671628, "min": 0.027365591377, "var": 0.00311397551559}, "erbbands_kurtosis": {"dmean": 1.28954339027, "dmean2": 2.00402474403, "dvar": 3.90139293671, "dvar2": 9.76964569092, "max": 51.3504257202, "mean": 2.3192653656, "median": 1.50217008591, "min": -1.74078249931, "var": 10.8497695923}, "erbbands_skewness": {"dmean": 0.322852700949, "dmean2": 0.491951584816, "dvar": 0.104005143046, "dvar2": 0.230239957571, "max": 5.29063177109, "mean": 0.70129263401, "median": 0.762252569199, "min": -5.53059244156, "var": 0.592480182648}, "erbbands_spread": {"dmean": 5.51250839233, "dmean2": 8.30338573456, "dvar": 42.2579269409, "dvar2": 91.4000396729, "max": 119.207809448, "mean": 23.3890743256, "median": 19.9867134094, "min": 1.6945734024, "var": 202.971694946}, "gfcc": {"cov": [[54161.15625, 3263.15112305, -6241.13916016, 405.994873047, -3023.54956055, 717.751525879, -1072.11682129, -255.404632568, -861.186096191, -343.293823242, -669.82244873, -343.394866943, -703.902709961], [3263.15112305, 1096.48681641, -352.112457275, 40.5628356934, -146.642578125, 7.41662740707, 7.2781124115, -16.9904499054, -54.2668418884, -124.847633362, 27.7818565369, -14.5216846466, -85.4905700684], [-6241.13916016, -352.112457275, 1462.1348877, 233.199905396, 594.360717773, 34.9681396484, 146.205780029, 189.729782104, 89.4404144287, 106.112724304, 50.7347106934, 99.2076950073, 45.7298660278], [405.994873047, 40.5628356934, 233.199905396, 375.315063477, 168.65927124, 47.3468170166, -54.1338310242, 66.1048583984, 40.7368965149, 46.5412101746, -38.0597877502, 2.58940434456, 26.6745834351], [-3023.54956055, -146.642578125, 594.360717773, 168.65927124, 516.028320312, 91.8206558228, 94.6712799072, 123.000305176, 92.473777771, 95.1066055298, 0.448048889637, 29.4807262421, 52.2000846863], [717.751525879, 7.41662740707, 34.9681396484, 47.3468170166, 91.8206558228, 300.561645508, 167.038421631, 118.90851593, 9.13829803467, 42.8269729614, 8.59683704376, -0.798398971558, -34.9246902466], [-1072.11682129, 7.2781124115, 146.205780029, -54.1338310242, 94.6712799072, 167.038421631, 321.075317383, 113.165481567, -7.53256177902, 13.9317245483, 63.9622497559, 3.28414344788, -31.6492767334], [-255.404632568, -16.9904499054, 189.729782104, 66.1048583984, 123.000305176, 118.90851593, 113.165481567, 227.747756958, 47.037689209, 46.4503517151, 21.8045406342, 21.7831020355, -17.3106651306], [-861.186096191, -54.2668418884, 89.4404144287, 40.7368965149, 92.473777771, 9.13829803467, -7.53256177902, 47.037689209, 162.376434326, 44.7471046448, 13.3552980423, -2.19310998917, 37.4830284119], [-343.293823242, -124.847633362, 106.112724304, 46.5412101746, 95.1066055298, 42.8269729614, 13.9317245483, 46.4503517151, 44.7471046448, 119.081420898, 13.1396923065, -4.26769971848, 7.51000881195], [-669.82244873, 27.7818565369, 50.7347106934, -38.0597877502, 0.448048889637, 8.59683704376, 63.9622497559, 21.8045406342, 13.3552980423, 13.1396923065, 105.701477051, 23.0484752655, 5.57740116119], [-343.394866943, -14.5216846466, 99.2076950073, 2.58940434456, 29.4807262421, -0.798398971558, 3.28414344788, 21.7831020355, -2.19310998917, -4.26769971848, 23.0484752655, 93.7811050415, 28.5112934113], [-703.902709961, -85.4905700684, 45.7298660278, 26.6745834351, 52.2000846863, -34.9246902466, -31.6492767334, -17.3106651306, 37.4830284119, 7.51000881195, 5.57740116119, 28.5112934113, 104.086990356]], "icov": [[0.000110803375719, -0.000185092430911, 0.000328445836203, -0.000304624525597, 0.000383502803743, -0.000399282755097, 0.000310328206979, -0.000224807663471, 0.000314132921631, -0.000344258849509, 0.000412507215515, -0.000218492277781, 0.000211198232137], [-0.000185092430911, 0.00164777366444, -6.8690678745e-05, -0.000173898777575, -0.000974700727966, 0.00079961202573, -0.000583730987273, 0.000341229722835, -0.000626715831459, 0.00211379583925, -0.00167212961242, 0.00011472661572, 0.000944129307754], [0.000328445836203, -6.8690678745e-05, 0.00270998151973, -0.00157953170128, -0.000635859498288, -0.000257056672126, 0.000411977554904, -0.000982639845461, 0.000999823329039, -0.000591659743804, 0.000469599704957, -0.0018684057286, 0.00174266926479], [-0.000304624525597, -0.000173898777575, -0.00157953170128, 0.00506829610094, -0.00153403251898, 6.94551135894e-06, 0.000865532667376, -0.000296065903967, -0.000597414735239, -3.0206322208e-06, 0.000100375116745, 0.0014843653189, -0.00201882538386], [0.000383502803743, -0.000974700727966, -0.000635859498288, -0.00153403251898, 0.00640075933188, -0.00213209702633, 0.000247986783506, -0.000905699154828, 0.000107567655505, -0.00308003090322, 0.00314008863643, -0.000335467484547, -0.00142807560042], [-0.000399282755097, 0.00079961202573, -0.000257056672126, 6.94551135894e-06, -0.00213209702633, 0.00767498090863, -0.00426942156628, -0.000553854217287, -0.00111779849976, -2.58599884546e-05, -0.000379377277568, -0.000233226834098, 0.000810490280855], [0.000310328206979, -0.000583730987273, 0.000411977554904, 0.000865532667376, 0.000247986783506, -0.00426942156628, 0.0075995340012, -0.00234248908237, 0.00208006007597, 0.00039655456203, -0.00213166326284, 0.0011580560822, 0.000600006838795], [-0.000224807663471, 0.000341229722835, -0.000982639845461, -0.000296065903967, -0.000905699154828, -0.000553854217287, -0.00234248908237, 0.00794117897749, -0.00256235641427, -0.000315638346365, -0.000695159775205, -0.00158311263658, 0.00156076299027], [0.000314132921631, -0.000626715831459, 0.000999823329039, -0.000597414735239, 0.000107567655505, -0.00111779849976, 0.00208006007597, -0.00256235641427, 0.00938428938389, -0.00263491948135, -0.000210777361644, 0.00138960767072, -0.00245784828439], [-0.000344258849509, 0.00211379583925, -0.000591659743804, -3.0206322208e-06, -0.00308003090322, -2.58599884546e-05, 0.00039655456203, -0.000315638346365, -0.00263491948135, 0.0142140025273, -0.00456580892205, 0.00217022560537, 0.000846314418595], [0.000412507215515, -0.00167212961242, 0.000469599704957, 0.000100375116745, 0.00314008863643, -0.000379377277568, -0.00213166326284, -0.000695159775205, -0.000210777361644, -0.00456580892205, 0.0152236679569, -0.00375469960272, -0.000663557380904], [-0.000218492277781, 0.00011472661572, -0.0018684057286, 0.0014843653189, -0.000335467484547, -0.000233226834098, 0.0011580560822, -0.00158311263658, 0.00138960767072, 0.00217022560537, -0.00375469960272, 0.0149139063433, -0.00530505878851], [0.000211198232137, 0.000944129307754, 0.00174266926479, -0.00201882538386, -0.00142807560042, 0.000810490280855, 0.000600006838795, 0.00156076299027, -0.00245784828439, 0.000846314418595, -0.000663557380904, -0.00530505878851, 0.0153056848794]], "mean": [-72.8956985474, 78.4501647949, -150.679260254, 7.27537345886, -76.1470947266, 12.2418699265, -28.1707820892, -8.38239479065, -21.2921104431, -7.98313474655, -13.707906723, -3.03576016426, -15.2969398499]}, "hfc": {"dmean": 6.72108793259, "dmean2": 9.84524440765, "dvar": 71.1833953857, "dvar2": 153.073394775, "max": 130.895568848, "mean": 25.2455635071, "median": 22.2395477295, "min": 1.05535686251e-16, "var": 429.668548584}, "melbands": {"dmean": [8.44474416226e-05, 0.00020406585827, 0.000146877791849, 0.000164288547239, 0.000149351355503, 7.67144592828e-05, 0.00011797514162, 0.000281342829112, 0.000277379062027, 0.00018255172472, 0.000136204471346, 9.640265489e-05, 0.000160011812113, 0.000187120109331, 0.000179664959433, 8.56585538713e-05, 6.71250381856e-05, 3.4068361856e-05, 2.1010011551e-05, 1.7475515051e-05, 1.15712846309e-05, 1.17219178719e-05, 1.01788800748e-05, 3.56585314876e-06, 2.09538416129e-06, 2.38798747887e-06, 3.39931534654e-06, 3.56073655894e-06, 2.35807397075e-06, 1.92967354451e-06, 2.10096322917e-06, 2.33232890423e-06, 2.27916848416e-06, 1.81360985607e-06, 1.03813226815e-06, 7.54719224005e-07, 5.09783149027e-07, 3.93666880427e-07, 2.92201377761e-07, 2.32271275991e-07], "dmean2": [0.000134363348479, 0.00032120506512, 0.000237398635363, 0.000260444387095, 0.000226632124395, 0.000119316508062, 0.000180598828592, 0.000444870587671, 0.000440871313913, 0.000281793647446, 0.000207472199691, 0.000140097850817, 0.000249754142715, 0.000291888369247, 0.000281146232737, 0.000127877065097, 9.68225576798e-05, 5.10935715283e-05, 3.08205162582e-05, 2.67253744823e-05, 1.76892190211e-05, 1.79608668986e-05, 1.57893500727e-05, 5.67772440263e-06, 3.33190155288e-06, 3.83037831853e-06, 5.39398297406e-06, 5.62043624086e-06, 3.66285689779e-06, 3.01208069686e-06, 3.28135342897e-06, 3.56311352334e-06, 3.43423698723e-06, 2.77237745649e-06, 1.58619434387e-06, 1.15986210858e-06, 8.0333245478e-07, 6.10105757914e-07, 4.5120165737e-07, 3.5918955632e-07], "dvar": [5.97848099915e-08, 2.2953106793e-07, 8.7926515846e-08, 1.05430075337e-07, 1.02340649732e-07, 4.95151120106e-08, 7.1527892942e-08, 2.82200119273e-07, 3.15484300017e-07, 1.56241171112e-07, 1.08107592212e-07, 5.3336727035e-08, 9.52718437475e-08, 1.66744143826e-07, 1.36421306252e-07, 3.51212783301e-08, 2.30153922587e-08, 9.1515470757e-09, 3.67670960344e-09, 3.58813578849e-09, 9.28212562368e-10, 4.7238313261e-10, 3.52720630481e-10, 3.73602676573e-11, 1.84590606689e-11, 1.66618351061e-11, 3.84973199152e-11, 4.75468692196e-11, 2.48894949789e-11, 2.08898367354e-11, 2.24958714851e-11, 1.97363653198e-11, 1.74754741927e-11, 1.30077788818e-11, 5.51477917152e-12, 4.01712864362e-12, 2.04069855632e-12, 9.35546019994e-13, 5.35208596192e-13, 5.3935485635e-13], "dvar2": [1.49134990579e-07, 5.61229171581e-07, 2.20362906589e-07, 2.55864392784e-07, 2.22715655696e-07, 9.83831753842e-08, 1.59606685202e-07, 6.59583349716e-07, 7.58103396947e-07, 3.64612390058e-07, 2.37909702605e-07, 9.77739418317e-08, 2.29941775842e-07, 4.00037947657e-07, 3.23075653341e-07, 7.25822886238e-08, 4.82484416864e-08, 1.88198523432e-08, 7.08223035772e-09, 7.95744092841e-09, 2.2730650695e-09, 1.11265707758e-09, 8.15905842888e-10, 9.37120728239e-11, 4.61684128428e-11, 4.32103380854e-11, 9.42708133778e-11, 1.18108287039e-10, 6.0607026342e-11, 5.18930280691e-11, 5.41213324157e-11, 4.71951193404e-11, 4.0720836425e-11, 3.00904301476e-11, 1.23798263307e-11, 9.50805580102e-12, 5.18041685937e-12, 2.40169581271e-12, 1.34330296452e-12, 1.28410053857e-12], "max": [0.00360979977995, 0.00716088106856, 0.00481654051691, 0.00924405548722, 0.00556133128703, 0.00769295077771, 0.00631170533597, 0.0108593869954, 0.00932949781418, 0.00798610970378, 0.00829418282956, 0.00549787841737, 0.00673430366442, 0.00873063597828, 0.00803594477475, 0.00541565567255, 0.00426858151332, 0.00222299387679, 0.00169441860635, 0.00171708245762, 0.000885079498403, 0.000526877935044, 0.000420781288994, 0.000106656407297, 9.07676949282e-05, 6.42571030767e-05, 0.000133958659717, 0.000181588053238, 8.63868408487e-05, 8.39970743982e-05, 0.000104143560748, 7.06721984898e-05, 5.76491038373e-05, 5.86695532547e-05, 3.1224302802e-05, 4.05771788792e-05, 2.50455123023e-05, 2.03143536055e-05, 1.5953761249e-05, 1.65133478731e-05], "mean": [0.000114920119813, 0.000275853351923, 0.000223184804781, 0.000287195725832, 0.000284741458017, 0.000138766117743, 0.000215004358324, 0.000512434227858, 0.000534604652785, 0.000339458347298, 0.000246348412475, 0.000199716916541, 0.000332754192641, 0.000358191377018, 0.000383933394914, 0.000167120379047, 0.00011653805268, 5.29952958459e-05, 3.44443906215e-05, 2.95110530715e-05, 2.24629093282e-05, 2.44202747126e-05, 2.00496233447e-05, 7.32614671506e-06, 4.04700494983e-06, 4.90043612444e-06, 7.55613609726e-06, 8.0361687651e-06, 4.29494593845e-06, 3.3814692415e-06, 3.70521843251e-06, 4.48510490969e-06, 4.37195694758e-06, 3.29581143887e-06, 1.63416893884e-06, 1.01789328255e-06, 6.94318771366e-07, 5.78153901643e-07, 4.23395675853e-07, 2.65357073204e-07], "median": [9.08680340217e-06, 6.71906891512e-05, 9.60368051892e-05, 0.00013250351185, 0.000114100315841, 4.40755611635e-05, 5.79836851102e-05, 0.000117508985568, 0.00015112827532, 8.82751774043e-05, 7.72650091676e-05, 5.36287589057e-05, 9.82468845905e-05, 9.76829833235e-05, 0.000103484460851, 3.95941751776e-05, 1.94685817405e-05, 1.28798583319e-05, 9.25934000406e-06, 7.19147465134e-06, 7.42559495848e-06, 1.13798523671e-05, 9.40890549828e-06, 3.70536417904e-06, 2.27507553063e-06, 3.18867660098e-06, 3.99565305997e-06, 3.3102605812e-06, 1.53003657033e-06, 1.38463258281e-06, 1.65651681527e-06, 2.07329367186e-06, 2.12152826862e-06, 1.57754311658e-06, 7.01660837876e-07, 3.51087749095e-07, 2.46198368359e-07, 1.89130730632e-07, 1.32190137947e-07, 4.54692568042e-08], "min": [6.72721844526e-25, 1.07551471577e-24, 1.19449170357e-24, 1.38518531817e-24, 1.55333023125e-24, 2.13273535272e-24, 1.99450779225e-24, 1.94042920783e-24, 1.17860828507e-24, 1.91754888891e-24, 2.8247568765e-24, 9.69729355848e-25, 2.10675520488e-24, 1.98081868896e-24, 2.67321038572e-24, 2.46469334645e-24, 1.66523291167e-24, 3.48101953267e-24, 2.41966299661e-24, 3.65811801703e-24, 2.90690865396e-24, 2.28243196467e-24, 3.90272090678e-24, 4.93020237507e-24, 3.47480251988e-24, 3.20369686195e-24, 3.27752122647e-24, 3.95068207209e-24, 4.2248001926e-24, 4.33491728636e-24, 4.43610881341e-24, 4.53641642182e-24, 4.56287797202e-24, 5.62280568377e-24, 5.52301201825e-24, 5.8021547883e-24, 5.58969600829e-24, 6.80850937825e-24, 5.55682180779e-24, 6.51555404818e-24], "var": [8.15545746491e-08, 3.31435416001e-07, 1.3558945966e-07, 2.21377916887e-07, 2.62823704134e-07, 1.14996424827e-07, 2.45660174869e-07, 7.97642428552e-07, 1.00767420008e-06, 4.2506425757e-07, 2.38206112613e-07, 2.05013591881e-07, 3.9416920572e-07, 4.45589847686e-07, 5.29223427748e-07, 1.20093091027e-07, 7.7695581524e-08, 1.77795769218e-08, 8.37746316762e-09, 7.29007476608e-09, 2.45047471203e-09, 1.41492784156e-09, 9.91200233003e-10, 1.0229474906e-10, 3.5625270095e-11, 3.55493447179e-11, 1.11143226567e-10, 1.55533946833e-10, 5.05106304005e-11, 3.33755245663e-11, 3.79999504085e-11, 4.36907107715e-11, 3.56963104908e-11, 2.1826125976e-11, 7.66230828786e-12, 4.52884257873e-12, 2.03681993147e-12, 1.11364693509e-12, 6.66489270457e-13, 5.55157265644e-13]}, "melbands_crest": {"dmean": 3.14265561104, "dmean2": 5.10874032974, "dvar": 8.7809343338, "dvar2": 21.5495758057, "max": 39.9735374451, "mean": 12.7991113663, "median": 11.9411878586, "min": 1.57250738144, "var": 33.3533744812}, "melbands_flatness_db": {"dmean": 0.0212089978158, "dmean2": 0.0304171070457, "dvar": 0.000532835489139, "dvar2": 0.00100049877074, "max": 0.520623087883, "mean": 0.174512982368, "median": 0.171656146646, "min": 0.00273325317539, "var": 0.00411428930238}, "melbands_kurtosis": {"dmean": 6.31744146347, "dmean2": 9.52652072906, "dvar": 3877.11523438, "dvar2": 7780.08984375, "max": 3688.14160156, "mean": 18.3278980255, "median": 2.54655241966, "min": -1.93747484684, "var": 26267.6015625}, "melbands_skewness": {"dmean": 0.551134824753, "dmean2": 0.831499934196, "dvar": 0.912101984024, "dvar2": 1.78080785275, "max": 58.5448760986, "mean": 1.40364336967, "median": 0.9172950387, "min": -2.42625665665, "var": 13.2814502716}, "melbands_spread": {"dmean": 6.21529626846, "dmean2": 9.54456138611, "dvar": 71.2829284668, "dvar2": 148.938980103, "max": 216.397293091, "mean": 26.6189613342, "median": 21.1582336426, "min": 0.252304106951, "var": 539.744689941}, "mfcc": {"cov": [[19453.6015625, 2214.10742188, -900.42980957, -0.251137733459, -473.32333374, 437.898498535, -142.109893799, 240.870788574, -52.1293067932, 39.290309906, 31.4852924347, 2.15243887901, -91.1077957153], [2214.10742188, 1250.06787109, -70.1235809326, 37.3909301758, -113.635353088, 24.78282547, 34.9843215942, 127.578567505, -93.450378418, -58.2684440613, 11.084113121, 0.536267757416, 33.317035675], [-900.42980957, -70.1235809326, 485.944976807, 160.49307251, 154.046615601, 9.37827777863, 91.9680633545, 78.8011550903, 39.9360923767, 13.7962274551, 17.3541622162, 46.5122566223, 56.6039047241], [-0.251137733459, 37.3909301758, 160.49307251, 329.96786499, 199.409240723, 9.52494239807, -12.6146392822, -3.64587974548, 44.672039032, 21.8502597809, -40.7842903137, 3.44440126419, 21.9438247681], [-473.32333374, -113.635353088, 154.046615601, 199.409240723, 390.600708008, 50.3094100952, -21.3677330017, -5.09721803665, 110.897033691, 67.7037811279, 0.355622470379, 17.4299583435, 28.662984848], [437.898498535, 24.78282547, 9.37827777863, 9.52494239807, 50.3094100952, 189.374664307, 75.2709350586, 25.1492652893, 43.6292991638, 45.0753097534, 36.4794006348, 5.65490818024, -13.8322715759], [-142.109893799, 34.9843215942, 91.9680633545, -12.6146392822, -21.3677330017, 75.2709350586, 306.045928955, 142.221206665, 47.7664527893, 62.3928871155, 68.3025283813, 58.1397132874, 33.4066123962], [240.870788574, 127.578567505, 78.8011550903, -3.64587974548, -5.09721803665, 25.1492652893, 142.221206665, 206.891235352, 48.2282447815, 26.9701118469, 52.9111938477, 37.6526565552, 48.1273651123], [-52.1293067932, -93.450378418, 39.9360923767, 44.672039032, 110.897033691, 43.6292991638, 47.7664527893, 48.2282447815, 153.846389771, 69.2204589844, 31.0784111023, 26.0058269501, 19.2232475281], [39.290309906, -58.2684440613, 13.7962274551, 21.8502597809, 67.7037811279, 45.0753097534, 62.3928871155, 26.9701118469, 69.2204589844, 135.116546631, 57.4027366638, 34.8663635254, 4.35934972763], [31.4852924347, 11.084113121, 17.3541622162, -40.7842903137, 0.355622470379, 36.4794006348, 68.3025283813, 52.9111938477, 31.0784111023, 57.4027366638, 114.086006165, 49.7953109741, 15.9529018402], [2.15243887901, 0.536267757416, 46.5122566223, 3.44440126419, 17.4299583435, 5.65490818024, 58.1397132874, 37.6526565552, 26.0058269501, 34.8663635254, 49.7953109741, 110.404396057, 48.7023391724], [-91.1077957153, 33.317035675, 56.6039047241, 21.9438247681, 28.662984848, -13.8322715759, 33.4066123962, 48.1273651123, 19.2232475281, 4.35934972763, 15.9529018402, 48.7023391724, 93.947303772]], "icov": [[8.29923737911e-05, -0.000119599637401, 0.000132275585202, -9.99742696877e-05, 0.000130409840494, -0.000233680228121, 0.000169312086655, -0.000152065302245, -4.71940620628e-05, -8.62619563122e-05, 7.8984456195e-05, -0.000131428576424, 7.84341100371e-05], [-0.000119599637401, 0.00122100242879, 0.000167734746356, -0.000427487160778, 4.50716070191e-05, -4.34742942161e-05, -3.19197497447e-05, -0.000772065366618, 0.000915042415727, 0.000419679330662, -0.000370090361685, 0.000218753368245, -0.000420759432018], [0.000132275585202, 0.000167734746356, 0.0033394638449, -0.00143100519199, -0.000648413726594, -0.00016243068967, -0.000498154317029, -0.00112545618322, 0.000600488565397, 0.000808908836916, -0.000440317642642, -0.000607696652878, -0.000452014442999], [-9.99742696877e-05, -0.000427487160778, -0.00143100519199, 0.00561631703749, -0.00240887631662, 0.00047668980551, -0.000250645651249, 0.00062792818062, -0.000173241802258, -0.000843002460897, 0.0025280311238, -6.43574385322e-05, -0.000143768949783], [0.000130409840494, 4.50716070191e-05, -0.000648413726594, -0.00240887631662, 0.00548392580822, -0.00144692475442, 0.00151046272367, 0.000236395484535, -0.00245192972943, -0.00133411621209, 7.24044584786e-05, 7.00010496075e-05, -0.000965524406638], [-0.000233680228121, -4.34742942161e-05, -0.00016243068967, 0.00047668980551, -0.00144692475442, 0.00762601057068, -0.00237993011251, 0.00114787218627, -0.000931380724069, -0.000110534572741, -0.00165681086946, 0.0010945466347, 0.00150745897554], [0.000169312086655, -3.19197497447e-05, -0.000498154317029, -0.000250645651249, 0.00151046272367, -0.00237993011251, 0.00653989706188, -0.00370373693295, 2.09080226341e-05, -0.00185857107863, 0.000120514298033, -0.00164810824208, 0.000210673722904], [-0.000152065302245, -0.000772065366618, -0.00112545618322, 0.00062792818062, 0.000236395484535, 0.00114787218627, -0.00370373693295, 0.00979726109654, -0.00274227350019, 0.00101792439818, -0.00223098974675, 0.00157045177184, -0.00286869890988], [-4.71940620628e-05, 0.000915042415727, 0.000600488565397, -0.000173241802258, -0.00245192972943, -0.000931380724069, 2.09080226341e-05, -0.00274227350019, 0.0114512238652, -0.00338288862258, 0.000131140957819, -0.000242283364059, -0.00076610018732], [-8.62619563122e-05, 0.000419679330662, 0.000808908836916, -0.000843002460897, -0.00133411621209, -0.000110534572741, -0.00185857107863, 0.00101792439818, -0.00338288862258, 0.0132177518681, -0.0051856697537, -0.00120822142344, 0.00159299978986], [7.8984456195e-05, -0.000370090361685, -0.000440317642642, 0.0025280311238, 7.24044584786e-05, -0.00165681086946, 0.000120514298033, -0.00223098974675, 0.000131140957819, -0.0051856697537, 0.0159081686288, -0.00506837200373, 0.00085658300668], [-0.000131428576424, 0.000218753368245, -0.000607696652878, -6.43574385322e-05, 7.00010496075e-05, 0.0010945466347, -0.00164810824208, 0.00157045177184, -0.000242283364059, -0.00120822142344, -0.00506837200373, 0.0153473149985, -0.00689229881391], [7.84341100371e-05, -0.000420759432018, -0.000452014442999, -0.000143768949783, -0.000965524406638, 0.00150745897554, 0.000210673722904, -0.00286869890988, -0.00076610018732, 0.00159299978986, 0.00085658300668, -0.00689229881391, 0.0165970176458]], "mean": [-679.630981445, 104.97102356, -23.1122131348, -5.47812747955, -24.396944046, 7.37042188644, -7.87496185303, 3.57521724701, -8.35521793365, -6.99578905106, -2.46336007118, 1.10887908936, -0.649104177952]}, "pitch_salience": {"dmean": 0.0655914694071, "dmean2": 0.104518026114, "dvar": 0.00375309819356, "dvar2": 0.00887259282172, "max": 0.940579414368, "mean": 0.572035551071, "median": 0.570309519768, "min": 0.00323572102934, "var": 0.0160006396472}, "silence_rate_20dB": {"dmean": 0, "dmean2": 0, "dvar": 0, "dvar2": 0, "max": 1, "mean": 1, "median": 1, "min": 1, "var": 0}, "silence_rate_30dB": {"dmean": 0, "dmean2": 0, "dvar": 0, "dvar2": 0, "max": 1, "mean": 1, "median": 1, "min": 1, "var": 0}, "silence_rate_60dB": {"dmean": 0.0205345004797, "dmean2": 0.0410752035677, "dvar": 0.0201128274202, "dvar2": 0.04301295802, "max": 1, "mean": 0.158061593771, "median": 0, "min": 0, "var": 0.133081525564}, "spectral_centroid": {"dmean": 201.781417847, "dmean2": 304.181762695, "dvar": 76955.1953125, "dvar2": 151620.296875, "max": 11815.5751953, "mean": 1645.71899414, "median": 1306.04394531, "min": 295.485473633, "var": 2923079.75}, "spectral_complexity": {"dmean": 3.05239319801, "dmean2": 4.65810918808, "dvar": 14.8697919846, "dvar2": 31.6384048462, "max": 54, "mean": 16.3023853302, "median": 16, "min": 0, "var": 94.3023834229}, "spectral_contrast_coeffs": {"dmean": [0.0491681322455, 0.0513582415879, 0.0421758033335, 0.0351526103914, 0.0232294797897, 0.0183338988572], "dmean2": [0.0792931765318, 0.0819893926382, 0.0661258324981, 0.0539547652006, 0.0356848686934, 0.0279845800251], "dvar": [0.00175136059988, 0.00209024408832, 0.00137267704122, 0.0010335247498, 0.000459149974631, 0.000318623729981], "dvar2": [0.0042635044083, 0.00504831410944, 0.00307040568441, 0.00215934962034, 0.000992497080006, 0.000678775541019], "max": [-0.227034151554, -0.298291265965, -0.415601611137, -0.476100981236, -0.59046536684, -0.552343666553], "mean": [-0.614854872227, -0.682951390743, -0.714171469212, -0.739629209042, -0.777705192566, -0.734944880009], "median": [-0.617744207382, -0.681250691414, -0.705283582211, -0.739213466644, -0.771912932396, -0.728078603745], "min": [-0.980808079243, -0.977461278439, -0.979172587395, -0.969350278378, -0.967419981956, -0.965659856796], "var": [0.0161419995129, 0.0122252618894, 0.00946470722556, 0.00774211529642, 0.00368429720402, 0.00363563653082]}, "spectral_contrast_valleys": {"dmean": [0.475122451782, 0.394325405359, 0.317381888628, 0.303762614727, 0.279360085726, 0.323826014996], "dmean2": [0.769866228104, 0.639777839184, 0.506235420704, 0.463351070881, 0.406620979309, 0.440872371197], "dvar": [0.19249817729, 0.148189410567, 0.103706665337, 0.107707843184, 0.112917497754, 0.155576497316], "dvar2": [0.39638364315, 0.332383990288, 0.207923188806, 0.213143110275, 0.204188883305, 0.261205404997], "max": [-5.87360525131, -4.95842456818, -5.244348526, -5.72853803635, -5.8917222023, -7.98621988297], "mean": [-9.31239128113, -7.89493751526, -8.01091957092, -8.4994430542, -8.59955310822, -11.1197528839], "median": [-8.41650009155, -6.96609973907, -7.12967681885, -7.65774869919, -7.76496744156, -10.4582080841], "min": [-28.7436180115, -28.1414527893, -27.7779216766, -27.721988678, -27.5621452332, -27.4011383057], "var": [12.449848175, 13.3303833008, 13.1612615585, 12.5505533218, 12.3369836807, 9.5998840332]}, "spectral_decrease": {"dmean": 1.33890876164e-09, "dmean2": 2.02281547068e-09, "dvar": 2.34358837741e-18, "dvar2": 5.16896562106e-18, "max": 1.7012295311e-28, "mean": -5.59103741082e-09, "median": -5.35304689464e-09, "min": -2.67846242963e-08, "var": 1.68849284785e-17}, "spectral_energy": {"dmean": 0.00557172577828, "dmean2": 0.00839149393141, "dvar": 4.06513754569e-05, "dvar2": 8.91746167326e-05, "max": 0.11296389997, "mean": 0.0233916919678, "median": 0.0224025268108, "min": 9.79725319087e-21, "var": 0.000296988087939}, "spectral_energyband_high": {"dmean": 0.000332711962983, "dmean2": 0.000492189603392, "dvar": 4.50352615644e-07, "dvar2": 1.01881073533e-06, "max": 0.00818746909499, "mean": 0.000708230247255, "median": 0.000384135404602, "min": 6.96046151393e-21, "var": 8.79212052496e-07}, "spectral_energyband_low": {"dmean": 0.000869392126333, "dmean2": 0.00134777568746, "dvar": 3.59263094651e-06, "dvar2": 8.57248323882e-06, "max": 0.0288200974464, "mean": 0.00127619400155, "median": 0.000402863195632, "min": 1.23238871951e-23, "var": 5.78182380195e-06}, "spectral_energyband_middle_high": {"dmean": 0.00362897361629, "dmean2": 0.00534541206434, "dvar": 2.13690091186e-05, "dvar2": 4.65304474346e-05, "max": 0.0778641179204, "mean": 0.0117937019095, "median": 0.00893002096564, "min": 1.12987711893e-21, "var": 0.000135841590236}, "spectral_energyband_middle_low": {"dmean": 0.00348255690187, "dmean2": 0.00541624985635, "dvar": 1.87052319234e-05, "dvar2": 4.50514562544e-05, "max": 0.0552887432277, "mean": 0.010008812882, "median": 0.00852944608778, "min": 1.27826137558e-22, "var": 7.01601602486e-05}, "spectral_entropy": {"dmean": 0.165929943323, "dmean2": 0.235860988498, "dvar": 0.0333833731711, "dvar2": 0.0589594729245, "max": 9.82236671448, "mean": 7.51237487793, "median": 7.46283388138, "min": 5.62450838089, "var": 0.342113316059}, "spectral_flux": {"dmean": 0.0225538685918, "dmean2": 0.0355916358531, "dvar": 0.000510297424626, "dvar2": 0.00122810725588, "max": 0.239976242185, "mean": 0.0763369575143, "median": 0.075676009059, "min": 6.35101762847e-11, "var": 0.00207087839954}, "spectral_kurtosis": {"dmean": 1.43354225159, "dmean2": 2.4130821228, "dvar": 2.4253308773, "dvar2": 6.6360616684, "max": 39.4540672302, "mean": 3.82564640045, "median": 3.44246983528, "min": -1.30804026127, "var": 6.24133729935}, "spectral_rms": {"dmean": 0.000563938228879, "dmean2": 0.000830269418657, "dvar": 3.86778197026e-07, "dvar2": 7.58410635626e-07, "max": 0.0104980319738, "mean": 0.00427130935714, "median": 0.00467505306005, "min": 3.09164933238e-12, "var": 4.57716350866e-06}, "spectral_rolloff": {"dmean": 300.239196777, "dmean2": 491.451965332, "dvar": 413158.8125, "dvar2": 857868.9375, "max": 19875.1464844, "mean": 2043.12316895, "median": 1335.05859375, "min": 21.533203125, "var": 9294938}, "spectral_skewness": {"dmean": 0.200232297182, "dmean2": 0.320561945438, "dvar": 0.0386995188892, "dvar2": 0.0916183963418, "max": 4.83052062988, "mean": 1.46624994278, "median": 1.4794781208, "min": -0.316644519567, "var": 0.21483874321}, "spectral_spread": {"dmean": 421410.59375, "dmean2": 626324.3125, "dvar": 617924788224, "dvar2": 1366515384320.0, "max": 49566364, "mean": 5166925.5, "median": 3876448.75, "min