{"lowlevel": {"average_loudness": 0.460447311401, "barkbands": {"dmean": [2.66053575615e-05, 0.00147627468687, 0.00200541503727, 0.00261090020649, 0.000990576576442, 0.000684483384248, 0.000398244679673, 0.000552396290004, 0.000400452787289, 0.000191903222003, 0.000151943953824, 0.000191101556993, 0.000358536752174, 0.000741531141102, 0.00040029201773, 0.000205996839213, 0.000123228412122, 0.000201419272344, 8.18906119093e-05, 6.72127644066e-05, 5.97954822297e-05, 4.563002949e-05, 2.78555089608e-05, 2.71934368357e-05, 1.5828956748e-05, 9.54602001002e-06, 7.34781451683e-06], "dmean2": [3.98708834837e-05, 0.00241253408603, 0.00347987096757, 0.0041699972935, 0.00165058940183, 0.00108109193388, 0.000607726746239, 0.000826377887279, 0.00057905720314, 0.000275051075732, 0.000221560621867, 0.000269544078037, 0.000546613999177, 0.00110776722431, 0.000602357962634, 0.000321113649989, 0.000187259342056, 0.000293442164548, 0.000125251390273, 0.00010442094208, 8.6913787527e-05, 6.36502954876e-05, 3.92900074075e-05, 3.78094337066e-05, 2.1718618882e-05, 1.39975791171e-05, 1.14678841783e-05], "dvar": [8.27389623481e-09, 2.56317562162e-05, 3.88021508115e-05, 6.68503053021e-05, 4.81416100229e-06, 3.1919180401e-06, 1.29072213895e-06, 5.99225904807e-06, 3.89264187106e-06, 4.93148945679e-07, 3.18429329127e-07, 8.28357997307e-07, 2.67136920229e-06, 1.04740647657e-05, 2.5251219995e-06, 9.29744203404e-07, 3.07039840663e-07, 5.67858307932e-07, 1.25966963083e-07, 6.76406628486e-08, 2.9795693024e-08, 1.20618945942e-08, 8.79005135346e-09, 1.97773992738e-08, 5.46399414603e-09, 1.09121789382e-09, 9.96948634757e-10], "dvar2": [1.73889489474e-08, 6.38669007458e-05, 0.000110582819616, 0.000155358968186, 1.3035621123e-05, 7.99605459179e-06, 2.86157114715e-06, 1.31364067784e-05, 7.39086044632e-06, 9.8350301414e-07, 7.23162202121e-07, 1.79976120762e-06, 5.80708638154e-06, 2.35794068431e-05, 5.69649364479e-06, 2.25412350119e-06, 6.49538776543e-07, 1.17433910418e-06, 2.78809380916e-07, 1.50565000467e-07, 6.08080341635e-08, 2.41550601743e-08, 1.62199604858e-08, 3.31446052826e-08, 1.07340349942e-08, 2.52608489681e-09, 2.45442044466e-09], "max": [0.00137300719507, 0.0583035424352, 0.0910237878561, 0.176873371005, 0.0323920026422, 0.0325927063823, 0.0325627103448, 0.0624325498939, 0.0863467901945, 0.0339975208044, 0.0287090986967, 0.036995396018, 0.0582821182907, 0.0685532391071, 0.034186270088, 0.0287485159934, 0.0309344641864, 0.0199606586248, 0.0147156659514, 0.00938924495131, 0.00649886205792, 0.00651132315397, 0.0047026774846, 0.00781892705709, 0.00450489204377, 0.000913694209885, 0.00102325296029], "mean": [2.72738725471e-05, 0.00139717652928, 0.00185749540105, 0.00274610635825, 0.00147807272151, 0.00098556431476, 0.000605196401011, 0.000745775178075, 0.000683415215462, 0.000335931166774, 0.00023090360628, 0.000290821306407, 0.000489630736411, 0.00096958107315, 0.000532287696842, 0.000292971933959, 0.000186027347809, 0.000322171486914, 0.000137537557748, 0.000106756509922, 0.000107371590275, 7.84411749919e-05, 4.77045796288e-05, 4.85050404677e-05, 2.68651892839e-05, 1.12867592179e-05, 6.84231326886e-06], "median": [2.73815521723e-06, 0.000247359042987, 0.000247129763011, 0.000382076774258, 0.000742314907257, 0.000198980123969, 0.000130455184262, 5.05461466673e-05, 3.48907706211e-05, 2.64134832832e-05, 1.36419894261e-05, 1.70894782059e-05, 2.47233110713e-05, 3.20026665577e-05, 2.78347342828e-05, 2.2534513846e-05, 1.49304742081e-05, 1.92303614313e-05, 9.79563083092e-06, 1.05976751001e-05, 8.03198236099e-06, 9.00259146874e-06, 6.64256640448e-06, 6.21615572527e-06, 3.36657467415e-06, 8.53274514157e-07, 1.17122411325e-07], "min": [1.78349972744e-24, 7.69584694571e-24, 1.67950695532e-24, 7.9639989112e-24, 4.63381944437e-23, 2.59962547993e-23, 1.60306380925e-23, 3.32634497175e-23, 3.64949742395e-23, 5.58343631812e-23, 2.93949610352e-23, 6.78544198098e-23, 6.10773410166e-23, 4.17441872315e-23, 8.23743703361e-23, 8.63007898078e-23, 9.48965968843e-23, 1.72089653064e-22, 2.14783070312e-22, 1.90296928788e-22, 2.83761471761e-22, 3.93052861656e-22, 3.77867857211e-22, 6.9682948901e-22, 9.45384843256e-22, 1.30127596966e-21, 2.46691592734e-21], "var": [9.72599956128e-09, 2.19485900743e-05, 2.66957631538e-05, 7.51045736251e-05, 5.30536726728e-06, 4.65448601972e-06, 2.22659764404e-06, 8.31158649817e-06, 1.11426970761e-05, 1.23301913391e-06, 6.22075447154e-07, 1.70424823409e-06, 4.82151745018e-06, 1.58866587299e-05, 4.22847597292e-06, 1.49429013163e-06, 5.96181450874e-07, 1.41860527947e-06, 2.75187829857e-07, 1.30041584612e-07, 8.55109618669e-08, 3.18326200954e-08, 2.63100581321e-08, 5.68658329314e-08, 1.2069320654e-08, 1.34115685224e-09, 9.3373953014e-10]}, "barkbands_crest": {"dmean": 2.99658918381, "dmean2": 4.83104944229, "dvar": 6.67872810364, "dvar2": 16.896697998, "max": 25.5138988495, "mean": 11.1604652405, "median": 10.4304380417, "min": 2.7039835453, "var": 17.9048862457}, "barkbands_flatness_db": {"dmean": 0.0275725051761, "dmean2": 0.0414916574955, "dvar": 0.000729829538614, "dvar2": 0.00162876432296, "max": 0.454118698835, "mean": 0.169885024428, "median": 0.158673703671, "min": 0.0339982919395, "var": 0.00376963871531}, "barkbands_kurtosis": {"dmean": 7.05499076843, "dmean2": 11.1819753647, "dvar": 162.390853882, "dvar2": 410.249206543, "max": 243.876373291, "mean": 11.3018951416, "median": 4.74454498291, "min": -1.94942843914, "var": 363.854125977}, "barkbands_skewness": {"dmean": 0.83182913065, "dmean2": 1.24992871284, "dvar": 0.802133798599, "dvar2": 1.84964251518, "max": 13.2850046158, "mean": 2.16985225677, "median": 1.98260450363, "min": -4.08527565002, "var": 3.36960053444}, "barkbands_spread": {"dmean": 5.79808712006, "dmean2": 8.71025371552, "dvar": 65.8631820679, "dvar2": 131.237106323, "max": 117.876289368, "mean": 17.1876964569, "median": 13.5397815704, "min": 0.481850683689, "var": 238.798339844}, "dissonance": {"dmean": 0.0255538839847, "dmean2": 0.0418419092894, "dvar": 0.000685561448336, "dvar2": 0.00177399790846, "max": 0.500000178814, "mean": 0.446869313717, "median": 0.458203613758, "min": 0.202181562781, "var": 0.0017425211845}, "dynamic_complexity": 6.88485765457, "erbbands": {"dmean": [0.0343177840114, 0.390646219254, 1.92569732666, 6.47066307068, 4.68103313446, 3.27541899681, 5.43572473526, 4.94166469574, 5.41953420639, 7.49315595627, 12.2697305679, 9.26079845428, 5.55355024338, 5.75516414642, 5.57575702667, 8.18661212921, 14.5568466187, 33.195941925, 25.0849094391, 16.1602916718, 8.52113437653, 6.29065036774, 11.8143014908, 5.08746433258, 4.07468271255, 2.94248080254, 2.22867536545, 2.45731663704, 1.67829930782, 1.19873166084, 0.73050236702, 0.608841955662, 0.447915643454, 0.234251588583, 0.0850032269955, 0.0347499325871, 0.0186031740159, 0.0082541834563, 0.00132127164397, 5.15369574714e-05], "dmean2": [0.0552487522364, 0.658725976944, 3.35393571854, 10.2992181778, 7.68172550201, 5.34528207779, 8.49276256561, 7.72833395004, 8.20192813873, 11.2232503891, 18.0094604492, 13.1444196701, 8.00419521332, 7.94962310791, 8.16979122162, 11.6229581833, 21.3496952057, 49.1181983948, 37.3657302856, 23.7302074432, 12.3820228577, 9.00680828094, 17.2732753754, 7.39660787582, 5.98493909836, 4.48455858231, 3.27277636528, 3.51480460167, 2.36964845657, 1.648224473, 1.03314566612, 0.840533673763, 0.634958446026, 0.331926465034, 0.114613451064, 0.0493552498519, 0.0277529917657, 0.0127446381375, 0.00206563994288, 7.84501826274e-05], "dvar": [0.0144640412182, 1.88180029392, 38.1328926086, 342.707855225, 194.172241211, 44.8795928955, 186.087234497, 159.676101685, 204.978256226, 661.847229004, 3586.81982422, 2130.72094727, 534.977416992, 362.257629395, 577.670593262, 1552.88818359, 4452.0546875, 23046.0058594, 10224.3867188, 4543.87939453, 1621.51318359, 617.464538574, 2167.61962891, 431.542694092, 316.926269531, 101.977218628, 40.3894233704, 51.5801124573, 16.4011859894, 11.0420427322, 6.94906902313, 9.53081226349, 5.40506076813, 1.62385261059, 0.0899878442287, 0.0118457535282, 0.00460942415521, 0.00112905551214, 3.31037444994e-05, 4.39036753619e-08], "dvar2": [0.0352458171546, 4.91485738754, 108.775627136, 786.866210938, 494.926574707, 118.94606781, 437.609466553, 389.930267334, 444.816040039, 1421.21484375, 7897.3515625, 3954.02490234, 1127.96984863, 668.650817871, 1438.10302734, 3396.54833984, 9747.55078125, 50637.4335938, 23236.4316406, 10609.4326172, 3599.97924805, 1295.63842773, 4667.60595703, 929.139953613, 660.208007812, 222.041046143, 83.9982757568, 106.586685181, 35.1052055359, 21.9403343201, 12.9399232864, 15.551117897, 9.75178337097, 3.34603047371, 0.155954763293, 0.0256704241037, 0.0107650496066, 0.00273444177583, 8.26759278425e-05, 1.09779939805e-07], "max": [1.63195466995, 16.2537288666, 91.7034683228, 409.510650635, 285.68182373, 124.616828918, 333.140625, 380.380462646, 392.212738037, 696.707824707, 1926.22180176, 2202.62304688, 1171.83764648, 881.573425293, 1606.53271484, 1913.76098633, 2586.40625, 3956.8659668, 2415.17871094, 1993.98071289, 1534.29748535, 1394.66394043, 1267.65380859, 961.155822754, 811.370849609, 492.817810059, 234.808059692, 315.437316895, 195.967193604, 225.867141724, 128.404632568, 194.918960571, 146.866867065, 84.1492156982, 14.4421234131, 4.02679824829, 2.24946451187, 0.896848499775, 0.21345706284, 0.00895130820572], "mean": [0.0324278920889, 0.359690070152, 1.79372143745, 6.91617918015, 5.33686447144, 5.07996273041, 8.08690166473, 7.35225009918, 8.92428016663, 10.3702421188, 18.371881485, 16.0626792908, 9.32312393188, 10.5070543289, 9.75449752808, 13.7065572739, 23.1273593903, 46.5275382996, 34.4827842712, 24.3185195923, 13.6154165268, 10.895450592, 18.5066108704, 9.00474739075, 7.14968729019, 4.93282175064, 3.94145083427, 4.35393333435, 2.88939762115, 2.00035738945, 1.27052605152, 1.07002222538, 0.771954357624, 0.389647811651, 0.142431914806, 0.0489741750062, 0.0207745302469, 0.00802914984524, 0.00122838513926, 5.78385333938e-05], "median": [0.00561202690005, 0.0671817064285, 0.290707677603, 0.946071684361, 1.74445855618, 2.4580142498, 1.95063710213, 1.78034865856, 2.32620239258, 2.00613260269, 1.58179283142, 1.18051731586, 0.879119157791, 0.867247819901, 0.948886990547, 0.892158150673, 1.38021492958, 1.76818978786, 1.57955884933, 1.68681168556, 1.16533100605, 0.916170716286, 1.13509535789, 0.738362789154, 0.500688910484, 0.520231425762, 0.355384945869, 0.322686672211, 0.318062663078, 0.249220430851, 0.179414749146, 0.140636727214, 0.0903133451939, 0.0469663478434, 0.0171523205936, 0.00502772908658, 0.00126885296777, 0.000232219317695, 2.65350936388e-05, 1.01245386759e-05], "min": [2.4381262151e-22, 1.41044240399e-21, 3.94295187578e-21, 1.61953514417e-20, 8.41987533259e-20, 8.20996661992e-20, 1.16694776335e-19, 1.63533477855e-19, 2.76482431409e-19, 3.49954939861e-19, 8.92557349254e-19, 6.50913748993e-19, 1.7358062554e-18, 1.98456738294e-18, 1.49184567054e-18, 2.65271714605e-18, 2.91541564653e-18, 2.63086551581e-18, 3.22436243544e-18, 3.36035196212e-18, 4.41105973045e-18, 5.69739878845e-18, 9.79362654673e-18, 1.02289865924e-17, 1.00984756897e-17, 8.3532776256e-18, 1.3435103905e-17, 1.17881566998e-17, 1.51527841517e-17, 1.12934034318e-17, 1.07124827594e-17, 1.26241988982e-17, 1.11356576074e-17, 9.31726481249e-18, 6.64634948616e-18, 4.60629544812e-18, 2.36648452997e-18, 1.20139639789e-18, 3.26579849726e-19, 3.45885540827e-20], "var": [0.0130364913493, 1.45124912262, 25.548707962, 404.843658447, 183.253753662, 58.8280944824, 277.675476074, 258.519165039, 411.943481445, 963.998046875, 5580.28173828, 6125.45703125, 1534.03710938, 1067.27270508, 977.796142578, 3374.20581055, 9134.09472656, 37337.9921875, 15647.2099609, 8063.14306641, 3205.11865234, 1373.78100586, 4868.29931641, 959.826416016, 785.592041016, 233.76361084, 117.902183533, 138.932693481, 39.7406044006, 30.7133159637, 21.315372467, 29.6491680145, 13.2904415131, 3.25856351852, 0.238210365176, 0.019971722737, 0.00527621759102, 0.00111184630077, 3.00359297398e-05, 4.08922460338e-08]}, "erbbands_crest": {"dmean": 2.99493384361, "dmean2": 4.77864933014, "dvar": 8.04583263397, "dvar2": 19.5958366394, "max": 31.5289764404, "mean": 10.3153209686, "median": 9.32530975342, "min": 1.9388024807, "var": 22.3880081177}, "erbbands_flatness_db": {"dmean": 0.0224341899157, "dmean2": 0.0311001073569, "dvar": 0.000524243339896, "dvar2": 0.000956859264988, "max": 0.375276535749, "mean": 0.169387832284, "median": 0.170829415321, "min": 0.0209306646138, "var": 0.00304031232372}, "erbbands_kurtosis": {"dmean": 1.68338727951, "dmean2": 2.6040494442, "dvar": 7.45587015152, "dvar2": 17.8023452759, "max": 74.3131713867, "mean": 1.59904515743, "median": 0.200553417206, "min": -1.89194703102, "var": 18.2052726746}, "erbbands_skewness": {"dmean": 0.495636731386, "dmean2": 0.732320845127, "dvar": 0.251032620668, "dvar2": 0.537092924118, "max": 7.78537368774, "mean": 0.550342321396, "median": 0.446478188038, "min": -4.163834095, "var": 1.28151524067}, "erbbands_spread": {"dmean": 10.8563985825, "dmean2": 15.7449121475, "dvar": 164.210708618, "dvar2": 330.524230957, "max": 159.687957764, "mean": 40.4067993164, "median": 33.5200653076, "min": 3.03302574158, "var": 695.333312988}, "gfcc": {"cov": [[20103.5683594, -1005.70141602, -2739.05908203, 79.6785964966, -911.224609375, 692.106384277, -218.53263855, 179.159042358, -157.005645752, 167.455184937, -237.972381592, -217.098953247, -59.7634468079], [-1005.70141602, 1802.91210938, -93.3176574707, -349.096282959, 237.671524048, -181.206634521, 79.1499252319, -84.0932922363, 73.3687515259, -115.0467453, 132.497451782, -33.5998840332, 56.2174758911], [-2739.05908203, -93.3176574707, 1788.8692627, 286.216644287, 147.687469482, -78.874420166, 40.7972297668, -63.5693626404, 58.5998840332, 50.5490913391, -91.4122695923, 148.055892944, -99.6162185669], [79.6785964966, -349.096282959, 286.216644287, 605.744384766, 25.0930156708, -24.1129226685, -55.7714500427, 49.7640838623, 31.5373954773, 7.24239873886, -50.7946586609, 0.597116887569, -6.60325193405], [-911.224609375, 237.671524048, 147.687469482, 25.0930156708, 503.223236084, -22.8071060181, 96.8613510132, -7.40251207352, 31.2892246246, -17.5706272125, 19.0664825439, 32.4003829956, -17.6415309906], [692.106384277, -181.206634521, -78.874420166, -24.1129226685, -22.8071060181, 327.374420166, 78.2138977051, -2.43077683449, -28.9220581055, 42.3302574158, 27.9791736603, -23.9185619354, -27.3097038269], [-218.53263855, 79.1499252319, 40.7972297668, -55.7714500427, 96.8613510132, 78.2138977051, 223.372055054, -0.855414092541, -23.6231536865, 6.47579574585, 29.0800628662, -4.805996418, -35.9352989197], [179.159042358, -84.0932922363, -63.5693626404, 49.7640838623, -7.40251207352, -2.43077683449, -0.855414092541, 147.475448608, 43.3257522583, -6.10686063766, 1.60206389427, -6.84259986877, 26.3279304504], [-157.005645752, 73.3687515259, 58.5998840332, 31.5373954773, 31.2892246246, -28.9220581055, -23.6231536865, 43.3257522583, 125.98361969, 24.6944236755, -12.6240596771, -0.888022184372, 19.5650157928], [167.455184937, -115.0467453, 50.5490913391, 7.24239873886, -17.5706272125, 42.3302574158, 6.47579574585, -6.10686063766, 24.6944236755, 118.85446167, 10.7586603165, -6.13263082504, -7.74184465408], [-237.972381592, 132.497451782, -91.4122695923, -50.7946586609, 19.0664825439, 27.9791736603, 29.0800628662, 1.60206389427, -12.6240596771, 10.7586603165, 111.073364258, 16.1424865723, 8.7382144928], [-217.098953247, -33.5998840332, 148.055892944, 0.597116887569, 32.4003829956, -23.9185619354, -4.805996418, -6.84259986877, -0.888022184372, -6.13263082504, 16.1424865723, 119.34576416, 25.1740093231], [-59.7634468079, 56.2174758911, -99.6162185669, -6.60325193405, -17.6415309906, -27.3097038269, -35.9352989197, 26.3279304504, 19.5650157928, -7.74184465408, 8.7382144928, 25.1740093231, 97.0865097046]], "icov": [[9.77203599177e-05, -8.78732826095e-05, 0.000214450701606, -0.000112586269097, 0.000128641317133, -0.000213141524, 8.421340317e-05, -0.000177571550012, 0.000150201638462, -0.000299372681184, 0.000521135982126, -0.000357091223123, 0.000357707787771], [-8.78732826095e-05, 0.00119485741016, -0.000359201658284, 0.000642992847133, -0.000442467775429, 0.000751752580982, -0.000433595239883, 0.00117432442494, -0.00131977896672, 0.00160525518004, -0.00206558220088, 0.00155354570597, -0.00124162319116], [0.000214450701606, -0.000359201658284, 0.00138024881016, -0.000691381166689, 0.00027466379106, -0.000364817737136, -3.79985103791e-05, -0.000177629262907, 2.59175867541e-05, -0.00121389364358, 0.00206815265119, -0.00234525394626, 0.00201053381898], [-0.000112586269097, 0.000642992847133, -0.000691381166689, 0.00238310499117, -0.000500529014971, 0.00041830423288, 0.00037369603524, -0.000185837678146, -0.00055251759477, 0.000886749301571, -0.000884254171979, 0.00139123178087, -0.000872605596669], [0.000128641317133, -0.000442467775429, 0.00027466379106, -0.000500529014971, 0.00268178293481, -0.000159908799105, -0.00100025953725, -0.000113738897198, -0.0005090762279, -0.000153995046276, 0.000716148118954, -0.00136934022885, 0.00106702465564], [-0.000213141524, 0.000751752580982, -0.000364817737136, 0.00041830423288, -0.000159908799105, 0.00449129426852, -0.00158527377062, 0.000729185878299, -0.000237591477344, -3.34898650181e-05, -0.00237519782968, 0.0016466928646, -0.000630564696621], [8.421340317e-05, -0.000433595239883, -3.79985103791e-05, 0.00037369603524, -0.00100025953725, -0.00158527377062, 0.00633450364694, -0.00143196398858, 0.00166281696875, -0.00076181429904, -9.36433498282e-05, -0.00024782892433, 0.00207145721652], [-0.000177571550012, 0.00117432442494, -0.000177629262907, -0.000185837678146, -0.000113738897198, 0.000729185878299, -0.00143196398858, 0.00979280192405, -0.00456289527938, 0.0028825821355, -0.00279475492425, 0.00205968716182, -0.00311852246523], [0.000150201638462, -0.00131977896672, 2.59175867541e-05, -0.00055251759477, -0.0005090762279, -0.000237591477344, 0.00166281696875, -0.00456289527938, 0.0123032955453, -0.00471702544019, 0.00344163109548, -0.000757497211453, -0.000429684150731], [-0.000299372681184, 0.00160525518004, -0.00121389364358, 0.000886749301571, -0.000153995046276, -3.34898650181e-05, -0.00076181429904, 0.0028825821355, -0.00471702544019, 0.0125139364973, -0.00503348745406, 0.00325598893687, -0.00184284860734], [0.000521135982126, -0.00206558220088, 0.00206815265119, -0.000884254171979, 0.000716148118954, -0.00237519782968, -9.36433498282e-05, -0.00279475492425, 0.00344163109548, -0.00503348745406, 0.0159538835287, -0.00600893748924, 0.0027912100777], [-0.000357091223123, 0.00155354570597, -0.00234525394626, 0.00139123178087, -0.00136934022885, 0.0016466928646, -0.00024782892433, 0.00205968716182, -0.000757497211453, 0.00325598893687, -0.00600893748924, 0.0142474947497, -0.00660820072517], [0.000357707787771, -0.00124162319116, 0.00201053381898, -0.000872605596669, 0.00106702465564, -0.000630564696621, 0.00207145721652, -0.00311852246523, -0.000429684150731, -0.00184284860734, 0.0027912100777, -0.00660820072517, 0.0162736214697]], "mean": [-107.024261475, 96.9588623047, -97.5584335327, 32.0504226685, -50.9864349365, 4.27164268494, -43.8707504272, -4.00800228119, -21.0545291901, -0.647181034088, -16.2711696625, -5.75708866119, -13.4627180099]}, "hfc": {"dmean": 4.8681845665, "dmean2": 6.5485124588, "dvar": 92.3978881836, "dvar2": 171.948028564, "max": 161.180908203, "mean": 11.789689064, "median": 3.22267365456, "min": 1.14386134994e-16, "var": 394.844360352}, "melbands": {"dmean": [0.000357610813808, 0.000827428477351, 0.00104442809243, 0.000249022239586, 0.000174189277459, 0.000115241084131, 8.19154374767e-05, 9.01763196453e-05, 0.000102158941445, 5.38883614354e-05, 2.79258765659e-05, 2.41405177803e-05, 1.9823146431e-05, 1.90510854736e-05, 2.9376384191e-05, 3.78746517526e-05, 7.06986975274e-05, 4.76249006169e-05, 2.93620159937e-05, 1.79768139787e-05, 9.33933915803e-06, 6.18496960669e-06, 1.11151448436e-05, 9.7395877674e-06, 4.13595671489e-06, 3.19113087244e-06, 3.26552685692e-06, 1.83890108474e-06, 1.40968063533e-06, 1.4596521396e-06, 1.50098844642e-06, 1.01351918147e-06, 8.45115039283e-07, 6.26165217454e-07, 4.13043835579e-07, 4.54468533917e-07, 3.65952473658e-07, 3.38263248523e-07, 2.77223023204e-07, 1.82249806358e-07], "dmean2": [0.000577819009777, 0.00142738909926, 0.0016739978455, 0.000411575369071, 0.000271863129456, 0.000180571296369, 0.000123797857668, 0.000135068956297, 0.000148389081005, 7.71541162976e-05, 4.07937077398e-05, 3.34834512614e-05, 2.88809351332e-05, 2.65325943474e-05, 4.4180193072e-05, 5.71603159187e-05, 0.000105223582068, 7.25863283151e-05, 4.45290534117e-05, 2.75194997812e-05, 1.37822335091e-05, 9.18491514312e-06, 1.65936398844e-05, 1.43910365296e-05, 6.26949940852e-06, 4.78788933833e-06, 5.03250339534e-06, 2.88073943011e-06, 2.1184976049e-06, 2.15666386794e-06, 2.18107788896e-06, 1.48114111198e-06, 1.19750836802e-06, 9.0189388402e-07, 6.02976683695e-07, 6.55502333302e-07, 5.16999421052e-07, 4.85605653466e-07, 3.98776165866e-07, 2.62286960151e-07], "dvar": [1.50731420945e-06, 7.42398424336e-06, 9.00693339645e-06, 3.67506657994e-07, 1.57399369982e-07, 8.37305904611e-08, 4.69665906166e-08, 1.07904597257e-07, 2.549711553e-07, 7.28422193674e-08, 1.42809222226e-08, 6.58887699956e-09, 5.53889467625e-09, 7.45339434616e-09, 1.97150527015e-08, 3.17972030928e-08, 1.07799728255e-07, 4.48186057156e-08, 1.65070854763e-08, 7.00811941812e-09, 2.45877851413e-09, 7.77048425604e-10, 1.88177051719e-09, 1.66519353861e-09, 3.62273128163e-10, 2.1144969109e-10, 2.4822457978e-10, 4.04583935798e-11, 1.669998341e-11, 2.16572801359e-11, 1.90830476421e-11, 6.07973220379e-12, 5.69516656057e-12, 3.38634654172e-12, 1.97938952555e-12, 4.86161935362e-12, 3.67215719638e-12, 3.22577533261e-12, 1.92107397698e-12, 9.90929343789e-13], "dvar2": [3.68228165826e-06, 2.07665543712e-05, 2.11222231883e-05, 9.78278194452e-07, 3.69726649296e-07, 2.06650582868e-07, 1.01746408632e-07, 2.26740638709e-07, 5.4331701449e-07, 1.35572435056e-07, 3.00633899997e-08, 1.24902097554e-08, 1.30114612418e-08, 1.4115584257e-08, 4.65691343265e-08, 6.84654466454e-08, 2.39291097159e-07, 1.04081273378e-07, 3.84005360843e-08, 1.7173089617e-08, 5.36231237191e-09, 1.65191915702e-09, 4.297900702e-09, 3.55261020601e-09, 8.41820446684e-10, 4.39682124043e-10, 5.60846646902e-10, 9.98372357008e-11, 3.7151687976e-11, 4.57276889965e-11, 4.04789535224e-11, 1.38468264632e-11, 1.12122264598e-11, 7.38110093879e-12, 3.8734189467e-12, 9.52786287367e-12, 6.1372612721e-12, 6.05677530699e-12, 3.74167016814e-12, 2.11115803658e-12], "max": [0.0154205383733, 0.0399502888322, 0.0677550137043, 0.00966341793537, 0.00882151536644, 0.00742906611413, 0.00530067272484, 0.0080562857911, 0.0165114346892, 0.0119307599962, 0.00565113546327, 0.00352241494693, 0.0043555018492, 0.00396194821224, 0.00489028776065, 0.00726989144459, 0.00876723881811, 0.00575484335423, 0.00336060207337, 0.00265169772319, 0.00209479453042, 0.00140671944246, 0.00117010134272, 0.00117442477494, 0.000986797502264, 0.000677890260704, 0.000603595748544, 0.000304880668409, 0.000139158131788, 0.000213546314626, 0.000208772617043, 8.57699051267e-05, 0.000167822508956, 0.000107528205262, 6.93129404681e-05, 0.000127672450617, 0.000123962832731, 0.00010420329636, 9.11527968128e-05, 6.42036757199e-05], "mean": [0.000339597376296, 0.000778023095336, 0.00112891069148, 0.000344220316038, 0.000277475104667, 0.000170743427589, 0.000133312816615, 0.00012194916053, 0.00016096001491, 8.9845052571e-05, 4.4490545406e-05, 4.28030289186e-05, 3.24427965097e-05, 3.02504195133e-05, 4.52580861747e-05, 5.2499188314e-05, 9.29851084948e-05, 5.82817519899e-05, 3.92172478314e-05, 2.56099610851e-05, 1.36215312523e-05, 9.75871716946e-06, 1.65825731528e-05, 1.48628423631e-05, 6.38438314127e-06, 5.21595347891e-06, 4.8243987294e-06, 2.83647523247e-06, 2.32154093283e-06, 2.48426727012e-06, 2.5443521281e-06, 1.66918209743e-06, 1.3477979337e-06, 9.93952653516e-07, 6.87165936597e-07, 7.39480128686e-07, 6.20309435817e-07, 5.63949527077e-07, 4.4616817263e-07, 2.89094799655e-07], "median": [6.06847534073e-05, 0.000143178505823, 0.000195683329366, 0.000164835408214, 8.21925787022e-05, 3.88881016988e-05, 3.22062915075e-05, 1.81964824151e-05, 1.19557480502e-05, 5.44949489267e-06, 3.34677451974e-06, 3.09265851683e-06, 2.60115098172e-06, 2.14583519664e-06, 2.49776121564e-06, 2.59796934188e-06, 3.02209127767e-06, 2.22824382945e-06, 2.02163846552e-06, 1.85367571248e-06, 1.02613216768e-06, 7.8280930893e-07, 9.91949264062e-07, 8.86577254278e-07, 4.94779442306e-07, 3.34384822054e-07, 3.25865698869e-07, 3.14245653499e-07, 2.07159601473e-07, 1.468515336e-07, 1.92675813082e-07, 1.75596227336e-07, 1.47075695622e-07, 1.20940470083e-07, 9.04010022396e-08, 9.49720799781e-08, 7.36522665079e-08, 6.10502439713e-08, 4.94333569634e-08, 3.25676552393e-08], "min": [2.29039847374e-24, 2.32006595466e-24, 4.43576565892e-24, 5.24867853871e-24, 4.92533904759e-24, 4.30148023361e-24, 4.88917529711e-24, 4.98963002807e-24, 7.18676266028e-24, 4.51659589714e-24, 8.09676814585e-24, 8.09309047631e-24, 4.36188212983e-24, 5.01393759357e-24, 7.42048636928e-24, 5.08963786933e-24, 4.55640694602e-24, 4.8013238024e-24, 5.31739463444e-24, 5.57553358846e-24, 5.22210536469e-24, 4.83886450959e-24, 6.73850112836e-24, 7.74213730363e-24, 7.92925116605e-24, 7.34813835794e-24, 5.88606118962e-24, 4.74983642884e-24, 8.58607095523e-24, 6.61953853727e-24, 6.22777443452e-24, 8.17697557839e-24, 5.98097062285e-24, 6.39782089681e-24, 5.05137062125e-24, 8.39156941044e-24, 7.49270500743e-24, 7.62946666712e-24, 7.09483591013e-24, 7.10048494307e-24], "var": [1.34440483635e-06, 5.10788368047e-06, 1.0241164091e-05, 3.6400473391e-07, 2.5569340778e-07, 1.35670688906e-07, 9.44564746419e-08, 1.61646411811e-07, 4.57629539596e-07, 2.05762489713e-07, 3.890557565e-08, 1.86381274858e-08, 1.10132178932e-08, 1.69989107235e-08, 3.76492650389e-08, 5.76273535557e-08, 1.63645154316e-07, 5.82330095256e-08, 2.60660186768e-08, 1.07893871615e-08, 4.62606086771e-09, 1.57000934475e-09, 3.46175443866e-09, 3.60021723544e-09, 6.05482164406e-10, 4.84675244383e-10, 4.37700736766e-10, 7.36355490472e-11, 4.4233706975e-11, 5.51681512972e-11, 4.77338134297e-11, 1.32933950306e-11, 1.37334544778e-11, 8.31188937123e-12, 5.85459328586e-12, 1.2356343379e-11, 1.09094001194e-11, 7.63524226483e-12, 4.11437941009e-12, 1.88398125225e-12]}, "melbands_crest": {"dmean": 3.88656783104, "dmean2": 6.26797580719, "dvar": 11.2257947922, "dvar2": 27.3751506805, "max": 32.9880256653, "mean": 15.4745311737, "median": 14.7169313431, "min": 2.16240668297, "var": 32.1768074036}, "melbands_flatness_db": {"dmean": 0.0339421331882, "dmean2": 0.0498867370188, "dvar": 0.00117452070117, "dvar2": 0.0024535660632, "max": 0.606612086296, "mean": 0.24532315135, "median": 0.232200890779, "min": 0.0045721703209, "var": 0.00754933990538}, "melbands_kurtosis": {"dmean": 14.9070749283, "dmean2": 23.4174365997, "dvar": 766.041015625, "dvar2": 1917.43249512, "max": 846.576599121, "mean": 26.3622264862, "median": 13.2981481552, "min": -1.86560714245, "var": 1586.6315918}, "melbands_skewness": {"dmean": 1.07715511322, "dmean2": 1.59632945061, "dvar": 1.41268658638, "dvar2": 3.14138746262, "max": 21.4754600525, "mean": 3.2911503315, "median": 2.8763885498, "min": -1.58945810795, "var": 5.75109910965}, "melbands_spread": {"dmean": 6.9847240448, "dmean2": 10.410490036, "dvar": 151.600189209, "dvar2": 295.49798584, "max": 260.448181152, "mean": 18.7427043915, "median": 11.8389205933, "min": 0.457790493965, "var": 452.561126709}, "mfcc": {"cov": [[16806.65625, -900.269104004, -2038.17053223, -525.283874512, -645.104125977, 116.459671021, -70.8327407837, -64.2966003418, 31.9858188629, 232.598861694, 98.2126083374, -118.374443054, -315.372528076], [-900.269104004, 1954.2010498, -111.179092407, -143.280090332, 84.2256393433, -59.9153366089, 22.8843765259, 10.1105976105, -71.0300369263, -27.4625301361, -3.10248303413, -12.3711080551, 88.2927627563], [-2038.17053223, -111.179092407, 1309.57714844, 308.505828857, 100.357391357, 100.936569214, -81.3266143799, -2.57986712456, 58.0137557983, -101.688972473, 35.2112693787, 69.3427581787, 45.1887054443], [-525.283874512, -143.280090332, 308.505828857, 569.71295166, 184.864578247, -22.3292579651, -55.0227050781, 12.053894043, 74.877571106, -53.5230789185, -4.52948951721, 40.5295982361, 16.8996658325], [-645.104125977, 84.2256393433, 100.357391357, 184.864578247, 319.361236572, 26.8332843781, -24.221906662, 34.9167671204, 52.4522018433, -13.5550537109, -14.6674613953, 32.0467834473, 35.4981689453], [116.459671021, -59.9153366089, 100.936569214, -22.3292579651, 26.8332843781, 262.197753906, 100.806060791, 13.3141803741, -11.3795137405, 29.4892711639, 48.4551544189, -1.42105448246, 2.05920267105], [-70.8327407837, 22.8843765259, -81.3266143799, -55.0227050781, -24.221906662, 100.806060791, 228.697662354, 63.8208198547, -48.907409668, 59.6284332275, 22.1186504364, -14.3781843185, 11.309378624], [-64.2966003418, 10.1105976105, -2.57986712456, 12.053894043, 34.9167671204, 13.3141803741, 63.8208198547, 149.411102295, 10.4870862961, 13.2066011429, -13.8705244064, -4.87519741058, 35.5148468018], [31.9858188629, -71.0300369263, 58.0137557983, 74.877571106, 52.4522018433, -11.3795137405, -48.907409668, 10.4870862961, 141.235977173, 8.98362541199, 1.71562206745, 19.1736545563, -8.43253517151], [232.598861694, -27.4625301361, -101.688972473, -53.5230789185, -13.5550537109, 29.4892711639, 59.6284332275, 13.2066011429, 8.98362541199, 164.633804321, 33.4953613281, -23.4579029083, -16.3287506104], [98.2126083374, -3.10248303413, 35.2112693787, -4.52948951721, -14.6674613953, 48.4551544189, 22.1186504364, -13.8705244064, 1.71562206745, 33.4953613281, 109.366142273, 21.3448219299, -20.5009784698], [-118.374443054, -12.3711080551, 69.3427581787, 40.5295982361, 32.0467834473, -1.42105448246, -14.3781843185, -4.87519741058, 19.1736545563, -23.4579029083, 21.3448219299, 88.86302948, 20.6523513794], [-315.372528076, 88.2927627563, 45.1887054443, 16.8996658325, 35.4981689453, 2.05920267105, 11.309378624, 35.5148468018, -8.43253517151, -16.3287506104, -20.5009784698, 20.6523513794, 109.071281433]], "icov": [[9.11380848265e-05, 2.4224165827e-05, 0.000164222132298, -4.39985051344e-05, 0.000187005265616, -0.000183807409485, 0.000195077620447, -9.60652905633e-05, -4.49480648967e-05, -3.67506108887e-05, -3.50147493009e-05, -4.92203653266e-05, 0.000130111759063], [2.4224165827e-05, 0.000594412791543, 5.14238345204e-05, 0.000226928212214, -0.000303390523186, 0.000233789614867, -7.68583122408e-05, 9.85428268905e-05, 0.000177579640877, 0.000172086482053, -0.000325062253978, 0.000272054225206, -0.000470507686259], [0.000164222132298, 5.14238345204e-05, 0.00131245178636, -0.000573271536268, 0.000484926888021, -0.000941509031691, 0.000802697672043, -0.000273812649539, -0.00018042990996, 0.000361853017239, -0.000366149266483, -0.000362533755833, -0.000115796501632], [-4.39985051344e-05, 0.000226928212214, -0.000573271536268, 0.00270148622803, -0.00153414788656, 0.000788464618381, -0.000404146616347, 0.000179382725037, -0.000640808255412, 0.000591425283346, -0.000305631867377, 7.9711106082e-05, -5.7609169744e-05], [0.000187005265616, -0.000303390523186, 0.000484926888021, -0.00153414788656, 0.00498797278851, -0.00154317368288, 0.0011914994102, -0.00108499650378, -0.00088534358656, -0.000525082345121, 0.000951340713073, -0.00127585057635, -0.000268061819952], [-0.000183807409485, 0.000233789614867, -0.000941509031691, 0.000788464618381, -0.00154317368288, 0.00604204041883, -0.00314735714346, 0.000962583522778, -0.00015998078743, 0.000353712821379, -0.00205735629424, 0.00112344161607, -0.000610565242823], [0.000195077620447, -7.68583122408e-05, 0.000802697672043, -0.000404146616347, 0.0011914994102, -0.00314735714346, 0.00812135729939, -0.0034154211171, 0.00240639247932, -0.00208340841345, -0.000204417025088, -0.000624895037618, 0.000252020632615], [-9.60652905633e-05, 9.85428268905e-05, -0.000273812649539, 0.000179382725037, -0.00108499650378, 0.000962583522778, -0.0034154211171, 0.00911616068333, -0.00164099398535, 0.000138698567753, 0.000682564976159, 0.00124086660799, -0.00276389252394], [-4.49480648967e-05, 0.000177579640877, -0.00018042990996, -0.000640808255412, -0.00088534358656, -0.00015998078743, 0.00240639247932, -0.00164099398535, 0.00929926801473, -0.00171192991547, 0.00032345179352, -0.00183522119187, 0.00134724972304], [-3.67506108887e-05, 0.000172086482053, 0.000361853017239, 0.000591425283346, -0.000525082345121, 0.000353712821379, -0.00208340841345, 0.000138698567753, -0.00171192991547, 0.00823305919766, -0.00284277135506, 0.00252909446135, -6.50498113828e-05], [-3.50147493009e-05, -0.000325062253978, -0.000366149266483, -0.000305631867377, 0.000951340713073, -0.00205735629424, -0.000204417025088, 0.000682564976159, 0.00032345179352, -0.00284277135506, 0.0127040203661, -0.00454625068232, 0.00273719499819], [-4.92203653266e-05, 0.000272054225206, -0.000362533755833, 7.9711106082e-05, -0.00127585057635, 0.00112344161607, -0.000624895037618, 0.00124086660799, -0.00183522119187, 0.00252909446135, -0.00454625068232, 0.014912054874, -0.0036112444941], [0.000130111759063, -0.000470507686259, -0.000115796501632, -5.7609169744e-05, -0.000268061819952, -0.000610565242823, 0.000252020632615, -0.00276389252394, 0.00134724972304, -6.50498113828e-05, 0.00273719499819, -0.0036112444941, 0.012247575447]], "mean": [-752.22076416, 125.743377686, 13.0361480713, 26.3423671722, 12.3202104568, 7.47406101227, -7.23079824448, -5.29230928421, -5.71798563004, -2.42988848686, 0.196340873837, -3.29283070564, -5.99334096909]}, "pitch_salience": {"dmean": 0.0850976333022, "dmean2": 0.137224644423, "dvar": 0.00585201475769, "dvar2": 0.0149234142154, "max": 0.872152626514, "mean": 0.539225995541, "median": 0.544962048531, "min": 0.14610530436, "var": 0.0128343934193}, "silence_rate_20dB": {"dmean": 0, "dmean2": 0, "dvar": 0, "dvar2": 0, "max": 1, "mean": 1, "median": 1, "min": 1, "var": 0}, "silence_rate_30dB": {"dmean": 0.00559260044247, "dmean2": 0.0111860027537, "dvar": 0.00556090287864, "dvar2": 0.0149314869195, "max": 1, "mean": 0.996128499508, "median": 1, "min": 0, "var": 0.00385671108961}, "silence_rate_60dB": {"dmean": 0.0916326120496, "dmean2": 0.183278352022, "dvar": 0.0832504183054, "dvar2": 0.165172815323, "max": 1, "mean": 0.320045888424, "median": 0, "min": 0, "var": 0.217634394765}, "spectral_centroid": {"dmean": 253.303359985, "dmean2": 376.030700684, "dvar": 111659.492188, "dvar2": 220267.390625, "max": 11483.6611328, "mean": 1021.96044922, "median": 829.614257812, "min": 135.566131592, "var": 530508.1875}, "spectral_complexity": {"dmean": 2.39736151695, "dmean2": 3.55399394035, "dvar": 10.7101011276, "dvar2": 22.405790329, "max": 46, "mean": 8.99017810822, "median": 7, "min": 0, "var": 57.1354217529}, "spectral_contrast_coeffs": {"dmean": [0.0548615604639, 0.0501550473273, 0.0407062359154, 0.0374738164246, 0.0263310745358, 0.0195911712945], "dmean2": [0.0875512212515, 0.0781440585852, 0.061849437654, 0.0567412339151, 0.0399067215621, 0.0295689497143], "dvar": [0.0021125797648, 0.00183153455146, 0.00131952494849, 0.00123937649187, 0.00064257759368, 0.000355883326847], "dvar2": [0.00507964845747, 0.0041910004802, 0.00275145540945, 0.00254348339513, 0.00132250320166, 0.000737846305128], "max": [-0.302944153547, -0.327299654484, -0.420663297176, -0.456206530333, -0.49985191226, -0.580942571163], "mean": [-0.626682162285, -0.71602845192, -0.775261819363, -0.774728834629, -0.796970367432, -0.785341322422], "median": [-0.630536079407, -0.72447425127, -0.790857315063, -0.795121788979, -0.811047852039, -0.78985273838], "min": [-0.964215695858, -0.978491544724, -0.978761613369, -0.975896954536, -0.968059837818, -0.962023317814], "var": [0.0077908183448, 0.00877623911947, 0.00797454081476, 0.00828099157661, 0.00437149684876, 0.00228830426931]}, "spectral_contrast_valleys": {"dmean": [0.498898416758, 0.479915142059, 0.453811407089, 0.427641540766, 0.398868441582, 0.39783719182], "dmean2": [0.74449801445, 0.723087728024, 0.682824134827, 0.639043867588, 0.55757111311, 0.480473428965], "dvar": [0.222682192922, 0.213937312365, 0.229261666536, 0.222856208682, 0.232318371534, 0.245743125677], "dvar2": [0.437090784311, 0.444588720798, 0.480219423771, 0.467293232679, 0.443638116121, 0.382432222366], "max": [-5.26585578918, -4.68778944016, -5.43497943878, -5.81136083603, -5.72968959808, -7.48230838776], "mean": [-8.09779644012, -7.81262111664, -8.82133769989, -8.84058189392, -8.87537956238, -11.184261322], "median": [-7.89627122879, -7.6178445816, -8.68454742432, -8.66168498993, -8.75656604767, -10.9197597504], "min": [-27.5779094696, -27.4342365265, -27.6145648956, -27.4250297546, -27.2937145233, -27.3458061218], "var": [1.74259352684, 1.84805262089, 2.04825186729, 2.13944840431, 2.18013954163, 2.46005344391]}, "spectral_decrease": {"dmean": 2.0900672304e-09, "dmean2": 3.10515568813e-09, "dvar": 1.8684312663e-17, "dvar2": 4.38107443324e-17, "max": 1.17890649683e-28, "mean": -3.62415963906e-09, "median": -1.52628221173e-09, "min": -7.69881225438e-08, "var": 2.98126513763e-17}, "spectral_energy": {"dmean": 0.00826398190111, "dmean2": 0.0122054778039, "dvar": 0.000282725522993, "dvar2": 0.000657403608784, "max": 0.297692090273, "mean": 0.0147477360442, "median": 0.00612870184705, "min": 1.03550516125e-20, "var": 0.000480839167722}, "spectral_energyband_high": {"dmean": 0.000182477742783, "dmean2": 0.000244770460995, "dvar": 1.98242759097e-07, "dvar2": 3.66178596778e-07, "max": 0.0161381233484, "mean": 0.000370467198081, "median": 5.95747042098e-05, "min": 7.20866254972e-21, "var": 7.07725632765e-07}, "spectral_energyband_low": {"dmean": 0.00467782141641, "dmean2": 0.00738691352308, "dvar": 0.000148613253259, "dvar2": 0.000369298679288, "max": 0.181768447161, "mean": 0.00506624765694, "median": 0.000860497646499, "min": 1.36501603809e-23, "var": 0.000147443657625}, "spectral_energyband_middle_high": {"dmean": 0.00171334773768, "dmean2": 0.00236001890153, "dvar": 1.90609116544e-05, "dvar2": 3.69635781681e-05, "max": 0.0914665386081, "mean": 0.00380840967409, "median": 0.000440102390712, "min": 1.26284539266e-21, "var": 6.83286125422e-05}, "spectral_energyband_middle_low": {"dmean": 0.00438306294382, "dmean2": 0.00659833848476, "dvar": 0.000113250207505, "dvar2": 0.000256443716353, "max": 0.213520035148, "mean": 0.00734351808205, "median": 0.0032703904435, "min": 2.96072851567e-22, "var": 0.000166162863025}, "spectral_entropy": {"dmean": 0.246930196881, "dmean2": 0.35647213459, "dvar": 0.0680254921317, "dvar2": 0.136791095138, "max": 9.80606842041, "mean": 7.21814012527, "median": 7.27689361572, "min": 4.57810211182, "var": 0.389566928148}, "spectral_flux": {"dmean": 0.0271172765642, "dmean2": 0.0410189814866, "dvar": 0.00153708423022, "dvar2": 0.00334345805459, "max": 0.492300897837, "mean": 0.0656409785151, "median": 0.0456010252237, "min": 6.80146911014e-11, "var": 0.00378075870685}, "spectral_kurtosis": {"dmean": 2.66925382614, "dmean2": 4.10213899612, "dvar": 15.4387350082, "dvar2": 35.2403831482, "max": 78.7151107788, "mean": 6.7606754303, "median": 4.68306684494, "min": -1.23421168327, "var": 50.4962730408}, "spectral_rms": {"dmean": 0.000855317979585, "dmean2": 0.00117521290667, "dvar": 1.63571326084e-06, "dvar2": 3.39737016475e-06, "max": 0.0170420464128, "mean": 0.00302599580027, "median": 0.00244524469599, "min": 3.17844145101e-12, "var": 5.23145172338e-06}, "spectral_rolloff": {"dmean": 456.861053467, "dmean2": 753.407043457, "dvar": 1156833.875, "dvar2": 2457260, "max": 19229.1503906, "mean": 1204.79980469, "median": 559.86328125, "min": 21.533203125, "var": 2576563.25}, "spectral_skewness": {"dmean": 0.336701095104, "dmean2": 0.492032021284, "dvar": 0.143469542265, "dvar2": 0.299824893475, "max": 7.25537967682, "mean": 1.85070300102, "median": 1.68972492218, "min": -0.19117295742, "var": 0.720882415771}, "spectral_spread": {"dmean": 685439.1875, "dmean2": 952007.625, "dvar": 850506