{"lowlevel": {"average_loudness": 0.0138021996245, "barkbands": {"dmean": [0.00193135160953, 0.00470688473433, 0.00142528431024, 0.000490341335535, 0.000933465664275, 0.00100572546944, 0.000897271325812, 0.000475615874166, 0.000585106434301, 0.000483643758344, 0.000182619507541, 0.000190506267245, 0.000150011590449, 0.000138141622301, 9.71747067524e-05, 7.27135629859e-05, 4.61454583274e-05, 3.12820557156e-05, 1.29626714624e-05, 1.0891160855e-05, 6.79870208842e-06, 4.82461518914e-06, 2.75793968285e-06, 1.54954409481e-06, 1.54602287239e-06, 2.74685112345e-06, 0.00027309556026], "dmean2": [0.0031000059098, 0.00626339251176, 0.00250496529043, 0.000824801623821, 0.00136662786826, 0.00147077231668, 0.00135410041548, 0.000730858999304, 0.000898449390661, 0.000758025620598, 0.000285297282971, 0.000304905232042, 0.000232116057305, 0.000212282931898, 0.000150198407937, 0.000112052868644, 7.00925738784e-05, 4.66870042146e-05, 2.0017121642e-05, 1.6473371943e-05, 1.02314979813e-05, 7.19206991562e-06, 4.30255431638e-06, 2.59122066382e-06, 2.57345982391e-06, 4.37029257228e-06, 0.000372313923435], "dvar": [2.54026454058e-05, 0.000258782994933, 1.45776621139e-05, 1.06054142179e-06, 1.37835586429e-05, 2.64265272563e-05, 1.84047821676e-05, 9.28161171032e-06, 7.50114304537e-06, 6.23576579528e-06, 8.40043981043e-07, 4.78540243876e-07, 4.6131250997e-07, 8.45186093557e-07, 1.2772217417e-07, 7.89079237506e-08, 3.50574858032e-08, 1.89851245835e-08, 1.70333758209e-09, 1.14148546171e-09, 5.00643471124e-10, 1.90804608224e-10, 7.4718030374e-11, 2.29136761648e-11, 2.40461834472e-11, 6.45149350609e-11, 8.77764648521e-07], "dvar2": [5.89898954786e-05, 0.000426653394243, 4.4870088459e-05, 2.78227776107e-06, 2.12054401345e-05, 5.54909092898e-05, 4.09965468862e-05, 2.09200916288e-05, 1.7291675249e-05, 1.4498767996e-05, 1.74497870375e-06, 1.2113558796e-06, 1.01508771877e-06, 2.20574793275e-06, 3.04962725295e-07, 1.84624354915e-07, 7.71328174665e-08, 3.83468723442e-08, 3.78650710786e-09, 2.77038281205e-09, 1.07480879752e-09, 3.88185067424e-10, 1.7729598345e-10, 5.82733930554e-11, 6.04197247789e-11, 1.56734458745e-10, 1.58078785262e-06], "max": [0.140490293503, 0.420832037926, 0.10160817951, 0.0322261042893, 0.182347580791, 0.220312327147, 0.151297613978, 0.131276369095, 0.0618868842721, 0.107241004705, 0.0361004844308, 0.0225611459464, 0.0285886581987, 0.0558129027486, 0.0119634279981, 0.00993187446147, 0.00816923379898, 0.00717856734991, 0.00121728179511, 0.00097989058122, 0.000870976829901, 0.000549418560695, 0.000347768218489, 0.000171809195308, 0.00015956700372, 0.000314442033414, 0.0381834506989], "mean": [0.0038882358931, 0.0150924390182, 0.00217276182957, 0.000735741166864, 0.00178404920734, 0.00163038028404, 0.00156980066095, 0.00062703929143, 0.000921816506889, 0.000901114370208, 0.00030466626049, 0.00032020494109, 0.000277921441011, 0.000225402312935, 0.00016560711083, 0.000140784031828, 9.19611775316e-05, 5.6856260926e-05, 2.53619600699e-05, 2.14858191612e-05, 1.43157049024e-05, 1.02137955764e-05, 5.48482557861e-06, 1.86142301573e-06, 1.57646184107e-06, 5.04931813339e-06, 0.000746269302908], "median": [0.000693517038599, 0.000672362395562, 0.000738442467991, 0.000275885569863, 0.000364076171536, 0.000191957806237, 0.000110304208647, 3.35648364853e-05, 3.13116506732e-05, 2.31926824199e-05, 1.36426497193e-05, 1.93227006093e-05, 1.21558041428e-05, 1.00827110145e-05, 8.11687004898e-06, 7.54228130972e-06, 4.97152359458e-06, 3.88137868867e-06, 2.78563561551e-06, 2.31306921705e-06, 1.81681548383e-06, 1.77779099886e-06, 1.4991929902e-06, 5.14526391271e-07, 2.8800951668e-07, 1.70528346644e-06, 4.9897153076e-05], "min": [3.1534556914e-25, 3.12321845569e-24, 1.36110198637e-24, 2.11651208307e-25, 7.20385490951e-24, 1.09030516749e-23, 8.43421444211e-24, 5.44213129293e-24, 9.96428747616e-24, 9.95223289267e-24, 1.37905381789e-23, 1.83371490502e-23, 2.04828743783e-23, 3.42752048492e-23, 4.13705479969e-23, 5.13349277698e-23, 7.37539634211e-23, 8.38092073485e-23, 8.48465973042e-23, 1.65517091194e-22, 2.39232457229e-22, 3.12986534246e-22, 3.8039443354e-22, 5.32066006105e-22, 8.68391816958e-22, 1.23870761211e-21, 1.92238268775e-21], "var": [0.000106415995106, 0.00204022414982, 1.83200263564e-05, 2.03044533009e-06, 6.9728550443e-05, 6.13281663391e-05, 5.57627718081e-05, 1.23302252177e-05, 1.67818088812e-05, 2.5595743864e-05, 1.80843039743e-06, 1.00017393834e-06, 1.13307737593e-06, 1.3083582644e-06, 3.02659259432e-07, 3.13085536163e-07, 1.55842982963e-07, 6.391304197e-08, 4.87677764838e-09, 3.36983063676e-09, 1.68014735458e-09, 7.60680851641e-10, 1.96093571936e-10, 2.64273030542e-11, 2.57804975284e-11, 1.32380384432e-10, 5.07077493239e-06]}, "barkbands_crest": {"dmean": 2.73947930336, "dmean2": 4.55036449432, "dvar": 6.23040628433, "dvar2": 17.140750885, "max": 25.8757400513, "mean": 12.3759479523, "median": 11.5283203125, "min": 3.25492978096, "var": 24.9737014771}, "barkbands_flatness_db": {"dmean": 0.0296157486737, "dmean2": 0.0469975098968, "dvar": 0.000769316102378, "dvar2": 0.00190407969058, "max": 0.534157812595, "mean": 0.199934586883, "median": 0.189316928387, "min": 0.0498854517937, "var": 0.00544767361134}, "barkbands_kurtosis": {"dmean": 17.314786911, "dmean2": 27.062828064, "dvar": 1329.6796875, "dvar2": 3324.33935547, "max": 862.552368164, "mean": 42.6077194214, "median": 18.2405014038, "min": -1.79618418217, "var": 5311.38769531}, "barkbands_skewness": {"dmean": 0.976683139801, "dmean2": 1.50854384899, "dvar": 1.3061375618, "dvar2": 2.92981266975, "max": 25.7109737396, "mean": 4.2046546936, "median": 3.53452897072, "min": -2.18493485451, "var": 9.44292354584}, "barkbands_spread": {"dmean": 6.14586734772, "dmean2": 9.48051166534, "dvar": 76.397819519, "dvar2": 161.716400146, "max": 123.777084351, "mean": 19.6518764496, "median": 11.8791303635, "min": 0.221688270569, "var": 397.083679199}, "dissonance": {"dmean": 0.0259586069733, "dmean2": 0.0434741377831, "dvar": 0.000665312632918, "dvar2": 0.00183760758955, "max": 0.500000119209, "mean": 0.452003777027, "median": 0.460533797741, "min": 0.11776381731, "var": 0.00139696523547}, "dynamic_complexity": 8.06909561157, "erbbands": {"dmean": [0.248091354966, 0.697535693645, 1.45581102371, 1.70546555519, 1.62531208992, 3.4114010334, 5.64463853836, 9.4630651474, 14.0685091019, 10.7558288574, 10.4391298294, 13.2082509995, 11.3220968246, 13.3709249496, 7.50084066391, 6.87216091156, 6.74741315842, 6.43872976303, 5.75766324997, 4.35926580429, 3.59311246872, 2.20559644699, 1.82900130749, 0.874354183674, 0.587665677071, 0.487094908953, 0.336575001478, 0.246210038662, 0.181030333042, 0.125695735216, 0.071263961494, 0.0378476977348, 0.0235964339226, 0.0167821571231, 0.0113122109324, 0.00711736176163, 0.00528249284253, 0.00596523238346, 0.00787117145956, 0.00805871840566], "dmean2": [0.316473990679, 1.03344738483, 2.51062846184, 2.95877861977, 2.58777737617, 5.13835811615, 8.16235351562, 13.8718738556, 21.0096473694, 16.2363014221, 16.0490550995, 20.2739696503, 17.9687862396, 19.8263835907, 11.9554300308, 10.8653268814, 10.3115358353, 9.79284286499, 8.62937450409, 6.51961660385, 5.4399600029, 3.18255496025, 2.65705513954, 1.29740703106, 0.886448979378, 0.733166694641, 0.50310844183, 0.372071474791, 0.269808679819, 0.193702876568, 0.112486369908, 0.0622294321656, 0.0394715629518, 0.0279877502471, 0.0188030339777, 0.0117908427492, 0.00846016872674, 0.00846713967621, 0.0106568736956, 0.0104431314394], "dvar": [0.825778365135, 5.20945310593, 18.5999412537, 12.7287778854, 29.0905685425, 206.912155151, 703.101867676, 2585.24902344, 5065.17041016, 4115.56005859, 3209.53149414, 4061.3984375, 3891.71020508, 4540.95068359, 804.794189453, 747.430297852, 930.844177246, 2286.42529297, 492.020782471, 304.546722412, 206.581878662, 60.7210617065, 59.0084114075, 12.5578546524, 3.71165752411, 2.1103181839, 1.21241521835, 0.679764926434, 0.253382831812, 0.164025127888, 0.0409377664328, 0.0118304267526, 0.00571389729157, 0.00285906135105, 0.00127694872208, 0.000493838044349, 0.00020227303321, 0.000298690545605, 0.000523451017216, 0.000562167493626], "dvar2": [1.22206676006, 11.5611572266, 54.856918335, 40.0774536133, 61.3236045837, 333.812347412, 1194.2800293, 5606.23242188, 10788.7636719, 8866.78808594, 7349.86035156, 9534.91796875, 9329.46582031, 10295.0732422, 1758.49084473, 1896.28649902, 2067.63891602, 5963.62792969, 1019.97900391, 663.694030762, 455.92010498, 122.873687744, 109.19871521, 25.226480484, 8.84541893005, 5.14958572388, 2.54197192192, 1.54570019245, 0.516932725906, 0.356889128685, 0.0963637158275, 0.0299315471202, 0.0143709061667, 0.00718162721023, 0.00320846494287, 0.00124280923046, 0.000491929764394, 0.000600957835559, 0.000970297784079, 0.000888377195224], "max": [25.0365982056, 48.7723846436, 122.418281555, 60.4996147156, 310.410369873, 647.258728027, 1328.2800293, 2289.45751953, 2947.42944336, 2505.66601562, 1781.95288086, 1675.92333984, 1922.53942871, 1988.00878906, 1095.92260742, 940.060913086, 1160.07470703, 3231.32543945, 1374.59423828, 637.007568359, 569.859313965, 365.774078369, 459.586120605, 211.200195312, 85.3887405396, 43.8544502258, 42.7022705078, 45.7077903748, 16.7011241913, 17.4080924988, 7.34712266922, 3.81816720963, 2.54743289948, 1.76716005802, 1.14567196369, 0.684898853302, 0.433462828398, 0.758993387222, 0.64765816927, 1.12807285786], "mean": [0.852863371372, 1.72108256817, 2.35473299026, 2.77537870407, 2.78314495087, 6.04245996475, 10.7345647812, 15.5728502274, 26.1511859894, 15.6191005707, 15.7535152435, 20.8069705963, 20.9584140778, 25.3195419312, 13.4633722305, 12.1261148453, 13.0352153778, 11.4272556305, 10.1616077423, 8.21269035339, 7.70416355133, 4.82349443436, 3.47523736954, 1.74252295494, 1.18768239021, 0.969994366169, 0.70364522934, 0.518076181412, 0.38049313426, 0.258987724781, 0.137379065156, 0.0585097633302, 0.0242103803903, 0.0169844776392, 0.0116747952998, 0.0077451900579, 0.0102476431057, 0.0155862430111, 0.0236581321806, 0.0276917088777], "median": [0.0213876701891, 0.16591823101, 0.806887328625, 1.08344733715, 1.04781866074, 1.06007194519, 1.2839679718, 1.66944873333, 1.78881847858, 1.19366049767, 0.695195674896, 0.721990227699, 0.813220143318, 0.704137384892, 0.735045433044, 0.779831290245, 0.595400750637, 0.551245450974, 0.512501478195, 0.442236185074, 0.393124341965, 0.292777299881, 0.236379981041, 0.166285336018, 0.132644146681, 0.108471676707, 0.0783886760473, 0.0709267929196, 0.0647910237312, 0.0540459901094, 0.0404585972428, 0.0192718077451, 0.00476131215692, 0.00310716684908, 0.00217913137749, 0.00165066425689, 0.00368611305021, 0.00348033965565, 0.00288458308205, 0.00464611873031], "min": [7.88997157277e-23, 6.63278288078e-22, 2.27800047701e-21, 3.18819379352e-21, 1.04645334902e-20, 2.9245141809e-20, 2.08588777974e-20, 8.99428893699e-20, 1.34140286872e-19, 8.27749105354e-20, 1.62720630731e-19, 3.27508618458e-19, 5.99303107143e-19, 7.50997019643e-19, 8.33868936492e-19, 9.70858266038e-19, 1.57953177856e-18, 1.98861084857e-18, 2.1210741043e-18, 2.23892356014e-18, 4.22123625553e-18, 4.27059867217e-18, 5.01802211647e-18, 5.75486095765e-18, 5.64105620821e-18, 7.71660911583e-18, 8.49800031839e-18, 1.12938352201e-17, 1.09671187304e-17, 1.01650306418e-17, 1.16292999718e-17, 1.02111219727e-17, 9.88649163256e-18, 8.13454046596e-18, 6.03293591854e-18, 3.7662066821e-18, 2.3142602752e-18, 9.19606568875e-19, 2.54474334784e-19, 2.6338540612e-20], "var": [7.31232690811, 21.9575233459, 22.9012889862, 20.9645576477, 105.961860657, 822.290100098, 3470.2043457, 6102.74902344, 16815.0898438, 6334.75585938, 6001.42382812, 8564.56933594, 11206.6347656, 15501.3154297, 1971.16101074, 1524.23657227, 2218.09863281, 3178.91967773, 1629.40100098, 780.67578125, 997.938476562, 332.070709229, 212.543838501, 43.4953727722, 10.812953949, 6.51300668716, 3.95679140091, 2.32370615005, 1.00538432598, 0.557640612125, 0.104959957302, 0.0182241052389, 0.00607047323138, 0.00304600317031, 0.00137922074646, 0.000547369010746, 0.00044399528997, 0.00141667504795, 0.00330376415513, 0.00446586543694]}, "erbbands_crest": {"dmean": 2.76133704185, "dmean2": 4.54695081711, "dvar": 6.51464128494, "dvar2": 16.5224285126, "max": 32.3294639587, "mean": 10.0025510788, "median": 9.17963314056, "min": 2.52399468422, "var": 19.2810974121}, "erbbands_flatness_db": {"dmean": 0.0215018671006, "dmean2": 0.0339460112154, "dvar": 0.000361053069355, "dvar2": 0.000866264570504, "max": 0.367827028036, "mean": 0.141163051128, "median": 0.136170610785, "min": 0.0276885125786, "var": 0.00193393847439}, "erbbands_kurtosis": {"dmean": 2.30986070633, "dmean2": 3.64171028137, "dvar": 21.5329627991, "dvar2": 47.5868110657, "max": 196.423492432, "mean": 3.35006594658, "median": 1.09824204445, "min": -1.74851238728, "var": 61.7346420288}, "erbbands_skewness": {"dmean": 0.471583545208, "dmean2": 0.717399656773, "dvar": 0.223665192723, "dvar2": 0.502016305923, "max": 9.48898029327, "mean": 1.00596249104, "median": 0.909429252148, "min": -2.65194177628, "var": 1.59263956547}, "erbbands_spread": {"dmean": 7.17057275772, "dmean2": 11.2845401764, "dvar": 53.6368179321, "dvar2": 126.296890259, "max": 123.93473053, "mean": 31.9500312805, "median": 29.2631149292, "min": 0.998838245869, "var": 276.637268066}, "gfcc": {"cov": [[30047.734375, 2739.46557617, -2340.27270508, -1027.70996094, 395.998382568, -625.388916016, 183.071136475, -486.553405762, 154.101470947, -182.201980591, 200.568878174, -247.259368896, 163.90574646], [2739.46557617, 748.558837891, 10.1363744736, -108.003509521, 67.1678848267, -42.9975166321, 33.9385414124, -103.090576172, 50.0937194824, -40.5249290466, 38.4644737244, -29.0244255066, -1.96055591106], [-2340.27270508, 10.1363744736, 1179.16711426, 639.338745117, -56.1438560486, 230.973937988, -101.305541992, 146.790542603, -48.7356071472, 82.7693634033, 0.581563353539, 48.3826560974, -25.3610267639], [-1027.70996094, -108.003509521, 639.338745117, 603.054260254, 107.656066895, 100.599082947, -20.7248477936, 35.8998336792, -39.3141326904, 20.3229312897, -13.3368139267, 42.342464447, -35.3125457764], [395.998382568, 67.1678848267, -56.1438560486, 107.656066895, 348.026062012, 103.058204651, 80.2047958374, -18.8568630219, 17.4895801544, -7.16420507431, 37.4396743774, -24.7196884155, 38.3823127747], [-625.388916016, -42.9975166321, 230.973937988, 100.599082947, 103.058204651, 307.807128906, 23.8086605072, 115.452072144, -36.419418335, 56.8721885681, 9.0734500885, -15.0075330734, 44.1567802429], [183.071136475, 33.9385414124, -101.305541992, -20.7248477936, 80.2047958374, 23.8086605072, 181.768280029, 15.5032930374, 61.8408966064, -8.59816360474, -1.27981984615, 0.952550888062, 3.73018980026], [-486.553405762, -103.090576172, 146.790542603, 35.8998336792, -18.8568630219, 115.452072144, 15.5032930374, 233.597976685, 41.1295967102, 66.1361312866, 14.2358360291, -22.5861434937, 42.5978240967], [154.101470947, 50.0937194824, -48.7356071472, -39.3141326904, 17.4895801544, -36.419418335, 61.8408966064, 41.1295967102, 142.388259888, 46.3210411072, 13.2283096313, 1.44635057449, -1.42428040504], [-182.201980591, -40.5249290466, 82.7693634033, 20.3229312897, -7.16420507431, 56.8721885681, -8.59816360474, 66.1361312866, 46.3210411072, 111.013183594, 50.2624130249, 2.13613510132, 27.3953437805], [200.568878174, 38.4644737244, 0.581563353539, -13.3368139267, 37.4396743774, 9.0734500885, -1.27981984615, 14.2358360291, 13.2283096313, 50.2624130249, 96.3024597168, 37.5284957886, 28.1412906647], [-247.259368896, -29.0244255066, 48.3826560974, 42.342464447, -24.7196884155, -15.0075330734, 0.952550888062, -22.5861434937, 1.44635057449, 2.13613510132, 37.5284957886, 87.5590591431, 18.3499107361], [163.90574646, -1.96055591106, -25.3610267639, -35.3125457764, 38.3823127747, 44.1567802429, 3.73018980026, 42.5978240967, -1.42428040504, 27.3953437805, 28.1412906647, 18.3499107361, 96.1975860596]], "icov": [[9.57130614552e-05, -0.000482986099087, 0.000540873268619, -0.000547991134226, 0.000287810864393, -8.30171411508e-05, 0.000100412740721, -0.000128116109408, 7.48393722461e-05, -8.5855841462e-05, -0.000156004607561, 0.000224496674491, -0.000227007258218], [-0.000482986099087, 0.00491599272937, -0.0039930595085, 0.00364345451817, -0.00096698210109, -8.70435032994e-05, -0.000834893085994, 0.00301714683883, -0.00309183681384, 0.00422216206789, -0.00315495743416, 0.00261341873556, -0.000493773433845], [0.000540873268619, -0.0039930595085, 0.00762848556042, -0.00837003719062, 0.00503919925541, -0.00348373851739, 0.0021304350812, -0.00144918076694, -0.000766718352679, 0.000157459435286, -0.00233115744777, 0.00181577634066, -0.00163731339853], [-0.000547991134226, 0.00364345451817, -0.00837003719062, 0.0126057555899, -0.00897309929132, 0.00508158560842, -0.00177117716521, -0.00103675818536, 0.0044909119606, -0.00529238022864, 0.0083330059424, -0.00848662853241, 0.00595891522244], [0.000287810864393, -0.00096698210109, 0.00503919925541, -0.00897309929132, 0.0127031998709, -0.0072216023691, -0.000180924631422, 0.00488527584821, -0.00794520042837, 0.0109213972464, -0.0138425454497, 0.0131471129134, -0.00807160604745], [-8.30171411508e-05, -8.70435032994e-05, -0.00348373851739, 0.00508158560842, -0.0072216023691, 0.0102810217068, -0.00244639231823, -0.00478304363787, 0.00880204886198, -0.0100469700992, 0.0092306137085, -0.00677425926551, 0.00304507720284], [0.000100412740721, -0.000834893085994, 0.0021304350812, -0.00177117716521, -0.000180924631422, -0.00244639231823, 0.00874081719667, -0.000761378498282, -0.00468793557957, 0.0029578905087, -0.000168825034052, -0.00105156842619, 0.000254946324276], [-0.000128116109408, 0.00301714683883, -0.00144918076694, -0.00103675818536, 0.00488527584821, -0.00478304363787, -0.000761378498282, 0.0115226060152, -0.0081208832562, 0.00689611583948, -0.00888712517917, 0.0106873288751, -0.00683234911412], [7.48393722461e-05, -0.00309183681384, -0.000766718352679, 0.0044909119606, -0.00794520042837, 0.00880204886198, -0.00468793557957, -0.0081208832562, 0.0217713359743, -0.0194967649877, 0.0151309361681, -0.0134217133746, 0.0081720193848], [-8.5855841462e-05, 0.00422216206789, 0.000157459435286, -0.00529238022864, 0.0109213972464, -0.0100469700992, 0.0029578905087, 0.00689611583948, -0.0194967649877, 0.0360633954406, -0.027319887653, 0.0201949328184, -0.0110021466389], [-0.000156004607561, -0.00315495743416, -0.00233115744777, 0.0083330059424, -0.0138425454497, 0.0092306137085, -0.000168825034052, -0.00888712517917, 0.0151309361681, -0.027319887653, 0.038882073015, -0.0271211303771, 0.00967703480273], [0.000224496674491, 0.00261341873556, 0.00181577634066, -0.00848662853241, 0.0131471129134, -0.00677425926551, -0.00105156842619, 0.0106873288751, -0.0134217133746, 0.0201949328184, -0.0271211303771, 0.035760268569, -0.0146309919655], [-0.000227007258218, -0.000493773433845, -0.00163731339853, 0.00595891522244, -0.00807160604745, 0.00304507720284, 0.000254946324276, -0.00683234911412, 0.0081720193848, -0.0110021466389, 0.00967703480273, -0.0146309919655, 0.0205803345889]], "mean": [-126.906234741, 95.102684021, -55.8342170715, -0.2824395895, -13.9298200607, -15.2517499924, -2.2441163063, -21.5499801636, 2.79774665833, -9.74054718018, -4.05928993225, 0.222107633948, -8.44497966766]}, "hfc": {"dmean": 91.5038909912, "dmean2": 127.896133423, "dvar": 49468.0546875, "dvar2": 87913.96875, "max": 5341.95654297, "mean": 305.622711182, "median": 80.1847839355, "min": 1.07183516058e-16, "var": 340939.03125}, "melbands": {"dmean": [0.00168782938272, 0.000741477124393, 0.000279444589978, 0.000161615113029, 0.000199683679966, 0.000210682555917, 0.000204590513022, 0.000113993002742, 9.20019592741e-05, 8.08749755379e-05, 5.90276613366e-05, 5.99824961682e-05, 2.47005082201e-05, 2.42301575781e-05, 1.56254664034e-05, 1.48360359162e-05, 1.2464161955e-05, 1.02809053715e-05, 6.81196070218e-06, 5.5738669289e-06, 4.59175726064e-06, 2.60882416114e-06, 1.98888346858e-06, 1.49861614318e-06, 6.91689990617e-07, 4.92515425776e-07, 4.37626283656e-07, 3.29466416815e-07, 2.58963467559e-07, 1.74416186383e-07, 1.45901253745e-07, 1.13628523479e-07, 9.65274438158e-08, 6.76680684819e-08, 4.57515376695e-08, 3.24425819542e-08, 2.0410560353e-08, 1.66643072674e-08, 1.50629198004e-08, 1.38282318929e-08], "dmean2": [0.002206542762, 0.001224915497, 0.000477047637105, 0.000250247394433, 0.000281781394733, 0.000308267248329, 0.000304078188492, 0.000171655847225, 0.000142009332194, 0.000124400175991, 9.44226048887e-05, 8.98339276318e-05, 3.87132604374e-05, 3.88241314795e-05, 2.49355180131e-05, 2.27375367103e-05, 1.91833951249e-05, 1.5573363271e-05, 1.03534166556e-05, 8.5868896349e-06, 7.00840246282e-06, 3.88008083974e-06, 2.91378273687e-06, 2.24377299674e-06, 1.06089760266e-06, 7.71871270899e-07, 6.76310719427e-07, 5.02750140186e-07, 3.96349236098e-07, 2.68742581966e-07, 2.2378048925e-07, 1.71998593146e-07, 1.48770098463e-07, 1.06620433371e-07, 7.26714191046e-08, 5.20356451261e-08, 3.41199530851e-08, 2.788153175e-08, 2.51617571223e-08, 2.30468391038e-08], "dvar": [3.50598893419e-05, 4.64335153083e-06, 3.46299572129e-07, 2.99829252981e-07, 8.30990984468e-07, 1.23040240396e-06, 1.00090858268e-06, 4.9357277021e-07, 2.34644659258e-07, 1.49804023408e-07, 1.08352487871e-07, 9.34040613743e-08, 1.22494139276e-08, 7.66432339816e-09, 4.64620431018e-09, 5.14989073608e-09, 9.41160482881e-09, 1.81107917552e-09, 5.59845725334e-10, 5.48963041691e-10, 3.93862914505e-10, 9.17132272904e-11, 7.92296783736e-11, 4.39466484037e-11, 8.2358217468e-12, 2.08648701615e-12, 2.73070780397e-12, 9.1521722926e-13, 8.09539664037e-13, 3.50868504173e-13, 2.20123493543e-13, 1.12459602178e-13, 1.03601385825e-13, 6.15131995904e-14, 1.7572013587e-14, 7.26949594542e-15, 3.8590308622e-15, 2.85743324855e-15, 2.31932528738e-15, 1.93617311006e-15], "dvar2": [5.4546220781e-05, 1.2652132682e-05, 1.00313582152e-06, 5.69233407077e-07, 1.30501098283e-06, 2.59395028479e-06, 2.15657064473e-06, 1.05972912934e-06, 5.31835041784e-07, 3.57077880153e-07, 2.57875825582e-07, 2.12313537418e-07, 2.56127723475e-08, 1.94064835313e-08, 1.13662874668e-08, 1.15030545089e-08, 2.4261389342e-08, 3.72537378723e-09, 1.26733612493e-09, 1.20653798064e-09, 8.53800641298e-10, 1.93838264884e-10, 1.56046009447e-10, 8.91580906326e-11, 1.75050373502e-11, 4.89617938207e-12, 7.08547500186e-12, 2.21302815483e-12, 1.67837271858e-12, 7.92443964181e-13, 5.22547066381e-13, 2.40773574038e-13, 2.41734421109e-13, 1.48428185433e-13, 4.22134353026e-14, 1.77337562224e-14, 9.85965662955e-15, 7.18075569167e-15, 5.82545681276e-15, 4.86325660732e-15], "max": [0.162354871631, 0.0545473508537, 0.017146455124, 0.0244088266045, 0.0462751314044, 0.0496354177594, 0.0377902500331, 0.0261318627745, 0.0166748985648, 0.0102556617931, 0.0115688443184, 0.0103594996035, 0.00474531436339, 0.00306339305826, 0.00233845948242, 0.00362158473581, 0.00661022076383, 0.00294386502355, 0.000724486599211, 0.00081383716315, 0.000853084085975, 0.000435560097685, 0.00057112169452, 0.000299229286611, 0.00017025640409, 4.5416305511e-05, 5.88138136663e-05, 2.03343824978e-05, 3.09208771796e-05, 2.5436269425e-05, 2.26157462748e-05, 1.19922042359e-05, 1.50783635036e-05, 1.1655646631e-05, 4.63680316898e-06, 2.75501452052e-06, 2.22382959691e-06, 1.79661640232e-06, 1.60639910973e-06, 1.44891703258e-06], "mean": [0.00563678191975, 0.00150356686208, 0.000487024430186, 0.000280899344943, 0.000383495469578, 0.000349196605384, 0.00037838020944, 0.000155080779223, 0.000140509189805, 0.000124526050058, 0.000108766100311, 0.000112398767669, 4.23771743954e-05, 3.96229734179e-05, 2.81407501461e-05, 2.68146213784e-05, 2.03870058613e-05, 1.69617196661e-05, 1.1984793673e-05, 9.97106053546e-06, 9.00600116438e-06, 5.23773496752e-06, 3.64260790775e-06, 2.60534329755e-06, 1.27492126012e-06, 9.24215726172e-07, 7.83064251664e-07, 6.10784809396e-07, 4.79413017729e-07, 3.45084998798e-07, 2.80164215383e-07, 2.22691895146e-07, 1.79134843847e-07, 1.2896815349e-07, 8.23509722636e-08, 5.86072133046e-08, 2.53429615071e-08, 1.64307571993e-08, 1.50368126839e-08, 1.39804434696e-08], "median": [0.000240126188146, 0.000429441657616, 0.000205657881452, 7.83744908404e-05, 4.51731029898e-05, 3.84470295103e-05, 2.63722140517e-05, 1.1287430425e-05, 4.8342003538e-06, 4.40870917373e-06, 3.90241939385e-06, 2.79747177956e-06, 2.08440496863e-06, 2.336209036e-06, 1.54978408773e-06, 1.08628069029e-06, 9.31634588142e-07, 7.84694520917e-07, 5.99885652264e-07, 5.63128594422e-07, 3.98680015223e-07, 2.84999572386e-07, 2.44311991082e-07, 1.75317694584e-07, 1.24071135588e-07, 1.03785275485e-07, 8.30738926538e-08, 6.49394067409e-08, 4.82790802891e-08, 4.26252562136e-08, 3.91507022357e-08, 3.65541694691e-08, 3.22515312234e-08, 2.85968724256e-08, 2.35273756033e-08, 1.99598808592e-08, 7.55123608087e-09, 2.85668422251e-09, 2.69407318676e-09, 2.5311723828e-09], "min": [9.568049546e-25, 1.24014712707e-24, 4.87551686079e-25, 1.21277187872e-24, 7.76641597711e-25, 2.15955110147e-24, 1.79159797628e-24, 8.09312025581e-25, 1.4287883228e-24, 1.69441701808e-24, 2.54784461067e-24, 2.31347344408e-24, 2.24188234478e-24, 2.17910006078e-24, 3.47281814027e-24, 2.57261464588e-24, 3.30329390389e-24, 3.27231237792e-24, 3.10310053046e-24, 2.41463361391e-24, 4.03131509509e-24, 3.63405499841e-24, 3.38623118959e-24, 3.85367900202e-24, 3.8443945036e-24, 3.63285198553e-24, 4.86395028637e-24, 4.74952403992e-24, 4.77542786546e-24, 5.18183243775e-24, 5.60908739263e-24, 4.99495365589e-24, 4.59904882225e-24, 5.90863128898e-24, 5.98353599851e-24, 5.85329466863e-24, 5.67385011194e-24, 6.22402537306e-24, 5.83575158539e-24, 6.58544515223e-24], "var": [0.000295930280117, 9.51913352765e-06, 7.23375137568e-07, 1.03682054942e-06, 4.51733467344e-06, 3.02059061141e-06, 3.33046796186e-06, 7.10261474524e-07, 5.05196396716e-07, 2.94333403872e-07, 3.37952371865e-07, 3.45849883843e-07, 2.72056404071e-08, 1.49717997999e-08, 1.05301234399e-08, 1.14409717256e-08, 1.28079324924e-08, 5.796028546e-09, 1.38208644529e-09, 1.50188705916e-09, 1.6302292849e-09, 4.45888048706e-10, 2.37017988569e-10, 1.37593186844e-10, 2.42181413812e-11, 5.92347438461e-12, 6.02473626543e-12, 2.62430897326e-12, 2.20988895586e-12, 1.10950788487e-12, 6.52932027022e-13, 3.7586494789e-13, 2.81031789636e-13, 1.56249660562e-13, 4.06823758166e-14, 1.64014818166e-14, 4.56249511302e-15, 2.9929403089e-15, 2.4506975564e-15, 2.06401325169e-15]}, "melbands_crest": {"dmean": 3.3847591877, "dmean2": 5.50900888443, "dvar": 10.1414051056, "dvar2": 25.2804546356, "max": 38.915561676, "mean": 19.006269455, "median": 17.809879303, "min": 1.58521580696, "var": 64.6476974487}, "melbands_flatness_db": {"dmean": 0.0354104563594, "dmean2": 0.0557081587613, "dvar": 0.00103420880623, "dvar2": 0.00251597864553, "max": 0.69237023592, "mean": 0.31776073575, "median": 0.311644107103, "min": 0.00303374184296, "var": 0.00944699067622}, "melbands_kurtosis": {"dmean": 19.9394207001, "dmean2": 30.7933330536, "dvar": 1478.6463623, "dvar2": 3354.7265625, "max": 1090.12390137, "mean": 48.9397277832, "median": 19.1064605713, "min": -1.72095775604, "var": 6458.89550781}, "melbands_skewness": {"dmean": 1.00952756405, "dmean2": 1.55448353291, "dvar": 1.23675096035, "dvar2": 2.67687249184, "max": 23.7045879364, "mean": 3.99847245216, "median": 3.26052474976, "min": -1.88891100883, "var": 9.39018249512}, "melbands_spread": {"dmean": 3.12602877617, "dmean2": 4.93513917923, "dvar": 25.5624389648, "dvar2": 61.0270423889, "max": 171.903579712, "mean": 11.0156850815, "median": 5.82757568359, "min": 0.126539215446, "var": 334.241699219}, "mfcc": {"cov": [[13058.6357422, 2640.06738281, -2209.37475586, -254.631835938, -375.903076172, 22.6898784637, -79.662902832, -35.9377059937, 28.7877788544, -28.5476112366, 113.851020813, 95.1403961182, 80.8762054443], [2640.06738281, 1287.01025391, -152.743408203, -6.7451839447, -28.2504920959, 95.3595504761, -40.7800979614, 19.7675476074, -31.6268520355, 12.1128101349, 14.1991300583, 31.7431163788, 26.3371543884], [-2209.37475586, -152.743408203, 1240.24780273, 352.352203369, 223.111999512, 63.0965461731, 55.9202041626, 43.8935470581, 5.01153993607, 39.2834701538, 17.2323188782, 13.0458965302, 8.20126056671], [-254.631835938, -6.7451839447, 352.352203369, 476.935058594, 152.288253784, 99.0483474731, 15.6590251923, 47.0661506653, -30.423122406, -2.50539040565, -2.88383150101, -13.0794448853, 4.41283988953], [-375.903076172, -28.2504920959, 223.111999512, 152.288253784, 296.492279053, 119.728012085, 101.677429199, 26.3622379303, 17.9016075134, 16.99061203, 18.7954692841, 6.58108901978, 3.25058412552], [22.6898784637, 95.3595504761, 63.0965461731, 99.0483474731, 119.728012085, 217.374862671, 90.5794448853, 29.1412811279, 3.42592120171, 7.83647489548, -15.5930128098, -7.31707811356, 7.37924575806], [-79.662902832, -40.7800979614, 55.9202041626, 15.6590251923, 101.677429199, 90.5794448853, 172.888504028, 51.7151565552, 38.53332901, 14.3730745316, 6.76824045181, 6.73620843887, 2.00457644463], [-35.9377059937, 19.7675476074, 43.8935470581, 47.0661506653, 26.3622379303, 29.1412811279, 51.7151565552, 108.54070282, 44.4869651794, 16.2923526764, 7.96183395386, 1.86473202705, -1.66782712936], [28.7877788544, -31.6268520355, 5.01153993607, -30.423122406, 17.9016075134, 3.42592120171, 38.53332901, 44.4869651794, 138.622161865, 70.9977874756, 23.4117183685, 19.2514362335, 10.061091423], [-28.5476112366, 12.1128101349, 39.2834701538, -2.50539040565, 16.99061203, 7.83647489548, 14.3730745316, 16.2923526764, 70.9977874756, 99.2751312256, 46.3603935242, 20.5272674561, 11.3791980743], [113.851020813, 14.1991300583, 17.2323188782, -2.88383150101, 18.7954692841, -15.5930128098, 6.76824045181, 7.96183395386, 23.4117183685, 46.3603935242, 89.5539550781, 41.8299789429, 7.81474256516], [95.1403961182, 31.7431163788, 13.0458965302, -13.0794448853, 6.58108901978, -7.31707811356, 6.73620843887, 1.86473202705, 19.2514362335, 20.5272674561, 41.8299789429, 72.747833252, 34.6389465332], [80.8762054443, 26.3371543884, 8.20126056671, 4.41283988953, 3.25058412552, 7.37924575806, 2.00457644463, -1.66782712936, 10.061091423, 11.3791980743, 7.81474256516, 34.6389465332, 63.5783920288]], "icov": [[0.000265823677182, -0.000530874065589, 0.000466336321551, -0.000353762326995, 0.000155317902681, 0.000202790790354, -0.000348668254446, 0.000384242797736, -0.000485942902742, 0.000481630966533, -0.000541133631486, 0.000162514828844, -0.000195570566575], [-0.000530874065589, 0.00195931573398, -0.000821366265882, 0.000800949404947, -0.000222470363951, -0.00110557489097, 0.00126967672259, -0.00125937769189, 0.00144511007238, -0.00129513524007, 0.00106722628698, -0.000818485743366, 0.000298521772493], [0.000466336321551, -0.000821366265882, 0.00195219763555, -0.00132604374085, -0.000302066211589, 0.000705028651282, -0.000706720922608, 0.000550266937353, -0.000539699976798, 0.000121952856716, -0.000504958676174, -0.000190139486222, -0.000213179155253], [-0.000353762326995, 0.000800949404947, -0.00132604374085, 0.00394202908501, -0.00141518819146, -0.00138899730518, 0.00197791564278, -0.00235729897395, 0.00184092193376, -0.000741856754757, 0.000502352311742, 0.000545472081285, -0.00039244274376], [0.000155317902681, -0.000222470363951, -0.000302066211589, -0.00141518819146, 0.0061474526301, -0.00185559736565, -0.00262420088984, 0.00154580094386, -0.00116820994299, 0.00113117473666, -0.0021392791532, 0.000311614247039, 0.000131714652525], [0.000202790790354, -0.00110557489097, 0.000705028651282, -0.00138899730518, -0.00185559736565, 0.00829782895744, -0.00376539072022, 0.000335796939908, 0.000764271127991, -0.00157641689293, 0.00224804482423, 0.00059839442838, -0.000976346200332], [-0.000348668254446, 0.00126967672259, -0.000706720922608, 0.00197791564278, -0.00262420088984, -0.00376539072022, 0.0108803473413, -0.00429193396121, -0.0005046534352, 0.000324448978063, 0.000299415318295, -0.0010414919816, 0.000539429136552], [0.000384242797736, -0.00125937769189, 0.000550266937353, -0.00235729897395, 0.00154580094386, 0.000335796939908, -0.00429193396121, 0.0140077108517, -0.00568728242069, 0.00282277190126, -0.00223997118883, 0.00120346108451, 0.000524748291355], [-0.000485942902742, 0.00144511007238, -0.000539699976798, 0.00184092193376, -0.00116820994299, 0.000764271127991, -0.0005046534352, -0.00568728242069, 0.015854774043, -0.011966672726, 0.00491844443604, -0.00308003346436, 0.000505439529661], [0.000481630966533, -0.00129513524007, 0.000121952856716, -0.000741856754757, 0.00113117473666, -0.00157641689293, 0.000324448978063, 0.00282277190126, -0.011966672726, 0.023304540664, -0.0119197973981, 0.00429055979475, -0.00300125521608], [-0.000541133631486, 0.00106722628698, -0.000504958676174, 0.000502352311742, -0.0021392791532, 0.00224804482423, 0.000299415318295, -0.00223997118883, 0.00491844443604, -0.0119197973981, 0.0233904384077, -0.0132581358775, 0.00576014863327], [0.000162514828844, -0.000818485743366, -0.000190139486222, 0.000545472081285, 0.000311614247039, 0.00059839442838, -0.0010414919816, 0.00120346108451, -0.00308003346436, 0.00429055979475, -0.0132581358775, 0.0278959665447, -0.01375122834], [-0.000195570566575, 0.000298521772493, -0.000213179155253, -0.00039244274376, 0.000131714652525, -0.000976346200332, 0.000539429136552, 0.000524748291355, 0.000505439529661, -0.00300125521608, 0.00576014863327, -0.01375122834, 0.0232529621571]], "mean": [-789.59576416, 159.14666748, 14.9965763092, 31.1897602081, 6.08847236633, 19.4805660248, -2.91195559502, 8.38475799561, -1.68809783459, 2.86159181595, -0.453684061766, 1.65209162235, 4.03431034088]}, "pitch_salience": {"dmean": 0.0675492137671, "dmean2": 0.109919764102, "dvar": 0.00404372578487, "dvar2": 0.0101538123563, "max": 0.968955159187, "mean": 0.502165853977, "median": 0.537384152412, "min": 0.0423383116722, "var": 0.0248198918998}, "silence_rate_20dB": {"dmean": 0.00711321877316, "dmean2": 0.0142281241715, "dvar": 0.00706204259768, "dvar2": 0.0152123579755, "max": 1, "mean": 0.975817918777, "median": 1, "min": 0, "var": 0.023594358936}, "silence_rate_30dB": {"dmean": 0.0279786605388, "dmean2": 0.0559639558196, "dvar": 0.0271948557347, "dvar2": 0.0571043863893, "max": 1, "mean": 0.875414907932, "median": 1, "min": 0, "var": 0.109055273235}, "silence_rate_60dB": {"dmean": 0.037700060755, "dmean2": 0.0754090622067, "dvar": 0.0362825766206, "dvar2": 0.0837060809135, "max": 1, "mean": 0.240990996361, "median": 0, "min": 0, "var": 0.182926476002}, "spectral_centroid": {"dmean": 137.118865967, "dmean2": 211.897003174, "dvar": 49684.203125, "dvar2": 105510.5625, "max": 11661.6708984, "mean": 792.244262695, "median": 523.678588867, "min": 105.588546753, "var": 1730059}, "spectral_complexity": {"dmean": 1.68346178532, "dmean2": 2.5880959034, "dvar": 4.3470621109, "dvar2": 8.18978118896, "max": 41, "mean": 7.93824100494, "median": 5, "min": 0, "var": 56.0803947449}, "spectral_contrast_coeffs": {"dmean": [0.0465750470757, 0.0485582649708, 0.0362812876701, 0.028979735449, 0.0223067961633, 0.036337736994], "dmean2": [0.0779603496194, 0.0793039798737, 0.059363514185, 0.0466592423618, 0.0351801253855, 0.0574689470232], "dvar": [0.00139479339123, 0.00158964877483, 0.000866087735631, 0.000572012213524, 0.00038450883585, 0.0011448020814], "dvar2": [0.00372435711324, 0.00413476116955, 0.00220835139044, 0.0014268248342, 0.000885561981704, 0.00294353836216], "max": [-0.221763297915, -0.374345868826, -0.517324447632, -0.599031686783, -0.557748556137, -0.481082081795], "mean": [-0.690635621548, -0.763378977776, -0.822770178318, -0.838291943073, -0.848277807236, -0.785947740078], "median": [-0.691234946251, -0.770800471306, -0.830030977726, -0.845273256302, -0.856750965118, -0.794480741024], "min": [-0.978679180145, -0.989396095276, -0.981202661991, -0.980674684048, -0.966480433941, -0.96420109272], "var": [0.00846650730819, 0.00657878629863, 0.00497050024569, 0.00393460178748, 0.00317598180845, 0.00385449756868]}, "spectral_contrast_valleys": {"dmean": [0.386861890554, 0.42534506321, 0.413881272078, 0.401876181364, 0.35800459981, 0.621642112732], "dmean2": [0.638518035412, 0.684690833092, 0.657210350037, 0.615350604057, 0.541614294052, 0.982665598392], "dvar": [0.116301327944, 0.142170131207, 0.157477155328, 0.157826915383, 0.139442011714, 0.286653935909], "dvar2": [0.272931516171, 0.33738142252, 0.375503838062, 0.359578669071, 0.319010794163, 0.761097371578], "max": [-4.86999702454, -4.38131475449, -4.73134899139, -5.61534166336, -6.04881286621, -8.52962589264], "mean": [-7.94922447205, -7.83785152435, -8.49165821075, -9.00305652618, -9.28973484039, -12.09096241], "median": [-7.57100963593, -7.46529960632, -8.14492034912, -8.68404006958, -9.01486206055, -11.773645401], "min": [-28.1881332397, -28.1762065887, -27.9050102234, -27.8118858337, -27.5389709473, -27.4690513611], "var": [7.33543777466, 7.26355600357, 6.99318265915, 6.66518688202, 6.02902364731, 4.73579883575]}, "spectral_decrease": {"dmean": 1.8746395547e-09, "dmean2": 2.79122436275e-09, "dvar": 1.87492529585e-17, "dvar2": 4.17591279638e-17, "max": 1.40347626854e-08, "mean": -4.5057513276e-09, "median": -9.45430844723e-10, "min": -9.80758088076e-08, "var": 1.00679150056e-16}, "spectral_energy": {"dmean": 0.0119143137708, "dmean2": 0.0159825161099, "dvar": 0.000835897226352, "dvar2": 0.00131280557252, "max": 0.689396500587, "mean": 0.0447266288102, "median": 0.0116924606264, "min": 9.97690728796e-21, "var": 0.00754356011748}, "spectral_energyband_high": {"dmean": 0.000167786129168, "dmean2": 0.000228081451496, "dvar": 3.05574133108e-07, "dvar2": 5.20128764947e-07, "max": 0.028458988294, "mean": 0.000501131289639, "median": 4.45139667136e-05, "min": 7.15048687262e-21, "var": 2.34082904171e-06}, "spectral_energyband_low": {"dmean": 0.00644014729187, "dmean2": 0.00895345211029, "dvar": 0.000371376168914, "dvar2": 0.000624154985417, "max": 0.521050035954, "mean": 0.0208025779575, "median": 0.00292040361091, "min": 1.67186036879e-23, "var": 0.00307721272111}, "spectral_energyband_middle_high": {"dmean": 0.000884784618393, "dmean2": 0.00125425797887, "dvar": 9.92308650893e-06, "dvar2": 1.99788028112e-05, "max": 0.126348316669, "mean": 0.0024500573054, "median": 0.00015289534349, "min": 1.10459903679e-21, "var": 6.29505593679e-05}, "spectral_energyband_middle_low": {"dmean": 0.00317942677066, "dmean2": 0.00458890292794, "dvar": 9.15398268262e-05, "dvar2": 0.000185582015547, "max": 0.259521007538, "mean": 0.00741141103208, "median": 0.00171046645846, "min": 1.65817527292e-22, "var": 0.000379969365895}, "spectral_entropy": {"dmean": 0.244899436831, "dmean2": 0.38639330864, "dvar": 0.0548413842916, "dvar2": 0.141290128231, "max": 9.8247385025, "mean": 7.18541526794, "median": 7.20638370514, "min": 4.77008247375, "var": 0.312354266644}, "spectral_flux": {"dmean": 0.0199192855507, "dmean2": 0.0314228311181, "dvar": 0.00109064870048, "dvar2": 0.00255179218948, "max": 0.575787186623, "mean": 0.0681044533849, "median": 0.0491561666131, "min": 6.31558624842e-11, "var": 0.0040283286944}, "spectral_kurtosis": {"dmean": 3.9216067791, "dmean2": 6.15730810165, "dvar": 17.4542045593, "dvar2": 43.547504425, "max": 60.5889396667, "mean": 18.1942481995, "median": 16.9576950073, "min": -1.29365885258, "var": 82.2574615479}, "spectral_rms": {"dmean": 0.000745203113183, "dmean2": 0.00102309393696, "dvar": 1.36766436754e-06, "dvar2": 2.09057498068e-06, "max": 0.0259341858327, "mean": 0.00483860075474, "median": 0.00337746646255, "min": 3.11986656128e-12, "var": 2.02235478355e-05}, "spectral_rolloff": {"dmean": 1219.92224121, "dmean2": 2377.33276367, "dvar": 20430996, "dvar2": 57603208, "max": 22050, "mean": 20745.5, "median": 21888.5, "min": 21.533203125, "var": 19087300}, "spectral_skewness": {"dmean": 0.337501943111, "dmean2": 0.529533207417, "dvar": 0.111708395183, "dvar2": 0.277069628239, "max": 6.32090616226, "mean": 3.1439230442, "median": 3.13100385666, "min": -0.0685558617115, "var": 0.725053846836}, "spectral_spread": {"dmean": 528821.625, "dmean2": 844293.9375, "dvar": 516951343104, "dvar2": 1196714098690.0, "max": 47794560, "mean": 5303154, "m