{"lowlevel": {"average_loudness": 0.969266653061, "barkbands": {"dmean": [3.68073269783e-05, 0.00161277002189, 0.00163261592388, 0.00156243890524, 0.00256988429464, 0.00186539883725, 0.00102659617551, 0.00106484163553, 0.000648513901979, 0.000300653482554, 0.000294460187433, 0.000474776315968, 0.000760870927479, 0.000430618587416, 0.000288506853394, 0.000169741833815, 0.000175837718416, 0.000209780686419, 0.000172970743733, 6.82663594489e-05, 7.92747232481e-05, 0.000110390385089, 0.000130752363475, 6.0089816543e-05, 2.81329721474e-05, 9.03948603082e-06, 2.70015618753e-07], "dmean2": [6.76821655361e-05, 0.00244630454108, 0.00263919564895, 0.00258585205302, 0.00440058019012, 0.0029450901784, 0.00157644262072, 0.00160182372201, 0.000963840109762, 0.000436730071669, 0.00042151339585, 0.000703618221451, 0.00108775368426, 0.000671778456308, 0.000440848583821, 0.000260197441094, 0.000275153724942, 0.000318721751682, 0.000261402543401, 0.000103405931441, 0.000118254203699, 0.000164180382853, 0.00019735978276, 8.76241829246e-05, 3.98113006668e-05, 1.28068177219e-05, 3.96958341753e-07], "dvar": [1.10044693358e-08, 6.16715988144e-06, 1.14395807032e-05, 4.65656285087e-06, 3.42245548381e-05, 1.31856095322e-05, 3.34278138325e-06, 8.71847169037e-06, 3.67393977285e-06, 5.55398912638e-07, 6.55543715311e-07, 2.59283160631e-06, 8.1157168097e-06, 2.30128830481e-06, 9.46452473727e-07, 2.6296314104e-07, 2.08999182405e-07, 2.22964573027e-07, 1.52788558694e-07, 1.57966617564e-08, 2.22397034122e-08, 6.3011441398e-08, 1.20995764519e-07, 4.8082760884e-08, 3.36184768912e-08, 5.36172173327e-09, 2.6797778406e-12], "dvar2": [3.201770582e-08, 1.32367940751e-05, 2.93389348371e-05, 1.29323452711e-05, 9.30584792513e-05, 3.119649773e-05, 8.60693762661e-06, 1.69757859112e-05, 7.77097557147e-06, 1.08628694306e-06, 1.29524210024e-06, 5.60074340683e-06, 1.4814109818e-05, 5.07080312673e-06, 2.0520653834e-06, 6.08807908975e-07, 4.53091161035e-07, 4.63068573708e-07, 3.36035441251e-07, 3.6534281378e-08, 4.74503281112e-08, 1.33950067038e-07, 2.64386898152e-07, 9.06236508058e-08, 6.19261584234e-08, 1.09943787407e-08, 5.0610323224e-12], "max": [0.00248969579116, 0.0461310818791, 0.0466273985803, 0.0367483310401, 0.0514097884297, 0.0696815028787, 0.0500632859766, 0.0809497311711, 0.0522113703191, 0.0191956497729, 0.0189513489604, 0.046840839088, 0.0745544433594, 0.0313044860959, 0.0265504028648, 0.0147521374747, 0.00915145035833, 0.0113125825301, 0.0114169148728, 0.00382644962519, 0.0021374176722, 0.00430000107735, 0.00749126635492, 0.00971284229308, 0.00732515146956, 0.00357527378947, 5.23669114045e-05], "mean": [2.95593090414e-05, 0.00394261302426, 0.00213067326695, 0.00237642531283, 0.00325819663703, 0.00357016199268, 0.002199169714, 0.0018513770774, 0.00103686552029, 0.000509536010213, 0.000454000663012, 0.000776358589064, 0.00120989489369, 0.000623392348643, 0.00051246851217, 0.00027184135979, 0.000301106250845, 0.000369261775631, 0.000305028370349, 0.00011463498231, 0.000125552382087, 0.000141661352245, 0.000167456601048, 9.08287474886e-05, 4.18690069637e-05, 1.27405564854e-05, 4.41627207692e-07], "median": [9.61877049122e-06, 0.00158686423674, 0.00084795570001, 0.00153014832176, 0.00163155654445, 0.00214736582711, 0.00128387706354, 0.00065896124579, 0.000399282842409, 0.000188302918104, 0.000134589325171, 0.000214923726162, 0.000170376326423, 0.000171012317878, 0.000157097325427, 0.000110266519187, 0.000123696954688, 0.000156288821017, 0.000135362861329, 5.49485339434e-05, 5.68380310142e-05, 2.78750667349e-05, 1.59932915267e-05, 2.97716451314e-06, 4.83001713292e-07, 2.02129086802e-07, 6.10308958926e-08], "min": [8.51937828772e-25, 3.51958812562e-24, 1.02866919699e-24, 1.37258918166e-24, 1.11855624866e-23, 6.18982904168e-24, 6.53972829619e-24, 1.03362219823e-23, 1.97480299347e-23, 2.38813171347e-23, 6.33423436912e-24, 3.39112402047e-23, 2.74174792279e-23, 3.12773630154e-23, 6.49829724257e-23, 5.8628817741e-23, 5.41947189451e-23, 8.26562208712e-23, 1.65481990039e-22, 1.71155969919e-22, 2.76485801322e-22, 2.87973408394e-22, 4.00200572546e-22, 5.82360142351e-22, 8.78353426251e-22, 1.18236047672e-21, 1.78243548151e-21], "var": [6.75969680231e-09, 3.07606642309e-05, 1.47534847201e-05, 7.03908563082e-06, 2.84194356936e-05, 2.59080406977e-05, 7.5506191024e-06, 1.8623073629e-05, 6.70876943332e-06, 1.19597427783e-06, 1.36604978707e-06, 5.58343162993e-06, 2.17229717236e-05, 3.61176034858e-06, 1.80446170361e-06, 4.59903276351e-07, 4.4504389507e-07, 5.49161597974e-07, 3.16437478887e-07, 2.94265483092e-08, 3.57148266517e-08, 8.84443807081e-08, 1.95297573669e-07, 1.27681175854e-07, 7.06390039795e-08, 9.36603949953e-09, 5.36161349693e-12]}, "barkbands_crest": {"dmean": 2.62480711937, "dmean2": 4.16838932037, "dvar": 6.07074022293, "dvar2": 15.8568277359, "max": 25.9506835938, "mean": 9.84476184845, "median": 8.9585018158, "min": 2.77700805664, "var": 15.8039560318}, "barkbands_flatness_db": {"dmean": 0.0218559168279, "dmean2": 0.0313145108521, "dvar": 0.000506302865688, "dvar2": 0.000984867219813, "max": 0.413422912359, "mean": 0.166512325406, "median": 0.153008386493, "min": 0.0320564955473, "var": 0.00361506105401}, "barkbands_kurtosis": {"dmean": 2.39404273033, "dmean2": 3.72412514687, "dvar": 11.6650714874, "dvar2": 28.3721904755, "max": 93.6857147217, "mean": 3.87269926071, "median": 2.67201209068, "min": -1.90480899811, "var": 25.8557491302}, "barkbands_skewness": {"dmean": 0.503145217896, "dmean2": 0.752536118031, "dvar": 0.227434799075, "dvar2": 0.536606252193, "max": 8.040102005, "mean": 1.44120645523, "median": 1.44938731194, "min": -2.15917038918, "var": 0.981890916824}, "barkbands_spread": {"dmean": 4.91818904877, "dmean2": 7.25486469269, "dvar": 47.9477119446, "dvar2": 97.2526092529, "max": 108.639396667, "mean": 17.2460021973, "median": 15.1893730164, "min": 0.830941557884, "var": 153.399032593}, "dissonance": {"dmean": 0.018518416211, "dmean2": 0.0309329908341, "dvar": 0.00029584983713, "dvar2": 0.000807856791653, "max": 0.500000119209, "mean": 0.46203994751, "median": 0.466704428196, "min": 0.15821044147, "var": 0.000571605574805}, "dynamic_complexity": 2.56831908226, "erbbands": {"dmean": [0.0288190934807, 0.437219649553, 1.63294827938, 3.68102931976, 6.95131444931, 9.12860965729, 11.816400528, 14.9614105225, 13.9849262238, 14.6541576385, 25.1792144775, 13.5901594162, 8.81875801086, 13.546336174, 11.878993988, 17.9582824707, 28.7453536987, 27.7934513092, 14.7439107895, 10.2976770401, 9.7618560791, 10.3778409958, 9.82716655731, 9.82006835938, 7.68876600266, 3.00034189224, 2.96649599075, 3.42204356194, 3.91330909729, 4.05812454224, 3.60008835793, 1.78799390793, 0.839083135128, 0.379587799311, 0.176699027419, 0.0676457583904, 0.0104709975421, 0.000834175676573, 5.43463647773e-05, 1.06781753857e-05], "dmean2": [0.045200496912, 0.659804284573, 2.62454390526, 5.83833646774, 12.2994308472, 15.3698148727, 18.0812702179, 24.1068153381, 22.1413192749, 22.6710529327, 37.1580696106, 20.0846843719, 12.8039197922, 19.8405952454, 16.4438838959, 26.8889961243, 40.5203933716, 40.2422790527, 22.075504303, 15.6420211792, 14.9423713684, 15.8997058868, 14.8968687057, 14.4639387131, 11.4831352234, 4.43373727798, 4.47344732285, 5.0665307045, 5.89376544952, 6.03178739548, 5.42022848129, 2.65106368065, 1.23960471153, 0.542871654034, 0.244219407439, 0.0933580845594, 0.015183493495, 0.0011504519498, 7.60502443882e-05, 1.60593681358e-05], "dvar": [0.00177336088382, 0.474152714014, 11.3299837112, 25.9616451263, 226.522216797, 427.268951416, 423.07019043, 1231.37182617, 649.673583984, 987.552001953, 4913.48632812, 1768.03222656, 815.657836914, 1111.64233398, 1562.02368164, 4535.31591797, 10889.7578125, 7143.96386719, 4818.7578125, 1095.93444824, 815.411987305, 830.093688965, 502.047576904, 482.962493896, 321.801391602, 32.8680343628, 27.4004898071, 50.2993927002, 82.2072753906, 103.22366333, 97.9263381958, 28.1759243011, 16.9656772614, 4.98354959488, 2.14981651306, 0.288903295994, 0.00749183865264, 2.42838614213e-05, 9.29394801119e-08, 2.88935875226e-10], "dvar2": [0.00403762608767, 1.04561793804, 28.6222610474, 66.4382476807, 632.243041992, 1138.07324219, 984.48059082, 2877.22192383, 1716.34936523, 2326.59375, 9804.65527344, 3660.01464844, 1721.12524414, 2137.8684082, 2703.79223633, 10601.9316406, 20626.21875, 13399.1455078, 9883.13867188, 2181.0625, 1895.51147461, 1785.45593262, 1012.37188721, 1005.15368652, 734.130126953, 72.6133728027, 62.7063522339, 107.310302734, 180.108306885, 221.100830078, 222.060852051, 59.6675834656, 33.3627052307, 9.16588973999, 4.56455755234, 0.57399302721, 0.0159191340208, 4.32079541497e-05, 1.62295904715e-07, 5.72808578347e-10], "max": [0.856289863586, 11.7823200226, 47.2346115112, 81.6265792847, 118.688598633, 198.319976807, 548.618774414, 781.928894043, 501.705535889, 993.865112305, 1797.0958252, 1430.39794922, 818.601928711, 1202.77929688, 1023.31964111, 2230.09204102, 2400.33862305, 2322.95214844, 2470.35791016, 1126.16821289, 823.613220215, 621.612182617, 554.37109375, 492.889251709, 584.481445312, 229.457366943, 85.4468765259, 103.32837677, 159.533157349, 256.519805908, 226.508422852, 130.97366333, 204.422973633, 71.3720169067, 76.6059036255, 24.4253444672, 4.3237195015, 0.186125993729, 0.0103993797675, 0.000541394925676], "mean": [0.0660764202476, 1.0580176115, 2.48693561554, 6.22031545639, 7.65450668335, 12.3554811478, 20.7969665527, 27.4783210754, 31.2116947174, 30.9110984802, 44.5842475891, 22.6633415222, 15.5412073135, 23.0426635742, 23.0026473999, 28.4081859589, 48.0853233337, 48.0614204407, 24.9726409912, 20.8554210663, 17.0643959045, 18.7556381226, 17.9631481171, 17.780670166, 13.9315338135, 5.47252130508, 5.07409477234, 4.83393716812, 5.02047872543, 5.12080049515, 4.60104370117, 2.52230429649, 1.27426362038, 0.5637383461, 0.253527373075, 0.0964691340923, 0.0145357642323, 0.00127843965311, 9.96671951725e-05, 3.54174953827e-05], "median": [0.0325617529452, 0.419381439686, 1.22485649586, 4.15429449081, 4.1458940506, 6.02621269226, 12.8365354538, 14.0564517975, 18.6897392273, 19.1403675079, 16.8022232056, 9.84424591064, 5.73682022095, 9.10234832764, 5.43155956268, 8.96486473083, 10.4609823227, 11.2734651566, 7.80238008499, 8.27610015869, 7.82791519165, 7.90924549103, 7.75560855865, 6.28176116943, 7.02450466156, 2.78699398041, 2.72545099258, 1.51220273972, 1.01404595375, 0.803334474564, 0.3832706213, 0.111494243145, 0.030342746526, 0.00853572692722, 0.00240658130497, 0.000987612060271, 0.000379061966669, 8.3836610429e-05, 2.3161423087e-05, 2.94395395031e-05], "min": [4.70023111962e-23, 5.22262825325e-22, 2.46996999286e-21, 1.03319083268e-20, 8.41853455682e-21, 3.20412061499e-20, 3.39208610009e-20, 5.45922854543e-20, 1.22119491415e-19, 1.54872586649e-19, 3.22158388406e-19, 4.44321668695e-19, 7.02939066825e-19, 6.70229243477e-19, 1.1539389782e-18, 1.2347945389e-18, 1.55734338241e-18, 1.4250712054e-18, 2.60941775651e-18, 3.53504485607e-18, 3.81851634327e-18, 3.36212709171e-18, 5.53453478406e-18, 5.94060932729e-18, 7.48315889463e-18, 8.04364737871e-18, 8.63417823546e-18, 1.03503290251e-17, 1.08666708799e-17, 1.20183197052e-17, 1.13046530881e-17, 9.30623105029e-18, 1.0565224758e-17, 7.34787515981e-18, 6.49306423326e-18, 4.4321644166e-18, 2.15009987199e-18, 9.46961431732e-19, 2.27481932132e-19, 2.75650345874e-20], "var": [0.00747147388756, 2.18695187569, 14.6414232254, 46.1959342957, 159.632110596, 390.146453857, 850.989257812, 2559.8034668, 1405.37817383, 1772.82263184, 10241.3583984, 3027.17285156, 1878.80773926, 2611.59350586, 5216.79980469, 6960.76611328, 27291.3027344, 19836.5078125, 7339.79736328, 2768.76586914, 1371.40490723, 1791.0135498, 1298.85095215, 1205.93395996, 626.470947266, 67.9940795898, 47.4397621155, 72.9061355591, 107.448738098, 159.571258545, 155.85975647, 59.77551651, 39.8260307312, 11.139746666, 3.44755792618, 0.540830075741, 0.0117592643946, 5.31461555511e-05, 2.13718294617e-07, 8.41910041682e-10]}, "erbbands_crest": {"dmean": 2.5665307045, "dmean2": 4.00581359863, "dvar": 6.4248418808, "dvar2": 14.5211696625, "max": 27.6479988098, "mean": 9.26579093933, "median": 8.09328079224, "min": 2.22568559647, "var": 20.4042873383}, "erbbands_flatness_db": {"dmean": 0.017039662227, "dmean2": 0.0231799706817, "dvar": 0.000285005808109, "dvar2": 0.000486375123728, "max": 0.359070211649, "mean": 0.191011279821, "median": 0.189988583326, "min": 0.0452994517982, "var": 0.00178021669853}, "erbbands_kurtosis": {"dmean": 1.04838967323, "dmean2": 1.61525964737, "dvar": 2.34212255478, "dvar2": 5.21119785309, "max": 22.19506073, "mean": 0.721511900425, "median": -0.153699636459, "min": -1.88095366955, "var": 6.25018692017}, "erbbands_skewness": {"dmean": 0.360129028559, "dmean2": 0.539898872375, "dvar": 0.115340717137, "dvar2": 0.259385049343, "max": 3.77089333534, "mean": 0.555168569088, "median": 0.47701394558, "min": -2.00551271439, "var": 0.551979959011}, "erbbands_spread": {"dmean": 9.41848564148, "dmean2": 13.4011440277, "dvar": 142.188827515, "dvar2": 269.534576416, "max": 132.81022644, "mean": 34.9324188232, "median": 31.1705513, "min": 2.29492330551, "var": 409.463867188}, "gfcc": {"cov": [[22777.7480469, 278.480987549, -3047.23510742, 1559.95373535, -1685.46520996, 520.028930664, -805.544067383, -51.9086341858, -114.352615356, -356.519470215, -59.6473503113, -65.2342224121, -200.263778687], [278.480987549, 1972.28137207, 49.086139679, -202.333755493, 500.30380249, -571.867675781, 370.600219727, -89.3052597046, 63.8044929504, 114.632362366, 11.9719314575, -42.0527992249, 18.0635299683], [-3047.23510742, 49.086139679, 1086.4576416, -266.261627197, 239.937561035, -22.0180435181, -7.08466863632, 86.1501235962, -0.349884718657, 109.585121155, 47.9470443726, 40.2845001221, -9.53733348846], [1559.95373535, -202.333755493, -266.261627197, 496.028656006, -204.156524658, 77.7537078857, -11.4013719559, -58.0603637695, 83.4012832642, -107.175010681, -15.1880197525, -35.3366127014, 5.94192266464], [-1685.46520996, 500.30380249, 239.937561035, -204.156524658, 473.431274414, -142.1118927, 193.716903687, 42.7675895691, 2.27929162979, 108.886177063, 0.0467757098377, -1.34149634838, 26.9077377319], [520.028930664, -571.867675781, -22.0180435181, 77.7537078857, -142.1118927, 375.341308594, -93.1789932251, 65.5472259521, -13.472114563, -60.984210968, 21.0276470184, 8.17377567291, -17.6247158051], [-805.544067383, 370.600219727, -7.08466863632, -11.4013719559, 193.716903687, -93.1789932251, 300.382568359, 7.58395528793, 39.9979324341, 18.7042293549, -16.0594730377, 5.00398921967, 17.9469795227], [-51.9086341858, -89.3052597046, 86.1501235962, -58.0603637695, 42.7675895691, 65.5472259521, 7.58395528793, 135.000976562, -1.98160398006, 22.1402378082, 12.9036388397, 16.4906997681, 7.82193088531], [-114.352615356, 63.8044929504, -0.349884718657, 83.4012832642, 2.27929162979, -13.472114563, 39.9979324341, -1.98160398006, 110.272644043, 1.62272942066, -0.439813524485, -14.0664138794, 3.83335232735], [-356.519470215, 114.632362366, 109.585121155, -107.175010681, 108.886177063, -60.984210968, 18.7042293549, 22.1402378082, 1.62272942066, 126.581085205, 28.4346866608, 13.2933645248, 1.60154139996], [-59.6473503113, 11.9719314575, 47.9470443726, -15.1880197525, 0.0467757098377, 21.0276470184, -16.0594730377, 12.9036388397, -0.439813524485, 28.4346866608, 104.318664551, 31.642868042, -3.6211104393], [-65.2342224121, -42.0527992249, 40.2845001221, -35.3366127014, -1.34149634838, 8.17377567291, 5.00398921967, 16.4906997681, -14.0664138794, 13.2933645248, 31.642868042, 81.7962341309, 12.2687091827], [-200.263778687, 18.0635299683, -9.53733348846, 5.94192266464, 26.9077377319, -17.6247158051, 17.9469795227, 7.82193088531, 3.83335232735, 1.60154139996, -3.6211104393, 12.2687091827, 64.8310852051]], "icov": [[0.000474268541439, -0.00135341414716, 0.000988692394458, -0.00156967109069, 0.00129841570742, -0.00134300696664, 0.00160880701151, -0.0016361689195, 0.00148123688996, -0.00153551239055, 0.00132327491883, -0.00129048456438, 0.00124793860596], [-0.00135341414716, 0.00520231388509, -0.00267410511151, 0.00477001536638, -0.00446054339409, 0.0054276837036, -0.00531588634476, 0.00498649431393, -0.00467425957322, 0.00490739289671, -0.00477991020307, 0.00440641306341, -0.003209651215], [0.000988692394458, -0.00267410511151, 0.0033072582446, -0.00283718458377, 0.00199047685601, -0.00269574578851, 0.00376892765053, -0.00371563597582, 0.00248527084477, -0.00327815907076, 0.00246198591776, -0.00306909391657, 0.00304402643815], [-0.00156967109069, 0.00477001536638, -0.00283718458377, 0.00892420765013, -0.00344144296832, 0.00430162716657, -0.00591249810532, 0.00643084524199, -0.00755537627265, 0.00679520331323, -0.00509015098214, 0.00534313963726, -0.00497103016824], [0.00129841570742, -0.00446054339409, 0.00199047685601, -0.00344144296832, 0.00876310095191, -0.00402966234833, 0.00206135190092, -0.00521038519219, 0.00479167373851, -0.0065976777114, 0.00416205404326, -0.00222593662329, 0.00172068213578], [-0.00134300696664, 0.0054276837036, -0.00269574578851, 0.00430162716657, -0.00402966234833, 0.00963168777525, -0.00476669613272, 0.00251132017002, -0.00424018502235, 0.00655566575006, -0.00573068857193, 0.00441609835252, -0.0022112231236], [0.00160880701151, -0.00531588634476, 0.00376892765053, -0.00591249810532, 0.00206135190092, -0.00476669613272, 0.0113619528711, -0.00608327100053, 0.00349222077057, -0.00431422051042, 0.00567539362237, -0.00637381663546, 0.00440762331709], [-0.0016361689195, 0.00498649431393, -0.00371563597582, 0.00643084524199, -0.00521038519219, 0.00251132017002, -0.00608327100053, 0.0155284618959, -0.00596565008163, 0.00423097237945, -0.00473262788728, 0.00373627059162, -0.00564694171771], [0.00148123688996, -0.00467425957322, 0.00248527084477, -0.00755537627265, 0.00479167373851, -0.00424018502235, 0.00349222077057, -0.00596565008163, 0.0167440213263, -0.00669058738276, 0.00397758884355, -0.0022972507868, 0.00337967625819], [-0.00153551239055, 0.00490739289671, -0.00327815907076, 0.00679520331323, -0.0065976777114, 0.00655566575006, -0.00431422051042, 0.00423097237945, -0.00669058738276, 0.0178900565952, -0.0076436297968, 0.00387769588269, -0.00321832764894], [0.00132327491883, -0.00477991020307, 0.00246198591776, -0.00509015098214, 0.00416205404326, -0.00573068857193, 0.00567539362237, -0.00473262788728, 0.00397758884355, -0.0076436297968, 0.0165277589113, -0.00870627630502, 0.00448702601716], [-0.00129048456438, 0.00440641306341, -0.00306909391657, 0.00534313963726, -0.00222593662329, 0.00441609835252, -0.00637381663546, 0.00373627059162, -0.0022972507868, 0.00387769588269, -0.00870627630502, 0.0198202393949, -0.00691424682736], [0.00124793860596, -0.003209651215, 0.00304402643815, -0.00497103016824, 0.00172068213578, -0.0022112231236, 0.00440762331709, -0.00564694171771, 0.00337967625819, -0.00321832764894, 0.00448702601716, -0.00691424682736, 0.0206619128585]], "mean": [-41.842414856, 134.674972534, -127.255783081, 34.7665290833, -55.2357177734, -2.21334838867, -30.6778087616, -5.32355070114, -12.00639534, -1.86530172825, -5.65245628357, -3.92841863632, -14.3075819016]}, "hfc": {"dmean": 6.13184499741, "dmean2": 8.49524402618, "dvar": 86.7622756958, "dvar2": 157.831451416, "max": 169.836837769, "mean": 18.9251556396, "median": 11.363155365, "min": 1.0583883802e-16, "var": 365.868743896}, "melbands": {"dmean": [0.00036416851799, 0.000741053139791, 0.000659140874632, 0.00065175833879, 0.000353559153154, 0.000335210293997, 0.000227827113122, 0.000167782272911, 0.000208237310289, 8.07948454167e-05, 4.32509768871e-05, 5.37426421943e-05, 3.60734411515e-05, 4.97556866321e-05, 4.58279755549e-05, 8.32300502225e-05, 4.93734914926e-05, 2.46379604505e-05, 2.17252818402e-05, 1.12195493784e-05, 1.18302423289e-05, 1.25888082039e-05, 8.68473125593e-06, 1.03543288787e-05, 8.46573311719e-06, 6.32384353594e-06, 4.09854419559e-06, 1.84519728919e-06, 1.80486335921e-06, 1.88372700904e-06, 2.19475418817e-06, 2.30545788327e-06, 2.25572489398e-06, 2.36713935919e-06, 2.21438926928e-06, 1.71282579231e-06, 9.18012915463e-07, 6.26006169568e-07, 4.60200254793e-07, 2.82403760821e-07], "dmean2": [0.000553949503228, 0.00116448372137, 0.0010824148776, 0.00113197183236, 0.000546843162738, 0.000539676169865, 0.000355056632543, 0.000257878942648, 0.000305917987134, 0.000119378819363, 6.26695182291e-05, 7.88433972048e-05, 4.99151210533e-05, 7.23075427231e-05, 7.03620899003e-05, 0.000116102142783, 7.32002081349e-05, 3.77509859391e-05, 3.27415145875e-05, 1.72817362909e-05, 1.84460150194e-05, 1.95090397028e-05, 1.35777972901e-05, 1.54884510266e-05, 1.25747246784e-05, 9.62843205343e-06, 6.20333639745e-06, 2.80029394162e-06, 2.78765764961e-06, 2.825096999e-06, 3.29734257321e-06, 3.53269251718e-06, 3.37990491062e-06, 3.5739528812e-06, 3.37458754984e-06, 2.60469164459e-06, 1.37081656248e-06, 9.47304386045e-07, 6.8544431997e-07, 4.04581498969e-07], "dvar": [2.95250686122e-07, 1.9252513539e-06, 7.63634830037e-07, 2.55592067333e-06, 3.25618486841e-07, 5.54118457785e-07, 1.62940168025e-07, 1.57691346203e-07, 3.13264109764e-07, 6.70969910743e-08, 2.09570369947e-08, 1.75086523058e-08, 1.11687494808e-08, 2.86992634102e-08, 3.1148427837e-08, 1.01713425238e-07, 2.14345821092e-08, 1.9497221615e-08, 5.03434360866e-09, 1.33999644714e-09, 1.21721599466e-09, 1.29563193507e-09, 3.30037996932e-10, 7.3153050284e-10, 3.90147275597e-10, 2.4866458892e-10, 5.86345277886e-11, 1.49305151576e-11, 1.19470639978e-11, 1.19287557263e-11, 2.2721428905e-11, 3.158045353e-11, 3.08869770038e-11, 3.70258546045e-11, 3.8409959241e-11, 2.43412373591e-11, 8.92161605009e-12, 9.475045748e-12, 7.39644196585e-12, 3.18274573363e-12], "dvar2": [6.15022997863e-07, 4.93495190312e-06, 2.05923379326e-06, 6.92239109412e-06, 7.67397750678e-07, 1.31434899231e-06, 4.23242141778e-07, 3.34508484912e-07, 6.26361213563e-07, 1.38145153983e-07, 4.37760050431e-08, 3.37365761993e-08, 2.0118484656e-08, 5.82803849625e-08, 7.35183078859e-08, 1.78006530405e-07, 4.18751611164e-08, 4.01794011395e-08, 1.00655430657e-08, 2.99136937443e-09, 2.87912538255e-09, 2.83272183488e-09, 7.35256411311e-10, 1.5298219358e-09, 8.22723000837e-10, 5.35686051073e-10, 1.39079525674e-10, 3.42539746567e-11, 2.92483780251e-11, 2.5929397518e-11, 5.00497594758e-11, 7.29582366743e-11, 6.77294956231e-11, 8.07825611959e-11, 8.81966583099e-11, 5.60984834974e-11, 1.90508043368e-11, 1.91185418191e-11, 1.47667728739e-11, 5.97605862365e-12], "max": [0.0112536028028, 0.0190097093582, 0.0128408912569, 0.013951565139, 0.0142195001245, 0.0161802601069, 0.00744545273483, 0.0139685776085, 0.0151323787868, 0.0092040291056, 0.00396042037755, 0.00463397242129, 0.00260937423445, 0.006357726641, 0.00450666761026, 0.00829304847866, 0.00360211334191, 0.00501686008647, 0.00278832158074, 0.00153590401169, 0.00111004011706, 0.000827840005513, 0.000411048036767, 0.000783455150668, 0.000431556807598, 0.000715014408343, 0.000173786902451, 0.00013713586668, 8.95592820598e-05, 5.24933930137e-05, 6.80872253724e-05, 0.000122522877064, 0.000147785220179, 0.000146302059875, 0.00014234687842, 0.000126673403429, 8.90783703653e-05, 0.000159352232004, 0.000112095891382, 5.3735657275e-05], "mean": [0.000901799299754, 0.00138906389475, 0.00105493073352, 0.000754228094593, 0.00065141369123, 0.00062557432102, 0.000512554834131, 0.00034345081076, 0.000364563864423, 0.000130024622194, 7.18202063581e-05, 8.9267428848e-05, 6.44110623398e-05, 8.74973629834e-05, 6.48212662782e-05, 0.000139435345773, 7.90303165559e-05, 3.58344514098e-05, 4.05773571401e-05, 1.8910432118e-05, 1.90990122064e-05, 2.08687051781e-05, 1.44317127706e-05, 1.75257191586e-05, 1.41016816997e-05, 1.11963317977e-05, 6.93870515533e-06, 2.90591447083e-06, 2.90867183139e-06, 3.0062165024e-06, 2.82172550214e-06, 2.83555073111e-06, 2.77668300441e-06, 2.89035665446e-06, 2.74758872365e-06, 2.18031004806e-06, 1.30188811909e-06, 9.25799440665e-07, 6.72478336128e-07, 4.03901879054e-07], "median": [0.000386094092391, 0.000700053758919, 0.000726794241928, 0.000346807413734, 0.000421604665462, 0.000343661784427, 0.000304343528114, 0.000194391439436, 0.000135048496304, 5.11506950716e-05, 2.11485239561e-05, 3.23643835145e-05, 1.71384890564e-05, 2.20592482947e-05, 1.87905916391e-05, 2.04075258807e-05, 1.93426621991e-05, 8.42817371449e-06, 1.28683577714e-05, 7.33265733288e-06, 8.8366887212e-06, 7.73226383899e-06, 6.90275010129e-06, 6.08258415014e-06, 4.49229992228e-06, 5.26457642991e-06, 3.14543967761e-06, 1.28862029669e-06, 1.51773235757e-06, 1.4163290416e-06, 6.63118271405e-07, 5.29263616045e-07, 5.31614318788e-07, 3.94416758809e-07, 2.3315246267e-07, 1.11491949895e-07, 4.63277665119e-08, 2.13927062731e-08, 1.15940768097e-08, 5.06234165698e-09], "min": [8.93331135406e-25, 1.35911238056e-24, 2.00967285429e-24, 8.69715598132e-25, 1.84843619336e-24, 1.08683960293e-24, 1.87870991389e-24, 1.56881951513e-24, 2.02495841483e-24, 2.53860409124e-24, 3.17452892719e-24, 2.00749224553e-24, 2.93565375927e-24, 3.38791698535e-24, 3.0006758166e-24, 2.87146986665e-24, 2.44781487852e-24, 3.66319946456e-24, 3.94708131649e-24, 3.75060130855e-24, 3.72497042888e-24, 3.28305883281e-24, 4.28388035238e-24, 4.48041794717e-24, 3.99063156606e-24, 5.42823353593e-24, 4.712877901e-24, 4.41927412726e-24, 4.18091191614e-24, 5.81954364923e-24, 5.11614793448e-24, 5.44932176008e-24, 5.92545966424e-24, 5.87663469623e-24, 5.70097312201e-24, 5.91649544334e-24, 4.90911493978e-24, 6.48268694743e-24, 5.85035379517e-24, 4.93403032261e-24], "var": [1.56312546551e-06, 3.19634136758e-06, 1.19821481803e-06, 1.9664487354e-06, 6.79089566802e-07, 1.10492214844e-06, 3.81249606107e-07, 3.25288311842e-07, 6.68647089697e-07, 1.19662658449e-07, 4.79781618878e-08, 4.11399803113e-08, 3.20245447938e-08, 8.15605147864e-08, 4.37086100646e-08, 2.96673022149e-07, 5.28032870761e-08, 2.68847291096e-08, 1.06405151357e-08, 2.94117086241e-09, 1.76030778842e-09, 2.64054555998e-09, 7.07553571289e-10, 1.76317094258e-09, 8.72453442824e-10, 5.04094654907e-10, 1.13720817485e-10, 2.57591881853e-11, 1.7807977315e-11, 1.9578866306e-11, 3.02779502859e-11, 3.69089134256e-11, 4.2348430318e-11, 5.59270164902e-11, 5.79946750345e-11, 3.89978396798e-11, 1.96595188046e-11, 2.16248494805e-11, 1.53062614666e-11, 6.54216134391e-12]}, "melbands_crest": {"dmean": 3.33611869812, "dmean2": 5.44799613953, "dvar": 10.3555822372, "dvar2": 27.3750171661, "max": 35.2057647705, "mean": 12.6339635849, "median": 11.9087753296, "min": 1.47164964676, "var": 21.6010665894}, "melbands_flatness_db": {"dmean": 0.0291105881333, "dmean2": 0.0400763005018, "dvar": 0.000979915144853, "dvar2": 0.00175937952008, "max": 0.559296250343, "mean": 0.233160704374, "median": 0.215185582638, "min": 0.00292748608626, "var": 0.00794051308185}, "melbands_kurtosis": {"dmean": 5.37757205963, "dmean2": 8.37385177612, "dvar": 70.1731643677, "dvar2": 178.943695068, "max": 222.096115112, "mean": 9.80255317688, "median": 7.04448509216, "min": -1.69921684265, "var": 113.930358887}, "melbands_skewness": {"dmean": 0.692073106766, "dmean2": 1.01640605927, "dvar": 0.532562375069, "dvar2": 1.2330442667, "max": 12.027215004, "mean": 2.23565483093, "median": 2.10256004333, "min": -1.5104265213, "var": 1.67777907848}, "melbands_spread": {"dmean": 5.74221229553, "dmean2": 8.66043376923, "dvar": 57.5015907288, "dvar2": 134.019393921, "max": 163.472244263, "mean": 19.964427948, "median": 15.5390663147, "min": 0.695424735546, "var": 330.418762207}, "mfcc": {"cov": [[10093.1259766, -1460.21777344, -370.784637451, 63.043712616, -258.002716064, 278.54095459, -453.538818359, 335.629638672, -301.967590332, 57.0162124634, -151.071044922, -41.5779571533, -213.247909546], [-1460.21777344, 2763.72070312, -293.512268066, 498.199493408, 8.8129901886, -98.6733398438, 191.109848022, -194.247085571, 148.972671509, -39.0691299438, 138.829116821, 106.205192566, 128.927246094], [-370.784637451, -293.512268066, 663.663391113, -138.799209595, 141.243530273, -28.5890388489, -32.7514610291, 20.1968097687, -72.0393600464, 11.6804943085, 5.79641389847, 7.59500789642, 37.1992721558], [63.043712616, 498.199493408, -138.799209595, 437.248565674, -89.0763092041, 49.2580108643, -25.9171924591, -16.4115695953, 69.4509353638, 8.06217384338, 2.96942710876, 20.7449302673, 23.2853431702], [-258.002716064, 8.8129901886, 141.243530273, -89.0763092041, 225.097824097, -27.106710434, 41.2045326233, -18.988822937, -7.49375867844, 31.4113845825, 15.4831705093, -6.84174346924, 16.7501926422], [278.54095459, -98.6733398438, -28.5890388489, 49.2580108643, -27.106710434, 146.432342529, 3.03726792336, 55.0127983093, 9.97212123871, 23.2604465485, -0.122973904014, -3.01738524437, -10.944849968], [-453.538818359, 191.109848022, -32.7514610291, -25.9171924591, 41.2045326233, 3.03726792336, 178.250961304, 19.7240848541, 44.1912269592, 0.687196731567, 37.5061645508, 15.8208818436, 7.95068025589], [335.629638672, -194.247085571, 20.1968097687, -16.4115695953, -18.988822937, 55.0127983093, 19.7240848541, 161.674819946, 17.8217258453, 15.1344747543, -1.56249511242, -9.46700191498, -12.0905857086], [-301.967590332, 148.972671509, -72.0393600464, 69.4509353638, -7.49375867844, 9.97212123871, 44.1912269592, 17.8217258453, 130.704956055, 26.8957214355, 7.25444746017, -8.5618429184, 2.50866627693], [57.0162124634, -39.0691299438, 11.6804943085, 8.06217384338, 31.4113845825, 23.2604465485, 0.687196731567, 15.1344747543, 26.8957214355, 91.9359054565, 18.8211994171, -12.8476638794, -3.35024428368], [-151.071044922, 138.829116821, 5.79641389847, 2.96942710876, 15.4831705093, -0.122973904014, 37.5061645508, -1.56249511242, 7.25444746017, 18.8211994171, 96.3520278931, 27.4914150238, 10.699005127], [-41.5779571533, 106.205192566, 7.59500789642, 20.7449302673, -6.84174346924, -3.01738524437, 15.8208818436, -9.46700191498, -8.5618429184, -12.8476638794, 27.4914150238, 78.6460800171, 20.5682697296], [-213.247909546, 128.927246094, 37.1992721558, 23.2853431702, 16.7501926422, -10.944849968, 7.95068025589, -12.0905857086, 2.50866627693, -3.35024428368, 10.699005127, 20.5682697296, 75.6244354248]], "icov": [[0.000154888039106, 2.4202880013e-05, 0.000146144142491, -6.1550643295e-05, -3.25658802467e-05, -9.92456698441e-05, 0.00031664269045, -0.00034391702502, 0.000401961064199, -0.000154473280418, 8.8899898401e-05, -0.000138913033879, 0.00025216236827], [2.4202880013e-05, 0.000712157983799, 0.000194517997443, -0.000790298392531, -0.000206351323868, 0.000419825402787, -0.000576491351239, 0.000531491998117, -0.000186662771739, 0.000357805081876, -0.000653461727779, -0.000160821597092, -0.000587928865571], [0.000146144142491, 0.000194517997443, 0.00221059983596, 9.49151653913e-05, -0.00126778625418, 0.000197684028535, 0.000809274846688, -0.000844310910907, 0.00106577505358, -0.000153659289936, -0.000145726531628, -0.00042628616211, -0.000852385303006], [-6.1550643295e-05, -0.000790298392531, 9.49151653913e-05, 0.00402541644871, 0.00105841981713, -0.00153385382146, 0.00140053441282, 0.000198916881345, -0.00162312423345, -0.000436943402747, 0.000635831966065, -0.00057891139295, -0.000582256296184], [-3.25658802467e-05, -0.000206351323868, -0.00126778625418, 0.00105841981713, 0.00653814850375, 0.000495375541504, -0.00173149595503, 0.00109802687075, 0.000261114677414, -0.0025546697434, 0.000243297588895, 0.000926388951484, -0.000869393581524], [-9.92456698441e-05, 0.000419825402787, 0.000197684028535, -0.00153385382146, 0.000495375541504, 0.00909932143986, -0.00102566974238, -0.00225859554484, 0.00058426882606, -0.00191686756443, -7.3429881013e-05, -0.000208579920582, 0.000296199083095], [0.00031664269045, -0.000576491351239, 0.000809274846688, 0.00140053441282, -0.00173149595503, -0.00102566974238, 0.0089906072244, -0.00220662145875, -0.00192750967108, 0.00126013334375, -0.00182789575774, -0.00131938082632, 0.000720667128917], [-0.00034391702502, 0.000531491998117, -0.000844310910907, 0.000198916881345, 0.00109802687075, -0.00225859554484, -0.00220662145875, 0.00906573235989, -0.00215652608313, 5.33206221007e-05, -0.000435741443653, 0.000723169592675, -0.000471662089694], [0.000401961064199, -0.000186662771739, 0.00106577505358, -0.00162312423345, 0.000261114677414, 0.00058426882606, -0.00192750967108, -0.00215652608313, 0.0119407400489, -0.00370464357547, 0.001000663382, 0.00123644934501, 0.000273721903795], [-0.000154473280418, 0.000357805081876, -0.000153659289936, -0.000436943402747, -0.0025546697434, -0.00191686756443, 0.00126013334375, 5.33206221007e-05, -0.00370464357547, 0.0148004302755, -0.00413802405819, 0.00247841305099, 1.89152196981e-05], [8.8899898401e-05, -0.000653461727779, -0.000145726531628, 0.000635831966065, 0.000243297588895, -7.3429881013e-05, -0.00182789575774, -0.000435741443653, 0.001000663382, -0.00413802405819, 0.0140860965475, -0.00446066865698, 0.000302482629195], [-0.000138913033879, -0.000160821597092, -0.00042628616211, -0.00057891139295, 0.000926388951484, -0.000208579920582, -0.00131938082632, 0.000723169592675, 0.00123644934501, 0.00247841305099, -0.00446066865698, 0.0164908971637, -0.00349596724845], [0.00025216236827, -0.000587928865571, -0.000852385303006, -0.000582256296184, -0.000869393581524, 0.000296199083095, 0.000720667128917, -0.000471662089694, 0.000273721903795, 1.89152196981e-05, 0.000302482629195, -0.00349596724845, 0.0165192317218]], "mean": [-668.994995117, 153.473968506, -10.0754518509, 34.5158920288, -3.98770523071, 7.05944728851, -10.1566581726, 1.63052904606, -11.5263805389, 2.48545336723, 3.06663560867, 3.47411608696, -0.614532470703]}, "pitch_salience": {"dmean": 0.0726200267673, "dmean2": 0.11748662591, "dvar": 0.00436736922711, "dvar2": 0.0115693053231, "max": 0.853521764278, "mean": 0.582448959351, "median": 0.590906977654, "min": 0.0792452841997, "var": 0.0134898731485}, "silence_rate_20dB": {"dmean": 0, "dmean2": 0, "dvar": 0, "dvar2": 0, "max": 1, "mean": 1, "median": 1, "min": 1, "var": 0}, "silence_rate_30dB": {"dmean": 0, "dmean2": 0, "dvar": 0, "dvar2": 0, "max": 1, "mean": 1, "median": 1, "min": 1, "var": 0}, "silence_rate_60dB": {"dmean": 0.00218034582213, "dmean2": 0.00436137057841, "dvar": 0.00217560608871, "dvar2": 0.00465392740443, "max": 1, "mean": 0.0414201170206, "median": 0, "min": 0, "var": 0.0397035144269}, "spectral_centroid": {"dmean": 222.978378296, "dmean2": 334.906616211, "dvar": 97228.1796875, "dvar2": 220892.53125, "max": 11646.1601562, "mean": 1163.60119629, "median": 1000.85650635, "min": 123.83013916, "var": 1432751.75}, "spectral_complexity": {"dmean": 3.28017449379, "dmean2": 4.96760129929, "dvar": 14.2443170547, "dvar2": 28.6250171661, "max": 46, "mean": 17.4386482239, "median": 17, "min": 0, "var": 65.1586151123}, "spectral_contrast_coeffs": {"dmean": [0.0537378080189, 0.0459355711937, 0.0375499613583, 0.0308644883335, 0.0227078776807, 0.0246512275189], "dmean2": [0.0874513909221, 0.073923997581, 0.0589035227895, 0.048473149538, 0.0351879037917, 0.0357994139194], "dvar": [0.00248506548814, 0.00142733450048, 0.00103168096393, 0.000692418485414, 0.000386177940527, 0.000709190033376], "dvar2": [0.00642832694575, 0.0037076822482, 0.00235789595172, 0.00155338726472, 0.000832671590615, 0.00128356169444], "max": [-0.290181368589, -0.427023082972, -0.47008946538, -0.515357017517, -0.633833646774, -0.541119992733], "mean": [-0.636175334454, -0.709467589855, -0.76791960001, -0.770943343639, -0.782802939415, -0.724177181721], "median": [-0.640238106251, -0.712736368179, -0.772772789001, -0.776465773582, -0.781396269798, -0.713596105576], "min": [-0.975136995316, -0.979172825813, -0.983418524265, -0.983651995659, -0.981286108494, -0.978917360306], "var": [0.00711531750858, 0.00606910558417, 0.00444270251319, 0.00352513929829, 0.00198224908672, 0.00448442902416]}, "spectral_contrast_valleys": {"dmean": [0.367977529764, 0.334251374006, 0.301325142384, 0.294802546501, 0.330129414797, 0.388741403818], "dmean2": [0.606776952744, 0.539989769459, 0.481307774782, 0.448381990194, 0.450778216124, 0.471953183413], "dvar": [0.140100002289, 0.122944444418, 0.11148031801, 0.118503324687, 0.186478108168, 0.224290087819], "dvar2": [0.32385250926, 0.267597705126, 0.239570021629, 0.227128490806, 0.29908195138, 0.297482013702], "max": [-5.08553743362, -4.87697076797, -5.53642463684, -5.81606626511, -5.99973106384, -7.49400806427], "mean": [-7.40664672852, -6.62919235229, -7.76095914841, -8.01615333557, -8.1013469696, -11.3426780701], "median": [-7.0453286171, -6.29228925705, -7.4440073967, -7.68539524078, -7.72720336914, -11.3528690338], "min": [-28.5545825958, -28.1250934601, -27.7048492432, -27.5603141785, -27.5124855042, -27.4080200195], "var": [5.57104492188, 5.85261487961, 5.23571491241, 5.31140947342, 5.73009872437, 5.0260181427]}, "spectral_decrease": {"dmean": 1.89954851848e-09, "dmean2": 3.00465718972e-09, "dvar": 5.13926032449e-18, "dvar2": 1.30078899341e-17, "max": 1.2444062909e-28, "mean": -6.54611698181e-09, "median": -6.02938321492e-09, "min": -2.45443523283e-08, "var": 1.28631506977e-17}, "spectral_energy": {"dmean": 0.00753674050793, "dmean2": 0.0118413679302, "dvar": 8.08380718809e-05, "dvar2": 0.000200899681658, "max": 0.0983370766044, "mean": 0.0264230761677, "median": 0.02406809479, "min": 9.89001616513e-21, "var": 0.000214202271309}, "spectral_energyband_high": {"dmean": 0.000402486068197, "dmean2": 0.000575244077481, "dvar": 7.95719415692e-07, "dvar2": 1.5243206235e-06, "max": 0.0195847768337, "mean": 0.000628615205642, "median": 0.000155125802848, "min": 6.9583564039e-21, "var": 1.72978138835e-06}, "spectral_energyband_low": {"dmean": 0.00325011461973, "dmean2": 0.00496971746907, "dvar": 2.39343498833e-05, "dvar2": 6.10541392234e-05, "max": 0.0644383952022, "mean": 0.00761335110292, "median": 0.00487413909286, "min": 1.94453787152e-23, "var": 6.22235966148e-05}, "spectral_energyband_middle_high": {"dmean": 0.00199656677432, "dmean2": 0.00268826284446, "dvar": 1.50823052536e-05, "dvar2": 2.63759211521e-05, "max": 0.0828303024173, "mean": 0.00533257145435, "median": 0.00257337768562, "min": 1.1376787892e-21, "var": 6.81780948071e-05}, "spectral_energyband_middle_low": {"dmean": 0.00568770524114, "dmean2": 0.0090953046456, "dvar": 6.11339128227e-05, "dvar2": 0.000156689216965, "max": 0.0866070389748, "mean": 0.0144196292385, "median": 0.0123115517199, "min": 1.59820922235e-22, "var": 0.000105025676021}, "spectral_entropy": {"dmean": 0.195633098483, "dmean2": 0.267724514008, "dvar": 0.0586510784924, "dvar2": 0.1037177369, "max": 9.82280635834, "mean": 7.29647541046, "median": 7.338347435, "min": 5.29506254196, "var": 0.357619076967}, "spectral_flux": {"dmean": 0.0236378125846, "dmean2": 0.0370406806469, "dvar": 0.000675318995491, "dvar2": 0.00146986765321, "max": 0.288709640503, "mean": 0.0796327143908, "median": 0.0716984421015, "min": 6.45238584784e-11, "var": 0.00185402680654}, "spectral_kurtosis": {"dmean": 3.41535401344, "dmean2": 5.52507686615, "dvar": 26.9562110901, "dvar2": 57.8822441101, "max": 95.8661193848, "mean": 6.68273019791, "median": 3.94103002548, "min": -1.34353137016, "var": 75.3659210205}, "spectral_rms": {"dmean": 0.000693219189998, "dmean2": 0.00107379269321, "dvar": 5.67317556488e-07, "dvar2": 1.38616314871e-06, "max": 0.009794825688, "mean": 0.00483229290694, "median": 0.00484572676942, "min": 3.10625115039e-12, "var": 2.42741043621e-06}, "spectral_rolloff": {"dmean": 432.393127441, "dmean2": 734.883972168, "dvar": 907984.375, "dvar2": 2024425.625, "max": 19401.4160156, "mean": 1393.82531738, "median": 753.662109375, "min": 21.533203125, "var": 5365705}, "spectral_skewness": {"dmean": 0.371112912893, "dmean2": 0.567553341389, "dvar": 0.237607806921, "dvar2": 0.462716072798, "max": 7.73125600815, "mean": 1.65522551537, "median": 1.43150520325, "min": -0.0711164698005, "var": 0.854981064796}, "spectral_spread": {"dmean": 524252.59375, "dmean2": 693661.1875, "dvar": 822061826048, "dvar2": 1339748909060.0, "max": 43157196, "mean": 4030485, "median": 3208372, "min": 967370.3125, "var": 19341898678300.0}, "spectral_strongpeak": {"dmean": 0.603421628475, "dmean2": 0.982292890549, "dvar": 1.09147047997, "dvar2