{"lowlevel": {"average_loudness": 0.830191910267, "barkbands": {"dmean": [0.00461189169437, 0.0147165460512, 0.00291992910206, 0.00116940983571, 0.00189322873484, 0.00126019329764, 0.00134133943357, 0.000689052976668, 0.000628059089649, 0.000793376704678, 0.00104963220656, 0.000734765839297, 0.000393278780393, 0.000295006728265, 0.000173769643879, 0.000138011499075, 8.77976199263e-05, 0.000110899149149, 0.000110180757474, 8.35009341245e-05, 3.50354930561e-05, 1.43130946526e-05, 6.694532658e-06, 2.72694433079e-06, 2.26481688514e-06, 3.52535812453e-06, 0.000119306052511], "dmean2": [0.00712496275082, 0.0253908969462, 0.00490450626239, 0.00197567697614, 0.00296613713726, 0.00193109631073, 0.00211323122494, 0.0010964445537, 0.00098603439983, 0.00124954874627, 0.00166899699252, 0.00115487142466, 0.000625121349003, 0.000466231664177, 0.000276318955002, 0.000217336026253, 0.000133288442157, 0.000165808844031, 0.00015976963914, 0.000115555936645, 4.94771884405e-05, 2.08675592148e-05, 9.88805913948e-06, 4.27856366514e-06, 3.66037829735e-06, 5.27296515429e-06, 0.000162566298968], "dvar": [0.000239178276388, 0.00189568498172, 4.97215150972e-05, 5.89715682509e-06, 2.08176224987e-05, 1.61967127497e-05, 1.66211939359e-05, 5.20875664733e-06, 3.67074289898e-06, 3.8404418774e-06, 8.69984432939e-06, 6.66938240101e-06, 2.10856160265e-06, 9.37690174396e-07, 1.99383933364e-07, 1.91082222045e-07, 4.64584566373e-08, 1.35936531365e-07, 1.31104528123e-07, 1.98046507194e-07, 1.4550763261e-08, 1.29314936537e-09, 2.30330629569e-10, 4.47146833449e-11, 3.39353684042e-11, 5.84288520344e-11, 6.2702987691e-08], "dvar2": [0.000514088431373, 0.00513912271708, 0.000122439974803, 1.54649969772e-05, 4.74048756587e-05, 3.43816172972e-05, 3.89294036722e-05, 1.23751196952e-05, 8.01800251793e-06, 9.78669322649e-06, 2.06478398468e-05, 1.61364387168e-05, 4.73724367112e-06, 1.99158171199e-06, 4.93567654303e-07, 5.29111218839e-07, 1.03760555703e-07, 3.1034943504e-07, 2.75959592955e-07, 3.26579112198e-07, 2.73073741397e-08, 3.08393888204e-09, 4.84059903272e-10, 9.66988919493e-11, 7.74590808161e-11, 1.23087151582e-10, 1.22032531635e-07], "max": [0.358642548323, 0.512633085251, 0.142554163933, 0.0409751646221, 0.134643569589, 0.123297505081, 0.094778880477, 0.0449432507157, 0.072995595634, 0.0545325390995, 0.0650281608105, 0.0828497111797, 0.0452606752515, 0.0569329373538, 0.0136443944648, 0.0173364598304, 0.00499135442078, 0.0153887458146, 0.0125498706475, 0.0208828430623, 0.00708804186434, 0.000822357891593, 0.000320382037899, 0.000137523471494, 0.000105854327558, 0.000169759514392, 0.00617482699454], "mean": [0.00444814749062, 0.0132747162133, 0.00311899906956, 0.00127109047025, 0.00247209100053, 0.00162737944629, 0.00171187985688, 0.00081488082651, 0.000818178697955, 0.0011205743067, 0.0013090808643, 0.000961234793067, 0.000513787323143, 0.000429309438914, 0.000272622477496, 0.000219238470891, 0.000135889873491, 0.000162200754858, 0.000176144967554, 0.000132152286824, 5.46474620933e-05, 2.02803512366e-05, 7.98861219664e-06, 2.79074129139e-06, 2.14567080548e-06, 4.18382887801e-06, 0.000268028758001], "median": [0.000120288401376, 0.00121825526003, 0.000767624063883, 0.000422350334702, 0.000679646153003, 0.000282215187326, 0.000308770890115, 0.000124324054923, 0.000185735625564, 0.000363194732927, 0.000295489560813, 0.000207224744372, 0.000154751120135, 0.000125706690596, 6.94861082593e-05, 4.76896711916e-05, 3.23866988765e-05, 3.89894121327e-05, 4.70823142678e-05, 2.81638640445e-05, 1.56423539011e-05, 6.40570942778e-06, 1.91051594811e-06, 5.6841361129e-07, 3.85555949833e-07, 1.2329535366e-06, 8.97016579984e-05], "min": [2.52113166035e-25, 2.19129703366e-24, 1.91172689822e-24, 8.30251253627e-25, 8.1724475168e-24, 7.08639430959e-24, 6.03568798739e-24, 9.9368382721e-24, 1.31909936358e-23, 1.30845329123e-23, 2.09252928175e-23, 1.93926228533e-23, 3.04107677566e-23, 2.59987207785e-23, 3.89588708364e-23, 6.32067605897e-23, 5.20455242068e-23, 8.31086483776e-23, 1.33333585745e-22, 1.66098740427e-22, 2.45563261631e-22, 3.21813774179e-22, 3.5648361774e-22, 5.54097363953e-22, 7.81738993238e-22, 1.38912240935e-21, 1.88015285566e-21], "var": [0.000285522371996, 0.00148927792907, 5.18918641319e-05, 6.32359979136e-06, 3.32489580614e-05, 3.02227726934e-05, 2.32592501561e-05, 6.59872648612e-06, 6.3416773628e-06, 6.48258446745e-06, 1.11736917461e-05, 1.01459327198e-05, 2.70003556579e-06, 1.48552453538e-06, 3.80041768722e-07, 3.4662778603e-07, 1.02871048568e-07, 2.41474140239e-07, 3.04427629771e-07, 4.65349614842e-07, 3.1673764056e-08, 1.95022886729e-09, 3.55822510345e-10, 5.52163523238e-11, 3.60021006063e-11, 8.44220526819e-11, 2.33636370695e-07]}, "barkbands_crest": {"dmean": 3.51784157753, "dmean2": 5.79056406021, "dvar": 9.31300258636, "dvar2": 24.2318897247, "max": 25.2783145905, "mean": 10.8075256348, "median": 9.93476486206, "min": 2.26330447197, "var": 21.5104637146}, "barkbands_flatness_db": {"dmean": 0.0335838571191, "dmean2": 0.0525367893279, "dvar": 0.00092656922061, "dvar2": 0.00223555997945, "max": 0.441366076469, "mean": 0.159736782312, "median": 0.152263700962, "min": 0.0312600471079, "var": 0.00303666037507}, "barkbands_kurtosis": {"dmean": 9.28003025055, "dmean2": 15.0528774261, "dvar": 434.891967773, "dvar2": 1073.41918945, "max": 432.005187988, "mean": 12.4383716583, "median": 5.07032680511, "min": -1.80029129982, "var": 607.28704834}, "barkbands_skewness": {"dmean": 0.960568666458, "dmean2": 1.47911512852, "dvar": 1.26401770115, "dvar2": 2.90624833107, "max": 15.9815378189, "mean": 2.15917849541, "median": 1.8070731163, "min": -2.79492425919, "var": 3.70699834824}, "barkbands_spread": {"dmean": 6.51123714447, "dmean2": 10.1432981491, "dvar": 57.6902770996, "dvar2": 135.363967896, "max": 126.704597473, "mean": 18.7904529572, "median": 15.7243995667, "min": 0.310660243034, "var": 191.024780273}, "dissonance": {"dmean": 0.0256005395204, "dmean2": 0.0432260334492, "dvar": 0.000715007365216, "dvar2": 0.00194519024808, "max": 0.500000119209, "mean": 0.461788773537, "median": 0.472207725048, "min": 0.256746947765, "var": 0.00122170476243}, "dynamic_complexity": 4.59784221649, "erbbands": {"dmean": [0.520960628986, 2.99847555161, 4.11943006516, 3.2459602356, 4.7382850647, 7.50702762604, 9.26021671295, 9.8743686676, 17.9804344177, 17.5059871674, 15.1170377731, 12.5769138336, 19.0520362854, 32.9108200073, 35.5919761658, 27.5221042633, 17.0631828308, 14.7216348648, 10.4194059372, 8.7805480957, 7.06695413589, 5.03129768372, 5.74490642548, 5.3255033493, 5.48993587494, 4.00480651855, 2.07259392738, 1.0080820322, 0.556967437267, 0.321619451046, 0.16850399971, 0.0740387141705, 0.0389949046075, 0.0254920385778, 0.0160622596741, 0.00924901012331, 0.00685355672613, 0.00700247753412, 0.00780775863677, 0.0038619604893], "dmean2": [0.914316415787, 5.16729784012, 6.90188789368, 5.37645101547, 7.73647069931, 11.8293218613, 14.3179187775, 15.1300048828, 28.1899013519, 26.8810939789, 24.322593689, 19.564081192, 29.6159152985, 51.8260536194, 56.3267669678, 43.0019454956, 26.5313205719, 23.0068035126, 16.6693058014, 13.7945289612, 11.1028413773, 7.54007673264, 8.55324840546, 7.88014698029, 7.85551595688, 5.43054533005, 2.84537363052, 1.44055080414, 0.810522317886, 0.466492205858, 0.250555872917, 0.112439468503, 0.0622908398509, 0.041188146919, 0.0259178802371, 0.0147688928992, 0.0101167038083, 0.00971635617316, 0.0101287616417, 0.00527882110327], "dvar": [3.01475691795, 72.1974411011, 103.683906555, 45.5594749451, 109.406204224, 480.462982178, 996.910949707, 1051.05334473, 3238.07324219, 3676.23950195, 2819.41479492, 1480.77978516, 1939.90319824, 6782.01855469, 8917.53222656, 10724.6289062, 3416.35180664, 2771.47973633, 639.602844238, 568.981933594, 716.652832031, 153.041107178, 339.70135498, 306.427124023, 444.387878418, 500.455627441, 72.8396911621, 8.73057842255, 2.03085875511, 0.503017544746, 0.150948539376, 0.032432153821, 0.00966182630509, 0.00432600593194, 0.00168936292175, 0.000525984971318, 0.000225757277803, 0.000275759142824, 0.000513523351401, 4.82561990793e-05], "dvar2": [8.35877990723, 194.355987549, 258.948730469, 116.664588928, 258.650390625, 1088.86889648, 2209.79321289, 2115.96069336, 7598.07080078, 7999.73095703, 6885.92626953, 3260.98046875, 4599.40234375, 16488.1542969, 21095.2675781, 25344.4355469, 7409.69873047, 5731.87255859, 1552.16125488, 1454.0144043, 2062.07397461, 336.018798828, 757.616027832, 663.316955566, 883.684631348, 878.254150391, 128.040252686, 16.8596191406, 4.83764982224, 1.07096850872, 0.320746123791, 0.0666847899556, 0.0217830687761, 0.00987184420228, 0.00385363446549, 0.00119096646085, 0.000461757037556, 0.00064434169326, 0.000934824813157, 9.61827099673e-05], "max": [33.5422592163, 106.220909119, 181.462722778, 122.004013062, 188.944213867, 776.447509766, 1110.02001953, 1555.75915527, 1126.26257324, 2510.03051758, 1184.02111816, 1263.73046875, 1238.69702148, 1727.64855957, 1917.19445801, 3979.94116211, 1622.21679688, 3360.05493164, 780.771484375, 911.379272461, 1140.85974121, 298.626281738, 673.350769043, 901.926879883, 963.383239746, 1121.30419922, 497.75201416, 143.626556396, 33.4257011414, 14.6211099625, 8.60910797119, 5.04665660858, 1.77512288094, 1.19702148438, 0.746286332607, 0.416756540537, 0.382927268744, 0.469514042139, 1.02871644497, 0.167890205979], "mean": [0.444208592176, 2.71835160255, 4.30246973038, 3.90588760376, 5.74537658691, 9.34168720245, 11.90741539, 12.7729358673, 22.4633235931, 22.3407001495, 18.6689929962, 16.9349422455, 28.5608119965, 45.0472297668, 47.8681945801, 37.8908081055, 24.5537376404, 22.5741958618, 17.0589313507, 14.3320522308, 11.3007411957, 8.36033630371, 8.83262252808, 8.48673534393, 8.82398414612, 6.18113946915, 3.23931527138, 1.56591045856, 0.799984514713, 0.425864577293, 0.194873347878, 0.0802441313863, 0.0380358248949, 0.024113478139, 0.0153378313407, 0.00921747274697, 0.00829765759408, 0.0110063022003, 0.0150454593822, 0.0101763568819], "median": [0.0294022914022, 0.288290858269, 1.00957298279, 1.40902376175, 1.95616102219, 1.91168928146, 1.9612455368, 2.51832151413, 3.85636472702, 4.18731117249, 3.09244632721, 4.08738327026, 9.89102554321, 14.7323484421, 12.7786254883, 9.12782669067, 8.00023841858, 7.10177230835, 5.30261135101, 3.41589665413, 2.56122088432, 2.07285833359, 2.00151777267, 2.39607429504, 2.17039442062, 1.34715485573, 0.843629360199, 0.474115312099, 0.255335271358, 0.118956543505, 0.0455495044589, 0.0174502953887, 0.00727225234732, 0.00429431907833, 0.00289597595111, 0.00203908281401, 0.00242455280386, 0.0039266878739, 0.00527498219162, 0.00467609241605], "min": [1.05099162163e-22, 2.09559208154e-22, 2.16388085448e-21, 7.4064742306e-21, 9.99661906658e-21, 1.89134443163e-20, 3.35106505029e-20, 6.56595549223e-20, 1.1885387283e-19, 1.98696848146e-19, 2.12481813054e-19, 2.93733696674e-19, 5.39705571189e-19, 7.08293768821e-19, 8.45950322929e-19, 1.29738367694e-18, 1.34333407696e-18, 1.82221478296e-18, 1.96683159663e-18, 2.57409424922e-18, 3.55001972029e-18, 4.20282528304e-18, 3.73333204302e-18, 7.05099672924e-18, 7.99065157123e-18, 7.82930254812e-18, 9.99856219785e-18, 1.05813465082e-17, 1.00362882512e-17, 1.15959033818e-17, 1.04224815084e-17, 1.03328573162e-17, 9.44162810886e-18, 8.31829781186e-18, 6.17116689788e-18, 4.35076322688e-18, 2.41526068236e-18, 9.06225371503e-19, 2.26444414999e-19, 2.89928678781e-20], "var": [2.24638175964, 57.0213928223, 98.8869018555, 53.3287353516, 138.52822876, 756.611999512, 1986.94042969, 1815.25915527, 4499.04443359, 5516.45166016, 3554.77587891, 2496.85107422, 3781.66699219, 9445.79003906, 12336.796875, 17209.2441406, 5126.140625, 4428.60400391, 1402.32214355, 1025.15197754, 1171.12817383, 371.298095703, 723.672363281, 622.302368164, 1047.55932617, 1078.92932129, 164.281021118, 18.6591453552, 3.09634232521, 0.839353680611, 0.216725096107, 0.0452225953341, 0.010702919215, 0.00458825705573, 0.00179973477498, 0.000580578285735, 0.000345236476278, 0.000485577707877, 0.00145861459896, 0.000206170414458]}, "erbbands_crest": {"dmean": 3.18900704384, "dmean2": 5.16881227493, "dvar": 8.89826393127, "dvar2": 21.5434589386, "max": 31.6531543732, "mean": 9.60328102112, "median": 8.55340957642, "min": 2.45470166206, "var": 21.0755157471}, "erbbands_flatness_db": {"dmean": 0.028492204845, "dmean2": 0.0427678674459, "dvar": 0.000592918542679, "dvar2": 0.00123001344036, "max": 0.402912259102, "mean": 0.172467306256, "median": 0.168622493744, "min": 0.0531753152609, "var": 0.00257287058048}, "erbbands_kurtosis": {"dmean": 1.75489664078, "dmean2": 2.80160188675, "dvar": 8.62113380432, "dvar2": 20.2663383484, "max": 55.6360397339, "mean": 1.70332932472, "median": 0.649523258209, "min": -1.80076026917, "var": 13.4833364487}, "erbbands_skewness": {"dmean": 0.472630947828, "dmean2": 0.717396318913, "dvar": 0.213853001595, "dvar2": 0.469836443663, "max": 5.34131860733, "mean": 0.206212475896, "median": 0.173812270164, "min": -5.39800024033, "var": 0.80060750246}, "erbbands_spread": {"dmean": 7.80666685104, "dmean2": 11.8941011429, "dvar": 63.2344093323, "dvar2": 140.194229126, "max": 108.678672791, "mean": 25.7697639465, "median": 23.6151332855, "min": 0.80180054903, "var": 205.427093506}, "gfcc": {"cov": [[29836.0117188, 2387.35839844, -2328.82250977, 191.510742188, 66.6839675903, -404.043243408, 174.279434204, -373.682769775, -206.953521729, -65.5415420532, 59.4426689148, -72.3317871094, -59.3179969788], [2387.35839844, 1140.75854492, 149.665878296, -37.3494606018, 49.3750190735, 10.39889431, 56.3313331604, -53.0326271057, -46.5548706055, 7.55762624741, 40.5490951538, -68.6616973877, 19.62541008], [-2328.82250977, 149.665878296, 1061.1875, 371.434875488, -53.2457618713, 319.809112549, -111.049743652, 230.983352661, -42.6512145996, 66.2645492554, 15.0471601486, 4.65833616257, 9.53665733337], [191.510742188, -37.3494606018, 371.434875488, 626.528320312, 166.391693115, 22.8359260559, 62.3084983826, 57.0277671814, -18.5926456451, 41.2441596985, 5.21481275558, 21.9964466095, -36.9993743896], [66.6839675903, 49.3750190735, -53.2457618713, 166.391693115, 368.943817139, 49.733417511, 78.1726150513, -25.2738342285, 37.9084281921, -9.37332057953, 14.8527164459, -16.8029155731, 17.5872421265], [-404.043243408, 10.39889431, 319.809112549, 22.8359260559, 49.733417511, 394.439453125, -57.9844970703, 152.731399536, 14.6080513, 32.8836936951, 8.98846244812, 14.6730108261, 5.11810684204], [174.279434204, 56.3313331604, -111.049743652, 62.3084983826, 78.1726150513, -57.9844970703, 225.122665405, -13.2042751312, 60.8620071411, -23.8384361267, -10.0971736908, 22.6664600372, -11.0573215485], [-373.682769775, -53.0326271057, 230.983352661, 57.0277671814, -25.2738342285, 152.731399536, -13.2042751312, 219.748031616, 51.5766334534, 44.3448562622, 10.2493648529, 13.8329954147, 27.3975009918], [-206.953521729, -46.5548706055, -42.6512145996, -18.5926456451, 37.9084281921, 14.6080513, 60.8620071411, 51.5766334534, 174.136779785, 34.6678009033, -2.39982962608, 34.7951393127, -17.8427295685], [-65.5415420532, 7.55762624741, 66.2645492554, 41.2441596985, -9.37332057953, 32.8836936951, -23.8384361267, 44.3448562622, 34.6678009033, 115.070617676, 53.7462425232, 4.86139011383, 2.84572601318], [59.4426689148, 40.5490951538, 15.0471601486, 5.21481275558, 14.8527164459, 8.98846244812, -10.0971736908, 10.2493648529, -2.39982962608, 53.7462425232, 86.372253418, 30.0344142914, 9.64086151123], [-72.3317871094, -68.6616973877, 4.65833616257, 21.9964466095, -16.8029155731, 14.6730108261, 22.6664600372, 13.8329954147, 34.7951393127, 4.86139011383, 30.0344142914, 88.1798782349, 13.3794755936], [-59.3179969788, 19.62541008, 9.53665733337, -36.9993743896, 17.5872421265, 5.11810684204, -11.0573215485, 27.3975009918, -17.8427295685, 2.84572601318, 9.64086151123, 13.3794755936, 92.5596084595]], "icov": [[0.00011136795365, -0.00037166455877, 0.000685884908307, -0.000593910051975, 0.000395416864194, -0.000352292205207, 0.000288829876808, -0.000178229194717, -4.3360854761e-05, 0.000235920073465, -0.000117961448268, 6.69732689857e-05, -0.000139299620059], [-0.00037166455877, 0.00239955703728, -0.00273087457754, 0.00216693943366, -0.0011844857363, 0.00100933900103, -0.00171409640461, 0.00139890541323, -0.000121770433907, -0.000387138279621, -0.00103975844104, 0.00144271505997, -0.000160797964782], [0.000685884908307, -0.00273087457754, 0.00677503552288, -0.00578305590898, 0.00405693473294, -0.00397255970165, 0.00272810808383, -0.00179184554145, -0.000900864775758, 0.00251232855953, -0.0017084548017, 0.00163646449801, -0.00199556560256], [-0.000593910051975, 0.00216693943366, -0.00578305590898, 0.00812707841396, -0.00614997185767, 0.0046861032024, -0.00263457163237, -0.00104576419108, 0.00439386162907, -0.00578612694517, 0.00541173666716, -0.00567768048495, 0.00519063416868], [0.000395416864194, -0.0011844857363, 0.00405693473294, -0.00614997185767, 0.00864899065346, -0.00502002052963, 0.000261326640612, 0.00286855222657, -0.00546999648213, 0.00618180911988, -0.00740499002859, 0.00796556845307, -0.00618012435734], [-0.000352292205207, 0.00100933900103, -0.00397255970165, 0.0046861032024, -0.00502002052963, 0.00729057425633, -0.000155559609993, -0.00348094827496, 0.00329486699775, -0.00382629595697, 0.0045115808025, -0.00534855062142, 0.00446121953428], [0.000288829876808, -0.00171409640461, 0.00272810808383, -0.00263457163237, 0.000261326640612, -0.000155559609993, 0.00751354172826, -0.0014452082105, -0.00207667029463, 0.00236121029593, 0.000340569589753, -0.0016756473342, 0.000232456673984], [-0.000178229194717, 0.00139890541323, -0.00179184554145, -0.00104576419108, 0.00286855222657, -0.00348094827496, -0.0014452082105, 0.0110000949353, -0.00547241885215, 0.00131685461383, -0.0039552077651, 0.00539779942483, -0.00588916055858], [-4.3360854761e-05, -0.000121770433907, -0.000900864775758, 0.00439386162907, -0.00546999648213, 0.00329486699775, -0.00207667029463, -0.00547241885215, 0.0142530268058, -0.00966120976955, 0.0104245645925, -0.0111801968887, 0.00765101984143], [0.000235920073465, -0.000387138279621, 0.00251232855953, -0.00578612694517, 0.00618180911988, -0.00382629595697, 0.00236121029593, 0.00131685461383, -0.00966120976955, 0.0220514982939, -0.0180741604418, 0.0118331098929, -0.00577749731019], [-0.000117961448268, -0.00103975844104, -0.0017084548017, 0.00541173666716, -0.00740499002859, 0.0045115808025, 0.000340569589753, -0.0039552077651, 0.0104245645925, -0.0180741604418, 0.03058847785, -0.0183756854385, 0.00688851252198], [6.69732689857e-05, 0.00144271505997, 0.00163646449801, -0.00567768048495, 0.00796556845307, -0.00534855062142, -0.0016756473342, 0.00539779942483, -0.0111801968887, 0.0118331098929, -0.0183756854385, 0.0274190995842, -0.0102853206918], [-0.000139299620059, -0.000160797964782, -0.00199556560256, 0.00519063416868, -0.00618012435734, 0.00446121953428, 0.000232456673984, -0.00588916055858, 0.00765101984143, -0.00577749731019, 0.00688851252198, -0.0102853206918, 0.0181494746357]], "mean": [-74.4191131592, 105.661239624, -98.4433670044, -6.89289283752, -14.2836446762, -18.3764953613, 8.47008514404, -17.732925415, -8.6471452713, -10.2545938492, -3.77654623985, -4.84995269775, -5.30018138885]}, "hfc": {"dmean": 32.1972885132, "dmean2": 46.8333740234, "dvar": 2885.08911133, "dvar2": 6490.97851562, "max": 1621.59545898, "mean": 75.8179702759, "median": 54.7672767639, "min": 1.07073825292e-16, "var": 6196.03662109}, "melbands": {"dmean": [0.00448549725115, 0.0028002790641, 0.000584791938309, 0.000435057387222, 0.000312502961606, 0.000234548424487, 0.000267840339802, 0.000178753616638, 0.000121548706375, 8.2472259237e-05, 0.000101472061942, 0.000135754831717, 0.000136108792503, 8.36792823975e-05, 6.30592840025e-05, 3.68529108528e-05, 2.69941992883e-05, 1.98006218852e-05, 1.24952366605e-05, 1.06251163743e-05, 8.27221447253e-06, 5.50258982912e-06, 5.6856174524e-06, 5.12205906489e-06, 4.44447641712e-06, 4.54428982266e-06, 3.56860800821e-06, 2.57563260675e-06, 1.50675157329e-06, 8.44367548325e-07, 5.2882859336e-07, 3.4246951941e-07, 2.33925376847e-07, 1.63659564123e-07, 1.06920253984e-07, 6.25645455443e-08, 3.90943633022e-08, 2.80027947497e-08, 2.33961454654e-08, 2.08005932478e-08], "dmean2": [0.00764338998124, 0.00467575341463, 0.000954732764512, 0.000692618137691, 0.000483032694319, 0.000358805962605, 0.000418734620325, 0.000275512516964, 0.000196953580598, 0.000128973930259, 0.000158566937898, 0.000213829262066, 0.000216008178541, 0.000132631030283, 9.99496260192e-05, 5.73791039642e-05, 4.23986130045e-05, 3.20385188388e-05, 1.97908557311e-05, 1.67281341419e-05, 1.32554741867e-05, 8.39744643599e-06, 8.52363882586e-06, 7.80958544055e-06, 6.70274039294e-06, 6.66081632517e-06, 5.05554453412e-06, 3.59282216778e-06, 2.135603836e-06, 1.21293521715e-06, 7.76968761329e-07, 5.11261589509e-07, 3.43914706491e-07, 2.41235994736e-07, 1.60154897344e-07, 9.42175830687e-08, 6.05944379117e-08, 4.48493899796e-08, 3.78540150336e-08, 3.36311209992e-08], "dvar": [0.000191000915947, 5.03922128701e-05, 1.3583130567e-06, 1.25098335957e-06, 8.47075398269e-07, 5.17318426319e-07, 6.76016099987e-07, 3.61329313137e-07, 1.90096486108e-07, 7.03337192931e-08, 5.80552566021e-08, 1.11932074276e-07, 1.46412560298e-07, 1.01055583457e-07, 6.33803765027e-08, 1.82187065434e-08, 1.13252180967e-08, 2.5581055052e-09, 1.09539988191e-09, 8.04559585621e-10, 1.02397168522e-09, 1.95396476776e-10, 2.99237773449e-10, 2.99591934594e-10, 2.11989870103e-10, 2.56906218521e-10, 2.74100131481e-10, 2.2583472592e-10, 4.42168732184e-11, 6.90748890378e-12, 2.44751766597e-12, 8.76841405473e-13, 2.91911839752e-13, 1.38773351534e-13, 6.10684869643e-14, 2.36956924893e-14, 9.64980167577e-15, 4.96491072539e-15, 3.67136266592e-15, 2.8821560227e-15], "dvar2": [0.000514667539392, 0.000129798732814, 3.35309255206e-06, 2.88535989057e-06, 1.88215619801e-06, 1.0661728993e-06, 1.58760917657e-06, 7.86111684192e-07, 4.68820189781e-07, 1.48774859099e-07, 1.39815526268e-07, 2.73853913768e-07, 3.4646984659e-07, 2.55050593978e-07, 1.33784809009e-07, 4.18250216683e-08, 2.32276864409e-08, 6.26410390225e-09, 2.72310796134e-09, 2.08068096086e-09, 2.97698887763e-09, 4.54352999668e-10, 6.71926181361e-10, 7.05796088241e-10, 4.71158556614e-10, 5.63096846928e-10, 4.63943966578e-10, 4.31742558371e-10, 8.33955821067e-11, 1.37737286854e-11, 5.09615136549e-12, 2.19322086534e-12, 6.5509679929e-13, 2.97036863422e-13, 1.32760379838e-13, 4.97968026948e-14, 2.03642644739e-14, 1.12038403186e-14, 8.38206016911e-15, 6.58074380985e-15], "max": [0.23239608109, 0.094471976161, 0.0176623109728, 0.035134550184, 0.0286948271096, 0.0304710511118, 0.0161919463426, 0.0230883806944, 0.0112150376663, 0.0105377500877, 0.00694516021758, 0.00654423888773, 0.009417578578, 0.0100192045793, 0.00911606941372, 0.00585212372243, 0.0071989716962, 0.00137145572808, 0.000918354140595, 0.000956358562689, 0.00131806882564, 0.000374212890165, 0.000696618284564, 0.000795915024355, 0.000736027199309, 0.000588099705055, 0.000753045198508, 0.00070088438224, 0.000378508237191, 0.00011403413373, 7.82707720646e-05, 2.49751756201e-05, 1.21838847917e-05, 8.02767772257e-06, 4.74845637655e-06, 4.13375028074e-06, 2.85136479761e-06, 1.26219924823e-06, 1.10559381028e-06, 9.76018441179e-07], "mean": [0.00412297481671, 0.00281681725755, 0.000739398179576, 0.00054749433184, 0.000411828281358, 0.0003035570262, 0.000342056911904, 0.000224503717618, 0.000147072772961, 0.000108933149022, 0.00014847102284, 0.000183577751159, 0.000174628643435, 0.000109457098006, 8.04486335255e-05, 5.00675923831e-05, 3.92943366023e-05, 2.95845748042e-05, 1.90602677321e-05, 1.67823945958e-05, 1.22059736896e-05, 8.26157975098e-06, 8.41578093969e-06, 7.43678992876e-06, 6.71859470458e-06, 6.90683782523e-06, 5.57617750019e-06, 3.74792125513e-06, 2.25139683607e-06, 1.26880513562e-06, 7.72535884153e-07, 4.74780108561e-07, 3.14921521749e-07, 2.04001665338e-07, 1.19768913009e-07, 6.85858054794e-08, 4.03694997431e-08, 2.70175863903e-08, 2.19520650546e-08, 1.96183957968e-08], "median": [0.000312731397571, 0.000549105228856, 0.000284732785076, 0.000149452243932, 7.38851667847e-05, 5.74836340093e-05, 6.07015172136e-05, 3.85868625017e-05, 2.18926124944e-05, 2.45987685048e-05, 4.68271937279e-05, 5.94480407017e-05, 4.12077351939e-05, 2.27302953135e-05, 1.8309448933e-05, 1.51308604472e-05, 1.19413998618e-05, 7.71388204157e-06, 4.79036862089e-06, 3.45850548911e-06, 2.44737179855e-06, 1.99656415134e-06, 1.63487197824e-06, 1.79904839115e-06, 1.81607219929e-06, 1.72868794834e-06, 1.18052162179e-06, 7.61234105084e-07, 5.47149795693e-07, 3.4538396676e-07, 2.32986280935e-07, 1.46518942756e-07, 9.07026773689e-08, 5.09279374228e-08, 2.65077737538e-08, 1.44966394444e-08, 7.95266252851e-09, 4.92666352159e-09, 3.74242592471e-09, 3.43710437889e-09], "min": [1.10294114147e-24, 7.94877103611e-25, 1.48398255376e-24, 1.1709500234e-24, 1.07020430137e-24, 1.69549046055e-24, 1.72163488867e-24, 1.95448414536e-24, 1.64292481274e-24, 1.31533710843e-24, 2.44656828107e-24, 2.42367750975e-24, 3.07958557295e-24, 1.20623360232e-24, 2.60441560112e-24, 3.12018429943e-24, 2.50539718865e-24, 2.45021419896e-24, 3.49489007397e-24, 2.92577643188e-24, 4.36770589546e-24, 2.78069860052e-24, 2.663204474e-24, 3.2928142812e-24, 4.63102766562e-24, 5.69628492165e-24, 4.99613773611e-24, 4.19301698673e-24, 5.16364603844e-24, 5.54144651431e-24, 5.49107932324e-24, 4.53737094351e-24, 5.5328901345e-24, 5.14248878897e-24, 4.71285344631e-24, 5.68665766316e-24, 5.52838258329e-24, 6.05636639829e-24, 5.40195579032e-24, 5.9895845895e-24], "var": [0.000156699519721, 4.47958700533e-05, 1.70520320353e-06, 1.84888915555e-06, 1.67825726294e-06, 9.10378162189e-07, 9.51465437993e-07, 5.40891676337e-07, 2.39990072259e-07, 1.24561907455e-07, 1.10318580937e-07, 1.58610703238e-07, 1.93460735431e-07, 1.38277371775e-07, 9.25031145016e-08, 2.42210056456e-08, 1.66606728413e-08, 4.87260498616e-09, 1.91813542827e-09, 1.56285506758e-09, 1.58204827017e-09, 3.75271924646e-10, 6.54679810363e-10, 4.8720755208e-10, 4.08430317345e-10, 5.39640443442e-10, 6.96518565046e-10, 4.32769792225e-10, 8.91732798713e-11, 1.49062758664e-11, 4.46371932472e-12, 1.17203534204e-12, 4.71992833272e-13, 2.20126122733e-13, 8.41483187384e-14, 3.29069826672e-14, 1.2547442096e-14, 5.48879763865e-15, 3.8793922637e-15, 3.05085576316e-15]}, "melbands_crest": {"dmean": 4.48369884491, "dmean2": 7.30198812485, "dvar": 15.0314760208, "dvar2": 36.7644386292, "max": 37.9159469604, "mean": 15.2519140244, "median": 14.4148254395, "min": 1.47877013683, "var": 42.3095588684}, "melbands_flatness_db": {"dmean": 0.0410896129906, "dmean2": 0.0638302564621, "dvar": 0.0013584230328, "dvar2": 0.00319558661431, "max": 0.605870783329, "mean": 0.262357801199, "median": 0.259132683277, "min": 0.00121951336041, "var": 0.00624711392447}, "melbands_kurtosis": {"dmean": 12.6792125702, "dmean2": 20.7426586151, "dvar": 930.412597656, "dvar2": 2335.44165039, "max": 1050.43273926, "mean": 15.4244651794, "median": 4.65762996674, "min": -1.86931419373, "var": 1129.10314941}, "melbands_skewness": {"dmean": 1.13147449493, "dmean2": 1.73661398888, "dvar": 1.71349990368, "dvar2": 3.90697026253, "max": 22.4051799774, "mean": 2.35857462883, "median": 1.93030881882, "min": -3.84402894974, "var": 5.06797266006}, "melbands_spread": {"dmean": 7.20353364944, "dmean2": 11.1455764771, "dvar": 99.4254837036, "dvar2": 200.065444946, "max": 155.356460571, "mean": 19.7392559052, "median": 14.257727623, "min": 0.170727133751, "var": 486.592895508}, "mfcc": {"cov": [[12052.4052734, 1716.79101562, -1244.1418457, 874.33380127, -233.095321655, 362.745422363, 5.37755489349, 62.7664451599, -124.699638367, -27.9939250946, 64.3149795532, 84.8364639282, 158.48651123], [1716.79101562, 1466.7935791, 23.5459747314, 13.9002151489, -8.48853874207, 68.4493560791, 106.223297119, -37.6912117004, 2.06718921661, -6.43899440765, 14.8521318436, -10.2798194885, 9.01736068726], [-1244.1418457, 23.5459747314, 1087.1072998, 1.51936340332, 202.968566895, -8.64196205139, 96.5520935059, 75.9999237061, 30.1785430908, 78.6061859131, 21.8601379395, 61.6922035217, -24.9644851685], [874.33380127, 13.9002151489, 1.51936340332, 687.996276855, 31.986284256, 88.6999511719, 78.1642379761, 12.2678966522, -1.80565774441, 10.2025375366, 15.186085701, 14.0149173737, 9.01530742645], [-233.095321655, -8.48853874207, 202.968566895, 31.986284256, 347.573425293, 93.7673950195, 84.7256393433, 42.8043518066, 36.8725700378, 44.4770851135, 18.0671730042, 38.4308242798, -0.742060422897], [362.745422363, 68.4493560791, -8.64196205139, 88.6999511719, 93.7673950195, 202.744613647, 51.4490814209, 57.1005859375, 5.75836515427, 17.3147354126, 20.713300705, 15.6553697586, 14.4988355637], [5.37755489349, 106.223297119, 96.5520935059, 78.1642379761, 84.7256393433, 51.4490814209, 175.227386475, 22.0371341705, 17.3196182251, 1.04583024979, -4.14745330811, 10.9050579071, -4.05783748627], [62.7664451599, -37.6912117004, 75.9999237061, 12.2678966522, 42.8043518066, 57.1005859375, 22.0371341705, 187.421127319, 70.0714035034, 35.18126297, 9.98386287689, 16.7539596558, 15.9165744781], [-124.699638367, 2.06718921661, 30.1785430908, -1.80565774441, 36.8725700378, 5.75836515427, 17.3196182251, 70.0714035034, 138.791870117, 45.9545288086, 19.7505569458, 5.29975986481, 7.25838756561], [-27.9939250946, -6.43899440765, 78.6061859131, 10.2025375366, 44.4770851135, 17.3147354126, 1.04583024979, 35.18126297, 45.9545288086, 99.9948959351, 43.0538101196, 18.6115074158, 3.5036213398], [64.3149795532, 14.8521318436, 21.8601379395, 15.186085701, 18.0671730042, 20.713300705, -4.14745330811, 9.98386287689, 19.7505569458, 43.0538101196, 95.6804046631, 46.2172737122, 19.9804058075], [84.8364639282, -10.2798194885, 61.6922035217, 14.0149173737, 38.4308242798, 15.6553697586, 10.9050579071, 16.7539596558, 5.29975986481, 18.6115074158, 46.2172737122, 86.8379211426, 33.1662445068], [158.48651123, 9.01736068726, -24.9644851685, 9.01530742645, -0.742060422897, 14.4988355637, -4.05783748627, 15.9165744781, 7.25838756561, 3.5036213398, 19.9804058075, 33.1662445068, 67.5748825073]], "icov": [[0.000151009619003, -0.000189299200429, 0.000184342687135, -0.000181382929441, 4.38522038166e-05, -0.000100843171822, 0.000117669304018, -0.00017063751875, 0.000200898226467, -0.000128276762553, 0.000114397167636, -0.000268133473583, -8.43827147037e-05], [-0.000189299200429, 0.000987350475043, -0.000280959793599, 0.000298846163787, 0.000145379221067, -0.000194534804905, -0.00066713464912, 0.000534353894182, -0.00036984597682, 0.000207344797673, -0.000374350463971, 0.000628985697404, -0.000123083082144], [0.000184342687135, -0.000280959793599, 0.00143900874536, -0.000202147799428, -0.000510678160936, 0.000497760425787, -0.000305761408526, -0.000718007562682, 0.000638285244349, -0.00095109367976, 0.000409252446843, -0.00118933955673, 0.000645566149615], [-0.000181382929441, 0.000298846163787, -0.000202147799428, 0.00182928191498, 0.000141690776218, -0.000528568809386, -0.000845948816277, 0.000364317704225, -0.00016249557666, -2.07977773243e-05, -0.000245342351263, 0.00027372315526, 1.88305693882e-06], [4.38522038166e-05, 0.000145379221067, -0.000510678160936, 0.000141690776218, 0.00430189212784, -0.00191331515089, -0.00124048977159, 0.000478767440654, -0.000732962100301, -0.00106704223435, 0.000801527989097, -0.0015659261262, 0.000606314104516], [-0.000100843171822, -0.000194534804905, 0.000497760425787, -0.000528568809386, -0.00191331515089, 0.00737523194402, -0.00113573088311, -0.00235432316549, 0.00161918147933, -0.000208913275856, -0.00151759386063, 0.000978360767476, -0.000794777646661], [0.000117669304018, -0.00066713464912, -0.000305761408526, -0.000845948816277, -0.00124048977159, -0.00113573088311, 0.00780530367047, -0.000206000448088, -0.000862193468492, 0.00116082536988, 0.00109299062751, -0.00111710373312, 0.000817768683191], [-0.00017063751875, 0.000534353894182, -0.000718007562682, 0.000364317704225, 0.000478767440654, -0.00235432316549, -0.000206000448088, 0.00808649137616, -0.0039509111084, -0.000759706366807, 0.00134857732337, -0.000550853088498, -0.00105623877607], [0.000200898226467, -0.00036984597682, 0.000638285244349, -0.00016249557666, -0.000732962100301, 0.00161918147933, -0.000862193468492, -0.0039509111084, 0.010874141939, -0.00378029793501, -0.000996390590444, 0.0012727745343, -0.000943070801441], [-0.000128276762553, 0.000207344797673, -0.00095109367976, -2.07977773243e-05, -0.00106704223435, -0.000208913275856, 0.00116082536988, -0.000759706366807, -0.00378029793501, 0.0157547798008, -0.00647795246914, 0.00121585349552, 0.0011141836876], [0.000114397167636, -0.000374350463971, 0.000409252446843, -0.000245342351263, 0.000801527989097, -0.00151759386063, 0.00109299062751, 0.00134857732337, -0.000996390590444, -0.00647795246914, 0.017932722345, -0.00879113562405, -0.000496681605], [-0.000268133473583, 0.000628985697404, -0.00118933955673, 0.00027372315526, -0.0015659261262, 0.000978360767476, -0.00111710373312, -0.000550853088498, 0.0012727745343, 0.00121585349552, -0.00879113562405, 0.0207700952888, -0.00788993481547], [-8.43827147037e-05, -0.000123083082144, 0.000645566149615, 1.88305693882e-06, 0.000606314104516, -0.000794777646661, 0.000817768683191, -0.00105623877607, -0.000943070801441, 0.0011141836876, -0.000496681605, -0.00788993481547, 0.0197888761759]], "mean": [-725.22253418, 166.734939575, -23.4777832031, 27.5374164581, -9.21169376373, 13.3255558014, 11.0344734192, 5.99634933472, -0.147984355688, 0.925909340382, -0.107178635895, -3.38591122627, 1.83139026165]}, "pitch_salience": {"dmean": 0.0935292616487, "dmean2": 0.151770979166, "dvar": 0.00687836203724, "dvar2": 0.0172239262611, "max": 0.983428776264, "mean": 0.55074262619, "median": 0.566473901272, "min": 0.0622116960585, "var": 0.0180240869522}, "silence_rate_20dB": {"dmean": 0.00311482371762, "dmean2": 0.00623052939773, "dvar": 0.00310504389927, "dvar2": 0.00874016527086, "max": 1, "mean": 0.998159706593, "median": 1, "min": 0, "var": 0.00183700490743}, "silence_rate_30dB": {"dmean": 0.0747557729483, "dmean2": 0.149532705545, "dvar": 0.0691645741463, "dvar2": 0.138209760189, "max": 1, "mean": 0.909399747849, "median": 1, "min": 0, "var": 0.0823873355985}, "silence_rate_60dB": {"dmean": 0.0424748696387, "dmean2": 0.0849617645144, "dvar": 0.0406677611172, "dvar2": 0.0907713249326, "max": 1, "mean": 0.140005663037, "median": 0, "min": 0, "var": 0.120399840176}, "spectral_centroid": {"dmean": 244.968475342, "dmean2": 363.688659668, "dvar": 106736.757812, "dvar2": 196894.21875, "max": 11653.7763672, "mean": 1199.20483398, "median": 898.143554688, "min": 115.763923645, "var": 1943918.625}, "spectral_complexity": {"dmean": 3.5874273777, "dmean2": 4.904276371, "dvar": 17.1544342041, "dvar2": 27.3207740784, "max": 56, "mean": 13.8520669937, "median": 12, "min": 0, "var": 99.0601882935}, "spectral_contrast_coeffs": {"dmean": [0.0587116740644, 0.0521917715669, 0.0422554835677, 0.0318344607949, 0.0232982132584, 0.0488682836294], "dmean2": [0.0972922667861, 0.0841098055243, 0.0684345513582, 0.050890121609, 0.0361686982214, 0.0753198564053], "dvar": [0.00223205797374, 0.00183981191367, 0.00127223588061, 0.000708323903382, 0.000393055379391, 0.00177860434633], "dvar2": [0.00575338024646, 0.00460912985727, 0.00310574914329, 0.00172871304676, 0.000887842790689, 0.00413215672597], "max": [-0.303053587675, -0.408312469721, -0.490363061428, -0.524629294872, -0.588735938072, -0.382651239634], "mean": [-0.68381613493, -0.774010896683, -0.786723256111, -0.805729568005, -0.823790669441, -0.753897726536], "median": [-0.688746571541, -0.784475207329, -0.793174862862, -0.808647215366, -0.824949741364, -0.761580705643], "min": [-0.982633411884, -0.977371633053, -0.97719681263, -0.973068058491, -0.973235189915, -0.964983761311], "var": [0.00842439476401, 0.00635914038867, 0.00486751599237, 0.00349102122709, 0.00218626111746, 0.0060295718722]}, "spectral_contrast_valleys": {"dmean": [0.538100898266, 0.456956148148, 0.398436248302, 0.372219800949, 0.415303319693, 0.721197724342], "dmean2": [0.824173927307, 0.69081556797, 0.577696382999, 0.518859148026, 0.540987730026, 1.13591837883], "dvar": [0.24751265347, 0.16163533926, 0.135193377733, 0.131998717785, 0.171967834234, 0.386934936047], "dvar2": [0.470286995173, 0.30117097497, 0.243663355708, 0.225290313363, 0.2792724967, 0.925332844257], "max": [-4.36412096024, -4.18714046478, -4.56176614761, -5.36140918732, -5.26281118393, -8.75021076202], "mean": [-7.77269935608, -7.29561233521, -7.52847909927, -8.2167263031, -8.40685749054, -11.9036550522], "median": [-7.26750659943, -6.9082865715, -7.0770368576, -7.74889755249, -7.9713549614, -11.6149864197], "min": [-28.4992141724, -28.0287532806, -27.7614421844, -27.6423473358, -27.5663833618, -27.3704128265], "var": [7.8687620163, 7.61854171753, 7.3553237915, 7.04668188095, 6.96777582169, 5.05663728714]}, "spectral_decrease": {"dmean": 6.20880724611e-09, "dmean2": 9.6585139886e-09, "dvar": 1.98847959155e-16, "dvar2": 4.86021311206e-16, "max": 2.84904633219e-09, "mean": -8.25800494653e-09, "median": -2.86700174712e-09, "min": -2.32393361443e-07, "var": 2.35569100585e-16}, "spectral_energy": {"dmean": 0.0254727583379, "dmean2": 0.038996450603, "dvar": 0.00307517149486, "dvar2": 0.00741696357727, "max": 0.902226090431, "mean": 0.0380444824696, "median": 0.0170886870474, "min": 1.00638363771e-20, "var": 0.00385750061832}, "spectral_energyband_high": {"dmean": 0.000165174045833, "dmean2": 0.000216004948015, "dvar": 2.02100522984e-07, "dvar2": 3.5829089029e-07, "max": 0.0169411953539, "mean": 0.000313660420943, "median": 0.000111610963359, "min": 7.19189517865e-21, "var": 5.72090357309e-07}, "spectral_energyband_low": {"dmean": 0.0190706308931, "dmean2": 0.0314619801939, "dvar": 0.0026380866766, "dvar2": 0.00676974467933, "max": 0.796615958214, "mean": 0.0198612511158, "median": 0.00336036970839, "min": 2.07003980397e-23, "var": 0.00248883920722}, "spectral_energyband_middle_high": {"dmean": 0.00269896467216, "dmean2": 0.00400644727051, "dvar": 2.71630324278e-05, "dvar2": 6.14002055954e-05, "max": 0.0911741927266, "mean": 0.00529579026625, "median": 0.00254512345418, "min": 1.12604040241e-21, "var": 6.26531982562e-05}, "spectral_energyband_middle_low": {"dmean": 0.00516804633662, "dmean2": 0.00759656401351, "dvar": 8.97742647794e-05, "dvar2": 0.000185918979696, "max": 0.183681607246, "mean": 0.00889027118683, "median": 0.003513145959, "min": 1.66959823126e-22, "var": 0.000196218767087}, "spectral_entropy": {"dmean": 0.219854012132, "dmean2": 0.32837921381, "dvar": 0.0414357818663, "dvar2": 0.0924347937107, "max": 9.83032035828, "mean": 7.35170125961, "median": 7.35568332672, "min": 5.16350078583, "var": 0.23057757318}, "spectral_flux": {"dmean": 0.0440529771149, "dmean2": 0.0703686773777, "dvar": 0.00438721850514, "dvar2": 0.00948131736368, "max": 0.728679180145, "mean": 0.108614265919, "median": 0.0817319005728, "min": 6.35620098222e-11, "var": 0.00877403840423}, "spectral_kurtosis": {"dmean": 5.22759246826, "dmean2": 7.95701503754, "dvar": 32.5137176514, "dvar2": 76.5626602173, "max": 76.715385437, "mean": 19.1457519531, "median": 17.1823005676, "min": -1.26049673557, "var": 93.4695053101}, "spectral_rms": {"dmean": 0.00158859370276, "dmean2": 0.00226158392616, "dvar": 5.35362096343e-06, "dvar2": 1.10983037303e-05, "max": 0.0296685118228, "mean": 0.00489490991458, "median": 0.00408312259242, "min": 3.13342884625e-12, "var": 1.31564629555e-05}, "spectral_rolloff": {"dmean": 4016.62573242, "dmean2": 7688.95654297, "dvar": 54174580, "dvar2": 122694472, "max": 22028.4667969, "mean": 9166.91894531, "median": 2024.12109375, "min": 21.533203125, "var": 94435816}, "spectral_skewness": {"dmean": 0.434569895267, "dmean2": 0.635030031204, "dvar": 0.197067514062, "dvar2": 0.425248503685, "max": 6.71475601196, "mean": 2.85823512077, "median": 2.72816848755, "min": -0.067699894309, "var": 0.85248541832}, "spectral_spread": {"dmean": 511173.4375, "dmean2": 808001.4375, "dvar": 480655900672, "dvar2": 1044001456130.0, "max": 4278