{"lowlevel": {"average_loudness": 0.824922025204, "barkbands": {"dmean": [2.37324056798e-05, 0.00215225270949, 0.0018976299325, 0.00132972851861, 0.00133019906934, 0.000448914361186, 0.000982606667094, 0.000721123535186, 0.000787052849773, 0.000498689827509, 0.00065965129761, 0.000527341442648, 0.000619637023192, 0.00048959144624, 0.000428091123467, 0.000302425032714, 0.000242317080847, 0.000206278011319, 0.000172503510839, 0.000158201190061, 0.000158323935466, 0.000183189826203, 0.000126112456201, 8.86579291546e-05, 0.000148498307681, 2.25541789405e-05, 4.0336013285e-07], "dmean2": [3.82246289519e-05, 0.00370847037993, 0.00329062971286, 0.00222240923904, 0.00219750660472, 0.000740331714042, 0.00156014901586, 0.00114250148181, 0.00116030860227, 0.000791346363258, 0.00104739237577, 0.000845645030495, 0.000990450265817, 0.000765140866861, 0.00068001227919, 0.000475529028336, 0.00038295268314, 0.000321913714288, 0.000266170245595, 0.000239389933995, 0.000227797383559, 0.000267357943812, 0.000183704250958, 0.000134791902383, 0.000229446639423, 3.59210098395e-05, 7.11048699031e-07], "dvar": [2.56355003891e-09, 1.59694391186e-05, 1.5159391296e-05, 6.74175225868e-06, 5.85214047533e-06, 1.02735623386e-06, 3.91465346183e-06, 2.51603114521e-06, 3.50462778442e-06, 8.42106658183e-07, 2.42777946369e-06, 1.34436857024e-06, 2.15157069761e-06, 1.14595900413e-06, 6.93901881732e-07, 3.59352526402e-07, 1.7073638503e-07, 8.70846079692e-08, 6.55388632254e-08, 6.56749890027e-08, 8.22777295184e-08, 9.90648914012e-08, 5.1088669295e-08, 2.97856335152e-08, 1.15283931734e-07, 1.68719582749e-09, 2.01537527986e-12], "dvar2": [6.11320327693e-09, 4.52663953183e-05, 4.27518898505e-05, 1.70391285792e-05, 1.51007170643e-05, 2.68749454335e-06, 9.67248888628e-06, 5.91181060372e-06, 7.21877950127e-06, 2.07883908843e-06, 6.21388790023e-06, 3.21774837175e-06, 5.51201947019e-06, 2.62104526882e-06, 1.71662293269e-06, 8.50163473842e-07, 4.13754293049e-07, 2.09704438703e-07, 1.5400122777e-07, 1.48905542119e-07, 1.72860396219e-07, 2.14965581335e-07, 1.10174468659e-07, 6.61521255552e-08, 2.77756896594e-07, 4.03258848536e-09, 5.37783272775e-12], "max": [0.000820668705273, 0.0474573001266, 0.047942943871, 0.0385123081505, 0.0278379302472, 0.0196718946099, 0.0384885370731, 0.0292463656515, 0.060393884778, 0.0166512615979, 0.0242938771844, 0.0257791653275, 0.0270127933472, 0.0261937864125, 0.0173253770918, 0.0112302284688, 0.00790134351701, 0.00490793539211, 0.00403796695173, 0.00536219170317, 0.00538835348561, 0.00451584719121, 0.00460801366717, 0.00609503639862, 0.00831424444914, 0.000888876849785, 5.12092628924e-05], "mean": [2.85943497147e-05, 0.00390858761966, 0.00354924029671, 0.00180442281999, 0.00182424171362, 0.000657148193568, 0.0014878611546, 0.00115332740825, 0.00156181585044, 0.000844006601255, 0.0010699928971, 0.00087387667736, 0.00100500194822, 0.000813154969364, 0.000731252599508, 0.000533533166163, 0.000460878334707, 0.000422742479714, 0.000350976682967, 0.000303560285829, 0.000298406754155, 0.000318031990901, 0.000207354241866, 0.000127624894958, 0.000188896345207, 2.33117043535e-05, 3.06952728124e-07], "median": [4.88987370773e-06, 0.00255941459909, 0.00117727462202, 0.000672948022839, 0.000838893523905, 0.00025141244987, 0.000541535497177, 0.000402560574003, 0.000438038201537, 0.000366883003153, 0.0002497175592, 0.000306554080453, 0.000347203371348, 0.000282087101368, 0.000303222739603, 0.000222983813728, 0.000245181116043, 0.000253067701124, 0.00020081596449, 0.000167821825016, 0.000137673021527, 0.000145000114571, 9.98952746158e-05, 6.07031033724e-05, 6.33489544271e-05, 6.48439254292e-06, 3.80821028045e-08], "min": [8.73424269906e-23, 4.02346450913e-23, 1.83672267388e-23, 1.86889321046e-23, 1.74647809073e-22, 4.46425852595e-23, 6.25289334346e-23, 5.83096509296e-23, 4.77783010469e-23, 7.22806173748e-23, 4.65537301756e-23, 1.88944493031e-22, 1.32178756488e-22, 9.3947672946e-23, 9.86907149158e-23, 1.43305570137e-22, 1.94138794993e-22, 2.4271417372e-22, 2.40067539072e-22, 2.617051228e-22, 2.97305494063e-22, 3.52488674655e-22, 7.35064378017e-22, 8.28232258803e-22, 1.26220380262e-21, 1.54464094731e-21, 2.43028006569e-21], "var": [3.24802718055e-09, 2.33525151998e-05, 2.68886233243e-05, 8.38904816192e-06, 7.0929049798e-06, 1.50592461523e-06, 6.8630433816e-06, 4.8241663535e-06, 1.53106066136e-05, 1.66986683325e-06, 5.2344512369e-06, 2.74691933555e-06, 4.56990574094e-06, 2.43952149503e-06, 1.53378482537e-06, 8.17772161099e-07, 4.11540781897e-07, 2.36964922351e-07, 1.82202754218e-07, 1.63442223311e-07, 1.92166083934e-07, 2.13586460518e-07, 9.73035483298e-08, 5.26747889751e-08, 1.59298025437e-07, 1.86898074794e-09, 1.45517712463e-12]}, "barkbands_crest": {"dmean": 2.4018497467, "dmean2": 3.86583328247, "dvar": 4.91516017914, "dvar2": 11.9672012329, "max": 24.824054718, "mean": 8.64540958405, "median": 7.72209262848, "min": 1.90697562695, "var": 15.1730718613}, "barkbands_flatness_db": {"dmean": 0.0205222703516, "dmean2": 0.030756322667, "dvar": 0.000364290346624, "dvar2": 0.000820818822831, "max": 0.359016209841, "mean": 0.106402657926, "median": 0.100851386786, "min": 0.0176293905824, "var": 0.00139247241896}, "barkbands_kurtosis": {"dmean": 1.82070434093, "dmean2": 2.90343618393, "dvar": 31.5386753082, "dvar2": 83.5014801025, "max": 259.05947876, "mean": 1.60330843925, "median": 0.112171716988, "min": -1.91855370998, "var": 43.6535148621}, "barkbands_skewness": {"dmean": 0.494553685188, "dmean2": 0.765115737915, "dvar": 0.320141226053, "dvar2": 0.762797415257, "max": 14.5266542435, "mean": 1.04304516315, "median": 0.896455526352, "min": -1.81861829758, "var": 1.01583242416}, "barkbands_spread": {"dmean": 7.20946264267, "dmean2": 11.0731639862, "dvar": 59.7713470459, "dvar2": 136.787200928, "max": 107.688697815, "mean": 30.2673797607, "median": 29.1666107178, "min": 1.53107023239, "var": 184.994735718}, "dissonance": {"dmean": 0.0149574801326, "dmean2": 0.0246139615774, "dvar": 0.000230746969464, "dvar2": 0.000619959610049, "max": 0.499783307314, "mean": 0.470905184746, "median": 0.476839065552, "min": 0.302198410034, "var": 0.000515290885232}, "dynamic_complexity": 4.19682693481, "erbbands": {"dmean": [0.0311766248196, 0.593709409237, 2.13195800781, 3.07826542854, 4.40841960907, 5.07151269913, 3.20410203934, 4.58295583725, 14.0533771515, 11.5665645599, 16.0846233368, 19.7729282379, 13.8461179733, 16.6656742096, 29.4903869629, 20.2124080658, 29.906665802, 22.6394882202, 22.2522697449, 17.4079322815, 14.038482666, 12.1254358292, 10.6733074188, 9.3982334137, 8.62020683289, 7.6081700325, 7.20748186111, 6.2006316185, 6.35263109207, 6.26297283173, 3.00907802582, 2.18706035614, 1.28564429283, 1.44486904144, 1.18502485752, 0.180527418852, 0.027662737295, 0.00241253501736, 8.10302299215e-05, 1.21927387227e-05], "dmean2": [0.0532980337739, 1.02668571472, 3.68227934837, 5.2796421051, 7.32562208176, 8.48229598999, 5.20346355438, 7.57781362534, 22.3997535706, 18.3058986664, 24.7425899506, 29.0066146851, 21.4689254761, 26.1433620453, 46.3182487488, 32.3707962036, 47.7040939331, 35.2955360413, 34.9472770691, 27.205247879, 21.7599811554, 18.9290943146, 16.4711952209, 14.4810619354, 13.1616706848, 11.5073385239, 10.6872787476, 8.86107730865, 9.20835018158, 9.16809177399, 4.38757610321, 3.30825400352, 1.97903370857, 2.24082541466, 1.82671821117, 0.280613601208, 0.0442546717823, 0.00398463336751, 0.000131594570121, 1.75785426109e-05], "dvar": [0.00323607050814, 1.2195237875, 17.2419910431, 33.4968910217, 80.543006897, 94.1771850586, 40.3539810181, 115.945350647, 792.383300781, 687.815734863, 1143.91625977, 2600.47607422, 1005.66778564, 1000.97076416, 5086.26220703, 2160.90844727, 5034.24902344, 2761.7331543, 1773.86645508, 1129.57800293, 814.062194824, 445.226776123, 252.404922485, 183.336715698, 163.395401001, 155.376907349, 184.7003479, 116.48626709, 130.791122437, 132.804946899, 30.1395797729, 19.3825855255, 5.61125326157, 9.23709106445, 8.78625106812, 0.112280867994, 0.00248973118141, 2.10193156818e-05, 8.05929900594e-08, 2.64841204523e-10], "dvar2": [0.00898520741612, 3.46985220909, 49.1560554504, 90.4741821289, 196.823471069, 247.651519775, 100.354949951, 304.89251709, 1947.72216797, 1659.94885254, 2696.10766602, 5473.12744141, 2226.61474609, 2470.65649414, 12655.140625, 5381.52685547, 12957.2490234, 6185.61132813, 4362.62207031, 2697.81616211, 2025.31262207, 1062.24145508, 595.86114502, 427.034851074, 379.365142822, 355.807373047, 420.821777344, 251.243118286, 289.13961792, 286.065948486, 66.3966217041, 42.4261703491, 12.8779716492, 22.1958732605, 21.4933128357, 0.259013086557, 0.00607208628207, 5.43028836546e-05, 2.0795246769e-07, 5.65676783193e-10], "max": [0.614857792854, 12.7764596939, 49.0476570129, 61.7758178711, 150.680892944, 123.402038574, 90.9225311279, 199.398605347, 507.647491455, 539.012023926, 722.65045166, 1620.05700684, 1448.58178711, 580.225097656, 1436.96557617, 1179.29138184, 1452.20935059, 1490.99926758, 1108.85107422, 600.979492188, 764.581542969, 557.532531738, 243.097991943, 219.24911499, 208.762145996, 313.720794678, 288.543029785, 184.728897095, 210.185394287, 219.157012939, 157.519638062, 172.134262085, 62.4164962769, 70.6202163696, 64.8426895142, 7.56290483475, 0.562428116798, 0.066844470799, 0.0120863430202, 0.000287394272164], "mean": [0.0613048560917, 1.07813811302, 4.0061211586, 5.22640037537, 5.73741960526, 6.70645904541, 4.75523138046, 6.64831972122, 20.9526672363, 19.6050128937, 26.9099845886, 39.1324920654, 25.4362926483, 30.4410877228, 51.4404525757, 37.6816749573, 50.2485427856, 40.5698432922, 41.388458252, 33.2218589783, 26.9297294617, 25.1535739899, 23.4447154999, 19.7873592377, 17.3535728455, 14.590760231, 13.3259353638, 11.3774814606, 10.6090898514, 10.5637903214, 4.91289329529, 3.24518108368, 1.76538336277, 1.85261118412, 1.46131825447, 0.202490255237, 0.0287870485336, 0.00236577354372, 9.25758868107e-05, 3.6399342207e-05], "median": [0.037309076637, 0.741172194481, 2.0332570076, 2.6933016777, 2.71665835381, 2.702729702, 1.7944624424, 2.65208745003, 7.35055065155, 8.7525472641, 11.2647848129, 11.0667285919, 11.1519060135, 13.0443286896, 15.4897489548, 14.544298172, 19.6310577393, 15.303691864, 20.1166343689, 15.1797714233, 13.2311983109, 13.8725042343, 14.4705238342, 11.6374731064, 10.4058456421, 8.10098743439, 6.1466588974, 5.23407077789, 4.72132396698, 5.02765846252, 2.40394973755, 1.53688025475, 0.812308490276, 0.686171889305, 0.43705779314, 0.0689208507538, 0.00854273512959, 0.000662453763653, 3.89985179936e-05, 3.1682458939e-05], "min": [2.30129421425e-21, 5.59872916301e-21, 1.88270814905e-20, 3.93136003809e-20, 1.195036749e-19, 7.10501875768e-19, 9.75350166957e-19, 2.47217970409e-19, 6.81231107515e-19, 1.54883655359e-18, 7.61322198242e-19, 1.15412116473e-18, 1.41933946414e-18, 2.81193576549e-18, 3.83555874543e-18, 6.41127426865e-18, 6.62302092493e-18, 4.50089071779e-18, 5.95554324607e-18, 5.99325275583e-18, 8.02233176151e-18, 1.19970843245e-17, 1.33002618847e-17, 1.31935191897e-17, 1.13905177444e-17, 1.32070775071e-17, 1.18104781686e-17, 1.23712330048e-17, 1.15029125645e-17, 1.85532806365e-17, 2.284612964e-17, 1.89345893922e-17, 1.22317438838e-17, 1.32042187709e-17, 9.60391350042e-18, 6.84191731684e-18, 2.69340181769e-18, 1.15098077353e-18, 3.37306417717e-19, 3.62396970583e-20], "var": [0.00558404810727, 1.73740625381, 29.0859603882, 45.9920387268, 90.4830703735, 111.134483337, 64.3539276123, 152.52015686, 1437.70922852, 1266.06494141, 2038.88269043, 10065.7910156, 2765.33740234, 2265.07104492, 11184.1552734, 4945.83886719, 10263.1875, 6055.78369141, 4480.13525391, 2741.59155273, 1762.83618164, 1163.87487793, 717.564086914, 557.539489746, 413.044769287, 372.236816406, 402.781097412, 274.206817627, 252.736343384, 259.474914551, 55.0023841858, 36.5840988159, 8.85052585602, 13.382932663, 11.1445598602, 0.141191154718, 0.00271757715382, 2.02785049623e-05, 6.53635865433e-08, 8.91481721776e-10]}, "erbbands_crest": {"dmean": 2.52086353302, "dmean2": 4.03214645386, "dvar": 6.00109052658, "dvar2": 14.403799057, "max": 28.9355068207, "mean": 8.13119602203, "median": 6.99063539505, "min": 2.15900850296, "var": 18.3382663727}, "erbbands_flatness_db": {"dmean": 0.0183654502034, "dmean2": 0.0257028769702, "dvar": 0.000287189381197, "dvar2": 0.000514287734404, "max": 0.324246585369, "mean": 0.144673317671, "median": 0.137187033892, "min": 0.0339786745608, "var": 0.00167356256861}, "erbbands_kurtosis": {"dmean": 0.82577174902, "dmean2": 1.28300988674, "dvar": 1.12630403042, "dvar2": 2.45422387123, "max": 16.2038383484, "mean": 0.474280864, "median": -0.10631723702, "min": -1.62359678745, "var": 3.51044821739}, "erbbands_skewness": {"dmean": 0.328900426626, "dmean2": 0.498870640993, "dvar": 0.0849125087261, "dvar2": 0.193747773767, "max": 3.29317855835, "mean": 0.112414970994, "median": 0.0791806429625, "min": -3.32380843163, "var": 0.495680809021}, "erbbands_spread": {"dmean": 8.83499717712, "dmean2": 13.1799507141, "dvar": 75.2929382324, "dvar2": 163.521987915, "max": 151.906829834, "mean": 39.7017440796, "median": 38.2786598206, "min": 3.77944850922, "var": 334.544433594}, "gfcc": {"cov": [[10383.7382813, 497.067687988, -324.330688477, 507.169799805, -45.8131332397, 443.418457031, 19.5383491516, 239.200515747, 82.4035263062, 279.676757813, -56.4762382507, -43.8067016602, 48.9242782593], [497.067687988, 791.370422363, -86.8486785889, 11.9372358322, 180.31098938, 60.3589096069, 162.430252075, 35.1541252136, 129.510559082, 5.25807523727, 77.7877655029, -47.2320823669, 63.1891212463], [-324.330688477, -86.8486785889, 591.192871094, 231.687194824, 81.4285049438, 57.93957901, -12.1600570679, 55.8762664795, 25.4680767059, 68.5600204468, -18.0408363342, 62.3599777222, 7.47567176819], [507.169799805, 11.9372358322, 231.687194824, 428.234100342, 129.863555908, 27.0357971191, -28.8321819305, 21.0215187073, 56.392906189, 35.360496521, -5.38403940201, 38.2571372986, 30.3647174835], [-45.8131332397, 180.31098938, 81.4285049438, 129.863555908, 238.105529785, 82.4491119385, 60.9245262146, 35.7980880737, 55.0714607239, 14.5461959839, 18.4966125488, -1.60279047489, 20.6661872864], [443.418457031, 60.3589096069, 57.93957901, 27.0357971191, 82.4491119385, 209.292663574, 123.267951965, 36.5158996582, -3.19547653198, 25.0145587921, 11.0950145721, -13.5452718735, 6.37223625183], [19.5383491516, 162.430252075, -12.1600570679, -28.8321819305, 60.9245262146, 123.267951965, 202.142471313, 56.1051635742, 28.4108982086, 4.05660533905, 23.5361442566, -22.5434131622, 8.85438251495], [239.200515747, 35.1541252136, 55.8762664795, 21.0215187073, 35.7980880737, 36.5158996582, 56.1051635742, 121.308319092, 68.6822662354, 22.3052654266, -1.39921498299, -6.27044010162, 5.85042047501], [82.4035263062, 129.510559082, 25.4680767059, 56.392906189, 55.0714607239, -3.19547653198, 28.4108982086, 68.6822662354, 137.50151062, 47.8855323792, 13.3406248093, -7.54561805725, 19.1189823151], [279.676757813, 5.25807523727, 68.5600204468, 35.360496521, 14.5461959839, 25.0145587921, 4.05660533905, 22.3052654266, 47.8855323792, 100.812271118, 15.9662504196, 10.6452484131, 7.4198641777], [-56.4762382507, 77.7877655029, -18.0408363342, -5.38403940201, 18.4966125488, 11.0950145721, 23.5361442566, -1.39921498299, 13.3406248093, 15.9662504196, 70.4539642334, 16.624917984, 3.24183869362], [-43.8067016602, -47.2320823669, 62.3599777222, 38.2571372986, -1.60279047489, -13.5452718735, -22.5434131622, -6.27044010162, -7.54561805725, 10.6452484131, 16.624917984, 68.5114974976, 20.4110507965], [48.9242782593, 63.1891212463, 7.47567176819, 30.3647174835, 20.6661872864, 6.37223625183, 8.85438251495, 5.85042047501, 19.1189823151, 7.4198641777, 3.24183869362, 20.4110507965, 61.1489028931]], "icov": [[0.000264682079433, -0.00056056008907, 0.000596640398726, -0.000665887841024, 0.000713392568287, -0.000999605283141, 0.000808941142168, -0.00110317103099, 0.000786236021668, -0.00100103823934, 0.000783588853665, -0.000493891653605, 0.000475645443657], [-0.00056056008907, 0.00386970979162, -0.0013333146926, 0.00169553188607, -0.00286820228212, 0.00277457106858, -0.00324755650945, 0.00363454385661, -0.00363322836347, 0.00298800715245, -0.00411714334041, 0.00353305670433, -0.00361417233944], [0.000596640398726, -0.0013333146926, 0.00410784361884, -0.00261974078603, 0.00129703048151, -0.00272161513567, 0.00203199964017, -0.00374839291908, 0.00255161360838, -0.00373906688765, 0.0032462736126, -0.00360584026203, 0.00229618931189], [-0.000665887841024, 0.00169553188607, -0.00261974078603, 0.00549585092813, -0.00354295969009, 0.00215392350219, -0.00112585467286, 0.00360549869947, -0.00358570273966, 0.00289885187522, -0.00162754685152, 0.000556505226996, -0.00216723792255], [0.000713392568287, -0.00286820228212, 0.00129703048151, -0.00354295969009, 0.0092611387372, -0.00525571545586, 0.00256763468497, -0.00318438722752, 0.000726441328879, -0.00148273201194, 0.00177901948337, -0.00163463375065, 0.00174860574771], [-0.000999605283141, 0.00277457106858, -0.00272161513567, 0.00215392350219, -0.00525571545586, 0.0138294715434, -0.00886383466423, 0.00314343953505, 0.0011324393563, 0.000483037700178, -0.00337444362231, 0.00434337276965, -0.00316995708272], [0.000808941142168, -0.00324755650945, 0.00203199964017, -0.00112585467286, 0.00256763468497, -0.00886383466423, 0.0133780268952, -0.00675926916301, 0.00217713112943, -0.00145359919406, 0.000884298060555, -0.00107488571666, 0.00159238302149], [-0.00110317103099, 0.00363454385661, -0.00374839291908, 0.00360549869947, -0.00318438722752, 0.00314343953505, -0.00675926916301, 0.0194736067206, -0.0119285238907, 0.00570125132799, -0.00205388362519, 0.0021748514846, -0.00192031473853], [0.000786236021668, -0.00363322836347, 0.00255161360838, -0.00358570273966, 0.000726441328879, 0.0011324393563, 0.00217713112943, -0.0119285238907, 0.0199041441083, -0.0101492609829, 0.00201612059027, 0.000928015040699, -0.000351918890374], [-0.00100103823934, 0.00298800715245, -0.00373906688765, 0.00289885187522, -0.00148273201194, 0.000483037700178, -0.00145359919406, 0.00570125132799, -0.0101492609829, 0.0188262257725, -0.00653002317995, 0.0015788617311, -0.00244528171606], [0.000783588853665, -0.00411714334041, 0.0032462736126, -0.00162754685152, 0.00177901948337, -0.00337444362231, 0.000884298060555, -0.00205388362519, 0.00201612059027, -0.00653002317995, 0.0232571028173, -0.0112629858777, 0.00654626218602], [-0.000493891653605, 0.00353305670433, -0.00360584026203, 0.000556505226996, -0.00163463375065, 0.00434337276965, -0.00107488571666, 0.0021748514846, 0.000928015040699, 0.0015788617311, -0.0112629858777, 0.0264454185963, -0.0117558091879], [0.000475645443657, -0.00361417233944, 0.00229618931189, -0.00216723792255, 0.00174860574771, -0.00316995708272, 0.00159238302149, -0.00192031473853, -0.000351918890374, -0.00244528171606, 0.00654626218602, -0.0117558091879, 0.0241794046015]], "mean": [3.11087012291, 73.6464385986, -130.202575684, 39.4889984131, -64.9734420776, 26.0629291534, -40.3852767944, 12.6129388809, -27.0676765442, 3.17938637733, -19.0427246094, -3.62138748169, -15.9290208817]}, "hfc": {"dmean": 7.9083147049, "dmean2": 10.6172704697, "dvar": 111.440948486, "dvar2": 209.944778442, "max": 193.721237183, "mean": 24.8413715363, "median": 19.454460144, "min": 1.17305103174e-16, "var": 493.145233154}, "melbands": {"dmean": [0.000433055043686, 0.000987668521702, 0.000576635531615, 0.000316960125929, 0.000141359574627, 9.93120775092e-05, 0.000212086699321, 0.000128723666421, 0.000140436153742, 0.000117445692013, 6.91409950377e-05, 6.79713484715e-05, 9.91679480649e-05, 6.45456893835e-05, 6.65653133183e-05, 5.32191334059e-05, 4.56186244264e-05, 3.77341420972e-05, 3.1048355595e-05, 2.29556171689e-05, 1.71575447894e-05, 1.35599611895e-05, 1.37785054903e-05, 1.03286729427e-05, 8.06356183602e-06, 6.81703613736e-06, 5.93188951825e-06, 5.20151343153e-06, 4.98854524267e-06, 3.81040149477e-06, 3.95030383515e-06, 3.91042294723e-06, 3.47492346009e-06, 3.53969312528e-06, 1.84898658517e-06, 1.46426839365e-06, 1.30083731165e-06, 9.27861606215e-07, 7.6799949511e-07, 1.53597579811e-06], "dmean2": [0.000745175464544, 0.00170410331339, 0.000972663750872, 0.000524591363501, 0.00023110298207, 0.000163322052686, 0.000336765107932, 0.000202988885576, 0.000211989448871, 0.000173008535057, 0.000107966523501, 0.000106392762973, 0.000156585374498, 0.000102822421468, 0.000105106708361, 8.51375589264e-05, 7.1292713983e-05, 5.94978555455e-05, 4.95129315823e-05, 3.59796977136e-05, 2.7004718504e-05, 2.13995899685e-05, 2.19028297579e-05, 1.63548720593e-05, 1.26398444991e-05, 1.05645985968e-05, 9.06329660211e-06, 8.05306262919e-06, 7.6202973105e-06, 5.68699124415e-06, 5.82957545703e-06, 5.85826228416e-06, 5.11850930707e-06, 5.25709447174e-06, 2.7609605695e-06, 2.23080155592e-06, 1.9876015358e-06, 1.43847739764e-06, 1.23187669487e-06, 2.40722988565e-06], "dvar": [6.47366675821e-07, 3.41221061717e-06, 1.13772762234e-06, 3.37991281185e-07, 8.05909365909e-08, 5.07224626745e-08, 1.83623399153e-07, 8.75107915022e-08, 8.07185926988e-08, 8.84406432533e-08, 2.57354582089e-08, 1.73325744868e-08, 5.46964713521e-08, 2.13792610282e-08, 2.35455530628e-08, 1.41575080548e-08, 1.118439652e-08, 5.37527133915e-09, 4.10566380893e-09, 2.33460473176e-09, 1.34470867774e-09, 6.10543449131e-10, 6.21968032632e-10, 2.51021758935e-10, 1.47338891088e-10, 1.08763893725e-10, 8.11448547244e-11, 7.72003364014e-11, 9.09326988707e-11, 5.06690071844e-11, 5.12355505244e-11, 5.24406282287e-11, 3.91462903759e-11, 4.57318800884e-11, 1.10765988395e-11, 9.56768605315e-12, 7.31781215485e-12, 3.1403078922e-12, 2.40143365263e-12, 1.23628485921e-11], "dvar2": [1.81707264346e-06, 9.7809570434e-06, 2.92882828035e-06, 8.68243432706e-07, 1.99423723757e-07, 1.3245055186e-07, 4.52971590903e-07, 2.07533872754e-07, 1.81050992865e-07, 1.87094769899e-07, 5.65644953099e-08, 4.2492210639e-08, 1.37936680744e-07, 5.02540409286e-08, 6.07996639701e-08, 3.56749438879e-08, 2.49389735529e-08, 1.3106343566e-08, 9.83811077049e-09, 5.4038484798e-09, 3.39102612656e-09, 1.47920153903e-09, 1.55574642058e-09, 6.1312505073e-10, 3.50311502029e-10, 2.56467291848e-10, 1.84998599773e-10, 1.81624673634e-10, 2.14921427877e-10, 1.11455712715e-10, 1.17291065749e-10, 1.22584581375e-10, 8.74490410641e-11, 9.99154925463e-11, 2.49382736683e-11, 2.24838862806e-11, 1.61333724158e-11, 7.27345354085e-12, 5.98698434578e-12, 3.00771768602e-11], "max": [0.00994620006531, 0.0204565282911, 0.0149895781651, 0.0075331395492, 0.00463903928176, 0.00390041270293, 0.00822027679533, 0.00619425764307, 0.00602283095941, 0.00933335628361, 0.00719562778249, 0.00254643755034, 0.00354130729102, 0.00356434751302, 0.00339564820752, 0.00224853376858, 0.00308279483579, 0.00186504784506, 0.00159993860871, 0.000832067918964, 0.000903390347958, 0.000601787236519, 0.00064759113593, 0.00028603951796, 0.000212159546209, 0.000171649080585, 0.000143445431604, 0.000218082452193, 0.000207415898331, 0.00016172179312, 0.000123163830722, 0.000133869092679, 0.00011295999866, 0.000138952993439, 7.35451831133e-05, 0.000125412654597, 9.94356450974e-05, 5.64067158848e-05, 5.08944103785e-05, 8.68626812007e-05], "mean": [0.000835889019072, 0.00192326819524, 0.000954497721978, 0.000441102019977, 0.000204338954063, 0.000145838537719, 0.000317130354233, 0.000219332563574, 0.000236219202634, 0.000231013313169, 0.000119643598737, 0.000116384668218, 0.000167712889379, 0.000110818567919, 0.00011192101374, 8.65010370035e-05, 7.56232184358e-05, 6.56426418573e-05, 5.29702047061e-05, 3.91262183257e-05, 2.96037360386e-05, 2.49937093031e-05, 2.58167256106e-05, 1.97049175767e-05, 1.54881508934e-05, 1.28503252199e-05, 1.11190129246e-05, 9.22048002394e-06, 8.68548249855e-06, 6.73461045153e-06, 6.74518605592e-06, 6.13367774349e-06, 5.68203404328e-06, 5.77667833568e-06, 2.90648881673e-06, 2.12957388612e-06, 1.85619910553e-06, 1.27096222968e-06, 9.23139225506e-07, 1.91955177797e-06], "median": [0.000554781756364, 0.00139340944588, 0.000558713334613, 0.000209587597055, 7.61708652135e-05, 5.49400574528e-05, 0.000112870198791, 9.460914589e-05, 9.29642046685e-05, 6.23811065452e-05, 4.60753726657e-05, 4.48353566753e-05, 4.52863823739e-05, 3.83951191907e-05, 4.09866333939e-05, 3.39288380928e-05, 2.4364591809e-05, 2.85954010906e-05, 2.22919516091e-05, 1.58352413564e-05, 1.32984569063e-05, 1.25606493384e-05, 1.46028287418e-05, 1.11928275146e-05, 8.56214046507e-06, 7.16402973922e-06, 6.54535506328e-06, 4.83512121718e-06, 3.80003257305e-06, 3.05515595755e-06, 2.96197276839e-06, 2.596145805e-06, 2.6280408747e-06, 2.68641178991e-06, 1.42266435432e-06, 9.75763896349e-07, 8.61144485498e-07, 5.89400997342e-07, 3.80041115022e-07, 6.29364876659e-07], "min": [1.98777738877e-23, 8.92409706426e-24, 9.61092591114e-24, 2.40396572956e-23, 3.86466239129e-23, 6.13911948497e-24, 1.0746169329e-23, 1.69674451273e-23, 5.89011790682e-24, 7.13325343622e-24, 7.54587028814e-24, 1.18070894277e-23, 9.57160356159e-24, 2.01888564526e-23, 1.52251196004e-23, 1.23306784986e-23, 8.03562748139e-24, 1.0421674551e-23, 5.78838206575e-24, 1.02685448164e-23, 8.55314705649e-24, 1.33841312401e-23, 1.05177514984e-23, 1.20471674113e-23, 1.05753691101e-23, 8.26204949385e-24, 7.40013612451e-24, 9.18655897603e-24, 7.0055139787e-24, 8.17056135037e-24, 6.41721109787e-24, 6.55807443984e-24, 7.00099380571e-24, 1.14294206916e-23, 1.35396173022e-23, 9.67711212994e-24, 1.28572013432e-23, 7.18630985412e-24, 9.7092085136e-24, 1.19209733323e-23], "var": [1.02583442185e-06, 5.22985146745e-06, 1.49811603478e-06, 4.05798260772e-07, 1.17237100028e-07, 7.29103390995e-08, 3.2697519714e-07, 1.73746414589e-07, 1.59390708632e-07, 3.65259296586e-07, 6.90140211645e-08, 3.68612553814e-08, 1.20646731716e-07, 4.54723334542e-08, 5.6829779993e-08, 2.60439136923e-08, 2.41936071177e-08, 1.29798536364e-08, 8.58679172211e-09, 5.01809394038e-09, 2.52416465507e-09, 1.40340772337e-09, 1.28791000087e-09, 5.9160443211e-10, 3.9804010088e-10, 2.55774429414e-10, 1.91756638346e-10, 1.69672415007e-10, 1.85790535734e-10, 1.04239394894e-10, 1.08810370436e-10, 9.11860795205e-11, 7.19490439449e-11, 8.46164457946e-11, 1.8876511465e-11, 1.6043694151e-11, 1.29663823081e-11, 4.70468716068e-12, 3.21421925534e-12, 1.69821743473e-11]}, "melbands_crest": {"dmean": 3.28645157814, "dmean2": 5.35507154465, "dvar": 8.91497707367, "dvar2": 22.9369258881, "max": 38.9884796143, "mean": 13.31046772, "median": 12.5367517471, "min": 3.43100738525, "var": 25.8349990845}, "melbands_flatness_db": {"dmean": 0.0262600313872, "dmean2": 0.0395042970777, "dvar": 0.000684145721607, "dvar2": 0.00152920675464, "max": 0.450335353613, "mean": 0.149930223823, "median": 0.145429372787, "min": 0.00675894226879, "var": 0.00260540377349}, "melbands_kurtosis": {"dmean": 5.94092750549, "dmean2": 9.42164134979, "dvar": 738.027770996, "dvar2": 1896.47509766, "max": 1638.89086914, "mean": 9.27782821655, "median": 4.37343406677, "min": -1.67066717148, "var": 818.181335449}, "melbands_skewness": {"dmean": 0.703016281128, "dmean2": 1.0885425806, "dvar": 0.79512321949, "dvar2": 1.87705886364, "max": 36.3659553528, "mean": 2.20887494087, "median": 1.92733883858, "min": -1.17720091343, "var": 2.67933320999}, "melbands_spread": {"dmean": 10.2155418396, "dmean2": 16.0446834564, "dvar": 207.559692383, "dvar2": 492.909484863, "max": 195.084991455, "mean": 33.5892944336, "median": 30.4483642578, "min": 0.465176522732, "var": 417.951293945}, "mfcc": {"cov": [[8746.55957031, 331.336395264, -58.2977981567, 151.062789917, -33.4800987244, 272.198516846, 78.4479370117, 57.7200126648, 302.903381348, 152.299209595, 210.937789917, 49.903213501, 99.1399993896], [331.336395264, 734.350646973, -140.047668457, -42.8368034363, -0.731673598289, 54.041934967, 72.2320556641, 61.5036201477, 69.8913421631, 71.0975341797, 73.6441192627, 16.0732154846, 31.5924797058], [-58.2977981567, -140.047668457, 433.860748291, 152.842422485, 94.1738739014, 47.4271087646, 1.98381412029, 7.92363500595, 36.8782348633, -1.30729794502, 4.64915847778, 20.9074649811, 25.5399684906], [151.062789917, -42.8368034363, 152.842422485, 345.546630859, 162.588562012, 46.5380592346, -51.2383880615, 12.82629776, 49.4251022339, 2.84995603561, -11.2715673447, 25.7306079865, 49.5660629272], [-33.4800987244, -0.731673598289, 94.1738739014, 162.588562012, 221.481536865, 50.9558372498, -8.39552021027, 17.9169540405, 36.3441467285, 18.3977451324, -3.76825237274, 19.9297561646, 26.5066795349], [272.198516846, 54.041934967, 47.4271087646, 46.5380592346, 50.9558372498, 176.718887329, 92.6362838745, 24.4174900055, 40.5025062561, 15.9897708893, 30.8115787506, 4.75170564651, 10.7100296021], [78.4479370117, 72.2320556641, 1.98381412029, -51.2383880615, -8.39552021027, 92.6362838745, 170.594863892, 66.5254440308, 18.6740894318, 17.9384422302, 29.531206131, 4.05678701401, -11.8592853546], [57.7200126648, 61.5036201477, 7.92363500595, 12.82629776, 17.9169540405, 24.4174900055, 66.5254440308, 113.927787781, 45.3147735596, 28.767747879, 16.4864883423, 9.43426132202, 2.33946347237], [302.903381348, 69.8913421631, 36.8782348633, 49.4251022339, 36.3441467285, 40.5025062561, 18.6740894318, 45.3147735596, 131.682922363, 60.3808708191, 36.71824646, 15.0955877304, 24.2892951965], [152.299209595, 71.0975341797, -1.30729794502, 2.84995603561, 18.3977451324, 15.9897708893, 17.9384422302, 28.767747879, 60.3808708191, 94.0745925903, 44.0699195862, 17.0550403595, 5.78379058838], [210.937789917, 73.6441192627, 4.64915847778, -11.2715673447, -3.76825237274, 30.8115787506, 29.531206131, 16.4864883423, 36.71824646, 44.0699195862, 84.9786834717, 30.3434562683, 12.6404542923], [49.903213501, 16.0732154846, 20.9074649811, 25.7306079865, 19.9297561646, 4.75170564651, 4.05678701401, 9.43426132202, 15.0955877304, 17.0550403595, 30.3434562683, 75.2590332031, 32.7405204773], [99.1399993896, 31.5924797058, 25.5399684906, 49.5660629272, 26.5066795349, 10.7100296021, -11.8592853546, 2.33946347237, 24.2892951965, 5.78379058838, 12.6404542923, 32.7405204773, 74.0741195679]], "icov": [[0.00013549180585, -6.13573138253e-06, 6.00983366894e-05, -8.64914691192e-05, 0.000136440532515, -0.000182955584023, 5.93270997342e-05, 4.22672601417e-05, -0.000239253655309, 1.9005183276e-05, -0.000217128108488, 5.03376904817e-05, -6.40063954052e-05], [-6.13573138253e-06, 0.0017718502786, 0.00065739947604, 0.000101862322481, -0.000159158560564, -0.000151090149302, -0.00031154131284, -0.000426425976912, -0.000257382402197, -0.000484739779495, -0.000978254480287, 0.000489310652483, -0.000927007466089], [6.00983366894e-05, 0.00065739947604, 0.00309944525361, -0.00104758527596, -0.000402229343308, -0.000240168214077, -0.000497433007695, 0.00021476612892, -0.000743321492337, 0.000453436630778, -0.000652598740999, -0.000141624914249, -0.000253955833614], [-8.64914691192e-05, 0.000101862322481, -0.00104758527596, 0.00585792446509, -0.00301799084991, -0.00150060595479, 0.00269855675288, -0.00137351453304, -0.000676120165735, 0.000775109743699, 0.00100950303022, -0.000559731910471, -0.00147761241533], [0.000136440532515, -0.000159158560564, -0.000402229343308, -0.00301799084991, 0.00765637634322, -0.00179156311788, 0.000573048717342, -0.000480397779029, 1.17641975521e-05, -0.00172126910184, 0.0015631566057, -0.00103691616096, -8.28058364277e-06], [-0.000182955584023, -0.000151090149302, -0.000240168214077, -0.00150060595479, -0.00179156311788, 0.0110001061112, -0.00721856718883, 0.00309302099049, -0.00186045141891, 0.00128814170603, -0.00215160287917, 0.00177400372922, -0.00071398], [5.93270997342e-05, -0.00031154131284, -0.000497433007695, 0.00269855675288, 0.000573048717342, -0.00721856718883, 0.0136222084984, -0.00717827491462, 0.00174472678918, 0.000151144326082, -0.00090162397828, -0.00104719749652, 0.00169834005646], [4.22672601417e-05, -0.000426425976912, 0.00021476612892, -0.00137351453304, -0.000480397779029, 0.00309302099049, -0.00717827491462, 0.0144938966259, -0.00408135214821, -0.000974663475063, 0.00102620071266, -0.000670642068144, 0.0006237301277], [-0.000239253655309, -0.000257382402197, -0.000743321492337, -0.000676120165735, 1.17641975521e-05, -0.00186045141891, 0.00174472678918, -0.00408135214821, 0.014308991842, -0.00696717528626, -0.00107615557499, 0.00156285113189, -0.00284341000952], [1.9005183276e-05, -0.000484739779495, 0.000453436630778, 0.000775109743699, -0.00172126910184, 0.00128814170603, 0.000151144326082, -0.000974663475063, -0.00696717528626, 0.0190345142037, -0.00680692773312, -0.00102987675928, 0.00240609422326], [-0.000217128108488, -0.000978254480287, -0.000652598740999, 0.00100950303022, 0.0015631566057, -0.00215160287917, -0.00090162397828, 0.00102620071266, -0.00107615557499, -0.00680692773312, 0.0206961855292, -0.0068470146507, 0.000211310616578], [5.03376904817e-05, 0.000489310652483, -0.000141624914249, -0.000559731910471, -0.00103691616096, 0.00177400372922, -0.00104719749652, -0.000670642068144, 0.00156285113189, -0.00102987675928, -0.0068470146507, 0.0198007635772, -0.00790012255311], [-6.40063954052e-05, -0.000927007466089, -0.000253955833614, -0.00147761241533, -8.28058364277e-06, -0.00071398, 0.00169834005646, 0.0006237301277, -0.00284341000952, 0.00240609422326, 0.000211310616578, -0.00790012255311, 0.0196159854531]], "mean": [-630.034484863, 96.5912322998, -5.4759221077, 16.7826194763, 1.53956580162, 9.56771087646, 0.821842372417, 6.25077199936, -1.17095160484, 1.6233997345, 3.43886566162, -1.20066046715, 0.131605118513]}, "pitch_salience": {"dmean": 0.0723016187549, "dmean2": 0.116307616234, "dvar": 0.0042237197049, "dvar2": 0.0105126574636, "max": 0.849012374878, "mean": 0.553708612919, "median": 0.556380391121, "min": 0.0412179380655, "var": 0.0123231448233}, "silence_rate_20dB": {"dmean": 0, "dmean2": 0, "dvar": 0, "dvar2": 0, "max": 1, "mean": 1, "median": 1, "min": 1, "var": 0}, "silence_rate_30dB": {"dmean": 0, "dmean2": 0, "dvar": 0, "dvar2": 0, "max": 1, "mean": 1, "median": 1, "min": 1, "var": 0}, "silence_rate_60dB": {"dmean": 0.0370432734489, "dmean2": 0.0740990266204, "dvar": 0.0356720760465, "dvar2": 0.0787152424455, "max": 1, "mean": 0.154882147908, "median": 0, "min": 0, "var": 0.130893006921}, "spectral_centroid": {"dmean": 300.385894775, "dmean2": 461.984344482, "dvar": 115013.304688, "dvar2": 242624.40625, "max": 11129.8603516, "mean": 1716.0045166, "median": 1664.41015625, "min": 338.948364258, "var": 330794.3125}, "spectral_complexity": {"dmean": 4.44317245483, "dmean2": 6.24014806747, "dvar": 23.4399318695, "dvar2": 38.5065498352, "max": 59, "mean": 21.7047138214, "median": 20, "min": 0, "var": 180.425247192}, "spectral_contrast_coeffs": {"dmean": [0.0512757748365, 0.0479060038924, 0.0392889901996, 0.0324990674853, 0.0239790268242, 0.0236080307513], "dmean2": [0.0847655460238, 0.0774578228593, 0.0627714544535, 0.0513370111585, 0.0367577150464, 0.0358215942979], "dvar": [0.00178119307384, 0.00146108795889, 0.00103064195719, 0.000692177854944, 0.000384708720958, 0.000420869968366], "dvar2": [0.00468982430175, 0.00374510884285, 0.0024797373917, 0.00163145060651, 0.000858879822772, 0.000943213875871], "max": [-0.337008982897, -0.446015834808, -0.484146624804, -0.572758793831, -0.586860835552, -0.613180994987], "mean": [-0.640643954277, -0.735864341259, -0.75504809618, -0.769300580025, -0.789604127407, -0.753979325294], "median": [-0.643070936203, -0.741008400917, -0.764967381954, -0.776051998138, -0.793960213661, -0.751281023026], "min": [-0.965791404247, -0.96574562788, -0.963659286499, -0.959611237049, -0.958348095417, -0.958395004272], "var": [0.00453965645283, 0.00458444422111, 0.00479148561135, 0.00303256209008, 0.00163948570844, 0.00181828858331]}, "spectral_contrast_valleys": {"dmean": [0.435178518295, 0.395819485188, 0.341842740774, 0.313042163849, 0.329524099827, 0.442059874535], "dmean2": [0.70058465004, 0.615097939968, 0.527845084667, 0.459310591221, 0.428686887026, 0.55389803648], "dvar": [0.154607325792, 0.136253893375, 0.1160742715, 0.106042422354, 0.130925297737, 0.205661967397], "dvar2": [0.343741297722, 0.269490927458, 0.218403324485, 0.176548451185, 0.195323109627, 0.356404006481], "max": [-5.36329030991, -4.72293281555, -5.26085281372, -5.67501020432, -5.57592439651, -7.52040052414], "mean": [-7.60254240036, -6.98650884628, -7.34302282333, -7.54952001572, -7.36134910583, -9.80425930023], "median": [-7.14482307434, -6.7972869873, -7.16733264923, -7.35326480865, -7.16175222397, -9.63977813721], "min": [-27.0749778748, -27.011220932, -27.1790466309, -27.1873664856, -27.3544044495, -27.332654953], "var": [1.62771236897, 1.22195923328, 1.20686614513, 1.21395289898, 1.161708951, 1.15759110451]}, "spectral_decrease": {"dmean": 1.73783820667e-09, "dmean2": 2.70593703e-09, "dvar": 5.40609555521e-18, "dvar2": 1.33016490665e-17, "max": 7.09907858541e-30, "mean": -5.9071605385e-09, "median": -5.58296520126e-09, "min": -2.4768143092e-08, "var": 2.02692105689e-17}, "spectral_energy": {"dmean": 0.00705893756822, "dmean2": 0.0107970070094, "dvar": 8.491754852e-05, "dvar2": 0.000202694616746, "max": 0.102475054562, "mean": 0.0245481655002, "median": 0.0229240804911, "min": 1.06131222701e-20, "var": 0.000346084678313}, "spectral_energyband_high": {"dmean": 0.000685725477524, "dmean2": 0.000914846081287, "dvar": 1.17786601095e-06, "dvar2": 2.27888131121e-06, "max": 0.0192121881992, "mean": 0.00132618355565, "median": 0.000706578895915, "min": 7.38731498278e-21, "var": 3.12255610879e-06}, "spectral_energyband_low": {"dmean": 0.00382905709557, "dmean2": 0.00655589625239, "dvar": 4.83817930217e-05, "dvar2": 0.000136206159368, "max": 0.0754810869694, "mean": 0.00844580680132, "median": 0.00771650020033, "min": 1.02975239373e-22, "var": 7.90863923612e-05}, "spectral_energyband_middle_high": {"dmean": 0.00220101093873, "dmean2": 0.00319414492697, "dvar": 9.64679202298e-06, "dvar2": 2.21298978431e-05, "max": 0.0664127469063, "mean": 0.00714322878048, "median": 0.00520090945065, "min": 1.57026587582e-21, "var": 5.67001989111e-05}, "spectral_energyband_middle_low": {"dmean": 0.00383103778586, "dmean2": 0.00592714222148, "dvar": 3.21879633702e-05, "dvar2": 7.53747444833e-05, "max": 0.0713911652565, "mean": 0.00872699823231, "median": 0.00643618265167, "min": 4.15097623829e-22, "var": 7.73931024014e-05}, "spectral_entropy": {"dmean": 0.167316436768, "dmean2": 0.229059517384, "dvar": 0.0280864518136, "dvar2": 0.0533402226865, "max": 9.8044462204, "mean": 7.85595798492, "median": 7.87234306335, "min": 6.46442222595, "var": 0.095706872642}, "spectral_flux": {"dmean": 0.021457657218, "dmean2": 0.0307987704873, "dvar": 0.000519958906807, "dvar2": 0.00100745132659, "max": 0.253270536661, "mean": 0.0782883539796, "median": 0.0730528384447, "min": 1.0302000919e-10, "var": 0.00196823710576}, "spectral_kurtosis": {"dmean": 0.990626215935, "dmean2": 1.55916643143, "dvar": 1.01970601082, "dvar2": 2.49765348434, "max": 14.6060447693, "mean": 2.96814346313, "median": 2.70427680016, "min": -1.19844758511, "var": 2.69882130623}, "spectral_rms": {"dmean": 0.000672955473419, "dmean2": 0.000991328735836, "dvar": 5.50932213628e-07, "dvar2": 1.24234259147e-06, "max": 0.00999878253788, "mean": 0.00441468274221, "median": 0.00472916010767, "min": 3.21780449508e-12, "var": 4.45999512522e-06}, "spectral_rolloff": {"dmean": 792.922546387, "dmean2": 1296.22814941, "dvar": 1678396.5, "dvar2": 3998850.75, "max": 18992.2851563, "mean": 2159.21875, "median": 1744.18945313, "min": 21.533203125, "var": 2682450.5}, "spectral_skewness": {"dmean": 0.171784758568, "dmean2": 0.263435930014, "dvar": 0.0249827057123, "dvar2": 0.0541115552187, "max": 2.74360823631, "mean": 1.32133710384, "median": 1.31431746483, "min": -0.0419362075627, "var": 0.0983306765556}, "spectral_spread": {"dmean": 717533.125, "dmean2": 1034889.5, "dvar": 718387806208, "dvar2": 1337785581570.0, "max": 40721388, "mean": 5031312.5, "median": 4815439.5, "min": 2316539.5, "var": 1814473605120.0}, "spectral_strongpeak": {"dmean": 0.494993656874, "dmean2": 0.845059931278, "dvar": 0.793047785759, "dvar2": 2.02931261063, "max": 8.73329639435, "mean": 0.8422424