{"lowlevel": {"average_loudness": 0.839219868183, "barkbands": {"dmean": [0.00704772770405, 0.0220664422959, 0.00544067937881, 0.00183207483497, 0.00332384626381, 0.00149726739619, 0.000705656420905, 0.000965723069385, 0.000734160246793, 0.00064626452513, 0.000301304011373, 0.000272355275229, 0.000208325596759, 0.000135905283969, 0.000154636596562, 0.000127852603327, 0.000112599860586, 8.38071500766e-05, 5.48305542907e-05, 2.51716865023e-05, 1.41203772728e-05, 9.97078223008e-06, 7.6295918916e-06, 4.47348656962e-06, 2.59799844571e-06, 9.82578603725e-06, 0.000162544878549], "dmean2": [0.0118788536638, 0.0363372303545, 0.00955437868834, 0.00313474051654, 0.00516357971355, 0.00236034858972, 0.00112338282634, 0.00149722583592, 0.00112847925629, 0.00102624064311, 0.000493514235131, 0.000442282704171, 0.000341148726875, 0.000226299918722, 0.000255829072557, 0.000205549600651, 0.000185529337614, 0.000131622553454, 8.58171842992e-05, 3.82348080166e-05, 2.1056010155e-05, 1.50798578034e-05, 1.23600029838e-05, 7.64728247304e-06, 4.28560451837e-06, 1.64742850757e-05, 0.000240059613134], "dvar": [0.000363362167263, 0.00225060456432, 0.000154228531756, 2.43930517172e-05, 4.7706427722e-05, 1.43637871588e-05, 3.85834255212e-06, 9.86874601949e-06, 5.65959498999e-06, 2.45520163844e-06, 5.62659408843e-07, 9.23860739022e-07, 8.56987355746e-07, 8.46412717692e-08, 1.1584699422e-07, 8.73076118069e-08, 6.68031390205e-08, 5.36296127507e-08, 2.58524011088e-08, 6.99975633012e-09, 1.27055288512e-09, 4.287850075e-10, 5.61655943976e-10, 3.97026050925e-10, 3.65638110067e-11, 1.68231228947e-09, 1.00993318597e-07], "dvar2": [0.000928844790906, 0.00551478890702, 0.000431015854701, 6.47205888527e-05, 0.000106741536001, 3.42377352354e-05, 8.70069834491e-06, 2.02813334909e-05, 1.14571303129e-05, 5.48533535039e-06, 1.27539851746e-06, 2.05309197554e-06, 2.1263040253e-06, 2.23388070708e-07, 3.07585054315e-07, 2.05726678359e-07, 1.6210260867e-07, 1.170391144e-07, 5.27022478991e-08, 1.35443221083e-08, 2.22805418559e-09, 9.62149027117e-10, 1.55499024768e-09, 1.13221421127e-09, 8.63365628989e-11, 4.85905626846e-09, 2.18837257648e-07], "max": [0.184622704983, 0.780916810036, 0.231841564178, 0.12666156888, 0.15590813756, 0.200647741556, 0.0700971186161, 0.11611109972, 0.107772812247, 0.0469391010702, 0.037062972784, 0.0398354046047, 0.0516757518053, 0.00750314909965, 0.00954538490623, 0.00684764748439, 0.00522209890187, 0.00740771135315, 0.00727341650054, 0.00400442350656, 0.00250317389145, 0.000565592083149, 0.000775575637817, 0.000734848319553, 0.000176087312866, 0.000982351135463, 0.00825057458133], "mean": [0.0057054203935, 0.0212717149407, 0.00538912042975, 0.00194058590569, 0.00511694233865, 0.00211529317312, 0.00092504551867, 0.00133046018891, 0.000997694558464, 0.000896465964615, 0.000375166186132, 0.000376023119316, 0.000282036256976, 0.000179133654456, 0.000214996936847, 0.000177127920324, 0.000144179779454, 0.000125418242533, 7.82649512985e-05, 3.65982778021e-05, 2.23846054723e-05, 1.53096370923e-05, 9.41284179135e-06, 4.26309043178e-06, 2.49939125752e-06, 1.10473420136e-05, 0.000340316240909], "median": [0.000576559337787, 0.00518604693934, 0.0017499262467, 0.000519537192304, 0.00182807049714, 0.000621993560344, 0.000245679781074, 0.000242051406531, 0.000203367249924, 0.000158310707775, 8.93286633072e-05, 7.12198379915e-05, 6.93918264005e-05, 4.45248879259e-05, 5.30430806975e-05, 4.33651875937e-05, 3.71421920136e-05, 3.11072944896e-05, 2.04271855182e-05, 1.12039742817e-05, 7.72835574026e-06, 5.17309490533e-06, 2.99845623886e-06, 1.12574571176e-06, 6.54918721921e-07, 3.52674305759e-06, 0.000119366159197], "min": [1.51809240626e-24, 5.82207589274e-24, 2.87654539772e-24, 1.35263760747e-24, 4.79907475996e-24, 2.66746136466e-24, 7.703155742e-24, 3.10975437498e-24, 1.43851278868e-23, 1.0298373225e-23, 1.86440254087e-23, 4.51026584058e-23, 4.18762835678e-23, 5.28273831827e-23, 4.26761159505e-23, 5.90188873705e-23, 5.71685226094e-23, 1.22350332159e-22, 1.53756083865e-22, 1.90124124074e-22, 2.56894989788e-22, 3.66195669309e-22, 4.39106889469e-22, 6.67747809884e-22, 8.2337716703e-22, 1.36666948423e-21, 1.99564774674e-21], "var": [0.000287791423034, 0.00216365861706, 0.000128811952891, 2.73648493021e-05, 9.91794149741e-05, 2.49992990575e-05, 6.79099866829e-06, 2.16587977775e-05, 1.17862246043e-05, 5.05284197061e-06, 9.86106897471e-07, 2.14064039028e-06, 1.18610103073e-06, 1.19614711025e-07, 1.96046897827e-07, 1.39284793477e-07, 1.00952092907e-07, 1.02345282471e-07, 5.10030737644e-08, 1.21952004051e-08, 2.74002487366e-09, 8.13705935965e-10, 4.90590790214e-10, 2.4991103631e-10, 3.64675789566e-11, 1.08387798736e-09, 2.89826658673e-07]}, "barkbands_crest": {"dmean": 3.65043187141, "dmean2": 6.02464914322, "dvar": 9.17727279663, "dvar2": 23.4278469086, "max": 26.1813087463, "mean": 12.4141578674, "median": 11.9160223007, "min": 2.70066285133, "var": 22.6554470062}, "barkbands_flatness_db": {"dmean": 0.042683750391, "dmean2": 0.0671594440937, "dvar": 0.00148058275227, "dvar2": 0.00360172824003, "max": 0.495446562767, "mean": 0.188000380993, "median": 0.181615933776, "min": 0.021444613114, "var": 0.00472304131836}, "barkbands_kurtosis": {"dmean": 17.6477603912, "dmean2": 29.0846214294, "dvar": 1303.87182617, "dvar2": 3221.35522461, "max": 951.465332031, "mean": 24.4380226135, "median": 12.0577068329, "min": -1.87469911575, "var": 1662.51635742}, "barkbands_skewness": {"dmean": 1.28004562855, "dmean2": 2.02914381027, "dvar": 2.14453411102, "dvar2": 5.22565460205, "max": 25.4404258728, "mean": 3.32839179039, "median": 2.88248991966, "min": -3.306235075, "var": 5.09990739822}, "barkbands_spread": {"dmean": 7.00481081009, "dmean2": 11.148317337, "dvar": 79.3651428223, "dvar2": 183.491210938, "max": 123.250312805, "mean": 16.002784729, "median": 11.8071098328, "min": 0.221677884459, "var": 204.687774658}, "dissonance": {"dmean": 0.0271042734385, "dmean2": 0.0456172302365, "dvar": 0.000905163702555, "dvar2": 0.00243866513483, "max": 0.500000178814, "mean": 0.456068336964, "median": 0.467951834202, "min": 0.146644070745, "var": 0.00164193694945}, "dynamic_complexity": 4.47510480881, "erbbands": {"dmean": [0.937496423721, 3.97510910034, 6.92675065994, 5.66764259338, 7.20059299469, 12.8764762878, 12.9151439667, 13.6338253021, 10.137339592, 16.1314182281, 17.8139743805, 17.323638916, 19.0355300903, 16.3595714569, 14.3631706238, 8.6968421936, 8.8088054657, 7.84226608276, 7.47444343567, 7.15976953506, 6.85044813156, 6.18254089355, 4.68516159058, 3.60265755653, 2.1778357029, 1.16169464588, 0.691652655602, 0.490556925535, 0.363460153341, 0.304960340261, 0.199980527163, 0.127342671156, 0.0548571832478, 0.0295608453453, 0.0184496454895, 0.0135889491066, 0.0226163435727, 0.016944155097, 0.00855366606265, 0.00441208900884], "dmean2": [1.54962933064, 6.71009016037, 12.0662660599, 9.75045776367, 11.6884803772, 19.9816608429, 20.3275470734, 21.4546051025, 15.8986721039, 25.5903778076, 27.6589183807, 26.6773738861, 29.5177898407, 26.7848243713, 22.9822483063, 14.2308206558, 14.345703125, 12.833861351, 12.2497386932, 11.5699005127, 11.007856369, 10.0824041367, 7.3799700737, 5.617146492, 3.33276820183, 1.76502335072, 1.03386104107, 0.743025362492, 0.550069630146, 0.474813789129, 0.32602468133, 0.218993365765, 0.0915028378367, 0.0487601198256, 0.0304037053138, 0.0227104574442, 0.0390535145998, 0.025316234678, 0.0122043341398, 0.00648179091513], "dvar": [4.88418722153, 90.8237991333, 280.806274414, 193.230407715, 208.283721924, 877.258789062, 1047.74951172, 1343.53894043, 825.284057617, 2217.5925293, 3203.08105469, 3400.89013672, 2783.21118164, 1294.86621094, 2823.95166016, 468.256866455, 789.725219727, 602.263793945, 248.184783936, 283.806549072, 240.41494751, 210.192321777, 166.403945923, 88.6296310425, 45.4574050903, 15.4620752335, 3.40135812759, 1.5384105444, 0.54138058424, 0.631992280483, 0.423089802265, 0.445177257061, 0.0237754341215, 0.00468092085794, 0.00182120152749, 0.0013351268135, 0.0146614508703, 0.00190907320939, 0.000486416218337, 7.46890582377e-05], "dvar2": [12.3546066284, 229.009689331, 761.143798828, 534.426269531, 525.117004395, 1941.37902832, 2433.21655273, 3096.59399414, 1805.94287109, 5158.13769531, 6913.36523438, 7175.07763672, 5744.95654297, 3301.2734375, 5673.01025391, 1059.01977539, 1946.23205566, 1425.73864746, 662.790527344, 688.563049316, 574.787780762, 496.428283691, 363.109771729, 185.465789795, 89.2719192505, 29.8694839478, 5.94041776657, 2.90150976181, 1.1743490696, 1.65334165096, 1.18528079987, 1.28961527348, 0.0626888647676, 0.0110539579764, 0.0042969272472, 0.00355601636693, 0.0430156216025, 0.00476535456255, 0.000815032224637, 0.000165317134815], "max": [24.5727500916, 188.003997803, 336.905822754, 307.48059082, 255.234786987, 857.539428711, 1016.48620605, 2174.23754883, 1208.43518066, 1316.45776367, 3013.43359375, 2594.40478516, 2225.77124023, 845.077575684, 2747.67724609, 886.416381836, 1529.70812988, 1142.21777344, 410.667114258, 586.74822998, 337.855499268, 316.585693359, 456.875793457, 328.331726074, 314.441223145, 198.647827148, 136.092437744, 79.8392181396, 18.6926250458, 30.1611061096, 22.5078716278, 23.3481750488, 5.40255355835, 1.97161102295, 1.24245142937, 0.870014667511, 3.3661301136, 1.00090444088, 1.1424986124, 0.194386795163], "mean": [0.824178397655, 3.91883277893, 7.02566003799, 6.36954021454, 9.584192276, 18.987783432, 18.4817771912, 19.0984764099, 14.0680608749, 22.6345310211, 24.4294719696, 24.1057682037, 26.2906360626, 22.0604991913, 19.6409378052, 12.3070878983, 12.4322299957, 10.9578847885, 10.6911373138, 10.378446579, 9.47663116455, 8.17070007324, 7.18861818314, 5.27320384979, 3.12486886978, 1.71843731403, 1.09585797787, 0.758528709412, 0.556997895241, 0.418085306883, 0.244279593229, 0.125465989113, 0.0533915609121, 0.0285586826503, 0.0179362036288, 0.0133924018592, 0.023135876283, 0.0251842271537, 0.0165906772017, 0.0110504180193], "median": [0.145696252584, 1.06147742271, 2.39664125443, 2.30887794495, 3.45282769203, 6.04279327393, 5.98911619186, 5.16517066956, 3.74401807785, 4.89649105072, 4.99017333984, 5.03529453278, 4.88621854782, 5.02723312378, 4.00154829025, 3.15906667709, 3.50765228271, 2.67863702774, 2.60914254189, 2.83085393906, 2.36351299286, 2.16715335846, 1.83625173569, 1.42388164997, 0.81592553854, 0.528487801552, 0.370469033718, 0.267024457455, 0.1878990978, 0.133441612124, 0.0785986334085, 0.0349533930421, 0.0140250809491, 0.00768864899874, 0.00481130927801, 0.0039899693802, 0.00666249636561, 0.00780026754364, 0.00619555311278, 0.00422348547727], "min": [8.85247212282e-23, 1.11572780681e-21, 4.68740109848e-21, 5.74256569333e-21, 1.05606681948e-20, 9.11806439875e-21, 3.92714077073e-20, 5.45575438686e-20, 9.98982342242e-20, 2.63379502765e-19, 1.82594950342e-19, 3.4111336139e-19, 5.93485804388e-19, 8.57746745644e-19, 9.26164766964e-19, 2.15674357988e-18, 1.86943252707e-18, 2.48069563189e-18, 2.98956184189e-18, 2.98592410835e-18, 4.39058039284e-18, 4.11029520536e-18, 5.76747918431e-18, 6.7113576105e-18, 9.59299140761e-18, 1.00796978626e-17, 1.16176168729e-17, 9.71860705543e-18, 1.22013871825e-17, 1.37641050675e-17, 1.11398927722e-17, 1.26836218991e-17, 1.10424583406e-17, 8.76085184728e-18, 6.20498038696e-18, 4.03909232541e-18, 2.4872318063e-18, 9.70171912925e-19, 2.76341345416e-19, 2.96564379816e-20], "var": [4.08491611481, 84.9972457886, 236.593933105, 190.95552063, 314.162475586, 1732.65563965, 1885.1796875, 2458.02075195, 1546.13708496, 4410.77490234, 6372.66845703, 6773.30810547, 5621.77539062, 2219.54248047, 6286.89208984, 1046.23291016, 1173.65405273, 931.893127441, 428.677825928, 473.348602295, 373.090606689, 334.171539307, 324.310943604, 176.207122803, 87.6277770996, 26.6761989594, 7.30326986313, 3.12209868431, 1.08187460899, 0.756568491459, 0.351286560297, 0.267067909241, 0.0193527452648, 0.00466840481386, 0.00182901334483, 0.0010699267732, 0.00844967830926, 0.00253085698932, 0.0012423270382, 0.000274083431577]}, "erbbands_crest": {"dmean": 2.99627637863, "dmean2": 4.85378265381, "dvar": 8.807472229, "dvar2": 20.3713684082, "max": 33.6162872314, "mean": 9.24895095825, "median": 7.68485355377, "min": 2.14584946632, "var": 29.0576782227}, "erbbands_flatness_db": {"dmean": 0.0291157513857, "dmean2": 0.0448457859457, "dvar": 0.000742819334846, "dvar2": 0.00168066343758, "max": 0.465701848269, "mean": 0.153083458543, "median": 0.142468094826, "min": 0.0311489868909, "var": 0.0027399410028}, "erbbands_kurtosis": {"dmean": 2.01850771904, "dmean2": 3.1940331459, "dvar": 18.542963028, "dvar2": 44.6828079224, "max": 105.275276184, "mean": 1.90185499191, "median": 0.21048617363, "min": -1.78301310539, "var": 32.7211494446}, "erbbands_skewness": {"dmean": 0.51485991478, "dmean2": 0.800497889519, "dvar": 0.268269062042, "dvar2": 0.617004454136, "max": 6.3838467598, "mean": 0.478360742331, "median": 0.427958726883, "min": -5.44376659393, "var": 1.03055167198}, "erbbands_spread": {"dmean": 8.55760097504, "dmean2": 13.5251102448, "dvar": 72.9069519043, "dvar2": 174.90788269, "max": 114.834411621, "mean": 30.9913311005, "median": 28.9323348999, "min": 0.535314202309, "var": 251.820541382}, "gfcc": {"cov": [[13491.2685547, 376.087188721, -838.28729248, -6.84910440445, 8.18972110748, -204.02935791, 50.1903915405, 28.4182376862, 120.688179016, -3.55915808678, 18.2229480743, 98.1517791748, -39.5823822021], [376.087188721, 931.110290527, 183.912826538, -198.410919189, -13.7285032272, 41.0479469299, 1.7144421339, 36.2156982422, -30.6856422424, -25.4249248505, 60.7956619263, -58.5095558167, 29.0066833496], [-838.28729248, 183.912826538, 549.997680664, 203.410339355, -56.6461486816, 210.210403442, -82.6178283691, 147.216720581, -52.3608360291, 70.9738769531, 19.1649971008, -36.293888092, 7.13236761093], [-6.84910440445, -198.410919189, 203.410339355, 434.020965576, 176.585952759, 33.471698761, 33.8797531128, 60.7290992737, 30.2662887573, 47.7341423035, 2.37170124054, 28.3146476746, -29.7122116089], [8.18972110748, -13.7285032272, -56.6461486816, 176.585952759, 350.163452148, -4.21145820618, 105.415344238, -17.4580879211, 51.091835022, -15.3196077347, 40.7831268311, 9.52875900269, 1.89863932133], [-204.02935791, 41.0479469299, 210.210403442, 33.471698761, -4.21145820618, 346.392822266, -15.5826263428, 117.620666504, -64.6270904541, 40.1904029846, 22.2960529327, -8.38531684875, 23.7226581573], [50.1903915405, 1.7144421339, -82.6178283691, 33.8797531128, 105.415344238, -15.5826263428, 200.752151489, 9.13607406616, 67.6659545898, -23.7524032593, -3.16261649132, 47.7046127319, -10.4834356308], [28.4182376862, 36.2156982422, 147.216720581, 60.7290992737, -17.4580879211, 117.620666504, 9.13607406616, 199.052810669, 24.1746711731, 40.4393005371, 16.7211074829, -14.0713214874, 29.0718250275], [120.688179016, -30.6856422424, -52.3608360291, 30.2662887573, 51.091835022, -64.6270904541, 67.6659545898, 24.1746711731, 141.813598633, 39.7578392029, -2.90604019165, 15.3551654816, -21.4850578308], [-3.55915808678, -25.4249248505, 70.9738769531, 47.7341423035, -15.3196077347, 40.1904029846, -23.7524032593, 40.4393005371, 39.7578392029, 93.2784347534, 37.0528869629, -1.07502436638, -4.51323318481], [18.2229480743, 60.7956619263, 19.1649971008, 2.37170124054, 40.7831268311, 22.2960529327, -3.16261649132, 16.7211074829, -2.90604019165, 37.0528869629, 79.3873443604, 21.6641750336, 17.4692420959], [98.1517791748, -58.5095558167, -36.293888092, 28.3146476746, 9.52875900269, -8.38531684875, 47.7046127319, -14.0713214874, 15.3551654816, -1.07502436638, 21.6641750336, 90.1950378418, 16.0475330353], [-39.5823822021, 29.0066833496, 7.13236761093, -29.7122116089, 1.89863932133, 23.7226581573, -10.4834356308, 29.0718250275, -21.4850578308, -4.51323318481, 17.4692420959, 16.0475330353, 77.7376403809]], "icov": [[0.000113734400657, -0.000244637660217, 0.000556080718525, -0.000419986114139, 0.000219534515054, -0.000137054128572, 0.000180076429388, -0.000168617349118, -1.048242666e-05, -7.28435115889e-05, 5.71089258301e-05, -0.000108509273559, 6.38957280898e-05], [-0.000244637660217, 0.00254736072384, -0.00303407059982, 0.00273661408573, -0.00105169846211, 0.000827064039186, -0.00109425035771, 0.000454831722891, -0.000405302096624, 0.00164359202608, -0.00219473638572, 0.00130791123956, -8.84889013832e-05], [0.000556080718525, -0.00303407059982, 0.0086940843612, -0.0069397194311, 0.0041568595916, -0.00322155584581, 0.00190660043154, -0.00129164406098, -0.000254926795606, -0.000399052456487, -0.000656593474559, 0.00146931281779, -0.000662505510263], [-0.000419986114139, 0.00273661408573, -0.0069397194311, 0.0115142920986, -0.00855763442814, 0.00424401741475, -0.000344395113643, -0.003049521707, 0.0051191188395, -0.00685133226216, 0.00737782660872, -0.00670529901981, 0.00455380603671], [0.000219534515054, -0.00105169846211, 0.0041568595916, -0.00855763442814, 0.0113165341318, -0.0041214749217, -0.00224215374328, 0.00444275420159, -0.00735958199948, 0.0098022678867, -0.0118773272261, 0.00880496762693, -0.00474400632083], [-0.000137054128572, 0.000827064039186, -0.00322155584581, 0.00424401741475, -0.0041214749217, 0.00691960938275, -0.00109040760435, -0.00388262374327, 0.00660106446594, -0.00641327118501, 0.00478227064013, -0.00358939776197, 0.0019516487373], [0.000180076429388, -0.00109425035771, 0.00190660043154, -0.000344395113643, -0.00224215374328, -0.00109040760435, 0.0100189158693, -0.00229722261429, -0.00330579117872, 0.00260451762006, 0.00239224056713, -0.00601958669722, 0.00273377471603], [-0.000168617349118, 0.000454831722891, -0.00129164406098, -0.003049521707, 0.00444275420159, -0.00388262374327, -0.00229722261429, 0.0115108946338, -0.00709676509723, 0.00494294147938, -0.00670000258833, 0.00712606031448, -0.0064807087183], [-1.048242666e-05, -0.000405302096624, -0.000254926795606, 0.0051191188395, -0.00735958199948, 0.00660106446594, -0.00330579117872, -0.00709676509723, 0.0216429736465, -0.0190028958023, 0.0141331795603, -0.00828632991761, 0.0059123695828], [-7.28435115889e-05, 0.00164359202608, -0.000399052456487, -0.00685133226216, 0.0098022678867, -0.00641327118501, 0.00260451762006, 0.00494294147938, -0.0190028958023, 0.0358622558415, -0.0249346401542, 0.0110582970083, -0.00286142481491], [5.71089258301e-05, -0.00219473638572, -0.000656593474559, 0.00737782660872, -0.0118773272261, 0.00478227064013, 0.00239224056713, -0.00670000258833, 0.0141331795603, -0.0249346401542, 0.036499004811, -0.0166972242296, 0.00309033785015], [-0.000108509273559, 0.00130791123956, 0.00146931281779, -0.00670529901981, 0.00880496762693, -0.00358939776197, -0.00601958669722, 0.00712606031448, -0.00828632991761, 0.0110582970083, -0.0166972242296, 0.0249137636274, -0.00887630879879], [6.38957280898e-05, -8.84889013832e-05, -0.000662505510263, 0.00455380603671, -0.00474400632083, 0.0019516487373, 0.00273377471603, -0.0064807087183, 0.0059123695828, -0.00286142481491, 0.00309033785015, -0.00887630879879, 0.0196490325034]], "mean": [-52.6331634521, 114.340034485, -71.5885391235, 0.395629286766, -10.6930408478, -16.9425430298, -4.25606250763, -12.519618988, -1.33441352844, -11.1153078079, -6.61057758331, -1.15839552879, -6.7233953476]}, "hfc": {"dmean": 52.6585578918, "dmean2": 77.7784957886, "dvar": 21438.2792969, "dvar2": 48037.109375, "max": 3677.70922852, "mean": 121.238220215, "median": 40.237701416, "min": 1.11737436498e-16, "var": 61119.7929688}, "melbands": {"dmean": [0.0073467483744, 0.00410936679691, 0.000976774375886, 0.000703518511727, 0.000501019298099, 0.000294907513307, 0.000149972125655, 0.00019229654572, 0.000144895078847, 0.000104765116703, 9.58074306254e-05, 6.9173052907e-05, 4.47318816441e-05, 3.26723238686e-05, 1.95237334992e-05, 2.07593166124e-05, 1.45174444697e-05, 1.18357093015e-05, 1.13228188638e-05, 9.19481317396e-06, 8.20318382466e-06, 7.05083311914e-06, 4.86983662995e-06, 4.05288074035e-06, 3.00155375044e-06, 1.88160254311e-06, 1.23507709304e-06, 6.96690619861e-07, 4.8764860594e-07, 3.34206532671e-07, 2.82340266722e-07, 2.14275345911e-07, 1.94329487613e-07, 1.66760713682e-07, 1.22035203276e-07, 9.8235943824e-08, 7.01664788494e-08, 4.05338731468e-08, 2.82038143951e-08, 2.38122588314e-08], "dmean2": [0.0120268771425, 0.00698398565874, 0.00165703753009, 0.00109833653551, 0.000778399815317, 0.000462392199552, 0.000235586310737, 0.00030009605689, 0.000225486481213, 0.000161708492669, 0.000148881430505, 0.000113853893708, 7.24839846953e-05, 5.26213334524e-05, 3.22472551488e-05, 3.38383542839e-05, 2.40073095483e-05, 1.95545435417e-05, 1.87046971405e-05, 1.47719429151e-05, 1.34334786708e-05, 1.16887049444e-05, 7.76065553509e-06, 6.4383816607e-06, 4.75865954286e-06, 2.93215543934e-06, 1.91342860489e-06, 1.08238998564e-06, 7.42406825793e-07, 5.12014423748e-07, 4.36430724449e-07, 3.27056739025e-07, 3.00844135381e-07, 2.65201606453e-07, 1.98687260422e-07, 1.67677811191e-07, 1.21413592069e-07, 6.77346889688e-08, 4.65462193233e-08, 3.93283379196e-08], "dvar": [0.000260349974269, 9.99639014481e-05, 5.14013481734e-06, 2.23267375077e-06, 1.48776587139e-06, 5.90937929701e-07, 1.72410963728e-07, 3.43294942695e-07, 2.01427951652e-07, 1.12220220672e-07, 7.0175318001e-08, 2.41997124562e-08, 1.79141643741e-08, 1.52483661253e-08, 1.6436814132e-09, 1.11809974612e-08, 1.54496115901e-09, 6.03878669292e-10, 6.79528211478e-10, 4.80381512347e-10, 3.58425150671e-10, 2.77441097873e-10, 1.63035210332e-10, 1.25862403832e-10, 6.3593345867e-11, 3.74221799382e-11, 1.81382287662e-11, 6.03630383525e-12, 1.8749489808e-12, 7.35143879365e-13, 5.39093997307e-13, 1.89659879056e-13, 1.95094347578e-13, 2.21475683388e-13, 1.34702822898e-13, 2.3687941799e-13, 1.41154693186e-13, 1.45924295054e-14, 4.11573605532e-15, 3.10268465041e-15], "dvar2": [0.000641765887849, 0.000260998640442, 1.39210005727e-05, 5.11351709065e-06, 3.32320678353e-06, 1.37049471505e-06, 3.79025351549e-07, 7.49827506752e-07, 4.25052576247e-07, 2.37900380284e-07, 1.45282584185e-07, 6.20976621235e-08, 3.77169975252e-08, 3.24451683298e-08, 3.91615984086e-09, 2.75601816924e-08, 3.73272923682e-09, 1.61866897663e-09, 1.78040926446e-09, 1.11642717293e-09, 8.90519769037e-10, 6.80793477148e-10, 3.60910606956e-10, 2.85048956661e-10, 1.39793301934e-10, 7.84067533122e-11, 3.63347095467e-11, 1.21753414642e-11, 3.36054036161e-12, 1.47307882038e-12, 1.12450847245e-12, 4.15372353483e-13, 4.83237636104e-13, 5.96765529787e-13, 3.73039652554e-13, 6.90340146159e-13, 4.05868643815e-13, 3.88664693149e-14, 9.78579535655e-15, 7.32369673668e-15], "max": [0.216054260731, 0.214375466108, 0.0476622469723, 0.0430512912571, 0.0347244441509, 0.0441599339247, 0.0170850493014, 0.0177894141525, 0.0212148427963, 0.013980679214, 0.0108050601557, 0.00363978534006, 0.00667438516393, 0.00537787470967, 0.00143270136323, 0.00620797136799, 0.00161704921629, 0.000608486006968, 0.000857125327457, 0.000647230248433, 0.000366456224583, 0.000399938900955, 0.00032549581374, 0.000400034681661, 0.000267463241471, 0.000317186902976, 0.000249614240602, 0.000140928212204, 9.34609488468e-05, 5.99913619226e-05, 4.70906452392e-05, 1.03005022538e-05, 1.39417024911e-05, 1.65854035004e-05, 1.2389926269e-05, 1.86612596735e-05, 1.49713741848e-05, 4.61582976641e-06, 1.74379829332e-06, 1.62265962445e-06], "mean": [0.00687394104898, 0.00428259605542, 0.00118136964738, 0.00105107785203, 0.000743681681342, 0.000416073482484, 0.000206006414373, 0.000270562450169, 0.000197874382138, 0.000143329350976, 0.000129588559503, 9.08781876205e-05, 5.87463582633e-05, 4.57996538898e-05, 2.59471689787e-05, 2.81023549178e-05, 1.92337065528e-05, 1.64045923157e-05, 1.53446853801e-05, 1.31734195747e-05, 1.04469263533e-05, 8.64223784447e-06, 7.10074345989e-06, 5.86417627346e-06, 4.17295495936e-06, 2.57236592915e-06, 1.69042436937e-06, 9.93056914922e-07, 7.44479962123e-07, 4.97013900258e-07, 4.15914144014e-07, 3.20407565368e-07, 2.73683497198e-07, 2.14687673861e-07, 1.50063542037e-07, 1.02520729683e-07, 6.49387956742e-08, 3.88624279424e-08, 2.73497722247e-08, 2.27241034878e-08], "median": [0.00150249141734, 0.00147714174818, 0.000473799183965, 0.000379455508664, 0.000236511506955, 0.000113611429697, 5.45459697605e-05, 5.3831779951e-05, 3.88447115256e-05, 2.92588920274e-05, 2.31217145483e-05, 1.81225987035e-05, 1.28197352751e-05, 8.54359132063e-06, 7.52081268729e-06, 6.45112322673e-06, 4.52224321634e-06, 3.85940893466e-06, 3.86455349144e-06, 3.41038685292e-06, 2.44017633122e-06, 2.19246567212e-06, 1.79047333404e-06, 1.39664211929e-06, 1.10944142762e-06, 6.25434608992e-07, 4.60393380308e-07, 3.01220495658e-07, 2.40556005338e-07, 1.71569126906e-07, 1.4297756934e-07, 1.07053651277e-07, 8.66356799634e-08, 6.61538450686e-08, 4.71532715096e-08, 3.10750891686e-08, 1.56561732467e-08, 9.62602975108e-09, 7.44844053102e-09, 5.81626569129e-09], "min": [1.4393780902e-24, 1.93234436962e-24, 1.54286983704e-24, 9.22028317416e-25, 1.0978396766e-24, 1.391770729e-24, 1.4804172969e-24, 3.20145984964e-24, 2.04652823856e-24, 2.1000163606e-24, 2.28819696017e-24, 2.90935925036e-24, 2.46359781586e-24, 4.1527026446e-24, 3.04476584424e-24, 3.26938412624e-24, 4.05230786707e-24, 4.24245095536e-24, 3.0936083644e-24, 3.30251588983e-24, 3.87123589033e-24, 3.0764090273e-24, 4.89080902804e-24, 5.40402576133e-24, 4.10964267209e-24, 5.73724612972e-24, 6.71620081943e-24, 5.85542222649e-24, 5.82213347958e-24, 4.6361292291e-24, 5.28621766818e-24, 6.59729029316e-24, 5.89769176037e-24, 6.49838488501e-24, 5.59400003339e-24, 6.06407711921e-24, 7.53163213766e-24, 6.66043860862e-24, 6.97359824419e-24, 6.32590044809e-24], "var": [0.000238176478888, 8.96453784662e-05, 5.56073746338e-06, 4.19728985435e-06, 3.00900046568e-06, 1.0842059055e-06, 3.27820686152e-07, 7.44301758004e-07, 4.2023694391e-07, 2.20428475473e-07, 1.41352558103e-07, 4.05910114409e-08, 3.75391522311e-08, 3.55930787066e-08, 2.88485813016e-09, 1.55185659878e-08, 2.33769159586e-09, 9.95187932062e-10, 1.0755369928e-09, 8.08777655958e-10, 4.8036624678e-10, 3.84692250277e-10, 3.14416520597e-10, 2.23043264413e-10, 1.1580716941e-10, 6.91520521401e-11, 2.95325500166e-11, 9.67876126468e-12, 3.79428476485e-12, 1.36889978519e-12, 9.76246210607e-13, 3.67982527045e-13, 2.91384754866e-13, 2.27469627335e-13, 1.21797334046e-13, 1.42804130608e-13, 8.53110781345e-14, 1.15073550935e-14, 4.09684002082e-15, 3.07941093787e-15]}, "melbands_crest": {"dmean": 4.82042789459, "dmean2": 7.79164791107, "dvar": 17.5091342926, "dvar2": 41.1509361267, "max": 38.1796531677, "mean": 17.56275177, "median": 17.0074043274, "min": 1.60472273827, "var": 44.1024360657}, "melbands_flatness_db": {"dmean": 0.0509638190269, "dmean2": 0.0800196826458, "dvar": 0.00198284699582, "dvar2": 0.0048125074245, "max": 0.664549410343, "mean": 0.31136494875, "median": 0.308481693268, "min": 0.00375797972083, "var": 0.00720051210374}, "melbands_kurtosis": {"dmean": 20.0969295502, "dmean2": 33.3105659485, "dvar": 1321.93652344, "dvar2": 3457.20361328, "max": 634.079772949, "mean": 28.343832016, "median": 13.5216722488, "min": -1.91256678104, "var": 1749.9708252}, "melbands_skewness": {"dmean": 1.35088646412, "dmean2": 2.12828087807, "dvar": 2.1942281723, "dvar2": 5.46122026443, "max": 20.2664604187, "mean": 3.49451994896, "median": 3.00541734695, "min": -4.38491725922, "var": 5.87887716293}, "melbands_spread": {"dmean": 4.86009693146, "dmean2": 7.70784330368, "dvar": 53.5357284546, "dvar2": 117.014419556, "max": 158.649383545, "mean": 10.893825531, "median": 7.61569023132, "min": 0.263874322176, "var": 174.852706909}, "mfcc": {"cov": [[8636.95703125, 555.021484375, -877.842285156, 271.524780273, -235.538848877, 61.2084083557, -242.399246216, 190.416275024, -79.6757278442, 87.9055786133, 5.42538642883, 54.3711585999, 28.9614238739], [555.021484375, 1141.74816895, 85.675201416, -146.880172729, -11.0375299454, -65.8943862915, 50.964931488, -5.96890068054, -22.9556407928, -6.69028902054, 34.1872940063, -26.8624401093, -4.32389593124], [-877.842285156, 85.675201416, 701.539428711, -82.5771789551, 103.038269043, -16.051530838, 97.7459487915, -23.8140296936, 36.1368904114, 16.1086521149, 41.2672958374, 40.4485778809, -0.396056473255], [271.524780273, -146.880172729, -82.5771789551, 466.871063232, 91.2173995972, 54.1482658386, -13.920419693, 53.3876075745, 21.8382282257, 16.7894897461, 35.5588417053, 37.1604919434, 27.3101024628], [-235.538848877, -11.0375299454, 103.038269043, 91.2173995972, 261.984375, 57.9079360962, 101.225479126, 4.45901155472, 28.0156955719, 4.64213943481, 42.4690971375, 35.9460716248, 21.9653987885], [61.2084083557, -65.8943862915, -16.051530838, 54.1482658386, 57.9079360962, 175.138565063, 52.6537780762, 42.7240791321, 1.34629392624, 5.89909505844, 0.128575950861, 25.5531673431, 21.5595855713], [-242.399246216, 50.964931488, 97.7459487915, -13.920419693, 101.225479126, 52.6537780762, 178.355239868, 53.2951278687, 30.1075763702, -14.7344141006, 11.5645961761, 16.5410289764, 24.3133411407], [190.416275024, -5.96890068054, -23.8140296936, 53.3876075745, 4.45901155472, 42.7240791321, 53.2951278687, 136.645141602, 58.4859695435, 17.1330547333, 2.91970682144, 17.7707061768, 18.391412735], [-79.6757278442, -22.9556407928, 36.1368904114, 21.8382282257, 28.0156955719, 1.34629392624, 30.1075763702, 58.4859695435, 101.436851501, 45.7354774475, 21.6808624268, 8.31505298615, 8.8450012207], [87.9055786133, -6.69028902054, 16.1086521149, 16.7894897461, 4.64213943481, 5.89909505844, -14.7344141006, 17.1330547333, 45.7354774475, 92.6328659058, 43.9286231995, 11.6889514923, -0.170534476638], [5.42538642883, 34.1872940063, 41.2672958374, 35.5588417053, 42.4690971375, 0.128575950861, 11.5645961761, 2.91970682144, 21.6808624268, 43.9286231995, 81.929725647, 41.3156280518, 14.0944566727], [54.3711585999, -26.8624401093, 40.4485778809, 37.1604919434, 35.9460716248, 25.5531673431, 16.5410289764, 17.7707061768, 8.31505298615, 11.6889514923, 41.3156280518, 78.9201965332, 38.3744087219], [28.9614238739, -4.32389593124, -0.396056473255, 27.3101024628, 21.9653987885, 21.5595855713, 24.3133411407, 18.391412735, 8.8450012207, -0.170534476638, 14.0944566727, 38.3744087219, 70.3860397339]], "icov": [[0.000161413598107, -0.000115999027912, 0.000170524101122, -5.81310669077e-05, 1.49907064042e-05, -9.28038207348e-06, 0.000178272384801, -0.00030285489629, 0.000277902756352, -0.000274904596154, 0.000162258307682, -0.000282252556644, 5.14946623298e-05], [-0.000115999027912, 0.00110438105185, -0.000208704761462, 0.000341142731486, 2.72642614618e-06, 0.000369216722902, -0.000396936608013, -0.000233388855122, 0.000457152316812, 0.000345860520611, -0.00125998526346, 0.00115661998279, -0.00036870589247], [0.000170524101122, -0.000208704761462, 0.0019983262755, 0.000211995939026, -0.000314116565278, 0.000356192642357, -0.000850953976624, 0.000613051524851, -0.000458307244116, -0.000551277538761, 0.000384412822314, -0.0017559977714, 0.000905332446564], [-5.81310669077e-05, 0.000341142731486, 0.000211995939026, 0.00293398764916, -0.00140602246393, -0.000339655409334, 0.00144984666258, -0.00153507164214, 0.000207770412089, 0.000643308565486, -0.00142698781565, 0.000376545067411, -0.000593325414229], [1.49907064042e-05, 2.72642614618e-06, -0.000314116565278, -0.00140602246393, 0.00668293610215, -0.00138191133738, -0.00362394331023, 0.00292428862303, -0.00199130456895, 0.000931165355723, -0.00192395516206, -0.00082068820484, 0.000448422768386], [-9.28038207348e-06, 0.000369216722902, 0.000356192642357, -0.000339655409334, -0.00138191133738, 0.00797211751342, -0.00193777808454, -0.00213259574957, 0.00300413672812, -0.00282016396523, 0.00269701168872, -0.00206013466232, -0.000424980302341], [0.000178272384801, -0.000396936608013, -0.000850953976624, 0.00144984666258, -0.00362394331023, -0.00193777808454, 0.0112689882517, -0.0047282516025, -0.000778730609454, 0.00377037469298, -0.00213234685361, 0.00222278991714, -0.00227564200759], [-0.00030285489629, -0.000233388855122, 0.000613051524851, -0.00153507164214, 0.00292428862303, -0.00213259574957, -0.0047282516025, 0.0147871775553, -0.00857630651444, 0.000267062656349, 0.00280517619103, -0.0033096135594, 0.000540518609341], [0.000277902756352, 0.000457152316812, -0.000458307244116, 0.000207770412089, -0.00199130456895, 0.00300413672812, -0.000778730609454, -0.00857630651444, 0.0199973881245, -0.009033462964, 0.000160766518093, 0.00208485964686, -0.00166198227089], [-0.000274904596154, 0.000345860520611, -0.000551277538761, 0.000643308565486, 0.000931165355723, -0.00282016396523, 0.00377037469298, 0.000267062656349, -0.009033462964, 0.0215938966721, -0.0123869590461, 0.00384553405456, 0.000654062489048], [0.000162258307682, -0.00125998526346, 0.000384412822314, -0.00142698781565, -0.00192395516206, 0.00269701168872, -0.00213234685361, 0.00280517619103, 0.000160766518093, -0.0123869590461, 0.0275952946395, -0.0139570515603, 0.00222291238606], [-0.000282252556644, 0.00115661998279, -0.0017559977714, 0.000376545067411, -0.00082068820484, -0.00206013466232, 0.00222278991714, -0.0033096135594, 0.00208485964686, 0.00384553405456, -0.0139570515603, 0.0273366365582, -0.0113464407623], [5.14946623298e-05, -0.00036870589247, 0.000905332446564, -0.000593325414229, 0.000448422768386, -0.000424980302341, -0.00227564200759, 0.000540518609341, -0.00166198227089, 0.000654062489048, 0.00222291238606, -0.0113464407623, 0.0209852829576]], "mean": [-720.693847656, 175.962173462, -0.0429893396795, 33.8847770691, 8.15061569214, 11.8674182892, -0.209853515029, 10.3896636963, 1.46411657333, 3.15233492851, 1.14570403099, -0.917703986168, -0.451692938805]}, "pitch_salience": {"dmean": 0.108398325741, "dmean2": 0.175873175263, "dvar": 0.00870131421834, "dvar2": 0.0219082012773, "max": 0.879018187523, "mean": 0.513296663761, "median": 0.531717419624, "min": 0.0607737898827, "var": 0.0210574772209}, "silence_rate_20dB": {"dmean": 0.00845280475914, "dmean2": 0.0169070120901, "dvar": 0.00838072877377, "dvar2": 0.0197714027017, "max": 1, "mean": 0.992459416389, "median": 1, "min": 0, "var": 0.00748331751674}, "silence_rate_30dB": {"dmean": 0.111212395132, "dmean2": 0.222443223, "dvar": 0.0988440588117, "dvar2": 0.197326228023, "max": 1, "mean": 0.858054339886, "median": 1, "min": 0, "var": 0.121790282428}, "silence_rate_60dB": {"dmean": 0.02469545044, "dmean2": 0.0493949949741, "dvar": 0.0240860618651, "dvar2": 0.05574150756, "max": 1, "mean": 0.0750745758414, "median": 0, "min": 0, "var": 0.069441370666}, "spectral_centroid": {"dmean": 211.174194336, "dmean2": 330.24899292, "dvar": 82545.7578125, "dvar2": 168340.359375, "max": 11825.9921875, "mean": 771.258789062, "median": 618.048706055, "min": 110.278648376, "var": 608205.375}, "spectral_complexity": {"dmean": 3.84884405136, "dmean2": 5.77722549438, "dvar": 21.3338603973, "dvar2": 44.1885414124, "max": 52, "mean": 12.6975469589, "median": 10, "min": 0, "var": 79.8032226562}, "spectral_contrast_coeffs": {"dmean": [0.0578609891236, 0.0497438497841, 0.041770581156, 0.0296967290342, 0.0283285416663, 0.0411271974444], "dmean2": [0.0945563465357, 0.0823353305459, 0.068261757493, 0.0483014918864, 0.0451268181205, 0.0643197670579], "dvar": [0.0021201709751, 0.00158085988369, 0.00118634791579, 0.000605450128205, 0.00062052422436, 0.00158930313773], "dvar2": [0.00545985810459, 0.00417462689802, 0.0030007478781, 0.00150523998309, 0.00155859277584, 0.00357853691094], "max": [-0.319564789534, -0.435862481594, -0.490216910839, -0.552955329418, -0.646691918373, -0.492035806179], "mean": [-0.677657365799, -0.781843423843, -0.805212199688, -0.830376505852, -0.827869534492, -0.783979296684], "median": [-0.686434745789, -0.789825201035, -0.815761327744, -0.833666801453, -0.826751470566, -0.797511875629], "min": [-0.978194653988, -0.975159704685, -0.971218526363, -0.98551428318, -0.969412624836, -0.96403169632], "var": [0.00800836551934, 0.00497231865302, 0.00473088119179, 0.00213283253834, 0.00219536595978, 0.00456308294088]}, "spectral_contrast_valleys": {"dmean": [0.509931743145, 0.498353809118, 0.498481661081, 0.445227026939, 0.462419331074, 0.72173345089], "dmean2": [0.782854139805, 0.772085785866, 0.757649183273, 0.655683398247, 0.677681446075, 1.1244866848], "dvar": [0.198082104325, 0.203423753381, 0.222383677959, 0.190480574965, 0.212482482195, 0.358457148075], "dvar2": [0.408793896437, 0.460192769766, 0.493972957134, 0.387777030468, 0.445894300938, 0.910549938679], "max": [-4.5596408844, -4.31136369705, -4.96948385239, -5.45310688019, -5.5322508812, -8.46853542328], "mean": [-6.89917564392, -6.79079294205, -7.50618362427, -7.9976773262, -8.34687900543, -11.4663581848], "median": [-6.67229557037, -6.62224292755, -7.36645507812, -7.89970588684, -8.15645980835, -11.3020610809], "min": [-27.8063621521, -27.9780044556, -27.8131084442, -27.5631980896, -27.4546852112, -27.392911911], "var": [2.66692614555, 2.57858991623, 2.48662829399, 2.39663076401, 2.33436155319, 2.06205892563]}, "spectral_decrease": {"dmean": 9.49647027682e-09, "dmean2": 1.4918679625e-08, "dvar": 3.16859381928e-16, "dvar2": 7.47266865628e-16, "max": 3.54105686995e-08, "mean": -1.10880362669e-08, "median": -4.99442709412e-09, "min": -2.71640033134e-07, "var": 3.51951533416e-16}, "spectral_energy": {"dmean": 0.0367721356452, "dmean2": 0.0578236915171, "dvar": 0.00466215703636, "dvar2": 0.0110023971647, "max": 1.063326478, "mean": 0.0528455525637, "median": 0.028481643647, "min": 1.03420719855e-20, "var": 0.00572277233005}, "spectral_energyband_high": {"dmean": 0.000153527318616, "dmean2": 0.000226422213018, "dvar": 9.90170505588e-08, "dvar2": 2.00154488539e-07, "max": 0.00973848998547, "mean": 0.000299711915432, "median": 0.000111180706881, "min": 7.32698330465e-21, "var": 2.5798070169e-07}, "spectral_energyband_low": {"dmean": 0.0309273619205, "dmean2": 0.0501989163458, "dvar": 0.0039698658511, "dvar2": 0.00960205681622, "max": 0.956050097942, "mean": 0.0321842618287, "median": 0.0102718491107, "min": 2.11757813984e-23, "var": 0.00401117373258}, "spectral_energyband_middle_high": {"dmean": 0.00151811842807, "dmean2": 0.0023509839084, "dvar": 7.46169052945e-06, "dvar2": 1.72129857674e-05, "max": 0.0706671923399, "mean": 0.00271078804508, "median": 0.00102190440521, "min": 1.32258364544e-21, "var": 1.70180610439e-05}, "spectral_energyband_middle_low": {"dmean": 0.00668210163713, "dmean2": 0.0102082593367, "dvar": 0.000127259627334, "dvar2": 0.000291622389341, "max": 0.220920667052, "mean": 0.0127795757726, "median": 0.00602157879621, "min": 1.80610638262e-22, "var": 0.000324225635268}, "spectral_entropy": {"dmean": 0.284889400005, "dmean2": 0.44432258606, "dvar": 0.0787554085255, "dvar2": 0.180250927806, "max": 9.81839942932, "mean": 7.18162918091, "median": 7.29068231583, "min": 4.97976207733, "var": 0.277723044157}, "spectral_flux": {"dmean": 0.0557350628078, "dmean2": 0.0891424492002, "dvar": 0.00542461592704, "dvar2": 0.011850643903, "max": 0.927606582642, "mean": 0.128759980202, "median": 0.100053168833, "min": 6.33686991769e-11, "var": 0.010203150101}, "spectral_kurtosis": {"dmean": 6.91427659988, "dmean2": 11.0932006836, "dvar": 74.4858932495, "dvar2": 191.454910278, "max": 203.651885986, "mean": 20.4492893219, "median": 18.2185974121, "min": -1.28204715252, "var": 123.734413147}, "spectral_rms": {"dmean": 0.0020662592724, "dmean2": 0.00306365895085, "dvar": 7.03329760654e-06, "dvar2": 1.48839098983e-05, "max": 0.0322085656226, "mean": 0.00600216444582, "median": 0.0052713342011, "min": 3.17644868741e-12, "var": 1.55306297529e-05}, "spectral_rolloff": {"dmean": 3320.37426758, "dmean2": 6378.88818359, "dvar": 49429552, "dvar2": 113544808, "max": 22028.4667969, "mean": 7286.25927734, "median": 796.728515625, "min": 43.06640625, "var": 93971280}, "spectral_skewness": {"dmean": 0.521000564098, "dmean2": 0.826681613922, "dvar": 0.328974187374, "dvar2": 0.815365493298, "max": 11.694480896, "mean": 3.18084311485, "median": 3.04683113098, "min": -0.0840907618403, "var": 0.749904334545}, "spectral_spread": {"dmean": 664144.75, "dmean2": 1072346.875, "dvar": 502229598208, "dvar2": 1214018224130.0, "max": 42245868, "mean": 3888488.5, "median": 3724261.75, "min": 661228.4375, "var": 578