{"lowlevel": {"average_loudness": 0.811766266823, "barkbands": {"dmean": [8.57467894093e-05, 0.00184989313129, 0.00176216231193, 0.00131404749118, 0.00146729510743, 0.000605047331192, 0.00062070437707, 0.000644001178443, 0.000576330698095, 0.000167895123013, 0.000144622856169, 0.000109812193841, 0.000135826907353, 0.000149500585394, 9.12118848646e-05, 5.87051654293e-05, 5.35375875188e-05, 2.84190864477e-05, 5.81018684898e-05, 8.64224712132e-05, 0.000193443949684, 0.000160042109201, 9.07140856725e-05, 5.9181744291e-05, 3.41667473549e-05, 2.41160742007e-05, 1.03958918771e-05], "dmean2": [0.00013990381558, 0.00324339605868, 0.00294521613978, 0.00207477458753, 0.0021961054299, 0.000855050864629, 0.000855505582877, 0.000882332213223, 0.000797005777713, 0.000242481284658, 0.000218467670493, 0.000163828066434, 0.000203187781153, 0.000218418979784, 0.000131673645228, 8.93065734999e-05, 8.37025727378e-05, 4.76875684399e-05, 9.63268757914e-05, 0.000130413784063, 0.000302350963466, 0.000243169211899, 0.000134792688186, 9.42595506785e-05, 5.58293213544e-05, 4.10236243624e-05, 1.77309357241e-05], "dvar": [1.11330365371e-07, 4.8687812523e-05, 2.33841274166e-05, 6.63874607199e-06, 7.86260898167e-06, 2.78037464341e-06, 4.68885173177e-06, 5.91407797401e-06, 5.2088053053e-06, 4.65343845235e-07, 3.30607576871e-07, 2.62690775799e-07, 2.63136087142e-07, 3.1272867318e-07, 1.80811724704e-07, 4.98939378701e-08, 2.50956926351e-08, 8.48381898066e-09, 4.52661303996e-08, 1.53579378548e-07, 6.78455080561e-07, 6.3565300934e-07, 1.69403534755e-07, 3.62180152536e-08, 8.44539282951e-09, 4.95483032381e-09, 9.95194038289e-10], "dvar2": [2.82071852098e-07, 0.000137764247484, 6.27293411526e-05, 1.55291327246e-05, 1.68176939042e-05, 4.77770163343e-06, 8.05217132438e-06, 1.10138798846e-05, 1.01443201856e-05, 9.66123820945e-07, 7.31937916498e-07, 5.3531539379e-07, 6.04477179422e-07, 6.50080892228e-07, 3.46375088611e-07, 1.10084535265e-07, 5.7405927123e-08, 2.15669455628e-08, 1.06093331453e-07, 3.28863279719e-07, 1.43585066326e-06, 1.26988823013e-06, 3.13777832162e-07, 8.25523613912e-08, 2.08113473121e-08, 1.29038495444e-08, 2.58327625957e-09], "max": [0.00587898958474, 0.101010769606, 0.088403262198, 0.0475769490004, 0.0655859187245, 0.051718249917, 0.0644483417273, 0.0691351890564, 0.0793273746967, 0.0188886839896, 0.0197476353496, 0.0197817552835, 0.0162386000156, 0.0145875615999, 0.0199093390256, 0.00771562336013, 0.00457407673821, 0.00290039600804, 0.00804588571191, 0.0234924703836, 0.0192151311785, 0.0271074753255, 0.0187716726214, 0.00561131443828, 0.00155322882347, 0.000764901516959, 0.000315033161314], "mean": [8.80016596057e-05, 0.00446933088824, 0.00339845777489, 0.00272655347362, 0.00368848117068, 0.00126538728364, 0.00128657754976, 0.00137145002373, 0.00124056299683, 0.000302159634884, 0.000246094976319, 0.00017850464792, 0.000251189048868, 0.000277214043308, 0.000163198652444, 9.71226691036e-05, 8.65780530148e-05, 3.06220572384e-05, 6.97361319908e-05, 0.000117747178592, 0.000233944476349, 0.000208729848964, 0.000110598317406, 6.21478393441e-05, 3.268204091e-05, 1.87248988368e-05, 7.53056019676e-06], "median": [6.81154870108e-06, 0.00337374955416, 0.00159306812566, 0.00105550710578, 0.00154917722102, 0.000288975978037, 7.71232007537e-05, 3.84460363421e-05, 3.92985421058e-05, 1.47810751514e-05, 1.33321991598e-05, 7.96246422397e-06, 1.20667700685e-05, 7.85413521953e-06, 6.57967075313e-06, 9.56035364652e-06, 7.67041456129e-06, 3.49300376001e-06, 5.02392504131e-06, 8.20380410005e-06, 7.79272977525e-06, 6.27759163763e-06, 4.48291893917e-06, 3.92863785237e-06, 2.26097995437e-06, 6.3691345531e-07, 1.59148413559e-07], "min": [8.54575607076e-26, 2.19513089766e-24, 8.55618555148e-25, 6.6778786469e-25, 2.01220608387e-24, 5.75996295721e-24, 9.22851217669e-24, 7.03694377488e-24, 1.62147140516e-23, 6.59876704077e-24, 1.39741976194e-23, 2.3546414126e-23, 2.85948667507e-23, 3.11127340553e-23, 4.05132581413e-23, 3.65333065686e-23, 7.31481498004e-23, 8.83310148552e-23, 1.26121263991e-22, 1.35093338787e-22, 2.17270670602e-22, 3.38930844132e-22, 3.90719979078e-22, 5.88455247736e-22, 8.59754383269e-22, 1.34366978385e-21, 1.98319722449e-21], "var": [1.03104802918e-07, 4.17218070652e-05, 3.43217689078e-05, 2.15742711589e-05, 3.85317725886e-05, 1.01832147266e-05, 2.1485846446e-05, 2.70299678959e-05, 2.29636571021e-05, 1.4832320403e-06, 1.09616678401e-06, 6.48052548513e-07, 8.07324113339e-07, 1.07714367914e-06, 6.72062242302e-07, 1.12550878839e-07, 6.63011334723e-08, 1.15886589214e-08, 8.1051091172e-08, 2.59936399516e-07, 1.3255111071e-06, 1.40036797802e-06, 3.70378756998e-07, 5.24589331974e-08, 8.56794724058e-09, 3.74226027944e-09, 7.30500215873e-10]}, "barkbands_crest": {"dmean": 2.10534906387, "dmean2": 3.34808254242, "dvar": 4.73834228516, "dvar2": 11.4475698471, "max": 26.9179515839, "mean": 12.6270141602, "median": 12.1427745819, "min": 3.08735322952, "var": 19.9007759094}, "barkbands_flatness_db": {"dmean": 0.0275338012725, "dmean2": 0.0374017693102, "dvar": 0.00103031494655, "dvar2": 0.00178462651093, "max": 1, "mean": 0.217006117105, "median": 0.21384203434, "min": 0.0282388105989, "var": 0.00705207511783}, "barkbands_kurtosis": {"dmean": 24.3482875824, "dmean2": 43.9706192017, "dvar": 538799.5, "dvar2": 1617984.125, "max": 44421.8867188, "mean": 28.7413005829, "median": 13.1433515549, "min": -1.94170665741, "var": 284224.3125}, "barkbands_skewness": {"dmean": 0.948397397995, "dmean2": 1.45228099823, "dvar": 7.63464641571, "dvar2": 21.5762844086, "max": 150.829483032, "mean": 2.96190261841, "median": 2.76995563507, "min": -7.03062152863, "var": 9.59526348114}, "barkbands_spread": {"dmean": 6.79929971695, "dmean2": 10.6615152359, "dvar": 174.065155029, "dvar2": 401.905700684, "max": 131.730270386, "mean": 12.6959762573, "median": 6.78075218201, "min": 0.00306498026475, "var": 265.7215271}, "dissonance": {"dmean": 0.0260713510215, "dmean2": 0.041204277426, "dvar": 0.000833758793306, "dvar2": 0.00198484468274, "max": 0.499999761581, "mean": 0.433234542608, "median": 0.443988770247, "min": 0, "var": 0.00254783476703}, "dynamic_complexity": 5.8539223671, "erbbands": {"dmean": [0.0397353880107, 0.470456540585, 1.82852447033, 3.1898765564, 5.27068042755, 4.86541032791, 3.91412997246, 5.71515750885, 7.30070829391, 12.9628629684, 11.0993080139, 15.2511367798, 6.77969837189, 4.14027643204, 5.69736671448, 4.4862203598, 6.04642295837, 7.54458045959, 5.37384939194, 2.97176194191, 3.16251277924, 2.77431869507, 1.52982985973, 2.38973450661, 2.99572563171, 4.13225889206, 7.42588424683, 7.17825746536, 6.30216789246, 3.64726829529, 2.57867646217, 1.58502471447, 0.831589400768, 0.419289827347, 0.228092104197, 0.107760332525, 0.0432651564479, 0.0104454942048, 0.00162509083748, 0.000118162985018], "dmean2": [0.0702358484268, 0.827066063881, 3.09379053116, 5.15322160721, 7.94622564316, 7.23245668411, 5.87146663666, 7.91052436829, 9.97642421722, 17.5498428345, 14.9756307602, 21.285943985, 9.53168678284, 5.72301721573, 8.42288589478, 6.5898809433, 8.80773258209, 10.7508554459, 7.40090227127, 4.37809276581, 4.72674846649, 4.37952518463, 2.5509262085, 3.99736499786, 4.80041408539, 6.25679683685, 11.6887302399, 11.2026405334, 9.6064825058, 5.60289096832, 3.8221282959, 2.50113940239, 1.32261800766, 0.675927758217, 0.377211838961, 0.181363120675, 0.0741352364421, 0.017820391804, 0.00276798103005, 0.000200682188733], "dvar": [0.0285645816475, 2.93702721596, 27.9944972992, 40.5452575684, 100.365501404, 129.38973999, 71.9610519409, 353.600250244, 715.112304688, 2836.38671875, 1497.78588867, 3833.06567383, 736.155456543, 309.278106689, 496.205291748, 411.08706665, 487.588989258, 820.980285645, 517.367980957, 154.422180176, 134.60798645, 67.9233932495, 22.034286499, 97.8019332886, 113.216323853, 362.577850342, 1035.90441895, 1061.90686035, 1074.56384277, 279.655822754, 143.459701538, 39.2007369995, 4.87154722214, 1.25617325306, 0.401800394058, 0.0936008766294, 0.0169248171151, 0.000999571871944, 2.42096029979e-05, 1.20274393112e-07], "dvar2": [0.0803506299853, 8.3473777771, 76.9398193359, 104.660842896, 210.684585571, 272.87802124, 156.749023438, 624.728759766, 1255.61486816, 5146.33740234, 2768.05053711, 7395.30908203, 1493.25305176, 593.251464844, 1088.9979248, 905.26751709, 1089.4708252, 1663.9901123, 1015.7800293, 309.35269165, 282.044586182, 159.611221313, 57.4477157593, 212.932189941, 264.348114014, 789.591552734, 2254.68798828, 2226.10791016, 2204.15136719, 561.737304688, 278.238769531, 86.0203323364, 11.2691326141, 3.03511619568, 1.01024234295, 0.242403313518, 0.0443387851119, 0.00259488658048, 6.28716734354e-05, 3.13439443289e-07], "max": [2.3251209259, 26.7130775452, 83.6750640869, 98.1991958618, 239.468933105, 370.916992188, 165.58392334, 645.542602539, 797.717407227, 1687.44604492, 1247.71496582, 2034.79821777, 807.641601562, 631.273742676, 941.497192383, 758.284606934, 598.60333252, 815.782958984, 1117.06665039, 474.483032227, 546.633483887, 270.990478516, 127.991111755, 514.933532715, 504.543457031, 1145.69580078, 954.042602539, 1036.95825195, 1222.2644043, 581.991699219, 570.335754395, 193.285232544, 45.6602783203, 21.0255832672, 16.1984081268, 5.14296007156, 1.70931613445, 0.317527979612, 0.0550513453782, 0.00390551821329], "mean": [0.0791871547699, 1.18035149574, 3.85277700424, 6.65634346008, 12.2966337204, 12.0756635666, 7.99802064896, 11.7983980179, 14.9353847504, 33.0258789062, 23.4142284393, 31.9730815887, 13.4089326859, 7.57681798935, 10.7135734558, 7.96433591843, 11.849603653, 15.1026420593, 10.3378725052, 5.59173727036, 5.84890842438, 4.49147605896, 1.89120912552, 2.64383482933, 3.94981455803, 5.70136785507, 9.01396083832, 8.94650554657, 8.16832733154, 4.53885507584, 3.08322787285, 1.72223448753, 0.859761059284, 0.41567453742, 0.205663949251, 0.0887529402971, 0.0327269360423, 0.00781148672104, 0.00118573871441, 0.000105265229649], "median": [0.0357244536281, 0.854824542999, 2.23428368568, 3.06397771835, 5.64641094208, 3.90212202072, 2.90088033676, 2.48261928558, 1.3736371994, 1.15931117535, 0.892539024353, 1.09710931778, 0.568433403969, 0.521768689156, 0.509610652924, 0.438435077667, 0.60003721714, 0.452499985695, 0.388927459717, 0.402496039867, 0.530420362949, 0.396934658289, 0.249112859368, 0.237000137568, 0.275481522083, 0.391686946154, 0.338150322437, 0.29745516181, 0.222028851509, 0.166671544313, 0.121018305421, 0.0924146920443, 0.0600563660264, 0.0299128703773, 0.0116252694279, 0.00405687186867, 0.000962441612501, 0.000247842661338, 3.56439013558e-05, 2.29637444136e-05], "min": [5.74001637256e-23, 4.64146420074e-22, 1.59925698109e-21, 4.50070627267e-21, 8.37364223713e-21, 1.07790713415e-20, 4.45636478741e-20, 6.0187916729e-20, 8.54006338312e-20, 1.47848711724e-19, 2.21775833471e-19, 3.50464457269e-19, 3.92245039817e-19, 6.8982680655e-19, 8.46051549156e-19, 1.27206833128e-18, 1.40301805328e-18, 1.72716139082e-18, 2.17386621856e-18, 3.14512804534e-18, 3.56068290557e-18, 4.6558568017e-18, 5.34931622361e-18, 6.62933479455e-18, 8.01392595212e-18, 7.75831556231e-18, 8.59035916969e-18, 9.7101987645e-18, 1.12908251098e-17, 1.08699655403e-17, 1.04545264854e-17, 1.06105732807e-17, 1.01228014171e-17, 8.15396266674e-18, 5.93591342295e-18, 4.05822708093e-18, 2.24676978184e-18, 9.08433943739e-19, 2.42724079087e-19, 2.64374500876e-20], "var": [0.0222772061825, 2.67043995857, 35.7992553711, 102.326423645, 379.714447021, 650.055114746, 198.30607605, 1124.49243164, 2361.11083984, 16675.1152344, 5707.90625, 15894.8818359, 2451.77978516, 921.37677002, 1948.78051758, 999.073120117, 1624.32885742, 3111.87890625, 1748.22485352, 494.958862305, 390.836791992, 162.948394775, 30.7673130035, 154.550537109, 226.524124146, 612.451721191, 1906.43493652, 2117.8359375, 2345.27319336, 565.02331543, 295.031066895, 62.6373100281, 6.6115064621, 1.38800358772, 0.377793997526, 0.075121499598, 0.0124224759638, 0.000737622671295, 1.77826495928e-05, 8.84837021431e-08]}, "erbbands_crest": {"dmean": 2.42924380302, "dmean2": 3.83878993988, "dvar": 6.10150051117, "dvar2": 14.5799732208, "max": 35.7714080811, "mean": 10.4985809326, "median": 9.87449932098, "min": 2.20272088051, "var": 19.3554515839}, "erbbands_flatness_db": {"dmean": 0.0234298855066, "dmean2": 0.0315344892442, "dvar": 0.000667386397254, "dvar2": 0.00111162336543, "max": 0.363621145487, "mean": 0.167589560151, "median": 0.168817639351, "min": 0.0331184528768, "var": 0.0032219546847}, "erbbands_kurtosis": {"dmean": 2.42455720901, "dmean2": 3.80193781853, "dvar": 55.5512733459, "dvar2": 133.519714355, "max": 319.880279541, "mean": 3.76239967346, "median": 1.60824775696, "min": -1.85645866394, "var": 90.5955505371}, "erbbands_skewness": {"dmean": 0.589396893978, "dmean2": 0.875907957554, "dvar": 0.593748211861, "dvar2": 1.25375747681, "max": 16.6361560822, "mean": 1.0952590704, "median": 1.10762739182, "min": -6.10287904739, "var": 2.03992319107}, "erbbands_spread": {"dmean": 14.0563459396, "dmean2": 20.9173297882, "dvar": 416.076721191, "dvar2": 836.107177734, "max": 189.02734375, "mean": 40.5129127502, "median": 32.2366027832, "min": 1.88134014606, "var": 883.930114746}, "gfcc": {"cov": [[27869.2890625, 800.709350586, -2236.80786133, 552.010437012, -1661.34936523, 375.43939209, -692.204711914, -3.1208050251, -264.864654541, 250.320220947, -453.520599365, -329.00692749, -279.949859619], [800.709350586, 2417.20727539, -202.640060425, -355.104675293, 272.548828125, -42.0291900635, 38.6476631165, -67.9626159668, 157.56918335, -93.0597686768, 42.6714019775, -159.325149536, 39.4013633728], [-2236.80786133, -202.640060425, 1189.49511719, 256.930236816, 398.768432617, 60.4512214661, 127.934417725, 42.1872673035, -19.1632709503, -65.8842544556, 38.5137786865, 87.1541137695, 11.5926141739], [552.010437012, -355.104675293, 256.930236816, 773.620849609, 92.1183166504, -45.5493049622, 23.1147594452, -25.6071720123, -4.72195386887, -12.4354372025, -16.5899715424, 68.7593307495, 46.9833297729], [-1661.34936523, 272.548828125, 398.768432617, 92.1183166504, 526.690246582, 47.0761070251, 76.6898803711, 40.7048530579, 45.6027412415, -44.9764480591, 34.9292488098, 14.5100879669, 37.9086456299], [375.43939209, -42.0291900635, 60.4512214661, -45.5493049622, 47.0761070251, 243.784820557, 96.2660827637, 56.0556945801, -4.27526426315, 25.5080890656, 11.2788181305, -13.2103147507, -22.8393821716], [-692.204711914, 38.6476631165, 127.934417725, 23.1147594452, 76.6898803711, 96.2660827637, 278.825897217, 73.7389602661, 10.1376447678, -21.4719753265, 22.5172023773, 20.2044467926, 0.588514328003], [-3.1208050251, -67.9626159668, 42.1872673035, -25.6071720123, 40.7048530579, 56.0556945801, 73.7389602661, 154.080993652, 25.9063491821, 2.93492007256, 0.816320061684, 9.35376930237, 0.919012486935], [-264.864654541, 157.56918335, -19.1632709503, -4.72195386887, 45.6027412415, -4.27526426315, 10.1376447678, 25.9063491821, 139.66758728, 37.3445739746, 7.30748558044, -17.1627731323, 20.7688179016], [250.320220947, -93.0597686768, -65.8842544556, -12.4354372025, -44.9764480591, 25.5080890656, -21.4719753265, 2.93492007256, 37.3445739746, 112.055778503, 29.351650238, -6.71368360519, -3.18736600876], [-453.520599365, 42.6714019775, 38.5137786865, -16.5899715424, 34.9292488098, 11.2788181305, 22.5172023773, 0.816320061684, 7.30748558044, 29.351650238, 97.4194259644, 34.1761512756, 9.9773015976], [-329.00692749, -159.325149536, 87.1541137695, 68.7593307495, 14.5100879669, -13.2103147507, 20.2044467926, 9.35376930237, -17.1627731323, -6.71368360519, 34.1761512756, 114.108398438, 30.9145145416], [-279.949859619, 39.4013633728, 11.5926141739, 46.9833297729, 37.9086456299, -22.8393821716, 0.588514328003, 0.919012486935, 20.7688179016, -3.18736600876, 9.9773015976, 30.9145145416, 81.2570037842]], "icov": [[8.76276244526e-05, -0.000142084085383, 8.29170530778e-05, -0.000215586071135, 0.000251098826993, -0.000288231589366, 0.000261156470515, -0.000243223665166, 0.000270668359008, -0.000250598182902, 0.000357592361979, -0.000107209925773, 0.000204187745112], [-0.000142084085383, 0.000929994566832, 4.41339798272e-05, 0.000612198782619, -0.000771792430896, 0.000546978437342, -0.000592908298131, 0.000902086496353, -0.0012059888104, 0.00140616251156, -0.00130800809711, 0.00116472609807, -0.000711959670298], [8.29170530778e-05, 4.41339798272e-05, 0.00143651815597, -0.000430054205935, -0.000771080551203, -0.000375090690795, 5.02808291003e-07, -0.000122921395814, 0.000282364693703, 0.000293861929094, 8.50061696838e-05, -0.000637613062281, 0.000735175213777], [-0.000215586071135, 0.000612198782619, -0.000430054205935, 0.00219022412784, -0.000878952851053, 0.0010366140632, -0.00093765440397, 0.00120848440565, -0.000880320090801, 0.000487972953124, -0.000225209019845, -0.00016646500444, -0.00121497048531], [0.000251098826993, -0.000771792430896, -0.000771080551203, -0.000878952851053, 0.0039646406658, -0.00138747983146, 0.000881366315298, -0.00125523877796, 4.06100261898e-05, 0.00031367703923, 9.91511915345e-05, 0.000162818891113, -0.000446423975518], [-0.000288231589366, 0.000546978437342, -0.000375090690795, 0.0010366140632, -0.00138747983146, 0.00658679706976, -0.00262181158178, -0.000349657639163, 0.000237114552874, -0.00129590276629, -0.000992173911072, 0.00121054344345, 0.00026734356652], [0.000261156470515, -0.000592908298131, 5.02808291003e-07, -0.00093765440397, 0.000881366315298, -0.00262181158178, 0.00584102515131, -0.00251560588367, 0.000358911725925, 0.000833439873531, -9.13898111321e-05, -0.000852053868584, 0.000843715039082], [-0.000243223665166, 0.000902086496353, -0.000122921395814, 0.00120848440565, -0.00125523877796, -0.000349657639163, -0.00251560588367, 0.00926724355668, -0.00285476609133, 0.00117147318088, -0.000213989042095, -0.000404994294513, -0.000599899678491], [0.000270668359008, -0.0012059888104, 0.000282364693703, -0.000880320090801, 4.06100261898e-05, 0.000237114552874, 0.000358911725925, -0.00285476609133, 0.0112977055833, -0.00578278675675, 0.00222867191769, 0.000729714229237, -0.00160232488997], [-0.000250598182902, 0.00140616251156, 0.000293861929094, 0.000487972953124, 0.00031367703923, -0.00129590276629, 0.000833439873531, 0.00117147318088, -0.00578278675675, 0.0153325852007, -0.00701268948615, 0.00253624259494, -0.000423537916504], [0.000357592361979, -0.00130800809711, 8.50061696838e-05, -0.000225209019845, 9.91511915345e-05, -0.000992173911072, -9.13898111321e-05, -0.000213989042095, 0.00222867191769, -0.00701268948615, 0.0165201816708, -0.00614930363372, 0.00112862873357], [-0.000107209925773, 0.00116472609807, -0.000637613062281, -0.00016646500444, 0.000162818891113, 0.00121054344345, -0.000852053868584, -0.000404994294513, 0.000729714229237, 0.00253624259494, -0.00614930363372, 0.0145152816549, -0.00532623473555], [0.000204187745112, -0.000711959670298, 0.000735175213777, -0.00121497048531, -0.000446423975518, 0.00026734356652, 0.000843715039082, -0.000599899678491, -0.00160232488997, -0.000423537916504, 0.00112862873357, -0.00532623473555, 0.0165177769959]], "mean": [-107.637588501, 105.113578796, -68.8192596436, 39.3363609314, -51.7390441895, 9.00041770935, -33.471244812, -3.96239495277, -20.3708839417, -1.56955707073, -17.8454742432, -7.00811767578, -9.06445980072]}, "hfc": {"dmean": 5.42078256607, "dmean2": 8.00850200653, "dvar": 171.121551514, "dvar2": 337.080749512, "max": 346.745147705, "mean": 11.9714918137, "median": 3.40873217583, "min": 1.08284950057e-16, "var": 497.930358887}, "melbands": {"dmean": [0.000431198248407, 0.00084794126451, 0.000600097584538, 0.000362734223017, 0.000148377075675, 0.000123407633509, 0.000113082227472, 0.000144249977893, 9.40527825151e-05, 9.04991902644e-05, 3.22454616253e-05, 1.65377095982e-05, 1.88907142729e-05, 1.43127044794e-05, 1.29614418256e-05, 1.31775068439e-05, 1.53927794599e-05, 9.30487021833e-06, 6.15268936599e-06, 3.7517918372e-06, 3.9541332626e-06, 3.2396876577e-06, 1.73061346231e-06, 1.39858707371e-06, 2.01696047952e-06, 2.34958906731e-06, 2.17384308598e-06, 2.93699736176e-06, 4.55701501778e-06, 4.91254331791e-06, 4.09342965213e-06, 3.82714824809e-06, 2.8330882742e-06, 1.80783820269e-06, 1.53810333359e-06, 1.28901274365e-06, 8.61267835717e-07, 6.22840445885e-07, 4.3837354724e-07, 3.35063191415e-07], "dmean2": [0.00075602385914, 0.00144877959974, 0.000948922068346, 0.000543836969882, 0.000218854213017, 0.000169378967257, 0.000154784560436, 0.00019491474086, 0.000127079139929, 0.000126268205349, 4.58252325188e-05, 2.29436209338e-05, 2.8109361665e-05, 2.08829078474e-05, 1.96050186787e-05, 1.92304341908e-05, 2.21594928007e-05, 1.30501521198e-05, 8.92331809155e-06, 5.72175758862e-06, 5.95017718297e-06, 5.1011488722e-06, 2.82519476968e-06, 2.37659673985e-06, 3.38265317623e-06, 3.8922053136e-06, 3.42488715432e-06, 4.44515762865e-06, 7.13966528565e-06, 7.81090602686e-06, 6.40831967758e-06, 5.8731907302e-06, 4.37370272266e-06, 2.76419223155e-06, 2.29873057833e-06, 2.01484067475e-06, 1.38861582855e-06, 9.98875748337e-07, 6.99490897205e-07, 5.47615627511e-07], "dvar": [2.91714786727e-06, 6.63461196382e-06, 1.1190791156e-06, 4.93878417274e-07, 9.47822300645e-08, 1.41869733739e-07, 1.53672630177e-07, 3.41724557984e-07, 1.11276413861e-07, 1.30847524815e-07, 1.80077197598e-08, 5.23421928023e-09, 5.28229726626e-09, 4.76261785565e-09, 2.98093372209e-09, 2.28931340551e-09, 3.67784114275e-09, 1.48040468773e-09, 8.96860419264e-10, 1.98581262545e-10, 2.05783862173e-10, 8.61411914022e-11, 3.86507319206e-11, 2.15037536389e-11, 8.20106482724e-11, 8.01481242485e-11, 5.46924103229e-11, 2.49255671658e-10, 4.05002253956e-10, 5.17644149767e-10, 3.6082570265e-10, 4.0631253917e-10, 2.35118341463e-10, 6.5405181271e-11, 5.18009628248e-11, 3.97713147138e-11, 1.15104748649e-11, 2.80811962225e-12, 1.35604385793e-12, 8.99885797389e-13], "dvar2": [8.21600769996e-06, 1.85647750186e-05, 2.76500190921e-06, 1.05136314232e-06, 2.0087958319e-07, 2.36804709175e-07, 2.58187270674e-07, 6.2906644871e-07, 2.08958667258e-07, 2.50710854743e-07, 3.66846393263e-08, 9.85897496975e-09, 1.16158487273e-08, 9.42657596426e-09, 6.6265668508e-09, 4.97617858031e-09, 7.5240835784e-09, 3.00836688893e-09, 1.76042336264e-09, 4.32796215533e-10, 4.35245228747e-10, 1.98095720383e-10, 9.9398968223e-11, 5.57902959941e-11, 1.75899725341e-10, 2.01730659954e-10, 1.23197549384e-10, 5.49360557045e-10, 8.86051065851e-10, 1.14385279026e-09, 7.75426001187e-10, 8.63038696064e-10, 4.95853136329e-10, 1.32031635625e-10, 9.79344660923e-11, 8.84509548937e-11, 2.59840621242e-11, 6.67489934852e-12, 3.19084125441e-12, 2.2339873007e-12], "max": [0.0216773785651, 0.0380603335798, 0.0172950457782, 0.018542362377, 0.00799056235701, 0.0126387802884, 0.0121474079788, 0.0175463352352, 0.0091619445011, 0.0108893113211, 0.00390281481668, 0.00274365744554, 0.00307907839306, 0.0029731777031, 0.00200850469992, 0.00113424134906, 0.00181720859837, 0.00155272777192, 0.00143948209006, 0.000453758868389, 0.00065680994885, 0.000244811963057, 0.000253765203524, 0.000115335693408, 0.000501126400195, 0.00041681676521, 0.000257327599684, 0.00101945200004, 0.000682267767843, 0.00058418296976, 0.000658567470964, 0.000820382381789, 0.000619461701717, 0.000274280493613, 0.00031553718145, 0.000272283883533, 0.000141381417052, 3.19535902236e-05, 2.52737900155e-05, 2.40134941123e-05], "mean": [0.000993301393464, 0.00193258421496, 0.00137198716402, 0.000915978976991, 0.000330871029291, 0.00025883471244, 0.000237968706642, 0.00036050498602, 0.000194321313757, 0.000187638273928, 5.93972617935e-05, 2.84082052531e-05, 3.43020583387e-05, 2.39892760874e-05, 2.2572279704e-05, 2.50651482929e-05, 2.90897332889e-05, 1.6370719095e-05, 1.12659135993e-05, 6.10336610407e-06, 7.03142040948e-06, 5.20465755471e-06, 2.29870852309e-06, 1.43820341236e-06, 2.13925386561e-06, 2.8469969493e-06, 2.93580569632e-06, 3.9228393689e-06, 5.40566270502e-06, 5.7214424487e-06, 5.00406213177e-06, 4.9203135859e-06, 3.44680393027e-06, 2.1486962396e-06, 1.82675307769e-06, 1.4443744476e-06, 8.92971570465e-07, 6.23483515483e-07, 4.53704387837e-07, 3.1440345083e-07], "median": [0.000678776181303, 0.00134120858274, 0.000723221572116, 0.000388915708754, 0.000122651748825, 5.34026185051e-05, 1.94906242541e-05, 1.10395267257e-05, 6.67054791847e-06, 6.38635447103e-06, 2.38061556956e-06, 1.90419905266e-06, 1.65259757523e-06, 1.19359992823e-06, 1.26314091631e-06, 1.1036718206e-06, 7.77094157911e-07, 5.83422092859e-07, 4.50787638329e-07, 6.7154712724e-07, 5.48063439965e-07, 4.33256587939e-07, 2.62877449586e-07, 1.6809129022e-07, 1.77521712885e-07, 1.77160075054e-07, 2.13411439631e-07, 2.47385912644e-07, 2.11557704688e-07, 1.76701661303e-07, 1.57239924192e-07, 1.21234762673e-07, 1.07628409296e-07, 7.68424897046e-08, 6.16975768253e-08, 6.57974226215e-08, 4.60263365198e-08, 4.00719244453e-08, 3.49888864548e-08, 1.94799909536e-08], "min": [5.16795400785e-25, 7.80899770269e-25, 1.07043060584e-24, 7.72059745662e-25, 1.64609958345e-24, 1.35293175398e-24, 1.71454204306e-24, 1.7950344516e-24, 1.7502662008e-24, 1.89846101881e-24, 1.5903522624e-24, 2.54731804601e-24, 1.86759170829e-24, 3.24330458192e-24, 2.04442059944e-24, 3.08701624824e-24, 2.99142977514e-24, 2.98155323661e-24, 3.00075213889e-24, 3.48585288344e-24, 3.46986030631e-24, 3.83797948672e-24, 4.44724950155e-24, 3.95558918135e-24, 5.04071271599e-24, 4.55268588913e-24, 4.685502061e-24, 4.49715126469e-24, 5.80545143802e-24, 4.69444892696e-24, 4.09970026367e-24, 5.53123392103e-24, 5.44450497539e-24, 5.41928588111e-24, 5.2352391099e-24, 5.54146663026e-24, 5.1827940592e-24, 5.77895202249e-24, 5.82309234001e-24, 6.50453168919e-24], "var": [2.34791150433e-06, 7.36213405617e-06, 3.4581851196e-06, 2.4536334422e-06, 3.6061743458e-07, 5.09286508077e-07, 6.17839020833e-07, 1.98898715098e-06, 4.41519887318e-07, 5.33984405138e-07, 5.73817473537e-08, 1.52895509586e-08, 2.09410302432e-08, 1.12423004239e-08, 7.80252928934e-09, 7.82837172864e-09, 1.29300650187e-08, 4.23677715133e-09, 3.76027120552e-09, 4.21077506196e-10, 6.12758288554e-10, 2.26173371698e-10, 5.71703240304e-11, 2.61220906017e-11, 1.24050728023e-10, 1.36283137553e-10, 1.11210998743e-10, 3.6915384638e-10, 7.06621872126e-10, 8.75780170606e-10, 6.94158786008e-10, 8.82275141834e-10, 4.09615202868e-10, 1.32379274209e-10, 1.07917071113e-10, 6.3212907131e-11, 1.65393324036e-11, 3.54222055333e-12, 1.68961546143e-12, 8.94377562462e-13]}, "melbands_crest": {"dmean": 2.5602376461, "dmean2": 4.08408117294, "dvar": 7.39706468582, "dvar2": 17.8463535309, "max": 40, "mean": 16.7978916168, "median": 16.6477508545, "min": 1.49027705193, "var": 32.3130111694}, "melbands_flatness_db": {"dmean": 0.0323633290827, "dmean2": 0.0439991094172, "dvar": 0.00154426624067, "dvar2": 0.00274340249598, "max": 1, "mean": 0.306632876396, "median": 0.306420385838, "min": 0.00286103808321, "var": 0.0116336094216}, "melbands_kurtosis": {"dmean": 11899919, "dmean2": 23588638, "dvar": 322481984423000000, "dvar2": 806592109410000000, "max": 27803111424, "mean": 14682579, "median": 27.9790344238, "min": -1.92487561703, "var": 399787375662000000}, "melbands_skewness": {"dmean": 57.9366760254, "dmean2": 114.669967651, "dvar": 7324421.5, "dvar2": 18312504, "max": 131449.1875, "mean": 74.4079360962, "median": 3.70098876953, "min": -4.27167463303, "var": 9133719}, "melbands_spread": {"dmean": 6.27117395401, "dmean2": 9.81944084167, "dvar": 268.895996094, "dvar2": 567.851379395, "max": 271.987670898, "mean": 14.0468063354, "median": 5.44304704666, "min": 2.01096970187e-08, "var": 788.458618164}, "mfcc": {"cov": [[12538.0820312, -142.860748291, -418.807281494, -244.105041504, -653.827087402, 92.204460144, -342.973724365, -308.484466553, 34.348903656, 138.536407471, 111.176734924, 130.056152344, -79.5179901123], [-142.860748291, 2666.88769531, -91.9065093994, -193.640533447, 214.156951904, 8.24259185791, 36.525177002, 1.4395891428, 83.7877120972, 35.3780136108, 34.0168609619, 37.2276649475, 39.1275787354], [-418.807281494, -91.9065093994, 700.345397949, 278.249328613, 150.602615356, 106.42640686, 108.555557251, 93.9305343628, 14.6329345703, -19.3338108063, -22.0454864502, 15.4253921509, -6.88254451752], [-244.105041504, -193.640533447, 278.249328613, 699.995605469, 196.363693237, 103.326461792, 18.6453952789, 71.2819442749, 28.5603904724, -26.2992248535, -80.2195663452, -26.9285106659, 43.7848815918], [-653.827087402, 214.156951904, 150.602615356, 196.363693237, 426.621551514, 72.0953369141, 49.3077812195, 34.7760124207, 32.2757301331, 15.4970960617, -16.7268447876, -18.5327758789, 7.70362377167], [92.204460144, 8.24259185791, 106.42640686, 103.326461792, 72.0953369141, 203.200912476, 70.9891281128, 32.6318626404, 17.4222774506, 26.7164134979, 23.4681892395, 10.9811401367, -9.84997177124], [-342.973724365, 36.525177002, 108.555557251, 18.6453952789, 49.3077812195, 70.9891281128, 244.675476074, 122.394309998, 27.0313014984, 24.7954425812, 23.25507164, 4.32405567169, -4.4535741806], [-308.484466553, 1.4395891428, 93.9305343628, 71.2819442749, 34.7760124207, 32.6318626404, 122.394309998, 193.229049683, 60.0504722595, 8.05337524414, 14.0981369019, -4.46615743637, 6.41582632065], [34.348903656, 83.7877120972, 14.6329345703, 28.5603904724, 32.2757301331, 17.4222774506, 27.0313014984, 60.0504722595, 138.524765015, 45.0131607056, 15.731089592, 5.68964385986, 6.01851940155], [138.536407471, 35.3780136108, -19.3338108063, -26.2992248535, 15.4970960617, 26.7164134979, 24.7954425812, 8.05337524414, 45.0131607056, 127.118125916, 45.8223190308, 8.38843250275, -1.43998992443], [111.176734924, 34.0168609619, -22.0454864502, -80.2195663452, -16.7268447876, 23.4681892395, 23.25507164, 14.0981369019, 15.731089592, 45.8223190308, 112.959625244, 31.6490592957, -12.0409259796], [130.056152344, 37.2276649475, 15.4253921509, -26.9285106659, -18.5327758789, 10.9811401367, 4.32405567169, -4.46615743637, 5.68964385986, 8.38843250275, 31.6490592957, 84.8059997559, 21.3692855835], [-79.5179901123, 39.1275787354, -6.88254451752, 43.7848815918, 7.70362377167, -9.84997177124, -4.4535741806, 6.41582632065, 6.01851940155, -1.43998992443, -12.0409259796, 21.3692855835, 87.9016342163]], "icov": [[9.76928859018e-05, -6.32298997516e-06, 2.74245085166e-05, -3.09790775646e-05, 0.000159027273185, -0.000120325064927, 0.000102199875982, 0.000100819808722, -7.22696568118e-05, -9.16604985832e-05, -1.56165333465e-06, -0.000125383026898, 0.000112881250971], [-6.32298997516e-06, 0.000429817126133, 4.94642044941e-05, 0.000208352459595, -0.000318609178066, -1.82381518243e-05, -5.50433396711e-05, 6.26275868854e-05, -0.000258988991845, 8.21298963274e-05, 5.83441033086e-06, -0.000117982337542, -0.000229875629884], [2.74245085166e-05, 4.94642044941e-05, 0.00199179304764, -0.000608447007835, -0.000314610952046, -0.000407105369959, -0.000464800337795, -0.000409124302678, 0.000153096858412, 0.000278703868389, 0.000314070115564, -0.000970397377387, 0.000723098462913], [-3.09790775646e-05, 0.000208352459595, -0.000608447007835, 0.00239989673719, -0.000788349600043, -0.000974715687335, 0.000679232063703, -0.000740789575502, -0.000219680267037, 0.000165818855749, 0.00126624898985, 0.00055192731088, -0.00125844206195], [0.000159027273185, -0.000318609178066, -0.000314610952046, -0.000788349600043, 0.00338454614393, -0.000639477861114, -0.000176583373104, 0.000463986798422, -0.000404847232858, -0.000472373474622, 2.57384508586e-05, 0.000592246477026, 0.000122175304568], [-0.000120325064927, -1.82381518243e-05, -0.000407105369959, -0.000974715687335, -0.000639477861114, 0.00677045574412, -0.00180225376971, 0.000539865635801, 4.07536172133e-05, -0.000646426924504, -0.00130143365823, -0.000644599087536, 0.00100196618587], [0.000102199875982, -5.50433396711e-05, -0.000464800337795, 0.000679232063703, -0.000176583373104, -0.00180225376971, 0.0071133156307, -0.00432914681733, 0.00102709024213, -0.00113824289292, 0.000161543095601, -0.000305200839648, 0.000239480024902], [0.000100819808722, 6.26275868854e-05, -0.000409124302678, -0.000740789575502, 0.000463986798422, 0.000539865635801, -0.00432914681733, 0.00963924638927, -0.0037082976196, 0.0015272074379, -0.00163342780434, 0.00131776591297, -0.000767956255004], [-7.22696568118e-05, -0.000258988991845, 0.000153096858412, -0.000219680267037, -0.000404847232858, 4.07536172133e-05, 0.00102709024213, -0.0037082976196, 0.0100199757144, -0.00344396545552, 0.000406249630032, -0.000702211807948, 1.79537437361e-05], [-9.16604985832e-05, 8.21298963274e-05, 0.000278703868389, 0.000165818855749, -0.000472373474622, -0.000646426924504, -0.00113824289292, 0.0015272074379, -0.00344396545552, 0.0109149646014, -0.00397991528735, 0.00105553143658, -0.000767596880905], [-1.56165333465e-06, 5.83441033086e-06, 0.000314070115564, 0.00126624898985, 2.57384508586e-05, -0.00130143365823, 0.000161543095601, -0.00163342780434, 0.000406249630032, -0.00397991528735, 0.0133979115635, -0.00478192139417, 0.00227392697707], [-0.000125383026898, -0.000117982337542, -0.000970397377387, 0.00055192731088, 0.000592246477026, -0.000644599087536, -0.000305200839648, 0.00131776591297, -0.000702211807948, 0.00105553143658, -0.00478192139417, 0.0156851820648, -0.00505039421842], [0.000112881250971, -0.000229875629884, 0.000723098462913, -0.00125844206195, 0.000122175304568, 0.00100196618587, 0.000239480024902, -0.000767956255004, 1.79537437361e-05, -0.000767596880905, 0.00227392697707, -0.00505039421842, 0.0139594664797]], "mean": [-753.113708496, 134.680953979, 37.6648712158, 35.0549278259, 9.43200302124, 14.5231714249, -0.923213005066, -2.10898900032, 1.42513334751, 0.311717659235, -5.62563896179, 0.542675852776, -2.86786341667]}, "pitch_salience": {"dmean": 0.0643378794193, "dmean2": 0.103932917118, "dvar": 0.00435027480125, "dvar2": 0.0109885688871, "max": 0.85163217783, "mean": 0.522666633129, "median": 0.524417579174, "min": 1.64445482369e-05, "var": 0.0150459688157}, "silence_rate_20dB": {"dmean": 0, "dmean2": 0, "dvar": 0, "dvar2": 0, "max": 1, "mean": 1, "median": 1, "min": 1, "var": 0}, "silence_rate_30dB": {"dmean": 0.000646900269203, "dmean2": 0.00129394000396, "dvar": 0.000646534550469, "dvar2": 0.00193944608327, "max": 1, "mean": 0.999676585197, "median": 1, "min": 0, "var": 0.000323268497596}, "silence_rate_60dB": {"dmean": 0.0327762812376, "dmean2": 0.0655596256256, "dvar": 0.0316990017891, "dvar2": 0.0666523054242, "max": 1, "mean": 0.155886158347, "median": 0, "min": 0, "var": 0.131580114365}, "spectral_centroid": {"dmean": 268.18258667, "dmean2": 406.826965332, "dvar": 271653.6875, "dvar2": 543143.4375, "max": 11574.5634766, "mean": 906.116638184, "median": 486.068267822, "min": 139.919128418, "var": 2071411.125}, "spectral_complexity": {"dmean": 2.01164412498, "dmean2": 3.20508956909, "dvar": 10.2208213806, "dvar2": 23.2403945923, "max": 49, "mean": 7.85166025162, "median": 6, "min": 0, "var": 42.574382782}, "spectral_contrast_coeffs": {"dmean": [0.0440087020397, 0.0431825220585, 0.0382167845964, 0.0301444139332, 0.0233791787177, 0.0226002074778], "dmean2": [0.0711517035961, 0.0674617737532, 0.0589326731861, 0.0462110713124, 0.0362569503486, 0.034777071327], "dvar": [0.00150990986731, 0.00163245049771, 0.00118471577298, 0.00073870428605, 0.000514566956554, 0.000582049542572], "dvar2": [0.00372306630015, 0.00364121072926, 0.00265704700723, 0.00156414019875, 0.00112696888391, 0.0013284063898], "max": [-0.20732422173, -0.372563123703, -0.436448901892, -0.506663143635, -0.537249624729, -0.505667746067], "mean": [-0.611284255981, -0.700962543488, -0.757178485394, -0.785782516003, -0.808197081089, -0.785112798214], "median": [-0.614762187004, -0.713268578053, -0.766527712345, -0.79515337944, -0.815841078758, -0.79064309597], "min": [-0.984509050846, -0.999070584774, -0.997935473919, -0.994020819664, -0.986742019653, -0.965540230274], "var": [0.011811600998, 0.0100543312728, 0.00686554191634, 0.00452290615067, 0.00271245115437, 0.00332663883455]}, "spectral_contrast_valleys": {"dmean": [0.398836880922, 0.368617713451, 0.389108300209, 0.375005871058, 0.41754347086, 0.481688857079], "dmean2": [0.630016744137, 0.584932386875, 0.59197050333, 0.547994017601, 0.571027338505, 0.586463272572], "dvar": [0.207667708397, 0.165800273418, 0.191988021135, 0.202972412109, 0.307905644178, 0.368077039719], "dvar2": [0.419558554888, 0.358608186245, 0.381286174059, 0.403461873531, 0.60651320219, 0.613400697708], "max": [-5.22404766083, -4.9823679924, -5.13025474548, -5.71295595169, -5.6229929924, -7.67707252502], "mean": [-7.83922052383, -8.0887556076, -9.11428165436, -9.41977310181, -9.24970912933, -11.2651576996], "median": [-7.25838470459, -7.75512886047, -8.88016700745, -9.1691198349, -8.98872947693, -11.1299858093], "min": [-28.1265716553, -28.0190353394, -27.7731380463, -27.6439781189, -27.5604839325, -27.4340419769], "var": [6.7883067131, 6.3813252449, 6.05866479874, 5.97586870193, 6.08345270157, 5.30296993256]}, "spectral_decrease": {"dmean": 1.63048585744e-09, "dmean2": 2.53790721771e-09, "dvar": 1.00791883193e-17, "dvar2": 2.63465329991e-17, "max": 2.08463692368e-28, "mean": -5.54911849804e-09, "median": -3.74149955462e-09, "min": -4.24704538204e-08, "var": 2.85161053231e-17}, "spectral_energy": {"dmean": 0.00649187434465, "dmean2": 0.0100901452824, "dvar": 0.000151380576426, "dvar2": 0.000392877147533, "max": 0.162672758102, "mean": 0.0220294557512, "median": 0.014739301987, "min": 1.01020959038e-20, "var": 0.000447342608823}, "spectral_energyband_high": {"dmean": 0.000576666148845, "dmean2": 0.000864916073624, "dvar": 4.39139557784e-06, "dvar2": 8.19330580271e-06, "max": 0.0617678910494, "mean": 0.000749354599975, "median": 4.00918506784e-05, "min": 6.94245741091e-21, "var": 1.05037961475e-05}, "spectral_energyband_low": {"dmean": 0.0038576987572, "dmean2": 0.00656084157526, "dvar": 0.000127796301967, "dvar2": 0.00035697221756, "max": 0.154771432281, "mean": 0.00913673825562, "median": 0.00673467293382, "min": 8.98160581311e-24, "var": 0.000137169277878}, "spectral_energyband_middle_high": {"dmean": 0.000645354331937, "dmean2": 0.000897095014807, "dvar": 2.19551452574e-06, "dvar2": 4.01761099056e-06, "max": 0.0389019809663, "mean": 0.00164957274683, "median": 0.000146233927808, "min": 1.22720402587e-21, "var": 1.45934927787e-05}, "spectral_energyband_middle_low": {"dmean": 0.00360067561269, "dmean2": 0.005044399295, "dvar": 3.33190910169e-05, "dvar2": 6.04015367571e-05, "max": 0.0914138406515, "mean": 0.0117407189682, "median": 0.00460950564593, "min": 1.51955802305e-22, "var": 0.000230103847571}, "spectral_entropy": {"dmean": 0.297553956509, "dmean2": 0.405961275101, "dvar": 0.13455760479, "dvar2": 0.22600492835, "max": 9.82669258118, "mean": 6.96719694138, "median": 6.94183254242, "min": 4.51342725754, "var": 0.713221490383}, "spectral_flux": {"dmean": 0.0213380921632, "dmean2": 0.0332809612155, "dvar": 0.000983452307992, "dvar2": 0.00215173489414, "max": 0.341396957636, "mean": 0.0543246269226, "median": 0.0404305979609, "min": 6.45805353638e-11, "var": 0.00248212576844}, "spectral_kurtosis": {"dmean": 2.57611966133, "dmean2": 3.95990419388, "dvar": 11.6696691513, "dvar2": 24.459526062, "max": 62.8954696655, "mean": 6.93098258972, "median": 4.93836450577, "min": -1.30415463448, "var": 45.9117431641}, "spectral_rms": {"dmean": 0.000630763359368, "dmean2": 0.000942919694353, "dvar": 9.5869256711e-07, "dvar2": 2.25909684559e-06, "max": 0.0125978225842, "mean": 0.00405461899936, "median": 0.003792071715, "min": 3.13937938146e-12, "var": 5.05220577907e-06}, "spectral_rolloff": {"dmean": 473.158813477, "dmean2": 847.756958008, "dvar": 1914155.25, "dvar2": 4703167, "max": 19509.0820312, "mean": 1061.74963379, "median": 301.46484375, "min": 21.533203125, "var": 6424290}, "spectral_skewness": {"dmean": 0.373836249113, "dmean2": 0.543003380299, "dvar": 0.192972838879, "dvar2": 0.358202427626, "max": 6.69678258896, "mean": 1.97806334496, "median": 1.88623964787, "min": -0.433549582958, "var": 0.962431609631}, "spectral_spread": {"dmean": 986724.3125, "dmean2": 1408059.75, "dvar": 2530778021890.0, "dvar2": 4987342028800.0, "max": 45959052, "mean": 5343434, "median": 4297142.5, "min": 1319542.