{"lowlevel": {"average_loudness": 0.620372951031, "barkbands": {"dmean": [1.01579798866e-05, 0.00102433352731, 0.000844443915412, 0.00100521650165, 0.00110018532723, 0.000837090949062, 0.00120902969502, 0.000911783427, 0.000973985763267, 0.00067824771395, 0.000385882332921, 0.000181496725418, 0.000162302094395, 8.49250500323e-05, 0.000137489420013, 8.18782355054e-05, 0.000104586324596, 6.1948208895e-05, 2.10376547329e-05, 1.00202360045e-05, 1.01867026387e-05, 1.1981282114e-05, 9.58499276749e-06, 5.9085441535e-06, 2.9608386285e-06, 1.2079027556e-06, 6.62555009967e-07], "dmean2": [1.67905582202e-05, 0.00149080087431, 0.00128051626962, 0.00164508051239, 0.00173124740832, 0.00123562722001, 0.00176438421477, 0.00136119790841, 0.00142496754415, 0.00100081984419, 0.000551436853129, 0.000265823502559, 0.000245867355261, 0.000129843101604, 0.000198157125851, 0.00011786325922, 0.000151757689309, 8.90085866558e-05, 3.15439210681e-05, 1.48578865264e-05, 1.50616888277e-05, 1.78967475222e-05, 1.44748946695e-05, 8.94267668627e-06, 4.45537943961e-06, 1.85565977517e-06, 1.0982216736e-06], "dvar": [1.47497658531e-09, 3.48109756487e-06, 2.72032957582e-06, 3.25531300405e-06, 3.98822930947e-06, 8.01348232926e-06, 1.8468233975e-05, 1.07920805021e-05, 1.30772868943e-05, 9.48982960836e-06, 4.38285678683e-06, 1.09815664473e-06, 9.18817931961e-07, 1.81292875823e-07, 3.85361261124e-07, 1.43762761695e-07, 7.62318677516e-07, 6.19204570285e-07, 3.2255879745e-08, 1.85179649392e-09, 2.86598278443e-09, 9.68170699167e-09, 6.05915984053e-09, 3.0794524708e-09, 6.95272117657e-10, 7.16187734118e-11, 2.17366511075e-12], "dvar2": [3.00107294571e-09, 7.37876280255e-06, 6.23786218057e-06, 8.84868404682e-06, 9.60984289122e-06, 1.58692309924e-05, 3.87277541449e-05, 2.16191674554e-05, 2.82785840682e-05, 1.92786628759e-05, 8.56394399307e-06, 2.19362118514e-06, 2.05622905014e-06, 3.8924696355e-07, 7.70617077706e-07, 2.46313618391e-07, 1.37440338221e-06, 9.84175926533e-07, 8.39465954527e-08, 4.0173628868e-09, 5.81236880848e-09, 2.18912497019e-08, 1.29553807682e-08, 6.82775569416e-09, 1.64999824914e-09, 1.66164679238e-10, 5.28960295704e-12], "max": [0.00212119612843, 0.0337860062718, 0.031707894057, 0.0270964168012, 0.0448715612292, 0.0980546474457, 0.105464532971, 0.107576690614, 0.113138377666, 0.0626700520515, 0.0595411881804, 0.0350884720683, 0.0298088397831, 0.0148656349629, 0.0224295761436, 0.0121599547565, 0.0582995340228, 0.0454133860767, 0.00957912951708, 0.00142732425593, 0.00268363999203, 0.00579864950851, 0.00352730578743, 0.00266613578424, 0.00115789065603, 0.000403659272706, 3.01851650875e-05], "mean": [1.5141037693e-05, 0.00208562426269, 0.00165169732645, 0.00172789103817, 0.00251984316856, 0.0016272708308, 0.00228222715668, 0.00155087083112, 0.00178865774069, 0.00105817813892, 0.000657555821817, 0.000267658702796, 0.000226247895625, 0.000123125326354, 0.000266183662461, 0.000146335078171, 0.000170039187651, 9.24859341467e-05, 3.1161653169e-05, 1.49560792124e-05, 1.58911898325e-05, 1.82472776942e-05, 1.40731608553e-05, 7.92442006059e-06, 4.36138407167e-06, 2.22373591896e-06, 1.1124249113e-06], "median": [3.74295314032e-06, 0.000835013459437, 0.000531949161086, 0.000813032966107, 0.00105300336145, 0.000284982379526, 0.000292279873975, 0.000101599471236, 8.33798840176e-05, 4.45988262072e-05, 1.99345759029e-05, 2.05933702091e-05, 1.58613274834e-05, 1.17470617624e-05, 1.57844569912e-05, 1.25201768242e-05, 1.48070466821e-05, 7.71655959397e-06, 5.51132870896e-06, 2.96276630252e-06, 3.10434870698e-06, 2.12255372389e-06, 1.16950093343e-06, 9.24100277189e-07, 6.92275534675e-07, 8.15808220977e-07, 7.69592190863e-07], "min": [7.55210860017e-25, 6.00505572958e-24, 2.18857033594e-24, 5.36964956966e-24, 3.04952894694e-23, 2.06109317467e-23, 5.83496627436e-24, 6.57873510137e-24, 3.42446286005e-23, 2.95466432101e-23, 1.27595727065e-23, 3.50621504001e-23, 5.57813012413e-23, 3.83327172261e-23, 6.31143250243e-23, 9.13915174884e-23, 7.51778321115e-23, 1.07562080573e-22, 1.58765767132e-22, 2.43820068357e-22, 2.93282429664e-22, 2.83334628592e-22, 4.4263689687e-22, 6.26656461849e-22, 1.02047430401e-21, 1.43274255514e-21, 2.10058578564e-21], "var": [1.99513117138e-09, 9.40971949603e-06, 7.04991680323e-06, 6.14813461652e-06, 1.38736240842e-05, 2.48611831921e-05, 5.45080620213e-05, 3.33902789862e-05, 3.88558255509e-05, 2.15458348976e-05, 1.13028872875e-05, 2.14107626562e-06, 1.45325327594e-06, 2.89071039106e-07, 1.50384948938e-06, 4.86507303776e-07, 1.78175889687e-06, 1.54577617195e-06, 2.96134441413e-08, 2.7373687761e-09, 4.52153026131e-09, 1.16409841766e-08, 7.56787699174e-09, 3.42942385601e-09, 7.80993714145e-10, 1.00789127044e-10, 2.21226335861e-12]}, "barkbands_crest": {"dmean": 2.46594953537, "dmean2": 3.91087651253, "dvar": 5.5968503952, "dvar2": 12.9476604462, "max": 26.7236213684, "mean": 12.0454187393, "median": 11.2034711838, "min": 3.54790568352, "var": 20.8159313202}, "barkbands_flatness_db": {"dmean": 0.0214981436729, "dmean2": 0.0310786720365, "dvar": 0.000507152406499, "dvar2": 0.00093218323309, "max": 0.386293590069, "mean": 0.209980636835, "median": 0.209825798869, "min": 0.0417974852026, "var": 0.00345173664391}, "barkbands_kurtosis": {"dmean": 6.60922431946, "dmean2": 9.998960495, "dvar": 133.190307617, "dvar2": 276.640136719, "max": 387.41418457, "mean": 15.9639539719, "median": 8.15896987915, "min": -1.96985685825, "var": 530.045898438}, "barkbands_skewness": {"dmean": 0.699450016022, "dmean2": 1.01989710331, "dvar": 0.682652652264, "dvar2": 1.25167536736, "max": 14.486289978, "mean": 2.24175953865, "median": 2.05671787262, "min": -10.8343915939, "var": 4.33497095108}, "barkbands_spread": {"dmean": 3.24938797951, "dmean2": 4.92272996902, "dvar": 45.2799415588, "dvar2": 91.9060897827, "max": 122.942306519, "mean": 10.4901046753, "median": 6.77306365967, "min": 0.301535636187, "var": 177.610610962}, "dissonance": {"dmean": 0.0319813191891, "dmean2": 0.0523672215641, "dvar": 0.00115616468247, "dvar2": 0.00302595179528, "max": 0.499999970198, "mean": 0.416946411133, "median": 0.430476039648, "min": 0.0124253798276, "var": 0.00411914754659}, "dynamic_complexity": 6.06713438034, "erbbands": {"dmean": [0.0202915221453, 0.26849347353, 0.853557527065, 2.19393086433, 3.97468686104, 3.66332435608, 2.96931791306, 7.97083520889, 16.8102264404, 15.827753067, 21.3690834045, 22.7062759399, 22.8557395935, 17.3867359161, 11.1673564911, 7.75036239624, 7.54275846481, 4.36293125153, 5.58490991592, 6.10915470123, 4.05028247833, 4.69944953918, 3.54604554176, 1.65284633636, 0.751580297947, 0.463506966829, 0.384230673313, 0.437198996544, 0.430567115545, 0.352570444345, 0.273723959923, 0.150393411517, 0.0836496800184, 0.0387643240392, 0.0192040540278, 0.00733609776944, 0.00196501915343, 0.000503078161273, 0.00015246141993, 9.07379035198e-06], "dmean2": [0.0301915500313, 0.389481335878, 1.28291487694, 3.53427624702, 6.38901185989, 5.70575141907, 4.29218482971, 11.700302124, 24.3024749756, 22.7906799316, 31.5246067047, 32.4923744202, 33.3011703491, 24.2795505524, 15.527803421, 11.2336616516, 11.2818317413, 6.44257926941, 7.6174249649, 8.56861114502, 5.6353058815, 6.6984539032, 4.88700151443, 2.49117398262, 1.10945641994, 0.68263220787, 0.570137441158, 0.656733810902, 0.65751427412, 0.524062693119, 0.422960728407, 0.233960524201, 0.125122621655, 0.0582524873316, 0.0293373577297, 0.0113109676167, 0.00302845216356, 0.00080181955127, 0.000254259095527, 1.37878414534e-05], "dvar": [0.00157418195158, 0.229468986392, 2.60572957993, 15.1649703979, 52.6098213196, 61.5626296997, 115.352684021, 762.493041992, 4352.87695312, 3275.74511719, 5465.04345703, 8463.22363281, 10355.5947266, 7702.15966797, 3494.33105469, 1955.48376465, 2171.10302734, 471.794647217, 667.034606934, 1015.60510254, 300.368103027, 1468.8996582, 1442.70922852, 659.386108398, 10.4005994797, 3.64003825188, 3.02884197235, 7.46574497223, 10.7598495483, 7.82736253738, 5.88101196289, 2.36907482147, 0.537923157215, 0.103806957603, 0.0307294912636, 0.00305017223582, 0.000184333941434, 3.85311841455e-06, 1.17673835121e-07, 1.96046831547e-10], "dvar2": [0.00352859124541, 0.484265804291, 5.78149461746, 39.6392936707, 136.447601318, 136.647659302, 214.781402588, 1516.99853516, 9576.54980469, 6204.30419922, 11292.5800781, 17737.3984375, 22303.6894531, 14909.3271484, 5884.27099609, 3860.11474609, 4747.91064453, 997.795288086, 1277.2421875, 1743.11047363, 557.098327637, 2756.56787109, 2329.21679688, 1246.94543457, 19.8651409149, 8.02118778229, 6.42135238647, 15.4443969727, 22.9248943329, 17.6602840424, 13.2689056396, 5.27835226059, 1.21389484406, 0.238825753331, 0.0737915858626, 0.00711098266765, 0.000454798777355, 8.94084314496e-06, 2.93288763942e-07, 4.60675636527e-10], "max": [0.672521591187, 8.54683208466, 28.3096008301, 64.0437393188, 159.345199585, 234.561218262, 505.302978516, 863.727111816, 1540.70715332, 2189.83935547, 2311.85839844, 3154.54101562, 2511.83569336, 2333.66650391, 2826.0402832, 1615.41906738, 1667.15026855, 814.967285156, 874.972229004, 1576.89233398, 637.566833496, 2555.03759766, 2616.51000977, 1602.11755371, 130.702453613, 61.068157196, 64.6011199951, 147.409225464, 176.463241577, 162.651596069, 106.151245117, 69.5519180298, 32.0192680359, 13.6990680695, 8.83483314514, 2.49673652649, 0.631209254265, 0.0922985076904, 0.00528168026358, 0.000168663071236], "mean": [0.0375982671976, 0.557656288147, 1.83411562443, 4.17629098892, 8.14785289764, 8.05491447449, 6.5051908493, 15.4076280594, 32.4952926636, 30.8901920319, 36.5586357117, 42.0572242737, 38.1584663391, 31.8290576935, 21.1243801117, 12.163520813, 11.1031093597, 7.40717411041, 10.5591392517, 12.4793787003, 8.42624473572, 8.27757835388, 5.96532583237, 2.45939230919, 1.2462439537, 0.711798071861, 0.615555167198, 0.665441632271, 0.661772608757, 0.546203434467, 0.382297307253, 0.202480405569, 0.113082945347, 0.0548770427704, 0.0287987459451, 0.011981068179, 0.00354590965435, 0.00103468098678, 0.000246923125815, 2.78016905213e-05], "median": [0.0157795473933, 0.223487302661, 0.69386279583, 2.08925271034, 3.7544734478, 2.51589870453, 1.56980776787, 3.06698894501, 4.64940309525, 4.02237462997, 3.63631701469, 2.43223404884, 2.00088620186, 1.41394412518, 1.02556693554, 1.0412658453, 0.892123103142, 0.795610308647, 0.749141275883, 0.93981307745, 1.03250145912, 0.863159239292, 0.528635799885, 0.316777527332, 0.261363059282, 0.145865812898, 0.11781770736, 0.124116227031, 0.0802237093449, 0.0505195111036, 0.0314528904855, 0.0212852898985, 0.0135129224509, 0.00803983677179, 0.00489034550264, 0.00299596972764, 0.00150779110845, 0.000663910526782, 0.000169228093, 1.95588163479e-05], "min": [1.37389315296e-22, 1.20383092291e-21, 4.54523952812e-21, 1.38232882506e-20, 6.50916049589e-20, 7.91595173354e-20, 1.14845433129e-19, 1.92629710998e-19, 1.3947936291e-19, 1.85605073516e-19, 3.37605288412e-19, 6.29149179511e-19, 8.55046828125e-19, 8.16280388332e-19, 9.81144670546e-19, 1.55243137714e-18, 2.25575792638e-18, 2.05699118147e-18, 2.7077155578e-18, 4.99510425042e-18, 4.80427120156e-18, 4.9939999643e-18, 5.29498410584e-18, 7.89236018058e-18, 9.11438884109e-18, 1.33508588684e-17, 1.13140473783e-17, 9.59515944799e-18, 9.69947105914e-18, 1.40015356818e-17, 1.12047230527e-17, 1.06973056495e-17, 1.14018542547e-17, 1.13188433715e-17, 7.72169710378e-18, 5.10857316454e-18, 2.6886271244e-18, 1.22639410619e-18, 2.58907324934e-19, 3.04026292111e-20], "var": [0.00342519604601, 0.65268355608, 7.82852649689, 31.4601097107, 138.79750061, 240.5652771, 481.691772461, 2083.53735352, 11401.8691406, 13801.2441406, 12989.3857422, 23139.7636719, 20120.0566406, 22772.0605469, 12097.5507812, 3977.93237305, 3625.01660156, 906.023193359, 2142.36523438, 4057.54882812, 1288.95483398, 3239.73706055, 4303.27050781, 882.031799316, 19.3106555939, 5.37930202484, 4.8296251297, 10.390707016, 14.8908338547, 9.46122550964, 6.66590690613, 2.55866026878, 0.618675529957, 0.126336738467, 0.0325673334301, 0.00395257584751, 0.00024276493059, 5.00933447256e-06, 1.08022227607e-07, 6.12237038844e-10]}, "erbbands_crest": {"dmean": 2.97327136993, "dmean2": 4.54450368881, "dvar": 9.03376579285, "dvar2": 19.249124527, "max": 35.1897583008, "mean": 13.335319519, "median": 11.9838562012, "min": 1.71247601509, "var": 42.4636421204}, "erbbands_flatness_db": {"dmean": 0.0209708958864, "dmean2": 0.0294177550822, "dvar": 0.000627930974588, "dvar2": 0.00102190952748, "max": 0.451737612486, "mean": 0.196187257767, "median": 0.190528616309, "min": 0.0203229375184, "var": 0.00441932259127}, "erbbands_kurtosis": {"dmean": 3.3232614994, "dmean2": 4.93742704391, "dvar": 104.405761719, "dvar2": 187.516708374, "max": 270.751342773, "mean": 6.28597736359, "median": 2.1592464447, "min": -1.86563539505, "var": 373.530914307}, "erbbands_skewness": {"dmean": 0.513799011707, "dmean2": 0.739899516106, "dvar": 0.520757257938, "dvar2": 0.871573865414, "max": 8.79988002777, "mean": 0.769975781441, "median": 0.996027350426, "min": -13.7478017807, "var": 3.65408706665}, "erbbands_spread": {"dmean": 7.30811977386, "dmean2": 11.1582946777, "dvar": 118.370697021, "dvar2": 255.273498535, "max": 154.567001343, "mean": 27.0243244171, "median": 22.0211029053, "min": 0.499237954617, "var": 429.974151611}, "gfcc": {"cov": [[11240.546875, 1661.71740723, -1908.66015625, -381.783294678, -1201.07836914, -5.67304182053, -22.09582901, 129.000411987, 191.678649902, -149.429855347, -72.9303665161, -78.765838623, -50.167804718], [1661.71740723, 1102.30969238, -101.36782074, -417.656890869, 6.89779043198, -59.3399391174, 87.7929611206, 43.4232406616, 53.3023948669, -30.9856281281, 18.4944190979, -45.9209938049, -29.7572021484], [-1908.66015625, -101.36782074, 1107.99816895, 246.06098938, 175.754714966, 75.9507293701, 6.09823656082, -46.5746879578, -29.0679264069, 26.3277587891, 73.9896850586, 30.8103427887, -58.4892044067], [-381.783294678, -417.656890869, 246.06098938, 683.706787109, 212.712783813, -25.1432666779, -38.9731330872, -21.5131759644, 4.80310583115, 31.7380237579, 27.26471138, 16.7229309082, 17.4267311096], [-1201.07836914, 6.89779043198, 175.754714966, 212.712783813, 661.925598145, 6.52848577499, 22.7245464325, 0.48846450448, -18.2046012878, 54.9899330139, -12.3520288467, -36.9813308716, 45.8447151184], [-5.67304182053, -59.3399391174, 75.9507293701, -25.1432666779, 6.52848577499, 308.57244873, 95.1583099365, -0.359385848045, 33.9421577454, 20.9495563507, -31.2756958008, -8.1246099472, -9.55320549011], [-22.09582901, 87.7929611206, 6.09823656082, -38.9731330872, 22.7245464325, 95.1583099365, 235.89491272, 58.6082458496, -43.1754646301, 8.40341281891, 19.235578537, 5.33222436905, -8.65489292145], [129.000411987, 43.4232406616, -46.5746879578, -21.5131759644, 0.48846450448, -0.359385848045, 58.6082458496, 147.305603027, 34.7101135254, -9.85863113403, 7.92701292038, 3.95102071762, -8.71566772461], [191.678649902, 53.3023948669, -29.0679264069, 4.80310583115, -18.2046012878, 33.9421577454, -43.1754646301, 34.7101135254, 168.818222046, 28.197385788, -35.9707183838, -3.14326786995, -5.27348470688], [-149.429855347, -30.9856281281, 26.3277587891, 31.7380237579, 54.9899330139, 20.9495563507, 8.40341281891, -9.85863113403, 28.197385788, 112.997589111, 31.1365127563, -20.2298336029, 6.80353593826], [-72.9303665161, 18.4944190979, 73.9896850586, 27.26471138, -12.3520288467, -31.2756958008, 19.235578537, 7.92701292038, -35.9707183838, 31.1365127563, 107.865951538, 25.9051017761, -11.9049396515], [-78.765838623, -45.9209938049, 30.8103427887, 16.7229309082, -36.9813308716, -8.1246099472, 5.33222436905, 3.95102071762, -3.14326786995, -20.2298336029, 25.9051017761, 97.2203063965, 20.0016174316], [-50.167804718, -29.7572021484, -58.4892044067, 17.4267311096, 45.8447151184, -9.55320549011, -8.65489292145, -8.71566772461, -5.27348470688, 6.80353593826, -11.9049396515, 20.0016174316, 86.8851013184]], "icov": [[0.000453406275483, -0.0011407135753, 0.000795610132627, -0.00103995006066, 0.000974202470388, -0.000735184468795, 0.000702645862475, -0.000438502756879, 0.000689860258717, -0.000366641266737, 0.000424216763349, -0.0001672788203, 0.000213639752474], [-0.0011407135753, 0.00449151312932, -0.00206770701334, 0.00373306404799, -0.00289565208368, 0.00258777150884, -0.00287171662785, 0.00174451852217, -0.00343355722725, 0.00233559496701, -0.00254151341505, 0.00160148867872, -0.000667891523335], [0.000795610132627, -0.00206770701334, 0.00258522108197, -0.0021782766562, 0.00138875574339, -0.00174331804737, 0.00142675475217, -0.000421876378823, 0.00135910278186, -0.000606983026955, 9.42634724197e-05, -0.000859905965626, 0.00144468096551], [-0.00103995006066, 0.00373306404799, -0.0021782766562, 0.00494066625834, -0.00304582924582, 0.00233297701925, -0.00211007939652, 0.00155557051767, -0.00294183986261, 0.0016731636133, -0.00226846523583, 0.000870214076713, -0.000790500256699], [0.000974202470388, -0.00289565208368, 0.00138875574339, -0.00304582924582, 0.0042204526253, -0.00163450138643, 0.00156996282749, -0.00151247018948, 0.00239947554655, -0.00206658872776, 0.00208169734105, 0.00019409689412, -0.000737380876672], [-0.000735184468795, 0.00258777150884, -0.00174331804737, 0.00233297701925, -0.00163450138643, 0.00598479993641, -0.00400553969666, 0.00200483924709, -0.00314965751022, 0.00046352375648, 0.000401158846216, 0.000722513883375, -0.00019594708283], [0.000702645862475, -0.00287171662785, 0.00142675475217, -0.00211007939652, 0.00156996282749, -0.00400553969666, 0.00859026890248, -0.00445297546685, 0.00528831826523, -0.0027978871949, 0.00150124542415, -0.00195000425447, 0.00114074000157], [-0.000438502756879, 0.00174451852217, -0.000421876378823, 0.00155557051767, -0.00151247018948, 0.00200483924709, -0.00445297546685, 0.0101558780298, -0.00524532655254, 0.00358194462024, -0.003317986615, 0.00121670798399, 8.38572668727e-06], [0.000689860258717, -0.00343355722725, 0.00135910278186, -0.00294183986261, 0.00239947554655, -0.00314965751022, 0.00528831826523, -0.00524532655254, 0.0124703999609, -0.00677178241313, 0.00692046340555, -0.00371893541887, 0.00220708572306], [-0.000366641266737, 0.00233559496701, -0.000606983026955, 0.0016731636133, -0.00206658872776, 0.00046352375648, -0.0027978871949, 0.00358194462024, -0.00677178241313, 0.0155960954726, -0.00909703597426, 0.00608255201951, -0.00321296323091], [0.000424216763349, -0.00254151341505, 9.42634724197e-05, -0.00226846523583, 0.00208169734105, 0.000401158846216, 0.00150124542415, -0.003317986615, 0.00692046340555, -0.00909703597426, 0.0178235881031, -0.00681869545951, 0.00379963684827], [-0.0001672788203, 0.00160148867872, -0.000859905965626, 0.000870214076713, 0.00019409689412, 0.000722513883375, -0.00195000425447, 0.00121670798399, -0.00371893541887, 0.00608255201951, -0.00681869545951, 0.0153279239312, -0.00556158740073], [0.000213639752474, -0.000667891523335, 0.00144468096551, -0.000790500256699, -0.000737380876672, -0.00019594708283, 0.00114074000157, 8.38572668727e-06, 0.00220708572306, -0.00321296323091, 0.00379963684827, -0.00556158740073, 0.0152036445215]], "mean": [-105.449775696, 121.165512085, -80.7063598633, 12.2555322647, -40.0662879944, -2.02542090416, -31.2036323547, 1.51059401035, -15.5823192596, -3.05164170265, -20.7579841614, -0.968931734562, -14.8468942642]}, "hfc": {"dmean": 3.11180138588, "dmean2": 4.23060369492, "dvar": 43.4806480408, "dvar2": 79.0943756104, "max": 153.987533569, "mean": 9.33253192902, "median": 3.79725337029, "min": 1.11709431471e-16, "var": 191.835327148}, "melbands": {"dmean": [0.000239051412791, 0.000399494514568, 0.000420243421104, 0.000277314771665, 0.000107646432298, 0.000181705399882, 0.000249154283665, 0.000172768443008, 0.000178742950084, 0.000143960991409, 0.000116385526781, 7.2321476182e-05, 4.63955875603e-05, 2.37850126723e-05, 1.79106446012e-05, 1.49414909174e-05, 7.99416011432e-06, 8.82649692358e-06, 9.67462074186e-06, 6.63152331981e-06, 5.09727806275e-06, 4.92590606882e-06, 5.54384769202e-06, 1.90007415313e-06, 1.42438796047e-06, 6.64474328005e-07, 4.17403242636e-07, 3.00197314118e-07, 2.49536725505e-07, 2.64403581696e-07, 2.63986095206e-07, 2.58905856754e-07, 2.24794320047e-07, 1.96903613414e-07, 1.74419312771e-07, 1.15761750408e-07, 8.77483685713e-08, 6.43441140369e-08, 4.30961577536e-08, 3.10454559838e-08], "dmean2": [0.000345593085513, 0.000593061733525, 0.000672231253702, 0.000440426665591, 0.000157320435392, 0.000267647701548, 0.000358994700946, 0.000249725795584, 0.000262897694483, 0.000206224081921, 0.000169946666574, 0.000102253274235, 6.3979125116e-05, 3.51397902705e-05, 2.62049197772e-05, 2.23972983804e-05, 1.19953319881e-05, 1.22707560877e-05, 1.39054182e-05, 9.2402287919e-06, 7.21345395505e-06, 7.17062857802e-06, 8.15622479422e-06, 2.95304971587e-06, 2.18856280298e-06, 9.68789777289e-07, 6.235792398e-07, 4.51344021712e-07, 3.72945805793e-07, 3.89836969816e-07, 4.13256941556e-07, 4.05909531764e-07, 3.42353530414e-07, 2.93574231591e-07, 2.68526065383e-07, 1.83798874787e-07, 1.38118963378e-07, 9.7050630643e-08, 6.5335449051e-08, 4.79473420967e-08], "dvar": [2.01535456767e-07, 4.89131991799e-07, 5.15908880061e-07, 2.38921955997e-07, 1.13071685348e-07, 3.98845912741e-07, 8.61496403104e-07, 3.73287861066e-07, 3.84310368418e-07, 3.17021317642e-07, 2.65473175887e-07, 1.35853042593e-07, 5.76785161854e-08, 2.10780264354e-08, 8.37449398716e-09, 8.22799250955e-09, 1.66263791623e-09, 1.82412485117e-09, 1.99099448039e-09, 1.23895649295e-09, 6.06503791634e-10, 1.03159958353e-09, 5.23719156931e-09, 5.71018676787e-10, 5.43934175479e-10, 9.15306892779e-12, 3.34203910206e-12, 1.60601913712e-12, 1.25540289969e-12, 2.46515199746e-12, 2.86423142148e-12, 3.79388057428e-12, 3.81478182376e-12, 2.04655866906e-12, 2.05762013331e-12, 1.39323079983e-12, 8.30377921372e-13, 3.12728467254e-13, 1.17197484356e-13, 6.73767275696e-14], "dvar2": [4.20378682975e-07, 1.05676747353e-06, 1.36785024552e-06, 6.02484249157e-07, 2.21022716573e-07, 7.81392657245e-07, 1.87117439054e-06, 7.04482772562e-07, 8.13808696876e-07, 6.55734254451e-07, 5.70444228742e-07, 2.58320227431e-07, 9.96401539055e-08, 4.36107150392e-08, 1.7626762272e-08, 1.89241475823e-08, 3.48988282717e-09, 3.50617623823e-09, 3.59874219313e-09, 2.03382444219e-09, 1.11435882744e-09, 1.96906069228e-09, 8.46126546605e-09, 1.25940191609e-09, 1.01842267952e-09, 1.67612763946e-11, 6.42758806249e-12, 3.76555904513e-12, 2.9529529863e-12, 5.5661543083e-12, 5.96292459853e-12, 8.03186510356e-12, 9.30891301543e-12, 4.43570787739e-12, 4.57252551794e-12, 3.20151956161e-12, 1.88932615212e-12, 7.09711152694e-13, 2.76942341672e-13, 1.57090432242e-13], "max": [0.0084561817348, 0.0104869585484, 0.0103710740805, 0.0093113379553, 0.0139035908505, 0.0174616836011, 0.0210619196296, 0.0264918040484, 0.0190232601017, 0.0171354971826, 0.012421910651, 0.0100523428991, 0.00957439653575, 0.00521716242656, 0.00230445549823, 0.00299902609549, 0.00144029478543, 0.00166076526511, 0.00149775762111, 0.00154353294056, 0.000997698283754, 0.00188750517555, 0.00362490792759, 0.00118885352276, 0.00138322985731, 0.000142523815157, 8.19160122774e-05, 4.65361881652e-05, 3.87970721931e-05, 8.83686007001e-05, 8.91756353667e-05, 9.80706317932e-05, 0.000117123665405, 7.88394681877e-05, 6.70399167575e-05, 5.99380073254e-05, 4.25217367592e-05, 2.48319920502e-05, 1.44100658872e-05, 1.0778709111e-05], "mean": [0.000475826353068, 0.000903452222701, 0.000848410651088, 0.000608780770563, 0.00024956089328, 0.000357204669854, 0.000496336841024, 0.000327675807057, 0.000296894140774, 0.000261830165982, 0.000184262200492, 0.000126437007566, 8.51958902786e-05, 3.41985396517e-05, 2.56735602306e-05, 2.10653179238e-05, 1.24973566926e-05, 1.4712229131e-05, 1.96767723537e-05, 1.2318852896e-05, 1.01340792753e-05, 8.16495958134e-06, 9.80250661087e-06, 2.71931025964e-06, 1.89399236206e-06, 1.06204674921e-06, 6.27394399544e-07, 4.26646380447e-07, 3.7635848571e-07, 3.86925620433e-07, 3.84831622569e-07, 3.81576484187e-07, 3.34140366931e-07, 2.92848994832e-07, 2.38769757743e-07, 1.51521348357e-07, 1.12448539369e-07, 8.31040409821e-08, 5.80397809813e-08, 4.2566995262e-08], "median": [0.000195500513655, 0.000385923311114, 0.000475445354823, 0.000268408475677, 5.16825311934e-05, 6.05129534961e-05, 7.08255902282e-05, 3.67350039596e-05, 2.39147029788e-05, 1.21299754028e-05, 8.71058273333e-06, 4.97772180097e-06, 3.07401319333e-06, 2.3750942546e-06, 2.23889560402e-06, 1.52794132191e-06, 1.15615262075e-06, 9.57461224971e-07, 1.11386555091e-06, 9.9684837096e-07, 8.74232057413e-07, 8.02923693755e-07, 5.26104486198e-07, 3.32966067162e-07, 2.21237655751e-07, 2.04846614338e-07, 1.31990802288e-07, 7.7788072872e-08, 6.55040821584e-08, 6.93778900995e-08, 6.45308233516e-08, 4.40027605464e-08, 3.21043494012e-08, 2.39822508519e-08, 1.79608701245e-08, 1.30382948882e-08, 1.11720392937e-08, 9.09902375668e-09, 6.99349333999e-09, 5.87190784884e-09], "min": [2.42868204334e-24, 2.30683616564e-24, 5.97331275561e-24, 5.47858021662e-24, 4.81589485218e-24, 3.71421746588e-24, 1.86172928848e-24, 2.15808697563e-24, 2.96670667716e-24, 4.0428971509e-24, 3.91882786874e-24, 2.86145034708e-24, 2.39505290295e-24, 3.14948121295e-24, 3.85273867982e-24, 4.76160860012e-24, 3.21119873194e-24, 3.93452462303e-24, 5.27891321062e-24, 6.5014129276e-24, 4.14250977285e-24, 3.6868029717e-24, 5.04403855356e-24, 5.25093073659e-24, 6.42364228639e-24, 6.035366921e-24, 6.28066716378e-24, 8.70607247613e-24, 6.35105564463e-24, 8.15837660483e-24, 4.18131699622e-24, 4.85083586825e-24, 6.37165161958e-24, 7.49490671822e-24, 5.25353200543e-24, 7.31974015421e-24, 6.3003121669e-24, 6.90947253007e-24, 9.04253427398e-24, 9.18740463492e-24], "var": [5.24281972503e-07, 1.54383701556e-06, 1.09811799121e-06, 7.54637710543e-07, 4.87868533128e-07, 1.13525857159e-06, 2.49482172876e-06, 1.66510631061e-06, 9.01735688785e-07, 9.08403762878e-07, 5.10594531988e-07, 4.08830601373e-07, 2.07389390994e-07, 3.69649164611e-08, 1.47601610934e-08, 1.20154011185e-08, 3.13063397428e-09, 4.49330395114e-09, 9.06314312488e-09, 4.39998126822e-09, 2.60569565924e-09, 2.07228567639e-09, 1.5896887362e-08, 9.96296822819e-10, 6.69281574606e-10, 1.75621028137e-11, 6.02938012018e-12, 2.06638655839e-12, 1.75064585224e-12, 3.16007137992e-12, 3.7846357992e-12, 5.22241451473e-12, 4.09310389402e-12, 2.60930166363e-12, 2.41433609216e-12, 1.47803861164e-12, 8.54673428384e-13, 3.494346468e-13, 1.42161686611e-13, 7.83821385618e-14]}, "melbands_crest": {"dmean": 2.93154263496, "dmean2": 4.65088510513, "dvar": 7.27590942383, "dvar2": 17.467300415, "max": 36.2689170837, "mean": 15.574429512, "median": 14.946223259, "min": 1.75554132462, "var": 25.9029750824}, "melbands_flatness_db": {"dmean": 0.0254744589329, "dmean2": 0.036132723093, "dvar": 0.000742416188587, "dvar2": 0.00133689003997, "max": 0.551310360432, "mean": 0.309880942106, "median": 0.309651523829, "min": 0.00577406585217, "var": 0.00562890991569}, "melbands_kurtosis": {"dmean": 10.5583496094, "dmean2": 16.4604816437, "dvar": 371.24307251, "dvar2": 823.376525879, "max": 508.539733887, "mean": 24.5035514832, "median": 11.3601503372, "min": -1.9555118084, "var": 1427.97241211}, "melbands_skewness": {"dmean": 0.821619570255, "dmean2": 1.22428369522, "dvar": 0.991225302219, "dvar2": 2.01931118965, "max": 17.7120018005, "mean": 2.78729629517, "median": 2.432492733, "min": -7.26031112671, "var": 5.73543930054}, "melbands_spread": {"dmean": 3.96631121635, "dmean2": 5.98870563507, "dvar": 97.0166778564, "dvar2": 194.422042847, "max": 209.438369751, "mean": 12.1056699753, "median": 7.48374652863, "min": 0.489760786295, "var": 309.483215332}, "mfcc": {"cov": [[8980.36035156, 978.770507812, -847.66607666, -529.418273926, -907.850585938, -348.833129883, -569.225097656, 122.282318115, 33.4193687439, 18.1091995239, 68.7492523193, 44.4510879517, -32.9404716492], [978.770507812, 1603.953125, -119.007789612, -277.580993652, -43.6922683716, -127.430465698, 2.80066299438, 16.065038681, 39.1269340515, 0.868314743042, 69.9643783569, 12.3348531723, 18.2252578735], [-847.66607666, -119.007789612, 829.926086426, 86.496635437, 80.3670654297, 105.797737122, -6.47955274582, 45.7902526855, -73.5095977783, -10.2592725754, 35.9059753418, 9.41812896729, 47.7542915344], [-529.418273926, -277.580993652, 86.496635437, 625.011291504, 265.236846924, 37.1583023071, 94.832862854, -50.2322120667, -19.2249488831, 14.3733959198, -57.1764450073, 26.3390579224, 29.1998672485], [-907.850585938, -43.6922683716, 80.3670654297, 265.236846924, 400.800354004, 102.692779541, 56.3893928528, -27.8908882141, 20.9329185486, 42.2413673401, -22.4532470703, -9.72619819641, 30.5476722717], [-348.833129883, -127.430465698, 105.797737122, 37.1583023071, 102.692779541, 258.399383545, 76.9903182983, 22.1060466766, 39.3140335083, 37.0346908569, 10.3519592285, -23.0522289276, -0.561491668224], [-569.225097656, 2.80066299438, -6.47955274582, 94.832862854, 56.3893928528, 76.9903182983, 300.621826172, 17.3836631775, 4.79059314728, 20.8351459503, -16.0572757721, 32.0062484741, -28.5242023468], [122.282318115, 16.065038681, 45.7902526855, -50.2322120667, -27.8908882141, 22.1060466766, 17.3836631775, 160.72543335, 46.890827179, -10.717622757, 33.7045936584, 7.55655908585, 4.04608201981], [33.4193687439, 39.1269340515, -73.5095977783, -19.2249488831, 20.9329185486, 39.3140335083, 4.79059314728, 46.890827179, 143.834136963, 34.5756492615, 6.727227211, 0.173856317997, 8.87047767639], [18.1091995239, 0.868314743042, -10.2592725754, 14.3733959198, 42.2413673401, 37.0346908569, 20.8351459503, -10.717622757, 34.5756492615, 146.542541504, 27.3487262726, -20.5587177277, 1.50313317776], [68.7492523193, 69.9643783569, 35.9059753418, -57.1764450073, -22.4532470703, 10.3519592285, -16.0572757721, 33.7045936584, 6.727227211, 27.3487262726, 119.842506409, 24.9711303711, 2.205296278], [44.4510879517, 12.3348531723, 9.41812896729, 26.3390579224, -9.72619819641, -23.0522289276, 32.0062484741, 7.55655908585, 0.173856317997, -20.5587177277, 24.9711303711, 129.469665527, 31.3291606903], [-32.9404716492, 18.2252578735, 47.7542915344, 29.1998672485, 30.5476722717, -0.561491668224, -28.5242023468, 4.04608201981, 8.87047767639, 1.50313317776, 2.205296278, 31.3291606903, 101.413017273]], "icov": [[0.000226307412959, -0.000170561776031, 0.000225968513405, -0.000212324477616, 0.00056464318186, -0.000214027968468, 0.000539706961717, -0.000333769858116, 0.000210056954529, -0.000326616369421, 0.000206934986636, -0.000264555768808, 0.000116436211101], [-0.000170561776031, 0.0008961528074, -0.000146911901538, 0.000605440873187, -0.000730537809432, 0.000726334692445, -0.000727015605662, 0.000401587487431, -0.000436246104073, 0.000382968893973, -0.000635045696981, 0.00036862216075, -0.000385616731364], [0.000225968513405, -0.000146911901538, 0.00176142400596, -0.000368997396436, 0.000428850675235, -0.000948299129959, 0.000774779706262, -0.00104321807157, 0.00145874195732, -0.000290014460916, -0.000136437665788, -0.000276607665, -0.000533154758159], [-0.000212324477616, 0.000605440873187, -0.000368997396436, 0.00295514403842, -0.00227250810713, 0.000867391412612, -0.00119720899966, 0.000716089911293, -6.52165326755e-05, 0.000270576303592, 0.000428618775913, -0.000249178876402, -0.00046151666902], [0.00056464318186, -0.000730537809432, 0.000428850675235, -0.00227250810713, 0.00559659302235, -0.00191312842071, 0.00136399175972, -0.00034549011616, 7.50463659642e-05, -0.00133309687953, 0.000726981495973, -0.000165393124917, -0.000483414973132], [-0.000214027968468, 0.000726334692445, -0.000948299129959, 0.000867391412612, -0.00191312842071, 0.00603930931538, -0.00217371457256, 0.000450960593298, -0.00192511233035, 0.000149218321894, -0.00117025780492, 0.00167588528711, -0.000349033885868], [0.000539706961717, -0.000727015605662, 0.000774779706262, -0.00119720899966, 0.00136399175972, -0.00217371457256, 0.00588208111003, -0.00187309633475, 0.00131976348348, -0.00179567583837, 0.00194223760627, -0.00278115342371, 0.00232022302225], [-0.000333769858116, 0.000401587487431, -0.00104321807157, 0.000716089911293, -0.00034549011616, 0.000450960593298, -0.00187309633475, 0.00883685797453, -0.00375865120441, 0.00235501327552, -0.00276777870022, 0.00107761076652, -0.000647224660497], [0.000210056954529, -0.000436246104073, 0.00145874195732, -6.52165326755e-05, 7.50463659642e-05, -0.00192511233035, 0.00131976348348, -0.00375865120441, 0.0100761940703, -0.00270197610371, 0.00137948524207, -0.00114250450861, -0.00055194995366], [-0.000326616369421, 0.000382968893973, -0.000290014460916, 0.000270576303592, -0.00133309687953, 0.000149218321894, -0.00179567583837, 0.00235501327552, -0.00270197610371, 0.00925843324512, -0.00348183652386, 0.00265154987574, -0.00095720612444], [0.000206934986636, -0.000635045696981, -0.000136437665788, 0.000428618775913, 0.000726981495973, -0.00117025780492, 0.00194223760627, -0.00276777870022, 0.00137948524207, -0.00348183652386, 0.0115761319175, -0.00367893674411, 0.00136916548945], [-0.000264555768808, 0.00036862216075, -0.000276607665, -0.000249178876402, -0.000165393124917, 0.00167588528711, -0.00278115342371, 0.00107761076652, -0.00114250450861, 0.00265154987574, -0.00367893674411, 0.010842951946, -0.00392536446452], [0.000116436211101, -0.000385616731364, -0.000533154758159, -0.00046151666902, -0.000483414973132, -0.000349033885868, 0.00232022302225, -0.000647224660497, -0.00055194995366, -0.00095720612444, 0.00136916548945, -0.00392536446452, 0.0124191781506]], "mean": [-766.316162109, 167.35295105, 14.1724510193, 25.6664485931, 7.51313257217, 4.47542953491, -6.41990232468, 4.49035072327, 2.61691117287, -1.53891730309, -0.336577236652, -0.283553779125, -1.33616280556]}, "pitch_salience": {"dmean": 0.0670751258731, "dmean2": 0.107215754688, "dvar": 0.00396240083501, "dvar2": 0.00914990901947, "max": 0.974196493626, "mean": 0.513714313507, "median": 0.517482101917, "min": 0.0505809187889, "var": 0.0155126759782}, "silence_rate_20dB": {"dmean": 0, "dmean2": 0, "dvar": 0, "dvar2": 0, "max": 1, "mean": 1, "median": 1, "min": 1, "var": 0}, "silence_rate_30dB": {"dmean": 0.002013229765, "dmean2": 0.00402703881264, "dvar": 0.0020090539474, "dvar2": 0.00429885694757, "max": 1, "mean": 0.99698060751, "median": 1, "min": 0, "var": 0.0030105789192}, "silence_rate_60dB": {"dmean": 0.0529191829264, "dmean2": 0.105853587389, "dvar": 0.0501236990094, "dvar2": 0.102418035269, "max": 1, "mean": 0.196549251676, "median": 0, "min": 0, "var": 0.157918304205}, "spectral_centroid": {"dmean": 136.825576782, "dmean2": 200.095077515, "dvar": 74953.0078125, "dvar2": 136235.53125, "max": 11765.3447266, "mean": 710.79901123, "median": 540.792297363, "min": 145.163742065, "var": 456361.03125}, "spectral_complexity": {"dmean": 1.46706926823, "dmean2": 2.28591966629, "dvar": 2.90409016609, "dvar2": 5.76244306564, "max": 33, "mean": 7.52307701111, "median": 7, "min": 0, "var": 22.5766735077}, "spectral_contrast_coeffs": {"dmean": [0.0453156940639, 0.0444029383361, 0.0371454581618, 0.0306365024298, 0.0228034108877, 0.0182780455798], "dmean2": [0.0743129551411, 0.070131406188, 0.057891741395, 0.0470972768962, 0.0348190031946, 0.0273849647492], "dvar": [0.00145647919271, 0.00156105228234, 0.00125345669221, 0.000828120857477, 0.000506622192916, 0.000311981450068], "dvar2": [0.00375104974955, 0.003432944417, 0.00252912542783, 0.00163553049788, 0.000973397807684, 0.000608892878518], "max": [-0.322169780731, -0.327079325914, -0.371009647846, -0.475577056408, -0.525395035744, -0.622504591942], "mean": [-0.628369033337, -0.705801308155, -0.754374146461, -0.780387759209, -0.802575945854, -0.791175186634], "median": [-0.628504931927, -0.714075088501, -0.775654554367, -0.792034745216, -0.814623951912, -0.792219340801], "min": [-0.976187646389, -0.971167087555, -0.973105251789, -0.966036260128, -0.9626121521, -0.961946129799], "var": [0.00711085600778, 0.0103314435109, 0.0113481413573, 0.00634511420503, 0.00389679940417, 0.00237678037956]}, "spectral_contrast_valleys": {"dmean": [0.399066448212, 0.370950907469, 0.341848611832, 0.300249159336, 0.302519261837, 0.267219185829], "dmean2": [0.63702660799, 0.589504897594, 0.533997476101, 0.449213683605, 0.420696347952, 0.376992106438], "dvar": [0.154038220644, 0.139254316688, 0.119901843369, 0.10347045958, 0.138982534409, 0.122717231512], "dvar2": [0.296702593565, 0.273470699787, 0.230136439204, 0.168894484639, 0.208521723747, 0.202752798796], "max": [-5.49968242645, -4.69915676117, -5.17737436295, -6.02413702011, -6.54872512817, -7.65565633774], "mean": [-7.72744894028, -7.50068807602, -8.48117828369, -9.0780878067, -9.19130992889, -11.6864957809], "median": [-7.55684900284, -7.34501743317, -8.40436553955, -8.98915290833, -9.08867645264, -11.7228603363], "min": [-27.6696281433, -28.0073642731, -27.9149742126, -27.5382633209, -27.3440055847, -27.3511886597], "var": [1.65713512897, 1.91355717182, 1.72335791588, 1.51988887787, 1.49715411663, 1.10005569458]}, "spectral_decrease": {"dmean": 1.42313971718e-09, "dmean2": 1.98141369978e-09, "dvar": 5.01787984141e-18, "dvar2": 9.79443883809e-18, "max": 3.16792672841e-27, "mean": -4.64214400253e-09, "median": -2.85905810138e-09, "min": -3.64665879715e-08, "var": 2.58891153553e-17}, "spectral_energy": {"dmean": 0.00562295829877, "dmean2": 0.00782190077007, "dvar": 7.93443541625e-05, "dvar2": 0.000153922184836, "max": 0.14525924623, "mean": 0.0183669794351, "median": 0.0112735973671, "min": 1.03757666707e-20, "var": 0.000410676846514}, "spectral_energyband_high": {"dmean": 4.11064502259e-05, "dmean2": 5.90404233662e-05, "dvar": 8.94752361091e-08, "dvar2": 1.88887298691e-07, "max": 0.0161055549979, "mean": 7.08661755198e-05, "median": 1.59848823387e-05, "min": 7.39800047609e-21, "var": 1.18155163875e-07}, "spectral_energyband_low": {"dmean": 0.00187469704542, "dmean2": 0.00270796567202, "dvar": 9.65133040154e-06, "dvar2": 2.01072252821e-05, "max": 0.0474331080914, "mean": 0.00462413392961, "median": 0.00234135403298, "min": 2.10517377542e-23, "var": 3.26597873936e-05}, "spectral_energyband_middle_high": {"dmean": 0.00118328339886, "dmean2": 0.00160018075258, "dvar": 1.37782617458e-05, "dvar2": 2.39849905483e-05, "max": 0.0767707824707, "mean": 0.0027966927737, "median": 0.000390884175431, "min": 1.1814429242e-21, "var": 5.51147240913e-05}, "spectral_energyband_middle_low": {"dmean": 0.00417372956872, "dmean2": 0.00604259362444, "dvar": 5.86151982134e-05, "dvar2": 0.000122853263747, "max": 0.128623008728, "mean": 0.0119287203997, "median": 0.00613166857511, "min": 2.17957320377e-22, "var": 0.000255266844761}, "spectral_entropy": {"dmean": 0.221860736609, "dmean2": 0.318326145411, "dvar": 0.0613776445389, "dvar2": 0.11230673641, "max": 9.81151390076, "mean": 6.74057674408, "median": 6.72404146194, "min": 4.78214454651, "var": 0.419190973043}, "spectral_flux": {"dmean": 0.0219294484705, "dmean2": 0.0351852998137, "dvar": 0.000739117851481, "dvar2": 0.0017082626, "max": 0.296103239059, "mean": 0.0562292411923, "median": 0.0434226021171, "min": 6.69791999641e-11, "var": 0.00217660213821}, "spectral_kurtosis": {"dmean": 3.64722132683, "dmean2": 5.77986526489, "dvar": 17.8238887787, "dvar2": 39.9056739807, "max": 67.2933425903, "mean": 12.0339164734, "median": 9.82816314697, "min": -1.23198163509, "var": 68.2474822998}, "spectral_rms": {"dmean": 0.000602003885433, "dmean2": 0.000818425090984, "dvar": 5.5160262491e-07, "dvar2": 9.50242167619e-07, "max": 0.0119044678286, "mean": 0.00364089896902, "median": 0.00331641850062, "min": 3.18161903073e-12, "var": 4.66285200673e-06}, "spectral_rolloff": {"dmean": 219.824279785, "dmean2": 371.763183594, "dvar": 587525.75, "dvar2": 1338571, "max": 19336.8164062, "mean": 823.165466309, "median": 473.73046875, "min": 21.533203125, "var": 2291853}, "spectral_skewness": {"dmean": 0.381861209869, "dmean2": 0.580668032169, "dvar": 0.173596829176, "dvar2": 0.354510754347, "max": 6.6904335022, "mean": 2.58449530602, "median": 2.45707726479, "min": -0.0513981804252, "var": 0.905844151974}, "spectral_spread": {"dmean": 481355.4375, "dmean2": 721039.75, "dvar": 711539097600, "dvar2": 1186868363260.0, "ma