{"lowlevel": {"average_loudness": 0.872220814228, "barkbands": {"dmean": [4.84386764583e-05, 0.00089948810637, 0.000595800345764, 0.000323073589243, 0.0012230303837, 0.000739439681638, 0.00125932437368, 0.000749170721974, 0.000684272265062, 0.000686077342834, 0.00039418367669, 0.000312000629492, 0.000340687314747, 0.000419538759161, 0.000667019281536, 0.000198648966034, 0.000322312378557, 0.000226090851356, 0.000189305108506, 0.000211582009797, 0.000177464869921, 0.000149646657519, 8.98627113202e-05, 8.28107004054e-05, 6.70629888191e-05, 3.52399038093e-05, 2.63490164798e-06], "dmean2": [7.23488337826e-05, 0.00146454235073, 0.0010042617796, 0.000544068636373, 0.00193582894281, 0.00120425131172, 0.00204260274768, 0.00124304601923, 0.00110375892837, 0.00110153551213, 0.000628802110441, 0.000510623445734, 0.000551970908418, 0.000684144615661, 0.00107085285708, 0.000313117285259, 0.000505984469783, 0.000369210698409, 0.000303607113892, 0.00032931091846, 0.000281034328509, 0.000229230863624, 0.000137686292874, 0.00012455911201, 0.000103909143945, 5.87711983826e-05, 4.39083669335e-06], "dvar": [8.09151146086e-09, 2.78087077277e-06, 1.23934705698e-06, 6.17683724613e-07, 4.56929592474e-06, 1.8733047682e-06, 5.13740315e-06, 2.86757835966e-06, 2.72702982329e-06, 2.62728531197e-06, 1.96882410819e-06, 4.26791842756e-07, 4.27334299502e-07, 8.24519418074e-07, 3.50265213456e-06, 1.94257921748e-07, 3.61501406587e-07, 1.54459243618e-07, 1.13730642681e-07, 1.32327414804e-07, 1.63732622127e-07, 1.12794786844e-07, 3.53261064845e-08, 3.18586153014e-08, 1.95377687362e-08, 7.20586301739e-09, 4.70209912673e-11], "dvar2": [1.91325089105e-08, 6.86461135047e-06, 3.49280821865e-06, 1.71748149569e-06, 1.09177917693e-05, 5.1243055168e-06, 1.32389959617e-05, 7.723851013e-06, 6.86716703058e-06, 6.20281434749e-06, 4.45309296992e-06, 1.05861056454e-06, 1.06496668195e-06, 2.03503782359e-06, 8.58377916302e-06, 4.48217917892e-07, 8.13285680579e-07, 3.90929983496e-07, 2.73878981716e-07, 2.9682567515e-07, 4.05635518064e-07, 2.6277376719e-07, 8.84424551373e-08, 7.15963182074e-08, 4.45787122771e-08, 1.84353474708e-08, 1.20407114834e-10], "max": [0.0013653493952, 0.023798873648, 0.0194353312254, 0.0257104914635, 0.0440302118659, 0.029644921422, 0.0366593897343, 0.0308940764517, 0.0683649629354, 0.0481655485928, 0.0455865226686, 0.0152159184217, 0.0117315482348, 0.0233223177493, 0.034036539495, 0.0155920991674, 0.0153424413875, 0.00664653209969, 0.00689466111362, 0.00853876862675, 0.00842752028257, 0.0100898202509, 0.00452101323754, 0.00769851589575, 0.00297329598106, 0.00187824293971, 0.00014474208001], "mean": [7.33155029593e-05, 0.00140492548235, 0.000932331604417, 0.000460049777757, 0.00213240995072, 0.00128279614728, 0.00206780876033, 0.00100945716258, 0.00104635581374, 0.00102246575989, 0.000552019046154, 0.000438709539594, 0.000508838158567, 0.000616136938334, 0.000982524594292, 0.000325471221004, 0.000581765314564, 0.00039680142072, 0.000351758149918, 0.000431749416748, 0.000315507670166, 0.000281177344732, 0.0001703590533, 0.000150024905452, 8.83397515281e-05, 3.33778916684e-05, 2.98874624605e-06], "median": [4.32244123658e-05, 0.000784051022492, 0.000506416894495, 0.000235614730627, 0.00111973052844, 0.000663081998937, 0.00101579609327, 0.000381041929359, 0.000430525949923, 0.000393890892155, 0.000140480246046, 0.000142873352161, 0.000201742397621, 0.000197655681404, 0.000220647532842, 0.000156398818945, 0.000256300496403, 0.000236284031416, 0.000186083489098, 0.000218045635847, 0.000144011122757, 0.000112950052426, 6.9787602115e-05, 6.00057355769e-05, 3.01023628708e-05, 5.97172447669e-06, 2.80877713976e-07], "min": [1.86772348751e-23, 4.64216780155e-23, 3.72375984293e-23, 9.81939818256e-24, 9.17866610713e-23, 8.42116715606e-23, 4.24217146194e-23, 2.2327841753e-23, 5.54430881722e-23, 2.76791128357e-23, 6.13998967744e-23, 8.22741850012e-23, 1.11323748022e-22, 2.13132874273e-22, 1.91789491486e-22, 1.95294734965e-22, 1.42042294594e-22, 3.45276087844e-22, 1.2508255506e-22, 1.43361838007e-22, 4.32383118741e-22, 6.12274353722e-22, 5.73797833464e-22, 9.42131555639e-22, 1.23158226701e-21, 1.81300339982e-21, 2.17114917904e-21], "var": [1.22616441445e-08, 4.15035401602e-06, 1.61741570537e-06, 6.6836599899e-07, 9.13630719879e-06, 3.26052554556e-06, 9.62826106843e-06, 3.79007883566e-06, 5.14196517543e-06, 4.59336251879e-06, 3.73041598323e-06, 7.37879133794e-07, 7.34826926418e-07, 1.56257260642e-06, 6.04082333666e-06, 3.17140148809e-07, 8.57555846778e-07, 2.59877481312e-07, 2.3023486051e-07, 3.55206339009e-07, 2.53565133335e-07, 2.20582776933e-07, 6.5542863581e-08, 6.0941452773e-08, 2.80475891401e-08, 6.74237154996e-09, 7.84784598418e-11]}, "barkbands_crest": {"dmean": 2.43987035751, "dmean2": 3.95461916924, "dvar": 5.75043201447, "dvar2": 13.6891517639, "max": 26.9134902954, "mean": 7.9903216362, "median": 6.94582748413, "min": 1.93532216549, "var": 16.5801296234}, "barkbands_flatness_db": {"dmean": 0.0212186053395, "dmean2": 0.0312101580203, "dvar": 0.000522652291693, "dvar2": 0.00106681499165, "max": 0.50705319643, "mean": 0.094466842711, "median": 0.0879146382213, "min": 0.0169657692313, "var": 0.00185764441267}, "barkbands_kurtosis": {"dmean": 2.45739245415, "dmean2": 3.57777476311, "dvar": 317.574981689, "dvar2": 522.070861816, "max": 2399.27075195, "mean": 3.50051999092, "median": -0.0790402591228, "min": -1.94175708294, "var": 2554.95654297}, "barkbands_skewness": {"dmean": 0.481728196144, "dmean2": 0.722141087055, "dvar": 0.357708126307, "dvar2": 0.707417666912, "max": 47.7406005859, "mean": 1.02921557426, "median": 0.833396375179, "min": -6.86170959473, "var": 2.80811047554}, "barkbands_spread": {"dmean": 7.42881059647, "dmean2": 11.3483657837, "dvar": 90.3200683594, "dvar2": 181.837631226, "max": 140.50869751, "mean": 31.3588142395, "median": 28.8741207123, "min": 0.22963295877, "var": 268.810150146}, "dissonance": {"dmean": 0.014107295312, "dmean2": 0.0235072188079, "dvar": 0.000199846675969, "dvar2": 0.000508182216436, "max": 0.500000119209, "mean": 0.47462195158, "median": 0.479815810919, "min": 0.266108602285, "var": 0.00044529850129}, "dynamic_complexity": 4.2210149765, "erbbands": {"dmean": [0.0255585405976, 0.214858785272, 0.654209852219, 0.817543327808, 2.46545600891, 5.08297729492, 4.53012895584, 6.48225831985, 16.4762153625, 17.2830295563, 15.4922838211, 17.1307640076, 15.9786338806, 21.329875946, 14.0478038788, 12.9267950058, 15.6002283096, 17.6053714752, 37.3109397888, 16.7757511139, 12.4551343918, 17.5078468323, 11.5796918869, 12.3967666626, 7.66454219818, 10.2208242416, 8.44931411743, 6.78251409531, 5.858543396, 3.43739962578, 2.47972488403, 1.84866535664, 1.39043223858, 0.796852886677, 0.469151705503, 0.223646253347, 0.048706907779, 0.00634865276515, 0.000446507183369, 1.93305531866e-05], "dmean2": [0.0409462638199, 0.347472399473, 1.09426057339, 1.39330327511, 3.95761108398, 8.1063041687, 7.31197595596, 10.6892776489, 26.5697593689, 28.2841300964, 25.6343612671, 27.6723556519, 25.8082847595, 34.0425834656, 22.201965332, 21.0851535797, 25.268409729, 28.2713241577, 60.1217002869, 26.6003875732, 19.5918178558, 27.2254943848, 18.7648200989, 19.9718551636, 12.1573438644, 16.0845985413, 13.2292547226, 10.7109622955, 9.30272865295, 5.26554822922, 3.84106564522, 2.82744193077, 2.09085941315, 1.2086520195, 0.744401395321, 0.370598614216, 0.0815652608871, 0.0105099175125, 0.000738745962735, 3.05360408674e-05], "dvar": [0.00258030882105, 0.165954262018, 1.35843336582, 3.55586028099, 23.7156581879, 92.6837768555, 80.9591751099, 140.334640503, 773.274841309, 1715.09973145, 1092.03381348, 1943.89086914, 1543.87219238, 3194.94775391, 1976.67810059, 696.560241699, 868.661743164, 1540.63012695, 11612.1552734, 1400.19165039, 572.438720703, 1152.59143066, 415.123352051, 532.877502441, 180.014266968, 315.000549316, 311.350952148, 283.515930176, 164.584411621, 56.4204216003, 27.6914043427, 13.4106492996, 9.44260787964, 2.92188620567, 1.04758787155, 0.273104041815, 0.0148293254897, 0.000262824614765, 1.23181030176e-06, 1.28484700657e-09], "dvar2": [0.00683136796579, 0.3975520432, 3.71317481995, 10.1608142853, 57.9580421448, 223.448394775, 216.990341187, 387.848693848, 1991.54943848, 4314.60205078, 2896.12988281, 5035.31347656, 3511.1105957, 7590.66796875, 4564.80859375, 1721.70263672, 2156.84814453, 3612.65600586, 29128.2558594, 3339.92578125, 1271.00268555, 2528.85766602, 1044.57543945, 1312.14245605, 436.418640137, 742.927368164, 752.037597656, 703.872253418, 401.373168945, 125.453231812, 69.0764923096, 31.7669658661, 20.6013946533, 6.2033996582, 2.55902791023, 0.696779727936, 0.0382723212242, 0.00067833752837, 3.07859340865e-06, 3.1455626992e-09], "max": [0.609730482101, 6.31754779816, 17.4761295319, 61.2605705261, 109.507865906, 223.716506958, 216.872619629, 181.175994873, 567.479736328, 879.047180176, 818.096740723, 1576.91638184, 1829.99401855, 1724.92822266, 1303.26403809, 744.254455566, 615.748474121, 1323.53051758, 2274.53588867, 717.630859375, 1073.96166992, 1037.85632324, 321.94631958, 548.129882812, 184.721328735, 488.098175049, 351.072570801, 342.053070068, 355.986968994, 184.24156189, 139.839889526, 119.316886902, 136.276504517, 42.6577835083, 23.0454139709, 10.8208389282, 2.77419233322, 0.395609468222, 0.0208720006049, 0.000609339040238], "mean": [0.0364570617676, 0.335080206394, 1.06986558437, 1.33836317062, 4.09014034271, 8.11548995972, 7.90856981277, 11.0449495316, 27.7055110931, 26.2987060547, 22.7384185791, 26.6329574585, 24.3027229309, 32.1151733398, 21.4854984283, 19.7199554443, 24.6162109375, 28.147731781, 57.9640693665, 26.7639064789, 22.9897003174, 31.9780445099, 21.5784416199, 22.6641712189, 15.2624254227, 20.6477966309, 15.6171789169, 12.1016702652, 10.7237863541, 6.4671254158, 4.78361225128, 3.39623141289, 2.37387609482, 1.18837988377, 0.533295333385, 0.211767494678, 0.0468570664525, 0.00686020823196, 0.000527552154381, 4.0749207983e-05], "median": [0.0200483947992, 0.182506352663, 0.612833678722, 0.859676301479, 2.03895759583, 3.77224898338, 3.9800131321, 5.92077350616, 14.1622953415, 10.9111166, 10.4750947952, 11.4083824158, 9.35979270935, 11.6230459213, 6.52706623077, 7.42854881287, 10.1680574417, 9.57396507263, 13.1359710693, 9.72402000427, 12.0967569351, 14.2585668564, 13.1025590897, 12.4893035889, 8.71444892883, 10.4036550522, 7.92109489441, 4.77367162704, 4.12822580338, 2.69300627708, 2.00564861298, 1.38511180878, 0.940417945385, 0.425381153822, 0.153180956841, 0.045812048018, 0.00732051953673, 0.000808320590295, 5.89510964346e-05, 2.42121313931e-05], "min": [1.30890184385e-21, 1.08350554747e-20, 3.74717761183e-20, 4.74795144633e-20, 9.68112672639e-20, 3.04085991287e-19, 5.27452854968e-19, 8.76595658564e-19, 5.98759701179e-19, 5.36695616036e-19, 8.28592920051e-19, 1.23615855973e-18, 1.04925647994e-18, 1.50239139617e-18, 3.34023286167e-18, 2.94511453245e-18, 3.89257754583e-18, 8.98977077309e-18, 1.00707684479e-17, 1.05294450606e-17, 1.18943675176e-17, 9.28377971411e-18, 1.47513534004e-17, 1.17823465831e-17, 5.76721696805e-18, 6.76673445738e-18, 1.56120000862e-17, 1.5948733733e-17, 1.75305015876e-17, 2.61792638444e-17, 1.47989675708e-17, 1.73559946025e-17, 1.54223159912e-17, 1.24163648062e-17, 9.96214391702e-18, 6.08846620742e-18, 3.89205559486e-18, 1.16052829895e-18, 3.0193976779e-19, 3.20717052038e-20], "var": [0.00339560583234, 0.241116136312, 1.89556527138, 3.64695453644, 42.5076179504, 162.606750488, 137.586685181, 229.249420166, 1468.6151123, 3081.62670898, 1561.09118652, 3528.01831055, 2850.51586914, 5815.48486328, 3741.55517578, 1260.10656738, 1563.82067871, 3398.26171875, 20822.0957031, 2447.02026367, 1107.52905273, 2719.05322266, 727.934875488, 981.06652832, 383.194976807, 800.505249023, 559.162231445, 432.643707275, 305.186431885, 113.448425293, 52.0805358887, 26.8387794495, 17.1451683044, 5.1241979599, 1.16749715805, 0.253196686506, 0.0142889246345, 0.000342098559486, 2.3194215828e-06, 3.26709215237e-09]}, "erbbands_crest": {"dmean": 2.65160703659, "dmean2": 4.28581094742, "dvar": 6.82000589371, "dvar2": 16.7269172668, "max": 31.0901184082, "mean": 8.15832519531, "median": 7.02452373505, "min": 1.78842163086, "var": 18.2761306763}, "erbbands_flatness_db": {"dmean": 0.0173755753785, "dmean2": 0.0247613675892, "dvar": 0.000280587846646, "dvar2": 0.000559405540116, "max": 0.328616440296, "mean": 0.142887607217, "median": 0.141535490751, "min": 0.0201587136835, "var": 0.00147943547927}, "erbbands_kurtosis": {"dmean": 0.817579567432, "dmean2": 1.27292823792, "dvar": 1.53475058079, "dvar2": 3.47222900391, "max": 25.52551651, "mean": 0.159884631634, "median": -0.344855695963, "min": -1.79262697697, "var": 3.28896617889}, "erbbands_skewness": {"dmean": 0.3504730165, "dmean2": 0.531723558903, "dvar": 0.115257881582, "dvar2": 0.253903597593, "max": 4.46104955673, "mean": 0.0801780894399, "median": 0.0580710954964, "min": -3.72456526756, "var": 0.575446844101}, "erbbands_spread": {"dmean": 8.08791732788, "dmean2": 12.4448347092, "dvar": 73.1092300415, "dvar2": 166.663208008, "max": 160.749404907, "mean": 41.3155899048, "median": 39.6747360229, "min": 4.27807664871, "var": 299.949066162}, "gfcc": {"cov": [[23271.8417969, 1265.19628906, -2130.15039062, 272.289489746, -1057.00305176, 230.046218872, -619.565612793, 125.525466919, -273.524017334, 49.9011192322, -157.766036987, -132.596557617, -70.062171936], [1265.19628906, 1177.15466309, -322.074554443, 56.1556739807, 22.0229911804, -78.0769805908, 26.0164527893, -66.2489852905, 60.7840843201, -48.8768959045, 51.1632385254, -74.6801147461, 57.8938522339], [-2130.15039062, -322.074554443, 912.135986328, -80.7410736084, 106.778190613, 107.1820755, -4.51991796494, 89.9846725464, -35.462387085, 23.2371120453, -35.1677894592, 41.4506835938, -67.5509719849], [272.289489746, 56.1556739807, -80.7410736084, 353.604492188, 9.22504901886, -99.341468811, 52.8241844177, -7.16647815704, 29.5015697479, -34.0774726868, -3.98010826111, 20.212644577, 16.6197052002], [-1057.00305176, 22.0229911804, 106.778190613, 9.22504901886, 295.758026123, 21.3314437866, 70.577331543, 21.2086544037, 9.38136386871, 26.8020057678, -14.3215284348, 21.9986343384, 7.5819478035], [230.046218872, -78.0769805908, 107.1820755, -99.341468811, 21.3314437866, 274.401702881, -6.65917205811, 42.9231948853, -27.5555992126, 31.7897663116, 14.0680561066, -33.3231391907, -8.69197177887], [-619.565612793, 26.0164527893, -4.51991796494, 52.8241844177, 70.577331543, -6.65917205811, 171.135986328, 14.6140003204, 29.8975906372, 10.7119035721, 6.03037548065, 13.8063926697, -7.06350469589], [125.525466919, -66.2489852905, 89.9846725464, -7.16647815704, 21.2086544037, 42.9231948853, 14.6140003204, 126.007667542, 18.7642974854, 14.8208169937, -9.12539100647, 15.4865207672, -13.5934972763], [-273.524017334, 60.7840843201, -35.462387085, 29.5015697479, 9.38136386871, -27.5555992126, 29.8975906372, 18.7642974854, 97.3432312012, 17.1193580627, 20.27368927, -4.16237211227, 10.8795585632], [49.9011192322, -48.8768959045, 23.2371120453, -34.0774726868, 26.8020057678, 31.7897663116, 10.7119035721, 14.8208169937, 17.1193580627, 88.2653579712, 15.8762397766, 9.65786647797, -6.9414896965], [-157.766036987, 51.1632385254, -35.1677894592, -3.98010826111, -14.3215284348, 14.0680561066, 6.03037548065, -9.12539100647, 20.27368927, 15.8762397766, 72.5968933105, 5.00942182541, 11.6004667282], [-132.596557617, -74.6801147461, 41.4506835938, 20.212644577, 21.9986343384, -33.3231391907, 13.8063926697, 15.4865207672, -4.16237211227, 9.65786647797, 5.00942182541, 74.6247711182, 10.4185152054], [-70.062171936, 57.8938522339, -67.5509719849, 16.6197052002, 7.5819478035, -8.69197177887, -7.06350469589, -13.5934972763, 10.8795585632, -6.9414896965, 11.6004667282, 10.4185152054, 69.0849075317]], "icov": [[0.000131971013616, -0.00020682477043, 0.000345035834471, -0.000233403436141, 0.000391108653275, -0.000316289049806, 0.000435584108345, -0.000377153570298, 0.000403994024964, -0.000473380001495, 0.000588923925534, -0.000376229552785, 0.000434953981312], [-0.00020682477043, 0.00145921879448, -0.000308513612254, 0.000383596227039, -0.000950126384851, 0.00083440070739, -0.000795698724687, 0.00066615419928, -0.0009166613454, 0.00131343689281, -0.001763036591, 0.00189806357957, -0.00128143152688], [0.000345035834471, -0.000308513612254, 0.00239898939617, -0.000447840400739, 0.000469610269647, -0.00127471319865, 0.0014424440451, -0.00148623646237, 0.00104664755054, -0.000909215421416, 0.00178430275992, -0.00185584521387, 0.00242911675014], [-0.000233403436141, 0.000383596227039, -0.000447840400739, 0.00389953353442, -0.000722457538359, 0.00145660561975, -0.00172710197512, 0.000556808488909, -0.00138496374711, 0.00210251822136, -0.000884239911102, 0.000103327802208, -0.00117638288066], [0.000391108653275, -0.000950126384851, 0.000469610269647, -0.000722457538359, 0.00549028813839, -0.00129200308584, -0.000418009585701, -0.00105938431807, 0.00120910978876, -0.00272574438713, 0.00332638132386, -0.00203545461409, 9.36688957154e-05], [-0.000316289049806, 0.00083440070739, -0.00127471319865, 0.00145660561975, -0.00129200308584, 0.00641230214387, -0.00151773286052, -0.00143373943865, 0.00171416567173, -0.000386617117329, -0.00370423961431, 0.00516233546659, -0.00257086055353], [0.000435584108345, -0.000795698724687, 0.0014424440451, -0.00172710197512, -0.000418009585701, -0.00151773286052, 0.00885729398578, -0.00131891097408, -0.00065909489058, -0.00148925592657, 0.00155338610057, -0.00271756737493, 0.00353861134499], [-0.000377153570298, 0.00066615419928, -0.00148623646237, 0.000556808488909, -0.00105938431807, -0.00143373943865, -0.00131891097408, 0.0115704480559, -0.00489899143577, 0.0013724330347, 0.000778123561759, -0.00241363677196, 0.000692499510478], [0.000403994024964, -0.0009166613454, 0.00104664755054, -0.00138496374711, 0.00120910978876, 0.00171416567173, -0.00065909489058, -0.00489899143577, 0.0158602967858, -0.00478084338829, -0.00205026706681, 0.0029921499081, -0.00149892759509], [-0.000473380001495, 0.00131343689281, -0.000909215421416, 0.00210251822136, -0.00272574438713, -0.000386617117329, -0.00148925592657, 0.0013724330347, -0.00478084338829, 0.0162474196404, -0.00470438506454, -0.00112617830746, 0.00073787686415], [0.000588923925534, -0.001763036591, 0.00178430275992, -0.000884239911102, 0.00332638132386, -0.00370423961431, 0.00155338610057, 0.000778123561759, -0.00205026706681, -0.00470438506454, 0.0203131567687, -0.00553197972476, 0.000786468794104], [-0.000376229552785, 0.00189806357957, -0.00185584521387, 0.000103327802208, -0.00203545461409, 0.00516233546659, -0.00271756737493, -0.00241363677196, 0.0029921499081, -0.00112617830746, -0.00553197972476, 0.0211394559592, -0.00653496803716], [0.000434953981312, -0.00128143152688, 0.00242911675014, -0.00117638288066, 9.36688957154e-05, -0.00257086055353, 0.00353861134499, 0.000692499510478, -0.00149892759509, 0.00073787686415, 0.000786468794104, -0.00653496803716, 0.0199760645628]], "mean": [-16.4692554474, 74.4527053833, -124.720306396, 36.4271087646, -67.9440841675, 11.796377182, -39.7871170044, 10.6554660797, -20.452589035, 5.73052310944, -14.232131958, -0.784018456936, -9.30361747742]}, "hfc": {"dmean": 8.04506397247, "dmean2": 11.9339828491, "dvar": 180.736434937, "dvar2": 404.999450684, "max": 217.946456909, "mean": 22.0374622345, "median": 16.3331336975, "min": 1.16239151915e-16, "var": 444.215759277}, "melbands": {"dmean": [0.000233505197684, 0.000309523951728, 0.000164578668773, 0.0002918257087, 0.00016300585412, 0.000148335951963, 0.000254178099567, 0.000182896925253, 0.000126463593915, 0.000101475328847, 8.08798795333e-05, 9.03351101442e-05, 5.29038989043e-05, 3.38408171956e-05, 4.09096101066e-05, 2.87929815386e-05, 3.49973342963e-05, 6.10673159827e-05, 3.77935066354e-05, 1.5178961803e-05, 1.68441729329e-05, 2.12404720514e-05, 1.07714940896e-05, 1.20985769172e-05, 1.08641215775e-05, 6.39340760245e-06, 6.03373746344e-06, 7.46369278204e-06, 6.37430684947e-06, 4.3146610551e-06, 4.09634731113e-06, 3.91740422856e-06, 2.3190950742e-06, 1.86215618214e-06, 1.55154998538e-06, 1.29595605358e-06, 1.1808626823e-06, 1.05030585473e-06, 8.50424385135e-07, 6.31642080862e-07], "dmean2": [0.000374385272153, 0.000506375392433, 0.000275629892712, 0.000463128177216, 0.000260573258856, 0.000243587055593, 0.000409193802625, 0.000301245047012, 0.000206447497476, 0.000164600292919, 0.000130925312988, 0.000144262143294, 8.36154213175e-05, 5.47370655113e-05, 6.7960449087e-05, 4.60726187157e-05, 5.6690783822e-05, 9.87483435892e-05, 6.02164982411e-05, 2.42485348281e-05, 2.7099142244e-05, 3.31697046931e-05, 1.74504384631e-05, 1.99741189135e-05, 1.76007561095e-05, 1.02737812995e-05, 9.7688734968e-06, 1.17753997984e-05, 1.00208408185e-05, 6.91932382324e-06, 6.57545569993e-06, 6.32035062154e-06, 3.55652650796e-06, 2.93893822345e-06, 2.4825278615e-06, 1.99248643185e-06, 1.84727696251e-06, 1.61128764375e-06, 1.28682188461e-06, 9.70028281699e-07], "dvar": [1.92563192059e-07, 2.83036996507e-07, 1.29469668764e-07, 2.84177104959e-07, 9.28347105855e-08, 7.17704651265e-08, 1.85703100897e-07, 1.88497779163e-07, 7.00340621052e-08, 6.49869420499e-08, 3.98720310102e-08, 5.72798199983e-08, 3.72126400805e-08, 5.87520432305e-09, 5.79223913277e-09, 3.40737904558e-09, 6.85767442832e-09, 2.9880030894e-08, 1.09504068035e-08, 1.42916400936e-09, 1.00782460155e-09, 1.75474035302e-09, 3.53824275434e-10, 4.84236151177e-10, 4.32227892366e-10, 1.31092067757e-10, 1.07941745819e-10, 1.70171987612e-10, 1.66514052546e-10, 1.05287868701e-10, 1.02010337677e-10, 7.33389321494e-11, 2.89427058708e-11, 1.54292013194e-11, 1.31560838612e-11, 5.37144590959e-12, 6.48666450415e-12, 5.48708214282e-12, 3.48982865175e-12, 1.86926190672e-12], "dvar2": [4.78932406622e-07, 7.38123958399e-07, 3.57935221018e-07, 6.7333911602e-07, 2.44166216135e-07, 1.96087214022e-07, 4.79760728922e-07, 4.83770293158e-07, 1.79238000442e-07, 1.70060005189e-07, 9.06145558588e-08, 1.37118121302e-07, 8.50071870673e-08, 1.41953027111e-08, 1.50473375982e-08, 8.32695867814e-09, 1.6268566938e-08, 7.53009743448e-08, 2.5727050712e-08, 3.54100548883e-09, 2.33143460093e-09, 3.87886522901e-09, 8.34567359664e-10, 1.25339882917e-09, 1.06858921711e-09, 3.20264648135e-10, 2.65222149798e-10, 4.06891409455e-10, 4.04983602209e-10, 2.60059918045e-10, 2.61896559994e-10, 1.83521864372e-10, 6.58999174674e-11, 3.58878170237e-11, 3.47520068278e-11, 1.26232115039e-11, 1.58813916878e-11, 1.22957139262e-11, 7.40250222231e-12, 4.0012676332e-12], "max": [0.00594293745235, 0.0070114065893, 0.010769884102, 0.0116871073842, 0.00772700691596, 0.00447146780789, 0.00807581469417, 0.00812036264688, 0.00747563596815, 0.00846068561077, 0.00917884428054, 0.00747890584171, 0.00628151185811, 0.00199772021733, 0.00142070197035, 0.00131670944393, 0.00286981952377, 0.00385777861811, 0.00258289603516, 0.00096265017055, 0.00140994240064, 0.0013206009753, 0.000463476520963, 0.000432511995314, 0.00051899580285, 0.000212955972529, 0.000181266761501, 0.000373327668058, 0.000321952888044, 0.000238933658693, 0.000228666656767, 0.000232312420849, 0.000162331853062, 8.62218657858e-05, 0.000110831562779, 5.26359326614e-05, 0.000100926532468, 0.000102353551483, 7.50151230022e-05, 3.35795521096e-05], "mean": [0.00036161346361, 0.000525191193447, 0.00028501386987, 0.000487150799017, 0.000293103425065, 0.000252813711995, 0.00042862968985, 0.000271195138339, 0.000188957288628, 0.000154305933393, 0.000118958188978, 0.000132577435579, 7.70971309976e-05, 4.89596241096e-05, 5.91603820794e-05, 4.44646502729e-05, 5.20982066519e-05, 9.35084026423e-05, 5.48213429283e-05, 2.3384916858e-05, 2.83911140286e-05, 3.68412911484e-05, 1.95654411073e-05, 2.02362552955e-05, 1.85789904208e-05, 1.12727011583e-05, 1.13364494609e-05, 1.42208091347e-05, 1.10963965199e-05, 6.92466846886e-06, 6.9087132033e-06, 6.75673663864e-06, 4.22930861532e-06, 3.23987046613e-06, 2.78343463833e-06, 2.37184303842e-06, 1.99409964807e-06, 1.73282728611e-06, 1.33045318762e-06, 8.90176522717e-07], "median": [0.000202494833502, 0.000327790650772, 0.000186517587281, 0.000237666390603, 0.000154195367941, 0.000133137742523, 0.000217236753087, 0.000109112523205, 8.89641378308e-05, 6.36741315247e-05, 4.31938387919e-05, 4.66576784675e-05, 2.10628495552e-05, 1.58344628289e-05, 2.32444472203e-05, 1.74556535057e-05, 1.59889987117e-05, 2.07072589546e-05, 1.44113391798e-05, 9.62507147051e-06, 1.41748651004e-05, 1.52022639668e-05, 1.08080648715e-05, 1.16418977996e-05, 9.39084657148e-06, 5.68062205275e-06, 5.81239464736e-06, 6.91298100719e-06, 5.43573696632e-06, 2.70138934866e-06, 2.4714133815e-06, 2.42172836806e-06, 1.59846536008e-06, 1.25357632896e-06, 1.08803521925e-06, 1.03334798496e-06, 7.50595972931e-07, 6.6947347932e-07, 4.88208286242e-07, 3.0314620858e-07], "min": [1.31906709917e-23, 1.84475059577e-23, 8.78021277945e-24, 1.33247678792e-23, 1.86666625612e-23, 1.76573197662e-23, 1.04786634405e-23, 5.09871253075e-24, 7.52687609526e-24, 8.06986956671e-24, 4.88219585025e-24, 5.14521943099e-24, 9.75367660282e-24, 1.00158884457e-23, 7.16612684786e-24, 1.09928035355e-23, 1.80592017989e-23, 1.72189576497e-23, 1.60312265827e-23, 1.12079898021e-23, 1.4672620355e-23, 8.6873599066e-24, 1.30275432339e-23, 1.47009120626e-23, 9.18662839579e-24, 4.14412102125e-24, 3.31743463005e-24, 4.94227155249e-24, 8.50073119364e-24, 1.10393368626e-23, 8.83635443235e-24, 8.23517221395e-24, 1.58738283218e-23, 1.28846797351e-23, 7.77959241941e-24, 1.03859785951e-23, 1.06490061201e-23, 1.03971528098e-23, 1.1477727378e-23, 1.01355523341e-23], "var": [2.89488184535e-07, 4.14244084368e-07, 1.51242105062e-07, 5.49334686184e-07, 1.7188244783e-07, 1.24223149101e-07, 3.53248196916e-07, 3.15529320005e-07, 1.14643960103e-07, 1.15555899072e-07, 7.25036954918e-08, 1.02008755221e-07, 7.1349376185e-08, 1.02021475712e-08, 8.82692319237e-09, 6.35483310418e-09, 1.43423237731e-08, 5.29659445192e-08, 1.68934075617e-08, 2.18550222364e-09, 1.78723402744e-09, 4.04011668564e-09, 7.30709603936e-10, 7.30900506785e-10, 7.61356866441e-10, 2.44194886534e-10, 2.38631309157e-10, 4.06369909944e-10, 3.03837566218e-10, 1.51819140592e-10, 1.52408238807e-10, 1.28718979919e-10, 5.78047922029e-11, 2.82984503885e-11, 2.05087752336e-11, 1.13609390992e-11, 1.11341925263e-11, 9.46055300072e-12, 6.21675237331e-12, 3.1321447172e-12]}, "melbands_crest": {"dmean": 3.18571186066, "dmean2": 5.20644378662, "dvar": 8.70720481873, "dvar2": 21.6560077667, "max": 39.8603172302, "mean": 11.5424518585, "median": 10.225276947, "min": 1.73406028748, "var": 29.7420539856}, "melbands_flatness_db": {"dmean": 0.0261103995144, "dmean2": 0.0386992879212, "dvar": 0.000820584886242, "dvar2": 0.00172013265546, "max": 0.493275105953, "mean": 0.142371490598, "median": 0.13457159698, "min": 0.0059074270539, "var": 0.00303947576322}, "melbands_kurtosis": {"dmean": 5.26464033127, "dmean2": 7.91386556625, "dvar": 515.450073242, "dvar2": 698.522583008, "max": 2627.59057617, "mean": 10.255900383, "median": 4.13883543015, "min": -1.87197935581, "var": 4604.53320312}, "melbands_skewness": {"dmean": 0.599492251873, "dmean2": 0.922803759575, "dvar": 0.54262560606, "dvar2": 1.17221844196, "max": 45.4306411743, "mean": 2.11302852631, "median": 1.86119496822, "min": -3.81791591644, "var": 3.56973958015}, "melbands_spread": {"dmean": 9.81784057617, "dmean2": 15.0160217285, "dvar": 140.363540649, "dvar2": 304.970092773, "max": 272.252655029, "mean": 36.1013565063, "median": 33.1303482056, "min": 0.218052387238, "var": 460.404754639}, "mfcc": {"cov": [[13265.4462891, 896.065124512, -546.729309082, 47.4211921692, -283.252563477, -55.4368667603, -187.54548645, -54.7108612061, -89.8750915527, 35.9130172729, -91.1212997437, -11.9282712936, -83.7547302246], [896.065124512, 1112.36853027, -95.322265625, 60.1870002747, 40.0477256775, 18.1452522278, -0.505073845387, -15.5121707916, 4.54548311234, 30.8637065887, 8.97538948059, -12.5994329453, -7.44553184509], [-546.729309082, -95.322265625, 594.012329102, -97.1221160889, 75.1856994629, -9.28028678894, 31.2986755371, 28.2717781067, -10.1240291595, 6.8064160347, 4.65036487579, 25.9096603394, -4.37044429779], [47.4211921692, 60.1870002747, -97.1221160889, 478.792541504, -33.4238243103, -26.1345596313, -52.7465744019, 36.0625991821, 42.3696632385, -73.8720245361, 17.7293357849, 24.5347576141, 15.3640289307], [-283.252563477, 40.0477256775, 75.1856994629, -33.4238243103, 198.31388855, 25.6763381958, 38.7975921631, 8.19239044189, 24.5373001099, 17.4924030304, -16.7636184692, 8.44284057617, 5.65400505066], [-55.4368667603, 18.1452522278, -9.28028678894, -26.1345596313, 25.6763381958, 131.720581055, 60.4464836121, -3.36141371727, 5.83724689484, 20.8109798431, 13.8314876556, -14.3668336868, -3.05678391457], [-187.54548645, -0.505073845387, 31.2986755371, -52.7465744019, 38.7975921631, 60.4464836121, 129.278121948, 32.7439918518, 11.8236751556, 23.8391723633, 12.8252601624, -4.13671445847, 4.02464437485], [-54.7108612061, -15.5121707916, 28.2717781067, 36.0625991821, 8.19239044189, -3.36141371727, 32.7439918518, 96.1439971924, 30.9191150665, 2.41319704056, 9.50365543365, 12.8372344971, 11.3480386734], [-89.8750915527, 4.54548311234, -10.1240291595, 42.3696632385, 24.5373001099, 5.83724689484, 11.8236751556, 30.9191150665, 84.4828948975, 19.3369503021, 7.64624404907, 6.92189359665, 11.0252485275], [35.9130172729, 30.8637065887, 6.8064160347, -73.8720245361, 17.4924030304, 20.8109798431, 23.8391723633, 2.41319704056, 19.3369503021, 100.194007874, 21.8831748962, -7.19792175293, -2.32088279724], [-91.1212997437, 8.97538948059, 4.65036487579, 17.7293357849, -16.7636184692, 13.8314876556, 12.8252601624, 9.50365543365, 7.64624404907, 21.8831748962, 69.0799331665, 23.3282871246, 6.94388771057], [-11.9282712936, -12.5994329453, 25.9096603394, 24.5347576141, 8.44284057617, -14.3668336868, -4.13671445847, 12.8372344971, 6.92189359665, -7.19792175293, 23.3282871246, 72.7424621582, 25.9548110962], [-83.7547302246, -7.44553184509, -4.37044429779, 15.3640289307, 5.65400505066, -3.05678391457, 4.02464437485, 11.3480386734, 11.0252485275, -2.32088279724, 6.94388771057, 25.9548110962, 57.0634841919]], "icov": [[8.97312929737e-05, -7.19946547179e-05, 6.22025836492e-05, 5.26503390574e-06, 0.000132333836518, -4.22621451435e-05, 9.58415330388e-05, -6.60246078041e-05, 8.13264778117e-05, -0.000120123506349, 0.000226774587645, -0.000173171443748, 0.000147221289808], [-7.19946547179e-05, 0.0010071065044, 0.000102444886579, -0.000205969394301, -0.000401751633035, 9.89647196548e-06, -5.64890069654e-05, 0.000188778372831, 0.000117648683954, -0.000304351153318, -0.00030069303466, 0.000272257399047, -2.65360577032e-05], [6.22025836492e-05, 0.000102444886579, 0.00199955538847, 0.000391949142795, -0.000690934481099, 0.00029176150565, -7.39827373764e-05, -0.000718759896699, 0.000530405726749, 8.8336157205e-05, -0.000169979393831, -0.000778937130235, 0.000660612655338], [5.26503390574e-06, -0.000205969394301, 0.000391949142795, 0.00303317513317, 9.13268886507e-05, -0.000182281015441, 0.00129365012981, -0.00109591672663, -0.00171561096795, 0.00264579406939, -0.00141831312794, -7.9281599028e-05, -5.01712747791e-05], [0.000132333836518, -0.000401751633035, -0.000690934481099, 9.13268886507e-05, 0.00663177017123, -0.000905477965716, -0.00137425016146, 0.00056345568737, -0.00177437684033, -0.00101025821641, 0.00340716680512, -0.00203892611898, 0.000158096590894], [-4.22621451435e-05, 9.89647196548e-06, 0.00029176150565, -0.000182281015441, -0.000905477965716, 0.010687510483, -0.00509209837765, 0.00221752631478, -0.000386942265322, -0.00028881963226, -0.00237965397537, 0.00229437835515, -9.99284166028e-05], [9.58415330388e-05, -5.64890069654e-05, -7.39827373764e-05, 0.00129365012981, -0.00137425016146, -0.00509209837765, 0.0126515654847, -0.00482263788581, 0.000412641296862, -0.000387570355088, -0.00135703152046, 0.000903286156245, -0.000631734030321], [-6.60246078041e-05, 0.000188778372831, -0.000718759896699, -0.00109591672663, 0.00056345568737, 0.00221752631478, -0.00482263788581, 0.0143477711827, -0.00433996412903, 0.000285668007564, -0.000385193445254, -0.000867950206157, -0.000990658998489], [8.13264778117e-05, 0.000117648683954, 0.000530405726749, -0.00171561096795, -0.00177437684033, -0.000386942265322, 0.000412641296862, -0.00433996412903, 0.0160645376891, -0.00421583512798, 0.000440258620074, -0.00016376755957, -0.00162807118613], [-0.000120123506349, -0.000304351153318, 8.8336157205e-05, 0.00264579406939, -0.00101025821641, -0.00028881963226, -0.000387570355088, 0.000285668007564, -0.00421583512798, 0.0147331915796, -0.00610747514293, 0.0028037331067, 1.52488055392e-05], [0.000226774587645, -0.00030069303466, -0.000169979393831, -0.00141831312794, 0.00340716680512, -0.00237965397537, -0.00135703152046, -0.000385193445254, 0.000440258620074, -0.00610747514293, 0.0213574748486, -0.0082746334374, 0.00120096455794], [-0.000173171443748, 0.000272257399047, -0.000778937130235, -7.9281599028e-05, -0.00203892611898, 0.00229437835515, 0.000903286156245, -0.000867950206157, -0.00016376755957, 0.0028037331067, -0.0082746334374, 0.0208147186786, -0.0081379301846], [0.000147221289808, -2.65360577032e-05, 0.000660612655338, -5.01712747791e-05, 0.000158096590894, -9.99284166028e-05, -0.000631734030321, -0.000990658998489, -0.00162807118613, 1.52488055392e-05, 0.00120096455794, -0.0081379301846, 0.0218921173364]], "mean": [-644.551696777, 98.3515090942, -1.889559865, 20.7065505981, -2.78151011467, 0.176214978099, -5.34065246582, -0.568925976753, -0.8881726861, 3.02998995781, 0.220867708325, 1.80510723591, -2.12639665604]}, "pitch_salience": {"dmean": 0.0699215531349, "dmean2": 0.112952068448, "dvar": 0.00416390644386, "dvar2": 0.0101798120886, "max": 0.87909591198, "mean": 0.61531662941, "median": 0.630111634731, "min": 0.0100054340437, "var": 0.0133200706914}, "silence_rate_20dB": {"dmean": 0, "dmean2": 0, "dvar": 0, "dvar2": 0, "max": 1, "mean": 1, "median": 1, "min": 1, "var": 0}, "silence_rate_30dB": {"dmean": 0, "dmean2": 0, "dvar": 0, "dvar2": 0, "max": 1, "mean": 1, "median": 1, "min": 1, "var": 0}, "silence_rate_60dB": {"dmean": 0.0128830764443, "dmean2": 0.0257686674595, "dvar": 0.0127171026543, "dvar2": 0.0282281190157, "max": 1, "mean": 0.087537817657, "median": 0, "min": 0, "var": 0.0798749476671}, "spectral_centroid": {"dmean": 290.498748779, "dmean2": 440.209075928, "dvar": 104572.257812, "dvar2": 217156.328125, "max": 11306.8310547, "mean": 1786.23852539, "median": 1739.45458984, "min": 204.989746094, "var": 510785.125}, "spectral_complexity": {"dmean": 4.48526239395, "dmean2": 6.6038069725, "dvar": 30.4746513367, "dvar2": 56.4926147461, "max": 65, "mean": 22.2472915649, "median": 21, "min": 0, "var": 172.112167358}, "spectral_contrast_coeffs": {"dmean": [0.049937993288, 0.045568767935, 0.0386855527759, 0.0308308992535, 0.0208411347121, 0.0202868357301], "dmean2": [0.080850109458, 0.0741880387068, 0.0630376338959, 0.049544904381, 0.0336653999984, 0.0301826540381], "dvar": [0.0017686674837, 0.00135780731216, 0.000976910931058, 0.000645235762931, 0.00031575767207, 0.000398935051635], "dvar2": [0.00461789174005, 0.00360669544898, 0.0025323969312, 0.00159596616868, 0.000754328968469, 0.00078284216579], "max": [-0.280101001263, -0.451022714376, -0.508129179478, -0.55931776762, -0.58899730444, -0.556351482868], "mean": [-0.667320907116, -0.750871956348, -0.783669054508, -0.789366006851, -0.800071835518, -0.762466013432], "median": [-0.669153988361, -0.752612173557, -0.788240790367, -0.796627402306, -0.800817847252, -0.76674669981], "min": [-0.954980134964, -0.967066466808, -0.964729964733, -0.959360539913, -0.96177226305, -0.956779837608], "var": [0.00717034284025, 0.00476606376469, 0.0037741845008, 0.00342486891896, 0.00183269882109, 0.00321338744834]}, "spectral_contrast_valleys": {"dmean": [0.355217725039, 0.365968346596, 0.370437145233, 0.337694376707, 0.295092731714, 0.376125484705], "dmean2": [0.580425083637, 0.59625095129, 0.574812650681, 0.504127144814, 0.423292666674, 0.473898410797], "dvar": [0.102786898613, 0.12704372406, 0.139878183603, 0.131784960628, 0.137872830033, 0.200501337647], "dvar2": [0.241126835346, 0.293086886406, 0.287894636393, 0.248944729567, 0.251273781061, 0.367811053991], "max": [-5.82213497162, -4.15472364426, -5.0825510025, -5.45649337769, -5.32544946671, -7.63057327271], "mean": [-7.71651983261, -6.7720489502, -7.4433965683, -7.75676202774, -7.43288564682, -9.95660114288], "median": [-7.36780166626, -6.47322845459, -7.16975975037, -7.46550750732, -7.09913682938, -9.65706157684], "min": [-27.1538238525, -27.2890777588, -27.322933197, -27.3358306885, -27.0914020538, -27.3203315735], "var": [2.12709188461, 2.43315625191, 2.45743918419, 2.40313196182, 2.33437728882, 2.17346262932]}, "spectral_decrease": {"dmean": 1.28454280546e-09, "dmean2": 1.99985028537e-09, "dvar": 3.39394169884e-18, "dvar2": 8.20363072662e-18, "max": -1.97623222527e-29, "mean": -4.14935374948e-09, "median": -3.42560180222e-09, "min": -2.66742059551e-08, "var": 1.01522027248e-17}, "spectral_energy": {"dmean": 0.00542925903574, "dmean2": 0.00838903710246, "dvar": 6.30205249763e-05, "dvar2": 0.000150049236254, "max": 0.11379236728, "mean": 0.0176594872028, "median": 0.0144340237603, "min": 1.06178212053e-20, "var": 0.000186324541573}, "spectral_energyband_high": {"dmean": 0.000608893111348, "dmean2": 0.00089712330373, "dvar": 1.38672112371e-06, "dvar2": 3.16768546327e-06, "max": 0.0229344144464, "mean": 0.00129328516778, "median": 0.000699947937392, "min": 7.62816590491e-21, "var": 2.90151547233e-06}, "spectral_energyband_low": {"dmean": 0.00134447717573, "dmean2": 0.00218193070032, "dvar": 4.71910607303e-06, "dvar2": 1.20653230624e-05, "max": 0.0369485318661, "mean": 0.00260806479491, "median": 0.00181659171358, "min": 9.87110107292e-23, "var": 8.19462457002e-06}, "spectral_energyband_middle_high": {"dmean": 0.00236811162904, "dmean2": 0.00362474797294, "dvar": 1.60997878993e-05, "dvar2": 3.57857170457e-05, "max": 0.0560624822974, "mean": 0.00581969739869, "median": 0.00336505868472, "min": 1.52498793568e-21, "var": 4.68951220682e-05}, "spectral_energyband_middle_low": {"dmean": 0.00324709247798, "dmean2": 0.00521304551512, "dvar": 2.54977585428e-05, "dvar2": 6.79266449879e-05, "max": 0.0788420289755, "mean": 0.00830310117453, "median": 0.00640001194552, "min": 3.21983537046e-22, "var": 5.95425844949e-05}, "spectral_entropy": {"dmean": 0.156630307436, "dmean2": 0.21916615963, "dvar": 0.0318047367036, "dvar2": 0.0588104911149, "max": 9.79176712036, "mean": 7.85703992844, "median": 7.87877988815, "min": 5.55487298965, "var": 0.119987890124}, "spectral_flux": {"dmean": 0.0173336286098, "dmean2": 0.0262594819069, "dvar": 0.000442658871179, "dvar2": 0.000901721825358, "max": 0.29495921731, "mean": 0.0710694119334, "median": 0.0665442422032, "min": 1.03042810395e-10, "var": 0.00151768431533}, "spectral_kurtosis": {"dmean": 1.02104949951, "dmean2": 1.66080856323, "dvar": 2.09980893135, "dvar2": 5.19117450714, "max": 39.3013763428, "mean": 3.08281373978, "median": 2.76376032829, "min": -1.44639384747, "var": 4.08839321136}, "spectral_rms": {"dmean": 0.000580278632697, "dmean2": 0.000878760998603, "dvar": 4.79744244331e-07, "dvar2": 1.06677293843e-06, "max": 0.0105364583433, "mean": 0.00380495563149, "median": 0.00375259574503, "min": 3.21851659907e-12, "var": 2.75107936432e-06}, "spectral_rolloff": {"dmean": 779.86932373, "dmean2": 1299.58190918, "dvar": 2224159.75, "dvar2": 4753018, "max": 18733.8867188, "mean": 2423.59594727, "median": 1959.52148438, "min": 21.533203125, "var": 3824135.75}, "spectral_skewness": {"dmean": 0.180472627282, "dmean2": 0.275824159384, "dvar": 0.0425108000636, "dvar2": 0.0924661830068, "max": 5.10942077637, "mean": 1.28192257881, "median": 1.26682806015, "min": -0.158320218325, "var": 0.173728257418}, "spectral_spread": {"dmean": 619710.3125, "dmean2": 873332.3125, "dvar": 666444955648, "dvar2": 1169837391870.0, "max": 41295512, "mean": 5003957.5, "median": 4632991, "min": 1554173.75, "var": 3193026904060.0}, "