{"lowlevel": {"average_loudness": 0.857980787754, "barkbands": {"dmean": [4.62735079054e-05, 0.000560653686989, 0.00113571807742, 0.00052836118266, 0.00138735072687, 0.000637923483737, 0.000442752119852, 0.000203942036023, 0.000136244154419, 0.000162251031725, 0.000128719242639, 0.000114700764243, 0.000137252631248, 6.44814281259e-05, 8.57225604705e-05, 5.83289001952e-05, 9.81335251709e-05, 9.90265180008e-05, 0.00019245436124, 0.000302686414216, 0.00023147246975, 0.00010735419346, 6.45066029392e-05, 0.000114822374599, 0.000109455817437, 1.93330834009e-05, 8.39961444399e-07], "dmean2": [7.04527556081e-05, 0.000792206614278, 0.00173109665047, 0.000873162527569, 0.00226205587387, 0.000976046663709, 0.000682011072058, 0.000310060742777, 0.000199152040295, 0.000229314013268, 0.000192873150809, 0.00017284436035, 0.000192794861505, 9.96784874587e-05, 0.000132021275931, 9.0577537776e-05, 0.000144562742207, 0.000143396566273, 0.000275511847576, 0.000436782167526, 0.000331288174493, 0.000148641498527, 9.26483480725e-05, 0.000163101693033, 0.000155735309818, 2.72969646176e-05, 1.33097739763e-06], "dvar": [1.9396461326e-08, 1.21623418181e-06, 3.12991596729e-06, 8.54834695474e-07, 5.1079291552e-06, 1.68558131008e-06, 1.12211171199e-06, 5.4122790516e-07, 6.11189932442e-07, 3.27004187284e-07, 5.32829005806e-07, 3.14156437753e-07, 3.98406314162e-07, 3.14019601433e-08, 1.02076704422e-07, 5.51105472368e-08, 9.15447628813e-08, 8.34417193118e-08, 4.15410312371e-07, 8.97168774827e-07, 5.28136695266e-07, 1.28036560909e-07, 6.2375548282e-08, 2.40145908492e-07, 1.69867277577e-07, 6.15618178657e-09, 8.24475990951e-12], "dvar2": [3.71200634675e-08, 2.63926176558e-06, 6.68736402076e-06, 2.32133447753e-06, 1.34280880957e-05, 3.74892829313e-06, 2.1349724193e-06, 9.90550006463e-07, 8.93266133062e-07, 5.82468828725e-07, 1.09092957246e-06, 7.37940808904e-07, 6.86609610057e-07, 7.00399880316e-08, 2.28589996709e-07, 1.22991551166e-07, 1.62820057881e-07, 1.48869332861e-07, 7.86378848261e-07, 1.72355623818e-06, 9.6167650554e-07, 2.21789548505e-07, 1.38856009357e-07, 5.35084211606e-07, 3.25852340666e-07, 1.29885382449e-08, 1.94569239192e-11], "max": [0.00996915623546, 0.037432115525, 0.0403768606484, 0.0178520381451, 0.0251466445625, 0.0330336280167, 0.0404993519187, 0.0195872224867, 0.0316916815937, 0.022386495024, 0.0368184410036, 0.0203074011952, 0.0248714145273, 0.00411721691489, 0.0142959831282, 0.0090896980837, 0.0122569631785, 0.00882025808096, 0.0258012153208, 0.0215946361423, 0.0192237775773, 0.0102588599548, 0.0118798986077, 0.0306457560509, 0.0130339330062, 0.00380491674878, 7.30194151402e-05], "mean": [7.46899750084e-05, 0.00164760032203, 0.00247677136213, 0.000835435464978, 0.00199759402312, 0.00131440919358, 0.000808723038062, 0.000398789998144, 0.000224553616135, 0.00029222574085, 0.000198154724785, 0.000176506946445, 0.000242629073909, 0.000102323756437, 0.000161945383297, 8.54656318552e-05, 0.000164154669619, 0.000184862597962, 0.000368319830159, 0.000587033340707, 0.000441395590315, 0.000193266620045, 0.000112632624223, 0.000206374883419, 0.000184764881851, 3.08036142087e-05, 1.11650240342e-06], "median": [2.93590055662e-05, 0.00052940659225, 0.00106791546568, 0.0004496811016, 0.00103336991742, 0.000480398361105, 0.000287474074867, 8.96440687939e-05, 3.85036801163e-05, 4.50655279565e-05, 2.44187394856e-05, 3.81936151825e-05, 2.23289025598e-05, 2.79736777884e-05, 2.27317104873e-05, 2.14923093154e-05, 3.23775857396e-05, 2.76298633253e-05, 3.58503311872e-05, 7.51206389396e-05, 6.66328123771e-05, 3.61256679753e-05, 2.51312849286e-05, 4.13554007537e-05, 3.48934045178e-05, 7.17160128261e-06, 3.10689529215e-07], "min": [1.90257883329e-23, 2.48458273868e-23, 9.58443990624e-24, 1.53243235924e-23, 8.56802339544e-23, 4.92174988824e-23, 6.27274802581e-23, 6.8078670877e-23, 4.40874165089e-23, 7.06600257073e-23, 6.07612034311e-23, 7.5671949339e-23, 1.00294349229e-22, 2.25625830926e-22, 2.28218217187e-22, 7.76359100704e-23, 2.00952912383e-22, 3.16871541675e-22, 3.41307322319e-22, 3.3981674124e-22, 4.27248378932e-22, 6.74737294209e-22, 6.46085209799e-22, 8.79694969418e-22, 1.05265265978e-21, 1.65118700028e-21, 2.44532845205e-21], "var": [3.97276345154e-08, 6.41930409984e-06, 1.19357700896e-05, 1.33257867674e-06, 7.17113789506e-06, 5.83699238632e-06, 3.78649497179e-06, 1.73812179582e-06, 1.49460186094e-06, 1.21159621358e-06, 1.45157468978e-06, 5.0178920219e-07, 1.49459583554e-06, 6.26246006163e-08, 2.50058690199e-07, 7.81584290621e-08, 2.20446906951e-07, 2.57585071495e-07, 1.13379985578e-06, 2.6716170396e-06, 1.79909420694e-06, 3.23131843061e-07, 1.35315914918e-07, 4.73485613384e-07, 4.18550882841e-07, 1.01420232212e-08, 1.30414004249e-11]}, "barkbands_crest": {"dmean": 2.4412355423, "dmean2": 3.94405674934, "dvar": 5.16381549835, "dvar2": 13.0951004028, "max": 25.4455490112, "mean": 10.1698894501, "median": 9.7422170639, "min": 2.86215758324, "var": 14.0900344849}, "barkbands_flatness_db": {"dmean": 0.0222696792334, "dmean2": 0.0323848612607, "dvar": 0.000460144306999, "dvar2": 0.000918654433917, "max": 0.442600786686, "mean": 0.14567553997, "median": 0.133167177439, "min": 0.0300127137452, "var": 0.00378091051243}, "barkbands_kurtosis": {"dmean": 6.9067735672, "dmean2": 10.1277303696, "dvar": 297.763031006, "dvar2": 595.285888672, "max": 492.676116943, "mean": 14.4828100204, "median": 5.41700744629, "min": -1.95098078251, "var": 1331.41357422}, "barkbands_skewness": {"dmean": 0.734949231148, "dmean2": 1.04998922348, "dvar": 0.723396837711, "dvar2": 1.34420871735, "max": 17.9049720764, "mean": 2.41743421555, "median": 2.24796247482, "min": -8.58696460724, "var": 5.70994853973}, "barkbands_spread": {"dmean": 7.53450775146, "dmean2": 11.1456384659, "dvar": 92.6203384399, "dvar2": 188.665893555, "max": 118.032081604, "mean": 24.5154762268, "median": 19.9792671204, "min": 0.506132900715, "var": 343.717834473}, "dissonance": {"dmean": 0.0176794230938, "dmean2": 0.0287418216467, "dvar": 0.000305814930471, "dvar2": 0.000787685625255, "max": 0.499999910593, "mean": 0.461623847485, "median": 0.469664573669, "min": 0.203828185797, "var": 0.000929875532165}, "dynamic_complexity": 4.28953123093, "erbbands": {"dmean": [0.00891255028546, 0.163239449263, 1.14670419693, 1.37513291836, 4.29037094116, 4.56784915924, 3.25918626785, 5.74566650391, 7.99262619019, 4.25508785248, 4.44673871994, 3.5269343853, 3.2129046917, 6.13735198975, 3.52729010582, 5.25886631012, 6.21981620789, 3.91133594513, 3.52613425255, 3.84947633743, 3.7227332592, 4.33396196365, 4.54314899445, 7.00473117828, 11.4725580215, 12.6609525681, 12.1132707596, 7.25789642334, 4.02472066879, 2.20471334457, 1.85056626797, 2.47995257378, 1.90301322937, 1.52756679058, 0.625851154327, 0.143421545625, 0.0267516486347, 0.00290360953659, 0.000123455974972, 8.61386251927e-06], "dmean2": [0.0141928847879, 0.227813482285, 1.69105350971, 2.21817278862, 6.87450408936, 7.70380878448, 5.04192399979, 8.87863349915, 12.2083148956, 6.58109617233, 6.48619222641, 5.08242082596, 4.76737451553, 8.7829580307, 5.09696340561, 7.56423711777, 8.35599803925, 5.91470479965, 5.28205871582, 5.88033151627, 5.53853654861, 6.4261097908, 6.39718818665, 9.76121902466, 16.4699230194, 18.1129493713, 16.6697921753, 10.2891988754, 5.58132410049, 3.10556149483, 2.65284013748, 3.54336023331, 2.69140720367, 2.21061515808, 0.86457490921, 0.198619142175, 0.0375374667346, 0.00425013247877, 0.000187284706044, 1.16784312922e-05], "dvar": [0.00142962811515, 0.0841906145215, 3.53415155411, 4.805809021, 48.8371543884, 66.4571151733, 54.6309585571, 172.770584106, 328.662109375, 119.600242615, 309.860534668, 473.845855713, 132.595001221, 731.37298584, 362.153564453, 478.871826172, 741.865905762, 133.239974976, 113.437026978, 325.350524902, 209.638671875, 145.760650635, 186.146499634, 408.367797852, 1675.82556152, 1565.05786133, 1646.56054688, 555.337402344, 173.358428955, 45.7632141113, 66.2537689209, 157.805297852, 45.7874069214, 29.6696300507, 7.21011304855, 0.333113610744, 0.0101726129651, 6.68385546305e-05, 1.88926904343e-07, 2.86554918683e-10], "dvar2": [0.00403152173385, 0.151570290327, 6.70398950577, 13.1695842743, 123.673301697, 179.130935669, 119.289772034, 388.518280029, 706.55682373, 225.485977173, 516.402282715, 691.688293457, 257.490142822, 1414.65222168, 678.96307373, 948.13848877, 1081.23913574, 291.172912598, 231.846725464, 754.550170898, 437.523925781, 267.873779297, 277.538146973, 730.837890625, 3126.08813477, 3003.15771484, 2922.62719727, 1008.7989502, 312.290161133, 91.2357788086, 156.340103149, 334.651092529, 104.812034607, 62.5051956177, 13.9046010971, 0.64064592123, 0.0223315060139, 0.000146085309098, 4.52629421943e-07, 5.39197353433e-10], "max": [2.252399683, 5.30382299423, 42.9145545959, 43.7769126892, 81.3837203979, 91.3915252686, 248.6434021, 403.360748291, 662.993041992, 380.807434082, 491.693115234, 900.885070801, 335.327758789, 1190.89074707, 1122.09570312, 884.20111084, 1354.34375, 245.995880127, 281.220550537, 905.851379395, 690.541503906, 377.824279785, 557.968383789, 526.115539551, 1868.45019531, 972.299438477, 1180.60168457, 712.957275391, 360.822570801, 262.88168335, 382.552215576, 820.655273438, 346.622467041, 149.08555603, 87.2697982788, 25.077413559, 4.84772205353, 0.171100527048, 0.0118673657998, 0.000421730976086], "mean": [0.0168379116803, 0.496525913477, 2.87020540237, 2.64359951019, 5.97364854813, 5.83789205551, 6.00212526321, 11.0695848465, 15.2878389359, 8.10175323486, 9.14800834656, 6.15038537979, 5.32674312592, 12.62038517, 5.87061786652, 8.87847805023, 11.6209850311, 6.65765619278, 7.23004865646, 6.56865882874, 6.36866664886, 8.03673458099, 9.30296897888, 14.6521034241, 22.7496967316, 27.0039558411, 24.4072151184, 13.4275665283, 7.29403781891, 3.99654841423, 3.24464535713, 4.37270450592, 3.29055643082, 2.4986333847, 1.03453850746, 0.226958200336, 0.0427295602858, 0.00484945066273, 0.000191528306459, 2.54449714703e-05], "median": [0.0103115029633, 0.145398467779, 0.92334985733, 1.85603117943, 2.79328012466, 2.65965747833, 2.15978431702, 3.61764001846, 4.87509250641, 3.26547813416, 2.05836415291, 1.18309950829, 1.27362084389, 1.23708128929, 1.34475743771, 2.08999443054, 1.32458376884, 1.80179381371, 1.22047483921, 1.33233726025, 1.55787014961, 1.82691717148, 1.62908983231, 1.63951992989, 2.32586789131, 3.42712664604, 3.28870773315, 2.20293474197, 1.34026539326, 1.05679881573, 0.671815156937, 0.786457538605, 0.691981196404, 0.49136993289, 0.17493134737, 0.0462760217488, 0.010922100395, 0.00145205343142, 6.02477084612e-05, 1.73871558218e-05], "min": [1.69170128079e-21, 1.85019684097e-21, 8.33594412695e-21, 4.59614764806e-20, 1.25184583326e-19, 2.97623151613e-19, 5.24477848196e-19, 3.39958617255e-19, 6.45004835986e-19, 1.28941224077e-18, 1.59188861614e-18, 9.1936399816e-19, 1.29032720593e-18, 2.1006371597e-18, 3.85706916367e-18, 2.53669865449e-18, 4.98420159636e-18, 1.24204883016e-17, 1.01453677314e-17, 8.32661345856e-18, 5.04301124278e-18, 1.24677227961e-17, 1.92716307502e-17, 1.80383061112e-17, 1.53124101576e-17, 1.51210915537e-17, 2.34903362466e-17, 1.25183785096e-17, 1.71997070975e-17, 2.44492668784e-17, 1.86911981144e-17, 1.97611843609e-17, 1.48823755007e-17, 1.02351069017e-17, 8.78469615562e-18, 5.53103787802e-18, 3.33599562898e-18, 1.39572738676e-18, 3.3431796926e-19, 3.50451222379e-20], "var": [0.00123079610057, 0.616496145725, 18.9344844818, 8.49114608765, 71.6908416748, 77.8392944336, 146.632827759, 530.541687012, 1007.19769287, 349.415771484, 1145.80053711, 1138.96252441, 255.02293396, 3342.93896484, 1009.44104004, 1049.50415039, 3423.24707031, 279.155090332, 427.282867432, 519.056762695, 375.738800049, 394.241088867, 643.498962402, 1454.44189453, 4733.34570312, 5280.06933594, 5989.40673828, 1500.89013672, 429.908416748, 121.195343018, 124.10534668, 327.854064941, 86.7258300781, 65.3048095703, 16.91223526, 0.625112354755, 0.0165029335767, 0.000134519359563, 3.03570232063e-07, 9.56242973693e-10]}, "erbbands_crest": {"dmean": 2.53266096115, "dmean2": 3.99562335014, "dvar": 5.81872844696, "dvar2": 13.7017259598, "max": 30.2799510956, "mean": 9.28344345093, "median": 8.3505449295, "min": 2.27124357224, "var": 18.673166275}, "erbbands_flatness_db": {"dmean": 0.0162717700005, "dmean2": 0.023102670908, "dvar": 0.000278273801086, "dvar2": 0.000507783901412, "max": 0.375857144594, "mean": 0.135410010815, "median": 0.12681722641, "min": 0.0348592922091, "var": 0.00191122828983}, "erbbands_kurtosis": {"dmean": 1.35921192169, "dmean2": 2.06261134148, "dvar": 7.30691480637, "dvar2": 15.3604288101, "max": 73.2585906982, "mean": 0.933524131775, "median": -0.368499517441, "min": -1.92774236202, "var": 19.991941452}, "erbbands_skewness": {"dmean": 0.451660186052, "dmean2": 0.647969841957, "dvar": 0.235615327954, "dvar2": 0.457523614168, "max": 7.42193937302, "mean": 0.372312784195, "median": 0.361456513405, "min": -5.6567492485, "var": 1.33791351318}, "erbbands_spread": {"dmean": 12.6963787079, "dmean2": 18.8705654144, "dvar": 203.938491821, "dvar2": 425.760101318, "max": 187.295013428, "mean": 58.5054588318, "median": 55.9585800171, "min": 2.17056560516, "var": 840.884399414}, "gfcc": {"cov": [[9422.46972656, -261.420349121, -1575.35864258, 514.55090332, -710.650512695, 27.5965900421, -364.297058105, -106.584320068, -391.812042236, -136.579864502, -159.016448975, -350.58392334, -184.666793823], [-261.420349121, 1388.8560791, 248.366241455, -137.938247681, 245.395248413, -86.9310150146, 0.892613708973, -143.760116577, 50.3646850586, -107.902587891, -94.4955978394, -71.9064483643, -57.6609916687], [-1575.35864258, 248.366241455, 1039.42541504, 116.274032593, 119.075317383, 63.2458343506, -36.7369117737, -19.3594322205, 81.8710250854, -32.5335922241, -61.1599502563, 35.9088630676, -24.7190303802], [514.55090332, -137.938247681, 116.274032593, 388.385772705, 31.822889328, -12.8971509933, -32.5097084045, 16.2351512909, 25.8773326874, -23.6973724365, -26.2234306335, -5.62258720398, -43.5285263062], [-710.650512695, 245.395248413, 119.075317383, 31.822889328, 366.886108398, 109.480957031, 53.5286636353, 14.8738994598, 80.0130081177, -9.01399326324, -29.7151260376, 9.64194297791, -20.4108390808], [27.5965900421, -86.9310150146, 63.2458343506, -12.8971509933, 109.480957031, 304.338989258, 38.475605011, -6.09994459152, 31.8398170471, 4.77385568619, -33.8020782471, -22.657125473, -22.7138881683], [-364.297058105, 0.892613708973, -36.7369117737, -32.5097084045, 53.5286636353, 38.475605011, 200.789642334, 51.4527359009, 9.30283355713, 31.2714366913, 36.5306854248, 4.17422914505, 31.0539989471], [-106.584320068, -143.760116577, -19.3594322205, 16.2351512909, 14.8738994598, -6.09994459152, 51.4527359009, 154.044509888, 43.7680702209, 15.3123950958, 26.9235515594, -0.420083492994, 14.2656087875], [-391.812042236, 50.3646850586, 81.8710250854, 25.8773326874, 80.0130081177, 31.8398170471, 9.30283355713, 43.7680702209, 156.178497314, 31.2985343933, -4.79775810242, 17.2063789368, -21.9352416992], [-136.579864502, -107.902587891, -32.5335922241, -23.6973724365, -9.01399326324, 4.77385568619, 31.2714366913, 15.3123950958, 31.2985343933, 101.050216675, 60.8974075317, 10.7438144684, 14.3784446716], [-159.016448975, -94.4955978394, -61.1599502563, -26.2234306335, -29.7151260376, -33.8020782471, 36.5306854248, 26.9235515594, -4.79775810242, 60.8974075317, 125.850128174, 37.8900794983, 28.8403892517], [-350.58392334, -71.9064483643, 35.9088630676, -5.62258720398, 9.64194297791, -22.657125473, 4.17422914505, -0.420083492994, 17.2063789368, 10.7438144684, 37.8900794983, 97.4040298462, 37.5652809143], [-184.666793823, -57.6609916687, -24.7190303802, -43.5285263062, -20.4108390808, -22.7138881683, 31.0539989471, 14.2656087875, -21.9352416992, 14.3784446716, 28.8403892517, 37.5652809143, 112.054138184]], "icov": [[0.000413866422605, -0.000468235084554, 0.000743445882108, -0.000996685470454, 0.000961565587204, -0.000826707517263, 0.000713614688721, -0.000617922982201, 0.00090481445659, -0.00053995748749, 0.00046652671881, 0.000137924900628, 0.000186513818335], [-0.000468235084554, 0.00222711474635, -0.00120892818086, 0.00206260569394, -0.0023458073847, 0.00230222893879, -0.00139612506609, 0.00282767065801, -0.00244837813079, 0.00285288644955, -0.00125168054365, 0.00206006062217, -0.000238592809183], [0.000743445882108, -0.00120892818086, 0.00252464739606, -0.00225418386981, 0.00182726699859, -0.00192639336456, 0.00153206381947, -0.00139569141902, 0.00149100355338, -0.00127230072394, 0.00138368760236, -0.000769274774939, 0.000336732831784], [-0.000996685470454, 0.00206260569394, -0.00225418386981, 0.00578990159556, -0.00317892152816, 0.00301663856953, -0.00172575854231, 0.00210699765012, -0.00303575117141, 0.00286713638343, -0.00133848947007, 0.000728011073079, 0.000551436620299], [0.000961565587204, -0.0023458073847, 0.00182726699859, -0.00317892152816, 0.00683734146878, -0.00390748959035, 0.00101948389784, -0.00276491022669, 0.00152458483353, -0.00203351536766, 0.00197367719375, -0.00187015137635, 0.000746959296521], [-0.000826707517263, 0.00230222893879, -0.00192639336456, 0.00301663856953, -0.00390748959035, 0.00675626564771, -0.0026191144716, 0.00329788774252, -0.00311482185498, 0.00208013574593, -0.000468548678327, 0.0021782622207, 4.65913872176e-05], [0.000713614688721, -0.00139612506609, 0.00153206381947, -0.00172575854231, 0.00101948389784, -0.0026191144716, 0.00793680734932, -0.00365727744065, 0.00267375470139, -0.00275413901545, -9.04105472728e-05, 9.23780971789e-05, -0.00108483934309], [-0.000617922982201, 0.00282767065801, -0.00139569141902, 0.00210699765012, -0.00276491022669, 0.00329788774252, -0.00365727744065, 0.012107652612, -0.00645419070497, 0.00527596846223, -0.00393555266783, 0.00456040725112, -0.00187204149552], [0.00090481445659, -0.00244837813079, 0.00149100355338, -0.00303575117141, 0.00152458483353, -0.00311482185498, 0.00267375470139, -0.00645419070497, 0.0134378690273, -0.00811711139977, 0.00468656141311, -0.00482601905242, 0.00319168064743], [-0.00053995748749, 0.00285288644955, -0.00127230072394, 0.00286713638343, -0.00203351536766, 0.00208013574593, -0.00275413901545, 0.00527596846223, -0.00811711139977, 0.0206898059696, -0.0103682968765, 0.00553145539016, -0.00187550776172], [0.00046652671881, -0.00125168054365, 0.00138368760236, -0.00133848947007, 0.00197367719375, -0.000468548678327, -9.04105472728e-05, -0.00393555266783, 0.00468656141311, -0.0103682968765, 0.0161215383559, -0.00647987565026, 0.000971495173872], [0.000137924900628, 0.00206006062217, -0.000769274774939, 0.000728011073079, -0.00187015137635, 0.0021782622207, 9.23780971789e-05, 0.00456040725112, -0.00482601905242, 0.00553145539016, -0.00647987565026, 0.0180652495474, -0.00514777144417], [0.000186513818335, -0.000238592809183, 0.000336732831784, 0.000551436620299, 0.000746959296521, 4.65913872176e-05, -0.00108483934309, -0.00187204149552, 0.00319168064743, -0.00187550776172, 0.000971495173872, -0.00514777144417, 0.0124229900539]], "mean": [-50.8100318909, 63.0384941101, -86.9367904663, 47.1462249756, -66.952041626, 11.8018817902, -42.6986465454, 9.052069664, -33.6038169861, 9.61676979065, -14.801322937, -1.68905961514, -11.4694566727]}, "hfc": {"dmean": 6.02258491516, "dmean2": 7.9235496521, "dvar": 175.0831604, "dvar2": 311.226074219, "max": 409.748809814, "mean": 16.5219478607, "median": 6.2285900116, "min": 1.15545246643e-16, "var": 736.959838867}, "melbands": {"dmean": [0.000109405809781, 0.000457841117168, 0.000294986937661, 0.000340573838912, 0.000120085358503, 0.0001335790148, 0.000112508139864, 4.59468792542e-05, 3.64921470464e-05, 1.96491237148e-05, 1.61284551723e-05, 2.52121535596e-05, 1.40195152198e-05, 1.28612746266e-05, 1.48767549035e-05, 1.23354584503e-05, 7.38423932489e-06, 5.49422247786e-06, 6.14847931502e-06, 4.19903426518e-06, 5.24237248101e-06, 5.04989520778e-06, 5.13419035997e-06, 4.28773819294e-06, 6.12421035839e-06, 7.9144110714e-06, 9.53081871558e-06, 9.18873502087e-06, 9.05171236809e-06, 5.86997703067e-06, 4.03200374421e-06, 2.65256289822e-06, 1.60424099249e-06, 1.11732856567e-06, 9.64277887761e-07, 1.53711903295e-06, 1.59360183716e-06, 1.26719612581e-06, 1.66194797657e-06, 1.22683672998e-06], "dmean2": [0.000161436895723, 0.000664914667141, 0.000470098544611, 0.00055917003192, 0.00019064793014, 0.000205935109989, 0.000171472158399, 7.14064444765e-05, 5.27960291947e-05, 2.84957368422e-05, 2.40317822318e-05, 3.64626612281e-05, 2.03495164897e-05, 1.94279564312e-05, 2.05972137337e-05, 1.71023548319e-05, 1.14155536721e-05, 8.2198284872e-06, 9.36452488531e-06, 6.48861532682e-06, 7.8679086073e-06, 7.58882924856e-06, 7.35944013286e-06, 6.14232203588e-06, 8.62857177708e-06, 1.15232269309e-05, 1.36437647598e-05, 1.33417188408e-05, 1.27233852254e-05, 8.48670515552e-06, 5.69733538214e-06, 3.72050612896e-06, 2.34691015066e-06, 1.5934632529e-06, 1.44124635426e-06, 2.23976417146e-06, 2.27678060583e-06, 1.83765871498e-06, 2.46600689024e-06, 1.78177901944e-06], "dvar": [7.81239322123e-08, 5.6364564216e-07, 1.90799582356e-07, 3.32203740072e-07, 5.74176368673e-08, 8.30920328099e-08, 6.28700362881e-08, 1.52598609304e-08, 2.02132603988e-08, 1.40943949845e-08, 3.47729445238e-09, 1.18530332216e-08, 6.58772236761e-09, 3.90276744255e-09, 4.19692991471e-09, 3.4643208302e-09, 4.69019934002e-10, 2.74300249181e-10, 5.59817303625e-10, 3.18462867188e-10, 4.87804130422e-10, 2.40326647472e-10, 2.75493516888e-10, 1.50691487066e-10, 3.46649292604e-10, 9.20476750377e-10, 1.0068347267e-09, 9.67090851844e-10, 1.00334018871e-09, 4.16715606466e-10, 2.28301336169e-10, 8.36591837472e-11, 3.12185069462e-11, 9.63516159219e-12, 1.58801166661e-11, 7.83299605733e-11, 5.13178388672e-11, 2.63537108802e-11, 3.22238034867e-11, 2.12253478682e-11], "dvar2": [2.0469751405e-07, 1.02825424619e-06, 4.96765096614e-07, 8.84404698809e-07, 1.36286146812e-07, 1.86134371916e-07, 1.2580430564e-07, 3.10275467541e-08, 3.26446460974e-08, 2.07374402095e-08, 6.60424026577e-09, 2.27146337295e-08, 1.2518861503e-08, 9.42025302209e-09, 6.95187862831e-09, 6.00892580138e-09, 1.04405650792e-09, 5.71058866861e-10, 1.20226995026e-09, 7.33333949121e-10, 1.03792574535e-09, 4.71605143826e-10, 4.38885566778e-10, 2.78446238289e-10, 6.32764340924e-10, 1.8866759266e-09, 1.84373083467e-09, 1.94368454665e-09, 1.7871377711e-09, 7.5092077001e-10, 4.12089168345e-10, 1.48204767902e-10, 6.6965995249e-11, 1.82930216114e-11, 3.93335086724e-11, 1.83589005109e-10, 1.01950690945e-10, 6.34945637734e-11, 7.48120038141e-11, 4.4071774008e-11], "max": [0.0148010598496, 0.0157865844667, 0.0065479404293, 0.00672945007682, 0.00790491327643, 0.00784928258508, 0.00895310007036, 0.0033868837636, 0.00379345519468, 0.00486649479717, 0.00196375558153, 0.00438927579671, 0.00533625436947, 0.00197662203573, 0.00350947747938, 0.00226349127479, 0.000527337717358, 0.000433504173998, 0.0011515741935, 0.000797210028395, 0.00116722588427, 0.000620835693553, 0.000577286758926, 0.000405889732065, 0.000545749266166, 0.00130231503863, 0.00105830340181, 0.000892872689292, 0.00108890293632, 0.000507067132276, 0.000633796851616, 0.000276039412711, 0.000189888232853, 0.000129110965645, 0.000203838339075, 0.000501081871334, 0.000466064142529, 0.000301352527458, 0.00020808057161, 0.000109608758066], "mean": [0.000289403251372, 0.00123089808039, 0.000568160787225, 0.000456855806988, 0.000207126024179, 0.000265563343419, 0.000221935246373, 8.29525160952e-05, 7.40925461287e-05, 3.23567255691e-05, 2.50788307312e-05, 5.09236015205e-05, 2.2021775294e-05, 1.99157329916e-05, 2.48723863479e-05, 2.14264437091e-05, 1.15150778583e-05, 1.05465351226e-05, 1.10801311166e-05, 6.41663837087e-06, 8.35703940538e-06, 8.23086156743e-06, 9.63448565017e-06, 7.75950775278e-06, 1.20175245684e-05, 1.41637174238e-05, 1.77684178198e-05, 1.81208561116e-05, 1.72898780875e-05, 1.04273722172e-05, 6.87722558723e-06, 4.51608048024e-06, 2.76676087196e-06, 1.91473850464e-06, 1.59280216394e-06, 2.52470954365e-06, 2.69787688012e-06, 2.11265455619e-06, 2.56990119851e-06, 1.95103712031e-06], "median": [0.00013698663679, 0.000408137158956, 0.000395757437218, 0.000210303114727, 8.33400190459e-05, 8.75352270668e-05, 7.32108746888e-05, 3.00143619825e-05, 1.39503426908e-05, 5.98771748628e-06, 5.13605937158e-06, 4.58411250293e-06, 3.51202947968e-06, 4.48515856988e-06, 3.99378222937e-06, 2.23714619096e-06, 3.06689753415e-06, 1.70953614997e-06, 1.65757796822e-06, 1.58951627327e-06, 1.69204804479e-06, 1.76244532213e-06, 1.68463031969e-06, 1.23865834212e-06, 1.21469031455e-06, 1.31553201754e-06, 1.93370374291e-06, 2.24611267186e-06, 2.12210579775e-06, 1.46530101119e-06, 1.09093980427e-06, 7.22836034583e-07, 6.20594505563e-07, 5.31390583092e-07, 3.41098200352e-07, 4.15065983361e-07, 4.77426624457e-07, 4.16577222495e-07, 5.40971882401e-07, 3.52097742962e-07], "min": [1.15739770859e-23, 3.67818229973e-24, 8.11008411793e-24, 1.64024960792e-23, 1.71583400001e-23, 8.11697639566e-24, 1.0203309175e-23, 1.42339411165e-23, 1.30274604035e-23, 5.20402506717e-24, 7.25954296739e-24, 9.26267064275e-24, 9.78765757518e-24, 1.07921259987e-23, 6.5098190294e-24, 1.50255283251e-23, 2.27215922075e-23, 1.41388376235e-23, 1.63237866935e-23, 6.01731226146e-24, 6.05727082732e-24, 1.1386945265e-23, 1.65771041297e-23, 1.58241127298e-23, 1.47322298405e-23, 1.2106951235e-23, 8.84902038305e-24, 1.02004093223e-23, 1.70887593128e-23, 8.45733674411e-24, 7.39985292344e-24, 8.53764120654e-24, 1.50846329395e-23, 1.16998784975e-23, 9.52399580596e-24, 1.24642279167e-23, 1.15451607859e-23, 1.04546347374e-23, 8.93329439355e-24, 8.95984745162e-24], "var": [1.73377728174e-07, 3.44427962773e-06, 3.58247689292e-07, 4.26916500373e-07, 1.39016933076e-07, 2.78677447341e-07, 2.2094369001e-07, 3.56899541032e-08, 7.52033884055e-08, 3.34725527296e-08, 6.53437437492e-09, 5.44700888838e-08, 1.85085777815e-08, 6.85293288782e-09, 1.16382912196e-08, 1.24066890095e-08, 8.94766316595e-10, 9.30614696415e-10, 1.28715405001e-09, 4.38252129031e-10, 8.40486180653e-10, 4.97096808161e-10, 9.95409199511e-10, 3.96594229679e-10, 1.14356402126e-09, 2.07145300912e-09, 2.82034839927e-09, 2.85379120335e-09, 3.31190785907e-09, 1.29519972525e-09, 5.0869825019e-10, 1.92904539564e-10, 7.36735672469e-11, 2.64574629566e-11, 2.60825371717e-11, 1.37692593438e-10, 1.15422824076e-10, 4.04455531566e-11, 6.03115821174e-11, 4.61841120902e-11]}, "melbands_crest": {"dmean": 3.2175796032, "dmean2": 5.0601849556, "dvar": 9.53866481781, "dvar2": 22.5924301147, "max": 39.7266960144, "mean": 16.8906803131, "median": 15.0546569824, "min": 2.01329493523, "var": 54.1283760071}, "melbands_flatness_db": {"dmean": 0.0280271898955, "dmean2": 0.0399294495583, "dvar": 0.00074462761404, "dvar2": 0.00139631796628, "max": 0.540984153748, "mean": 0.214454382658, "median": 0.203360140324, "min": 0.00474630203098, "var": 0.00679905153811}, "melbands_kurtosis": {"dmean": 25.9505310059, "dmean2": 39.5040130615, "dvar": 13946.0097656, "dvar2": 30172.2558594, "max": 4012.48754883, "mean": 58.6442718506, "median": 21.97448349, "min": -1.95240652561, "var": 56276.8085938}, "melbands_skewness": {"dmean": 1.16353070736, "dmean2": 1.7113417387, "dvar": 3.32153725624, "dvar2": 6.49418497086, "max": 57.3090667725, "mean": 4.53061962128, "median": 3.81828022003, "min": -4.38106012344, "var": 22.2503204346}, "melbands_spread": {"dmean": 9.08353614807, "dmean2": 13.5429430008, "dvar": 287.495025635, "dvar2": 595.530151367, "max": 314.535827637, "mean": 25.6067371368, "median": 13.5644226074, "min": 0.145447984338, "var": 993.032165527}, "mfcc": {"cov": [[10460.4228516, -1032.12255859, -949.406311035, 38.7810096741, -397.740966797, -192.707992554, -102.273483276, -275.630462646, -193.635620117, -176.475906372, -83.4851379395, -76.1943588257, -253.955963135], [-1032.12255859, 1469.18969727, 94.1545715332, -12.0035820007, 152.28427124, 92.2087249756, -49.3405952454, 13.3761301041, 33.3548660278, -22.0888767242, -1.38908624649, -52.4153289795, -38.4975280762], [-949.406311035, 94.1545715332, 776.643920898, 93.6231536865, 122.749946594, 73.4673461914, -61.2066955566, 28.5945224762, 14.2963294983, -16.4771137238, -6.63886547089, -15.8476400375, 19.0128078461], [38.7810096741, -12.0035820007, 93.6231536865, 389.868530273, 56.173500061, -41.6883735657, -29.4797763824, 21.379611969, -2.64004087448, -18.6800727844, 23.4395637512, 5.09613895416, -11.2395191193], [-397.740966797, 152.28427124, 122.749946594, 56.173500061, 313.365844727, 123.330131531, -43.8323173523, 79.7000198364, 46.9118995667, 22.784444809, 56.5721588135, -36.212688446, -0.385628163815], [-192.707992554, 92.2087249756, 73.4673461914, -41.6883735657, 123.330131531, 273.634521484, 14.8579521179, 50.6331748962, 47.0848617554, 10.0423936844, 31.7151470184, -19.4042682648, 6.62343835831], [-102.273483276, -49.3405952454, -61.2066955566, -29.4797763824, -43.8323173523, 14.8579521179, 197.50944519, 12.3094921112, 15.878279686, 32.2327156067, -22.8724498749, 27.4870052338, 18.5408477783], [-275.630462646, 13.3761301041, 28.5945224762, 21.379611969, 79.7000198364, 50.6331748962, 12.3094921112, 140.563079834, 53.4736862183, 23.5466213226, 37.990436554, -6.06689119339, 7.28727626801], [-193.635620117, 33.3548660278, 14.2963294983, -2.64004087448, 46.9118995667, 47.0848617554, 15.878279686, 53.4736862183, 126.276451111, 46.1957969666, 7.10307693481, -2.03581953049, 9.95985603333], [-176.475906372, -22.0888767242, -16.4771137238, -18.6800727844, 22.784444809, 10.0423936844, 32.2327156067, 23.5466213226, 46.1957969666, 111.951507568, 41.99376297, 16.862443924, 18.205499649], [-83.4851379395, -1.38908624649, -6.63886547089, 23.4395637512, 56.5721588135, 31.7151470184, -22.8724498749, 37.990436554, 7.10307693481, 41.99376297, 130.297637939, 18.7018604279, -6.88653516769], [-76.1943588257, -52.4153289795, -15.8476400375, 5.09613895416, -36.212688446, -19.4042682648, 27.4870052338, -6.06689119339, -2.03581953049, 16.862443924, 18.7018604279, 107.255439758, 28.2130451202], [-253.955963135, -38.4975280762, 19.0128078461, -11.2395191193, -0.385628163815, 6.62343835831, 18.5408477783, 7.28727626801, 9.95985603333, 18.205499649, -6.88653516769, 28.2130451202, 82.6630249023]], "icov": [[0.000137129522045, 9.7445488791e-05, 0.000154290930368, -5.44218964933e-05, 6.08520385867e-05, -6.70316076139e-05, 9.19032172533e-05, 0.000164832585142, 2.45502869802e-05, 8.80932784639e-05, 4.68082107545e-05, 4.85643031425e-05, 0.0003592572466], [9.7445488791e-05, 0.000813087797724, 7.49709288357e-05, 3.75523377443e-05, -0.000302301254123, -0.000139267474879, 0.000130866566906, 0.000272898527328, -0.000172362517333, 0.000224269897444, 0.000126049329992, 0.000122045712487, 0.000562460743822], [0.000154290930368, 7.49709288357e-05, 0.00164812884759, -0.000394069822505, -0.00032778349123, -0.00040222069947, 0.000533644575626, 0.000103973427031, 0.000107396088424, 0.000130560612888, 0.000510435842443, -8.54383597471e-06, -1.81462964974e-05], [-5.44218964933e-05, 3.75523377443e-05, -0.000394069822505, 0.00297268247232, -0.000726482074242, 0.000945114064962, -7.05365164322e-05, -0.000323455315083, -0.000226418225793, 0.000857370498125, -0.000618521007709, -0.000385754596209, 0.00022892630659], [6.08520385867e-05, -0.000302301254123, -0.00032778349123, -0.000726482074242, 0.00535003142431, -0.00175115186721, 0.000999865704216, -0.00159140420146, -0.000238718334003, -0.000673205009662, -0.00109214265831, 0.00139150302857, -0.000284805748379], [-6.70316076139e-05, -0.000139267474879, -0.00040222069947, 0.000945114064962, -0.00175115186721, 0.0051992489025, -0.00109124346636, -0.000238533277297, -0.0013968058629, 0.00131014490034, -0.00132183998358, 0.000559249834623, -0.000629989197478], [9.19032172533e-05, 0.000130866566906, 0.000533644575626, -7.05365164322e-05, 0.000999865704216, -0.00109124346636, 0.00648578070104, -0.0011516797822, 0.000453450746136, -0.00236407201737, 0.00235409196466, -0.00143242697231, 0.000100892728369], [0.000164832585142, 0.000272898527328, 0.000103973427031, -0.000323455315083, -0.00159140420146, -0.000238533277297, -0.0011516797822, 0.0105299819261, -0.00371495983563, 0.00121659634169, -0.00269661587663, 0.000918609905057, -0.000451194733614], [2.45502869802e-05, -0.000172362517333, 0.000107396088424, -0.000226418225793, -0.000238718334003, -0.0013968058629, 0.000453450746136, -0.00371495983563, 0.0117944115773, -0.00508753210306, 0.00270960829221, -0.000221412657993, 0.000276950537227], [8.80932784639e-05, 0.000224269897444, 0.000130560612888, 0.000857370498125, -0.000673205009662, 0.00131014490034, -0.00236407201737, 0.00121659634169, -0.00508753210306, 0.0141562242061, -0.00528565375134, 5.54302323508e-06, -0.00217046937905], [4.68082107545e-05, 0.000126049329992, 0.000510435842443, -0.000618521007709, -0.00109214265831, -0.00132183998358, 0.00235409196466, -0.00269661587663, 0.00270960829221, -0.00528565375134, 0.0119792884216, -0.0030802320689, 0.00269842986017], [4.85643031425e-05, 0.000122045712487, -8.54383597471e-06, -0.000385754596209, 0.00139150302857, 0.000559249834623, -0.00143242697231, 0.000918609905057, -0.000221412657993, 5.54302323508e-06, -0.0030802320689, 0.0120009919629, -0.00396957714111], [0.0003592572466, 0.000562460743822, -1.81462964974e-05, 0.00022892630659, -0.000284805748379, -0.000629989197478, 0.000100892728369, -0.000451194733614, 0.000276950537227, -0.00217046937905, 0.00269842986017, -0.00396957714111, 0.0155888302252]], "mean": [-701.311523438, 91.1890411377, 31.0180168152, 34.2368621826, 5.12603139877, 2.67830371857, 6.15308856964, -8.00319766998, -2.4020087719, -2.17334032059, -3.59851956367, 4.17661905289, 0.794401109219]}, "pitch_salience": {"dmean": 0.0723773241043, "dmean2": 0.113400004804, "dvar": 0.00450082030147, "dvar2": 0.0106881847605, "max": 0.894855976105, "mean": 0.528167843819, "median": 0.548652887344, "min": 0.0255966447294, "var": 0.0242344643921}, "silence_rate_20dB": {"dmean": 0, "dmean2": 0, "dvar": 0, "dvar2": 0, "max": 1, "mean": 1, "median": 1, "min": 1, "var": 0}, "silence_rate_30dB": {"dmean": 0, "dmean2": 0, "dvar": 0, "dvar2": 0, "max": 1, "mean": 1, "median": 1, "min": 1, "var": 0}, "silence_rate_60dB": {"dmean": 0.0545245520771, "dmean2": 0.10906701535, "dvar": 0.0515499413013, "dvar2": 0.113273210824, "max": 1, "mean": 0.159277498722, "median": 0, "min": 0, "var": 0.133913233876}, "spectral_centroid": {"dmean": 335.836334229, "dmean2": 483.972473145, "dvar": 191920.53125, "dvar2": 335214.0625, "max": 10851.1484375, "mean": 1494.29736328, "median": 1174.12011719, "min": 138.547164917, "var": 1131345}, "spectral_complexity": {"dmean": 2.51699781418, "dmean2": 3.77332448959, "dvar": 12.1425762177, "dvar2": 22.5761222839, "max": 53, "mean": 9.76633834839, "median": 8, "min": 0, "var": 57.1994857788}, "spectral_contrast_coeffs": {"dmean": [0.0513866916299, 0.0470236986876, 0.0359961725771, 0.0293334145099, 0.0271017495543, 0.0197525732219], "dmean2": [0.0846562311053, 0.0752519890666, 0.0561191625893, 0.0457787886262, 0.0395899601281, 0.0300275925547], "dvar": [0.00185729458462, 0.00155880709644, 0.000976300681941, 0.000665305531584, 0.000831055338494, 0.000383265665732], "dvar2": [0.00487445760518, 0.00363933807239, 0.00207557692192, 0.00141151808202, 0.00138897367287, 0.000757582951337], "max": [-0.369340032339, -0.367395579815, -0.398581564426, -0.520388126373, -0.50784766674, -0.584403514862], "mean": [-0.632908523083, -0.71233445406, -0.787330508232, -0.801372170448, -0.786973655224, -0.783494651318], "median": [-0.626596212387, -0.723099648952, -0.801465034485, -0.815992355347, -0.813874602318, -0.786406099796], "min": [-0.951753795147, -0.958498716354, -0.963178932667, -0.957857310772, -0.95771241188, -0.957500100136], "var": [0.00759494397789, 0.0084981508553, 0.00560627086088, 0.00387994921766, 0.00597227923572, 0.00251848483458]}, "spectral_contrast_valleys": {"dmean": [0.399868249893, 0.369407147169, 0.341946184635, 0.319934278727, 0.312246114016, 0.334863096476], "dmean2": [0.649711430073, 0.600499868393, 0.526458084583, 0.473601132631, 0.426157534122, 0.413472414017], "dvar": [0.14699088037, 0.142529413104, 0.133274272084, 0.133496105671, 0.131844654679, 0.143748998642], "dvar2": [0.316079974174, 0.292504578829, 0.240971848369, 0.22688062489, 0.205979481339, 0.219959974289], "max": [-5.92206048965, -5.41701507568, -5.91486549377, -5.99521970749, -5.56693935394, -7.30188369751], "mean": [-7.83635616302, -7.52747821808, -8.40000534058, -8.71312999725, -8.13874912262, -10.0310745239], "median": [-7.58333587646, -7.30595493317, -8.23583602905, -8.56312179565, -8.01616096497, -9.92311477661], "min": [-27.767490387, -27.1187438965, -27.4269828796, -27.3255977631, -27.2569217682, -27.2879829407], "var": [1.0513021946, 1.11521625519, 0.936689317226, 1.13050544262, 1.09814572334, 1.13609445095]}, "spectral_decrease": {"dmean": 9.10193365122e-10, "dmean2": 1.30135457965e-09, "dvar": 1.16415166023e-18, "dvar2": 2.25219319153e-18, "max": -1.00764594505e-28, "mean": -3.18315440673e-09, "median": -2.7438362693e-09, "min": -1.43361766902e-08, "var": 6.02881325036e-18}, "spectral_energy": {"dmean": 0.00381273007952, "dmean2": 0.00538312410936, "dvar": 2.1138577722e-05, "dvar2": 3.88158296118e-05, "max": 0.0660083889961, "mean": 0.0135125545785, "median": 0.0114899594337, "min": 1.08605882138e-20, "var": 0.00011291402916}, "spectral_energyband_high": {"dmean": 0.000673910195474, "dmean2": 0.000909646274522, "dvar": 2.81567736238e-06, "dvar2": 5.27959809915e-06, "max": 0.0493759289384, "mean": 0.00150540401228, "median": 0.00032183440635, "min": 7.85007891465e-21, "var": 1.06987745312e-05}, "spectral_energyband_low": {"dmean": 0.00167788285762, "dmean2": 0.00247169588692, "dvar": 6.60149726173e-06, "dvar2": 1.33565145006e-05, "max": 0.0488654375076, "mean": 0.00459410622716, "median": 0.00230510020629, "min": 6.40966777323e-23, "var": 3.43687424902e-05}, "spectral_energyband_middle_high": {"dmean": 0.000798254506662, "dmean2": 0.00105757557321, "dvar": 3.50619939127e-06, "dvar2": 5.15369947607e-06, "max": 0.0453866235912, "mean": 0.00220769480802, "median": 0.000512774742674, "min": 1.81959257195e-21, "var": 1.93796968233e-05}, "spectral_energyband_middle_low": {"dmean": 0.00232864753343, "dmean2": 0.00357638462447, "dvar": 9.77482432063e-06, "dvar2": 2.28032040468e-05, "max": 0.0440204031765, "mean": 0.00565173383802, "median": 0.00404421519488, "min": 3.28468882455e-22, "var": 3.03508149955e-05}, "spectral_entropy": {"dmean": 0.197996601462, "dmean2": 0.276162475348, "dvar": 0.0386560298502, "dvar2": 0.0698597952724, "max": 9.79819107056, "mean": 7.60833978653, "median": 7.65933704376, "min": 5.23727083206, "var": 0.222887709737}, "spectral_flux": {"dmean": 0.0163556374609, "dmean2": 0.0255810245872, "dvar": 0.00031424840563, "dvar2": 0.000678893004078, "max": 0.249189481139, "mean": 0.0558464415371, "median": 0.0499812960625, "min": 1.04214144259e-10, "var": 0.00120899709873}, "spectral_kurtosis": {"dmean": 0.857555866241, "dmean2": 1.32460594177, "dvar": 1.00491273403, "dvar2": 2.18544507027, "max": 19.502571106, "mean": 2.55438566208, "median": 2.24848008156, "min": -1.32592999935, "var": 3.60413599014}, "spectral_rms": {"dmean": 0.000523145310581, "dmean2": 0.000726238416974, "dvar": 3.16291988156e-07, "dvar2": 5.53453048724e-07, "max": 0.00802486296743, "mean": 0.0032986421138, "median": 0.00334809161723, "min": 3.25510300138e-12, "var": 2.30191722039e-06}, "spectral_rolloff": {"dmean": 626.759216309, "dmean2": 1042.12365723, "dvar": 1723914.625, "dvar2": 3354523.5, "max": 18324.7558594, "mean": 1753.52392578, "median": 538.330078125, "min": 43.06640625, "var": 5201540.5}, "spectral_skewness": {"dmean": 0.182670772076, "dmean2": 0.266338199377, "dvar": 0.0378314517438, "dvar2": 0.0718630552292, "max": 3.82276535034, "mean": 1.26526486874, "median": 1.20294523239, "min": -0.741870045662, "var": 0.195043906569}, "spectral_spread": {"dmean": 676427.5625, "dmean2": 965588.75, "dvar": 856228888576, "dvar2": 1371133706240.0, "max": 40991440, "mean": 6273592.5, "median": 5911554, "min": 2507128, "var": 3649329692670.0}, "spectral_strongpea