{"lowlevel": {"average_loudness": 0.753766655922, "barkbands": {"dmean": [3.24400425598e-05, 0.000305489113089, 0.000657355762087, 0.00104992522392, 0.0022593268659, 0.00136270734947, 0.00159502332099, 0.00125388847664, 0.000763595220633, 0.000372456677724, 0.000230256118812, 0.00028992141597, 0.000232882404816, 0.000332919473294, 0.000250929500908, 0.000173342763446, 0.000172162472154, 0.00010727760673, 5.47415074834e-05, 2.26300762733e-05, 1.7349859263e-05, 1.86126908375e-05, 1.75615514308e-05, 1.93646174012e-05, 8.0474474089e-06, 2.69029965239e-06, 2.54195754223e-07], "dmean2": [5.04891795572e-05, 0.000509699922986, 0.00112066639122, 0.00170388550032, 0.00364034855738, 0.00215723318979, 0.00245165172964, 0.00192536122631, 0.00116001488641, 0.000584966968745, 0.000360153528163, 0.000454282271676, 0.000366244057659, 0.000512502389029, 0.000396805116907, 0.000270947202807, 0.000270020304015, 0.000158356153406, 8.47535338835e-05, 3.44392210536e-05, 2.50767388934e-05, 2.73367240879e-05, 2.4723183742e-05, 2.7243326258e-05, 1.13502828754e-05, 3.77136711904e-06, 4.0438797555e-07], "dvar": [9.13661235558e-09, 5.05510115545e-07, 1.92174866243e-06, 3.49229981111e-06, 1.32649329316e-05, 7.30375677449e-06, 1.50074292833e-05, 1.12817451736e-05, 4.59297643829e-06, 8.87353110102e-07, 3.68320968391e-07, 9.94903871288e-07, 6.07139668318e-07, 1.18790933357e-06, 9.28986423787e-07, 2.97715757824e-07, 2.85492063767e-07, 1.1452869586e-07, 2.21182165916e-08, 3.99994704026e-09, 5.72440805868e-09, 1.18565006701e-08, 1.5566595124e-08, 1.23085035497e-08, 1.20699195083e-09, 1.5964073119e-10, 1.13793154587e-12], "dvar2": [2.12949302636e-08, 1.34558217724e-06, 5.25664245288e-06, 9.14428983378e-06, 3.3190324757e-05, 1.76494795596e-05, 3.4265089198e-05, 2.4434630177e-05, 9.7366355476e-06, 2.14020155909e-06, 8.92088394266e-07, 2.16200646719e-06, 1.4246122646e-06, 2.8277279398e-06, 2.27004466069e-06, 7.19638990176e-07, 6.46201328891e-07, 2.3232729518e-07, 5.01751991067e-08, 9.27916055105e-09, 1.14145022323e-08, 2.74261520161e-08, 2.6759085614e-08, 2.38922250873e-08, 2.13318251951e-09, 2.67214056437e-10, 2.62527152795e-12], "max": [0.000949193199631, 0.00778793450445, 0.0271862093359, 0.0357157215476, 0.0620014332235, 0.0628962144256, 0.0627699643373, 0.0571385547519, 0.0472083650529, 0.0168714374304, 0.0236802697182, 0.0361658483744, 0.0196575932205, 0.0226826705039, 0.0238488018513, 0.0124024674296, 0.0135166775435, 0.0134866442531, 0.00538628688082, 0.00287911552005, 0.00329394335859, 0.00556974252686, 0.00577849103138, 0.00494192587212, 0.00189763086382, 0.000785171287134, 2.62985377049e-05], "mean": [2.7742697057e-05, 0.00043317861855, 0.000981736462563, 0.00168873090297, 0.00467775156721, 0.00248943082988, 0.00260629993863, 0.00216607074253, 0.00140128296334, 0.000628931971733, 0.000392053072574, 0.000485188356834, 0.000363243365427, 0.000624755688477, 0.000451859406894, 0.00034431667882, 0.000335011485731, 0.000227506490774, 0.000114648726594, 4.3515345169e-05, 3.21235565934e-05, 3.58921352017e-05, 3.15266661346e-05, 3.36965676979e-05, 1.40685306178e-05, 4.14250143876e-06, 2.57012999327e-07], "median": [2.02899946089e-06, 0.000203725750907, 0.000419306539698, 0.000788904784713, 0.00274727470241, 0.00115573930088, 0.000636921846308, 0.000413214089349, 0.000325691537, 0.000163085802342, 0.000121046468848, 7.18774317647e-05, 6.39583231532e-05, 6.91769018886e-05, 5.72666685912e-05, 4.87878460262e-05, 5.85299058002e-05, 3.93581285607e-05, 2.92779732263e-05, 1.55776979227e-05, 1.06176830741e-05, 1.14266831588e-05, 8.29642522149e-06, 7.32816033633e-06, 3.20151252708e-06, 7.22693869193e-07, 2.26694751859e-08], "min": [4.78046426903e-23, 1.20522539864e-23, 3.35627183014e-23, 6.40190411975e-23, 2.33047181887e-23, 7.33824414892e-23, 4.56793725255e-23, 5.25916683887e-23, 5.98993066278e-23, 4.45875101466e-23, 1.14130552988e-22, 1.25700201594e-22, 5.90415182121e-23, 1.28403747823e-22, 9.47718432653e-23, 1.81322910239e-22, 1.62821786984e-22, 2.17433743928e-22, 9.91382388628e-23, 3.96287948674e-22, 4.48015085464e-22, 6.40244458413e-22, 7.22206222941e-22, 7.37293534852e-22, 1.31548071661e-21, 1.39966775047e-21, 2.00087720034e-21], "var": [8.65524807381e-09, 5.02839043293e-07, 2.68963799499e-06, 6.70465715302e-06, 3.64752922906e-05, 1.84756881936e-05, 3.26070039591e-05, 2.83404988295e-05, 1.24298294395e-05, 1.88918204458e-06, 8.00455495664e-07, 2.15359227695e-06, 1.09330198939e-06, 3.21125935443e-06, 2.35422021433e-06, 8.99493784345e-07, 7.89313617133e-07, 4.75398962863e-07, 8.78439010421e-08, 8.18322121177e-09, 1.00197148356e-08, 1.78301746701e-08, 3.17912913772e-08, 2.09773567406e-08, 2.56636245588e-09, 3.0634819681e-10, 1.21023070038e-12]}, "barkbands_crest": {"dmean": 2.56315279007, "dmean2": 4.18447589874, "dvar": 5.06186819077, "dvar2": 12.9015769958, "max": 26.5054016113, "mean": 10.5470561981, "median": 9.79877090454, "min": 2.57863521576, "var": 16.4148330688}, "barkbands_flatness_db": {"dmean": 0.0201835166663, "dmean2": 0.0301217418164, "dvar": 0.000348166213371, "dvar2": 0.000718902854715, "max": 0.423273265362, "mean": 0.180337607861, "median": 0.172734335065, "min": 0.0311870183796, "var": 0.00380257051438}, "barkbands_kurtosis": {"dmean": 3.71081256866, "dmean2": 5.86178731918, "dvar": 41.0480270386, "dvar2": 93.6271743774, "max": 227.303833008, "mean": 8.07869148254, "median": 4.81132793427, "min": -1.79751801491, "var": 137.277099609}, "barkbands_skewness": {"dmean": 0.503319323063, "dmean2": 0.773497879505, "dvar": 0.266383439302, "dvar2": 0.596949398518, "max": 9.84111022949, "mean": 1.82280337811, "median": 1.74800276756, "min": -13.7339658737, "var": 1.61571776867}, "barkbands_spread": {"dmean": 2.72672772408, "dmean2": 4.17861270905, "dvar": 16.5748443604, "dvar2": 38.1254348755, "max": 146.760437012, "mean": 12.0829343796, "median": 9.57453918457, "min": 0.669337570667, "var": 112.712409973}, "dissonance": {"dmean": 0.0265319105238, "dmean2": 0.0445852652192, "dvar": 0.000602934858762, "dvar2": 0.00166081753559, "max": 0.5, "mean": 0.438516765833, "median": 0.448764413595, "min": 0.149488598108, "var": 0.00190436013509}, "dynamic_complexity": 4.71537160873, "erbbands": {"dmean": [0.00562266213819, 0.0897292867303, 0.598281264305, 2.05068016052, 6.73133945465, 7.90896272659, 7.69970321655, 12.5373134613, 23.1450500488, 20.3927631378, 25.5183029175, 16.4516124725, 10.5704307556, 10.4033117294, 8.59602451324, 12.2201251984, 9.81602573395, 14.457242012, 13.530837059, 10.1093912125, 9.29249668121, 8.01780986786, 5.54321908951, 4.0205616951, 1.6981831789, 0.980978131294, 0.782203674316, 0.684306323528, 0.687228679657, 0.535819768906, 0.531831085682, 0.433297336102, 0.32953196764, 0.118953131139, 0.044058650732, 0.0158634744585, 0.00405441829935, 0.000854549347423, 2.73141904472e-05, 6.68551820127e-06], "dmean2": [0.00845967698842, 0.155448704958, 1.02776384354, 3.33293390274, 10.767159462, 12.6041288376, 12.3081016541, 19.7037277222, 35.65625, 31.1893672943, 39.7009544373, 24.973110199, 16.5919399261, 16.0243473053, 13.6718158722, 18.7550086975, 15.3816747665, 21.7899494171, 21.0751800537, 15.5872058868, 14.1926231384, 12.2296924591, 8.1969499588, 5.9891500473, 2.63778567314, 1.4815312624, 1.14954912663, 0.999636173248, 1.00772237778, 0.774728655815, 0.750018954277, 0.622627019882, 0.461748421192, 0.165239572525, 0.063995487988, 0.0225752163678, 0.00560985645279, 0.00125670013949, 4.06530598411e-05, 1.01699133666e-05], "dvar": [0.000188915189938, 0.0442749410868, 1.61825466156, 13.5162906647, 137.516342163, 206.694015503, 175.036987305, 787.506408691, 3132.96899414, 2909.13842773, 4805.12109375, 2169.54199219, 649.591674805, 832.735229492, 553.015869141, 1736.5880127, 957.853820801, 2095.06713867, 2727.48120117, 1419.46057129, 758.03894043, 700.637390137, 292.660064697, 145.914138794, 15.6947450638, 9.38949966431, 5.81314086914, 11.1398258209, 12.8230381012, 20.0656414032, 13.3755245209, 10.131228447, 2.18382692337, 0.247246563435, 0.0439590886235, 0.00755567708984, 0.000265764741926, 9.67950836639e-06, 1.4050820063e-08, 7.41329289622e-11], "dvar2": [0.00037522680941, 0.124453447759, 4.4799695015, 36.2722091675, 336.370635986, 498.586730957, 466.223236084, 1833.91040039, 7285.00830078, 6629.15087891, 11427.4511719, 4523.13476562, 1608.07312012, 1902.32714844, 1371.26879883, 3657.94506836, 2166.79663086, 4793.76855469, 6883.68847656, 3103.70483398, 1726.84753418, 1599.26147461, 618.217773438, 287.410247803, 36.1658935547, 21.9665241241, 10.5741558075, 23.1010055542, 27.5205802917, 48.7775764465, 22.8548870087, 21.4380493164, 3.97111582756, 0.434505552053, 0.0823271647096, 0.0130596458912, 0.000450110412203, 2.06913937291e-05, 3.04835694465e-08, 1.65483918235e-10], "max": [0.19080542028, 2.23672437668, 22.4409828186, 89.0675125122, 206.316299438, 285.229766846, 264.0184021, 729.706848145, 1012.95910645, 1009.89978027, 1504.2956543, 1402.85546875, 670.745788574, 823.888122559, 783.296936035, 1405.02502441, 758.614624023, 1298.03344727, 1333.81323242, 1216.24169922, 626.952636719, 689.592834473, 507.875457764, 666.722839355, 82.6139526367, 159.438796997, 80.6277923584, 143.362243652, 160.565322876, 237.982162476, 198.283294678, 158.06918335, 70.4450531006, 26.6945476532, 12.35679245, 6.04159259796, 0.818664550781, 0.0827535688877, 0.00450665084645, 0.000173140026163], "mean": [0.00768935494125, 0.123843677342, 0.914254784584, 3.74837827682, 11.8420915604, 15.1289358139, 14.8264694214, 22.690782547, 38.8671607971, 38.0660972595, 48.6145057678, 31.8993339539, 19.9821434021, 18.7010326385, 16.0635261536, 21.7985572815, 18.1823234558, 28.8338165283, 26.9513225555, 20.810503006, 20.7671833038, 17.428068161, 12.9210796356, 9.48087787628, 3.76286911964, 1.96871638298, 1.50544261932, 1.27084422112, 1.30280900002, 0.99563485384, 0.91779255867, 0.739080786705, 0.532465875149, 0.211176306009, 0.0751861482859, 0.0254817586392, 0.00599365634844, 0.00104876991827, 4.0530863771e-05, 2.50281937042e-05], "median": [0.00254909112118, 0.0647876486182, 0.463568001986, 1.97468423843, 6.15038156509, 7.92201423645, 8.13261890411, 9.7015953064, 11.6832265854, 9.62967014313, 9.376329422, 8.66043186188, 6.53273630142, 4.90175771713, 5.36297702789, 3.66234612465, 3.73530507088, 4.13903665543, 3.28028988838, 3.33127427101, 3.03398036957, 3.10396933556, 2.6036772728, 1.87239003181, 1.30944049358, 0.754556417465, 0.546894192696, 0.413063615561, 0.398907095194, 0.2947897017, 0.235029056668, 0.172637313604, 0.102666825056, 0.0502978153527, 0.0155067378655, 0.00464926846325, 0.0010399351595, 0.0001339904411, 1.50938285515e-05, 1.90499213204e-05], "min": [9.65695802755e-22, 1.54367906712e-21, 2.61104407114e-20, 1.42970258965e-19, 1.46854298456e-19, 5.21278753026e-20, 2.13639814213e-19, 7.75802666949e-19, 4.77903340409e-19, 1.17119437936e-18, 9.94905750614e-19, 1.06124046586e-18, 1.69281561101e-18, 2.75668589084e-18, 4.26159977429e-18, 5.54204310248e-18, 3.59432516826e-18, 5.44764566456e-18, 5.72453734358e-18, 8.26186589611e-18, 8.93913325753e-18, 8.93638205481e-18, 1.19436782354e-17, 7.18225705757e-18, 8.14127288897e-18, 1.69742044276e-17, 2.21415768988e-17, 1.59836837683e-17, 1.80256750633e-17, 2.36961966857e-17, 2.07216353506e-17, 1.61710368683e-17, 1.31959635084e-17, 1.30651349684e-17, 1.09404669711e-17, 4.70492846436e-18, 2.74966974488e-18, 1.13147202898e-18, 2.96930620495e-19, 2.70547352353e-20], "var": [0.000258839718299, 0.0380083434284, 1.94619452953, 30.2520503998, 320.253875732, 486.834594727, 443.348876953, 1947.6973877, 6526.69384766, 8309.18261719, 13569.5917969, 5824.60009766, 1649.84887695, 2055.54077148, 1071.3380127, 4089.80786133, 2159.55371094, 5556.10058594, 7106.12988281, 4273.92285156, 2816.87817383, 2023.12841797, 1236.59741211, 811.401428223, 50.8828926086, 17.6831321716, 13.1708087921, 18.7181587219, 22.1740150452, 26.4098453522, 26.8698234558, 15.0638456345, 4.07520055771, 0.55910462141, 0.0811317116022, 0.0140499249101, 0.00050702347653, 1.34701685965e-05, 1.73208345444e-08, 4.53748122409e-10]}, "erbbands_crest": {"dmean": 2.67037296295, "dmean2": 4.29310321808, "dvar": 6.28987932205, "dvar2": 15.1653738022, "max": 30.4271736145, "mean": 10.3137626648, "median": 9.27848339081, "min": 2.76685333252, "var": 20.3079910278}, "erbbands_flatness_db": {"dmean": 0.0181492082775, "dmean2": 0.0252852700651, "dvar": 0.000331815652316, "dvar2": 0.000593585544266, "max": 0.361434280872, "mean": 0.198483616114, "median": 0.200197115541, "min": 0.0148601913825, "var": 0.00236838357523}, "erbbands_kurtosis": {"dmean": 1.46570789814, "dmean2": 2.3359940052, "dvar": 5.59107160568, "dvar2": 13.8236379623, "max": 48.6064529419, "mean": 2.1884200573, "median": 0.662376880646, "min": -1.76726090908, "var": 18.008266449}, "erbbands_skewness": {"dmean": 0.37670275569, "dmean2": 0.573870062828, "dvar": 0.131956785917, "dvar2": 0.301029443741, "max": 5.76506376266, "mean": 0.905867874622, "median": 0.858442425728, "min": -3.33113598824, "var": 0.983007073402}, "erbbands_spread": {"dmean": 5.55492305756, "dmean2": 8.31679058075, "dvar": 43.9780769348, "dvar2": 91.5009231567, "max": 119.236251831, "mean": 27.3895282745, "median": 25.0113887787, "min": 2.15776181221, "var": 223.440917969}, "gfcc": {"cov": [[10390.2724609, -574.548339844, -1356.85290527, -329.630645752, -427.644683838, 352.558044434, -566.535705566, 366.98815918, -165.903366089, 13.617811203, -249.704315186, -19.7064418793, -381.594024658], [-574.548339844, 1235.08703613, 268.703338623, -148.780166626, 163.856216431, -225.607879639, 144.636459351, -154.89213562, 72.5685577393, -106.157859802, 65.6539916992, -69.4627151489, 60.9153137207], [-1356.85290527, 268.703338623, 1022.02294922, 179.190704346, -1.93879497051, -30.9900283813, 106.229743958, -78.1707839966, -37.7705383301, 34.9357032776, 7.98316812515, 16.6294059753, 46.9252090454], [-329.630645752, -148.780166626, 179.190704346, 319.169464111, 12.709851265, 19.1000347137, -4.42331695557, -15.8571739197, -28.9708614349, 25.2612056732, 0.545583546162, 6.06546592712, 37.2796821594], [-427.644683838, 163.856216431, -1.93879497051, 12.709851265, 278.724334717, -5.94684934616, -27.4284095764, -26.246679306, 51.1497306824, 9.53741550446, -6.36942195892, -25.7777843475, 22.0325050354], [352.558044434, -225.607879639, -30.9900283813, 19.1000347137, -5.94684934616, 179.512512207, -13.7319803238, 46.7406730652, -23.7575511932, 37.3985023499, -15.4622278214, 16.7971572876, -24.196018219], [-566.535705566, 144.636459351, 106.229743958, -4.42331695557, -27.4284095764, -13.7319803238, 198.562301636, 10.0482177734, -12.8286762238, -33.4777679443, 35.1107330322, 15.2413005829, 9.68291568756], [366.98815918, -154.89213562, -78.1707839966, -15.8571739197, -26.246679306, 46.7406730652, 10.0482177734, 133.958389282, 4.44936037064, 6.55478429794, -8.15600585938, 25.8937568665, -24.9587097168], [-165.903366089, 72.5685577393, -37.7705383301, -28.9708614349, 51.1497306824, -23.7575511932, -12.8286762238, 4.44936037064, 117.265266418, 14.2018556595, 2.76912307739, -13.0705604553, 0.664381682873], [13.617811203, -106.157859802, 34.9357032776, 25.2612056732, 9.53741550446, 37.3985023499, -33.4777679443, 6.55478429794, 14.2018556595, 112.952789307, 3.03447937965, -7.99399995804, -7.28307056427], [-249.704315186, 65.6539916992, 7.98316812515, 0.545583546162, -6.36942195892, -15.4622278214, 35.1107330322, -8.15600585938, 2.76912307739, 3.03447937965, 82.4038009644, 22.449344635, 7.75626373291], [-19.7064418793, -69.4627151489, 16.6294059753, 6.06546592712, -25.7777843475, 16.7971572876, 15.2413005829, 25.8937568665, -13.0705604553, -7.99399995804, 22.449344635, 88.6111831665, 11.9914608002], [-381.594024658, 60.9153137207, 46.9252090454, 37.2796821594, 22.0325050354, -24.196018219, 9.68291568756, -24.9587097168, 0.664381682873, -7.28307056427, 7.75626373291, 11.9914608002, 88.375]], "icov": [[0.000267634313786, -0.000425234349677, 0.00033240870107, -0.000152701599291, 0.000532927340828, -0.000466144498205, 0.00083851913223, -0.000620739825536, 0.000469795399113, -0.000151359490701, 0.000640594342258, -0.000256249273662, 0.000771510298364], [-0.000425234349677, 0.00263995816931, -0.00108330009971, 0.00136048777495, -0.0018272541929, 0.00198536389507, -0.00222607748583, 0.0020425603725, -0.00130053714383, 0.00151408254169, -0.00222777598538, 0.00170729740057, -0.00173619575799], [0.00033240870107, -0.00108330009971, 0.00185912649613, -0.00112373987213, 0.000925456988625, -0.000647049630061, 0.000400283897761, -0.000277069339063, 0.000960012897849, -0.00129434815608, 0.00169103965163, -0.00118727155495, 0.0010376968421], [-0.000152701599291, 0.00136048777495, -0.00112373987213, 0.00453218305483, -0.00103099632543, 0.000521882902831, -0.000564826827031, 0.000807176809758, 0.000293302116916, 0.000258951971773, -0.00123096164316, 0.00107744033448, -0.00224151974544], [0.000532927340828, -0.0018272541929, 0.000925456988625, -0.00103099632543, 0.00574181554839, -0.00203463761136, 0.00251732231118, -0.0011630426161, -0.000646311615128, -0.000772530387621, 0.00189891026821, -0.000196605251404, 0.000712531444151], [-0.000466144498205, 0.00198536389507, -0.000647049630061, 0.000521882902831, -0.00203463761136, 0.00898204278201, -0.00220502028242, -4.16613329435e-05, 0.00066281564068, -0.00155127665494, -0.00034248366137, -0.000303460547002, -0.000123154080939], [0.00083851913223, -0.00222607748583, 0.000400283897761, -0.000564826827031, 0.00251732231118, -0.00220502028242, 0.00959212239832, -0.0037927434314, 0.0019705593586, 0.00123652303591, -0.000507658347487, -0.000734021654353, 0.00205859052949], [-0.000620739825536, 0.0020425603725, -0.000277069339063, 0.000807176809758, -0.0011630426161, -4.16613329435e-05, -0.0037927434314, 0.0120225092396, -0.00268041226082, 0.000394282891648, -0.000152812994202, -0.00207351031713, 0.000155319416081], [0.000469795399113, -0.00130053714383, 0.000960012897849, 0.000293302116916, -0.000646311615128, 0.00066281564068, 0.0019705593586, -0.00268041226082, 0.0113867651671, -0.00243452261202, 0.000900339393411, 7.32487533242e-05, 0.00128599849995], [-0.000151359490701, 0.00151408254169, -0.00129434815608, 0.000258951971773, -0.000772530387621, -0.00155127665494, 0.00123652303591, 0.000394282891648, -0.00243452261202, 0.0121282218024, -0.00346442195587, 0.00279107200913, -0.000432260043453], [0.000640594342258, -0.00222777598538, 0.00169103965163, -0.00123096164316, 0.00189891026821, -0.00034248366137, -0.000507658347487, -0.000152812994202, 0.000900339393411, -0.00346442195587, 0.0174945946783, -0.00601861299947, 0.00235719047487], [-0.000256249273662, 0.00170729740057, -0.00118727155495, 0.00107744033448, -0.000196605251404, -0.000303460547002, -0.000734021654353, -0.00207351031713, 7.32487533242e-05, 0.00279107200913, -0.00601861299947, 0.0157809760422, -0.00403020111844], [0.000771510298364, -0.00173619575799, 0.0010376968421, -0.00224151974544, 0.000712531444151, -0.000123154080939, 0.00205859052949, 0.000155319416081, 0.00128599849995, -0.000432260043453, 0.00235719047487, -0.00403020111844, 0.0161396414042]], "mean": [-63.4785919189, 123.825065613, -116.445632935, 18.5034389496, -67.5942001343, -1.3084897995, -50.9349441528, -1.49843871593, -24.1553058624, -7.94626426697, -15.209936142, -6.97395944595, -11.8511867523]}, "hfc": {"dmean": 3.14205980301, "dmean2": 4.55662298203, "dvar": 26.9042816162, "dvar2": 54.120098114, "max": 136.154174805, "mean": 13.3298416138, "median": 7.5700006485, "min": 1.08018538343e-16, "var": 214.313217163}, "melbands": {"dmean": [6.27578265266e-05, 0.000246987590799, 0.000473479012726, 0.000534606864676, 0.000279490632238, 0.00028142996598, 0.000344318163116, 0.000228606673772, 0.000207843913813, 9.71922418103e-05, 5.27315423824e-05, 4.39788746007e-05, 2.94887813652e-05, 2.88304290734e-05, 3.2705556805e-05, 2.08817855309e-05, 3.13115997415e-05, 2.4542436222e-05, 1.82004296221e-05, 1.1954582078e-05, 1.26233380797e-05, 1.04114060377e-05, 5.66833114135e-06, 5.46876117369e-06, 3.54492908627e-06, 1.5537514173e-06, 1.01138346054e-06, 6.54749726436e-07, 5.70487145524e-07, 4.0877137053e-07, 4.31398973433e-07, 4.21760830704e-07, 3.7262603314e-07, 2.93096064752e-07, 3.25429510895e-07, 3.29686542955e-07, 2.52409591894e-07, 2.66247212721e-07, 1.52296138367e-07, 9.4189871902e-08], "dmean2": [9.91390115814e-05, 0.000424649711931, 0.000762994750403, 0.000864076777361, 0.000444773351774, 0.000441885640612, 0.000526947376784, 0.000343877414707, 0.00032604005537, 0.000146760241478, 8.30607605167e-05, 6.79821459926e-05, 4.65340563096e-05, 4.59156399302e-05, 4.88189070893e-05, 3.31650699081e-05, 4.72306928714e-05, 3.81404315704e-05, 2.82524270006e-05, 1.87749556062e-05, 1.94527219719e-05, 1.60338313435e-05, 8.69550240168e-06, 8.1161451817e-06, 5.33285219717e-06, 2.4341459266e-06, 1.59860098847e-06, 1.00771717371e-06, 8.57603026816e-07, 6.08896016274e-07, 6.56172289837e-07, 6.36408117316e-07, 5.63277126275e-07, 4.30570480603e-07, 4.70739962566e-07, 4.78032688989e-07, 3.76011541903e-07, 3.80938502076e-07, 2.16557566546e-07, 1.38241645686e-07], "dvar": [2.10704840242e-08, 2.81604172869e-07, 5.92329911342e-07, 8.64657863531e-07, 2.076267549e-07, 3.54566964234e-07, 6.61084300191e-07, 3.56269424628e-07, 3.08629381607e-07, 7.55563149824e-08, 1.66890483655e-08, 1.53681369852e-08, 6.49696474397e-09, 7.66457919354e-09, 1.45312002431e-08, 4.29745128372e-09, 1.01001349506e-08, 9.74254987796e-09, 5.52957946098e-09, 1.64720703744e-09, 1.51343493293e-09, 1.23061039137e-09, 2.80008488618e-10, 3.59743485001e-10, 1.22663601498e-10, 1.54894291837e-11, 6.12066777469e-12, 5.09190302769e-12, 2.56779233293e-12, 3.2005177588e-12, 4.26192458061e-12, 3.67654908254e-12, 7.86208598225e-12, 5.81227080354e-12, 5.27357064267e-12, 6.95625761854e-12, 3.04403442557e-12, 1.53510461721e-12, 3.37708512413e-13, 1.89528162045e-13], "dvar2": [5.02271078062e-08, 7.81336837008e-07, 1.54950646447e-06, 2.16408921005e-06, 5.45825628251e-07, 8.33400690681e-07, 1.53228927502e-06, 7.89660418832e-07, 7.40946916267e-07, 1.58339545919e-07, 4.14353671374e-08, 3.52418076943e-08, 1.63283147003e-08, 1.78442558507e-08, 2.78048393199e-08, 1.0320917454e-08, 2.27465513092e-08, 2.41508253396e-08, 1.25008066121e-08, 3.89679444268e-09, 3.47436701631e-09, 2.7743520814e-09, 6.60403287611e-10, 7.70371655356e-10, 2.53742471479e-10, 3.54887057241e-11, 1.47303454157e-11, 1.25967847264e-11, 5.21775634851e-12, 5.89523915795e-12, 9.56469885932e-12, 7.90693031882e-12, 1.97465134522e-11, 1.35571718782e-11, 9.96258717884e-12, 1.51453068836e-11, 6.16976565324e-12, 2.88421717065e-12, 5.9939694267e-13, 3.88134809666e-13], "max": [0.00164404383395, 0.0089857717976, 0.0126393185928, 0.0160264931619, 0.0109531888738, 0.0142284855247, 0.0141165144742, 0.0112583059818, 0.0104756727815, 0.0083231497556, 0.00331469392404, 0.00340194394812, 0.00255411746912, 0.00287527125329, 0.00532428640872, 0.00186496996321, 0.0029185009189, 0.00245546060614, 0.0023551962804, 0.00116732064635, 0.000958602468017, 0.000920347869396, 0.000469981314382, 0.000688932836056, 0.000568590650801, 0.000107267936983, 8.16674364614e-05, 0.000119175601867, 4.6190496505e-05, 7.51880070311e-05, 8.09631746961e-05, 7.04666090314e-05, 0.000154349079821, 0.000120131138829, 0.000134738569614, 0.000154876208398, 7.52922860556e-05, 5.58196807106e-05, 3.06999900204e-05, 2.4898619813e-05], "mean": [9.19713202165e-05, 0.000372746115318, 0.000865979178343, 0.00103980721906, 0.000555798411369, 0.000516150263138, 0.000584192282986, 0.000418095092755, 0.000406221166486, 0.00017810537247, 9.48825763771e-05, 7.48275706428e-05, 5.22714835824e-05, 5.04082127009e-05, 5.53410573048e-05, 3.49499059666e-05, 5.75185149501e-05, 4.48428800155e-05, 3.31817864208e-05, 2.35459083342e-05, 2.53957841778e-05, 2.00574486371e-05, 1.1793149497e-05, 1.13569258247e-05, 7.51253992348e-06, 3.12149290949e-06, 1.81612722372e-06, 1.17869365113e-06, 1.02370825061e-06, 7.15341343493e-07, 7.42762040318e-07, 7.60319778692e-07, 6.45548141165e-07, 5.13445627348e-07, 5.27302631781e-07, 5.15105284649e-07, 4.21026442154e-07, 4.07874239272e-07, 2.54175972714e-07, 1.54100789018e-07], "median": [4.09369167755e-05, 0.000199474830879, 0.000508078723215, 0.000568925926927, 0.000315891316859, 0.000225166440941, 0.000167758960743, 9.35628559091e-05, 7.31747641112e-05, 4.71383573313e-05, 2.44804050453e-05, 1.70232469827e-05, 1.76289977389e-05, 9.22810704651e-06, 7.87789394963e-06, 6.24242056801e-06, 7.40835093893e-06, 4.55488088846e-06, 4.29220744991e-06, 3.91831827073e-06, 3.17561966767e-06, 3.08885546474e-06, 2.51468395618e-06, 1.77044512384e-06, 1.2843551076e-06, 8.78304206253e-07, 5.77052844619e-07, 4.14567807638e-07, 3.60352714779e-07, 2.22810797368e-07, 2.22967798891e-07, 2.16154589339e-07, 1.94409977894e-07, 1.32577042677e-07, 1.25472027435e-07, 1.25122667782e-07, 8.92697045174e-08, 6.65672104105e-08, 5.25621537406e-08, 3.52088846967e-08], "min": [8.71260503329e-24, 9.34494252428e-24, 2.62860333865e-23, 5.97713794214e-24, 6.56218992718e-24, 1.65519347336e-23, 7.46222184433e-24, 1.36134736156e-23, 6.86333363344e-24, 7.70730672808e-24, 8.61971587284e-24, 1.04495734058e-23, 1.34243268586e-23, 1.31160968149e-23, 1.1874577267e-23, 7.24660249311e-24, 1.10764259469e-23, 9.79827012093e-24, 8.07090928538e-24, 1.36567189704e-23, 1.01580317145e-23, 9.45132830596e-24, 9.53470143731e-24, 1.02417732439e-23, 5.24432757639e-24, 3.94267040074e-24, 1.01319937826e-23, 1.12710213662e-23, 1.57233688813e-23, 9.89739049367e-24, 8.91372117677e-24, 1.03972979602e-23, 1.23860241909e-23, 1.21370068355e-23, 1.04732068897e-23, 1.42054143285e-23, 8.0767807771e-24, 8.46917991288e-24, 1.04881463375e-23, 1.06173814753e-23], "var": [2.51951259855e-08, 3.15031115861e-07, 1.2335503925e-06, 2.2118981633e-06, 5.56768327442e-07, 9.24626249343e-07, 1.44971636473e-06, 1.05664901184e-06, 9.68573658611e-07, 1.89410982898e-07, 4.16120933266e-08, 3.62358321127e-08, 1.32100028694e-08, 1.64414295512e-08, 3.50869022725e-08, 7.93490428919e-09, 2.53370515679e-08, 2.38269102226e-08, 1.38563240881e-08, 4.55848914171e-09, 4.82094453247e-09, 3.12666070812e-09, 9.7734631499e-10, 1.34455369061e-09, 6.10205441731e-10, 4.93933609291e-11, 1.31437343648e-11, 7.93466160831e-12, 5.32282421264e-12, 5.94410284882e-12, 6.54124324151e-12, 6.6000672809e-12, 9.15262830803e-12, 8.44245159892e-12, 9.61019545193e-12, 9.38738323186e-12, 4.8077128216e-12, 2.67865655872e-12, 7.2375287187e-13, 3.41895131997e-13]}, "melbands_crest": {"dmean": 3.17416644096, "dmean2": 5.22857618332, "dvar": 7.68115901947, "dvar2": 20.0979480743, "max": 32.3807754517, "mean": 13.4962215424, "median": 12.7188014984, "min": 1.7215269804, "var": 22.9156799316}, "melbands_flatness_db": {"dmean": 0.0218952149153, "dmean2": 0.0330158993602, "dvar": 0.000413265835959, "dvar2": 0.000882643507794, "max": 0.54890358448, "mean": 0.246558621526, "median": 0.235601454973, "min": 0.00395968835801, "var": 0.00635609962046}, "melbands_kurtosis": {"dmean": 5.70033121109, "dmean2": 8.95482635498, "dvar": 90.0417861938, "dvar2": 219.70854187, "max": 181.190155029, "mean": 12.7756681442, "median": 8.29765701294, "min": -1.77271234989, "var": 244.287338257}, "melbands_skewness": {"dmean": 0.56988543272, "dmean2": 0.877639532089, "dvar": 0.364956527948, "dvar2": 0.860342204571, "max": 10.4434833527, "mean": 2.29216527939, "median": 2.114569664, "min": -1.12764263153, "var": 1.70886492729}, "melbands_spread": {"dmean": 3.5512573719, "dmean2": 5.48852777481, "dvar": 29.8466491699, "dvar2": 60.8328666687, "max": 181.395004272, "mean": 14.8387670517, "median": 10.7419843674, "min": 0.802786707878, "var": 200.90965271}, "mfcc": {"cov": [[8854.91796875, -787.643493652, -1145.05480957, -668.065551758, -61.9979171753, -227.52911377, -254.904006958, 201.483230591, -79.194152832, 15.2015352249, 167.188949585, 112.350212097, -243.48336792], [-787.643493652, 1371.37792969, 124.034049988, 94.0540390015, 11.6475391388, -11.3081445694, -4.31034517288, -11.6011762619, 9.16558170319, -38.2756500244, -33.8766441345, 0.845020890236, 52.6821136475], [-1145.05480957, 124.034049988, 823.287902832, 225.203536987, -51.0382881165, 63.5383262634, 103.460693359, -38.7641220093, 4.50513792038, -15.8458433151, -62.2646636963, -28.9103431702, 80.1616516113], [-668.065551758, 94.0540390015, 225.203536987, 299.455932617, 42.5744934082, 32.2284126282, 37.2947158813, -36.7508430481, 16.3460102081, -1.51667654514, -41.3356208801, -32.9547920227, 33.979385376], [-61.9979171753, 11.6475391388, -51.0382881165, 42.5744934082, 270.888885498, 59.7386054993, -49.7394447327, -55.8036880493, 33.3655433655, 27.292257309, -3.78216814995, 9.34812831879, -19.5413131714], [-227.52911377, -11.3081445694, 63.5383262634, 32.2284126282, 59.7386054993, 135.285095215, 24.971206665, -35.203704834, 8.52926826477, 17.4382667542, -3.94071054459, 0.304499089718, 4.95666313171], [-254.904006958, -4.31034517288, 103.460693359, 37.2947158813, -49.7394447327, 24.971206665, 160.280029297, 28.6291866302, -6.12336349487, 0.255613386631, -12.9393072128, -2.99422883987, 24.3514213562], [201.483230591, -11.6011762619, -38.7641220093, -36.7508430481, -55.8036880493, -35.203704834, 28.6291866302, 155.194061279, 8.21753883362, -33.540813446, 15.3375139236, 20.1287021637, -5.1814956665], [-79.194152832, 9.16558170319, 4.50513792038, 16.3460102081, 33.3655433655, 8.52926826477, -6.12336349487, 8.21753883362, 85.0120391846, 22.0561008453, -6.25528860092, -1.60138225555, -2.43685078621], [15.2015352249, -38.2756500244, -15.8458433151, -1.51667654514, 27.292257309, 17.4382667542, 0.255613386631, -33.540813446, 22.0561008453, 96.9587478638, 24.7218399048, -6.44432115555, -11.1131763458], [167.188949585, -33.8766441345, -62.2646636963, -41.3356208801, -3.78216814995, -3.94071054459, -12.9393072128, 15.3375139236, -6.25528860092, 24.7218399048, 95.8715286255, 28.335647583, -14.6873912811], [112.350212097, 0.845020890236, -28.9103431702, -32.9547920227, 9.34812831879, 0.304499089718, -2.99422883987, 20.1287021637, -1.60138225555, -6.44432115555, 28.335647583, 94.4552230835, 18.3902702332], [-243.48336792, 52.6821136475, 80.1616516113, 33.979385376, -19.5413131714, 4.95666313171, 24.3514213562, -5.1814956665, -2.43685078621, -11.1131763458, -14.6873912811, 18.3902702332, 92.9687957764]], "icov": [[0.000164564044098, 6.20292121312e-05, 0.000116498813441, 0.00017156607646, 1.00946072052e-05, 0.000116138893645, 0.000131065025926, -0.000136471920996, 0.000138866758789, -7.2674054536e-05, 2.44474704232e-05, -0.000119575204735, 0.000209145771805], [6.20292121312e-05, 0.000793330138549, -9.29063844524e-06, -9.90804328467e-05, -5.11373109475e-05, 0.000177279594936, 0.000144763398566, -1.0809513924e-06, -6.37907578493e-05, 0.000248402153375, 6.00670100539e-05, -6.22199950158e-05, -0.000251235091127], [0.000116498813441, -9.29063844524e-06, 0.00187702511903, -0.000962758495007, 0.00056972989114, -0.00054392387392, -0.000464543263661, 0.00023341983615, -5.62547320442e-05, 0.0001394066785, 0.000367455562809, -4.08598589274e-06, -0.000598708167672], [0.00017156607646, -9.90804328467e-05, -0.000962758495007, 0.00502804899588, -0.00107274053153, 0.000230075267609, -0.000544224050827, 0.000314729521051, -0.000431608757935, 0.000202767245355, 0.000476869696286, 0.00128618860617, -0.000745927507523], [1.00946072052e-05, -5.11373109475e-05, 0.00056972989114, -0.00107274053153, 0.00533911399543, -0.00219555944204, 0.0014750888804, 0.00117225793656, -0.00153213227168, -0.000416744849645, 0.000600687984843, -0.00139539560769, 0.00115545501467], [0.000116138893645, 0.000177279594936, -0.00054392387392, 0.000230075267609, -0.00219555944204, 0.00961186923087, -0.00204478413798, 0.00155661266763, -0.000235736588365, -0.000459468312329, -0.000357784185326, -0.00040294561768, 0.000199091242393], [0.000131065025926, 0.000144763398566, -0.000464543263661, -0.000544224050827, 0.0014750888804, -0.00204478413798, 0.00838437024504, -0.00244017411023, 0.00118300807662, -0.00164678751025, 0.00115225545596, -8.22426009108e-05, -0.00101991277188], [-0.000136471920996, -1.0809513924e-06, 0.00023341983615, 0.000314729521051, 0.00117225793656, 0.00155661266763, -0.00244017411023, 0.00936401169747, -0.00304121966474, 0.00389759149402, -0.0018685576506, -0.00126879417803, 0.000993329798803], [0.000138866758789, -6.37907578493e-05, -5.62547320442e-05, -0.000431608757935, -0.00153213227168, -0.000235736588365, 0.00118300807662, -0.00304121966474, 0.0143174082041, -0.00448775710538, 0.00226339581423, -0.000249117845669, 6.29364076303e-05], [-7.2674054536e-05, 0.000248402153375, 0.0001394066785, 0.000202767245355, -0.000416744849645, -0.000459468312329, -0.00164678751025, 0.00389759149402, -0.00448775710538, 0.0144453300163, -0.00489872554317, 0.00162487383932, 0.000573854253162], [2.44474704232e-05, 6.00670100539e-05, 0.000367455562809, 0.000476869696286, 0.000600687984843, -0.000357784185326, 0.00115225545596, -0.0018685576506, 0.00226339581423, -0.00489872554317, 0.0142902070656, -0.00432006223127, 0.00186414492782], [-0.000119575204735, -6.22199950158e-05, -4.08598589274e-06, 0.00128618860617, -0.00139539560769, -0.00040294561768, -8.22426009108e-05, -0.00126879417803, -0.000249117845669, 0.00162487383932, -0.00432006223127, 0.0138232549652, -0.00429465156049], [0.000209145771805, -0.000251235091127, -0.000598708167672, -0.000745927507523, 0.00115545501467, 0.000199091242393, -0.00101991277188, 0.000993329798803, 6.29364076303e-05, 0.000573854253162, 0.00186414492782, -0.00429465156049, 0.014004313387]], "mean": [-704.437011719, 152.32421875, 4.48783016205, 15.3522129059, 2.36526155472, -6.43094730377, -13.6035690308, -4.75167417526, -9.52623462677, -5.31008052826, -5.78067493439, -4.0971827507, -6.10216712952]}, "pitch_salience": {"dmean": 0.0654609426856, "dmean2": 0.106552422047, "dvar": 0.00320672965609, "dvar2": 0.00825296156108, "max": 0.847698390484, "mean": 0.591069281101, "median": 0.601450145245, "min": 0.139589399099, "var": 0.0110023673624}, "silence_rate_20dB": {"dmean": 0, "dmean2": 0, "dvar": 0, "dvar2": 0, "max": 1, "mean": 1, "median": 1, "min": 1, "var": 0}, "silence_rate_30dB": {"dmean": 0, "dmean2": 0, "dvar": 0, "dvar2": 0, "max": 1, "mean": 1, "median": 1, "min": 1, "var": 0}, "silence_rate_60dB": {"dmean": 0.0311879776418, "dmean2": 0.0623847991228, "dvar": 0.0302177090198, "dvar2": 0.0667269453406, "max": 1, "mean": 0.12629340589, "median": 0, "min": 0, "var": 0.110350824893}, "spectral_centroid": {"dmean": 127.603096008, "dmean2": 193.219818115, "dvar": 31390.453125, "dvar2": 56050.203125, "max": 11000.4130859, "mean": 824.88482666, "median": 688.163330078, "min": 186.003097534, "var": 288962.0625}, "spectral_complexity": {"dmean": 1.9702296257, "dmean2": 3.1665956974, "dvar": 4.19662427902, "dvar2": 9.35930919647, "max": 43, "mean": 13.0660524368, "median": 12, "min": 0, "var": 57.5001831055}, "spectral_contrast_coeffs": {"dmean": [0.0486866310239, 0.0461169630289, 0.0369771644473, 0.0293774139136, 0.0241138078272, 0.0174474846572], "dmean2": [0.0800980180502, 0.075361892581, 0.0599541813135, 0.0471076630056, 0.03742146492, 0.0269309151918], "dvar": [0.00163184595294, 0.00136793835554, 0.000899045495316, 0.000612175907008, 0.000468442827696, 0.000229193989071], "dvar2": [0.00435764761642, 0.00356001453474, 0.002285027178, 0.00147215812467, 0.000990273780189, 0.000503576418851], "max": [-0.309346318245, -0.436231821775, -0.430818080902, -0.537295341492, -0.458431005478, -0.635081887245], "mean": [-0.557952046394, -0.699014723301, -0.756352782249, -0.770294129848, -0.772560119629, -0.785449266434], "median": [-0.554181098938, -0.704565227032, -0.760696530342, -0.779555618763, -0.784990787506, -0.786101698875], "min": [-0.959336996078, -0.966034948826, -0.957545697689, -0.955546557903, -0.959622323513, -0.95766377449], "var": [0.00740918843076, 0.00596773345023, 0.00380474654958, 0.00398202985525, 0.00377861806192, 0.00119845673908]}, "spectral_contrast_valleys": {"dmean": [0.419393897057, 0.319639354944, 0.300671666861, 0.264533102512, 0.254472672939, 0.313359051943], "dmean2": [0.685423851013, 0.519597768784, 0.484848320484, 0.416528344154, 0.370105594397, 0.3992793262], "dvar": [0.152493596077, 0.0840450748801, 0.078404918313, 0.0720144361258, 0.0790088772774, 0.138785168529], "dvar2": [0.355509132147, 0.187527015805, 0.164940536022, 0.137514427304, 0.12625066936, 0.207669362426], "max": [-5.73260593414, -4.91049671173, -5.56255912781, -5.56925535202, -6.13317394257, -7.56730413437], "mean": [-7.98446369171, -6.77741956711, -7.84114599228, -8.35900497437, -8.61263370514, -11.1248292923], "median": [-7.81414890289, -6.60438108444, -7.74143314362, -8.21040058136, -8.43148612976, -10.9445705414], "min": [-27.4531173706, -27.293132782, -27.2348537445, -27.3666687012, -27.2586402893, -27.2703361511], "var": [1.1686552763, 1.18574726582, 1.33862638474, 1.43726706505, 1.3206294775, 1.46931493282]}, "spectral_decrease": {"dmean": 1.41226719208e-09, "dmean2": 2.19316165229e-09, "dvar": 3.09048428727e-18, "dvar2": 7.3346874193e-18, "max": 2.04614930037e-16, "mean": -5.14698861309e-09, "median": -3.94343180332e-09, "min": -2.61915964472e-08, "var": 1.83804826065e-17}, "spectral_energy": {"dmean": 0.00556682376191, "dmean2": 0.00862093921751, "dvar": 4.78368347103e-05, "dvar2": 0.000112969122711, "max": 0.101920425892, "mean": 0.02063495107, "median": 0.0156714748591, "min": 1.01011612866e-20, "var": 0.000297389255138}, "spectral_energyband_high": {"dmean": 7.89197656559e-05, "dmean2": 0.000102094505564, "dvar": 1.63547468901e-07, "dvar2": 2.90596830155e-07, "max": 0.0172042436898, "mean": 0.000172834261321, "median": 5.99182567385e-05, "min": 7.20796380829e-21, "var": 3.59205301947e-07}, "spectral_energyband_low": {"dmean": 0.00120969233103, "dmean2": 0.00200601224788, "dvar": 5.48404523215e-06, "dvar2": 1.48368017108e-05, "max": 0.045584153384, "mean": 0.00217997212894, "median": 0.00120232498739, "min": 1.01250701082e-22, "var": 8.99475526239e-06}, "spectral_energyband_middle_high": {"dmean": 0.00114618672524, "dmean2": 0.00171147391666, "dvar": 5.00246460433e-06, "dvar2": 1.06683210106e-05, "max": 0.0452061221004, "mean": 0.00387292611413, "median": 0.00139512075111, "min": 1.41369761011e-21, "var": 3.30291586579e-05}, "spectral_energyband_middle_low": {"dmean": 0.00488894758746, "dmean2": 0.00765310926363, "dvar": 4.07121769967e-05, "dvar2": 9.81411794783e-05, "max": 0.0831534788013, "mean": 0.0152750406414, "median": 0.0107155470178, "min": 3.25476209238e-22, "var": 0.000191574319615}, "spectral_entropy": {"dmean": 0.177623063326, "dmean2": 0.260467737913, "dvar": 0.0320179574192, "dvar2": 0.0622534789145, "max": 9.79191493988, "mean": 6.97553777695, "median": 7.05731534958, "min": 4.55057382584, "var": 0.362932980061}, "spectral_flux": {"dmean": 0.0188545901328, "dmean2": 0.0302299819887, "dvar": 0.000392299349187, "dvar2": 0.000973187910859, "max": 0.257692366838, "mean": 0.0684405863285, "median": 0.0617208853364, "min": 1.0050453525e-10, "var": 0.00187281193212}, "spectral_kurtosis": {"dmean": 3.18223667145, "dmean2": 5.1884059906, "dvar": 16.6994361877, "dvar2": 41.7604827881, "max": 84.4749450684, "mean": 9.38959980011, "median": 7.23460483551, "min": -1.17873823643, "var": 60.1286849976}, "spectral_rms": {"dmean": 0.000573471712414, "dmean2": 0.000875253987033, "dvar": 3.41316081176e-07, "dvar2": 7.71687837187e-07, "max": 0.00997168757021, "mean": 0.00403513200581, "median": 0.00391014618799, "min": 3.13923409836e-12, "var": 3.8493262764e-06}, "spectral_rolloff": {"dmean": 208.675079346, "dmean2": 348.491943359, "dvar": 213493.765625, "dvar2": 433892.75, "max": 19659.8144531, "mean": 1040.71655273, "median": 667.529296875, "min": 43.06640625, "var": 1930992.125}, "spectral_skewness": {"dmean": 0.304252564907, "dmean2": 0.477782309055, "dvar": 0.103924207389, "dvar2": 0.240445271134, "max": 7.13734579086, "mean": 2.26312589645, "median": 2.10181355476, "min": 0.0196185465902, "var": 0.688754439354}, "spectral_spread": {"dmean": 482373.15625, "dmean2": 681291.5625, "dvar": 451274964992, "dvar2": 783943663616, "max": 39800720, "mean": 3