{"lowlevel": {"average_loudness": 0.915993154049, "barkbands": {"dmean": [7.82705610618e-05, 0.00330529268831, 0.00173543044366, 0.00140243011992, 0.00195772992447, 0.00148580956738, 0.00047116188216, 0.000373043585569, 0.000677437637933, 0.000338296347763, 0.000275252736174, 0.000392229965655, 0.000358224409865, 0.000388618966099, 0.000412999856053, 0.000388938555261, 0.000304493878502, 0.000197692599613, 0.000198161476874, 0.00021612115961, 0.000229540455621, 0.000191572791664, 0.000204795782338, 0.00019965354295, 0.000179196402314, 0.000212885526707, 1.84390428331e-05], "dmean2": [0.000127116742078, 0.00504004396498, 0.0030939031858, 0.00241220369935, 0.00330224633217, 0.00252324691974, 0.000777776003815, 0.000609557842836, 0.00112644222099, 0.000538258231245, 0.000431703316281, 0.000607056543231, 0.000557656632736, 0.000593801611103, 0.000637836346868, 0.000602262094617, 0.000470963888802, 0.000297340971883, 0.000297859282, 0.000322104577208, 0.000337175268214, 0.000279210536974, 0.000307892099954, 0.000288788054604, 0.0002622474276, 0.000333634816343, 3.04278364638e-05], "dvar": [3.74098583222e-08, 5.82681568631e-05, 1.80413790076e-05, 8.64005596668e-06, 2.22177095566e-05, 1.63875283761e-05, 1.06068318928e-06, 9.33406681725e-07, 2.69116890195e-06, 7.64178025747e-07, 4.85485259105e-07, 1.22653125345e-06, 9.31958368255e-07, 1.00970680705e-06, 8.46309660574e-07, 5.82064501486e-07, 4.05682584415e-07, 1.13518289879e-07, 1.09755681876e-07, 1.51842002083e-07, 1.8179926542e-07, 2.33648691506e-07, 4.70910748618e-07, 3.72831806317e-07, 1.94927054054e-07, 3.48918831605e-07, 2.68154565219e-09], "dvar2": [8.75502408348e-08, 0.00011771878053, 5.20332105225e-05, 2.38486718445e-05, 5.95272686041e-05, 4.40128569608e-05, 2.68711255558e-06, 2.23325446314e-06, 7.23017592463e-06, 1.78392031103e-06, 1.12421878384e-06, 2.7809292078e-06, 2.03861713999e-06, 2.16062358049e-06, 1.979713943e-06, 1.35998936912e-06, 9.04527155399e-07, 2.50470577612e-07, 2.61025462578e-07, 3.43321204355e-07, 3.81312531772e-07, 5.47847491816e-07, 1.09752647859e-06, 7.9692796362e-07, 3.97006857611e-07, 8.14238148905e-07, 6.6397656262e-09], "max": [0.00173481774982, 0.0686662718654, 0.0416676439345, 0.0360364355147, 0.0488023050129, 0.03664457798, 0.0153558095917, 0.0252491030842, 0.0309543777257, 0.0216507874429, 0.0174912288785, 0.0326063111424, 0.0269804820418, 0.0270030703396, 0.0242807362229, 0.0281625296921, 0.0249455720186, 0.00901023298502, 0.00757605489343, 0.00742267025635, 0.00684040831402, 0.0118244616315, 0.0172165539116, 0.0148399882019, 0.00976812466979, 0.00966810062528, 0.000655096489936], "mean": [7.25218415027e-05, 0.003990476951, 0.00186189636588, 0.00165858713444, 0.00220122514293, 0.00142313365359, 0.000505810428876, 0.000436549162259, 0.000829858414363, 0.000491935992613, 0.000392817339161, 0.000626987137366, 0.000567888084333, 0.000611906463746, 0.000691733905114, 0.000684189901222, 0.000556735671125, 0.000353461073246, 0.000387879437767, 0.000401930126827, 0.000425456644734, 0.000324863416608, 0.000297723338008, 0.000280785083305, 0.000239770160988, 0.000212210696191, 1.49782417793e-05], "median": [9.49643981585e-06, 0.000554636644665, 0.000385604682378, 0.000533113023266, 0.000707393162884, 0.000307814625558, 0.00012599749607, 0.000120576674817, 0.000174838074599, 0.000118947435112, 9.29706875468e-05, 0.000101907608041, 8.19675624371e-05, 9.37952863751e-05, 0.000170127488673, 0.00028511689743, 0.000226681149798, 0.000166658690432, 0.0001656053646, 0.000153117216541, 0.000137467024615, 8.26084724395e-05, 4.84031806991e-05, 2.33445480262e-05, 1.12914276542e-05, 6.11638006376e-06, 2.38619151105e-07], "min": [1.55109464769e-12, 6.81760529107e-13, 1.29701750642e-13, 2.45005133803e-13, 1.54450042165e-12, 6.2686498787e-13, 7.65415834013e-13, 1.74518345196e-13, 6.6253307094e-13, 4.16968055136e-13, 3.24585193792e-13, 8.11729047694e-13, 5.08753304242e-13, 1.0459926111e-12, 9.73718501662e-13, 1.55928113303e-12, 1.42050596546e-12, 2.84871670524e-12, 3.08890044619e-12, 3.98809978097e-12, 3.28253917103e-12, 5.81811595429e-12, 6.20259009085e-12, 8.2109562205e-12, 1.0099972074e-11, 1.43964831376e-11, 1.81154743983e-11], "var": [3.63508121382e-08, 7.51048428356e-05, 1.35001955641e-05, 8.24070411909e-06, 1.85297103599e-05, 1.27056655401e-05, 1.19418996292e-06, 1.13949897695e-06, 3.70558154827e-06, 1.53113580836e-06, 9.89469981505e-07, 3.14105818688e-06, 2.73709792964e-06, 2.47977527579e-06, 2.40178701461e-06, 1.55983980221e-06, 1.17239198971e-06, 2.77404865301e-07, 3.17651227988e-07, 3.79964603781e-07, 5.26249266386e-07, 4.29485425002e-07, 7.88806346463e-07, 6.66638470648e-07, 4.21879889245e-07, 4.20534604473e-07, 2.36190000891e-09]}, "barkbands_crest": {"dmean": 2.86496973038, "dmean2": 4.622797966, "dvar": 6.68735551834, "dvar2": 16.2860832214, "max": 25.7949390411, "mean": 8.97585582733, "median": 8.10511112213, "min": 2.0314514637, "var": 16.934091568}, "barkbands_flatness_db": {"dmean": 0.023974224925, "dmean2": 0.0349146723747, "dvar": 0.000546757481061, "dvar2": 0.00111256656237, "max": 0.39549061656, "mean": 0.113985866308, "median": 0.106735609472, "min": 0.0223113726825, "var": 0.00260357372463}, "barkbands_kurtosis": {"dmean": 2.84627819061, "dmean2": 4.41868543625, "dvar": 68.1411590576, "dvar2": 163.723724365, "max": 483.451293945, "mean": 2.65260028839, "median": -0.023479135707, "min": -1.94157230854, "var": 105.277854919}, "barkbands_skewness": {"dmean": 0.67594742775, "dmean2": 1.00532650948, "dvar": 0.55571770668, "dvar2": 1.16958093643, "max": 20.2298259735, "mean": 0.902807831764, "median": 0.702358543873, "min": -8.16159725189, "var": 2.03138947487}, "barkbands_spread": {"dmean": 8.92106533051, "dmean2": 13.5225629807, "dvar": 100.315406799, "dvar2": 226.196975708, "max": 107.723571777, "mean": 31.249628067, "median": 28.6394119263, "min": 0.978817224503, "var": 318.530944824}, "dissonance": {"dmean": 0.0147688221186, "dmean2": 0.0245450269431, "dvar": 0.000246448093094, "dvar2": 0.000636535754893, "max": 0.500000059605, "mean": 0.475753128529, "median": 0.481811881065, "min": 0.284405916929, "var": 0.000491239246912}, "dynamic_complexity": 5.35556936264, "erbbands": {"dmean": [0.100398689508, 0.785526275635, 1.84135913849, 3.7660343647, 4.7238202095, 8.43048286438, 7.82633924484, 12.26167202, 8.20262813568, 6.51163005829, 8.57676792145, 16.3811740875, 12.4599370956, 9.63751888275, 11.4532718658, 17.0201072693, 16.6067180634, 16.8377075195, 20.5458583832, 20.8958320618, 19.7985286713, 14.8906078339, 10.5950956345, 8.77182483673, 11.1223182678, 10.1874170303, 9.72683525085, 8.08968639374, 6.9175157547, 6.19626951218, 6.03392839432, 4.52761602402, 3.17257618904, 1.83435773849, 1.40801310539, 1.06097233295, 0.364773005247, 0.048577349633, 0.0032956302166, 0.000103934398794], "dmean2": [0.151042744517, 1.23564553261, 3.19872236252, 6.58323192596, 7.82050180435, 14.4333229065, 12.9865970612, 21.0263271332, 13.7919406891, 10.8104391098, 13.829785347, 27.4133701324, 20.0005664825, 15.083489418, 17.839422226, 26.1895160675, 25.5752773285, 25.5450649261, 31.8615970612, 31.6522846222, 30.0491027832, 22.625535965, 15.7966594696, 13.1840047836, 16.559961319, 15.0456495285, 14.3770895004, 11.743144989, 10.1122837067, 9.23599052429, 9.02778720856, 6.74028682709, 4.56623458862, 2.67670965195, 2.09654927254, 1.64706373215, 0.575588881969, 0.0790497660637, 0.00540515873581, 0.000162867581821], "dvar": [0.0576979629695, 3.31330370903, 18.8291797638, 73.8578491211, 82.6562271118, 463.3331604, 338.671478271, 1237.97497559, 408.807006836, 262.807952881, 411.891601563, 1771.04138184, 1041.74926758, 540.73449707, 760.255065918, 2626.25805664, 2187.47827148, 1776.83435059, 2432.14941406, 1987.4552002, 1630.6652832, 790.768188477, 330.452575684, 206.581954956, 368.772277832, 367.089202881, 321.326690674, 229.554748535, 311.101837158, 297.814331055, 461.157714844, 266.403076172, 75.371711731, 20.0682449341, 13.2474002838, 8.643658638, 1.06729876995, 0.0178839378059, 8.41723594931e-05, 7.01588547258e-08], "dvar2": [0.125712290406, 7.14368724823, 52.5977478027, 208.981658936, 210.922134399, 1258.0012207, 877.510681152, 3384.45361328, 1079.15820313, 677.309020996, 1004.96221924, 4763.44189453, 2598.14575195, 1236.10351563, 1777.09362793, 5908.03759766, 4786.55126953, 3823.54614258, 5911.24658203, 4609.25, 3678.74267578, 1798.02978516, 727.417663574, 464.674682617, 862.909667969, 835.069763184, 716.659912109, 474.681304932, 735.571289063, 712.156677246, 1099.89941406, 601.601867676, 152.858764648, 40.4315605164, 28.1737213135, 20.0856761932, 2.50111269951, 0.0434831045568, 0.000205191216082, 1.66943635804e-07], "max": [1.95918548107, 16.5895709991, 38.5498199463, 97.3799057007, 97.8787841797, 230.356994629, 203.329162598, 345.656066895, 279.159057617, 322.910003662, 442.538482666, 774.310852051, 761.675964355, 730.842712402, 898.087402344, 1566.73181152, 1478.26464844, 1089.63098145, 1526.15283203, 1091.6763916, 1916.26855469, 824.161071777, 435.326782227, 316.31137085, 428.425750732, 396.152893066, 320.471862793, 270.153564453, 556.130737305, 435.470703125, 593.697692871, 368.309631348, 229.406402588, 113.222640991, 77.1759338379, 56.7479248047, 15.9182329178, 1.75013411045, 0.111501738429, 0.00302848103456], "mean": [0.101029768586, 0.938586473465, 2.11751914024, 4.3230676651, 6.06756210327, 8.5669631958, 8.47069740295, 11.5043897629, 8.11462593079, 7.4662399292, 11.1675329208, 20.0746078491, 16.8404922485, 15.2969856262, 17.755197525, 28.7243251801, 28.0225372314, 28.0924701691, 35.1250495911, 38.0394859314, 38.047077179, 29.4990844727, 20.5973014832, 17.6451244354, 21.9856376648, 19.4482955933, 18.0294723511, 14.690700531, 11.6548500061, 10.0378742218, 8.46341609955, 6.20359611511, 4.49964427948, 2.57935929298, 1.76892924309, 1.13217186928, 0.344927817583, 0.0416924953461, 0.00274926098064, 0.000109367654659], "median": [0.0101882098243, 0.146273463964, 0.556992650032, 1.46430897713, 2.34420514107, 2.37989282608, 2.24308538437, 2.37212228775, 1.96387600899, 2.04674100876, 3.53933954239, 4.32496976852, 4.58775424957, 4.62610626221, 5.59416770935, 5.30540275574, 4.96357917786, 6.18802881241, 8.92080688477, 13.3808898926, 16.9862098694, 12.5808324814, 9.95300388336, 8.96294879913, 8.31559944153, 7.64132881165, 6.77268362045, 4.46737718582, 3.0088186264, 2.28934383392, 1.2304418087, 0.651048719883, 0.275441348553, 0.128064095974, 0.0791935175657, 0.0369006097317, 0.00903182290494, 0.000958430813625, 5.69132098462e-05, 2.34422295762e-05], "min": [7.81653963777e-10, 1.25045113153e-10, 2.5096871803e-10, 7.87169884831e-10, 2.89011836685e-09, 3.28993920995e-09, 5.17405274181e-09, 3.02942537722e-09, 1.12426672416e-08, 6.51542730878e-09, 7.03718283646e-09, 1.64662914415e-08, 1.93915958846e-08, 1.96436413802e-08, 3.12946752956e-08, 4.2364394659e-08, 3.08150767125e-08, 6.02227032687e-08, 5.04126163037e-08, 7.4345905432e-08, 1.24768675391e-07, 1.23744413827e-07, 1.80738055633e-07, 1.34623832082e-07, 1.73840845719e-07, 2.06628286037e-07, 1.35764267384e-07, 1.65818676123e-07, 1.96893935822e-07, 1.85517478712e-07, 1.80857981036e-07, 1.69836468444e-07, 1.2438059116e-07, 9.22933907077e-08, 6.79847147467e-08, 4.53936976896e-08, 2.50432652393e-08, 8.95871199447e-09, 2.34987940217e-09, 2.4145296873e-10], "var": [0.0643520802259, 3.96427297592, 15.6718788147, 60.4316673279, 92.5376434326, 362.627868652, 320.5703125, 927.955749512, 353.021179199, 302.693450928, 564.123291016, 2441.39990234, 1601.5279541, 1288.37597656, 1607.6685791, 6714.56103516, 6180.57763672, 4404.48144531, 6634.66943359, 5556.62988281, 5163.48339844, 2655.92602539, 938.777160645, 600.501708984, 1082.71166992, 909.560546875, 865.512878418, 648.521972656, 548.284667969, 517.66003418, 711.41229248, 408.693450928, 157.003890991, 46.8462600708, 24.9571971893, 11.3859643936, 1.20870172977, 0.0170348919928, 7.74222498876e-05, 7.30816793748e-08]}, "erbbands_crest": {"dmean": 2.7336359024, "dmean2": 4.31777477264, "dvar": 6.88463020325, "dvar2": 15.7041406631, "max": 33.7132034302, "mean": 9.04218959808, "median": 7.67469501495, "min": 2.15681672096, "var": 25.6827774048}, "erbbands_flatness_db": {"dmean": 0.0257252659649, "dmean2": 0.0333703681827, "dvar": 0.00060944451252, "dvar2": 0.00102623738348, "max": 0.415631562471, "mean": 0.153255075216, "median": 0.150767460465, "min": 0.0282235369086, "var": 0.00317084905691}, "erbbands_kurtosis": {"dmean": 1.27553546429, "dmean2": 1.95969486237, "dvar": 5.80992460251, "dvar2": 12.0259809494, "max": 64.7072219849, "mean": 0.854947865009, "median": -0.102104477584, "min": -1.8660531044, "var": 12.3973693848}, "erbbands_skewness": {"dmean": 0.438222408295, "dmean2": 0.650428473949, "dvar": 0.213012084365, "dvar2": 0.434758394957, "max": 5.05152750015, "mean": -0.173788011074, "median": -0.171910136938, "min": -5.41734981537, "var": 0.80491745472}, "erbbands_spread": {"dmean": 11.1738138199, "dmean2": 16.5919055939, "dvar": 137.776565552, "dvar2": 306.114562988, "max": 150.177734375, "mean": 39.5395278931, "median": 36.3635559082, "min": 1.67896294594, "var": 441.516601563}, "gfcc": {"cov": [[26538.1640625, -278.836303711, -562.473754883, 618.93737793, -642.330749512, 364.941589355, -497.430389404, 309.658843994, -346.706298828, 334.053100586, -328.23324585, 132.054412842, -159.685897827], [-278.836303711, 2175.59619141, -274.210784912, 169.882263184, 478.437194824, -168.492874146, 260.890441895, -106.730636597, 104.403038025, -227.736160278, 27.3060417175, -90.6434555054, 90.5592193604], [-562.473754883, -274.210784912, 1418.65734863, 127.197151184, 64.8522338867, 39.9385414124, -110.90536499, 100.503875732, -63.7196731567, 56.1524848938, -43.5830116272, 72.2956314087, -22.3320636749], [618.93737793, 169.882263184, 127.197151184, 417.720245361, 98.8223724365, 37.4328041077, 20.4620685577, 35.1805725098, 62.7110939026, -25.0698471069, -29.6443481445, -26.4593811035, 22.8536434174], [-642.330749512, 478.437194824, 64.8522338867, 98.8223724365, 433.537750244, 27.5024204254, 94.5955810547, 9.50391960144, 48.401599884, -24.1060638428, -13.8418664932, -33.1620979309, 29.8119697571], [364.941589355, -168.492874146, 39.9385414124, 37.4328041077, 27.5024204254, 270.958740234, 82.4404144287, 9.46933364868, -29.7854728699, 38.612071991, 15.494764328, -6.91885852814, -14.5944194794], [-497.430389404, 260.890441895, -110.90536499, 20.4620685577, 94.5955810547, 82.4404144287, 263.257446289, -2.35915088654, -0.826433598995, -35.9160499573, 22.2154140472, -24.5568904877, 11.1382350922], [309.658843994, -106.730636597, 100.503875732, 35.1805725098, 9.50391960144, 9.46933364868, -2.35915088654, 158.644165039, 38.6768951416, 13.9009084702, -11.4423303604, 14.3238573074, -5.00744390488], [-346.706298828, 104.403038025, -63.7196731567, 62.7110939026, 48.401599884, -29.7854728699, -0.826433598995, 38.6768951416, 151.798721313, 10.5087194443, -11.033205986, -18.5939311981, 19.4064044952], [334.053100586, -227.736160278, 56.1524848938, -25.0698471069, -24.1060638428, 38.612071991, -35.9160499573, 13.9009084702, 10.5087194443, 135.624908447, 12.323012352, -0.414853960276, -16.9491539001], [-328.23324585, 27.3060417175, -43.5830116272, -29.6443481445, -13.8418664932, 15.494764328, 22.2154140472, -11.4423303604, -11.033205986, 12.323012352, 106.612548828, 31.4138031006, -19.7583560944], [132.054412842, -90.6434555054, 72.2956314087, -26.4593811035, -33.1620979309, -6.91885852814, -24.5568904877, 14.3238573074, -18.5939311981, -0.414853960276, 31.4138031006, 105.926376343, 11.9056911469], [-159.685897827, 90.5592193604, -22.3320636749, 22.8536434174, 29.8119697571, -14.5944194794, 11.1382350922, -5.00744390488, 19.4064044952, -16.9491539001, -19.7583560944, 11.9056911469, 93.2739944458]], "icov": [[7.25118734408e-05, -0.000127729770611, 0.000110217581096, -0.000173455104232, 0.000164713026606, -0.000169693536009, 0.000196063730982, -0.000245239876676, 0.000345231237588, -0.000358789227903, 0.000429607462138, -0.00028895700234, 0.000192128281924], [-0.000127729770611, 0.00122713879682, -0.000171849547769, 0.000132993489387, -0.00113835604861, 0.00103252264671, -0.00095495081041, 0.00100171077065, -0.000961776473559, 0.00174101267476, -0.00148375181016, 0.00107361120172, -0.00072549271863], [0.000110217581096, -0.000171849547769, 0.00108183501288, -0.000600102590397, -4.69766018796e-05, -0.000292375945719, 0.000632298411801, -0.000856984290294, 0.00118271214887, -0.000914715987165, 0.00114569894504, -0.00114566134289, 0.000585988396779], [-0.000173455104232, 0.000132993489387, -0.000600102590397, 0.00340671325102, -0.000581513158977, -0.000358888180926, -0.000231813071878, 0.000262544577708, -0.00199755607173, 0.00155794539023, -0.000729555671569, 0.00126320472918, -0.000850048440043], [0.000164713026606, -0.00113835604861, -4.69766018796e-05, -0.000581513158977, 0.00392712559551, -0.00106477376539, 7.21138849258e-06, -0.000891189440154, 0.000292485725367, -0.00146123312879, 0.00152970745694, -0.000429892301327, 0.000100494115031], [-0.000169693536009, 0.00103252264671, -0.000292375945719, -0.000358888180926, -0.00106477376539, 0.00571079226211, -0.00261666951701, 0.00070225255331, 0.000266618095338, -0.000275119004073, -0.00167912535835, 0.00111994962208, -0.000295119301882], [0.000196063730982, -0.00095495081041, 0.000632298411801, -0.000231813071878, 7.21138849258e-06, -0.00261666951701, 0.00622581364587, -0.00148039672058, 0.00138880475424, 3.7033281842e-05, 4.94532214361e-05, 0.000159337025252, -5.57363237021e-05], [-0.000245239876676, 0.00100171077065, -0.000856984290294, 0.000262544577708, -0.000891189440154, 0.00070225255331, -0.00148039672058, 0.00873217359185, -0.003773417091, 0.00143510126509, -0.000617608544417, -0.000456865876913, 0.000351724214852], [0.000345231237588, -0.000961776473559, 0.00118271214887, -0.00199755607173, 0.000292485725367, 0.000266618095338, 0.00138880475424, -0.003773417091, 0.0107254786417, -0.00368160405196, 0.00206482503563, -0.000300895248074, -0.000547477975488], [-0.000358789227903, 0.00174101267476, -0.000914715987165, 0.00155794539023, -0.00146123312879, -0.000275119004073, 3.7033281842e-05, 0.00143510126509, -0.00368160405196, 0.0121221467853, -0.0043145804666, 0.00305401883088, -0.000743746408261], [0.000429607462138, -0.00148375181016, 0.00114569894504, -0.000729555671569, 0.00152970745694, -0.00167912535835, 4.94532214361e-05, -0.000617608544417, 0.00206482503563, -0.0043145804666, 0.0153948813677, -0.00706331804395, 0.00478748092428], [-0.00028895700234, 0.00107361120172, -0.00114566134289, 0.00126320472918, -0.000429892301327, 0.00111994962208, 0.000159337025252, -0.000456865876913, -0.000300895248074, 0.00305401883088, -0.00706331804395, 0.0144218616188, -0.00457129068673], [0.000192128281924, -0.00072549271863, 0.000585988396779, -0.000850048440043, 0.000100494115031, -0.000295119301882, -5.57363237021e-05, 0.000351724214852, -0.000547477975488, -0.000743746408261, 0.00478748092428, -0.00457129068673, 0.0136266080663]], "mean": [-39.1280708313, 63.8065757751, -121.872665405, 39.8222961426, -51.2559509277, 11.8147678375, -36.7057914734, 5.87067651749, -25.5979728699, 1.73311567307, -23.7228679657, 0.826037943363, -10.1860294342]}, "hfc": {"dmean": 12.929274559, "dmean2": 17.9646778107, "dvar": 531.370788574, "dvar2": 1078.65112305, "max": 334.334442139, "mean": 28.1922359467, "median": 16.4856719971, "min": 1.18772823043e-06, "var": 1336.99438477}, "melbands": {"dmean": [0.000909737602342, 0.000952950678766, 0.000626409833785, 0.000510928104632, 0.000274127552984, 0.000280097679934, 0.000115677175927, 7.21776814316e-05, 7.4475807196e-05, 0.000104768187157, 6.14360615145e-05, 3.94570051867e-05, 3.87910076824e-05, 4.25774815085e-05, 4.25753787567e-05, 3.39641956089e-05, 3.43326828443e-05, 3.62349528586e-05, 2.95776044368e-05, 2.80775075225e-05, 2.52072386502e-05, 1.7607708287e-05, 1.25130454762e-05, 9.79493597697e-06, 7.44329827285e-06, 8.15405746835e-06, 8.74010584084e-06, 6.74414150126e-06, 5.92130891164e-06, 6.63446917315e-06, 4.43850149168e-06, 3.92763286072e-06, 4.06860817748e-06, 3.53676364284e-06, 3.76478101316e-06, 3.00647229778e-06, 2.8100387226e-06, 2.51905362347e-06, 1.68057817973e-06, 1.56241128479e-06], "dmean2": [0.00136453006417, 0.00156541529577, 0.00107552087866, 0.000866362592205, 0.000452835549368, 0.00047871490824, 0.000194514053874, 0.00011948410247, 0.000120583375974, 0.000175229317392, 9.88610700006e-05, 6.18759368081e-05, 6.06398862146e-05, 6.55049152556e-05, 6.56898773741e-05, 5.23403432453e-05, 5.20341782249e-05, 5.6367895013e-05, 4.5107146434e-05, 4.33687164332e-05, 3.85527782782e-05, 2.71858680208e-05, 1.91503513634e-05, 1.49335182869e-05, 1.14718577606e-05, 1.24068974401e-05, 1.32756404128e-05, 1.01395498859e-05, 8.83858683665e-06, 1.00260713225e-05, 6.52348080621e-06, 5.8361210904e-06, 6.09554172115e-06, 5.41219878869e-06, 5.69973781239e-06, 4.54385690318e-06, 4.25042071583e-06, 3.68359201275e-06, 2.44704256147e-06, 2.33408445638e-06], "dvar": [4.48711762147e-06, 4.49028993899e-06, 1.77074787189e-06, 1.55093596277e-06, 4.06683284382e-07, 6.32937769751e-07, 7.50313589037e-08, 3.41547057303e-08, 2.91478112757e-08, 7.15077490554e-08, 2.62373589521e-08, 9.41940569987e-09, 9.62855128961e-09, 1.41717597657e-08, 1.35995206207e-08, 7.98120769474e-09, 8.41439184995e-09, 8.41302050247e-09, 4.5357095857e-09, 3.19817883287e-09, 3.08340575295e-09, 1.25898713677e-09, 6.06437955408e-10, 2.76703077118e-10, 1.66682431746e-10, 2.15295947736e-10, 2.53431359232e-10, 1.69608646572e-10, 1.1987121018e-10, 1.7336072855e-10, 7.17823370189e-11, 8.73939809409e-11, 1.36132424777e-10, 1.0631337477e-10, 1.69049052534e-10, 1.48651216336e-10, 1.0213904722e-10, 4.87710496988e-11, 2.21589448179e-11, 1.44548088776e-11], "dvar2": [9.20038473851e-06, 1.12564603114e-05, 4.91937271363e-06, 4.18290846937e-06, 1.0602286693e-06, 1.72130762621e-06, 1.97601096374e-07, 8.61431956878e-08, 7.15676193863e-08, 1.93368592249e-07, 6.50586287065e-08, 2.14031068424e-08, 2.21224247809e-08, 3.24770290661e-08, 3.17263690874e-08, 1.72071974447e-08, 1.7772961769e-08, 2.05040002754e-08, 1.0589999988e-08, 7.63932916925e-09, 6.88992107811e-09, 2.8392770357e-09, 1.38645628311e-09, 6.2556265723e-10, 3.82971654389e-10, 5.18588172405e-10, 5.90628435049e-10, 3.93587884506e-10, 2.75304640196e-10, 3.79018816332e-10, 1.52773613205e-10, 2.03778841024e-10, 3.35985045341e-10, 2.57331822517e-10, 4.07946398884e-10, 3.4461763998e-10, 2.38201902647e-10, 1.03769937088e-10, 4.56111433345e-11, 3.0319441402e-11], "max": [0.0192174371332, 0.0191547498107, 0.0140857892111, 0.0128053724766, 0.00599187100306, 0.0074313627556, 0.00360289216042, 0.00378918880597, 0.00440148590133, 0.00461208540946, 0.00389657937922, 0.00318185705692, 0.00276035489514, 0.00381221319549, 0.00315329618752, 0.00280207465403, 0.00259636272676, 0.00237457780167, 0.00163140776567, 0.00102378893644, 0.00260014925152, 0.00100913853385, 0.000731979904231, 0.000371325702872, 0.000304530491121, 0.000512947095558, 0.000289252551738, 0.000288720213575, 0.000306900270516, 0.000235476138187, 0.000170062281541, 0.000246712006629, 0.000325769913616, 0.000258821790339, 0.000358435238013, 0.000313730794005, 0.000226656440645, 0.000162148018717, 0.000156515074195, 8.29107302707e-05], "mean": [0.0010262997821, 0.00119306251872, 0.000786381016951, 0.000559882610105, 0.000302319123875, 0.000263157795416, 0.000117740884889, 8.25678289402e-05, 9.70307955868e-05, 0.000126283455756, 8.12639846117e-05, 6.03529624641e-05, 5.69162184547e-05, 6.80263256072e-05, 7.23706834833e-05, 5.14388484589e-05, 5.34207320015e-05, 5.71651253267e-05, 5.01935210195e-05, 4.83008298033e-05, 4.50667248515e-05, 3.18071324727e-05, 2.25275143748e-05, 1.68365841091e-05, 1.35433438118e-05, 1.5237757907e-05, 1.57989015861e-05, 1.19798778542e-05, 1.05066474134e-05, 1.12083562271e-05, 7.59083604862e-06, 6.37312450635e-06, 6.40114467387e-06, 5.32484955329e-06, 5.08388620801e-06, 4.06858043789e-06, 3.69733152183e-06, 3.43316401086e-06, 2.37104973166e-06, 2.1108664896e-06], "median": [0.000126066093799, 0.000304215704091, 0.000319398473948, 0.000178969261469, 8.89420989552e-05, 5.45635484741e-05, 2.89487525151e-05, 2.18705772568e-05, 2.75498641713e-05, 2.5566547265e-05, 2.04056777875e-05, 1.62914384418e-05, 1.54071003635e-05, 1.24539565149e-05, 1.05840626929e-05, 8.58237308421e-06, 8.30300814414e-06, 1.09248994704e-05, 1.29440995806e-05, 1.85638273251e-05, 1.76186622411e-05, 1.25707010739e-05, 8.45667273097e-06, 7.60729017202e-06, 6.08024856774e-06, 5.79806919632e-06, 5.14606017532e-06, 4.46817193733e-06, 3.86949250242e-06, 3.06751508106e-06, 2.02225646717e-06, 1.59043020176e-06, 1.4719689716e-06, 1.08802578325e-06, 7.18537989997e-07, 4.63591220523e-07, 3.38223259178e-07, 2.04286322969e-07, 1.1353984064e-07, 9.87817685427e-08], "min": [1.50245857422e-11, 1.26274709547e-13, 1.91323262029e-13, 1.76753549947e-13, 1.63800369752e-13, 8.41484271586e-14, 1.65475963552e-13, 6.48271516221e-14, 5.84345194302e-14, 9.51724728757e-14, 7.6559804774e-14, 7.03961493048e-14, 6.67963202653e-14, 6.52940903927e-14, 7.3241753103e-14, 5.3929052928e-14, 1.06961829801e-13, 4.01758433379e-14, 6.0726705782e-14, 1.00445042908e-13, 1.21663177579e-13, 8.18034469373e-14, 1.33577055124e-13, 1.25031482021e-13, 7.97696259633e-14, 1.17094444492e-13, 9.19043758197e-14, 1.23817541506e-13, 7.74698705251e-14, 7.11039571406e-14, 8.55844326073e-14, 8.76735749972e-14, 1.08812014032e-13, 9.33238471852e-14, 7.82283309311e-14, 7.87239875068e-14, 9.17240391171e-14, 8.10106444275e-14, 7.9085792548e-14, 7.63271011065e-14], "var": [5.57284283786e-06, 4.75132128486e-06, 1.60703848451e-06, 1.24859047901e-06, 3.70889296164e-07, 4.75030532243e-07, 6.86661678628e-08, 3.88618026648e-08, 4.16763334954e-08, 9.68783169242e-08, 4.07464213481e-08, 2.26058780584e-08, 1.94613445359e-08, 3.63650478619e-08, 4.2828347091e-08, 1.83920398911e-08, 2.04085921496e-08, 2.11160386954e-08, 1.20812444493e-08, 7.14738801477e-09, 9.61166790603e-09, 3.50777940028e-09, 1.82062276366e-09, 6.53961274022e-10, 4.29006691283e-10, 6.05865746461e-10, 6.12552342183e-10, 3.96839061612e-10, 3.27910559816e-10, 4.42718001148e-10, 1.83994666725e-10, 1.59690718982e-10, 2.07324060697e-10, 1.72740058368e-10, 2.52320137006e-10, 2.23117427312e-10, 1.43888137516e-10, 9.21841769586e-11, 4.82907186461e-11, 3.11857033253e-11]}, "melbands_crest": {"dmean": 3.51765346527, "dmean2": 5.63585186005, "dvar": 9.07454204559, "dvar2": 22.1557407379, "max": 39.5677452087, "mean": 12.6770277023, "median": 12.0430603027, "min": 2.54164171219, "var": 24.0083770752}, "melbands_flatness_db": {"dmean": 0.0318396985531, "dmean2": 0.0460506007075, "dvar": 0.000927430519368, "dvar2": 0.00192532991059, "max": 0.516159176826, "mean": 0.163202673197, "median": 0.15377895534, "min": 0.018380638212, "var": 0.00525090983137}, "melbands_kurtosis": {"dmean": 7.94619226456, "dmean2": 12.5230121613, "dvar": 826.359802246, "dvar2": 2142.81738281, "max": 1716.04016113, "mean": 11.0629253387, "median": 3.51619172096, "min": -1.92590105534, "var": 1123.13366699}, "melbands_skewness": {"dmean": 0.913077890873, "dmean2": 1.36738884449, "dvar": 1.13075518608, "dvar2": 2.58304524422, "max": 34.8403892517, "mean": 2.21143245697, "median": 1.84730565548, "min": -4.24082231522, "var": 3.80054044724}, "melbands_spread": {"dmean": 14.2298727036, "dmean2": 21.5690135956, "dvar": 358.143188477, "dvar2": 748.119750977, "max": 276.476531982, "mean": 40.0027351379, "median": 34.3371353149, "min": 0.359843343496, "var": 983.960632324}, "mfcc": {"cov": [[15676.0595703, -227.260101318, 88.8520355225, 295.220031738, -48.9950904846, 78.9213104248, -81.6961898804, -56.1000938416, -49.8989944458, 16.8362464905, 13.7592945099, -16.2945861816, -61.8217658997], [-227.260101318, 1923.66894531, -286.806396484, 367.226470947, 161.687545776, 85.1910476685, 96.8286209106, 127.436088562, 79.7443695068, -23.357378006, -60.0673904419, -49.916343689, 18.8500556946], [88.8520355225, -286.806396484, 1010.23150635, 65.9072494507, 147.398193359, -22.9434680939, 30.9089164734, -20.1372623444, 13.0309972763, -31.0337409973, -16.667224884, 36.3036003113, 22.1973667145], [295.220031738, 367.226470947, 65.9072494507, 429.71105957, 149.056121826, 28.7190227509, -8.31368732452, 69.990562439, 81.5884094238, 22.7336807251, -28.1458415985, -21.3649959564, 35.6796989441], [-48.9950904846, 161.687545776, 147.398193359, 149.056121826, 322.801757813, 24.3702697754, 2.65731430054, 20.2829799652, 65.9404296875, 29.6767311096, -2.45421671867, -0.30086645484, 6.60391378403], [78.9213104248, 85.1910476685, -22.9434680939, 28.7190227509, 24.3702697754, 243.564285278, 102.24105072, 21.3322620392, 26.8806819916, 29.1421585083, 22.2431926727, -2.56027650833, -22.347902298], [-81.6961898804, 96.8286209106, 30.9089164734, -8.31368732452, 2.65731430054, 102.24105072, 232.780548096, 51.8527984619, 10.648018837, -11.5956058502, 44.1657562256, 19.5928192139, -38.8563690186], [-56.1000938416, 127.436088562, -20.1372623444, 69.990562439, 20.2829799652, 21.3322620392, 51.8527984619, 173.66178894, 29.3608722687, 4.33695793152, -6.03062391281, 4.32616138458, 23.4590377808], [-49.8989944458, 79.7443695068, 13.0309972763, 81.5884094238, 65.9404296875, 26.8806819916, 10.648018837, 29.3608722687, 170.571075439, 42.9100723267, -17.1340103149, 2.70361924171, -2.80556511879], [16.8362464905, -23.357378006, -31.0337409973, 22.7336807251, 29.6767311096, 29.1421585083, -11.5956058502, 4.33695793152, 42.9100723267, 142.391235352, 24.9657268524, -20.7917022705, 0.828864395618], [13.7592945099, -60.0673904419, -16.667224884, -28.1458415985, -2.45421671867, 22.2431926727, 44.1657562256, -6.03062391281, -17.1340103149, 24.9657268524, 118.592803955, 23.4491863251, -22.1804237366], [-16.2945861816, -49.916343689, 36.3036003113, -21.3649959564, -0.30086645484, -2.56027650833, 19.5928192139, 4.32616138458, 2.70361924171, -20.7917022705, 23.4491863251, 117.736419678, 30.3883323669], [-61.8217658997, 18.8500556946, 22.1973667145, 35.6796989441, 6.60391378403, -22.347902298, -38.8563690186, 23.4590377808, -2.80556511879, 0.828864395618, -22.1804237366, 30.3883323669, 124.462966919]], "icov": [[6.65492916596e-05, 1.61088937602e-05, -3.63709023077e-06, -8.49972784636e-05, 3.48163084709e-05, -3.59862788173e-05, 3.56439268216e-05, 1.84331656783e-05, 4.24729587394e-05, -6.25455686531e-06, -1.60793047144e-06, -2.31572103075e-05, 6.13416923443e-05], [1.61088937602e-05, 0.000745370576624, 0.000302149914205, -0.000572026357986, -0.000255457300227, -3.68756809621e-05, -0.0003971606493, -0.00011498794629, 1.2422969121e-05, 0.000280214328086, 0.000313824100886, 0.000198595458642, -8.43225061544e-05], [-3.63709023077e-06, 0.000302149914205, 0.00124140793923, -0.000284697249299, -0.000649171182886, 0.000209315534448, -0.00052372936625, 0.000271049153525, 6.32632581983e-05, 0.000299052218907, 0.000359117111657, -0.000190125661902, -0.000220064030145], [-8.49972784636e-05, -0.000572026357986, -0.000284697249299, 0.00373802916147, -0.0010311229853, -0.000248655909672, 0.000573243538383, -0.000906607310753, -0.00100965064485, 3.01171185129e-05, -0.000114992864837, 0.000708056264557, -0.000832811696455], [3.48163084709e-05, -0.000255457300227, -0.000649171182886, -0.0010311229853, 0.00422873022035, -0.00022026138322, 0.000344371044775, 8.44823225634e-05, -0.00085871090414, -0.000540032691788, -0.000383913487894, -0.000211774517084, 0.000262543791905], [-3.59862788173e-05, -3.68756809621e-05, 0.000209315534448, -0.000248655909672, -0.00022026138322, 0.00540040293708, -0.00252045597881, 0.000308036018396, -0.000266635208391, -0.00110252853483, 8.11795835034e-05, 0.000154841181939, 0.000136083603138], [3.56439268216e-05, -0.0003971606493, -0.00052372936625, 0.000573243538383, 0.000344371044775, -0.00252045597881, 0.00700908666477, -0.00210469029844, -0.000295466044918, 0.00111702049617, -0.00211016810499, -0.000921408587601, 0.00195579254068], [1.84331656783e-05, -0.00011498794629, 0.000271049153525, -0.000906607310753, 8.44823225634e-05, 0.000308036018396, -0.00210469029844, 0.00718241464347, -0.000665314903017, -0.000135464128107, 0.000444494769908, 0.000138098504976, -0.00169047003146], [4.24729587394e-05, 1.2422969121e-05, 6.32632581983e-05, -0.00100965064485, -0.00085871090414, -0.000266635208391, -0.000295466044918, -0.000665314903017, 0.00773616181687, -0.00251203542575, 0.00205058790743, -0.00147706712596, 0.00124539306853], [-6.25455686531e-06, 0.000280214328086, 0.000299052218907, 3.01171185129e-05, -0.000540032691788, -0.00110252853483, 0.00111702049617, -0.000135464128107, -0.00251203542575, 0.00920955557376, -0.00302809290588, 0.00240842229687, -0.00114818557631], [-1.60793047144e-06, 0.000313824100886, 0.000359117111657, -0.000114992864837, -0.000383913487894, 8.11795835034e-05, -0.00211016810499, 0.000444494769908, 0.00205058790743, -0.00302809290588, 0.0113114770502, -0.00302263791673, 0.00203316938132], [-2.31572103075e-05, 0.000198595458642, -0.000190125661902, 0.000708056264557, -0.000211774517084, 0.000154841181939, -0.000921408587601, 0.000138098504976, -0.00147706712596, 0.00240842229687, -0.00302263791673, 0.0109404465184, -0.00374446320347], [6.13416923443e-05, -8.43225061544e-05, -0.000220064030145, -0.000832811696455, 0.000262543791905, 0.000136083603138, 0.00195579254068, -0.00169047003146, 0.00124539306853, -0.00114818557631, 0.00203316938132, -0.00374446320347, 0.0106077371165]], "mean": [-673.166809082, 93.6174926758, -9.39664745331, 29.2927818298, 4.30195474625, 9.55704784393, -2.49314713478, 3.48395514488, 2.83339262009, 0.752752542496, -6.64378786087, -2.96268963814, -1.27085649967]}, "pitch_salience": {"dmean": 0.0752005204558, "dmean2": 0.118453651667, "dvar": 0.00442815991119, "dvar2": 0.0106019768864, "max": 0.873308956623, "mean": 0.595503211021, "median": 0.606499254704, "min": 0.0352113321424, "var": 0.0137325488031}, "silence_rate_20dB": {"dmean": 0, "dmean2": 0, "dvar": 0, "dvar2": 0, "max": 1, "mean": 1, "median": 1, "min": 1, "var": 0}, "silence_rate_30dB": {"dmean": 0, "dmean2": 0, "dvar": 0, "dvar2": 0, "max": 1, "mean": 1, "median": 1, "min": 1, "var": 0}, "silence_rate_60dB": {"dmean": 0.0530807897449, "dmean2": 0.106173992157, "dvar": 0.050261169672, "dvar2": 0.106131032109, "max": 1, "mean": 0.180383443832, "median": 0, "min": 0, "var": 0.147838398814}, "spectral_centroid": {"dmean": 385.298980713, "dmean2": 581.243164063, "dvar": 190403.828125, "dvar2": 384091.09375, "max": 11038.3466797, "mean": 1936.74890137, "median": 1930.8651123, "min": 164.224258423, "var": 727156.8125}, "spectral_complexity": {"dmean": 4.95124530792, "dmean2": 6.6442937851, "dvar": 33.9211845398, "dvar2": 52.2140693665, "max": 61, "mean": 18.6880989075, "median": 17, "min": 0, "var": 181.239242554}, "spectral_contrast_coeffs": {"dmean": [0.0579794682562, 0.053345862776, 0.0431599877775, 0.0359915569425, 0.026126364246, 0.0241488665342], "dmean2": [0.0934872403741, 0.0869540572166, 0.0685788691044, 0.0553349927068, 0.0392866097391, 0.0357397161424], "dvar": [0.0025485099759, 0.0020300494507, 0.00130541366525, 0.000915802782401, 0.000496603548527, 0.000529320503119], "dvar2": [0.00616128230467, 0.00533044431359, 0.00314524304122, 0.00199270015582, 0.00107325834688, 0.00108575914055], "max": [-0.288897246122, -0.409456312656, -0.450989574194, -0.484688222408, -0.557660102844, -0.539713025093], "mean": [-0.668055295944, -0.759433150291, -0.775305271149, -0.762788772583, -0.781030893326, -0.744611620903], "median": [-0.673828005791, -0.766118526459, -0.783652901649, -0.769542753696, -0.783557534218, -0.749643325806], "min": [-0.965203464031, -0.955862104893, -0.96231842041, -0.961389362812, -0.957018613815, -0.959088385105], "var": [0.00730344699696, 0.00570408301428, 0.00549049209803, 0.00542106386274, 0.00303233228624, 0.00334751280025]}, "spectral_contrast_valleys": {"dmean": [0.536358058453, 0.520655333996, 0.464296221733, 0.394651770592, 0.388498783112, 0.528607010841], "dmean2": [0.785646140575, 0.787596404552, 0.687451660633, 0.567074775696, 0.511043727398, 0.621353566647], "dvar": [0.276975721121, 0.26839017868, 0.206488877535, 0.161345809698, 0.165733098984, 0.321074813604], "dvar2": [0.469445854425, 0.534678995609, 0.412944585085, 0.292403191328, 0.261872112751, 0.506729185581], "max": [-5.22349405289, -4.67244720459, -5.04749441147, -5.41854429245, -5.27206134796, -7.08700037003], "mean": [-7.87775659561, -7.4537024498, -7.87682676315, -8.05369186401, -7.72297668457, -10.3742609024], "median": [-7.59364795685, -7.14903640747, -7.57719564438, -7.76936674118, -7.38006019592, -10.2643756866], "min": [-27.5215644836, -27.5623264313, -27.1693534851, -27.0074329376, -27.3698863983, -27.2823448181], "var": [3.10094022751, 2.5388212204, 2.41217541695, 2.43205428123, 2.50721096992, 3.03430104256]}, "spectral_decrease": {"dmean": 2.42960807029e-09, "dmean2": 3.64978514078e-09, "dvar": 1.50590844406e-17, "dvar2": 3.29887536133e-17, "max": -1.19425875151e-16, "mean": -4.7655501767e-09, "median": -3.16778647758e-09, "min": -2.84225034619e-08, "var": 2.52784988989e-17}, "spectral_energy": {"dmean": 0.0100120799616, "dmean2": 0.0147502133623, "dvar": 0.000239288376179, "dvar2": 0.000513897102792, "max": 0.109698787332, "mean": 0.0205433759838, "median": 0.0139474868774, "min": 5.70500757746e-10, "var": 0.000435403489973}, "spectral_energyband_high": {"dmean": 0.00115942733828, "dmean2": 0.00163742119912, "dvar": 5.86391342949e-06, "dvar2": 1.20816666822e-05, "max": 0.0406426563859, "mean": 0.00198507471941, "median": 0.000548513955437, "min": 8.88130124999e-11, "var": 1.39667581607e-05}, "spectral_energyband_low": {"dmean": 0.00469722924754, "dmean2": 0.00724674528465, "dvar": 0.000102695346868, "dvar2": 0.000213550025364, "max": 0.0891534164548, "mean": 0.00683799898252, "median": 0.00181852816604, "min": 9.28043614179e-11, "var": 0.000147811297211}, "spectral_energyband_middle_high": {"dmean": 0.00197554193437, "dmean2": 0.00287608383223, "dvar": 7.38241715226e-06, "dvar2": 1.58771290444e-05, "max": 0.0399330072105, "mean": 0.0055059180595, "median": 0.00372004508972, "min": 3.18568574298e-11, "var": 3.35932854796e-05}, "spectral_energyband_middle_low": {"dmean": 0.00526486895978, "dmean2": 0.00859529525042, "dvar": 0.00010532692977, "dvar2": 0.000269511132501, "max": 0.091824658215, "mean": 0.00723564019427, "median": 0.00393136776984, "min": 1.05045807122e-11, "var": 0.000103892787592}, "spectral_entropy": {"dmean": 0.199689269066, "dmean2": 0.267602860928, "dvar": 0.0402891263366, "dvar2": 0.0733044221997, "max": 9.80635356903, "mean": 7.75451803207, "median": 7.78605413437, "min": 5.49280261993, "var": 0.218341380358}, "spectral_flux": {"dmean": 0.0290344767272, "dmean2": 0.0437792316079, "dvar": 0.00135034602135, "dvar2": 0.0026322004851, "max": 0.293996393681, "mean": 0.0837629139423, "median": 0.0730204880238, "min": 7.74195814301e-06, "var": 0.00337748136371}, "spectral_kurtosis": {"dmean": 1.50049197674, "dmean2": 2.3980474472, "dvar": 3.28537988663, "dvar2": 8.41322135925, "max": 36.0304718018, "mean": 3.79156517982, "median": 3.17906999588, "min": -1.22159206867, "var": 7.28895616531}, "spectral_rms": {"dmean": 0.000979479169473, "dmean2": 0.00135730300099, "dvar": 1.608048251e-06, "dvar2": 3.09722031488e-06, "max": 0.0103452019393, "mean": 0.00385570363142, "median": 0.00368880783208, "min": 7.4604696465e-07, "var": 5.17587795912e-06}, "spectral_rolloff": {"dmean": 966.072509766, "dmean2": 1568.51806641, "dvar": 2151529.5, "dvar2": 4857998, "max": 13070.6542969, "mean": 2680.35522461, "median": 2196.38671875, "min": 21.533203125, "var": 5054394.5}, "spectral_skewness": {"dmean": 0.230907544494, "dmean2": 0.351863324642, "dvar": 0.0540017783642, "dvar2": 0.125130325556, "max": 4.77816677094, "mean": 1.31711661816, "median": 1.28930711746, "min": -0.395719528198, "var": 0.187132939696}, "spectral_spread": {"dmean": 865841.625, "dmean2": 1173777.125, "dvar": 1086888607740.0, "dvar2": 1984100827140.0, "max": 40692560, "mean": 4872757, "median": 4360090, "min": 1530006.625, "var": 3710232035330.0}, "spectral_stron