{"lowlevel": {"average_loudness": 0.667240142822, "barkbands": {"dmean": [0.00112927518785, 0.00234391354024, 0.00197863695212, 0.00140791689046, 0.00232765986584, 0.00157333759125, 0.00113785744179, 0.000700781296473, 0.000528768752702, 0.000338099693181, 0.000119280899526, 0.000142396384035, 0.000128760482767, 8.09183256933e-05, 0.000167249221704, 0.000129414562252, 6.63644677843e-05, 5.57555067644e-05, 0.000112613735837, 9.70217661234e-05, 8.03341390565e-05, 3.90387649531e-05, 7.82263396104e-06, 1.67075461377e-06, 1.53465293806e-06, 2.17621550291e-06, 3.96134346374e-05], "dmean2": [0.00186140590813, 0.00375533499755, 0.00329401856288, 0.0022881240584, 0.00364006427117, 0.00245253182948, 0.00179526745342, 0.00108206248842, 0.000857062463183, 0.0005428052973, 0.000197325498448, 0.00023398110352, 0.000203964707907, 0.000134964182507, 0.000265717826551, 0.000209458637983, 0.000105735409306, 8.65627007443e-05, 0.000174827771843, 0.00014973958605, 0.000121081247926, 5.87249996897e-05, 1.20700433399e-05, 2.82453356704e-06, 2.59999660557e-06, 3.47718832927e-06, 5.74114637857e-05], "dvar": [3.28967257701e-06, 1.13411197162e-05, 1.10813252832e-05, 8.79913386598e-06, 2.52033350989e-05, 1.46474512803e-05, 1.0117045349e-05, 7.40274708733e-06, 4.484965757e-06, 1.73733894826e-06, 2.07555984844e-07, 3.80387120913e-07, 2.36158541611e-07, 1.41078700722e-07, 4.75281638046e-07, 1.57070260798e-07, 2.70891629128e-08, 2.31441976695e-08, 7.01436135842e-08, 5.75334269115e-08, 3.64361660843e-08, 7.87905918287e-09, 3.64816871157e-10, 7.98464679791e-12, 6.98158978546e-12, 1.15991990318e-11, 7.07354796958e-09], "dvar2": [9.452811355e-06, 2.88705396088e-05, 3.03307806462e-05, 2.10349808185e-05, 5.62615059607e-05, 3.15672587021e-05, 2.61676104856e-05, 1.65283781826e-05, 1.16228047773e-05, 4.3348240979e-06, 5.28296595803e-07, 9.8070063359e-07, 5.26757730768e-07, 3.86746052072e-07, 1.16680041629e-06, 4.05023826033e-07, 6.88977692676e-08, 5.63294513256e-08, 1.71411727479e-07, 1.37827512958e-07, 7.84122278219e-08, 1.69084461987e-08, 8.32801494433e-10, 2.03632284645e-11, 1.79666819616e-11, 2.68639225448e-11, 1.44390321921e-08], "max": [0.0538517162204, 0.0730967894197, 0.0756860598922, 0.0997640788555, 0.15904468298, 0.148254573345, 0.0845786035061, 0.101958408952, 0.0576505996287, 0.0406990796328, 0.0168217625469, 0.0251281578094, 0.0245558358729, 0.0221140757203, 0.0222606863827, 0.00952658802271, 0.00441336538643, 0.0060723409988, 0.00628502061591, 0.00558662414551, 0.00563521310687, 0.00281701097265, 0.000699885364156, 4.482013901e-05, 4.123072722e-05, 8.54313984746e-05, 0.00369908101857], "mean": [0.0022045832593, 0.00465431949124, 0.00311504490674, 0.00222291261889, 0.0041889785789, 0.00260946340859, 0.00173043541145, 0.000977648189291, 0.000753050320782, 0.000472291954793, 0.000161871314049, 0.000213600200368, 0.00020537430828, 0.000119935015391, 0.00027277355548, 0.000217217500904, 0.000125399135868, 0.000117855568533, 0.000243702350417, 0.000227150303544, 0.000170864543179, 7.81808776082e-05, 1.2384504771e-05, 1.68395354194e-06, 1.52518896357e-06, 3.46516958416e-06, 0.000137730268762], "median": [0.00123785226606, 0.00256231660023, 0.00135958462488, 0.000811378879007, 0.00201559625566, 0.000804437266197, 0.000303216191242, 0.000108416978037, 9.53841808951e-05, 6.53444512864e-05, 3.27451998601e-05, 2.96570033242e-05, 2.9280250601e-05, 2.35597381106e-05, 2.00162266992e-05, 2.56718194578e-05, 2.6828265618e-05, 2.64964783128e-05, 4.91707723995e-05, 3.74503615603e-05, 3.57695898856e-05, 1.75811164809e-05, 3.36420680469e-06, 6.08841332905e-07, 5.45066427549e-07, 1.70557643742e-06, 4.52790591225e-05], "min": [6.45446584298e-25, 3.75944128385e-24, 1.61430681264e-24, 1.04182710107e-24, 9.49885480891e-24, 6.17814482839e-24, 4.97956692393e-24, 9.27425822059e-24, 1.54900822013e-23, 1.28773038857e-23, 1.71575211624e-23, 2.38726570196e-23, 2.83212708561e-23, 3.51472590255e-23, 5.01107229299e-23, 5.38385324692e-23, 6.20440427243e-23, 1.03035760782e-22, 1.18344483861e-22, 1.65114999324e-22, 2.49094581696e-22, 3.24260606137e-22, 3.84579435305e-22, 5.53716640748e-22, 7.58356853085e-22, 1.30111319925e-21, 2.05803101859e-21], "var": [9.22127037484e-06, 3.23306740029e-05, 2.31249032367e-05, 2.19925514102e-05, 5.45484545e-05, 3.11320145556e-05, 1.87859895959e-05, 1.30790940602e-05, 7.04463218426e-06, 2.80180188383e-06, 2.99721875763e-07, 6.28306054296e-07, 5.49865546873e-07, 1.88127202705e-07, 1.05843196252e-06, 3.06572445652e-07, 6.56728431636e-08, 5.56055148593e-08, 2.32676313772e-07, 2.52942982115e-07, 1.15096284503e-07, 2.33850219189e-08, 7.13015368969e-10, 8.89185513414e-12, 7.41750064148e-12, 2.61451537503e-11, 4.77315502678e-08]}, "barkbands_crest": {"dmean": 2.66605567932, "dmean2": 4.38829517365, "dvar": 5.05333805084, "dvar2": 13.1882266998, "max": 25.4791526794, "mean": 10.9685258865, "median": 10.3578338623, "min": 2.82467126846, "var": 15.301363945}, "barkbands_flatness_db": {"dmean": 0.0285059828311, "dmean2": 0.0445155315101, "dvar": 0.000610182294622, "dvar2": 0.00152258947492, "max": 0.413574278355, "mean": 0.186585471034, "median": 0.180302962661, "min": 0.0481493249536, "var": 0.00420099264011}, "barkbands_kurtosis": {"dmean": 7.22843122482, "dmean2": 11.6045379639, "dvar": 106.34715271, "dvar2": 277.912231445, "max": 231.467544556, "mean": 16.6904335022, "median": 12.0642967224, "min": -1.72830188274, "var": 299.397857666}, "barkbands_skewness": {"dmean": 0.687506914139, "dmean2": 1.0844604969, "dvar": 0.440488904715, "dvar2": 1.10492813587, "max": 11.1794729233, "mean": 2.75855398178, "median": 2.61917924881, "min": -2.28173470497, "var": 2.198127985}, "barkbands_spread": {"dmean": 4.19610977173, "dmean2": 6.38216924667, "dvar": 28.7344074249, "dvar2": 61.9560928345, "max": 113.422821045, "mean": 14.6399564743, "median": 9.92608833313, "min": 0.558219432831, "var": 167.682418823}, "dissonance": {"dmean": 0.0223635490984, "dmean2": 0.0376307927072, "dvar": 0.000476595800137, "dvar2": 0.00130710389931, "max": 0.500000119209, "mean": 0.455864548683, "median": 0.463187396526, "min": 0, "var": 0.00102155643981}, "dynamic_complexity": 4.95470619202, "erbbands": {"dmean": [0.109749831259, 0.424787998199, 1.82638013363, 3.63192200661, 4.10908937454, 9.08563613892, 15.459897995, 12.4160718918, 17.4145088196, 13.3233556747, 13.1746358871, 11.1302213669, 12.3874540329, 6.73660612106, 4.60672521591, 5.10388278961, 5.11815881729, 4.3990354538, 5.28921604156, 9.72869491577, 4.8811674118, 3.64824104309, 2.89364552498, 5.06750202179, 5.27846336365, 4.33087968826, 3.53315210342, 3.0087685585, 1.57615149021, 0.663226187229, 0.154064446688, 0.0431124158204, 0.0257237087935, 0.0173363909125, 0.0108347199857, 0.00608235737309, 0.00387486373074, 0.00832095555961, 0.00540495896712, 0.000942806131206], "dmean2": [0.174906313419, 0.680921554565, 3.04509329796, 5.93511104584, 6.65082025528, 14.2839517593, 24.0037403107, 19.2662754059, 27.4562263489, 20.8456668854, 20.4500484467, 18.0315856934, 20.0279502869, 10.8676548004, 7.43054628372, 8.27073287964, 8.14037799835, 7.1350107193, 8.44380092621, 15.6626167297, 7.72457075119, 5.80069112778, 4.44186449051, 7.87859630585, 8.17066955566, 6.58494949341, 5.40702056885, 4.5703086853, 2.35740971565, 1.01321959496, 0.236099869013, 0.0714647620916, 0.0436007976532, 0.0293924827129, 0.0183342490345, 0.0102530829608, 0.00620203837752, 0.0119648957625, 0.00780331157148, 0.00140552187804], "dvar": [0.027108008042, 0.393806934357, 9.15429496765, 43.1593894958, 67.3753967285, 420.231231689, 1212.33154297, 1225.22241211, 2705.74072266, 1647.5994873, 3046.47509766, 1913.04760742, 2518.27294922, 636.83770752, 321.487609863, 438.565093994, 364.98223877, 360.703643799, 512.879699707, 1259.25769043, 200.454345703, 79.3070602417, 66.0775222778, 130.968551636, 151.956954956, 116.856666565, 74.9301376343, 62.4377593994, 13.7223787308, 2.42732000351, 0.121380649507, 0.00541255157441, 0.00197790144011, 0.000896996702068, 0.000345198088326, 0.000105521685327, 3.5776396544e-05, 0.000298967235722, 0.000124902595417, 3.26819872498e-06], "dvar2": [0.0685543417931, 1.02757954597, 24.900434494, 107.509819031, 165.092544556, 946.790283203, 2800.66162109, 2669.43041992, 6758.48242188, 3979.38964844, 6904.89697266, 4813.72998047, 6363.34863281, 1573.79968262, 800.639343262, 1129.11706543, 850.936157227, 951.870056152, 1312.09265137, 3141.43383789, 493.03326416, 199.544052124, 160.889129639, 323.367919922, 376.274200439, 269.10357666, 168.318908691, 135.38130188, 29.8515949249, 5.19767284393, 0.254042893648, 0.0126605983824, 0.00507521396503, 0.00230652652681, 0.000888693553861, 0.000271845405223, 8.25296010589e-05, 0.000586514011957, 0.0002528836485, 6.69341625326e-06], "max": [3.68381929398, 11.1723670959, 77.163848877, 192.934234619, 244.907577515, 641.741210938, 834.652160645, 1474.06164551, 1544.43762207, 1222.74597168, 2610.71044922, 1295.11621094, 1724.22814941, 893.316650391, 524.617797852, 851.492553711, 844.174499512, 1335.95288086, 746.20892334, 1135.90490723, 569.267456055, 217.985107422, 352.86907959, 238.70980835, 331.587768555, 288.816101074, 217.123016357, 318.105621338, 115.254165649, 52.056098938, 13.2641420364, 2.61724376678, 0.705132186413, 0.468806684017, 0.289628624916, 0.16076862812, 0.14042121172, 0.698316276073, 0.334213316441, 0.0945206061006], "mean": [0.213746875525, 0.795054972172, 3.01196980476, 6.02959060669, 7.36840438843, 15.6951436996, 24.7222633362, 20.8221435547, 27.0702972412, 20.6335296631, 19.2480239868, 16.759016037, 17.6627254486, 10.2648859024, 6.98782014847, 8.39517974854, 8.85226821899, 7.3930683136, 9.21443271637, 16.5333156586, 9.35041999817, 7.36044073105, 6.41628837585, 10.7098436356, 11.8290300369, 10.2248497009, 7.71307229996, 6.25072479248, 3.27777504921, 1.18990027905, 0.25425735116, 0.0517433919013, 0.0257174167782, 0.0171769503504, 0.0108974128962, 0.00638048350811, 0.00635649496689, 0.0216549038887, 0.0173010714352, 0.00388074992225], "median": [0.106110945344, 0.466773539782, 1.48158168793, 2.99980139732, 3.63426375389, 6.76309537888, 8.88101196289, 6.11700820923, 4.78271150589, 3.6718685627, 2.32063221931, 2.35734319687, 2.07994174957, 2.01012039185, 1.42780601978, 1.22659182549, 1.36698067188, 1.46433365345, 1.19078218937, 1.28535330296, 1.5368117094, 1.64434027672, 1.51053059101, 2.34571790695, 2.49882912636, 1.80124187469, 1.66047918797, 1.18141293526, 0.704882919788, 0.301173716784, 0.082155495882, 0.0218261703849, 0.00919647049159, 0.00605686986819, 0.00399263110012, 0.00252258195542, 0.00324566289783, 0.00721346959472, 0.00554693071172, 0.00212636124343], "min": [1.33085441658e-22, 8.6638869086e-22, 2.15512437221e-21, 7.28736264578e-21, 1.08935373056e-20, 2.50878709909e-20, 6.5197755496e-20, 7.01663450922e-20, 9.00337176786e-20, 1.56941572156e-19, 3.11227636051e-19, 4.12862930175e-19, 3.80720035739e-19, 6.77757104039e-19, 7.40763502996e-19, 1.04598270587e-18, 1.647359865e-18, 2.35119223519e-18, 2.21810425131e-18, 3.0371423047e-18, 4.22838764551e-18, 5.0050419983e-18, 4.77526735415e-18, 6.710730194e-18, 8.19621753397e-18, 8.80264018465e-18, 8.55196144565e-18, 7.72563200195e-18, 1.09601017573e-17, 1.08922489588e-17, 1.00694275881e-17, 1.09198073081e-17, 8.99328380915e-18, 8.51177370277e-18, 5.43565030491e-18, 4.04155442851e-18, 2.45580721483e-18, 1.03966521734e-18, 2.59341026069e-19, 2.85380897934e-20], "var": [0.0795349702239, 0.942764937878, 18.750328064, 98.1693496704, 135.027648926, 877.254272461, 2411.94458008, 2532.35449219, 5291.39599609, 3008.75439453, 5156.83154297, 3079.21728516, 3949.63134766, 1070.86950684, 501.104125977, 856.54901123, 893.098144531, 609.916931152, 1077.77246094, 2618.8918457, 478.20123291, 205.211425781, 154.809890747, 388.151977539, 542.591430664, 506.568695068, 237.931625366, 185.694229126, 42.9361190796, 5.66353034973, 0.264711230993, 0.00844462495297, 0.00211563683115, 0.000951566500589, 0.000368876440916, 0.000115598857519, 8.07715405244e-05, 0.00137198704761, 0.000829345779493, 2.29447450693e-05]}, "erbbands_crest": {"dmean": 2.72591304779, "dmean2": 4.40872144699, "dvar": 5.80156517029, "dvar2": 14.4168643951, "max": 31.1011714935, "mean": 9.81462669373, "median": 8.81249141693, "min": 2.16563200951, "var": 19.307641983}, "erbbands_flatness_db": {"dmean": 0.0233273617923, "dmean2": 0.036807063967, "dvar": 0.00039149413351, "dvar2": 0.000975327100605, "max": 0.356587201357, "mean": 0.154275149107, "median": 0.151348099113, "min": 0.0255699213594, "var": 0.00138717005029}, "erbbands_kurtosis": {"dmean": 1.57083427906, "dmean2": 2.47688102722, "dvar": 4.74521875381, "dvar2": 11.5895328522, "max": 56.7993049622, "mean": 1.85194861889, "median": 0.468358755112, "min": -1.84877383709, "var": 16.0694522858}, "erbbands_skewness": {"dmean": 0.430919110775, "dmean2": 0.65677511692, "dvar": 0.148167550564, "dvar2": 0.338777244091, "max": 5.40755701065, "mean": 0.979340314865, "median": 1.02321243286, "min": -3.73233866692, "var": 1.1171079874}, "erbbands_spread": {"dmean": 8.91632461548, "dmean2": 13.7724275589, "dvar": 85.2888641357, "dvar2": 184.56628418, "max": 117.16973114, "mean": 39.5931091309, "median": 37.038444519, "min": 1.85537850857, "var": 416.12991333}, "gfcc": {"cov": [[25785.4667969, -21.2021312714, -2956.27368164, 592.489746094, -486.084259033, -1379.98913574, 703.757080078, -783.180664062, 241.503173828, 61.0998954773, -427.338378906, 102.944480896, -297.021087646], [-21.2021312714, 800.933532715, 290.3359375, -150.769317627, 46.7326278687, 38.9515380859, -98.1338272095, 15.6759624481, 5.70343923569, -54.3141098022, 29.0333709717, -39.3734321594, 70.3679733276], [-2956.27368164, 290.3359375, 895.226013184, -37.8800964355, -4.33882951736, 369.81338501, -264.469573975, 240.293685913, -113.220993042, -23.9475917816, 76.6597442627, -65.3932723999, 69.8583755493], [592.489746094, -150.769317627, -37.8800964355, 308.573364258, 78.8824386597, -75.9032287598, 119.058959961, -53.7112541199, -24.2907485962, -2.14938139915, -0.0283218510449, 19.3430900574, -64.1834106445], [-486.084259033, 46.7326278687, -4.33882951736, 78.8824386597, 230.486495972, 44.4201431274, 62.4137420654, -57.4100379944, -35.897403717, -17.5969486237, 28.3299369812, 6.13779783249, 3.83137798309], [-1379.98913574, 38.9515380859, 369.81338501, -75.9032287598, 44.4201431274, 398.352020264, -152.753143311, 120.506065369, -112.840446472, -4.2758769989, 51.2998847961, -8.00852012634, 43.0829048157], [703.757080078, -98.1338272095, -264.469573975, 119.058959961, 62.4137420654, -152.753143311, 277.629272461, -108.976654053, 53.1359291077, 6.23103761673, -19.8204040527, 24.7610626221, -51.186756134], [-783.180664062, 15.6759624481, 240.293685913, -53.7112541199, -57.4100379944, 120.506065369, -108.976654053, 207.975463867, 6.14830780029, 23.3748207092, 23.0662975311, -44.5527839661, 39.387172699], [241.503173828, 5.70343923569, -113.220993042, -24.2907485962, -35.897403717, -112.840446472, 53.1359291077, 6.14830780029, 165.596008301, 32.8293190002, -38.0256385803, 17.322933197, -13.2242088318], [61.0998954773, -54.3141098022, -23.9475917816, -2.14938139915, -17.5969486237, -4.2758769989, 6.23103761673, 23.3748207092, 32.8293190002, 81.766204834, 35.5852775574, 2.80172419548, 11.4886865616], [-427.338378906, 29.0333709717, 76.6597442627, -0.0283218510449, 28.3299369812, 51.2998847961, -19.8204040527, 23.0662975311, -38.0256385803, 35.5852775574, 107.42389679, 23.2022514343, 8.30792808533], [102.944480896, -39.3734321594, -65.3932723999, 19.3430900574, 6.13779783249, -8.00852012634, 24.7610626221, -44.5527839661, 17.322933197, 2.80172419548, 23.2022514343, 92.8065948486, 3.9239487648], [-297.021087646, 70.3679733276, 69.8583755493, -64.1834106445, 3.83137798309, 43.0829048157, -51.186756134, 39.387172699, -13.2242088318, 11.4886865616, 8.30792808533, 3.9239487648, 97.4250564575]], "icov": [[0.000119524709589, -0.000361619167961, 0.000631351431366, -0.000545315153431, 0.000477435271023, -0.000187224126421, 0.000144011326483, -8.50167634781e-05, 0.000250479672104, -0.000292193813948, 0.000307717156829, 2.94748497254e-05, 2.87044549623e-05], [-0.000361619167961, 0.00330443214625, -0.00293791922741, 0.00254937261343, -0.00184604746755, 0.00110623333603, -0.00032580140396, 0.00174207764212, -0.00238126982003, 0.00320153986104, -0.00281100976281, 0.00145699619316, -0.00151484110393], [0.000631351431366, -0.00293791922741, 0.00688316300511, -0.00498971901834, 0.00351226585917, -0.00354887871072, 0.00208270526491, -0.0019628861919, 0.000441546115326, 0.000485717348056, -0.000388546613976, 0.00194482959341, -0.000899456208572], [-0.000545315153431, 0.00254937261343, -0.00498971901834, 0.00957472808659, -0.00533867860213, 0.00423292862251, -0.00269879144616, -0.00118093797937, 0.00307032628916, -0.00216970592737, 0.00221767672338, -0.0042029437609, 0.00443217298016], [0.000477435271023, -0.00184604746755, 0.00351226585917, -0.00533867860213, 0.00969370920211, -0.00420810095966, -0.000560487329494, 0.003079328686, -0.00196281983517, 0.00315919052809, -0.00379298999906, 0.00427801022306, -0.00379419815727], [-0.000187224126421, 0.00110623333603, -0.00354887871072, 0.00423292862251, -0.00420810095966, 0.00784603785723, 5.55307851755e-05, -0.00305417669006, 0.00518602877855, -0.00346967810765, 0.00336888153106, -0.00506185507402, 0.00295301387087], [0.000144011326483, -0.00032580140396, 0.00208270526491, -0.00269879144616, -0.000560487329494, 5.55307851755e-05, 0.00723200244829, 0.00128768151626, -0.00181701930705, 4.90332022309e-05, -0.00053793884581, 0.000916272983886, 0.000436127447756], [-8.50167634781e-05, 0.00174207764212, -0.0019628861919, -0.00118093797937, 0.003079328686, -0.00305417669006, 0.00128768151626, 0.0128909396008, -0.00715758651495, 0.0034238868393, -0.0062971143052, 0.0081076240167, -0.00535836303607], [0.000250479672104, -0.00238126982003, 0.000441546115326, 0.00307032628916, -0.00196281983517, 0.00518602877855, -0.00181701930705, -0.00715758651495, 0.0175599530339, -0.0127472011372, 0.0126924822107, -0.010358562693, 0.00713415443897], [-0.000292193813948, 0.00320153986104, 0.000485717348056, -0.00216970592737, 0.00315919052809, -0.00346967810765, 4.90332022309e-05, 0.0034238868393, -0.0127472011372, 0.0277905669063, -0.0174439158291, 0.00987461116165, -0.00884685385972], [0.000307717156829, -0.00281100976281, -0.000388546613976, 0.00221767672338, -0.00379298999906, 0.00336888153106, -0.00053793884581, -0.0062971143052, 0.0126924822107, -0.0174439158291, 0.024678202346, -0.0129510089755, 0.00782772246748], [2.94748497254e-05, 0.00145699619316, 0.00194482959341, -0.0042029437609, 0.00427801022306, -0.00506185507402, 0.000916272983886, 0.0081076240167, -0.010358562693, 0.00987461116165, -0.0129510089755, 0.021754540503, -0.00819437485188], [2.87044549623e-05, -0.00151484110393, -0.000899456208572, 0.00443217298016, -0.00379419815727, 0.00295301387087, 0.000436127447756, -0.00535836303607, 0.00713415443897, -0.00884685385972, 0.00782772246748, -0.00819437485188, 0.0179237294942]], "mean": [-73.269317627, 110.583213806, -71.6215438843, 21.8889198303, -22.165435791, -31.1196556091, -1.21596586704, -20.1558666229, -5.72833967209, -4.6435585022, -8.62474727631, -1.1002393961, -4.1627202034]}, "hfc": {"dmean": 13.9836397171, "dmean2": 21.723197937, "dvar": 311.097625732, "dvar2": 726.532836914, "max": 425.035400391, "mean": 56.0836601257, "median": 44.5884819031, "min": 1.07431253343e-16, "var": 2134.83764648}, "melbands": {"dmean": [0.000788322358858, 0.000770980434027, 0.000625814078376, 0.00039331431617, 0.000542021996807, 0.000286613067146, 0.000251492252573, 0.000150848325575, 0.0001018254261, 7.39563183743e-05, 6.40106154606e-05, 3.03411470668e-05, 1.54332483362e-05, 1.53208966367e-05, 1.54510526045e-05, 1.18936504805e-05, 7.77711375122e-06, 7.69808320911e-06, 1.50461373778e-05, 1.19931964946e-05, 5.03957744513e-06, 4.1487087401e-06, 3.38230938723e-06, 2.8099066185e-06, 4.63239894088e-06, 4.56845100416e-06, 3.84884560845e-06, 3.13207556246e-06, 2.60664637608e-06, 2.00077738555e-06, 1.85272722319e-06, 1.01998182345e-06, 6.35863102616e-07, 3.00290366795e-07, 1.01873375513e-07, 3.85303842165e-08, 2.19305533733e-08, 1.82412769334e-08, 1.6000216263e-08, 1.41392133557e-08], "dmean2": [0.00125658232719, 0.00127616967075, 0.00101460353471, 0.000628763518762, 0.000832511112094, 0.000443704484496, 0.000395988870878, 0.000234956678469, 0.000159129194799, 0.000120339034765, 0.000103408179712, 4.92405706609e-05, 2.51583769568e-05, 2.54116821452e-05, 2.47978096013e-05, 1.88529102161e-05, 1.27586226881e-05, 1.26467730297e-05, 2.40156678046e-05, 1.9679648176e-05, 8.06774005468e-06, 6.67635504215e-06, 5.34963965038e-06, 4.41477823188e-06, 7.31899626771e-06, 7.12456903784e-06, 6.02251611781e-06, 4.84515294374e-06, 4.06586832469e-06, 3.0306350709e-06, 2.86983390652e-06, 1.55155430548e-06, 9.74469003268e-07, 4.67812810712e-07, 1.57146047286e-07, 6.22971754183e-08, 3.70495634172e-08, 3.09733003689e-08, 2.71519979833e-08, 2.3969995766e-08], "dvar": [1.30466571591e-06, 1.43176748679e-06, 1.2117454844e-06, 5.55139649805e-07, 1.50375683461e-06, 5.96943436904e-07, 5.26317535332e-07, 2.31153393315e-07, 1.77673967983e-07, 8.82206308006e-08, 6.58220429273e-08, 1.37920839194e-08, 3.3129787802e-09, 5.2863167177e-09, 4.32323643551e-09, 2.15545981064e-09, 1.10930076236e-09, 1.41792710906e-09, 4.30532054452e-09, 1.50752144101e-09, 2.28211199937e-10, 1.15961761027e-10, 8.06437902567e-11, 5.72257206899e-11, 1.12604724156e-10, 1.34724939538e-10, 9.6499828961e-11, 6.69848690404e-11, 4.33003355393e-11, 2.4213136704e-11, 2.75933980526e-11, 6.3696005935e-12, 2.36147429736e-12, 5.66298201908e-13, 6.19925592522e-14, 6.427176313e-15, 1.37316915651e-15, 1.00332704317e-15, 7.68346762828e-16, 5.95889743036e-16], "dvar2": [3.31030310008e-06, 3.88564740206e-06, 2.97631186186e-06, 1.27219391288e-06, 3.41747590937e-06, 1.2922608903e-06, 1.31863419028e-06, 5.34073308245e-07, 4.04275823485e-07, 2.29315716638e-07, 1.66921992673e-07, 3.43881261244e-08, 8.38142888426e-09, 1.40711184926e-08, 1.06267492583e-08, 4.61527704942e-09, 2.98289570821e-09, 3.78878795004e-09, 1.05270157036e-08, 3.87108478606e-09, 5.67116131833e-10, 2.9487523534e-10, 2.04430153361e-10, 1.38488942536e-10, 2.84015894136e-10, 3.35763472581e-10, 2.4288818179e-10, 1.57822421798e-10, 1.03428376974e-10, 5.39120623144e-11, 6.05395664155e-11, 1.45844187421e-11, 4.90036483614e-12, 1.29792216471e-12, 1.33155557977e-13, 1.33646162849e-14, 3.48866507074e-15, 2.57449290395e-15, 1.97432897972e-15, 1.53281369124e-15], "max": [0.0288997907192, 0.0300278104842, 0.0336806289852, 0.0208109468222, 0.0338826514781, 0.0331092476845, 0.0200172662735, 0.0168449170887, 0.0181059837341, 0.00849260762334, 0.00837622210383, 0.00452361162752, 0.00160910224076, 0.00376643263735, 0.00268145324662, 0.00301606394351, 0.00225565140136, 0.00143987056799, 0.00213672919199, 0.00097649556119, 0.000623078318313, 0.00029260411975, 0.000359667697921, 0.000215980937355, 0.000221489186515, 0.000296768732369, 0.000250346813118, 0.000193465020857, 0.00016046348901, 0.000114704147563, 0.000266393937636, 7.85349911894e-05, 5.3779767768e-05, 2.00579379452e-05, 9.48508841248e-06, 3.88349235436e-06, 5.88997124851e-07, 5.02097577737e-07, 4.35312074387e-07, 3.8113742562e-07], "mean": [0.00169826729689, 0.00138283707201, 0.00111548078712, 0.000739699404221, 0.000898501835763, 0.000485469703563, 0.000389746768633, 0.000224919262109, 0.000146641192259, 0.000106303283246, 8.89507573447e-05, 4.41180782218e-05, 2.21048940148e-05, 2.30613077292e-05, 2.26395259233e-05, 1.93760824914e-05, 1.21954526549e-05, 1.18569369079e-05, 2.37366093643e-05, 1.92996831174e-05, 8.93957985681e-06, 7.53872973291e-06, 6.38465553493e-06, 5.57486600883e-06, 9.0050880317e-06, 9.28939061851e-06, 7.83807445259e-06, 6.68644679536e-06, 5.23172639078e-06, 3.94133303416e-06, 3.47132458955e-06, 1.97156577997e-06, 1.11493181976e-06, 4.76516078152e-07, 1.5400321729e-07, 4.75276422662e-08, 2.21945590795e-08, 1.77765286935e-08, 1.56722474998e-08, 1.3958507239e-08], "median": [0.000980042037554, 0.000834641570691, 0.000594721583184, 0.000406991923228, 0.000351007969584, 0.000143038094393, 6.89271328156e-05, 3.45751977875e-05, 1.78036898433e-05, 1.37863999043e-05, 1.00133156593e-05, 8.06247589935e-06, 4.48405353382e-06, 3.44315435541e-06, 2.72052284345e-06, 2.92991762763e-06, 2.45810178967e-06, 1.61969489909e-06, 1.59118280862e-06, 1.64898960975e-06, 1.49572963437e-06, 1.58553723395e-06, 1.34767083182e-06, 1.23532686302e-06, 1.79338780981e-06, 1.7175176481e-06, 1.35871414386e-06, 9.02373187728e-07, 8.94218032954e-07, 7.46533146412e-07, 5.63674461773e-07, 3.65699662552e-07, 2.50530291623e-07, 1.02247113887e-07, 4.43392949023e-08, 1.61959299305e-08, 7.99880872648e-09, 5.95018478933e-09, 5.36312638744e-09, 4.88594453785e-09], "min": [1.17039999013e-24, 1.24029898279e-24, 1.5305374759e-24, 1.71951285284e-24, 2.55467594889e-24, 1.59321336229e-24, 1.26390958969e-24, 1.25447165782e-24, 2.21575073565e-24, 2.1376686916e-24, 1.92464745377e-24, 2.23104043771e-24, 2.22927200878e-24, 2.71201287593e-24, 2.51588253059e-24, 2.74763428454e-24, 3.36785349152e-24, 2.71313739715e-24, 3.82095586838e-24, 1.76247342888e-24, 4.27584304305e-24, 4.28392373973e-24, 4.30838671083e-24, 4.82728166491e-24, 3.97008016175e-24, 3.9892151663e-24, 4.39715959508e-24, 5.14420732245e-24, 4.36035765613e-24, 5.45950003791e-24, 3.71268273699e-24, 4.57633357248e-24, 5.70465434142e-24, 4.68554465949e-24, 4.79610706523e-24, 4.1868875375e-24, 5.72548500249e-24, 5.26511563896e-24, 5.88300750905e-24, 6.10590410213e-24], "var": [4.14433088736e-06, 2.94803112411e-06, 2.92575668936e-06, 1.23027848531e-06, 3.09384290631e-06, 1.26611712403e-06, 1.02068156593e-06, 4.32679797768e-07, 3.05582886995e-07, 1.36415849283e-07, 1.02562040638e-07, 2.18418190201e-08, 4.99219110495e-09, 8.05027688955e-09, 7.39937267014e-09, 5.46261702539e-09, 1.7066320579e-09, 2.25452545521e-09, 8.42369374254e-09, 2.77493317213e-09, 5.0732207324e-10, 2.6206534165e-10, 1.72047265323e-10, 1.31809188564e-10, 2.92830648618e-10, 4.16157608374e-10, 3.00745234272e-10, 2.48868564645e-10, 1.23745916292e-10, 6.55720963638e-11, 7.25457402484e-11, 1.76033770893e-11, 5.75300571071e-12, 1.12541876859e-12, 1.21018145049e-13, 1.19914911741e-14, 1.56227392066e-15, 1.06024966892e-15, 8.11844710466e-16, 6.31161465509e-16]}, "melbands_crest": {"dmean": 3.71197795868, "dmean2": 6.15549373627, "dvar": 9.64786434174, "dvar2": 25.7214584351, "max": 38.3435592651, "mean": 16.194601059, "median": 15.4721374512, "min": 1.54040181637, "var": 33.7603759766}, "melbands_flatness_db": {"dmean": 0.0349695757031, "dmean2": 0.0542504265904, "dvar": 0.000888885348104, "dvar2": 0.00220262259245, "max": 0.571139752865, "mean": 0.299937367439, "median": 0.296777397394, "min": 0.0037207766436, "var": 0.0072068287991}, "melbands_kurtosis": {"dmean": 10.7881059647, "dmean2": 17.4713497162, "dvar": 227.01739502, "dvar2": 593.294677734, "max": 333.499755859, "mean": 24.7717933655, "median": 17.66173172, "min": -1.69970405102, "var": 600.379577637}, "melbands_skewness": {"dmean": 0.837070167065, "dmean2": 1.32743906975, "dvar": 0.650863409042, "dvar2": 1.58859729767, "max": 15.1714830399, "mean": 3.353982687, "median": 3.10039448738, "min": -1.72741127014, "var": 2.97909879684}, "melbands_spread": {"dmean": 3.71966362, "dmean2": 5.69486618042, "dvar": 31.457780838, "dvar2": 66.7656707764, "max": 160.231307983, "mean": 12.4303789139, "median": 7.15866947174, "min": 0.415302813053, "var": 277.917144775}, "mfcc": {"cov": [[12813.6542969, 604.096801758, -2328.92895508, 1263.39660645, -1396.3996582, 212.285797119, -547.786499023, -158.833511353, 92.4996948242, -105.980834961, 169.081390381, -219.229721069, 108.095840454], [604.096801758, 1186.59643555, 195.033126831, -24.0793933868, 101.629974365, -32.2337150574, -16.7487812042, -16.6488780975, 21.7455749512, 4.26021766663, -19.9396839142, -33.9115753174, -25.1372756958], [-2328.92895508, 195.033126831, 987.029663086, -342.769775391, 417.196166992, -116.545410156, 119.782821655, 49.9268608093, -23.7730369568, 70.6990203857, -51.6223907471, 42.7456741333, -49.4218101501], [1263.39660645, -24.0793933868, -342.769775391, 543.869506836, -214.36416626, 81.595199585, -31.3522205353, 2.05511379242, -0.0579896271229, -28.6677398682, 48.8560409546, -19.6314907074, 50.1059417725], [-1396.3996582, 101.629974365, 417.196166992, -214.36416626, 398.774963379, -12.7490329742, 133.594467163, 15.8159646988, -17.7112693787, -13.470911026, -34.3253364563, 60.5303344727, -39.6648216248], [212.285797119, -32.2337150574, -116.545410156, 81.595199585, -12.7490329742, 204.116088867, 68.3756332397, 27.7980079651, -22.81731987, -62.6548690796, 7.59828233719, 16.7453613281, -1.63973104954], [-547.786499023, -16.7487812042, 119.782821655, -31.3522205353, 133.594467163, 68.3756332397, 235.303924561, 18.511713028, -43.2083358765, -20.474937439, -29.5542697906, 52.2906455994, -0.665845632553], [-158.833511353, -16.6488780975, 49.9268608093, 2.05511379242, 15.8159646988, 27.7980079651, 18.511713028, 91.7561187744, 4.10267496109, -0.838406860828, 14.7049121857, -14.4453735352, -7.04949522018], [92.4996948242, 21.7455749512, -23.7730369568, -0.0579896271229, -17.7112693787, -22.81731987, -43.2083358765, 4.10267496109, 116.117362976, 32.4512252808, -0.527593910694, -12.2774419785, -21.3788967133], [-105.980834961, 4.26021766663, 70.6990203857, -28.6677398682, -13.470911026, -62.6548690796, -20.474937439, -0.838406860828, 32.4512252808, 137.426086426, 8.86018180847, -24.367389679, 22.8101482391], [169.081390381, -19.9396839142, -51.6223907471, 48.8560409546, -34.3253364563, 7.59828233719, -29.5542697906, 14.7049121857, -0.527593910694, 8.86018180847, 84.6243362427, 12.2979764938, 8.61707782745], [-219.229721069, -33.9115753174, 42.7456741333, -19.6314907074, 60.5303344727, 16.7453613281, 52.2906455994, -14.4453735352, -12.2774419785, -24.367389679, 12.2979764938, 100.185005188, 16.5180435181], [108.095840454, -25.1372756958, -49.4218101501, 50.1059417725, -39.6648216248, -1.63973104954, -0.665845632553, -7.04949522018, -21.3788967133, 22.8101482391, 8.61707782745, 16.5180435181, 88.3577423096]], "icov": [[0.000192044026335, -0.000173386375536, 0.00029964838177, -0.000152396649355, 0.000303665641695, -2.37717486016e-05, 0.000106080020487, 7.7243479609e-05, 5.26078074472e-05, -4.15683571191e-05, -8.23446953291e-06, -4.65406119474e-05, 0.000145557583892], [-0.000173386375536, 0.00107735942584, -0.000495833577588, 1.45783633343e-06, -0.000506105192471, -2.58701493294e-05, 1.31615261125e-05, 0.000364649895346, -0.000297338789096, 0.000248659751378, -6.17311452515e-05, 0.000618122285232, -0.000203699339181], [0.00029964838177, -0.000495833577588, 0.00292977830395, 0.000126980361529, -0.00152003043331, 0.000948136905208, 0.000251590914559, -0.00149420578964, 0.00109084590804, -0.0015511084348, 0.00083156011533, -0.000837455911096, 0.00101682671811], [-0.000152396649355, 1.45783633343e-06, 0.000126980361529, 0.0029032046441, 0.000762330077123, -0.00052961386973, -0.000614862132352, -4.02028890676e-05, -0.000444111326942, 0.00067352107726, -0.00116834708024, 0.000599067949224, -0.00134330138098], [0.000303665641695, -0.000506105192471, -0.00152003043331, 0.000762330077123, 0.00667711673304, -0.000131139109726, -0.0018636448076, 0.000381055433536, -0.000460430863313, 0.00114672177006, -8.83767716005e-05, -0.00164520391263, 0.00112210470252], [-2.37717486016e-05, -2.58701493294e-05, 0.000948136905208, -0.00052961386973, -0.000131139109726, 0.00752114923671, -0.00227550812997, -0.00229269755073, 0.000289031740976, 0.00230445712805, -0.000427337014116, -0.0002916623489, 0.000304246990709], [0.000106080020487, 1.31615261125e-05, 0.000251590914559, -0.000614862132352, -0.0018636448076, -0.00227550812997, 0.00756879756227, -0.00156622123905, 0.00240263226442, -0.00177164201159, 0.00326983886771, -0.00332400831394, 0.000757820205763], [7.7243479609e-05, 0.000364649895346, -0.00149420578964, -4.02028890676e-05, 0.000381055433536, -0.00229269755073, -0.00156622123905, 0.0143434777856, -0.00197731284425, 0.00138250156306, -0.0043954802677, 0.00473169377074, -0.000833869155031], [5.26078074472e-05, -0.000297338789096, 0.00109084590804, -0.000444111326942, -0.000460430863313, 0.000289031740976, 0.00240263226442, -0.00197731284425, 0.0115599082783, -0.0042242850177, 0.00212949863635, -0.00246344134212, 0.00451246043667], [-4.15683571191e-05, 0.000248659751378, -0.0015511084348, 0.00067352107726, 0.00114672177006, 0.00230445712805, -0.00177164201159, 0.00138250156306, -0.0042242850177, 0.0119200991467, -0.00319616589695, 0.00444653164595, -0.00509235123172], [-8.23446953291e-06, -6.17311452515e-05, 0.00083156011533, -0.00116834708024, -8.83767716005e-05, -0.000427337014116, 0.00326983886771, -0.0043954802677, 0.00212949863635, -0.00319616589695, 0.0159053113312, -0.00556702213362, 0.0015764569398], [-4.65406119474e-05, 0.000618122285232, -0.000837455911096, 0.000599067949224, -0.00164520391263, -0.0002916623489, -0.00332400831394, 0.00473169377074, -0.00246344134212, 0.00444653164595, -0.00556702213362, 0.0163478609174, -0.00522403325886], [0.000145557583892, -0.000203699339181, 0.00101682671811, -0.00134330138098, 0.00112210470252, 0.000304246990709, 0.000757820205763, -0.000833869155031, 0.00451246043667, -0.00509235123172, 0.0015764569398, -0.00522403325886, 0.0160899814218]], "mean": [-730.869628906, 160.762237549, 5.72607278824, 58.6047554016, -5.77510547638, 13.1537027359, -1.75670087337, -0.537001490593, 1.34548211098, -2.34300374985, 1.65010368824, -4.77620124817, 2.32766032219]}, "pitch_salience": {"dmean": 0.0724026560783, "dmean2": 0.119807869196, "dvar": 0.00356625346467, "dvar2": 0.00972860585898, "max": 0.978453993797, "mean": 0.557168662548, "median": 0.565532445908, "min": 0.068925589323, "var": 0.0115752704442}, "silence_rate_20dB": {"dmean": 0, "dmean2": 0, "dvar": 0, "dvar2": 0, "max": 1, "mean": 1, "median": 1, "min": 1, "var": 0}, "silence_rate_30dB": {"dmean": 0.00423654029146, "dmean2": 0.00847382843494, "dvar": 0.00421911571175, "dvar2": 0.0112251825631, "max": 1, "mean": 0.996558129787, "median": 1, "min": 0, "var": 0.00342981517315}, "silence_rate_60dB": {"dmean": 0.0058252424933, "dmean2": 0.011651514098, "dvar": 0.00579145923257, "dvar2": 0.0138122262433, "max": 1, "mean": 0.0833112671971, "median": 0, "min": 0, "var": 0.0763726457953}, "spectral_centroid": {"dmean": 210.079040527, "dmean2": 317.144165039, "dvar": 74924.4921875, "dvar2": 156065.4375, "max": 11864.9121094, "mean": 1005.7989502, "median": 678.266845703, "min": 157.622390747, "var": 1397056.125}, "spectral_complexity": {"dmean": 2.40247130394, "dmean2": 3.69582486153, "dvar": 7.89733982086, "dvar2": 15.3601818085, "max": 48, "mean": 12.1757125854, "median": 8, "min": 0, "var": 95.8686141968}, "spectral_contrast_coeffs": {"dmean": [0.050225365907, 0.0485555641353, 0.0382085889578, 0.0307464338839, 0.0239436421543, 0.0457790568471], "dmean2": [0.0825798884034, 0.0795748457313, 0.0634636506438, 0.0504396259785, 0.038724437356, 0.0720177292824], "dvar": [0.00162772356998, 0.00151880923659, 0.000950544199441, 0.000621183251496, 0.000416554423282, 0.00190940161701], "dvar2": [0.00439319200814, 0.00403200509027, 0.00255779433064, 0.00162840378471, 0.00103666901123, 0.00450835889205], "max": [-0.332643508911, -0.391045719385, -0.520092785358, -0.567559540272, -0.616771221161, -0.400005549192], "mean": [-0.660771429539, -0.741555333138, -0.807502448559, -0.821709990501, -0.819360136986, -0.729363620281], "median": [-0.658681094646, -0.745617568493, -0.816965699196, -0.830963730812, -0.818125963211, -0.731494903564], "min": [-0.978308558464, -0.980803191662, -0.978812336922, -0.971518695354, -0.970982074738, -0.965145587921], "var": [0.00826036557555, 0.00583088770509, 0.00433858856559, 0.00422219373286, 0.00329797132872, 0.0118390545249]}, "spectral_contrast_valleys": {"dmean": [0.350344717503, 0.36504021287, 0.350786477327, 0.331159025431, 0.320465028286, 0.699414789677], "dmean2": [0.585642397404, 0.592811644077, 0.566997826099, 0.530336499214, 0.490615427494, 1.14434206486], "dvar": [0.0893231853843, 0.0958816856146, 0.0916039422154, 0.0955504253507, 0.118021652102, 0.350136220455], "dvar2": [0.222428381443, 0.229856684804, 0.216469183564, 0.22049176693, 0.264397025108, 0.897325277328], "max": [-5.33355474472, -4.3999581337, -5.35718297958, -5.98389863968, -5.53863334656, -9.17344093323], "mean": [-7.20231199265, -7.15043544769, -8.1056060791, -8.58256626129, -8.40097141266, -11.7271137238], "median": [-6.83999872208, -6.86492347717, -7.76470994949, -8.21164989471, -7.97077131271, -11.4350442886], "min": [-28.409154892, -28.545873642, -27.7298088074, -27.655878067, -27.5011749268, -27.4241256714], "var": [4.84560680389, 5.26197147369, 4.81127357483, 4.81203985214, 5.40292596817, 3.62859296799]}, "spectral_decrease": {"dmean": 1.92645477348e-09, "dmean2": 2.99900060341e-09, "dvar": 6.10846371232e-18, "dvar2": 1.43722482539e-17, "max": 6.75201450306e-10, "mean": -5.85856563262e-09, "median": -4.72426364695e-09, "min": -5.09124511439e-08, "var": 2.44189755244e-17}, "spectral_energy": {"dmean": 0.00741419848055, "dmean2": 0.0115187009797, "dvar": 8.93357282621e-05, "dvar2": 0.000209212623304, "max": 0.203106343746, "mean": 0.027198554948, "median": 0.0226056799293, "min": 1.00017970233e-20, "var": 0.000449692946859}, "spectral_energyband_high": {"dmean": 0.000171758263605, "dmean2": 0.000246953510214, "dvar": 1.1812365841e-07, "dvar2": 2.356806732e-07, "max": 0.00877575669438, "mean": 0.000497045693919, "median": 0.000158909781021, "min": 6.88121938839e-21, "var": 6.53936126582e-07}, "spectral_energyband_low": {"dmean": 0.00431983498856, "dmean2": 0.00700158020481, "dvar": 3.09009192279e-05, "dvar2": 8.16091633169e-05, "max": 0.144479930401, "mean": 0.0104335928336, "median": 0.00804417859763, "min": 1.6274533374e-23, "var": 9.02557221707e-05}, "spectral_energyband_middle_high": {"dmean": 0.000805381976534, "dmean2": 0.0012045459589, "dvar": 3.40383326147e-06, "dvar2": 7.94117931946e-06, "max": 0.0507293306291, "mean": 0.0021842115093, "median": 0.000564901100006, "min": 1.22542526444e-21, "var": 1.46812035382e-05}, "spectral_energyband_middle_low": {"dmean": 0.00496078748256, "dmean2": 0.00761379906908, "dvar": 6.84272163198e-05, "dvar2": 0.000154761306476, "max": 0.198344424367, "mean": 0.0126449875534, "median": 0.00705857062712, "min": 1.51262197932e-22, "var": 0.000230785750318}, "spectral_entropy": {"dmean": 0.238362595439, "dmean2": 0.371478676796, "dvar": 0.0561297722161, "dvar2": 0.135522529483, "max": 9.82080459595, "mean": 7.15373706818, "median": 7.24063682556, "min": 5.09109592438, "var": 0.335753649473}, "spectral_flux": {"dmean": 0.0166654027998, "dmean2": 0.0274807922542, "dvar": 0.000316771183861, "dvar2": 0.000828929885756, "max": 0.322849959135, "mean": 0.0752636790276, "median": 0.071288228035, "min": 6.37635708123e-11, "var": 0.00165039289277}, "spectral_kurtosis": {"dmean": 3.44758343697, "dmean2": 5.46458911896, "dvar": 25.9982852936, "dvar2": 67.0057449341, "max": 83.9316940308, "mean": 11.7865991592, "median": 9.35441493988, "min": -1.26473009586, "var": 60.8654174805}, "spectral_rms": {"dmean": 0.00065435981378, "dmean2": 0.00101425335743, "dvar": 4.17918300855e-07, "dvar2": 9.7740360161e-07, "max": 0.0140766659752, "mean": 0.00470339460298, "median": 0.00469620293006, "min": 3.12375581131e-12, "var": 4.41324300482e-06}, "spectral_rolloff": {"dmean": 3092.24536133, "dmean2": 5911.01904297, "dvar": 43619288, "dvar2": 112817152, "max": 22050, "mean": 4478.03027344, "median": 645.99609375, "min": 21.533203125, "var": 57621096}, "spectral_skewness": {"dmean": 0.34801581502, "dmean2": 0.529350876808, "dvar": 0.169195622206, "dvar2": 0.397610276937, "max": 7.34135103226, "mean": 2.19579935074, "median": 2.0048289299, "min": -0.0823376104236, "var": 0.918115377426}, "spectral_spread": {"dmean": 507093.875, "dmean2": 807709.5625, "dvar": 409563889664, "dvar2": 947520405504, "max": 42599344, "mean": 4264173.5, "med