{"lowlevel": {"average_loudness": 0.853466749191, "barkbands": {"dmean": [1.49926590893e-05, 0.00164698774461, 0.00115463638213, 0.000806559808552, 0.000431736494647, 0.000270110554993, 0.000218374450924, 0.000395049399231, 0.000359886500519, 0.000382357422495, 0.000233835991821, 0.00019054004224, 0.000217589113163, 0.000328703521518, 0.000282741006231, 0.000312170450343, 0.00041245034663, 0.000365766230971, 0.000338254671078, 0.000256357569015, 0.000217190827243, 0.000266933755483, 0.00017871549062, 9.13378535188e-05, 4.15587528551e-05, 2.29408160521e-05, 1.21524162751e-05], "dmean2": [2.30321038543e-05, 0.00283109676093, 0.00204728473909, 0.00129784236196, 0.000721799093299, 0.000429252628237, 0.000348784029484, 0.000598335638642, 0.000548492360394, 0.000586755108088, 0.000356487435056, 0.000293214950943, 0.000335623131832, 0.000516597239766, 0.000443500670372, 0.000490652979352, 0.000664566177875, 0.000574501173105, 0.000539972388651, 0.000400046556024, 0.000330008915626, 0.000401229044655, 0.000265717681032, 0.000127946244902, 5.62279310543e-05, 3.13647942676e-05, 1.70482217072e-05], "dvar": [8.23652090975e-10, 1.44553059727e-05, 6.69598512104e-06, 2.98341069538e-06, 6.15003273197e-07, 2.33503072877e-07, 1.337600537e-07, 7.39647134651e-07, 5.09944527494e-07, 7.06733885636e-07, 3.8811569425e-07, 1.67119026173e-07, 2.37826895955e-07, 3.78631909825e-07, 2.55226154877e-07, 2.72959880476e-07, 3.62172102086e-07, 3.0941819773e-07, 2.44166614038e-07, 1.41483312177e-07, 1.08434427659e-07, 2.14106492535e-07, 1.31836557671e-07, 4.98013825734e-08, 8.26666735065e-09, 3.34965277737e-09, 1.06093822616e-09], "dvar2": [1.79192238825e-09, 3.8464073441e-05, 1.88218655239e-05, 7.16705062587e-06, 1.63205118042e-06, 5.85820828292e-07, 3.3216696238e-07, 1.66971551607e-06, 1.14455042421e-06, 1.59477644956e-06, 9.03368629679e-07, 3.84209897675e-07, 5.69269786865e-07, 8.83410166352e-07, 6.06458797847e-07, 6.45004718081e-07, 9.50879723405e-07, 6.77939283378e-07, 6.09315804923e-07, 3.34101343924e-07, 2.49812075026e-07, 4.87937882099e-07, 2.90725751029e-07, 8.79056401004e-08, 1.38213884782e-08, 6.21139406576e-09, 2.0109449661e-09], "max": [0.000288573122816, 0.0408328995109, 0.0249663963914, 0.023647852242, 0.0102318115532, 0.00842860527337, 0.00739633245394, 0.0161773245782, 0.0152134057134, 0.0218226462603, 0.0160744413733, 0.0124334311113, 0.0145381288603, 0.0147407352924, 0.00852222926915, 0.0135845290497, 0.0154606299475, 0.0174999963492, 0.0134835457429, 0.00863402243704, 0.00752846384421, 0.0116152493283, 0.013531697914, 0.0107770189643, 0.00316014979035, 0.00127038767096, 0.000509098288603], "mean": [2.30820714933e-05, 0.00191371527035, 0.00129124254454, 0.00102867558599, 0.000706707127392, 0.000443520955741, 0.000363167288015, 0.000664274324663, 0.000636270735413, 0.000668162247166, 0.00039561840822, 0.000322077248711, 0.000317977333907, 0.000517852313351, 0.000444655510364, 0.000581934698857, 0.000829442986287, 0.000762315525208, 0.000721851189155, 0.000610701856203, 0.000533871527296, 0.00067049037898, 0.000424283265602, 0.000221634472837, 9.41647740547e-05, 3.49379624822e-05, 1.39033854794e-05], "median": [1.23263725982e-05, 0.000969619490206, 0.000558856292628, 0.000486311328132, 0.000488004763611, 0.000272710807621, 0.000205972071853, 0.00029466941487, 0.00029615155654, 0.000253311620327, 0.000102726735349, 0.000123097663163, 0.000112884605187, 0.00023428768327, 0.000197638044483, 0.00033512696973, 0.00057223381009, 0.000455143221188, 0.000469575461466, 0.000316520803608, 0.000278867111774, 0.000274348945823, 0.000178260539542, 0.000103767466499, 4.86750468554e-05, 1.35924146889e-05, 2.18155582843e-06], "min": [5.18650653722e-26, 3.66632335374e-24, 1.58158673584e-24, 2.2103813539e-24, 5.34638330056e-24, 1.31279021183e-23, 1.03874151108e-23, 8.0508840513e-24, 2.4991501597e-23, 1.75307139018e-23, 1.01317831567e-23, 2.6353293245e-23, 3.73199555078e-23, 3.87266459631e-23, 3.15189595562e-23, 5.98941821874e-23, 7.37573776111e-23, 1.00462439711e-22, 1.49777271407e-22, 2.09118834442e-22, 3.39375357786e-22, 3.44618493393e-22, 4.31647673185e-22, 4.74214658118e-22, 9.16177754178e-22, 1.20669545987e-21, 1.945895539e-21], "var": [9.89490378522e-10, 1.21176317407e-05, 5.02133025293e-06, 3.20824915434e-06, 6.78882486227e-07, 3.23573971173e-07, 2.46558670369e-07, 1.54955387188e-06, 1.2065803503e-06, 1.76627872861e-06, 1.01927753349e-06, 4.02945687483e-07, 3.56173671889e-07, 7.2414081842e-07, 4.53002883205e-07, 6.33864090105e-07, 8.18731507479e-07, 9.75192165242e-07, 6.43836244762e-07, 6.03395108101e-07, 4.16105223167e-07, 9.01557598354e-07, 4.19324095446e-07, 1.37637385933e-07, 2.42150566265e-08, 6.12922113064e-09, 1.76655146067e-09]}, "barkbands_crest": {"dmean": 1.92736291885, "dmean2": 3.20835900307, "dvar": 4.19763708115, "dvar2": 11.0860176086, "max": 21.6394577026, "mean": 6.26093101501, "median": 5.55002403259, "min": 2.04822397232, "var": 8.15576553345}, "barkbands_flatness_db": {"dmean": 0.0141231417656, "dmean2": 0.0211327169091, "dvar": 0.000216404834646, "dvar2": 0.000480166316265, "max": 0.30728071928, "mean": 0.0756209045649, "median": 0.0680043548346, "min": 0.0188633017242, "var": 0.0010054652812}, "barkbands_kurtosis": {"dmean": 0.867237389088, "dmean2": 1.40479660034, "dvar": 4.27122354507, "dvar2": 10.2051858902, "max": 76.6573410034, "mean": -0.266119509935, "median": -0.972351789474, "min": -1.94730436802, "var": 6.93727111816}, "barkbands_skewness": {"dmean": 0.417285650969, "dmean2": 0.63991945982, "dvar": 0.225227966905, "dvar2": 0.512891352177, "max": 8.02373409271, "mean": 0.260891348124, "median": 0.188456267118, "min": -2.89657258987, "var": 0.791795313358}, "barkbands_spread": {"dmean": 6.63037109375, "dmean2": 9.9484462738, "dvar": 46.1498985291, "dvar2": 99.0829620361, "max": 105.027519226, "mean": 39.9328804016, "median": 40.2567901611, "min": 1.47981262207, "var": 185.351486206}, "dissonance": {"dmean": 0.00926019251347, "dmean2": 0.0154612241313, "dvar": 0.000101300691313, "dvar2": 0.000257800129475, "max": 0.500000178814, "mean": 0.483435988426, "median": 0.487440019846, "min": 0.299320757389, "var": 0.000232466103625}, "dynamic_complexity": 2.89642524719, "erbbands": {"dmean": [0.0296304561198, 0.44117629528, 1.26892220974, 2.3683655262, 1.47060143948, 1.63105905056, 1.88540017605, 2.26808786392, 2.82828474045, 5.57666730881, 8.6951341629, 8.32432460785, 11.3621120453, 9.94408416748, 8.11957454681, 8.39184761047, 10.3820571899, 16.595916748, 13.384437561, 15.5310907364, 15.8883047104, 20.2980213165, 18.9017601013, 18.368391037, 14.9092712402, 13.0862579346, 8.25464248657, 9.22662162781, 9.27524280548, 8.75881290436, 4.20756816864, 2.50676822662, 1.30192637444, 0.581603646278, 0.238680288196, 0.0901162549853, 0.0443867407739, 0.0130345243961, 0.00179194658995, 0.000151311731315], "dmean2": [0.0474455542862, 0.77654749155, 2.25875473022, 3.88186192513, 2.40372085571, 2.71606469154, 3.10451388359, 3.60858535767, 4.48426818848, 8.93741512299, 12.9345903397, 12.6806735992, 17.6653137207, 15.5158395767, 12.305770874, 12.7521972656, 15.8212108612, 25.8027935028, 20.789106369, 24.1559791565, 25.250957489, 32.2146148682, 29.534658432, 29.8848781586, 23.2556686401, 20.5293731689, 12.6252641678, 13.9906425476, 14.0771770477, 13.1997356415, 6.03161621094, 3.63138699532, 1.82098412514, 0.794032812119, 0.326116919518, 0.122272245586, 0.0621457099915, 0.0184191204607, 0.00249415589496, 0.000214598418097], "dvar": [0.00399476243183, 1.09275352955, 9.00233078003, 24.1305561066, 7.50432491302, 8.69087982178, 15.5906028748, 16.4693546295, 20.8160438538, 153.95942688, 349.23815918, 318.988983154, 546.359619141, 810.044555664, 324.01361084, 339.725006104, 504.0262146, 972.294067383, 532.980285645, 862.672546387, 697.17767334, 787.768554688, 971.682373047, 698.40826416, 593.085693359, 367.879730225, 155.710006714, 215.790710449, 272.677215576, 272.282806396, 84.6343841553, 44.6442108154, 8.75692176819, 1.95443546772, 0.248553603888, 0.0387542843819, 0.0154167804867, 0.00146736262832, 2.44657294388e-05, 1.38338734246e-07], "dvar2": [0.00906261522323, 2.99866962433, 25.2893047333, 60.5029258728, 18.7192382812, 22.7449321747, 42.383102417, 40.5412101746, 51.3914680481, 394.457366943, 731.603942871, 714.594238281, 1341.9251709, 2129.38818359, 725.960876465, 768.835449219, 1211.87744141, 2268.6081543, 1212.39001465, 2036.50732422, 1738.23120117, 2022.71398926, 2094.15136719, 1884.93835449, 1361.12561035, 890.820373535, 357.767059326, 485.389251709, 622.59564209, 630.008789062, 176.406112671, 83.3784332275, 14.9976081848, 3.19504833221, 0.450416505337, 0.0683029666543, 0.0303143020719, 0.00292631215416, 4.54528380942e-05, 2.75027133512e-07], "max": [0.618055701256, 11.1118593216, 29.4054298401, 65.4006195068, 35.0395812988, 43.7961502075, 81.3331069946, 82.0754623413, 130.660232544, 245.175552368, 417.973022461, 427.682281494, 451.34552002, 856.834716797, 562.185424805, 608.350280762, 625.310058594, 796.5859375, 346.775543213, 636.882568359, 838.246276855, 623.279785156, 1112.20410156, 503.127075195, 969.680114746, 456.793945312, 217.086929321, 359.438293457, 432.954925537, 435.486206055, 434.841186523, 330.614532471, 137.174468994, 63.7942848206, 12.8920440674, 3.55427956581, 3.31041264534, 0.691076934338, 0.0850699692965, 0.00526275485754], "mean": [0.0372109077871, 0.495022445917, 1.41014885902, 3.00529456139, 2.33797931671, 2.50282788277, 2.77395319939, 3.61278891563, 4.93865346909, 8.29817676544, 15.5910673141, 15.3012599945, 21.086107254, 18.675201416, 15.0201787949, 14.9203443527, 17.0667915344, 26.9928455353, 21.9629001617, 28.8067970276, 33.1098442078, 44.876701355, 41.6701889038, 39.6304016113, 33.2838668823, 30.562702179, 19.5624923706, 23.2988681793, 23.1913356781, 21.5900764465, 10.1241798401, 5.90526819229, 3.0601747036, 1.3547668457, 0.503053486347, 0.168292716146, 0.0611768178642, 0.0158767551184, 0.00212122080848, 0.00017695700808], "median": [0.014922647737, 0.255124539137, 0.652218341827, 1.68616712093, 1.56993114948, 1.62389063835, 1.64208006859, 1.97536873817, 3.06557941437, 3.29199767113, 7.1006565094, 7.19942760468, 9.63440990448, 5.66682195663, 5.14591789246, 6.24719238281, 7.31632089615, 12.8373622894, 11.23528862, 13.7039880753, 22.053062439, 32.910282135, 25.7860126495, 25.9564914703, 20.0820178986, 16.7551574707, 10.9919214249, 10.5687904358, 9.41792869568, 7.43993425369, 5.19086313248, 2.6390209198, 1.46828556061, 0.690172255039, 0.245422199368, 0.0813893973827, 0.0199405234307, 0.00361887807958, 0.000368809065549, 3.7273613998e-05], "min": [2.16870232184e-22, 9.04848348428e-22, 3.46780446853e-21, 8.15775052064e-21, 1.36050288912e-20, 2.16133359863e-20, 5.79936262837e-20, 1.20199217473e-19, 1.40236168547e-19, 2.54522543904e-19, 2.63718362473e-19, 5.2443374913e-19, 6.42326011572e-19, 6.5048852646e-19, 8.94399894069e-19, 1.48951901828e-18, 1.76009558691e-18, 1.48499423693e-18, 2.79606547826e-18, 2.58360558549e-18, 4.17582362631e-18, 3.88145899762e-18, 6.10123374017e-18, 7.9114564722e-18, 9.60066847087e-18, 9.48282087618e-18, 9.75334202371e-18, 1.3909687201e-17, 1.14486519979e-17, 1.08912894293e-17, 1.17434972185e-17, 9.47948320241e-18, 9.91701873306e-18, 8.33491504318e-18, 6.57006689007e-18, 3.7962775925e-18, 2.27383058199e-18, 1.04744857332e-18, 2.49373215344e-19, 2.70789238058e-20], "var": [0.00450467504561, 0.8362159729, 6.4833688736, 24.1890144348, 8.90050888062, 9.90553188324, 15.0482549667, 24.4225330353, 35.8253593445, 246.653900146, 829.578735352, 798.309204102, 1317.41784668, 2720.96557617, 952.460205078, 796.420654297, 820.52154541, 1919.88012695, 953.616394043, 1986.39123535, 1676.7166748, 1955.49389648, 2838.05249023, 1763.3503418, 1725.93798828, 1455.21923828, 494.144622803, 934.33984375, 1079.63891602, 1194.31225586, 224.148300171, 105.456764221, 25.1538887024, 5.64132928848, 0.666243195534, 0.0866427496076, 0.0252385288477, 0.00231564301066, 4.15739559685e-05, 2.14363808482e-07]}, "erbbands_crest": {"dmean": 1.86854147911, "dmean2": 3.06839346886, "dvar": 3.43331885338, "dvar2": 8.66005802155, "max": 28.4198207855, "mean": 6.93830251694, "median": 6.13284254074, "min": 2.50980567932, "var": 9.13467788696}, "erbbands_flatness_db": {"dmean": 0.015519763343, "dmean2": 0.0217803325504, "dvar": 0.000242404144956, "dvar2": 0.000456031033536, "max": 0.376567661762, "mean": 0.142273843288, "median": 0.138056695461, "min": 0.0380285978317, "var": 0.00138311460614}, "erbbands_kurtosis": {"dmean": 0.69260174036, "dmean2": 1.07706344128, "dvar": 0.869057953358, "dvar2": 1.87066400051, "max": 24.4564552307, "mean": 0.323221236467, "median": -0.0144467353821, "min": -1.70638155937, "var": 2.32196545601}, "erbbands_skewness": {"dmean": 0.277864545584, "dmean2": 0.416043907404, "dvar": 0.0683904141188, "dvar2": 0.144651085138, "max": 4.2115354538, "mean": -0.490094900131, "median": -0.525224506855, "min": -3.44007134438, "var": 0.354580193758}, "erbbands_spread": {"dmean": 6.50300073624, "dmean2": 10.1745910645, "dvar": 47.1244354248, "dvar2": 108.96660614, "max": 116.43346405, "mean": 36.136756897, "median": 34.5100669861, "min": 3.68553709984, "var": 158.148910522}, "gfcc": {"cov": [[11970.6337891, -624.284484863, -344.140594482, 472.105499268, -305.146484375, 456.464141846, -30.6679592133, 42.0582885742, -202.04864502, -68.3598251343, -222.789825439, -65.4861831665, -206.430465698], [-624.284484863, 1172.92980957, -183.139328003, 13.7697143555, 201.502029419, -119.238685608, 55.0769691467, 9.08953285217, 61.5745201111, -41.7217826843, 3.31056761742, -50.5479698181, 32.4682579041], [-344.140594482, -183.139328003, 806.055175781, 98.3388442993, 188.384521484, 133.308486938, 41.2851066589, 31.8768367767, -17.0532188416, 7.81001663208, 5.59654092789, -24.2152900696, -58.7587623596], [472.105499268, 13.7697143555, 98.3388442993, 346.494873047, 21.4607563019, 104.688270569, -6.78307533264, 5.05991792679, -34.1460189819, -12.7458782196, -17.0262260437, -10.7589769363, -6.71675014496], [-305.146484375, 201.502029419, 188.384521484, 21.4607563019, 330.595031738, 25.6112194061, 88.560760498, -4.98157691956, 28.122335434, 1.64309740067, -10.8247518539, -16.6907291412, -11.3253450394], [456.464141846, -119.238685608, 133.308486938, 104.688270569, 25.6112194061, 241.401000977, 47.1082611084, 33.9652633667, -30.5723896027, 3.4562895298, -0.78871178627, -5.30382633209, -23.6656360626], [-30.6679592133, 55.0769691467, 41.2851066589, -6.78307533264, 88.560760498, 47.1082611084, 163.59375, 10.6513996124, 0.565540254116, -13.0194196701, -7.43153429031, 8.28405380249, 2.28139519691], [42.0582885742, 9.08953285217, 31.8768367767, 5.05991792679, -4.98157691956, 33.9652633667, 10.6513996124, 121.130477905, 47.2291755676, 5.74454450607, 7.3977098465, 4.09928512573, 1.47081303596], [-202.04864502, 61.5745201111, -17.0532188416, -34.1460189819, 28.122335434, -30.5723896027, 0.565540254116, 47.2291755676, 99.5282440186, 33.7637138367, 9.33320236206, -4.79893350601, 6.44443655014], [-68.3598251343, -41.7217826843, 7.81001663208, -12.7458782196, 1.64309740067, 3.4562895298, -13.0194196701, 5.74454450607, 33.7637138367, 73.470085144, 23.1196517944, -2.26816678047, -6.21083688736], [-222.789825439, 3.31056761742, 5.59654092789, -17.0262260437, -10.8247518539, -0.78871178627, -7.43153429031, 7.3977098465, 9.33320236206, 23.1196517944, 62.3040733337, 25.2454605103, 6.05205106735], [-65.4861831665, -50.5479698181, -24.2152900696, -10.7589769363, -16.6907291412, -5.30382633209, 8.28405380249, 4.09928512573, -4.79893350601, -2.26816678047, 25.2454605103, 66.2972183228, 31.6928920746], [-206.430465698, 32.4682579041, -58.7587623596, -6.71675014496, -11.3253450394, -23.6656360626, 2.28139519691, 1.47081303596, 6.44443655014, -6.21083688736, 6.05205106735, 31.6928920746, 62.9113121033]], "icov": [[0.000117208532174, 2.33726550505e-05, 0.000114005000796, -0.000110763394332, 4.94491978316e-05, -0.000164798097103, 2.81618522422e-05, -9.06355999177e-05, 0.000117492309073, -5.23352355231e-05, 0.000447314057965, -0.000230110716075, 0.000470883387607], [2.33726550505e-05, 0.00138399924617, 0.000524785253219, -0.000369982182747, -0.00102854485158, 0.00060676218709, -0.00026146415621, -0.000312191958074, -0.000363064697012, 0.00127910939045, -0.00146439869422, 0.00203100126237, -0.000845884322189], [0.000114005000796, 0.000524785253219, 0.00199567386881, -0.000424953264883, -0.00135631544981, -0.000447087018983, 0.000191247978364, -0.000783977506217, 0.000613571202848, 0.000280488515273, -0.000549721822608, 0.000458223657915, 0.00130774825811], [-0.000110763394332, -0.000369982182747, -0.000424953264883, 0.00374561361969, -6.35708638583e-05, -0.00152908195741, 0.000876225938555, 4.58673021058e-05, 0.000750044593588, -4.95608255733e-05, 0.000736074638553, 4.33097920904e-05, -0.000963349535596], [4.94491978316e-05, -0.00102854485158, -0.00135631544981, -6.35708638583e-05, 0.00528972130269, -0.000390608212911, -0.00209468207322, 0.00163678778335, -0.00193524966016, -0.000588146911468, 0.00160422280896, -0.000882394029759, 0.000692900503054], [-0.000164798097103, 0.00060676218709, -0.000447087018983, -0.00152908195741, -0.000390608212911, 0.00687398249283, -0.00203210371546, -0.00253596319817, 0.00272511737421, -0.00124087708537, -0.00142855593003, 0.00131139252335, 0.000288881245069], [2.81618522422e-05, -0.00026146415621, 0.000191247978364, 0.000876225938555, -0.00209468207322, -0.00203210371546, 0.00820414535701, -0.000392999674659, 2.76961964119e-05, 0.00111323979218, 0.00144695362542, -0.00224064639769, 0.000166328361956], [-9.06355999177e-05, -0.000312191958074, -0.000783977506217, 4.58673021058e-05, 0.00163678778335, -0.00253596319817, -0.000392999674659, 0.0125029729679, -0.00825363304466, 0.00287221278995, -0.000789599260315, -0.00136311119422, 9.07063586055e-05], [0.000117492309073, -0.000363064697012, 0.000613571202848, 0.000750044593588, -0.00193524966016, 0.00272511737421, 2.76961964119e-05, -0.00825363304466, 0.0192576311529, -0.00871841330081, 0.000977433519438, 0.00203417567536, -0.00185744615737], [-5.23352355231e-05, 0.00127910939045, 0.000280488515273, -4.95608255733e-05, -0.000588146911468, -0.00124087708537, 0.00111323979218, 0.00287221278995, -0.00871841330081, 0.0212027207017, -0.00866056326777, 0.00345159717835, 0.000825254770461], [0.000447314057965, -0.00146439869422, -0.000549721822608, 0.000736074638553, 0.00160422280896, -0.00142855593003, 0.00144695362542, -0.000789599260315, 0.000977433519438, -0.00866056326777, 0.0264285188168, -0.0130875073373, 0.00460164668038], [-0.000230110716075, 0.00203100126237, 0.000458223657915, 4.33097920904e-05, -0.000882394029759, 0.00131139252335, -0.00224064639769, -0.00136311119422, 0.00203417567536, 0.00345159717835, -0.0130875073373, 0.0287829283625, -0.0140316728503], [0.000470883387607, -0.000845884322189, 0.00130774825811, -0.000963349535596, 0.000692900503054, 0.000288881245069, 0.000166328361956, 9.07063586055e-05, -0.00185744615737, 0.000825254770461, 0.00460164668038, -0.0140316728503, 0.0261187013239]], "mean": [6.37183094025, 47.669128418, -132.162109375, 45.9395713806, -59.0016059875, 11.5640249252, -33.2741699219, 11.4008684158, -17.2845668793, -2.3949136734, -19.0220069885, -1.15429151058, -14.7945871353]}, "hfc": {"dmean": 7.67630243301, "dmean2": 10.25299263, "dvar": 111.361984253, "dvar2": 186.350814819, "max": 215.602508545, "mean": 28.5436191559, "median": 19.8977336884, "min": 1.07752073689e-16, "var": 685.410339355}, "melbands": {"dmean": [0.00036827090662, 0.000643226725515, 0.000364924955647, 0.000104686369014, 6.47920605843e-05, 5.19120585523e-05, 4.23625460826e-05, 6.51637164992e-05, 7.33607157599e-05, 5.15709944011e-05, 5.68924588151e-05, 4.0810144128e-05, 3.11787043756e-05, 2.0085279175e-05, 2.28185726883e-05, 2.33563641814e-05, 3.29437898472e-05, 2.09941190406e-05, 2.15959043999e-05, 2.15324980672e-05, 2.15953477891e-05, 2.30153746088e-05, 2.61540099018e-05, 1.52346392497e-05, 1.69334707607e-05, 1.16505398182e-05, 1.05896706373e-05, 8.94289769349e-06, 5.38541507922e-06, 5.75426292926e-06, 6.30979639027e-06, 5.08276662003e-06, 6.64752360535e-06, 4.78023594042e-06, 2.72356692221e-06, 2.01963121071e-06, 1.50390383169e-06, 1.00274792203e-06, 7.4454226251e-07, 4.59004667164e-07], "dmean2": [0.000616174715105, 0.00114076747559, 0.000596274330746, 0.000171797437361, 0.000107263433165, 8.24390735943e-05, 6.7039312853e-05, 0.000104329148598, 0.000109090608021, 7.88671022747e-05, 8.85998524609e-05, 6.34383541183e-05, 4.71436360385e-05, 3.09505994665e-05, 3.43864194292e-05, 3.59605292033e-05, 5.17672706337e-05, 3.27169000229e-05, 3.37939309247e-05, 3.36606317433e-05, 3.50005720975e-05, 3.735737846e-05, 4.21027216362e-05, 2.3899045118e-05, 2.79739870166e-05, 1.83777337952e-05, 1.67842899828e-05, 1.4165319044e-05, 8.3527456809e-06, 9.03644649952e-06, 9.69992470345e-06, 7.77573859523e-06, 1.02441963463e-05, 7.42269094189e-06, 4.01337456424e-06, 3.01082900478e-06, 2.23872052629e-06, 1.44254761381e-06, 1.06179788872e-06, 6.50773188227e-07], "dvar": [6.74632758546e-07, 2.30636533161e-06, 5.47851129795e-07, 3.25808287016e-08, 1.87701179044e-08, 8.26504997775e-09, 4.47821912886e-09, 2.19867963835e-08, 2.45198048532e-08, 1.19171863489e-08, 1.38738975863e-08, 1.39768934204e-08, 5.4908091407e-09, 1.82325643472e-09, 2.48539167025e-09, 2.16735074332e-09, 3.91163634816e-09, 1.37331290784e-09, 1.4913721369e-09, 1.48220025142e-09, 1.43010481235e-09, 1.16758724911e-09, 1.84271620185e-09, 7.26228133185e-10, 6.4377686515e-10, 3.78094305864e-10, 2.83586626404e-10, 1.76232556326e-10, 7.04118707784e-11, 7.65713048523e-11, 1.16339216039e-10, 7.14430598014e-11, 1.71622591139e-10, 9.03361274673e-11, 2.99285873862e-11, 3.76309018668e-11, 1.42778766241e-11, 5.11816153695e-12, 3.00155018028e-12, 1.14986319077e-12], "dvar2": [1.71840611074e-06, 6.42897794023e-06, 1.36993674005e-06, 8.37277909227e-08, 5.11725133379e-08, 2.03746370886e-08, 1.09607949383e-08, 5.57650707833e-08, 5.05447488308e-08, 2.69673581244e-08, 3.40876837868e-08, 3.5757828698e-08, 1.24019043923e-08, 4.16210088616e-09, 5.55277290815e-09, 5.20615106581e-09, 9.15577480498e-09, 3.10606695919e-09, 3.53246831786e-09, 3.49049211756e-09, 3.73467345938e-09, 3.11542480702e-09, 4.45277237304e-09, 1.55398049984e-09, 1.78816217389e-09, 8.51216430675e-10, 6.89210744031e-10, 4.30252444783e-10, 1.6496050359e-10, 1.8659850054e-10, 2.74861411409e-10, 1.63325131197e-10, 4.10705663922e-10, 2.19861920336e-10, 6.76734987493e-11, 7.28907281755e-11, 2.80197098163e-11, 9.33086333893e-12, 5.20220541991e-12, 2.04109190487e-12], "max": [0.00863450672477, 0.0139455962926, 0.00950047280639, 0.00202864571474, 0.0028825874906, 0.00169505202211, 0.00177570665255, 0.00320574198849, 0.00351112894714, 0.0024895882234, 0.00221575796604, 0.00374261755496, 0.00240708817728, 0.00114000076428, 0.00163700059056, 0.000812931393739, 0.00147286290303, 0.000768944388255, 0.000799310859293, 0.000781480513979, 0.00127013865858, 0.000822305621114, 0.00116085261106, 0.00112665258348, 0.000498427427374, 0.000573744997382, 0.000472389830975, 0.000300567829981, 0.00014210237714, 0.000148452498252, 0.000267198134679, 0.000182333387784, 0.000389099266613, 0.000228878576308, 0.000200408801902, 0.00036173738772, 0.00016842749028, 9.95720401988e-05, 7.28047889424e-05, 4.97882501804e-05], "mean": [0.000445146579295, 0.000738572794944, 0.00048639572924, 0.000172735977685, 9.79766482487e-05, 8.51843942655e-05, 7.43378914194e-05, 9.53136623139e-05, 0.000132697270601, 9.17317229323e-05, 0.000101959405583, 7.26825528545e-05, 5.52736710233e-05, 3.42792918673e-05, 3.82800753869e-05, 3.64372208423e-05, 5.16776453878e-05, 3.26520239469e-05, 3.58245379175e-05, 3.88407206628e-05, 4.12138724641e-05, 4.54160508525e-05, 5.09459459863e-05, 2.97406713798e-05, 3.33069401677e-05, 2.30828954955e-05, 2.33024074987e-05, 1.91408180399e-05, 1.12144070954e-05, 1.24284388221e-05, 1.43164816109e-05, 1.18717098303e-05, 1.50405003296e-05, 1.05672088466e-05, 5.95819074078e-06, 4.20753076469e-06, 3.266179192e-06, 2.13406701732e-06, 1.67573784893e-06, 9.7813051525e-07], "median": [0.000211728169234, 0.000405647500884, 0.000298870552797, 0.000125038815895, 6.1348771851e-05, 4.91176324431e-05, 4.61987801827e-05, 3.64450461348e-05, 6.03686858085e-05, 4.1732819227e-05, 4.48765749752e-05, 2.03616600629e-05, 1.5934178009e-05, 1.39700905493e-05, 1.68269798451e-05, 1.62650576385e-05, 2.30300229305e-05, 1.56223068188e-05, 1.7379226847e-05, 1.87049772649e-05, 2.55757568084e-05, 3.10716059175e-05, 3.03865672322e-05, 1.73858297785e-05, 2.09240752156e-05, 1.31083024826e-05, 1.23852414617e-05, 1.00086226666e-05, 5.91768093727e-06, 7.44480803405e-06, 5.57083239983e-06, 5.17496300745e-06, 5.53060363018e-06, 3.45151488546e-06, 3.0564563076e-06, 2.01630837182e-06, 1.36743324219e-06, 1.01484783954e-06, 8.22699064429e-07, 4.5530805437e-07], "min": [2.26387913948e-24, 1.80837961153e-24, 1.63473742262e-24, 1.3332951325e-24, 2.29940825136e-24, 2.7513523832e-24, 2.30092996404e-24, 2.70073532043e-24, 2.24249095097e-24, 3.42970136978e-24, 3.07802658658e-24, 2.35163163214e-24, 1.79352358575e-24, 2.4233749816e-24, 2.88215715698e-24, 2.68068129293e-24, 2.05408611768e-24, 4.16824004899e-24, 2.9276121112e-24, 2.64877029159e-24, 4.9497826916e-24, 2.94564842972e-24, 4.25026975022e-24, 5.61373654437e-24, 4.97655465857e-24, 5.92696007768e-24, 6.25574625892e-24, 4.83395542817e-24, 5.51786470084e-24, 6.73974752859e-24, 7.34055582692e-24, 5.50638046378e-24, 5.60858764925e-24, 5.51238093426e-24, 6.29233796644e-24, 5.52530681462e-24, 4.84175095164e-24, 5.94968952694e-24, 6.42190797569e-24, 6.66809134826e-24], "var": [6.30641409316e-07, 1.6755947172e-06, 5.60079399747e-07, 3.97117538853e-08, 1.79159087565e-08, 1.23270167407e-08, 8.15706169277e-09, 3.41562618189e-08, 5.87256110407e-08, 2.84771264347e-08, 3.23914939315e-08, 4.55220821038e-08, 1.6141452619e-08, 4.42730074823e-09, 5.13565234783e-09, 3.45276451874e-09, 7.56174411976e-09, 2.38327424462e-09, 2.77681544425e-09, 3.57603502366e-09, 3.14026538106e-09, 2.40821762532e-09, 4.97702723479e-09, 1.81803594401e-09, 1.39988409753e-09, 9.41834721324e-10, 9.13365716393e-10, 6.15541839721e-10, 1.8666963808e-10, 2.15506168466e-10, 4.27456153806e-10, 2.55871740462e-10, 5.91949933515e-10, 3.13447767741e-10, 7.72852060127e-11, 6.57230728174e-11, 3.40296506252e-11, 1.3094475157e-11, 8.27984555918e-12, 3.08856542772e-12]}, "melbands_crest": {"dmean": 2.96564722061, "dmean2": 4.79154396057, "dvar": 9.2155008316, "dvar2": 23.3672561646, "max": 29.2235183716, "mean": 10.5486755371, "median": 9.67670536041, "min": 1.00120413303, "var": 20.4630756378}, "melbands_flatness_db": {"dmean": 0.0208771582693, "dmean2": 0.0318465977907, "dvar": 0.00053987139836, "dvar2": 0.00127845513634, "max": 0.376823544502, "mean": 0.107133463025, "median": 0.100596301258, "min": 4.74577632303e-07, "var": 0.00238410988823}, "melbands_kurtosis": {"dmean": 3.09122347832, "dmean2": 5.05215597153, "dvar": 48.9151687622, "dvar2": 118.87109375, "max": 233.301879883, "mean": 3.55005145073, "median": 1.08381175995, "min": -1.86861944199, "var": 80.2335128784}, "melbands_skewness": {"dmean": 0.581382036209, "dmean2": 0.914404153824, "dvar": 0.528599202633, "dvar2": 1.28204917908, "max": 12.3765363693, "mean": 1.54648756981, "median": 1.33641040325, "min": -1.26604068279, "var": 1.37723958492}, "melbands_spread": {"dmean": 13.0836315155, "dmean2": 19.7953491211, "dvar": 212.585540771, "dvar2": 449.951751709, "max": 265.00177002, "mean": 59.9831504822, "median": 56.1229476929, "min": 1.44345283508, "var": 893.892700195}, "mfcc": {"cov": [[6189.58154297, -618.284301758, 165.699432373, 57.0621528625, -61.2065010071, 316.680114746, 142.493774414, 176.338043213, 32.6773033142, 69.4646835327, 4.9354634285, -130.706542969, -40.2799491882], [-618.284301758, 1054.0234375, -221.533782959, 102.138084412, 107.304740906, -52.2239303589, 13.1264753342, 13.268904686, 69.4739227295, -2.04262471199, 40.7334518433, 56.2313766479, -56.0166015625], [165.699432373, -221.533782959, 543.274719238, 47.4392700195, 112.619560242, 70.4723587036, 81.9160385132, 46.4759788513, -15.4081754684, 34.8259010315, 3.53100466728, -2.31419372559, 26.5778141022], [57.0621528625, 102.138084412, 47.4392700195, 248.736541748, 78.327545166, 49.3308067322, 24.9166049957, 15.7600793839, 23.8186626434, -4.7438378334, -10.049079895, -13.1276102066, -3.26948666573], [-61.2065010071, 107.304740906, 112.619560242, 78.327545166, 220.49005127, 58.3379211426, 36.6057548523, 18.4504127502, 26.4111995697, 39.0188140869, 9.50295162201, 22.9051151276, 7.51125764847], [316.680114746, -52.2239303589, 70.4723587036, 49.3308067322, 58.3379211426, 195.476486206, 101.77028656, 30.5408248901, 8.91561698914, 12.6938076019, 3.24042844772, -8.38651943207, -8.27339076996], [142.493774414, 13.1264753342, 81.9160385132, 24.9166049957, 36.6057548523, 101.77028656, 147.074783325, 62.0997314453, 15.364274025, 4.66481971741, 1.7627081871, 1.05882585049, -3.91322803497], [176.338043213, 13.268904686, 46.4759788513, 15.7600793839, 18.4504127502, 30.5408248901, 62.0997314453, 112.714538574, 41.3704986572, 9.15538883209, 3.51716685295, 2.56482672691, 1.88399994373], [32.6773033142, 69.4739227295, -15.4081754684, 23.8186626434, 26.4111995697, 8.91561698914, 15.364274025, 41.3704986572, 88.162940979, 30.2321510315, 13.6111755371, -0.295969635248, -5.67583942413], [69.4646835327, -2.04262471199, 34.8259010315, -4.7438378334, 39.0188140869, 12.6938076019, 4.66481971741, 9.15538883209, 30.2321510315, 83.6341781616, 34.3059387207, 5.36681938171, 3.93213939667], [4.9354634285, 40.7334518433, 3.53100466728, -10.049079895, 9.50295162201, 3.24042844772, 1.7627081871, 3.51716685295, 13.6111755371, 34.3059387207, 67.7227401733, 23.4116687775, -5.07883882523], [-130.706542969, 56.2313766479, -2.31419372559, -13.1276102066, 22.9051151276, -8.38651943207, 1.05882585049, 2.56482672691, -0.295969635248, 5.36681938171, 23.4116687775, 74.9207000732, 19.2874298096], [-40.2799491882, -56.0166015625, 26.5778141022, -3.26948666573, 7.51125764847, -8.27339076996, -3.91322803497, 1.88399994373, -5.67583942413, 3.93213939667, -5.07883882523, 19.2874298096, 73.556427002]], "icov": [[0.00020229027723, 9.29487432586e-05, 2.04098450922e-05, -5.0305541663e-05, 0.000106651801616, -0.000324623397319, 0.000140339165227, -0.000359178695362, 8.92115713214e-05, -0.00016997345665, -6.64032122586e-05, 0.000225557625527, 9.34530253289e-05], [9.29487432586e-05, 0.00153683859389, 0.000748904247303, -0.000580563035328, -0.000927264627535, 0.000866812828463, -0.000833594705909, 3.13525779347e-05, -0.000616959936451, 0.000465282733785, -0.000697505893186, -0.000795042782556, 0.00115973339416], [2.04098450922e-05, 0.000748904247303, 0.00279114628211, -0.000430168554885, -0.00152362068184, 0.000548901385628, -0.00136173376814, -0.000768053520005, 0.00129514758009, -0.00069603335578, -0.00043386768084, 0.000313780386932, -0.000256668427028], [-5.0305541663e-05, -0.000580563035328, -0.000430168554885, 0.0051945457235, -0.00144192029256, -0.00114960712381, 0.00062540784711, 8.73061653692e-05, -0.00121491402388, 0.00156183366198, 0.000275812781183, 0.0014926638687, -0.000583966844715], [0.000106651801616, -0.000927264627535, -0.00152362068184, -0.00144192029256, 0.00753014488146, -0.00204300647601, 0.000673987728078, 0.000229645535001, -0.000683286169078, -0.00322412280366, 0.00196525501087, -0.00228053494357, -0.000276772567304], [-0.000324623397319, 0.000866812828463, 0.000548901385628, -0.00114960712381, -0.00204300647601, 0.0100406743586, -0.00705453241244, 0.00183440558612, 4.70772793051e-05, -0.000143051700434, -0.000797176733613, 0.000385149905924, 0.00100384489633], [0.000140339165227, -0.000833594705909, -0.00136173376814, 0.00062540784711, 0.000673987728078, -0.00705453241244, 0.0146528910846, -0.00628623459488, 0.000835117243696, 0.000602830550633, 0.000482516596094, -0.000286823720671, 0.000180849514436], [-0.000359178695362, 3.13525779347e-05, -0.000768053520005, 8.73061653692e-05, 0.000229645535001, 0.00183440558612, -0.00628623459488, 0.0150964651257, -0.00686841551214, 0.00140914239455, 0.000262852583546, -0.000965008861385, -0.000763762334827], [8.92115713214e-05, -0.000616959936451, 0.00129514758009, -0.00121491402388, -0.000683286169078, 4.70772793051e-05, 0.000835117243696, -0.00686841551214, 0.0178204551339, -0.00609270902351, -0.000357455021003, 0.00132662139367, 0.000680700235534], [-0.00016997345665, 0.000465282733785, -0.00069603335578, 0.00156183366198, -0.00322412280366, -0.000143051700434, 0.000602830550633, 0.00140914239455, -0.00609270902351, 0.0198477953672, -0.00948463287205, 0.00254224170931, -0.00196134345606], [-6.64032122586e-05, -0.000697505893186, -0.00043386768084, 0.000275812781183, 0.00196525501087, -0.000797176733613, 0.000482516596094, 0.000262852583546, -0.000357455021003, -0.00948463287205, 0.0227295085788, -0.00755276251584, 0.00335934502073], [0.000225557625527, -0.000795042782556, 0.000313780386932, 0.0014926638687, -0.00228053494357, 0.000385149905924, -0.000286823720671, -0.000965008861385, 0.00132662139367, 0.00254224170931, -0.00755276251584, 0.0190618559718, -0.00579660944641], [9.34530253289e-05, 0.00115973339416, -0.000256668427028, -0.000583966844715, -0.000276772567304, 0.00100384489633, 0.000180849514436, -0.000763762334827, 0.000680700235534, -0.00196134345606, 0.00335934502073, -0.00579660944641, 0.0166757814586]], "mean": [-624.967712402, 73.0253753662, -12.1300554276, 29.1824817657, 0.440863013268, 4.12253189087, -5.69579935074, 10.154551506, 2.22852039337, 3.0769200325, 2.60850119591, -0.180930688977, -4.02490663528]}, "pitch_salience": {"dmean": 0.059315815568, "dmean2": 0.0976870059967, "dvar": 0.00336957816035, "dvar2": 0.00914901029319, "max": 0.996078193188, "mean": 0.603782534599, "median": 0.60980206728, "min": 0.247705459595, "var": 0.00812167022377}, "silence_rate_20dB": {"dmean": 0, "dmean2": 0, "dvar": 0, "dvar2": 0, "max": 1, "mean": 1, "median": 1, "min": 1, "var": 0}, "silence_rate_30dB": {"dmean": 0, "dmean2": 0, "dvar": 0, "dvar2": 0, "max": 1, "mean": 1, "median": 1, "min": 1, "var": 0}, "silence_rate_60dB": {"dmean": 0.0346624366939, "dmean2": 0.0693327262998, "dvar": 0.0334602966905, "dvar2": 0.0717859193683, "max": 1, "mean": 0.072828181088, "median": 0, "min": 0, "var": 0.0675290301442}, "spectral_centroid": {"dmean": 239.012283325, "dmean2": 356.616668701, "dvar": 65508.140625, "dvar2": 128926.539062, "max": 11462.7587891, "mean": 2527.29907227, "median": 2498.33032227, "min": 358.916229248, "var": 730126.4375}, "spectral_complexity": {"dmean": 5.10217475891, "dmean2": 7.027302742, "dvar": 33.3195533752, "dvar2": 53.3032913208, "max": 63, "mean": 24.9096164703, "median": 24, "min": 0, "var": 171.996414185}, "spectral_contrast_coeffs": {"dmean": [0.0478334538639, 0.0416368730366, 0.0377602092922, 0.0310952886939, 0.0228615198284, 0.0178813673556], "dmean2": [0.0766779258847, 0.0675123929977, 0.0598061084747, 0.0497885979712, 0.0369812510908, 0.0278432257473], "dvar": [0.00166381942108, 0.00113157113083, 0.000922759762034, 0.000634520838503, 0.00036277010804, 0.00028137586196], "dvar2": [0.00420182570815, 0.00293162208982, 0.00223536416888, 0.00154251710046, 0.000905128021259, 0.000612984702457], "max": [-0.364012807608, -0.482424736023, -0.503864407539, -0.532330274582, -0.522879481316, -0.575011432171], "mean": [-0.676190197468, -0.770003259182, -0.764086544514, -0.769530892372, -0.767367660999, -0.720097064972], "median": [-0.681872606277, -0.77577316761, -0.768301725388, -0.772736668587, -0.769321262836, -0.715869128704], "min": [-0.98182195425, -0.997018694878, -0.998673915863, -0.988594710827, -0.989234924316, -0.965753018856], "var": [0.00494050281122, 0.00384478201158, 0.00467027258128, 0.00310620060191, 0.00218023033813, 0.00234085298143]}, "spectral_contrast_valleys": {"dmean": [0.465433090925, 0.391055136919, 0.383706331253, 0.332239896059, 0.283097893, 0.303476840258], "dmean2": [0.722580492496, 0.595639705658, 0.557402312756, 0.46760097146, 0.39117333293, 0.359904408455], "dvar": [0.216000631452, 0.133347511292, 0.128046423197, 0.118613004684, 0.115960307419, 0.133531391621], "dvar2": [0.441120892763, 0.264190524817, 0.230874851346, 0.190041482449, 0.18418328464, 0.207695066929], "max": [-5.65259218216, -5.1456079483, -5.46397018433, -5.35941410065, -5.427110672, -7.42894411087], "mean": [-7.83581113815, -7.10054826736, -7.65234613419, -7.74555873871, -7.13431167603, -9.79338359833], "median": [-7.45880174637, -6.95083713531, -7.51946973801, -7.58678388596, -6.91936016083, -9.46936607361], "min": [-28.1246528625, -27.9866905212, -27.8440933228, -27.5571041107, -27.4861888885, -27.3954238892], "var": [2.90204191208, 2.51614618301, 2.52013778687, 2.47007870674, 2.66677260399, 2.68270206451]}, "spectral_decrease": {"dmean": 1.32767419281e-09, "dmean2": 2.01909267084e-09, "dvar": 4.49317684499e-18, "dvar2": 1.06226145489e-17, "max": 1.26840422061e-28, "mean": -3.3511950992e-09, "median": -2.55362309076e-09, "min": -2.25408438581e-08, "var": 7.79929160832e-18}, "spectral_energy": {"dmean": 0.00556765077636, "dmean2": 0.00832490809262, "dvar": 7.33764827601e-05, "dvar2": 0.000168410610058, "max": 0.0977485403419, "mean": 0.0152371963486, "median": 0.0116141298786, "min": 1.00774888962e-20, "var": 0.000152620632434}, "spectral_energyband_high": {"dmean": 0.000708261271939, "dmean2": 0.000954795104917, "dvar": 1.17161482649e-06, "dvar2": 2.04050002139e-06, "max": 0.0281726457179, "mean": 0.00229472154751, "median": 0.00117332022637, "min": 6.92262769443e-21, "var": 7.55242444939e-06}, "spectral_energyband_low": {"dmean": 0.00304962391965, "dmean2": 0.0051517887041, "dvar": 3.96613431803e-05, "dvar2": 0.000105418243038, "max": 0.0575383752584, "mean": 0.00392881128937, "median": 0.00253483001143, "min": 2.26815938042e-23, "var": 3.46160632034e-05}, "spectral_energyband_middle_high": {"dmean": 0.00176333019044, "dmean2": 0.00252381665632, "dvar": 5.70667725697e-06, "dvar2": 1.14889826364e-05, "max": 0.0360416509211, "mean": 0.00577781395987, "median": 0.00417156564072, "min": 1.1823378585e-21, "var": 2.59187290794e-05}, "spectral_energyband_middle_low": {"dmean": 0.00182938284706, "dmean2": 0.00275794649497, "dvar": 9.20164802665e-06, "dvar2": 2.0256253265e-05, "max": 0.0431453771889, "mean": 0.0041468301788, "median": 0.00299101439305, "min": 1.88568755426e-22, "var": 1.64145640156e-05}, "spectral_entropy": {"dmean": 0.103962004185, "dmean2": 0.145122826099, "dvar": 0.0131373377517, "dvar2": 0.0228779818863, "max": 9.82506465912, "mean": 7.93879890442, "median": 7.98235607147, "min": 6.19103908539, "var": 0.106683284044}, "spectral_flux": {"dmean": 0.0190185811371, "dmean2": 0.0280932933092, "dvar": 0.000586399517488, "dvar2": 0.00116834347136, "max": 0.243086546659, "mean": 0.0689549297094, "median": 0.0611151084304, "min": 6.42189565414e-11, "var": 0.00146710942499}, "spectral_kurtosis": {"dmean": 0.891197264194, "dmean2": 1.50051367283, "dvar": 1.72067630291, "dvar2": 5.0527009964, "max": 35.3046684265, "mean": 3.00074696541, "median": 2.76290893555, "min": -1.25831651688, "var": 3.13604092598}, "spectral_rms": {"dmean": 0.000646277912892, "dmean2": 0.00092283176491, "dvar": 7.04280978425e-07, "dvar2": 1.52315817559e-06, "max": 0.00976547133178, "mean": 0.00355299026705, "median": 0.00336613412946, "min": 3.13555366567e-12, "var": 2.24180462283e-06}, "spectral_rolloff": {"dmean": 656.001647949, "dmean2": 1025.3848877, "dvar": 771223.6875, "dvar2": 1570779.5, "max": 19767.4804688, "mean": 3698.03027344, "median": 3229.98046875, "min": 129.19921875, "var": 4122203.5}, "spectral_skewness": {"dmean": 0.144366428256, "dmean2": 0.229814901948, "dvar": 0.0240326449275, "dvar2": 0.0623946413398, "max": 4.00167655945, "mean": 1.10313725471, "median": 1.09774446487, "min": -0.0588275790215, "var": 0.0935663580894}, "spectral_spread": {"dmean": 433777.21875, "dmean2": 618057.75, "dvar": 425053716480, "dvar2": 727201873920, "max": 43314372, "mean": 4662965.5, "median": 4415765, "min": 1480129.25, "var": 7607636983810.0