{"lowlevel": {"average_loudness": 0.786740422249, "barkbands": {"dmean": [7.69355465309e-05, 0.00166447705124, 0.00162844383158, 0.00141074147541, 0.00109134265222, 0.000498085806612, 0.000529578886926, 0.000465587479994, 0.000740290619433, 0.000837772910018, 0.00025053700665, 0.000971765897702, 0.00105250196066, 0.00103073299397, 0.000794995634351, 0.000410148204537, 0.000274209683994, 0.000186414807104, 0.00012382613204, 0.000101749807072, 8.08060140116e-05, 6.63798855385e-05, 5.29460994585e-05, 2.91205742542e-05, 9.99874100671e-06, 6.90278602633e-06, 1.36331675549e-06], "dmean2": [0.000119947180792, 0.00253814435564, 0.00288152485155, 0.00226643658243, 0.00183166889474, 0.000811171310488, 0.000847658433486, 0.00071982719237, 0.00114964891691, 0.00130793999415, 0.000407716986956, 0.00151139544323, 0.00165337882936, 0.00160232174676, 0.00122288195416, 0.000637063116301, 0.000429296604125, 0.000289140851237, 0.000193258412764, 0.000159826566232, 0.000129246560391, 0.00010006755474, 7.71173654357e-05, 4.16205912188e-05, 1.38569703267e-05, 9.78285333986e-06, 2.06124536817e-06], "dvar": [3.65686858572e-08, 1.90090268006e-05, 2.3015683837e-05, 1.21249895528e-05, 5.16441150467e-06, 1.36938217565e-06, 2.75296861219e-06, 2.68943426818e-06, 8.49331900099e-06, 8.06858497526e-06, 7.96733615971e-07, 9.44038220041e-06, 1.12855614134e-05, 9.71903227764e-06, 6.70357394483e-06, 1.36371681947e-06, 3.08931163318e-07, 1.6031511052e-07, 4.00613515694e-08, 4.57048123792e-08, 3.8171560135e-08, 2.01411172185e-08, 1.46821230729e-08, 9.39965882907e-09, 8.2024997905e-10, 3.73030106804e-10, 2.29846714578e-11], "dvar2": [8.66264429078e-08, 4.00586977776e-05, 6.28900379525e-05, 2.78552906821e-05, 1.33840067065e-05, 3.46221304426e-06, 6.34853176962e-06, 6.24206677458e-06, 1.99701244128e-05, 1.84205455298e-05, 2.02054320653e-06, 2.2133686798e-05, 2.7019659683e-05, 2.31190406339e-05, 1.44842106238e-05, 3.0923340546e-06, 7.43456325836e-07, 3.83382342761e-07, 9.84576473684e-08, 1.16326930311e-07, 1.02633450183e-07, 4.83220858882e-08, 3.29279323807e-08, 2.01729530858e-08, 1.63265889697e-09, 7.37229055581e-10, 4.84014148205e-11], "max": [0.00264023500495, 0.0469692721963, 0.0451341867447, 0.0410882160068, 0.0298408567905, 0.0240852944553, 0.0670887157321, 0.0596449300647, 0.0773430541158, 0.0908054038882, 0.027530439198, 0.0724374875426, 0.0741982907057, 0.0778973326087, 0.0646339952946, 0.0418891608715, 0.0111209740862, 0.0156753417104, 0.00380168948323, 0.00647216942161, 0.00292940204963, 0.00404295325279, 0.00275656045415, 0.00334947952069, 0.000911752751563, 0.000390095781768, 0.000101224126411], "mean": [7.64016149333e-05, 0.0015944034094, 0.00124470691662, 0.00145328196231, 0.00144695246127, 0.000683921098243, 0.000804543611594, 0.000826412229799, 0.00114976742771, 0.00129559403285, 0.000341172155458, 0.00143342209049, 0.00152857240755, 0.00143853249028, 0.00119754776824, 0.000738626695238, 0.000506853219122, 0.000387833861168, 0.000244052731432, 0.000184976132005, 0.000130736196297, 0.00011915066716, 9.2383234005e-05, 4.72487336083e-05, 1.55387187988e-05, 7.92606078903e-06, 1.31249692004e-06], "median": [3.21810875903e-06, 7.8905162809e-05, 0.000178496498847, 0.000292010518024, 0.000713637971785, 0.000229041004786, 0.000254546874203, 0.000223220384214, 0.000278379651718, 0.000152424297994, 9.40947502386e-05, 0.000306622503558, 0.000281841435935, 0.000240969282459, 0.000264585309196, 0.000274687394267, 0.000220507907216, 0.000174849468749, 0.00013343532919, 8.69514115038e-05, 5.33922320756e-05, 3.6739918869e-05, 1.8876953618e-05, 7.11327811587e-06, 2.79906225842e-06, 8.63931745698e-07, 5.24923464695e-08], "min": [5.08106393737e-25, 2.61869122249e-24, 1.30774016097e-23, 1.34258919587e-23, 3.01044940878e-23, 2.02499205975e-23, 3.76232409715e-23, 2.77270219362e-23, 3.79907334019e-23, 3.22571345705e-23, 4.67727495174e-23, 6.3212673891e-23, 6.58579138329e-23, 8.90147174463e-23, 7.85047677823e-23, 1.28913781109e-22, 1.9148693493e-22, 1.59150756497e-22, 2.85592411612e-22, 3.91217504185e-22, 4.21738772422e-22, 4.79802418656e-22, 4.87859452667e-22, 6.68891645574e-22, 1.04818737889e-21, 1.60625853183e-21, 2.24182424991e-21], "var": [4.14978060803e-08, 2.05121214094e-05, 1.55519719556e-05, 1.30753778649e-05, 5.18047954756e-06, 1.94703056877e-06, 5.14203202329e-06, 5.82262600801e-06, 1.5865001842e-05, 1.94923359231e-05, 9.41988957948e-07, 1.75669883902e-05, 1.90698920051e-05, 1.57323265739e-05, 1.20697895909e-05, 3.3566352613e-06, 6.88071111199e-07, 5.22544269188e-07, 9.89817863228e-08, 8.04389657105e-08, 4.90068430281e-08, 4.51269528412e-08, 3.63844883111e-08, 2.26932588276e-08, 2.00471017564e-09, 5.23350029979e-10, 2.67675326349e-11]}, "barkbands_crest": {"dmean": 2.66036319733, "dmean2": 4.2961640358, "dvar": 6.34801292419, "dvar2": 15.7041988373, "max": 26.4419841766, "mean": 9.07389831543, "median": 7.96674203873, "min": 2.23967242241, "var": 18.8964767456}, "barkbands_flatness_db": {"dmean": 0.0218011364341, "dmean2": 0.0313438661397, "dvar": 0.000420024938649, "dvar2": 0.000901340681594, "max": 0.407369911671, "mean": 0.131127968431, "median": 0.126501247287, "min": 0.0146082183346, "var": 0.00225707399659}, "barkbands_kurtosis": {"dmean": 1.64675116539, "dmean2": 2.60690259933, "dvar": 12.7412471771, "dvar2": 30.5106773376, "max": 146.577056885, "mean": 1.10459554195, "median": -0.167314529419, "min": -1.80454158783, "var": 20.5504970551}, "barkbands_skewness": {"dmean": 0.522434473038, "dmean2": 0.77949565649, "dvar": 0.320572793484, "dvar2": 0.669429540634, "max": 11.0740413666, "mean": 0.367260247469, "median": 0.308145582676, "min": -4.72572278976, "var": 1.14248526096}, "barkbands_spread": {"dmean": 5.33537387848, "dmean2": 7.97598314285, "dvar": 35.5957298279, "dvar2": 73.0731964111, "max": 98.1804199219, "mean": 22.3148860931, "median": 21.0147590637, "min": 0.417374014854, "var": 141.922149658}, "dissonance": {"dmean": 0.0167403351516, "dmean2": 0.0285265594721, "dvar": 0.000413831905462, "dvar2": 0.00115740450565, "max": 0.500000119209, "mean": 0.472440689802, "median": 0.480258852243, "min": 0.248609483242, "var": 0.000714091642294}, "dynamic_complexity": 4.47777318954, "erbbands": {"dmean": [0.0592929199338, 0.364061743021, 1.53818380833, 3.54640030861, 4.06569099426, 3.89097619057, 3.56105303764, 4.47112894058, 7.12883615494, 7.91124725342, 10.3436689377, 12.9498786926, 24.2857627869, 19.4377441406, 16.5856342316, 39.8753738403, 44.5657577515, 43.0795669556, 52.4013633728, 25.730764389, 19.1303710938, 14.8821840286, 10.7728338242, 7.14716243744, 5.50433111191, 4.40417718887, 3.28149008751, 3.12058091164, 2.32276082039, 2.23288965225, 1.44970774651, 0.804405748844, 0.367893904448, 0.145729899406, 0.0572483725846, 0.0282563138753, 0.0125738438219, 0.00355648202822, 0.000195519212866, 1.34009706017e-05], "dmean2": [0.094825334847, 0.567602574825, 2.69357204437, 5.80405426025, 6.64314746857, 6.63536977768, 5.7790594101, 7.36109828949, 11.4736557007, 12.6411066055, 15.7401771545, 20.2014884949, 37.3659667969, 29.6107959747, 26.1847476959, 61.0242156982, 69.1541900635, 67.0267028809, 78.5818710327, 39.1574134827, 29.4164600372, 23.0165367126, 16.5085372925, 10.9333934784, 8.5564622879, 6.93953800201, 5.20348739624, 5.00432729721, 3.48942732811, 3.42334675789, 2.10115122795, 1.15094089508, 0.524284899235, 0.205541148782, 0.0783061981201, 0.0391390509903, 0.0182438492775, 0.00522732920945, 0.000292687065667, 1.90623122762e-05], "dvar": [0.0253913309425, 0.92117446661, 20.4558849335, 73.7761535645, 80.1513977051, 74.4418640137, 71.3136062622, 125.523887634, 439.5574646, 701.002746582, 1745.84667969, 2508.70776367, 7269.64306641, 5516.43115234, 2922.1003418, 15261.5996094, 20384.6210938, 18775.3007812, 28695.0253906, 5385.62744141, 2651.82299805, 910.192199707, 510.197052002, 140.836242676, 98.4027175903, 97.8959197998, 47.9823646545, 62.51795578, 22.7635478973, 27.3092384338, 11.8781881332, 6.7370018959, 1.49288082123, 0.214276000857, 0.021825959906, 0.00576324015856, 0.00135259318631, 0.000116937626444, 5.26736357642e-07, 5.33145028125e-10], "dvar2": [0.061655588448, 1.90370893478, 55.0304145813, 179.198928833, 192.456970215, 199.938446045, 172.056137085, 324.453338623, 1005.84509277, 1675.62426758, 3888.71044922, 5616.47802734, 16213.3408203, 11670.7402344, 7193.05908203, 35947.5117188, 47567.6328125, 44848.2109375, 61938.234375, 11651.3378906, 6018.58398438, 2132.01342773, 1200.95288086, 332.010559082, 238.676330566, 255.224319458, 125.679496765, 166.646209717, 53.642288208, 68.9784545898, 26.2103881836, 14.7807416916, 3.08950996399, 0.423135697842, 0.0426370613277, 0.0113023230806, 0.0027422781568, 0.000238855820498, 1.11789620405e-06, 1.02561203974e-09], "max": [1.78005194664, 10.8517599106, 41.7045402527, 86.335357666, 108.291091919, 115.41847229, 129.662399292, 290.499969482, 832.915771484, 898.765441895, 1745.23413086, 1364.31591797, 2048.58032227, 3321.21118164, 1511.94702148, 3672.50708008, 3539.67749023, 3818.05859375, 3775.64892578, 2604.52661133, 1873.70251465, 697.678405762, 813.510986328, 255.60975647, 254.121749878, 381.514862061, 105.377937317, 141.775772095, 125.15019989, 124.298820496, 77.458366394, 71.5824966431, 45.1138267517, 15.8990211487, 4.14640903473, 1.50176382065, 0.762605547905, 0.215521678329, 0.0188001804054, 0.000409671862144], "mean": [0.0485778041184, 0.357411324978, 1.21553981304, 3.52915453911, 4.83756637573, 4.75087404251, 4.66727638245, 6.25834989548, 10.4294452667, 13.9842967987, 19.3713283539, 21.2418689728, 37.3016967773, 34.7728462219, 27.3975791931, 60.9283676147, 69.9614334106, 66.0063476562, 78.8364028931, 47.4955978394, 36.6383666992, 29.7784824371, 23.7071247101, 15.5119590759, 11.1476650238, 8.1255197525, 5.77384853363, 5.0389251709, 4.20292806625, 3.67406010628, 2.54887270927, 1.33532309532, 0.596958041191, 0.229836627841, 0.0855201035738, 0.0350212603807, 0.0139132216573, 0.00374959991314, 0.000194274398382, 2.74681115116e-05], "median": [0.00178319914266, 0.0189276318997, 0.160117670894, 0.721153855324, 1.84707760811, 1.8680921793, 1.93945145607, 2.09144735336, 3.236515522, 5.20900630951, 5.04531526566, 5.67959690094, 7.70166826248, 5.02032852173, 7.49364995956, 14.2423362732, 15.1379127502, 11.662197113, 14.9058971405, 17.1689014435, 14.5310688019, 13.4415378571, 11.3397417068, 8.75078487396, 5.72279119492, 4.03753948212, 2.73795127869, 1.72717726231, 1.34870028496, 0.946384310722, 0.487284094095, 0.205163493752, 0.0964364632964, 0.0390330217779, 0.0157855339348, 0.00485236523673, 0.0013196056243, 0.000267402618192, 2.06295389944e-05, 1.57764716278e-05], "min": [5.09427061277e-23, 1.1366371394e-21, 1.52801277927e-20, 3.46005643575e-20, 2.60306662499e-20, 1.37957053315e-19, 8.84344221253e-20, 2.28365516122e-19, 4.89965443197e-19, 5.71002880243e-19, 5.73274783494e-19, 8.24301817226e-19, 1.01278701731e-18, 1.17648254502e-18, 2.87919526866e-18, 3.08916700215e-18, 3.17530338729e-18, 3.67360588048e-18, 4.179685319e-18, 6.5561268288e-18, 8.68518880947e-18, 8.04351420263e-18, 7.87565278657e-18, 1.14381658292e-17, 1.67241063694e-17, 1.75859375779e-17, 2.25731683096e-17, 1.17185726123e-17, 1.46990259548e-17, 1.72146757579e-17, 1.34005707688e-17, 1.14444160059e-17, 1.14820932557e-17, 1.30436894838e-17, 6.44224804669e-18, 5.08459113063e-18, 3.16734446223e-18, 1.28495994113e-18, 3.47727911158e-19, 2.95401609444e-20], "var": [0.022409139201, 1.01237928867, 14.4204425812, 71.6755142212, 84.6484298706, 72.7328414917, 76.7689285278, 187.909255981, 728.365905762, 1635.38586426, 3730.65527344, 4799.38427734, 15638.0175781, 16943.46875, 5386.80419922, 26133.0664062, 36970.53125, 33036.2382812, 51691.046875, 11174.9169922, 6793.36376953, 2290.26147461, 1674.17895508, 412.481079102, 234.933135986, 153.589797974, 70.0911331177, 91.3851089478, 52.5813293457, 48.0491065979, 30.6460514069, 16.0808048248, 3.79658842087, 0.557842612267, 0.048280544579, 0.0090416232124, 0.00176773662679, 0.000147171012941, 5.99128725298e-07, 1.04677355672e-09]}, "erbbands_crest": {"dmean": 3.12468862534, "dmean2": 4.98220491409, "dvar": 10.5997142792, "dvar2": 26.0758266449, "max": 33.5419616699, "mean": 10.6350440979, "median": 8.86556911469, "min": 2.16826415062, "var": 35.3699607849}, "erbbands_flatness_db": {"dmean": 0.0250738076866, "dmean2": 0.0328278467059, "dvar": 0.00061675865436, "dvar2": 0.0010529588908, "max": 0.454660981894, "mean": 0.204083696008, "median": 0.205547109246, "min": 0.0389334522188, "var": 0.00345085188746}, "erbbands_kurtosis": {"dmean": 1.53882598877, "dmean2": 2.41301393509, "dvar": 6.33089923859, "dvar2": 14.7839021683, "max": 83.1376724243, "mean": 1.79614496231, "median": 0.474433898926, "min": -1.66213107109, "var": 16.6050128937}, "erbbands_skewness": {"dmean": 0.365673810244, "dmean2": 0.553472876549, "dvar": 0.129085764289, "dvar2": 0.285351127386, "max": 6.14923667908, "mean": -0.165272444487, "median": -0.241040512919, "min": -4.9095954895, "var": 0.790891349316}, "erbbands_spread": {"dmean": 6.8806552887, "dmean2": 10.1875667572, "dvar": 67.8177032471, "dvar2": 135.965667725, "max": 125.898048401, "mean": 25.8241882324, "median": 23.2577571869, "min": 0.948911845684, "var": 250.016799927}, "gfcc": {"cov": [[9593.47558594, -811.107910156, 700.718078613, 522.005249023, -307.139465332, 506.107635498, -201.569732666, 207.596572876, -75.5341110229, 214.189071655, -186.416122437, 124.084793091, -232.960540771], [-811.107910156, 1707.34057617, -500.578887939, -79.5200424194, 265.976348877, -399.412902832, 245.357803345, -189.488327026, 95.8785400391, -242.208602905, 111.776260376, -190.66317749, 96.8982009888], [700.718078613, -500.578887939, 996.667419434, 218.531143188, 23.6935157776, 251.109619141, -54.8690834045, 170.013946533, -81.1609573364, 150.797744751, -90.9722824097, 141.840423584, -98.3339767456], [522.005249023, -79.5200424194, 218.531143188, 442.780975342, 76.5412979126, 22.0105247498, -54.0445175171, 35.0427513123, 33.0817756653, 34.3366928101, -14.5209007263, -19.2372741699, -10.2574529648], [-307.139465332, 265.976348877, 23.6935157776, 76.5412979126, 397.233734131, -29.156578064, 59.7763671875, 7.2845954895, 9.53769302368, 18.7124862671, -20.8909416199, -7.67588996887, -21.8823509216], [506.107635498, -399.412902832, 251.109619141, 22.0105247498, -29.156578064, 359.793304443, 4.62720870972, 47.5617408752, -13.5464267731, 68.4575195312, 0.231494024396, 59.7974243164, -27.7930831909], [-201.569732666, 245.357803345, -54.8690834045, -54.0445175171, 59.7763671875, 4.62720870972, 203.285369873, 18.9559574127, 5.40038919449, -40.2400169373, 25.761762619, -1.59026443958, 7.72477769852], [207.596572876, -189.488327026, 170.013946533, 35.0427513123, 7.2845954895, 47.5617408752, 18.9559574127, 173.845825195, 18.7804985046, 39.1967735291, -36.9933891296, 37.1494827271, -18.8523006439], [-75.5341110229, 95.8785400391, -81.1609573364, 33.0817756653, 9.53769302368, -13.5464267731, 5.40038919449, 18.7804985046, 137.875778198, 16.2330188751, 22.631570816, -22.4536800385, 31.140794754], [214.189071655, -242.208602905, 150.797744751, 34.3366928101, 18.7124862671, 68.4575195312, -40.2400169373, 39.1967735291, 16.2330188751, 141.451385498, 9.29503536224, 42.7366142273, -25.8360328674], [-186.416122437, 111.776260376, -90.9722824097, -14.5209007263, -20.8909416199, 0.231494024396, 25.761762619, -36.9933891296, 22.631570816, 9.29503536224, 115.198371887, 13.5476894379, 22.4068336487], [124.084793091, -190.66317749, 141.840423584, -19.2372741699, -7.67588996887, 59.7974243164, -1.59026443958, 37.1494827271, -22.4536800385, 42.7366142273, 13.5476894379, 120.180717468, 1.75870072842], [-232.960540771, 96.8982009888, -98.3339767456, -10.2574529648, -21.8823509216, -27.7930831909, 7.72477769852, -18.8523006439, 31.140794754, -25.8360328674, 22.4068336487, 1.75870072842, 92.5742721558]], "icov": [[0.000163431308465, -0.000253941660048, 0.000195981221623, -0.000313654978527, 0.00035246097832, -0.000380395911634, 0.000185967190191, -0.000194467385882, 0.000190563659999, -0.000402147416025, 0.000546452181879, -0.000468558107968, 0.000464783865027], [-0.000253941660048, 0.00284944660962, -0.00127781310584, 0.00113964627963, -0.00209412863478, 0.00255807605572, -0.00212340289727, 0.00189133523963, -0.00185466941912, 0.00337938754819, -0.00330761354417, 0.00330368266441, -0.00171243259683], [0.000195981221623, -0.00127781310584, 0.00293607823551, -0.00170458469074, 0.00119029369671, -0.00202856049873, 0.000883249158505, -0.00178187212441, 0.0018917969428, -0.00266370922327, 0.00297045311891, -0.00338269071653, 0.00196183426306], [-0.000313654978527, 0.00113964627963, -0.00170458469074, 0.0038843951188, -0.00179687119089, 0.00137312687002, 0.000153916946147, 0.000551653443836, -0.00164378120098, 0.00187156442553, -0.00253227353096, 0.003135869978, -0.00164679938462], [0.00035246097832, -0.00209412863478, 0.00119029369671, -0.00179687119089, 0.00475831795484, -0.00164640427101, 0.000105780367448, -0.000895019969903, 0.00120200682431, -0.00358491623774, 0.00382080534473, -0.00294259190559, 0.00230979453772], [-0.000380395911634, 0.00255807605572, -0.00202856049873, 0.00137312687002, -0.00164640427101, 0.00609714630991, -0.0024630415719, 0.00184728647582, -0.00185684603639, 0.00220769573934, -0.00350727653131, 0.00260896421969, -0.00157428358216], [0.000185967190191, -0.00212340289727, 0.000883249158505, 0.000153916946147, 0.000105780367448, -0.0024630415719, 0.00823817029595, -0.00329164648429, 0.0012962060282, 0.000252107216511, -7.38243252272e-05, -0.00207741535269, 0.00126527028624], [-0.000194467385882, 0.00189133523963, -0.00178187212441, 0.000551653443836, -0.000895019969903, 0.00184728647582, -0.00329164648429, 0.00986339524388, -0.00377162871882, 0.00113043980673, 0.000948900415096, 0.000114970840514, -0.000321958825225], [0.000190563659999, -0.00185466941912, 0.0018917969428, -0.00164378120098, 0.00120200682431, -0.00185684603639, 0.0012962060282, -0.00377162871882, 0.011363023892, -0.00478232698515, 0.000662872276735, 0.000330113020027, -0.00222513312474], [-0.000402147416025, 0.00337938754819, -0.00266370922327, 0.00187156442553, -0.00358491623774, 0.00220769573934, 0.000252107216511, 0.00113043980673, -0.00478232698515, 0.0155059881508, -0.00675530871376, 0.00189469219185, 0.000388564687455], [0.000546452181879, -0.00330761354417, 0.00297045311891, -0.00253227353096, 0.00382080534473, -0.00350727653131, -7.38243252272e-05, 0.000948900415096, 0.000662872276735, -0.00675530871376, 0.0167718715966, -0.00741793820634, 0.00173464464024], [-0.000468558107968, 0.00330368266441, -0.00338269071653, 0.003135869978, -0.00294259190559, 0.00260896421969, -0.00207741535269, 0.000114970840514, 0.000330113020027, 0.00189469219185, -0.00741793820634, 0.017298720777, -0.00571376783773], [0.000464783865027, -0.00171243259683, 0.00196183426306, -0.00164679938462, 0.00230979453772, -0.00157428358216, 0.00126527028624, -0.000321958825225, -0.00222513312474, 0.000388564687455, 0.00173464464024, -0.00571376783773, 0.0161134321243]], "mean": [-43.1507301331, 96.1864013672, -161.342498779, 27.4678134918, -54.1443061829, 5.65930080414, -37.3779029846, -5.6580529213, -20.6544513702, -5.9565653801, -16.7618865967, -5.3631529808, -14.7280416489]}, "hfc": {"dmean": 7.33776807785, "dmean2": 10.5225582123, "dvar": 111.608177185, "dvar2": 229.800247192, "max": 156.486785889, "mean": 20.5115070343, "median": 13.4484643936, "min": 1.09521598308e-16, "var": 431.076782227}, "melbands": {"dmean": [0.000492685940117, 0.000678052776493, 0.00062764971517, 0.000271212746156, 0.000130944274133, 0.000100038232631, 0.000107946259959, 9.01193125173e-05, 8.39250351419e-05, 9.34884737944e-05, 0.000126138096675, 8.65811816766e-05, 4.27196500823e-05, 0.000107792991912, 0.000130887259729, 8.23654190754e-05, 8.52738594403e-05, 9.60162651609e-05, 4.65417979285e-05, 3.33056341333e-05, 2.15255568037e-05, 1.57761569426e-05, 1.44633031596e-05, 9.20127422432e-06, 6.10602410234e-06, 4.75249271403e-06, 4.33215745943e-06, 2.86636895908e-06, 2.2708677534e-06, 1.9951039576e-06, 1.88888373032e-06, 1.36125470362e-06, 1.40201234444e-06, 1.21553057397e-06, 9.29977886699e-07, 6.52860705941e-07, 4.58589909158e-07, 2.82029333221e-07, 1.88883404917e-07, 1.05514857296e-07], "dmean2": [0.000746903591789, 0.00114822143223, 0.00101894303225, 0.000455928267911, 0.000213573817746, 0.000163434830029, 0.000173690466909, 0.000143217519508, 0.000129108622787, 0.00014549223124, 0.00019448682724, 0.000133727502543, 6.86765561113e-05, 0.000167158417753, 0.000205032221857, 0.000129987776745, 0.000133530644234, 0.000145642901771, 7.12821420166e-05, 5.17441767443e-05, 3.39359794452e-05, 2.46910076385e-05, 2.23045954044e-05, 1.4192256458e-05, 9.50744652073e-06, 7.50544131733e-06, 6.8517742875e-06, 4.59301645606e-06, 3.64451034329e-06, 3.24222128256e-06, 3.06757283397e-06, 2.09339418689e-06, 2.18788954953e-06, 1.89163768027e-06, 1.38406062433e-06, 9.5748498552e-07, 6.76471529459e-07, 4.1192390654e-07, 2.75569703945e-07, 1.50827119683e-07], "dvar": [1.64737343766e-06, 3.68725250155e-06, 2.20997526412e-06, 3.26284094854e-07, 8.58735660358e-08, 5.96887659299e-08, 9.86937465086e-08, 7.9600553704e-08, 1.33044466111e-07, 1.33651951728e-07, 1.86317066664e-07, 1.16000315131e-07, 2.00243164272e-08, 1.4003387605e-07, 1.80404185812e-07, 6.81902534438e-08, 8.30187900647e-08, 9.65737143588e-08, 1.83974080414e-08, 1.05874784495e-08, 2.93444113453e-09, 1.11968434524e-09, 8.87375117831e-10, 6.49416020959e-10, 1.05800340711e-10, 7.14489717391e-11, 8.83651693484e-11, 4.16996714936e-11, 2.21059368727e-11, 2.43859706733e-11, 2.3541175953e-11, 7.88433554555e-12, 1.02660319481e-11, 8.27092214162e-12, 4.95049704355e-12, 3.9551747294e-12, 2.3748084662e-12, 9.40645348071e-13, 4.51426520947e-13, 1.07460894838e-13], "dvar2": [3.68340351997e-06, 9.37148070079e-06, 5.19833747603e-06, 8.40400559809e-07, 2.08185682027e-07, 1.52451406166e-07, 2.24283354555e-07, 1.92391780729e-07, 2.97656356452e-07, 3.04846906829e-07, 4.18258281343e-07, 2.50530035828e-07, 5.07387341031e-08, 3.21742390952e-07, 4.51478854302e-07, 1.68872645645e-07, 1.99073326712e-07, 2.13367925994e-07, 4.06586302404e-08, 2.37698181138e-08, 6.73125910566e-09, 2.74173372894e-09, 1.97021887693e-09, 1.60605273525e-09, 2.48298742678e-10, 1.75448516826e-10, 2.19843032667e-10, 1.11680928394e-10, 5.86110673884e-11, 6.63423760372e-11, 6.28071136766e-11, 1.87774969185e-11, 2.54821042739e-11, 2.10866220318e-11, 1.14964210027e-11, 9.15328750295e-12, 5.31057099337e-12, 2.07687925018e-12, 9.66775054109e-13, 2.13216949521e-13], "max": [0.0142496945336, 0.0175214353949, 0.0145244682208, 0.00650660181418, 0.00421870639548, 0.00577763002366, 0.0108179673553, 0.00795519817621, 0.0148087628186, 0.0103641217574, 0.0107362354174, 0.014836544171, 0.00425619911402, 0.00898557063192, 0.0101876957342, 0.00797555968165, 0.0087478607893, 0.0059112990275, 0.00367906317115, 0.0030411828775, 0.00161613477394, 0.000704828184098, 0.000938765646424, 0.00120671372861, 0.000216886677663, 0.000226617979934, 0.000237123851548, 0.000252513738815, 7.02015386196e-05, 9.9529948784e-05, 0.000117099865747, 6.30481226835e-05, 0.000102599849924, 5.21162983205e-05, 5.51130833628e-05, 6.15125172772e-05, 4.5713102736e-05, 3.68680630345e-05, 2.65905164269e-05, 1.16258161142e-05], "mean": [0.000443552649813, 0.000584697001614, 0.000665375846438, 0.000340827042237, 0.000174374916242, 0.000140298390761, 0.000161600823049, 0.000163921984495, 0.000151546482812, 0.000149339131895, 0.000191637096577, 0.000149916115333, 6.34271127637e-05, 0.000162990487297, 0.000185625904123, 0.000122932033264, 0.000120139084174, 0.000134402274853, 7.55403671064e-05, 5.66280141356e-05, 3.7760954001e-05, 2.85775950033e-05, 2.74047852145e-05, 1.86041233974e-05, 1.1906349755e-05, 8.89964758244e-06, 7.22730965208e-06, 4.9319955906e-06, 3.80027222491e-06, 2.98557620226e-06, 2.91599076263e-06, 2.3592413072e-06, 2.28476892516e-06, 1.90245145859e-06, 1.55228929088e-06, 1.07912774183e-06, 7.13052713763e-07, 4.40115144329e-07, 2.84405587081e-07, 1.62021080996e-07], "median": [1.96362707356e-05, 6.84992701281e-05, 0.000167247286299, 0.000150182953803, 7.42856427678e-05, 4.59317088826e-05, 5.29328244738e-05, 5.98627557338e-05, 3.58519027941e-05, 3.67982247553e-05, 3.75395575247e-05, 1.69189479493e-05, 1.7690963432e-05, 3.09676797769e-05, 3.54834701284e-05, 2.65413855232e-05, 1.72811469383e-05, 2.02284991246e-05, 2.02466508199e-05, 1.87217538041e-05, 1.47014488903e-05, 1.19762089525e-05, 1.18718053272e-05, 8.07022115623e-06, 6.43959583613e-06, 4.42444979853e-06, 2.97920314551e-06, 2.37496396949e-06, 1.71798285464e-06, 1.20150343719e-06, 8.20154753001e-07, 7.42239819829e-07, 6.28838165539e-07, 4.46115365094e-07, 2.89956773258e-07, 1.65312570743e-07, 1.0207276091e-07, 6.82789647044e-08, 4.39502052529e-08, 2.72878839525e-08], "min": [5.51683661787e-25, 8.71273677306e-24, 6.03116347566e-24, 4.98354357176e-24, 4.14135172504e-24, 4.49817126184e-24, 7.98348456442e-24, 6.51970976743e-24, 3.78218177717e-24, 6.00451102112e-24, 5.26850616313e-24, 4.54252141636e-24, 8.66585713605e-24, 6.52071359293e-24, 1.0190599837e-23, 5.32281923646e-24, 7.31115340326e-24, 7.1349305545e-24, 5.98539692139e-24, 1.24530000594e-23, 1.04203997518e-23, 8.56502099084e-24, 8.43788895621e-24, 7.28916075008e-24, 8.79389399413e-24, 1.16126478364e-23, 1.10476396236e-23, 1.18511741305e-23, 1.41038831968e-23, 8.8781585383e-24, 6.41719808166e-24, 7.95698041573e-24, 9.96884630333e-24, 9.53342190492e-24, 8.86688256052e-24, 4.97197887089e-24, 7.77157128173e-24, 6.72472603923e-24, 1.07339451404e-23, 9.94294405551e-24], "var": [1.66967856785e-06, 2.97866859e-06, 2.27611508308e-06, 3.30021578065e-07, 9.50034504399e-08, 9.01341152826e-08, 1.70588592141e-07, 1.84320924745e-07, 2.81231820054e-07, 2.56960589695e-07, 4.03415697292e-07, 3.48051088395e-07, 2.85416632551e-08, 2.85265628008e-07, 2.91181095236e-07, 1.05860429755e-07, 1.34413099317e-07, 1.66602433183e-07, 3.79790030536e-08, 2.2199330374e-08, 6.90774903944e-09, 2.42006059636e-09, 2.19900586629e-09, 2.10699724335e-09, 2.57250054592e-10, 1.65990998724e-10, 1.48509662901e-10, 6.07134620356e-11, 3.23354711063e-11, 2.69531428426e-11, 3.77404461849e-11, 1.76216367886e-11, 1.83631009704e-11, 1.38047550821e-11, 1.11370183908e-11, 8.7396314144e-12, 5.28189514695e-12, 2.13720425905e-12, 1.01097992825e-12, 2.69016444321e-13]}, "melbands_crest": {"dmean": 3.3657553196, "dmean2": 5.46798276901, "dvar": 10.1028623581, "dvar2": 24.2946891785, "max": 33.277923584, "mean": 11.7120103836, "median": 10.591668129, "min": 1.948158741, "var": 27.0602340698}, "melbands_flatness_db": {"dmean": 0.0244380440563, "dmean2": 0.0369159393013, "dvar": 0.000610573100857, "dvar2": 0.00133337371517, "max": 0.415157347918, "mean": 0.164490371943, "median": 0.162367030978, "min": 0.00384156918153, "var": 0.00271553779021}, "melbands_kurtosis": {"dmean": 3.23372602463, "dmean2": 5.06392669678, "dvar": 52.4026412964, "dvar2": 107.932342529, "max": 273.689239502, "mean": 3.5018389225, "median": 1.05599451065, "min": -1.78836798668, "var": 71.6113510132}, "melbands_skewness": {"dmean": 0.649004340172, "dmean2": 0.965756237507, "dvar": 0.565135300159, "dvar2": 1.11150276661, "max": 13.8618888855, "mean": 1.11246478558, "median": 0.978770554066, "min": -2.60836958885, "var": 1.80940544605}, "melbands_spread": {"dmean": 9.23184967041, "dmean2": 13.9833335876, "dvar": 142.224945068, "dvar2": 290.710357666, "max": 224.979431152, "mean": 35.8222808838, "median": 32.2479362488, "min": 0.866283833981, "var": 467.179534912}, "mfcc": {"cov": [[7333.09521484, -286.114471436, 338.96585083, 179.770172119, 18.2084693909, 316.699768066, -87.6321792603, 131.432479858, 5.3429608345, 146.884552002, 45.9396057129, 23.1526355743, -13.0103206635], [-286.114471436, 1450.85705566, -484.564605713, 158.450073242, -52.5680732727, -108.69393158, 71.2375793457, -2.37603759766, 1.47745287418, -70.2554092407, -5.22705602646, -34.1251831055, -33.558555603], [338.96585083, -484.564605713, 817.484863281, 7.70479917526, 83.6190261841, 101.838020325, 36.1513710022, 61.8150215149, 15.4897651672, 39.3329277039, 9.81652927399, 36.5984382629, 32.8369255066], [179.770172119, 158.450073242, 7.70479917526, 426.570281982, 128.987030029, -25.8439025879, 13.3967857361, -15.9618711472, 36.5710105896, 19.484539032, -5.08583498001, 5.0038599968, 9.3501739502], [18.2084693909, -52.5680732727, 83.6190261841, 128.987030029, 271.969421387, 72.8973083496, 14.0579090118, -2.42319345474, 31.128200531, 45.1550521851, 2.70679855347, 15.8362340927, 6.13242387772], [316.699768066, -108.69393158, 101.838020325, -25.8439025879, 72.8973083496, 214.786499023, 50.5095024109, 19.2671585083, -12.5573062897, 20.9127159119, 19.5616760254, 18.4719200134, -6.9639954567], [-87.6321792603, 71.2375793457, 36.1513710022, 13.3967857361, 14.0579090118, 50.5095024109, 165.651290894, 54.2893981934, 3.6909968853, -2.93341207504, 16.5159759521, 17.9456672668, -7.29459857941], [131.432479858, -2.37603759766, 61.8150215149, -15.9618711472, -2.42319345474, 19.2671585083, 54.2893981934, 136.04901123, 44.2010307312, 2.4124917984, 19.246591568, 5.35948801041, -5.18733882904], [5.3429608345, 1.47745287418, 15.4897651672, 36.5710105896, 31.128200531, -12.5573062897, 3.6909968853, 44.2010307312, 115.175697327, 42.8572883606, 5.32016134262, -7.66465711594, -1.89684724808], [146.884552002, -70.2554092407, 39.3329277039, 19.484539032, 45.1550521851, 20.9127159119, -2.93341207504, 2.4124917984, 42.8572883606, 101.781646729, 31.2269611359, 4.02599143982, 2.6071126461], [45.9396057129, -5.22705602646, 9.81652927399, -5.08583498001, 2.70679855347, 19.5616760254, 16.5159759521, 19.246591568, 5.32016134262, 31.2269611359, 80.3633804321, 27.5767307281, 3.10046267509], [23.1526355743, -34.1251831055, 36.5984382629, 5.0038599968, 15.8362340927, 18.4719200134, 17.9456672668, 5.35948801041, -7.66465711594, 4.02599143982, 27.5767307281, 80.0648345947, 32.8467750549], [-13.0103206635, -33.558555603, 32.8369255066, 9.3501739502, 6.13242387772, -6.9639954567, -7.29459857941, -5.18733882904, -1.89684724808, 2.6071126461, 3.10046267509, 32.8467750549, 91.3960494995]], "icov": [[0.000168971106177, -5.55063434149e-06, -2.91262604151e-05, -0.000160089752171, 0.000172788422788, -0.000318109814543, 0.000278006773442, -0.000294764264254, 0.000176702364115, -0.000308229093207, 0.000106638130092, -5.48925090698e-05, 4.70538834634e-05], [-5.55063434149e-06, 0.00100102589931, 0.00054848974105, -0.000392559973989, 7.16636277502e-05, 0.000263347028522, -0.000590219104197, -1.64036191563e-05, -0.000109255655843, 0.000580279913265, -0.000286372873234, 0.000293959514238, 6.23298037681e-05], [-2.91262604151e-05, 0.00054848974105, 0.00171568267979, -0.00018444826128, -0.000210533587961, -0.000304267421598, -0.000300368847093, -0.000699532218277, 0.000156274603796, -0.000179572205525, 0.000291130476398, -0.000218331246288, -0.000396075367462], [-0.000160089752171, -0.000392559973989, -0.00018444826128, 0.00328060076572, -0.00175979442429, 0.0010956620099, -0.000612243835349, 0.00095388822956, -0.000877139158547, 0.000310708768666, -4.66684614366e-05, -6.10016722931e-05, -0.00023300164321], [0.000172788422788, 7.16636277502e-05, -0.000210533587961, -0.00175979442429, 0.00556588498875, -0.00219944026321, 0.000387341133319, 0.000104178841866, -0.000647824723274, -0.00183010229375, 0.00112538738176, -0.000911626673769, 0.000130580068799], [-0.000318109814543, 0.000263347028522, -0.000304267421598, 0.0010956620099, -0.00219944026321, 0.00699573755264, -0.00219902745448, 0.000210721467738, 0.00116319372319, -0.0002223556221, -0.000831214943901, -0.000319829036016, 0.000739334675018], [0.000278006773442, -0.000590219104197, -0.000300368847093, -0.000612243835349, 0.000387341133319, -0.00219902745448, 0.00853528268635, -0.00352127081715, 0.000995373469777, -0.000348322559148, 1.97610497708e-05, -0.0016710832715, 0.000911730050575], [-0.000294764264254, -1.64036191563e-05, -0.000699532218277, 0.00095388822956, 0.000104178841866, 0.000210721467738, -0.00352127081715, 0.0115861902013, -0.00556888571009, 0.00323242181912, -0.00285479682498, 0.00048607159988, 0.000205747783184], [0.000176702364115, -0.000109255655843, 0.000156274603796, -0.000877139158547, -0.000647824723274, 0.00116319372319, 0.000995373469777, -0.00556888571009, 0.0136946700513, -0.00642292900011, 0.00198546773754, 0.000840282067657, 1.21914918054e-05], [-0.000308229093207, 0.000580279913265, -0.000179572205525, 0.000310708768666, -0.00183010229375, -0.0002223556221, -0.000348322559148, 0.00323242181912, -0.00642292900011, 0.0161828324199, -0.00679488107562, 0.0018124608323, -0.000552366487682], [0.000106638130092, -0.000286372873234, 0.000291130476398, -4.66684614366e-05, 0.00112538738176, -0.000831214943901, 1.97610497708e-05, -0.00285479682498, 0.00198546773754, -0.00679488107562, 0.0177852530032, -0.00629808334634, 0.00140607228968], [-5.48925090698e-05, 0.000293959514238, -0.000218331246288, -6.10016722931e-05, -0.000911626673769, -0.000319829036016, -0.0016710832715, 0.00048607159988, 0.000840282067657, 0.0018124608323, -0.00629808334634, 0.0180259738117, -0.00618313811719], [4.70538834634e-05, 6.23298037681e-05, -0.000396075367462, -0.00023300164321, 0.000130580068799, 0.000739334675018, 0.000911730050575, 0.000205747783184, 1.21914918054e-05, -0.000552366487682, 0.00140607228968, -0.00618313811719, 0.0134595995769]], "mean": [-669.070251465, 119.049591064, -39.0711555481, 18.42993927, -2.70489287376, 7.93194532394, -9.02409172058, 1.28155148029, -7.36626815796, -1.39227628708, -2.57440805435, -2.28770184517, -4.31713104248]}, "pitch_salience": {"dmean": 0.0692387446761, "dmean2": 0.1119947806, "dvar": 0.00386861804873, "dvar2": 0.0098094958812, "max": 0.861286520958, "mean": 0.583853721619, "median": 0.594518244267, "min": 0.102070845664, "var": 0.010926367715}, "silence_rate_20dB": {"dmean": 0, "dmean2": 0, "dvar": 0, "dvar2": 0, "max": 1, "mean": 1, "median": 1, "min": 1, "var": 0}, "silence_rate_30dB": {"dmean": 0.00171400583349, "dmean2": 0.00342843146063, "dvar": 0.00171102862805, "dvar2": 0.00439608795568, "max": 1, "mean": 0.998775839806, "median": 1, "min": 0, "var": 0.00122268078849}, "silence_rate_60dB": {"dmean": 0.0572967678308, "dmean2": 0.114607565105, "dvar": 0.0540190003812, "dvar2": 0.115912929177, "max": 1, "mean": 0.142979562283, "median": 0, "min": 0, "var": 0.122540764511}, "spectral_centroid": {"dmean": 244.874099731, "dmean2": 373.980712891, "dvar": 102810.140625, "dvar2": 199807.96875, "max": 11126.8027344, "mean": 1706.59106445, "median": 1661.82617188, "min": 293.853393555, "var": 354813.1875}, "spectral_complexity": {"dmean": 3.74608230591, "dmean2": 5.4419002533, "dvar": 17.81016922, "dvar2": 34.016910553, "max": 56, "mean": 18.6276168823, "median": 18, "min": 0, "var": 96.1117019653}, "spectral_contrast_coeffs": {"dmean": [0.0506789050996, 0.0452182851732, 0.0398561954498, 0.0333255641162, 0.0223211534321, 0.0201963447034], "dmean2": [0.0812367871404, 0.0738340690732, 0.0646806582808, 0.0535785444081, 0.0358977504075, 0.0315017849207], "dvar": [0.0017338640755, 0.00142452213913, 0.00108818663284, 0.000786753545981, 0.000358711142326, 0.000361024896847], "dvar2": [0.00431417953223, 0.0037246576976, 0.00278043467551, 0.00188783591148, 0.000870368618052, 0.000824412738439], "max": [-0.314309775829, -0.395972162485, -0.404628157616, -0.536598086357, -0.594933271408, -0.541675508022], "mean": [-0.622740507126, -0.746036171913, -0.75758856535, -0.759157836437, -0.776323378086, -0.726882338524], "median": [-0.62384390831, -0.75384747982, -0.766573309898, -0.766458034515, -0.779003620148, -0.726635813713], "min": [-0.951585173607, -0.96576499939, -0.969122827053, -0.959322273731, -0.963287293911, -0.960370182991], "var": [0.00702511705458, 0.00579659454525, 0.00528262136504, 0.00369932712056, 0.00169414188713, 0.00187023275066]}, "spectral_contrast_valleys": {"dmean": [0.556666374207, 0.392818957567, 0.342566102743, 0.283632606268, 0.281033158302, 0.422364115715], "dmean2": [0.816172599792, 0.610743641853, 0.532567799091, 0.433268606663, 0.398949146271, 0.498320311308], "dvar": [0.358566820621, 0.167087599635, 0.130655482411, 0.108657732606, 0.132029861212, 0.261516094208], "dvar2": [0.572851061821, 0.297964215279, 0.231671363115, 0.168145880103, 0.205685988069, 0.384216606617], "max": [-5.26863670349, -5.08623170853, -5.24853134155, -5.08734130859, -5.70370769501, -7.84948348999], "mean": [-8.27095413208, -7.16497278214, -7.48102521896, -7.44680929184, -7.63462877274, -10.9449415207], "median": [-8.24852848053, -7.05596446991, -7.42160701752, -7.38731098175, -7.50220251083, -10.7602462769], "min": [-27.6029205322, -27.480298996, -27.2523899078, -27.3110275269, -27.4605331421, -27.2560691833], "var": [1.69726407528, 0.974032580853, 0.888567209244, 0.843144476414, 0.963883817196, 1.88505995274]}, "spectral_decrease": {"dmean": 2.15177076157e-09, "dmean2": 3.18264192778e-09, "dvar": 1.17748432278e-17, "dvar2": 2.41890126967e-17, "max": 1.71404229163e-29, "mean": -4.53905624198e-09, "median": -2.50418530356e-09, "min": -3.77602198398e-08, "var": 2.48855583295e-17}, "spectral_energy": {"dmean": 0.00870817899704, "dmean2": 0.0128293000162, "dvar": 0.000185280223377, "dvar2": 0.00037871528184, "max": 0.15529371798, "mean": 0.018991863355, "median": 0.0107376333326, "min": 1.02084015372e-20, "var": 0.000416006456362}, "spectral_energyband_high": {"dmean": 0.00024485855829, "dmean2": 0.000348564295564, "dvar": 2.48415773285e-07, "dvar2": 5.72048520553e-07, "max": 0.00847472343594, "mean": 0.000498674286064, "median": 0.000204526208108, "min": 7.21706844958e-21, "var": 5.90037814163e-07}, "spectral_energyband_low": {"dmean": 0.00342291314155, "dmean2": 0.00541616277769, "dvar": 7.3979543231e-05, "dvar2": 0.000157495727763, "max": 0.0678574293852, "mean": 0.00365802273154, "median": 0.000465692864964, "min": 5.03051645213e-23, "var": 8.22634974611e-05}, "spectral_energyband_middle_high": {"dmean": 0.00368263269775, "dmean2": 0.0053965956904, "dvar": 3.96810501115e-05, "dvar2": 8.50495853228e-05, "max": 0.103558048606, "mean": 0.00901356618851, "median": 0.0043871938251, "min": 1.37713121872e-21, "var": 0.000134898757096}, "spectral_energyband_middle_low": {"dmean": 0.00377234560438, "dmean2": 0.00579035840929, "dvar": 4.5089644118e-05, "dvar2": 0.000101149060356, "max": 0.0821317136288, "mean": 0.00667736725882, "median": 0.00338483648375, "min": 2.57288259037e-22, "var": 8.03457151051e-05}, "spectral_entropy": {"dmean": 0.146350696683, "dmean2": 0.209592685103, "dvar": 0.0230267252773, "dvar2": 0.0462809726596, "max": 9.81034755707, "mean": 7.57310581207, "median": 7.56075000763, "min": 5.25172233582, "var": 0.127540722489}, "spectral_flux": {"dmean": 0.027505254373, "dmean2": 0.0432276725769, "dvar": 0.00119522295427, "dvar2": 0.00256540160626, "max": 0.320406198502, "mean": 0.0782028138638, "median": 0.061552144587, "min": 1.0103663739e-10, "var": 0.00318460608833}, "spectral_kurtosis": {"dmean": 2.30640864372, "dmean2": 3.98401474953, "dvar": 7.30429697037, "dvar2": 21.459487915, "max": 37.5085716248, "mean": 5.29920482635, "median": 4.60863685608, "min": -1.1740796566, "var": 12.7099514008}, "spectral_rms": {"dmean": 0.000876183679793, "dmean2": 0.00124358432367, "dvar": 1.31609237997e-06, "dvar2": 2.47271736953e-06, "max": 0.0123087801039, "mean": 0.00373704195954, "median": 0.0032366248779, "min": 3.15585426715e-12, "var": 4.56315547126e-06}, "spectral_rolloff": {"dmean": 458.923797607, "dmean2": 742.801879883, "dvar": 696074.75, "dvar2": 1362220.375, "max": 18281.6894531, "mean": 2118.10693359, "median": 1873.38867188, "min": 21.533203125, "var": 1807175.75}, "spectral_skewness": {"dmean": 0.261286348104, "dmean2": 0.432683318853, "dvar": 0.0665751174092, "dvar2": 0.185196250677, "max": 4.16962814331, "mean": 1.43681716919, "median": 1.4048602581, "min": -0.00829790066928, "var": 0.209933504462}, "spectral_spread": {"dmean": 448608.40625, "dmean2": 592628.6875, "dvar": 464132997120, "dvar2": 607853019136, "max": 40824572, "mean": 342