{"lowlevel": {"average_loudness": 0.487157076597, "barkbands": {"dmean": [2.05427786568e-05, 0.00196223752573, 0.00129985425156, 0.000764069962315, 0.00130918005016, 0.000517581880558, 0.000494212843478, 0.000354167132173, 0.000356791977538, 0.000381791352993, 0.000150624648086, 0.000192429768504, 0.000229660989135, 0.000221359456191, 0.000251579098403, 0.000217936190893, 0.000175311492058, 9.23347251955e-05, 8.53295932757e-05, 7.19957388355e-05, 8.63772074808e-05, 7.91235870565e-05, 4.8123558372e-05, 4.19036841777e-05, 6.89375428919e-06, 8.62299600612e-08, 3.59140628348e-09], "dmean2": [3.09510105581e-05, 0.00304867699742, 0.00219049816951, 0.00121257617138, 0.00195257063024, 0.000724617391825, 0.000640763202682, 0.000492170685902, 0.000480453163618, 0.000540704466403, 0.000240484980168, 0.000300472776871, 0.000365487678209, 0.000361346319551, 0.000412698107539, 0.000356123782694, 0.000289848772809, 0.000156944835908, 0.000132849570946, 0.000113165195216, 0.000132081957418, 0.000121653298265, 7.69300095271e-05, 5.2015613619e-05, 9.25018866837e-06, 1.35718408956e-07, 5.15416642699e-09], "dvar": [2.50751308606e-09, 1.69302747963e-05, 1.23487834571e-05, 3.17780450132e-06, 9.31207523536e-06, 3.79514608539e-06, 1.10129567474e-05, 5.93546565142e-06, 5.20547519045e-06, 8.18995613372e-06, 9.71937993199e-07, 8.0241335354e-07, 1.78568370757e-06, 1.07623543499e-06, 1.2316648963e-06, 8.44511305331e-07, 5.33502429789e-07, 1.54870420488e-07, 1.40656155168e-07, 8.71706475891e-08, 3.50140936689e-07, 2.94953167668e-07, 3.75081668835e-07, 6.34690650259e-07, 1.39302791524e-08, 1.06422715692e-12, 2.0238784219e-16], "dvar2": [5.61120705456e-09, 4.01735997002e-05, 3.45536318491e-05, 8.00554062153e-06, 1.93128216779e-05, 6.63898708808e-06, 1.79912894964e-05, 1.1172761333e-05, 9.41293001233e-06, 1.47268810906e-05, 2.0677637167e-06, 1.59379828801e-06, 3.96079394704e-06, 2.56285898104e-06, 2.89921285912e-06, 2.13081398215e-06, 1.38293660257e-06, 4.43271602535e-07, 3.44702471011e-07, 1.84675002401e-07, 6.4420248691e-07, 4.94021890063e-07, 8.31404804558e-07, 6.79101106016e-07, 2.25386500574e-08, 2.1897702835e-12, 4.85459093087e-16], "max": [0.00149238295853, 0.0661520212889, 0.0702809691429, 0.0300306938589, 0.117232196033, 0.0863683223724, 0.259419322014, 0.0961428880692, 0.0767235159874, 0.135424628854, 0.051838465035, 0.0459309928119, 0.0614299103618, 0.0531208254397, 0.0410912036896, 0.0298948641866, 0.0263654105365, 0.0115836085752, 0.014908012934, 0.0135302469134, 0.0362747646868, 0.0399555377662, 0.0394362956285, 0.0736453905702, 0.00863172113895, 8.05449162726e-05, 7.51473749006e-07], "mean": [2.42282421823e-05, 0.00532802613452, 0.00198229169473, 0.0014829505235, 0.00311465375125, 0.00129611545708, 0.000960831472185, 0.000633044517599, 0.000662968668621, 0.000647677865345, 0.000210470621823, 0.000313091441058, 0.000334350275807, 0.000364934734534, 0.000361419835826, 0.000335381657351, 0.00026761580375, 0.000139500392834, 0.000144023375469, 0.000113607668027, 0.000134172471007, 0.000129354462842, 6.86455969117e-05, 6.81473684381e-05, 9.1631009127e-06, 9.05556589714e-08, 9.22106391243e-09], "median": [3.25930659528e-06, 0.00196821033023, 0.000691759749316, 0.000344356056303, 0.000804523704574, 0.000177821202669, 4.7175148211e-05, 3.58371908078e-05, 1.84935324796e-05, 1.60187264555e-05, 6.40080270387e-06, 1.29919890242e-05, 6.07023275734e-06, 5.79779225518e-06, 8.00941143098e-06, 8.49142725201e-06, 2.25273561227e-05, 1.82062412932e-05, 3.09132847178e-05, 2.48925953201e-05, 1.79826620297e-05, 1.39396197483e-05, 1.50328253312e-06, 4.29903963095e-07, 3.10064862674e-08, 2.58383425766e-09, 3.64524543883e-09], "min": [4.68398981465e-25, 1.09631293493e-24, 1.08077060016e-24, 3.39432081027e-25, 9.22855950835e-24, 1.15329847178e-23, 7.13755193929e-24, 4.74164174175e-24, 1.6124258527e-23, 1.71767993452e-23, 9.81385249039e-24, 2.40455090658e-23, 3.03511456493e-23, 3.27213413479e-23, 4.60750430675e-23, 5.27217831065e-23, 6.75449086559e-23, 9.83080353353e-23, 1.33052852237e-22, 9.10143346907e-23, 2.25473511351e-22, 2.53957953352e-22, 2.84267983571e-22, 6.00905870958e-22, 8.42422011087e-22, 1.33211348908e-21, 1.93689712257e-21], "var": [3.49735085337e-09, 5.01667891513e-05, 1.29723048303e-05, 8.13696351543e-06, 5.09625315317e-05, 1.40741803989e-05, 3.61590609828e-05, 1.59423998412e-05, 1.59849241754e-05, 2.25022795348e-05, 1.56457679168e-06, 2.18402328755e-06, 2.89092508865e-06, 3.32611330123e-06, 2.33346781897e-06, 1.59552291734e-06, 8.54928146055e-07, 1.85719713386e-07, 2.27735014846e-07, 1.77217373221e-07, 9.58757482294e-07, 1.04561252101e-06, 8.81201856373e-07, 2.42886198976e-06, 3.24191660184e-08, 1.82842998554e-12, 5.00670481331e-16]}, "barkbands_crest": {"dmean": 2.33397960663, "dmean2": 3.68613481522, "dvar": 6.31625556946, "dvar2": 14.2643108368, "max": 26.4099254608, "mean": 13.1173563004, "median": 12.1562137604, "min": 2.53047275543, "var": 34.2056770325}, "barkbands_flatness_db": {"dmean": 0.0261653140187, "dmean2": 0.0379614494741, "dvar": 0.000914782925975, "dvar2": 0.0016515069874, "max": 0.565111041069, "mean": 0.248432293534, "median": 0.250997662544, "min": 0.0329575464129, "var": 0.0082372976467}, "barkbands_kurtosis": {"dmean": 8.73458480835, "dmean2": 13.4870319366, "dvar": 316.96496582, "dvar2": 731.743774414, "max": 506.888153076, "mean": 20.6718425751, "median": 10.04641819, "min": -1.94837880135, "var": 1143.40307617}, "barkbands_skewness": {"dmean": 0.800778210163, "dmean2": 1.18583786488, "dvar": 1.01490235329, "dvar2": 2.04499840736, "max": 18.1868419647, "mean": 2.89192914963, "median": 2.61286687851, "min": -5.7127661705, "var": 7.09650611877}, "barkbands_spread": {"dmean": 4.41146564484, "dmean2": 6.65956544876, "dvar": 51.9688148499, "dvar2": 103.22543335, "max": 95.032585144, "mean": 14.0500564575, "median": 8.71660423279, "min": 0.146755233407, "var": 204.93157959}, "dissonance": {"dmean": 0.0184748452157, "dmean2": 0.0294818449765, "dvar": 0.000553313293494, "dvar2": 0.00139264506288, "max": 0.500000059605, "mean": 0.45009881258, "median": 0.463864684105, "min": 0, "var": 0.00208887201734}, "dynamic_complexity": 5.07419633865, "erbbands": {"dmean": [0.0467992089689, 0.488089293242, 1.34021508694, 2.17277741432, 3.15790843964, 4.77733325958, 4.82134103775, 4.26325893402, 6.19123268127, 7.54478359222, 6.46959018707, 8.04682636261, 10.9984140396, 10.9744024277, 5.77907085419, 7.94022130966, 10.07259655, 10.8615484238, 12.7167320251, 11.1273822784, 11.3457250595, 9.25083446503, 5.4111495018, 3.94362401962, 4.25593423843, 3.54040193558, 2.96556711197, 3.69996857643, 3.03752875328, 2.29028582573, 1.24320673943, 0.932194232941, 0.601480126381, 0.164607554674, 0.0159821771085, 0.00125001440756, 0.000103825324913, 1.24418911582e-05, 4.49612025477e-06, 7.56266808821e-06], "dmean2": [0.0737799853086, 0.759809434414, 2.253688097, 3.53781628609, 4.88420009613, 6.98230409622, 7.07192754745, 6.02309703827, 8.09712123871, 10.0186605453, 9.16504955292, 10.7017126083, 15.2908086777, 15.6126871109, 9.02776241302, 12.2359170914, 15.9917831421, 17.2143001556, 20.5661678314, 17.9238319397, 18.643409729, 15.3511819839, 9.20880889893, 6.29303455353, 6.71005392075, 5.6032204628, 4.60533952713, 5.67711448669, 4.68707609177, 3.62080597878, 1.94800102711, 1.20410501957, 0.822983324528, 0.212696701288, 0.0215444713831, 0.00176231143996, 0.000149830870214, 1.64988032338e-05, 6.34982598058e-06, 1.09710581455e-05], "dvar": [0.0114145604894, 1.01684498787, 11.4994363785, 28.7966766357, 61.8535461426, 191.678817749, 244.415863037, 415.498687744, 1408.01940918, 3068.35009766, 1707.48046875, 2603.8918457, 8261.51757812, 11570.3496094, 763.954956055, 1248.09130859, 4425.13476562, 2635.41699219, 2958.9284668, 2285.78759766, 2219.41210938, 1479.76977539, 533.60369873, 246.625061035, 352.022399902, 217.011322021, 351.035064697, 694.115234375, 404.552307129, 452.193237305, 307.715545654, 247.57989502, 178.886917114, 9.67334651947, 0.0573392063379, 0.00020649174985, 1.49767197399e-06, 1.40827269846e-08, 5.51632017842e-10, 2.57746907151e-10], "dvar2": [0.0287628937513, 2.4184589386, 31.844625473, 78.6581726074, 146.069213867, 328.373840332, 523.783325195, 825.751403809, 2388.23999023, 5309.23388672, 3472.70288086, 4890.20361328, 14834.9697266, 23099.1132812, 1646.6697998, 2195.20092773, 9962.88671875, 6129.32910156, 6947.93554688, 5349.41113281, 5811.26025391, 3861.95678711, 1521.58215332, 553.577148438, 914.768798828, 467.948577881, 678.31439209, 1326.65124512, 764.817993164, 1038.6685791, 619.02142334, 299.993682861, 215.852111816, 15.7035036087, 0.093955270946, 0.000340188998962, 2.47597449743e-06, 1.86019200044e-08, 7.24133586427e-10, 4.64894650554e-10], "max": [1.89761638641, 16.2767047882, 61.5642356873, 108.37852478, 209.681762695, 707.423339844, 773.139648438, 825.513000488, 2562.40136719, 2619.71289062, 2243.25463867, 2166.19555664, 4276.3828125, 7019.76806641, 1465.61352539, 2379.11621094, 3334.65722656, 2696.99511719, 2137.53735352, 1367.93469238, 1300.08984375, 1123.24304199, 639.89050293, 597.143066406, 886.855407715, 625.397338867, 1010.83728027, 1639.22558594, 1398.07885742, 1432.31054688, 1094.09387207, 1507.37805176, 1093.54821777, 216.234100342, 18.2019100189, 1.03353190422, 0.0803896561265, 0.00819795113057, 0.00178111216519, 0.000869729206897], "mean": [0.107896715403, 1.35811936855, 2.42410302162, 4.28739452362, 6.44299840927, 11.3711042404, 13.7725734711, 8.64438247681, 12.293346405, 15.2003469467, 12.6393537521, 14.7105693817, 19.1212921143, 19.3558940887, 9.49383449554, 13.6321382523, 15.3821392059, 18.7066669464, 19.4766521454, 17.60896492, 18.4558334351, 14.4974451065, 8.42373561859, 6.73915576935, 7.43154907227, 5.66715669632, 4.76487112045, 5.62559270859, 4.91372585297, 3.14232397079, 1.87701690197, 1.44333696365, 1.05511176586, 0.239838704467, 0.0198831837624, 0.00145984475967, 0.000135438793222, 2.70503696811e-05, 1.24910156956e-05, 2.2814147087e-05], "median": [0.0175795927644, 0.570723772049, 1.3568508625, 1.4914342165, 1.72771656513, 2.02605342865, 2.63317012787, 1.1432826519, 0.870517253876, 0.629847586155, 1.06507277489, 0.498323559761, 0.486039549112, 0.564635872841, 0.466065704823, 0.599082052708, 0.346420824528, 0.37702742219, 0.41512042284, 0.418054848909, 0.75790309906, 0.962433040142, 1.09070944786, 1.02589392662, 1.96889030933, 1.28823959827, 0.666218876839, 0.714683413506, 0.619540929794, 0.156966209412, 0.0396036542952, 0.0149731868878, 0.00400411896408, 0.000759540707804, 0.000113246431283, 2.48741798714e-05, 1.08502354124e-05, 5.85248471907e-06, 7.45456009099e-06, 1.59518276632e-05], "min": [4.04927319805e-23, 4.0767137562e-22, 1.56843935359e-21, 2.06369930605e-21, 8.0439647188e-21, 2.54689928425e-20, 5.24441814141e-20, 5.83578377849e-20, 8.74999729894e-20, 1.58459900944e-19, 1.95131803104e-19, 4.50153188616e-19, 3.50628471675e-19, 4.73774623477e-19, 9.1495150658e-19, 1.11309765923e-18, 1.18842951461e-18, 1.85538824104e-18, 3.08291206915e-18, 2.77636658556e-18, 3.92893213375e-18, 4.16606951252e-18, 5.26859125404e-18, 5.69164574729e-18, 7.07394602816e-18, 5.59487760974e-18, 8.78136344493e-18, 9.65175679987e-18, 8.91158979749e-18, 1.06551368091e-17, 9.86876432485e-18, 1.15732055458e-17, 9.52167437674e-18, 8.59783770961e-18, 5.8713193025e-18, 4.01110797811e-18, 2.3698581861e-18, 8.87709864069e-19, 2.58258996279e-19, 2.6679544204e-20], "var": [0.025924153626, 3.10308074951, 13.1161203384, 53.4876556396, 170.849594116, 1281.4831543, 1417.63256836, 1079.56225586, 4929.3671875, 10070.4013672, 5588.33447266, 6886.79003906, 18304.7792969, 33265.71875, 1750.53723145, 4372.390625, 6341.27197266, 7928.46191406, 6942.98291016, 4558.16210938, 4039.51342773, 2438.51171875, 686.385742188, 466.112701416, 515.480285645, 429.900634766, 876.683410645, 1835.43579102, 1303.03161621, 986.70880127, 828.958618164, 926.199523926, 632.598327637, 25.2877616882, 0.126068234444, 0.000496132706758, 3.71490000362e-06, 4.96389560567e-08, 2.15473994203e-09, 1.09900133438e-09]}, "erbbands_crest": {"dmean": 2.27170872688, "dmean2": 3.52263498306, "dvar": 5.57817697525, "dvar2": 12.7899398804, "max": 34.0863800049, "mean": 10.8508014679, "median": 9.32128238678, "min": 2.73231220245, "var": 31.8561210632}, "erbbands_flatness_db": {"dmean": 0.0171217210591, "dmean2": 0.0244313254952, "dvar": 0.000351590511855, "dvar2": 0.000645177788101, "max": 0.518671572208, "mean": 0.222396925092, "median": 0.214339002967, "min": 0.0843967348337, "var": 0.00282829301432}, "erbbands_kurtosis": {"dmean": 1.5413081646, "dmean2": 2.32886362076, "dvar": 8.53813934326, "dvar2": 16.8328552246, "max": 75.2786026001, "mean": 1.56061947346, "median": 0.22039437294, "min": -1.90988957882, "var": 22.96367836}, "erbbands_skewness": {"dmean": 0.443937122822, "dmean2": 0.648254275322, "dvar": 0.247782453895, "dvar2": 0.484798401594, "max": 7.37155008316, "mean": 0.588793098927, "median": 0.53793412447, "min": -5.81661939621, "var": 1.53990483284}, "erbbands_spread": {"dmean": 9.57810783386, "dmean2": 14.3495531082, "dvar": 136.69052124, "dvar2": 278.054901123, "max": 151.190368652, "mean": 46.3532447815, "median": 41.1371688843, "min": 1.30189216137, "var": 810.627319336}, "gfcc": {"cov": [[21634.234375, 1389.2947998, -2775.38793945, 847.19921875, -1425.76904297, 594.811767578, -717.519165039, -125.322753906, 51.8857841492, -256.9871521, 42.8462677002, -276.935394287, 82.6416244507], [1389.2947998, 2809.85009766, 1135.59313965, 142.270797729, 677.753845215, -643.957641602, 469.763427734, -262.41897583, 111.354606628, -175.34538269, -30.3196620941, -95.0883712769, -82.977142334], [-2775.38793945, 1135.59313965, 2136.42871094, 692.873535156, 662.205993652, -367.148071289, 386.155517578, -68.321472168, -28.3353404999, -60.4900856018, 18.1360664368, 8.17803192139, -13.1249542236], [847.19921875, 142.270797729, 692.873535156, 1097.88427734, 164.733703613, -88.1694412231, 83.6066513062, -17.6578636169, -61.9545440674, -56.0792236328, 46.1030769348, 38.4374694824, 55.7002792358], [-1425.76904297, 677.753845215, 662.205993652, 164.733703613, 708.149291992, -145.243743896, 241.00012207, -10.3466253281, 85.4845046997, -3.21942901611, 12.1492938995, 35.9655456543, 29.5687065125], [594.811767578, -643.957641602, -367.148071289, -88.1694412231, -145.243743896, 522.617553711, 27.3724365234, 134.747512817, 22.1946544647, 76.2438278198, 27.0549907684, -18.4567146301, 15.3387432098], [-717.519165039, 469.763427734, 386.155517578, 83.6066513062, 241.00012207, 27.3724365234, 452.294921875, 56.8195762634, 37.8046150208, 3.90042448044, 12.4462604523, -9.19690513611, -24.8827781677], [-125.322753906, -262.41897583, -68.321472168, -17.6578636169, -10.3466253281, 134.747512817, 56.8195762634, 172.229995728, 48.6214370728, 43.1262779236, 29.9479370117, 8.07661342621, 17.385055542], [51.8857841492, 111.354606628, -28.3353404999, -61.9545440674, 85.4845046997, 22.1946544647, 37.8046150208, 48.6214370728, 166.861557007, 55.2176094055, 20.2601203918, -1.76397311687, 3.29059243202], [-256.9871521, -175.34538269, -60.4900856018, -56.0792236328, -3.21942901611, 76.2438278198, 3.90042448044, 43.1262779236, 55.2176094055, 140.358581543, 36.4105300903, 10.4178771973, 4.33283948898], [42.8462677002, -30.3196620941, 18.1360664368, 46.1030769348, 12.1492938995, 27.0549907684, 12.4462604523, 29.9479370117, 20.2601203918, 36.4105300903, 109.101341248, 51.7578735352, 18.5329532623], [-276.935394287, -95.0883712769, 8.17803192139, 38.4374694824, 35.9655456543, -18.4567146301, -9.19690513611, 8.07661342621, -1.76397311687, 10.4178771973, 51.7578735352, 133.250274658, 52.0993385315], [82.6416244507, -82.977142334, -13.1249542236, 55.7002792358, 29.5687065125, 15.3387432098, -24.8827781677, 17.385055542, 3.29059243202, 4.33283948898, 18.5329532623, 52.0993385315, 112.774131775]], "icov": [[0.000275137717836, -0.000822878326289, 0.000544407754205, -0.000645466148853, 0.000550390628632, -0.000806541007478, 0.000739430077374, -0.000498432724271, 0.000126363098389, -2.02656683541e-05, 4.20721480623e-05, 4.26648948633e-05, -0.000249074364547], [-0.000822878326289, 0.00359273795038, -0.00178442883771, 0.00209966138937, -0.00197508651763, 0.00328550231643, -0.00322379078716, 0.00295035890304, -0.00148328056093, 0.00115145766176, -0.000982041587122, 0.00097499723779, 0.00061661581276], [0.000544407754205, -0.00178442883771, 0.00207325047813, -0.00174701062497, 0.000505547155626, -0.0012379969703, 0.00114798801951, -0.00119789363816, 0.000842235633172, -0.000367313652532, 4.73379222967e-05, 0.000194861568161, -0.000242211026489], [-0.000645466148853, 0.00209966138937, -0.00174701062497, 0.00279774959199, -0.001262153266, 0.0019207278965, -0.00181694608182, 0.0013714316301, -0.0001630022889, 0.00062431266997, -0.000791879603639, 0.000136002156069, -6.18175472482e-05], [0.000550390628632, -0.00197508651763, 0.000505547155626, -0.001262153266, 0.00375793944113, -0.0016178394435, 0.000914048636332, -0.000996954971924, -0.000846690905746, -0.00024225411471, 0.000671142304782, -0.00079462712165, -0.00129340984859], [-0.000806541007478, 0.00328550231643, -0.0012379969703, 0.0019207278965, -0.0016178394435, 0.00602278253064, -0.00346765504219, 0.000791880767792, -0.00065226200968, -0.000173753636773, -0.00109033996705, 0.00155540951528, 0.000119850505143], [0.000739430077374, -0.00322379078716, 0.00114798801951, -0.00181694608182, 0.000914048636332, -0.00346765504219, 0.00617005676031, -0.00369632360525, 0.00122476613615, -0.000668724649586, 0.000753496191464, -0.000816067389678, 0.000523467140738], [-0.000498432724271, 0.00295035890304, -0.00119789363816, 0.0013714316301, -0.000996954971924, 0.000791880767792, -0.00369632360525, 0.0113421287388, -0.00356124411337, 0.000881553045474, -0.00223085843027, 0.00126136001199, -0.000837129424326], [0.000126363098389, -0.00148328056093, 0.000842235633172, -0.0001630022889, -0.000846690905746, -0.00065226200968, 0.00122476613615, -0.00356124411337, 0.00952663272619, -0.00367867131718, -7.05333877704e-06, 7.17585135135e-05, -4.41256706836e-05], [-2.02656683541e-05, 0.00115145766176, -0.000367313652532, 0.00062431266997, -0.00024225411471, -0.000173753636773, -0.000668724649586, 0.000881553045474, -0.00367867131718, 0.0106876026839, -0.00330985430628, 0.000912871852051, 0.000133590132464], [4.20721480623e-05, -0.000982041587122, 4.73379222967e-05, -0.000791879603639, 0.000671142304782, -0.00109033996705, 0.000753496191464, -0.00223085843027, -7.05333877704e-06, -0.00330985430628, 0.0136960605159, -0.00587393948808, 0.00071596034104], [4.26648948633e-05, 0.00097499723779, 0.000194861568161, 0.000136002156069, -0.00079462712165, 0.00155540951528, -0.000816067389678, 0.00126136001199, 7.17585135135e-05, 0.000912871852051, -0.00587393948808, 0.0125463940203, -0.00460413051769], [-0.000249074364547, 0.00061661581276, -0.000242211026489, -6.18175472482e-05, -0.00129340984859, 0.000119850505143, 0.000523467140738, -0.000837129424326, -4.41256706836e-05, 0.000133590132464, 0.00071596034104, -0.00460413051769, 0.0120787257329]], "mean": [-141.662506104, 138.667190552, -130.083358765, 70.5798110962, -50.9087409973, -8.62724494934, -11.9784040451, -17.2336978912, -6.37153816223, -14.8467216492, -3.3430929184, -7.840903759, -0.958028256893]}, "hfc": {"dmean": 4.51224946976, "dmean2": 6.55528354645, "dvar": 336.093048096, "dvar2": 562.730224609, "max": 1240.30456543, "mean": 11.3736658096, "median": 3.30197191238, "min": 1.07493722023e-16, "var": 1389.74633789}, "melbands": {"dmean": [0.000490813225042, 0.000660631339997, 0.000377914897399, 0.000292902957881, 0.000176715591806, 9.4270981208e-05, 9.8803488072e-05, 8.31239231047e-05, 5.16292529937e-05, 5.36690604349e-05, 5.53700629098e-05, 4.6382076107e-05, 1.94578915398e-05, 2.10627367778e-05, 2.22095532081e-05, 2.26143201871e-05, 2.16640692088e-05, 2.09946138057e-05, 1.85952321772e-05, 1.51847170855e-05, 1.34922001962e-05, 1.06798497654e-05, 7.14783936928e-06, 4.14993155573e-06, 3.22176265399e-06, 3.49348738382e-06, 2.74283502222e-06, 2.38764278038e-06, 1.76210767222e-06, 2.26466113418e-06, 2.13184125641e-06, 1.80913264103e-06, 1.57605495588e-06, 1.15722025384e-06, 7.40812424738e-07, 6.04665956416e-07, 5.68719144667e-07, 4.52021623687e-07, 3.61514395308e-07, 7.66371286431e-08], "dmean2": [0.000761133793276, 0.00107806874439, 0.000608171278145, 0.000442386517534, 0.000255228893366, 0.000131252512801, 0.00012778598466, 0.000110427943582, 7.24170531612e-05, 7.12408145773e-05, 7.73734791437e-05, 6.5904634539e-05, 3.10941723001e-05, 3.32531453751e-05, 3.42219318554e-05, 3.60822778021e-05, 3.45309381373e-05, 3.42048515449e-05, 3.09429378831e-05, 2.50150278589e-05, 2.21096888708e-05, 1.77268520929e-05, 1.20165632325e-05, 7.11072834747e-06, 5.12757787874e-06, 5.5061814237e-06, 4.36390700997e-06, 3.79858670385e-06, 2.78087600236e-06, 3.52317852048e-06, 3.31403634846e-06, 2.81134157376e-06, 2.46787044489e-06, 1.86650845535e-06, 1.18413038308e-06, 9.01734154013e-07, 7.00449106716e-07, 6.23959124368e-07, 4.86573185299e-07, 9.75174856421e-08], "dvar": [1.13825512926e-06, 2.18974787458e-06, 7.49073933548e-07, 5.96130860231e-07, 2.32912753972e-07, 1.7538015129e-07, 4.02884353434e-07, 3.48372651615e-07, 1.05213587176e-07, 1.19420235478e-07, 2.07797185681e-07, 1.95930269342e-07, 1.14743841095e-08, 1.12086917525e-08, 1.19411369681e-08, 1.55136739011e-08, 1.2342265876e-08, 8.58590976094e-09, 7.75558373078e-09, 4.57049287306e-09, 3.1216158547e-09, 2.01200633931e-09, 9.46850375882e-10, 2.65950456102e-10, 1.8505658117e-10, 3.05741681972e-10, 1.02635885901e-10, 1.18348858491e-10, 1.16222219348e-10, 2.39223391096e-10, 2.73826045172e-10, 1.45465056667e-10, 1.38326516907e-10, 1.21377213835e-10, 1.02628287812e-10, 8.37111352459e-11, 1.11786732648e-10, 1.06710786041e-10, 5.81718943848e-11, 1.56225748484e-12], "dvar2": [2.71927387985e-06, 5.89701267018e-06, 1.99276792046e-06, 1.26002851175e-06, 4.57863649217e-07, 3.33733311209e-07, 6.79741333443e-07, 6.14606278759e-07, 2.1294071928e-07, 2.17647439626e-07, 3.70125036397e-07, 3.89035790249e-07, 2.60298058663e-08, 2.31330599121e-08, 2.38162130017e-08, 3.70552086792e-08, 2.97874471755e-08, 2.03776213681e-08, 1.90695619295e-08, 1.08093036744e-08, 8.12919598303e-09, 5.19719645098e-09, 2.66213251443e-09, 7.70061348021e-10, 4.01908145653e-10, 7.9643514006e-10, 2.54533977229e-10, 2.53537635331e-10, 2.41987235805e-10, 4.36000402448e-10, 5.81919512577e-10, 3.09673009458e-10, 2.67898175865e-10, 3.00274360931e-10, 2.16216045068e-10, 1.42303280271e-10, 1.32933941632e-10, 1.40233102908e-10, 9.50039005798e-11, 2.65610623773e-12], "max": [0.0180770941079, 0.0259189195931, 0.0166581049562, 0.0300219859928, 0.0218674577773, 0.0176079422235, 0.0479167252779, 0.027695313096, 0.0171391312033, 0.0147354276851, 0.0224801730365, 0.028169663623, 0.00585108529776, 0.00457060150802, 0.00464062672108, 0.00571918021888, 0.00613885791972, 0.00385507987812, 0.00367930275388, 0.0030505748, 0.00188038160559, 0.00126485689543, 0.000889278075192, 0.000429176376201, 0.000564545334782, 0.000855782418512, 0.000347560009686, 0.000485192751512, 0.000525240087882, 0.000968953187112, 0.000939992838539, 0.000861688691657, 0.000843885936774, 0.000651916430797, 0.000643570732791, 0.000688015890773, 0.00107802695129, 0.000889925460797, 0.000527871132363, 9.85514343483e-05], "mean": [0.00130280049052, 0.00151920132339, 0.000761297764257, 0.000664412335027, 0.000481606228277, 0.000200571856112, 0.000194452542928, 0.000160497467732, 9.61896002991e-05, 9.66001680354e-05, 9.36906362767e-05, 7.97885950305e-05, 2.97196638712e-05, 3.45013540937e-05, 3.46037522831e-05, 3.27704292431e-05, 3.5129058233e-05, 3.10599352815e-05, 2.63177080342e-05, 2.29031375056e-05, 2.12238846871e-05, 1.58475213539e-05, 1.00353809103e-05, 6.41285532765e-06, 5.17114904142e-06, 5.77768514631e-06, 4.4468915803e-06, 3.54060421159e-06, 2.71538078778e-06, 3.40696283274e-06, 3.11850112666e-06, 2.82248720396e-06, 2.3425100153e-06, 1.48103868014e-06, 1.05524657101e-06, 9.52829850576e-07, 8.65940819494e-07, 7.62660590681e-07, 5.38105950909e-07, 9.74852909508e-08], "median": [0.000363031926099, 0.00101807969622, 0.000309125578497, 0.000124688231153, 9.6270479844e-05, 2.5060664484e-05, 1.14633012345e-05, 6.00787188887e-06, 7.57982707e-06, 2.68658641289e-06, 2.20570382226e-06, 2.15651925828e-06, 1.18846162422e-06, 1.54479084813e-06, 9.09910795599e-07, 6.84433246079e-07, 5.82810230298e-07, 5.79777974963e-07, 5.12511974193e-07, 5.77078594688e-07, 9.86317559182e-07, 9.72440147962e-07, 7.68556731146e-07, 1.09214022359e-06, 5.87641693528e-07, 1.38309189879e-06, 1.21487812521e-06, 6.79793345171e-07, 3.06920441062e-07, 4.68957836119e-07, 3.31347649762e-07, 3.81266090699e-07, 1.63111977258e-07, 5.09584694441e-08, 2.3486041556e-08, 9.96428273226e-09, 7.05446812077e-09, 2.71599964741e-09, 9.88371162691e-10, 3.80815656786e-10], "min": [5.54571681561e-25, 1.40989539995e-24, 3.88813516446e-25, 2.22919608092e-24, 2.01426836349e-24, 1.45291277397e-24, 1.30851375742e-24, 1.41351952555e-24, 1.4209586811e-24, 1.93018801834e-24, 1.67459136581e-24, 1.47408895611e-24, 2.28899469576e-24, 3.26082557706e-24, 2.5720425245e-24, 2.88818523759e-24, 2.85055637519e-24, 3.37937125516e-24, 3.60554398758e-24, 2.7230283324e-24, 4.4347874714e-24, 3.83152739337e-24, 3.4196118388e-24, 4.19703978292e-24, 3.41353879312e-24, 4.60464657923e-24, 3.18426366798e-24, 3.44056004014e-24, 4.78933863867e-24, 5.51850722805e-24, 5.99037266155e-24, 5.22955142277e-24, 4.47076347298e-24, 5.39109988097e-24, 5.47166308978e-24, 5.44774324941e-24, 7.12173370042e-24, 5.95736829899e-24, 5.79460775602e-24, 6.22553328068e-24], "var": [3.27103884956e-06, 3.33796947416e-06, 1.46938066337e-06, 3.07831510327e-06, 1.43996408042e-06, 4.96493441915e-07, 1.36132018724e-06, 1.0908238437e-06, 3.22659786889e-07, 3.41904069501e-07, 4.66486454798e-07, 5.67223878534e-07, 2.13875406274e-08, 2.83717849214e-08, 2.35541701699e-08, 2.39596378293e-08, 3.34772600752e-08, 1.9905399995e-08, 1.27723271959e-08, 9.38577038312e-09, 5.60651969295e-09, 3.18421977674e-09, 1.19046172919e-09, 3.32996741292e-10, 3.44699213617e-10, 4.06460892721e-10, 1.72024158807e-10, 2.20789511673e-10, 2.54099047359e-10, 6.58548160448e-10, 5.94912674678e-10, 4.06322003821e-10, 4.19118212358e-10, 2.2454837989e-10, 2.53637055803e-10, 2.7432453531e-10, 4.15094125739e-10, 3.60916241338e-10, 1.54734614011e-10, 3.36856605977e-12]}, "melbands_crest": {"dmean": 2.72920107841, "dmean2": 4.36944532394, "dvar": 8.09596633911, "dvar2": 19.3671703339, "max": 34.5930404663, "mean": 16.9408607483, "median": 17.2460365295, "min": 1.64363157749, "var": 41.1343917847}, "melbands_flatness_db": {"dmean": 0.0314747169614, "dmean2": 0.0442052893341, "dvar": 0.00141458527651, "dvar2": 0.00240673567168, "max": 0.704038202763, "mean": 0.3025996387, "median": 0.317824810743, "min": 0.00343323755078, "var": 0.0165855269879}, "melbands_kurtosis": {"dmean": 18.0376377106, "dmean2": 27.5862903595, "dvar": 928.846801758, "dvar2": 1951.71911621, "max": 465.821411133, "mean": 49.9580230713, "median": 25.130607605, "min": -1.87392675877, "var": 4276.49365234}, "melbands_skewness": {"dmean": 1.02638351917, "dmean2": 1.52032661438, "dvar": 1.53279924393, "dvar2": 2.97291111946, "max": 17.3267745972, "mean": 4.39843654633, "median": 3.74544000626, "min": -3.35062980652, "var": 11.4468870163}, "melbands_spread": {"dmean": 5.69809436798, "dmean2": 8.60280513763, "dvar": 138.090713501, "dvar2": 266.717895508, "max": 231.3309021, "mean": 18.1714553833, "median": 6.93901062012, "min": 0.324453890324, "var": 746.427856445}, "mfcc": {"cov": [[9529.81542969, -332.725280762, -1149.88928223, -775.713562012, -459.374145508, 282.776245117, -596.190917969, 138.492874146, -198.720352173, 167.030044556, -40.4267997742, 42.0880813599, -65.5699005127], [-332.725280762, 2802.8762207, 650.889465332, 632.872680664, 268.962036133, -30.1324577332, 176.904754639, 1.95690226555, 133.433822632, -67.90234375, 105.276649475, -55.2073097229, 39.6166496277], [-1149.88928223, 650.889465332, 1247.03491211, 873.446105957, 230.304214478, 89.7392807007, 259.575012207, 45.2377738953, 49.1020545959, -43.0766181946, -3.58619809151, 18.1079521179, 21.0428180695], [-775.713562012, 632.872680664, 873.446105957, 1324.94152832, 344.417144775, 98.874382019, 214.414169312, 60.1019363403, 55.9402999878, -90.9608001709, -31.7308254242, -20.5502700806, 47.654094696], [-459.374145508, 268.962036133, 230.304214478, 344.417144775, 456.508666992, 50.5653762817, 66.2632293701, 11.8119621277, 52.3775672913, -20.136089325, -4.16349649429, -1.31849431992, 37.0015144348], [282.776245117, -30.1324577332, 89.7392807007, 98.874382019, 50.5653762817, 250.764190674, 104.117805481, 64.4618377686, 48.0602760315, 51.3769607544, 34.9318618774, 28.553068161, 7.94481706619], [-596.190917969, 176.904754639, 259.575012207, 214.414169312, 66.2632293701, 104.117805481, 317.339752197, 101.093231201, 83.1923599243, 27.5274829865, 45.7027206421, 33.3141822815, 3.25272798538], [138.492874146, 1.95690226555, 45.2377738953, 60.1019363403, 11.8119621277, 64.4618377686, 101.093231201, 190.527435303, 51.2993240356, 21.4302787781, 31.4564704895, 32.6771011353, 9.11893463135], [-198.720352173, 133.433822632, 49.1020545959, 55.9402999878, 52.3775672913, 48.0602760315, 83.1923599243, 51.2993240356, 158.070297241, 63.8030014038, 31.5419254303, 13.8607978821, 16.370765686], [167.030044556, -67.90234375, -43.0766181946, -90.9608001709, -20.136089325, 51.3769607544, 27.5274829865, 21.4302787781, 63.8030014038, 185.443603516, 62.5843429565, -2.11770057678, 9.73234462738], [-40.4267997742, 105.276649475, -3.58619809151, -31.7308254242, -4.16349649429, 34.9318618774, 45.7027206421, 31.4564704895, 31.5419254303, 62.5843429565, 136.648513794, 41.0790901184, 15.2566356659], [42.0880813599, -55.2073097229, 18.1079521179, -20.5502700806, -1.31849431992, 28.553068161, 33.3141822815, 32.6771011353, 13.8607978821, -2.11770057678, 41.0790901184, 153.911605835, 39.1067428589], [-65.5699005127, 39.6166496277, 21.0428180695, 47.654094696, 37.0015144348, 7.94481706619, 3.25272798538, 9.11893463135, 16.370765686, 9.73234462738, 15.2566356659, 39.1067428589, 112.463912964]], "icov": [[0.000176958157681, -7.85579759395e-05, 0.000143889250467, -4.26358383265e-05, 0.000119912692753, -0.000376917683752, 0.00041873389273, -0.000309750670567, 0.000277266837656, -0.000268679781584, 0.000235797459027, -0.000179101494723, 0.000135348687763], [-7.85579759395e-05, 0.000527206400875, -0.000242106194491, -4.71563580504e-05, -0.000149336497998, 0.000367880245904, -0.0002215878485, 0.000276361388387, -0.000573402619921, 0.000538354332093, -0.000767943856772, 0.000461943971459, -0.000178662783583], [0.000143889250467, -0.000242106194491, 0.00182648201007, -0.00100737856701, 0.000108892374556, -0.000302622036543, -0.000463929434773, 2.55690465565e-05, 0.000594092649408, -0.000533907616045, 0.000525729148649, -0.000614439544734, 0.000353241193807], [-4.26358383265e-05, -4.71563580504e-05, -0.00100737856701, 0.00173924956471, -0.000657363794744, -0.000188769743545, -0.000245178496698, -0.000178246322321, -0.000168641796336, 0.000724514364265, 0.000143579847645, 0.000597717182245, -0.000571039738134], [0.000119912692753, -0.000149336497998, 0.000108892374556, -0.000657363794744, 0.00297298794612, -0.000620781444013, 0.000330230133841, 6.85223858454e-05, -0.000557166000362, 0.000106783088995, 0.000267819035798, -1.83149204531e-05, -0.000526802847162], [-0.000376917683752, 0.000367880245904, -0.000302622036543, -0.000188769743545, -0.000620781444013, 0.00600370625034, -0.00195596925914, -0.000121792400023, -0.00076115236152, -0.000569277675822, -0.000837922212668, -0.000127905470436, -4.79595364595e-05], [0.00041873389273, -0.0002215878485, -0.000463929434773, -0.000245178496698, 0.000330230133841, -0.00195596925914, 0.00634297914803, -0.00240567163564, -0.000941593607422, -0.000405501195928, -0.00031353707891, -0.00076899677515, 0.00103610660881], [-0.000309750670567, 0.000276361388387, 2.55690465565e-05, -0.000178246322321, 6.85223858454e-05, -0.000121792400023, -0.00240567163564, 0.00746760191396, -0.0017642963212, 0.000806205964182, -0.001046989928, -0.000358004326699, -0.000303489068756], [0.000277266837656, -0.000573402619921, 0.000594092649408, -0.000168641796336, -0.000557166000362, -0.00076115236152, -0.000941593607422, -0.0017642963212, 0.00988305080682, -0.00366922421381, 0.00107326987199, -0.000822724890895, -0.000249299133429], [-0.000268679781584, 0.000538354332093, -0.000533907616045, 0.000724514364265, 0.000106783088995, -0.000569277675822, -0.000405501195928, 0.000806205964182, -0.00366922421381, 0.00890335533768, -0.00402851030231, 0.00225038453937, -0.00107433169615], [0.000235797459027, -0.000767943856772, 0.000525729148649, 0.000143579847645, 0.000267819035798, -0.000837922212668, -0.00031353707891, -0.001046989928, 0.00107326987199, -0.00402851030231, 0.0111070582643, -0.00306814257056, 6.63291066303e-05], [-0.000179101494723, 0.000461943971459, -0.000614439544734, 0.000597717182245, -1.83149204531e-05, -0.000127905470436, -0.00076899677515, -0.000358004326699, -0.000822724890895, 0.00225038453937, -0.00306814257056, 0.00883394293487, -0.00306968437508], [0.000135348687763, -0.000178662783583, 0.000353241193807, -0.000571039738134, -0.000526802847162, -4.79595364595e-05, 0.00103610660881, -0.000303489068756, -0.000249299133429, -0.00107433169615, 6.63291066303e-05, -0.00306968437508, 0.0105684855953]], "mean": [-758.478027344, 134.365097046, -2.76602840424, 62.6735191345, -4.34465122223, 15.7942790985, -1.47418224812, 4.7781329155, -0.744143903255, -4.0685710907, -0.644159197807, -2.38488864899, 0.100691884756]}, "pitch_salience": {"dmean": 0.0655151978135, "dmean2": 0.103068463504, "dvar": 0.00470558321103, "dvar2": 0.0113284438848, "max": 0.939207077026, "mean": 0.479300290346, "median": 0.462736546993, "min": 0.065471470356, "var": 0.0276724174619}, "silence_rate_20dB": {"dmean": 0, "dmean2": 0, "dvar": 0, "dvar2": 0, "max": 1, "mean": 1, "median": 1, "min": 1, "var": 0}, "silence_rate_30dB": {"dmean": 0.00615069177002, "dmean2": 0.0123029602692, "dvar": 0.0061131012626, "dvar2": 0.01292135939, "max": 1, "mean": 0.988981425762, "median": 1, "min": 0, "var": 0.0108976876363}, "silence_rate_60dB": {"dmean": 0.0527934394777, "dmean2": 0.10560040921, "dvar": 0.0500035062432, "dvar2": 0.105474218726, "max": 1, "mean": 0.181934654713, "median": 0, "min": 0, "var": 0.148825511336}, "spectral_centroid": {"dmean": 239.242324829, "dmean2": 352.55380249, "dvar": 130377.101562, "dvar2": 236686.671875, "max": 11840.3994141, "mean": 1320.72949219, "median": 854.316101074, "min": 99.2800598145, "var": 2123507.75}, "spectral_complexity": {"dmean": 1.94797539711, "dmean2": 3.01191854477, "dvar": 7.43589258194, "dvar2": 16.944726944, "max": 59, "mean": 8.94119167328, "median": 5, "min": 0, "var": 108.466720581}, "spectral_contrast_coeffs": {"dmean": [0.0479972586036, 0.0442298278213, 0.0352540835738, 0.0286622997373, 0.0245234705508, 0.018867412582], "dmean2": [0.0769912675023, 0.0701482519507, 0.0548618361354, 0.0447799302638, 0.0379020757973, 0.0286959391087], "dvar": [0.00174638454337, 0.00144685024861, 0.00102516030893, 0.000646628497634, 0.000483373412862, 0.000323145242874], "dvar2": [0.00417517963797, 0.00344959460199, 0.00222183624282, 0.00136235309765, 0.00111463852227, 0.000730504398234], "max": [-0.236959472299, -0.296186000109, -0.386273115873, -0.461892217398, -0.520582854748, -0.520997941494], "mean": [-0.629249989986, -0.705071926117, -0.77800154686, -0.790388047695, -0.766165554523, -0.673403859138], "median": [-0.633829534054, -0.714202404022, -0.792401015759, -0.796354830265, -0.767043948174, -0.66749048233], "min": [-0.982363581657, -0.981006860733, -0.974933862686, -0.97103536129, -0.967306554317, -0.971197485924], "var": [0.0114983143285, 0.0103957923129, 0.00704986415803, 0.00363928731531, 0.00297703663819, 0.0027222041972]}, "spectral_contrast_valleys": {"dmean": [0.484588593245, 0.429160863161, 0.412968218327, 0.372442394495, 0.327445924282, 0.379966944456], "dmean2": [0.747728407383, 0.66990339756, 0.62293446064, 0.546126425266, 0.458936333656, 0.498399436474], "dvar": [0.231234058738, 0.181467264891, 0.177956625819, 0.164594709873, 0.147952064872, 0.231386676431], "dvar2": [0.44032946229, 0.38458943367, 0.354863494635, 0.303169757128, 0.251909434795, 0.350693076849], "max": [-5.55173921585, -5.211186409, -4.82348155975, -5.11546278, -5.29600858688, -6.51166296005], "mean": [-8.17462444305, -8.26536655426, -9.00593471527, -9.34807109833, -8.97911167145, -12.6082849503], "median": [-7.66980171204, -7.98302650452, -8.95917415619, -9.46174240112, -8.97970485687, -12.7541532516], "min": [-28.4784030914, -28.090970993, -27.6288375854, -27.634979248, -27.5432529449, -27.4011440277], "var": [7.0410785675, 5.99427986145, 6.0540728569, 6.3934879303, 5.95198535919, 4.94877052307]}, "spectral_decrease": {"dmean": 1.54604273828e-09, "dmean2": 2.25809348997e-09, "dvar": 7.03931859335e-18, "dvar2": 1.45215642806e-17, "max": 1.94055762306e-28, "mean": -4.79439155043e-09, "median": -3.53167739497e-09, "min": -7.62752279115e-08, "var": 2.88633226571e-17}, "spectral_energy": {"dmean": 0.00619981763884, "dmean2": 0.00904022250324, "dvar": 0.000114292888611, "dvar2": 0.000235160565353, "max": 0.301179498434, "mean": 0.0191267430782, "median": 0.0138794211671, "min": 9.99209138363e-21, "var": 0.00048155352124}, "spectral_energyband_high": {"dmean": 0.000260577566223, "dmean2": 0.000386079133023, "dvar": 5.61064825888e-06, "dvar2": 8.39629592519e-06, "max": 0.171054720879, "mean": 0.000463489355752, "median": 4.75012420793e-05, "min": 6.98737557999e-21, "var": 2.15579875658e-05}, "spectral_energyband_low": {"dmean": 0.00313130300492, "dmean2": 0.00494229467586, "dvar": 4.01491306548e-05, "dvar2": 0.000102091195004, "max": 0.104645833373, "mean": 0.00826946645975, "median": 0.00544245867059, "min": 1.5413445942e-23, "var": 8.85957924766e-05}, "spectral_energyband_middle_high": {"dmean": 0.00139468396083, "dmean2": 0.00209862273186, "dvar": 2.44154616666e-05, "dvar2": 5.05469070049e-05, "max": 0.175353854895, "mean": 0.00309503590688, "median": 0.00025875744177, "min": 1.14162778903e-21, "var": 9.03381223907e-05}, "spectral_energyband_middle_low": {"dmean": 0.00290790572762, "dmean2": 0.00404603546485, "dvar": 4.17372502852e-05, "dvar2": 7.37401132938e-05, "max": 0.285663366318, "mean": 0.00833451002836, "median": 0.00316462409683, "min": 1.95238391364e-22, "var": 0.00020512426272}, "spectral_entropy": {"dmean": 0.207968622446, "dmean2": 0.297319084406, "dvar": 0.0602133609354, "dvar2": 0.111491560936, "max": 9.82200145721, "mean": 6.9447722435, "median": 6.89536714554, "min": 4.44061565399, "var": 0.606630802155}, "spectral_flux": {"dmean": 0.0202924311161, "dmean2": 0.0309598427266, "dvar": 0.000710920838173, "dvar2": 0.0015305718407, "max": 0.41056227684, "mean": 0.0523856878281, "median": 0.0386826209724, "min": 6.3580987697e-11, "var": 0.00214773393236}, "spectral_kurtosis": {"dmean": 3.5028758049, "dmean2": 5.98861074448, "dvar": 24.965385437, "dvar2": 65.316947937, "max": 110.193656921, "mean": 5.26530647278, "median": 2.93934822083, "min": -1.25460898876, "var": 61.0906486511}, "spectral_rms": {"dmean": 0.000667701300699, "dmean2": 0.000949988083448, "dvar": 7.7768271467e-07, "dvar2": 1.56445582888e-06, "max": 0.0171415768564, "mean": 0.00373264541849, "median": 0.00367979612201, "min": 3.12223987983e-12, "var": 4.72765441373e-06}, "spectral_rolloff": {"dmean": 320.787261963, "dmean2": 532.330871582, "dvar": 593921.4375, "dvar2": 1206970.75, "max": 20004.3457031, "mean": 1301.75183105, "median": 344.53125, "min": 86.1328125, "var": 6274175.5}, "spectral_skewness": {"dmean": 0.385665565729, "dmean2": 0.62601095438, "dvar": 0.179807350039, "dvar2": 0.430908501148, "max": 8.56172084808, "mean": 1.32276248932, "median": 1.16815376282, "min": -0.399366468191, "var": 0.811095833778}, "spectral_spread": {"dmean": 378509.03125, "dmean2": 585902.3125, "dvar": 441277022208, "dvar2": 863733350400, "m