{"lowlevel": {"average_loudness": 0.815111577511, "barkbands": {"dmean": [0.000611416646279, 0.00511445198208, 0.00133593985811, 0.000902358209714, 0.00137837533839, 0.000897140824236, 0.000451939849881, 0.000794700463302, 0.000587609247304, 0.000222821341595, 8.42634544824e-05, 0.000127984545543, 0.000131972046802, 0.000181780473213, 0.000164749115356, 0.000113606911327, 0.000204511889024, 0.000155018598889, 0.000131541673909, 9.98308096314e-05, 7.96721942606e-05, 6.99246520526e-05, 8.01281930762e-05, 9.35974894674e-05, 8.22016227175e-05, 5.82096836297e-05, 4.69522456115e-05], "dmean2": [0.000960350385867, 0.00889337062836, 0.00235198554583, 0.00153180246707, 0.00220494740643, 0.00140379543882, 0.000678929907735, 0.00121933070477, 0.000886311463546, 0.000316765392199, 0.000130931730382, 0.000198356661713, 0.000204908341402, 0.000270731950877, 0.000253646983765, 0.000161697302246, 0.000313700758852, 0.000241742207436, 0.000202403287403, 0.00015845685266, 0.000115817711048, 0.000100470489997, 0.000110059605504, 0.00013501488138, 0.000119857271784, 8.36610488477e-05, 7.33168417355e-05], "dvar": [3.31664432451e-06, 0.000351209077053, 1.9481034542e-05, 8.4849225459e-06, 1.21227158161e-05, 8.23034224595e-06, 4.07264360547e-06, 8.14447867015e-06, 5.94436960455e-06, 7.77998991452e-07, 7.98885082531e-08, 2.31942649975e-07, 2.61074092123e-07, 5.22471054865e-07, 4.05490112598e-07, 1.67397317341e-07, 3.38949149636e-07, 2.05325747515e-07, 1.40864997888e-07, 8.65781046855e-08, 7.09710974434e-08, 4.97451644321e-08, 3.80860498694e-08, 5.88679185398e-08, 5.82666537241e-08, 3.64137378028e-08, 2.90535862035e-08], "dvar2": [6.85747545504e-06, 0.000975078961346, 5.7163539168e-05, 2.22168328037e-05, 3.07173249894e-05, 2.06995118788e-05, 9.39490564633e-06, 1.91232156794e-05, 1.39526646308e-05, 1.4695730215e-06, 1.72344002181e-07, 5.39573989045e-07, 5.65228958749e-07, 1.13261410206e-06, 8.2454278072e-07, 3.11277659648e-07, 7.91370268871e-07, 4.80232586142e-07, 3.41133215898e-07, 2.03449999958e-07, 1.51428807271e-07, 1.04780262689e-07, 7.16893069352e-08, 1.20161388395e-07, 1.26708485482e-07, 7.69114478771e-08, 6.94229100873e-08], "max": [0.0327231548727, 0.207627102733, 0.0596237033606, 0.0812230482697, 0.0642582401633, 0.0586870983243, 0.0896968469024, 0.0634727850556, 0.0520980022848, 0.0269844289869, 0.0104116564617, 0.0225341115147, 0.0161455534399, 0.0261257942766, 0.020978635177, 0.0183733459562, 0.0192172937095, 0.0117218662053, 0.0105407368392, 0.00671720504761, 0.00622164132074, 0.00425007892773, 0.00384592963383, 0.00423610815778, 0.00444464385509, 0.00349085289054, 0.0026665723417], "mean": [0.000849640229717, 0.00945916771889, 0.00237425416708, 0.00137750396971, 0.00286163622513, 0.00167709891684, 0.000797775923274, 0.00151180732064, 0.000922229897697, 0.000426785089076, 0.000144708057633, 0.000239081608015, 0.000202205876121, 0.000272971694358, 0.000249278935371, 0.000207272838452, 0.000377418735297, 0.000241996138357, 0.000235168263316, 0.000140156713314, 0.000125395177747, 0.000116726296255, 0.000153397588292, 0.000171597173903, 0.000122896279208, 7.86918244557e-05, 4.60022165498e-05], "median": [0.000179865615792, 0.00803818553686, 0.00129862735048, 0.000745339144487, 0.00147284707054, 0.000467797566671, 0.000110055152618, 0.000128686675453, 8.59382853378e-05, 7.93713552412e-05, 2.73408004432e-05, 5.16300278832e-05, 1.92884872376e-05, 3.0348313885e-05, 3.62595019396e-05, 2.881454202e-05, 4.78104047943e-05, 2.69735319307e-05, 2.83123499685e-05, 2.12877166632e-05, 2.09970457945e-05, 3.20900289807e-05, 2.84838133666e-05, 2.43544018304e-05, 1.53789114847e-05, 6.38159144728e-06, 8.71423367244e-07], "min": [6.40217028142e-25, 3.95457076193e-24, 2.09779354778e-24, 5.80327497078e-25, 1.15065799656e-23, 7.1937882555e-24, 1.274155749e-23, 1.93949799697e-23, 1.17568484544e-23, 1.30911853763e-23, 1.49486128091e-23, 2.46591781634e-23, 4.36567994288e-23, 3.2696432276e-23, 4.91753263784e-23, 7.85384616093e-23, 8.1473510115e-23, 8.97240864159e-23, 1.26799444556e-22, 1.76724229815e-22, 1.85211779932e-22, 3.45375244504e-22, 3.67769402638e-22, 4.98333657465e-22, 9.63155291987e-22, 1.34608619733e-21, 1.83859490587e-21], "var": [5.41441431778e-06, 0.00025333717349, 1.51788854055e-05, 9.28214558371e-06, 2.00650592888e-05, 1.52639040607e-05, 7.79096080805e-06, 1.89758193301e-05, 1.09836773845e-05, 1.96817177311e-06, 2.94084713914e-07, 9.10812104848e-07, 6.48370530598e-07, 1.09163522666e-06, 9.01100349893e-07, 5.84847384744e-07, 7.40511325148e-07, 3.99707431598e-07, 3.00882874171e-07, 1.30234710127e-07, 1.1224314278e-07, 8.12368341485e-08, 9.22372080936e-08, 1.34297778231e-07, 9.48956824232e-08, 5.44387042112e-08, 2.913695063e-08]}, "barkbands_crest": {"dmean": 2.00746107101, "dmean2": 3.22637748718, "dvar": 5.11968851089, "dvar2": 13.2540750504, "max": 24.7688503265, "mean": 12.6624689102, "median": 12.4407262802, "min": 2.34734416008, "var": 20.6355667114}, "barkbands_flatness_db": {"dmean": 0.0205960702151, "dmean2": 0.0284004192799, "dvar": 0.000592973665334, "dvar2": 0.00111344794277, "max": 0.477243423462, "mean": 0.170969009399, "median": 0.156578749418, "min": 0.0184989403933, "var": 0.00652579776943}, "barkbands_kurtosis": {"dmean": 5.33801221848, "dmean2": 8.25207233429, "dvar": 111.382217407, "dvar2": 275.267181396, "max": 241.16166687, "mean": 15.0552930832, "median": 7.43295812607, "min": -1.94059407711, "var": 471.419342041}, "barkbands_skewness": {"dmean": 0.571720659733, "dmean2": 0.863019168377, "dvar": 0.590210914612, "dvar2": 1.36355090141, "max": 11.7608385086, "mean": 2.74685645103, "median": 2.45633149147, "min": -5.75418281555, "var": 3.44749450684}, "barkbands_spread": {"dmean": 5.77589416504, "dmean2": 8.51578617096, "dvar": 97.5722198486, "dvar2": 206.335067749, "max": 141.027542114, "mean": 19.2888355255, "median": 14.1317214966, "min": 0.470444738865, "var": 315.809753418}, "dissonance": {"dmean": 0.0175535008311, "dmean2": 0.0289257150143, "dvar": 0.000297593185678, "dvar2": 0.000787327589933, "max": 0.500000059605, "mean": 0.451665282249, "median": 0.458275586367, "min": 0.26112562418, "var": 0.00103855901398}, "dynamic_complexity": 4.99287223816, "erbbands": {"dmean": [0.200038939714, 0.981129586697, 1.58406066895, 2.31447124481, 3.40395236015, 4.85169410706, 8.80602836609, 5.76672792435, 6.3054432869, 7.56818723679, 20.519733429, 12.9554815292, 7.98806142807, 5.75800275803, 3.29321289062, 5.44546556473, 5.2107334137, 8.4991235733, 8.39107608795, 6.8900308609, 5.77012300491, 9.5115480423, 8.57387828827, 4.6569442749, 7.63633441925, 4.05186510086, 3.01600337029, 3.26782822609, 2.36668801308, 2.68746685982, 2.26958179474, 1.60809469223, 1.80313253403, 1.01150691509, 0.549057722092, 0.284097760916, 0.101668715477, 0.0245074667037, 0.00677277520299, 0.000724155979697], "dmean2": [0.345370441675, 1.7393553257, 2.80882811546, 3.98889160156, 5.63445425034, 7.75432157516, 13.7285232544, 9.27778434753, 9.83093452454, 11.0437679291, 30.7085094452, 19.2359390259, 11.5461149216, 8.24139690399, 4.9362950325, 8.3690032959, 7.76188707352, 12.4759969711, 12.2351827621, 10.1632976532, 8.11919689178, 14.4668359756, 12.869550705, 7.27965497971, 11.7099227905, 6.38411808014, 4.40827035904, 4.84702444077, 3.39876365662, 3.74553418159, 3.15094399452, 2.26442050934, 2.64425492287, 1.47316884995, 0.811510443687, 0.413182109594, 0.147536709905, 0.0363261960447, 0.0105203036219, 0.00116005190648], "dvar": [0.528517127037, 13.6982545853, 31.0776863098, 44.9907455444, 89.4806900024, 147.934631348, 761.302856445, 442.029846191, 690.069946289, 1259.3651123, 5144.68847656, 2603.73974609, 2119.49975586, 295.210601807, 94.806930542, 512.901489258, 337.054718018, 978.370727539, 1005.13635254, 940.514343262, 364.958221436, 759.746459961, 587.269836426, 220.651382446, 467.712402344, 167.618057251, 96.6712722778, 128.712234497, 61.5074234009, 55.5428886414, 31.2194766998, 15.858915329, 23.6934776306, 7.65892410278, 3.56183934212, 0.926566958427, 0.0964204668999, 0.00697877351195, 0.000580617110245, 7.43167129258e-06], "dvar2": [1.42392098904, 39.2989730835, 91.1168212891, 122.426971436, 238.074798584, 358.159729004, 1957.35949707, 1091.95239258, 1636.09179688, 2853.01293945, 11830.0292969, 5967.81201172, 4880.56054688, 636.186401367, 192.774627686, 1201.89929199, 725.740905762, 2088.56445312, 1952.69421387, 1845.47937012, 548.110717773, 1783.60620117, 1294.63598633, 587.702819824, 1119.94006348, 382.019378662, 207.214355469, 287.916748047, 128.553573608, 110.828895569, 60.9432449341, 31.1739501953, 50.0320968628, 16.0330219269, 8.13107681274, 2.00533080101, 0.199128970504, 0.0153738502413, 0.00137370976154, 1.82898656931e-05], "max": [9.80950737, 42.4145851135, 78.0399093628, 140.033401489, 268.028503418, 238.324829102, 785.583312988, 468.650512695, 1094.33776855, 1222.34179688, 1567.42468262, 1208.71472168, 1852.48730469, 581.817565918, 332.027252197, 1117.30236816, 553.397888184, 838.356994629, 1173.40136719, 1082.97583008, 1263.72814941, 895.334716797, 671.981750488, 512.169677734, 639.62310791, 445.379852295, 221.867645264, 263.674621582, 156.950668335, 122.013977051, 125.341018677, 70.6310806274, 95.2606811523, 53.4780197144, 48.7693328857, 21.8472213745, 5.37093257904, 1.3936136961, 0.407893687487, 0.0455184988678], "mean": [0.328722655773, 1.88378870487, 3.04790711403, 3.83495354652, 5.73981428146, 9.90692329407, 18.3836517334, 9.66120815277, 11.0305509567, 12.9601573944, 41.109413147, 24.2117004395, 12.5103025436, 11.9932136536, 6.75681257248, 10.7526359558, 9.3898525238, 14.5659742355, 14.4553384781, 11.9615001678, 12.8122034073, 19.1247158051, 16.1772823334, 8.29343128204, 14.133187294, 6.44694662094, 4.70492744446, 4.99748849869, 3.94744539261, 4.7006649971, 4.39185142517, 3.12890625, 3.1105735302, 1.6104798317, 0.755354225636, 0.38591465354, 0.135898172855, 0.0299467034638, 0.0068953349255, 0.000670974142849], "median": [0.208510577679, 1.55695307255, 2.22823095322, 2.38206171989, 3.17231273651, 4.8530960083, 4.17989730835, 3.13120913506, 1.92542862892, 2.31382465363, 3.59141516685, 2.52649116516, 2.2502155304, 2.7764134407, 2.06831169128, 2.07830762863, 1.24548721313, 1.88235902786, 1.85572504997, 1.62807440758, 2.01406908035, 2.4198076725, 1.87082028389, 1.47164785862, 1.50276887417, 1.09666657448, 0.883775234222, 0.924773454666, 0.990482568741, 1.0167620182, 0.809035897255, 0.504273295403, 0.418158710003, 0.189609453082, 0.0853052958846, 0.0352526567876, 0.0103025427088, 0.00155836064368, 0.000167608362972, 3.54803269147e-05], "min": [8.43356047642e-23, 1.00203722364e-21, 2.85915261457e-21, 3.2167387948e-21, 2.0350231191e-20, 2.51413356159e-20, 4.32699212402e-20, 7.16918018511e-20, 1.78882602527e-19, 2.49246708409e-19, 3.41286035343e-19, 2.41515749157e-19, 5.05320190113e-19, 7.08399234349e-19, 1.17930064597e-18, 1.4395991853e-18, 2.09521292283e-18, 2.180468981e-18, 2.57068378355e-18, 3.72248605083e-18, 4.57438902394e-18, 5.60021912855e-18, 4.36294015267e-18, 6.90528183331e-18, 7.36832554609e-18, 8.61390569301e-18, 8.03829965605e-18, 8.3398847443e-18, 1.09349471949e-17, 1.1436964763e-17, 1.02453871024e-17, 1.1638515591e-17, 1.01282351666e-17, 8.8112221835e-18, 7.02791756297e-18, 4.45674077978e-18, 2.42386915099e-18, 1.04156380364e-18, 2.59130301808e-19, 2.48388556991e-20], "var": [0.424998342991, 8.97514915466, 21.8506164551, 45.642829895, 103.672744751, 265.385803223, 1834.2833252, 661.100769043, 1361.10839844, 1950.24841309, 13749.96875, 6790.10839844, 3126.63085938, 908.568664551, 382.358612061, 2098.14233398, 1026.71044922, 2660.50927734, 2798.74536133, 2324.06860352, 1881.06201172, 1772.81347656, 1559.36181641, 295.403778076, 1200.8190918, 258.730194092, 153.116867065, 184.917953491, 102.66355896, 102.960166931, 77.7056121826, 42.7727470398, 48.4493904114, 14.9501008987, 4.67066001892, 1.30341911316, 0.153667971492, 0.00931194983423, 0.000614324468188, 6.71402722219e-06]}, "erbbands_crest": {"dmean": 1.9892834425, "dmean2": 3.06808400154, "dvar": 4.82444953918, "dvar2": 11.4068450928, "max": 28.5044612885, "mean": 9.16030025482, "median": 7.77991771698, "min": 2.20431256294, "var": 23.6898002625}, "erbbands_flatness_db": {"dmean": 0.0158687476069, "dmean2": 0.021011851728, "dvar": 0.000319924292853, "dvar2": 0.00055980484467, "max": 0.305303186178, "mean": 0.129738807678, "median": 0.125330775976, "min": 0.0334365442395, "var": 0.00244895624928}, "erbbands_kurtosis": {"dmean": 0.835405707359, "dmean2": 1.27373075485, "dvar": 2.19054317474, "dvar2": 4.94169044495, "max": 39.5386428833, "mean": 0.796341359615, "median": -0.270433068275, "min": -1.77888858318, "var": 10.1082725525}, "erbbands_skewness": {"dmean": 0.314150869846, "dmean2": 0.460370481014, "dvar": 0.1247690171, "dvar2": 0.260416299105, "max": 5.24544000626, "mean": 0.662875890732, "median": 0.572517156601, "min": -3.34306311607, "var": 0.823180019855}, "erbbands_spread": {"dmean": 9.34104537964, "dmean2": 13.7868108749, "dvar": 154.944778442, "dvar2": 342.162780762, "max": 170.929336548, "mean": 52.2799224854, "median": 48.2501907349, "min": 5.46569108963, "var": 685.694885254}, "gfcc": {"cov": [[25090.5273438, -2136.1875, -1748.3104248, 339.553192139, -1026.27270508, 226.850296021, -842.619750977, 660.814208984, -197.818939209, 161.386154175, -5.92451477051, -21.9544563293, -437.110473633], [-2136.1875, 2392.34838867, -132.21534729, 151.289764404, 288.455108643, 30.8655796051, 250.47479248, -68.8864212036, 169.007125854, -136.590759277, 92.6739730835, -44.9330406189, 117.143302917], [-1748.3104248, -132.21534729, 929.642150879, 99.9953460693, 205.717254639, 73.7077636719, 154.804321289, -75.5319671631, 22.1760616302, 79.9288787842, -14.1999111176, 73.3549194336, 86.2828521729], [339.553192139, 151.289764404, 99.9953460693, 350.13482666, 85.3846664429, 58.3531951904, 51.7389755249, 5.00272750854, 41.7469902039, 3.65933346748, 4.12398672104, 26.8812503815, 47.6996841431], [-1026.27270508, 288.455108643, 205.717254639, 85.3846664429, 330.993347168, 29.0051822662, 142.326950073, -1.46379685402, 65.0621109009, 0.702452123165, 29.1843547821, -2.69942069054, 47.8832626343], [226.850296021, 30.8655796051, 73.7077636719, 58.3531951904, 29.0051822662, 193.047592163, 87.9634857178, 22.1203670502, 6.43874025345, 19.3492088318, -0.523737847805, 7.26977682114, 8.71186256409], [-842.619750977, 250.47479248, 154.804321289, 51.7389755249, 142.326950073, 87.9634857178, 299.818786621, -26.0346298218, 11.0912876129, 22.2276039124, 4.59019184113, 2.13338494301, 34.0741653442], [660.814208984, -68.8864212036, -75.5319671631, 5.00272750854, -1.46379685402, 22.1203670502, -26.0346298218, 153.717346191, 52.4005355835, 1.45414948463, 36.6320037842, -17.8500709534, -35.2050285339], [-197.818939209, 169.007125854, 22.1760616302, 41.7469902039, 65.0621109009, 6.43874025345, 11.0912876129, 52.4005355835, 129.323776245, -0.00628300942481, 26.2545204163, -21.6774463654, 7.43892002106], [161.386154175, -136.590759277, 79.9288787842, 3.65933346748, 0.702452123165, 19.3492088318, 22.2276039124, 1.45414948463, -0.00628300942481, 106.044631958, -7.35491800308, 10.8901138306, -2.70820999146], [-5.92451477051, 92.6739730835, -14.1999111176, 4.12398672104, 29.1843547821, -0.523737847805, 4.59019184113, 36.6320037842, 26.2545204163, -7.35491800308, 103.528526306, -7.84081220627, -11.5413389206], [-21.9544563293, -44.9330406189, 73.3549194336, 26.8812503815, -2.69942069054, 7.26977682114, 2.13338494301, -17.8500709534, -21.6774463654, 10.8901138306, -7.84081220627, 77.325302124, 26.0015640259], [-437.110473633, 117.143302917, 86.2828521729, 47.6996841431, 47.8832626343, 8.71186256409, 34.0741653442, -35.2050285339, 7.43892002106, -2.70820999146, -11.5413389206, 26.0015640259, 86.5484771729]], "icov": [[6.93697074894e-05, 2.68558833341e-05, 0.000105909486592, -0.000151606582222, 8.15224775579e-05, -0.00011333081784, 0.000111141300295, -0.000215050880797, 0.000127105595311, -0.000137578303111, 1.72555573954e-05, -3.70295456378e-05, 0.000125240228954], [2.68558833341e-05, 0.000703377765603, 0.000340427970514, -0.000138352625072, -0.00022672986961, -8.9466899226e-05, -0.000428313884186, 0.000592460040934, -0.000827904907055, 0.00065433391137, -0.000499429763295, 9.71354384092e-05, -0.000539601605851], [0.000105909486592, 0.000340427970514, 0.00186382688116, -0.00027021652204, -0.000759357586503, -0.000507315329742, -0.000189488768228, 0.00060542562278, -0.000474433210911, -0.000893997726962, -0.000111669178295, -0.00112836249173, -0.000506102165673], [-0.000151606582222, -0.000138352625072, -0.00027021652204, 0.00380680011585, -0.000650651811156, -0.000624716922175, -0.000127418868942, 0.000311139941914, -0.00108265713789, 0.000331820250722, 7.14542620699e-05, -0.000948099943344, -0.00140970118809], [8.15224775579e-05, -0.00022672986961, -0.000759357586503, -0.000650651811156, 0.00518701178953, 0.000476488086861, -0.00159867305774, -0.000655500567518, -0.00113184959628, 0.000246271083597, -0.000771277525928, 0.000754696782678, -0.000945298641454], [-0.00011333081784, -8.9466899226e-05, -0.000507315329742, -0.000624716922175, 0.000476488086861, 0.00682767201215, -0.00219451729208, -0.00139140582178, 0.000336637662258, -0.000286019436317, 0.000385441002436, -1.89209604287e-05, -0.000234900115174], [0.000111141300295, -0.000428313884186, -0.000189488768228, -0.000127418868942, -0.00159867305774, -0.00219451729208, 0.00558176636696, 0.000114897906315, 0.00125362712424, -0.00138103740755, 0.00015348548186, 0.00057382666273, 5.18418200954e-05], [-0.000215050880797, 0.000592460040934, 0.00060542562278, 0.000311139941914, -0.000655500567518, -0.00139140582178, 0.000114897906315, 0.011084436439, -0.00507969455793, 0.000623709289357, -0.00263573392294, -0.00036104771425, 0.00251632090658], [0.000127105595311, -0.000827904907055, -0.000474433210911, -0.00108265713789, -0.00113184959628, 0.000336637662258, 0.00125362712424, -0.00507969455793, 0.0126505233347, -0.00150852883235, -0.000425093952799, 0.00325779872946, -0.00130526011344], [-0.000137578303111, 0.00065433391137, -0.000893997726962, 0.000331820250722, 0.000246271083597, -0.000286019436317, -0.00138103740755, 0.000623709289357, -0.00150852883235, 0.0116069186479, 0.000245402537985, -0.000952959468123, 0.000629735004622], [1.72555573954e-05, -0.000499429763295, -0.000111669178295, 7.14542620699e-05, -0.000771277525928, 0.000385441002436, 0.00015348548186, -0.00263573392294, -0.000425093952799, 0.000245402537985, 0.0115257594734, -0.000475183129311, 0.00181437807623], [-3.70295456378e-05, 9.71354384092e-05, -0.00112836249173, -0.000948099943344, 0.000754696782678, -1.89209604287e-05, 0.00057382666273, -0.00036104771425, 0.00325779872946, -0.000952959468123, -0.000475183129311, 0.0169640854001, -0.00492915138602], [0.000125240228954, -0.000539601605851, -0.000506102165673, -0.00140970118809, -0.000945298641454, -0.000234900115174, 5.18418200954e-05, 0.00251632090658, -0.00130526011344, 0.000629735004622, 0.00181437807623, -0.00492915138602, 0.0176030490547]], "mean": [-51.9854011536, 88.9781341553, -75.3554840088, 39.3351783752, -47.3575210571, 14.4484701157, -32.6286468506, 9.76952648163, -16.8069419861, -2.71231412888, -14.2085018158, 1.43935167789, -8.37033081055]}, "hfc": {"dmean": 6.58396673203, "dmean2": 8.88338470459, "dvar": 241.980758667, "dvar2": 441.778167725, "max": 262.276611328, "mean": 16.6089801788, "median": 5.60351324081, "min": 1.06770832342e-16, "var": 633.442443848}, "melbands": {"dmean": [0.00155972875655, 0.000969464308582, 0.000411768618505, 0.000293104414595, 0.000274752324913, 0.000137192939292, 9.49089662754e-05, 9.46748696151e-05, 0.000174017535755, 7.53554704715e-05, 3.99959208153e-05, 2.49862296187e-05, 1.19185742733e-05, 1.35612890517e-05, 1.31695551318e-05, 1.39361145557e-05, 1.68990736711e-05, 1.42252620208e-05, 1.07349742393e-05, 8.7487987912e-06, 7.70302904129e-06, 1.01991490737e-05, 1.26402346723e-05, 5.56316308575e-06, 3.82110829378e-06, 5.31468549525e-06, 5.20502180734e-06, 2.31190801969e-06, 1.92963261725e-06, 2.00109002435e-06, 1.88736680684e-06, 1.36639243919e-06, 1.44850559991e-06, 1.61046693847e-06, 1.42152748595e-06, 1.07939592908e-06, 1.02154979231e-06, 1.31930471525e-06, 1.19669243759e-06, 7.79071399393e-07], "dmean2": [0.0027017549146, 0.0017270456301, 0.000702299119439, 0.000475094479043, 0.000428163999459, 0.000219220833969, 0.000145622645505, 0.000137843802804, 0.000257440900896, 0.000112943584099, 5.82115972065e-05, 3.59860459866e-05, 1.78811387741e-05, 2.11106234929e-05, 1.99712376343e-05, 2.1094972908e-05, 2.52107893175e-05, 2.0562663849e-05, 1.65121273312e-05, 1.26899367388e-05, 1.107526532e-05, 1.57706217578e-05, 1.93612777366e-05, 8.76447029441e-06, 6.07330002822e-06, 8.25918414193e-06, 8.21399862616e-06, 3.66777612726e-06, 2.90803905045e-06, 2.94836377179e-06, 2.87474813376e-06, 2.0106942884e-06, 2.13777684621e-06, 2.27174882639e-06, 2.01552870749e-06, 1.53789460455e-06, 1.4774027477e-06, 1.96135624719e-06, 1.76330229351e-06, 1.14838314857e-06], "dvar": [3.25126602547e-05, 1.25706865219e-05, 1.43208262671e-06, 5.61044601e-07, 6.91363084115e-07, 2.24272554306e-07, 1.66449822814e-07, 1.69433775454e-07, 3.66271478924e-07, 1.1388159038e-07, 5.32656017072e-08, 5.91242921288e-09, 1.40641953639e-09, 1.84153570171e-09, 3.43567085892e-09, 2.49386511442e-09, 4.47733894404e-09, 3.17946224904e-09, 2.13671191851e-09, 1.15299358949e-09, 6.4256561183e-10, 8.47145464888e-10, 1.44240897004e-09, 2.84838735931e-10, 1.46187520422e-10, 2.7053984053e-10, 2.16740625447e-10, 6.41622935338e-11, 4.05780166413e-11, 4.24007738642e-11, 4.52859902356e-11, 2.1411478493e-11, 2.07065354446e-11, 1.89584025562e-11, 1.25095957898e-11, 7.21939738893e-12, 6.51968236343e-12, 1.22630612262e-11, 1.14246034508e-11, 4.66132731372e-12], "dvar2": [8.87220448931e-05, 3.64369734598e-05, 3.83456062991e-06, 1.4115794329e-06, 1.77479580543e-06, 5.58743408874e-07, 3.88509192817e-07, 3.88684554764e-07, 8.31615636798e-07, 2.71569234656e-07, 1.22336075492e-07, 1.29328059373e-08, 2.79493783673e-09, 4.55176429881e-09, 7.27296134428e-09, 5.14487208392e-09, 1.01840651467e-08, 6.06837868844e-09, 4.48473524983e-09, 2.34709074398e-09, 9.97880889031e-10, 2.09482875491e-09, 3.16678150369e-09, 7.38042627013e-10, 3.88929999318e-10, 6.64924004745e-10, 5.30334942628e-10, 1.47538786743e-10, 9.05651942329e-11, 9.20762840972e-11, 1.03810224306e-10, 4.67163530082e-11, 4.49491485699e-11, 3.85540835368e-11, 2.53133174144e-11, 1.41800807207e-11, 1.35430087284e-11, 2.60149193854e-11, 2.4147392419e-11, 9.89934349771e-12], "max": [0.0712289363146, 0.0471249744296, 0.029306454584, 0.0164213050157, 0.0235927589238, 0.0100160436705, 0.0184338204563, 0.0151558127254, 0.0135347181931, 0.00871611852199, 0.00909462664276, 0.00255714170635, 0.00148510443978, 0.00176712544635, 0.00232572271489, 0.00167160481215, 0.0020644646138, 0.00174302828964, 0.00160160218365, 0.00121825153474, 0.00154807546642, 0.000749441678636, 0.00123869755771, 0.000594696146436, 0.000396287476178, 0.000647672859486, 0.000289880495984, 0.000287192960968, 0.000151937289047, 0.000127086881548, 0.000157210277393, 8.61458247527e-05, 8.38476626086e-05, 8.40766442707e-05, 7.55461587687e-05, 5.29573044332e-05, 4.90381826239e-05, 6.18186240899e-05, 7.7579599747e-05, 3.90367822547e-05], "mean": [0.0028124449309, 0.00193057872821, 0.000704517588019, 0.00057509978069, 0.000587719783653, 0.000235042141867, 0.000169036371517, 0.000154982990352, 0.000340568949468, 0.000128635656438, 5.92155811319e-05, 5.04275667481e-05, 2.28300796152e-05, 2.53126363532e-05, 2.15270265471e-05, 2.44966522587e-05, 2.60511333181e-05, 2.28708140639e-05, 1.63887707458e-05, 1.48514163811e-05, 1.58079092216e-05, 1.87295536307e-05, 2.29918587138e-05, 8.93514243216e-06, 6.01171495873e-06, 9.52027312451e-06, 8.8998767751e-06, 3.20324693348e-06, 2.79494702227e-06, 3.04536547446e-06, 2.7724283882e-06, 2.15695013139e-06, 2.30619889408e-06, 2.73605519396e-06, 2.67256314146e-06, 1.97702070182e-06, 1.92416791833e-06, 2.25335315918e-06, 1.92173479263e-06, 1.15958789593e-06], "median": [0.00225754966959, 0.00167253648397, 0.000449755112641, 0.00029235277907, 0.000165843171999, 7.2456736234e-05, 2.58880318142e-05, 2.45652990998e-05, 2.74460362562e-05, 1.22791780086e-05, 9.99720759864e-06, 1.09037064249e-05, 5.82305392527e-06, 6.2955514295e-06, 2.54741598837e-06, 2.71383578365e-06, 3.11650546791e-06, 2.42830719799e-06, 2.25808298637e-06, 1.88119179256e-06, 2.37689982896e-06, 2.33652599491e-06, 1.98767747861e-06, 1.27497787616e-06, 1.05037656795e-06, 1.01625130355e-06, 9.41410803534e-07, 5.40459041076e-07, 4.82180723793e-07, 4.69420967875e-07, 4.92264575769e-07, 4.92972844768e-07, 5.34281809905e-07, 5.02883096942e-07, 4.64314382498e-07, 3.58221456054e-07, 2.52896995789e-07, 2.77949141037e-07, 1.99929871769e-07, 1.21833409139e-07], "min": [1.95219132114e-24, 1.73603061412e-24, 8.70523391699e-25, 1.76920951214e-24, 2.16412846687e-24, 1.82057402062e-24, 3.36605449422e-24, 2.82388479077e-24, 2.48544867129e-24, 1.45557596838e-24, 2.15774756822e-24, 2.82669924927e-24, 2.99403893259e-24, 2.6230666395e-24, 2.80522842758e-24, 3.7117814634e-24, 3.09997348583e-24, 3.47516973463e-24, 4.76018391733e-24, 5.30699981429e-24, 3.90629365782e-24, 4.32749410525e-24, 3.90987508633e-24, 4.57240662289e-24, 4.76025807025e-24, 4.54847139974e-24, 4.21668084174e-24, 4.51640617609e-24, 4.78167446054e-24, 4.56557429859e-24, 5.03386855877e-24, 5.68747255648e-24, 5.42818383769e-24, 5.91287259963e-24, 5.1177749601e-24, 6.28342186606e-24, 5.91115840489e-24, 6.96751060459e-24, 6.52948257076e-24, 6.91211679182e-24], "var": [2.51840283454e-05, 8.22862966743e-06, 1.53459939156e-06, 8.92842763278e-07, 1.58236252901e-06, 3.46816591446e-07, 3.37754187285e-07, 2.50800979984e-07, 9.50441631176e-07, 2.3475392652e-07, 7.89071634699e-08, 1.83153634481e-08, 6.51269527197e-09, 6.96760205088e-09, 8.63356941494e-09, 8.29733171059e-09, 9.55569934291e-09, 8.54273185524e-09, 4.24014823253e-09, 3.01090330446e-09, 2.98536284582e-09, 1.75182657269e-09, 3.63473429132e-09, 4.56332388543e-10, 1.80090956037e-10, 5.6978055607e-10, 4.96289620511e-10, 8.80809175596e-11, 5.9559940313e-11, 6.67496613538e-11, 6.11154876706e-11, 3.27729197946e-11, 3.29296555301e-11, 3.52610544929e-11, 2.94562499392e-11, 1.7371304048e-11, 1.83744148369e-11, 2.57347199106e-11, 2.37899231564e-11, 8.63538060503e-12]}, "melbands_crest": {"dmean": 2.43536543846, "dmean2": 3.98532176018, "dvar": 7.79568195343, "dvar2": 20.6573371887, "max": 35.6198577881, "mean": 15.8277044296, "median": 15.7598342896, "min": 1.61669111252, "var": 21.7106266022}, "melbands_flatness_db": {"dmean": 0.0239680632949, "dmean2": 0.0335858501494, "dvar": 0.00089215754997, "dvar2": 0.00171084085014, "max": 0.640808224678, "mean": 0.262331157923, "median": 0.250127255917, "min": 0.00272194575518, "var": 0.0104581285268}, "melbands_kurtosis": {"dmean": 13.9413099289, "dmean2": 21.9592704773, "dvar": 952.11907959, "dvar2": 2464.0715332, "max": 640.072143555, "mean": 38.5200233459, "median": 23.5453968048, "min": -1.78995907307, "var": 2318.34033203}, "melbands_skewness": {"dmean": 0.816498935223, "dmean2": 1.25446653366, "dvar": 1.48869431019, "dvar2": 3.58988213539, "max": 20.9443798065, "mean": 4.20512771606, "median": 3.85678100586, "min": -2.36780977249, "var": 6.05906152725}, "melbands_spread": {"dmean": 4.48792886734, "dmean2": 6.66329479218, "dvar": 83.6197128296, "dvar2": 170.910842896, "max": 238.371932983, "mean": 15.6868457794, "median": 9.62468719482, "min": 0.499378144741, "var": 407.850769043}, "mfcc": {"cov": [[12971.3798828, -1045.39318848, -706.853149414, -312.658081055, 57.9255371094, -645.832824707, -259.023986816, -8.38548755646, -318.244567871, 154.629821777, 210.007400513, 88.9181365967, -17.1497573853], [-1045.39318848, 1769.36474609, 19.9558334351, 205.725799561, 88.7625656128, 165.540161133, 86.8734588623, 140.290359497, 90.5400695801, 35.5284690857, 27.0743141174, 19.6772937775, 47.5146560669], [-706.853149414, 19.9558334351, 589.519958496, 119.527397156, 52.8881187439, 156.000732422, 58.4108467102, 9.03754615784, 70.0890960693, -6.8278222084, -45.0709381104, 34.1602096558, 7.6196064949], [-312.658081055, 205.725799561, 119.527397156, 326.036865234, 70.0445709229, 117.073532104, 42.8195648193, 37.9722938538, 74.3968582153, -1.29655683041, -37.1560134888, 28.7391166687, 20.1650447845], [57.9255371094, 88.7625656128, 52.8881187439, 70.0445709229, 243.788284302, -17.4246635437, -13.5486392975, 51.638458252, 2.71790552139, 60.2416343689, -0.357081443071, 23.1915531158, 21.0247859955], [-645.832824707, 165.540161133, 156.000732422, 117.073532104, -17.4246635437, 270.394226074, 107.126663208, 17.9114341736, 103.633003235, -21.4109344482, -16.2018108368, -8.14344882965, 4.69123363495], [-259.023986816, 86.8734588623, 58.4108467102, 42.8195648193, -13.5486392975, 107.126663208, 188.245132446, 39.298915863, 47.5540924072, -4.33999443054, 37.054397583, 4.65277862549, 20.2291641235], [-8.38548755646, 140.290359497, 9.03754615784, 37.9722938538, 51.638458252, 17.9114341736, 39.298915863, 142.041305542, 17.7179431915, 31.5640182495, 10.8680458069, 3.95576286316, 21.4231033325], [-318.244567871, 90.5400695801, 70.0890960693, 74.3968582153, 2.71790552139, 103.633003235, 47.5540924072, 17.7179431915, 149.564910889, 7.50048351288, -0.898503005505, 1.46648907661, 15.505030632], [154.629821777, 35.5284690857, -6.8278222084, -1.29655683041, 60.2416343689, -21.4109344482, -4.33999443054, 31.5640182495, 7.50048351288, 115.779403687, 40.3329277039, 5.36584234238, 9.5786190033], [210.007400513, 27.0743141174, -45.0709381104, -37.1560134888, -0.357081443071, -16.2018108368, 37.054397583, 10.8680458069, -0.898503005505, 40.3329277039, 124.303359985, 13.5761699677, 0.0113933086395], [88.9181365967, 19.6772937775, 34.1602096558, 28.7391166687, 23.1915531158, -8.14344882965, 4.65277862549, 3.95576286316, 1.46648907661, 5.36584234238, 13.5761699677, 82.2782821655, 25.1768074036], [-17.1497573853, 47.5146560669, 7.6196064949, 20.1650447845, 21.0247859955, 4.69123363495, 20.2291641235, 21.4231033325, 15.505030632, 9.5786190033, 0.0113933086395, 25.1768074036, 75.7639083862]], "icov": [[9.60925754043e-05, 5.11823636771e-05, 7.48813108657e-05, -2.63630008703e-05, -5.71910368308e-06, 0.000110153319838, 4.40998992417e-05, -5.22589070897e-05, 6.91604800522e-05, -6.09736853221e-05, -0.000116319133667, -0.000108564898255, 1.65564306371e-05], [5.11823636771e-05, 0.000709129148163, 0.000171423351276, -0.000295194447972, -9.91715496639e-05, -0.000325772358337, 0.000118187090266, -0.000531028374098, 1.79684593604e-05, -2.27617583732e-05, -0.000282822293229, -7.50950421207e-05, -0.000181323091965], [7.48813108657e-05, 0.000171423351276, 0.00230574468151, -0.000164932615007, -0.000508149852976, -0.00110922299791, -0.000212027152884, 9.46764921537e-05, -0.000124871410662, -0.000219011548324, 0.000734388187993, -0.00121306208894, 0.000417229544837], [-2.63630008703e-05, -0.000295194447972, -0.000164932615007, 0.00457774288952, -0.00111246621236, -0.00129232998006, -0.000147056955029, -0.000324259453919, -0.00108427822124, 0.000226207048399, 0.00140125874896, -0.00150688213762, 0.000190872859093], [-5.71910368308e-06, -9.91715496639e-05, -0.000508149852976, -0.00111246621236, 0.00565808964893, 0.000719040690456, 0.000529305834789, -0.00128662737552, 0.000416065013269, -0.00256649241783, 0.000482330855448, -0.000616710807662, -0.000539896369446], [0.000110153319838, -0.000325772358337, -0.00110922299791, -0.00129232998006, 0.000719040690456, 0.00786563754082, -0.00301737897098, 0.00036866182927, -0.00307808117941, 0.000588571070693, 0.000640652200673, 0.00125375029165, 0.000838381645735], [4.40998992417e-05, 0.000118187090266, -0.000212027152884, -0.000147056955029, 0.000529305834789, -0.00301737897098, 0.00850062537938, -0.00194917619228, -8.26704563224e-05, 0.00124720903113, -0.0034143505618, 0.00030038060504, -0.00192233012058], [-5.22589070897e-05, -0.000531028374098, 9.46764921537e-05, -0.000324259453919, -0.00128662737552, 0.00036866182927, -0.00194917619228, 0.00913886353374, -0.000149892177433, -0.00165230885614, 0.000417410599766, 0.000782703747973, -0.00135207024869], [6.91604800522e-05, 1.79684593604e-05, -0.000124871410662, -0.00108427822124, 0.000416065013269, -0.00307808117941, -8.26704563224e-05, -0.000149892177433, 0.00980446115136, -0.00124552263878, -0.000419406249421, 0.000385982712032, -0.00153208803385], [-6.09736853221e-05, -2.27617583732e-05, -0.000219011548324, 0.000226207048399, -0.00256649241783, 0.000588571070693, 0.00124720903113, -0.00165230885614, -0.00124552263878, 0.012204120867, -0.00414511701092, 0.00104831613135, -0.000863514374942], [-0.000116319133667, -0.000282822293229, 0.000734388187993, 0.00140125874896, 0.000482330855448, 0.000640652200673, -0.0034143505618, 0.000417410599766, -0.000419406249421, -0.00414511701092, 0.0116923991591, -0.00271323975176, 0.00183407834265], [-0.000108564898255, -7.50950421207e-05, -0.00121306208894, -0.00150688213762, -0.000616710807662, 0.00125375029165, 0.00030038060504, 0.000782703747973, 0.000385982712032, 0.00104831613135, -0.00271323975176, 0.0154691655189, -0.00501404376701], [1.65564306371e-05, -0.000181323091965, 0.000417229544837, 0.000190872859093, -0.000539896369446, 0.000838381645735, -0.00192233012058, -0.00135207024869, -0.00153208803385, -0.000863514374942, 0.00183407834265, -0.00501404376701, 0.0163057222962]], "mean": [-700.062805176, 119.031234741, 30.7206497192, 31.4887542725, 15.0677785873, 7.7562084198, 0.0504967346787, 10.8297996521, 2.28708052635, 2.87713575363, -0.344603031874, -0.373042047024, -1.07536649704]}, "pitch_salience": {"dmean": 0.0555521063507, "dmean2": 0.0889389291406, "dvar": 0.00357463303953, "dvar2": 0.00907132215798, "max": 0.846594154835, "mean": 0.492564469576, "median": 0.484691381454, "min": 0.11925470829, "var": 0.0121192643419}, "silence_rate_20dB": {"dmean": 0, "dmean2": 0, "dvar": 0, "dvar2": 0, "max": 1, "mean": 1, "median": 1, "min": 1, "var": 0}, "silence_rate_30dB": {"dmean": 0.0275086704642, "dmean2": 0.0550239235163, "dvar": 0.026753442362, "dvar2": 0.0675461217761, "max": 1, "mean": 0.978832840919, "median": 1, "min": 0, "var": 0.0207184012979}, "silence_rate_60dB": {"dmean": 0.0157875847071, "dmean2": 0.0315789468586, "dvar": 0.0155394719914, "dvar2": 0.0344071686268, "max": 1, "mean": 0.0926811769605, "median": 0, "min": 0, "var": 0.0840823054314}, "spectral_centroid": {"dmean": 206.010940552, "dmean2": 304.091491699, "dvar": 98937.4765625, "dvar2": 200195.109375, "max": 11759.4736328, "mean": 1099.53955078, "median": 878.683349609, "min": 132.227340698, "var": 1141953.25}, "spectral_complexity": {"dmean": 2.5221862793, "dmean2": 3.86291861534, "dvar": 19.2372531891, "dvar2": 35.8431472778, "max": 65, "mean": 11.1598901749, "median": 9, "min": 0, "var": 71.0302734375}, "spectral_contrast_coeffs": {"dmean": [0.0389045849442, 0.0375526696444, 0.0315953046083, 0.0285108741373, 0.0234147328883, 0.0183131415397], "dmean2": [0.0638103559613, 0.0591493882239, 0.0481163524091, 0.0441511906683, 0.0350501872599, 0.0272951927036], "dvar": [0.00130332959816, 0.00126710953191, 0.000835183367599, 0.000647131120786, 0.000492738676257, 0.000334482378094], "dvar2": [0.00335613708012, 0.00302321114577, 0.00178325956222, 0.00140987022314, 0.000951566500589, 0.000674904556945], "max": [-0.294757992029, -0.405986398458, -0.454953074455, -0.503004550934, -0.527239978313, -0.587872862816], "mean": [-0.684760868549, -0.705606043339, -0.742786049843, -0.766858994961, -0.768519043922, -0.777107477188], "median": [-0.696197986603, -0.717908978462, -0.748131632805, -0.775263309479, -0.778241753578, -0.777997732162], "min": [-0.975968837738, -0.980425238609, -0.972454786301, -0.974244475365, -0.966595470905, -0.964533507824], "var": [0.00601750006899, 0.00721178809181, 0.00512050185353, 0.00452378205955, 0.00455575343221, 0.00228352355771]}, "spectral_contrast_valleys": {"dmean": [0.320901423693, 0.305437356234, 0.299633264542, 0.314051032066, 0.319058120251, 0.397564291954], "dmean2": [0.513843178749, 0.491519272327, 0.467643290758, 0.470543771982, 0.431572526693, 0.449673503637], "dvar": [0.136098220944, 0.116753995419, 0.121979877353, 0.158116862178, 0.193453833461, 0.220635741949], "dvar2": [0.27566793561, 0.249036163092, 0.237516820431, 0.290950000286, 0.333960443735, 0.311923205853], "max": [-4.70655488968, -4.53877258301, -5.75904893875, -5.69258832932, -5.17358779907, -7.47094535828], "mean": [-7.14453172684, -7.60740566254, -8.5927066803, -9.07350254059, -8.77189159393, -10.7449760437], "median": [-6.67009401321, -7.31753253937, -8.29721832275, -8.84067344666, -8.49858665466, -10.3812332153], "min": [-28.052772522, -27.8747558594, -27.6577644348, -27.6170749664, -27.5660667419, -27.3586730957], "var": [4.27801036835, 4.02982616425, 3.8660056591, 4.00641298294, 4.47057056427, 4.62815952301]}, "spectral_decrease": {"dmean": 2.44842524033e-09, "dmean2": 3.99929334094e-09, "dvar": 4.54187966781e-17, "dvar2": 1.19068797824e-16, "max": 1.67590583938e-28, "mean": -6.32620444918e-09, "median": -4.53750548246e-09, "min": -8.5393381255e-08, "var": 5.14363834332e-17}, "spectral_energy": {"dmean": 0.00964245107025, "dmean2": 0.0155562255532, "dvar": 0.000680115481373, "dvar2": 0.00176249467768, "max": 0.328338831663, "mean": 0.0253831297159, "median": 0.0177396424115, "min": 1.00497185689e-20, "var": 0.000813712598756}, "spectral_energyband_high": {"dmean": 0.000474586646305, "dmean2": 0.000643208040856, "dvar": 1.80165852726e-06, "dvar2": 3.43091028299e-06, "max": 0.0198985487223, "mean": 0.000858148385305, "median": 0.000189147758647, "min": 7.20161212747e-21, "var": 3.43406486536e-06}, "spectral_energyband_low": {"dmean": 0.0066626034677, "dmean2": 0.0114671392366, "dvar": 0.000530703866389, "dvar2": 0.00145060056821, "max": 0.279596090317, "mean": 0.013343187049, "median": 0.0111745037138, "min": 2.49491886757e-23, "var": 0.000422753510065}, "spectral_energyband_middle_high": {"dmean": 0.000904233718757, "dmean2": 0.00123840325978, "dvar": 4.20268042944e-06, "dvar2": 8.01008809503e-06, "max": 0.0422808751464, "mean": 0.00263577443548, "median": 0.000641308142804, "min": 1.15166634066e-21, "var": 2.28252720262e-05}, "spectral_energyband_middle_low": {"dmean": 0.00359871727414, "dmean2": 0.0055200974457, "dvar": 7.38595699659e-05, "dvar2": 0.000176288856892, "max": 0.159788563848, "mean": 0.00926302839071, "median": 0.00476780626923, "min": 1.53699954834e-22, "var": 0.000148817634908}, "spectral_entropy": {"dmean": 0.191498413682, "dmean2": 0.256095558405, "dvar": 0.0527406446636, "dvar2": 0.0866536647081, "max": 9.82141208649, "mean": 7.31345367432, "median": 7.33398723602, "min": 5.0186214447, "var": 0.492879629135}, "spectral_flux": {"dmean": 0.0246853493154, "dmean2": 0.0388137660921, "dvar": 0.00192706857342, "dvar2": 0.00400165189058, "max": 0.517670452595, "mean": 0.0623839944601, "median": 0.0410888902843, "min": 6.30303378935e-11, "var": 0.00414230488241}, "spectral_kurtosis": {"dmean": 1.64486658573, "dmean2": 2.61036348343, "dvar": 9.16641616821, "dvar2": 22.4012336731, "max": 81.103553772, "mean": 5.28657102585, "median": 3.38625812531, "min": -1.2437081337, "var": 52.8164367676}, "spectral_rms": {"dmean": 0.000707265571691, "dmean2": 0.00107882742304, "dvar": 2.03531590159e-06, "dvar2": 4.81148526887e-06, "max": 0.0178977809846, "mean": 0.00444000447169, "median": 0.00416016485542, "min": 3.13123030109e-12, "var": 5.05032585352e-06}, "spectral_rolloff": {"dmean": 467.814208984, "dmean2": 788.447631836, "dvar": 1551978.375, "dvar2": 3602899, "max": 19573.6816406, "mean": 1198.17370605, "median": 387.59765625, "min": 64.599609375, "var": 5461374.5}, "spectral_skewness": {"dmean": 0.209589138627, "dmean2": 0.318814665079, "dvar": 0.0741201117635, "dvar2": 0.153231576085, "max": 7.26329994202, "mean": 1.73592805862, "median": 1.56843972206, "min": -0.111468836665, "var": 0.64203774929}, "spectral_spread": {"dmean": 805672.625, "dmean2": 1123442.5, "dvar": 1302105423870.0, "dvar2": 2600149975040.0, "max": 42399448,