{"lowlevel": {"average_loudness": 0.928211927414, "barkbands": {"dmean": [2.13933835767e-05, 0.00190760171972, 0.00206333608367, 0.000948155124206, 0.00158894527704, 0.00129131984431, 0.00135705375578, 0.00114948372357, 0.00116113736294, 0.00152653595433, 0.0019496086752, 0.001036854228, 0.000685594102833, 0.000273547193501, 0.000228941236855, 0.000240659996052, 0.000194128573639, 0.000153958841111, 0.000110462628072, 8.55396356201e-05, 9.92318309727e-05, 8.27913900139e-05, 5.39154352737e-05, 3.91186440538e-05, 6.48060376989e-05, 6.73752219882e-05, 3.79971897928e-05], "dmean2": [3.48840585502e-05, 0.00328858778812, 0.00346715655178, 0.0015649975976, 0.00255097122863, 0.00198329053819, 0.00215154956095, 0.00175748765469, 0.00172708567698, 0.00226005795412, 0.00297420541756, 0.00162294495385, 0.00108201161493, 0.000442763441242, 0.00037284969585, 0.0003974303836, 0.000310793955578, 0.00024858591496, 0.000177861424163, 0.0001415838924, 0.000164908909937, 0.000131937398692, 8.63880923134e-05, 5.94446864852e-05, 0.000101553108834, 0.000108052496216, 6.06851717748e-05], "dvar": [1.44853840034e-09, 1.12720172183e-05, 9.63892125583e-06, 2.21339473683e-06, 6.43343264528e-06, 5.03165119881e-06, 6.26544306215e-06, 8.42528697831e-06, 9.49592686084e-06, 1.72248819581e-05, 3.18646270898e-05, 1.1817867744e-05, 8.55987127579e-06, 3.50461561993e-07, 2.41752019292e-07, 2.72691522696e-07, 1.39498638418e-07, 7.50349755663e-08, 3.36403083168e-08, 2.55942360639e-08, 4.93987961647e-08, 3.65638186395e-08, 1.26693207037e-08, 1.07129922711e-08, 3.17515400639e-08, 5.81329366867e-08, 1.60508033531e-08], "dvar2": [3.45426109938e-09, 3.04014465655e-05, 2.59738808381e-05, 5.81149242862e-06, 1.65313467733e-05, 1.17675926958e-05, 1.58261264005e-05, 1.78679892997e-05, 1.76204393938e-05, 3.38354911946e-05, 6.61537560518e-05, 2.56208331848e-05, 1.70288913068e-05, 8.87979354047e-07, 6.21201195372e-07, 7.4029122743e-07, 3.31635334305e-07, 1.85272824638e-07, 8.05477853305e-08, 6.77558418261e-08, 1.23572064581e-07, 8.71344525422e-08, 3.01420826077e-08, 2.04500949508e-08, 7.55004663233e-08, 1.44493753851e-07, 3.86128746754e-08], "max": [0.000629960210063, 0.0391710810363, 0.0337780863047, 0.027253985405, 0.0518195852637, 0.0446640886366, 0.0402777343988, 0.0537277050316, 0.0569844655693, 0.0618011727929, 0.079138673842, 0.0698139071465, 0.0804846733809, 0.0180719215423, 0.014460220933, 0.0152853485197, 0.00910907890648, 0.00580729404464, 0.00342043535784, 0.00263580679893, 0.00865115225315, 0.00779091427103, 0.00321030826308, 0.00791901908815, 0.00446682469919, 0.00677378242835, 0.00368710886687], "mean": [2.80405638478e-05, 0.00304847653024, 0.00337465875782, 0.00155916297808, 0.00326446490362, 0.00270657567307, 0.00268460484222, 0.00210629403591, 0.00213968707249, 0.00253565353341, 0.00286789936945, 0.00165767152794, 0.00114421104081, 0.000404270918807, 0.000357189128408, 0.000350723799784, 0.000349237961927, 0.000272153614787, 0.000213417748455, 0.000157881062478, 0.000156660593348, 0.000150377280079, 0.000105134939076, 6.80688026478e-05, 8.12003490864e-05, 6.42096129013e-05, 3.25195687765e-05], "median": [7.07217350282e-06, 0.00157327903435, 0.00217172363773, 0.000987620092928, 0.00182893569581, 0.00136607512832, 0.00116295740008, 0.000381638645194, 0.000444604986114, 0.000432924076449, 0.000441423268057, 0.000306105910568, 0.000205223521334, 0.000176618807018, 0.000166782032466, 0.000174410874024, 0.000185880708159, 0.000148168677697, 0.000128999716253, 8.59979554662e-05, 5.95760611759e-05, 5.50413606106e-05, 4.34374451288e-05, 2.39954151766e-05, 1.68838869286e-05, 7.08859079168e-06, 1.74523006535e-06], "min": [1.3993368686e-09, 8.62537945068e-07, 7.23445396034e-07, 3.38342658779e-07, 4.07370805533e-07, 3.98493057219e-07, 6.4229061536e-07, 2.40114729877e-07, 2.53044532883e-07, 2.38754893189e-07, 4.59221098481e-07, 7.69727932948e-07, 3.47313743987e-07, 6.32201420103e-07, 4.91563412197e-07, 7.45473755615e-07, 2.08534814305e-07, 4.20936999035e-07, 1.71314511022e-07, 1.59071532835e-07, 1.13764293985e-07, 4.66441569813e-08, 2.91897208626e-08, 1.29907578028e-08, 1.03850466004e-08, 6.64748434076e-09, 1.4966010653e-08], "var": [2.43279019152e-09, 1.64465254784e-05, 1.51369995365e-05, 3.63648291568e-06, 1.75549594132e-05, 1.47823720908e-05, 1.88531685126e-05, 2.57354095083e-05, 2.89862582576e-05, 4.3413547246e-05, 6.26334731351e-05, 3.15325669362e-05, 2.44312213908e-05, 5.23878725289e-07, 4.08646599226e-07, 4.16407232251e-07, 3.21776411738e-07, 1.73853436536e-07, 7.97648098683e-08, 4.57707223234e-08, 9.07387374127e-08, 7.64017968891e-08, 3.2776053871e-08, 3.05719680682e-08, 4.64562006641e-08, 5.32059267755e-08, 1.52031169875e-08]}, "barkbands_crest": {"dmean": 2.76034283638, "dmean2": 4.35059404373, "dvar": 6.87926101685, "dvar2": 15.3085746765, "max": 26.4644412994, "mean": 10.9999408722, "median": 10.0454654694, "min": 2.23269462585, "var": 22.44049263}, "barkbands_flatness_db": {"dmean": 0.0249989591539, "dmean2": 0.0353941842914, "dvar": 0.00063835165929, "dvar2": 0.00121947587468, "max": 0.380037248135, "mean": 0.143554359674, "median": 0.133527800441, "min": 0.0203980822116, "var": 0.00353774242103}, "barkbands_kurtosis": {"dmean": 3.07255744934, "dmean2": 4.70133447647, "dvar": 39.7368392944, "dvar2": 82.1686782837, "max": 184.598815918, "mean": 5.34693956375, "median": 2.23045063019, "min": -1.8996809721, "var": 134.451934814}, "barkbands_skewness": {"dmean": 0.542384326458, "dmean2": 0.817127227783, "dvar": 0.338714778423, "dvar2": 0.729288697243, "max": 9.79127407074, "mean": 1.38857913017, "median": 1.23236966133, "min": -3.11298298836, "var": 1.74076509476}, "barkbands_spread": {"dmean": 5.4731669426, "dmean2": 8.24427604675, "dvar": 52.3629760742, "dvar2": 112.138465881, "max": 126.156997681, "mean": 17.8224601746, "median": 15.4879026413, "min": 0.392775505781, "var": 137.778594971}, "dissonance": {"dmean": 0.0261320341378, "dmean2": 0.0434165410697, "dvar": 0.000635977194179, "dvar2": 0.00165436044335, "max": 0.500000059605, "mean": 0.446336001158, "median": 0.456367582083, "min": 0.232864663005, "var": 0.00155819952488}, "dynamic_complexity": 2.28329443932, "erbbands": {"dmean": [0.0353911146522, 0.511235177517, 2.10911726952, 2.72351360321, 4.45299959183, 5.83875656128, 6.61431741714, 11.864774704, 17.2407913208, 25.7834854126, 20.0582466125, 29.8764362335, 40.1742095947, 55.1311721802, 79.7894973755, 41.9813499451, 32.346206665, 16.9065303802, 9.96053600311, 12.3017177582, 10.7393980026, 8.48093986511, 8.68175888062, 6.72402143478, 4.62388801575, 3.99004650116, 3.89693593979, 3.92685508728, 2.97712039948, 2.38888859749, 1.43582677841, 0.902738392353, 0.642212510109, 0.596654057503, 0.545087993145, 0.288711726665, 0.123453579843, 0.0382674112916, 0.00623247632757, 0.000371573434677], "dmean2": [0.0610583424568, 0.880571782589, 3.54915142059, 4.48631095886, 7.24197626114, 9.49080848694, 10.5132188797, 18.2182712555, 26.5508117676, 41.1631011963, 29.9503574371, 43.8624725342, 58.5828132629, 83.0245056152, 121.29183197, 65.1871643066, 50.654712677, 27.0655097961, 16.0573234558, 20.3458690643, 17.3281478882, 13.4092884064, 13.9541072845, 10.7901620865, 7.47818231583, 6.58687353134, 6.56385803223, 6.51099681854, 4.75654459, 3.80043411255, 2.30433511734, 1.39937472343, 0.974139094353, 0.908027470112, 0.88261038065, 0.468192815781, 0.19710084796, 0.0608228966594, 0.0099460054189, 0.000601569539867], "dvar": [0.00404368340969, 0.807158052921, 11.1285591125, 14.975769043, 51.5193939209, 108.861785889, 153.979125977, 515.335144043, 906.936279297, 3714.42016602, 2691.63745117, 6913.24414062, 14020.3349609, 27144.8320312, 62301.171875, 20133.8203125, 16355.3300781, 1815.16442871, 383.075134277, 638.967956543, 364.679534912, 240.921463013, 274.614105225, 127.443305969, 67.8504180908, 57.14793396, 70.4910049438, 96.4210205078, 50.3645477295, 24.2805480957, 9.40849208832, 6.25596904755, 2.90803551674, 2.45247292519, 2.61601209641, 1.07228577137, 0.212159782648, 0.018124723807, 0.000444942037575, 1.49510776737e-06], "dvar2": [0.0109202247113, 2.17051339149, 29.853061676, 39.7062416077, 133.186553955, 286.987670898, 361.459411621, 1205.80065918, 2092.48608398, 9469.70703125, 4981.82421875, 12813.6650391, 25911.0546875, 54094.484375, 135123.8125, 44584.4765625, 32535.4824219, 4115.31005859, 959.69354248, 1735.0423584, 921.576171875, 561.153564453, 681.105712891, 305.046936035, 174.344711304, 151.036346436, 183.775100708, 243.970825195, 120.836967468, 59.4075698853, 22.6323261261, 12.6052865982, 5.76828956604, 5.42814874649, 6.50085163116, 2.73272204399, 0.527497649193, 0.0439001917839, 0.0010681769345, 3.62564037459e-06], "max": [0.648462176323, 11.3191642761, 41.4641342163, 71.8324356079, 137.939758301, 210.583282471, 357.936798096, 469.872131348, 609.465515137, 1136.84863281, 1436.48278809, 1575.6842041, 2053.32055664, 2763.78344727, 3872.87426758, 3603.11816406, 3548.30126953, 1135.12988281, 551.059326172, 556.084960938, 469.363922119, 443.302978516, 410.598266602, 254.999649048, 184.690048218, 130.875701904, 229.176849365, 506.271636963, 291.392944336, 105.591171265, 92.4823379517, 194.561981201, 113.853164673, 64.5895462036, 36.0205497742, 29.4236660004, 11.9165773392, 4.13062477112, 0.617904484272, 0.0342181101441], "mean": [0.0519241169095, 0.830704987049, 3.57537460327, 4.7796330452, 8.2291059494, 11.3006725311, 12.306312561, 24.8027896881, 37.2109184265, 48.1757698059, 41.137638092, 55.2820968628, 66.9568481445, 92.400680542, 118.244506836, 72.3706130981, 57.6808929443, 26.7784252167, 16.8603858948, 20.2372188568, 18.5048313141, 16.7013778687, 16.528799057, 13.4818925858, 8.65282344818, 7.39307641983, 6.66374397278, 6.16905355453, 5.33680438995, 4.44444322586, 2.75122117996, 1.62657749653, 1.05446267128, 0.835294365883, 0.607061862946, 0.288253426552, 0.115040555596, 0.034549921751, 0.00536129949614, 0.000338392943377], "median": [0.0297951530665, 0.420391708612, 2.09842181206, 3.57764744759, 4.83643341064, 5.34743452072, 6.52881336212, 11.6991882324, 17.0037727356, 14.7434244156, 10.9955034256, 12.4754657745, 14.2095050812, 19.4270896912, 20.3743591309, 17.2552490234, 12.7522277832, 11.9459638596, 9.45274829865, 10.333073616, 11.1312408447, 9.6921005249, 9.06588935852, 8.0765209198, 5.27897453308, 3.9889652729, 2.89237737656, 2.21409916878, 1.99117279053, 1.69038665295, 1.13341724873, 0.622101545334, 0.315676152706, 0.195438414812, 0.10347571224, 0.0370969548821, 0.0111747672781, 0.00253140949644, 0.000293622462777, 5.75543344894e-05], "min": [8.64275625645e-06, 0.000223101829761, 0.00109240750317, 0.00103010283783, 0.00287710991688, 0.00100941502023, 0.00601995829493, 0.00520908273757, 0.0136920409277, 0.0164079982787, 0.0134512512013, 0.00858589634299, 0.0209308881313, 0.0314715616405, 0.0382576212287, 0.0451587848365, 0.0368422679603, 0.0391884408891, 0.0340697318316, 0.0752319917083, 0.0335507541895, 0.0145501336083, 0.0247453339398, 0.0102189015597, 0.00701212324202, 0.00684410845861, 0.00476994272321, 0.00432029459625, 0.00185594474897, 0.00138075393625, 0.000763221003581, 0.000450631632702, 0.000144093035487, 0.00011082724086, 6.77629504935e-05, 2.45301525865e-05, 1.28369147205e-05, 9.2612735898e-06, 2.42037981479e-06, 9.3485061825e-07], "var": [0.00451234495267, 1.27088558674, 19.3231182098, 22.9903316498, 110.454612732, 317.875, 380.105957031, 1435.82714844, 3114.36938477, 8823.00195312, 10272.5517578, 19145.5078125, 32742.9023438, 65658.9921875, 111380.210938, 56570.8007812, 54239.2890625, 3099.35717773, 628.962890625, 1121.01477051, 703.473632812, 638.209716797, 616.912780762, 373.645751953, 121.858428955, 99.7903671265, 136.566299438, 165.837112427, 100.570297241, 59.42029953, 22.4342041016, 15.6773719788, 8.07020568848, 4.79627752304, 2.96680378914, 0.960648238659, 0.192528232932, 0.0176731422544, 0.000420479715103, 1.33745072617e-06]}, "erbbands_crest": {"dmean": 3.60528421402, "dmean2": 5.56557178497, "dvar": 14.6405496597, "dvar2": 29.9904232025, "max": 33.9702682495, "mean": 13.5936365128, "median": 11.5978088379, "min": 2.14903950691, "var": 55.3602027893}, "erbbands_flatness_db": {"dmean": 0.0275457240641, "dmean2": 0.0382032096386, "dvar": 0.000788741395809, "dvar2": 0.00148694019299, "max": 0.435527026653, "mean": 0.172646477818, "median": 0.169739499688, "min": 0.0287902094424, "var": 0.0033229009714}, "erbbands_kurtosis": {"dmean": 2.25398612022, "dmean2": 3.44216227531, "dvar": 15.156671524, "dvar2": 32.5064888, "max": 88.0250930786, "mean": 2.93757963181, "median": 0.712470769882, "min": -1.77802252769, "var": 38.3308181763}, "erbbands_skewness": {"dmean": 0.451871395111, "dmean2": 0.678813695908, "dvar": 0.210826292634, "dvar2": 0.454961508512, "max": 7.90056753159, "mean": 0.863437652588, "median": 0.749146997929, "min": -1.98905444145, "var": 0.890229940414}, "erbbands_spread": {"dmean": 8.38097763062, "dmean2": 12.7041311264, "dvar": 92.2972717285, "dvar2": 198.077270508, "max": 164.570755005, "mean": 30.3459072113, "median": 27.3995933533, "min": 0.65099799633, "var": 366.088867188}, "gfcc": {"cov": [[3889.55029297, -1338.37121582, 28.4433956146, -67.7975616455, -361.04510498, 297.54006958, -4.40103721619, 136.850860596, -200.305206299, 96.8407440186, -182.090911865, 145.558227539, -32.8935966492], [-1338.37121582, 1474.28686523, -390.624786377, 73.2120361328, 165.682571411, -165.387008667, 37.8298606873, -59.2348136902, 137.21635437, -116.140914917, 168.845230103, -114.688301086, 49.7709693909], [28.4433956146, -390.624786377, 793.414123535, 22.9424705505, 142.981277466, 27.160692215, -12.5609617233, 4.68756389618, -14.0834617615, 90.8148117065, -52.0969276428, 49.3983802795, -15.6879243851], [-67.7975616455, 73.2120361328, 22.9424705505, 370.663665771, 29.2849636078, 60.960735321, -3.51801991463, -10.5567426682, 32.6792221069, -38.9162940979, -6.95302248001, -29.8799190521, 20.2479515076], [-361.04510498, 165.682571411, 142.981277466, 29.2849636078, 405.914764404, -24.1189937592, 25.872964859, -6.11064720154, 22.113735199, 20.6840305328, 55.400062561, 14.6443166733, -28.904920578], [297.54006958, -165.387008667, 27.160692215, 60.960735321, -24.1189937592, 265.761749268, 102.218933105, 43.887752533, -68.8099899292, -21.0528278351, -21.1844730377, 24.6323280334, 16.7635822296], [-4.40103721619, 37.8298606873, -12.5609617233, -3.51801991463, 25.872964859, 102.218933105, 174.245132446, 57.359992981, -3.14310264587, -24.4340171814, -1.72994709015, 0.956350684166, 25.3982467651], [136.850860596, -59.2348136902, 4.68756389618, -10.5567426682, -6.11064720154, 43.887752533, 57.359992981, 123.748306274, 29.8806877136, 2.7649037838, -31.5917072296, -13.6454019547, -3.88052034378], [-200.305206299, 137.21635437, -14.0834617615, 32.6792221069, 22.113735199, -68.8099899292, -3.14310264587, 29.8806877136, 153.327224731, 48.480846405, 19.1454334259, -51.7704734802, -17.9323806763], [96.8407440186, -116.140914917, 90.8148117065, -38.9162940979, 20.6840305328, -21.0528278351, -24.4340171814, 2.7649037838, 48.480846405, 136.522644043, 33.9811439514, 11.3054656982, -36.9622497559], [-182.090911865, 168.845230103, -52.0969276428, -6.95302248001, 55.400062561, -21.1844730377, -1.72994709015, -31.5917072296, 19.1454334259, 33.9811439514, 122.512107849, 31.4075298309, -7.61549425125], [145.558227539, -114.688301086, 49.3983802795, -29.8799190521, 14.6443166733, 24.6323280334, 0.956350684166, -13.6454019547, -51.7704734802, 11.3054656982, 31.4075298309, 109.47592926, 33.2108459473], [-32.8935966492, 49.7709693909, -15.6879243851, 20.2479515076, -28.904920578, 16.7635822296, 25.3982467651, -3.88052034378, -17.9323806763, -36.9622497559, -7.61549425125, 33.2108459473, 99.7652435303]], "icov": [[0.000451268715551, 0.000263981317403, 0.000197241140995, -7.92344289948e-05, 0.000190107952221, -0.0002032002958, 0.000107567291707, -0.000368908746168, 0.000294136931188, -0.000386486470234, 0.00035894458415, -0.000444344652351, 0.0001966766431], [0.000263981317403, 0.00181932433043, 0.000459247530671, 2.5163495593e-05, -0.000493561208714, 0.000460193492472, -0.00025018377346, 0.000159548493684, -0.00064552447293, 0.00148336868733, -0.00248205196112, 0.00199434533715, -0.00132372428197], [0.000197241140995, 0.000459247530671, 0.00192219309974, -0.000286305003101, -0.00077665981371, -3.33318348567e-05, -3.04813947878e-05, 0.000155256217113, 0.000148343213368, -0.00138099829201, 0.00138637539931, -0.000737178488635, -0.000143087891047], [-7.92344289948e-05, 2.5163495593e-05, -0.000286305003101, 0.00356575613841, -0.000437114591477, -0.00180894671939, 0.00121891777962, 0.0009041246376, -0.0020646918565, 0.0017479431117, -0.000439411291154, 0.00108089821879, -0.00102210498881], [0.000190107952221, -0.000493561208714, -0.00077665981371, -0.000437114591477, 0.00345687521622, 0.000397185387556, -0.000876285426784, -0.000312848103931, 0.000292653538054, -0.000137292852742, -0.000519427994732, -0.00137913506478, 0.00184241787065], [-0.0002032002958, 0.000460193492472, -3.33318348567e-05, -0.00180894671939, 0.000397185387556, 0.00728888623416, -0.0040729669854, -0.00140667194501, 0.00357375619933, -0.000642687664367, -0.00086726207519, 0.000402873003623, 0.000141763361171], [0.000107567291707, -0.00025018377346, -3.04813947878e-05, 0.00121891777962, -0.000876285426784, -0.0040729669854, 0.00995340012014, -0.00338258431293, -0.00100715376902, 0.00133681145962, -0.00106693152338, 0.000882569409441, -0.0023879094515], [-0.000368908746168, 0.000159548493684, 0.000155256217113, 0.0009041246376, -0.000312848103931, -0.00140667194501, -0.00338258431293, 0.0125734824687, -0.00466602249071, 0.000723716977518, 0.00322511373088, -0.000737659574952, 0.00105679279659], [0.000294136931188, -0.00064552447293, 0.000148343213368, -0.0020646918565, 0.000292653538054, 0.00357375619933, -0.00100715376902, -0.00466602249071, 0.0141064347699, -0.00645665777847, -0.00120765180327, 0.00492439325899, -0.00116744742263], [-0.000386486470234, 0.00148336868733, -0.00138099829201, 0.0017479431117, -0.000137292852742, -0.000642687664367, 0.00133681145962, 0.000723716977518, -0.00645665777847, 0.0147992083803, -0.00586223043501, -0.000172487023519, 0.00224903575145], [0.00035894458415, -0.00248205196112, 0.00138637539931, -0.000439411291154, -0.000519427994732, -0.00086726207519, -0.00106693152338, 0.00322511373088, -0.00120765180327, -0.00586223043501, 0.0181225966662, -0.00960009358823, 0.00424624653533], [-0.000444344652351, 0.00199434533715, -0.000737178488635, 0.00108089821879, -0.00137913506478, 0.000402873003623, 0.000882569409441, -0.000737659574952, 0.00492439325899, -0.000172487023519, -0.00960009358823, 0.0202186368406, -0.00883955042809], [0.0001966766431, -0.00132372428197, -0.000143087891047, -0.00102210498881, 0.00184241787065, 0.000141763361171, -0.0023879094515, 0.00105679279659, -0.00116744742263, 0.00224903575145, 0.00424624653533, -0.00883955042809, 0.0159828383476]], "mean": [12.6516084671, 95.1868743896, -111.339424133, 18.4486160278, -53.8191299438, 7.33877420425, -31.4539833069, 2.89489245415, -22.3800697327, -2.49716281891, -14.1185407639, 2.0292737484, -13.2941389084]}, "hfc": {"dmean": 8.71883106232, "dmean2": 13.0914020538, "dvar": 149.856765747, "dvar2": 337.698822021, "max": 241.488449097, "mean": 25.1892662048, "median": 19.7726154327, "min": 0.124858222902, "var": 403.410003662}, "melbands": {"dmean": [0.000423878082074, 0.000939774210565, 0.000491871964186, 0.000357892829925, 0.000239024768234, 0.000267030845862, 0.000271271972451, 0.000281804532278, 0.000160723560839, 0.000193536267034, 0.000198554393137, 0.000217381268158, 0.000242336987867, 0.00016510457499, 7.7020675235e-05, 6.45370964776e-05, 3.0943632737e-05, 1.58297552844e-05, 1.75994191522e-05, 2.1313837351e-05, 1.18936286526e-05, 9.1323390734e-06, 1.12767074825e-05, 6.44738202027e-06, 5.9106127992e-06, 4.02738305638e-06, 3.13387886308e-06, 2.63533365796e-06, 2.47806178777e-06, 2.74729973171e-06, 2.30220848607e-06, 1.80154688678e-06, 1.74464616975e-06, 1.33737978558e-06, 9.685132909e-07, 6.2591425376e-07, 5.67055337797e-07, 4.4500382046e-07, 4.88939065235e-07, 5.19187210557e-07], "dmean2": [0.000732332176995, 0.00158117082901, 0.000803483650088, 0.000579121755436, 0.000378873257432, 0.000407367828302, 0.000421276869019, 0.000445929937996, 0.000240675348323, 0.000283550238237, 0.000289147603326, 0.000328861409798, 0.000367676460883, 0.000254405720625, 0.000118883610412, 0.000101328892924, 5.0029855629e-05, 2.55789418588e-05, 2.85269252345e-05, 3.55879928975e-05, 1.91082272067e-05, 1.44556488522e-05, 1.82415442396e-05, 1.04060409285e-05, 9.523535482e-06, 6.53134156892e-06, 5.17680427947e-06, 4.38645247414e-06, 4.17236879002e-06, 4.62547905045e-06, 3.84430995837e-06, 2.95114182336e-06, 2.75117031379e-06, 2.17779665945e-06, 1.58716591159e-06, 1.00014381132e-06, 8.90908552265e-07, 6.96478082318e-07, 7.42937174891e-07, 8.03737634669e-07], "dvar": [5.61690399081e-07, 2.26539850701e-06, 4.45024227247e-07, 3.2199625366e-07, 1.88826319913e-07, 2.37988373897e-07, 2.21813564849e-07, 4.62297208514e-07, 1.75886967213e-07, 2.98124803066e-07, 3.46678717733e-07, 4.58425461147e-07, 5.00857311181e-07, 2.3648439651e-07, 7.2113209626e-08, 1.00489799593e-07, 4.39900782467e-09, 1.27333132927e-09, 2.18307616429e-09, 2.47118903118e-09, 4.44304593117e-10, 3.14735182361e-10, 6.20997808731e-10, 1.5176200574e-10, 1.07017832096e-10, 5.2149770613e-11, 3.60419263878e-11, 2.61877238644e-11, 3.08671005422e-11, 4.08736516855e-11, 3.93243319852e-11, 2.14656591113e-11, 1.74394058222e-11, 7.48724519883e-12, 4.45086632481e-12, 2.47629000638e-12, 2.96950571771e-12, 1.51691224685e-12, 1.96709142031e-12, 1.93158206444e-12], "dvar2": [1.52544191678e-06, 6.06358435107e-06, 1.17165507163e-06, 8.43220618663e-07, 4.56845924646e-07, 5.4967961205e-07, 5.27892495938e-07, 1.15014313451e-06, 3.2556710039e-07, 5.47899503545e-07, 6.40191160528e-07, 9.08166555291e-07, 1.06921709175e-06, 5.15523311151e-07, 1.39694463996e-07, 2.0364655029e-07, 1.09496482992e-08, 3.20341375648e-09, 5.61331914284e-09, 6.86744972e-09, 1.07688569173e-09, 7.15146220021e-10, 1.58048918397e-09, 3.60275143052e-10, 2.59236965228e-10, 1.29390401171e-10, 9.42543404436e-11, 6.95842480858e-11, 8.30016541609e-11, 1.06133608846e-10, 1.0334578332e-10, 5.42016466432e-11, 4.13209189087e-11, 1.89196679157e-11, 1.12287514356e-11, 5.29844354155e-12, 6.32684659871e-12, 3.0140573197e-12, 4.38105714901e-12, 4.41671959422e-12], "max": [0.00727973273024, 0.0172769930214, 0.01107095927, 0.0117818247527, 0.00996408890933, 0.0100053902715, 0.00930370762944, 0.0136781707406, 0.0106643773615, 0.0109154758975, 0.0100944992155, 0.0102595370263, 0.0106976600364, 0.008190757595, 0.00795175507665, 0.0106800887734, 0.00150271796156, 0.00135855423287, 0.00159928470384, 0.00143462885171, 0.000506081269123, 0.000626853201538, 0.000607647467405, 0.000331359449774, 0.000213816863834, 0.000149885236169, 0.00011301804625, 8.34172242321e-05, 0.000155898800585, 0.000183926269528, 0.000365216925275, 0.000210131183849, 0.00010841996118, 5.96049867454e-05, 4.64370714326e-05, 9.65603394434e-05, 0.000134848960442, 9.0636764071e-05, 6.96755523677e-05, 5.14306666446e-05], "mean": [0.00065486645326, 0.00166118994821, 0.000953152193688, 0.000712238484994, 0.000461744522909, 0.0005629719235, 0.000584147346672, 0.000520974223036, 0.0003256771015, 0.00034777901601, 0.00032040924998, 0.00035392321297, 0.000361493206583, 0.000257995328866, 0.000135256603244, 0.000105068742414, 4.45874575234e-05, 2.48461437877e-05, 2.6864641768e-05, 3.01995514747e-05, 1.99086698558e-05, 1.68265632965e-05, 1.95416068891e-05, 1.16973515105e-05, 1.09785223685e-05, 7.00106966178e-06, 5.20331241205e-06, 4.67638574264e-06, 4.19873867941e-06, 3.86754300052e-06, 3.48866024069e-06, 3.06840411213e-06, 2.83407234747e-06, 2.35244147007e-06, 1.67863834122e-06, 1.14210070024e-06, 9.28410770484e-07, 7.19109038982e-07, 7.12081259735e-07, 6.94878508511e-07], "median": [0.000378375523724, 0.00102215632796, 0.000742455013096, 0.000401653669542, 0.000247935997322, 0.000265025068074, 0.00026108205202, 0.00014644570183, 7.67319725128e-05, 6.83093167027e-05, 5.80945961701e-05, 5.89106275584e-05, 5.99948216404e-05, 4.59607326775e-05, 3.22684136336e-05, 1.93750292965e-05, 1.88561971299e-05, 1.25210208353e-05, 1.16397004604e-05, 1.33748271764e-05, 1.14464455692e-05, 9.38714947551e-06, 8.64280809765e-06, 6.31328066447e-06, 5.98505130256e-06, 3.90355990021e-06, 2.90900857181e-06, 2.33035325437e-06, 1.79147707513e-06, 1.3878881191e-06, 1.09504674128e-06, 1.07861581e-06, 9.69259417616e-07, 9.06753768959e-07, 6.73731733514e-07, 4.34163808904e-07, 3.4744115851e-07, 2.2378148401e-07, 1.68539330048e-07, 1.52715955437e-07], "min": [2.0976889914e-07, 5.11695020577e-07, 2.72034696991e-07, 1.17676627553e-07, 1.64481463116e-07, 1.27145142415e-07, 1.74612111437e-07, 1.60056245591e-07, 6.83606558027e-08, 4.14327097076e-08, 3.98040178595e-08, 5.88780579847e-08, 8.84727526795e-08, 1.02962722792e-07, 7.87983651662e-08, 4.31725446504e-08, 5.79651882049e-08, 3.86436624922e-08, 3.85074656606e-08, 8.65884928203e-08, 2.54796397314e-08, 1.02759081244e-08, 2.30305357007e-08, 1.74352727811e-08, 6.40584296718e-09, 5.36442534838e-09, 5.25006660368e-09, 4.86370010933e-09, 3.1854909821e-09, 2.28704544192e-09, 2.09024952902e-09, 9.56745127567e-10, 8.81096196004e-10, 6.45879627559e-10, 4.47734710418e-10, 3.16015574819e-10, 2.08190895079e-10, 8.62829460657e-11, 9.0441119871e-11, 9.00379631963e-11], "var": [6.74698128478e-07, 3.93183745473e-06, 8.00351642738e-07, 9.12352504656e-07, 4.46087739192e-07, 7.06093715053e-07, 7.73203623794e-07, 1.16510432235e-06, 7.38384358101e-07, 8.10654796624e-07, 8.10301628462e-07, 1.10009398213e-06, 9.49422258145e-07, 5.6558411643e-07, 2.20395762085e-07, 2.54159147062e-07, 6.5159042606e-09, 1.87135928975e-09, 3.61803897952e-09, 3.58475782392e-09, 8.88348838934e-10, 8.57514725894e-10, 1.25608923263e-09, 3.60434793123e-10, 2.99536423443e-10, 9.58711027232e-11, 5.16905095116e-11, 4.55411264255e-11, 6.33969751695e-11, 5.51751942746e-11, 6.37961558581e-11, 3.86848261757e-11, 3.0729804118e-11, 1.76143214597e-11, 8.52843577009e-12, 6.69798981903e-12, 6.0708027147e-12, 4.12238776101e-12, 3.87808752125e-12, 3.45788610419e-12]}, "melbands_crest": {"dmean": 3.34580683708, "dmean2": 5.40073108673, "dvar": 9.6150560379, "dvar2": 23.2615318298, "max": 35.6558609009, "mean": 14.2799797058, "median": 13.3513746262, "min": 3.56362771988, "var": 29.6780147552}, "melbands_flatness_db": {"dmean": 0.0258747823536, "dmean2": 0.0381003022194, "dvar": 0.000744136981666, "dvar2": 0.00153733231127, "max": 0.49646422267, "mean": 0.213435322046, "median": 0.199629753828, "min": 0.0427518896759, "var": 0.00499195372686}, "melbands_kurtosis": {"dmean": 5.85344839096, "dmean2": 9.11022281647, "dvar": 168.422515869, "dvar2": 364.202819824, "max": 528.844604492, "mean": 11.8192300797, "median": 5.25797080994, "min": -1.71302890778, "var": 650.336730957}, "melbands_skewness": {"dmean": 0.713384330273, "dmean2": 1.09081661701, "dvar": 0.609109342098, "dvar2": 1.3660326004, "max": 19.1839942932, "mean": 1.98698377609, "median": 1.75150048733, "min": -3.29013466835, "var": 3.22851896286}, "melbands_spread": {"dmean": 5.13460969925, "dmean2": 8.06174755096, "dvar": 40.30493927, "dvar2": 97.4527740479, "max": 134.080627441, "mean": 19.6746826172, "median": 18.5140323639, "min": 0.47268307209, "var": 134.768920898}, "mfcc": {"cov": [[4087.12060547, -1119.70983887, 20.3901882172, -331.18661499, -384.62197876, -11.2453651428, 11.0744628906, 78.3490982056, 40.248588562, -10.3902721405, -23.1999015808, -72.9990539551, 16.4837532043], [-1119.70983887, 1105.89562988, -289.249145508, 121.203178406, 131.516174316, -61.8675460815, -5.1289191246, -7.63403081894, -68.5399246216, 28.7926044464, 23.6397800446, 23.2104644775, 8.73426437378], [20.3901882172, -289.249145508, 522.844116211, 28.0846977234, 20.9052867889, 72.6700973511, 20.1639919281, -11.819524765, 57.1043357849, -1.30440402031, -22.5984954834, -5.29417228699, 3.71456193924], [-331.18661499, 121.203178406, 28.0846977234, 263.06338501, 141.589447021, 22.8872776031, -28.7205200195, -13.1680879593, 11.1429109573, 15.4344530106, 17.5601577759, 14.617726326, -3.28084802628], [-384.62197876, 131.516174316, 20.9052867889, 141.589447021, 277.779632568, 49.6440620422, 16.9935855865, -14.3648290634, -10.8473367691, -4.90962457657, 33.2077293396, 35.5657196045, 11.2863178253], [-11.2453651428, -61.8675460815, 72.6700973511, 22.8872776031, 49.6440620422, 155.344741821, 85.8187408447, 32.0708808899, 10.6608324051, -11.7357883453, -8.94141674042, 22.1385822296, 17.3170127869], [11.0744628906, -5.1289191246, 20.1639919281, -28.7205200195, 16.9935855865, 85.8187408447, 180.321166992, 90.5492782593, 20.6494407654, -9.13275432587, -20.8567180634, -0.654556632042, 13.8404521942], [78.3490982056, -7.63403081894, -11.819524765, -13.1680879593, -14.3648290634, 32.0708808899, 90.5492782593, 146.536224365, 50.6819839478, 10.1329650879, -20.8162384033, -27.9924945831, -14.3271064758], [40.248588562, -68.5399246216, 57.1043357849, 11.1429109573, -10.8473367691, 10.6608324051, 20.6494407654, 50.6819839478, 124.895080566, 57.2267456055, -0.898036301136, -18.3461971283, -16.0711784363], [-10.3902721405, 28.7926044464, -1.30440402031, 15.4344530106, -4.90962457657, -11.7357883453, -9.13275432587, 10.1329650879, 57.2267456055, 115.945037842, 51.6310539246, 1.1117067337, -21.008934021], [-23.1999015808, 23.6397800446, -22.5984954834, 17.5601577759, 33.2077293396, -8.94141674042, -20.8567180634, -20.8162384033, -0.898036301136, 51.6310539246, 120.863517761, 58.5175628662, 2.76933288574], [-72.9990539551, 23.2104644775, -5.29417228699, 14.617726326, 35.5657196045, 22.1385822296, -0.654556632042, -27.9924945831, -18.3461971283, 1.1117067337, 58.5175628662, 117.770629883, 59.0479621887], [16.4837532043, 8.73426437378, 3.71456193924, -3.28084802628, 11.2863178253, 17.3170127869, 13.8404521942, -14.3271064758, -16.0711784363, -21.008934021, 2.76933288574, 59.0479621887, 109.736572266]], "icov": [[0.000401655997848, 0.000414857524447, 0.000169336577528, 0.000144693636685, 0.000261348090135, -2.00183985726e-05, 6.99691954651e-05, -0.000228720047744, 0.000166339799762, -0.000108440217446, -0.00018643977819, 0.000303922046442, -0.00031239783857], [0.000414857524447, 0.00170947401784, 0.000782274873927, -0.000342004408594, -0.000241437825025, 0.000632642069831, -0.000336068274919, -0.000308641116135, 0.00100565620232, -0.00100776168983, 0.000359885685612, 6.27703484497e-05, -0.000396507995902], [0.000169336577528, 0.000782274873927, 0.00263643451035, -0.000276948034298, -9.55505092861e-05, -0.000839015992824, -0.000170543571585, 0.000863663910422, -0.00107042363379, 4.20051437686e-05, 0.000351639580913, 0.000254684418906, -0.000203366478672], [0.000144693636685, -0.000342004408594, -0.000276948034298, 0.00594540731981, -0.00269691715948, -0.00101648527198, 0.00207523233257, -0.000599648687057, -0.000642269442324, -0.000504276657011, 0.000320805498632, -2.66067909251e-05, 0.000105985345726], [0.000261348090135, -0.000241437825025, -9.55505092861e-05, -0.00269691715948, 0.00600506458431, -0.00119411863852, -0.000924096966628, 0.000678634736687, -3.48077373928e-05, 0.00128803076223, -0.00188742368482, 5.9754922404e-05, -6.44900937914e-05], [-2.00183985726e-05, 0.000632642069831, -0.000839015992824, -0.00101648527198, -0.00119411863852, 0.0107397548854, -0.00506679480895, 0.00020793513977, 0.000288695067866, -8.54829631862e-05, 0.00140680465847, -0.00254059256986, 0.000402356236009], [6.99691954651e-05, -0.000336068274919, -0.000170543571585, 0.00207523233257, -0.000924096966628, -0.00506679480895, 0.0116218319163, -0.0062494892627, 0.000507971213665, -2.66668530458e-06, 0.000525234616362, 0.000131700391648, -0.00131329637952], [-0.000228720047744, -0.000308641116135, 0.000863663910422, -0.000599648687057, 0.000678634736687, 0.00020793513977, -0.0062494892627, 0.0127629600465, -0.00468637654558, 0.00110867514741, -7.032265421e-05, 0.00155196641572, 0.00105628557503], [0.000166339799762, 0.00100565620232, -0.00107042363379, -0.000642269442324, -3.48077373928e-05, 0.000288695067866, 0.000507971213665, -0.00468637654558, 0.0145134497434, -0.00806281808764, 0.00262436689809, -5.45013826923e-05, -0.000260882661678], [-0.000108440217446, -0.00100776168983, 4.20051437686e-05, -0.000504276657011, 0.00128803076223, -8.54829631862e-05, -2.66668530458e-06, 0.00110867514741, -0.00806281808764, 0.0166896283627, -0.00816545169801, 0.00214135879651, 0.00117431767285], [-0.00018643977819, 0.000359885685612, 0.000351639580913, 0.000320805498632, -0.00188742368482, 0.00140680465847, 0.000525234616362, -7.032265421e-05, 0.00262436689809, -0.00816545169801, 0.0169579070061, -0.00958615355194, 0.00344506464899], [0.000303922046442, 6.27703484497e-05, 0.000254684418906, -2.66067909251e-05, 5.9754922404e-05, -0.00254059256986, 0.000131700391648, 0.00155196641572, -5.45013826923e-05, 0.00214135879651, -0.00958615355194, 0.0187089554965, -0.00890245195478], [-0.00031239783857, -0.000396507995902, -0.000203366478672, 0.000105985345726, -6.44900937914e-05, 0.000402356236009, -0.00131329637952, 0.00105628557503, -0.000260882661678, 0.00117431767285, 0.00344506464899, -0.00890245195478, 0.0143379345536]], "mean": [-637.183898926, 132.515426636, -1.08351409435, 18.9258136749, -0.476070344448, 4.81794214249, -2.01440834999, 5.73742961884, -3.77353096008, -3.99992012978, -2.52698945999, 0.0734379440546, 1.93396234512]}, "pitch_salience": {"dmean": 0.0730351433158, "dmean2": 0.11568467319, "dvar": 0.00462927296758, "dvar2": 0.0109211932868, "max": 0.826851189137, "mean": 0.505053818226, "median": 0.506987214088, "min": 0.0948299393058, "var": 0.015137495473}, "silence_rate_20dB": {"dmean": 0, "dmean2": 0, "dvar": 0, "dvar2": 0, "max": 1, "mean": 1, "median": 1, "min": 1, "var": 0}, "silence_rate_30dB": {"dmean": 0, "dmean2": 0, "dvar": 0, "dvar2": 0, "max": 1, "mean": 1, "median": 1, "min": 1, "var": 0}, "silence_rate_60dB": {"dmean": 0.0116357123479, "dmean2": 0.0231621358544, "dvar": 0.0115015655756, "dvar2": 0.0266516469419, "max": 1, "mean": 0.0198008734733, "median": 0, "min": 0, "var": 0.0194111540914}, "spectral_centroid": {"dmean": 189.988388062, "dmean2": 292.872894287, "dvar": 55029.734375, "dvar2": 124712.804688, "max": 4039.34912109, "mean": 1086.04260254, "median": 1042.55371094, "min": 152.333953857, "var": 213582.4375}, "spectral_complexity": {"dmean": 3.37077641487, "dmean2": 5.16672277451, "dvar": 15.2700166702, "dvar2": 31.9796695709, "max": 50, "mean": 17.8604984283, "median": 18, "min": 0, "var": 63.6449623108}, "spectral_contrast_coeffs": {"dmean": [0.0510131157935, 0.0490846633911, 0.0477424822748, 0.0354181155562, 0.0231635440141, 0.0189974214882], "dmean2": [0.0833841487765, 0.0780106261373, 0.0736278295517, 0.0561391413212, 0.0372612513602, 0.0304877236485], "dvar": [0.00175789115019, 0.00159321096726, 0.00168177939486, 0.000852452416439, 0.000394681410398, 0.000390077912016], "dvar2": [0.0044618002139, 0.00400460045785, 0.00361231481656, 0.00209058285691, 0.000917066878174, 0.000957758980803], "max": [-0.28887283802, -0.322210669518, -0.415307790041, -0.476096272469, -0.575715780258, -0.55497354269], "mean": [-0.621578752995, -0.685760974884, -0.7044531703, -0.753172576427, -0.779415011406, -0.75631070137], "median": [-0.627206146717, -0.701554238796, -0.713774561882, -0.757390737534, -0.784613132477, -0.755774259567], "min": [-0.909480273724, -0.914068698883, -0.915664851665, -0.911354243755, -0.90267008543, -0.871870040894], "var": [0.00588465016335, 0.00976203288883, 0.00757707003504, 0.0037412266247, 0.00205762544647, 0.00130196742248]}, "spectral_contrast_valleys": {"dmean": [0.443826436996, 0.367682814598, 0.346929907799, 0.326723724604, 0.297984272242, 0.374213606119], "dmean2": [0.720945179462, 0.592867851257, 0.541839599609, 0.491085767746, 0.445405423641, 0.495244115591], "dvar": [0.156191200018, 0.102900661528, 0.0915207490325, 0.0916199311614, 0.110833488405, 0.204669684172], "dvar2": [0.370938152075, 0.248433455825, 0.208718046546, 0.188586235046, 0.228959292173, 0.400904297829], "max": [-5.5041885376, -4.60076761246, -5.49050998688, -6.04690551758, -5.69684123993, -7.34956502914], "mean": [-7.24946117401, -6.69578170776, -7.31167125702, -7.79228401184, -7.69405412674, -10.2687549591], "median": [-7.1296248436, -6.54320907593, -7.1858792305, -7.71624565125, -7.57151317596, -10.1911211014], "min": [-11.0008296967, -9.75910663605, -9.7941942215, -10.1889390945, -10.2922992706, -13.7509307861], "var": [0.520800709724, 0.637291014194, 0.566412746906, 0.433841317892, 0.500625193119, 0.962936043739]}, "spectral_decrease": {"dmean": 2.32536789824e-09, "dmean2": 3.66121022388e-09, "dvar": 6.22415608792e-18, "dvar2": 1.5087064652e-17, "max": -3.98923984124e-11, "mean": -7.8418809224e-09, "median": -7.44040828948e-09, "min": -2.45783073893e-08, "var": 1.78534825295e-17}, "spectral_energy": {"dmean": 0.00941299553961, "dmean2": 0.0147472536191, "dvar": 0.000103314916487, "dvar2": 0.000248501688475, "max": 0.102474726737, "mean": 0.0318818464875, "median": 0.0300767663866, "min": 0.000196911903913, "var": 0.000299837265629}, "spectral_energyband_high": {"dmean": 0.000409337721067, "dmean2": 0.000625849701464, "dvar": 7.39785150472e-07, "dvar2": 1.71125623183e-06, "max": 0.0225200839341, "mean": 0.000737548340112, "median": 0.000314816978062, "min": 3.79105898674e-07, "var": 1.51277095028e-06}, "spectral_energyband_low": {"dmean": 0.00381922721863, "dmean2": 0.00638946471736, "dvar": 3.29571557813e-05, "dvar2": 8.79644576344e-05, "max": 0.0611808821559, "mean": 0.00719803199172, "median": 0.00519531173632, "min": 2.26624479183e-06, "var": 5.25141331309e-05}, "spectral_energyband_middle_high": {"dmean": 0.00424982700497, "dmean2": 0.00636142026633, "dvar": 5.84045410505e-05, "dvar2": 0.000126215236378, "max": 0.088939845562, "mean": 0.00960378348827, "median": 0.00474535860121, "min": 1.85970638995e-05, "var": 0.000164872530149}, "spectral_energyband_middle_low": {"dmean": 0.00513740163296, "dmean2": 0.00787185970694, "dvar": 3.66899148503e-05, "dvar2": 8.73906392371e-05, "max": 0.0770285502076, "mean": 0.0155814019963, "median": 0.0129675548524, "min": 3.61209495168e-05, "var": 0.000125859398395}, "spectral_entropy": {"dmean": 0.217260271311, "dmean2": 0.306812882423, "dvar": 0.0578483939171, "dvar2": 0.109819740057, "max": 8.81920337677, "mean": 7.35886096954, "median": 7.41996574402, "min": 5.24281549454, "var": 0.259822130203}, "spectral_flux": {"dmean": 0.0284321177751, "dmean2": 0.0452342890203, "dvar": 0.000865670735948, "dvar2": 0.00208689598367, "max": 0.31432557106, "mean": 0.0861212983727, "median": 0.0790827870369, "min": 0.00477498304099, "var": 0.00185825559311}, "spectral_kurtosis": {"dmean": 1.98719632626, "dmean2": 3.26043200493, "dvar": 7.78776359558, "dvar2": 19.9457321167, "max": 60.075214386, "mean": 5.81655550003, "median": 4.73427295685, "min": -0.15970492363, "var": 19.407831192}, "spectral_rms": {"dmean": 0.000826885167044, "dmean2": 0.00127413892187, "dvar": 6.63213427288e-07, "dvar2": 1.51675067173e-06, "max": 0.00999876763672, "mean": 0.0053374893032, "median": 0.00541693530977, "min": 0.000438302609837, "var": 2.61541413238e-06}, "spectral_rolloff": {"dmean": 382.412628174, "dmean2": 648.258056641, "dvar": 973890.125, "dvar2": 2275513.25, "max": 17183.4960938, "mean": 1172.52001953, "median": 947.4609375, "min": 86.1328125, "var": 1330739.25}, "spectral_skewness": {"dmean": 0.25204589963, "dmean2": 0.400872975588, "dvar": 0.0774812251329, "dvar2": 0.192820668221, "max": 6.32196760178, "mean": 1.78215420246, "median": 1.70065546036, "min": -0.0535127744079, "var": 0.292645305395}, "spectral_spread": {"dmean": 704079.6875, "dmean2": 987068.875, "dvar": 797526523904, "dvar2": 1474715320320.0, "max": 19209262, "mean": 4539873, "median": 4297233.5, "min": 1362383, "var": 2579626196990.0}, "spectral_strongpeak": {"dmean": 0.999589383602, "dmean2": 1.59910273552, "dvar": 2.03558659554, "dvar2": 4.48361444473,