{"lowlevel": {"average_loudness": 0.377903372049, "barkbands": {"dmean": [2.12712643588e-06, 0.000746409234125, 0.00032592221396, 0.000222167072934, 0.000481634779135, 0.000269908341579, 0.0001408780372, 8.68213610374e-05, 0.000233131839195, 0.000290719908662, 0.000229738390772, 0.000442328862846, 0.000413364527049, 0.000308440561639, 0.000437801005319, 0.000170277024154, 0.000137061986607, 0.000156175083248, 0.000469208316645, 0.000152236330905, 0.000107643150841, 8.93359028851e-05, 8.43755187816e-05, 1.5227210497e-05, 1.45648764374e-05, 1.78307288934e-06, 5.34902426352e-07], "dmean2": [3.68921632798e-06, 0.00122969713993, 0.000502780603711, 0.000375271774828, 0.000792942766566, 0.000411139306379, 0.000205439690035, 0.000136631046189, 0.000359097321052, 0.00045445014257, 0.00036314377212, 0.000744205259252, 0.000658933422528, 0.000488490913995, 0.00074110343121, 0.000264975707978, 0.000206204756978, 0.000245926959906, 0.000728099199478, 0.000230722725973, 0.000162234617164, 0.00014067516895, 0.000125963342725, 2.07695338759e-05, 2.07275388675e-05, 2.49549884757e-06, 8.53058281791e-07], "dvar": [1.34354081679e-11, 1.56511953264e-06, 2.80867539004e-07, 1.74179504597e-07, 7.90935814621e-07, 2.28407159852e-07, 7.32779952273e-08, 5.69790614691e-08, 3.63323835018e-07, 1.21350069548e-06, 5.40155269846e-07, 1.41098109907e-06, 1.97545796254e-06, 1.75168406713e-06, 1.72052580183e-06, 3.73260462538e-07, 2.01192861482e-07, 9.26659282641e-08, 9.83906829788e-07, 6.16220603433e-08, 3.59435610164e-08, 7.12009153858e-08, 7.81803493055e-08, 8.27487411925e-10, 2.08293404746e-09, 2.5695898534e-11, 4.48190920141e-12], "dvar2": [3.772441734e-11, 4.10475695389e-06, 6.36611673599e-07, 4.78158710848e-07, 2.08231858778e-06, 5.34295395482e-07, 1.47310643683e-07, 1.36913811843e-07, 7.93243486896e-07, 3.04681316265e-06, 1.30901162265e-06, 4.08691676057e-06, 4.81401502839e-06, 4.43207272838e-06, 4.79533264297e-06, 9.67312189459e-07, 5.04226704834e-07, 2.23992273618e-07, 2.56710927715e-06, 1.41008783316e-07, 8.69002434456e-08, 1.85141857401e-07, 1.81904042051e-07, 1.6433971961e-09, 4.41911707227e-09, 5.510433429e-11, 1.09769268328e-11], "max": [0.000110227621917, 0.0143271945417, 0.00868957675993, 0.00823525991291, 0.0108078550547, 0.0105212461203, 0.0075561767444, 0.00602138461545, 0.018908618018, 0.020981028676, 0.0199348591268, 0.019037893042, 0.040467120707, 0.0407547093928, 0.0235709547997, 0.0290430448949, 0.0193339847028, 0.00648792600259, 0.0189302358776, 0.00473825214431, 0.00298292073421, 0.00426634773612, 0.00520181609318, 0.000533526239451, 0.00106499297544, 7.32573826099e-05, 3.02122898574e-05], "mean": [2.34491108131e-06, 0.0013812019024, 0.000699984084349, 0.000299732520944, 0.000739089970011, 0.000547778618056, 0.000281823915429, 0.000138850140502, 0.000363497238141, 0.000455183704617, 0.000392188259866, 0.00064956798451, 0.000637963239569, 0.000459194154246, 0.000687854888383, 0.000276763137663, 0.00024462986039, 0.000294159108307, 0.00110346009023, 0.000357545155566, 0.000221199545194, 0.000133082401589, 0.000129651845782, 3.19168102578e-05, 2.11892092921e-05, 2.89746799353e-06, 7.42623285532e-07], "median": [1.14589261102e-06, 0.000517709064297, 0.000285644549876, 0.00012145342771, 0.000362128601409, 0.000230215897318, 0.000104952210677, 4.70382256026e-05, 0.000139435665915, 3.64863008144e-05, 4.92299877806e-05, 6.47899287287e-05, 8.05614545243e-05, 4.88532132294e-05, 6.61326484988e-05, 6.60021614749e-05, 7.4259347457e-05, 0.000132651184686, 0.000257063016761, 0.000171497784322, 0.000117729709018, 3.1851723179e-05, 3.29970534949e-05, 1.33199500851e-05, 3.85182556784e-06, 7.87931639934e-07, 2.94619667329e-07], "min": [2.01361454571e-25, 1.80142836645e-24, 7.76263634729e-25, 6.70508005003e-25, 1.01796701691e-23, 9.22343585677e-24, 4.04718184891e-24, 7.02628074202e-24, 1.65323204961e-23, 1.39756128359e-23, 2.40883410575e-23, 2.15112097885e-23, 3.46019762797e-23, 3.34150877161e-23, 3.90260312984e-23, 5.46170119649e-23, 7.67635876814e-23, 7.12103540074e-23, 1.0105273486e-22, 1.68156935327e-22, 2.3755580595e-22, 2.89386769457e-22, 3.21026756053e-22, 6.3060137222e-22, 8.00860274761e-22, 1.29508443392e-21, 2.02399867561e-21], "var": [1.4154641001e-11, 4.02383011533e-06, 9.21509411e-07, 2.78403661014e-07, 1.16986814191e-06, 7.69378402765e-07, 2.69169561307e-07, 1.09560829742e-07, 5.70465545024e-07, 2.66670463134e-06, 1.60636955115e-06, 2.60221941062e-06, 4.35956962974e-06, 2.80165590993e-06, 3.33832690558e-06, 7.46373018501e-07, 5.01407555475e-07, 2.2122334542e-07, 3.6215799355e-06, 2.14641787011e-07, 8.22617423069e-08, 8.11680891388e-08, 1.04421808089e-07, 2.37107777856e-09, 3.02889824333e-09, 4.08085266967e-11, 4.31317611835e-12]}, "barkbands_crest": {"dmean": 2.38504719734, "dmean2": 3.86235690117, "dvar": 4.62933826447, "dvar2": 11.4913225174, "max": 26.2308349609, "mean": 8.89785766602, "median": 7.98314857483, "min": 2.58114075661, "var": 14.6296377182}, "barkbands_flatness_db": {"dmean": 0.0168520212173, "dmean2": 0.0253365021199, "dvar": 0.000256341038039, "dvar2": 0.000506536802277, "max": 0.318833321333, "mean": 0.11935916543, "median": 0.115693464875, "min": 0.0152020417154, "var": 0.00148531363811}, "barkbands_kurtosis": {"dmean": 1.52509915829, "dmean2": 2.31848430634, "dvar": 13.52485466, "dvar2": 24.1827831268, "max": 178.488922119, "mean": 1.50574362278, "median": -0.349284052849, "min": -1.87211501598, "var": 58.5214691162}, "barkbands_skewness": {"dmean": 0.431439697742, "dmean2": 0.640868544579, "dvar": 0.208259731531, "dvar2": 0.400944143534, "max": 12.5176267624, "mean": 0.68379431963, "median": 0.401676177979, "min": -2.3232998848, "var": 1.76361179352}, "barkbands_spread": {"dmean": 6.50991868973, "dmean2": 9.9108915329, "dvar": 42.5379676819, "dvar2": 93.2970504761, "max": 105.15688324, "mean": 31.5271434784, "median": 30.3826675415, "min": 1.37912559509, "var": 179.595993042}, "dissonance": {"dmean": 0.0127584207803, "dmean2": 0.0215313658118, "dvar": 0.000264351052465, "dvar2": 0.000699255149812, "max": 0.499979555607, "mean": 0.475393474102, "median": 0.47902983427, "min": 0, "var": 0.000377956224838}, "dynamic_complexity": 5.18249034882, "erbbands": {"dmean": [0.00861837062985, 0.205698907375, 0.440070509911, 0.443288594484, 1.63859641552, 1.45991015434, 1.35170924664, 2.54592108727, 2.10748147964, 2.04252123833, 1.96018147469, 4.40364027023, 6.02406167984, 12.8810787201, 15.1365242004, 10.9844551086, 15.544508934, 18.7541332245, 19.8753147125, 12.4325523376, 8.39436149597, 7.94861221313, 8.033826828, 17.3408432007, 24.1506404877, 7.46397447586, 5.20205307007, 4.29171609879, 3.38578343391, 1.72389066219, 2.56125283241, 0.4847471416, 0.177860483527, 0.0741047784686, 0.145050793886, 0.0298783164471, 0.00281792832538, 0.000610262854025, 9.90536718746e-05, 6.77303250995e-06], "dmean2": [0.0140478964895, 0.337836056948, 0.681787788868, 0.730228424072, 2.71475791931, 2.40400862694, 2.17517924309, 3.8929169178, 3.10922288895, 2.90429615974, 3.05933046341, 6.83295917511, 9.16546440125, 20.1433258057, 24.4084472656, 18.150592804, 24.6364116669, 30.3833713531, 33.3218803406, 20.0591945648, 13.1443271637, 11.7105960846, 12.2370882034, 26.8995552063, 37.968711853, 11.1369876862, 7.94745206833, 6.54251766205, 5.28722858429, 2.38347649574, 3.85794353485, 0.667855381966, 0.240794330835, 0.0988688096404, 0.214953869581, 0.0431435853243, 0.00393369607627, 0.000938590790611, 0.000156029302161, 9.90709759208e-06], "dvar": [0.000228691802477, 0.117436163127, 0.456604510546, 0.695416212082, 8.67963504791, 7.66168308258, 6.38439464569, 22.4787654877, 17.3711166382, 19.3580360413, 29.8800239563, 129.80821228, 312.398254395, 2647.18383789, 1499.75390625, 949.901367188, 3171.71826172, 5590.84228516, 3857.46948242, 952.95880127, 969.835632324, 734.984130859, 260.484680176, 1292.92260742, 3202.53491211, 145.713897705, 64.2868270874, 129.960464478, 98.6909866333, 17.8557777405, 75.110786438, 0.953860282898, 0.114571042359, 0.0227702967823, 0.263055086136, 0.00994311552495, 6.6383909143e-05, 4.82248970002e-06, 1.48999021121e-07, 2.52123877331e-10], "dvar2": [0.000529996992555, 0.310197800398, 1.05100703239, 1.87536168098, 22.6213645935, 20.4584407806, 15.723944664, 51.2612304688, 37.9902915955, 38.4071426392, 77.62109375, 288.770172119, 725.988769531, 6799.51171875, 4040.36010742, 2634.12060547, 8093.77880859, 14236.3164062, 10493.3886719, 2431.3840332, 2580.47167969, 1804.19128418, 598.262512207, 3273.51611328, 8801.21289062, 342.351623535, 159.860488892, 315.644073486, 249.990646362, 37.3302841187, 176.211105347, 1.97025346756, 0.225762069225, 0.0446883253753, 0.584335684776, 0.0212840791792, 0.000137909242767, 1.17041145131e-05, 3.64653089946e-07, 5.67391911233e-10], "max": [0.274255096912, 3.75270223618, 7.50158452988, 15.8728752136, 45.626499176, 36.1013412476, 84.1827468872, 128.78338623, 116.065338135, 126.320503235, 166.032104492, 425.595611572, 460.845062256, 1065.22924805, 641.158752441, 683.700561523, 1151.28833008, 2764.35913086, 1305.99707031, 604.094970703, 1530.06848145, 1130.69897461, 386.598571777, 849.949035645, 914.955871582, 204.740768433, 139.27305603, 185.02822876, 131.832824707, 74.7862472534, 172.174758911, 21.1293983459, 5.64880418777, 3.2719066143, 12.5112018585, 1.89181089401, 0.137497767806, 0.0324333421886, 0.00668159639463, 0.000317817030009], "mean": [0.0159396454692, 0.385513752699, 0.988466143608, 0.760569453239, 2.34825181961, 2.1899766922, 2.44734525681, 4.93101263046, 4.10568857193, 4.32000494003, 3.30263018608, 6.94570636749, 9.69683170319, 21.803237915, 24.4357757568, 17.7838153839, 25.4756393433, 30.8613967896, 33.0184822083, 21.4247531891, 15.1034011841, 15.056427002, 16.871421814, 37.376247406, 51.490852356, 19.5071411133, 12.1876592636, 7.60942697525, 5.15781831741, 3.1436958313, 3.83968544006, 1.03182625771, 0.368611067533, 0.147851169109, 0.183941304684, 0.0399652421474, 0.00466230139136, 0.00091898732353, 0.000138913499541, 2.06145141419e-05], "median": [0.00517862522975, 0.158097505569, 0.49465110898, 0.421983599663, 0.933932721615, 1.09927821159, 1.25437128544, 2.09664821625, 1.59364163876, 1.74858629704, 1.46615743637, 2.91643619537, 2.86940383911, 2.04471325874, 3.03956079483, 2.48531293869, 3.22833752632, 4.67409038544, 2.89436578751, 4.13575601578, 4.72455072403, 4.92978668213, 7.48887062073, 12.3961467743, 10.8568687439, 8.81655693054, 6.39694213867, 3.01228165627, 1.29771757126, 0.922086238861, 0.952947020531, 0.425362557173, 0.148220300674, 0.0539007596672, 0.0178506691009, 0.00487649813294, 0.00132913864218, 0.000322074629366, 5.48563184566e-05, 1.36823755383e-05], "min": [4.07021934835e-23, 5.99023156588e-22, 1.35197884945e-21, 7.32846641364e-21, 4.89176438909e-21, 2.58746877745e-20, 6.51046976771e-20, 7.98305094462e-20, 1.12940009664e-19, 1.75206120747e-19, 1.88967149116e-19, 4.22645607538e-19, 4.96173330297e-19, 6.31161141254e-19, 1.01272487537e-18, 9.36649591421e-19, 1.59823650356e-18, 2.00195926891e-18, 2.43220258207e-18, 3.41905986533e-18, 3.86154545155e-18, 4.67701153227e-18, 4.16880334445e-18, 5.66907240196e-18, 8.43821170372e-18, 8.79805098661e-18, 9.69541042951e-18, 9.78660295614e-18, 1.0696030137e-17, 1.02517199971e-17, 9.44878901142e-18, 1.02826846762e-17, 1.01307944634e-17, 8.26737491899e-18, 6.21820741855e-18, 4.06512452647e-18, 2.27151592384e-18, 8.74816393066e-19, 2.65473665582e-19, 2.79351979115e-20], "var": [0.000804129405878, 0.292886674404, 1.4461479187, 1.16143739223, 15.547958374, 10.3221158981, 13.4926967621, 70.6102905273, 56.3437652588, 67.9091339111, 51.1080780029, 199.521865845, 546.445007324, 6730.36669922, 3341.24194336, 1918.38720703, 6884.65429688, 9736.44335938, 7679.08935547, 2288.62084961, 1964.3861084, 1860.56079102, 784.110473633, 3774.57714844, 9015.265625, 609.700012207, 229.80090332, 191.127929688, 118.210830688, 36.2550010681, 96.7172851562, 2.55196356773, 0.326207220554, 0.0576831437647, 0.328084886074, 0.0135364923626, 0.00010795021808, 5.34691753273e-06, 1.44193222695e-07, 5.19103260377e-10]}, "erbbands_crest": {"dmean": 2.26506018639, "dmean2": 3.71224451065, "dvar": 4.40330219269, "dvar2": 11.5674495697, "max": 29.2749233246, "mean": 8.21780395508, "median": 7.56297969818, "min": 1.99761939049, "var": 11.9947328568}, "erbbands_flatness_db": {"dmean": 0.0141342617571, "dmean2": 0.020213464275, "dvar": 0.000170319384779, "dvar2": 0.000313969037961, "max": 0.311932384968, "mean": 0.16548421979, "median": 0.158387482166, "min": 0.0333929620683, "var": 0.00191671855282}, "erbbands_kurtosis": {"dmean": 0.760964751244, "dmean2": 1.19533789158, "dvar": 1.23725104332, "dvar2": 2.77747893333, "max": 27.867143631, "mean": 0.0995507463813, "median": -0.401975393295, "min": -1.80138659477, "var": 4.15255594254}, "erbbands_skewness": {"dmean": 0.342452019453, "dmean2": 0.517089903355, "dvar": 0.0976807400584, "dvar2": 0.222200527787, "max": 3.47266769409, "mean": -0.374012500048, "median": -0.331635594368, "min": -4.36737775803, "var": 0.540388762951}, "erbbands_spread": {"dmean": 6.93587589264, "dmean2": 10.4616060257, "dvar": 45.0071983337, "dvar2": 99.9021759033, "max": 156.968963623, "mean": 39.4241485596, "median": 36.9694213867, "min": 5.18447780609, "var": 335.433258057}, "gfcc": {"cov": [[37852.9960938, 1570.453125, -4009.25488281, 1415.19616699, -1449.74682617, 483.643188477, -737.361816406, 59.4021377563, -880.287353516, -211.101593018, -230.033691406, -226.329391479, -276.861541748], [1570.453125, 978.855285645, -3.33576440811, 159.741867065, 221.293243408, -33.9230232239, 120.487991333, 6.28232192993, 32.7245941162, -15.9625473022, 91.53565979, -79.1657943726, -5.69557952881], [-4009.25488281, -3.33576440811, 1210.40209961, 54.8795509338, 65.6192855835, -103.564186096, 23.4433383942, 31.0148620605, 194.38104248, 53.213722229, -52.835105896, 99.2413711548, -4.89859867096], [1415.19616699, 159.741867065, 54.8795509338, 337.483551025, -6.51571035385, -14.7948675156, -31.9824390411, 67.808807373, 49.0427513123, -31.1584758759, -38.4621086121, 9.56465435028, 6.90669250488], [-1449.74682617, 221.293243408, 65.6192855835, -6.51571035385, 442.3644104, 69.964515686, 159.042236328, 35.6998825073, 46.8949508667, -17.2161540985, 80.7343292236, -49.1596755981, 33.5281715393], [483.643188477, -33.9230232239, -103.564186096, -14.7948675156, 69.964515686, 212.424468994, 87.315574646, -27.7409572601, -46.5870933533, 9.8781003952, -1.55708646774, -25.7581958771, -2.20982193947], [-737.361816406, 120.487991333, 23.4433383942, -31.9824390411, 159.042236328, 87.315574646, 190.146560669, 20.359287262, 9.49903583527, -0.697397530079, 41.3429107666, -38.2684288025, 9.40641117096], [59.4021377563, 6.28232192993, 31.0148620605, 67.808807373, 35.6998825073, -27.7409572601, 20.359287262, 150.321136475, 69.764213562, -11.5540208817, -4.89871835709, 3.5773639679, 4.72645044327], [-880.287353516, 32.7245941162, 194.38104248, 49.0427513123, 46.8949508667, -46.5870933533, 9.49903583527, 69.764213562, 142.854064941, 29.8911399841, -5.34341859818, 22.9723033905, 15.9292211533], [-211.101593018, -15.9625473022, 53.213722229, -31.1584758759, -17.2161540985, 9.8781003952, -0.697397530079, -11.5540208817, 29.8911399841, 89.3618087769, 43.8855514526, 19.3985290527, -7.72938919067], [-230.033691406, 91.53565979, -52.835105896, -38.4621086121, 80.7343292236, -1.55708646774, 41.3429107666, -4.89871835709, -5.34341859818, 43.8855514526, 150.463195801, 14.8639984131, -3.83498907089], [-226.329391479, -79.1657943726, 99.2413711548, 9.56465435028, -49.1596755981, -25.7581958771, -38.2684288025, 3.5773639679, 22.9723033905, 19.3985290527, 14.8639984131, 91.4873199463, 15.4706764221], [-276.861541748, -5.69557952881, -4.89859867096, 6.90669250488, 33.5281715393, -2.20982193947, 9.40641117096, 4.72645044327, 15.9292211533, -7.72938919067, -3.83498907089, 15.4706764221, 67.3014678955]], "icov": [[0.00014903130068, -0.000395816838136, 0.000399942946387, -0.000457453919807, 0.00037921834155, -0.000519620545674, 0.000520424218848, -0.000471209437819, 0.000600477098487, -0.000292457436444, 0.000264074362349, -0.000249798962614, 0.000306768488372], [-0.000395816838136, 0.00268954597414, -0.00100153824314, 9.64241698966e-05, -0.00141473917756, 0.0023312815465, -0.00237570609897, 0.00215238751844, -0.001878052135, 0.000857826031279, -0.00157693470828, 0.00187293766066, -0.000498618464917], [0.000399942946387, -0.00100153824314, 0.00248263566755, -0.00139289465733, 0.000483475858346, -0.000511342659593, 0.000439824943896, -0.000408568157582, 0.000195621847524, -0.00144903420005, 0.00207113847136, -0.00253946892917, 0.00208277651109], [-0.000457453919807, 9.64241698966e-05, -0.00139289465733, 0.00580371078104, -0.00076196360169, 0.000120669188618, 0.00022968405392, -0.00041946809506, -0.00287853763439, 0.00258408486843, -0.000320558203384, 2.90353800665e-05, -0.00123661733232], [0.00037921834155, -0.00141473917756, 0.000483475858346, -0.00076196360169, 0.0056514297612, -0.00301526370458, 3.83208862331e-05, -0.00136641424615, -0.000628627138212, 0.00230241124518, -0.00261775939725, 0.00186394806951, -0.00143457646482], [-0.000519620545674, 0.0023312815465, -0.000511342659593, 0.000120669188618, -0.00301526370458, 0.0105515103787, -0.00669728033245, 0.00302715040743, 0.0011313513387, -0.00333281233907, 0.00234728702344, -0.000275898433756, 0.000128789266455], [0.000520424218848, -0.00237570609897, 0.000439824943896, 0.00022968405392, 3.83208862331e-05, -0.00669728033245, 0.0130758760497, -0.00401881849393, 0.00144223065581, 0.000767024233937, -0.00178620393854, 0.00238262326457, -0.000738768314477], [-0.000471209437819, 0.00215238751844, -0.000408568157582, -0.00041946809506, -0.00136641424615, 0.00302715040743, -0.00401881849393, 0.0123768635094, -0.00803122483194, 0.00368676381186, -0.00139164575376, 0.000450607709354, 0.000871026306413], [0.000600477098487, -0.001878052135, 0.000195621847524, -0.00287853763439, -0.000628627138212, 0.0011313513387, 0.00144223065581, -0.00803122483194, 0.0189898572862, -0.00960053876042, 0.00476131401956, -0.00241607683711, -0.00143682397902], [-0.000292457436444, 0.000857826031279, -0.00144903420005, 0.00258408486843, 0.00230241124518, -0.00333281233907, 0.000767024233937, 0.00368676381186, -0.00960053876042, 0.0210674777627, -0.00874290987849, 0.00101875222754, 0.000835749378894], [0.000264074362349, -0.00157693470828, 0.00207113847136, -0.000320558203384, -0.00261775939725, 0.00234728702344, -0.00178620393854, -0.00139164575376, 0.00476131401956, -0.00874290987849, 0.0139656476676, -0.0064844363369, 0.00302044791169], [-0.000249798962614, 0.00187293766066, -0.00253946892917, 2.90353800665e-05, 0.00186394806951, -0.000275898433756, 0.00238262326457, 0.000450607709354, -0.00241607683711, 0.00101875222754, -0.0064844363369, 0.0191201325506, -0.00643503619358], [0.000306768488372, -0.000498618464917, 0.00208277651109, -0.00123661733232, -0.00143457646482, 0.000128789266455, -0.000738768314477, 0.000871026306413, -0.00143682397902, 0.000835749378894, 0.00302044791169, -0.00643503619358, 0.0192051790655]], "mean": [-81.32081604, 72.463722229, -135.862136841, 49.4636497498, -54.1714515686, 5.5654835701, -26.6942272186, 3.2354528904, -24.7577285767, -0.941071987152, -9.05508136749, -4.41252946854, -10.8542137146]}, "hfc": {"dmean": 4.33660554886, "dmean2": 5.88615894318, "dvar": 42.9494132996, "dvar2": 86.8176116943, "max": 125.602256775, "mean": 15.9986619949, "median": 7.68260574341, "min": 1.07853241187e-16, "var": 348.122436523}, "melbands": {"dmean": [0.000147232436575, 0.000253783742664, 0.000107434978418, 0.00011857431673, 4.54908586107e-05, 5.50953045604e-05, 3.11443982355e-05, 2.15645741264e-05, 1.75361874426e-05, 3.21252846334e-05, 3.00136998703e-05, 5.24007846252e-05, 4.17897936131e-05, 5.12083206559e-05, 2.28019544011e-05, 4.39300602011e-05, 3.48356006725e-05, 2.82933342532e-05, 3.3436823287e-05, 1.13596079245e-05, 9.56293388299e-06, 8.74388388183e-06, 6.53786446492e-06, 9.58412965701e-06, 1.63507102116e-05, 1.80200713658e-05, 1.22085675685e-05, 4.71357225251e-06, 4.32719662058e-06, 1.91641652236e-06, 3.21583365803e-06, 2.52108998211e-06, 8.82694962456e-07, 1.25263954942e-06, 2.18955642595e-06, 3.98413789071e-07, 2.45634652174e-07, 1.42210296872e-07, 8.7924071579e-08, 5.26035499604e-08], "dmean2": [0.000242156442255, 0.000400917575462, 0.000175202134415, 0.000195938308025, 7.31169056962e-05, 8.37140323711e-05, 4.56606794614e-05, 3.12578886223e-05, 2.72794222838e-05, 4.97670189361e-05, 4.5729069825e-05, 8.17920226837e-05, 6.71547313686e-05, 8.48381387186e-05, 3.70104826288e-05, 6.97415744071e-05, 5.64084402868e-05, 4.67518621008e-05, 5.58927713428e-05, 1.73418338818e-05, 1.5016747966e-05, 1.3098528143e-05, 1.00450797618e-05, 1.51763215399e-05, 2.58410182141e-05, 2.79647028947e-05, 1.93027935893e-05, 7.26643838789e-06, 6.82153449816e-06, 2.77415620076e-06, 5.05179195898e-06, 4.08184541811e-06, 1.22930646285e-06, 1.8482668338e-06, 3.36924472322e-06, 5.7542530385e-07, 3.44646309713e-07, 2.03441970825e-07, 1.22498221344e-07, 7.24955455667e-08], "dvar": [6.18539743868e-08, 1.50932550014e-07, 2.9989259076e-08, 5.04137638302e-08, 6.24997653631e-09, 1.00111883228e-08, 3.51000495336e-09, 2.22420282192e-09, 2.45540143773e-09, 7.68499575088e-09, 8.51858050765e-09, 4.44319496751e-08, 1.17757599227e-08, 1.99491978492e-08, 8.33746316431e-09, 2.20507985205e-08, 1.98409715324e-08, 8.0686595183e-09, 9.10026276557e-09, 1.75741088349e-09, 1.30496724537e-09, 9.11218100974e-10, 3.26915799986e-10, 4.13393624887e-10, 1.26494481556e-09, 1.83222548245e-09, 6.84953149754e-10, 6.13195536014e-11, 5.26456933603e-11, 9.54335221959e-12, 9.8354886735e-11, 6.79008307913e-11, 2.71407397424e-12, 1.34783252267e-11, 6.14001419152e-11, 6.35866630617e-13, 2.21958031382e-13, 7.44567981489e-14, 3.05949181463e-14, 1.20274265468e-14], "dvar2": [1.5660674535e-07, 3.77733272217e-07, 7.83581342034e-08, 1.33410281933e-07, 1.56842574484e-08, 2.28404903879e-08, 7.48064810097e-09, 4.60268712033e-09, 6.35209440603e-09, 1.6966302141e-08, 1.99739602635e-08, 1.13833230841e-07, 2.96581976755e-08, 5.73530698489e-08, 2.27519993956e-08, 5.31252339897e-08, 5.11758706523e-08, 2.0640475995e-08, 2.51362255455e-08, 4.39914993322e-09, 3.30453175934e-09, 2.10558970259e-09, 8.43212999424e-10, 9.85777570683e-10, 3.27323834703e-09, 4.6922044028e-09, 1.89982074517e-09, 1.50868900706e-10, 1.34331129553e-10, 2.10609221035e-11, 2.4292073908e-10, 1.77773171184e-10, 5.28512997255e-12, 3.07196316995e-11, 1.46012341107e-10, 1.46902585582e-12, 4.70648205738e-13, 1.56396027856e-13, 6.56358783513e-14, 2.48584688261e-14], "max": [0.00334394024685, 0.00401258841157, 0.0034029991366, 0.00273764575832, 0.00222293403931, 0.00255632842891, 0.00168819609098, 0.00109855167102, 0.00154331501108, 0.00319457030855, 0.00243452261202, 0.00434428406879, 0.00268569588661, 0.00228581111878, 0.00259755621664, 0.00433910358697, 0.00465836096555, 0.00277560763061, 0.00178206793498, 0.00176592287607, 0.0014238904696, 0.00100283243228, 0.000867202412337, 0.000493613420986, 0.000812008802313, 0.00103440112434, 0.000499548041262, 0.000162327865837, 0.000113600755867, 5.62467394047e-05, 0.000154954585014, 0.000118562522402, 2.77326926152e-05, 7.02647375874e-05, 0.000151937245391, 1.48348917719e-05, 9.6489684438e-06, 4.47349157184e-06, 3.17575700137e-06, 2.56674888988e-06], "mean": [0.000270752818324, 0.000545290182345, 0.000187623518286, 0.000175567300175, 8.38736450532e-05, 0.00011041527614, 6.30026333965e-05, 4.3773012294e-05, 2.82122200588e-05, 4.92765575473e-05, 4.67290446977e-05, 8.65829642862e-05, 7.0031703217e-05, 7.71420236561e-05, 3.47983987012e-05, 6.9963374699e-05, 5.42589223187e-05, 4.60009505332e-05, 5.26280236954e-05, 1.82072144526e-05, 1.62311971508e-05, 1.51934118549e-05, 1.21974999274e-05, 1.71806732396e-05, 3.15745091939e-05, 3.85331477446e-05, 2.53157013503e-05, 1.07719097286e-05, 9.06787499844e-06, 4.10589291278e-06, 4.7123207878e-06, 3.35551521857e-06, 1.59390458521e-06, 1.99095666176e-06, 2.99591329167e-06, 8.1953606923e-07, 4.91229968702e-07, 2.73974080756e-07, 1.69613528556e-07, 9.95268720771e-08], "median": [9.60372999543e-05, 0.000297901686281, 0.000108892119897, 8.25099559734e-05, 4.73208019685e-05, 4.80030685139e-05, 2.4885404855e-05, 1.77552246896e-05, 1.05015096779e-05, 1.92328443518e-05, 1.3104714526e-05, 5.64530637348e-06, 9.56436815613e-06, 7.15279293217e-06, 3.55062911694e-06, 8.46781949804e-06, 8.02551403467e-06, 3.72383078684e-06, 5.570373105e-06, 4.27489703725e-06, 4.64426375402e-06, 4.41300380771e-06, 4.61732179247e-06, 7.42577685742e-06, 9.65278923104e-06, 7.89416117186e-06, 6.44190504318e-06, 5.21950278198e-06, 4.12933968619e-06, 2.14917599806e-06, 1.28586384562e-06, 7.34257127988e-07, 4.57926773834e-07, 5.09401047566e-07, 5.8960563365e-07, 3.72094291379e-07, 1.95674914494e-07, 1.07153724116e-07, 6.21793674327e-08, 3.5823070732e-08], "min": [4.38723464021e-25, 8.29484480827e-25, 1.33603987542e-24, 1.21217096393e-24, 2.0496424642e-24, 2.0902697869e-24, 1.56583614179e-24, 1.81243415937e-24, 1.54766788628e-24, 2.67195018043e-24, 2.33426959248e-24, 2.29363655054e-24, 3.15118534972e-24, 2.3476754947e-24, 1.37326868672e-24, 3.01562315303e-24, 3.38635504076e-24, 2.6757901581e-24, 3.30517001234e-24, 3.04555056362e-24, 3.79304241968e-24, 3.68965785932e-24, 3.66781390642e-24, 3.64432833398e-24, 3.54409724509e-24, 4.34825968529e-24, 5.00931407981e-24, 4.74684704044e-24, 4.72532691494e-24, 5.00662524741e-24, 4.99722675859e-24, 5.14391465505e-24, 5.91306863157e-24, 5.22539688681e-24, 5.07194450809e-24, 5.58124730799e-24, 5.55390223357e-24, 6.68645839672e-24, 5.44013389712e-24, 5.88056756227e-24], "var": [1.79232927167e-07, 4.1168314624e-07, 6.50946532232e-08, 7.20417574485e-08, 1.2809628025e-08, 3.33028005173e-08, 1.26929160515e-08, 6.77160683082e-09, 4.30451629896e-09, 1.14600089418e-08, 1.44508103261e-08, 1.1110780207e-07, 3.29770450946e-08, 3.8349579512e-08, 1.46987506611e-08, 5.3021597779e-08, 3.3137936839e-08, 1.74124785701e-08, 1.84957453797e-08, 3.45574058258e-09, 2.57623611333e-09, 2.24915086555e-09, 7.82076681194e-10, 9.14626596682e-10, 3.10074943499e-09, 5.30006705191e-09, 1.92136107025e-09, 1.95957042259e-10, 1.58057913979e-10, 2.94916972787e-11, 1.15477974405e-10, 6.74887784546e-11, 6.75167647485e-12, 2.04209878174e-11, 7.32129912251e-11, 1.47391560762e-12, 5.87430278032e-13, 1.88084397774e-13, 7.42333305286e-14, 2.75998469142e-14]}, "melbands_crest": {"dmean": 2.96147465706, "dmean2": 4.76666069031, "dvar": 7.22932863235, "dvar2": 17.470911026, "max": 37.8300437927, "mean": 12.6639051437, "median": 11.8488502502, "min": 1.00036752224, "var": 29.2221450806}, "melbands_flatness_db": {"dmean": 0.0219812579453, "dmean2": 0.0318880304694, "dvar": 0.000485824712086, "dvar2": 0.000875080237165, "max": 0.430512607098, "mean": 0.153196573257, "median": 0.146775245667, "min": -5.17719165316e-08, "var": 0.00397027470171}, "melbands_kurtosis": {"dmean": 4.45639514923, "dmean2": 6.72380638123, "dvar": 92.1282196045, "dvar2": 187.695007324, "max": 381.008972168, "mean": 8.5176782608, "median": 1.95505452156, "min": -1.88367879391, "var": 367.45111084}, "melbands_skewness": {"dmean": 0.582468092442, "dmean2": 0.862374722958, "dvar": 0.407691419125, "dvar2": 0.833316385746, "max": 15.8154649734, "mean": 2.01337909698, "median": 1.60880184174, "min": -0.988034665585, "var": 3.16804552078}, "melbands_spread": {"dmean": 10.847076416, "dmean2": 16.6288948059, "dvar": 147.301879883, "dvar2": 332.208282471, "max": 193.264892578, "mean": 45.6632881165, "median": 43.1319580078, "min": 0.839945673943, "var": 800.824035645}, "mfcc": {"cov": [[14136.0585938, 1010.39837646, -887.659118652, 600.763793945, -323.397918701, 201.672714233, 165.842056274, 132.759963989, -465.622283936, 230.084838867, -231.159637451, -271.330780029, 27.7917041779], [1010.39837646, 1119.8067627, -32.3132324219, 269.559509277, 123.813926697, 63.5828132629, 171.758346558, 16.937707901, -8.41617202759, 79.9167175293, 24.6814308167, 59.6078224182, 17.2637443542], [-887.659118652, -32.3132324219, 741.744934082, 140.750289917, -7.53854513168, -26.4518642426, -182.951385498, -5.33316278458, 121.049484253, -152.755477905, 55.737449646, 147.699066162, -2.78901839256], [600.763793945, 269.559509277, 140.750289917, 343.408935547, 115.928016663, -50.5405502319, -26.0265045166, 57.0686683655, 67.3056640625, -0.494326889515, -10.1248893738, 78.5141525269, 26.4967212677], [-323.397918701, 123.813926697, -7.53854513168, 115.928016663, 218.943405151, 7.21996545792, 45.0338020325, 49.2881469727, 51.7013893127, 38.1451950073, 14.7497425079, 13.2842464447, 32.4880447388], [201.672714233, 63.5828132629, -26.4518642426, -50.5405502319, 7.21996545792, 216.074264526, 102.037979126, -1.64722049236, -5.6598649025, 18.4169082642, 14.5409803391, -39.4042510986, -13.4178943634], [165.842056274, 171.758346558, -182.951385498, -26.0265045166, 45.0338020325, 102.037979126, 244.734863281, 39.8614997864, -39.1055259705, 87.6508865356, 0.0892840921879, -34.6880264282, 17.6521282196], [132.759963989, 16.937707901, -5.33316278458, 57.0686683655, 49.2881469727, -1.64722049236, 39.8614997864, 110.978691101, 57.5008506775, 16.2916240692, 3.19066381454, 8.94659614563, 14.8627557755], [-465.622283936, -8.41617202759, 121.049484253, 67.3056640625, 51.7013893127, -5.6598649025, -39.1055259705, 57.5008506775, 183.222457886, 3.11441493034, 0.116182669997, 38.8528060913, -8.49756813049], [230.084838867, 79.9167175293, -152.755477905, -0.494326889515, 38.1451950073, 18.4169082642, 87.6508865356, 16.2916240692, 3.11441493034, 137.577270508, 9.30477333069, -30.8992900848, 12.6849822998], [-231.159637451, 24.6814308167, 55.737449646, -10.1248893738, 14.7497425079, 14.5409803391, 0.0892840921879, 3.19066381454, 0.116182669997, 9.30477333069, 114.321060181, 33.1597862244, -12.0345811844], [-271.330780029, 59.6078224182, 147.699066162, 78.5141525269, 13.2842464447, -39.4042510986, -34.6880264282, 8.94659614563, 38.8528060913, -30.8992900848, 33.1597862244, 132.778640747, 26.738615036], [27.7917041779, 17.2637443542, -2.78901839256, 26.4967212677, 32.4880447388, -13.4178943634, 17.6521282196, 14.8627557755, -8.49756813049, 12.6849822998, -12.0345811844, 26.738615036, 98.374168396]], "icov": [[0.000155743618961, -8.45280155772e-05, 0.000174437009264, -0.000539084256161, 0.000529425451532, -0.000359029247193, 0.000369715882698, -0.000497989822179, 0.000504472118337, -0.000261229113676, 0.000142219258123, 0.000219507521251, -5.8939524024e-05], [-8.45280155772e-05, 0.00148900644854, 2.53655230154e-06, -0.00109721824992, -0.000309424009174, -1.05540320874e-05, -0.00134618836455, 0.00117487763055, -0.000191263665329, -2.9843125958e-05, -0.000399143842515, -0.000509957550094, 0.000300084502669], [0.000174437009264, 2.53655230154e-06, 0.00296649849042, -0.0015341672115, 0.000991012551822, -0.00110474869143, 0.00121764652431, 0.000179961571121, -0.000890478375368, 0.00196888879873, -0.00112051854376, -0.00106845400296, -0.000453514629044], [-0.000539084256161, -0.00109721824992, -0.0015341672115, 0.00812467187643, -0.00423687743023, 0.00182141410187, 0.000485535420012, -0.0010579082882, -0.00104238197673, -0.00022668618476, 0.00191286753397, -0.00293140113354, 0.000803343427833], [0.000529425451532, -0.000309424009174, 0.000991012551822, -0.00423687743023, 0.0087771601975, -0.00120685715228, 0.000127753417473, -0.0018771616742, -0.000241466841544, -0.000912782910746, -0.00148619536776, 0.00226593669504, -0.00242942920886], [-0.000359029247193, -1.05540320874e-05, -0.00110474869143, 0.00182141410187, -0.00120685715228, 0.00778463482857, -0.00467206770554, 0.00265663838945, -0.0025470033288, 0.00193567760289, -0.00163778301794, 0.00200602016412, 0.000263491674559], [0.000369715882698, -0.00134618836455, 0.00121764652431, 0.000485535420012, 0.000127753417473, -0.00467206770554, 0.0107455179095, -0.00583832710981, 0.00415851781145, -0.00451915152371, 0.00190740998369, -0.00118655734695, -0.000192192819668], [-0.000497989822179, 0.00117487763055, 0.000179961571121, -0.0010579082882, -0.0018771616742, 0.00265663838945, -0.00583832710981, 0.0164183788002, -0.00709051359445, 0.00304227066226, -0.00273587484844, 0.0010645420989, -0.00185489933938], [0.000504472118337, -0.000191263665329, -0.000890478375368, -0.00104238197673, -0.000241466841544, -0.0025470033288, 0.00415851781145, -0.00709051359445, 0.0114608993754, -0.00434029148892, 0.00320856506005, -0.00215920945629, 0.00273302919231], [-0.000261229113676, -2.9843125958e-05, 0.00196888879873, -0.00022668618476, -0.000912782910746, 0.00193567760289, -0.00451915152371, 0.00304227066226, -0.00434029148892, 0.0135309044272, -0.00375720323063, 0.00249259429984, -0.002144158585], [0.000142219258123, -0.000399143842515, -0.00112051854376, 0.00191286753397, -0.00148619536776, -0.00163778301794, 0.00190740998369, -0.00273587484844, 0.00320856506005, -0.00375720323063, 0.0123099796474, -0.00463120965287, 0.00334774609655], [0.000219507521251, -0.000509957550094, -0.00106845400296, -0.00293140113354, 0.00226593669504, 0.00200602016412, -0.00118655734695, 0.0010645420989, -0.00215920945629, 0.00249259429984, -0.00463120965287, 0.0144183328375, -0.00462934188545], [-5.8939524024e-05, 0.000300084502669, -0.000453514629044, 0.000803343427833, -0.00242942920886, 0.000263491674559, -0.000192192819668, -0.00185489933938, 0.00273302919231, -0.002144158585, 0.00334774609655, -0.00462934188545, 0.01323339995]], "mean": [-697.508300781, 91.6666641235, -17.1878643036, 39.4332466125, -3.88620448112, 7.22703075409, 4.95510339737, 4.1236333847, -8.48251342773, 7.80827236176, -3.6142578125, -2.47826147079, -3.29306316376]}, "pitch_salience": {"dmean": 0.0659084916115, "dmean2": 0.105733849108, "dvar": 0.00341351353563, "dvar2": 0.00809330586344, "max": 0.996098458767, "mean": 0.532813608646, "median": 0.536707043648, "min": 0.0870660766959, "var": 0.0125065026805}, "silence_rate_20dB": {"dmean": 0, "dmean2": 0, "dvar": 0, "dvar2": 0, "max": 1, "mean": 1, "median": 1, "min": 1, "var": 0}, "silence_rate_30dB": {"dmean": 0, "dmean2": 0, "dvar": 0, "dvar2": 0, "max": 1, "mean": 1, "median": 1, "min": 1, "var": 0}, "silence_rate_60dB": {"dmean": 0.0442908741534, "dmean2": 0.0885956659913, "dvar": 0.0423314124346, "dvar2": 0.0892285630107, "max": 1, "mean": 0.212311550975, "median": 0, "min": 0, "var": 0.167249321938}, "spectral_centroid": {"dmean": 287.587738037, "dmean2": 442.025360107, "dvar": 110949.78125, "dvar2": 230608, "max": 11942.0664062, "mean": 2433.1628418, "median": 2453.54248047, "min": 286.589569092, "var": 1797583.25}, "spectral_complexity": {"dmean": 2.62321352959, "dmean2": 3.73578381538, "dvar": 7.44022035599, "dvar2": 12.5678014755, "max": 46, "mean": 14.045539856, "median": 13, "min": 0, "var": 80.4548034668}, "spectral_contrast_coeffs": {"dmean": [0.0473468452692, 0.0421083495021, 0.0365078039467, 0.0303934980184, 0.022589718923, 0.0167430639267], "dmean2": [0.0796383693814, 0.0678804516792, 0.0583926439285, 0.0486490614712, 0.0344230420887, 0.0252785906196], "dvar": [0.00148681516293, 0.00111595029011, 0.000904680287931, 0.000612819683738, 0.000381143152481, 0.000281291868305], "dvar2": [0.00412358297035, 0.00287136645056, 0.00225165532902, 0.0014548371546, 0.000798075518105, 0.000571770244278], "max": [-0.397021055222, -0.470119833946, -0.481720387936, -0.502334296703, -0.548177659512, -0.60411965847], "mean": [-0.672547280788, -0.749732136726, -0.73749101162, -0.741415739059, -0.755587995052, -0.736249089241], "median": [-0.669799089432, -0.752405166626, -0.747948765755, -0.750250697136, -0.762934148312, -0.726090788841], "min": [-0.987125873566, -0.998659133911, -0.998415768147, -0.986891031265, -0.987687110901, -0.965389788151], "var": [0.00647615967318, 0.00548655260354, 0.00744710629806, 0.00631943298504, 0.00489580258727, 0.00258886930533]}, "spectral_contrast_valleys": {"dmean": [0.421862393618, 0.349711805582, 0.291145116091, 0.252491265535, 0.234421804547, 0.261021614075], "dmean2": [0.699806451797, 0.548509836197, 0.45676022768, 0.372615933418, 0.300599306822, 0.321086138487], "dvar": [0.145112290978, 0.113632000983, 0.0881272703409, 0.0788140743971, 0.0867823064327, 0.116562731564], "dvar2": [0.340377509594, 0.241133660078, 0.176464527845, 0.143346324563, 0.139603823423, 0.186630263925], "max": [-6.21699476242, -5.59919548035, -6.02650356293, -6.54557180405, -6.00365638733, -8.64774608612], "mean": [-8.58286380768, -8.09595489502, -8.71688842773, -8.8939666748, -8.1654882431, -11.0872936249], "median": [-7.97492265701, -7.50721168518, -8.18231773376, -8.37321281433, -7.60066461563, -10.6301574707], "min": [-28.5148792267, -27.8900527954, -27.7096118927, -27.7027683258, -27.5715293884, -27.4188270569], "var": [8.26316547394, 8.28860569, 7.84115457535, 7.73776578903, 8.28546905518, 6.40284776688]}, "spectral_decrease": {"dmean": 6.09920169925e-10, "dmean2": 8.92467266755e-10, "dvar": 5.54495819035e-19, "dvar2": 1.2820553998e-18, "max": 2.12765642085e-28, "mean": -2.41171549398e-09, "median": -1.86528392732e-09, "min": -1.63643285589e-08, "var": 4.63919903852e-18}, "spectral_energy": {"dmean": 0.0026087583974, "dmean2": 0.00374896358699, "dvar": 1.02916674223e-05, "dvar2": 2.30207297136e-05, "max": 0.073155105114, "mean": 0.0105534847826, "median": 0.00793006829917, "min": 1.00422699044e-20, "var": 9.306659922e-05}, "spectral_energyband_high": {"dmean": 0.000315408309689, "dmean2": 0.000450177991297, "dvar": 4.12236715874e-07, "dvar2": 8.69836128459e-07, "max": 0.00890755001456, "mean": 0.000728442566469, "median": 0.000384574639611, "min": 7.04714988057e-21, "var": 1.0017030263e-06}, "spectral_energyband_low": {"dmean": 0.000992771936581, "dmean2": 0.00157613365445, "dvar": 2.28359090215e-06, "dvar2": 5.78439085075e-06, "max": 0.0167882591486, "mean": 0.00218358705752, "median": 0.00125537649728, "min": 1.01950087806e-23, "var": 6.48895093036e-06}, "spectral_energyband_middle_high": {"dmean": 0.00157534191385, "dmean2": 0.00228906190023, "dvar": 8.28048905532e-06, "dvar2": 1.88626818272e-05, "max": 0.0692335143685, "mean": 0.00535638909787, "median": 0.00148979853839, "min": 1.14261885076e-21, "var": 6.58186763758e-05}, "spectral_energyband_middle_low": {"dmean": 0.000941685109865, "dmean2": 0.0014349889243, "dvar": 1.63611548487e-06, "dvar2": 3.76217985831e-06, "max": 0.0218872632831, "mean": 0.00243440503255, "median": 0.00184591091238, "min": 1.65692344533e-22, "var": 5.13107943334e-06}, "spectral_entropy": {"dmean": 0.124222822487, "dmean2": 0.17161680758, "dvar": 0.0159156732261, "dvar2": 0.0275276824832, "max": 9.82926940918, "mean": 7.62206172943, "median": 7.59530115128, "min": 6.24891471863, "var": 0.19972269237}, "spectral_flux": {"dmean": 0.0116263153031, "dmean2": 0.0177331101149, "dvar": 0.000146459628013, "dvar2": 0.000355510157533, "max": 0.200662866235, "mean": 0.0493359602988, "median": 0.046100884676, "min": 6.40143563158e-11, "var": 0.000920289137866}, "spectral_kurtosis": {"dmean": 1.2887018919, "dmean2": 2.20860147476, "dvar": 2.33229470253, "dvar2": 7.07113552094, "max": 22.722990036, "mean": 3.42771053314, "median": 2.88670754433, "min": -1.25775587559, "var": 5.46601009369}, "spectral_rms": {"dmean": 0.000378041760996, "dmean2": 0.000524485018104, "dvar": 1.42150710758e-07, "dvar2": 2.79971715145e-07, "max": 0.00844812579453, "mean": 0.00284205493517, "median": 0.0027814838104, "min": 3.13006977108e-12, "var": 2.21879190576e-06}, "spectral_rolloff": {"dmean": 603.207214355, "dmean2": 982.065429688, "dvar": 686272.5, "dvar2": 1376407.25, "max": 19530.6152344, "mean": 2998.60620117, "median": 3100.78125, "min": 21.533203125, "var": 7183345}, "spectral_skewness": {"dmean": 0.175303384662, "dmean2": 0.289267957211, "dvar": 0.0306198485196, "dvar2": 0.0870445221663, "max": 2.8693356514, "mean": 0.993930280209, "median": 0.960784077644, "min": -0.0837720781565, "var": 0.105640776455}, "spectral_spread": {"dmean": 368565, "dmean2": 537433.9375, "dvar": 772252827648, "dvar2": 1503684460540.0, "max": 42352548, "mean": 4528802, "median": 3805715.5, "min": 1725385.75, "var": 24649329