{"lowlevel": {"average_loudness": 0.930634021759, "barkbands": {"dmean": [4.50809711765e-05, 0.00243105343543, 0.00151051895227, 0.000690696993843, 0.000602092244662, 0.000272277888143, 0.000139337033033, 0.000214375337237, 0.000167526523001, 0.000148260776768, 0.000174863729626, 0.000228037402849, 0.000240917186602, 0.000218686152948, 0.000220982110477, 0.000239110988332, 0.000337677629432, 0.000329837785102, 0.000422235578299, 0.000419855176006, 0.000291607633699, 0.000330435606884, 0.000188536985661, 0.000148635634105, 7.92732462287e-05, 2.85899750452e-05, 7.53820359023e-06], "dmean2": [6.43241946818e-05, 0.00381907750852, 0.00260866689496, 0.00113164749928, 0.000950225221459, 0.000441228883574, 0.000232618927839, 0.000361895130482, 0.000280613952782, 0.000234786028159, 0.00029152573552, 0.000359173718607, 0.000402490200941, 0.000354871706804, 0.000362995779142, 0.000414711277699, 0.00056198326638, 0.000545366550796, 0.000713941175491, 0.000716881768312, 0.000452949199826, 0.000497197732329, 0.000276338221738, 0.000227459750022, 0.000119245290989, 4.11163564422e-05, 1.12298239401e-05], "dvar": [8.71684235904e-09, 3.63396393368e-05, 1.18783045764e-05, 1.93172445506e-06, 1.40022211781e-06, 3.86373670835e-07, 1.88226110254e-07, 4.28778804462e-07, 3.67870512719e-07, 2.20199140699e-07, 3.2874706335e-07, 4.00524641009e-07, 5.38039557796e-07, 4.11047267335e-07, 5.62339323551e-07, 4.36637520806e-07, 5.91247555803e-07, 7.03012972281e-07, 1.28861006488e-06, 1.11683345949e-06, 5.23843766587e-07, 8.75897569586e-07, 3.3653921605e-07, 2.32403706946e-07, 5.16433296127e-08, 6.04059735565e-09, 4.1981723653e-10], "dvar2": [1.89521340843e-08, 7.12057080818e-05, 3.30107977788e-05, 5.01851263834e-06, 3.38556469615e-06, 9.64663740888e-07, 4.91519301704e-07, 1.18170066798e-06, 8.98965367924e-07, 4.85947396101e-07, 7.66324887991e-07, 8.53432084114e-07, 1.38948269068e-06, 9.99917347144e-07, 1.39877397487e-06, 1.18772140922e-06, 1.51670474224e-06, 1.74892954874e-06, 3.47822378899e-06, 2.95823224405e-06, 1.19401374832e-06, 1.89991885691e-06, 6.78264655107e-07, 4.96238897085e-07, 1.15221510555e-07, 1.26572974324e-08, 8.76863248678e-10], "max": [0.00261151697487, 0.0474771857262, 0.031712628901, 0.0278703514487, 0.0254075229168, 0.015810392797, 0.0144467400387, 0.0165801402181, 0.0172621421516, 0.019271068275, 0.0207859203219, 0.0138587318361, 0.0189411342144, 0.0252898614854, 0.0302286427468, 0.0104469638318, 0.022239645943, 0.0177922621369, 0.0140402307734, 0.0186264347285, 0.0117208780721, 0.024149922654, 0.0126325720921, 0.0104533135891, 0.0046935044229, 0.00179649959318, 0.000526556570549], "mean": [8.07573887869e-05, 0.00303261959925, 0.00175557599869, 0.00115144497249, 0.00113662017975, 0.000371806381736, 0.000148137638462, 0.000239995701122, 0.000198871231987, 0.000208163983189, 0.000230845354963, 0.000331073795678, 0.000282099441392, 0.000273565150565, 0.000301353778923, 0.000251022604061, 0.000477916066302, 0.000411607383285, 0.00046405143803, 0.000427143968409, 0.000393006077502, 0.000423929188401, 0.000247653020779, 0.000185107361176, 0.000101481600723, 3.90334389522e-05, 9.4525375971e-06], "median": [1.99353435164e-05, 0.000321247673128, 0.000573326833546, 0.000374713825295, 0.000441527517978, 0.000149159866851, 3.92597285099e-05, 6.73054382787e-05, 3.66077256331e-05, 5.55467995582e-05, 3.2590025512e-05, 3.87582622352e-05, 4.96511565871e-05, 6.06830581091e-05, 5.15612991876e-05, 4.95448475704e-05, 0.000124832440633, 8.84055480128e-05, 9.09574664547e-05, 8.46895418363e-05, 5.74443038204e-05, 3.44461041095e-05, 1.93733103515e-05, 2.43628910539e-05, 1.49874413182e-05, 6.31585771771e-06, 1.08709309643e-06], "min": [4.02473998875e-25, 1.03564089329e-23, 2.22416669822e-24, 1.32320570013e-23, 1.83099885693e-23, 1.72803010515e-23, 1.91364118753e-23, 1.53334649126e-23, 3.96043957152e-23, 3.76966365901e-23, 3.09698650345e-23, 4.32844917914e-23, 4.64512634549e-23, 6.52908806142e-23, 5.09019882832e-23, 1.10867559227e-22, 8.45838435139e-23, 1.38175008136e-22, 1.69059556286e-22, 2.49287947281e-22, 3.43790303039e-22, 3.64960780137e-22, 4.57908486688e-22, 7.13824203481e-22, 9.7916495269e-22, 1.42690806416e-21, 2.11313021389e-21], "var": [1.73251102353e-08, 4.7837744205e-05, 9.96984999801e-06, 3.9356104935e-06, 3.80680421586e-06, 5.09935091486e-07, 1.79571557624e-07, 4.42350881258e-07, 4.97868313687e-07, 4.47707833473e-07, 5.13904581112e-07, 8.07793526292e-07, 6.09575351973e-07, 5.01643853568e-07, 8.5931145577e-07, 4.1972768372e-07, 9.71313056652e-07, 8.81714527168e-07, 1.18237289826e-06, 9.88610509012e-07, 7.55146572828e-07, 1.50894197759e-06, 6.46621231226e-07, 3.45699533e-07, 8.65346549972e-08, 1.28892088114e-08, 7.68436925203e-10]}, "barkbands_crest": {"dmean": 3.16723918915, "dmean2": 5.01196670532, "dvar": 9.68802070618, "dvar2": 20.9183292389, "max": 26.5336513519, "mean": 9.61166858673, "median": 8.52966308594, "min": 2.14091062546, "var": 23.2728729248}, "barkbands_flatness_db": {"dmean": 0.0341696441174, "dmean2": 0.0494859293103, "dvar": 0.00133567012381, "dvar2": 0.00252786278725, "max": 0.599719405174, "mean": 0.119634084404, "median": 0.102530136704, "min": 0.0185213480145, "var": 0.00442030420527}, "barkbands_kurtosis": {"dmean": 12.3766736984, "dmean2": 19.0620002747, "dvar": 9397.32226562, "dvar2": 21680.1894531, "max": 2956.3894043, "mean": 11.7870988846, "median": 0.489921569824, "min": -1.93378591537, "var": 8862.33984375}, "barkbands_skewness": {"dmean": 1.11710739136, "dmean2": 1.63404881954, "dvar": 3.0933611393, "dvar2": 5.52893447876, "max": 44.5269355774, "mean": 1.42523574829, "median": 0.951594889164, "min": -6.18876934052, "var": 7.77679491043}, "barkbands_spread": {"dmean": 12.4080228806, "dmean2": 19.2376174927, "dvar": 192.967636108, "dvar2": 438.968078613, "max": 120.027893066, "mean": 32.0381507874, "median": 30.0472412109, "min": 0.0979439914227, "var": 427.884857178}, "dissonance": {"dmean": 0.0136428801343, "dmean2": 0.0213139541447, "dvar": 0.000328624941176, "dvar2": 0.000751866959035, "max": 0.500000119209, "mean": 0.475802838802, "median": 0.48562258482, "min": 0.239556565881, "var": 0.000815296312794}, "dynamic_complexity": 5.25394535065, "erbbands": {"dmean": [0.0660081580281, 0.630415320396, 1.74194908142, 1.98739945889, 1.89330899715, 2.21477508545, 2.40847992897, 2.22395157814, 1.95782446861, 3.72470450401, 3.73378181458, 3.52843856812, 4.88543653488, 4.87215185165, 7.4281578064, 9.70899581909, 10.4872274399, 10.7235183716, 10.5960283279, 10.9976825714, 13.0127830505, 18.5747470856, 19.109462738, 21.7299308777, 18.0738945007, 20.924654007, 11.8370752335, 12.5257349014, 12.8201255798, 7.8689365387, 5.19323635101, 3.46722316742, 2.41832661629, 1.02033913136, 0.530247926712, 0.154432550073, 0.0500194840133, 0.0107003720477, 0.00137243722565, 6.91303794156e-05], "dmean2": [0.0964871346951, 0.995268166065, 3.00284314156, 3.29614782333, 3.02512598038, 3.49529743195, 3.87492537498, 3.62890172005, 3.22256612778, 6.24826717377, 6.21976709366, 5.82568883896, 7.99298906326, 7.65519857407, 11.9744586945, 15.2787218094, 17.4804115295, 17.4484577179, 17.0242042542, 17.9179916382, 22.0338668823, 30.8988018036, 31.3079223633, 37.9015884399, 29.6596069336, 35.9383621216, 18.6449012756, 19.594417572, 19.494512558, 11.5576286316, 7.64372682571, 5.36938333511, 3.77247333527, 1.52978932858, 0.818265140057, 0.22495546937, 0.0722718387842, 0.0162056833506, 0.00204511079937, 9.9234348454e-05], "dvar": [0.0259791538119, 2.40686416626, 18.1626014709, 13.4728012085, 18.1846160889, 24.3740062714, 26.0146789551, 32.6125183105, 29.847820282, 107.997810364, 153.31552124, 156.36289978, 258.799072266, 297.680145264, 483.383178711, 730.516174316, 1033.19726562, 1030.51000977, 978.898498535, 776.726074219, 1228.55224609, 1809.53417969, 2269.11889648, 4001.06713867, 1631.49853516, 2882.86694336, 1032.04162598, 921.09765625, 1190.25842285, 668.90246582, 268.460723877, 130.360153198, 63.6124649048, 10.7915735245, 1.95899713039, 0.175400793552, 0.0194863975048, 0.000985737191513, 1.38609248097e-05, 3.43264154878e-08], "dvar2": [0.0513786152005, 5.2903470993, 50.295955658, 35.9520263672, 46.2274246216, 56.0725135803, 66.5318984985, 81.3668289185, 75.7716445923, 291.415100098, 408.514068604, 375.826934814, 637.591491699, 645.123413086, 1163.69714355, 1534.87255859, 2652.9777832, 2461.03637695, 2336.28979492, 1912.21569824, 3214.07910156, 4679.42822266, 5783.11230469, 11160.9140625, 4061.76147461, 7669.07324219, 2417.95410156, 2146.87109375, 2654.31420898, 1352.00720215, 559.846008301, 283.546936035, 141.960083008, 23.6652736664, 4.47702074051, 0.37562507391, 0.0410459898412, 0.00204883120023, 3.04218465317e-05, 7.11817023102e-08], "max": [1.43939554691, 12.3889989853, 36.6871261597, 48.7347755432, 80.3477859497, 132.592468262, 124.979934692, 175.704421997, 143.781677246, 234.354476929, 344.366607666, 294.925384521, 518.376647949, 729.204345703, 539.701049805, 644.366760254, 948.005187988, 1384.43798828, 1067.00793457, 682.124816895, 1064.55712891, 1025.87854004, 1010.95910645, 662.994018555, 831.642089844, 803.616210938, 603.453186035, 435.78036499, 667.438659668, 659.46105957, 304.771697998, 252.87298584, 199.865310669, 68.341758728, 34.4114570618, 10.5302448273, 3.29581570625, 0.830677270889, 0.0850153639913, 0.00447697006166], "mean": [0.0766848102212, 0.721114039421, 1.89248144627, 3.2167494297, 3.51704096794, 4.0627040863, 3.72033882141, 2.91752624512, 2.28491425514, 4.23086833954, 4.28631019592, 4.41463565826, 6.3351020813, 7.21082544327, 10.7043991089, 14.2636346817, 12.9223012924, 13.752664566, 14.4876279831, 14.5646877289, 15.9497947693, 26.4026374817, 24.6816692352, 23.0603790283, 22.0570106506, 20.4401130676, 15.2949647903, 16.7784481049, 15.9181938171, 10.6332464218, 6.72623062134, 4.19092416763, 2.96529841423, 1.33872509003, 0.637661457062, 0.208758726716, 0.0656336992979, 0.0141200805083, 0.00166540103965, 9.19411832001e-05], "median": [0.00738286692649, 0.0886472612619, 0.612936615944, 1.46402084827, 1.24485325813, 1.27049660683, 1.77746558189, 0.991893291473, 0.619524121284, 1.1883225441, 1.2243373394, 0.929415106773, 1.75932574272, 1.24650073051, 1.57332396507, 1.93138754368, 2.56934547424, 3.31517505646, 3.01683759689, 2.70933818817, 3.52428722382, 6.58900499344, 6.04511737823, 3.92899894714, 5.31741762161, 3.90966892242, 2.54071712494, 2.16238689423, 1.43481838703, 0.718452632427, 0.544582009315, 0.493726700544, 0.39960950613, 0.193913161755, 0.0935646295547, 0.0367487967014, 0.0094241052866, 0.00181867182255, 0.000195216445718, 2.22251401283e-05], "min": [1.59420269247e-22, 2.42255816504e-21, 4.54505737067e-21, 2.91551503745e-20, 3.19182664314e-20, 8.88617836963e-20, 1.35577034972e-19, 1.27766278641e-19, 1.75408379331e-19, 2.28809996455e-19, 4.92530737072e-19, 7.31937227366e-19, 1.29458098223e-18, 9.77905327869e-19, 1.64932328159e-18, 1.86081661381e-18, 2.186817799e-18, 3.72724151217e-18, 2.62042711687e-18, 4.41093193104e-18, 6.06776104951e-18, 5.76958353179e-18, 7.71786312164e-18, 3.23208954313e-18, 8.79077179722e-18, 1.07656233235e-17, 1.2471276364e-17, 1.37985902272e-17, 1.20040500125e-17, 1.51604703139e-17, 1.42180071938e-17, 1.01008645873e-17, 1.21486097507e-17, 1.09568368754e-17, 7.76737070848e-18, 5.07851342108e-18, 2.79110301497e-18, 1.08130083649e-18, 2.93667599773e-19, 3.14197931771e-20], "var": [0.032265778631, 2.81584954262, 14.0273914337, 22.2536449432, 39.4924087524, 78.2012329102, 42.9340019226, 41.4111480713, 33.8347816467, 113.213699341, 173.359985352, 214.007644653, 324.001464844, 673.210083008, 814.659790039, 1455.19104004, 1208.7076416, 1305.55065918, 1472.74633789, 1233.74121094, 1455.27978516, 3007.81567383, 2806.69482422, 3380.84472656, 1965.59814453, 2444.91186523, 1284.27209473, 1347.70092773, 1873.95141602, 1346.43249512, 477.444549561, 184.190811157, 91.5297241211, 17.3122520447, 3.1228890419, 0.340151965618, 0.0408151745796, 0.00208556023426, 2.28954377235e-05, 5.08714634861e-08]}, "erbbands_crest": {"dmean": 2.54059147835, "dmean2": 4.05835771561, "dvar": 6.65526580811, "dvar2": 14.7863636017, "max": 30.1401023865, "mean": 7.96412801743, "median": 6.96735906601, "min": 2.34898543358, "var": 15.7203063965}, "erbbands_flatness_db": {"dmean": 0.0232607647777, "dmean2": 0.0339697264135, "dvar": 0.000491045240778, "dvar2": 0.00107867375482, "max": 0.343564689159, "mean": 0.143850058317, "median": 0.137241512537, "min": 0.0411064215004, "var": 0.00169600872323}, "erbbands_kurtosis": {"dmean": 1.75609064102, "dmean2": 2.78852510452, "dvar": 9.82043170929, "dvar2": 22.6682949066, "max": 62.9997444153, "mean": 1.26230347157, "median": 0.128100901842, "min": -1.86660218239, "var": 14.71626091}, "erbbands_skewness": {"dmean": 0.578675746918, "dmean2": 0.848857879639, "dvar": 0.453483730555, "dvar2": 0.943464934826, "max": 6.78665971756, "mean": -0.276388525963, "median": -0.368946373463, "min": -6.10791921616, "var": 1.29282104969}, "erbbands_spread": {"dmean": 12.9328393936, "dmean2": 20.5492229462, "dvar": 229.358001709, "dvar2": 569.384643555, "max": 155.150466919, "mean": 43.0415534973, "median": 38.7916488647, "min": 3.3342871666, "var": 502.995727539}, "gfcc": {"cov": [[15789.4785156, 513.588684082, -1293.83081055, 543.74987793, 105.319496155, 204.504592896, 28.4906311035, -68.2647705078, -161.156402588, -195.126907349, -140.802597046, -226.772979736, -179.91204834], [513.588684082, 2597.63305664, 58.5789337158, 64.5146102905, 424.460449219, -255.977737427, 26.3701057434, -23.7274971008, -53.9905853271, -165.29486084, -7.66970539093, -144.058074951, 9.97642707825], [-1293.83081055, 58.5789337158, 1346.51159668, 288.902862549, 180.955154419, 189.642227173, -85.7391815186, 19.6066455841, 18.0336074829, -33.6288604736, -38.5902404785, -57.2695922852, -55.8190765381], [543.74987793, 64.5146102905, 288.902862549, 668.484985352, 314.456573486, 83.9796142578, 101.716293335, -26.3358840942, 11.4197349548, -8.9468164444, -36.2866859436, -33.5759735107, 2.74683880806], [105.319496155, 424.460449219, 180.955154419, 314.456573486, 519.878662109, 140.006546021, 113.667144775, 40.4184761047, 12.132900238, -37.5701942444, -17.9214668274, -51.9554634094, -5.63978815079], [204.504592896, -255.977737427, 189.642227173, 83.9796142578, 140.006546021, 362.273376465, 148.924667358, 42.6916542053, 32.984462738, 11.0797491074, 9.96239089966, 11.3662347794, -21.0987854004], [28.4906311035, 26.3701057434, -85.7391815186, 101.716293335, 113.667144775, 148.924667358, 306.558959961, 44.6038093567, 38.3778343201, 42.23985672, 48.7111663818, 42.3406944275, 11.8150653839], [-68.2647705078, -23.7274971008, 19.6066455841, -26.3358840942, 40.4184761047, 42.6916542053, 44.6038093567, 128.007156372, 46.372467041, 22.0981464386, 18.8247890472, 8.11502933502, -2.61793732643], [-161.156402588, -53.9905853271, 18.0336074829, 11.4197349548, 12.132900238, 32.984462738, 38.3778343201, 46.372467041, 125.117218018, 52.5607719421, 21.1998920441, 22.0975723267, 2.93687105179], [-195.126907349, -165.29486084, -33.6288604736, -8.9468164444, -37.5701942444, 11.0797491074, 42.23985672, 22.0981464386, 52.5607719421, 110.083633423, 45.548866272, 32.9791259766, 14.881070137], [-140.802597046, -7.66970539093, -38.5902404785, -36.2866859436, -17.9214668274, 9.96239089966, 48.7111663818, 18.8247890472, 21.1998920441, 45.548866272, 94.5540313721, 42.9521064758, 14.9209308624], [-226.772979736, -144.058074951, -57.2695922852, -33.5759735107, -51.9554634094, 11.3662347794, 42.3406944275, 8.11502933502, 22.0975723267, 32.9791259766, 42.9521064758, 100.435577393, 34.2832565308], [-179.91204834, 9.97642707825, -55.8190765381, 2.74683880806, -5.63978815079, -21.0987854004, 11.8150653839, -2.61793732643, 2.93687105179, 14.881070137, 14.9209308624, 34.2832565308, 72.672164917]], "icov": [[9.42549013416e-05, -5.96756399318e-05, 0.000178883768967, -0.000211413935176, 0.000147781305714, -0.000248908181675, 0.000157265763846, -8.92491225386e-05, 8.35290411487e-05, 5.01319373143e-05, -2.53915686699e-06, 8.73739118106e-05, 0.000243008078542], [-5.96756399318e-05, 0.000756171299145, -0.000259679422015, 0.000495264073834, -0.000856871251017, 0.00110739842057, -0.000657624972519, 0.000365901592886, -0.000360880600056, 0.00103503512219, -0.000680215074681, 0.000868767034262, -0.000562155270018], [0.000178883768967, -0.000259679422015, 0.00139432470314, -0.00096482259687, 0.000418144307332, -0.00135814864188, 0.00124479492661, -0.000485324620968, 9.63843631325e-05, 1.27392813738e-05, -9.12752366276e-05, 6.56561314827e-05, 0.000985488528386], [-0.000211413935176, 0.000495264073834, -0.00096482259687, 0.00320929824375, -0.00211246707477, 0.00145021476783, -0.00152344745584, 0.00159392517526, -0.00055982574122, -0.000251906079939, 0.000779763620812, 0.000260278495261, -0.00110023841262], [0.000147781305714, -0.000856871251017, 0.000418144307332, -0.00211246707477, 0.00451282225549, -0.00214413483627, 0.000237530548475, -0.00160568766296, 0.000200991897145, 0.000505036907271, 3.91062021663e-05, 0.00105079100467, -9.95145383058e-05], [-0.000248908181675, 0.00110739842057, -0.00135814864188, 0.00145021476783, -0.00214413483627, 0.00622958689928, -0.00327424122952, 0.000450391147751, -0.000859262014274, 0.00116956036072, -0.000183376090718, 0.000114687660243, 0.000103322330688], [0.000157265763846, -0.000657624972519, 0.00124479492661, -0.00152344745584, 0.000237530548475, -0.00327424122952, 0.00642799260095, -0.00133096857462, 0.000377045129426, -0.00147659250069, -0.00121185544413, -0.00188062549569, 0.000891265750397], [-8.92491225386e-05, 0.000365901592886, -0.000485324620968, 0.00159392517526, -0.00160568766296, 0.000450391147751, -0.00133096857462, 0.0103765754029, -0.00339618558064, 5.24316856172e-05, -0.000935316144023, 0.000570460921153, -5.84252520639e-05], [8.35290411487e-05, -0.000360880600056, 9.63843631325e-05, -0.00055982574122, 0.000200991897145, -0.000859262014274, 0.000377045129426, -0.00339618558064, 0.011698808521, -0.0053887013346, 0.00115527189337, -0.00185333436821, 0.00120179064106], [5.01319373143e-05, 0.00103503512219, 1.27392813738e-05, -0.000251906079939, 0.000505036907271, 0.00116956036072, -0.00147659250069, 5.24316856172e-05, -0.0053887013346, 0.0162905305624, -0.00618467247114, 0.00139205239248, -0.00188288465142], [-2.53915686699e-06, -0.000680215074681, -9.12752366276e-05, 0.000779763620812, 3.91062021663e-05, -0.000183376090718, -0.00121185544413, -0.000935316144023, 0.00115527189337, -0.00618467247114, 0.0168714821339, -0.00578352576122, 0.000584751192946], [8.73739118106e-05, 0.000868767034262, 6.56561314827e-05, 0.000260278495261, 0.00105079100467, 0.000114687660243, -0.00188062549569, 0.000570460921153, -0.00185333436821, 0.00139205239248, -0.00578352576122, 0.0175151322037, -0.00670670717955], [0.000243008078542, -0.000562155270018, 0.000985488528386, -0.00110023841262, -9.95145383058e-05, 0.000103322330688, 0.000891265750397, -5.84252520639e-05, 0.00120179064106, -0.00188288465142, 0.000584751192946, -0.00670670717955, 0.0184938423336]], "mean": [-64.1851730347, 47.9176330566, -109.014671326, 45.634967804, -47.2401657104, 11.0667686462, -35.9547576904, 6.15233516693, -28.6041488647, 1.07251787186, -17.222492218, 0.271613329649, -12.0295763016]}, "hfc": {"dmean": 12.3846035004, "dmean2": 18.4750957489, "dvar": 735.977111816, "dvar2": 1682.14111328, "max": 314.985229492, "mean": 19.1435127258, "median": 6.09160327911, "min": 1.16770718029e-16, "var": 1144.86291504}, "melbands": {"dmean": [0.000604693428613, 0.000883491244167, 0.000339699327014, 0.000133992507472, 8.96095079952e-05, 4.97871769767e-05, 2.94961828331e-05, 4.45822224719e-05, 2.96310954582e-05, 2.28258977586e-05, 2.45389492193e-05, 1.9362420062e-05, 2.44012298936e-05, 2.43977465288e-05, 2.99168987112e-05, 2.03335366677e-05, 2.11134793062e-05, 1.6979935026e-05, 1.80278148036e-05, 1.56765490829e-05, 1.56304013217e-05, 1.83703778021e-05, 2.36436335399e-05, 1.34076999529e-05, 1.91753661056e-05, 1.49248908201e-05, 1.22957289932e-05, 1.48351145981e-05, 7.61073169997e-06, 7.77620789449e-06, 7.20943853594e-06, 7.97672055342e-06, 5.82473649047e-06, 3.87993486584e-06, 3.00242436424e-06, 2.93515017802e-06, 1.82404210136e-06, 1.92377729036e-06, 1.19830122003e-06, 7.78252513101e-07], "dmean2": [0.00093376787845, 0.00148330500815, 0.00055829185294, 0.000211265360122, 0.000142791759572, 8.11514328234e-05, 4.85762975586e-05, 7.50826438889e-05, 4.90973798151e-05, 3.828057379e-05, 4.01322067773e-05, 3.03903889289e-05, 3.98534430133e-05, 3.92424735765e-05, 4.76485220133e-05, 3.45543667208e-05, 3.40300139214e-05, 2.74088215519e-05, 2.92716540571e-05, 2.70554737654e-05, 2.64008631348e-05, 3.05985813611e-05, 3.90083514503e-05, 2.20160145545e-05, 3.386786193e-05, 2.48971009569e-05, 2.0350656996e-05, 2.59578373516e-05, 1.241317932e-05, 1.23184090626e-05, 1.14972999654e-05, 1.25511905935e-05, 8.84603832674e-06, 5.80412188356e-06, 4.48334822067e-06, 4.75743718198e-06, 2.81112988887e-06, 3.05705793835e-06, 1.84551595339e-06, 1.17675870115e-06], "dvar": [2.27365762839e-06, 4.4221292228e-06, 3.89726807271e-07, 7.54892894861e-08, 3.47043105364e-08, 1.5276784282e-08, 7.32751992416e-09, 1.59578075198e-08, 9.63330570869e-09, 7.20828596812e-09, 6.53516663007e-09, 4.84334172768e-09, 5.80909631509e-09, 5.09689757067e-09, 8.58068727183e-09, 3.75547903886e-09, 4.138384746e-09, 2.18948392749e-09, 4.17030276978e-09, 1.76707126709e-09, 1.90036142378e-09, 1.72637948381e-09, 3.63677643556e-09, 1.20294441075e-09, 3.40357453332e-09, 1.37308486803e-09, 6.33748942214e-10, 1.76333658786e-09, 4.86819085044e-10, 3.86570664368e-10, 3.38666011901e-10, 4.61391480577e-10, 4.11106787501e-10, 1.64222316301e-10, 9.89077361679e-11, 9.24147910975e-11, 4.04197265935e-11, 4.11592461502e-11, 1.63258781494e-11, 6.47033988888e-12], "dvar2": [4.00296585212e-06, 1.16960836749e-05, 1.03496643078e-06, 1.79830436764e-07, 8.66271179234e-08, 3.79969797848e-08, 1.86939672631e-08, 4.34137206184e-08, 2.45014462052e-08, 1.75448864326e-08, 1.60191149234e-08, 1.03378789973e-08, 1.36605660117e-08, 1.10995976854e-08, 2.00729850519e-08, 9.52163325962e-09, 9.94178694924e-09, 5.19329557136e-09, 1.06757518381e-08, 4.80788386881e-09, 4.86529039279e-09, 4.49190817875e-09, 9.6561310059e-09, 2.94507906951e-09, 9.60788604232e-09, 3.5754901262e-09, 1.52882917437e-09, 4.80675543812e-09, 1.21606236192e-09, 8.98179197684e-10, 8.05256084035e-10, 1.0866872957e-09, 9.03500718685e-10, 3.2675417927e-10, 2.09114905947e-10, 2.14486997607e-10, 8.79528741504e-11, 9.54575862799e-11, 3.60108748376e-11, 1.46057384937e-11], "max": [0.0133654186502, 0.0171217657626, 0.00997276604176, 0.00719066848978, 0.00441479496658, 0.00371056445874, 0.00263149780221, 0.00320167443715, 0.00287632248364, 0.00197464041412, 0.00255534378812, 0.0032176526729, 0.00267330231145, 0.00202057487331, 0.00392506318167, 0.00159063597675, 0.00241096643731, 0.00129974493757, 0.00258045643568, 0.000685118546244, 0.00176449608989, 0.000978053314611, 0.00196873559617, 0.000682425277773, 0.000628509966191, 0.000612305419054, 0.000489493540954, 0.000693636131473, 0.000432668224676, 0.000379209086532, 0.000250551209319, 0.000387742853491, 0.00065863825148, 0.000309146969812, 0.000188986639841, 0.000217894616071, 0.000153720204253, 0.000168238853803, 0.000101696685306, 5.98464503128e-05], "mean": [0.000781662820373, 0.0010106167756, 0.000588297378272, 0.000257091829553, 0.000150292020408, 6.61134181428e-05, 3.38847967214e-05, 5.00199530507e-05, 3.43559877365e-05, 2.79803334706e-05, 3.11766671075e-05, 2.77340423054e-05, 3.29042122758e-05, 3.59962723451e-05, 3.8675392716e-05, 2.36645064433e-05, 2.63769525191e-05, 2.2087167963e-05, 2.40709923673e-05, 1.69146496773e-05, 1.89307920664e-05, 2.61168352154e-05, 2.94404781016e-05, 1.69376835402e-05, 1.89434576896e-05, 1.72880409082e-05, 1.41586515383e-05, 1.35178161145e-05, 9.30054193304e-06, 9.79746255325e-06, 9.46008003666e-06, 9.31704198592e-06, 7.67310029914e-06, 5.14957082487e-06, 3.92307174479e-06, 3.25469613927e-06, 2.24839482144e-06, 2.24583686759e-06, 1.52772395268e-06, 9.94159108814e-07], "median": [8.33533049445e-05, 0.000301122374367, 0.000279572181171, 0.000100368037238, 6.54672912788e-05, 2.29326451517e-05, 9.0842750069e-06, 1.31341421366e-05, 9.08916354092e-06, 5.60274565942e-06, 8.48535728437e-06, 4.53550001112e-06, 4.45174464403e-06, 4.86646695208e-06, 5.30894703843e-06, 4.8696219892e-06, 5.99801933276e-06, 4.52514814242e-06, 3.7167399114e-06, 3.1176405173e-06, 4.08532287111e-06, 5.88203511143e-06, 7.53491531214e-06, 3.4118061194e-06, 2.77930757875e-06, 3.57014960173e-06, 3.46880733559e-06, 2.2324109068e-06, 1.44670764257e-06, 1.29853663111e-06, 1.13960879844e-06, 8.39072527015e-07, 4.38351548837e-07, 3.23060248775e-07, 2.80633457805e-07, 3.27638474573e-07, 2.70581779205e-07, 2.92078311759e-07, 2.06104687095e-07, 1.40022763162e-07], "min": [2.67264102537e-24, 2.35321586205e-24, 6.05530261936e-24, 4.83727653258e-24, 4.74295361744e-24, 2.86979649546e-24, 3.34801876734e-24, 2.50020924491e-24, 4.41076429025e-24, 4.69129308891e-24, 6.81894995233e-24, 3.86503623247e-24, 4.88425556607e-24, 4.89740548293e-24, 6.06614314592e-24, 3.87986878964e-24, 4.6551652316e-24, 4.07262379639e-24, 4.29720145206e-24, 5.97276844159e-24, 6.41902192807e-24, 5.20943231424e-24, 7.3699921716e-24, 4.52175228645e-24, 1.89867992771e-24, 6.4879218284e-24, 5.53577578769e-24, 7.62288993376e-24, 5.96827193443e-24, 6.27614699079e-24, 8.35268961186e-24, 6.87168845929e-24, 6.5825240003e-24, 7.88990593954e-24, 7.94039934836e-24, 7.09408885886e-24, 6.19748059803e-24, 7.80355564713e-24, 9.76848904404e-24, 8.50248483144e-24], "var": [3.17021886076e-06, 3.99493319492e-06, 6.99414897554e-07, 2.1538680528e-07, 7.15942150009e-08, 1.98311571609e-08, 8.03496202906e-09, 1.68028826408e-08, 1.24837189475e-08, 9.61368673558e-09, 8.22511836418e-09, 1.14566640619e-08, 9.16522502337e-09, 9.51576417663e-09, 1.26383996601e-08, 4.43661329896e-09, 5.15768361353e-09, 3.10927639191e-09, 6.14181061565e-09, 1.66509306343e-09, 2.33756747292e-09, 3.03647507138e-09, 4.25859969511e-09, 1.57016999403e-09, 2.6601316705e-09, 1.47547862817e-09, 7.73832831147e-10, 1.35356303943e-09, 5.32655308749e-10, 5.07309139142e-10, 4.73227457221e-10, 6.25843488145e-10, 7.05454861194e-10, 3.31830174449e-10, 1.73999203934e-10, 1.17991547088e-10, 5.62575160068e-11, 5.51319025155e-11, 2.4037809937e-11, 1.00917364743e-11]}, "melbands_crest": {"dmean": 4.13015031815, "dmean2": 6.66655778885, "dvar": 16.9670257568, "dvar2": 38.4628639221, "max": 39.0120697021, "mean": 14.3625841141, "median": 13.7027826309, "min": 2.26123309135, "var": 39.8714828491}, "melbands_flatness_db": {"dmean": 0.0474616400898, "dmean2": 0.0679648146033, "dvar": 0.00247092125937, "dvar2": 0.00467046629637, "max": 0.724500656128, "mean": 0.175323069096, "median": 0.155649334192, "min": 0.00462403707206, "var": 0.00922533497214}, "melbands_kurtosis": {"dmean": 19.4098339081, "dmean2": 31.0027198792, "dvar": 3864.07788086, "dvar2": 10488.7529297, "max": 1650.36169434, "mean": 25.1914463043, "median": 6.31900119781, "min": -1.89471626282, "var": 4520.63671875}, "melbands_skewness": {"dmean": 1.34862971306, "dmean2": 2.09717035294, "dvar": 3.52652621269, "dvar2": 8.43068885803, "max": 36.4712638855, "mean": 3.04267954826, "median": 2.46002244949, "min": -3.23349356651, "var": 8.19357967377}, "melbands_spread": {"dmean": 20.5965137482, "dmean2": 32.9114990234, "dvar": 742.29473877, "dvar2": 1631.75036621, "max": 259.342590332, "mean": 44.1029777527, "median": 34.1054611206, "min": 0.217058062553, "var": 1811.19250488}, "mfcc": {"cov": [[14852.5615234, 10.2130460739, -1156.61962891, 331.98324585, -66.3451004028, 232.825317383, 134.786651611, 76.416595459, -31.1907176971, -116.55859375, -82.7748260498, -15.5770597458, -141.366226196], [10.2130460739, 2202.3034668, -86.7574005127, 270.556091309, 222.352142334, -145.034591675, 63.1031570435, -20.3110942841, -6.07278347015, -75.2618560791, -26.5908527374, 22.6393642426, -111.328186035], [-1156.61962891, -86.7574005127, 1033.68029785, 82.1837692261, 240.212097168, 101.596366882, -10.6396903992, 29.4490375519, -15.6515674591, 54.9088134766, -6.29484224319, -49.3404350281, 9.81643486023], [331.98324585, 270.556091309, 82.1837692261, 642.270996094, 231.350891113, 120.017242432, 89.7090454102, 5.45070791245, 69.2755661011, -30.0222034454, -9.83908653259, 37.0528182983, -44.6619224548], [-66.3451004028, 222.352142334, 240.212097168, 231.350891113, 454.06427002, 113.276641846, 75.4551849365, 49.8312835693, 54.6699981689, 32.7963790894, -22.4528312683, -16.0942955017, -40.2261505127], [232.825317383, -145.034591675, 101.596366882, 120.017242432, 113.276641846, 312.429382324, 155.623092651, 100.753242493, 70.4653625488, 35.1595420837, 30.974313736, 12.2269325256, 34.5366096497], [134.786651611, 63.1031570435, -10.6396903992, 89.7090454102, 75.4551849365, 155.623092651, 249.365509033, 99.2509231567, 59.475982666, 23.8408412933, 25.9118499756, 31.9589042664, 7.56465244293], [76.416595459, -20.3110942841, 29.4490375519, 5.45070791245, 49.8312835693, 100.753242493, 99.2509231567, 159.175262451, 54.4590415955, 26.8143768311, 36.6339874268, 21.7691707611, 25.8636703491], [-31.1907176971, -6.07278347015, -15.6515674591, 69.2755661011, 54.6699981689, 70.4653625488, 59.475982666, 54.4590415955, 124.237007141, 31.7181091309, 23.1544971466, 28.9000530243, 4.83321237564], [-116.55859375, -75.2618560791, 54.9088134766, -30.0222034454, 32.7963790894, 35.1595420837, 23.8408412933, 26.8143768311, 31.7181091309, 109.373908997, 38.5238418579, 13.7739906311, 32.9429397583], [-82.7748260498, -26.5908527374, -6.29484224319, -9.83908653259, -22.4528312683, 30.974313736, 25.9118499756, 36.6339874268, 23.1544971466, 38.5238418579, 98.5745315552, 44.6248474121, 20.5349140167], [-15.5770597458, 22.6393642426, -49.3404350281, 37.0528182983, -16.0942955017, 12.2269325256, 31.9589042664, 21.7691707611, 28.9000530243, 13.7739906311, 44.6248474121, 92.3778686523, 36.8852462769], [-141.366226196, -111.328186035, 9.81643486023, -44.6619224548, -40.2261505127, 34.5366096497, 7.56465244293, 25.8636703491, 4.83321237564, 32.9429397583, 20.5349140167, 36.8852462769, 96.803062439]], "icov": [[8.11438003439e-05, 6.50763695376e-06, 0.000109550754132, -4.86618555442e-05, 1.57025988301e-05, -0.000127819803311, 5.14058556291e-05, -0.00010006732191, 0.000143073717481, -5.45064576727e-05, 0.000110940178274, -4.31681692135e-05, 0.000171588835656], [6.50763695376e-06, 0.000579037470743, 6.56401680317e-05, -0.00016051599232, -0.000325993198203, 0.000525464420207, -0.000329208647599, -5.54043108423e-05, 0.000139586336445, 0.000266076414846, -9.16390636121e-05, -0.000204468509764, 0.000312135030981], [0.000109550754132, 6.56401680317e-05, 0.00138016417623, -0.000149650571984, -0.00064384972211, -0.000447583821369, 0.000434437417425, -0.000306370435283, 0.000758354959544, -0.000498541397974, -4.1756342398e-05, 0.000569687399548, -0.000109904962301], [-4.86618555442e-05, -0.00016051599232, -0.000149650571984, 0.00246369489469, -0.000935978605412, -0.000796616252046, -0.000190362872672, 0.00102998293005, -0.000887465255801, 0.00107152038254, 0.000188841178897, -0.00154861446936, 0.000760815339163], [1.57025988301e-05, -0.000325993198203, -0.00064384972211, -0.000935978605412, 0.00388420419767, -0.000850020733196, 0.000135542723001, -0.000888907467015, -0.000372510170564, -0.0018559913151, 0.00171722052619, -6.34808820905e-05, 0.00173583917785], [-0.000127819803311, 0.000525464420207, -0.000447583821369, -0.000796616252046, -0.000850020733196, 0.00687233963981, -0.0032441932708, -0.000879064900801, -0.00159594987053, 0.000881143903825, -0.00177894253284, 0.00265766796656, -0.00307666603476], [5.14058556291e-05, -0.000329208647599, 0.000434437417425, -0.000190362872672, 0.000135542723001, -0.0032441932708, 0.00748586840928, -0.00294112437405, 0.000165423174622, -0.00111240718979, 0.00115447165444, -0.00227700429969, 0.0019721861463], [-0.00010006732191, -5.54043108423e-05, -0.000306370435283, 0.00102998293005, -0.000888907467015, -0.000879064900801, -0.00294112437405, 0.0107475435361, -0.00299428636208, 0.00136839796323, -0.0029334439896, 0.00100544816814, -0.00247802771628], [0.000143073717481, 0.000139586336445, 0.000758354959544, -0.000887465255801, -0.000372510170564, -0.00159594987053, 0.000165423174622, -0.00299428636208, 0.0123370038345, -0.00336171686649, 0.000980542157777, -0.00335821509361, 0.00268444069661], [-5.45064576727e-05, 0.000266076414846, -0.000498541397974, 0.00107152038254, -0.0018559913151, 0.000881143903825, -0.00111240718979, 0.00136839796323, -0.00336171686649, 0.0141477687284, -0.00565409660339, 0.00252246926539, -0.00500147556886], [0.000110940178274, -9.16390636121e-05, -4.1756342398e-05, 0.000188841178897, 0.00171722052619, -0.00177894253284, 0.00115447165444, -0.0029334439896, 0.000980542157777, -0.00565409660339, 0.0169633813202, -0.00834434386343, 0.00364598329179], [-4.31681692135e-05, -0.000204468509764, 0.000569687399548, -0.00154861446936, -6.34808820905e-05, 0.00265766796656, -0.00227700429969, 0.00100544816814, -0.00335821509361, 0.00252246926539, -0.00834434386343, 0.0201785173267, -0.00874505471438], [0.000171588835656, 0.000312135030981, -0.000109904962301, 0.000760815339163, 0.00173583917785, -0.00307666603476, 0.0019721861463, -0.00247802771628, 0.00268444069661, -0.00500147556886, 0.00364598329179, -0.00874505471438, 0.017755664885]], "mean": [-708.31427002, 80.9040908813, -1.14400362968, 34.1052589417, 10.1246814728, 8.63909339905, 5.24972581863, 2.70090270042, -1.03863036633, -2.38189768791, -1.27310192585, 0.35037907958, -5.72477293015]}, "pitch_salience": {"dmean": 0.0953530445695, "dmean2": 0.152798801661, "dvar": 0.00990968104452, "dvar2": 0.0227776300162, "max": 0.970916390419, "mean": 0.577468574047, "median": 0.596031188965, "min": 0.0303131788969, "var": 0.0203178878874}, "silence_rate_20dB": {"dmean": 0, "dmean2": 0, "dvar": 0, "dvar2": 0, "max": 1, "mean": 1, "median": 1, "min": 1, "var": 0}, "silence_rate_30dB": {"dmean": 0, "dmean2": 0, "dvar": 0, "dvar2": 0, "max": 1, "mean": 1, "median": 1, "min": 1, "var": 0}, "silence_rate_60dB": {"dmean": 0.0707942470908, "dmean2": 0.141606211662, "dvar": 0.0657824203372, "dvar2": 0.129810079932, "max": 1, "mean": 0.27801400423, "median": 0, "min": 0, "var": 0.20072221756}, "spectral_centroid": {"dmean": 519.295959473, "dmean2": 777.832885742, "dvar": 365691.625, "dvar2": 722046.9375, "max": 11550.5869141, "mean": 2081.45458984, "median": 2129.83544922, "min": 86.4641952515, "var": 1349882.75}, "spectral_complexity": {"dmean": 5.39412117004, "dmean2": 7.8681511879, "dvar": 56.9607391357, "dvar2": 100.627349854, "max": 66, "mean": 14.1855926514, "median": 10, "min": 0, "var": 193.12713623}, "spectral_contrast_coeffs": {"dmean": [0.0541098862886, 0.0480522476137, 0.0389418266714, 0.0314535796642, 0.0288267266005, 0.0277027692646], "dmean2": [0.0852908417583, 0.0777058526874, 0.0616974644363, 0.0504906475544, 0.0456458851695, 0.0429506599903], "dvar": [0.00212375749834, 0.00180272315629, 0.00107274460606, 0.000696114089806, 0.000710149121005, 0.000793629908003], "dvar2": [0.00507630687207, 0.00435599405318, 0.00254698144272, 0.00160479557235, 0.00175454001874, 0.0017106605228], "max": [-0.288223654032, -0.376888334751, -0.450683504343, -0.481491923332, -0.593896925449, -0.489852696657], "mean": [-0.652627468109, -0.765311121941, -0.810840427876, -0.81185734272, -0.797522604465, -0.765914618969], "median": [-0.665034890175, -0.77401727438, -0.820566773415, -0.819617390633, -0.800676822662, -0.768342733383], "min": [-0.978332519531, -0.978253901005, -0.981254160404, -0.970224380493, -0.965734779835, -0.960472524166], "var": [0.0109092062339, 0.00691179092973, 0.00414198171347, 0.00294220540673, 0.0024091382511, 0.00377256609499]}, "spectral_contrast_valleys": {"dmean": [0.498983204365, 0.5616761446, 0.54636323452, 0.540741324425, 0.57758307457, 0.612426936626], "dmean2": [0.757513582706, 0.853897571564, 0.823841691017, 0.784748733044, 0.77829682827, 0.726506710052], "dvar": [0.307424247265, 0.399995595217, 0.421807974577, 0.444807857275, 0.445651650429, 0.354526132345], "dvar2": [0.524600327015, 0.818795859814, 0.803474366665, 0.834237098694, 0.854831337929, 0.667184233665], "max": [-5.6681599617, -5.00670003891, -5.02093601227, -5.50642251968, -5.01827812195, -7.25063657761], "mean": [-8.26603221893, -8.00207138062, -8.310338974, -8.28979110718, -7.81911468506, -10.2536554337], "median": [-7.86410808563, -7.78206682205, -8.13109016418, -8.07236099243, -7.55877780914, -10.111989975], "min": [-27.4126338959, -27.540813446, -27.6816806793, -27.5595474243, -27.2970714569, -27.3232574463], "var": [2.84042406082, 1.94979977608, 2.19175863266, 2.1235332489, 2.08315896988, 1.80206012726]}, "spectral_decrease": {"dmean": 1.45366574333e-09, "dmean2": 2.13387196801e-09, "dvar": 6.17764537644e-18, "dvar2": 1.2289144428e-17, "max": 2.08904754399e-28, "mean": -3.03054159545e-09, "median": -1.98805305551e-09, "min": -2.20347100566e-08, "var": 1.22850722179e-17}, "spectral_energy": {"dmean": 0.00636089174077, "dmean2": 0.00925409048796, "dvar": 0.000118637792184, "dvar2": 0.000239443019382, "max": 0.108535982668, "mean": 0.0131743401289, "median": 0.00845772214234, "min": 1.06577754829e-20, "var": 0.000232961669099}, "spectral_energyband_high": {"dmean": 0.00119702587835, "dmean2": 0.00178188446444, "dvar": 8.98463258636e-06, "dvar2": 1.96361579583e-05, "max": 0.0397707670927, "mean": 0.00163236050867, "median": 0.00026533624623, "min": 7.51051157968e-21, "var": 1.46678548845e-05}, "spectral_energyband_low": {"dmean": 0.00369098968804, "dmean2": 0.00581972440705, "dvar": 5.92986216361e-05, "dvar2": 0.000130611704662, "max": 0.0625312775373, "mean": 0.00545759918168, "median": 0.00198722607456, "min": 2.39228317287e-23, "var": 8.26493196655e-05}, "spectral_energyband_middle_high": {"dmean": 0.00214804057032, "dmean2": 0.0033696256578, "dvar": 2.23397437367e-05, "dvar2": 5.45060247532e-05, "max": 0.0573795326054, "mean": 0.0033957331907, "median": 0.00106577877887, "min": 1.24668901645e-21, "var": 3.57296667062e-05}, "spectral_energyband_middle_low": {"dmean": 0.00156660447828, "dmean2": 0.0025162640959, "dvar": 6.83319012751e-06, "dvar2": 1.70101811818e-05, "max": 0.0365066900849, "mean": 0.00333159300499, "median": 0.00206637638621, "min": 2.54799093648e-22, "var": 1.49303377839e-05}, "spectral_entropy": {"dmean": 0.241490215063, "dmean2": 0.329136759043, "dvar": 0.0792103484273, "dvar2": 0.143844157457, "max": 9.80936717987, "mean": 7.77944946289, "median": 7.86141872406, "min": 5.41223049164, "var": 0.265623480082}, "spectral_flux": {"dmean": 0.0251970291138, "dmean2": 0.0389906540513, "dvar": 0.00114874274004, "dvar2": 0.00228924979456, "max": 0.285548627377, "mean": 0.06320348382, "median": 0.047611117363, "min": 6.60567503474e-11, "var": 0.00266187801026}, "spectral_kurtosis": {"dmean": 1.29027760029, "dmean2": 2.07040023804, "dvar": 2.44425988197, "dvar2": 6.14627552032, "max": 23.9110774994, "mean": 3.5413377285, "median": 3.11982059479, "min": -1.24947977066, "var": 4.75697040558}, "spectral_rms": {"dmean": 0.000768264289945, "dmean2": 0.00109262822662, "dvar": 1.09867676201e-06, "dvar2": 1.94498284145e-06, "max": 0.0102902268991, "mean": 0.00302049098536, "median": 0.00287253130227, "min": 3.22456666403e-12, "var": 3.72964973394e-06}, "spectral_rolloff": {"dmean": 1162.38085938, "dmean2": 1887.6138916, "dvar": 2550957.75, "dvar2": 5210699, "max": 19810.546875, "mean": 2808.02294922, "median": 2540.91796875, "min": 21.533203125, "var": 6916814}, "spectral_skewness": {"dmean": 0.253722935915, "dmean2": 0.381704866886, "dvar": 0.0747198089957, "dvar2": 0.168830141425, "max": 3.84574341774, "mean": 1.28110396862, "median": 1.23189067841, "min": -0.35087877512, "var": 0.210727035999}, "spectral_spread": {"dmean": 848872.75, "dmean2": 1307410.125, "dvar": 1057824768000.0, "dvar2": 2396631597060.0, "max": 42300852, "mean": 5090941.5, "median": 4724593, "min": 1478872.75, "var": 3824281976830.0}, "spectral_strongpeak": {"dmean": 