{"lowlevel": {"average_loudness": 0.942653357983, "barkbands": {"dmean": [1.64239918377e-05, 0.00108780968003, 0.000768285593949, 0.000646923435852, 0.0013428904349, 0.00135299633257, 0.00177066563629, 0.00156356522348, 0.00143553619273, 0.000476035667816, 0.000255334103713, 0.000420591270085, 0.000427749357186, 0.000355481344741, 0.000230488585657, 0.000188992606127, 0.000143851706525, 0.000124354002764, 9.92077330011e-05, 1.84229629667e-05, 1.20656022773e-05, 7.51370089347e-06, 6.19882939645e-06, 1.3806742345e-06, 3.65374376088e-07, 4.60460256591e-08, 1.30370059193e-09], "dmean2": [2.76038535958e-05, 0.00180104386527, 0.00131692725699, 0.00105624843854, 0.00208086031489, 0.00212240754627, 0.00264033814892, 0.00230735260993, 0.00193587050308, 0.000632276700344, 0.000341774313711, 0.000618818972725, 0.000609789742157, 0.000511185440701, 0.000345575128449, 0.000270643853582, 0.000200746624614, 0.000170564293512, 0.000138612726005, 2.82788951154e-05, 1.87857131095e-05, 1.13398091344e-05, 9.56332132773e-06, 2.10423922908e-06, 5.55829160476e-07, 6.96187854032e-08, 2.29961982789e-09], "dvar": [4.86611806405e-10, 5.59467844141e-06, 1.50848109115e-06, 1.03457182377e-06, 3.90238983528e-06, 5.15574811288e-06, 1.72910440597e-05, 1.42900007631e-05, 1.66527825058e-05, 3.68401833839e-06, 5.764596267e-07, 1.79751896212e-06, 2.05759806704e-06, 1.04331115836e-06, 3.45126551338e-07, 3.95536318365e-07, 1.33298740934e-07, 9.32179844426e-08, 6.58204371007e-08, 1.83589110581e-09, 2.55391063853e-09, 5.3282073198e-10, 7.59561913366e-10, 2.01240517306e-11, 1.111430609e-12, 2.19685855336e-14, 6.9000685275e-18], "dvar2": [1.22528764912e-09, 1.42893277371e-05, 4.33170589531e-06, 2.59133958025e-06, 9.04058015294e-06, 1.20254044305e-05, 3.35168515448e-05, 2.81602151517e-05, 2.90379266517e-05, 5.69434359932e-06, 8.67888616085e-07, 3.70442398889e-06, 3.88828857467e-06, 1.90371690678e-06, 6.41467806872e-07, 7.95810819909e-07, 2.46569840101e-07, 1.51081010813e-07, 1.20801345815e-07, 4.12765688296e-09, 6.69575284107e-09, 1.19062648629e-09, 1.80841353004e-09, 4.39671805907e-11, 2.79095344925e-12, 5.61411302917e-14, 1.91217439688e-17], "max": [0.00048818992218, 0.0280065964907, 0.0229020882398, 0.0194658152759, 0.036105632782, 0.040392216295, 0.108092397451, 0.0855439007282, 0.108670547605, 0.0668082907796, 0.0226106401533, 0.0313472822309, 0.0416404791176, 0.0329214595258, 0.0130027765408, 0.0144297853112, 0.00833878666162, 0.00843471474946, 0.00803547538817, 0.000733573804609, 0.00159911974333, 0.00056217861129, 0.000697010662407, 0.000124719241285, 3.38855425071e-05, 5.87274325881e-06, 7.73179920088e-08], "mean": [5.01535323565e-05, 0.00153667130508, 0.00103432463948, 0.001001485507, 0.00253853411414, 0.00252213981003, 0.00300434767269, 0.00246620737016, 0.00253026676364, 0.000849316478707, 0.000449858460343, 0.000639450852759, 0.000626148947049, 0.000594210869167, 0.000332817755407, 0.00032841518987, 0.000253685575444, 0.000222034592298, 0.000158525275765, 2.39573910221e-05, 1.4583471966e-05, 9.5935210993e-06, 6.54115410725e-06, 1.68822975866e-06, 4.18635579535e-07, 6.73417943631e-08, 1.27852251008e-09], "median": [4.71099774586e-05, 0.00033619342139, 0.000518407323398, 0.000539379310794, 0.0016822044272, 0.00127139152028, 0.000894683413208, 0.000447040714789, 0.000291433651, 0.000112657136924, 7.62990239309e-05, 0.000109482229163, 8.3190992882e-05, 8.88962822501e-05, 6.64471299388e-05, 7.00327655068e-05, 5.91131865804e-05, 5.69106268813e-05, 3.50162881659e-05, 6.43643852527e-06, 3.8655039134e-06, 2.10309008253e-06, 8.6990348791e-07, 3.60109140729e-07, 9.83193331194e-08, 2.7590406404e-08, 4.81088779924e-10], "min": [8.58638097757e-24, 5.3017775551e-24, 7.64892707679e-24, 2.93207134468e-24, 5.65967309818e-23, 3.40840038984e-23, 4.57548223379e-23, 8.39372852274e-24, 6.73233460266e-23, 9.27243390086e-23, 6.98831681096e-23, 3.47320499766e-23, 7.06765665428e-23, 1.2250937914e-22, 1.38460878706e-22, 1.32018636657e-22, 1.69729305505e-22, 1.81646519915e-22, 2.33273061163e-22, 2.39870942313e-22, 3.60450060859e-22, 6.1581622559e-22, 5.34837091449e-22, 8.35682185461e-22, 1.21008395194e-21, 1.59857025559e-21, 2.36579410719e-21], "var": [7.42477135329e-10, 7.71032591729e-06, 2.23174697567e-06, 2.11677456718e-06, 7.93824528955e-06, 1.26101158457e-05, 4.89368285344e-05, 3.68754663214e-05, 4.83234907733e-05, 1.01864270619e-05, 1.88132287349e-06, 3.76854245587e-06, 4.87783427161e-06, 3.24395546158e-06, 7.19784566172e-07, 1.06220261387e-06, 3.90243087622e-07, 3.11708276968e-07, 1.62041956742e-07, 2.52690779412e-09, 2.0482557872e-09, 7.13914038997e-10, 7.76763875443e-10, 2.33371585945e-11, 1.04493844133e-12, 2.02483666498e-14, 6.0224075637e-18]}, "barkbands_crest": {"dmean": 2.74710583687, "dmean2": 4.42449569702, "dvar": 5.82239770889, "dvar2": 14.509642601, "max": 26.6213951111, "mean": 10.3342819214, "median": 9.41853523254, "min": 3.09380435944, "var": 17.673833847}, "barkbands_flatness_db": {"dmean": 0.0227906461805, "dmean2": 0.0332503803074, "dvar": 0.000472856336273, "dvar2": 0.000973630405497, "max": 0.390121817589, "mean": 0.216040253639, "median": 0.217190206051, "min": 0.0639000535011, "var": 0.00219529215246}, "barkbands_kurtosis": {"dmean": 2.76717400551, "dmean2": 4.19368076324, "dvar": 27.9227695465, "dvar2": 46.9206047058, "max": 293.359619141, "mean": 4.54553461075, "median": 2.52690124512, "min": -1.82187449932, "var": 111.222160339}, "barkbands_skewness": {"dmean": 0.503473043442, "dmean2": 0.739651083946, "dvar": 0.247763216496, "dvar2": 0.505224823952, "max": 15.9465427399, "mean": 1.43667602539, "median": 1.37196397781, "min": -1.94135320187, "var": 1.31628262997}, "barkbands_spread": {"dmean": 3.48389053345, "dmean2": 5.13335800171, "dvar": 20.6564445496, "dvar2": 42.4612922668, "max": 67.0516281128, "mean": 11.8143596649, "median": 9.89407253265, "min": 1.1065980196, "var": 62.711971283}, "dissonance": {"dmean": 0.03067914024, "dmean2": 0.0506333485246, "dvar": 0.000881483370904, "dvar2": 0.00222340016626, "max": 0.499582141638, "mean": 0.428109616041, "median": 0.437968254089, "min": 0, "var": 0.00240806513466}, "dynamic_complexity": 4.34983110428, "erbbands": {"dmean": [0.0164017211646, 0.295894891024, 0.844137847424, 1.56913125515, 3.35457348824, 4.663875103, 6.62749290466, 13.0427064896, 24.4825077057, 24.0572853088, 36.325553894, 30.5556869507, 25.2284736633, 9.33648872375, 10.9966459274, 17.3882331848, 18.2462158203, 18.2904586792, 13.1823673248, 10.3649530411, 9.09464454651, 7.87103748322, 6.62126874924, 6.27873086929, 2.92450666428, 0.841457545757, 0.586765527725, 0.387745887041, 0.266877740622, 0.254768699408, 0.161239594221, 0.0487295761704, 0.0162771511823, 0.00589250493795, 0.00159619108308, 0.000382384343538, 5.86296046095e-05, 5.73845636609e-06, 3.40533028975e-06, 7.62817489885e-06], "dmean2": [0.027395952493, 0.489766299725, 1.42883992195, 2.55997419357, 5.27835607529, 7.38337087631, 10.1800813675, 20.5743427277, 36.0214195251, 36.8325843811, 52.9047470093, 42.1400489807, 32.0520935059, 12.4871511459, 14.5351638794, 24.790813446, 25.6733894348, 25.479019165, 19.4322738647, 13.7231664658, 12.6081914902, 10.5861492157, 8.82225513458, 8.50300884247, 4.19524049759, 1.26717662811, 0.909967780113, 0.60202640295, 0.400210857391, 0.393598377705, 0.249835118651, 0.0748971477151, 0.0245503671467, 0.00897013116628, 0.0024273567833, 0.000585833971854, 8.75203913893e-05, 8.75257137523e-06, 4.5167053031e-06, 1.02713474917e-05], "dvar": [0.00134658184834, 0.399422645569, 2.12149477005, 5.65317153931, 28.9232387543, 51.1836700439, 146.527648926, 586.202026367, 2979.078125, 3462.22705078, 8784.65820313, 8279.32714844, 8648.73144531, 738.370422363, 1087.53210449, 3419.4987793, 3935.15698242, 2907.97241211, 882.7890625, 1165.53137207, 829.538879395, 375.416748047, 245.398300171, 237.432861328, 74.4752807617, 3.76145339012, 5.01778507233, 1.65947937965, 0.501429080963, 1.17892539501, 0.522291362286, 0.0372674390674, 0.00173654814716, 0.000221335852984, 3.23017266055e-05, 1.93510959434e-06, 2.05285708432e-08, 1.44228490262e-10, 1.7909366698e-11, 9.06588762395e-11], "dvar2": [0.00352831766941, 1.01711297035, 5.84674358368, 13.4202098846, 63.6464271545, 127.997871399, 316.212402344, 1400.48876953, 5225.17724609, 7209.08154297, 17949.0214844, 15530.6201172, 12726.1533203, 1355.20410156, 1653.76794434, 7208.13134766, 7357.85205078, 5391.96630859, 1762.15795898, 2056.99755859, 1705.21594238, 646.672302246, 380.215484619, 399.032196045, 146.47718811, 8.42625904083, 13.0453004837, 4.31026315689, 1.12971591949, 2.6483297348, 1.27055358887, 0.0843589380383, 0.00402591843158, 0.000531636935193, 8.54265599628e-05, 5.05827892994e-06, 4.88345648364e-08, 3.07566139224e-10, 2.94843940929e-11, 1.5076555282e-10], "max": [0.43451538682, 7.65921878815, 23.6445732117, 61.1742744446, 110.639335632, 104.093856812, 284.27053833, 457.335266113, 1853.33422852, 1489.97265625, 2609.08203125, 2296.07421875, 2717.05566406, 764.415039063, 829.967407227, 1624.73815918, 2333.87646484, 1889.1574707, 788.632507324, 1075.76489258, 821.350463867, 535.498901367, 444.522338867, 414.275787354, 228.512649536, 34.4934616089, 73.1063613892, 35.8811035156, 17.9187889099, 24.5824069977, 17.0065364838, 5.80251169205, 0.766816198826, 0.36142385006, 0.220407247543, 0.0536946728826, 0.00444811675698, 0.00038636859972, 6.483503239e-05, 0.000144991325215], "mean": [0.0253380164504, 0.41089078784, 1.17923665047, 2.62278485298, 5.5946931839, 8.14966106415, 12.8340129852, 23.0672683716, 42.902256012, 41.9979400635, 59.4333190918, 54.1343345642, 47.9643096924, 19.46692276, 20.7452354431, 27.4210739136, 28.867816925, 32.77394104, 21.247838974, 17.4416790009, 16.7490978241, 14.9102926254, 12.4856090546, 11.0544500351, 4.79388427734, 1.18823778629, 0.696200013161, 0.489021152258, 0.348803281784, 0.2876701653, 0.168135479093, 0.0576467849314, 0.0189480874687, 0.00678953854367, 0.00188117031939, 0.00053900416242, 8.83753382368e-05, 9.44391740632e-06, 1.10363753265e-05, 2.44582824962e-05], "median": [0.003277720185, 0.103910841048, 0.581326067448, 1.49104845524, 3.27207541466, 4.96372032166, 5.83003044128, 10.2842826843, 16.0505619049, 12.9367923737, 12.7961111069, 8.09257125854, 5.89795207977, 3.49198675156, 3.91665005684, 4.85358190536, 4.220287323, 5.46869659424, 4.46888160706, 4.07467460632, 4.10883903503, 3.69829559326, 3.32427930832, 2.83445119858, 1.0988368988, 0.346871614456, 0.184707999229, 0.132750332355, 0.0844302922487, 0.0397123172879, 0.0243198163807, 0.0106271253899, 0.00401582662016, 0.0014015857596, 0.000554458005354, 0.000222360045882, 3.52841343556e-05, 4.26359156336e-06, 8.62833076098e-06, 1.90721802937e-05], "min": [1.01938247003e-22, 1.7635821855e-21, 6.7544810206e-21, 1.18676482978e-20, 1.208092244e-19, 1.95010310951e-19, 3.18498140045e-19, 3.14880801678e-19, 6.59873045605e-19, 4.93717379359e-19, 2.43077104262e-19, 1.20531351168e-18, 2.41194224053e-18, 2.59525332249e-18, 2.88777478598e-18, 2.1820220126e-18, 3.25858599931e-18, 6.30877046073e-18, 8.15719115267e-18, 7.29497613246e-18, 8.69279556239e-18, 1.04921764381e-17, 1.04212878868e-17, 7.20068416007e-18, 1.55117573765e-17, 1.05370303068e-17, 1.3788641726e-17, 1.61548208195e-17, 1.98431877381e-17, 2.07220820281e-17, 1.69144704069e-17, 1.67767564154e-17, 1.12856974172e-17, 1.22836775913e-17, 9.33648269966e-18, 6.09973861122e-18, 3.09427298128e-18, 1.12003150072e-18, 3.26510521651e-19, 3.34925688517e-20], "var": [0.00224423198961, 0.543172895908, 3.0682220459, 14.7996606827, 53.2159233093, 95.0141372681, 438.385162354, 1344.33642578, 8697.35546875, 9982.35742188, 22664.5410156, 19851.1386719, 27328.7089844, 2513.26733398, 3526.92114258, 6680.73632813, 10032.6835938, 9702.86132813, 2388.48950195, 2755.63989258, 2250.24584961, 1272.63208008, 886.851806641, 701.668151855, 171.225601196, 5.538210392, 4.16440582275, 1.47222840786, 0.693609595299, 1.38790106773, 0.506995141506, 0.0398471802473, 0.00199114205316, 0.000237215033849, 2.58512736764e-05, 1.61332900461e-06, 2.38694237709e-08, 2.18215584491e-10, 9.41651479014e-11, 4.64855487436e-10]}, "erbbands_crest": {"dmean": 3.06244063377, "dmean2": 4.93636274338, "dvar": 7.75920534134, "dvar2": 18.4087715149, "max": 31.092414856, "mean": 10.9954032898, "median": 9.91585636139, "min": 2.74350166321, "var": 22.9581069946}, "erbbands_flatness_db": {"dmean": 0.0213237199932, "dmean2": 0.0292010884732, "dvar": 0.000397297146264, "dvar2": 0.000725910358597, "max": 0.407123714685, "mean": 0.253500044346, "median": 0.256176173687, "min": 0.0483896844089, "var": 0.00260727433488}, "erbbands_kurtosis": {"dmean": 1.07635438442, "dmean2": 1.70065712929, "dvar": 1.88246285915, "dvar2": 4.4357919693, "max": 29.6104793549, "mean": 0.640442788601, "median": -0.0532640591264, "min": -1.8391289711, "var": 5.44662857056}, "erbbands_skewness": {"dmean": 0.416833013296, "dmean2": 0.630549788475, "dvar": 0.131541520357, "dvar2": 0.307301819324, "max": 4.93068313599, "mean": 0.597980439663, "median": 0.602535188198, "min": -2.28065633774, "var": 0.621364116669}, "erbbands_spread": {"dmean": 5.67032432556, "dmean2": 8.38193893433, "dvar": 37.8379402161, "dvar2": 85.2040328979, "max": 95.0446090698, "mean": 25.2408905029, "median": 23.6989192963, "min": 2.65876817703, "var": 166.971557617}, "gfcc": {"cov": [[11616.1191406, 250.508087158, -1542.61132813, 274.921539307, -433.306152344, 109.610282898, 235.000717163, 64.6882781982, -38.1475944519, -193.117889404, 16.0672836304, -176.648422241, -96.2915344238], [250.508087158, 831.979797363, 98.9750366211, -279.570556641, 242.123748779, -72.5803909302, 87.4608230591, -36.495010376, 36.6410179138, -45.0828704834, 70.0297164917, -10.4637937546, 41.3290100098], [-1542.61132813, 98.9750366211, 611.989746094, 154.333145142, 86.8436508179, 90.6070632935, -17.0211601257, -28.662322998, 9.12902450562, 58.4815864563, 31.1535491943, 64.7754898071, 42.0517196655], [274.921539307, -279.570556641, 154.333145142, 628.327453613, 24.1540565491, 39.2647857666, -93.4394836426, 30.1632652283, 49.4979782104, 23.8354358673, 4.40175867081, 30.0751571655, 16.2118244171], [-433.306152344, 242.123748779, 86.8436508179, 24.1540565491, 341.125762939, -66.3845291138, -34.9888839722, 59.3997573853, 88.3658294678, 11.5390024185, 2.95736885071, 10.938158989, 30.8168296814], [109.610282898, -72.5803909302, 90.6070632935, 39.2647857666, -66.3845291138, 316.538482666, 155.226165771, -5.37599658966, -42.2967643738, 43.2235183716, 3.09810876846, -5.75529193878, 2.15981578827], [235.000717163, 87.4608230591, -17.0211601257, -93.4394836426, -34.9888839722, 155.226165771, 295.94418335, 67.4417572021, -26.5790233612, -3.88803601265, 22.5591278076, -5.51976251602, -11.0300836563], [64.6882781982, -36.495010376, -28.662322998, 30.1632652283, 59.3997573853, -5.37599658966, 67.4417572021, 164.739044189, 51.4765281677, -7.16562700272, -15.7213611603, 6.07652330399, 8.31365871429], [-38.1475944519, 36.6410179138, 9.12902450562, 49.4979782104, 88.3658294678, -42.2967643738, -26.5790233612, 51.4765281677, 132.969192505, 31.6941680908, -12.2490882874, 0.643585085869, 7.68103218079], [-193.117889404, -45.0828704834, 58.4815864563, 23.8354358673, 11.5390024185, 43.2235183716, -3.88803601265, -7.16562700272, 31.6941680908, 114.916946411, 25.6725940704, -9.9174451828, 2.08592700958], [16.0672836304, 70.0297164917, 31.1535491943, 4.40175867081, 2.95736885071, 3.09810876846, 22.5591278076, -15.7213611603, -12.2490882874, 25.6725940704, 102.080863953, 33.2373695374, -7.23041915894], [-176.648422241, -10.4637937546, 64.7754898071, 30.0751571655, 10.938158989, -5.75529193878, -5.51976251602, 6.07652330399, 0.643585085869, -9.9174451828, 33.2373695374, 92.7783660889, 16.9590892792], [-96.2915344238, 41.3290100098, 42.0517196655, 16.2118244171, 30.8168296814, 2.15981578827, -11.0300836563, 8.31365871429, 7.68103218079, 2.08592700958, -7.23041915894, 16.9590892792, 76.3402862549]], "icov": [[0.000232120612054, -0.000585743575357, 0.000787164492067, -0.000518621760421, 0.000512669212185, -0.000318708101986, 0.00015761947725, -0.000275359867373, 0.000110967899673, -0.000169322796864, 0.000193899526494, -0.000182075993507, 0.000193523199414], [-0.000585743575357, 0.00488354079425, -0.00282673537731, 0.00271286442876, -0.00352111388929, 0.00145148462616, -0.0020237013232, 0.00293526356108, -0.00211398419924, 0.00346417468973, -0.00381511310115, 0.00293618696742, -0.00252898666076], [0.000787164492067, -0.00282673537731, 0.00511067826301, -0.00252221454866, 0.00156580866314, -0.00182841543574, 0.000960834091529, -0.000836013292428, 0.00116665789392, -0.00229581492022, 0.00167973269708, -0.00272206054069, 0.000602318090387], [-0.000518621760421, 0.00271286442876, -0.00252221454866, 0.00375777576119, -0.00180746614933, 0.000114319751447, 0.000260439905105, 0.000639705976937, -0.00170753255952, 0.00201012403704, -0.00231534405611, 0.00133734266274, -0.00123665202409], [0.000512669212185, -0.00352111388929, 0.00156580866314, -0.00180746614933, 0.00666509615257, -0.000640760175884, 0.00176774093416, -0.00316589558497, -0.000813135236967, -0.00179505464621, 0.0017195569817, -0.00135255930945, 0.000596197554842], [-0.000318708101986, 0.00145148462616, -0.00182841543574, 0.000114319751447, -0.000640760175884, 0.00649178959429, -0.00421565584838, 0.00198768614791, 0.00108301534783, -0.00192770676222, 0.0010493749287, 0.000490840233397, -0.00102142523974], [0.00015761947725, -0.0020237013232, 0.000960834091529, 0.000260439905105, 0.00176774093416, -0.00421565584838, 0.00775114772841, -0.00485262414441, 0.00112918089144, 0.000156797497766, -0.00101763370913, -0.000296125450404, 0.00161539285909], [-0.000275359867373, 0.00293526356108, -0.000836013292428, 0.000639705976937, -0.00316589558497, 0.00198768614791, -0.00485262414441, 0.0112088732421, -0.00411146506667, 0.00235775136389, -0.000283087487333, 0.000419433403295, -0.00208253064193], [0.000110967899673, -0.00211398419924, 0.00116665789392, -0.00170753255952, -0.000813135236967, 0.00108301534783, 0.00112918089144, -0.00411146506667, 0.0131994551048, -0.00627187173814, 0.00432504341006, -0.00241107214242, 0.00170146732125], [-0.000169322796864, 0.00346417468973, -0.00229581492022, 0.00201012403704, -0.00179505464621, -0.00192770676222, 0.000156797497766, 0.00235775136389, -0.00627187173814, 0.015715694055, -0.00817455351353, 0.00609990628436, -0.00263389619067], [0.000193899526494, -0.00381511310115, 0.00167973269708, -0.00231534405611, 0.0017195569817, 0.0010493749287, -0.00101763370913, -0.000283087487333, 0.00432504341006, -0.00817455351353, 0.0178136918694, -0.00876339524984, 0.00445855781436], [-0.000182075993507, 0.00293618696742, -0.00272206054069, 0.00133734266274, -0.00135255930945, 0.000490840233397, -0.000296125450404, 0.000419433403295, -0.00241107214242, 0.00609990628436, -0.00876339524984, 0.0170419923961, -0.00470015918836], [0.000193523199414, -0.00252898666076, 0.000602318090387, -0.00123665202409, 0.000596197554842, -0.00102142523974, 0.00161539285909, -0.00208253064193, 0.00170146732125, -0.00263389619067, 0.00445855781436, -0.00470015918836, 0.0162589419633]], "mean": [-102.206283569, 173.444396973, -145.984588623, 18.1476974487, -50.4161338806, -15.141368866, -36.6041412354, -5.43282985687, -8.62384700775, -11.7541418076, -4.01995372772, -11.7927045822, -9.37545204163]}, "hfc": {"dmean": 4.4904499054, "dmean2": 5.78110122681, "dvar": 40.1990203857, "dvar2": 61.7315139771, "max": 99.4000778198, "mean": 13.470788002, "median": 8.47632789612, "min": 1.12212595512e-16, "var": 220.210617065}, "melbands": {"dmean": [0.000228602890274, 0.000423460413003, 0.00029286366771, 0.000292749085929, 0.00021781178657, 0.000289286341285, 0.000376745680114, 0.000270108925179, 0.000289277435513, 0.000204896176001, 0.000127030536532, 3.95410170313e-05, 3.7759571569e-05, 4.61043418909e-05, 4.66837336717e-05, 3.87647960451e-05, 3.62324426533e-05, 2.32235379372e-05, 1.5354482457e-05, 1.40879683386e-05, 1.04023738459e-05, 8.39712720335e-06, 8.04411502031e-06, 5.63318826607e-06, 5.50765298613e-06, 3.15293323183e-06, 1.07266339455e-06, 4.7132726877e-07, 3.96314931095e-07, 3.11871048098e-07, 1.9723523792e-07, 1.50252049025e-07, 1.50737250237e-07, 1.42544180903e-07, 1.08036402935e-07, 5.21158725064e-08, 2.16842419576e-08, 1.2379372194e-08, 7.63067919962e-09, 4.07876976638e-09], "dmean2": [0.00038058948121, 0.000706082908437, 0.000469066522783, 0.000455012748716, 0.000336855126079, 0.000454224500572, 0.000554756494239, 0.000407403509598, 0.000418501906097, 0.000278219376924, 0.000163486824022, 5.43819078302e-05, 4.9073358241e-05, 6.76542549627e-05, 6.5644053393e-05, 5.52113342565e-05, 5.06537144247e-05, 3.509763701e-05, 2.18622899411e-05, 1.98212837859e-05, 1.50132882482e-05, 1.15587181426e-05, 1.10608480099e-05, 7.54781922296e-06, 7.58541409596e-06, 4.49259550805e-06, 1.64830714766e-06, 7.26020857655e-07, 6.18909439254e-07, 4.99634552398e-07, 3.0378083693e-07, 2.27467154446e-07, 2.30173142768e-07, 2.21580663151e-07, 1.70260463506e-07, 8.16748197963e-08, 3.31914584706e-08, 1.8877695851e-08, 1.17916254538e-08, 6.26364204948e-09], "dvar": [2.58064801528e-07, 5.76576042022e-07, 1.62560056083e-07, 2.12074809269e-07, 1.3841263069e-07, 2.6287369792e-07, 6.82345955738e-07, 3.81951394957e-07, 5.79656898481e-07, 3.8002644942e-07, 2.19436387283e-07, 1.65285385378e-08, 1.32748274595e-08, 2.44106370673e-08, 2.30224834752e-08, 1.66163101056e-08, 1.2737018551e-08, 3.35043659483e-09, 2.05203765091e-09, 2.42141995344e-09, 1.08894659956e-09, 4.50680520681e-10, 4.1140421625e-10, 2.21732632255e-10, 1.98509236826e-10, 9.14996620138e-11, 1.08690530534e-11, 1.18358729935e-12, 2.12647824696e-12, 2.3234847206e-12, 2.39791557921e-13, 1.38975650107e-13, 3.27571411836e-13, 4.04874186477e-13, 2.51631940111e-13, 5.60155051412e-14, 6.33564593272e-15, 1.14126826445e-15, 3.48104045072e-16, 1.15362777217e-16], "dvar2": [6.66139953864e-07, 1.4977781575e-06, 3.85456615959e-07, 4.96642599046e-07, 3.07935522414e-07, 6.18155070242e-07, 1.23514939787e-06, 7.67503479437e-07, 1.18135778848e-06, 6.70544579862e-07, 3.23322268514e-07, 3.11939558628e-08, 1.98048670796e-08, 4.98969043861e-08, 4.30987547873e-08, 3.28335616473e-08, 2.32303012382e-08, 6.87597401239e-09, 3.56860163642e-09, 4.54530546534e-09, 2.34201014138e-09, 8.25930823734e-10, 7.52064799325e-10, 3.74984543416e-10, 3.40650480046e-10, 1.64905311628e-10, 2.46366416851e-11, 2.77992125847e-12, 5.48401558539e-12, 6.30365855001e-12, 5.83769794657e-13, 3.18299856958e-13, 7.46124624758e-13, 9.22275060142e-13, 6.19473114298e-13, 1.38432397056e-13, 1.3528872914e-14, 2.70403642884e-15, 8.40312429032e-16, 2.81386039144e-16], "max": [0.00586877996102, 0.00924710091203, 0.00835319701582, 0.00810832157731, 0.00760819390416, 0.00910772476345, 0.0260602403432, 0.0166055019945, 0.0238069780171, 0.0166071690619, 0.0132938530296, 0.00420362083241, 0.00365909072571, 0.0043787737377, 0.00505456514657, 0.00472953775898, 0.00347928307019, 0.00165298592765, 0.00119241257198, 0.00128345855046, 0.00087235472165, 0.000507864460815, 0.000621507642791, 0.000488271180075, 0.000367287750123, 0.000296441663522, 0.000106735853478, 1.71365845745e-05, 5.08961820742e-05, 4.80692724523e-05, 1.02882349893e-05, 9.20956244954e-06, 1.39133398989e-05, 1.54012577696e-05, 1.19894839372e-05, 8.02637259767e-06, 2.52536824519e-06, 6.73276588259e-07, 3.44994816714e-07, 2.71290218734e-07], "mean": [0.000339791615261, 0.000617687008344, 0.00052128842799, 0.000502040376887, 0.000428585131885, 0.000521206238773, 0.000662863662001, 0.000461067422293, 0.000460531824501, 0.000357596145477, 0.000235492523643, 7.4582065281e-05, 6.75800911267e-05, 7.27835067664e-05, 6.76849304e-05, 5.97481084696e-05, 6.08778755122e-05, 3.52078386641e-05, 2.30895948334e-05, 2.35895840888e-05, 1.8136079234e-05, 1.49180550579e-05, 1.40209604069e-05, 9.66919469647e-06, 9.1729707492e-06, 4.94286223329e-06, 1.47541061324e-06, 5.92934668475e-07, 4.53466356021e-07, 3.54243496758e-07, 2.51909341387e-07, 1.97227947751e-07, 1.76398145868e-07, 1.53455289365e-07, 1.08934358423e-07, 5.56931603057e-08, 2.60066830293e-08, 1.39959679402e-08, 8.50598613766e-09, 4.58829108041e-09], "median": [6.10769930063e-05, 0.00028481206391, 0.000337004254106, 0.000309460505378, 0.000220269954298, 0.000241259709583, 0.000242843903834, 0.000134814850753, 7.99297558842e-05, 4.36362533947e-05, 2.70994114544e-05, 1.33015619213e-05, 1.19407259263e-05, 1.29270656544e-05, 9.57949123404e-06, 8.34697493701e-06, 9.10231028683e-06, 6.31069360679e-06, 4.56057205156e-06, 4.88045861857e-06, 4.1827061068e-06, 3.30962711814e-06, 2.88848877972e-06, 2.52411382462e-06, 2.08676942748e-06, 8.98215944289e-07, 3.17765397995e-07, 1.59862622695e-07, 1.110922625e-07, 8.88244358066e-08, 6.70090471999e-08, 5.11837328077e-08, 2.80186469581e-08, 1.80381007908e-08, 1.42459573027e-08, 8.97586005522e-09, 4.95990759575e-09, 2.67054467429e-09, 1.63630020644e-09, 9.12304176648e-10], "min": [1.54921553277e-24, 3.51026300086e-24, 4.53284643179e-24, 1.24107936344e-23, 1.00152313246e-23, 7.46804915984e-24, 1.02652118791e-23, 4.56814361856e-24, 2.04083088789e-24, 9.82049312149e-24, 1.23745336429e-23, 1.10921384784e-23, 9.33924458196e-24, 5.22938063438e-24, 9.92005998951e-24, 6.55695110191e-24, 1.11617357318e-23, 1.4146366512e-23, 9.75772030382e-24, 7.36739760808e-24, 9.59065928562e-24, 1.01799423261e-23, 9.98866012269e-24, 9.26799150956e-24, 4.48773778751e-24, 9.86406743132e-24, 1.02970479386e-23, 5.73611214217e-24, 6.50404141213e-24, 1.10228189041e-23, 8.57624648152e-24, 1.12122244075e-23, 1.31836998278e-23, 1.02294867353e-23, 9.36149361493e-24, 9.67320095758e-24, 1.00259976982e-23, 7.86438313381e-24, 6.37998948491e-24, 1.2011932939e-23], "var": [3.71555302081e-07, 8.64220680796e-07, 3.88871143286e-07, 3.73407544885e-07, 4.04587126468e-07, 6.17252510438e-07, 1.98603856916e-06, 1.10715677692e-06, 1.532206511e-06, 9.86089048638e-07, 6.76980903336e-07, 4.47058638997e-08, 4.27619752941e-08, 5.22190823915e-08, 4.96299925601e-08, 4.03358804135e-08, 3.85873271114e-08, 8.62297167004e-09, 4.52519310912e-09, 6.07230976613e-09, 2.62543364826e-09, 1.34026578724e-09, 1.23321597378e-09, 6.77277900429e-10, 5.35939626012e-10, 2.13858222797e-10, 1.73260000097e-11, 1.44489650279e-12, 1.79909613682e-12, 1.66366248035e-12, 2.74887995396e-13, 1.91975084375e-13, 4.05646192634e-13, 4.56679778629e-13, 2.38949810459e-13, 5.06346402524e-14, 7.35003268508e-15, 1.23592747856e-15, 3.76777116188e-16, 1.1829582732e-16]}, "melbands_crest": {"dmean": 3.29811549187, "dmean2": 5.35952425003, "dvar": 8.16362190247, "dvar2": 19.9922809601, "max": 38.0496826172, "mean": 12.9144659042, "median": 11.8339700699, "min": 1.64424562454, "var": 24.8637962341}, "melbands_flatness_db": {"dmean": 0.0283941719681, "dmean2": 0.0404592901468, "dvar": 0.000817232066765, "dvar2": 0.00161269889213, "max": 0.498957186937, "mean": 0.284225642681, "median": 0.286472916603, "min": 0.00463184667751, "var": 0.00370257394388}, "melbands_kurtosis": {"dmean": 4.27349615097, "dmean2": 6.61952161789, "dvar": 35.9688224792, "dvar2": 82.8753738403, "max": 97.1859893799, "mean": 8.30603694916, "median": 5.71756839752, "min": -1.55555450916, "var": 88.6058197021}, "melbands_skewness": {"dmean": 0.580340445042, "dmean2": 0.866669237614, "dvar": 0.321426093578, "dvar2": 0.72845518589, "max": 8.72211456299, "mean": 1.95510041714, "median": 1.89475333691, "min": -1.19705963135, "var": 1.50188291073}, "melbands_spread": {"dmean": 4.54010868073, "dmean2": 6.83530378342, "dvar": 41.6657142639, "dvar2": 91.116065979, "max": 139.910064697, "mean": 14.5784244537, "median": 12.0449008942, "min": 1.15136098862, "var": 111.762428284}, "mfcc": {"cov": [[7622.91845703, 594.463867188, -1184.00610352, 295.386474609, -593.821899414, 72.4544448853, -98.3225250244, 244.986862183, -18.142036438, 108.731498718, 104.522033691, 66.2754669189, -176.411361694], [594.463867188, 1452.6796875, -241.91885376, -177.144470215, 72.0023040771, -122.068199158, 41.048866272, 5.50151586533, 32.0664520264, -80.0138549805, 59.0212593079, 13.3125610352, -8.26237297058], [-1184.00610352, -241.91885376, 648.667724609, 29.887544632, 56.8041992188, 158.092437744, 89.563621521, -32.9711799622, -16.0049057007, -13.7388687134, -65.4657058716, 40.2576293945, 91.4482498169], [295.386474609, -177.144470215, 29.887544632, 459.476287842, 192.430053711, -14.9866428375, -104.936470032, 35.4724121094, -1.44049870968, 46.3707733154, -30.4086074829, -2.70437574387, 57.5847244263], [-593.821899414, 72.0023040771, 56.8041992188, 192.430053711, 413.498474121, -33.7628517151, -113.114990234, -43.3864059448, 30.2256298065, 6.88619041443, -20.9039497375, -20.6764507294, 35.3917236328], [72.4544448853, -122.068199158, 158.092437744, -14.9866428375, -33.7628517151, 242.572158813, 93.8334732056, -5.01160144806, -0.635517954826, 34.1238021851, 14.3851976395, 28.2425746918, 0.467243760824], [-98.3225250244, 41.048866272, 89.563621521, -104.936470032, -113.114990234, 93.8334732056, 239.370178223, 60.9408950806, 19.5164775848, 14.3592290878, 30.9165534973, 19.8416881561, 5.93547534943], [244.986862183, 5.50151586533, -32.9711799622, 35.4724121094, -43.3864059448, -5.01160144806, 60.9408950806, 182.849899292, 47.6342277527, 8.08166122437, 7.99597644806, 18.2910671234, 5.07714748383], [-18.142036438, 32.0664520264, -16.0049057007, -1.44049870968, 30.2256298065, -0.635517954826, 19.5164775848, 47.6342277527, 155.197540283, 46.1687660217, 0.879302203655, 4.48941135406, 5.46965837479], [108.731498718, -80.0138549805, -13.7388687134, 46.3707733154, 6.88619041443, 34.1238021851, 14.3592290878, 8.08166122437, 46.1687660217, 153.090026855, 41.1597518921, -31.5876102448, -14.5208339691], [104.522033691, 59.0212593079, -65.4657058716, -30.4086074829, -20.9039497375, 14.3851976395, 30.9165534973, 7.99597644806, 0.879302203655, 41.1597518921, 114.690299988, 17.9536533356, -24.4699268341], [66.2754669189, 13.3125610352, 40.2576293945, -2.70437574387, -20.6764507294, 28.2425746918, 19.8416881561, 18.2910671234, 4.48941135406, -31.5876102448, 17.9536533356, 124.648880005, 39.2016983032], [-176.411361694, -8.26237297058, 91.4482498169, 57.5847244263, 35.3917236328, 0.467243760824, 5.93547534943, 5.07714748383, 5.46965837479, -14.5208339691, -24.4699268341, 39.2016983032, 119.854827881]], "icov": [[0.000348108413164, -0.000224792092922, 0.000641181715764, -0.000571217562538, 0.000710941792931, -0.00065538182389, 0.000316906167427, -0.000190513848793, 8.1439880887e-05, -0.00018914922839, 0.000308672431856, -0.000294818775728, 0.000199916903512], [-0.000224792092922, 0.00104479386937, -6.7956316343e-05, 0.000748614373151, -0.000925443833694, 0.000730648695026, -0.000632692186628, 0.000169042818015, -0.000206493597943, 0.00062707811594, -0.000602960470133, 0.000171202627826, -0.000365772662917], [0.000641181715764, -6.7956316343e-05, 0.00372688705102, -0.000852718192618, 0.00061700551305, -0.00240263761953, -0.000462707888801, 0.000135360067361, 0.000492157589179, -0.000298222206766, 0.00190649973229, -0.00090077414643, -0.00102521688677], [-0.000571217562538, 0.000748614373151, -0.000852718192618, 0.00473567843437, -0.00279933679849, 0.000844455731567, 0.000726251339074, -0.00141379074194, 0.00106197537389, -0.0012783727143, 0.000227025695494, 0.000206472643185, -0.00179109501187], [0.000710941792931, -0.000925443833694, 0.00061700551305, -0.00279933679849, 0.0054092425853, -0.00132729962934, 0.00198655575514, 0.000600685598329, -0.00126404303592, 0.000235821484239, -9.50264293351e-05, 0.000343438936397, 9.53918497544e-05], [-0.00065538182389, 0.000730648695026, -0.00240263761953, 0.000844455731567, -0.00132729962934, 0.00754163088277, -0.00281372317113, 0.00121609866619, 0.000103896891233, -0.00101913302206, -0.00068017578451, -0.00108995684423, 0.00105298077688], [0.000316906167427, -0.000632692186628, -0.000462707888801, 0.000726251339074, 0.00198655575514, -0.00281372317113, 0.00784547161311, -0.00273200008087, -0.000284446869045, -0.000375057017663, -0.00139963428956, 0.00059388828231, -0.000933949137107], [-0.000190513848793, 0.000169042818015, 0.000135360067361, -0.00141379074194, 0.000600685598329, 0.00121609866619, -0.00273200008087, 0.00777057511732, -0.00247389241122, 0.000914549978916, -0.000203611401957, -0.00062186003197, 0.000316758494591], [8.1439880887e-05, -0.000206493597943, 0.000492157589179, 0.00106197537389, -0.00126404303592, 0.000103896891233, -0.000284446869045, -0.00247389241122, 0.00876142084599, -0.0037785526365, 0.00206918967888, -0.00147764431313, -0.000240237117396], [-0.00018914922839, 0.00062707811594, -0.000298222206766, -0.0012783727143, 0.000235821484239, -0.00101913302206, -0.000375057017663, 0.000914549978916, -0.0037785526365, 0.0108397342265, -0.00500897830352, 0.00400473130867, -0.000326057896018], [0.000308672431856, -0.000602960470133, 0.00190649973229, 0.000227025695494, -9.50264293351e-05, -0.00068017578451, -0.00139963428956, -0.000203611401957, 0.00206918967888, -0.00500897830352, 0.0133277764544, -0.00433650612831, 0.00239581684582], [-0.000294818775728, 0.000171202627826, -0.00090077414643, 0.000206472643185, 0.000343438936397, -0.00108995684423, 0.00059388828231, -0.00062186003197, -0.00147764431313, 0.00400473130867, -0.00433650612831, 0.0117414826527, -0.00410738075152], [0.000199916903512, -0.000365772662917, -0.00102521688677, -0.00179109501187, 9.53918497544e-05, 0.00105298077688, -0.000933949137107, 0.000316758494591, -0.000240237117396, -0.000326057896018, 0.00239581684582, -0.00410738075152, 0.0120598208159]], "mean": [-729.847045898, 191.725769043, -27.1057987213, 25.4402484894, 1.07941889763, -6.75364398956, -15.0223503113, 0.347094327211, -10.0138902664, -1.74076330662, 3.60513925552, -1.06874442101, -4.57845973969]}, "pitch_salience": {"dmean": 0.0759652331471, "dmean2": 0.121911197901, "dvar": 0.00423618406057, "dvar2": 0.0103250378743, "max": 0.913482010365, "mean": 0.619876801968, "median": 0.639241218567, "min": 0.0379731096327, "var": 0.0135897053406}, "silence_rate_20dB": {"dmean": 0, "dmean2": 0, "dvar": 0, "dvar2": 0, "max": 1, "mean": 1, "median": 1, "min": 1, "var": 0}, "silence_rate_30dB": {"dmean": 0.00164237327408, "dmean2": 0.00328542105854, "dvar": 0.00163972890005, "dvar2": 0.00409617368132, "max": 1, "mean": 0.998563230038, "median": 1, "min": 0, "var": 0.00143468985334}, "silence_rate_60dB": {"dmean": 0.0365428030491, "dmean2": 0.0731006190181, "dvar": 0.0352087914944, "dvar2": 0.0730933248997, "max": 1, "mean": 0.107553362846, "median": 0, "min": 0, "var": 0.0959836542606}, "spectral_centroid": {"dmean": 177.953903198, "dmean2": 253.672439575, "dvar": 68136.7578125, "dvar2": 126686.320313, "max": 11551.0742188, "mean": 850.372070313, "median": 740.762573242, "min": 188.345153809, "var": 229053.8125}, "spectral_complexity": {"dmean": 2.75138568878, "dmean2": 4.02833652496, "dvar": 8.1810131073, "dvar2": 15.6135187149, "max": 37, "mean": 12.8524217606, "median": 13, "min": 0, "var": 40.7293586731}, "spectral_contrast_coeffs": {"dmean": [0.0520048029721, 0.0524154752493, 0.0423507802188, 0.0336772613227, 0.0295749828219, 0.0193958878517], "dmean2": [0.0851810276508, 0.082123041153, 0.0638336464763, 0.0505109839141, 0.0426612906158, 0.0291124433279], "dvar": [0.00171772530302, 0.00193543278147, 0.00132725469302, 0.000836478662677, 0.000712998677045, 0.000340767670423], "dvar2": [0.00452195247635, 0.00447179656476, 0.00271417642944, 0.00170808774419, 0.00132017140277, 0.00066333648283], "max": [-0.278244674206, -0.351479589939, -0.416270673275, -0.49481895566, -0.546455085278, -0.590267658234], "mean": [-0.61044639349, -0.683737397194, -0.752469658852, -0.768116831779, -0.754907846451, -0.749650061131], "median": [-0.615288257599, -0.690679311752, -0.772768080235, -0.781156897545, -0.762078464031, -0.747979640961], "min": [-0.954784035683, -0.991628587246, -0.984020233154, -0.959175646305, -0.964964807034, -0.95945340395], "var": [0.00841710157692, 0.00870942696929, 0.00792974513024, 0.00449225399643, 0.0044032544829, 0.00182333716657]}, "spectral_contrast_valleys": {"dmean": [0.438675791025, 0.379934489727, 0.345125287771, 0.343132704496, 0.369998991489, 0.377109587193], "dmean2": [0.712535500526, 0.61204969883, 0.532507359982, 0.502022862434, 0.492169260979, 0.478476315737], "dvar": [0.158578976989, 0.13233473897, 0.123099461198, 0.133451119065, 0.164995595813, 0.181563585997], "dvar2": [0.340089082718, 0.27589571476, 0.227219551802, 0.236884891987, 0.264799922705, 0.29887676239], "max": [-5.60536003113, -4.95299434662, -5.52411603928, -6.01094818115, -6.41315698624, -9.8302898407], "mean": [-7.87373256683, -6.83905744553, -7.78671789169, -8.13394641876, -8.71472072601, -12.4150924683], "median": [-7.60038661957, -6.66253662109, -7.61067008972, -7.97845172882, -8.57570457458, -12.4289913177], "min": [-27.8518638611, -27.6835517883, -27.7390708923, -27.4341831207, -27.2668495178, -27.3303585052], "var": [1.79232847691, 1.31277668476, 1.42230629921, 1.33502602577, 1.51622581482, 1.18202054501]}, "spectral_decrease": {"dmean": 1.66928426637e-09, "dmean2": 2.27565077893e-09, "dvar": 4.24864612589e-18, "dvar2": 7.23454893435e-18, "max": -1.23767886714e-29, "mean": -5.29209964739e-09, "median": -4.18327372742e-09, "min": -3.06059639854e-08, "var": 2.11014237483e-17}, "spectral_energy": {"dmean": 0.00665392586961, "dmean2": 0.00902301725, "dvar": 6.82343234075e-05, "dvar2": 0.000114880022011, "max": 0.124428607523, "mean": 0.0211954265833, "median": 0.0165947452188, "min": 1.06046145883e-20, "var": 0.000344054802554}, "spectral_energyband_high": {"dmean": 3.32183190039e-05, "dmean2": 4.96730608575e-05, "dvar": 9.18628284552e-09, "dvar2": 2.21554170565e-08, "max": 0.00218648952432, "mean": 4.18937379436e-05, "median": 1.072755731e-05, "min": 7.87785974321e-21, "var": 1.00509502943e-08}, "spectral_energyband_low": {"dmean": 0.00184362998698, "dmean2": 0.00299495551735, "dvar": 9.48360411712e-06, "dvar2": 2.35373117903e-05, "max": 0.0368847362697, "mean": 0.00315469689667, "median": 0.00171234202571, "min": 2.12908067847e-23, "var": 1.73523130798e-05}, "spectral_energyband_middle_high": {"dmean": 0.00167490774766, "dmean2": 0.00218999409117, "dvar": 8.30896624393e-06, "dvar2": 1.27366465676e-05, "max": 0.0922627821565, "mean": 0.00418644957244, "median": 0.00174607732333, "min": 1.56179060669e-21, "var": 4.31679764006e-05}, "spectral_energyband_middle_low": {"dmean": 0.00522189075127, "dmean2": 0.00732026482001, "dvar": 4.85326891067e-05, "dvar2": 8.77935308381e-05, "max": 0.117608197033, "mean": 0.0145005416125, "median": 0.0107080750167, "min": 3.41164115666e-22, "var": 0.000200083595701}, "spectral_entropy": {"dmean": 0.199240595102, "dmean2": 0.279629647732, "dvar": 0.0386276766658, "dvar2": 0.0733674615622, "max": 9.79390525818, "mean": 6.85640192032, "median": 6.83917617798, "min": 5.30709695816, "var": 0.20343118906}, "spectral_flux": {"dmean": 0.0229173768312, "dmean2": 0.0346444025636, "dvar": 0.000564757850952, "dvar2": 0.00123813876417, "max": 0.294692993164, "mean": 0.0725215375423, "median": 0.0653882175684, "min": 6.78356051886e-11, "var": 0.00188871414866}, "spectral_kurtosis": {"dmean": 6.95254278183, "dmean2": 11.9402608871, "dvar": 52.0449104309, "dvar2": 146.855651855, "max": 97.1412658691, "mean": 13.0903339386, "median": 10.0918254852, "min": -1.22791528702, "var": 120.410484314}, "spectral_rms": {"dmean": 0.000723800971173, "dmean2": 0.000959275523201, "dvar": 5.85176280765e-07, "dvar2": 9.07755975277e-07, "max": 0.0110178841278, "mean": 0.00407754816115, "median": 0.00402367953211, "min": 3.21651451134e-12, "var": 4.05203218179e-06}, "spectral_rolloff": {"dmean": 278.563140869, "dmean2": 463.084655762, "dvar": 270835.125, "dvar2": 581522.875, "max": 19035.3515625, "mean": 926.773803711, "median": 689.0625, "min": 21.533203125, "var": 616611.8125}, "spectral_skewness": {"dmean": 0.574759781361, "dmean2": 0.956905722618, "dvar": 0.275950819254, "dvar2": 0.740922570229, "max": 7.8588643074, "mean": 2.2133128643, "median": 2.05744719505, "min": -0.0398546941578, "var": 0.925152182579}, "spectral_spread": 