{"lowlevel": {"average_loudness": 0.937492251396, "barkbands": {"dmean": [0.00407909555361, 0.00748083880171, 0.0013157351641, 0.00126596353948, 0.00183461827692, 0.00261664832942, 0.0018116509309, 0.000816114246845, 0.000983629957773, 0.000703062687535, 0.000399521057261, 0.000506127427798, 0.00034607728594, 0.000122176512377, 0.000100529105111, 0.00010356943676, 0.000122917728731, 0.000136157381348, 0.000124785437947, 8.55716425576e-05, 3.54015064659e-05, 3.18336205964e-05, 1.36073604153e-05, 1.89834838693e-06, 1.86922079592e-06, 1.16970040835e-05, 0.000463886011858], "dmean2": [0.00671034911647, 0.0122573375702, 0.00221280194819, 0.00211633462459, 0.00302941305563, 0.00419722823426, 0.00285800872371, 0.00133799028117, 0.00154282606672, 0.00111395528074, 0.000650778121781, 0.000783471972682, 0.000551177479792, 0.000191890940187, 0.000154691151693, 0.000154481953359, 0.000183107869816, 0.000197838438908, 0.00017150802887, 0.000119762386021, 4.85314594698e-05, 4.39614414063e-05, 1.94282692974e-05, 3.14647081723e-06, 3.08204153043e-06, 1.68631213455e-05, 0.000578238221351], "dvar": [8.0668454757e-05, 0.000175155029865, 5.00039186591e-06, 8.46283182909e-06, 1.38289942697e-05, 5.06319374836e-05, 2.2726100724e-05, 3.32150784743e-06, 3.93632808482e-06, 3.63229241884e-06, 1.64410084835e-06, 2.60711772171e-06, 9.13623864562e-07, 6.81548542047e-08, 3.91518781839e-08, 5.83741979199e-08, 6.85880650053e-08, 1.57577659365e-07, 2.07293169296e-07, 1.69958639162e-07, 1.29789397008e-08, 4.35253699749e-09, 9.42257827319e-10, 1.49700616486e-11, 1.3839958693e-11, 8.21808732177e-10, 1.77497065579e-06], "dvar2": [0.00019799004076, 0.000424616737291, 1.32863424369e-05, 2.22572562052e-05, 3.57834469469e-05, 0.000124031386804, 5.45830444025e-05, 8.76282865647e-06, 9.53524704528e-06, 8.70055009727e-06, 4.32290698882e-06, 6.29432952337e-06, 2.28093813348e-06, 1.66267142276e-07, 9.52504422003e-08, 1.33201098151e-07, 1.51040637775e-07, 3.13827001719e-07, 3.70145471607e-07, 3.01330970842e-07, 2.31782255611e-08, 8.50948911335e-09, 1.9477772728e-09, 3.6667256037e-11, 3.38689493118e-11, 1.81695425372e-09, 2.63040419668e-06], "max": [0.132148295641, 0.142890840769, 0.0325736403465, 0.0924879536033, 0.0985835343599, 0.159244120121, 0.120148196816, 0.0605279468, 0.0432000868022, 0.0650699660182, 0.0361867025495, 0.0542344301939, 0.0288495179266, 0.00609463779256, 0.00374645320699, 0.00816606264561, 0.00706125842407, 0.0180837828666, 0.0183069370687, 0.0151236634701, 0.00544756138697, 0.00192864669953, 0.00101317791268, 7.67638193793e-05, 7.17613293091e-05, 0.00112256605644, 0.0503426417708], "mean": [0.00400084489956, 0.00986743438989, 0.00156551715918, 0.00150603300426, 0.00226649641991, 0.00359253305942, 0.00274855433963, 0.00107080303133, 0.00147493602708, 0.000953192880843, 0.000500296708196, 0.000707805389538, 0.000478940230096, 0.000176367539098, 0.000150399078848, 0.000149214436533, 0.000188846242963, 0.000221351641812, 0.0002030259202, 0.000130198823172, 5.73316065129e-05, 5.35720864718e-05, 1.931915358e-05, 1.77146876013e-06, 1.79417293111e-06, 1.61822008522e-05, 0.000951290479861], "median": [0.0013175222557, 0.00512735871598, 0.000800629437435, 0.000598556012847, 0.00115546002053, 0.00108494947199, 0.000902662985027, 0.000441272946773, 0.000573445111513, 0.000266156857833, 0.000123796329717, 0.000147647107951, 0.000106905230496, 6.53710812912e-05, 5.02075999975e-05, 4.97830442328e-05, 7.14640773367e-05, 6.87210049364e-05, 6.24414751655e-05, 2.81684333459e-05, 1.29234485939e-05, 1.1090281987e-05, 2.70800796898e-06, 5.0148128139e-07, 5.63383366625e-07, 3.0220305689e-06, 0.000361592770787], "min": [2.16664493316e-24, 7.17903813429e-24, 2.45396542978e-24, 3.57668469465e-24, 1.17058872511e-23, 4.9467739761e-24, 1.08991696904e-23, 1.17650423526e-23, 2.33463937103e-23, 2.29659118962e-23, 2.22605077416e-23, 3.49423697603e-23, 4.83292351922e-23, 4.96125541128e-23, 6.85690015722e-23, 1.10319408183e-22, 1.0505119311e-22, 9.97469681135e-23, 1.21186894853e-22, 1.87554040488e-22, 3.19692331568e-22, 3.68881052804e-22, 4.13859251047e-22, 7.09923620782e-22, 1.03145383418e-21, 1.29707382752e-21, 2.15544405652e-21], "var": [7.26825601305e-05, 0.000195126936887, 5.40979681318e-06, 9.98959785647e-06, 1.41201098813e-05, 8.21106368676e-05, 4.93574880238e-05, 4.3392956286e-06, 6.87478859618e-06, 5.89388537264e-06, 2.29332249546e-06, 4.79118580188e-06, 1.45657156736e-06, 9.86585391161e-08, 6.69337225645e-08, 8.26720238933e-08, 1.19091417616e-07, 3.12971025096e-07, 4.07821431736e-07, 3.2296307495e-07, 2.59433683425e-08, 1.08723900993e-08, 1.97330729534e-09, 1.47525065081e-11, 1.3858239209e-11, 1.53723178631e-09, 4.69495034849e-06]}, "barkbands_crest": {"dmean": 3.06634402275, "dmean2": 5.00082826614, "dvar": 6.68091392517, "dvar2": 17.6377849579, "max": 23.7246360779, "mean": 10.5720491409, "median": 10.0440950394, "min": 3.02561068535, "var": 15.3227071762}, "barkbands_flatness_db": {"dmean": 0.0314306542277, "dmean2": 0.0471567772329, "dvar": 0.000812742626294, "dvar2": 0.00178898812737, "max": 0.421332240105, "mean": 0.16592054069, "median": 0.15698556602, "min": 0.0379459150136, "var": 0.00330280303024}, "barkbands_kurtosis": {"dmean": 6.65269470215, "dmean2": 10.3987283707, "dvar": 123.330947876, "dvar2": 297.459411621, "max": 210.23374939, "mean": 11.1324081421, "median": 7.12995052338, "min": -1.78020179272, "var": 196.55430603}, "barkbands_skewness": {"dmean": 0.780202627182, "dmean2": 1.18271672726, "dvar": 0.667792260647, "dvar2": 1.51186239719, "max": 12.7103462219, "mean": 2.37360310555, "median": 2.21189045906, "min": -2.19850564003, "var": 1.84285211563}, "barkbands_spread": {"dmean": 8.36034584045, "dmean2": 12.1307697296, "dvar": 99.4233779907, "dvar2": 204.625854492, "max": 122.551895142, "mean": 24.3765163422, "median": 18.4634227753, "min": 0.534634768963, "var": 390.876861572}, "dissonance": {"dmean": 0.0249708946794, "dmean2": 0.0422063544393, "dvar": 0.00070525665069, "dvar2": 0.00187387107871, "max": 0.500000178814, "mean": 0.460483908653, "median": 0.471109598875, "min": 0.150113135576, "var": 0.00129490986001}, "dynamic_complexity": 3.35676932335, "erbbands": {"dmean": [0.394292116165, 1.14494740963, 1.56368350983, 2.83353281021, 4.95577096939, 6.98788261414, 11.8344211578, 23.5311527252, 31.8443145752, 13.5164937973, 22.2681655884, 19.9119415283, 22.239238739, 16.873128891, 16.8732147217, 18.9133739471, 15.719660759, 7.73549461365, 4.92730426788, 5.50149393082, 5.39596605301, 6.66314315796, 7.43667554855, 6.93633747101, 5.58692026138, 4.00803565979, 1.89279794693, 1.3232460022, 1.29589116573, 0.797584176064, 0.230297535658, 0.0444729141891, 0.0304747521877, 0.0208768527955, 0.013345121406, 0.00784830655903, 0.0117317084223, 0.0602116137743, 0.0543062463403, 0.0105167292058], "dmean2": [0.652277708054, 1.93092000484, 2.62568187714, 4.69483613968, 8.25901508331, 11.6587457657, 19.2706623077, 37.5614852905, 50.1374206543, 21.3946819305, 35.8131561279, 31.2719898224, 35.0993156433, 27.2420425415, 26.6764678955, 29.1945343018, 24.5534725189, 12.1075744629, 7.53987646103, 8.33574390411, 7.82798480988, 9.80254650116, 10.737329483, 9.70181941986, 7.59477996826, 5.61230134964, 2.58478212357, 1.80764639378, 1.83454811573, 1.06795489788, 0.331730306149, 0.0726512596011, 0.0504366122186, 0.0344899110496, 0.0219504591078, 0.0127753103152, 0.0162308588624, 0.0766094848514, 0.067971535027, 0.0132624367252], "dvar": [0.588331997395, 3.82579898834, 6.79475259781, 38.3177223206, 122.289970398, 233.749328613, 1063.9317627, 4682.05175781, 8259.23535156, 599.114807129, 2350.13085938, 1687.87988281, 2811.3581543, 2323.17114258, 3314.15258789, 3047.22216797, 1831.62976074, 302.592529297, 93.8150024414, 128.414001465, 172.818634033, 222.604629517, 409.00491333, 541.967773438, 542.66619873, 384.170684814, 65.5620727539, 9.0189666748, 7.60644340515, 3.13714575768, 0.240998595953, 0.00760722951964, 0.00382138928398, 0.00175818952266, 0.000692324596457, 0.000222787668463, 0.000604147091508, 0.0250725168735, 0.0575696341693, 0.000595587538555], "dvar2": [1.43895053864, 9.83874034882, 18.0805778503, 99.6998977661, 314.458892822, 617.089782715, 2526.05566406, 11485.4677734, 19727.9042969, 1505.94128418, 5914.8515625, 4116.80859375, 6679.99072266, 5932.19775391, 8060.15820312, 7213.84130859, 4395.64013672, 738.987792969, 230.444381714, 304.875518799, 374.712677002, 481.693389893, 808.247680664, 1030.93591309, 957.949951172, 683.17010498, 110.718811035, 16.5370521545, 15.8257570267, 6.17946243286, 0.507980704308, 0.0184619855136, 0.00935906823725, 0.00430460693315, 0.00169247633312, 0.000541731191333, 0.00113974860869, 0.03922951594, 0.0834951028228, 0.000941438484006], "max": [9.38066387177, 21.7253131866, 38.7783584595, 182.565490723, 231.599182129, 513.882141113, 1037.84020996, 1678.99255371, 2146.09301758, 878.889953613, 1278.43920898, 991.520019531, 1392.40454102, 1145.84570312, 1867.62341309, 2048.69677734, 1327.63061523, 480.477142334, 220.826858521, 264.579315186, 481.254608154, 397.468841553, 970.453125, 1190.58032227, 804.42199707, 771.564819336, 356.826385498, 107.928520203, 81.5148391724, 58.3937797546, 16.0803947449, 1.77239644527, 1.21126520634, 0.809948146343, 0.507688045502, 0.29301828146, 0.864097476006, 6.38397169113, 9.61309242249, 0.973714232445], "mean": [0.464449971914, 1.50379598141, 2.07852840424, 3.68931674957, 5.84034729004, 8.31624412537, 16.1696224213, 31.922586441, 47.1621360779, 21.7574462891, 31.6403388977, 30.2894687653, 31.9049816132, 22.8975200653, 23.4646167755, 27.7478103638, 22.8193035126, 11.8418369293, 7.96102380753, 8.39825820923, 8.11496448517, 10.597076416, 12.3114547729, 11.5148658752, 9.04260158539, 6.14283752441, 3.04797911644, 2.12791752815, 2.16274762154, 1.25825226307, 0.321201384068, 0.0465416386724, 0.0289392825216, 0.0199105292559, 0.0129946870729, 0.00821052957326, 0.018043987453, 0.103269502521, 0.0958697795868, 0.0246527250856], "median": [0.217901036143, 0.783693373203, 1.17984890938, 1.72190117836, 2.46860575676, 4.19920492172, 6.16946792603, 9.23964118958, 11.9552574158, 11.5109567642, 12.2538414001, 12.2879123688, 10.4475002289, 7.4133310318, 5.78946876526, 6.15075397491, 5.43999433517, 3.94973659515, 3.04214191437, 2.93645143509, 2.76470851898, 4.16590261459, 4.13095521927, 3.54559826851, 2.69361519814, 1.35915350914, 0.73452603817, 0.463404476643, 0.464006483555, 0.187047630548, 0.0568188689649, 0.0164246987551, 0.00862768385559, 0.00605199486017, 0.00422852253541, 0.00315868621692, 0.0050658127293, 0.0210825745016, 0.025855075568, 0.0132457083091], "min": [1.29085512972e-22, 1.51995568468e-21, 3.63270623559e-21, 7.68640378212e-21, 1.75619168216e-20, 4.62557976823e-20, 5.70334828501e-20, 5.62266392484e-20, 1.45763660818e-19, 3.15489244718e-19, 1.81924287811e-19, 5.35219822426e-19, 5.17550779252e-19, 1.04403262758e-18, 1.21266363181e-18, 1.73654368691e-18, 2.61939396828e-18, 2.39428793151e-18, 2.49996707901e-18, 3.66306098203e-18, 4.79363903556e-18, 5.93099087112e-18, 5.69858537904e-18, 6.16290625869e-18, 8.51417666245e-18, 8.9783143216e-18, 1.19519616221e-17, 1.20634564697e-17, 1.42814155508e-17, 1.18422700283e-17, 1.12030587653e-17, 1.16361812874e-17, 1.2786380065e-17, 9.21225919681e-18, 7.63887647213e-18, 4.67050492957e-18, 2.47534687526e-18, 1.0016517187e-18, 2.53666748013e-19, 3.06799382803e-20], "var": [0.584299385548, 4.18613290787, 7.38550281525, 45.2872543335, 143.55581665, 216.485092163, 1850.13122559, 7230.17871094, 17576.5351562, 1042.0760498, 3650.39770508, 2873.73388672, 4769.39111328, 2919.7487793, 5371.09423828, 6275.44677734, 3193.36987305, 491.405883789, 160.628387451, 217.270507812, 253.606323242, 386.374542236, 844.805236816, 1043.86535645, 1048.2833252, 716.598632812, 130.185180664, 21.678155899, 17.7659664154, 7.47020435333, 0.487367480993, 0.00807091780007, 0.00378500320949, 0.00175020296592, 0.00069920590613, 0.000236109932302, 0.00145000754856, 0.0679363310337, 0.131093353033, 0.00168473646045]}, "erbbands_crest": {"dmean": 2.90486216545, "dmean2": 4.68276071548, "dvar": 6.99851703644, "dvar2": 17.2090892792, "max": 31.1206874847, "mean": 9.26721191406, "median": 8.2546710968, "min": 2.43807220459, "var": 19.9877243042}, "erbbands_flatness_db": {"dmean": 0.0271140877157, "dmean2": 0.0405763424933, "dvar": 0.000610950228292, "dvar2": 0.00130444415845, "max": 0.425476580858, "mean": 0.159438088536, "median": 0.152399122715, "min": 0.0575681403279, "var": 0.00242347968742}, "erbbands_kurtosis": {"dmean": 1.92142832279, "dmean2": 2.9677836895, "dvar": 7.73339700699, "dvar2": 17.9471702576, "max": 57.5250587463, "mean": 2.09748482704, "median": 0.753300428391, "min": -1.71555399895, "var": 17.3337535858}, "erbbands_skewness": {"dmean": 0.492804974318, "dmean2": 0.734224200249, "dvar": 0.203142896295, "dvar2": 0.468764364719, "max": 6.25580596924, "mean": 0.702422618866, "median": 0.66025018692, "min": -3.69699215889, "var": 0.835866391659}, "erbbands_spread": {"dmean": 8.10393238068, "dmean2": 12.1310062408, "dvar": 73.7118530273, "dvar2": 151.913162231, "max": 96.6249694824, "mean": 28.8013324738, "median": 26.1987609863, "min": 1.66198956966, "var": 268.842163086}, "gfcc": {"cov": [[9392.9296875, -763.943237305, -1305.85168457, 71.3213195801, 256.190673828, -119.649772644, 270.773040771, -208.434005737, 17.0147418976, -19.066783905, 0.159582391381, 203.741104126, -114.808311462], [-763.943237305, 956.027099609, 208.972305298, -326.326904297, -15.8832473755, 57.6079521179, -91.1832809448, 61.0214538574, -29.3131523132, -23.1242389679, 67.2615432739, -112.042655945, 101.042556763], [-1305.85168457, 208.972305298, 661.642089844, 122.627296448, -220.007354736, 142.2081604, -144.060211182, 120.076942444, -5.15460252762, 27.5198745728, -22.5002613068, -30.6496925354, 24.9944267273], [71.3213195801, -326.326904297, 122.627296448, 440.267364502, 122.402915955, -93.4839782715, 99.3094329834, -76.0955886841, 69.3216247559, 11.0245857239, -60.7657356262, 85.2443237305, -75.5820465088], [256.190673828, -15.8832473755, -220.007354736, 122.402915955, 341.024383545, -72.2122268677, 97.6491851807, -86.0616760254, -3.20113539696, -29.0252399445, 12.3126516342, 6.8464307785, -5.15765237808], [-119.649772644, 57.6079521179, 142.2081604, -93.4839782715, -72.2122268677, 313.205566406, -101.716949463, 112.083786011, -80.2139663696, -2.38788199425, 17.3165245056, -36.537902832, 56.3650131226], [270.773040771, -91.1832809448, -144.060211182, 99.3094329834, 97.6491851807, -101.716949463, 263.772369385, -75.3080596924, 74.6567382812, -20.4676685333, -44.2630233765, 81.0454101562, -64.9156799316], [-208.434005737, 61.0214538574, 120.076942444, -76.0955886841, -86.0616760254, 112.083786011, -75.3080596924, 179.556243896, -3.55439209938, 22.5296592712, 18.9139938354, -68.4483108521, 49.172504425], [17.0147418976, -29.3131523132, -5.15460252762, 69.3216247559, -3.20113539696, -80.2139663696, 74.6567382812, -3.55439209938, 136.956863403, 48.4438095093, -22.082485199, 30.7611732483, -42.0224380493], [-19.066783905, -23.1242389679, 27.5198745728, 11.0245857239, -29.0252399445, -2.38788199425, -20.4676685333, 22.5296592712, 48.4438095093, 76.7979888916, 32.5010375977, 2.42312550545, -7.73491668701], [0.159582391381, 67.2615432739, -22.5002613068, -60.7657356262, 12.3126516342, 17.3165245056, -44.2630233765, 18.9139938354, -22.082485199, 32.5010375977, 81.2702789307, -0.919236421585, 28.1706371307], [203.741104126, -112.042655945, -30.6496925354, 85.2443237305, 6.8464307785, -36.537902832, 81.0454101562, -68.4483108521, 30.7611732483, 2.42312550545, -0.919236421585, 115.643943787, -17.5995540619], [-114.808311462, 101.042556763, 24.9944267273, -75.5820465088, -5.15765237808, 56.3650131226, -64.9156799316, 49.172504425, -42.0224380493, -7.73491668701, 28.1706371307, -17.5995540619, 93.4988555908]], "icov": [[0.000192310108105, -0.000276451173704, 0.000877219543327, -0.00066544348374, 0.000468093843665, -0.000211946695345, 0.000176548594027, -0.000281579850707, 0.000302848697174, -0.000204016614589, 0.000206007360248, -0.000315272307489, 0.000184544856893], [-0.000276451173704, 0.00417984090745, -0.00509096914902, 0.00565113453194, -0.00335622951388, 0.000791227212176, -0.00135299249087, 0.00281342421658, -0.00387208745815, 0.00337096932344, -0.00339333293959, 0.00272181280889, -0.00193518097512], [0.000877219543327, -0.00509096914902, 0.0113343838602, -0.0107011692598, 0.00782061740756, -0.00271666469052, 0.00247138319537, -0.00363365141675, 0.00380819966085, -0.00262074917555, 0.00265508005396, -0.00157572655007, 0.000992560526356], [-0.00066544348374, 0.00565113453194, -0.0107011692598, 0.0153598999605, -0.0104082981125, 0.00338375149295, -0.000700140255503, 0.00153834419325, -0.00290596159175, -0.000331781979185, 0.00269037880935, -0.00336957140826, 0.00166549952701], [0.000468093843665, -0.00335622951388, 0.00782061740756, -0.0104082981125, 0.011869687587, -0.00275303516537, -0.00165473856032, 0.00206723832525, 0.000352441013092, 0.00263529340737, -0.0052240723744, 0.00580464024097, -0.00318127614446], [-0.000211946695345, 0.000791227212176, -0.00271666469052, 0.00338375149295, -0.00275303516537, 0.0064602214843, 0.00052213302115, -0.00380311673507, 0.00422500027344, -0.00280915736221, 0.00332998926751, -0.00342189148068, 0.000681609613821], [0.000176548594027, -0.00135299249087, 0.00247138319537, -0.000700140255503, -0.00165473856032, 0.00052213302115, 0.00947059690952, -0.00348551385105, -0.00128894404043, 0.00141839159187, 0.00459949485958, -0.00775503739715, 0.00514720706269], [-0.000281579850707, 0.00281342421658, -0.00363365141675, 0.00153834419325, 0.00206723832525, -0.00380311673507, -0.00348551385105, 0.0166923850775, -0.00856366194785, 0.00443302141502, -0.00849478319287, 0.0129555854946, -0.00844735559076], [0.000302848697174, -0.00387208745815, 0.00380819966085, -0.00290596159175, 0.000352441013092, 0.00422500027344, -0.00128894404043, -0.00856366194785, 0.0245326254517, -0.0208419375122, 0.015528566204, -0.00916397385299, 0.00516873784363], [-0.000204016614589, 0.00337096932344, -0.00262074917555, -0.000331781979185, 0.00263529340737, -0.00280915736221, 0.00141839159187, 0.00443302141502, -0.0208419375122, 0.0382428579032, -0.0246180985123, 0.00827863439918, -0.000196788692847], [0.000206007360248, -0.00339333293959, 0.00265508005396, 0.00269037880935, -0.0052240723744, 0.00332998926751, 0.00459949485958, -0.00849478319287, 0.015528566204, -0.0246180985123, 0.0355612784624, -0.0148189496249, 0.00218925997615], [-0.000315272307489, 0.00272181280889, -0.00157572655007, -0.00336957140826, 0.00580464024097, -0.00342189148068, -0.00775503739715, 0.0129555854946, -0.00916397385299, 0.00827863439918, -0.0148189496249, 0.0262899436057, -0.00946627464145], [0.000184544856893, -0.00193518097512, 0.000992560526356, 0.00166549952701, -0.00318127614446, 0.000681609613821, 0.00514720706269, -0.00844735559076, 0.00516873784363, -0.000196788692847, 0.00218925997615, -0.00946627464145, 0.0213894303888]], "mean": [-31.5679721832, 112.633209229, -76.9633636475, -5.47445201874, -13.974647522, -35.1209983826, 10.4804916382, -14.8385066986, 3.76850390434, -6.84707641602, -0.842056512833, 2.52468681335, -8.28913784027]}, "hfc": {"dmean": 34.1485786438, "dmean2": 46.8678092957, "dvar": 1773.34228516, "dvar2": 3179.68652344, "max": 1207.69750977, "mean": 108.99105072, "median": 95.4302215576, "min": 1.11243880988e-16, "var": 6015.16259766}, "melbands": {"dmean": [0.00280965492129, 0.000986407394521, 0.000533033104148, 0.000419748044806, 0.000369147164747, 0.000540358829312, 0.000447285478003, 0.000139789757668, 0.00019591517048, 0.000123369085486, 0.000113940470328, 7.31808468117e-05, 5.44002468814e-05, 5.66591443203e-05, 4.9089670938e-05, 2.97077403957e-05, 1.33501198434e-05, 8.25278493721e-06, 8.0766640167e-06, 7.36294987291e-06, 6.67799804432e-06, 6.88108684699e-06, 7.72522980697e-06, 6.83373946231e-06, 5.90000627199e-06, 4.72499186799e-06, 3.76759112442e-06, 2.50065659202e-06, 1.34329138746e-06, 8.09188861695e-07, 7.85288762017e-07, 8.38237326661e-07, 5.07720756104e-07, 4.75767478747e-07, 1.74271690412e-07, 2.86071220046e-08, 2.46568419016e-08, 2.16131414987e-08, 1.91179001519e-08, 1.70728391424e-08], "dmean2": [0.00454974453896, 0.00164262403268, 0.00087714829715, 0.000700674252585, 0.000601035251748, 0.000858782499563, 0.000704315665644, 0.000222822796786, 0.000312906689942, 0.000193681786186, 0.000180049566552, 0.000117984614917, 8.76304548001e-05, 8.80135339685e-05, 7.61606279411e-05, 4.70275626867e-05, 2.11493534152e-05, 1.28949232021e-05, 1.2511109162e-05, 1.1234300473e-05, 9.96752987703e-06, 1.02812264231e-05, 1.15662887765e-05, 1.01279210867e-05, 8.51626737131e-06, 6.77327807352e-06, 5.29981844011e-06, 3.62384162145e-06, 1.90096125152e-06, 1.12131692731e-06, 1.11188364826e-06, 1.21988978208e-06, 7.09364258e-07, 6.59403212921e-07, 2.57399960901e-07, 4.74199524092e-08, 4.09097999921e-08, 3.58204736983e-08, 3.16378496734e-08, 2.81967178495e-08], "dvar": [2.72954675893e-05, 2.56761200035e-06, 1.22151800497e-06, 7.97776067429e-07, 8.29654368317e-07, 2.250357511e-06, 1.47654179727e-06, 7.36130871815e-08, 1.85699576605e-07, 6.25244069852e-08, 7.74645769752e-08, 4.47196484288e-08, 3.26720801525e-08, 3.71918282838e-08, 2.76757727846e-08, 7.27199545025e-09, 8.61890114834e-10, 2.75481942813e-10, 2.57944998694e-10, 2.47205145243e-10, 2.82318002309e-10, 2.3068424948e-10, 3.84986320601e-10, 4.32719221566e-10, 4.0909939325e-10, 3.22408238995e-10, 3.24728327561e-10, 1.6404579084e-10, 3.78635976739e-11, 6.21330504408e-12, 2.89114045204e-12, 3.50688553717e-12, 1.23745349905e-12, 1.22069899761e-12, 1.614512018e-13, 3.45168149468e-15, 2.54058490452e-15, 1.9327225096e-15, 1.4936786515e-15, 1.1709047826e-15], "dvar2": [6.45004765829e-05, 6.69988730806e-06, 3.18436491398e-06, 2.0781733383e-06, 1.99135843104e-06, 5.49763808522e-06, 3.53018913302e-06, 1.93670175008e-07, 4.5992919695e-07, 1.52571445255e-07, 1.84081287102e-07, 1.12094767246e-07, 8.30361486237e-08, 9.11928808023e-08, 6.57749978927e-08, 1.79274071144e-08, 2.10917860954e-09, 6.95293322917e-10, 6.23086304774e-10, 5.70964997504e-10, 6.33538943529e-10, 5.08406317046e-10, 8.69595229158e-10, 9.26663079603e-10, 8.31515412081e-10, 6.11530937e-10, 6.3531058192e-10, 3.10658748726e-10, 6.76438419167e-11, 1.12965253471e-11, 5.6500637502e-12, 7.70113313397e-12, 2.5580169493e-12, 2.50627990583e-12, 3.5985781412e-13, 8.4397168548e-15, 6.22275253448e-15, 4.7361982771e-15, 3.65946947631e-15, 2.86679592723e-15], "max": [0.0605557337403, 0.0222013108432, 0.0318030789495, 0.0229335948825, 0.0280398894101, 0.0361032485962, 0.0281348638237, 0.0121276667342, 0.0130277955905, 0.00543059455231, 0.00795837771147, 0.00544816348702, 0.00582296214998, 0.00535797420889, 0.00694694789127, 0.00367805571295, 0.000662892125547, 0.00039475527592, 0.000330233306158, 0.000444285658887, 0.000636018521618, 0.00046962860506, 0.00075100857066, 0.00111349241342, 0.00103104847949, 0.000806515105069, 0.000642620434519, 0.000475289241876, 0.000261063396465, 0.000123160614748, 4.4620843255e-05, 5.88602342759e-05, 2.62998382823e-05, 3.91592548112e-05, 1.31240749397e-05, 1.23288566556e-06, 1.00978093087e-06, 8.62040508309e-07, 7.4915908499e-07, 6.59478189391e-07], "mean": [0.00357839278877, 0.00140687066596, 0.000704650825355, 0.000502308947034, 0.000512084516231, 0.000754027918447, 0.000667782325763, 0.000213422637898, 0.000279274187051, 0.000184654621989, 0.000160172421602, 9.64079954429e-05, 7.16908325558e-05, 7.79537076596e-05, 6.92626999808e-05, 4.07701736549e-05, 1.92530478671e-05, 1.2428878108e-05, 1.18216921692e-05, 1.04416048998e-05, 9.35090974963e-06, 1.0371019016e-05, 1.19015348901e-05, 1.07092564576e-05, 9.19191279536e-06, 7.3479322964e-06, 5.46108458366e-06, 3.70404700334e-06, 2.07058474189e-06, 1.26161114622e-06, 1.18940658922e-06, 1.34653191708e-06, 8.07052742857e-07, 7.00581097135e-07, 2.29579057986e-07, 2.66376289915e-08, 2.2917177489e-08, 2.01923882059e-08, 1.80108905568e-08, 1.62558944083e-08], "median": [0.00175576482434, 0.00081641797442, 0.00033245285158, 0.000245445640758, 0.000220328714931, 0.000216587097384, 0.000188393838471, 0.000112295543659, 9.89487380139e-05, 7.50069011701e-05, 4.86662065668e-05, 2.82836863335e-05, 1.80282131623e-05, 1.69288323377e-05, 1.36246189868e-05, 9.77703166427e-06, 6.49328467262e-06, 4.55732606497e-06, 3.8521661736e-06, 3.46435490428e-06, 2.95767335956e-06, 3.90277728002e-06, 4.17159708377e-06, 3.1311328712e-06, 2.62325670519e-06, 2.33582022702e-06, 1.19199648907e-06, 7.83823963957e-07, 5.01103500028e-07, 2.59619326926e-07, 2.31144440477e-07, 2.81569782601e-07, 1.53424835503e-07, 8.13275420342e-08, 3.46704105425e-08, 7.32092653166e-09, 6.40393871265e-09, 5.74657521568e-09, 5.25581178579e-09, 4.92796026208e-09], "min": [1.53536293806e-24, 2.10374885597e-24, 1.72228767107e-24, 2.79131371007e-24, 2.01906227121e-24, 1.10319752126e-24, 2.16729120746e-24, 2.98976587028e-24, 1.00079962868e-24, 3.40106335233e-24, 1.44928618317e-24, 4.12165781254e-24, 4.02461727157e-24, 3.16878345601e-24, 5.79655269258e-24, 4.79103902835e-24, 3.88505476124e-24, 3.82456372373e-24, 5.09985519577e-24, 4.59313907078e-24, 5.19395959645e-24, 5.08424245517e-24, 4.75342337937e-24, 4.47980855212e-24, 4.40924336642e-24, 5.37965942569e-24, 5.52726240081e-24, 5.7286597732e-24, 7.07093421357e-24, 5.17962086621e-24, 5.90136390789e-24, 7.33994288199e-24, 6.6671320934e-24, 5.66194422872e-24, 6.09134646298e-24, 6.42964591231e-24, 6.29692164273e-24, 7.67418876956e-24, 7.15592056547e-24, 7.41164718283e-24], "var": [2.97144470096e-05, 2.97359952128e-06, 1.54674307851e-06, 7.86455416346e-07, 1.41808607168e-06, 3.64325728697e-06, 3.1198690067e-06, 1.11910061662e-07, 3.12871065944e-07, 1.04229485487e-07, 1.30763368134e-07, 5.94383138264e-08, 4.88431233236e-08, 6.03806995514e-08, 5.31326662667e-08, 1.02838413341e-08, 1.30366273332e-09, 4.29924706946e-10, 4.42830078162e-10, 3.79413028773e-10, 3.82824882905e-10, 3.79017678354e-10, 6.51938836249e-10, 7.80834896741e-10, 7.18128501109e-10, 5.85813786369e-10, 5.47000056361e-10, 2.87764923002e-10, 7.10029118833e-11, 1.26714411533e-11, 6.45356120973e-12, 7.28011314427e-12, 2.70809134666e-12, 2.65029578145e-12, 2.85596497623e-13, 3.40075406224e-15, 2.49864322111e-15, 1.9050200853e-15, 1.47841998823e-15, 1.16631365227e-15]}, "melbands_crest": {"dmean": 4.57494783401, "dmean2": 7.44954204559, "dvar": 17.1718864441, "dvar2": 42.8002204895, "max": 37.1926841736, "mean": 16.2440853119, "median": 15.3276662827, "min": 1.62260305882, "var": 38.5558013916}, "melbands_flatness_db": {"dmean": 0.0393637306988, "dmean2": 0.058935508132, "dvar": 0.00121093378402, "dvar2": 0.00266277696937, "max": 0.577922523022, "mean": 0.286607801914, "median": 0.2789940238, "min": 0.00382706685923, "var": 0.00528051843867}, "melbands_kurtosis": {"dmean": 8.60178661346, "dmean2": 13.7337684631, "dvar": 290.169158936, "dvar2": 740.536743164, "max": 378.113739014, "mean": 12.4106140137, "median": 7.18427944183, "min": -1.85449111462, "var": 353.314178467}, "melbands_skewness": {"dmean": 0.906178712845, "dmean2": 1.38366663456, "dvar": 0.974389672279, "dvar2": 2.31135201454, "max": 17.2981987, "mean": 2.36012578011, "median": 2.11969852448, "min": -2.02593994141, "var": 2.53160858154}, "melbands_spread": {"dmean": 5.10213804245, "dmean2": 7.63835144043, "dvar": 51.7009735107, "dvar2": 95.0600585938, "max": 149.493286133, "mean": 14.5358467102, "median": 11.5973567963, "min": 0.606057524681, "var": 187.047348022}, "mfcc": {"cov": [[6967.59570312, -487.094543457, -1644.21142578, 375.630737305, -362.311706543, 371.12399292, -6.26196670532, 136.224624634, -41.0616226196, -105.118095398, 41.139919281, -21.6910686493, 116.292617798], [-487.094543457, 1000.33221436, 131.990646362, -316.134460449, 70.0836334229, -136.479370117, 65.1729354858, -57.8696289062, -4.23533391953, 17.2522449493, -30.9382171631, 31.4579124451, -59.1234359741], [-1644.21142578, 131.990646362, 1011.30712891, -209.051818848, 103.484100342, -122.119995117, -35.6702232361, -13.6422739029, 26.1007614136, 59.9441680908, -18.8988227844, 27.9216995239, -36.711101532], [375.630737305, -316.134460449, -209.051818848, 644.813476562, -74.0490341187, 161.988189697, -92.8078918457, 47.8755645752, 24.295167923, -36.6061515808, 91.6313323975, -74.8184432983, 85.8996124268], [-362.311706543, 70.0836334229, 103.484100342, -74.0490341187, 282.944549561, -33.3303718567, 75.5550918579, -46.3324317932, -18.2129592896, 27.7162265778, -51.4062156677, 34.3203239441, -49.964641571], [371.12399292, -136.479370117, -122.119995117, 161.988189697, -33.3303718567, 207.984115601, 4.7346124649, 59.6764259338, 4.80443048477, -47.0222549438, 22.7074108124, -37.1945571899, 52.7737846375], [-6.26196670532, 65.1729354858, -35.6702232361, -92.8078918457, 75.5550918579, 4.7346124649, 149.392959595, 26.7675189972, -8.74135684967, -4.46576595306, -51.4453010559, 15.5368556976, -22.1338844299], [136.224624634, -57.8696289062, -13.6422739029, 47.8755645752, -46.3324317932, 59.6764259338, 26.7675189972, 104.232948303, 43.7141647339, -14.1055335999, 9.94968795776, -23.4246120453, 18.8857841492], [-41.0616226196, -4.23533391953, 26.1007614136, 24.295167923, -18.2129592896, 4.80443048477, -8.74135684967, 43.7141647339, 84.7813110352, 39.1744842529, 15.2147293091, -3.93514752388, -5.12619495392], [-105.118095398, 17.2522449493, 59.9441680908, -36.6061515808, 27.7162265778, -47.0222549438, -4.46576595306, -14.1055335999, 39.1744842529, 85.7433547974, 25.6300182343, 19.6603088379, -20.2815189362], [41.139919281, -30.9382171631, -18.8988227844, 91.6313323975, -51.4062156677, 22.7074108124, -51.4453010559, 9.94968795776, 15.2147293091, 25.6300182343, 98.3602523804, 12.1352186203, 24.2285423279], [-21.6910686493, 31.4579124451, 27.9216995239, -74.8184432983, 34.3203239441, -37.1945571899, 15.5368556976, -23.4246120453, -3.93514752388, 19.6603088379, 12.1352186203, 77.1779022217, 9.92213535309], [116.292617798, -59.1234359741, -36.711101532, 85.8996124268, -49.964641571, 52.7737846375, -22.1338844299, 18.8857841492, -5.12619495392, -20.2815189362, 24.2285423279, 9.92213535309, 72.8956680298]], "icov": [[0.000284676498268, -7.32281932869e-06, 0.000444510747911, -5.76320380787e-05, 0.000283505389234, -0.000437197682913, 0.000461186806206, -0.000716127397027, 0.000697754905559, -0.000646015862003, 0.000625687709544, -0.000734101922717, 0.000429375766544], [-7.32281932869e-06, 0.00135919312015, -6.94758200552e-05, 0.000719589705113, -0.000252445694059, 0.000720327952877, -0.00104602961801, 0.00147130002733, -0.00147721474059, 0.00143876846414, -0.00139651494101, 0.00113240454812, -0.000555737118702], [0.000444510747911, -6.94758200552e-05, 0.00194808817469, 0.000315047247568, -0.000279181665974, -0.000173475476913, 0.0018079651054, -0.00209526973777, 0.00121112167835, -0.00155207270291, 0.00119804788847, -0.000969843531493, 0.000257531472016], [-5.76320380787e-05, 0.000719589705113, 0.000315047247568, 0.00350699620321, -0.00141639413778, 2.05552532861e-05, -4.4029289711e-05, 0.00174241757486, -0.00268873991445, 0.00224956241436, -0.00371736288071, 0.00450244639069, -0.00368936895393], [0.000283505389234, -0.000252445694059, -0.000279181665974, -0.00141639413778, 0.00669134641066, -0.00225865957327, -0.00166981003713, 0.00098026834894, 0.00242519564927, -0.00339444424026, 0.00401301635429, -0.00478947767988, 0.0048762797378], [-0.000437197682913, 0.000720327952877, -0.000173475476913, 2.05552532861e-05, -0.00225865957327, 0.0103195263073, -0.00283883907832, -2.67865561909e-05, -0.00334554840811, 0.00565543631092, -0.00477780867368, 0.00619856035337, -0.00662149069831], [0.000461186806206, -0.00104602961801, 0.0018079651054, -4.4029289711e-05, -0.00166981003713, -0.00283883907832, 0.0155675075948, -0.0118659585714, 0.00839450675994, -0.00631156051531, 0.00904910638928, -0.00752401445061, 0.00494076916948], [-0.000716127397027, 0.00147130002733, -0.00209526973777, 0.00174241757486, 0.00098026834894, -2.67865561909e-05, -0.0118659585714, 0.0283034760505, -0.0197692010552, 0.012551099062, -0.00954600423574, 0.0103925112635, -0.00715708173811], [0.000697754905559, -0.00147721474059, 0.00121112167835, -0.00268873991445, 0.00242519564927, -0.00334554840811, 0.00839450675994, -0.0197692010552, 0.0317497998476, -0.0199260152876, 0.00981642771512, -0.00847919564694, 0.00780228199437], [-0.000646015862003, 0.00143876846414, -0.00155207270291, 0.00224956241436, -0.00339444424026, 0.00565543631092, -0.00631156051531, 0.012551099062, -0.0199260152876, 0.0304221119732, -0.0143731506541, 0.00499755516648, -0.00166408554651], [0.000625687709544, -0.00139651494101, 0.00119804788847, -0.00371736288071, 0.00401301635429, -0.00477780867368, 0.00904910638928, -0.00954600423574, 0.00981642771512, -0.0143731506541, 0.0247187558562, -0.0123946052045, 0.00444598216563], [-0.000734101922717, 0.00113240454812, -0.000969843531493, 0.00450244639069, -0.00478947767988, 0.00619856035337, -0.00752401445061, 0.0103925112635, -0.00847919564694, 0.00499755516648, -0.0123946052045, 0.029025696218, -0.0154889076948], [0.000429375766544, -0.000555737118702, 0.000257531472016, -0.00368936895393, 0.0048762797378, -0.00662149069831, 0.00494076916948, -0.00715708173811, 0.00780228199437, -0.00166408554651, 0.00444598216563, -0.0154889076948, 0.0292664393783]], "mean": [-703.116455078, 181.248703003, -9.59671497345, 42.8322982788, -10.1049156189, 5.2089676857, -0.683710992336, 8.06962490082, 1.36864113808, -1.81224155426, 12.377371788, -1.11109185219, 6.97594308853]}, "pitch_salience": {"dmean": 0.0858238562942, "dmean2": 0.139414578676, "dvar": 0.00576196145266, "dvar2": 0.0147085236385, "max": 0.974765598774, "mean": 0.568141460419, "median": 0.579422235489, "min": 0.0928853452206, "var": 0.0129026696086}, "silence_rate_20dB": {"dmean": 0, "dmean2": 0, "dvar": 0, "dvar2": 0, "max": 1, "mean": 1, "median": 1, "min": 1, "var": 0}, "silence_rate_30dB": {"dmean": 0.0415102206171, "dmean2": 0.0830290988088, "dvar": 0.0397824719548, "dvar2": 0.0957476645708, "max": 1, "mean": 0.9651684165, "median": 1, "min": 0, "var": 0.0336228497326}, "silence_rate_60dB": {"dmean": 0.00876095145941, "dmean2": 0.0175237301737, "dvar": 0.00868374016136, "dvar2": 0.0203440263867, "max": 1, "mean": 0.0416101776063, "median": 0, "min": 0, "var": 0.0398794040084}, "spectral_centroid": {"dmean": 225.517364502, "dmean2": 320.019073486, "dvar": 72746.796875, "dvar2": 125032.398438, "max": 11541.9208984, "mean": 958.163818359, "median": 788.977966309, "min": 193.895629883, "var": 521482.96875}, "spectral_complexity": {"dmean": 3.96182727814, "dmean2": 5.29696464539, "dvar": 18.3104076385, "dvar2": 27.1956481934, "max": 59, "mean": 15.912191391, "median": 13, "min": 0, "var": 96.001991272}, "spectral_contrast_coeffs": {"dmean": [0.0520602725446, 0.052177041769, 0.0422822013497, 0.0294037945569, 0.0238883923739, 0.0512426011264], "dmean2": [0.0857418850064, 0.0860435068607, 0.0682187750936, 0.0476891919971, 0.037647947669, 0.0774768814445], "dvar": [0.00185151875485, 0.00174849666655, 0.00114702759311, 0.00056586106075, 0.000392859918065, 0.00210163067095], "dvar2": [0.00507773691788, 0.00471283169463, 0.00288194674067, 0.00143642839976, 0.000926863518544, 0.0046190363355], "max": [-0.425206899643, -0.40696811676, -0.471250414848, -0.595362782478, -0.671194195747, -0.410999178886], "mean": [-0.720755696297, -0.754128575325, -0.796996235847, -0.826826035976, -0.816754877567, -0.74463301897], "median": [-0.729021191597, -0.764273583889, -0.805561959743, -0.832002997398, -0.813795685768, -0.757106363773], "min": [-0.970116615295, -0.979681074619, -0.971462130547, -0.977413475513, -0.968803048134, -0.963372051716], "var": [0.00465161399916, 0.00528999371454, 0.00364347663708, 0.00221805367619, 0.00162652193103, 0.00811761058867]}, "spectral_contrast_valleys": {"dmean": [0.403073459864, 0.399713516235, 0.424795001745, 0.404248386621, 0.39932101965, 0.749148011208], "dmean2": [0.638252258301, 0.618371188641, 0.609872758389, 0.553644001484, 0.510442852974, 1.18072092533], "dvar": [0.126967087388, 0.127651929855, 0.150779739022, 0.150589302182, 0.172133162618, 0.362437844276], "dvar2": [0.280868023634, 0.27045032382, 0.28309032321, 0.262590676546, 0.299857497215, 0.934856235981], "max": [-4.86843490601, -4.4472360611, -4.58364295959, -5.55004549026, -5.18646287918, -8.90161895752], "mean": [-6.80904150009, -6.34893131256, -7.24454307556, -7.93857479095, -7.99228429794, -11.5467090607], "median": [-6.68112421036, -6.21444177628, -7.0719833374, -7.76008272171, -7.79395294189, -11.4351902008], "min": [-27.8928890228, -27.7565040588, -27.6869564056, -27.4975776672, -27.4285984039, -27.3485603333], "var": [1.47790241241, 1.52162790298, 1.68072462082, 1.75530660152, 1.88523411751, 1.5298293829]}, "spectral_decrease": {"dmean": 4.00788380261e-09, "dmean2": 6.05938677012e-09, "dvar": 3.23225754352e-17, "dvar2": 7.07191645781e-17, "max": 1.45714484923e-09, "mean": -7.10343472932e-09, "median": -4.47722836583e-09, "min": -5.88169406512e-08, "var": 5.72191336124e-17}, "spectral_energy": {"dmean": 0.0168388597667, "dmean2": 0.0246950443834, "dvar": 0.000526419491507, "dvar2": 0.00113000709098, "max": 0.253059148788, "mean": 0.0366957262158, "median": 0.0267204083502, "min": 1.02727301779e-20, "var": 0.00105198437814}, "spectral_energyband_high": {"dmean": 0.00053067994304, "dmean2": 0.000653795024846, "dvar": 2.54201427197e-06, "dvar2": 3.71956889467e-06, "max": 0.0579743683338, "mean": 0.00103960512206, "median": 0.000357240613084, "min": 7.13326309818e-21, "var": 6.57750933897e-06}, "spectral_energyband_low": {"dmean": 0.0105236917734, "dmean2": 0.016589038074, "dvar": 0.000329608476022, "dvar2": 0.000746942125261, "max": 0.195894494653, "mean": 0.0152732105926, "median": 0.00804668385535, "min": 2.69331091658e-23, "var": 0.000409376603784}, "spectral_energyband_middle_high": {"dmean": 0.00179683521856, "dmean2": 0.00255988189019, "dvar": 1.18130101328e-05, "dvar2": 2.68000567303e-05, "max": 0.0736346021295, "mean": 0.00363928172737, "median": 0.00155633373652, "min": 1.12084820829e-21, "var": 3.28680253006e-05}, "spectral_energyband_middle_low": {"dmean": 0.00648434879258, "dmean2": 0.0100195324048, "dvar": 0.000106263236376, "dvar2": 0.000256214698311, "max": 0.190158739686, "mean": 0.0129612060264, "median": 0.00762871745974, "min": 1.99207800599e-22, "var": 0.00024624649086}, "spectral_entropy": {"dmean": 0.23463408649, "dmean2": 0.338181227446, "dvar": 0.0579347908497, "dvar2": 0.116220451891, "max": 9.81689071655, "mean": 7.26098585129, "median": 7.35176849365, "min": 5.07453489304, "var": 0.25153413415}, "spectral_flux": {"dmean": 0.034269079566, "dmean2": 0.0523659139872, "dvar": 0.001403000555, "dvar2": 0.00296427751891, "max": 0.403912931681, "mean": 0.105383262038, "median": 0.0943765640259, "min": 6.53762460834e-11, "var": 0.00371536007151}, "spectral_kurtosis": {"dmean": 7.00297164917, "dmean2": 10.7841539383, "dvar": 120.447814941, "dvar2": 297.709472656, "max": 227.2837677, "mean": 23.4775562286, "median": 20.435087204, "min": -1.23708879948, "var": 205.7371521}, "spectral_rms": {"dmean": 0.00123405666091, "dmean2": 0.00174725672696, "dvar": 1.86284626125e-06, "dvar2": 3.68524979422e-06, "max": 0.0157126374543, "mean": 0.00544611364603, "median": 0.00510575063527, "min": 3.1657820896e-12, "var": 6.14069813309e-06}, "spectral_rolloff": {"dmean": 5067.22167969, "dmean2": 9649.17578125, "dvar": 62455316, "dvar2": 132987176, "max": 22050, "mean": 10698.2480469, "median": 4155.90820312, "min": 43.06640625, "var": 96537712}, "spectral_skewness": {"dmean": 0.50576633215, "dmean2": 0.747138142586, "dvar": 0.438131034374, "dvar2": 1.01017343998, "max": 13.1856851578, "mean": 3.32943081856, "median": 3.17182397842, "min": -0.0589674115181, "var": 1.15081310272}, "spectral_spread": {"dmean": 533348.1875, "dmean2": 815933.1875, "dvar": 390703480832, "dvar2": 802489106432, "max": 42604208, "mean": 3906867.25, "median": 3804125.25, "min": 1028543.375, "var": 3753357606910.0}, "spectral_strongpeak": {"dmea