{"lowlevel": {"average_loudness": 0.920268058777, "barkbands": {"dmean": [5.13744889759e-05, 0.00391533691436, 0.00360144674778, 0.00199783127755, 0.00113200419582, 0.000497915374581, 0.000355343305273, 0.000397428666474, 0.000751994550228, 0.00111733737867, 0.000303501234157, 0.000331201736117, 0.000292854179861, 0.000260951637756, 0.000298302911688, 0.000162353841006, 0.000112032139441, 0.000200168477022, 0.000371155358152, 0.000104177255707, 4.25893158535e-05, 6.51242226013e-05, 3.35175791406e-05, 5.71438613406e-05, 0.000113403562864, 0.000130813801661, 6.00336206844e-05], "dmean2": [6.61415688228e-05, 0.00619564997032, 0.0059317201376, 0.00333443144336, 0.00184744852595, 0.000810780271422, 0.000580323161557, 0.000619071070105, 0.00114245153964, 0.00162203481887, 0.000476623012219, 0.000522188318428, 0.000451187690487, 0.000393098569475, 0.000466440280434, 0.000254637823673, 0.000174038665136, 0.000318519974826, 0.000571789569221, 0.000163746779435, 6.25223983661e-05, 9.36680517043e-05, 4.73946456623e-05, 7.89261612226e-05, 0.000154845387442, 0.000175444205524, 9.07836365514e-05], "dvar": [3.86211640446e-09, 7.27508449927e-05, 3.13779746648e-05, 1.12101270133e-05, 3.82899997931e-06, 6.63071546114e-07, 8.14731890841e-07, 3.2114583064e-06, 8.41204473545e-06, 1.18078305604e-05, 1.746246312e-06, 1.39856535952e-06, 1.07004177607e-06, 1.03869172108e-06, 1.30708963297e-06, 5.16641875947e-07, 1.95260042801e-07, 3.30436108698e-07, 7.35575440558e-07, 2.62579096244e-08, 5.08304243141e-09, 1.53759334154e-08, 7.20950188438e-09, 3.17171711117e-08, 1.22639406186e-07, 4.20395345202e-08, 1.03396109452e-08], "dvar2": [6.15252204739e-09, 0.000178003494511, 8.51653167047e-05, 3.00084102491e-05, 9.94233050733e-06, 1.62910407653e-06, 1.92222819351e-06, 7.73808551457e-06, 1.81524555956e-05, 2.42751866608e-05, 4.35347965322e-06, 3.29219710693e-06, 2.22536596084e-06, 2.16226317207e-06, 2.75464390143e-06, 1.24278562907e-06, 4.60133492197e-07, 7.97317625256e-07, 1.62518767866e-06, 6.22623801405e-08, 1.00953041482e-08, 2.89388086827e-08, 1.4105140167e-08, 5.96433551436e-08, 2.20222332814e-07, 8.22268191314e-08, 2.34433521484e-08], "max": [0.000779309601057, 0.0704493448138, 0.0694701895118, 0.0417859144509, 0.0366072133183, 0.0181851591915, 0.0259353220463, 0.063546538353, 0.0902120172977, 0.0721103921533, 0.0506237819791, 0.0359295345843, 0.027385532856, 0.0351067520678, 0.0380110666156, 0.0275028888136, 0.0164010860026, 0.017636153847, 0.025333661586, 0.00245864316821, 0.00199206219986, 0.00522969709709, 0.00323940929957, 0.00715256854892, 0.0155601473525, 0.00451518921182, 0.00170663674362], "mean": [7.79457986937e-05, 0.00382068380713, 0.00507331173867, 0.00247003440745, 0.00217005680315, 0.000920134247281, 0.000520907051396, 0.000557150109671, 0.00108201615512, 0.00189826532733, 0.000398968026275, 0.000461853313027, 0.000430476706242, 0.00038725414197, 0.000449766288511, 0.000257553358097, 0.00016962250811, 0.000321771978633, 0.000728133425582, 0.000174134678673, 8.18672779133e-05, 0.000126707469462, 6.53279130347e-05, 9.65072904364e-05, 0.00017279626627, 0.000179105001735, 5.92104697716e-05], "median": [3.96979412471e-05, 0.000438399787527, 0.00298920553178, 0.00132317305543, 0.00164884282276, 0.000534252380021, 0.000193594110897, 0.000176253262907, 0.000208462384762, 0.000154847381054, 7.2139504482e-05, 5.82632055739e-05, 7.66384691815e-05, 4.76546993013e-05, 6.64516264806e-05, 4.35378969996e-05, 4.98120862176e-05, 0.000112244037155, 0.000273066951195, 9.13296244107e-05, 3.3470132621e-05, 5.27754455106e-05, 2.99482289847e-05, 3.56184245902e-05, 5.67456663703e-05, 7.08099250915e-05, 1.17296985991e-05], "min": [1.12423256041e-22, 2.21015159816e-23, 2.50904231768e-23, 5.09035281397e-23, 1.00533014363e-22, 4.34844648755e-23, 2.58952411604e-23, 1.31085799171e-22, 1.67589043828e-22, 6.223222076e-23, 4.44603899449e-23, 6.63545364826e-23, 9.43623676575e-23, 1.79685878711e-22, 1.03692856672e-22, 1.84388120794e-22, 2.60593725069e-22, 2.42734822943e-22, 1.8739913345e-22, 3.48994235415e-22, 3.82764954249e-22, 4.61569962492e-22, 7.08335145219e-22, 9.50087211557e-22, 1.56234727743e-21, 1.44572985622e-21, 2.14498696684e-21], "var": [1.00110693069e-08, 7.36665751901e-05, 4.02579535148e-05, 1.20452541523e-05, 5.73837405682e-06, 1.54200574798e-06, 1.36008748086e-06, 4.45103160018e-06, 1.52821849042e-05, 3.28628739226e-05, 2.46707941187e-06, 2.77115282188e-06, 2.09825680031e-06, 2.60394335783e-06, 3.7103327486e-06, 1.41953285038e-06, 3.75455414314e-07, 6.63600303596e-07, 2.2237813937e-06, 5.19341654126e-08, 1.3694861245e-08, 3.93959069811e-08, 1.41091600625e-08, 6.82393945795e-08, 2.57740083498e-07, 8.20923276024e-08, 1.25050716449e-08]}, "barkbands_crest": {"dmean": 3.31479668617, "dmean2": 5.22940349579, "dvar": 8.32158184052, "dvar2": 19.7542972565, "max": 26.531785965, "mean": 11.1343183517, "median": 10.2815685272, "min": 2.35547590256, "var": 20.8045978546}, "barkbands_flatness_db": {"dmean": 0.0338428132236, "dmean2": 0.0499418117106, "dvar": 0.00124869483989, "dvar2": 0.00245277420618, "max": 0.690290570259, "mean": 0.131794899702, "median": 0.120079994202, "min": 0.0200572833419, "var": 0.00385987246409}, "barkbands_kurtosis": {"dmean": 8.69522476196, "dmean2": 13.1996297836, "dvar": 1050.94104004, "dvar2": 2435.74975586, "max": 1387.1829834, "mean": 10.7714385986, "median": 2.7212395668, "min": -1.95228540897, "var": 1438.97155762}, "barkbands_skewness": {"dmean": 0.950237929821, "dmean2": 1.38222312927, "dvar": 1.59220075607, "dvar2": 3.2430768013, "max": 35.6986503601, "mean": 2.14205336571, "median": 1.75413942337, "min": -5.11157083511, "var": 4.45436286926}, "barkbands_spread": {"dmean": 10.4183664322, "dmean2": 15.7918453217, "dvar": 167.750106812, "dvar2": 359.510375977, "max": 145.108978271, "mean": 28.1249217987, "median": 23.8909111023, "min": 0.0453186072409, "var": 399.886627197}, "dissonance": {"dmean": 0.0198531523347, "dmean2": 0.0321098528802, "dvar": 0.000456368899904, "dvar2": 0.00112409389112, "max": 0.500000119209, "mean": 0.46426269412, "median": 0.473943173885, "min": 0.210690870881, "var": 0.00106230191886}, "dynamic_complexity": 4.84449911118, "erbbands": {"dmean": [0.0544885955751, 1.08228623867, 3.70041656494, 5.57932567596, 5.15475273132, 3.29762363434, 4.00822639465, 4.19622564316, 5.13105487823, 5.49974346161, 9.65321540833, 17.7961730957, 28.5652103424, 27.5482902527, 11.4535083771, 13.8066759109, 13.6880197525, 13.1774873734, 17.3176898956, 8.92605400085, 8.10472869873, 5.34348011017, 7.03495645523, 21.5422611237, 13.9137821198, 4.76419258118, 2.15379333496, 1.68656086922, 2.89205360413, 1.2173320055, 1.00461614132, 0.96639341116, 1.16096961498, 1.18109738827, 0.886717498302, 0.576246678829, 0.24111956358, 0.0570972450078, 0.00991919729859, 0.000614718417637], "dmean2": [0.0762215033174, 1.75107884407, 5.97499418259, 9.20421028137, 8.52013492584, 5.40486478806, 6.65329408646, 6.84863710403, 8.2683467865, 8.8619222641, 14.8282203674, 27.1084384918, 41.2612495422, 40.3508758545, 18.0184574127, 21.5390090942, 21.1103420258, 19.8631763458, 26.4415397644, 13.9138116837, 12.4451141357, 8.21125411987, 11.01973629, 33.7715911865, 21.6972541809, 7.45356798172, 3.2333881855, 2.44170308113, 4.24624681473, 1.70853495598, 1.42488217354, 1.35288488865, 1.61864519119, 1.64165246487, 1.21392869949, 0.780279040337, 0.328581660986, 0.0817611068487, 0.0150248389691, 0.000932695693336], "dvar": [0.0125315738842, 5.46680593491, 34.4105453491, 72.3068161011, 95.5741348267, 28.7765884399, 51.0830879211, 48.9052772522, 154.248809814, 349.067718506, 2255.25366211, 5363.83789062, 10533.5996094, 11132.5410156, 1941.9152832, 2225.21240234, 2371.3190918, 2195.15625, 4676.61132812, 1043.39550781, 1302.30200195, 379.93270874, 311.024078369, 3282.18481445, 745.784423828, 56.3025588989, 11.8121728897, 9.76346302032, 31.17993927, 6.65756082535, 7.09236812592, 6.6016626358, 17.3243293762, 19.2770175934, 5.18463945389, 0.929728746414, 0.142304703593, 0.00872799288481, 0.000283257832052, 1.10957137167e-06], "dvar2": [0.022497817874, 13.6373767853, 90.141494751, 190.667617798, 250.213516235, 75.3066177368, 136.527023315, 121.230987549, 364.060943604, 790.594421387, 5527.91699219, 11357.4785156, 21662.1855469, 22547.9960938, 5078.4140625, 5292.09570312, 4977.81884766, 4632.61328125, 9712.38574219, 2529.9152832, 2679.68652344, 867.173095703, 739.475769043, 7726.08007812, 1740.04980469, 132.744766235, 25.0519962311, 19.0961608887, 62.3453788757, 13.1209115982, 14.4582939148, 12.7187242508, 33.0192909241, 35.2039413452, 9.50047111511, 1.77821803093, 0.286418378353, 0.0191875156015, 0.000644723244477, 2.52260360867e-06], "max": [0.778592884541, 19.4754314423, 63.810836792, 95.9592208862, 185.043823242, 144.615310669, 206.632232666, 163.823028564, 339.044616699, 706.35144043, 2024.20422363, 2688.6875, 2679.13330078, 2425.89257812, 1711.58544922, 1528.94787598, 1498.45324707, 1380.48693848, 2306.8034668, 1148.82214355, 1698.19726562, 899.114990234, 580.960632324, 1995.14428711, 696.806884766, 165.702835083, 73.1117248535, 151.86756897, 239.03225708, 101.696937561, 117.692871094, 90.2340545654, 179.889587402, 198.887283325, 106.173324585, 25.2630023956, 6.55463886261, 1.45064163208, 0.272492438555, 0.0171884018928], "mean": [0.063242316246, 1.06603324413, 5.12482881546, 7.93590736389, 7.49395513535, 7.04939889908, 7.00015163422, 7.57696437836, 8.48003673553, 7.78926038742, 13.7107038498, 26.8500518799, 48.0291442871, 48.2824211121, 18.2605781555, 21.0484905243, 21.0207328796, 20.9719810486, 27.0668029785, 14.2742443085, 13.9978981018, 8.84087562561, 13.1044940948, 38.868473053, 27.2510795593, 8.85296630859, 4.04080533981, 3.31051421165, 5.42559957504, 2.34952235222, 1.93344342709, 1.61855626106, 1.93321847916, 1.8725143671, 1.26146137714, 0.790315687656, 0.326666206121, 0.068416684866, 0.00987772922963, 0.000592375523411], "median": [0.0058058835566, 0.217620968819, 2.95137119293, 4.95370674133, 4.7981262207, 5.3727722168, 4.76216506958, 3.99427509308, 3.32968521118, 3.18343019485, 4.30724239349, 6.12995624542, 4.8937664032, 5.46919631958, 3.99243354797, 3.90473484993, 4.52349948883, 3.6284122467, 4.2955121994, 3.0934176445, 2.63402485847, 2.7441034317, 5.38794231415, 12.4552974701, 11.9928665161, 4.9120016098, 1.92489433289, 1.27749252319, 2.24414014816, 0.991903305054, 0.900139927864, 0.626135647297, 0.665936648846, 0.585267901421, 0.403361201286, 0.29737830162, 0.131509289145, 0.0224590487778, 0.00206872494891, 0.000122550234664], "min": [1.48994201372e-21, 3.007778351e-21, 1.91013807209e-20, 1.4076124729e-19, 7.56081336977e-20, 5.12736691485e-19, 3.83209022203e-19, 4.29041212938e-19, 3.20454241248e-19, 9.95677923716e-19, 3.03238994529e-18, 4.11092014031e-18, 2.96692190853e-18, 1.67922482675e-18, 2.58552567849e-18, 2.27342877901e-18, 3.94518623278e-18, 8.28727109426e-18, 7.36809889861e-18, 5.60156246986e-18, 1.2224847679e-17, 1.37798975998e-17, 9.51277225898e-18, 1.18214895969e-17, 1.27837339142e-17, 1.70878044499e-17, 1.49188938704e-17, 1.53977801599e-17, 1.84069540405e-17, 1.87493588376e-17, 1.94806510192e-17, 2.00066237378e-17, 1.70694542752e-17, 1.53313525936e-17, 1.15461170351e-17, 5.64895247434e-18, 2.79769316291e-18, 1.12527799715e-18, 3.39120631596e-19, 2.78219226352e-20], "var": [0.0184838213027, 5.22845602036, 42.0222473145, 92.4878082275, 105.860321045, 55.2573394775, 77.4567565918, 124.435935974, 307.477050781, 543.494384766, 2938.13671875, 9683.63476562, 26976.2148438, 32809.4570312, 4057.86181641, 5023.62402344, 4442.67626953, 5911.65673828, 12889.7597656, 2152.91943359, 4077.03344727, 844.374511719, 763.577392578, 9399.52441406, 2045.27685547, 125.602035522, 29.1057987213, 26.2079601288, 74.5363998413, 14.1375923157, 13.1230897903, 13.3956079483, 35.6184844971, 39.445526123, 10.6040019989, 1.83422446251, 0.268361985683, 0.0133095439523, 0.000343872350641, 1.29187480979e-06]}, "erbbands_crest": {"dmean": 2.87069892883, "dmean2": 4.4923248291, "dvar": 8.61605930328, "dvar2": 18.3030509949, "max": 33.3844566345, "mean": 9.66681575775, "median": 7.86087942123, "min": 1.75913143158, "var": 32.6984825134}, "erbbands_flatness_db": {"dmean": 0.0230109132826, "dmean2": 0.0308804064989, "dvar": 0.000517501146533, "dvar2": 0.000925330736209, "max": 0.431073963642, "mean": 0.122333295643, "median": 0.112851552665, "min": 0.0253330692649, "var": 0.00240879040211}, "erbbands_kurtosis": {"dmean": 1.54559290409, "dmean2": 2.40991735458, "dvar": 39.3925552368, "dvar2": 99.1557617188, "max": 353.581726074, "mean": 0.914916753769, "median": -0.376059442759, "min": -1.85930800438, "var": 40.2351951599}, "erbbands_skewness": {"dmean": 0.483793407679, "dmean2": 0.711042463779, "dvar": 0.330306380987, "dvar2": 0.663677155972, "max": 14.3302145004, "mean": 0.274385988712, "median": 0.203180402517, "min": -10.1395654678, "var": 1.05440235138}, "erbbands_spread": {"dmean": 13.6827774048, "dmean2": 20.3105201721, "dvar": 229.164337158, "dvar2": 503.598815918, "max": 196.483139038, "mean": 52.8149147034, "median": 50.0998153687, "min": 0.727417528629, "var": 804.936523438}, "gfcc": {"cov": [[26036.1015625, 895.043823242, -1486.73828125, -160.150039673, -628.724914551, -267.004669189, -297.818206787, -93.2123641968, -872.557922363, -370.334136963, -100.016716003, -431.198608398, -628.350830078], [895.043823242, 1315.67053223, -246.017349243, 4.60394239426, 52.9245986938, 29.8782424927, 30.9672374725, 15.8897237778, -47.6589660645, -19.7262744904, 39.3159103394, -48.0500679016, -27.2754592896], [-1486.73828125, -246.017349243, 1089.88415527, 256.664031982, 57.7429771423, 24.150844574, 44.1838760376, 37.6358108521, 82.106300354, 106.5987854, -24.3421611786, 88.1296920776, 16.8760967255], [-160.150039673, 4.60394239426, 256.664031982, 455.851013184, 26.6604728699, -9.24800300598, -32.1989898682, 18.5239048004, 42.1328239441, 24.3290538788, -15.3747606277, 26.6438827515, -8.83154201508], [-628.724914551, 52.9245986938, 57.7429771423, 26.6604728699, 315.857757568, 52.198600769, 68.0078964233, 40.6138534546, 75.4954986572, 28.4322605133, 7.1118221283, 23.9031448364, 22.234500885], [-267.004669189, 29.8782424927, 24.150844574, -9.24800300598, 52.198600769, 214.353149414, 88.4731216431, 33.5609359741, 11.709397316, 18.1603450775, 18.2114334106, -8.30420303345, 10.8783931732], [-297.818206787, 30.9672374725, 44.1838760376, -32.1989898682, 68.0078964233, 88.4731216431, 209.872879028, 46.7125358582, 8.17925834656, 21.8173923492, 5.9597992897, 1.30182611942, -3.86456680298], [-93.2123641968, 15.8897237778, 37.6358108521, 18.5239048004, 40.6138534546, 33.5609359741, 46.7125358582, 146.468582153, 57.7959289551, 0.199483960867, 12.9797554016, 10.3492479324, 18.5627479553], [-872.557922363, -47.6589660645, 82.106300354, 42.1328239441, 75.4954986572, 11.709397316, 8.17925834656, 57.7959289551, 152.511413574, 46.8696174622, -1.59567272663, 23.9110183716, 36.9293365479], [-370.334136963, -19.7262744904, 106.5987854, 24.3290538788, 28.4322605133, 18.1603450775, 21.8173923492, 0.199483960867, 46.8696174622, 114.646728516, 23.5123710632, 12.9476976395, -2.32913589478], [-100.016716003, 39.3159103394, -24.3421611786, -15.3747606277, 7.1118221283, 18.2114334106, 5.9597992897, 12.9797554016, -1.59567272663, 23.5123710632, 112.465377808, 12.6923274994, -2.6888551712], [-431.198608398, -48.0500679016, 88.1296920776, 26.6438827515, 23.9031448364, -8.30420303345, 1.30182611942, 10.3492479324, 23.9110183716, 12.9476976395, 12.6923274994, 100.519165039, 44.6250762939], [-628.350830078, -27.2754592896, 16.8760967255, -8.83154201508, 22.234500885, 10.8783931732, -3.86456680298, 18.5627479553, 36.9293365479, -2.32913589478, -2.6888551712, 44.6250762939, 105.17552948]], "icov": [[6.01402607572e-05, -1.70306520886e-05, 5.96768331889e-05, -1.96830151253e-05, 2.0959703761e-05, 2.08212004509e-05, 8.81895175553e-05, -0.000174021653947, 0.000304756016703, -2.59724474745e-05, 9.38749144552e-05, 2.12287213799e-05, 0.000256832339801], [-1.70306520886e-05, 0.000845469592605, 0.000181674738997, -0.000156315858476, -0.000222424801905, -2.13851508306e-05, -0.000103976228274, -0.000118550386105, 0.00026145693846, -5.1824037655e-05, -0.000276700564427, 0.000294340308756, -8.33396261442e-05], [5.96768331889e-05, 0.000181674738997, 0.00136064528488, -0.000641246675514, 1.23773352243e-05, -5.80041705689e-05, -0.000132229935843, -0.000377999065677, 0.000343188497936, -0.001026625745, 0.000582945765927, -0.000863186258357, 0.000434620917076], [-1.96830151253e-05, -0.000156315858476, -0.000641246675514, 0.00271387142129, -0.000120768454508, -9.69561151578e-05, 0.000689939712174, -0.000193463856704, -0.000573021359742, 8.29738928587e-05, 0.000327016488882, -0.000508806027938, 0.000694979564287], [2.0959703761e-05, -0.000222424801905, 1.23773352243e-05, -0.000120768454508, 0.00399829261005, -0.00045662681805, -0.00102839095052, 0.000132646120619, -0.00183846801519, 0.000150829800987, -4.40279909526e-05, -0.000605381967034, 0.000100785378891], [2.08212004509e-05, -2.13851508306e-05, -5.80041705689e-05, -9.69561151578e-05, -0.00045662681805, 0.00600908603519, -0.00220398884267, -0.00056572369067, 0.000472343235742, -0.000486313278088, -0.0008438519435, 0.00143375317566, -0.00119263876695], [8.81895175553e-05, -0.000103976228274, -0.000132229935843, 0.000689939712174, -0.00102839095052, -0.00220398884267, 0.0068668089807, -0.00224698777311, 0.00166474643629, -0.00123630056623, 0.000860352127347, -0.000443327764515, 0.00127150537446], [-0.000174021653947, -0.000118550386105, -0.000377999065677, -0.000193463856704, 0.000132646120619, -0.00056572369067, -0.00224698777311, 0.0099386991933, -0.00503645651042, 0.00268179178238, -0.00183232873678, 7.11430620868e-05, -0.00108143349644], [0.000304756016703, 0.00026145693846, 0.000343188497936, -0.000573021359742, -0.00183846801519, 0.000472343235742, 0.00166474643629, -0.00503645651042, 0.0128953941166, -0.00480880541727, 0.0018226779066, 0.000307700684061, -0.0016430929536], [-2.59724474745e-05, -5.1824037655e-05, -0.001026625745, 8.29738928587e-05, 0.000150829800987, -0.000486313278088, -0.00123630056623, 0.00268179178238, -0.00480880541727, 0.0124892657623, -0.0029913187027, -0.000368427747162, 0.0015476552071], [9.38749144552e-05, -0.000276700564427, 0.000582945765927, 0.000327016488882, -4.40279909526e-05, -0.0008438519435, 0.000860352127347, -0.00183232873678, 0.0018226779066, -0.0029913187027, 0.0104785496369, -0.00218585459515, 0.00136369979009], [2.12287213799e-05, 0.000294340308756, -0.000863186258357, -0.000508806027938, -0.000605381967034, 0.00143375317566, -0.000443327764515, 7.11430620868e-05, 0.000307700684061, -0.000368427747162, -0.00218585459515, 0.0142284827307, -0.00595932593569], [0.000256832339801, -8.33396261442e-05, 0.000434620917076, 0.000694979564287, 0.000100785378891, -0.00119263876695, 0.00127150537446, -0.00108143349644, -0.0016430929536, 0.0015476552071, 0.00136369979009, -0.00595932593569, 0.0145235033706]], "mean": [-28.1500473022, 54.8775138855, -77.2900314331, 22.0262451172, -42.929561615, 4.10311460495, -30.965297699, 11.1087579727, -37.9058570862, -0.969042360783, -21.6277046204, -3.21136021614, -21.2792491913]}, "hfc": {"dmean": 8.27764606476, "dmean2": 11.2512464523, "dvar": 112.57232666, "dvar2": 218.264602661, "max": 271.38482666, "mean": 20.691116333, "median": 13.8151264191, "min": 1.09287023121e-16, "var": 427.249755859}, "melbands": {"dmean": [0.000804389070254, 0.00173626060132, 0.000945618434343, 0.000284751702566, 0.000136313567054, 9.35956268222e-05, 7.78813482611e-05, 6.40090511297e-05, 8.15444800537e-05, 0.000121533463243, 0.000142728022183, 0.000116535207781, 3.78420445486e-05, 3.90510358557e-05, 3.104028292e-05, 2.97275000776e-05, 2.60877532128e-05, 2.98836530419e-05, 1.66590816661e-05, 1.27553730636e-05, 9.45461306401e-06, 5.99119312028e-06, 6.02602131039e-06, 9.33011779125e-06, 2.01887141884e-05, 1.27187850012e-05, 6.44678584649e-06, 2.79097798739e-06, 1.56272449203e-06, 1.08339907001e-06, 9.9838348433e-07, 1.83482984539e-06, 1.10797884645e-06, 5.95242340751e-07, 6.14043187852e-07, 5.7314747437e-07, 6.0897309595e-07, 7.68519839767e-07, 1.01082468973e-06, 1.01933130736e-06], "dmean2": [0.00120576936752, 0.00277372892015, 0.00155908823945, 0.000468663638458, 0.000224139061174, 0.000152179505676, 0.000125886741444, 0.000102366764622, 0.000125571968965, 0.000183500756975, 0.000206739103305, 0.000171849649632, 5.94250232098e-05, 6.16156539763e-05, 4.83621188323e-05, 4.51301930298e-05, 3.93170375901e-05, 4.49870130979e-05, 2.5992965675e-05, 1.96833734663e-05, 1.44228224599e-05, 9.22859817365e-06, 9.5074337878e-06, 1.48083081513e-05, 3.16643163387e-05, 1.98517536774e-05, 1.01915420601e-05, 4.4400162551e-06, 2.41963243752e-06, 1.64606433373e-06, 1.47343826029e-06, 2.73064324574e-06, 1.62989090313e-06, 8.70773305905e-07, 8.95502125786e-07, 8.25394693038e-07, 8.66660059273e-07, 1.10377129658e-06, 1.42448516272e-06, 1.44207911035e-06], "dvar": [2.9161335533e-06, 8.14755458123e-06, 1.98128827833e-06, 2.59778119016e-07, 5.50142686961e-08, 2.48895464239e-08, 3.56453746519e-08, 4.94916214677e-08, 1.55862622364e-07, 2.40304530053e-07, 2.58331454006e-07, 2.04047822194e-07, 2.48265639158e-08, 2.03225205553e-08, 8.83923068073e-09, 1.34470035107e-08, 1.03965831499e-08, 1.46550860336e-08, 3.55793083884e-09, 3.41283623584e-09, 1.88670390422e-09, 6.52662368594e-10, 3.09225423045e-10, 8.43442538034e-10, 3.14547876634e-09, 7.97135579766e-10, 1.20763732347e-10, 2.11918295412e-11, 6.86257300986e-12, 3.21217705213e-12, 3.95131670439e-12, 1.28525115897e-11, 4.71775439895e-12, 1.97995938221e-12, 2.30799212207e-12, 2.87284779299e-12, 2.60906162126e-12, 7.30298634066e-12, 1.5155172256e-11, 1.54731158442e-11], "dvar2": [6.70161671223e-06, 1.96400578716e-05, 5.17719217896e-06, 6.7339482257e-07, 1.46223072761e-07, 6.03687695389e-08, 8.36055207287e-08, 1.11889953303e-07, 3.81643843639e-07, 5.08865468873e-07, 5.31352156941e-07, 4.14687690409e-07, 6.47769695661e-08, 4.89140496995e-08, 1.99907894682e-08, 2.7758673582e-08, 2.15518642932e-08, 3.00452001056e-08, 7.65349295051e-09, 8.95132057366e-09, 3.87460374895e-09, 1.49253287507e-09, 6.75382305637e-10, 2.03392058751e-09, 7.33561833499e-09, 1.85102722039e-09, 2.8233179683e-10, 5.15413788038e-11, 1.57961907443e-11, 6.75186209026e-12, 8.07901402028e-12, 2.58366696093e-11, 9.67575498889e-12, 4.12646739695e-12, 4.80382183685e-12, 5.80514065637e-12, 5.23890739818e-12, 1.43081917842e-11, 2.88550433547e-11, 2.83241624599e-11], "max": [0.0132201556116, 0.0260461121798, 0.0166408959776, 0.00895083323121, 0.00778970262036, 0.00439975457266, 0.00536929629743, 0.00781948119402, 0.0174612570554, 0.0179136376828, 0.0130571909249, 0.0101066706702, 0.00589512428269, 0.00415068259463, 0.00266927294433, 0.00321509875357, 0.0033097025007, 0.00406665867195, 0.00198846589774, 0.00261838501319, 0.00172893074341, 0.00110149790999, 0.000726707279682, 0.00107088824734, 0.00183223711792, 0.000665462459438, 0.000259455788182, 0.00010314064275, 6.76983763697e-05, 3.5496756027e-05, 0.000112554756925, 0.00016700825654, 6.80026059854e-05, 6.57196796965e-05, 6.14387026872e-05, 6.67150743539e-05, 6.15616954747e-05, 0.000102932659502, 0.000193805099116, 0.000153441695147], "mean": [0.000819742679596, 0.00231658341363, 0.00138899544254, 0.000524817209225, 0.000255859369645, 0.00017102228594, 0.000125589896925, 8.96438505151e-05, 0.000111791086965, 0.000178867237992, 0.000235791463638, 0.000200529902941, 5.44679096492e-05, 5.80211162742e-05, 4.46209087386e-05, 4.16812108597e-05, 3.95083698095e-05, 4.36910777353e-05, 2.47937896347e-05, 1.90054706763e-05, 1.50185433085e-05, 8.66042501002e-06, 9.64736227616e-06, 1.56704918481e-05, 3.42329694831e-05, 2.34892122535e-05, 1.1108479157e-05, 4.63632068204e-06, 2.61950185632e-06, 1.94474841919e-06, 1.82814744676e-06, 3.34225501319e-06, 2.02034789254e-06, 1.06144170786e-06, 1.13661326395e-06, 9.84501184575e-07, 9.70169935499e-07, 1.25198801015e-06, 1.60385093295e-06, 1.56440523824e-06], "median": [8.10876517789e-05, 0.0012157750316, 0.000916975957807, 0.00038803028292, 0.00018574243586, 9.08120346139e-05, 4.88526347908e-05, 3.42678613379e-05, 3.26833323925e-05, 3.47269087797e-05, 2.15405398194e-05, 1.85761055036e-05, 1.06184879769e-05, 8.76333524502e-06, 9.38006905926e-06, 7.46407431507e-06, 4.60025876237e-06, 6.17884325038e-06, 4.22596986027e-06, 3.35827189701e-06, 2.69851761914e-06, 2.28364797294e-06, 3.66463837054e-06, 5.47921717953e-06, 9.96002836473e-06, 9.43332997849e-06, 5.5307546063e-06, 2.35118864111e-06, 1.12940529107e-06, 8.06147113508e-07, 6.73446720612e-07, 1.3570554529e-06, 8.16659962766e-07, 4.26260925224e-07, 5.29057160747e-07, 3.98248801048e-07, 3.58199571338e-07, 4.16543855408e-07, 5.29553403794e-07, 4.47236885748e-07], "min": [1.57716203474e-23, 8.08665731563e-24, 2.03795619987e-23, 1.78926953499e-23, 1.88151798261e-23, 9.1380937286e-24, 5.22562605091e-24, 1.71659177979e-23, 2.15078918395e-23, 2.74228750365e-23, 1.49561764074e-23, 7.0707014996e-24, 7.93057960781e-24, 6.93108968545e-24, 8.84766512001e-24, 8.06010189098e-24, 1.70192859106e-23, 1.32673025177e-23, 6.04551364439e-24, 1.03361131195e-23, 1.50693132607e-23, 1.43949413164e-23, 9.64609096371e-24, 1.20275792062e-23, 9.07502903239e-24, 7.78326456693e-24, 1.07765625619e-23, 1.16595038075e-23, 7.96887486046e-24, 1.12658756265e-23, 7.7239777256e-24, 1.12233386687e-23, 8.02528472607e-24, 1.11531813241e-23, 1.02180979504e-23, 1.11263040442e-23, 1.34852710967e-23, 1.11887889277e-23, 1.38713017584e-23, 1.16824651819e-23], "var": [3.32788977175e-06, 9.95549635263e-06, 2.55346935774e-06, 3.57318100441e-07, 9.01613432802e-08, 6.38008614828e-08, 6.88349572897e-08, 7.86360132565e-08, 1.95021556237e-07, 4.41160239006e-07, 6.61026660964e-07, 6.06803553183e-07, 4.13537648569e-08, 4.20600265727e-08, 1.58627457836e-08, 2.42437963038e-08, 2.86410060113e-08, 3.52508919832e-08, 9.97494709054e-09, 6.86852885678e-09, 4.88971796386e-09, 1.20003817994e-09, 7.76195274721e-10, 1.7397344676e-09, 8.61817994746e-09, 1.94061500203e-09, 2.61808685842e-10, 4.02428888824e-11, 1.41129182993e-11, 7.86535420128e-12, 9.79094669923e-12, 3.03895970888e-11, 1.00704991221e-11, 3.53230660867e-12, 4.25371933857e-12, 5.03684680769e-12, 5.01734938319e-12, 1.51086781974e-11, 2.80556203269e-11, 3.10363852674e-11]}, "melbands_crest": {"dmean": 4.0834479332, "dmean2": 6.78296899796, "dvar": 12.6008605957, "dvar2": 33.0652618408, "max": 39.1764373779, "mean": 16.3361129761, "median": 15.9512786865, "min": 2.27937173843, "var": 30.3319702148}, "melbands_flatness_db": {"dmean": 0.0413938164711, "dmean2": 0.0596509687603, "dvar": 0.00180381978862, "dvar2": 0.00337642733939, "max": 0.852286696434, "mean": 0.217535272241, "median": 0.205740392208, "min": 0.00492740608752, "var": 0.00633897120133}, "melbands_kurtosis": {"dmean": 21.3233127594, "dmean2": 32.9544754028, "dvar": 3119.75756836, "dvar2": 7150.36132812, "max": 2701.12182617, "mean": 31.7512741089, "median": 13.6977586746, "min": -1.93260776997, "var": 4629.22070312}, "melbands_skewness": {"dmean": 1.35601890087, "dmean2": 2.04622793198, "dvar": 2.6989812851, "dvar2": 6.21374416351, "max": 33.1701469421, "mean": 3.73598957062, "median": 3.2981235981, "min": -2.81962156296, "var": 7.64458322525}, "melbands_spread": {"dmean": 9.4037322998, "dmean2": 14.6390953064, "dvar": 184.054428101, "dvar2": 374.389862061, "max": 255.736175537, "mean": 22.9230041504, "median": 17.742937088, "min": 0.104364544153, "var": 481.790679932}, "mfcc": {"cov": [[15830.7734375, 1371.73620605, -807.711425781, 165.660858154, -200.240081787, -439.665130615, 161.100906372, -97.5654754639, -489.434967041, -42.6931762695, -33.7686004639, -536.346435547, -215.868118286], [1371.73620605, 1284.87268066, -101.853096008, 47.334438324, 20.120885849, -11.9697799683, 119.082519531, 29.6485748291, -57.17527771, 46.0742645264, 22.8370761871, -73.7496948242, 4.92420053482], [-807.711425781, -101.853096008, 734.693115234, 198.431442261, 71.9497146606, 76.2721099854, 8.14783096313, 4.53149604797, 69.2531356812, -34.9882049561, 37.7511634827, 89.2996520996, 13.8404846191], [165.660858154, 47.334438324, 198.431442261, 383.989379883, 95.6020507812, 37.4877243042, -28.0522861481, 4.04362154007, 40.6057510376, -24.5579509735, 15.9040279388, 41.8484954834, 15.2439346313], [-200.240081787, 20.120885849, 71.9497146606, 95.6020507812, 220.540527344, 20.700056076, -7.28253507614, 34.1973266602, 31.7069854736, 25.4047622681, 4.2454366684, 28.5329551697, 32.5581665039], [-439.665130615, -11.9697799683, 76.2721099854, 37.4877243042, 20.700056076, 191.846908569, 56.264831543, 11.6164398193, 43.0538749695, 11.550151825, 30.214422226, 20.2418956757, 1.26801693439], [161.100906372, 119.082519531, 8.14783096313, -28.0522861481, -7.28253507614, 56.264831543, 172.571228027, 50.6530990601, -5.6044344902, 41.4229469299, 32.6698532104, -21.2485408783, 5.22450780869], [-97.5654754639, 29.6485748291, 4.53149604797, 4.04362154007, 34.1973266602, 11.6164398193, 50.6530990601, 131.96585083, 50.3515663147, 26.0878372192, 5.76691389084, 4.2479224205, 12.3736248016], [-489.434967041, -57.17527771, 69.2531356812, 40.6057510376, 31.7069854736, 43.0538749695, -5.6044344902, 50.3515663147, 149.662948608, 28.2315177917, 3.10705518723, 37.0509719849, 7.44354867935], [-42.6931762695, 46.0742645264, -34.9882049561, -24.5579509735, 25.4047622681, 11.550151825, 41.4229469299, 26.0878372192, 28.2315177917, 124.743095398, 44.3001365662, -18.2021083832, 11.315076828], [-33.7686004639, 22.8370761871, 37.7511634827, 15.9040279388, 4.2454366684, 30.214422226, 32.6698532104, 5.76691389084, 3.10705518723, 44.3001365662, 93.2397079468, 35.0023002625, 2.22198224068], [-536.346435547, -73.7496948242, 89.2996520996, 41.8484954834, 28.5329551697, 20.2418956757, -21.2485408783, 4.2479224205, 37.0509719849, -18.2021083832, 35.0023002625, 133.052108765, 38.2799186707], [-215.868118286, 4.92420053482, 13.8404846191, 15.2439346313, 32.5581665039, 1.26801693439, 5.22450780869, 12.3736248016, 7.44354867935, 11.315076828, 2.22198224068, 38.2799186707, 75.9184951782]], "icov": [[9.5864153991e-05, -5.98560691287e-05, 7.91308266344e-05, -0.000142623408465, 2.13259536395e-05, 0.000199259622605, -0.000108620770334, 2.05092383112e-05, 0.000126740269479, 0.0001137550571, -0.000152879962116, 0.000279020983726, 0.000116739152872], [-5.98560691287e-05, 0.000937871693168, 8.71381780598e-05, -0.000188468111446, -0.000109431857709, 6.89258886268e-05, -0.000553724123165, -2.93486536975e-05, 0.000136548333103, -0.0001018062394, -0.000122204131912, 0.000255161459791, -0.000243698465056], [7.91308266344e-05, 8.71381780598e-05, 0.00187152915169, -0.000836271035951, -0.000261156150373, -1.10733490146e-05, -0.000601825071499, 0.000344890897395, -0.000498620269354, 0.000812089652754, -0.000655637297314, -0.00032614445081, 0.000254953250987], [-0.000142623408465, -0.000188468111446, -0.000836271035951, 0.00379403401166, -0.0013094083406, -0.000610538409092, 0.00092097336892, 0.000101278666989, -0.000880321022123, 0.0010760925943, -0.00084662012523, -2.0692259568e-05, -0.00054967100732], [2.13259536395e-05, -0.000109431857709, -0.000261156150373, -0.0013094083406, 0.00595789775252, -0.000532777747139, 0.000916270248126, -0.00146488961764, 0.000526664720383, -0.00199921941385, 0.00127912103198, -0.000742366304621, -0.00140900572296], [0.000199259622605, 6.89258886268e-05, -1.10733490146e-05, -0.000610538409092, -0.000532777747139, 0.0073179746978, -0.00309502775781, 0.00140005303547, -0.00212699058466, 0.00132664944977, -0.00200295238756, 0.000654816336464, 0.00051704532234], [-0.000108620770334, -0.000553724123165, -0.000601825071499, 0.00092097336892, 0.000916270248126, -0.00309502775781, 0.00963817350566, -0.0038718439173, 0.00186078518163, -0.00154860143084, -0.00183055072557, 0.00144631403964, -0.00134894601069], [2.05092383112e-05, -2.93486536975e-05, 0.000344890897395, 0.000101278666989, -0.00146488961764, 0.00140005303547, -0.0038718439173, 0.0108997765929, -0.00416002608836, 0.000376640557079, -7.55575729272e-06, 0.000369191984646, -0.000762398994993], [0.000126740269479, 0.000136548333103, -0.000498620269354, -0.000880321022123, 0.000526664720383, -0.00212699058466, 0.00186078518163, -0.00416002608836, 0.0111057823524, -0.00449005002156, 0.00364440772682, -0.00345880351961, 0.0021964868065], [0.0001137550571, -0.0001018062394, 0.000812089652754, 0.0010760925943, -0.00199921941385, 0.00132664944977, -0.00154860143084, 0.000376640557079, -0.00449005002156, 0.0149393370375, -0.00952619779855, 0.00640590023249, -0.00389121705666], [-0.000152879962116, -0.000122204131912, -0.000655637297314, -0.00084662012523, 0.00127912103198, -0.00200295238756, -0.00183055072557, -7.55575729272e-06, 0.00364440772682, -0.00952619779855, 0.0200734734535, -0.00915136374533, 0.00456415908411], [0.000279020983726, 0.000255161459791, -0.00032614445081, -2.0692259568e-05, -0.000742366304621, 0.000654816336464, 0.00144631403964, 0.000369191984646, -0.00345880351961, 0.00640590023249, -0.00915136374533, 0.0156140867621, -0.00723261618987], [0.000116739152872, -0.000243698465056, 0.000254953250987, -0.00054967100732, -0.00140900572296, 0.00051704532234, -0.00134894601069, -0.000762398994993, 0.0021964868065, -0.00389121705666, 0.00456415908411, -0.00723261618987, 0.0182742457837]], "mean": [-684.663269043, 104.27532196, 16.5058059692, 28.1346340179, 7.2533955574, -1.50270211697, 13.044178009, 4.55047130585, -5.03783559799, 0.958661735058, 3.48676514626, -13.6221828461, -4.75977087021]}, "pitch_salience": {"dmean": 0.0976258069277, "dmean2": 0.155950993299, "dvar": 0.00808739196509, "dvar2": 0.0188449509442, "max": 0.862916231155, "mean": 0.499376147985, "median": 0.504943907261, "min": 0.033617682755, "var": 0.019787793979}, "silence_rate_20dB": {"dmean": 0, "dmean2": 0, "dvar": 0, "dvar2": 0, "max": 1, "mean": 1, "median": 1, "min": 1, "var": 0}, "silence_rate_30dB": {"dmean": 0, "dmean2": 0, "dvar": 0, "dvar2": 0, "max": 1, "mean": 1, "median": 1, "min": 1, "var": 0}, "silence_rate_60dB": {"dmean": 0.0350942350924, "dmean2": 0.0701949894428, "dvar": 0.0338626280427, "dvar2": 0.0777096152306, "max": 1, "mean": 0.109914593399, "median": 0, "min": 0, "var": 0.0978333726525}, "spectral_centroid": {"dmean": 347.835144043, "dmean2": 539.84777832, "dvar": 149347.390625, "dvar2": 305204.96875, "max": 11151.8427734, "mean": 1430.96655273, "median": 1364.38305664, "min": 73.4029769897, "var": 519489.4375}, "spectral_complexity": {"dmean": 3.59520936012, "dmean2": 5.51012086868, "dvar": 17.6603012085, "dvar2": 38.4608535767, "max": 48, "mean": 13.8847007751, "median": 13, "min": 0, "var": 73.3441162109}, "spectral_contrast_coeffs": {"dmean": [0.0523821227252, 0.0463781580329, 0.0456036441028, 0.0351215153933, 0.0255197454244, 0.0170054342598], "dmean2": [0.0816700905561, 0.0753519833088, 0.0703733414412, 0.0542880892754, 0.0398999117315, 0.0272209011018], "dvar": [0.00179434334859, 0.00151298427954, 0.00162522355095, 0.00100281811319, 0.000489395810291, 0.00025619022199], "dvar2": [0.00428322562948, 0.00373425451107, 0.00352438329719, 0.00215860875323, 0.00109904736746, 0.000595600809902], "max": [-0.29981431365, -0.374187260866, -0.362267792225, -0.423521220684, -0.530116438866, -0.692114949226], "mean": [-0.60959059, -0.753866314888, -0.746034920216, -0.777058243752, -0.774674594402, -0.801215291023], "median": [-0.604562997818, -0.759498476982, -0.763374090195, -0.790862500668, -0.782778322697, -0.799603462219], "min": [-0.961408555508, -0.962041497231, -0.965012013912, -0.958609461784, -0.965666294098, -0.962645471096], "var": [0.00848513375968, 0.00515078287572, 0.0103876115754, 0.00668857851997, 0.00401675002649, 0.00139961123932]}, "spectral_contrast_valleys": {"dmean": [0.500551342964, 0.449796468019, 0.492067962885, 0.472953051329, 0.412652641535, 0.398210465908], "dmean2": [0.729893803596, 0.694038033485, 0.730728149414, 0.683044791222, 0.549512326717, 0.485167503357], "dvar": [0.196875423193, 0.189048781991, 0.247515186667, 0.255353629589, 0.230197280645, 0.210904017091], "dvar2": [0.379339188337, 0.396168500185, 0.518456220627, 0.49842068553, 0.376595616341, 0.311514854431], "max": [-5.42302083969, -5.1008682251, -5.52104187012, -6.09621286392, -5.85232257843, -7.32014560699], "mean": [-7.73228502274, -7.41687726974, -8.10479164124, -8.56383705139, -8.03423595428, -10.138379097], "median": [-7.3994140625, -6.95456218719, -7.73878765106, -8.20180511475, -7.67258024216, -9.81208515167], "min": [-27.2487678528, -27.4634685516, -27.0574016571, -27.2425556183, -27.0673789978, -27.2174377441], "var": [2.62389969826, 2.96364307404, 2.71556544304, 2.55202794075, 2.52440524101, 2.2453417778]}, "spectral_decrease": {"dmean": 2.57395837977e-09, "dmean2": 3.83541287619e-09, "dvar": 9.59504860579e-18, "dvar2": 2.13570572992e-17, "max": 1.38747194289e-10, "mean": -5.6368705259e-09, "median": -4.52250858984e-09, "min": -3.06274117179e-08, "var": 2.19435912192e-17}, "spectral_energy": {"dmean": 0.0102028287947, "dmean2": 0.0151130445302, "dvar": 0.000144929625094, "dvar2": 0.000319800688885, "max": 0.120767019689, "mean": 0.0231516044587, "median": 0.0186302624643, "min": 1.06551210732e-20, "var": 0.000352764734998}, "spectral_energyband_high": {"dmean": 0.00047685726895, "dmean2": 0.000624850159511, "dvar": 6.70972724492e-07, "dvar2": 1.19625303796e-06, "max": 0.027817517519, "mean": 0.000845224654768, "median": 0.000427202670835, "min": 7.63677859992e-21, "var": 1.64630068866e-06}, "spectral_energyband_low": {"dmean": 0.00725845433772, "dmean2": 0.0110809560865, "dvar": 0.000115769609693, "dvar2": 0.000262118905084, "max": 0.0946992561221, "mean": 0.0103833479807, "median": 0.005770213902, "min": 1.35691181757e-22, "var": 0.000166417405126}, "spectral_energyband_middle_high": {"dmean": 0.00205092760734, "dmean2": 0.00299238436855, "dvar": 1.58448583534e-05, "dvar2": 3.29444665113e-05, "max": 0.0797567367554, "mean": 0.00517652416602, "median": 0.00177319487557, "min": 1.59323801025e-21, "var": 7.17835500836e-05}, "spectral_energyband_middle_low": {"dmean": 0.00399685604498, "dmean2": 0.00625158241019, "dvar": 3.53374634869e-05, "dvar2": 8.51469449117e-05, "max": 0.0933464542031, "mean": 0.00846817903221, "median": 0.00629583187401, "min": 5.2899275548e-22, "var": 7.44464268791e-05}, "spectral_entropy": {"dmean": 0.241052791476, "dmean2": 0.332112848759, "dvar": 0.0832508504391, "dvar2": 0.140745535493, "max": 9.81124210358, "mean": 7.60011100769, "median": 7.65427875519, "min": 3.73421978951, "var": 0.288413852453}, "spectral_flux": {"dmean": 0.029793234542, "dmean2": 0.044747017324, "dvar": 0.000857000413816, "dvar2": 0.00182442041114, "max": 0.284022241831, "mean": 0.0807787701488, "median": 0.0729595273733, "min": 1.03223644909e-10, "var": 0.00244460487738}, "spectral_kurtosis": {"dmean": 1.24064469337, "dmean2": 1.81265819073, "dvar": 3.52904868126, "dvar2": 6.76006698608, "max": 61.0883636475, "mean": 4.57805633545, "median": 4.16193580627, "min": -1.33250904083, "var": 9.67382240295}, "spectral_rms": {"dmean": 0.000989318243228, "dmean2": 0.00139846233651, "dvar": 9.82354322332e-07, "dvar2": 1.9540430003e-06, "max": 0.0108545608819, "mean": 0.00427290610969, "median": 0.00426331628114, "min": 3.22416507555e-12, "var": 4.32920296589e-06}, "spectral_rolloff": {"dmean": 1032.25427246, "dmean2": 1757.87316895, "dvar": 4453632, "dvar2": 9537932, "max": 17764.8925781, "mean": 1888.30725098, "median": 925.927734375, "min": 21.533203125, "var": 7630028}, "spectral_skewness": {"dmean": 0.202571600676, "dmean2": 0.291752636433, "dvar": 0.0621863938868, "dvar2": 0.11256749928, "max": 6.62431526184, "mean": 1.66504430771, "median": 1.62130522728, "min": -0.152489557862, "var": 0.233280718327}, "spectral_spread": {"dmean": 1065642.375, "dmean2": 1459536.25, "dvar": 1602847637500.0, "dvar2": 3120276963330.0, "max": 40733116, "mean": 6460873.5, "median": 5924096, "min": 1530695.75, "var": 5871434727420.0}, "spectral_strongpeak": {"dmean": 0.582963764668, "dmean2": 0.963624238968, "dvar": 1.52368557453, "dvar2":