{"lowlevel": {"average_loudness": 0.88350301981, "barkbands": {"dmean": [0.000163373188116, 0.000890153169166, 0.000498173350934, 0.000462295516627, 0.0018159301253, 0.00093748618383, 0.0013730119681, 0.00146786298137, 0.00178567168768, 0.000705619866494, 0.000588346272707, 0.00061295798514, 0.000574941688683, 0.00040857042768, 0.000296849349979, 0.000174969623913, 0.00015525634808, 0.000108023443318, 5.18072338309e-05, 4.98671688547e-05, 2.96444577543e-05, 3.169946649e-05, 2.01044294954e-05, 8.08756976767e-06, 4.890341188e-06, 1.52628251726e-06, 1.04085991381e-07], "dmean2": [0.000212669314351, 0.0014358558692, 0.000709494226612, 0.000759866437875, 0.00294393138029, 0.00143194466364, 0.00211534625851, 0.00217604078352, 0.00272006890737, 0.00101626710966, 0.000843341404106, 0.000931768910959, 0.000814867787994, 0.000590866897255, 0.000433435256127, 0.000252142839599, 0.000232390928431, 0.000160712632351, 7.83815121395e-05, 7.26186553948e-05, 4.28987805208e-05, 4.35364854638e-05, 3.03870165226e-05, 1.17938461699e-05, 7.07687195245e-06, 2.15076943277e-06, 1.62024278438e-07], "dvar": [1.45015775388e-07, 3.44129125551e-06, 1.72338343418e-06, 1.36872586154e-06, 1.03125585156e-05, 2.32493857766e-06, 8.21759567771e-06, 1.01795903902e-05, 1.40151942105e-05, 3.77946548724e-06, 1.63775177953e-06, 1.794858008e-06, 1.9381373022e-06, 1.15511454624e-06, 6.3557553176e-07, 3.03424315007e-07, 1.39514540365e-07, 5.49501955049e-08, 2.73202829248e-08, 1.80013355333e-08, 9.96376936513e-09, 1.30071278193e-08, 1.0456070676e-08, 1.13524989409e-09, 2.34522651299e-10, 2.36086636352e-11, 2.3914759604e-13], "dvar2": [2.43370465114e-07, 9.08025958779e-06, 2.96057851301e-06, 3.29838962898e-06, 2.60671313299e-05, 5.04416993863e-06, 1.82939311344e-05, 1.92100214917e-05, 3.24974243995e-05, 6.40609096081e-06, 2.99993553199e-06, 4.14592250308e-06, 3.62872242476e-06, 2.19663729695e-06, 1.30163653012e-06, 5.19863021964e-07, 2.86285256834e-07, 1.08153265899e-07, 6.87831516188e-08, 3.54785676393e-08, 1.82525372594e-08, 2.02507202118e-08, 2.24839737939e-08, 2.56606313975e-09, 4.85128437422e-10, 4.16056807062e-11, 5.58023679348e-13], "max": [0.0060170814395, 0.0242022220045, 0.0272614993155, 0.0206277668476, 0.0427399985492, 0.0251535214484, 0.0410692617297, 0.0579951442778, 0.0712721273303, 0.0468027219176, 0.0369684435427, 0.0263031944633, 0.0224513225257, 0.0272860880941, 0.0153359528631, 0.0249795522541, 0.0112529946491, 0.00670325709507, 0.00538733974099, 0.00511904619634, 0.00338812614791, 0.00511658703908, 0.00438942713663, 0.00128342723474, 0.000484179297928, 0.00016560498625, 1.75090572156e-05], "mean": [0.000236676030909, 0.00149985426106, 0.00080199923832, 0.000641510472633, 0.00309074181132, 0.0023630715441, 0.00274571706541, 0.00345645355992, 0.00421271985397, 0.0014386937255, 0.00129265314899, 0.00133487698622, 0.00128064968158, 0.000869546434842, 0.000544836046174, 0.000370264053345, 0.000319309736369, 0.000225280717132, 9.99259355012e-05, 0.00010183393897, 5.40800101589e-05, 6.17342375335e-05, 3.27020607074e-05, 1.25222677525e-05, 6.84669657858e-06, 2.18264085561e-06, 1.20327811715e-07], "median": [1.01113728306e-05, 0.000423153745942, 0.000185154814972, 0.000187660858501, 0.00176501274109, 0.00112448306754, 0.000685178674757, 0.000551186036319, 0.00108709442429, 0.000362483086064, 0.000354272517143, 0.000321449304465, 0.000190026010387, 0.000106690837129, 8.00764391897e-05, 6.31867151242e-05, 9.08000874915e-05, 6.8716093665e-05, 3.70515845134e-05, 2.98955019389e-05, 1.36900871439e-05, 1.58327529789e-05, 7.25259269529e-06, 2.52182189797e-06, 1.2921598227e-06, 3.77395281248e-07, 1.58141588713e-08], "min": [1.27050056199e-23, 8.8616184917e-24, 9.80713455093e-24, 1.54020327025e-23, 3.30424456017e-23, 4.02410380201e-23, 1.93150730932e-23, 3.3004536102e-23, 4.75003009419e-24, 4.44975421381e-23, 1.04021620765e-23, 9.70555198553e-23, 1.03576098947e-22, 8.22703606035e-23, 5.90561847141e-23, 1.09033148389e-22, 1.13696111511e-22, 1.88461470343e-22, 2.16514121439e-22, 2.13339997592e-22, 3.27941746665e-22, 3.41937148866e-22, 4.47802029911e-22, 5.82290975027e-22, 1.10581840118e-21, 1.40104635116e-21, 2.08696658805e-21], "var": [3.39014064821e-07, 6.2350668486e-06, 4.5184310693e-06, 2.6681188956e-06, 1.62384931173e-05, 9.53328799369e-06, 2.78509287455e-05, 5.01958747918e-05, 6.04617744102e-05, 1.33167441163e-05, 7.35449157219e-06, 6.83769303578e-06, 8.2372516772e-06, 5.33344382347e-06, 1.80617962542e-06, 1.3685560134e-06, 4.82759446641e-07, 2.32000033407e-07, 6.33075458722e-08, 4.77935984122e-08, 2.39841213556e-08, 3.49791129395e-08, 2.24521610193e-08, 2.41603470563e-09, 3.97045368805e-10, 5.26437331227e-11, 3.04419467065e-13]}, "barkbands_crest": {"dmean": 2.4591126442, "dmean2": 3.96321964264, "dvar": 5.11170578003, "dvar2": 12.8355798721, "max": 26.3835220337, "mean": 11.2491521835, "median": 10.4580821991, "min": 3.40331625938, "var": 19.4746456146}, "barkbands_flatness_db": {"dmean": 0.0210717432201, "dmean2": 0.0304660703987, "dvar": 0.000397301017074, "dvar2": 0.000793391373008, "max": 0.425643384457, "mean": 0.193242818117, "median": 0.188815027475, "min": 0.0285277869552, "var": 0.00342307984829}, "barkbands_kurtosis": {"dmean": 2.63657617569, "dmean2": 4.12078332901, "dvar": 32.0869979858, "dvar2": 73.7140808105, "max": 171.467010498, "mean": 4.73123979568, "median": 1.74786090851, "min": -1.89036953449, "var": 120.493850708}, "barkbands_skewness": {"dmean": 0.463478982449, "dmean2": 0.687138557434, "dvar": 0.254610180855, "dvar2": 0.545791924, "max": 11.6880178452, "mean": 1.09232842922, "median": 0.901100993156, "min": -2.29168772697, "var": 1.66827785969}, "barkbands_spread": {"dmean": 2.95070767403, "dmean2": 4.36928510666, "dvar": 17.9626216888, "dvar2": 36.0080871582, "max": 82.0345306396, "mean": 11.9070596695, "median": 10.0985546112, "min": 0.321855932474, "var": 76.7344284058}, "dissonance": {"dmean": 0.0342998169363, "dmean2": 0.0568627379835, "dvar": 0.000952513713855, "dvar2": 0.00256910803728, "max": 0.5, "mean": 0.419279158115, "median": 0.428212314844, "min": 0.142897188663, "var": 0.00272018299438}, "dynamic_complexity": 3.97935557365, "erbbands": {"dmean": [0.0349640920758, 0.180129423738, 0.507665276527, 1.02466762066, 3.00020766258, 7.95887899399, 8.08159732819, 7.78917598724, 13.0369062424, 28.2683734894, 31.9942855835, 43.7511444092, 26.3574810028, 20.5266838074, 18.1523857117, 24.076379776, 26.089969635, 22.9042625427, 13.8713884354, 12.0650997162, 7.57407140732, 8.13180065155, 6.35485315323, 2.28733921051, 2.70556306839, 2.30458068848, 1.32363331318, 1.25381147861, 1.15846133232, 0.831835627556, 0.524772524834, 0.218117743731, 0.11963018775, 0.0684210136533, 0.0284411031753, 0.00957677513361, 0.00228316499852, 0.000382342317607, 1.39017292895e-05, 7.01483622834e-06], "dmean2": [0.0568624138832, 0.288983345032, 0.726816117764, 1.60587608814, 4.76189136505, 12.9899263382, 12.6816644669, 12.0553607941, 20.058763504, 42.803527832, 46.3450698853, 66.4198226929, 37.9990653992, 29.9862270355, 25.822145462, 36.8221092224, 36.6190986633, 32.0476722717, 19.9752826691, 16.9242095947, 10.5192050934, 11.863609314, 9.1700258255, 3.39592123032, 3.99708557129, 3.29351568222, 1.92069923878, 1.76490163803, 1.58434391022, 1.17253828049, 0.80761629343, 0.323052287102, 0.175210043788, 0.100160688162, 0.0409058555961, 0.0137157067657, 0.00324631878175, 0.000545740826055, 2.06047425308e-05, 1.03413995021e-05], "dvar": [0.00517107825726, 0.163173645735, 1.66485977173, 5.47836256027, 39.2717475891, 211.903442383, 222.306396484, 208.931228638, 742.981689453, 3720.92285156, 5090.88037109, 8869.05957031, 6067.29736328, 2097.59838867, 1715.38000488, 3034.81738281, 3706.70166016, 3347.13061523, 1169.53100586, 1215.20581055, 560.902099609, 355.60736084, 171.069335938, 40.6015777588, 63.1406402588, 40.3298912048, 19.3827190399, 19.5622615814, 15.6278085709, 12.9106988907, 7.43005895615, 1.07121002674, 0.216730326414, 0.0463496334851, 0.00957611761987, 0.00111203105189, 5.48423740838e-05, 1.76069681856e-06, 6.27179108648e-09, 6.83921946854e-11], "dvar2": [0.0140997702256, 0.415232002735, 3.00441122055, 12.7599391937, 94.3613891602, 550.874267578, 541.041870117, 460.467803955, 1653.10559082, 7882.2578125, 9632.10742188, 20454.5039063, 10879.5175781, 4038.78735352, 3275.0534668, 7046.42480469, 6784.77832031, 6218.25976563, 2533.35595703, 2388.65405273, 935.878173828, 721.862121582, 337.189758301, 98.326171875, 152.179016113, 79.8329696655, 39.1078529358, 36.2494430542, 24.1979484558, 23.21043396, 16.6210823059, 2.32146167755, 0.504024326801, 0.104172639549, 0.0195830333978, 0.00211483309977, 9.86168452073e-05, 3.75254580831e-06, 1.34598749923e-08, 1.40297148898e-10], "max": [0.969343543053, 5.28296375275, 25.7930335999, 41.4933509827, 90.9019317627, 202.582427979, 293.110198975, 300.591522217, 592.523986816, 1218.83154297, 1472.60913086, 1826.79418945, 2235.16625977, 1502.67773438, 1188.84619141, 1227.29858398, 1164.06140137, 1449.8840332, 731.909301758, 761.710632324, 1048.91357422, 430.666259766, 353.690368652, 210.290206909, 269.286437988, 247.127929688, 185.740905762, 159.493606567, 173.286254883, 139.366256714, 95.9003829956, 44.4147148132, 17.2045879364, 6.48230791092, 3.51697802544, 1.15866291523, 0.299475312233, 0.0611729249358, 0.00367910112254, 0.000137297960464], "mean": [0.0475018955767, 0.320579171181, 0.907157838345, 1.63329041004, 4.40218687057, 12.5595741272, 19.1372795105, 17.4221782684, 27.2851314545, 63.8158874512, 77.0004959106, 104.652664185, 63.9824295044, 50.8540687561, 46.7236862183, 56.4494857788, 62.8347473145, 55.5949363708, 29.3961009979, 24.3018035889, 17.4371833801, 19.0453662872, 15.2155361176, 4.88488817215, 5.74988460541, 4.75148534775, 2.44289302826, 2.28936600685, 2.31138372421, 1.50836372375, 0.823787987232, 0.329135447741, 0.18573319912, 0.0957990512252, 0.0387245751917, 0.0131228435785, 0.00333460024558, 0.000535655533895, 2.9673692552e-05, 3.22985797538e-05], "median": [0.010191719979, 0.0846583470702, 0.228176802397, 0.55884039402, 1.78832280636, 6.81188583374, 8.49178314209, 8.18055152893, 9.58367156982, 16.4163589478, 20.953956604, 29.2712173462, 18.4816818237, 16.7414207458, 14.7048034668, 17.1347007751, 14.3621349335, 9.06204414368, 5.94588088989, 3.85675382614, 3.79716777802, 5.75314664841, 4.88850307465, 2.14067316055, 2.13291120529, 1.34629511833, 0.602415561676, 0.559807062149, 0.585422277451, 0.429049551487, 0.164573609829, 0.0552663244307, 0.0401080287993, 0.0203809849918, 0.00570082524791, 0.00208228221163, 0.000605431967415, 9.2620968644e-05, 1.92958868865e-05, 3.2020801882e-05], "min": [7.44302355736e-22, 4.30926061094e-22, 7.4187930825e-21, 3.56763612117e-20, 1.63625747267e-19, 1.17092495113e-19, 1.9664404436e-19, 4.41210332219e-19, 2.93646791011e-19, 5.55996014474e-19, 7.74035550666e-19, 1.59599885075e-19, 7.02373016792e-19, 6.83797280269e-19, 2.00983919822e-18, 2.84946825861e-18, 4.15822246364e-18, 4.57042393367e-18, 3.50367816724e-18, 4.78298453568e-18, 5.18987633336e-18, 7.54629510925e-18, 1.18572213178e-17, 9.25286632026e-18, 1.11791855056e-17, 1.02806862078e-17, 8.90097955177e-18, 1.70850069251e-17, 1.24217241094e-17, 1.52192795468e-17, 1.42460635058e-17, 8.82066279584e-18, 1.23813295714e-17, 1.09784544135e-17, 7.97111273798e-18, 4.65005991996e-18, 2.73829146197e-18, 1.04920808988e-18, 2.5519982388e-19, 3.34394548091e-20], "var": [0.00764601258561, 0.310582727194, 4.2753162384, 12.0669412613, 55.594127655, 299.690246582, 686.392456055, 724.416503906, 2244.20410156, 14377.2978516, 26192.0820313, 39629.4609375, 27200.5507813, 12795.2744141, 8906.71582031, 12115.4580078, 16889.8535156, 17384.5605469, 3346.58325195, 3629.27563477, 2553.96655273, 1391.75402832, 912.983581543, 93.0618743896, 170.285934448, 110.303070068, 41.868396759, 45.2163619995, 43.4567756653, 31.4113273621, 15.4349308014, 2.39200878143, 0.402813315392, 0.0719853192568, 0.0162629112601, 0.00206233351491, 0.000132695335196, 3.73104512619e-06, 7.97341037639e-09, 4.49988490914e-10]}, "erbbands_crest": {"dmean": 2.9445579052, "dmean2": 4.62321710587, "dvar": 7.64711284637, "dvar2": 18.729839325, "max": 31.442117691, "mean": 13.0802564621, "median": 12.109205246, "min": 2.55337071419, "var": 28.7754592896}, "erbbands_flatness_db": {"dmean": 0.0201493874192, "dmean2": 0.027337057516, "dvar": 0.000366916880012, "dvar2": 0.000655951094814, "max": 0.406961262226, "mean": 0.239773601294, "median": 0.242434263229, "min": 0.0575156472623, "var": 0.00303648994304}, "erbbands_kurtosis": {"dmean": 1.53227257729, "dmean2": 2.38176846504, "dvar": 7.78738451004, "dvar2": 18.4556789398, "max": 99.2208175659, "mean": 2.51909923553, "median": 1.2517439127, "min": -1.84847342968, "var": 34.7412719727}, "erbbands_skewness": {"dmean": 0.416872918606, "dmean2": 0.630734443665, "dvar": 0.164508372545, "dvar2": 0.36842751503, "max": 7.72011804581, "mean": 0.729365289211, "median": 0.6588717103, "min": -2.63756155968, "var": 0.982306003571}, "erbbands_spread": {"dmean": 4.63602352142, "dmean2": 6.69704294205, "dvar": 42.3339576721, "dvar2": 82.5409088135, "max": 115.640533447, "mean": 20.1908626556, "median": 15.6547012329, "min": 1.13868677616, "var": 214.981567383}, "gfcc": {"cov": [[12781.2626953, -370.297027588, -1346.00463867, 784.269897461, -35.112197876, 611.167541504, 195.517807007, 380.833251953, 199.091781616, 122.785835266, -120.127540588, -86.1971664429, 38.2071800232], [-370.297027588, 916.718933105, 93.5695037842, -258.115783691, 127.638023376, -77.1423797607, 152.615066528, -55.5939598083, 77.213684082, -113.415161133, 133.973907471, 13.369641304, -3.96027994156], [-1346.00463867, 93.5695037842, 818.334655762, 140.207992554, -6.41904973984, -42.4566078186, -83.7477035522, -11.7415161133, -119.098503113, 23.4121513367, 42.432559967, 108.269599915, -10.5997152328], [784.269897461, -258.115783691, 140.207992554, 570.487548828, 126.55606842, 16.7475261688, -86.8618011475, 115.835319519, 57.9151649475, 104.937843323, -54.6922340393, 10.5479211807, 64.5597686768], [-35.112197876, 127.638023376, -6.41904973984, 126.55606842, 293.985931396, 71.8301773071, 10.6652803421, 64.2921066284, 101.024169922, 49.3322982788, -23.8907260895, -25.161945343, 35.5286254883], [611.167541504, -77.1423797607, -42.4566078186, 16.7475261688, 71.8301773071, 386.553894043, 211.30557251, 69.0978469849, 9.44558143616, 41.0407981873, -18.7088489532, -28.38230896, -19.5878295898], [195.517807007, 152.615066528, -83.7477035522, -86.8618011475, 10.6652803421, 211.30557251, 364.05291748, 85.5067977905, 27.2384815216, -32.192565918, 22.9647006989, -8.9053440094, -29.0112285614], [380.833251953, -55.5939598083, -11.7415161133, 115.835319519, 64.2921066284, 69.0978469849, 85.5067977905, 215.597518921, 73.1889953613, 28.1654777527, -31.73179245, -19.3417892456, 8.69050979614], [199.091781616, 77.213684082, -119.098503113, 57.9151649475, 101.024169922, 9.44558143616, 27.2384815216, 73.1889953613, 213.106155396, 54.4730262756, -15.0941581726, -36.1445236206, 29.848859787], [122.785835266, -113.415161133, 23.4121513367, 104.937843323, 49.3322982788, 41.0407981873, -32.192565918, 28.1654777527, 54.4730262756, 134.090652466, 3.2522919178, -10.3097848892, 15.8161668777], [-120.127540588, 133.973907471, 42.432559967, -54.6922340393, -23.8907260895, -18.7088489532, 22.9647006989, -31.73179245, -15.0941581726, 3.2522919178, 136.472946167, 45.7044563293, -3.25419449806], [-86.1971664429, 13.369641304, 108.269599915, 10.5479211807, -25.161945343, -28.38230896, -8.9053440094, -19.3417892456, -36.1445236206, -10.3097848892, 45.7044563293, 112.667854309, 30.1740398407], [38.2071800232, -3.96027994156, -10.5997152328, 64.5597686768, 35.5286254883, -19.5878295898, -29.0112285614, 8.69050979614, 29.848859787, 15.8161668777, -3.25419449806, 30.1740398407, 91.7782821655]], "icov": [[0.000184685195563, -0.000416248745751, 0.00054489786271, -0.000533391546924, 0.000545066548511, -0.000548890966456, 0.00041451206198, -0.000325603585225, 0.000206209311727, -0.000225596057135, 0.000253345584497, -0.000462963536847, 0.000310003844788], [-0.000416248745751, 0.00408164877445, -0.00227203522809, 0.00233876565471, -0.0034736553207, 0.00256184954196, -0.00265966285951, 0.00178896775469, -0.00217053247616, 0.00319946976379, -0.00329322856851, 0.00244704517536, -0.00144354708027], [0.00054489786271, -0.00227203522809, 0.0036435876973, -0.00233871908858, 0.00205191108398, -0.00193615083117, 0.00201618229039, -0.00150438642595, 0.00209107156843, -0.00199394649826, 0.00152455072384, -0.00343270786107, 0.00215945229866], [-0.000533391546924, 0.00233876565471, -0.00233871908858, 0.00476744631305, -0.00296810083091, 0.00199961313047, -0.00116974662524, -1.43785300679e-05, -0.000995595939457, 0.000164251498063, -0.000862145272549, 0.00153131177649, -0.00233187526464], [0.000545066548511, -0.0034736553207, 0.00205191108398, -0.00296810083091, 0.00800260528922, -0.00363352894783, 0.00287110568024, -0.00192256853916, -0.00012065894407, -0.0023554568179, 0.00256283348426, -0.00143600907177, 0.000172386542545], [-0.000548890966456, 0.00256184954196, -0.00193615083117, 0.00199961313047, -0.00363352894783, 0.00700733019039, -0.0050765988417, 0.00145771540701, 0.000135499445605, -0.000647312728688, -0.00083876750432, 0.00230478378944, -0.000851776974741], [0.00041451206198, -0.00265966285951, 0.00201618229039, -0.00116974662524, 0.00287110568024, -0.0050765988417, 0.00752039672807, -0.00325923971832, 0.000314959906973, 0.000373746996047, 0.000534175778739, -0.00238727452233, 0.0018962349277], [-0.000325603585225, 0.00178896775469, -0.00150438642595, -1.43785300679e-05, -0.00192256853916, 0.00145771540701, -0.00325923971832, 0.00786083750427, -0.00259581836872, 0.0011478838278, -0.00016924184456, 0.0014959378168, -0.000521520501934], [0.000206209311727, -0.00217053247616, 0.00209107156843, -0.000995595939457, -0.00012065894407, 0.000135499445605, 0.000314959906973, -0.00259581836872, 0.00908433552831, -0.0045872638002, 0.00163438695017, 0.000180056624231, -0.000981883495115], [-0.000225596057135, 0.00319946976379, -0.00199394649826, 0.000164251498063, -0.0023554568179, -0.000647312728688, 0.000373746996047, 0.0011478838278, -0.0045872638002, 0.0138806244358, -0.00483306543902, 0.00301858107559, -0.00139465963002], [0.000253345584497, -0.00329322856851, 0.00152455072384, -0.000862145272549, 0.00256283348426, -0.00083876750432, 0.000534175778739, -0.00016924184456, 0.00163438695017, -0.00483306543902, 0.0125421267003, -0.00604216521606, 0.00228125136346], [-0.000462963536847, 0.00244704517536, -0.00343270786107, 0.00153131177649, -0.00143600907177, 0.00230478378944, -0.00238727452233, 0.0014959378168, 0.000180056624231, 0.00301858107559, -0.00604216521606, 0.0164329297841, -0.00721943704411], [0.000310003844788, -0.00144354708027, 0.00215945229866, -0.00233187526464, 0.000172386542545, -0.000851776974741, 0.0018962349277, -0.000521520501934, -0.000981883495115, -0.00139465963002, 0.00228125136346, -0.00721943704411, 0.0160085633397]], "mean": [-57.9795379639, 132.492996216, -138.170761108, 6.56304550171, -66.8251113892, -0.350634515285, -32.551448822, -2.13260436058, -18.3785743713, -4.20413160324, -10.8510894775, -0.441786825657, -10.08244133]}, "hfc": {"dmean": 4.27919912338, "dmean2": 6.08240938187, "dvar": 29.9119358063, "dvar2": 56.4883918762, "max": 132.522567749, "mean": 20.0709838867, "median": 18.5638847351, "min": 1.10479188907e-16, "var": 239.465484619}, "melbands": {"dmean": [0.000273877289146, 0.000242702793912, 0.000206530312425, 0.000419613410486, 0.000278357794741, 0.000171828840394, 0.000229558427236, 0.000308913615299, 0.000269702868536, 0.000279208645225, 0.000127518738736, 8.04888404673e-05, 6.41093065497e-05, 7.38339294912e-05, 5.0772614486e-05, 6.62667371216e-05, 4.48823629995e-05, 2.34253438975e-05, 2.35914139921e-05, 1.42494473039e-05, 8.56355018186e-06, 8.32283967611e-06, 1.00612769529e-05, 3.37977508025e-06, 1.85873386727e-06, 2.11981569009e-06, 2.0952070372e-06, 1.51434028339e-06, 9.29992722831e-07, 7.2268085205e-07, 7.85748966337e-07, 7.23564312466e-07, 5.72167380142e-07, 4.6363555839e-07, 3.56146472313e-07, 1.9757791847e-07, 1.13889008446e-07, 8.50889492199e-08, 7.96111336854e-08, 5.23814911446e-08], "dmean2": [0.000439388939412, 0.000350939284544, 0.000322599633364, 0.000676549621858, 0.000443096680101, 0.000263969006483, 0.000351645547198, 0.000464971439214, 0.00039206747897, 0.000422476819949, 0.000183350843145, 0.000118566400488, 9.08016590984e-05, 0.00011102668941, 7.66457451391e-05, 9.24204650801e-05, 6.34685202385e-05, 3.47354907717e-05, 3.39973157679e-05, 2.03266372409e-05, 1.23355493997e-05, 1.23134541354e-05, 1.47435675899e-05, 4.98136114402e-06, 2.84772158921e-06, 3.22859659718e-06, 3.08123776449e-06, 2.2044907837e-06, 1.39326357385e-06, 1.07507264602e-06, 1.11468102659e-06, 1.00091631339e-06, 8.26419352506e-07, 6.80247296714e-07, 5.57572775506e-07, 3.03746162444e-07, 1.667393974e-07, 1.26013219415e-07, 1.19938448506e-07, 7.7271074872e-08], "dvar": [3.123642216e-07, 3.04214722746e-07, 2.04800073789e-07, 6.72728560858e-07, 2.36957717448e-07, 9.33480635013e-08, 2.1738613043e-07, 4.25117889336e-07, 3.68663478412e-07, 3.66530827023e-07, 1.46092190789e-07, 3.3284290879e-08, 2.0748259999e-08, 2.80381105e-08, 1.23020447163e-08, 2.82341758862e-08, 1.46343959173e-08, 3.53420892552e-09, 4.57467486115e-09, 2.29932939355e-09, 7.03523905798e-10, 3.99674793261e-10, 4.84165152415e-10, 4.68619032468e-11, 3.21649373802e-11, 5.30228916329e-11, 2.9346618885e-11, 1.731715292e-11, 9.7512675018e-12, 5.8952244128e-12, 8.15736280607e-12, 6.16808774195e-12, 4.99363007542e-12, 5.07300885327e-12, 3.46675986529e-12, 1.12520626497e-12, 2.55516311234e-13, 1.19470324475e-13, 7.43823812223e-14, 2.67769357712e-14], "dvar2": [8.33413992041e-07, 6.08799439306e-07, 4.81665722418e-07, 1.69978875419e-06, 5.90163665493e-07, 2.02735037647e-07, 4.69359633826e-07, 8.60571446992e-07, 7.21217816135e-07, 8.50680066833e-07, 2.58889571114e-07, 6.37238599666e-08, 3.8683829473e-08, 6.47992450808e-08, 2.81836438631e-08, 5.18875538091e-08, 2.71248090655e-08, 7.6838508889e-09, 8.61260218699e-09, 3.83910325752e-09, 1.29376354074e-09, 8.30453650291e-10, 9.51001055682e-10, 9.93382529013e-11, 7.88637766203e-11, 1.32184554968e-10, 6.00215294133e-11, 3.4941528837e-11, 2.09573955412e-11, 1.13790721637e-11, 1.56642736976e-11, 9.77577827715e-12, 8.73384264216e-12, 1.06916645676e-11, 8.08422946641e-12, 2.58719217924e-12, 5.34140006531e-13, 2.75592266022e-13, 1.8605843049e-13, 5.73060547041e-14], "max": [0.00765905017033, 0.00969919655472, 0.00717333052307, 0.0111710745841, 0.00866432022303, 0.00602266239002, 0.00819882005453, 0.0127357114106, 0.0131747378036, 0.0122759882361, 0.0107620600611, 0.0061234482564, 0.00338639644906, 0.00365937012248, 0.00286273076199, 0.00286572286859, 0.00332584814169, 0.00120216282085, 0.00170035252813, 0.00191482889932, 0.000911964743864, 0.000426523271017, 0.00065367546631, 0.000198182431632, 0.000185752709513, 0.000234596969676, 0.000199056259589, 0.000143983430462, 0.000122095472761, 9.37052900554e-05, 0.000103141195723, 0.000117530078569, 0.00012134455028, 0.000104463615571, 6.6247623181e-05, 4.66461060569e-05, 2.15397685679e-05, 1.21784023577e-05, 9.60119814408e-06, 4.27320219387e-06], "mean": [0.000433152803453, 0.00046655969345, 0.000328820897266, 0.000626431719866, 0.000641008082312, 0.000395841751015, 0.00048079577391, 0.000719558156561, 0.00062673992943, 0.000662804814056, 0.000287225528155, 0.000187548575923, 0.000149358122144, 0.000166371886735, 0.000109781693027, 0.000147439743159, 9.89291947917e-05, 4.34585163021e-05, 4.25340440415e-05, 2.88713254122e-05, 1.76741723408e-05, 1.79191847565e-05, 2.20250076381e-05, 7.20963180356e-06, 3.42163571077e-06, 4.0834020183e-06, 4.24635436502e-06, 2.86655813397e-06, 1.57676163326e-06, 1.2259667983e-06, 1.38256700666e-06, 1.39989720083e-06, 1.02553894976e-06, 7.77966818077e-07, 5.32179569745e-07, 2.73950746532e-07, 1.68091929709e-07, 1.30173489765e-07, 1.11862156871e-07, 6.97158384355e-08], "median": [0.0001145570277, 0.000126953178551, 0.000116789655294, 0.000302082451526, 0.000332704279572, 0.00018218778132, 0.000146521066199, 0.000162730226293, 0.000149934494402, 0.000164802855579, 6.28282214166e-05, 5.12038168381e-05, 4.34057801613e-05, 4.65653647552e-05, 2.80914355244e-05, 2.02954397537e-05, 1.18824027595e-05, 7.60194825489e-06, 5.96532208874e-06, 4.27426903116e-06, 3.82853750125e-06, 4.87083525513e-06, 6.12850317339e-06, 2.53214284385e-06, 1.42876115206e-06, 1.3848209619e-06, 1.3356745967e-06, 6.86109842718e-07, 3.38492043284e-07, 2.98712961921e-07, 3.18648744724e-07, 3.219712994e-07, 2.82482943703e-07, 1.95265073444e-07, 1.0070041867e-07, 3.94589321218e-08, 2.75658074145e-08, 2.65466262306e-08, 2.40253399397e-08, 1.30855184466e-08], "min": [5.8086167424e-24, 2.39100644093e-24, 1.27624694037e-23, 1.05405622003e-23, 8.20966439658e-24, 9.02699608073e-24, 6.12516295784e-24, 6.66135368727e-24, 7.30371602264e-24, 6.19775768543e-25, 3.79842797308e-24, 2.66190285351e-24, 4.14756755454e-24, 1.18657088927e-23, 4.88487876619e-24, 8.39701176182e-24, 8.68708853845e-24, 5.85053641647e-24, 5.13559335579e-24, 7.53976687131e-24, 5.33086285668e-24, 6.06061914743e-24, 9.57578689097e-24, 8.9525252447e-24, 6.5062817771e-24, 8.77614541262e-24, 6.43630074291e-24, 6.39791240468e-24, 5.85062200788e-24, 6.43111003815e-24, 1.06270142558e-23, 7.24565191571e-24, 6.68896303009e-24, 7.4331436425e-24, 8.01170133014e-24, 5.72092183658e-24, 4.60310514502e-24, 7.46460104882e-24, 7.3847383485e-24, 8.55445341015e-24], "var": [5.31615455657e-07, 7.64790001995e-07, 4.08670018714e-07, 9.1232647037e-07, 6.56923646147e-07, 3.42482053384e-07, 7.56694532811e-07, 1.86107149602e-06, 1.96808969122e-06, 1.69248926341e-06, 6.50556046367e-07, 1.94424416122e-07, 9.45526821283e-08, 1.0857460353e-07, 4.00838580106e-08, 1.21688060517e-07, 7.41740109333e-08, 9.17743925299e-09, 1.3258079079e-08, 9.34682731213e-09, 2.75681966144e-09, 1.34055910816e-09, 2.22235918557e-09, 1.89798274319e-10, 5.9229988969e-11, 1.26177540638e-10, 8.13327113991e-11, 4.49356871157e-11, 1.86133816693e-11, 1.30477347676e-11, 1.78009534196e-11, 1.6429220831e-11, 1.16673675929e-11, 1.01951233913e-11, 6.68572185461e-12, 2.19219564376e-12, 5.6501157919e-13, 2.28531034157e-13, 1.0012465439e-13, 4.21843380268e-14]}, "melbands_crest": {"dmean": 3.14163589478, "dmean2": 5.01204299927, "dvar": 8.23417854309, "dvar2": 20.5093917847, "max": 34.2459182739, "mean": 14.3860311508, "median": 13.1745700836, "min": 2.10610175133, "var": 31.4959049225}, "melbands_flatness_db": {"dmean": 0.0232083853334, "dmean2": 0.0331853367388, "dvar": 0.00054639170412, "dvar2": 0.00108517566696, "max": 0.525084555149, "mean": 0.252427965403, "median": 0.245881527662, "min": 0.00538032362238, "var": 0.0046237022616}, "melbands_kurtosis": {"dmean": 3.55671930313, "dmean2": 5.54848718643, "dvar": 45.3321456909, "dvar2": 104.781578064, "max": 237.276062012, "mean": 6.97125768661, "median": 3.07127523422, "min": -1.76284575462, "var": 169.729034424}, "melbands_skewness": {"dmean": 0.504155755043, "dmean2": 0.746389865875, "dvar": 0.301816016436, "dvar2": 0.659837245941, "max": 12.9224538803, "mean": 1.45424365997, "median": 1.18159711361, "min": -1.36216449738, "var": 1.93893039227}, "melbands_spread": {"dmean": 4.0205950737, "dmean2": 5.9865026474, "dvar": 34.3887481689, "dvar2": 71.671081543, "max": 174.285430908, "mean": 16.5409889221, "median": 14.4183626175, "min": 0.586310744286, "var": 142.84034729}, "mfcc": {"cov": [[9983.69628906, -300.498138428, -1221.50195313, 240.141189575, -49.2707138062, 363.717498779, 95.4193878174, 265.573364258, 453.348022461, 359.844238281, 232.729385376, 105.85308075, -1.52068710327], [-300.498138428, 1316.85253906, -46.7706298828, -151.998703003, -67.5269470215, -46.4207077026, 26.0098457336, 112.377639771, -116.638633728, -88.9421157837, 68.3034362793, -26.9910812378, 54.1527786255], [-1221.50195313, -46.7706298828, 699.16418457, 93.6990814209, 27.4777469635, -14.2115335464, 60.1538047791, -20.6554298401, -108.807472229, -78.1565246582, -65.8624801636, 13.4316186905, 22.8573055267], [240.141189575, -151.998703003, 93.6990814209, 457.106445313, 198.304702759, -49.3265686035, -78.9249267578, -43.630947113, 68.9233551025, 32.195766449, -44.7906341553, 25.1431293488, 38.7020301819], [-49.2707138062, -67.5269470215, 27.4777469635, 198.304702759, 353.456787109, 15.7783603668, -76.9425048828, -80.6780014038, 71.3294067383, 55.6557922363, -14.3976516724, 9.55317878723, 13.44257164], [363.717498779, -46.4207077026, -14.2115335464, -49.3265686035, 15.7783603668, 257.715606689, 102.191238403, 39.2497291565, 64.0833511353, 56.0879669189, 55.9067459106, 15.46763134, -19.9965343475], [95.4193878174, 26.0098457336, 60.1538047791, -78.9249267578, -76.9425048828, 102.191238403, 256.600921631, 126.094657898, 23.3917732239, 24.8327198029, 49.5141029358, 16.3947658539, -2.77776527405], [265.573364258, 112.377639771, -20.6554298401, -43.630947113, -80.6780014038, 39.2497291565, 126.094657898, 230.941207886, 72.6885986328, 31.204044342, 45.2952880859, 12.8537063599, 19.3832035065], [453.348022461, -116.638633728, -108.807472229, 68.9233551025, 71.3294067383, 64.0833511353, 23.3917732239, 72.6885986328, 255.451293945, 123.179473877, 41.5606079102, 16.814573288, -4.71708965302], [359.844238281, -88.9421157837, -78.1565246582, 32.195766449, 55.6557922363, 56.0879669189, 24.8327198029, 31.204044342, 123.179473877, 175.727798462, 68.0564422607, 15.8063793182, -5.20680141449], [232.729385376, 68.3034362793, -65.8624801636, -44.7906341553, -14.3976516724, 55.9067459106, 49.5141029358, 45.2952880859, 41.5606079102, 68.0564422607, 121.344360352, 30.6136455536, -2.46402907372], [105.85308075, -26.9910812378, 13.4316186905, 25.1431293488, 9.55317878723, 15.46763134, 16.3947658539, 12.8537063599, 16.814573288, 15.8063793182, 30.6136455536, 84.6134872437, 29.2526435852], [-1.52068710327, 54.1527786255, 22.8573055267, 38.7020301819, 13.44257164, -19.9965343475, -2.77776527405, 19.3832035065, -4.71708965302, -5.20680141449, -2.46402907372, 29.2526435852, 97.465675354]], "icov": [[0.000155315166921, 2.33860828303e-05, 0.000281844200799, -0.000205590666155, 0.000117228904855, -0.000202941766474, -2.73539944828e-06, -0.000110225875687, 1.31123724714e-05, -9.10850430955e-05, -9.83478457783e-06, -0.000110597582534, -2.27862096835e-06], [2.33860828303e-05, 0.00102054013405, 0.000104532969999, 0.000200984737603, -0.000280378037132, 0.000140344462125, 0.000185210228665, -0.000694330956321, 0.000444509176305, 0.000656940974295, -0.00111596076749, 0.000711346336175, -0.000645256019197], [0.000281844200799, 0.000104532969999, 0.00233387434855, -0.000816051382571, -1.29039945023e-05, -0.000409938016674, -0.000867217720952, -0.000176063695108, 0.000862010521814, 0.000100129640487, 0.000774074986111, -0.000612019037362, -9.86753657344e-05], [-0.000205590666155, 0.000200984737603, -0.000816051382571, 0.00376943405718, -0.00174324971158, 0.000915729207918, 0.00049886200577, -8.52085868246e-05, -0.000730585074052, -0.000127016552142, 0.000885170942638, -0.000597926671617, -0.000801118847448], [0.000117228904855, -0.000280378037132, -1.29039945023e-05, -0.00174324971158, 0.00470024067909, -0.000936520111281, 0.000579550105613, 0.0015699074138, -0.000995202572085, -0.00108343129978, 0.000401630095439, -4.50390907645e-05, -0.000365618092474], [-0.000202941766474, 0.000140344462125, -0.000409938016674, 0.000915729207918, -0.000936520111281, 0.00571016548201, -0.00206611002795, 0.000629323592875, -0.000908776419237, -2.09241661651e-05, -0.00133907375857, -0.00012384558795, 0.000726242316887], [-2.73539944828e-06, 0.000185210228665, -0.000867217720952, 0.00049886200577, 0.000579550105613, -0.00206611002795, 0.00705408025533, -0.00333554856479, 0.000573335215449, -0.000307382491883, -0.000929805042688, -0.000337740813848, 0.00035209042835], [-0.000110225875687, -0.000694330956321, -0.000176063695108, -8.52085868246e-05, 0.0015699074138, 0.000629323592875, -0.00333554856479, 0.00812425557524, -0.00288552837446, 0.000324405962601, -0.000620990118477, 0.0003767364542, -0.0015900694998], [1.31123724714e-05, 0.000444509176305, 0.000862010521814, -0.000730585074052, -0.000995202572085, -0.000908776419237, 0.000573335215449, -0.00288552837446, 0.00773548753932, -0.00389072997496, 0.000744832097553, -0.000518499466125, 0.000723157136235], [-9.10850430955e-05, 0.000656940974295, 0.000100129640487, -0.000127016552142, -0.00108343129978, -2.09241661651e-05, -0.000307382491883, 0.000324405962601, -0.00389072997496, 0.0114247137681, -0.00571909500286, 0.00132391660009, -0.000387516367482], [-9.83478457783e-06, -0.00111596076749, 0.000774074986111, 0.000885170942638, 0.000401630095439, -0.00133907375857, -0.000929805042688, -0.000620990118477, 0.000744832097553, -0.00571909500286, 0.0152596617118, -0.00540701951832, 0.0015928640496], [-0.000110597582534, 0.000711346336175, -0.000612019037362, -0.000597926671617, -4.50390907645e-05, -0.00012384558795, -0.000337740813848, 0.0003767364542, -0.000518499466125, 0.00132391660009, -0.00540701951832, 0.0160441510379, -0.00502618355677], [-2.27862096835e-06, -0.000645256019197, -9.86753657344e-05, -0.000801118847448, -0.000365618092474, 0.000726242316887, 0.00035209042835, -0.0015900694998, 0.000723157136235, -0.000387516367482, 0.0015928640496, -0.00502618355677, 0.0130485184491]], "mean": [-693.980834961, 160.687149048, -16.1763267517, 9.08359241486, -14.363740921, -1.17389249802, -9.96563243866, 1.63019049168, -7.60481262207, -6.82257699966, 2.57716393471, -2.49157595634, -0.688413143158]}, "pitch_salience": {"dmean": 0.0666643753648, "dmean2": 0.106523089111, "dvar": 0.00343916891143, "dvar2": 0.00834765192121, "max": 0.930532634258, "mean": 0.559792518616, "median": 0.567731261253, "min": 0.0880243554711, "var": 0.013830486685}, "silence_rate_20dB": {"dmean": 0, "dmean2": 0, "dvar": 0, "dvar2": 0, "max": 1, "mean": 1, "median": 1, "min": 1, "var": 0}, "silence_rate_30dB": {"dmean": 0, "dmean2": 0, "dvar": 0, "dvar2": 0, "max": 1, "mean": 1, "median": 1, "min": 1, "var": 0}, "silence_rate_60dB": {"dmean": 0.0125391846523, "dmean2": 0.0250821132213, "dvar": 0.0123820034787, "dvar2": 0.0274362191558, "max": 1, "mean": 0.0789552256465, "median": 0, "min": 0, "var": 0.0727242529392}, "spectral_centroid": {"dmean": 137.451889038, "dmean2": 202.02180481, "dvar": 54371.359375, "dvar2": 108943.726563, "max": 11057.6142578, "mean": 912.886291504, "median": 852.566040039, "min": 242.186935425, "var": 235099.421875}, "spectral_complexity": {"dmean": 2.52157044411, "dmean2": 3.86593008041, "dvar": 8.60936927795, "dvar2": 17.286031723, "max": 53, "mean": 13.7491044998, "median": 13, "min": 0, "var": 46.3000717163}, "spectral_contrast_coeffs": {"dmean": [0.0517528280616, 0.0500675700605, 0.0424064584076, 0.0359260700643, 0.0278211683035, 0.0204786919057], "dmean2": [0.0826523527503, 0.0794156715274, 0.0653258040547, 0.0539975054562, 0.0422235764563, 0.0307028461248], "dvar": [0.00181796727702, 0.00176549970638, 0.00139541528188, 0.00101392425131, 0.000605806009844, 0.000328850932419], "dvar2": [0.004585665185, 0.00426867976785, 0.00293855532072, 0.00205975701101, 0.00127623835579, 0.000700244505424], "max": [-0.302554428577, -0.369079709053, -0.368749707937, -0.48031654954, -0.528233110905, -0.611180961132], "mean": [-0.601783752441, -0.649838805199, -0.698093295097, -0.732501089573, -0.760841071606, -0.745700180531], "median": [-0.609925627708, -0.649767398834, -0.701047062874, -0.740411162376, -0.765043020248, -0.744507968426], "min": [-0.959736347198, -0.967696845531, -0.969995379448, -0.963636755943, -0.964171469212, -0.96132260561], "var": [0.0103851761669, 0.0099117429927, 0.00987964868546, 0.00802893470973, 0.00367828598246, 0.0021404104773]}, "spectral_contrast_valleys": {"dmean": [0.415341377258, 0.382338225842, 0.341469466686, 0.3600461483, 0.357611685991, 0.374088019133], "dmean2": [0.666820824146, 0.613880097866, 0.540861487389, 0.54629856348, 0.49595028162, 0.489092946053], "dvar": [0.166749730706, 0.127236962318, 0.113066956401, 0.137284383178, 0.127911180258, 0.15121422708], "dvar2": [0.35372826457, 0.286536663771, 0.236854985356, 0.271771371365, 0.223090529442, 0.244953945279], "max": [-5.65613603592, -4.76192140579, -5.03474712372, -5.67048692703, -5.68982219696, -8.24257946014], "mean": [-8.04758548737, -6.99515724182, -7.59534454346, -8.30073833466, -8.58538246155, -11.4976396561], "median": [-7.68318891525, -6.84102630615, -7.44034385681, -8.15244102478, -8.41851997375, -11.4384183884], "min": [-27.7543697357, -27.5741443634, -27.4493331909, -27.2083530426, -27.4351177216, -27.2951564789], "var": [1.98561871052, 1.36235439777, 1.42140972614, 1.53447794914, 1.79151952267, 1.56015145779]}, "spectral_decrease": {"dmean": 1.48721446269e-09, "dmean2": 2.20606866108e-09, "dvar": 2.92949426056e-18, "dvar2": 6.16500274796e-18, "max": 9.9365707327e-30, "mean": -6.69707223011e-09, "median": -6.56811227628e-09, "min": -2.83615921859e-08, "var": 1.93010122056e-17}, "spectral_energy": {"dmean": 0.00592456478626, "dmean2": 0.00877342186868, "dvar": 4.6622386435e-05, "dvar2": 9.70864639385e-05, "max": 0.114681512117, "mean": 0.0270968079567, "median": 0.0266447663307, "min": 1.02731688098e-20, "var": 0.000317616097163}, "spectral_energyband_high": {"dmean": 0.000103653008409, "dmean2": 0.000141746437293, "dvar": 1.18343692179e-07, "dvar2": 1.97120769485e-07, "max": 0.0127696180716, "mean": 0.000211847989704, "median": 6.10269562458e-05, "min": 6.87785815936e-21, "var": 3.41749000654e-07}, "spectral_energyband_low": {"dmean": 0.00139630399644, "dmean2": 0.00208340864629, "dvar": 6.59051784169e-06, "dvar2": 1.47056389324e-05, "max": 0.0394185185432, "mean": 0.00281797372736, "median": 0.000978951808065, "min": 5.92717015134e-23, "var": 1.81692903425e-05}, "spectral_energyband_middle_high": {"dmean": 0.00192772049922, "dmean2": 0.0027127105277, "dvar": 7.00116561347e-06, "dvar2": 1.335318575e-05, "max": 0.0454322434962, "mean": 0.00731353834271, "median": 0.00472086528316, "min": 1.33890794174e-21, "var": 5.67243660043e-05}, "spectral_energyband_middle_low": {"dmean": 0.00493924273178, "dmean2": 0.00749916117638, "dvar": 3.44099571521e-05, "dvar2": 7.81810231274e-05, "max": 0.095934279263, "mean": 0.0173111986369, "median": 0.0146296527237, "min": 3.6742977593e-22, "var": 0.000162980126333}, "spectral_entropy": {"dmean": 0.207620158792, "dmean2": 0.293182969093, "dvar": 0.0401664711535, "dvar2": 0.0735637098551, "max": 9.79891777039, "mean": 6.85767412186, "median": 6.86672496796, "min": 4.69852495193, "var": 0.342813044786}, "spectral_flux": {"dmean": 0.0229249037802, "dmean2": 0.0363915711641, "dvar": 0.000528668693732, "dvar2": 0.00119994708803, "max": 0.267379850149, "mean": 0.0740212798119, "median": 0.0674011558294, "min": 6.50605957997e-11, "var": 0.00180184445344}, "spectral_kurtosis": {"dmean": 4.34934282303, "dmean2": 7.41350221634, "dvar": 23.0476474762, "dvar2": 63.3623428345, "max": 74.2281417847, "mean": 10.9493503571, "median": 8.26243209839, "min": -1.2151620388, "var": 84.9615707397}, "spectral_rms": {"dmean": 0.000569588097278, "dmean2": 0.000831273733638, "dvar": 3.67950093505e-07, "dvar2": 7.01427325112e-07, "max": 0.0105775427073, "mean": 0.00475776288658, "median": 0.00509851891547, "min": 3.16584974382e-12, "var": 3.79948573936e-06}, "spectral_rolloff": {"dmean": 228.682159424, "dmean2": 380.150909424, "dvar": 287609.4375, "dvar2": 590746.25, "max": 19099.9511719, "mean": 1129.08691406, "median": 990.52734375, "min": 86.1328125, "var": 908548.875}, "spectral_skewness": {"dmean": 0.396579235792, "dmean2": 0.643683254719, "dvar": 0.140213236213, "dvar2": 0.349065631628, "max": 7.02594041824, "mean": 2.30603671074, "median": 2.14908504486, "min": -0.0314076766372, "var": 0.879051446915}, "spectral_spread": {"dmean": 389533.875, "dmean2": 569283.5625, "dvar": 294185697280, "dvar2": 478237884416, "max": 41213784, "mean": 3003610, "median": 2808992, "min": 1131325.875, "var":