{"lowlevel": {"average_loudness": 0.920711755753, "barkbands": {"dmean": [0.00391544820741, 0.00699501484632, 0.00218054419383, 0.0010473227594, 0.0021968469955, 0.00145377614535, 0.000851984077599, 0.00127803639043, 0.00117696914822, 0.00101943349, 0.000803519214969, 0.000517861568369, 0.000271999801043, 0.000208283032407, 0.000208714991459, 0.00013819373271, 0.000144171382999, 0.00011383400124, 0.000116660135973, 0.000139366020449, 0.000182275398402, 0.000124263868202, 0.000154134279001, 0.000156223104568, 7.13404460839e-06, 0.000166478203028, 0.000230709396419], "dmean2": [0.0064069381915, 0.0113418120891, 0.00374877639115, 0.00177788943984, 0.00343290739693, 0.00221445481293, 0.00142515217885, 0.00206747790799, 0.00190032215323, 0.00167519121896, 0.00132637948263, 0.000847989926115, 0.00044600025285, 0.000333169184159, 0.000334243581165, 0.000218482891796, 0.000217016815441, 0.000167665421031, 0.000166679121321, 0.000190856226254, 0.00024401077826, 0.0001638365502, 0.000200808251975, 0.000199665562832, 1.09939473987e-05, 0.000211646591197, 0.000321748899296], "dvar": [7.05264101271e-05, 0.000169472084963, 1.91815906874e-05, 4.7150597311e-06, 1.80279839697e-05, 1.19218166219e-05, 4.72938518215e-06, 9.27474138734e-06, 7.55805831432e-06, 5.69596613786e-06, 3.33151911036e-06, 1.17562001378e-06, 3.77730088985e-07, 2.53139660344e-07, 2.24838274221e-07, 8.73288712455e-08, 1.03386078365e-07, 7.58211129437e-08, 6.5713351205e-08, 8.35737665739e-08, 1.00220020727e-07, 3.79243303428e-08, 5.99222502728e-08, 6.22128766281e-08, 2.23554258438e-10, 6.54806058265e-08, 9.90344233287e-08], "dvar2": [0.000172883082996, 0.000423443969339, 5.20022585988e-05, 1.15952798296e-05, 3.95977622247e-05, 2.44345465035e-05, 1.18865491459e-05, 2.22858525376e-05, 1.76161011041e-05, 1.37542183438e-05, 8.35958780954e-06, 3.00341480397e-06, 9.52547395627e-07, 6.14637087892e-07, 5.75854130602e-07, 2.03510737151e-07, 2.24695838824e-07, 1.60456679055e-07, 1.32922494345e-07, 1.64497905075e-07, 2.01014117351e-07, 6.95988688904e-08, 1.12533200536e-07, 1.09255175573e-07, 4.98638186297e-10, 1.22282628467e-07, 2.00698920594e-07], "max": [0.10110668093, 0.137058585882, 0.0558107681572, 0.0450117439032, 0.0937757268548, 0.0818539708853, 0.0512163452804, 0.0567704178393, 0.0512253902853, 0.0601146891713, 0.0565072447062, 0.0199286919087, 0.0105687286705, 0.00866873189807, 0.0126306656748, 0.00415233848616, 0.0058336914517, 0.00428310129791, 0.00390005251393, 0.00558324018493, 0.00892185233533, 0.00328392721713, 0.00318228406832, 0.0027643837966, 0.000211264181416, 0.00358683546074, 0.00445884326473], "mean": [0.00433680554852, 0.00850206892937, 0.00248340237886, 0.00114325224422, 0.00351676042192, 0.00208296300843, 0.00108208449092, 0.00167482090183, 0.0015471886145, 0.00142109021544, 0.00115830264986, 0.000715171336196, 0.000369209388737, 0.000271755998256, 0.000304938323097, 0.000205089047085, 0.000198241497856, 0.000154272798682, 0.000165028046467, 0.000202228300623, 0.000289455027087, 0.000201727219974, 0.000224867791985, 0.00020078860689, 7.37427035347e-06, 0.000232708931435, 0.000512909900863], "median": [0.00109131180216, 0.00355317210779, 0.00107848190237, 0.000404488760978, 0.00129302393179, 0.000678928161506, 0.000388354936149, 0.000390805391362, 0.000324873893987, 0.000536483945325, 0.000446232588729, 0.000274493300822, 0.000176877132617, 0.000117964344099, 0.000116736140626, 8.0759607954e-05, 6.08990485489e-05, 4.26334117947e-05, 4.45247533207e-05, 4.55875742773e-05, 5.6657310779e-05, 3.57960489055e-05, 3.57710159733e-05, 1.59419705597e-05, 1.30016906041e-06, 3.17336453008e-05, 0.000298187049339], "min": [1.89288986123e-25, 1.35133470508e-24, 4.89384160658e-25, 8.40078685569e-26, 7.28536948457e-24, 3.49275502193e-24, 3.24379545062e-24, 4.88930348701e-24, 1.26357949084e-23, 1.1252834178e-23, 1.22374059518e-23, 2.10244195011e-23, 1.95656705369e-23, 2.45197643534e-23, 3.77225017614e-23, 5.05360451756e-23, 5.6870516203e-23, 7.6767525675e-23, 7.85514431043e-23, 1.48309586227e-22, 2.54762061361e-22, 2.5825478404e-22, 3.91124128297e-22, 4.88871819955e-22, 7.60599944359e-22, 1.26848288299e-21, 1.97911180853e-21], "var": [7.13612826075e-05, 0.000185741810128, 1.78567424882e-05, 6.00491694058e-06, 4.32564156654e-05, 2.24590985454e-05, 5.82993970966e-06, 1.57502709044e-05, 1.23238251035e-05, 9.31326849241e-06, 5.24695269633e-06, 1.6310934825e-06, 4.07284858284e-07, 2.74403987532e-07, 3.28418963136e-07, 1.16788989146e-07, 1.40045187891e-07, 1.02293839177e-07, 1.0186924726e-07, 1.46439759874e-07, 2.24683361694e-07, 1.04983357119e-07, 1.35358035891e-07, 1.26579820403e-07, 2.79766404487e-10, 1.3687568412e-07, 3.17133498129e-07]}, "barkbands_crest": {"dmean": 3.14712285995, "dmean2": 5.14961194992, "dvar": 7.13863372803, "dvar2": 18.317861557, "max": 25.9200973511, "mean": 10.0957994461, "median": 9.34367847443, "min": 2.24133658409, "var": 17.1732292175}, "barkbands_flatness_db": {"dmean": 0.0293089430779, "dmean2": 0.042076818645, "dvar": 0.000685279374011, "dvar2": 0.00136784068309, "max": 0.405456185341, "mean": 0.121890574694, "median": 0.118091359735, "min": 0.0189916566014, "var": 0.00266186380759}, "barkbands_kurtosis": {"dmean": 4.5596241951, "dmean2": 6.99347448349, "dvar": 69.9221191406, "dvar2": 144.31602478, "max": 373.960571289, "mean": 7.1234369278, "median": 4.17611980438, "min": -1.79295527935, "var": 146.251663208}, "barkbands_skewness": {"dmean": 0.687670469284, "dmean2": 1.06498122215, "dvar": 0.478421390057, "dvar2": 1.06558835506, "max": 13.7814378738, "mean": 1.97473359108, "median": 1.81820583344, "min": -2.17235827446, "var": 1.76729416847}, "barkbands_spread": {"dmean": 10.6781845093, "dmean2": 15.5137577057, "dvar": 144.506393433, "dvar2": 300.787261963, "max": 125.120330811, "mean": 30.2561416626, "median": 24.7400188446, "min": 0.495510578156, "var": 414.279022217}, "dissonance": {"dmean": 0.0240094233304, "dmean2": 0.0402350574732, "dvar": 0.000606560672168, "dvar2": 0.0016359500587, "max": 0.500000178814, "mean": 0.461883246899, "median": 0.470997363329, "min": 0, "var": 0.00100755877793}, "dynamic_complexity": 3.65830826759, "erbbands": {"dmean": [0.376578718424, 1.06642794609, 2.28786659241, 3.21177220345, 3.88085770607, 8.61116027832, 12.0894517899, 12.5311031342, 11.3412485123, 17.9223213196, 27.2446689606, 26.7077579498, 24.6327648163, 34.8264007568, 32.1427268982, 18.3309440613, 12.6132698059, 11.0671062469, 10.4542388916, 9.06772136688, 6.96101903915, 8.11200141907, 6.17000293732, 5.7437953949, 6.10534715652, 6.53203058243, 8.05832958221, 6.34147691727, 4.91203355789, 3.9375, 4.47401762009, 4.07512760162, 1.92889249325, 0.203358024359, 0.0287593435496, 0.22908835113, 0.418191283941, 0.141119629145, 0.0334205180407, 0.00426442734897], "dmean2": [0.623767495155, 1.77245390415, 3.92633843422, 5.40392541885, 6.49044847488, 13.4183397293, 18.3686885834, 19.3556365967, 18.7539672852, 28.9124088287, 44.0588912964, 42.9867973328, 39.5848197937, 57.2759666443, 52.8746147156, 29.5974292755, 20.5162200928, 17.6701889038, 16.780796051, 14.2970046997, 10.7796192169, 12.0649499893, 9.03022861481, 8.27519321442, 8.54705142975, 8.90008354187, 10.9807863235, 8.47170162201, 6.54520225525, 5.19853115082, 5.86544513702, 5.23185014725, 2.52592372894, 0.278982013464, 0.041836310178, 0.299099981785, 0.538298785686, 0.183866366744, 0.0438422597945, 0.00637871026993], "dvar": [0.55750399828, 4.03141784668, 19.931842804, 37.7641181946, 58.9569320679, 340.419006348, 791.616577148, 988.45904541, 874.65447998, 1735.7701416, 5089.27099609, 4128.65136719, 4577.2265625, 6127.73046875, 4915.00244141, 1481.71679688, 761.421203613, 732.793762207, 608.471679688, 360.737548828, 242.000717163, 337.111450195, 242.191146851, 193.262557983, 156.409667969, 188.953186035, 211.382324219, 115.066459656, 60.3536109924, 38.3372039795, 51.4620780945, 40.9654884338, 10.8079013824, 0.14648284018, 0.00210233451799, 0.153610050678, 0.420644074678, 0.0462409183383, 0.00257477490231, 2.99122657452e-05], "dvar2": [1.46332550049, 10.4809474945, 54.4700660706, 94.5503158569, 157.419967651, 718.661193848, 1660.54150391, 2082.56274414, 2264.24023438, 4260.88134766, 12326.2802734, 9726.640625, 11381.8955078, 15295.6796875, 12074.2529297, 3769.81176758, 1904.00292969, 1783.72741699, 1524.52490234, 866.661499023, 549.966125488, 726.265136719, 510.628417969, 398.538787842, 312.885742188, 365.979248047, 430.70803833, 230.616424561, 114.134170532, 73.6760101318, 97.0584030151, 73.7648239136, 19.3502502441, 0.275265753269, 0.00428667245433, 0.269711434841, 0.804918885231, 0.0906095281243, 0.00489079300314, 6.86068015057e-05], "max": [7.75872945786, 22.1309585571, 58.4580612183, 123.814483643, 115.096191406, 470.94039917, 665.374938965, 1008.12109375, 895.999511719, 957.236022949, 1650.08007812, 1100.2244873, 2010.75671387, 2008.48352051, 2081.40063477, 489.28225708, 515.318359375, 525.760314941, 795.691162109, 337.87677002, 247.14414978, 356.662750244, 209.721405029, 215.730316162, 214.368652344, 252.702438354, 374.720092773, 182.953659058, 122.213760376, 94.5153579712, 88.8638839722, 79.4621047974, 41.9061813354, 5.83350419998, 0.599107027054, 4.86200475693, 10.1547307968, 3.0890173912, 0.930938303471, 0.106978423893], "mean": [0.410109788179, 1.30959403515, 2.73273277283, 3.85636949539, 5.00248336792, 13.4314746857, 18.3295307159, 17.86627388, 15.0357179642, 24.0690803528, 36.7017021179, 35.5967826843, 35.2095069885, 52.1009216309, 48.4340438843, 27.1245555878, 18.1915054321, 15.3751516342, 15.3320207596, 13.9470376968, 10.7184305191, 11.3285999298, 8.47296619415, 8.01088619232, 8.94072628021, 9.63207912445, 12.3335809708, 10.055270195, 7.91221570969, 6.12318849564, 6.40238237381, 5.41771411896, 2.35917758942, 0.239194959402, 0.0358090735972, 0.282348006964, 0.57256424427, 0.222213983536, 0.0596027970314, 0.0143759706989], "median": [0.156653493643, 0.542377471924, 1.29912936687, 1.62022519112, 2.26725292206, 4.45888662338, 4.98966836929, 6.14301967621, 5.42834043503, 8.74335002899, 7.40029096603, 7.97246313095, 10.9895362854, 21.8033065796, 19.2843818665, 10.9223031998, 9.22644042969, 7.26158857346, 6.8423614502, 5.81116390228, 4.22176265717, 3.443805933, 2.39317202568, 2.27158617973, 2.34382939339, 2.17430663109, 2.54163193703, 1.82804071903, 1.37123656273, 1.10738825798, 1.00692784786, 0.559516847134, 0.123935259879, 0.0297929272056, 0.0123233292252, 0.0236604828387, 0.0726516023278, 0.0468364655972, 0.0189786106348, 0.0113179422915], "min": [7.79032581866e-23, 4.1232444327e-22, 1.22754935762e-21, 2.38796521333e-21, 5.29829054062e-21, 2.42889405349e-20, 3.37351460286e-20, 5.89460730603e-20, 8.78520352753e-20, 1.01375688658e-19, 2.50802350798e-19, 3.71874269666e-19, 3.71275158258e-19, 7.01479971923e-19, 8.56703464097e-19, 9.35573532841e-19, 8.50877941235e-19, 2.07671406241e-18, 1.77508761512e-18, 3.53992232655e-18, 3.46544960164e-18, 3.81461618668e-18, 4.47447015543e-18, 4.58462042093e-18, 6.16420327789e-18, 7.86522617495e-18, 9.61035392867e-18, 8.82817028708e-18, 9.47358705901e-18, 9.91009192261e-18, 1.09595037057e-17, 9.18921890802e-18, 9.18654215156e-18, 7.56147966375e-18, 5.79088632769e-18, 4.02022350846e-18, 2.19063895984e-18, 9.42856030954e-19, 2.41545295015e-19, 2.61022044482e-20], "var": [0.520479798317, 4.28141355515, 18.3568782806, 47.9138031006, 71.1184005737, 843.241149902, 1596.52294922, 1797.70996094, 1075.90136719, 2549.68481445, 8574.10839844, 6478.86865234, 6789.38037109, 11283.4121094, 7943.11181641, 2115.54321289, 866.978881836, 791.595031738, 769.052246094, 546.784729004, 328.697540283, 462.315002441, 321.670043945, 272.176208496, 268.768920898, 333.555236816, 423.420013428, 272.420562744, 163.710479736, 96.1734161377, 110.637794495, 84.8916549683, 20.3685913086, 0.245962962508, 0.00343889161013, 0.292648524046, 0.842817246914, 0.108240492642, 0.00705500412732, 0.00014438618382]}, "erbbands_crest": {"dmean": 3.17566847801, "dmean2": 5.11758995056, "dvar": 9.5252904892, "dvar2": 22.4312057495, "max": 32.3819885254, "mean": 8.83441734314, "median": 7.73458194733, "min": 2.11914014816, "var": 22.2471790314}, "erbbands_flatness_db": {"dmean": 0.0277514606714, "dmean2": 0.0364315323532, "dvar": 0.000664971536025, "dvar2": 0.00109393743332, "max": 0.320753365755, "mean": 0.125558465719, "median": 0.118461683393, "min": 0.0325186550617, "var": 0.00281921238638}, "erbbands_kurtosis": {"dmean": 1.36925458908, "dmean2": 2.16898274422, "dvar": 3.53379273415, "dvar2": 8.5102596283, "max": 37.9022636414, "mean": 0.976743221283, "median": 0.320155620575, "min": -1.69215381145, "var": 5.90843153}, "erbbands_skewness": {"dmean": 0.457467377186, "dmean2": 0.689627885818, "dvar": 0.158998131752, "dvar2": 0.383648216724, "max": 4.64103746414, "mean": 0.385284364223, "median": 0.361521631479, "min": -3.49954819679, "var": 0.54077398777}, "erbbands_spread": {"dmean": 11.7177047729, "dmean2": 16.2862434387, "dvar": 160.416809082, "dvar2": 287.261413574, "max": 143.947402954, "mean": 37.2872085571, "median": 31.3521842957, "min": 1.95016849041, "var": 509.120819092}, "gfcc": {"cov": [[36564.2851562, -93.4049301147, -2025.29016113, 901.056945801, -1163.89123535, 38.6668434143, 112.529685974, -124.782501221, 162.996673584, -39.3272323608, -442.07208252, 241.384552002, -575.023681641], [-93.4049301147, 1851.85754395, -353.823120117, -699.339294434, 294.26852417, -282.689575195, 37.6165046692, -196.227355957, 29.294801712, -114.63899231, 58.8943328857, -144.887969971, 174.872024536], [-2025.29016113, -353.823120117, 538.248474121, 223.137893677, 6.04286909103, 186.207061768, -53.2051315308, 106.094764709, -37.3916664124, 56.9384384155, 38.8346214294, 20.8323478699, 16.6203670502], [901.056945801, -699.339294434, 223.137893677, 511.994598389, -46.3489723206, 148.995788574, 56.9444389343, 98.6332702637, 11.9942245483, 50.3022727966, -28.7294540405, 79.5470123291, -103.549789429], [-1163.89123535, 294.26852417, 6.04286909103, -46.3489723206, 240.395095825, 4.51450157166, 72.9238128662, -20.4080810547, 11.2474431992, -20.5871696472, 31.6139202118, -29.8116226196, 42.8778572083], [38.6668434143, -282.689575195, 186.207061768, 148.995788574, 4.51450157166, 238.68901062, 15.5479974747, 97.9311523438, -25.5635719299, 33.160572052, 6.58637189865, 26.7352313995, -0.325433194637], [112.529685974, 37.6165046692, -53.2051315308, 56.9444389343, 72.9238128662, 15.5479974747, 164.82749939, 3.56431007385, 52.2011108398, -11.4520053864, -8.07249736786, 15.867890358, -26.484167099], [-124.782501221, -196.227355957, 106.094764709, 98.6332702637, -20.4080810547, 97.9311523438, 3.56431007385, 172.173614502, 27.2278137207, 41.5108680725, -1.22021365166, 7.10737133026, -0.995060443878], [162.996673584, 29.294801712, -37.3916664124, 11.9942245483, 11.2474431992, -25.5635719299, 52.2011108398, 27.2278137207, 102.785400391, 37.8742446899, 5.66886425018, 9.49702739716, -22.1768817902], [-39.3272323608, -114.63899231, 56.9384384155, 50.3022727966, -20.5871696472, 33.160572052, -11.4520053864, 41.5108680725, 37.8742446899, 88.8695678711, 44.4599342346, 15.5048704147, -3.08645105362], [-442.07208252, 58.8943328857, 38.8346214294, -28.7294540405, 31.6139202118, 6.58637189865, -8.07249736786, -1.22021365166, 5.66886425018, 44.4599342346, 83.560295105, 26.4790706635, 32.0146446228], [241.384552002, -144.887969971, 20.8323478699, 79.5470123291, -29.8116226196, 26.7352313995, 15.867890358, 7.10737133026, 9.49702739716, 15.5048704147, 26.4790706635, 77.6738967896, 6.48287630081], [-575.023681641, 174.872024536, 16.6203670502, -103.549789429, 42.8778572083, -0.325433194637, -26.484167099, -0.995060443878, -22.1768817902, -3.08645105362, 32.0146446228, 6.48287630081, 98.9649276733]], "icov": [[0.000109603977762, -0.000365622981917, 0.000690915214363, -0.000806827680208, 0.000750034872908, -0.000594331126194, 0.000272389937891, 0.000139356401633, -0.000125939113786, -3.27659290633e-06, 1.10412074719e-05, 5.17817607033e-05, 3.47514505847e-05], [-0.000365622981917, 0.00304315122776, -0.00214744266123, 0.00396042084321, -0.00333686708473, 0.0024108029902, -0.00132537574973, 0.000127143925056, -0.00107188546099, 0.00190277805086, -0.00169573468156, 0.00194897979964, -0.00165684451349], [0.000690915214363, -0.00214744266123, 0.00802148226649, -0.00722965504974, 0.00489670224488, -0.00565385865048, 0.00327829318121, 0.000726232945453, -0.00157499779016, 0.00138448248617, -0.0030806188006, 0.00331304525025, -0.00188846793026], [-0.000806827680208, 0.00396042084321, -0.00722965504974, 0.0138829266652, -0.0087953498587, 0.00520406244323, -0.00357450032607, -0.00252321618609, 0.00428928574547, -0.00500965397805, 0.00639511877671, -0.00881278607994, 0.00621349876747], [0.000750034872908, -0.00333686708473, 0.00489670224488, -0.0087953498587, 0.0147378826514, -0.00571523746476, -0.00160430371761, 0.00252117705531, -0.0040919193998, 0.00599139975384, -0.00806250236928, 0.00935595668852, -0.00531387235969], [-0.000594331126194, 0.0024108029902, -0.00565385865048, 0.00520406244323, -0.00571523746476, 0.0120926387608, -0.00399557035416, -0.00441965647042, 0.00632763281465, -0.00439134053886, 0.00316812098026, -0.00362969469279, 0.000577635888476], [0.000272389937891, -0.00132537574973, 0.00327829318121, -0.00357450032607, -0.00160430371761, -0.00399557035416, 0.0125726880506, 0.000688769214321, -0.00656525883824, 0.00417686253786, -0.000170115774381, -0.00259695691057, 0.00257166475058], [0.000139356401633, 0.000127143925056, 0.000726232945453, -0.00252321618609, 0.00252117705531, -0.00441965647042, 0.000688769214321, 0.0104331420735, -0.00567495357245, 0.000365711021004, -0.000589415605646, 0.00477400282398, -0.00437701260671], [-0.000125939113786, -0.00107188546099, -0.00157499779016, 0.00428928574547, -0.0040919193998, 0.00632763281465, -0.00656525883824, -0.00567495357245, 0.0249406099319, -0.0183438360691, 0.0112173845991, -0.0113479401916, 0.00802587810904], [-3.27659290633e-06, 0.00190277805086, 0.00138448248617, -0.00500965397805, 0.00599139975384, -0.00439134053886, 0.00417686253786, 0.000365711021004, -0.0183438360691, 0.0372265465558, -0.0265412125736, 0.0155808506534, -0.00572870858014], [1.10412074719e-05, -0.00169573468156, -0.0030806188006, 0.00639511877671, -0.00806250236928, 0.00316812098026, -0.000170115774381, -0.000589415605646, 0.0112173845991, -0.0265412125736, 0.0384317412972, -0.0225633010268, 0.00445295870304], [5.17817607033e-05, 0.00194897979964, 0.00331304525025, -0.00881278607994, 0.00935595668852, -0.00362969469279, -0.00259695691057, 0.00477400282398, -0.0113479401916, 0.0155808506534, -0.0225633010268, 0.0366231203079, -0.0147899305448], [3.47514505847e-05, -0.00165684451349, -0.00188846793026, 0.00621349876747, -0.00531387235969, 0.000577635888476, 0.00257166475058, -0.00437701260671, 0.00802587810904, -0.00572870858014, 0.00445295870304, -0.0147899305448, 0.0241492576897]], "mean": [-18.7405261993, 73.5718231201, -75.675239563, -4.51752710342, -30.4888210297, -4.69578409195, 1.07772564888, -17.1713695526, -2.91561889648, -8.87869644165, -6.28155040741, 3.88737106323, -7.24106693268]}, "hfc": {"dmean": 33.5210380554, "dmean2": 51.2382125854, "dvar": 1361.33276367, "dvar2": 3114.64819336, "max": 1281.99865723, "mean": 130.517181396, "median": 119.394744873, "min": 1.06730770331e-16, "var": 7469.03662109}, "melbands": {"dmean": [0.00267789443024, 0.00118855817709, 0.000538253516424, 0.000413898611441, 0.00043722440023, 0.000272951001534, 0.000171410385519, 0.00021657779871, 0.000224663337576, 0.000167830614373, 0.000125985039631, 0.000145850353874, 0.000109712869744, 6.82821046212e-05, 3.27826564899e-05, 2.68870553555e-05, 2.14013543882e-05, 1.68965561897e-05, 1.55302805069e-05, 1.07909172584e-05, 8.15497242002e-06, 9.00090162759e-06, 7.03742171027e-06, 5.22625350641e-06, 4.76544755657e-06, 4.70210443382e-06, 4.34817138739e-06, 4.5517331273e-06, 5.4869124142e-06, 4.39485029347e-06, 3.66770314031e-06, 3.148182941e-06, 2.1013006517e-06, 2.41535508394e-06, 2.66701204055e-06, 2.57377269008e-06, 2.64781783699e-06, 1.66284701208e-06, 5.08911170982e-07, 5.80865595623e-08], "dmean2": [0.00433230120689, 0.00198493804783, 0.00090208358597, 0.000660753517877, 0.000660940073431, 0.000419043295551, 0.000284756679321, 0.00034916412551, 0.000364151608665, 0.000271378667094, 0.000202967785299, 0.000239696470089, 0.000181033843546, 0.000111607580038, 5.30454271939e-05, 4.43733188149e-05, 3.44177824445e-05, 2.74219437415e-05, 2.47577390837e-05, 1.71652773133e-05, 1.27701523525e-05, 1.36718526846e-05, 1.04729997474e-05, 7.79317542765e-06, 7.02859915691e-06, 6.83267489876e-06, 6.23065488981e-06, 6.38410347165e-06, 7.65495769883e-06, 6.16473926129e-06, 5.01642034578e-06, 4.33513059761e-06, 2.87501120511e-06, 3.3001938391e-06, 3.58560828317e-06, 3.43376677847e-06, 3.4884744764e-06, 2.22520361604e-06, 7.09236871899e-07, 9.11036792672e-08], "dvar": [2.66815386567e-05, 4.50957804787e-06, 1.03599768408e-06, 6.34497098417e-07, 9.08214985884e-07, 4.3008193984e-07, 1.90396860944e-07, 2.47276204846e-07, 3.47870326323e-07, 1.62683306826e-07, 1.16963200014e-07, 1.11166144734e-07, 6.52107416954e-08, 1.96782998785e-08, 4.77176032021e-09, 3.80654174847e-09, 2.7467503827e-09, 1.67632974168e-09, 1.34706412691e-09, 4.83369344551e-10, 3.43191003394e-10, 3.9602723878e-10, 3.06778130676e-10, 1.75252728996e-10, 1.39456043935e-10, 9.58050722089e-11, 9.03760538629e-11, 9.3736074458e-11, 9.87509032879e-11, 7.87164222693e-11, 3.86964002508e-11, 2.69171178402e-11, 1.1137726158e-11, 1.58674080819e-11, 1.90463513017e-11, 1.89778730925e-11, 1.80487274432e-11, 8.4021782587e-12, 9.59353148137e-13, 1.62776862573e-14], "dvar2": [6.69767105137e-05, 1.20721342682e-05, 2.60819501818e-06, 1.47571859088e-06, 1.89560932995e-06, 9.00009752058e-07, 4.86337626171e-07, 5.93209222188e-07, 8.29065299968e-07, 3.80339173489e-07, 2.90408735282e-07, 2.73755659919e-07, 1.60961462825e-07, 5.00415779925e-08, 1.18448397757e-08, 9.60144319606e-09, 6.78054812298e-09, 4.23886303835e-09, 3.49769879726e-09, 1.14757314762e-09, 7.98777044508e-10, 8.79004979915e-10, 6.70049127294e-10, 3.87806758928e-10, 2.98318231229e-10, 2.01499469887e-10, 1.91326995913e-10, 1.86781590195e-10, 2.07860492707e-10, 1.85299497968e-10, 7.88900750281e-11, 5.39344333084e-11, 2.230252788e-11, 3.25210275376e-11, 3.72608784105e-11, 3.83550760596e-11, 3.36184066696e-11, 1.57470859269e-11, 1.83552218563e-12, 3.68585201152e-14], "max": [0.055741969496, 0.0248071420938, 0.0174405220896, 0.0189014002681, 0.0202481113374, 0.0195117462426, 0.011833277531, 0.0111304987222, 0.0136146126315, 0.00725664431229, 0.00969716347754, 0.00919608119875, 0.00906387995929, 0.0028157774359, 0.00106569170021, 0.00105821515899, 0.00105005281512, 0.00125872844364, 0.000838109466713, 0.000300276471535, 0.00030106070335, 0.000384330778616, 0.000293675344437, 0.000239628410782, 0.000195836139028, 0.000170076600625, 0.000222959308303, 0.0001617554517, 0.000167839200003, 0.000371146074031, 0.000101261764939, 7.98087930889e-05, 4.85313903482e-05, 5.85229572607e-05, 6.74711554893e-05, 6.61872036289e-05, 5.28567106812e-05, 3.71149108105e-05, 1.25751839732e-05, 2.35458560383e-06], "mean": [0.00322152185254, 0.00153270584997, 0.000675884308293, 0.000629328482319, 0.000690679473337, 0.000390755361877, 0.000226494361414, 0.000288172246655, 0.00029871717561, 0.000219686495257, 0.000173877109773, 0.000210684636841, 0.000162890850333, 9.65863364399e-05, 4.64365912194e-05, 3.59812147508e-05, 2.78297884506e-05, 2.34893341258e-05, 2.25452695304e-05, 1.57987869898e-05, 1.16852843348e-05, 1.21347038657e-05, 9.13432813832e-06, 6.86340945322e-06, 6.32169712844e-06, 6.50816627967e-06, 6.12604890193e-06, 6.40869120616e-06, 8.04200317361e-06, 6.54734776617e-06, 5.67074494029e-06, 4.82984978589e-06, 3.24120719597e-06, 3.54508097189e-06, 3.75533477381e-06, 3.45784519595e-06, 3.34722653861e-06, 1.9917354166e-06, 5.69592373267e-07, 5.8630014621e-08], "median": [0.00136026646942, 0.00078397616744, 0.000313384691253, 0.000248762313277, 0.000194824082428, 0.000133081543026, 8.18845437607e-05, 9.61348123383e-05, 5.56050945306e-05, 4.77153880638e-05, 5.23616072314e-05, 8.50387732498e-05, 6.37684061076e-05, 3.738999294e-05, 2.0098495952e-05, 1.69240302057e-05, 1.19423293654e-05, 1.04456621557e-05, 8.27608255349e-06, 6.69678092891e-06, 4.18411127612e-06, 3.53814402843e-06, 2.45763885687e-06, 1.84646557955e-06, 1.73699686457e-06, 1.63078232163e-06, 1.49264371885e-06, 1.34944150432e-06, 1.68720055171e-06, 1.19052390346e-06, 1.02290323412e-06, 7.84589644809e-07, 6.19076615749e-07, 6.11369046055e-07, 6.09560231624e-07, 4.76419273809e-07, 2.56266446286e-07, 7.80789548571e-08, 3.06947285367e-08, 1.08470663562e-08], "min": [9.70130294403e-25, 7.84366961859e-25, 6.10890630952e-25, 5.25840184101e-25, 1.06098054524e-24, 1.39983781783e-24, 1.25189839354e-24, 1.39352870553e-24, 2.17367092281e-24, 2.22555844607e-24, 1.77462859213e-24, 2.71058720706e-24, 2.42878617298e-24, 1.62032562414e-24, 2.35353278692e-24, 1.53039981967e-24, 3.22660459378e-24, 2.74311273104e-24, 3.29616161523e-24, 3.32515600059e-24, 3.58256091953e-24, 2.92255373786e-24, 3.27146218308e-24, 3.78234586024e-24, 2.88877116403e-24, 2.89917446443e-24, 5.1704842792e-24, 4.89745478674e-24, 4.10110009735e-24, 4.87507440843e-24, 4.584678932e-24, 4.7209471592e-24, 5.60918639467e-24, 5.59737754135e-24, 5.2973686115e-24, 5.88654081705e-24, 5.2400767994e-24, 5.99831530757e-24, 5.1843043334e-24, 5.84276889757e-24], "var": [2.81908360193e-05, 4.61957642983e-06, 1.27376324599e-06, 1.34029653509e-06, 2.03380545827e-06, 7.99491715497e-07, 2.38399451291e-07, 3.84934878639e-07, 5.81050869641e-07, 2.58798365849e-07, 1.72546123167e-07, 2.01935449695e-07, 1.04223126129e-07, 2.80379097717e-08, 6.2273692869e-09, 4.0350602859e-09, 2.89657386965e-09, 1.92965710077e-09, 1.98116567596e-09, 6.5048411102e-10, 4.41741754287e-10, 5.30520738451e-10, 3.89222043484e-10, 2.18534842999e-10, 1.84440018813e-10, 1.50100751273e-10, 1.44421571924e-10, 1.56085144809e-10, 1.84281243043e-10, 1.35326291839e-10, 8.87781514969e-11, 6.60428933763e-11, 2.69166564038e-11, 3.48471182465e-11, 3.89974094683e-11, 3.53751611337e-11, 3.4688783096e-11, 1.50169373464e-11, 1.54984488784e-12, 1.90545109801e-14]}, "melbands_crest": {"dmean": 4.94303274155, "dmean2": 8.12620067596, "dvar": 19.4713764191, "dvar2": 50.6249923706, "max": 38.6807289124, "mean": 16.1750926971, "median": 15.1617736816, "min": 1.58134186268, "var": 47.4675941467}, "melbands_flatness_db": {"dmean": 0.038559615612, "dmean2": 0.0544182956219, "dvar": 0.00116712367162, "dvar2": 0.00229143770412, "max": 0.526693582535, "mean": 0.21992406249, "median": 0.220635429025, "min": 0.00328966486268, "var": 0.00556185934693}, "melbands_kurtosis": {"dmean": 9.90018367767, "dmean2": 15.8912391663, "dvar": 477.23614502, "dvar2": 1169.9296875, "max": 782.061157227, "mean": 14.0530166626, "median": 6.8850851059, "min": -1.861972332, "var": 664.623962402}, "melbands_skewness": {"dmean": 1.00197696686, "dmean2": 1.53812205791, "dvar": 1.37214398384, "dvar2": 3.09671092033, "max": 23.8269367218, "mean": 2.62716150284, "median": 2.26199698448, "min": -1.50930213928, "var": 3.69289064407}, "melbands_spread": {"dmean": 7.37030649185, "dmean2": 11.5279903412, "dvar": 86.8132171631, "dvar2": 198.808609009, "max": 186.988967896, "mean": 21.8829517365, "median": 17.0675563812, "min": 0.274667859077, "var": 421.968231201}, "mfcc": {"cov": [[14658.2890625, -325.193969727, -161.898971558, 863.763671875, -532.590087891, 426.595123291, -349.363922119, 507.020324707, -71.2022171021, 538.226623535, -212.249328613, 396.938171387, -296.875091553], [-325.193969727, 2494.07104492, -526.324768066, -265.476470947, -4.93052625656, -79.1142501831, -19.6095638275, -168.204376221, 39.1313781738, -149.518112183, 35.0495567322, -216.427597046, 145.856414795], [-161.898971558, -526.324768066, 560.096435547, 26.5450210571, 120.539520264, 27.5646591187, 78.3048019409, 29.8869190216, 5.94238710403, 28.4868354797, -8.91479873657, 83.6901931763, -34.3072052002], [863.763671875, -265.476470947, 26.5450210571, 301.460388184, -33.6313858032, 93.1874771118, -20.64311409, 91.2006988525, -17.125043869, 63.67786026, 0.664461374283, 57.1188545227, -31.0453777313], [-532.590087891, -4.93052625656, 120.539520264, -33.6313858032, 181.274215698, -3.93927049637, 86.376449585, -19.6415672302, 29.3153190613, -26.4795761108, 27.8658218384, -7.72512960434, 14.7663698196], [426.595123291, -79.1142501831, 27.5646591187, 93.1874771118, -3.93927049637, 169.578735352, 39.1958389282, 65.4038391113, -16.3132820129, 41.4317626953, -20.9371128082, 28.1914844513, -15.6578960419], [-349.363922119, -19.6095638275, 78.3048019409, -20.64311409, 86.376449585, 39.1958389282, 139.902023315, 29.1228542328, 31.464389801, -14.3460044861, 15.5909795761, -10.7327289581, 13.5613059998], [507.020324707, -168.204376221, 29.8869190216, 91.2006988525, -19.6415672302, 65.4038391113, 29.1228542328, 142.382995605, 35.4171257019, 51.6842460632, -14.2285766602, 39.165813446, -22.8387718201], [-71.2022171021, 39.1313781738, 5.94238710403, -17.125043869, 29.3153190613, -16.3132820129, 31.464389801, 35.4171257019, 91.7461547852, 21.8998889923, 22.751285553, -5.13870811462, 10.857172966], [538.226623535, -149.518112183, 28.4868354797, 63.67786026, -26.4795761108, 41.4317626953, -14.3460044861, 51.6842460632, 21.8998889923, 104.596466064, 17.0894927979, 50.441734314, -18.0411434174], [-212.249328613, 35.0495567322, -8.91479873657, 0.664461374283, 27.8658218384, -20.9371128082, 15.5909795761, -14.2285766602, 22.751285553, 17.0894927979, 81.5294647217, 18.7286586761, 23.1445407867], [396.938171387, -216.427597046, 83.6901931763, 57.1188545227, -7.72512960434, 28.1914844513, -10.7327289581, 39.165813446, -5.13870811462, 50.441734314, 18.7286586761, 103.49256134, -1.36295437813], [-296.875091553, 145.856414795, -34.3072052002, -31.0453777313, 14.7663698196, -15.6578960419, 13.5613059998, -22.8387718201, 10.857172966, -18.0411434174, 23.1445407867, -1.36295437813, 74.2443313599]], "icov": [[0.000123886580695, -8.37544284877e-05, 5.35213985131e-05, -0.000209788282518, 9.79238393484e-05, 2.84556754195e-05, 3.02038151858e-05, -7.2338458267e-05, 1.39129278978e-05, -0.000401836063247, 0.000407293817261, -0.000420669239247, 0.00032130946056], [-8.37544284877e-05, 0.00073133665137, 0.000368986540707, 0.000452613137895, -0.000153535685968, -0.000479679525597, 0.000329119531671, 0.000264488597168, -0.000386107509257, 0.000612950127106, -0.0005615898408, 0.00112543604337, -0.00106012937613], [5.35213985131e-05, 0.000368986540707, 0.00320320110768, -3.06998044834e-05, -0.00178854970727, 0.000411484594224, -0.00134700036142, 0.000811910605989, -0.000172294152435, -0.000548008538317, 0.00192537845578, -0.00277446885593, 0.00113562680781], [-0.000209788282518, 0.000452613137895, -3.06998044834e-05, 0.00584225729108, -0.000635653792415, -0.00222424184904, 0.00212629465386, -0.00305712036788, 0.00168741680682, 0.00031026446959, -0.00275644520298, 0.000915328681003, -0.000266030896455], [9.79238393484e-05, -0.000153535685968, -0.00178854970727, -0.000635653792415, 0.0104632601142, -0.000242745678406, -0.00490506412461, 0.00280600297265, -0.00278651108965, 0.00203874940053, -0.00183195061982, -0.000414318463299, 0.000694201153237], [2.84556754195e-05, -0.000479679525597, 0.000411484594224, -0.00222424184904, -0.000242745678406, 0.010941519402, -0.00502512324601, -0.00207692361437, 0.00442902836949, -0.00465473160148, 0.00385561794974, -0.00116097007412, -5.10098216182e-05], [3.02038151858e-05, 0.000329119531671, -0.00134700036142, 0.00212629465386, -0.00490506412461, -0.00502512324601, 0.0155622567981, -0.00511231040582, -0.00161228736397, 0.00351883936673, -0.0042708395049, 0.00398742221296, -0.00226312037557], [-7.2338458267e-05, 0.000264488597168, 0.000811910605989, -0.00305712036788, 0.00280600297265, -0.00207692361437, -0.00511231040582, 0.0165262147784, -0.00821232888848, -0.00131213839632, 0.00514410063624, -0.00481412559748, 0.00249953521416], [1.39129278978e-05, -0.000386107509257, -0.000172294152435, 0.00168741680682, -0.00278651108965, 0.00442902836949, -0.00161228736397, -0.00821232888848, 0.0197420027107, -0.00648356042802, -0.00331568391994, 0.00457887817174, -0.00264813541435], [-0.000401836063247, 0.000612950127106, -0.000548008538317, 0.00031026446959, 0.00203874940053, -0.00465473160148, 0.00351883936673, -0.00131213839632, -0.00648356042802, 0.0206557940692, -0.00654440047219, -0.00379471899942, 0.00256989710033], [0.000407293817261, -0.0005615898408, 0.00192537845578, -0.00275644520298, -0.00183195061982, 0.00385561794974, -0.0042708395049, 0.00514410063624, -0.00331568391994, -0.00654440047219, 0.0216607674956, -0.00726978760213, -0.00198230426759], [-0.000420669239247, 0.00112543604337, -0.00277446885593, 0.000915328681003, -0.000414318463299, -0.00116097007412, 0.00398742221296, -0.00481412559748, 0.00457887817174, -0.00379471899942, -0.00726978760213, 0.0212007798254, -0.00610030023381], [0.00032130946056, -0.00106012937613, 0.00113562680781, -0.000266030896455, 0.000694201153237, -5.10098216182e-05, -0.00226312037557, 0.00249953521416, -0.00264813541435, 0.00256989710033, -0.00198230426759, -0.00610030023381, 0.0198011677712]], "mean": [-673.035705566, 136.4165802, 5.42781448364, 17.8029022217, -10.893204689, 20.6445045471, -1.25407838821, 12.7235479355, -2.60561656952, 6.96155738831, -9.46526527405, 5.90732240677, -1.25696480274]}, "pitch_salience": {"dmean": 0.0840618237853, "dmean2": 0.136966541409, "dvar": 0.00566278165206, "dvar2": 0.0148538406938, "max": 0.960926234722, "mean": 0.549175262451, "median": 0.558810710907, "min": 0.0630967319012, "var": 0.0136368786916}, "silence_rate_20dB": {"dmean": 0, "dmean2": 0, "dvar": 0, "dvar2": 0, "max": 1, "mean": 1, "median": 1, "min": 1, "var": 0}, "silence_rate_30dB": {"dmean": 0.0476614683867, "dmean2": 0.0953335538507, "dvar": 0.0453862920403, "dvar2": 0.113200977445, "max": 1, "mean": 0.964703261852, "median": 1, "min": 0, "var": 0.0340532027185}, "silence_rate_60dB": {"dmean": 0.00779510010034, "dmean2": 0.0155919371173, "dvar": 0.00773460185155, "dvar2": 0.0164633858949, "max": 1, "mean": 0.0756040513515, "median": 0, "min": 0, "var": 0.069890409708}, "spectral_centroid": {"dmean": 330.943054199, "dmean2": 448.609191895, "dvar": 151556.640625, "dvar2": 264032.125, "max": 11781.2753906, "mean": 1391.88427734, "median": 947.912658691, "min": 197.718566895, "var": 2288697}, "spectral_complexity": {"dmean": 4.41648101807, "dmean2": 6.12629461288, "dvar": 33.0031356812, "dvar2": 43.9667015076, "max": 67, "mean": 18.30909729, "median": 16, "min": 0, "var": 140.090911865}, "spectral_contrast_coeffs": {"dmean": [0.055811740458, 0.0507875271142, 0.0399891212583, 0.0281177200377, 0.0218758936971, 0.0420216247439], "dmean2": [0.0893818065524, 0.0847938805819, 0.0667447820306, 0.046552170068, 0.0348949506879, 0.0612710528076], "dvar": [0.00209007132798, 0.00165286392439, 0.00101064064074, 0.000497198663652, 0.000327660905896, 0.00158720999025], "dvar2": [0.00536798778921, 0.00437393831089, 0.00279729859903, 0.00136555568315, 0.000835714687128, 0.00319283525459], "max": [-0.279059946537, -0.404677420855, -0.526815474033, -0.65274554491, -0.643007159233, -0.433740466833], "mean": [-0.691634774208, -0.770792603493, -0.79399740696, -0.812909424305, -0.827304124832, -0.73033028841], "median": [-0.698608398438, -0.777598440647, -0.797409772873, -0.812878191471, -0.823991000652, -0.72614979744], "min": [-0.987342476845, -0.978436470032, -0.977588653564, -0.973390638828, -0.970839679241, -0.96530431509], "var": [0.0092443600297, 0.00526123214513, 0.00320456456393, 0.00181588169653, 0.00143412454054, 0.00696616433561]}, "spectral_contrast_valleys": {"dmean": [0.444371402264, 0.392414331436, 0.320390075445, 0.314300268888, 0.425392299891, 0.651249647141], "dmean2": [0.693798065186, 0.63313293457, 0.503210246563, 0.456839948893, 0.525900959969, 0.854769706726], "dvar": [0.183215469122, 0.132597774267, 0.100167177618, 0.115655191243, 0.200988054276, 0.303559333086], "dvar2": [0.362190544605, 0.284574180841, 0.197438597679, 0.194067969918, 0.303234368563, 0.579741537571], "max": [-4.98239421844, -4.25925159454, -4.94154024124, -5.39800453186, -5.45193862915, -8.2405538559], "mean": [-7.39937353134, -6.97413110733, -7.2463183403, -8.05660057068, -8.22357082367, -11.0765600204], "median": [-6.82695960999, -6.4920463562, -6.76913261414, -7.54406118393, -7.74597549438, -10.6955509186], "min": [-28.4265804291, -28.0706672668, -27.9129714966, -27.8089389801, -27.581035614, -27.4765586853], "var": [8.63813400269, 8.91861438751, 8.59786891937, 8.15533828735, 8.37391757965, 6.55642318726]}, "spectral_decrease": {"dmean": 3.84031340062e-09, "dmean2": 5.74770098183e-09, "dvar": 3.19746864306e-17, "dvar2": 6.89256120169e-17, "max": 6.45123909848e-09, "mean": -6.87956758227e-09, "median": -4.44944614486e-09, "min": -5.3745587536e-08, "var": 5.82369164904e-17}, "spectral_energy": {"dmean": 0.0151491090655, "dmean2": 0.0223117750138, "dvar": 0.000478477566503, "dvar2": 0.00101280794479, "max": 0.219072714448, "mean": 0.0378033109009, "median": 0.0304224919528, "min": 9.89425465798e-21, "var": 0.0010116356425}, "spectral_energyband_high": {"dmean": 0.000960408651736, "dmean2": 0.00116008229088, "dvar": 1.83990994174e-06, "dvar2": 2.93556263387e-06, "max": 0.0152133116499, "mean": 0.00166058447212, "median": 0.000407151645049, "min": 6.92875238525e-21, "var": 5.44571958017e-06}, "spectral_energyband_low": {"dmean": 0.0104710580781, "dmean2": 0.0163681861013, "dvar": 0.000326326815411, "dvar2": 0.0007500348147, "max": 0.189998820424, "mean": 0.0149824218825, "median": 0.00799907557666, "min": 1.33356557374e-23, "var": 0.000424801983172}, "spectral_energyband_middle_high": {"dmean": 0.00237124715932, "dmean2": 0.00358223449439, "dvar": 1.8733619072e-05, "dvar2": 4.1467785195e-05, "max": 0.0636217594147, "mean": 0.00488194078207, "median": 0.0026921518147, "min": 1.07209847237e-21, "var": 4.19583775511e-05}, "spectral_energyband_middle_low": {"dmean": 0.00537938298658, "dmean2": 0.00836595147848, "dvar": 6.50755973766e-05, "dvar2": 0.000151176238433, "max": 0.102319926023, "mean": 0.0113642429933, "median": 0.00593640049919, "min": 1.7200725812e-22, "var": 0.000171304229298}, "spectral_entropy": {"dmean": 0.26133286953, "dmean2": 0.32568770647, "dvar": 0.0605449937284, "dvar2": 0.0952797606587, "max": 9.82597827911, "mean": 7.65992975235, "median": 7.6793847084, "min": 5.44233894348, "var": 0.349813431501}, "spectral_flux": {"dmean": 0.0303641855717, "dmean2": 0.046548448503, "dvar": 0.00138538295869, "dvar2": 0.0027229776606, "max": 0.413406461477, "mean": 0.109480120242, "median": 0.099556826055, "min": 6.32085564445e-11, "var": 0.00407054554671}, "spectral_kurtosis": {"dmean": 5.64900493622, "dmean2": 7.33057165146, "dvar": 49.8521766663, "dvar2": 101.823814392, "max": 95.596244812, "mean": 13.8794288635, "median": 9.72566604614, "min": -1.27132534981, "var": 134.24420166}, "spectral_rms": {"dmean": 0.00108139659278, "dmean2": 0.00155032274779, "dvar": 1.67216057889e-06, "dvar2": 3.18714364766e-06, "max": 0.0146194901317, "mean": 0.00548729114234, "median": 0.00544797955081, "min": 3.10691663369e-12, "var": 6.7710170697e-06}, "spectral_rolloff": {"dmean": 4418.86816406, "dmean2": 8138.03564453, "dvar": 51030668, "dvar2": 108483048, "max": 21985.4003906, "mean": 12850.8466797, "median": 19982.8125, "min": 21.533203125, "var": 90951200}, "spectral_skewness": {"dmean": 0.542489469051, "dmean2": 0.651337623596, "dvar": 0.338811099529, "dvar2": 0.590223789215, "max": 7.7209353447, "mean": 2.49708533287, "median": 2.22612524033, "min": -0.0766425952315, "var": 1.38334703445}, "spectral_spread": {"dmean": 885967.125, "dmean2": 1102566.375, "dvar": 827102396416, "dvar2": 1333080752130.0, "max": 42549128, "mean": 5814017.5, "median": 4962754, "min": 1814496, "var": 25506913189900.0}, "spectral_strongpeak": {"dmean": 3.4783718586, "dmean2": 6.35093784332, "dvar": 113.980186462, "dvar2": 300.300567627, "max": 125.583099365, 