{"lowlevel": {"average_loudness": 0.63531857729, "barkbands": {"dmean": [1.82576477528e-05, 0.00239768112078, 0.00183615169954, 0.0013073394075, 0.00079947267659, 0.000269598152954, 0.000484976946609, 0.000809642078821, 0.000790491176303, 0.00082670210395, 0.0004969239817, 0.000369495683117, 0.000482910138089, 0.000324383785482, 0.000175436638528, 0.000134827045258, 0.000210854894249, 0.00011387016275, 0.000259302905761, 0.000140271629789, 0.000104483166069, 5.79508596275e-05, 2.51381516136e-05, 1.52346938194e-05, 4.64144522994e-06, 7.05220202235e-07, 2.19605169605e-07], "dmean2": [2.92549430014e-05, 0.00390323391184, 0.00287283607759, 0.00195597461425, 0.00127868214622, 0.00043641004595, 0.000780914328061, 0.00130379840266, 0.00125164340716, 0.00134958035778, 0.000801658723503, 0.000587423157413, 0.000757748493925, 0.000513533421326, 0.000268205796601, 0.000212512313738, 0.000340467056958, 0.000180701943464, 0.00039611684042, 0.000226775693591, 0.000156883557793, 8.96733472473e-05, 3.69345252693e-05, 2.16059233935e-05, 6.4778128035e-06, 9.62602825894e-07, 2.95333421718e-07], "dvar": [1.38642008984e-09, 2.19873600145e-05, 1.09084967335e-05, 8.3528475443e-06, 2.54213705375e-06, 7.81363155511e-07, 4.65734410682e-06, 1.14945878522e-05, 8.38250980451e-06, 1.27567118398e-05, 5.31550313099e-06, 2.25992062042e-06, 2.53699386121e-06, 7.66496896176e-07, 4.75218740803e-07, 1.46635912301e-07, 1.67531084116e-07, 7.07785261511e-08, 4.36666425685e-07, 1.11503446476e-07, 2.59036198713e-07, 5.18416740647e-08, 5.78995917877e-09, 3.69734753924e-09, 5.04779551491e-10, 3.87687494954e-12, 2.79785960025e-13], "dvar2": [3.27192850591e-09, 5.46402770851e-05, 2.61590739683e-05, 1.6976680854e-05, 6.13888551015e-06, 1.68199244399e-06, 1.33943940455e-05, 2.78008374153e-05, 1.94792191905e-05, 3.61208985851e-05, 1.29130676214e-05, 4.9362779464e-06, 6.17288060312e-06, 1.78965694886e-06, 9.89990098788e-07, 3.37119558935e-07, 3.97576172873e-07, 1.65571904631e-07, 9.15838484161e-07, 2.62936424633e-07, 4.79956156596e-07, 1.14023187336e-07, 1.2102723268e-08, 7.57226992221e-09, 9.0879537229e-10, 7.3840204784e-12, 5.58402553797e-13], "max": [0.000616654811893, 0.0521046370268, 0.038902670145, 0.0602215155959, 0.0349898859859, 0.0552999451756, 0.0845148414373, 0.114982225001, 0.105623751879, 0.167379617691, 0.110714256763, 0.0873219668865, 0.0414588712156, 0.0187042336911, 0.0256061367691, 0.0148749630898, 0.0147558953613, 0.00972630269825, 0.0255237594247, 0.011501240544, 0.0290307123214, 0.00731342099607, 0.00238604354672, 0.00270699011162, 0.00142548081931, 8.79444996826e-05, 9.32248167373e-06], "mean": [1.90257342183e-05, 0.0034363581799, 0.00362791842781, 0.00249492540024, 0.00123994494788, 0.000409508182202, 0.000670521811116, 0.00109388376586, 0.00112167990301, 0.00116940995213, 0.000719934527297, 0.000531285593752, 0.000784941075835, 0.00056831369875, 0.00035237026168, 0.000260907487245, 0.00043611068395, 0.000246496259933, 0.000709529034793, 0.000282871827949, 0.000200734561076, 0.00012044228788, 4.89657613798e-05, 2.92424119834e-05, 8.87473925104e-06, 1.45607623381e-06, 4.55955415646e-07], "median": [3.52261531589e-06, 0.00156991672702, 0.00181912689004, 0.000833015248645, 0.000554588623345, 0.000205157193705, 0.000149459810928, 0.000161637668498, 0.000179202324944, 0.000272441655397, 7.89306650404e-05, 0.000102556616184, 0.000173510925379, 0.000250162353041, 8.21644352982e-05, 0.000119001793792, 0.00025773581001, 0.000137906390592, 0.000324252760038, 0.00014166731853, 8.12787548057e-05, 5.93340591877e-05, 1.30916496346e-05, 8.13084261608e-06, 2.43362410401e-06, 4.38704489625e-07, 1.5894508465e-07], "min": [9.23418388939e-25, 1.30453000985e-24, 7.50912899287e-25, 1.74640492388e-24, 5.75191736484e-24, 9.26134141213e-24, 1.08944412581e-23, 9.20295702767e-24, 1.11787175405e-23, 1.36488650712e-23, 1.62128192077e-23, 4.36732140465e-23, 3.76333005257e-23, 3.98271763457e-23, 6.75707391174e-23, 7.55395090593e-23, 6.62067228816e-23, 1.2216305027e-22, 1.14415148759e-22, 2.33971903572e-22, 2.80439496448e-22, 3.62391415992e-22, 3.66246888469e-22, 5.20542578437e-22, 8.72657471862e-22, 1.35273141013e-21, 2.01676670175e-21], "var": [1.63556712618e-09, 2.74204285233e-05, 2.44498751272e-05, 1.93740106624e-05, 3.90311743104e-06, 1.28878912165e-06, 6.54115410725e-06, 1.72523814399e-05, 1.32418817884e-05, 1.53853652591e-05, 1.00741599454e-05, 3.34076275976e-06, 5.19790410181e-06, 1.66523261669e-06, 1.45791125306e-06, 4.11466203332e-07, 3.6291237393e-07, 1.71356589362e-07, 2.15685349758e-06, 1.91668533489e-07, 3.56768538268e-07, 7.13141119491e-08, 1.06802477973e-08, 5.84621151489e-09, 8.35667424148e-10, 7.6082326203e-12, 5.55501282994e-13]}, "barkbands_crest": {"dmean": 2.37687826157, "dmean2": 3.85293960571, "dvar": 5.94717788696, "dvar2": 15.100358963, "max": 26.5152168274, "mean": 10.6186943054, "median": 9.6665725708, "min": 2.39834141731, "var": 24.5548496246}, "barkbands_flatness_db": {"dmean": 0.0200455747545, "dmean2": 0.030775623396, "dvar": 0.000475622102385, "dvar2": 0.00102961121593, "max": 0.428794443607, "mean": 0.145672753453, "median": 0.135792985559, "min": 0.024470673874, "var": 0.0035538058728}, "barkbands_kurtosis": {"dmean": 3.42450356483, "dmean2": 5.21827793121, "dvar": 107.364028931, "dvar2": 231.911895752, "max": 316.63873291, "mean": 6.06779623032, "median": 0.718803405762, "min": -1.96923148632, "var": 381.194549561}, "barkbands_skewness": {"dmean": 0.566398262978, "dmean2": 0.851025223732, "dvar": 0.514151036739, "dvar2": 1.07892370224, "max": 12.4825592041, "mean": 0.790778934956, "median": 0.944272637367, "min": -14.6021604538, "var": 4.68477678299}, "barkbands_spread": {"dmean": 5.75279808044, "dmean2": 8.93800544739, "dvar": 45.9037284851, "dvar2": 101.128608704, "max": 162.35925293, "mean": 26.0632419586, "median": 23.7498779297, "min": 0.371513098478, "var": 308.60333252}, "dissonance": {"dmean": 0.0128646567464, "dmean2": 0.0218278449029, "dvar": 0.000250476354267, "dvar2": 0.000696139934007, "max": 0.5, "mean": 0.477589160204, "median": 0.483621120453, "min": 0.13160058856, "var": 0.000425760023063}, "dynamic_complexity": 4.53693246841, "erbbands": {"dmean": [0.0312047917396, 0.659349679947, 2.01668715477, 3.70685553551, 3.3084795475, 2.35329627991, 1.46473324299, 2.52635192871, 5.54241323471, 10.5807209015, 19.6082439423, 16.1162090302, 20.7787208557, 24.5058403015, 15.6868476868, 13.2596054077, 18.7647323608, 16.3850383759, 11.0280399323, 7.37529659271, 7.86922645569, 10.9267253876, 6.19213438034, 9.24690532684, 13.4645872116, 6.24880886078, 4.89805269241, 3.56882071495, 2.30253410339, 1.2136541605, 0.66415554285, 0.36116707325, 0.234584569931, 0.0782730579376, 0.0229596998543, 0.00476317852736, 0.00103737215977, 0.000301292573567, 3.76907992177e-05, 8.7461212388e-06], "dmean2": [0.0513712577522, 1.07357192039, 3.1917245388, 5.45014715195, 5.22882843018, 3.79843473434, 2.40844845772, 4.09918022156, 8.86813640594, 16.586233139, 31.0628452301, 25.6220283508, 32.6739349365, 38.8169212341, 25.3985729218, 21.0760250092, 29.6454811096, 25.5474414825, 16.8365936279, 11.4962186813, 12.5592012405, 17.5857906342, 9.85501384735, 14.499505043, 20.6066169739, 10.0724039078, 7.51241397858, 5.36340141296, 3.5944917202, 1.80607056618, 0.979860663414, 0.511253595352, 0.339605867863, 0.110152229667, 0.0316530652344, 0.00649782130495, 0.00141898822039, 0.000404303107643, 5.06818360009e-05, 1.24440921354e-05], "dvar": [0.0039619076997, 1.63505601883, 13.0150756836, 65.493270874, 37.1656570435, 29.1645698547, 9.11070919037, 80.6074523926, 442.150146484, 3363.34204102, 6594.07128906, 3993.01196289, 5699.85107422, 12689.4707031, 3351.99829102, 2866.28735352, 3991.47875977, 2180.7265625, 1417.44580078, 1098.10168457, 405.15536499, 459.460540771, 194.380737305, 861.333312988, 1109.27429199, 205.283279419, 332.407836914, 387.010406494, 93.5631103516, 13.5522861481, 4.26949882507, 1.57243335247, 1.09592664242, 0.150978326797, 0.0111218122765, 0.00021291365556, 8.28745396575e-06, 5.28241628217e-07, 7.37143324159e-09, 1.71478969913e-10], "dvar2": [0.0102662378922, 4.06273794174, 33.2555541992, 129.729125977, 88.8832550049, 71.8405303955, 25.0060787201, 167.912307739, 1070.78491211, 8901.63671875, 16785.9921875, 9491.87011719, 14275.1142578, 32069.34375, 8178.21582031, 6549.04296875, 9842.06347656, 4979.71191406, 2960.99755859, 2428.32397461, 965.078613281, 1089.66235352, 432.567443848, 1936.20825195, 2260.43725586, 473.153411865, 648.936767578, 730.072143555, 213.690917969, 27.7479400635, 9.29518985748, 3.16807675362, 2.27869343758, 0.272395282984, 0.0209172014147, 0.000385275605367, 1.64165649039e-05, 1.05323488242e-06, 1.43901939254e-08, 3.48796852512e-10], "max": [0.650124549866, 13.9677438736, 46.2378311157, 170.117095947, 88.2113571167, 203.097351074, 79.6684951782, 541.26385498, 636.883605957, 2271.28833008, 2988.2565918, 2867.09716797, 2082.12255859, 4172.71777344, 1618.81469727, 2978.50927734, 1486.57226563, 1379.47119141, 1456.96191406, 1358.27563477, 894.047363281, 765.742736816, 508.911712646, 1400.42736816, 1058.23681641, 456.039459229, 818.881958008, 1195.37072754, 358.768829346, 119.252220154, 68.8769073486, 43.9852561951, 54.126373291, 23.9687404633, 7.06779289246, 0.821793615818, 0.106244087219, 0.0154312802479, 0.00139390502591, 0.000290531752398], "mean": [0.0426102355123, 0.978247404099, 3.82507538795, 7.75207281113, 5.5598783493, 3.61567568779, 2.42745900154, 3.79203557968, 8.06727409363, 14.2266178131, 27.8705291748, 24.0969829559, 31.5576667786, 37.8690605164, 26.0664234161, 21.9836330414, 33.2680397034, 32.1087608337, 23.2037906647, 15.8757600784, 17.2276954651, 23.1171607971, 14.7599487305, 21.4498271942, 39.3707389832, 13.7380714417, 9.35057830811, 6.91165590286, 4.64407873154, 2.56974244118, 1.26040935516, 0.698193609715, 0.436592340469, 0.146858274937, 0.0443427115679, 0.00987090356648, 0.00212095840834, 0.000580054300372, 8.56053811731e-05, 2.83435838355e-05], "median": [0.018027715385, 0.491863548756, 2.16334295273, 3.14790010452, 3.09645986557, 1.54847860336, 1.2923078537, 1.59556615353, 2.31642627716, 2.55551099777, 4.29108047485, 4.21018409729, 7.85520172119, 7.33319568634, 5.00358963013, 4.08174371719, 7.59387588501, 13.1061267853, 8.78967189789, 4.27316522598, 9.24960613251, 13.6952991486, 9.24968719482, 13.1714935303, 15.3571529388, 7.59441280365, 3.58398461342, 3.11471009254, 2.28379440308, 1.01167607307, 0.326008200645, 0.19417282939, 0.114224687219, 0.0377806127071, 0.0125846154988, 0.00297200819477, 0.000653435476124, 0.000163482909556, 3.66988751921e-05, 2.25201656576e-05], "min": [4.98738658654e-23, 3.17617210868e-22, 1.91808219675e-21, 8.36596254369e-21, 1.87819242145e-20, 1.95626793152e-20, 6.52128386175e-20, 1.14102263048e-19, 1.79034816685e-19, 4.13304644622e-19, 3.94339848868e-19, 3.17987019975e-19, 5.1631016343e-19, 6.24431199791e-19, 8.16727789646e-19, 1.74797222105e-18, 2.35456216901e-18, 3.31145297341e-18, 2.69121537253e-18, 4.2628107667e-18, 3.78242024929e-18, 5.41394136332e-18, 6.86484138675e-18, 6.72087473704e-18, 7.49055802521e-18, 9.91854239975e-18, 1.18159979448e-17, 1.09324085776e-17, 1.25127272117e-17, 1.35338030957e-17, 1.05739010555e-17, 1.1443541676e-17, 1.00149064596e-17, 8.10979783948e-18, 7.16796172222e-18, 3.66366441029e-18, 2.27362420043e-18, 1.06819715821e-18, 2.55907812936e-19, 2.92735955297e-20], "var": [0.00429067201912, 2.06708025932, 23.6604614258, 158.663513184, 60.6025924683, 41.5091209412, 15.0722255707, 137.765411377, 750.010131836, 4770.58154297, 9759.99707031, 6052.62451172, 8842.203125, 18908.0449219, 6797.45458984, 4605.41748047, 8329.88378906, 5667.93017578, 3617.30078125, 3172.88232422, 1126.3026123, 983.877624512, 512.552062988, 1392.61474609, 8630.31347656, 389.355010986, 478.88458252, 510.051300049, 122.141036987, 24.5470237732, 7.3460187912, 2.66392636299, 1.65764534473, 0.245041504502, 0.0180824082345, 0.000429474981502, 1.56758651428e-05, 1.04074513274e-06, 1.54621364601e-08, 6.43705200254e-10]}, "erbbands_crest": {"dmean": 2.33818030357, "dmean2": 3.71530795097, "dvar": 5.99449777603, "dvar2": 14.0564250946, "max": 34.4890403748, "mean": 9.93756484985, "median": 7.49873924255, "min": 2.06299781799, "var": 46.2170295715}, "erbbands_flatness_db": {"dmean": 0.0140878362581, "dmean2": 0.0205879006535, "dvar": 0.000205358985113, "dvar2": 0.000405355298426, "max": 0.501256883144, "mean": 0.181707650423, "median": 0.169938564301, "min": 0.0255554039031, "var": 0.00476933922619}, "erbbands_kurtosis": {"dmean": 1.18937540054, "dmean2": 1.81308281422, "dvar": 7.53448724747, "dvar2": 15.8592882156, "max": 83.4421920776, "mean": 2.01594138145, "median": -0.0236313380301, "min": -1.83713555336, "var": 47.5506057739}, "erbbands_skewness": {"dmean": 0.323238968849, "dmean2": 0.49029263854, "dvar": 0.116524390876, "dvar2": 0.245473384857, "max": 3.53466248512, "mean": -0.501043021679, "median": -0.37491902709, "min": -7.02649402618, "var": 1.39522266388}, "erbbands_spread": {"dmean": 6.83443975449, "dmean2": 10.3510789871, "dvar": 57.6675453186, "dvar2": 124.112602234, "max": 134.924316406, "mean": 36.3938140869, "median": 35.0308151245, "min": 0.483805775642, "var": 378.317138672}, "gfcc": {"cov": [[22963.34375, 3949.85180664, -1589.24169922, 666.377197266, -1620.73754883, 823.665222168, -254.567092896, -86.2187728882, -102.545890808, -492.930358887, -420.132598877, -340.132659912, -333.590362549], [3949.85180664, 2112.01953125, 54.0661506653, -26.7114372253, -198.858932495, 154.70854187, 108.911048889, -197.034088135, 120.903823853, -158.824081421, -131.456817627, -0.657920360565, -68.785446167], [-1589.24169922, 54.0661506653, 874.220825195, 96.445350647, 46.4525566101, 143.484542847, -8.51617431641, -58.2562026978, 62.234577179, -3.66365695, -2.34191536903, 59.1650238037, 7.7003455162], [666.377197266, -26.7114372253, 96.445350647, 437.20211792, 112.517829895, -1.89456272125, -13.6131334305, -9.30663108826, 17.8065471649, -24.2127418518, -0.932430505753, -35.0274467468, -30.4338264465], [-1620.73754883, -198.858932495, 46.4525566101, 112.517829895, 407.837097168, -104.612113953, 82.4817123413, 13.6209659576, 10.8333435059, 51.4595336914, 15.7873983383, 7.29612398148, 19.1039237976], [823.665222168, 154.70854187, 143.484542847, -1.89456272125, -104.612113953, 282.442352295, 43.8290061951, 13.6811113358, 5.46423721313, -39.9647369385, -15.1377096176, -16.9883403778, -11.9330921173], [-254.567092896, 108.911048889, -8.51617431641, -13.6131334305, 82.4817123413, 43.8290061951, 200.642456055, 41.2308692932, 0.186160773039, -26.1448459625, -2.28075361252, 9.43313026428, -6.62912368774], [-86.2187728882, -197.034088135, -58.2562026978, -9.30663108826, 13.6209659576, 13.6811113358, 41.2308692932, 132.62739563, -2.48894476891, -0.141576945782, 25.858549118, -22.0174503326, 2.55906796455], [-102.545890808, 120.903823853, 62.234577179, 17.8065471649, 10.8333435059, 5.46423721313, 0.186160773039, -2.48894476891, 101.650985718, 26.8318424225, 3.19109010696, 2.04077672958, -0.00237410934642], [-492.930358887, -158.824081421, -3.66365695, -24.2127418518, 51.4595336914, -39.9647369385, -26.1448459625, -0.141576945782, 26.8318424225, 93.467376709, 26.2201271057, 9.26818943024, 18.0535793304], [-420.132598877, -131.456817627, -2.34191536903, -0.932430505753, 15.7873983383, -15.1377096176, -2.28075361252, 25.858549118, 3.19109010696, 26.2201271057, 76.7116851807, 13.9169282913, 13.0544490814], [-340.132659912, -0.657920360565, 59.1650238037, -35.0274467468, 7.29612398148, -16.9883403778, 9.43313026428, -22.0174503326, 2.04077672958, 9.26818943024, 13.9169282913, 74.7761459351, 26.4970264435], [-333.590362549, -68.785446167, 7.7003455162, -30.4338264465, 19.1039237976, -11.9330921173, -6.62912368774, 2.55906796455, -0.00237410934642, 18.0535793304, 13.0544490814, 26.4970264435, 58.7248191833]], "icov": [[0.000449131126516, -0.000949939421844, 0.000990996020846, -0.00142749201041, 0.00124445732217, -0.00107169151306, 0.000942355312873, -0.00143333128653, 0.00141958193853, -0.00126192299649, 0.00128896639217, -0.000622523599304, 0.000497489876579], [-0.000949939421844, 0.0029393483419, -0.00194483494852, 0.00316554191522, -0.00237605860457, 0.00209024036303, -0.00266247335821, 0.00458504864946, -0.00461662048474, 0.00416321307421, -0.00226684124209, 0.00142770714592, -0.000780735164881], [0.000990996020846, -0.00194483494852, 0.00380151695572, -0.00337867345661, 0.00225361157209, -0.00353415613063, 0.0025424612686, -0.00253301323391, 0.00201737717725, -0.00222662603483, 0.00291724083945, -0.00302477087826, 0.00144895189442], [-0.00142749201041, 0.00316554191522, -0.00337867345661, 0.00756165618077, -0.00518193189055, 0.00324405729771, -0.00221963459626, 0.00509207509458, -0.00544449454173, 0.00597253860906, -0.00481304526329, 0.00321160792373, -0.000382302270737], [0.00124445732217, -0.00237605860457, 0.00225361157209, -0.00518193189055, 0.00778589909896, -0.00114211230539, -0.00030834734207, -0.00351175526157, 0.00418375292793, -0.00584200304002, 0.00406718580052, -0.000681806239299, -0.000141955926665], [-0.00107169151306, 0.00209024036303, -0.00353415613063, 0.00324405729771, -0.00114211230539, 0.00790397264063, -0.00412301905453, 0.00283768610097, -0.00302190333605, 0.00318694650196, -0.00291646411642, 0.00369921070524, -0.00210692733526], [0.000942355312873, -0.00266247335821, 0.0025424612686, -0.00221963459626, -0.00030834734207, -0.00412301905453, 0.0101714627817, -0.00635002925992, 0.00319470418617, -0.000608225818723, 0.00270683411509, -0.00443531339988, 0.00302486051805], [-0.00143333128653, 0.00458504864946, -0.00253301323391, 0.00509207509458, -0.00351175526157, 0.00283768610097, -0.00635002925992, 0.0171734374017, -0.00732397660613, 0.00697122467682, -0.00745990173891, 0.00653551053256, -0.00298062316142], [0.00141958193853, -0.00461662048474, 0.00201737717725, -0.00544449454173, 0.00418375292793, -0.00302190333605, 0.00319470418617, -0.00732397660613, 0.0188436359167, -0.0110704582185, 0.00402537267655, -0.00184918462764, 0.0016187391011], [-0.00126192299649, 0.00416321307421, -0.00222662603483, 0.00597253860906, -0.00584200304002, 0.00318694650196, -0.000608225818723, 0.00697122467682, -0.0110704582185, 0.0226372871548, -0.00747599545866, 0.00224430277012, -0.00303965387866], [0.00128896639217, -0.00226684124209, 0.00291724083945, -0.00481304526329, 0.00406718580052, -0.00291646411642, 0.00270683411509, -0.00745990173891, 0.00402537267655, -0.00747599545866, 0.0207052193582, -0.00561382202432, 0.00073364272248], [-0.000622523599304, 0.00142770714592, -0.00302477087826, 0.00321160792373, -0.000681806239299, 0.00369921070524, -0.00443531339988, 0.00653551053256, -0.00184918462764, 0.00224430277012, -0.00561382202432, 0.0218132659793, -0.00889932736754], [0.000497489876579, -0.000780735164881, 0.00144895189442, -0.000382302270737, -0.000141955926665, -0.00210692733526, 0.00302486051805, -0.00298062316142, 0.0016187391011, -0.00303965387866, 0.00073364272248, -0.00889932736754, 0.023428266868]], "mean": [-56.600402832, 90.9158325195, -140.88722229, 51.5789680481, -42.6695518494, 7.95574331284, -17.5412216187, 4.07438707352, -20.9799518585, -4.82549905777, -16.1966552734, -10.5533771515, -14.1123819351]}, "hfc": {"dmean": 4.54897594452, "dmean2": 6.49389028549, "dvar": 90.3745346069, "dvar2": 168.724105835, "max": 346.829376221, "mean": 16.4036083221, "median": 10.2676200867, "min": 1.07226238283e-16, "var": 346.942138672}, "melbands": {"dmean": [0.000479385460494, 0.0010094048921, 0.000586502661463, 0.000211497725104, 5.47598829144e-05, 5.64807160117e-05, 8.80769075593e-05, 0.000127265797346, 0.000165320321685, 9.93249705061e-05, 0.000108153639303, 0.000104929378722, 6.04685992585e-05, 4.2686046072e-05, 3.85062412533e-05, 4.52893073088e-05, 3.17176090903e-05, 2.11539008887e-05, 1.16494393296e-05, 1.01829109553e-05, 1.0599494999e-05, 1.42220460475e-05, 6.20246146354e-06, 6.35955893813e-06, 8.13603219285e-06, 1.11003555503e-05, 7.4078675425e-06, 3.79029938813e-06, 3.51229073203e-06, 2.47495563599e-06, 2.14138572119e-06, 1.47479033785e-06, 9.64678179116e-07, 6.23153312063e-07, 4.32639836845e-07, 2.76892848206e-07, 2.18366295712e-07, 1.88507840448e-07, 1.12528844909e-07, 5.72220990591e-08], "dmean2": [0.000779298774432, 0.00160203140695, 0.000872275792062, 0.000338430661941, 8.95900229807e-05, 9.11425813683e-05, 0.000141264288686, 0.000200299866265, 0.000262225570623, 0.000158064867719, 0.000171144769411, 0.000167591395439, 9.69332322711e-05, 6.7825523729e-05, 6.06143912592e-05, 7.23607518012e-05, 4.94333871757e-05, 3.28041714965e-05, 1.81546747626e-05, 1.59159444593e-05, 1.71916108229e-05, 2.31018366321e-05, 1.00669112726e-05, 1.01584837466e-05, 1.2973822777e-05, 1.69048034877e-05, 1.18237339848e-05, 6.18161084276e-06, 5.50987033421e-06, 3.85064458897e-06, 3.28104988512e-06, 2.34580693359e-06, 1.51618928612e-06, 9.36220260428e-07, 6.64391222926e-07, 4.05641515044e-07, 3.21574816553e-07, 2.78788036212e-07, 1.64077988529e-07, 8.31020585679e-08], "dvar": [8.95376729204e-07, 3.20242907037e-06, 1.37004042244e-06, 1.77720366423e-07, 1.25666117512e-08, 3.78635611753e-08, 1.08951830669e-07, 4.00152913471e-07, 4.33474014017e-07, 1.39988301839e-07, 1.61597796478e-07, 2.49138679465e-07, 6.54551897128e-08, 4.21817247798e-08, 2.28257519552e-08, 2.31240271376e-08, 7.6032531382e-09, 4.78527617531e-09, 2.21377560727e-09, 1.20304410878e-09, 6.79284850591e-10, 7.92961973861e-10, 1.62866969911e-10, 2.4421159539e-10, 7.70340291556e-10, 8.67078131517e-10, 2.38723985024e-10, 7.75544489739e-11, 1.22896429144e-10, 1.42046333029e-10, 1.58842120013e-10, 4.21205015311e-11, 8.83079633723e-12, 3.22619058205e-12, 1.86341914121e-12, 7.43870568441e-13, 6.19739123301e-13, 6.23369628486e-13, 3.11914719314e-13, 8.09759025241e-14], "dvar2": [2.23950019063e-06, 8.10943583929e-06, 2.75174988928e-06, 4.29411699088e-07, 3.41536328108e-08, 7.93317482817e-08, 2.7689773674e-07, 9.98032987809e-07, 1.07896357804e-06, 3.34443058136e-07, 4.1438727294e-07, 6.48972502404e-07, 1.66046049799e-07, 9.32421144739e-08, 5.63125404085e-08, 5.80107730741e-08, 1.71614207289e-08, 1.03374224736e-08, 4.76687711526e-09, 2.76643574715e-09, 1.68080116492e-09, 1.93777327517e-09, 3.60500768126e-10, 5.97971172578e-10, 1.77620018693e-09, 1.81077763894e-09, 5.55506640687e-10, 1.79445680537e-10, 2.53027793162e-10, 2.60793026063e-10, 3.28827659546e-10, 9.87112058759e-11, 1.98738525636e-11, 6.70887260676e-12, 4.35376257615e-12, 1.5033506124e-12, 1.33635528858e-12, 1.33159444842e-12, 6.29502038604e-13, 1.47293622069e-13], "max": [0.0106762256473, 0.0231760274619, 0.0237288381904, 0.00803935900331, 0.00372429541312, 0.012234785594, 0.00927019678056, 0.0212299413979, 0.0212252940983, 0.0162712931633, 0.0131906392053, 0.0206347033381, 0.0104431193322, 0.0130656994879, 0.00330954510719, 0.00472093839198, 0.00228189118207, 0.00240689818747, 0.00208660378121, 0.00109213020187, 0.00116763170809, 0.00102404388599, 0.00033139862353, 0.000585447531193, 0.00131608580705, 0.000911897805054, 0.000423296703957, 0.000252037571045, 0.000456997018773, 0.000501129368786, 0.000814831699245, 0.00024576857686, 9.50653047767e-05, 5.56399645575e-05, 4.68031648779e-05, 2.87698821921e-05, 3.17876474583e-05, 3.81674290111e-05, 3.06107176584e-05, 1.76427329279e-05], "mean": [0.000682458339725, 0.00184246618301, 0.00124218664132, 0.000335069140419, 8.91075760592e-05, 8.42269728309e-05, 0.000127571009216, 0.000169912047568, 0.000235023602727, 0.00014603852469, 0.000158822251251, 0.000156701920787, 9.34622439672e-05, 6.17449404672e-05, 6.32277296972e-05, 7.84702569945e-05, 5.75293015572e-05, 3.96976029151e-05, 2.40230019699e-05, 1.89826714632e-05, 2.10682446777e-05, 2.76813734672e-05, 1.28811725517e-05, 1.36960261443e-05, 1.61301322805e-05, 3.17139420076e-05, 1.74948017957e-05, 7.18501678421e-06, 6.23135474598e-06, 4.46469766757e-06, 3.84253189623e-06, 2.71445924227e-06, 1.98225166059e-06, 1.20317520214e-06, 7.58190878969e-07, 5.08368316332e-07, 3.89954038837e-07, 3.34425124038e-07, 1.9690105546e-07, 1.00604296449e-07], "median": [0.000310633331537, 0.00111918861512, 0.000654181931168, 0.000155444227858, 5.0036203902e-05, 3.70906673197e-05, 3.43244682881e-05, 2.67658360826e-05, 3.39123944286e-05, 2.48866963375e-05, 3.73016155208e-05, 2.99984312733e-05, 1.38340474223e-05, 1.37018632813e-05, 8.2120859588e-06, 2.01506336452e-05, 2.43901922659e-05, 1.56319511007e-05, 5.18722254128e-06, 6.91317382007e-06, 1.15737693704e-05, 1.53892542585e-05, 7.44655426388e-06, 7.000689493e-06, 8.74652869243e-06, 1.11718527478e-05, 8.98293092177e-06, 3.45433227267e-06, 2.26431711781e-06, 1.8709718006e-06, 1.66343022556e-06, 1.2665518625e-06, 1.01242926576e-06, 3.74632776357e-07, 1.78944361551e-07, 1.30333816628e-07, 1.03090613379e-07, 8.07610405218e-08, 4.86567586222e-08, 2.42546338569e-08], "min": [6.64860007441e-25, 1.00673551117e-24, 1.88078540693e-24, 1.41315576207e-24, 2.4883435936e-24, 2.38928277986e-24, 2.60659561823e-24, 3.83066240739e-24, 3.13887951403e-24, 1.47643177439e-24, 2.30682985475e-24, 2.46532266023e-24, 1.91310484101e-24, 3.42197447721e-24, 3.19965355538e-24, 3.62202802505e-24, 5.42937975082e-24, 3.43484395402e-24, 4.64165204429e-24, 4.82631728246e-24, 3.96591497617e-24, 4.22093635189e-24, 5.48771285932e-24, 4.54139216198e-24, 4.3733237684e-24, 5.49712120891e-24, 4.42997502544e-24, 6.33147335595e-24, 5.8006989455e-24, 5.52583456257e-24, 5.6748586706e-24, 5.77465470271e-24, 5.72009234934e-24, 5.10782781851e-24, 5.66607430999e-24, 5.86437343118e-24, 5.65501881884e-24, 5.53416256714e-24, 6.3851533684e-24, 5.53210995107e-24], "var": [1.07153289264e-06, 5.04179797645e-06, 3.24710640598e-06, 2.72082075981e-07, 1.82503772095e-08, 6.75698501595e-08, 1.82986610753e-07, 6.0167991478e-07, 6.73493445902e-07, 2.13454327991e-07, 2.40323458911e-07, 3.39188972021e-07, 1.26884941665e-07, 5.60116717452e-08, 4.86191176208e-08, 5.31584021246e-08, 1.82716775043e-08, 1.08205435723e-08, 7.75805819586e-09, 3.11919579055e-09, 1.53685830728e-09, 1.55208235153e-09, 3.7491815208e-10, 5.74630509842e-10, 1.05316744214e-09, 6.36167607482e-09, 7.95994381519e-10, 1.30632824002e-10, 1.77249853683e-10, 2.00229416381e-10, 1.84383466828e-10, 5.12490744287e-11, 1.34768507118e-11, 6.02547222187e-12, 2.89998840913e-12, 1.28780363109e-12, 9.45343087665e-13, 9.35128602157e-13, 4.54751037174e-13, 1.27289238178e-13]}, "melbands_crest": {"dmean": 3.16949081421, "dmean2": 5.18519592285, "dvar": 9.25536155701, "dvar2": 23.3970394135, "max": 38.6843605042, "mean": 16.0376625061, "median": 15.569601059, "min": 1.64748334885, "var": 34.7857055664}, "melbands_flatness_db": {"dmean": 0.0260547250509, "dmean2": 0.0394067689776, "dvar": 0.000869548530318, "dvar2": 0.00181329366751, "max": 0.499330967665, "mean": 0.194978743792, "median": 0.191054776311, "min": 0.00360506866127, "var": 0.00419048732147}, "melbands_kurtosis": {"dmean": 7.67031335831, "dmean2": 12.1214046478, "dvar": 475.904907227, "dvar2": 1171.7779541, "max": 763.519836426, "mean": 13.6325454712, "median": 5.7382850647, "min": -1.92798900604, "var": 760.961608887}, "melbands_skewness": {"dmean": 0.788959503174, "dmean2": 1.21227157116, "dvar": 1.034085989, "dvar2": 2.32454442978, "max": 21.873342514, "mean": 2.26517009735, "median": 2.05659818649, "min": -9.00935745239, "var": 6.21121311188}, "melbands_spread": {"dmean": 8.67443943024, "dmean2": 13.581486702, "dvar": 144.008453369, "dvar2": 311.128509521, "max": 194.483154297, "mean": 30.8036499023, "median": 24.822933197, "min": 0.453616142273, "var": 594.053100586}, "mfcc": {"cov": [[13484.0693359, 2327.64599609, 607.148681641, -352.861724854, -593.859191895, 362.473632813, -185.976791382, 312.174285889, 28.2428302765, -178.386062622, -10.9253540039, 385.557952881, -96.5115432739], [2327.64599609, 1720.16662598, 66.6143569946, 21.819776535, -165.869369507, 214.790740967, -45.7252807617, 85.5977706909, 93.3166351318, -182.999130249, 80.6276855469, 76.4929656982, -0.81460505724], [607.148681641, 66.6143569946, 694.052062988, -47.3103981018, 43.3969802856, 140.038879395, -19.3388938904, 64.5476913452, -12.0604391098, -30.906999588, -57.1058807373, 113.669708252, 23.8342247009], [-352.861724854, 21.819776535, -47.3103981018, 453.201751709, 148.433181763, 52.4276161194, -4.056889534, 4.07678413391, -10.3423423767, 60.0017280579, 17.9841938019, -62.1225891113, -1.91492116451], [-593.859191895, -165.869369507, 43.3969802856, 148.433181763, 225.057647705, 36.9434356689, 6.19890594482, -28.1580371857, -3.11252140999, 56.9077644348, -0.523860096931, -27.0151004791, 9.05926895142], [362.473632813, 214.790740967, 140.038879395, 52.4276161194, 36.9434356689, 206.003128052, 27.9576225281, 37.5228919983, 29.5390090942, -24.2236042023, 9.42898178101, 38.0975494385, -4.87038850784], [-185.976791382, -45.7252807617, -19.3388938904, -4.056889534, 6.19890594482, 27.9576225281, 158.319503784, 78.4267959595, 24.3066825867, 19.6537513733, 23.4783267975, -12.9202213287, -13.5876569748], [312.174285889, 85.5977706909, 64.5476913452, 4.07678413391, -28.1580371857, 37.5228919983, 78.4267959595, 142.099243164, 31.750995636, 5.13053035736, 18.271900177, 17.9146537781, -9.94627857208], [28.2428302765, 93.3166351318, -12.0604391098, -10.3423423767, -3.11252140999, 29.5390090942, 24.3066825867, 31.750995636, 90.3666534424, 9.10890197754, 23.7342643738, 1.15476119518, -7.38102722168], [-178.386062622, -182.999130249, -30.906999588, 60.0017280579, 56.9077644348, -24.2236042023, 19.6537513733, 5.13053035736, 9.10890197754, 118.956428528, 23.0565261841, -24.2577037811, -5.35501050949], [-10.9253540039, 80.6276855469, -57.1058807373, 17.9841938019, -0.523860096931, 9.42898178101, 23.4783267975, 18.271900177, 23.7342643738, 23.0565261841, 85.305770874, 5.15404033661, -10.9916400909], [385.557952881, 76.4929656982, 113.669708252, -62.1225891113, -27.0151004791, 38.0975494385, -12.9202213287, 17.9146537781, 1.15476119518, -24.2577037811, 5.15404033661, 112.338378906, 23.4229431152], [-96.5115432739, -0.81460505724, 23.8342247009, -1.91492116451, 9.05926895142, -4.87038850784, -13.5876569748, -9.94627857208, -7.38102722168, -5.35501050949, -10.9916400909, 23.4229431152, 65.1317749023]], "icov": [[0.000133965397254, -0.000182699383004, -1.22099982036e-05, 6.10367642366e-05, 0.000211269609281, -9.87766179605e-05, 0.000205393822398, -0.000234338091104, 0.000214375017094, -0.000377532182029, 0.000277364160866, -0.000307892012643, 0.000323564308928], [-0.000182699383004, 0.0012893229723, 3.31041264872e-05, -0.000385040708352, 0.000391790061258, -0.00073459406849, 0.000452915672213, -0.000132194763864, -0.000997979543172, 0.00196448620409, -0.00153371668421, 0.000576428719796, -0.00073086458724], [-1.22099982036e-05, 3.31041264872e-05, 0.00238489848562, 0.000446219113655, -0.000910630100407, -0.00129516201559, 0.000864445522893, -0.00153671216685, 0.000642789003905, -0.000201937102247, 0.00168566335924, -0.00172199599911, 5.8178047766e-05], [6.10367642366e-05, -0.000385040708352, 0.000446219113655, 0.00357103697024, -0.00203210604377, -0.0011113564251, 0.00116557162255, -0.00143919535913, 0.00146610219963, -0.00133970740717, -0.000164470271557, 0.00159224460367, -0.000294114317512], [0.000211269609281, 0.000391790061258, -0.000910630100407, -0.00203210604377, 0.00810517929494, -0.00178170017898, -0.000556949700695, 0.00219420692883, -0.000429208594142, -0.00242236815393, 2.45041901508e-05, 0.000616309640463, -0.000915564189199], [-9.87766179605e-05, -0.00073459406849, -0.00129516201559, -0.0011113564251, -0.00178170017898, 0.0083300312981, -0.00218706415035, 0.00066720781615, -0.00195944239385, 0.00163662945852, -1.56000605784e-05, -0.00200041383505, 0.00143133907113], [0.000205393822398, 0.000452915672213, 0.000864445522893, 0.00116557162255, -0.000556949700695, -0.00218706415035, 0.0109755108133, -0.00677730282769, 0.000265816983301, -0.00046770600602, -0.00139385915827, 0.00158797507174, 0.000381967809517], [-0.000234338091104, -0.000132194763864, -0.00153671216685, -0.00143919535913, 0.00219420692883, 0.00066720781615, -0.00677730282769, 0.0132781369612, -0.00288585899398, -0.000452483713161, -0.000621667830274, -0.00107494555414, 0.000447093538241], [0.000214375017094, -0.000997979543172, 0.000642789003905, 0.00146610219963, -0.000429208594142, -0.00195944239385, 0.000265816983301, -0.00288585899398, 0.0145412469283, -0.00263468921185, -0.00141332589556, 0.00035546196159, 0.000705906713847], [-0.000377532182029, 0.00196448620409, -0.000201937102247, -0.00133970740717, -0.00242236815393, 0.00163662945852, -0.00046770600602, -0.000452483713161, -0.00263468921185, 0.0146291796118, -0.00517515325919, 0.00190558226313, -0.000862145563588], [0.000277364160866, -0.00153371668421, 0.00168566335924, -0.000164470271557, 2.45041901508e-05, -1.56000605784e-05, -0.00139385915827, -0.000621667830274, -0.00141332589556, -0.00517515325919, 0.0173668731004, -0.00433896295726, 0.00328540732153], [-0.000307892012643, 0.000576428719796, -0.00172199599911, 0.00159224460367, 0.000616309640463, -0.00200041383505, 0.00158797507174, -0.00107494555414, 0.00035546196159, 0.00190558226313, -0.00433896295726, 0.0151939606294, -0.0058396467939], [0.000323564308928, -0.00073086458724, 5.8178047766e-05, -0.000294114317512, -0.000915564189199, 0.00143133907113, 0.000381967809517, 0.000447093538241, 0.000705906713847, -0.000862145563588, 0.00328540732153, -0.0058396467939, 0.0188398398459]], "mean": [-682.242675781, 110.834098816, -26.5434703827, 43.2918357849, -1.6426460743, 13.3980960846, 8.37122535706, 8.80466461182, 3.35451126099, 5.75646972656, 3.88160705566, -4.19441413879, -5.65025186539]}, "pitch_salience": {"dmean": 0.0697369873524, "dmean2": 0.114035360515, "dvar": 0.00514192180708, "dvar2": 0.0133286193013, "max": 0.884795069695, "mean": 0.499089717865, "median": 0.497784674168, "min": 0.1034995839, "var": 0.0138615733013}, "silence_rate_20dB": {"dmean": 0, "dmean2": 0, "dvar": 0, "dvar2": 0, "max": 1, "mean": 1, "median": 1, "min": 1, "var": 0}, "silence_rate_30dB": {"dmean": 0.00425928412005, "dmean2": 0.00851970165968, "dvar": 0.0042415400967, "dvar2": 0.00977906864136, "max": 1, "mean": 0.99387806654, "median": 1, "min": 0, "var": 0.00608474062756}, "silence_rate_60dB": {"dmean": 0.0282177552581, "dmean2": 0.0564430244267, "dvar": 0.0274202246219, "dvar2": 0.0588476881385, "max": 1, "mean": 0.144397124648, "median": 0, "min": 0, "var": 0.123545065522}, "spectral_centroid": {"dmean": 261.081573486, "dmean2": 396.585235596, "dvar": 99474.3125, "dvar2": 201932.421875, "max": 11547.6230469, "mean": 1936.56286621, "median": 1754.04785156, "min": 176.467468262, "var": 1035402.9375}, "spectral_complexity": {"dmean": 3.39438295364, "dmean2": 5.24840259552, "dvar": 17.5731697083, "dvar2": 36.5974273682, "max": 57, "mean": 17.8707752228, "median": 17, "min": 0, "var": 117.989593506}, "spectral_contrast_coeffs": {"dmean": [0.0464963912964, 0.0461809895933, 0.0368503183126, 0.0277854055166, 0.0204147603363, 0.0171801522374], "dmean2": [0.0760169774294, 0.0749752447009, 0.0603889375925, 0.0454653687775, 0.0334502346814, 0.0272198133171], "dvar": [0.00158469530288, 0.00150875200052, 0.000957656942774, 0.000521049660165, 0.000302549655316, 0.000277362938505], "dvar2": [0.00397462816909, 0.00387286301702, 0.00244842888787, 0.00135578413028, 0.000771942723077, 0.000649782188702], "max": [-0.344107061625, -0.380724966526, -0.490815669298, -0.548303306103, -0.482401251793, -0.534875810146], "mean": [-0.639510691166, -0.755544364452, -0.777140140533, -0.776138603687, -0.772396445274, -0.714420497417], "median": [-0.628291606903, -0.767032623291, -0.784428834915, -0.784455060959, -0.781290113926, -0.707260668278], "min": [-0.979585409164, -0.973258018494, -0.975599944592, -0.971473872662, -0.967845499516, -0.963631033897], "var": [0.00910516642034, 0.00744226807728, 0.00467630010098, 0.00374352908693, 0.00393002852798, 0.0028434144333]}, "spectral_contrast_valleys": {"dmean": [0.442453980446, 0.393489450216, 0.327620178461, 0.274379581213, 0.24802018702, 0.246666684747], "dmean2": [0.703667759895, 0.629084527493, 0.536202728748, 0.440776288509, 0.377514779568, 0.318281501532], "dvar": [0.17221660912, 0.148156434298, 0.110761456192, 0.0964785665274, 0.100218683481, 0.119197383523], "dvar2": [0.363598436117, 0.329101324081, 0.244792208076, 0.206637337804, 0.192069604993, 0.187743753195], "max": [-5.6494269371, -5.05518293381, -4.97356319427, -5.54673671722, -5.21420621872, -7.65014791489], "mean": [-8.02098941803, -7.69118785858, -7.87518262863, -8.11485481262, -7.70410251617, -11.0209817886], "median": [-7.50343227386, -7.13596153259, -7.3918466568, -7.6528968811, -7.30293416977, -10.7451858521], "min": [-27.7693576813, -27.9786262512, -27.7117004395, -27.7097892761, -27.4103431702, -27.4345436096], "var": [4.35491752625, 4.45812559128, 4.46770524979, 3.94105601311, 3.80962324142, 2.80393218994]}, "spectral_decrease": {"dmean": 1.72838543477e-09, "dmean2": 2.55873588983e-09, "dvar": 6.94618963691e-18, "dvar2": 1.50440330622e-17, "max": 4.53632412429e-16, "mean": -5.06018071889e-09, "median": -3.86503362648e-09, "min": -5.40960485296e-08, "var": 2.41558609521e-17}, "spectral_energy": {"dmean": 0.00682104332373, "dmean2": 0.0100560272112, "dvar": 0.000107478655991, "dvar2": 0.000231098791119, "max": 0.223258435726, "mean": 0.0205860789865, "median": 0.015800697729, "min": 1.01810690341e-20, "var": 0.000391616515117}, "spectral_energyband_high": {"dmean": 0.000221966780373, "dmean2": 0.000318419624818, "dvar": 7.91777608811e-07, "dvar2": 1.40921133607e-06, "max": 0.0435966476798, "mean": 0.000520433066413, "median": 0.000225068506552, "min": 7.11206821058e-21, "var": 1.30624596295e-06}, "spectral_energyband_low": {"dmean": 0.00441493466496, "dmean2": 0.00680391397327, "dvar": 5.72793906031e-05, "dvar2": 0.00013343518367, "max": 0.0957543775439, "mean": 0.00888394471258, "median": 0.0061071049422, "min": 1.92648037208e-23, "var": 0.000103131860669}, "spectral_energyband_middle_high": {"dmean": 0.00197641295381, "dmean2": 0.00300445104949, "dvar": 2.30363912124e-05, "dvar2": 5.35462604603e-05, "max": 0.191790893674, "mean": 0.00580133870244, "median": 0.00285013951361, "min": 1.20786837613e-21, "var": 7.19639356248e-05}, "spectral_energyband_middle_low": {"dmean": 0.00320826144889, "dmean2": 0.00481637287885, "dvar": 3.9525963075e-05, "dvar2": 8.77034108271e-05, "max": 0.13248051703, "mean": 0.00734958332032, "median": 0.00434838235378, "min": 1.93339458015e-22, "var": 0.000105267106846}, "spectral_entropy": {"dmean": 0.121405236423, "dmean2": 0.18215854466, "dvar": 0.0197213701904, "dvar2": 0.0403457097709, "max": 9.81808185577, "mean": 7.5023317337, "median": 7.62968254089, "min": 4.03688192368, "var": 0.457789987326}, "spectral_flux": {"dmean": 0.0204835422337, "dmean2": 0.0319792553782, "dvar": 0.00062016810989, "dvar2": 0.00145455240272, "max": 0.42196264863, "mean": 0.0668341889977, "median": 0.0575972497463, "min": 6.48513395762e-11, "var": 0.002313074423}, "spectral_kurtosis": {"dmean": 1.71079456806, "dmean2": 2.97304439545, "dvar": 6.78550052643, "dvar2": 19.6541900635, "max": 65.4830703735, "mean": 4.89842987061, "median": 3.07921361923, "min": -1.24818074703, "var": 49.686378479}, "spectral_rms": {"dmean": 0.000674773182254, "dmean2": 0.000960278965067, "dvar": 6.80054768054e-07, "dvar2": 1.3461404933e-06, "max": 0.01475849282, "mean": 0.00395724736154, "median": 0.00392623431981, "min": 3.1516265292e-12, "var": 4.42420105173e-06}, "spectral_rolloff": {"dmean": 465.473052979, "dmean2": 768.632446289, "dvar": 640215, "dvar2": 1373375.25, "max": 21404.0039063, "mean": 2046.08056641, "median": 1485.79101563, "min": 21.533203125, "var": 6267772.5}, "spectral_skewness": {"dmean": 0.213166430593, "dmean2": 0.357632994652, "dvar": 0.0628722012043, "dvar2": 0.181090340018, "max": 5.61353302002, "mean": 1.20605921745, "median": 1.07011222839, "min": -0.0612527839839, "var": 0.417853087187}, "spectral_spread": {"dmean": 285907.90625, "dmean2": 432047.3125, "dvar": 300150489088, "dvar2": 588168757248, "max": 42386928, "mean"