{"lowlevel": {"average_loudness": 0.490481823683, "barkbands": {"dmean": [0.000689605192747, 0.00223528058268, 0.00180338986684, 0.000834517122712, 0.00205034087412, 0.00186026189476, 0.000965371087659, 0.000547462666873, 0.000441215001047, 0.000593373901211, 0.000330307753757, 0.000170061204699, 0.000110788256279, 0.000132651097374, 9.34183990466e-05, 6.57068085275e-05, 5.5959502788e-05, 7.94843654148e-05, 8.6152649601e-05, 0.00013064435916, 3.65963896911e-05, 3.26080953528e-05, 4.4827178499e-05, 5.65636173633e-06, 1.76754781478e-06, 3.49889269273e-05, 0.000259169872152], "dmean2": [0.00114298716653, 0.00356340012513, 0.00269333389588, 0.0013891904382, 0.00322614284232, 0.00291601405479, 0.00160580838565, 0.000884508539457, 0.00072581396671, 0.000962255639024, 0.000540860404726, 0.000268743460765, 0.000177528621862, 0.000213608233025, 0.000147913466208, 0.000100800934888, 8.55976977618e-05, 0.000119998294394, 0.000127479346702, 0.000190285791177, 5.33083075425e-05, 4.81120114273e-05, 6.73041431583e-05, 9.19762078411e-06, 2.95957647722e-06, 5.32054764335e-05, 0.000361111364327], "dvar": [1.36083792768e-06, 1.59974806593e-05, 2.00921658688e-05, 5.45952843822e-06, 3.52631723217e-05, 5.5411575886e-05, 1.05993376565e-05, 4.41756492364e-06, 1.21752157156e-06, 1.95686311599e-06, 7.3583601079e-07, 2.45239476726e-07, 7.63628662526e-08, 1.19996641956e-07, 5.24085095321e-08, 3.30107923219e-08, 2.45456046599e-08, 6.25366780582e-08, 1.54607846525e-07, 1.34357136972e-07, 1.86279951464e-08, 9.71974323249e-09, 1.65435025679e-08, 2.7251104151e-10, 1.68673131018e-11, 1.06206377026e-08, 3.43325751828e-07], "dvar2": [3.28540795635e-06, 3.67803404515e-05, 4.04279162467e-05, 1.41257905852e-05, 8.40013308334e-05, 0.000141827724292, 2.86930444418e-05, 1.04343407656e-05, 3.26525560013e-06, 5.07837603436e-06, 1.95265829461e-06, 6.26074324828e-07, 1.92237536112e-07, 2.96648721587e-07, 1.26783248788e-07, 8.13332974303e-08, 5.10505948625e-08, 1.31220943445e-07, 3.0008030194e-07, 2.85621837293e-07, 3.83127343184e-08, 2.11364952207e-08, 3.635483381e-08, 6.88051671194e-10, 4.39822345211e-11, 2.41242013033e-08, 6.95275105045e-07], "max": [0.0196332428604, 0.0765834823251, 0.0925694406033, 0.0800529718399, 0.130792051554, 0.206067740917, 0.105164147913, 0.0707614123821, 0.02639015764, 0.0404925383627, 0.0178654063493, 0.0135123152286, 0.0112361693755, 0.0123250689358, 0.00598149001598, 0.00502129783854, 0.0047203861177, 0.0096817817539, 0.0162231940776, 0.0091846017167, 0.00501807266846, 0.00280813197605, 0.0015176020097, 0.000471191917313, 6.14247037447e-05, 0.001100753434, 0.00675939256325], "mean": [0.00105980783701, 0.00350042129867, 0.00274208653718, 0.00100704049692, 0.00301169860177, 0.00272065470926, 0.00146102602594, 0.000801402435172, 0.000672569265589, 0.00086141936481, 0.000460988725536, 0.000257623731159, 0.000171010426129, 0.000210522543057, 0.000152218926814, 0.000115611088404, 9.71194385784e-05, 0.000122585275676, 0.000138412928209, 0.000169057602761, 5.28415803274e-05, 4.05826322094e-05, 4.7340792662e-05, 5.59182262805e-06, 1.64368861988e-06, 3.54895892087e-05, 0.000378466385882], "median": [0.000540965178516, 0.00145131023601, 0.000572075950913, 0.000299328414258, 0.000573235214688, 0.000217763590626, 0.00018980402092, 0.00011587960762, 0.000124833168229, 0.000204211391974, 7.75631706347e-05, 5.13625855092e-05, 4.1327020881e-05, 4.78767906316e-05, 4.22816956416e-05, 2.67531213467e-05, 2.07506927836e-05, 2.33752907661e-05, 2.30533951253e-05, 2.48877786362e-05, 9.64617902355e-06, 7.39360893931e-06, 5.72165299673e-06, 9.50531102717e-07, 3.83054896247e-07, 4.49984645456e-06, 0.00012725617853], "min": [5.26969635702e-25, 1.05320671545e-24, 2.29375088607e-25, 7.97934186138e-25, 1.06090440044e-23, 8.32715812867e-24, 7.81574275926e-24, 9.19299608102e-24, 1.91929526919e-23, 1.24873368081e-23, 2.21526262796e-23, 2.42251847587e-23, 3.9825087442e-23, 1.88616358448e-23, 5.00159681134e-23, 7.28465461882e-23, 6.74578688991e-23, 7.93589589922e-23, 1.05098278639e-22, 1.69729191909e-22, 2.50694265394e-22, 2.84574995614e-22, 4.21186822224e-22, 5.5912269822e-22, 8.64699291589e-22, 1.37152422259e-21, 1.96445318257e-21], "var": [2.15150635086e-06, 3.3010423067e-05, 4.65452612843e-05, 7.30415513317e-06, 6.1645754613e-05, 9.0229412308e-05, 1.89355996554e-05, 7.76494016463e-06, 2.33241780734e-06, 3.46436377185e-06, 1.29669808757e-06, 4.31938758538e-07, 1.58987475629e-07, 2.79382959434e-07, 1.07003423011e-07, 7.09936784915e-08, 6.33407069017e-08, 1.38093625424e-07, 3.92101782154e-07, 2.50957555181e-07, 4.12041458731e-08, 1.36235644987e-08, 1.89382642901e-08, 2.44565923069e-10, 1.48824095408e-11, 1.13191340745e-08, 5.27573376985e-07]}, "barkbands_crest": {"dmean": 3.11065483093, "dmean2": 5.04923439026, "dvar": 6.90935611725, "dvar2": 17.3057022095, "max": 25.6487026215, "mean": 11.0297966003, "median": 10.3229808807, "min": 2.60851407051, "var": 19.7358779907}, "barkbands_flatness_db": {"dmean": 0.0294749774039, "dmean2": 0.0446515418589, "dvar": 0.000677871110383, "dvar2": 0.00156081130262, "max": 0.476788878441, "mean": 0.153136953712, "median": 0.147704020143, "min": 0.034963209182, "var": 0.00299611012451}, "barkbands_kurtosis": {"dmean": 8.40880775452, "dmean2": 13.0852651596, "dvar": 269.622650146, "dvar2": 609.997070312, "max": 577.852233887, "mean": 14.9029340744, "median": 7.4218583107, "min": -1.82578194141, "var": 733.099975586}, "barkbands_skewness": {"dmean": 0.83858448267, "dmean2": 1.28031933308, "dvar": 0.801884353161, "dvar2": 1.79397821426, "max": 17.9071292877, "mean": 2.65520191193, "median": 2.31354904175, "min": -2.10653066635, "var": 3.49857115746}, "barkbands_spread": {"dmean": 9.21125221252, "dmean2": 13.7628135681, "dvar": 146.74647522, "dvar2": 298.217254639, "max": 122.316215515, "mean": 23.4322834015, "median": 17.5478038788, "min": 0.298714101315, "var": 394.402709961}, "dissonance": {"dmean": 0.025686930865, "dmean2": 0.0434550829232, "dvar": 0.000617544283159, "dvar2": 0.00171221687924, "max": 0.500000059605, "mean": 0.456370741129, "median": 0.46400809288, "min": 0.216881066561, "var": 0.00113181048073}, "dynamic_complexity": 5.58641624451, "erbbands": {"dmean": [0.0840001925826, 0.474686801434, 1.87973403931, 2.35800623894, 4.38611412048, 7.84106254578, 9.3225107193, 18.218996048, 14.8585557938, 13.3711471558, 9.80427932739, 10.1237916946, 13.7419815063, 17.9906044006, 11.0753383636, 6.40983867645, 4.97983503342, 6.26871919632, 5.47476577759, 3.88547897339, 3.37328147888, 2.84859418869, 3.64542770386, 5.11823940277, 4.7815413475, 6.43298006058, 1.9604640007, 1.30489361286, 1.22057199478, 1.88006126881, 0.793087422848, 0.135603442788, 0.0949526056647, 0.0284485090524, 0.0101830279455, 0.0281125716865, 0.0409639924765, 0.0869504660368, 0.0381452105939, 0.00549460295588], "dmean2": [0.135472342372, 0.74892771244, 2.79058885574, 3.78148293495, 7.07378911972, 12.5740365982, 14.5761089325, 28.6120014191, 24.3805961609, 21.8215026855, 16.1447563171, 16.7134189606, 22.5397167206, 29.1888847351, 17.8375720978, 9.94982433319, 7.91038227081, 9.88252735138, 8.73182296753, 5.95950841904, 5.10983848572, 4.21399879456, 5.36069107056, 7.71305608749, 6.66230535507, 9.41656970978, 2.78676533699, 1.91837048531, 1.81021761894, 2.78720021248, 1.20320641994, 0.212426573038, 0.1555223912, 0.0470695011318, 0.0167144462466, 0.0462475158274, 0.0621243230999, 0.12838113308, 0.0544472374022, 0.00737513322383], "dvar": [0.0190072860569, 0.862445890903, 20.9977397919, 28.0703048706, 179.751144409, 629.299133301, 1221.44091797, 6082.26757812, 2986.00561523, 2108.75756836, 1254.20458984, 705.538024902, 1488.22399902, 1708.60510254, 974.732727051, 359.686828613, 146.304473877, 276.301147461, 223.27796936, 96.4438323975, 91.3559646606, 65.3021316528, 144.656280518, 428.177947998, 317.863189697, 320.835327148, 47.359954834, 21.742767334, 14.8754253387, 27.4119052887, 5.00391721725, 0.161243960261, 0.0801674649119, 0.00547933857888, 0.000373230519472, 0.00818082038313, 0.0141042759642, 0.0572891868651, 0.00911911670119, 0.000109394532046], "dvar2": [0.0443018823862, 2.00161886215, 42.1040382385, 70.7031707764, 450.097991943, 1525.62231445, 2982.87548828, 15513.8330078, 7849.63134766, 5918.92773438, 3161.31445312, 1911.90917969, 3959.61523438, 4567.38476562, 2502.17163086, 889.130065918, 363.686096191, 646.503417969, 550.913818359, 223.828872681, 222.893249512, 126.72051239, 302.686523438, 909.865356445, 578.321594238, 686.171508789, 92.2878112793, 44.8903198242, 33.2597808838, 59.8921508789, 11.2327537537, 0.39870211482, 0.200813651085, 0.0139995990321, 0.000934539770242, 0.02052847296, 0.0319371931255, 0.123566225171, 0.0192753430456, 0.000210675862036], "max": [2.31721806526, 18.1460514069, 97.0485992432, 121.68561554, 439.025512695, 535.157531738, 1277.62585449, 2062.1784668, 1711.46130371, 1212.44165039, 1178.62634277, 738.269775391, 1519.2923584, 973.729492188, 907.450256348, 625.547546387, 407.445251465, 647.773010254, 583.011291504, 291.308807373, 355.779754639, 252.416046143, 555.810119629, 806.860595703, 795.657470703, 447.807739258, 264.882965088, 148.148239136, 108.614143372, 62.4482879639, 26.8912582397, 14.6513195038, 4.02092409134, 1.07709670067, 0.352313637733, 1.07286572456, 2.76463484764, 2.79015088081, 1.08457767963, 0.119467012584], "mean": [0.120127148926, 0.747503697872, 2.96615052223, 3.2799680233, 6.0967912674, 10.8186864853, 13.6049480438, 26.3031330109, 22.8252601624, 21.4827480316, 15.3141117096, 15.6689586639, 21.1502628326, 27.0352535248, 16.9144706726, 10.4597291946, 8.2655210495, 10.487200737, 9.23501873016, 7.19087171555, 6.18903970718, 5.31231880188, 6.06304693222, 7.90323257446, 7.29097986221, 8.25298881531, 2.92698550224, 1.83520483971, 1.52512776852, 2.05193901062, 0.842379808426, 0.146347314119, 0.0895100533962, 0.0266456566751, 0.010404387489, 0.025180703029, 0.0429686307907, 0.0934088900685, 0.0475744716823, 0.0108272461221], "median": [0.0509040951729, 0.27013528347, 0.710997581482, 1.11554038525, 1.51595425606, 1.84312438965, 1.69119310379, 1.93128347397, 2.50962162018, 3.05213594437, 2.76051139832, 3.02608680725, 4.39303636551, 6.86567974091, 3.44518470764, 2.28501987457, 2.13922452927, 2.47223186493, 2.58027696609, 2.03353786469, 1.46717357635, 1.19098556042, 1.18669700623, 1.4657638073, 1.18438351154, 1.21008682251, 0.549959301949, 0.365282535553, 0.281011819839, 0.274039506912, 0.119628876448, 0.0281104557216, 0.0139131117612, 0.00548757519573, 0.00297670671716, 0.0038035758771, 0.00673249410465, 0.0126809943467, 0.00961828418076, 0.00543209165335], "min": [6.01032934361e-23, 1.7814421731e-22, 1.75615937041e-21, 6.06422505272e-21, 1.3832928459e-20, 2.08259198199e-20, 5.33135062326e-20, 5.30726124974e-20, 8.5271173603e-20, 1.59733797862e-19, 2.82966441737e-19, 5.17010216722e-19, 4.69391134918e-19, 6.45231948763e-19, 1.12179101728e-18, 1.46933519094e-18, 1.83567714743e-18, 1.51159150574e-18, 2.5694996745e-18, 2.67539595691e-18, 4.14346101202e-18, 4.21777533184e-18, 5.73916603271e-18, 6.53128576782e-18, 7.91796555644e-18, 9.01717361242e-18, 9.17967820684e-18, 9.99205807669e-18, 9.70865359112e-18, 1.00473964597e-17, 1.19062830543e-17, 1.2470680794e-17, 8.29332688353e-18, 7.76739386954e-18, 6.1972603103e-18, 4.31984817866e-18, 2.38805574598e-18, 9.45752197074e-19, 2.32726102119e-19, 2.5732596886e-20], "var": [0.0336023233831, 1.80539059639, 49.704788208, 42.275478363, 284.207733154, 974.060241699, 1951.94311523, 9853.26367188, 5107.42626953, 4436.61132812, 2265.60058594, 1298.57397461, 2715.47949219, 2880.51220703, 1796.44458008, 701.241516113, 340.698242188, 593.987792969, 484.907043457, 219.969726562, 204.706710815, 190.658859253, 332.521118164, 937.344726562, 856.450744629, 569.65032959, 123.758811951, 41.6699829102, 20.2394981384, 32.5723876953, 5.59873723984, 0.155906021595, 0.0701593011618, 0.00474646640942, 0.000410531269154, 0.00676934421062, 0.0150254499167, 0.067362241447, 0.0124823022634, 0.000224655348575]}, "erbbands_crest": {"dmean": 3.06555438042, "dmean2": 4.99228715897, "dvar": 7.34029579163, "dvar2": 18.6471252441, "max": 30.1411209106, "mean": 9.76490592957, "median": 8.7907075882, "min": 2.14565372467, "var": 19.1566143036}, "erbbands_flatness_db": {"dmean": 0.0245088487864, "dmean2": 0.0367582067847, "dvar": 0.000452675914858, "dvar2": 0.00100019841921, "max": 0.406765341759, "mean": 0.143278986216, "median": 0.138522177935, "min": 0.0283308438957, "var": 0.00229059089907}, "erbbands_kurtosis": {"dmean": 1.59520089626, "dmean2": 2.48918008804, "dvar": 5.6257109642, "dvar2": 12.6405267715, "max": 98.293548584, "mean": 1.56567907333, "median": 0.579437255859, "min": -1.80946469307, "var": 13.5184192657}, "erbbands_skewness": {"dmean": 0.473420232534, "dmean2": 0.715148806572, "dvar": 0.191993892193, "dvar2": 0.426525294781, "max": 8.54944229126, "mean": 0.521136283875, "median": 0.501693487167, "min": -3.78710603714, "var": 0.913736402988}, "erbbands_spread": {"dmean": 9.40858745575, "dmean2": 14.0996952057, "dvar": 93.9251174927, "dvar2": 200.214981079, "max": 128.814315796, "mean": 33.9015731812, "median": 29.5777320862, "min": 0.688431322575, "var": 403.852416992}, "gfcc": {"cov": [[23292.0683594, 770.936096191, -1796.75695801, 32.1598396301, -121.321647644, -817.84576416, 258.017822266, -365.878845215, 61.7193489075, -116.998825073, -6.9199461937, 142.071014404, -137.981170654], [770.936096191, 1213.45117188, -96.0891189575, -470.566558838, 15.1820802689, 50.2521362305, -99.9544525146, -52.3122215271, 14.4062252045, -17.8878898621, 17.7268791199, -63.7704124451, 144.553665161], [-1796.75695801, -96.0891189575, 664.91796875, 244.585037231, 34.6350479126, 183.84437561, 33.7895431519, 87.0189590454, -40.8012428284, 23.3503799438, 22.6704120636, -24.0833950043, -42.579120636], [32.1598396301, -470.566558838, 244.585037231, 679.806213379, 157.719863892, -104.781539917, 60.435508728, -26.0581359863, -23.0718231201, 5.40033006668, -26.0570526123, 28.818731308, -121.039337158], [-121.321647644, 15.1820802689, 34.6350479126, 157.719863892, 256.272796631, 79.7437286377, 90.1424789429, -32.8291358948, 10.7909793854, -25.664730072, -2.7125389576, -17.7733078003, -4.25823259354], [-817.84576416, 50.2521362305, 183.84437561, -104.781539917, 79.7437286377, 326.127593994, 43.8161354065, 75.9046401978, -30.8174438477, 3.14986371994, 12.8868656158, -28.7881984711, 34.3718605042], [258.017822266, -99.9544525146, 33.7895431519, 60.435508728, 90.1424789429, 43.8161354065, 316.507781982, 42.3203697205, 75.7281417847, -19.2752151489, 16.0235652924, 15.8446731567, -47.3427658081], [-365.878845215, -52.3122215271, 87.0189590454, -26.0581359863, -32.8291358948, 75.9046401978, 42.3203697205, 159.945053101, 44.683719635, 31.9759063721, 15.9490365982, -13.6770629883, 14.5069046021], [61.7193489075, 14.4062252045, -40.8012428284, -23.0718231201, 10.7909793854, -30.8174438477, 75.7281417847, 44.683719635, 122.80846405, 42.2560844421, 9.84620761871, 3.00774645805, -15.5683803558], [-116.998825073, -17.8878898621, 23.3503799438, 5.40033006668, -25.664730072, 3.14986371994, -19.2752151489, 31.9759063721, 42.2560844421, 85.2952575684, 41.0406341553, 8.70935440063, -1.19190704823], [-6.9199461937, 17.7268791199, 22.6704120636, -26.0570526123, -2.7125389576, 12.8868656158, 16.0235652924, 15.9490365982, 9.84620761871, 41.0406341553, 81.1261520386, 38.1236495972, 3.71669530869], [142.071014404, -63.7704124451, -24.0833950043, 28.818731308, -17.7733078003, -28.7881984711, 15.8446731567, -13.6770629883, 3.00774645805, 8.70935440063, 38.1236495972, 76.8505554199, 8.49220085144], [-137.981170654, 144.553665161, -42.579120636, -121.039337158, -4.25823259354, 34.3718605042, -47.3427658081, 14.5069046021, -15.5683803558, -1.19190704823, 3.71669530869, 8.49220085144, 107.140350342]], "icov": [[7.06232167431e-05, -0.000131185079226, 0.000292841577902, -0.000252366211498, 0.000247733434662, -9.21990867937e-05, -0.000129523148644, 3.08503549604e-05, 4.20862488681e-05, 0.000101248071587, -0.000177744368557, 6.75705887261e-05, 8.52879529702e-05], [-0.000131185079226, 0.00180675508454, -0.00109086045995, 0.00165533437394, -0.00124640180729, 0.000784047180787, 0.000580020365305, 0.000851620046888, -0.000866131158546, 0.000387702835724, -0.000648178393021, 0.00129738415126, -0.00153204076923], [0.000292841577902, -0.00109086045995, 0.00462153367698, -0.00435654679313, 0.00416694069281, -0.00376307964325, -0.000547987001482, 0.00042686163215, -0.00111139903311, 0.00261951168068, -0.00441724201664, 0.00336150662042, -0.000408767693443], [-0.000252366211498, 0.00165533437394, -0.00435654679313, 0.00947546493262, -0.00980325043201, 0.00690852571279, 0.000246331852395, -0.00409070216119, 0.00730811944231, -0.00876685231924, 0.01058925502, -0.00871850643307, 0.00575983058661], [0.000247733434662, -0.00124640180729, 0.00416694069281, -0.00980325043201, 0.0159762948751, -0.00890285242349, -0.00143714551814, 0.00772450258955, -0.0101400837302, 0.0115160401911, -0.0131887644529, 0.0119777778164, -0.00744533818215], [-9.21990867937e-05, 0.000784047180787, -0.00376307964325, 0.00690852571279, -0.00890285242349, 0.0104597583413, -0.000992399640381, -0.00570289418101, 0.00877094920725, -0.00808640569448, 0.00797798577696, -0.00562826916575, 0.00311076664366], [-0.000129523148644, 0.000580020365305, -0.000547987001482, 0.000246331852395, -0.00143714551814, -0.000992399640381, 0.006053279154, -0.000806270865723, -0.00504341674969, 0.00514503475279, -0.00242829811759, -0.00100179039873, 0.00164439284708], [3.08503549604e-05, 0.000851620046888, 0.00042686163215, -0.00409070216119, 0.00772450258955, -0.00570289418101, -0.000806270865723, 0.0142833031714, -0.00990577694029, 0.00543142529204, -0.00884505081922, 0.0096704158932, -0.00755332829431], [4.20862488681e-05, -0.000866131158546, -0.00111139903311, 0.00730811944231, -0.0101400837302, 0.00877094920725, -0.00504341674969, -0.00990577694029, 0.0262224171311, -0.0206089876592, 0.0162577908486, -0.0114021142945, 0.00885397195816], [0.000101248071587, 0.000387702835724, 0.00261951168068, -0.00876685231924, 0.0115160401911, -0.00808640569448, 0.00514503475279, 0.00543142529204, -0.0206089876592, 0.0358472019434, -0.0260343253613, 0.0142696844414, -0.00748963933438], [-0.000177744368557, -0.000648178393021, -0.00441724201664, 0.01058925502, -0.0131887644529, 0.00797798577696, -0.00242829811759, -0.00884505081922, 0.0162577908486, -0.0260343253613, 0.0403213761747, -0.025558559224, 0.0105939665809], [6.75705887261e-05, 0.00129738415126, 0.00336150662042, -0.00871850643307, 0.0119777778164, -0.00562826916575, -0.00100179039873, 0.0096704158932, -0.0114021142945, 0.0142696844414, -0.025558559224, 0.0338139645755, -0.0129390414804], [8.52879529702e-05, -0.00153204076923, -0.000408767693443, 0.00575983058661, -0.00744533818215, 0.00311076664366, 0.00164439284708, -0.00755332829431, 0.00885397195816, -0.00748963933438, 0.0105939665809, -0.0129390414804, 0.0201717782766]], "mean": [-76.0617828369, 91.1348724365, -75.5113449097, -0.572419643402, -19.4960212708, -19.5397853851, 3.79092264175, -17.2052497864, -2.2704436779, -10.9781579971, -7.03798103333, -1.4784321785, -9.36401367188]}, "hfc": {"dmean": 46.6324729919, "dmean2": 62.3954620361, "dvar": 10600.2001953, "dvar2": 16848.9316406, "max": 2296.29711914, "mean": 112.682563782, "median": 56.3908729553, "min": 1.07806217623e-16, "var": 34845.0976562}, "melbands": {"dmean": [0.00066839507781, 0.000828748452477, 0.000439707364421, 0.000443669967353, 0.000330570561346, 0.000388878630474, 0.000226466640015, 0.000140953212394, 7.91737693362e-05, 6.44267202006e-05, 7.09118103259e-05, 7.67577657825e-05, 4.22685188823e-05, 2.20660858758e-05, 1.23060508486e-05, 1.11108738565e-05, 1.27759894895e-05, 9.62234935287e-06, 6.86042903908e-06, 4.90024240207e-06, 4.09809445046e-06, 3.20704157275e-06, 2.94647452392e-06, 4.21350841862e-06, 4.42110285803e-06, 3.10917198476e-06, 5.03691126141e-06, 4.1027565203e-06, 1.26293389258e-06, 9.01849432466e-07, 7.45984152672e-07, 7.2722036748e-07, 6.06295316175e-07, 1.34469519253e-06, 5.69385520066e-07, 1.12159490584e-07, 6.3331533795e-08, 6.26274925253e-08, 6.33359249491e-08, 1.27284156548e-08], "dmean2": [0.00107152655255, 0.0012388828909, 0.000698465446476, 0.00071238639066, 0.000514568993822, 0.000610714952927, 0.000373052607756, 0.000227412980166, 0.000131192427943, 0.000105991806777, 0.000116480812721, 0.000124538040836, 6.89436055836e-05, 3.50958398485e-05, 1.92202678591e-05, 1.78356058314e-05, 2.04624011531e-05, 1.55473335326e-05, 1.0888318684e-05, 7.57505085858e-06, 6.38868732494e-06, 4.94272671858e-06, 4.48408036391e-06, 6.3857933128e-06, 6.79495224176e-06, 4.5409183258e-06, 7.52683808969e-06, 6.05209970672e-06, 1.83762256256e-06, 1.33066566832e-06, 1.11983297302e-06, 1.09560471628e-06, 9.05914589566e-07, 2.0194490844e-06, 8.78285220551e-07, 1.75626155396e-07, 1.02887064202e-07, 1.02928481738e-07, 1.05624749835e-07, 2.11078532431e-08], "dvar": [1.27647547288e-06, 3.4172908272e-06, 1.0633165175e-06, 1.69144357187e-06, 1.37916003951e-06, 2.69180281975e-06, 6.62760328396e-07, 2.43411761858e-07, 7.47179456084e-08, 2.79429865913e-08, 3.91847159165e-08, 3.15148476204e-08, 1.32631328142e-08, 4.04068956072e-09, 1.1210710138e-09, 8.34048496934e-10, 1.21319587709e-09, 7.87845677586e-10, 2.95136248774e-10, 1.8236909205e-10, 1.61567911827e-10, 8.49703571393e-11, 1.06483280526e-10, 1.772886421e-10, 3.61203400523e-10, 2.15089501765e-10, 2.29298482979e-10, 1.31931951475e-10, 2.36008070725e-11, 1.20149836261e-11, 6.61726923257e-12, 5.81908870048e-12, 2.95359353294e-12, 1.5539953005e-11, 2.74442014253e-12, 1.2015517433e-13, 3.48351921853e-14, 3.34801393694e-14, 4.64056215872e-14, 6.49655265242e-16], "dvar2": [2.89431636702e-06, 7.11872371539e-06, 2.66895790446e-06, 4.18281888415e-06, 3.30619445776e-06, 6.91580044077e-06, 1.76753519554e-06, 6.54955897517e-07, 1.94522158381e-07, 7.4484852064e-08, 1.03601536239e-07, 8.3887975677e-08, 3.48223210267e-08, 1.04285229341e-08, 2.75909228797e-09, 2.09445683019e-09, 2.86889356715e-09, 1.96874405667e-09, 7.12332914876e-10, 4.39691505427e-10, 4.17019890842e-10, 1.81680712141e-10, 2.39155056869e-10, 3.92568727525e-10, 8.24174339886e-10, 4.04869970883e-10, 4.99662922149e-10, 2.87878498817e-10, 4.74914448045e-11, 2.48043582202e-11, 1.39531433282e-11, 1.3213934287e-11, 6.55702879146e-12, 3.4388259601e-11, 6.35360557569e-12, 2.90374901858e-13, 8.96042951209e-14, 8.47248703487e-14, 1.18778915197e-13, 1.63950204375e-15], "max": [0.0195817053318, 0.0366508252919, 0.0300012622029, 0.0304490644485, 0.0409022532403, 0.046335209161, 0.0248921904713, 0.0150213055313, 0.00877177808434, 0.00462886411697, 0.00763425976038, 0.0040215132758, 0.00281822332181, 0.00181693944614, 0.0018092317041, 0.00100405293051, 0.00143563130405, 0.00125681352802, 0.000523981347214, 0.000449690240202, 0.000510617101099, 0.000252162339166, 0.000446490681497, 0.000489649304654, 0.000737489026506, 0.000681157573126, 0.000420395226683, 0.000320119957905, 0.000191123079276, 0.000115253009426, 7.94365550973e-05, 7.35693101888e-05, 4.03255871788e-05, 4.80223461636e-05, 2.21994123422e-05, 1.25946362459e-05, 6.39618883724e-06, 2.6380178042e-06, 2.90312550533e-06, 4.58385727597e-07], "mean": [0.00107532110997, 0.00136034714524, 0.000649555702694, 0.000627199246082, 0.000488660123665, 0.000566034170333, 0.000349253154127, 0.000224940609769, 0.0001191067131, 9.7416646895e-05, 0.000106168321508, 0.000112599424028, 6.15364333498e-05, 3.31494884449e-05, 1.96710789169e-05, 1.74022497959e-05, 2.00581744139e-05, 1.52151360453e-05, 1.11818062578e-05, 8.62679735292e-06, 6.90440811013e-06, 5.5203258853e-06, 4.96209759149e-06, 6.16620945948e-06, 6.49088042337e-06, 4.86936824018e-06, 6.47099932394e-06, 5.10806330567e-06, 1.84664804692e-06, 1.23576603528e-06, 1.00336819742e-06, 8.93144829206e-07, 7.10923359293e-07, 1.41226666983e-06, 5.86286262205e-07, 1.19933872611e-07, 6.51342233482e-08, 5.99130842716e-08, 5.43361871053e-08, 1.24146746217e-08], "median": [0.000519808381796, 0.000409477768699, 0.000225790659897, 0.000127397826873, 6.56008633086e-05, 4.40713920398e-05, 3.92078945879e-05, 3.12452975777e-05, 2.1213078071e-05, 1.80522911251e-05, 2.10781036003e-05, 2.76575628959e-05, 1.1365626051e-05, 6.30843987892e-06, 4.51157438874e-06, 4.19235357185e-06, 4.1904659156e-06, 3.88780017602e-06, 3.04455033984e-06, 2.02450200959e-06, 1.49911988956e-06, 1.20431514006e-06, 8.91752733878e-07, 1.16893011182e-06, 1.13608462016e-06, 7.44869282698e-07, 8.88274257704e-07, 7.36904610221e-07, 3.09644491381e-07, 2.1360428093e-07, 1.96847537381e-07, 1.62407786775e-07, 1.1856883475e-07, 1.57270491741e-07, 7.61442180419e-08, 2.27412080278e-08, 1.20792975622e-08, 9.62765689394e-09, 7.06631730907e-09, 3.21309268081e-09], "min": [4.32003749615e-25, 1.07804183168e-24, 1.88151470884e-24, 1.34322373586e-24, 1.8982951608e-24, 1.23403108847e-24, 1.57359143335e-24, 1.80406257023e-24, 1.99756738927e-24, 2.41790580894e-24, 2.22105010599e-24, 2.21528353278e-24, 3.22169965388e-24, 2.83931491008e-24, 2.47004734541e-24, 3.48586944952e-24, 2.08263006346e-24, 3.27061396039e-24, 4.06681186367e-24, 3.60384083688e-24, 3.66197396914e-24, 4.17968208199e-24, 3.03464160338e-24, 3.78187569914e-24, 4.8728734865e-24, 5.06001140917e-24, 4.6537042612e-24, 4.67418230144e-24, 4.52678916333e-24, 4.63861887411e-24, 4.99434899401e-24, 5.52837508911e-24, 4.88663555942e-24, 5.29800206681e-24, 5.77228062581e-24, 6.26390702499e-24, 6.34267596967e-24, 4.89947624281e-24, 6.25930481047e-24, 5.07799073249e-24], "var": [2.66241818281e-06, 7.93435356172e-06, 1.71881481492e-06, 2.65637072516e-06, 2.28839849115e-06, 4.36816117144e-06, 1.15262616873e-06, 5.19211596384e-07, 1.29184002162e-07, 5.15836546811e-08, 7.04594356193e-08, 5.21676959409e-08, 2.38607302805e-08, 6.92627777354e-09, 2.5802049386e-09, 1.69393388205e-09, 2.3525721371e-09, 1.6407045722e-09, 5.97357219245e-10, 3.82546383459e-10, 2.97774055413e-10, 2.09845030241e-10, 2.25415824895e-10, 3.5715744251e-10, 6.90014267946e-10, 5.40946787364e-10, 4.3060044419e-10, 2.2053810167e-10, 5.98085678205e-11, 2.37068472492e-11, 1.18212601166e-11, 7.54987305313e-12, 3.91641710382e-12, 1.75900370658e-11, 2.90119143986e-12, 1.18293572095e-13, 3.17654905743e-14, 2.95811518455e-14, 3.65904341874e-14, 6.74010850608e-16]}, "melbands_crest": {"dmean": 4.16821146011, "dmean2": 6.86542129517, "dvar": 12.1477880478, "dvar2": 31.6057472229, "max": 37.1719551086, "mean": 16.2889900208, "median": 15.734210968, "min": 1.60903012753, "var": 37.6335601807}, "melbands_flatness_db": {"dmean": 0.0372923649848, "dmean2": 0.056055419147, "dvar": 0.00106722093187, "dvar2": 0.00240763882175, "max": 0.659742891788, "mean": 0.263577729464, "median": 0.261914521456, "min": 0.00254280189984, "var": 0.0055904132314}, "melbands_kurtosis": {"dmean": 12.361782074, "dmean2": 19.4456539154, "dvar": 522.295959473, "dvar2": 1227.70690918, "max": 657.93737793, "mean": 22.3361568451, "median": 10.0687198639, "min": -1.88969004154, "var": 1270.015625}, "melbands_skewness": {"dmean": 0.986017227173, "dmean2": 1.52540409565, "dvar": 1.06684565544, "dvar2": 2.42509841919, "max": 17.8366298676, "mean": 3.08440637589, "median": 2.61429357529, "min": -4.48256206512, "var": 5.03281736374}, "melbands_spread": {"dmean": 6.04327535629, "dmean2": 9.30537223816, "dvar": 108.063529968, "dvar2": 236.782485962, "max": 200.41494751, "mean": 16.3266429901, "median": 11.3064031601, "min": 0.27340143919, "var": 378.32321167}, "mfcc": {"cov": [[12896.4599609, 943.743408203, -1491.04663086, 724.699035645, -635.54107666, 22.9439373016, -417.45791626, 109.450965881, -345.677124023, 106.89415741, -69.9329833984, -191.79208374, 14.455827713], [943.743408203, 1634.98754883, -107.837051392, -440.180847168, -8.07968711853, -20.0807228088, -9.49829387665, -72.9643630981, 77.9781417847, -64.6753768921, -15.7630090714, -24.0742492676, -10.4875669479], [-1491.04663086, -107.837051392, 620.979064941, 19.0398464203, 117.483520508, 14.8743753433, 113.429748535, 19.9734840393, 13.1647453308, 25.5981025696, 31.8835735321, 30.4008636475, 25.9806251526], [724.699035645, -440.180847168, 19.0398464203, 739.716552734, 32.3325958252, 85.7864532471, -19.8548736572, 56.7515411377, -77.1351776123, 39.1799545288, 25.7495155334, -39.121635437, 4.682035923], [-635.54107666, -8.07968711853, 117.483520508, 32.3325958252, 253.462402344, 73.0133666992, 53.7225952148, -31.7367229462, 18.2824382782, -40.9780235291, -4.17426395416, 14.9379863739, -22.8344497681], [22.9439373016, -20.0807228088, 14.8743753433, 85.7864532471, 73.0133666992, 202.204376221, 100.176467896, 61.2433166504, 3.17896461487, 12.2723407745, -6.85634756088, 8.06794548035, 18.7944259644], [-417.45791626, -9.49829387665, 113.429748535, -19.8548736572, 53.7225952148, 100.176467896, 186.742645264, 90.0593795776, 38.4309806824, 16.7214050293, 4.56839799881, 17.1804180145, 41.1969413757], [109.450965881, -72.9643630981, 19.9734840393, 56.7515411377, -31.7367229462, 61.2433166504, 90.0593795776, 153.010772705, 37.1084671021, 59.9462585449, 5.65778160095, 3.13332605362, 48.1571426392], [-345.677124023, 77.9781417847, 13.1647453308, -77.1351776123, 18.2824382782, 3.17896461487, 38.4309806824, 37.1084671021, 135.337219238, 35.3276329041, 10.6356573105, 17.1600265503, -5.50744962692], [106.89415741, -64.6753768921, 25.5981025696, 39.1799545288, -40.9780235291, 12.2723407745, 16.7214050293, 59.9462585449, 35.3276329041, 121.359291077, 44.0553665161, 9.07728767395, 38.0362319946], [-69.9329833984, -15.7630090714, 31.8835735321, 25.7495155334, -4.17426395416, -6.85634756088, 4.56839799881, 5.65778160095, 10.6356573105, 44.0553665161, 73.4583816528, 29.1698131561, 12.6344127655], [-191.79208374, -24.0742492676, 30.4008636475, -39.121635437, 14.9379863739, 8.06794548035, 17.1804180145, 3.13332605362, 17.1600265503, 9.07728767395, 29.1698131561, 77.8980560303, 27.9855232239], [14.455827713, -10.4875669479, 25.9806251526, 4.682035923, -22.8344497681, 18.7944259644, 41.1969413757, 48.1571426392, -5.50744962692, 38.0362319946, 12.6344127655, 27.9855232239, 104.196868896]], "icov": [[0.000170643121237, -0.000179380920599, 0.000328935682774, -0.000214774248889, 0.000177890207851, -1.05905273813e-05, 0.000122534984257, -0.000234266772168, 0.000485958968056, -0.0003521910985, 0.000244182156166, -0.000132342145662, 0.000146810285514], [-0.000179380920599, 0.00100662535988, -0.000274195015663, 0.000712969864253, -0.000107905405457, -0.00038712262176, 7.3862815043e-05, 0.000563974084798, -0.00112202623859, 0.00104666571133, -0.000953743467107, 0.00109002378304, -0.000699640775565], [0.000328935682774, -0.000274195015663, 0.00278941169381, -0.000502353301272, -0.000666931155138, 0.00103604630567, -0.00155490241013, -2.01854363695e-05, 0.00142018485349, -0.00153254682664, 0.000275350466836, -0.000599068880547, 0.000306912930682], [-0.000214774248889, 0.000712969864253, -0.000502353301272, 0.00242083217017, -0.000736975111067, -0.0011028124718, 0.00122895429377, -0.000932019436732, 0.000225550626055, 0.000671030720696, -0.0019393247785, 0.00186704297084, -0.000399029144319], [0.000177890207851, -0.000107905405457, -0.000666931155138, -0.000736975111067, 0.00651552295312, -0.00237958063371, -0.00109049526509, 0.00257472903468, -0.00137050787453, 0.00166511791758, 8.52669909364e-05, -0.000775442575105, 0.000779777532443], [-1.05905273813e-05, -0.00038712262176, 0.00103604630567, -0.0011028124718, -0.00237958063371, 0.00902558956295, -0.00466005364433, -0.00129802071024, 0.00194540340453, -0.00223104120232, 0.00261730467901, -0.00208443496376, 0.00120638601948], [0.000122534984257, 7.3862815043e-05, -0.00155490241013, 0.00122895429377, -0.00109049526509, -0.00466005364433, 0.0131882447749, -0.00646185781807, -0.00158563489094, 0.0033989129588, -0.00233891163953, 0.00139767804649, -0.0027196649462], [-0.000234266772168, 0.000563974084798, -2.01854363695e-05, -0.000932019436732, 0.00257472903468, -0.00129802071024, -0.00646185781807, 0.0153865423054, -0.00357126910239, -0.00389767019078, 0.00245356722735, 0.000964154955, -0.00294426572509], [0.000485958968056, -0.00112202623859, 0.00142018485349, 0.000225550626055, -0.00137050787453, 0.00194540340453, -0.00158563489094, -0.00357126910239, 0.0128278080374, -0.00581202330068, 0.00231169350445, -0.00370162003674, 0.00459517817944], [-0.0003521910985, 0.00104666571133, -0.00153254682664, 0.000671030720696, 0.00166511791758, -0.00223104120232, 0.0033989129588, -0.00389767019078, -0.00581202330068, 0.0184013675898, -0.0109095722437, 0.00482349703088, -0.00526607222855], [0.000244182156166, -0.000953743467107, 0.000275350466836, -0.0019393247785, 8.52669909364e-05, 0.00261730467901, -0.00233891163953, 0.00245356722735, 0.00231169350445, -0.0109095722437, 0.0240544378757, -0.0100047308952, 0.00310099404305], [-0.000132342145662, 0.00109002378304, -0.000599068880547, 0.00186704297084, -0.000775442575105, -0.00208443496376, 0.00139767804649, 0.000964154955, -0.00370162003674, 0.00482349703088, -0.0100047308952, 0.0204969234765, -0.0068470579572], [0.000146810285514, -0.000699640775565, 0.000306912930682, -0.000399029144319, 0.000779777532443, 0.00120638601948, -0.0027196649462, -0.00294426572509, 0.00459517817944, -0.00526607222855, 0.00310099404305, -0.0068470579572, 0.0154653871432]], "mean": [-739.011352539, 154.572219849, -0.983503997326, 33.1431388855, -5.88065814972, 13.4391422272, 0.637942075729, 9.84156894684, -1.05278372765, 5.95847892761, -0.703609883785, -5.02045631409, 2.79908704758]}, "pitch_salience": {"dmean": 0.0800795182586, "dmean2": 0.130559176207, "dvar": 0.0047725699842, "dvar2": 0.0121428184211, "max": 0.856703996658, "mean": 0.535758078098, "median": 0.546523451805, "min": 0.106227636337, "var": 0.0150361722335}, "silence_rate_20dB": {"dmean": 0, "dmean2": 0, "dvar": 0, "dvar2": 0, "max": 1, "mean": 1, "median": 1, "min": 1, "var": 0}, "silence_rate_30dB": {"dmean": 0.0178860239685, "dmean2": 0.0357754528522, "dvar": 0.0175665207207, "dvar2": 0.0417282171547, "max": 1, "mean": 0.98087900877, "median": 1, "min": 0, "var": 0.0187558848411}, "silence_rate_60dB": {"dmean": 0.0410998016596, "dmean2": 0.0822074189782, "dvar": 0.0394064970315, "dvar2": 0.088776089251, "max": 1, "mean": 0.150399550796, "median": 0, "min": 0, "var": 0.127781033516}, "spectral_centroid": {"dmean": 274.258453369, "dmean2": 404.556365967, "dvar": 132358.484375, "dvar2": 248560.296875, "max": 11742.375, "mean": 1072.35961914, "median": 796.473388672, "min": 120.8099823, "var": 1266668.625}, "spectral_complexity": {"dmean": 2.74988102913, "dmean2": 3.95889639854, "dvar": 10.4612388611, "dvar2": 18.4357776642, "max": 56, "mean": 11.2836761475, "median": 9, "min": 0, "var": 78.7934112549}, "spectral_contrast_coeffs": {"dmean": [0.0543584413826, 0.0477565303445, 0.0398382022977, 0.0283720660955, 0.0244556274265, 0.0397113114595], "dmean2": [0.0887844488025, 0.0791995450854, 0.0657328218222, 0.0462238676846, 0.0384625345469, 0.0609624423087], "dvar": [0.00197241012938, 0.00152560113929, 0.00099662062712, 0.000505449774209, 0.000441003881861, 0.00117574632168], "dvar2": [0.00494766514748, 0.00411231722683, 0.00265832990408, 0.0013043867657, 0.00101144576911, 0.00269536999986], "max": [-0.300419926643, -0.377630770206, -0.53063583374, -0.629433453083, -0.671548366547, -0.496559351683], "mean": [-0.681778371334, -0.774250566959, -0.786012947559, -0.821899712086, -0.824865877628, -0.753017544746], "median": [-0.694406509399, -0.785061836243, -0.787150979042, -0.821758925915, -0.82312130928, -0.752586126328], "min": [-0.982427000999, -0.977684080601, -0.978719294071, -0.971418261528, -0.968884766102, -0.964625120163], "var": [0.00973405595869, 0.00593015830964, 0.0042718318291, 0.00212177284993, 0.00214100489393, 0.00520038278773]}, "spectral_contrast_valleys": {"dmean": [0.421660095453, 0.386486291885, 0.363256275654, 0.329349845648, 0.374461531639, 0.578493237495], "dmean2": [0.684161543846, 0.615648627281, 0.554135084152, 0.485463112593, 0.523287892342, 0.892259955406], "dvar": [0.137436822057, 0.120756365359, 0.116835258901, 0.108295589685, 0.137156531215, 0.25126978755], "dvar2": [0.309898346663, 0.260747492313, 0.231751471758, 0.206284657121, 0.265071988106, 0.59687101841], "max": [-5.24684810638, -4.25534582138, -5.1876168251, -6.07168149948, -5.22808456421, -9.0837097168], "mean": [-7.64096975327, -7.2669672966, -7.90546655655, -8.482213974, -8.52679634094, -11.7315263748], "median": [-7.254322052, -7.01021385193, -7.60643196106, -8.13881778717, -8.18606185913, -11.5350933075], "min": [-28.4052391052, -28.3641777039, -28.0186481476, -27.6764125824, -27.5185489655, -27.4261684418], "var": [4.52778148651, 4.75194597244, 4.57219934464, 4.38742542267, 4.47714281082, 3.12408542633]}, "spectral_decrease": {"dmean": 1.84680082338e-09, "dmean2": 2.87753199046e-09, "dvar": 9.75127820809e-18, "dvar2": 2.41746660761e-17, "max": 7.44276906772e-09, "mean": -3.83898690615e-09, "median": -1.80569470487e-09, "min": -6.23915710207e-08, "var": 2.84385389427e-17}, "spectral_energy": {"dmean": 0.00934681296349, "dmean2": 0.013320831582, "dvar": 0.000222097558435, "dvar2": 0.000468985643238, "max": 0.250331193209, "mean": 0.0247098430991, "median": 0.0154833439738, "min": 1.00962539407e-20, "var": 0.000767524936236}, "spectral_energyband_high": {"dmean": 0.000418836309109, "dmean2": 0.000585011439398, "dvar": 9.99399389912e-07, "dvar2": 2.00530007533e-06, "max": 0.0126807549968, "mean": 0.000563732988667, "median": 0.000138376606628, "min": 6.84804896115e-21, "var": 1.61045522873e-06}, "spectral_energyband_low": {"dmean": 0.0040475265123, "dmean2": 0.00612174393609, "dvar": 5.17129992659e-05, "dvar2": 0.000109591856017, "max": 0.143767997622, "mean": 0.00748057616875, "median": 0.00371225364506, "min": 1.15197689311e-23, "var": 0.000126752696815}, "spectral_energyband_middle_high": {"dmean": 0.00114053196739, "dmean2": 0.00166082778014, "dvar": 3.95916822526e-06, "dvar2": 8.70743588166e-06, "max": 0.0419576317072, "mean": 0.00258791702799, "median": 0.00106195395347, "min": 1.1361879052e-21, "var": 1.48172566696e-05}, "spectral_energyband_middle_low": {"dmean": 0.00474609434605, "dmean2": 0.00733887497336, "dvar": 0.000119519158034, "dvar2": 0.000300534418784, "max": 0.240336850286, "mean": 0.00989485159516, "median": 0.00285629369318, "min": 1.89717185443e-22, "var": 0.000304166984279}, "spectral_entropy": {"dmean": 0.233402013779, "dmean2": 0.351721018553, "dvar": 0.0460277944803, "dvar2": 0.105415508151, "max": 9.8224029541, "mean": 7.36054039001, "median": 7.38290977478, "min": 4.74070835114, "var": 0.228697732091}, "spectral_flux": {"dmean": 0.0208711717278, "dmean2": 0.0336549729109, "dvar": 0.000676958996337, "dvar2": 0.00169366097543, "max": 0.361806899309, "mean": 0.0756979212165, "median": 0.0687543898821, "min": 6.40974981425e-11, "var": 0.00236542662606}, "spectral_kurtosis": {"dmean": 4.57736730576, "dmean2": 6.9745631218, "dvar": 39.1300125122, "dvar2": 94.2099533081, "max": 150.531021118, "mean": 16.4667377472, "median": 13.804523468, "min": -1.25884187222, "var": 103.147666931}, "spectral_rms": {"dmean": 0.000831316108815, "dmean2": 0.00115498621017, "dvar": 9.2819971087e-07, "dvar2": 1.76784169525e-06, "max": 0.0156277175993, "mean": 0.00420343643054, "median": 0.0038866053801, "min": 3.13847147056e-12, "var": 6.43823432256e-06}, "spectral_rolloff": {"dmean": 2957.44970703, "dmean2": 5611.81347656, "dvar": 41251368, "dvar2": 99707344, "max": 22028.4667969, "mean": 13513.9619141, "median": 21167.1386719, "min": 43.06640625, "var": 97449800}, "spectral_skewness": {"dmean": 0.404283463955, "dmean2": 0.595395028591, "dvar": 0.205645397305, "dvar2": 0.466513395309, "max": 10.1277198792, "mean": 2.77119684219, "median": 2.58995628357, "min": -0.0796680450439, "var": 0.896281659603}, "spectral_spread": {"dmean": 594225.875, "dmean2": 894337.8125, "dvar": 454137511936, "dvar2": 970958962688, "max": 42550560, "mean": 4645441, "median": 4335076, "min": 1327454.5, "var": 11817804890100.0}, "spectral_strongpeak": {"dmean": 7.48199748993, "dmean2": 13