{"lowlevel": {"average_loudness": 0.846152663231, "barkbands": {"dmean": [2.66425122391e-05, 0.00325564807281, 0.00233629415743, 0.00104813219514, 0.0011517094681, 0.000728563638404, 0.000524951843545, 0.000619710655883, 0.000825781025924, 0.000462839117972, 0.000608945672866, 0.00048220276949, 0.000439733907115, 0.00043549889233, 0.000294588011457, 0.00025611044839, 0.000259466731222, 0.000216327549424, 0.000128696730826, 8.20674613351e-05, 8.59726569615e-05, 5.96932077315e-05, 5.53199861315e-05, 3.5921442759e-05, 2.30485729844e-05, 5.44907379663e-06, 5.2649539839e-07], "dmean2": [4.43124990852e-05, 0.00524551048875, 0.00409012660384, 0.00175084080547, 0.00182068429422, 0.00121022132225, 0.000826352683362, 0.000932433933485, 0.00125446298625, 0.000683458813, 0.000910125265364, 0.000712626846507, 0.000663223734591, 0.000663263781462, 0.000455938687082, 0.000397170661017, 0.000400183984311, 0.000333002972184, 0.000199152083951, 0.000125520222355, 0.000140344825923, 9.28732551984e-05, 8.47234259709e-05, 5.3961895901e-05, 3.45909356838e-05, 8.02950580692e-06, 8.28034785627e-07], "dvar": [5.04586639138e-09, 8.90764713404e-05, 3.6540615838e-05, 6.06684852755e-06, 4.55036024505e-06, 2.44995408138e-06, 1.6767003217e-06, 2.62899447989e-06, 4.42755799668e-06, 1.73359103428e-06, 2.33920695791e-06, 2.04520824809e-06, 1.376983505e-06, 1.26994348193e-06, 5.55491453724e-07, 4.89526030378e-07, 2.86440581476e-07, 2.51023749342e-07, 7.46750998815e-08, 2.86686443474e-08, 7.38508134646e-08, 1.60417084061e-08, 2.5136820625e-08, 1.3021652201e-08, 4.04710309709e-09, 1.96949470621e-10, 2.27707913289e-12], "dvar2": [1.25985915034e-08, 0.00021070294315, 0.000101033430838, 1.57443919306e-05, 1.13200349006e-05, 6.66132427796e-06, 3.93548771171e-06, 5.70514430365e-06, 1.03562215372e-05, 3.39576968145e-06, 5.39958318768e-06, 4.5155807129e-06, 2.94487108476e-06, 2.96255166177e-06, 1.24902226162e-06, 1.07337768895e-06, 6.3107842152e-07, 5.81922734e-07, 1.66322379869e-07, 6.60287611254e-08, 2.16368221118e-07, 4.23904076285e-08, 5.50168799407e-08, 2.76766911611e-08, 8.32132052153e-09, 3.91169235892e-10, 5.26933141218e-12], "max": [0.00124332262203, 0.0866696685553, 0.0697619020939, 0.0450146608055, 0.0392705090344, 0.0437381379306, 0.0278613939881, 0.0374894551933, 0.0662287399173, 0.0452967807651, 0.0423453450203, 0.0340921506286, 0.0239402428269, 0.0241121929139, 0.0144652863964, 0.0168736837804, 0.0127799203619, 0.0200906526297, 0.0056808614172, 0.00331623456441, 0.00659109326079, 0.00304114026949, 0.00831431802362, 0.00483178999275, 0.0019911385607, 0.000547633972019, 3.73807924916e-05], "mean": [3.655573164e-05, 0.00427302904427, 0.00279262033291, 0.00145044084638, 0.00230918033049, 0.00120874168351, 0.000865269859787, 0.00110861461144, 0.00167946377769, 0.000788238423411, 0.00110022176523, 0.000803305709269, 0.00069105962757, 0.000716863258276, 0.000482548872242, 0.000442158314399, 0.000505621253978, 0.000411547371186, 0.000253813370364, 0.000154732362716, 0.00013019767357, 0.000111223154818, 9.18159712455e-05, 6.01421888859e-05, 3.47825625795e-05, 7.76690103521e-06, 5.80973505748e-07], "median": [1.8704959075e-05, 0.00146564200986, 0.00105479499325, 0.000496395048685, 0.00130759039894, 0.000704741803929, 0.000352451228537, 0.00029743774212, 0.000330995069817, 0.000156003487064, 0.00028033478884, 0.000123427103972, 0.000184403092135, 0.000154330278747, 0.000129239313537, 0.000103403785033, 0.000185497221537, 0.000164040829986, 0.00011304297368, 6.90271990607e-05, 5.62998720852e-05, 4.10633765568e-05, 2.3766522645e-05, 1.37637562148e-05, 6.72840860716e-06, 1.44131502111e-06, 3.63545140658e-08], "min": [3.81198481891e-26, 2.82010141387e-24, 9.19566578354e-25, 4.60453377212e-25, 5.08760536921e-24, 5.56405369013e-24, 8.90402134308e-24, 3.79955131101e-24, 1.62021064766e-23, 8.08132934908e-24, 8.25984147218e-24, 2.49624699379e-23, 1.16630339601e-23, 3.71770139118e-23, 3.30655686926e-23, 4.90255627133e-23, 5.4808137185e-23, 6.78084513071e-23, 1.37193955471e-22, 1.53142362702e-22, 2.00986372707e-22, 3.28130947065e-22, 3.43046905765e-22, 6.04130027519e-22, 8.51057273831e-22, 1.35942498957e-21, 1.89849239496e-21], "var": [4.73686334601e-09, 8.97545251064e-05, 2.88227493002e-05, 7.80263599154e-06, 1.00545839814e-05, 3.3987041661e-06, 3.0034568681e-06, 6.80578023093e-06, 1.85476001207e-05, 4.64335425931e-06, 6.34897833152e-06, 5.12403994435e-06, 2.8497574931e-06, 2.75828801932e-06, 1.13750547825e-06, 1.14211206892e-06, 8.18171997707e-07, 5.0630012538e-07, 1.83227442108e-07, 6.10670127799e-08, 6.46960316431e-08, 3.0335495893e-08, 5.09930480064e-08, 2.99682554328e-08, 7.46643014082e-09, 3.76793624079e-10, 3.24729782994e-12]}, "barkbands_crest": {"dmean": 2.35210180283, "dmean2": 3.78756451607, "dvar": 5.98544406891, "dvar2": 14.269162178, "max": 26.2030410767, "mean": 8.99469947815, "median": 8.03107833862, "min": 1.74710702896, "var": 16.2635364532}, "barkbands_flatness_db": {"dmean": 0.0202323794365, "dmean2": 0.0308364890516, "dvar": 0.000532868783921, "dvar2": 0.00111231068149, "max": 0.440112650394, "mean": 0.12933704257, "median": 0.123212620616, "min": 0.00516639743, "var": 0.00245406827889}, "barkbands_kurtosis": {"dmean": 3.74132823944, "dmean2": 5.95598220825, "dvar": 533.3203125, "dvar2": 1189.69592285, "max": 745.659729004, "mean": 4.57947778702, "median": 1.21338009834, "min": -1.97464227676, "var": 704.213867188}, "barkbands_skewness": {"dmean": 0.554175674915, "dmean2": 0.832861661911, "dvar": 0.788185119629, "dvar2": 1.55095100403, "max": 24.3006286621, "mean": 1.28360044956, "median": 1.15006768703, "min": -2.49413132668, "var": 2.4190466404}, "barkbands_spread": {"dmean": 5.27158927917, "dmean2": 8.1448431015, "dvar": 46.0243835449, "dvar2": 101.294891357, "max": 125.207504272, "mean": 22.6532115936, "median": 20.8536872864, "min": 0.348239332438, "var": 166.474914551}, "dissonance": {"dmean": 0.0163184739649, "dmean2": 0.0275169759989, "dvar": 0.000317313766573, "dvar2": 0.000863241089974, "max": 0.500000119209, "mean": 0.467830300331, "median": 0.476158976555, "min": 0.167403563857, "var": 0.000862390908878}, "dynamic_complexity": 4.51682806015, "erbbands": {"dmean": [0.0518563315272, 0.898949384689, 2.76493954659, 2.88463783264, 3.80110907555, 3.85732460022, 4.58525848389, 6.95105075836, 7.48968267441, 10.2645511627, 13.0363512039, 20.5204963684, 13.3477087021, 14.3758811951, 25.9988040924, 19.4588241577, 20.1040706635, 21.5724411011, 15.1349134445, 15.498008728, 12.606221199, 12.0869255066, 11.9911050797, 7.69050168991, 5.58020734787, 3.85819816589, 3.05213952065, 3.51421761513, 2.30838012695, 1.84142184258, 1.57768261433, 0.990103304386, 0.476404368877, 0.248872220516, 0.187284275889, 0.0377277769148, 0.00820190832019, 0.00127057440113, 9.72808047663e-05, 1.09688644443e-05], "dmean2": [0.0798265337944, 1.47064828873, 4.78567028046, 4.79044151306, 6.12459754944, 6.15257930756, 7.45036268234, 11.5962429047, 11.8514471054, 15.5078010559, 19.4067745209, 31.0267791748, 20.25258255, 20.7420864105, 38.10754776, 28.0980434418, 29.9848823547, 32.3714828491, 22.6000480652, 23.8221607208, 19.1018390656, 18.3751602173, 18.4732456207, 11.6944513321, 8.65386581421, 5.85220527649, 4.8865776062, 5.76446485519, 3.60475730896, 2.92261862755, 2.41177558899, 1.52871191502, 0.704649448395, 0.371195048094, 0.287597090006, 0.0556100122631, 0.0121924448758, 0.00193043006584, 0.000151362764882, 1.55645302584e-05], "dvar": [0.0247798059136, 6.79978179932, 55.0614356995, 42.5377883911, 68.1751022339, 56.2650260925, 82.3360977173, 247.279953003, 371.104370117, 584.426818848, 1236.82128906, 3008.28735352, 1420.15148926, 1527.67700195, 4530.10839844, 3082.1574707, 2954.08984375, 3132.07202148, 1359.02441406, 1938.38122559, 955.976379395, 635.69708252, 974.901855469, 255.027832031, 161.138671875, 70.7827987671, 62.536693573, 148.071456909, 28.0572757721, 23.3864173889, 30.4054679871, 9.08631229401, 2.64735794067, 0.70941388607, 0.217446878552, 0.00898938532919, 0.000468652695417, 1.26653467305e-05, 7.45759365373e-08, 3.28956001328e-10], "dvar2": [0.0539079159498, 16.705991745, 150.238250732, 110.388397217, 176.989883423, 134.076065063, 219.246185303, 661.463623047, 914.67956543, 1285.37902832, 2622.43823242, 7149.56445312, 2986.74047852, 3093.23486328, 10584.1435547, 6349.35253906, 6407.6796875, 7220.37890625, 3012.27148438, 4402.57519531, 2118.10180664, 1390.48791504, 2268.46386719, 552.933410645, 374.138336182, 156.907989502, 170.198577881, 439.002746582, 77.0929336548, 63.640789032, 64.5088272095, 20.586227417, 5.31641435623, 1.4052503109, 0.488194942474, 0.0179445557296, 0.00097337004263, 2.74517624348e-05, 1.71211183897e-07, 7.10079939292e-10], "max": [2.09037733078, 25.4257736206, 82.8996887207, 125.04309082, 198.311584473, 150.910202026, 161.551651001, 560.952941895, 434.635864258, 680.607910156, 1015.81591797, 2033.88757324, 1041.64086914, 927.444030762, 1982.0333252, 1579.73474121, 1170.32128906, 1343.57189941, 743.846496582, 1414.10021973, 640.79486084, 548.741760254, 1411.72680664, 412.147888184, 303.72366333, 212.866409302, 241.493362427, 294.271820068, 151.738189697, 101.465087891, 357.02532959, 119.889732361, 58.9742393494, 32.3968086243, 11.7355499268, 3.4197371006, 0.845929324627, 0.093020632863, 0.00720541225746, 0.000266549963271], "mean": [0.0672382637858, 1.14615905285, 3.31463766098, 4.38499069214, 6.21117115021, 7.524289608, 8.01478290558, 11.038816452, 12.8475761414, 18.8276557922, 24.7873134613, 44.1008682251, 24.2595119476, 27.0443477631, 48.2886428833, 37.0608062744, 33.8438606262, 36.2079811096, 27.2358531952, 27.5005817413, 24.9292812347, 25.6890144348, 24.7660980225, 16.2080135345, 10.9699115753, 7.43721961975, 5.43015861511, 5.17547988892, 4.24947881699, 2.97108387947, 2.62596273422, 1.6322915554, 0.796203076839, 0.391814053059, 0.259355723858, 0.0554096959531, 0.0112193785608, 0.00163749582134, 0.000118371732242, 3.03551150864e-05], "median": [0.026130374521, 0.383515954018, 1.25775933266, 1.66550374031, 2.78669071198, 3.99898529053, 4.69557476044, 6.328145504, 5.73161888123, 7.24372577667, 6.74039125443, 9.31702804565, 5.68803596497, 7.57637786865, 13.1033096313, 7.45215415955, 9.12022590637, 9.00335025787, 8.00658988953, 6.27868652344, 7.13511562347, 10.3445091248, 10.6843357086, 7.05970287323, 5.03763961792, 3.44839143753, 2.67900323868, 1.94272494316, 1.58074140549, 0.931517481804, 0.645375132561, 0.378390222788, 0.174169614911, 0.0861854255199, 0.0403270199895, 0.010257076472, 0.00211546756327, 0.000242253227043, 2.00237245735e-05, 2.18433669943e-05], "min": [7.3542523455e-23, 5.52804540836e-22, 1.76142537668e-21, 5.63912813098e-21, 1.07276609356e-20, 2.11028815378e-20, 3.97345157593e-20, 9.54747049528e-20, 1.06507400856e-19, 1.70889000506e-19, 1.65175935434e-19, 3.18175668853e-19, 2.78297963606e-19, 5.19192939564e-19, 9.37156032751e-19, 1.29353925165e-18, 1.07296513066e-18, 2.25323088961e-18, 2.68833885195e-18, 2.9491995639e-18, 4.07691639969e-18, 3.55360968415e-18, 5.23739248287e-18, 6.3013349342e-18, 6.53285906535e-18, 7.03037842529e-18, 8.41528887458e-18, 8.69057458244e-18, 1.18099661438e-17, 9.8920833735e-18, 1.04481580218e-17, 9.5274356897e-18, 1.03210335966e-17, 8.76434833973e-18, 6.87914954339e-18, 4.25565937672e-18, 2.38426270929e-18, 9.13170276529e-19, 2.53543756595e-19, 2.86060284636e-20], "var": [0.0276318807155, 6.43742704391, 44.4219474792, 52.7716064453, 102.108123779, 139.390045166, 131.207443237, 316.8722229, 624.572631836, 1492.27172852, 3570.62792969, 14144.5830078, 4045.04614258, 3988.26513672, 11789.7021484, 9594.6796875, 6469.68554688, 6711.55859375, 2956.8894043, 4442.33447266, 2840.61962891, 1780.24194336, 1782.45751953, 705.897460938, 367.403503418, 159.12840271, 76.9450531006, 122.739227295, 46.3109931946, 31.9605369568, 55.7322311401, 19.7136287689, 6.02230930328, 1.34945416451, 0.348493814468, 0.0172940138727, 0.000823259353638, 2.09853296838e-05, 1.09377403135e-07, 8.76849037823e-10]}, "erbbands_crest": {"dmean": 2.36743235588, "dmean2": 3.73049879074, "dvar": 5.99804639816, "dvar2": 14.329372406, "max": 30.3381690979, "mean": 8.78888702393, "median": 7.47350168228, "min": 2.43758487701, "var": 22.3393726349}, "erbbands_flatness_db": {"dmean": 0.0163768604398, "dmean2": 0.0232538599521, "dvar": 0.000281867571175, "dvar2": 0.000542577763554, "max": 0.34346061945, "mean": 0.163584396243, "median": 0.160983845592, "min": 0.0450273789465, "var": 0.00206302595325}, "erbbands_kurtosis": {"dmean": 0.82617866993, "dmean2": 1.27288901806, "dvar": 1.66710782051, "dvar2": 3.73864412308, "max": 22.9926948547, "mean": 0.579339623451, "median": -0.126392483711, "min": -1.80764818192, "var": 5.01504802704}, "erbbands_skewness": {"dmean": 0.320653825998, "dmean2": 0.483924180269, "dvar": 0.113896541297, "dvar2": 0.240548759699, "max": 4.60706853867, "mean": 0.211663588881, "median": 0.172498732805, "min": -4.09964847565, "var": 0.660341143608}, "erbbands_spread": {"dmean": 7.48408889771, "dmean2": 11.263466835, "dvar": 79.6876602173, "dvar2": 173.57043457, "max": 168.196807861, "mean": 35.9402809143, "median": 34.102645874, "min": 4.39454460144, "var": 298.07611084}, "gfcc": {"cov": [[30752.6914062, 1996.65319824, -3082.20361328, 895.140869141, -1408.52209473, 663.923095703, -873.155029297, 229.154800415, -485.843505859, -70.8484191895, -422.62286377, -151.509414673, -347.649780273], [1996.65319824, 1484.51574707, -231.859863281, 115.131973267, 153.504974365, -234.191421509, 114.146644592, -52.9730644226, -0.985625624657, -65.3398590088, 72.9983291626, -80.1022491455, 28.6513957977], [-3082.20361328, -231.859863281, 1084.37036133, 67.5965805054, 181.246917725, 70.4234542847, 70.2883224487, 54.3298912048, 30.6940174103, 18.3242073059, 38.4361457825, 39.8063926697, -24.2430934906], [895.140869141, 115.131973267, 67.5965805054, 384.071289062, 66.385269165, 22.7981204987, -39.8328552246, 9.22779560089, 44.2694816589, -11.7484741211, 3.01951599121, -10.1162872314, 19.2018566132], [-1408.52209473, 153.504974365, 181.246917725, 66.385269165, 395.987335205, -32.1204833984, 79.4321594238, 17.8861503601, 46.8355331421, 6.15626192093, 35.6901130676, 0.0300917066634, 33.8386116028], [663.923095703, -234.191421509, 70.4234542847, 22.7981204987, -32.1204833984, 253.642181396, 18.6624698639, 49.710018158, -18.8199825287, 8.20687961578, -9.8721036911, 15.4757404327, -34.880531311], [-873.155029297, 114.146644592, 70.2883224487, -39.8328552246, 79.4321594238, 18.6624698639, 237.172271729, 22.3781242371, 26.066576004, 1.30440437794, 46.0678367615, -0.45484957099, -0.806118905544], [229.154800415, -52.9730644226, 54.3298912048, 9.22779560089, 17.8861503601, 49.710018158, 22.3781242371, 135.976669312, 20.259847641, 9.21981239319, -3.60274958611, 12.7432832718, -1.94996118546], [-485.843505859, -0.985625624657, 30.6940174103, 44.2694816589, 46.8355331421, -18.8199825287, 26.066576004, 20.259847641, 161.031219482, 23.2946491241, 9.26460838318, 0.0211020074785, 36.6969070435], [-70.8484191895, -65.3398590088, 18.3242073059, -11.7484741211, 6.15626192093, 8.20687961578, 1.30440437794, 9.21981239319, 23.2946491241, 92.0221939087, 14.6333866119, 13.4765443802, -2.19615745544], [-422.62286377, 72.9983291626, 38.4361457825, 3.01951599121, 35.6901130676, -9.8721036911, 46.0678367615, -3.60274958611, 9.26460838318, 14.6333866119, 102.213607788, 22.6709861755, 10.9624834061], [-151.509414673, -80.1022491455, 39.8063926697, -10.1162872314, 0.0300917066634, 15.4757404327, -0.45484957099, 12.7432832718, 0.0211020074785, 13.4765443802, 22.6709861755, 77.0055465698, 22.0199871063], [-347.649780273, 28.6513957977, -24.2430934906, 19.2018566132, 33.8386116028, -34.880531311, -0.806118905544, -1.94996118546, 36.6969070435, -2.19615745544, 10.9624834061, 22.0199871063, 85.2484588623]], "icov": [[0.00018112246471, -0.000423751858762, 0.000420649332227, -0.000417262664996, 0.00043272098992, -0.000690514862072, 0.000510642072186, -0.000455176050309, 0.000231550817261, -0.000292579206871, 0.000489366531838, -0.000394701259211, 0.000566591857933], [-0.000423751858762, 0.00204418413341, -0.00073444773443, 0.000562442524824, -0.0012675174512, 0.00249926140532, -0.00172037107404, 0.00102208834141, -0.000238345295656, 0.00119191943668, -0.0018604057841, 0.00177729222924, -0.00130436965264], [0.000420649332227, -0.00073444773443, 0.0021275752224, -0.00120293605141, 0.000451059633633, -0.00158074893989, 0.000955361989327, -0.00124788330868, 0.000441098673036, -0.000544442737009, 0.00084440264618, -0.00140205933712, 0.00204260996543], [-0.000417262664996, 0.000562442524824, -0.00120293605141, 0.00413518445566, -0.00139948225114, 0.000668072549161, -2.70155960607e-05, 0.00102291000076, -0.0014721697662, 0.00112060748506, -0.00132421171293, 0.00134231999982, -0.00182602880523], [0.00043272098992, -0.0012675174512, 0.000451059633633, -0.00139948225114, 0.00433117570356, -0.00137079425622, 0.000412498426158, -0.00135037419386, 0.000335862510838, -0.00102112337481, 0.000900421466213, -0.000520935922395, 0.000174971704837], [-0.000690514862072, 0.00249926140532, -0.00158074893989, 0.000668072549161, -0.00137079425622, 0.00824432261288, -0.00302727147937, 0.000201583854505, -0.000139975760248, 0.00120805553161, -0.00173127779271, 0.000810595287476, -0.000257960287854], [0.000510642072186, -0.00172037107404, 0.000955361989327, -2.70155960607e-05, 0.000412498426158, -0.00302727147937, 0.00710262125358, -0.00187884294428, -0.00038976862561, -0.000343145453371, -0.000712773529813, -0.000614342396148, 0.00196950510144], [-0.000455176050309, 0.00102208834141, -0.00124788330868, 0.00102291000076, -0.00135037419386, 0.000201583854505, -0.00187884294428, 0.00960325915366, -0.00169085583184, 0.000380440149456, -0.000193811196368, -0.000387125794077, -0.00110206147656], [0.000231550817261, -0.000238345295656, 0.000441098673036, -0.0014721697662, 0.000335862510838, -0.000139975760248, -0.00038976862561, -0.00169085583184, 0.00835868529975, -0.00255467672832, 0.000644146988634, 0.0011459463276, -0.00279433652759], [-0.000292579206871, 0.00119191943668, -0.000544442737009, 0.00112060748506, -0.00102112337481, 0.00120805553161, -0.000343145453371, 0.000380440149456, -0.00255467672832, 0.0129102077335, -0.00275897025131, -0.00092705397401, 0.000930629612412], [0.000489366531838, -0.0018604057841, 0.00084440264618, -0.00132421171293, 0.000900421466213, -0.00173127779271, -0.000712773529813, -0.000193811196368, 0.000644146988634, -0.00275897025131, 0.0140486015007, -0.00522600719705, 0.00127734814305], [-0.000394701259211, 0.00177729222924, -0.00140205933712, 0.00134231999982, -0.000520935922395, 0.000810595287476, -0.000614342396148, -0.000387125794077, 0.0011459463276, -0.00092705397401, -0.00522600719705, 0.0185664761811, -0.00702517759055], [0.000566591857933, -0.00130436965264, 0.00204260996543, -0.00182602880523, 0.000174971704837, -0.000257960287854, 0.00196950510144, -0.00110206147656, -0.00279433652759, 0.000930629612412, 0.00127734814305, -0.00702517759055, 0.0181672330946]], "mean": [-47.1050300598, 101.292869568, -127.600852966, 35.4416007996, -56.8783988953, 12.0159397125, -34.5932273865, 7.00332355499, -22.5410137177, -1.3788741827, -12.8027200699, 0.184282541275, -11.8413381577]}, "hfc": {"dmean": 5.00440835953, "dmean2": 6.80979299545, "dvar": 61.8618240356, "dvar2": 128.905593872, "max": 113.361038208, "mean": 17.3996925354, "median": 11.6740703583, "min": 1.08427589082e-16, "var": 306.460693359}, "melbands": {"dmean": [0.000687953317538, 0.00135771173518, 0.000508905621246, 0.000257729639998, 0.000166911398992, 0.000150717198267, 0.000112253219413, 0.000119059688586, 0.000116523049655, 0.000124655925902, 6.64712570142e-05, 5.90262643527e-05, 8.71604206623e-05, 6.3451792812e-05, 4.87202632939e-05, 3.89262531826e-05, 4.50833867944e-05, 2.73277746601e-05, 2.07225548365e-05, 2.0995928935e-05, 1.57718404807e-05, 1.29084455693e-05, 1.51938884301e-05, 9.39955407375e-06, 6.58876206217e-06, 4.71296152682e-06, 3.43571696249e-06, 2.58772729467e-06, 2.05999549507e-06, 1.7680598603e-06, 2.35393326875e-06, 1.35763036724e-06, 1.1704771623e-06, 1.0591559203e-06, 1.02494652765e-06, 7.71190798332e-07, 5.64202366604e-07, 3.67556566516e-07, 2.6040848411e-07, 1.94119039065e-07], "dmean2": [0.00108717975672, 0.00228687096387, 0.000843139772769, 0.000412194611272, 0.000266910676146, 0.000250113225775, 0.000176411238499, 0.000178965128725, 0.000173119115061, 0.000189556827536, 0.000101069614175, 8.48783311085e-05, 0.000128052051878, 9.29671223275e-05, 7.14428679203e-05, 5.84898043599e-05, 6.8298279075e-05, 4.10634529544e-05, 3.1810690416e-05, 3.25213331962e-05, 2.39474757109e-05, 1.96449527721e-05, 2.38566990447e-05, 1.45792209878e-05, 1.02642898128e-05, 7.36288575354e-06, 5.33112734047e-06, 3.97950179831e-06, 3.33438174493e-06, 2.8184972507e-06, 3.95680808651e-06, 2.12880740946e-06, 1.88090223219e-06, 1.69973282027e-06, 1.58752811785e-06, 1.21551249777e-06, 8.69310099461e-07, 5.47004162854e-07, 3.93613760252e-07, 2.97962344575e-07], "dvar": [4.08688811149e-06, 1.3346320884e-05, 1.19641049423e-06, 2.56370526586e-07, 9.74555547373e-08, 1.13433742399e-07, 7.91514551679e-08, 8.00912118848e-08, 9.17088485153e-08, 1.1044790682e-07, 3.72224064904e-08, 2.8395383822e-08, 5.17342222395e-08, 3.47446409421e-08, 1.74190404323e-08, 1.13355298481e-08, 1.44801823865e-08, 5.15746512164e-09, 3.36738392726e-09, 3.58589957727e-09, 1.58938673334e-09, 8.08669631258e-10, 1.15035669879e-09, 4.96091279167e-10, 2.13605355626e-10, 1.25674581852e-10, 5.54024742749e-11, 3.64908832318e-11, 2.97676362726e-11, 1.72763175293e-11, 8.3627146874e-11, 8.47121331415e-12, 7.41054353298e-12, 8.49320960783e-12, 1.60033722385e-11, 4.99362964174e-12, 3.19878238481e-12, 1.60987033166e-12, 9.4332441164e-13, 4.29822600038e-13], "dvar2": [9.22049639485e-06, 3.47222739947e-05, 3.10910240842e-06, 6.53447216337e-07, 2.4859642167e-07, 3.0624354963e-07, 1.91472153688e-07, 1.77471690677e-07, 1.96315070866e-07, 2.65337405381e-07, 7.80117090926e-08, 5.69815377105e-08, 1.20380192925e-07, 7.78133752988e-08, 3.73388431285e-08, 2.43183873039e-08, 3.38160184299e-08, 1.14504823401e-08, 7.78506326071e-09, 7.83045450703e-09, 3.57319240862e-09, 1.7437482569e-09, 2.71782640837e-09, 1.15626908048e-09, 4.80337991604e-10, 2.83975870596e-10, 1.32479457959e-10, 8.05429750672e-11, 8.06037389611e-11, 4.60102130007e-11, 2.50019255299e-10, 2.27520675911e-11, 1.98550724473e-11, 2.27934927877e-11, 3.42895330185e-11, 1.14927780834e-11, 7.16136394976e-12, 3.42241447855e-12, 1.87314269998e-12, 8.87860368993e-13], "max": [0.0199225153774, 0.0418456606567, 0.0182834416628, 0.0103184459731, 0.00560651393607, 0.0107985073701, 0.00654883496463, 0.00702647678554, 0.00793836358935, 0.0126235373318, 0.00516175292432, 0.00460413005203, 0.00616873428226, 0.00455145584419, 0.00316240615211, 0.00222401693463, 0.00266547664069, 0.00157663528807, 0.00115680345334, 0.00180156133138, 0.000956484756898, 0.000762117037084, 0.000946603133343, 0.000895621837117, 0.000365061074262, 0.000403284851927, 0.000135217647767, 0.000193702537217, 0.000170479150256, 6.99033043929e-05, 0.000236234103795, 8.5494160885e-05, 5.8896959672e-05, 6.43615203444e-05, 0.000258848827798, 7.45175711927e-05, 7.73041392677e-05, 3.9497470425e-05, 3.82820471714e-05, 2.41557845584e-05], "mean": [0.000910202157684, 0.00174903578591, 0.000821005960461, 0.000491492042784, 0.000312446121825, 0.000242034409894, 0.000192237988813, 0.00021660636412, 0.000224581162911, 0.000258851359831, 0.000112711517431, 0.000103042788396, 0.00015813986829, 0.000110674664029, 8.29562195577e-05, 6.08825830568e-05, 7.07520666765e-05, 4.49458675575e-05, 3.41862760251e-05, 3.4741107811e-05, 2.95318131975e-05, 2.52317440754e-05, 2.96684211207e-05, 1.75786790351e-05, 1.26366476252e-05, 8.89874809218e-06, 6.04229035162e-06, 4.66355049866e-06, 3.48406888406e-06, 2.84094448944e-06, 3.121061809e-06, 2.52257473221e-06, 1.88198816886e-06, 1.57884164764e-06, 1.634462933e-06, 1.20688457628e-06, 8.97304175851e-07, 5.91178945797e-07, 3.99379075589e-07, 2.9305297744e-07], "median": [0.000343743973644, 0.000683575170115, 0.000352569622919, 0.000261686072918, 0.000184056028957, 0.000138613788295, 8.37426123326e-05, 7.69429461798e-05, 5.40712135262e-05, 5.25249488419e-05, 2.1524469048e-05, 2.5166420528e-05, 4.04816964874e-05, 2.25590410992e-05, 1.92915576918e-05, 1.57897011377e-05, 1.5543308109e-05, 1.16828787213e-05, 8.37473726278e-06, 7.07918752596e-06, 8.15455859993e-06, 9.26788470679e-06, 1.12278030429e-05, 7.03406340108e-06, 5.21411493537e-06, 3.88100579585e-06, 2.59138596448e-06, 1.99625037567e-06, 1.68213728102e-06, 1.19367950902e-06, 1.02159333437e-06, 9.17922648114e-07, 6.43601140382e-07, 4.53465872852e-07, 3.81682127681e-07, 2.631057896e-07, 2.01424313673e-07, 1.26451993765e-07, 7.61891243428e-08, 6.01599481342e-08], "min": [1.09981557596e-24, 9.3412954231e-25, 1.55421365686e-24, 9.97813001289e-25, 1.56853690571e-24, 2.04352208687e-24, 1.76449153229e-24, 2.26924437971e-24, 9.31386574335e-25, 2.01932456746e-24, 1.22751914031e-24, 1.51363751152e-24, 2.42570192405e-24, 3.1638796994e-24, 2.48902536664e-24, 1.97256680946e-24, 3.5485503649e-24, 2.7386022216e-24, 2.55944047154e-24, 3.16607174664e-24, 3.83616747322e-24, 3.7784350823e-24, 3.36163135113e-24, 2.94717743937e-24, 4.24735569804e-24, 4.50010554878e-24, 3.10380222223e-24, 3.09252466673e-24, 4.77491826132e-24, 4.96741767713e-24, 4.18038140718e-24, 5.40085690707e-24, 5.78021380551e-24, 4.16519780691e-24, 5.24152199258e-24, 5.47474359161e-24, 5.15313643903e-24, 6.36041745142e-24, 6.99949654771e-24, 6.08815236518e-24], "var": [4.33657123722e-06, 1.19186142911e-05, 1.59356795848e-06, 4.85115208448e-07, 2.001541759e-07, 1.50320701664e-07, 1.40109136737e-07, 2.12873089822e-07, 2.94307113791e-07, 4.70998202218e-07, 1.04441376436e-07, 6.8752378013e-08, 1.3648644881e-07, 8.49121590818e-08, 4.23453379028e-08, 2.29017071973e-08, 2.9393154577e-08, 1.03392654438e-08, 6.48853193397e-09, 7.79467690393e-09, 4.68809657761e-09, 2.15774886847e-09, 2.58491450467e-09, 9.89021420317e-10, 5.09860709208e-10, 3.41120881542e-10, 9.55130488589e-11, 7.96467891639e-11, 3.52241985579e-11, 2.27043678996e-11, 6.11941192163e-11, 1.65104371147e-11, 1.05656759383e-11, 1.10571447831e-11, 2.58152249577e-11, 1.05265180253e-11, 6.51941348129e-12, 3.41003332342e-12, 1.83401384357e-12, 7.51817770366e-13]}, "melbands_crest": {"dmean": 3.22146296501, "dmean2": 5.22138214111, "dvar": 9.0702495575, "dvar2": 22.3228034973, "max": 30.6787071228, "mean": 12.8588113785, "median": 12.0445842743, "min": 1.6287163496, "var": 26.8371372223}, "melbands_flatness_db": {"dmean": 0.0257808119059, "dmean2": 0.038852237165, "dvar": 0.000877444457728, "dvar2": 0.00179807760287, "max": 0.542879402637, "mean": 0.188256859779, "median": 0.181570917368, "min": 0.0035243879538, "var": 0.00464834459126}, "melbands_kurtosis": {"dmean": 7.5310459137, "dmean2": 11.5389509201, "dvar": 579.748291016, "dvar2": 1016.65393066, "max": 778.586669922, "mean": 11.9179172516, "median": 5.52925920486, "min": -1.83973014355, "var": 1210.29772949}, "melbands_skewness": {"dmean": 0.739388644695, "dmean2": 1.11844265461, "dvar": 0.943973302841, "dvar2": 2.0358839035, "max": 19.364522934, "mean": 2.27613949776, "median": 2.07565736771, "min": -1.67771208286, "var": 2.9700524807}, "melbands_spread": {"dmean": 7.28193330765, "dmean2": 11.1382980347, "dvar": 101.634140015, "dvar2": 214.432312012, "max": 230.528305054, "mean": 27.3932571411, "median": 22.2738933563, "min": 0.375180870295, "var": 505.244567871}, "mfcc": {"cov": [[12856.3154297, 908.944152832, -513.429321289, 22.904586792, -32.5440177917, 185.940231323, -130.981903076, 219.375930786, -24.5314388275, 81.1989364624, 18.2285442352, -41.8384246826, -201.606231689], [908.944152832, 1555.36853027, -174.77835083, 309.430480957, 13.5577573776, -45.5106925964, 110.241615295, 1.7550547123, -4.40712881088, -41.7899017334, 22.8663730621, 25.1852798462, 40.2738761902], [-513.429321289, -174.77835083, 693.956115723, 24.5067062378, 76.095413208, 35.9742889404, 33.7018661499, 53.7318611145, -11.7941331863, 10.0402212143, 12.3342370987, 27.3836421967, 13.537727356], [22.904586792, 309.430480957, 24.5067062378, 390.879211426, 130.919616699, 13.1606397629, 3.61994123459, -1.48419511318, 32.3999443054, 6.68057346344, -2.05596041679, 7.26194572449, 28.1741695404], [-32.5440177917, 13.5577573776, 76.095413208, 130.919616699, 284.569854736, 27.4220352173, -2.98348140717, 17.1078720093, 30.576166153, 14.4213085175, -15.8304433823, -8.00124168396, 29.7196216583], [185.940231323, -45.5106925964, 35.9742889404, 13.1606397629, 27.4220352173, 159.698318481, 32.9075126648, 22.691280365, 5.35947132111, 21.2901325226, 18.8091964722, 8.15644073486, -7.47044849396], [-130.981903076, 110.241615295, 33.7018661499, 3.61994123459, -2.98348140717, 32.9075126648, 197.310394287, 56.3870544434, -17.1374568939, -4.77166986465, 28.3336009979, 12.4414806366, 13.6529550552], [219.375930786, 1.7550547123, 53.7318611145, -1.48419511318, 17.1078720093, 22.691280365, 56.3870544434, 133.563140869, 30.4250259399, 21.9580116272, 9.70087528229, 6.56273603439, 9.53975868225], [-24.5314388275, -4.40712881088, -11.7941331863, 32.3999443054, 30.576166153, 5.35947132111, -17.1374568939, 30.4250259399, 107.230392456, 34.5241012573, -2.58296847343, 2.02087903023, 6.63151264191], [81.1989364624, -41.7899017334, 10.0402212143, 6.68057346344, 14.4213085175, 21.2901325226, -4.77166986465, 21.9580116272, 34.5241012573, 99.0671234131, 31.6183357239, 2.55472302437, -4.53672456741], [18.2285442352, 22.8663730621, 12.3342370987, -2.05596041679, -15.8304433823, 18.8091964722, 28.3336009979, 9.70087528229, -2.58296847343, 31.6183357239, 76.3115463257, 23.1371746063, -0.239067479968], [-41.8384246826, 25.1852798462, 27.3836421967, 7.26194572449, -8.00124168396, 8.15644073486, 12.4414806366, 6.56273603439, 2.02087903023, 2.55472302437, 23.1371746063, 76.4745407104, 22.4748134613], [-201.606231689, 40.2738761902, 13.537727356, 28.1741695404, 29.7196216583, -7.47044849396, 13.6529550552, 9.53975868225, 6.63151264191, -4.53672456741, -0.239067479968, 22.4748134613, 76.7870254517]], "icov": [[0.000100369281427, -8.32804071251e-05, 7.45670186006e-05, 3.64916086255e-05, -2.90887055598e-05, -0.000139317111461, 0.000197355431737, -0.00029272705433, 0.000152523411089, -6.69281798764e-05, 2.5770652428e-05, -3.25671571773e-05, 0.000272133474937], [-8.32804071251e-05, 0.000959854049142, 0.000187091674889, -0.000821388617624, 0.000213268023799, 0.000437703245552, -0.000663079961669, 0.00021981781174, -8.09850971564e-05, 0.000418417708715, -0.000311403768137, -0.000103094789665, -0.000342144659953], [7.45670186006e-05, 0.000187091674889, 0.00170344114304, -0.000174281012733, -0.000421154632932, -0.000177957947017, 1.361858358e-05, -0.000856728176586, 0.000643809325993, -2.87070179184e-05, -6.68585707899e-05, -0.000634094059933, 0.000239069602685], [3.64916086255e-05, -0.000821388617624, -0.000174281012733, 0.00383272813633, -0.00153916794807, -0.000381440389901, 0.000320702820318, 0.000407938234275, -0.000736696121749, -0.000155430810992, 4.66674173367e-05, -0.000117220944958, -0.00030913297087], [-2.90887055598e-05, 0.000213268023799, -0.000421154632932, -0.00153916794807, 0.00474089337513, -0.000652367598377, 1.65331857716e-05, -8.87874775799e-05, -0.000607329886407, -0.0004752597888, 0.000981079181656, 0.00101910461672, -0.00171038450208], [-0.000139317111461, 0.000437703245552, -0.000177957947017, -0.000381440389901, -0.000652367598377, 0.00733922142535, -0.00142725615297, -7.99716217443e-05, -0.000122012577776, -0.000783205439802, -0.000947204069234, -0.000702405057382, 0.000973096583039], [0.000197355431737, -0.000663079961669, 1.361858358e-05, 0.000320702820318, 1.65331857716e-05, -0.00142725615297, 0.00733460811898, -0.00357779534534, 0.00181370740756, 0.00103058014065, -0.00220510247163, 0.000273325276794, -0.000441619660705], [-0.00029272705433, 0.00021981781174, -0.000856728176586, 0.000407938234275, -8.87874775799e-05, -7.99716217443e-05, -0.00357779534534, 0.0108865983784, -0.00343637890182, -0.0011704901699, 0.000438965391368, 8.14368322608e-05, -0.00136712624226], [0.000152523411089, -8.09850971564e-05, 0.000643809325993, -0.000736696121749, -0.000607329886407, -0.000122012577776, 0.00181370740756, -0.00343637890182, 0.0125104859471, -0.00417444203049, 0.00193702522665, -0.000834427366499, -0.000149450119352], [-6.69281798764e-05, 0.000418417708715, -2.87070179184e-05, -0.000155430810992, -0.0004752597888, -0.000783205439802, 0.00103058014065, -0.0011704901699, -0.00417444203049, 0.0145018026233, -0.00680363504216, 0.00134282303043, 0.000539935252164], [2.5770652428e-05, -0.000311403768137, -6.68585707899e-05, 4.66674173367e-05, 0.000981079181656, -0.000947204069234, -0.00220510247163, 0.000438965391368, 0.00193702522665, -0.00680363504216, 0.0188662447035, -0.00519455783069, 0.00110119977035], [-3.25671571773e-05, -0.000103094789665, -0.000634094059933, -0.000117220944958, 0.00101910461672, -0.000702405057382, 0.000273325276794, 8.14368322608e-05, -0.000834427366499, 0.00134282303043, -0.00519455783069, 0.0165065582842, -0.00509419804439], [0.000272133474937, -0.000342144659953, 0.000239069602685, -0.00030913297087, -0.00171038450208, 0.000973096583039, -0.000441619660705, -0.00136712624226, -0.000149450119352, 0.000539935252164, 0.00110119977035, -0.00509419804439, 0.0165325365961]], "mean": [-671.758544922, 124.25113678, -9.86322021484, 25.0629711151, 0.362283736467, 6.08581542969, -1.45553004742, 7.05824804306, -4.02403259277, -2.08340740204, 0.665459871292, 2.77231454849, -2.49514389038]}, "pitch_salience": {"dmean": 0.0712507367134, "dmean2": 0.114728398621, "dvar": 0.00543300807476, "dvar2": 0.0133095346391, "max": 0.972634732723, "mean": 0.572920203209, "median": 0.583437681198, "min": 0.07156162709, "var": 0.0146486489102}, "silence_rate_20dB": {"dmean": 0, "dmean2": 0, "dvar": 0, "dvar2": 0, "max": 1, "mean": 1, "median": 1, "min": 1, "var": 0}, "silence_rate_30dB": {"dmean": 0.00362084573135, "dmean2": 0.00724262790754, "dvar": 0.00360787240788, "dvar2": 0.0102948360145, "max": 1, "mean": 0.997931241989, "median": 1, "min": 0, "var": 0.00206435890868}, "silence_rate_60dB": {"dmean": 0.0230182334781, "dmean2": 0.04604241997, "dvar": 0.0224889721721, "dvar2": 0.0480578280985, "max": 1, "mean": 0.131109386683, "median": 0, "min": 0, "var": 0.113918952644}, "spectral_centroid": {"dmean": 239.147216797, "dmean2": 370.110870361, "dvar": 93203.7109375, "dvar2": 195110.984375, "max": 11730.9794922, "mean": 1546.16149902, "median": 1353.32885742, "min": 123.576881409, "var": 1876005.75}, "spectral_complexity": {"dmean": 3.37023139, "dmean2": 5.02793598175, "dvar": 16.3108081818, "dvar2": 31.3907833099, "max": 59, "mean": 17.6742954254, "median": 17, "min": 0, "var": 114.088569641}, "spectral_contrast_coeffs": {"dmean": [0.047114752233, 0.0425360947847, 0.0367050543427, 0.0300364661962, 0.0217905826867, 0.0207069963217], "dmean2": [0.0765522271395, 0.0694615021348, 0.0586412660778, 0.0479751527309, 0.0346272587776, 0.0314719602466], "dvar": [0.00164452765603, 0.00136401795316, 0.000969279848505, 0.000716962618753, 0.000392962479964, 0.000423056917498], "dvar2": [0.00433931965381, 0.00353061431088, 0.00234917993657, 0.00165611947887, 0.000901485385839, 0.000922807725146], "max": [-0.202460363507, -0.419283509254, -0.466381520033, -0.50878059864, -0.563036382198, -0.542114257812], "mean": [-0.659954786301, -0.745212376118, -0.769247412682, -0.779611825943, -0.779005050659, -0.751159727573], "median": [-0.658954918385, -0.749662160873, -0.779027223587, -0.787472128868, -0.779803872108, -0.750449180603], "min": [-0.995593965054, -0.984496176243, -0.984191298485, -0.9831559062, -0.969387769699, -0.965930521488], "var": [0.00802550278604, 0.00611034268513, 0.00553488684818, 0.00395148666576, 0.00294520962052, 0.0030766017735]}, "spectral_contrast_valleys": {"dmean": [0.400755792856, 0.362013071775, 0.330838233232, 0.297700345516, 0.268778264523, 0.336732059717], "dmean2": [0.643752336502, 0.576074302197, 0.520628213882, 0.448672294617, 0.380878359079, 0.446772903204], "dvar": [0.143687129021, 0.135636329651, 0.119565293193, 0.109727621078, 0.112150803208, 0.16657115519], "dvar2": [0.308912783861, 0.283119827509, 0.243518427014, 0.194810390472, 0.189531877637, 0.284814745188], "max": [-5.22391319275, -4.54689073563, -5.13814640045, -5.65810585022, -5.74324941635, -7.65598630905], "mean": [-7.7983455658, -7.23570585251, -7.71843194962, -8.16836643219, -8.11320114136, -10.9217777252], "median": [-7.15706110001, -6.67490959167, -7.23551940918, -7.6571521759, -7.63161754608, -10.5271129608], "min": [-28.2141418457, -28.0550022125, -27.8304271698, -27.7050571442, -27.5544719696, -27.4328670502], "var": [7.93460512161, 8.0440454483, 7.63025712967, 7.39725065231, 7.36960506439, 5.94997787476]}, "spectral_decrease": {"dmean": 2.00724237231e-09, "dmean2": 2.93358337622e-09, "dvar": 1.30926833915e-17, "dvar2": 2.89432680089e-17, "max": 3.48657351974e-19, "mean": -5.54611823134e-09, "median": -3.94540489168e-09, "min": -4.59740299164e-08, "var": 2.96071863296e-17}, "spectral_energy": {"dmean": 0.0079122427851, "dmean2": 0.0114809460938, "dvar": 0.000193995161681, "dvar2": 0.000425466074375, "max": 0.179061800241, "mean": 0.0225105807185, "median": 0.0161590687931, "min": 9.90893711385e-21, "var": 0.000471975363325}, "spectral_energyband_high": {"dmean": 0.00025594435283, "dmean2": 0.000382875761716, "dvar": 3.46759236436e-07, "dvar2": 9.13010524073e-07, "max": 0.0126638440415, "mean": 0.000514363404363, "median": 0.000235056242673, "min": 7.03629313503e-21, "var": 6.22892969204e-07}, "spectral_energyband_low": {"dmean": 0.00535954954103, "dmean2": 0.00852143391967, "dvar": 0.000174317930941, "dvar2": 0.000412895373302, "max": 0.144688084722, "mean": 0.00791910011321, "median": 0.00390857644379, "min": 1.73795208207e-23, "var": 0.000191270431969}, "spectral_energyband_middle_high": {"dmean": 0.00201683468185, "dmean2": 0.00278025213629, "dvar": 1.17790341392e-05, "dvar2": 2.11549922824e-05, "max": 0.0677008032799, "mean": 0.00613092025742, "median": 0.00289005879313, "min": 1.08131691158e-21, "var": 6.62019447191e-05}, "spectral_energyband_middle_low": {"dmean": 0.00320302788168, "dmean2": 0.00493360264227, "dvar": 3.07530281134e-05, "dvar2": 7.61708070058e-05, "max": 0.0984838828444, "mean": 0.00889916904271, "median": 0.00608538649976, "min": 1.33576857826e-22, "var": 8.3692066255e-05}, "spectral_entropy": {"dmean": 0.141012266278, "dmean2": 0.20553214848, "dvar": 0.0265407338738, "dvar2": 0.0536740422249, "max": 9.82587909698, "mean": 7.59728765488, "median": 7.59381580353, "min": 5.56583499908, "var": 0.235169023275}, "spectral_flux": {"dmean": 0.0227627456188, "dmean2": 0.0340730473399, "dvar": 0.00090474152239, "dvar2": 0.00182438537013, "max": 0.349831134081, "mean": 0.0740952119231, "median": 0.0608882755041, "min": 6.24736096189e-11, "var": 0.00296814623289}, "spectral_kurtosis": {"dmean": 1.48945021629, "dmean2": 2.50342583656, "dvar": 2.56887984276, "dvar2": 6.95959758759, "max": 25.7338199615, "mean": 4.18481492996, "median": 3.78591227531, "min": -1.27124679089, "var": 7.3474650383}, "spectral_rms": {"dmean": 0.000711567758117, "dmean2": 0.000993826659396, "dvar": 1.00500903955e-06, "dvar2": 1.98820430342e-06, "max": 0.0132172023878, "mean": 0.00412880908698, "median": 0.003970509395, "min": 3.10922121383e-12, "var": 4.9143918659e-06}, "spectral_rolloff": {"dmean": 444.78213501, "dmean2": 734.575195312, "dvar": 622660.0625, "dvar2": 1317746.25, "max": 20219.6777344, "mean": 1781.70495605, "median": 1227.39257812, "min": 64.599609375, "var": 6633173.5}, "spectral_skewness": {"dmean": 0.206034258008, "dmean2": 0.329688370228, "dvar": 0.0426489450037, "dvar2": 0.101047128439, "max": 3.80178761482, "mean": 1.44471395016, "median": 1.42679262161, "min": -0.0858987495303, "var": 0.200253337622}, "spectral_spread": {"dmean": 517923.46875, "dmean2": 757236.5625, "dvar": 911770058752, "dvar2": 2247674560510.0, "max": 