{"lowlevel": {"average_loudness": 0.862968802452, "barkbands": {"dmean": [5.24478127772e-05, 0.00442178081721, 0.00151139020454, 0.00136148568708, 0.00115121586714, 0.000749044236727, 0.0008965653833, 0.000431326159742, 0.000560840184335, 0.000885507906787, 0.000818655651528, 0.00041029122076, 0.000391790730646, 0.000326210923959, 0.000288353447104, 0.000256766099483, 0.000278904364677, 0.000234958424699, 0.000203096307814, 0.000193930245587, 0.000248661875958, 0.00021094220574, 0.000184518707101, 0.000144001940498, 0.00016032178246, 0.000178599570063, 8.73562967172e-05], "dmean2": [7.84994845162e-05, 0.00748696131632, 0.00272314553149, 0.00224933610298, 0.00200655427761, 0.00120604468975, 0.00143560091965, 0.000694877642673, 0.000876188219991, 0.0014070085017, 0.00122800422832, 0.000651753216516, 0.000613091746345, 0.000514662708156, 0.000458036840428, 0.00040949092363, 0.00043819253915, 0.000373134040274, 0.000309987080982, 0.000296366604744, 0.000377628719434, 0.000310750037897, 0.000251726276474, 0.000186956924153, 0.000201973394724, 0.000226835589274, 0.00012020914437], "dvar": [1.53946420056e-08, 0.000121164652228, 1.76334997377e-05, 9.56108124228e-06, 1.08393396658e-05, 2.11040674003e-06, 5.49357810087e-06, 1.37398785682e-06, 2.24576524488e-06, 9.30399437493e-06, 7.50737535782e-06, 1.11349118015e-06, 1.10323946956e-06, 1.10517009944e-06, 5.07236507019e-07, 3.24993948198e-07, 4.83112728489e-07, 2.82849214273e-07, 1.8071489194e-07, 1.26265490508e-07, 2.39912083089e-07, 2.04857698805e-07, 1.5097621997e-07, 7.49481827711e-08, 8.41056717604e-08, 1.21995981317e-07, 3.44359314397e-08], "dvar2": [3.28814557804e-08, 0.000318273028824, 5.02383772982e-05, 2.35625175264e-05, 3.04759032588e-05, 5.51475523025e-06, 1.41556647577e-05, 3.30888587996e-06, 5.29881936018e-06, 2.25443727686e-05, 1.53030923684e-05, 2.48917012868e-06, 2.58150521404e-06, 2.55495979218e-06, 1.20973129469e-06, 7.99014969743e-07, 1.07792288873e-06, 6.48413276849e-07, 3.95066820147e-07, 2.80744330894e-07, 5.3878665085e-07, 4.48112274398e-07, 2.83638286191e-07, 1.30295759959e-07, 1.45125255813e-07, 2.16982385837e-07, 7.26014306451e-08], "max": [0.00235141627491, 0.0963130742311, 0.0794510617852, 0.0371809229255, 0.0439492426813, 0.0365273915231, 0.0617606081069, 0.0278639551252, 0.0340718217194, 0.0792481079698, 0.0719964280725, 0.0288008283824, 0.0236093439162, 0.0269015114754, 0.0213307850063, 0.0142674678937, 0.0208659823984, 0.0172874797136, 0.018450204283, 0.00574070122093, 0.0140798101202, 0.0111997192726, 0.0224578231573, 0.00891230907291, 0.00654228543863, 0.00398021191359, 0.00207042321563], "mean": [8.21449502837e-05, 0.00589786237106, 0.00170550076291, 0.00191384612117, 0.00151493307203, 0.00130942685064, 0.00131526112091, 0.000600411440246, 0.000862213899381, 0.00122026586905, 0.00122647336684, 0.000675168761518, 0.000570463715121, 0.000450866762549, 0.000422772514867, 0.000386179657653, 0.000453133980045, 0.000365773797967, 0.000358142482582, 0.00033729057759, 0.000413424015278, 0.000354753923602, 0.000339131249348, 0.00026513056946, 0.00028208718868, 0.000270245480351, 0.00011959317635], "median": [1.30337739392e-05, 0.00217236112803, 0.000526044343133, 0.000622293562628, 0.000727304548491, 0.000639940612018, 0.000511606631335, 0.00020246769418, 0.00030572275864, 0.00024760919041, 0.000252664758591, 0.000210590165807, 0.000194344291231, 0.00015247479314, 0.000184098287718, 0.00017117583775, 0.000184334727237, 0.000162634038134, 0.000170246406924, 0.000123140649521, 0.000139307288919, 9.69151005847e-05, 9.53092530835e-05, 7.52010819269e-05, 6.9963716669e-05, 3.36322482326e-05, 6.15613862465e-06], "min": [3.56516540194e-14, 5.37484892205e-14, 3.62665355646e-14, 3.68417522509e-14, 9.59216633531e-14, 1.0248853361e-13, 1.0580161828e-13, 9.95163966424e-14, 1.07115352829e-13, 5.88219929579e-14, 2.53674848055e-14, 1.57476875778e-14, 1.1775921289e-14, 1.42598471009e-14, 2.22333815855e-14, 1.87455946761e-14, 1.38170301345e-14, 6.62032277957e-14, 4.97081285096e-14, 4.99239829978e-14, 7.7148689184e-14, 7.831823162e-14, 6.58882941696e-14, 2.2902635192e-13, 1.68474433081e-13, 2.93832368376e-13, 1.848009186e-13], "var": [2.86216010892e-08, 0.00011042967526, 1.35838563438e-05, 1.19949518194e-05, 8.14540453575e-06, 3.67537722923e-06, 6.74314469506e-06, 2.15101113099e-06, 3.4694076021e-06, 1.38360628625e-05, 1.66805930348e-05, 2.65599055638e-06, 1.73674061443e-06, 1.45096123561e-06, 6.91604611802e-07, 4.71036116778e-07, 8.55914436215e-07, 4.53055662319e-07, 3.6095377709e-07, 2.83675575474e-07, 4.92015146847e-07, 4.29757989195e-07, 4.23869522592e-07, 2.35214585587e-07, 2.33967909935e-07, 2.69666600161e-07, 6.01065082151e-08]}, "barkbands_crest": {"dmean": 2.7097465992, "dmean2": 4.42442417145, "dvar": 7.97685623169, "dvar2": 20.5551757812, "max": 26.7755146027, "mean": 9.08807945251, "median": 8.07263946533, "min": 2.01741051674, "var": 18.7343730927}, "barkbands_flatness_db": {"dmean": 0.0210437197238, "dmean2": 0.0313288979232, "dvar": 0.000676680647302, "dvar2": 0.00140587158967, "max": 0.631610095501, "mean": 0.0926555767655, "median": 0.083603143692, "min": 0.013279857114, "var": 0.00271148607135}, "barkbands_kurtosis": {"dmean": 4.37223625183, "dmean2": 6.58647918701, "dvar": 1480.77868652, "dvar2": 2754.15185547, "max": 1712.11437988, "mean": 4.37998914719, "median": 0.576917290688, "min": -1.89140081406, "var": 1996.74133301}, "barkbands_skewness": {"dmean": 0.580313563347, "dmean2": 0.849633991718, "dvar": 1.11931097507, "dvar2": 2.02518820763, "max": 36.7577896118, "mean": 1.11715209484, "median": 1.01452708244, "min": -8.45081615448, "var": 2.75067734718}, "barkbands_spread": {"dmean": 8.98138999939, "dmean2": 12.6732568741, "dvar": 96.0548934937, "dvar2": 195.905181885, "max": 129.754043579, "mean": 34.6666107178, "median": 30.2275276184, "min": 0.242032080889, "var": 358.110412598}, "dissonance": {"dmean": 0.0161155052483, "dmean2": 0.027175558731, "dvar": 0.000395012379158, "dvar2": 0.00105611339677, "max": 0.500000059605, "mean": 0.471976548433, "median": 0.479279875755, "min": 0.073835901916, "var": 0.000825292197987}, "dynamic_complexity": 4.40975856781, "erbbands": {"dmean": [0.0951643884182, 1.10602509975, 1.96857130527, 2.91192531586, 4.92019128799, 3.31031179428, 4.56452894211, 6.71133327484, 9.93739032745, 12.9586057663, 10.2588195801, 11.7936868668, 20.0264415741, 39.5884208679, 15.0831699371, 15.4616003036, 16.251625061, 14.4701700211, 14.867430687, 13.0143566132, 15.0807790756, 14.6980056763, 13.3087215424, 10.7330570221, 9.0091753006, 8.8554725647, 8.90342903137, 10.5294599533, 7.9368185997, 6.61736059189, 4.88125514984, 3.77292490005, 2.22973251343, 1.9484372139, 1.05809426308, 0.71146696806, 0.346918642521, 0.104302182794, 0.0149482442066, 0.000584833498579], "dmean2": [0.16198669374, 1.87234723568, 3.44974136353, 4.87070035934, 8.18519496918, 5.77112293243, 7.40225696564, 10.9076728821, 15.9494838715, 21.0747375488, 16.1566257477, 18.5335197449, 31.7519340515, 60.5706329346, 22.9139328003, 23.8304233551, 25.19688797, 22.4890594482, 23.2631626129, 20.7581310272, 23.8630065918, 22.8726558685, 21.0994720459, 16.4952087402, 13.5749874115, 13.4827508926, 13.3699140549, 16.2731170654, 11.763507843, 9.56389808655, 6.63615274429, 5.09241104126, 2.88755941391, 2.54381465912, 1.33861887455, 0.923085927963, 0.456201583147, 0.138716027141, 0.0209401082247, 0.000826603907626], "dvar": [0.054860971868, 7.70206165314, 27.4668197632, 37.3871536255, 208.230987549, 71.4725494385, 73.9720306396, 191.393890381, 642.984375, 1395.12890625, 653.932006836, 1197.88635254, 4213.55664062, 14904.6972656, 1262.61865234, 1585.29162598, 1872.64196777, 1990.11157227, 1854.13110352, 1045.38439941, 1086.65356445, 1215.59997559, 969.564697266, 552.073059082, 286.080932617, 276.244018555, 338.810058594, 458.704498291, 277.406707764, 197.487609863, 111.092727661, 51.0780944824, 19.5449638367, 13.9704504013, 3.65409183502, 1.80999994278, 0.497593432665, 0.048298664391, 0.00101549783722, 1.50445112013e-06], "dvar2": [0.141414493322, 20.4038715363, 76.2392578125, 98.7851867676, 546.555603027, 202.914077759, 197.155593872, 493.697296143, 1635.65283203, 3709.82250977, 1534.85119629, 2909.69335938, 10391.9189453, 34741.6953125, 2777.08154297, 3589.30175781, 4324.66894531, 4711.43945312, 4271.95361328, 2629.25488281, 2690.79248047, 2538.04516602, 2199.13427734, 1262.5546875, 608.131896973, 612.793395996, 731.876831055, 1085.95300293, 610.177001953, 418.553009033, 208.693527222, 94.5331039429, 35.2843475342, 25.3497676849, 6.44266414642, 3.23677325249, 0.931967735291, 0.0944763720036, 0.00217586872168, 3.29562431034e-06], "max": [2.53894519806, 25.2875061035, 76.7870330811, 62.5205574036, 183.572677612, 99.5732421875, 179.297546387, 358.479736328, 798.741882324, 1039.64794922, 644.221435547, 934.892700195, 1650.77038574, 2740.71850586, 834.757019043, 1030.48779297, 1118.34521484, 1225.24401855, 1728.99047852, 1059.70666504, 750.69744873, 905.080322266, 1165.09765625, 1108.16394043, 371.774627686, 301.47064209, 717.071350098, 495.116943359, 365.412445068, 518.758300781, 622.12713623, 288.742980957, 146.209701538, 112.646644592, 25.0673179626, 15.2682819366, 8.95731163025, 2.58223009109, 0.350697904825, 0.0120703056455], "mean": [0.116642713547, 1.47977495193, 2.38843941689, 4.46638727188, 5.77549028397, 4.81316328049, 7.80338668823, 10.9624700546, 14.9421644211, 18.6216545105, 15.6809062958, 17.7659378052, 29.5378475189, 62.8044395447, 25.6020126343, 26.6619281769, 25.7201194763, 22.0121688843, 22.9316730499, 20.3795623779, 25.0158672333, 25.9877281189, 21.4586143494, 18.3083877563, 17.0066986084, 15.4004592896, 15.7055530548, 16.5423946381, 13.2576446533, 11.3473844528, 8.97698974609, 6.83637142181, 4.02723073959, 3.40196847916, 1.77710545063, 1.11358261108, 0.504021823406, 0.143796861172, 0.020712736994, 0.000830459583085], "median": [0.0336466580629, 0.53800034523, 0.987659215927, 1.75466263294, 1.98740851879, 2.49989962578, 4.16682338715, 5.21302843094, 6.54045772552, 7.36867713928, 6.40132045746, 7.06264686584, 8.51006698608, 12.427570343, 10.3971996307, 9.15076828003, 9.32178211212, 9.41014099121, 10.0719871521, 10.5011234283, 11.6088428497, 11.1649188995, 10.0246515274, 8.96763324738, 7.53382587433, 5.69092416763, 5.89421796799, 5.16482162476, 3.79046750069, 3.16952204704, 2.43842673302, 1.91652107239, 1.12108898163, 0.862958431244, 0.425254166126, 0.180638968945, 0.0550803281367, 0.0101846940815, 0.00110931578092, 7.55118817324e-05], "min": [1.95392898909e-12, 1.09486256866e-11, 3.72625298672e-11, 9.1657202661e-11, 1.88743770613e-10, 3.45373923905e-10, 5.81627801477e-10, 9.17275255752e-10, 1.35676392343e-09, 1.8572742233e-09, 2.28937668822e-09, 2.43993403259e-09, 2.13919060243e-09, 1.48950796142e-09, 8.95182483696e-10, 6.29691354614e-10, 5.52993872915e-10, 6.53162135489e-10, 1.01626229654e-09, 1.20157139794e-09, 8.92876994563e-10, 9.3905805354e-10, 3.24443671929e-09, 2.1334383149e-09, 3.95652577367e-09, 2.06419148441e-09, 2.09702477605e-09, 3.74935860137e-09, 3.01168667782e-09, 1.22085508369e-09, 2.03544225919e-09, 4.80445683237e-09, 3.63539864878e-09, 2.73302491749e-09, 7.98114740963e-10, 1.26965304936e-09, 4.90266049979e-10, 2.09725875555e-10, 2.76314145176e-11, 1.12383995339e-12], "var": [0.0504825673997, 6.95349311829, 22.3691673279, 47.757900238, 174.797943115, 60.3861465454, 115.020957947, 312.216522217, 803.678710938, 1513.2409668, 1085.71569824, 1551.93286133, 6018.28369141, 32410.9257812, 2699.22875977, 3888.35864258, 3219.8894043, 2531.00219727, 2705.17016602, 1276.5357666, 1754.54980469, 2671.20166016, 1566.31420898, 958.595092773, 685.155029297, 602.948425293, 718.336669922, 828.891296387, 581.024780273, 441.270324707, 321.334350586, 152.381103516, 57.2523460388, 37.5288047791, 9.27677440643, 4.14481782913, 1.00724887848, 0.0891783237457, 0.00176983128767, 2.60570664068e-06]}, "erbbands_crest": {"dmean": 2.53153514862, "dmean2": 4.05962514877, "dvar": 7.70734977722, "dvar2": 17.8535995483, "max": 34.636516571, "mean": 8.16651439667, "median": 6.48123788834, "min": 2.13411307335, "var": 26.0575752258}, "erbbands_flatness_db": {"dmean": 0.0198623128235, "dmean2": 0.0272378288209, "dvar": 0.000508402357809, "dvar2": 0.000921148865018, "max": 0.522408783436, "mean": 0.120365969837, "median": 0.111921042204, "min": 0.0289402771741, "var": 0.00262372661382}, "erbbands_kurtosis": {"dmean": 1.57487440109, "dmean2": 2.36074113846, "dvar": 97.905708313, "dvar2": 168.465164185, "max": 495.775512695, "mean": 1.61568558216, "median": -0.165321707726, "min": -1.87698984146, "var": 293.557281494}, "erbbands_skewness": {"dmean": 0.397965699434, "dmean2": 0.583921909332, "dvar": 0.324940800667, "dvar2": 0.62538510561, "max": 17.0658969879, "mean": 0.226138830185, "median": 0.188875883818, "min": -4.28370141983, "var": 1.28825438023}, "erbbands_spread": {"dmean": 10.0557813644, "dmean2": 14.8377380371, "dvar": 122.647338867, "dvar2": 272.05178833, "max": 214.512832642, "mean": 44.4556045532, "median": 41.7243270874, "min": 0.198857083917, "var": 432.487304688}, "gfcc": {"cov": [[14334.8095703, -243.045196533, 16.0678443909, -162.388076782, 221.782089233, -77.7780761719, -131.521438599, -145.235229492, -107.746864319, -3.83598399162, -38.5232276917, 30.0119838715, -124.260810852], [-243.045196533, 1730.40930176, -629.526489258, 155.476760864, 100.251266479, 17.6058139801, 8.34784317017, -11.9634017944, -7.84344005585, -60.6470680237, 64.77368927, -57.1459960938, 69.5105819702], [16.0678443909, -629.526489258, 1111.4197998, 14.0116539001, 93.0913467407, 112.912216187, 47.7371864319, 75.7226791382, 70.7848358154, 55.0146064758, -36.4408035278, 42.5530509949, -77.1943283081], [-162.388076782, 155.476760864, 14.0116539001, 435.330566406, 119.424873352, 3.76585364342, 10.600484848, -10.3967571259, 40.1269569397, 13.0300760269, 13.82127285, -26.8311061859, -6.17269039154], [221.782089233, 100.251266479, 93.0913467407, 119.424873352, 330.693939209, 25.2469272614, 64.6344451904, 6.21747732162, 15.8718900681, 19.245218277, 5.28789615631, -8.11769008636, -6.49987459183], [-77.7780761719, 17.6058139801, 112.912216187, 3.76585364342, 25.2469272614, 185.847213745, 66.3299026489, 28.6904239655, -9.20032691956, -0.473295420408, 2.20444774628, 10.8772306442, -6.56095838547], [-131.521438599, 8.34784317017, 47.7371864319, 10.600484848, 64.6344451904, 66.3299026489, 172.455383301, 43.7047271729, 14.1160469055, -2.61023187637, -9.71785068512, 2.43303275108, 10.879527092], [-145.235229492, -11.9634017944, 75.7226791382, -10.3967571259, 6.21747732162, 28.6904239655, 43.7047271729, 120.61895752, 57.8068313599, 9.86129760742, -9.83832073212, 2.44352412224, -0.685224950314], [-107.746864319, -7.84344005585, 70.7848358154, 40.1269569397, 15.8718900681, -9.20032691956, 14.1160469055, 57.8068313599, 107.798324585, 34.6546478271, 2.68416047096, -2.1194460392, -6.70108175278], [-3.83598399162, -60.6470680237, 55.0146064758, 13.0300760269, 19.245218277, -0.473295420408, -2.61023187637, 9.86129760742, 34.6546478271, 81.5738983154, 34.6768035889, 2.61596298218, -14.5665130615], [-38.5232276917, 64.77368927, -36.4408035278, 13.82127285, 5.28789615631, 2.20444774628, -9.71785068512, -9.83832073212, 2.68416047096, 34.6768035889, 81.7573013306, 26.1174144745, -5.27652454376], [30.0119838715, -57.1459960938, 42.5530509949, -26.8311061859, -8.11769008636, 10.8772306442, 2.43303275108, 2.44352412224, -2.1194460392, 2.61596298218, 26.1174144745, 72.1352844238, 27.1873188019], [-124.260810852, 69.5105819702, -77.1943283081, -6.17269039154, -6.49987459183, -6.56095838547, 10.879527092, -0.685224950314, -6.70108175278, -14.5665130615, -5.27652454376, 27.1873188019, 80.9410247803]], "icov": [[7.52601044951e-05, 7.93522360709e-07, 2.04473708436e-05, 3.63179024134e-05, -8.47217597766e-05, 1.742985296e-05, 5.33959428139e-05, 6.13423690083e-05, 3.91463181586e-05, -3.66036547348e-05, 0.000134091358632, -0.000160893250722, 0.000184517528396], [7.93522360709e-07, 0.000934495707043, 0.000432125787484, -0.000136539063533, -0.000367353874026, -0.000450308842119, 0.000205716482014, -0.000159534072736, -0.000445512792794, 0.00112832849845, -0.00139081606176, 0.00122144492343, -0.000829364464153], [2.04473708436e-05, 0.000432125787484, 0.00154535251204, -0.000113254223834, -0.000476791348774, -0.000830346019939, 0.000186527788173, -0.000290088442853, -0.000594093755353, -0.00052049435908, 0.00124065601267, -0.00153794733342, 0.00144695420749], [3.63179024134e-05, -0.000136539063533, -0.000113254223834, 0.00286532891914, -0.000940147961956, -0.000190979670151, 0.000156808862812, 0.000987883191556, -0.00153615744784, 0.000516901258379, -0.000790875928942, 0.00123716762755, -0.000321440777043], [-8.47217597766e-05, -0.000367353874026, -0.000476791348774, -0.000940147961956, 0.00399080477655, 0.000294726836728, -0.00158141786233, 0.000296319834888, 0.000381582824048, -0.00107274844777, 0.000196248569409, 8.7620683189e-05, 4.03287740482e-05], [1.742985296e-05, -0.000450308842119, -0.000830346019939, -0.000190979670151, 0.000294726836728, 0.00725265080109, -0.00251396815293, -0.00148913974408, 0.00249663414434, -0.000456388603197, -0.000127226783661, -0.00112576188985, 0.00103826122358], [5.33959428139e-05, 0.000205716482014, 0.000186527788173, 0.000156808862812, -0.00158141786233, -0.00251396815293, 0.00800166744739, -0.00215525133535, -0.00026518892264, 0.000606813526247, 0.000288993760478, 0.000480767630506, -0.0013847820228], [6.13423690083e-05, -0.000159534072736, -0.000290088442853, 0.000987883191556, 0.000296319834888, -0.00148913974408, -0.00215525133535, 0.0133730759844, -0.00748728355393, 0.00082462199498, 0.00129594397731, -0.000498713867273, 0.000116377952509], [3.91463181586e-05, -0.000445512792794, -0.000594093755353, -0.00153615744784, 0.000381582824048, 0.00249663414434, -0.00026518892264, -0.00748728355393, 0.0165320299566, -0.00655994890258, 0.00188122608233, -0.000826914445497, 0.000552740122657], [-3.66036547348e-05, 0.00112832849845, -0.00052049435908, 0.000516901258379, -0.00107274844777, -0.000456388603197, 0.000606813526247, 0.00082462199498, -0.00655994890258, 0.0207544993609, -0.011111128144, 0.0046813506633, -0.000784659641795], [0.000134091358632, -0.00139081606176, 0.00124065601267, -0.000790875928942, 0.000196248569409, -0.000127226783661, 0.000288993760478, 0.00129594397731, 0.00188122608233, -0.011111128144, 0.0233584921807, -0.012613279745, 0.00641630170867], [-0.000160893250722, 0.00122144492343, -0.00153794733342, 0.00123716762755, 8.7620683189e-05, -0.00112576188985, 0.000480767630506, -0.000498713867273, -0.000826914445497, 0.0046813506633, -0.012613279745, 0.0250735916197, -0.0112916454673], [0.000184517528396, -0.000829364464153, 0.00144695420749, -0.000321440777043, 4.03287740482e-05, 0.00103826122358, -0.0013847820228, 0.000116377952509, 0.000552740122657, -0.000784659641795, 0.00641630170867, -0.0112916454673, 0.0190957505256]], "mean": [4.97999477386, 50.4777984619, -100.290939331, 26.0560207367, -54.0614318848, 14.7938890457, -31.2393875122, 9.8574552536, -21.7246513367, 3.96492528915, -16.3557167053, 5.10787248611, -10.5591154099]}, "hfc": {"dmean": 12.8513383865, "dmean2": 15.33527565, "dvar": 371.118591309, "dvar2": 572.989685059, "max": 325.007781982, "mean": 31.4545326233, "median": 18.6793518066, "min": 1.32653159568e-08, "var": 1286.05639648}, "melbands": {"dmean": [0.00107201642822, 0.00117410626262, 0.000587286020163, 0.000289769872325, 0.000145236379467, 0.000147425336763, 0.000163987351698, 0.000130449421704, 8.48684067023e-05, 7.86911623436e-05, 0.000106443665572, 0.000163041724591, 7.12482360541e-05, 4.23397032137e-05, 4.92616163683e-05, 3.56516793545e-05, 2.79170835711e-05, 2.60058495769e-05, 2.42016685661e-05, 1.5731970052e-05, 1.99389978661e-05, 1.79869857675e-05, 1.28368556034e-05, 1.12691686809e-05, 9.35776279221e-06, 7.75834723754e-06, 6.80880839354e-06, 6.32574938209e-06, 5.487976523e-06, 6.73796512274e-06, 6.19998127149e-06, 4.81867618873e-06, 3.85083512811e-06, 3.90003651773e-06, 2.91859487334e-06, 2.66963184004e-06, 2.38094958149e-06, 1.56537976181e-06, 1.60232275448e-06, 1.76384537554e-06], "dmean2": [0.00181241089012, 0.00197724602185, 0.000977294170298, 0.000496316701174, 0.000238197346334, 0.000239263943513, 0.000262837507762, 0.000211840146221, 0.000134258865728, 0.00012351492478, 0.000169357066625, 0.000251233519521, 0.000106733830762, 6.62879465381e-05, 7.74216459831e-05, 5.55404403713e-05, 4.39728974015e-05, 4.10119428125e-05, 3.86251922464e-05, 2.51602505159e-05, 3.18820129905e-05, 2.81702141365e-05, 2.05139494938e-05, 1.80923525477e-05, 1.46537668115e-05, 1.19109345178e-05, 1.0455143638e-05, 9.86918257695e-06, 8.37934112496e-06, 1.04951332105e-05, 9.74395061348e-06, 7.29941575628e-06, 5.73273200644e-06, 5.77176251682e-06, 4.10796019423e-06, 3.72289264305e-06, 3.32538957082e-06, 2.11061069422e-06, 2.13763928514e-06, 2.38940742747e-06], "dvar": [7.01859835317e-06, 8.64349931362e-06, 1.75494210453e-06, 7.13211761649e-07, 7.75153097266e-08, 9.04503139054e-08, 1.71338072619e-07, 1.30010917587e-07, 4.19537755647e-08, 5.22726040231e-08, 1.24014363223e-07, 2.48140310077e-07, 4.10031795184e-08, 1.13183622474e-08, 2.56193892767e-08, 9.06032404657e-09, 8.19693202203e-09, 7.52710693774e-09, 3.97241084471e-09, 1.86173854111e-09, 2.20639617687e-09, 2.18030571375e-09, 1.15169651593e-09, 6.7359978706e-10, 4.72692607278e-10, 2.45176517977e-10, 1.90711071935e-10, 1.47129766703e-10, 1.41073319693e-10, 1.7484236281e-10, 1.68124347777e-10, 1.01803912522e-10, 7.54992734997e-11, 6.71090058524e-11, 4.07595381058e-11, 3.41277561766e-11, 2.02045533082e-11, 9.89169336718e-12, 1.13882965558e-11, 1.14438779633e-11], "dvar2": [1.82769890671e-05, 2.29818087973e-05, 4.48214177595e-06, 1.9586336748e-06, 2.09755256719e-07, 2.34810570987e-07, 4.3679386863e-07, 3.44194546642e-07, 1.00073783926e-07, 1.25701973275e-07, 3.0409989904e-07, 5.88795501244e-07, 8.5092658253e-08, 2.39709709859e-08, 6.38359480831e-08, 2.0321822447e-08, 1.99143048718e-08, 1.71591025833e-08, 9.42898559231e-09, 4.66024507872e-09, 5.52523138353e-09, 4.43717684817e-09, 2.73079625579e-09, 1.61097546414e-09, 1.11632314503e-09, 5.32281552168e-10, 4.29560498283e-10, 3.40950601085e-10, 3.14780895794e-10, 4.14270201476e-10, 4.09053985129e-10, 2.29387606132e-10, 1.71501077229e-10, 1.43342379633e-10, 8.08052999512e-11, 6.57096738133e-11, 3.99052700606e-11, 1.89076133222e-11, 2.21005384132e-11, 2.16553216331e-11], "max": [0.0248862486333, 0.0310747418553, 0.0142496619374, 0.0113918790594, 0.00556315900758, 0.00843663141131, 0.0127883050591, 0.00969864428043, 0.004678202793, 0.00643896963447, 0.00898977741599, 0.0111421681941, 0.00490056443959, 0.0042588179931, 0.0035667703487, 0.00223340978846, 0.00254814676009, 0.00353424693458, 0.00201951619238, 0.00149398180656, 0.00130673218518, 0.0013053836301, 0.00140582479071, 0.00109562638681, 0.00107240513898, 0.000473653170047, 0.000308053800836, 0.000212972459849, 0.000391229521483, 0.000336542056175, 0.000316674762871, 0.000199248868739, 0.000215675929212, 0.000321955507388, 0.000342783983797, 0.000363154249499, 0.000122216733871, 9.95485461317e-05, 0.000125609178212, 7.75339140091e-05], "mean": [0.00141009280924, 0.00158376491163, 0.000837425584905, 0.000369393237634, 0.000255275983363, 0.00024820319959, 0.000248721509706, 0.000190504972124, 0.000125321705127, 0.000115925358841, 0.000151155676576, 0.000255559280049, 0.000111715220555, 6.91429377184e-05, 7.44317658246e-05, 5.12459046149e-05, 3.92476176785e-05, 3.70367743017e-05, 3.48872817995e-05, 2.23315128096e-05, 3.0782619433e-05, 2.90990174108e-05, 1.98484631255e-05, 1.68049773492e-05, 1.465222158e-05, 1.33841776915e-05, 1.14093782031e-05, 1.00148563433e-05, 9.27506698645e-06, 1.05150147647e-05, 9.13377698453e-06, 7.60703414926e-06, 6.35754440736e-06, 6.37709536022e-06, 5.11415373694e-06, 4.73919089927e-06, 4.02862951887e-06, 2.70555892712e-06, 2.73027490039e-06, 2.96242319564e-06], "median": [0.000480688322568, 0.000669818022288, 0.000342929619364, 0.000159552553669, 0.000147300757817, 0.000120608245197, 0.00010804561316, 7.81866619946e-05, 4.83365365653e-05, 4.14725400333e-05, 3.76276802854e-05, 4.91762220918e-05, 3.32221679855e-05, 2.40981244133e-05, 1.66187055584e-05, 1.86284050869e-05, 1.45012636494e-05, 1.32398372443e-05, 1.40410675158e-05, 9.87003659247e-06, 1.30379585244e-05, 1.1013202311e-05, 8.61126409291e-06, 7.42582142266e-06, 6.61741205477e-06, 5.90931540501e-06, 4.03307149099e-06, 3.4158113067e-06, 3.3541632547e-06, 3.46385058947e-06, 2.6181278372e-06, 2.06993354368e-06, 1.64837274497e-06, 1.74907381734e-06, 1.30803323373e-06, 1.29654267766e-06, 1.08151834866e-06, 7.50246272219e-07, 7.10052063368e-07, 7.28653958504e-07], "min": [1.78854886224e-14, 1.80540346263e-14, 1.84152264157e-14, 1.89902821658e-14, 1.98098847981e-14, 2.06406123611e-14, 2.11446833621e-14, 2.07060524325e-14, 1.87796758938e-14, 1.51435260816e-14, 1.05044765543e-14, 6.18046441458e-15, 3.25272044339e-15, 1.90333766611e-15, 1.38914652723e-15, 1.13343596254e-15, 1.21038212954e-15, 1.56132736134e-15, 1.71991246962e-15, 1.4803321651e-15, 9.19122968483e-16, 6.93394564331e-16, 2.06783040567e-15, 3.41991627685e-15, 1.3998996105e-15, 2.14586733934e-15, 3.1578953167e-15, 9.32893288986e-16, 8.8556871119e-16, 2.03287737934e-15, 2.3426873031e-15, 1.9310568193e-15, 1.03457038282e-15, 4.56004422319e-16, 6.69338299233e-16, 2.09815863211e-15, 3.67133979603e-15, 3.26395379433e-15, 1.30018858601e-15, 2.76173948958e-15], "var": [6.4968321567e-06, 7.83213999966e-06, 1.95377538148e-06, 5.57467217277e-07, 1.12061130153e-07, 1.47737182488e-07, 2.16175138235e-07, 1.50486087591e-07, 6.47839613066e-08, 7.16161565606e-08, 1.79114209686e-07, 5.15892452313e-07, 8.98409240335e-08, 2.92616615383e-08, 5.30414716593e-08, 1.38360451984e-08, 9.6754542156e-09, 1.07406057381e-08, 5.54425483301e-09, 2.11279216344e-09, 3.235469892e-09, 4.45667280857e-09, 1.69630776092e-09, 9.12496245231e-10, 7.22976734036e-10, 5.13969089511e-10, 3.98143906732e-10, 2.8423255416e-10, 2.729420856e-10, 3.2357994062e-10, 2.77911610391e-10, 2.00973238051e-10, 1.47157397379e-10, 1.45031403553e-10, 1.0824737634e-10, 9.46329611895e-11, 5.19866476256e-11, 2.66812509586e-11, 2.91373314365e-11, 2.8085844414e-11]}, "melbands_crest": {"dmean": 3.11108422279, "dmean2": 5.04399061203, "dvar": 8.94422626495, "dvar2": 21.4801464081, "max": 36.3041877747, "mean": 12.4576616287, "median": 11.6253728867, "min": 2.73185563087, "var": 25.1706790924}, "melbands_flatness_db": {"dmean": 0.0269827693701, "dmean2": 0.0404728204012, "dvar": 0.00100099039264, "dvar2": 0.00216529285535, "max": 0.789591908455, "mean": 0.153742074966, "median": 0.146214067936, "min": 0.0206132568419, "var": 0.00408652750775}, "melbands_kurtosis": {"dmean": 9.84528827667, "dmean2": 16.0519962311, "dvar": 3158.36547852, "dvar2": 8204.44628906, "max": 3041.55737305, "mean": 13.9744253159, "median": 5.69136619568, "min": -1.95453846455, "var": 3714.59082031}, "melbands_skewness": {"dmean": 0.83232396841, "dmean2": 1.26281917095, "dvar": 1.67004537582, "dvar2": 3.85547184944, "max": 41.5103225708, "mean": 2.39496564865, "median": 2.12988495827, "min": -8.17053222656, "var": 3.93397712708}, "melbands_spread": {"dmean": 11.4207391739, "dmean2": 17.5213108063, "dvar": 331.038604736, "dvar2": 763.696777344, "max": 311.636138916, "mean": 35.4746322632, "median": 28.9565811157, "min": 0.119228467345, "var": 839.044128418}, "mfcc": {"cov": [[12828.640625, 461.932373047, -371.492858887, 72.7637176514, 13.3296051025, 15.5832462311, -81.4227294922, -90.3914642334, -141.39906311, -117.259277344, -85.8922042847, 22.0254001617, -23.8788146973], [461.932373047, 1179.40344238, -305.194580078, 29.2528648376, 42.9625930786, 6.08383655548, 52.200553894, 14.8332414627, 1.40287148952, -17.681678772, -22.9513206482, 4.25292110443, -1.30809748173], [-371.492858887, -305.194580078, 722.113830566, -35.0956954956, 73.7719497681, 47.4042282104, -1.38262557983, 64.2087554932, 36.7342071533, 41.0943260193, 48.8925361633, 30.305721283, 8.66218090057], [72.7637176514, 29.2528648376, -35.0956954956, 360.085174561, 120.573554993, 63.7186126709, 14.5413408279, -2.49968624115, 41.8560180664, 3.19763660431, 31.3148479462, 38.4901161194, 10.3609085083], [13.3296051025, 42.9625930786, 73.7719497681, 120.573554993, 218.060195923, 58.7651672363, 26.1189098358, 14.3136949539, 26.8929157257, 15.7210912704, 32.9076423645, 27.1923065186, 10.769821167], [15.5832462311, 6.08383655548, 47.4042282104, 63.7186126709, 58.7651672363, 151.881271362, 76.9265518188, 27.0636901855, 16.8642311096, 6.31508016586, 14.1553564072, -0.68772906065, 8.23371696472], [-81.4227294922, 52.200553894, -1.38262557983, 14.5413408279, 26.1189098358, 76.9265518188, 139.324417114, 44.8925628662, 21.5939044952, 6.03270959854, 12.5662298203, -2.64584302902, 1.92545795441], [-90.3914642334, 14.8332414627, 64.2087554932, -2.49968624115, 14.3136949539, 27.0636901855, 44.8925628662, 118.381973267, 47.4009933472, 24.4234390259, 5.14049625397, -4.06141281128, 5.51535415649], [-141.39906311, 1.40287148952, 36.7342071533, 41.8560180664, 26.8929157257, 16.8642311096, 21.5939044952, 47.4009933472, 114.529304504, 40.0742111206, 5.4175696373, -2.03298568726, -4.64850139618], [-117.259277344, -17.681678772, 41.0943260193, 3.19763660431, 15.7210912704, 6.31508016586, 6.03270959854, 24.4234390259, 40.0742111206, 92.1908493042, 43.4309959412, 4.25502729416, -2.38948702812], [-85.8922042847, -22.9513206482, 48.8925361633, 31.3148479462, 32.9076423645, 14.1553564072, 12.5662298203, 5.14049625397, 5.4175696373, 43.4309959412, 89.384513855, 38.3575553894, 3.48453187943], [22.0254001617, 4.25292110443, 30.305721283, 38.4901161194, 27.1923065186, -0.68772906065, -2.64584302902, -4.06141281128, -2.03298568726, 4.25502729416, 38.3575553894, 92.2245788574, 31.5762138367], [-23.8788146973, -1.30809748173, 8.66218090057, 10.3609085083, 10.769821167, 8.23371696472, 1.92545795441, 5.51535415649, -4.64850139618, -2.38948702812, 3.48453187943, 31.5762138367, 74.7990188599]], "icov": [[8.22052970761e-05, -2.46640065598e-05, 2.95530426229e-05, -1.01558198367e-05, -1.37676643135e-05, -6.61738886265e-05, 7.75321241235e-05, -1.22039837152e-05, 8.96572528291e-05, 2.1249468773e-05, 7.82552669989e-05, -7.25964564481e-05, 6.52184244245e-05], [-2.46640065598e-05, 0.00101508293301, 0.000471309089335, 9.48074521148e-05, -0.000392507819925, 0.000110003420559, -0.000327869318426, -0.000285860558506, 1.70727071236e-05, -5.14102839588e-06, 0.000256793020526, -0.000290741329081, 0.00012775878713], [2.95530426229e-05, 0.000471309089335, 0.00190868659411, 0.000607580761425, -0.000736142566893, -0.000713794433977, 0.000718742317986, -0.000997900729999, -0.000235781233641, 3.08119524561e-05, -0.000527092430275, -0.000579689745791, 0.00020772436983], [-1.01558198367e-05, 9.48074521148e-05, 0.000607580761425, 0.00404505757615, -0.00178470509127, -0.00147807819303, 0.000836441467982, 0.000441637530457, -0.00173840997741, 0.00108648266178, -0.000952985952608, -0.00107783626299, 0.000159395247465], [-1.37676643135e-05, -0.000392507819925, -0.000736142566893, -0.00178470509127, 0.00655060447752, -0.00138621090446, -3.86337196687e-05, 0.000189057202078, -0.000476193818031, -6.45328109385e-05, -0.00104041059967, -0.00039958229172, -0.000296836456982], [-6.61738886265e-05, 0.000110003420559, -0.000713794433977, -0.00147807819303, -0.00138621090446, 0.0108957979828, -0.00571391591802, 9.50273388298e-05, 0.000452573876828, -4.85164200654e-05, -0.000249182747211, 0.00175075349398, -0.00129240879323], [7.75321241235e-05, -0.000327869318426, 0.000718742317986, 0.000836441467982, -3.86337196687e-05, -0.00571391591802, 0.011739323847, -0.00331283756532, -0.000841628119815, 0.00150991918053, -0.00201212544926, 0.000179077818757, 0.000410612352425], [-1.22039837152e-05, -0.000285860558506, -0.000997900729999, 0.000441637530457, 0.000189057202078, 9.50273388298e-05, -0.00331283756532, 0.0121481595561, -0.00392143242061, -0.00133316754363, 0.0006032922538, 0.000761241593864, -0.00143841479439], [8.96572528291e-05, 1.70727071236e-05, -0.000235781233641, -0.00173840997741, -0.000476193818031, 0.000452573876828, -0.000841628119815, -0.00392143242061, 0.0133599350229, -0.00602487986907, 0.0036337217316, -0.000685053761117, 0.00138430669904], [2.1249468773e-05, -5.14102839588e-06, 3.08119524561e-05, 0.00108648266178, -6.45328109385e-05, -4.85164200654e-05, 0.00150991918053, -0.00133316754363, -0.00602487986907, 0.0184393487871, -0.0103822108358, 0.0031040890608, -0.000685401842929], [7.82552669989e-05, 0.000256793020526, -0.000527092430275, -0.000952985952608, -0.00104041059967, -0.000249182747211, -0.00201212544926, 0.0006032922538, 0.0036337217316, -0.0103822108358, 0.0208900291473, -0.00828222371638, 0.00282437168062], [-7.25964564481e-05, -0.000290741329081, -0.000579689745791, -0.00107783626299, -0.00039958229172, 0.00175075349398, 0.000179077818757, 0.000761241593864, -0.000685053761117, 0.0031040890608, -0.00828222371638, 0.01732541807, -0.00687922071666], [6.52184244245e-05, 0.00012775878713, 0.00020772436983, 0.000159395247465, -0.000296836456982, -0.00129240879323, 0.000410612352425, -0.00143841479439, 0.00138430669904, -0.000685401842929, 0.00282437168062, -0.00687922071666, 0.0164631828666]], "mean": [-645.21887207, 91.5454025269, 8.48229408264, 17.8029232025, 2.29912090302, 6.18548297882, 1.93767690659, 5.81247806549, 2.6573381424, -0.0609578080475, -0.501973688602, 1.09781658649, 0.878777325153]}, "pitch_salience": {"dmean": 0.0750927776098, "dmean2": 0.122685372829, "dvar": 0.00620018690825, "dvar2": 0.015635535121, "max": 0.971247255802, "mean": 0.57609295845, "median": 0.59244120121, "min": 0.0106546776369, "var": 0.015476860106}, "silence_rate_20dB": {"dmean": 0, "dmean2": 0, "dvar": 0, "dvar2": 0, "max": 1, "mean": 1, "median": 1, "min": 1, "var": 0}, "silence_rate_30dB": {"dmean": 0.00234805373475, "dmean2": 0.00469653168693, "dvar": 0.00234268791974, "dvar2": 0.00702332425863, "max": 1, "mean": 0.998826086521, "median": 1, "min": 0, "var": 0.00117236911319}, "silence_rate_60dB": {"dmean": 0.0408200137317, "dmean2": 0.0816473960876, "dvar": 0.0391601398587, "dvar2": 0.079668097198, "max": 1, "mean": 0.160195052624, "median": 0, "min": 0, "var": 0.134513542056}, "spectral_centroid": {"dmean": 311.92376709, "dmean2": 456.841705322, "dvar": 146209.21875, "dvar2": 285381.03125, "max": 11170.3583984, "mean": 1776.77502441, "median": 1629.45410156, "min": 68.8752822876, "var": 652196.1875}, "spectral_complexity": {"dmean": 4.76149177551, "dmean2": 6.65444374084, "dvar": 35.731098175, "dvar2": 58.4586753845, "max": 65, "mean": 20.0707969666, "median": 19, "min": 0, "var": 176.321456909}, "spectral_contrast_coeffs": {"dmean": [0.0459768287838, 0.0461210645735, 0.0412813872099, 0.0324398204684, 0.0228975676, 0.020927073434], "dmean2": [0.0741221606731, 0.0754156187177, 0.0657147392631, 0.0517902933061, 0.0366249457002, 0.0328727997839], "dvar": [0.00168386101723, 0.00145741342567, 0.00119971949607, 0.000790337391663, 0.000416341790697, 0.000441818294348], "dvar2": [0.00416583148763, 0.00385311548598, 0.00287515344098, 0.00185036147013, 0.000967492873315, 0.0010428953683], "max": [-0.381460487843, -0.489561021328, -0.428044289351, -0.512052595615, -0.573002755642, -0.603345036507], "mean": [-0.681708455086, -0.754155099392, -0.75949972868, -0.785905539989, -0.798089563847, -0.769624173641], "median": [-0.683436691761, -0.75735604763, -0.76709663868, -0.79034268856, -0.802500963211, -0.772963106632], "min": [-0.982371449471, -0.985060334206, -0.969247639179, -0.960083723068, -0.957744538784, -0.96282684803], "var": [0.00509348092601, 0.00475024618208, 0.00590381957591, 0.00346534419805, 0.00203964300454, 0.00191140547395]}, "spectral_contrast_valleys": {"dmean": [0.442317426205, 0.39595079422, 0.372508883476, 0.349664419889, 0.307631283998, 0.351637423038], "dmean2": [0.685778260231, 0.617134034634, 0.566073894501, 0.509138047695, 0.431062877178, 0.408638089895], "dvar": [0.215223312378, 0.18706099689, 0.155227214098, 0.166464015841, 0.162994220853, 0.213429257274], "dvar2": [0.428493797779, 0.39035436511, 0.300314873457, 0.305384516716, 0.280691742897, 0.321343898773], "max": [-5.29636716843, -4.69638681412, -5.27017021179, -5.67103481293, -5.44070863724, -7.16281318665], "mean": [-7.52589321136, -6.94842386246, -7.52598905563, -7.84334802628, -7.52168369293, -9.64623069763], "median": [-7.17940568924, -6.63860750198, -7.2605676651, -7.58518123627, -7.30159378052, -9.44530296326], "min": [-27.2972164154, -27.2157325745, -27.0416412354, -27.4446430206, -27.3225803375, -27.1608047485], "var": [1.71397209167, 1.60374855995, 1.50533163548, 1.47585606575, 1.40547966957, 1.54336297512]}, "spectral_decrease": {"dmean": 2.38072273007e-09, "dmean2": 3.56615892372e-09, "dvar": 1.64367554052e-17, "dvar2": 3.78117327452e-17, "max": 3.82741928429e-11, "mean": -5.5268087884e-09, "median": -4.27698143568e-09, "min": -3.78363864684e-08, "var": 2.84435020264e-17}, "spectral_energy": {"dmean": 0.00984442792833, "dmean2": 0.0143428202718, "dvar": 0.000266118178843, "dvar2": 0.000594182114583, "max": 0.15169467032, "mean": 0.0237125270069, "median": 0.018347799778, "min": 2.12490788853e-12, "var": 0.000502621172927}, "spectral_energyband_high": {"dmean": 0.00109842524398, "dmean2": 0.00133041932713, "dvar": 3.42999260283e-06, "dvar2": 5.53533300263e-06, "max": 0.044724188745, "mean": 0.00222340528853, "median": 0.000754262728151, "min": 1.10854424598e-12, "var": 1.12015177365e-05}, "spectral_energyband_low": {"dmean": 0.0055639827624, "dmean2": 0.0090374192223, "dvar": 0.000165807912708, "dvar2": 0.000413532688981, "max": 0.116912029684, "mean": 0.00865665730089, "median": 0.00399751588702, "min": 1.26182606573e-13, "var": 0.000180580915185}, "spectral_energyband_middle_high": {"dmean": 0.00254124682397, "dmean2": 0.00369924888946, "dvar": 2.22080343519e-05, "dvar2": 4.7179782996e-05, "max": 0.08682166785, "mean": 0.00619846768677, "median": 0.00375487143174, "min": 3.23865852756e-13, "var": 6.36732584098e-05}, "spectral_energyband_middle_low": {"dmean": 0.00375671545044, "dmean2": 0.00591728324071, "dvar": 5.21644906257e-05, "dvar2": 0.000129937179736, "max": 0.084894657135, "mean": 0.0077129858546, "median": 0.00545366667211, "min": 5.69198984821e-13, "var": 7.57530870032e-05}, "spectral_entropy": {"dmean": 0.153317406774, "dmean2": 0.210689499974, "dvar": 0.0347165837884, "dvar2": 0.0624320469797, "max": 9.80424308777, "mean": 7.9338555336, "median": 7.95302772522, "min": 3.80894398689, "var": 0.169570818543}, "spectral_flux": {"dmean": 0.0279003698379, "dmean2": 0.0396496616304, "dvar": 0.00130694650579, "dvar2": 0.00232797837816, "max": 0.315957903862, "mean": 0.0817484781146, "median": 0.0688860565424, "min": 4.89220292366e-05, "var": 0.00337706506252}, "spectral_kurtosis": {"dmean": 0.857251465321, "dmean2": 1.35564768314, "dvar": 1.11876344681, "dvar2": 2.7908513546, "max": 34.0704536438, "mean": 3.05144500732, "median": 2.81429052353, "min": -1.24303615093, "var": 2.90953969955}, "spectral_rms": {"dmean": 0.000876542180777, "dmean2": 0.00120116444305, "dvar": 1.46410332036e-06, "dvar2": 2.81418056147e-06, "max": 0.0121653107926, "mean": 0.00423228461295, "median": 0.00423087365925, "min": 4.55310988912e-08, "var": 5.2220239013e-06}, "spectral_rolloff": {"dmean": 1003.5612793, "dmean2": 1554.20825195, "dvar": 2571052.25, "dvar2": 5132840, "max": 15826.9042969, "mean": 2705.55371094, "median": 1765.72265625, "min": 43.06640625, "var": 7229009.5}, "spectral_skewness": {"dmean": 0.17172062397, "dmean2": 0.263004004955, "dvar": 0.0356628485024, "dvar2": 0.0793732181191, "max": 5.09767532349, "mean": 1.35736918449, "median": 1.36664307117, "min": -0.228384882212, "var": 0.123879462481}, "spectral_spread": {"dmean": 795906.125, "dmean2": 1049171, "dvar": 1022944018430.0, "dvar2": 1762690990080.0, "max": 41165484, "mean": 6103635, "median": 5902835, "min": 2046107, "var": 4190079287300.0}, "spectral_strongpeak": {"dmean": 0.5679