{"lowlevel": {"average_loudness": 0.965108335018, "barkbands": {"dmean": [8.12336293166e-06, 0.000794005463831, 0.00124919321388, 0.00120156421326, 0.00275977072306, 0.00249076262116, 0.00290017900988, 0.00235726404935, 0.00216820812784, 0.000754704349674, 0.000379638688173, 0.000389984284993, 0.000369194225641, 0.000290440657409, 0.000223657247261, 0.000143098252011, 9.82209385256e-05, 9.2733753263e-05, 0.000140336895129, 9.10440576263e-05, 4.97949404235e-05, 2.5548535632e-05, 2.12564973481e-05, 2.48926553468e-05, 2.47564694291e-05, 4.62820025859e-06, 2.95501934033e-08], "dmean2": [1.36942035169e-05, 0.00121457525529, 0.00195879093371, 0.00193762104027, 0.00434546219185, 0.00392666459084, 0.00459543336183, 0.00368870818056, 0.00335308536887, 0.00116103352048, 0.000612880277913, 0.0006117488374, 0.000571478507482, 0.000443651224487, 0.000339641148457, 0.000225073905312, 0.000148401537444, 0.00013955157192, 0.000214617699385, 0.000140148011269, 7.43044074625e-05, 3.72587383026e-05, 3.28929345415e-05, 4.04447091569e-05, 4.13290326833e-05, 7.90616104496e-06, 4.91228249189e-08], "dvar": [1.98456778788e-10, 1.5963611304e-06, 4.30334557677e-06, 2.49915365202e-06, 1.20107461044e-05, 1.36071112138e-05, 1.98139787244e-05, 1.32001150632e-05, 1.4487345652e-05, 2.50072821473e-06, 4.18553867121e-07, 4.55344860484e-07, 5.8953048665e-07, 2.62093834635e-07, 2.18784848016e-07, 8.64951701374e-08, 4.58091626854e-08, 7.16025496672e-08, 1.14817254371e-07, 8.32531199535e-08, 3.05807787981e-08, 7.22180448776e-09, 1.27542589823e-08, 6.44365405478e-09, 5.02792474322e-09, 2.61644289568e-10, 9.02794007086e-14], "dvar2": [4.83791118278e-10, 3.5125708564e-06, 1.07506330096e-05, 6.7407690949e-06, 2.92513122986e-05, 3.19207647408e-05, 4.58740469185e-05, 2.93385801342e-05, 3.25298096868e-05, 5.43449641555e-06, 9.93969592855e-07, 1.02863134543e-06, 1.24004191093e-06, 5.80404105222e-07, 4.57458611436e-07, 1.98738504764e-07, 9.69144409169e-08, 1.81626958806e-07, 2.6504758921e-07, 2.08454025596e-07, 6.52564935422e-08, 1.60925957005e-08, 2.64631623281e-08, 1.48999710348e-08, 1.31965283146e-08, 6.73080757796e-10, 2.20995639323e-13], "max": [0.000317942292895, 0.0166244320571, 0.0384824723005, 0.0202933903784, 0.0560355260968, 0.0842176228762, 0.0645987465978, 0.0399143472314, 0.0530476309359, 0.0272265281528, 0.016099402681, 0.0127826454118, 0.0130620598793, 0.00904241204262, 0.0116995833814, 0.00624125497416, 0.00961864925921, 0.0107894437388, 0.0114790145308, 0.013602970168, 0.00533625483513, 0.00271587213501, 0.00531357340515, 0.00265386281535, 0.0011655006092, 0.000317389785778, 1.36428798214e-05], "mean": [1.13589003377e-05, 0.00147451367229, 0.00228048488498, 0.00192832411267, 0.00567428441718, 0.00458372849971, 0.00453674793243, 0.00376822170801, 0.00396508537233, 0.00131255958695, 0.000633643590845, 0.00064469157951, 0.000604731671046, 0.000519329099916, 0.000438182876678, 0.000264707428869, 0.000185890545254, 0.000179030917934, 0.0002483833523, 0.000147890619701, 7.59665126679e-05, 3.66944113921e-05, 2.73068217211e-05, 3.05014309561e-05, 2.53662892646e-05, 3.99853297495e-06, 2.42884077295e-08], "median": [4.26855558544e-06, 0.000518325483426, 0.00115964375436, 0.00121198070701, 0.00401271507144, 0.00295394496061, 0.00233335769735, 0.00175709358882, 0.00113972555846, 0.000454290653579, 0.00034524090006, 0.000343579711625, 0.000205310323508, 0.000205012067454, 0.000149526793393, 0.000126137427287, 7.47134472476e-05, 6.97126815794e-05, 8.69129071361e-05, 6.05318055023e-05, 2.1592111807e-05, 1.03247439256e-05, 5.66710104977e-06, 6.53626921121e-06, 4.92463595947e-06, 1.27682739048e-07, 6.26075080667e-10], "min": [9.80192570237e-24, 3.71261260725e-23, 3.69325806272e-23, 2.08249481326e-23, 6.77341406098e-23, 1.1850637074e-22, 7.61033805235e-23, 3.33888154925e-23, 3.00491128968e-23, 7.29679424152e-23, 7.57086345265e-23, 1.0810470328e-22, 7.69280304703e-23, 9.49283658907e-23, 8.14638229031e-23, 1.55937845937e-22, 1.8103341722e-22, 3.16070058996e-22, 2.73283934814e-22, 2.28155613185e-22, 3.33299084088e-22, 6.14528350209e-22, 6.11965978528e-22, 8.13493711764e-22, 1.19377571054e-21, 1.7663381752e-21, 2.42492580798e-21], "var": [7.04953762032e-10, 4.46621561423e-06, 9.70357541519e-06, 4.64056620331e-06, 3.27513735101e-05, 3.14937751682e-05, 3.77887772629e-05, 2.82986748061e-05, 3.6824716517e-05, 6.03992975812e-06, 8.01361579761e-07, 9.68679842117e-07, 1.35744471663e-06, 6.98536666732e-07, 8.51330071328e-07, 2.31977196563e-07, 1.42981363638e-07, 1.34900815851e-07, 2.20713616272e-07, 1.12984544387e-07, 6.59131416114e-08, 1.13605063135e-08, 2.00795433614e-08, 1.14686642405e-08, 5.45672618202e-09, 2.5420493488e-10, 8.40555720188e-14]}, "barkbands_crest": {"dmean": 2.61058115959, "dmean2": 4.27613019943, "dvar": 4.91432857513, "dvar2": 12.6172657013, "max": 23.7186908722, "mean": 9.74209117889, "median": 9.14714813232, "min": 3.0320224762, "var": 11.5977602005}, "barkbands_flatness_db": {"dmean": 0.0228275228292, "dmean2": 0.0335858054459, "dvar": 0.000407400395488, "dvar2": 0.000812408397906, "max": 0.394983410835, "mean": 0.195217445493, "median": 0.1932259202, "min": 0.0541574880481, "var": 0.00233640405349}, "barkbands_kurtosis": {"dmean": 2.50606703758, "dmean2": 3.94363903999, "dvar": 11.498799324, "dvar2": 27.2801361084, "max": 61.649433136, "mean": 4.89772987366, "median": 3.54545545578, "min": -1.88010919094, "var": 30.6583175659}, "barkbands_skewness": {"dmean": 0.460466533899, "dmean2": 0.705379188061, "dvar": 0.198270067573, "dvar2": 0.436494261026, "max": 6.83414173126, "mean": 1.52465474606, "median": 1.47629594803, "min": -4.13252210617, "var": 0.908202707767}, "barkbands_spread": {"dmean": 3.27532339096, "dmean2": 4.94557905197, "dvar": 24.5402565002, "dvar2": 47.8478469849, "max": 91.1147155762, "mean": 11.4871520996, "median": 9.51868057251, "min": 1.04857456684, "var": 72.5361709595}, "dissonance": {"dmean": 0.0285492856055, "dmean2": 0.047466263175, "dvar": 0.000706162012648, "dvar2": 0.00184522790369, "max": 0.500000238419, "mean": 0.439871042967, "median": 0.4493894279, "min": 0.225836470723, "var": 0.00171569827944}, "dynamic_complexity": 2.00267028809, "erbbands": {"dmean": [0.0130796516314, 0.218437314034, 1.14478695393, 2.95129942894, 4.55688238144, 11.199005127, 18.4089565277, 22.0864067078, 34.3160972595, 44.5669708252, 52.6757926941, 51.0573730469, 31.2893009186, 14.0507469177, 14.7378559113, 13.9266643524, 16.391450882, 13.9326658249, 12.3339500427, 9.30212402344, 6.96134757996, 5.36435604095, 4.98938179016, 5.84092283249, 6.93256139755, 4.35157823563, 2.6998667717, 1.44012880325, 0.981071710587, 0.750139355659, 0.590649962425, 0.47605240345, 0.463623672724, 0.36817085743, 0.121866606176, 0.0352292209864, 0.00604841439053, 0.000426598882768, 1.29847367134e-05, 8.59404281073e-06], "dmean2": [0.0198668166995, 0.334203600883, 1.77988731861, 4.71938323975, 7.42525911331, 17.6654777527, 28.4424571991, 34.777381897, 54.0206413269, 70.6645278931, 80.9343185425, 78.3542785645, 46.9397621155, 21.9873104095, 23.6801204681, 21.7543811798, 25.2144432068, 20.7088375092, 18.4367809296, 14.2243747711, 10.737449646, 7.88429307938, 7.33553123474, 8.73269557953, 10.6573228836, 6.75978755951, 4.06714200974, 2.12212085724, 1.4528554678, 1.11574411392, 0.911941945553, 0.777250945568, 0.756541788578, 0.61902821064, 0.204956501722, 0.0601378679276, 0.0101783871651, 0.000698850955814, 2.09679801628e-05, 1.33259809445e-05], "dvar": [0.000571890093852, 0.120584815741, 3.88903594017, 14.1142282486, 34.0948028564, 242.711868286, 661.047851563, 1346.41430664, 2718.64233398, 5066.43408203, 7142.94824219, 8671.30859375, 4005.31884766, 545.614501953, 681.434448242, 573.065490723, 1166.18139648, 646.43347168, 555.274169922, 438.088989258, 178.799377441, 143.844787598, 171.829666138, 335.293518066, 237.503326416, 212.646331787, 87.6334228516, 30.2507820129, 9.93020153046, 19.1281051636, 7.45479202271, 2.52274918556, 2.26813960075, 1.29803431034, 0.112915739417, 0.0133947152644, 0.000592934025917, 4.45817568107e-06, 1.82726622722e-09, 7.21589593633e-11], "dvar2": [0.0012681868393, 0.261549711227, 9.22235107422, 37.0135421753, 90.9416656494, 600.436096191, 1486.31494141, 3173.19580078, 6199.65380859, 11950.8662109, 15827.3730469, 19292.1601563, 8464.56542969, 1212.38537598, 1553.69177246, 1279.05847168, 2482.84106445, 1384.93359375, 1168.38720703, 990.730957031, 391.853607178, 299.390289307, 413.3253479, 776.371520996, 562.18536377, 563.676513672, 193.858032227, 64.5291290283, 22.3374862671, 42.4625663757, 15.8878154755, 6.05653333664, 5.28668403625, 3.40502023697, 0.295930832624, 0.0360932573676, 0.00146707508247, 1.0274889064e-05, 4.21859258637e-09, 1.61682237043e-10], "max": [0.468311041594, 4.6407494545, 38.573059082, 55.2486419678, 104.867782593, 233.459457397, 419.296508789, 1025.41711426, 869.239562988, 939.938171387, 1172.8782959, 1171.09692383, 993.067260742, 483.122558594, 671.863464355, 587.565246582, 615.505371094, 534.521789551, 616.269287109, 596.113952637, 309.150268555, 578.653503418, 559.560668945, 588.3125, 381.697631836, 683.385559082, 265.815765381, 203.633255005, 96.6942138672, 245.090362549, 110.797645569, 41.4799156189, 53.0930519104, 24.5171737671, 4.6671872139, 2.24420189857, 0.628712058067, 0.0662944689393, 0.0013238992542, 0.000112759043986], "mean": [0.0253150090575, 0.414651542902, 2.19188833237, 5.42913007736, 8.24110221863, 21.1624011993, 34.6335258484, 39.6994895935, 59.0739746094, 69.5940628052, 89.8630828857, 93.0396881104, 60.0005722046, 29.1911888123, 26.1634120941, 24.5881500244, 28.4660129547, 26.4304351807, 25.4680843353, 19.3618793488, 13.8254184723, 10.8423757553, 10.2285995483, 11.240571022, 11.6522789001, 7.12234687805, 4.27872371674, 2.15683269501, 1.40157318115, 0.989837408066, 0.75713133812, 0.580319464207, 0.548841655254, 0.380735874176, 0.122781723738, 0.0307294670492, 0.00540688447654, 0.000400577730034, 2.7211051929e-05, 3.94700909965e-05], "median": [0.00612527597696, 0.166666820645, 1.17662298679, 3.59526586533, 5.88059520721, 13.7067651749, 22.044506073, 24.402545929, 33.2921562195, 37.3309249878, 43.9840621948, 28.5364971161, 18.2896995544, 15.0769424438, 14.8168697357, 13.1958694458, 10.7582683563, 10.4419002533, 9.28730583191, 7.63645935059, 7.32157611847, 4.68948459625, 4.12655305862, 4.20269870758, 4.2470369339, 3.00016784668, 1.41260099411, 0.606536507607, 0.405969619751, 0.230685651302, 0.153974682093, 0.132643282413, 0.108337186277, 0.0741491764784, 0.0213772393763, 0.00241749128327, 0.000150458290591, 1.1377383089e-05, 1.98916277441e-05, 3.99114251195e-05], "min": [8.78238315668e-22, 9.15606058476e-21, 4.32271501864e-20, 4.12075079415e-20, 2.25691551395e-19, 2.13494992983e-19, 1.94214576127e-19, 1.25269183223e-18, 1.41577493609e-18, 8.01165627192e-19, 7.0596127459e-19, 7.69861287103e-19, 1.77211390082e-18, 3.02943236101e-18, 3.81114740478e-18, 3.45559891452e-18, 3.9113342798e-18, 4.72124087963e-18, 3.74083994785e-18, 5.93057149055e-18, 1.08097831877e-17, 9.98396328722e-18, 1.62776852647e-17, 1.54133642426e-17, 1.29040853846e-17, 1.11114948345e-17, 1.35443661921e-17, 1.20099006609e-17, 2.21105824413e-17, 2.04564875683e-17, 1.84153548868e-17, 1.8816487853e-17, 1.25879171022e-17, 1.40056351889e-17, 7.61277561508e-18, 8.07604721612e-18, 2.94734502497e-18, 1.20177224808e-18, 2.82867128364e-19, 3.98997224684e-20], "var": [0.00213542510755, 0.327120631933, 9.5235004425, 32.0211296082, 65.018196106, 574.804992676, 1671.26806641, 3038.96459961, 5789.04785156, 8739.97070313, 14979.3671875, 21810.6308594, 11365.9980469, 1687.60266113, 1366.65759277, 1263.34631348, 2754.77441406, 1798.50524902, 2091.23901367, 1554.13269043, 515.080200195, 475.565002441, 401.618804932, 589.87310791, 475.083312988, 254.899154663, 184.488067627, 56.8232574463, 15.6944599152, 24.9161834717, 11.9834127426, 3.9696867466, 3.85053896904, 1.44620919228, 0.113981038332, 0.0114546203986, 0.000616619887296, 5.20914272784e-06, 2.31415131502e-09, 2.87187051917e-10]}, "erbbands_crest": {"dmean": 3.10548138618, "dmean2": 5.02196073532, "dvar": 7.11992025375, "dvar2": 17.1942081451, "max": 26.6440620422, "mean": 10.6037635803, "median": 9.8100976944, "min": 3.01222276688, "var": 17.4615249634}, "erbbands_flatness_db": {"dmean": 0.0223854314536, "dmean2": 0.0319796651602, "dvar": 0.000439999916125, "dvar2": 0.000839401967824, "max": 0.404540032148, "mean": 0.220174714923, "median": 0.220372214913, "min": 0.0612947233021, "var": 0.0022553903982}, "erbbands_kurtosis": {"dmean": 1.33194565773, "dmean2": 2.08066082001, "dvar": 2.62187027931, "dvar2": 6.15969753265, "max": 39.5587348938, "mean": 1.61413288116, "median": 0.835816562176, "min": -1.80528020859, "var": 8.52592849731}, "erbbands_skewness": {"dmean": 0.386711359024, "dmean2": 0.595385313034, "dvar": 0.126864567399, "dvar2": 0.281770497561, "max": 3.86941862106, "mean": 0.920717537403, "median": 0.915282726288, "min": -4.43303918839, "var": 0.534183263779}, "erbbands_spread": {"dmean": 5.96919345856, "dmean2": 8.94918727875, "dvar": 48.6285552979, "dvar2": 102.708953857, "max": 102.421257019, "mean": 25.0532112122, "median": 22.1068534851, "min": 3.00681519508, "var": 185.06678772}, "gfcc": {"cov": [[5541.80761719, -1237.42138672, -97.0139770508, 195.833786011, -612.403076172, 360.678283691, -358.868743896, 355.459747314, -211.465255737, 259.209228516, -150.201538086, -20.075378418, -186.651763916], [-1237.42138672, 1441.84936523, -148.638137817, -236.082321167, 420.157348633, -236.359405518, 265.49710083, -186.51914978, 229.051712036, -238.357788086, 186.466217041, -182.916290283, 123.658172607], [-97.0139770508, -148.638137817, 475.245452881, 112.052513123, -24.3382434845, 82.4913330078, -69.4234085083, 22.8894481659, -57.1989402771, 90.2366485596, -14.9120960236, 94.5205535889, 3.70139980316], [195.833786011, -236.082321167, 112.052513123, 348.463165283, -15.5523519516, 41.2279472351, -59.3086242676, -1.12333714962, 3.7045519352, 31.8242282867, 21.6200294495, 66.7402572632, 9.62928962708], [-612.403076172, 420.157348633, -24.3382434845, -15.5523519516, 350.396270752, -82.4527816772, 69.3136978149, -20.7643051147, 64.6992034912, -24.1372833252, 33.8373413086, -21.0951118469, 40.5856590271], [360.678283691, -236.359405518, 82.4913330078, 41.2279472351, -82.4527816772, 288.027252197, 15.9170627594, 56.4865875244, -5.8874912262, 51.0750160217, -30.1292266846, 16.6546058655, -3.64366054535], [-358.868743896, 265.49710083, -69.4234085083, -59.3086242676, 69.3136978149, 15.9170627594, 262.064666748, 10.5248689651, 35.8583183289, -45.0911827087, 9.30704879761, -32.7427635193, 20.9136199951], [355.459747314, -186.51914978, 22.8894481659, -1.12333714962, -20.7643051147, 56.4865875244, 10.5248689651, 186.79586792, -23.446308136, 47.7610664368, -21.5723400116, -12.5469388962, -22.9452152252], [-211.465255737, 229.051712036, -57.1989402771, 3.7045519352, 64.6992034912, -5.8874912262, 35.8583183289, -23.446308136, 163.785522461, -16.1973495483, 35.8874931335, -41.3756523132, 14.8792076111], [259.209228516, -238.357788086, 90.2366485596, 31.8242282867, -24.1372833252, 51.0750160217, -45.0911827087, 47.7610664368, -16.1973495483, 160.481506348, -35.6246681213, 42.5701141357, -20.8728942871], [-150.201538086, 186.466217041, -14.9120960236, 21.6200294495, 33.8373413086, -30.1292266846, 9.30704879761, -21.5723400116, 35.8874931335, -35.6246681213, 140.812850952, -13.0095405579, 18.8593864441], [-20.075378418, -182.916290283, 94.5205535889, 66.7402572632, -21.0951118469, 16.6546058655, -32.7427635193, -12.5469388962, -41.3756523132, 42.5701141357, -13.0095405579, 145.381668091, 3.88133597374], [-186.651763916, 123.658172607, 3.70139980316, 9.62928962708, 40.5856590271, -3.64366054535, 20.9136199951, -22.9452152252, 14.8792076111, -20.8728942871, 18.8593864441, 3.88133597374, 87.434211731]], "icov": [[0.000388843356632, -0.000629318761639, 0.000554265105166, -0.00056289479835, 0.000835111481138, -0.000510358135216, 0.000733053253498, -0.000843199377414, 0.000703703437466, -0.000739627575967, 0.000451984727988, -0.000125870181364, 0.000564902322367], [-0.000629318761639, 0.00667811650783, -0.00283119082451, 0.00382257346064, -0.00510572968051, 0.00275670085102, -0.00412329658866, 0.00455895671621, -0.00485080620274, 0.00467028934509, -0.00435036281124, 0.00377110345289, -0.00371051998809], [0.000554265105166, -0.00283119082451, 0.00429153023288, -0.00228431355208, 0.00222612172365, -0.0019997456111, 0.0024345042184, -0.00230274000205, 0.00298414891586, -0.00321825384162, 0.00167998415418, -0.00242145685479, 0.00142299989238], [-0.00056289479835, 0.00382257346064, -0.00228431355208, 0.00580201810226, -0.00311716343276, 0.00135250634048, -0.00192387367133, 0.00274244067259, -0.00352383614518, 0.00289457803592, -0.00317827193066, 0.000681961188093, -0.00252106366679], [0.000835111481138, -0.00510572968051, 0.00222612172365, -0.00311716343276, 0.00792566128075, -0.0012194425799, 0.00267188064754, -0.00405321177095, 0.00282228039578, -0.00413764966652, 0.00316443783231, -0.00253287609667, 0.00178211927414], [-0.000510358135216, 0.00275670085102, -0.0019997456111, 0.00135250634048, -0.0012194425799, 0.00577287329361, -0.00276653561741, 0.00123121263459, -0.00279093883, 0.0013727437472, -0.00121658050921, 0.00147736154031, -0.002261640504], [0.000733053253498, -0.00412329658866, 0.0024345042184, -0.00192387367133, 0.00267188064754, -0.00276653561741, 0.00758608337492, -0.00384542532265, 0.00271271588281, -0.00202816911042, 0.00281879678369, -0.00213663955219, 0.00186709454283], [-0.000843199377414, 0.00455895671621, -0.00230274000205, 0.00274244067259, -0.00405321177095, 0.00123121263459, -0.00384542532265, 0.0101729249582, -0.00248985178769, 0.00167170679197, -0.00293003534898, 0.0037239305675, -0.00164061575197], [0.000703703437466, -0.00485080620274, 0.00298414891586, -0.00352383614518, 0.00282228039578, -0.00279093883, 0.00271271588281, -0.00248985178769, 0.0115766739473, -0.00449344981462, 0.0017259225715, -0.000505079049617, 0.00250322045758], [-0.000739627575967, 0.00467028934509, -0.00321825384162, 0.00289457803592, -0.00413764966652, 0.0013727437472, -0.00202816911042, 0.00167170679197, -0.00449344981462, 0.0123585434631, -0.00157381407917, 0.000467093341285, -0.00143127108458], [0.000451984727988, -0.00435036281124, 0.00167998415418, -0.00317827193066, 0.00316443783231, -0.00121658050921, 0.00281879678369, -0.00293003534898, 0.0017259225715, -0.00157381407917, 0.0111216669902, -0.00215556356125, 0.00146110984497], [-0.000125870181364, 0.00377110345289, -0.00242145685479, 0.000681961188093, -0.00253287609667, 0.00147736154031, -0.00213663955219, 0.0037239305675, -0.000505079049617, 0.000467093341285, -0.00215556356125, 0.0117693729699, -0.00270919688046], [0.000564902322367, -0.00371051998809, 0.00142299989238, -0.00252106366679, 0.00178211927414, -0.002261640504, 0.00186709454283, -0.00164061575197, 0.00250322045758, -0.00143127108458, 0.00146110984497, -0.00270919688046, 0.0153471156955]], "mean": [-24.6521873474, 149.012237549, -136.872024536, 19.5662956238, -69.9119796753, -3.83776712418, -42.754447937, 2.67320728302, -23.18724823, -5.92225503922, -4.63071584702, -19.6981830597, -0.726810753345]}, "hfc": {"dmean": 4.81819343567, "dmean2": 7.13055038452, "dvar": 27.9723129272, "dvar2": 57.8754425049, "max": 79.3454742432, "mean": 19.7170810699, "median": 18.665304184, "min": 1.16202279512e-16, "var": 125.021492004}, "melbands": {"dmean": [0.000170906481799, 0.000482717936393, 0.000504490744788, 0.000538812892046, 0.000609309412539, 0.000492325576488, 0.000538900785614, 0.000488997902721, 0.000437222392065, 0.000315877929097, 0.000157290007337, 6.02951986366e-05, 4.99051056977e-05, 4.56728448626e-05, 3.84238628612e-05, 3.70915986423e-05, 2.74355243164e-05, 2.26197735174e-05, 1.62557644217e-05, 1.11610124804e-05, 8.32557543617e-06, 5.98820179221e-06, 5.24170945937e-06, 4.46557169198e-06, 5.0334883781e-06, 5.72535918764e-06, 4.15159684053e-06, 2.77927051684e-06, 1.95601205633e-06, 1.21632638184e-06, 7.73123304043e-07, 5.98522831297e-07, 4.70953466447e-07, 4.19693179765e-07, 3.70227780877e-07, 3.09914724994e-07, 3.0111928595e-07, 3.19021552286e-07, 3.51548976596e-07, 3.07159268687e-07], "dmean2": [0.000261360051809, 0.00074209383456, 0.000811600650195, 0.000867788272444, 0.000937592005357, 0.000774591462687, 0.000847822113428, 0.000770601502154, 0.000671788002364, 0.000486754870508, 0.000237229542108, 9.47423759499e-05, 8.02338836365e-05, 7.14995403541e-05, 6.03160151513e-05, 5.71687014599e-05, 4.170415923e-05, 3.42286730302e-05, 2.46221279667e-05, 1.76308058144e-05, 1.30046610138e-05, 8.98516827874e-06, 7.72889598011e-06, 6.79706135998e-06, 7.62204854254e-06, 8.92026127985e-06, 6.47963497613e-06, 4.33090144725e-06, 3.01345926346e-06, 1.84354496469e-06, 1.17021215829e-06, 9.00115139757e-07, 7.21116862223e-07, 6.36343202132e-07, 5.80159280616e-07, 5.13685677106e-07, 4.95696497183e-07, 5.23483947745e-07, 5.8210480347e-07, 5.22663356151e-07], "dvar": [7.66031789112e-08, 6.18182525614e-07, 3.69451697679e-07, 5.45136458641e-07, 6.74009299928e-07, 5.79394338729e-07, 6.4628511609e-07, 5.23832738963e-07, 5.09334199705e-07, 3.40692963618e-07, 1.0170206366e-07, 1.09217923594e-08, 7.79061881673e-09, 6.3624958635e-09, 5.73676972593e-09, 6.31729069056e-09, 2.80258971586e-09, 1.81996284709e-09, 1.31996302777e-09, 6.5021937834e-10, 2.74596401173e-10, 1.9790979966e-10, 1.21016169308e-10, 2.25718874147e-10, 2.76252243303e-10, 1.71000102966e-10, 1.51009565963e-10, 8.28566243394e-11, 4.65035371322e-11, 2.02355736334e-11, 9.61618718681e-12, 3.62678680491e-12, 3.10970845428e-12, 8.70363850436e-12, 3.90269977793e-12, 1.17460078122e-12, 1.13353207029e-12, 1.20035383543e-12, 1.24096555514e-12, 9.973427249e-13], "dvar2": [1.72835441958e-07, 1.43011106957e-06, 9.85822794064e-07, 1.35505013077e-06, 1.54098654548e-06, 1.35929963108e-06, 1.47607636336e-06, 1.21897380723e-06, 1.1266419051e-06, 7.59326326261e-07, 2.1699541719e-07, 2.43733548899e-08, 1.80926029714e-08, 1.411124817e-08, 1.29719301967e-08, 1.36675071261e-08, 6.19527762424e-09, 3.92569576846e-09, 2.84587353683e-09, 1.5601132608e-09, 6.11553974128e-10, 4.26450375013e-10, 2.4369153917e-10, 6.04152783357e-10, 6.46923681291e-10, 4.00774552434e-10, 3.97626515047e-10, 2.13212267286e-10, 1.03847590249e-10, 4.48803529063e-11, 2.18142674063e-11, 8.39956316306e-12, 7.17850952292e-12, 1.90856289106e-11, 8.83176604766e-12, 2.85327664273e-12, 2.83638629077e-12, 2.81794466234e-12, 3.01229267224e-12, 2.71427368428e-12], "max": [0.00393635360524, 0.0150408055633, 0.00767539534718, 0.0135867707431, 0.01507906802, 0.020053435117, 0.0113645559177, 0.00821722112596, 0.0116359647363, 0.00815528165549, 0.00494800880551, 0.00235148565844, 0.00248740473762, 0.00144476431888, 0.00146609917283, 0.00160877138842, 0.00112740974873, 0.00088598660659, 0.00104884488974, 0.00062303134473, 0.000421297183493, 0.000624986656476, 0.000333117379341, 0.000707134779077, 0.000557810300961, 0.000421930686571, 0.000491201819386, 0.000399279117119, 0.00020130793564, 0.000155003988766, 0.000120576740301, 5.67605347896e-05, 4.57923961221e-05, 0.000167212041561, 8.54393874761e-05, 3.43691572198e-05, 2.78110364889e-05, 3.61085330951e-05, 3.60080630344e-05, 2.08323162951e-05], "mean": [0.00032234939863, 0.000962883466855, 0.000965184648521, 0.0010184700368, 0.00121275894344, 0.000902794941794, 0.000913012132514, 0.00078043359099, 0.000736414978746, 0.000570316857193, 0.000285388319753, 0.000116812014312, 8.68940696819e-05, 7.49165628804e-05, 6.1524908233e-05, 5.99230770604e-05, 4.78733927594e-05, 4.23034944106e-05, 3.10458926833e-05, 2.07824450627e-05, 1.4941651898e-05, 1.09927968879e-05, 1.0150354683e-05, 8.21099638415e-06, 9.14144129638e-06, 9.43528993957e-06, 6.65714833303e-06, 4.24882000516e-06, 2.97055407827e-06, 1.72705290424e-06, 1.07840810415e-06, 8.14659813386e-07, 6.37931350411e-07, 5.11553309934e-07, 4.53161447922e-07, 3.66192182355e-07, 3.50118938286e-07, 3.81492924362e-07, 3.79761274871e-07, 3.05253450961e-07], "median": [0.000102200479887, 0.000560502638109, 0.000713882269338, 0.000709854008164, 0.000795578991529, 0.000570751028135, 0.000510684214532, 0.000423701363616, 0.000331005692715, 0.000158438560902, 8.40756911202e-05, 5.68037539779e-05, 4.80390808661e-05, 3.94794660679e-05, 2.62420744548e-05, 2.06997883652e-05, 1.7607015252e-05, 1.47663176904e-05, 1.05273393274e-05, 8.86186899152e-06, 7.69174312154e-06, 4.37314292867e-06, 3.85443809137e-06, 3.16120508614e-06, 3.21128709402e-06, 3.14501880894e-06, 2.48923925028e-06, 1.59858279858e-06, 9.29571683628e-07, 4.54221236623e-07, 2.89774362727e-07, 2.35633748957e-07, 1.63371623785e-07, 1.05785822768e-07, 8.06172693046e-08, 8.3837946363e-08, 7.23653243995e-08, 7.42638022189e-08, 7.11777445872e-08, 5.80975587638e-08], "min": [9.54353904603e-24, 1.95396128835e-23, 1.33736315014e-23, 1.84427223052e-23, 5.77058339158e-24, 2.63905827e-23, 2.12158823537e-23, 8.28837062682e-24, 5.10575981965e-24, 4.58607718795e-24, 9.37152398134e-24, 1.26121661577e-23, 1.06060676322e-23, 1.43591428085e-23, 6.27726559556e-24, 8.13129500995e-24, 8.74558494115e-24, 6.14818034133e-24, 5.69451708436e-24, 7.99269609321e-24, 1.45065130697e-23, 9.39476619019e-24, 1.01216873149e-23, 1.94819692394e-23, 1.12943132732e-23, 9.41231440103e-24, 9.87196866214e-24, 6.17778037465e-24, 9.76921558493e-24, 4.68281875063e-24, 7.84591353344e-24, 1.08070315255e-23, 1.44150367591e-23, 1.08460249201e-23, 9.87805787947e-24, 1.01049926515e-23, 1.29678098973e-23, 8.75223898289e-24, 9.38446051133e-24, 1.23841845672e-23], "var": [2.37336976738e-07, 1.5524368564e-06, 7.8030154782e-07, 1.19030573842e-06, 1.87548243957e-06, 1.34226388582e-06, 1.34793208417e-06, 9.96200924419e-07, 1.07645360004e-06, 8.69349378263e-07, 2.76117049225e-07, 3.11703765021e-08, 1.5220711802e-08, 1.35590934036e-08, 1.16262706129e-08, 1.33838904404e-08, 6.95054191979e-09, 5.95353855104e-09, 4.65573846142e-09, 1.74316816537e-09, 6.64019284002e-10, 5.77815573166e-10, 4.06052330648e-10, 3.26594723488e-10, 4.57846704993e-10, 3.22645243855e-10, 2.06469966124e-10, 1.08080669414e-10, 9.18934581207e-11, 3.95218857641e-11, 1.50874937543e-11, 5.41513361929e-12, 4.46547052807e-12, 1.0854353874e-11, 5.53272705428e-12, 1.5954860046e-12, 1.6261872491e-12, 1.97095681789e-12, 1.82855835508e-12, 9.37696101322e-13]}, "melbands_crest": {"dmean": 3.05525302887, "dmean2": 4.98337745667, "dvar": 6.92588996887, "dvar2": 17.3469200134, "max": 30.4551334381, "mean": 11.942243576, "median": 11.1953763962, "min": 2.43066382408, "var": 16.7649288177}, "melbands_flatness_db": {"dmean": 0.0252683646977, "dmean2": 0.0358806140721, "dvar": 0.000567107810639, "dvar2": 0.00107013969682, "max": 0.4905590415, "mean": 0.245165154338, "median": 0.241703212261, "min": 0.0061398614198, "var": 0.0036956181284}, "melbands_kurtosis": {"dmean": 3.83651661873, "dmean2": 6.03193235397, "dvar": 28.7916431427, "dvar2": 69.6394042969, "max": 117.826843262, "mean": 8.50184249878, "median": 6.14396286011, "min": -1.77615690231, "var": 73.8575744629}, "melbands_skewness": {"dmean": 0.530847191811, "dmean2": 0.810691475868, "dvar": 0.264114975929, "dvar2": 0.583786249161, "max": 9.07653808594, "mean": 1.88922762871, "median": 1.80928218365, "min": -2.13229846954, "var": 1.23561930656}, "melbands_spread": {"dmean": 3.95466542244, "dmean2": 6.02274179459, "dvar": 51.8152809143, "dvar2": 105.017532349, "max": 188.490707397, "mean": 14.22905159, "median": 11.7741413116, "min": 1.6197142601, "var": 140.497589111}, "mfcc": {"cov": [[4093.36938477, -744.747192383, -71.5626525879, -110.299079895, -252.777496338, -73.185798645, -41.9389648438, -51.7809486389, 23.5848388672, 107.479499817, 95.6936187744, -6.2471165657, -40.0123023987], [-744.747192383, 1427.47583008, -310.079345703, -3.80806612968, 93.6640777588, -50.0371589661, 58.0394897461, 43.0111236572, 17.1658782959, 40.5142211914, 24.6101493835, -8.82560825348, 0.842552781105], [-71.5626525879, -310.079345703, 481.29977417, 5.24431180954, 4.91863965988, 83.0103988647, -5.10208320618, -15.2127914429, -17.7997169495, -41.6572113037, -46.2233314514, 48.6672439575, 52.2690887451], [-110.299079895, -3.80806612968, 5.24431180954, 311.74005127, 79.6940002441, -6.5993642807, -10.7877521515, -10.7139501572, -8.77324867249, -43.2052650452, -7.25943040848, 2.60825014114, 52.0405006409], [-252.777496338, 93.6640777588, 4.91863965988, 79.6940002441, 269.031768799, 8.03538036346, -24.3907299042, -21.258392334, -9.69753360748, -5.89176368713, 2.33688354492, 13.2697248459, 21.0986557007], [-73.185798645, -50.0371589661, 83.0103988647, -6.5993642807, 8.03538036346, 217.522766113, -1.8741196394, 13.2532148361, 36.5950317383, -5.78356170654, 0.181359514594, 15.7193498611, 3.59566354752], [-41.9389648438, 58.0394897461, -5.10208320618, -10.7877521515, -24.3907299042, -1.8741196394, 193.836288452, 41.3725128174, 39.1136016846, 14.9635181427, 15.2341136932, 16.6649932861, -19.5889434814], [-51.7809486389, 43.0111236572, -15.2127914429, -10.7139501572, -21.258392334, 13.2532148361, 41.3725128174, 143.286621094, 15.3373498917, 15.4960432053, 10.0985059738, 3.57077145576, -6.79015445709], [23.5848388672, 17.1658782959, -17.7997169495, -8.77324867249, -9.69753360748, 36.5950317383, 39.1136016846, 15.3373498917, 146.905822754, 43.4783477783, 16.351146698, -5.66256284714, -9.21557712555], [107.479499817, 40.5142211914, -41.6572113037, -43.2052650452, -5.89176368713, -5.78356170654, 14.9635181427, 15.4960432053, 43.4783477783, 150.567810059, 43.5105400085, -10.5104455948, -13.4753541946], [95.6936187744, 24.6101493835, -46.2233314514, -7.25943040848, 2.33688354492, 0.181359514594, 15.2341136932, 10.0985059738, 16.351146698, 43.5105400085, 113.269691467, 13.4798755646, -12.5076971054], [-6.2471165657, -8.82560825348, 48.6672439575, 2.60825014114, 13.2697248459, 15.7193498611, 16.6649932861, 3.57077145576, -5.66256284714, -10.5104455948, 13.4798755646, 85.7097244263, 17.7632007599], [-40.0123023987, 0.842552781105, 52.2690887451, 52.0405006409, 21.0986557007, 3.59566354752, -19.5889434814, -6.79015445709, -9.21557712555, -13.4753541946, -12.5076971054, 17.7632007599, 96.040397644]], "icov": [[0.000306112196995, 0.000176605899469, 0.000123233723571, 3.37450946972e-05, 0.000229495577514, 8.79986037035e-05, 6.02856744081e-05, 0.000117071715067, -1.97468270926e-05, -0.000175682653207, -0.000190488412045, -8.58635394252e-05, -2.79808409687e-05], [0.000176605899469, 0.000976339564659, 0.000685514416546, 0.000153363493155, -0.000230168181588, 4.80735106976e-05, -0.000252422207268, -0.000109882035758, 2.31937410717e-05, -0.000182710922672, 1.64928260347e-05, -0.000141260607052, -0.00039679944166], [0.000123233723571, 0.000685514416546, 0.00308888917789, 0.000273060955806, -6.90328961355e-05, -0.000921785074752, -0.000318794802297, 0.000212649989408, 0.000319947837852, 3.93392656406e-05, 0.00099217845127, -0.00129401439335, -0.00137927418109], [3.37450946972e-05, 0.000153363493155, 0.000273060955806, 0.00398041307926, -0.00107168662362, 0.000165065663168, -0.00021860349807, -8.43491670821e-06, -0.000219106761506, 0.00115305173676, -0.000352396105882, 0.000541014014743, -0.00211385427974], [0.000229495577514, -0.000230168181588, -6.90328961355e-05, -0.00107168662362, 0.00447594095021, -0.000165555451531, 0.000558975501917, 0.000643651466817, 0.000156578578753, -0.000409125466831, -0.000249205360888, -0.000725118385162, -4.23943311034e-05], [8.79986037035e-05, 4.80735106976e-05, -0.000921785074752, 0.000165065663168, -0.000165555451531, 0.00537021132186, 0.000549499411136, -0.000569374067709, -0.00166621489916, 0.000482217263198, -0.000317750527756, -0.000581945118029, 0.000329638191033], [6.02856744081e-05, -0.000252422207268, -0.000318794802297, -0.00021860349807, 0.000558975501917, 0.000549499411136, 0.00622419174761, -0.0014224894112, -0.00157861155458, 8.86272755452e-06, -0.000297936989227, -0.00152660021558, 0.00143818208016], [0.000117071715067, -0.000109882035758, 0.000212649989408, -8.43491670821e-06, 0.000643651466817, -0.000569374067709, -0.0014224894112, 0.00772353727371, -3.23931199091e-05, -0.000581124506425, -0.00024777269573, -0.000196859968128, -6.08820755588e-06], [-1.97468270926e-05, 2.31937410717e-05, 0.000319947837852, -0.000219106761506, 0.000156578578753, -0.00166621489916, -0.00157861155458, -3.23931199091e-05, 0.00837281253189, -0.00220202771015, -0.000106814957689, 0.000718080264051, -1.2396524653e-05], [-0.000175682653207, -0.000182710922672, 3.93392656406e-05, 0.00115305173676, -0.000409125466831, 0.000482217263198, 8.86272755452e-06, -0.000581124506425, -0.00220202771015, 0.0087630553171, -0.00290601165034, 0.00135589798447, -0.000296246522339], [-0.000190488412045, 1.64928260347e-05, 0.00099217845127, -0.000352396105882, -0.000249205360888, -0.000317750527756, -0.000297936989227, -0.00024777269573, -0.000106814957689, -0.00290601165034, 0.0110102472827, -0.00271827843972, 0.00107849237975], [-8.58635394252e-05, -0.000141260607052, -0.00129401439335, 0.000541014014743, -0.000725118385162, -0.000581945118029, -0.00152660021558, -0.000196859968128, 0.000718080264051, 0.00135589798447, -0.00271827843972, 0.0140396961942, -0.0024592212867], [-2.79808409687e-05, -0.00039679944166, -0.00137927418109, -0.00211385427974, -4.23943311034e-05, 0.000329638191033, 0.00143818208016, -6.08820755588e-06, -1.2396524653e-05, -0.000296246522339, 0.00107849237975, -0.0024592212867, 0.0131426081061]], "mean": [-655.789978027, 168.564025879, -9.2227897644, 15.73005867, -4.88261079788, -13.612786293, -2.47689676285, -11.3014354706, -6.34825944901, 0.231232538819, -2.74508500099, -4.13701915741, -2.2406873703]}, "pitch_salience": {"dmean": 0.0710861757398, "dmean2": 0.115709841251, "dvar": 0.00343613303266, "dvar2": 0.00901539064944, "max": 0.939764678478, "mean": 0.645858108997, "median": 0.656701743603, "min": 0.191777050495, "var": 0.00828237645328}, "silence_rate_20dB": {"dmean": 0, "dmean2": 0, "dvar": 0, "dvar2": 0, "max": 1, "mean": 1, "median": 1, "min": 1, "var": 0}, "silence_rate_30dB": {"dmean": 0, "dmean2": 0, "dvar": 0, "dvar2": 0, "max": 1, "mean": 1, "median": 1, "min": 1, "var": 0}, "silence_rate_60dB": {"dmean": 0.00395033881068, "dmean2": 0.00790179241449, "dvar": 0.00393447047099, "dvar2": 0.00868627522141, "max": 1, "mean": 0.0229933708906, "median": 0, "min": 0, "var": 0.022464543581}, "spectral_centroid": {"dmean": 165.18132019, "dmean2": 241.313491821, "dvar": 65633.3828125, "dvar2": 116120.726563, "max": 10741.7509766, "mean": 846.312194824, "median": 726.47845459, "min": 257.18637085, "var": 234663.65625}, "spectral_complexity": {"dmean": 3.14475178719, "dmean2": 4.85480451584, "dvar": 9.05938053131, "dvar2": 19.2562770844, "max": 46, "mean": 18.3805904388, "median": 18, "min": 0, "var": 42.4598617554}, "spectral_contrast_coeffs": {"dmean": [0.0532208606601, 0.0528434552252, 0.04073792696, 0.0299360603094, 0.0235417541116, 0.0306419841945], "dmean2": [0.0862648636103, 0.0862532109022, 0.0658130794764, 0.0485110469162, 0.0372795276344, 0.0474878996611], "dvar": [0.00186352280434, 0.00183164537884, 0.00106108200271, 0.00058296188945, 0.00041406872333, 0.000752894848119], "dvar2": [0.00481008039787, 0.00481010554358, 0.00263869552873, 0.00144026521593, 0.00097704352811, 0.00177184282802], "max": [-0.239558294415, -0.433399260044, -0.517066299915, -0.607958495617, -0.562369227409, -0.347666621208], "mean": [-0.564996480942, -0.696651637554, -0.753533780575, -0.780930638313, -0.790449142456, -0.758530497551], "median": [-0.57041656971, -0.699365794659, -0.764262676239, -0.786406874657, -0.799996614456, -0.761831104755], "min": [-0.971226394176, -0.969333648682, -0.974047780037, -0.955667078495, -0.952275812626, -0.9644318223], "var": [0.00793324690312, 0.00517673091963, 0.00430475687608, 0.00204366329126, 0.00192637043074, 0.0022663155105]}, "spectral_contrast_valleys": {"dmean": [0.416495800018, 0.361646085978, 0.318585693836, 0.275484859943, 0.274517297745, 0.516862213612], "dmean2": [0.677393555641, 0.590756833553, 0.516834318638, 0.431879609823, 0.388679921627, 0.731169402599], "dvar": [0.131872281432, 0.0982091650367, 0.0842715427279, 0.0645445436239, 0.0800037458539, 0.276335835457], "dvar2": [0.304287433624, 0.232729330659, 0.184581369162, 0.125785604119, 0.132757112384, 0.553150951862], "max": [-5.90494251251, -4.49005174637, -5.13521671295, -5.86013555527, -5.95269966125, -7.82690048218], "mean": [-7.46940851212, -6.05379247665, -6.97214221954, -7.55345535278, -7.76349210739, -11.1750211716], "median": [-7.36900281906, -5.95570135117, -6.88660955429, -7.46363592148, -7.67681407928, -11.0205774307], "min": [-27.5772151947, -27.1675720215, -27.4873371124, -27.3665180206, -27.3597984314, -27.0593833923], "var": [0.770969808102, 0.653384506702, 0.626643419266, 0.626293420792, 0.746527493, 1.63816905022]}, "spectral_decrease": {"dmean": 1.8583474759e-09, "dmean2": 2.85750267892e-09, "dvar": 3.37859460335e-18, "dvar2": 7.46470945825e-18, "max": -3.18254130474e-30, "mean": -8.4290707747e-09, "median": -8.57431459167e-09, "min": -2.55439047692e-08, "var": 1.38726295095e-17}, "spectral_energy": {"dmean": 0.00732654426247, "dmean2": 0.0112568307668, "dvar": 5.25805771758e-05, "dvar2": 0.000115554968943, "max": 0.100181765854, "mean": 0.0336016453803, "median": 0.0341646000743, "min": 1.05519020191e-20, "var": 0.000218193250475}, "spectral_energyband_high": {"dmean": 0.000164303288329, "dmean2": 0.00024391018087, "dvar": 1.90551190826e-07, "dvar2": 3.87168881844e-07, "max": 0.0101947318763, "mean": 0.000265726208454, "median": 8.74099714565e-05, "min": 7.6593838951e-21, "var": 4.60106491573e-07}, "spectral_energyband_low": {"dmean": 0.00220704893582, "dmean2": 0.00339994067326, "dvar": 8.48897616379e-06, "dvar2": 2.01747188839e-05, "max": 0.0514746718109, "mean": 0.00493719941005, "median": 0.00348709826358, "min": 8.3949378465e-23, "var": 2.4045817554e-05}, "spectral_energyband_middle_high": {"dmean": 0.0015129703097, "dmean2": 0.00219917995855, "dvar": 3.92943775296e-06, "dvar2": 7.75527496444e-06, "max": 0.0403489544988, "mean": 0.00476890895516, "median": 0.00332512473688, "min": 1.56729450816e-21, "var": 1.96201472136e-05}, "spectral_energyband_middle_low": {"dmean": 0.00686869816855, "dmean2": 0.0105388732627, "dvar": 4.71688981634e-05, "dvar2": 0.000106303108623, "max": 0.0959434136748, "mean": 0.0250688586384, "median": 0.0245846137404, "min": 3.54444115689e-22, "var": 0.000176334986463}, "spectral_entropy": {"dmean": 0.185989141464, "dmean2": 0.267449080944, "dvar": 0.0332890413702, "dvar2": 0.0637221187353, "max": 9.79951572418, "mean": 7.10772037506, "median": 7.12288951874, "min": 5.40912485123, "var": 0.169629693031}, "spectral_flux": {"dmean": 0.0251438114792, "dmean2": 0.0408229567111, "dvar": 0.000482289033243, "dvar2": 0.00119607325178, "max": 0.231388792396, "mean": 0.0947380140424, "median": 0.092501282692, "min": 1.02722448603e-10, "var": 0.00131245213561}, "spectral_kurtosis": {"dmean": 4.06605148315, "dmean2": 6.87463235855, "dvar": 24.4915027618, "dvar2": 68.0083618164, "max": 105.517616272, "mean": 9.02861499786, "median": 7.09196519852, "min": -1.15877735615, "var": 60.2627792358}, "spectral_rms": {"dmean": 0.000632530252915, "dmean2": 0.000964171777014, "dvar": 3.63195823638e-07, "dvar2": 7.59657666549e-07, "max": 0.00988626852632, "mean": 0.00553439697251, "median": 0.00577332824469, "min": 3.20851028038e-12, "var": 2.15252612179e-06}, "spectral_rolloff": {"dmean": 240.500259399, "dmean2": 394.68081665, "dvar": 300234.71875, "dvar2": 577227.1875, "max": 18970.7519531, "mean": 923.860473633, "median": 689.0625, "min": 21.533203125, "var": 768871.8125}, "spectral_skewness": {"dmean": 0.39263471961, "dmean2": 0.632416963577, "dvar": 0.143052831292, "dvar2": 0.37584990263, "max": 7.59657096863, "mean": 2.07448554039, "median": 1.99160933495, "min": 0.0501487888396, "var": 0.502229690552}, "spectral_spread": {"dmean": 534183.25, "dmean2": 797534.5625, "dvar": 575141576704, "dvar2": 1136940810240.0, "max": 38984472, "mean": 3123480, "median": 2888927, "min": 