{"lowlevel": {"average_loudness": 0.700415074825, "barkbands": {"dmean": [0.000120896744193, 0.00207663467154, 0.00236024498008, 0.000650238362141, 0.00148318440188, 0.000949378591031, 0.000736357003916, 0.000874241697602, 0.000838893000036, 0.000780583533924, 0.000377133517759, 0.000327644869685, 0.000294664379908, 0.000265901762759, 0.000144147357787, 0.000139504336403, 0.000133137597004, 0.000123646226712, 0.000222264367039, 0.000135614260216, 0.00013236993982, 0.000144728575833, 9.0571520559e-05, 6.58926728647e-05, 5.8639296185e-05, 7.80651971581e-05, 1.22862566059e-05], "dmean2": [0.000166942103533, 0.0034971027635, 0.0043062409386, 0.00112668401562, 0.00247875601053, 0.00154121033847, 0.00113107357174, 0.00135463965125, 0.00128084153403, 0.00113050092477, 0.000573806581087, 0.000503872986883, 0.000469268561574, 0.000419476156821, 0.000233960265177, 0.000225783631322, 0.000217221211642, 0.000198131572688, 0.000331148767145, 0.00021604228823, 0.000199774440262, 0.000213683772017, 0.000135006135679, 9.52282789513e-05, 8.61886801431e-05, 0.000120244294521, 2.08101737371e-05], "dvar": [1.52324716396e-07, 6.24383392278e-05, 0.00010412534175, 3.56286363967e-06, 1.44650221046e-05, 4.51276400781e-06, 1.95080065168e-06, 5.66186417927e-06, 6.2900166995e-06, 5.11734970132e-06, 1.88486853858e-06, 8.34269428651e-07, 5.95698338657e-07, 6.05792308761e-07, 8.31155020364e-08, 9.49914920056e-08, 6.25199660931e-08, 6.10478494423e-08, 2.55996070564e-07, 1.58438922426e-07, 9.17415192703e-08, 9.78287673092e-08, 3.77398734486e-08, 2.0630171349e-08, 1.60231881097e-08, 4.56590818487e-08, 2.32849250992e-09], "dvar2": [2.67100233486e-07, 0.000169871127582, 0.00029450529837, 1.00988618215e-05, 3.85429993912e-05, 1.20810673252e-05, 4.65074799649e-06, 1.30043945319e-05, 1.43535571624e-05, 1.07810828922e-05, 4.29774445365e-06, 1.97218878384e-06, 1.4415967371e-06, 1.41968257594e-06, 2.10045016047e-07, 2.38250095208e-07, 1.57901055786e-07, 1.48739502492e-07, 5.47572085452e-07, 4.09817374702e-07, 2.16665640096e-07, 2.10020104419e-07, 8.38601579289e-08, 3.99037780596e-08, 3.48165514197e-08, 1.07182721365e-07, 6.25510221397e-09], "max": [0.00660103932023, 0.0969322398305, 0.120264902711, 0.0359796956182, 0.0664235725999, 0.031461302191, 0.0329169295728, 0.0670144110918, 0.0619670450687, 0.0659723132849, 0.0403587184846, 0.0301189236343, 0.0194150321186, 0.0256290193647, 0.0077419844456, 0.0070081083104, 0.00608720025048, 0.0053502516821, 0.0107810311019, 0.00996965449303, 0.00718792434782, 0.00657685147598, 0.00365421781316, 0.00652252091095, 0.0032272352837, 0.00262713455595, 0.00111647532322], "mean": [0.000199716014322, 0.00312946294434, 0.00198160833679, 0.000858867657371, 0.00202767923474, 0.00149803177919, 0.00121227535419, 0.00145809783135, 0.00143647496589, 0.00154996360652, 0.000620399892796, 0.000512879923917, 0.000480217597215, 0.000415891699959, 0.000216219195863, 0.000214644358493, 0.000230911595281, 0.00021159251628, 0.000424250116339, 0.000191976476344, 0.000211156933801, 0.00024969939841, 0.000128744883114, 0.000104758764792, 8.2202750491e-05, 8.04978335509e-05, 9.59985936788e-06], "median": [1.29538011606e-05, 0.000671687885188, 0.000334348616889, 0.000314548233291, 0.00100557378028, 0.000829731114209, 0.00065173121402, 0.000448022037745, 0.000346133834682, 0.000342557264958, 7.34394634492e-05, 0.000177786394488, 0.000126394268591, 0.000133142253617, 0.000107705433038, 8.99482547538e-05, 0.000110685650725, 7.16171780368e-05, 9.48866654653e-05, 5.57279054192e-05, 7.31994878151e-05, 7.49195751268e-05, 3.09857059619e-05, 3.01652435155e-05, 1.94821823243e-05, 9.18658315641e-06, 3.28737371547e-07], "min": [3.26200042761e-23, 6.0939007946e-24, 1.17236610761e-23, 8.41501435654e-24, 6.33381217076e-23, 1.79631737609e-23, 1.62550453542e-23, 4.85252892153e-23, 7.04886156989e-23, 2.13038056347e-23, 9.69617590035e-23, 1.08222325596e-22, 1.31235834204e-22, 8.13135228125e-23, 9.63813214603e-23, 5.86402152033e-23, 3.72710953566e-22, 2.66503164152e-22, 3.14861599819e-22, 3.36784334676e-22, 5.46682626802e-22, 7.28198839518e-22, 5.69803496224e-22, 9.95788031633e-22, 9.7746474918e-22, 1.6748052686e-21, 1.97315412902e-21], "var": [2.66214954081e-07, 5.78257349844e-05, 6.37860721326e-05, 3.13384771289e-06, 1.33342373374e-05, 4.63308970211e-06, 3.03997489937e-06, 1.14066051538e-05, 1.29598902276e-05, 1.66813588294e-05, 4.77953381051e-06, 1.61332980042e-06, 1.34004801566e-06, 1.26219879348e-06, 1.23527854612e-07, 1.43316484014e-07, 1.18113447911e-07, 1.28316798964e-07, 7.83041457453e-07, 1.9734979162e-07, 1.63603502301e-07, 2.11101990999e-07, 6.38693222754e-08, 5.36857847067e-08, 2.81416561165e-08, 4.94671148488e-08, 1.68235447795e-09]}, "barkbands_crest": {"dmean": 2.19056034088, "dmean2": 3.5142364502, "dvar": 4.36332988739, "dvar2": 10.9599370956, "max": 24.2582530975, "mean": 8.65532875061, "median": 7.8373208046, "min": 2.57495856285, "var": 12.2551336288}, "barkbands_flatness_db": {"dmean": 0.0207347646356, "dmean2": 0.0302277486771, "dvar": 0.000405705533922, "dvar2": 0.000911806477234, "max": 0.371235281229, "mean": 0.112306371331, "median": 0.108849272132, "min": 0.0253950767219, "var": 0.00153305160347}, "barkbands_kurtosis": {"dmean": 1.87232291698, "dmean2": 2.9705696106, "dvar": 8.76039600372, "dvar2": 23.0177173615, "max": 73.0081939697, "mean": 2.48656821251, "median": 1.36288905144, "min": -1.83564531803, "var": 18.3145446777}, "barkbands_skewness": {"dmean": 0.421191006899, "dmean2": 0.646030962467, "dvar": 0.209741815925, "dvar2": 0.512285292149, "max": 7.3708281517, "mean": 1.27468335629, "median": 1.23768758774, "min": -4.41229391098, "var": 0.836698591709}, "barkbands_spread": {"dmean": 6.54308271408, "dmean2": 9.60854530334, "dvar": 63.5424995422, "dvar2": 129.292602539, "max": 115.206161499, "mean": 24.8183689117, "median": 20.9765930176, "min": 2.22677016258, "var": 218.65675354}, "dissonance": {"dmean": 0.0174624361098, "dmean2": 0.0290706064552, "dvar": 0.000273776939139, "dvar2": 0.00073833623901, "max": 0.499999940395, "mean": 0.464680552483, "median": 0.469341248274, "min": 0.302808463573, "var": 0.000546437222511}, "dynamic_complexity": 4.12144327164, "erbbands": {"dmean": [0.0551376156509, 0.540293216705, 2.461632967, 2.4664978981, 3.45164346695, 4.98828792572, 8.15934181213, 7.08485364914, 10.6860141754, 10.5822839737, 21.7966823578, 20.8521270752, 17.4795265198, 24.6279945374, 14.3631105423, 12.8776369095, 12.9320659637, 15.5824403763, 7.46683645248, 6.862865448, 8.1813287735, 6.15546417236, 6.22874689102, 8.58767223358, 11.0626707077, 6.17169141769, 5.03089141846, 5.53220081329, 5.34254789352, 3.91408872604, 2.40142846107, 1.52366864681, 1.0425106287, 0.571625471115, 0.482920259237, 0.318591475487, 0.145499914885, 0.0314809605479, 0.00215139868669, 6.00668572588e-05], "dmean2": [0.084078066051, 0.958058059216, 4.53106546402, 4.3048248291, 5.93982839584, 8.38170719147, 12.977191925, 11.7398300171, 16.4390583038, 16.5488376617, 33.3826065063, 31.7070007324, 25.0680294037, 35.6403083801, 21.654958725, 19.7530879974, 20.4830188751, 24.2070960999, 12.0121164322, 11.0031414032, 13.2165966034, 9.96960258484, 9.89405632019, 12.9294643402, 16.7648353577, 9.65354633331, 7.68479633331, 8.38830757141, 7.93410539627, 5.77928256989, 3.58432149887, 2.24708509445, 1.50515592098, 0.832850337029, 0.722667753696, 0.480552613735, 0.227631792426, 0.0505532212555, 0.00371620501392, 0.000100846235], "dvar": [0.0305738411844, 5.2065205574, 120.298851013, 71.9238739014, 80.8671340942, 200.970748901, 334.808898926, 289.753509521, 417.511627197, 839.422119141, 3338.64306641, 4503.39160156, 3206.67211914, 5702.38232422, 2267.67456055, 1318.55200195, 1152.97058105, 1913.87438965, 293.046386719, 240.054504395, 291.105377197, 165.23449707, 158.227203369, 289.852325439, 849.190917969, 286.75302124, 153.325317383, 169.596588135, 154.435623169, 69.6862792969, 26.9568786621, 11.46600914, 4.86116886139, 1.37223541737, 1.24656736851, 0.672423541546, 0.172349452972, 0.0097791319713, 8.36051622173e-05, 5.07350605972e-08], "dvar2": [0.0681173652411, 14.7633180618, 342.763336182, 200.090698242, 220.618347168, 544.740783691, 861.5546875, 793.407470703, 1030.90979004, 1949.26708984, 7737.53808594, 10174.2363281, 6702.48388672, 12089.5791016, 5014.67089844, 3059.05322266, 2860.59790039, 4367.89697266, 727.801879883, 591.125061035, 723.21661377, 428.804138184, 387.047607422, 612.80847168, 1871.33935547, 711.984008789, 368.684875488, 409.236694336, 337.775970459, 148.112121582, 60.4149131775, 23.9982013702, 9.40522289276, 2.84332871437, 2.78272008896, 1.55427765846, 0.410286158323, 0.0240926966071, 0.000229561133892, 1.39300865953e-07], "max": [2.9869992733, 26.5146331787, 118.242095947, 120.190078735, 135.175842285, 263.505065918, 236.519165039, 289.148010254, 297.041656494, 1092.50732422, 1763.58837891, 1490.65454102, 1705.68225098, 2839.78222656, 1858.56835938, 1362.13110352, 917.294372559, 1426.09338379, 644.843994141, 542.968383789, 364.856658936, 325.354217529, 314.609527588, 399.382843018, 764.45715332, 390.387268066, 210.247894287, 286.553985596, 370.887664795, 135.849075317, 118.237335205, 140.214324951, 101.591438293, 41.0514144897, 24.3993263245, 12.3543996811, 4.8602437973, 1.28349661827, 0.204894512892, 0.00534490542486], "mean": [0.111958384514, 0.629156053066, 2.07023596764, 2.89887571335, 4.3155298233, 6.70978164673, 12.1513795853, 10.6126270294, 18.1844501495, 15.6262512207, 38.8630905151, 36.4908294678, 34.0438728333, 50.0231361389, 27.2896957397, 21.4094486237, 22.4367656708, 26.1970863342, 11.9909505844, 11.0794229507, 13.208896637, 11.0568990707, 11.5855960846, 17.6939792633, 19.9585647583, 9.40194606781, 7.59286499023, 9.32091522217, 9.43834114075, 5.92411613464, 3.36889648438, 2.33318424225, 1.62994611263, 0.841434061527, 0.635159373283, 0.36770516634, 0.142203420401, 0.028059290722, 0.00161851278972, 6.38631827314e-05], "median": [0.0148847084492, 0.149600043893, 0.385182261467, 0.908235013485, 1.86928904057, 3.15146327019, 5.51081371307, 5.60008430481, 10.1911716461, 7.10061216354, 13.4199209213, 9.70764446259, 9.31589698792, 10.1118707657, 5.62580394745, 8.21764469147, 6.47923231125, 8.54284191132, 5.7202000618, 5.57622861862, 6.40306186676, 5.16130018234, 4.31052017212, 5.19495391846, 4.70749235153, 2.96287488937, 2.50061535835, 3.04655957222, 2.67695593834, 1.52022242546, 0.818222224712, 0.662579357624, 0.445154309273, 0.215601667762, 0.134707629681, 0.0585054680705, 0.0125682670623, 0.00163876730949, 6.37501143501e-05, 2.19470384764e-05], "min": [5.24249694577e-22, 6.57584151224e-22, 9.22754950764e-21, 2.83359959988e-20, 9.01062123044e-20, 2.08169462027e-19, 2.41117590939e-19, 2.05319786043e-19, 1.67348357292e-19, 7.85439372784e-19, 1.10984694282e-18, 1.72671760842e-18, 5.88775786282e-19, 2.25469375852e-18, 3.32074283208e-18, 5.44201132382e-18, 5.9307145928e-18, 3.60978641468e-18, 6.1345844217e-18, 3.90258560406e-18, 6.03531695793e-18, 1.83553991816e-17, 1.54521093825e-17, 1.81941585192e-17, 1.38069621222e-17, 1.53539875639e-17, 2.23105616262e-17, 2.41417608314e-17, 2.68525160711e-17, 1.68944609079e-17, 1.62381725012e-17, 1.96207919586e-17, 1.60554085992e-17, 1.05995395185e-17, 7.25939826713e-18, 5.56080066364e-18, 3.31573383988e-18, 9.14122878401e-19, 2.18289422286e-19, 3.47423321285e-20], "var": [0.0543400235474, 3.57686233521, 71.8061141968, 54.1372947693, 70.4160308838, 179.50378418, 379.237976074, 275.716430664, 610.535644531, 1187.82189941, 6995.44091797, 8712.86816406, 8575.18554688, 19526.8554688, 6249.91992188, 2432.95458984, 2608.97143555, 4725.72167969, 426.347015381, 404.588806152, 466.7081604, 280.894470215, 336.735565186, 923.90637207, 2232.68334961, 417.718566895, 223.868530273, 331.665130615, 346.341217041, 127.211761475, 44.3052330017, 26.1175918579, 12.4620380402, 2.76829743385, 1.9398419857, 0.84061473608, 0.175012394786, 0.00889816973358, 5.63440444239e-05, 3.50091546863e-08]}, "erbbands_crest": {"dmean": 2.51684808731, "dmean2": 3.95354223251, "dvar": 6.51942539215, "dvar2": 14.8492107391, "max": 30.5685329437, "mean": 8.57122707367, "median": 7.4530506134, "min": 2.03606033325, "var": 18.7649765015}, "erbbands_flatness_db": {"dmean": 0.0212113447487, "dmean2": 0.0278895273805, "dvar": 0.000466806581244, "dvar2": 0.00083981116768, "max": 0.304376929998, "mean": 0.145084291697, "median": 0.14374409616, "min": 0.0248353239149, "var": 0.00189223780762}, "erbbands_kurtosis": {"dmean": 0.744396328926, "dmean2": 1.14942800999, "dvar": 1.00906658173, "dvar2": 2.24339342117, "max": 26.8495483398, "mean": 0.154076397419, "median": -0.327843219042, "min": -1.7357455492, "var": 3.08546853065}, "erbbands_skewness": {"dmean": 0.334369629622, "dmean2": 0.500005185604, "dvar": 0.091298699379, "dvar2": 0.211730271578, "max": 4.43323564529, "mean": 0.477227896452, "median": 0.452508866787, "min": -2.06253361702, "var": 0.416712492704}, "erbbands_spread": {"dmean": 8.94983291626, "dmean2": 12.8178892136, "dvar": 102.943336487, "dvar2": 199.947296143, "max": 130.452056885, "mean": 40.6133422852, "median": 36.6596565247, "min": 4.41529989243, "var": 366.36428833}, "gfcc": {"cov": [[14945.0322266, -317.509399414, -659.676208496, 471.471893311, -760.149291992, 356.477630615, -59.897315979, 229.458984375, -285.563293457, 168.76512146, -72.0094604492, 147.189605713, -131.774780273], [-317.509399414, 1838.14733887, -446.452880859, 33.1260375977, 337.132080078, -45.9368247986, 97.2578735352, 1.33081150055, 127.913070679, -84.2996139526, 99.0804290771, -75.0799713135, 112.056350708], [-659.676208496, -446.452880859, 747.05682373, 38.6375274658, 45.4571685791, 83.864151001, -25.0463314056, 10.6186923981, 30.9412136078, 91.4846878052, -39.2357368469, 60.9520988464, -31.4174346924], [471.471893311, 33.1260375977, 38.6375274658, 374.427734375, -6.81096839905, 84.0014419556, 47.5666885376, 31.8377590179, 62.9972991943, 23.9984760284, 31.7475032806, -10.1684808731, 41.6206054688], [-760.149291992, 337.132080078, 45.4571685791, -6.81096839905, 330.880737305, 21.634054184, 69.9302139282, 26.962436676, 54.2430992126, -3.86002898216, 28.954788208, 9.35303878784, 24.4441871643], [356.477630615, -45.9368247986, 83.864151001, 84.0014419556, 21.634054184, 218.52142334, 104.801246643, 48.2938957214, 15.8536672592, 29.7887935638, 26.962846756, 29.3994197845, 11.906411171], [-59.897315979, 97.2578735352, -25.0463314056, 47.5666885376, 69.9302139282, 104.801246643, 223.627243042, 66.4572219849, 35.5737686157, 1.62941110134, 60.4497718811, 16.5447216034, 21.0664100647], [229.458984375, 1.33081150055, 10.6186923981, 31.8377590179, 26.962436676, 48.2938957214, 66.4572219849, 113.177253723, 31.5293140411, 21.8344345093, 17.9291877747, 16.0234127045, 6.63914012909], [-285.563293457, 127.913070679, 30.9412136078, 62.9972991943, 54.2430992126, 15.8536672592, 35.5737686157, 31.5293140411, 108.145195007, 31.9090518951, 24.8774280548, -1.31155335903, 25.9254379272], [168.76512146, -84.2996139526, 91.4846878052, 23.9984760284, -3.86002898216, 29.7887935638, 1.62941110134, 21.8344345093, 31.9090518951, 92.4169692993, 21.9831600189, 18.6871871948, -3.82054972649], [-72.0094604492, 99.0804290771, -39.2357368469, 31.7475032806, 28.954788208, 26.962846756, 60.4497718811, 17.9291877747, 24.8774280548, 21.9831600189, 85.4592819214, 17.6048049927, 18.6873836517], [147.189605713, -75.0799713135, 60.9520988464, -10.1684808731, 9.35303878784, 29.3994197845, 16.5447216034, 16.0234127045, -1.31155335903, 18.6871871948, 17.6048049927, 76.3352127075, 16.7261657715], [-131.774780273, 112.056350708, -31.4174346924, 41.6206054688, 24.4441871643, 11.906411171, 21.0664100647, 6.63914012909, 25.9254379272, -3.82054972649, 18.6873836517, 16.7261657715, 71.4970016479]], "icov": [[0.000125861974084, -9.71980334725e-05, 0.00018853750953, -0.000246194802457, 0.00025289694895, -0.000171370702446, 6.43114835839e-05, -0.000276781152934, 0.000433561508544, -0.000432873028331, 0.000379695615266, -0.000503710121848, 0.000397556461394], [-9.71980334725e-05, 0.00111508928239, 0.000344673928339, 0.000295803911285, -0.00111651280895, 7.49926111894e-05, 0.000141117707244, 0.000425902660936, -0.00120586226694, 0.00096197030507, -0.00106118188705, 0.00128652178682, -0.00119438674301], [0.00018853750953, 0.000344673928339, 0.00246930471621, -0.000603887136094, -0.000498845300172, -0.000859899853822, 0.000350056536263, 0.000196620138013, -0.000286336784484, -0.00201026746072, 0.00199188175611, -0.0020801499486, 0.00139866385143], [-0.000246194802457, 0.000295803911285, -0.000603887136094, 0.00405300594866, -9.32740204007e-06, -0.000975556496996, 0.000161659409059, 0.00023754722497, -0.00240078452043, 0.0010927360272, -0.00174663413782, 0.00276713492349, -0.00270803994499], [0.00025289694895, -0.00111651280895, -0.000498845300172, -9.32740204007e-06, 0.00501162791625, -0.000230059973546, -0.000802907044999, -0.000919632322621, -0.000136550690513, -0.000206826007343, 0.000652378017548, -0.00164698774461, 0.000902331841644], [-0.000171370702446, 7.49926111894e-05, -0.000859899853822, -0.000975556496996, -0.000230059973546, 0.00748115824535, -0.00335698807612, -0.00041611972847, 0.0009234076133, -0.00102774437983, 0.000202050956432, -0.000712080392987, -0.000658738194034], [6.43114835839e-05, 0.000141117707244, 0.000350056536263, 0.000161659409059, -0.000802907044999, -0.00335698807612, 0.00851515680552, -0.00316603784449, -0.000937996956054, 0.00261460570619, -0.00453867018223, 0.000321141968016, 0.000166646277648], [-0.000276781152934, 0.000425902660936, 0.000196620138013, 0.00023754722497, -0.000919632322621, -0.00041611972847, -0.00316603784449, 0.0127333700657, -0.00349315674976, -0.000995188951492, 0.000712844543159, -0.000898362777662, 0.000141957920277], [0.000433561508544, -0.00120586226694, -0.000286336784484, -0.00240078452043, -0.000136550690513, 0.0009234076133, -0.000937996956054, -0.00349315674976, 0.0169556643814, -0.00676256138831, 0.000857615144923, 0.000772522413172, -0.00246009393595], [-0.000432873028331, 0.00096197030507, -0.00201026746072, 0.0010927360272, -0.000206826007343, -0.00102774437983, 0.00261460570619, -0.000995188951492, -0.00676256138831, 0.0187246184796, -0.00718938419595, 0.000335485179676, 0.000992278917693], [0.000379695615266, -0.00106118188705, 0.00199188175611, -0.00174663413782, 0.000652378017548, 0.000202050956432, -0.00453867018223, 0.000712844543159, 0.000857615144923, -0.00718938419595, 0.0202739723027, -0.00597090553492, 0.000672083522659], [-0.000503710121848, 0.00128652178682, -0.0020801499486, 0.00276713492349, -0.00164698774461, -0.000712080392987, 0.000321141968016, -0.000898362777662, 0.000772522413172, 0.000335485179676, -0.00597090553492, 0.02111912705, -0.00844137556851], [0.000397556461394, -0.00119438674301, 0.00139866385143, -0.00270803994499, 0.000902331841644, -0.000658738194034, 0.000166646277648, 0.000141957920277, -0.00246009393595, 0.000992278917693, 0.000672083522659, -0.00844137556851, 0.0212654378265]], "mean": [-20.4207000732, 83.5262145996, -114.701667786, 21.8660697937, -65.521232605, 8.60612106323, -36.9649543762, 9.63079833984, -25.5162715912, 5.81588697433, -19.0800857544, 3.4033203125, -13.9672527313]}, "hfc": {"dmean": 7.72996473312, "dmean2": 11.1812334061, "dvar": 187.075042725, "dvar2": 426.130310059, "max": 190.700973511, "mean": 18.4006824493, "median": 9.72885227203, "min": 1.09826298558e-16, "var": 426.949493408}, "melbands": {"dmean": [0.000506841868628, 0.00109727866948, 0.000437435344793, 0.00032749469392, 0.000256761297351, 0.000163508972037, 0.000160772164236, 0.00012312256149, 0.000181039431482, 0.000125576421851, 8.88964423211e-05, 0.000105160368548, 5.40325054317e-05, 3.79031880584e-05, 2.9319397072e-05, 3.09361348627e-05, 2.92174045171e-05, 1.24097596199e-05, 9.14218071557e-06, 9.46558611759e-06, 1.00729203041e-05, 6.71003817843e-06, 7.22383083485e-06, 6.44190640742e-06, 7.50457911636e-06, 9.4657889349e-06, 6.44351530354e-06, 3.87233785659e-06, 3.22439677802e-06, 3.25124392475e-06, 3.37637561643e-06, 3.32797321789e-06, 2.65626908913e-06, 2.10132452594e-06, 1.50821779243e-06, 1.04861385353e-06, 9.47476280544e-07, 8.0024460658e-07, 6.05688626365e-07, 4.48400669484e-07], "dmean2": [0.000817342719529, 0.00200950959697, 0.000764274038374, 0.000555273843929, 0.000413152913097, 0.00026967166923, 0.000246630865149, 0.000193228348508, 0.000276784965536, 0.000190871476661, 0.000127563675051, 0.000152034583152, 8.11366335256e-05, 5.75598678552e-05, 4.67306672363e-05, 4.8610563681e-05, 4.56545312773e-05, 1.99640380742e-05, 1.48365352288e-05, 1.52806806e-05, 1.64005177794e-05, 1.10002220026e-05, 1.1686367543e-05, 1.0358155123e-05, 1.13935711852e-05, 1.43115985338e-05, 1.00199767985e-05, 6.19946831648e-06, 5.03595492773e-06, 5.017841886e-06, 5.16079489898e-06, 5.02517468703e-06, 3.9367437239e-06, 3.16683644996e-06, 2.29494548876e-06, 1.57593512995e-06, 1.42228532241e-06, 1.1718021824e-06, 8.85778547399e-07, 6.67261360832e-07], "dvar": [3.02664170704e-06, 2.38414377236e-05, 1.94943277165e-06, 8.72831662946e-07, 3.39282479445e-07, 1.44498358168e-07, 9.05737138623e-08, 1.20678038229e-07, 2.2348103812e-07, 1.62490792377e-07, 8.28557205068e-08, 1.05024739128e-07, 3.83052167763e-08, 1.01896464599e-08, 7.10089054223e-09, 6.72176581062e-09, 7.22385573582e-09, 1.17670007072e-09, 3.84381471097e-10, 4.40497999188e-10, 4.12370859681e-10, 2.19206888752e-10, 2.01628519436e-10, 1.72450304037e-10, 2.38042863199e-10, 5.23227294824e-10, 3.57122303951e-10, 1.25078655766e-10, 7.31037244628e-11, 5.51320482323e-11, 6.92114560108e-11, 6.77882125433e-11, 3.23423787751e-11, 2.10875587825e-11, 1.17105023595e-11, 4.88186140818e-12, 5.01784941723e-12, 3.08839260589e-12, 1.59004851386e-12, 8.77472844819e-13], "dvar2": [7.65484492149e-06, 6.79437653162e-05, 5.41544523003e-06, 2.3410295853e-06, 8.82243398337e-07, 3.92925272763e-07, 2.20220456981e-07, 2.76331320492e-07, 5.23683070242e-07, 3.65401604085e-07, 1.73901241851e-07, 2.20684157171e-07, 8.75228280961e-08, 2.23459242221e-08, 1.77826819936e-08, 1.59809818712e-08, 1.64020015347e-08, 2.90744517351e-09, 9.7342178762e-10, 1.11957498827e-09, 1.03029496046e-09, 5.79642556175e-10, 5.03676877983e-10, 4.20638690546e-10, 5.11136133419e-10, 1.13613440877e-09, 8.47542702687e-10, 3.1777003251e-10, 1.80647830028e-10, 1.33588945461e-10, 1.66790664613e-10, 1.4973716711e-10, 7.06798577998e-11, 4.6449462332e-11, 2.72831496978e-11, 1.05121441066e-11, 1.06437523725e-11, 6.20307928287e-12, 3.26483154747e-12, 1.88926413576e-12], "max": [0.0215387698263, 0.0512936264277, 0.0213082097471, 0.0172408986837, 0.00853339955211, 0.00650130957365, 0.00401574000716, 0.0114530306309, 0.0137351062149, 0.00967851746827, 0.0086753545329, 0.0120485834777, 0.00610623974353, 0.00404610298574, 0.00247266585939, 0.00172970711719, 0.00306274951436, 0.00150467664935, 0.000538635184057, 0.000634103431366, 0.000422374840127, 0.000410695065511, 0.000299906387227, 0.000368277105736, 0.000413398636738, 0.000751030805986, 0.000641098886263, 0.000293870689347, 0.000170462677488, 0.00013750710059, 0.000226006828598, 0.000306602800265, 9.30257592699e-05, 6.66958585498e-05, 8.78245773492e-05, 7.54799548304e-05, 0.000100248638773, 7.66559533076e-05, 5.64002220926e-05, 2.77237559203e-05], "mean": [0.000913938332815, 0.00100177247077, 0.000522030168213, 0.000423744786531, 0.000381320714951, 0.000247853080509, 0.000276192615274, 0.000180602466571, 0.000321673229337, 0.000214397994569, 0.000166902158526, 0.000208754252526, 9.56031435635e-05, 6.32729279459e-05, 4.41697739006e-05, 5.3035280871e-05, 4.6629262215e-05, 1.81763589353e-05, 1.37727511174e-05, 1.49783927554e-05, 1.55823636305e-05, 1.09866741695e-05, 1.16651581266e-05, 1.10192322609e-05, 1.43358802234e-05, 1.70558050741e-05, 9.88054853224e-06, 5.29678391104e-06, 4.56939960713e-06, 4.74331363876e-06, 5.64868059882e-06, 5.75215835852e-06, 4.10945449403e-06, 2.95011204798e-06, 2.00945191864e-06, 1.48934066146e-06, 1.42553653859e-06, 1.22496624044e-06, 8.75962768987e-07, 6.37626953903e-07], "median": [0.000165049248608, 0.000225411931751, 0.000185196200619, 0.000190454898984, 0.000177283756784, 0.000134089452331, 0.000154289416969, 7.39827592042e-05, 0.000108498992631, 5.18554261362e-05, 4.23837736889e-05, 3.97424955736e-05, 1.45152753248e-05, 2.21293321374e-05, 1.48964454638e-05, 1.44399800774e-05, 1.48438402903e-05, 7.81073231337e-06, 6.88078034727e-06, 6.94513028066e-06, 7.47253034206e-06, 5.03561386722e-06, 4.16888633481e-06, 3.4448516999e-06, 3.88404623664e-06, 3.54808730663e-06, 2.39937253355e-06, 1.53871349085e-06, 1.30627086037e-06, 1.59644446285e-06, 1.59984028869e-06, 1.49116340253e-06, 9.97762072075e-07, 6.74267425893e-07, 4.50244527883e-07, 3.86990564039e-07, 3.83425174277e-07, 3.14528534773e-07, 2.17403737679e-07, 1.53088294041e-07], "min": [5.38996352683e-24, 3.52176222628e-24, 6.0592496849e-24, 1.04773807527e-23, 9.84150285398e-24, 4.0940236206e-24, 2.40402225144e-24, 9.45195781696e-24, 1.0879310906e-23, 9.68439962699e-24, 2.37628452151e-24, 8.11132657386e-24, 1.22045080854e-23, 1.02747878616e-23, 1.485997482e-23, 1.30443096836e-23, 5.5453269211e-24, 1.09077004322e-23, 5.87847234771e-24, 5.01566401566e-24, 8.28241393812e-24, 1.88331232563e-23, 2.11196223906e-23, 1.08077785768e-23, 1.55553809515e-23, 9.830602374e-24, 9.36041287549e-24, 1.07284254806e-23, 1.38579873641e-23, 1.07828560942e-23, 1.61547511564e-23, 1.80186306825e-23, 9.42695092626e-24, 8.91621555495e-24, 8.13921280686e-24, 1.26745603221e-23, 1.15748456218e-23, 1.15212827552e-23, 9.94389147745e-24, 8.80229536277e-24], "var": [3.91291268897e-06, 1.44734685819e-05, 1.48794856614e-06, 7.88332670254e-07, 3.60117496712e-07, 1.40406100968e-07, 1.38899352464e-07, 1.83817817856e-07, 4.57093108253e-07, 3.1978026982e-07, 2.20876827939e-07, 3.60205120842e-07, 1.03383300143e-07, 2.4216253891e-08, 1.10216884508e-08, 1.68109295373e-08, 1.61039679369e-08, 1.54122170581e-09, 5.51337919763e-10, 6.73373079518e-10, 6.52181531002e-10, 3.26040278109e-10, 4.04572209067e-10, 3.86904175365e-10, 6.85921930366e-10, 1.56428114906e-09, 6.11706740816e-10, 1.55852122874e-10, 1.00752781118e-10, 7.76906594613e-11, 1.48271422917e-10, 1.54277896014e-10, 6.10416439617e-11, 3.49869369587e-11, 1.73297973194e-11, 9.50938112976e-12, 1.11735074318e-11, 7.92946871359e-12, 3.26700233706e-12, 1.62753827342e-12]}, "melbands_crest": {"dmean": 3.00831604004, "dmean2": 4.85851144791, "dvar": 8.75186729431, "dvar2": 22.2494907379, "max": 30.8364524841, "mean": 12.4052934647, "median": 11.3901481628, "min": 1.78155577183, "var": 21.5916290283}, "melbands_flatness_db": {"dmean": 0.0244907643646, "dmean2": 0.035452708602, "dvar": 0.000607887515798, "dvar2": 0.00138966902159, "max": 0.491472899914, "mean": 0.172957971692, "median": 0.168390795588, "min": 0.00757983839139, "var": 0.00304230302572}, "melbands_kurtosis": {"dmean": 4.5505027771, "dmean2": 7.30527591705, "dvar": 74.1019287109, "dvar2": 193.606399536, "max": 199.900100708, "mean": 8.54742527008, "median": 5.90957021713, "min": -1.64115440845, "var": 111.181762695}, "melbands_skewness": {"dmean": 0.567101240158, "dmean2": 0.867859423161, "dvar": 0.490918755531, "dvar2": 1.16609537601, "max": 11.3438920975, "mean": 2.1664557457, "median": 2.05606436729, "min": -1.52823626995, "var": 1.42014682293}, "melbands_spread": {"dmean": 6.59584903717, "dmean2": 9.98267936707, "dvar": 66.7987670898, "dvar2": 150.366378784, "max": 176.471054077, "mean": 25.8773975372, "median": 22.1411647797, "min": 1.433639884, "var": 304.746490479}, "mfcc": {"cov": [[9245.46386719, -618.675231934, 8.16906166077, 108.39415741, -425.873138428, 105.801322937, 159.138839722, 168.885772705, -73.4711914063, 48.546459198, 166.765533447, -121.1820755, -121.102111816], [-618.675231934, 1549.74023438, -436.607543945, 67.9525909424, 169.613189697, 4.79486370087, 36.8737983704, 56.0731277466, 51.5031661987, -5.0776591301, 18.267906189, 35.6230545044, -7.58851051331], [8.16906166077, -436.607543945, 582.650878906, 19.0092334747, 25.6576004028, 78.8089065552, -20.2880630493, -22.1016845703, 17.5151004791, 36.8278427124, -8.3435049057, 21.2088928223, 57.8632049561], [108.39415741, 67.9525909424, 19.0092334747, 230.682800293, 64.131362915, 31.3883628845, 0.0867000818253, 13.6900587082, 31.5067634583, 38.1476669312, 0.147429138422, 8.05118083954, 48.7649078369], [-425.873138428, 169.613189697, 25.6576004028, 64.131362915, 207.848205566, 39.1898078918, -9.14821529388, -2.62343788147, 35.5316314697, 17.7824344635, -24.8080043793, 26.5593605042, 42.6179695129], [105.801322937, 4.79486370087, 78.8089065552, 31.3883628845, 39.1898078918, 149.91104126, 56.2043037415, 38.4261932373, 27.0029811859, 24.2469978333, 24.4510936737, 17.8276596069, 12.3803806305], [159.138839722, 36.8737983704, -20.2880630493, 0.0867000818253, -9.14821529388, 56.2043037415, 158.847091675, 83.8433990479, 19.7758083344, 15.5843610764, 56.4176330566, 9.81151866913, -23.700969696], [168.885772705, 56.0731277466, -22.1016845703, 13.6900587082, -2.62343788147, 38.4261932373, 83.8433990479, 129.193786621, 41.8562660217, 8.71855926514, 41.0290603638, 12.2261629105, -10.3698148727], [-73.4711914063, 51.5031661987, 17.5151004791, 31.5067634583, 35.5316314697, 27.0029811859, 19.7758083344, 41.8562660217, 89.3245391846, 28.7813510895, 8.35596466064, 17.741104126, 8.9179725647], [48.546459198, -5.0776591301, 36.8278427124, 38.1476669312, 17.7824344635, 24.2469978333, 15.5843610764, 8.71855926514, 28.7813510895, 93.3622512817, 31.86784935, -1.38923048973, 23.0767421722], [166.765533447, 18.267906189, -8.3435049057, 0.147429138422, -24.8080043793, 24.4510936737, 56.4176330566, 41.0290603638, 8.35596466064, 31.86784935, 102.768959045, 17.0838165283, -13.5454063416], [-121.1820755, 35.6230545044, 21.2088928223, 8.05118083954, 26.5593605042, 17.8276596069, 9.81151866913, 12.2261629105, 17.741104126, -1.38923048973, 17.0838165283, 74.0732727051, 21.5458812714], [-121.102111816, -7.58851051331, 57.8632049561, 48.7649078369, 42.6179695129, 12.3803806305, -23.700969696, -10.3698148727, 8.9179725647, 23.0767421722, -13.5454063416, 21.5458812714, 89.8304901123]], "icov": [[0.000133788096718, 3.6827117583e-05, 1.53814198711e-05, -0.000151895073941, 0.000245035655098, -0.000133306602947, 3.56862401532e-05, -0.000169674982317, 0.00014077029482, -4.95585627505e-05, -8.88583381311e-05, 0.000137427457958, 0.000100367113191], [3.6827117583e-05, 0.000992518849671, 0.000793219020125, -0.000130483036628, -0.000753889849875, -0.000147081053001, 6.72350652167e-05, -0.000176738656592, -0.000209032470593, 8.79023136804e-05, -0.000248006515903, -0.000218952351133, 8.19450142444e-05], [1.53814198711e-05, 0.000793219020125, 0.00268050958402, 0.000142775767017, -0.000351018767105, -0.00134770537261, 0.000379196018912, 0.000330328242853, -0.000397988420445, -0.000422788463766, 5.67449642404e-05, -0.000439167488366, -0.000963915139437], [-0.000151895073941, -0.000130483036628, 0.000142775767017, 0.00564422272146, -0.00119713589083, -0.000369602465071, 0.000185887562111, -0.000252849422395, -0.000934034818783, -0.00107388501056, 4.7291523515e-05, 0.000616539444309, -0.00250515458174], [0.000245035655098, -0.000753889849875, -0.000351018767105, -0.00119713589083, 0.00758106308058, -0.00157184328418, -2.47739444603e-05, 0.000527146505192, -0.00126946694218, -0.000629775982816, 0.00205058604479, -0.00123512255959, -0.00128982332535], [-0.000133306602947, -0.000147081053001, -0.00134770537261, -0.000369602465071, -0.00157184328418, 0.00955957081169, -0.00292029068805, -0.000510533456691, -0.00064586912049, -0.000516371568665, -0.000417681148974, -0.000679805874825, -0.000227745564189], [3.56862401532e-05, 6.72350652167e-05, 0.000379196018912, 0.000185887562111, -2.47739444603e-05, -0.00292029068805, 0.0118517903611, -0.006102880463, 0.00136389397085, -0.000874811667018, -0.00291475001723, -0.000282600172795, 0.00226293923333], [-0.000169674982317, -0.000176738656592, 0.000330328242853, -0.000252849422395, 0.000527146505192, -0.000510533456691, -0.006102880463, 0.0147745404392, -0.00629399344325, 0.00277457153425, -0.0025223987177, 0.000471683655633, -0.000984980375506], [0.00014077029482, -0.000209032470593, -0.000397988420445, -0.000934034818783, -0.00126946694218, -0.00064586912049, 0.00136389397085, -0.00629399344325, 0.0171978268772, -0.00554829416797, 0.00257143401541, -0.0034381558653, 0.00219046603888], [-4.95585627505e-05, 8.79023136804e-05, -0.000422788463766, -0.00107388501056, -0.000629775982816, -0.000516371568665, -0.000874811667018, 0.00277457153425, -0.00554829416797, 0.0167106576264, -0.0067396806553, 0.0046633509919, -0.00462145917118], [-8.88583381311e-05, -0.000248006515903, 5.67449642404e-05, 4.7291523515e-05, 0.00205058604479, -0.000417681148974, -0.00291475001723, -0.0025223987177, 0.00257143401541, -0.0067396806553, 0.0162757113576, -0.00525175733492, 0.00301145226695], [0.000137427457958, -0.000218952351133, -0.000439167488366, 0.000616539444309, -0.00123512255959, -0.000679805874825, -0.000282600172795, 0.000471683655633, -0.0034381558653, 0.0046633509919, -0.00525175733492, 0.0180937740952, -0.00521383807063], [0.000100367113191, 8.19450142444e-05, -0.000963915139437, -0.00250515458174, -0.00128982332535, -0.000227745564189, 0.00226293923333, -0.000984980375506, 0.00219046603888, -0.00462145917118, 0.00301145226695, -0.00521383807063, 0.0170561932027]], "mean": [-661.306335449, 118.485824585, 0.921133220196, 16.6945762634, -6.5888543129, 0.31056663394, -4.76057434082, 1.34183502197, -1.98130536079, -0.655979633331, 2.08622717857, -1.18009924889, -2.71560311317]}, "pitch_salience": {"dmean": 0.0629664808512, "dmean2": 0.102256037295, "dvar": 0.00364034273662, "dvar2": 0.00963537301868, "max": 0.87871915102, "mean": 0.582446455956, "median": 0.585660636425, "min": 0.157392591238, "var": 0.0089393639937}, "silence_rate_20dB": {"dmean": 0, "dmean2": 0, "dvar": 0, "dvar2": 0, "max": 1, "mean": 1, "median": 1, "min": 1, "var": 0}, "silence_rate_30dB": {"dmean": 0.0112616578117, "dmean2": 0.0225252974778, "dvar": 0.0111358119175, "dvar2": 0.0317004099488, "max": 1, "mean": 0.993577897549, "median": 1, "min": 0, "var": 0.00638064043596}, "silence_rate_60dB": {"dmean": 0.037128277123, "dmean2": 0.0742630884051, "dvar": 0.0357457362115, "dvar2": 0.0775361284614, "max": 1, "mean": 0.100290313363, "median": 0, "min": 0, "var": 0.0902380123734}, "spectral_centroid": {"dmean": 253.826766968, "dmean2": 381.027069092, "dvar": 78208.515625, "dvar2": 164599.21875, "max": 11041.0615234, "mean": 1389.03710938, "median": 1276.2244873, "min": 240.742782593, "var": 385207.6875}, "spectral_complexity": {"dmean": 3.47545313835, "dmean2": 5.20615911484, "dvar": 21.9738998413, "dvar2": 43.8596000671, "max": 60, "mean": 16.9657783508, "median": 16, "min": 0, "var": 77.5135192871}, "spectral_contrast_coeffs": {"dmean": [0.0469484329224, 0.0426765941083, 0.037239715457, 0.0328597836196, 0.0273501984775, 0.0194779001176], "dmean2": [0.0764638707042, 0.0685473904014, 0.0579348802567, 0.0515832304955, 0.040856577456, 0.0294981803745], "dvar": [0.00177055550739, 0.00129377609119, 0.00100821431261, 0.000770360406023, 0.000630112772342, 0.000328335823724], "dvar2": [0.00454838108271, 0.00336974672973, 0.00229366309941, 0.00179339072201, 0.00123803049792, 0.000697606359608], "max": [-0.307043761015, -0.445472598076, -0.484487384558, -0.532683491707, -0.528754770756, -0.589430034161], "mean": [-0.657992720604, -0.727988958359, -0.744406342506, -0.760560631752, -0.76901614666, -0.762549579144], "median": [-0.664294064045, -0.729454934597, -0.753789067268, -0.762551665306, -0.776617050171, -0.76461482048], "min": [-0.970043420792, -0.976750135422, -0.965396225452, -0.958697259426, -0.962113797665, -0.960079193115], "var": [0.00742931198329, 0.00419958168641, 0.00528064463288, 0.00337443593889, 0.00352741056122, 0.00218624412082]}, "spectral_contrast_valleys": {"dmean": [0.365424931049, 0.368861675262, 0.342830002308, 0.34850564599, 0.381971120834, 0.49367082119], "dmean2": [0.587422072887, 0.57278585434, 0.52612298727, 0.519417762756, 0.505323767662, 0.583136856556], "dvar": [0.150720059872, 0.142937526107, 0.118615366518, 0.154434412718, 0.188150256872, 0.290484189987], "dvar2": [0.320242613554, 0.307710140944, 0.245427519083, 0.307763636112, 0.339528679848, 0.508065402508], "max": [-4.95636034012, -4.4537858963, -4.9829325676, -5.5294547081, -5.41096925735, -7.39016962051], "mean": [-7.67157125473, -6.79274225235, -7.55492210388, -8.21470737457, -8.0544500351, -10.3042726517], "median": [-7.50855588913, -6.66333723068, -7.43087100983, -8.06029605865, -7.88861942291, -10.0865850449], "min": [-27.0834903717, -26.6439800262, -27.0237941742, -27.2842960358, -27.2302246094, -27.2940235138], "var": [1.90232944489, 1.43809604645, 1.40914773941, 1.44263637066, 1.57567834854, 1.85551774502]}, "spectral_decrease": {"dmean": 2.27835261768e-09, "dmean2": 3.69569863601e-09, "dvar": 3.21540489659e-17, "dvar2": 8.55647801723e-17, "max": 1.54854960464e-16, "mean": -4.78741357668e-09, "median": -2.77570544327e-09, "min": -6.12093131735e-08, "var": 3.62877748893e-17}, "spectral_energy": {"dmean": 0.00920137111098, "dmean2": 0.0147837316617, "dvar": 0.000493271159939, "dvar2": 0.00130521028768, "max": 0.236287966371, "mean": 0.0197378825396, "median": 0.0116270212457, "min": 1.03444226648e-20, "var": 0.000580257037655}, "spectral_energyband_high": {"dmean": 0.000566094240639, "dmean2": 0.000810208497569, "dvar": 1.28301871882e-06, "dvar2": 2.80697895505e-06, "max": 0.0167102273554, "mean": 0.000947463151533, "median": 0.000351099588443, "min": 7.29691965147e-21, "var": 2.4031060093e-06}, "spectral_energyband_low": {"dmean": 0.00450194813311, "dmean2": 0.00785006396472, "dvar": 0.000324381573591, "dvar2": 0.000900934741367, "max": 0.197293609381, "mean": 0.00583294918761, "median": 0.00165352202021, "min": 4.10510025323e-23, "var": 0.000247958727414}, "spectral_energyband_middle_high": {"dmean": 0.00173310074024, "dmean2": 0.00257323123515, "dvar": 1.08247722892e-05, "dvar2": 2.44552084041e-05, "max": 0.0751046687365, "mean": 0.00481497962028, "median": 0.00197632680647, "min": 1.67352592553e-21, "var": 5.26877156517e-05}, "spectral_energyband_middle_low": {"dmean": 0.00417851936072, "dmean2": 0.00660880794749, "dvar": 6.47115157335e-05, "dvar2": 0.000162034193636, "max": 0.112236961722, "mean": 0.00886082369834, "median": 0.00572616513819, "min": 2.32615895852e-22, "var": 9.61030236795e-05}, "spectral_entropy": {"dmean": 0.204757019877, "dmean2": 0.275413125753, "dvar": 0.0474697612226, "dvar2": 0.0864874273539, "max": 9.80124855042, "mean": 7.60813045502, "median": 7.5893907547, "min": 5.74483537674, "var": 0.193904012442}, "spectral_flux": {"dmean": 0.0259841475636, "dmean2": 0.0397313758731, "dvar": 0.00184996752068, "dvar2": 0.00362870586105, "max": 0.441716074944, "mean": 0.0684367194772, "median": 0.0516871921718, "min": 1.01707538225e-10, "var": 0.00350323272869}, "spectral_kurtosis": {"dmean": 1.69434964657, "dmean2": 2.60891056061, "dvar": 5.42792701721, "dvar2": 13.4454727173, "max": 62.1999092102, "mean": 4.45726013184, "median": 3.54870510101, "min": -1.23672163486, "var": 12.8667936325}, "spectral_rms": {"dmean": 0.000794552732259, "dmean2": 0.00118708342779, "dvar": 1.90922378351e-06, "dvar2": 4.55711642644e-06, "max": 0.0151830445975, "mean": 0.00382861681283, "median": 0.00336800166406, "min": 3.17680972674e-12, "var": 4.59805642095e-06}, "spectral_rolloff": {"dmean": 684.875366211, "dmean2": 1104.15087891, "dvar": 1610894, "dvar2": 3387585.5, "max": 18949.21875, "mean": 1986.67663574, "median": 1205.859375, "min": 86.1328125, "var": 5734712}, "spectral_skewness": {"dmean": 0.236455976963, "dmean2": 0.350932627916, "dvar": 0.0634674206376, "dvar2": 0.140502527356, "max": 6.08145570755, "mean": 1.57132279873, "median": 1.51058506966, "min": -0.0321259051561, "var": 0.263701021671}, "spectral_spread": {"dmean": 819106.5, "dmean2": 1055700, "dvar": 930284044288, "dvar2": 1621206892540.0, "max": 41513904, "mean": 5141083, "median": 4806719, "min": 1167548, "var": 3691583111170.0}