{"lowlevel": {"average_loudness": 0.849497318268, "barkbands": {"dmean": [9.49978857534e-05, 0.00281630037352, 0.00186174036935, 0.00239442009479, 0.00063569174381, 0.000290863710688, 0.000220361573156, 0.000322136853356, 0.000272780453088, 0.000502387294546, 0.000303789915051, 0.000405185215641, 0.000428940955317, 0.000345737615135, 0.000454896216979, 0.000370186957298, 0.000201612361707, 0.000244106064201, 0.000321894709487, 0.00019298242114, 0.000138474162668, 9.71010595094e-05, 0.000106247673102, 0.000100425473647, 8.26981777209e-05, 3.82935540983e-05, 5.21416313859e-06], "dmean2": [0.000126895116409, 0.0046788114123, 0.00304223946296, 0.00352788111195, 0.00107865803875, 0.000434423331171, 0.000346231099684, 0.000487840996357, 0.000419288378907, 0.000789603509475, 0.000474060681881, 0.000628216017503, 0.000676898402162, 0.000541500863619, 0.000729966326617, 0.000569952942897, 0.000315604003845, 0.000369321060134, 0.000481345516164, 0.000287595961709, 0.000203595773201, 0.00012986989168, 0.000134179703309, 0.000126214232296, 0.000109302374767, 5.23091257492e-05, 7.19343006494e-06], "dvar": [4.01269346639e-08, 4.24775462307e-05, 2.11618262256e-05, 5.24854949617e-05, 2.43385170506e-06, 2.70697654514e-07, 1.69407641692e-07, 7.1360233278e-07, 5.6992610098e-07, 1.36805385864e-06, 1.08425376766e-06, 1.29036880026e-06, 1.35370089538e-06, 1.08445374281e-06, 1.16806984352e-06, 1.26210591134e-06, 2.40451811351e-07, 3.02698282439e-07, 3.87436216442e-07, 1.17167523683e-07, 9.7776506891e-08, 3.668436932e-08, 4.32702194075e-08, 3.94252097635e-08, 2.77579896846e-08, 7.29658733434e-09, 1.39320277537e-10], "dvar2": [6.94261501621e-08, 0.000111812405521, 5.28911587026e-05, 0.000111217188532, 6.80133371134e-06, 6.71379666528e-07, 3.92593591414e-07, 1.6521305497e-06, 1.36411699714e-06, 3.44253726325e-06, 2.4367975584e-06, 2.9961436212e-06, 3.13270743391e-06, 2.46144236371e-06, 2.84095017378e-06, 2.89505578621e-06, 5.49945923467e-07, 6.64554647756e-07, 8.38467315134e-07, 2.51401246487e-07, 2.02670648264e-07, 6.47856097657e-08, 6.74554812008e-08, 6.36206038962e-08, 5.07674933203e-08, 1.46412615365e-08, 2.68324057418e-10], "max": [0.00196478306316, 0.0557809621096, 0.0724508911371, 0.0819638967514, 0.0340865291655, 0.0121266525239, 0.0104866893962, 0.0235542431474, 0.0275992788374, 0.0273553300649, 0.0272344723344, 0.0243973564357, 0.032628249377, 0.0282587502152, 0.0196642633528, 0.0253006052226, 0.0165230967104, 0.0131632303819, 0.0118626561016, 0.0060767265968, 0.0107074612752, 0.00315389502794, 0.00330731086433, 0.00465655792505, 0.00302384374663, 0.00090951792663, 0.000118780786579], "mean": [0.000115520051622, 0.00352811557241, 0.00236851070076, 0.00299950456247, 0.000990691012703, 0.000651138019748, 0.000402035366278, 0.000525407493114, 0.000443156401161, 0.000908838177565, 0.000426744052675, 0.000664662220515, 0.000665222352836, 0.000506545824464, 0.000680766010191, 0.000579415180255, 0.000351157126715, 0.000442949793069, 0.000665026949719, 0.00039606919745, 0.000226922638831, 0.000160832583788, 0.000171629479155, 0.000165632300195, 0.000115879316581, 4.43718163297e-05, 5.69514895687e-06], "median": [1.34422070914e-05, 0.00162725406699, 0.0011366403196, 0.000674782670103, 0.000544740236364, 0.000343315419741, 0.00021560069581, 0.000151833475684, 0.00013699887495, 0.000201109636691, 6.69778746669e-05, 0.000135005262564, 0.000173582608113, 0.000137156239362, 0.00024115681299, 0.000177193825948, 0.000138524163049, 0.000160392330145, 0.000231254743994, 0.000128777217469, 5.21756664966e-05, 3.31064584316e-05, 3.88517764804e-05, 4.20304459112e-05, 2.06288386835e-05, 4.36285154137e-06, 2.77500646462e-07], "min": [2.89155860403e-23, 4.52084982957e-23, 2.13668782195e-23, 1.90390380407e-23, 1.36067398989e-23, 7.88743901372e-23, 1.02934338513e-22, 6.757182459e-23, 1.21351268222e-22, 8.66525523517e-23, 7.37111756056e-23, 9.21004888721e-23, 7.95089246058e-23, 1.41762040713e-22, 1.71891592179e-22, 1.43581191826e-22, 1.40867838478e-22, 1.57972753663e-22, 8.22898991104e-23, 2.61818971206e-22, 3.8497060934e-22, 5.8385541873e-22, 5.64855154781e-22, 9.13159231567e-22, 1.38239227724e-21, 1.64483289609e-21, 2.33960099689e-21], "var": [6.36612398353e-08, 3.91180183215e-05, 2.04905827559e-05, 6.31352377241e-05, 2.31849844567e-06, 7.6800614579e-07, 3.93435243495e-07, 1.31445835905e-06, 9.71212557488e-07, 3.0308622172e-06, 1.8437892777e-06, 2.96535517919e-06, 2.31582134802e-06, 1.75520324319e-06, 1.79497124009e-06, 2.04268235393e-06, 5.33967352112e-07, 6.80325570102e-07, 1.15332716177e-06, 3.5992061953e-07, 2.22508205638e-07, 9.3189193251e-08, 1.08060980608e-07, 9.52325294179e-08, 5.12161726363e-08, 1.02742410135e-08, 1.95413157877e-10]}, "barkbands_crest": {"dmean": 2.20557689667, "dmean2": 3.53294444084, "dvar": 4.21840143204, "dvar2": 10.5947227478, "max": 22.3802242279, "mean": 9.18202114105, "median": 8.44066524506, "min": 2.4355905056, "var": 13.555888176}, "barkbands_flatness_db": {"dmean": 0.0212165880948, "dmean2": 0.0306871756911, "dvar": 0.000484772725031, "dvar2": 0.00113732693717, "max": 0.311718314886, "mean": 0.120312452316, "median": 0.112314745784, "min": 0.02590072155, "var": 0.00222951802425}, "barkbands_kurtosis": {"dmean": 1.92697668076, "dmean2": 3.00959300995, "dvar": 14.2663822174, "dvar2": 32.098991394, "max": 92.757194519, "mean": 2.17689037323, "median": -0.187707096338, "min": -1.9609054327, "var": 43.1118545532}, "barkbands_skewness": {"dmean": 0.491942822933, "dmean2": 0.734258055687, "dvar": 0.30268034339, "dvar2": 0.673814713955, "max": 8.31093883514, "mean": 1.0765427351, "median": 0.799621999264, "min": -3.88696241379, "var": 1.52632176876}, "barkbands_spread": {"dmean": 6.71137237549, "dmean2": 9.98637866974, "dvar": 58.5484848022, "dvar2": 134.866470337, "max": 155.408187866, "mean": 30.9398231506, "median": 29.0257835388, "min": 1.34008610249, "var": 343.580047607}, "dissonance": {"dmean": 0.0152792679146, "dmean2": 0.025721045211, "dvar": 0.000252712779911, "dvar2": 0.000679693592247, "max": 0.500000059605, "mean": 0.470754414797, "median": 0.475676357746, "min": 0.261313319206, "var": 0.000477387045976}, "dynamic_complexity": 3.62120604515, "erbbands": {"dmean": [0.05709791556, 0.751613914967, 2.31309771538, 5.40717411041, 4.24309921265, 1.83897018433, 2.02028083801, 2.38819813728, 3.03348684311, 3.50657081604, 7.79861021042, 6.78076171875, 7.29868364334, 18.228094101, 13.5647850037, 15.370803833, 19.7528076172, 13.5625200272, 25.2387580872, 18.5933628082, 18.1387786865, 9.99488258362, 10.0144739151, 15.9393720627, 13.7987890244, 10.2471857071, 6.63990211487, 4.61426687241, 3.48567247391, 3.02524900436, 3.21507263184, 2.45291042328, 1.52712655067, 1.04423320293, 0.50746524334, 0.239170983434, 0.0544210523367, 0.00916580110788, 0.000895803968888, 4.15164868173e-05], "dmean2": [0.0807108730078, 1.2798358202, 3.82601332664, 7.94940948486, 6.47460460663, 3.03569030762, 3.16841769218, 3.58210468292, 4.85938644409, 5.26588392258, 11.7126321793, 10.3211336136, 11.2623128891, 28.062505722, 20.6392555237, 23.2871665955, 30.6656837463, 20.5216350555, 39.9067420959, 29.5099563599, 27.2643966675, 15.0875329971, 14.8944807053, 23.6062049866, 20.2434082031, 15.2588148117, 9.960064888, 6.54082632065, 4.71464014053, 3.8590722084, 4.11243247986, 3.12111473083, 1.9693621397, 1.39501559734, 0.680625200272, 0.328384995461, 0.0739246830344, 0.0125003252178, 0.00122564856429, 5.50962031411e-05], "dvar": [0.0114862471819, 3.49705123901, 31.1594486237, 248.16633606, 142.763031006, 15.1791086197, 13.3692293167, 20.4006881714, 34.3635063171, 56.2610282898, 476.493377686, 333.829406738, 529.062561035, 1729.25024414, 1929.83422852, 1773.75134277, 2792.55224609, 1940.5369873, 3768.32519531, 2950.97070313, 2966.62670898, 512.249389648, 627.368164063, 1206.71374512, 650.783325195, 341.327514648, 245.040222168, 97.9384613037, 49.9862136841, 35.1925239563, 40.5050506592, 23.6206474304, 9.46198368073, 4.69692230225, 1.07659101486, 0.283769905567, 0.0147022968158, 0.000405265571317, 4.12723420595e-06, 7.61440777097e-09], "dvar2": [0.0218594577163, 9.36630153656, 77.873046875, 536.019042969, 324.359893799, 40.4770393372, 35.5869102478, 50.7121696472, 83.4495697021, 127.426460266, 1069.4251709, 796.105041504, 1236.4128418, 4191.79248047, 4237.70703125, 3977.94091797, 6342.68408203, 4183.37451172, 8794.40527344, 6941.8828125, 6366.87207031, 1106.16052246, 1360.98059082, 2608.52099609, 1371.11633301, 737.362060547, 521.307189941, 201.687255859, 91.6804046631, 57.4127006531, 65.2180786133, 38.3798866272, 15.8377161026, 8.83783054352, 1.98854017258, 0.579701006413, 0.0290457326919, 0.000769810285419, 7.94820789451e-06, 1.45341978453e-08], "max": [1.11853730679, 15.497136116, 80.866897583, 177.822296143, 203.880889893, 62.8565444946, 111.28012085, 109.551177979, 143.088546753, 213.563323975, 538.802124023, 535.293823242, 853.135559082, 894.990844727, 1438.31225586, 1037.31323242, 1424.23498535, 1007.48406982, 1138.69274902, 1588.86584473, 1651.1796875, 927.156799316, 935.239807129, 667.411132813, 504.275543213, 312.978424072, 576.413696289, 255.673660278, 132.2759552, 107.058067322, 93.9122467041, 81.3662490845, 96.7105102539, 56.5560073853, 13.1668100357, 5.50661945343, 1.44670379162, 0.193690106273, 0.0238889250904, 0.000830556382425], "mean": [0.0868223458529, 0.844107151031, 2.86151242256, 6.75608253479, 5.94799566269, 3.26007509232, 3.99546456337, 5.48497915268, 5.46628665924, 6.60462999344, 12.9377231598, 11.1680517197, 12.9268045425, 34.0203552246, 22.5377120972, 27.1434955597, 33.0071525574, 23.2399196625, 40.0781097412, 29.9751548767, 31.7317409515, 19.5054683685, 20.2447452545, 32.3536186218, 31.1649837494, 21.96966362, 11.3087339401, 7.50177907944, 5.7075958252, 4.89824438095, 5.14747285843, 3.99332809448, 2.45791983604, 1.50636160374, 0.680026948452, 0.283765614033, 0.0622894354165, 0.0103161958978, 0.000989844906144, 5.9744106693e-05], "median": [0.0235034991056, 0.374569058418, 1.40229964256, 1.84486603737, 2.45188450813, 1.77052044868, 2.435328722, 2.8326895237, 3.13501119614, 3.12473654747, 4.16438150406, 3.96458959579, 4.10163593292, 8.10361480713, 7.02544975281, 7.43352031708, 9.74622631073, 7.37745428085, 15.0974912643, 11.939002037, 10.2541742325, 8.65194225311, 9.36874961853, 11.7825222015, 10.5856981277, 7.08377695084, 3.6207690239, 1.65402555466, 1.14768886566, 1.02627646923, 1.17474722862, 0.978414535522, 0.611840188503, 0.298256069422, 0.105674982071, 0.0323550738394, 0.00539943901822, 0.000680485449266, 6.0709346144e-05, 2.15404452319e-05], "min": [2.30368588906e-21, 6.76079473512e-21, 1.86341868491e-20, 4.63909803201e-20, 7.34316017862e-20, 3.18410219793e-20, 2.82099478907e-19, 7.48991158356e-19, 1.75733259686e-18, 1.39492967446e-18, 1.3323114817e-18, 2.08982797704e-18, 4.1863284065e-18, 1.46852775927e-18, 3.25613340879e-18, 4.34947820179e-18, 3.82776794483e-18, 4.64646912893e-18, 1.27591765762e-17, 5.09661254647e-18, 9.83414268031e-18, 7.49785954848e-18, 7.01294311234e-18, 6.93121808141e-18, 6.1915602087e-18, 1.11722661398e-17, 1.61843627479e-17, 1.50992969989e-17, 1.92314595509e-17, 1.69874442805e-17, 1.63712410463e-17, 1.64569452296e-17, 1.63622826803e-17, 1.57134670232e-17, 9.23648566259e-18, 6.12516159375e-18, 3.19218965911e-18, 1.12454728648e-18, 2.9970919772e-19, 4.05837200556e-20], "var": [0.0208943560719, 2.72188305855, 28.5241546631, 293.640686035, 162.139526367, 20.0238456726, 24.8298206329, 58.8503837585, 67.989440918, 132.224609375, 854.982116699, 563.735839844, 876.496459961, 4437.55273438, 3660.31713867, 4580.88671875, 5082.76074219, 4234.44287109, 6174.91992188, 4573.1328125, 6327.23730469, 1378.56994629, 1406.91650391, 3018.22631836, 2395.86279297, 1184.98913574, 522.838806152, 223.389541626, 122.277931213, 88.8387451172, 96.9393997192, 56.7064208984, 21.5050926208, 8.87564659119, 1.83336782455, 0.397106081247, 0.0209471043199, 0.000591077434365, 5.82593565923e-06, 1.14383995609e-08]}, "erbbands_crest": {"dmean": 2.5603055954, "dmean2": 4.09269475937, "dvar": 6.37873792648, "dvar2": 15.3803224564, "max": 29.8987560272, "mean": 8.66076755524, "median": 7.53643798828, "min": 2.26746678352, "var": 19.0522480011}, "erbbands_flatness_db": {"dmean": 0.0204384904355, "dmean2": 0.0267032757401, "dvar": 0.000440503383288, "dvar2": 0.000725586724002, "max": 0.322294890881, "mean": 0.151668980718, "median": 0.151406809688, "min": 0.033258870244, "var": 0.00237238709815}, "erbbands_kurtosis": {"dmean": 0.792241752148, "dmean2": 1.21610689163, "dvar": 1.00642287731, "dvar2": 2.22662138939, "max": 17.7247333527, "mean": 0.367294192314, "median": -0.0825943276286, "min": -1.79555368423, "var": 2.87646985054}, "erbbands_skewness": {"dmean": 0.323008537292, "dmean2": 0.482067376375, "dvar": 0.0874489918351, "dvar2": 0.190145224333, "max": 2.05046701431, "mean": -0.160165756941, "median": -0.137781143188, "min": -3.53725504875, "var": 0.401371121407}, "erbbands_spread": {"dmean": 9.32906627655, "dmean2": 12.9655361176, "dvar": 136.614562988, "dvar2": 244.190567017, "max": 164.602355957, "mean": 38.1773262024, "median": 32.9545440674, "min": 4.63516616821, "var": 480.219177246}, "gfcc": {"cov": [[22804.5, 147.868011475, -934.512817383, 815.571105957, -524.832763672, 437.438201904, -356.244354248, 364.006195068, -527.741455078, 67.2520065308, -195.16960144, -59.7922058105, -291.108764648], [147.868011475, 1853.44714355, -497.890594482, -221.520050049, 52.6076164246, -190.131912231, -28.0783119202, -173.255706787, 61.0540924072, -177.986495972, 111.461967468, -171.26385498, 61.1495933533], [-934.512817383, -497.890594482, 1038.10998535, 96.6658477783, 79.6226806641, 154.40447998, 44.4249458313, 56.4715194702, 117.103088379, 182.4559021, -74.2144622803, 149.627365112, -54.7678413391], [815.571105957, -221.520050049, 96.6658477783, 387.74810791, 36.5662078857, 51.1382789612, 31.5229282379, 46.6549110413, 45.9040184021, 47.2186317444, -6.73478269577, 24.820684433, 15.3296499252], [-524.832763672, 52.6076164246, 79.6226806641, 36.5662078857, 219.51361084, 26.1478004456, 74.9562454224, 38.4277076721, 29.7005634308, 21.3383083344, 46.1904754639, 12.944226265, 15.8198156357], [437.438201904, -190.131912231, 154.40447998, 51.1382789612, 26.1478004456, 225.705337524, 85.6568222046, 42.6971054077, 4.23611211777, 79.0736312866, 16.1736869812, 51.3536071777, -0.0206236746162], [-356.244354248, -28.0783119202, 44.4249458313, 31.5229282379, 74.9562454224, 85.6568222046, 209.703552246, 48.1394462585, -4.4682841301, 28.7338523865, 46.7814064026, 14.9353933334, 14.5864524841], [364.006195068, -173.255706787, 56.4715194702, 46.6549110413, 38.4277076721, 42.6971054077, 48.1394462585, 166.941619873, 26.956571579, 33.5867462158, 15.052406311, 32.1548233032, -0.0707979500294], [-527.741455078, 61.0540924072, 117.103088379, 45.9040184021, 29.7005634308, 4.23611211777, -4.4682841301, 26.956571579, 144.662094116, 42.782459259, -16.1388931274, 23.8882789612, 7.86268949509], [67.2520065308, -177.986495972, 182.4559021, 47.2186317444, 21.3383083344, 79.0736312866, 28.7338523865, 33.5867462158, 42.782459259, 127.104553223, 14.0099210739, 48.2539710999, -19.6242256165], [-195.16960144, 111.461967468, -74.2144622803, -6.73478269577, 46.1904754639, 16.1736869812, 46.7814064026, 15.052406311, -16.1388931274, 14.0099210739, 118.708480835, -3.57123470306, 10.7731895447], [-59.7922058105, -171.26385498, 149.627365112, 24.820684433, 12.944226265, 51.3536071777, 14.9353933334, 32.1548233032, 23.8882789612, 48.2539710999, -3.57123470306, 105.585823059, 19.1041736603], [-291.108764648, 61.1495933533, -54.7678413391, 15.3296499252, 15.8198156357, -0.0206236746162, 14.5864524841, -0.0707979500294, 7.86268949509, -19.6242256165, 10.7731895447, 19.1041736603, 75.8643569946]], "icov": [[0.00012627900287, -0.000249093747698, 0.000178789414349, -0.00042906642193, 0.000174313725438, -0.000386036292184, 0.000361000158591, -0.000569723488297, 0.000833548197988, -0.000356797710992, 0.000533363898285, -0.000315840239637, 0.00061982544139], [-0.000249093747698, 0.00153771962505, -0.000197003144422, 0.00129366212059, -0.000567284005228, 0.000859298743308, -0.000794069084805, 0.00201549753547, -0.00302962702699, 0.00167177629191, -0.00214929576032, 0.00163200532552, -0.00168514903635], [0.000178789414349, -0.000197003144422, 0.00207143859006, -0.000591091462411, -0.000455806031823, -0.000875972444192, 0.000334189506248, -0.000386792991776, 0.000380266166758, -0.00164948089514, 0.00192854995839, -0.00214363820851, 0.00228974525817], [-0.00042906642193, 0.00129366212059, -0.000591091462411, 0.00454105436802, -0.000921627623029, 0.00105555925984, -0.00133282900788, 0.00179335440043, -0.0038710734807, 0.000817922351416, -0.00179594452493, 0.00188601063564, -0.00319019402377], [0.000174313725438, -0.000567284005228, -0.000455806031823, -0.000921627623029, 0.00631015188992, -0.00017081425176, -0.00104954163544, -0.00156938913278, 0.000430473708548, -0.000169370716321, -0.00125947070774, -8.17154868855e-05, -2.12438972085e-05], [-0.000386036292184, 0.000859298743308, -0.000875972444192, 0.00105555925984, -0.00017081425176, 0.00817799940705, -0.00333432224579, 0.00144782767165, -0.001364176278, -0.00214929599315, -0.00155186571646, -6.35116812191e-05, -0.00251754233614], [0.000361000158591, -0.000794069084805, 0.000334189506248, -0.00133282900788, -0.00104954163544, -0.00333432224579, 0.00795315206051, -0.00284080742858, 0.00318274507299, -0.0010110567091, 4.97463370266e-05, -0.000128334140754, 0.000655867916066], [-0.000569723488297, 0.00201549753547, -0.000386792991776, 0.00179335440043, -0.00156938913278, 0.00144782767165, -0.00284080742858, 0.0105501180515, -0.00597300985828, 0.00222942628898, -0.00366481463425, 0.000308034737827, -0.00193002959713], [0.000833548197988, -0.00302962702699, 0.000380266166758, -0.0038710734807, 0.000430473708548, -0.001364176278, 0.00318274507299, -0.00597300985828, 0.0164556391537, -0.00700441887602, 0.00653017451987, -0.00279962271452, 0.00224991072901], [-0.000356797710992, 0.00167177629191, -0.00164948089514, 0.000817922351416, -0.000169370716321, -0.00214929599315, -0.0010110567091, 0.00222942628898, -0.00700441887602, 0.0176971964538, -0.00602560024709, -0.00203394284472, 0.00283014820889], [0.000533363898285, -0.00214929576032, 0.00192854995839, -0.00179594452493, -0.00125947070774, -0.00155186571646, 4.97463370266e-05, -0.00366481463425, 0.00653017451987, -0.00602560024709, 0.0149304140359, -0.00204702862538, 0.00194324238691], [-0.000315840239637, 0.00163200532552, -0.00214363820851, 0.00188601063564, -8.17154868855e-05, -6.35116812191e-05, -0.000128334140754, 0.000308034737827, -0.00279962271452, -0.00203394284472, -0.00204702862538, 0.0175825338811, -0.00878697540611], [0.00061982544139, -0.00168514903635, 0.00228974525817, -0.00319019402377, -2.12438972085e-05, -0.00251754233614, 0.000655867916066, -0.00193002959713, 0.00224991072901, 0.00283014820889, 0.00194324238691, -0.00878697540611, 0.0215272977948]], "mean": [-29.9644412994, 81.4702529907, -121.659202576, 39.3203697205, -47.4000358582, 19.9041481018, -38.4059486389, 10.4509954453, -26.5289497375, -1.42839407921, -12.2501440048, -7.36623287201, -12.088965416]}, "hfc": {"dmean": 7.89844274521, "dmean2": 9.85023403168, "dvar": 138.852981567, "dvar2": 209.758071899, "max": 143.770858765, "mean": 20.9706058502, "median": 14.4585380554, "min": 1.20725911906e-16, "var": 480.526824951}, "melbands": {"dmean": [0.000616023782641, 0.00113432342187, 0.000902000523638, 0.000190128019312, 6.78554788465e-05, 5.40179353266e-05, 4.50811130577e-05, 4.41963966296e-05, 6.20419887127e-05, 4.01993274863e-05, 3.90725217585e-05, 7.80567206675e-05, 4.46622325398e-05, 4.95348576806e-05, 4.23587844125e-05, 3.79361517844e-05, 2.58477703028e-05, 4.30544932897e-05, 2.66366696451e-05, 2.51088949881e-05, 2.23198021558e-05, 1.12613006422e-05, 1.03497268356e-05, 1.19077112686e-05, 1.43088545883e-05, 1.32414170366e-05, 7.48855291022e-06, 7.06315950083e-06, 4.69794531455e-06, 3.25784139932e-06, 2.64634354608e-06, 2.06587787943e-06, 1.86999636753e-06, 1.68865881278e-06, 1.96087239601e-06, 1.73529804215e-06, 1.46246918575e-06, 1.1095745549e-06, 1.04664582068e-06, 8.2355717268e-07], "dmean2": [0.000980795244686, 0.00189682189375, 0.00132821686566, 0.000300471758237, 0.000107090905658, 8.06987809483e-05, 7.18791707186e-05, 6.66950800223e-05, 9.32665570872e-05, 6.11776995356e-05, 6.01930514676e-05, 0.000121016433695, 6.83334219502e-05, 7.5878269854e-05, 6.55655821902e-05, 5.8424553572e-05, 3.95534661948e-05, 6.82739046169e-05, 4.29067258665e-05, 3.96563773393e-05, 3.38218123943e-05, 1.732171404e-05, 1.62257038028e-05, 1.79310591193e-05, 2.14660158235e-05, 1.98105663003e-05, 1.11288018161e-05, 1.06687075458e-05, 7.23559605831e-06, 4.93305515192e-06, 3.77935930373e-06, 2.90135722025e-06, 2.56747762251e-06, 2.24273571803e-06, 2.59372313849e-06, 2.28050362239e-06, 1.90874766304e-06, 1.4647810076e-06, 1.41660962072e-06, 1.11846634354e-06], "dvar": [1.66602046647e-06, 7.57757516112e-06, 6.83285998093e-06, 2.14178911051e-07, 1.58779798198e-08, 1.00173052076e-08, 7.19912618408e-09, 8.78189787556e-09, 2.88358137368e-08, 1.25148309493e-08, 1.45942822272e-08, 3.1798528255e-08, 2.17906723776e-08, 2.10555857194e-08, 1.35485702657e-08, 1.12266835828e-08, 8.14305778363e-09, 1.19053558123e-08, 4.59041959999e-09, 6.90086254806e-09, 5.47023271125e-09, 8.44160019664e-10, 4.92660412466e-10, 8.48459413838e-10, 1.07284925388e-09, 6.91435908529e-10, 1.89489132718e-10, 1.78831838227e-10, 1.42750616883e-10, 5.21252173369e-11, 3.22169270428e-11, 1.79831548958e-11, 1.40432387941e-11, 1.15172801851e-11, 1.56772546334e-11, 1.23064518645e-11, 8.75822244589e-12, 5.28056374668e-12, 4.79438754322e-12, 2.94144916757e-12], "dvar2": [4.05059472541e-06, 1.93679425138e-05, 1.47118989844e-05, 5.34000832886e-07, 4.26950848009e-08, 2.47412987875e-08, 1.73527148206e-08, 2.09334896084e-08, 6.48832454431e-08, 2.91815567266e-08, 3.42483197358e-08, 7.82907676466e-08, 4.71485606113e-08, 4.66444944891e-08, 3.06064258382e-08, 2.56913015306e-08, 1.78519741212e-08, 2.74779345943e-08, 1.11373577028e-08, 1.66436588955e-08, 1.1729087035e-08, 1.83450155067e-09, 1.15955900437e-09, 1.86810522607e-09, 2.3471744548e-09, 1.50524359643e-09, 4.16855355789e-10, 3.86139564768e-10, 3.15785397831e-10, 1.16550158413e-10, 6.65133087496e-11, 3.54495773014e-11, 2.57511841711e-11, 1.98743747154e-11, 2.68557225069e-11, 2.14144500743e-11, 1.51294289596e-11, 9.24022143522e-12, 9.22261138986e-12, 5.61603888394e-12], "max": [0.0119192544371, 0.0327554419637, 0.0311140939593, 0.00923326890916, 0.00383304618299, 0.00231064693071, 0.00209340918809, 0.00239363778383, 0.00404288759455, 0.00290049542673, 0.00435871630907, 0.00363638694398, 0.00371251627803, 0.00384762440808, 0.00358100328594, 0.00269756396301, 0.00214594602585, 0.00220099603757, 0.00141393591184, 0.00211515696719, 0.00251711765304, 0.00110267277341, 0.000588062684983, 0.00077779230196, 0.000673029571772, 0.000639384787064, 0.000352505740011, 0.000276134262094, 0.000589674571529, 0.000170288374647, 0.000139959462103, 7.87904355093e-05, 6.5087027906e-05, 5.95589117438e-05, 6.94593472872e-05, 5.56320774194e-05, 5.31714904355e-05, 8.25761453598e-05, 6.79193690303e-05, 4.23339952249e-05], "mean": [0.000866513408255, 0.00136910984293, 0.0011812254088, 0.0003098185407, 0.000138080285979, 0.000124803715153, 8.07471806183e-05, 8.00311827334e-05, 0.000104076709249, 6.41414226266e-05, 6.59348152112e-05, 0.000144117919262, 6.91147652105e-05, 8.09662378742e-05, 7.00038290233e-05, 6.00874882366e-05, 3.9616934373e-05, 6.57570490148e-05, 4.07440493291e-05, 3.76072566723e-05, 3.72127615265e-05, 1.93569303519e-05, 1.7347978428e-05, 2.17526212509e-05, 2.62356516032e-05, 2.70203163382e-05, 1.60376475833e-05, 1.37913821163e-05, 7.31533236831e-06, 4.90399042974e-06, 4.15305430579e-06, 3.24069378621e-06, 2.94417350233e-06, 2.61445643446e-06, 3.0329827041e-06, 2.73156024377e-06, 2.3015725219e-06, 1.7476489802e-06, 1.54593305979e-06, 1.14779595606e-06], "median": [0.000361536745913, 0.000737582158763, 0.000358634075383, 0.000167111953488, 8.92628013389e-05, 6.59259530948e-05, 4.58484246337e-05, 3.52385541191e-05, 3.3947013435e-05, 1.97858080355e-05, 1.80559509317e-05, 3.17554331559e-05, 1.63821969181e-05, 1.51116992129e-05, 1.91203162103e-05, 1.62436172104e-05, 9.5545037766e-06, 2.15669588215e-05, 1.63655404322e-05, 1.21101274999e-05, 1.00549432318e-05, 7.30515466785e-06, 7.59799468142e-06, 7.11490156391e-06, 8.60982618178e-06, 8.68443476065e-06, 5.36925381311e-06, 3.81797508453e-06, 1.9218603029e-06, 9.45948954723e-07, 7.90052411048e-07, 6.18494084392e-07, 5.66312507999e-07, 5.15168892434e-07, 6.54048733395e-07, 6.38745234482e-07, 5.30510249064e-07, 4.2746279405e-07, 3.36202646167e-07, 2.07157782484e-07], "min": [1.76044597746e-23, 9.40722940363e-24, 9.81276544007e-24, 3.33029227394e-24, 8.5750119142e-24, 1.86788441513e-23, 2.32676890578e-23, 1.51296279878e-23, 1.21406016746e-23, 1.47180603209e-23, 2.0422974592e-23, 5.12707957447e-24, 9.79222586868e-24, 1.08019993818e-23, 9.61781108912e-24, 7.44103067383e-24, 8.69504893384e-24, 2.15756912789e-23, 1.07375707451e-23, 6.41932208965e-24, 1.29213428346e-23, 8.71284958017e-24, 5.06960080234e-24, 8.31437937086e-24, 5.23094573442e-24, 3.35844593079e-24, 6.81802540735e-24, 7.19005221025e-24, 1.15887879494e-23, 7.28572683856e-24, 9.67069159104e-24, 1.06775802398e-23, 1.15496162723e-23, 8.85102645633e-24, 9.54549147677e-24, 1.00816818118e-23, 1.0353379707e-23, 1.06065456819e-23, 1.2486151939e-23, 1.37745479684e-23], "var": [2.0313279947e-06, 6.50150604997e-06, 8.11769677966e-06, 2.40086336589e-07, 2.70020112936e-08, 2.91691577559e-08, 1.4659414127e-08, 1.83583690472e-08, 5.23957375265e-08, 2.15224602584e-08, 2.44354669832e-08, 8.1202841784e-08, 4.14271248417e-08, 4.81466209123e-08, 2.56597729731e-08, 2.04358716616e-08, 1.5476512516e-08, 1.89057303146e-08, 6.80204959025e-09, 9.10641073659e-09, 1.17776135511e-08, 1.97068850127e-09, 8.70022165422e-10, 2.07289629905e-09, 2.34294872392e-09, 2.09883643798e-09, 5.96436622313e-10, 5.55156531856e-10, 2.86552837014e-10, 9.83252992914e-11, 7.23167706274e-11, 4.06513780971e-11, 3.29125060539e-11, 2.67236753559e-11, 3.51117711295e-11, 2.75533935945e-11, 1.97552842141e-11, 1.14102139195e-11, 9.11086657507e-12, 5.39940141209e-12]}, "melbands_crest": {"dmean": 2.94794225693, "dmean2": 4.73579740524, "dvar": 8.29570865631, "dvar2": 20.5644168854, "max": 33.3601570129, "mean": 14.104429245, "median": 13.2846126556, "min": 2.177693367, "var": 27.5537319183}, "melbands_flatness_db": {"dmean": 0.0254669319838, "dmean2": 0.0375670082867, "dvar": 0.000784954172559, "dvar2": 0.00189137074631, "max": 0.436221987009, "mean": 0.177255317569, "median": 0.164608150721, "min": 0.00659139454365, "var": 0.00433391239494}, "melbands_kurtosis": {"dmean": 7.25146627426, "dmean2": 11.3636350632, "dvar": 280.401367188, "dvar2": 684.537719727, "max": 253.467788696, "mean": 11.5826482773, "median": 3.46235513687, "min": -1.81872582436, "var": 541.813537598}, "melbands_skewness": {"dmean": 0.780826687813, "dmean2": 1.14821267128, "dvar": 1.07565271854, "dvar2": 2.35032272339, "max": 14.6656608582, "mean": 2.39899373055, "median": 1.87648248672, "min": -1.19242453575, "var": 3.80211472511}, "melbands_spread": {"dmean": 8.91949081421, "dmean2": 13.5560302734, "dvar": 107.739234924, "dvar2": 234.047348022, "max": 268.050201416, "mean": 35.5535163879, "median": 33.0502510071, "min": 1.19354975224, "var": 579.421386719}, "mfcc": {"cov": [[11216.578125, -830.371398926, -126.38041687, 321.980712891, 18.6336021423, 21.3822174072, 272.8465271, 178.835952759, -17.1374568939, 165.802444458, -43.8602638245, -38.8139305115, 53.3397865295], [-830.371398926, 1668.93078613, -293.808563232, -96.1600265503, 19.4169120789, -63.7128372192, -46.9099884033, -41.3021430969, -100.324836731, -3.03947114944, -26.1931915283, -29.4699859619, -37.3295059204], [-126.38041687, -293.808563232, 682.627319336, 65.8887405396, 77.8653869629, 179.640075684, -35.049747467, 14.1566333771, 123.250915527, -26.3413410187, 102.068466187, 91.2635269165, 32.5031661987], [321.980712891, -96.1600265503, 65.8887405396, 302.388366699, 76.3819580078, 32.6558189392, 9.1828918457, 31.4867477417, 43.9926300049, 34.6706237793, 10.6674785614, 26.7108631134, 21.8528747559], [18.6336021423, 19.4169120789, 77.8653869629, 76.3819580078, 182.243453979, 17.7224712372, -3.31379532814, 20.6947841644, 26.0380001068, 29.755197525, 22.5855007172, 22.1604576111, 24.7087860107], [21.3822174072, -63.7128372192, 179.640075684, 32.6558189392, 17.7224712372, 226.240890503, 34.9800949097, 6.94866895676, 60.2442855835, -10.5182685852, 54.681427002, 41.8998146057, 24.4052772522], [272.8465271, -46.9099884033, -35.049747467, 9.1828918457, -3.31379532814, 34.9800949097, 233.559265137, 63.668296814, -33.4780082703, 72.9231185913, 14.6678724289, -14.4413661957, 32.6748886108], [178.835952759, -41.3021430969, 14.1566333771, 31.4867477417, 20.6947841644, 6.94866895676, 63.668296814, 112.927368164, 43.2237815857, 36.3791236877, 17.3747806549, 0.35712620616, 22.7579956055], [-17.1374568939, -100.324836731, 123.250915527, 43.9926300049, 26.0380001068, 60.2442855835, -33.4780082703, 43.2237815857, 137.437149048, 9.13299465179, 31.2307949066, 26.3819656372, 15.0757141113], [165.802444458, -3.03947114944, -26.3413410187, 34.6706237793, 29.755197525, -10.5182685852, 72.9231185913, 36.3791236877, 9.13299465179, 117.066825867, 29.7568969727, -4.48370409012, 14.5404195786], [-43.8602638245, -26.1931915283, 102.068466187, 10.6674785614, 22.5855007172, 54.681427002, 14.6678724289, 17.3747806549, 31.2307949066, 29.7568969727, 115.644165039, 45.1993942261, 19.2489051819], [-38.8139305115, -29.4699859619, 91.2635269165, 26.7108631134, 22.1604576111, 41.8998146057, -14.4413661957, 0.35712620616, 26.3819656372, -4.48370409012, 45.1993942261, 109.214027405, 40.4893379211], [53.3397865295, -37.3295059204, 32.5031661987, 21.8528747559, 24.7087860107, 24.4052772522, 32.6748886108, 22.7579956055, 15.0757141113, 14.5404195786, 19.2489051819, 40.4893379211, 77.4253387451]], "icov": [[0.000100084791484, 5.07559343532e-05, 2.97931364912e-05, -8.92263269634e-05, 1.97051595023e-05, -4.61203817395e-05, -2.08764267882e-05, -0.000125198741443, 9.19263111427e-05, -8.90627561603e-05, 6.73574832035e-05, 2.80727681456e-06, 2.66971028395e-06], [5.07559343532e-05, 0.000722429249436, 0.000338965153787, 0.000152934924699, -0.00029948624433, -0.000234467894188, 0.000288562005153, -0.000166501631611, 0.000481294438941, -0.000148224047734, -6.37765115243e-05, -9.78805255727e-05, 0.000225687661441], [2.97931364912e-05, 0.000338965153787, 0.00248360191472, -2.46382296609e-05, -0.000799779663794, -0.00114149879664, 8.9074477728e-05, 0.000183498181286, -0.00104504451156, 0.000824694870971, -0.00114991969895, -0.000720521202311, 0.000342043902492], [-8.92263269634e-05, 0.000152934924699, -2.46382296609e-05, 0.00412082159892, -0.00140856904909, -0.000408655119827, 0.000250457553193, -0.000416221213527, -0.000539790140465, -0.00101297628134, 0.000843759102281, -0.000789069628809, 7.56557783461e-05], [1.97051595023e-05, -0.00029948624433, -0.000799779663794, -0.00140856904909, 0.00699723884463, 7.29258244974e-05, 0.000974465277977, -0.000705953512806, 0.00034396990668, -0.00176292692777, -4.55950867035e-05, 0.000102104269899, -0.00166237528902], [-4.61203817395e-05, -0.000234467894188, -0.00114149879664, -0.000408655119827, 7.29258244974e-05, 0.00727907801047, -0.00294534489512, 0.00227408553474, -0.00325730373152, 0.00248030317016, -0.00199934025295, -0.000378082768293, -0.000366670457879], [-2.08764267882e-05, 0.000288562005153, 8.9074477728e-05, 0.000250457553193, 0.000974465277977, -0.00294534489512, 0.00870695896447, -0.00485610961914, 0.00500981044024, -0.00459434790537, 0.000499733258039, 0.00136921170633, -0.00253719254397], [-0.000125198741443, -0.000166501631611, 0.000183498181286, -0.000416221213527, -0.000705953512806, 0.00227408553474, -0.00485610961914, 0.0148405432701, -0.00665986957029, 0.000237065105466, -0.00119881145656, 0.00124239292927, -0.00185731437523], [9.19263111427e-05, 0.000481294438941, -0.00104504451156, -0.000539790140465, 0.00034396990668, -0.00325730373152, 0.00500981044024, -0.00665986957029, 0.013679179363, -0.00266346451826, 0.000127131454065, -0.000228520613746, -0.000555335253011], [-8.90627561603e-05, -0.000148224047734, 0.000824694870971, -0.00101297628134, -0.00176292692777, 0.00248030317016, -0.00459434790537, 0.000237065105466, -0.00266346451826, 0.0140023753047, -0.00437721097842, 0.00137471570633, -0.000162103242474], [6.73574832035e-05, -6.37765115243e-05, -0.00114991969895, 0.000843759102281, -4.55950867035e-05, -0.00199934025295, 0.000499733258039, -0.00119881145656, 0.000127131454065, -0.00437721097842, 0.013357155025, -0.00440236087888, 0.000732405052986], [2.80727681456e-06, -9.78805255727e-05, -0.000720521202311, -0.000789069628809, 0.000102104269899, -0.000378082768293, 0.00136921170633, 0.00124239292927, -0.000228520613746, 0.00137471570633, -0.00440236087888, 0.0148554891348, -0.00726818758994], [2.66971028395e-06, 0.000225687661441, 0.000342043902492, 7.56557783461e-05, -0.00166237528902, -0.000366670457879, -0.00253719254397, -0.00185731437523, -0.000555335253011, -0.000162103242474, 0.000732405052986, -0.00726818758994, 0.0188778247684]], "mean": [-662.159790039, 107.435035706, -6.43282222748, 22.6959609985, 14.1005964279, 5.50743246078, 6.93432378769, 4.40108680725, -4.81247138977, 6.74094486237, -3.79748892784, -2.72636914253, -0.810354590416]}, "pitch_salience": {"dmean": 0.0621626637876, "dmean2": 0.100634977221, "dvar": 0.00372521649115, "dvar2": 0.00981845520437, "max": 0.824420809746, "mean": 0.520834028721, "median": 0.524026811123, "min": 0.113952510059, "var": 0.00799724739045}, "silence_rate_20dB": {"dmean": 0, "dmean2": 0, "dvar": 0, "dvar2": 0, "max": 1, "mean": 1, "median": 1, "min": 1, "var": 0}, "silence_rate_30dB": {"dmean": 0.0051669315435, "dmean2": 0.0103348903358, "dvar": 0.00514023890719, "dvar2": 0.0151967853308, "max": 1, "mean": 0.997317433357, "median": 1, "min": 0, "var": 0.002675678581}, "silence_rate_60dB": {"dmean": 0.0137122413144, "dmean2": 0.0274272076786, "dvar": 0.0135258017108, "dvar2": 0.0326380692422, "max": 1, "mean": 0.0559364147484, "median": 0, "min": 0, "var": 0.0528069511056}, "spectral_centroid": {"dmean": 285.399627686, "dmean2": 421.242858887, "dvar": 107772.554688, "dvar2": 241286.09375, "max": 11520.7128906, "mean": 1759.97460938, "median": 1786.43725586, "min": 208.843383789, "var": 599112}, "spectral_complexity": {"dmean": 3.77066779137, "dmean2": 5.35963439941, "dvar": 21.9564399719, "dvar2": 35.6514625549, "max": 58, "mean": 17.5125675201, "median": 16, "min": 0, "var": 111.977767944}, "spectral_contrast_coeffs": {"dmean": [0.0480807311833, 0.0394999943674, 0.0391103178263, 0.0326634906232, 0.0244729612023, 0.0197506155819], "dmean2": [0.0730486288667, 0.0637679770589, 0.0608953982592, 0.0515071824193, 0.0374315083027, 0.0321856625378], "dvar": [0.00164983666036, 0.00107770320028, 0.00104005017783, 0.000752551073674, 0.000544926617295, 0.000444413948571], "dvar2": [0.00382644846104, 0.00271181412973, 0.00237926375121, 0.00175947858952, 0.00107245356776, 0.0011587968329], "max": [-0.345079064369, -0.494195342064, -0.495143920183, -0.529599964619, -0.516600310802, -0.614989519119], "mean": [-0.645595252514, -0.752375304699, -0.744127631187, -0.75829321146, -0.768458306789, -0.78707587719], "median": [-0.652541637421, -0.754897356033, -0.749809443951, -0.761894464493, -0.77824819088, -0.786379396915], "min": [-0.952768862247, -0.967893779278, -0.988256514072, -0.957654058933, -0.960559844971, -0.962475597858], "var": [0.00904974527657, 0.00416746363044, 0.00683722924441, 0.00479877926409, 0.00471460865811, 0.00169555295724]}, "spectral_contrast_valleys": {"dmean": [0.436086386442, 0.334435671568, 0.307305425406, 0.279288202524, 0.311213076115, 0.447831630707], "dmean2": [0.661133825779, 0.536750376225, 0.477658420801, 0.414350301027, 0.409327983856, 0.493673741817], "dvar": [0.175260052085, 0.0968875214458, 0.0805045813322, 0.0767370685935, 0.145728379488, 0.270913422108], "dvar2": [0.339838206768, 0.215199545026, 0.159692600369, 0.134504124522, 0.235766530037, 0.400489449501], "max": [-5.42810869217, -5.12592840195, -5.55495166779, -5.72615766525, -5.63435840607, -7.73935079575], "mean": [-7.7396478653, -7.27930021286, -7.91156482697, -7.9524769783, -7.80230617523, -10.269657135], "median": [-7.40307235718, -7.05868577957, -7.72571706772, -7.7798666954, -7.56513834, -10.0668058395], "min": [-28.0827713013, -27.8887825012, -27.2367992401, -27.5284194946, -27.2430496216, -27.2276668549], "var": [2.68296384811, 2.07336521149, 1.97539377213, 1.95742619038, 2.1622595787, 2.50310492516]}, "spectral_decrease": {"dmean": 2.15796425174e-09, "dmean2": 3.08974623664e-09, "dvar": 1.67700827222e-17, "dvar2": 3.61385051846e-17, "max": 3.24603473293e-17, "mean": -4.58381199664e-09, "median": -3.16370485365e-09, "min": -4.5453276698e-08, "var": 2.51081476692e-17}, "spectral_energy": {"dmean": 0.00876745861024, "dmean2": 0.0123244831339, "dvar": 0.000262853020104, "dvar2": 0.000553999911062, "max": 0.181523218751, "mean": 0.0192024689168, "median": 0.0133892660961, "min": 1.06694957598e-20, "var": 0.000423229095759}, "spectral_energyband_high": {"dmean": 0.000589333823882, "dmean2": 0.000715503061656, "dvar": 1.02124624846e-06, "dvar2": 1.43585702972e-06, "max": 0.0114142335951, "mean": 0.00108228309546, "median": 0.000354123709258, "min": 7.7781974041e-21, "var": 3.00803230857e-06}, "spectral_energyband_low": {"dmean": 0.00555628212169, "dmean2": 0.0085416091606, "dvar": 0.000155366360559, "dvar2": 0.000367064902093, "max": 0.114352531731, "mean": 0.00766682205722, "median": 0.00340116233565, "min": 8.97961819917e-23, "var": 0.000173270600499}, "spectral_energyband_middle_high": {"dmean": 0.002054535551, "dmean2": 0.00292460829951, "dvar": 1.11679037218e-05, "dvar2": 2.1944690161e-05, "max": 0.0513163693249, "mean": 0.00608684262261, "median": 0.00386943179183, "min": 1.2550233256e-21, "var": 4.19413408963e-05}, "spectral_energyband_middle_low": {"dmean": 0.00330817233771, "dmean2": 0.00480204261839, "dvar": 6.42509257887e-05, "dvar2": 0.000134845555294, "max": 0.0962112694979, "mean": 0.00607723137364, "median": 0.00343076023273, "min": 4.62223265539e-22, "var": 8.78413993632e-05}, "spectral_entropy": {"dmean": 0.170483678579, "dmean2": 0.219108313322, "dvar": 0.0371630266309, "dvar2": 0.060849096626, "max": 9.7960319519, "mean": 7.63689374924, "median": 7.65432596207, "min": 6.07904624939, "var": 0.21624392271}, "spectral_flux": {"dmean": 0.0263045579195, "dmean2": 0.0397840514779, "dvar": 0.00124271586537, "dvar2": 0.00276719103567, "max": 0.368661880493, "mean": 0.072409324348, "median": 0.0595079511404, "min": 1.03293248954e-10, "var": 0.00278233247809}, "spectral_kurtosis": {"dmean": 1.58549904823, "dmean2": 2.52549004555, "dvar": 4.35033178329, "dvar2": 11.0085754395, "max": 38.1164093018, "mean": 4.53461694717, "median": 3.87046694756, "min": -1.42315244675, "var": 10.5910005569}, "spectral_rms": {"dmean": 0.000807489326689, "dmean2": 0.00108506716788, "dvar": 1.37619554152e-06, "dvar2": 2.63840092884e-06, "max": 0.0133077353239, "mean": 0.0038764316123, "median": 0.00361423543654, "min": 3.22633911774e-12, "var": 3.70723932974e-06}, "spectral_rolloff": {"dmean": 584.987548828, "dmean2": 975.602783203, "dvar": 839774.25, "dvar2": 2004078.625, "max": 20478.0761719, "mean": 2146.09838867, "median": 1808.7890625, "min": 86.1328125, "var": 4263723.5}, "spectral_skewness": {"dmean": 0.212693274021, "dmean2": 0.330569088459, "dvar": 0.0608695335686, "dvar2": 0.141109615564, "max": 4.44721364975, "mean": 1.47694647312, "median": 1.42154312134, "min": -0.0741513371468, "var": 0.215205803514}, "spectral_spread": {"dmean": 711159.6875, "dmean2": 888420.5625, "dvar": 857629523968, "dvar2": 1246106353660.0, "max": 39575832, "mean": 4688569.5, "median": 4186411.75, 