{"lowlevel": {"average_loudness": 0.810965836048, "barkbands": {"dmean": [0.000421170319896, 0.00424541672692, 0.00187483709306, 0.00100712559652, 0.0019895141013, 0.00119075342081, 0.000638996774796, 0.00092852517264, 0.00104394019581, 0.00094685057411, 0.000515010382514, 0.000399816693971, 0.000393989350414, 0.000323220127029, 0.000336053723004, 0.000191854895093, 0.000235167390201, 0.000275051774224, 0.000204886877327, 9.26951688598e-05, 6.51345471852e-05, 4.46335943707e-05, 4.51254200016e-05, 5.71010859858e-05, 3.71119895135e-05, 1.0761550584e-05, 7.21126491854e-09], "dmean2": [0.000666193605866, 0.00728322891518, 0.0032902660314, 0.00170883303508, 0.00332190911286, 0.00190495955758, 0.00102673447691, 0.00146705436055, 0.00158021436073, 0.00141987856477, 0.000787071709055, 0.00061641150387, 0.000604578526691, 0.000494264648296, 0.000517289794516, 0.000293569173664, 0.00035701575689, 0.000421655829996, 0.000314773787977, 0.000144572739373, 0.00010230364569, 6.7843371653e-05, 6.73432514304e-05, 8.24645539979e-05, 5.1775627071e-05, 1.4835125512e-05, 1.34102995375e-08], "dvar": [9.08943093236e-07, 0.000108259868284, 1.37156321216e-05, 2.54036331171e-06, 1.51235963131e-05, 5.15015199198e-06, 2.2969161364e-06, 5.61721526537e-06, 9.19999911275e-06, 8.46588136483e-06, 3.24610027747e-06, 1.39129519994e-06, 1.41209693538e-06, 8.58606426846e-07, 8.42945269142e-07, 2.29436651011e-07, 4.1939765083e-07, 4.10194502365e-07, 1.54173761757e-07, 4.13734824178e-08, 1.85963582311e-08, 8.77691608281e-09, 1.62178004359e-08, 4.69701681993e-08, 1.73680625437e-08, 8.09081468489e-10, 1.09284309439e-14], "dvar2": [2.03222157324e-06, 0.000289456598694, 3.88896987715e-05, 6.8995905167e-06, 4.06331528211e-05, 1.21301391118e-05, 5.35123535883e-06, 1.24440794025e-05, 2.03060426429e-05, 1.79603175638e-05, 6.47959541311e-06, 3.00986175716e-06, 3.10230211653e-06, 1.87876071323e-06, 1.77553238245e-06, 4.87103818614e-07, 8.57264467413e-07, 8.58205510212e-07, 3.44999335766e-07, 9.36371975513e-08, 4.33948628142e-08, 1.93697005102e-08, 3.37378374127e-08, 8.67679617045e-08, 3.40091546036e-08, 1.52088408534e-09, 3.24457461224e-14], "max": [0.015200455673, 0.0947462618351, 0.0451905317605, 0.0375434309244, 0.0566728971899, 0.0410552173853, 0.0474197044969, 0.0667934641242, 0.0973680838943, 0.062907628715, 0.0934209302068, 0.0373625792563, 0.0381203629076, 0.0219282954931, 0.0364736020565, 0.0207415744662, 0.0356932319701, 0.0252672117203, 0.0108044920489, 0.00696209492162, 0.00414614472538, 0.00310559989884, 0.00531756691635, 0.012264361605, 0.00711607327685, 0.00103571359068, 1.02166195575e-05], "mean": [0.000462119351141, 0.00431735767052, 0.00245600729249, 0.00163588987198, 0.00327949062921, 0.00193320971448, 0.000990327331237, 0.00138315849472, 0.00150674337056, 0.0013998443028, 0.000747820769902, 0.000572876422666, 0.000574475270696, 0.000448177073849, 0.00049208017299, 0.000302191096125, 0.000403615122195, 0.000515637977514, 0.000379996432457, 0.00016953269369, 0.000114796755952, 7.80121408752e-05, 7.95626765466e-05, 0.000107072461105, 6.88498330419e-05, 1.87790265045e-05, 4.65112615089e-09], "median": [0.000137394526973, 0.00175870279782, 0.00129549822304, 0.000974411610514, 0.00209303991869, 0.00096347508952, 0.000391746667447, 0.000487521552714, 0.00032594948425, 0.00026336076553, 0.000170330924448, 0.000148220206029, 0.000136777031003, 8.5509440396e-05, 0.000110616383608, 8.59681385919e-05, 0.000132572255097, 0.000176746514626, 0.000173861117219, 6.69686196488e-05, 4.74211919936e-05, 3.1834722904e-05, 2.63429938059e-05, 3.42264429491e-05, 1.94828789972e-05, 3.75871877623e-06, 3.17500248315e-10], "min": [7.06326049022e-23, 1.24228221855e-23, 1.25451705676e-23, 2.46562514895e-23, 2.91264422494e-23, 4.55994009624e-23, 1.57464903944e-23, 2.69244032968e-23, 5.28407307092e-23, 3.26911626852e-23, 4.22764947931e-23, 1.05392637353e-22, 1.14203304896e-22, 2.37345375726e-22, 1.08244590406e-22, 1.19801339559e-22, 1.2875019029e-22, 1.60224768531e-22, 3.84112227701e-22, 3.12899822655e-22, 5.67538291601e-22, 7.28504235973e-22, 7.493547006e-22, 7.64860298118e-22, 1.31227216056e-21, 1.72865197997e-21, 2.52339685354e-21], "var": [1.01711430034e-06, 8.28829506645e-05, 1.27399152916e-05, 4.04866113968e-06, 1.70550865732e-05, 8.53344681673e-06, 4.08368578064e-06, 1.02476305983e-05, 1.68432143255e-05, 1.58718412422e-05, 6.17336081632e-06, 2.53176676779e-06, 2.69325732916e-06, 1.53641394718e-06, 1.69833640484e-06, 5.02277828218e-07, 1.0711152072e-06, 1.11644521894e-06, 3.69449566051e-07, 9.34692536703e-08, 3.65711407824e-08, 1.84988770968e-08, 3.48311495202e-08, 1.24901518461e-07, 4.34412186223e-08, 2.05512229456e-09, 5.75486042826e-15]}, "barkbands_crest": {"dmean": 2.90081191063, "dmean2": 4.78328227997, "dvar": 8.1056728363, "dvar2": 21.3004360199, "max": 24.4787387848, "mean": 9.14033412933, "median": 8.25266170502, "min": 2.31757354736, "var": 14.7938337326}, "barkbands_flatness_db": {"dmean": 0.0214988104999, "dmean2": 0.0337121486664, "dvar": 0.000412476394558, "dvar2": 0.00102878373582, "max": 0.452405840158, "mean": 0.147002756596, "median": 0.140157699585, "min": 0.0483115427196, "var": 0.00192900188267}, "barkbands_kurtosis": {"dmean": 3.07810091972, "dmean2": 4.91570234299, "dvar": 28.425693512, "dvar2": 71.4456176758, "max": 143.749099731, "mean": 4.42075300217, "median": 2.27244710922, "min": -1.94670760632, "var": 52.1474342346}, "barkbands_skewness": {"dmean": 0.571389913559, "dmean2": 0.86368483305, "dvar": 0.384494692087, "dvar2": 0.886894345284, "max": 10.6296234131, "mean": 1.56305885315, "median": 1.46091902256, "min": -2.36315727234, "var": 1.29210436344}, "barkbands_spread": {"dmean": 5.48586940765, "dmean2": 8.35912418365, "dvar": 42.1109466553, "dvar2": 90.9515380859, "max": 107.347892761, "mean": 20.5375041962, "median": 18.4219837189, "min": 0.738565683365, "var": 144.508529663}, "dissonance": {"dmean": 0.0212016105652, "dmean2": 0.0353458821774, "dvar": 0.000436868082033, "dvar2": 0.00116689235438, "max": 0.500000119209, "mean": 0.455851584673, "median": 0.463137239218, "min": 0, "var": 0.00102019368205}, "dynamic_complexity": 3.18929934502, "erbbands": {"dmean": [0.127101629972, 0.967570662498, 2.02633142471, 2.86649465561, 4.12451887131, 8.53361988068, 6.94344902039, 11.7699508667, 9.71040248871, 12.2355737686, 20.2254714966, 23.165014267, 27.4008350372, 26.1204547882, 16.3850650787, 17.1502094269, 17.301618576, 15.9346666336, 17.2985153198, 12.9952173233, 9.13230037689, 11.7356853485, 14.6736412048, 12.1159114838, 7.57739448547, 4.38426017761, 3.17754673958, 2.14557886124, 1.61641263962, 1.47280025482, 1.27249610424, 1.27896940708, 0.909128665924, 0.533530056477, 0.21121661365, 0.0629499182105, 0.0182289909571, 0.00165972893592, 3.468257637e-05, 1.21358152683e-05], "dmean2": [0.213384762406, 1.69010853767, 3.55453944206, 4.89454889297, 6.94417762756, 14.2836370468, 11.4191350937, 18.8613872528, 15.593624115, 19.3985462189, 31.6810131073, 35.0384140015, 40.9005241394, 39.2184638977, 24.5111103058, 26.1730098724, 26.0105361938, 23.9441356659, 26.0377864838, 19.4781532288, 13.7505226135, 17.4607276917, 22.1313514709, 18.2484035492, 11.736082077, 6.78584909439, 4.95598554611, 3.34968900681, 2.45267343521, 2.25468969345, 1.8881893158, 1.92535316944, 1.29404842854, 0.752215623856, 0.298686206341, 0.0879772827029, 0.0254928264767, 0.00236445385963, 4.84483934997e-05, 1.82356670848e-05], "dvar": [0.0832751914859, 5.90571022034, 17.7098941803, 23.0147838593, 45.0454750061, 334.832824707, 183.743881226, 614.921508789, 503.262176514, 880.313720703, 3188.44750977, 5077.39648438, 7221.86181641, 6935.05615234, 2929.4465332, 2495.14794922, 2533.42016602, 2029.31005859, 2283.51098633, 1250.67297363, 551.225708008, 1007.69604492, 1339.66687012, 631.083129883, 205.574813843, 94.6284179688, 50.8991584778, 18.4360790253, 11.5675878525, 10.9265441895, 14.5711669922, 24.572675705, 12.1043958664, 3.95565295219, 0.508306205273, 0.0266842208803, 0.00242380518466, 2.26845604629e-05, 7.89280107938e-09, 2.79139739101e-10], "dvar2": [0.214749753475, 16.0848274231, 49.8108100891, 62.8686676025, 121.947540283, 896.551208496, 477.946105957, 1432.5078125, 1184.18615723, 2060.27246094, 7026.49169922, 11595.078125, 15203.0439453, 14559.1914062, 5979.12597656, 5377.51855469, 5450.89550781, 4386.77636719, 4925.32519531, 2636.03613281, 1151.00219727, 1985.06835938, 2781.5793457, 1361.77709961, 466.31362915, 216.486480713, 118.662475586, 44.0991706848, 25.5363616943, 23.4170703888, 29.6159992218, 51.0302772522, 21.7724876404, 7.61250257492, 1.05236339569, 0.0514925010502, 0.00470746168867, 4.45553741883e-05, 1.53096006983e-08, 6.4414040768e-10], "max": [2.69190382957, 21.9750576019, 50.4976768494, 107.994338989, 128.182525635, 277.820770264, 310.948577881, 499.545043945, 788.316467285, 913.566345215, 1539.27832031, 2289.90014648, 2537.0246582, 2314.71435547, 3035.46386719, 1672.97680664, 1782.91564941, 1235.50976562, 1490.71264648, 1607.95776367, 1226.03173828, 1282.2220459, 1821.27526855, 752.542236328, 617.682556152, 339.850158691, 272.282897949, 98.2480316162, 119.372138977, 122.658943176, 164.935699463, 315.3387146, 189.714416504, 120.14756012, 35.9451637268, 6.41285085678, 1.86309826374, 0.131432518363, 0.00294333626516, 0.000390410597902], "mean": [0.126515299082, 0.968325555325, 2.61154937744, 4.61250066757, 7.4887213707, 12.6506328583, 11.5713682175, 17.8604488373, 15.812212944, 20.2801589966, 30.229850769, 35.0521621704, 41.383605957, 42.1186485291, 26.6579017639, 26.2732944489, 27.3025417328, 24.5588951111, 26.5099639893, 20.8409385681, 17.1936264038, 21.7896595001, 28.9721450806, 23.8212223053, 14.6974182129, 8.24537372589, 5.92221546173, 3.76078653336, 2.87068653107, 2.46492981911, 2.24814844131, 2.2314209938, 1.72218775749, 0.983579039574, 0.376054614782, 0.10902017355, 0.0315417423844, 0.00270146387629, 6.77207062836e-05, 3.25655382767e-05], "median": [0.0417830087245, 0.398795366287, 1.43834173679, 2.92494654655, 5.03802919388, 6.79341602325, 6.42774820328, 8.05692958832, 6.62960338593, 8.98262405396, 9.58259773254, 8.95085334778, 9.12232875824, 9.14764785767, 7.87065601349, 8.16991710663, 7.85592222214, 6.2840294838, 6.2653427124, 5.52122735977, 5.53085041046, 7.5487537384, 10.4535398483, 9.00065422058, 7.60580921173, 3.22768425941, 2.37327265739, 1.59930062294, 1.18339514732, 0.89682674408, 0.735074341297, 0.709810614586, 0.538098752499, 0.28499186039, 0.098782427609, 0.0244874469936, 0.00625022733584, 0.000440149771748, 2.49860222539e-05, 2.62169505731e-05], "min": [5.30433202871e-22, 3.07300263282e-21, 1.34182169353e-20, 6.08318962229e-20, 3.38501370585e-20, 1.76723027818e-19, 2.28767344954e-19, 3.84771462982e-19, 1.82169559788e-19, 3.91620079014e-19, 7.45660670716e-19, 1.02354150265e-18, 1.13593611595e-18, 1.46086217313e-18, 1.66669934773e-18, 5.38224214789e-18, 6.01945659687e-18, 9.9752687918e-18, 8.19254650642e-18, 7.69038500887e-18, 5.6723261169e-18, 6.68077095299e-18, 8.15743020787e-18, 1.01686181241e-17, 2.40341181639e-17, 1.58939627959e-17, 1.62533793895e-17, 2.45923410003e-17, 2.61166363459e-17, 3.14278538712e-17, 1.81367273693e-17, 1.71254246242e-17, 1.25239876214e-17, 1.56361140554e-17, 8.06043914515e-18, 5.95048545021e-18, 3.12764227437e-18, 1.42258035778e-18, 3.73439372933e-19, 3.6432077943e-20], "var": [0.0724881663918, 4.22681379318, 14.7532491684, 31.2309246063, 67.9721374512, 363.509429932, 288.998901367, 917.100036621, 914.198669434, 1505.91113281, 5950.93457031, 8997.43066406, 13549.8251953, 16705.4707031, 6227.82519531, 4707.98291016, 5083.67578125, 3761.64208984, 4713.60009766, 2421.27124023, 1444.94335938, 2743.73535156, 3868.97973633, 1731.16442871, 501.708709717, 216.807525635, 119.361427307, 35.2328529358, 24.7329349518, 22.5404491425, 31.2218894958, 54.8253250122, 32.714138031, 10.1944379807, 1.1288818121, 0.0664391964674, 0.00596668943763, 5.1286398957e-05, 1.93789073677e-08, 6.80561385025e-10]}, "erbbands_crest": {"dmean": 2.81853652, "dmean2": 4.53530883789, "dvar": 7.37266969681, "dvar2": 17.5384597778, "max": 32.0124511719, "mean": 9.27523994446, "median": 8.08492946625, "min": 2.05517721176, "var": 21.4762973785}, "erbbands_flatness_db": {"dmean": 0.0187202580273, "dmean2": 0.0263580530882, "dvar": 0.00032350741094, "dvar2": 0.000608671747614, "max": 0.336694836617, "mean": 0.157791927457, "median": 0.155240371823, "min": 0.0518264994025, "var": 0.00184151157737}, "erbbands_kurtosis": {"dmean": 0.962954878807, "dmean2": 1.4938826561, "dvar": 1.99619865417, "dvar2": 4.54214525223, "max": 36.5360221863, "mean": 0.522570312023, "median": -0.113243579865, "min": -1.8851903677, "var": 4.92932128906}, "erbbands_skewness": {"dmean": 0.380831539631, "dmean2": 0.571425437927, "dvar": 0.131390228868, "dvar2": 0.282128244638, "max": 4.83377504349, "mean": 0.429482728243, "median": 0.428991287947, "min": -4.43064928055, "var": 0.613158166409}, "erbbands_spread": {"dmean": 8.58305454254, "dmean2": 12.7495527267, "dvar": 89.0902252197, "dvar2": 190.057174683, "max": 176.645324707, "mean": 38.586769104, "median": 35.9593887329, "min": 3.43369746208, "var": 344.332214355}, "gfcc": {"cov": [[5045.08984375, -714.011230469, -126.238494873, 179.441848755, -15.5203552246, 234.259536743, -114.435470581, 218.252853394, -132.956878662, 98.157043457, -91.0449447632, 75.6514968872, -54.6637268066], [-714.011230469, 1117.63195801, 94.7148284912, 67.0886230469, 189.737121582, -163.733337402, 159.820373535, -97.8177947998, 99.0193099976, -115.820556641, 149.48236084, -101.411460876, 75.0671615601], [-126.238494873, 94.7148284912, 776.309631348, 164.993545532, -4.92267608643, 54.7221603394, -18.8230895996, -15.4633150101, -47.7315483093, 70.5924758911, -32.9341621399, 46.6847305298, -14.1974477768], [179.441848755, 67.0886230469, 164.993545532, 337.906738281, 68.9569854736, 37.3229179382, 14.1839332581, -29.218536377, 49.9023513794, -5.32586812973, 14.231959343, -19.3291988373, 31.9072036743], [-15.5203552246, 189.737121582, -4.92267608643, 68.9569854736, 287.438262939, 24.0727767944, 14.8236522675, 12.5137205124, 30.0893821716, 8.9848613739, 7.69173908234, -1.22356498241, 6.90049934387], [234.259536743, -163.733337402, 54.7221603394, 37.3229179382, 24.0727767944, 208.326858521, 62.347454071, 11.1378488541, -24.1662464142, 9.15486717224, -7.15630292892, 8.86561393738, -8.06728744507], [-114.435470581, 159.820373535, -18.8230895996, 14.1839332581, 14.8236522675, 62.347454071, 216.530212402, 18.1072444916, -12.617181778, -24.3108959198, 37.1671485901, -16.7051029205, 8.36948108673], [218.252853394, -97.8177947998, -15.4633150101, -29.218536377, 12.5137205124, 11.1378488541, 18.1072444916, 128.761016846, 17.5905647278, 7.21149349213, -12.9335803986, 7.5928030014, -12.7472553253], [-132.956878662, 99.0193099976, -47.7315483093, 49.9023513794, 30.0893821716, -24.1662464142, -12.617181778, 17.5905647278, 144.218154907, 12.2012042999, 11.1292362213, -23.6575927734, 17.3294906616], [98.157043457, -115.820556641, 70.5924758911, -5.32586812973, 8.9848613739, 9.15486717224, -24.3108959198, 7.21149349213, 12.2012042999, 124.24811554, -12.4431533813, 22.2589015961, -24.28465271], [-91.0449447632, 149.48236084, -32.9341621399, 14.231959343, 7.69173908234, -7.15630292892, 37.1671485901, -12.9335803986, 11.1292362213, -12.4431533813, 106.635726929, -0.76097714901, 7.24073266983], [75.6514968872, -101.411460876, 46.6847305298, -19.3291988373, -1.22356498241, 8.86561393738, -16.7051029205, 7.5928030014, -23.6575927734, 22.2589015961, -0.76097714901, 91.9283447266, 3.08174657822], [-54.6637268066, 75.0671615601, -14.1974477768, 31.9072036743, 6.90049934387, -8.06728744507, 8.36948108673, -12.7472553253, 17.3294906616, -24.28465271, 7.24073266983, 3.08174657822, 78.3428955078]], "icov": [[0.000315254845191, -0.000395372073399, 0.000429377512773, -0.000608840433415, 0.000414388196077, -0.000698955904227, 0.000654923147522, -0.00098247337155, 0.000813918362837, -0.000604186498094, 0.000441416690592, -0.00041569568566, 0.000194519147044], [-0.000395372073399, 0.0056104962714, -0.00305209355429, 0.00293918722309, -0.00439413404092, 0.00566275045276, -0.00495710037649, 0.0051802797243, -0.0044105136767, 0.00467219436541, -0.00528867729008, 0.00451714685187, -0.00232432689518], [0.000429377512773, -0.00305209355429, 0.00354173732921, -0.00298515916802, 0.00269096437842, -0.00341903837398, 0.00297600985505, -0.00328806135803, 0.00356285646558, -0.00363435735926, 0.003354329383, -0.00319565762766, 0.00154067738913], [-0.000608840433415, 0.00293918722309, -0.00298515916802, 0.00635984959081, -0.00326939346269, 0.00264329253696, -0.00304302666336, 0.00452748453245, -0.00463243480772, 0.0033956177067, -0.00331389554776, 0.00341336498968, -0.00250109913759], [0.000414388196077, -0.00439413404092, 0.00269096437842, -0.00326939346269, 0.00727059738711, -0.00486836256459, 0.00387439527549, -0.00468794256449, 0.00319572724402, -0.00410693977028, 0.00404907157645, -0.00379475043155, 0.00179543008562], [-0.000698955904227, 0.00566275045276, -0.00341903837398, 0.00264329253696, -0.00486836256459, 0.0117908967659, -0.00711327604949, 0.00556103838608, -0.00404813839123, 0.00453320750967, -0.00454890495166, 0.00404162053019, -0.00174000486732], [0.000654923147522, -0.00495710037649, 0.00297600985505, -0.00304302666336, 0.00387439527549, -0.00711327604949, 0.0105968592688, -0.00643525039777, 0.0052919825539, -0.00380831491202, 0.00250121066347, -0.00270127155818, 0.0012565680081], [-0.00098247337155, 0.0051802797243, -0.00328806135803, 0.00452748453245, -0.00468794256449, 0.00556103838608, -0.00643525039777, 0.0149821806699, -0.00719613954425, 0.00516534689814, -0.00353426812217, 0.00302688311785, -0.000577669008635], [0.000813918362837, -0.0044105136767, 0.00356285646558, -0.00463243480772, 0.00319572724402, -0.00404813839123, 0.0052919825539, -0.00719613954425, 0.0136054279283, -0.00630545197055, 0.00323384371586, -0.00126409297809, -0.000321463070577], [-0.000604186498094, 0.00467219436541, -0.00363435735926, 0.0033956177067, -0.00410693977028, 0.00453320750967, -0.00380831491202, 0.00516534689814, -0.00630545197055, 0.0142241027206, -0.00384242623113, 0.00146038050298, 0.00123749102931], [0.000441416690592, -0.00528867729008, 0.003354329383, -0.00331389554776, 0.00404907157645, -0.00454890495166, 0.00250121066347, -0.00353426812217, 0.00323384371586, -0.00384242623113, 0.0157520473003, -0.00555027509108, 0.00252182222903], [-0.00041569568566, 0.00451714685187, -0.00319565762766, 0.00341336498968, -0.00379475043155, 0.00404162053019, -0.00270127155818, 0.00302688311785, -0.00126409297809, 0.00146038050298, -0.00555027509108, 0.016787705943, -0.00447120517492], [0.000194519147044, -0.00232432689518, 0.00154067738913, -0.00250109913759, 0.00179543008562, -0.00174000486732, 0.0012565680081, -0.000577669008635, -0.000321463070577, 0.00123749102931, 0.00252182222903, -0.00447120517492, 0.0162570662796]], "mean": [-9.09231472015, 102.22504425, -117.627235413, 36.6873207092, -61.5383338928, 14.4274578094, -41.36170578, 15.3290424347, -28.2369194031, -2.21567249298, -11.2511177063, -2.91685175896, -10.4925365448]}, "hfc": {"dmean": 5.84868001938, "dmean2": 8.10706138611, "dvar": 62.2852287292, "dvar2": 120.210601807, "max": 206.517471313, "mean": 18.054107666, "median": 12.5472202301, "min": 1.25553867357e-16, "var": 297.911529541}, "melbands": {"dmean": [0.00114928046241, 0.00110599026084, 0.000485151569592, 0.00046607843251, 0.000265359471086, 0.000249333505053, 0.000143581943121, 0.000149576677359, 0.000168062091689, 0.000151837462909, 0.000139984753332, 0.000110653454612, 6.0722391936e-05, 4.5370648877e-05, 4.35913098045e-05, 3.85874373023e-05, 3.13155687763e-05, 2.94401670544e-05, 2.33762784774e-05, 1.57573103934e-05, 1.1265980902e-05, 1.31613178382e-05, 1.53161090566e-05, 1.23802083181e-05, 1.08291442302e-05, 7.3788305599e-06, 3.81493464374e-06, 3.00137276099e-06, 2.33907417169e-06, 1.63862489444e-06, 1.2211377225e-06, 9.81937773759e-07, 8.83044037892e-07, 8.75684577295e-07, 7.76501565269e-07, 7.6130402249e-07, 8.33880221762e-07, 6.95271580753e-07, 5.6607592569e-07, 4.31507913845e-07], "dmean2": [0.00193105824292, 0.00191034388263, 0.000822584610432, 0.000782737450209, 0.000437631359091, 0.000399220938561, 0.000229881567066, 0.000236307940213, 0.000262348912656, 0.000229133409448, 0.000209098303458, 0.000166876809089, 9.14677002584e-05, 6.95195121807e-05, 6.63407408865e-05, 5.82167267567e-05, 4.78612855659e-05, 4.46804660896e-05, 3.54285912181e-05, 2.38895809161e-05, 1.72646505234e-05, 1.99377755052e-05, 2.31472058658e-05, 1.89620604942e-05, 1.65106339409e-05, 1.15446218842e-05, 6.04173374086e-06, 4.71587327411e-06, 3.69805525224e-06, 2.58512045548e-06, 1.94635958906e-06, 1.52576262735e-06, 1.37294159686e-06, 1.35991149364e-06, 1.17128354304e-06, 1.16616638479e-06, 1.26582062876e-06, 1.01584964796e-06, 8.14392990378e-07, 6.25435689017e-07], "dvar": [7.42994234315e-06, 5.76033517063e-06, 5.79414233925e-07, 9.15945463476e-07, 2.43641721909e-07, 2.53570561881e-07, 1.05733043654e-07, 1.3054135195e-07, 2.27216816029e-07, 2.16439730139e-07, 1.90956967572e-07, 1.26486042973e-07, 4.51486705799e-08, 1.73197349795e-08, 1.9132391671e-08, 1.49105439107e-08, 8.69692495797e-09, 7.12324199625e-09, 4.84212048235e-09, 1.69765235203e-09, 9.64937352244e-10, 1.47067902301e-09, 1.6423542526e-09, 8.92528995156e-10, 5.50304746216e-10, 2.191044568e-10, 6.4855211479e-11, 5.24754788234e-11, 3.45215904474e-11, 1.34474549551e-11, 6.25905360527e-12, 4.390095492e-12, 4.26154207409e-12, 4.38976719558e-12, 5.02996169022e-12, 1.02049453957e-11, 9.84123720016e-12, 7.49292641822e-12, 4.52597941764e-12, 2.79513998752e-12], "dvar2": [1.94036219909e-05, 1.57216327352e-05, 1.57660042532e-06, 2.45321575676e-06, 6.48109221402e-07, 5.92048820636e-07, 2.45787020958e-07, 2.97325016163e-07, 4.96826260132e-07, 4.89835258577e-07, 4.00163742142e-07, 2.69028760158e-07, 9.21990377378e-08, 3.73302668777e-08, 4.11996019523e-08, 3.1595927652e-08, 1.89886275592e-08, 1.54715653622e-08, 9.84806636239e-09, 3.68358965552e-09, 2.11008521767e-09, 3.03955238756e-09, 3.34837135796e-09, 1.93325067066e-09, 1.21252952123e-09, 5.0344528546e-10, 1.54081761239e-10, 1.20607926424e-10, 8.27469967546e-11, 3.12919620771e-11, 1.54897709242e-11, 1.00522654436e-11, 9.92962309598e-12, 9.7148044817e-12, 1.04570059209e-11, 2.36170787787e-11, 2.04984224039e-11, 1.4460835307e-11, 8.25917719632e-12, 5.97019005413e-12], "max": [0.0264614801854, 0.0242352318019, 0.0154805332422, 0.0144761977717, 0.00999452918768, 0.00989074632525, 0.0113719627261, 0.0116760665551, 0.0135109946132, 0.0153114702553, 0.0122967530042, 0.00958998594433, 0.0129024665803, 0.0035949847661, 0.00403238134459, 0.00493170460686, 0.00243755336851, 0.00305973412469, 0.0040556541644, 0.00137579371221, 0.00164159445558, 0.00198366260156, 0.00158340786584, 0.00123933143914, 0.000606857647654, 0.000490643898956, 0.000234682345763, 0.000320895866025, 0.000268826814136, 0.000126572602312, 6.62040984025e-05, 8.82729582372e-05, 7.19166273484e-05, 8.46797920531e-05, 0.000102244070149, 0.000237354033743, 0.000165684570675, 0.00015437984257, 0.000111133456812, 0.000108706371975], "mean": [0.00119742145762, 0.00137867813464, 0.000878282822669, 0.000743646465708, 0.000445987767307, 0.000389619468478, 0.00023466226412, 0.000239253276959, 0.000245096976869, 0.000223162482143, 0.000203515446628, 0.000171141015016, 9.30897440412e-05, 6.66880368954e-05, 6.26814871794e-05, 5.77470527787e-05, 4.4026208343e-05, 4.15202048316e-05, 3.40214974131e-05, 2.39893925027e-05, 1.95963020815e-05, 2.15476575249e-05, 2.81391967292e-05, 2.26424035645e-05, 1.93795622181e-05, 1.29919453684e-05, 6.76507761455e-06, 5.12102042194e-06, 4.10149868912e-06, 2.62163234765e-06, 1.99516739485e-06, 1.6622483372e-06, 1.38642212733e-06, 1.3901303646e-06, 1.31598358166e-06, 1.24367113585e-06, 1.40290364925e-06, 1.25366568682e-06, 1.02452554529e-06, 7.53896813421e-07], "median": [0.000464857846964, 0.00074845761992, 0.000619373517111, 0.000456370034954, 0.000264086673269, 0.000182682357263, 9.78178431978e-05, 9.8249722214e-05, 6.72371970722e-05, 5.05312200403e-05, 3.90979439544e-05, 3.21633087879e-05, 2.29045945161e-05, 2.0265862986e-05, 1.71570191014e-05, 1.3729474631e-05, 8.89049988473e-06, 8.60518412082e-06, 7.42971633372e-06, 6.61639796817e-06, 5.92534206589e-06, 6.62007050778e-06, 9.7246356745e-06, 7.76988599682e-06, 6.63081164021e-06, 6.1895352701e-06, 3.1260774449e-06, 1.69656459548e-06, 1.4798453094e-06, 1.06049685655e-06, 8.1331063484e-07, 6.76679064782e-07, 5.16038824117e-07, 4.77562082324e-07, 4.20005136448e-07, 3.83950464311e-07, 4.28229867566e-07, 3.76276432235e-07, 3.0317730193e-07, 2.08795043477e-07], "min": [8.02221684601e-24, 5.84472645591e-24, 9.0906910768e-24, 6.56943561459e-24, 8.31997476126e-24, 8.49198035962e-24, 2.89076481275e-24, 4.10082084059e-24, 6.33947003895e-24, 7.14665854958e-24, 5.86437934764e-24, 5.85569714452e-24, 5.59357444293e-24, 8.29679566129e-24, 1.83758537217e-23, 9.20599098671e-24, 2.14587347611e-23, 1.5005832046e-23, 9.53530964907e-24, 9.85973579609e-24, 6.70273101947e-24, 8.48325792459e-24, 4.89582184466e-24, 8.28863805066e-24, 7.27203773527e-24, 1.73944397581e-23, 1.4081485858e-23, 9.77108045211e-24, 8.31527236141e-24, 1.5298934893e-23, 1.30246402258e-23, 1.18337623926e-23, 1.84185389853e-23, 1.82140883267e-23, 8.96747494771e-24, 1.07345099648e-23, 1.02829967482e-23, 7.56575510497e-24, 1.15120049621e-23, 1.3682639362e-23], "var": [6.21639719611e-06, 4.66643905384e-06, 8.8171174184e-07, 9.92051468529e-07, 3.5011086652e-07, 3.94815543814e-07, 1.98802553086e-07, 2.29552583164e-07, 4.23382459758e-07, 3.87329635032e-07, 3.52653898972e-07, 2.95782228932e-07, 9.30045587211e-08, 3.18355262152e-08, 3.2430474306e-08, 2.92854576145e-08, 1.54919810313e-08, 1.35127313783e-08, 9.0880707404e-09, 3.42677952681e-09, 2.37750930054e-09, 3.24430082799e-09, 4.64166527436e-09, 2.1313764087e-09, 1.33431687921e-09, 4.63914850979e-10, 1.36276781526e-10, 1.06212351414e-10, 7.76293820892e-11, 2.21221339858e-11, 1.09299617967e-11, 8.73641957388e-12, 7.1746289465e-12, 8.26271082804e-12, 9.84423913913e-12, 1.82272513055e-11, 2.23819227041e-11, 1.81625617324e-11, 1.23824128034e-11, 6.0768915941e-12]}, "melbands_crest": {"dmean": 3.385440588, "dmean2": 5.50154209137, "dvar": 9.3329744339, "dvar2": 23.6212673187, "max": 33.0422668457, "mean": 12.4871110916, "median": 11.6591911316, "min": 2.14261293411, "var": 20.7170619965}, "melbands_flatness_db": {"dmean": 0.0262510757893, "dmean2": 0.0396599061787, "dvar": 0.000653822557069, "dvar2": 0.00155672407709, "max": 0.590579032898, "mean": 0.198980778456, "median": 0.191535279155, "min": 0.00664466293529, "var": 0.00366242881864}, "melbands_kurtosis": {"dmean": 7.56616544724, "dmean2": 12.1154050827, "dvar": 192.722167969, "dvar2": 491.457641602, "max": 376.967041016, "mean": 13.0410280228, "median": 7.81331634521, "min": -1.84194839001, "var": 301.165863037}, "melbands_skewness": {"dmean": 0.788898766041, "dmean2": 1.20024609566, "dvar": 0.824901998043, "dvar2": 1.92230331898, "max": 14.0978412628, "mean": 2.52899956703, "median": 2.33823776245, "min": -1.33201503754, "var": 2.44684076309}, "melbands_spread": {"dmean": 6.68882226944, "dmean2": 10.1274852753, "dvar": 91.5190582275, "dvar2": 189.648849487, "max": 261.040405273, "mean": 21.8992652893, "median": 18.2127952576, "min": 0.650845944881, "var": 260.473937988}, "mfcc": {"cov": [[5133.04541016, -797.787109375, -231.843994141, -33.404586792, 64.5872268677, -28.1292133331, 71.2501754761, 79.115562439, 21.3193340302, 87.6351089478, 13.2915115356, -28.9126605988, -89.493057251], [-797.787109375, 966.190551758, -9.83562850952, 157.256118774, 42.8263969421, -24.6596412659, 51.7696800232, 5.86775064468, -26.3403835297, -16.795633316, 30.0207080841, 13.8298845291, 22.0134067535], [-231.843994141, -9.83562850952, 679.990539551, 115.071426392, 11.8373785019, 82.0867767334, 32.8553276062, -28.5254192352, 4.77309560776, -22.4642086029, -24.1242752075, 26.2520751953, 35.1301307678], [-33.404586792, 157.256118774, 115.071426392, 295.452575684, 91.1157684326, 40.747959137, 0.915042102337, -9.20854663849, 22.3243141174, 7.80356550217, -5.84120798111, 17.0869140625, 31.5050907135], [64.5872268677, 42.8263969421, 11.8373785019, 91.1157684326, 264.21005249, 36.194065094, -37.1921081543, -0.715065181255, 24.620059967, 8.1583814621, 5.7951836586, -2.73918223381, 9.27979469299], [-28.1292133331, -24.6596412659, 82.0867767334, 40.747959137, 36.194065094, 200.581619263, 60.3293571472, 6.04771995544, 15.4264936447, 9.88810443878, 3.03948998451, 5.0743265152, 13.2921819687], [71.2501754761, 51.7696800232, 32.8553276062, 0.915042102337, -37.1921081543, 60.3293571472, 202.755081177, 58.2437210083, -8.23764419556, 2.77828478813, 5.97471046448, 7.17101383209, -5.17230558395], [79.115562439, 5.86775064468, -28.5254192352, -9.20854663849, -0.715065181255, 6.04771995544, 58.2437210083, 132.565078735, 19.5813617706, 0.694595217705, 7.95679330826, 1.26544570923, -7.87180662155], [21.3193340302, -26.3403835297, 4.77309560776, 22.3243141174, 24.620059967, 15.4264936447, -8.23764419556, 19.5813617706, 109.776062012, 33.1651802063, -6.37703275681, 2.53033566475, 4.73418474197], [87.6351089478, -16.795633316, -22.4642086029, 7.80356550217, 8.1583814621, 9.88810443878, 2.77828478813, 0.694595217705, 33.1651802063, 101.438407898, 22.7473201752, -6.21704673767, -6.20940923691], [13.2915115356, 30.0207080841, -24.1242752075, -5.84120798111, 5.7951836586, 3.03948998451, 5.97471046448, 7.95679330826, -6.37703275681, 22.7473201752, 94.2321853638, 27.4143123627, -1.6937199831], [-28.9126605988, 13.8298845291, 26.2520751953, 17.0869140625, -2.73918223381, 5.0743265152, 7.17101383209, 1.26544570923, 2.53033566475, -6.21704673767, 27.4143123627, 83.8142318726, 28.4184570312], [-89.493057251, 22.0134067535, 35.1301307678, 31.5050907135, 9.27979469299, 13.2921819687, -5.17230558395, -7.87180662155, 4.73418474197, -6.20940923691, -1.6937199831, 28.4184570312, 81.7855529785]], "icov": [[0.000246784416959, 0.000242866692133, 8.94050244824e-05, -0.000143354918691, -0.000106440820673, 0.000125018224935, -0.000188079837244, -7.00022501405e-05, 7.56051449571e-05, -0.000147766346345, -2.99432304018e-05, -1.31033002617e-05, 0.000182955191121], [0.000242866692133, 0.00146561325528, 0.000208146200748, -0.000888260256033, -0.00018244839157, 0.000517431297339, -0.000663960236125, 2.07421817322e-05, 0.000311202282319, 0.000155184141477, -0.000536078412551, 0.000173859254573, -5.70985903323e-05], [8.94050244824e-05, 0.000208146200748, 0.00175868580118, -0.000699397467542, 0.000113005298772, -0.000470453203889, -0.000330065755406, 0.000407192128478, -2.32015154324e-05, 0.000338305166224, 0.000345991633367, -0.000378205964807, -0.000196633525775], [-0.000143354918691, -0.000888260256033, -0.000699397467542, 0.00479045324028, -0.0012662045192, -0.00051364582032, 0.000181803639862, 0.000233223487157, -0.000558055588044, -0.000478402420413, 0.000722934782971, -0.000613452109974, -0.000977512449026], [-0.000106440820673, -0.00018244839157, 0.000113005298772, -0.0012662045192, 0.00466516567394, -0.00101144285873, 0.00130266917404, -0.000381865509553, -0.00061815045774, 0.000228002187214, -0.000546881638002, 0.000574273988605, -0.000105240113044], [0.000125018224935, 0.000517431297339, -0.000470453203889, -0.00051364582032, -0.00101144285873, 0.00635606376454, -0.00238791760057, 0.00059842254268, -0.000653716444504, -0.000262046960415, -0.000487322162371, 0.000399582611863, -0.000745195429772], [-0.000188079837244, -0.000663960236125, -0.000330065755406, 0.000181803639862, 0.00130266917404, -0.00238791760057, 0.00713876681402, -0.00308963586576, 0.00116530666128, -0.000553970341571, 0.000384892337024, -0.000660395191517, 0.000566963339224], [-7.00022501405e-05, 2.07421817322e-05, 0.000407192128478, 0.000233223487157, -0.000381865509553, 0.00059842254268, -0.00308963586576, 0.00944706425071, -0.00239502522163, 0.00116795848589, -0.00096733646933, 0.000191876053577, 0.00045362606761], [7.56051449571e-05, 0.000311202282319, -2.32015154324e-05, -0.000558055588044, -0.00061815045774, -0.000653716444504, 0.00116530666128, -0.00239502522163, 0.0114671150222, -0.00420827092603, 0.00218196213245, -0.00122979504522, -0.000267307099421], [-0.000147766346345, 0.000155184141477, 0.000338305166224, -0.000478402420413, 0.000228002187214, -0.000262046960415, -0.000553970341571, 0.00116795848589, -0.00420827092603, 0.0125664165244, -0.00400865124539, 0.00224934704602, 0.000262680492597], [-2.99432304018e-05, -0.000536078412551, 0.000345991633367, 0.000722934782971, -0.000546881638002, -0.000487322162371, 0.000384892337024, -0.00096733646933, 0.00218196213245, -0.00400865124539, 0.0137955956161, -0.00558647047728, 0.00155311706476], [-1.31033002617e-05, 0.000173859254573, -0.000378205964807, -0.000613452109974, 0.000574273988605, 0.000399582611863, -0.000660395191517, 0.000191876053577, -0.00122979504522, 0.00224934704602, -0.00558647047728, 0.0160007383674, -0.005249355454], [0.000182955191121, -5.70985903323e-05, -0.000196633525775, -0.000977512449026, -0.000105240113044, -0.000745195429772, 0.000566963339224, 0.00045362606761, -0.000267307099421, 0.000262680492597, 0.00155311706476, -0.005249355454, 0.0150078516454]], "mean": [-649.433227539, 125.32019043, 4.29243564606, 22.7981395721, 6.77458381653, -3.80517172813, 3.85239362717, 5.66296434402, -4.33247327805, -0.329777091742, 0.205356404185, -1.10842728615, -4.46658802032]}, "pitch_salience": {"dmean": 0.0779046043754, "dmean2": 0.125711366534, "dvar": 0.00509246112779, "dvar2": 0.0132010383531, "max": 0.986826598644, "mean": 0.579935193062, "median": 0.588624894619, "min": 0.128397122025, "var": 0.0119315404445}, "silence_rate_20dB": {"dmean": 0, "dmean2": 0, "dvar": 0, "dvar2": 0, "max": 1, "mean": 1, "median": 1, "min": 1, "var": 0}, "silence_rate_30dB": {"dmean": 0.000244081034907, "dmean2": 0.000488181918627, "dvar": 0.000243975198828, "dvar2": 0.000650591566227, "max": 1, "mean": 0.99983727932, "median": 1, "min": 0, "var": 0.000162667027325}, "silence_rate_60dB": {"dmean": 0.0257098693401, "dmean2": 0.051421828568, "dvar": 0.0250538829714, "dvar2": 0.0555395036936, "max": 1, "mean": 0.0697229802608, "median": 0, "min": 0, "var": 0.0648728087544}, "spectral_centroid": {"dmean": 239.345458984, "dmean2": 358.611816406, "dvar": 66281.1171875, "dvar2": 136546.359375, "max": 10875.1425781, "mean": 1263.39709473, "median": 1185.18774414, "min": 159.460968018, "var": 335982.6875}, "spectral_complexity": {"dmean": 3.36067032814, "dmean2": 5.11500740051, "dvar": 13.2685842514, "dvar2": 28.2755661011, "max": 53, "mean": 16.6238861084, "median": 16, "min": 0, "var": 74.9572296143}, "spectral_contrast_coeffs": {"dmean": [0.0514832213521, 0.0500326156616, 0.0427880324423, 0.035702355206, 0.0280960183591, 0.0200283452868], "dmean2": [0.0843341648579, 0.0821162462234, 0.0668053627014, 0.0549762174487, 0.0426618047059, 0.031475186348], "dvar": [0.00192228914239, 0.00176846527029, 0.00130636733957, 0.000928685883991, 0.000612607051153, 0.000290598633001], "dvar2": [0.00499230995774, 0.00457852054387, 0.00292456941679, 0.00199696212076, 0.00127043947577, 0.000680536031723], "max": [-0.314022243023, -0.396331727505, -0.414695292711, -0.468525022268, -0.488756984472, -0.582469880581], "mean": [-0.648240745068, -0.708971202374, -0.741551101208, -0.759613394737, -0.76631385088, -0.782859563828], "median": [-0.654096126556, -0.711856603622, -0.75334239006, -0.768696248531, -0.776784598827, -0.784606039524], "min": [-0.995524585247, -0.976675450802, -0.960607051849, -0.974554359913, -0.958772301674, -0.956954538822], "var": [0.00550746405497, 0.00544038368389, 0.00620312010869, 0.00430868472904, 0.00331015209667, 0.00123270275071]}, "spectral_contrast_valleys": {"dmean": [0.413519382477, 0.38006940484, 0.340842723846, 0.336164981127, 0.309169083834, 0.329915136099], "dmean2": [0.657793283463, 0.614526033401, 0.529781877995, 0.507874011993, 0.446684002876, 0.441193073988], "dvar": [0.141972854733, 0.124025948346, 0.0943582355976, 0.102254800498, 0.103739745915, 0.130825653672], "dvar2": [0.321042656898, 0.297811508179, 0.204913318157, 0.209325864911, 0.203922986984, 0.238690912724], "max": [-5.18649244308, -4.54880237579, -5.18979692459, -5.7590098381, -5.55080461502, -7.16715288162], "mean": [-7.14611530304, -6.86039209366, -7.4748840332, -8.01084804535, -7.75703859329, -10.184800148], "median": [-6.92974328995, -6.79026031494, -7.39625835419, -7.93330001831, -7.6239528656, -10.0802221298], "min": [-26.9112644196, -27.1918449402, -27.1267719269, -27.3289775848, -27.2377376556, -27.2415313721], "var": [0.979405522346, 0.567753553391, 0.553901731968, 0.618034183979, 0.773292660713, 0.916728317738]}, "spectral_decrease": {"dmean": 2.44380871095e-09, "dmean2": 3.7976715106e-09, "dvar": 1.19926456733e-17, "dvar2": 2.91998627436e-17, "max": 1.93031038177e-29, "mean": -6.04099525958e-09, "median": -4.97985386261e-09, "min": -3.4004198568e-08, "var": 2.23305099138e-17}, "spectral_energy": {"dmean": 0.00961952377111, "dmean2": 0.0148721411824, "dvar": 0.000180017785169, "dvar2": 0.000435088790255, "max": 0.132067233324, "mean": 0.0244376882911, "median": 0.0201462283731, "min": 1.13152507839e-20, "var": 0.000358460849384}, "spectral_energyband_high": {"dmean": 0.000251496618148, "dmean2": 0.000353273528162, "dvar": 2.87995902681e-07, "dvar2": 5.306209232e-07, "max": 0.0237979274243, "mean": 0.000555986422114, "median": 0.000233423517784, "min": 8.33276707485e-21, "var": 9.31159036099e-07}, "spectral_energyband_low": {"dmean": 0.00575625197962, "dmean2": 0.00948167685419, "dvar": 0.000141470329254, "dvar2": 0.000362507038517, "max": 0.10783175379, "mean": 0.00799387414008, "median": 0.00451921252534, "min": 6.92220080077e-23, "var": 0.000138468429213}, "spectral_energyband_middle_high": {"dmean": 0.00224923435599, "dmean2": 0.00314121274278, "dvar": 1.52692573465e-05, "dvar2": 2.87962193397e-05, "max": 0.104817286134, "mean": 0.00567704439163, "median": 0.002619685838, "min": 1.598200791e-21, "var": 5.8979527239e-05}, "spectral_energyband_middle_low": {"dmean": 0.00474942056462, "dmean2": 0.00746334251016, "dvar": 4.76307941426e-05, "dvar2": 0.000116207833344, "max": 0.103876307607, "mean": 0.0112273413688, "median": 0.008654627949, "min": 1.98949281414e-22, "var": 9.68377062236e-05}, "spectral_entropy": {"dmean": 0.171281248331, "dmean2": 0.243798807263, "dvar": 0.0285158194602, "dvar2": 0.0572067834437, "max": 9.79364109039, "mean": 7.47175216675, "median": 7.51297521591, "min": 5.09381198883, "var": 0.175024405122}, "spectral_flux": {"dmean": 0.0278798844665, "dmean2": 0.0431870222092, "dvar": 0.000971945584752, "dvar2": 0.00200178590603, "max": 0.31244084239, "mean": 0.0876888334751, "median": 0.0778430476785, "min": 1.06373167219e-10, "var": 0.00263758632354}, "spectral_kurtosis": {"dmean": 1.48190808296, "dmean2": 2.40876793861, "dvar": 2.74068689346, "dvar2": 7.3560333252, "max": 40.8081512451, "mean": 4.49931621552, "median": 4.05471658707, "min": -1.29496848583, "var": 7.41858243942}, "spectral_rms": {"dmean": 0.000889857590664, "dmean2": 0.00132650870364, "dvar": 1.06063373551e-06, "dvar2": 2.39108203459e-06, "max": 0.0113510387018, "mean": 0.00450349692255, "median": 0.00443337997422, "min": 3.32253950915e-12, "var": 3.56023042514e-06}, "spectral_rolloff": {"dmean": 426.900543213, "dmean2": 707.190368652, "dvar": 627651.875, "dvar2": 1314619.5, "max": 18906.1523438, "mean": 1266.66015625, "median": 904.39453125, "min": 64.599609375, "var": 1393392.25}, "spectral_skewness": {"dmean": 0.212112575769, "dmean2": 0.330451279879, "dvar": 0.0439421981573, "dvar2": 0.103823699057, "max": 5.3147983551, "mean": 1.60020720959, "median": 1.57749259472, "min": -0.353260606527, "var": 0.186485096812}, "spectral_spread": {"dmean": 544728.25, "dmean2": 743969.8125, "dvar": 424441937920, "dvar2": 673176354816, "max": 40489444, "mean": 4575794.5, "median": 4281983, "min": 1722791.875, "var": 2095284617220.0}, "spectral_stro