{"lowlevel": {"average_loudness": 0.550704717636, "barkbands": {"dmean": [4.55344670627e-05, 0.00364398374222, 0.00195149576757, 0.0010075729806, 0.00135054939892, 0.000924478576053, 0.00049084337661, 0.000707285478711, 0.000738416158129, 0.000621431448963, 0.000304900953779, 0.000224652612815, 0.000223350754823, 0.000306839967379, 0.000364564184565, 0.000224068848183, 0.000149533239892, 0.000132219443913, 0.000141333395732, 8.03327711765e-05, 5.64334513911e-05, 5.04093077325e-05, 5.42447087355e-05, 8.85782428668e-05, 7.12605324225e-05, 3.65896157746e-05, 4.23398996645e-05], "dmean2": [6.37294069747e-05, 0.0051927450113, 0.00347899855115, 0.001707794494, 0.00209229532629, 0.0014537118841, 0.000707666680682, 0.00101732753683, 0.00107523333281, 0.000949031033088, 0.000497544533573, 0.000360796053428, 0.000363243889296, 0.000490848149639, 0.00058945978526, 0.000363625091268, 0.000231009282288, 0.000212968021515, 0.000224905932555, 0.000125254766317, 8.91395029612e-05, 7.61344272178e-05, 7.90218618931e-05, 0.000128744344693, 0.000100044337159, 5.0794762501e-05, 6.44550236757e-05], "dvar": [2.66937778548e-08, 0.000162203039508, 6.56992342556e-05, 1.08658960016e-05, 8.23569462227e-06, 3.10539462589e-06, 1.14335148282e-06, 2.51065284829e-06, 4.96453685628e-06, 2.6453431019e-06, 1.25880319501e-06, 5.73494048695e-07, 5.88490365772e-07, 6.96001563938e-07, 7.27968540559e-07, 3.27023997215e-07, 1.47481458157e-07, 1.02438043825e-07, 7.94875774091e-08, 2.61571813098e-08, 3.14950305835e-08, 5.05257062855e-08, 4.47831816075e-08, 1.6204391784e-07, 6.46507700708e-08, 1.55940078628e-08, 3.54217100096e-08], "dvar2": [5.07667472505e-08, 0.00032673223177, 0.000189988670172, 2.88775736408e-05, 1.96711243916e-05, 8.09154153103e-06, 2.44146895056e-06, 5.42802308701e-06, 1.04986147562e-05, 6.41538872515e-06, 3.4487220546e-06, 1.53645214596e-06, 1.58583748089e-06, 1.79574794856e-06, 1.90666719391e-06, 8.61034152422e-07, 3.15516047067e-07, 2.53762806324e-07, 2.01275440759e-07, 6.10445383131e-08, 7.7302182433e-08, 1.12158339505e-07, 9.09928914439e-08, 3.30105251578e-07, 1.2544384731e-07, 3.20921493824e-08, 8.9370836065e-08], "max": [0.00263483752497, 0.153265744448, 0.111805781722, 0.0527126342058, 0.0575738549232, 0.0396657697856, 0.0380984768271, 0.0386837124825, 0.0520492233336, 0.0297897625715, 0.0333213731647, 0.0172369033098, 0.0259754564613, 0.0187952630222, 0.0251776129007, 0.0161226913333, 0.0156940408051, 0.00706001743674, 0.00562773551792, 0.00454193167388, 0.00325700268149, 0.00509660039097, 0.00467900000513, 0.00710185756907, 0.00477848015726, 0.00300647178665, 0.00460074841976], "mean": [4.98301378684e-05, 0.00430751731619, 0.00238437345251, 0.00130032631569, 0.00286761927418, 0.00177652144339, 0.000926743145101, 0.00133070233278, 0.00135614851024, 0.00102563668042, 0.000479591981275, 0.000400629331125, 0.000406727718655, 0.00052215741016, 0.000656466581859, 0.000400392396841, 0.000286475347821, 0.000253661797615, 0.000332912575686, 0.000189445505384, 0.000101008954516, 6.99519077898e-05, 7.99453264335e-05, 0.000116192946734, 9.80456461548e-05, 5.04535310029e-05, 4.21999648097e-05], "median": [1.73936155079e-06, 0.000922440551221, 0.000661985541228, 0.000272492034128, 0.00147435360122, 0.000970864552073, 0.000425873557106, 0.000369529530872, 0.000162699463544, 0.000193329164176, 9.40107202041e-05, 6.49792345939e-05, 6.27049885225e-05, 6.32438386674e-05, 7.15657588444e-05, 6.86635830789e-05, 5.25767973159e-05, 4.42189266323e-05, 9.54849892878e-05, 4.75827728224e-05, 1.44012901728e-05, 1.59205719683e-05, 1.37826136779e-05, 1.12099023681e-05, 4.72219971925e-06, 1.92999277715e-06, 4.67368323598e-07], "min": [2.525987469e-26, 9.47130660281e-25, 2.11981105008e-24, 7.88373783612e-25, 1.08936784296e-23, 7.820780425e-24, 8.05828041115e-24, 4.51887609959e-24, 1.82556155425e-23, 1.6197578415e-23, 1.58641142886e-23, 2.18054880383e-23, 2.96149711863e-23, 3.42644826517e-23, 3.30007148598e-23, 4.50503190625e-23, 5.96703539496e-23, 6.44381219756e-23, 1.21716252075e-22, 1.8105938021e-22, 2.19871059068e-22, 3.31354674486e-22, 4.17931111226e-22, 6.28133360925e-22, 9.0493094532e-22, 1.31858466339e-21, 1.76681214808e-21], "var": [3.34854384221e-08, 0.00019889997202, 4.30029540439e-05, 9.52690425038e-06, 1.63584918482e-05, 6.43737485007e-06, 2.8141621442e-06, 7.24995061319e-06, 1.48398712554e-05, 6.04006345384e-06, 2.76838409263e-06, 1.56775229243e-06, 1.61506875429e-06, 1.72383181507e-06, 1.92981406144e-06, 8.54870563671e-07, 4.1508093318e-07, 2.46669998205e-07, 3.27467517991e-07, 9.50575156367e-08, 6.41911341859e-08, 5.90822146762e-08, 6.36559249756e-08, 2.05108619866e-07, 1.01333618829e-07, 2.50537013358e-08, 3.32617418053e-08]}, "barkbands_crest": {"dmean": 2.43710851669, "dmean2": 3.74104619026, "dvar": 5.98507881165, "dvar2": 13.4684066772, "max": 26.7899551392, "mean": 9.78722190857, "median": 8.89824390411, "min": 2.37854409218, "var": 16.9686431885}, "barkbands_flatness_db": {"dmean": 0.0200283192098, "dmean2": 0.0284455530345, "dvar": 0.000471219100291, "dvar2": 0.000984913902357, "max": 0.403706252575, "mean": 0.155764102936, "median": 0.142806887627, "min": 0.0219108778983, "var": 0.00405687978491}, "barkbands_kurtosis": {"dmean": 3.50279712677, "dmean2": 5.26021957397, "dvar": 104.373764038, "dvar2": 260.92199707, "max": 528.16998291, "mean": 6.2993927002, "median": 2.39793086052, "min": -1.92547369003, "var": 196.538970947}, "barkbands_skewness": {"dmean": 0.530433416367, "dmean2": 0.760346472263, "dvar": 0.464598029852, "dvar2": 0.992431402206, "max": 14.8455963135, "mean": 1.61685466766, "median": 1.43975949287, "min": -21.6077766418, "var": 2.23541426659}, "barkbands_spread": {"dmean": 5.44814157486, "dmean2": 7.95191192627, "dvar": 77.7618713379, "dvar2": 157.866729736, "max": 134.885513306, "mean": 20.4583301544, "median": 16.6460533142, "min": 0.468796402216, "var": 280.025512695}, "dissonance": {"dmean": 0.020442251116, "dmean2": 0.0341753512621, "dvar": 0.000400729826652, "dvar2": 0.00105151080061, "max": 0.500000119209, "mean": 0.453154295683, "median": 0.460509836674, "min": 0.221470803022, "var": 0.00117647624575}, "dynamic_complexity": 4.94504117966, "erbbands": {"dmean": [0.0981556475163, 0.893011510372, 2.14999556541, 2.88697957993, 3.60956025124, 4.81576442719, 6.36304759979, 8.44824123383, 7.17121124268, 11.57883358, 13.3610124588, 18.3660354614, 14.6438274384, 16.5733509064, 12.3275680542, 9.87238025665, 9.15671062469, 15.7555561066, 15.6547489166, 16.6229457855, 9.55784893036, 6.50958108902, 6.40371847153, 8.78668212891, 5.27841567993, 3.92383718491, 2.85487556458, 1.75852155685, 1.64588117599, 1.90656352043, 1.55818247795, 1.71112442017, 1.50387763977, 0.832125544548, 0.526153147221, 0.186699196696, 0.0539049915969, 0.0207831226289, 0.00714915059507, 0.000554185186047], "dmean2": [0.138486996293, 1.33045899868, 3.74460530281, 4.96971225739, 5.90082502365, 7.4972653389, 9.71649265289, 13.5330085754, 10.0931520462, 16.562374115, 19.7262935638, 26.1291408539, 21.8766956329, 25.8921756744, 20.0320091248, 15.5714521408, 14.6127443314, 25.2887172699, 25.2046852112, 26.9209823608, 15.4201889038, 10.1767320633, 10.3463001251, 14.0517520905, 8.28796863556, 6.12072181702, 4.52010297775, 2.74161410332, 2.47810602188, 2.85322356224, 2.28104901314, 2.54397106171, 2.16865181923, 1.17849862576, 0.736148953438, 0.260267704725, 0.0747941508889, 0.0299387592822, 0.010924866423, 0.000868204981089], "dvar": [0.118718080223, 10.2207937241, 77.938659668, 91.1020889282, 113.306015015, 111.817893982, 143.143875122, 305.185699463, 249.068664551, 549.309570312, 1267.08276367, 2985.72192383, 1451.5612793, 2824.03833008, 1304.94567871, 1095.1328125, 768.195617676, 1796.77331543, 1632.95703125, 1981.28015137, 775.776000977, 302.567687988, 269.622070312, 340.223907471, 122.205284119, 67.7032318115, 66.9933242798, 40.2790260315, 58.2370529175, 74.0213851929, 33.5060691833, 59.3786392212, 47.4088935852, 11.1978034973, 3.1856367588, 0.459598660469, 0.0306581649929, 0.00675767334178, 0.0010653642239, 6.51179243505e-06], "dvar2": [0.219967365265, 22.4479236603, 218.625778198, 253.620147705, 295.338592529, 261.475280762, 342.935943604, 814.935913086, 520.956054688, 1161.88891602, 2929.75195312, 6003.97412109, 3217.90551758, 6988.02636719, 3618.46484375, 2854.90087891, 2005.86645508, 4860.75927734, 3956.66503906, 5560.16015625, 2090.39868164, 712.417907715, 690.747680664, 865.029663086, 307.792510986, 155.037628174, 166.446563721, 91.93334198, 128.670074463, 163.063430786, 67.9825973511, 122.069335938, 97.6875610352, 21.7271766663, 6.35572004318, 0.948014438152, 0.0637085288763, 0.015249049291, 0.0026729835663, 1.71353021869e-05], "max": [4.94738769531, 40.7120056152, 122.776237488, 130.042312622, 202.054824829, 289.540252686, 256.699584961, 344.555297852, 526.340820312, 652.362487793, 1021.10876465, 1449.01489258, 790.140014648, 1280.46972656, 1365.21240234, 857.540405273, 1008.41778564, 912.390136719, 1582.59289551, 911.404174805, 1067.05578613, 471.108856201, 409.083007812, 433.919128418, 275.975158691, 280.787689209, 173.1847229, 117.56905365, 171.407302856, 207.266235352, 117.082511902, 154.799102783, 129.87940979, 67.0223388672, 31.2609081268, 17.3347225189, 5.80737733841, 2.01131153107, 0.799084305763, 0.0743336156011], "mean": [0.109380051494, 1.02867019176, 2.65363478661, 3.95814013481, 6.5441069603, 9.56202507019, 12.4860944748, 15.2442941666, 14.4314317703, 22.7350711823, 25.2817687988, 34.3019752502, 27.9552459717, 27.3164863586, 21.7327861786, 18.5105285645, 17.9978656769, 28.7105960846, 31.5847816467, 31.366317749, 19.5197696686, 13.4607009888, 13.730682373, 19.1163158417, 13.2789087296, 9.64143371582, 6.08403110504, 2.93530702591, 2.28624749184, 2.61246013641, 2.32528972626, 2.33177304268, 1.90902125835, 1.10327887535, 0.734025359154, 0.25857809186, 0.0755960121751, 0.0251166149974, 0.00710007781163, 0.00053571537137], "median": [0.0174418985844, 0.241970658302, 0.788279294968, 1.05958819389, 2.48270893097, 4.52294969559, 6.23338413239, 7.64135837555, 6.76804924011, 8.30869102478, 6.81548643112, 4.84484004974, 5.32374668121, 4.45366001129, 5.58106327057, 3.81894445419, 3.61274385452, 4.54555130005, 4.7788105011, 4.48021650314, 3.96964979172, 2.72888183594, 3.36768579483, 5.12078285217, 3.8898806572, 2.40072202682, 1.08239412308, 0.649103403091, 0.505927920341, 0.505938112736, 0.414702415466, 0.272343754768, 0.144617766142, 0.061399936676, 0.0270555242896, 0.00993657205254, 0.00322653143667, 0.000754847889766, 5.85072593822e-05, 2.90918887913e-05], "min": [1.75493830839e-23, 3.68201193543e-22, 2.6117203963e-21, 4.25029147861e-21, 6.81400450128e-21, 3.37699619314e-20, 4.10450315747e-20, 7.18800371393e-20, 8.13912247787e-20, 1.38417999711e-19, 1.93629668961e-19, 3.28123497996e-19, 5.20401605535e-19, 6.33281360261e-19, 1.09234328407e-18, 1.25737584584e-18, 1.81186964863e-18, 2.56769724795e-18, 2.62029228643e-18, 1.96311011105e-18, 3.06921706014e-18, 4.33501743033e-18, 4.82423148333e-18, 6.25443544783e-18, 5.87922921711e-18, 8.09554469034e-18, 1.15107955957e-17, 9.79288042981e-18, 1.07576865255e-17, 1.14823438914e-17, 1.15149894014e-17, 1.10161291817e-17, 1.01790133028e-17, 8.13163623483e-18, 5.85903773836e-18, 4.32273793413e-18, 2.19941989563e-18, 9.52904621036e-19, 2.39606874798e-19, 2.67085876139e-20], "var": [0.15294547379, 11.0660820007, 54.6941108704, 74.574760437, 127.771591187, 227.579208374, 342.903564453, 542.198242188, 658.032531738, 1745.78796387, 3097.60693359, 8857.70019531, 4466.28369141, 6227.57958984, 3549.05126953, 2694.29321289, 2405.18847656, 4699.82324219, 5452.97119141, 4357.54736328, 2220.94580078, 827.024108887, 643.781066895, 1143.42724609, 527.68371582, 253.927902222, 184.125473022, 58.2866744995, 67.7220001221, 85.5624694824, 49.30676651, 75.0236358643, 59.6089439392, 15.7602949142, 5.4694814682, 0.722598850727, 0.0531634427607, 0.00885498244315, 0.00100188644137, 5.33787579116e-06]}, "erbbands_crest": {"dmean": 2.57667398453, "dmean2": 4.05121326447, "dvar": 6.05652189255, "dvar2": 14.4021997452, "max": 30.6109886169, "mean": 9.92142486572, "median": 8.85308933258, "min": 2.60155534744, "var": 19.9508266449}, "erbbands_flatness_db": {"dmean": 0.0190432518721, "dmean2": 0.0258653778583, "dvar": 0.00044761391473, "dvar2": 0.000774108455516, "max": 0.409636080265, "mean": 0.173105850816, "median": 0.172584354877, "min": 0.0196616109461, "var": 0.00351460976526}, "erbbands_kurtosis": {"dmean": 1.1642036438, "dmean2": 1.76369440556, "dvar": 4.79351520538, "dvar2": 9.24347114563, "max": 119.085655212, "mean": 1.14116799831, "median": 0.131318092346, "min": -1.88485944271, "var": 20.0409622192}, "erbbands_skewness": {"dmean": 0.381048977375, "dmean2": 0.57182520628, "dvar": 0.162671267986, "dvar2": 0.361328065395, "max": 8.96851921082, "mean": 0.577811181545, "median": 0.502622365952, "min": -4.60772800446, "var": 0.944396495819}, "erbbands_spread": {"dmean": 8.17177295685, "dmean2": 11.9743728638, "dvar": 131.187988281, "dvar2": 263.335571289, "max": 194.686264038, "mean": 36.2060241699, "median": 30.5082359314, "min": 1.34498596191, "var": 555.514892578}, "gfcc": {"cov": [[23374.5507812, 243.609481812, -1806.50732422, 1644.2355957, -418.773101807, 648.420837402, -491.369995117, 354.816894531, -351.780731201, -66.9941635132, -331.623626709, -492.369598389, -220.224105835], [243.609481812, 2445.66772461, -202.54574585, 248.234176636, 421.721405029, -36.5929031372, 160.656097412, -0.414115816355, -23.1654453278, -68.7673034668, -14.5246543884, -75.263710022, -84.0237579346], [-1806.50732422, -202.54574585, 2045.26184082, 86.1198959351, 269.070159912, 272.783843994, 59.6720733643, 45.8195304871, -5.94808912277, -25.8823986053, -65.4430770874, 89.9978942871, -21.9265632629], [1644.2355957, 248.234176636, 86.1198959351, 851.567565918, 237.60774231, 184.670791626, 110.050292969, 68.9136276245, -35.6548652649, -16.2140808105, -63.491973877, -114.925865173, -66.1529388428], [-418.773101807, 421.721405029, 269.070159912, 237.60774231, 611.35534668, 132.577346802, 162.25440979, 54.1148109436, 61.7761001587, -19.7953414917, -51.2354202271, -61.313243866, -20.8601894379], [648.420837402, -36.5929031372, 272.783843994, 184.670791626, 132.577346802, 339.123809814, 81.6142730713, 51.5493850708, -11.3921089172, -8.25692176819, -49.2094154358, -53.3706321716, -21.7862968445], [-491.369995117, 160.656097412, 59.6720733643, 110.050292969, 162.25440979, 81.6142730713, 259.336914062, 50.6223258972, 33.8435020447, 20.9091243744, 15.0718669891, -45.0235519409, -41.7828330994], [354.816894531, -0.414115816355, 45.8195304871, 68.9136276245, 54.1148109436, 51.5493850708, 50.6223258972, 181.331878662, 61.2399597168, 4.33297967911, -14.5638952255, -23.2223205566, -18.2600479126], [-351.780731201, -23.1654453278, -5.94808912277, -35.6548652649, 61.7761001587, -11.3921089172, 33.8435020447, 61.2399597168, 151.606719971, 34.1817054749, 12.1309261322, -7.1511721611, -0.0187708623707], [-66.9941635132, -68.7673034668, -25.8823986053, -16.2140808105, -19.7953414917, -8.25692176819, 20.9091243744, 4.33297967911, 34.1817054749, 135.348129272, 58.1818580627, 13.8885154724, -19.4996623993], [-331.623626709, -14.5246543884, -65.4430770874, -63.491973877, -51.2354202271, -49.2094154358, 15.0718669891, -14.5638952255, 12.1309261322, 58.1818580627, 152.58706665, 39.761844635, -8.51792430878], [-492.369598389, -75.263710022, 89.9978942871, -114.925865173, -61.313243866, -53.3706321716, -45.0235519409, -23.2223205566, -7.1511721611, 13.8885154724, 39.761844635, 132.292312622, 39.2971191406], [-220.224105835, -84.0237579346, -21.9265632629, -66.1529388428, -20.8601894379, -21.7862968445, -41.7828330994, -18.2600479126, -0.0187708623707, -19.4996623993, -8.51792430878, 39.2971191406, 100.264060974]], "icov": [[7.80704358476e-05, -1.18001453302e-05, 8.33390222397e-05, -0.000121765937365, 6.01946921961e-05, -0.000172656888026, 0.000256412138697, -0.000188596313819, 0.000148913342855, -6.31684088148e-05, 6.72548849252e-05, 9.7928023024e-05, 0.000102062949736], [-1.18001453302e-05, 0.000528151518665, 7.94563893578e-05, -3.1231855246e-05, -0.000416472816141, 0.000241121975705, -0.000178320391569, 7.76747183409e-05, 0.000177816415089, 0.000308939313982, -7.76844390202e-05, -8.77867205418e-05, 0.000406959356042], [8.33390222397e-05, 7.94563893578e-05, 0.000750632723793, -9.318539378e-05, -0.000258222717093, -0.000677333853673, 0.000292588112643, -0.000222485192353, 0.000208571611438, 7.8964883869e-05, 0.000323344749631, -0.000842858164106, 0.000606029934715], [-0.000121765937365, -3.1231855246e-05, -9.318539378e-05, 0.00182137184311, -0.000530375749804, -0.000206484546652, -0.000457516667666, -0.000157239861437, 0.00054436956998, -8.65520341904e-05, 8.56874321471e-05, 0.00059463235084, 0.000270695716608], [6.01946921961e-05, -0.000416472816141, -0.000258222717093, -0.000530375749804, 0.00280220340937, -0.000490967591759, -0.000873176497407, 0.000119221891509, -0.00114321080036, 0.000147089347593, 0.00051811261801, 0.000472201500088, -0.000601710926276], [-0.000172656888026, 0.000241121975705, -0.000677333853673, -0.000206484546652, -0.000490967591759, 0.00473867962137, -0.00135666225106, -0.000322112318827, 0.000610921648331, -0.000225446216064, 0.000477674650028, 0.00102187343873, -0.000561689899769], [0.000256412138697, -0.000178320391569, 0.000292588112643, -0.000457516667666, -0.000873176497407, -0.00135666225106, 0.00634104805067, -0.00134100881405, 0.000128677711473, -0.00062326277839, -0.0010095302714, 0.00117840571329, 0.0014288778184], [-0.000188596313819, 7.76747183409e-05, -0.000222485192353, -0.000157239861437, 0.000119221891509, -0.000322112318827, -0.00134100881405, 0.00765246385708, -0.00354369310662, 0.000701965065673, 0.000386438681744, -0.000393682392314, 0.000611078576185], [0.000148913342855, 0.000177816415089, 0.000208571611438, 0.00054436956998, -0.00114321080036, 0.000610921648331, 0.000128677711473, -0.00354369310662, 0.00961646717042, -0.00238614389673, -7.18645023881e-05, 0.00113309000153, -0.000728447921574], [-6.31684088148e-05, 0.000308939313982, 7.8964883869e-05, -8.65520341904e-05, 0.000147089347593, -0.000225446216064, -0.00062326277839, 0.000701965065673, -0.00238614389673, 0.00999600812793, -0.00322236563079, -0.00111485167872, 0.0020368443802], [6.72548849252e-05, -7.76844390202e-05, 0.000323344749631, 8.56874321471e-05, 0.00051811261801, 0.000477674650028, -0.0010095302714, 0.000386438681744, -7.18645023881e-05, -0.00322236563079, 0.00932044908404, -0.00262506539002, 0.00126510101836], [9.7928023024e-05, -8.77867205418e-05, -0.000842858164106, 0.00059463235084, 0.000472201500088, 0.00102187343873, 0.00117840571329, -0.000393682392314, 0.00113309000153, -0.00111485167872, -0.00262506539002, 0.0121108824387, -0.00409711850807], [0.000102062949736, 0.000406959356042, 0.000606029934715, 0.000270695716608, -0.000601710926276, -0.000561689899769, 0.0014288778184, 0.000611078576185, -0.000728447921574, 0.0020368443802, 0.00126510101836, -0.00409711850807, 0.0134188011289]], "mean": [-57.5036849976, 90.266784668, -107.344848633, 11.1441526413, -55.1184310913, -2.67050695419, -38.1753921509, 4.7392411232, -22.1237373352, -0.00655927043408, -10.4203901291, -1.53299117088, -10.1860647202]}, "hfc": {"dmean": 5.96154499054, "dmean2": 8.32921409607, "dvar": 164.587768555, "dvar2": 318.354705811, "max": 233.296401978, "mean": 17.6285057068, "median": 9.88344955444, "min": 1.07729706726e-16, "var": 490.87890625}, "melbands": {"dmean": [0.000949241861235, 0.00109924108256, 0.000517695501912, 0.000292343611363, 0.000226130650844, 0.000182239207788, 0.000107279789518, 0.000135081412736, 0.00011417154019, 0.000111552588351, 7.44063509046e-05, 7.16123904567e-05, 4.38558781752e-05, 3.07042791974e-05, 2.22253420361e-05, 2.04864791158e-05, 3.34643846145e-05, 2.63389647444e-05, 2.12710365304e-05, 2.23174829443e-05, 1.05213584902e-05, 7.03675186742e-06, 7.46471050661e-06, 6.91939567332e-06, 8.11572863313e-06, 4.92944400321e-06, 2.92781419375e-06, 2.86640738523e-06, 2.11586939258e-06, 1.48233903019e-06, 1.03027821297e-06, 9.23930087993e-07, 1.11406086489e-06, 1.05333276679e-06, 9.20466277421e-07, 8.98293478713e-07, 1.16307205644e-06, 1.12973737032e-06, 8.72011867159e-07, 6.61725437112e-07], "dmean2": [0.0013388422085, 0.00174301897641, 0.000884731474798, 0.000462604948552, 0.00034306049929, 0.000289500225335, 0.000151228377945, 0.000192366031115, 0.000167442252859, 0.000160112511367, 0.000111243265565, 0.000111968540295, 7.17337752576e-05, 4.93505540362e-05, 3.50015980075e-05, 3.25374276144e-05, 5.37341402378e-05, 4.24082427344e-05, 3.42796156474e-05, 3.60018566425e-05, 1.69580162037e-05, 1.09757502287e-05, 1.19359556265e-05, 1.10636474346e-05, 1.29623358589e-05, 7.74591899244e-06, 4.55784993392e-06, 4.46437707069e-06, 3.29940758093e-06, 2.35565812545e-06, 1.61227853823e-06, 1.40269219173e-06, 1.70093471752e-06, 1.58046213983e-06, 1.3542552324e-06, 1.32850277623e-06, 1.75213676812e-06, 1.65351536907e-06, 1.25986673538e-06, 9.4222758662e-07], "dvar": [1.09201473606e-05, 1.68601109181e-05, 2.71786507255e-06, 4.49686780257e-07, 1.86574808936e-07, 1.34570285582e-07, 5.60100090752e-08, 7.74464368192e-08, 9.31308150598e-08, 1.12792243101e-07, 3.79330558076e-08, 5.50460548254e-08, 2.49032723332e-08, 9.21923160035e-09, 4.53916593202e-09, 5.41293321277e-09, 8.40497627053e-09, 4.95192731265e-09, 2.83329382178e-09, 2.83172219007e-09, 1.05854391919e-09, 3.86712550871e-10, 3.79443171328e-10, 3.06825398422e-10, 2.97995600418e-10, 1.34589533962e-10, 3.13865287926e-11, 4.34608633804e-11, 3.46344793123e-11, 2.44751892364e-11, 1.45855029443e-11, 1.72096954743e-11, 2.98936257692e-11, 2.23992508569e-11, 1.17899457558e-11, 1.17221163332e-11, 2.93013217856e-11, 2.96712585057e-11, 1.48749589035e-11, 6.92977316155e-12], "dvar2": [2.0676305212e-05, 4.29038373113e-05, 7.44349699744e-06, 1.12073792025e-06, 4.33184879967e-07, 3.55847504352e-07, 1.16060320465e-07, 1.6028833727e-07, 2.15717889773e-07, 2.32406094369e-07, 8.4086977381e-08, 1.36353676794e-07, 6.94560142733e-08, 2.49674751984e-08, 1.12605711422e-08, 1.46770684495e-08, 2.25481464611e-08, 1.19926149011e-08, 7.7286621547e-09, 7.38013294921e-09, 2.75140887851e-09, 8.85079287638e-10, 9.32027011125e-10, 7.5000944344e-10, 7.4320721799e-10, 3.24641591387e-10, 7.70136454609e-11, 9.86947329418e-11, 8.34824223639e-11, 6.11932865491e-11, 3.32307271977e-11, 3.77228526194e-11, 7.15126291517e-11, 4.94778072679e-11, 2.48147093151e-11, 2.37190145996e-11, 6.17772846767e-11, 6.33615312995e-11, 3.08697373219e-11, 1.37029138036e-11], "max": [0.0407181680202, 0.0538468547165, 0.021072704345, 0.0124613847584, 0.00970099493861, 0.00720812845975, 0.00845207739621, 0.0084068281576, 0.00770781841129, 0.00868422724307, 0.00392198283225, 0.00536212744191, 0.00496581196785, 0.00245895725675, 0.00225592264906, 0.00273590744473, 0.00198009144515, 0.00247980747372, 0.00116999342572, 0.00103368726559, 0.00125656777527, 0.000695149181411, 0.000468654267024, 0.000555971637368, 0.000387617008528, 0.000299111503409, 0.000139258001582, 0.000221455760766, 0.000175874767592, 9.98009854811e-05, 7.57425805205e-05, 8.37987536215e-05, 0.000139983778354, 0.000121470766317, 7.43371929275e-05, 6.90028900863e-05, 0.000107414518425, 0.000115455208288, 0.000108557171188, 6.31126313237e-05], "mean": [0.00110478815623, 0.00141562847421, 0.000748939230107, 0.000594609475229, 0.000453020009445, 0.000335423246725, 0.000211988881347, 0.000265000067884, 0.00020914702327, 0.000207155346288, 0.000136925867992, 0.000113071095257, 7.14843627065e-05, 5.45169568795e-05, 3.87157415389e-05, 3.736150029e-05, 5.66929265915e-05, 4.98624613101e-05, 3.88670741813e-05, 4.00745593652e-05, 1.97860354092e-05, 1.31307569973e-05, 1.38741534101e-05, 1.31727647386e-05, 1.58687344083e-05, 1.09873053589e-05, 6.84628594172e-06, 6.34169873592e-06, 4.17646106143e-06, 2.44966054197e-06, 1.50957168898e-06, 1.24574046367e-06, 1.40745692079e-06, 1.41682824051e-06, 1.33335913688e-06, 1.27574037379e-06, 1.50560640577e-06, 1.38848156439e-06, 1.0979539411e-06, 8.59244607909e-07], "median": [0.000229459401453, 0.000432136119343, 0.00024240478524, 0.00026977941161, 0.000240354042035, 0.000173335283762, 9.82573983492e-05, 8.95319826668e-05, 4.8828060244e-05, 2.71173776127e-05, 2.47356256295e-05, 1.5347792214e-05, 1.50781052071e-05, 1.19886699395e-05, 8.01936039352e-06, 5.44926115253e-06, 7.12187420504e-06, 6.33669606032e-06, 3.83938458981e-06, 6.34311754766e-06, 3.3894086755e-06, 2.38683787757e-06, 2.89908211926e-06, 2.28368026001e-06, 3.81158315577e-06, 2.28823773796e-06, 1.71762872014e-06, 1.47770697367e-06, 7.18598357707e-07, 2.63041386006e-07, 3.64865456959e-07, 2.55545671735e-07, 2.42413847218e-07, 2.58053205471e-07, 2.38970017108e-07, 1.72549050603e-07, 1.47618322899e-07, 1.02495818055e-07, 6.8616408555e-08, 3.92692598439e-08], "min": [2.06942472912e-25, 1.08459430757e-24, 1.14145293643e-24, 1.20860412934e-24, 1.3499335895e-24, 1.59234236124e-24, 1.16430564521e-24, 1.22254478065e-24, 1.64700065982e-24, 2.2544619152e-24, 2.70530755824e-24, 2.25537936044e-24, 2.45492961502e-24, 2.26150249878e-24, 3.21022981354e-24, 3.52090710105e-24, 3.454430187e-24, 3.58216846123e-24, 2.23978634135e-24, 2.12968088329e-24, 3.01227148026e-24, 3.11328373867e-24, 3.47678019417e-24, 2.67346084906e-24, 4.24346188061e-24, 3.84840507244e-24, 3.77534038097e-24, 4.90938236363e-24, 5.06202339891e-24, 5.0939545162e-24, 5.19666736151e-24, 5.3210375941e-24, 5.59941674679e-24, 5.25897830112e-24, 5.44569812751e-24, 5.22061007884e-24, 6.46435303113e-24, 6.24293279124e-24, 5.65153323693e-24, 6.55115928514e-24], "var": [1.4084373106e-05, 1.50533451233e-05, 2.31619856095e-06, 8.08216498172e-07, 4.32068759437e-07, 2.52676414902e-07, 1.48242307318e-07, 2.56423646761e-07, 2.28262791779e-07, 3.40642372976e-07, 1.13166329641e-07, 1.17455982718e-07, 5.95214331156e-08, 2.44921345427e-08, 1.17390417387e-08, 1.47530103689e-08, 2.08426964576e-08, 1.54586441425e-08, 6.58559384803e-09, 6.99704783003e-09, 2.93444601951e-09, 9.07960651109e-10, 9.11797415348e-10, 7.42999772818e-10, 9.08086661422e-10, 5.09352615641e-10, 1.27578822506e-10, 1.33963035109e-10, 9.23985193912e-11, 4.71424739523e-11, 1.89090028357e-11, 2.04370964596e-11, 2.99218670674e-11, 2.58239957196e-11, 1.66953968012e-11, 1.67225001207e-11, 3.53168640166e-11, 3.51542961408e-11, 1.86048294826e-11, 9.69645978094e-12]}, "melbands_crest": {"dmean": 2.85496091843, "dmean2": 4.42035675049, "dvar": 8.28953266144, "dvar2": 18.6652050018, "max": 32.9616661072, "mean": 13.2908477783, "median": 12.4098968506, "min": 1.45840299129, "var": 26.780002594}, "melbands_flatness_db": {"dmean": 0.0238384325057, "dmean2": 0.0330886505544, "dvar": 0.000823538226541, "dvar2": 0.00162060803268, "max": 0.541623353958, "mean": 0.224835023284, "median": 0.210023641586, "min": 0.0030836709775, "var": 0.00770151102915}, "melbands_kurtosis": {"dmean": 7.06159114838, "dmean2": 10.3591766357, "dvar": 211.731384277, "dvar2": 470.065979004, "max": 414.66998291, "mean": 14.856719017, "median": 7.35892820358, "min": -1.86975932121, "var": 540.913513184}, "melbands_skewness": {"dmean": 0.669948637486, "dmean2": 0.958760499954, "dvar": 0.677729070187, "dvar2": 1.40040588379, "max": 18.7596187592, "mean": 2.54685091972, "median": 2.22196626663, "min": -1.1572457552, "var": 3.0959341526}, "melbands_spread": {"dmean": 6.0905995369, "dmean2": 8.99075889587, "dvar": 101.470474243, "dvar2": 204.207977295, "max": 189.777023315, "mean": 22.2926483154, "median": 16.59608078, "min": 0.530654132366, "var": 449.328948975}, "mfcc": {"cov": [[14255.5791016, -625.385864258, -937.565612793, 861.417907715, 392.33026123, 256.851898193, 284.240478516, 220.412475586, 18.9410324097, 730.286071777, -43.7272834778, -341.030822754, -319.089752197], [-625.385864258, 2108.07421875, -54.9619026184, 200.294830322, 207.76739502, 75.5705337524, 96.2818374634, 92.2181930542, 27.21875, -28.7115745544, 32.9512367249, 20.7902202606, 25.9228038788], [-937.565612793, -54.9619026184, 1402.29077148, 29.4879646301, 224.116333008, 156.288787842, 112.600479126, 86.6132278442, 83.5586090088, -148.594268799, 49.3443641663, 51.7941551208, 61.7649917603], [861.417907715, 200.294830322, 29.4879646301, 631.824279785, 205.401138306, 150.599273682, 149.354202271, 103.785446167, 60.1418151855, 76.7796630859, 37.615447998, 52.2459945679, -61.3306159973], [392.33026123, 207.76739502, 224.116333008, 205.401138306, 428.57623291, 167.077453613, 106.366027832, 111.549934387, 130.183013916, 30.0369338989, 11.8918809891, 7.05284881592, -25.5499897003], [256.851898193, 75.5705337524, 156.288787842, 150.599273682, 167.077453613, 307.762878418, 157.949127197, 62.7547836304, 75.9768600464, 41.4408035278, 27.1132946014, 10.4271678925, -43.7851295471], [284.240478516, 96.2818374634, 112.600479126, 149.354202271, 106.366027832, 157.949127197, 252.171447754, 94.3081130981, 36.5245513916, 72.0464477539, 47.6694755554, 2.84969496727, -15.0975446701], [220.412475586, 92.2181930542, 86.6132278442, 103.785446167, 111.549934387, 62.7547836304, 94.3081130981, 181.014434814, 81.5801391602, 54.6616325378, 16.1680259705, -4.50446844101, -9.43325901031], [18.9410324097, 27.21875, 83.5586090088, 60.1418151855, 130.183013916, 75.9768600464, 36.5245513916, 81.5801391602, 203.471054077, 47.1724662781, 3.9509472847, 21.5621128082, -25.9623012543], [730.286071777, -28.7115745544, -148.594268799, 76.7796630859, 30.0369338989, 41.4408035278, 72.0464477539, 54.6616325378, 47.1724662781, 218.60256958, 55.4126014709, -23.0239334106, -20.6195926666], [-43.7272834778, 32.9512367249, 49.3443641663, 37.615447998, 11.8918809891, 27.1132946014, 47.6694755554, 16.1680259705, 3.9509472847, 55.4126014709, 141.403671265, 60.0472450256, 16.5033950806], [-341.030822754, 20.7902202606, 51.7941551208, 52.2459945679, 7.05284881592, 10.4271678925, 2.84969496727, -4.50446844101, 21.5621128082, -23.0239334106, 60.0472450256, 164.720947266, 38.7437133789], [-319.089752197, 25.9228038788, 61.7649917603, -61.3306159973, -25.5499897003, -43.7851295471, -15.0975446701, -9.43325901031, -25.9623012543, -20.6195926666, 16.5033950806, 38.7437133789, 118.195259094]], "icov": [[0.000104282626125, 4.28581406595e-05, 3.89159213228e-05, -0.000106257692096, -0.000101518438896, -8.78267564985e-06, 2.09345926123e-05, -2.66823226411e-05, 0.000142179909744, -0.000296057434753, 9.33316769078e-05, 0.000118284166092, 9.9781609606e-05], [4.28581406595e-05, 0.000552956771571, 0.000148716688273, -0.000152088075993, -0.000294121156912, 3.8934845179e-06, -0.000103786835098, -0.000183929485502, 8.93170654308e-05, 0.000228321761824, -0.000185026583495, 0.000169552105945, -0.000222570393817], [3.89159213228e-05, 0.000148716688273, 0.00105630548205, 2.45444189204e-05, -0.000426022568718, -0.000293158343993, -0.000301343447063, -0.000297087332001, -0.000260685803369, 0.00108509662095, -0.000654254748952, 0.0003241377417, -0.000612565898336], [-0.000106257692096, -0.000152088075993, 2.45444189204e-05, 0.00249258079566, -0.00071380607551, -0.000158756171004, -0.000671987247188, -0.000530811143108, 0.000489745929372, -0.000254417042015, 0.000266620510956, -0.00143639068119, 0.00118254090194], [-0.000101518438896, -0.000294121156912, -0.000426022568718, -0.00071380607551, 0.00422190828249, -0.00121940625831, 0.000206491895369, -0.000752993975766, -0.00173592660576, 0.000410679815104, 2.22162434511e-05, 0.000426082202466, -0.000382561818697], [-8.78267564985e-06, 3.8934845179e-06, -0.000293158343993, -0.000158756171004, -0.00121940625831, 0.00603598635644, -0.00319991051219, 0.00104260898661, -0.000899291830137, -7.06236414771e-06, 5.74537261855e-05, -0.00040737510426, 0.00161989300977], [2.09345926123e-05, -0.000103786835098, -0.000301343447063, -0.000671987247188, 0.000206491895369, -0.00319991051219, 0.00777898915112, -0.00258414051495, 0.00127210794017, -0.00138764735311, -0.00106166407932, 0.000482328789076, -0.000437820795923], [-2.66823226411e-05, -0.000183929485502, -0.000297087332001, -0.000530811143108, -0.000752993975766, 0.00104260898661, -0.00258414051495, 0.00900701060891, -0.00271088583395, -0.000857923121657, 0.000117270144983, 0.000812685873825, -0.000567544659134], [0.000142179909744, 8.93170654308e-05, -0.000260685803369, 0.000489745929372, -0.00173592660576, -0.000899291830137, 0.00127210794017, -0.00271088583395, 0.00813805125654, -0.0023539988324, 0.00157990655862, -0.00216229632497, 0.00185744173359], [-0.000296057434753, 0.000228321761824, 0.00108509662095, -0.000254417042015, 0.000410679815104, -7.06236414771e-06, -0.00138764735311, -0.000857923121657, -0.0023539988324, 0.00877175386995, -0.00418977905065, 0.00234967656434, -0.000879954721313], [9.33316769078e-05, -0.000185026583495, -0.000654254748952, 0.000266620510956, 2.22162434511e-05, 5.74537261855e-05, -0.00106166407932, 0.000117270144983, 0.00157990655862, -0.00418977905065, 0.0111367236823, -0.0045504947193, 0.000225359108299], [0.000118284166092, 0.000169552105945, 0.0003241377417, -0.00143639068119, 0.000426082202466, -0.00040737510426, 0.000482328789076, 0.000812685873825, -0.00216229632497, 0.00234967656434, -0.0045504947193, 0.00968522112817, -0.00316934078], [9.9781609606e-05, -0.000222570393817, -0.000612565898336, 0.00118254090194, -0.000382561818697, 0.00161989300977, -0.000437820795923, -0.000567544659134, 0.00185744173359, -0.000879954721313, 0.000225359108299, -0.00316934078, 0.0113905668259]], "mean": [-703.13079834, 132.42048645, 0.575302839279, 15.3772640228, 0.666865468025, -6.83839225769, -5.06793069839, -1.44189786911, -8.10857963562, 2.99650645256, -5.01139879227, -2.51464915276, 0.58416390419]}, "pitch_salience": {"dmean": 0.0649093836546, "dmean2": 0.0992238223553, "dvar": 0.0040322993882, "dvar2": 0.00894176401198, "max": 0.890006780624, "mean": 0.557028055191, "median": 0.56112909317, "min": 0.0995733365417, "var": 0.01215780247}, "silence_rate_20dB": {"dmean": 0, "dmean2": 0, "dvar": 0, "dvar2": 0, "max": 1, "mean": 1, "median": 1, "min": 1, "var": 0}, "silence_rate_30dB": {"dmean": 0.0239948704839, "dmean2": 0.0479941368103, "dvar": 0.0234197974205, "dvar2": 0.0541157200933, "max": 1, "mean": 0.978663027287, "median": 1, "min": 0, "var": 0.0208825618029}, "silence_rate_60dB": {"dmean": 0.0289403796196, "dmean2": 0.0578860603273, "dvar": 0.0280975271016, "dvar2": 0.0609517358243, "max": 1, "mean": 0.173534795642, "median": 0, "min": 0, "var": 0.143435060978}, "spectral_centroid": {"dmean": 203.996398926, "dmean2": 306.406677246, "dvar": 84124.8359375, "dvar2": 174267.53125, "max": 11790.2226562, "mean": 1267.58422852, "median": 1096.46313477, "min": 163.863815308, "var": 1242040.875}, "spectral_complexity": {"dmean": 2.28940367699, "dmean2": 3.51163220406, "dvar": 8.48998355865, "dvar2": 18.2331104279, "max": 53, "mean": 14.3934984207, "median": 13, "min": 0, "var": 91.9960632324}, "spectral_contrast_coeffs": {"dmean": [0.0442242212594, 0.041726924479, 0.035489551723, 0.0309525020421, 0.0235331077129, 0.018087528646], "dmean2": [0.0690657421947, 0.06689568609, 0.0564498901367, 0.0490319244564, 0.0361635535955, 0.026962602511], "dvar": [0.00161398341879, 0.001281745499, 0.00087392720161, 0.00071468797978, 0.000466053897981, 0.000373117421987], "dvar2": [0.00365010066889, 0.0032868986018, 0.00213522976264, 0.00166032335255, 0.000989954103716, 0.000755716930144], "max": [-0.237138777971, -0.391570061445, -0.446341753006, -0.526550710201, -0.538770377636, -0.578662276268], "mean": [-0.631912231445, -0.704857707024, -0.74085265398, -0.739449799061, -0.746191978455, -0.786137223244], "median": [-0.638967633247, -0.70602452755, -0.750417709351, -0.745161890984, -0.7462220788, -0.789014101028], "min": [-0.980635106564, -0.981652319431, -0.978662192822, -0.972209215164, -0.968262016773, -0.964559018612], "var": [0.0101082688197, 0.00621207011864, 0.00560240726918, 0.00500539690256, 0.00401089666411, 0.00305219134316]}, "spectral_contrast_valleys": {"dmean": [0.406163662672, 0.320397943258, 0.287570625544, 0.288204044104, 0.289166927338, 0.359012573957], "dmean2": [0.617683112621, 0.507875204086, 0.458146393299, 0.441946417093, 0.414239257574, 0.438424855471], "dvar": [0.205624133348, 0.0977006331086, 0.0822587236762, 0.105369344354, 0.151295885444, 0.26723536849], "dvar2": [0.351280421019, 0.207139730453, 0.169528216124, 0.212457150221, 0.290289819241, 0.428485631943], "max": [-4.86366653442, -4.66421556473, -5.27126598358, -5.77590465546, -5.70107984543, -7.2670044899], "mean": [-8.14942741394, -7.22742462158, -8.05700683594, -8.74977493286, -8.8277721405, -11.1103305817], "median": [-7.41943979263, -6.93053197861, -7.76627349854, -8.39500617981, -8.48787498474, -10.9185695648], "min": [-28.1688652039, -28.1725349426, -27.8063411713, -27.8907184601, -27.6162815094, -27.441318512], "var": [5.81890583038, 4.47135686874, 4.24226474762, 4.4740896225, 4.71399879456, 4.19407463074]}, "spectral_decrease": {"dmean": 2.08519446154e-09, "dmean2": 2.85980794601e-09, "dvar": 2.08728075706e-17, "dvar2": 3.96777926501e-17, "max": 2.70903605104e-10, "mean": -5.3554685131e-09, "median": -3.38918937359e-09, "min": -6.00235381398e-08, "var": 4.56829220651e-17}, "spectral_energy": {"dmean": 0.00827969331294, "dmean2": 0.0112932166085, "dvar": 0.000312798540108, "dvar2": 0.000588620896451, "max": 0.235324606299, "mean": 0.0218117497861, "median": 0.0139507986605, "min": 9.99160428411e-21, "var": 0.000719010306057}, "spectral_energyband_high": {"dmean": 0.000384156621294, "dmean2": 0.000542557681911, "dvar": 1.59368914865e-06, "dvar2": 3.09999677484e-06, "max": 0.0224444810301, "mean": 0.000658112112433, "median": 0.000174048822373, "min": 7.02956340682e-21, "var": 2.47356820182e-06}, "spectral_energyband_low": {"dmean": 0.00497779343277, "dmean2": 0.00690185651183, "dvar": 0.000257442035945, "dvar2": 0.000516792410053, "max": 0.205889612436, "mean": 0.00748441228643, "median": 0.00207032286562, "min": 1.04887080065e-23, "var": 0.000361102662282}, "spectral_energyband_middle_high": {"dmean": 0.00140671338886, "dmean2": 0.00217626127414, "dvar": 7.12273731551e-06, "dvar2": 1.80103470484e-05, "max": 0.061972361058, "mean": 0.00465562101454, "median": 0.00165509665385, "min": 1.0779484124e-21, "var": 4.7425943194e-05}, "spectral_energyband_middle_low": {"dmean": 0.00365178473294, "dmean2": 0.00551158189774, "dvar": 4.48474747827e-05, "dvar2": 0.000105353690742, "max": 0.113683894277, "mean": 0.00993604864925, "median": 0.00679156696424, "min": 1.40929104572e-22, "var": 0.000113820540719}, "spectral_entropy": {"dmean": 0.183614984155, "dmean2": 0.25061917305, "dvar": 0.0566263496876, "dvar2": 0.106278464198, "max": 9.82050418854, "mean": 7.15947151184, "median": 7.20820903778, "min": 4.79051494598, "var": 0.451666384935}, "spectral_flux": {"dmean": 0.0220258738846, "dmean2": 0.0325812362134, "dvar": 0.00117217295337, "dvar2": 0.0021558557637, "max": 0.432309269905, "mean": 0.0650693699718, "median": 0.0500269606709, "min": 6.3168824338e-11, "var": 0.0034758511465}, "spectral_kurtosis": {"dmean": 2.50351285934, "dmean2": 3.98291707039, "dvar": 14.8142900467, "dvar2": 35.1284828186, "max": 101.895812988, "mean": 8.43305683136, "median": 5.62665653229, "min": -1.30578684807, "var": 96.2097320557}, "spectral_rms": {"dmean": 0.000698798336089, "dmean2": 0.000916840624996, "dvar": 1.18716059205e-06, "dvar2": 2.00881368073e-06, "max": 0.0151520622894, "mean": 0.00394759420305, "median": 0.00368924578652, "min": 3.12216376884e-12, "var": 5.6962949202e-06}, "spectral_rolloff": {"dmean": 591.774963379, "dmean2": 974.327087402, "dvar": 2519972.5, "dvar2": 5384580, "max": 21447.0703125, "mean": 1897.09765625, "median": 1012.06054688, "min": 64.599609375, "var": 8921966}, "spectral_skewness": {"dmean": 0.285413950682, "dmean2": 0.430781066418, "dvar": 0.129416510463, "dvar2": 0.266529083252, "max": 8.5176153183, "mean": 2.01537775993, "median": 1.77657306194, "min": -0.0822955742478, "var": 1.09816932678}, "spectral_spread": {"dmean": 722611.375, "dmean2": 965552.9375, "dvar": 1600222396420.0, "dvar2": 2866601787390.0, "max": 504