{"lowlevel": {"average_loudness": 0.83382755518, "barkbands": {"dmean": [1.60132822202e-05, 0.00275458954275, 0.00104007637128, 0.000887331319973, 0.00122036412358, 0.000621000130195, 0.000574141100515, 0.000641863967758, 0.000928995665163, 0.000817327992991, 0.000457674032077, 0.000332804454956, 0.000343724299455, 0.000326212204527, 0.000362657738151, 0.000356603122782, 0.000258151558228, 0.000231757192523, 0.000115136026579, 9.38603989198e-05, 7.37997324904e-05, 4.87394681841e-05, 3.42343555531e-05, 4.60269475298e-05, 6.74801776768e-05, 0.000149544895976, 0.000457669229945], "dmean2": [2.39818582486e-05, 0.00438105082139, 0.00167765072547, 0.00146945007145, 0.00200908747502, 0.000865421548951, 0.000829207361676, 0.000937620643526, 0.0013890870614, 0.00123629521113, 0.000701893644873, 0.000522204325534, 0.000545207294635, 0.000502444978338, 0.000561015913263, 0.000547730945982, 0.000402044854127, 0.000360499951057, 0.000182562580449, 0.000147291910253, 0.000115887705761, 7.38381204428e-05, 5.12313708896e-05, 6.8061381171e-05, 9.44659623201e-05, 0.000216396423639, 0.000688921660185], "dvar": [1.39674793953e-09, 5.18862034369e-05, 3.05755293084e-06, 2.70195801022e-06, 8.43815178087e-06, 2.66218034994e-06, 2.50479797614e-06, 2.31153717323e-06, 7.57850466471e-06, 4.42516511612e-06, 2.10932512346e-06, 1.12001839625e-06, 1.32053605739e-06, 1.6765214923e-06, 2.19527760237e-06, 1.26498582631e-06, 6.82996812884e-07, 4.2371985387e-07, 7.38785246313e-08, 3.16745527584e-08, 3.18578372571e-08, 1.24683312563e-08, 6.99399693715e-09, 1.0807325701e-08, 1.43699683264e-08, 1.03691597531e-07, 1.30860485115e-06], "dvar2": [3.07605851901e-09, 0.000125213846331, 7.82892584539e-06, 7.26287498765e-06, 2.22615344683e-05, 4.67014615424e-06, 5.12679889653e-06, 4.7708067541e-06, 1.84867312782e-05, 1.02423173303e-05, 4.63400510853e-06, 2.75251454696e-06, 3.33673801833e-06, 3.8662856241e-06, 4.59796137875e-06, 2.77539948002e-06, 1.46374998167e-06, 9.48093202169e-07, 1.7426151544e-07, 7.69684760371e-08, 8.00045967253e-08, 2.71574265298e-08, 1.37944260459e-08, 2.33944490446e-08, 3.02476159675e-08, 2.29765063864e-07, 2.88523165182e-06], "max": [0.000587704766076, 0.0773660391569, 0.0348235592246, 0.031700193882, 0.0440910346806, 0.0557762794197, 0.0606174394488, 0.0533875226974, 0.090162910521, 0.0665507018566, 0.0411016382277, 0.0435586571693, 0.036680329591, 0.0421687029302, 0.0624430775642, 0.0291706211865, 0.0306061059237, 0.0195082705468, 0.00813756324351, 0.00485685328022, 0.00483042281121, 0.00370959984139, 0.00447570625693, 0.00418297247961, 0.0017297497252, 0.00452146725729, 0.0102843344212], "mean": [1.80683455255e-05, 0.00387394474819, 0.00250809267163, 0.00171885138843, 0.00207231077366, 0.00159112096298, 0.00124745257199, 0.00139096647035, 0.00217320164666, 0.00166652491316, 0.000826950301416, 0.000566207629163, 0.000621825573035, 0.000519284571055, 0.000572383403778, 0.00058409239864, 0.000465623423224, 0.000441570999101, 0.000235467872699, 0.000211071863305, 0.000145010882989, 8.85805784492e-05, 5.94616103626e-05, 7.8966600995e-05, 0.000110645967652, 0.000219224049943, 0.000582470092922], "median": [1.32111335915e-06, 0.00116470805369, 0.00129689474124, 0.000789422309026, 0.00109654432163, 0.000494471169077, 0.00038371377741, 0.000415182963479, 0.000401897006668, 0.000329383066855, 0.000149372761371, 0.000132907618536, 0.000108004678623, 0.00011272924894, 0.000103770900751, 0.000101575991721, 6.96054339642e-05, 8.90899682418e-05, 7.15928908903e-05, 8.19890701678e-05, 6.07740221312e-05, 3.53933937731e-05, 2.26726333494e-05, 2.526924618e-05, 2.69222000497e-05, 1.61813877639e-05, 9.75145485427e-06], "min": [8.29584961985e-25, 1.96053036977e-24, 1.55415971849e-24, 1.98824127843e-24, 1.12169828164e-23, 7.04299197144e-24, 1.14267630192e-23, 9.0620199272e-24, 1.1304562943e-23, 2.34971955164e-23, 3.08435747145e-23, 2.84160761597e-23, 2.53399446142e-23, 4.86630874382e-23, 6.16005703669e-23, 3.928868727e-23, 1.10873794384e-22, 1.00254609572e-22, 1.21205978976e-22, 2.25773909584e-22, 2.34135582744e-22, 3.05904481827e-22, 5.17993989733e-22, 6.81324951721e-22, 8.84532138271e-22, 1.32906830928e-21, 2.09824560768e-21], "var": [1.70110370235e-09, 5.74414698349e-05, 9.64295213635e-06, 6.13314978182e-06, 1.04233904494e-05, 1.25173110064e-05, 8.36828712636e-06, 8.57504710439e-06, 2.85806927423e-05, 1.42320677696e-05, 5.08540642841e-06, 2.36550090449e-06, 3.46616138813e-06, 2.89830450129e-06, 4.63434253106e-06, 2.50588027484e-06, 2.0250072339e-06, 1.29773229673e-06, 2.28783221701e-07, 1.17155813939e-07, 5.74359653172e-08, 2.96601054828e-08, 1.94021989586e-08, 2.86581158804e-08, 3.3094757157e-08, 2.06922379675e-07, 2.15465820474e-06]}, "barkbands_crest": {"dmean": 2.3338201046, "dmean2": 3.75359630585, "dvar": 5.82136011124, "dvar2": 14.4985895157, "max": 24.7944660187, "mean": 10.0804128647, "median": 9.2256603241, "min": 2.1984333992, "var": 17.0250053406}, "barkbands_flatness_db": {"dmean": 0.022661998868, "dmean2": 0.033275179565, "dvar": 0.000527777243406, "dvar2": 0.00116473203525, "max": 0.391282916069, "mean": 0.139806672931, "median": 0.125696331263, "min": 0.00917370524257, "var": 0.00403605680913}, "barkbands_kurtosis": {"dmean": 2.60530924797, "dmean2": 4.07534980774, "dvar": 21.5822410583, "dvar2": 51.3339195251, "max": 103.885902405, "mean": 4.38568067551, "median": 1.77024459839, "min": -1.9408634901, "var": 66.2531051636}, "barkbands_skewness": {"dmean": 0.495056092739, "dmean2": 0.752605080605, "dvar": 0.295031189919, "dvar2": 0.681538462639, "max": 8.76473522186, "mean": 1.46557831764, "median": 1.28765881062, "min": -2.13432192802, "var": 1.49728679657}, "barkbands_spread": {"dmean": 8.69455432892, "dmean2": 12.7830324173, "dvar": 165.297943115, "dvar2": 331.370910645, "max": 136.946807861, "mean": 27.0175285339, "median": 20.5034980774, "min": 0.67439520359, "var": 507.220214844}, "dissonance": {"dmean": 0.020010612905, "dmean2": 0.0328574441373, "dvar": 0.000392652640585, "dvar2": 0.00101923977491, "max": 0.500000119209, "mean": 0.448781371117, "median": 0.457540690899, "min": 0.166611894965, "var": 0.00133284844924}, "dynamic_complexity": 4.72695064545, "erbbands": {"dmean": [0.0570522248745, 0.695413887501, 1.29629170895, 1.71797370911, 5.30258846283, 2.77159571648, 3.44048452377, 5.81424331665, 7.97670936584, 10.4472446442, 13.4128398895, 24.555978775, 16.3921337128, 26.3027896881, 17.2485580444, 12.9293880463, 16.9590339661, 14.006020546, 18.2739028931, 15.6155586243, 17.6657848358, 12.4975948334, 11.4407501221, 8.39735031128, 4.12311077118, 4.73679685593, 3.43807053566, 2.41740274429, 1.81356990337, 1.15312123299, 0.982417464256, 0.916590511799, 0.808657586575, 0.631455779076, 0.58398270607, 0.46686193347, 0.303025007248, 0.208699896932, 0.104715846479, 0.00390655221418], "dmean2": [0.0883118286729, 1.1201672554, 2.10263323784, 2.81250762939, 8.93756008148, 4.47851228714, 5.03067445755, 7.998442173, 11.3630952835, 15.2484731674, 19.5318698883, 36.6517829895, 24.4986801147, 39.6687736511, 26.323595047, 20.0247516632, 26.8194236755, 21.5264167786, 27.7307720184, 24.2694396973, 26.9710044861, 18.877948761, 17.5787620544, 12.8023481369, 6.50280332565, 7.43338823318, 5.35623121262, 3.77402997017, 2.74877619743, 1.75447809696, 1.46147334576, 1.36345160007, 1.2068400383, 0.913815617561, 0.824943184853, 0.679131865501, 0.449380785227, 0.310782283545, 0.158926457167, 0.00591449532658], "dvar": [0.0273969620466, 3.10279679298, 4.62868356705, 7.70353984833, 181.530059814, 35.2726707458, 60.1735801697, 320.80847168, 541.220336914, 664.525390625, 1027.8470459, 6051.71044922, 2143.82617188, 5176.72802734, 2414.95678711, 1728.77954102, 3184.19482422, 2601.10888672, 4529.54785156, 2656.02832031, 3115.00952148, 1384.81433105, 1038.79602051, 440.349487305, 69.4346008301, 83.2079772949, 65.6193466187, 30.7156162262, 17.4729976654, 6.76145935059, 5.80870437622, 4.73663425446, 3.29763770103, 1.42676591873, 1.11595213413, 0.86722445488, 0.467896252871, 0.232625603676, 0.0694923251867, 0.000104745333374], "dvar2": [0.0612015426159, 7.69193935394, 12.0807600021, 20.8851089478, 485.279846191, 88.7686462402, 125.443321228, 564.268371582, 1057.2175293, 1478.3026123, 2177.48510742, 15099.1503906, 4854.01269531, 11588.5683594, 5368.35595703, 4036.88745117, 8043.80078125, 6026.97216797, 8969.17089844, 6265.61914062, 7056.53955078, 2899.90014648, 2386.97583008, 951.04309082, 169.189682007, 203.300872803, 160.64805603, 76.8744125366, 38.9816322327, 13.7974624634, 11.6645326614, 9.95744895935, 7.57402420044, 3.15302491188, 2.35252451897, 1.92919003963, 1.08975315094, 0.511477470398, 0.154948741198, 0.000234800114413], "max": [1.78445529938, 18.9021263123, 42.308177948, 50.8159103394, 201.520690918, 170.412643433, 228.461425781, 666.047912598, 979.240661621, 846.723815918, 1512.09680176, 2558.97680664, 1763.14697266, 2626.3918457, 1315.44848633, 2076.37939453, 1937.57946777, 1850.04528809, 3949.87011719, 1971.0793457, 1669.03930664, 1098.40539551, 1102.32568359, 616.08001709, 304.157531738, 269.85043335, 214.415664673, 165.566055298, 159.41796875, 147.409881592, 96.5883789062, 100.666648865, 60.4093208313, 25.8798885345, 12.926692009, 15.0372571945, 11.0987672806, 5.758289814, 2.52056074142, 0.118026390672], "mean": [0.0654609054327, 1.03488755226, 3.07186770439, 4.08018159866, 7.51162576675, 5.58887624741, 9.12506198883, 14.4070110321, 18.1296539307, 22.7362785339, 31.9834194183, 57.8072662354, 37.1070518494, 55.0932693481, 34.3365936279, 24.707233429, 31.6492519379, 24.5216808319, 30.166841507, 30.5764293671, 30.6257381439, 25.1763629913, 23.3662185669, 18.1436901093, 9.59824180603, 10.5761632919, 7.08803367615, 4.8214840889, 3.28235006332, 2.03303194046, 1.68513965607, 1.56680059433, 1.34949243069, 1.06047666073, 0.913644433022, 0.694669961929, 0.430715948343, 0.2884375453, 0.13095548749, 0.0046178586781], "median": [0.0159348621964, 0.377715289593, 1.74076390266, 2.66125679016, 3.46058630943, 3.0892560482, 3.28000211716, 4.33450984955, 5.23388957977, 7.51904773712, 12.053571701, 11.2630310059, 10.6458129883, 12.3838243484, 9.42414093018, 6.86791658401, 6.67184352875, 6.93988513947, 7.86087608337, 5.87471008301, 5.96617126465, 4.31189918518, 5.24406337738, 4.6934671402, 3.74453258514, 4.00034570694, 3.01082253456, 2.11596369743, 1.33875048161, 0.803667843342, 0.641924262047, 0.55743598938, 0.406081199646, 0.29994609952, 0.177660539746, 0.0765691548586, 0.0276344623417, 0.0095105022192, 0.0020529513713, 9.99182884698e-05], "min": [1.15381547544e-22, 2.97041345567e-22, 2.09601771302e-21, 5.2034507291e-21, 1.41838792209e-20, 5.9689281916e-20, 5.97490004788e-20, 5.60264744648e-20, 1.74008712186e-19, 2.20021202446e-19, 4.02975226723e-19, 3.49122563521e-19, 8.49692643116e-19, 1.0245377383e-18, 1.019183088e-18, 1.30739938659e-18, 1.93242936175e-18, 2.93265636524e-18, 2.64851341418e-18, 3.52121770495e-18, 3.37346463599e-18, 5.57849240258e-18, 4.92217504453e-18, 5.757585277e-18, 6.94213810627e-18, 9.42027278699e-18, 9.775225914e-18, 1.01977439806e-17, 1.04328411184e-17, 1.27179747099e-17, 1.43174343034e-17, 1.20936121661e-17, 1.10309762465e-17, 7.50351498233e-18, 6.05027858726e-18, 4.00420598308e-18, 2.3851283538e-18, 1.0878494186e-18, 2.82647279267e-19, 2.85369168772e-20], "var": [0.0292543601245, 3.47288823128, 12.9798269272, 20.6620006561, 173.441940308, 70.830329895, 301.646057129, 1387.93774414, 1912.58312988, 2079.98291016, 4002.31860352, 21841.5664062, 6662.73339844, 17865.0664062, 6376.82666016, 4207.09912109, 8218.79101562, 4699.76464844, 9457.21777344, 8555.40136719, 6542.74023438, 4940.78173828, 3182.86376953, 1686.04870605, 232.599502563, 317.440765381, 133.951416016, 59.8801307678, 37.2326469421, 18.3005485535, 15.428024292, 13.2516336441, 7.41681003571, 3.23576283455, 2.42783141136, 1.79606497288, 0.872353792191, 0.443593621254, 0.111496180296, 0.000149818646605]}, "erbbands_crest": {"dmean": 2.6335773468, "dmean2": 4.09582901001, "dvar": 6.78175354004, "dvar2": 16.2356929779, "max": 32.3241577148, "mean": 10.5268630981, "median": 9.45208740234, "min": 2.18907356262, "var": 24.1674118042}, "erbbands_flatness_db": {"dmean": 0.0227141659707, "dmean2": 0.0308497324586, "dvar": 0.000528982141986, "dvar2": 0.000972521025687, "max": 0.449143737555, "mean": 0.149119615555, "median": 0.146097064018, "min": 0.023289564997, "var": 0.00351335061714}, "erbbands_kurtosis": {"dmean": 1.10967111588, "dmean2": 1.70245969296, "dvar": 2.6462059021, "dvar2": 6.05310821533, "max": 41.6991729736, "mean": 1.29643511772, "median": 0.386860251427, "min": -1.76573050022, "var": 9.20757865906}, "erbbands_skewness": {"dmean": 0.347949624062, "dmean2": 0.524715363979, "dvar": 0.117343790829, "dvar2": 0.260193824768, "max": 4.5546875, "mean": 0.532746195793, "median": 0.551416277885, "min": -3.78471946716, "var": 0.767053604126}, "erbbands_spread": {"dmean": 7.98182916641, "dmean2": 11.750415802, "dvar": 98.6539764404, "dvar2": 206.772750854, "max": 168.432937622, "mean": 35.742351532, "median": 30.525390625, "min": 1.74952292442, "var": 440.066680908}, "gfcc": {"cov": [[22133.4414062, -3498.11328125, -250.819885254, -255.466964722, 21.1403942108, 278.124908447, 404.792785645, 850.843505859, 46.3675842285, 190.715881348, -208.224853516, 138.971481323, -3.7833981514], [-3498.11328125, 2698.15966797, -746.805175781, 182.4009552, -116.686630249, -132.553100586, -109.674201965, -195.042129517, 25.4526634216, -83.2804107666, 101.073921204, -74.9045562744, 70.6451797485], [-250.819885254, -746.805175781, 1268.8494873, -166.726165771, 90.0663833618, 72.0079269409, 60.6367912292, -30.838060379, 32.8010482788, 72.8812026978, 46.801486969, 60.2313117981, -11.32305336], [-255.466964722, 182.4009552, -166.726165771, 543.304016113, -82.2329406738, 46.0891342163, -53.7223205566, 37.8251647949, -25.9258651733, -11.9429044724, -33.1326522827, -24.1466674805, 5.55828428268], [21.1403942108, -116.686630249, 90.0663833618, -82.2329406738, 370.354736328, 23.9063358307, 37.8185386658, 15.3016757965, 50.5886917114, 5.66248416901, 0.486936241388, 14.0442962646, -9.12864398956], [278.124908447, -132.553100586, 72.0079269409, 46.0891342163, 23.9063358307, 223.572021484, 48.8624916077, 38.1764526367, -21.767950058, 27.1162452698, 2.42992162704, 4.79899978638, -3.13918113708], [404.792785645, -109.674201965, 60.6367912292, -53.7223205566, 37.8185386658, 48.8624916077, 228.548446655, 73.7626190186, 16.0942611694, 15.2551422119, 3.53746032715, -2.97328186035, 7.64944076538], [850.843505859, -195.042129517, -30.838060379, 37.8251647949, 15.3016757965, 38.1764526367, 73.7626190186, 224.993362427, 62.7431373596, 30.5138912201, -26.940071106, 17.9824924469, 3.42302536964], [46.3675842285, 25.4526634216, 32.8010482788, -25.9258651733, 50.5886917114, -21.767950058, 16.0942611694, 62.7431373596, 136.312805176, 37.9939498901, 9.47910690308, 4.08694505692, 7.2247209549], [190.715881348, -83.2804107666, 72.8812026978, -11.9429044724, 5.66248416901, 27.1162452698, 15.2551422119, 30.5138912201, 37.9939498901, 111.517044067, 34.3546409607, 17.9612045288, -6.7771487236], [-208.224853516, 101.073921204, 46.801486969, -33.1326522827, 0.486936241388, 2.42992162704, 3.53746032715, -26.940071106, 9.47910690308, 34.3546409607, 119.430740356, 44.8900413513, 9.26821041107], [138.971481323, -74.9045562744, 60.2313117981, -24.1466674805, 14.0442962646, 4.79899978638, -2.97328186035, 17.9824924469, 4.08694505692, 17.9612045288, 44.8900413513, 93.9778594971, 25.8846035004], [-3.7833981514, 70.6451797485, -11.32305336, 5.55828428268, -9.12864398956, -3.13918113708, 7.64944076538, 3.42302536964, 7.2247209549, -6.7771487236, 9.26821041107, 25.8846035004, 86.4630737305]], "icov": [[6.86106577632e-05, 9.16320568649e-05, 7.17662405805e-05, 3.77792130166e-05, 2.259271605e-05, -2.00746799237e-05, -3.207093323e-05, -0.00016217159282, 3.44675609085e-05, -5.57370003662e-05, 1.39162239066e-05, -1.88170197362e-05, -5.70897464058e-05], [9.16320568649e-05, 0.00070994195994, 0.000413919362472, -0.00011501445988, 0.000106277962914, 5.31294899702e-05, -3.47375716956e-05, 0.000305437133648, -0.000462204858195, 0.00026883216924, -0.000769014935941, 0.00053931371076, -0.000529651937541], [7.17662405805e-05, 0.000413919362472, 0.00116439326666, 0.000150611362187, -1.53747278091e-05, -0.000285804359009, -0.000256153813098, 0.000536776438821, -0.000495880551171, -0.000301508873235, -0.000235141604207, -0.000372927897843, -4.8186913773e-05], [3.77792130166e-05, -0.00011501445988, 0.000150611362187, 0.00223900587298, 0.000342190411175, -0.00062692607753, 0.000692771049216, -0.000840770662762, 0.000478003727039, -9.83647914836e-05, 0.000396449962864, 0.000370852852939, -0.000244392984314], [2.259271605e-05, 0.000106277962914, -1.53747278091e-05, 0.000342190411175, 0.00311328656971, -0.000543452217244, -0.000396686489694, 0.000396920775529, -0.00153000082355, 0.000578540901188, 0.00033915345557, -0.000742021307815, 0.000577466038521], [-2.00746799237e-05, 5.31294899702e-05, -0.000285804359009, -0.00062692607753, -0.000543452217244, 0.00548677751794, -0.00084994349163, -0.000837795145344, 0.00191764452029, -0.00140064570587, -0.000302589323837, 0.000398178497562, -0.000148011225974], [-3.207093323e-05, -3.47375716956e-05, -0.000256153813098, 0.000692771049216, -0.000396686489694, -0.00084994349163, 0.0056156818755, -0.00216059037484, 0.0006013228558, 8.58268103912e-05, -0.00103346444666, 0.00178264302667, -0.00100153894164], [-0.00016217159282, 0.000305437133648, 0.000536776438821, -0.000840770662762, 0.000396920775529, -0.000837795145344, -0.00216059037484, 0.00803360901773, -0.00397500069812, -0.000552162295207, 0.00235299556516, -0.00270974868909, 0.000600143917836], [3.44675609085e-05, -0.000462204858195, -0.000495880551171, 0.000478003727039, -0.00153000082355, 0.00191764452029, 0.0006013228558, -0.00397500069812, 0.0112727917731, -0.00342611526139, -0.000641114602331, 0.00178242358379, -0.00137962342706], [-5.57370003662e-05, 0.00026883216924, -0.000301508873235, -9.83647914836e-05, 0.000578540901188, -0.00140064570587, 8.58268103912e-05, -0.000552162295207, -0.00342611526139, 0.012322655879, -0.00359420082532, -0.000347286375472, 0.00151063909288], [1.39162239066e-05, -0.000769014935941, -0.000235141604207, 0.000396449962864, 0.00033915345557, -0.000302589323837, -0.00103346444666, 0.00235299556516, -0.000641114602331, -0.00359420082532, 0.0134021677077, -0.00685704126954, 0.000983796431683], [-1.88170197362e-05, 0.00053931371076, -0.000372927897843, 0.000370852852939, -0.000742021307815, 0.000398178497562, 0.00178264302667, -0.00270974868909, 0.00178242358379, -0.000347286375472, -0.00685704126954, 0.01676395908, -0.00508825900033], [-5.70897464058e-05, -0.000529651937541, -4.8186913773e-05, -0.000244392984314, 0.000577466038521, -0.000148011225974, -0.00100153894164, 0.000600143917836, -0.00137962342706, 0.00151063909288, 0.000983796431683, -0.00508825900033, 0.0137772420421]], "mean": [-22.1630535126, 80.3483123779, -94.6878433228, 9.00000572205, -42.2724571228, 1.12795948982, -27.0880832672, 4.55052185059, -23.9451198578, -1.27391803265, -20.0318851471, -5.99316167831, -13.5226631165]}, "hfc": {"dmean": 13.3866300583, "dmean2": 19.330783844, "dvar": 616.283996582, "dvar2": 1326.4642334, "max": 252.701324463, "mean": 32.2284088135, "median": 18.8638038635, "min": 1.12069182246e-16, "var": 1490.9876709}, "melbands": {"dmean": [0.000666596926749, 0.000758572132327, 0.000413882371504, 0.000299304374494, 0.000112356632599, 0.000125581020257, 0.000121799057524, 0.000120993463497, 0.000120538941701, 0.000147967293742, 8.35570172057e-05, 0.000112473389891, 6.45885738777e-05, 3.66249551007e-05, 4.08986379625e-05, 3.01972213492e-05, 2.88713381451e-05, 3.08852868329e-05, 2.61211571342e-05, 2.33716309594e-05, 2.18743480218e-05, 1.50831438077e-05, 1.45638350659e-05, 1.0395911886e-05, 7.50273920858e-06, 3.68862265532e-06, 3.24958591591e-06, 3.3660110148e-06, 2.3977404453e-06, 2.10505868381e-06, 1.36829180519e-06, 1.18526213555e-06, 8.26140990284e-07, 6.2036252757e-07, 5.87522890783e-07, 5.91728792187e-07, 5.99455233896e-07, 5.91278649154e-07, 5.72096155338e-07, 5.44629472188e-07], "dmean2": [0.00104878924321, 0.00122514134273, 0.000682684767526, 0.00049838970881, 0.000165978155565, 0.000173368753167, 0.00017336451856, 0.000177220033947, 0.000175828943611, 0.000220664849621, 0.000124696729472, 0.000169721693965, 9.82785350061e-05, 5.72153549001e-05, 6.38084384263e-05, 4.77585817862e-05, 4.44459838036e-05, 4.70747436339e-05, 4.0525017539e-05, 3.57178178092e-05, 3.36421944667e-05, 2.29270372074e-05, 2.22350245167e-05, 1.58895672939e-05, 1.1537705177e-05, 5.89430374021e-06, 5.14956400366e-06, 5.30567103851e-06, 3.79446919396e-06, 3.34346236741e-06, 2.16295097744e-06, 1.81543327926e-06, 1.28516296627e-06, 9.63150000644e-07, 8.847334243e-07, 9.18058958632e-07, 9.0615208137e-07, 9.06245531951e-07, 8.62215244979e-07, 8.00044119842e-07], "dvar": [3.40444125868e-06, 2.04425305128e-06, 6.22356310487e-07, 5.54344012471e-07, 5.70292257862e-08, 1.3344748595e-07, 1.17555600809e-07, 8.67223093337e-08, 8.18215610821e-08, 2.36973804135e-07, 5.91805573436e-08, 9.32690227273e-08, 3.90456023069e-08, 1.12532658747e-08, 1.8453926387e-08, 1.01676107533e-08, 1.36814417573e-08, 1.30239534712e-08, 1.44050869011e-08, 6.33831742647e-09, 5.25046850441e-09, 2.74879274897e-09, 2.28917018674e-09, 9.93357840429e-10, 3.97622240689e-10, 6.80946549148e-11, 4.36403448101e-11, 4.561041822e-11, 3.36417178837e-11, 3.05019516589e-11, 1.07185727308e-11, 9.16345298252e-12, 3.42180060328e-12, 2.38032467001e-12, 2.27557772972e-12, 2.19554994844e-12, 2.05246410145e-12, 1.90744273675e-12, 1.62435277902e-12, 1.08806507641e-12], "dvar2": [7.94184325059e-06, 5.29232193003e-06, 1.67005441654e-06, 1.47415562424e-06, 1.21051613178e-07, 2.32874270978e-07, 2.29999400858e-07, 1.90121554056e-07, 1.82431762141e-07, 5.83114740493e-07, 1.35544283353e-07, 2.10492601127e-07, 8.48694838851e-08, 2.66867310472e-08, 4.59116371587e-08, 2.47872460335e-08, 3.16922204036e-08, 2.69067026437e-08, 3.17463104693e-08, 1.43122669272e-08, 1.20601129083e-08, 5.60536284056e-09, 5.03743624591e-09, 2.12855066906e-09, 8.64055993421e-10, 1.64870533892e-10, 1.05298762765e-10, 1.11499538769e-10, 8.33173113834e-11, 7.87583054329e-11, 2.57891138999e-11, 2.00163843833e-11, 7.52357291051e-12, 4.86426567428e-12, 4.68895321876e-12, 4.91757285934e-12, 4.41118929578e-12, 4.49446773201e-12, 3.89788592028e-12, 2.46484516825e-12], "max": [0.0197547692806, 0.0169836953282, 0.0133560877293, 0.0108038559556, 0.00683933822438, 0.0132998703048, 0.0144160408527, 0.00928715802729, 0.0127023346722, 0.0173967871815, 0.00940988492221, 0.0102387098595, 0.00610474403948, 0.00309138768353, 0.00497878296301, 0.0038212267682, 0.00424268422648, 0.00626735994592, 0.00644173333421, 0.00253446120769, 0.00237982859835, 0.00177158834413, 0.00145877921022, 0.00102114398032, 0.000599047343712, 0.000214819665416, 0.000205051008379, 0.000220998757868, 0.000188841164345, 0.000172040221514, 0.000129076099256, 0.000141719268868, 4.86851386086e-05, 0.000106369625428, 6.58911812934e-05, 5.60936859983e-05, 6.53325623716e-05, 5.1296363381e-05, 5.35985309398e-05, 2.2263300707e-05], "mean": [0.000853455858305, 0.00157608091831, 0.000866095186211, 0.000472522893688, 0.000301493128063, 0.00031266809674, 0.000277085491689, 0.000260996253928, 0.000283399072941, 0.000345252454281, 0.000177101595909, 0.000229049386689, 0.000123411708046, 6.46660264465e-05, 7.13778863428e-05, 5.47121489944e-05, 4.65598859591e-05, 4.81856077386e-05, 4.27087434218e-05, 4.13419111283e-05, 3.45929802279e-05, 2.57550545939e-05, 2.58537238551e-05, 1.93002324522e-05, 1.45977110151e-05, 7.33082879378e-06, 6.7258611125e-06, 6.93693527865e-06, 4.49508434031e-06, 3.75349713977e-06, 2.51119831773e-06, 2.01839679903e-06, 1.35148616209e-06, 1.03042714272e-06, 9.59206545303e-07, 9.39569133607e-07, 9.7861334325e-07, 9.30775343022e-07, 9.29968223318e-07, 8.68473932769e-07], "median": [0.000232338148635, 0.00095285277348, 0.000568871968426, 0.00026401685318, 0.000126347789774, 9.4498762337e-05, 8.07615506346e-05, 8.04071314633e-05, 9.84430153039e-05, 6.09851485933e-05, 3.94736998715e-05, 4.50221341453e-05, 2.61299283011e-05, 1.747638089e-05, 1.32615550683e-05, 1.11084063974e-05, 1.02608446468e-05, 1.14485164886e-05, 7.39359984436e-06, 6.58449562252e-06, 5.99433496973e-06, 3.55362180926e-06, 3.90482091461e-06, 3.92774836655e-06, 3.41381542057e-06, 2.49800405072e-06, 2.58207364823e-06, 2.39270571001e-06, 1.80447068487e-06, 1.42945805237e-06, 9.9656290331e-07, 7.38169546821e-07, 5.05556783992e-07, 3.74892010768e-07, 3.44611066794e-07, 3.59949098083e-07, 3.18033414715e-07, 2.65998664872e-07, 2.68211152843e-07, 2.347963175e-07], "min": [1.11987354776e-24, 1.89150504056e-24, 1.72119253492e-24, 3.33940164525e-24, 2.64811672033e-24, 1.07520084774e-24, 3.03312738487e-24, 1.5102153343e-24, 3.91987863147e-24, 1.9626705494e-24, 4.17164437823e-24, 3.48825062616e-24, 3.14885998498e-24, 3.38459824752e-24, 3.0779723524e-24, 3.65674145476e-24, 4.79039255683e-24, 3.9567917998e-24, 4.79255285242e-24, 2.43883330268e-24, 3.90201093196e-24, 5.34964247939e-24, 4.86242660153e-24, 4.48137444101e-24, 4.22648559393e-24, 4.78021625116e-24, 4.99292115577e-24, 5.23254909421e-24, 6.11626697341e-24, 5.03590579206e-24, 6.06688783062e-24, 5.45117479434e-24, 5.80442552441e-24, 6.51263250182e-24, 7.35110841925e-24, 6.69365044159e-24, 5.83836074283e-24, 7.21641041968e-24, 6.69424918702e-24, 5.96645084903e-24], "var": [3.61795150638e-06, 3.65314099326e-06, 1.02665296708e-06, 5.55892199827e-07, 2.8891415127e-07, 5.97563143856e-07, 4.26635978101e-07, 2.82172095467e-07, 3.00664908082e-07, 8.97682298273e-07, 1.71617628553e-07, 3.2706580555e-07, 1.05648581439e-07, 2.5564672157e-08, 4.09589198114e-08, 2.41525999201e-08, 2.40268303031e-08, 2.49641232131e-08, 2.95064861433e-08, 1.54603920777e-08, 1.04742188256e-08, 7.84117659691e-09, 6.50351905662e-09, 3.05394287636e-09, 1.28867616578e-09, 1.94685947918e-10, 1.32242827799e-10, 1.57275650836e-10, 6.23626289498e-11, 5.04243938271e-11, 2.15175498947e-11, 1.90734650296e-11, 6.86732224905e-12, 6.47444554566e-12, 5.79150269409e-12, 4.60310912651e-12, 5.62590555739e-12, 4.10162355469e-12, 2.95799214116e-12, 2.26756265674e-12]}, "melbands_crest": {"dmean": 2.83966612816, "dmean2": 4.57423257828, "dvar": 7.29455947876, "dvar2": 18.2934684753, "max": 34.184223175, "mean": 14.5142669678, "median": 13.7030944824, "min": 1.69304454327, "var": 31.2055988312}, "melbands_flatness_db": {"dmean": 0.026697922498, "dmean2": 0.0397300161421, "dvar": 0.000784347881563, "dvar2": 0.00176660413854, "max": 0.536420166492, "mean": 0.214907586575, "median": 0.201958596706, "min": 0.00378864631057, "var": 0.00605288892984}, "melbands_kurtosis": {"dmean": 5.6339173317, "dmean2": 8.70826339722, "dvar": 115.688293457, "dvar2": 279.5809021, "max": 265.040466309, "mean": 12.4261608124, "median": 5.81059789658, "min": -1.75648880005, "var": 356.106994629}, "melbands_skewness": {"dmean": 0.628570377827, "dmean2": 0.945243120193, "dvar": 0.518039464951, "dvar2": 1.172503829, "max": 13.774846077, "mean": 2.36554050446, "median": 1.96510636806, "min": -2.20527148247, "var": 2.8876786232}, "melbands_spread": {"dmean": 5.52970409393, "dmean2": 8.50427722931, "dvar": 51.8526153564, "dvar2": 115.983512878, "max": 202.255126953, "mean": 22.6552696228, "median": 18.4163970947, "min": 0.858572661877, "var": 323.658081055}, "mfcc": {"cov": [[13304.1884766, -930.227905273, -777.816040039, 9.84159088135, -268.913604736, -237.41003418, 290.624328613, 392.724700928, 539.397766113, 313.019134521, 195.975143433, 182.338043213, 6.26908731461], [-930.227905273, 1497.82641602, -137.866195679, -39.7021217346, -13.9228992462, -28.3653450012, -61.3256797791, -65.936706543, -70.9602127075, -35.2330932617, -47.6987380981, -2.74969029427, 20.6378898621], [-777.816040039, -137.866195679, 794.963134766, 23.5504264832, 30.7908935547, 86.4890060425, 15.8631181717, -26.0280380249, -54.2007141113, 0.300364941359, 12.7283945084, 9.92519760132, 21.3331851959], [9.84159088135, -39.7021217346, 23.5504264832, 325.21697998, 23.6946792603, -0.71370947361, -5.33839082718, 21.5108146667, 29.3206253052, 17.6972122192, -3.94401359558, 1.834826231, 0.421676129103], [-268.913604736, -13.9228992462, 30.7908935547, 23.6946792603, 270.166687012, 56.4594268799, -15.2571163177, 5.36864185333, -2.02487897873, -15.6108570099, 6.23858070374, 13.9669466019, 15.0883827209], [-237.41003418, -28.3653450012, 86.4890060425, -0.71370947361, 56.4594268799, 175.461654663, 63.575592041, -8.19511222839, -19.9037628174, 1.10554325581, 7.98018980026, -12.9154500961, 0.247790321708], [290.624328613, -61.3256797791, 15.8631181717, -5.33839082718, -15.2571163177, 63.575592041, 167.330123901, 52.7997970581, 18.0961914062, 19.5555706024, 14.3570175171, 0.667574882507, -0.389408767223], [392.724700928, -65.936706543, -26.0280380249, 21.5108146667, 5.36864185333, -8.19511222839, 52.7997970581, 132.376449585, 70.3547897339, 22.4696807861, 18.8096103668, 12.9791135788, 4.18692731857], [539.397766113, -70.9602127075, -54.2007141113, 29.3206253052, -2.02487897873, -19.9037628174, 18.0961914062, 70.3547897339, 159.120101929, 71.5705184937, 18.0252017975, 2.61925649643, -10.0497865677], [313.019134521, -35.2330932617, 0.300364941359, 17.6972122192, -15.6108570099, 1.10554325581, 19.5555706024, 22.4696807861, 71.5705184937, 117.947433472, 43.8375205994, -0.0296943858266, -8.17669582367], [195.975143433, -47.6987380981, 12.7283945084, -3.94401359558, 6.23858070374, 7.98018980026, 14.3570175171, 18.8096103668, 18.0252017975, 43.8375205994, 108.913635254, 44.5166625977, 2.60963010788], [182.338043213, -2.74969029427, 9.92519760132, 1.834826231, 13.9669466019, -12.9154500961, 0.667574882507, 12.9791135788, 2.61925649643, -0.0296943858266, 44.5166625977, 103.38445282, 39.1494789124], [6.26908731461, 20.6378898621, 21.3331851959, 0.421676129103, 15.0883827209, 0.247790321708, -0.389408767223, 4.18692731857, -10.0497865677, -8.17669582367, 2.60963010788, 39.1494789124, 88.7396316528]], "icov": [[0.00010543649114, 5.52743258595e-05, 8.80816078279e-05, 1.81736468221e-05, 7.03215700923e-05, 0.000102399739262, -0.000147017039126, -6.80315351929e-05, -0.000199305228307, -9.38824887271e-05, -1.73433145392e-05, -0.000164428245625, -9.41364851315e-06], [5.52743258595e-05, 0.00074733432848, 0.000191176179214, 6.37886696495e-05, 5.95873461862e-05, 5.18611414009e-05, 8.98369326023e-05, 0.000110565859359, 0.000198523019208, -0.000204959898838, 0.000298981060041, -0.000185436452739, -0.000162456883118], [8.80816078279e-05, 0.000191176179214, 0.00147951941472, -0.000104121230834, 6.7073982791e-05, -0.000574311474338, 7.11968959877e-06, -1.74795022758e-05, 0.00042451871559, -0.00043023264152, 1.2026508557e-05, -0.000277511891909, -0.000284302397631], [1.81736468221e-05, 6.37886696495e-05, -0.000104121230834, 0.00320736994036, -0.000254184182268, -1.80246770469e-05, 0.000284167850623, -0.000469346879981, -0.000316039600875, -0.000502707611304, 0.000531817029696, -0.000234197534155, 6.59016877762e-05], [7.03215700923e-05, 5.95873461862e-05, 6.7073982791e-05, -0.000254184182268, 0.00436586001888, -0.00189053965732, 0.00119501724839, -0.000649535679258, -0.000502594630234, 0.00075442076195, -0.000244734983426, -0.000585167086683, -0.00045694768778], [0.000102399739262, 5.18611414009e-05, -0.000574311474338, -1.80246770469e-05, -0.00189053965732, 0.00844285450876, -0.00393954198807, 0.00160378811415, 0.000371872272808, -0.000105158935185, -0.001007595798, 0.00154726975597, -0.000296785554383], [-0.000147017039126, 8.98369326023e-05, 7.11968959877e-06, 0.000284167850623, 0.00119501724839, -0.00393954198807, 0.00909299217165, -0.00395253347233, 0.00114066607784, -0.000973692513071, 0.000281649932731, -0.000156341688125, 0.000120787364722], [-6.80315351929e-05, 0.000110565859359, -1.74795022758e-05, -0.000469346879981, -0.000649535679258, 0.00160378811415, -0.00395253347233, 0.012271261774, -0.00530897825956, 0.00223210663535, -0.00153422506992, 3.08016606141e-05, -0.000868884497322], [-0.000199305228307, 0.000198523019208, 0.00042451871559, -0.000316039600875, -0.000502594630234, 0.000371872272808, 0.00114066607784, -0.00530897825956, 0.0124357398599, -0.00683654844761, 0.00203933846205, -0.000540928042028, 0.00116435310338], [-9.38824887271e-05, -0.000204959898838, -0.00043023264152, -0.000502707611304, 0.00075442076195, -0.000105158935185, -0.000973692513071, 0.00223210663535, -0.00683654844761, 0.0150215337053, -0.00627444498241, 0.00291633140296, -0.000569658353925], [-1.73433145392e-05, 0.000298981060041, 1.2026508557e-05, 0.000531817029696, -0.000244734983426, -0.001007595798, 0.000281649932731, -0.00153422506992, 0.00203933846205, -0.00627444498241, 0.0147511549294, -0.00720382388681, 0.00244146655314], [-0.000164428245625, -0.000185436452739, -0.000277511891909, -0.000234197534155, -0.000585167086683, 0.00154726975597, -0.000156341688125, 3.08016606141e-05, -0.000540928042028, 0.00291633140296, -0.00720382388681, 0.0157683230937, -0.00632163742557], [-9.41364851315e-06, -0.000162456883118, -0.000284302397631, 6.59016877762e-05, -0.00045694768778, -0.000296785554383, 0.000120787364722, -0.000868884497322, 0.00116435310338, -0.000569658353925, 0.00244146655314, -0.00632163742557, 0.0142919598147]], "mean": [-674.563476562, 127.201637268, 3.87578988075, 17.8190250397, 3.10024166107, 1.06354296207, 4.32783699036, 0.196908399463, 3.24778938293, 1.93025231361, -2.21742987633, -1.92009067535, -4.12501430511]}, "pitch_salience": {"dmean": 0.0642203986645, "dmean2": 0.101440541446, "dvar": 0.00389113510028, "dvar2": 0.00971409678459, "max": 0.990508258343, "mean": 0.523003637791, "median": 0.527740061283, "min": 0.0943321362138, "var": 0.0119458325207}, "silence_rate_20dB": {"dmean": 0, "dmean2": 0, "dvar": 0, "dvar2": 0, "max": 1, "mean": 1, "median": 1, "min": 1, "var": 0}, "silence_rate_30dB": {"dmean": 0.000315134326229, "dmean2": 0.000630318303593, "dvar": 0.00031503388891, "dvar2": 0.000945075706113, "max": 1, "mean": 0.999842464924, "median": 1, "min": 0, "var": 0.000157523332746}, "silence_rate_60dB": {"dmean": 0.0196958947927, "dmean2": 0.0393948927522, "dvar": 0.0193023122847, "dvar2": 0.0447626449168, "max": 1, "mean": 0.171892225742, "median": 0, "min": 0, "var": 0.142343536019}, "spectral_centroid": {"dmean": 194.056838989, "dmean2": 297.477935791, "dvar": 67524.6953125, "dvar2": 138665.1875, "max": 11508.875, "mean": 1213.5201416, "median": 1081.29003906, "min": 182.245315552, "var": 637619.75}, "spectral_complexity": {"dmean": 2.77507281303, "dmean2": 4.38480949402, "dvar": 11.9708623886, "dvar2": 27.0711746216, "max": 51, "mean": 15.2021427155, "median": 15, "min": 0, "var": 81.1025619507}, "spectral_contrast_coeffs": {"dmean": [0.0456817597151, 0.0398079752922, 0.0377848707139, 0.0331069529057, 0.0239451695234, 0.0202544443309], "dmean2": [0.0746563598514, 0.0631703212857, 0.0587119869888, 0.0519689098001, 0.0371039882302, 0.0311016514897], "dvar": [0.0016299507115, 0.00121866189875, 0.00104838225525, 0.000831014069263, 0.000453897286206, 0.000373673188733], "dvar2": [0.00427550263703, 0.00294198188931, 0.00251908344217, 0.00193925341591, 0.000980199547485, 0.000819337379653], "max": [-0.346104353666, -0.40018093586, -0.403727769852, -0.474323660135, -0.565770804882, -0.595176696777], "mean": [-0.619946956635, -0.707943856716, -0.72035908699, -0.759043455124, -0.777914583683, -0.780134141445], "median": [-0.621545672417, -0.712729692459, -0.725924253464, -0.767317593098, -0.783590555191, -0.781631946564], "min": [-0.982778728008, -0.995838701725, -0.987176775932, -0.973701953888, -0.97100943327, -0.964001774788], "var": [0.00616615498438, 0.00590027216822, 0.00706602912396, 0.00476262159646, 0.00301252328791, 0.00205794000067]}, "spectral_contrast_valleys": {"dmean": [0.39289098978, 0.310748040676, 0.313426792622, 0.329889476299, 0.31997987628, 0.417137026787], "dmean2": [0.633260905743, 0.498712331057, 0.495666801929, 0.506790041924, 0.468300104141, 0.559309124947], "dvar": [0.136974751949, 0.1138651371, 0.11254902184, 0.130038961768, 0.150128096342, 0.239370346069], "dvar2": [0.296900033951, 0.228320866823, 0.221367880702, 0.257615178823, 0.286112636328, 0.456212043762], "max": [-5.43448162079, -4.95333194733, -5.46183586121, -5.81625938416, -5.80905056, -7.8242149353], "mean": [-7.73247861862, -7.19469356537, -7.81559753418, -8.23144054413, -8.2053899765, -10.6111793518], "median": [-7.34158563614, -6.86558437347, -7.50320053101, -7.90789318085, -7.77579307556, -10.0892410278], "min": [-27.7876529694, -27.752910614, -27.6768455505, -27.5153274536, -27.5378551483, -27.390417099], "var": [2.57115149498, 2.48947668076, 2.49126887321, 2.5777964592, 3.15509176254, 3.62734079361]}, "spectral_decrease": {"dmean": 1.60441959718e-09, "dmean2": 2.430502688e-09, "dvar": 5.29887516344e-18, "dvar2": 1.28274231126e-17, "max": 7.05780045518e-10, "mean": -5.74053382607e-09, "median": -5.40256950288e-09, "min": -2.75161582408e-08, "var": 1.87109214089e-17}, "spectral_energy": {"dmean": 0.00652397144586, "dmean2": 0.00967398099601, "dvar": 8.1431644503e-05, "dvar2": 0.000190445731278, "max": 0.111403718591, "mean": 0.0245893169194, "median": 0.0234545134008, "min": 1.02181758394e-20, "var": 0.000322612613672}, "spectral_energyband_high": {"dmean": 0.000810950470623, "dmean2": 0.00116196938325, "dvar": 2.49830327448e-06, "dvar2": 5.38056428923e-06, "max": 0.0142460223287, "mean": 0.00139186927117, "median": 0.000393718481064, "min": 7.36650379712e-21, "var": 5.19681270816e-06}, "spectral_energyband_low": {"dmean": 0.00357273290865, "dmean2": 0.00559616973624, "dvar": 5.653457265e-05, "dvar2": 0.000137283466756, "max": 0.0833217725158, "mean": 0.00709814438596, "median": 0.00479000154883, "min": 2.00332063073e-23, "var": 7.91232960182e-05}, "spectral_energyband_middle_high": {"dmean": 0.00198640488088, "dmean2": 0.00296928430907, "dvar": 1.20385839182e-05, "dvar2": 2.64559894276e-05, "max": 0.0797272548079, "mean": 0.00646684877574, "median": 0.00317512452602, "min": 1.15334705615e-21, "var": 6.70068402542e-05}, "spectral_energyband_middle_low": {"dmean": 0.00336238835007, "dmean2": 0.00516544887796, "dvar": 2.95333757094e-05, "dvar2": 7.32663174858e-05, "max": 0.092461951077, "mean": 0.0105491150171, "median": 0.00824685860425, "min": 2.20320368996e-22, "var": 9.95870868792e-05}, "spectral_entropy": {"dmean": 0.215145215392, "dmean2": 0.300726085901, "dvar": 0.0525022596121, "dvar2": 0.105613745749, "max": 9.82441043854, "mean": 7.38680934906, "median": 7.46141719818, "min": 4.86752700806, "var": 0.364884763956}, "spectral_flux": {"dmean": 0.0203764811158, "dmean2": 0.0314314477146, "dvar": 0.000516147643793, "dvar2": 0.00119779491797, "max": 0.342234075069, "mean": 0.0688004344702, "median": 0.0640124678612, "min": 6.49544029674e-11, "var": 0.00213909568265}, "spectral_kurtosis": {"dmean": 2.34936451912, "dmean2": 3.80160140991, "dvar": 16.2195396423, "dvar2": 42.2231292725, "max": 103.864051819, "mean": 7.4882478714, "median": 5.43302154541, "min": -1.24455022812, "var": 76.0854721069}, "spectral_rms": {"dmean": 0.000589630915783, "dmean2": 0.000854550802615, "dvar": 4.76477424627e-07, "dvar2": 1.04489924979e-06, "max": 0.0104252845049, "mean": 0.00443134177476, "median": 0.0047835605219, "min": 3.15736477761e-12, "var": 4.35279844169e-06}, "spectral_rolloff": {"dmean": 1201.484375, "dmean2": 2127.77636719, "dvar": 9563142, "dvar2": 21331332, "max": 19487.5488281, "mean": 2489.91455078, "median": 1055.12695312, "min": 86.1328125, "var": 16512860}, "spectral_skewness": {"dmean": 0.262311905622, "dmean2": 0.411253958941, "dvar": 0.102696985006, "dvar2": 0.257143467665, "max": 8.39714241028, "mean": 1.97627043724, "median": 1.8394844532, "min": -0.047681376338, "var": 0.63987493515}, "spectral_spread": {"dmean": 988532.875, "dmean2": 1350295.875, "dvar": 1834777706500.0, "dvar2": 3319980621820.0, "max": 42831544, "mean": 5396149.5, "median": 4620708, "min": 875664.125, "var": 1015