{"lowlevel": {"average_loudness": 0.668417692184, "barkbands": {"dmean": [6.33100717096e-06, 0.000554543919861, 0.000752951600589, 0.000449168670457, 0.0012234892929, 0.00106458144728, 0.000642443890683, 0.000510131241754, 0.000863496563397, 0.00082187022781, 0.000548074953258, 0.000574237958062, 0.000567100360058, 0.000253889767919, 0.000247999007115, 0.0001209805705, 0.000121273347759, 0.000128434228827, 8.61136650201e-05, 0.000117184885312, 3.80890451197e-05, 3.50063710357e-05, 2.11410260818e-05, 2.34294111578e-05, 1.75760505954e-05, 1.01944851849e-05, 3.22299956679e-06], "dmean2": [9.77238414634e-06, 0.000907894282136, 0.00123534037266, 0.000711615022738, 0.00198988965712, 0.00162696803454, 0.000982338096946, 0.000759698625188, 0.00126776797697, 0.00127794989385, 0.000835295999423, 0.000875185301993, 0.000900490093045, 0.000398842064897, 0.000386363681173, 0.000188383783097, 0.000191553204786, 0.000203897172469, 0.000137116396218, 0.000183253971045, 6.03647386015e-05, 5.29064272996e-05, 3.1655861676e-05, 3.46553970303e-05, 2.63391248154e-05, 1.60929339472e-05, 5.45147850062e-06], "dvar": [1.36482936064e-10, 1.6106316707e-06, 2.85033684122e-06, 1.28574208702e-06, 4.69781753054e-06, 7.3500009421e-06, 2.051232741e-06, 1.61961827416e-06, 3.53120753971e-06, 4.46246531283e-06, 2.24985456043e-06, 2.40960503106e-06, 1.66036875271e-06, 5.2200027767e-07, 5.03115870742e-07, 2.19883020236e-07, 1.05921081683e-07, 7.76617383735e-08, 3.50609816735e-08, 1.02966801308e-07, 2.03119796538e-08, 3.31565601641e-08, 5.12241271622e-09, 6.02966920837e-09, 5.18910381331e-09, 1.53633594735e-09, 2.15059664521e-10], "dvar2": [3.0702013154e-10, 4.19673642682e-06, 7.47724061512e-06, 3.09750976157e-06, 1.1671010725e-05, 1.69553677551e-05, 4.8735450946e-06, 3.62290552403e-06, 7.06304808773e-06, 1.07471087176e-05, 4.93007883051e-06, 5.3588373703e-06, 3.94521293856e-06, 1.24850032535e-06, 1.22661515434e-06, 4.75166956448e-07, 2.39685221004e-07, 1.82863075793e-07, 8.48354915206e-08, 2.38274878939e-07, 4.83505715465e-08, 7.31552773914e-08, 1.04562776215e-08, 1.29274875249e-08, 1.00600434649e-08, 3.76043152173e-09, 5.97570937177e-10], "max": [0.000372100243112, 0.0222944300622, 0.0384972020984, 0.0413924641907, 0.0535575821996, 0.0858414247632, 0.0445795021951, 0.032649282366, 0.0606392547488, 0.0551382154226, 0.0436748079956, 0.0357386618853, 0.029590787366, 0.0224947240204, 0.021677242592, 0.0200386699289, 0.0117376018316, 0.00784024596214, 0.00483422772959, 0.00831447169185, 0.00800608284771, 0.00857347715646, 0.00461959419772, 0.00314691686071, 0.00494557013735, 0.00140720012132, 0.000454237975646], "mean": [1.71767769643e-05, 0.00171177682932, 0.00191852531862, 0.000919799203984, 0.00263578351587, 0.00246190046892, 0.00134986033663, 0.000915395736229, 0.00181373325177, 0.00245238794014, 0.00117186107673, 0.00117449415848, 0.00109163101297, 0.000469598919153, 0.000456200912595, 0.000230123376241, 0.000235352941672, 0.000281785556581, 0.000222516217036, 0.000300920626614, 8.70112780831e-05, 7.37490918254e-05, 4.74529624626e-05, 5.05140487803e-05, 3.47240529663e-05, 1.85828666872e-05, 5.55924589207e-06], "median": [1.12935504148e-05, 0.000994734698907, 0.000947316060774, 0.000318407895975, 0.00147256243508, 0.000872933771461, 0.000540617445949, 0.000304757559206, 0.000442795775598, 0.000255759689026, 0.000139773677802, 0.000164467492141, 0.000159395247465, 9.53492562985e-05, 7.45560246287e-05, 4.67991376354e-05, 7.40965042496e-05, 8.1351478002e-05, 5.6024226069e-05, 3.71368805645e-05, 1.76735702553e-05, 1.30838088808e-05, 1.05377621367e-05, 8.91813851922e-06, 3.84576696888e-06, 2.32038996728e-06, 8.00932127731e-07], "min": [8.73989094314e-24, 5.76704527153e-23, 2.45197927524e-23, 6.94610486392e-24, 1.02253949138e-22, 2.49451560188e-23, 4.13804876443e-23, 3.183480053e-23, 1.57684623795e-22, 1.39903250918e-23, 1.05180534744e-22, 1.38408902239e-22, 1.08326619319e-22, 7.94655120124e-23, 1.50165769626e-22, 2.53813535009e-22, 1.73245921203e-22, 1.00711997436e-22, 3.32711086102e-22, 2.75503574831e-22, 4.56120284167e-22, 5.43723426531e-22, 5.49982261575e-22, 7.97657322781e-22, 1.4115955293e-21, 1.64887267172e-21, 2.44035830018e-21], "var": [3.60857649317e-10, 4.67028303319e-06, 6.79789218339e-06, 3.48148614648e-06, 1.30500284286e-05, 3.27259622281e-05, 6.4263663262e-06, 3.62413175026e-06, 1.6811025489e-05, 4.61051713501e-05, 1.33067032948e-05, 8.48651143315e-06, 5.28834198121e-06, 1.33523303703e-06, 1.23842062294e-06, 7.13547137821e-07, 2.94177311844e-07, 2.62811227003e-07, 1.49816600015e-07, 4.71640532851e-07, 4.06201188241e-08, 6.47954863098e-08, 1.55236570265e-08, 1.75413621406e-08, 1.25750512225e-08, 3.54043372397e-09, 3.4743674604e-10]}, "barkbands_crest": {"dmean": 1.99826824665, "dmean2": 3.1921441555, "dvar": 3.5569589138, "dvar2": 8.88916397095, "max": 26.5418624878, "mean": 10.2995347977, "median": 9.29245758057, "min": 2.59357357025, "var": 22.6206150055}, "barkbands_flatness_db": {"dmean": 0.0156510118395, "dmean2": 0.0234180986881, "dvar": 0.000274603225989, "dvar2": 0.000563976762351, "max": 0.450336098671, "mean": 0.16321182251, "median": 0.145807147026, "min": 0.0320511758327, "var": 0.00588898314163}, "barkbands_kurtosis": {"dmean": 2.59657359123, "dmean2": 4.0293636322, "dvar": 29.6142215729, "dvar2": 71.9127197266, "max": 183.740264893, "mean": 5.99332714081, "median": 2.25148534775, "min": -1.90428829193, "var": 115.16759491}, "barkbands_skewness": {"dmean": 0.380377739668, "dmean2": 0.577060163021, "dvar": 0.174201726913, "dvar2": 0.394477367401, "max": 10.5424604416, "mean": 1.31018328667, "median": 1.07843911648, "min": -2.1596801281, "var": 1.47715580463}, "barkbands_spread": {"dmean": 2.73304200172, "dmean2": 4.21374702454, "dvar": 13.1831045151, "dvar2": 26.8089675903, "max": 97.1716537476, "mean": 14.0908737183, "median": 12.7335739136, "min": 0.573842227459, "var": 100.207244873}, "dissonance": {"dmean": 0.0258351545781, "dmean2": 0.0434460416436, "dvar": 0.000725273741409, "dvar2": 0.00200991146266, "max": 0.500000238419, "mean": 0.436392366886, "median": 0.449036717415, "min": 0.164047017694, "var": 0.00264171161689}, "dynamic_complexity": 4.23890113831, "erbbands": {"dmean": [0.00655366340652, 0.160864859819, 0.784391880035, 1.15135324001, 2.82702684402, 4.25682544708, 7.29024887085, 9.46359443665, 8.73769283295, 10.4429416656, 11.0065965652, 19.7692050934, 20.227678299, 28.3289222717, 23.4588699341, 19.598400116, 24.3315315247, 13.3134527206, 14.6030406952, 7.28861856461, 6.85837554932, 5.72812175751, 7.03068256378, 4.56999158859, 4.59202623367, 5.79087352753, 2.21298694611, 1.18603253365, 1.23588740826, 0.822433292866, 0.58108997345, 0.51842302084, 0.404780089855, 0.236502483487, 0.103317350149, 0.0479407198727, 0.0183694288135, 0.00447946414351, 0.000563588808291, 2.85904970951e-05], "dmean2": [0.010607432574, 0.264038652182, 1.29210686684, 1.81744384766, 4.6112780571, 6.94987344742, 11.3674926758, 14.0444049835, 13.5152626038, 15.6928434372, 16.1794471741, 28.7649116516, 28.7554416656, 41.9203414917, 35.455532074, 29.2862873077, 38.0761413574, 21.1216983795, 22.8608646393, 11.6153459549, 10.5809602737, 8.94238948822, 11.2991542816, 7.16564893723, 7.1458234787, 8.95238494873, 3.46854376793, 1.84980142117, 1.85357201099, 1.22089958191, 0.880973160267, 0.791668474674, 0.598447263241, 0.354369223118, 0.158523991704, 0.0740914270282, 0.0291960220784, 0.00748476712033, 0.000959301250987, 4.72632709716e-05], "dvar": [0.000215065432712, 0.13460868597, 3.08874106407, 6.99478244781, 38.8593978882, 68.7038345337, 272.648895264, 746.247131348, 395.183319092, 769.54107666, 653.709228516, 1940.46166992, 2659.62255859, 5278.97167969, 3512.09960938, 3058.17456055, 3078.31567383, 1300.46679688, 1788.31994629, 303.105682373, 830.767700195, 258.41293335, 222.916702271, 99.1608810425, 102.198722839, 301.958068848, 53.2248306274, 23.7934265137, 59.9508552551, 8.89527416229, 3.97372722626, 2.5036482811, 2.37764143944, 1.00185012817, 0.179307967424, 0.0387966968119, 0.00517798494548, 0.000387094303733, 6.80808989273e-06, 1.31926070068e-08], "dvar2": [0.00053785048658, 0.353732854128, 8.18907260895, 16.5865955353, 94.845451355, 168.494293213, 649.045410156, 1478.48205566, 953.777099609, 1771.2154541, 1404.44824219, 3870.41381836, 5067.24707031, 11765.5380859, 7757.83105469, 6484.89404297, 7126.390625, 3099.72387695, 4418.62744141, 764.444030762, 1813.42749023, 570.350463867, 527.154418945, 234.693695068, 227.107070923, 709.317565918, 128.809188843, 54.084438324, 132.358551025, 18.5102462769, 8.35638237, 5.66014814377, 4.95714759827, 2.02365684509, 0.380208909512, 0.0902986526489, 0.0131147000939, 0.00105047156103, 1.90226655832e-05, 3.57227349923e-08], "max": [0.208921730518, 6.49054479599, 42.4445724487, 87.5467758179, 164.013031006, 241.246749878, 402.71484375, 861.308044434, 818.159179688, 889.250244141, 731.795410156, 1749.52819824, 1602.90246582, 2119.03076172, 1592.71447754, 1830.04150391, 1557.61071777, 928.363830566, 1347.29064941, 573.729553223, 1381.71826172, 620.237182617, 441.370056152, 233.322158813, 287.684112549, 575.945068359, 270.990570068, 295.039733887, 375.758483887, 113.161849976, 127.102355957, 59.0753211975, 78.9127731323, 69.6873931885, 24.4075889587, 10.6447267532, 1.75305235386, 0.601460933685, 0.078354254365, 0.00372970895842], "mean": [0.0198242329061, 0.497069597244, 2.20322608948, 2.67349767685, 5.69930315018, 8.56691265106, 15.6916027069, 20.7198371887, 18.9215488434, 21.6362533569, 22.5655975342, 41.8662185669, 47.6926956177, 80.0310058594, 54.4715042114, 44.8158798218, 49.7386054993, 28.7941207886, 29.0852069855, 14.3408031464, 13.96808815, 12.4632444382, 15.7779092789, 12.31204319, 13.1979894638, 14.9926147461, 5.45942401886, 2.8912923336, 2.47634744644, 1.77423381805, 1.30830276012, 1.09903419018, 0.807892501354, 0.465167015791, 0.201631784439, 0.0912347063422, 0.031253837049, 0.00686928443611, 0.000883595261257, 7.75800945121e-05], "median": [0.0106091639027, 0.2955930233, 1.23816204071, 1.29428601265, 2.72513747215, 4.25749349594, 6.29349708557, 6.51334667206, 8.19975566864, 8.61960983276, 9.25906658173, 11.4218254089, 11.5069847107, 11.1002502441, 12.3135032654, 9.25996017456, 10.0169315338, 6.57047367096, 4.74674510956, 3.85800695419, 3.37417030334, 4.19354152679, 5.18837976456, 3.46855211258, 2.99538469315, 1.85163259506, 0.90381282568, 0.580051898956, 0.474122256041, 0.368453025818, 0.300374507904, 0.228381291032, 0.120832726359, 0.0503552742302, 0.0221715085208, 0.0116679435596, 0.00370653439313, 0.000902258907445, 0.000145166035509, 3.53507639375e-05], "min": [1.52662816051e-21, 1.31561137722e-20, 3.18410025923e-20, 2.44039574142e-20, 2.14418953727e-19, 3.38731598214e-19, 2.6694741709e-19, 2.1903975265e-19, 6.45046298414e-19, 5.04658755816e-19, 1.00049046052e-18, 3.31298615268e-18, 1.56580740463e-18, 1.38794496137e-18, 4.80622417499e-18, 6.75934111706e-18, 4.63538242718e-18, 3.66596107726e-18, 8.03023878098e-18, 7.22712664271e-18, 1.63311029343e-17, 9.37891458354e-18, 6.13216615918e-18, 1.32779495148e-17, 1.72372180839e-17, 1.19588611356e-17, 1.47425588161e-17, 1.97142137369e-17, 1.89242082755e-17, 1.32242580484e-17, 1.85608162519e-17, 1.48270089936e-17, 1.55955954403e-17, 1.63063967037e-17, 1.0211013612e-17, 6.60608357471e-18, 2.92406506061e-18, 1.49663587347e-18, 3.14743593094e-19, 3.35934687305e-20], "var": [0.000645983265713, 0.37833288312, 7.71309566498, 18.2122097015, 90.968963623, 190.326629639, 997.368713379, 2854.46777344, 1377.25256348, 2100.03613281, 1699.88317871, 8886.30273438, 11635.7900391, 43934.6875, 17957.015625, 10972.6074219, 10591.4775391, 3850.50585938, 4648.69238281, 838.384887695, 2707.79833984, 779.398803711, 752.989013672, 436.99887085, 544.520690918, 1380.3729248, 134.526184082, 57.0135345459, 96.0532989502, 22.6278095245, 11.3668212891, 6.79232883453, 6.13601446152, 2.44176101685, 0.401745975018, 0.0878889933228, 0.00996651500463, 0.000493245548569, 8.2604256022e-06, 4.1610103807e-08]}, "erbbands_crest": {"dmean": 2.60152292252, "dmean2": 4.06265497208, "dvar": 5.96150016785, "dvar2": 13.8717098236, "max": 34.576423645, "mean": 11.8809394836, "median": 10.1925315857, "min": 2.50251293182, "var": 38.0516433716}, "erbbands_flatness_db": {"dmean": 0.0157833714038, "dmean2": 0.0228253472596, "dvar": 0.00025267037563, "dvar2": 0.000487170094857, "max": 0.470712810755, "mean": 0.19384790957, "median": 0.18690314889, "min": 0.0396739318967, "var": 0.00315909949131}, "erbbands_kurtosis": {"dmean": 1.82546889782, "dmean2": 2.82442831993, "dvar": 26.789937973, "dvar2": 65.6349868774, "max": 242.423065186, "mean": 3.22382855415, "median": 0.978188991547, "min": -1.77721142769, "var": 93.0698776245}, "erbbands_skewness": {"dmean": 0.350904494524, "dmean2": 0.537159383297, "dvar": 0.150499209762, "dvar2": 0.355128496885, "max": 13.0671710968, "mean": 0.978348433971, "median": 0.764990508556, "min": -4.27730369568, "var": 1.23923027515}, "erbbands_spread": {"dmean": 4.8649263382, "dmean2": 7.34927129745, "dvar": 41.4029769897, "dvar2": 83.0371627808, "max": 151.924667358, "mean": 23.4514026642, "median": 21.5355415344, "min": 1.00558972359, "var": 176.502624512}, "gfcc": {"cov": [[10704.2421875, -293.591705322, -1655.49365234, 587.018737793, -669.323608398, 226.159179688, 32.762386322, 228.203903198, -351.250488281, 90.9831390381, 90.6570587158, -338.173858643, -184.387802124], [-293.591705322, 2893.92504883, 1378.11853027, 176.380508423, 94.6561889648, -365.50604248, -151.874221802, -175.584365845, 52.0147209167, -207.311904907, 23.2474937439, -162.058822632, -37.6104812622], [-1655.49365234, 1378.11853027, 1732.99316406, 138.189315796, 65.4324874878, -112.321166992, -221.819564819, -157.849975586, 68.8246459961, -116.614517212, -71.5365219116, 20.8327083588, 22.5160770416], [587.018737793, 176.380508423, 138.189315796, 365.322753906, 3.406645298, 32.6775283813, -3.32076144218, -2.32065320015, -11.0102481842, -12.641409874, 18.4146347046, -25.2100543976, -10.9947357178], [-669.323608398, 94.6561889648, 65.4324874878, 3.406645298, 283.186553955, 38.4235191345, 70.2393569946, 0.0178735461086, 25.3679885864, -10.3164987564, -10.7757539749, 24.9957370758, 11.7154273987], [226.159179688, -365.50604248, -112.321166992, 32.6775283813, 38.4235191345, 282.573822021, 126.280578613, 49.1510276794, -62.2728996277, 8.30914020538, 31.4388084412, 24.1152687073, 5.13347911835], [32.762386322, -151.874221802, -221.819564819, -3.32076144218, 70.2393569946, 126.280578613, 252.74005127, 56.8119010925, -53.4724349976, -0.593435227871, 37.2507209778, 3.67307329178, -3.14894533157], [228.203903198, -175.584365845, -157.849975586, -2.32065320015, 0.0178735461086, 49.1510276794, 56.8119010925, 136.126327515, 29.1721782684, 19.8599357605, 6.94436788559, -4.63552379608, 6.95855140686], [-351.250488281, 52.0147209167, 68.8246459961, -11.0102481842, 25.3679885864, -62.2728996277, -53.4724349976, 29.1721782684, 161.392700195, 41.4689445496, -25.2782821655, 14.8709907532, 14.4144458771], [90.9831390381, -207.311904907, -116.614517212, -12.641409874, -10.3164987564, 8.30914020538, -0.593435227871, 19.8599357605, 41.4689445496, 118.326942444, 18.9506988525, -0.417072862387, -10.6500110626], [90.6570587158, 23.2474937439, -71.5365219116, 18.4146347046, -10.7757539749, 31.4388084412, 37.2507209778, 6.94436788559, -25.2782821655, 18.9506988525, 128.491409302, 37.659450531, -2.32212519646], [-338.173858643, -162.058822632, 20.8327083588, -25.2100543976, 24.9957370758, 24.1152687073, 3.67307329178, -4.63552379608, 14.8709907532, -0.417072862387, 37.659450531, 124.972343445, 50.7535972595], [-184.387802124, -37.6104812622, 22.5160770416, -10.9947357178, 11.7154273987, 5.13347911835, -3.14894533157, 6.95855140686, 14.4144458771, -10.6500110626, -2.32212519646, 50.7535972595, 88.9711837769]], "icov": [[0.000222906266572, -0.000243209622568, 0.000378958968213, -0.000377064541681, 0.000455200526631, -0.000366708118236, 0.000336681987392, -0.000350580055965, 0.000488795514684, -0.000356571719749, 0.000397763069486, -0.000151976259076, 0.000192407271243], [-0.000243209622568, 0.00145368406083, -0.00125929922797, 0.000328647030983, -0.000894710246939, 0.00167008035351, -0.000893761462066, 0.000806624128018, -0.00113199115731, 0.00191487593111, -0.00237734708935, 0.00256417435594, -0.000715659873094], [0.000378958968213, -0.00125929922797, 0.0020648187492, -0.000867369410116, 0.000840952212457, -0.001659044181, 0.0014953201171, -0.000148219958646, 0.000736937799957, -0.000886296795215, 0.00217107729986, -0.00204036571085, 0.000667911430355], [-0.000377064541681, 0.000328647030983, -0.000867369410116, 0.00366187794134, -0.000794156861957, -1.23278896353e-05, -0.000340508704539, 0.000468792393804, -0.000875750090927, 0.000757934059948, -0.00142561073881, 0.00117106165271, -0.000386553903809], [0.000455200526631, -0.000894710246939, 0.000840952212457, -0.000794156861957, 0.00535955559462, -0.00151161255781, -0.000907879089937, -8.23895825306e-05, -0.000182462725206, -0.000818840228021, 0.00216172030196, -0.0018932701787, 0.000677980715409], [-0.000366708118236, 0.00167008035351, -0.001659044181, -1.23278896353e-05, -0.00151161255781, 0.00731926364824, -0.00297855911776, -0.000691656721756, 0.00088035321096, 0.00103445781861, -0.00235802168027, 0.001307729166, -0.000736589543521], [0.000336681987392, -0.000893761462066, 0.0014953201171, -0.000340508704539, -0.000907879089937, -0.00297855911776, 0.00751747516915, -0.00256496155635, 0.00253139785491, -0.000663941551466, 0.000242690133746, -0.000745740428101, 0.000599662598688], [-0.000350580055965, 0.000806624128018, -0.000148219958646, 0.000468792393804, -8.23895825306e-05, -0.000691656721756, -0.00256496155635, 0.0112121356651, -0.00481538055465, 0.00154606252909, -0.00175031856634, 0.00270743644796, -0.00183199613821], [0.000488795514684, -0.00113199115731, 0.000736937799957, -0.000875750090927, -0.000182462725206, 0.00088035321096, 0.00253139785491, -0.00481538055465, 0.0116999074817, -0.00569663243368, 0.00385698745959, -0.00348109705374, 0.000188229503692], [-0.000356571719749, 0.00191487593111, -0.000886296795215, 0.000757934059948, -0.000818840228021, 0.00103445781861, -0.000663941551466, 0.00154606252909, -0.00569663243368, 0.0137683758512, -0.00521538127214, 0.00396682182327, 0.000464202690637], [0.000397763069486, -0.00237734708935, 0.00217107729986, -0.00142561073881, 0.00216172030196, -0.00235802168027, 0.000242690133746, -0.00175031856634, 0.00385698745959, -0.00521538127214, 0.0142943849787, -0.00880373641849, 0.00323665281758], [-0.000151976259076, 0.00256417435594, -0.00204036571085, 0.00117106165271, -0.0018932701787, 0.001307729166, -0.000745740428101, 0.00270743644796, -0.00348109705374, 0.00396682182327, -0.00880373641849, 0.01814045012, -0.00817341916263], [0.000192407271243, -0.000715659873094, 0.000667911430355, -0.000386553903809, 0.000677980715409, -0.000736589543521, 0.000599662598688, -0.00183199613821, 0.000188229503692, 0.000464202690637, 0.00323665281758, -0.00817341916263, 0.01600882411]], "mean": [-40.9678077698, 99.0975723267, -113.409469604, 6.64471054077, -54.6530380249, 4.39141702652, -31.0399417877, 4.7654094696, -25.3144016266, -3.43745803833, -10.861574173, -1.05010128021, -12.3912706375]}, "hfc": {"dmean": 3.45496630669, "dmean2": 5.07930707932, "dvar": 25.7233963013, "dvar2": 55.0570220947, "max": 136.453323364, "mean": 18.1416797638, "median": 11.5387086868, "min": 1.17677850611e-16, "var": 332.030548096}, "melbands": {"dmean": [0.000104110542452, 0.00033829867607, 0.000227583717788, 0.000260743341642, 0.000235276733292, 0.000205290911254, 0.00013044156367, 0.000115038157674, 0.000100887715234, 0.000122139928862, 0.000108881140477, 0.000121542783745, 8.21612338768e-05, 6.56198826618e-05, 5.81416716159e-05, 4.7615110816e-05, 2.51443198067e-05, 2.51253568422e-05, 1.36037633638e-05, 8.71968950378e-06, 8.2176829892e-06, 5.83478595217e-06, 7.44779345041e-06, 7.33255365049e-06, 3.85145267501e-06, 3.54278563464e-06, 4.61524859929e-06, 3.86250303563e-06, 1.86337467767e-06, 8.23242316983e-07, 7.82550785061e-07, 7.3397268352e-07, 6.6972603463e-07, 4.40119293899e-07, 3.5939655163e-07, 3.48730509359e-07, 3.1590133176e-07, 2.86071667688e-07, 2.97993580034e-07, 1.85097590588e-07], "dmean2": [0.000169645849383, 0.000555543112569, 0.000358723627869, 0.00042962320731, 0.000369488872821, 0.000309639377519, 0.000201706920052, 0.000172440282768, 0.000147516926518, 0.000178818765562, 0.00015331688337, 0.000183169613592, 0.000123281002743, 0.000100225326605, 9.21953251236e-05, 7.2896356869e-05, 3.97998919652e-05, 3.93322989112e-05, 2.11041060538e-05, 1.37726956382e-05, 1.27968123707e-05, 9.05639262783e-06, 1.21587008834e-05, 1.16067203635e-05, 6.09932521911e-06, 5.63215371585e-06, 7.12597147867e-06, 6.02607315159e-06, 2.97627639156e-06, 1.31419153604e-06, 1.24597181639e-06, 1.12452914891e-06, 1.01115188045e-06, 6.6462189352e-07, 5.59364480068e-07, 5.40764574453e-07, 4.89888122956e-07, 4.3285589868e-07, 4.52820643204e-07, 2.86313934339e-07], "dvar": [5.58194166445e-08, 5.58511487725e-07, 2.25542493126e-07, 2.69501271077e-07, 2.32645518849e-07, 3.14915240551e-07, 7.75705686351e-08, 8.37748928006e-08, 4.75405279587e-08, 7.17563111152e-08, 7.76757644871e-08, 9.84343486721e-08, 4.42313421445e-08, 3.27535758515e-08, 1.9621786862e-08, 1.27130066474e-08, 4.68187133507e-09, 4.93335461371e-09, 1.51542378646e-09, 7.07998548677e-10, 1.09904940704e-09, 3.07874475913e-10, 3.66321056822e-10, 2.97660146531e-10, 7.76080449905e-11, 6.20702239607e-11, 1.4554427108e-10, 1.5210063764e-10, 3.96055306606e-11, 9.08620401141e-12, 1.05817759069e-11, 1.43487218635e-11, 2.20405031032e-11, 2.06345964621e-12, 1.56692703517e-12, 1.19683245519e-12, 9.8913835022e-13, 1.21224677432e-12, 1.81093952768e-12, 5.86255870239e-13], "dvar2": [1.42930247193e-07, 1.48235665165e-06, 5.35802996637e-07, 6.82259098994e-07, 5.61906745133e-07, 6.58613544147e-07, 1.85440072187e-07, 1.89133089634e-07, 9.86776100831e-08, 1.47975356413e-07, 1.43368779959e-07, 2.2949016909e-07, 9.41041093938e-08, 7.30974534235e-08, 4.77352450901e-08, 2.72129216938e-08, 1.09999378495e-08, 1.23691599185e-08, 3.71958774892e-09, 1.56352386593e-09, 2.3876787214e-09, 6.27629170857e-10, 9.36934418938e-10, 6.90213664001e-10, 1.85325907398e-10, 1.46644696386e-10, 3.2306327058e-10, 3.61243646108e-10, 9.89976017829e-11, 2.11806041456e-11, 2.48939827086e-11, 3.26630111847e-11, 4.89578030893e-11, 4.26687201197e-12, 3.57433223644e-12, 2.60412720034e-12, 2.2894719974e-12, 2.62159261313e-12, 3.7037391383e-12, 1.24169132008e-12], "max": [0.00371622154489, 0.0167577695101, 0.0137991830707, 0.0146646108478, 0.0115628810599, 0.0180278364569, 0.0104627739638, 0.00877653714269, 0.00661981990561, 0.00990626402199, 0.00773098273203, 0.00930451974273, 0.00686375889927, 0.003536432283, 0.00439988682047, 0.00308876717463, 0.00194550689775, 0.0020425922703, 0.00130052573513, 0.000940487603657, 0.0016904945951, 0.000673112401273, 0.00051441451069, 0.000617038575001, 0.000192208317458, 0.000275688449619, 0.000386444007745, 0.000424256140832, 0.000189074140508, 0.000184249627637, 0.000179313778062, 0.00015339141828, 0.000253103935393, 7.65761651564e-05, 7.62984273024e-05, 5.54132275283e-05, 2.92779204756e-05, 5.86903297517e-05, 9.37693184824e-05, 4.55087902083e-05], "mean": [0.000323591346387, 0.00101209559944, 0.000549403543118, 0.000521627836861, 0.00052368309116, 0.000463866250357, 0.000286099500954, 0.000231686513871, 0.000205081931199, 0.000255898718024, 0.000253019476077, 0.00034909331589, 0.000185346842045, 0.00013441547344, 0.000122637327877, 8.90672527021e-05, 4.84465745103e-05, 4.7647383326e-05, 2.50680222962e-05, 1.61513526109e-05, 1.56791720656e-05, 1.17473928185e-05, 1.40316496982e-05, 1.53605305968e-05, 8.95608627616e-06, 9.20696766116e-06, 1.1292743693e-05, 9.13844723982e-06, 3.80099731956e-06, 1.78498316927e-06, 1.70455052739e-06, 1.4391566765e-06, 1.20771710499e-06, 9.17060049233e-07, 7.5262903465e-07, 7.29905764274e-07, 6.21741151008e-07, 5.39230768482e-07, 5.52244046048e-07, 3.44146542375e-07], "median": [0.000193626954569, 0.000649627647363, 0.000303469918435, 0.000269607262453, 0.000223410446779, 0.000152390130097, 0.000126580998767, 8.78968567122e-05, 7.31878681108e-05, 6.37385310256e-05, 4.4931883167e-05, 3.70667876268e-05, 3.16097648465e-05, 2.03947674891e-05, 2.11423321161e-05, 1.42316148413e-05, 9.15128384804e-06, 6.72331952956e-06, 4.69035876449e-06, 3.77790183848e-06, 3.32969011652e-06, 3.48788717019e-06, 4.62125171907e-06, 3.83815176974e-06, 2.26616020882e-06, 2.14761803363e-06, 1.7376149799e-06, 9.93816911432e-07, 5.27137558493e-07, 3.99618159008e-07, 3.00112787954e-07, 2.43382089593e-07, 2.29806289553e-07, 1.86676743397e-07, 1.65453741374e-07, 1.55296334015e-07, 1.2451576481e-07, 8.65066596134e-08, 5.7279549992e-08, 3.36006351631e-08], "min": [1.52730996984e-23, 1.76569395352e-23, 8.37606987137e-24, 2.28931820762e-23, 1.02495711339e-23, 5.37384078765e-24, 9.01465119643e-24, 5.52723321295e-24, 9.42358091248e-24, 2.27382908152e-23, 7.45931094759e-24, 4.22348634477e-24, 1.65327512141e-23, 1.35321814993e-23, 1.89594530194e-23, 7.15662501826e-24, 6.5514385419e-24, 1.32900564217e-23, 9.38763173216e-24, 1.2169438485e-23, 2.00926564429e-23, 9.09783342344e-24, 7.55875159786e-24, 4.66122328892e-24, 1.14185454552e-23, 1.19314525606e-23, 1.15938650582e-23, 7.14640453637e-24, 7.30197027346e-24, 1.33096564597e-23, 1.06485935459e-23, 9.80569330205e-24, 1.22665796058e-23, 5.0435727312e-24, 1.03899102778e-23, 1.01263226615e-23, 8.9998308666e-24, 1.13412307756e-23, 1.14466076042e-23, 1.35655156057e-23], "var": [1.64755817877e-07, 1.37987774451e-06, 6.31422665265e-07, 6.0769917809e-07, 9.09857988063e-07, 1.30840726342e-06, 2.75043419151e-07, 2.23242835773e-07, 1.520356534e-07, 3.28558286355e-07, 3.61791876458e-07, 9.23083121052e-07, 2.84659222416e-07, 1.18631547252e-07, 7.77258719609e-08, 3.79764344416e-08, 1.28787212006e-08, 1.28626238549e-08, 3.5569898138e-09, 2.03723704573e-09, 3.45766837384e-09, 8.72021399534e-10, 8.20775281074e-10, 9.90514337218e-10, 2.77102091273e-10, 2.83033818604e-10, 6.12465855809e-10, 6.00556715469e-10, 8.00468996642e-11, 1.71969782164e-11, 2.86549881046e-11, 2.50917672057e-11, 3.36028045667e-11, 6.04643592139e-12, 3.91223772128e-12, 3.314941854e-12, 2.29763538924e-12, 2.78554718354e-12, 4.13661769769e-12, 1.32158303398e-12]}, "melbands_crest": {"dmean": 2.4105899334, "dmean2": 3.86797881126, "dvar": 5.44698619843, "dvar2": 13.7673406601, "max": 33.905330658, "mean": 13.1058759689, "median": 12.1191301346, "min": 2.0646109581, "var": 31.0455436707}, "melbands_flatness_db": {"dmean": 0.0174505449831, "dmean2": 0.0259312316775, "dvar": 0.000374138267944, "dvar2": 0.00074159441283, "max": 0.586698591709, "mean": 0.235294759274, "median": 0.215936869383, "min": 0.00605048146099, "var": 0.0107429837808}, "melbands_kurtosis": {"dmean": 3.95497751236, "dmean2": 6.15723991394, "dvar": 62.6944274902, "dvar2": 150.556335449, "max": 309.166687012, "mean": 9.46238040924, "median": 4.27960586548, "min": -1.8644194603, "var": 234.620773315}, "melbands_skewness": {"dmean": 0.458958953619, "dmean2": 0.701059758663, "dvar": 0.246050402522, "dvar2": 0.548595964909, "max": 11.8897743225, "mean": 1.73999106884, "median": 1.47518205643, "min": -1.85836994648, "var": 1.95338582993}, "melbands_spread": {"dmean": 3.48543953896, "dmean2": 5.35111761093, "dvar": 20.8329296112, "dvar2": 45.7367172241, "max": 139.377105713, "mean": 18.8331661224, "median": 16.5586280823, "min": 0.576439082623, "var": 200.18371582}, "mfcc": {"cov": [[11257.9345703, -1301.59570312, -1331.53125, -54.9364814758, -629.366577148, -151.093002319, 370.145507812, -89.3943862915, -309.808776855, 432.598297119, 180.133636475, -220.351470947, -311.051116943], [-1301.59570312, 2626.86914062, 1025.70947266, 437.849517822, 315.108123779, -49.7691497803, -159.468032837, -45.595375061, -120.608779907, -51.1896095276, -71.9791107178, -66.4764556885, -111.833625793], [-1331.53125, 1025.70947266, 1280.34570312, 251.939315796, 267.994506836, 76.8184280396, -113.253570557, 0.519724726677, -35.4718399048, -127.984954834, -58.2398033142, -11.6885719299, -41.425365448], [-54.9364814758, 437.849517822, 251.939315796, 335.177032471, 103.06627655, 18.629404068, -32.2598457336, 4.63087749481, -19.1715869904, -7.59919881821, -7.1907954216, -4.37567710876, -15.1714057922], [-629.366577148, 315.108123779, 267.994506836, 103.06627655, 258.623260498, 39.6142807007, -72.8540267944, 9.63612937927, 34.4129333496, -27.5951766968, -31.2778072357, 7.18681144714, 26.0059318542], [-151.093002319, -49.7691497803, 76.8184280396, 18.629404068, 39.6142807007, 158.93196106, 82.4479827881, 28.1959819794, 27.0529594421, -17.3414115906, 6.20365476608, 11.9884195328, 19.9367713928], [370.145507812, -159.468032837, -113.253570557, -32.2598457336, -72.8540267944, 82.4479827881, 304.862091064, 92.5831222534, -24.6084709167, 33.8884086609, 7.62489128113, -9.77959156036, 11.2679595947], [-89.3943862915, -45.595375061, 0.519724726677, 4.63087749481, 9.63612937927, 28.1959819794, 92.5831222534, 150.68522644, 28.409318924, 3.24744582176, -21.5695781708, -2.69083714485, 26.6252307892], [-309.808776855, -120.608779907, -35.4718399048, -19.1715869904, 34.4129333496, 27.0529594421, -24.6084709167, 28.409318924, 169.974105835, 6.19855451584, 6.2542757988, 3.19337058067, 11.0232772827], [432.598297119, -51.1896095276, -127.984954834, -7.59919881821, -27.5951766968, -17.3414115906, 33.8884086609, 3.24744582176, 6.19855451584, 161.477935791, 50.3271026611, -28.5774841309, -39.2792816162], [180.133636475, -71.9791107178, -58.2398033142, -7.1907954216, -31.2778072357, 6.20365476608, 7.62489128113, -21.5695781708, 6.2542757988, 50.3271026611, 113.776802063, 32.2928085327, -20.6607952118], [-220.351470947, -66.4764556885, -11.6885719299, -4.37567710876, 7.18681144714, 11.9884195328, -9.77959156036, -2.69083714485, 3.19337058067, -28.5774841309, 32.2928085327, 127.569221497, 76.5058517456], [-311.051116943, -111.833625793, -41.425365448, -15.1714057922, 26.0059318542, 19.9367713928, 11.2679595947, 26.6252307892, 11.0232772827, -39.2792816162, -20.6607952118, 76.5058517456, 153.40284729]], "icov": [[0.000136087430292, 5.80281521252e-05, 8.00127309049e-05, -0.000147531827679, 0.00013157648209, 3.61501261068e-05, -8.25508905109e-05, 6.74102921039e-05, 0.000228243457968, -0.000188298028661, -2.30332334468e-05, 0.000106882893306, 0.000171597595909], [5.80281521252e-05, 0.000732619373593, -0.000368998065824, -0.000561030232348, -0.000353551993612, 0.000496046384797, -0.00011216475832, 0.00015874557721, 0.000409771455452, -0.000193042797036, 0.000172782107256, 7.07232466084e-05, 0.000381904857932], [8.00127309049e-05, -0.000368998065824, 0.00154623668641, -0.000310291041387, -0.000668145657983, -0.000769290607423, 0.000313626951538, -0.000299342762446, 0.00045262670028, 0.000780667527579, -3.56862547051e-05, -4.77959656564e-05, 0.000708660751116], [-0.000147531827679, -0.000561030232348, -0.000310291041387, 0.00427263276652, -0.00092388613848, -0.000514060549904, 0.000309602794005, -0.000489742320497, 0.00016392620455, -7.25813370082e-05, -0.000256590225035, -0.000259075284703, -1.94028416445e-05], [0.00013157648209, -0.000353551993612, -0.000668145657983, -0.00092388613848, 0.00671119848266, -0.00182534498163, 0.00161862699315, -0.000484926102217, -0.000929164176341, -0.00102803797927, 0.00113438419066, 0.000153934102855, -0.00131843308918], [3.61501261068e-05, 0.000496046384797, -0.000769290607423, -0.000514060549904, -0.00182534498163, 0.00962451566011, -0.00366211985238, 0.000916972989216, -0.00161596317776, 0.00130253459793, -0.00138174544554, 0.0001236647513, -0.00045333665912], [-8.25508905109e-05, -0.00011216475832, 0.000313626951538, 0.000309602794005, 0.00161862699315, -0.00366211985238, 0.006198303774, -0.00354955159128, 0.00166995241307, -0.000939982419368, -9.27704022615e-05, 0.00049858802231, -0.000393353664549], [6.74102921039e-05, 0.00015874557721, -0.000299342762446, -0.000489742320497, -0.000484926102217, 0.000916972989216, -0.00354955159128, 0.00964271090925, -0.00202715257183, -0.000546802126337, 0.00176378886681, 0.00022675836226, -0.00119660247583], [0.000228243457968, 0.000409771455452, 0.00045262670028, 0.00016392620455, -0.000929164176341, -0.00161596317776, 0.00166995241307, -0.00202715257183, 0.00774329481646, -0.000619238475338, -0.000764911994338, 0.000568403222132, 0.000395211362047], [-0.000188298028661, -0.000193042797036, 0.000780667527579, -7.25813370082e-05, -0.00102803797927, 0.00130253459793, -0.000939982419368, -0.000546802126337, -0.000619238475338, 0.00943479686975, -0.00460429536179, 0.00253389310092, 0.000426514248829], [-2.30332334468e-05, 0.000172782107256, -3.56862547051e-05, -0.000256590225035, 0.00113438419066, -0.00138174544554, -9.27704022615e-05, 0.00176378886681, -0.000764911994338, -0.00460429536179, 0.0143973510712, -0.00692082149908, 0.00399888632819], [0.000106882893306, 7.07232466084e-05, -4.77959656564e-05, -0.000259075284703, 0.000153934102855, 0.0001236647513, 0.00049858802231, 0.00022675836226, 0.000568403222132, 0.00253389310092, -0.00692082149908, 0.0149843627587, -0.00768562499434], [0.000171597595909, 0.000381904857932, 0.000708660751116, -1.94028416445e-05, -0.00131843308918, -0.00045333665912, -0.000393353664549, -0.00119660247583, 0.000395211362047, 0.000426514248829, 0.00399888632819, -0.00768562499434, 0.0123060094193]], "mean": [-691.404541016, 142.289306641, -3.24317073822, 10.7036523819, -3.32282209396, -2.6623044014, 2.21525192261, 3.79375600815, -6.84261322021, 0.554036200047, -3.24482417107, 0.146204337478, -1.52691614628]}, "pitch_salience": {"dmean": 0.0544614158571, "dmean2": 0.0872339978814, "dvar": 0.00246154586785, "dvar2": 0.00627641612664, "max": 0.866794168949, "mean": 0.548452019691, "median": 0.555630803108, "min": 0.0829808339477, "var": 0.0144485235214}, "silence_rate_20dB": {"dmean": 0, "dmean2": 0, "dvar": 0, "dvar2": 0, "max": 1, "mean": 1, "median": 1, "min": 1, "var": 0}, "silence_rate_30dB": {"dmean": 0, "dmean2": 0, "dvar": 0, "dvar2": 0, "max": 1, "mean": 1, "median": 1, "min": 1, "var": 0}, "silence_rate_60dB": {"dmean": 0.0150182787329, "dmean2": 0.0300395265222, "dvar": 0.014795572497, "dvar2": 0.0340872444212, "max": 1, "mean": 0.0960284546018, "median": 0, "min": 0, "var": 0.0868016034365}, "spectral_centroid": {"dmean": 132.639389038, "dmean2": 203.343399048, "dvar": 32991.34375, "dvar2": 63889.8359375, "max": 10616.3662109, "mean": 1110.82641602, "median": 986.330810547, "min": 192.345306396, "var": 486627.46875}, "spectral_complexity": {"dmean": 1.91423773766, "dmean2": 3.09901189804, "dvar": 4.1854095459, "dvar2": 9.77711486816, "max": 52, "mean": 15.1054143906, "median": 14, "min": 0, "var": 81.7598495483}, "spectral_contrast_coeffs": {"dmean": [0.0416599325836, 0.0406871251762, 0.0342630520463, 0.0294429492205, 0.0214427262545, 0.0142259830609], "dmean2": [0.0690832585096, 0.0662406682968, 0.0544356256723, 0.0468850806355, 0.0341112613678, 0.0228387154639], "dvar": [0.00127387361135, 0.00110659957863, 0.000823102658615, 0.000595776829869, 0.00033482152503, 0.000178755071829], "dvar2": [0.00340480124578, 0.00294071692042, 0.00199305219576, 0.00146331510041, 0.000781543494668, 0.00042740884237], "max": [-0.299397230148, -0.353659033775, -0.399307072163, -0.520885050297, -0.567973136902, -0.627408087254], "mean": [-0.625163197517, -0.719901680946, -0.715065598488, -0.740812897682, -0.76552772522, -0.788272798061], "median": [-0.62759244442, -0.726808071136, -0.724933981895, -0.739839792252, -0.767842769623, -0.784902691841], "min": [-0.95915299654, -0.94814735651, -0.957227468491, -0.968663871288, -0.959173858166, -0.95920675993], "var": [0.00969844311476, 0.00724422372878, 0.00841628108174, 0.00589572964236, 0.00356928212568, 0.00178471510299]}, "spectral_contrast_valleys": {"dmean": [0.362759888172, 0.305457681417, 0.272240757942, 0.255484491587, 0.21061976254, 0.21903924644], "dmean2": [0.596307873726, 0.501626193523, 0.440262794495, 0.402804493904, 0.320762991905, 0.303217530251], "dvar": [0.119445107877, 0.0798859670758, 0.0666173323989, 0.0668126121163, 0.0604136176407, 0.0942947566509], "dvar2": [0.281809270382, 0.190233632922, 0.148384362459, 0.13967564702, 0.112220056355, 0.158346951008], "max": [-5.54268550873, -4.78828382492, -5.28219175339, -5.83168172836, -5.86408567429, -7.72318935394], "mean": [-7.94069242477, -6.93069410324, -7.63813352585, -8.43027877808, -8.41033363342, -10.8322353363], "median": [-7.54140281677, -6.67230129242, -7.46899604797, -8.28304195404, -8.20464515686, -10.8341569901], "min": [-27.4101829529, -27.771692276, -27.2627754211, -26.843919754, -27.1125068665, -27.3039798737], "var": [1.86937332153, 1.34764206409, 1.20736432076, 1.33442783356, 1.6289652586, 1.39295995235]}, "spectral_decrease": {"dmean": 1.11232045796e-09, "dmean2": 1.70198255489e-09, "dvar": 1.90318914748e-18, "dvar2": 4.41129258179e-18, "max": -3.10462946393e-29, "mean": -5.43233902306e-09, "median": -4.78183448394e-09, "min": -2.29732339818e-08, "var": 1.56505036893e-17}, "spectral_energy": {"dmean": 0.00445257732645, "dmean2": 0.00679288711399, "dvar": 2.98895156448e-05, "dvar2": 6.88146756147e-05, "max": 0.0895763039589, "mean": 0.0221484098583, "median": 0.0192621126771, "min": 1.07909103641e-20, "var": 0.000262359302724}, "spectral_energyband_high": {"dmean": 0.00015572711709, "dmean2": 0.000230350371567, "dvar": 2.22809305228e-07, "dvar2": 4.83819064812e-07, "max": 0.020975407213, "mean": 0.000443319353508, "median": 8.58147395775e-05, "min": 7.76924543579e-21, "var": 9.17984039006e-07}, "spectral_energyband_low": {"dmean": 0.00129750045016, "dmean2": 0.0020884568803, "dvar": 7.280623322e-06, "dvar2": 1.85769622476e-05, "max": 0.0527402311563, "mean": 0.00410153716803, "median": 0.00292535312474, "min": 8.9907543908e-23, "var": 1.8549078959e-05}, "spectral_energyband_middle_high": {"dmean": 0.00183165376075, "dmean2": 0.0027943989262, "dvar": 9.43524173636e-06, "dvar2": 2.22954931814e-05, "max": 0.0635894984007, "mean": 0.00782943237573, "median": 0.00295381434262, "min": 1.6091097402e-21, "var": 0.000116962379252}, "spectral_energyband_middle_low": {"dmean": 0.00309362937696, "dmean2": 0.00474630715325, "dvar": 1.9043462089e-05, "dvar2": 4.4684693421e-05, "max": 0.0875383839011, "mean": 0.0103816408664, "median": 0.00778600480407, "min": 3.65198246202e-22, "var": 0.000100901503174}, "spectral_entropy": {"dmean": 0.147600829601, "dmean2": 0.215675905347, "dvar": 0.0294025987387, "dvar2": 0.0568937472999, "max": 9.80104827881, "mean": 7.03421831131, "median": 7.13336658478, "min": 4.25475358963, "var": 0.533962726593}, "spectral_flux": {"dmean": 0.0161801688373, "dmean2": 0.0256900675595, "dvar": 0.000330946670147, "dvar2": 0.000792750332039, "max": 0.235893830657, "mean": 0.0608762912452, "median": 0.0570954754949, "min": 1.03879307933e-10, "var": 0.00144491158426}, "spectral_kurtosis": {"dmean": 2.39876461029, "dmean2": 3.96744656563, "dvar": 11.8524856567, "dvar2": 28.513425827, "max": 96.4207000732, "mean": 9.70103645325, "median": 6.54450368881, "min": -1.28002238274, "var": 96.4106445312}, "spectral_rms": {"dmean": 0.000453465967439, "dmean2": 0.000687248364557, "dvar": 2.32892233498e-07, "dvar2": 5.18647539138e-07, "max": 0.00934834312648, "mean": 0.00426878780127, "median": 0.00433500949293, "min": 3.24464435354e-12, "var": 3.3857231756e-06}, "spectral_rolloff": {"dmean": 227.677154541, "dmean2": 388.463500977, "dvar": 264639.0625, "dvar2": 574778.8125, "max": 18497.0214844, "mean": 1231.60302734, "median": 990.52734375, "min": 86.1328125, "var": 1279966.875}, "spectral_skewness": {"dmean": 0.246788486838, "dmean2": 0.396837294102, "dvar": 0.0852313041687, "dvar2": 0.185696065426, "max": 8.50676727295, "mean": 2.25153923035, "median": 1.94841194153, "min": -0.137091219425, "var": 1.09794008732}, "spectral_spread": {"dmean": 418110.9375, "dmean2": 619911.125, "dvar": 453285969920, "dvar2": 807493697536, "max": 40701668, "mean": 3833115.75, "