{"lowlevel": {"average_loudness": 0.25865149498, "barkbands": {"dmean": [0.000203591975151, 0.000917230558116, 0.000471082777949, 0.000494999985676, 0.00135280168615, 0.00103734980803, 0.00128730782308, 0.00188600516412, 0.00116037391126, 0.000419485615566, 0.000362860504538, 0.00018462294247, 5.41850895388e-05, 0.000154049717821, 0.000223544659093, 0.000145558340591, 3.04646728182e-05, 1.40318225021e-05, 1.3657362615e-05, 1.77508482011e-05, 4.19512507506e-05, 1.16498722491e-05, 1.79335086159e-06, 9.06311299786e-07, 8.61817738951e-07, 1.01412001641e-06, 1.54218250827e-05], "dmean2": [0.000336017401423, 0.0015020549763, 0.000778341956902, 0.000774073705543, 0.00203773519024, 0.00164041586686, 0.00195450964384, 0.00284299114719, 0.00178076676093, 0.000653677852824, 0.000564530375414, 0.000275960424915, 8.69561627042e-05, 0.000241248460952, 0.000349467416527, 0.000229513883824, 4.6605051466e-05, 2.14234223677e-05, 2.08360343095e-05, 2.60895230895e-05, 6.28354755463e-05, 1.71373885678e-05, 2.76264950116e-06, 1.53478902121e-06, 1.46068771301e-06, 1.65658582318e-06, 2.21947120735e-05], "dvar": [3.1989932836e-07, 6.99673455529e-06, 1.19840672141e-06, 2.44679563366e-06, 1.81997893378e-05, 8.5542906163e-06, 1.28710616991e-05, 5.29178796569e-05, 9.03281943465e-06, 1.68402743839e-06, 1.84259920388e-06, 6.08588152318e-07, 1.82982340391e-08, 2.54970615288e-07, 3.55084580406e-07, 1.42427168726e-07, 9.66360858001e-09, 2.2573145575e-09, 1.89222015834e-09, 1.10296483058e-08, 2.20854175836e-07, 5.83261794418e-09, 7.10768249812e-11, 4.60058987434e-12, 4.20016278702e-12, 6.74223697705e-12, 5.7772693296e-09], "dvar2": [8.54516486015e-07, 1.83409902093e-05, 3.12375004796e-06, 5.02304555994e-06, 3.87164582207e-05, 1.96984638023e-05, 2.98490504065e-05, 0.000104032464151, 2.03867512028e-05, 3.88185026168e-06, 4.11848714066e-06, 1.14727617984e-06, 4.5437506202e-08, 6.24425069873e-07, 8.63513889726e-07, 3.43444867212e-07, 2.19680345026e-08, 4.89859974806e-09, 4.3439141173e-09, 2.32467005645e-08, 5.2740620049e-07, 1.24478773955e-08, 1.46387096889e-10, 1.22837616814e-11, 1.1188800754e-11, 1.57005554391e-11, 1.27758230661e-08], "max": [0.0176558047533, 0.0588755086064, 0.0237197652459, 0.0464818179607, 0.103706531227, 0.103590518236, 0.0845012739301, 0.210977390409, 0.0931156203151, 0.0308131594211, 0.0453566610813, 0.0344163924456, 0.00449841842055, 0.0154311135411, 0.013098555617, 0.00751951057464, 0.00327597814612, 0.00194528955035, 0.00152475421783, 0.00501266028732, 0.0303489025682, 0.00346027850173, 0.000517540902365, 4.19306306867e-05, 4.03834310418e-05, 9.69154207269e-05, 0.00461805006489], "mean": [0.000269679323537, 0.0013385444181, 0.000643598730676, 0.000673403206747, 0.00229553156532, 0.00169328600168, 0.00198124744929, 0.00300725572743, 0.00190601462964, 0.00061860284768, 0.000503476825543, 0.000287294096779, 8.08743861853e-05, 0.000233138474869, 0.000376187148504, 0.00024233138538, 4.7102705139e-05, 2.21602058446e-05, 2.27921955229e-05, 2.65709040832e-05, 5.50442964595e-05, 1.72415220732e-05, 2.54669589594e-06, 8.50557228205e-07, 7.90132844486e-07, 1.19150456612e-06, 3.13293494401e-05], "median": [6.89685766702e-05, 0.000323690939695, 0.000182263422175, 0.000155943576829, 0.000514562008902, 0.000481739814859, 0.000310795672704, 0.00025008135708, 0.000272378587397, 7.29243838578e-05, 4.49254330306e-05, 3.36942430295e-05, 1.46049960676e-05, 2.04592251976e-05, 4.37379749201e-05, 5.79590196139e-05, 8.4832063294e-06, 4.66937990495e-06, 4.47644288215e-06, 4.46499552709e-06, 5.8932068896e-06, 2.44168018071e-06, 7.25913139377e-07, 1.70906659491e-07, 1.37807518286e-07, 3.36102857545e-07, 6.50865604257e-06], "min": [1.0987307936e-24, 5.90567621603e-24, 2.62588109799e-24, 1.62509981033e-24, 1.0086943514e-23, 1.62919656223e-23, 1.64224337497e-23, 8.59116226351e-24, 1.3539391688e-23, 2.60450979111e-23, 8.78006289588e-24, 3.831610066e-23, 4.85532401349e-23, 4.71353920309e-23, 4.70683199213e-23, 7.79005760595e-23, 9.51350790023e-23, 1.17896272027e-22, 1.29516407731e-22, 2.02688153939e-22, 2.65661922883e-22, 3.57742866937e-22, 4.17757183174e-22, 7.0033915011e-22, 8.35680872797e-22, 1.28958457142e-21, 2.07098883519e-21], "var": [4.1749291313e-07, 1.0614688108e-05, 1.9874132704e-06, 5.25499581272e-06, 4.92348081025e-05, 1.86979741557e-05, 2.70275450021e-05, 0.000150401057908, 2.82225955743e-05, 3.40392944054e-06, 3.7389309e-06, 1.64453297202e-06, 3.49330662175e-08, 4.44860290827e-07, 8.11432698811e-07, 2.75232565627e-07, 1.6065303754e-08, 3.96893584664e-09, 3.6394249836e-09, 2.0654653099e-08, 2.32813519574e-07, 1.03322133072e-08, 1.06280151346e-10, 4.48540683762e-12, 4.07775939751e-12, 9.24057618618e-12, 8.85749518176e-09]}, "barkbands_crest": {"dmean": 3.01386809349, "dmean2": 4.9030790329, "dvar": 6.89971828461, "dvar2": 17.5304050446, "max": 25.9002552032, "mean": 10.979467392, "median": 9.87508678436, "min": 2.90886831284, "var": 20.9800701141}, "barkbands_flatness_db": {"dmean": 0.029393048957, "dmean2": 0.0460607931018, "dvar": 0.000635748496279, "dvar2": 0.00155601021834, "max": 0.473693937063, "mean": 0.188401609659, "median": 0.182922303677, "min": 0.0282434634864, "var": 0.00266558630392}, "barkbands_kurtosis": {"dmean": 5.18250131607, "dmean2": 8.23234367371, "dvar": 125.474411011, "dvar2": 313.278411865, "max": 304.644012451, "mean": 9.13101100922, "median": 4.51074886322, "min": -1.90027403831, "var": 286.451324463}, "barkbands_skewness": {"dmean": 0.657875180244, "dmean2": 1.02372288704, "dvar": 0.497055470943, "dvar2": 1.19648718834, "max": 13.3453607559, "mean": 1.59447205067, "median": 1.3918967247, "min": -4.62660503387, "var": 2.2821290493}, "barkbands_spread": {"dmean": 3.63391065598, "dmean2": 5.73318529129, "dvar": 28.7316303253, "dvar2": 62.595916748, "max": 95.3682556152, "mean": 11.0772104263, "median": 9.30679607391, "min": 0.347465276718, "var": 79.2115783691}, "dissonance": {"dmean": 0.036606837064, "dmean2": 0.0616310574114, "dvar": 0.001204537577, "dvar2": 0.00329829915427, "max": 0.499992996454, "mean": 0.43457710743, "median": 0.444251090288, "min": 0.143444418907, "var": 0.00226365379058}, "dynamic_complexity": 6.49900054932, "erbbands": {"dmean": [0.0288718752563, 0.209243327379, 0.496112793684, 1.04036450386, 3.16665840149, 4.7915353775, 7.36867523193, 8.62075042725, 13.3892860413, 28.0279846191, 38.5692024231, 31.9211006165, 12.689453125, 16.631778717, 11.1210308075, 6.08752059937, 2.55660963058, 5.89872550964, 9.58822822571, 11.6543579102, 4.55905151367, 1.58888566494, 0.815779447556, 0.652411282063, 0.696944653988, 0.884582400322, 1.31926965714, 1.67435085773, 0.551463246346, 0.0862674713135, 0.046930719167, 0.0205420721322, 0.0144590251148, 0.0097487969324, 0.00607197545469, 0.00337272812612, 0.00177101057488, 0.00291440612637, 0.00236709811725, 0.000213576669921], "dmean2": [0.0467543490231, 0.346412360668, 0.812935769558, 1.62827849388, 4.81132316589, 7.2539229393, 11.5704717636, 13.6453504562, 20.2243423462, 41.9021034241, 58.0806045532, 48.8328094482, 19.5639057159, 25.5141296387, 16.9911136627, 9.04814243317, 4.0038561821, 9.26364517212, 14.9480085373, 18.0669937134, 7.04585123062, 2.39410233498, 1.23910534382, 0.982587814331, 1.03616547585, 1.28769922256, 1.95485162735, 2.57786130905, 0.792323708534, 0.127612635493, 0.0736665129662, 0.0345976501703, 0.0244720168412, 0.0165182445198, 0.010289256461, 0.00571131426841, 0.0029134999495, 0.00415940862149, 0.00340924900956, 0.000302956643282], "dvar": [0.00495688430965, 0.435370445251, 1.40635216236, 7.39339590073, 166.795043945, 268.743164062, 384.213012695, 761.723999023, 1500.33129883, 11103.7998047, 17391.3789062, 7525.92822266, 1217.53186035, 2855.64868164, 2408.71069336, 582.048095703, 42.7291984558, 343.544403076, 805.813598633, 881.815917969, 148.867111206, 24.3211917877, 7.58961439133, 3.97189354897, 5.91860198975, 27.5850772858, 133.660369873, 439.807434082, 14.4632358551, 0.220504805446, 0.0336237736046, 0.00230006920174, 0.00117211253382, 0.000536967359949, 0.000208456738619, 6.411679351e-05, 1.77576148417e-05, 0.000405516184401, 0.000477162306197, 2.76243099506e-07], "dvar2": [0.0128391468897, 1.16560781002, 3.7048099041, 16.474691391, 334.10357666, 568.485595703, 886.748962402, 1691.00537109, 3408.40991211, 23183.1972656, 36978.765625, 16841.75, 2840.21411133, 5998.35351562, 5972.61523438, 1032.84936523, 103.265281677, 832.44317627, 2006.57617188, 2126.18823242, 337.228118896, 54.9570503235, 17.231086731, 9.39111614227, 12.8878250122, 58.7398414612, 260.816345215, 1140.51708984, 30.467716217, 0.440991610289, 0.0651703104377, 0.00610932102427, 0.00312635209411, 0.00143020402174, 0.000555226113647, 0.000170885556145, 4.41326992586e-05, 0.000847901217639, 0.00108334538527, 5.67139750274e-07], "max": [1.52111744881, 14.2690238953, 25.2463283539, 84.4971847534, 477.066436768, 420.02947998, 410.516967773, 984.53692627, 1106.60205078, 3554.41625977, 4059.88989258, 2955.7734375, 812.183044434, 1924.69421387, 1973.68481445, 1478.91638184, 210.223724365, 488.064056396, 598.571594238, 658.487792969, 317.36907959, 139.4637146, 124.677398682, 53.9168510437, 77.3099517822, 222.829299927, 593.95111084, 1336.55639648, 168.827255249, 27.8703250885, 9.46316242218, 0.930021941662, 0.671803414822, 0.456520617008, 0.284722179174, 0.157829448581, 0.122469015419, 1.20541012287, 1.37269067764, 0.0203032754362], "mean": [0.0428757891059, 0.287995547056, 0.703994572163, 1.56816649437, 5.37888622284, 7.66640996933, 11.0010232925, 14.1597547531, 21.8911724091, 45.3017158508, 62.5282173157, 53.5869064331, 21.329208374, 25.3757133484, 16.2270927429, 9.94835567474, 4.30400514603, 9.37680435181, 16.4363670349, 21.1730937958, 8.48413944244, 2.71002960205, 1.34239006042, 1.13742184639, 1.1341136694, 1.31082701683, 1.83479475975, 2.16096544266, 0.828245639801, 0.130414485931, 0.0671311020851, 0.0205422341824, 0.0135627137497, 0.00897968374193, 0.00557908276096, 0.00313817872666, 0.00200470304117, 0.00455928826705, 0.00363021157682, 0.000518285611179], "median": [0.0107878129929, 0.0658070221543, 0.220153570175, 0.521403193474, 0.897281765938, 1.65853142738, 3.17470836639, 4.01711702347, 4.14698028564, 5.36904096603, 7.1743478775, 7.20863485336, 3.34345674515, 2.94647502899, 1.81833827496, 1.39514505863, 0.849146544933, 1.06051945686, 1.77603125572, 3.97847008705, 1.99515664577, 0.559187829494, 0.30026653409, 0.213224411011, 0.237184092402, 0.216447621584, 0.219542562962, 0.227308273315, 0.109712973237, 0.0313830040395, 0.0198419373482, 0.00492686964571, 0.00272614508867, 0.00158927275334, 0.000984432990663, 0.000596707046498, 0.000557610124815, 0.000872655364219, 0.000546086288523, 0.000139550073072], "min": [1.57812974619e-22, 1.03035069109e-21, 3.26445334326e-21, 7.24513523706e-21, 1.08732334143e-20, 3.11598516696e-20, 9.85220447918e-20, 1.16572793044e-19, 2.40877243273e-19, 1.85577169095e-19, 3.06881525715e-19, 3.64959634281e-19, 5.80605723372e-19, 8.51913519664e-19, 1.06346041183e-18, 9.42653371704e-19, 2.16080813861e-18, 2.34382701902e-18, 2.80485013636e-18, 4.48589476046e-18, 3.75664778294e-18, 5.36155229282e-18, 5.90662419823e-18, 7.93847384537e-18, 8.51828444138e-18, 9.04014938111e-18, 9.46293297272e-18, 1.11277274269e-17, 1.29433342775e-17, 1.21942808738e-17, 1.25331643631e-17, 1.25608451351e-17, 1.03429108694e-17, 8.9659372181e-18, 6.649854664e-18, 3.96042910352e-18, 2.62021763338e-18, 1.03187162501e-18, 2.42518912445e-19, 2.76527254258e-20], "var": [0.00832893513143, 0.597322821617, 2.18791079521, 14.4907522202, 587.974243164, 560.285095215, 644.972167969, 1752.1307373, 3467.70019531, 28425.6972656, 48062.7617188, 24397.3027344, 2949.92407227, 6679.54492188, 3723.96899414, 1685.43603516, 95.5924682617, 632.789306641, 1641.69897461, 2190.24121094, 323.845825195, 43.2770271301, 12.675403595, 8.21223068237, 11.0125799179, 51.8548660278, 195.970291138, 391.133300781, 25.4181423187, 0.361787676811, 0.0575053915381, 0.00232179183513, 0.00114254211076, 0.00052194588352, 0.000202681985684, 6.24324311502e-05, 2.17025644815e-05, 0.000633452320471, 0.00060010998277, 8.21976755105e-07]}, "erbbands_crest": {"dmean": 3.462651968, "dmean2": 5.65742111206, "dvar": 9.45140457153, "dvar2": 23.934469223, "max": 32.0182304382, "mean": 12.301659584, "median": 11.1100616455, "min": 2.75763392448, "var": 29.3015861511}, "erbbands_flatness_db": {"dmean": 0.0298490542918, "dmean2": 0.0465854257345, "dvar": 0.000609847076703, "dvar2": 0.00146419019438, "max": 0.442440003157, "mean": 0.217213824391, "median": 0.215828314424, "min": 0.0454406216741, "var": 0.00285955518484}, "erbbands_kurtosis": {"dmean": 2.45340394974, "dmean2": 3.87059283257, "dvar": 17.8665370941, "dvar2": 41.8378562927, "max": 101.1769104, "mean": 3.23676204681, "median": 1.1973323822, "min": -1.83249497414, "var": 58.4780769348}, "erbbands_skewness": {"dmean": 0.536385178566, "dmean2": 0.819345057011, "dvar": 0.285761088133, "dvar2": 0.639443576336, "max": 7.3241648674, "mean": 0.898580133915, "median": 0.893952488899, "min": -6.0348072052, "var": 1.16482174397}, "erbbands_spread": {"dmean": 6.14146471024, "dmean2": 9.56053066254, "dvar": 52.5699119568, "dvar2": 127.070999146, "max": 112.614402771, "mean": 21.1004886627, "median": 18.6018257141, "min": 0.658368527889, "var": 169.655792236}, "gfcc": {"cov": [[16757.59375, 501.827880859, -1710.29003906, -493.015716553, -130.774505615, -701.490478516, 247.4347229, -448.648162842, 236.480911255, 136.177841187, -93.9503479004, -125.896133423, 79.5754623413], [501.827880859, 944.68963623, -22.385307312, -158.070663452, 53.7543678284, -101.908622742, -15.0115747452, -75.3869476318, 152.478317261, -6.20920801163, -38.3259544373, -39.6409492493, 53.7516403198], [-1710.29003906, -22.385307312, 741.20123291, 395.610351562, -38.2788619995, 198.05682373, -147.835388184, 140.89074707, -141.140319824, 1.54097616673, 8.76221847534, 28.0977706909, -55.2202835083], [-493.015716553, -158.070663452, 395.610351562, 591.971557617, 166.716964722, -42.7467727661, 84.0401916504, -64.2741775513, -74.2791900635, -24.6951389313, 15.2425661087, 67.2875213623, -85.2908935547], [-130.774505615, 53.7543678284, -38.2788619995, 166.716964722, 269.213165283, 14.0997104645, 102.814872742, -95.1184692383, 7.0532951355, -42.4632034302, 19.3731632233, 28.0483417511, 6.52762460709], [-701.490478516, -101.908622742, 198.05682373, -42.7467727661, 14.0997104645, 439.747283936, -22.4694442749, 185.043212891, -181.967788696, -54.835193634, 45.4473991394, 42.295085907, -17.8550682068], [247.4347229, -15.0115747452, -147.835388184, 84.0401916504, 102.814872742, -22.4694442749, 389.452545166, -49.8807945251, 20.5105018616, -59.4548530579, 12.0891103745, 56.9749908447, -45.6501274109], [-448.648162842, -75.3869476318, 140.89074707, -64.2741775513, -95.1184692383, 185.043212891, -49.8807945251, 321.01852417, 40.4306297302, 28.1016082764, 17.3224277496, -13.3204870224, -3.98973178864], [236.480911255, 152.478317261, -141.140319824, -74.2791900635, 7.0532951355, -181.967788696, 20.5105018616, 40.4306297302, 311.813140869, 105.946601868, -37.1530609131, -36.5759010315, 29.8496398926], [136.177841187, -6.20920801163, 1.54097616673, -24.6951389313, -42.4632034302, -54.835193634, -59.4548530579, 28.1016082764, 105.946601868, 132.507095337, 26.9006881714, -31.7900695801, 18.8845710754], [-93.9503479004, -38.3259544373, 8.76221847534, 15.2425661087, 19.3731632233, 45.4473991394, 12.0891103745, 17.3224277496, -37.1530609131, 26.9006881714, 98.4883804321, 59.8008804321, -11.6088943481], [-125.896133423, -39.6409492493, 28.0977706909, 67.2875213623, 28.0483417511, 42.295085907, 56.9749908447, -13.3204870224, -36.5759010315, -31.7900695801, 59.8008804321, 118.201408386, 2.74120521545], [79.5754623413, 53.7516403198, -55.2202835083, -85.2908935547, 6.52762460709, -17.8550682068, -45.6501274109, -3.98973178864, 29.8496398926, 18.8845710754, -11.6088943481, 2.74120521545, 118.008255005]], "icov": [[0.000123355028336, -0.000262242625467, 0.000868626520969, -0.000774687097874, 0.000577494793106, -0.00029741533217, 0.000139495459734, -6.94617629051e-05, 0.000213674138649, -0.000339392456226, 0.000208952100365, 4.42463679065e-05, -0.000122716854094], [-0.000262242625467, 0.00240313424729, -0.00370679539628, 0.00356817641295, -0.0021184461657, 0.00112520949915, -0.000667675863951, 0.00135814910755, -0.00230930559337, 0.00283005856909, -0.00209692306817, 0.00106120237615, -9.80256227194e-05], [0.000868626520969, -0.00370679539628, 0.0145539268851, -0.015936486423, 0.0124568110332, -0.00892679393291, 0.0036494510714, 0.000595877703745, -0.00172918161843, 0.00161646201741, -0.00329537177458, 0.00551170855761, -0.00448648165911], [-0.000774687097874, 0.00356817641295, -0.015936486423, 0.0251947194338, -0.0239653307945, 0.0172108784318, -0.00397246750072, -0.00796456541866, 0.0142432814464, -0.0175276566297, 0.0213871337473, -0.021078530699, 0.0135688697919], [0.000577494793106, -0.0021184461657, 0.0124568110332, -0.0239653307945, 0.0312542766333, -0.0204299744219, 0.00222395849414, 0.0145636918023, -0.0226866044104, 0.0283312685788, -0.0329850055277, 0.0287330076098, -0.0170913916081], [-0.00029741533217, 0.00112520949915, -0.00892679393291, 0.0172108784318, -0.0204299744219, 0.0194312501699, -0.00230140122585, -0.0130649739876, 0.019297298044, -0.0200407411903, 0.0230868309736, -0.0214550495148, 0.0117836277932], [0.000139495459734, -0.000667675863951, 0.0036494510714, -0.00397246750072, 0.00222395849414, -0.00230140122585, 0.00454774266109, 0.000430656422395, -0.00183229648974, 0.00251233810559, -0.00134552293457, 0.000253851118032, 0.000272388861049], [-6.94617629051e-05, 0.00135814910755, 0.000595877703745, -0.00796456541866, 0.0145636918023, -0.0130649739876, 0.000430656422395, 0.0159555152059, -0.0190201271325, 0.0208527110517, -0.0239736344665, 0.0196544770151, -0.00946658477187], [0.000213674138649, -0.00230930559337, -0.00172918161843, 0.0142432814464, -0.0226866044104, 0.019297298044, -0.00183229648974, -0.0190201271325, 0.0342833437026, -0.0397024154663, 0.0418259389699, -0.0326216705143, 0.0157698262483], [-0.000339392456226, 0.00283005856909, 0.00161646201741, -0.0175276566297, 0.0283312685788, -0.0200407411903, 0.00251233810559, 0.0208527110517, -0.0397024154663, 0.0601569935679, -0.0589207671583, 0.0459896698594, -0.0223432555795], [0.000208952100365, -0.00209692306817, -0.00329537177458, 0.0213871337473, -0.0329850055277, 0.0230868309736, -0.00134552293457, -0.0239736344665, 0.0418259389699, -0.0589207671583, 0.0758726969361, -0.0562598891556, 0.0263364892453], [4.42463679065e-05, 0.00106120237615, 0.00551170855761, -0.021078530699, 0.0287330076098, -0.0214550495148, 0.000253851118032, 0.0196544770151, -0.0326216705143, 0.0459896698594, -0.0562598891556, 0.0537778623402, -0.0231333598495], [-0.000122716854094, -9.80256227194e-05, -0.00448648165911, 0.0135688697919, -0.0170913916081, 0.0117836277932, 0.000272388861049, -0.00946658477187, 0.0157698262483, -0.0223432555795, 0.0263364892453, -0.0231333598495, 0.0215373877436]], "mean": [-119.639938354, 130.655090332, -98.8877487183, -7.53786230087, -35.5998382568, -22.6435661316, -12.5533800125, -14.56016922, 3.3482196331, 0.353645205498, -21.1942825317, -5.49844694138, 0.529627740383]}, "hfc": {"dmean": 3.56544542313, "dmean2": 4.96670722961, "dvar": 51.2178764343, "dvar2": 104.660430908, "max": 254.775588989, "mean": 10.118188858, "median": 3.70016217232, "min": 1.08027822618e-16, "var": 232.041854858}, "melbands": {"dmean": [0.000255722698057, 0.000255887396634, 0.000233713886701, 0.000283374392893, 0.000247590971412, 0.00019245405565, 0.000228726057685, 0.000335463235388, 0.000287959788693, 0.000199101079488, 6.03039152338e-05, 6.80410666973e-05, 4.09954300267e-05, 2.53739817708e-05, 7.60478269513e-06, 5.89206274526e-06, 1.29470336105e-05, 1.59213504958e-05, 1.8064996766e-05, 1.38540535772e-05, 4.23340452471e-06, 1.87151340469e-06, 9.65951812759e-07, 6.76632964769e-07, 5.38218046131e-07, 5.48903301478e-07, 5.13702616445e-07, 6.39183724616e-07, 7.4049506793e-07, 1.21150253563e-06, 8.69705615969e-07, 3.88663266904e-07, 7.48751531887e-08, 4.02791862086e-08, 3.30074385602e-08, 1.38951863349e-08, 1.18906031688e-08, 1.03194777168e-08, 8.99948737754e-09, 7.95241916762e-09], "dmean2": [0.000411997491028, 0.000419220887125, 0.000355851370841, 0.000428494386142, 0.000381390273105, 0.000302539760014, 0.000345026288414, 0.00049888814101, 0.000438440503785, 0.000305875961203, 9.39609963098e-05, 0.000104672864836, 6.31484945188e-05, 3.81961908715e-05, 1.185992096e-05, 9.3871340141e-06, 2.03611616598e-05, 2.52283316513e-05, 2.83565314021e-05, 2.18070417759e-05, 6.65489505991e-06, 2.86101135316e-06, 1.50051391756e-06, 1.02673561742e-06, 8.26164921364e-07, 8.42544636726e-07, 7.60183638704e-07, 9.67115056483e-07, 1.10810117349e-06, 1.89042395959e-06, 1.33219873533e-06, 5.72291469325e-07, 1.12509553674e-07, 6.22092102276e-08, 5.18939629046e-08, 2.34288748402e-08, 2.01441405778e-08, 1.74704410938e-08, 1.52487800165e-08, 1.34749971181e-08], "dvar": [4.55447633385e-07, 4.5153601036e-07, 5.23270671238e-07, 9.31900729029e-07, 4.82980965444e-07, 3.63459918162e-07, 3.92064009702e-07, 1.71509702795e-06, 8.6733820126e-07, 3.05179071347e-07, 3.10299874684e-08, 4.78450310482e-08, 2.70206470532e-08, 1.24020509418e-08, 5.29289279072e-10, 2.48707054951e-10, 1.79005033019e-09, 2.50939624635e-09, 2.36510766527e-09, 1.25208510227e-09, 1.62005575621e-10, 3.94571667006e-11, 1.02540267943e-11, 5.07328857743e-12, 2.93858275387e-12, 3.17129482397e-12, 5.00368366532e-12, 1.6905164768e-11, 3.89208214269e-11, 2.5392915548e-10, 8.67658930814e-11, 6.99368037441e-12, 1.95380251691e-13, 6.41268247813e-14, 2.14246887375e-14, 1.04210717611e-15, 7.84056841719e-16, 5.94547248754e-16, 4.57486094702e-16, 3.57357430035e-16], "dvar2": [1.16119053928e-06, 1.20477750443e-06, 1.03052400391e-06, 2.01311945602e-06, 1.08770666429e-06, 8.18833200356e-07, 8.97763811736e-07, 3.4034901546e-06, 1.89958677765e-06, 6.79379525081e-07, 7.36139043056e-08, 1.02211608066e-07, 6.62408226049e-08, 2.35932873238e-08, 1.16318743526e-09, 6.19542583902e-10, 4.36418190475e-09, 6.32509333798e-09, 5.75186565044e-09, 3.06539527095e-09, 3.76930403556e-10, 9.15448758465e-11, 2.5038002921e-11, 1.08566376375e-11, 7.20687702224e-12, 7.08366264951e-12, 1.12102575486e-11, 3.79052969568e-11, 8.10771033644e-11, 6.4928296073e-10, 2.19010684588e-10, 1.52262959185e-11, 4.36524704188e-13, 1.47967331747e-13, 4.1533345773e-14, 2.77498687311e-15, 2.09784184178e-15, 1.58690055657e-15, 1.21845562408e-15, 9.51861744806e-16], "max": [0.015379184857, 0.0164418201894, 0.0248566120863, 0.0251572597772, 0.0171422995627, 0.0230911467224, 0.014899013564, 0.0452274270356, 0.028929123655, 0.0184077359736, 0.00433401530609, 0.00725526595488, 0.00643499009311, 0.00494012888521, 0.000888221955393, 0.000591204734519, 0.00114010088146, 0.00105854985304, 0.00145116471685, 0.000701515702531, 0.000336535682436, 0.000210738478927, 0.000131627020892, 6.88546715537e-05, 5.07185031893e-05, 5.8639983763e-05, 7.28528539184e-05, 0.000176069341251, 0.000331652467139, 0.00101098988671, 0.000580729392823, 0.000120254109788, 2.15013988054e-05, 1.61713815032e-05, 6.9902944233e-06, 6.2431678316e-07, 5.44555575743e-07, 4.77742162275e-07, 4.20955302616e-07, 3.72509902036e-07], "mean": [0.000398870033678, 0.000378559576347, 0.000378877652111, 0.000490231148433, 0.000374830095097, 0.000316639663652, 0.000366566848243, 0.000550827826373, 0.000467881502118, 0.000318092410453, 9.33245755732e-05, 0.000101091558463, 5.78194049012e-05, 3.98835691158e-05, 1.15669081424e-05, 8.85236568138e-06, 1.90175032913e-05, 2.51562232734e-05, 3.07641239488e-05, 2.36920077441e-05, 7.0213395702e-06, 2.89791182695e-06, 1.43900626881e-06, 1.04206878859e-06, 8.90390424502e-07, 8.75759042174e-07, 7.57147347485e-07, 8.89736043064e-07, 9.88298324955e-07, 1.47514606397e-06, 1.13242037969e-06, 5.63668834275e-07, 1.06166282876e-07, 5.631643063e-08, 4.80624251509e-08, 1.39220253104e-08, 1.12584217504e-08, 9.66974056382e-09, 8.27190493879e-09, 7.29670857069e-09], "median": [0.000104861683212, 0.000117054209113, 0.000108391381218, 9.43909981288e-05, 0.000111096356704, 8.76088306541e-05, 6.37687044218e-05, 5.89638002566e-05, 5.65370683034e-05, 3.98839620175e-05, 1.31517672344e-05, 1.09859511213e-05, 5.99082159169e-06, 4.10322491007e-06, 2.31884246205e-06, 1.41129817166e-06, 1.83370411833e-06, 2.33792707149e-06, 4.1190983211e-06, 5.3261865105e-06, 1.39822373058e-06, 5.18682725215e-07, 3.0530696904e-07, 2.10515452181e-07, 1.53540412384e-07, 1.72285282929e-07, 1.45330432133e-07, 1.35320377126e-07, 1.26341760165e-07, 1.36342890755e-07, 1.21016185517e-07, 7.04521170292e-08, 2.0206600837e-08, 1.46549172797e-08, 1.36714373156e-08, 3.4571330243e-09, 2.40506969895e-09, 1.93812499383e-09, 1.45519862826e-09, 1.27326704735e-09], "min": [2.1291369637e-24, 1.97677774897e-24, 2.00004145428e-24, 9.65263417049e-25, 3.80702064049e-24, 2.24550361076e-24, 3.88675948965e-24, 1.46981007595e-24, 2.14044331262e-24, 2.14853584222e-24, 2.54072809923e-24, 2.98741052883e-24, 2.20175496268e-24, 3.84978715675e-24, 1.90801866032e-24, 3.86524567504e-24, 3.67724434411e-24, 3.19730136938e-24, 4.19473473135e-24, 3.9017277309e-24, 3.22117565303e-24, 5.5523418667e-24, 4.43722150172e-24, 4.64211471122e-24, 5.12039752818e-24, 4.89299141174e-24, 5.50509777595e-24, 5.2487120653e-24, 5.73710295147e-24, 6.38295520749e-24, 4.92017831954e-24, 6.35951617784e-24, 4.45357143284e-24, 5.59402882681e-24, 5.96949940199e-24, 6.24656549571e-24, 7.44732657272e-24, 6.51109580078e-24, 6.4908607297e-24, 6.86460448836e-24], "var": [7.94504614987e-07, 6.63377079491e-07, 1.57749059326e-06, 2.79092455457e-06, 8.0269450109e-07, 8.23103675884e-07, 9.23355457871e-07, 4.77157936984e-06, 2.44037914854e-06, 9.4044423804e-07, 6.83696086412e-08, 1.06447217263e-07, 4.29054729523e-08, 3.42588464264e-08, 1.08212572236e-09, 4.79853767832e-10, 3.0526881023e-09, 4.5420351924e-09, 5.36568167675e-09, 2.63142019286e-09, 2.94769292308e-10, 6.33118973914e-11, 1.43759379401e-11, 9.61977112551e-12, 5.75429764602e-12, 6.05576526425e-12, 8.89534453041e-12, 2.90477676634e-11, 5.43003732256e-11, 2.24380874991e-10, 8.59799523245e-11, 1.20929559769e-11, 3.12909095336e-13, 7.72492963694e-14, 3.67765713716e-14, 1.0504110636e-15, 7.66400386994e-16, 5.79301449797e-16, 4.44306314982e-16, 3.4708704967e-16]}, "melbands_crest": {"dmean": 3.63192105293, "dmean2": 5.9371805191, "dvar": 9.77762889862, "dvar2": 25.5354824066, "max": 33.7309799194, "mean": 13.903834343, "median": 12.7113752365, "min": 1.13690841198, "var": 30.6555557251}, "melbands_flatness_db": {"dmean": 0.0342379212379, "dmean2": 0.0536825582385, "dvar": 0.000862692366354, "dvar2": 0.00207811105065, "max": 0.616654038429, "mean": 0.293446242809, "median": 0.289372742176, "min": 9.23423576751e-05, "var": 0.0040792869404}, "melbands_kurtosis": {"dmean": 6.51452922821, "dmean2": 10.3712825775, "dvar": 187.682144165, "dvar2": 469.4737854, "max": 406.040130615, "mean": 11.2716197968, "median": 4.86551952362, "min": -1.91634905338, "var": 478.148986816}, "melbands_skewness": {"dmean": 0.730118095875, "dmean2": 1.13671827316, "dvar": 0.579287469387, "dvar2": 1.3911305666, "max": 15.2978696823, "mean": 1.80419516563, "median": 1.53221166134, "min": -5.15441083908, "var": 2.87614297867}, "melbands_spread": {"dmean": 4.59323501587, "dmean2": 7.10684013367, "dvar": 69.1379699707, "dvar2": 131.391296387, "max": 187.781158447, "mean": 13.8917255402, "median": 10.8621940613, "min": 0.433845967054, "var": 252.250488281}, "mfcc": {"cov": [[10001.6103516, 1282.06616211, -1812.51928711, 240.239318848, -745.544433594, 92.6122360229, -365.837738037, -243.651916504, 58.7377433777, 63.3365707397, 78.320854187, -120.388183594, -9.25269317627], [1282.06616211, 1172.2578125, -171.239181519, -154.370574951, -17.7741909027, -39.7898139954, -183.186935425, -128.884979248, 109.431289673, 53.8609542847, -41.2255554199, -20.7640190125, 31.7793617249], [-1812.51928711, -171.239181519, 850.883300781, 90.3128967285, 239.197052002, -32.729473114, 92.0489654541, 74.8307037354, -42.9230804443, -12.3304815292, -8.70841121674, 59.4583244324, -9.78750801086], [240.239318848, -154.370574951, 90.3128967285, 672.827636719, 17.8504066467, 116.176010132, 2.65449500084, -18.5116672516, -20.2812900543, -65.3385620117, 41.2855529785, 15.737449646, -5.62014532089], [-745.544433594, -17.7741909027, 239.197052002, 17.8504066467, 322.995544434, 28.6447048187, 19.2071628571, 9.54486179352, -19.9446182251, -12.1087760925, -21.6967926025, 29.4033908844, 6.98387956619], [92.6122360229, -39.7898139954, -32.729473114, 116.176010132, 28.6447048187, 216.239044189, 141.38684082, 43.3826675415, -40.4997673035, -84.3397369385, -24.5385971069, -11.3041954041, 7.86563539505], [-365.837738037, -183.186935425, 92.0489654541, 2.65449500084, 19.2071628571, 141.38684082, 345.698669434, 187.010696411, -74.4626312256, -91.2158660889, -31.1156177521, 9.54920768738, -0.722236573696], [-243.651916504, -128.884979248, 74.8307037354, -18.5116672516, 9.54486179352, 43.3826675415, 187.010696411, 278.903991699, 8.73631954193, -36.3255844116, 32.0078697205, 14.8539762497, 7.46909666061], [58.7377433777, 109.431289673, -42.9230804443, -20.2812900543, -19.9446182251, -40.4997673035, -74.4626312256, 8.73631954193, 160.249816895, 98.7475585938, 17.3934135437, -2.41308498383, -3.12335991859], [63.3365707397, 53.8609542847, -12.3304815292, -65.3385620117, -12.1087760925, -84.3397369385, -91.2158660889, -36.3255844116, 98.7475585938, 166.28364563, 62.7231330872, 5.76001405716, -1.96862399578], [78.320854187, -41.2255554199, -8.70841121674, 41.2855529785, -21.6967926025, -24.5385971069, -31.1156177521, 32.0078697205, 17.3934135437, 62.7231330872, 129.796936035, 44.4437522888, -1.96427893639], [-120.388183594, -20.7640190125, 59.4583244324, 15.737449646, 29.4033908844, -11.3041954041, 9.54920768738, 14.8539762497, -2.41308498383, 5.76001405716, 44.4437522888, 86.5971984863, 33.5235977173], [-9.25269317627, 31.7793617249, -9.78750801086, -5.62014532089, 6.98387956619, 7.86563539505, -0.722236573696, 7.46909666061, -3.12335991859, -1.96862399578, -1.96427893639, 33.5235977173, 76.3613586426]], "icov": [[0.000238304623053, -0.000258585991105, 0.000445366080385, -0.000231367273955, 0.000296068930766, -0.000200463226065, 0.000270954420557, -0.00032712763641, 0.000607767491601, -0.000542736786883, 0.0003483259934, -0.000370533787645, 0.000387173990021], [-0.000258585991105, 0.00134994403925, -0.000417245726567, 0.00053892825963, -0.000380173849408, 3.41165900863e-06, 6.59787401673e-05, 0.00072643684689, -0.00152205489576, 0.00101113889832, -0.00033795426134, 0.000578819250222, -0.00094195746351], [0.000445366080385, -0.000417245726567, 0.00265263160691, -0.000872375559993, -0.000632913550362, 0.000530946766958, 9.44582934608e-05, -0.00110253447201, 0.00176857179031, -0.0017264180351, 0.00163195817731, -0.00195101869758, 0.00154166377615], [-0.000231367273955, 0.00053892825963, -0.000872375559993, 0.00229886965826, -0.000149028681335, -0.00106740742922, 0.000152956825332, 0.00105910806451, -0.00166219146922, 0.00225153448991, -0.00207816273905, 0.000799594447017, -0.000587941496633], [0.000296068930766, -0.000380173849408, -0.000632913550362, -0.000149028681335, 0.00478303665295, -0.00207987148315, 0.00170605501626, -0.00126235431526, 0.00191553344484, -0.0021319873631, 0.00254919729196, -0.00269832089543, 0.00129195803311], [-0.000200463226065, 3.41165900863e-06, 0.000530946766958, -0.00106740742922, -0.00207987148315, 0.0103530995548, -0.00599249498919, 0.00324624939822, -0.00356867327355, 0.00565099017695, -0.00401791278273, 0.00462403753772, -0.00342027074657], [0.000270954420557, 6.59787401673e-05, 9.44582934608e-05, 0.000152956825332, 0.00170605501626, -0.00599249498919, 0.0100884055719, -0.00697966525331, 0.00580169679597, -0.00460547395051, 0.00643390743062, -0.00531513756141, 0.00388556765392], [-0.00032712763641, 0.00072643684689, -0.00110253447201, 0.00105910806451, -0.00126235431526, 0.00324624939822, -0.00697966525331, 0.0102007836103, -0.00736142741516, 0.00743995048106, -0.00829743593931, 0.00541305309162, -0.00438716588542], [0.000607767491601, -0.00152205489576, 0.00176857179031, -0.00166219146922, 0.00191553344484, -0.00356867327355, 0.00580169679597, -0.00736142741516, 0.0172720961273, -0.0138161499053, 0.00922271236777, -0.00623415131122, 0.00510313501582], [-0.000542736786883, 0.00101113889832, -0.0017264180351, 0.00225153448991, -0.0021319873631, 0.00565099017695, -0.00460547395051, 0.00743995048106, -0.0138161499053, 0.0215863995254, -0.0140214217827, 0.00859461724758, -0.00584294600412], [0.0003483259934, -0.00033795426134, 0.00163195817731, -0.00207816273905, 0.00254919729196, -0.00401791278273, 0.00643390743062, -0.00829743593931, 0.00922271236777, -0.0140214217827, 0.0219495110214, -0.0142355645075, 0.00812220666558], [-0.000370533787645, 0.000578819250222, -0.00195101869758, 0.000799594447017, -0.00269832089543, 0.00462403753772, -0.00531513756141, 0.00541305309162, -0.00623415131122, 0.00859461724758, -0.0142355645075, 0.0250061750412, -0.0126638896763], [0.000387173990021, -0.00094195746351, 0.00154166377615, -0.000587941496633, 0.00129195803311, -0.00342027074657, 0.00388556765392, -0.00438716588542, 0.00510313501582, -0.00584294600412, 0.00812220666558, -0.0126638896763, 0.0202155373991]], "mean": [-772.807312012, 180.811935425, -7.04628753662, 22.0329627991, -9.02989196777, 5.57119607925, -15.6909065247, -9.24792385101, 15.5565843582, 4.18153810501, -4.0578289032, -3.97176837921, 1.37807559967]}, "pitch_salience": {"dmean": 0.0832264646888, "dmean2": 0.134978413582, "dvar": 0.00500020477921, "dvar2": 0.0129780275747, "max": 0.991049051285, "mean": 0.580654382706, "median": 0.600968539715, "min": 0.0675952062011, "var": 0.0160904414952}, "silence_rate_20dB": {"dmean": 0, "dmean2": 0, "dvar": 0, "dvar2": 0, "max": 1, "mean": 1, "median": 1, "min": 1, "var": 0}, "silence_rate_30dB": {"dmean": 0.0051379124634, "dmean2": 0.0102772144601, "dvar": 0.00511156860739, "dvar2": 0.0109831755981, "max": 1, "mean": 0.992294192314, "median": 1, "min": 0, "var": 0.00764664588496}, "silence_rate_60dB": {"dmean": 0.0719307735562, "dmean2": 0.143881008029, "dvar": 0.0667641162872, "dvar2": 0.138586699963, "max": 1, "mean": 0.288900911808, "median": 0, "min": 0, "var": 0.205443844199}, "spectral_centroid": {"dmean": 146.666397095, "dmean2": 221.494003296, "dvar": 77005.9296875, "dvar2": 135643.15625, "max": 11530.6914062, "mean": 780.430297852, "median": 650.453918457, "min": 143.596923828, "var": 626007.3125}, "spectral_complexity": {"dmean": 2.04840445518, "dmean2": 3.16240692139, "dvar": 4.82678699493, "dvar2": 9.70279407501, "max": 35, "mean": 9.80667877197, "median": 8, "min": 0, "var": 42.4006462097}, "spectral_contrast_coeffs": {"dmean": [0.052620023489, 0.0511933639646, 0.0438407585025, 0.0326271019876, 0.023312844336, 0.0514078438282], "dmean2": [0.0848447680473, 0.0830013081431, 0.0711869075894, 0.0525815933943, 0.0372818633914, 0.0832174271345], "dvar": [0.0018990986282, 0.00169404479675, 0.00127895560581, 0.000716968730558, 0.000440444477135, 0.0022690363694], "dvar2": [0.00471555860713, 0.0044058742933, 0.00321791833267, 0.00180045387242, 0.00103661080357, 0.0057980613783], "max": [-0.207994952798, -0.386006057262, -0.449803829193, -0.566255927086, -0.610725104809, -0.348056763411], "mean": [-0.670191287994, -0.746519446373, -0.766769826412, -0.797034084797, -0.844280421734, -0.752974331379], "median": [-0.679078280926, -0.754542827606, -0.772937655449, -0.798141777515, -0.846403598785, -0.765213251114], "min": [-0.977164745331, -0.989008903503, -0.988056242466, -0.983123958111, -0.982710182667, -0.965608000755], "var": [0.00939222890884, 0.00629584444687, 0.00585055071861, 0.00365849584341, 0.00174781749956, 0.00704505527392]}, "spectral_contrast_valleys": {"dmean": [0.410924583673, 0.379595994949, 0.388210594654, 0.341515183449, 0.353698194027, 0.811882555485], "dmean2": [0.66216224432, 0.598535478115, 0.591922521591, 0.507585167885, 0.511041820049, 1.33487129211], "dvar": [0.12714548409, 0.110778070986, 0.134662285447, 0.113285601139, 0.130743473768, 0.516448438168], "dvar2": [0.291742235422, 0.241041973233, 0.278469473124, 0.226337403059, 0.258317530155, 1.35841298103], "max": [-5.51623821259, -4.65456533432, -5.3957567215, -5.85770225525, -6.28276252747, -9.1799030304], "mean": [-8.04309368134, -6.99932527542, -7.98424768448, -8.50671005249, -9.01516532898, -12.2481422424], "median": [-7.7974858284, -6.75560998917, -7.76616954803, -8.32976341248, -8.78069972992, -12.0977716446], "min": [-28.1172866821, -28.0028514862, -27.5379924774, -27.536031723, -27.480173111, -27.3817424774], "var": [2.66120362282, 3.02952528, 2.90731191635, 2.84984087944, 2.62170362473, 2.33279371262]}, "spectral_decrease": {"dmean": 1.49275747319e-09, "dmean2": 2.14969086976e-09, "dvar": 6.83116272811e-18, "dvar2": 1.40422875619e-17, "max": 2.46390944893e-19, "mean": -4.10194278544e-09, "median": -1.98744332103e-09, "min": -5.57574892923e-08, "var": 3.0791384712e-17}, "spectral_energy": {"dmean": 0.00591641897336, "dmean2": 0.00850441865623, "dvar": 0.000106838117063, "dvar2": 0.000218986082473, "max": 0.222938254476, "mean": 0.0163994058967, "median": 0.00796619523317, "min": 1.00422909071e-20, "var": 0.000490794889629}, "spectral_energyband_high": {"dmean": 7.31978216209e-05, "dmean2": 0.000105117236672, "dvar": 3.83390499792e-07, "dvar2": 8.53714084315e-07, "max": 0.0385286323726, "mean": 0.000114384849439, "median": 1.96054661501e-05, "min": 7.09413923236e-21, "var": 5.09621713718e-07}, "spectral_energyband_low": {"dmean": 0.00136938865762, "dmean2": 0.00217929529026, "dvar": 1.03779557321e-05, "dvar2": 2.61874247371e-05, "max": 0.0714866518974, "mean": 0.0024363102857, "median": 0.000987301929854, "min": 1.68207485534e-23, "var": 1.9666424123e-05}, "spectral_energyband_middle_high": {"dmean": 0.0010281879222, "dmean2": 0.00147452030797, "dvar": 5.96240488449e-06, "dvar2": 1.19559936138e-05, "max": 0.0672801434994, "mean": 0.00235573574901, "median": 0.000537824817002, "min": 1.19701900171e-21, "var": 2.19554585783e-05}, "spectral_energyband_middle_low": {"dmean": 0.0049339029938, "dmean2": 0.00717926910147, "dvar": 9.56005314947e-05, "dvar2": 0.000197003799258, "max": 0.218646213412, "mean": 0.0117256334051, "median": 0.00414511328563, "min": 1.71351342366e-22, "var": 0.000368966662791}, "spectral_entropy": {"dmean": 0.243293344975, "dmean2": 0.373704224825, "dvar": 0.0510317571461, "dvar2": 0.119905956089, "max": 9.82948207855, "mean": 6.91777658463, "median": 6.92483711243, "min": 4.68195819855, "var": 0.229966983199}, "spectral_flux": {"dmean": 0.0171663053334, "dmean2": 0.0275149699301, "dvar": 0.00044586986769, "dvar2": 0.00112390122376, "max": 0.284765332937, "mean": 0.0592958517373, "median": 0.0486380830407, "min": 6.41602049267e-11, "var": 0.00192928523757}, "spectral_kurtosis": {"dmean": 4.43999433517, "dmean2": 7.11618471146, "dvar": 27.251033783, "dvar2": 69.1049880981, "max": 113.86907959, "mean": 15.4375114441, "median": 13.855474472, "min": -1.24722361565, "var": 66.4151000977}, "spectral_rms": {"dmean": 0.000636717129964, "dmean2": 0.00088614935521, "dvar": 5.88898728893e-07, "dvar2": 1.1167305729e-06, "max": 0.0147479064763, "mean": 0.00329099642113, "median": 0.00278781238012, "min": 3.13007302369e-12, "var": 5.16879481438e-06}, "spectral_rolloff": {"dmean": 219.769989014, "dmean2": 377.032989502, "dvar": 279011.78125, "dvar2": 584897.5, "max": 20628.8085938, "mean": 904.804016113, "median": 667.529296875, "min": 64.599609375, "var": 1950466.75}, "spectral_skewness": {"dmean": 0.372802376747, "dmean2": 0.574581027031, "dvar": 0.139056965709, "dvar2": 0.325017511845, "max": 8.47866725922, "mean": 2.71962428093, "median": 2.692902565, "min": -0.0417427755892, "var": 0.626441776752}, "spectral_spread": {"dmean": 525746.4375, "dmean2": 855522.875, "dvar": 470395289600, "dvar2": 1050834632700.0, "max": 42164592, "mean": 3071495.75, "median": 2823601.75, "min": 91