{"lowlevel": {"average_loudness": 0.259715735912, "barkbands": {"dmean": [3.17877129419e-05, 0.00127617246471, 0.0010120033985, 0.000690502871294, 0.000886721420102, 0.000847346847877, 0.000599006132688, 0.00067067774944, 0.000601462379564, 0.000550133700017, 0.000434490910266, 0.000211160469917, 0.00018387826276, 0.000227879092563, 0.000272662175121, 0.000156953814439, 0.000120116579637, 9.30953174247e-05, 7.68221580074e-05, 5.23536618857e-05, 4.94234773214e-05, 4.35584624938e-05, 2.84802936221e-05, 2.35959996644e-05, 2.91446704068e-05, 4.18919735239e-05, 1.36452626975e-05], "dmean2": [5.45543407497e-05, 0.0020378192421, 0.00172613258474, 0.00113169243559, 0.00141341157723, 0.00124101457186, 0.000896289886441, 0.0009679197683, 0.000870258372743, 0.00078161933925, 0.000667993503157, 0.000323791755363, 0.000285127927782, 0.000359716679668, 0.000437614507973, 0.000242608541157, 0.00019300916756, 0.0001452142169, 0.000124187514302, 8.54757017805e-05, 8.0951518612e-05, 7.21485776012e-05, 4.73733962281e-05, 3.71142814402e-05, 4.568530494e-05, 6.81748788338e-05, 2.2829426598e-05], "dvar": [1.0988689958e-08, 1.53730979946e-05, 1.1856056517e-05, 6.80731045577e-06, 3.74433102479e-06, 5.00284704685e-06, 3.42418866239e-06, 3.62543619303e-06, 3.20840558743e-06, 3.64096536032e-06, 2.27251166507e-06, 4.26045801305e-07, 2.54889698681e-07, 4.58862757569e-07, 1.49031234287e-06, 3.10459967068e-07, 1.94237856022e-07, 6.2511901433e-08, 4.78677542048e-08, 3.72558730533e-08, 3.01475076014e-08, 3.60230707486e-08, 1.68906648668e-08, 5.61757085293e-09, 9.14178510669e-09, 3.35435501597e-08, 4.55052129311e-09], "dvar2": [3.0300430609e-08, 3.79679186153e-05, 3.38700301654e-05, 1.73406388058e-05, 1.0588942132e-05, 1.06483639684e-05, 7.53482436266e-06, 7.26417829355e-06, 6.73215799907e-06, 6.53277174933e-06, 5.18768729307e-06, 9.36685296438e-07, 5.97206110342e-07, 1.03068521184e-06, 3.92271431338e-06, 6.9191764851e-07, 5.40012706551e-07, 1.37570125958e-07, 1.2100575475e-07, 8.69250342816e-08, 7.8488810118e-08, 9.70453868376e-08, 4.69169805228e-08, 1.46764325137e-08, 2.26057004227e-08, 8.49465919828e-08, 1.18340706123e-08], "max": [0.00306898658164, 0.0607726946473, 0.0579921603203, 0.0619053468108, 0.0587143972516, 0.103766046464, 0.0649422109127, 0.0648219585419, 0.0651240870357, 0.0533108152449, 0.0561841577291, 0.0246065352112, 0.0154073787853, 0.031984731555, 0.047228846699, 0.0263016335666, 0.0219256449491, 0.00978167261928, 0.00760073633865, 0.0125029431656, 0.00447756750509, 0.00460051372647, 0.00404472230002, 0.0023758946918, 0.00189605506603, 0.00377414235845, 0.0014776136959], "mean": [6.72934038448e-05, 0.00227938406169, 0.00140475051012, 0.00101707817521, 0.00218275026418, 0.00199172901921, 0.00122707372066, 0.00137543468736, 0.00128769420553, 0.00110772799235, 0.000903023115825, 0.000390780041926, 0.000348018453224, 0.000423279299866, 0.000465680175694, 0.000311802432407, 0.000248018943239, 0.000213743260247, 0.000152914901264, 9.57939992077e-05, 8.45505055622e-05, 6.32954470348e-05, 4.1597733798e-05, 4.7770456149e-05, 4.55989938928e-05, 4.23439269071e-05, 1.1149157217e-05], "median": [3.05871581077e-05, 0.000957679818384, 0.000369253684767, 0.000271823082585, 0.00124201737344, 0.000745521509089, 0.00030786197749, 0.000229583412874, 0.00017925404245, 0.000177481444553, 0.00011891010945, 7.95338710304e-05, 7.93590952526e-05, 8.71527226991e-05, 9.20243546716e-05, 7.19304007362e-05, 7.31756954337e-05, 4.7863319196e-05, 3.98785923608e-05, 2.25433686865e-05, 1.5692998204e-05, 7.80349273555e-06, 6.11262839811e-06, 1.19610822367e-05, 7.60625107432e-06, 3.98186648454e-06, 6.9684938353e-07], "min": [7.88616047465e-12, 1.00149662868e-11, 3.99321114369e-12, 2.24486011377e-12, 5.04488117947e-12, 4.9135816943e-12, 1.2251237351e-12, 1.01750693374e-12, 5.67033724662e-13, 6.30400625364e-13, 1.84841210263e-13, 2.74225656289e-13, 7.69842021619e-14, 1.80331281591e-13, 1.05987538624e-12, 1.28933105512e-12, 5.71646191754e-13, 1.05095294446e-12, 4.91015323019e-13, 1.05527273118e-12, 1.03149411755e-12, 3.49339670689e-13, 9.08570419421e-13, 1.10888262548e-12, 1.17447544745e-12, 2.44801921789e-12, 3.09941352097e-12], "var": [1.40011762184e-08, 2.03478266485e-05, 1.05217995952e-05, 8.04016690381e-06, 9.70687142399e-06, 1.82490111911e-05, 9.46080672293e-06, 1.17712270367e-05, 1.55158104462e-05, 1.28734263853e-05, 1.01764089777e-05, 1.42238786793e-06, 8.79940671439e-07, 1.35520133426e-06, 2.68523081104e-06, 9.8891939615e-07, 5.19133493526e-07, 2.59673868186e-07, 1.09751155719e-07, 1.03087700154e-07, 4.24373034491e-08, 4.09804883361e-08, 1.89903435199e-08, 1.32213848758e-08, 1.29958381834e-08, 2.87182579939e-08, 3.43580364159e-09]}, "barkbands_crest": {"dmean": 2.20292019844, "dmean2": 3.48606491089, "dvar": 4.302257061, "dvar2": 10.6369180679, "max": 26.2067642212, "mean": 9.58917045593, "median": 8.80864048004, "min": 2.86857700348, "var": 13.21788311}, "barkbands_flatness_db": {"dmean": 0.0164382960647, "dmean2": 0.0245164893568, "dvar": 0.000282127963146, "dvar2": 0.000600338273216, "max": 0.493383049965, "mean": 0.139562278986, "median": 0.127555787563, "min": 0.0212057437748, "var": 0.00352337118238}, "barkbands_kurtosis": {"dmean": 1.6882390976, "dmean2": 2.63529229164, "dvar": 6.39006137848, "dvar2": 14.4228439331, "max": 67.0803604126, "mean": 3.05419421196, "median": 1.83608150482, "min": -1.86269855499, "var": 21.9335365295}, "barkbands_skewness": {"dmean": 0.378407716751, "dmean2": 0.576393306255, "dvar": 0.143433362246, "dvar2": 0.319347769022, "max": 6.86702728271, "mean": 1.31958734989, "median": 1.30949056149, "min": -2.6220228672, "var": 0.810243666172}, "barkbands_spread": {"dmean": 4.11295557022, "dmean2": 6.33506774902, "dvar": 36.5108604431, "dvar2": 85.737739563, "max": 123.985336304, "mean": 18.1188621521, "median": 15.8195981979, "min": 0.703822493553, "var": 123.796195984}, "dissonance": {"dmean": 0.0209057014436, "dmean2": 0.0347779728472, "dvar": 0.000395089911763, "dvar2": 0.00103530695196, "max": 0.500000059605, "mean": 0.453460335732, "median": 0.459719210863, "min": 0.240453377366, "var": 0.000952911621425}, "dynamic_complexity": 7.68885326385, "erbbands": {"dmean": [0.0332316942513, 0.30942556262, 0.995552182198, 1.93863260746, 2.10849475861, 3.56310939789, 5.26805925369, 7.75549221039, 7.36582183838, 12.5622367859, 12.1190490723, 15.5937356949, 14.3860797882, 18.3153991699, 13.3738546371, 10.011305809, 8.26648330688, 10.0944232941, 10.6726617813, 13.4816665649, 7.3145866394, 4.88241577148, 4.83608865738, 4.87267684937, 2.78539466858, 2.48147082329, 2.09699034691, 1.93839490414, 1.62813687325, 1.08595144749, 0.732453763485, 0.516311407089, 0.405879944563, 0.281961679459, 0.237363606691, 0.179401308298, 0.0776717364788, 0.0196631606668, 0.00228234473616, 9.11025781534e-05], "dmean2": [0.0544615760446, 0.494360119104, 1.69144523144, 3.16799902916, 3.47829985619, 5.64603090286, 8.00556182861, 11.3483228683, 10.9846467972, 18.4136638641, 17.4824924469, 22.5447940826, 20.7580070496, 26.3682670593, 19.8612232208, 15.2021608353, 12.8111820221, 15.5932273865, 16.7764492035, 21.0831012726, 11.4305105209, 7.63792514801, 7.51179838181, 7.63467311859, 4.62395906448, 4.05162143707, 3.40756559372, 3.22351288795, 2.70946526527, 1.77694308758, 1.21620535851, 0.820360600948, 0.642675340176, 0.440242230892, 0.375819444656, 0.287906885147, 0.127632036805, 0.0328275859356, 0.00381489493884, 0.000150988285895], "dvar": [0.0132122943178, 0.874090254307, 11.4895353317, 53.8319320679, 29.2088108063, 60.2960281372, 160.718261719, 552.63269043, 422.665618896, 1078.7199707, 1276.17749023, 2343.14257812, 2698.41235352, 4119.98242188, 1898.79528809, 947.341918945, 553.539855957, 711.34942627, 1296.7409668, 4065.25415039, 888.40637207, 191.926544189, 180.897583008, 183.182891846, 81.9097900391, 83.7680587769, 48.8411140442, 57.085773468, 51.6151351929, 23.1721687317, 10.9001264572, 4.0475730896, 1.39237380028, 0.690764248371, 0.721201121807, 0.575575590134, 0.118610613048, 0.0088173430413, 0.000125800928799, 1.85423644439e-07], "dvar2": [0.0343376770616, 2.16958475113, 33.1027412415, 135.5052948, 80.5548858643, 165.509475708, 413.47869873, 1074.83056641, 969.767333984, 2198.09814453, 2645.94702148, 5053.75878906, 5161.953125, 7848.69824219, 3826.89428711, 2069.15698242, 1318.25305176, 1478.84802246, 3098.31884766, 10247.1074219, 2036.7623291, 464.851470947, 403.315673828, 429.291564941, 217.49546814, 198.534545898, 123.442146301, 152.956207275, 139.708740234, 61.7559967041, 30.5503425598, 11.2394008636, 3.52673196793, 1.69312238693, 1.79723572731, 1.45568084717, 0.30168569088, 0.0229245051742, 0.000325278524542, 4.80588994378e-07], "max": [2.1257109642, 15.631310463, 58.7612800598, 165.488739014, 184.561950684, 185.145095825, 449.317138672, 1305.21850586, 610.257751465, 1081.07995605, 961.014831543, 1756.86083984, 1842.06286621, 1985.13684082, 2030.13647461, 1071.96887207, 823.13104248, 1357.11193848, 1277.47631836, 2589.81494141, 1599.44128418, 639.830505371, 658.64855957, 534.059509277, 301.935913086, 603.886901855, 214.364852905, 184.098754883, 173.438735962, 135.448745728, 87.1955184937, 72.2301940918, 39.2665748596, 17.8387432098, 20.9643249512, 16.9482936859, 7.11993789673, 1.99775969982, 0.248099491, 0.0100805219263], "mean": [0.0580473169684, 0.540225028992, 1.57367348671, 2.81086945534, 4.38104057312, 8.00435829163, 11.9602632523, 17.5165214539, 16.5734863281, 26.0398521423, 26.4788818359, 35.2261695862, 28.8881244659, 38.558631897, 29.2888202667, 19.942150116, 16.7120361328, 20.3522510529, 20.9608802795, 25.2802581787, 17.1798477173, 11.9881629944, 11.9135360718, 10.9131231308, 5.7066450119, 4.57431697845, 3.81360220909, 3.10431241989, 2.35746383667, 1.60778796673, 1.10562348366, 0.907157123089, 0.837688565254, 0.524234056473, 0.319491714239, 0.191942900419, 0.0767183899879, 0.0170899499208, 0.0018514492549, 9.86443483271e-05], "median": [0.0234964229167, 0.204095318913, 0.4674064219, 0.818641364574, 2.07587981224, 3.92247319221, 5.49947929382, 5.57114362717, 4.88200235367, 6.29190587997, 5.41022014618, 5.63271856308, 6.93608903885, 5.28091573715, 5.77523183823, 4.66814899445, 4.44040393829, 5.31196737289, 4.46407938004, 5.33443593979, 4.39260196686, 3.63828420639, 3.0274040699, 2.71714472771, 1.48000133038, 1.17392063141, 0.762636005878, 0.534534752369, 0.281852930784, 0.175990611315, 0.188272252679, 0.194881677628, 0.210720285773, 0.100847162306, 0.0422173514962, 0.0199080724269, 0.00632667355239, 0.000907454406843, 8.08421536931e-05, 2.75155580312e-05], "min": [3.99207472634e-10, 1.88241799925e-09, 4.52399051554e-09, 6.65110366782e-09, 9.26750765018e-09, 1.82281088001e-08, 3.49666073873e-08, 3.93321819558e-08, 2.44979947439e-08, 1.49406336192e-08, 2.19032418869e-08, 1.39803812971e-08, 1.97810354763e-08, 1.00108792367e-08, 1.17600302829e-08, 1.02678328062e-08, 4.08991063239e-09, 5.36403810258e-09, 4.31769073828e-08, 6.35887431599e-08, 5.73903875534e-08, 3.34532082036e-08, 6.49444373835e-08, 2.51572398469e-08, 3.01460083563e-08, 6.0194942364e-08, 2.76479141803e-08, 4.79234714135e-08, 1.49271031091e-08, 2.2707213887e-08, 2.34120207665e-08, 2.7447805806e-08, 1.51189016862e-08, 1.04743564933e-08, 1.04718891336e-08, 1.09507780621e-08, 3.56935703216e-09, 1.72450076441e-09, 4.77425210477e-10, 4.31067855022e-11], "var": [0.0151601312682, 1.17293012142, 11.1399002075, 62.3899993896, 55.4379081726, 159.143447876, 412.976409912, 2054.94946289, 1317.27160645, 3599.63061523, 4434.38183594, 12057.7460938, 7159.37695312, 14924.2177734, 9296.84082031, 3236.26489258, 1834.85180664, 2228.59863281, 3128.25366211, 8239.09765625, 3764.32324219, 867.316650391, 740.684570312, 704.964172363, 163.883499146, 212.350952148, 81.9773635864, 70.4161834717, 57.3828239441, 29.6032733917, 11.4946470261, 5.45674085617, 3.9918589592, 1.43131804466, 0.836293280125, 0.518184363842, 0.0991915762424, 0.00679350458086, 9.61458936217e-05, 1.443992943e-07]}, "erbbands_crest": {"dmean": 2.64757275581, "dmean2": 4.0812125206, "dvar": 6.47647857666, "dvar2": 15.1440582275, "max": 32.5802192688, "mean": 10.304930687, "median": 9.07838439941, "min": 2.1218495369, "var": 26.7237854004}, "erbbands_flatness_db": {"dmean": 0.0164254382253, "dmean2": 0.0229950025678, "dvar": 0.000287978240522, "dvar2": 0.000551158911549, "max": 0.540587127209, "mean": 0.175469979644, "median": 0.162583619356, "min": 0.0254175439477, "var": 0.00553927430883}, "erbbands_kurtosis": {"dmean": 0.825980842113, "dmean2": 1.27217245102, "dvar": 1.53712582588, "dvar2": 3.50020980835, "max": 30.1312065125, "mean": 0.540819346905, "median": -0.119826316833, "min": -1.76287138462, "var": 4.49026584625}, "erbbands_skewness": {"dmean": 0.331547647715, "dmean2": 0.501702129841, "dvar": 0.0974209234118, "dvar2": 0.219099745154, "max": 4.72032737732, "mean": 0.454080224037, "median": 0.406003057957, "min": -3.11547660828, "var": 0.498824954033}, "erbbands_spread": {"dmean": 5.87003660202, "dmean2": 8.80776405334, "dvar": 52.6187858582, "dvar2": 118.313667297, "max": 130.618606567, "mean": 31.5270195007, "median": 28.9025382996, "min": 1.58595776558, "var": 278.099334717}, "gfcc": {"cov": [[26463.5234375, -189.510681152, 2496.78149414, 1652.88464355, -1257.34460449, 1113.68664551, -996.64074707, 467.16204834, -617.226501465, 97.9122619629, -239.51272583, -10.7990779877, -400.933654785], [-189.510681152, 1604.94897461, 43.6922950745, -140.206268311, 269.025360107, -166.095321655, -25.5759830475, -170.550735474, 74.2817382812, -197.200622559, 127.798934937, -129.68649292, 21.3735961914], [2496.78149414, 43.6922950745, 1895.67041016, 635.04498291, -175.984710693, 374.401123047, -396.677947998, 58.968536377, -178.328720093, -19.390291214, -13.3295783997, -24.0325679779, -164.535720825], [1652.88464355, -140.206268311, 635.04498291, 600.06628418, -132.883987427, 193.966461182, -181.293289185, 49.3973808289, -59.8549041748, -2.18096899986, -11.2676486969, 5.11489343643, -60.07995224], [-1257.34460449, 269.025360107, -175.984710693, -132.883987427, 320.25012207, -84.6927490234, 98.0234451294, -41.6672706604, 64.4187088013, -32.0064735413, 24.2101039886, 3.26822280884, 38.4494476318], [1113.68664551, -166.095321655, 374.401123047, 193.966461182, -84.6927490234, 264.493988037, -26.0972595215, 41.4810256958, -62.9622268677, 24.3034477234, -22.6080532074, 0.965317904949, -34.3055381775], [-996.64074707, -25.5759830475, -396.677947998, -181.293289185, 98.0234451294, -26.0972595215, 274.273834229, -17.1106929779, 46.6077919006, 30.4394130707, -9.3316078186, 3.6626830101, 32.2391242981], [467.16204834, -170.550735474, 58.968536377, 49.3973808289, -41.6672706604, 41.4810256958, -17.1106929779, 151.449249268, 12.4440822601, 19.7939319611, -11.8914480209, 11.0259485245, -9.05517959595], [-617.226501465, 74.2817382812, -178.328720093, -59.8549041748, 64.4187088013, -62.9622268677, 46.6077919006, 12.4440822601, 129.882827759, 1.10863029957, 9.33986186981, 0.257214546204, -2.43773555756], [97.9122619629, -197.200622559, -19.390291214, -2.18096899986, -32.0064735413, 24.3034477234, 30.4394130707, 19.7939319611, 1.10863029957, 128.321960449, 8.31972980499, 15.0671892166, 9.44450092316], [-239.51272583, 127.798934937, -13.3295783997, -11.2676486969, 24.2101039886, -22.6080532074, -9.3316078186, -11.8914480209, 9.33986186981, 8.31972980499, 92.0259246826, 18.6996479034, 11.0486764908], [-10.7990779877, -129.68649292, -24.0325679779, 5.11489343643, 3.26822280884, 0.965317904949, 3.6626830101, 11.0259485245, 0.257214546204, 15.0671892166, 18.6996479034, 86.5086593628, 16.9324817657], [-400.933654785, 21.3735961914, -164.535720825, -60.07995224, 38.4494476318, -34.3055381775, 32.2391242981, -9.05517959595, -2.43773555756, 9.44450092316, 11.0486764908, 16.9324817657, 104.395149231]], "icov": [[7.79244001023e-05, -0.000174183136551, 8.56542392285e-05, -9.62760750554e-05, 0.000175994136953, -0.000224267336307, 0.000197046465473, -0.000234083287069, 0.000280204141745, -0.000249367178185, 0.000357739801984, -0.000284753768938, 0.000232279417105], [-0.000174183136551, 0.00193536805455, -0.000556690734811, 0.000426327635068, -0.00100204767659, 0.00083134684246, -0.000486529548652, 0.00149304454681, -0.0013964594109, 0.0024524978362, -0.00311286514625, 0.00304213957861, -0.00119368697051], [8.56542392285e-05, -0.000556690734811, 0.00158466282301, -0.0007175183855, -0.000234062070376, -0.00156593136489, 0.00168860214762, -0.000502577167936, 0.00135242706165, -0.000886011694092, 0.000799685250968, -0.000671793357469, 0.00167018536013], [-9.62760750554e-05, 0.000426327635068, -0.0007175183855, 0.00319138448685, 0.000106987128675, -0.00100964773446, 0.000759817485232, 0.00030032734503, -0.00102437054738, 0.000715204398148, -0.000686524261255, 0.000279518339084, -0.000392333749915], [0.000175994136953, -0.00100204767659, -0.000234062070376, 0.000106987128675, 0.00524542666972, 0.000205885415198, -0.00129416235723, -0.000158581533469, -0.000959455152042, 0.00010321996524, 0.000878220540471, -0.00173561635893, -0.00074780441355], [-0.000224267336307, 0.00083134684246, -0.00156593136489, -0.00100964773446, 0.000205885415198, 0.007977521047, -0.00314708310179, -0.000233395083342, 0.000798309862148, 0.000481855880935, -0.0008024929557, 0.00113478046842, -0.000707376515493], [0.000197046465473, -0.000486529548652, 0.00168860214762, 0.000759817485232, -0.00129416235723, -0.00314708310179, 0.00757837435231, -0.000131494220113, 0.000188061661902, -0.00226291362196, 0.0020486866124, -0.000777825072873, 0.00116422050633], [-0.000234083287069, 0.00149304454681, -0.000502577167936, 0.00030032734503, -0.000158581533469, -0.000233395083342, -0.000131494220113, 0.00894749257714, -0.00329239829443, 0.00112132914364, -0.00147258758079, 0.00130476278719, -0.00125963636674], [0.000280204141745, -0.0013964594109, 0.00135242706165, -0.00102437054738, -0.000959455152042, 0.000798309862148, 0.000188061661902, -0.00329239829443, 0.0122999288142, -0.00237080152147, 0.00167894095648, -0.00191565521527, 0.00381082412787], [-0.000249367178185, 0.0024524978362, -0.000886011694092, 0.000715204398148, 0.00010321996524, 0.000481855880935, -0.00226291362196, 0.00112132914364, -0.00237080152147, 0.0121457558125, -0.00520962383598, 0.00282517448068, -0.00258927280083], [0.000357739801984, -0.00311286514625, 0.000799685250968, -0.000686524261255, 0.000878220540471, -0.0008024929557, 0.0020486866124, -0.00147258758079, 0.00167894095648, -0.00520962383598, 0.0173797532916, -0.00741128623486, 0.00140214711428], [-0.000284753768938, 0.00304213957861, -0.000671793357469, 0.000279518339084, -0.00173561635893, 0.00113478046842, -0.000777825072873, 0.00130476278719, -0.00191565521527, 0.00282517448068, -0.00741128623486, 0.0176258124411, -0.00362364994362], [0.000232279417105, -0.00119368697051, 0.00167018536013, -0.000392333749915, -0.00074780441355, -0.000707376515493, 0.00116422050633, -0.00125963636674, 0.00381082412787, -0.00258927280083, 0.00140214711428, -0.00362364994362, 0.0134587818757]], "mean": [-79.1076202393, 101.415885925, -118.070503235, 8.12057113647, -44.6993408203, 2.11702632904, -36.4870948792, 9.24399757385, -22.1572608948, 2.66728568077, -13.5514316559, 0.0529452487826, -5.5601849556]}, "hfc": {"dmean": 4.06469106674, "dmean2": 6.02183055878, "dvar": 84.5106277466, "dvar2": 203.541610718, "max": 152.968429565, "mean": 13.6974573135, "median": 6.00439977646, "min": 1.5499399808e-07, "var": 326.734130859}, "melbands": {"dmean": [0.000325784436427, 0.000461708346847, 0.000322302483255, 0.000189318234334, 0.000178536836756, 0.00016765393957, 0.000117664712889, 0.000143496319652, 9.94657893898e-05, 9.61694458965e-05, 7.27932492737e-05, 7.5538206147e-05, 5.38928288734e-05, 2.66553815891e-05, 2.06397580769e-05, 1.80828101293e-05, 2.13320236071e-05, 1.83794709301e-05, 1.90697901417e-05, 1.55944180733e-05, 8.90114279173e-06, 5.92715969105e-06, 5.63155890632e-06, 4.16392867919e-06, 4.40053781858e-06, 2.33351306633e-06, 1.85087674254e-06, 1.74172737388e-06, 1.38992413667e-06, 1.2541745491e-06, 1.19407241073e-06, 1.04058574379e-06, 7.29674070499e-07, 6.09489518411e-07, 4.57773779772e-07, 3.68681156715e-07, 3.08779931402e-07, 2.93985266353e-07, 2.86097531443e-07, 2.34868323901e-07], "dmean2": [0.000518499466125, 0.000763777352404, 0.000526190910023, 0.000306412985083, 0.000272761535598, 0.000244673923589, 0.000175280656549, 0.000210112906643, 0.000141615542816, 0.000139035037137, 0.000104857972474, 0.000108020802145, 8.13021470094e-05, 4.06705221394e-05, 3.14832614094e-05, 2.75457041425e-05, 3.31380651915e-05, 2.87602470053e-05, 3.06262190861e-05, 2.38043594436e-05, 1.42631897688e-05, 9.31281283556e-06, 8.86904399522e-06, 6.48655077384e-06, 6.91870218361e-06, 3.90061313738e-06, 3.05084972752e-06, 2.87792090603e-06, 2.24771429203e-06, 2.07733387469e-06, 2.00306044462e-06, 1.75546972514e-06, 1.20526101455e-06, 1.01719081158e-06, 7.69742484863e-07, 6.07489539561e-07, 4.93813558933e-07, 4.73152454106e-07, 4.48083881111e-07, 3.7239192352e-07], "dvar": [1.10691496502e-06, 2.17520550905e-06, 1.25116480376e-06, 1.85945225439e-07, 1.55380575961e-07, 2.28495807164e-07, 1.20112460422e-07, 1.43978752476e-07, 8.2284522307e-08, 9.31980110863e-08, 7.05288130121e-08, 7.28535027861e-08, 3.58220439978e-08, 6.0625646725e-09, 3.38026584501e-09, 2.90669754932e-09, 3.59129748162e-09, 3.71842356905e-09, 9.45748368508e-09, 2.99925484448e-09, 1.76986292288e-09, 3.47690265468e-10, 2.76786427111e-10, 1.17089657414e-10, 1.58289631402e-10, 5.7741769699e-11, 4.90329235547e-11, 4.02597295779e-11, 2.44748023931e-11, 1.66516921779e-11, 2.37621259475e-11, 1.97756637454e-11, 1.25752741553e-11, 7.97428355986e-12, 4.50379447278e-12, 3.02831696351e-12, 1.20530159204e-12, 7.57643242848e-13, 6.34622833885e-13, 5.13586948577e-13], "dvar2": [2.7464093364e-06, 5.99951681579e-06, 3.1951674373e-06, 5.32044623469e-07, 4.04454056024e-07, 4.5562129003e-07, 2.72634792964e-07, 2.90158340022e-07, 1.66010210023e-07, 2.01108306896e-07, 1.33488924803e-07, 1.35069925022e-07, 7.61265965821e-08, 1.36530200479e-08, 7.11201053605e-09, 6.72475408692e-09, 7.54992068863e-09, 8.43649772264e-09, 2.50924880874e-08, 6.81287337656e-09, 4.23533741412e-09, 8.64848581639e-10, 6.24629736823e-10, 2.74630068686e-10, 3.69424518754e-10, 1.58159166319e-10, 1.09726269737e-10, 1.00832557581e-10, 6.05401562215e-11, 4.38086997234e-11, 6.4369932995e-11, 5.39431103952e-11, 3.43578221429e-11, 2.16611902026e-11, 1.26382324744e-11, 8.74469073542e-12, 3.26164594465e-12, 1.99608016747e-12, 1.51138151473e-12, 1.2775548848e-12], "max": [0.0178399607539, 0.027225131169, 0.0241454672068, 0.0112821245566, 0.0145906703547, 0.0252190008759, 0.0100882397965, 0.0141540709883, 0.00777863943949, 0.0122959380969, 0.00917421281338, 0.00832384731621, 0.00808266550303, 0.0031824761536, 0.00351103954017, 0.00203487859108, 0.00319997244515, 0.00220457115211, 0.00477015972137, 0.00205525569618, 0.00264310464263, 0.000923508370761, 0.000815083447378, 0.00035290690721, 0.000516118889209, 0.000212691229535, 0.000556616287213, 0.000333589181537, 0.000166425626958, 9.41835241974e-05, 0.000113952592073, 0.000108185122372, 0.000113459027489, 0.000111101828224, 6.69618093525e-05, 6.65824918542e-05, 3.94376475015e-05, 2.07840876101e-05, 3.15020697599e-05, 1.48683275256e-05], "mean": [0.000581216008868, 0.000803962873761, 0.000522646179888, 0.000434893969214, 0.000426786195021, 0.00038674933603, 0.00025831387029, 0.000293989491183, 0.000207716671866, 0.000215152394958, 0.000138608826092, 0.000154782886966, 0.000116858296678, 5.0262788136e-05, 3.9475329686e-05, 3.42722451023e-05, 3.99367272621e-05, 3.40136975865e-05, 3.34982578352e-05, 2.8662108889e-05, 1.95287339011e-05, 1.26663253468e-05, 1.29144264065e-05, 8.99428869161e-06, 9.13811436476e-06, 4.32469914813e-06, 3.38262816513e-06, 2.94203368867e-06, 2.46569265983e-06, 1.98486964109e-06, 1.78520372174e-06, 1.43941724673e-06, 1.0015113503e-06, 8.53878134421e-07, 6.49182084089e-07, 5.690449143e-07, 5.35785034117e-07, 5.70404438349e-07, 5.75107549139e-07, 3.98292684167e-07], "median": [0.000256699102465, 0.000279294588836, 0.00019096507458, 0.000236305597355, 0.000216573724174, 0.000130256914417, 7.06657156115e-05, 6.54663745081e-05, 3.60870471923e-05, 3.02848911815e-05, 2.92082295346e-05, 1.80432907655e-05, 1.70686143974e-05, 1.1586720575e-05, 1.02613275885e-05, 7.81075323175e-06, 9.28965073399e-06, 6.34100160823e-06, 6.19927686785e-06, 6.49701814837e-06, 4.55073268313e-06, 3.72094427803e-06, 2.92111303679e-06, 2.3482737106e-06, 2.05046535484e-06, 1.03754905467e-06, 7.43941370729e-07, 7.30498300072e-07, 4.3552560669e-07, 3.84409872822e-07, 2.53641900372e-07, 1.66288117498e-07, 8.66820144552e-08, 8.47135908089e-08, 9.57684349601e-08, 1.08703083868e-07, 1.08488883654e-07, 1.42457551533e-07, 1.35326175155e-07, 5.82093946377e-08], "min": [3.55281949693e-12, 2.45803182496e-12, 1.22169342785e-12, 9.39310586777e-13, 1.17736430414e-12, 8.90070948802e-13, 3.39929256618e-13, 1.74824076656e-13, 1.70167889111e-13, 8.00047690857e-14, 1.00135252466e-13, 4.39547046492e-14, 3.10718552938e-14, 3.50011293278e-14, 2.0209164271e-14, 3.4134248281e-15, 8.16473692583e-15, 6.0600836686e-14, 8.0158773228e-14, 1.03298520725e-13, 5.50531029184e-14, 3.37901568163e-14, 3.65465239994e-14, 6.51274756239e-14, 1.37983903275e-14, 2.05811167669e-14, 2.92010576689e-14, 4.20564428281e-14, 1.66244700162e-14, 1.48762160359e-14, 3.08427837035e-14, 6.6576167085e-15, 7.74348457127e-15, 1.58732076962e-14, 1.38340656611e-14, 1.4231107273e-14, 1.7965922871e-14, 9.58097431958e-15, 9.58231009053e-15, 8.73884654012e-15], "var": [1.40938846016e-06, 2.47778075391e-06, 1.50947346356e-06, 4.24278482569e-07, 4.39312259459e-07, 8.59572651279e-07, 3.55193918722e-07, 4.72001005392e-07, 2.76450776937e-07, 5.06759079144e-07, 1.83708252166e-07, 2.73291590247e-07, 1.87509826333e-07, 1.96392502261e-08, 1.00225179267e-08, 1.03275166197e-08, 1.08999280712e-08, 9.56863388524e-09, 1.70768128527e-08, 7.056261353e-09, 8.13000244904e-09, 1.26782973009e-09, 1.37152467161e-09, 3.52190110409e-10, 5.75530734181e-10, 9.19180495607e-11, 1.54288984366e-10, 7.86224141347e-11, 4.34351062062e-11, 2.22257125898e-11, 2.73365132614e-11, 2.09958873204e-11, 1.3530072028e-11, 9.69014365276e-12, 4.51116401179e-12, 2.92227288375e-12, 1.85292016106e-12, 1.81614131286e-12, 1.95254836605e-12, 9.06431830636e-13]}, "melbands_crest": {"dmean": 2.67928862572, "dmean2": 4.23979282379, "dvar": 6.52141189575, "dvar2": 16.0286254883, "max": 34.0660057068, "mean": 12.7769975662, "median": 11.6662282944, "min": 3.99491739273, "var": 23.2961673737}, "melbands_flatness_db": {"dmean": 0.0187927242368, "dmean2": 0.0282926280051, "dvar": 0.000390563538531, "dvar2": 0.000870788877364, "max": 0.52495932579, "mean": 0.217974811792, "median": 0.207772761583, "min": 0.0645000711083, "var": 0.00397858163342}, "melbands_kurtosis": {"dmean": 3.36999773979, "dmean2": 5.23914527893, "dvar": 29.4660778046, "dvar2": 68.5862884521, "max": 118.174293518, "mean": 8.0130443573, "median": 5.4553976059, "min": -1.66862165928, "var": 94.5340881348}, "melbands_skewness": {"dmean": 0.478072077036, "dmean2": 0.719060540199, "dvar": 0.257857233286, "dvar2": 0.579478502274, "max": 9.3277053833, "mean": 2.01070833206, "median": 1.93147420883, "min": -2.15648317337, "var": 1.50097858906}, "melbands_spread": {"dmean": 4.18773508072, "dmean2": 6.52185297012, "dvar": 24.7328643799, "dvar2": 58.8396377563, "max": 177.80909729, "mean": 19.1490726471, "median": 17.4938659668, "min": 1.03612577915, "var": 99.3861846924}, "mfcc": {"cov": [[18845.765625, 1221.46374512, 1476.12231445, 1196.26245117, 112.453201294, 202.910476685, 164.380340576, -86.794128418, -109.923545837, -85.5560684204, 85.9011764526, 72.920173645, -157.218261719], [1221.46374512, 1845.78625488, 168.72479248, 182.600189209, 226.136520386, -5.63891553879, -5.35174608231, -49.8272094727, -101.785202026, -58.7430381775, -38.0415229797, 21.4658126831, -34.4900016785], [1476.12231445, 168.72479248, 1083.86621094, 386.584259033, 151.170150757, 166.666381836, 12.6622886658, -21.6894397736, -78.4147567749, -43.5290489197, 20.8609218597, 41.4087524414, -27.1874275208], [1196.26245117, 182.600189209, 386.584259033, 415.338562012, 135.794067383, 62.4841156006, 3.88283872604, -7.2865524292, -33.0334587097, -29.7492694855, -1.9323580265, 32.5563011169, -3.55153608322], [112.453201294, 226.136520386, 151.170150757, 135.794067383, 239.501220703, 3.95829033852, -22.4144515991, 18.2549686432, -16.8665752411, -20.7442245483, -12.8063058853, 23.2828330994, -7.50608491898], [202.910476685, -5.63891553879, 166.666381836, 62.4841156006, 3.95829033852, 204.255554199, 48.1762161255, 6.70568370819, -1.19933259487, -2.07194805145, 22.2749576569, -24.8180713654, 8.17375087738], [164.380340576, -5.35174608231, 12.6622886658, 3.88283872604, -22.4144515991, 48.1762161255, 152.109802246, -8.76526355743, 26.2294921875, 14.0547819138, -11.1692810059, -5.42793321609, -2.51460647583], [-86.794128418, -49.8272094727, -21.6894397736, -7.2865524292, 18.2549686432, 6.70568370819, -8.76526355743, 142.667007446, 8.17627334595, 14.6861305237, 19.8780345917, -3.26726913452, -8.86380386353], [-109.923545837, -101.785202026, -78.4147567749, -33.0334587097, -16.8665752411, -1.19933259487, 26.2294921875, 8.17627334595, 109.831497192, 37.5851249695, -3.94575071335, -17.8637256622, -1.83819389343], [-85.5560684204, -58.7430381775, -43.5290489197, -29.7492694855, -20.7442245483, -2.07194805145, 14.0547819138, 14.6861305237, 37.5851249695, 93.5137557983, 29.4697246552, -8.3832244873, -7.40944576263], [85.9011764526, -38.0415229797, 20.8609218597, -1.9323580265, -12.8063058853, 22.2749576569, -11.1692810059, 19.8780345917, -3.94575071335, 29.4697246552, 92.5842514038, 19.8707675934, 0.254525244236], [72.920173645, 21.4658126831, 41.4087524414, 32.5563011169, 23.2828330994, -24.8180713654, -5.42793321609, -3.26726913452, -17.8637256622, -8.3832244873, 19.8707675934, 97.4220809937, 19.93151474], [-157.218261719, -34.4900016785, -27.1874275208, -3.55153608322, -7.50608491898, 8.17375087738, -2.51460647583, -8.86380386353, -1.83819389343, -7.40944576263, 0.254525244236, 19.93151474, 101.348350525]], "icov": [[7.23449556972e-05, -4.17751034547e-05, -4.26464466727e-05, -0.000201609931537, 0.000136309085065, 4.74410917377e-05, -6.96010247339e-05, 5.47014406038e-06, -3.71423702745e-05, 5.2671530284e-05, -0.000103442522231, 1.79148282768e-05, 8.44389287522e-05], [-4.17751034547e-05, 0.000687198480591, 8.96213605301e-05, 3.2478931189e-06, -0.000667927437462, 8.83322286427e-07, -0.000105767314381, 0.000264104368398, 0.00057917367667, -1.83619602012e-06, 0.000154251029016, 4.42249511252e-05, 0.000165432793438], [-4.26464466727e-05, 8.96213605301e-05, 0.0016569433501, -0.00106574490201, -0.000387578591472, -0.00108248682227, 0.000108161177195, 0.000297476275591, 0.00071292812936, 1.6829493461e-06, -3.15062425216e-05, -0.000481718714582, 0.000566650996916], [-0.000201609931537, 3.2478931189e-06, -0.00106574490201, 0.00470084743574, -0.00180490117054, -0.000465717545012, 6.47618580842e-05, 9.38906596275e-05, 5.26487383468e-06, 0.0001417742169, 0.000473105930723, -0.000653596012853, -0.0003812937357], [0.000136309085065, -0.000667927437462, -0.000387578591472, -0.00180490117054, 0.00631464784965, 0.000199902904569, 0.000828732503578, -0.00118897820357, -0.000682639481965, 0.000349576759618, 0.000902151688933, -0.000998226227239, 0.000392283662222], [4.74410917377e-05, 8.83322286427e-07, -0.00108248682227, -0.000465717545012, 0.000199902904569, 0.00720341177657, -0.00241717346944, -0.000412236753618, -0.00014070548059, 0.00111548556015, -0.00274941767566, 0.00314172636718, -0.00142694660462], [-6.96010247339e-05, -0.000105767314381, 0.000108161177195, 6.47618580842e-05, 0.000828732503578, -0.00241717346944, 0.00806664582342, 0.000363408529665, -0.00158976775128, -0.0013388171792, 0.00222710729577, -0.00130777084269, 0.000500457070302], [5.47014406038e-06, 0.000264104368398, 0.000297476275591, 9.38906596275e-05, -0.00118897820357, -0.000412236753618, 0.000363408529665, 0.00768013717607, -0.000150692139869, -0.000566308037378, -0.0015307146823, 0.000329006579705, 0.000702359946445], [-3.71423702745e-05, 0.00057917367667, 0.00071292812936, 5.26487383468e-06, -0.000682639481965, -0.00014070548059, -0.00158976775128, -0.000150692139869, 0.0121999187395, -0.0045419386588, 0.00160691561177, 0.00116912496742, -0.000105659812107], [5.2671530284e-05, -1.83619602012e-06, 1.6829493461e-06, 0.0001417742169, 0.000349576759618, 0.00111548556015, -0.0013388171792, -0.000566308037378, -0.0045419386588, 0.0149471871555, -0.00557620124891, 0.00147267640568, 0.000674454960972], [-0.000103442522231, 0.000154251029016, -3.15062425216e-05, 0.000473105930723, 0.000902151688933, -0.00274941767566, 0.00222710729577, -0.0015307146823, 0.00160691561177, -0.00557620124891, 0.0151315741241, -0.00432746624574, 0.000544622831512], [1.79148282768e-05, 4.42249511252e-05, -0.000481718714582, -0.000653596012853, -0.000998226227239, 0.00314172636718, -0.00130777084269, 0.000329006579705, 0.00116912496742, 0.00147267640568, -0.00432746624574, 0.0134688783437, -0.00294936960563], [8.44389287522e-05, 0.000165432793438, 0.000566650996916, -0.0003812937357, 0.000392283662222, -0.00142694660462, 0.000500457070302, 0.000702359946445, -0.000105659812107, 0.000674454960972, 0.000544622831512, -0.00294936960563, 0.0110369306058]], "mean": [-719.716430664, 136.701141357, -9.16420841217, 9.9806098938, 8.96392822266, -5.18965244293, -0.333171904087, -1.57185959816, 1.29339671135, -0.136375635862, -3.41196775436, -0.0468929484487, -3.33908987045]}, "pitch_salience": {"dmean": 0.0580864734948, "dmean2": 0.092144228518, "dvar": 0.00266280211508, "dvar2": 0.00664486642927, "max": 0.845751464367, "mean": 0.559459149837, "median": 0.562823712826, "min": 0.117342278361, "var": 0.00961543992162}, "silence_rate_20dB": {"dmean": 0, "dmean2": 0, "dvar": 0, "dvar2": 0, "max": 1, "mean": 1, "median": 1, "min": 1, "var": 0}, "silence_rate_30dB": {"dmean": 0.00264262408018, "dmean2": 0.00528565887362, "dvar": 0.00263574463315, "dvar2": 0.00681311218068, "max": 1, "mean": 0.998057067394, "median": 1, "min": 0, "var": 0.0019392108079}, "silence_rate_60dB": {"dmean": 0.0202083010226, "dmean2": 0.040419742465, "dvar": 0.0198028925806, "dvar2": 0.0439255088568, "max": 1, "mean": 0.272246837616, "median": 0, "min": 0, "var": 0.198116958141}, "spectral_centroid": {"dmean": 164.730178833, "dmean2": 256.461456299, "dvar": 39194.6757812, "dvar2": 95342.2734375, "max": 4571.28466797, "mean": 1101.31298828, "median": 1010.57745361, "min": 183.220657349, "var": 211799.203125}, "spectral_complexity": {"dmean": 2.13850450516, "dmean2": 3.41158175468, "dvar": 8.71212863922, "dvar2": 18.9231739044, "max": 61, "mean": 13.3418045044, "median": 13, "min": 0, "var": 87.4894332886}, "spectral_contrast_coeffs": {"dmean": [0.0386640429497, 0.0399299561977, 0.0344524867833, 0.0281052440405, 0.020141325891, 0.0158187318593], "dmean2": [0.0628513395786, 0.0630655512214, 0.0543730035424, 0.0452967733145, 0.0320423357189, 0.0249965488911], "dvar": [0.00107680412475, 0.00109158968553, 0.000852009514347, 0.00052338745445, 0.000287749891868, 0.000267221534159], "dvar2": [0.00290601165034, 0.00276628206484, 0.00197699060664, 0.00129744096193, 0.000680725323036, 0.000617849582341], "max": [-0.377181380987, -0.419805824757, -0.465666264296, -0.480257928371, -0.583419322968, -0.597230136395], "mean": [-0.67500847578, -0.709486305714, -0.740516006947, -0.76315754652, -0.778125941753, -0.787450432777], "median": [-0.673005819321, -0.711261808872, -0.748492240906, -0.768412590027, -0.782484650612, -0.788374483585], "min": [-0.951850831509, -0.952968835831, -0.957490682602, -0.949077963829, -0.931922018528, -0.910711884499], "var": [0.00704031484202, 0.00589202856645, 0.00619103852659, 0.00360411568545, 0.0025307147298, 0.0018631212879]}, "spectral_contrast_valleys": {"dmean": [0.30442109704, 0.28869381547, 0.2592484653, 0.229307472706, 0.215917482972, 0.238296225667], "dmean2": [0.495659887791, 0.469105213881, 0.418656855822, 0.366888195276, 0.326103299856, 0.331527411938], "dvar": [0.0753291249275, 0.0590542219579, 0.0485300272703, 0.0480015277863, 0.0681323111057, 0.106133051217], "dvar2": [0.191460847855, 0.151436656713, 0.11679649353, 0.105233848095, 0.138270765543, 0.217150196433], "max": [-5.15086746216, -4.51417827606, -5.52194833755, -5.96628093719, -5.41666889191, -7.93436431885], "mean": [-7.99970912933, -7.45409154892, -8.00842952728, -8.42987155914, -8.62487602234, -11.3210783005], "median": [-7.32548093796, -6.98380374908, -7.64784049988, -8.09239768982, -8.22274208069, -10.765827179], "min": [-15.1191511154, -15.6991672516, -16.9051074982, -17.5450820923, -16.7558326721, -18.262178421], "var": [3.7863805294, 2.75739526749, 1.98654747009, 1.90359210968, 2.29975295067, 3.51969909668]}, "spectral_decrease": {"dmean": 1.19249121688e-09, "dmean2": 1.78814962837e-09, "dvar": 5.43686915554e-18, "dvar2": 1.26518134958e-17, "max": -1.06606946356e-17, "mean": -4.39504255212e-09, "median": -2.59419152826e-09, "min": -3.89141590063e-08, "var": 2.48355139024e-17}, "spectral_energy": {"dmean": 0.00478897895664, "dmean2": 0.00715787708759, "dvar": 8.68163479026e-05, "dvar2": 0.000200890790438, "max": 0.15604159236, "mean": 0.0178302899003, "median": 0.0103981141001, "min": 5.42943606741e-11, "var": 0.000409293425037}, "spectral_energyband_high": {"dmean": 0.000222471557208, "dmean2": 0.000345169042703, "dvar": 5.75261822178e-07, "dvar2": 1.47085461322e-06, "max": 0.0135119222105, "mean": 0.000384825980291, "median": 8.63394670887e-05, "min": 1.05115490964e-11, "var": 8.07648973478e-07}, "spectral_energyband_low": {"dmean": 0.00224874401465, "dmean2": 0.00356798991561, "dvar": 4.27198465331e-05, "dvar2": 0.000107197003672, "max": 0.100771158934, "mean": 0.00433804420754, "median": 0.00177744613029, "min": 1.91875647315e-11, "var": 5.98984806857e-05}, "spectral_energyband_middle_high": {"dmean": 0.0013325791806, "dmean2": 0.00192791817244, "dvar": 8.83637221705e-06, "dvar2": 1.79794751602e-05, "max": 0.067561596632, "mean": 0.00440944591537, "median": 0.00145240407437, "min": 6.2485299053e-12, "var": 5.46327974007e-05}, "spectral_energyband_middle_low": {"dmean": 0.0028250683099, "dmean2": 0.00419864989817, "dvar": 2.76964874502e-05, "dvar2": 6.35267351754e-05, "max": 0.11689350009, "mean": 0.00946437660605, "median": 0.00556809315458, "min": 1.52617259108e-11, "var": 0.00013511753059}, "spectral_entropy": {"dmean": 0.145382419229, "dmean2": 0.211847543716, "dvar": 0.0273595117033, "dvar2": 0.056500069797, "max": 8.87913799286, "mean": 7.29385900497, "median": 7.30815172195, "min": 4.74530267715, "var": 0.240282490849}, "spectral_flux": {"dmean": 0.0143964672461, "dmean2": 0.0230449698865, "dvar": 0.000460538751213, "dvar2": 0.00101378106046, "max": 0.302896887064, "mean": 0.0515490062535, "median": 0.0415624901652, "min": 4.45048644906e-05, "var": 0.0018318593502}, "spectral_kurtosis": {"dmean": 2.52011823654, "dmean2": 4.26645565033, "dvar": 14.4508008957, "dvar2": 42.3738212585, "max": 75.7356414795, "mean": 8.53948688507, "median": 6.44552516937, "min": -0.963551998138, "var": 58.7264671326}, "spectral_rms": {"dmean": 0.000456656271126, "dmean2": 0.000663537182845, "dvar": 4.48941165132e-07, "dvar2": 9.64616333476e-07, "max": 0.0123383831233, "mean": 0.00346874678507, "median": 0.00318504334427, "min": 2.30152352287e-07, "var": 5.36322068001e-06}, "spectral_rolloff": {"dmean": 342.602233887, "dmean2": 589.923278809, "dvar": 663034.125, "dvar2": 1725266.875, "max": 13738.1835938, "mean": 1221.66540527, "median": 990.52734375, "min": 86.1328125, "var": 903642.875}, "spectral_skewness": {"dmean": 0.258100181818, "dmean2": 0.427208602428, "dvar": 0.0937803313136, "dvar2": 0.255995571613, "max": 6.76352500916, "mean": 2.04407572746, "median": 1.96736490726, "min": -0.102189227939, "var": 0.416918873787}, "spectral_spread": {"dmean": 481367.4375, "dmean2": 694473.375, "dvar": 567834443776, "dvar2": 1115856044030.0, "m