{"lowlevel": {"average_loudness": 0.849107146263, "barkbands": {"dmean": [2.37095864577e-05, 0.00122513633687, 0.00189433060586, 0.00190128642134, 0.000768126046751, 0.000382722180802, 0.000343422958395, 0.000303264823742, 0.000369129324099, 0.000404188787797, 0.000527839292772, 0.000586509297136, 0.000278614461422, 0.000494647712912, 0.000600483617745, 0.000401829631301, 0.00035882825614, 0.00038143096026, 0.000455089961179, 0.000148735867697, 6.52424059808e-05, 4.18814379373e-05, 4.09229724028e-05, 1.86777233466e-05, 4.06665130868e-05, 1.50385576489e-05, 7.89748526131e-07], "dmean2": [3.91203502659e-05, 0.0021632569842, 0.00346205825917, 0.00314296060242, 0.0012599430047, 0.000626477412879, 0.000556172337383, 0.000467822275823, 0.000560608517844, 0.000578342587687, 0.000791808823124, 0.000862359534949, 0.000424713740358, 0.000766960089095, 0.000947873282712, 0.000621822313406, 0.000572019664105, 0.000605481909588, 0.000718223513104, 0.00023674989643, 0.000102141566458, 6.49555076961e-05, 6.14709861111e-05, 2.63178371824e-05, 6.15154713159e-05, 2.24247760343e-05, 1.29959505557e-06], "dvar": [2.76653766562e-09, 1.47963455674e-05, 4.4939086365e-05, 3.52598763129e-05, 2.97187989418e-06, 6.85964209879e-07, 5.80045423249e-07, 7.77683226261e-07, 1.57782926635e-06, 2.40398549067e-06, 2.33889682022e-06, 3.06371111947e-06, 7.82972335855e-07, 1.83464590009e-06, 2.3441787107e-06, 1.63840559253e-06, 8.70953499543e-07, 7.8029006545e-07, 8.58712951413e-07, 9.35943660352e-08, 2.49887399661e-08, 1.24021042325e-08, 2.2539852651e-08, 4.88991735992e-09, 3.08479108924e-08, 1.77122527756e-09, 5.04250894512e-12], "dvar2": [6.65799371191e-09, 4.16680813942e-05, 0.000130293279653, 8.73459503055e-05, 7.63548905525e-06, 1.83608767657e-06, 1.4707666196e-06, 1.82127246262e-06, 3.45868124896e-06, 4.90473757964e-06, 5.12647011419e-06, 6.17184150542e-06, 1.78243089977e-06, 4.22534867539e-06, 5.69229996472e-06, 3.96629684474e-06, 2.07040216083e-06, 1.84239650025e-06, 2.15179784391e-06, 2.29471410762e-07, 5.92963118606e-08, 3.00941351838e-08, 4.93388974121e-08, 8.60847393369e-09, 7.24265163399e-08, 3.83282960925e-09, 1.31407662529e-11], "max": [0.000652379996609, 0.043825045228, 0.0947730019689, 0.0714688003063, 0.034002803266, 0.01598700881, 0.0207385234535, 0.0192041974515, 0.0336760096252, 0.038601398468, 0.0313034132123, 0.038974635303, 0.0205003134906, 0.0313228182495, 0.0293055232614, 0.0440992675722, 0.0255603417754, 0.0291434600949, 0.0357628688216, 0.00695512071252, 0.00255051627755, 0.00233758590184, 0.00625763135031, 0.00412457529455, 0.00342221721075, 0.00160821177997, 7.56041117711e-05], "mean": [4.26835686085e-05, 0.0020793681033, 0.00237760622986, 0.0019559324719, 0.00150159746408, 0.000749690807424, 0.000596069148742, 0.000482101517264, 0.00053441838827, 0.000662204169203, 0.000884841254447, 0.000971053668763, 0.000399842654588, 0.000772232247982, 0.000931004295126, 0.000577026046813, 0.000572784163523, 0.00068631436443, 0.000855351565406, 0.000269668496912, 0.000113350572065, 7.28346858523e-05, 7.14375128155e-05, 3.31782794092e-05, 5.25423638464e-05, 2.33769351325e-05, 8.7819375949e-07], "median": [1.95857792278e-05, 0.00154636951629, 0.00143759953789, 0.00061136088334, 0.000968131877016, 0.000407432904467, 0.000297191028949, 0.000205326068681, 0.000143174358527, 8.01793794381e-05, 0.000103141748696, 0.000113024871098, 6.71925590723e-05, 9.89298860077e-05, 0.000205953067052, 0.000171296938788, 0.000210199243156, 0.000327743851813, 0.000374305673176, 0.000120565106045, 4.14988935518e-05, 3.30745388055e-05, 1.90097925952e-05, 1.21837083498e-05, 9.33384035307e-06, 6.80222728988e-06, 1.0425597452e-07], "min": [1.8390217301e-24, 9.64028968061e-24, 6.05928952238e-24, 3.00962457582e-23, 3.41887141395e-23, 4.03008778529e-23, 3.68037312423e-23, 1.06261936827e-22, 8.9212809886e-23, 7.08651737189e-23, 4.15632572497e-23, 5.85452300394e-23, 1.23279900607e-22, 4.48697708894e-23, 8.87108040494e-23, 1.22509480114e-22, 1.76562040013e-22, 3.72004916745e-22, 2.29375684394e-22, 2.31179159263e-22, 4.9810898988e-22, 6.47623905083e-22, 5.06719513945e-22, 7.39843537195e-22, 1.03382299173e-21, 1.98254250781e-21, 2.55044097436e-21], "var": [3.91421206558e-09, 1.08209969767e-05, 2.71653170785e-05, 3.15669640258e-05, 4.1214493649e-06, 1.06866639271e-06, 8.71378574629e-07, 1.08599499526e-06, 2.56304201685e-06, 5.8480673033e-06, 6.27847884971e-06, 7.03673913449e-06, 1.42162855354e-06, 3.94353128286e-06, 4.78972151541e-06, 2.55776808444e-06, 1.53488690557e-06, 1.44446130435e-06, 1.87610010016e-06, 1.88657267586e-07, 4.23660857507e-08, 1.76050889422e-08, 3.67026764536e-08, 1.00617283394e-08, 3.61870675647e-08, 3.02513480932e-09, 5.86489277282e-12]}, "barkbands_crest": {"dmean": 2.3163061142, "dmean2": 3.80370235443, "dvar": 5.58172416687, "dvar2": 14.8652591705, "max": 25.8704471588, "mean": 8.80736923218, "median": 7.84210205078, "min": 2.4972615242, "var": 16.7692489624}, "barkbands_flatness_db": {"dmean": 0.0203702505678, "dmean2": 0.0298812780529, "dvar": 0.000598109210841, "dvar2": 0.00124049384613, "max": 0.472166001797, "mean": 0.138999164104, "median": 0.118613369763, "min": 0.0276175346226, "var": 0.00496422545984}, "barkbands_kurtosis": {"dmean": 2.26639175415, "dmean2": 3.65264487267, "dvar": 29.8867893219, "dvar2": 76.9526824951, "max": 147.941299438, "mean": 3.00340843201, "median": -0.173151671886, "min": -1.9430937767, "var": 74.2434539795}, "barkbands_skewness": {"dmean": 0.498549669981, "dmean2": 0.763492703438, "dvar": 0.350531429052, "dvar2": 0.854050695896, "max": 9.95818710327, "mean": 1.00535607338, "median": 0.755617618561, "min": -2.02292561531, "var": 1.82579290867}, "barkbands_spread": {"dmean": 5.70522069931, "dmean2": 8.92985725403, "dvar": 58.7188339233, "dvar2": 126.376121521, "max": 146.29800415, "mean": 27.8629226685, "median": 28.5534343719, "min": 0.730254471302, "var": 223.272201538}, "dissonance": {"dmean": 0.0156931132078, "dmean2": 0.026779782027, "dvar": 0.000299462088151, "dvar2": 0.000826122704893, "max": 0.500000119209, "mean": 0.471945464611, "median": 0.479458451271, "min": 0.25991281867, "var": 0.000654264353216}, "dynamic_complexity": 5.11398267746, "erbbands": {"dmean": [0.025807403028, 0.332088798285, 1.76176047325, 4.80808210373, 3.68840527534, 2.84315133095, 2.95521998405, 3.03530049324, 4.60873508453, 5.84578943253, 6.04032659531, 7.8649187088, 12.3398771286, 11.1489038467, 24.8206634521, 16.9832515717, 11.4503860474, 23.4165725708, 23.567483902, 27.8054351807, 18.0985145569, 18.4595775604, 20.4783859253, 29.1446552277, 13.3663663864, 6.03681612015, 3.05622506142, 2.51915192604, 1.56325399876, 1.27555584908, 1.10367512703, 0.466304630041, 0.289993464947, 0.243705362082, 0.451994389296, 0.0915589481592, 0.0259941685945, 0.00470850104466, 9.53829294303e-05, 1.06816632979e-05], "dmean2": [0.0444027073681, 0.593837499619, 3.22959136963, 8.01003837585, 6.15339231491, 4.6950044632, 4.77662420273, 4.96177196503, 7.63438034058, 9.10460472107, 9.41758823395, 11.8442802429, 17.7375030518, 16.4275398254, 38.1674346924, 25.3720912933, 17.4137134552, 35.6154708862, 36.879573822, 42.5781593323, 28.0852050781, 29.3457698822, 32.7498970032, 45.9971389771, 20.6682701111, 9.42947864532, 4.869617939, 3.94907617569, 2.43636012077, 1.89917230606, 1.66816210747, 0.673072695732, 0.414634019136, 0.3483723104, 0.698199689388, 0.13758726418, 0.038840636611, 0.00710679031909, 0.000142694610986, 1.61873031175e-05], "dvar": [0.00585235096514, 1.17151713371, 40.3508911133, 167.508239746, 139.956710815, 35.2218704224, 37.7268943787, 46.4337921143, 95.3741607666, 253.233276367, 336.240356445, 790.315612793, 2103.69677734, 1859.54260254, 5064.32617188, 2246.95703125, 1200.9152832, 4057.65014648, 3455.43261719, 4862.73925781, 3214.33374023, 1963.99682617, 2528.29516602, 3733.16870117, 671.175170898, 167.042861938, 47.7589683533, 39.0164833069, 16.3798484802, 15.5808019638, 16.6605033875, 3.97104740143, 1.01986241341, 0.728891134262, 5.154296875, 0.0991186797619, 0.00461464747787, 0.000160105599207, 6.28082617027e-08, 3.88997112299e-10], "dvar2": [0.0159828197211, 3.3417096138, 116.915756226, 422.473480225, 343.672668457, 96.2978057861, 98.8882827759, 124.122955322, 254.730331421, 607.823791504, 772.054321289, 1745.19714355, 4526.18505859, 4387.50048828, 12311.3525391, 4828.78613281, 2708.92016602, 9195.76464844, 8539.03320313, 11403.0498047, 7655.65332031, 4631.40234375, 6084.54003906, 9325.80273438, 1588.44250488, 404.135864258, 118.657196045, 91.2076034546, 39.6679801941, 33.2267951965, 37.2638893127, 6.77044963837, 1.90641868114, 1.51060223579, 12.5374641418, 0.22404846549, 0.0101865362376, 0.00036147958599, 1.39784674502e-07, 8.89151308137e-10], "max": [1.19264948368, 12.3390731812, 90.8396835327, 124.364440918, 164.199554443, 204.562591553, 122.30255127, 167.412918091, 208.729873657, 430.465515137, 398.309082031, 761.211608887, 1193.32019043, 1425.23156738, 1559.66699219, 1281.35998535, 817.282165527, 1445.78198242, 1480.11791992, 1245.28405762, 2119.86645508, 1068.23461914, 1485.12536621, 2584.98120117, 516.395690918, 291.606079102, 107.056533813, 109.246200562, 72.9941558838, 138.53338623, 182.19178772, 149.452941895, 34.182510376, 30.4626312256, 46.6667137146, 9.06670093536, 2.68966221809, 0.453048616648, 0.00851840618998, 0.000302327069221], "mean": [0.0563157945871, 0.504992723465, 2.3573884964, 5.30109405518, 4.93814229965, 5.51022481918, 5.78633022308, 5.77411174774, 8.24200344086, 10.3780155182, 9.73716259003, 12.0199890137, 22.6261615753, 17.7883682251, 50.716583252, 32.2471199036, 19.1647891998, 37.9350624084, 39.7412109375, 45.4691848755, 30.0493583679, 32.3282470703, 37.6947822571, 54.6596221924, 26.9054603577, 11.9149942398, 5.42255115509, 4.3738861084, 2.76738142967, 2.24433779716, 1.92470467091, 0.842084944248, 0.492723971605, 0.365773797035, 0.534587800503, 0.12905189395, 0.040019903332, 0.00706378556788, 0.000152146792971, 2.78357456409e-05], "median": [0.0435398966074, 0.347538173199, 1.38074684143, 2.1569943428, 2.50143289566, 3.1575460434, 3.26183080673, 3.28338098526, 4.24555397034, 5.08442926407, 4.18721008301, 3.72947120667, 3.63781261444, 3.67454624176, 5.21502733231, 5.49217319489, 4.56337451935, 6.77874040604, 10.1432762146, 13.1218938828, 12.3086681366, 12.7861423492, 18.410785675, 23.9788341522, 12.1718187332, 5.78547143936, 2.34230995178, 1.55945801735, 1.24831140041, 0.72104883194, 0.55228292942, 0.292271733284, 0.180313482881, 0.108696781099, 0.0588514395058, 0.0295013710856, 0.0114801265299, 0.00159199675545, 4.70491650049e-05, 2.2117215849e-05], "min": [3.66914201686e-22, 2.17596484039e-21, 7.60636113316e-21, 5.7945998775e-20, 1.31846489184e-19, 6.65917551609e-20, 3.18372305195e-19, 2.3094391564e-19, 5.8229151746e-19, 5.39174211043e-19, 3.26572766992e-18, 2.19973236311e-18, 2.2523524238e-18, 1.73553845568e-18, 1.5099891535e-18, 2.67940054505e-18, 4.83376970298e-18, 3.59587737268e-18, 3.64868044708e-18, 5.48385715024e-18, 7.0518263914e-18, 9.82967838654e-18, 1.58199830707e-17, 1.44646162041e-17, 1.28105486282e-17, 1.05721482597e-17, 1.7900291026e-17, 1.96334494763e-17, 2.1965898626e-17, 2.38929664098e-17, 1.35995292128e-17, 1.52318560008e-17, 1.17214387931e-17, 9.33445279843e-18, 9.29693105867e-18, 6.75124301887e-18, 3.57374491462e-18, 1.46421835507e-18, 3.06743309005e-19, 3.96250532686e-20], "var": [0.00520999683067, 0.803132474422, 24.7922229767, 148.191345215, 128.478973389, 65.2912139893, 64.2825469971, 66.5599594116, 151.719696045, 350.363433838, 504.840209961, 1194.23217773, 5754.10205078, 3618.01660156, 20211.2949219, 5871.80810547, 2354.83496094, 8312.47753906, 6850.24707031, 9896.5234375, 5052.77587891, 3965.65136719, 4481.95214844, 7976.87792969, 1693.92211914, 343.357299805, 82.1057891846, 67.6016769409, 23.7848358154, 26.610452652, 26.6593036652, 8.41154956818, 1.89671885967, 1.10720229149, 5.52233600616, 0.134738340974, 0.00810736510903, 0.000268867501291, 1.07597422527e-07, 7.41078476363e-10]}, "erbbands_crest": {"dmean": 2.92613792419, "dmean2": 4.72169113159, "dvar": 8.00595378876, "dvar2": 19.5026416779, "max": 32.1477546692, "mean": 10.1409397125, "median": 8.98243713379, "min": 2.56795048714, "var": 23.9620227814}, "erbbands_flatness_db": {"dmean": 0.0194865483791, "dmean2": 0.0270425025374, "dvar": 0.000418443436502, "dvar2": 0.00073773850454, "max": 0.387164324522, "mean": 0.16840082407, "median": 0.164467170835, "min": 0.0429951027036, "var": 0.00251455022953}, "erbbands_kurtosis": {"dmean": 1.15926873684, "dmean2": 1.7997020483, "dvar": 2.89989519119, "dvar2": 6.62352275848, "max": 43.8995094299, "mean": 1.03092038631, "median": 0.319332122803, "min": -1.79726803303, "var": 7.1761674881}, "erbbands_skewness": {"dmean": 0.395238697529, "dmean2": 0.596428215504, "dvar": 0.167407557368, "dvar2": 0.371430844069, "max": 5.60324287415, "mean": -0.16321490705, "median": -0.305781662464, "min": -3.90871357918, "var": 1.03586363792}, "erbbands_spread": {"dmean": 8.22454929352, "dmean2": 12.235332489, "dvar": 112.883605957, "dvar2": 243.064193726, "max": 181.283996582, "mean": 34.2967758179, "median": 29.2922744751, "min": 2.70644617081, "var": 427.024383545}, "gfcc": {"cov": [[37420.3632813, 850.995422363, -2904.22973633, 728.119506836, -477.092681885, 502.750488281, -922.149597168, 397.162261963, -806.20098877, 306.976226807, -650.585205078, 154.789825439, -883.02734375], [850.995422363, 1925.59411621, 61.9461364746, -26.29936409, 92.8476638794, -237.317871094, 165.741455078, -128.365783691, 26.6047115326, -153.425079346, 124.864059448, -132.377044678, 135.776687622], [-2904.22973633, 61.9461364746, 1464.58337402, -5.70868444443, -123.076766968, 25.5395584106, -6.47281932831, -14.0456857681, 48.374961853, -19.1835670471, -64.7231750488, -21.5867538452, 84.4244689941], [728.119506836, -26.29936409, -5.70868444443, 399.929779053, -44.9021377563, -2.87185645103, -73.8595962524, -32.1452560425, 53.9563179016, -22.6964054108, -51.1876869202, 7.32380437851, -3.45885682106], [-477.092681885, 92.8476638794, -123.076766968, -44.9021377563, 236.107406616, -30.4907932281, 56.1767463684, -0.871663868427, -0.0586651153862, 5.00162410736, 22.5533027649, -11.3049297333, 2.67570209503], [502.750488281, -237.317871094, 25.5395584106, -2.87185645103, -30.4907932281, 235.081100464, -9.29737663269, -12.6994247437, -48.491065979, 0.642807483673, 3.42233252525, -11.4453897476, -36.240436554], [-922.149597168, 165.741455078, -6.47281932831, -73.8595962524, 56.1767463684, -9.29737663269, 199.676589966, -30.5716285706, -5.93360090256, -35.645401001, 40.6199951172, -16.402135849, 25.5857257843], [397.162261963, -128.365783691, -14.0456857681, -32.1452560425, -0.871663868427, -12.6994247437, -30.5716285706, 171.367156982, 7.55544424057, 19.5426445007, -40.752532959, -11.9717073441, -3.22375774384], [-806.20098877, 26.6047115326, 48.374961853, 53.9563179016, -0.0586651153862, -48.491065979, -5.93360090256, 7.55544424057, 147.654693604, -3.55344319344, 3.68162035942, -4.05793714523, 18.9643936157], [306.976226807, -153.425079346, -19.1835670471, -22.6964054108, 5.00162410736, 0.642807483673, -35.645401001, 19.5426445007, -3.55344319344, 112.517379761, -6.84119844437, 16.8384933472, -34.2359428406], [-650.585205078, 124.864059448, -64.7231750488, -51.1876869202, 22.5533027649, 3.42233252525, 40.6199951172, -40.752532959, 3.68162035942, -6.84119844437, 143.414749146, -4.68790578842, 23.13422966], [154.789825439, -132.377044678, -21.5867538452, 7.32380437851, -11.3049297333, -11.4453897476, -16.402135849, -11.9717073441, -4.05793714523, 16.8384933472, -4.68790578842, 115.102828979, -14.5132646561], [-883.02734375, 135.776687622, 84.4244689941, -3.45885682106, 2.67570209503, -36.240436554, 25.5857257843, -3.22375774384, 18.9643936157, -34.2359428406, 23.13422966, -14.5132646561, 115.310249329]], "icov": [[9.65657600318e-05, -0.000243597358349, 0.000193151892745, -0.000148061022628, 0.000202937299036, -0.000316343357554, 0.000293707184028, -0.000293679186143, 0.000404280755902, -0.000244614202529, 0.000390105269616, -0.000241265835939, 0.000455201690784], [-0.000243597358349, 0.0014818032505, -0.000538993161172, 0.000357524317224, -0.000628528359812, 0.00174859771505, -0.000963047030382, 0.00126151868608, -0.000793288403656, 0.00140018435195, -0.00146583549213, 0.00155053450726, -0.001356363995], [0.000193151892745, -0.000538993161172, 0.00118862988893, -0.000128543004394, 0.000807557546068, -0.000891619944014, 0.000560621032491, -0.000386787840398, 0.000471027829917, -0.00064619758632, 0.00137132953387, -0.000425059202826, 0.000207554665394], [-0.000148061022628, 0.000357524317224, -0.000128543004394, 0.00343670463189, -3.49663896486e-05, 0.000327562302118, 0.000695883820299, 0.00150411075447, -0.00190551171545, 0.00121320248581, 0.000657623342704, 0.000335740012815, -0.000782292336226], [0.000202937299036, -0.000628528359812, 0.000807557546068, -3.49663896486e-05, 0.00536311371252, -0.000236909036175, -0.000633949763142, -0.000698726042174, 0.000726823811419, -0.00120897870511, 0.000723546021618, -0.000146134887473, 0.000982029014267], [-0.000316343357554, 0.00174859771505, -0.000891619944014, 0.000327562302118, -0.000236909036175, 0.00707612419501, -0.00109222775791, 0.00171959132422, 0.000498832843732, 0.00197351328097, -0.00241305446252, 0.00258434866555, 1.43103470691e-05], [0.000293707184028, -0.000963047030382, 0.000560621032491, 0.000695883820299, -0.000633949763142, -0.00109222775791, 0.00750401057303, -2.78637962765e-05, 0.00116053922102, 0.000964175676927, 0.000514672196005, -0.000508386292495, 0.000927336106542], [-0.000293679186143, 0.00126151868608, -0.000386787840398, 0.00150411075447, -0.000698726042174, 0.00171959132422, -2.78637962765e-05, 0.00817935820669, -0.00178961269557, 0.000367253145669, 0.000807182572316, 0.0022796636913, -0.00208620843478], [0.000404280755902, -0.000793288403656, 0.000471027829917, -0.00190551171545, 0.000726823811419, 0.000498832843732, 0.00116053922102, -0.00178961269557, 0.00973800756037, -0.00101307220757, 0.000556380080525, -0.000456905778265, 0.00138888775837], [-0.000244614202529, 0.00140018435195, -0.00064619758632, 0.00121320248581, -0.00120897870511, 0.00197351328097, 0.000964175676927, 0.000367253145669, -0.00101307220757, 0.012187730521, -0.00185840670019, 0.000304976274492, 0.0016286339378], [0.000390105269616, -0.00146583549213, 0.00137132953387, 0.000657623342704, 0.000723546021618, -0.00241305446252, 0.000514672196005, 0.000807182572316, 0.000556380080525, -0.00185840670019, 0.0107714217156, -0.00128965754993, -0.000104352395283], [-0.000241265835939, 0.00155053450726, -0.000425059202826, 0.000335740012815, -0.000146134887473, 0.00258434866555, -0.000508386292495, 0.0022796636913, -0.000456905778265, 0.000304976274492, -0.00128965754993, 0.0109177520499, -0.000561312597711], [0.000455201690784, -0.001356363995, 0.000207554665394, -0.000782292336226, 0.000982029014267, 1.43103470691e-05, 0.000927336106542, -0.00208620843478, 0.00138888775837, 0.0016286339378, -0.000104352395283, -0.000561312597711, 0.0135028297082]], "mean": [-62.0034332275, 93.3030548096, -117.540412903, 40.1492614746, -39.5459518433, 5.7250957489, -36.4346199036, 13.632525444, -26.5678367615, 2.61091160774, -13.9634361267, 1.83928930759, -15.4509916306]}, "hfc": {"dmean": 5.9759645462, "dmean2": 8.75802993774, "dvar": 79.5856933594, "dvar2": 165.386413574, "max": 157.578094482, "mean": 19.4848270416, "median": 13.5420703888, "min": 1.22671877458e-16, "var": 361.684326172}, "melbands": {"dmean": [0.000281879678369, 0.000749206286855, 0.000802155642305, 0.000202106777579, 0.000105314058601, 7.15033529559e-05, 6.95630369592e-05, 6.52086164337e-05, 5.13134000357e-05, 5.2849889471e-05, 6.31047805655e-05, 4.51465275546e-05, 7.20100069884e-05, 6.94792179274e-05, 3.31710398314e-05, 2.84166108031e-05, 5.04100280523e-05, 3.81136233045e-05, 5.13753511768e-05, 3.35601689585e-05, 2.0460522137e-05, 2.21183781832e-05, 1.90607497643e-05, 1.85619464901e-05, 2.77042108792e-05, 1.21109578686e-05, 8.2512251538e-06, 3.58592296834e-06, 2.26392194236e-06, 1.66670474755e-06, 1.53635119204e-06, 9.77563445304e-07, 7.23471430319e-07, 8.25500023893e-07, 8.26129564757e-07, 3.42383145835e-07, 2.79953042082e-07, 2.17555168547e-07, 1.90930364852e-07, 1.95016411908e-07], "dmean2": [0.000490262056701, 0.00138013868127, 0.00134360836819, 0.00033039911068, 0.000169892678969, 0.000117139905342, 0.000113668407721, 0.00010114836914, 7.97990360297e-05, 7.96966996859e-05, 9.05139822862e-05, 6.67876374791e-05, 0.00010980625666, 0.000101971352706, 5.1389397413e-05, 4.32675224147e-05, 7.68178579165e-05, 5.91104544583e-05, 8.00029447419e-05, 5.15339670528e-05, 3.22716550727e-05, 3.5071381717e-05, 3.04345339828e-05, 2.95259505947e-05, 4.40259609604e-05, 1.89916063391e-05, 1.30406506287e-05, 5.68535369894e-06, 3.65326104657e-06, 2.67123687081e-06, 2.43491854235e-06, 1.56054932177e-06, 1.13393298307e-06, 1.2678224266e-06, 1.28215924633e-06, 4.98310839703e-07, 4.14486464706e-07, 3.17448098031e-07, 2.80696951904e-07, 2.89566429501e-07], "dvar": [7.49555283619e-07, 7.43190139474e-06, 4.91847958983e-06, 2.53624619972e-07, 4.26611777016e-08, 2.39217214926e-08, 2.06293542249e-08, 3.24219229242e-08, 2.59021195603e-08, 3.54043301343e-08, 5.54618893034e-08, 3.42257067132e-08, 4.01260074057e-08, 4.20074854901e-08, 7.56817186698e-09, 1.08518465325e-08, 2.00269330008e-08, 9.93920235004e-09, 1.98597600587e-08, 1.08272750765e-08, 4.35226743534e-09, 2.9854891892e-09, 2.74553291213e-09, 1.90596960437e-09, 3.68581876131e-09, 6.84411527452e-10, 2.92229934695e-10, 6.83977319227e-11, 2.49524810536e-11, 2.10726592426e-11, 1.43207225592e-11, 6.38211272025e-12, 4.62098718665e-12, 7.69652570842e-12, 9.85964088152e-12, 3.19171837397e-12, 1.40893340831e-12, 5.68616226153e-13, 4.77139161514e-13, 5.20242052562e-13], "dvar2": [2.0853838123e-06, 2.14926985791e-05, 1.2334211533e-05, 6.1735613599e-07, 1.13620238551e-07, 6.42254676109e-08, 5.39354978457e-08, 7.697675386e-08, 5.89428168496e-08, 7.76499007316e-08, 1.17918865783e-07, 7.87581129202e-08, 9.36285147191e-08, 9.06730761585e-08, 1.75846146533e-08, 2.47617766291e-08, 4.50747315028e-08, 2.3990171627e-08, 4.76333923416e-08, 2.63486530372e-08, 1.03680051211e-08, 6.98446811498e-09, 6.24170670704e-09, 4.51888837461e-09, 9.3167056292e-09, 1.62837454631e-09, 7.10053738029e-10, 1.69762190416e-10, 6.32913513265e-11, 5.25557375397e-11, 3.46045657407e-11, 1.60778369784e-11, 1.10395564218e-11, 1.69337443373e-11, 2.32678251666e-11, 6.2447872394e-12, 2.79237700671e-12, 1.12962829195e-12, 9.58641803092e-13, 1.12832204517e-12], "max": [0.010420515202, 0.0369106121361, 0.0235394015908, 0.00995555799454, 0.00377505435608, 0.00364248128608, 0.00274930894375, 0.00457284785807, 0.00439951522276, 0.00572430482134, 0.00625597313046, 0.00561108533293, 0.00467657996342, 0.0055285114795, 0.00254048034549, 0.00277656386606, 0.00336222420447, 0.0022845142521, 0.00328957056627, 0.00298225157894, 0.00217547570355, 0.00138620426878, 0.00238238740712, 0.00145221699495, 0.00266235950403, 0.000506444717757, 0.000421590812039, 0.000189162004972, 9.24351843423e-05, 7.84479634603e-05, 6.96113638696e-05, 5.09166966367e-05, 5.94313569309e-05, 8.27083786135e-05, 8.85104673216e-05, 0.000136448215926, 8.4179926489e-05, 2.63559850282e-05, 2.18661552935e-05, 2.88369610644e-05], "mean": [0.000537167070433, 0.00104165903758, 0.000916894059628, 0.000358379911631, 0.000216372063733, 0.000138284711284, 0.000125774313346, 0.00011336778698, 7.86182426964e-05, 7.83731666161e-05, 0.000112673376861, 6.52028684271e-05, 0.000140788644785, 0.000126910759718, 5.3555399063e-05, 4.09161366406e-05, 7.78147295932e-05, 5.81145613978e-05, 7.72059283918e-05, 5.04818599438e-05, 3.07577902277e-05, 3.45901717083e-05, 3.17804588121e-05, 3.33816278726e-05, 4.78707297589e-05, 2.10917496588e-05, 1.4825008293e-05, 6.15187582298e-06, 3.66044673683e-06, 2.5385659228e-06, 2.50596667684e-06, 1.60916317782e-06, 1.21320658764e-06, 1.3474101479e-06, 1.33819457915e-06, 6.13160636931e-07, 4.64002681611e-07, 3.50741146349e-07, 2.99348045019e-07, 2.78971356238e-07], "median": [0.000418494979385, 0.000654653529637, 0.000399988144636, 0.000213502207771, 0.000135353475343, 7.79046968091e-05, 6.64381877868e-05, 5.2892966778e-05, 2.87396160275e-05, 2.10946855077e-05, 1.5562363842e-05, 9.44978364714e-06, 1.40647389344e-05, 1.45407902892e-05, 1.05638282548e-05, 6.360352927e-06, 1.02632802736e-05, 1.1979127521e-05, 1.63101904036e-05, 1.42753287946e-05, 1.15425082186e-05, 1.23758545669e-05, 1.26726081362e-05, 1.61318785104e-05, 1.88035974134e-05, 8.23803020467e-06, 6.0775773818e-06, 2.54367159869e-06, 1.44114733303e-06, 8.59715612478e-07, 8.58671228343e-07, 7.10363110557e-07, 5.16718785093e-07, 3.19883923794e-07, 3.25397820689e-07, 2.06409438874e-07, 1.5558771338e-07, 1.22153267057e-07, 1.05208371792e-07, 7.97351162873e-08], "min": [3.40496269179e-24, 2.90203369078e-24, 1.23854309675e-23, 7.10854236836e-24, 8.51829439284e-24, 6.37476762015e-24, 8.29932948251e-24, 7.41955472455e-24, 2.78080253294e-23, 1.24583927126e-23, 1.10425143943e-23, 6.95483676528e-24, 5.68108357201e-24, 5.7167203634e-24, 8.80259591877e-24, 1.14182417437e-23, 5.87811302157e-24, 6.02120331787e-24, 5.40492664048e-24, 8.05464297351e-24, 8.12201800571e-24, 7.36221715851e-24, 1.66539391818e-23, 1.73105191573e-23, 1.04344611974e-23, 1.11225222451e-23, 6.27547290915e-24, 7.33768200664e-24, 1.0099256055e-23, 1.22647320935e-23, 1.1554858253e-23, 1.1112983339e-23, 1.39411743242e-23, 1.27493222479e-23, 7.46157892269e-24, 7.64832202048e-24, 9.70922902398e-24, 8.21039409292e-24, 8.06242903065e-24, 7.66532039527e-24], "var": [5.83373775953e-07, 4.58558633909e-06, 4.38098504674e-06, 3.15066984058e-07, 7.62574501323e-08, 3.56689575653e-08, 3.31570042533e-08, 4.59009434906e-08, 4.0941205981e-08, 5.61384538855e-08, 1.51486091227e-07, 6.55960619156e-08, 1.49847366515e-07, 1.15705077519e-07, 1.65265365837e-08, 1.88376763077e-08, 4.16264533953e-08, 1.8469014762e-08, 3.99345339019e-08, 1.840611219e-08, 6.62146382169e-09, 5.53957324456e-09, 5.45404077457e-09, 3.56155238634e-09, 7.17360482128e-09, 1.37908029441e-09, 5.98746940916e-10, 1.20814927507e-10, 4.27665368397e-11, 2.72512273164e-11, 2.36227409162e-11, 8.45024657886e-12, 6.21518938745e-12, 1.20797677416e-11, 1.37189669347e-11, 5.79939308382e-12, 2.54972952474e-12, 1.004939079e-12, 7.55862874461e-13, 7.23809358803e-13]}, "melbands_crest": {"dmean": 2.83782315254, "dmean2": 4.64160442352, "dvar": 10.8042421341, "dvar2": 27.5536594391, "max": 39.0368652344, "mean": 12.3834476471, "median": 11.0655288696, "min": 2.95239019394, "var": 31.9287719727}, "melbands_flatness_db": {"dmean": 0.0232076868415, "dmean2": 0.0345249176025, "dvar": 0.000915487820748, "dvar2": 0.00203047692776, "max": 0.60927271843, "mean": 0.200087636709, "median": 0.171858876944, "min": 0.0062706344761, "var": 0.00780066614971}, "melbands_kurtosis": {"dmean": 5.7019276619, "dmean2": 9.23717403412, "dvar": 164.469619751, "dvar2": 433.392608643, "max": 318.53515625, "mean": 10.1778030396, "median": 3.26863121986, "min": -1.81264054775, "var": 402.786071777}, "melbands_skewness": {"dmean": 0.677351653576, "dmean2": 1.04417908192, "dvar": 0.765356779099, "dvar2": 1.90154099464, "max": 13.894071579, "mean": 2.12238693237, "median": 1.79718708992, "min": -1.62134754658, "var": 3.09782028198}, "melbands_spread": {"dmean": 8.33111000061, "dmean2": 12.9580688477, "dvar": 107.979904175, "dvar2": 250.76902771, "max": 207.170654297, "mean": 34.9562683105, "median": 33.5271530151, "min": 0.790737807751, "var": 505.503448486}, "mfcc": {"cov": [[18302.1347656, 713.289001465, -2379.38793945, 690.267700195, 66.8543548584, 125.354721069, -79.498260498, 230.395935059, -223.691589355, 109.258804321, 96.1945724487, -97.9647903442, 34.0408058167], [713.289001465, 1697.18371582, 204.332748413, 159.40045166, 82.7051544189, -69.3561706543, 169.285507202, 17.2471485138, -11.8736515045, 34.4671134949, -20.6437339783, -57.7708129883, -7.72509002686], [-2379.38793945, 204.332748413, 1275.48449707, 4.5371761322, 40.7973442078, 5.37836742401, -44.9122505188, -34.3308448792, 101.942428589, -68.8018875122, -42.7793388367, 37.5662307739, -49.8114547729], [690.267700195, 159.40045166, 4.5371761322, 335.610565186, 43.2477035522, 4.75438928604, -65.5452957153, 10.4986886978, 53.8511657715, -41.595413208, -1.2749106884, 27.2040233612, -24.3456363678], [66.8543548584, 82.7051544189, 40.7973442078, 43.2477035522, 175.743606567, -20.5945987701, -9.75873947144, -8.52850627899, 12.3777036667, 25.091506958, -8.24743366241, 2.27655243874, 0.719798922539], [125.354721069, -69.3561706543, 5.37836742401, 4.75438928604, -20.5945987701, 200.580154419, 5.12359523773, 7.87633657455, -43.7831954956, -34.0394668579, 4.8383231163, 4.36028242111, 1.82251179218], [-79.498260498, 169.285507202, -44.9122505188, -65.5452957153, -9.75873947144, 5.12359523773, 193.320068359, 2.81391239166, -29.8243923187, 29.3344345093, -8.45811462402, -43.6467933655, 7.18019533157], [230.395935059, 17.2471485138, -34.3308448792, 10.4986886978, -8.52850627899, 7.87633657455, 2.81391239166, 110.756652832, 8.96917819977, -4.25469350815, -2.58805966377, -7.84931898117, 0.209932550788], [-223.691589355, -11.8736515045, 101.942428589, 53.8511657715, 12.3777036667, -43.7831954956, -29.8243923187, 8.96917819977, 143.823303223, 1.08706128597, -10.6347703934, 11.1623764038, -30.2348690033], [109.258804321, 34.4671134949, -68.8018875122, -41.595413208, 25.091506958, -34.0394668579, 29.3344345093, -4.25469350815, 1.08706128597, 125.52016449, 10.1454372406, -33.2332954407, 0.614236950874], [96.1945724487, -20.6437339783, -42.7793388367, -1.2749106884, -8.24743366241, 4.8383231163, -8.45811462402, -2.58805966377, -10.6347703934, 10.1454372406, 84.8127212524, 20.6238918304, -7.0824971199], [-97.9647903442, -57.7708129883, 37.5662307739, 27.2040233612, 2.27655243874, 4.36028242111, -43.6467933655, -7.84931898117, 11.1623764038, -33.2332954407, 20.6238918304, 96.0236434937, 15.2631530762], [34.0408058167, -7.72509002686, -49.8114547729, -24.3456363678, 0.719798922539, 1.82251179218, 7.18019533157, 0.209932550788, -30.2348690033, 0.614236950874, -7.0824971199, 15.2631530762, 80.7390213013]], "icov": [[8.74981997185e-05, -4.85187119921e-05, 0.000162005060702, -0.000156008914928, -1.74093111127e-05, -6.28325797152e-05, 9.64060018305e-05, -0.000114633410703, 8.60034197103e-05, -5.2007027989e-05, -1.6622721887e-05, 4.99940288137e-05, 2.6363914003e-05], [-4.85187119921e-05, 0.000819822482299, -0.00029249014915, -0.000525890674908, -0.000190045742784, 0.000387948442949, -0.000882954627741, -0.000100834564364, 0.000312131538521, -0.000107067236968, -4.65913544758e-05, 0.000236950232647, -9.95868540485e-05], [0.000162005060702, -0.00029249014915, 0.00127333216369, 0.000114608978038, -0.000258370011579, -0.000337344041327, 0.000435511901742, 0.000134910456836, -0.000544271140825, 0.00043071465916, 0.00042793265311, -0.000282410823274, 0.000578514009248], [-0.000156008914928, -0.000525890674908, 0.000114608978038, 0.00445971777663, -0.000872454547789, -0.000425136240665, 0.00126554735471, 9.04079643078e-05, -0.00160974857863, 0.00142017286271, 9.68197200564e-05, -0.000638672790956, 0.000851132383104], [-1.74093111127e-05, -0.000190045742784, -0.000258370011579, -0.000872454547789, 0.00643931282684, 0.000313643540721, 0.000333927659085, 0.000435971800471, 0.000103857193608, -0.00183801061939, 0.000824144284707, -0.000540655688383, -0.000301259133266], [-6.28325797152e-05, 0.000387948442949, -0.000337344041327, -0.000425136240665, 0.000313643540721, 0.00591810652986, -0.000620842154603, -0.000496056512929, 0.00205649342388, 0.00130367092788, -0.000269522337476, 3.27777124767e-05, 0.000377762655262], [9.64060018305e-05, -0.000882954627741, 0.000435511901742, 0.00126554735471, 0.000333927659085, -0.000620842154603, 0.00718567706645, -5.86270361964e-05, 0.000366132473573, -0.000576123304199, 0.000281331303995, 0.00206961808726, -0.000327750545694], [-0.000114633410703, -0.000100834564364, 0.000134910456836, 9.04079643078e-05, 0.000435971800471, -0.000496056512929, -5.86270361964e-05, 0.00958525482565, -0.0013051640708, 0.000614834832959, 1.69662471308e-05, 0.000959209981374, -0.000536496343557], [8.60034197103e-05, 0.000312131538521, -0.000544271140825, -0.00160974857863, 0.000103857193608, 0.00205649342388, 0.000366132473573, -0.0013051640708, 0.00978693459183, -0.00120731897186, 0.00156979262829, -0.0014913091436, 0.00318969786167], [-5.2007027989e-05, -0.000107067236968, 0.00043071465916, 0.00142017286271, -0.00183801061939, 0.00130367092788, -0.000576123304199, 0.000614834832959, -0.00120731897186, 0.010777970776, -0.00238688290119, 0.00357527681626, -0.000677132396959], [-1.6622721887e-05, -4.65913544758e-05, 0.00042793265311, 9.68197200564e-05, 0.000824144284707, -0.000269522337476, 0.000281331303995, 1.69662471308e-05, 0.00156979262829, -0.00238688290119, 0.0139896925539, -0.00460369000211, 0.00297292182222], [4.99940288137e-05, 0.000236950232647, -0.000282410823274, -0.000638672790956, -0.000540655688383, 3.27777124767e-05, 0.00206961808726, 0.000959209981374, -0.0014913091436, 0.00357527681626, -0.00460369000211, 0.0150248948485, -0.00437753973529], [2.6363914003e-05, -9.95868540485e-05, 0.000578514009248, 0.000851132383104, -0.000301259133266, 0.000377762655262, -0.000327750545694, -0.000536496343557, 0.00318969786167, -0.000677132396959, 0.00297292182222, -0.00437753973529, 0.0152911478654]], "mean": [-691.921691895, 119.59602356, -10.2712020874, 36.3609962463, 13.8921575546, 0.813514769077, 3.08323502541, 6.0465555191, -4.87001180649, 2.33589220047, 1.42885708809, -3.30209207535, 1.20781874657]}, "pitch_salience": {"dmean": 0.0640904009342, "dmean2": 0.106130339205, "dvar": 0.00436554197222, "dvar2": 0.0118465619162, "max": 0.88158762455, "mean": 0.533618986607, "median": 0.542862057686, "min": 0.0421503223479, "var": 0.0124466083944}, "silence_rate_20dB": {"dmean": 0, "dmean2": 0, "dvar": 0, "dvar2": 0, "max": 1, "mean": 1, "median": 1, "min": 1, "var": 0}, "silence_rate_30dB": {"dmean": 0.000460564187961, "dmean2": 0.00092123443028, "dvar": 0.000460374198155, "dvar2": 0.00138109142426, "max": 1, "mean": 0.999769747257, "median": 1, "min": 0, "var": 0.000230158271734}, "silence_rate_60dB": {"dmean": 0.017040874809, "dmean2": 0.034085676074, "dvar": 0.016750017181, "dvar2": 0.037527859211, "max": 1, "mean": 0.128252357244, "median": 0, "min": 0, "var": 0.111804448068}, "spectral_centroid": {"dmean": 248.606246948, "dmean2": 383.798522949, "dvar": 81704.0859375, "dvar2": 182109.953125, "max": 11180.7021484, "mean": 1758.11645508, "median": 1856.0793457, "min": 165.204269409, "var": 659307.6875}, "spectral_complexity": {"dmean": 3.26954507828, "dmean2": 4.98710250854, "dvar": 17.3384513855, "dvar2": 36.8893508911, "max": 57, "mean": 17.4852638245, "median": 17, "min": 0, "var": 126.937599182}, "spectral_contrast_coeffs": {"dmean": [0.0411981232464, 0.0400224886835, 0.0372617766261, 0.0338949635625, 0.0251715164632, 0.0222708005458], "dmean2": [0.0668289214373, 0.0650745481253, 0.0590045973659, 0.0529215075076, 0.0391352511942, 0.0350011922419], "dvar": [0.00171316356864, 0.00110821018461, 0.00115046440624, 0.00091827387223, 0.000499967776705, 0.000434985064203], "dvar2": [0.00402903696522, 0.0029109288007, 0.00262337853201, 0.00209629745223, 0.00104621564969, 0.000982205267064], "max": [-0.292448073626, -0.420855373144, -0.413377255201, -0.499215632677, -0.542094647884, -0.458007127047], "mean": [-0.686625540257, -0.757634043694, -0.765076458454, -0.765312314034, -0.766220390797, -0.751101195812], "median": [-0.689048409462, -0.760475039482, -0.783769011497, -0.77250957489, -0.763637363911, -0.746930062771], "min": [-0.962895572186, -0.968156456947, -0.969257593155, -0.961497962475, -0.955126225948, -0.962118208408], "var": [0.00542151741683, 0.00461895903572, 0.00845157541335, 0.00654333084822, 0.00441840663552, 0.00383680639789]}, "spectral_contrast_valleys": {"dmean": [0.293785482645, 0.3460521698, 0.320827811956, 0.319875568151, 0.290156006813, 0.399998992682], "dmean2": [0.487100243568, 0.554810464382, 0.504884541035, 0.478252589703, 0.407936632633, 0.516667366028], "dvar": [0.108322300017, 0.124677330256, 0.118038885295, 0.153559699655, 0.161490783095, 0.243563488126], "dvar2": [0.235671028495, 0.266531944275, 0.235628068447, 0.289665162563, 0.275448560715, 0.362523913383], "max": [-5.4500670433, -4.88733959198, -5.85255336761, -5.77869033813, -5.57518291473, -7.7979888916], "mean": [-7.58723020554, -7.40126657486, -8.10514640808, -8.30342102051, -8.01257419586, -11.1863183975], "median": [-7.02422237396, -6.9110994339, -7.62423324585, -7.70568561554, -7.34294843674, -10.715045929], "min": [-26.9570713043, -27.5329799652, -27.144695282, -27.2655334473, -27.4893321991, -27.190071106], "var": [4.63625001907, 3.65931367874, 3.27048802376, 3.63783144951, 3.70429825783, 3.38629412651]}, "spectral_decrease": {"dmean": 1.75591730045e-09, "dmean2": 2.83893575315e-09, "dvar": 1.35098802052e-17, "dvar2": 3.49165311181e-17, "max": 1.15478964096e-28, "mean": -4.3722918619e-09, "median": -3.4247897851e-09, "min": -3.89468546302e-08, "var": 1.75256642353e-17}, "spectral_energy": {"dmean": 0.00707918452099, "dmean2": 0.011362423189, "dvar": 0.000205072094104, "dvar2": 0.000523597525898, "max": 0.150092631578, "mean": 0.0182693712413, "median": 0.0141881071031, "min": 1.0690868362e-20, "var": 0.000292740558507}, "spectral_energyband_high": {"dmean": 0.000225169438636, "dmean2": 0.000319967395626, "dvar": 3.01843925854e-07, "dvar2": 6.28125349067e-07, "max": 0.0120633477345, "mean": 0.000455335888546, "median": 0.000210540791159, "min": 7.75662204572e-21, "var": 6.01702538461e-07}, "spectral_energyband_low": {"dmean": 0.00384242320433, "dmean2": 0.00676256045699, "dvar": 0.000136169546749, "dvar2": 0.000383655977203, "max": 0.137098222971, "mean": 0.00565827358514, "median": 0.00364638725296, "min": 3.24298383108e-23, "var": 9.29767847992e-05}, "spectral_energyband_middle_high": {"dmean": 0.00238810782321, "dmean2": 0.00356258754618, "dvar": 1.3360822777e-05, "dvar2": 2.99773546431e-05, "max": 0.0568970926106, "mean": 0.00734545243904, "median": 0.00341382296756, "min": 1.38668691174e-21, "var": 6.95913186064e-05}, "spectral_energyband_middle_low": {"dmean": 0.00309456209652, "dmean2": 0.00480505218729, "dvar": 5.21299152751e-05, "dvar2": 0.000116044146125, "max": 0.0943740382791, "mean": 0.00615571113303, "median": 0.00418239831924, "min": 3.7456688453e-22, "var": 6.86191488057e-05}, "spectral_entropy": {"dmean": 0.164397850633, "dmean2": 0.230553224683, "dvar": 0.0463275462389, "dvar2": 0.0806959494948, "max": 9.79523181915, "mean": 7.43708562851, "median": 7.53705215454, "min": 5.12083768845, "var": 0.31629884243}, "spectral_flux": {"dmean": 0.0234203059226, "dmean2": 0.0366804078221, "dvar": 0.00111849699169, "dvar2": 0.00225998135284, "max": 0.338401168585, "mean": 0.0687523037195, "median": 0.0600452162325, "min": 1.03396652351e-10, "var": 0.00277798599564}, "spectral_kurtosis": {"dmean": 2.36680173874, "dmean2": 3.78275561333, "dvar": 22.4499645233, "dvar2": 47.9443473816, "max": 105.377624512, "mean": 6.80730581284, "median": 5.12700128555, "min": -1.54457366467, "var": 72.9807434082}, "spectral_rms": {"dmean": 0.000663834216539, "dmean2": 0.00102059531491, "dvar": 1.20383481317e-06, "dvar2": 2.8561128147e-06, "max": 0.012100902386, "mean": 0.00375622301362, "median": 0.00372049119323, "min": 3.22956895601e-12, "var": 3.71452574655e-06}, "spectral_rolloff": {"dmean": 494.585144043, "dmean2": 843.27520752, "dvar": 927820.0625, "dvar2": 2073464.125, "max": 20305.8105469, "mean": 1929.85241699, "median": 1937.98828125, "min": 21.533203125, "var": 2313902}, "spectral_skewness": {"dmean": 0.262146413326, "dmean2": 0.407469451427, "dvar": 0.133207529783, "dvar2": 0.268057048321, "max": 8.27491092682, "mean": 1.62560200691, "median": 1.45923578739, "min": -0.229646146297, "var": 0.68805706501}, "spectral_spread": {"dmean": 528871.1875, "dmean2": 734494.0625,