{"lowlevel": {"average_loudness": 0.907606959343, "barkbands": {"dmean": [5.63729145142e-06, 0.000743998971302, 0.00264167692512, 0.00355465244502, 0.00327891111374, 0.000688182597514, 0.000944567495026, 0.0006729332963, 0.000464520708192, 0.000401265948312, 0.000368576031178, 0.000236748994212, 0.00027047120966, 0.000272194010904, 0.000257372827036, 0.000325815082761, 0.000243889953708, 0.000200867652893, 0.000118892377941, 8.11986246845e-05, 3.97617259296e-05, 4.47051461379e-05, 3.56755663233e-05, 2.15291329368e-05, 2.18225268327e-05, 3.19546306855e-05, 5.21753609064e-05], "dmean2": [8.86134694156e-06, 0.00129831186496, 0.00485101994127, 0.00645433412865, 0.00580865703523, 0.00115434499457, 0.00152641965542, 0.00104723696131, 0.000727979000658, 0.00059540651273, 0.000558499654289, 0.000366088264855, 0.000421242264565, 0.000423166580731, 0.000407211889978, 0.000497270317283, 0.000372131209588, 0.000307575450279, 0.000183528041816, 0.000124155121739, 6.01895080763e-05, 6.54345421935e-05, 5.43816422578e-05, 3.15586185025e-05, 3.29155336658e-05, 4.80552298541e-05, 7.66591911088e-05], "dvar": [1.24905266685e-10, 1.99756436814e-06, 5.50076911168e-05, 0.000117016214062, 6.84326078044e-05, 3.13250211548e-06, 5.13145096193e-06, 2.75425554719e-06, 1.32229240535e-06, 8.35594448745e-07, 6.62284037389e-07, 3.28092312429e-07, 6.25440975455e-07, 1.01047714907e-06, 7.67641097354e-07, 9.14884822123e-07, 3.13044040468e-07, 1.81713275538e-07, 8.37984899249e-08, 2.74322022875e-08, 9.70535385392e-09, 1.84030177763e-08, 2.85309145198e-08, 3.279400973e-09, 2.74698330749e-09, 5.55334622732e-09, 1.16566729602e-08], "dvar2": [2.95472035727e-10, 5.61149954592e-06, 0.000156786045409, 0.000326114328345, 0.000191991741303, 8.56049518916e-06, 1.25728574858e-05, 6.22324296273e-06, 2.85181045001e-06, 1.61993330039e-06, 1.3664952121e-06, 6.80625475979e-07, 1.38216807954e-06, 2.31683702623e-06, 1.80049789833e-06, 2.13832413465e-06, 6.24705990049e-07, 4.06278331866e-07, 2.06894654298e-07, 6.31225987036e-08, 2.32391688115e-08, 4.16737861997e-08, 7.32023579531e-08, 7.77029196541e-09, 6.79488998401e-09, 1.36810394125e-08, 2.61082568898e-08], "max": [0.000139114752528, 0.0177364014089, 0.0660657584667, 0.130933433771, 0.0944227352738, 0.0521642491221, 0.041695907712, 0.0330714173615, 0.0440159551799, 0.0303916335106, 0.0210515111685, 0.0164864249527, 0.0245473086834, 0.0306964665651, 0.04017393291, 0.0265989489853, 0.019184872508, 0.00810456927866, 0.00934225507081, 0.00292585394345, 0.00183391058818, 0.00491477455944, 0.00607170816511, 0.00149957684334, 0.000681819685269, 0.0010617361404, 0.00111281394493], "mean": [7.25354175302e-06, 0.000903740176, 0.0021403809078, 0.00272882450372, 0.00339538860135, 0.00101092038676, 0.00158753735013, 0.00112708297092, 0.000763770600315, 0.000780042435508, 0.000747431826312, 0.000383564591175, 0.00043351581553, 0.000461094314232, 0.000436167960288, 0.000506435462739, 0.000438825431047, 0.000338050507708, 0.000202143652132, 0.000138398405397, 6.02877880738e-05, 6.39107456664e-05, 4.61345953227e-05, 2.96768994303e-05, 2.49182576226e-05, 3.49914225808e-05, 5.92763171881e-05], "median": [2.65990729531e-06, 0.000570359290577, 0.000674908864312, 0.000575795653276, 0.00146568845958, 0.000545823015273, 0.000521217240021, 0.000330580689479, 0.000287335074972, 0.000297759892419, 0.00021936178382, 0.000136851580464, 0.000116007235192, 8.8551423687e-05, 0.000130588072352, 0.000128781015519, 0.000152565044118, 0.000151772692334, 8.23073642096e-05, 5.59564941796e-05, 2.65811650024e-05, 2.16549851757e-05, 1.24721518659e-05, 1.04012069642e-05, 5.68221457797e-06, 4.95631684316e-06, 4.04916318075e-06], "min": [8.56293918691e-25, 4.76135222033e-24, 1.0379754877e-24, 9.98672859676e-25, 4.22575353101e-24, 5.54217305521e-24, 6.73949745968e-24, 9.18724449616e-24, 1.43111106457e-23, 1.27231604648e-23, 1.38611570072e-23, 2.59596768968e-23, 2.87170265951e-23, 3.61478533531e-23, 4.14113037067e-23, 3.83002666439e-23, 6.01198721369e-23, 9.58014960732e-23, 1.24687796441e-22, 1.63121756076e-22, 2.40314850121e-22, 2.52352514125e-22, 3.83183113638e-22, 4.79129526615e-22, 8.99224792537e-22, 1.19343118658e-21, 1.84756141446e-21], "var": [1.55076895769e-10, 1.66001780144e-06, 3.31507981173e-05, 7.49494574848e-05, 4.71617822768e-05, 3.2342634313e-06, 1.27924731714e-05, 6.29682972431e-06, 2.82067662738e-06, 2.58856539403e-06, 2.81741063191e-06, 8.41776341076e-07, 1.19840808566e-06, 2.39817813963e-06, 1.74411127318e-06, 1.38257121307e-06, 9.43178918078e-07, 3.11962395472e-07, 1.25349998825e-07, 5.7812069798e-08, 1.2048905873e-08, 3.01611322584e-08, 3.30407630145e-08, 4.20314716365e-09, 2.73577338561e-09, 5.7023594735e-09, 1.56503840998e-08]}, "barkbands_crest": {"dmean": 2.12252306938, "dmean2": 3.49326205254, "dvar": 3.88600230217, "dvar2": 10.0807580948, "max": 23.55742836, "mean": 7.83863639832, "median": 7.10789871216, "min": 2.25765299797, "var": 10.1926374435}, "barkbands_flatness_db": {"dmean": 0.0197003148496, "dmean2": 0.0297317262739, "dvar": 0.00040067100781, "dvar2": 0.00101701414678, "max": 0.286415696144, "mean": 0.106219381094, "median": 0.101481631398, "min": 0.0222316514701, "var": 0.00131942273583}, "barkbands_kurtosis": {"dmean": 2.45849084854, "dmean2": 4.14951038361, "dvar": 24.8915157318, "dvar2": 66.6420669556, "max": 88.9074554443, "mean": 2.67426633835, "median": 1.1192471981, "min": -1.90799403191, "var": 37.8075904846}, "barkbands_skewness": {"dmean": 0.534167945385, "dmean2": 0.846320867538, "dvar": 0.413329482079, "dvar2": 1.04965901375, "max": 8.07468986511, "mean": 1.2182456255, "median": 1.14476680756, "min": -2.15058946609, "var": 1.19677710533}, "barkbands_spread": {"dmean": 5.43547010422, "dmean2": 8.49294471741, "dvar": 39.7973594666, "dvar2": 96.9543762207, "max": 98.4229278564, "mean": 22.7788200378, "median": 21.6824798584, "min": 1.45889878273, "var": 109.665161133}, "dissonance": {"dmean": 0.0164010189474, "dmean2": 0.0272131804377, "dvar": 0.000252851634286, "dvar2": 0.000681609730236, "max": 0.500000119209, "mean": 0.465921640396, "median": 0.471554279327, "min": 0.280888915062, "var": 0.000634216703475}, "dynamic_complexity": 4.43317842484, "erbbands": {"dmean": [0.00867514126003, 0.243763163686, 2.32383513451, 8.41732215881, 11.6295642853, 11.9312448502, 5.83972644806, 5.90712881088, 11.3080921173, 17.0118732452, 12.0881586075, 10.0603284836, 12.3733053207, 11.7721481323, 12.494345665, 10.7511167526, 11.9427680969, 13.3101205826, 13.1982584, 14.5651006699, 14.9908943176, 12.5803232193, 11.3539772034, 6.66794252396, 6.00583457947, 3.48970389366, 1.95488679409, 1.46621406078, 1.58849334717, 1.48483836651, 0.89981251955, 0.616995155811, 0.279893934727, 0.19957177341, 0.180106475949, 0.105619542301, 0.0582310259342, 0.0313816256821, 0.00959590915591, 0.00062142155366], "dmean2": [0.0143781807274, 0.431374043226, 4.23741912842, 15.2924613953, 20.6557922363, 21.2218055725, 9.83306694031, 10.1142244339, 18.5961399078, 26.609746933, 19.1058921814, 15.8654737473, 18.7294101715, 17.7625484467, 19.1703166962, 16.4568080902, 18.5406131744, 20.3872070312, 20.1603794098, 22.4344654083, 22.6319561005, 18.816608429, 17.1333580017, 10.376288414, 9.26285171509, 5.29612636566, 2.96707129478, 2.18370437622, 2.31979417801, 2.2416009903, 1.36048352718, 0.918965995312, 0.410583049059, 0.299042105675, 0.274206191301, 0.158682450652, 0.0877095162868, 0.0474016703665, 0.0141422487795, 0.000918244128115], "dvar": [0.000221904396312, 0.251799702644, 39.170539856, 627.707458496, 963.477783203, 959.729492188, 171.68711853, 287.389648438, 891.760498047, 1772.07666016, 811.050048828, 714.39239502, 941.824707031, 726.912719727, 918.14050293, 620.795654297, 1430.41113281, 1858.67102051, 2543.85351562, 1755.05395508, 1174.59277344, 922.270874023, 585.720703125, 161.866943359, 302.146514893, 52.9419631958, 20.759185791, 15.317688942, 20.2975940704, 36.6102676392, 17.5329589844, 3.72907304764, 0.449134975672, 0.226406693459, 0.195692807436, 0.0597453191876, 0.0189155377448, 0.00482684839517, 0.000395053590182, 1.7531483536e-06], "dvar2": [0.000555497652385, 0.712790727615, 111.098960876, 1762.69250488, 2682.9453125, 2681.71044922, 466.241241455, 796.895690918, 2258.92236328, 4106.22363281, 1912.10949707, 1548.28686523, 2011.55041504, 1510.59729004, 1891.9276123, 1265.59228516, 3177.53320312, 4445.52978516, 5716.43408203, 4107.85888672, 2657.20874023, 1766.04418945, 1265.7322998, 375.290893555, 758.744445801, 122.881401062, 50.2950897217, 36.24168396, 44.9605636597, 85.8800735474, 44.3529319763, 8.9882774353, 1.06310415268, 0.559016346931, 0.489562928677, 0.145461112261, 0.0468641780317, 0.0116143077612, 0.000887122645508, 3.99141572416e-06], "max": [0.158543750644, 5.92468929291, 55.2230987549, 273.187744141, 404.909210205, 358.38470459, 231.216827393, 605.498168945, 579.171936035, 968.331420898, 673.692626953, 1325.2578125, 962.364807129, 1085.20556641, 924.683654785, 699.336486816, 1370.11181641, 1615.89660645, 2087.47998047, 1331.19726562, 806.557434082, 1157.27062988, 557.37689209, 257.80368042, 622.939208984, 172.573379517, 94.4561233521, 85.5631942749, 163.876876831, 247.75151062, 138.332595825, 56.4770736694, 15.0290527344, 6.4863448143, 6.97750091553, 3.09234809875, 2.21109580994, 0.903844594955, 0.218629449606, 0.0153366411105], "mean": [0.0130206337199, 0.273553818464, 1.99872589111, 6.63153648376, 10.6056632996, 11.5511217117, 8.00654983521, 8.0580368042, 17.9694766998, 30.3496055603, 21.1157608032, 17.7211647034, 24.5573806763, 24.7876358032, 27.2965545654, 19.5085773468, 19.9928302765, 24.4315738678, 22.5510444641, 25.5484390259, 25.8373603821, 23.6571102142, 19.6958236694, 12.0978927612, 10.4719438553, 6.19254541397, 3.14002013206, 2.15053391457, 2.2725007534, 2.00600743294, 1.19580209255, 0.845979213715, 0.370027303696, 0.242311894894, 0.196666643023, 0.117818854749, 0.0629013553262, 0.035031478852, 0.0109600005671, 0.000683671503793], "median": [0.00860508158803, 0.159726291895, 0.714207947254, 1.67580485344, 3.74484968185, 4.03393363953, 3.84005117416, 4.06721544266, 6.45363998413, 8.64061069489, 8.71011161804, 7.59978246689, 9.32793617249, 9.35215568542, 9.02033424377, 7.79423999786, 5.92320346832, 5.94406604767, 5.75141096115, 7.63182687759, 8.32727241516, 8.6754322052, 8.64237880707, 6.08440351486, 3.94729828835, 2.66600012779, 1.46534371376, 0.837775349617, 0.76904129982, 0.564625382423, 0.3515855968, 0.288432002068, 0.122500538826, 0.0662021487951, 0.0383265092969, 0.0201437361538, 0.00893551111221, 0.00385810248554, 0.000663568265736, 5.39562824997e-05], "min": [6.04901886894e-23, 1.04112140661e-21, 2.04943670088e-21, 3.50226534599e-21, 8.32247013026e-21, 8.82108555621e-21, 3.13138655911e-20, 6.45740613141e-20, 1.01198071009e-19, 1.61888176842e-19, 3.20099949452e-19, 3.83262401202e-19, 2.9656304211e-19, 6.2894527949e-19, 7.72635805973e-19, 1.22681700228e-18, 1.78506237933e-18, 2.00229158872e-18, 1.59166724193e-18, 2.07381479436e-18, 2.98079600215e-18, 4.01215436159e-18, 6.11971709096e-18, 5.88020570383e-18, 7.61913001654e-18, 8.07741537286e-18, 8.81044628809e-18, 8.95560573225e-18, 8.11317025484e-18, 9.69651885153e-18, 1.09477147276e-17, 1.09359083787e-17, 8.84773393574e-18, 8.38240017343e-18, 5.69818709158e-18, 3.5594400667e-18, 2.16500814817e-18, 9.96977217663e-19, 2.24047348982e-19, 2.79751546125e-20], "var": [0.000263568916125, 0.188058882952, 24.2843818665, 392.297973633, 651.340026855, 661.978210449, 176.720489502, 267.234710693, 1621.55358887, 4864.68164062, 1782.0657959, 1592.66809082, 2810.81469727, 2416.32788086, 4503.31201172, 1724.07568359, 2547.60644531, 4454.52148438, 5195.34375, 3343.67504883, 2175.79199219, 2737.1940918, 1070.24145508, 304.260162354, 436.734069824, 108.315513611, 27.1407489777, 18.7455711365, 31.9226493835, 57.9513473511, 20.1223545074, 4.54249048233, 0.557078480721, 0.238117352128, 0.185698151588, 0.0614857189357, 0.0189454127103, 0.00549872266129, 0.000553227961063, 2.18383752326e-06]}, "erbbands_crest": {"dmean": 2.27604103088, "dmean2": 3.59526157379, "dvar": 5.1136507988, "dvar2": 11.8886299133, "max": 30.9262580872, "mean": 8.32833576202, "median": 7.13916540146, "min": 2.39747262001, "var": 17.1352176666}, "erbbands_flatness_db": {"dmean": 0.018820239231, "dmean2": 0.0243653152138, "dvar": 0.000347481720382, "dvar2": 0.000577518134378, "max": 0.311543434858, "mean": 0.141984656453, "median": 0.138033300638, "min": 0.039927829057, "var": 0.00193179841153}, "erbbands_kurtosis": {"dmean": 0.667054891586, "dmean2": 1.03958547115, "dvar": 1.03786575794, "dvar2": 2.43277049065, "max": 30.7786865234, "mean": 0.102973364294, "median": -0.344597458839, "min": -1.68828308582, "var": 2.7275929451}, "erbbands_skewness": {"dmean": 0.319839537144, "dmean2": 0.496957838535, "dvar": 0.0965949818492, "dvar2": 0.224906310439, "max": 4.89076805115, "mean": 0.131653293967, "median": 0.132489711046, "min": -3.61232233047, "var": 0.431216746569}, "erbbands_spread": {"dmean": 7.06093645096, "dmean2": 10.5844993591, "dvar": 63.0370559692, "dvar2": 142.591964722, "max": 118.602630615, "mean": 35.4702568054, "median": 34.0677642822, "min": 4.06858110428, "var": 216.169433594}, "gfcc": {"cov": [[32004.3886719, 1468.1796875, -2124.69262695, 23.1093273163, -753.549316406, -281.001800537, -604.921325684, 46.0796813965, -395.258880615, -283.858642578, -396.621368408, -118.355361938, -396.680297852], [1468.1796875, 1039.40075684, -561.432495117, 89.5501251221, -127.917640686, -9.14065361023, -27.5837345123, 27.2329368591, -24.3591766357, -40.8983192444, 29.8903331757, 0.138092905283, -14.1655044556], [-2124.69262695, -561.432495117, 910.522888184, 16.4051418304, 151.039794922, 24.2281856537, 61.4449234009, -53.2870178223, 11.3711013794, 21.4802036285, -36.0626220703, 16.5946235657, 20.8685073853], [23.1093273163, 89.5501251221, 16.4051418304, 293.498657227, -35.4001922607, 33.5439414978, -30.6231536865, -9.16895008087, -4.02744960785, 4.67332458496, -26.2321720123, -5.20368385315, 1.57472395897], [-753.549316406, -127.917640686, 151.039794922, -35.4001922607, 217.03918457, -3.77513933182, 16.4533443451, -12.0495328903, 28.5993766785, 12.1310682297, -0.632178604603, -6.1313328743, 8.70049953461], [-281.001800537, -9.14065361023, 24.2281856537, 33.5439414978, -3.77513933182, 129.340698242, 50.0755844116, -9.93233299255, -17.3255462646, 8.02743625641, 9.89765739441, -3.47673392296, 0.719324886799], [-604.921325684, -27.5837345123, 61.4449234009, -30.6231536865, 16.4533443451, 50.0755844116, 126.513877869, 32.4221839905, -8.46097373962, -4.56074285507, 26.4014225006, 7.74495267868, 7.58679199219], [46.0796813965, 27.2329368591, -53.2870178223, -9.16895008087, -12.0495328903, -9.93233299255, 32.4221839905, 92.0910873413, 18.6191310883, -3.63194537163, 6.79924488068, 3.36818122864, 7.99429607391], [-395.258880615, -24.3591766357, 11.3711013794, -4.02744960785, 28.5993766785, -17.3255462646, -8.46097373962, 18.6191310883, 100.027397156, 29.7201156616, 7.26811599731, -0.451804667711, 3.07640123367], [-283.858642578, -40.8983192444, 21.4802036285, 4.67332458496, 12.1310682297, 8.02743625641, -4.56074285507, -3.63194537163, 29.7201156616, 69.033744812, 23.2484283447, -4.53982973099, -6.91783094406], [-396.621368408, 29.8903331757, -36.0626220703, -26.2321720123, -0.632178604603, 9.89765739441, 26.4014225006, 6.79924488068, 7.26811599731, 23.2484283447, 83.6783752441, 12.3325138092, -5.63690710068], [-118.355361938, 0.138092905283, 16.5946235657, -5.20368385315, -6.1313328743, -3.47673392296, 7.74495267868, 3.36818122864, -0.451804667711, -4.53982973099, 12.3325138092, 58.6537857056, 20.8762626648], [-396.680297852, -14.1655044556, 20.8685073853, 1.57472395897, 8.70049953461, 0.719324886799, 7.58679199219, 7.99429607391, 3.07640123367, -6.91783094406, -5.63690710068, 20.8762626648, 59.0765571594]], "icov": [[5.22541631653e-05, -1.27207513287e-05, 8.75445766724e-05, 3.75377203454e-05, 6.01656829531e-05, 1.06912266347e-05, 0.000168010024936, -9.82404599199e-05, 0.00017025260604, 3.60544618161e-05, 0.000270676740911, -0.000105491235445, 0.000357082491973], [-1.27207513287e-05, 0.00158783816732, 0.000931970658712, -0.00063675455749, 0.000141612137668, 0.000212678685784, -0.000348191533703, 0.000264311325736, -7.73454812588e-05, 0.000799338449724, -0.000552345532924, -0.000135853711981, 6.15160679445e-05], [8.75445766724e-05, 0.000931970658712, 0.00218651583418, -0.000524591014255, -0.000656935444567, 0.000414837326389, -0.00117143138777, 0.00110326451249, 0.000206899509067, -0.000217982378672, 0.00130398815963, -0.000933574221563, 0.000563780020457], [3.75377203454e-05, -0.00063675455749, -0.000524591014255, 0.00419956352562, 0.000640698417556, -0.00170481542591, 0.00174662622157, -0.000579643528908, 0.000101493038528, -0.000678530603182, 0.00137277157046, 3.04453660647e-05, -1.12450361485e-05], [6.01656829531e-05, 0.000141612137668, -0.000656935444567, 0.000640698417556, 0.00579437427223, 0.000351166265318, -0.000480666552903, 0.000862798187882, -0.00142025889363, 3.03718024952e-05, 0.00013862074411, 0.00117434514686, -0.000583980639931], [1.06912266347e-05, 0.000212678685784, 0.000414837326389, -0.00170481542591, 0.000351166265318, 0.0108716962859, -0.00563942082226, 0.00284558511339, 0.00135910022072, -0.00200673844665, 0.000143063181895, 0.00100770941935, -0.000471453560749], [0.000168010024936, -0.000348191533703, -0.00117143138777, 0.00174662622157, -0.000480666552903, -0.00563942082226, 0.014382279478, -0.00630222307518, 0.00183124176692, 0.00237933197059, -0.0031105375383, -0.000458818802144, 0.000605746463407], [-9.82404599199e-05, 0.000264311325736, 0.00110326451249, -0.000579643528908, 0.000862798187882, 0.00284558511339, -0.00630222307518, 0.0149957397953, -0.00369682349265, 0.000711499655154, 7.64809810789e-05, 0.000474043976283, -0.00223654299043], [0.00017025260604, -7.73454812588e-05, 0.000206899509067, 0.000101493038528, -0.00142025889363, 0.00135910022072, 0.00183124176692, -0.00369682349265, 0.0136999357492, -0.00561691308394, 0.000974674476311, -0.000478910602396, 0.00039763568202], [3.60544618161e-05, 0.000799338449724, -0.000217982378672, -0.000678530603182, 3.03718024952e-05, -0.00200673844665, 0.00237933197059, 0.000711499655154, -0.00561691308394, 0.0204924736172, -0.00637878943235, 0.00193510053214, 0.00154666148592], [0.000270676740911, -0.000552345532924, 0.00130398815963, 0.00137277157046, 0.00013862074411, 0.000143063181895, -0.0031105375383, 7.64809810789e-05, 0.000974674476311, -0.00637878943235, 0.0181084573269, -0.00508848484606, 0.00428310036659], [-0.000105491235445, -0.000135853711981, -0.000933574221563, 3.04453660647e-05, 0.00117434514686, 0.00100770941935, -0.000458818802144, 0.000474043976283, -0.000478910602396, 0.00193510053214, -0.00508848484606, 0.0215425286442, -0.00844900496304], [0.000357082491973, 6.15160679445e-05, 0.000563780020457, -1.12450361485e-05, -0.000583980639931, -0.000471453560749, 0.000605746463407, -0.00223654299043, 0.00039763568202, 0.00154666148592, 0.00428310036659, -0.00844900496304, 0.0230121519417]], "mean": [-39.83618927, 83.2080764771, -109.012580872, 11.5841197968, -40.8313369751, -6.18168735504, -31.4016704559, 2.08082604408, -21.2900810242, -7.48884820938, -18.5727844238, -1.17674338818, -16.0728244781]}, "hfc": {"dmean": 6.77975463867, "dmean2": 9.8176651001, "dvar": 136.330001831, "dvar2": 307.351043701, "max": 120.45488739, "mean": 15.130563736, "median": 9.03848552704, "min": 1.05944955366e-16, "var": 262.980255127}, "melbands": {"dmean": [0.000135314359795, 0.000901834107935, 0.00153581227642, 0.000865608628374, 0.00025821707095, 0.000137673938298, 0.000176775749424, 0.000176621993887, 9.41778416745e-05, 6.41431615804e-05, 6.1638034822e-05, 4.79245063616e-05, 4.85032505821e-05, 2.90503794531e-05, 2.94928377116e-05, 2.34166345763e-05, 2.71451808658e-05, 2.24317154789e-05, 1.88747762877e-05, 2.48261476372e-05, 1.72279615072e-05, 1.43393808685e-05, 1.23841218738e-05, 9.85573751677e-06, 5.28926329935e-06, 4.26516726293e-06, 4.48134278486e-06, 1.99841429094e-06, 1.40369968449e-06, 9.70774522102e-07, 8.54743461787e-07, 9.37397203415e-07, 8.94099571269e-07, 8.2662342038e-07, 5.30806573806e-07, 4.66796279852e-07, 3.53365123829e-07, 1.93916406488e-07, 1.81566633728e-07, 1.65785280615e-07], "dmean2": [0.000231594327488, 0.00164456863422, 0.00277442345396, 0.00153956504073, 0.000442257005488, 0.000234190767515, 0.000287674920401, 0.000275577360298, 0.000149939063704, 0.000100770172139, 9.32699622354e-05, 7.23623525118e-05, 7.36725414754e-05, 4.37444141426e-05, 4.57945570815e-05, 3.62688188034e-05, 4.19344723923e-05, 3.45578409906e-05, 3.00536157738e-05, 3.82049511245e-05, 2.63695419562e-05, 2.18153290916e-05, 1.88254016393e-05, 1.53219880303e-05, 8.38299729367e-06, 6.55294616081e-06, 7.02443367118e-06, 3.0624912597e-06, 2.16878947867e-06, 1.49598736243e-06, 1.28986278014e-06, 1.39529015541e-06, 1.34871152113e-06, 1.28470617256e-06, 8.21068340429e-07, 7.07206993411e-07, 5.31929572389e-07, 2.87766738438e-07, 2.75766922186e-07, 2.51373762694e-07], "dvar": [5.97276894609e-08, 5.64360107091e-06, 2.00662670977e-05, 4.95261338074e-06, 3.63238768841e-07, 1.48278758161e-07, 2.01368052899e-07, 1.90345957662e-07, 4.78914436997e-08, 2.69466422509e-08, 2.32702461744e-08, 1.28983250747e-08, 1.21991856616e-08, 3.62778340701e-09, 6.41431485704e-09, 5.21460252756e-09, 9.10608655147e-09, 7.68055308242e-09, 3.30303695506e-09, 6.88140966432e-09, 1.43087619531e-09, 1.49841927755e-09, 7.74573460927e-10, 5.05236075199e-10, 1.08131704979e-10, 9.88223253229e-11, 1.4584589092e-10, 1.78345897078e-11, 1.10378962914e-11, 5.59720672588e-12, 5.36795261019e-12, 7.13108391781e-12, 9.89461637624e-12, 1.50335594667e-11, 7.56453667067e-12, 3.60669935758e-12, 1.02964642021e-12, 2.17465327972e-13, 2.02965262327e-13, 1.58145659112e-13], "dvar2": [1.63192552805e-07, 1.60340659932e-05, 5.60954504181e-05, 1.38216710184e-05, 9.9995020264e-07, 4.09308199778e-07, 5.05091009018e-07, 4.38773128053e-07, 1.135312786e-07, 5.85045292212e-08, 4.94536003259e-08, 2.64389363736e-08, 2.47149412047e-08, 7.4029218311e-09, 1.35153550573e-08, 1.12514983996e-08, 2.19244800093e-08, 1.67781486482e-08, 7.62341123561e-09, 1.60740682986e-08, 3.18377435526e-09, 2.80206990944e-09, 1.60493385248e-09, 1.21165710798e-09, 2.5710433782e-10, 2.38284114662e-10, 3.56537271928e-10, 4.20263407408e-11, 2.71838176968e-11, 1.36406563128e-11, 1.26624544183e-11, 1.63548705828e-11, 2.31971872267e-11, 3.70288417983e-11, 1.96068057623e-11, 8.91171771794e-12, 2.5068213564e-12, 5.13050973233e-13, 5.01595130448e-13, 3.96936417112e-13], "max": [0.00296690897085, 0.021429374814, 0.0501884706318, 0.0257941111922, 0.00954717490822, 0.0126919522882, 0.00928796455264, 0.0102884965017, 0.00461714761332, 0.00733835296705, 0.00475532002747, 0.00487429089844, 0.00292200502008, 0.0018883808516, 0.00202130130492, 0.00241276854649, 0.0036800429225, 0.00294916634448, 0.00228206580505, 0.00248073670082, 0.000747138052247, 0.00165665859822, 0.000969583517872, 0.000474746397231, 0.000208233308513, 0.000285804184387, 0.000400046323193, 9.20865277294e-05, 5.91025818721e-05, 4.63265278086e-05, 4.68556499982e-05, 9.58157033892e-05, 0.000134118410642, 0.000169791455846, 0.000110332090117, 7.19992749509e-05, 2.86551439785e-05, 1.27931880343e-05, 7.36306583349e-06, 5.50028244106e-06], "mean": [0.000180920760613, 0.000817936612293, 0.00126623176038, 0.00082605535863, 0.00032392036519, 0.000190599821508, 0.000293774151942, 0.000317624217132, 0.000158540380653, 0.000110510904051, 0.000119738324429, 9.51313704718e-05, 9.99789772322e-05, 4.95813983434e-05, 5.04329982505e-05, 3.75013114535e-05, 4.79006084788e-05, 3.50690424966e-05, 3.21092302329e-05, 3.85992461815e-05, 2.83938115899e-05, 2.54274182225e-05, 2.01270340767e-05, 1.620025796e-05, 8.85869030753e-06, 7.2561788329e-06, 7.25001109458e-06, 3.31850014845e-06, 2.12664212995e-06, 1.40445354191e-06, 1.1840844536e-06, 1.28067972582e-06, 1.24697510273e-06, 1.04708533399e-06, 6.86876035161e-07, 5.97077701059e-07, 4.82051575545e-07, 2.53628513747e-07, 2.17039058725e-07, 1.97287505443e-07], "median": [0.000123017467558, 0.000339041464031, 0.000370171212126, 0.000312167336233, 0.000147783124703, 9.47513908613e-05, 0.000105030470877, 8.83216853254e-05, 6.62200181978e-05, 4.45261466666e-05, 4.37863382103e-05, 3.23943604599e-05, 3.15551842505e-05, 1.8059334252e-05, 1.61021271197e-05, 1.07556861622e-05, 9.74947306531e-06, 7.87268800195e-06, 9.18513069337e-06, 9.82613255474e-06, 9.08381480258e-06, 8.41459859657e-06, 7.66711491451e-06, 6.71325005897e-06, 3.93858408643e-06, 2.62456069322e-06, 2.43328963734e-06, 1.40787972214e-06, 9.05523620531e-07, 5.93889694755e-07, 4.07077664022e-07, 4.05473400633e-07, 3.96944244585e-07, 2.58407226283e-07, 1.86053185303e-07, 1.85381423989e-07, 1.62378938739e-07, 8.24510237862e-08, 6.10213390928e-08, 5.15551690228e-08], "min": [1.45151865953e-24, 1.00047215279e-24, 1.09214390365e-24, 1.16238644524e-24, 1.08387526086e-24, 1.43115756792e-24, 1.50430065245e-24, 1.37768453286e-24, 2.40801901522e-24, 2.3215896395e-24, 1.48270893783e-24, 2.34190359667e-24, 2.10764365947e-24, 2.75493578386e-24, 3.16023772582e-24, 2.93240858272e-24, 3.54331745608e-24, 1.79143882359e-24, 1.95420094429e-24, 3.36893028665e-24, 3.40334986567e-24, 3.61907847413e-24, 3.67464623072e-24, 3.86123786722e-24, 3.69870333289e-24, 4.44157798607e-24, 4.19652307903e-24, 4.06654680641e-24, 5.39153651548e-24, 5.2853968584e-24, 4.79166735606e-24, 4.73072942885e-24, 4.49388577497e-24, 5.53263217699e-24, 5.46901330599e-24, 5.70928416608e-24, 5.80904193843e-24, 5.21827741714e-24, 5.70618749259e-24, 6.7947792542e-24], "var": [5.60981021636e-08, 3.52630877387e-06, 1.27923512991e-05, 3.36279958901e-06, 3.21967917216e-07, 1.47607991607e-07, 4.24043491876e-07, 5.21996923908e-07, 1.01059022484e-07, 5.78083430014e-08, 6.88396823989e-08, 4.29707576188e-08, 5.52586207903e-08, 1.06331832228e-08, 1.4382889546e-08, 9.40366895463e-09, 2.15171809259e-08, 1.48655745491e-08, 8.4080022944e-09, 1.04113935251e-08, 2.76935319121e-09, 4.41443948063e-09, 1.67261060557e-09, 8.73151884129e-10, 1.87470344803e-10, 1.74612921344e-10, 2.47376313878e-10, 3.14482606623e-11, 1.39889480208e-11, 6.62537169224e-12, 6.631318758e-12, 9.99149114139e-12, 1.61537918458e-11, 2.03622240597e-11, 8.14897194862e-12, 3.91313760909e-12, 1.25719020697e-12, 2.75740042778e-13, 2.08780841465e-13, 1.6237445416e-13]}, "melbands_crest": {"dmean": 3.01680636406, "dmean2": 4.96986293793, "dvar": 7.74148416519, "dvar2": 20.39494133, "max": 31.3891143799, "mean": 11.254447937, "median": 10.5510406494, "min": 1.61198687553, "var": 19.1166553497}, "melbands_flatness_db": {"dmean": 0.0239410363138, "dmean2": 0.0373562388122, "dvar": 0.000665637198836, "dvar2": 0.0017509306781, "max": 0.416182518005, "mean": 0.177055805922, "median": 0.174937069416, "min": 0.00349727435969, "var": 0.00239052437246}, "melbands_kurtosis": {"dmean": 5.59129095078, "dmean2": 9.35207080841, "dvar": 130.687057495, "dvar2": 338.901580811, "max": 266.030334473, "mean": 8.24281024933, "median": 4.16622066498, "min": -1.72330379486, "var": 236.963912964}, "melbands_skewness": {"dmean": 0.682354152203, "dmean2": 1.08430731297, "dvar": 0.717184603214, "dvar2": 1.77867925167, "max": 12.4321622849, "mean": 2.06229233742, "median": 1.85590422153, "min": -0.940761506557, "var": 1.92491686344}, "melbands_spread": {"dmean": 7.11497354507, "dmean2": 11.3899869919, "dvar": 75.5454101562, "dvar2": 181.960983276, "max": 172.288757324, "mean": 27.0240478516, "median": 23.1212921143, "min": 1.05165088177, "var": 380.323455811}, "mfcc": {"cov": [[11538.2060547, 1488.39074707, -365.102752686, 207.942169189, -8.4500951767, -144.076751709, -112.098686218, 114.482170105, -103.805984497, 53.9841308594, -55.7489585876, -50.8034744263, 8.67862129211], [1488.39074707, 1025.14343262, -248.953704834, 54.0325927734, -26.7525615692, -53.779838562, -8.64899158478, 53.2587471008, -42.155872345, -1.39491724968, 0.737544536591, -10.0644016266, 5.41601085663], [-365.102752686, -248.953704834, 475.315246582, 71.8037261963, 21.0631885529, 78.1698074341, 21.9809417725, -10.5313062668, 33.4006652832, -44.0194358826, -19.173828125, 2.35420656204, -9.88053512573], [207.942169189, 54.0325927734, 71.8037261963, 202.7290802, 54.7080230713, 12.1559667587, -24.1256351471, -3.10296773911, 19.2821235657, -12.0576238632, -14.2318763733, -3.24960517883, 11.618434906], [-8.4500951767, -26.7525615692, 21.0631885529, 54.7080230713, 146.871932983, 28.5630302429, -26.1475048065, -25.1489696503, 18.1745834351, -1.63496792316, -2.96931385994, 2.62368202209, -1.67213523388], [-144.076751709, -53.779838562, 78.1698074341, 12.1559667587, 28.5630302429, 132.238723755, 28.8077716827, -10.3787145615, -3.24856162071, -5.20077466965, 8.23823165894, -3.52483272552, -15.0755252838], [-112.098686218, -8.64899158478, 21.9809417725, -24.1256351471, -26.1475048065, 28.8077716827, 130.096740723, 30.0668697357, -8.60921764374, -0.286837011576, 0.733102142811, 4.00573205948, -14.3679389954], [114.482170105, 53.2587471008, -10.5313062668, -3.10296773911, -25.1489696503, -10.3787145615, 30.0668697357, 83.9072189331, 15.6546354294, -4.36116838455, -9.38859462738, 2.39508366585, 10.9480209351], [-103.805984497, -42.155872345, 33.4006652832, 19.2821235657, 18.1745834351, -3.24856162071, -8.60921764374, 15.6546354294, 92.9294891357, 0.800094723701, -16.7211208344, 0.0273762866855, 1.21226811409], [53.9841308594, -1.39491724968, -44.0194358826, -12.0576238632, -1.63496792316, -5.20077466965, -0.286837011576, -4.36116838455, 0.800094723701, 85.6820983887, 21.839838028, -6.05551719666, 0.251677811146], [-55.7489585876, 0.737544536591, -19.173828125, -14.2318763733, -2.96931385994, 8.23823165894, 0.733102142811, -9.38859462738, -16.7211208344, 21.839838028, 72.5182418823, 18.9464530945, -0.805425703526], [-50.8034744263, -10.0644016266, 2.35420656204, -3.24960517883, 2.62368202209, -3.52483272552, 4.00573205948, 2.39508366585, 0.0273762866855, -6.05551719666, 18.9464530945, 64.6742706299, 23.7616882324], [8.67862129211, 5.41601085663, -9.88053512573, 11.618434906, -1.67213523388, -15.0755252838, -14.3679389954, 10.9480209351, 1.21226811409, 0.251677811146, -0.805425703526, 23.7616882324, 70.9652023315]], "icov": [[0.000111688117613, -0.000145927144331, -8.00101133791e-06, -7.5584561273e-05, -1.70633466041e-05, 4.26436090493e-05, 0.000105034356238, -0.000126996601466, 0.000134484347655, -0.000123056175653, 0.000117403971672, -5.07233335156e-06, 5.94238044869e-05], [-0.000145927144331, 0.00145186809823, 0.000716692826245, -0.000594450335484, 0.000198695342988, 3.34305950673e-05, -2.8001219107e-05, -0.000679623859469, 0.000393066322431, 0.000427053892054, -0.000203493866138, 0.000114351823868, 0.000166283993167], [-8.00101133791e-06, 0.000716692826245, 0.00307114329189, -0.00121603347361, 0.000501166156027, -0.00139677943662, -0.000350069778506, 0.000200958354981, -0.000713022542186, 0.00127768528182, 0.000277101644315, -0.00020921464602, 0.000267018331215], [-7.5584561273e-05, -0.000594450335484, -0.00121603347361, 0.00645124493167, -0.00214217277244, -4.09102904086e-05, 0.000659959099721, 1.97451590793e-05, -0.000695286958944, 0.000237307554926, 0.000390465924283, 0.00064539728919, -0.00130012538284], [-1.70633466041e-05, 0.000198695342988, 0.000501166156027, -0.00214217277244, 0.00879369769245, -0.00208128849044, 0.00122471817303, 0.00214190385304, -0.00162298686337, -5.93521908741e-05, 0.00048303217045, -0.00105524936225, 0.000476757908473], [4.26436090493e-05, 3.34305950673e-05, -0.00139677943662, -4.09102904086e-05, -0.00208128849044, 0.00972553063184, -0.00235531898215, 0.00073574075941, 0.000675722199958, 0.000300717016216, -0.001602271921, 0.000999880372547, 0.000865499547217], [0.000105034356238, -2.8001219107e-05, -0.000350069778506, 0.000659959099721, 0.00122471817303, -0.00235531898215, 0.0101532349363, -0.00423730211332, 0.00156325590797, -0.000841405475512, 0.000913301191758, -0.00185716885608, 0.00267887115479], [-0.000126996601466, -0.000679623859469, 0.000200958354981, 1.97451590793e-05, 0.00214190385304, 0.00073574075941, -0.00423730211332, 0.016045736149, -0.00384250935167, 0.00093794852728, 0.000780745584052, 0.000409388710978, -0.00310031929985], [0.000134484347655, 0.000393066322431, -0.000713022542186, -0.000695286958944, -0.00162298686337, 0.000675722199958, 0.00156325590797, -0.00384250935167, 0.0131585961208, -0.00169114756864, 0.0029795547016, -0.00116753519978, 0.00118868204299], [-0.000123056175653, 0.000427053892054, 0.00127768528182, 0.000237307554926, -5.93521908741e-05, 0.000300717016216, -0.000841405475512, 0.00093794852728, -0.00169114756864, 0.0140612125397, -0.00511353602633, 0.00326560996473, -0.00130353146233], [0.000117403971672, -0.000203493866138, 0.000277101644315, 0.000390465924283, 0.00048303217045, -0.001602271921, 0.000913301191758, 0.000780745584052, 0.0029795547016, -0.00511353602633, 0.0183445010334, -0.00676731998101, 0.00215267180465], [-5.07233335156e-06, 0.000114351823868, -0.00020921464602, 0.00064539728919, -0.00105524936225, 0.000999880372547, -0.00185716885608, 0.000409388710978, -0.00116753519978, 0.00326560996473, -0.00676731998101, 0.0207210984081, -0.00740113155916], [5.94238044869e-05, 0.000166283993167, 0.000267018331215, -0.00130012538284, 0.000476757908473, 0.000865499547217, 0.00267887115479, -0.00310031929985, 0.00118868204299, -0.00130353146233, 0.00215267180465, -0.00740113155916, 0.0180241707712]], "mean": [-679.436279297, 129.989013672, -13.0669698715, 22.4096450806, 3.29841804504, -2.21800136566, -4.65355014801, 5.86426925659, -3.01300740242, -1.72520518303, -4.39162826538, -2.22917366028, -2.05873012543]}, "pitch_salience": {"dmean": 0.0620719790459, "dmean2": 0.101081892848, "dvar": 0.00299747358076, "dvar2": 0.00785517413169, "max": 0.958667159081, "mean": 0.611825466156, "median": 0.61824285984, "min": 0.170918151736, "var": 0.00866372976452}, "silence_rate_20dB": {"dmean": 0, "dmean2": 0, "dvar": 0, "dvar2": 0, "max": 1, "mean": 1, "median": 1, "min": 1, "var": 0}, "silence_rate_30dB": {"dmean": 0.00805044919252, "dmean2": 0.0161030590534, "dvar": 0.00798567105085, "dvar2": 0.022821823135, "max": 1, "mean": 0.995438694954, "median": 1, "min": 0, "var": 0.00454040057957}, "silence_rate_60dB": {"dmean": 0.0354219786823, "dmean2": 0.0708534643054, "dvar": 0.0341642461717, "dvar2": 0.0781861022115, "max": 1, "mean": 0.144352018833, "median": 0, "min": 0, "var": 0.123518057168}, "spectral_centroid": {"dmean": 253.699859619, "dmean2": 399.674865723, "dvar": 98333.9765625, "dvar2": 231983.5, "max": 11655.2041016, "mean": 1479.86730957, "median": 1298.21643066, "min": 217.829071045, "var": 1800544.5}, "spectral_complexity": {"dmean": 3.60445451736, "dmean2": 5.2206120491, "dvar": 19.8491363525, "dvar2": 36.2036705017, "max": 54, "mean": 16.8323040009, "median": 16, "min": 0, "var": 92.586227417}, "spectral_contrast_coeffs": {"dmean": [0.0581736043096, 0.0424573048949, 0.0349001437426, 0.0301620233804, 0.0222063977271, 0.0168862845749], "dmean2": [0.096306219697, 0.0695332884789, 0.0553964860737, 0.0481966473162, 0.0345796383917, 0.0256924033165], "dvar": [0.0025596213527, 0.00127734290436, 0.000904325104784, 0.000686049228534, 0.000380898505682, 0.000244374503382], "dvar2": [0.00684796599671, 0.00326798367314, 0.00206470023841, 0.00158161006402, 0.000842520152219, 0.000545225921087], "max": [-0.29988771677, -0.447235614061, -0.479487687349, -0.554698705673, -0.572799503803, -0.614732146263], "mean": [-0.63808375597, -0.757748961449, -0.770852029324, -0.781033217907, -0.778808534145, -0.771719634533], "median": [-0.639124751091, -0.764393091202, -0.777699768543, -0.788405120373, -0.781134903431, -0.767311930656], "min": [-0.983622789383, -0.981927335262, -0.986180126667, -0.993081331253, -0.967761695385, -0.96415156126], "var": [0.00759421521798, 0.00547094130889, 0.00500611914322, 0.00377565412782, 0.00263625243679, 0.00164279201999]}, "spectral_contrast_valleys": {"dmean": [0.48106366396, 0.393464177847, 0.331255793571, 0.312087029219, 0.280392795801, 0.379469186068], "dmean2": [0.782439887524, 0.619393348694, 0.509606361389, 0.454478532076, 0.366046696901, 0.427775263786], "dvar": [0.1870020926, 0.150037929416, 0.103793904185, 0.104031249881, 0.103298597038, 0.177890837193], "dvar2": [0.435326516628, 0.327811896801, 0.200325012207, 0.190130621195, 0.154638171196, 0.256926089525], "max": [-5.50927448273, -4.61347103119, -5.49862957001, -5.70677614212, -5.5313000679, -8.13303279877], "mean": [-7.9142780304, -7.15619039536, -7.78299760818, -8.20624351501, -8.17669677734, -11.0248966217], "median": [-7.38871574402, -6.66354465485, -7.29155445099, -7.78682422638, -7.74483394623, -10.7147960663], "min": [-28.2474575043, -28.0303173065, -27.9063053131, -27.7668895721, -27.5056324005, -27.397895813], "var": [7.64484500885, 8.21957111359, 7.71975421906, 7.41578054428, 7.41299724579, 5.74782657623]}, "spectral_decrease": {"dmean": 3.05758329766e-09, "dmean2": 5.21379295293e-09, "dvar": 5.1019216398e-17, "dvar2": 1.39711559849e-16, "max": 2.0785057257e-28, "mean": -4.63071803125e-09, "median": -2.7152569082e-09, "min": -6.49382485562e-08, "var": 4.14111562411e-17}, "spectral_energy": {"dmean": 0.0120948227122, "dmean2": 0.0204595793039, "dvar": 0.000774655549321, "dvar2": 0.00211095577106, "max": 0.252395302057, "mean": 0.0188497174531, "median": 0.0111260134727, "min": 9.87236102894e-21, "var": 0.000649852561764}, "spectral_energyband_high": {"dmean": 0.000245268078288, "dmean2": 0.00034544733353, "dvar": 2.86623247803e-07, "dvar2": 6.34824289136e-07, "max": 0.0106391664594, "mean": 0.00036523619201, "median": 0.000137168652145, "min": 6.99671367363e-21, "var": 4.2785583787e-07}, "spectral_energyband_low": {"dmean": 0.00497955456376, "dmean2": 0.00899589248002, "dvar": 0.000187569065019, "dvar2": 0.00052846968174, "max": 0.128213524818, "mean": 0.00450450927019, "median": 0.00182066601701, "min": 2.23049663645e-23, "var": 0.000118500240205}, "spectral_energyband_middle_high": {"dmean": 0.00166438566521, "dmean2": 0.00240037962794, "dvar": 7.73479587224e-06, "dvar2": 1.5184969925e-05, "max": 0.0487772636116, "mean": 0.00459429528564, "median": 0.00246238778345, "min": 1.23275063943e-21, "var": 3.00828196487e-05}, "spectral_energyband_middle_low": {"dmean": 0.00818729307503, "dmean2": 0.01413620729, "dvar": 0.000391075445805, "dvar2": 0.00107042468153, "max": 0.20718768239, "mean": 0.0109834028408, "median": 0.00570797082037, "min": 1.82202685786e-22, "var": 0.000309191964334}, "spectral_entropy": {"dmean": 0.146772474051, "dmean2": 0.207213014364, "dvar": 0.0223354622722, "dvar2": 0.0483071357012, "max": 9.82544803619, "mean": 7.57799577713, "median": 7.55669641495, "min": 6.32358789444, "var": 0.178529620171}, "spectral_flux": {"dmean": 0.0299171321094, "dmean2": 0.0470597632229, "dvar": 0.00267505180091, "dvar2": 0.00506127346307, "max": 0.455116808414, "mean": 0.0732050165534, "median": 0.0532899871469, "min": 6.37801617076e-11, "var": 0.00437765521929}, "spectral_kurtosis": {"dmean": 1.42184650898, "dmean2": 2.33756923676, "dvar": 2.19278502464, "dvar2": 5.94117736816, "max": 21.6429328918, "mean": 6.47326421738, "median": 6.26589727402, "min": -1.26744520664, "var": 7.12987136841}, "spectral_rms": {"dmean": 0.00101998867467, "dmean2": 0.00160760607105, "dvar": 3.17201238431e-06, "dvar2": 8.06644493423e-06, "max": 0.0156920142472, "mean": 0.00365684181452, "median": 0.00329463905655, "min": 3.10347732756e-12, "var": 5.017541298e-06}, "spectral_rolloff": {"dmean": 458.145751953, "dmean2": 770.154602051, "dvar": 619207, "dvar2": 1410027.125, "max": 19702.8808594, "mean": 1814.90930176, "median": 1399.65820312, "min": 107.666015625, "var": 5990636.5}, "spectral_skewness": {"dmean": 0.187806397676, "dmean2": 0.292532294989, "dvar": 0.0330794341862, "dvar2": 0.0768560543656, "max": 3.13781809807, "mean": 1.78745794296, "median": 1.79815638065, "min": -0.0793571025133, "var": 0.184218287468}, "spectral_spread": {"dmean": 563088.375, "dmean2": 742965.3125, "dvar": 54