{"lowlevel": {"average_loudness": 0.88633453846, "barkbands": {"dmean": [0.000250123237493, 0.00591358868405, 0.00143681804184, 0.000233940387261, 0.000401367462473, 0.000852145894896, 0.00152981479187, 0.000763706455473, 0.000778702204116, 0.000301568885334, 0.000391912879422, 0.000565801106859, 0.000439049414126, 0.000557234394364, 0.000240839712205, 0.000275161524769, 0.000230130841373, 0.000302671367535, 0.0003488388611, 0.000248350930633, 0.000115228365758, 9.0514884505e-05, 0.000101852812804, 9.56298754318e-05, 8.1919672084e-05, 0.000100467448647, 1.2171907656e-05], "dmean2": [0.000374260591343, 0.00948470085859, 0.00249687978067, 0.000394698203309, 0.000601680309046, 0.00128556822892, 0.002301157685, 0.00110455614049, 0.0011618087301, 0.000461288844235, 0.00058447063202, 0.000899524718989, 0.000686560873874, 0.000890686933417, 0.000367771019228, 0.000413134199334, 0.000373965391191, 0.00049156404566, 0.000563581939787, 0.0003838253906, 0.000161331729032, 0.000121405842947, 0.000155105153681, 0.000142903852975, 0.000128825486172, 0.000168536033016, 1.93499909074e-05], "dvar": [6.94852246852e-07, 0.000234388557146, 1.61549287441e-05, 2.9753761055e-07, 5.54979692424e-07, 3.47471745954e-06, 1.49661254909e-05, 6.43649809717e-06, 7.15948999641e-06, 7.66152652432e-07, 1.01133912267e-06, 3.28990495291e-06, 2.21169057113e-06, 3.29005069943e-06, 3.31624477212e-07, 3.50264997451e-07, 2.43131609068e-07, 5.25753591774e-07, 6.60821569909e-07, 2.07115206763e-07, 7.72331034682e-08, 3.62886680705e-08, 5.08249691222e-08, 4.80154795923e-08, 2.64668020833e-08, 4.58501716594e-08, 5.9450483425e-10], "dvar2": [1.68695908087e-06, 0.000521150650457, 4.71108323836e-05, 8.06959633337e-07, 1.21653317819e-06, 7.50295248508e-06, 3.23681779264e-05, 1.24230055008e-05, 1.59460869327e-05, 1.67195344147e-06, 2.36766777562e-06, 8.05111176305e-06, 5.89143564866e-06, 8.61209355207e-06, 7.16106626442e-07, 7.97646976025e-07, 6.01667920819e-07, 1.28718636461e-06, 1.67917244198e-06, 4.9174053629e-07, 1.40531227544e-07, 5.59758284169e-08, 9.82852057518e-08, 8.8807965426e-08, 6.06079169074e-08, 1.19489342865e-07, 1.43136136277e-09], "max": [0.0108957970515, 0.158122837543, 0.0421471633017, 0.00697336252779, 0.0212429668754, 0.0448351576924, 0.0817565619946, 0.0657361745834, 0.0608378313482, 0.0276117511094, 0.0188434720039, 0.0207313653082, 0.0412808954716, 0.040951076895, 0.0110007422045, 0.0128171117976, 0.00737907877192, 0.00998979527503, 0.00916605629027, 0.00656079500914, 0.00303342216648, 0.00219090958126, 0.00816194247454, 0.00515596056357, 0.00384225533344, 0.00173076370265, 0.000209142715903], "mean": [0.000328178342897, 0.0112356543541, 0.00247875088826, 0.000367646483937, 0.000723440491129, 0.0012571348343, 0.00220645684749, 0.00117986719124, 0.00108000577893, 0.000391377776396, 0.000459124712506, 0.000562943168916, 0.000554351077881, 0.000639888690785, 0.000336829456501, 0.000387990876334, 0.000289521587547, 0.00035361998016, 0.000364472274669, 0.000365247600712, 0.000151142143295, 0.000134912945214, 0.000122169323731, 0.000125625534565, 9.4790069852e-05, 8.06402313174e-05, 1.06733232315e-05], "median": [4.74460512123e-06, 0.00162032875232, 0.000740892835893, 7.94253137428e-05, 0.000281944754533, 0.000195101165446, 0.000220553687541, 9.9846845842e-05, 9.67936284724e-05, 4.6072229452e-05, 5.60138360015e-05, 7.12751789251e-05, 5.66824492125e-05, 8.10966957943e-05, 4.90510647069e-05, 6.06051908107e-05, 4.89786871185e-05, 4.19431562477e-05, 5.2553601563e-05, 6.93822657922e-05, 3.04880668409e-05, 3.45153421222e-05, 2.64151185547e-05, 2.63328092842e-05, 2.38908778556e-05, 9.59152293944e-06, 1.04345474483e-06], "min": [2.74797132536e-25, 1.61942115566e-23, 2.25337865141e-23, 2.49939880865e-23, 5.22246808293e-23, 5.99504626798e-23, 3.24902524344e-23, 4.01823404579e-23, 1.35964367444e-22, 7.13126282461e-23, 5.42568622518e-23, 1.40905640693e-22, 1.18985556409e-22, 9.42547165429e-23, 1.43924592445e-22, 1.93851106887e-22, 1.05390845061e-22, 2.50071481797e-22, 3.26888055688e-22, 3.11544824677e-22, 3.21395059433e-22, 5.56238824699e-22, 7.10184740052e-22, 6.74053648416e-22, 1.05726556494e-21, 1.64763866607e-21, 2.7386023494e-21], "var": [9.96302219392e-07, 0.000420691474574, 1.61602383741e-05, 3.64173274647e-07, 1.49062543642e-06, 8.79939489096e-06, 3.16884070344e-05, 1.64155335369e-05, 1.35306954689e-05, 1.48597257521e-06, 1.35636867071e-06, 3.03334741147e-06, 3.18434604196e-06, 3.6876035665e-06, 5.4117919035e-07, 6.16062322933e-07, 3.16168097925e-07, 5.7182967339e-07, 6.33450497389e-07, 3.96452321638e-07, 1.2978252073e-07, 7.80827917879e-08, 7.72950627947e-08, 9.66310196304e-08, 3.54601041863e-08, 3.65218966181e-08, 5.81615644535e-10]}, "barkbands_crest": {"dmean": 3.19893884659, "dmean2": 5.11439466476, "dvar": 10.3095684052, "dvar2": 23.4549217224, "max": 26.3736152649, "mean": 13.6581411362, "median": 13.2113666534, "min": 2.29616951942, "var": 34.1108322144}, "barkbands_flatness_db": {"dmean": 0.0338251069188, "dmean2": 0.0488308444619, "dvar": 0.00133175309747, "dvar2": 0.00261159799993, "max": 0.472835659981, "mean": 0.165791869164, "median": 0.152618840337, "min": 0.0307761803269, "var": 0.0058576692827}, "barkbands_kurtosis": {"dmean": 12.7335290909, "dmean2": 19.9166679382, "dvar": 1201.79980469, "dvar2": 2748.09448242, "max": 764.906799316, "mean": 20.6454772949, "median": 3.23898363113, "min": -1.98719596863, "var": 2560.81201172}, "barkbands_skewness": {"dmean": 1.12737822533, "dmean2": 1.67709946632, "dvar": 2.43972849846, "dvar2": 5.15521812439, "max": 26.0673675537, "mean": 2.71643590927, "median": 1.8434368372, "min": -4.77155447006, "var": 8.87446022034}, "barkbands_spread": {"dmean": 8.75215339661, "dmean2": 13.929236412, "dvar": 140.52897644, "dvar2": 342.745025635, "max": 165.542327881, "mean": 22.1171684265, "median": 18.26861763, "min": 0.288493424654, "var": 437.937469482}, "dissonance": {"dmean": 0.0195992812514, "dmean2": 0.0315726064146, "dvar": 0.000470018567285, "dvar2": 0.00115338910837, "max": 0.499999880791, "mean": 0.458610117435, "median": 0.469481468201, "min": 0.188625440001, "var": 0.00136674474925}, "dynamic_complexity": 5.0843539238, "erbbands": {"dmean": [0.173477679491, 1.38439226151, 1.94849038124, 1.05826461315, 0.936966359615, 1.47565615177, 2.71029233932, 9.17041778564, 20.2282733917, 20.0454292297, 15.8954620361, 16.3186893463, 9.50267028809, 10.4582233429, 17.5920143127, 22.3118019104, 19.7975578308, 21.9004154205, 22.0445365906, 10.9962587357, 14.1207475662, 13.3984918594, 17.0873527527, 17.5864906311, 16.7371082306, 10.2796754837, 5.01705360413, 4.0853228569, 3.56842207909, 2.80593466759, 3.02836322784, 2.46574521065, 1.35996210575, 0.857231676579, 0.634048104286, 0.459833979607, 0.183760985732, 0.0279459692538, 0.00203211745247, 8.36895123939e-05], "dmean2": [0.28107753396, 2.19032621384, 3.25774979591, 1.84235978127, 1.43897199631, 2.20879888535, 3.97536993027, 13.8833751678, 30.5051555634, 29.6027851105, 23.3054924011, 24.2357883453, 14.0354642868, 14.9482526779, 27.1596908569, 34.3148651123, 30.3020610809, 33.4975700378, 34.0926780701, 16.2989749908, 21.2385482788, 21.4486064911, 27.8309001923, 28.2663040161, 26.6433506012, 15.8194169998, 7.27522230148, 5.48724889755, 4.75932407379, 3.83653831482, 4.61070871353, 3.73823833466, 2.00945043564, 1.32160770893, 1.01700556278, 0.771123170853, 0.31041008234, 0.0457014590502, 0.00320839183405, 0.000129926469526], "dvar": [0.213908806443, 13.5262537003, 25.1688804626, 9.13262271881, 2.46491456032, 11.2564029694, 42.0639724731, 463.891662598, 2655.76855469, 3628.43237305, 2390.77148438, 3245.35864258, 844.316345215, 892.423583984, 2786.99926758, 4420.13427734, 3984.98046875, 5133.24121094, 4988.43017578, 472.328857422, 994.687866211, 817.608154297, 1855.90441895, 1978.82971191, 1161.28259277, 354.344451904, 130.593460083, 92.4835510254, 59.3595275879, 30.7243843079, 50.1987953186, 34.6668586731, 8.78010368347, 2.80958080292, 1.72182178497, 0.916408777237, 0.163411840796, 0.00343999778852, 1.63676631928e-05, 2.55132821536e-08], "dvar2": [0.52140891552, 30.5960407257, 70.087310791, 26.1021652222, 5.59004878998, 24.7550163269, 89.0035095215, 997.132263184, 5684.97314453, 7717.66162109, 5253.56835938, 7044.75, 1818.44250488, 1907.11743164, 6906.6953125, 10273.7695312, 10230.7353516, 12972.796875, 12828.359375, 1027.27575684, 2297.77294922, 1974.48706055, 4563.51269531, 4882.92333984, 2911.73022461, 840.276977539, 259.773681641, 143.265151978, 97.6416625977, 52.3376350403, 100.684181213, 65.1634292603, 16.2697486877, 6.02453279495, 4.20154476166, 2.37368822098, 0.429394632578, 0.00874990504235, 3.84028389817e-05, 5.8886019616e-08], "max": [4.78960561752, 37.4420547485, 54.579662323, 31.3144817352, 28.8967914581, 121.460083008, 172.760925293, 565.104248047, 795.702697754, 1231.07495117, 1059.62231445, 1770.7713623, 1027.34240723, 1208.19335938, 646.173583984, 737.727294922, 1679.31176758, 2378.44067383, 852.397827148, 480.931030273, 797.234008789, 452.318695068, 674.942749023, 559.187438965, 516.903869629, 277.547698975, 120.760612488, 108.175819397, 94.063041687, 91.8087539673, 292.725616455, 156.374923706, 85.886756897, 46.0506820679, 34.528553009, 8.33621120453, 2.81493592262, 0.480315595865, 0.0333220697939, 0.00141810241621], "mean": [0.305628329515, 2.53155946732, 3.79989242554, 1.65276026726, 1.75161254406, 2.47882127762, 4.65163993835, 13.2430496216, 29.7400131226, 31.0698032379, 24.022731781, 23.2649860382, 14.1738138199, 13.8547992706, 19.5024986267, 24.3012371063, 26.3115520477, 29.1901130676, 25.8349170685, 16.8587799072, 20.9426250458, 17.6715164185, 20.1375141144, 18.7775859833, 20.6789016724, 15.4323215485, 6.77955198288, 5.7674498558, 5.11648035049, 3.78008747101, 3.51559209824, 2.99209165573, 1.84379780293, 1.04569721222, 0.684227049351, 0.391249656677, 0.141731753945, 0.0226209852844, 0.00182346208021, 9.9576820503e-05], "median": [0.00815190561116, 0.553443789482, 1.75002288818, 0.861433923244, 0.908654689789, 0.781197726727, 1.03081071377, 1.88689565659, 3.78395676613, 3.30921506882, 3.0623292923, 2.34562206268, 1.80687713623, 1.93893027306, 2.75648927689, 3.03581666946, 2.94622826576, 3.81899642944, 4.40322542191, 3.16582798958, 3.28499960899, 3.1856200695, 2.63039493561, 2.3290014267, 3.38238477707, 3.08460307121, 1.45526874065, 1.1308453083, 1.18915712833, 1.06062710285, 0.735106110573, 0.513902187347, 0.444040805101, 0.273263931274, 0.164078772068, 0.0600785724819, 0.0134670902044, 0.00209008320235, 0.000198696448933, 4.21748809458e-05], "min": [1.69111469644e-22, 4.70090498354e-21, 1.99882411221e-20, 5.62000466841e-20, 7.95663157134e-20, 2.32436433808e-19, 5.65762018978e-19, 2.55921099525e-19, 4.08027878549e-19, 7.30739624935e-19, 1.04720724337e-18, 1.7466392195e-18, 4.48362580404e-18, 1.892560497e-18, 2.57338163312e-18, 5.74045353933e-18, 5.4865425921e-18, 3.97711416366e-18, 9.71285732299e-18, 8.87940419986e-18, 8.57406536598e-18, 5.55158918033e-18, 1.01209625946e-17, 1.77308414232e-17, 1.66246445182e-17, 1.50158162771e-17, 9.55119066253e-18, 1.65443285895e-17, 1.98307883007e-17, 2.00798854703e-17, 1.91179654078e-17, 1.63705429059e-17, 9.93490651381e-18, 9.27704480956e-18, 9.21207308117e-18, 5.52559502959e-18, 2.92134901307e-18, 1.59690567335e-18, 4.09615936078e-19, 3.61370038777e-20], "var": [0.459534615278, 20.7844524384, 30.1693248749, 7.70088338852, 6.44705200195, 25.114824295, 116.842224121, 1120.24755859, 5652.98535156, 8338.42382812, 5266.87353516, 6947.89501953, 2104.34375, 1568.5682373, 2935.88720703, 4832.34716797, 6198.50097656, 7311.64648438, 5013.19238281, 905.75189209, 1799.9876709, 1092.48388672, 1971.50720215, 1924.89025879, 1408.50231934, 679.706115723, 202.694137573, 186.446624756, 121.204750061, 56.2896652222, 73.1427841187, 62.2528152466, 18.2121162415, 4.35115098953, 1.99658000469, 0.766831278801, 0.12563097477, 0.00289792753756, 1.6595939087e-05, 2.83680297031e-08]}, "erbbands_crest": {"dmean": 3.32872486115, "dmean2": 5.40823888779, "dvar": 10.5647573471, "dvar2": 24.9147186279, "max": 32.0041999817, "mean": 10.4755010605, "median": 8.90369606018, "min": 2.3392624855, "var": 31.8170928955}, "erbbands_flatness_db": {"dmean": 0.0239864233881, "dmean2": 0.0346050672233, "dvar": 0.000473193766084, "dvar2": 0.000950493325945, "max": 0.339330404997, "mean": 0.153586417437, "median": 0.149830311537, "min": 0.0175218768418, "var": 0.00241005513817}, "erbbands_kurtosis": {"dmean": 1.71930515766, "dmean2": 2.69688391685, "dvar": 11.180847168, "dvar2": 23.5936927795, "max": 85.5448989868, "mean": 1.33695054054, "median": 0.0244057178497, "min": -1.79748439789, "var": 25.3106193542}, "erbbands_skewness": {"dmean": 0.55645865202, "dmean2": 0.843591034412, "dvar": 0.380469411612, "dvar2": 0.850683391094, "max": 7.12016153336, "mean": 0.478778004646, "median": 0.376634091139, "min": -5.07902860641, "var": 1.36365747452}, "erbbands_spread": {"dmean": 12.8540019989, "dmean2": 20.1086540222, "dvar": 251.284500122, "dvar2": 596.20111084, "max": 187.87298584, "mean": 44.1630516052, "median": 38.7886772156, "min": 2.23125362396, "var": 594.516845703}, "gfcc": {"cov": [[27064.7089844, 549.351196289, -1736.83862305, 315.642211914, -594.658935547, 587.286254883, -140.848602295, 743.267700195, -314.970031738, 339.444763184, -218.533370972, 135.269790649, -383.200012207], [549.351196289, 2307.765625, 355.117919922, 658.611694336, 650.686157227, 195.395706177, 439.882720947, 158.381500244, 218.11946106, -6.71136379242, 133.705795288, -112.017791748, 28.2924976349], [-1736.83862305, 355.117919922, 1608.86621094, 620.455810547, 608.977355957, 325.520904541, 211.135803223, 150.509475708, 142.416213989, 37.4986419678, 97.0868911743, 72.7355957031, -43.3268623352], [315.642211914, 658.611694336, 620.455810547, 920.08416748, 738.705444336, 387.28793335, 429.860656738, 217.831222534, 204.799240112, -4.71668243408, 75.868560791, 19.1562538147, 17.6484222412], [-594.658935547, 650.686157227, 608.977355957, 738.705444336, 1002.0824585, 548.75189209, 626.317626953, 239.964828491, 231.549438477, -8.54156589508, 76.5975036621, 35.7576522827, -0.714774250984], [587.286254883, 195.395706177, 325.520904541, 387.28793335, 548.75189209, 687.957824707, 521.421569824, 153.025634766, 133.815124512, 33.4659614563, 45.1757164001, 29.2932624817, -38.2103729248], [-140.848602295, 439.882720947, 211.135803223, 429.860656738, 626.317626953, 521.421569824, 660.525695801, 189.977523804, 193.441925049, 10.061542511, 80.692855835, 9.92352962494, -8.38592910767], [743.267700195, 158.381500244, 150.509475708, 217.831222534, 239.964828491, 153.025634766, 189.977523804, 262.343841553, 117.492454529, 40.384147644, 19.3793773651, 9.11580944061, 3.5004594326], [-314.970031738, 218.11946106, 142.416213989, 204.799240112, 231.549438477, 133.815124512, 193.441925049, 117.492454529, 206.046142578, 50.1521492004, 48.1648101807, 1.23379278183, 32.1168212891], [339.444763184, -6.71136379242, 37.4986419678, -4.71668243408, -8.54156589508, 33.4659614563, 10.061542511, 40.384147644, 50.1521492004, 123.526130676, 38.2084197998, 4.52927541733, 11.833029747], [-218.533370972, 133.705795288, 97.0868911743, 75.868560791, 76.5975036621, 45.1757164001, 80.692855835, 19.3793773651, 48.1648101807, 38.2084197998, 106.547325134, 32.3697471619, 18.12981987], [135.269790649, -112.017791748, 72.7355957031, 19.1562538147, 35.7576522827, 29.2932624817, 9.92352962494, 9.11580944061, 1.23379278183, 4.52927541733, 32.3697471619, 108.771278381, 10.4809188843], [-383.200012207, 28.2924976349, -43.3268623352, 17.6484222412, -0.714774250984, -38.2103729248, -8.38592910767, 3.5004594326, 32.1168212891, 11.833029747, 18.12981987, 10.4809188843, 98.9743881226]], "icov": [[9.34045820031e-05, -9.8601616628e-05, 0.000190975886653, -0.000244880298851, 0.000229615310673, -0.000255610357272, 0.000183576965355, -0.000389096065192, 0.000285224523395, -0.000344576023053, 0.000236595718889, -0.00039052561624, 0.000396037794417], [-9.8601616628e-05, 0.000805711082648, -0.000172896718141, -2.39621203946e-05, -0.000542289169971, 0.00059274409432, -0.000360746082151, 0.000443974888185, -0.000368417910067, 0.00052731402684, -0.00109803525265, 0.001434004982, -0.000399049371481], [0.000190975886653, -0.000172896718141, 0.00145956024062, -0.000912123301532, -0.000213351857383, -0.000870324089192, 0.00137704773806, -0.000822384725325, 0.000384020560887, -0.000814392173197, -0.000274945865385, -0.00101913209073, 0.00152966193855], [-0.000244880298851, -2.39621203946e-05, -0.000912123301532, 0.0038388625253, -0.0023862759117, 0.000325982051436, 0.000102564285044, 0.000319526036037, -0.00124837458134, 0.00168240943458, -0.00108584621921, 0.00130087742582, -0.00165396335069], [0.000229615310673, -0.000542289169971, -0.000213351857383, -0.0023862759117, 0.00556996557862, -0.00101721286774, -0.00237633590586, -0.00115342438221, 0.000212406201172, -0.000139706768095, 0.00198141112924, -0.00217638607137, 0.000678393756971], [-0.000255610357272, 0.00059274409432, -0.000870324089192, 0.000325982051436, -0.00101721286774, 0.00532676512375, -0.00415589334443, 0.00148006016389, 3.48960275005e-05, -0.000934662879445, 0.000850983895361, 0.000398060947191, -5.11645594088e-05], [0.000183576965355, -0.000360746082151, 0.00137704773806, 0.000102564285044, -0.00237633590586, -0.00415589334443, 0.00813389196992, -0.00184779474512, -0.00142524985131, 0.00134811201133, -0.00307794031687, 0.000521265377756, 0.00134124758188], [-0.000389096065192, 0.000443974888185, -0.000822384725325, 0.000319526036037, -0.00115342438221, 0.00148006016389, -0.00184779474512, 0.00775757059455, -0.00309000140987, -0.000442818389274, 0.000844689260703, 0.000842529116198, -0.00110653077718], [0.000285224523395, -0.000368417910067, 0.000384020560887, -0.00124837458134, 0.000212406201172, 3.48960275005e-05, -0.00142524985131, -0.00309000140987, 0.0106898639351, -0.00403375318274, -1.02028161564e-05, -0.000281362590613, -0.001351033221], [-0.000344576023053, 0.00052731402684, -0.000814392173197, 0.00168240943458, -0.000139706768095, -0.000934662879445, 0.00134811201133, -0.000442818389274, -0.00403375318274, 0.0131355393678, -0.00568546447903, 0.0028045210056, -0.00189034093637], [0.000236595718889, -0.00109803525265, -0.000274945865385, -0.00108584621921, 0.00198141112924, 0.000850983895361, -0.00307794031687, 0.000844689260703, -1.02028161564e-05, -0.00568546447903, 0.0167187228799, -0.00642591668293, -0.000343613355653], [-0.00039052561624, 0.001434004982, -0.00101913209073, 0.00130087742582, -0.00217638607137, 0.000398060947191, 0.000521265377756, 0.000842529116198, -0.000281362590613, 0.0028045210056, -0.00642591668293, 0.0141880093142, -0.00301705254242], [0.000396037794417, -0.000399049371481, 0.00152966193855, -0.00165396335069, 0.000678393756971, -5.11645594088e-05, 0.00134124758188, -0.00110653077718, -0.001351033221, -0.00189034093637, -0.000343613355653, -0.00301705254242, 0.0139003479853]], "mean": [-64.6011962891, 57.8440704346, -109.325241089, 24.0960426331, -54.3483505249, 7.07475185394, -39.1021003723, 9.49910354614, -22.3206138611, 8.34856700897, -11.5545034409, -0.592155277729, -14.7051448822]}, "hfc": {"dmean": 9.80167579651, "dmean2": 14.0576229095, "dvar": 268.447570801, "dvar2": 496.088104248, "max": 167.154434204, "mean": 18.8489646912, "median": 8.98184776306, "min": 1.18187407103e-16, "var": 562.127197266}, "melbands": {"dmean": [0.0015863229055, 0.00125801574904, 0.000180208735401, 8.83176107891e-05, 8.6500433099e-05, 0.000206189404707, 0.000304504821543, 0.000208280500374, 0.00014157530677, 9.96850722004e-05, 4.74406006106e-05, 4.09192798543e-05, 5.21076071891e-05, 6.48853965686e-05, 5.54351245228e-05, 3.84058694181e-05, 4.5612865506e-05, 4.30351465184e-05, 1.7057709556e-05, 1.77049350896e-05, 1.66623940459e-05, 1.4229516637e-05, 1.44316891237e-05, 1.51408994498e-05, 1.45271869769e-05, 1.41051259561e-05, 1.20210897876e-05, 5.7333136283e-06, 2.87466991722e-06, 3.58864826921e-06, 1.97335270968e-06, 2.04053117159e-06, 1.80908773473e-06, 1.5376662077e-06, 1.83039048807e-06, 1.83250358532e-06, 1.37523056765e-06, 1.00306738204e-06, 8.12543362372e-07, 7.21580988738e-07], "dmean2": [0.00256636552513, 0.00197193888016, 0.000310446019284, 0.000132288594614, 0.000127108738525, 0.000311787764076, 0.000459486502223, 0.00030442935531, 0.000210685961065, 0.000147625993122, 7.0560759923e-05, 5.94682896917e-05, 7.82444840297e-05, 0.000107724474219, 8.96745841601e-05, 5.78678373131e-05, 7.06703576725e-05, 6.87019492034e-05, 2.53913658526e-05, 2.70933414868e-05, 2.55499289779e-05, 2.32240909099e-05, 2.33966311498e-05, 2.44335697062e-05, 2.37349213421e-05, 2.32527581829e-05, 1.89044803847e-05, 8.9409550128e-06, 4.22376160714e-06, 5.39419625056e-06, 2.68982944363e-06, 2.77301023743e-06, 2.56789894593e-06, 2.12376789932e-06, 2.80649032902e-06, 2.88508658741e-06, 2.04742150345e-06, 1.49657375914e-06, 1.20634001632e-06, 1.14228998882e-06], "dvar": [1.74913457158e-05, 9.80619006441e-06, 2.21568228653e-07, 3.00071327786e-08, 3.62064014325e-08, 2.03458213832e-07, 5.67479162328e-07, 4.07541989489e-07, 2.17686775272e-07, 1.20697080774e-07, 2.09335357937e-08, 1.41239118179e-08, 1.94384170982e-08, 6.05865224657e-08, 3.34502558985e-08, 1.31955744109e-08, 2.47076084037e-08, 2.21700364733e-08, 1.53721813057e-09, 1.35669375734e-09, 1.44874889862e-09, 8.82089901122e-10, 1.2426001339e-09, 1.36997857503e-09, 1.45165801602e-09, 1.10486397809e-09, 5.19178533498e-10, 1.14122475359e-10, 3.60211305228e-11, 9.59960236302e-11, 2.11177637877e-11, 2.06621837695e-11, 1.39149490541e-11, 9.19247403891e-12, 1.78800377282e-11, 1.90497045222e-11, 1.1984944287e-11, 5.35035384053e-12, 2.5460965801e-12, 2.0816414998e-12], "dvar2": [3.93821574107e-05, 2.41766392719e-05, 6.37394578007e-07, 6.53852652022e-08, 7.71435821889e-08, 4.42480313723e-07, 1.2130531104e-06, 8.3449936028e-07, 4.94539392548e-07, 2.56227366435e-07, 4.55161384139e-08, 2.9738007612e-08, 4.59662139463e-08, 1.60064629995e-07, 8.79200712234e-08, 3.29621983042e-08, 6.26102050205e-08, 5.88381539046e-08, 3.4906366686e-09, 3.10532510817e-09, 3.33093463922e-09, 2.15281725779e-09, 3.08912251334e-09, 3.38970895797e-09, 3.61877772193e-09, 2.88349943922e-09, 1.28165944524e-09, 2.65441724157e-10, 6.74731590045e-11, 2.09133182993e-10, 3.22072715719e-11, 3.50860174247e-11, 2.45168867846e-11, 1.67489997566e-11, 3.74971824424e-11, 3.78391276645e-11, 2.26557470701e-11, 1.00710620399e-11, 4.94883301005e-12, 4.79287659907e-12], "max": [0.0422334223986, 0.0301881581545, 0.00468005333096, 0.00435332022607, 0.00446146400645, 0.0109058562666, 0.0146903079003, 0.0123828947544, 0.00963538978249, 0.0114550115541, 0.00496606715024, 0.00486988201737, 0.00191267556511, 0.0028085950762, 0.00482929684222, 0.00259328191169, 0.00535631319508, 0.00177906767931, 0.00121480331291, 0.000746639503632, 0.000841677247081, 0.000471494247904, 0.00057975074742, 0.000446801801445, 0.000530173594598, 0.000421637610998, 0.000335781951435, 0.000188221310964, 7.50927210902e-05, 0.000110183689685, 5.73373363295e-05, 5.5946977227e-05, 4.18091076426e-05, 5.8312456531e-05, 0.000173237887793, 0.000151146494318, 9.53037961153e-05, 7.24022756913e-05, 4.40442090621e-05, 3.91813118767e-05], "mean": [0.00296852458268, 0.00255306134932, 0.000298957631458, 0.000158975162776, 0.000149924861034, 0.000301104446407, 0.000446950260084, 0.000325702741975, 0.000202427996555, 0.000141171069117, 6.73463655403e-05, 5.35543367732e-05, 6.06349749432e-05, 6.04004926572e-05, 7.1063368523e-05, 4.88423247589e-05, 5.7368662965e-05, 4.58863287349e-05, 2.41329435084e-05, 2.49402528425e-05, 2.31824924413e-05, 1.80711704161e-05, 1.69104914676e-05, 1.71774536284e-05, 1.47408745761e-05, 1.44724053825e-05, 1.68347978615e-05, 8.38096184452e-06, 3.93991058445e-06, 4.08092682846e-06, 2.99248063129e-06, 2.93797097584e-06, 2.44212947109e-06, 1.96297696675e-06, 2.06082313525e-06, 2.01286820811e-06, 1.72636441675e-06, 1.37481026741e-06, 1.01553655441e-06, 8.28979693779e-07], "median": [0.000235438506934, 0.00118131272029, 0.000214854459045, 6.59830475342e-05, 3.53923387593e-05, 4.24029640271e-05, 5.25176692463e-05, 2.5569481295e-05, 2.11308069993e-05, 1.19921223813e-05, 7.87238423072e-06, 7.03935666024e-06, 8.14683698991e-06, 7.92700302554e-06, 6.92321327733e-06, 5.26253325006e-06, 6.84259748596e-06, 6.70720783091e-06, 3.54540406988e-06, 4.1758057705e-06, 3.22996174873e-06, 3.14394196721e-06, 2.54180622505e-06, 1.80305198683e-06, 1.64649020462e-06, 1.96279302145e-06, 2.79799883174e-06, 1.70314478964e-06, 8.21756714231e-07, 6.70733413699e-07, 5.81366862207e-07, 6.00088128522e-07, 6.70975168759e-07, 4.99302245771e-07, 4.43424141849e-07, 2.80549272702e-07, 3.02202352032e-07, 3.10919119784e-07, 2.48954023618e-07, 2.04108346225e-07], "min": [3.09727420102e-24, 9.82764177902e-24, 1.15116105316e-23, 9.28562333965e-24, 1.81331354206e-23, 7.68644135714e-24, 6.34987116998e-24, 8.04189655901e-24, 9.20023624641e-24, 1.49422861446e-23, 2.19312513992e-23, 7.07383485511e-24, 8.44377622515e-24, 1.15648523318e-23, 1.49742618325e-23, 1.24053544385e-23, 6.01301888598e-24, 1.6304489578e-23, 1.06653655176e-23, 1.33280353411e-23, 9.40958020913e-24, 5.9092402896e-24, 4.50171561389e-24, 1.44940190907e-23, 1.42207434736e-23, 1.32025575478e-23, 1.13889750042e-23, 9.58874629792e-24, 3.95118891522e-24, 1.10024576153e-23, 8.82163980989e-24, 1.08218124123e-23, 1.18400007047e-23, 1.20522539864e-23, 1.09070078123e-23, 1.01135943908e-23, 1.0141037284e-23, 6.62368479018e-24, 7.04327043934e-24, 7.6567620433e-24], "var": [3.38764111802e-05, 1.45336152855e-05, 1.91406755334e-07, 7.8515896007e-08, 1.01398796915e-07, 4.93290031045e-07, 1.24382393096e-06, 1.00788258806e-06, 4.38880903175e-07, 2.69163365374e-07, 4.98182899378e-08, 2.51376111038e-08, 2.44261304516e-08, 4.56163427032e-08, 4.89057647712e-08, 1.88509723387e-08, 3.37767041003e-08, 1.97852170203e-08, 2.6548818699e-09, 2.36901342987e-09, 2.44628561852e-09, 1.20657628333e-09, 1.32170718814e-09, 1.49179124609e-09, 1.3494146911e-09, 1.03084685232e-09, 9.06174246751e-10, 2.17980397621e-10, 6.05653999175e-11, 1.25464097445e-10, 4.65346025602e-11, 4.31352384367e-11, 2.4476020169e-11, 1.57720728838e-11, 2.43811654893e-11, 2.8746475686e-11, 2.24935296084e-11, 1.11827387628e-11, 4.6663172458e-12, 2.81356210032e-12]}, "melbands_crest": {"dmean": 3.74429416656, "dmean2": 5.90608644485, "dvar": 13.081278801, "dvar2": 29.8203811646, "max": 37.851776123, "mean": 18.9461936951, "median": 19.0786361694, "min": 2.11655592918, "var": 49.5349884033}, "melbands_flatness_db": {"dmean": 0.0399422645569, "dmean2": 0.0568944402039, "dvar": 0.002039948944, "dvar2": 0.00386049319059, "max": 0.597452878952, "mean": 0.230511695147, "median": 0.216683670878, "min": 0.00531386118382, "var": 0.0109728211537}, "melbands_kurtosis": {"dmean": 27.5325107574, "dmean2": 42.9458732605, "dvar": 5480.06298828, "dvar2": 12010.7314453, "max": 3021.21606445, "mean": 49.8019065857, "median": 13.1286239624, "min": -1.9251357317, "var": 11250.0712891}, "melbands_skewness": {"dmean": 1.42876207829, "dmean2": 2.16442990303, "dvar": 3.66294789314, "dvar2": 7.84403085709, "max": 43.4777488708, "mean": 4.23846197128, "median": 3.10865569115, "min": -1.99711239338, "var": 13.6366949081}, "melbands_spread": {"dmean": 10.3868341446, "dmean2": 16.1294612885, "dvar": 317.974456787, "dvar2": 687.162536621, "max": 255.540222168, "mean": 23.0207767487, "median": 15.5999116898, "min": 0.206223621964, "var": 712.842834473}, "mfcc": {"cov": [[16473.5917969, 116.901870728, -1061.79272461, -65.6165618896, -220.701583862, 69.8049545288, 316.002380371, 372.381256104, 204.019729614, 367.867004395, 224.383636475, 119.61328125, 13.408457756], [116.901870728, 1738.56152344, 189.845932007, 535.557556152, 296.389099121, 224.342132568, 263.226409912, 186.416824341, 172.109268188, 88.5783615112, 177.767211914, 96.102180481, 88.6480178833], [-1061.79272461, 189.845932007, 974.574401855, 317.76574707, 368.429229736, 172.24067688, 106.297294617, 100.156196594, 23.2422771454, 48.2001037598, 51.1955337524, 77.4132995605, 83.9689331055], [-65.6165618896, 535.557556152, 317.76574707, 806.085632324, 482.039764404, 266.815368652, 271.719390869, 302.439025879, 215.838012695, 138.156097412, 99.5625534058, 120.749572754, 123.732299805], [-220.701583862, 296.389099121, 368.429229736, 482.039764404, 522.23626709, 319.404754639, 274.864715576, 287.952178955, 195.720932007, 129.148681641, 103.890602112, 94.3169250488, 85.0899124146], [69.8049545288, 224.342132568, 172.24067688, 266.815368652, 319.404754639, 644.309326172, 443.012329102, 371.634643555, 225.577529907, 158.93762207, 193.832839966, 97.4173812866, 41.3612136841], [316.002380371, 263.226409912, 106.297294617, 271.719390869, 274.864715576, 443.012329102, 487.25012207, 370.350830078, 221.646347046, 153.718856812, 192.561904907, 104.899841309, 35.2182540894], [372.381256104, 186.416824341, 100.156196594, 302.439025879, 287.952178955, 371.634643555, 370.350830078, 451.623413086, 230.025177002, 145.519897461, 168.686706543, 99.1024627686, 47.4845046997], [204.019729614, 172.109268188, 23.2422771454, 215.838012695, 195.720932007, 225.577529907, 221.646347046, 230.025177002, 269.340301514, 159.193588257, 120.35585022, 79.7819747925, 44.1671562195], [367.867004395, 88.5783615112, 48.2001037598, 138.156097412, 129.148681641, 158.93762207, 153.718856812, 145.519897461, 159.193588257, 186.473526001, 109.459281921, 68.6385116577, 33.3929176331], [224.383636475, 177.767211914, 51.1955337524, 99.5625534058, 103.890602112, 193.832839966, 192.561904907, 168.686706543, 120.35585022, 109.459281921, 183.079849243, 72.7358169556, 24.7121372223], [119.61328125, 96.102180481, 77.4132995605, 120.749572754, 94.3169250488, 97.4173812866, 104.899841309, 99.1024627686, 79.7819747925, 68.6385116577, 72.7358169556, 114.202850342, 61.1612854004], [13.408457756, 88.6480178833, 83.9689331055, 123.732299805, 85.0899124146, 41.3612136841, 35.2182540894, 47.4845046997, 44.1671562195, 33.3929176331, 24.7121372223, 61.1612854004, 109.266052246]], "icov": [[7.28812883608e-05, -1.17624722407e-05, 8.70198200573e-05, 7.06507080395e-06, 2.5978710255e-05, 4.85276941617e-05, -3.57802418876e-05, -9.86226950772e-05, 0.00013217930973, -0.000227848635404, 2.17899287236e-05, -3.04041768686e-05, -3.01881318592e-05], [-1.17624722407e-05, 0.00082701042993, -8.75043770066e-06, -0.00062451872509, 8.10642595752e-05, 5.79920269956e-05, -0.000286247086478, 0.000497007509694, -0.000271277793217, 0.000564066926017, -0.000938451848924, 0.00021996392752, -0.000138002782478], [8.70198200573e-05, -8.75043770066e-06, 0.00173288339283, 3.77213691536e-05, -0.00149570137728, -0.00011447021825, 0.00018216886383, 0.000201091679628, 0.00121805211529, -0.000425654143328, -0.000296504498692, -0.000551485805772, -0.000302515953081], [7.06507080395e-06, -0.00062451872509, 3.77213691536e-05, 0.0035743562039, -0.00253992062062, 0.000522057176568, -0.000136086964631, -0.000820318935439, -0.00015905246255, -0.00046022227616, 0.00118402007502, -0.000550939585082, -0.00114454270806], [2.5978710255e-05, 8.10642595752e-05, -0.00149570137728, -0.00253992062062, 0.00701040402055, -0.00106500822585, -0.000291918899165, -0.00105466181412, -0.0013567461865, -0.000275569705991, 0.00097600085428, 0.000671658839565, -0.000511123158503], [4.85276941617e-05, 5.79920269956e-05, -0.00011447021825, 0.000522057176568, -0.00106500822585, 0.00467649940401, -0.00317675224505, -0.000631241069641, -0.000130028871354, -0.000238449763856, -0.000790727557614, 0.000661842583213, -0.000265026435954], [-3.57802418876e-05, -0.000286247086478, 0.00018216886383, -0.000136086964631, -0.000291918899165, -0.00317675224505, 0.00891869142652, -0.00327077927068, -0.000384325889172, 9.26492139115e-05, -0.00189416576177, -0.00157691969071, 0.00166545028333], [-9.86226950772e-05, 0.000497007509694, 0.000201091679628, -0.000820318935439, -0.00105466181412, -0.000631241069641, -0.00327077927068, 0.00792281795293, -0.00240039732307, 0.00143884029239, -0.00181098293979, -0.00010994290642, 5.63517714909e-05], [0.00013217930973, -0.000271277793217, 0.00121805211529, -0.00015905246255, -0.0013567461865, -0.000130028871354, -0.000384325889172, -0.00240039732307, 0.0113435015082, -0.00650493660942, 0.000171852938365, -0.000763145915698, -0.000488215766381], [-0.000227848635404, 0.000564066926017, -0.000425654143328, -0.00046022227616, -0.000275569705991, -0.000238449763856, 9.26492139115e-05, 0.00143884029239, -0.00650493660942, 0.0137792248279, -0.00431316206232, -0.00152200786397, 0.000314044882543], [2.17899287236e-05, -0.000938451848924, -0.000296504498692, 0.00118402007502, 0.00097600085428, -0.000790727557614, -0.00189416576177, -0.00181098293979, 0.000171852938365, -0.00431316206232, 0.0135600445792, -0.00372252520174, 0.000848126073834], [-3.04041768686e-05, 0.00021996392752, -0.000551485805772, -0.000550939585082, 0.000671658839565, 0.000661842583213, -0.00157691969071, -0.00010994290642, -0.000763145915698, -0.00152200786397, -0.00372252520174, 0.0179750137031, -0.00779049983248], [-3.01881318592e-05, -0.000138002782478, -0.000302515953081, -0.00114454270806, -0.000511123158503, -0.000265026435954, 0.00166545028333, 5.63517714909e-05, -0.000488215766381, 0.000314044882543, 0.000848126073834, -0.00779049983248, 0.0150035135448]], "mean": [-704.822814941, 97.079284668, -1.47996759415, 18.4092540741, 4.24635601044, 0.167867854238, -1.16369438171, -2.36297988892, -5.16485023499, 3.0256152153, 1.3699760437, 1.22278010845, 5.05113554001]}, "pitch_salience": {"dmean": 0.0859665870667, "dmean2": 0.1363799721, "dvar": 0.00829399842769, "dvar2": 0.0182634685189, "max": 0.875426650047, "mean": 0.451178640127, "median": 0.457245320082, "min": 0.0227275416255, "var": 0.0288783479482}, "silence_rate_20dB": {"dmean": 0, "dmean2": 0, "dvar": 0, "dvar2": 0, "max": 1, "mean": 1, "median": 1, "min": 1, "var": 0}, "silence_rate_30dB": {"dmean": 0.0188055913895, "dmean2": 0.0376159623265, "dvar": 0.0184504799545, "dvar2": 0.0514475256205, "max": 1, "mean": 0.988819718361, "median": 1, "min": 0, "var": 0.0110547170043}, "silence_rate_60dB": {"dmean": 0.0495552718639, "dmean2": 0.0991231426597, "dvar": 0.047096055001, "dvar2": 0.0987032279372, "max": 1, "mean": 0.182314828038, "median": 0, "min": 0, "var": 0.149079576135}, "spectral_centroid": {"dmean": 380.349731445, "dmean2": 574.536560059, "dvar": 249473.6875, "dvar2": 524855.1875, "max": 11269.28125, "mean": 1452.87414551, "median": 1337.00170898, "min": 137.318969727, "var": 760914.25}, "spectral_complexity": {"dmean": 4.62744617462, "dmean2": 6.49841165543, "dvar": 49.5796546936, "dvar2": 81.6233825684, "max": 62, "mean": 13.5862026215, "median": 9, "min": 0, "var": 166.535705566}, "spectral_contrast_coeffs": {"dmean": [0.0495740175247, 0.0549085661769, 0.0413793623447, 0.0340419784188, 0.0262257028371, 0.0244394242764], "dmean2": [0.0768797546625, 0.0856791213155, 0.0644209235907, 0.0526438690722, 0.0394736640155, 0.0361435525119], "dvar": [0.00191290641669, 0.00218524504453, 0.00124306441285, 0.000861987005919, 0.000569268013351, 0.000547982926946], "dvar2": [0.0045997700654, 0.00494953477755, 0.0028285307344, 0.00190035277046, 0.00115592777729, 0.00116475147661], "max": [-0.277452766895, -0.30703663826, -0.407145410776, -0.493587970734, -0.572551846504, -0.610437452793], "mean": [-0.604498028755, -0.691562414169, -0.786203444004, -0.782167851925, -0.783856570721, -0.7883669734], "median": [-0.608297288418, -0.703133285046, -0.79911595583, -0.794906020164, -0.792838394642, -0.787072837353], "min": [-0.951886415482, -0.963515341282, -0.973234772682, -0.959852874279, -0.961348176003, -0.959259033203], "var": [0.0121888965368, 0.0124846668914, 0.00653439154848, 0.00522884679958, 0.00351184559986, 0.00236290739849]}, "spectral_contrast_valleys": {"dmean": [0.494142264128, 0.431748241186, 0.436989814043, 0.395345032215, 0.454650044441, 0.569340467453], "dmean2": [0.748959422112, 0.658571302891, 0.63565248251, 0.560971200466, 0.614568829536, 0.714796364307], "dvar": [0.27676564455, 0.172506570816, 0.226055800915, 0.215772435069, 0.33842292428, 0.423138827085], "dvar2": [0.523332357407, 0.334378629923, 0.385997742414, 0.354737490416, 0.629649221897, 0.712355554104], "max": [-5.68582201004, -4.97949838638, -5.35145902634, -5.42089557648, -5.58091640472, -7.48699235916], "mean": [-8.85484027863, -7.76480531693, -8.25589847565, -8.33029651642, -8.20282363892, -10.4707736969], "median": [-8.47566223145, -7.50539112091, -8.08317375183, -8.1429605484, -8.03403091431, -10.150850296], "min": [-27.6581859589, -27.3217506409, -27.4718151093, -27.2341365814, -27.1505870819, -27.3161640167], "var": [4.27312135696, 2.55482816696, 2.7088060379, 2.65454959869, 2.60611653328, 2.63988733292]}, "spectral_decrease": {"dmean": 2.6487723126e-09, "dmean2": 3.94226606915e-09, "dvar": 1.7878994434e-17, "dvar2": 3.66179026717e-17, "max": 1.80078026681e-16, "mean": -6.51071241364e-09, "median": -4.66587302128e-09, "min": -4.26970920842e-08, "var": 4.41153883346e-17}, "spectral_energy": {"dmean": 0.0106222536415, "dmean2": 0.0157056339085, "dvar": 0.000269339070655, "dvar2": 0.000541805347893, "max": 0.162420481443, "mean": 0.0262826215476, "median": 0.0189425069839, "min": 1.06118128367e-20, "var": 0.000676823023241}, "spectral_energyband_high": {"dmean": 0.000587791146245, "dmean2": 0.000855918740854, "dvar": 1.26357144836e-06, "dvar2": 2.31189960687e-06, "max": 0.0142892999575, "mean": 0.000830070115626, "median": 0.000246268667979, "min": 7.69034743031e-21, "var": 2.25679809773e-06}, "spectral_energyband_low": {"dmean": 0.0067339730449, "dmean2": 0.0105847744271, "dvar": 0.000253035104834, "dvar2": 0.000540040491614, "max": 0.161594763398, "mean": 0.0142436949536, "median": 0.00499460380524, "min": 4.71551987505e-23, "var": 0.000528781092726}, "spectral_energyband_middle_high": {"dmean": 0.00262003834359, "dmean2": 0.0037612807937, "dvar": 2.53540129052e-05, "dvar2": 4.6962621127e-05, "max": 0.0589310415089, "mean": 0.00452281255275, "median": 0.00117294304073, "min": 1.66043573176e-21, "var": 5.51852317585e-05}, "spectral_energyband_middle_low": {"dmean": 0.00343293929473, "dmean2": 0.00502112228423, "dvar": 2.87955754175e-05, "dvar2": 6.20878781774e-05, "max": 0.0836911126971, "mean": 0.0069574713707, "median": 0.00342280115001, "min": 3.85710825926e-22, "var": 8.75523401191e-05}, "spectral_entropy": {"dmean": 0.241460591555, "dmean2": 0.341569215059, "dvar": 0.0732241049409, "dvar2": 0.133712932467, "max": 9.79389858246, "mean": 7.57467031479, "median": 7.60153341293, "min": 4.79372024536, "var": 0.300520807505}, "spectral_flux": {"dmean": 0.0305178258568, "dmean2": 0.0460893437266, "dvar": 0.00137718452606, "dvar2": 0.00291996938176, "max": 0.328950375319, "mean": 0.0744342878461, "median": 0.062575250864, "min": 1.03013653163e-10, "var": 0.00328640430234}, "spectral_kurtosis": {"dmean": 1.38671469688, "dmean2": 2.20283389091, "dvar": 2.39542627335, "dvar2": 5.67052555084, "max": 27.8154792786, "mean": 4.15632581711, "median": 3.78267097473, "min": -1.20975005627, "var": 5.90505599976}, "spectral_rms": {"dmean": 0.00096393545391, "dmean2": 0.00135852012318, "dvar": 1.44156081205e-06, "dvar2": 2.60112028627e-06, "max": 0.0125880502164, "mean": 0.00434604054317, "median": 0.00429889466614, "min": 3.21760608608e-12, "var": 6.75346564094e-06}, "spectral_rolloff": {"dmean": 845.094970703, "dmean2": 1423.515625, "dvar": 2664313, "dvar2": 6146112, "max": 21274.8046875, "mean": 1895.33862305, "median": 796.728515625, "min": 21.533203125, "var": 9402316}, "spectral_skewness": {"dmean": 0.217115879059, "dmean2": 0.334536403418, "dvar": 0.0534939914942, "dvar2": 0.115839734674, "max": 4.63685846329, "mean": 1.55086028576, "median": 1.48932373524, "min": -0.187640666962, "var": 0.187907382846}, "spectral_spread": {"dmean": 1123461.5, "dmean2": 1661631, "dvar": 2264070881280.0, "dvar2": 5003159797760.0, "max": 40909724, "mean": 5495527.5, "median": 4844577.5, "min": 2021594.875, "var": 4792478334980.0}, "spectral_strongpeak": {"dmean": 0.449895590544, "dmean2": 0.745