{"lowlevel": {"average_loudness": 0.832415640354, "barkbands": {"dmean": [0.000286183872959, 0.0093935476616, 0.00592327071354, 0.00192943285219, 0.00137162057217, 0.00206276122481, 0.000644327548798, 0.000312346412102, 0.000646748871077, 0.000396979885409, 0.000280482316157, 0.000113782014523, 5.8777819504e-05, 5.50326476514e-05, 6.34697353235e-05, 3.02292719425e-05, 2.38555840042e-05, 2.19923476834e-05, 1.14878357635e-05, 1.45609301399e-05, 1.65916553669e-05, 6.78740479998e-06, 7.18636692909e-06, 2.08955880225e-05, 1.49790103023e-05, 6.78453579894e-06, 6.37640414425e-06], "dmean2": [0.000397536117816, 0.0153767466545, 0.0102084707469, 0.00341548607685, 0.00231549143791, 0.00311224092729, 0.000953748240136, 0.000470670405775, 0.000930386479013, 0.000557501683943, 0.000388484419091, 0.000165375429788, 8.99859005585e-05, 8.67239432409e-05, 9.87234598142e-05, 4.96728789585e-05, 3.71832429664e-05, 3.52547613147e-05, 1.86927100003e-05, 2.25232088269e-05, 2.65409726126e-05, 1.03370193756e-05, 1.04843675217e-05, 3.13463788189e-05, 2.1780588213e-05, 1.01359955806e-05, 1.05222707134e-05], "dvar": [7.42096403883e-07, 0.000580688298214, 0.000231487050769, 2.30216701311e-05, 6.44196825306e-06, 1.87115292647e-05, 4.52208360002e-06, 2.3223772132e-06, 7.75127682573e-06, 3.20779417962e-06, 6.13194924881e-06, 3.9641244598e-07, 1.91404467387e-07, 6.15508071178e-08, 1.67670762607e-07, 7.10499108436e-08, 2.93982918009e-08, 2.30517187561e-08, 1.34513489236e-09, 2.20207283519e-08, 3.24677849051e-08, 9.04843311389e-10, 9.11938136117e-10, 1.21911902795e-08, 2.66578892294e-09, 3.66505964466e-10, 5.32793031915e-10], "dvar2": [1.39927112741e-06, 0.00141213100869, 0.000607472553384, 6.57583150314e-05, 1.76473440661e-05, 3.93254122173e-05, 8.20013065095e-06, 5.48518846699e-06, 1.53803812282e-05, 5.57360135645e-06, 1.09134043669e-05, 8.24655955967e-07, 5.00555927374e-07, 1.22911004041e-07, 3.83818360206e-07, 1.97698895477e-07, 6.09210033531e-08, 6.0028462201e-08, 3.00460167857e-09, 4.10331963963e-08, 8.29570367955e-08, 2.06100891909e-09, 1.70366243335e-09, 2.69295341582e-08, 5.84260462233e-09, 7.64794727548e-10, 1.31087740662e-09], "max": [0.0123029537499, 0.284222006798, 0.201811790466, 0.0771713405848, 0.0514941811562, 0.0886382237077, 0.0931306555867, 0.0673092454672, 0.0846997499466, 0.047864113003, 0.0924526154995, 0.0320423692465, 0.0243911948055, 0.0136315980926, 0.0283299703151, 0.0133073301986, 0.00949434097856, 0.00897149927914, 0.00152287376113, 0.0108956303447, 0.00722920941189, 0.000875601661392, 0.00110892450903, 0.00232028914616, 0.00117899489123, 0.000494936655741, 0.000336968718329], "mean": [0.000311710871756, 0.0111590633169, 0.00770134665072, 0.00253535527736, 0.00275014783256, 0.00560127710924, 0.00143163930625, 0.000543879868928, 0.00121223099995, 0.000708940497134, 0.000558088649996, 0.000222813876462, 8.99528749869e-05, 9.1610410891e-05, 9.31686809054e-05, 3.3799202356e-05, 3.17072081089e-05, 2.96521884593e-05, 1.44282512338e-05, 1.88547346625e-05, 1.83882239071e-05, 8.88738577487e-06, 9.69740540313e-06, 2.24127379624e-05, 1.66947866092e-05, 6.87594092597e-06, 4.89985040986e-06], "median": [1.1465021089e-05, 0.00321805570275, 0.00240358849987, 0.00102201383561, 0.00181258283556, 0.00133509910665, 0.000335500051733, 0.000174309505383, 0.000170255225385, 9.45494684856e-05, 4.19874559157e-05, 2.56322600762e-05, 1.34068050102e-05, 1.1199796063e-05, 6.98048916092e-06, 4.67830523121e-06, 5.99125132794e-06, 6.32260707789e-06, 3.1699887586e-06, 2.82086466541e-06, 2.74697413261e-06, 1.08144513433e-06, 1.1874599295e-06, 1.53770656652e-06, 1.34094273108e-06, 3.87192699236e-07, 7.88872256408e-08], "min": [1.89456656043e-25, 2.09217804143e-24, 3.46024640915e-25, 6.01721897866e-25, 3.52373753398e-24, 8.88879632761e-24, 8.07980290323e-24, 5.09539339849e-24, 1.78044801903e-23, 1.40383304333e-23, 1.42513859866e-23, 1.70342490242e-23, 2.71333725506e-23, 3.28622603046e-23, 4.34396607315e-23, 5.07791594848e-23, 7.0454303405e-23, 7.86299379198e-23, 1.61502054244e-22, 1.35469934672e-22, 2.71701012833e-22, 3.06612159478e-22, 3.79062987793e-22, 5.40227851331e-22, 7.65354415345e-22, 1.32989569184e-21, 1.94343096083e-21], "var": [1.00320755791e-06, 0.000671468151268, 0.000297510647215, 2.03694180527e-05, 9.99284202408e-06, 8.99563674466e-05, 2.57126266661e-05, 3.71335931959e-06, 1.96831788344e-05, 8.42264853418e-06, 1.8592694687e-05, 8.28341455872e-07, 2.18752049364e-07, 2.44608088451e-07, 4.62844610638e-07, 5.31162420714e-08, 3.72238169177e-08, 2.00773868642e-08, 1.8397674495e-09, 3.51546631805e-08, 2.98576878777e-08, 1.08175990388e-09, 1.76115533268e-09, 1.41197809e-08, 3.33669714081e-09, 5.15075482266e-10, 4.35657149245e-10]}, "barkbands_crest": {"dmean": 2.7923002243, "dmean2": 4.63066864014, "dvar": 6.53874969482, "dvar2": 16.8349685669, "max": 25.0470676422, "mean": 12.284734726, "median": 11.6439800262, "min": 3.85723257065, "var": 16.8112335205}, "barkbands_flatness_db": {"dmean": 0.0288588143885, "dmean2": 0.0447566844523, "dvar": 0.000815782288555, "dvar2": 0.00190017535351, "max": 0.467131614685, "mean": 0.248097911477, "median": 0.247537836432, "min": 0.0482242442667, "var": 0.00362415192649}, "barkbands_kurtosis": {"dmean": 8.69281673431, "dmean2": 13.8535242081, "dvar": 246.184707642, "dvar2": 595.581054688, "max": 244.083587646, "mean": 14.7803087234, "median": 8.55690479279, "min": -1.86382675171, "var": 401.156036377}, "barkbands_skewness": {"dmean": 0.838079571724, "dmean2": 1.28415036201, "dvar": 1.06082057953, "dvar2": 2.343334198, "max": 13.4731082916, "mean": 2.23986291885, "median": 1.91699266434, "min": -2.15776228905, "var": 3.13923621178}, "barkbands_spread": {"dmean": 2.19070982933, "dmean2": 3.45836925507, "dvar": 18.7951068878, "dvar2": 42.7663116455, "max": 100.758483887, "mean": 6.44345664978, "median": 4.63155555725, "min": 0.356782793999, "var": 40.4643859863}, "dissonance": {"dmean": 0.0354490727186, "dmean2": 0.0588471107185, "dvar": 0.000932251859922, "dvar2": 0.00246233213693, "max": 0.499922275543, "mean": 0.409994721413, "median": 0.414831876755, "min": 0.167172059417, "var": 0.0023998375982}, "dynamic_complexity": 4.89760780334, "erbbands": {"dmean": [0.242731615901, 2.38046598434, 6.58856725693, 6.90498018265, 4.71225786209, 4.38061141968, 12.4897232056, 17.3760986328, 12.0900783539, 4.99878025055, 9.13901424408, 12.9761285782, 15.5240907669, 12.1529779434, 5.66029453278, 4.72784996033, 2.65709257126, 3.25780081749, 3.16364550591, 1.80088043213, 1.74201202393, 1.23493659496, 1.23126029968, 0.73216176033, 0.568090200424, 0.728489518166, 0.736612439156, 0.509255588055, 0.252459079027, 0.237828552723, 0.201386615634, 0.374331712723, 0.373100936413, 0.177549257874, 0.105481103063, 0.0335133820772, 0.011418197304, 0.00572565337643, 0.00121466547716, 5.24050992681e-05], "dmean2": [0.362799525261, 4.07002782822, 11.2837028503, 12.097243309, 8.19692230225, 7.28749036789, 19.475315094, 25.5806369781, 17.5994358063, 7.45910024643, 13.2518472672, 18.5819835663, 21.9106731415, 17.353969574, 8.12310123444, 6.67076921463, 3.99026584625, 4.97323560715, 5.00632047653, 2.7783396244, 2.75367665291, 1.93186473846, 1.93911600113, 1.15852189064, 0.900058925152, 1.13612949848, 1.14959216118, 0.811294555664, 0.38381806016, 0.359833568335, 0.293549031019, 0.577339947224, 0.565918624401, 0.258816242218, 0.156338483095, 0.0498754680157, 0.0169655811042, 0.00919101666659, 0.00201288447715, 8.19978959044e-05], "dvar": [0.447273075581, 38.55052948, 292.123077393, 291.281524658, 123.313369751, 58.0899848938, 1029.28417969, 1642.3079834, 1428.06774902, 276.846374512, 2012.22509766, 3607.11645508, 4438.21923828, 7538.98291016, 1250.24829102, 764.739807129, 373.30065918, 194.549438477, 480.530761719, 63.8973503113, 267.678863525, 71.2475967407, 88.4895324707, 4.06167554855, 8.59619903564, 64.6007003784, 58.9836044312, 25.0004272461, 1.69798743725, 0.872057437897, 0.737770318985, 4.44753551483, 3.78099703789, 0.368319928646, 0.147514805198, 0.00897693354636, 0.00103826110717, 0.000383285776479, 1.98238631128e-05, 2.33724932741e-08], "dvar2": [0.83201032877, 103.814872742, 766.720397949, 813.001586914, 357.693054199, 151.251174927, 2374.79394531, 3288.78979492, 2606.19335938, 448.792541504, 4375.60058594, 6601.05517578, 7786.99707031, 13823.6865234, 2341.49316406, 1482.65698242, 921.204040527, 397.898925781, 1141.75305176, 132.099136353, 699.699768066, 144.737060547, 210.926422119, 8.56792736053, 16.3708267212, 124.428329468, 144.897521973, 63.3876991272, 3.96285581589, 1.92794191837, 1.34188199043, 9.82958889008, 8.89575767517, 0.810487151146, 0.323430627584, 0.0191388297826, 0.00210589286871, 0.000891814706847, 4.94335981784e-05, 5.54336416769e-08], "max": [8.33238315582, 68.9582824707, 206.653564453, 266.355865479, 174.115585327, 141.423278809, 553.980773926, 1112.50476074, 1564.41772461, 980.156677246, 1700.57092285, 2036.74169922, 2130.07421875, 3140.65429688, 1450.78564453, 1480.48205566, 1167.28869629, 804.853637695, 1603.00256348, 358.048706055, 912.227478027, 497.170166016, 591.93182373, 79.112197876, 216.799697876, 560.916992188, 298.541015625, 209.855682373, 42.2015953064, 23.1936626434, 32.5395088196, 50.9000587463, 37.383934021, 13.5774106979, 7.83690929413, 2.1114180088, 0.921227514744, 0.313619107008, 0.064345933497, 0.00206487183459], "mean": [0.302352666855, 2.59948730469, 8.52657413483, 9.17798805237, 7.98897886276, 9.30859088898, 25.8058681488, 47.6007080078, 29.8458747864, 12.2053880692, 16.7476100922, 25.2806625366, 31.6374588013, 23.3739109039, 11.5282077789, 9.7223443985, 4.72673130035, 5.78840827942, 4.88633680344, 2.59553813934, 2.20424866676, 1.73203003407, 1.68056535721, 1.04463553429, 0.696893692017, 0.906121432781, 0.870524466038, 0.555288553238, 0.310443073511, 0.32288146019, 0.272233098745, 0.405275464058, 0.392434567213, 0.196551576257, 0.115404501557, 0.0354112014174, 0.0117236534134, 0.00477810483426, 0.000936709344387, 6.64677936584e-05], "median": [0.047048330307, 0.852721810341, 2.69406914711, 4.23075866699, 4.55296134949, 6.17586326599, 7.48698806763, 9.62841415405, 6.74243307114, 4.64946365356, 4.42182445526, 4.09205055237, 4.02594947815, 2.27705001831, 1.54787039757, 1.19638991356, 0.847348690033, 0.776704132557, 0.436667442322, 0.34947937727, 0.316051840782, 0.349919289351, 0.367153227329, 0.255841732025, 0.13500572741, 0.133351489902, 0.131185635924, 0.0779709964991, 0.0341786332428, 0.0457031205297, 0.0334077142179, 0.0343664884567, 0.0239507779479, 0.0178860463202, 0.00669189216569, 0.00203967024572, 0.00064105016645, 0.000137735798489, 2.71913777397e-05, 2.36128398683e-05], "min": [1.43766088201e-22, 3.37313742385e-22, 8.00279016803e-22, 3.50192364931e-21, 8.49749476241e-21, 1.30074555221e-20, 5.53548748933e-20, 8.0857143984e-20, 9.64978110482e-20, 1.68514087419e-19, 3.40541572792e-19, 4.85507198189e-19, 3.96540976478e-19, 4.82401600278e-19, 8.98966034447e-19, 1.26464955516e-18, 1.52367754507e-18, 1.4712187846e-18, 2.63125739263e-18, 2.60137425223e-18, 3.33945158958e-18, 4.04421381418e-18, 5.16345411664e-18, 6.25581146278e-18, 7.18043146995e-18, 8.68417468604e-18, 1.0203923847e-17, 8.29995342741e-18, 1.04120482794e-17, 9.8321632371e-18, 1.05252123774e-17, 1.17284292964e-17, 1.01001937438e-17, 6.96645308038e-18, 6.38003289768e-18, 4.31897136721e-18, 2.26142804268e-18, 9.70727261309e-19, 2.5811860822e-19, 2.84887853053e-20], "var": [0.678590655327, 35.3022117615, 360.612121582, 265.654052734, 122.64780426, 117.789466858, 2966.45751953, 8652.95898438, 6602.14355469, 2262.72387695, 4068.3737793, 9651.82617188, 13986.5849609, 21477.9628906, 3552.6315918, 1768.9798584, 479.757904053, 861.472839355, 1292.35888672, 136.002487183, 231.045181274, 99.7636566162, 88.52784729, 7.27126741409, 13.3665943146, 95.7621841431, 65.0061798096, 21.6730880737, 1.86496090889, 1.2355902195, 1.48818600178, 4.77990579605, 4.23399877548, 0.46955242753, 0.180024653673, 0.0125209838152, 0.00155368272681, 0.000363322993508, 1.58160019055e-05, 2.31888410696e-08]}, "erbbands_crest": {"dmean": 2.59857845306, "dmean2": 4.02835893631, "dvar": 6.52621746063, "dvar2": 14.6919298172, "max": 33.3956489563, "mean": 12.1037626266, "median": 10.5750799179, "min": 2.68324255943, "var": 31.6504936218}, "erbbands_flatness_db": {"dmean": 0.0260492824018, "dmean2": 0.0357188023627, "dvar": 0.000710913387593, "dvar2": 0.00124842952937, "max": 0.368624687195, "mean": 0.205220520496, "median": 0.212647140026, "min": 0.0375680103898, "var": 0.00328969210386}, "erbbands_kurtosis": {"dmean": 2.65558838844, "dmean2": 4.09119319916, "dvar": 16.0618686676, "dvar2": 34.265789032, "max": 120.207191467, "mean": 5.32260465622, "median": 2.95387578011, "min": -1.88016295433, "var": 63.389251709}, "erbbands_skewness": {"dmean": 0.470596432686, "dmean2": 0.71766936779, "dvar": 0.229404479265, "dvar2": 0.524964094162, "max": 8.15808010101, "mean": 1.44015824795, "median": 1.32596898079, "min": -3.26420426369, "var": 1.30390274525}, "erbbands_spread": {"dmean": 7.27921485901, "dmean2": 10.8879842758, "dvar": 131.31199646, "dvar2": 254.550048828, "max": 162.270935059, "mean": 22.7779636383, "median": 17.1712055206, "min": 1.36338829994, "var": 379.542388916}, "gfcc": {"cov": [[22206.5683594, 1072.38500977, -1161.82775879, 150.966217041, -886.44744873, 396.742034912, -290.050750732, 232.410003662, -335.710632324, 197.575668335, -151.825134277, -38.2281608582, 95.3082122803], [1072.38500977, 1468.6739502, -284.506225586, -242.70463562, 102.968383789, -196.673126221, -2.65793251991, -112.00705719, 4.04326820374, -159.446685791, 87.5822753906, -79.9831161499, 3.27034306526], [-1161.82775879, -284.506225586, 847.241271973, 170.638397217, 127.698410034, 54.3738098145, 30.396572113, 20.5781669617, 0.296400725842, 24.2696361542, -17.7300453186, 18.6174278259, -67.5743865967], [150.966217041, -242.70463562, 170.638397217, 380.891052246, 0.268723249435, -35.6056137085, -59.178401947, 4.32547473907, 10.4647455215, 9.71345901489, -37.6886901855, 16.0105648041, -2.39214992523], [-886.44744873, 102.968383789, 127.698410034, 0.268723249435, 298.065216064, -19.6683883667, 43.1291809082, 1.77743732929, 32.6566352844, -34.8694190979, -12.4525108337, -23.9586277008, -30.4394683838], [396.742034912, -196.673126221, 54.3738098145, -35.6056137085, -19.6683883667, 260.735687256, 78.3896560669, 19.9498462677, -19.6738090515, 35.76512146, -21.2219409943, -23.7096328735, -37.3799324036], [-290.050750732, -2.65793251991, 30.396572113, -59.178401947, 43.1291809082, 78.3896560669, 182.347183228, 16.6136875153, -10.4314060211, -4.45686149597, 0.265781104565, -18.0303058624, -29.4714488983], [232.410003662, -112.00705719, 20.5781669617, 4.32547473907, 1.77743732929, 19.9498462677, 16.6136875153, 127.492019653, 21.4313526154, -3.29911565781, -15.8867254257, 19.9922370911, 3.22618341446], [-335.710632324, 4.04326820374, 0.296400725842, 10.4647455215, 32.6566352844, -19.6738090515, -10.4314060211, 21.4313526154, 102.668632507, 15.7820739746, -4.2089343071, -2.23037910461, 11.8971624374], [197.575668335, -159.446685791, 24.2696361542, 9.71345901489, -34.8694190979, 35.76512146, -4.45686149597, -3.29911565781, 15.7820739746, 113.320152283, 20.0160064697, 0.746694684029, 3.979637146], [-151.825134277, 87.5822753906, -17.7300453186, -37.6886901855, -12.4525108337, -21.2219409943, 0.265781104565, -15.8867254257, -4.2089343071, 20.0160064697, 117.048782349, 31.0690612793, 16.43542099], [-38.2281608582, -79.9831161499, 18.6174278259, 16.0105648041, -23.9586277008, -23.7096328735, -18.0303058624, 19.9922370911, -2.23037910461, 0.746694684029, 31.0690612793, 98.486618042, 23.3903865814], [95.3082122803, 3.27034306526, -67.5743865967, -2.39214992523, -30.4394683838, -37.3799324036, -29.4714488983, 3.22618341446, 11.8971624374, 3.979637146, 16.43542099, 23.3903865814, 96.4758224487]], "icov": [[9.39927267609e-05, -0.000237851039856, 0.000101034042018, -0.000193169369595, 0.00017308598035, -0.000275751663139, 0.000169718507095, -0.000394478061935, 0.000417857459979, -0.000477505614981, 0.00030618274468, -0.000126948012621, -5.92223441345e-05], [-0.000237851039856, 0.00191913486924, -6.14059536019e-05, 0.00110019836575, -0.000621075567324, 0.00142934417818, -0.000408011605032, 0.00174995802809, -0.00144288514275, 0.00295582949184, -0.00198583421297, 0.00155101378914, 0.000347142078681], [0.000101034042018, -6.14059536019e-05, 0.00168291339651, -0.000815110863186, -0.000544604379684, -0.000472136365715, 8.0270030594e-05, -0.000446943158749, 0.000605089648161, -0.000715852016583, 0.000142850185512, -0.000555488688406, 0.000810777186416], [-0.000193169369595, 0.00110019836575, -0.000815110863186, 0.00395242962986, -0.000257674080785, 0.001344707096, 0.000538204505574, 0.0012211605208, -0.00117265095469, 0.00141747831367, 4.99024536111e-05, 0.000331426213961, 0.000241181493038], [0.00017308598035, -0.000621075567324, -0.000544604379684, -0.000257674080785, 0.00469117239118, 2.34947292483e-05, -0.000687220192049, -0.000593171978835, -0.000904921093024, 0.000341979583027, 0.000642577244435, 0.00047253826051, 0.000634805706795], [-0.000275751663139, 0.00142934417818, -0.000472136365715, 0.001344707096, 2.34947292483e-05, 0.00648710364476, -0.00239103194326, 0.000812028476503, -0.000489348894916, 0.000466350058559, -0.000518585147802, 0.00170427677222, 0.00140616099816], [0.000169718507095, -0.000408011605032, 8.0270030594e-05, 0.000538204505574, -0.000687220192049, -0.00239103194326, 0.0075087537989, -0.00164681905881, 0.00133405800443, -0.000330484472215, -0.000183095049579, 0.000478128815303, 0.000885727989953], [-0.000394478061935, 0.00174995802809, -0.000446943158749, 0.0012211605208, -0.000593171978835, 0.000812028476503, -0.00164681905881, 0.0112207783386, -0.00425322307274, 0.0036143574398, -0.000287403672701, -0.00142278533895, 6.61012891214e-05], [0.000417857459979, -0.00144288514275, 0.000605089648161, -0.00117265095469, -0.000904921093024, -0.000489348894916, 0.00133405800443, -0.00425322307274, 0.0135849621147, -0.00520633999258, 0.00221829069778, -0.000111195098725, -0.00170594826341], [-0.000477505614981, 0.00295582949184, -0.000715852016583, 0.00141747831367, 0.000341979583027, 0.000466350058559, -0.000330484472215, 0.0036143574398, -0.00520633999258, 0.0155756734312, -0.00554158631712, 0.00298807444051, 0.000191175320651], [0.00030618274468, -0.00198583421297, 0.000142850185512, 4.99024536111e-05, 0.000642577244435, -0.000518585147802, -0.000183095049579, -0.000287403672701, 0.00221829069778, -0.00554158631712, 0.0129707399756, -0.00519348494709, -0.00117385492194], [-0.000126948012621, 0.00155101378914, -0.000555488688406, 0.000331426213961, 0.00047253826051, 0.00170427677222, 0.000478128815303, -0.00142278533895, -0.000111195098725, 0.00298807444051, -0.00519348494709, 0.0144105004147, -0.00202356255613], [-5.92223441345e-05, 0.000347142078681, 0.000810777186416, 0.000241181493038, 0.000634805706795, 0.00140616099816, 0.000885727989953, 6.61012891214e-05, -0.00170594826341, 0.000191175320651, -0.00117385492194, -0.00202356255613, 0.012892447412]], "mean": [-110.480293274, 145.737564087, -62.370891571, 16.5717468262, -49.721370697, 5.49467754364, -31.7596645355, 7.85362672806, -20.3809776306, -2.95188450813, -9.08962917328, -2.09867930412, -6.28982877731]}, "hfc": {"dmean": 3.39387631416, "dmean2": 4.83178663254, "dvar": 43.7544555664, "dvar2": 83.8013839722, "max": 143.921600342, "mean": 9.31347465515, "median": 4.8536195755, "min": 1.08308230229e-16, "var": 153.33392334}, "melbands": {"dmean": [0.00233771535568, 0.00328719010577, 0.00111446948722, 0.000305006979033, 0.000365285755834, 0.000380868819775, 0.000169391933014, 5.13477389177e-05, 8.29749260447e-05, 8.94224576768e-05, 7.79190886533e-05, 4.79147383885e-05, 2.67752402578e-05, 1.25277083498e-05, 9.21038008528e-06, 5.95398705627e-06, 6.26074006504e-06, 4.62575826532e-06, 4.30036061516e-06, 1.66073232322e-06, 2.27161376642e-06, 1.42719886753e-06, 1.13529540613e-06, 9.81604785011e-07, 5.91687012275e-07, 4.25339635513e-07, 4.80731614516e-07, 4.90784827889e-07, 4.63652241933e-07, 4.38765709987e-07, 2.52039143334e-07, 1.47446840515e-07, 1.26212540863e-07, 1.42263502312e-07, 1.23603939528e-07, 1.09784721758e-07, 2.94208376772e-07, 3.13731476353e-07, 1.49996012055e-07, 1.60530788662e-07], "dmean2": [0.00368482107297, 0.00559869548306, 0.00194518989883, 0.000521322654095, 0.000570662436076, 0.000565973576158, 0.000246580806561, 7.77606110205e-05, 0.000119301010272, 0.000126729239128, 0.000110286026029, 6.88809159328e-05, 3.79801786039e-05, 1.81873347174e-05, 1.37470906338e-05, 8.80065454112e-06, 9.61363912211e-06, 7.39654478821e-06, 6.63778246235e-06, 2.65024527835e-06, 3.62064906767e-06, 2.18034369937e-06, 1.84693726624e-06, 1.56875523771e-06, 9.50543665112e-07, 7.01916633261e-07, 7.41918881886e-07, 7.76755484821e-07, 7.30242788904e-07, 7.12106213996e-07, 4.05337431175e-07, 2.30005184676e-07, 1.92007760802e-07, 2.17189878526e-07, 1.80862031129e-07, 1.64938498415e-07, 4.58934977132e-07, 4.87519287162e-07, 2.22275986062e-07, 2.44518588488e-07], "dvar": [3.72462563973e-05, 6.87490246492e-05, 7.66491029935e-06, 3.44628745097e-07, 7.90903982306e-07, 7.01488829691e-07, 2.60922462303e-07, 3.30775975499e-08, 1.60273273764e-07, 1.61979599511e-07, 1.12723789414e-07, 1.10586185542e-07, 4.87441731423e-08, 3.31779337337e-09, 4.48057280167e-09, 1.03986930178e-09, 7.81232745162e-10, 9.48476741591e-10, 5.98235405658e-10, 6.29947691233e-11, 6.26911356161e-10, 8.87578135988e-11, 8.54460738275e-11, 3.21276338866e-11, 2.81319975995e-12, 2.22590544087e-12, 1.87286401665e-11, 3.1305406184e-11, 1.9136879581e-11, 2.88692299233e-11, 3.99488428449e-12, 6.24661509584e-13, 2.3872822664e-13, 3.421686491e-13, 3.52510175997e-13, 1.67893056771e-13, 3.26631950653e-12, 3.23978799517e-12, 2.9130910466e-13, 3.92739985498e-13], "dvar2": [8.14583036117e-05, 0.000181498820893, 2.14812789636e-05, 9.7728889159e-07, 1.84908287792e-06, 1.42337512443e-06, 4.86656517751e-07, 6.03174115099e-08, 3.27413204104e-07, 3.03025728954e-07, 1.99586892791e-07, 2.0488904795e-07, 9.06145700696e-08, 6.47905906703e-09, 9.6340668776e-09, 2.36563657552e-09, 1.62143765081e-09, 2.31376362514e-09, 1.27685806373e-09, 1.5059196945e-10, 1.63263680353e-09, 1.7934422003e-10, 1.66448674288e-10, 8.16965661787e-11, 6.01386085028e-12, 5.27420121466e-12, 3.6542505133e-11, 6.17842721429e-11, 4.54609683231e-11, 7.56052651041e-11, 9.9718800925e-12, 1.48148951874e-12, 5.45507812099e-13, 7.42190922436e-13, 6.49953777864e-13, 3.49217697945e-13, 7.36057395589e-12, 7.97100753458e-12, 6.54159723352e-13, 9.40067034633e-13], "max": [0.0699438303709, 0.0985138788819, 0.0443785861135, 0.00869454909116, 0.0163918249309, 0.0217568725348, 0.0214953552932, 0.0088417371735, 0.0171666741371, 0.0134935202077, 0.010274939239, 0.0115686338395, 0.00847153179348, 0.00273999758065, 0.003170913551, 0.00145402713679, 0.00157293025404, 0.00221598194912, 0.00138993281871, 0.000339108024491, 0.00145625672303, 0.000596137309913, 0.000550782715436, 0.000301558786305, 7.47243902879e-05, 7.19270392437e-05, 0.000346724176779, 0.000362153747119, 0.000171953259269, 0.000218123168452, 8.78118953551e-05, 2.62060129899e-05, 1.326408983e-05, 1.53744622367e-05, 2.27983273362e-05, 1.20693648569e-05, 4.44038014393e-05, 3.88578700949e-05, 1.27221774164e-05, 1.61064872373e-05], "mean": [0.00288386200555, 0.00418861070648, 0.00159158615861, 0.000596524856519, 0.000782469287515, 0.00107182923239, 0.000425419944804, 0.000115578543046, 0.000148909544805, 0.000169666658621, 0.000153134024004, 8.78124046721e-05, 5.18589295098e-05, 2.6690415325e-05, 1.54075787577e-05, 1.01805599115e-05, 1.06525967567e-05, 6.7552746259e-06, 6.267056051e-06, 2.01598959393e-06, 2.75287015938e-06, 1.91775643543e-06, 1.53589257934e-06, 1.29424211082e-06, 8.13449219095e-07, 4.86282488055e-07, 5.60292050977e-07, 5.9805984165e-07, 5.57098076115e-07, 4.60426946347e-07, 2.6971878242e-07, 1.70767066265e-07, 1.69725524302e-07, 1.83580183943e-07, 1.61019968914e-07, 1.40678409366e-07, 2.98274841271e-07, 3.18533750487e-07, 1.66858256989e-07, 1.68786868926e-07], "median": [0.000700277683791, 0.0014577889815, 0.000841839704663, 0.000407238607295, 0.000268418400083, 0.000227687793085, 9.26081702346e-05, 4.09777640016e-05, 3.18063612212e-05, 2.4014065275e-05, 1.7980026314e-05, 7.71154918766e-06, 5.12533233632e-06, 3.10397740577e-06, 2.2502340471e-06, 1.34828576392e-06, 1.2339148725e-06, 5.6615573385e-07, 5.24733536622e-07, 3.49345782524e-07, 3.46271775697e-07, 3.50417167283e-07, 3.16032810588e-07, 2.71618461056e-07, 1.89633382774e-07, 9.4014197316e-08, 7.45903463439e-08, 8.11950471302e-08, 7.79597968403e-08, 6.33079224599e-08, 3.14249462008e-08, 1.39818405742e-08, 2.10003072709e-08, 2.36842190304e-08, 1.58252344562e-08, 2.0239371068e-08, 1.88284907665e-08, 1.42971501305e-08, 1.60849200626e-08, 1.33895365906e-08], "min": [1.80006067886e-24, 3.35001246537e-25, 6.85054205665e-25, 7.93367667573e-25, 1.8503730441e-24, 1.67054293164e-24, 1.55171385526e-24, 1.47896529979e-24, 2.43162035299e-24, 2.70474943915e-24, 1.98205680615e-24, 1.70636727471e-24, 2.36550789268e-24, 3.09327645117e-24, 2.96724527194e-24, 2.18715137239e-24, 2.88873783465e-24, 3.7942083561e-24, 2.68774140081e-24, 3.86168357363e-24, 3.80439294482e-24, 3.7972249602e-24, 4.02592046979e-24, 3.30015522357e-24, 4.42206077841e-24, 4.95440344435e-24, 4.50936243707e-24, 4.93566365911e-24, 5.30684519756e-24, 5.50391606232e-24, 3.90089153834e-24, 5.46642978653e-24, 4.92519665819e-24, 5.06933416735e-24, 4.98665996676e-24, 5.8661416629e-24, 5.85788781125e-24, 5.66741813454e-24, 5.8760552779e-24, 5.69711559218e-24], "var": [5.00319765706e-05, 7.62917479733e-05, 7.02698935129e-06, 4.74129421946e-07, 2.20362653636e-06, 3.78674531021e-06, 1.42504973155e-06, 2.01441835657e-07, 3.62351073591e-07, 4.4611064709e-07, 3.4683861827e-07, 3.05496712372e-07, 1.37193865157e-07, 8.86222206731e-09, 6.38558583788e-09, 2.14501083562e-09, 3.52499029965e-09, 2.47161047184e-09, 1.5786658647e-09, 7.29082350048e-11, 5.11357456379e-10, 1.23951349185e-10, 1.05072457679e-10, 3.10881910492e-11, 4.82956383219e-12, 2.62746790471e-12, 2.79188078905e-11, 4.5168500884e-11, 2.39735072072e-11, 2.36665721742e-11, 3.55139333739e-12, 6.53059908668e-13, 3.08673632444e-13, 4.94890478424e-13, 6.82608266786e-13, 2.82822403734e-13, 3.28659300296e-12, 3.36773968088e-12, 3.88797365613e-13, 4.08672282213e-13]}, "melbands_crest": {"dmean": 3.18783569336, "dmean2": 5.15203380585, "dvar": 8.34897136688, "dvar2": 20.1946144104, "max": 32.9868125916, "mean": 16.2434997559, "median": 15.7524394989, "min": 1.56564962864, "var": 29.3746089935}, "melbands_flatness_db": {"dmean": 0.0336595624685, "dmean2": 0.0522445514798, "dvar": 0.0011783791706, "dvar2": 0.00276942946948, "max": 0.614013314247, "mean": 0.356455892324, "median": 0.358648300171, "min": 0.0037413679529, "var": 0.00636041816324}, "melbands_kurtosis": {"dmean": 13.6779632568, "dmean2": 21.9625282288, "dvar": 793.654907227, "dvar2": 1982.52050781, "max": 455.01651001, "mean": 22.7952156067, "median": 11.5540924072, "min": -1.52689838409, "var": 1298.28955078}, "melbands_skewness": {"dmean": 0.892686724663, "dmean2": 1.38141477108, "dvar": 1.28240776062, "dvar2": 2.83494281769, "max": 17.1917896271, "mean": 2.63342857361, "median": 2.25473284721, "min": -1.94883513451, "var": 4.1729722023}, "melbands_spread": {"dmean": 2.07471227646, "dmean2": 3.3030974865, "dvar": 18.0355834961, "dvar2": 40.6734809875, "max": 158.108291626, "mean": 7.67240047455, "median": 4.64608478546, "min": 0.422562003136, "var": 206.354003906}, "mfcc": {"cov": [[9657.23046875, 366.547088623, -147.157440186, -80.0283432007, -239.830963135, 61.1679458618, 148.442153931, -78.6929321289, 121.157478333, 121.870780945, -114.740959167, -34.197681427, -13.1374940872], [366.547088623, 1839.54150391, -121.574951172, -13.4000549316, 48.4889678955, -89.0982894897, 31.2141742706, 34.6243362427, -74.7997360229, -57.9126701355, -14.8412256241, 28.3591384888, -15.4782686234], [-147.157440186, -121.574951172, 600.954040527, 113.71547699, 72.5113525391, 66.7849502563, 39.9470481873, 11.2082242966, 9.32470417023, -14.2099599838, 60.0873680115, 9.50921821594, -6.09205245972], [-80.0283432007, -13.4000549316, 113.71547699, 366.101867676, 110.509635925, -24.2373733521, -55.4428710938, -5.35059690475, 9.13613128662, -38.4626083374, -6.44550704956, 2.62549686432, -3.23455834389], [-239.830963135, 48.4889678955, 72.5113525391, 110.509635925, 231.376052856, 2.41570878029, -30.695356369, 9.09643173218, 30.4842967987, -13.455124855, 6.0056977272, 15.3077392578, 8.46251964569], [61.1679458618, -89.0982894897, 66.7849502563, -24.2373733521, 2.41570878029, 178.904922485, 58.892742157, -4.42171955109, 4.50730037689, 41.0860519409, 35.0526351929, -15.3980112076, 2.02963423729], [148.442153931, 31.2141742706, 39.9470481873, -55.4428710938, -30.695356369, 58.892742157, 166.389404297, 40.8934745789, -9.00221920013, 14.0106296539, 33.5690917969, -2.37906098366, -7.32401180267], [-78.6929321289, 34.6243362427, 11.2082242966, -5.35059690475, 9.09643173218, -4.42171955109, 40.8934745789, 137.332641602, 34.3285827637, -17.6140193939, 18.6180686951, 2.07115125656, 4.28292942047], [121.157478333, -74.7997360229, 9.32470417023, 9.13613128662, 30.4842967987, 4.50730037689, -9.00221920013, 34.3285827637, 121.794761658, 35.9244308472, 1.24659264088, -15.3768053055, -3.17104101181], [121.870780945, -57.9126701355, -14.2099599838, -38.4626083374, -13.455124855, 41.0860519409, 14.0106296539, -17.6140193939, 35.9244308472, 119.619361877, 31.3606395721, -36.6846656799, -19.0280342102], [-114.740959167, -14.8412256241, 60.0873680115, -6.44550704956, 6.0056977272, 35.0526351929, 33.5690917969, 18.6180686951, 1.24659264088, 31.3606395721, 95.5499420166, 3.22939944267, -3.34170150757], [-34.197681427, 28.3591384888, 9.50921821594, 2.62549686432, 15.3077392578, -15.3980112076, -2.37906098366, 2.07115125656, -15.3768053055, -36.6846656799, 3.22939944267, 124.973381042, 35.3773078918], [-13.1374940872, -15.4782686234, -6.09205245972, -3.23455834389, 8.46251964569, 2.02963423729, -7.32401180267, 4.28292942047, -3.17104101181, -19.0280342102, -3.34170150757, 35.3773078918, 90.6274795532]], "icov": [[0.000117559015052, -3.75218114641e-05, 4.97284054291e-06, -4.55906119896e-05, 0.000143873068737, -3.0074865208e-05, -0.000149913263158, 0.000119817297673, -0.000194886306417, -9.81031553238e-05, 0.000195398650249, -3.48603134626e-05, -2.78018360405e-05], [-3.75218114641e-05, 0.000614343269262, 0.000125144346384, 6.10790302744e-05, -0.000313864526106, 0.000303178007016, -0.00017084175488, -0.000209243793506, 0.000483511743369, 0.000102118247014, -4.67926911369e-05, -4.56268098787e-05, 0.000183120864676], [4.97284054291e-06, 0.000125144346384, 0.00207899650559, -0.000564252142794, -0.000363110128092, -0.000572988006752, -0.000463433563709, 0.000245924020419, -0.000257002800936, 0.000789217825513, -0.00121624092571, -5.85038869758e-05, 0.000274073681794], [-4.55906119896e-05, 6.10790302744e-05, -0.000564252142794, 0.00360812386498, -0.00146541919094, 0.000281136977719, 0.000936132913921, 0.000103333928564, 9.10597736947e-06, 0.00101943849586, -0.00014184313477, 0.000373342132661, 0.000359370518709], [0.000143873068737, -0.000313864526106, -0.000363110128092, -0.00146541919094, 0.00575451366603, -0.000607112830039, 0.000689443200827, 5.45502516616e-05, -0.00175623071846, 0.000306680449285, -0.000206972574233, -0.000622394785751, -0.000341796665452], [-3.0074865208e-05, 0.000303178007016, -0.000572988006752, 0.000281136977719, -0.000607112830039, 0.00752493133768, -0.0024215974845, 0.000838116975501, 0.000299248815281, -0.0017776703462, -0.00112558074761, 0.000734826258849, -0.00101932091638], [-0.000149913263158, -0.00017084175488, -0.000463433563709, 0.000936132913921, 0.000689443200827, -0.0024215974845, 0.00871635228395, -0.00291790696792, 0.00146970595233, -0.000241771136643, -0.00140332151204, -0.000243275790126, 0.000827390467748], [0.000119817297673, -0.000209243793506, 0.000245924020419, 0.000103333928564, 5.45502516616e-05, 0.000838116975501, -0.00291790696792, 0.0101269828156, -0.00430971523747, 0.00342183280736, -0.00240006716922, 0.000608891714364, -0.000494945212267], [-0.000194886306417, 0.000483511743369, -0.000257002800936, 9.10597736947e-06, -0.00175623071846, 0.000299248815281, 0.00146970595233, -0.00430971523747, 0.0118542565033, -0.00462768087164, 0.00167852675077, 0.000290282187052, -9.11543684197e-05], [-9.81031553238e-05, 0.000102118247014, 0.000789217825513, 0.00101943849586, 0.000306680449285, -0.0017776703462, -0.000241771136643, 0.00342183280736, -0.00462768087164, 0.0138944434002, -0.00502370717004, 0.00279256701469, 0.00140257517342], [0.000195398650249, -4.67926911369e-05, -0.00121624092571, -0.00014184313477, -0.000206972574233, -0.00112558074761, -0.00140332151204, -0.00240006716922, 0.00167852675077, -0.00502370717004, 0.0145222740248, -0.00162729143631, 0.000152731590788], [-3.48603134626e-05, -4.56268098787e-05, -5.85038869758e-05, 0.000373342132661, -0.000622394785751, 0.000734826258849, -0.000243275790126, 0.000608891714364, 0.000290282187052, 0.00279256701469, -0.00162729143631, 0.0100053176284, -0.00337942293845], [-2.78018360405e-05, 0.000183120864676, 0.000274073681794, 0.000359370518709, -0.000341796665452, -0.00101932091638, 0.000827390467748, -0.000494945212267, -9.11543684197e-05, 0.00140257517342, 0.000152731590788, -0.00337942293845, 0.0128537900746]], "mean": [-765.816223145, 182.969619751, 39.7385063171, 23.3197402954, 9.68554592133, -1.46962153912, 4.24330663681, 3.79841327667, -0.192948386073, -1.38895344734, -1.16994190216, 1.60602593422, -2.97735929489]}, "pitch_salience": {"dmean": 0.0782354995608, "dmean2": 0.129599839449, "dvar": 0.00508513394743, "dvar2": 0.0136695178226, "max": 0.901589989662, "mean": 0.511349380016, "median": 0.509319126606, "min": 0.0587560795248, "var": 0.0146868517622}, "silence_rate_20dB": {"dmean": 0.00026333113783, "dmean2": 0.000526731659193, "dvar": 0.000263287744019, "dvar2": 0.000789923768025, "max": 1, "mean": 0.99986833334, "median": 1, "min": 0, "var": 0.000131621884066}, "silence_rate_30dB": {"dmean": 0.0581961832941, "dmean2": 0.116407692432, "dvar": 0.0548098757863, "dvar2": 0.116288818419, "max": 1, "mean": 0.92311745882, "median": 1, "min": 0, "var": 0.0709753856063}, "silence_rate_60dB": {"dmean": 0.0173798557371, "dmean2": 0.0347642861307, "dvar": 0.0170780029148, "dvar2": 0.0382953472435, "max": 1, "mean": 0.116640336812, "median": 0, "min": 0, "var": 0.103037208319}, "spectral_centroid": {"dmean": 90.4624938965, "dmean2": 146.080963135, "dvar": 52335.6875, "dvar2": 110532.539062, "max": 11878.9628906, "mean": 551.147521973, "median": 378.007202148, "min": 132.162902832, "var": 1302015.75}, "spectral_complexity": {"dmean": 1.42040812969, "dmean2": 2.3163022995, "dvar": 3.13598799706, "dvar2": 7.12374782562, "max": 34, "mean": 8.16785144806, "median": 8, "min": 0, "var": 14.8861265182}, "spectral_contrast_coeffs": {"dmean": [0.0474197492003, 0.0440434813499, 0.039364349097, 0.031106159091, 0.0206168144941, 0.0175912100822], "dmean2": [0.0791011974216, 0.0703793764114, 0.0619178265333, 0.0491749756038, 0.0321679599583, 0.0278882179409], "dvar": [0.00166738056578, 0.00148305145558, 0.00120552524459, 0.000734039233066, 0.000345597771229, 0.000320920051308], "dvar2": [0.00452860537916, 0.0034174581524, 0.00272756326012, 0.00171422644053, 0.000749340804759, 0.000766927842051], "max": [-0.370846301317, -0.307939618826, -0.408426642418, -0.563338220119, -0.626034736633, -0.569632291794], "mean": [-0.660589933395, -0.687556684017, -0.739783704281, -0.797759473324, -0.826027929783, -0.824067056179], "median": [-0.659697294235, -0.699229359627, -0.749485135078, -0.804398596287, -0.831140697002, -0.825727939606], "min": [-0.979555845261, -0.981957554817, -0.983277082443, -0.983265697956, -0.981220245361, -0.980826854706], "var": [0.00633902754635, 0.0104629807174, 0.00770563166589, 0.0037347774487, 0.0017728805542, 0.00133638724219]}, "spectral_contrast_valleys": {"dmean": [0.402789980173, 0.360081315041, 0.41689312458, 0.438044428825, 0.416045218706, 0.436442941427], "dmean2": [0.645185649395, 0.563665091991, 0.627001583576, 0.641151726246, 0.579376041889, 0.561743199825], "dvar": [0.1492587924, 0.125615462661, 0.178093567491, 0.205360352993, 0.214856177568, 0.258092701435], "dvar2": [0.300012528896, 0.251827418804, 0.362355589867, 0.418508887291, 0.412973433733, 0.404837846756], "max": [-4.86793804169, -4.90036821365, -5.43062734604, -6.45408916473, -6.36204719543, -8.45164966583], "mean": [-7.21865177155, -7.32274389267, -8.55812740326, -9.40142822266, -9.44538593292, -11.7081403732], "median": [-6.86667442322, -6.93533992767, -8.2893409729, -9.16178798676, -9.19272708893, -11.5558834076], "min": [-28.1187438965, -27.9079284668, -27.9618682861, -27.6237335205, -27.5295562744, -27.4020824432], "var": [5.58768177032, 5.50518608093, 5.00948190689, 4.68358945847, 4.70740509033, 4.00917291641]}, "spectral_decrease": {"dmean": 4.3296983776e-09, "dmean2": 6.69073330073e-09, "dvar": 8.37329059878e-17, "dvar2": 1.91039175649e-16, "max": 2.26544539353e-28, "mean": -9.10988529057e-09, "median": -5.08727326931e-09, "min": -1.17104903552e-07, "var": 1.46231265088e-16}, "spectral_energy": {"dmean": 0.0166091453284, "dmean2": 0.0256266798824, "dvar": 0.00122255436145, "dvar2": 0.00278308871202, "max": 0.447080165148, "mean": 0.0352273657918, "median": 0.0196720771492, "min": 1.02204328146e-20, "var": 0.00216045207344}, "spectral_energyband_high": {"dmean": 7.89405457908e-05, "dmean2": 0.000113276255433, "dvar": 1.11068331421e-07, "dvar2": 2.4660258191e-07, "max": 0.0120875826105, "mean": 9.78384050541e-05, "median": 1.32389186547e-05, "min": 7.1107838188e-21, "var": 1.42777352607e-07}, "spectral_energyband_low": {"dmean": 0.0141502423212, "dmean2": 0.0225687790662, "dvar": 0.00108031649143, "dvar2": 0.00254278676584, "max": 0.393076270819, "mean": 0.0207404233515, "median": 0.00760291656479, "min": 1.19200432653e-23, "var": 0.00150159106124}, "spectral_energyband_middle_high": {"dmean": 0.000719588482752, "dmean2": 0.000988999614492, "dvar": 1.06889692688e-05, "dvar2": 1.81098857865e-05, "max": 0.121379889548, "mean": 0.00163962517399, "median": 0.000319156155456, "min": 1.22298532397e-21, "var": 3.88895023207e-05}, "spectral_energyband_middle_low": {"dmean": 0.00490232743323, "dmean2": 0.00773842353374, "dvar": 7.50788894948e-05, "dvar2": 0.000178677059012, "max": 0.130479216576, "mean": 0.0145297972485, "median": 0.00880442932248, "min": 1.55291813032e-22, "var": 0.000263255293248}, "spectral_entropy": {"dmean": 0.290202528238, "dmean2": 0.423315942287, "dvar": 0.0932079106569, "dvar2": 0.189944624901, "max": 9.82321357727, "mean": 6.50098896027, "median": 6.41141033173, "min": 4.76611852646, "var": 0.470647990704}, "spectral_flux": {"dmean": 0.0355734191835, "dmean2": 0.0554019249976, "dvar": 0.00300223287195, "dvar2": 0.00614479277283, "max": 0.618230879307, "mean": 0.0791007354856, "median": 0.0536823421717, "min": 6.1620625269e-11, "var": 0.0060287178494}, "spectral_kurtosis": {"dmean": 6.40272378922, "dmean2": 10.0005474091, "dvar": 54.1004333496, "dvar2": 126.161911011, "max": 92.1896133423, "mean": 16.2396850586, "median": 13.0489244461, "min": -1.25521636009, "var": 154.214859009}, "spectral_rms": {"dmean": 0.00111283618025, "dmean2": 0.00167791848071, "dvar": 2.99490056932e-06, "dvar2": 6.13670408711e-06, "max": 0.0208848211914, "mean": 0.00495528522879, "median": 0.00438089855015, "min": 3.15771345703e-12, "var": 9.81339144346e-06}, "spectral_rolloff": {"dmean": 116.666526794, "dmean2": 202.018371582, "dvar": 219691.6875, "dvar2": 486635.4375, "max": 19767.4804688, "mean": 628.862426758, "median": 344.53125, "min": 64.599609375, "var": 3992965.25}, "spectral_skewness": {"dmean": 0.572546124458, "dmean2": 0.87492442131, "dvar": 0.336016535759, "dvar2": 0.74021166563, "max": 7.68978977203, "mean": 3.09871196747, "median": 2.97573852539, "min": -0.169173002243, "var": 1.3159