{"lowlevel": {"average_loudness": 0.655323982239, "barkbands": {"dmean": [1.76501926035e-05, 0.00109989906196, 0.00120173324831, 0.00145657977555, 0.0010536207119, 0.000446211139206, 0.000392755930079, 0.000286930589937, 0.000387292762753, 0.000661959522404, 0.000369678164134, 0.000349398789695, 0.000426025479101, 0.000387341948226, 0.000601109175477, 0.000461842661025, 0.000309846829623, 0.000383208302082, 0.000369696499547, 0.000190243503312, 9.75092698354e-05, 8.60088402987e-05, 5.24690804014e-05, 4.586520663e-05, 3.6753652239e-05, 1.42738517752e-05, 7.00740940829e-07], "dmean2": [2.95938953059e-05, 0.00193798542023, 0.00218231370673, 0.00236484105699, 0.00178506609518, 0.000681662291754, 0.00060904037673, 0.000429981853813, 0.00058427802287, 0.000998985487968, 0.000560392334592, 0.000542911933735, 0.000671157846227, 0.000603318505455, 0.000955649942625, 0.000722769415006, 0.000498700770549, 0.000632737181149, 0.000607902300544, 0.000317366444506, 0.000160443189088, 0.000140163741889, 7.86177406553e-05, 6.67554122629e-05, 5.51676566829e-05, 2.0115136067e-05, 1.15800764888e-06], "dvar": [1.36384015192e-09, 7.5900838965e-06, 1.38869572766e-05, 1.64245666383e-05, 7.5087341429e-06, 5.69921212445e-07, 6.56371071273e-07, 5.37503183295e-07, 2.85114356302e-06, 5.89367118664e-06, 1.76028845544e-06, 1.0561345789e-06, 1.32810794184e-06, 1.20688389416e-06, 3.25352516484e-06, 1.59643980169e-06, 3.79916173188e-07, 4.92017818488e-07, 6.95891174018e-07, 1.60755334377e-07, 6.47666738018e-08, 6.15993798192e-08, 2.78591549829e-08, 2.7548013648e-08, 2.39498092469e-08, 2.31752905755e-09, 4.66001412805e-12], "dvar2": [3.48995232713e-09, 2.14526608033e-05, 4.00544049626e-05, 3.9013721107e-05, 2.02970077225e-05, 1.27953660467e-06, 1.51344670485e-06, 1.17824083645e-06, 5.7712763919e-06, 1.14788181236e-05, 3.54845496986e-06, 2.38561642618e-06, 3.20043795909e-06, 2.58681279774e-06, 7.54270013203e-06, 3.72454928765e-06, 9.47444220856e-07, 1.2988114122e-06, 1.83501094853e-06, 4.36272387105e-07, 1.69045378584e-07, 1.55607551733e-07, 5.55142030123e-08, 5.49585124077e-08, 5.29643102709e-08, 4.28377244788e-09, 1.19348662897e-11], "max": [0.000634064548649, 0.0564182549715, 0.0917612165213, 0.0577905699611, 0.0536268502474, 0.018668435514, 0.0215365644544, 0.0213954523206, 0.105932638049, 0.108507685363, 0.0400271788239, 0.0356492996216, 0.0458212792873, 0.0420332439244, 0.060434717685, 0.0366271883249, 0.0141016095877, 0.0158504806459, 0.0253156516701, 0.00848487578332, 0.00590098462999, 0.00859040487558, 0.00593200372532, 0.00562099460512, 0.00496022030711, 0.00320387794636, 8.39273343445e-05], "mean": [2.5119719794e-05, 0.00169067329261, 0.00158238469157, 0.0015489787329, 0.00158124556765, 0.000916231598239, 0.000734124565497, 0.000491727434564, 0.000605898618232, 0.00104995153379, 0.000497089175042, 0.000532634905539, 0.000680937024299, 0.000599337043241, 0.000939208723139, 0.000747508252971, 0.000560288899578, 0.000702781835571, 0.000623358471785, 0.000328308757162, 0.000152725580847, 0.000136580885737, 9.09962618607e-05, 7.58863025112e-05, 5.56972736376e-05, 2.80613385257e-05, 8.42534632284e-07], "median": [1.06564648377e-05, 0.00120242510457, 0.000781940179877, 0.000429178937338, 0.000826000061352, 0.00053727417253, 0.000345817505149, 0.00021146517247, 0.000173284177436, 0.000197158224182, 9.68879467109e-05, 0.000149749830598, 0.000197480781935, 0.000212450817344, 0.000273275130894, 0.000307067675749, 0.00026698037982, 0.00039605749771, 0.000262009736616, 0.000159611459821, 6.34636817267e-05, 4.16551774833e-05, 2.33496084547e-05, 2.03695963137e-05, 1.36211456265e-05, 5.66654125578e-06, 4.07803035785e-08], "min": [5.4825860523e-24, 2.24593590654e-23, 1.48153442255e-23, 3.21568387951e-23, 3.1377958558e-23, 4.12872947724e-23, 5.65884132324e-23, 4.98234253103e-24, 6.08715934707e-23, 3.66199708276e-23, 8.79753332503e-23, 7.27634886012e-23, 8.59414731318e-23, 1.70360394229e-22, 5.25436520032e-23, 6.7580836537e-23, 1.72884698639e-22, 2.01770550934e-22, 1.96881203665e-22, 5.10407444988e-22, 3.39076802332e-22, 6.33510438803e-22, 8.20950706616e-22, 8.12161559198e-22, 1.21589128086e-21, 1.94403236314e-21, 2.58827580361e-21], "var": [1.7160703969e-09, 6.60233763483e-06, 9.72114867182e-06, 1.73923963303e-05, 7.60413013268e-06, 1.54736903824e-06, 1.40907900459e-06, 1.00740567177e-06, 5.56945133212e-06, 1.3914768715e-05, 2.90323941954e-06, 2.02751903089e-06, 2.8333456612e-06, 2.65371136265e-06, 6.4990813371e-06, 2.78044626612e-06, 7.89856812844e-07, 9.62365902524e-07, 1.26794782318e-06, 2.81875060182e-07, 7.71312329562e-08, 8.59615525428e-08, 6.08697803273e-08, 5.28468326877e-08, 3.72069841603e-08, 6.50934284252e-09, 7.15561377512e-12]}, "barkbands_crest": {"dmean": 2.3277463913, "dmean2": 3.77333569527, "dvar": 4.90790987015, "dvar2": 12.3779582977, "max": 26.2184410095, "mean": 8.25832366943, "median": 7.26333999634, "min": 2.08642315865, "var": 15.5948572159}, "barkbands_flatness_db": {"dmean": 0.0165386125445, "dmean2": 0.0253446996212, "dvar": 0.000246799085289, "dvar2": 0.000560329586733, "max": 0.396504104137, "mean": 0.117457158864, "median": 0.108512446284, "min": 0.0269240364432, "var": 0.00223484844901}, "barkbands_kurtosis": {"dmean": 1.20746171474, "dmean2": 1.87833964825, "dvar": 7.14713144302, "dvar2": 13.2838716507, "max": 208.234634399, "mean": 0.833117008209, "median": -0.350987255573, "min": -1.8827739954, "var": 22.0899276733}, "barkbands_skewness": {"dmean": 0.413702040911, "dmean2": 0.630503535271, "dvar": 0.174733966589, "dvar2": 0.379834145308, "max": 13.7639846802, "mean": 0.729716718197, "median": 0.620420694351, "min": -3.25490164757, "var": 1.06596255302}, "barkbands_spread": {"dmean": 5.41287660599, "dmean2": 8.3473777771, "dvar": 36.0554885864, "dvar2": 77.7706756592, "max": 105.945411682, "mean": 28.9461250305, "median": 28.6497268677, "min": 0.980013906956, "var": 158.114349365}, "dissonance": {"dmean": 0.0134092466906, "dmean2": 0.022411974147, "dvar": 0.000209425939829, "dvar2": 0.00055869796779, "max": 0.500000059605, "mean": 0.473326027393, "median": 0.480128824711, "min": 0.227808564901, "var": 0.000559225911275}, "dynamic_complexity": 4.59881687164, "erbbands": {"dmean": [0.0233761835843, 0.290066987276, 1.1744915247, 3.18280529976, 4.20405244827, 3.53144550323, 3.30362391472, 4.32461690903, 5.67035961151, 4.93689966202, 5.94943284988, 9.29229259491, 16.3291568756, 18.9098320007, 14.1426887512, 13.9983139038, 17.9385871887, 19.0449714661, 30.0637664795, 23.5883464813, 21.0610790253, 15.104391098, 20.1510944366, 21.0100536346, 13.6780900955, 9.48500919342, 5.04920339584, 3.43082308769, 3.08157348633, 2.23076200485, 1.41476237774, 1.04207444191, 0.75812625885, 0.517983198166, 0.213232278824, 0.0772461742163, 0.0245959199965, 0.00419889390469, 8.38599444251e-05, 9.3374737844e-06], "dmean2": [0.0402158051729, 0.515789091587, 2.13270187378, 5.37407112122, 6.83614635468, 5.92905807495, 5.19917869568, 6.57716798782, 8.72726917267, 7.60420656204, 8.93899822235, 13.9227590561, 24.2897109985, 28.3583564758, 22.0626602173, 21.8895320892, 28.2463035583, 29.4769439697, 47.2930335999, 37.4090538025, 32.9620056152, 24.1915245056, 33.190662384, 34.644733429, 22.5797252655, 15.8032722473, 8.39391517639, 5.68191719055, 5.07237768173, 3.50981283188, 2.12415194511, 1.53328430653, 1.10595595837, 0.778530359268, 0.323706060648, 0.112358354032, 0.0356404855847, 0.00622970797122, 0.000123282137793, 1.41960517794e-05], "dvar": [0.00276352837682, 0.573246240616, 12.9328746796, 60.17445755, 177.206771851, 67.5720367432, 34.040271759, 60.9691581726, 129.717254639, 137.224899292, 238.072463989, 1823.17871094, 5122.06152344, 4957.59570313, 2085.46264648, 1509.69311523, 2393.90161133, 2219.36450195, 7979.6171875, 5501.93847656, 3008.58911133, 867.127258301, 1508.53747559, 1896.3067627, 1089.20715332, 458.43182373, 174.967254639, 79.929397583, 79.4048614502, 49.2227287292, 21.1062450409, 12.8113126755, 7.87725639343, 4.97150945663, 0.862121522427, 0.0884980410337, 0.00701209483668, 0.000150979540194, 5.69475311352e-08, 2.7292018645e-10], "dvar2": [0.0076524624601, 1.63029682636, 37.051410675, 152.809539795, 434.42401123, 183.215866089, 78.7409210205, 136.61265564, 291.067962646, 324.292755127, 523.469299316, 3786.35327148, 9590.62792969, 11459.296875, 4626.43994141, 3653.01147461, 5576.93310547, 5063.4453125, 17626.953125, 13676.9013672, 7091.47998047, 2189.67480469, 3916.29174805, 4991.86767578, 2958.07177734, 1269.37084961, 457.474761963, 214.140731812, 203.939651489, 113.420608521, 40.9514350891, 24.2425441742, 15.975353241, 10.9679336548, 2.01781892776, 0.186092093587, 0.0137097425759, 0.000305506546283, 1.13220615106e-07, 6.19730211593e-10], "max": [0.751915752888, 16.3590259552, 84.0994720459, 156.16456604, 258.867767334, 174.149902344, 214.135681152, 181.678497314, 312.160583496, 490.179473877, 459.716156006, 2706.94116211, 3632.66601563, 2292.59716797, 1482.53234863, 1634.32189941, 2546.67944336, 1547.16760254, 3426.67822266, 2081.17871094, 1737.33874512, 641.27142334, 1121.59399414, 1241.44372559, 1069.11352539, 506.912078857, 294.628479004, 205.762527466, 269.035888672, 291.427185059, 162.842025757, 145.215332031, 112.280136108, 74.4064102173, 34.0981636047, 20.86977005, 3.82555150986, 0.558689415455, 0.0111573319882, 0.000440958334366], "mean": [0.0408208407462, 0.42199960351, 1.60283923149, 3.78768277168, 4.7921423912, 5.62129545212, 6.26812314987, 8.6315164566, 11.002655983, 9.60083866119, 10.1148233414, 15.1726512909, 26.5588474274, 29.9569854736, 22.6236305237, 23.4664077759, 30.4409542084, 32.2336387634, 49.6869430542, 42.0680046082, 38.3496284485, 30.0397930145, 38.6588745117, 38.488243103, 24.3867034912, 16.3576698303, 7.94927406311, 5.39048480988, 4.95153713226, 3.55193805695, 2.47425317764, 1.76839411259, 1.20594537258, 0.745047688484, 0.330847352743, 0.135136365891, 0.047729164362, 0.00795283075422, 0.000166875412106, 2.73244495475e-05], "median": [0.0287386849523, 0.284246504307, 0.856369972229, 1.6548705101, 1.64591038227, 2.82751369476, 3.5252263546, 4.30214881897, 5.39125967026, 5.07299661636, 4.706199646, 4.98286437988, 6.20332622528, 6.16417884827, 5.41933345795, 7.84341239929, 10.3275671005, 13.2875843048, 16.6379451752, 16.5975914001, 17.9419937134, 16.2295837402, 21.9248065948, 19.7200584412, 10.8674850464, 7.91123485565, 3.35214519501, 2.32816028595, 1.62094604969, 0.876845598221, 0.659082889557, 0.455777645111, 0.310323834419, 0.17948448658, 0.0742915421724, 0.0298638902605, 0.00887903477997, 0.00104436953552, 3.47642489942e-05, 2.17826600419e-05], "min": [1.01969750952e-21, 3.80637256286e-21, 1.9822005284e-20, 6.95969798745e-20, 6.08358770296e-20, 9.95952211637e-20, 3.19140187297e-19, 3.0311392482e-19, 7.84320507608e-19, 5.43717655654e-19, 2.78112468354e-19, 9.66666941875e-19, 1.45777420451e-18, 2.49287173051e-18, 3.37460924716e-18, 3.06595858891e-18, 4.03442371804e-18, 6.44782448479e-18, 6.19967940001e-18, 3.99994558933e-18, 4.90944680286e-18, 9.22075351452e-18, 7.36130112833e-18, 1.08776533569e-17, 1.37631753165e-17, 2.69786346448e-17, 1.63737457492e-17, 1.46638161849e-17, 2.42503729545e-17, 2.28078162883e-17, 2.35399687378e-17, 1.48479101933e-17, 1.53361121908e-17, 1.39584015216e-17, 8.10649242575e-18, 5.17584900453e-18, 4.06590703933e-18, 1.52028279583e-18, 3.5523959e-19, 4.04743028014e-20], "var": [0.002903732704, 0.470891416073, 9.27768802643, 58.9239234924, 178.072113037, 85.1989212036, 80.6956710815, 172.371383667, 306.730133057, 263.008911133, 408.912597656, 3187.11376953, 12929.0654297, 10666.6484375, 4568.82275391, 3096.76635742, 5294.265625, 4678.42041016, 17757.9511719, 11786.5898438, 5686.4140625, 1909.01013184, 3056.02856445, 3800.6730957, 1868.72021484, 775.975830078, 212.646453857, 90.7767105103, 107.689979553, 78.4319763184, 46.7210731506, 26.5200824738, 14.85060215, 7.27602338791, 1.33635306358, 0.188137978315, 0.0181955732405, 0.000412520690588, 1.60035909857e-07, 7.23377469036e-10]}, "erbbands_crest": {"dmean": 2.74174499512, "dmean2": 4.40236711502, "dvar": 7.74506759644, "dvar2": 18.7960567474, "max": 31.3490104675, "mean": 9.05642986298, "median": 7.6611366272, "min": 2.07147502899, "var": 22.5928096771}, "erbbands_flatness_db": {"dmean": 0.0158435832709, "dmean2": 0.0232116989791, "dvar": 0.000245487841312, "dvar2": 0.000502696202602, "max": 0.407633423805, "mean": 0.167534917593, "median": 0.161896973848, "min": 0.0280908606946, "var": 0.00256215897389}, "erbbands_kurtosis": {"dmean": 0.898338377476, "dmean2": 1.43234419823, "dvar": 1.74280261993, "dvar2": 4.2625336647, "max": 28.8446578979, "mean": 0.464240908623, "median": -0.080162614584, "min": -1.84800636768, "var": 3.98248100281}, "erbbands_skewness": {"dmean": 0.351232945919, "dmean2": 0.531911730766, "dvar": 0.112533025444, "dvar2": 0.246993094683, "max": 5.03028917313, "mean": -0.249822795391, "median": -0.283669114113, "min": -4.63977050781, "var": 0.577594637871}, "erbbands_spread": {"dmean": 6.65835475922, "dmean2": 10.2167072296, "dvar": 49.5822143555, "dvar2": 108.208282471, "max": 140.807861328, "mean": 33.4421730042, "median": 30.6832618713, "min": 2.50328636169, "var": 256.053192139}, "gfcc": {"cov": [[17783.9140625, -675.942016602, -181.878967285, 933.835388184, -149.613952637, 520.902832031, -134.2865448, 267.078308105, -272.371154785, 178.501586914, -240.326339722, 135.156524658, -442.874694824], [-675.942016602, 1492.75598145, -407.935577393, -5.91741085052, 244.766845703, -243.822616577, 187.201477051, -102.053367615, 139.011657715, -110.423728943, 109.401039124, -129.475585938, 112.616905212], [-181.878967285, -407.935577393, 902.151123047, 51.9845085144, -107.355285645, 143.115631104, -122.590103149, 64.6920013428, -25.0216903687, 66.1975021362, -77.0333480835, 89.3295059204, -76.043006897], [933.835388184, -5.91741085052, 51.9845085144, 447.072814941, 45.4434432983, 72.2507019043, 44.7934761047, -10.680100441, 72.9849090576, -14.9700527191, 4.54889154434, -0.00911604519933, -1.56263887882], [-149.613952637, 244.766845703, -107.355285645, 45.4434432983, 320.166137695, -51.0778121948, 98.1488494873, 28.659330368, 25.7612934113, 3.88131833076, 5.06588554382, -11.4139165878, 4.08027362823], [520.902832031, -243.822616577, 143.115631104, 72.2507019043, -51.0778121948, 223.932189941, 36.2606315613, 18.8579483032, -18.5546035767, 8.93301200867, 6.3076710701, 16.7654685974, -37.4784202576], [-134.2865448, 187.201477051, -122.590103149, 44.7934761047, 98.1488494873, 36.2606315613, 215.2943573, 7.71842861176, 26.4881095886, -19.5800361633, 32.9366912842, -23.9081726074, 4.313185215], [267.078308105, -102.053367615, 64.6920013428, -10.680100441, 28.659330368, 18.8579483032, 7.71842861176, 128.902801514, 13.1620206833, 17.9478931427, -15.5464439392, 8.42381763458, -11.6193180084], [-272.371154785, 139.011657715, -25.0216903687, 72.9849090576, 25.7612934113, -18.5546035767, 26.4881095886, 13.1620206833, 133.660736084, 3.28710579872, 15.9602031708, -9.63571357727, 15.5039949417], [178.501586914, -110.423728943, 66.1975021362, -14.9700527191, 3.88131833076, 8.93301200867, -19.5800361633, 17.9478931427, 3.28710579872, 89.1621322632, 8.86470413208, 20.7583026886, -28.331823349], [-240.326339722, 109.401039124, -77.0333480835, 4.54889154434, 5.06588554382, 6.3076710701, 32.9366912842, -15.5464439392, 15.9602031708, 8.86470413208, 107.613578796, 3.0433049202, 11.5311546326], [135.156524658, -129.475585938, 89.3295059204, -0.00911604519933, -11.4139165878, 16.7654685974, -23.9081726074, 8.42381763458, -9.63571357727, 20.7583026886, 3.0433049202, 92.5393066406, -8.49409675598], [-442.874694824, 112.616905212, -76.043006897, -1.56263887882, 4.08027362823, -37.4784202576, 4.313185215, -11.6193180084, 15.5039949417, -28.331823349, 11.5311546326, -8.49409675598, 99.2848358154]], "icov": [[0.00012948543008, -0.000221928901738, 0.000276610895526, -0.000410632696003, 0.000218549059355, -0.00037683697883, 0.000262857152848, -0.000487543060444, 0.000536418461706, -0.0004438762262, 0.000503530551214, -0.000373103335733, 0.000514175568242], [-0.000221928901738, 0.00199634837918, -0.000691618653946, 0.000972253736109, -0.00118426466361, 0.00203262059949, -0.00129040516913, 0.00190193182789, -0.0021023589652, 0.00219965004362, -0.00224337121472, 0.00200760806911, -0.00128589395899], [0.000276610895526, -0.000691618653946, 0.00232447450981, -0.00108870002441, 0.000797430227976, -0.00190297944937, 0.00142048986163, -0.00168057379778, 0.00121358328033, -0.00178786879405, 0.00227760290727, -0.00205017556436, 0.00163243059069], [-0.000410632696003, 0.000972253736109, -0.00108870002441, 0.00417385343462, -0.00140712992288, 0.000269299227512, -0.000989936408587, 0.00245672883466, -0.0036374644842, 0.00231842836365, -0.00166165665723, 0.00131148949731, -0.00167785829399], [0.000218549059355, -0.00118426466361, 0.000797430227976, -0.00140712992288, 0.00500594777986, 0.000191981976968, -0.00122229312547, -0.00238514645025, 0.00169783260208, -0.00225049653091, 0.00194412772544, -0.00152655609418, 0.00128375459462], [-0.00037683697883, 0.00203262059949, -0.00190297944937, 0.000269299227512, 0.000191981976968, 0.00891710352153, -0.00364278000779, 0.00140065944288, -0.00106372230221, 0.00259733409621, -0.00357919954695, 0.00197055190802, -0.000267862080364], [0.000262857152848, -0.00129040516913, 0.00142048986163, -0.000989936408587, -0.00122229312547, -0.00364278000779, 0.00792747735977, -0.00186542281881, 0.000778119370807, -0.000244482071139, 0.000287631177343, -0.00056505727116, 0.0015479978174], [-0.000487543060444, 0.00190193182789, -0.00168057379778, 0.00245672883466, -0.00238514645025, 0.00140065944288, -0.00186542281881, 0.0115049285814, -0.00421104859561, 0.00137035979424, -0.00138172029983, 0.00202122377232, -0.002144345548], [0.000536418461706, -0.0021023589652, 0.00121358328033, -0.0036374644842, 0.00169783260208, -0.00106372230221, 0.000778119370807, -0.00421104859561, 0.0123699074611, -0.00400895951316, 0.00190683209803, -0.0016745175235, 0.00121138582472], [-0.0004438762262, 0.00219965004362, -0.00178786879405, 0.00231842836365, -0.00225049653091, 0.00259733409621, -0.000244482071139, 0.00137035979424, -0.00400895951316, 0.0171153396368, -0.00538439769298, 0.000585138855968, 0.0016215427313], [0.000503530551214, -0.00224337121472, 0.00227760290727, -0.00166165665723, 0.00194412772544, -0.00357919954695, 0.000287631177343, -0.00138172029983, 0.00190683209803, -0.00538439769298, 0.0143878497183, -0.00395413441584, 0.00106020702515], [-0.000373103335733, 0.00200760806911, -0.00205017556436, 0.00131148949731, -0.00152655609418, 0.00197055190802, -0.00056505727116, 0.00202122377232, -0.0016745175235, 0.000585138855968, -0.00395413441584, 0.0148807335645, -0.00226260651834], [0.000514175568242, -0.00128589395899, 0.00163243059069, -0.00167785829399, 0.00128375459462, -0.000267862080364, 0.0015479978174, -0.002144345548, 0.00121138582472, 0.0016215427313, 0.00106020702515, -0.00226260651834, 0.0145328110084]], "mean": [-33.3611946106, 87.9647979736, -136.48651123, 35.0083618164, -48.0460014343, 7.22374248505, -42.1037025452, 10.5971889496, -25.6808223724, 3.27750658989, -14.6841430664, 0.270485788584, -12.0795764923]}, "hfc": {"dmean": 6.42901182175, "dmean2": 9.85577297211, "dvar": 105.614082336, "dvar2": 253.858566284, "max": 165.473876953, "mean": 20.0853424072, "median": 15.1484031677, "min": 1.26873610863e-16, "var": 376.822601318}, "melbands": {"dmean": [0.000258673069766, 0.000527291093022, 0.000600733910687, 0.000259684893535, 0.000121589131595, 9.24203850445e-05, 8.64596368046e-05, 5.49096221221e-05, 4.72761057608e-05, 6.23809319222e-05, 8.41393120936e-05, 7.9854435171e-05, 4.54710570921e-05, 4.06309009122e-05, 3.31253104378e-05, 4.52201675216e-05, 3.79305893148e-05, 4.87676225021e-05, 3.87758154829e-05, 3.55033698725e-05, 2.42575679295e-05, 1.69895301951e-05, 2.02517985599e-05, 1.86794914043e-05, 1.89680322364e-05, 1.27400899146e-05, 8.23681511974e-06, 6.16516126684e-06, 3.67723032468e-06, 2.25914982366e-06, 2.05290371014e-06, 1.93453433894e-06, 1.57776776177e-06, 1.16638432246e-06, 8.3358639813e-07, 8.2925521383e-07, 6.2851711391e-07, 5.99866893936e-07, 4.8167822797e-07, 4.2560495217e-07], "dmean2": [0.000451063970104, 0.000956843025051, 0.000991437584162, 0.000429474195698, 0.000193558793399, 0.00014106562594, 0.000132933069835, 8.42466688482e-05, 7.13750414434e-05, 9.34834970394e-05, 0.000125103717437, 0.000120173113828, 6.97670620866e-05, 6.31332077319e-05, 5.14914208907e-05, 7.17628281564e-05, 5.86608111917e-05, 7.61434421293e-05, 6.09622948105e-05, 5.56140075787e-05, 3.8260819565e-05, 2.73261957773e-05, 3.34495052812e-05, 3.06181100314e-05, 3.13992568408e-05, 2.10279504245e-05, 1.35935388244e-05, 1.03561633296e-05, 6.17960267846e-06, 3.74814021598e-06, 3.43021201843e-06, 3.22151095133e-06, 2.58679665421e-06, 1.83327017567e-06, 1.2742805211e-06, 1.24580276406e-06, 9.42622193634e-07, 8.97909046671e-07, 7.23778782685e-07, 6.47600813863e-07], "dvar": [3.82005254096e-07, 2.51651272265e-06, 2.40799681706e-06, 5.23584503753e-07, 4.48110775153e-08, 2.60847698996e-08, 2.98039530833e-08, 1.87244317829e-08, 1.64659361701e-08, 8.70063487923e-08, 1.35534975243e-07, 8.52997175116e-08, 2.11721111754e-08, 1.45149927633e-08, 6.9485084353e-09, 1.77237566845e-08, 1.04813953072e-08, 1.95881764142e-08, 1.46213858798e-08, 9.87353221404e-09, 3.88206577995e-09, 1.22385246382e-09, 1.7671325514e-09, 1.21010845788e-09, 1.69337965872e-09, 1.20954479765e-09, 2.61067611973e-10, 2.04388728164e-10, 9.160501524e-11, 3.61038213215e-11, 2.94368175668e-11, 2.87436654339e-11, 2.52945893398e-11, 1.4001901201e-11, 7.86270874797e-12, 7.57096208642e-12, 5.39477794034e-12, 5.40790285816e-12, 3.41661833374e-12, 3.43581023007e-12], "dvar2": [1.07383948489e-06, 7.19277522876e-06, 5.8938753682e-06, 1.34304946187e-06, 1.11372983724e-07, 5.90626108021e-08, 6.72625333209e-08, 4.29400905944e-08, 3.56270604129e-08, 1.77004636726e-07, 2.51137777241e-07, 1.98371097326e-07, 4.50875958791e-08, 3.21099626888e-08, 1.62775855017e-08, 4.40008633973e-08, 2.34075496763e-08, 4.2134992384e-08, 3.48995108368e-08, 2.33818973072e-08, 9.14893227844e-09, 3.0813187557e-09, 4.67162086792e-09, 3.10996783881e-09, 4.42951852975e-09, 3.2346265666e-09, 6.97178037523e-10, 5.63576907364e-10, 2.47130899078e-10, 9.50910947206e-11, 7.98941537927e-11, 7.49418374579e-11, 6.38271172027e-11, 3.15302853271e-11, 1.58780887743e-11, 1.5738622211e-11, 1.09233160711e-11, 1.19382967054e-11, 6.74034959791e-12, 7.67921663758e-12], "max": [0.0113710733131, 0.0384589843452, 0.0232401899993, 0.0144052123651, 0.00594354886562, 0.00351967290044, 0.00437364261597, 0.00574433291331, 0.0048516006209, 0.0193639565259, 0.0188981853426, 0.00871334876865, 0.00372501090169, 0.00481676356867, 0.00311262975447, 0.00431588524953, 0.00354231637903, 0.0058061867021, 0.0030682424549, 0.00337612768635, 0.00195103418082, 0.000820990186185, 0.00113834312651, 0.000853623612784, 0.00118418491911, 0.000921547645703, 0.000367251137504, 0.000328894995619, 0.000209677542443, 0.000132663990371, 0.000134103189339, 0.000147022205056, 0.000203453237191, 0.000141068041557, 0.000112116918899, 8.78215796547e-05, 0.000101906662167, 9.42911137827e-05, 7.13938788977e-05, 6.25394532108e-05], "mean": [0.00042482779827, 0.000752067775466, 0.000709275598638, 0.000363497150829, 0.000233727318118, 0.000184120784979, 0.000167729653185, 0.0001045272802, 7.80541522545e-05, 9.84739963314e-05, 0.000133319670567, 0.000123488600366, 6.72812602716e-05, 6.58392746118e-05, 5.39397879038e-05, 7.14138441253e-05, 5.83074725e-05, 7.73030769778e-05, 6.14694799879e-05, 5.77987993893e-05, 4.11640467064e-05, 3.02134849335e-05, 3.45359803759e-05, 3.34233918693e-05, 3.18176535075e-05, 1.9554328901e-05, 1.43525148815e-05, 9.71928784566e-06, 5.33209413334e-06, 3.27090970131e-06, 3.04998297906e-06, 2.91642572847e-06, 2.41957968683e-06, 1.76974594979e-06, 1.38049290399e-06, 1.36635719628e-06, 9.76934984465e-07, 8.93950357295e-07, 7.21216622424e-07, 5.86431838201e-07], "median": [0.00031133077573, 0.000494574720506, 0.000304171990138, 0.000162462485605, 0.000138264527777, 9.630068962e-05, 8.16255123937e-05, 5.37434316357e-05, 3.41450831911e-05, 2.80766071228e-05, 2.9034428735e-05, 2.15488726099e-05, 1.39187013701e-05, 1.85887292901e-05, 1.89315978787e-05, 2.061467967e-05, 2.02224691748e-05, 2.40771514655e-05, 1.88431040442e-05, 2.19747817027e-05, 1.7807687982e-05, 1.50884643517e-05, 1.67442049133e-05, 1.88933245227e-05, 1.4603649106e-05, 6.81114443069e-06, 7.02612715031e-06, 4.23159144702e-06, 2.00332215172e-06, 1.33058006213e-06, 1.26148665913e-06, 9.45779106587e-07, 6.07644324191e-07, 4.23332210175e-07, 3.69644624243e-07, 3.17192643706e-07, 2.46434638029e-07, 2.11311729004e-07, 1.81603894589e-07, 1.28999857907e-07], "min": [7.48302647298e-24, 7.7014991341e-24, 1.15948400903e-23, 4.30322440507e-24, 1.02427096218e-23, 7.82629535158e-24, 1.1731794232e-23, 4.59652841165e-24, 3.20565560358e-24, 7.04515739463e-24, 7.03140912677e-24, 9.09548182908e-24, 1.1000995856e-23, 9.5156654348e-24, 5.96580713853e-24, 1.05822006455e-23, 1.21412327634e-23, 1.22356933347e-23, 4.04109736475e-24, 5.33833613046e-24, 6.54431552236e-24, 9.76207008285e-24, 7.48840413777e-24, 8.23837656695e-24, 8.42619093785e-24, 9.17373525316e-24, 1.31312744987e-23, 1.77514860924e-23, 1.19754394446e-23, 5.8024048572e-24, 9.44027636467e-24, 1.26480940388e-23, 1.32168722178e-23, 1.33799013679e-23, 1.47720199846e-23, 9.86522074596e-24, 8.94685333479e-24, 1.14951817144e-23, 9.75983129561e-24, 1.28918844018e-23], "var": [3.55661683216e-07, 1.82523376679e-06, 2.48647188528e-06, 5.48868172245e-07, 9.80313572541e-08, 7.20965047663e-08, 7.02966644894e-08, 3.65417207604e-08, 2.84137318118e-08, 1.59682485901e-07, 3.41613230148e-07, 1.85262877039e-07, 4.20106545107e-08, 3.17514086134e-08, 1.4162716333e-08, 3.35876855218e-08, 2.15260911318e-08, 4.45047376729e-08, 2.7878275688e-08, 2.03001011556e-08, 7.05810077051e-09, 2.40867259471e-09, 2.98363578288e-09, 2.39079067654e-09, 3.18482129558e-09, 1.8116047551e-09, 5.08111608344e-10, 3.23973126104e-10, 1.08351091987e-10, 3.97219271364e-11, 3.1610051382e-11, 3.68443921206e-11, 3.53646244233e-11, 2.21850003645e-11, 1.60246555608e-11, 1.56760941034e-11, 9.49170343018e-12, 8.4615665169e-12, 6.58789602731e-12, 4.82382840269e-12]}, "melbands_crest": {"dmean": 3.03687977791, "dmean2": 4.94272613525, "dvar": 9.69538021088, "dvar2": 23.6074066162, "max": 39.4726676941, "mean": 11.807015419, "median": 10.6425943375, "min": 1.88150787354, "var": 25.9408493042}, "melbands_flatness_db": {"dmean": 0.0194758735597, "dmean2": 0.0302602183074, "dvar": 0.000385752849979, "dvar2": 0.000926451059058, "max": 0.526543080807, "mean": 0.162559181452, "median": 0.154717057943, "min": 0.00464872876182, "var": 0.0029379662592}, "melbands_kurtosis": {"dmean": 3.13524723053, "dmean2": 4.98975610733, "dvar": 38.904045105, "dvar2": 89.3460998535, "max": 351.653625488, "mean": 5.21005535126, "median": 2.2740240097, "min": -1.85055112839, "var": 101.94934082}, "melbands_skewness": {"dmean": 0.544758081436, "dmean2": 0.849065721035, "dvar": 0.352614194155, "dvar2": 0.850491762161, "max": 14.3039903641, "mean": 1.7583643198, "median": 1.59774971008, "min": -1.63939285278, "var": 1.60011792183}, "melbands_spread": {"dmean": 8.74248790741, "dmean2": 13.5615549088, "dvar": 108.480171204, "dvar2": 232.177383423, "max": 216.522232056, "mean": 38.0051460266, "median": 35.6607894897, "min": 0.783583521843, "var": 448.635009766}, "mfcc": {"cov": [[11472.8164063, -679.963500977, -170.352722168, 803.93560791, 107.499206543, 475.804138184, 289.362579346, 264.051147461, 42.0481185913, 184.088928223, 131.924804688, 3.60831713676, 96.9552764893], [-679.963500977, 1087.85778809, -271.694549561, 74.0331802368, 34.2574081421, -68.0796432495, 31.1628684998, -13.5969238281, 19.9422359467, 0.344745963812, 41.3601760864, 6.61466360092, -25.6131591797], [-170.352722168, -271.694549561, 774.861694336, -76.0099411011, 28.9250202179, 47.633895874, -77.7770767212, -1.38564181328, -5.13149690628, -29.0904502869, -5.07505273819, 20.696149826, 5.86994791031], [803.93560791, 74.0331802368, -76.0099411011, 361.595855713, 64.5817871094, 73.9904098511, 12.7704563141, 41.0471153259, 59.9069862366, 0.251582115889, 30.5332298279, 43.4797096252, 8.69443702698], [107.499206543, 34.2574081421, 28.9250202179, 64.5817871094, 167.109359741, -6.89645338058, -13.6280784607, 8.65484237671, 28.4589366913, 0.989875018597, 7.13693094254, 14.6660985947, -2.88797998428], [475.804138184, -68.0796432495, 47.633895874, 73.9904098511, -6.89645338058, 188.687484741, 42.1286010742, 43.8694076538, -2.38089799881, 5.37031126022, 28.1130409241, 9.69646549225, 14.0929317474], [289.362579346, 31.1628684998, -77.7770767212, 12.7704563141, -13.6280784607, 42.1286010742, 163.708938599, 38.0406532288, -6.90447616577, 26.8074054718, 20.2286052704, -17.8064689636, 7.63839244843], [264.051147461, -13.5969238281, -1.38564181328, 41.0471153259, 8.65484237671, 43.8694076538, 38.0406532288, 122.738380432, 27.4667377472, 19.3377971649, 14.6095495224, 2.90342450142, 10.7534246445], [42.0481185913, 19.9422359467, -5.13149690628, 59.9069862366, 28.4589366913, -2.38089799881, -6.90447616577, 27.4667377472, 114.934234619, 12.2756309509, 1.4848845005, 12.6245422363, -8.5239906311], [184.088928223, 0.344745963812, -29.0904502869, 0.251582115889, 0.989875018597, 5.37031126022, 26.8074054718, 19.3377971649, 12.2756309509, 105.7318573, 21.2754688263, -18.2049751282, 1.25985944271], [131.924804688, 41.3601760864, -5.07505273819, 30.5332298279, 7.13693094254, 28.1130409241, 20.2286052704, 14.6095495224, 1.4848845005, 21.2754688263, 97.2827301025, 28.1062526703, 3.29085755348], [3.60831713676, 6.61466360092, 20.696149826, 43.4797096252, 14.6660985947, 9.69646549225, -17.8064689636, 2.90342450142, 12.6245422363, -18.2049751282, 28.1062526703, 108.846000671, 21.7049255371], [96.9552764893, -25.6131591797, 5.86994791031, 8.69443702698, -2.88797998428, 14.0929317474, 7.63839244843, 10.7534246445, -8.5239906311, 1.25985944271, 3.29085755348, 21.7049255371, 75.1577911377]], "icov": [[0.000125352453324, 9.61909754551e-05, 2.56445619016e-05, -0.000268920499366, -3.37500168825e-05, -0.000128700630739, -0.000113837108074, -7.53057611291e-05, 9.91383640212e-05, -0.000150863372255, -3.93695590901e-05, 7.7657015936e-05, -6.15701937932e-05], [9.61909754551e-05, 0.00115302519407, 0.000346116430592, -0.000374363880837, -0.000204466385185, 0.000331108487444, -0.000256728701061, 5.44752256246e-05, 1.09108350443e-05, 8.96555793588e-05, -0.000571257260162, 7.939353236e-05, 0.000235301675275], [2.56445619016e-05, 0.000346116430592, 0.0016069279518, 0.000462203723146, -0.00047351498506, -0.000654633156955, 0.000724501209334, -0.000114569978905, -7.37712034606e-05, 0.000282715860521, -0.00016434994177, -0.00016932352446, -3.79510970561e-06], [-0.000268920499366, -0.000374363880837, 0.000462203723146, 0.00447775330395, -0.00116867932957, -0.00137937371619, 0.000441980577307, -0.000166908299434, -0.00176857993938, 0.000646822736599, -0.000232981998124, -0.0011097798124, -2.27892833209e-05], [-3.37500168825e-05, -0.000204466385185, -0.00047351498506, -0.00116867932957, 0.00684613408521, 0.000832185265608, 0.000335731630912, -0.000217746433918, -0.000905351247638, -0.000127366394736, -0.000190513004782, -0.000280161126284, 0.000238796972553], [-0.000128700630739, 0.000331108487444, -0.000654633156955, -0.00137937371619, 0.000832185265608, 0.00737356487662, -0.00134121684823, -0.00158260983881, 0.000843932270072, 0.000503768736962, -0.00139224552549, 0.000137011520565, -0.000389677064959], [-0.000113837108074, -0.000256728701061, 0.000724501209334, 0.000441980577307, 0.000335731630912, -0.00134121684823, 0.00791348796338, -0.00177661993075, 0.000596725556534, -0.00085215375293, -0.00102923891973, 0.00129094335716, -0.000579807790928], [-7.53057611291e-05, 5.44752256246e-05, -0.000114569978905, -0.000166908299434, -0.000217746433918, -0.00158260983881, -0.00177661993075, 0.0103285703808, -0.00246135680936, -0.000855787482578, -0.00036517821718, 0.000159738585353, -0.00115982280113], [9.91383640212e-05, 1.09108350443e-05, -7.37712034606e-05, -0.00176857993938, -0.000905351247638, 0.000843932270072, 0.000596725556534, -0.00246135680936, 0.0108668012545, -0.00160422769841, 0.000951745139901, -0.00119636021554, 0.00174783810508], [-0.000150863372255, 8.96555793588e-05, 0.000282715860521, 0.000646822736599, -0.000127366394736, 0.000503768736962, -0.00085215375293, -0.000855787482578, -0.00160422769841, 0.0113926148042, -0.00303579913452, 0.00256677879952, -0.000743295880966], [-3.93695590901e-05, -0.000571257260162, -0.00016434994177, -0.000232981998124, -0.000190513004782, -0.00139224552549, -0.00102923891973, -0.00036517821718, 0.000951745139901, -0.00303579913452, 0.013113155961, -0.00406522443518, 0.00106514885556], [7.7657015936e-05, 7.939353236e-05, -0.00016932352446, -0.0011097798124, -0.000280161126284, 0.000137011520565, 0.00129094335716, 0.000159738585353, -0.00119636021554, 0.00256677879952, -0.00406522443518, 0.0122347082943, -0.00365601852536], [-6.15701937932e-05, 0.000235301675275, -3.79510970561e-06, -2.27892833209e-05, 0.000238796972553, -0.000389677064959, -0.000579807790928, -0.00115982280113, 0.00174783810508, -0.000743295880966, 0.00106514885556, -0.00365601852536, 0.0149948839098]], "mean": [-665.652954102, 114.440620422, -21.9148635864, 25.9603824615, 10.4821500778, -0.334466546774, -1.43087089062, 1.03662383556, -4.15154933929, 0.943904817104, -0.161494597793, -2.54671192169, -2.7105474472]}, "pitch_salience": {"dmean": 0.06405839324, "dmean2": 0.104724615812, "dvar": 0.00340311718173, "dvar2": 0.0090309837833, "max": 0.891534805298, "mean": 0.567369759083, "median": 0.576894044876, "min": 0.0316273085773, "var": 0.0111551396549}, "silence_rate_20dB": {"dmean": 0, "dmean2": 0, "dvar": 0, "dvar2": 0, "max": 1, "mean": 1, "median": 1, "min": 1, "var": 0}, "silence_rate_30dB": {"dmean": 0.000802246271633, "dmean2": 0.00160462129861, "dvar": 0.000801707035862, "dvar2": 0.00240387069061, "max": 1, "mean": 0.999598920345, "median": 1, "min": 0, "var": 0.000400872901082}, "silence_rate_60dB": {"dmean": 0.0117127960548, "dmean2": 0.0234274715185, "dvar": 0.0115757584572, "dvar2": 0.0252860076725, "max": 1, "mean": 0.200946569443, "median": 0, "min": 0, "var": 0.160583347082}, "spectral_centroid": {"dmean": 247.940292358, "dmean2": 377.884979248, "dvar": 67977.5234375, "dvar2": 143214.453125, "max": 11183.2197266, "mean": 1816.49475098, "median": 1862.55175781, "min": 196.513793945, "var": 409470.1875}, "spectral_complexity": {"dmean": 3.89073395729, "dmean2": 5.85638618469, "dvar": 21.2260131836, "dvar2": 42.9900665283, "max": 58, "mean": 20.9274024963, "median": 21, "min": 0, "var": 171.10534668}, "spectral_contrast_coeffs": {"dmean": [0.0435018390417, 0.0415147803724, 0.0370768755674, 0.0319325551391, 0.02380217053, 0.0224852785468], "dmean2": [0.0710084959865, 0.0665536746383, 0.0590741969645, 0.0510776638985, 0.0385741442442, 0.0354920476675], "dvar": [0.0016157082282, 0.00115903746337, 0.000965924700722, 0.000678854528815, 0.000403765327064, 0.000408231659094], "dvar2": [0.00401048269123, 0.00294944527559, 0.00236314442009, 0.00169195304625, 0.000999243929982, 0.000940037949476], "max": [-0.354876190424, -0.380149483681, -0.389229118824, -0.4373434484, -0.562525451183, -0.474665045738], "mean": [-0.667636215687, -0.74312543869, -0.766786813736, -0.764065861702, -0.761777281761, -0.73686927557], "median": [-0.675560474396, -0.746658325195, -0.778599739075, -0.77221095562, -0.76596480608, -0.739473044872], "min": [-0.971287369728, -0.957302868366, -0.959873080254, -0.960689246655, -0.952237725258, -0.954680383205], "var": [0.00552208116278, 0.00396024528891, 0.00514778727666, 0.00385633669794, 0.00252101733349, 0.00325003662147]}, "spectral_contrast_valleys": {"dmean": [0.327028244734, 0.321412503719, 0.291786193848, 0.261905789375, 0.250065326691, 0.342981725931], "dmean2": [0.54590511322, 0.525278449059, 0.463702023029, 0.402308404446, 0.374933958054, 0.485161066055], "dvar": [0.10198982805, 0.0826227962971, 0.0676398351789, 0.0627165958285, 0.0830392092466, 0.167122080922], "dvar2": [0.249491870403, 0.189409703016, 0.149077653885, 0.11926908046, 0.162405192852, 0.307135730982], "max": [-5.33924150467, -5.05788373947, -5.6227388382, -5.67043399811, -5.32589006424, -7.4644947052], "mean": [-7.73340463638, -7.18913650513, -7.67241716385, -7.75001335144, -7.70363140106, -10.9481868744], "median": [-7.17037677765, -6.88292312622, -7.34264183044, -7.33253002167, -7.19581508636, -10.5409507751], "min": [-27.1572933197, -27.8211345673, -27.2318840027, -27.1278934479, -27.4129600525, -27.3662834167], "var": [2.23189902306, 1.6366508007, 1.61596560478, 1.87452602386, 2.37163543701, 3.01593089104]}, "spectral_decrease": {"dmean": 1.47420708974e-09, "dmean2": 2.35770469814e-09, "dvar": 7.13749417872e-18, "dvar2": 1.81599347485e-17, "max": 1.10199159561e-28, "mean": -4.01585209531e-09, "median": -3.32859650953e-09, "min": -5.65704851851e-08, "var": 1.362081257e-17}, "spectral_energy": {"dmean": 0.00604242132977, "dmean2": 0.00962215010077, "dvar": 0.000114734386443, "dvar2": 0.000290491007036, "max": 0.220885008574, "mean": 0.0169785507023, "median": 0.014072952792, "min": 1.10918894003e-20, "var": 0.000236344596487}, "spectral_energyband_high": {"dmean": 0.000358525430784, "dmean2": 0.000546248513274, "dvar": 7.79871129453e-07, "dvar2": 1.83160796041e-06, "max": 0.0221431385726, "mean": 0.000670996378176, "median": 0.000309354392812, "min": 8.46220468485e-21, "var": 1.34080153202e-06}, "spectral_energyband_low": {"dmean": 0.00259479065426, "dmean2": 0.00456647435203, "dvar": 4.68203434139e-05, "dvar2": 0.000132149929414, "max": 0.180146828294, "mean": 0.00406492361799, "median": 0.00300379819237, "min": 6.34767024806e-23, "var": 3.74504998035e-05}, "spectral_energyband_middle_high": {"dmean": 0.00232050335035, "dmean2": 0.00354876741767, "dvar": 1.53206474351e-05, "dvar2": 3.43555657309e-05, "max": 0.123514346778, "mean": 0.00701045617461, "median": 0.00433672219515, "min": 1.39676494428e-21, "var": 6.89029620844e-05}, "spectral_energyband_middle_low": {"dmean": 0.00298080104403, "dmean2": 0.00457842554897, "dvar": 3.99764649046e-05, "dvar2": 9.22878534766e-05, "max": 0.107439227402, "mean": 0.00621889065951, "median": 0.00436825864017, "min": 2.36946603383e-22, "var": 6.26757755526e-05}, "spectral_entropy": {"dmean": 0.123127087951, "dmean2": 0.181374296546, "dvar": 0.0169074069709, "dvar2": 0.0339326001704, "max": 9.77806472778, "mean": 7.5843539238, "median": 7.65022468567, "min": 5.58847332001, "var": 0.182509377599}, "spectral_flux": {"dmean": 0.0184399802238, "dmean2": 0.0290002990514, "dvar": 0.00064887595363, "dvar2": 0.00137678568717, "max": 0.425432980061, "mean": 0.0671184435487, "median": 0.0613896921277, "min": 1.05318039012e-10, "var": 0.00208358303644}, "spectral_kurtosis": {"dmean": 1.85634338856, "dmean2": 3.1769900322, "dvar": 6.00001811981, "dvar2": 17.8476333618, "max": 44.7996177673, "mean": 5.44694566727, "median": 4.67585945129, "min": -1.23918569088, "var": 16.8872299194}, "spectral_rms": {"dmean": 0.000598109210841, "dmean2": 0.00092514930293, "dvar": 7.27260214717e-07, "dvar2": 1.77200956841e-06, "max": 0.014679835178, "mean": 0.00361165893264, "median": 0.00370536232367, "min": 3.28958279887e-12, "var": 3.5203470361e-06}, "spectral_rolloff": {"dmean": 515.275146484, "dmean2": 847.277709961, "dvar": 704133.625, "dvar2": 1407273.375, "max": 19121.484375, "mean": 2181.37304688, "median": 2110.25390625, "min": 21.533203125, "var": 1862842.75}, "spectral_skewness": {"dmean": 0.221046507359, "dmean2": 0.367571502924, "dvar": 0.0533288270235, "dvar2": 0.148549839854, "max": 5.06642007828, "mean": 1.47939765453, "median": 1.44541287422, "min": -0.20061545074, "var": 0.237148106098}, "spectral_spread": {"dmean": 421495.6875, "dmean2": 587688, "dvar": 395025055744, "dvar2": 594359615488, "max": 41294412, "mean": 3924639, "median": 36393