{"lowlevel": {"average_loudness": 0.16928049922, "barkbands": {"dmean": [8.8040906121e-06, 0.000724608835299, 0.00049543287605, 0.000894615135621, 0.00114813214168, 0.00087358354358, 0.000727366306819, 0.00056657649111, 0.000855120189954, 0.00068643281702, 0.000509826117195, 0.000669787928928, 0.000751661835238, 0.000411058601458, 0.000168774815393, 0.000114646965812, 6.06747380516e-05, 4.56369962194e-05, 3.24485408782e-05, 2.48434680543e-05, 1.48725239342e-05, 2.2859123419e-05, 1.84946857189e-05, 1.35783075166e-05, 1.54305253091e-05, 1.43917832247e-05, 6.52093379294e-10], "dmean2": [1.36272628879e-05, 0.00119285844266, 0.000865107984282, 0.00155793363228, 0.0018255834002, 0.00148780539166, 0.00113555463031, 0.00089470052626, 0.00129762338474, 0.00102313281968, 0.000770103477407, 0.00102342001628, 0.00113503693137, 0.000607110967394, 0.000267385301413, 0.000176570378244, 9.66737206909e-05, 7.20936150174e-05, 5.06995384058e-05, 3.78843542421e-05, 2.19478206418e-05, 3.37539131579e-05, 2.62270386884e-05, 1.96926321223e-05, 2.32322254305e-05, 2.1145617211e-05, 1.21066712211e-09], "dvar": [5.25479548763e-10, 3.82433063351e-06, 1.6632303641e-06, 7.44828093957e-06, 6.04309934715e-06, 9.24488176679e-06, 4.45487467005e-06, 3.83742690246e-06, 1.49844554471e-05, 1.06408569991e-05, 4.85708960696e-06, 9.76248156803e-06, 1.37589704536e-05, 3.35847744282e-06, 4.12193173815e-07, 3.94455668129e-07, 3.62227723372e-08, 2.33042225517e-08, 1.29290738116e-08, 5.3944400058e-09, 1.32188415769e-09, 3.82489862005e-09, 2.91398860597e-09, 2.43682096723e-09, 2.22507234859e-09, 1.89486981661e-09, 2.26349061754e-18], "dvar2": [1.2312263431e-09, 9.21590981307e-06, 4.73390355182e-06, 2.07690754905e-05, 1.58148432092e-05, 2.52059180639e-05, 9.16083081393e-06, 8.30656608741e-06, 3.3586009522e-05, 2.27674299822e-05, 9.84099006018e-06, 2.16606567847e-05, 2.83094177576e-05, 5.68725636185e-06, 9.66551624515e-07, 8.12909888737e-07, 8.81138859654e-08, 5.64195445918e-08, 3.17343840095e-08, 1.22778187617e-08, 2.9287401393e-09, 8.21120860195e-09, 5.85194648295e-09, 4.90877694048e-09, 5.07022068774e-09, 4.18418277803e-09, 7.31617677156e-18], "max": [0.000336315075401, 0.02582379058, 0.0192286372185, 0.0620858669281, 0.0453200154006, 0.0721123144031, 0.0818907693028, 0.076199233532, 0.132975369692, 0.123780451715, 0.083848439157, 0.0912962257862, 0.126409903169, 0.0943988859653, 0.0193086341023, 0.0440001450479, 0.00702460668981, 0.0058037918061, 0.0040596681647, 0.00317045836709, 0.000593569246121, 0.00168101268355, 0.00196612603031, 0.00251589925028, 0.00121977797244, 0.000648816698231, 3.38121495247e-08], "mean": [9.38302582654e-06, 0.000916411809158, 0.000813336635474, 0.000969171407633, 0.00221256236546, 0.00116580049507, 0.0013295118697, 0.000778424262535, 0.0013060712954, 0.00113253644668, 0.000928680063225, 0.000914161093533, 0.00119486206677, 0.000672515889164, 0.000249483244261, 0.000162867712788, 9.10228627617e-05, 6.90520901117e-05, 4.99806883454e-05, 4.13609523093e-05, 2.29092674999e-05, 3.21935840475e-05, 2.75379552477e-05, 1.73522894329e-05, 1.70688363141e-05, 1.51670728883e-05, 5.34652766504e-10], "median": [1.08198685211e-06, 0.000285651476588, 0.000350817397702, 0.000258996675257, 0.00125431420747, 0.000262150948402, 0.000279614643659, 0.000106665051135, 9.34359122766e-05, 6.48107816232e-05, 9.32280672714e-05, 5.60281259823e-05, 7.36463262001e-05, 7.69564794609e-05, 4.47494858236e-05, 3.00399660773e-05, 1.63522181538e-05, 1.28065184981e-05, 8.82109270606e-06, 6.29807300356e-06, 3.78772597287e-06, 2.9219913813e-06, 2.33402101912e-06, 1.36261417083e-06, 1.16951127893e-06, 7.38784422083e-07, 1.3070937388e-10], "min": [4.17736454424e-26, 2.68938834517e-24, 1.4072150478e-24, 2.33028623934e-25, 9.18838045586e-24, 4.70293904245e-24, 4.3802558836e-24, 7.77082896362e-24, 1.23869211257e-23, 1.23487497242e-23, 1.40666647393e-23, 1.68971576207e-23, 3.3739009781e-23, 3.07796706703e-23, 3.60136428696e-23, 5.39284689233e-23, 6.36645018631e-23, 9.8625504518e-23, 9.78655474763e-23, 1.69022662839e-22, 2.74014382147e-22, 3.55282302488e-22, 4.6046893986e-22, 5.55467987688e-22, 8.1416443286e-22, 1.24313704716e-21, 1.96276691349e-21], "var": [5.83018300304e-10, 3.80249480258e-06, 1.68446058524e-06, 5.4150732467e-06, 9.6302401289e-06, 1.25305450638e-05, 1.412308211e-05, 6.19314778305e-06, 3.03460074065e-05, 3.17715821438e-05, 1.8538612494e-05, 1.82109288289e-05, 3.84093509638e-05, 1.14436115837e-05, 6.21019523805e-07, 5.95536221226e-07, 6.1025133391e-08, 4.07348750286e-08, 2.35614905364e-08, 1.31931079395e-08, 2.35678587757e-09, 6.56944454391e-09, 5.91274185169e-09, 3.80198583727e-09, 2.63330202088e-09, 2.25712248891e-09, 1.70183239668e-18]}, "barkbands_crest": {"dmean": 2.3448035717, "dmean2": 3.72248768806, "dvar": 5.50769996643, "dvar2": 13.3773145676, "max": 26.7713737488, "mean": 11.7099494934, "median": 10.4726161957, "min": 2.78248739243, "var": 26.2230110168}, "barkbands_flatness_db": {"dmean": 0.0223358590156, "dmean2": 0.0315480343997, "dvar": 0.000515210907906, "dvar2": 0.000989118707366, "max": 0.44983714819, "mean": 0.200530230999, "median": 0.193531110883, "min": 0.0334595218301, "var": 0.00435104779899}, "barkbands_kurtosis": {"dmean": 4.87792444229, "dmean2": 7.63021469116, "dvar": 153.141845703, "dvar2": 352.120605469, "max": 714.75567627, "mean": 13.2141160965, "median": 3.844810009, "min": -1.91203403473, "var": 958.266601562}, "barkbands_skewness": {"dmean": 0.556619405746, "dmean2": 0.845773100853, "dvar": 0.423133194447, "dvar2": 0.971293568611, "max": 22.5503330231, "mean": 2.04390120506, "median": 1.70159125328, "min": -7.18606901169, "var": 4.35733747482}, "barkbands_spread": {"dmean": 3.78434324265, "dmean2": 5.74504804611, "dvar": 42.5995826721, "dvar2": 95.6572570801, "max": 121.245254517, "mean": 12.4691743851, "median": 10.2234563828, "min": 0.173372477293, "var": 116.088287354}, "dissonance": {"dmean": 0.025758318603, "dmean2": 0.0429184176028, "dvar": 0.000751584477257, "dvar2": 0.00196135672741, "max": 0.500000119209, "mean": 0.442105770111, "median": 0.453303456306, "min": 0.0999770015478, "var": 0.00195305526722}, "dynamic_complexity": 7.11079359055, "erbbands": {"dmean": [0.0163638535887, 0.182766765356, 0.501515388489, 1.78638899326, 4.29463243484, 3.27094507217, 4.21690893173, 8.37358570099, 10.9141864777, 10.1711301804, 13.0483865738, 18.5140476227, 20.9479446411, 17.7432460785, 20.3512744904, 25.8230571747, 29.0664463043, 20.4102993011, 13.8768072128, 7.04987573624, 4.73055410385, 3.38650083542, 2.51034617424, 2.03496026993, 1.31528770924, 1.08823144436, 0.662948727608, 0.629882693291, 0.757595777512, 0.72600787878, 0.519336223602, 0.320146203041, 0.217134997249, 0.152765408158, 0.118894688785, 0.0617749430239, 0.0286705605686, 0.00325669930317, 5.72143653699e-05, 8.63063178258e-06], "dmean2": [0.0270061399788, 0.301977962255, 0.86630576849, 3.12258791924, 7.03557538986, 5.218272686, 6.86659669876, 14.1491613388, 17.5304546356, 15.4813404083, 20.3419189453, 28.5171661377, 31.0706329346, 26.9488353729, 29.5118522644, 38.4113235474, 43.4337005615, 30.4539813995, 21.0736351013, 10.9034967422, 7.3202996254, 5.37997150421, 3.95055937767, 3.16241574287, 2.02113199234, 1.65999114513, 0.990106582642, 0.930488586426, 1.13871026039, 1.03673136234, 0.739837288857, 0.458124488592, 0.31960105896, 0.230469018221, 0.181516349316, 0.0931772813201, 0.0421759039164, 0.00478990748525, 8.33176964079e-05, 1.25933902382e-05], "dvar": [0.00213418039493, 0.238055124879, 1.69142138958, 27.8754730225, 109.64125061, 54.132774353, 182.27243042, 871.38482666, 1014.75579834, 1454.70422363, 1996.61694336, 7982.20849609, 11762.1523438, 4981.04248047, 7815.12060547, 15234.1015625, 18751.4414062, 9265.28710938, 2961.80224609, 809.020507812, 1000.5524292, 111.985153198, 72.6628875732, 51.5089302063, 14.7167987823, 8.42802715302, 2.60738921165, 2.66899609566, 4.59463644028, 4.15587472916, 2.24508786201, 1.39901781082, 0.595754206181, 0.235902965069, 0.141044810414, 0.0370714366436, 0.00742334173992, 0.00010648429452, 3.04659906192e-08, 2.85728662952e-10], "dvar2": [0.00523599749431, 0.581645309925, 4.74997425079, 78.7030105591, 296.719421387, 141.317199707, 474.600036621, 2322.99316406, 2254.28466797, 2917.42480469, 4553.18164062, 18275.0195312, 25743.9296875, 11167.9316406, 15723.4179688, 32859.7539062, 39584.34375, 17559.3554688, 6646.05029297, 1927.48461914, 2319.76416016, 269.402679443, 178.375610352, 127.330978394, 34.0985870361, 19.2311382294, 5.9747133255, 5.89526891708, 10.3132686615, 8.57828044891, 4.59395885468, 2.84723782539, 1.23881280422, 0.538318932056, 0.326311141253, 0.0858528539538, 0.0162959937006, 0.000232972306549, 6.58962235889e-08, 6.27709051404e-10], "max": [0.582569360733, 6.38122606277, 19.0341739655, 118.740318298, 232.836929321, 195.578933716, 294.723327637, 931.429260254, 1014.56378174, 1721.77612305, 1567.51635742, 2877.22802734, 4603.46679688, 2659.30810547, 3360.98657227, 4324.64550781, 4410.45361328, 5593.57470703, 1829.13952637, 1394.11291504, 2889.04248047, 428.731750488, 295.834197998, 290.320373535, 192.01725769, 78.2624816895, 25.5414237976, 32.7812156677, 53.4937744141, 80.0892715454, 47.7765693665, 58.2677230835, 35.0728263855, 15.3388462067, 7.13192415237, 3.17017030716, 1.24549877644, 0.219414904714, 0.00356517382897, 0.000322545150993], "mean": [0.0184958353639, 0.238358974457, 0.813384711742, 2.41329860687, 6.69357872009, 6.28584718704, 6.39577865601, 11.1456718445, 18.4105892181, 17.8835964203, 19.4183387756, 28.1806430817, 37.3081245422, 30.2900257111, 34.2241439819, 40.8562507629, 49.1860580444, 42.0923843384, 22.166633606, 11.9474220276, 7.17718935013, 5.32462644577, 3.94112038612, 3.30492591858, 2.2032687664, 1.84770286083, 1.05171060562, 0.929885208607, 1.04667472839, 1.07127678394, 0.763302624226, 0.435025393963, 0.265249848366, 0.171425938606, 0.126385420561, 0.0649086758494, 0.0298689659685, 0.00335586303845, 6.58718345221e-05, 2.02856954274e-05], "median": [0.0030113409739, 0.0849881246686, 0.427581369877, 0.823918163776, 3.40326833725, 3.34933423996, 1.89271557331, 2.56819748878, 4.19654989243, 3.20525431633, 2.52937555313, 2.27608966827, 2.46228194237, 2.27277779579, 4.29756641388, 2.58613181114, 3.75536346436, 4.57173013687, 4.04076910019, 2.63060522079, 1.61019206047, 1.08341026306, 0.720107138157, 0.636442899704, 0.385806441307, 0.285010516644, 0.179272249341, 0.133434653282, 0.107003010809, 0.0817325860262, 0.0656927973032, 0.0348902791739, 0.0205098856241, 0.0130367521197, 0.00702831987292, 0.00338534335606, 0.00135571765713, 0.000124841462821, 7.61236697144e-06, 8.92541447683e-06], "min": [8.0354091247e-23, 7.15458521328e-22, 1.67680082163e-21, 4.63531739656e-21, 1.10198923753e-20, 2.99744921583e-20, 3.36860935721e-20, 4.56955056019e-20, 9.28333104617e-20, 1.26068555057e-19, 3.04646974839e-19, 3.24542478028e-19, 6.89942611835e-19, 6.31921992322e-19, 9.84492787473e-19, 1.20395714227e-18, 1.98097473074e-18, 2.01771333726e-18, 1.70233894141e-18, 3.40423740913e-18, 4.03202820298e-18, 4.64087862876e-18, 5.42164944586e-18, 6.08131150871e-18, 7.28440145551e-18, 7.02835431434e-18, 1.03221842048e-17, 1.04364418356e-17, 1.25895888342e-17, 1.04798547557e-17, 1.29634827429e-17, 1.03622296726e-17, 1.00234512353e-17, 8.65342755549e-18, 6.11093739594e-18, 4.34249390229e-18, 2.30414778542e-18, 9.74918999063e-19, 2.58271171344e-19, 2.81860372011e-20], "var": [0.00201569637284, 0.23432521522, 1.61480259895, 22.2883396149, 117.039344788, 96.3841552734, 247.736846924, 1288.20874023, 2172.9296875, 4500.86914062, 3526.76538086, 14215.6835938, 36533.0742188, 13947.3925781, 21229.9785156, 32675.2734375, 47508.9101562, 51910.828125, 4757.14355469, 1448.44433594, 1148.5090332, 197.993484497, 122.440864563, 96.7431488037, 43.960395813, 22.2888202667, 5.09212446213, 4.41190433502, 7.05717468262, 8.52263355255, 4.40012741089, 2.28907585144, 0.853074848652, 0.285450339317, 0.158486559987, 0.0413983874023, 0.00887034833431, 0.000125405800645, 3.73314783531e-08, 8.20341738983e-10]}, "erbbands_crest": {"dmean": 2.51451206207, "dmean2": 3.95178604126, "dvar": 6.79499387741, "dvar2": 15.6886663437, "max": 32.6375198364, "mean": 10.6691522598, "median": 9.39078712463, "min": 2.19907641411, "var": 27.6416053772}, "erbbands_flatness_db": {"dmean": 0.0217209551483, "dmean2": 0.0284019857645, "dvar": 0.000517525302712, "dvar2": 0.000834814098198, "max": 0.464985728264, "mean": 0.188041895628, "median": 0.188261479139, "min": 0.0419231690466, "var": 0.00345248077065}, "erbbands_kurtosis": {"dmean": 1.46935403347, "dmean2": 2.24061846733, "dvar": 8.02565193176, "dvar2": 17.3004074097, "max": 121.520751953, "mean": 2.09050583839, "median": 0.274236917496, "min": -1.81918251514, "var": 32.4946746826}, "erbbands_skewness": {"dmean": 0.394109904766, "dmean2": 0.586275458336, "dvar": 0.171952918172, "dvar2": 0.368242710829, "max": 7.88249063492, "mean": 0.615722835064, "median": 0.496845126152, "min": -8.13553619385, "var": 1.26300430298}, "erbbands_spread": {"dmean": 6.64396572113, "dmean2": 9.68885326385, "dvar": 84.0338134766, "dvar2": 169.290237427, "max": 140.078460693, "mean": 30.326789856, "median": 27.3221950531, "min": 0.611063420773, "var": 366.333587646}, "gfcc": {"cov": [[23226.5878906, 119.733009338, -3536.44140625, -988.037475586, -1459.19592285, 56.4856719971, -582.589355469, -9.31904888153, 32.5238304138, 208.920074463, -149.419708252, -42.8644638062, -405.548187256], [119.733009338, 1351.53417969, -226.795791626, -190.216033936, 252.1434021, -201.589355469, 74.3323135376, -107.662223816, 61.0993041992, -113.568572998, 52.0091400146, -122.888435364, 75.4428634644], [-3536.44140625, -226.795791626, 1265.30566406, 435.229736328, 196.291976929, 72.0484313965, 57.0320014954, 69.0264663696, -60.0815696716, 27.3638744354, -37.8877410889, 87.090133667, 41.1121520996], [-988.037475586, -190.216033936, 435.229736328, 505.112182617, 139.375259399, 40.4816818237, -5.91461658478, 38.1433982849, -24.1206207275, 45.2261924744, -13.1802740097, 14.6962423325, 31.7548675537], [-1459.19592285, 252.1434021, 196.291976929, 139.375259399, 439.346069336, 55.1120910645, 44.2932777405, -15.9192409515, 11.1533555984, 13.9497556686, 1.86891508102, -17.9223384857, 34.5921134949], [56.4856719971, -201.589355469, 72.0484313965, 40.4816818237, 55.1120910645, 228.53578186, 53.3445472717, 35.3547897339, 0.810772538185, 30.8628826141, 2.12262678146, 33.0547943115, -34.2419395447], [-582.589355469, 74.3323135376, 57.0320014954, -5.91461658478, 44.2932777405, 53.3445472717, 180.984466553, 48.9228210449, 19.9996452332, -24.6411266327, 29.0215148926, 3.83071255684, 5.10986757278], [-9.31904888153, -107.662223816, 69.0264663696, 38.1433982849, -15.9192409515, 35.3547897339, 48.9228210449, 143.664459229, 52.5299186707, 36.9144210815, 2.52509999275, 23.8471755981, -10.2771883011], [32.5238304138, 61.0993041992, -60.0815696716, -24.1206207275, 11.1533555984, 0.810772538185, 19.9996452332, 52.5299186707, 144.565109253, 53.8072090149, 29.4654216766, -18.7237510681, -0.494534730911], [208.920074463, -113.568572998, 27.3638744354, 45.2261924744, 13.9497556686, 30.8628826141, -24.6411266327, 36.9144210815, 53.8072090149, 142.359649658, 21.3398094177, 7.51102924347, -17.6850566864], [-149.419708252, 52.0091400146, -37.8877410889, -13.1802740097, 1.86891508102, 2.12262678146, 29.0215148926, 2.52509999275, 29.4654216766, 21.3398094177, 101.453186035, 14.1045370102, 1.89418256283], [-42.8644638062, -122.888435364, 87.090133667, 14.6962423325, -17.9223384857, 33.0547943115, 3.83071255684, 23.8471755981, -18.7237510681, 7.51102924347, 14.1045370102, 103.229873657, 10.672703743], [-405.548187256, 75.4428634644, 41.1121520996, 31.7548675537, 34.5921134949, -34.2419395447, 5.10986757278, -10.2771883011, -0.494534730911, -17.6850566864, 1.89418256283, 10.672703743, 81.3616790771]], "icov": [[0.000166797472048, -0.00030742312083, 0.000484761229018, -0.00025710137561, 0.000552211422473, -0.000421220611315, 0.000381807185477, -0.00022932056163, 0.000237849220866, -0.000425747013651, 0.000519615248777, -0.000444153527496, 0.000461924471892], [-0.00030742312083, 0.00210183043964, -0.000835618295241, 0.00103190762457, -0.0021011729259, 0.00199994281866, -0.00130267511122, 0.00101101910695, -0.00108158274088, 0.0016323736636, -0.00161638983991, 0.0017892352771, -0.00136605661828], [0.000484761229018, -0.000835618295241, 0.00270944810472, -0.00169030821417, 0.00126707938034, -0.00104700378142, 0.000609590031672, -0.000853706791531, 0.00101700448431, -0.00134247681126, 0.00205433205701, -0.0022435374558, 0.00131712155417], [-0.00025710137561, 0.00103190762457, -0.00169030821417, 0.00382072897628, -0.00176659063436, 0.000720199488569, -4.0057766455e-05, -0.000420529220719, 0.000324552966049, 0.000150078019942, -0.00137034908403, 0.00201422278769, -0.00206958013587], [0.000552211422473, -0.0021011729259, 0.00126707938034, -0.00176659063436, 0.00553254922852, -0.00306886271574, 0.00102175294887, -0.00012495322153, 0.000735845300369, -0.00230602174997, 0.00223707477562, -0.00122572062537, 0.000638222671114], [-0.000421220611315, 0.00199994281866, -0.00104700378142, 0.000720199488569, -0.00306886271574, 0.0080661745742, -0.00343321310356, 0.000987152452581, -0.000825299997814, 0.000554622791242, -0.000940834870562, -0.000449300801847, 0.00153013248928], [0.000381807185477, -0.00130267511122, 0.000609590031672, -4.0057766455e-05, 0.00102175294887, -0.00343321310356, 0.00937692821026, -0.00408660713583, 0.000567839946598, 0.00166970619466, -0.0016163578257, 0.000151803338667, 0.000218312197831], [-0.00022932056163, 0.00101101910695, -0.000853706791531, -0.000420529220719, -0.00012495322153, 0.000987152452581, -0.00408660713583, 0.0116581320763, -0.00476685445756, -0.000699508236721, 0.00143747206312, -0.00208071339875, 0.000771270890255], [0.000237849220866, -0.00108158274088, 0.00101700448431, 0.000324552966049, 0.000735845300369, -0.000825299997814, 0.000567839946598, -0.00476685445756, 0.0116220330819, -0.00447040097788, -0.00142364040948, 0.00209928909317, -0.000893373624422], [-0.000425747013651, 0.0016323736636, -0.00134247681126, 0.000150078019942, -0.00230602174997, 0.000554622791242, 0.00166970619466, -0.000699508236721, -0.00447040097788, 0.0119955176488, -0.00377326109447, 0.00117768300697, 0.000518228218425], [0.000519615248777, -0.00161638983991, 0.00205433205701, -0.00137034908403, 0.00223707477562, -0.000940834870562, -0.0016163578257, 0.00143747206312, -0.00142364040948, -0.00377326109447, 0.0143061829731, -0.00497535429895, 0.00201237620786], [-0.000444153527496, 0.0017892352771, -0.0022435374558, 0.00201422278769, -0.00122572062537, -0.000449300801847, 0.000151803338667, -0.00208071339875, 0.00209928909317, 0.00117768300697, -0.00497535429895, 0.0151435751468, -0.00506765302271], [0.000461924471892, -0.00136605661828, 0.00131712155417, -0.00206958013587, 0.000638222671114, 0.00153013248928, 0.000218312197831, 0.000771270890255, -0.000893373624422, 0.000518228218425, 0.00201237620786, -0.00506765302271, 0.0171835981309]], "mean": [-115.168678284, 118.530532837, -104.601203918, 14.7649040222, -48.8393592834, 12.6419277191, -42.038318634, -1.48426246643, -28.611869812, 0.761544704437, -20.0096340179, -1.12201333046, -15.6195793152]}, "hfc": {"dmean": 4.28368806839, "dmean2": 6.19033050537, "dvar": 81.4067382812, "dvar2": 172.25541687, "max": 204.500549316, "mean": 11.3649139404, "median": 3.44266653061, "min": 1.0391633131e-16, "var": 414.769500732}, "melbands": {"dmean": [0.000179447772098, 0.000242889072979, 0.000383698177757, 0.000280954263872, 0.000138893272378, 0.000186645396752, 0.000156934096594, 0.00011098512914, 0.000117224866699, 0.000118986674352, 0.000108059837657, 7.82745119068e-05, 6.90066299285e-05, 5.84035333304e-05, 8.82465101313e-05, 6.20688151685e-05, 3.94780327042e-05, 2.72385022981e-05, 1.21995553855e-05, 1.01695313788e-05, 4.80904191136e-06, 3.89052911487e-06, 2.79130722447e-06, 2.05823675969e-06, 1.74702029199e-06, 1.09578525098e-06, 1.01510897821e-06, 7.08014169959e-07, 4.63900505565e-07, 3.59612783996e-07, 4.03078303179e-07, 4.5649650815e-07, 4.76274720995e-07, 3.874644392e-07, 3.30682013328e-07, 2.41943695301e-07, 1.84906170375e-07, 1.54073291014e-07, 1.4712885843e-07, 1.23655027551e-07], "dmean2": [0.000296093872748, 0.000404830643674, 0.000659732031636, 0.000447612896096, 0.000225207375479, 0.00031498275348, 0.000250456272624, 0.000170453917235, 0.000183282420039, 0.00018095834821, 0.000160831274115, 0.000118492047477, 0.000100593082607, 8.95934863365e-05, 0.000134098794661, 9.25363565329e-05, 5.89142837271e-05, 4.17004812334e-05, 1.9349537979e-05, 1.56168898684e-05, 7.5447655945e-06, 6.21643494014e-06, 4.45873365607e-06, 3.25677910951e-06, 2.75215847978e-06, 1.73896364686e-06, 1.56274472829e-06, 1.10090559247e-06, 7.11881682491e-07, 5.42202599263e-07, 6.09861217526e-07, 7.09021321654e-07, 6.96823462931e-07, 5.58518763683e-07, 4.82984376049e-07, 3.49841002389e-07, 2.69791541996e-07, 2.28959535775e-07, 2.20931084982e-07, 1.88953151792e-07], "dvar": [2.46298412776e-07, 3.72464029397e-07, 1.19354615435e-06, 3.5069894011e-07, 1.73453983621e-07, 4.02967714308e-07, 2.01105166298e-07, 1.66961456216e-07, 1.79096019792e-07, 3.38988627391e-07, 3.08462261955e-07, 1.01195439584e-07, 8.91070186526e-08, 6.75104701031e-08, 1.97942569002e-07, 1.2042765718e-07, 3.41878099164e-08, 1.28338291105e-08, 1.98027994003e-09, 2.95387336813e-09, 1.36863542721e-09, 1.38110869963e-10, 1.10409931198e-10, 5.92575433167e-11, 4.22270586553e-11, 1.67748349933e-11, 9.49783047349e-12, 3.85112081114e-12, 1.43017271203e-12, 8.65965610851e-13, 1.1828657628e-12, 2.01790320564e-12, 1.62673173543e-12, 1.35193668326e-12, 9.01551131926e-13, 6.96216738774e-13, 5.0707051405e-13, 3.14711093557e-13, 2.52592814286e-13, 1.56451281509e-13], "dvar2": [5.95828055339e-07, 9.67823552855e-07, 3.31512524099e-06, 9.22448862184e-07, 4.46200459692e-07, 1.08334575089e-06, 4.37194842107e-07, 3.32946314074e-07, 4.01603841738e-07, 7.60403793265e-07, 6.74133616485e-07, 2.21719105298e-07, 1.72683613187e-07, 1.49203700062e-07, 4.39241858885e-07, 2.40151706521e-07, 6.33864658539e-08, 2.89727299929e-08, 4.62232963017e-09, 6.74053124428e-09, 3.37586714139e-09, 3.28868682287e-10, 2.81036166561e-10, 1.44440737149e-10, 1.06197779737e-10, 4.25270062221e-11, 2.05305408091e-11, 9.16862159112e-12, 3.47409492667e-12, 1.99312463235e-12, 2.70614780584e-12, 4.90871796335e-12, 3.49972806811e-12, 2.86326236158e-12, 1.94792250906e-12, 1.49266330633e-12, 1.0269483831e-12, 6.65712764861e-13, 5.56859734106e-13, 3.70459034543e-13], "max": [0.00665632355958, 0.00914983078837, 0.0237257126719, 0.0116694672033, 0.00922427978367, 0.0178708862513, 0.0146989300847, 0.0202213469893, 0.0147675098851, 0.0189520884305, 0.0227344743907, 0.00982950441539, 0.0125558553264, 0.00817549787462, 0.0141548989341, 0.016675721854, 0.0106933452189, 0.00396897504106, 0.00172976276372, 0.00294415606186, 0.00336608849466, 0.000472805724712, 0.00050095905317, 0.000381107383873, 0.000264230824541, 0.000159402101417, 0.000205562901101, 4.77392422908e-05, 2.65481812676e-05, 1.61335319717e-05, 1.89480906556e-05, 3.67201173503e-05, 3.51899616362e-05, 4.88503537781e-05, 3.22750129271e-05, 3.43233623425e-05, 3.94012058678e-05, 2.3233356842e-05, 2.24373743549e-05, 1.296935352e-05], "mean": [0.000217536158743, 0.000399891723646, 0.000522892922163, 0.000533461454324, 0.000221161972149, 0.000256116414675, 0.000269354670309, 0.000185048265848, 0.000173727719812, 0.000178263668204, 0.000189981845324, 0.000125884092995, 0.000120424949273, 7.92698265286e-05, 0.000137716531754, 0.000111090441351, 7.30320607545e-05, 3.98598022002e-05, 1.86609904631e-05, 1.45588674059e-05, 6.53710003462e-06, 5.81952917855e-06, 3.93674918087e-06, 3.12815177494e-06, 2.68882877208e-06, 1.61127070442e-06, 1.6638980469e-06, 1.102670808e-06, 6.94506752552e-07, 5.07196659782e-07, 5.59355612495e-07, 5.80327309763e-07, 6.51967411613e-07, 5.59131592581e-07, 4.65529609528e-07, 3.35968309173e-07, 2.3694828144e-07, 1.85132392971e-07, 1.6809295289e-07, 1.33707104055e-07], "median": [5.41348927072e-05, 0.00020828837296, 0.000252450350672, 0.000293123739539, 7.17055008863e-05, 6.32274968666e-05, 6.0338908952e-05, 2.79968589894e-05, 1.78872760443e-05, 1.25036958707e-05, 1.07849318738e-05, 7.96995391283e-06, 1.30980524773e-05, 7.98569362814e-06, 5.95125266045e-06, 7.35530920792e-06, 7.59227759772e-06, 5.91309662923e-06, 3.22765981764e-06, 2.55899567492e-06, 1.3634462448e-06, 1.12321686174e-06, 6.40550865683e-07, 5.36844140697e-07, 4.82609152641e-07, 2.68173749873e-07, 2.37861272012e-07, 1.57631902198e-07, 1.1024647506e-07, 8.29953705761e-08, 6.78069085325e-08, 6.04645222779e-08, 4.74143533324e-08, 4.09884037822e-08, 3.88490235537e-08, 2.5664656178e-08, 1.76581949063e-08, 1.36561935093e-08, 1.21335350656e-08, 9.25175491773e-09], "min": [1.76065609056e-24, 1.4628437439e-24, 9.16437462966e-25, 1.52698385474e-24, 1.64498797983e-24, 1.06993086246e-24, 1.23811610606e-24, 1.55283985559e-24, 2.67373793645e-24, 1.67896283851e-24, 2.72074398843e-24, 1.93864026851e-24, 2.00477481693e-24, 2.31903175802e-24, 3.86189932708e-24, 2.57649248887e-24, 2.66043083906e-24, 1.75551429518e-24, 2.70290902665e-24, 3.99673971604e-24, 3.14608694169e-24, 3.50207344137e-24, 3.93379137682e-24, 3.85583811432e-24, 4.08266047369e-24, 3.58583627001e-24, 3.61929422758e-24, 4.06438848297e-24, 5.34691775382e-24, 5.12496503282e-24, 5.42775430293e-24, 5.71751790177e-24, 6.04108458484e-24, 5.27904771141e-24, 6.4525958482e-24, 6.11799733981e-24, 5.25343103123e-24, 6.60746344339e-24, 6.44059411839e-24, 5.56962541471e-24], "var": [2.40696010678e-07, 3.94652062141e-07, 9.42908400248e-07, 5.69948781504e-07, 2.44651914727e-07, 5.72590295178e-07, 4.74947967177e-07, 4.62929250489e-07, 3.43511914025e-07, 6.40446273792e-07, 9.70517021415e-07, 2.63429967617e-07, 2.93966223808e-07, 1.10258589814e-07, 4.62203331608e-07, 4.45169945351e-07, 1.6373699907e-07, 1.93995930431e-08, 3.37023364771e-09, 4.31319779892e-09, 1.27227606228e-09, 2.48978060391e-10, 1.49745646438e-10, 1.0170606024e-10, 7.24900625637e-11, 2.81008619152e-11, 3.38083137874e-11, 7.84050949165e-12, 2.61809801269e-12, 1.27452128712e-12, 1.80429369362e-12, 2.51764407933e-12, 2.90190311017e-12, 2.64353881667e-12, 1.62980718331e-12, 1.18954477345e-12, 7.86441170433e-13, 4.45280829353e-13, 3.23060344752e-13, 1.75689961169e-13]}, "melbands_crest": {"dmean": 2.75501775742, "dmean2": 4.35552024841, "dvar": 7.18647241592, "dvar2": 17.7593669891, "max": 33.1128120422, "mean": 15.1278648376, "median": 13.8478088379, "min": 1.00188207626, "var": 37.5175933838}, "melbands_flatness_db": {"dmean": 0.025231320411, "dmean2": 0.0351352393627, "dvar": 0.000755145272706, "dvar2": 0.00139144272543, "max": 0.548596024513, "mean": 0.266259342432, "median": 0.256951868534, "min": -1.89830188901e-07, "var": 0.00749998912215}, "melbands_kurtosis": {"dmean": 7.85742425919, "dmean2": 12.2683296204, "dvar": 271.549499512, "dvar2": 665.83404541, "max": 649.097473145, "mean": 23.6831264496, "median": 8.78573417664, "min": -1.90948939323, "var": 2683.09057617}, "melbands_skewness": {"dmean": 0.65626001358, "dmean2": 0.986496031284, "dvar": 0.548677563667, "dvar2": 1.23512256145, "max": 20.0889472961, "mean": 2.78695702553, "median": 2.44828677177, "min": -4.86339044571, "var": 5.51769208908}, "melbands_spread": {"dmean": 4.09488964081, "dmean2": 6.25307416916, "dvar": 49.2479629517, "dvar2": 98.5221252441, "max": 207.405838013, "mean": 14.8496313095, "median": 11.8161172867, "min": 0.316382735968, "var": 246.250946045}, "mfcc": {"cov": [[16754.4765625, 361.250549316, -2279.48364258, -1200.79882812, -1089.07409668, -306.298553467, -777.064880371, -214.155136108, -319.188415527, 178.951583862, 296.145446777, -13.369638443, -22.2326202393], [361.250549316, 1555.90917969, -404.732513428, -50.0585746765, 10.3667955399, -52.3872566223, -22.2473449707, -42.5425758362, -9.85484695435, -37.919834137, -11.6868572235, -17.7135734558, -33.9824447632], [-2279.48364258, -404.732513428, 967.122070312, 301.479675293, 161.261535645, 63.9871177673, 121.557617188, 57.601852417, 74.5879821777, -35.1610450745, -45.6649093628, 22.7134914398, 41.553894043], [-1200.79882812, -50.0585746765, 301.479675293, 425.714233398, 200.784912109, 44.9836730957, 80.6675643921, -25.033657074, 69.4472122192, -18.0555953979, -35.5374298096, 25.2532501221, 8.30810642242], [-1089.07409668, 10.3667955399, 161.261535645, 200.784912109, 324.283050537, 114.615127563, 72.782585144, -9.6033000946, 50.4439048767, -1.10292971134, -14.1515760422, 21.7203979492, -9.8610124588], [-306.298553467, -52.3872566223, 63.9871177673, 44.9836730957, 114.615127563, 185.045944214, 77.5908508301, 16.8435192108, 12.4084072113, 1.51336920261, 15.5603876114, 4.03756713867, -4.38040494919], [-777.064880371, -22.2473449707, 121.557617188, 80.6675643921, 72.782585144, 77.5908508301, 178.173706055, 60.1454734802, 25.4568023682, -15.4172792435, -5.82270002365, 10.8157272339, -1.29305970669], [-214.155136108, -42.5425758362, 57.601852417, -25.033657074, -9.6033000946, 16.8435192108, 60.1454734802, 154.259841919, 28.8783187866, -7.0090880394, 7.23550367355, 7.86729478836, 14.89590168], [-319.188415527, -9.85484695435, 74.5879821777, 69.4472122192, 50.4439048767, 12.4084072113, 25.4568023682, 28.8783187866, 123.665901184, 19.8458461761, 8.33664703369, 9.99145793915, -4.97132635117], [178.951583862, -37.919834137, -35.1610450745, -18.0555953979, -1.10292971134, 1.51336920261, -15.4172792435, -7.0090880394, 19.8458461761, 135.400466919, 59.75050354, -2.58429980278, 0.0729397386312], [296.145446777, -11.6868572235, -45.6649093628, -35.5374298096, -14.1515760422, 15.5603876114, -5.82270002365, 7.23550367355, 8.33664703369, 59.75050354, 122.668701172, 25.2478847504, -4.23087978363], [-13.369638443, -17.7135734558, 22.7134914398, 25.2532501221, 21.7203979492, 4.03756713867, 10.8157272339, 7.86729478836, 9.99145793915, -2.58429980278, 25.2478847504, 89.4604949951, 30.596162796], [-22.2326202393, -33.9824447632, 41.553894043, 8.30810642242, -9.8610124588, -4.38040494919, -1.29305970669, 14.89590168, -4.97132635117, 0.0729397386312, -4.23087978363, 30.596162796, 87.4229888916]], "icov": [[0.000122305413242, 2.13960811379e-05, 0.000208740384551, 1.1296611774e-05, 0.000280862499494, -0.00017579588166, 0.000345318374457, 5.55743326913e-06, 3.42880448443e-05, -1.20871600302e-05, -0.000115742070193, -0.000107760286483, 2.33309208397e-07], [2.13960811379e-05, 0.00076732080197, 0.000418604584411, -2.85373953375e-05, -0.000207879027585, 0.000299539562548, -0.000134586138302, 0.000121754885186, -0.000125440055854, 0.000339489779435, -9.2680194939e-05, 0.000144699137309, 1.3730666069e-05], [0.000208740384551, 0.000418604584411, 0.00199909857474, -0.000886250752956, 0.000286308233626, -0.000218502260395, 0.000161237709108, -0.000388769316487, -0.000248574069701, 0.000306614878355, -5.26500443812e-05, 6.88493673806e-05, -0.000601247826125], [1.1296611774e-05, -2.85373953375e-05, -0.000886250752956, 0.00453062402084, -0.00206235633232, 0.000919641403016, -0.00125267519616, 0.00164871872403, -0.00141659076326, 0.000251029327046, 0.000488270132337, -0.000423466641223, -0.000412456603954], [0.000280862499494, -0.000207879027585, 0.000286308233626, -0.00206235633232, 0.00652621872723, -0.00358948414214, 0.000870340445545, 0.000373857095838, -0.000639770878479, -0.00070722826058, 0.000796225562226, -0.00160751992371, 0.00112131913193], [-0.00017579588166, 0.000299539562548, -0.000218502260395, 0.000919641403016, -0.00358948414214, 0.00883712340146, -0.00362332514487, 0.000319671758916, 0.000325262139086, 0.000581104774028, -0.00168765825219, 0.00134485540912, -0.00051629455993], [0.000345318374457, -0.000134586138302, 0.000161237709108, -0.00125267519616, 0.000870340445545, -0.00362332514487, 0.00997640565038, -0.003372406587, 0.000311915879138, 0.000227512689889, 0.00021525361808, -0.00109441473614, 0.00112769706175], [5.55743326913e-06, 0.000121754885186, -0.000388769316487, 0.00164871872403, 0.000373857095838, 0.000319671758916, -0.003372406587, 0.00892173592001, -0.00242753559723, 0.000914309697691, -0.000746725185309, 0.000267026480287, -0.00170340714976], [3.42880448443e-05, -0.000125440055854, -0.000248574069701, -0.00141659076326, -0.000639770878479, 0.000325262139086, 0.000311915879138, -0.00242753559723, 0.0102905798703, -0.0019281875575, -7.16472713975e-05, -0.000932948605623, 0.0014849366853], [-1.20871600302e-05, 0.000339489779435, 0.000306614878355, 0.000251029327046, -0.00070722826058, 0.000581104774028, 0.000227512689889, 0.000914309697691, -0.0019281875575, 0.0104135973379, -0.00546414311975, 0.00252963672392, -0.00151187891606], [-0.000115742070193, -9.2680194939e-05, -5.26500443812e-05, 0.000488270132337, 0.000796225562226, -0.00168765825219, 0.00021525361808, -0.000746725185309, -7.16472713975e-05, -0.00546414311975, 0.0126277888194, -0.00474517652765, 0.00232115294784], [-0.000107760286483, 0.000144699137309, 6.88493673806e-05, -0.000423466641223, -0.00160751992371, 0.00134485540912, -0.00109441473614, 0.000267026480287, -0.000932948605623, 0.00252963672392, -0.00474517652765, 0.0152136655524, -0.00574852665886], [2.33309208397e-07, 1.3730666069e-05, -0.000601247826125, -0.000412456603954, 0.00112131913193, -0.00051629455993, 0.00112769706175, -0.00170340714976, 0.0014849366853, -0.00151187891606, 0.00232115294784, -0.00574852665886, 0.0143864471465]], "mean": [-759.435791016, 153.65083313, 3.54159855843, 12.7318716049, 8.28245639801, 10.7989826202, -1.51514363289, -1.00767409801, -6.51407384872, -1.80000984669, -3.6096508503, -4.79555892944, -2.81391835213]}, "pitch_salience": {"dmean": 0.0625958815217, "dmean2": 0.098879121244, "dvar": 0.00356881320477, "dvar2": 0.00863164197654, "max": 0.996055066586, "mean": 0.538127481937, "median": 0.559998571873, "min": 0.0584517903626, "var": 0.0181236509234}, "silence_rate_20dB": {"dmean": 0, "dmean2": 0, "dvar": 0, "dvar2": 0, "max": 1, "mean": 1, "median": 1, "min": 1, "var": 0}, "silence_rate_30dB": {"dmean": 0.00470420531929, "dmean2": 0.00940908119082, "dvar": 0.00468206871301, "dvar2": 0.0114588392898, "max": 1, "mean": 0.993941962719, "median": 1, "min": 0, "var": 0.00602144235745}, "silence_rate_60dB": {"dmean": 0.0434782616794, "dmean2": 0.0869627222419, "dvar": 0.0415896736085, "dvar2": 0.0909521430731, "max": 1, "mean": 0.28116312623, "median": 0, "min": 0, "var": 0.20213034749}, "spectral_centroid": {"dmean": 143.581283569, "dmean2": 218.089950562, "dvar": 53102.6835938, "dvar2": 103466.773438, "max": 11865.4716797, "mean": 821.228088379, "median": 695.049072266, "min": 134.179367065, "var": 803677.75}, "spectral_complexity": {"dmean": 2.06486105919, "dmean2": 3.15304017067, "dvar": 7.75909042358, "dvar2": 15.6967134476, "max": 45, "mean": 10.3316230774, "median": 9, "min": 0, "var": 60.6546363831}, "spectral_contrast_coeffs": {"dmean": [0.0454936921597, 0.0421902574599, 0.0373189114034, 0.0294522419572, 0.0221077967435, 0.0190869811922], "dmean2": [0.0732005015016, 0.0682956278324, 0.0587896592915, 0.0467923544347, 0.0351532846689, 0.0293241534382], "dvar": [0.00166426156648, 0.00144698587246, 0.00112302345224, 0.000709891028237, 0.000357293029083, 0.000298126775306], "dvar2": [0.00422791671008, 0.00354852806777, 0.00249179196544, 0.00161800847854, 0.000849579810165, 0.000689398497343], "max": [-0.303418070078, -0.342691510916, -0.40952205658, -0.422108590603, -0.598927378654, -0.603643476963], "mean": [-0.623835384846, -0.730489969254, -0.764517784119, -0.776349425316, -0.807509303093, -0.794603049755], "median": [-0.622446715832, -0.738622307777, -0.774145126343, -0.779982089996, -0.807215213776, -0.790759325027], "min": [-0.974044919014, -0.989786684513, -0.997948765755, -0.982245862484, -0.986774563789, -0.963704884052], "var": [0.00835753884166, 0.00696891499683, 0.00641881395131, 0.00466676102951, 0.0022539163474, 0.00220941519365]}, "spectral_contrast_valleys": {"dmean": [0.410529881716, 0.378899872303, 0.363806396723, 0.307193040848, 0.316797226667, 0.400119394064], "dmean2": [0.648388743401, 0.597734332085, 0.559063434601, 0.457921892405, 0.431172728539, 0.465562999249], "dvar": [0.149032428861, 0.134959280491, 0.127498745918, 0.102673351765, 0.125038966537, 0.202264264226], "dvar2": [0.31355369091, 0.286873579025, 0.255322128534, 0.193982705474, 0.198295682669, 0.270661115646], "max": [-5.47731876373, -4.51663684845, -4.94562959671, -5.45667171478, -6.22767782211, -7.99078512192], "mean": [-8.14513397217, -7.70436143875, -8.39845466614, -8.715467453, -9.17009925842, -11.7009344101], "median": [-7.91693162918, -7.30639410019, -8.05367279053, -8.28098392487, -8.8634147644, -11.6204662323], "min": [-28.2955684662, -27.8107566833, -28.0291042328, -27.7575378418, -27.5004634857, -27.3775291443], "var": [3.27671933174, 4.24840116501, 4.15362596512, 4.25344228745, 3.71383070946, 3.17414450645]}, "spectral_decrease": {"dmean": 1.48422274471e-09, "dmean2": 2.27827068322e-09, "dvar": 8.55996441808e-18, "dvar2": 2.05094717953e-17, "max": 1.63502135592e-28, "mean": -3.73814978971e-09, "median": -1.81213055672e-09, "min": -6.74188669336e-08, "var": 2.62078115017e-17}, "spectral_energy": {"dmean": 0.00596092967317, "dmean2": 0.00910922233015, "dvar": 0.000137719864142, "dvar2": 0.000327260873746, "max": 0.271621078253, "mean": 0.0151394596323, "median": 0.00719888228923, "min": 9.89060100768e-21, "var": 0.000442517164629}, "spectral_energyband_high": {"dmean": 9.8563512438e-05, "dmean2": 0.000136958726216, "dvar": 6.14262347653e-08, "dvar2": 1.19631309303e-07, "max": 0.00558322994038, "mean": 0.000149335872266, "median": 1.89891597984e-05, "min": 6.85115573521e-21, "var": 1.14750477564e-07}, "spectral_energyband_low": {"dmean": 0.00132726924494, "dmean2": 0.00215681898408, "dvar": 1.13111054816e-05, "dvar2": 2.77338658634e-05, "max": 0.0448377355933, "mean": 0.00222139176913, "median": 0.000974185066298, "min": 1.64839128355e-23, "var": 1.29855425257e-05}, "spectral_energyband_middle_high": {"dmean": 0.00211447407492, "dmean2": 0.00307604251429, "dvar": 3.47501154465e-05, "dvar2": 7.22089243936e-05, "max": 0.136684507132, "mean": 0.00533838104457, "median": 0.000817195279524, "min": 1.14143634195e-21, "var": 0.000186578530702}, "spectral_energyband_middle_low": {"dmean": 0.00386825716123, "dmean2": 0.00610942672938, "dvar": 7.44256321923e-05, "dvar2": 0.00018514203839, "max": 0.160699874163, "mean": 0.0081122322008, "median": 0.00412435503677, "min": 1.32234267053e-22, "var": 0.000145076744957}, "spectral_entropy": {"dmean": 0.212938353419, "dmean2": 0.284506201744, "dvar": 0.0593673475087, "dvar2": 0.0968701168895, "max": 9.82027721405, "mean": 7.01954507828, "median": 7.02913331985, "min": 4.39481878281, "var": 0.442701071501}, "spectral_flux": {"dmean": 0.0211232639849, "dmean2": 0.0324123203754, "dvar": 0.000952472852077, "dvar2": 0.00208180374466, "max": 0.428317129612, "mean": 0.0550225898623, "median": 0.0342065282166, "min": 6.31115923411e-11, "var": 0.00309231434949}, "spectral_kurtosis": {"dmean": 3.38541936874, "dmean2": 5.39319705963, "dvar": 13.2893075943, "dvar2": 32.0985565186, "max": 64.1993103027, "mean": 9.84280967712, "median": 8.50449180603, "min": -1.26893019676, "var": 45.9968414307}, "spectral_rms": {"dmean": 0.000615743396338, "dmean2": 0.000897036166862, "dvar": 8.83080474523e-07, "dvar2": 1.93885557564e-06, "max": 0.0162787027657, "mean": 0.00312910485081, "median": 0.00265015102923, "min": 3.10634309074e-12, "var": 4.97888049722e-06}, "spectral_rolloff": {"dmean": 261.317230225, "dmean2": 445.82598877, "dvar": 511095.6875, "dvar2": 1205989, "max": 19466.015625, "mean": 1001.34588623, "median": 689.0625, "min": 86.1328125, "var": 2749047.25}, "spectral_skewness": {"dmean": 0.34059664607, "dmean2": 0.521330356598, "dvar": 0.108851082623, "dvar2": 0.234123885632, "max": 6.6935801506, "mean": 2.33556008339, "median": 2.29156088829, "min": -0.115192815661, "var": 0.610095918179}, "spectral_spread": {"dmean": 657318.375, "dmean2": 897989.25, "dvar": 86113832140