{"lowlevel": {"average_loudness": 0.81097137928, "barkbands": {"dmean": [9.46123236645e-06, 0.00144285301212, 0.00125912262592, 0.00146143184975, 0.000992682646029, 0.000547045317944, 0.000718883122317, 0.000745275581721, 0.000643304549158, 0.000724142591935, 0.000690094719175, 0.000820419925731, 0.000695406633895, 0.000680590746924, 0.000532566104084, 0.000243897840846, 0.000140354284667, 0.000123898003949, 0.000105199404061, 8.7685570179e-05, 5.63283538213e-05, 7.27296501282e-05, 0.000140248317621, 2.87932416541e-05, 6.47865526844e-05, 1.78835944098e-05, 7.72063413024e-06], "dmean2": [1.39936510095e-05, 0.00243881135248, 0.00211819540709, 0.00229116016999, 0.00168585358188, 0.000871643656865, 0.00114807020873, 0.00115252728574, 0.000945311505347, 0.00111702980939, 0.00106769951526, 0.00123673281632, 0.00107019569259, 0.00107532623224, 0.000830604403745, 0.000387640204281, 0.000225988813327, 0.000200697570108, 0.000168925864273, 0.000134255853482, 8.44714813866e-05, 0.000111768145871, 0.000216808039113, 4.20634132752e-05, 9.77718373179e-05, 2.53858233918e-05, 1.16092905955e-05], "dvar": [1.55281554282e-09, 8.25272763905e-06, 8.2149354057e-06, 1.10159598989e-05, 4.23331312049e-06, 1.0708318996e-06, 2.81216557596e-06, 3.13958980769e-06, 4.19976322519e-06, 4.40279973191e-06, 4.71099110655e-06, 4.6453133109e-06, 3.63787717106e-06, 3.50002642335e-06, 2.00216118174e-06, 1.09501411316e-06, 7.6470030308e-08, 6.09245560668e-08, 4.68293670508e-08, 6.70079529641e-08, 3.2303539399e-08, 5.5570428259e-08, 2.17770093514e-07, 5.36040367649e-09, 5.18158955742e-08, 3.19554760431e-09, 6.89989343439e-10], "dvar2": [2.78450262847e-09, 2.33229875448e-05, 2.23243259825e-05, 2.29535653489e-05, 1.19376472867e-05, 2.71098474514e-06, 6.85352006258e-06, 6.99252768754e-06, 7.80119444244e-06, 9.9160706668e-06, 1.0431526789e-05, 8.95937955647e-06, 8.15821022115e-06, 7.5365610428e-06, 4.67293239126e-06, 2.61193122242e-06, 1.87995794931e-07, 1.53462849539e-07, 1.15975332449e-07, 1.25533816231e-07, 6.20772269144e-08, 1.37421110935e-07, 5.05149159835e-07, 1.17680647449e-08, 1.19857290315e-07, 6.9410259762e-09, 1.63448166113e-09], "max": [0.00302584446035, 0.0445415750146, 0.0419418215752, 0.0406881272793, 0.0330970548093, 0.0171309169382, 0.0448297411203, 0.0430905632675, 0.0705723240972, 0.0429782122374, 0.0748254433274, 0.051526080817, 0.0394248589873, 0.0489239282906, 0.0329204834998, 0.0388405099511, 0.00527551025152, 0.00592460483313, 0.00647501228377, 0.0177673250437, 0.0124175036326, 0.00492897955701, 0.00862504541874, 0.0012868916383, 0.00391929084435, 0.000969312444795, 0.000336488505127], "mean": [1.47958571688e-05, 0.00291766459122, 0.00225963140838, 0.00205873372033, 0.00181643152609, 0.00105664494913, 0.00123853317928, 0.00140317424666, 0.00130253948737, 0.0012468919158, 0.00107868167106, 0.00152276025619, 0.00121100468095, 0.0011280819308, 0.000924505176954, 0.000376597454306, 0.000279778643744, 0.000254995858995, 0.000217325388803, 0.000188991834875, 0.000110140048491, 0.00012992786651, 0.00022098676709, 5.56746890652e-05, 9.21648170333e-05, 2.65817270702e-05, 9.51753008849e-06], "median": [2.00325621336e-06, 0.00176395906601, 0.00107089802623, 0.00066463497933, 0.00120502407663, 0.000545119051822, 0.000446322868811, 0.00036484276643, 0.000330385519192, 0.000309189112158, 0.00025669002207, 0.000355848838808, 0.000290808704449, 0.000232092424994, 0.000258349697106, 0.000111399407615, 0.000120889701066, 0.000100502104033, 8.78667997313e-05, 6.67303829687e-05, 2.95141835522e-05, 2.60635279119e-05, 2.36522173509e-05, 1.21431949083e-05, 7.80159280112e-06, 3.06626543534e-06, 6.21989499905e-07], "min": [2.93448387855e-24, 8.53560436768e-24, 5.02168894083e-24, 3.72667594616e-24, 1.06287189842e-23, 1.23242390271e-23, 1.52178936345e-23, 8.27764921826e-24, 4.21728889572e-23, 2.20285037494e-23, 1.88301697611e-23, 3.82158364389e-23, 3.27391159619e-23, 3.35209780931e-23, 6.47353016559e-23, 7.81875194806e-23, 1.02568452203e-22, 1.01502398198e-22, 1.83344628211e-22, 1.77037439149e-22, 2.63563931528e-22, 3.76493295482e-22, 4.14187947298e-22, 6.36767260517e-22, 9.81581063249e-22, 1.43751762487e-21, 1.99093831025e-21], "var": [2.69035349554e-09, 1.35729460453e-05, 1.16809524116e-05, 1.62669293786e-05, 5.02047942064e-06, 2.09569520848e-06, 5.91700836594e-06, 9.69282064034e-06, 1.46355569086e-05, 8.44086480356e-06, 8.07935794001e-06, 1.41804894156e-05, 8.20163404569e-06, 7.48505453885e-06, 4.13361885876e-06, 1.42172962114e-06, 1.82521333159e-07, 1.53403462377e-07, 1.10178206114e-07, 2.09608543855e-07, 6.08497856547e-08, 8.43135694595e-08, 3.2379040249e-07, 1.09768416579e-08, 6.87572025981e-08, 4.64675320444e-09, 8.6207607719e-10]}, "barkbands_crest": {"dmean": 2.01754307747, "dmean2": 3.2007393837, "dvar": 3.7331430912, "dvar2": 9.16774845123, "max": 24.5912914276, "mean": 9.33476448059, "median": 8.54522514343, "min": 2.38818621635, "var": 16.3424377441}, "barkbands_flatness_db": {"dmean": 0.0146667156368, "dmean2": 0.0220575109124, "dvar": 0.000240052235313, "dvar2": 0.000493651314173, "max": 0.403891086578, "mean": 0.140223741531, "median": 0.127703249454, "min": 0.027106821537, "var": 0.00455462560058}, "barkbands_kurtosis": {"dmean": 1.53743958473, "dmean2": 2.35218691826, "dvar": 8.59870433807, "dvar2": 17.7809295654, "max": 98.0025634766, "mean": 2.61793518066, "median": 0.552807450294, "min": -1.82756125927, "var": 41.5938682556}, "barkbands_skewness": {"dmean": 0.375870496035, "dmean2": 0.564271867275, "dvar": 0.156532362103, "dvar2": 0.328183710575, "max": 8.35808849335, "mean": 1.04194104671, "median": 0.842452406883, "min": -3.39145088196, "var": 1.21040248871}, "barkbands_spread": {"dmean": 3.9503557682, "dmean2": 6.02119970322, "dvar": 26.355096817, "dvar2": 55.0484237671, "max": 102.451927185, "mean": 20.7144985199, "median": 19.4701461792, "min": 1.0988547802, "var": 139.878555298}, "dissonance": {"dmean": 0.0222476664931, "dmean2": 0.0374272018671, "dvar": 0.000552858458832, "dvar2": 0.0014736634912, "max": 0.500000059605, "mean": 0.447790503502, "median": 0.462711274624, "min": 0.143204301596, "var": 0.00203374982812}, "dynamic_complexity": 5.64782428741, "erbbands": {"dmean": [0.0237372014672, 0.391480267048, 1.37385356426, 3.00995159149, 4.49582529068, 2.77915239334, 3.06893610954, 5.14883375168, 8.3085231781, 12.6325969696, 17.1785888672, 14.7928371429, 20.7387237549, 21.7016448975, 24.727519989, 32.0197563171, 28.8036594391, 34.5479240417, 27.954782486, 19.4962100983, 11.7714519501, 6.76271820068, 7.22052335739, 5.79954004288, 4.53585624695, 3.76485013962, 2.38456845284, 2.6366186142, 2.66459918022, 2.24244141579, 5.11329603195, 0.806533396244, 0.436879575253, 0.297863602638, 0.798256695271, 0.123431168497, 0.0355276986957, 0.00651510292664, 0.00127417396288, 0.000109727865492], "dmean2": [0.0396730042994, 0.663140237331, 2.3264632225, 4.78132343292, 7.35387802124, 4.62574100494, 4.89828109741, 8.26234436035, 13.4916276932, 19.6280651093, 26.0392169952, 21.1697444916, 31.9266796112, 33.0572090149, 37.4920463562, 47.3005218506, 43.0755386353, 53.599193573, 42.9732322693, 30.4762001038, 18.6576862335, 10.6768016815, 11.6528396606, 9.3980140686, 7.2103433609, 5.67224407196, 3.58976054192, 3.98398280144, 4.12668704987, 3.35191321373, 7.97446966171, 1.17589056492, 0.639503777027, 0.423825889826, 1.24520003796, 0.175298914313, 0.0521430447698, 0.00928061362356, 0.00190310110338, 0.000171674124431], "dvar": [0.00246557942592, 0.618579864502, 9.10729694366, 37.5488967896, 115.559059143, 23.7579059601, 36.3366775513, 116.857795715, 350.273620605, 991.840026855, 1955.71630859, 2773.88891602, 3507.25, 5041.99316406, 5572.45166016, 7068.50097656, 5599.76171875, 8054.58105469, 5408.75, 3135.70458984, 2144.92944336, 168.111450195, 212.838745117, 151.766662598, 103.562049866, 135.271255493, 84.5932846069, 72.5612258911, 76.078994751, 34.5599708557, 317.290100098, 4.45769786835, 1.24732387066, 0.666427016258, 9.35540485382, 0.155624732375, 0.0145819755271, 0.000466484460048, 1.90868140635e-05, 1.66706186633e-07], "dvar2": [0.00707408878952, 1.73926472664, 25.1977519989, 84.452255249, 289.154785156, 63.5413398743, 93.7012710571, 293.911712646, 870.859436035, 2305.47631836, 4233.25878906, 4936.32910156, 8083.30224609, 11245.1367188, 12011.7197266, 13713.9882813, 12020.9238281, 17376.3632813, 12479.5595703, 7564.03076172, 5101.55224609, 406.945800781, 540.190307617, 379.813293457, 232.205230713, 219.878509521, 154.763809204, 171.857681274, 191.039535522, 74.2003479004, 744.696777344, 9.7188205719, 2.68478798866, 1.39193546772, 22.282585144, 0.332786113024, 0.0332895666361, 0.000991316628642, 4.4996435463e-05, 4.23807335892e-07], "max": [0.947489976883, 11.8099727631, 44.4025001526, 76.2095718384, 163.385498047, 84.7929458618, 118.436958313, 193.311096191, 363.832641602, 926.625305176, 1436.54455566, 2065.50952148, 1357.62548828, 2299.65527344, 2566.89550781, 2613.92919922, 2160.94091797, 2682.69555664, 2272.52758789, 1794.04003906, 1600.25048828, 278.077301025, 356.761352539, 278.528808594, 401.987518311, 799.004760742, 807.129943848, 159.870071411, 193.88053894, 97.7103881836, 340.727264404, 37.9404983521, 22.6545696259, 20.5094623566, 55.4436187744, 6.68696260452, 2.08952736855, 0.334523260593, 0.0686631426215, 0.00632083415985], "mean": [0.0476139746606, 0.789754629135, 2.53921627998, 4.99327135086, 7.1946516037, 5.28364419937, 6.32183885574, 9.30332374573, 14.3609628677, 23.5341968536, 35.1463661194, 30.7488689423, 37.0365066528, 40.6090202332, 46.4178657532, 64.4939651489, 56.7740745544, 62.2742424011, 50.2748641968, 35.2984924316, 20.8962459564, 15.1865110397, 15.3916130066, 12.5039262772, 9.96191596985, 8.47163009644, 5.16712379456, 4.51153659821, 4.55335521698, 4.80030059814, 7.42908239365, 1.57672488689, 0.833019673824, 0.532609343529, 1.01406216621, 0.186836689711, 0.0488448217511, 0.00938559602946, 0.00158322707284, 0.000141089156386], "median": [0.025496724993, 0.490581929684, 1.47174739838, 2.15652179718, 3.49759054184, 3.3587243557, 3.2827167511, 3.92785286903, 6.10108041763, 8.49271774292, 10.7057294846, 9.62215805054, 11.3350467682, 12.1361370087, 13.3137950897, 17.0926055908, 16.6249313354, 17.6807842255, 14.6106357574, 11.6263484955, 7.15838098526, 6.93423700333, 6.50038719177, 4.56159210205, 4.42000102997, 3.27972507477, 1.8113951683, 1.0514922142, 0.911281108856, 0.863386571407, 0.661931812763, 0.322968423367, 0.181450217962, 0.0884296670556, 0.0508282333612, 0.0184595007449, 0.00498147774488, 0.00103236129507, 0.000113475092803, 3.05593785015e-05], "min": [2.47242538239e-22, 1.20719831137e-21, 4.16791430624e-21, 1.74477642814e-20, 3.72148266782e-20, 3.43894265061e-20, 6.6627207605e-20, 1.44900782193e-19, 1.42301418816e-19, 5.03161507208e-19, 2.93383695877e-19, 1.04030297359e-18, 7.94377783085e-19, 6.08843239641e-19, 1.50576432852e-18, 2.36071287725e-18, 1.78603100783e-18, 2.2094349849e-18, 2.55636570074e-18, 3.37672062567e-18, 4.00980392787e-18, 6.02810642453e-18, 5.2761574751e-18, 7.74717674819e-18, 1.04859485953e-17, 8.06750740348e-18, 1.1326493965e-17, 1.23456524444e-17, 1.27562194055e-17, 1.19345866933e-17, 1.22424227855e-17, 1.45349861132e-17, 1.09031470634e-17, 9.42234818314e-18, 7.37333164316e-18, 4.54989992831e-18, 2.78105628604e-18, 1.16418598823e-18, 2.55222597197e-19, 2.74035728092e-20], "var": [0.00419510994107, 0.976422071457, 12.1569728851, 58.5533905029, 142.089614868, 40.6837158203, 76.9657745361, 219.722976685, 641.923339844, 2178.9074707, 6410.64453125, 9603.26660156, 6549.41699219, 10025.1132813, 14086.2539063, 23949.3222656, 15589.6455078, 17714.9140625, 11107.9863281, 5796.40820313, 3005.1953125, 486.08984375, 540.686706543, 381.471069336, 253.635574341, 469.101165771, 189.096466064, 101.785049438, 108.91519165, 84.3863296509, 441.304779053, 9.10042476654, 2.58615899086, 1.27820312977, 11.1127166748, 0.239180296659, 0.0186197366565, 0.000731780717615, 2.44084949372e-05, 1.65559725929e-07]}, "erbbands_crest": {"dmean": 2.61910367012, "dmean2": 4.11781215668, "dvar": 6.59051418304, "dvar2": 15.2536325455, "max": 34.7374649048, "mean": 10.6521558762, "median": 9.18175697327, "min": 2.07648944855, "var": 31.8247051239}, "erbbands_flatness_db": {"dmean": 0.0158077459782, "dmean2": 0.0226994808763, "dvar": 0.0002648847003, "dvar2": 0.000492331630085, "max": 0.446782499552, "mean": 0.169487938285, "median": 0.163898289204, "min": 0.0319773107767, "var": 0.00298558128998}, "erbbands_kurtosis": {"dmean": 0.981550812721, "dmean2": 1.48851549625, "dvar": 3.22986102104, "dvar2": 5.771276474, "max": 141.054244995, "mean": 1.3171377182, "median": 0.507012307644, "min": -1.77802538872, "var": 12.8771514893}, "erbbands_skewness": {"dmean": 0.307849168777, "dmean2": 0.468112200499, "dvar": 0.0920511335135, "dvar2": 0.200952380896, "max": 4.27024841309, "mean": 0.31356933713, "median": 0.25324934721, "min": -5.86587619781, "var": 0.441895455122}, "erbbands_spread": {"dmean": 5.80114126205, "dmean2": 8.55996608734, "dvar": 49.3442230225, "dvar2": 101.215354919, "max": 157.416595459, "mean": 28.2203102112, "median": 25.6683883667, "min": 0.501890957355, "var": 255.480728149}, "gfcc": {"cov": [[24003.6054688, -1394.09680176, -1544.54956055, 863.123840332, -963.834960938, 347.401672363, -536.938110352, -389.065826416, -454.007873535, 85.3595199585, -285.931640625, 108.252624512, -396.049468994], [-1394.09680176, 1696.8848877, 78.222618103, -160.440628052, 265.168884277, -129.152175903, 161.177429199, 82.560760498, 106.549682617, -89.9598617554, 143.274780273, -166.644210815, 89.5512237549], [-1544.54956055, 78.222618103, 604.514160156, 12.5110092163, 90.4320297241, -20.2276268005, -7.74490404129, 23.7591171265, 18.6457557678, -29.4630279541, -12.3045959473, 0.78945684433, 32.3823204041], [863.123840332, -160.440628052, 12.5110092163, 427.461761475, 32.8313140869, 23.9517421722, -13.6119480133, -61.7160491943, -0.304196864367, 30.4784965515, -47.7241439819, 33.9298362732, -11.2607908249], [-963.834960938, 265.168884277, 90.4320297241, 32.8313140869, 290.486328125, 27.1054706573, 84.4711380005, 27.3117218018, 34.2867965698, 0.995153009892, 4.43847799301, -12.4576005936, 37.7695465088], [347.401672363, -129.152175903, -20.2276268005, 23.9517421722, 27.1054706573, 155.111022949, 52.1426925659, 3.60371160507, -14.7926073074, 8.30932712555, 2.72431612015, 6.39404153824, -12.7454862595], [-536.938110352, 161.177429199, -7.74490404129, -13.6119480133, 84.4711380005, 52.1426925659, 176.185775757, 49.4029922485, 28.8218975067, 8.10408973694, 27.2582702637, -22.9340457916, 0.217363074422], [-389.065826416, 82.560760498, 23.7591171265, -61.7160491943, 27.3117218018, 3.60371160507, 49.4029922485, 119.854064941, 41.098033905, 1.67365574837, 11.9690799713, -21.7218437195, 11.4560890198], [-454.007873535, 106.549682617, 18.6457557678, -0.304196864367, 34.2867965698, -14.7926073074, 28.8218975067, 41.098033905, 97.9658813477, 22.2693881989, 9.90717220306, -8.89356613159, 9.06168460846], [85.3595199585, -89.9598617554, -29.4630279541, 30.4784965515, 0.995153009892, 8.30932712555, 8.10408973694, 1.67365574837, 22.2693881989, 89.8731079102, 15.2693462372, 9.4712896347, -14.0761299133], [-285.931640625, 143.274780273, -12.3045959473, -47.7241439819, 4.43847799301, 2.72431612015, 27.2582702637, 11.9690799713, 9.90717220306, 15.2693462372, 102.973236084, 4.19446802139, 7.48688364029], [108.252624512, -166.644210815, 0.78945684433, 33.9298362732, -12.4576005936, 6.39404153824, -22.9340457916, -21.7218437195, -8.89356613159, 9.4712896347, 4.19446802139, 102.809440613, 17.2703151703], [-396.049468994, 89.5512237549, 32.3823204041, -11.2607908249, 37.7695465088, -12.7454862595, 0.217363074422, 11.4560890198, 9.06168460846, -14.0761299133, 7.48688364029, 17.2703151703, 80.6197738647]], "icov": [[8.29100099509e-05, -0.000100607518107, 0.000169542996446, -0.00016354888794, 0.000222446236876, -0.000289379968308, 0.000250050972681, -8.64149042172e-05, 0.000270905700745, -0.000120099743071, 0.00023590134515, -0.00013143911201, 0.000244582392043], [-0.000100607518107, 0.00157836289145, -0.00011873015319, 0.000255201564869, -0.00124896271154, 0.00166348484345, -0.00100966705941, 0.000550724216737, -0.00125906558242, 0.00176857435144, -0.00230293651111, 0.00224231742322, -0.00120772013906], [0.000169542996446, -0.00011873015319, 0.00217440142296, -0.000421333825216, -0.000209217585507, -0.000350909976987, 0.00087158230599, -0.000533257029019, 0.000299547245959, 0.000448068720289, 0.000449827057309, -0.000238083390286, 0.000202293987968], [-0.00016354888794, 0.000255201564869, -0.000421333825216, 0.00323314312845, -0.000885120825842, 0.000260034983512, -0.000616968027316, 0.0017374092713, -0.00108757067937, -0.000691045541316, 0.000872942386195, -0.000395895156544, -0.000250197597779], [0.000222446236876, -0.00124896271154, -0.000209217585507, -0.000885120825842, 0.00596277648583, -0.00208857213147, -0.000943042978179, -0.000232299309573, 0.000508158933371, -0.00155978789553, 0.00229216902517, -0.00111819652375, -0.000950405839831], [-0.000289379968308, 0.00166348484345, -0.000350909976987, 0.000260034983512, -0.00208857213147, 0.0100162671879, -0.00402393424883, 0.00034816013067, 0.000299236300634, 0.00132810836658, -0.00243748701178, 0.00129150063731, -0.000420791242504], [0.000250050972681, -0.00100966705941, 0.00087158230599, -0.000616968027316, -0.000943042978179, -0.00402393424883, 0.0098390262574, -0.00296231429093, 0.000171999869053, -0.000868136528879, -0.000220427493332, -0.000232319915085, 0.00201304489747], [-8.64149042172e-05, 0.000550724216737, -0.000533257029019, 0.0017374092713, -0.000232299309573, 0.00034816013067, -0.00296231429093, 0.0121762854978, -0.00470994599164, 0.000600477098487, -0.000479110749438, 0.00215585483238, -0.00192087015603], [0.000270905700745, -0.00125906558242, 0.000299547245959, -0.00108757067937, 0.000508158933371, 0.000299236300634, 0.000171999869053, -0.00470994599164, 0.0153458788991, -0.0049128732644, 0.00177786615677, -0.0012522310717, 0.000455708737718], [-0.000120099743071, 0.00176857435144, 0.000448068720289, -0.000691045541316, -0.00155978789553, 0.00132810836658, -0.000868136528879, 0.000600477098487, -0.0049128732644, 0.0155343748629, -0.00485057383776, 0.000963278405834, 0.00153531972319], [0.00023590134515, -0.00230293651111, 0.000449827057309, 0.000872942386195, 0.00229216902517, -0.00243748701178, -0.000220427493332, -0.000479110749438, 0.00177786615677, -0.00485057383776, 0.0147714149207, -0.00411870796233, 0.000731461041141], [-0.00013143911201, 0.00224231742322, -0.000238083390286, -0.000395895156544, -0.00111819652375, 0.00129150063731, -0.000232319915085, 0.00215585483238, -0.0012522310717, 0.000963278405834, -0.00411870796233, 0.0146512547508, -0.00512093445286], [0.000244582392043, -0.00120772013906, 0.000202293987968, -0.000250197597779, -0.000950405839831, -0.000420791242504, 0.00201304489747, -0.00192087015603, 0.000455708737718, 0.00153531972319, 0.000731461041141, -0.00512093445286, 0.0167229231447]], "mean": [-42.6664123535, 101.488937378, -115.060028076, 14.8565740585, -45.1929855347, 17.7909603119, -32.0741157532, 6.28895902634, -20.9537410736, 0.191376566887, -14.2180013657, -4.98700237274, -16.2592334747]}, "hfc": {"dmean": 5.83812236786, "dmean2": 7.87551784515, "dvar": 113.648208618, "dvar2": 207.059127808, "max": 186.094284058, "mean": 21.4060173035, "median": 12.1735248566, "min": 1.09531974462e-16, "var": 568.416015625}, "melbands": {"dmean": [0.000308209157083, 0.000628661073279, 0.000568565970752, 0.000256933853962, 0.000100591896626, 0.000113970490929, 0.000131342865643, 0.000139853567816, 0.000142009244883, 9.24543201108e-05, 0.000105457758764, 8.86491907295e-05, 8.58111961861e-05, 8.82063613972e-05, 7.72840357968e-05, 7.15336136636e-05, 7.1088441473e-05, 4.9100661272e-05, 3.95604402001e-05, 2.05611886486e-05, 1.37789702421e-05, 8.25229653856e-06, 7.34651075618e-06, 5.74504247197e-06, 5.35905610377e-06, 3.45930857293e-06, 3.71570013158e-06, 2.58656928054e-06, 1.83430540801e-06, 1.25210920032e-06, 1.92082347894e-06, 1.79561766345e-06, 1.10412474896e-06, 1.32302807287e-06, 4.42908685727e-06, 6.2134830614e-07, 4.28679612696e-07, 3.41766934753e-07, 2.44569520191e-07, 2.42761132085e-07], "dmean2": [0.000520061003044, 0.00106509041507, 0.0008983775042, 0.000429306877777, 0.000160069350386, 0.00018202290812, 0.000211941791349, 0.000217619250179, 0.000214867599425, 0.000132336776005, 0.000162909986102, 0.000135568057885, 0.00013044050138, 0.000131455133669, 0.000115265022032, 0.000109383800009, 0.000111883338832, 7.60460752645e-05, 6.22312654741e-05, 3.30007605953e-05, 2.20814654313e-05, 1.33050962177e-05, 1.17133449749e-05, 9.28492590901e-06, 8.81731830304e-06, 5.57320390726e-06, 5.82434222451e-06, 3.91941148337e-06, 2.83392910205e-06, 1.9501458155e-06, 2.97115298054e-06, 2.85494184027e-06, 1.65943015418e-06, 2.01997477234e-06, 6.98908661434e-06, 9.43457052927e-07, 6.42576480914e-07, 5.15882049967e-07, 3.58436238912e-07, 3.5447629898e-07], "dvar": [3.79780516369e-07, 1.75893467258e-06, 1.43744841807e-06, 2.93254288408e-07, 3.46368587145e-08, 5.2344311996e-08, 8.38784757207e-08, 1.05126467531e-07, 1.41094787409e-07, 1.07107133829e-07, 9.24020469029e-08, 8.54853396959e-08, 7.29456104409e-08, 5.6319482411e-08, 4.98362204837e-08, 4.22798507316e-08, 3.88239271842e-08, 1.77150152325e-08, 1.23007932729e-08, 7.90614240742e-09, 2.42027153874e-09, 2.89573642842e-10, 2.42110803628e-10, 1.42035647133e-10, 1.4172425733e-10, 6.96022753321e-11, 9.28256430055e-11, 9.12486197713e-11, 7.21105397616e-11, 1.06276437303e-11, 4.85701687203e-11, 3.93475738103e-11, 8.84813836782e-12, 1.18461360513e-11, 2.53787491022e-10, 2.70207467512e-12, 1.25190125193e-12, 7.84411706596e-13, 3.84244882006e-13, 4.68969589724e-13], "dvar2": [1.07696098439e-06, 4.83316171085e-06, 3.12993370244e-06, 7.87064152519e-07, 8.8310486035e-08, 1.32028233679e-07, 2.05455890523e-07, 2.42876438961e-07, 3.00217095628e-07, 1.90583975268e-07, 2.12488089346e-07, 1.90382763776e-07, 1.57218124741e-07, 1.12763693494e-07, 1.00252570689e-07, 9.6202249722e-08, 8.33868156747e-08, 4.0534789747e-08, 2.90389703395e-08, 1.94744753657e-08, 5.84159165484e-09, 7.25489612829e-10, 5.80244963189e-10, 3.50363044133e-10, 3.60912244535e-10, 1.68571892556e-10, 2.07983102962e-10, 1.27968455277e-10, 1.48334275418e-10, 2.31406491191e-11, 1.20113405333e-10, 1.02237933397e-10, 2.01551778739e-11, 2.64674324124e-11, 6.03931293863e-10, 6.35728145473e-12, 2.89356819755e-12, 1.74475332185e-12, 8.22526617129e-13, 1.02238020567e-12], "max": [0.00982363149524, 0.0198217947036, 0.0144232101738, 0.00944363512099, 0.00346855493262, 0.00383167946711, 0.00570942554623, 0.00828935950994, 0.0133505314589, 0.0133958505467, 0.00680164294317, 0.00947393011302, 0.0115439770743, 0.00676266569644, 0.0069402991794, 0.0047266674228, 0.00601130956784, 0.0041472283192, 0.00292673031799, 0.00391014898196, 0.00176329608075, 0.000378504366381, 0.000391260837205, 0.000430637825048, 0.000276290578768, 0.000430167478044, 0.000478615809698, 0.000776252534706, 0.000649156165309, 0.000192160863662, 0.000134160611196, 0.00015233187878, 6.46367770969e-05, 6.96530769346e-05, 0.000309587310767, 2.84934048977e-05, 2.09482695936e-05, 1.84558412002e-05, 1.71111369127e-05, 1.98615398403e-05], "mean": [0.000639238511212, 0.0012757483637, 0.000972713402007, 0.000445459620096, 0.000217753986362, 0.000209512072615, 0.00023396492179, 0.000260834087385, 0.000291002390441, 0.00018353217456, 0.000181180235813, 0.00015920001897, 0.000147515456774, 0.000163769742358, 0.00014843698591, 0.000121476099594, 0.000117056217277, 7.94208535808e-05, 6.72714668326e-05, 3.17194426316e-05, 2.27327655011e-05, 1.60684085131e-05, 1.45735566548e-05, 1.17715217129e-05, 1.02439216789e-05, 6.80055745761e-06, 7.23425273463e-06, 5.28369946551e-06, 3.52088886757e-06, 2.48362198363e-06, 2.74299986813e-06, 2.72954912361e-06, 2.20336119128e-06, 2.66443316832e-06, 5.99022405368e-06, 1.1322562159e-06, 7.71177440129e-07, 6.12994824678e-07, 4.46324520453e-07, 4.04144373078e-07], "median": [0.000379333825549, 0.000845675240271, 0.000477130000945, 0.000275861733826, 0.000130067957798, 9.34278214118e-05, 0.000100054166978, 9.35614662012e-05, 7.91956699686e-05, 4.97295768582e-05, 4.95341955684e-05, 4.15396498283e-05, 3.78019176424e-05, 4.03210578952e-05, 3.23032436427e-05, 3.18531310768e-05, 2.62605281023e-05, 1.88283156604e-05, 1.75378590939e-05, 1.01965579233e-05, 7.45088254916e-06, 6.72484293318e-06, 5.78107483307e-06, 4.70928534924e-06, 3.16564387504e-06, 2.89294030154e-06, 2.46096988121e-06, 1.73665125658e-06, 1.08940685095e-06, 6.83949338054e-07, 4.70638894967e-07, 4.8099786909e-07, 4.06803934538e-07, 4.55045011449e-07, 3.96395364533e-07, 2.2663307675e-07, 1.59579940373e-07, 1.29731944298e-07, 8.95143301705e-08, 6.08720966966e-08], "min": [3.76653511554e-24, 1.71461205446e-24, 4.56171676877e-24, 2.43368460477e-24, 2.46632668295e-24, 2.88578729765e-24, 2.33256072254e-24, 5.11010802096e-24, 2.83100130222e-24, 6.63184003422e-24, 3.51117452964e-24, 1.91201463523e-24, 3.38277242895e-24, 4.19889439491e-24, 5.08996840205e-24, 3.49763491549e-24, 3.27746561178e-24, 3.42884900557e-24, 3.0841856181e-24, 4.53578099436e-24, 3.85214230098e-24, 5.84561707987e-24, 3.83549260271e-24, 4.82724024972e-24, 5.52697564987e-24, 5.69814623896e-24, 5.36663572658e-24, 4.89236347846e-24, 5.72861559699e-24, 6.14735992599e-24, 6.09766405554e-24, 7.56189520856e-24, 6.5870197186e-24, 6.06092798648e-24, 6.3308821047e-24, 8.35219894038e-24, 7.86959671553e-24, 6.51932362002e-24, 7.02132275124e-24, 6.83807430726e-24], "var": [6.66197536248e-07, 2.44142347583e-06, 2.22019161811e-06, 3.62992551572e-07, 7.67237580135e-08, 1.0017576102e-07, 1.6922936652e-07, 2.51080820135e-07, 4.68025575628e-07, 3.52530975078e-07, 1.7068434488e-07, 1.69339813283e-07, 1.4972242468e-07, 1.76100883209e-07, 1.50295988988e-07, 8.81924506757e-08, 8.04649786801e-08, 3.41694779138e-08, 2.39560566939e-08, 9.72017044631e-09, 3.44040973488e-09, 6.33665619976e-10, 5.81480141815e-10, 3.41034811502e-10, 3.05344777241e-10, 1.42159214955e-10, 2.00654798332e-10, 3.14542086821e-10, 1.26024676805e-10, 2.23304621322e-11, 5.51524208248e-11, 4.57364458806e-11, 2.22702568192e-11, 2.60025143778e-11, 3.34307748151e-10, 4.78870979329e-12, 2.29551534031e-12, 1.51426516725e-12, 7.83631623133e-13, 8.13027000324e-13]}, "melbands_crest": {"dmean": 2.68553614616, "dmean2": 4.32397508621, "dvar": 7.08206224442, "dvar2": 17.0640048981, "max": 33.3187904358, "mean": 12.9252071381, "median": 12.1017475128, "min": 1.69313728809, "var": 25.3223571777}, "melbands_flatness_db": {"dmean": 0.017644636333, "dmean2": 0.0269300397485, "dvar": 0.000359748490155, "dvar2": 0.000773691572249, "max": 0.542540669441, "mean": 0.211670249701, "median": 0.194685906172, "min": 0.00354528590105, "var": 0.00719910440966}, "melbands_kurtosis": {"dmean": 3.36992120743, "dmean2": 5.15598154068, "dvar": 42.1258277893, "dvar2": 89.813583374, "max": 338.782287598, "mean": 7.51460123062, "median": 2.82099819183, "min": -1.81098556519, "var": 222.375671387}, "melbands_skewness": {"dmean": 0.507069349289, "dmean2": 0.761903047562, "dvar": 0.289735168219, "dvar2": 0.626935958862, "max": 15.3916969299, "mean": 1.83409678936, "median": 1.51369476318, "min": -2.19738221169, "var": 2.29725193977}, "melbands_spread": {"dmean": 4.95361471176, "dmean2": 7.70445394516, "dvar": 45.8233413696, "dvar2": 94.131477356, "max": 248.984054565, "mean": 24.8747310638, "median": 23.3988037109, "min": 0.707208991051, "var": 234.946807861}, "mfcc": {"cov": [[17349.9648438, -1187.97229004, -939.847473145, 408.835693359, -400.284942627, 554.780273438, -193.760299683, 17.8961544037, -465.055633545, -72.4141845703, -41.3913726807, -203.734451294, 107.228538513], [-1187.97229004, 1678.66772461, 75.493347168, 7.31524324417, 161.412704468, -128.648254395, 153.677902222, 32.891418457, 69.1080169678, 132.544647217, -9.45478343964, 101.45501709, -10.9347038269], [-939.847473145, 75.493347168, 407.6378479, 17.065568924, 66.2407836914, -31.0698413849, -5.19245529175, 8.5799741745, 26.6561660767, -20.6457958221, -13.1953458786, 11.4996519089, -19.5688457489], [408.835693359, 7.31524324417, 17.065568924, 331.795562744, 63.1163444519, 83.1742630005, -23.4414253235, -7.6976351738, 27.9328536987, -26.3998641968, 4.04332828522, -6.71996450424, 30.7280082703], [-400.284942627, 161.412704468, 66.2407836914, 63.1163444519, 183.569152832, 23.4929466248, 24.1470909119, 5.52742528915, 41.8210983276, 4.99539709091, -8.16585636139, -6.32360076904, -15.4807977676], [554.780273438, -128.648254395, -31.0698413849, 83.1742630005, 23.4929466248, 183.27583313, 25.160490036, 15.7195529938, 3.70606851578, -23.2922382355, 14.5189762115, -13.1548995972, 18.8726577759], [-193.760299683, 153.677902222, -5.19245529175, -23.4414253235, 24.1470909119, 25.160490036, 159.958114624, 31.311422348, 21.6456604004, 30.012928009, 9.39042282104, 28.9695949554, -1.31810224056], [17.8961544037, 32.891418457, 8.5799741745, -7.6976351738, 5.52742528915, 15.7195529938, 31.311422348, 99.9142837524, 29.0335273743, 7.22825098038, -2.3577902317, 3.9239783287, 5.55614328384], [-465.055633545, 69.1080169678, 26.6561660767, 27.9328536987, 41.8210983276, 3.70606851578, 21.6456604004, 29.0335273743, 122.254730225, 27.9637489319, 10.5096187592, -2.5991768837, -4.43054819107], [-72.4141845703, 132.544647217, -20.6457958221, -26.3998641968, 4.99539709091, -23.2922382355, 30.012928009, 7.22825098038, 27.9637489319, 114.290336609, 27.7104110718, 18.4159412384, -7.12828826904], [-41.3913726807, -9.45478343964, -13.1953458786, 4.04332828522, -8.16585636139, 14.5189762115, 9.39042282104, -2.3577902317, 10.5096187592, 27.7104110718, 79.848274231, 26.3062515259, 9.1979265213], [-203.734451294, 101.45501709, 11.4996519089, -6.71996450424, -6.32360076904, -13.1548995972, 28.9695949554, 3.9239783287, -2.5991768837, 18.4159412384, 26.3062515259, 103.389015198, 32.7581100464], [107.228538513, -10.9347038269, -19.5688457489, 30.7280082703, -15.4807977676, 18.8726577759, -1.31810224056, 5.55614328384, -4.43054819107, -7.12828826904, 9.1979265213, 32.7581100464, 89.7979888916]], "icov": [[9.09186492208e-05, 1.52095271915e-05, 0.00014720967738, -0.000125977225252, 0.000131540597067, -0.000223936294788, 7.88784745964e-05, -0.000131386346766, 0.000342054117937, -0.000150107371155, 8.9965215011e-05, 0.000114035094157, 1.64813741321e-06], [1.52095271915e-05, 0.000876894686371, 2.78151146631e-05, -0.000213311213884, -0.000669672328513, 0.000673512113281, -0.000621548620984, -0.000118068513984, 7.00111195329e-05, -0.000739993527532, 0.000452564592706, -0.000615773431491, 3.18443562719e-05], [0.00014720967738, 2.78151146631e-05, 0.00303871231154, -0.000282820925349, -0.000754343462177, 0.000248475786066, 0.000348442554241, -0.000505619915202, 0.000102316254925, 0.000604978122283, 0.00030916716787, -0.000584357883781, 0.000675288727507], [-0.000125977225252, -0.000213311213884, -0.000282820925349, 0.00417868653312, -0.00121024728287, -0.00147101155017, 0.000935736403335, 0.000848675786983, -0.00138087826781, 0.000857276958413, -0.000255822553299, -9.57921474765e-06, -0.00127572228666], [0.000131540597067, -0.000669672328513, -0.000754343462177, -0.00121024728287, 0.00771275814623, -0.00155396619812, -0.000369753193809, 0.000413443078287, -0.00130821706261, -6.06210705882e-05, 0.000891482748557, 0.000641149294097, 0.00124179851264], [-0.000223936294788, 0.000673512113281, 0.000248475786066, -0.00147101155017, -0.00155396619812, 0.00849759764969, -0.00240431446582, -0.000884367211256, -0.000243128626607, 0.00158933224156, -0.00211064494215, 0.00109490670729, -0.00119652110152], [7.88784745964e-05, -0.000621548620984, 0.000348442554241, 0.000935736403335, -0.000369753193809, -0.00240431446582, 0.00849290657789, -0.0018246449763, -0.00028090851265, -0.00117382360622, 0.000330422015395, -0.00200464692898, 0.000855390855577], [-0.000131386346766, -0.000118068513984, -0.000505619915202, 0.000848675786983, 0.000413443078287, -0.000884367211256, -0.0018246449763, 0.0119012882933, -0.00331132556312, 0.000196058725123, 0.00108846894, -0.000147182974615, -0.000969714135863], [0.000342054117937, 7.00111195329e-05, 0.000102316254925, -0.00138087826781, -0.00130821706261, -0.000243128626607, -0.00028090851265, -0.00331132556312, 0.0117824738845, -0.00277917389758, -0.00101029139478, 0.00165131944232, -1.69696650119e-05], [-0.000150107371155, -0.000739993527532, 0.000604978122283, 0.000857276958413, -6.06210705882e-05, 0.00158933224156, -0.00117382360622, 0.000196058725123, -0.00277917389758, 0.0122716603801, -0.0040717292577, -0.000607094552834, 0.0010293321684], [8.9965215011e-05, 0.000452564592706, 0.00030916716787, -0.000255822553299, 0.000891482748557, -0.00211064494215, 0.000330422015395, 0.00108846894, -0.00101029139478, -0.0040717292577, 0.0160338971764, -0.00408056983724, 0.000110553824925], [0.000114035094157, -0.000615773431491, -0.000584357883781, -9.57921474765e-06, 0.000641149294097, 0.00109490670729, -0.00200464692898, -0.000147182974615, 0.00165131944232, -0.000607094552834, -0.00408056983724, 0.0141413453966, -0.00518260058016], [1.64813741321e-06, 3.18443562719e-05, 0.000675288727507, -0.00127572228666, 0.00124179851264, -0.00119652110152, 0.000855390855577, -0.000969714135863, -1.69696650119e-05, 0.0010293321684, 0.000110553824925, -0.00518260058016, 0.0142199732363]], "mean": [-685.159301758, 138.194778442, -6.62072229385, 9.74739074707, 6.83234739304, 9.73845100403, 2.08090209961, 5.9593501091, -3.50092101097, 7.35110092163, 0.578963160515, 0.118926897645, -0.648714125156]}, "pitch_salience": {"dmean": 0.0538784079254, "dmean2": 0.0863759741187, "dvar": 0.00258205179125, "dvar2": 0.00633629178628, "max": 0.923255562782, "mean": 0.531764268875, "median": 0.537431001663, "min": 0.122734852135, "var": 0.0110045820475}, "silence_rate_20dB": {"dmean": 0, "dmean2": 0, "dvar": 0, "dvar2": 0, "max": 1, "mean": 1, "median": 1, "min": 1, "var": 0}, "silence_rate_30dB": {"dmean": 0, "dmean2": 0, "dvar": 0, "dvar2": 0, "max": 1, "mean": 1, "median": 1, "min": 1, "var": 0}, "silence_rate_60dB": {"dmean": 0.0118422312662, "dmean2": 0.0236867237836, "dvar": 0.0116995973513, "dvar2": 0.0252294801176, "max": 1, "mean": 0.146867841482, "median": 0, "min": 0, "var": 0.125275865197}, "spectral_centroid": {"dmean": 153.30619812, "dmean2": 239.266921997, "dvar": 48922.6132813, "dvar2": 100149.210938, "max": 11599.4404297, "mean": 1195.15185547, "median": 1180.8425293, "min": 173.720993042, "var": 407935.8125}, "spectral_complexity": {"dmean": 2.53481054306, "dmean2": 3.90525317192, "dvar": 9.39050102234, "dvar2": 19.5156230927, "max": 54, "mean": 17.6791439056, "median": 18, "min": 0, "var": 141.363708496}, "spectral_contrast_coeffs": {"dmean": [0.0429680608213, 0.0428455211222, 0.0365561135113, 0.0307392254472, 0.0209885761142, 0.0152266556397], "dmean2": [0.0717952549458, 0.0692055001855, 0.0577807575464, 0.0486262477934, 0.033893533051, 0.0239575393498], "dvar": [0.00152325280942, 0.00133641425055, 0.000984104466625, 0.000674067472573, 0.000314081349643, 0.000198417008505], "dvar2": [0.0040067168884, 0.00337574537843, 0.00235296110623, 0.00158343801741, 0.000748898310121, 0.000460372975795], "max": [-0.324524223804, -0.381736755371, -0.447678267956, -0.477110654116, -0.602059602737, -0.629378795624], "mean": [-0.646822214127, -0.714951694012, -0.734524846077, -0.747021138668, -0.77644097805, -0.779230237007], "median": [-0.649094164371, -0.723332643509, -0.742221593857, -0.749279856682, -0.77615582943, -0.768576145172], "min": [-0.972825169563, -0.982827007771, -0.973753213882, -0.970288276672, -0.961535036564, -0.963050723076], "var": [0.00710190180689, 0.00729338778183, 0.00602384004742, 0.00376524613239, 0.00186747370753, 0.00263510621153]}, "spectral_contrast_valleys": {"dmean": [0.351035445929, 0.324466556311, 0.282689452171, 0.252310454845, 0.217335686088, 0.241231590509], "dmean2": [0.585815310478, 0.52793866396, 0.456336885691, 0.396698564291, 0.32724031806, 0.328525453806], "dvar": [0.111385971308, 0.102082513273, 0.0810053795576, 0.0764068067074, 0.0746103674173, 0.101594999433], "dvar2": [0.270757526159, 0.233767658472, 0.177046880126, 0.157061055303, 0.143304571509, 0.179046720266], "max": [-5.47176027298, -4.8431429863, -5.3416595459, -5.61323738098, -5.89716959, -8.06270503998], "mean": [-7.68838787079, -7.27503156662, -7.74288749695, -8.10760211945, -8.40891361237, -10.92897892], "median": [-7.26224327087, -6.88721847534, -7.25177431107, -7.53679609299, -7.81049156189, -10.6225585938], "min": [-28.19439888, -27.8347072601, -27.5758113861, -27.5043888092, -27.4095020294, -27.3520393372], "var": [2.55633497238, 2.72061109543, 2.80106735229, 3.09519219398, 3.31203532219, 2.89903664589]}, "spectral_decrease": {"dmean": 1.43887746162e-09, "dmean2": 2.15350182131e-09, "dvar": 4.6087281863e-18, "dvar2": 9.92445756831e-18, "max": 1.27570036546e-28, "mean": -5.61734658788e-09, "median": -4.35351310557e-09, "min": -2.79911738232e-08, "var": 2.28028879462e-17}, "spectral_energy": {"dmean": 0.00584130827338, "dmean2": 0.00862744729966, "dvar": 7.5971140177e-05, "dvar2": 0.000158204653417, "max": 0.109282299876, "mean": 0.0231427438557, "median": 0.017542341724, "min": 1.0360887921e-20, "var": 0.000396354269469}, "spectral_energyband_high": {"dmean": 0.000349139998434, "dmean2": 0.000483824289404, "dvar": 1.0177175227e-06, "dvar2": 2.06593063012e-06, "max": 0.0213802345097, "mean": 0.000731612090021, "median": 0.000179179682164, "min": 7.3122604591e-21, "var": 2.16384660234e-06}, "spectral_energyband_low": {"dmean": 0.00268164696172, "dmean2": 0.00444537075236, "dvar": 2.60753931798e-05, "dvar2": 6.96672868798e-05, "max": 0.0750881358981, "mean": 0.00618417141959, "median": 0.00450211949646, "min": 3.27312557518e-23, "var": 4.50627485407e-05}, "spectral_energyband_middle_high": {"dmean": 0.00241777813062, "dmean2": 0.00342686497606, "dvar": 1.82084531843e-05, "dvar2": 3.45158550772e-05, "max": 0.0813059285283, "mean": 0.00810786988586, "median": 0.00397896626964, "min": 1.21322344164e-21, "var": 0.00010428531823}, "spectral_energyband_middle_low": {"dmean": 0.00339271733537, "dmean2": 0.00514478189871, "dvar": 3.19750070048e-05, "dvar2": 6.83167381794e-05, "max": 0.0904036313295, "mean": 0.00939162541181, "median": 0.0070128981024, "min": 2.27634788283e-22, "var": 9.18421937968e-05}, "spectral_entropy": {"dmean": 0.128549337387, "dmean2": 0.187844142318, "dvar": 0.0239452943206, "dvar2": 0.0449059121311, "max": 9.81441116333, "mean": 7.32252311707, "median": 7.46455192566, "min": 5.01102113724, "var": 0.414142012596}, "spectral_flux": {"dmean": 0.0186118558049, "dmean2": 0.0287134479731, "dvar": 0.000517959415447, "dvar2": 0.00117587100249, "max": 0.321539908648, "mean": 0.0692924633622, "median": 0.0578594915569, "min": 6.61536728175e-11, "var": 0.0028211993631}, "spectral_kurtosis": {"dmean": 2.02584505081, "dmean2": 3.41420197487, "dvar": 8.21897792816, "dvar2": 22.7179908752, "max": 88.1409225464, "mean": 7.853120327, "median": 5.449447155, "min": -1.24578869343, "var": 47.5507850647}, "spectral_rms": {"dmean": 0.000530292629264, "dmean2": 0.000769901613239, "dvar": 4.57614959259e-07, "dvar2": 9.00885027022e-07, "max": 0.0103255445138, "mean": 0.00419866573066, "median": 0.00413696467876, "min": 3.179337002e-12, "var": 4.94954883834e-06}, "spectral_rolloff": {"dmean": 308.448028564, "dmean2": 517.564331055, "dvar": 472894.90625, "dvar2": 1076868.125, "max": 19379.8828125, "mean": 1366.59619141, "median": 1248.92578125, "min": 86.1328125, "var": 1464786.625}, "spectral_skewness": {"dmean": 0.213652774692, "dmean2": 0.345701247454, "dvar": 0.0562541000545, "dvar2": 0.142689451575, "max": 7.61090946198, "mean": 2.04497885704, "median": 1.78856158257, "min": -0.0470035485923, "var": 0.610955834389}, "spectral_spread": {"dmean": 440513.34375, "dmean2": 637639.9375, "dvar": 536045387776, "dvar2": 1011584466940.0, "max": 41769304, "mean": 4114715.5, "median": 3805720, "min": 1153221, "var": 4079069691900.0