{"lowlevel": {"average_loudness": 0.341389834881, "barkbands": {"dmean": [0.0150563903153, 0.0294181965292, 0.00364951300435, 0.00100520718843, 0.00173017196357, 0.00151255889796, 0.000993888592348, 0.000953564594965, 0.00070589518873, 0.000568458402995, 0.000356461270712, 0.000292009848636, 0.000229075143579, 0.00013351943926, 0.000114857677545, 9.20628444874e-05, 6.51852460578e-05, 6.06533503742e-05, 4.92625149491e-05, 3.98522461182e-05, 3.5792356357e-05, 2.81179854937e-05, 2.96720136248e-05, 1.68535279954e-05, 4.40357234766e-06, 2.2994401661e-05, 0.000153312488692], "dmean2": [0.0258429571986, 0.0493918731809, 0.00584077835083, 0.00165022455622, 0.00271654897369, 0.00244286097586, 0.00161527295131, 0.00157939991914, 0.00116498651914, 0.00094624562189, 0.000574536854401, 0.000478653615573, 0.000368591659935, 0.000217039880226, 0.000178595058969, 0.000144730569446, 9.73029091256e-05, 8.59130523168e-05, 6.80431112414e-05, 5.2285300626e-05, 4.70254963147e-05, 3.66140739061e-05, 3.75014169549e-05, 2.24701925617e-05, 6.90766592015e-06, 2.90589287033e-05, 0.000210603131563], "dvar": [0.0023180055432, 0.00761141395196, 9.72845446086e-05, 3.92424362872e-06, 1.16812334454e-05, 3.75635790988e-05, 2.40638019022e-05, 2.24981522479e-05, 9.8300524769e-06, 4.05174159823e-06, 1.26568409087e-06, 1.15795717193e-06, 6.14079056049e-07, 1.20857208685e-07, 6.09745001157e-08, 4.64091058916e-08, 2.4043142588e-08, 2.47282905264e-08, 2.13671693672e-08, 1.1654386789e-08, 7.97596033664e-09, 3.73600084203e-09, 4.86593920712e-09, 1.75352876663e-09, 1.12086853687e-10, 2.81679835012e-09, 1.38831424579e-07], "dvar2": [0.00594962388277, 0.02017246373, 0.000240949797444, 9.60309444054e-06, 2.69997799478e-05, 9.82474448392e-05, 5.99675913691e-05, 6.24941458227e-05, 2.71115386568e-05, 1.12969100883e-05, 2.98394570564e-06, 3.05107914755e-06, 1.49303878061e-06, 3.20671716736e-07, 1.43316512435e-07, 1.13599782026e-07, 5.20738581145e-08, 4.82239670418e-08, 4.04902351647e-08, 2.02069418975e-08, 1.40599309972e-08, 6.47129194675e-09, 7.71345298745e-09, 2.99074365273e-09, 2.44559622553e-10, 4.38209690756e-09, 3.14657626177e-07], "max": [0.561940431595, 1.01592183113, 0.193028658628, 0.0470727607608, 0.0688347965479, 0.222668454051, 0.275084644556, 0.181301474571, 0.106553375721, 0.0717918723822, 0.0376488119364, 0.0356328524649, 0.0428803451359, 0.0145262377337, 0.00679382355884, 0.00625485088676, 0.00362017890438, 0.00473870243877, 0.00257855211385, 0.00299090961926, 0.00357363349758, 0.00207058060914, 0.00109177152626, 0.000720479874872, 0.000220231915591, 0.000750670500565, 0.015920419246], "mean": [0.0128225283697, 0.0280261598527, 0.00436720065773, 0.00139730703086, 0.00309203309007, 0.00211641308852, 0.00134308007546, 0.0013609068701, 0.00100389670115, 0.000830677745398, 0.000534547376446, 0.000447740545496, 0.000360885751434, 0.000213352715946, 0.000208890443901, 0.000154391513206, 0.000101295940112, 9.36041615205e-05, 6.9723049819e-05, 6.22363659204e-05, 5.91193129367e-05, 4.41692209279e-05, 4.31939588452e-05, 2.09331938095e-05, 4.71098064736e-06, 3.21661609632e-05, 0.000422657845775], "median": [0.00177015177906, 0.00547034759074, 0.00118177174591, 0.00048866297584, 0.00107204751112, 0.000356431730324, 0.00020582441357, 0.000195254193386, 0.000156097026775, 0.000186234756256, 9.64884384302e-05, 0.000107768522867, 8.03292132332e-05, 5.02002876601e-05, 6.07884176134e-05, 3.67461325368e-05, 2.31389494729e-05, 1.64540815604e-05, 1.04576192825e-05, 7.37452273825e-06, 9.46210639086e-06, 7.94168227003e-06, 3.74006549464e-06, 2.36080086324e-06, 1.00689692317e-06, 4.18983381678e-06, 0.000112452660687], "min": [1.05342444837e-11, 9.18380389098e-12, 1.54207159195e-12, 1.2483798717e-12, 6.5975011912e-12, 3.24556354014e-12, 4.369200043e-13, 3.83432489318e-13, 2.68702334688e-12, 9.78831490688e-13, 1.23286623965e-12, 1.39935524106e-12, 5.81175212122e-12, 6.00579959029e-12, 1.53757800762e-12, 1.16180849663e-12, 1.11926017499e-12, 8.98102501656e-13, 4.59865544082e-13, 5.51784139213e-12, 6.43298652195e-12, 2.84436580192e-12, 6.29899301122e-12, 1.12724673346e-11, 2.74570709051e-12, 2.35146572353e-11, 5.12123017604e-11], "var": [0.00179709796794, 0.00575352925807, 9.77177696768e-05, 7.3135652201e-06, 3.52477218257e-05, 5.59511827305e-05, 3.76663119823e-05, 3.56956225005e-05, 1.6983369278e-05, 6.5133285716e-06, 2.83139434032e-06, 1.87811940577e-06, 1.33384173751e-06, 2.66350895117e-07, 1.63853798085e-07, 9.97926505875e-08, 4.46287629075e-08, 4.75491788166e-08, 3.55144358366e-08, 2.67833453194e-08, 2.12313864267e-08, 8.75861250194e-09, 1.18222054368e-08, 3.21917004165e-09, 1.34770208882e-10, 6.36290620193e-09, 8.84541066171e-07]}, "barkbands_crest": {"dmean": 3.37336730957, "dmean2": 5.50590085983, "dvar": 8.20243549347, "dvar2": 21.3741817474, "max": 26.6029071808, "mean": 12.0926504135, "median": 11.6826629639, "min": 2.69842123985, "var": 22.2223968506}, "barkbands_flatness_db": {"dmean": 0.0382253341377, "dmean2": 0.0598345845938, "dvar": 0.00128827791195, "dvar2": 0.00321336346678, "max": 0.568617999554, "mean": 0.182210862637, "median": 0.172134965658, "min": 0.0211948323995, "var": 0.00588085083291}, "barkbands_kurtosis": {"dmean": 17.3726902008, "dmean2": 28.7816314697, "dvar": 1146.28442383, "dvar2": 3029.19482422, "max": 596.069458008, "mean": 28.3473262787, "median": 10.9093742371, "min": -1.84209930897, "var": 2377.86303711}, "barkbands_skewness": {"dmean": 1.24043822289, "dmean2": 1.96922492981, "dvar": 2.30474162102, "dvar2": 5.77694416046, "max": 21.8782730103, "mean": 3.45478153229, "median": 2.79320168495, "min": -2.06363201141, "var": 6.94694852829}, "barkbands_spread": {"dmean": 7.53606510162, "dmean2": 11.752910614, "dvar": 102.731048584, "dvar2": 229.654693604, "max": 120.320266724, "mean": 19.7787094116, "median": 13.4909324646, "min": 0.249044582248, "var": 364.507873535}, "dissonance": {"dmean": 0.0247194059193, "dmean2": 0.0419712103903, "dvar": 0.000673207396176, "dvar2": 0.00186407892033, "max": 0.500000178814, "mean": 0.459930628538, "median": 0.469435632229, "min": 0.221312791109, "var": 0.00118613697123}, "dynamic_complexity": 5.49295473099, "erbbands": {"dmean": [1.51958870888, 4.27000761032, 5.26812267303, 3.18211483955, 3.93615460396, 6.20356702805, 9.58350372314, 14.1318683624, 11.0275497437, 22.2603130341, 15.2075786591, 17.6700382233, 15.7208814621, 14.5923509598, 15.7098302841, 10.187702179, 10.7560539246, 7.05467033386, 5.97570419312, 5.76771211624, 3.98040509224, 3.49475884438, 3.35451292992, 2.7928955555, 2.27985262871, 1.83723938465, 1.59390568733, 1.37000596523, 0.984711050987, 0.899248242378, 0.854558467865, 0.480035424232, 0.221694767475, 0.06889128685, 0.0248807482421, 0.0405130721629, 0.0512695014477, 0.027734670788, 0.00903096143156, 0.00463239103556], "dmean2": [2.62228274345, 7.08055925369, 8.46652030945, 5.08569478989, 6.36992263794, 9.7948179245, 15.4794626236, 23.0709323883, 17.7884464264, 36.5339622498, 24.6931362152, 29.1255683899, 26.0752277374, 23.7455463409, 24.8740882874, 16.4993057251, 17.2179431915, 11.3694610596, 9.31957054138, 9.10595798492, 5.950756073, 5.13760757446, 4.68153858185, 3.83540701866, 3.11092472076, 2.39428257942, 2.09805750847, 1.82787263393, 1.28469014168, 1.15196812153, 1.08302915096, 0.621879220009, 0.308676630259, 0.102991148829, 0.039656277746, 0.0572627671063, 0.0648366510868, 0.0338085368276, 0.0109051438048, 0.00640605390072], "dvar": [22.2830734253, 157.902328491, 225.660339355, 40.6298141479, 63.6614074707, 180.131698608, 767.055664062, 4633.71972656, 4003.58691406, 10810.0507812, 5176.57128906, 7468.23974609, 3901.7722168, 1824.28894043, 3265.24316406, 836.415466309, 1462.31652832, 345.51739502, 202.281265259, 133.230575562, 89.1385879517, 70.5072937012, 74.3752288818, 61.5035743713, 44.6095085144, 26.6359729767, 18.4559440613, 9.56112480164, 4.86697387695, 4.22083520889, 4.23851776123, 1.43693828583, 0.307008773088, 0.0249145049602, 0.00426163105294, 0.00865512620658, 0.0154627179727, 0.0037950836122, 0.000345787702827, 0.000123195248307], "dvar2": [60.3460426331, 416.573608398, 555.330688477, 96.5094833374, 146.804473877, 414.721466064, 1854.23010254, 12126.6230469, 9955.34179688, 29290.5234375, 13364.7207031, 20745.0742188, 10736.2900391, 4845.29052734, 7729.66552734, 2276.73657227, 3464.54321289, 935.968688965, 490.817108154, 328.380706787, 210.718185425, 144.375930786, 144.626571655, 116.692840576, 82.740814209, 47.1639709473, 32.0254173279, 17.6639404297, 8.39653110504, 7.10027122498, 6.87125635147, 2.41105389595, 0.547263562679, 0.0503246858716, 0.00972373783588, 0.0158056356013, 0.0249481406063, 0.00561640970409, 0.000507908349391, 0.00026147137396], "max": [44.8277664185, 176.276779175, 273.952697754, 138.323501587, 165.67666626, 310.565704346, 963.611877441, 2724.71044922, 4143.84228516, 4287.14453125, 3125.8918457, 3194.28466797, 2355.91723633, 1190.88635254, 1880.49072266, 926.392150879, 2091.74804688, 695.564819336, 428.461914062, 216.459823608, 264.761566162, 169.886917114, 266.7527771, 121.76235199, 116.270004272, 151.672653198, 148.520904541, 94.1741256714, 80.7587661743, 32.2699279785, 34.1054992676, 19.5103302002, 8.51588535309, 2.58331942558, 1.55775237083, 1.31948983669, 1.79725444317, 0.951179146767, 0.244685351849, 0.509950697422], "mean": [1.31229484081, 4.33362436295, 6.14711427689, 4.81889677048, 6.25820446014, 10.3973445892, 15.5363092422, 19.0419197083, 15.6911048889, 31.6639976501, 23.2037258148, 24.9847278595, 23.9310283661, 23.4080543518, 24.42619133, 17.5090122223, 17.8809108734, 11.8080701828, 10.94967556, 10.8053064346, 7.22183132172, 5.70320320129, 5.23315095901, 4.13649749756, 3.30340838432, 2.86033892632, 2.61688709259, 2.19394278526, 1.56859111786, 1.36239826679, 1.21089601517, 0.627957522869, 0.258235961199, 0.0763958841562, 0.0259593445808, 0.0477771647274, 0.0702846348286, 0.0451375208795, 0.0185777898878, 0.0161285083741], "median": [0.180956482887, 0.893412172794, 1.58658874035, 1.85728025436, 2.62903881073, 3.25142908096, 2.97735691071, 3.04737496376, 2.83251047134, 4.85950899124, 3.66804647446, 3.89538049698, 4.10264015198, 6.1066699028, 4.95543813705, 4.85276699066, 4.33731412888, 3.07245445251, 3.03668403625, 3.21638727188, 1.8775331974, 1.29980635643, 1.00650835037, 0.710532665253, 0.418349355459, 0.345300257206, 0.304817378521, 0.426866173744, 0.284636080265, 0.152164489031, 0.100801363587, 0.0498549491167, 0.0324888974428, 0.0142832342535, 0.00630104914308, 0.00850246474147, 0.0074096461758, 0.00630980730057, 0.00453579239547, 0.00671952497214], "min": [4.35865621373e-10, 1.47471945766e-09, 2.09193196099e-09, 2.97525915016e-09, 1.07401749716e-08, 2.50703529048e-08, 3.05649408006e-08, 2.43047839632e-08, 1.14641425242e-08, 3.02647706896e-09, 1.58145194717e-08, 6.08764167964e-08, 3.80360312136e-08, 4.79678590182e-08, 6.3803490491e-08, 5.82476040734e-08, 2.56275029642e-07, 2.89292046318e-07, 1.79039375325e-07, 5.77799994517e-08, 7.62537339938e-08, 5.44316485218e-08, 4.18014600712e-08, 3.43829604788e-08, 2.99750588795e-08, 2.30039304938e-07, 4.51523931133e-07, 9.60186739007e-08, 5.83069734716e-08, 1.63944861242e-07, 1.65659741924e-07, 2.29464674817e-07, 1.94089793126e-07, 4.4211024175e-08, 2.63565382852e-08, 6.68881696697e-08, 3.86278706799e-08, 1.90859008597e-08, 6.43783604204e-09, 2.21810236845e-09], "var": [15.6695737839, 124.4400177, 216.375244141, 73.3241119385, 149.86946106, 486.49230957, 1638.14440918, 6542.515625, 5589.45263672, 17302.2207031, 9806.45703125, 11657.3857422, 6585.14111328, 3854.81567383, 6235.6875, 1731.90124512, 3352.9597168, 746.078430176, 537.945983887, 379.939178467, 208.020233154, 140.44480896, 143.826629639, 108.235153198, 78.9690933228, 60.0735244751, 49.9509887695, 22.5920696259, 11.4493999481, 10.0514621735, 9.97421455383, 2.8783428669, 0.507815599442, 0.0349599085748, 0.00456641381606, 0.01416593045, 0.0336817502975, 0.0103603648022, 0.00108140485827, 0.0011636185227]}, "erbbands_crest": {"dmean": 2.86661171913, "dmean2": 4.65949344635, "dvar": 7.50631999969, "dvar2": 18.9609394073, "max": 32.5810813904, "mean": 9.17103481293, "median": 8.05285263062, "min": 1.86545956135, "var": 21.7733535767}, "erbbands_flatness_db": {"dmean": 0.0262299627066, "dmean2": 0.0380919575691, "dvar": 0.000554490543436, "dvar2": 0.00115055660717, "max": 0.387712687254, "mean": 0.142921283841, "median": 0.137583255768, "min": 0.0183804500848, "var": 0.00313702016138}, "erbbands_kurtosis": {"dmean": 1.50099742413, "dmean2": 2.37922954559, "dvar": 6.54334592819, "dvar2": 15.8164300919, "max": 71.0384368896, "mean": 1.39663612843, "median": 0.408016204834, "min": -1.74232792854, "var": 13.631310463}, "erbbands_skewness": {"dmean": 0.443093836308, "dmean2": 0.674556851387, "dvar": 0.167756676674, "dvar2": 0.388967871666, "max": 6.83465099335, "mean": 0.412496626377, "median": 0.389286637306, "min": -5.17223548889, "var": 0.790044128895}, "erbbands_spread": {"dmean": 8.88652992249, "dmean2": 13.0287151337, "dvar": 97.6012115479, "dvar2": 195.51210022, "max": 149.845169067, "mean": 33.2650489807, "median": 29.4494762421, "min": 1.03984081745, "var": 393.942443848}, "gfcc": {"cov": [[14023.7607422, 665.141296387, -178.197235107, 606.638122559, -162.221939087, -518.049499512, 9.41260242462, -233.776779175, -42.0375595093, -20.0672416687, -16.3364639282, 308.687194824, -72.2572174072], [665.141296387, 1559.0534668, 201.071731567, -479.413665771, 150.595275879, -15.8877058029, -37.8392448425, -124.627037048, -40.8453178406, -37.3601493835, 26.342212677, -122.585113525, 166.538238525], [-178.197235107, 201.071731567, 693.647949219, 339.95489502, -5.55672502518, 206.00592041, -71.7209701538, 120.878356934, -84.0765991211, 33.6447944641, -3.29044318199, 24.2960605621, 24.4710617065], [606.638122559, -479.413665771, 339.95489502, 833.337097168, 135.519287109, 72.5042114258, 64.1262588501, 57.3778877258, -8.36107635498, 46.5567741394, -4.7746720314, 111.315223694, -101.145347595], [-162.221939087, 150.595275879, -5.55672502518, 135.519287109, 347.088317871, 49.5461921692, 48.0196914673, -47.4851074219, 50.7067260742, -5.76235961914, 20.4970588684, -17.3657054901, 18.5907249451], [-518.049499512, -15.8877058029, 206.00592041, 72.5042114258, 49.5461921692, 288.212799072, 0.0128599936143, 92.1948852539, -59.9314613342, 19.8371276855, -7.10051870346, -3.04138851166, 9.08313846588], [9.41260242462, -37.8392448425, -71.7209701538, 64.1262588501, 48.0196914673, 0.0128599936143, 188.464096069, 16.2836799622, 47.9360580444, -15.5761709213, 4.70374345779, 22.9727725983, -31.3140048981], [-233.776779175, -124.627037048, 120.878356934, 57.3778877258, -47.4851074219, 92.1948852539, 16.2836799622, 200.655410767, 34.5201377869, 42.4708786011, 0.391549736261, -11.8207979202, 3.04596996307], [-42.0375595093, -40.8453178406, -84.0765991211, -8.36107635498, 50.7067260742, -59.9314613342, 47.9360580444, 34.5201377869, 151.670761108, 41.3387985229, 21.8298778534, 0.33278721571, -21.6504020691], [-20.0672416687, -37.3601493835, 33.6447944641, 46.5567741394, -5.76235961914, 19.8371276855, -15.5761709213, 42.4708786011, 41.3387985229, 91.5162963867, 42.8122367859, 5.86444139481, 0.609675824642], [-16.3364639282, 26.342212677, -3.29044318199, -4.7746720314, 20.4970588684, -7.10051870346, 4.70374345779, 0.391549736261, 21.8298778534, 42.8122367859, 74.3809356689, 33.9639167786, 13.7058610916], [308.687194824, -122.585113525, 24.2960605621, 111.315223694, -17.3657054901, -3.04138851166, 22.9727725983, -11.8207979202, 0.33278721571, 5.86444139481, 33.9639167786, 102.33820343, 6.41688108444], [-72.2572174072, 166.538238525, 24.4710617065, -101.145347595, 18.5907249451, 9.08313846588, -31.3140048981, 3.04596996307, -21.6504020691, 0.609675824642, 13.7058610916, 6.41688108444, 104.751457214]], "icov": [[0.000120183532999, -0.000291239120997, 0.000323526881402, -0.000295341538731, 0.000138902047183, 0.000120398188301, 0.000210830214201, -0.000226857751841, 0.000119796139188, -0.000127458595671, 0.000375668605557, -0.000645851541776, 0.000235614876146], [-0.000291239120997, 0.00256752595305, -0.00281937955879, 0.00255031790584, -0.00170382135548, 0.000865132722538, -0.0018142783083, 0.0018156147562, 0.000340251863236, -0.000577265396714, -0.000982000026852, 0.00265416200273, -0.0014898943482], [0.000323526881402, -0.00281937955879, 0.00622332282364, -0.00498633505777, 0.00341559480876, -0.00309151900001, 0.00324615323916, -0.00213297572918, -0.00108977721538, 0.00269252061844, -0.00119718408678, -0.000590084178839, -0.000916795164812], [-0.000295341538731, 0.00255031790584, -0.00498633505777, 0.00766459060833, -0.0063151139766, 0.00400292361155, -0.00276962621137, -0.000800457899459, 0.00479893339798, -0.00704498961568, 0.00586120830849, -0.00549378851429, 0.00487878825516], [0.000138902047183, -0.00170382135548, 0.00341559480876, -0.0063151139766, 0.00984182674438, -0.00569531787187, 0.00109267048538, 0.00385465659201, -0.00764762703329, 0.00823510438204, -0.00790949258953, 0.0078660575673, -0.00620482303202], [0.000120398188301, 0.000865132722538, -0.00309151900001, 0.00400292361155, -0.00569531787187, 0.00932282581925, -0.00184872245882, -0.00427733827382, 0.00761547451839, -0.00721312360838, 0.00614910246804, -0.00563253415748, 0.00422552041709], [0.000210830214201, -0.0018142783083, 0.00324615323916, -0.00276962621137, 0.00109267048538, -0.00184872245882, 0.00885298196226, -0.00232776184566, -0.00294254138134, 0.00471142260358, -0.0013895657612, -0.00261662737466, 0.0019842828624], [-0.000226857751841, 0.0018156147562, -0.00213297572918, -0.000800457899459, 0.00385465659201, -0.00427733827382, -0.00232776184566, 0.011834429577, -0.00644078664482, 0.00134088168852, -0.00374864158221, 0.00821848399937, -0.00602280534804], [0.000119796139188, 0.000340251863236, -0.00108977721538, 0.00479893339798, -0.00764762703329, 0.00761547451839, -0.00294254138134, -0.00644078664482, 0.0178020447493, -0.0126929599792, 0.00774334277958, -0.00845247879624, 0.00769246183336], [-0.000127458595671, -0.000577265396714, 0.00269252061844, -0.00704498961568, 0.00823510438204, -0.00721312360838, 0.00471142260358, 0.00134088168852, -0.0126929599792, 0.0308205466717, -0.022142957896, 0.0130456248298, -0.00677299872041], [0.000375668605557, -0.000982000026852, -0.00119718408678, 0.00586120830849, -0.00790949258953, 0.00614910246804, -0.0013895657612, -0.00374864158221, 0.00774334277958, -0.022142957896, 0.0357870459557, -0.0207306649536, 0.00664039934054], [-0.000645851541776, 0.00265416200273, -0.000590084178839, -0.00549378851429, 0.0078660575673, -0.00563253415748, -0.00261662737466, 0.00821848399937, -0.00845247879624, 0.0130456248298, -0.0207306649536, 0.030678242445, -0.0127505930141], [0.000235614876146, -0.0014898943482, -0.000916795164812, 0.00487878825516, -0.00620482303202, 0.00422552041709, 0.0019842828624, -0.00602280534804, 0.00769246183336, -0.00677299872041, 0.00664039934054, -0.0127505930141, 0.0200473014265]], "mean": [-58.2309494019, 95.880607605, -70.5111083984, -2.71015453339, -15.7795581818, -1.70539188385, -2.09085154533, -12.9765291214, 0.806279778481, -6.70836162567, -5.17798566818, -0.800193250179, -5.02307462692]}, "hfc": {"dmean": 48.9457473755, "dmean2": 72.6883010864, "dvar": 13291.8525391, "dvar2": 29820.34375, "max": 8073.24609375, "mean": 149.063262939, "median": 88.1986312866, "min": 5.15982574143e-05, "var": 72150.203125}, "melbands": {"dmean": [0.0111003872007, 0.00363853084855, 0.00054943934083, 0.000351964030415, 0.000329483969836, 0.000300104933558, 0.000175821885932, 0.000245812319918, 0.000118164942251, 0.000110590292024, 8.04529263405e-05, 6.27234476269e-05, 5.19278219144e-05, 3.63091530744e-05, 2.53905491263e-05, 2.08575620491e-05, 1.34024821818e-05, 1.03224365375e-05, 8.30933549878e-06, 7.78980574978e-06, 4.42163081971e-06, 4.01015904572e-06, 3.30970715368e-06, 3.11620578941e-06, 2.29014108299e-06, 1.89049285382e-06, 1.50590722114e-06, 1.20543813864e-06, 1.10438259071e-06, 8.4476300799e-07, 8.54330380662e-07, 5.92940182287e-07, 5.05490447722e-07, 5.10009897425e-07, 5.08139180511e-07, 4.52159071074e-07, 2.41760233166e-07, 1.64350396403e-07, 1.1781688869e-07, 3.86007386055e-08], "dmean2": [0.0188554059714, 0.00590063165873, 0.00087320205057, 0.00055066018831, 0.000528543314431, 0.000488922989462, 0.000283853558358, 0.000404823600547, 0.000190636274056, 0.000182243267773, 0.000133745212224, 0.000103278704046, 8.26695686555e-05, 5.9013000282e-05, 4.14288588217e-05, 3.37768615282e-05, 2.19448356802e-05, 1.64013272297e-05, 1.29803529489e-05, 1.2510075976e-05, 6.74034117765e-06, 6.09343305769e-06, 4.87782153868e-06, 4.51217647424e-06, 3.23304857375e-06, 2.68019584837e-06, 2.11039446185e-06, 1.6208349507e-06, 1.51196309162e-06, 1.14212502922e-06, 1.18860725706e-06, 8.01399323791e-07, 6.68717120789e-07, 6.67666370191e-07, 6.57610883081e-07, 5.89861087974e-07, 3.23777243239e-07, 2.32094379271e-07, 1.71864513732e-07, 6.12515265175e-08], "dvar": [0.0011431024177, 0.000106391889858, 1.11881354314e-06, 4.6472592885e-07, 7.53691040245e-07, 1.86841759842e-06, 8.96039978215e-07, 1.3191039443e-06, 2.81304778582e-07, 3.06733767275e-07, 1.0362001035e-07, 3.60322331971e-08, 2.91911046446e-08, 2.07928536611e-08, 6.20219653413e-09, 4.30917701522e-09, 1.3517110764e-09, 6.46155740025e-10, 2.90535900893e-10, 3.15333370526e-10, 1.10756563643e-10, 8.67255503523e-11, 8.27419452398e-11, 6.6905633811e-11, 4.33859337345e-11, 3.2945358247e-11, 1.7670861302e-11, 1.19771484397e-11, 9.59793963057e-12, 5.55284637715e-12, 3.43371533464e-12, 1.75955951198e-12, 1.43393088202e-12, 1.38983909017e-12, 1.52339198114e-12, 1.31167049878e-12, 4.12745331619e-13, 1.9036311969e-13, 8.08170940109e-14, 9.11846891939e-15], "dvar2": [0.00304230977781, 0.000266734743491, 2.65159701485e-06, 1.05252547655e-06, 1.82869359833e-06, 4.90529419039e-06, 2.21583741222e-06, 3.64321340385e-06, 7.15268697604e-07, 8.49249886414e-07, 2.87656376941e-07, 9.67863655887e-08, 6.8350949789e-08, 5.45086571435e-08, 1.68841616244e-08, 1.00413624082e-08, 3.68698227504e-09, 1.66844982274e-09, 7.06539327044e-10, 7.94704246854e-10, 2.64651217607e-10, 1.90954710377e-10, 1.74255332386e-10, 1.39852560088e-10, 8.72347472036e-11, 6.5183074216e-11, 3.40520701914e-11, 2.22803477057e-11, 1.81902444496e-11, 1.08221712841e-11, 6.84593571068e-12, 3.25238599073e-12, 2.63659558596e-12, 2.4193349147e-12, 2.54184368866e-12, 2.32161186976e-12, 7.50317288769e-13, 3.5245404143e-13, 1.5937147164e-13, 2.0337142479e-14], "max": [0.340637475252, 0.158994734287, 0.0194499250501, 0.0183544494212, 0.0261440034956, 0.0532610714436, 0.062277559191, 0.0414874479175, 0.0240503270179, 0.0206407606602, 0.0122236907482, 0.00477261375636, 0.00462309550494, 0.00487836170942, 0.00359705439769, 0.00306754186749, 0.00145043118391, 0.000704900070559, 0.000490898906719, 0.000479955488117, 0.000239945729845, 0.000180705756065, 0.000248097989243, 0.000187473677215, 0.000103003534605, 0.000101821489807, 9.49147579377e-05, 0.000121771896374, 0.000107669649879, 0.000115392489533, 4.5271764975e-05, 4.67879362986e-05, 3.48004250554e-05, 1.64558441611e-05, 1.98628513317e-05, 2.03382096515e-05, 1.18920861496e-05, 6.77755906509e-06, 4.5255465011e-06, 2.05710171031e-06], "mean": [0.0102542126551, 0.00409983191639, 0.000866797694471, 0.000597888953052, 0.000556378334295, 0.000410475593526, 0.000247313873842, 0.000350188667653, 0.000175628505531, 0.000153961111209, 0.000118498312077, 9.6301540907e-05, 7.95982850832e-05, 5.54412908969e-05, 4.16608709202e-05, 3.32606068696e-05, 2.06147124118e-05, 1.74353372131e-05, 1.51805570567e-05, 1.30465514303e-05, 7.46538853491e-06, 6.13299744145e-06, 4.86730914417e-06, 4.54940209238e-06, 3.19508285429e-06, 2.54179303738e-06, 2.16156786337e-06, 1.82066082743e-06, 1.71899250745e-06, 1.3463563846e-06, 1.28291310375e-06, 9.15320299555e-07, 7.51107336328e-07, 7.5144123457e-07, 7.17970692676e-07, 5.94161917888e-07, 2.96368313002e-07, 1.85112725148e-07, 1.30309558699e-07, 3.99676345353e-08], "median": [0.00186482653953, 0.00102014001459, 0.000374938739697, 0.000228134798817, 0.000114943570225, 6.73493850627e-05, 4.21470249421e-05, 5.23274648003e-05, 2.71493463515e-05, 2.33593946177e-05, 1.91369072127e-05, 2.34893159359e-05, 1.47238688442e-05, 1.30767984956e-05, 1.03773154478e-05, 8.07082324172e-06, 4.86626595375e-06, 4.31482749264e-06, 4.44362058261e-06, 3.26689882968e-06, 1.70560520019e-06, 1.34844435706e-06, 9.60897978075e-07, 7.83698283158e-07, 5.30992167569e-07, 3.18534375765e-07, 2.5858855679e-07, 2.10627547403e-07, 1.86860319218e-07, 1.6267139813e-07, 2.69469381919e-07, 1.75530530555e-07, 9.18696230201e-08, 7.54893960675e-08, 5.95909988022e-08, 4.19957899567e-08, 2.14341362437e-08, 1.94113276564e-08, 1.80295920416e-08, 8.30658031248e-09], "min": [3.72757900935e-12, 1.39453878133e-12, 6.98648821087e-13, 1.30986638636e-12, 1.12548696491e-12, 5.53525866635e-13, 1.50638792347e-13, 3.47801858657e-14, 1.59654339987e-13, 4.0763757387e-13, 1.77863352844e-13, 1.83387417123e-13, 1.85963047804e-13, 1.8791732222e-13, 2.72163666387e-13, 6.12114471523e-13, 5.68483302966e-13, 3.49383391142e-13, 1.16504990876e-13, 7.50627926244e-14, 8.94551292307e-14, 6.76619337273e-14, 2.91954909684e-14, 4.63973680981e-14, 2.48722144768e-14, 2.02744569587e-14, 2.56942921394e-14, 1.87775630548e-13, 3.66021828731e-13, 1.30686070689e-13, 2.82888946643e-14, 1.928197829e-14, 7.33336595659e-14, 9.30778417123e-14, 6.5403669351e-14, 2.02489175601e-13, 9.48947477129e-14, 1.31977518107e-13, 9.88231306683e-14, 1.97268823455e-14], "var": [0.000843195419293, 9.59882236202e-05, 1.99297551262e-06, 1.25341375679e-06, 1.85369231076e-06, 2.6934253583e-06, 1.32367733841e-06, 2.09826635e-06, 5.54341568204e-07, 4.7515683832e-07, 1.67623312564e-07, 7.08707403874e-08, 6.33058476751e-08, 3.35737908586e-08, 1.25982690946e-08, 9.56249390782e-09, 2.65188448978e-09, 1.51296430939e-09, 7.84409759369e-10, 6.66688648732e-10, 2.38158465171e-10, 1.60715704633e-10, 1.37324346339e-10, 1.15789759725e-10, 6.96850355197e-11, 5.1468312251e-11, 3.30656925451e-11, 2.59047627099e-11, 2.32065425904e-11, 1.29110238126e-11, 6.93064052329e-12, 3.89147004551e-12, 3.0457780395e-12, 3.19887714408e-12, 3.54150020941e-12, 2.6295185647e-12, 7.22435620441e-13, 2.98272420218e-13, 1.18208150516e-13, 1.03856505373e-14]}, "melbands_crest": {"dmean": 4.88787889481, "dmean2": 8.02613639832, "dvar": 20.6595306396, "dvar2": 51.4219818115, "max": 39.6619148254, "mean": 18.9903411865, "median": 18.0560836792, "min": 3.85276246071, "var": 59.2459869385}, "melbands_flatness_db": {"dmean": 0.0456279292703, "dmean2": 0.0705920830369, "dvar": 0.00167792278808, "dvar2": 0.00405503669754, "max": 0.720600485802, "mean": 0.297477722168, "median": 0.290134817362, "min": 0.0317157916725, "var": 0.00910894013941}, "melbands_kurtosis": {"dmean": 31.2764854431, "dmean2": 52.0637016296, "dvar": 9000.75292969, "dvar2": 23853.7890625, "max": 3811.28710938, "mean": 44.5702705383, "median": 13.1336393356, "min": -1.72590255737, "var": 13844.796875}, "melbands_skewness": {"dmean": 1.53086829185, "dmean2": 2.41491746902, "dvar": 4.56238794327, "dvar2": 11.2814769745, "max": 48.8871612549, "mean": 3.90926742554, "median": 3.01145076752, "min": -3.91897511482, "var": 13.0595703125}, "melbands_spread": {"dmean": 5.40704727173, "dmean2": 8.47913074493, "dvar": 75.1801071167, "dvar2": 162.465240479, "max": 186.722991943, "mean": 13.1895599365, "median": 8.86450386047, "min": 0.0388606153429, "var": 244.427688599}, "mfcc": {"cov": [[12796.2382812, 593.641662598, -386.65020752, 900.699035645, -381.243896484, 122.521034241, -426.022583008, 78.6237945557, -345.162231445, -99.2562332153, -265.917694092, 128.155776978, 20.339931488], [593.641662598, 1959.67407227, -29.8187179565, -422.179382324, 47.3365974426, -40.2088165283, 7.20078039169, -194.573257446, 47.9422302246, -164.076263428, 10.54920578, -106.85308075, -23.8120670319], [-386.65020752, -29.8187179565, 733.360839844, 113.327194214, 130.644317627, 23.1873989105, 116.219009399, 55.1791419983, 36.3957672119, -14.1473827362, 29.4191207886, 10.5669078827, -25.2451457977], [900.699035645, -422.179382324, 113.327194214, 670.205322266, 87.4259338379, 156.766448975, -7.2813539505, 105.204124451, -52.0891571045, 61.824924469, -37.9903869629, 58.0214424133, 50.2879142761], [-381.243896484, 47.3365974426, 130.644317627, 87.4259338379, 315.264770508, 101.633049011, 77.7276382446, -3.10813641548, 47.6106681824, 10.8029899597, 12.2579469681, 5.22420930862, 24.2674942017], [122.521034241, -40.2088165283, 23.1873989105, 156.766448975, 101.633049011, 216.289825439, 66.4298324585, 53.307723999, -27.024646759, 2.16154313087, -24.5766277313, 13.6548719406, 11.093214035], [-426.022583008, 7.20078039169, 116.219009399, -7.2813539505, 77.7276382446, 66.4298324585, 173.810897827, 47.9565544128, 43.327671051, -17.4111804962, 24.9312877655, -13.2161808014, -1.11793112755], [78.6237945557, -194.573257446, 55.1791419983, 105.204124451, -3.10813641548, 53.307723999, 47.9565544128, 147.854370117, 23.9530296326, 39.1835021973, -1.64754247665, 20.9193840027, 2.88129901886], [-345.162231445, 47.9422302246, 36.3957672119, -52.0891571045, 47.6106681824, -27.024646759, 43.327671051, 23.9530296326, 120.40801239, 23.2560405731, 42.7725753784, -11.1399612427, 0.0756823271513], [-99.2562332153, -164.076263428, -14.1473827362, 61.824924469, 10.8029899597, 2.16154313087, -17.4111804962, 39.1835021973, 23.2560405731, 152.819152832, 28.8225193024, 36.47996521, 13.5173006058], [-265.917694092, 10.54920578, 29.4191207886, -37.9903869629, 12.2579469681, -24.5766277313, 24.9312877655, -1.64754247665, 42.7725753784, 28.8225193024, 96.0866241455, 22.7783031464, 5.93655776978], [128.155776978, -106.85308075, 10.5669078827, 58.0214424133, 5.22420930862, 13.6548719406, -13.2161808014, 20.9193840027, -11.1399612427, 36.47996521, 22.7783031464, 75.0017166138, 36.576965332], [20.339931488, -23.8120670319, -25.2451457977, 50.2879142761, 24.2674942017, 11.093214035, -1.11793112755, 2.88129901886, 0.0756823271513, 13.5173006058, 5.93655776978, 36.576965332, 68.829246521]], "icov": [[0.000119762138638, -0.000108332518721, 6.02194631938e-05, -0.000219430934521, 0.000107987732918, 3.98258052883e-05, 0.000159118149895, -0.000132724366267, 8.57906998135e-05, 0.000116784460261, 0.000188821548363, -0.000358172052074, 0.00022420854657], [-0.000108332518721, 0.000822673668154, -0.000146903606947, 0.000570781703573, -0.000113176378363, -0.000488956284244, 0.000120848308143, 0.000768261495978, -0.000454071094282, 0.000348100438714, -0.000354061514372, 0.00102756393608, -0.000649159366731], [6.02194631938e-05, -0.000146903606947, 0.00188282050658, -0.00061272707535, -0.000726979924366, 0.0010131103918, -0.00114998233039, -0.000501031347085, 0.000210358892218, 0.000478135509184, -1.6585801859e-05, -0.00137594307307, 0.00180345599074], [-0.000219430934521, 0.000570781703573, -0.00061272707535, 0.00299050565809, -0.000580863968935, -0.00158360670321, 0.000963810307439, -0.000850314332638, 0.000572019489482, -0.000548804411665, -0.000119313459436, 0.00111427623779, -0.00211076787673], [0.000107987732918, -0.000113176378363, -0.000726979924366, -0.000580863968935, 0.00537384627387, -0.00263084727339, -0.000838862732053, 0.00246330536902, -0.0027719498612, -0.000486745004309, 0.000733225839213, -0.000279726547888, -0.00131668243557], [3.98258052883e-05, -0.000488956284244, 0.0010131103918, -0.00158360670321, -0.00263084727339, 0.00907473731786, -0.00345143000595, -0.00241935253143, 0.00337687833235, 1.19640490084e-05, 0.00157801026944, -0.00191288487986, 0.00173225847539], [0.000159118149895, 0.000120848308143, -0.00114998233039, 0.000963810307439, -0.000838862732053, -0.00345143000595, 0.0108263753355, -0.00327353714965, -0.00146436330397, 0.00207085604779, -0.00316298753023, 0.00352062447928, -0.00196946249343], [-0.000132724366267, 0.000768261495978, -0.000501031347085, -0.000850314332638, 0.00246330536902, -0.00241935253143, -0.00327353714965, 0.0122740948573, -0.0045558931306, -0.0018561395118, 0.00269171735272, -0.00295918807387, 0.0014068732271], [8.57906998135e-05, -0.000454071094282, 0.000210358892218, 0.000572019489482, -0.0027719498612, 0.00337687833235, -0.00146436330397, -0.0045558931306, 0.0148024046794, -0.00176922068931, -0.00511410925537, 0.00475615961477, -0.00167843874078], [0.000116784460261, 0.000348100438714, 0.000478135509184, -0.000548804411665, -0.000486745004309, 1.19640490084e-05, 0.00207085604779, -0.0018561395118, -0.00176922068931, 0.00928918272257, -0.00190709414892, -0.00308479298837, 0.000924725085497], [0.000188821548363, -0.000354061514372, -1.6585801859e-05, -0.000119313459436, 0.000733225839213, 0.00157801026944, -0.00316298753023, 0.00269171735272, -0.00511410925537, -0.00190709414892, 0.0168371107429, -0.00867137219757, 0.00276195351034], [-0.000358172052074, 0.00102756393608, -0.00137594307307, 0.00111427623779, -0.000279726547888, -0.00191288487986, 0.00352062447928, -0.00295918807387, 0.00475615961477, -0.00308479298837, -0.00867137219757, 0.0281687211245, -0.0138902664185], [0.00022420854657, -0.000649159366731, 0.00180345599074, -0.00211076787673, -0.00131668243557, 0.00173225847539, -0.00196946249343, 0.0014068732271, -0.00167843874078, 0.000924725085497, 0.00276195351034, -0.0138902664185, 0.0234991945326]], "mean": [-728.573181152, 159.145614624, 5.72615098953, 20.3857975006, 6.10514068604, 20.9565010071, 2.74534797668, 10.546787262, 4.78449296951, 4.33685541153, 2.61983251572, 3.38308739662, 0.962505817413]}, "pitch_salience": {"dmean": 0.0933901742101, "dmean2": 0.151726067066, "dvar": 0.00740914372727, "dvar2": 0.0184236951172, "max": 0.892302632332, "mean": 0.485046565533, "median": 0.507250607014, "min": 0.0184455346316, "var": 0.0226492416114}, "silence_rate_20dB": {"dmean": 0.0529406107962, "dmean2": 0.105891413987, "dvar": 0.0501412078738, "dvar2": 0.11605784297, "max": 1, "mean": 0.955822885036, "median": 1, "min": 0, "var": 0.0422270707786}, "silence_rate_30dB": {"dmean": 0.0781595930457, "dmean2": 0.156334236264, "dvar": 0.0720466598868, "dvar2": 0.139196485281, "max": 1, "mean": 0.861405193806, "median": 1, "min": 0, "var": 0.119375668466}, "silence_rate_60dB": {"dmean": 0.02079122141, "dmean2": 0.0414901822805, "dvar": 0.0203594975173, "dvar2": 0.0428492613137, "max": 1, "mean": 0.153031766415, "median": 0, "min": 0, "var": 0.129610493779}, "spectral_centroid": {"dmean": 201.166183472, "dmean2": 285.831420898, "dvar": 69210.28125, "dvar2": 116858.328125, "max": 4064.26000977, "mean": 899.508178711, "median": 690.440307617, "min": 91.9893493652, "var": 445742.75}, "spectral_complexity": {"dmean": 3.08095097542, "dmean2": 4.38486719131, "dvar": 18.4639358521, "dvar2": 25.3610477448, "max": 56, "mean": 12.2913379669, "median": 11, "min": 0, "var": 96.3000717163}, "spectral_contrast_coeffs": {"dmean": [0.0530872382224, 0.0493808612227, 0.0383390411735, 0.0286917779595, 0.0256096236408, 0.0372016839683], "dmean2": [0.087842091918, 0.081074565649, 0.0631894171238, 0.0473042465746, 0.0413564667106, 0.0558594055474], "dvar": [0.00183712225407, 0.00154604529962, 0.000945240608416, 0.000547202071175, 0.00053731148364, 0.00126815831754], "dvar2": [0.00487713189796, 0.00415389193222, 0.00255542062223, 0.00142023246735, 0.0013771528611, 0.00273255934007], "max": [-0.388602823019, -0.44303637743, -0.507428824902, -0.559176146984, -0.698614895344, -0.459023863077], "mean": [-0.712891578674, -0.775619745255, -0.80620187521, -0.820514321327, -0.840155243874, -0.770045220852], "median": [-0.716365516186, -0.783435702324, -0.812737941742, -0.822279572487, -0.836844086647, -0.777080357075], "min": [-0.965173900127, -0.971701920033, -0.983993291855, -0.982138395309, -0.968983650208, -0.92583668232], "var": [0.00740848435089, 0.00573980761692, 0.00376236974262, 0.00204607797787, 0.0017475229688, 0.00536855030805]}, "spectral_contrast_valleys": {"dmean": [0.451600641012, 0.426352709532, 0.364935785532, 0.342745482922, 0.43660107255, 0.622034609318], "dmean2": [0.715247273445, 0.67535752058, 0.567178845406, 0.513679027557, 0.609023153782, 0.930687487125], "dvar": [0.158960461617, 0.151342213154, 0.116903491318, 0.125474199653, 0.200285121799, 0.280622780323], "dvar2": [0.340433269739, 0.338808447123, 0.244478166103, 0.252870202065, 0.409065842628, 0.62954556942], "max": [-4.27768039703, -4.06866598129, -4.39663076401, -5.45846509933, -5.66106700897, -8.476770401], "mean": [-7.07531642914, -7.06962442398, -7.51081562042, -8.0489358902, -8.49836158752, -11.3374080658], "median": [-6.7214512825, -6.85527420044, -7.31436061859, -7.92213392258, -8.36995887756, -11.2398643494], "min": [-14.7847957611, -16.03698349, -15.9788503647, -15.9336824417, -16.1431312561, -17.8396644592], "var": [1.90876030922, 1.61149668694, 1.3849105835, 1.36075413227, 1.58977329731, 1.38117671013]}, "spectral_decrease": {"dmean": 1.25249615124e-08, "dmean2": 2.0426027092e-08, "dvar": 1.1840661923e-15, "dvar2": 2.99117424521e-15, "max": 5.35926041323e-08, "mean": -1.36931816996e-08, "median": -4.64788030285e-09, "min": -3.39927282766e-07, "var": 1.01916888862e-15}, "spectral_energy": {"dmean": 0.0488210581243, "dmean2": 0.0788700282574, "dvar": 0.0174576696008, "dvar2": 0.0439088977873, "max": 1.30568480492, "mean": 0.0652016177773, "median": 0.0292321387678, "min": 2.4479964722e-09, "var": 0.0162854455411}, "spectral_energyband_high": {"dmean": 0.000226198579185, "dmean2": 0.000276183651295, "dvar": 1.93470896193e-07, "dvar2": 2.86652806381e-07, "max": 0.0074617145583, "mean": 0.000445131328888, "median": 0.000110504624899, "min": 9.97131474612e-11, "var": 6.17965838501e-07}, "spectral_energyband_low": {"dmean": 0.041877746582, "dmean2": 0.0695420727134, "dvar": 0.0147149600089, "dvar2": 0.0380490496755, "max": 1.2063472271, "mean": 0.0426174290478, "median": 0.0106314849108, "min": 1.63320277441e-11, "var": 0.0117848273367}, "spectral_energyband_middle_high": {"dmean": 0.00129224616103, "dmean2": 0.00191373552661, "dvar": 8.029748642e-06, "dvar2": 1.93746363948e-05, "max": 0.0933953300118, "mean": 0.00293517392129, "median": 0.00113207660615, "min": 2.09894861908e-11, "var": 2.92336462735e-05}, "spectral_energyband_middle_low": {"dmean": 0.0047071846202, "dmean2": 0.0072931740433, "dvar": 0.000118060685054, "dvar2": 0.000299639708828, "max": 0.310421586037, "mean": 0.0105679808185, "median": 0.00428000325337, "min": 1.48481504869e-11, "var": 0.000360868027201}, "spectral_entropy": {"dmean": 0.256617188454, "dmean2": 0.371776759624, "dvar": 0.0634896084666, "dvar2": 0.140404731035, "max": 8.75366687775, "mean": 7.32458114624, "median": 7.34387588501, "min": 4.66603851318, "var": 0.310201704502}, "spectral_flux": {"dmean": 0.056544508785, "dmean2": 0.0930129364133, "dvar": 0.0115071218461, "dvar2": 0.0261829774827, "max": 1.0417509079, "mean": 0.125736802816, "median": 0.0857877954841, "min": 0.000508767087013, "var": 0.019189234823}, "spectral_kurtosis": {"dmean": 6.84568548203, "dmean2": 10.2952070236, "dvar": 71.4743652344, "dvar2": 168.926528931, "max": 118.127182007, "mean": 19.5738601685, "median": 15.3228445053, "min": 1.75926589966, "var": 190.443130493}, "spectral_rms": {"dmean": 0.00201549986377, "dmean2": 0.00301899621263, "dvar": 1.36295439006e-05, "dvar2": 2.98961986118e-05, "max": 0.0356908775866, "mean": 0.00618724664673, "median": 0.00534033309668, "min": 1.54540907715e-06, "var": 2.53292582784e-05}, "spectral_rolloff": {"dmean": 3920.52514648, "dmean2": 7551.96923828, "dvar": 57690732, "dvar2": 133889616, "max": 22050, "mean": 11448.3720703, "median": 19853.6132812, "min": 21.533203125, "var": 107534080}, "spectral_skewness": {"dmean": 0.561938285828, "dmean2": 0.811784863472, "dvar": 0.365049660206, "dvar2": 0.818391621113, "max": 8.72111129761, "mean": 3.13613319397, "median": 2.94001579285, "min": 0.789238154888, "var": 1.47652006149}, "spectral_spread": {"dmean": 684555.3125, "dmean2": 1005281.25, "dvar": 410247790592, "dvar2": 846109540352, "max": 17976056, "mean": 4451318.5, "median": 4289948, "min": 1045246.625, "var": 1847743086590.0}, "spectral_strongpeak": {"dmean": 3.