{"lowlevel": {"average_loudness": 0.962713241577, "barkbands": {"dmean": [0.000137534691021, 0.00791949685663, 0.00730267027393, 0.00155934796203, 0.0013147337595, 0.000574144301936, 0.000579816871323, 0.000468059792183, 0.000500705849845, 0.000307135196635, 0.000216171145439, 0.000187488330994, 0.000178464935743, 0.000230429082876, 0.000328817259287, 0.000535333470907, 0.000292737444397, 0.000315127894282, 0.000329208181938, 0.00028829195071, 0.00030131440144, 0.000340227968991, 0.000286628870526, 0.000435881462181, 0.00024343644327, 0.000146747479448, 0.000101994504803], "dmean2": [0.00023121664708, 0.0123139889911, 0.0116135505959, 0.00271242670715, 0.00225507514551, 0.000922550796531, 0.000947213498875, 0.000760957831517, 0.000801800109912, 0.00047778771841, 0.0003382996656, 0.000304523593513, 0.000271159689873, 0.00037426824565, 0.000522025802638, 0.000819462933578, 0.000456175883301, 0.000495684042107, 0.00050852278946, 0.000450215215096, 0.000461251736851, 0.000538241351023, 0.000469630671432, 0.00071814970579, 0.000374476716388, 0.000215770938667, 0.00016345307813], "dvar": [5.10705646661e-08, 0.000203182848054, 0.00026001650258, 1.24521147882e-05, 8.28663542052e-06, 1.68422093338e-06, 2.1993705559e-06, 1.43106251471e-06, 1.35093785048e-06, 5.73646730118e-07, 2.28807607527e-07, 1.60927513093e-07, 1.62093201084e-07, 2.47693691335e-07, 5.43252724583e-07, 1.70933185473e-06, 2.57677555737e-07, 3.32496682631e-07, 2.70922328127e-07, 2.16418172272e-07, 2.08852796391e-07, 3.62036729484e-07, 3.68340522527e-07, 6.36832169221e-07, 2.1180996157e-07, 7.39332861599e-08, 4.95480030338e-08], "dvar2": [1.45258539419e-07, 0.000519287015777, 0.000620288774371, 3.30958719132e-05, 2.22595881496e-05, 4.2008764467e-06, 5.65694062971e-06, 3.39597272614e-06, 3.21103198075e-06, 1.16663363769e-06, 5.14177031619e-07, 3.94714277263e-07, 3.28348136236e-07, 5.9342772829e-07, 1.27116584281e-06, 3.68806217921e-06, 5.93162553741e-07, 7.83179530117e-07, 6.01661042765e-07, 4.94435141718e-07, 4.65867032062e-07, 8.76763579072e-07, 9.83234031082e-07, 1.59673993494e-06, 5.06034211867e-07, 1.60381318892e-07, 1.15259894073e-07], "max": [0.00402797292918, 0.171901032329, 0.135964885354, 0.051334567368, 0.0369476303458, 0.0436624996364, 0.0330930761993, 0.0332904309034, 0.0424179621041, 0.0231793411076, 0.0104849953204, 0.0138361873105, 0.0145105263218, 0.0136565966532, 0.0160880349576, 0.0196120925248, 0.00860505830497, 0.0118315862492, 0.00962951220572, 0.00778515124694, 0.00656146090478, 0.0078368736431, 0.00972677767277, 0.0110513763502, 0.0132690155879, 0.006942498032, 0.00291319121607], "mean": [0.000192301755305, 0.0119107337669, 0.00721063744277, 0.00155496667139, 0.00153057428543, 0.000843938323669, 0.000733449473046, 0.000574138306547, 0.000685742299538, 0.00044204085134, 0.00026921503013, 0.000248758849921, 0.00026898496435, 0.000287871342152, 0.000414801994339, 0.000656733289361, 0.000431348511484, 0.000458022841485, 0.000486087345053, 0.00041645692545, 0.000452201609733, 0.000484351767227, 0.000381967256544, 0.00054118206026, 0.000353925861418, 0.000213084073039, 0.000103583355667], "median": [8.23412265163e-05, 0.0041867159307, 0.0011586912442, 0.000365195155609, 0.000650510541163, 0.000381340039894, 0.000236173873418, 0.000137104696478, 0.000215937980101, 0.000120249722386, 7.29264356778e-05, 0.000100457058579, 9.00691520656e-05, 9.64341306826e-05, 0.000128261279315, 0.000141173833981, 0.000195062180865, 0.000225935684284, 0.000258270447375, 0.000216076165088, 0.000237052925513, 0.000246956682531, 0.000180603266926, 0.000249961711233, 0.000158333888976, 6.75669070915e-05, 5.29996304977e-06], "min": [1.29126274993e-23, 6.16815153844e-24, 1.04905464468e-24, 7.26225033802e-24, 1.24277651879e-23, 3.24324257746e-23, 5.58187248026e-23, 2.57370145954e-23, 5.72039961066e-23, 3.61609074233e-23, 4.49344006856e-23, 7.11429726644e-23, 9.79746942711e-23, 3.06980046339e-23, 1.3544196482e-22, 1.990092096e-22, 1.83059843113e-22, 2.2642670776e-22, 2.44596206513e-22, 3.69056545957e-22, 4.05018101918e-22, 3.25871649432e-22, 4.49681816028e-22, 9.65701154387e-22, 9.58293788352e-22, 1.47623042474e-21, 2.3513903401e-21], "var": [8.31268138768e-08, 0.000338328711223, 0.00027457284159, 1.05132367025e-05, 7.90945159679e-06, 2.3302734462e-06, 2.63574384007e-06, 2.27039686251e-06, 2.10390066968e-06, 1.5237280877e-06, 3.64859772617e-07, 2.26764456102e-07, 3.50568512886e-07, 3.39504168778e-07, 8.22591402994e-07, 2.40518511418e-06, 4.12163672081e-07, 4.75570033132e-07, 4.31201925721e-07, 3.37466104838e-07, 3.33736693392e-07, 4.75390464771e-07, 3.68566162479e-07, 6.67425979373e-07, 2.79235337075e-07, 1.28117491727e-07, 6.01256004984e-08]}, "barkbands_crest": {"dmean": 3.43937087059, "dmean2": 5.49844789505, "dvar": 10.1172056198, "dvar2": 23.1698608398, "max": 26.8209934235, "mean": 11.2161445618, "median": 10.1528139114, "min": 1.92540466785, "var": 34.668712616}, "barkbands_flatness_db": {"dmean": 0.0320383161306, "dmean2": 0.0465640984476, "dvar": 0.00112629658543, "dvar2": 0.00213969289325, "max": 0.606839060783, "mean": 0.115219920874, "median": 0.0979825258255, "min": 0.0136029263958, "var": 0.00520616630092}, "barkbands_kurtosis": {"dmean": 10.5491361618, "dmean2": 15.827419281, "dvar": 6315.17822266, "dvar2": 12010.8251953, "max": 5892.74609375, "mean": 11.4033489227, "median": 0.412004172802, "min": -1.97487819195, "var": 8829.20800781}, "barkbands_skewness": {"dmean": 1.02156293392, "dmean2": 1.48908984661, "dvar": 2.50422334671, "dvar2": 4.80338382721, "max": 69.622833252, "mean": 1.82857894897, "median": 1.20029783249, "min": -5.23906707764, "var": 6.98672819138}, "barkbands_spread": {"dmean": 13.5122613907, "dmean2": 21.2044792175, "dvar": 191.824829102, "dvar2": 433.72644043, "max": 130.128601074, "mean": 39.5704917908, "median": 38.4710655212, "min": 0.0398359671235, "var": 509.738006592}, "dissonance": {"dmean": 0.0131279677153, "dmean2": 0.0216056387872, "dvar": 0.000216273852857, "dvar2": 0.000549652031623, "max": 0.500000059605, "mean": 0.476549655199, "median": 0.482611477375, "min": 0.156431108713, "var": 0.000448631762993}, "dynamic_complexity": 3.04014897346, "erbbands": {"dmean": [0.161812677979, 2.06680011749, 7.58824872971, 6.58079433441, 3.60888004303, 5.03168010712, 4.48431301117, 5.39442873001, 7.58824253082, 8.06146240234, 10.7743778229, 12.5498523712, 8.37928199768, 9.04783821106, 9.16100215912, 7.55414533615, 7.44601583481, 10.3880910873, 15.2673711777, 21.6089057922, 26.0744628906, 15.9686555862, 16.5029010773, 16.9286231995, 15.8771562576, 14.2701435089, 13.3917264938, 11.6134500504, 12.3074121475, 10.1806402206, 8.06103515625, 8.27817821503, 7.3890004158, 2.92403030396, 1.74057412148, 0.639084994793, 0.281537652016, 0.121997915208, 0.017238965258, 0.000452615815448], "dmean2": [0.256417065859, 3.22052717209, 11.9888114929, 10.7671489716, 6.1939868927, 8.639295578, 7.27061271667, 8.8292350769, 12.4103851318, 12.9615345001, 17.1515445709, 20.2265701294, 12.702835083, 14.2145118713, 14.3971271515, 12.1331224442, 11.2967891693, 16.3967437744, 24.4120521545, 32.97057724, 39.8128204346, 24.3213768005, 25.5114479065, 26.4739608765, 24.3044166565, 22.4002113342, 20.7888717651, 17.9202690125, 19.5958271027, 16.070356369, 13.311961174, 13.6485481262, 12.1525297165, 4.5838637352, 2.72206735611, 0.964768528938, 0.418802440166, 0.189178332686, 0.0280615184456, 0.000756916590035], "dvar": [0.0788234770298, 14.1548604965, 254.821289063, 207.582275391, 69.1545257568, 124.167648315, 97.2062530518, 185.538131714, 343.056488037, 497.866638184, 727.192077637, 868.339416504, 617.112915039, 442.388305664, 366.430267334, 294.921569824, 269.329711914, 601.353515625, 832.83782959, 2929.39306641, 3927.95996094, 786.99041748, 965.044067383, 885.365112305, 583.060302734, 543.867553711, 425.16973877, 350.359344482, 432.118652344, 385.758789063, 289.405700684, 242.369049072, 207.715637207, 28.4821300507, 11.5817327499, 1.64077746868, 0.280611813068, 0.0616399683058, 0.00145747174975, 1.14514318739e-06], "dvar2": [0.205874115229, 36.0970344543, 596.864624023, 518.058044434, 189.893630981, 334.741210938, 244.149642944, 472.819793701, 874.010070801, 1258.24133301, 1697.86779785, 2085.09033203, 1220.80712891, 1012.32348633, 869.721435547, 713.312255859, 560.556213379, 1437.3626709, 2037.77539063, 6367.05273438, 8449.796875, 1746.01147461, 2212.29199219, 2064.2590332, 1290.79260254, 1258.54431152, 973.591369629, 813.163757324, 1043.71374512, 964.656494141, 775.267700195, 635.458557129, 518.469787598, 68.5572967529, 28.0187683105, 3.6473429203, 0.598629236221, 0.139673560858, 0.0034949767869, 2.91953915621e-06], "max": [4.44132614136, 44.0838470459, 161.112457275, 159.024200439, 135.187744141, 153.00453186, 300.650634766, 512.228271484, 538.069152832, 609.599121094, 909.911010742, 946.225158691, 840.89453125, 584.679504395, 285.286865234, 703.167236328, 565.787231445, 786.205627441, 758.975646973, 1020.77630615, 744.221130371, 485.33392334, 774.297180176, 436.092041016, 346.111328125, 366.724243164, 270.55065918, 296.935180664, 292.780059814, 366.340606689, 222.016586304, 202.30368042, 220.442993164, 105.577674866, 114.940254211, 52.1127243042, 8.18681812286, 3.59448504448, 0.512700259686, 0.0129820834845], "mean": [0.250878751278, 3.01033067703, 8.55972480774, 6.85383176804, 4.02909088135, 5.58845615387, 6.26965808868, 7.4247303009, 10.2948122025, 9.81947040558, 14.2137346268, 17.183719635, 13.7798786163, 12.6180305481, 11.6155261993, 10.7723226547, 11.8355808258, 14.7298440933, 20.4438800812, 28.4929962158, 33.3135261536, 23.8572921753, 25.2903862, 23.5497741699, 24.7526378632, 20.1991214752, 19.7773189545, 16.8470458984, 17.4615192413, 14.3063926697, 10.7214517593, 10.2274398804, 9.17086410522, 4.32136535645, 2.35416293144, 0.925064504147, 0.400248020887, 0.145796477795, 0.0168415717781, 0.000435000460129], "median": [0.104434840381, 0.890882909298, 1.70289564133, 1.75913596153, 1.6058781147, 2.1726000309, 2.6947684288, 3.12355446815, 3.88796210289, 2.71490216255, 4.5225777626, 5.74738121033, 4.02779579163, 4.25017642975, 4.06523609161, 4.55208778381, 4.61883926392, 5.55771875381, 7.93582582474, 7.08428668976, 9.01070308685, 11.0280408859, 12.7569656372, 11.9237718582, 13.8387775421, 10.1818494797, 10.1570053101, 8.76260662079, 8.95112323761, 6.96781730652, 5.15435266495, 4.59737920761, 4.22701454163, 2.00497984886, 1.00575613976, 0.352844595909, 0.105258256197, 0.0206847060472, 0.000641844701022, 7.56878507673e-05], "min": [3.92549681995e-22, 9.45190871826e-22, 1.6702777876e-21, 1.1258580834e-20, 1.52277197617e-20, 4.18399392186e-20, 1.40120518357e-19, 3.39737346441e-19, 6.3003152273e-19, 7.73555889308e-19, 1.03788584845e-18, 1.09774725502e-18, 1.44870365211e-18, 1.12683082196e-18, 2.02432023561e-18, 3.76370197921e-18, 4.99011180183e-18, 1.83443947843e-18, 4.28336661852e-18, 8.65029005943e-18, 8.5481324266e-18, 1.03582649959e-17, 1.15391248774e-17, 9.57910718103e-18, 1.35563429402e-17, 1.70469797779e-17, 1.78327351854e-17, 1.63615051305e-17, 1.43985261276e-17, 9.34918323078e-18, 1.50240533417e-17, 2.02151675508e-17, 1.36729464553e-17, 1.05777912859e-17, 6.712104141e-18, 4.59954275918e-18, 3.20868612206e-18, 1.1066140108e-18, 3.22189149185e-19, 3.44292087237e-20], "var": [0.131502300501, 23.5573806763, 313.054901123, 198.547973633, 59.9407119751, 119.782897949, 133.951431274, 224.027740479, 427.107574463, 590.183044434, 1250.95385742, 1334.47497559, 1852.9152832, 760.813720703, 493.148132324, 427.311248779, 586.476257324, 899.374572754, 1265.65856934, 5210.99316406, 5180.52734375, 1283.05578613, 1468.94677734, 1198.89953613, 1006.61560059, 815.681152344, 656.339050293, 510.725311279, 573.317321777, 483.227539063, 285.776702881, 240.518386841, 211.145568848, 38.4545593262, 14.1124429703, 2.41997647285, 0.50064188242, 0.08785738796, 0.00170574290678, 1.0838767821e-06]}, "erbbands_crest": {"dmean": 2.50259280205, "dmean2": 4.09109067917, "dvar": 6.15774869919, "dvar2": 14.7377414703, "max": 29.6259651184, "mean": 7.07597112656, "median": 5.99302101135, "min": 2.14156937599, "var": 14.39909935}, "erbbands_flatness_db": {"dmean": 0.0180015712976, "dmean2": 0.0268199685961, "dvar": 0.000324198976159, "dvar2": 0.000673982489388, "max": 0.363892138004, "mean": 0.112026274204, "median": 0.105476506054, "min": 0.0317063257098, "var": 0.0014671824174}, "erbbands_kurtosis": {"dmean": 1.03821182251, "dmean2": 1.63731765747, "dvar": 7.11483383179, "dvar2": 14.4064645767, "max": 172.466415405, "mean": 0.217790901661, "median": -0.386536121368, "min": -1.93313908577, "var": 12.5161590576}, "erbbands_skewness": {"dmean": 0.42976385355, "dmean2": 0.647388875484, "dvar": 0.235715135932, "dvar2": 0.482589453459, "max": 12.0964698792, "mean": -0.23095099628, "median": -0.29194688797, "min": -5.36516666412, "var": 0.741685569286}, "erbbands_spread": {"dmean": 15.0104150772, "dmean2": 23.1298274994, "dvar": 229.72303772, "dvar2": 541.009887695, "max": 177.327774048, "mean": 58.5085487366, "median": 54.5809631348, "min": 2.80996751785, "var": 684.023803711}, "gfcc": {"cov": [[9013.64648438, -148.758666992, -245.13482666, -199.511459351, 53.67735672, -0.653444945812, -168.883911133, 85.3087844849, -134.337631226, -39.5111618042, -339.74005127, 29.1635627747, -128.094818115], [-148.758666992, 1579.51635742, -62.1055908203, 350.548614502, 108.461639404, 196.654541016, 172.583969116, 166.781524658, 110.982559204, -17.7982597351, 82.1706008911, -112.264480591, -12.0039367676], [-245.13482666, -62.1055908203, 1080.62536621, 351.701446533, 255.737442017, 111.507698059, 150.758270264, 13.3007297516, 38.8846511841, -1.10847353935, 1.5510392189, 19.0753421783, -32.858341217], [-199.511459351, 350.548614502, 351.701446533, 787.26373291, 194.127822876, 235.878875732, 48.1095237732, 74.7307662964, 38.1968841553, -7.44840669632, 8.88211250305, -69.6530609131, -1.49669873714], [53.67735672, 108.461639404, 255.737442017, 194.127822876, 412.176727295, 116.020332336, 142.342132568, 50.4134521484, 72.1093292236, 17.4615039825, -13.6625556946, 7.30958843231, -9.82690238953], [-0.653444945812, 196.654541016, 111.507698059, 235.878875732, 116.020332336, 361.666412354, 186.055099487, 110.6743927, 37.1479682922, 16.8961868286, 38.5618934631, -31.2549972534, -3.71483826637], [-168.883911133, 172.583969116, 150.758270264, 48.1095237732, 142.342132568, 186.055099487, 278.645019531, 101.960456848, 60.2058639526, 11.213927269, 40.3426589966, -13.0592308044, -17.8773670197], [85.3087844849, 166.781524658, 13.3007297516, 74.7307662964, 50.4134521484, 110.6743927, 101.960456848, 145.616088867, 65.8859939575, 27.4035816193, 18.1654396057, -9.00168228149, -0.18189497292], [-134.337631226, 110.982559204, 38.8846511841, 38.1968841553, 72.1093292236, 37.1479682922, 60.2058639526, 65.8859939575, 129.376754761, 52.5816040039, 34.6803512573, -0.356593191624, 20.5306339264], [-39.5111618042, -17.7982597351, -1.10847353935, -7.44840669632, 17.4615039825, 16.8961868286, 11.213927269, 27.4035816193, 52.5816040039, 94.5683364868, 37.058681488, 29.9390907288, 6.45644426346], [-339.74005127, 82.1706008911, 1.5510392189, 8.88211250305, -13.6625556946, 38.5618934631, 40.3426589966, 18.1654396057, 34.6803512573, 37.058681488, 114.671485901, 28.0867023468, 29.4854736328], [29.1635627747, -112.264480591, 19.0753421783, -69.6530609131, 7.30958843231, -31.2549972534, -13.0592308044, -9.00168228149, -0.356593191624, 29.9390907288, 28.0867023468, 112.529884338, 37.2850646973], [-128.094818115, -12.0039367676, -32.858341217, -1.49669873714, -9.82690238953, -3.71483826637, -17.8773670197, -0.18189497292, 20.5306339264, 6.45644426346, 29.4854736328, 37.2850646973, 86.6593017578]], "icov": [[0.000137753842864, -2.22891467274e-05, 1.18494535855e-05, 7.0548740041e-05, -5.44669310329e-05, -0.000113141904876, 0.000181911484106, -0.000219260749873, 0.000112631903903, -4.4222928409e-05, 0.000406903942348, -0.000178872651304, 0.00014740775805], [-2.22891467274e-05, 0.000931781018153, 0.000241155736148, -0.000408460735343, -6.41662554699e-05, 0.000191922299564, -0.000303489068756, -0.0005608338397, -0.000456384557765, 0.000711735978257, -0.000871353258844, 0.000571752723772, 0.000223246242967], [1.18494535855e-05, 0.000241155736148, 0.00142799445894, -0.000812079175375, -0.000301666441374, 0.000328695517965, -0.000973409274593, 0.000624330888968, -0.000470218656119, 0.000399576616473, 1.62690594152e-05, -0.000834186910652, 0.000793728861026], [7.0548740041e-05, -0.000408460735343, -0.000812079175375, 0.00261473236606, -0.00090889603598, -0.00171404110733, 0.00215333537199, -0.000837002997287, 0.000433198234532, 6.10431088717e-05, -0.000174240252818, 0.00131072453223, -0.000560960674193], [-5.44669310329e-05, -6.41662554699e-05, -0.000301666441374, -0.00090889603598, 0.00412956625223, -4.66183155368e-05, -0.00210486212745, 0.00134196050931, -0.00218814308755, -8.96701094462e-05, 0.00198225863278, -0.0015705259284, 0.000341738603311], [-0.000113141904876, 0.000191922299564, 0.000328695517965, -0.00171404110733, -4.66183155368e-05, 0.00628727907315, -0.00381852150895, -0.00188031815924, 0.00208839401603, -0.00133647210896, -0.00103403266985, 0.00126470264513, -0.00116058951244], [0.000181911484106, -0.000303489068756, -0.000973409274593, 0.00215333537199, -0.00210486212745, -0.00381852150895, 0.00954829901457, -0.00353767978959, -0.000943521561567, 0.00230997311883, -0.00224513909779, 0.000279636267805, 0.00214993930422], [-0.000219260749873, -0.0005608338397, 0.000624330888968, -0.000837002997287, 0.00134196050931, -0.00188031815924, -0.00353767978959, 0.0137881562114, -0.00543757667765, -0.00102972099558, 0.00184902420733, -0.00142773694824, 0.00054129603086], [0.000112631903903, -0.000456384557765, -0.000470218656119, 0.000433198234532, -0.00218814308755, 0.00208839401603, -0.000943521561567, -0.00543757667765, 0.0164712741971, -0.00793978571892, -0.00126697099768, 0.00422094669193, -0.00512787885964], [-4.4222928409e-05, 0.000711735978257, 0.000399576616473, 6.10431088717e-05, -8.96701094462e-05, -0.00133647210896, 0.00230997311883, -0.00102972099558, -0.00793978571892, 0.0183339565992, -0.00440515112132, -0.00484610814601, 0.00469164596871], [0.000406903942348, -0.000871353258844, 1.62690594152e-05, -0.000174240252818, 0.00198225863278, -0.00103403266985, -0.00224513909779, 0.00184902420733, -0.00126697099768, -0.00440515112132, 0.0149821341038, -0.00323350331746, -0.00287293852307], [-0.000178872651304, 0.000571752723772, -0.000834186910652, 0.00131072453223, -0.0015705259284, 0.00126470264513, 0.000279636267805, -0.00142773694824, 0.00422094669193, -0.00484610814601, -0.00323350331746, 0.0151217570528, -0.0065929191187], [0.00014740775805, 0.000223246242967, 0.000793728861026, -0.000560960674193, 0.000341738603311, -0.00116058951244, 0.00214993930422, 0.00054129603086, -0.00512787885964, 0.00469164596871, -0.00287293852307, -0.0065929191187, 0.017192594707]], "mean": [18.2901954651, 34.6524047852, -92.1945800781, 47.0075759888, -55.4732627869, 18.8675727844, -35.6801986694, 16.080039978, -20.7378101349, 6.48950767517, -16.155670166, 2.7704269886, -11.4405670166]}, "hfc": {"dmean": 18.5797786713, "dmean2": 26.5130386353, "dvar": 857.755310059, "dvar2": 1902.93017578, "max": 309.998535156, "mean": 34.0307044983, "median": 22.4385662079, "min": 1.18138583594e-16, "var": 1374.77661133}, "melbands": {"dmean": [0.00184909626842, 0.00338393216953, 0.00104241329245, 0.000302627362544, 0.000172290267074, 0.00011593556701, 0.00011835591431, 9.05209744815e-05, 8.74523175298e-05, 7.74507425376e-05, 4.23180827056e-05, 3.86772480852e-05, 2.94661113003e-05, 2.37911626755e-05, 1.59449409693e-05, 1.93098039745e-05, 2.03217477974e-05, 2.50516495726e-05, 2.4444925657e-05, 3.52296920028e-05, 3.01927502733e-05, 1.64292741829e-05, 1.70271341631e-05, 1.45124777191e-05, 1.42137951116e-05, 1.35814707392e-05, 9.66201241681e-06, 9.979722563e-06, 8.99125916476e-06, 7.23798939362e-06, 7.04988860889e-06, 7.25153131498e-06, 6.54660107102e-06, 5.7475790527e-06, 5.13633676746e-06, 4.06046956414e-06, 5.67565393794e-06, 6.09631842963e-06, 3.36363041242e-06, 2.32675506595e-06], "dmean2": [0.00289584184065, 0.0053375987336, 0.00168035714887, 0.000524664879777, 0.000283390079858, 0.000188714067917, 0.000193451880477, 0.000146101680002, 0.000138351111673, 0.000125069534988, 6.43590392428e-05, 6.11440336797e-05, 4.58627037005e-05, 3.87444888474e-05, 2.54450969805e-05, 2.9249009458e-05, 3.23975436913e-05, 4.05130849686e-05, 3.76862590201e-05, 5.40708279004e-05, 4.63621363451e-05, 2.5407432986e-05, 2.65930339083e-05, 2.27055934374e-05, 2.2576914489e-05, 2.11250426219e-05, 1.50288160512e-05, 1.6005256839e-05, 1.41542104757e-05, 1.12533416541e-05, 1.12111410999e-05, 1.17319741548e-05, 1.04886257759e-05, 9.30864916882e-06, 8.5963129095e-06, 6.79684626448e-06, 9.39706023928e-06, 1.00852166725e-05, 5.47668696527e-06, 3.67594611816e-06], "dvar": [1.07988553282e-05, 4.07437619288e-05, 4.74098987979e-06, 4.36615181343e-07, 1.42281734838e-07, 7.79104425419e-08, 8.15662772879e-08, 5.69622038427e-08, 4.43571472886e-08, 3.66111407857e-08, 1.56968873455e-08, 8.22049273097e-09, 3.83267373394e-09, 2.37706099249e-09, 1.26010601953e-09, 2.19943685487e-09, 2.38795627716e-09, 2.30072072505e-09, 3.43685768733e-09, 7.73859287762e-09, 5.08940090072e-09, 8.15617351435e-10, 1.04086528285e-09, 6.73573585797e-10, 6.44690079099e-10, 4.56952919947e-10, 2.58079446702e-10, 2.72273592561e-10, 1.95830240912e-10, 1.23165366794e-10, 1.45646050775e-10, 1.49520118509e-10, 1.30153832156e-10, 1.42299214079e-10, 1.16362655622e-10, 7.8226841671e-11, 1.1443694603e-10, 1.72209399518e-10, 3.04023542452e-11, 2.11411357171e-11], "dvar2": [2.77632425423e-05, 9.81941193459e-05, 1.15332868518e-05, 1.18926720916e-06, 3.65125430335e-07, 1.97111120315e-07, 2.07133183494e-07, 1.41824713751e-07, 1.01479905368e-07, 8.86150104407e-08, 3.11818375565e-08, 1.8719354955e-08, 8.7336315957e-09, 5.82940939964e-09, 2.91370283456e-09, 4.45926851e-09, 5.76056846668e-09, 5.77063019591e-09, 7.84513165542e-09, 1.717848086e-08, 1.09756630451e-08, 1.86313897643e-09, 2.43400677391e-09, 1.58495272462e-09, 1.53012802429e-09, 1.03148678487e-09, 5.79831127556e-10, 6.48670173131e-10, 4.51778309207e-10, 2.83608941887e-10, 3.56647239519e-10, 3.66751989889e-10, 3.0734295664e-10, 3.68073349577e-10, 3.1313115989e-10, 2.11791278959e-10, 2.96904695274e-10, 4.38368535916e-10, 7.39326308508e-11, 5.18872375621e-11], "max": [0.0410529151559, 0.0678569674492, 0.0227498449385, 0.0106349214911, 0.00875744689256, 0.0101284673437, 0.00739704677835, 0.00566743221134, 0.00684674270451, 0.00620072660968, 0.00428064819425, 0.00253081182018, 0.00134655379225, 0.00128902052529, 0.00101733650081, 0.0020058543887, 0.0014257581206, 0.0010520874057, 0.00133195659146, 0.00206713331863, 0.000831697194371, 0.000693772803061, 0.000686140323523, 0.000451594241895, 0.000419581861934, 0.000478015164845, 0.000351558381226, 0.000302595639369, 0.000218660468818, 0.000218599641812, 0.000170138795511, 0.000163749762578, 0.000223711860599, 0.000247781077633, 0.000145325815538, 0.000118924224807, 0.000152051987243, 0.000224637245992, 6.94398768246e-05, 9.3161870609e-05], "mean": [0.00283502414823, 0.00445553706959, 0.00113121210597, 0.000336107856128, 0.000232086546021, 0.000164075332577, 0.000158443275723, 0.000108135667688, 0.000116026865726, 0.000105860286567, 6.72968162689e-05, 5.1585266192e-05, 3.72326394427e-05, 3.08152702928e-05, 2.31490193983e-05, 2.90603384201e-05, 2.65533835773e-05, 3.18541933666e-05, 3.09655624733e-05, 4.44128236268e-05, 3.71795576939e-05, 2.37584790739e-05, 2.46705385507e-05, 2.08121236938e-05, 1.84150976565e-05, 2.00000558834e-05, 1.42753669934e-05, 1.32051136461e-05, 1.27195689856e-05, 1.05975414044e-05, 9.47395346884e-06, 9.86401755654e-06, 9.24972664507e-06, 7.51206516725e-06, 6.50508127364e-06, 5.24028018845e-06, 6.63848049953e-06, 7.09326786819e-06, 4.68579628432e-06, 3.29391241394e-06], "median": [0.00108088355046, 0.00114114361349, 0.000327045825543, 0.000140801028465, 0.000100956640381, 7.06128121237e-05, 5.84884401178e-05, 2.83892131847e-05, 3.7153957237e-05, 3.2786589145e-05, 1.81741561391e-05, 1.58388920681e-05, 1.13983614938e-05, 1.2482708371e-05, 9.36803280638e-06, 9.43814666243e-06, 8.72964301379e-06, 1.13921205411e-05, 8.77207185113e-06, 9.4271144917e-06, 9.81318771665e-06, 1.07341529656e-05, 1.09476150101e-05, 1.03214215414e-05, 8.39505355543e-06, 1.05396366052e-05, 7.36834590498e-06, 6.23667665423e-06, 6.3454699557e-06, 5.59474437978e-06, 4.59846523881e-06, 4.99883253724e-06, 4.53664961242e-06, 3.43175474882e-06, 3.0341193451e-06, 2.45081446337e-06, 2.78952620647e-06, 2.9800298762e-06, 2.17425804294e-06, 1.43851548273e-06], "min": [4.97138209761e-24, 1.12563233098e-24, 5.16890142979e-24, 1.42877353166e-24, 4.69034724468e-24, 7.36503812511e-24, 9.55040608021e-24, 6.68471659184e-24, 8.03746394958e-24, 7.61416434328e-24, 7.37481763375e-24, 4.34714226381e-24, 7.00300224557e-24, 6.10786915464e-24, 9.78896235111e-24, 7.83617977873e-24, 2.86806672071e-24, 5.26757412397e-24, 1.2848326658e-23, 8.06695866997e-24, 8.42528453667e-24, 1.00985145258e-23, 1.20558188489e-23, 7.46484480684e-24, 7.23970548221e-24, 9.14951643451e-24, 1.00998248237e-23, 1.16618538242e-23, 1.2008977866e-23, 9.00739052066e-24, 9.09623045808e-24, 8.85681590651e-24, 4.77833797334e-24, 5.37118942615e-24, 8.7946331568e-24, 9.51891080857e-24, 1.16450992074e-23, 9.22892869525e-24, 9.69561565134e-24, 8.08019654482e-24], "var": [1.78379359568e-05, 6.10937277088e-05, 4.8589627113e-06, 4.00999425665e-07, 1.72532651277e-07, 9.8603521792e-08, 1.02932993684e-07, 7.05542291257e-08, 7.83274103355e-08, 5.54385444218e-08, 4.68578775781e-08, 1.38791618198e-08, 5.83349146765e-09, 3.20498605433e-09, 2.02494754298e-09, 4.80328044006e-09, 3.36268124457e-09, 3.30816884997e-09, 5.35334976348e-09, 1.26008012913e-08, 6.55155707463e-09, 1.33361099941e-09, 1.54413770659e-09, 9.6583596676e-10, 8.23797807747e-10, 7.45805417424e-10, 4.17931328434e-10, 3.81546322314e-10, 2.88897045175e-10, 1.91744925493e-10, 1.84492532362e-10, 1.86918522327e-10, 1.86679532943e-10, 1.53885557075e-10, 1.11484071974e-10, 7.1827523096e-11, 1.12730359769e-10, 1.59385338261e-10, 4.06327714531e-11, 2.62739083962e-11]}, "melbands_crest": {"dmean": 4.0782661438, "dmean2": 6.31840753555, "dvar": 12.9007415771, "dvar2": 28.5153198242, "max": 39.7001800537, "mean": 16.4337482452, "median": 16.2207775116, "min": 1.61948525906, "var": 45.959854126}, "melbands_flatness_db": {"dmean": 0.0410358346999, "dmean2": 0.0589163601398, "dvar": 0.00176020513754, "dvar2": 0.00327479606494, "max": 0.738455832005, "mean": 0.17344647646, "median": 0.157941505313, "min": 0.00178900291212, "var": 0.00918532628566}, "melbands_kurtosis": {"dmean": 26.9170665741, "dmean2": 41.6182632446, "dvar": 4271.83105469, "dvar2": 9320.45214844, "max": 1278.16479492, "mean": 39.3356819153, "median": 10.7577266693, "min": -1.89621126652, "var": 7969.59375}, "melbands_skewness": {"dmean": 1.49125409126, "dmean2": 2.2234647274, "dvar": 3.66331195831, "dvar2": 7.80864143372, "max": 30.8883514404, "mean": 4.11438274384, "median": 3.08630609512, "min": -3.55125546455, "var": 12.0265932083}, "melbands_spread": {"dmean": 15.421374321, "dmean2": 23.559923172, "dvar": 393.075531006, "dvar2": 840.674682617, "max": 288.883331299, "mean": 38.3592948914, "median": 29.8750686646, "min": 0.140593901277, "var": 1187.31835938}, "mfcc": {"cov": [[7172.21044922, -89.3062133789, -442.20489502, -137.287460327, 9.74935245514, -52.4385795593, -75.0942687988, 31.4558773041, 60.057220459, -51.9684906006, -95.5373764038, -83.558921814, -38.2723999023], [-89.3062133789, 1024.0324707, -10.7441368103, 63.5251579285, 20.7749347687, 24.7445831299, 95.074256897, 124.618972778, 63.0934104919, 87.3876724243, 108.97996521, 41.078666687, 21.3832130432], [-442.20489502, -10.7441368103, 782.699523926, 292.190582275, 159.07081604, 168.876647949, 139.83265686, 92.5544128418, 57.2612686157, 15.681101799, 32.5773468018, 72.7227935791, 33.5855751038], [-137.287460327, 63.5251579285, 292.190582275, 495.998016357, 259.530944824, 143.54914856, 63.3817443848, 67.6386489868, 60.8268356323, 45.2186698914, -1.39883923531, 26.0016365051, 46.9190635681], [9.74935245514, 20.7749347687, 159.07081604, 259.530944824, 300.191131592, 146.158493042, 65.1705093384, 62.0873680115, 77.0391693115, 43.7622566223, 5.58672046661, 21.6726646423, 32.926361084], [-52.4385795593, 24.7445831299, 168.876647949, 143.54914856, 146.158493042, 242.548248291, 155.233764648, 104.988464355, 77.8972549438, 56.6379470825, 53.6725502014, 39.8421287537, 11.9943199158], [-75.0942687988, 95.074256897, 139.83265686, 63.3817443848, 65.1705093384, 155.233764648, 236.171798706, 143.161056519, 70.8208618164, 60.9632911682, 68.0790252686, 48.6030578613, 0.689900815487], [31.4558773041, 124.618972778, 92.5544128418, 67.6386489868, 62.0873680115, 104.988464355, 143.161056519, 168.866348267, 91.7305145264, 55.4444541931, 57.9143562317, 38.2762451172, 13.1763362885], [60.057220459, 63.0934104919, 57.2612686157, 60.8268356323, 77.0391693115, 77.8972549438, 70.8208618164, 91.7305145264, 132.069137573, 72.7142944336, 38.8037223816, 24.2569122314, 13.8394603729], [-51.9684906006, 87.3876724243, 15.681101799, 45.2186698914, 43.7622566223, 56.6379470825, 60.9632911682, 55.4444541931, 72.7142944336, 129.678085327, 71.5032196045, 25.1254825592, 1.66206037998], [-95.5373764038, 108.97996521, 32.5773468018, -1.39883923531, 5.58672046661, 53.6725502014, 68.0790252686, 57.9143562317, 38.8037223816, 71.5032196045, 114.190452576, 44.4837837219, 5.93954944611], [-83.558921814, 41.078666687, 72.7227935791, 26.0016365051, 21.6726646423, 39.8421287537, 48.6030578613, 38.2762451172, 24.2569122314, 25.1254825592, 44.4837837219, 83.167640686, 34.0269699097], [-38.2723999023, 21.3832130432, 33.5855751038, 46.9190635681, 32.926361084, 11.9943199158, 0.689900815487, 13.1763362885, 13.8394603729, 1.66206037998, 5.93954944611, 34.0269699097, 82.7306137085]], "icov": [[0.00015045539476, 1.10685396066e-05, 8.94739641808e-05, 2.6622943551e-05, -4.86881872348e-05, -1.22087276395e-05, 6.33049712633e-05, -0.00013384547492, -0.000119161995826, 8.75005716807e-05, 9.69064276433e-05, 3.69699519069e-05, 5.32702433702e-05], [1.10685396066e-05, 0.00119644275401, 0.000149688494275, -0.000276570615824, 1.86853940249e-05, 0.000542943598703, -0.000113078749564, -0.000824406044558, 0.000135458525619, -0.000134766916744, -0.000955981318839, 0.000138441013405, -0.000170205894392], [8.94739641808e-05, 0.000149688494275, 0.00199599075131, -0.00111332337838, 0.000196425928152, -0.00037075689761, -0.000644269224722, 0.000140481381095, -0.000420147523982, 0.000999102368951, -0.000234591672779, -0.001124436385, 0.000311910844175], [2.6622943551e-05, -0.000276570615824, -0.00111332337838, 0.0046092835255, -0.00313852424733, -0.00056347658392, 0.000882824417204, -0.00102222606074, 0.00135288957972, -0.0016053088475, 0.00148615217768, 0.000479628535686, -0.00109007360879], [-4.86881872348e-05, 1.86853940249e-05, 0.000196425928152, -0.00313852424733, 0.00789858680218, -0.00315649947152, 0.000587781425565, 0.000690015149303, -0.00234723440371, -0.000139286814374, 0.00118340342306, -3.33434982167e-05, -0.000803702743724], [-1.22087276395e-05, 0.000542943598703, -0.00037075689761, -0.00056347658392, -0.00315649947152, 0.0105060320348, -0.00522848963737, 0.000347137218341, -0.00138740648981, 0.000667991873343, -0.00231712544337, 0.000205949341762, 0.000345830630977], [6.33049712633e-05, -0.000113078749564, -0.000644269224722, 0.000882824417204, 0.000587781425565, -0.00522848963737, 0.0128047121689, -0.00841191038489, 0.00266209826805, -0.00175747077446, 0.000322782143485, -0.00209101568907, 0.00200328859501], [-0.00013384547492, -0.000824406044558, 0.000140481381095, -0.00102222606074, 0.000690015149303, 0.000347137218341, -0.00841191038489, 0.0182724427432, -0.0086695374921, 0.00295270676725, -0.00272410665639, 0.000112356639875, -0.000950836343691], [-0.000119161995826, 0.000135458525619, -0.000420147523982, 0.00135288957972, -0.00234723440371, -0.00138740648981, 0.00266209826805, -0.0086695374921, 0.0177051182836, -0.00803459528834, 0.00264945463277, -0.000241868969169, -0.00108401628677], [8.75005716807e-05, -0.000134766916744, 0.000999102368951, -0.0016053088475, -0.000139286814374, 0.000667991873343, -0.00175747077446, 0.00295270676725, -0.00803459528834, 0.0169625282288, -0.00907571986318, 0.00063641712768, 0.00147620751522], [9.69064276433e-05, -0.000955981318839, -0.000234591672779, 0.00148615217768, 0.00118340342306, -0.00231712544337, 0.000322782143485, -0.00272410665639, 0.00264945463277, -0.00907571986318, 0.0193518642336, -0.00656996946782, 0.000892429321539], [3.69699519069e-05, 0.000138441013405, -0.001124436385, 0.000479628535686, -3.33434982167e-05, 0.000205949341762, -0.00209101568907, 0.000112356639875, -0.000241868969169, 0.00063641712768, -0.00656996946782, 0.0204797070473, -0.00777516979724], [5.32702433702e-05, -0.000170205894392, 0.000311910844175, -0.00109007360879, -0.000803702743724, 0.000345830630977, 0.00200328859501, -0.000950836343691, -0.00108401628677, 0.00147620751522, 0.000892429321539, -0.00777516979724, 0.0163376387209]], "mean": [-629.949584961, 68.0466537476, 19.6949234009, 29.8143520355, 10.2533445358, 6.3766169548, 2.3159930706, 6.40044879913, 4.13983535767, 4.35302829742, 2.27173733711, 1.72910261154, -0.418481439352]}, "pitch_salience": {"dmean": 0.0951450765133, "dmean2": 0.146647140384, "dvar": 0.00833719130605, "dvar2": 0.0175868403167, "max": 0.967866659164, "mean": 0.497192651033, "median": 0.524693608284, "min": 0.0218539889902, "var": 0.0314320139587}, "silence_rate_20dB": {"dmean": 0, "dmean2": 0, "dvar": 0, "dvar2": 0, "max": 1, "mean": 1, "median": 1, "min": 1, "var": 0}, "silence_rate_30dB": {"dmean": 0.0417078472674, "dmean2": 0.0834239423275, "dvar": 0.0399684011936, "dvar2": 0.100185237825, "max": 1, "mean": 0.966597497463, "median": 1, "min": 0, "var": 0.0322876833379}, "silence_rate_60dB": {"dmean": 0.0292547941208, "dmean2": 0.0585153698921, "dvar": 0.0283977612853, "dvar2": 0.0685289427638, "max": 1, "mean": 0.0533649586141, "median": 0, "min": 0, "var": 0.0505144149065}, "spectral_centroid": {"dmean": 439.106048584, "dmean2": 661.970581055, "dvar": 209383.4375, "dvar2": 420568.34375, "max": 11408.2539063, "mean": 2072.67089844, "median": 2113.68554688, "min": 80.9735031128, "var": 746817.625}, "spectral_complexity": {"dmean": 6.66119766235, "dmean2": 9.48028087616, "dvar": 57.189781189, "dvar2": 99.6446609497, "max": 63, "mean": 19.5952167511, "median": 17, "min": 0, "var": 183.431488037}, "spectral_contrast_coeffs": {"dmean": [0.0600858591497, 0.050368309021, 0.0424187146127, 0.0347078628838, 0.0257274135947, 0.0220321118832], "dmean2": [0.0958966612816, 0.0806143060327, 0.0675137415528, 0.0551955699921, 0.0411071293056, 0.0345118418336], "dvar": [0.00257270713337, 0.00178464187775, 0.00123004300985, 0.000821687863208, 0.000458200112917, 0.000373662885977], "dvar2": [0.0061905044131, 0.00421222252771, 0.0028827264905, 0.00192105898168, 0.00109731778502, 0.000921155326068], "max": [-0.278404355049, -0.422212839127, -0.438989073038, -0.522099673748, -0.575275301933, -0.63692009449], "mean": [-0.651961922646, -0.745967924595, -0.778332054615, -0.782274067402, -0.791039407253, -0.771246731281], "median": [-0.660736978054, -0.757921814919, -0.786191999912, -0.788790762424, -0.794871270657, -0.771166324615], "min": [-0.964907944202, -0.978128015995, -0.984478831291, -0.982676327229, -0.976632356644, -0.971516430378], "var": [0.0083387400955, 0.00640551419929, 0.00480182981119, 0.0032234818209, 0.00155047432054, 0.00100289075635]}, "spectral_contrast_valleys": {"dmean": [0.480630278587, 0.47275903821, 0.436470121145, 0.428984999657, 0.413210302591, 0.398923933506], "dmean2": [0.748707890511, 0.724809646606, 0.651311457157, 0.607441306114, 0.557313740253, 0.547199487686], "dvar": [0.210290521383, 0.215234905481, 0.183842346072, 0.182115614414, 0.186285614967, 0.208966806531], "dvar2": [0.409159421921, 0.434315770864, 0.337573945522, 0.303330898285, 0.304013431072, 0.399868756533], "max": [-5.15720272064, -4.68513441086, -5.24877023697, -5.62167072296, -5.08910751343, -7.20454883575], "mean": [-7.47828054428, -7.19657421112, -7.76472091675, -7.91086149216, -7.24736595154, -9.16822433472], "median": [-7.11805915833, -7.05194997787, -7.62998819351, -7.80485439301, -7.15501117706, -9.01032543182], "min": [-27.3580474854, -27.4644432068, -27.2170143127, -27.2182826996, -27.1460056305, -27.385641098], "var": [1.7450003624, 1.17797482014, 1.17254149914, 1.13063919544, 1.06011927128, 1.15910100937]}, "spectral_decrease": {"dmean": 4.19700141308e-09, "dmean2": 6.4846452652e-09, "dvar": 3.67507412607e-17, "dvar2": 8.91986176905e-17, "max": 1.1767601442e-27, "mean": -7.6997084264e-09, "median": -4.72556349607e-09, "min": -6.01678138423e-08, "var": 6.92336077549e-17}, "spectral_energy": {"dmean": 0.0169501304626, "dmean2": 0.0259168352932, "dvar": 0.000548131472897, "dvar2": 0.00132164673414, "max": 0.233498379588, "mean": 0.0321471244097, "median": 0.020832369104, "min": 1.07582900442e-20, "var": 0.00105378322769}, "spectral_energyband_high": {"dmean": 0.00178822618909, "dmean2": 0.00267114723101, "dvar": 8.4893690655e-06, "dvar2": 2.01496004593e-05, "max": 0.0296877603978, "mean": 0.00276616681367, "median": 0.00157417787705, "min": 7.69568694579e-21, "var": 1.20354952742e-05}, "spectral_energyband_low": {"dmean": 0.0134036112577, "dmean2": 0.0212240125984, "dvar": 0.000531096477062, "dvar2": 0.00130783417262, "max": 0.224118351936, "mean": 0.0203848965466, "median": 0.0075180339627, "min": 2.56226092538e-23, "var": 0.000908886664547}, "spectral_energyband_middle_high": {"dmean": 0.00222253403626, "dmean2": 0.00324486917816, "dvar": 1.57670037879e-05, "dvar2": 3.36244702339e-05, "max": 0.0534428134561, "mean": 0.00407938379794, "median": 0.00239892862737, "min": 1.5896002129e-21, "var": 2.80320491584e-05}, "spectral_energyband_middle_low": {"dmean": 0.00380144687369, "dmean2": 0.00620445748791, "dvar": 3.71640635421e-05, "dvar2": 9.36822907533e-05, "max": 0.0813114568591, "mean": 0.00607218546793, "median": 0.00390973640606, "min": 2.80283693264e-22, "var": 4.78678375657e-05}, "spectral_entropy": {"dmean": 0.188524484634, "dmean2": 0.277071803808, "dvar": 0.0414130985737, "dvar2": 0.0844186320901, "max": 9.80814266205, "mean": 8.04177570343, "median": 8.10997772217, "min": 4.38492584229, "var": 0.155647367239}, "spectral_flux": {"dmean": 0.0362979061902, "dmean2": 0.0557956472039, "dvar": 0.00168950634543, "dvar2": 0.00390884466469, "max": 0.393349438906, "mean": 0.102193772793, "median": 0.086418017745, "min": 1.04481305552e-10, "var": 0.0036403965205}, "spectral_kurtosis": {"dmean": 0.772226274014, "dmean2": 1.23458051682, "dvar": 0.894654512405, "dvar2": 2.34723258018, "max": 24.6853160858, "mean": 2.0694475174, "median": 1.83887171745, "min": -1.23235702515, "var": 2.48414230347}, "spectral_rms": {"dmean": 0.00133633997757, "dmean2": 0.00194122281391, "dvar": 2.11618066714e-06, "dvar2": 4.66077563033e-06, "max": 0.0150931533426, "mean": 0.00496766204014, "median": 0.00450824387372, "min": 3.23973660399e-12, "var": 6.68530083203e-06}, "spectral_rolloff": {"dmean": 1571.48254395, "dmean2": 2582.06469727, "dvar": 4432539, "dvar2": 10042801, "max": 20068.9453125, "mean": 3285.21850586, "median": 2368.65234375, "min": 21.533203125, "var": 11084261}, "spectral_skewness": {"dmean": 0.176128163934, "dmean2": 0.271214962006, "dvar": 0.0309236291796, "dvar2": 0.0730089470744, "max": 3.9099509716, "mean": 1.13419878483, "median": 1.12696480751, "min": -0.276510745287, "var": 0.103133559227}, "spectral_spread": {"dmean": 940690.875, "dmean2": 1443733.25, "dvar": 1137589878780.0, "dvar2": 2476119949310.0, "max": 40693644, "mean": 6559883, "median": 6364146.5, "min": 1774877.75, "var": 3024760864770.0}, "spectral_strongpeak": {"dmean": 0.406390428543, "dmean2": 0.689785540104, "dvar": 0.63928771019, "dvar2": 1.6886