{"lowlevel": {"average_loudness": 0.808982849121, "barkbands": {"dmean": [0.000142068092828, 0.0022350163199, 0.00162145029753, 0.00194823276252, 0.00140905345324, 0.000563018315006, 0.000797832210083, 0.000570365344174, 0.00077929708641, 0.000776420463808, 0.000745536875911, 0.000783572031651, 0.000686759885866, 0.000450857041869, 0.000167579462868, 0.000239807210164, 0.000225411567953, 0.000161082702107, 0.0001183157583, 8.23813679744e-05, 7.52775158617e-05, 8.87492205948e-05, 8.2558763097e-05, 5.42067900824e-05, 3.02149601339e-05, 2.39673918259e-05, 7.78910361987e-06], "dmean2": [0.000234862076468, 0.0036630872637, 0.00269262865186, 0.00327534601092, 0.00235483469442, 0.000880354782566, 0.00123061158229, 0.000881589541677, 0.00118632533122, 0.00117544597015, 0.00114677462261, 0.00120414514095, 0.00104703963734, 0.000708276755176, 0.000262872024905, 0.000377826450858, 0.000351853726897, 0.00025262509007, 0.000187930869288, 0.000133346373332, 0.000118726558867, 0.000137316863402, 0.000121852572192, 7.87098761066e-05, 4.267026452e-05, 3.16766891046e-05, 1.22359651868e-05], "dvar": [2.00743613732e-07, 2.69848405878e-05, 1.35956142913e-05, 3.00158299069e-05, 6.31882448943e-06, 2.78365246231e-06, 7.41254143577e-06, 5.31971772944e-06, 7.28249688109e-06, 4.89023250339e-06, 5.43548094356e-06, 6.37194307274e-06, 5.98981796429e-06, 1.85839849109e-06, 3.75198879965e-07, 5.2730644029e-07, 4.27643101375e-07, 2.06704683592e-07, 9.33591621788e-08, 3.59511176384e-08, 3.78236038046e-08, 7.09692002943e-08, 1.36047162869e-07, 8.10228897308e-08, 8.48857428792e-09, 4.25034674123e-09, 6.22126739014e-10], "dvar2": [4.97857001847e-07, 6.2528080889e-05, 3.53903633368e-05, 7.85687516327e-05, 1.66009831446e-05, 6.09091011938e-06, 1.74012475327e-05, 1.20969698401e-05, 1.62744836416e-05, 1.10317623694e-05, 1.22178171296e-05, 1.4537306015e-05, 1.26867453218e-05, 4.34123649029e-06, 8.09914354249e-07, 1.1893411056e-06, 9.07268940864e-07, 4.57001419818e-07, 2.11427064301e-07, 9.17770677233e-08, 9.03745132064e-08, 1.55943908453e-07, 2.75811970596e-07, 1.46937466639e-07, 1.66856057859e-08, 7.96369459266e-09, 1.47591960875e-09], "max": [0.0087200794369, 0.0757982507348, 0.0515347607434, 0.0976203531027, 0.0570392459631, 0.0598054267466, 0.0905941128731, 0.0947320610285, 0.0792382955551, 0.0697539523244, 0.0626504793763, 0.0846312865615, 0.0637528076768, 0.0437379442155, 0.0324619151652, 0.0422375649214, 0.0272027458996, 0.0191462188959, 0.0121395280585, 0.00399326952174, 0.00791794899851, 0.00887266825885, 0.0145165482536, 0.0197075642645, 0.00536155467853, 0.0021147467196, 0.00087394262664], "mean": [0.000158017282956, 0.00369845028035, 0.00245051109232, 0.00259457645006, 0.00296706962399, 0.00110820960253, 0.00139894499443, 0.000938602082897, 0.00144210353028, 0.00146656227298, 0.00136248883791, 0.00144954572897, 0.00108687125612, 0.000819139764644, 0.000284555339022, 0.000496537948493, 0.000427954626502, 0.000322054285789, 0.000214030180359, 0.000162360855029, 0.000158466078574, 0.000179501032108, 0.000160071693244, 0.000101953781268, 5.83820328757e-05, 4.12839981436e-05, 9.26243592403e-06], "median": [2.05914020626e-05, 0.0018844618462, 0.000900861225091, 0.000968801905401, 0.00189779757056, 0.00049732811749, 0.000558706582524, 0.000194415464648, 0.000271427561529, 0.000238467546296, 0.000215296386159, 0.000188590260223, 0.000147192185977, 0.000164482509717, 5.210780364e-05, 7.80087575549e-05, 6.86758867232e-05, 4.48233731731e-05, 5.36500228918e-05, 4.95822205266e-05, 4.81793322251e-05, 5.88083130424e-05, 3.12907650368e-05, 1.9475708541e-05, 1.51612957779e-05, 5.08208268002e-06, 4.40126740386e-07], "min": [1.82298458233e-24, 7.83067510733e-24, 3.752612115e-24, 1.11612616264e-23, 2.28103390594e-23, 3.47951399164e-23, 2.81109258289e-23, 1.85735438423e-23, 2.80965212288e-23, 6.33496580095e-23, 5.4113630355e-23, 6.9360121775e-23, 7.69467296292e-23, 5.50785523925e-23, 8.77114813656e-23, 9.1925872933e-23, 7.97980579047e-23, 9.5635677511e-23, 1.5969456565e-22, 2.6116233601e-22, 2.83405133824e-22, 4.47284587644e-22, 4.68443225517e-22, 7.12089062899e-22, 1.11453257526e-21, 1.50528696129e-21, 2.1170338763e-21], "var": [2.23566857471e-07, 3.7317215174e-05, 1.9469693143e-05, 3.03587621602e-05, 1.33073399411e-05, 6.47428669254e-06, 1.10726386993e-05, 8.14013037598e-06, 1.53690489242e-05, 1.27980883917e-05, 1.51878703036e-05, 1.6358879293e-05, 1.16246701509e-05, 4.17214187109e-06, 7.63983678098e-07, 2.3971238079e-06, 1.36390622174e-06, 7.10979861651e-07, 2.22876025191e-07, 7.29739895178e-08, 8.30902138205e-08, 1.55312690708e-07, 3.60025069313e-07, 2.49685626841e-07, 2.25158682809e-08, 1.0688151697e-08, 8.62711235783e-10]}, "barkbands_crest": {"dmean": 2.25404214859, "dmean2": 3.68615698814, "dvar": 4.70448875427, "dvar2": 12.1003313065, "max": 25.8968601227, "mean": 9.83033943176, "median": 9.11137580872, "min": 2.62508153915, "var": 14.9033088684}, "barkbands_flatness_db": {"dmean": 0.0188583396375, "dmean2": 0.0286372359842, "dvar": 0.000352874718374, "dvar2": 0.000772265950218, "max": 0.34386703372, "mean": 0.141943737864, "median": 0.13215264678, "min": 0.0245557390153, "var": 0.00283459434286}, "barkbands_kurtosis": {"dmean": 2.95061063766, "dmean2": 4.61698770523, "dvar": 32.5608482361, "dvar2": 73.4645767212, "max": 171.927947998, "mean": 6.49343299866, "median": 2.30131292343, "min": -1.9521638155, "var": 112.999000549}, "barkbands_skewness": {"dmean": 0.490822523832, "dmean2": 0.750430107117, "dvar": 0.307258367538, "dvar2": 0.682717382908, "max": 11.6104164124, "mean": 1.59560108185, "median": 1.40721786022, "min": -3.37446880341, "var": 2.02866268158}, "barkbands_spread": {"dmean": 4.91235017776, "dmean2": 7.55040168762, "dvar": 60.1427726746, "dvar2": 120.415023804, "max": 142.728500366, "mean": 20.444486618, "median": 17.5617008209, "min": 0.632565677166, "var": 248.093597412}, "dissonance": {"dmean": 0.0224430616945, "dmean2": 0.0370830632746, "dvar": 0.000500851660036, "dvar2": 0.00128354353365, "max": 0.499999970198, "mean": 0.447014510632, "median": 0.457262963057, "min": 0.186479657888, "var": 0.00162779877428}, "dynamic_complexity": 5.49862718582, "erbbands": {"dmean": [0.0772441700101, 0.496454685926, 1.51714229584, 4.88196706772, 5.78165626526, 4.04543113708, 4.09518957138, 4.93819046021, 10.505944252, 11.6307411194, 12.2445745468, 16.9818096161, 22.2249641418, 22.7862529755, 28.1939067841, 28.0227451324, 27.7079257965, 19.4422492981, 15.7895231247, 7.88698482513, 13.4563102722, 12.7985610962, 9.00179290771, 5.51782608032, 5.55240297318, 3.73223876953, 3.12929415703, 3.1637866497, 3.18845176697, 2.76102995872, 2.39269304276, 1.36090326309, 0.841827809811, 0.399429559708, 0.197760790586, 0.0980868116021, 0.0451081283391, 0.0122929625213, 0.00144509738311, 3.87633081118e-05], "dmean2": [0.125898748636, 0.825597167015, 2.55055165291, 8.11924648285, 9.76621437073, 6.66553974152, 6.33109426498, 7.88187026978, 16.2222938538, 17.7387866974, 18.8223552704, 25.8596973419, 33.4240570068, 33.5989265442, 43.2495384216, 42.4254608154, 41.7133674622, 30.3554172516, 24.2604618073, 12.360874176, 20.5691738129, 20.1024837494, 14.0364599228, 8.67032718658, 8.90049934387, 6.04252386093, 4.97424793243, 4.9872841835, 4.96961975098, 4.17522144318, 3.57779884338, 1.97871387005, 1.22858095169, 0.577178180218, 0.281286180019, 0.132132679224, 0.0609773248434, 0.0170440785587, 0.00233622291125, 6.13861266174e-05], "dvar": [0.0443251281977, 1.29122495651, 10.8757629395, 199.423950195, 137.308486938, 72.6249008179, 118.693313599, 266.980987549, 1083.91552734, 2875.85375977, 1937.76721191, 4202.14111328, 3651.92504883, 5236.55566406, 6973.42675781, 9460.2890625, 8420.55761719, 4329.39306641, 2610.68237305, 403.185150146, 1830.45458984, 1470.84423828, 721.561462402, 163.213760376, 201.862869263, 77.4796905518, 61.9057121277, 73.6232070923, 91.140296936, 95.7464981079, 123.078964233, 55.1690597534, 19.9767818451, 1.88017880917, 0.321326583624, 0.0708743780851, 0.0148379793391, 0.00116530177183, 2.50220928137e-05, 1.42996583463e-08], "dvar2": [0.103927560151, 3.31441187859, 29.4247817993, 511.51574707, 372.013916016, 171.057312012, 257.511627197, 592.140441895, 2557.74243164, 6740.80029297, 4235.61083984, 9188.640625, 8256.36425781, 11573.0917969, 15929.5175781, 21067.0488281, 17406.6210938, 10245.2285156, 5487.40917969, 928.099487305, 3871.31396484, 3275.66796875, 1579.85852051, 376.920959473, 484.362213135, 196.664108276, 153.423202515, 174.316390991, 207.526153564, 192.168426514, 261.550354004, 103.515762329, 39.4697380066, 3.52456021309, 0.65060532093, 0.134432643652, 0.0281935874373, 0.00236146966927, 6.11160721746e-05, 3.60985339398e-08], "max": [3.14655780792, 18.8385562897, 51.7314682007, 229.10369873, 231.973815918, 325.580383301, 481.070800781, 649.466064453, 1044.30297852, 1955.88220215, 1468.28039551, 2419.19165039, 1395.58288574, 2722.34643555, 2121.67041016, 3964.90698242, 2796.2421875, 2369.66308594, 2809.29174805, 845.656799316, 2883.19189453, 1733.17028809, 1364.70495605, 468.388153076, 425.190093994, 233.495391846, 394.00491333, 293.238220215, 264.365661621, 381.932128906, 452.37109375, 416.111938477, 353.363372803, 93.8331222534, 19.0503940582, 10.502825737, 3.41021466255, 1.196636796, 0.177979081869, 0.00364951021038], "mean": [0.109347552061, 0.82486218214, 2.4772567749, 6.95511293411, 9.79971885681, 8.52303028107, 8.79013538361, 9.57510185242, 19.6992645264, 18.7871665955, 22.1917324066, 31.3037319183, 45.0142707825, 43.6480712891, 55.179359436, 56.9043121338, 51.7358856201, 37.266998291, 30.3395385742, 16.8924789429, 29.6333847046, 25.9544944763, 18.3882236481, 11.6206083298, 10.0995969772, 7.68560028076, 6.73568296432, 6.6025390625, 6.44862270355, 5.42232465744, 4.49040222168, 2.53847837448, 1.52927184105, 0.7644110322, 0.364604979753, 0.172326594591, 0.0756817385554, 0.0186071041971, 0.00159910286311, 6.69284490868e-05], "median": [0.0450485311449, 0.417343735695, 1.13611102104, 2.67929935455, 6.01757240295, 5.14801979065, 4.41812419891, 4.5515999794, 8.9102191925, 4.7905330658, 6.23966121674, 6.51984786987, 9.14424514771, 8.34885597229, 12.3653697968, 8.86959648132, 9.13319396973, 8.97822761536, 7.62658214569, 4.43510627747, 4.98418188095, 4.69062328339, 2.96853065491, 2.78004074097, 2.61171984673, 2.42338514328, 2.0096449852, 2.05779194832, 2.19056844711, 1.3941795826, 0.870466828346, 0.459730952978, 0.30475461483, 0.193916961551, 0.087273389101, 0.0274072140455, 0.00852582231164, 0.00151246972382, 7.60208858992e-05, 3.73796792701e-05], "min": [3.52203498282e-22, 1.20075413819e-21, 3.15004392479e-21, 2.09930506933e-20, 5.70453994208e-20, 7.94156525196e-20, 1.25624837282e-19, 3.60605071194e-19, 3.05792232246e-19, 5.22695842663e-19, 4.65292506681e-19, 4.2081433306e-19, 1.5328875808e-18, 2.00436243538e-18, 1.6742906944e-18, 2.38939660576e-18, 3.85323187281e-18, 2.38596587417e-18, 4.70051007911e-18, 3.80392280931e-18, 5.33832795635e-18, 5.00036387835e-18, 5.07643802492e-18, 8.51528508447e-18, 1.29427726219e-17, 1.28340926699e-17, 8.85185081365e-18, 1.42905972556e-17, 1.4078537925e-17, 1.26998908873e-17, 1.75128925667e-17, 1.46230047478e-17, 1.3147076307e-17, 1.0090425568e-17, 8.51964680784e-18, 5.0428652454e-18, 3.20953480937e-18, 1.19889696827e-18, 2.67452229909e-19, 3.13115617638e-20], "var": [0.0522118024528, 1.63397479057, 15.2526035309, 219.340377808, 171.101898193, 184.126052856, 283.650878906, 588.022888184, 1804.46166992, 3895.73461914, 3394.27905273, 8650.10058594, 10066.9746094, 11519.8056641, 21220.078125, 25405.1269531, 20295.3945313, 9419.51855469, 6093.65673828, 1203.33422852, 9664.9296875, 4628.97119141, 2447.68261719, 501.964416504, 430.702728271, 165.744934082, 133.827774048, 160.024017334, 187.802658081, 245.399276733, 308.020111084, 150.846038818, 57.0724029541, 5.33466291428, 0.734626531601, 0.183300837874, 0.0359112024307, 0.00237934244797, 3.13077398459e-05, 1.79724342075e-08]}, "erbbands_crest": {"dmean": 2.4955329895, "dmean2": 3.95489954948, "dvar": 6.41191291809, "dvar2": 15.2939538956, "max": 33.0546798706, "mean": 10.218337059, "median": 9.12093162537, "min": 1.93630301952, "var": 24.0885276794}, "erbbands_flatness_db": {"dmean": 0.0172237921506, "dmean2": 0.0242059491575, "dvar": 0.000335671880748, "dvar2": 0.000606062472798, "max": 0.370667904615, "mean": 0.155742242932, "median": 0.15602953732, "min": 0.0219690334052, "var": 0.00231759669259}, "erbbands_kurtosis": {"dmean": 1.33138537407, "dmean2": 2.02286958694, "dvar": 4.75367116928, "dvar2": 10.4634180069, "max": 48.8870582581, "mean": 2.28050899506, "median": 0.779929280281, "min": -1.84034454823, "var": 19.1835803986}, "erbbands_skewness": {"dmean": 0.352382600307, "dmean2": 0.533919095993, "dvar": 0.147790312767, "dvar2": 0.306992024183, "max": 5.74708509445, "mean": 0.684380948544, "median": 0.545599102974, "min": -5.27680206299, "var": 1.11616408825}, "erbbands_spread": {"dmean": 7.85465526581, "dmean2": 11.5788221359, "dvar": 119.070075989, "dvar2": 233.022888184, "max": 142.823242188, "mean": 35.810508728, "median": 28.4390220642, "min": 1.30497562885, "var": 592.062927246}, "gfcc": {"cov": [[16875.9707031, -226.65725708, -2743.52368164, 254.011993408, 98.9543151855, 690.903991699, 397.028106689, 308.334655762, -52.1682815552, 145.900405884, -10.9721632004, -150.888427734, -44.8125648499], [-226.65725708, 1364.68811035, -348.949554443, -39.2905426025, 168.760070801, -59.5912704468, 98.0009918213, 39.5817184448, 115.121536255, -51.2905349731, 98.0635604858, -28.7207145691, 112.330429077], [-2743.52368164, -348.949554443, 1541.2253418, -22.9097080231, -250.49256897, -174.12147522, -152.322845459, -86.0170593262, -37.6974143982, 16.1994152069, -34.9974021912, 119.905387878, -75.4597702026], [254.011993408, -39.2905426025, -22.9097080231, 395.528106689, 96.7592086792, 57.2902450562, 7.3653845787, 38.1348342896, 28.833158493, -6.05323505402, 5.08107805252, -33.9167976379, 31.5621070862], [98.9543151855, 168.760070801, -250.49256897, 96.7592086792, 420.322662354, 124.273498535, 81.954788208, 52.0621109009, 52.3508720398, 31.8613033295, 6.07104539871, -17.2400436401, 39.8598442078], [690.903991699, -59.5912704468, -174.12147522, 57.2902450562, 124.273498535, 251.294662476, 81.4714736938, 19.1033191681, 11.8758602142, 44.8035621643, 15.865691185, -21.5486221313, 2.33881545067], [397.028106689, 98.0009918213, -152.322845459, 7.3653845787, 81.954788208, 81.4714736938, 166.339111328, 53.3436546326, 7.05310773849, -3.02495551109, 23.256685257, 2.30222892761, 22.008310318], [308.334655762, 39.5817184448, -86.0170593262, 38.1348342896, 52.0621109009, 19.1033191681, 53.3436546326, 122.178581238, 45.3874855042, 7.10746765137, -2.96954870224, 6.11912679672, 19.0247879028], [-52.1682815552, 115.121536255, -37.6974143982, 28.833158493, 52.3508720398, 11.8758602142, 7.05310773849, 45.3874855042, 125.712585449, 46.9815330505, 16.1576652527, -17.9550991058, 18.9462738037], [145.900405884, -51.2905349731, 16.1994152069, -6.05323505402, 31.8613033295, 44.8035621643, -3.02495551109, 7.10746765137, 46.9815330505, 113.062507629, 34.4718589783, -12.1229763031, -15.9430341721], [-10.9721632004, 98.0635604858, -34.9974021912, 5.08107805252, 6.07104539871, 15.865691185, 23.256685257, -2.96954870224, 16.1576652527, 34.4718589783, 94.4960098267, 14.7728710175, 8.70595836639], [-150.888427734, -28.7207145691, 119.905387878, -33.9167976379, -17.2400436401, -21.5486221313, 2.30222892761, 6.11912679672, -17.9550991058, -12.1229763031, 14.7728710175, 91.4762496948, 16.7296352386], [-44.8125648499, 112.330429077, -75.4597702026, 31.5621070862, 39.8598442078, 2.33881545067, 22.008310318, 19.0247879028, 18.9462738037, -15.9430341721, 8.70595836639, 16.7296352386, 79.9664077759]], "icov": [[0.00011162993178, -1.84179189091e-05, 0.000235805622651, -0.000130667132908, 0.000202626397368, -0.000175031193066, -7.65275835874e-05, -0.00015672648442, 0.000164980767295, -0.000314931734465, 0.000262100424152, -0.00026731583057, 0.000250498269452], [-1.84179189091e-05, 0.0012377675157, -1.08670599275e-06, 0.00046397652477, -0.000527553376742, 0.000602669198997, -0.000373216957087, 0.000221469759708, -0.00115692859981, 0.00143477495294, -0.00166081695352, 0.00100246490911, -0.00110657687765], [0.000235805622651, -1.08670599275e-06, 0.00149957591202, -0.000645581923891, 0.000777498993557, 7.58438909543e-05, -4.47695165349e-05, 0.00033001365955, 1.14073791337e-05, -0.00125921168365, 0.00126245315187, -0.00230451487005, 0.00143850699533], [-0.000130667132908, 0.00046397652477, -0.000645581923891, 0.0035040776711, -0.00102100183722, -0.000453299086075, 0.000914711330552, -0.00106085382868, -0.000493091880344, 0.00200920389034, -0.00192094419617, 0.00267480546609, -0.0020274403505], [0.000202626397368, -0.000527553376742, 0.000777498993557, -0.00102100183722, 0.00393698457628, -0.00146017002407, -0.00084776483709, -0.000312942895107, -5.55956758035e-05, -0.00193619867787, 0.00203220662661, -0.00139874941669, 7.78715693741e-05], [-0.000175031193066, 0.000602669198997, 7.58438909543e-05, -0.000453299086075, -0.00146017002407, 0.00669543957338, -0.00280202180147, 0.00132356828544, 2.81964139504e-06, -0.00177333352622, -0.000349860987626, 0.000772660423536, -0.000183673735592], [-7.65275835874e-05, -0.000373216957087, -4.47695165349e-05, 0.000914711330552, -0.00084776483709, -0.00280202180147, 0.0099190371111, -0.00413973676041, 0.00145332422107, 0.00200847466476, -0.00271136360243, 0.000519389519468, -0.000919771380723], [-0.00015672648442, 0.000221469759708, 0.00033001365955, -0.00106085382868, -0.000312942895107, 0.00132356828544, -0.00413973676041, 0.012889444828, -0.00503442343324, -0.000148480889038, 0.00252539757639, -0.00294030364603, 2.46713916567e-05], [0.000164980767295, -0.00115692859981, 1.14073791337e-05, -0.000493091880344, -5.55956758035e-05, 2.81964139504e-06, 0.00145332422107, -0.00503442343324, 0.0139837637544, -0.006481715478, 0.0005824972759, 0.00222971546464, -0.00238692201674], [-0.000314931734465, 0.00143477495294, -0.00125921168365, 0.00200920389034, -0.00193619867787, -0.00177333352622, 0.00200847466476, -0.000148480889038, -0.006481715478, 0.0172284599394, -0.00804020930082, 0.00355128175579, 0.00142927281559], [0.000262100424152, -0.00166081695352, 0.00126245315187, -0.00192094419617, 0.00203220662661, -0.000349860987626, -0.00271136360243, 0.00252539757639, 0.0005824972759, -0.00804020930082, 0.0172734614462, -0.00622617965564, 0.00125302036759], [-0.00026731583057, 0.00100246490911, -0.00230451487005, 0.00267480546609, -0.00139874941669, 0.000772660423536, 0.000519389519468, -0.00294030364603, 0.00222971546464, 0.00355128175579, -0.00622617965564, 0.0180169139057, -0.00646884925663], [0.000250498269452, -0.00110657687765, 0.00143850699533, -0.0020274403505, 7.78715693741e-05, -0.000183673735592, -0.000919771380723, 2.46713916567e-05, -0.00238692201674, 0.00142927281559, 0.00125302036759, -0.00646884925663, 0.0186389423907]], "mean": [-31.8756465912, 92.305557251, -97.2921524048, 25.648853302, -59.9024505615, 15.5534648895, -34.6173019409, 2.18095302582, -26.125875473, -0.820272862911, -19.4829349518, 3.49088406563, -13.8206758499]}, "hfc": {"dmean": 5.63836288452, "dmean2": 8.23316001892, "dvar": 108.439346313, "dvar2": 224.661773682, "max": 350.494689941, "mean": 21.2834300995, "median": 14.4235563278, "min": 1.09681502247e-16, "var": 525.689880371}, "melbands": {"dmean": [0.000634058669675, 0.000721209857147, 0.000810288067441, 0.000353300623829, 0.000140871372423, 0.000114134010801, 0.000156130743562, 0.00012842475553, 0.000105177365185, 0.000110932087409, 0.000117073126603, 9.92176137515e-05, 9.35251955525e-05, 7.09334417479e-05, 0.000100272525742, 5.26900221303e-05, 3.91819921788e-05, 3.28388014168e-05, 1.2876056644e-05, 1.44912492033e-05, 1.68960632436e-05, 1.64569628396e-05, 6.5785602601e-06, 9.30902388063e-06, 4.36055734099e-06, 5.76498086957e-06, 3.02994067169e-06, 2.65168500846e-06, 2.2354140583e-06, 1.85619740023e-06, 2.05641458706e-06, 1.96639302885e-06, 1.84565226391e-06, 1.56601072376e-06, 1.5372679627e-06, 1.14063379897e-06, 7.75435125888e-07, 6.59430668293e-07, 4.57411147181e-07, 3.22852372392e-07], "dmean2": [0.00103259424213, 0.00120853539556, 0.00134203047492, 0.000594008190092, 0.000219499343075, 0.000180394839845, 0.000241165180341, 0.000195498025278, 0.000162354088388, 0.000169123683008, 0.000176544373971, 0.00014586825273, 0.000143893135828, 0.00010846938676, 0.000152086548042, 8.06427706266e-05, 6.16295292275e-05, 5.05321113451e-05, 2.0103985662e-05, 2.30636433116e-05, 2.57128358498e-05, 2.56994680967e-05, 1.04922628452e-05, 1.44510195241e-05, 6.91111790729e-06, 9.1240144684e-06, 4.99146653965e-06, 4.29090005127e-06, 3.56500936505e-06, 2.99100202028e-06, 3.24794609696e-06, 3.11344956572e-06, 2.912130185e-06, 2.37668359659e-06, 2.33592777477e-06, 1.72134616605e-06, 1.15176771942e-06, 9.84874873211e-07, 6.74354282637e-07, 4.7643425205e-07], "dvar": [2.43941099143e-06, 2.34807771449e-06, 4.61070521851e-06, 4.10371313819e-07, 1.19944601806e-07, 1.19815666721e-07, 2.37639980583e-07, 3.2120749438e-07, 1.48098024511e-07, 1.69697329966e-07, 1.01077141323e-07, 9.2499696791e-08, 8.2455891004e-08, 6.00138960749e-08, 1.42421455962e-07, 4.14955998451e-08, 1.7844152822e-08, 1.16332143918e-08, 1.59738910988e-09, 1.76665182483e-09, 3.06293124197e-09, 2.68196265196e-09, 2.93934904194e-10, 9.62052437714e-10, 1.09841420681e-10, 2.85911100351e-10, 6.090088156e-11, 3.85131683489e-11, 2.99843136431e-11, 2.50365804477e-11, 3.01170893779e-11, 3.11274235554e-11, 3.84280628152e-11, 3.30490773637e-11, 4.68116968799e-11, 3.92597863941e-11, 1.77485630359e-11, 1.34687885844e-11, 4.36289329317e-12, 9.32482932016e-13], "dvar2": [5.54164580535e-06, 6.33263880445e-06, 1.17479567052e-05, 1.09768814127e-06, 2.59661561586e-07, 2.64969685304e-07, 5.57528721856e-07, 7.49679941237e-07, 3.24208798475e-07, 3.65339587916e-07, 2.28170947025e-07, 2.03416931299e-07, 1.87246527616e-07, 1.42803571634e-07, 3.14596775297e-07, 8.73043788374e-08, 4.2420317925e-08, 2.49322997803e-08, 3.52661966296e-09, 4.37699876343e-09, 6.3769705072e-09, 5.83204595728e-09, 6.68462174502e-10, 2.12704165392e-09, 2.57228183198e-10, 6.26108442869e-10, 1.62015942329e-10, 9.63296942214e-11, 7.32639018897e-11, 6.33961771968e-11, 7.11564487887e-11, 7.40786390563e-11, 8.61663379537e-11, 6.72827280002e-11, 1.02716814221e-10, 8.37025240785e-11, 3.26318139177e-11, 2.85387807136e-11, 8.02055644122e-12, 1.9399408295e-12], "max": [0.0215315725654, 0.024575991556, 0.0374553054571, 0.0154344607145, 0.0125307384878, 0.0125694051385, 0.0147822871804, 0.0211060661823, 0.0143337110057, 0.0155761847273, 0.0081889051944, 0.0102935861796, 0.00746162328869, 0.0111612984911, 0.0105132767931, 0.00880584958941, 0.00541576184332, 0.00546738691628, 0.00177507428452, 0.00128204934299, 0.00335930543952, 0.00193980638869, 0.000639337755274, 0.00122965557966, 0.000410941574955, 0.000650040456094, 0.000155688714585, 0.000147212442243, 0.000255632796325, 0.000185777433217, 0.000190179140191, 0.000157685455633, 0.000260451080976, 0.000215086183744, 0.000287850009045, 0.000344157102518, 0.000280159234535, 0.000296363810776, 0.000157857648446, 5.05855350639e-05], "mean": [0.00100678228773, 0.00124793581199, 0.00124733068515, 0.000718989293091, 0.000305380555801, 0.000228644596064, 0.000285120942863, 0.00020546936139, 0.000188115751371, 0.000202772484045, 0.000231422178331, 0.00018155707221, 0.000178069458343, 0.000135975031299, 0.000184408418136, 8.96597193787e-05, 6.83032776578e-05, 5.81679887546e-05, 2.24402392632e-05, 2.8200160159e-05, 3.44162108377e-05, 3.05173962261e-05, 1.30672751766e-05, 1.7157261027e-05, 8.1191146819e-06, 9.56073017733e-06, 4.98081863043e-06, 5.15816100233e-06, 4.4834637265e-06, 3.51703261003e-06, 3.96413042836e-06, 3.70058000954e-06, 3.37430697073e-06, 2.87610669147e-06, 2.74450144389e-06, 1.99195210371e-06, 1.37537108458e-06, 1.13820078695e-06, 8.00231987341e-07, 5.95138828885e-07], "median": [0.000488129968289, 0.000684744562022, 0.000606171204709, 0.000444636651082, 0.000161216114066, 0.000113576388685, 0.000122747704154, 4.16798429796e-05, 4.80858361698e-05, 3.36923330906e-05, 4.03963858844e-05, 2.91389042104e-05, 3.30237962771e-05, 2.44093280344e-05, 1.71019655681e-05, 1.26625909616e-05, 1.36956678034e-05, 1.19967262435e-05, 4.18106992583e-06, 4.6790619308e-06, 4.89469312015e-06, 4.49928029411e-06, 2.91236028716e-06, 1.96705718736e-06, 2.02204682864e-06, 1.91410595107e-06, 1.48874585193e-06, 1.4870151972e-06, 1.16719320431e-06, 1.04363220998e-06, 1.13274563773e-06, 1.22985147755e-06, 9.79102196652e-07, 6.36160848444e-07, 5.14985458722e-07, 3.55425868293e-07, 2.3019246953e-07, 2.13252235426e-07, 1.75941323732e-07, 1.52334635573e-07], "min": [2.7890214775e-24, 1.80649226182e-24, 4.41611079503e-24, 5.84781445192e-24, 4.6995047365e-24, 8.53773902529e-24, 5.32710551218e-24, 5.29248398478e-24, 3.65161228115e-24, 2.90215123106e-24, 7.4904496541e-24, 8.24937407683e-24, 6.0327830071e-24, 7.80728143719e-24, 8.20306163081e-24, 6.0112680092e-24, 4.34257318145e-24, 7.42777859949e-24, 5.4494826877e-24, 5.55166817949e-24, 4.8784467888e-24, 4.72281084308e-24, 4.86102006254e-24, 5.11919964289e-24, 6.63668206246e-24, 7.9609136762e-24, 1.11894066058e-23, 7.24772977534e-24, 4.3464815928e-24, 6.90685351186e-24, 8.79948307364e-24, 7.36798057629e-24, 9.11292985458e-24, 4.82265302355e-24, 8.90289248312e-24, 9.67465561709e-24, 8.35511062598e-24, 8.14941908925e-24, 8.10564283104e-24, 8.94408048871e-24], "var": [3.26334929923e-06, 3.16768387165e-06, 5.36641709914e-06, 8.00451005034e-07, 3.00727776903e-07, 2.66641876578e-07, 3.83428130135e-07, 4.55711813174e-07, 2.7389634738e-07, 3.75719054091e-07, 2.80405998865e-07, 2.02809658845e-07, 2.46899105605e-07, 1.52026231603e-07, 3.79674844453e-07, 8.95403786672e-08, 3.5380100627e-08, 2.66296460438e-08, 4.07060651852e-09, 5.29778043656e-09, 1.54857371371e-08, 7.88570986288e-09, 9.30749533001e-10, 2.80528045238e-09, 2.86255241733e-10, 6.48041176277e-10, 8.76613850953e-11, 8.27986221252e-11, 6.47482553684e-11, 4.63205515611e-11, 6.18907425309e-11, 5.90894902452e-11, 7.57357648817e-11, 8.42309208493e-11, 1.12883355441e-10, 8.56424167694e-11, 5.01446592582e-11, 3.57028157039e-11, 1.20659064337e-11, 2.29554981794e-12]}, "melbands_crest": {"dmean": 2.95572423935, "dmean2": 4.81638908386, "dvar": 8.08633232117, "dvar2": 21.1904945374, "max": 33.7053146362, "mean": 13.3550243378, "median": 12.5111837387, "min": 1.74681031704, "var": 22.3989238739}, "melbands_flatness_db": {"dmean": 0.0220042634755, "dmean2": 0.033768247813, "dvar": 0.000506072770804, "dvar2": 0.0011084274156, "max": 0.453114628792, "mean": 0.217940732837, "median": 0.204148858786, "min": 0.00587484426796, "var": 0.00498831877485}, "melbands_kurtosis": {"dmean": 6.45970678329, "dmean2": 10.2912502289, "dvar": 137.298980713, "dvar2": 333.386627197, "max": 253.322753906, "mean": 15.2019796371, "median": 7.57262563705, "min": -1.90402460098, "var": 443.547515869}, "melbands_skewness": {"dmean": 0.659961044788, "dmean2": 1.01638901234, "dvar": 0.561990737915, "dvar2": 1.2759758234, "max": 11.5297822952, "mean": 2.4606487751, "median": 2.1682639122, "min": -2.55348277092, "var": 3.15716385841}, "melbands_spread": {"dmean": 5.26734876633, "dmean2": 8.19610118866, "dvar": 84.4612808228, "dvar2": 162.010116577, "max": 268.505889893, "mean": 21.9272632599, "median": 17.7386283875, "min": 0.767870783806, "var": 387.732727051}, "mfcc": {"cov": [[14121.3222656, -468.060577393, -2306.86181641, -164.190475464, -44.2076339722, 492.99597168, 500.282531738, 222.604415894, 275.832244873, 266.218200684, 228.562591553, 137.225662231, -90.5705337524], [-468.060577393, 1276.53808594, -137.436782837, 10.0116729736, -5.98319530487, -72.4907913208, -10.157418251, 40.8121414185, 33.7093009949, -39.5517807007, 31.2034683228, 25.6674633026, 29.1369152069], [-2306.86181641, -137.436782837, 1251.44384766, 75.7685470581, -55.0568122864, -105.22580719, -165.217514038, -63.7295761108, -143.337280273, -63.0662345886, -79.112411499, -44.7522468567, 45.0658683777], [-164.190475464, 10.0116729736, 75.7685470581, 284.782928467, 91.420249939, -13.6641769409, -3.18121886253, 27.6406078339, 27.1539878845, 9.07368469238, -14.7562532425, -1.64370810986, 13.0279760361], [-44.2076339722, -5.98319530487, -55.0568122864, 91.420249939, 215.902297974, 79.1186523438, 19.2183361053, 9.30665016174, 42.1975479126, 48.2335929871, 25.8968791962, 4.31891155243, 0.687849700451], [492.99597168, -72.4907913208, -105.22580719, -13.6641769409, 79.1186523438, 186.102813721, 86.255279541, 10.1302595139, 23.3223724365, 44.4469337463, 35.2485351563, 10.8457612991, -11.1708316803], [500.282531738, -10.157418251, -165.217514038, -3.18121886253, 19.2183361053, 86.255279541, 164.327102661, 57.684753418, 25.4900169373, 11.050485611, 24.6345405579, 17.8542022705, -10.6129989624], [222.604415894, 40.8121414185, -63.7295761108, 27.6406078339, 9.30665016174, 10.1302595139, 57.684753418, 122.797050476, 52.0589599609, -15.526348114, -1.3963149786, 5.86785459518, -1.75004422665], [275.832244873, 33.7093009949, -143.337280273, 27.1539878845, 42.1975479126, 23.3223724365, 25.4900169373, 52.0589599609, 120.8123703, 40.6259536743, 12.8518075943, 5.69593524933, -9.58809757233], [266.218200684, -39.5517807007, -63.0662345886, 9.07368469238, 48.2335929871, 44.4469337463, 11.050485611, -15.526348114, 40.6259536743, 135.312011719, 57.7873497009, 2.63621997833, -9.44037342072], [228.562591553, 31.2034683228, -79.112411499, -14.7562532425, 25.8968791962, 35.2485351563, 24.6345405579, -1.3963149786, 12.8518075943, 57.7873497009, 99.2664871216, 29.6974925995, -8.042719841], [137.225662231, 25.6674633026, -44.7522468567, -1.64370810986, 4.31891155243, 10.8457612991, 17.8542022705, 5.86785459518, 5.69593524933, 2.63621997833, 29.6974925995, 75.4555969238, 25.2183990479], [-90.5705337524, 29.1369152069, 45.0658683777, 13.0279760361, 0.687849700451, -11.1708316803, -10.6129989624, -1.75004422665, -9.58809757233, -9.44037342072, -8.042719841, 25.2183990479, 78.2230377197]], "icov": [[0.000119916345284, 5.57224120712e-05, 0.000210881902603, -5.74188597966e-05, 0.000222259273869, -0.000239590881392, 1.37732167786e-05, -0.00015935189731, 6.16449833615e-05, -0.000149909625179, -1.45118110595e-05, -6.88753789291e-05, -2.15301879507e-05], [5.57224120712e-05, 0.000893467396963, 0.0001968358265, -2.9032366001e-05, 1.81371724466e-05, 0.000305742025375, 6.84802507749e-05, -0.000209485748201, -0.000235323168454, 0.000433230452472, -0.000661373254843, 6.01160463702e-05, -0.000392685411498], [0.000210881902603, 0.0001968358265, 0.00150650937576, -0.000488052348373, 0.000543509609997, -0.000520814326592, 0.00103880790994, -0.000704639125615, 0.00140788184945, -0.000397765135858, 0.000292923417874, 0.000242313966737, -0.000493210216518], [-5.74188597966e-05, -2.9032366001e-05, -0.000488052348373, 0.00468399003148, -0.00253874529153, 0.00152494816575, -0.000534931430593, -0.00070203008363, -0.000483873212943, -0.000373209855752, 0.00100383139215, -0.000197652581846, -0.000340209138812], [0.000222259273869, 1.81371724466e-05, 0.000543509609997, -0.00253874529153, 0.00772274611518, -0.00384655408561, 0.00127162784338, -9.6210394986e-05, -0.00112415093463, -0.000948647037148, -0.000864753325004, 0.000308693561237, -0.000527274329215], [-0.000239590881392, 0.000305742025375, -0.000520814326592, 0.00152494816575, -0.00384655408561, 0.0101538412273, -0.00496574817225, 0.00157287274487, -0.000403354235459, -0.00078006676631, -0.000568626273889, 5.74887781113e-05, 0.000279520318145], [1.37732167786e-05, 6.84802507749e-05, 0.00103880790994, -0.000534931430593, 0.00127162784338, -0.00496574817225, 0.011317816563, -0.00511152297258, 0.00183075864334, -7.68590543885e-05, -0.000504104536958, -0.00127307442017, 0.000755650049541], [-0.00015935189731, -0.000209485748201, -0.000704639125615, -0.00070203008363, -9.6210394986e-05, 0.00157287274487, -0.00511152297258, 0.013838709332, -0.00667428318411, 0.00385169591755, -0.000930276000872, 0.000717047019862, -0.0004221049021], [6.16449833615e-05, -0.000235323168454, 0.00140788184945, -0.000483873212943, -0.00112415093463, -0.000403354235459, 0.00183075864334, -0.00667428318411, 0.014601980336, -0.00523444218561, 0.00254526711069, -0.00136873545125, 0.00134092953522], [-0.000149909625179, 0.000433230452472, -0.000397765135858, -0.000373209855752, -0.000948647037148, -0.00078006676631, -7.68590543885e-05, 0.00385169591755, -0.00523444218561, 0.0134220356122, -0.00766519643366, 0.00299187190831, -0.00084537366638], [-1.45118110595e-05, -0.000661373254843, 0.000292923417874, 0.00100383139215, -0.000864753325004, -0.000568626273889, -0.000504104536958, -0.000930276000872, 0.00254526711069, -0.00766519643366, 0.0178098492324, -0.00726382713765, 0.00329066324048], [-6.88753789291e-05, 6.01160463702e-05, 0.000242313966737, -0.000197652581846, 0.000308693561237, 5.74887781113e-05, -0.00127307442017, 0.000717047019862, -0.00136873545125, 0.00299187190831, -0.00726382713765, 0.0189179386944, -0.00701253022999], [-2.15301879507e-05, -0.000392685411498, -0.000493210216518, -0.000340209138812, -0.000527274329215, 0.000279520318145, 0.000755650049541, -0.0004221049021, 0.00134092953522, -0.00084537366638, 0.00329066324048, -0.00701253022999, 0.0160451959819]], "mean": [-679.474914551, 125.563224792, 17.0775794983, 17.530128479, -1.51401603222, 10.5756540298, -0.538093686104, 5.67059278488, -1.98128843307, -5.0287156105, -2.56701350212, -2.3680062294, -1.30205309391]}, "pitch_salience": {"dmean": 0.0619394928217, "dmean2": 0.100664325058, "dvar": 0.00357558950782, "dvar2": 0.00936397071928, "max": 0.861753225327, "mean": 0.553869068623, "median": 0.558542311192, "min": 0.10761090368, "var": 0.0100396936759}, "silence_rate_20dB": {"dmean": 0, "dmean2": 0, "dvar": 0, "dvar2": 0, "max": 1, "mean": 1, "median": 1, "min": 1, "var": 0}, "silence_rate_30dB": {"dmean": 0.00182090129238, "dmean2": 0.00364203960635, "dvar": 0.00181747961324, "dvar2": 0.00544984079897, "max": 1, "mean": 0.999089598656, "median": 1, "min": 0, "var": 0.000909622642212}, "silence_rate_60dB": {"dmean": 0.0175586920232, "dmean2": 0.0351196676493, "dvar": 0.0172476265579, "dvar2": 0.0392086096108, "max": 1, "mean": 0.199375733733, "median": 0, "min": 0, "var": 0.159656748176}, "spectral_centroid": {"dmean": 172.488632202, "dmean2": 268.23260498, "dvar": 64896.6484375, "dvar2": 132203, "max": 10898.4042969, "mean": 1084.81164551, "median": 998.632324219, "min": 212.761108398, "var": 415618.75}, "spectral_complexity": {"dmean": 2.52988219261, "dmean2": 4.00949525833, "dvar": 11.489777565, "dvar2": 26.2642745972, "max": 55, "mean": 15.5171022415, "median": 15, "min": 0, "var": 98.5251998901}, "spectral_contrast_coeffs": {"dmean": [0.046214517206, 0.0399288460612, 0.0373000688851, 0.0297000519931, 0.0203987713903, 0.0159243773669], "dmean2": [0.0764980390668, 0.064183704555, 0.0596039555967, 0.047421656549, 0.0327305495739, 0.025458490476], "dvar": [0.0015193981817, 0.00124681345187, 0.00104096916039, 0.000685958773829, 0.000322553969454, 0.000221247464651], "dvar2": [0.00397018203512, 0.00309201236814, 0.00245580868796, 0.00158580800053, 0.000743091863114, 0.000518073327839], "max": [-0.247137889266, -0.315590798855, -0.442285597324, -0.505378246307, -0.583480000496, -0.610688447952], "mean": [-0.635841548443, -0.726691067219, -0.73470467329, -0.759374320507, -0.79257273674, -0.773836672306], "median": [-0.643607258797, -0.731500983238, -0.740102052689, -0.76663672924, -0.799992024899, -0.77378308773], "min": [-0.970234751701, -0.960032701492, -0.966692388058, -0.96525144577, -0.9663438797, -0.960126340389], "var": [0.00710655236617, 0.00503009883687, 0.0060797338374, 0.00572589784861, 0.00269627175294, 0.00228169420734]}, "spectral_contrast_valleys": {"dmean": [0.362786859274, 0.296059131622, 0.294047743082, 0.267968297005, 0.230879947543, 0.262800812721], "dmean2": [0.595098972321, 0.484811484814, 0.47579857707, 0.422587275505, 0.351173639297, 0.348023295403], "dvar": [0.104344256222, 0.0741928815842, 0.0762603804469, 0.0779978707433, 0.0803693905473, 0.122379399836], "dvar2": [0.247832819819, 0.17937245965, 0.169000610709, 0.161243334413, 0.15532130003, 0.207111045718], "max": [-5.29534196854, -4.78522729874, -4.91323852539, -5.45017528534, -5.5238237381, -6.92078733444], "mean": [-7.40475177765, -7.05582618713, -7.86955308914, -8.39481258392, -8.26265144348, -10.3749074936], "median": [-6.98751926422, -6.78252124786, -7.48087596893, -7.96103668213, -7.89844322205, -10.1696987152], "min": [-27.1534576416, -27.5797519684, -27.4907283783, -27.2660312653, -27.3115558624, -27.2884407043], "var": [1.76226472855, 1.51468861103, 2.1701464653, 2.2859954834, 2.08866238594, 1.65214431286]}, "spectral_decrease": {"dmean": 1.84355919419e-09, "dmean2": 2.86658607962e-09, "dvar": 9.02085539332e-18, "dvar2": 2.05528557641e-17, "max": 1.02374900643e-28, "mean": -6.26007778948e-09, "median": -5.67094016191e-09, "min": -4.33090043828e-08, "var": 2.91842091777e-17}, "spectral_energy": {"dmean": 0.00731617817655, "dmean2": 0.0113287148997, "dvar": 0.000140134521644, "dvar2": 0.000316524470691, "max": 0.168991133571, "mean": 0.0255574472249, "median": 0.0231604427099, "min": 1.0018612862e-20, "var": 0.00048153672833}, "spectral_energyband_high": {"dmean": 0.000326268316712, "dmean2": 0.000464515556814, "dvar": 1.04608807305e-06, "dvar2": 1.99838859771e-06, "max": 0.0467147752643, "mean": 0.000802500697318, "median": 0.000309732218739, "min": 7.13550472533e-21, "var": 3.26410258822e-06}, "spectral_energyband_low": {"dmean": 0.00427522137761, "dmean2": 0.0069622467272, "dvar": 7.90464546299e-05, "dvar2": 0.000189953614608, "max": 0.106001868844, "mean": 0.00789730995893, "median": 0.00477755349129, "min": 1.78605050918e-23, "var": 0.000121074655908}, "spectral_energyband_middle_high": {"dmean": 0.00240750354715, "dmean2": 0.00359713635407, "dvar": 2.28310473176e-05, "dvar2": 4.86826284032e-05, "max": 0.0878611430526, "mean": 0.00782798416913, "median": 0.00287076225504, "min": 1.28277618431e-21, "var": 0.000120126554975}, "spectral_energyband_middle_low": {"dmean": 0.00408237287775, "dmean2": 0.00648763636127, "dvar": 5.91082352912e-05, "dvar2": 0.000141722048284, "max": 0.131976261735, "mean": 0.0108114331961, "median": 0.00823523942381, "min": 2.38605407472e-22, "var": 0.000124198078993}, "spectral_entropy": {"dmean": 0.164397239685, "dmean2": 0.23937150836, "dvar": 0.0386786982417, "dvar2": 0.0718193501234, "max": 9.80701065063, "mean": 7.37977933884, "median": 7.4421710968, "min": 5.21745157242, "var": 0.301291435957}, "spectral_flux": {"dmean": 0.0205082390457, "dmean2": 0.0323512591422, "dvar": 0.000763257557992, "dvar2": 0.00176519330125, "max": 0.33463665843, "mean": 0.0710934624076, "median": 0.0656569823623, "min": 6.72434122273e-11, "var": 0.00282900314778}, "spectral_kurtosis": {"dmean": 1.44129621983, "dmean2": 2.34079360962, "dvar": 3.10027909279, "dvar2": 7.70580148697, "max": 37.0558242798, "mean": 4.79544591904, "median": 4.08354043961, "min": -1.22547876835, "var": 11.8751621246}, "spectral_rms": {"dmean": 0.000623565341812, "dmean2": 0.000950773246586, "dvar": 6.85811244239e-07, "dvar2": 1.44546208958e-06, "max": 0.0128401480615, "mean": 0.00440744170919, "median": 0.00475347787142, "min": 3.12638066477e-12, "var": 5.50850563741e-06}, "spectral_rolloff": {"dmean": 412.837524414, "dmean2": 696.925292969, "dvar": 1201110.625, "dvar2": 2602304.75, "max": 19099.9511719, "mean": 1363.56384277, "median": 968.994140625, "min": 21.533203125, "var": 2926140.25}, "spectral_skewness": {"dmean": 0.207692712545, "dmean2": 0.32097479701, "dvar": 0.0532596185803, "dvar2": 0.112619645894, "max": 5.17598056793, "mean": 1.71878516674, "median": 1.6431375742, "min": -0.123113840818, "var": 0.352821409702}, "spectral_spread": {"dmean": 584305.8125, "dmean2": 811471.6875, "dvar": 752556179456, "dvar2": 1274118537220.0, "max": 42186972, "mean": 5226356.5, "median": 4668301.5, "min": 1876614.625, "var": 4435797344260.0}, "spec