{"lowlevel": {"average_loudness": 0.784779131413, "barkbands": {"dmean": [0.000108068859845, 0.00605343375355, 0.00324609829113, 0.00174987060018, 0.00151602970436, 0.000754398410209, 0.000658167118672, 0.000347945198882, 0.000942189479247, 0.000477565918118, 0.000498326669913, 0.000584030349273, 0.000585230824072, 0.00055342464475, 0.000466143712401, 0.00030732358573, 0.000324802618707, 0.000180492905201, 0.000164985758602, 0.000114161470265, 7.52222476876e-05, 5.4858137446e-05, 3.83430051443e-05, 3.95730712626e-05, 3.27054840454e-05, 1.1673068002e-05, 3.45975490745e-06], "dmean2": [0.000169627644937, 0.0102402670309, 0.00565948244184, 0.00317208236083, 0.00256813433953, 0.00125996966381, 0.00108349020593, 0.000584845489357, 0.00154002429917, 0.000768186000641, 0.000812829181086, 0.00095204776153, 0.000939000630751, 0.000906547764316, 0.000762590148952, 0.000499908230267, 0.000519616529346, 0.000292851880658, 0.000265829730779, 0.000183226904483, 0.00011810009164, 8.51477670949e-05, 5.72437238588e-05, 5.76737402298e-05, 4.55881963717e-05, 1.50600199049e-05, 5.01074646309e-06], "dvar": [5.78426870845e-08, 0.000217747045099, 6.43316307105e-05, 1.1946610357e-05, 7.59044814913e-06, 2.07358675652e-06, 2.20636957238e-06, 1.66679228641e-06, 5.1462693591e-06, 2.61011541625e-06, 5.63124558539e-06, 6.76715717418e-06, 2.7350961318e-06, 1.57063880124e-06, 1.28445253722e-06, 3.71610184402e-07, 3.42105209938e-07, 1.11613623233e-07, 1.41317343605e-07, 4.21974668541e-08, 1.39591200821e-08, 1.01300425825e-08, 1.04876942686e-08, 1.95098444067e-08, 1.36417996899e-08, 4.84488393848e-10, 4.75483125095e-11], "dvar2": [1.35295366022e-07, 0.000573480210733, 0.000177429654286, 3.49881338479e-05, 2.12207396544e-05, 5.54557118448e-06, 5.98207861913e-06, 4.76152445117e-06, 1.35739637699e-05, 7.0134096859e-06, 1.51513868332e-05, 1.88514950423e-05, 7.1413733167e-06, 4.09937729273e-06, 3.47469472217e-06, 9.92296349978e-07, 8.69337100085e-07, 3.02791988815e-07, 3.86455269563e-07, 1.08782082009e-07, 3.40935599752e-08, 2.36123298691e-08, 2.65483830475e-08, 4.52256010419e-08, 3.3630627172e-08, 1.07483599798e-09, 9.73800623472e-11], "max": [0.00288921711035, 0.154823645949, 0.226339504123, 0.0868184119463, 0.0562474094331, 0.0251108687371, 0.0446569435298, 0.0487401671708, 0.0581739097834, 0.0562454909086, 0.121691092849, 0.110261633992, 0.0462157614529, 0.0523458607495, 0.0486908555031, 0.0172660406679, 0.0127619840205, 0.00927811022848, 0.0137462206185, 0.00909208878875, 0.00281205307692, 0.00398603873327, 0.00411673821509, 0.00594324804842, 0.004551559221, 0.000747682992369, 9.48956585489e-05], "mean": [0.000113321621029, 0.00761995092034, 0.0048666736111, 0.00208864477463, 0.00255769514479, 0.00116221059579, 0.000961535668466, 0.00046745777945, 0.00142419873737, 0.000715309055522, 0.00075847550761, 0.000909262802452, 0.000959344906732, 0.000907220470253, 0.000806918309536, 0.000606166548096, 0.000671782938298, 0.000385397579521, 0.000380786921596, 0.000299758219626, 0.000209090459975, 0.000140044241562, 9.16043863981e-05, 9.09784866963e-05, 7.05226702848e-05, 2.4014749215e-05, 4.1621328819e-06], "median": [3.92180445488e-05, 0.00403299089521, 0.00337959546596, 0.00123167678248, 0.00156773813069, 0.00059902947396, 0.000394554401282, 0.000144895369885, 0.000407694780733, 0.000153769535245, 0.000163869088283, 0.000201548828045, 0.000295030593406, 0.000406991399359, 0.000338401470799, 0.000321679515764, 0.000379002274713, 0.000217274427996, 0.000214259955101, 0.000175833120011, 0.000126500337501, 6.84316910338e-05, 3.44412619597e-05, 2.91736323561e-05, 2.56548246398e-05, 1.14847716759e-05, 6.6945784738e-07], "min": [8.98583174098e-25, 6.72383857071e-24, 2.76757451885e-24, 6.71671673446e-25, 8.63326061458e-24, 1.30673893871e-23, 1.66967096424e-23, 1.12665808681e-23, 1.3712431483e-23, 2.1707640887e-23, 2.2507148259e-23, 2.76023314261e-23, 3.00916829867e-23, 3.45300037661e-23, 6.18129695879e-23, 7.09759045464e-23, 7.40605400124e-23, 9.08566382403e-23, 1.49541395686e-22, 1.65598741453e-22, 2.01141115662e-22, 3.55635813148e-22, 3.93786994547e-22, 5.53208134697e-22, 9.31394363547e-22, 1.33509273273e-21, 2.06134983846e-21], "var": [5.77636569687e-08, 0.000185135329957, 5.15223873663e-05, 9.62036574492e-06, 1.0494356502e-05, 3.01941190628e-06, 3.12743259201e-06, 1.71267788573e-06, 9.51894071477e-06, 4.76778268421e-06, 1.15471684694e-05, 1.29738064061e-05, 5.67199003854e-06, 3.18237607644e-06, 2.3549287107e-06, 8.77535569543e-07, 8.91099318778e-07, 3.1048443816e-07, 3.09952582711e-07, 2.17928075585e-07, 6.23193017191e-08, 3.84872755887e-08, 3.02251699225e-08, 6.12568129554e-08, 3.22372812889e-08, 1.31201272069e-09, 7.10337622056e-11]}, "barkbands_crest": {"dmean": 2.1670114994, "dmean2": 3.53087949753, "dvar": 4.93853473663, "dvar2": 12.343298912, "max": 23.0779895782, "mean": 8.28507328033, "median": 7.61156082153, "min": 2.17423295975, "var": 10.9084730148}, "barkbands_flatness_db": {"dmean": 0.01961504668, "dmean2": 0.0285550076514, "dvar": 0.00040841641021, "dvar2": 0.000902785744984, "max": 0.36782938242, "mean": 0.112562358379, "median": 0.103484742343, "min": 0.0213897712529, "var": 0.00199469178915}, "barkbands_kurtosis": {"dmean": 2.93552827835, "dmean2": 4.37617635727, "dvar": 34.5070953369, "dvar2": 66.6195983887, "max": 145.394851685, "mean": 4.37753725052, "median": 0.464889764786, "min": -1.9156908989, "var": 126.987045288}, "barkbands_skewness": {"dmean": 0.540374219418, "dmean2": 0.823528409004, "dvar": 0.37291175127, "dvar2": 0.847017467022, "max": 9.85476207733, "mean": 1.47227609158, "median": 1.1008964777, "min": -2.88202166557, "var": 2.12880921364}, "barkbands_spread": {"dmean": 5.40831661224, "dmean2": 8.3771276474, "dvar": 34.5010948181, "dvar2": 82.2822036743, "max": 108.635917664, "mean": 26.4620838165, "median": 26.0029354095, "min": 0.825900137424, "var": 159.215805054}, "dissonance": {"dmean": 0.0123018994927, "dmean2": 0.0209788512439, "dvar": 0.000179515729542, "dvar2": 0.000505382369738, "max": 0.500000119209, "mean": 0.478750437498, "median": 0.482867062092, "min": 0.31381586194, "var": 0.000290845113341}, "dynamic_complexity": 4.35442972183, "erbbands": {"dmean": [0.113814868033, 1.60091590881, 4.00263357162, 4.79410552979, 5.56893062592, 4.6526722908, 7.1173248291, 6.11686420441, 7.75251722336, 9.97245693207, 7.58052968979, 19.8575706482, 18.8564949036, 14.331029892, 24.1813163757, 19.179479599, 23.7962017059, 27.7506580353, 25.1714115143, 18.4416885376, 16.6321411133, 17.6568241119, 10.7265748978, 6.46529197693, 8.86550140381, 5.09707736969, 3.60979056358, 2.62055110931, 2.06340837479, 1.48340547085, 1.03491342068, 0.867240846157, 0.684235751629, 0.439048737288, 0.204779267311, 0.0738016739488, 0.0166937243193, 0.00339171872474, 0.000721257412806, 3.461183951e-05], "dmean2": [0.176530763507, 2.8139257431, 7.02117443085, 8.64989089966, 9.80733966827, 7.9366979599, 11.8433361053, 10.0473642349, 12.6472940445, 16.5934238434, 12.5799741745, 32.5304450989, 30.0071525574, 23.1273441315, 39.7108268738, 31.0131969452, 37.8938560486, 44.8871078491, 40.8679008484, 29.8530273438, 26.7743320465, 28.2991390228, 17.3671836853, 10.4041967392, 14.238776207, 8.08641147614, 5.76503181458, 4.10473251343, 3.20786976814, 2.24323153496, 1.5585808754, 1.2984418869, 1.02201330662, 0.643218994141, 0.287685185671, 0.0982237756252, 0.021368291229, 0.00449959561229, 0.0010552702006, 5.07320328325e-05], "dvar": [0.074143730104, 15.9722204208, 100.955276489, 103.169113159, 124.324867249, 73.2709350586, 181.972061157, 143.354400635, 270.16027832, 846.858642578, 642.046020508, 2467.99365234, 3545.14819336, 2704.02172852, 10363.3164062, 5088.40136719, 4308.11083984, 4958.94921875, 4205.15380859, 1681.4161377, 973.880737305, 1154.94152832, 391.46472168, 113.131607056, 508.458221436, 98.6405715942, 34.7387886047, 17.972661972, 13.813410759, 10.3164644241, 8.74161529541, 8.15406990051, 7.28723621368, 3.20689964294, 0.352626919746, 0.0255177821964, 0.000863254943397, 3.23219574057e-05, 2.22985454457e-06, 3.55939078212e-09], "dvar2": [0.154906466603, 43.9487495422, 279.575836182, 293.008148193, 358.413482666, 202.384872437, 500.351074219, 379.255523682, 726.893005371, 2332.9855957, 1821.3269043, 6597.17382812, 9432.84375, 7352.66894531, 29283.046875, 13896.4277344, 11124.6738281, 13223.9833984, 10782.4628906, 4542.50439453, 2550.68261719, 2915.92651367, 1052.40783691, 294.279266357, 1390.78442383, 239.767486572, 88.8642807007, 42.5143203735, 33.3561058044, 23.5866279602, 22.7085781097, 19.1840934753, 17.95561409, 8.11723041534, 0.845883309841, 0.0607229098678, 0.00176021119114, 5.96701320319e-05, 4.64110962639e-06, 7.43429540151e-09], "max": [3.99507069588, 42.6164474487, 231.20249939, 345.885498047, 242.512313843, 178.329574585, 261.702972412, 265.964447021, 447.941131592, 869.572814941, 990.069396973, 1080.41516113, 2386.54418945, 2372.36157227, 3953.11816406, 2261.02441406, 1832.6315918, 1989.80358887, 4493.4140625, 1241.13806152, 810.599365234, 822.372741699, 624.926452637, 302.831481934, 931.873413086, 586.596008301, 162.239456177, 134.482788086, 125.284744263, 149.434860229, 125.812072754, 96.6723709106, 106.963317871, 66.1656646729, 16.8729820251, 5.63324737549, 0.880487143993, 0.0794318467379, 0.0214939713478, 0.000865810550749], "mean": [0.123492024839, 2.01351213455, 6.16509008408, 6.40298080444, 7.23944711685, 7.20903968811, 11.5185604095, 9.83016109467, 12.185546875, 14.4670085907, 11.423002243, 29.5202121735, 29.831243515, 24.377872467, 39.3581390381, 32.9305801392, 42.1556434631, 48.0423660278, 45.2721061707, 35.8472671509, 35.6566200256, 38.1939086914, 24.8199062347, 16.5264530182, 20.9097595215, 13.9424858093, 9.7100276947, 7.25735521317, 5.31395816803, 3.64551186562, 2.43941545486, 1.96145188808, 1.46438479424, 0.908666312695, 0.434565544128, 0.155455857515, 0.0328822024167, 0.00565868103877, 0.000844754453283, 6.43110761303e-05], "median": [0.0245721954852, 1.17141878605, 4.3627076149, 4.29381275177, 3.91917037964, 3.89367485046, 5.50017166138, 4.90494966507, 5.67925977707, 5.32087421417, 4.72868061066, 8.96567344666, 7.80250787735, 6.89137744904, 8.35808753967, 9.76519012451, 14.2050666809, 20.7508525848, 20.7994918823, 18.1814422607, 20.0744552612, 22.0431442261, 14.5361938477, 10.2596378326, 11.4657430649, 8.15363121033, 6.02843379974, 4.12634563446, 2.7412352562, 1.61176872253, 0.91295003891, 0.649800419807, 0.434302806854, 0.28887873888, 0.177990406752, 0.0726509317756, 0.0151826385409, 0.0021287528798, 0.000128944870085, 3.96261093556e-05], "min": [1.49517931807e-22, 8.87558536869e-22, 3.06728224268e-21, 3.95556678402e-21, 1.42218455186e-20, 2.59308956664e-20, 4.81036965525e-20, 8.00795942082e-20, 2.31426937419e-19, 2.06541570582e-19, 3.88896095709e-19, 3.05901807828e-19, 8.19199146823e-19, 9.30708987057e-19, 1.247539014e-18, 1.34491626667e-18, 1.88950778694e-18, 1.86420722714e-18, 2.58820677765e-18, 3.65370598289e-18, 4.84010218416e-18, 4.81032575006e-18, 5.04210299846e-18, 6.23169873434e-18, 8.2354176232e-18, 8.78700481671e-18, 1.08710144053e-17, 9.06015970731e-18, 1.26039817769e-17, 1.28329470248e-17, 1.18465846023e-17, 1.17315792002e-17, 8.72107934907e-18, 7.97648527606e-18, 6.59329039936e-18, 4.25718262982e-18, 2.27184700288e-18, 9.71930705702e-19, 2.72570409949e-19, 2.83810224123e-20], "var": [0.084981456399, 12.20890522, 79.3590011597, 83.0621032715, 114.63318634, 109.879608154, 305.935455322, 242.431991577, 416.24432373, 1108.17150879, 669.260375977, 4223.74169922, 6411.86279297, 6309.49121094, 21096.3203125, 11239.3789062, 9842.16992188, 10532.2041016, 8210.96679688, 3641.05712891, 2542.51025391, 3037.29101562, 1125.45361328, 405.174865723, 1119.13452148, 537.784240723, 132.596282959, 88.2903518677, 49.6992988586, 37.4372711182, 22.8405818939, 24.0278625488, 19.2986373901, 6.99260044098, 0.896049618721, 0.0668843016028, 0.00230104103684, 7.27452206775e-05, 3.18537081512e-06, 5.80207837331e-09]}, "erbbands_crest": {"dmean": 2.38188242912, "dmean2": 3.92056775093, "dvar": 5.56380462646, "dvar2": 14.5992765427, "max": 30.3456058502, "mean": 7.84050130844, "median": 6.77613162994, "min": 2.29590153694, "var": 15.3518772125}, "erbbands_flatness_db": {"dmean": 0.0150559106842, "dmean2": 0.0213886015117, "dvar": 0.000198887413717, "dvar2": 0.000406185892643, "max": 0.338025510311, "mean": 0.136158496141, "median": 0.133358865976, "min": 0.0377816185355, "var": 0.00146522221621}, "erbbands_kurtosis": {"dmean": 0.772555172443, "dmean2": 1.24500453472, "dvar": 1.15782690048, "dvar2": 2.87536525726, "max": 35.769405365, "mean": 0.287681132555, "median": -0.136290431023, "min": -1.75288915634, "var": 2.94402647018}, "erbbands_skewness": {"dmean": 0.311654150486, "dmean2": 0.486992776394, "dvar": 0.0815340057015, "dvar2": 0.189102604985, "max": 2.77449202538, "mean": -0.0972774401307, "median": -0.146628573537, "min": -2.94454574585, "var": 0.423143953085}, "erbbands_spread": {"dmean": 7.84576272964, "dmean2": 12.2815618515, "dvar": 67.9988021851, "dvar2": 151.986633301, "max": 167.89251709, "mean": 40.7160568237, "median": 36.8898086548, "min": 2.32736611366, "var": 381.39956665}, "gfcc": {"cov": [[17318.0976562, 435.710144043, -1256.62194824, 438.293518066, -533.561096191, 398.64465332, -252.919281006, 216.572509766, -192.822158813, 85.0772857666, -72.1538467407, 7.62016248703, -46.5308685303], [435.710144043, 703.635253906, -227.693969727, 49.3803405762, 66.2866210938, -81.0527954102, 90.206413269, -75.2131729126, 29.40574646, -24.9163627625, 26.9229698181, -36.4528770447, 44.4273376465], [-1256.62194824, -227.693969727, 915.984008789, 21.7151756287, 97.1865005493, 58.7502861023, -67.4340209961, 13.6832513809, 6.62929296494, 3.89100790024, 20.2643051147, 43.4517364502, -20.0614547729], [438.293518066, 49.3803405762, 21.7151756287, 301.201171875, -21.5451908112, 8.04214572906, -52.3787384033, -4.7430472374, 18.8674793243, -4.40625572205, 20.6143283844, 2.35289502144, 12.0530261993], [-533.561096191, 66.2866210938, 97.1865005493, -21.5451908112, 232.512619019, -22.9135112762, 73.8300704956, -26.7288265228, 7.02898216248, 6.02593183517, 2.35796165466, 9.03080940247, 13.3716115952], [398.64465332, -81.0527954102, 58.7502861023, 8.04214572906, -22.9135112762, 191.380569458, 11.0916843414, 21.8608379364, -26.2464294434, -14.9963674545, 9.22637557983, -5.14019346237, -12.1621828079], [-252.919281006, 90.206413269, -67.4340209961, -52.3787384033, 73.8300704956, 11.0916843414, 176.001876831, 7.69806957245, 3.72711586952, -14.6599473953, 5.92258024216, 1.70609843731, 7.31639289856], [216.572509766, -75.2131729126, 13.6832513809, -4.7430472374, -26.7288265228, 21.8608379364, 7.69806957245, 101.151359558, 24.6161289215, 13.9786977768, -19.2194194794, -3.9908850193, -9.52031517029], [-192.822158813, 29.40574646, 6.62929296494, 18.8674793243, 7.02898216248, -26.2464294434, 3.72711586952, 24.6161289215, 99.061706543, 27.6153469086, 2.07195878029, -19.2022800446, 2.64552736282], [85.0772857666, -24.9163627625, 3.89100790024, -4.40625572205, 6.02593183517, -14.9963674545, -14.6599473953, 13.9786977768, 27.6153469086, 67.7807693481, 12.5776157379, 1.47887682915, -16.0108833313], [-72.1538467407, 26.9229698181, 20.2643051147, 20.6143283844, 2.35796165466, 9.22637557983, 5.92258024216, -19.2194194794, 2.07195878029, 12.5776157379, 66.4986419678, 19.9373168945, 3.89439105988], [7.62016248703, -36.4528770447, 43.4517364502, 2.35289502144, 9.03080940247, -5.14019346237, 1.70609843731, -3.9908850193, -19.2022800446, 1.47887682915, 19.9373168945, 58.0319404602, 15.2939090729], [-46.5308685303, 44.4273376465, -20.0614547729, 12.0530261993, 13.3716115952, -12.1621828079, 7.31639289856, -9.52031517029, 2.64552736282, -16.0108833313, 3.89439105988, 15.2939090729, 52.2379188538]], "icov": [[9.30087335291e-05, -0.000141764714499, 0.000129726264277, -0.000116624374641, 8.10964265838e-05, -0.000262950896285, 0.000178463640623, -0.00024105758348, 0.000228711156524, -0.000265969254542, 0.000221667607548, -0.000271194847301, 9.90082407952e-05], [-0.000141764714499, 0.00240085576661, 0.000150738429511, -0.00025427035871, -0.000409097439842, 0.00114420778118, -0.00124280969612, 0.00150698516518, -0.000652738788631, 0.00087061454542, -0.00146438053343, 0.00239595747553, -0.00152417318895], [0.000129726264277, 0.000150738429511, 0.00166939815972, -0.000164236131241, -0.000996283837594, -0.000809838529676, 0.00122487032786, -0.000554337515496, -0.000408518710174, 0.000577066151891, -0.000202350624022, -0.00153242470697, 0.00112155626994], [-0.000116624374641, -0.00025427035871, -0.000164236131241, 0.00399358384311, -0.000160092939041, -0.000106571380456, 0.00137117982376, -5.25493378518e-05, -0.00128423096612, 0.00131120439619, -0.00149951898493, -3.1184641557e-05, -0.000469770311611], [8.10964265838e-05, -0.000409097439842, -0.000996283837594, -0.000160092939041, 0.00639532739297, 0.000330234237481, -0.00311238202266, 0.00198613503017, 0.000302844593534, -0.00261032790877, 0.00185505207628, -0.00031536933966, -0.00154914357699], [-0.000262950896285, 0.00114420778118, -0.000809838529676, -0.000106571380456, 0.000330234237481, 0.00739442976192, -0.00165434973314, -0.0010199311655, 0.0016509022098, 0.00207052915357, -0.00315447035246, 0.00353933032602, -6.09323615208e-05], [0.000178463640623, -0.00124280969612, 0.00122487032786, 0.00137117982376, -0.00311238202266, -0.00165434973314, 0.00924603734165, -0.00301329768263, -0.000652975868434, 0.00281520280987, -0.00142119568773, -0.00212944671512, 0.00156265962869], [-0.00024105758348, 0.00150698516518, -0.000554337515496, -5.25493378518e-05, 0.00198613503017, -0.0010199311655, -0.00301329768263, 0.0148755935952, -0.00455856323242, -0.0022043758072, 0.0048146918416, -0.00104975642171, 0.000193717278307], [0.000228711156524, -0.000652738788631, -0.000408518710174, -0.00128423096612, 0.000302844593534, 0.0016509022098, -0.000652975868434, -0.00455856323242, 0.0159570220858, -0.00685257697478, -0.00145600095857, 0.00681886170059, -0.00433047255501], [-0.000265969254542, 0.00087061454542, 0.000577066151891, 0.00131120439619, -0.00261032790877, 0.00207052915357, 0.00281520280987, -0.0022043758072, -0.00685257697478, 0.0230660513043, -0.006213856861, -0.0023403968662, 0.00786115601659], [0.000221667607548, -0.00146438053343, -0.000202350624022, -0.00149951898493, 0.00185505207628, -0.00315447035246, -0.00142119568773, 0.0048146918416, -0.00145600095857, -0.006213856861, 0.0221853498369, -0.00907503254712, 0.000750588485971], [-0.000271194847301, 0.00239595747553, -0.00153242470697, -3.1184641557e-05, -0.00031536933966, 0.00353933032602, -0.00212944671512, -0.00104975642171, 0.00681886170059, -0.0023403968662, -0.00907503254712, 0.0284956339747, -0.0105777978897], [9.90082407952e-05, -0.00152417318895, 0.00112155626994, -0.000469770311611, -0.00154914357699, -6.09323615208e-05, 0.00156265962869, 0.000193717278307, -0.00433047255501, 0.00786115601659, 0.000750588485971, -0.0105777978897, 0.0269352626055]], "mean": [-5.42907571793, 86.4069366455, -116.047874451, 40.5910186768, -41.5298500061, 15.634806633, -36.8760681152, 7.62973594666, -25.2593173981, 4.19520711899, -20.3399543762, -2.95897197723, -12.7305431366]}, "hfc": {"dmean": 5.5915517807, "dmean2": 8.38442993164, "dvar": 61.8091201782, "dvar2": 146.754074097, "max": 193.878082275, "mean": 21.7314109802, "median": 17.4789047241, "min": 1.08899995239e-16, "var": 374.757080078}, "melbands": {"dmean": [0.00135777459946, 0.00214366125874, 0.000839920132421, 0.000338090147125, 0.000240299938014, 0.000135262089316, 0.000124371814309, 0.000102751451777, 6.99028678355e-05, 0.000134830363095, 9.53371636569e-05, 5.8179586631e-05, 7.90479462012e-05, 7.13231711416e-05, 5.1081104175e-05, 5.591727313e-05, 5.31628647877e-05, 4.37289345427e-05, 3.29607901222e-05, 2.12829017983e-05, 2.04643856705e-05, 2.09270092455e-05, 1.39658704938e-05, 8.90002502274e-06, 5.51846778762e-06, 7.40509722164e-06, 5.86931582802e-06, 3.49068363903e-06, 2.7498667805e-06, 1.97036570171e-06, 1.61416573974e-06, 1.34798096951e-06, 1.07903827029e-06, 8.41439941723e-07, 6.44188560273e-07, 6.11829705122e-07, 5.55778910893e-07, 5.35902074716e-07, 4.64096984842e-07, 3.67531612255e-07], "dmean2": [0.00220081279986, 0.00377755006775, 0.00151243282016, 0.00058877968695, 0.000397251278628, 0.000222615854, 0.000203513263841, 0.000171565538039, 0.000115021546662, 0.000221057212912, 0.000151558924699, 9.43329796428e-05, 0.000129062595079, 0.000116738439829, 8.19287015474e-05, 8.89147413545e-05, 8.68109200383e-05, 7.15686546755e-05, 5.40201071999e-05, 3.46666347468e-05, 3.33171083184e-05, 3.37317214871e-05, 2.26540305448e-05, 1.45558879012e-05, 8.94986806088e-06, 1.20418244478e-05, 9.47366697801e-06, 5.56354643777e-06, 4.46330795967e-06, 3.13047235068e-06, 2.56265002463e-06, 2.13596899812e-06, 1.68986025528e-06, 1.29491581902e-06, 9.94077822725e-07, 9.54032202571e-07, 8.50649939821e-07, 8.21196522338e-07, 6.99450367847e-07, 5.50507138541e-07], "dvar": [1.05462968349e-05, 2.90741954814e-05, 3.07695086121e-06, 4.49630704225e-07, 1.85743203929e-07, 6.69036452905e-08, 6.98750142192e-08, 9.50165670588e-08, 4.54672921535e-08, 1.09778071078e-07, 8.81517223661e-08, 4.5509597868e-08, 1.38290005225e-07, 1.13868352969e-07, 2.42854749644e-08, 2.37196768893e-08, 1.70120930676e-08, 1.40316940289e-08, 6.56244525388e-09, 2.26925100932e-09, 1.43504441663e-09, 1.75518710677e-09, 5.42844658113e-10, 3.5888586547e-10, 8.73789235412e-11, 2.88825408035e-10, 1.64546862247e-10, 4.76284393869e-11, 2.2440905037e-11, 1.03688767641e-11, 8.99172142993e-12, 5.70572495501e-12, 4.43918382956e-12, 3.77780575919e-12, 3.10772523167e-12, 3.8445362345e-12, 3.75904082167e-12, 5.13038526592e-12, 3.51781949924e-12, 2.27429988904e-12], "dvar2": [2.59788321273e-05, 8.09781849966e-05, 8.81181858858e-06, 1.27062480715e-06, 5.05750222146e-07, 1.76844565658e-07, 1.87967202692e-07, 2.63280441004e-07, 1.25869973999e-07, 2.94768994991e-07, 2.33779573477e-07, 1.23484340975e-07, 3.77650565042e-07, 3.18694389989e-07, 6.26851672791e-08, 6.08030958915e-08, 4.56674627003e-08, 3.56491263176e-08, 1.77793211265e-08, 6.22541751483e-09, 3.74570996442e-09, 4.38045466566e-09, 1.41248179819e-09, 9.91196680289e-10, 2.2930311816e-10, 7.88261511619e-10, 4.36694180816e-10, 1.09319754638e-10, 5.88850287975e-11, 2.54355442958e-11, 2.13100127822e-11, 1.39666290686e-11, 1.06197524732e-11, 9.11131500109e-12, 8.32302803067e-12, 9.6595622126e-12, 9.21574882379e-12, 1.33621299789e-11, 8.76404938205e-12, 5.84352444905e-12], "max": [0.0412346385419, 0.0854759290814, 0.0478853136301, 0.0143561903387, 0.00864789076149, 0.00547624705359, 0.00808651838452, 0.0103136859834, 0.00682859681547, 0.00690929125994, 0.0115321893245, 0.010136783123, 0.0185204353184, 0.0143912900239, 0.00669231871143, 0.0047721574083, 0.0038505923003, 0.00873949099332, 0.00308306491934, 0.00145134842023, 0.000884739332832, 0.00112620787695, 0.000534866005182, 0.000590269861277, 0.000256732513662, 0.00052549818065, 0.000606177374721, 0.000365216226783, 0.000126007347717, 8.26385585242e-05, 0.000124809259432, 7.00373129803e-05, 8.5801264504e-05, 0.000102988822618, 6.84967890265e-05, 9.19963422348e-05, 6.28056804999e-05, 8.95551711437e-05, 8.29584896564e-05, 5.69975018152e-05], "mean": [0.00159221375361, 0.00317879999056, 0.00116300221998, 0.000482945528347, 0.000407964194892, 0.000216105850996, 0.000193187865079, 0.000148506020196, 0.000100374250906, 0.000201073402422, 0.00014711629774, 9.42750266404e-05, 0.000124217040138, 0.000110390777991, 8.55933612911e-05, 9.31226895773e-05, 8.75743062352e-05, 7.29056191631e-05, 5.70843840251e-05, 4.13113230024e-05, 4.04663842346e-05, 4.07288644055e-05, 2.9034954423e-05, 1.79683156603e-05, 1.22706396724e-05, 1.56393452926e-05, 1.35418995342e-05, 8.15098883322e-06, 6.41871201879e-06, 4.74776379633e-06, 3.99566306442e-06, 3.13493842441e-06, 2.39997507379e-06, 1.87860359802e-06, 1.3899161786e-06, 1.29178602037e-06, 1.15915588594e-06, 1.0478039485e-06, 9.15375721888e-07, 7.18980004422e-07], "median": [0.000644030165859, 0.00217388570309, 0.00077818101272, 0.000283132772893, 0.000206043754588, 0.000108078122139, 9.04799817363e-05, 5.26075527887e-05, 3.75082818209e-05, 5.77455903112e-05, 3.54092917405e-05, 2.40515182668e-05, 2.54966980719e-05, 2.16840962821e-05, 2.5799155992e-05, 3.11278126901e-05, 3.70899506379e-05, 3.19650680467e-05, 2.40270783252e-05, 2.13589264604e-05, 2.19841895159e-05, 2.21809314098e-05, 1.61937823577e-05, 9.53664311965e-06, 7.33935030439e-06, 8.44631176733e-06, 7.10527228875e-06, 4.65283847007e-06, 3.75113813789e-06, 2.90947286885e-06, 2.05723813451e-06, 1.60475042321e-06, 1.06883203443e-06, 7.61023954965e-07, 5.02158172822e-07, 4.50236711913e-07, 3.63440562978e-07, 3.03435058413e-07, 2.67077950866e-07, 2.32612364925e-07], "min": [2.19462957656e-24, 1.88128219209e-24, 2.11686564067e-24, 1.71415629008e-24, 1.56441214925e-24, 1.92817445088e-24, 3.31977163048e-24, 2.08107916292e-24, 2.23953075042e-24, 1.77560224371e-24, 3.84565786434e-24, 3.32799234997e-24, 4.03198286585e-24, 2.4580379242e-24, 2.2819077666e-24, 2.02387728096e-24, 2.93935509464e-24, 3.69054729999e-24, 5.05387446576e-24, 4.29525099347e-24, 4.26778404004e-24, 4.56258017703e-24, 3.71122768305e-24, 4.35412171067e-24, 4.3696311105e-24, 4.87956263255e-24, 5.77638388581e-24, 4.7975715855e-24, 6.52924117932e-24, 3.94468554592e-24, 3.31029819987e-24, 6.7120829655e-24, 6.98576247935e-24, 6.10889782926e-24, 5.87537764638e-24, 6.28511594486e-24, 6.73494178795e-24, 5.08097696545e-24, 6.16476969174e-24, 5.78998858098e-24], "var": [1.00571742223e-05, 2.22517537622e-05, 2.49875279223e-06, 4.81747918002e-07, 3.5664703546e-07, 1.11226746924e-07, 1.05084666302e-07, 1.21043427725e-07, 5.32370165729e-08, 1.9613058555e-07, 1.6104334577e-07, 1.03985861699e-07, 2.79482861743e-07, 2.14219340933e-07, 5.86612323161e-08, 4.9676561531e-08, 3.46974324827e-08, 2.56109835561e-08, 1.21314185364e-08, 4.93513807598e-09, 3.47393092071e-09, 4.06764533167e-09, 1.52670387443e-09, 9.29700538777e-10, 2.55102050595e-10, 6.12191630722e-10, 5.67841940136e-10, 1.95385360668e-10, 6.90020471317e-11, 3.51090337358e-11, 3.97526872531e-11, 1.85149326426e-11, 1.37686572213e-11, 1.17046598108e-11, 7.48151367247e-12, 8.87425376239e-12, 9.86230888622e-12, 1.08962231599e-11, 8.1147987635e-12, 4.51335626858e-12]}, "melbands_crest": {"dmean": 2.78163170815, "dmean2": 4.4917883873, "dvar": 6.24310493469, "dvar2": 15.907002449, "max": 31.3544311523, "mean": 15.0772008896, "median": 14.7380123138, "min": 1.42854619026, "var": 23.7178020477}, "melbands_flatness_db": {"dmean": 0.0236638393253, "dmean2": 0.0347228050232, "dvar": 0.000614472257439, "dvar2": 0.00137729931157, "max": 0.489286124706, "mean": 0.185533761978, "median": 0.173811629415, "min": 0.00265952176414, "var": 0.00389343989082}, "melbands_kurtosis": {"dmean": 8.85329246521, "dmean2": 13.2451591492, "dvar": 282.971801758, "dvar2": 553.645690918, "max": 374.876495361, "mean": 17.2112789154, "median": 5.7009100914, "min": -1.72820663452, "var": 1043.22253418}, "melbands_skewness": {"dmean": 0.801251769066, "dmean2": 1.22460258007, "dvar": 0.848777532578, "dvar2": 1.92927622795, "max": 15.3983383179, "mean": 2.87872123718, "median": 2.33753705025, "min": -1.82539701462, "var": 4.47164392471}, "melbands_spread": {"dmean": 6.97825193405, "dmean2": 11.0064582825, "dvar": 58.7376441956, "dvar2": 144.146286011, "max": 152.858840942, "mean": 27.5289936066, "median": 25.8614959717, "min": 0.584226667881, "var": 315.280151367}, "mfcc": {"cov": [[11699.125, 317.022216797, -628.954406738, 81.6167068481, -188.307815552, 43.6191596985, -6.19547843933, 53.8853149414, 10.6344604492, 29.3494491577, 14.0829925537, 34.7396125793, 35.4271965027], [317.022216797, 740.955627441, -184.160171509, 102.352638245, -18.0176639557, 46.7751579285, 47.1116943359, -8.46736526489, 28.3042526245, -4.63988733292, -1.41057038307, 3.13605976105, -15.1862268448], [-628.954406738, -184.160171509, 672.769165039, -4.15296888351, 160.775085449, 15.8236751556, -9.57941436768, 25.6362457275, -43.0247192383, 5.65886974335, 6.58739519119, -8.66674041748, 8.45582294464], [81.6167068481, 102.352638245, -4.15296888351, 272.891906738, 46.6496276855, 8.59946727753, -24.8777942657, -14.1621208191, 11.7901620865, -21.6634540558, 1.99781882763, 2.48011231422, 27.0982952118], [-188.307815552, -18.0176639557, 160.775085449, 46.6496276855, 174.530914307, 32.8576622009, -3.99496436119, -7.29627513885, -3.85779643059, 3.48346829414, -2.57279634476, -4.6309261322, 1.87062764168], [43.6191596985, 46.7751579285, 15.8236751556, 8.59946727753, 32.8576622009, 116.380859375, 53.0290908813, 17.6647663116, -10.6005926132, -9.24370098114, 2.54207110405, 2.04498410225, -3.85939908028], [-6.19547843933, 47.1116943359, -9.57941436768, -24.8777942657, -3.99496436119, 53.0290908813, 127.588661194, 47.2025794983, 1.88091421127, -20.5278320312, -2.86456775665, 7.15532398224, -0.222309753299], [53.8853149414, -8.46736526489, 25.6362457275, -14.1621208191, -7.29627513885, 17.6647663116, 47.2025794983, 80.5357284546, 24.5729007721, 1.26955401897, -3.79992341995, -0.860458135605, -2.16431713104], [10.6344604492, 28.3042526245, -43.0247192383, 11.7901620865, -3.85779643059, -10.6005926132, 1.88091421127, 24.5729007721, 79.5721817017, 33.342830658, 5.4037938118, -5.15860128403, -8.70109176636], [29.3494491577, -4.63988733292, 5.65886974335, -21.6634540558, 3.48346829414, -9.24370098114, -20.5278320312, 1.26955401897, 33.342830658, 77.1813735962, 29.7883930206, 2.50006651878, -13.0639724731], [14.0829925537, -1.41057038307, 6.58739519119, 1.99781882763, -2.57279634476, 2.54207110405, -2.86456775665, -3.79992341995, 5.4037938118, 29.7883930206, 58.0102577209, 22.1388893127, 1.69009423256], [34.7396125793, 3.13605976105, -8.66674041748, 2.48011231422, -4.6309261322, 2.04498410225, 7.15532398224, -0.860458135605, -5.15860128403, 2.50006651878, 22.1388893127, 55.6344528198, 24.0326042175], [35.4271965027, -15.1862268448, 8.45582294464, 27.0982952118, 1.87062764168, -3.85939908028, -0.222309753299, -2.16431713104, -8.70109176636, -13.0639724731, 1.69009423256, 24.0326042175, 63.5918655396]], "icov": [[9.31951435632e-05, -2.27769360208e-05, 9.19679005165e-05, -3.0751718441e-05, 3.26800909534e-05, -5.59080435778e-05, 8.33262165543e-05, -0.000172976288013, 0.000132181303343, -0.000108580039523, 1.27821058413e-05, -8.50004016684e-06, -6.77811258356e-05], [-2.27769360208e-05, 0.00166249845643, 0.000333976844558, -0.000715275702532, 0.000113274436444, -0.000464319658931, -0.000794951687567, 0.000701333454344, -0.000436129397713, -0.000208510347875, 0.000305254216073, -0.000293649180094, 0.000660028890707], [9.19679005165e-05, 0.000333976844558, 0.00240262737498, 8.8158150902e-05, -0.00217043957673, 0.000338881829521, 0.000400884426199, -0.00190297793597, 0.00195844122209, -0.000581025436986, -0.000624042993877, 0.000642345461529, -0.00038504099939], [-3.0751718441e-05, -0.000715275702532, 8.8158150902e-05, 0.00490334210917, -0.00144417199772, -0.000471110921353, 0.00172494503204, 0.00015210879792, -0.0019217611989, 0.00289634359069, -0.00170206045732, 0.000838311971165, -0.00216927775182], [3.26800909534e-05, 0.000113274436444, -0.00217043957673, -0.00144417199772, 0.00877350755036, -0.0026942549739, -5.76150705456e-05, 0.00235242722556, -0.00132538762409, -0.00106899824459, 0.00172571046278, -0.0002900158579, 0.000233895581914], [-5.59080435778e-05, -0.000464319658931, 0.000338881829521, -0.000471110921353, -0.0026942549739, 0.012171224691, -0.0047476477921, -0.00120288389735, 0.00278736371547, -0.000402612757171, -0.00120985077228, 0.000369322486222, 0.0010276036337], [8.33262165543e-05, -0.000794951687567, 0.000400884426199, 0.00172494503204, -5.76150705456e-05, -0.0047476477921, 0.0138381235301, -0.0070785745047, -0.000361123500625, 0.00431927712634, -0.00137623248156, -0.0013736145338, -0.000109985528979], [-0.000172976288013, 0.000701333454344, -0.00190297793597, 0.00015210879792, 0.00235242722556, -0.00120288389735, -0.0070785745047, 0.0203200448304, -0.00775558827445, 0.000404105929192, 0.002058978891, -0.000361403654097, 8.04070805316e-05], [0.000132181303343, -0.000436129397713, 0.00195844122209, -0.0019217611989, -0.00132538762409, 0.00278736371547, -0.000361123500625, -0.00775558827445, 0.0209988541901, -0.0100160036236, 0.00167120585684, 0.00156048161443, 0.000505072646774], [-0.000108580039523, -0.000208510347875, -0.000581025436986, 0.00289634359069, -0.00106899824459, -0.000402612757171, 0.00431927712634, 0.000404105929192, -0.0100160036236, 0.0242155306041, -0.0116757815704, 0.000782142393291, 0.00250857649371], [1.27821058413e-05, 0.000305254216073, -0.000624042993877, -0.00170206045732, 0.00172571046278, -0.00120985077228, -0.00137623248156, 0.002058978891, 0.00167120585684, -0.0116757815704, 0.0274529606104, -0.0107487365603, 0.00197771680541], [-8.50004016684e-06, -0.000293649180094, 0.000642345461529, 0.000838311971165, -0.0002900158579, 0.000369322486222, -0.0013736145338, -0.000361403654097, 0.00156048161443, 0.000782142393291, -0.0107487365603, 0.0268989447504, -0.00999995693564], [-6.77811258356e-05, 0.000660028890707, -0.00038504099939, -0.00216927775182, 0.000233895581914, 0.0010276036337, -0.000109985528979, 8.04070805316e-05, 0.000505072646774, 0.00250857649371, 0.00197771680541, -0.00999995693564, 0.021265162155]], "mean": [-643.739257812, 115.557975769, -8.08531951904, 30.7899131775, 14.1339969635, 12.5505485535, 3.74950695038, 2.12177848816, 3.28538012505, 2.49505758286, 0.646541178226, -0.207939580083, -2.65715956688]}, "pitch_salience": {"dmean": 0.0681458041072, "dmean2": 0.111750155687, "dvar": 0.00385038089007, "dvar2": 0.0102396337315, "max": 0.93421703577, "mean": 0.550578773022, "median": 0.556367635727, "min": 0.163721263409, "var": 0.0107333064079}, "silence_rate_20dB": {"dmean": 0, "dmean2": 0, "dvar": 0, "dvar2": 0, "max": 1, "mean": 1, "median": 1, "min": 1, "var": 0}, "silence_rate_30dB": {"dmean": 0.021812710911, "dmean2": 0.0436287038028, "dvar": 0.0213378053159, "dvar2": 0.0575135461986, "max": 1, "mean": 0.986010849476, "median": 1, "min": 0, "var": 0.0137954475358}, "silence_rate_60dB": {"dmean": 0.00767205702141, "dmean2": 0.0153452688828, "dvar": 0.00761313876137, "dvar2": 0.0170645620674, "max": 1, "mean": 0.0953670293093, "median": 0, "min": 0, "var": 0.0862714648247}, "spectral_centroid": {"dmean": 225.296356201, "dmean2": 355.285095215, "dvar": 55323.9257812, "dvar2": 130573.820312, "max": 11498.1875, "mean": 1532.41760254, "median": 1494.13452148, "min": 159.619873047, "var": 623971.375}, "spectral_complexity": {"dmean": 3.96509957314, "dmean2": 5.71460819244, "dvar": 16.1484336853, "dvar2": 28.6981678009, "max": 56, "mean": 22.9336643219, "median": 24, "min": 0, "var": 177.120880127}, "spectral_contrast_coeffs": {"dmean": [0.0467630848289, 0.0462521836162, 0.0385850071907, 0.0289280097932, 0.0186352524906, 0.0170645620674], "dmean2": [0.0782619342208, 0.0768922567368, 0.0632926002145, 0.0479303896427, 0.0309712793678, 0.0261689685285], "dvar": [0.00144837237895, 0.00133455684409, 0.000999761279672, 0.000551505771, 0.000232626058278, 0.000239095097641], "dvar2": [0.00405445881188, 0.00367753137834, 0.00260589946993, 0.001466012327, 0.000607997353654, 0.000501995382365], "max": [-0.342520236969, -0.462434411049, -0.468425065279, -0.536400258541, -0.612251102924, -0.577263236046], "mean": [-0.653476476669, -0.756111502647, -0.781398653984, -0.797083437443, -0.805967926979, -0.760466396809], "median": [-0.651662230492, -0.759802162647, -0.794264256954, -0.802993953228, -0.808456659317, -0.758345246315], "min": [-0.974977850914, -0.977258563042, -0.976030349731, -0.969106256962, -0.969298660755, -0.966370761395], "var": [0.00468905875459, 0.00401768274605, 0.00540283508599, 0.0028236694634, 0.00159493368119, 0.00229632784612]}, "spectral_contrast_valleys": {"dmean": [0.456078022718, 0.360710561275, 0.327349156141, 0.273059666157, 0.213114917278, 0.247351571918], "dmean2": [0.743236362934, 0.566315054893, 0.489365249872, 0.39577832818, 0.306160986423, 0.306108862162], "dvar": [0.185017362237, 0.102874025702, 0.0858722552657, 0.0709079578519, 0.0643821507692, 0.0895973071456], "dvar2": [0.428320884705, 0.211556792259, 0.159148976207, 0.113928064704, 0.098250515759, 0.147400051355], "max": [-4.86008262634, -4.8880648613, -5.0892701149, -5.08208274841, -5.75345134735, -7.53287935257], "mean": [-7.19746780396, -7.03719758987, -7.44372034073, -7.38140869141, -7.34398937225, -10.2010793686], "median": [-6.94255542755, -6.75342798233, -7.13953971863, -7.02750205994, -6.97509002686, -9.94018173218], "min": [-28.2359828949, -27.8075752258, -27.7716121674, -27.6753063202, -27.4764099121, -27.4157524109], "var": [2.75917100906, 2.61518907547, 2.63226866722, 2.6049478054, 2.5908267498, 2.36819863319]}, "spectral_decrease": {"dmean": 3.32922978075e-09, "dmean2": 5.53675594261e-09, "dvar": 4.55005155052e-17, "dvar2": 1.20735546906e-16, "max": 1.75847695611e-28, "mean": -7.23890192234e-09, "median": -5.56479884395e-09, "min": -7.42979864299e-08, "var": 5.08376337099e-17}, "spectral_energy": {"dmean": 0.0129496846348, "dmean2": 0.0214647427201, "dvar": 0.000667494023219, "dvar2": 0.00176793872379, "max": 0.284509539604, "mean": 0.0292924772948, "median": 0.0227722935379, "min": 1.00884546938e-20, "var": 0.000783320807386}, "spectral_energyband_high": {"dmean": 0.000216360975173, "dmean2": 0.000300108542433, "dvar": 1.49332791466e-07, "dvar2": 3.15168620091e-07, "max": 0.0135848550126, "mean": 0.000756080669817, "median": 0.000453146029031, "min": 7.26097364553e-21, "var": 8.54826339491e-07}, "spectral_energyband_low": {"dmean": 0.00934591144323, "dmean2": 0.0159048847854, "dvar": 0.000500621506944, "dvar2": 0.00134093151428, "max": 0.273329794407, "mean": 0.0138170616701, "median": 0.00872070156038, "min": 2.3487647144e-23, "var": 0.000427121616667}, "spectral_energyband_middle_high": {"dmean": 0.00233772955835, "dmean2": 0.00358496187255, "dvar": 2.03983618121e-05, "dvar2": 5.3542011301e-05, "max": 0.131933063269, "mean": 0.00713997613639, "median": 0.0044670207426, "min": 1.23610156909e-21, "var": 8.63009918248e-05}, "spectral_energyband_middle_low": {"dmean": 0.00425225589424, "dmean2": 0.00717397080734, "dvar": 4.82753639517e-05, "dvar2": 0.000132477434818, "max": 0.0914124548435, "mean": 0.00888859480619, "median": 0.00655279587954, "min": 1.84546814365e-22, "var": 7.4824100011e-05}, "spectral_entropy": {"dmean": 0.108648203313, "dmean2": 0.156389057636, "dvar": 0.0122120510787, "dvar2": 0.0221762713045, "max": 9.82186794281, "mean": 7.78060770035, "median": 7.80191326141, "min": 5.94230604172, "var": 0.0907006263733}, "spectral_flux": {"dmean": 0.027571728453, "dmean2": 0.0430965051055, "dvar": 0.00183061801363, "dvar2": 0.00369896041229, "max": 0.407754302025, "mean": 0.085207991302, "median": 0.0722528770566, "min": 6.44208922318e-11, "var": 0.0038159226533}, "spectral_kurtosis": {"dmean": 1.14581131935, "dmean2": 1.95302259922, "dvar": 1.70922517776, "dvar2": 4.80753898621, "max": 26.287569046, "mean": 4.22523641586, "median": 4.00227069855, "min": -1.34237921238, "var": 4.11976242065}, "spectral_rms": {"dmean": 0.000937332457397, "dmean2": 0.00148729921784, "dvar": 2.26846373153e-06, "dvar2": 5.71151394979e-06, "max": 0.0166604407132, "mean": 0.00480865547433, "median": 0.00471347756684, "min": 3.13725911569e-12, "var": 5.45481452718e-06}, "spectral_rolloff": {"dmean": 415.164459229, "dmean2": 689.677368164, "dvar": 467561.5625, "dvar2": 1093439.5, "max": 19444.4824219, "mean": 1567.72839355, "median": 1485.79101562, "min": 64.599609375, "var": 2495039}, "spectral_skewness": {"dmean": 0.16237013042, "dmean2": 0.260022461414, "dvar": 0.0265185181051, "dvar2": 0.0650518834591, "max": 4.06214666367, "mean": 1.46298694611, "median": 1.43292200565, "min": -0.0498310625553, "var": 0.123967498541}, "spectral_spread": {"dmean": 419121.375, "dmean2": 568420.875, "dvar": 363942674432, "dvar2": 633759531008, "max": 42457828, "mean": 4608087.5, "median": 4217101, "min": 1723549.375, "var":