{"lowlevel": {"average_loudness": 0.963327944279, "barkbands": {"dmean": [0.000386146217352, 0.00544503610581, 0.00219536642544, 0.00133620365523, 0.00401302147657, 0.00154231931083, 0.00159289909061, 0.00108588254079, 0.000435356021626, 0.000343492865795, 0.00036946387263, 0.000270743563306, 0.000227478769375, 0.000269070762442, 0.000237454572925, 0.000274210440693, 0.000246215407969, 0.000239060638705, 0.000228904842515, 0.000143500990816, 0.000144393474329, 0.000209996826015, 0.000314688455546, 0.000351420836523, 0.000272069795756, 0.00011880297825, 0.000105553372123], "dmean2": [0.000558213389013, 0.00846602022648, 0.003609651234, 0.0022555005271, 0.00661820871755, 0.00248537654988, 0.00253676646389, 0.00175643432885, 0.000705870683305, 0.00056248542387, 0.000582818000112, 0.000449936254881, 0.000368714914657, 0.000434504327131, 0.000404689199058, 0.000459806702565, 0.000391215551645, 0.000384002749342, 0.000356384727638, 0.000221990252612, 0.000221175941988, 0.000318371370668, 0.000489638012368, 0.000526831659954, 0.000402865698561, 0.000170502011315, 0.000154155000928], "dvar": [3.3957536516e-07, 4.80263115605e-05, 8.83392749529e-06, 6.26272094451e-06, 5.9486086684e-05, 7.79369202064e-06, 9.58320015343e-06, 4.04099091611e-06, 5.82616792144e-07, 4.51470953067e-07, 3.61944188398e-07, 2.35775800661e-07, 1.83300585377e-07, 2.27936226338e-07, 2.07514901263e-07, 2.83928841327e-07, 2.5007366844e-07, 1.65730014601e-07, 1.91196093624e-07, 6.17802911052e-08, 7.77651578687e-08, 3.51660929709e-07, 8.72555915521e-07, 6.5257853521e-07, 4.02861047633e-07, 5.65431008681e-08, 5.40538316329e-08], "dvar2": [6.1902625248e-07, 0.000106374500319, 2.31702633755e-05, 1.62046580954e-05, 0.000158828028361, 1.94429612748e-05, 2.32855818467e-05, 9.61038404057e-06, 1.33300147809e-06, 1.08350388928e-06, 8.63743480295e-07, 5.73666625314e-07, 3.94391747705e-07, 5.35841365945e-07, 5.27383178905e-07, 7.16521697086e-07, 5.69145754525e-07, 3.81157690299e-07, 4.00788906063e-07, 1.39791239917e-07, 1.8072736907e-07, 8.06334185199e-07, 1.90059790839e-06, 1.38239340686e-06, 8.49452476359e-07, 1.22242056477e-07, 1.24072315089e-07], "max": [0.00942531693727, 0.106126844883, 0.0517901554704, 0.0451677590609, 0.0838689431548, 0.0382053479552, 0.0370170511305, 0.0348791815341, 0.0167154651135, 0.0173652190715, 0.0113873453811, 0.0076859514229, 0.0148813994601, 0.0098392451182, 0.0100244097412, 0.0137359090149, 0.0208384133875, 0.0146267209202, 0.0137963527814, 0.00571958022192, 0.00488681532443, 0.0152583830059, 0.0199365410954, 0.0164033509791, 0.0120261488482, 0.00467165419832, 0.00427505467087], "mean": [0.000534654129297, 0.0107067907229, 0.00356227671728, 0.00171952275559, 0.00548869976774, 0.00228870799765, 0.00195785937831, 0.00151332060341, 0.000538971507922, 0.000437903829152, 0.000627154484391, 0.000392451096559, 0.000375474453904, 0.000486862030812, 0.000295810168609, 0.000394006696297, 0.000415774615249, 0.000444426987087, 0.00046222624951, 0.000240814741119, 0.000222248068894, 0.000278783962131, 0.000394410104491, 0.000428599247243, 0.000334662530804, 0.000141136799357, 0.000109684602648], "median": [0.000238751992583, 0.00701129576191, 0.00213574129157, 0.000900565180928, 0.00256581464782, 0.00088459829567, 0.000627697270829, 0.000461130315671, 0.00019332478405, 0.000161487754667, 0.000241457571974, 0.000175851993845, 0.000167591380887, 0.000195192216779, 0.000110580927867, 0.000171401887201, 0.000201368529815, 0.000223976603593, 0.000196826527826, 0.00010711017967, 9.31605754886e-05, 8.4452876763e-05, 7.56532099331e-05, 8.17764885142e-05, 6.19873680989e-05, 2.17243923544e-05, 8.93250853551e-06], "min": [1.14423748254e-10, 3.50559470341e-10, 2.86533054228e-11, 2.36659303265e-11, 7.96176111151e-11, 1.678483047e-11, 8.08472906677e-12, 4.73285473312e-12, 2.94973724266e-12, 1.43305029301e-12, 9.3870343356e-13, 5.44457708085e-13, 5.18695221323e-13, 7.90962130862e-13, 7.19698443636e-13, 6.14257559747e-13, 1.43232008285e-12, 2.09755021512e-12, 2.02696475056e-12, 1.28594769382e-12, 1.91876961368e-12, 1.30552415666e-12, 6.61989994072e-12, 7.31384744435e-12, 9.53262208753e-12, 7.37754215357e-12, 2.89694847971e-11], "var": [8.08272034192e-07, 0.000137821974931, 1.6494315787e-05, 7.97850589151e-06, 6.33978415863e-05, 1.30632306536e-05, 1.25068809211e-05, 7.81331800681e-06, 1.02451667772e-06, 8.0525796875e-07, 9.00269242265e-07, 4.2883479523e-07, 4.28641129702e-07, 6.53796632832e-07, 3.20540749499e-07, 4.1905730086e-07, 5.86961050431e-07, 5.3428055935e-07, 7.00777604834e-07, 1.34230731419e-07, 1.3436958568e-07, 4.9888939202e-07, 1.44573880334e-06, 1.22837366234e-06, 7.34699483473e-07, 9.85090480299e-08, 6.51532374718e-08]}, "barkbands_crest": {"dmean": 3.03594565392, "dmean2": 4.93011379242, "dvar": 7.32722425461, "dvar2": 17.9749736786, "max": 25.2740764618, "mean": 10.7029762268, "median": 9.90633964539, "min": 2.20063233376, "var": 18.7733879089}, "barkbands_flatness_db": {"dmean": 0.0289607308805, "dmean2": 0.0404193289578, "dvar": 0.000690388027579, "dvar2": 0.00139051466249, "max": 0.396169245243, "mean": 0.119518794119, "median": 0.113290019333, "min": 0.0141466129571, "var": 0.00281488522887}, "barkbands_kurtosis": {"dmean": 4.46726989746, "dmean2": 6.83847999573, "dvar": 66.0565261841, "dvar2": 143.48475647, "max": 305.715393066, "mean": 6.48396158218, "median": 3.05908155441, "min": -1.92412090302, "var": 154.10534668}, "barkbands_skewness": {"dmean": 0.705886721611, "dmean2": 1.0737452507, "dvar": 0.533213376999, "dvar2": 1.18446826935, "max": 15.5998382568, "mean": 1.9552359581, "median": 1.79729914665, "min": -4.60056304932, "var": 1.80088543892}, "barkbands_spread": {"dmean": 10.7999124527, "dmean2": 16.2274990082, "dvar": 187.933120728, "dvar2": 408.528045654, "max": 118.303901672, "mean": 27.9306678772, "median": 23.4824256897, "min": 0.485153049231, "var": 401.948791504}, "dissonance": {"dmean": 0.0177039578557, "dmean2": 0.0290939435363, "dvar": 0.000330418493832, "dvar2": 0.00082193268463, "max": 0.500000059605, "mean": 0.466148078442, "median": 0.474546074867, "min": 0.192376896739, "var": 0.000943062419537}, "dynamic_complexity": 3.19113087654, "erbbands": {"dmean": [0.146804124117, 1.32191872597, 2.75383400917, 2.87700748444, 11.9064645767, 13.4822845459, 9.10082149506, 14.5592746735, 17.24568367, 30.6053352356, 17.5613384247, 10.3875408173, 9.7853012085, 11.5051193237, 12.2937746048, 11.8497819901, 10.4173650742, 10.7905740738, 12.2338037491, 15.086815834, 14.0723009109, 12.3171367645, 12.2049970627, 12.407002449, 9.6343126297, 7.11952257156, 5.6094956398, 6.37555265427, 6.84412956238, 9.27315711975, 8.79974746704, 7.88128376007, 5.55396986008, 3.45985794067, 1.70808255672, 0.613678336143, 0.20376431942, 0.062538087368, 0.0141512630507, 0.00158654770348], "dmean2": [0.234517872334, 2.05185055733, 4.43480539322, 4.83992195129, 19.8320846558, 22.5096378326, 15.0087623596, 23.3718147278, 27.4344673157, 48.9718170166, 27.9207859039, 16.9242839813, 15.7955513, 18.8038806915, 19.3458747864, 19.6371631622, 17.0657958984, 17.4806098938, 19.9717216492, 25.3596439362, 23.4053783417, 19.5716247559, 19.4607772827, 19.2260913849, 15.0633392334, 10.9255018234, 8.71056652069, 9.72119045258, 10.398856163, 14.0117845535, 13.7344102859, 12.0465908051, 8.31582546234, 5.09862518311, 2.54453110695, 0.905494809151, 0.291357457638, 0.0879804491997, 0.0202647671103, 0.00238805124536], "dvar": [0.0276785138994, 3.14517593384, 14.1343679428, 23.6317844391, 561.786315918, 665.735473633, 209.749557495, 823.482666016, 1277.35168457, 3502.24414062, 1194.5111084, 319.275939941, 375.843139648, 396.033874512, 459.114196777, 464.057403564, 341.53515625, 343.541259766, 532.525695801, 934.655273438, 622.867370605, 470.395111084, 391.339172363, 622.303588867, 311.689971924, 159.267745972, 99.6827774048, 198.476654053, 368.83493042, 792.46496582, 666.750244141, 420.179656982, 151.571365356, 69.0443649292, 16.1980342865, 1.61994171143, 0.181799158454, 0.0176093969494, 0.000892849289812, 1.43696825035e-05], "dvar2": [0.0694834366441, 6.88899469376, 35.1734237671, 63.7239227295, 1482.11169434, 1782.20141602, 549.47857666, 2021.1887207, 3026.53588867, 8199.07519531, 2775.46459961, 772.829650879, 915.58581543, 964.559997559, 1134.88525391, 1125.55444336, 775.982910156, 825.052490234, 1228.12438965, 2315.92553711, 1574.62841797, 1058.42138672, 892.118896484, 1334.36413574, 656.445800781, 353.574157715, 239.383102417, 459.686767578, 829.812316895, 1830.75109863, 1438.23352051, 912.156005859, 325.021759033, 143.71963501, 35.569984436, 3.61953425407, 0.400959283113, 0.0370170027018, 0.00200013816357, 3.42452549376e-05], "max": [2.34826087952, 29.3116779327, 70.250541687, 83.160949707, 278.671875, 288.818237305, 224.326141357, 451.260192871, 498.953216553, 787.185180664, 785.137084961, 323.072479248, 514.162841797, 420.11932373, 503.922729492, 398.25692749, 533.722351074, 413.945373535, 688.519287109, 977.605529785, 648.081542969, 637.27331543, 714.60546875, 775.843933105, 502.822845459, 355.022827148, 165.457122803, 348.308380127, 539.92779541, 566.473632812, 525.743041992, 472.90057373, 232.813262939, 192.124389648, 102.927085876, 29.730009079, 9.13777828217, 3.66830539703, 0.625191628933, 0.0796705111861], "mean": [0.253340423107, 2.52514481544, 4.96879434586, 4.61890459061, 14.5556316376, 17.721414566, 14.0099487305, 20.6818962097, 22.3421974182, 40.1872596741, 27.8011741638, 13.4417200089, 12.4833450317, 17.8354358673, 22.2047462463, 18.2519817352, 18.6421127319, 19.0305500031, 20.5444087982, 20.6379241943, 22.132516861, 21.8800582886, 23.3598365784, 25.9444980621, 18.4254589081, 12.2772245407, 8.8868970871, 9.44443035126, 9.44977474213, 11.4065437317, 11.0327196121, 9.43156337738, 6.79241514206, 4.26377677917, 2.04017043114, 0.713248372078, 0.240729555488, 0.0731189623475, 0.0153939528391, 0.00157507904805], "median": [0.17820738256, 1.53461658955, 2.84862399101, 3.20581388474, 6.60640764236, 7.33772468567, 7.4439034462, 6.77159547806, 7.31104898453, 12.8933992386, 9.43563079834, 5.37381744385, 4.95595788956, 8.66369438171, 10.1707811356, 9.0967502594, 9.34699344635, 9.19873332977, 8.45822429657, 8.59871673584, 10.5268468857, 11.9952774048, 12.4709501266, 11.9556779861, 8.31146430969, 5.43122577667, 4.01554536819, 3.69419527054, 2.97981643677, 2.37457823753, 2.15250921249, 1.76187884808, 1.32902336121, 0.811234533787, 0.366235524416, 0.119627580047, 0.0342332944274, 0.00872523058206, 0.00149304501247, 0.00013977944036], "min": [1.50847530023e-08, 9.28234840103e-08, 1.02596231955e-07, 9.74142508881e-08, 2.10042841786e-07, 2.44798201265e-07, 1.30681527821e-07, 1.44293025528e-07, 8.78143850969e-08, 1.52825606392e-07, 9.5524590904e-08, 6.10179142768e-08, 5.09851645347e-08, 4.71895305054e-08, 2.33284307427e-08, 2.7477076614e-08, 2.32702692671e-08, 6.38311092871e-08, 5.44906484379e-08, 3.84860889824e-08, 3.42688935007e-08, 7.59227987146e-08, 1.37966793545e-07, 1.42504532619e-07, 4.27189021934e-08, 5.68860727412e-08, 1.08732223225e-07, 5.09826811879e-08, 4.88573519419e-08, 5.85853641155e-08, 2.0255269817e-07, 1.83139675869e-07, 9.62266852866e-08, 9.43797431319e-08, 5.88654671674e-08, 2.0345368057e-08, 1.96995788571e-08, 6.16954665134e-09, 2.80863465818e-09, 3.63233082501e-10], "var": [0.0653095841408, 8.83269882202, 31.5321903229, 30.3027839661, 562.99206543, 802.217346191, 337.349822998, 1343.88012695, 1714.76574707, 5530.5, 3216.14038086, 508.534576416, 530.28729248, 759.719299316, 981.170837402, 843.395141602, 830.321472168, 834.203308105, 1394.55810547, 1427.39733887, 1118.94641113, 1105.14978027, 1202.88635254, 2085.82714844, 1038.72692871, 381.728546143, 169.695022583, 318.982910156, 543.089599609, 1140.71166992, 1121.9967041, 710.738647461, 286.494750977, 125.156188965, 27.987613678, 2.64548826218, 0.301601886749, 0.0293493717909, 0.00117189134471, 1.5216553038e-05]}, "erbbands_crest": {"dmean": 2.64063096046, "dmean2": 4.21882247925, "dvar": 6.63493442535, "dvar2": 15.6873159409, "max": 28.3322792053, "mean": 8.21555042267, "median": 7.11697149277, "min": 2.12119317055, "var": 18.2836990356}, "erbbands_flatness_db": {"dmean": 0.0213569682091, "dmean2": 0.0291067082435, "dvar": 0.000397723721107, "dvar2": 0.000786102318671, "max": 0.337727695704, "mean": 0.11688978225, "median": 0.10986763984, "min": 0.0207123570144, "var": 0.00205665500835}, "erbbands_kurtosis": {"dmean": 1.19240379333, "dmean2": 1.88560855389, "dvar": 4.1578578949, "dvar2": 9.85999965668, "max": 52.2253417969, "mean": 0.671650230885, "median": -0.272582054138, "min": -1.82039606571, "var": 9.82846546173}, "erbbands_skewness": {"dmean": 0.478546649218, "dmean2": 0.709490954876, "dvar": 0.243949458003, "dvar2": 0.504030883312, "max": 4.96180009842, "mean": 0.210643261671, "median": 0.223745524883, "min": -4.28286504745, "var": 0.993714213371}, "erbbands_spread": {"dmean": 13.0296802521, "dmean2": 19.885684967, "dvar": 196.287155151, "dvar2": 473.800018311, "max": 162.280715942, "mean": 49.4364128113, "median": 46.5985679626, "min": 2.97610712051, "var": 546.839172363}, "gfcc": {"cov": [[16499.6074219, -1330.62915039, -428.980682373, 200.679931641, -126.868003845, 222.938293457, -119.757247925, 177.986175537, -59.6866455078, 6.87938404083, -57.604434967, -118.652175903, -33.2018737793], [-1330.62915039, 1416.62231445, -441.952819824, -6.20830011368, 191.21081543, -73.1533813477, 22.1240882874, 8.30679798126, 13.775976181, -50.0968322754, 53.7741661072, 29.4400959015, -21.8218727112], [-428.980682373, -441.952819824, 776.009765625, 48.833278656, -166.163223267, 44.1467094421, -26.4858226776, -35.2999420166, 32.6107940674, 30.171333313, -29.0281200409, 6.03664970398, 29.7486515045], [200.679931641, -6.20830011368, 48.833278656, 379.824432373, 130.339385986, 57.2379989624, 11.2526502609, 10.6582937241, -3.74220752716, 23.7567081451, 18.0364017487, 20.6629943848, 24.4102802277], [-126.868003845, 191.21081543, -166.163223267, 130.339385986, 371.952606201, 67.8551864624, 48.4757232666, 56.4651412964, -0.805959165096, -1.05000638962, 26.0298252106, 6.25756311417, 20.9769821167], [222.938293457, -73.1533813477, 44.1467094421, 57.2379989624, 67.8551864624, 179.850311279, 80.1202468872, 35.3947906494, -3.57548761368, 16.9791793823, 10.428814888, 2.73916125298, 8.46938228607], [-119.757247925, 22.1240882874, -26.4858226776, 11.2526502609, 48.4757232666, 80.1202468872, 153.835403442, 56.5854606628, -10.0050754547, -3.5966129303, 16.5700855255, 0.181219145656, -8.90054512024], [177.986175537, 8.30679798126, -35.2999420166, 10.6582937241, 56.4651412964, 35.3947906494, 56.5854606628, 117.415664673, 39.1197891235, 3.9273250103, 5.06554222107, -4.11205244064, -6.48564386368], [-59.6866455078, 13.775976181, 32.6107940674, -3.74220752716, -0.805959165096, -3.57548761368, -10.0050754547, 39.1197891235, 88.7002334595, 26.2263393402, -12.2604475021, 0.326128214598, 6.96316766739], [6.87938404083, -50.0968322754, 30.171333313, 23.7567081451, -1.05000638962, 16.9791793823, -3.5966129303, 3.9273250103, 26.2263393402, 69.7694854736, 19.1971263885, -3.56792783737, 1.29517328739], [-57.604434967, 53.7741661072, -29.0281200409, 18.0364017487, 26.0298252106, 10.428814888, 16.5700855255, 5.06554222107, -12.2604475021, 19.1971263885, 66.64793396, 21.7672309875, -10.219165802], [-118.652175903, 29.4400959015, 6.03664970398, 20.6629943848, 6.25756311417, 2.73916125298, 0.181219145656, -4.11205244064, 0.326128214598, -3.56792783737, 21.7672309875, 59.5649299622, 19.7421684265], [-33.2018737793, -21.8218727112, 29.7486515045, 24.4102802277, 20.9769821167, 8.46938228607, -8.90054512024, -6.48564386368, 6.96316766739, 1.29517328739, -10.219165802, 19.7421684265, 60.2437782288]], "icov": [[7.95272935648e-05, 8.83987740963e-05, 0.000118486830615, -7.3190589319e-05, 9.50828325585e-05, -0.000166104742675, 0.000217352891923, -0.000206832235563, 7.38893068046e-05, 8.33334488561e-05, -3.65078594768e-05, 0.00013306933397, -1.30462958623e-05], [8.83987740963e-05, 0.00110736582428, 0.000585230474826, -9.73166606855e-05, -0.000283747591311, 0.000204877112992, -8.67914714036e-05, 0.000440648407675, -0.00100751849823, 0.00111345108598, -0.000933481263928, -1.30167127281e-05, 0.000243326023337], [0.000118486830615, 0.000585230474826, 0.00204095151275, -0.000524116447195, 0.000921233964618, -0.000829293916468, 0.000309000432026, 0.000404568039812, -0.00102270254865, 0.000344544416294, -0.000102935548057, 0.00014905181888, -0.000588664552197], [-7.3190589319e-05, -9.73166606855e-05, -0.000524116447195, 0.00340374582447, -0.00135763373692, -0.000320411287248, 0.00016542726371, 5.86459027545e-05, 0.00072134291986, -0.00132336292882, 0.000243295944529, -0.00114142603707, -0.000287020084215], [9.50828325585e-05, -0.000283747591311, 0.000921233964618, -0.00135763373692, 0.00442595826462, -0.00145779864397, 0.00043444352923, -0.00173994922079, 0.000246742041782, 0.000798416614998, -0.00139323610347, 0.0014648924116, -0.00217656977475], [-0.000166104742675, 0.000204877112992, -0.000829293916468, -0.000320411287248, -0.00145779864397, 0.00900297332555, -0.00458665704355, -7.94314255472e-05, 0.000854127050843, -0.00234372261912, 0.00067763129482, -0.000671353016514, -0.000635649252217], [0.000217352891923, -8.67914714036e-05, 0.000309000432026, 0.00016542726371, 0.00043444352923, -0.00458665704355, 0.0114030670375, -0.00551975285634, 0.00308794435114, 0.000930665875785, -0.00122944905888, 0.000378475757316, 0.000743249780498], [-0.000206832235563, 0.000440648407675, 0.000404568039812, 5.86459027545e-05, -0.00173994922079, -7.94314255472e-05, -0.00551975285634, 0.0156287830323, -0.0092288069427, 0.00307353888638, -0.00220259116031, 0.00111045828089, 0.00156923488248], [7.38893068046e-05, -0.00100751849823, -0.00102270254865, 0.00072134291986, 0.000246742041782, 0.000854127050843, 0.00308794435114, -0.0092288069427, 0.0204146746546, -0.0100101046264, 0.00765247223899, -0.00354189495556, -0.000540411914699], [8.33334488561e-05, 0.00111345108598, 0.000344544416294, -0.00132336292882, 0.000798416614998, -0.00234372261912, 0.000930665875785, 0.00307353888638, -0.0100101046264, 0.0232934709638, -0.0118422266096, 0.0067944903858, -0.00224397494458], [-3.65078594768e-05, -0.000933481263928, -0.000102935548057, 0.000243295944529, -0.00139323610347, 0.00067763129482, -0.00122944905888, -0.00220259116031, 0.00765247223899, -0.0118422266096, 0.0266814641654, -0.0127523196861, 0.00764016900212], [0.00013306933397, -1.30167127281e-05, 0.00014905181888, -0.00114142603707, 0.0014648924116, -0.000671353016514, 0.000378475757316, 0.00111045828089, -0.00354189495556, 0.0067944903858, -0.0127523196861, 0.0258445627987, -0.0101519674063], [-1.30462958623e-05, 0.000243326023337, -0.000588664552197, -0.000287020084215, -0.00217656977475, -0.000635649252217, 0.000743249780498, 0.00156923488248, -0.000540411914699, -0.00224397494458, 0.00764016900212, -0.0101519674063, 0.022946709767]], "mean": [17.3103961945, 71.1940155029, -84.7144851685, 31.9256057739, -45.5810317993, 11.2310628891, -34.5074119568, 8.62836647034, -19.2463493347, 0.878240704536, -8.51830482483, 1.96288895607, -11.3588809967]}, "hfc": {"dmean": 15.3168792725, "dmean2": 22.0532932281, "dvar": 673.895629883, "dvar2": 1419.30749512, "max": 465.266967773, "mean": 31.1115188599, "median": 19.5498142242, "min": 1.29447471409e-06, "var": 1445.95410156}, "melbands": {"dmean": [0.00138918927405, 0.00152351718862, 0.000686236540787, 0.00100214988925, 0.000342577608535, 0.000317408732371, 0.000280540756648, 0.000315945304465, 0.000126556333271, 6.48936475045e-05, 4.99499001307e-05, 4.75350134366e-05, 5.13098566444e-05, 2.93808989227e-05, 2.96220059681e-05, 2.10944490391e-05, 2.12697905226e-05, 2.23512943194e-05, 1.84492437256e-05, 2.12390114029e-05, 1.7327214664e-05, 1.38348677865e-05, 1.2216878531e-05, 1.25401511468e-05, 1.07181622298e-05, 7.99489680503e-06, 5.78643948757e-06, 4.72079727842e-06, 3.68895894098e-06, 3.41006034432e-06, 4.01093711844e-06, 3.84698660127e-06, 4.50070592706e-06, 5.58193778488e-06, 5.18492652191e-06, 5.18530669069e-06, 4.77912726637e-06, 4.03693275075e-06, 3.49458809978e-06, 2.86179192699e-06], "dmean2": [0.00216710451059, 0.00237714243121, 0.00114395155106, 0.00166741444264, 0.000562077679206, 0.000508242985234, 0.00044565423741, 0.000504668278154, 0.000201910690521, 0.000105641251139, 8.07909600553e-05, 7.77873283369e-05, 7.97358370619e-05, 4.88239747938e-05, 4.8792517191e-05, 3.44260297425e-05, 3.4456832509e-05, 3.62208629667e-05, 3.14671342494e-05, 3.58984252671e-05, 2.86972717731e-05, 2.19277626456e-05, 1.97216322704e-05, 1.97427907551e-05, 1.65565816133e-05, 1.26306495076e-05, 9.03591899259e-06, 7.30139618099e-06, 5.84987810726e-06, 5.35759454579e-06, 6.19456204731e-06, 5.94189350522e-06, 6.86553948981e-06, 8.58721159602e-06, 8.12142479845e-06, 8.12904181657e-06, 7.33987462809e-06, 6.13425891061e-06, 5.20479807165e-06, 4.26229507866e-06], "dvar": [2.75692514151e-06, 4.12286999563e-06, 1.31084698296e-06, 4.11059954786e-06, 2.79960033822e-07, 3.71066249727e-07, 3.07447436398e-07, 3.47836447645e-07, 6.35855457176e-08, 1.33415722914e-08, 9.854321803e-09, 7.26434734588e-09, 7.26128090989e-09, 3.04581337929e-09, 3.34770433597e-09, 1.61054192205e-09, 1.39503597563e-09, 1.98945615537e-09, 1.34311173294e-09, 2.04328731712e-09, 1.09409992177e-09, 7.03817726322e-10, 4.31346014462e-10, 6.23806672984e-10, 5.17420273294e-10, 2.33152025464e-10, 1.02119493417e-10, 7.22609819204e-11, 4.58219052979e-11, 4.04720285063e-11, 9.30442736746e-11, 1.21646845375e-10, 1.76149247966e-10, 3.05187264349e-10, 2.56343224425e-10, 2.30179028615e-10, 1.55580964778e-10, 8.70876426529e-11, 6.25180671121e-11, 5.12802370012e-11], "dvar2": [6.35453852738e-06, 9.6540497907e-06, 3.48904063685e-06, 1.11529125206e-05, 7.05699449099e-07, 9.09846562536e-07, 7.39430106478e-07, 8.18066212105e-07, 1.49423669882e-07, 3.12411430059e-08, 2.39062156737e-08, 1.74126775221e-08, 1.71474905386e-08, 7.46235073734e-09, 7.75345743165e-09, 3.55862006529e-09, 3.35159922038e-09, 4.45277326122e-09, 3.45867356977e-09, 5.11383380086e-09, 2.67226729633e-09, 1.55555801573e-09, 1.0479607182e-09, 1.37486122487e-09, 1.10184905644e-09, 4.93714014116e-10, 2.24641860669e-10, 1.65123636986e-10, 1.13099585253e-10, 9.62936258508e-11, 2.1911675252e-10, 2.73373490511e-10, 4.17969880928e-10, 7.1335776175e-10, 5.64968682948e-10, 5.11595654729e-10, 3.46143391727e-10, 1.91669458083e-10, 1.37699449065e-10, 1.0680652196e-10], "max": [0.0213754978031, 0.0401026681066, 0.0181940346956, 0.0221834518015, 0.00623395759612, 0.00889301579446, 0.0065449741669, 0.00800709612668, 0.00631356937811, 0.00257300934754, 0.00252105877735, 0.0021077087149, 0.00175388844218, 0.000912525632884, 0.00200873450376, 0.00123782327864, 0.000719350180589, 0.00125779607333, 0.00068632978946, 0.00126984610688, 0.00114882609341, 0.00103461917024, 0.000484018324642, 0.00117557274643, 0.000706295482814, 0.000400976190576, 0.000276615319308, 0.00019457655435, 0.00010375421698, 0.000117085139209, 0.000271456694463, 0.000326086359564, 0.000292644370347, 0.000339963415172, 0.000329662056174, 0.000393721245928, 0.00033063167939, 0.000171512700035, 0.000193986314116, 0.000163893462741], "mean": [0.00266689294949, 0.00300470739603, 0.00109276047442, 0.00126478006132, 0.000542048481293, 0.000461040792288, 0.000362011080142, 0.000424307043431, 0.000192791849258, 7.89810801507e-05, 6.24367748969e-05, 7.06046266714e-05, 9.06442946871e-05, 4.33118984802e-05, 4.60442861367e-05, 3.58902361768e-05, 3.66409367416e-05, 3.80396304536e-05, 2.26211177505e-05, 2.83379013126e-05, 2.65861544904e-05, 2.33799328271e-05, 1.99301830435e-05, 2.34404396906e-05, 2.10347898246e-05, 1.48351446114e-05, 1.02271551441e-05, 7.55668679631e-06, 5.54903363081e-06, 5.05165917275e-06, 5.64850597584e-06, 5.23088010596e-06, 5.54000916964e-06, 6.67756648909e-06, 6.34422303847e-06, 6.19389902567e-06, 5.57857265449e-06, 4.83339817947e-06, 4.21521326643e-06, 3.43459942087e-06], "median": [0.0018184108194, 0.00190602289513, 0.000731060572434, 0.000538886350114, 0.000279072555713, 0.000153661545482, 0.000118352931167, 0.000135600130307, 6.13038137089e-05, 2.84558791463e-05, 2.39578421315e-05, 3.30319016939e-05, 3.56060845661e-05, 1.88959147636e-05, 2.3724813218e-05, 1.67798225448e-05, 1.61989319167e-05, 1.32411414597e-05, 8.76695776242e-06, 1.10388546091e-05, 1.1290171642e-05, 1.15378879855e-05, 1.04020409708e-05, 1.05226718006e-05, 8.98875987332e-06, 6.34677235212e-06, 4.58150088889e-06, 3.08562903228e-06, 2.3519289698e-06, 2.1290290988e-06, 2.00388876692e-06, 1.71844305896e-06, 1.42695046179e-06, 1.24433006476e-06, 1.18921286685e-06, 1.15679870305e-06, 1.01486364201e-06, 9.15136240565e-07, 8.02575641501e-07, 6.14627595041e-07], "min": [3.14587217387e-10, 8.17306500256e-11, 2.20767813752e-11, 2.01246987824e-11, 5.38046430326e-12, 3.09680753263e-12, 1.50901112352e-12, 1.56637485101e-12, 6.57070914605e-13, 3.61811221174e-13, 2.49132420423e-13, 1.8970425003e-13, 1.05973864124e-13, 4.31303687968e-14, 7.68263355494e-14, 5.38566925974e-14, 9.09711759048e-14, 8.91563908746e-14, 5.00221879977e-14, 4.80095902811e-14, 3.58281553568e-14, 7.30784858083e-14, 9.28040535587e-14, 8.59310520418e-14, 1.20458317258e-13, 3.7411896904e-14, 1.58887998787e-14, 4.32847930675e-14, 7.65919039346e-14, 4.23849831914e-14, 2.63327195064e-14, 2.80867180642e-14, 2.28196656043e-14, 3.28770451347e-14, 8.79300633499e-14, 8.49346770216e-14, 1.03098620949e-13, 5.67918243899e-14, 6.64689386431e-14, 7.4263986345e-14], "var": [7.51721836423e-06, 1.07876394395e-05, 1.6719255882e-06, 4.00043882109e-06, 4.89924445901e-07, 6.32851254068e-07, 4.07687338111e-07, 5.60970590868e-07, 1.69221124224e-07, 2.16467288539e-08, 1.42705331996e-08, 1.4267155457e-08, 1.91090769874e-08, 5.58938362261e-09, 5.93603921573e-09, 3.86188414581e-09, 3.34806005142e-09, 5.62598634346e-09, 1.64205804509e-09, 2.86084889112e-09, 2.2575430414e-09, 1.73442216145e-09, 8.15704614965e-10, 2.23588525472e-09, 1.60007862515e-09, 7.63136498438e-10, 2.79901241074e-10, 1.52672860465e-10, 7.13693271148e-11, 6.50723155915e-11, 1.3745425631e-10, 1.73268149828e-10, 2.33041752562e-10, 4.32276187068e-10, 4.06813721598e-10, 3.557291961e-10, 2.52393439482e-10, 1.56096427451e-10, 1.11314762963e-10, 8.82829642723e-11]}, "melbands_crest": {"dmean": 3.65881514549, "dmean2": 6.06879329681, "dvar": 9.36433696747, "dvar2": 25.0546455383, "max": 30.8133201599, "mean": 14.7499475479, "median": 14.5032787323, "min": 3.29189109802, "var": 21.3811588287}, "melbands_flatness_db": {"dmean": 0.0370285399258, "dmean2": 0.0523968413472, "dvar": 0.0011224464979, "dvar2": 0.0023221957963, "max": 0.53348505497, "mean": 0.205900475383, "median": 0.199451431632, "min": 0.0389744229615, "var": 0.00452829152346}, "melbands_kurtosis": {"dmean": 11.520198822, "dmean2": 18.2464103699, "dvar": 306.082275391, "dvar2": 656.582519531, "max": 414.268280029, "mean": 21.758430481, "median": 14.0470905304, "min": -1.90358400345, "var": 845.544616699}, "melbands_skewness": {"dmean": 0.988152265549, "dmean2": 1.54634010792, "dvar": 0.96435379982, "dvar2": 2.21096801758, "max": 16.3689556122, "mean": 3.4615752697, "median": 3.18042230606, "min": -1.39400458336, "var": 3.3750333786}, "melbands_spread": {"dmean": 9.79687976837, "dmean2": 15.3442325592, "dvar": 242.93119812, "dvar2": 529.522399902, "max": 263.483276367, "mean": 22.5862884521, "median": 16.7763614655, "min": 0.534864842892, "var": 503.858123779}, "mfcc": {"cov": [[10718.9550781, -308.834350586, -51.6205177307, 100.695823669, 133.774856567, -0.780138611794, 43.8194274902, 65.9178161621, 41.3764038086, 128.902801514, 11.5825471878, -28.9179344177, -11.5359535217], [-308.834350586, 1263.13879395, -352.225280762, 35.2595977783, 41.116809845, -49.1139297485, -1.23933660984, 64.8625946045, -31.8638935089, -55.163444519, 57.7727661133, 13.9883174896, -15.5588827133], [-51.6205177307, -352.225280762, 778.125854492, -26.4107475281, -82.0030670166, 23.8286972046, -69.8467178345, -58.190448761, 17.3153648376, -9.70822048187, -54.8273429871, 23.8243160248, 24.6911315918], [100.695823669, 35.2595977783, -26.4107475281, 294.909484863, 125.338653564, 49.3051872253, 29.9882450104, 13.5931472778, 4.25567865372, -2.89377737045, -5.09266233444, 2.0376098156, 22.2525806427], [133.774856567, 41.116809845, -82.0030670166, 125.338653564, 239.425170898, 56.637676239, 32.0622367859, 14.6425189972, 36.3794136047, 12.0772809982, -6.46112251282, 6.52255439758, 19.1045131683], [-0.780138611794, -49.1139297485, 23.8286972046, 49.3051872253, 56.637676239, 143.956329346, 68.4360046387, 11.9459056854, 10.7589902878, 14.2335691452, -3.64536190033, -0.0103542171419, 11.0965862274], [43.8194274902, -1.23933660984, -69.8467178345, 29.9882450104, 32.0622367859, 68.4360046387, 179.029190063, 66.9446334839, 0.231425255537, 31.2048225403, 21.6662502289, -0.521055698395, 6.93994951248], [65.9178161621, 64.8625946045, -58.190448761, 13.5931472778, 14.6425189972, 11.9459056854, 66.9446334839, 121.587791443, 31.251247406, 14.3818006516, 20.445230484, 5.24983072281, 8.127784729], [41.3764038086, -31.8638935089, 17.3153648376, 4.25567865372, 36.3794136047, 10.7589902878, 0.231425255537, 31.251247406, 105.107048035, 35.2846717834, -12.5186738968, 5.17387723923, 17.0107803345], [128.902801514, -55.163444519, -9.70822048187, -2.89377737045, 12.0772809982, 14.2335691452, 31.2048225403, 14.3818006516, 35.2846717834, 97.7079849243, 24.9445896149, -8.62073612213, 5.29097700119], [11.5825471878, 57.7727661133, -54.8273429871, -5.09266233444, -6.46112251282, -3.64536190033, 21.6662502289, 20.445230484, -12.5186738968, 24.9445896149, 85.982635498, 19.5197162628, -10.7013101578], [-28.9179344177, 13.9883174896, 23.8243160248, 2.0376098156, 6.52255439758, -0.0103542171419, -0.521055698395, 5.24983072281, 5.17387723923, -8.62073612213, 19.5197162628, 67.5529098511, 17.7434082031], [-11.5359535217, -15.5588827133, 24.6911315918, 22.2525806427, 19.1045131683, 11.0965862274, 6.93994951248, 8.127784729, 17.0107803345, 5.29097700119, -10.7013101578, 17.7434082031, 65.1254882812]], "icov": [[9.69013635768e-05, 2.76309074252e-05, 4.93419565828e-06, -2.24202649406e-05, -5.76140009798e-05, 4.13730158471e-05, 2.39200035139e-05, -7.85766533227e-05, 5.10237186973e-05, -0.000136592614581, 3.27915331582e-05, 2.85999681182e-06, 4.90436796099e-05], [2.76309074252e-05, 0.00100303825457, 0.000387800566386, -7.98885448603e-05, -0.000127113598865, 0.000185696626431, 0.000267508759862, -0.000526039104443, 0.000142786448123, 0.00062370474916, -0.000525280134752, -5.68564464629e-05, 8.79839990375e-06], [4.93419565828e-06, 0.000387800566386, 0.00173053378239, -0.000135886701173, 0.000757478002924, -0.000671857502311, 0.000651092734188, 0.000239301021793, -0.000230510806432, -4.35234396718e-05, 0.000793652026914, -0.000914995092899, -0.00027967710048], [-2.24202649406e-05, -7.98885448603e-05, -0.000135886701173, 0.00457107042894, -0.00230678240769, -0.000629437738098, -4.67614554509e-05, -0.000335698889103, 0.000794438703451, 0.000388287153328, -0.000106764615339, 0.000470520782983, -0.0010873862775], [-5.76140009798e-05, -0.000127113598865, 0.000757478002924, -0.00230678240769, 0.00647014845163, -0.00172611197922, -0.000111193592602, 0.000692339381203, -0.00215147063136, -1.30070238811e-05, 0.000538066320587, -0.000774519401602, -0.000355566793587], [4.13730158471e-05, 0.000185696626431, -0.000671857502311, -0.000629437738098, -0.00172611197922, 0.00995182152838, -0.00415405724198, 0.00124970730394, -0.000570627104025, 6.33448653389e-05, 0.000232061516726, 0.000335237098625, -0.000290428637527], [2.39200035139e-05, 0.000267508759862, 0.000651092734188, -4.67614554509e-05, -0.000111193592602, -0.00415405724198, 0.00989011023194, -0.00527641596273, 0.00293243536726, -0.00265574618243, 3.11448420689e-05, -0.000273735291557, -0.000288212089799], [-7.85766533227e-05, -0.000526039104443, 0.000239301021793, -0.000335698889103, 0.000692339381203, 0.00124970730394, -0.00527641596273, 0.0130211189389, -0.00526784732938, 0.00204589404166, -0.00279183103703, 0.000618820835371, -0.0010120368097], [5.10237186973e-05, 0.000142786448123, -0.000230510806432, 0.000794438703451, -0.00215147063136, -0.000570627104025, 0.00293243536726, -0.00526784732938, 0.0149203315377, -0.00650570681319, 0.00458412524313, -0.0023332296405, -0.00104730261955], [-0.000136592614581, 0.00062370474916, -4.35234396718e-05, 0.000388287153328, -1.30070238811e-05, 6.33448653389e-05, -0.00265574618243, 0.00204589404166, -0.00650570681319, 0.0160247143358, -0.00716026313603, 0.00478976080194, -0.00205479795113], [3.27915331582e-05, -0.000525280134752, 0.000793652026914, -0.000106764615339, 0.000538066320587, 0.000232061516726, 3.11448420689e-05, -0.00279183103703, 0.00458412524313, -0.00716026313603, 0.0181817039847, -0.00761283095926, 0.00420966744423], [2.85999681182e-06, -5.68564464629e-05, -0.000914995092899, 0.000470520782983, -0.000774519401602, 0.000335237098625, -0.000273735291557, 0.000618820835371, -0.0023332296405, 0.00478976080194, -0.00761283095926, 0.0197452474385, -0.00611512502655], [4.90436796099e-05, 8.79839990375e-06, -0.00027967710048, -0.0010873862775, -0.000355566793587, -0.000290428637527, -0.000288212089799, -0.0010120368097, -0.00104730261955, -0.00205479795113, 0.00420966744423, -0.00611512502655, 0.0189524311572]], "mean": [-633.708984375, 108.729560852, 18.4613800049, 25.9703807831, 14.0577077866, 4.78600931168, 3.02259087563, 5.94686079025, -2.65666007996, -0.125933870673, 2.38105273247, 3.02021741867, 1.22625565529]}, "pitch_salience": {"dmean": 0.0899452194571, "dmean2": 0.140369459987, "dvar": 0.00621620193124, "dvar2": 0.0149383274838, "max": 0.905337750912, "mean": 0.540633499622, "median": 0.54531443119, "min": 0.109301060438, "var": 0.0165330115706}, "silence_rate_20dB": {"dmean": 0, "dmean2": 0, "dvar": 0, "dvar2": 0, "max": 1, "mean": 1, "median": 1, "min": 1, "var": 0}, "silence_rate_30dB": {"dmean": 0.00124223600142, "dmean2": 0.00248485780321, "dvar": 0.00124063401017, "dvar2": 0.00309966062196, "max": 1, "mean": 0.999068439007, "median": 1, "min": 0, "var": 0.000930688169319}, "silence_rate_60dB": {"dmean": 0.00962732918561, "dmean2": 0.0192576479167, "dvar": 0.00953433010727, "dvar2": 0.0207513123751, "max": 1, "mean": 0.0579102635384, "median": 0, "min": 0, "var": 0.0545581616461}, "spectral_centroid": {"dmean": 362.847869873, "dmean2": 550.279602051, "dvar": 202627.484375, "dvar2": 403993.6875, "max": 11008.4003906, "mean": 1375.07788086, "median": 1257.57714844, "min": 161.242370605, "var": 566188.0625}, "spectral_complexity": {"dmean": 5.31366443634, "dmean2": 8.08044719696, "dvar": 35.3161392212, "dvar2": 77.302406311, "max": 55, "mean": 19.2145633698, "median": 18, "min": 0, "var": 110.051040649}, "spectral_contrast_coeffs": {"dmean": [0.0566597692668, 0.0542192347348, 0.0402298122644, 0.0344871245325, 0.0268884152174, 0.0215055104345], "dmean2": [0.092215590179, 0.0876497253776, 0.064929716289, 0.0543920733035, 0.0410517677665, 0.0350540652871], "dvar": [0.00227912445553, 0.00200025760569, 0.00106675527059, 0.000903817708604, 0.000599765451625, 0.000452734442661], "dvar2": [0.00583082064986, 0.00489885685965, 0.00269623612985, 0.00214218674228, 0.0012454574462, 0.00114229938481], "max": [-0.295132398605, -0.380567997694, -0.541532456875, -0.570373475552, -0.553386747837, -0.606741786003], "mean": [-0.66272342205, -0.732952296734, -0.787033736706, -0.787286102772, -0.783217906952, -0.793360590935], "median": [-0.669413566589, -0.743049621582, -0.794630348682, -0.797327756882, -0.794287085533, -0.793415367603], "min": [-0.976888418198, -0.968407273293, -0.957267642021, -0.961104035378, -0.956544220448, -0.952421307564], "var": [0.00696947984397, 0.00736130680889, 0.00392958056182, 0.00386512605473, 0.00344781344756, 0.00118906609714]}, "spectral_contrast_valleys": {"dmean": [0.377781450748, 0.451936930418, 0.472492486238, 0.44664272666, 0.371638506651, 0.513594448566], "dmean2": [0.629147648811, 0.699776291847, 0.722466349602, 0.710681438446, 0.548688173294, 0.634457707405], "dvar": [0.111701443791, 0.185093164444, 0.215493202209, 0.249096333981, 0.17450106144, 0.275049388409], "dvar2": [0.262198090553, 0.389844954014, 0.481033176184, 0.590154707432, 0.361806362867, 0.53818577528], "max": [-5.09443902969, -4.392786026, -5.30054807663, -5.40041685104, -5.64446401596, -6.84897565842], "mean": [-6.83502483368, -6.70773458481, -7.45215463638, -7.8262219429, -7.60709142685, -9.62169265747], "median": [-6.52159261703, -6.55539608002, -7.32984161377, -7.68056488037, -7.40429878235, -9.43894481659], "min": [-26.7290611267, -27.283241272, -27.4747409821, -27.2396354675, -27.2849884033, -27.4217987061], "var": [1.56807768345, 1.5297036171, 1.55678153038, 1.64139056206, 1.69314074516, 2.07177305222]}, "spectral_decrease": {"dmean": 2.89735302417e-09, "dmean2": 4.68901362183e-09, "dvar": 1.21524420784e-17, "dvar2": 3.16173146274e-17, "max": -5.50095171441e-16, "mean": -8.4709395054e-09, "median": -8.09940559066e-09, "min": -4.84069424544e-08, "var": 2.71019424587e-17}, "spectral_energy": {"dmean": 0.0115656945854, "dmean2": 0.0186993833631, "dvar": 0.000192723106011, "dvar2": 0.000494993117172, "max": 0.190760672092, "mean": 0.0347932390869, "median": 0.0334987901151, "min": 2.19359685971e-09, "var": 0.000440296978923}, "spectral_energyband_high": {"dmean": 0.0014427426504, "dmean2": 0.0020619535353, "dvar": 8.29306827654e-06, "dvar2": 1.70380990312e-05, "max": 0.0481530204415, "mean": 0.00202147965319, "median": 0.000548195384908, "min": 7.2133736484e-11, "var": 1.73380885826e-05}, "spectral_energyband_low": {"dmean": 0.00694959005341, "dmean2": 0.0108055081218, "dvar": 7.15144269634e-05, "dvar2": 0.00016435534053, "max": 0.16414783895, "mean": 0.0154097378254, "median": 0.0115533638746, "min": 1.41214651084e-09, "var": 0.000208834171644}, "spectral_energyband_middle_high": {"dmean": 0.00179287325591, "dmean2": 0.00290301814675, "dvar": 6.90707292961e-06, "dvar2": 1.74913366209e-05, "max": 0.0322362743318, "mean": 0.00441319029778, "median": 0.00314789544791, "min": 1.17827700721e-11, "var": 1.74788256118e-05}, "spectral_energyband_middle_low": {"dmean": 0.00701011996716, "dmean2": 0.0111726894975, "dvar": 0.000129428823129, "dvar2": 0.000321853352943, "max": 0.112842559814, "mean": 0.0136075802147, "median": 0.00919485278428, "min": 1.5007918519e-10, "var": 0.000186658013263}, "spectral_entropy": {"dmean": 0.251924097538, "dmean2": 0.336970508099, "dvar": 0.0568500161171, "dvar2": 0.110598780215, "max": 9.77818393707, "mean": 7.71246099472, "median": 7.75122833252, "min": 5.33125352859, "var": 0.259156852961}, "spectral_flux": {"dmean": 0.0283393226564, "dmean2": 0.0435171313584, "dvar": 0.000841061526444, "dvar2": 0.00181313976645, "max": 0.367735117674, "mean": 0.0968269482255, "median": 0.0924233272672, "min": 1.66256431839e-05, "var": 0.0023676448036}, "spectral_kurtosis": {"dmean": 1.42334353924, "dmean2": 2.16488671303, "dvar": 2.56622576714, "dvar2": 6.14806699753, "max": 34.7054786682, "mean": 3.97916293144, "median": 3.46615552902, "min": -1.20963168144, "var": 8.43999481201}, "spectral_rms": {"dmean": 0.000928171677515, "dmean2": 0.00147796072997, "dvar": 9.28829820168e-07, "dvar2": 2.28279168368e-06, "max": 0.0136421397328, "mean": 0.0054745869711, "median": 0.00571679510176, "min": 1.46290619796e-06, "var": 3.9735214159e-06}, "spectral_rolloff": {"dmean": 954.892150879, "dmean2": 1613.46813965, "dvar": 2940759.25, "dvar2": 6767395.5, "max": 11821.7285156, "mean": 1600.85375977, "median": 818.26171875, "min": 64.599609375, "var": 4108444}, "spectral_skewness": {"dmean": 0.240513339639, "dmean2": 0.361643880606, "dvar": 0.0643000751734, "dvar2": 0.146914035082, "max": 4.90360498428, "mean": 1.53555119038, "median": 1.50717246532, "min": 0.0323772467673, "var": 0.234801605344}, "spectral_spread": {"dmean": 1141873.875, "dmean2": 1586208.625, "dvar": 1783458430980.0, "dvar2": 3855294136320.0, "max": 41210504, "mean": 5881864.5, "median": 5583098, "min": 2196796.5, "var": 4327580893180.0}, "spectral_strongpeak": {"dme