{"lowlevel": {"average_loudness": 0.540134429932, "barkbands": {"dmean": [0.0015276519116, 0.00471293600276, 0.00150771450717, 0.00171469268389, 0.00201051845215, 0.00127060699742, 0.00060651433887, 0.000252234603977, 0.000216766362428, 0.000208759607631, 0.000140569434734, 0.000220247224206, 0.000112195484689, 2.37955846387e-05, 3.46903907484e-05, 3.08463713736e-05, 3.81182217097e-05, 3.58566067007e-05, 2.3138418328e-05, 1.19952610476e-05, 5.99558325121e-06, 3.37782898896e-06, 2.23565962187e-06, 1.4979560774e-06, 1.43274144193e-06, 4.31882835983e-06, 8.81844607648e-05], "dmean2": [0.0025199232623, 0.00750234955922, 0.00249200104736, 0.00297044124454, 0.00306777236983, 0.00188563251868, 0.000904601241928, 0.000381977530196, 0.000343421124853, 0.000322318810504, 0.000229353070608, 0.000351313938154, 0.000182805306395, 3.88766020478e-05, 5.67425049667e-05, 4.90583151986e-05, 5.98904953222e-05, 5.45644106751e-05, 3.43761021213e-05, 1.75412205863e-05, 9.04941407498e-06, 5.1051133596e-06, 3.52002439286e-06, 2.53649795923e-06, 2.42567602982e-06, 6.60390014673e-06, 0.000117896546726], "dvar": [3.14092576446e-05, 0.000240156572545, 7.7755712482e-06, 1.44175046444e-05, 1.97366753127e-05, 1.28570918605e-05, 3.56453369932e-06, 1.83078714144e-06, 9.56099142968e-07, 9.92974150904e-07, 2.92950602443e-07, 6.38840447209e-07, 1.76352486392e-07, 5.08429165436e-09, 3.2823713525e-08, 3.07368175356e-08, 6.42847197696e-08, 5.71248861547e-08, 3.67864210205e-08, 1.05044817289e-08, 1.51244650137e-09, 2.47005027543e-10, 1.04077205187e-10, 1.10608050496e-11, 9.81718178972e-12, 1.48579604176e-09, 4.47791393299e-07], "dvar2": [7.48477832531e-05, 0.000565264082979, 2.05141186598e-05, 4.11175205954e-05, 4.30743602919e-05, 2.76068349194e-05, 7.12597784513e-06, 3.8416001189e-06, 2.22062203648e-06, 1.71991814568e-06, 7.04311730715e-07, 1.53731889441e-06, 4.26458001357e-07, 1.27202568478e-08, 9.21314295965e-08, 7.4865297961e-08, 1.53521369839e-07, 1.09779897173e-07, 6.9338177866e-08, 1.90383833143e-08, 2.77051626085e-09, 4.11970291214e-10, 2.00437749731e-10, 2.91538529429e-11, 2.59271753372e-11, 3.46156703301e-09, 6.82078848513e-07], "max": [0.104268379509, 0.254074275494, 0.0684778392315, 0.140493690968, 0.147272765636, 0.135872468352, 0.0904771834612, 0.0599720552564, 0.0394463166595, 0.0844114422798, 0.0254710707814, 0.0269229151309, 0.0137390112504, 0.00322589767165, 0.00757283298299, 0.00714886933565, 0.0126158697531, 0.0132858231664, 0.0135450204834, 0.00611446471885, 0.00236676144414, 0.000710971246008, 0.000877763319295, 5.82399879931e-05, 5.61743217986e-05, 0.00235020648688, 0.040825817734], "mean": [0.00183092686348, 0.00653506396338, 0.0024234498851, 0.00286062993109, 0.00530406786129, 0.00281111570075, 0.00128324620891, 0.000416706665419, 0.000369005458197, 0.000370643858332, 0.00021323247347, 0.000350745482137, 0.000209843594348, 4.200388139e-05, 5.37791529496e-05, 5.41424742551e-05, 7.03058103682e-05, 6.66256528348e-05, 4.06618019042e-05, 1.94635977095e-05, 9.60291436058e-06, 4.89784997626e-06, 2.78126412923e-06, 1.51365111378e-06, 1.41040152357e-06, 5.62153809369e-06, 0.000218505490921], "median": [0.000254407321336, 0.00180577673018, 0.00097873667255, 0.000755054294132, 0.00128537986893, 0.000810774916317, 0.000314036238706, 6.06573230471e-05, 7.4851224781e-05, 0.000136623799335, 6.62121747155e-05, 4.46865524282e-05, 1.95986285689e-05, 9.58021428232e-06, 6.78191190673e-06, 4.34376124758e-06, 3.13707732857e-06, 2.9921566238e-06, 2.29596071222e-06, 1.55053908202e-06, 1.30874832394e-06, 8.56393739923e-07, 6.81311234985e-07, 3.83311885344e-07, 3.48202604528e-07, 1.13890098419e-06, 2.68518288067e-05], "min": [2.34567600841e-23, 1.27464397501e-23, 1.68370006658e-23, 1.70073914658e-24, 5.49505171121e-23, 3.14245234395e-23, 4.96501165137e-23, 6.85617440518e-23, 6.90019284369e-23, 6.92658686741e-23, 7.23160403849e-23, 6.43919389028e-23, 8.33723929772e-23, 5.26395112249e-23, 1.55274824123e-22, 1.00058523995e-22, 1.34426618793e-22, 2.3124792269e-22, 3.05921798901e-22, 2.87389272671e-22, 5.03793382723e-22, 5.91378854603e-22, 5.40539407213e-22, 7.40128536863e-22, 1.32272480737e-21, 1.93121267923e-21, 2.49437343652e-21], "var": [3.36253360729e-05, 0.000284420326352, 1.60291510838e-05, 4.64271724923e-05, 0.000138576375321, 4.88261866849e-05, 1.30136104417e-05, 4.15146359956e-06, 2.58214004134e-06, 2.38303141487e-06, 5.36667130291e-07, 1.31335991682e-06, 5.38139147466e-07, 1.50971217749e-08, 5.23040526446e-08, 6.29207832503e-08, 1.42870902664e-07, 1.31569422024e-07, 7.43653529867e-08, 2.10196695605e-08, 3.1568996306e-09, 5.98016469677e-10, 1.73731792841e-10, 1.13395525608e-11, 9.75487138982e-12, 1.70221681195e-09, 1.22277890569e-06]}, "barkbands_crest": {"dmean": 2.67279267311, "dmean2": 4.41498661041, "dvar": 5.50146150589, "dvar2": 14.7251300812, "max": 25.990032196, "mean": 11.5151729584, "median": 10.7661981583, "min": 3.91064381599, "var": 16.2782287598}, "barkbands_flatness_db": {"dmean": 0.0336160883307, "dmean2": 0.0537993051112, "dvar": 0.000814668193925, "dvar2": 0.00215418124571, "max": 0.447621136904, "mean": 0.220646768808, "median": 0.219370096922, "min": 0.054948117584, "var": 0.00321782706305}, "barkbands_kurtosis": {"dmean": 8.71404933929, "dmean2": 14.3150424957, "dvar": 208.559066772, "dvar2": 547.969726562, "max": 463.494049072, "mean": 19.4231948853, "median": 14.8143520355, "min": -1.84693539143, "var": 420.684783936}, "barkbands_skewness": {"dmean": 0.784491300583, "dmean2": 1.2585452795, "dvar": 0.617273390293, "dvar2": 1.57513523102, "max": 18.4271869659, "mean": 2.82513284683, "median": 2.65536832809, "min": -1.98563766479, "var": 2.17993807793}, "barkbands_spread": {"dmean": 3.14955282211, "dmean2": 4.95036792755, "dvar": 37.7215499878, "dvar2": 83.1102752686, "max": 129.55456543, "mean": 10.8892364502, "median": 6.69529342651, "min": 0.477354049683, "var": 192.447341919}, "dissonance": {"dmean": 0.0356883145869, "dmean2": 0.0603384152055, "dvar": 0.0011032007169, "dvar2": 0.00308858160861, "max": 0.499990582466, "mean": 0.425137519836, "median": 0.435039430857, "min": 0.131226688623, "var": 0.00260228174739}, "dynamic_complexity": 6.89371013641, "erbbands": {"dmean": [0.226940691471, 0.806291937828, 1.63551855087, 3.63153219223, 4.85099744797, 9.15701675415, 10.9253635406, 9.72859477997, 8.77426433563, 6.63310861588, 5.32957792282, 4.67755126953, 5.45735216141, 6.28075790405, 6.18788385391, 7.56339359283, 5.03302383423, 1.51606380939, 1.26391994953, 1.8485262394, 1.50484609604, 2.12546610832, 1.98094129562, 1.38956427574, 1.02516639233, 0.533175647259, 0.311244130135, 0.18131993711, 0.125771924853, 0.0932218134403, 0.0579278431833, 0.0353534445167, 0.0232809223235, 0.0160009749234, 0.0102197984233, 0.0060260319151, 0.00815314985812, 0.0163272172213, 0.0110904769972, 0.00227803341113], "dmean2": [0.353369474411, 1.32561516762, 2.68859767914, 6.17028093338, 8.23629570007, 13.8116769791, 16.4085979462, 14.1130447388, 12.9747114182, 10.0377883911, 8.34334945679, 7.36274623871, 8.48925018311, 9.83277893066, 9.94927120209, 11.9886131287, 8.07800960541, 2.44377923012, 2.0725736618, 3.00164484978, 2.34982919693, 3.31563210487, 3.05455422401, 2.01762652397, 1.50457394123, 0.763193488121, 0.437301516533, 0.268483459949, 0.191869035363, 0.141992837191, 0.0921695157886, 0.0588559806347, 0.0395629219711, 0.027138305828, 0.0172634720802, 0.0100764641538, 0.0122720710933, 0.0205415654927, 0.0143637061119, 0.00327493273653], "dvar": [0.737954437733, 5.24974679947, 9.167096138, 58.7180099487, 96.0406951904, 497.178161621, 931.590698242, 652.93359375, 737.760070801, 529.74005127, 947.543334961, 469.406768799, 660.069030762, 977.223999023, 495.257354736, 880.451477051, 334.01953125, 24.3335781097, 24.1411952972, 85.0223083496, 95.1071548462, 195.588760376, 185.33253479, 96.3165206909, 75.5022735596, 20.0633392334, 5.16286087036, 0.920923769474, 0.354557037354, 0.235196813941, 0.0363802798092, 0.00635502813384, 0.0026820760686, 0.00124383438379, 0.000491998624057, 0.000164803102962, 0.00492049194872, 0.0481914505363, 0.0154309980571, 0.000123668141896], "dvar2": [1.69204866886, 13.7783212662, 24.5299720764, 158.87310791, 282.457275391, 1075.11401367, 2035.39086914, 1372.25610352, 1372.19152832, 1214.51330566, 2124.55639648, 1063.21655273, 1529.64624023, 1436.46838379, 1229.1739502, 2140.56811523, 803.814086914, 63.6458053589, 64.0524215698, 226.257278442, 223.316970825, 464.823974609, 381.412536621, 162.465011597, 139.869659424, 33.4120826721, 8.46186065674, 1.56317794323, 0.620251357555, 0.388865083456, 0.0702282041311, 0.0158665906638, 0.0070936428383, 0.00328800035641, 0.00129786727484, 0.000428925966844, 0.0118203395978, 0.0753406956792, 0.0233898703009, 0.000215755295358], "max": [13.6061820984, 49.2774238586, 75.1789474487, 288.019134521, 202.472396851, 657.916381836, 1092.328125, 752.329345703, 1656.77978516, 724.220153809, 1476.60375977, 980.099365234, 1356.21081543, 3058.90551758, 673.986816406, 1449.6862793, 541.286499023, 206.277160645, 209.795837402, 350.154846191, 513.821289062, 669.604125977, 792.329772949, 778.205749512, 628.971984863, 273.954650879, 147.194274902, 43.273223877, 28.1633338928, 40.2969322205, 13.5749139786, 2.66222548485, 0.937054514885, 0.635468482971, 0.395869195461, 0.219894662499, 4.52376747131, 21.633014679, 9.27484798431, 0.616427898407], "mean": [0.271936833858, 1.14955604076, 2.73909378052, 6.56836700439, 9.1999206543, 24.3238124847, 24.1083126068, 22.9570159912, 18.5097064972, 13.673614502, 9.11714363098, 8.2110490799, 9.76590156555, 11.2144269943, 10.7695789337, 13.1085329056, 10.0124073029, 3.10392808914, 2.29790210724, 3.24839305878, 2.88973426819, 4.00551605225, 3.89567470551, 2.61423015594, 1.71207559109, 0.898563921452, 0.529592752457, 0.283875077963, 0.181893736124, 0.126845896244, 0.0721338242292, 0.0388568490744, 0.0225321501493, 0.0156062208116, 0.010189473629, 0.00635582813993, 0.0108963744715, 0.0268375668675, 0.0228177998215, 0.00778241083026], "median": [0.0462286323309, 0.386640101671, 1.23176586628, 2.49846506119, 3.58741188049, 4.4010386467, 6.83263301849, 6.05311965942, 4.71861362457, 3.09020161629, 1.43000483513, 1.69734883308, 3.2486114502, 4.77735519409, 2.74022626877, 1.78002381325, 1.02769231796, 0.609892129898, 0.445117413998, 0.336494415998, 0.247174978256, 0.190477818251, 0.169785544276, 0.133642941713, 0.10369515419, 0.0716124922037, 0.0592721104622, 0.0440833382308, 0.0308222547174, 0.0256459638476, 0.0185134299099, 0.0103411804885, 0.00530057493597, 0.00376476929523, 0.0026026496198, 0.00180591444951, 0.00231941905804, 0.00221809605137, 0.0016210222384, 0.00346130924299], "min": [8.77311776447e-22, 1.65800457604e-21, 1.59982078061e-20, 1.32852444206e-20, 6.20117465821e-20, 2.63527852438e-19, 1.64008589719e-19, 2.95979931477e-19, 3.47541847219e-19, 1.35132040237e-18, 1.84412328187e-18, 1.35861199947e-18, 2.45643256337e-18, 1.61536172718e-18, 2.83984256461e-18, 3.50933608263e-18, 4.30060630325e-18, 3.30145649571e-18, 4.18098936923e-18, 7.96296418176e-18, 7.46602219388e-18, 6.95217925173e-18, 1.08107476803e-17, 1.12701596566e-17, 1.88140625595e-17, 1.42652028108e-17, 2.11997821406e-17, 1.73900215041e-17, 1.82809165305e-17, 2.07031627532e-17, 1.46329342239e-17, 1.3586953586e-17, 1.48636994168e-17, 1.54723653813e-17, 8.55855821104e-18, 6.91804233503e-18, 3.78539065487e-18, 1.42379869143e-18, 2.87044933295e-19, 3.89180691076e-20], "var": [0.816242814064, 5.90600585938, 17.5739746094, 195.776000977, 253.840820312, 3625.75195312, 3508.62451172, 3211.28393555, 2298.84643555, 1839.18591309, 1950.97216797, 1308.89611816, 1224.31274414, 2422.12792969, 1094.82641602, 1860.57702637, 1134.10595703, 89.1364440918, 58.4242324829, 175.380187988, 180.97795105, 454.594909668, 418.874542236, 242.943832397, 147.395233154, 42.2356910706, 12.0017004013, 2.11848020554, 0.842503845692, 0.49742525816, 0.0679458528757, 0.00814869254827, 0.00262357643805, 0.00122519163415, 0.000494316569529, 0.000177538036951, 0.00544464727864, 0.100343421102, 0.0364510044456, 0.000394225498894]}, "erbbands_crest": {"dmean": 2.57354640961, "dmean2": 4.14169406891, "dvar": 5.27618789673, "dvar2": 13.0021982193, "max": 31.2112483978, "mean": 11.3282823563, "median": 10.5011081696, "min": 2.15193343163, "var": 20.5013656616}, "erbbands_flatness_db": {"dmean": 0.0297326240689, "dmean2": 0.0473373271525, "dvar": 0.00063624815084, "dvar2": 0.00166926183738, "max": 0.377047121525, "mean": 0.184477239847, "median": 0.18441234529, "min": 0.0264136027545, "var": 0.00255916151218}, "erbbands_kurtosis": {"dmean": 1.98264729977, "dmean2": 3.18953037262, "dvar": 7.6340970993, "dvar2": 18.9625358582, "max": 62.8054199219, "mean": 3.36293339729, "median": 1.78426980972, "min": -1.69322991371, "var": 28.4445781708}, "erbbands_skewness": {"dmean": 0.456925183535, "dmean2": 0.724814534187, "dvar": 0.162944301963, "dvar2": 0.396851956844, "max": 6.29505157471, "mean": 0.928126275539, "median": 0.926628351212, "min": -3.61485743523, "var": 1.15822350979}, "erbbands_spread": {"dmean": 4.77946615219, "dmean2": 7.56126832962, "dvar": 28.2106189728, "dvar2": 68.8459014893, "max": 176.850418091, "mean": 21.1261749268, "median": 17.4752941132, "min": 1.76951372623, "var": 206.637542725}, "gfcc": {"cov": [[19691.46875, 1403.65710449, -1340.0769043, -455.887969971, 837.682739258, -578.486694336, -197.921905518, -125.700874329, -430.687530518, -129.296005249, 247.112075806, -193.579650879, 137.402923584], [1403.65710449, 1042.60522461, 291.313293457, -352.721588135, -56.8158454895, -5.87389135361, 30.0839576721, -41.3857765198, -29.0856876373, -96.4134140015, 22.3317909241, -75.9171524048, 109.44342804], [-1340.0769043, 291.313293457, 575.629211426, -7.43678474426, -259.133361816, 138.805664062, -20.2905216217, 72.0300445557, -1.74862575531, -19.5654315948, -51.6679992676, -26.2680644989, 63.8107261658], [-455.887969971, -352.721588135, -7.43678474426, 319.836456299, 94.3531188965, 25.555065155, 2.51531791687, 21.7475452423, 17.5313339233, 47.4975280762, -10.5789775848, 30.0758171082, -55.3654937744], [837.682739258, -56.8158454895, -259.133361816, 94.3531188965, 392.128845215, -15.3178005219, 85.6738586426, -87.7730712891, 3.68784880638, 6.35844326019, 49.8356742859, 14.4571790695, -54.9713363647], [-578.486694336, -5.87389135361, 138.805664062, 25.555065155, -15.3178005219, 291.526611328, 5.12796545029, 54.0452156067, -13.4058933258, 49.0018539429, -10.8498935699, -20.4445800781, 45.5317420959], [-197.921905518, 30.0839576721, -20.2905216217, 2.51531791687, 85.6738586426, 5.12796545029, 166.247390747, 4.82892751694, 40.104057312, -11.0219812393, 3.13059830666, 22.4020633698, -21.5238265991], [-125.700874329, -41.3857765198, 72.0300445557, 21.7475452423, -87.7730712891, 54.0452156067, 4.82892751694, 161.809066772, 29.6930389404, 17.1399707794, -12.7188167572, -13.1585445404, 37.6867713928], [-430.687530518, -29.0856876373, -1.74862575531, 17.5313339233, 3.68784880638, -13.4058933258, 40.104057312, 29.6930389404, 110.002052307, 49.705783844, 9.94342422485, 24.1215782166, -15.5703001022], [-129.296005249, -96.4134140015, -19.5654315948, 47.4975280762, 6.35844326019, 49.0018539429, -11.0219812393, 17.1399707794, 49.705783844, 105.828483582, 40.1490402222, 16.597366333, -7.9254283905], [247.112075806, 22.3317909241, -51.6679992676, -10.5789775848, 49.8356742859, -10.8498935699, 3.13059830666, -12.7188167572, 9.94342422485, 40.1490402222, 78.8724212646, 30.2183589935, -3.53351998329], [-193.579650879, -75.9171524048, -26.2680644989, 30.0758171082, 14.4571790695, -20.4445800781, 22.4020633698, -13.1585445404, 24.1215782166, 16.597366333, 30.2183589935, 76.342666626, 1.26118242741], [137.402923584, 109.44342804, 63.8107261658, -55.3654937744, -54.9713363647, 45.5317420959, -21.5238265991, 37.6867713928, -15.5703001022, -7.9254283905, -3.53351998329, 1.26118242741, 103.731452942]], "icov": [[0.00012866371253, -0.000427670776844, 0.000450299121439, -0.000165242352523, -0.000149141356815, 0.000236972235143, 0.000167817721376, -0.000428484287113, 0.000756833644118, -0.000523001421243, 0.000267340248683, -0.000141767959576, 7.50900289859e-06], [-0.000427670776844, 0.00469162501395, -0.00400966359302, 0.00347343878821, -0.00111559953075, 0.000115527014714, -0.00104204949457, 0.0024073550012, -0.00356412888505, 0.00331642036326, -0.00376746919937, 0.00372949731536, -0.00225103436969], [0.000450299121439, -0.00400966359302, 0.00703163212165, -0.00439499272034, 0.00378905492835, -0.00177996617276, 9.17722427403e-05, -0.000937110453378, 0.00161112425849, -9.45286519709e-05, 0.00121387548279, -0.00105288112536, 0.000400210556109], [-0.000165242352523, 0.00347343878821, -0.00439499272034, 0.00913867913187, -0.00486107775941, 0.00131780828815, 0.00107558432501, -0.00189941294957, 0.00109115173109, -0.00305670080706, 0.00322435144335, -0.00243589887396, 0.00196387502365], [-0.000149141356815, -0.00111559953075, 0.00378905492835, -0.00486107775941, 0.00834323745221, -0.00270817498676, -0.0032025007531, 0.00408349791542, -0.00275386031717, 0.00420921156183, -0.00524983042851, 0.00310919526964, -0.000397161726141], [0.000236972235143, 0.000115527014714, -0.00177996617276, 0.00131780828815, -0.00270817498676, 0.00683363247663, -0.000808014417998, -0.00230372324586, 0.00507141835988, -0.00707762502134, 0.00324388802983, 0.000453720829682, -0.00207740999758], [0.000167817721376, -0.00104204949457, 9.17722427403e-05, 0.00107558432501, -0.0032025007531, -0.000808014417998, 0.00980921182781, -0.00278913672082, -0.00226484844461, 0.00200460944325, 0.00221878592856, -0.00462072901428, 0.00304595800117], [-0.000428484287113, 0.0024073550012, -0.000937110453378, -0.00189941294957, 0.00408349791542, -0.00230372324586, -0.00278913672082, 0.0124296657741, -0.00753150880337, 0.00499615818262, -0.00544384401292, 0.00684052426368, -0.00534641742706], [0.000756833644118, -0.00356412888505, 0.00161112425849, 0.00109115173109, -0.00275386031717, 0.00507141835988, -0.00226484844461, -0.00753150880337, 0.0236365515739, -0.0171272885054, 0.0101471981034, -0.00807555112988, 0.00361325102858], [-0.000523001421243, 0.00331642036326, -9.45286519709e-05, -0.00305670080706, 0.00420921156183, -0.00707762502134, 0.00200460944325, 0.00499615818262, -0.0171272885054, 0.0293551124632, -0.018204824999, 0.00698380311951, -0.00147459679283], [0.000267340248683, -0.00376746919937, 0.00121387548279, 0.00322435144335, -0.00524983042851, 0.00324388802983, 0.00221878592856, -0.00544384401292, 0.0101471981034, -0.018204824999, 0.0309363659471, -0.0152107449248, 0.00419824710116], [-0.000141767959576, 0.00372949731536, -0.00105288112536, -0.00243589887396, 0.00310919526964, 0.000453720829682, -0.00462072901428, 0.00684052426368, -0.00807555112988, 0.00698380311951, -0.0152107449248, 0.0262978617102, -0.00791146140546], [7.50900289859e-06, -0.00225103436969, 0.000400210556109, 0.00196387502365, -0.000397161726141, -0.00207740999758, 0.00304595800117, -0.00534641742706, 0.00361325102858, -0.00147459679283, 0.00419824710116, -0.00791146140546, 0.0167520344257]], "mean": [-123.674446106, 126.778511047, -45.0911941528, -11.6604661942, -23.9342765808, -16.4008159637, -6.56468677521, -17.8404884338, -11.5596017838, -14.2908086777, -1.96311926842, 1.80217802525, -3.17284703255]}, "hfc": {"dmean": 22.6827545166, "dmean2": 35.6970901489, "dvar": 1907.66186523, "dvar2": 4786.31103516, "max": 1311.56079102, "mean": 86.1502990723, "median": 60.0061683655, "min": 1.21973128216e-16, "var": 9834.01367188}, "melbands": {"dmean": [0.001613589935, 0.000868672388606, 0.000658061122522, 0.000448789563961, 0.000384397309972, 0.000220148926019, 0.000127311446704, 6.89027292538e-05, 4.2764157115e-05, 2.97581646009e-05, 2.87982857117e-05, 2.73017194559e-05, 1.8573295165e-05, 2.44496623054e-05, 2.00438698812e-05, 8.15315979708e-06, 2.45431033363e-06, 1.90367643427e-06, 3.15639749715e-06, 2.26635756917e-06, 1.83020745226e-06, 2.33860282606e-06, 1.99360124498e-06, 1.88946842172e-06, 1.11186852791e-06, 9.37462743877e-07, 5.78092794967e-07, 3.26673870177e-07, 2.15341515286e-07, 1.53299382077e-07, 9.60919379622e-08, 7.6006585914e-08, 6.15967010731e-08, 4.96117991133e-08, 3.47119382127e-08, 2.77720602071e-08, 1.93908480384e-08, 1.65118994033e-08, 1.46460275019e-08, 1.3093336193e-08], "dmean2": [0.00251957401633, 0.00142308545765, 0.0011269079987, 0.000705103622749, 0.000567782728467, 0.000321069295751, 0.000189547616174, 0.00010314645624, 6.77927819197e-05, 4.7044843086e-05, 4.48614046036e-05, 4.25060497946e-05, 2.99239582091e-05, 3.87218096876e-05, 3.22416526615e-05, 1.33239618663e-05, 3.99836198994e-06, 3.11772942041e-06, 5.2666632655e-06, 3.60130320587e-06, 2.90295929517e-06, 3.68738960788e-06, 3.13049690703e-06, 2.91010314868e-06, 1.65946119068e-06, 1.42250098634e-06, 8.77529316767e-07, 4.78688036765e-07, 3.0840547538e-07, 2.42737229428e-07, 1.43903918115e-07, 1.18248465242e-07, 9.43570768186e-08, 7.63900658285e-08, 5.57170203308e-08, 4.49528236857e-08, 3.28491793766e-08, 2.80943179831e-08, 2.48782079382e-08, 2.2198578975e-08], "dvar": [3.30870389007e-05, 3.10894051836e-06, 1.81480220363e-06, 9.14836277843e-07, 9.45007229802e-07, 3.37252203053e-07, 1.50059364046e-07, 6.08520878131e-08, 5.11785991364e-08, 1.90032931613e-08, 1.70504499408e-08, 1.89635844805e-08, 4.98930630144e-09, 8.17287482135e-09, 6.53897735958e-09, 8.99304075652e-10, 6.46889000699e-11, 4.1264557743e-11, 3.37028405184e-10, 1.48359144414e-10, 1.95050489649e-10, 2.54005594336e-10, 1.60532892535e-10, 1.8010511138e-10, 6.32875418738e-11, 6.59716517526e-11, 2.61554406605e-11, 6.949879474e-12, 2.4640040442e-12, 1.07021683182e-12, 2.27119470691e-13, 1.34572406929e-13, 8.31162260328e-14, 9.87735080901e-14, 1.36005361365e-14, 5.05749142652e-15, 1.85453332175e-15, 1.35454798419e-15, 1.05353470936e-15, 8.29706305983e-16], "dvar2": [7.55264918553e-05, 8.30885528558e-06, 5.20571029483e-06, 2.08729761653e-06, 2.02270553018e-06, 7.08936681804e-07, 2.87045907044e-07, 1.33203428732e-07, 1.17701809188e-07, 4.40392859957e-08, 3.89433019166e-08, 2.71449849265e-08, 1.21785665996e-08, 1.8726353801e-08, 1.67344644808e-08, 2.17224727095e-09, 1.6862343466e-10, 1.04803089818e-10, 9.69783475746e-10, 3.59378748982e-10, 4.67641647628e-10, 5.94214233374e-10, 3.72533948134e-10, 3.7028072275e-10, 1.16297915742e-10, 1.33966504556e-10, 5.27842491937e-11, 1.16512459403e-11, 4.02710373729e-12, 2.06875879274e-12, 3.89755746124e-13, 2.58452574663e-13, 1.3113831852e-13, 1.80843187647e-13, 2.73278747992e-14, 1.08660164742e-14, 4.8793908909e-15, 3.58469171366e-15, 2.78701262338e-15, 2.19287089165e-15], "max": [0.0943778529763, 0.0355789624155, 0.0466876216233, 0.0226044952869, 0.0346384979784, 0.0179490894079, 0.0212732497603, 0.00816962681711, 0.0099143544212, 0.00523594068363, 0.00695361709222, 0.0136967971921, 0.00254963058978, 0.00344673776999, 0.00240056915209, 0.000827043899335, 0.000334497250151, 0.000305818015477, 0.000790080637671, 0.000476036482723, 0.00077096093446, 0.000771862221882, 0.000653991533909, 0.000828073883895, 0.000629124813713, 0.00050887913676, 0.00032772574923, 0.000154513050802, 9.96868620859e-05, 5.41785775567e-05, 2.21675909415e-05, 1.75006007339e-05, 1.56386431627e-05, 2.84977777483e-05, 7.83098039392e-06, 3.92136644223e-06, 7.60259922572e-07, 6.66805021865e-07, 5.86435248806e-07, 5.18414879025e-07], "mean": [0.00217062467709, 0.00145989889279, 0.00122701376677, 0.00112835911568, 0.000957564567216, 0.000520514615346, 0.000272636301816, 0.000135400536237, 7.05892234691e-05, 5.06092510477e-05, 5.05656134919e-05, 4.81091119582e-05, 3.08574162773e-05, 3.94194357796e-05, 3.35466356773e-05, 1.5166344383e-05, 4.51930964118e-06, 3.27853717863e-06, 4.75310662296e-06, 3.99345753976e-06, 3.19627542922e-06, 4.12058807342e-06, 3.77485207537e-06, 3.30531429427e-06, 1.97992108042e-06, 1.48389779042e-06, 8.94468598744e-07, 5.16633122061e-07, 3.53064052661e-07, 2.32143491985e-07, 1.41508877505e-07, 1.04578496973e-07, 8.58137099158e-08, 6.38848902668e-08, 4.21793089345e-08, 3.33537109043e-08, 1.96149354537e-08, 1.57785322585e-08, 1.41326230718e-08, 1.27830537267e-08], "median": [0.000520182074979, 0.000659481622279, 0.000492038205266, 0.000309893803205, 0.000261208973825, 0.000144714111229, 6.86371786287e-05, 2.68729418167e-05, 1.01027671917e-05, 1.03535803646e-05, 1.6462381609e-05, 2.00458125619e-05, 8.82823587744e-06, 5.71140390093e-06, 2.75157708529e-06, 1.59333080774e-06, 9.61777914199e-07, 6.66705375352e-07, 5.19870127391e-07, 3.26849260546e-07, 2.53331506883e-07, 1.88119827271e-07, 1.544577799e-07, 1.3349037431e-07, 1.03443468902e-07, 8.04538942134e-08, 6.04772196766e-08, 4.24614121641e-08, 3.69153561053e-08, 3.04181639876e-08, 2.26550653792e-08, 1.72314909008e-08, 1.52756101102e-08, 1.31499833245e-08, 1.07528439486e-08, 8.71035155114e-09, 4.92509188987e-09, 3.54709084327e-09, 3.29403748722e-09, 3.09199732484e-09], "min": [7.17613275958e-24, 5.90706027249e-24, 2.62282840351e-24, 1.28601611493e-23, 7.1122563255e-24, 6.4101590758e-24, 6.80724956739e-24, 1.45361032422e-23, 1.62470873254e-23, 7.91882873577e-24, 1.21204068355e-23, 5.91659168437e-24, 1.04643495594e-23, 7.36065205848e-24, 9.59590915494e-24, 8.49152913118e-24, 5.31312295264e-24, 5.00018893129e-24, 1.18899742542e-23, 7.71703180532e-24, 1.01850312678e-23, 7.60281342372e-24, 7.37657363813e-24, 1.15239924924e-23, 8.32038496893e-24, 1.24760608303e-23, 1.19024840104e-23, 9.10591530341e-24, 1.28296030445e-23, 9.36266034021e-24, 1.1287843825e-23, 1.10835951148e-23, 1.11957009269e-23, 1.01731518115e-23, 7.24183146235e-24, 1.05424649328e-23, 7.61146486127e-24, 9.66883934563e-24, 1.48175183261e-23, 1.10365805826e-23], "var": [3.89907581848e-05, 5.049943411e-06, 5.79849665883e-06, 5.40511655345e-06, 4.98995223097e-06, 1.55038219418e-06, 5.13532597779e-07, 2.00789557425e-07, 1.10199991354e-07, 5.10079942728e-08, 3.28660512139e-08, 4.8126921115e-08, 9.87509096717e-09, 1.628705526e-08, 1.50020849077e-08, 2.68279154447e-09, 1.97465946372e-10, 1.04473825424e-10, 4.78784567548e-10, 3.39207550937e-10, 2.91444091083e-10, 5.25687549047e-10, 3.79907827419e-10, 3.84199783099e-10, 1.50116502562e-10, 1.15323445238e-10, 4.66995157822e-11, 1.41288760205e-11, 5.76248120401e-12, 2.01096821487e-12, 5.22880512759e-13, 2.84682542297e-13, 1.96827905537e-13, 1.67451800039e-13, 2.36769036045e-14, 9.05769938762e-15, 1.91068038297e-15, 1.31509943638e-15, 1.02971455469e-15, 8.18417421439e-16]}, "melbands_crest": {"dmean": 3.58813357353, "dmean2": 5.88679981232, "dvar": 9.94206523895, "dvar2": 26.1043395996, "max": 39.2207450867, "mean": 16.1100654602, "median": 15.2660236359, "min": 1.72468852997, "var": 28.9664821625}, "melbands_flatness_db": {"dmean": 0.0417473427951, "dmean2": 0.0669626444578, "dvar": 0.00123262312263, "dvar2": 0.00324532273225, "max": 0.600668668747, "mean": 0.353121399879, "median": 0.35289773345, "min": 0.00390467536636, "var": 0.0048525412567}, "melbands_kurtosis": {"dmean": 7.79436731339, "dmean2": 12.8136405945, "dvar": 863.923339844, "dvar2": 2393.74389648, "max": 2046.16015625, "mean": 14.9249420166, "median": 9.31194114685, "min": -1.85464012623, "var": 798.89453125}, "melbands_skewness": {"dmean": 0.703813374043, "dmean2": 1.11875331402, "dvar": 0.686659157276, "dvar2": 1.73318314552, "max": 38.5189323425, "mean": 2.50495123863, "median": 2.27102398872, "min": -1.83135402203, "var": 2.42976212502}, "melbands_spread": {"dmean": 2.33900880814, "dmean2": 3.71252822876, "dvar": 23.6229438782, "dvar2": 44.4199676514, "max": 241.992172241, "mean": 7.64451360703, "median": 5.45797109604, "min": 0.366569787264, "var": 86.8758544922}, "mfcc": {"cov": [[13873.0576172, 1925.60021973, -2205.046875, 719.872741699, 49.2898292542, 164.257202148, -5.29115915298, 28.2676734924, -410.608184814, -196.198135376, 77.3440704346, 142.454788208, 29.310043335], [1925.60021973, 1698.28955078, 108.492591858, -117.64655304, -101.36920166, -2.46987199783, 22.0559635162, 27.7295417786, -28.6920833588, -49.8543434143, -68.714012146, -66.7537307739, -32.8915672302], [-2205.046875, 108.492591858, 981.954284668, -205.33744812, -73.5746765137, -90.2493591309, -11.4818925858, -5.61460399628, 121.791244507, 53.1352958679, -52.6958198547, -87.995010376, -42.5199661255], [719.872741699, -117.64655304, -205.33744812, 298.813659668, 46.8938560486, 6.99015808105, -3.9090282917, 22.1540546417, -47.1279830933, -11.8758525848, 22.8281879425, 22.6100654602, 5.98707056046], [49.2898292542, -101.36920166, -73.5746765137, 46.8938560486, 163.226928711, 85.9913101196, 39.960773468, -9.00241565704, -7.55737113953, -0.748237609863, 12.7433919907, 32.03931427, 16.8507614136], [164.257202148, -2.46987199783, -90.2493591309, 6.99015808105, 85.9913101196, 198.773345947, 76.1690444946, -3.88309192657, -2.04818487167, 5.16555309296, 4.47705125809, 24.624704361, 32.2178611755], [-5.29115915298, 22.0559635162, -11.4818925858, -3.9090282917, 39.960773468, 76.1690444946, 115.038772583, 39.8766975403, 11.575753212, 3.77351713181, -3.52072620392, 13.927857399, 7.49501132965], [28.2676734924, 27.7295417786, -5.61460399628, 22.1540546417, -9.00241565704, -3.88309192657, 39.8766975403, 92.4583358765, 41.1859855652, 11.3930416107, -1.61275053024, -5.67160129547, -3.45925354958], [-410.608184814, -28.6920833588, 121.791244507, -47.1279830933, -7.55737113953, -2.04818487167, 11.575753212, 41.1859855652, 106.571884155, 55.4232444763, -4.03808927536, -13.5961494446, -7.43736076355], [-196.198135376, -49.8543434143, 53.1352958679, -11.8758525848, -0.748237609863, 5.16555309296, 3.77351713181, 11.3930416107, 55.4232444763, 81.7889556885, 31.9601840973, 4.88229751587, 2.59606957436], [77.3440704346, -68.714012146, -52.6958198547, 22.8281879425, 12.7433919907, 4.47705125809, -3.52072620392, -1.61275053024, -4.03808927536, 31.9601840973, 77.1878509521, 43.91147995, 16.1750640869], [142.454788208, -66.7537307739, -87.995010376, 22.6100654602, 32.03931427, 24.624704361, 13.927857399, -5.67160129547, -13.5961494446, 4.88229751587, 43.91147995, 78.5889053345, 39.7419509888], [29.310043335, -32.8915672302, -42.5199661255, 5.98707056046, 16.8507614136, 32.2178611755, 7.49501132965, -3.45925354958, -7.43736076355, 2.59606957436, 16.1750640869, 39.7419509888, 60.9043693542]], "icov": [[0.000183279669727, -0.000251535995631, 0.000369657122064, -0.000275430385955, 4.94704690936e-05, -3.15022480208e-05, 7.05652782926e-05, 4.15467729908e-05, 0.000101852558146, -6.54300602037e-05, -3.38839458891e-06, -0.000128840430989, 0.00015795561194], [-0.000251535995631, 0.00101985770743, -0.000560234999284, 0.000647630018648, 0.000306552450638, -0.000202736147912, -0.000101177181932, -0.000551274511963, 0.000471202394692, 0.000106546976895, 0.000329216010869, 0.000331493443809, -3.01343116007e-05], [0.000369657122064, -0.000560234999284, 0.00228487886488, -4.27104941991e-06, 8.10459896456e-05, 0.000824395858217, -0.000633478339296, 0.00127020932268, -0.0015082830796, -0.000183225143701, 6.67686799716e-06, 0.00112695584539, -0.000106800012873], [-0.000275430385955, 0.000647630018648, -4.27104941991e-06, 0.00517948111519, -0.00148882041685, 0.000132857996505, 0.00132143450901, -0.00329522835091, 0.00319538102485, -0.00140206050128, 0.000234844221268, -3.03437464027e-05, 0.000369422195945], [4.94704690936e-05, 0.000306552450638, 8.10459896456e-05, -0.00148882041685, 0.0093014286831, -0.00327457906678, -0.00152924051508, 0.00201923307031, -0.0013145620469, 0.00110539060552, 5.03170886077e-05, -0.00264760712162, 0.00131294177845], [-3.15022480208e-05, -0.000202736147912, 0.000824395858217, 0.000132857996505, -0.00327457906678, 0.00975917931646, -0.00634177634493, 0.00368368322961, -0.00167058373336, -0.00030313958996, -0.000418991374318, 0.00277031376027, -0.00468622567132], [7.05652782926e-05, -0.000101177181932, -0.000633478339296, 0.00132143450901, -0.00152924051508, -0.00634177634493, 0.017038917169, -0.00983992684633, 0.00427201576531, -0.00250243139453, 0.003847573651, -0.00554046966136, 0.00368318124674], [4.15467729908e-05, -0.000551274511963, 0.00127020932268, -0.00329522835091, 0.00201923307031, 0.00368368322961, -0.00983992684633, 0.0214735697955, -0.0127230919898, 0.00578636256978, -0.00415997998789, 0.0042469794862, -0.00265052332543], [0.000101852558146, 0.000471202394692, -0.0015082830796, 0.00319538102485, -0.0013145620469, -0.00167058373336, 0.00427201576531, -0.0127230919898, 0.0266571044922, -0.0177365075797, 0.00881542265415, -0.00369693269022, 0.00291982269846], [-6.54300602037e-05, 0.000106546976895, -0.000183225143701, -0.00140206050128, 0.00110539060552, -0.00030313958996, -0.00250243139453, 0.00578636256978, -0.0177365075797, 0.0292533580214, -0.0156806316227, 0.00613408116624, -0.00266095623374], [-3.38839458891e-06, 0.000329216010869, 6.67686799716e-06, 0.000234844221268, 5.03170886077e-05, -0.000418991374318, 0.003847573651, -0.00415997998789, 0.00881542265415, -0.0156806316227, 0.0286519024521, -0.0164435505867, 0.00452434830368], [-0.000128840430989, 0.000331493443809, 0.00112695584539, -3.03437464027e-05, -0.00264760712162, 0.00277031376027, -0.00554046966136, 0.0042469794862, -0.00369693269022, 0.00613408116624, -0.0164435505867, 0.032404653728, -0.0162699539214], [0.00015795561194, -3.01343116007e-05, -0.000106800012873, 0.000369422195945, 0.00131294177845, -0.00468622567132, 0.00368318124674, -0.00265052332543, 0.00291982269846, -0.00266095623374, 0.00452434830368, -0.0162699539214, 0.0276129599661]], "mean": [-797.327331543, 189.585113525, 30.2626228333, 22.7521457672, 2.4965262413, 7.0344619751, 5.91945981979, 5.96296167374, -4.82110261917, -6.41866254807, -6.07630586624, -3.09504008293, 1.20671463013]}, "pitch_salience": {"dmean": 0.0729337111115, "dmean2": 0.11917129904, "dvar": 0.00409470545128, "dvar2": 0.0106127886102, "max": 0.850675523281, "mean": 0.551843523979, "median": 0.563313901424, "min": 0.0421440564096, "var": 0.0125461574644}, "silence_rate_20dB": {"dmean": 0, "dmean2": 0, "dvar": 0, "dvar2": 0, "max": 1, "mean": 1, "median": 1, "min": 1, "var": 0}, "silence_rate_30dB": {"dmean": 0.0252178367227, "dmean2": 0.0504408441484, "dvar": 0.024583240971, "dvar2": 0.0542540773749, "max": 1, "mean": 0.967302143574, "median": 1, "min": 0, "var": 0.0316279493272}, "silence_rate_60dB": {"dmean": 0.0170169137418, "dmean2": 0.0340373180807, "dvar": 0.0167276822031, "dvar2": 0.038415979594, "max": 1, "mean": 0.231754824519, "median": 0, "min": 0, "var": 0.178046658635}, "spectral_centroid": {"dmean": 80.5112838745, "dmean2": 126.079246521, "dvar": 24326.8808594, "dvar2": 40849.1367188, "max": 11242.7617188, "mean": 509.176300049, "median": 383.845397949, "min": 125.63445282, "var": 210985.53125}, "spectral_complexity": {"dmean": 1.58175289631, "dmean2": 2.57453346252, "dvar": 3.08517003059, "dvar2": 6.72056102753, "max": 50, "mean": 8.5254201889, "median": 8, "min": 0, "var": 34.7407226562}, "spectral_contrast_coeffs": {"dmean": [0.0492633879185, 0.0452030263841, 0.0370327755809, 0.0330528691411, 0.0278912577778, 0.0251189023256], "dmean2": [0.0818599015474, 0.0739459618926, 0.0610326342285, 0.0538888052106, 0.0454425737262, 0.0405173636973], "dvar": [0.00159612344578, 0.00136140943505, 0.000843571324367, 0.000713324523531, 0.000564561458305, 0.000757739238907], "dvar2": [0.00440795253962, 0.00362353934906, 0.00230038631707, 0.00187123159412, 0.00146774936002, 0.00192852737382], "max": [-0.3206795156, -0.428390681744, -0.548133850098, -0.594261646271, -0.611478865147, -0.516682744026], "mean": [-0.663899183273, -0.731056213379, -0.791379988194, -0.842425584793, -0.868979990482, -0.829536855221], "median": [-0.669005632401, -0.734926521778, -0.791892886162, -0.843999445438, -0.878295779228, -0.846024632454], "min": [-0.958737492561, -0.973084330559, -0.962728917599, -0.98444378376, -0.970596075058, -0.957783222198], "var": [0.00921475328505, 0.00565460836515, 0.00328646111302, 0.00396829470992, 0.00381855503656, 0.00256377505139]}, "spectral_contrast_valleys": {"dmean": [0.380983442068, 0.351079106331, 0.328500896692, 0.44198974967, 0.529426574707, 0.676905810833], "dmean2": [0.628941059113, 0.571897625923, 0.530671000481, 0.707533419132, 0.851129055023, 1.10360407829], "dvar": [0.107160627842, 0.0945476815104, 0.0837558880448, 0.179209887981, 0.257387548685, 0.337109208107], "dvar2": [0.263899683952, 0.223393559456, 0.191235169768, 0.44574290514, 0.651904344559, 0.862499237061], "max": [-4.87148189545, -4.31381750107, -5.33267402649, -6.0047659874, -5.40643310547, -9.01040554047], "mean": [-7.34613895416, -7.3145108223, -8.09101963043, -9.04595184326, -9.27843570709, -11.8893032074], "median": [-6.98800945282, -7.02826976776, -7.70646381378, -8.7481136322, -9.06088066101, -11.6992969513], "min": [-27.2588882446, -27.0223903656, -27.1560897827, -27.2460670471, -27.337972641, -27.3177547455], "var": [2.04469442368, 2.06461691856, 2.11454248428, 2.1093506813, 1.94009995461, 1.81479203701]}, "spectral_decrease": {"dmean": 2.32995778227e-09, "dmean2": 3.61397267667e-09, "dvar": 2.90339402389e-17, "dvar2": 6.56585927045e-17, "max": 3.97392474483e-09, "mean": -5.62343860366e-09, "median": -2.74946154732e-09, "min": -8.784469685e-08, "var": 6.60684706242e-17}, "spectral_energy": {"dmean": 0.00914625264704, "dmean2": 0.0140098351985, "dvar": 0.000423931021942, "dvar2": 0.000944318249822, "max": 0.338242590427, "mean": 0.0290382895619, "median": 0.0181055851281, "min": 1.07477192576e-20, "var": 0.00123030669056}, "spectral_energyband_high": {"dmean": 9.52821064857e-05, "dmean2": 0.000125217819004, "dvar": 5.62254285796e-07, "dvar2": 8.34381751247e-07, "max": 0.0483693629503, "mean": 0.000218961678911, "median": 2.20043693844e-05, "min": 7.95769236585e-21, "var": 1.51706797169e-06}, "spectral_energyband_low": {"dmean": 0.00655767088756, "dmean2": 0.0102949505672, "dvar": 0.000362446182407, "dvar2": 0.000821892637759, "max": 0.318958878517, "mean": 0.0117846690118, "median": 0.00515053607523, "min": 4.54354251792e-23, "var": 0.000525994459167}, "spectral_energyband_middle_high": {"dmean": 0.000559074862394, "dmean2": 0.000842173991259, "dvar": 2.57388478531e-06, "dvar2": 5.09208257427e-06, "max": 0.0865806862712, "mean": 0.0014559350675, "median": 0.000483025971334, "min": 1.36381534761e-21, "var": 9.70644123299e-06}, "spectral_energyband_middle_low": {"dmean": 0.00417244434357, "dmean2": 0.00649275491014, "dvar": 5.60136177228e-05, "dvar2": 0.000133614201332, "max": 0.156218603253, "mean": 0.0131048243493, "median": 0.00583782605827, "min": 3.15347462406e-22, "var": 0.000347491150023}, "spectral_entropy": {"dmean": 0.326988101006, "dmean2": 0.527047276497, "dvar": 0.088707074523, "dvar2": 0.233240604401, "max": 9.79522418976, "mean": 6.64972257614, "median": 6.62887096405, "min": 4.65852308273, "var": 0.362181514502}, "spectral_flux": {"dmean": 0.0172002948821, "dmean2": 0.0279223285615, "dvar": 0.000804015318863, "dvar2": 0.00200650049374, "max": 0.467103779316, "mean": 0.0674991682172, "median": 0.0604491010308, "min": 1.03671210505e-10, "var": 0.00293726916425}, "spectral_kurtosis": {"dmean": 12.4051275253, "dmean2": 20.237121582, "dvar": 198.662246704, "dvar2": 528.846496582, "max": 147.517181396, "mean": 29.4485282898, "median": 25.3132286072, "min": -1.1616216898, "var": 322.475158691}, "spectral_rms": {"dmean": 0.000666699081194, "dmean2": 0.00100550753996, "dvar": 1.00782563095e-06, "dvar2": 2.11487417801e-06, "max": 0.0181657038629, "mean": 0.00441921083257, "median": 0.00420285435393, "min": 3.23814434468e-12, "var": 8.8006572696e-06}, "spectral_rolloff": {"dmean": 3737.078125, "dmean2": 7280.91943359, "dvar": 56927652, "dvar2": 142336768, "max": 22050, "mean": 11428.3154297, "median": 18733.8867188, "min": 21.533203125, "var": 107380880}, "spectral_skewness": {"dmean": 0.870795547962, "dmean2": 1.41100633144, "dvar": 0.795019507408, "dvar2": 2.12293577194, "max": 10.2624855042, "mean": 4.0974111557, "median": 3.90265917778, "min": -0.046449419111, "var": 1.73818492889}, "spectral_spread": {"dmean": 715890.9375, "dmean2": 1155687.375, "dvar": 474648379392, "dvar2": 1113211404290.0, "max": 39669732, "mean": 3644228.25, "m