{"lowlevel": {"average_loudness": 0.764785468578, "barkbands": {"dmean": [7.62287018006e-05, 0.000990372733213, 0.000922449165955, 0.000743818760384, 0.0010296641849, 0.000630709109828, 0.000640432699583, 0.000779801863246, 0.000965635525063, 0.000842437730171, 0.000509203528054, 0.000441683019744, 0.000383173261071, 0.000483349576825, 0.000504541269038, 0.000270475051366, 0.000235342551605, 0.000163241769769, 0.000162934273249, 9.18240621104e-05, 3.76762145606e-05, 4.74582884635e-05, 2.33699429373e-05, 1.03813945316e-05, 3.66747508451e-06, 1.35345635499e-06, 3.4172865071e-07], "dmean2": [0.000112124835141, 0.00160215818323, 0.00162563240156, 0.00124926026911, 0.001634365879, 0.00102374632843, 0.0010487374384, 0.00128055305686, 0.00156275706831, 0.00121990486514, 0.000764408207033, 0.000667480984703, 0.000581016938668, 0.000734219502192, 0.000761391711421, 0.000410539505538, 0.000359231897164, 0.000251461518928, 0.000246644340223, 0.000137157738209, 5.58392239327e-05, 7.29669700377e-05, 3.59146615665e-05, 1.56448659254e-05, 5.2935115491e-06, 1.73885848653e-06, 4.50789968909e-07], "dvar": [4.82045408035e-08, 6.22739162282e-06, 5.70806832911e-06, 4.63311243948e-06, 6.7021205723e-06, 2.11500923797e-06, 4.07295556215e-06, 6.1230157371e-06, 7.98170003691e-06, 6.95983089827e-06, 3.49778611053e-06, 2.45996125159e-06, 1.55870145591e-06, 2.56490261563e-06, 2.72584543382e-06, 1.04456159988e-06, 5.1846916449e-07, 2.36068174786e-07, 2.64958174512e-07, 1.3785813735e-07, 1.68994329641e-08, 2.80628427163e-08, 5.53717427465e-09, 1.03978337052e-09, 1.40687878014e-10, 1.16894653679e-11, 1.36789039297e-12], "dvar2": [1.02822085069e-07, 1.57487338583e-05, 1.56751684699e-05, 1.17106710604e-05, 1.58222428581e-05, 4.92908702654e-06, 9.72469115368e-06, 1.41972705023e-05, 1.81514260476e-05, 1.36590560942e-05, 7.31953650757e-06, 5.48439675185e-06, 3.38485438078e-06, 5.79228799324e-06, 6.10062488704e-06, 2.34836102209e-06, 1.15701482173e-06, 5.25239101989e-07, 5.73071304188e-07, 2.87437870838e-07, 4.07272509051e-08, 7.17983112963e-08, 1.37040201409e-08, 2.43643905051e-09, 3.21518728308e-10, 2.07273122277e-11, 2.46912668263e-12], "max": [0.00334661547095, 0.0380896888673, 0.0343730151653, 0.0697903335094, 0.0420870929956, 0.0287421867251, 0.0406988821924, 0.0473465099931, 0.0528688021004, 0.0576134137809, 0.0509272404015, 0.0459263809025, 0.0384116880596, 0.05127986148, 0.0334464125335, 0.024721397087, 0.0230741165578, 0.014603368938, 0.0121360281482, 0.0137339811772, 0.00754460692406, 0.00669155782089, 0.00277632358484, 0.000925272412132, 0.000504394411109, 0.000141637705383, 3.46649467247e-05], "mean": [7.30935571482e-05, 0.00102579640225, 0.000933704490308, 0.000822951144073, 0.00120002089534, 0.000880664330907, 0.000866628601216, 0.000998416682705, 0.00125945557375, 0.00154527917039, 0.000854789686855, 0.000828159740195, 0.000621948682237, 0.000679648597725, 0.000738722679671, 0.000404870166676, 0.000393144408008, 0.000290953845251, 0.000272942066658, 0.000146989827044, 6.71846355544e-05, 7.24571655155e-05, 3.71959395125e-05, 1.68545830093e-05, 5.93445020058e-06, 2.38192183133e-06, 4.77090793538e-07], "median": [2.83516055788e-06, 9.89340624074e-05, 0.000121295524877, 0.00013789399236, 0.000262781482888, 0.000222337068408, 0.000269136507995, 0.000168601356563, 0.000198306399398, 9.81192715699e-05, 0.000110535904241, 0.000108180756797, 8.34220336401e-05, 9.40154495765e-05, 4.61067684228e-05, 3.45363805536e-05, 4.18625495513e-05, 4.60972078145e-05, 3.07837144646e-05, 2.16999596887e-05, 1.40737492984e-05, 1.16919018183e-05, 7.61660066928e-06, 2.97175779451e-06, 1.41565863032e-06, 5.42136433523e-07, 5.42808926696e-08], "min": [1.88396155815e-25, 6.2790419131e-25, 3.84082914813e-25, 4.79047617609e-25, 6.53558480429e-24, 4.06171542779e-24, 9.18749219848e-24, 4.51612849706e-24, 9.77976107751e-24, 1.59133597194e-23, 1.11577717057e-23, 2.21640442524e-23, 1.10357380792e-23, 3.69325553836e-23, 3.67179568184e-23, 3.84881796224e-23, 4.66312152492e-23, 9.51138050014e-23, 1.35480082579e-22, 1.47268264588e-22, 2.48063609912e-22, 3.12182855377e-22, 3.92130487621e-22, 5.88401024593e-22, 8.62807136133e-22, 1.34237963654e-21, 1.91709507301e-21], "var": [5.55470620611e-08, 7.01592171026e-06, 5.43658416063e-06, 4.61216632175e-06, 7.77940113039e-06, 4.56786119685e-06, 5.81682115808e-06, 1.0536080481e-05, 1.32965224111e-05, 2.18792283704e-05, 9.29234192881e-06, 9.27843757381e-06, 3.59878845302e-06, 4.2149622459e-06, 5.14258681505e-06, 1.95435359274e-06, 1.23711322431e-06, 5.92482251704e-07, 6.0839249727e-07, 2.81855818685e-07, 2.90500601352e-08, 3.63802570291e-08, 8.17974488143e-09, 1.75674452763e-09, 2.13551204498e-10, 2.70155928878e-11, 2.43322050876e-12]}, "barkbands_crest": {"dmean": 2.80108428001, "dmean2": 4.50919818878, "dvar": 6.81923341751, "dvar2": 16.7492084503, "max": 25.7075786591, "mean": 9.92385101318, "median": 8.92497158051, "min": 2.59646272659, "var": 18.4380760193}, "barkbands_flatness_db": {"dmean": 0.0233723316342, "dmean2": 0.0346550047398, "dvar": 0.000502910406794, "dvar2": 0.00112718401942, "max": 0.474752724171, "mean": 0.152207121253, "median": 0.148843124509, "min": 0.0217667911202, "var": 0.00263571226969}, "barkbands_kurtosis": {"dmean": 2.46503901482, "dmean2": 3.9447388649, "dvar": 16.4165935516, "dvar2": 39.8993721008, "max": 78.8532943726, "mean": 2.75146150589, "median": 0.99216234684, "min": -1.90542244911, "var": 28.5918827057}, "barkbands_skewness": {"dmean": 0.585528671741, "dmean2": 0.890897154808, "dvar": 0.374595403671, "dvar2": 0.865933477879, "max": 6.93178033829, "mean": 0.922368705273, "median": 0.813110530376, "min": -3.43188214302, "var": 1.26898348331}, "barkbands_spread": {"dmean": 4.71774864197, "dmean2": 7.20713758469, "dvar": 35.5735473633, "dvar2": 83.4054641724, "max": 125.920013428, "mean": 16.7975006104, "median": 14.2697782516, "min": 0.760493457317, "var": 148.443206787}, "dissonance": {"dmean": 0.0281835328788, "dmean2": 0.047960922122, "dvar": 0.000741525262129, "dvar2": 0.00200949516147, "max": 0.500000178814, "mean": 0.448797374964, "median": 0.457084000111, "min": 0.192657798529, "var": 0.00141706888098}, "dynamic_complexity": 6.26059865952, "erbbands": {"dmean": [0.0269640572369, 0.244060501456, 0.923946559429, 1.97987782955, 3.61832666397, 2.7645816803, 3.37686872482, 5.94090032578, 7.98541259766, 12.1403951645, 18.2677574158, 22.1411571503, 22.5636615753, 25.3896484375, 16.5740966797, 17.1797847748, 17.0978164673, 17.7822532654, 26.7450046539, 20.3290882111, 12.4354362488, 12.8550615311, 9.01777172089, 7.03583192825, 7.95776939392, 3.54413700104, 1.60247588158, 1.54856705666, 1.71535265446, 1.27556705475, 0.57122027874, 0.29598814249, 0.131438225508, 0.0534884817898, 0.0209017135203, 0.00692921457812, 0.00257982779294, 0.00050928600831, 6.98412259226e-05, 8.1482976384e-06], "dmean2": [0.0423986129463, 0.407136172056, 1.60728430748, 3.33815670013, 5.90182638168, 4.36629962921, 5.52268600464, 9.63159561157, 12.9376125336, 19.9967556, 29.2223377228, 36.0233802795, 32.7004241943, 35.3730812073, 23.9103240967, 24.730178833, 25.084274292, 26.9535770416, 40.4922332764, 30.2965869904, 18.7309417725, 19.3728580475, 13.7275123596, 10.7298994064, 11.670747757, 5.09883785248, 2.38931107521, 2.32378029823, 2.66023445129, 1.96084022522, 0.873243093491, 0.446091413498, 0.196980014443, 0.0795224383473, 0.0295168608427, 0.00942928530276, 0.00336052640341, 0.000632512266748, 9.39309829846e-05, 1.1776228348e-05], "dvar": [0.00554028479382, 0.395080178976, 5.97781467438, 30.9071350098, 124.683158875, 43.3267860413, 66.4488372803, 207.075881958, 651.792724609, 1462.36181641, 3331.52929688, 4515.10400391, 4484.38232422, 6585.38134766, 3863.76123047, 3419.15673828, 2799.3215332, 3750.74462891, 7848.46777344, 4801.57666016, 2022.7121582, 1567.94787598, 677.174133301, 491.869232178, 727.13494873, 173.409469604, 26.6224956512, 30.6198616028, 41.5494041443, 20.8871688843, 2.82173466682, 0.781141221523, 0.232046559453, 0.0345272794366, 0.00374881038442, 0.000357568380423, 4.29817700933e-05, 2.0488625978e-06, 6.13384543158e-08, 1.94973037715e-10], "dvar2": [0.0134337889031, 1.05618655682, 16.4917640686, 77.35912323, 309.783782959, 102.600868225, 154.282272339, 479.354217529, 1530.97460938, 3594.4152832, 7611.13720703, 10422.6855469, 8802.38085938, 12793.7460938, 8310.61425781, 6915.57373047, 6068.82080078, 8255.16699219, 18645.515625, 10726.3818359, 4613.00048828, 3553.69555664, 1483.1796875, 1130.60522461, 1551.24377441, 346.404144287, 63.2988777161, 72.2066421509, 107.506095886, 52.700050354, 6.77830696106, 1.833314538, 0.546989262104, 0.081343665719, 0.0083157364279, 0.000719050702173, 7.45928336983e-05, 3.44034151567e-06, 1.14987322775e-07, 3.77141096131e-10], "max": [1.17372143269, 10.9368801117, 36.1069221497, 188.373886108, 203.289718628, 196.317428589, 252.563064575, 299.774353027, 580.890014648, 890.010314941, 1127.6583252, 1409.93652344, 1656.48059082, 2033.71105957, 1911.37084961, 2266.03344727, 1330.80407715, 1749.99377441, 2065.8840332, 1556.11633301, 1303.76538086, 892.198791504, 944.495422363, 807.438842773, 824.002380371, 465.583435059, 233.383056641, 271.825286865, 276.737457275, 209.548583984, 48.297504425, 20.6907100677, 17.5506229401, 7.46398162842, 2.51987600327, 0.93844884634, 0.207658112049, 0.0388660691679, 0.00809760671109, 0.000278411171166], "mean": [0.0268306080252, 0.24190492928, 0.927164494991, 2.33108592033, 3.71122813225, 3.33432579041, 4.63957738876, 8.35828781128, 11.4328098297, 15.2844028473, 24.6062717438, 28.2461833954, 38.4110641479, 51.4711914063, 28.8635425568, 34.731262207, 31.2980632782, 26.9267368317, 42.4387817383, 31.816991806, 21.5692024231, 22.8340682983, 17.2297019958, 13.2313585281, 13.7451381683, 6.21014738083, 2.92203474045, 2.66829419136, 2.64857387543, 1.93699371815, 0.926331043243, 0.48618671298, 0.211511254311, 0.0846350267529, 0.0344714596868, 0.0118480520323, 0.00440689129755, 0.000844388152473, 0.000100323915831, 2.05627547984e-05], "median": [0.00234988727607, 0.0261441450566, 0.120225898921, 0.427324175835, 0.602555036545, 0.785339772701, 1.19976627827, 2.15574169159, 3.34576773643, 4.19474172592, 4.77949333191, 4.77395677567, 4.40659379959, 5.91812849045, 6.24455404282, 5.4534702301, 5.10331106186, 4.65397977829, 4.65861463547, 3.05883002281, 2.33123970032, 2.75748348236, 3.13210535049, 2.3605427742, 1.53602612019, 0.991228103638, 0.664528727531, 0.488119184971, 0.443429976702, 0.334914714098, 0.180383890867, 0.0838735103607, 0.0412896126509, 0.0188843663782, 0.00845234561712, 0.00288495304994, 0.000947547028773, 0.000139315801789, 1.80685619853e-05, 9.75453713181e-06], "min": [5.06156885726e-23, 2.98537328765e-22, 1.572296063e-21, 3.57074200666e-21, 1.23300988058e-20, 2.33449287388e-20, 6.24999640893e-20, 5.11318335228e-20, 1.25445183993e-19, 1.4956787738e-19, 1.74947885299e-19, 2.56085708467e-19, 5.70025566349e-19, 6.32363138082e-19, 7.69319277006e-19, 9.43959283096e-19, 8.28091028215e-19, 2.02137175032e-18, 2.86412920778e-18, 2.88209350274e-18, 3.27360987398e-18, 3.48184142625e-18, 5.05328482598e-18, 5.12678850881e-18, 7.11740113446e-18, 7.4056835041e-18, 6.96556386122e-18, 1.14841984303e-17, 9.82648298784e-18, 1.06690541229e-17, 9.87605592195e-18, 1.09250607322e-17, 8.4547925391e-18, 7.39082403158e-18, 6.14355064595e-18, 4.60294371227e-18, 2.27313512989e-18, 9.66369880637e-19, 2.23571435786e-19, 2.4779427942e-20], "var": [0.00540053006262, 0.429249227047, 5.95527696609, 33.8924598694, 118.212539673, 54.9947280884, 123.844543457, 448.560638428, 1072.94274902, 1845.03051758, 5912.74951172, 7248.95117188, 12379.4902344, 24241.1738281, 10282.4169922, 15682.6992188, 7610.71875, 6207.96435547, 14006.9335938, 9082.7421875, 4326.27587891, 3515.39916992, 1767.42114258, 1195.33129883, 1685.01831055, 434.15524292, 48.1190338135, 55.1399459839, 52.2688789368, 26.2753925323, 4.73877000809, 1.41331064701, 0.342682242393, 0.0492842979729, 0.00629409775138, 0.000690606655553, 0.000100013508927, 4.62543948743e-06, 1.01659352936e-07, 5.74650493856e-10]}, "erbbands_crest": {"dmean": 3.16215372086, "dmean2": 5.04804992676, "dvar": 9.69007778168, "dvar2": 22.7062072754, "max": 33.5035552979, "mean": 11.3780698776, "median": 9.97610378265, "min": 2.14290308952, "var": 32.5862007141}, "erbbands_flatness_db": {"dmean": 0.0219288188964, "dmean2": 0.030765036121, "dvar": 0.000477380555822, "dvar2": 0.000922973151319, "max": 0.405366152525, "mean": 0.202745199203, "median": 0.202825069427, "min": 0.0241188649088, "var": 0.00325322872959}, "erbbands_kurtosis": {"dmean": 1.3731033802, "dmean2": 2.16771769524, "dvar": 5.37190437317, "dvar2": 12.4926786423, "max": 63.2263412476, "mean": 1.24737262726, "median": 0.313833534718, "min": -1.83782303333, "var": 11.5840425491}, "erbbands_skewness": {"dmean": 0.452012598515, "dmean2": 0.689771175385, "dvar": 0.216866806149, "dvar2": 0.503666639328, "max": 6.73540592194, "mean": 0.383477449417, "median": 0.352966338396, "min": -3.67699027061, "var": 0.696825146675}, "erbbands_spread": {"dmean": 6.46582269669, "dmean2": 9.74481296539, "dvar": 55.316493988, "dvar2": 123.869972229, "max": 113.204902649, "mean": 25.3960781097, "median": 22.5307292938, "min": 1.32812929153, "var": 206.97517395}, "gfcc": {"cov": [[25419.5742188, 1138.95654297, -3249.08984375, 1231.40844727, -1179.29748535, 501.918487549, -539.170898438, 78.7909927368, -169.431884766, -305.330932617, -319.307037354, -158.480667114, -64.0277481079], [1138.95654297, 1329.88977051, 209.985122681, -44.3857345581, 195.531448364, -120.361961365, 52.3772354126, -52.3893661499, -36.3741378784, -78.783241272, 13.8763561249, -75.524307251, -42.3879699707], [-3249.08984375, 209.985122681, 1527.46484375, 253.365203857, 304.19720459, 76.4935684204, 148.755096436, 8.48869609833, 16.3292694092, 36.0291175842, -16.1720695496, 21.8785209656, -21.9402351379], [1231.40844727, -44.3857345581, 253.365203857, 636.158203125, 65.3283691406, 128.114654541, -0.684844732285, 19.3906135559, 21.163236618, -43.873550415, -57.0693206787, -25.1642227173, 22.943561554], [-1179.29748535, 195.531448364, 304.19720459, 65.3283691406, 419.152832031, 55.2921562195, 109.788032532, 13.6469659805, -8.09051132202, -5.70172643661, 5.5816116333, -3.92205882072, -10.7607221603], [501.918487549, -120.361961365, 76.4935684204, 128.114654541, 55.2921562195, 267.857635498, 82.1454238892, 18.8049049377, -10.8880319595, -8.03906536102, -24.7237434387, 4.43048286438, 1.14526307583], [-539.170898438, 52.3772354126, 148.755096436, -0.684844732285, 109.788032532, 82.1454238892, 217.091461182, 39.9203605652, -23.4751358032, 9.81143569946, -3.36523509026, 4.19038963318, -2.73163223267], [78.7909927368, -52.3893661499, 8.48869609833, 19.3906135559, 13.6469659805, 18.8049049377, 39.9203605652, 121.761871338, 47.2100906372, 4.96162652969, -3.54771971703, 3.99586582184, 6.60412454605], [-169.431884766, -36.3741378784, 16.3292694092, 21.163236618, -8.09051132202, -10.8880319595, -23.4751358032, 47.2100906372, 145.972473145, 35.607585907, -7.90488958359, -9.93218326569, 14.3438653946], [-305.330932617, -78.783241272, 36.0291175842, -43.873550415, -5.70172643661, -8.03906536102, 9.81143569946, 4.96162652969, 35.607585907, 120.785072327, 29.1204395294, -0.184521019459, -17.4590129852], [-319.307037354, 13.8763561249, -16.1720695496, -57.0693206787, 5.5816116333, -24.7237434387, -3.36523509026, -3.54771971703, -7.90488958359, 29.1204395294, 116.043823242, 34.8155479431, -13.0618867874], [-158.480667114, -75.524307251, 21.8785209656, -25.1642227173, -3.92205882072, 4.43048286438, 4.19038963318, 3.99586582184, -9.93218326569, -0.184521019459, 34.8155479431, 108.860847473, 33.0923423767], [-64.0277481079, -42.3879699707, -21.9402351379, 22.943561554, -10.7607221603, 1.14526307583, -2.73163223267, 6.60412454605, 14.3438653946, -17.4590129852, -13.0618867874, 33.0923423767, 99.1180114746]], "icov": [[0.000192683030036, -0.000444549019448, 0.000479562149849, -0.000534796155989, 0.000470926577691, -0.000567917479202, 0.000402592879254, -0.000488583464175, 0.000393449794501, -0.000360980309779, 0.000534705352038, -0.000452581472928, 0.000366683932953], [-0.000444549019448, 0.00204193359241, -0.0012124319328, 0.00131079729181, -0.00146529253107, 0.00188735953998, -0.00129261193797, 0.00160599104129, -0.00105710804928, 0.00175419985317, -0.00163814774714, 0.00181073276326, -0.000667696702294], [0.000479562149849, -0.0012124319328, 0.00207670964301, -0.00170134135988, 0.000715069880243, -0.00131777860224, 0.000596678990405, -0.00100075395312, 0.000804216426332, -0.00132805551402, 0.00162379886024, -0.0016880746698, 0.00124804838561], [-0.000534796155989, 0.00131079729181, -0.00170134135988, 0.0035558079835, -0.00143809919246, 0.000603782129474, -0.000459554343252, 0.00109362672083, -0.00127769785468, 0.00170404429082, -0.00116442725994, 0.0019239425892, -0.00154395820573], [0.000470926577691, -0.00146529253107, 0.000715069880243, -0.00143809919246, 0.00441993307322, -0.00172554759774, -0.000161834352184, -0.00122404156718, 0.000841804547235, -0.000666668580379, 0.000882352527697, -0.00102648523171, 0.000965363637079], [-0.000567917479202, 0.00188735953998, -0.00131777860224, 0.000603782129474, -0.00172554759774, 0.00685405591503, -0.00321198743768, 0.00168430735357, -0.00106458622031, 0.00144807738252, -0.0009568950627, 0.000970948662143, -0.000499597808812], [0.000402592879254, -0.00129261193797, 0.000596678990405, -0.000459554343252, -0.000161834352184, -0.00321198743768, 0.00797726400197, -0.00388352805749, 0.00296431430615, -0.0021116794087, 0.00155626412015, -0.00084706657799, 0.000130833752337], [-0.000488583464175, 0.00160599104129, -0.00100075395312, 0.00109362672083, -0.00122404156718, 0.00168430735357, -0.00388352805749, 0.0121737085283, -0.00527219381183, 0.00226157624274, -0.00162234413438, 0.000620277423877, -0.000433534209151], [0.000393449794501, -0.00105710804928, 0.000804216426332, -0.00127769785468, 0.000841804547235, -0.00106458622031, 0.00296431430615, -0.00527219381183, 0.0105661759153, -0.00421427097172, 0.00189621374011, 0.000282083550701, -0.00130316894501], [-0.000360980309779, 0.00175419985317, -0.00132805551402, 0.00170404429082, -0.000666668580379, 0.00144807738252, -0.0021116794087, 0.00226157624274, -0.00421427097172, 0.0120244855061, -0.00392193021253, 0.00181229575537, 0.0011365931714], [0.000534705352038, -0.00163814774714, 0.00162379886024, -0.00116442725994, 0.000882352527697, -0.0009568950627, 0.00155626412015, -0.00162234413438, 0.00189621374011, -0.00392193021253, 0.0129088442773, -0.00582146830857, 0.00321116857231], [-0.000452581472928, 0.00181073276326, -0.0016880746698, 0.0019239425892, -0.00102648523171, 0.000970948662143, -0.00084706657799, 0.000620277423877, 0.000282083550701, 0.00181229575537, -0.00582146830857, 0.014133782126, -0.00573191372678], [0.000366683932953, -0.000667696702294, 0.00124804838561, -0.00154395820573, 0.000965363637079, -0.000499597808812, 0.000130833752337, -0.000433534209151, -0.00130316894501, 0.0011365931714, 0.00321116857231, -0.00573191372678, 0.0135426986963]], "mean": [-98.4941101074, 101.079956055, -138.722991943, 12.8069620132, -56.6152000427, 2.75364160538, -31.8242759705, 2.57434082031, -19.6335639954, -2.27940249443, -13.6959819794, -0.478871226311, -14.5293197632]}, "hfc": {"dmean": 4.52962684631, "dmean2": 6.55077409744, "dvar": 72.930770874, "dvar2": 142.777816772, "max": 160.4972229, "mean": 14.5502319336, "median": 4.80509757996, "min": 1.07669832084e-16, "var": 352.183685303}, "melbands": {"dmean": [0.000250493292697, 0.000428288651165, 0.000373197253793, 0.000239154920564, 0.000113031237561, 0.000129925450892, 0.000123933612485, 0.000143466430018, 0.000148289705976, 0.000141437922139, 0.000116960291052, 0.000108838779852, 6.23098676442e-05, 5.01030808664e-05, 4.88475743623e-05, 3.4775606764e-05, 3.57608005288e-05, 4.82614414068e-05, 3.86323627026e-05, 2.22750077228e-05, 1.42626977322e-05, 1.44326995724e-05, 1.13763926493e-05, 7.60010834711e-06, 6.03954595135e-06, 7.18598630556e-06, 5.23888274984e-06, 1.97700205717e-06, 1.07824428142e-06, 9.26218035602e-07, 9.36787841965e-07, 9.98601194624e-07, 1.00229169675e-06, 6.42716372568e-07, 3.66685554809e-07, 2.41870594664e-07, 1.70707721736e-07, 1.05075301349e-07, 6.28288745474e-08, 4.25716173424e-08], "dmean2": [0.000397088384489, 0.000732728163712, 0.000617981888354, 0.000380067329388, 0.000184324584552, 0.000210489160963, 0.000200771479285, 0.000235189392697, 0.000237405198277, 0.00022991989681, 0.000168866448803, 0.000152194901602, 8.98279540706e-05, 7.32998014428e-05, 7.03140249243e-05, 5.29452627234e-05, 5.45893053641e-05, 7.39400347811e-05, 5.72701719648e-05, 3.35255172104e-05, 2.17449614865e-05, 2.20612982957e-05, 1.70729526872e-05, 1.16495202747e-05, 9.3133385235e-06, 1.08563281174e-05, 7.76504566602e-06, 2.93273910756e-06, 1.6500109723e-06, 1.40418205774e-06, 1.43957174714e-06, 1.56058854373e-06, 1.55739894581e-06, 1.00548777482e-06, 5.71764417145e-07, 3.71788615894e-07, 2.62653088612e-07, 1.59961061286e-07, 9.58586809929e-08, 6.36031316503e-08], "dvar": [4.08398278751e-07, 1.24798907564e-06, 9.5123311894e-07, 4.11608084505e-07, 6.48265725545e-08, 9.71015126083e-08, 1.49723589971e-07, 1.90262980482e-07, 2.23034717806e-07, 1.79170712045e-07, 1.22659287172e-07, 1.23108904404e-07, 5.35683888359e-08, 3.54003830694e-08, 2.88192349984e-08, 1.32129738262e-08, 1.67069487134e-08, 2.84170607046e-08, 1.82658421721e-08, 7.8443544993e-09, 2.82391221518e-09, 2.38527575469e-09, 1.08785980224e-09, 5.81066417205e-10, 4.07115285928e-10, 6.2730914907e-10, 4.5415970984e-10, 6.32061417094e-11, 1.52728090591e-11, 1.02145314776e-11, 1.03150136002e-11, 1.4332392044e-11, 1.26372089876e-11, 5.74138740023e-12, 1.22337903696e-12, 5.06809546587e-13, 2.95580020963e-13, 1.66506226667e-13, 4.91476671372e-14, 2.15517860313e-14], "dvar2": [9.96830294753e-07, 3.41904183188e-06, 2.35202242038e-06, 9.82357846624e-07, 1.49523643245e-07, 2.24882100497e-07, 3.54001713276e-07, 4.66306801172e-07, 5.15704243753e-07, 4.17142445031e-07, 2.410957336e-07, 2.39539417635e-07, 1.12788001161e-07, 7.41257935033e-08, 5.90506594733e-08, 2.92533695045e-08, 3.7055770008e-08, 6.8050511004e-08, 3.97213604231e-08, 1.7489950821e-08, 6.35506891555e-09, 5.51890755318e-09, 2.30984587013e-09, 1.28994248616e-09, 9.4739993628e-10, 1.38346856193e-09, 9.25112375594e-10, 1.20767423839e-10, 3.76072645247e-11, 2.39423637166e-11, 2.45699745272e-11, 3.69027100544e-11, 3.21907465961e-11, 1.46368524939e-11, 3.01165841397e-12, 1.17555455387e-12, 7.27715901861e-13, 3.98932514627e-13, 1.15412399689e-13, 5.14637533706e-14], "max": [0.00955707207322, 0.0183549746871, 0.0280735325068, 0.0103182513267, 0.00726929260418, 0.00668596802279, 0.00771919684485, 0.0101011591032, 0.00839720759541, 0.0090922024101, 0.00808449182659, 0.00855399016291, 0.00713106943294, 0.00567915849388, 0.0057796118781, 0.0032493355684, 0.00362392095849, 0.00437305821106, 0.00358826993033, 0.00215869327076, 0.00155008409638, 0.0013461408671, 0.000893918913789, 0.00112911022734, 0.000687811058015, 0.000652138201986, 0.000853427103721, 0.000399031472625, 0.000152720647748, 0.000184872304089, 0.00012067604257, 0.000154978755745, 0.000143111872603, 0.000117526506074, 2.91160085908e-05, 2.52790468949e-05, 1.57529684657e-05, 1.62280521181e-05, 8.18326770968e-06, 5.52271330889e-06], "mean": [0.000263231631834, 0.00044237045222, 0.000435157562606, 0.000262502842816, 0.000159630304552, 0.000185816519661, 0.000175782406586, 0.000181615847396, 0.000202734823688, 0.000176609624759, 0.000195914442884, 0.00021752511384, 0.00010335425759, 8.78087594174e-05, 9.19409358175e-05, 5.51720404474e-05, 4.84163756482e-05, 7.00222226442e-05, 5.69454241486e-05, 3.14535791404e-05, 2.33427981584e-05, 2.3580965717e-05, 1.91032140719e-05, 1.32158129418e-05, 1.01722516774e-05, 1.14277536341e-05, 8.12285907159e-06, 3.15820034302e-06, 1.78946186224e-06, 1.55927637024e-06, 1.504675879e-06, 1.47067908074e-06, 1.43064096392e-06, 9.34312879508e-07, 5.56445343136e-07, 3.82021482892e-07, 2.61715626948e-07, 1.59489232487e-07, 9.48458946937e-08, 6.35253059045e-08], "median": [2.59678727161e-05, 6.19661077508e-05, 8.64797402755e-05, 5.03185583511e-05, 4.17026967625e-05, 4.78531183035e-05, 5.49033647985e-05, 4.55909066659e-05, 3.74544833903e-05, 2.51611672866e-05, 1.8075990738e-05, 2.09394675039e-05, 1.67255802808e-05, 1.17677000162e-05, 9.79274682322e-06, 8.77374623087e-06, 6.59600163999e-06, 5.98412316322e-06, 3.83247561331e-06, 2.5850399652e-06, 2.29786314776e-06, 2.29601414503e-06, 3.0164223972e-06, 2.02306910069e-06, 1.57545389357e-06, 1.0216440387e-06, 7.87803742242e-07, 4.21737496481e-07, 3.64832175137e-07, 3.06291894958e-07, 2.16883577764e-07, 2.17328405938e-07, 1.96862615098e-07, 1.63957324162e-07, 9.70517035626e-08, 6.82008618469e-08, 3.88431864451e-08, 2.74641394071e-08, 1.95669098702e-08, 1.25567130027e-08], "min": [7.13239170429e-25, 7.58435131752e-25, 1.02232754417e-24, 1.44317527217e-24, 2.35515547381e-24, 8.58375426797e-25, 2.03441508215e-24, 1.68406558528e-24, 1.70519956336e-24, 1.3179764398e-24, 2.61660133274e-24, 2.60858788644e-24, 1.78091502469e-24, 2.2062806577e-24, 2.15658735105e-24, 2.25747418057e-24, 3.49336165597e-24, 3.37550386457e-24, 2.7854751533e-24, 2.81422301962e-24, 3.01436570875e-24, 2.15591504434e-24, 4.01251101769e-24, 3.73042776862e-24, 2.97247325037e-24, 4.05176749735e-24, 5.27711815763e-24, 4.12606005082e-24, 4.00764256262e-24, 5.73770011917e-24, 5.81698695104e-24, 4.90809336491e-24, 6.07349966829e-24, 5.86457774616e-24, 4.98448389396e-24, 4.6365812464e-24, 6.26356899809e-24, 5.57219710126e-24, 6.08561341636e-24, 5.2798105399e-24], "var": [4.37968395772e-07, 1.31421643346e-06, 1.03359741388e-06, 4.45504156232e-07, 1.31636795686e-07, 2.13008419792e-07, 2.36143918642e-07, 2.61824936842e-07, 3.97721436229e-07, 2.85605921135e-07, 3.39488792633e-07, 4.47164865136e-07, 1.44873197883e-07, 1.0890970259e-07, 1.14795994932e-07, 2.76200164961e-08, 2.60668961971e-08, 4.79682675802e-08, 3.62266661114e-08, 1.38584512754e-08, 6.33789731808e-09, 4.93511187472e-09, 2.56438448254e-09, 1.41430367417e-09, 8.61979654321e-10, 1.31469746201e-09, 9.28575216719e-10, 1.57296939363e-10, 2.23190181614e-11, 1.73519115743e-11, 1.84841864037e-11, 1.8060917345e-11, 1.57526769407e-11, 6.75123932453e-12, 1.86271874661e-12, 9.40722218006e-13, 4.64125374418e-13, 2.25945157766e-13, 7.06046210538e-14, 2.91103031708e-14]}, "melbands_crest": {"dmean": 3.5479850769, "dmean2": 5.7472486496, "dvar": 10.488155365, "dvar2": 25.934217453, "max": 35.4358444214, "mean": 13.0436754227, "median": 12.0813455582, "min": 1.62775671482, "var": 29.0071277618}, "melbands_flatness_db": {"dmean": 0.0281837601215, "dmean2": 0.0420647673309, "dvar": 0.00082736305194, "dvar2": 0.0018243547529, "max": 0.616496860981, "mean": 0.207766517997, "median": 0.203634575009, "min": 0.00307327182963, "var": 0.0045131011866}, "melbands_kurtosis": {"dmean": 4.53050136566, "dmean2": 7.25399065018, "dvar": 61.1531105042, "dvar2": 148.956451416, "max": 129.469390869, "mean": 6.15593767166, "median": 2.65216231346, "min": -1.8384706974, "var": 104.868095398}, "melbands_skewness": {"dmean": 0.699445366859, "dmean2": 1.06747794151, "dvar": 0.551531195641, "dvar2": 1.2777223587, "max": 9.76949119568, "mean": 1.51986455917, "median": 1.31326067448, "min": -3.07903337479, "var": 1.86304414272}, "melbands_spread": {"dmean": 7.27995586395, "dmean2": 11.1332082748, "dvar": 102.64667511, "dvar2": 244.158874512, "max": 220.922912598, "mean": 24.1935253143, "median": 19.9705696106, "min": 0.878026843071, "var": 377.153106689}, "mfcc": {"cov": [[14478.7089844, -147.731155396, -1024.38879395, 383.55871582, -240.805770874, 315.417449951, -303.680755615, 373.955291748, 26.7794246674, 163.755859375, -150.721755981, -341.031402588, -110.503288269], [-147.731155396, 1660.81115723, 76.798286438, 75.4393539429, 83.7680587769, -53.9937744141, 110.486755371, -25.4898509979, -34.4929084778, -51.7441749573, 43.8097763062, 60.7455978394, -14.0091676712], [-1024.38879395, 76.798286438, 912.87878418, 230.785125732, 159.416717529, 136.729309082, 87.9876480103, 37.252407074, 68.8074417114, 20.2649517059, -5.10034370422, 45.099697113, -13.608915329], [383.55871582, 75.4393539429, 230.785125732, 415.154296875, 153.328781128, 85.650062561, 53.0904006958, 42.4356193542, 45.6683959961, 23.9706439972, -31.2249679565, 5.48080539703, -8.07729530334], [-240.805770874, 83.7680587769, 159.416717529, 153.328781128, 296.110046387, 80.2942504883, 38.7152824402, 49.9313697815, 36.295665741, 13.7350378036, -12.9822683334, 11.1377382278, -6.04024553299], [315.417449951, -53.9937744141, 136.729309082, 85.650062561, 80.2942504883, 235.512557983, 100.441757202, 50.5699882507, 58.8901901245, 6.49838352203, -8.62299728394, 1.9350591898, -8.89286231995], [-303.680755615, 110.486755371, 87.9876480103, 53.0904006958, 38.7152824402, 100.441757202, 242.004577637, 62.0160064697, 16.2640361786, -4.81012105942, 9.48679733276, 25.7770290375, -1.84138607979], [373.955291748, -25.4898509979, 37.252407074, 42.4356193542, 49.9313697815, 50.5699882507, 62.0160064697, 152.363555908, 42.9531402588, 3.32716751099, -13.8277988434, -15.2357149124, 3.61748790741], [26.7794246674, -34.4929084778, 68.8074417114, 45.6683959961, 36.295665741, 58.8901901245, 16.2640361786, 42.9531402588, 161.669281006, 47.113193512, -16.0572738647, -14.4732732773, -10.5193853378], [163.755859375, -51.7441749573, 20.2649517059, 23.9706439972, 13.7350378036, 6.49838352203, -4.81012105942, 3.32716751099, 47.113193512, 132.007919312, 30.730096817, -18.5612621307, -11.5074338913], [-150.721755981, 43.8097763062, -5.10034370422, -31.2249679565, -12.9822683334, -8.62299728394, 9.48679733276, -13.8277988434, -16.0572738647, 30.730096817, 129.583786011, 48.6841392517, -3.90875530243], [-341.031402588, 60.7455978394, 45.099697113, 5.48080539703, 11.1377382278, 1.9350591898, 25.7770290375, -15.2357149124, -14.4732732773, -18.5612621307, 48.6841392517, 130.452590942, 31.8962631226], [-110.503288269, -14.0091676712, -13.608915329, -8.07729530334, -6.04024553299, -8.89286231995, -1.84138607979, 3.61748790741, -10.5193853378, -11.5074338913, -3.90875530243, 31.8962631226, 100.94316864]], "icov": [[0.000125768317957, -5.12232691108e-05, 0.000187182537047, -0.000228283446631, 0.000254962971667, -0.000394319184124, 0.000369014538592, -0.000441809854237, 0.000207419114304, -0.000218365501496, 8.88328213478e-05, 8.82703388925e-05, 0.000112891597382], [-5.12232691108e-05, 0.000710138003342, -9.38377852435e-05, -1.92569368664e-05, -0.000346329383319, 0.000597941223532, -0.000610537419561, 0.000429748848546, -0.000151193657075, 0.000449322367785, -0.000295638281386, -0.000104505714262, 9.07443536562e-05], [0.000187182537047, -9.38377852435e-05, 0.00168014864903, -0.000864333997015, 7.08434163244e-05, -0.000998120289296, 0.000421061704401, -0.000541632936802, 5.1480034017e-05, -0.000384357990697, 0.000206457829336, -0.00036775355693, 0.000378383119823], [-0.000228283446631, -1.92569368664e-05, -0.000864333997015, 0.00381348608062, -0.00166680919938, 0.000323505548295, -0.000787681725342, 0.000609328213613, -0.000385018676752, -0.000285561865894, 0.000787866243627, -0.000444391363999, -7.31480322429e-05], [0.000254962971667, -0.000346329383319, 7.08434163244e-05, -0.00166680919938, 0.00518759107217, -0.00177800212987, 0.00120091903955, -0.00195839582011, 0.000499552115798, -0.00083743367577, 0.000537723011803, -0.00038410659181, 0.000451873464044], [-0.000394319184124, 0.000597941223532, -0.000998120289296, 0.000323505548295, -0.00177800212987, 0.00773322256282, -0.00352706480771, 0.00126398180146, -0.00234491680749, 0.00143007887527, -0.00055796536617, 8.52282246342e-05, -0.000121983110148], [0.000369014538592, -0.000610537419561, 0.000421061704401, -0.000787681725342, 0.00120091903955, -0.00352706480771, 0.00703114597127, -0.00340819382109, 0.00127568200696, -0.000792218721472, 0.000172476211446, -0.000897367484868, 0.000657361699268], [-0.000441809854237, 0.000429748848546, -0.000541632936802, 0.000609328213613, -0.00195839582011, 0.00126398180146, -0.00340819382109, 0.010111422278, -0.00262992386706, 0.00157517706975, -0.000542294990737, 0.00128657184541, -0.0014006724814], [0.000207419114304, -0.000151193657075, 5.1480034017e-05, -0.000385018676752, 0.000499552115798, -0.00234491680749, 0.00127568200696, -0.00262992386706, 0.00877415481955, -0.00361964176409, 0.00183547392953, -0.000382281723432, 0.000816636893433], [-0.000218365501496, 0.000449322367785, -0.000384357990697, -0.000285561865894, -0.00083743367577, 0.00143007887527, -0.000792218721472, 0.00157517706975, -0.00361964176409, 0.0106723681092, -0.00419237650931, 0.00252699339762, -0.000367770990124], [8.88328213478e-05, -0.000295638281386, 0.000206457829336, 0.000787866243627, 0.000537723011803, -0.00055796536617, 0.000172476211446, -0.000542294990737, 0.00183547392953, -0.00419237650931, 0.0111765870824, -0.00488392962143, 0.0018420642009], [8.82703388925e-05, -0.000104505714262, -0.00036775355693, -0.000444391363999, -0.00038410659181, 8.52282246342e-05, -0.000897367484868, 0.00128657184541, -0.000382281723432, 0.00252699339762, -0.00488392962143, 0.011482194066, -0.00365001568571], [0.000112891597382, 9.07443536562e-05, 0.000378383119823, -7.31480322429e-05, 0.000451873464044, -0.000121983110148, 0.000657361699268, -0.0014006724814, 0.000816636893433, -0.000367770990124, 0.0018420642009, -0.00365001568571, 0.0114342272282]], "mean": [-729.940734863, 133.478897095, -21.8862724304, 12.8753938675, -7.89377832413, -0.449585199356, -6.58275127411, 4.44767570496, -6.32354593277, -0.519139111042, 1.22726011276, -1.69973683357, -2.36084485054]}, "pitch_salience": {"dmean": 0.0798133164644, "dmean2": 0.127814546227, "dvar": 0.00512778805569, "dvar2": 0.0130223473534, "max": 0.993116080761, "mean": 0.551664054394, "median": 0.556233644485, "min": 0.110103331506, "var": 0.0140033336356}, "silence_rate_20dB": {"dmean": 0, "dmean2": 0, "dvar": 0, "dvar2": 0, "max": 1, "mean": 1, "median": 1, "min": 1, "var": 0}, "silence_rate_30dB": {"dmean": 0.000324464635924, "dmean2": 0.000648981891572, "dvar": 0.00032431341242, "dvar2": 0.000972867943347, "max": 1, "mean": 0.999837756157, "median": 1, "min": 0, "var": 0.000162172626005}, "silence_rate_60dB": {"dmean": 0.100584037602, "dmean2": 0.201184391975, "dvar": 0.0904778763652, "dvar2": 0.182954117656, "max": 1, "mean": 0.311298578978, "median": 0, "min": 0, "var": 0.214411392808}, "spectral_centroid": {"dmean": 249.562301636, "dmean2": 367.729278564, "dvar": 95557.7734375, "dvar2": 200207.59375, "max": 11917.1005859, "mean": 1391.40869141, "median": 1203.97460938, "min": 162.650680542, "var": 1351670}, "spectral_complexity": {"dmean": 2.69240760803, "dmean2": 3.87409758568, "dvar": 9.41667079926, "dvar2": 16.9814224243, "max": 53, "mean": 11.7759752274, "median": 10, "min": 0, "var": 68.9304351807}, "spectral_contrast_coeffs": {"dmean": [0.0529232434928, 0.0518010295928, 0.047238573432, 0.0398100912571, 0.028792809695, 0.0206309221685], "dmean2": [0.0860646218061, 0.0838855654001, 0.0730916112661, 0.0604026541114, 0.0426212958992, 0.0309441331774], "dvar": [0.00187044974882, 0.00210993993096, 0.00172869930975, 0.00128387927543, 0.000715851492714, 0.000386521802284], "dvar2": [0.00477693323046, 0.00542715238407, 0.00388908130117, 0.00276212743483, 0.00142879539635, 0.000815095030703], "max": [-0.266986221075, -0.368913143873, -0.388749420643, -0.465783178806, -0.507140338421, -0.573946893215], "mean": [-0.663685560226, -0.737653195858, -0.724770963192, -0.739671230316, -0.765861213207, -0.761673927307], "median": [-0.665022730827, -0.744146168232, -0.728733539581, -0.741977751255, -0.770644426346, -0.760691463947], "min": [-0.978582262993, -0.982385098934, -0.996915638447, -0.972736418247, -0.967092990875, -0.964322268963], "var": [0.00837604701519, 0.00702929869294, 0.00786772370338, 0.00683129718527, 0.00482697691768, 0.00296043953858]}, "spectral_contrast_valleys": {"dmean": [0.551597774029, 0.553253412247, 0.496909558773, 0.451576888561, 0.401515990496, 0.363268703222], "dmean2": [0.840187430382, 0.851302564144, 0.736627042294, 0.647744059563, 0.540912032127, 0.464207351208], "dvar": [0.306757897139, 0.310416340828, 0.230521097779, 0.19031123817, 0.183405816555, 0.167615622282], "dvar2": [0.583015918732, 0.685654163361, 0.485930383205, 0.376067221165, 0.333263456821, 0.267497628927], "max": [-5.37068939209, -4.51961278915, -4.84158945084, -5.59715127945, -5.88774871826, -8.12607479095], "mean": [-8.65156173706, -7.54480648041, -8.27658748627, -8.78375434875, -8.82330417633, -11.5985574722], "median": [-8.24110507965, -7.19208908081, -7.9601225853, -8.49737453461, -8.47304534912, -11.3269300461], "min": [-28.2245140076, -28.1875095367, -27.7161617279, -27.7482509613, -27.5670700073, -27.4046592712], "var": [5.70421695709, 5.61833000183, 5.37181901932, 5.2237868309, 5.24118900299, 4.0799612999]}, "spectral_decrease": {"dmean": 1.51292589567e-09, "dmean2": 2.28971908101e-09, "dvar": 6.41362346159e-18, "dvar2": 1.35015968186e-17, "max": 3.85071028178e-23, "mean": -3.63541641235e-09, "median": -1.68408420542e-09, "min": -3.4326525622e-08, "var": 1.78184381957e-17}, "spectral_energy": {"dmean": 0.00605582073331, "dmean2": 0.0091372942552, "dvar": 0.000101782403362, "dvar2": 0.000211921185837, "max": 0.132728338242, "mean": 0.0150407003239, "median": 0.00684430310503, "min": 9.77860608418e-21, "var": 0.000301987078274}, "spectral_energyband_high": {"dmean": 0.000127793347929, "dmean2": 0.000184559918125, "dvar": 1.32863604563e-07, "dvar2": 3.03980101535e-07, "max": 0.0104950265959, "mean": 0.000248640571954, "median": 6.19020938757e-05, "min": 6.8699425902e-21, "var": 2.80520197293e-07}, "spectral_energyband_low": {"dmean": 0.00208312505856, "dmean2": 0.00341011583805, "dvar": 2.48339365498e-05, "dvar2": 6.29463611403e-05, "max": 0.088479064405, "mean": 0.00253361533396, "median": 0.000461351766717, "min": 9.81868347458e-24, "var": 2.99528674077e-05}, "spectral_energyband_middle_high": {"dmean": 0.00208737631328, "dmean2": 0.00300891348161, "dvar": 1.85478493222e-05, "dvar2": 3.57317840098e-05, "max": 0.0912232771516, "mean": 0.00656442111358, "median": 0.00159974908456, "min": 1.20350608892e-21, "var": 0.000100203149486}, "spectral_energyband_middle_low": {"dmean": 0.00364506617188, "dmean2": 0.00566323939711, "dvar": 4.43480130343e-05, "dvar2": 9.80627082754e-05, "max": 0.0909480080009, "mean": 0.00633451156318, "median": 0.00266318954527, "min": 1.58669753293e-22, "var": 8.16138272057e-05}, "spectral_entropy": {"dmean": 0.204725027084, "dmean2": 0.292914152145, "dvar": 0.0417766645551, "dvar2": 0.0863394513726, "max": 9.82792854309, "mean": 7.22133874893, "median": 7.21423816681, "min": 4.59283733368, "var": 0.296791285276}, "spectral_flux": {"dmean": 0.0257853679359, "dmean2": 0.0400933921337, "dvar": 0.000983760110103, "dvar2": 0.0019809466321, "max": 0.310396760702, "mean": 0.0676502734423, "median": 0.0508154258132, "min": 6.42636291404e-11, "var": 0.00302244815975}, "spectral_kurtosis": {"dmean": 2.86005425453, "dmean2": 4.72527170181, "dvar": 12.1386203766, "dvar2": 31.7544364929, "max": 67.9236907959, "mean": 7.28974437714, "median": 5.81275844574, "min": -1.26738929749, "var": 31.1374874115}, "spectral_rms": {"dmean": 0.000731892534532, "dmean2": 0.00106500484981, "dvar": 9.90068087958e-07, "dvar2": 1.8888657678e-06, "max": 0.011379414238, "mean": 0.00316799548455, "median": 0.00258406042121, "min": 3.08870572348e-12, "var": 4.63758942715e-06}, "spectral_rolloff": {"dmean": 416.285583496, "dmean2": 689.143188477, "dvar": 695220.5625, "dvar2": 1680348.75, "max": 20758.0078125, "mean": 1706.54467773, "median": 1291.9921875, "min": 64.599609375, "var": 4859174.5}, "spectral_skewness": {"dmean": 0.32028862834, "dmean2": 0.504321098328, "dvar": 0.11395637691, "dvar2": 0.272516041994, "max": 6.72366142273, "mean": 1.84686553478, "median": 1.74358844757, "min": -0.0765329375863, "var": 0.474679380655}, "spectral_spread": {"dmean": 431591.