{"lowlevel": {"average_loudness": 0.857984662056, "barkbands": {"dmean": [0.000114831898827, 0.00429391209036, 0.00190325686708, 0.000762632465921, 0.000943257007748, 0.000582841399591, 0.000296643265756, 0.000371146190446, 0.000351892289473, 0.000312473450322, 0.000131640161271, 0.000240560417296, 0.00028264647699, 0.000248956523137, 0.000347094173776, 0.000352321716491, 0.000380363460863, 0.000386489729863, 0.00016948216944, 0.000189819023944, 0.000196449051145, 7.13864938007e-05, 7.03135228832e-05, 0.000107169915282, 7.94806182967e-05, 4.27448139817e-05, 8.5568653958e-06], "dmean2": [0.000191518294741, 0.00672126421705, 0.00330032315105, 0.00135167711414, 0.00161736388691, 0.000948473345488, 0.000458292546682, 0.000563780020457, 0.000557910592761, 0.00050199002726, 0.000209431076655, 0.000386503874324, 0.000473051564768, 0.000399070704589, 0.000568637333345, 0.00057241570903, 0.000618148362264, 0.000613200594671, 0.000273517798632, 0.000301598076476, 0.00030317553319, 0.000107964136987, 0.000101929334051, 0.000145104902913, 0.000105607970909, 5.91013922531e-05, 1.20743325169e-05], "dvar": [9.99255362899e-08, 0.000132640489028, 2.50661432801e-05, 4.98567533214e-06, 7.14333145879e-06, 1.96257133211e-06, 3.89584414506e-07, 7.80960931479e-07, 8.16295653294e-07, 8.04915316621e-07, 1.64738679587e-07, 3.83700069051e-07, 6.39591348772e-07, 3.35577936994e-07, 6.61327135276e-07, 6.61134777147e-07, 7.40148834666e-07, 5.92584399328e-07, 1.0320351862e-07, 1.24645524124e-07, 1.86824081538e-07, 2.59797179325e-08, 2.68359450217e-08, 1.05122865079e-07, 4.49370034517e-08, 8.56778203939e-09, 3.95344812443e-10], "dvar2": [2.51106229143e-07, 0.000274116260698, 6.95197813911e-05, 1.37699098559e-05, 2.00737540581e-05, 5.17951229995e-06, 9.3651175348e-07, 1.94456629288e-06, 2.10983876059e-06, 2.17348474507e-06, 4.01127095984e-07, 1.00299644146e-06, 1.85534872799e-06, 8.38367895994e-07, 1.66667348367e-06, 1.66442441696e-06, 1.92170068658e-06, 1.44708121752e-06, 2.59370949607e-07, 3.08810058414e-07, 4.3238503622e-07, 6.19049913553e-08, 5.68277229718e-08, 1.63774018347e-07, 7.76896911248e-08, 1.85373369987e-08, 8.51853698691e-10], "max": [0.00244187423959, 0.0936554595828, 0.0479516349733, 0.0282361395657, 0.0427649989724, 0.0344331376255, 0.0149955395609, 0.0319432392716, 0.0217094812542, 0.0234110243618, 0.0202328041196, 0.0175211485475, 0.0244827605784, 0.0165445040911, 0.0204406771809, 0.0231943521649, 0.0214788615704, 0.0167921911925, 0.0070948372595, 0.00616579502821, 0.00899455230683, 0.00236041750759, 0.00495835067704, 0.00947189703584, 0.00607201084495, 0.00154877046589, 0.000412687106291], "mean": [9.79423057288e-05, 0.00468183960766, 0.00231558550149, 0.000735878013074, 0.00116229779087, 0.0008501142147, 0.000484152435092, 0.000616710458416, 0.000536912470125, 0.000494636187796, 0.000194157692022, 0.000390692031942, 0.000478046189528, 0.000442576507339, 0.000555916863959, 0.000602835207246, 0.000680769793689, 0.000727500475477, 0.00033054855885, 0.000387556821806, 0.000409943721024, 0.000116227034596, 0.000120441101899, 0.000220560599701, 0.000147696438944, 5.9253143263e-05, 1.04096225186e-05], "median": [3.86140163755e-06, 0.000699996831827, 0.0005749380216, 0.000209951336728, 0.000537818064913, 0.000315321463859, 0.000205093674595, 0.000215877022129, 0.000201473565539, 0.00014555506641, 6.3092840719e-05, 0.000160447816597, 0.000173113454366, 0.000170377461473, 0.000229700555792, 0.00022588975844, 0.000259690568782, 0.000297265360132, 0.00014555818052, 0.0001740057196, 0.000123953926959, 5.40546679986e-05, 4.69453916594e-05, 7.68830359448e-05, 4.5849243179e-05, 1.69144732354e-05, 1.6823464648e-06], "min": [1.62065824734e-23, 8.45147077442e-23, 6.10936010175e-24, 2.00907158451e-23, 6.20759821246e-23, 4.33334137893e-23, 3.60415874783e-23, 4.57208855418e-23, 3.93998472379e-23, 7.53501635094e-23, 1.63082224678e-22, 1.11282588416e-22, 6.36875302907e-23, 1.16258369596e-22, 1.86044766561e-22, 1.0786279435e-22, 1.25410721197e-22, 1.88020680113e-22, 2.5825087129e-22, 2.91273472307e-22, 6.8317914088e-22, 5.91688138565e-22, 7.46167399621e-22, 5.86625999204e-22, 9.71866335864e-22, 1.33700700153e-21, 2.34347153976e-21], "var": [8.73435723747e-08, 0.00014435967023, 1.97602239496e-05, 3.42967041433e-06, 5.41744975635e-06, 2.70501391242e-06, 6.56306610836e-07, 1.49275069816e-06, 1.20351364785e-06, 1.40156646466e-06, 2.79753351151e-07, 7.64432911637e-07, 1.4058200577e-06, 7.63338505294e-07, 1.22303924854e-06, 1.52400014031e-06, 1.92136394617e-06, 1.62416790772e-06, 2.83526730982e-07, 3.22107467809e-07, 5.93205413679e-07, 3.48648967474e-08, 5.27512966642e-08, 3.47166064785e-07, 1.34310539579e-07, 1.36751321378e-08, 5.64569946349e-10]}, "barkbands_crest": {"dmean": 2.70534825325, "dmean2": 4.21695804596, "dvar": 8.94901657104, "dvar2": 19.2609443665, "max": 25.7789878845, "mean": 8.93535709381, "median": 7.73145675659, "min": 2.10123538971, "var": 19.7036533356}, "barkbands_flatness_db": {"dmean": 0.0196431223303, "dmean2": 0.0287960488349, "dvar": 0.000421823118813, "dvar2": 0.000864399655256, "max": 0.377356529236, "mean": 0.0973168238997, "median": 0.0902969166636, "min": 0.021692564711, "var": 0.00155818543863}, "barkbands_kurtosis": {"dmean": 2.19476056099, "dmean2": 3.38056564331, "dvar": 38.2191619873, "dvar2": 84.8474349976, "max": 174.34703064, "mean": 1.8763846159, "median": -0.26667201519, "min": -1.95752060413, "var": 57.569026947}, "barkbands_skewness": {"dmean": 0.541718542576, "dmean2": 0.778454363346, "dvar": 0.456444442272, "dvar2": 0.827394068241, "max": 11.9632720947, "mean": 0.942692935467, "median": 0.741572499275, "min": -4.30615234375, "var": 1.74275159836}, "barkbands_spread": {"dmean": 7.07393026352, "dmean2": 10.7047653198, "dvar": 62.0081977844, "dvar2": 130.837203979, "max": 121.715255737, "mean": 33.0271072388, "median": 30.6743850708, "min": 0.825993597507, "var": 250.84286499}, "dissonance": {"dmean": 0.0110062547028, "dmean2": 0.018409082666, "dvar": 0.000133801324409, "dvar2": 0.000358124030754, "max": 0.499999880791, "mean": 0.478023916483, "median": 0.482183784246, "min": 0.146729275584, "var": 0.00028534012381}, "dynamic_complexity": 3.76990675926, "erbbands": {"dmean": [0.142654001713, 0.939933598042, 2.20792961121, 2.21818089485, 3.06819438934, 3.00183367729, 4.47281837463, 4.43719577789, 4.35543060303, 3.54783987999, 9.55130386353, 7.95908641815, 7.76343870163, 9.19542217255, 6.12627267838, 9.64855384827, 11.9631977081, 13.7561159134, 15.9097251892, 13.7358493805, 23.0685768127, 17.4285259247, 18.7186489105, 13.2271032333, 7.62596654892, 8.89545631409, 11.0713214874, 4.56291007996, 2.72698569298, 2.04637789726, 2.04920959473, 2.20205569267, 1.87606573105, 1.0353153944, 0.491689026356, 0.221116691828, 0.0726324692369, 0.0146213145927, 0.00148031569552, 5.22653244843e-05], "dmean2": [0.232344374061, 1.46875834465, 3.73823189735, 3.90254426003, 5.327272892, 5.19367837906, 7.43897485733, 7.17185640335, 6.71119070053, 5.45730924606, 14.4593448639, 12.4248867035, 12.1924352646, 14.7344694138, 9.81729221344, 15.3440656662, 19.8293514252, 22.0198001862, 25.7895526886, 22.0390720367, 37.582408905, 27.7362880707, 29.7365570068, 20.9196739197, 12.2624931335, 13.9947385788, 17.2059993744, 7.0401391983, 4.16096878052, 2.9946475029, 2.98976421356, 3.07392334938, 2.58337903023, 1.40148544312, 0.656531453133, 0.304747700691, 0.10174933821, 0.0205106604844, 0.00208203285001, 7.03006080585e-05], "dvar": [0.169652074575, 6.08419895172, 32.8851661682, 37.3717041016, 93.6024856567, 77.7152862549, 116.87789917, 136.772872925, 86.90965271, 56.3358612061, 546.932434082, 467.355834961, 437.642852783, 804.114807129, 217.258148193, 709.078369141, 1348.09643555, 1101.1998291, 1831.57128906, 955.566162109, 2613.9440918, 1957.20117188, 1570.98193359, 663.764465332, 198.618240356, 269.555725098, 640.61706543, 89.1935577393, 39.6939697266, 21.7736415863, 22.6741580963, 34.9452705383, 37.6807403564, 9.59987354279, 1.39101815224, 0.237778231502, 0.0252192653716, 0.00104091351386, 1.18509624372e-05, 1.20234524559e-08], "dvar2": [0.402965009212, 12.3939723969, 89.1885910034, 104.270591736, 257.33694458, 218.029327393, 310.159576416, 358.681976318, 210.621246338, 133.677261353, 1360.81115723, 1231.63769531, 1033.91662598, 2057.38476562, 577.602172852, 1826.80932617, 3955.56469727, 2813.10009766, 4657.70800781, 2393.04370117, 6659.20947266, 4931.68554688, 3787.3996582, 1605.06201172, 517.531738281, 664.780090332, 1497.86328125, 212.046234131, 96.413444519, 48.4854354858, 47.5981636047, 62.1822471619, 60.8018341064, 16.5221538544, 2.4829788208, 0.505213201046, 0.0551200322807, 0.00225623231381, 2.5610836019e-05, 2.49695641941e-08], "max": [3.47724151611, 20.4218635559, 52.6227684021, 59.7367858887, 141.694061279, 236.989120483, 260.995941162, 397.289825439, 186.950134277, 318.119537354, 907.753051758, 541.208374023, 522.719970703, 1052.57434082, 363.316101074, 803.53125, 1240.78515625, 1025.79370117, 1143.10473633, 667.123962402, 1372.125, 1301.71801758, 1198.04174805, 659.251525879, 234.101699829, 383.250335693, 580.47265625, 186.143005371, 82.839012146, 117.362815857, 157.819274902, 164.075897217, 189.602386475, 95.9372177124, 38.543964386, 12.2666606903, 2.38020968437, 0.416625857353, 0.0773172751069, 0.00147666328121], "mean": [0.122639939189, 1.09906983376, 2.79135918617, 2.46009063721, 3.17012691498, 3.77967810631, 6.08785676956, 6.62174415588, 7.282122612, 6.5446138382, 16.2042617798, 12.631816864, 13.0581645966, 14.6275644302, 10.6753416061, 16.6224956512, 21.4578037262, 25.6281795502, 26.915971756, 24.8425922394, 42.1624069214, 34.6261100769, 36.9466323853, 27.1005191803, 15.7627677917, 18.7569160461, 23.276216507, 9.21264362335, 4.47580862045, 3.34975504875, 3.56898069382, 4.26642751694, 3.76635432243, 2.01100873947, 0.848074913025, 0.323440283537, 0.0971193015575, 0.0185068845749, 0.00182261527516, 8.08260738268e-05], "median": [0.0100190192461, 0.200795918703, 0.803458333015, 0.940098404884, 1.13943076134, 1.63326954842, 2.23928928375, 2.43630957603, 3.04986977577, 3.50756311417, 6.18368434906, 5.30555486679, 4.31539201736, 4.80634975433, 4.80855560303, 6.70777225494, 8.05787086487, 10.114156723, 11.02409935, 11.2834358215, 16.9603424072, 14.1518363953, 15.8150100708, 11.8152399063, 7.81575298309, 8.62920379639, 6.36312103271, 3.69134807587, 2.2118139267, 1.36516046524, 1.39328634739, 1.53765702248, 1.24568295479, 0.629672646523, 0.263177901506, 0.0995636209846, 0.0252486765385, 0.00381623860449, 0.00032617902616, 3.00024767057e-05], "min": [2.52176713002e-21, 1.83414408448e-20, 1.33021297296e-20, 4.02825616892e-20, 1.1312703003e-19, 2.12647507671e-19, 2.45079734375e-19, 4.03644596784e-19, 5.67106962955e-19, 8.00839149344e-19, 8.91299517735e-19, 8.74381192667e-19, 2.26090629851e-18, 4.08165324947e-18, 4.98051030287e-18, 5.30903045982e-18, 3.1540125855e-18, 3.94350167947e-18, 1.05094703032e-17, 7.26748643916e-18, 7.49470468162e-18, 6.89843360502e-18, 9.11644438491e-18, 1.40284322866e-17, 1.1658978385e-17, 1.45751358058e-17, 2.09210206198e-17, 3.08216297439e-17, 2.05548261083e-17, 2.17314359357e-17, 1.93964192174e-17, 1.05002794994e-17, 1.11654584434e-17, 9.40531570715e-18, 7.49469971854e-18, 4.49115356121e-18, 2.63219582903e-18, 1.30194857655e-18, 2.9552495629e-19, 3.6808060612e-20], "var": [0.151298463345, 6.81427621841, 27.5565032959, 26.2046604156, 64.2312316895, 63.8731002808, 150.571044922, 183.338577271, 145.585174561, 110.145225525, 1017.23010254, 668.018432617, 831.998352051, 1325.24414062, 390.266662598, 1521.50292969, 2984.46533203, 2592.73095703, 3539.43823242, 1806.76953125, 6078.06982422, 5393.28125, 4154.43408203, 2092.95947266, 502.634033203, 717.063171387, 1974.27783203, 230.976837158, 49.8838996887, 33.8225402832, 48.106842041, 106.950424194, 114.042785645, 28.9151268005, 3.8390212059, 0.425228983164, 0.0378143526614, 0.00154725823086, 1.67560792761e-05, 1.91513329639e-08]}, "erbbands_crest": {"dmean": 2.40667104721, "dmean2": 3.96968388557, "dvar": 5.25183010101, "dvar2": 13.0156831741, "max": 28.3545074463, "mean": 7.88643360138, "median": 7.14839935303, "min": 2.27824449539, "var": 12.8621263504}, "erbbands_flatness_db": {"dmean": 0.0175001397729, "dmean2": 0.0231654793024, "dvar": 0.000280105537968, "dvar2": 0.000441814016085, "max": 0.311767071486, "mean": 0.135887607932, "median": 0.132719680667, "min": 0.0350809879601, "var": 0.00177873799112}, "erbbands_kurtosis": {"dmean": 0.785706043243, "dmean2": 1.23621082306, "dvar": 1.0078099966, "dvar2": 2.30114221573, "max": 27.2519454956, "mean": 0.314507395029, "median": -0.180771589279, "min": -1.78478956223, "var": 2.96956682205}, "erbbands_skewness": {"dmean": 0.309888631105, "dmean2": 0.467291474342, "dvar": 0.0771768093109, "dvar2": 0.167575463653, "max": 2.59378361702, "mean": -0.268131494522, "median": -0.261887967587, "min": -4.65048646927, "var": 0.455570936203}, "erbbands_spread": {"dmean": 8.48253250122, "dmean2": 12.4449882507, "dvar": 84.1800003052, "dvar2": 169.053039551, "max": 174.04196167, "mean": 40.8530464172, "median": 36.7256965637, "min": 4.8826675415, "var": 409.228637695}, "gfcc": {"cov": [[16027.5146484, 49.160320282, -303.609741211, 405.770721436, -332.159179688, 195.580856323, -318.326629639, 166.777877808, -378.932037354, 94.2423553467, -147.863311768, -65.6485900879, -39.9520721436], [49.160320282, 1149.29418945, -175.052352905, 129.092956543, 170.247848511, -21.4037914276, 129.970779419, -46.9272766113, 84.3601608276, -41.407749176, 33.6186828613, -49.4623680115, 4.8534989357], [-303.609741211, -175.052352905, 1033.34472656, 229.485610962, 77.5729827881, 187.172576904, 55.1581344604, 43.0415534973, 57.1316719055, 4.98786783218, 37.2767601013, 72.7010650635, -24.6126308441], [405.770721436, 129.092956543, 229.485610962, 325.67666626, 126.807891846, 60.5707397461, 49.3602218628, 53.5263137817, 56.2954864502, 9.47795963287, 17.6632976532, 17.8252372742, 8.36437034607], [-332.159179688, 170.247848511, 77.5729827881, 126.807891846, 312.479705811, 70.092590332, 113.380378723, 45.167881012, 95.7513198853, 43.6268081665, -14.8972911835, 8.17203140259, -15.6264791489], [195.580856323, -21.4037914276, 187.172576904, 60.5707397461, 70.092590332, 227.520095825, 97.1670455933, 25.4293117523, 15.9173870087, 29.6523971558, 12.5859041214, -7.15408992767, -12.1695137024], [-318.326629639, 129.970779419, 55.1581344604, 49.3602218628, 113.380378723, 97.1670455933, 201.991729736, 54.4904556274, 45.194103241, 20.0450763702, 1.97236990929, -10.4474925995, -9.68217086792], [166.777877808, -46.9272766113, 43.0415534973, 53.5263137817, 45.167881012, 25.4293117523, 54.4904556274, 149.595077515, 59.5891227722, 23.9927749634, 2.85460829735, -0.920586585999, 11.9186906815], [-378.932037354, 84.3601608276, 57.1316719055, 56.2954864502, 95.7513198853, 15.9173870087, 45.194103241, 59.5891227722, 141.056213379, 39.4386901855, -7.62964010239, 3.10847067833, -11.774772644], [94.2423553467, -41.407749176, 4.98786783218, 9.47795963287, 43.6268081665, 29.6523971558, 20.0450763702, 23.9927749634, 39.4386901855, 92.4319076538, 26.4245681763, 10.018497467, -7.09959697723], [-147.863311768, 33.6186828613, 37.2767601013, 17.6632976532, -14.8972911835, 12.5859041214, 1.97236990929, 2.85460829735, -7.62964010239, 26.4245681763, 101.090126038, 31.8997650146, 23.8726768494], [-65.6485900879, -49.4623680115, 72.7010650635, 17.8252372742, 8.17203140259, -7.15408992767, -10.4474925995, -0.920586585999, 3.10847067833, 10.018497467, 31.8997650146, 80.9232406616, 28.4933376312], [-39.9520721436, 4.8534989357, -24.6126308441, 8.36437034607, -15.6264791489, -12.1695137024, -9.68217086792, 11.9186906815, -11.774772644, -7.09959697723, 23.8726768494, 28.4933376312, 92.1287689209]], "icov": [[0.000109836808406, -0.000143892961205, 6.43729654257e-05, -0.000244106558966, 0.000195421322132, -0.00025909661781, 0.000342509476468, -0.000422881741542, 0.000600702362135, -0.000490941281896, 0.00049921538448, -0.000222472066525, 0.000162586453371], [-0.000143892961205, 0.00168516626582, 0.000284409703454, -0.000279268278973, -0.000783387746196, 0.000769440783188, -0.00143562245648, 0.00191600760445, -0.00209818920121, 0.00215763621964, -0.00215513841249, 0.00154201779515, -0.00050018663751], [6.43729654257e-05, 0.000284409703454, 0.00164667668287, -0.00112443813123, 0.000277010025457, -0.0013181847753, 0.000221187423449, -3.30508191837e-05, -0.000441938580479, 0.000827875745017, -0.000228482589591, -0.00146014941856, 0.000973432208411], [-0.000244106558966, -0.000279268278973, -0.00112443813123, 0.00530231045559, -0.00192525482271, 0.000291002506856, 1.05646004158e-05, -0.000494236301165, -0.00122947723139, 0.00140881817788, -0.00147543672938, 0.000462589727249, -0.000905325636268], [0.000195421322132, -0.000783387746196, 0.000277010025457, -0.00192525482271, 0.0061768097803, -0.00102954485919, -0.00129666703288, -0.000449957995443, -0.000763677468058, -0.00280378386378, 0.00301892939024, -0.00211602728814, 0.000766938785091], [-0.00025909661781, 0.000769440783188, -0.0013181847753, 0.000291002506856, -0.00102954485919, 0.00776757672429, -0.00393274147063, 0.00159110722598, -0.000392853922676, -0.00057646818459, -0.00185838527977, 0.00277122738771, -0.000769371399656], [0.000342509476468, -0.00143562245648, 0.000221187423449, 1.05646004158e-05, -0.00129666703288, -0.00393274147063, 0.00973271019757, -0.00417499430478, 0.00224833469838, -0.00142251409125, 0.00164229981601, -0.000749773869757, 0.00108990445733], [-0.000422881741542, 0.00191600760445, -3.30508191837e-05, -0.000494236301165, -0.000449957995443, 0.00159110722598, -0.00417499430478, 0.011990246363, -0.00670025497675, 0.00198744097725, -0.00293941679411, 0.00296319345944, -0.00296233873814], [0.000600702362135, -0.00209818920121, -0.000441938580479, -0.00122947723139, -0.000763677468058, -0.000392853922676, 0.00224833469838, -0.00670025497675, 0.0159574970603, -0.00762729113922, 0.00551699707285, -0.00244083162397, 0.0020632983651], [-0.000490941281896, 0.00215763621964, 0.000827875745017, 0.00140881817788, -0.00280378386378, -0.00057646818459, -0.00142251409125, 0.00198744097725, -0.00762729113922, 0.0190849099308, -0.00845831353217, 0.000757830159273, 0.00126162334345], [0.00049921538448, -0.00215513841249, -0.000228482589591, -0.00147543672938, 0.00301892939024, -0.00185838527977, 0.00164229981601, -0.00293941679411, 0.00551699707285, -0.00845831353217, 0.0172970835119, -0.00620226096362, -0.00128816405777], [-0.000222472066525, 0.00154201779515, -0.00146014941856, 0.000462589727249, -0.00211602728814, 0.00277122738771, -0.000749773869757, 0.00296319345944, -0.00244083162397, 0.000757830159273, -0.00620226096362, 0.0191538985819, -0.00563507014886], [0.000162586453371, -0.00050018663751, 0.000973432208411, -0.000905325636268, 0.000766938785091, -0.000769371399656, 0.00108990445733, -0.00296233873814, 0.0020632983651, 0.00126162334345, -0.00128816405777, -0.00563507014886, 0.0142572382465]], "mean": [-14.8381080627, 55.2139892578, -119.993400574, 34.018283844, -50.6087684631, 10.814250946, -40.3507804871, 14.2717638016, -25.0389347076, 4.11922931671, -17.2135982513, -3.31961894035, -12.2543411255]}, "hfc": {"dmean": 6.67393779755, "dmean2": 9.29553604126, "dvar": 110.957603455, "dvar2": 221.159286499, "max": 156.109344482, "mean": 21.311920166, "median": 13.8399448395, "min": 1.08440221784e-16, "var": 495.778167725}, "melbands": {"dmean": [0.00124988460448, 0.00110994558781, 0.000420834869146, 0.000217356428038, 0.000147546088556, 0.000100774406746, 6.54444011161e-05, 4.40312869614e-05, 7.79000547482e-05, 4.9404494348e-05, 3.98235679313e-05, 4.02678015234e-05, 2.01235143322e-05, 2.8620557714e-05, 2.35969546338e-05, 2.92011500278e-05, 2.54159476754e-05, 2.51953188126e-05, 2.13495331991e-05, 1.95157263079e-05, 3.01950694848e-05, 2.00902104552e-05, 1.87904661288e-05, 2.11882834265e-05, 1.04931141323e-05, 6.87750343786e-06, 4.95860604133e-06, 6.53326333122e-06, 8.65906440595e-06, 4.84533393319e-06, 2.29837996812e-06, 1.73099408585e-06, 1.23030315535e-06, 1.16844967124e-06, 1.13726127893e-06, 1.3810783912e-06, 1.44618525155e-06, 1.45841204358e-06, 1.13653493372e-06, 8.66644086273e-07], "dmean2": [0.00197349139489, 0.00172571570147, 0.000735892448574, 0.00037322868593, 0.000248037104029, 0.000163050935953, 0.000100640034361, 6.76279159961e-05, 0.000118464246043, 7.7503209468e-05, 6.28130583209e-05, 6.47731794743e-05, 3.21156257996e-05, 4.6165947424e-05, 3.88460321119e-05, 4.76220957353e-05, 4.09111853514e-05, 4.09535059589e-05, 3.46767483279e-05, 3.13648524752e-05, 4.92218096042e-05, 3.24320390064e-05, 3.00521005556e-05, 3.42145722243e-05, 1.67284179042e-05, 1.12309689939e-05, 8.01573241915e-06, 1.0388013834e-05, 1.36952212415e-05, 7.53088579586e-06, 3.61138199878e-06, 2.70392706625e-06, 1.87172577171e-06, 1.74351066562e-06, 1.70335545135e-06, 2.04625598599e-06, 2.07026141652e-06, 2.05272476705e-06, 1.59335195349e-06, 1.20335448628e-06], "dvar": [1.19636306408e-05, 7.39202459954e-06, 1.37058430028e-06, 4.18594510165e-07, 1.2584571607e-07, 6.46952216243e-08, 1.89812414675e-08, 7.99466004509e-09, 3.56560754255e-08, 1.82443589125e-08, 1.14099636406e-08, 1.56790012085e-08, 2.84999512878e-09, 5.27044186072e-09, 4.99004704224e-09, 5.30139887545e-09, 3.91450472037e-09, 4.51538051394e-09, 2.27985430534e-09, 2.05640970918e-09, 4.34869296129e-09, 2.81990208961e-09, 2.22896390234e-09, 2.06818362436e-09, 4.70010363962e-10, 2.07220643422e-10, 7.72488739642e-11, 1.50352563733e-10, 4.30981028643e-10, 1.43073414227e-10, 2.1593950586e-11, 1.56737591656e-11, 8.42614519825e-12, 7.23509793743e-12, 7.15814386931e-12, 1.17434083291e-11, 1.76256509388e-11, 2.31576615523e-11, 1.35692412168e-11, 6.74942957427e-12], "dvar2": [2.64359168796e-05, 1.76168505277e-05, 3.7800255086e-06, 1.16803471428e-06, 3.4043046071e-07, 1.70045623804e-07, 4.58266171677e-08, 1.94231919437e-08, 8.99488767914e-08, 4.70421070986e-08, 2.73534812578e-08, 4.10098266457e-08, 7.31134930376e-09, 1.35575355387e-08, 1.44252298995e-08, 1.39897338158e-08, 1.0035726028e-08, 1.14115854544e-08, 5.70432101554e-09, 5.10751219096e-09, 1.11533173808e-08, 7.33378602291e-09, 5.46959721959e-09, 5.35840127824e-09, 1.13496445575e-09, 5.33441901762e-10, 1.96320834589e-10, 3.73665320907e-10, 1.05081499058e-09, 3.39671429872e-10, 5.35027994131e-11, 3.85508049094e-11, 2.0141582846e-11, 1.62549990829e-11, 1.60738401755e-11, 2.47269288378e-11, 3.26663418537e-11, 3.99239391546e-11, 2.42191440514e-11, 1.27658222535e-11], "max": [0.0284883603454, 0.0255008842796, 0.0126685360447, 0.0111239654943, 0.0070197340101, 0.00789977889508, 0.00306913466193, 0.00354006979614, 0.00742303207517, 0.00376817840151, 0.00260458677076, 0.00434147473425, 0.00197650189511, 0.0017622904852, 0.00219641136937, 0.00182400096674, 0.00173740636092, 0.00183762202505, 0.00108462874778, 0.00153414346278, 0.00142478279304, 0.00149967498146, 0.00131635728758, 0.000959210505243, 0.000565620139241, 0.000318630598485, 0.000179189693881, 0.000291929958621, 0.000524615636095, 0.000254035636317, 8.66612390382e-05, 5.50572149223e-05, 5.60561384191e-05, 7.35680296202e-05, 7.93968793005e-05, 0.000114682261483, 0.000134190093377, 0.000156417037942, 0.00010621301044, 8.28236661619e-05], "mean": [0.00121505616698, 0.00148435414303, 0.000462296535261, 0.000255631952314, 0.000202504175832, 0.00014990325144, 0.000109661879833, 7.93614672148e-05, 0.000130954271299, 7.55177607061e-05, 6.54363175272e-05, 6.18229241809e-05, 3.19106184179e-05, 4.6419499995e-05, 4.02433979616e-05, 5.14220701007e-05, 4.45671976195e-05, 4.07340412494e-05, 3.48729918187e-05, 3.42615276168e-05, 5.21461442986e-05, 3.58973848051e-05, 3.28648857248e-05, 3.74424780603e-05, 1.99347032321e-05, 1.26335662571e-05, 9.58008604357e-06, 1.27672201415e-05, 1.66051304404e-05, 9.47342141444e-06, 3.884499165e-06, 2.62467551693e-06, 1.89911236248e-06, 1.81004122624e-06, 1.87132832252e-06, 2.37138328885e-06, 2.72464785667e-06, 2.78263792097e-06, 2.1492205633e-06, 1.5709932768e-06], "median": [0.000150344974827, 0.000467411155114, 0.000184119926416, 0.000106428109575, 8.06942407507e-05, 5.49432916159e-05, 4.63134929305e-05, 4.11982109654e-05, 5.17763910466e-05, 2.86637077807e-05, 2.04420721275e-05, 1.83948086487e-05, 1.2870057617e-05, 1.914904351e-05, 1.40224965435e-05, 1.95128413907e-05, 1.66000099853e-05, 1.50371270138e-05, 1.54260978888e-05, 1.36148610181e-05, 1.99864261958e-05, 1.29690160975e-05, 1.12089674076e-05, 1.46234006024e-05, 8.08878576208e-06, 5.23660037288e-06, 5.2167015383e-06, 5.58647116122e-06, 4.31210901297e-06, 2.44690295403e-06, 1.79150390522e-06, 1.24262169265e-06, 7.92041362274e-07, 6.91153900334e-07, 7.21068204257e-07, 8.68829374667e-07, 9.3479258112e-07, 9.02147235138e-07, 6.72370788379e-07, 4.70363659133e-07], "min": [2.5215708488e-23, 1.35246052792e-23, 9.38093114764e-24, 1.0415078885e-23, 1.03582753778e-23, 9.48320144197e-24, 8.61021246551e-24, 9.24253339042e-24, 7.91103084572e-24, 4.94420150069e-24, 1.13427990311e-23, 1.53091995511e-23, 1.95172029229e-23, 1.55742804811e-23, 5.8949540186e-24, 7.54079554593e-24, 6.67253421288e-24, 1.85150292957e-23, 1.06232726885e-23, 7.56964340038e-24, 9.46334423526e-24, 6.91834642639e-24, 6.56031874911e-24, 1.08589433062e-23, 1.16682996066e-23, 8.01139446325e-24, 8.44972265865e-24, 9.60180746793e-24, 1.04392393279e-23, 1.85974936593e-23, 1.66266793044e-23, 1.13723126841e-23, 1.11095549495e-23, 1.37540360071e-23, 1.31974615063e-23, 8.28886839805e-24, 5.28700534579e-24, 7.07229184318e-24, 8.35986114635e-24, 7.92580147731e-24], "var": [1.19059450299e-05, 7.73583360569e-06, 9.59823296398e-07, 3.06336573885e-07, 1.50496290985e-07, 8.87614177714e-08, 3.24174500577e-08, 1.60438133889e-08, 6.25018614642e-08, 2.62558437214e-08, 2.16010729304e-08, 2.52263063771e-08, 4.76901051982e-09, 1.05911901471e-08, 1.27647039605e-08, 1.22833752059e-08, 8.35535285404e-09, 8.87057449717e-09, 3.94648846935e-09, 4.48856551927e-09, 9.33033561523e-09, 7.05300928772e-09, 4.83136375351e-09, 4.89318985331e-09, 1.30593535985e-09, 5.09453701447e-10, 1.52635432071e-10, 3.72990416331e-10, 1.09544207039e-09, 4.00401212186e-10, 3.69632137398e-11, 1.87076448083e-11, 1.10958377902e-11, 1.0925756827e-11, 1.31306259268e-11, 2.62839541798e-11, 5.08911107699e-11, 6.51850518008e-11, 3.71940603316e-11, 1.80513000381e-11]}, "melbands_crest": {"dmean": 3.46909666061, "dmean2": 5.25614690781, "dvar": 11.8677587509, "dvar2": 24.798412323, "max": 35.1113357544, "mean": 14.0886554718, "median": 13.1209354401, "min": 2.33907461166, "var": 40.355178833}, "melbands_flatness_db": {"dmean": 0.0253934971988, "dmean2": 0.0367518104613, "dvar": 0.000851768476423, "dvar2": 0.00159149523824, "max": 0.499526798725, "mean": 0.148072570562, "median": 0.135994970798, "min": 0.00499553000554, "var": 0.00363925821148}, "melbands_kurtosis": {"dmean": 8.16943740845, "dmean2": 12.3658380508, "dvar": 480.288116455, "dvar2": 993.121582031, "max": 591.35333252, "mean": 11.9933080673, "median": 3.37905693054, "min": -1.92397069931, "var": 838.01751709}, "melbands_skewness": {"dmean": 0.826771557331, "dmean2": 1.1814455986, "dvar": 1.31695592403, "dvar2": 2.31735777855, "max": 19.255645752, "mean": 2.36250805855, "median": 1.84783935547, "min": -1.57739675045, "var": 4.36339330673}, "melbands_spread": {"dmean": 10.6343345642, "dmean2": 16.0943508148, "dvar": 174.473968506, "dvar2": 330.582275391, "max": 281.862457275, "mean": 40.0751457214, "median": 36.8544158936, "min": 0.718511998653, "var": 685.526367188}, "mfcc": {"cov": [[9638.70117188, -177.44342041, -167.00692749, 161.329650879, 68.9457015991, -41.8916549683, 181.828964233, -105.223228455, 34.6208267212, 20.7718372345, -78.7400054932, 80.1994781494, -167.368972778], [-177.44342041, 894.831481934, -149.626922607, 145.264953613, 25.1156425476, 99.711151123, 23.4163589478, 46.7691650391, 21.5583000183, 43.6364250183, 38.8226470947, -18.1363754272, 33.5635108948], [-167.00692749, -149.626922607, 847.526611328, 89.9921112061, 130.786636353, 95.4047470093, 64.0108947754, 100.098320007, -23.0007324219, 11.9817266464, 16.3272590637, 1.50253796577, 37.0469284058], [161.329650879, 145.264953613, 89.9921112061, 317.354553223, 126.137237549, 47.0904884338, 11.6976070404, 70.5962524414, 60.6388206482, 16.8661823273, 32.9955406189, 37.1590270996, 34.8792915344], [68.9457015991, 25.1156425476, 130.786636353, 126.137237549, 210.80065918, 68.0205307007, 10.7382211685, 45.2295455933, 53.7456054688, 29.5489788055, 24.7243289948, 34.1749420166, 29.2798461914], [-41.8916549683, 99.711151123, 95.4047470093, 47.0904884338, 68.0205307007, 238.709152222, 66.2743453979, 54.7623138428, 34.0395927429, 39.891746521, 62.3097343445, -16.8583126068, 38.0275764465], [181.828964233, 23.4163589478, 64.0108947754, 11.6976070404, 10.7382211685, 66.2743453979, 176.325363159, 50.1808242798, 16.7794513702, 37.3332214355, 10.531129837, 8.82004165649, -6.65427303314], [-105.223228455, 46.7691650391, 100.098320007, 70.5962524414, 45.2295455933, 54.7623138428, 50.1808242798, 125.022979736, 63.269077301, 33.8718833923, 34.2079124451, 4.58278656006, 23.1794376373], [34.6208267212, 21.5583000183, -23.0007324219, 60.6388206482, 53.7456054688, 34.0395927429, 16.7794513702, 63.269077301, 144.791946411, 59.688369751, 32.8921928406, 15.8491392136, 14.7394723892], [20.7718372345, 43.6364250183, 11.9817266464, 16.8661823273, 29.5489788055, 39.891746521, 37.3332214355, 33.8718833923, 59.688369751, 107.59223175, 54.126247406, 10.5658349991, 3.6177239418], [-78.7400054932, 38.8226470947, 16.3272590637, 32.9955406189, 24.7243289948, 62.3097343445, 10.531129837, 34.2079124451, 32.8921928406, 54.126247406, 116.758644104, 26.153421402, 18.9506855011], [80.1994781494, -18.1363754272, 1.50253796577, 37.1590270996, 34.1749420166, -16.8583126068, 8.82004165649, 4.58278656006, 15.8491392136, 10.5658349991, 26.153421402, 92.0076522827, 24.7775039673], [-167.368972778, 33.5635108948, 37.0469284058, 34.8792915344, 29.2798461914, 38.0275764465, -6.65427303314, 23.1794376373, 14.7394723892, 3.6177239418, 18.9506855011, 24.7775039673, 82.6194992065]], "icov": [[0.000117686162412, 3.13257914968e-05, 2.39224118559e-05, -0.000114523536467, -1.49959669216e-05, -4.07230036217e-05, -0.000139798896271, 0.000174878368853, -4.95036110806e-05, -2.49270215136e-05, 9.82194906101e-05, -0.00013274201774, 0.000254240410868], [3.13257914968e-05, 0.00144631939474, 0.000471310893772, -0.000835138023831, 0.000153581044287, -0.000497637258377, -4.65334233013e-06, -0.000398170144763, 0.000691592460498, -0.000745648110751, 0.000163918943144, 0.000478645466501, -0.000368785345927], [2.39224118559e-05, 0.000471310893772, 0.00171987724025, -0.000261687120656, -0.000902799656615, -0.000305002438836, -0.000188797232113, -0.00152089924086, 0.00151949550491, -0.000438936811406, 0.000267085124506, 0.000328182504745, -0.000343449995853], [-0.000114523536467, -0.000835138023831, -0.000261687120656, 0.00517369154841, -0.00229157297872, 0.000414234906202, 0.000279397732811, -0.00159091490787, -0.000939638121054, 0.00140679732431, -0.000651404843666, -0.000891733914614, -0.000346375745721], [-1.49959669216e-05, 0.000153581044287, -0.000902799656615, -0.00229157297872, 0.00798819679767, -0.00208625895903, 0.00113332935143, 0.000255027145613, -0.00152108166367, -0.0011373978341, 0.00145657605026, -0.0025577028282, 0.000182610834599], [-4.07230036217e-05, -0.000497637258377, -0.000305002438836, 0.000414234906202, -0.00208625895903, 0.00752516603097, -0.00282556167804, 0.000332799711032, -0.000513015897013, 0.000835718994495, -0.00400752946734, 0.00418871920556, -0.00324571272358], [-0.000139798896271, -4.65334233013e-06, -0.000188797232113, 0.000279397732811, 0.00113332935143, -0.00282556167804, 0.0084822550416, -0.00370280747302, 0.00145798560698, -0.00298378709704, 0.00266502099112, -0.00287611735985, 0.00242810416967], [0.000174878368853, -0.000398170144763, -0.00152089924086, -0.00159091490787, 0.000255027145613, 0.000332799711032, -0.00370280747302, 0.0153292547911, -0.00597098888829, 0.00125297193881, -0.00252605066635, 0.00214230688289, -0.00202557747252], [-4.95036110806e-05, 0.000691592460498, 0.00151949550491, -0.000939638121054, -0.00152108166367, -0.000513015897013, 0.00145798560698, -0.00597098888829, 0.012861603871, -0.00606780452654, 0.00138541578781, -0.000685342180077, -0.000239165165112], [-2.49270215136e-05, -0.000745648110751, -0.000438936811406, 0.00140679732431, -0.0011373978341, 0.000835718994495, -0.00298378709704, 0.00125297193881, -0.00606780452654, 0.0167482625693, -0.00681922910735, 0.000926217704546, 0.000917427765671], [9.82194906101e-05, 0.000163918943144, 0.000267085124506, -0.000651404843666, 0.00145657605026, -0.00400752946734, 0.00266502099112, -0.00252605066635, 0.00138541578781, -0.00681922910735, 0.0148440208286, -0.00506434077397, 0.000704733422026], [-0.00013274201774, 0.000478645466501, 0.000328182504745, -0.000891733914614, -0.0025577028282, 0.00418871920556, -0.00287611735985, 0.00214230688289, -0.000685342180077, 0.000926217704546, -0.00506434077397, 0.0163165610284, -0.00573824299499], [0.000254240410868, -0.000368785345927, -0.000343449995853, -0.000346375745721, 0.000182610834599, -0.00324571272358, 0.00242810416967, -0.00202557747252, -0.000239165165112, 0.000917427765671, 0.000704733422026, -0.00573824299499, 0.0168235581368]], "mean": [-652.985656738, 89.9080276489, -8.76260757446, 22.8948726654, 10.1751308441, -1.41232180595, 2.45011568069, -0.165216416121, 1.90484142303, 3.28369379044, -2.36719322205, 5.07614850998, -4.26725530624]}, "pitch_salience": {"dmean": 0.0723664239049, "dmean2": 0.112122572958, "dvar": 0.0057017467916, "dvar2": 0.0124342506751, "max": 0.826475322247, "mean": 0.531472802162, "median": 0.541965723038, "min": 0.0907364562154, "var": 0.0144702233374}, "silence_rate_20dB": {"dmean": 0, "dmean2": 0, "dvar": 0, "dvar2": 0, "max": 1, "mean": 1, "median": 1, "min": 1, "var": 0}, "silence_rate_30dB": {"dmean": 0, "dmean2": 0, "dvar": 0, "dvar2": 0, "max": 1, "mean": 1, "median": 1, "min": 1, "var": 0}, "silence_rate_60dB": {"dmean": 0.0245281215757, "dmean2": 0.0490609444678, "dvar": 0.0239228568971, "dvar2": 0.0508724525571, "max": 1, "mean": 0.123682700098, "median": 0, "min": 0, "var": 0.108395420015}, "spectral_centroid": {"dmean": 262.423553467, "dmean2": 401.652923584, "dvar": 78868.4375, "dvar2": 165651.59375, "max": 11182.1699219, "mean": 2006.90222168, "median": 2034.28259277, "min": 170.811264038, "var": 425433.1875}, "spectral_complexity": {"dmean": 3.67059493065, "dmean2": 5.49348402023, "dvar": 19.5531291962, "dvar2": 38.5761947632, "max": 59, "mean": 19.9450092316, "median": 19, "min": 0, "var": 143.36567688}, "spectral_contrast_coeffs": {"dmean": [0.047755882144, 0.0434749834239, 0.0355804339051, 0.0300107300282, 0.0218916665763, 0.0170448254794], "dmean2": [0.076799377799, 0.069951608777, 0.0566608905792, 0.0483778342605, 0.0347856320441, 0.0263234693557], "dvar": [0.00167173263617, 0.00128484203015, 0.00081411813153, 0.000582084117923, 0.0003327652812, 0.000238670705585], "dvar2": [0.00426465179771, 0.00330963986926, 0.00204502372071, 0.00144598120824, 0.000782018585596, 0.000541039393283], "max": [-0.346379458904, -0.410901367664, -0.440772384405, -0.554339647293, -0.555028557777, -0.609848380089], "mean": [-0.656991124153, -0.737084269524, -0.771708905697, -0.769017696381, -0.780428528786, -0.779126107693], "median": [-0.660020172596, -0.741134166718, -0.77638065815, -0.772178769112, -0.784486472607, -0.779502749443], "min": [-0.946284353733, -0.980904221535, -0.981120526791, -0.973748981953, -0.957857131958, -0.960508882999], "var": [0.00610377965495, 0.00452925544232, 0.00344151910394, 0.0030117041897, 0.00198500766419, 0.00166780734435]}, "spectral_contrast_valleys": {"dmean": [0.485950767994, 0.34412047267, 0.298673927784, 0.261474609375, 0.229944378138, 0.297769486904], "dmean2": [0.73318862915, 0.537882328033, 0.469767510891, 0.40282946825, 0.324226528406, 0.353018522263], "dvar": [0.239320203662, 0.106660433114, 0.0839940607548, 0.0753063112497, 0.0774273425341, 0.125647351146], "dvar2": [0.439771413803, 0.22156585753, 0.17583245039, 0.147757679224, 0.128811076283, 0.184850051999], "max": [-5.17808628082, -5.21470737457, -5.58711099625, -5.6584148407, -5.41194152832, -7.28073453903], "mean": [-7.94563007355, -7.27380371094, -7.77233934402, -7.8862080574, -7.42530441284, -9.91214084625], "median": [-7.76478672028, -7.07289218903, -7.56884098053, -7.60049724579, -7.21640062332, -9.65789794922], "min": [-27.9266929626, -27.7427368164, -27.1510295868, -27.3980827332, -27.4462490082, -27.1987686157], "var": [2.06480050087, 1.55214250088, 1.55857396126, 1.61888313293, 1.64539778233, 1.80001449585]}, "spectral_decrease": {"dmean": 1.8947901026e-09, "dmean2": 2.7971718275e-09, "dvar": 1.39782687455e-17, "dvar2": 2.53569023861e-17, "max": -5.54745703776e-29, "mean": -4.2175911652e-09, "median": -2.69279620824e-09, "min": -3.0110040683e-08, "var": 2.33619528525e-17}, "spectral_energy": {"dmean": 0.0075776563026, "dmean2": 0.0110852662474, "dvar": 0.00020911982574, "dvar2": 0.000377642223611, "max": 0.117777429521, "mean": 0.0178512427956, "median": 0.0116940476, "min": 1.00452248133e-20, "var": 0.000375385308871}, "spectral_energyband_high": {"dmean": 0.000560441170819, "dmean2": 0.000782236165833, "dvar": 1.0486702422e-06, "dvar2": 2.11775159187e-06, "max": 0.0184782575816, "mean": 0.00132901966572, "median": 0.000556365470402, "min": 7.27259698717e-21, "var": 3.57413205165e-06}, "spectral_energyband_low": {"dmean": 0.00535109685734, "dmean2": 0.00819438043982, "dvar": 0.000169425969943, "dvar2": 0.000309444760205, "max": 0.100288614631, "mean": 0.00747879687697, "median": 0.00224629044533, "min": 1.11626632744e-22, "var": 0.000224392890232}, "spectral_energyband_middle_high": {"dmean": 0.00149214849807, "dmean2": 0.00228739483282, "dvar": 5.33232650923e-06, "dvar2": 1.24745993162e-05, "max": 0.0464990325272, "mean": 0.00497898692265, "median": 0.00323190214112, "min": 1.52816892577e-21, "var": 3.30291222781e-05}, "spectral_energyband_middle_low": {"dmean": 0.00252581154928, "dmean2": 0.00417239964008, "dvar": 2.84351444861e-05, "dvar2": 7.61535266065e-05, "max": 0.071553081274, "mean": 0.00451143924147, "median": 0.00313039217144, "min": 2.7369048217e-22, "var": 2.81548655039e-05}, "spectral_entropy": {"dmean": 0.129557088017, "dmean2": 0.181365504861, "dvar": 0.0185747463256, "dvar2": 0.0342597290874, "max": 9.78746795654, "mean": 7.83717250824, "median": 7.84527683258, "min": 5.89997291565, "var": 0.108320757747}, "spectral_flux": {"dmean": 0.0239468403161, "dmean2": 0.0374104082584, "dvar": 0.00132090540137, "dvar2": 0.00271052261814, "max": 0.300562649965, "mean": 0.0726760625839, "median": 0.0564418658614, "min": 1.00225869271e-10, "var": 0.0030795217026}, "spectral_kurtosis": {"dmean": 0.945136785507, "dmean2": 1.51292836666, "dvar": 1.16937983036, "dvar2": 3.0356862545, "max": 25.2018470764, "mean": 3.77871227264, "median": 3.50429654121, "min": -1.16484498978, "var": 3.94511818886}, "spectral_rms": {"dmean": 0.000732056447305, "dmean2": 0.00103312649298, "dvar": 1.30118257857e-06, "dvar2": 2.09873655876e-06, "max": 0.0107193663716, "mean": 0.00367371179163, "median": 0.00337769556791, "min": 3.13053012332e-12, "var": 3.91958383261e-06}, "spectral_rolloff": {"dmean": 702.31048584, "dmean2": 1134.32470703, "dvar": 1215801.25, "dvar2": 2368884.25, "max": 19143.0175781, "mean": 2534.73608398, "median": 2368.65234375, "min": 64.599609375, "var": 3612743.75}, "spectral_skewness": {"dmean": 0.146306395531, "dmean2": 0.229809582233, "dvar": 0.0214318484068, "dvar2": 0.050810046494, "max": 3.77850151062, "mean": 1.39513671398, "median": 1.39168834686, "min": -0.158045738935, "var": 0.0806690528989}, "spectral_spread": {"dmean": 585049.375, "dmean2": 766900.1875, "dvar": 542444158976, "dvar2": 798821449728, "max": 39572344, "mean": 5068762.5, "median": 4751802.5, "min": 1661880.125, "var": 3108156997630.0}, "spectral_strongpeak": {"dmean": 0.533204734325, "dmean2": 0.924273073673, "dvar": 1.0462949276,