{"lowlevel": {"average_loudness": 0.919745206833, "barkbands": {"dmean": [0.000129602907691, 0.0028515229933, 0.00232078600675, 0.00204533804208, 0.00110253645107, 0.000599872495513, 0.0003534683201, 0.000501305214129, 0.000686346727889, 0.000515401014127, 0.000541228277143, 0.00047618811368, 0.000739837181754, 0.000718614610378, 0.000484549731482, 0.000323870364809, 0.000356929987902, 0.000309026625473, 0.000289134244667, 0.000296206504572, 0.0002532042854, 0.000332751136739, 0.0002143610036, 0.000120463060739, 7.28567756596e-05, 6.50110087008e-05, 3.07709597109e-05], "dmean2": [0.000199110334506, 0.00459810020402, 0.00404668366536, 0.00334338960238, 0.00185749086086, 0.00101442751475, 0.000593594682869, 0.000791367550846, 0.00108863599598, 0.000830839911941, 0.000874843331985, 0.000756384106353, 0.00119800621178, 0.00117590418085, 0.000782958406489, 0.000521027366631, 0.000575391633902, 0.00050593027845, 0.000472984247608, 0.000492498744279, 0.000412430905271, 0.000531295023393, 0.000328222697135, 0.000184712000191, 0.000100627126812, 8.68313509272e-05, 4.17883202317e-05], "dvar": [7.44158157318e-08, 2.90687839879e-05, 2.67115483439e-05, 1.21269977171e-05, 3.89314436688e-06, 1.54888016368e-06, 6.6163994461e-07, 1.79483572538e-06, 2.42832061303e-06, 1.64060645602e-06, 1.82699238849e-06, 1.52199822878e-06, 2.87879743155e-06, 2.34796152654e-06, 1.12517398065e-06, 3.84146687793e-07, 2.56677537891e-07, 2.13845183339e-07, 2.23873158234e-07, 2.80288162458e-07, 3.04231093651e-07, 5.25138489138e-07, 2.33400228922e-07, 7.57556790631e-08, 3.03984784011e-08, 1.73411986992e-08, 4.42871561646e-09], "dvar2": [1.59300924452e-07, 6.66519263177e-05, 7.29488237994e-05, 2.84250600089e-05, 9.91246452031e-06, 4.24829659096e-06, 1.8071652903e-06, 4.38351798948e-06, 5.90393756283e-06, 4.26793940278e-06, 4.62026946479e-06, 3.71580131286e-06, 7.7175845945e-06, 6.13328938925e-06, 2.88281717076e-06, 9.6232110991e-07, 6.33844877029e-07, 5.54296036626e-07, 5.90533204559e-07, 7.52720325181e-07, 8.09124287571e-07, 1.3529846683e-06, 5.6395174397e-07, 1.87380379657e-07, 6.29472651781e-08, 3.09030632195e-08, 8.15541589816e-09], "max": [0.00299620069563, 0.0686509534717, 0.0578175522387, 0.0364536419511, 0.0244015567005, 0.0180498827249, 0.0194089524448, 0.0336550138891, 0.0413848869503, 0.0249778777361, 0.0238158516586, 0.0384692214429, 0.0406222492456, 0.0313641950488, 0.0300999470055, 0.0170638822019, 0.0138266850263, 0.012453166768, 0.00656968168914, 0.00760509585962, 0.00823195651174, 0.0111195119098, 0.00650983629748, 0.00400817720219, 0.00417335983366, 0.00170539249666, 0.000764161697589], "mean": [0.000139741969178, 0.00456326315179, 0.00280543905683, 0.00258445763029, 0.00159903208259, 0.000872188771609, 0.000479222275317, 0.000727485399693, 0.00107155740261, 0.000771735911258, 0.000802987487987, 0.000766451121308, 0.00122213165741, 0.00121691427194, 0.00081616389798, 0.000585212663282, 0.000694863440003, 0.000550193828531, 0.000497441680636, 0.000548237818293, 0.000433811626863, 0.000539203465451, 0.000368134700693, 0.000213011866435, 0.000137815863127, 0.000107166706584, 4.44550532848e-05], "median": [2.94752753689e-05, 0.0030218125321, 0.00128808477893, 0.00131174665876, 0.00098889390938, 0.000497157627251, 0.000226164003834, 0.000255688210018, 0.000323244719766, 0.000222998991376, 0.000198171299417, 0.00021425873274, 0.000351171300281, 0.00039635685971, 0.000320350925904, 0.000323883316014, 0.000438003888121, 0.00038046966074, 0.000342808081768, 0.000306811823975, 0.00019183193217, 0.000197314613615, 9.83172794804e-05, 6.18268168182e-05, 3.79151169909e-05, 1.91409471881e-05, 3.70999441657e-06], "min": [1.5464454477e-25, 2.95760006687e-24, 3.86988610002e-25, 1.47696770677e-24, 5.03764878023e-24, 3.43292386657e-24, 5.16819855473e-24, 5.06353485641e-24, 1.99955381991e-23, 2.55339886197e-23, 1.74091330813e-23, 2.6687117092e-23, 2.0991877411e-23, 2.69482742278e-23, 5.11754137838e-23, 4.02996251418e-23, 6.03771733206e-23, 9.11211338355e-23, 1.02168588077e-22, 1.42606828701e-22, 2.77250377933e-22, 3.22475836738e-22, 3.88856853703e-22, 6.1590861698e-22, 8.86325238041e-22, 1.32042411032e-21, 2.08887823153e-21], "var": [8.53445527582e-08, 3.58578581654e-05, 2.19870871661e-05, 1.43213701449e-05, 4.22338598582e-06, 1.53493124344e-06, 8.4794646682e-07, 2.91071501124e-06, 5.32213925908e-06, 2.74977514891e-06, 3.42513044416e-06, 3.1502784168e-06, 5.58986312171e-06, 5.33085176357e-06, 2.05877677217e-06, 7.49532318878e-07, 7.35276273645e-07, 3.64662497532e-07, 2.99001555959e-07, 5.02901116306e-07, 4.00533821221e-07, 7.48372428916e-07, 3.91617703599e-07, 1.22385742429e-07, 6.22574063414e-08, 3.98345996189e-08, 8.68319638414e-09]}, "barkbands_crest": {"dmean": 2.49435281754, "dmean2": 4.09302711487, "dvar": 5.30295705795, "dvar2": 14.0327444077, "max": 24.7896518707, "mean": 8.09244728088, "median": 7.29914569855, "min": 1.94106888771, "var": 13.2641544342}, "barkbands_flatness_db": {"dmean": 0.0187533572316, "dmean2": 0.0285459570587, "dvar": 0.000428696192103, "dvar2": 0.000898869184311, "max": 0.410123050213, "mean": 0.0930617526174, "median": 0.0812032818794, "min": 0.0149098727852, "var": 0.00236735795625}, "barkbands_kurtosis": {"dmean": 1.75726306438, "dmean2": 2.8023314476, "dvar": 27.9309444427, "dvar2": 65.2661819458, "max": 222.679763794, "mean": 1.69720637798, "median": -0.523320913315, "min": -1.90474057198, "var": 70.6591415405}, "barkbands_skewness": {"dmean": 0.47714522481, "dmean2": 0.73749756813, "dvar": 0.28356307745, "dvar2": 0.641235411167, "max": 12.6491117477, "mean": 0.882133305073, "median": 0.605456113815, "min": -2.35407042503, "var": 1.52612531185}, "barkbands_spread": {"dmean": 7.48792552948, "dmean2": 11.1905288696, "dvar": 65.8510055542, "dvar2": 127.691574097, "max": 108.908592224, "mean": 36.2275543213, "median": 34.5780715942, "min": 0.549510836601, "var": 284.067932129}, "dissonance": {"dmean": 0.0117139983922, "dmean2": 0.0197250656784, "dvar": 0.000156176261953, "dvar2": 0.000419011194026, "max": 0.500000119209, "mean": 0.478901296854, "median": 0.483403205872, "min": 0.292390197515, "var": 0.000286072958261}, "dynamic_complexity": 3.70951890945, "erbbands": {"dmean": [0.0967986509204, 0.63984388113, 2.14994859695, 5.07443761826, 5.27742290497, 3.6229429245, 3.67426395416, 5.22906303406, 5.45654630661, 6.43176746368, 12.0652942657, 16.5857906342, 14.7064809799, 14.806145668, 22.3751964569, 21.2787857056, 34.5575675964, 31.4179821014, 31.0139713287, 20.0160903931, 16.3677654266, 17.2154560089, 16.5844516754, 14.6479978561, 14.9254407883, 14.0893363953, 10.6444759369, 9.99899291992, 12.2133274078, 9.78057003021, 5.59785032272, 3.2332777977, 1.67676496506, 0.885000348091, 0.51863771677, 0.274730116129, 0.117763973773, 0.0388708859682, 0.00525074498728, 0.000244795373874], "dmean2": [0.155673965812, 1.05500233173, 3.77472376823, 8.39488697052, 8.73878192902, 6.24455165863, 6.2235751152, 8.80056476593, 9.28838157654, 10.2907705307, 18.9058322906, 26.1947383881, 23.4947071075, 23.8869400024, 35.9929924011, 33.5768585205, 55.9280128479, 51.0945663452, 49.9083518982, 32.0466957092, 26.3965778351, 27.6837596893, 26.9076271057, 23.7975692749, 24.8649578094, 23.3624305725, 17.1010074615, 16.3256168365, 19.8662338257, 15.264125824, 8.58444023132, 5.09180212021, 2.51802778244, 1.28647458553, 0.710592806339, 0.375976443291, 0.158548280597, 0.0520507916808, 0.00716235954314, 0.000329454574967], "dvar": [0.0418530292809, 1.44501316547, 23.1965885162, 71.9428482056, 98.7379760742, 39.6242866516, 52.4566001892, 121.533035278, 198.24911499, 197.557662964, 1190.76330566, 1643.28149414, 1374.03564453, 1621.43078613, 2911.89453125, 3014.59082031, 6829.69677734, 3911.60229492, 4674.01757812, 1907.46008301, 851.340332031, 602.966491699, 585.287536621, 571.593688965, 632.810852051, 685.104919434, 392.581542969, 565.855163574, 721.53326416, 487.769226074, 167.381652832, 56.9052581787, 14.5212421417, 4.50327157974, 1.59718084335, 0.330323845148, 0.059824410826, 0.00719827227294, 0.00012945002527, 2.63807010015e-07], "dvar2": [0.0992630943656, 3.48505043983, 64.0809173584, 187.873916626, 218.640579224, 107.600418091, 144.505065918, 329.348114014, 547.964599609, 490.641693115, 2933.68847656, 3938.27661133, 3448.42895508, 4265.72509766, 7357.64746094, 7390.83398438, 18499.1777344, 10398.7695312, 11851.53125, 4894.68310547, 2152.80493164, 1490.11584473, 1484.72900391, 1486.73986816, 1699.1862793, 1839.21472168, 1006.14971924, 1526.08728027, 1903.55493164, 1212.3572998, 410.911132812, 145.895202637, 34.8802032471, 10.0790052414, 3.25346469879, 0.642774343491, 0.107550784945, 0.0127859124914, 0.000242530571995, 4.78978790852e-07], "max": [2.56527280807, 13.6948480606, 56.9220237732, 88.952003479, 120.431510925, 98.7739639282, 92.8513870239, 176.115615845, 311.531707764, 426.370880127, 939.709228516, 1230.13330078, 932.393920898, 1028.09558105, 1165.88110352, 1767.42529297, 1943.94580078, 1524.6463623, 1857.42822266, 1150.47558594, 686.246582031, 505.8074646, 784.652954102, 336.102294922, 380.689361572, 470.935089111, 316.591796875, 365.226715088, 515.247192383, 277.115478516, 163.436828613, 99.6261367798, 62.0888595581, 46.0212287903, 29.5934677124, 13.5099105835, 2.75402188301, 0.988013148308, 0.139810189605, 0.00658488273621], "mean": [0.121543966234, 1.05867493153, 2.84009718895, 6.75831508636, 6.92767906189, 5.07728624344, 5.49686336517, 7.57675504684, 7.16036748886, 10.075753212, 18.1622886658, 26.5946617126, 24.0326690674, 22.6813907623, 36.2440986633, 37.48229599, 58.7929573059, 57.4075584412, 54.6832122803, 38.9562225342, 32.9594993591, 35.0325927734, 32.6640129089, 25.508348465, 26.5079650879, 26.1752758026, 19.8997840881, 16.2542171478, 19.0495834351, 16.5036010742, 9.52316188812, 5.48487377167, 2.97714495659, 1.62384259701, 0.944669008255, 0.469851285219, 0.186773359776, 0.0578401088715, 0.00750589929521, 0.000376775715267], "median": [0.0548743754625, 0.735454559326, 1.67963385582, 4.0147485733, 3.63835167885, 3.07862257957, 3.20271730423, 3.98176956177, 3.54565167427, 5.2199306488, 6.25604152679, 8.23440933228, 8.82434558868, 6.79475307465, 10.4408874512, 12.5829181671, 18.1529598236, 22.5823860168, 21.3130912781, 19.1272697449, 20.2516098022, 23.1989784241, 23.3051891327, 17.2810668945, 18.4181900024, 14.0367145538, 9.4083404541, 7.13439130783, 7.17247390747, 4.87605428696, 2.52825903893, 1.60263991356, 0.810625910759, 0.444496810436, 0.247963935137, 0.108529999852, 0.0289222076535, 0.00548342149705, 0.000629595248029, 6.95614799042e-05], "min": [1.12985404633e-22, 6.07367159264e-22, 2.01507518203e-21, 6.26444113115e-21, 9.2306570895e-21, 2.05764957846e-20, 4.74657658168e-20, 3.10328374403e-20, 1.44230765896e-19, 1.40597736947e-19, 2.53835415309e-19, 4.81847596063e-19, 5.64383108897e-19, 8.03432050371e-19, 1.09829919128e-18, 1.53577806006e-18, 1.13261229745e-18, 1.60141804699e-18, 2.23713126655e-18, 2.93703752736e-18, 2.70731375482e-18, 3.94309512019e-18, 4.79055530624e-18, 5.23723697292e-18, 7.97453478417e-18, 7.06184685734e-18, 9.08196584262e-18, 1.15260140647e-17, 1.18172643583e-17, 1.20190964278e-17, 1.16235121891e-17, 1.13388313638e-17, 9.4811946391e-18, 8.27545068331e-18, 6.74853358877e-18, 4.30720348223e-18, 2.46981924081e-18, 9.84001545586e-19, 2.5844627514e-19, 2.86104034735e-20], "var": [0.0429150685668, 1.74788224697, 18.6782035828, 73.4398193359, 113.194618225, 42.3655509949, 55.9777984619, 126.802871704, 213.547897339, 296.814910889, 2000.16638184, 3895.67211914, 2448.04541016, 2469.9621582, 5893.90527344, 6623.35644531, 12697.5068359, 8877.90136719, 9331.98535156, 4396.44287109, 1797.26940918, 1595.77490234, 1194.52380371, 797.856872559, 838.869628906, 1294.83276367, 702.865661621, 654.244873047, 952.899780273, 769.380126953, 269.336181641, 83.8098983765, 24.6078605652, 8.19983005524, 3.22154474258, 0.721815228462, 0.131641507149, 0.0149741526693, 0.000247248710366, 5.26415647073e-07]}, "erbbands_crest": {"dmean": 2.31244254112, "dmean2": 3.77733659744, "dvar": 6.04432535172, "dvar2": 15.014081955, "max": 31.8992557526, "mean": 7.52155399323, "median": 6.40677690506, "min": 2.18820476532, "var": 15.4251127243}, "erbbands_flatness_db": {"dmean": 0.0172146204859, "dmean2": 0.0245602186769, "dvar": 0.000316907506203, "dvar2": 0.000590724288486, "max": 0.328631609678, "mean": 0.133873850107, "median": 0.130403190851, "min": 0.0252398364246, "var": 0.00191988621373}, "erbbands_kurtosis": {"dmean": 0.841028690338, "dmean2": 1.33974981308, "dvar": 1.56075918674, "dvar2": 3.93629002571, "max": 35.148815155, "mean": 0.481194257736, "median": 0.0757291316986, "min": -1.86755919456, "var": 2.95303344727}, "erbbands_skewness": {"dmean": 0.313664793968, "dmean2": 0.479465425014, "dvar": 0.0902452394366, "dvar2": 0.201050072908, "max": 3.28804373741, "mean": -0.259872019291, "median": -0.300943434238, "min": -3.78907442093, "var": 0.485743999481}, "erbbands_spread": {"dmean": 8.7717294693, "dmean2": 13.4194583893, "dvar": 84.748046875, "dvar2": 186.793014526, "max": 136.698989868, "mean": 39.6950569153, "median": 35.9111938477, "min": 2.98697948456, "var": 376.218414307}, "gfcc": {"cov": [[24939.3828125, -632.357727051, -927.534667969, 136.394989014, -870.352600098, 885.657836914, -151.95690918, 55.0784797668, -436.835784912, -18.0370445251, -467.099456787, -17.9772014618, -343.112213135], [-632.357727051, 1831.2989502, -593.554504395, 217.477005005, 293.925445557, -128.519454956, 100.618629456, 88.2490692139, 120.253372192, -34.2134399414, 149.662643433, -52.2774734497, 83.0855255127], [-927.534667969, -593.554504395, 982.057250977, 61.7614631653, 20.909860611, 39.270980835, -17.6334877014, -57.2028694153, 10.3528337479, 3.63624572754, -10.4576978683, 59.052154541, -35.5876235962], [136.394989014, 217.477005005, 61.7614631653, 350.092254639, 32.6720046997, -46.2744178772, -32.7094726562, -16.0597438812, 41.967956543, -12.1762685776, 14.56254673, -6.74605131149, 12.4701681137], [-870.352600098, 293.925445557, 20.909860611, 32.6720046997, 284.447143555, -49.6130142212, 47.0336074829, 32.8087310791, 43.9738693237, 18.8153800964, 33.2843971252, 1.28760361671, 27.4989948273], [885.657836914, -128.519454956, 39.270980835, -46.2744178772, -49.6130142212, 382.397064209, 105.217170715, 32.8515739441, -50.1986465454, 5.79907560349, -29.404291153, 8.71104240417, -8.10344982147], [-151.95690918, 100.618629456, -17.6334877014, -32.7094726562, 47.0336074829, 105.217170715, 162.435058594, 47.615196228, 6.38853263855, -6.44836854935, 0.962262332439, -1.83193862438, -2.1259868145], [55.0784797668, 88.2490692139, -57.2028694153, -16.0597438812, 32.8087310791, 32.8515739441, 47.615196228, 115.618766785, 34.8899154663, 12.6408233643, -10.2878913879, -13.9553604126, 4.89453458786], [-436.835784912, 120.253372192, 10.3528337479, 41.967956543, 43.9738693237, -50.1986465454, 6.38853263855, 34.8899154663, 100.761070251, 19.9043922424, 13.8745346069, -12.2325115204, 10.2358865738], [-18.0370445251, -34.2134399414, 3.63624572754, -12.1762685776, 18.8153800964, 5.79907560349, -6.44836854935, 12.6408233643, 19.9043922424, 68.6726303101, 19.7974624634, 7.5365023613, 1.36878442764], [-467.099456787, 149.662643433, -10.4576978683, 14.56254673, 33.2843971252, -29.404291153, 0.962262332439, -10.2878913879, 13.8745346069, 19.7974624634, 84.8737792969, 24.8864517212, 16.5567703247], [-17.9772014618, -52.2774734497, 59.052154541, -6.74605131149, 1.28760361671, 8.71104240417, -1.83193862438, -13.9553604126, -12.2325115204, 7.5365023613, 24.8864517212, 62.0668945312, 17.2778739929], [-343.112213135, 83.0855255127, -35.5876235962, 12.4701681137, 27.4989948273, -8.10344982147, -2.1259868145, 4.89453458786, 10.2358865738, 1.36878442764, 16.5567703247, 17.2778739929, 60.3354568481]], "icov": [[6.89240841893e-05, -4.91171558679e-05, 8.04970841273e-05, -9.55408977461e-05, 0.000123401987366, -0.000140714997542, 0.000150188076077, -8.3091261331e-05, 0.000177025664016, -0.000160766474437, 0.000406991021009, -0.000331274117343, 0.000420504162321], [-4.91171558679e-05, 0.00143924029544, 0.000728689250536, -0.000629471091088, -0.00109393277671, 8.45870745252e-05, -0.000512204540428, -0.000299565406749, -0.000837927218527, 0.00174614181742, -0.00268470589072, 0.0012607293902, -0.00070691172732], [8.04970841273e-05, 0.000728689250536, 0.0017987457104, -0.000695753959008, -0.000739071809221, -0.000466833473183, 0.000152692722622, 0.000399889046093, -0.000968836655375, 0.000831303768791, -0.000190771766938, -0.00162708060816, 0.00156994687859], [-9.55408977461e-05, -0.000629471091088, -0.000695753959008, 0.00376215344295, 9.00365012058e-06, 1.06851221062e-05, 0.000802785914857, 0.000851843506098, -0.00148038333282, 0.000653592462186, 3.23839303746e-05, 0.000577939150389, -0.000845990492962], [0.000123401987366, -0.00109393277671, -0.000739071809221, 9.00365012058e-06, 0.00551941338927, 0.000768890313338, -0.00135679892264, -0.000587709422689, 0.000527443364263, -0.00255158194341, 0.00138555746526, -0.000461282441393, -0.000921774248127], [-0.000140714997542, 8.45870745252e-05, -0.000466833473183, 1.06851221062e-05, 0.000768890313338, 0.00433369027451, -0.00322599336505, -0.000651267764624, 0.00204254244454, -0.00144012377132, 0.000339744117809, 0.000488336721901, -0.00157040113118], [0.000150188076077, -0.000512204540428, 0.000152692722622, 0.000802785914857, -0.00135679892264, -0.00322599336505, 0.0102119464427, -0.00271993246861, -0.00073399709072, 0.00232628406957, 6.04886663496e-05, -0.00148651713971, 0.00272998237051], [-8.3091261331e-05, -0.000299565406749, 0.000399889046093, 0.000851843506098, -0.000587709422689, -0.000651267764624, -0.00271993246861, 0.0126556223258, -0.00442784233019, -0.00197813217528, 0.00268418132327, 0.00091452349443, -0.00114469171967], [0.000177025664016, -0.000837927218527, -0.000968836655375, -0.00148038333282, 0.000527443364263, 0.00204254244454, -0.00073399709072, -0.00442784233019, 0.0162093192339, -0.00529881427065, 0.000593594217207, 0.00275911320932, -0.00132033263799], [-0.000160766474437, 0.00174614181742, 0.000831303768791, 0.000653592462186, -0.00255158194341, -0.00144012377132, 0.00232628406957, -0.00197813217528, -0.00529881427065, 0.0206493325531, -0.00783526618034, -6.25654502073e-05, 0.000846908369567], [0.000406991021009, -0.00268470589072, -0.000190771766938, 3.23839303746e-05, 0.00138555746526, 0.000339744117809, 6.04886663496e-05, 0.00268418132327, 0.000593594217207, -0.00783526618034, 0.0229644645005, -0.0100548416376, 0.00174542504828], [-0.000331274117343, 0.0012607293902, -0.00162708060816, 0.000577939150389, -0.000461282441393, 0.000488336721901, -0.00148651713971, 0.00091452349443, 0.00275911320932, -6.25654502073e-05, -0.0100548416376, 0.0260817501694, -0.00972621701658], [0.000420504162321, -0.00070691172732, 0.00156994687859, -0.000845990492962, -0.000921774248127, -0.00157040113118, 0.00272998237051, -0.00114469171967, -0.00132033263799, 0.000846908369567, 0.00174542504828, -0.00972621701658, 0.0239489153028]], "mean": [5.1192574501, 63.4450759888, -116.346549988, 39.8497314453, -41.3909416199, 14.0417890549, -29.6688041687, 3.32410740852, -20.959985733, 2.11643409729, -17.3025341034, -1.30421185493, -16.0952148438]}, "hfc": {"dmean": 11.3394556046, "dmean2": 16.7834186554, "dvar": 335.465942383, "dvar2": 781.239074707, "max": 205.394760132, "mean": 32.2659378052, "median": 25.7348899841, "min": 1.09722166445e-16, "var": 812.898193359}, "melbands": {"dmean": [0.000823268957902, 0.000979498378001, 0.000895791512448, 0.000298773113173, 0.000125708960695, 0.000117547075206, 7.80234186095e-05, 7.60147668188e-05, 0.000108725340397, 0.00010035532614, 7.34966379241e-05, 6.06394096394e-05, 7.83999857958e-05, 5.54170510441e-05, 6.75762494211e-05, 6.91371315042e-05, 6.492909597e-05, 5.78202816541e-05, 3.02409080177e-05, 2.65787439275e-05, 1.99609476113e-05, 1.90607097466e-05, 1.96496694116e-05, 1.59937044373e-05, 1.22023402582e-05, 1.16486362458e-05, 1.15756993182e-05, 9.21287210076e-06, 7.05599586581e-06, 6.53951701679e-06, 6.01890724283e-06, 7.12217479304e-06, 6.91939612807e-06, 5.19840205015e-06, 3.52217330146e-06, 2.4733351438e-06, 1.920684781e-06, 1.31934893943e-06, 8.7559703843e-07, 7.62123192999e-07], "dmean2": [0.00131629919633, 0.00166656717192, 0.00146804796532, 0.000500502821524, 0.000210577025427, 0.000198356909095, 0.000131732580485, 0.000121316894365, 0.000170576502569, 0.000158939335961, 0.000117738694826, 9.81887424132e-05, 0.000126495811855, 8.77219208633e-05, 0.000109458953375, 0.000111882480269, 0.000106045605207, 9.33831761358e-05, 4.86487078888e-05, 4.2950759962e-05, 3.23632084474e-05, 3.09327806463e-05, 3.20574799844e-05, 2.63068832282e-05, 2.00642771233e-05, 1.93891210074e-05, 1.95642933249e-05, 1.53451492224e-05, 1.13560581667e-05, 1.07847681647e-05, 9.90378703136e-06, 1.17657318697e-05, 1.11425060823e-05, 8.12987036625e-06, 5.40703695151e-06, 3.95179677071e-06, 3.04890409097e-06, 2.01383681997e-06, 1.32459342694e-06, 1.12225632165e-06], "dvar": [2.64249774773e-06, 4.27203303843e-06, 2.20251808969e-06, 3.01736008623e-07, 5.1825018943e-08, 6.26900060752e-08, 3.78729971828e-08, 3.14369081877e-08, 9.22012119986e-08, 5.75408449777e-08, 3.51261064679e-08, 2.87353056905e-08, 3.80854707771e-08, 1.77859185158e-08, 2.4195818682e-08, 2.59591566021e-08, 1.83097910167e-08, 1.73500183109e-08, 4.34538538485e-09, 3.01802338676e-09, 1.19963783352e-09, 8.13068945504e-10, 9.70428404301e-10, 5.83813997146e-10, 4.12008371864e-10, 3.82905762653e-10, 4.00547095492e-10, 3.06605046907e-10, 1.58325810795e-10, 2.1823146068e-10, 2.01210853534e-10, 2.40583719613e-10, 2.55264254179e-10, 1.32198460512e-10, 6.37886618526e-11, 3.66611047076e-11, 1.96079402714e-11, 8.8761125186e-12, 4.46185970115e-12, 3.29299565047e-12], "dvar2": [6.12157145952e-06, 1.13381647679e-05, 5.43664555153e-06, 7.33774811579e-07, 1.39376652442e-07, 1.70642039166e-07, 1.04004683976e-07, 7.80258062605e-08, 2.29126328577e-07, 1.3907518337e-07, 8.82296191662e-08, 7.61429319596e-08, 9.58881187785e-08, 4.3097529101e-08, 6.30090113418e-08, 6.86138506012e-08, 4.88808318266e-08, 4.41227676617e-08, 1.10834301736e-08, 7.68383756622e-09, 3.02508817995e-09, 2.04535033355e-09, 2.44640419034e-09, 1.48796985844e-09, 1.07484188216e-09, 1.03216757363e-09, 1.09681452809e-09, 8.17637402228e-10, 4.00281863211e-10, 5.87443038658e-10, 5.42117795099e-10, 6.43597730665e-10, 6.58926857522e-10, 3.21334486797e-10, 1.55035539962e-10, 9.71790148352e-11, 5.03298687449e-11, 2.16046052576e-11, 1.08072934282e-11, 7.34496231197e-12], "max": [0.0211298819631, 0.0237929858267, 0.0139205632731, 0.00646705366671, 0.00344942021184, 0.0039172670804, 0.00458216946572, 0.00527402712032, 0.00743187591434, 0.00674488954246, 0.00468236161396, 0.00416952138767, 0.00374673726037, 0.00303955050185, 0.00389829301275, 0.00496735423803, 0.0034963900689, 0.00296359136701, 0.00159855140373, 0.00152048305608, 0.000693166686688, 0.000457698450191, 0.00097817229107, 0.000369750108803, 0.000298364408081, 0.000353857671143, 0.000283265282633, 0.000294340046821, 0.000233041937463, 0.000245772593189, 0.000238894557697, 0.000324451597407, 0.000262216664851, 0.000152318447363, 0.000124104961287, 8.06260795798e-05, 5.88621587667e-05, 4.37830822193e-05, 5.39452958037e-05, 4.04530837841e-05], "mean": [0.00119714660104, 0.00151315727271, 0.00121627445333, 0.000415758404415, 0.000201210554224, 0.000169946622918, 0.000104636033939, 0.000116249131679, 0.000163610704476, 0.000158747119713, 0.000116035429528, 8.6823500169e-05, 0.000120055497973, 9.19644226087e-05, 0.000111882807687, 0.0001167756418, 0.000109667780634, 9.60475954344e-05, 5.22282098245e-05, 4.88352961838e-05, 3.6863162677e-05, 3.58689758286e-05, 3.60087251465e-05, 2.68252788374e-05, 1.94101667148e-05, 1.91306171473e-05, 1.93389969354e-05, 1.65189449035e-05, 1.28191250042e-05, 1.04833961814e-05, 9.10732433113e-06, 1.05809003799e-05, 1.07696496343e-05, 8.5907522589e-06, 5.80350024393e-06, 3.90127115679e-06, 3.13475015901e-06, 2.21867048822e-06, 1.51533492954e-06, 1.33046785322e-06], "median": [0.000709568383172, 0.00105541595258, 0.000735993729904, 0.00024616724113, 0.000126912462292, 9.23191182665e-05, 5.14099519933e-05, 5.60394873901e-05, 5.09867168148e-05, 4.91981409141e-05, 3.77175638278e-05, 2.26302072406e-05, 3.08600137942e-05, 2.84187881334e-05, 3.48113389919e-05, 3.43911015079e-05, 3.73757611669e-05, 3.21049556078e-05, 2.19470275624e-05, 2.47350599238e-05, 2.14156534639e-05, 2.22052585741e-05, 2.29235265579e-05, 1.78140471689e-05, 1.20992945085e-05, 1.27835692183e-05, 1.17315303214e-05, 8.21599496703e-06, 6.0250495153e-06, 4.44853685622e-06, 3.70459702026e-06, 4.03532476412e-06, 3.40577162206e-06, 2.32290813074e-06, 1.45854505718e-06, 1.09830364181e-06, 8.81831851984e-07, 5.75626700083e-07, 4.2543985046e-07, 3.45278067471e-07], "min": [1.02041209129e-24, 1.53741663882e-24, 1.5600051778e-24, 8.27188698377e-25, 1.78631438315e-24, 5.76289170193e-25, 2.01796338797e-24, 1.64522986431e-24, 2.27327467007e-24, 2.6339517367e-24, 2.99784084772e-24, 3.44307177326e-24, 3.41911091212e-24, 2.96427876051e-24, 2.33827108942e-24, 2.76326694388e-24, 2.57583240951e-24, 2.69983424406e-24, 3.43013208783e-24, 3.66315292176e-24, 3.2924490386e-24, 3.48541348792e-24, 4.55284050586e-24, 3.84011651091e-24, 3.11802144005e-24, 3.84167214461e-24, 3.96991962856e-24, 4.59982111707e-24, 4.88128116603e-24, 5.59469028668e-24, 6.74345123054e-24, 4.70328101365e-24, 5.77469532905e-24, 6.08637585042e-24, 5.69764570671e-24, 5.8978475604e-24, 6.13276757697e-24, 5.73989433578e-24, 6.16270405946e-24, 5.25757649529e-24], "var": [3.00475448967e-06, 4.03422473028e-06, 2.3986508495e-06, 3.25697072867e-07, 6.2604094353e-08, 6.3221399671e-08, 4.42907435172e-08, 4.72921648509e-08, 1.60616949074e-07, 1.29818332084e-07, 6.21878157858e-08, 4.20671995016e-08, 7.41712398167e-08, 3.90756085267e-08, 4.75395722788e-08, 5.03680155362e-08, 3.99343207391e-08, 3.51362778872e-08, 8.24221935147e-09, 6.3708589515e-09, 2.41984632332e-09, 1.88948301449e-09, 2.37809638648e-09, 9.71186242538e-10, 5.37241362508e-10, 4.8243481432e-10, 5.63400270881e-10, 5.69724711852e-10, 3.04609726332e-10, 2.64850336107e-10, 2.30048119443e-10, 2.97600943888e-10, 3.489650513e-10, 2.15553783156e-10, 1.03719657862e-10, 4.74583740362e-11, 2.8216668585e-11, 1.43687110821e-11, 6.92137579889e-12, 5.93272219546e-12]}, "melbands_crest": {"dmean": 3.26000928879, "dmean2": 5.35644340515, "dvar": 9.04280757904, "dvar2": 22.7596817017, "max": 35.7592163086, "mean": 12.5975780487, "median": 11.9559745789, "min": 1.63389599323, "var": 23.8421287537}, "melbands_flatness_db": {"dmean": 0.0253728535026, "dmean2": 0.0392042174935, "dvar": 0.000756500579882, "dvar2": 0.00162528653163, "max": 0.545591115952, "mean": 0.152379095554, "median": 0.139809042215, "min": 0.0033910733182, "var": 0.00462050829083}, "melbands_kurtosis": {"dmean": 5.47559928894, "dmean2": 8.64560699463, "dvar": 175.897018433, "dvar2": 447.946014404, "max": 458.731719971, "mean": 9.71522045135, "median": 3.19865727425, "min": -1.82260620594, "var": 433.015869141}, "melbands_skewness": {"dmean": 0.706518650055, "dmean2": 1.08918249607, "dvar": 0.598150849342, "dvar2": 1.41015815735, "max": 17.6852321625, "mean": 2.26143026352, "median": 1.88148593903, "min": -1.28306519985, "var": 3.04982328415}, "melbands_spread": {"dmean": 10.6694917679, "dmean2": 16.8488540649, "dvar": 131.952819824, "dvar2": 311.905029297, "max": 194.271972656, "mean": 41.1291046143, "median": 40.1026687622, "min": 0.508864283562, "var": 525.992736816}, "mfcc": {"cov": [[13020.7578125, 1.88894510269, -33.2100944519, -336.309875488, -422.495635986, 487.653503418, 144.753204346, 203.699737549, 73.7715988159, 72.8167877197, 20.3674526215, -77.1679840088, -226.937088013], [1.88894510269, 1418.09985352, -450.139312744, 246.034729004, 134.47102356, -11.0265369415, 84.0529327393, 80.1122207642, 42.3934783936, 37.9988059998, 71.6683807373, 63.6969871521, 39.9630126953], [-33.2100944519, -450.139312744, 689.77746582, 33.4585990906, 30.7685127258, 90.6778945923, -29.7692203522, 7.88843917847, -39.7967910767, -37.8887901306, -12.8884544373, -5.89036607742, -9.14596748352], [-336.309875488, 246.034729004, 33.4585990906, 402.319488525, 137.421142578, -49.0160560608, -71.1008911133, -20.9521160126, -10.5080442429, 2.99148583412, -9.02208423615, 15.3519258499, 41.3835067749], [-422.495635986, 134.47102356, 30.7685127258, 137.421142578, 197.223526001, -6.34215497971, -16.5035228729, -17.1145038605, 6.1423201561, 7.77940750122, -0.537738263607, 6.40610361099, 29.3275756836], [487.653503418, -11.0265369415, 90.6778945923, -49.0160560608, -6.34215497971, 210.101287842, 88.0231933594, 53.1606369019, 25.2135658264, -6.31537866592, 16.2887573242, 15.6043357849, -19.1097049713], [144.753204346, 84.0529327393, -29.7692203522, -71.1008911133, -16.5035228729, 88.0231933594, 151.355285645, 63.9282455444, 29.6747970581, 2.90728235245, 18.6076068878, 18.9154968262, -4.7713508606], [203.699737549, 80.1122207642, 7.88843917847, -20.9521160126, -17.1145038605, 53.1606369019, 63.9282455444, 110.282440186, 46.4135169983, 16.7815933228, 18.2386608124, 9.19821929932, -8.22375392914], [73.7715988159, 42.3934783936, -39.7967910767, -10.5080442429, 6.1423201561, 25.2135658264, 29.6747970581, 46.4135169983, 104.351707458, 46.7836608887, 11.1783866882, 6.64202260971, -4.24351930618], [72.8167877197, 37.9988059998, -37.8887901306, 2.99148583412, 7.77940750122, -6.31537866592, 2.90728235245, 16.7815933228, 46.7836608887, 79.6571350098, 26.475189209, 4.16533184052, -5.33323335648], [20.3674526215, 71.6683807373, -12.8884544373, -9.02208423615, -0.537738263607, 16.2887573242, 18.6076068878, 18.2386608124, 11.1783866882, 26.475189209, 66.582572937, 23.1786594391, -0.940828204155], [-77.1679840088, 63.6969871521, -5.89036607742, 15.3519258499, 6.40610361099, 15.6043357849, 18.9154968262, 9.19821929932, 6.64202260971, 4.16533184052, 23.1786594391, 59.0817680359, 22.7539253235], [-226.937088013, 39.9630126953, -9.14596748352, 41.3835067749, 29.3275756836, -19.1097049713, -4.7713508606, -8.22375392914, -4.24351930618, -5.33323335648, -0.940828204155, 22.7539253235, 61.0683746338]], "icov": [[9.68192252913e-05, -2.64803456957e-05, 1.90340033441e-05, -4.77827052237e-06, 0.000196552195121, -0.000265301059699, 0.000105632403574, -7.89740661276e-05, 6.79802396917e-05, -0.000154743698658, 7.95788946562e-05, 9.57379670581e-05, 0.000160179493832], [-2.64803456957e-05, 0.00135727133602, 0.000954048591666, -0.00083344313316, -0.000707902596332, 6.68848442729e-05, -0.000514324638061, -0.000989665044472, 0.000363881874364, 0.000315092940582, -0.000983708188869, -0.000542708381545, 0.000148370600073], [1.90340033441e-05, 0.000954048591666, 0.00241953181103, -0.000606750021689, -0.00075233343523, -0.00117710069753, 0.000717649119906, -0.00137567101046, 0.00104660051875, 0.00051880418323, -0.000452264794149, -0.00032665085746, 0.000316490710247], [-4.77827052237e-06, -0.00083344313316, -0.000606750021689, 0.00425901543349, -0.00198217877187, 0.000239626402617, 0.00203561293893, -0.00039012148045, 0.000252704689046, -0.000400103250286, 0.00119966710918, -0.000792365754023, -0.00101962918416], [0.000196552195121, -0.000707902596332, -0.00075233343523, -0.00198217877187, 0.00794377177954, -0.000995252165012, -0.000344574713381, 0.00204744073562, -0.00113641971257, -0.00100450403988, 0.000106809296994, 0.00167310761753, -0.00224178796634], [-0.000265301059699, 6.68848442729e-05, -0.00117710069753, 0.000239626402617, -0.000995252165012, 0.00834761559963, -0.00399550423026, -0.000532448291779, -0.00148099823855, 0.00205869716592, -0.000907223322429, -0.00174568942748, 0.00205125589855], [0.000105632403574, -0.000514324638061, 0.000717649119906, 0.00203561293893, -0.000344574713381, -0.00399550423026, 0.0123858172446, -0.00479986192659, -4.26030419476e-05, 0.000741510069929, 7.25778227206e-05, -0.00173674710095, -0.000596291327383], [-7.89740661276e-05, -0.000989665044472, -0.00137567101046, -0.00039012148045, 0.00204744073562, -0.000532448291779, -0.00479986192659, 0.0159322693944, -0.00591063546017, 0.000468785670819, -0.0016823799815, 0.00110789353494, 0.000224615912884], [6.79802396917e-05, 0.000363881874364, 0.00104660051875, 0.000252704689046, -0.00113641971257, -0.00148099823855, -4.26030419476e-05, -0.00591063546017, 0.0168307218701, -0.00936676096171, 0.00318866292946, -0.00137478637043, 0.000195912347408], [-0.000154743698658, 0.000315092940582, 0.00051880418323, -0.000400103250286, -0.00100450403988, 0.00205869716592, 0.000741510069929, 0.000468785670819, -0.00936676096171, 0.0212565623224, -0.00834549125284, 0.00113064225297, 0.00147093145642], [7.95788946562e-05, -0.000983708188869, -0.000452264794149, 0.00119966710918, 0.000106809296994, -0.000907223322429, 7.25778227206e-05, -0.0016823799815, 0.00318866292946, -0.00834549125284, 0.0224789027125, -0.00824399944395, 0.00241344142705], [9.57379670581e-05, -0.000542708381545, -0.00032665085746, -0.000792365754023, 0.00167310761753, -0.00174568942748, -0.00173674710095, 0.00110789353494, -0.00137478637043, 0.00113064225297, -0.00824399944395, 0.025548087433, -0.00978026166558], [0.000160179493832, 0.000148370600073, 0.000316490710247, -0.00101962918416, -0.00224178796634, 0.00205125589855, -0.000596291327383, 0.000224615912884, 0.000195912347408, 0.00147093145642, 0.00241344142705, -0.00978026166558, 0.0231371000409]], "mean": [-630.658935547, 94.8829879761, -9.94158649445, 30.3479709625, 8.61745834351, 15.2009382248, 1.96049880981, 5.9926815033, -1.11484837532, 3.06937432289, 2.54609704018, -0.162557661533, -1.90879976749]}, "pitch_salience": {"dmean": 0.0675797313452, "dmean2": 0.111435204744, "dvar": 0.00379585428163, "dvar2": 0.0101267136633, "max": 0.898817002773, "mean": 0.573897182941, "median": 0.576109528542, "min": 0.111369170249, "var": 0.0100014703348}, "silence_rate_20dB": {"dmean": 0, "dmean2": 0, "dvar": 0, "dvar2": 0, "max": 1, "mean": 1, "median": 1, "min": 1, "var": 0}, "silence_rate_30dB": {"dmean": 0, "dmean2": 0, "dvar": 0, "dvar2": 0, "max": 1, "mean": 1, "median": 1, "min": 1, "var": 0}, "silence_rate_60dB": {"dmean": 0.0134777380154, "dmean2": 0.0269576385617, "dvar": 0.0132960882038, "dvar2": 0.0307238642126, "max": 1, "mean": 0.0905663371086, "median": 0, "min": 0, "var": 0.0823640748858}, "spectral_centroid": {"dmean": 286.590484619, "dmean2": 454.4793396, "dvar": 100150.101562, "dvar2": 234609.90625, "max": 11746.1923828, "mean": 2041.36572266, "median": 2027.36730957, "min": 137.842315674, "var": 890895.625}, "spectral_complexity": {"dmean": 5.24845552444, "dmean2": 7.6213092804, "dvar": 35.7361831665, "dvar2": 69.8976745605, "max": 58, "mean": 24.6520938873, "median": 26, "min": 0, "var": 181.795776367}, "spectral_contrast_coeffs": {"dmean": [0.0521544888616, 0.0457667782903, 0.0399851948023, 0.0329945981503, 0.0227830894291, 0.0206039361656], "dmean2": [0.0851879864931, 0.0754741281271, 0.0644738897681, 0.0531867556274, 0.0365365631878, 0.032431833446], "dvar": [0.00219940161332, 0.00143387448043, 0.00111870339606, 0.000756518333219, 0.00036723955418, 0.000422213663114], "dvar2": [0.0055426992476, 0.00379893160425, 0.00277344649658, 0.00186959037092, 0.000894366763532, 0.000964070379268], "max": [-0.331114053726, -0.374258100986, -0.44924595952, -0.461561590433, -0.601503551006, -0.569317817688], "mean": [-0.670167446136, -0.750146985054, -0.767322897911, -0.766707479954, -0.787416696548, -0.740923643112], "median": [-0.673051714897, -0.751758575439, -0.771988749504, -0.768972992897, -0.786712169647, -0.739125907421], "min": [-0.975394010544, -0.984721362591, -0.975210666656, -0.968274772167, -0.967728376389, -0.96578091383], "var": [0.00620188005269, 0.00454239174724, 0.00635684700683, 0.00417405273765, 0.00187156081665, 0.0020288520027]}, "spectral_contrast_valleys": {"dmean": [0.40035495162, 0.407072097063, 0.352254033089, 0.309143543243, 0.314443171024, 0.354413688183], "dmean2": [0.630565464497, 0.646013975143, 0.543068826199, 0.475743234158, 0.459299504757, 0.46086037159], "dvar": [0.147108986974, 0.157566338778, 0.123341232538, 0.105234198272, 0.159256950021, 0.261143773794], "dvar2": [0.30804553628, 0.341531902552, 0.251049280167, 0.20702496171, 0.324262201786, 0.488703280687], "max": [-5.35836982727, -4.93486261368, -5.29169511795, -5.63968420029, -5.33702135086, -7.55271148682], "mean": [-7.38315677643, -7.22107839584, -7.64553833008, -7.58854532242, -7.29641056061, -10.0217618942], "median": [-6.91588878632, -6.88243436813, -7.26593971252, -7.20589542389, -6.90231609344, -9.64624786377], "min": [-28.4721832275, -28.2401599884, -27.8006458282, -27.7242622375, -27.5319461823, -27.3895320892], "var": [4.20457410812, 3.92844033241, 3.97710895538, 3.89335870743, 3.96289777756, 4.07720327377]}, "spectral_decrease": {"dmean": 2.19944906732e-09, "dmean2": 3.3834208768e-09, "dvar": 9.18485387593e-18, "dvar2": 2.05497538368e-17, "max": 2.14503986452e-28, "mean": -5.89049742317e-09, "median": -5.19388976272e-09, "min": -2.90803097158e-08, "var": 1.75175826808e-17}, "spectral_energy": {"dmean": 0.00911826919764, "dmean2": 0.0138857942075, "dvar": 0.000153677901835, "dvar2": 0.000345621578163, "max": 0.115108788013, "mean": 0.0251587219536, "median": 0.0223173946142, "min": 1.0200494046e-20, "var": 0.000308564864099}, "spectral_energyband_high": {"dmean": 0.00102612480987, "dmean2": 0.00152496399824, "dvar": 4.49639765066e-06, "dvar2": 1.07620007839e-05, "max": 0.022385103628, "mean": 0.00209285854362, "median": 0.000903900479898, "min": 7.22519889183e-21, "var": 8.33924514154e-06}, "spectral_energyband_low": {"dmean": 0.0049199317582, "dmean2": 0.00788579788059, "dvar": 7.96824169811e-05, "dvar2": 0.000180300674401, "max": 0.0919963270426, "mean": 0.00886682141572, "median": 0.00647691916674, "min": 2.25000958425e-23, "var": 0.000103008802398}, "spectral_energyband_middle_high": {"dmean": 0.00264616077766, "dmean2": 0.00405655847862, "dvar": 1.19689339044e-05, "dvar2": 2.86821687041e-05, "max": 0.0463082045317, "mean": 0.0080787492916, "median": 0.00571642722934, "min": 1.08483485256e-21, "var": 6.09652233834e-05}, "spectral_energyband_middle_low": {"dmean": 0.00389700522646, "dmean2": 0.00621629552916, "dvar": 3.46183187503e-05, "dvar2": 7.90289050201e-05, "max": 0.0586377345026, "mean": 0.007667244412, "median": 0.00574784353375, "min": 1.11421528909e-22, "var": 5.27206793777e-05}, "spectral_entropy": {"dmean": 0.12941172719, "dmean2": 0.18744918704, "dvar": 0.0272665694356, "dvar2": 0.0506846830249, "max": 9.82209682465, "mean": 7.89566373825, "median": 7.90878677368, "min": 5.62344360352, "var": 0.154810220003}, "spectral_flux": {"dmean": 0.0253379177302, "dmean2": 0.038827765733, "dvar": 0.000971457047854, "dvar2": 0.00202969461679, "max": 0.293204337358, "mean": 0.0861808955669, "median": 0.0818744078279, "min": 6.44915371106e-11, "var": 0.00233516329899}, "spectral_kurtosis": {"dmean": 1.25760233402, "dmean2": 2.08907604218, "dvar": 3.97684669495, "dvar2": 11.1696472168, "max": 55.8046875, "mean": 3.77747511864, "median": 3.21125555038, "min": -1.28134763241, "var": 7.70826721191}, "spectral_rms": {"dmean": 0.000836604391225, "dmean2": 0.00124582159333, "dvar": 1.03799925455e-06, "dvar2": 2.20382844418e-06, "max": 0.0105972290039, "mean": 0.00456350529566, "median": 0.00466616172343, "min": 3.15463172078e-12, "var": 3.7195115965e-06}, "spectral_rolloff": {"dmean": 746.570739746, "dmean2": 1165.11657715, "dvar": 1137766, "dvar2": 2214714.5, "max": 19616.7480469, "mean": 2735.42504883, "median": 2239.453125, "min": 21.533203125, "var": 5060954.5}, "spectral_skewness": {"dmean": 0.197485163808, "dmean2": 0.317920386791, "dvar": 0.0604232847691, "dvar2": 0.157561406493, "max": 5.811606884, "mean": 1.26708650589, "median": 1.23983228207, "min": -0.124414227903, "var": 0.153907939792}, "spectral_spread": {"dmean": 544921.75, "dmean2": 726948.1875, "dvar": 594001461248, "dvar2": 1037583712260.0, "max": 43553432, "mean": 4977301, "median": 4454832, "min": 1410666.5, "var": 10643696517100.0}, "spectral_strongpeak": {"dmean":