{"lowlevel": {"average_loudness": 0.706788659096, "barkbands": {"dmean": [0.000151095489855, 0.00131670641713, 0.000883165048435, 0.000806932745036, 0.00147144321818, 0.00154326856136, 0.00145057402551, 0.00102901586797, 0.0010008282261, 0.00113827874884, 0.000444841774879, 0.000443088851171, 0.000389411405195, 0.000474198663142, 0.000221131471335, 0.00025759570417, 0.00031503601349, 0.000164706230862, 0.00016064196825, 8.87658607098e-05, 5.49288743059e-05, 5.46042829228e-05, 5.20345929544e-05, 3.10350260406e-05, 1.53737601067e-05, 1.11998724606e-05, 5.63807361686e-06], "dmean2": [0.000242215915932, 0.00208690902218, 0.00151140673552, 0.0013286647154, 0.00241985218599, 0.00244178739376, 0.00234446884133, 0.00165543879848, 0.00157497066539, 0.00174811901525, 0.000697399431374, 0.000705136160832, 0.000622613879386, 0.000757825793698, 0.000347742345184, 0.000411477987655, 0.000511361693498, 0.000266958872089, 0.000255980499787, 0.000140891163028, 8.60950385686e-05, 8.19726046757e-05, 7.49176688259e-05, 4.54775290564e-05, 2.13189050555e-05, 1.62033975357e-05, 8.31393117551e-06], "dvar": [4.49856145224e-07, 2.67484501819e-05, 8.73991757544e-06, 4.73804311696e-06, 8.25079951028e-06, 8.45010436024e-06, 1.0145979104e-05, 9.51951642492e-06, 1.14419781312e-05, 1.23150202853e-05, 1.09955021799e-06, 1.68854830918e-06, 1.68872406903e-06, 1.8406306026e-06, 6.51619075143e-07, 3.01848700701e-07, 2.95204444001e-07, 8.3105419435e-08, 5.06216046858e-08, 2.15999662601e-08, 1.26479324791e-08, 2.49070222225e-08, 4.67411638283e-08, 2.59357122445e-08, 3.20979132162e-09, 9.23382814655e-10, 2.41126146827e-10], "dvar2": [1.04714479221e-06, 5.84065019211e-05, 2.42313672061e-05, 1.20472623166e-05, 2.18226959987e-05, 2.09310001082e-05, 2.66710958385e-05, 2.34780927713e-05, 2.77800754702e-05, 2.77640647255e-05, 2.35134280047e-06, 3.94687549488e-06, 4.15980957769e-06, 4.41799738837e-06, 1.33086371079e-06, 6.99956331118e-07, 7.65928859892e-07, 2.08565950288e-07, 1.19565939372e-07, 5.13344851072e-08, 2.87078769645e-08, 5.29329184928e-08, 9.54754071358e-08, 5.43532721053e-08, 5.56990364942e-09, 1.88363413756e-09, 5.18344644984e-10], "max": [0.00978321116418, 0.0840183869004, 0.0513400621712, 0.0445163883269, 0.0479437597096, 0.073547758162, 0.0825244486332, 0.0752798244357, 0.11170873791, 0.108143351972, 0.0431805066764, 0.0630785599351, 0.0527089498937, 0.0429790653288, 0.0573989152908, 0.0199292618781, 0.0242618508637, 0.0139255775139, 0.00557861616835, 0.00509926071391, 0.0052459128201, 0.00594163453206, 0.00850678049028, 0.00733043625951, 0.0044578416273, 0.000740517047234, 0.000310954172164], "mean": [0.000136911985464, 0.00151404819917, 0.00110248138662, 0.000971719797235, 0.00242435419932, 0.00269602239132, 0.00247004884295, 0.00158517656382, 0.0014984505251, 0.00209044176154, 0.000718318857253, 0.000753610918764, 0.000653423951007, 0.00081730709644, 0.000370426248992, 0.000474425585708, 0.000614436517935, 0.000357959099347, 0.0003827130422, 0.000217829379835, 0.000131457811221, 0.00012763660925, 0.000107854124508, 6.32408628007e-05, 3.81340614695e-05, 2.56758412434e-05, 1.21223229144e-05], "median": [4.17890987592e-07, 2.03406652872e-05, 0.000111766043119, 0.000202316543437, 0.00111301767174, 0.00137232092675, 0.00103941350244, 0.000446742342319, 0.000525459938217, 0.000578064471483, 0.000290428259177, 0.000257328414591, 0.000187103185453, 0.00025537784677, 0.000145821672049, 0.000310879026074, 0.000398599338951, 0.000257482490269, 0.000290787749691, 0.000149550876813, 7.37261871109e-05, 5.06703545398e-05, 2.76258215308e-05, 1.19823234854e-05, 9.69399934547e-06, 4.01843090003e-06, 3.62810874321e-06], "min": [7.3774146514e-11, 2.95985387311e-08, 2.91596613522e-09, 3.88514509453e-09, 1.84316579777e-08, 3.384283076e-09, 2.7547709891e-08, 2.26486172039e-08, 5.36222373171e-08, 5.52765087036e-08, 2.4826455558e-08, 3.38586070292e-09, 2.31164243303e-08, 4.1905430237e-08, 1.0388991889e-08, 8.96970320241e-09, 7.9474773429e-09, 9.8708508034e-09, 4.72055150524e-09, 1.44278882175e-08, 6.10046457794e-09, 8.67783356284e-09, 9.05401709161e-09, 3.2388574045e-09, 1.96753835446e-09, 1.64228974864e-09, 2.41469710893e-09], "var": [4.27534189384e-07, 2.85969599645e-05, 7.67281198932e-06, 5.29295039087e-06, 1.35640075314e-05, 1.7577138351e-05, 2.30067089433e-05, 1.91733470274e-05, 1.55469060701e-05, 3.99337368435e-05, 2.71204771707e-06, 4.90467209602e-06, 3.29709450853e-06, 4.54071323475e-06, 1.591322075e-06, 4.7291726446e-07, 5.25275538621e-07, 1.68212025642e-07, 1.32797765673e-07, 6.95503388215e-08, 3.18224593343e-08, 5.90544217971e-08, 8.24699313284e-08, 4.16892937949e-08, 7.53640883033e-09, 2.52100851306e-09, 5.08221686957e-10]}, "barkbands_crest": {"dmean": 2.73076510429, "dmean2": 4.44151067734, "dvar": 6.06587219238, "dvar2": 14.8910045624, "max": 25.8094329834, "mean": 9.78715515137, "median": 8.69639205933, "min": 2.42354559898, "var": 20.0931434631}, "barkbands_flatness_db": {"dmean": 0.0176403522491, "dmean2": 0.0273619201034, "dvar": 0.000250668730587, "dvar2": 0.000589685805608, "max": 0.368077784777, "mean": 0.12212061137, "median": 0.116437636316, "min": 0.018244581297, "var": 0.00222050398588}, "barkbands_kurtosis": {"dmean": 1.81310427189, "dmean2": 2.88822650909, "dvar": 8.89574241638, "dvar2": 21.7606754303, "max": 96.7473526001, "mean": 2.37219452858, "median": 0.948242664337, "min": -1.8848720789, "var": 22.5473976135}, "barkbands_skewness": {"dmean": 0.445150196552, "dmean2": 0.692374408245, "dvar": 0.180104732513, "dvar2": 0.431730002165, "max": 8.92625808716, "mean": 1.28212487698, "median": 1.1812762022, "min": -2.38033795357, "var": 0.845392763615}, "barkbands_spread": {"dmean": 3.87715315819, "dmean2": 6.0100107193, "dvar": 17.2299404144, "dvar2": 35.8790397644, "max": 95.0704956055, "mean": 18.9708538055, "median": 18.0789794922, "min": 0.964386403561, "var": 80.6375961304}, "dissonance": {"dmean": 0.0169959496707, "dmean2": 0.0287031214684, "dvar": 0.000302251195535, "dvar2": 0.000832920719404, "max": 0.500000119209, "mean": 0.469254165888, "median": 0.476031005383, "min": 0.114549927413, "var": 0.000701080018189}, "dynamic_complexity": 2.5776412487, "erbbands": {"dmean": [0.0517319403589, 0.280162155628, 0.929348707199, 1.70937204361, 3.96386957169, 5.01336765289, 9.19691085815, 13.6317682266, 21.3442420959, 21.5606250763, 17.5325698853, 23.9883670807, 33.5372848511, 24.9481601715, 17.8127536774, 17.6313991547, 16.5655479431, 22.5148563385, 15.5764942169, 9.27289772034, 15.2605190277, 16.4599227905, 9.55209159851, 7.64806985855, 7.85465335846, 4.13165092468, 2.52717375755, 1.86678802967, 2.01022219658, 1.76121628284, 1.4706094265, 0.935016751289, 0.362817406654, 0.191000044346, 0.108058139682, 0.0471708476543, 0.0232457369566, 0.00559356994927, 0.000936071679462, 6.25078391749e-05], "dmean2": [0.0832193344831, 0.457438230515, 1.59096109867, 2.82097816467, 6.58451986313, 8.20020866394, 14.753203392, 21.7638626099, 34.2508506775, 34.3960838318, 28.2733020782, 37.7154312134, 51.3955078125, 37.579158783, 27.8751602173, 27.7325325012, 26.1821098328, 35.5159683228, 23.9376831055, 14.636097908, 24.4105968475, 26.7554779053, 15.3880605698, 12.2265100479, 12.5473880768, 6.52341222763, 4.00806760788, 2.87957859039, 3.05240678787, 2.59571099281, 2.13501882553, 1.37309157848, 0.522926449776, 0.27084800601, 0.152632504702, 0.0663582161069, 0.0349892675877, 0.00823670718819, 0.00139999715611, 9.17453799048e-05], "dvar": [0.0517768524587, 1.21285712719, 11.0795469284, 15.34025383, 125.853309631, 89.6782913208, 336.152923584, 745.963500977, 2388.80541992, 3472.39868164, 2408.94433594, 8253.18945313, 12351.9863281, 4488.7734375, 1874.59875488, 2763.94384766, 2616.68164063, 4100.00683594, 3094.77441406, 595.986755371, 992.016906738, 848.30847168, 307.158569336, 131.585876465, 131.167648315, 46.9627494812, 21.7592468262, 21.9417762756, 35.4249038696, 30.5034275055, 44.5594406128, 25.3690128326, 2.75349473953, 0.390783280134, 0.205348417163, 0.0157280843705, 0.00425201188773, 0.000247658666922, 6.89896387485e-06, 2.40445032773e-08], "dvar2": [0.122547842562, 2.96647572517, 30.7741012573, 39.7332229614, 331.891113281, 234.710784912, 857.242919922, 1838.40185547, 6149.86425781, 8246.79882813, 5935.35693359, 20007.0546875, 27941.2949219, 9173.640625, 4106.79638672, 6426.58837891, 6342.46289063, 9703.26074219, 6407.70996094, 1405.87255859, 2435.65039063, 2234.88183594, 770.391906738, 309.806213379, 312.655700684, 107.431030273, 52.5740127563, 48.1247634888, 79.3426055908, 62.1556587219, 94.3959274292, 52.899520874, 5.72782754898, 0.686665296555, 0.38014253974, 0.0299530960619, 0.00932874716818, 0.0005323793157, 1.50123523781e-05, 5.0277972008e-08], "max": [3.45804071426, 19.0237865448, 56.6196594238, 68.6156768799, 211.572113037, 197.724411011, 415.512268066, 746.488708496, 1481.06176758, 1846.42736816, 1379.7779541, 3476.39672852, 3841.70532227, 2578.26538086, 1376.33251953, 2593.96118164, 2063.41040039, 1752.6072998, 3719.96875, 942.606689453, 1322.03527832, 1110.49816895, 870.554260254, 380.704193115, 308.274078369, 316.772125244, 190.768417358, 182.724945068, 214.107040405, 210.266403198, 310.902252197, 214.994155884, 98.0315093994, 45.2784347534, 34.7734909058, 3.65815377235, 1.44461297989, 0.358509749174, 0.0551607869565, 0.00333354109898], "mean": [0.0496076084673, 0.323134362698, 1.17902541161, 2.31732821465, 5.23252534866, 8.18210697174, 15.9854602814, 23.0496959686, 36.8472251892, 35.4415283203, 28.8860645294, 36.3148612976, 60.7805862427, 46.7907104492, 31.4528980255, 32.6396942139, 31.0247421265, 40.7728729248, 29.5163803101, 17.9407253265, 30.4798355103, 33.7061347961, 21.7621917725, 18.1912822723, 18.5172348022, 10.7888345718, 6.39188051224, 4.42268610001, 4.51842737198, 3.92714619637, 2.97119760513, 1.80800080299, 0.775234043598, 0.448456197977, 0.259514033794, 0.116811349988, 0.0475685112178, 0.0117845814675, 0.00191641878337, 0.000159089075169], "median": [0.000303286797134, 0.00845939852297, 0.111105576158, 0.626036942005, 1.64202916622, 3.48945760727, 7.27191543579, 11.7728176117, 15.3545370102, 13.4405260086, 10.9927568436, 13.3578643799, 18.0094089508, 16.5779647827, 13.8038368225, 11.8790493011, 10.2946281433, 13.4535446167, 10.2821207047, 10.8508968353, 20.8476963043, 22.4236984253, 15.4371404648, 13.7789049149, 13.7363796234, 7.41332244873, 4.18872117996, 2.06216478348, 1.79218828678, 1.46493768692, 0.657991409302, 0.293406754732, 0.172395825386, 0.136110812426, 0.0485921539366, 0.0165498014539, 0.00794905796647, 0.00250393664464, 0.000542407738976, 6.87600695528e-05], "min": [1.23801919472e-06, 1.29752979774e-05, 1.14148178909e-05, 3.21742809319e-05, 6.44624014967e-05, 5.31062760274e-05, 1.94634958461e-05, 4.03433950851e-05, 0.000270036631264, 0.000546017021406, 0.000522561720572, 0.00119021465071, 0.00159953127149, 0.00179567199666, 0.000505786505528, 0.000266625313088, 0.00105807138607, 0.00188945094123, 0.00114574644249, 0.000631036935374, 0.000349214184098, 0.000468229496619, 0.000594887067564, 0.000388036714867, 0.000229560100706, 0.000553884310648, 0.00048495377996, 0.000272169039818, 0.000320760329487, 0.000136247297633, 0.000323008338455, 0.000121432793094, 5.05671341671e-05, 2.63317560893e-05, 1.19169408208e-05, 6.92595767759e-06, 2.71045018962e-06, 1.43298473176e-06, 3.73227493355e-07, 3.09226848572e-08], "var": [0.0467701777816, 1.13996100426, 9.36136436462, 19.4674797058, 128.448699951, 169.586181641, 717.248657227, 1382.7364502, 5544.69775391, 7348.50585938, 4184.09570313, 10507.0166016, 33170.5585938, 16642.9589844, 4405.08642578, 7981.74804688, 6049.84960938, 10570.0068359, 9494.10351563, 971.264404297, 1531.83837891, 1512.93286133, 612.746887207, 323.28994751, 331.917755127, 197.96546936, 53.8019638062, 51.2839851379, 77.2519226074, 65.5930175781, 72.470375061, 39.671333313, 4.81018066406, 0.943746030331, 0.421308398247, 0.0509129390121, 0.00950065813959, 0.00054777826881, 1.36807102535e-05, 5.54302239664e-08]}, "erbbands_crest": {"dmean": 2.85249614716, "dmean2": 4.62583732605, "dvar": 7.37398910522, "dvar2": 18.0153846741, "max": 31.9419441223, "mean": 9.58493518829, "median": 8.06850242615, "min": 2.44001412392, "var": 26.465587616}, "erbbands_flatness_db": {"dmean": 0.0140084037557, "dmean2": 0.0213530771434, "dvar": 0.000175838678842, "dvar2": 0.000379046046874, "max": 0.389491051435, "mean": 0.174083158374, "median": 0.174424856901, "min": 0.0481046698987, "var": 0.00276721338741}, "erbbands_kurtosis": {"dmean": 0.742529034615, "dmean2": 1.19147121906, "dvar": 1.97367501259, "dvar2": 4.79413127899, "max": 53.9287719727, "mean": 0.0830759778619, "median": -0.620765984058, "min": -1.82765805721, "var": 5.11963319778}, "erbbands_skewness": {"dmean": 0.344045430422, "dmean2": 0.540657162666, "dvar": 0.101841688156, "dvar2": 0.245724633336, "max": 6.25732326508, "mean": 0.439753383398, "median": 0.354287475348, "min": -2.40291380882, "var": 0.458173602819}, "erbbands_spread": {"dmean": 5.24553632736, "dmean2": 8.16713905334, "dvar": 31.096780777, "dvar2": 69.0025634766, "max": 129.307723999, "mean": 33.5355606079, "median": 33.8970947266, "min": 2.13626360893, "var": 178.482208252}, "gfcc": {"cov": [[3279.71899414, 288.810241699, 1218.1619873, 547.630249023, 299.187286377, 588.461608887, 87.6051330566, 195.245941162, 86.3787612915, 101.364128113, -44.7044334412, 98.61353302, -37.755153656], [288.810241699, 851.001464844, 505.950683594, 155.437225342, 101.334205627, -90.7479019165, -89.0517196655, -30.1062450409, -55.3918876648, -56.0732307434, -48.3989372253, -24.1330680847, -22.8882904053], [1218.1619873, 505.950683594, 1212.30639648, 422.754974365, 222.677764893, 312.160827637, 23.4375953674, 92.432434082, 13.7133388519, 77.3600387573, -20.8244609833, 43.6556472778, -44.1663360596], [547.630249023, 155.437225342, 422.754974365, 376.808929443, 142.768692017, 100.609870911, 16.5901355743, 25.9349994659, 5.17661952972, 16.9634819031, -22.2128810883, 15.9859695435, 3.75655627251], [299.187286377, 101.334205627, 222.677764893, 142.768692017, 228.28855896, 163.581481934, 59.3723831177, 35.2252159119, -8.13783168793, 22.9486427307, -4.44383382797, 18.5887737274, -9.38536262512], [588.461608887, -90.7479019165, 312.160827637, 100.609870911, 163.581481934, 384.054443359, 150.27986145, 71.8776855469, 21.6474952698, 52.5711898804, 20.0982913971, 30.8676109314, -18.4949493408], [87.6051330566, -89.0517196655, 23.4375953674, 16.5901355743, 59.3723831177, 150.27986145, 158.065887451, 83.1808700562, 16.3996257782, 22.1666526794, 2.25223088264, 7.94989442825, 1.11212730408], [195.245941162, -30.1062450409, 92.432434082, 25.9349994659, 35.2252159119, 71.8776855469, 83.1808700562, 132.21862793, 69.8221130371, 34.5671691895, -6.96620130539, 1.76370668411, -6.5459523201], [86.3787612915, -55.3918876648, 13.7133388519, 5.17661952972, -8.13783168793, 21.6474952698, 16.3996257782, 69.8221130371, 105.841163635, 66.1926040649, 13.1726341248, -2.31441426277, -8.78764057159], [101.364128113, -56.0732307434, 77.3600387573, 16.9634819031, 22.9486427307, 52.5711898804, 22.1666526794, 34.5671691895, 66.1926040649, 120.292976379, 64.3259887695, 21.5693950653, -14.1043691635], [-44.7044334412, -48.3989372253, -20.8244609833, -22.2128810883, -4.44383382797, 20.0982913971, 2.25223088264, -6.96620130539, 13.1726341248, 64.3259887695, 103.024284363, 44.856552124, -4.4506020546], [98.61353302, -24.1330680847, 43.6556472778, 15.9859695435, 18.5887737274, 30.8676109314, 7.94989442825, 1.76370668411, -2.31441426277, 21.5693950653, 44.856552124, 71.6649246216, 32.8671798706], [-37.755153656, -22.8882904053, -44.1663360596, 3.75655627251, -9.38536262512, -18.4949493408, 1.11212730408, -6.5459523201, -8.78764057159, -14.1043691635, -4.4506020546, 32.8671798706, 67.3689422607]], "icov": [[0.000804979994427, -0.000426808343036, 0.000338678451953, -0.000959852710366, 0.00100081297569, -0.00200761877932, 0.00200123130344, -0.00186999631114, 0.00109625735786, -0.0011980998097, 0.00176871521398, -0.00194411410484, 0.000912694726139], [-0.000426808343036, 0.00341574265622, -0.00300950231031, 0.00197334401309, -0.0034187536221, 0.00481750164181, -0.00322663923725, 0.00359731563367, -0.00313146552071, 0.00456812279299, -0.00363619322889, 0.00364648317918, -0.00138396781404], [0.000338678451953, -0.00300950231031, 0.00526197301224, -0.00393070606515, 0.00387888890691, -0.0065634790808, 0.0065872548148, -0.00682196533307, 0.00662783253938, -0.00707363244146, 0.00579301454127, -0.00527416728437, 0.00314250472002], [-0.000959852710366, 0.00197334401309, -0.00393070606515, 0.00740984501317, -0.00539208902046, 0.00583024090156, -0.00558217894286, 0.00618680892512, -0.00568122370169, 0.00500845443457, -0.00402690470219, 0.00450229085982, -0.00346994563006], [0.00100081297569, -0.0034187536221, 0.00387888890691, -0.00539208902046, 0.0125410249457, -0.00943255238235, 0.00644546933472, -0.00793281849474, 0.00887277442962, -0.00859370175749, 0.00761803472415, -0.00704689556733, 0.00382280419581], [-0.00200761877932, 0.00481750164181, -0.0065634790808, 0.00583024090156, -0.00943255238235, 0.0176881533116, -0.0165864098817, 0.0133454985917, -0.0111390100792, 0.010248738341, -0.00933077558875, 0.00686150975525, -0.00227524642833], [0.00200123130344, -0.00322663923725, 0.0065872548148, -0.00558217894286, 0.00644546933472, -0.0165864098817, 0.0287918690592, -0.0235412754118, 0.0177522804588, -0.012475002557, 0.00868404097855, -0.00538014760241, 0.00113917945419], [-0.00186999631114, 0.00359731563367, -0.00682196533307, 0.00618680892512, -0.00793281849474, 0.0133454985917, -0.0235412754118, 0.0339836589992, -0.0260373819619, 0.0139499120414, -0.006698877085, 0.00448676059023, -0.00150118593592], [0.00109625735786, -0.00313146552071, 0.00662783253938, -0.00568122370169, 0.00887277442962, -0.0111390100792, 0.0177522804588, -0.0260373819619, 0.0377287082374, -0.0246274638921, 0.011852055788, -0.00387263461016, 0.00200513424352], [-0.0011980998097, 0.00456812279299, -0.00707363244146, 0.00500845443457, -0.00859370175749, 0.010248738341, -0.012475002557, 0.0139499120414, -0.0246274638921, 0.0341856777668, -0.0223600249738, 0.00954224541783, -0.00304616475478], [0.00176871521398, -0.00363619322889, 0.00579301454127, -0.00402690470219, 0.00761803472415, -0.00933077558875, 0.00868404097855, -0.006698877085, 0.011852055788, -0.0223600249738, 0.0348252765834, -0.0258000716567, 0.0132360616699], [-0.00194411410484, 0.00364648317918, -0.00527416728437, 0.00450229085982, -0.00704689556733, 0.00686150975525, -0.00538014760241, 0.00448676059023, -0.00387263461016, 0.00954224541783, -0.0258000716567, 0.0433509796858, -0.0234940219671], [0.000912694726139, -0.00138396781404, 0.00314250472002, -0.00346994563006, 0.00382280419581, -0.00227524642833, 0.00113917945419, -0.00150118593592, 0.00200513424352, -0.00304616475478, 0.0132360616699, -0.0234940219671, 0.028842093423]], "mean": [4.39010953903, 64.1299972534, -141.923828125, 3.53218102455, -64.0880737305, -14.1957836151, -39.2909698486, -0.37082773447, -24.818195343, -5.22305822372, -15.0361843109, 1.83217704296, -12.7995004654]}, "hfc": {"dmean": 4.98804759979, "dmean2": 7.30742645264, "dvar": 52.9764328003, "dvar2": 105.44178772, "max": 155.012741089, "mean": 20.4707527161, "median": 14.3950891495, "min": 0.000685084611177, "var": 265.364074707}, "melbands": {"dmean": [0.000392593734432, 0.000437721260823, 0.000361696700566, 0.000314986362355, 0.000296030426398, 0.000307773647364, 0.000310959701892, 0.000239461383899, 0.000138925548526, 0.000153761880938, 0.000170458399225, 0.000109665459604, 5.78462604608e-05, 5.33339152753e-05, 4.54608416476e-05, 3.47474706359e-05, 4.65233169962e-05, 2.965310523e-05, 1.35930085889e-05, 1.5771453036e-05, 2.00019658223e-05, 2.05527230719e-05, 1.19778142107e-05, 7.40587847758e-06, 6.99772044754e-06, 6.99468546372e-06, 4.45390287496e-06, 2.71929366136e-06, 1.76453681888e-06, 1.60826721185e-06, 1.0985637573e-06, 1.26444558646e-06, 1.10993858016e-06, 1.03781076177e-06, 9.33877856824e-07, 7.46056343814e-07, 5.44433191862e-07, 2.9045975225e-07, 1.85700642419e-07, 1.66759704712e-07], "dmean2": [0.000619421014562, 0.000733361288439, 0.000597305945121, 0.000517920299899, 0.000474813248729, 0.000488496385515, 0.00049907527864, 0.000380558893085, 0.000223260838538, 0.000242008289206, 0.000261245295405, 0.000164971657796, 9.02131796465e-05, 8.44740934554e-05, 7.16680879123e-05, 5.5194250308e-05, 7.37566369935e-05, 4.57730311609e-05, 2.14113933907e-05, 2.50136126851e-05, 3.22392661474e-05, 3.3595613786e-05, 1.94070289581e-05, 1.19667893159e-05, 1.13050828077e-05, 1.12811458166e-05, 7.0903302003e-06, 4.37419112131e-06, 2.84623479274e-06, 2.57108831647e-06, 1.71279100414e-06, 1.95692587113e-06, 1.69811846717e-06, 1.54907354499e-06, 1.39721930736e-06, 1.11284759896e-06, 8.16564465822e-07, 4.30540069374e-07, 2.72634991916e-07, 2.4573367341e-07], "dvar": [2.60244064521e-06, 2.61138507085e-06, 8.37902859985e-07, 4.82283496694e-07, 3.08243301106e-07, 3.44086885207e-07, 4.88766147555e-07, 4.58296796069e-07, 1.54387379325e-07, 3.21406020021e-07, 3.19696908946e-07, 9.9568801204e-08, 1.71515601721e-08, 2.82657772743e-08, 2.01207353001e-08, 1.19720491298e-08, 1.79245152054e-08, 1.16452989474e-08, 1.90501214803e-09, 1.45032719168e-09, 1.5825168953e-09, 1.50056345127e-09, 4.3383954762e-10, 1.62258456671e-10, 1.1827672175e-10, 1.04035863258e-10, 5.29990981657e-11, 2.07107820477e-11, 1.04883384963e-11, 1.03498312351e-11, 9.31829439998e-12, 1.37635545322e-11, 9.81710459452e-12, 1.12789898948e-11, 1.53282941895e-11, 1.64515241707e-11, 8.96037410936e-12, 2.15382876464e-12, 3.56462011601e-13, 2.97190223819e-13], "dvar2": [5.71124655835e-06, 7.03246996636e-06, 2.15498380385e-06, 1.28228009544e-06, 7.81126345828e-07, 8.41251903694e-07, 1.27736382183e-06, 1.09781240099e-06, 3.76879171426e-07, 7.83946063621e-07, 7.21326841813e-07, 2.05067223646e-07, 3.72671777882e-08, 6.59275940507e-08, 4.73847521221e-08, 2.88467099097e-08, 4.28141362363e-08, 2.5201863707e-08, 4.00617450325e-09, 3.25136895185e-09, 3.98426180936e-09, 3.9973730992e-09, 1.1254193133e-09, 3.8762745791e-10, 2.81815737413e-10, 2.52611181972e-10, 1.26281943236e-10, 4.87132556515e-11, 2.60413340197e-11, 2.50852550537e-11, 2.12627051382e-11, 3.19758212963e-11, 2.14353413491e-11, 2.42030579606e-11, 3.33008932929e-11, 3.47900007414e-11, 1.93387354741e-11, 4.85337291189e-12, 6.8185642679e-13, 5.4522375113e-13], "max": [0.0265508890152, 0.0260111484677, 0.0169605612755, 0.013262886554, 0.0124532319605, 0.0145461596549, 0.0193454250693, 0.0211920812726, 0.0103951571509, 0.0208905991167, 0.0196223109961, 0.0114697413519, 0.00478191301227, 0.0091523937881, 0.00648876978084, 0.00464084558189, 0.00386334978975, 0.00637198798358, 0.00237302458845, 0.00181898160372, 0.00150541891344, 0.001610055333, 0.000905408349354, 0.000492781749927, 0.000371355534298, 0.000314700591844, 0.000285782531137, 0.000188678081031, 8.00591442385e-05, 0.000179781753104, 0.000100932258647, 0.000130519503728, 0.000107105064671, 0.000144339399412, 0.000193775340449, 0.000156845708261, 0.000155675268616, 9.34760537348e-05, 3.22662308463e-05, 4.24673744419e-05], "mean": [0.000428107741755, 0.000553100253455, 0.000489451806061, 0.000487051875098, 0.000529667362571, 0.000531846599188, 0.000540693348739, 0.000386182073271, 0.000224281800911, 0.000228138029343, 0.000305955618387, 0.000198623994947, 9.92440909613e-05, 9.21581449802e-05, 8.01343921921e-05, 5.84321132919e-05, 7.98030596343e-05, 5.21042638866e-05, 2.30636051128e-05, 2.77021335933e-05, 3.70807138097e-05, 3.77624528483e-05, 2.39621622313e-05, 1.59427981998e-05, 1.43021916301e-05, 1.4861740965e-05, 1.02501298898e-05, 6.24138556304e-06, 3.9215005927e-06, 3.46406045537e-06, 2.26685438065e-06, 2.59405101133e-06, 2.3915993097e-06, 2.10783332477e-06, 1.7917096784e-06, 1.3755513919e-06, 9.91809429252e-07, 5.66351388898e-07, 4.0302094817e-07, 3.71274012423e-07], "median": [3.86906822314e-06, 4.10355860367e-05, 0.000146310485434, 0.000188881822396, 0.000262113346253, 0.000274887424894, 0.000228356322623, 0.00013398793817, 8.12250073068e-05, 8.00845882623e-05, 8.42146619107e-05, 6.18652411504e-05, 4.1809722461e-05, 3.15684992529e-05, 2.70185591944e-05, 1.81665200216e-05, 2.42826627073e-05, 1.64512530318e-05, 1.0639332686e-05, 1.72494274011e-05, 2.43545018748e-05, 2.43393933488e-05, 1.56172191055e-05, 1.12476400318e-05, 1.02667945612e-05, 1.07194609882e-05, 7.14947827873e-06, 4.13255702369e-06, 2.54317728832e-06, 1.93875371224e-06, 8.53098413245e-07, 9.91982005871e-07, 9.58293185249e-07, 7.30477722755e-07, 4.00965063818e-07, 2.25421857181e-07, 1.54855342771e-07, 1.18318730813e-07, 1.16204162737e-07, 1.13847086425e-07], "min": [9.83014025735e-09, 1.12064668656e-08, 5.51810286353e-09, 5.00173769069e-09, 9.08419006684e-10, 9.24357757004e-10, 4.59540672182e-09, 5.88505200128e-09, 4.42484138219e-09, 7.98021293491e-09, 8.007891239e-09, 7.50275575001e-09, 2.54062770821e-09, 1.89277857277e-10, 1.82938497684e-09, 2.27969243483e-09, 3.8203076258e-09, 2.25430829559e-09, 6.90510315593e-10, 7.9825490662e-10, 3.1001257117e-10, 3.4022173967e-10, 7.84303288981e-10, 3.86029819222e-10, 3.24664461981e-10, 1.03173872223e-10, 2.18011622644e-10, 4.51143289393e-10, 4.12138240202e-10, 1.73035918927e-10, 1.58177720921e-10, 2.28320598539e-10, 8.93092197418e-11, 5.43255683494e-11, 1.76348366465e-10, 1.67809099949e-10, 4.35937640153e-11, 3.40762557061e-11, 2.84488682611e-11, 1.93268057808e-11], "var": [2.70134955827e-06, 2.25372150453e-06, 9.44671853631e-07, 6.90108606705e-07, 6.86478074385e-07, 6.8158482236e-07, 1.14027864129e-06, 1.00104170997e-06, 2.5935437975e-07, 4.04601223636e-07, 8.86236648512e-07, 3.67915305333e-07, 4.50450947653e-08, 8.39941307618e-08, 4.03774365054e-08, 2.45336533311e-08, 4.48358719041e-08, 3.406903204e-08, 3.73388564512e-09, 2.25512986063e-09, 2.35628050405e-09, 2.33535768501e-09, 7.91530729849e-10, 4.03603539478e-10, 2.50581472239e-10, 2.39279401848e-10, 1.38368996816e-10, 7.32745183973e-11, 2.1606797948e-11, 2.28113829909e-11, 1.82565351725e-11, 2.73219745439e-11, 2.15794986047e-11, 2.13653712777e-11, 2.48899355987e-11, 2.43036268194e-11, 1.32468949005e-11, 3.21248561606e-12, 8.06456464109e-13, 6.59924101042e-13]}, "melbands_crest": {"dmean": 3.53396224976, "dmean2": 5.74838447571, "dvar": 10.3112869263, "dvar2": 25.512336731, "max": 34.6579704285, "mean": 13.1938228607, "median": 11.8981647491, "min": 3.24348378181, "var": 31.9178581238}, "melbands_flatness_db": {"dmean": 0.0211337767541, "dmean2": 0.0324614420533, "dvar": 0.000363717088476, "dvar2": 0.000822850852273, "max": 0.415663897991, "mean": 0.16954664886, "median": 0.163378149271, "min": 0.0368216820061, "var": 0.00219992524944}, "melbands_kurtosis": {"dmean": 3.83083438873, "dmean2": 6.08830547333, "dvar": 35.7431526184, "dvar2": 88.9204483032, "max": 189.312561035, "mean": 7.45688438416, "median": 4.73782396317, "min": -1.61497116089, "var": 91.1713256836}, "melbands_skewness": {"dmean": 0.556208133698, "dmean2": 0.864753186703, "dvar": 0.311524480581, "dvar2": 0.74643021822, "max": 12.0305099487, "mean": 2.05070018768, "median": 1.92315196991, "min": -1.95181727409, "var": 1.41697525978}, "melbands_spread": {"dmean": 6.00595188141, "dmean2": 9.38540172577, "dvar": 42.6315574646, "dvar2": 96.5921783447, "max": 154.678207397, "mean": 23.3266544342, "median": 21.6719703674, "min": 1.1160993576, "var": 143.867889404}, "mfcc": {"cov": [[2841.70849609, 92.9178466797, 796.581054688, 231.766281128, 388.532592773, 363.899658203, 156.178146362, 241.889297485, 167.90737915, 131.011657715, 67.2914810181, 101.259780884, -2.70061945915], [92.9178466797, 761.375793457, 311.457061768, 164.331420898, 142.378448486, -15.3983812332, 10.7619829178, -16.6911087036, -25.3781375885, -35.2737236023, -38.0109863281, -18.1169071198, -31.484418869], [796.581054688, 311.457061768, 890.43737793, 236.471725464, 278.442596436, 235.467224121, 117.844482422, 104.302261353, 64.2674255371, 77.4439620972, 27.1866588593, 111.338043213, -1.75188374519], [231.766281128, 164.331420898, 236.471725464, 317.522064209, 135.216720581, 26.4527511597, 5.09423208237, -4.03557157516, 39.1218032837, -14.4698190689, -30.4025192261, -1.98201334476, 43.2582168579], [388.532592773, 142.378448486, 278.442596436, 135.216720581, 237.889251709, 153.640396118, 72.6138153076, 55.4016265869, 30.6593608856, 32.9907455444, 12.9872522354, 40.8579864502, -0.111167281866], [363.899658203, -15.3983812332, 235.467224121, 26.4527511597, 153.640396118, 247.255828857, 142.875549316, 82.2663574219, 40.1192970276, 39.0942687988, 39.4351959229, 48.7985801697, -14.6427536011], [156.178146362, 10.7619829178, 117.844482422, 5.09423208237, 72.6138153076, 142.875549316, 170.983413696, 97.8994522095, 38.5104026794, 31.6424255371, 23.5108985901, 38.4601860046, -3.04920959473], [241.889297485, -16.6911087036, 104.302261353, -4.03557157516, 55.4016265869, 82.2663574219, 97.8994522095, 136.043365479, 69.9778747559, 46.7361869812, 14.9874134064, 18.8319568634, -9.57507991791], [167.90737915, -25.3781375885, 64.2674255371, 39.1218032837, 30.6593608856, 40.1192970276, 38.5104026794, 69.9778747559, 127.623573303, 60.9019126892, 24.1348648071, 3.2465839386, -2.88993740082], [131.011657715, -35.2737236023, 77.4439620972, -14.4698190689, 32.9907455444, 39.0942687988, 31.6424255371, 46.7361869812, 60.9019126892, 117.629180908, 58.5113449097, 38.4387664795, -0.909796893597], [67.2914810181, -38.0109863281, 27.1866588593, -30.4025192261, 12.9872522354, 39.4351959229, 23.5108985901, 14.9874134064, 24.1348648071, 58.5113449097, 96.7662887573, 68.7044677734, 12.8696250916], [101.259780884, -18.1169071198, 111.338043213, -1.98201334476, 40.8579864502, 48.7985801697, 38.4601860046, 18.8319568634, 3.2465839386, 38.4387664795, 68.7044677734, 131.811981201, 54.9724617004], [-2.70061945915, -31.484418869, -1.75188374519, 43.2582168579, -0.111167281866, -14.6427536011, -3.04920959473, -9.57507991791, -2.88993740082, -0.909796893597, 12.8696250916, 54.9724617004, 95.907623291]], "icov": [[0.000582832086366, 8.30867575132e-05, -0.000318371749017, -6.68974244036e-05, -0.00032542750705, -0.00045864644926, 0.00069530348992, -0.000872677133884, -7.77418681537e-05, 8.42411973281e-05, -0.000260524771875, 0.0001989252778, -0.000147979633766], [8.30867575132e-05, 0.00230091344565, -0.00109430402517, 0.000156124398927, -0.00219270843081, 0.00298426812515, -0.00195269810501, 0.00104525429197, 6.26751716482e-05, 0.00118770112749, -0.000970173976384, 0.00103490112815, 0.000712782843038], [-0.000318371749017, -0.00109430402517, 0.00327825336717, -0.0020046539139, 0.00085489207413, -0.00298072420992, 0.00172917637974, -0.00120712933131, 0.000630630122032, -0.00196951045655, 0.00256158737466, -0.00376307638362, 0.00188973883633], [-6.68974244036e-05, 0.000156124398927, -0.0020046539139, 0.00785389635712, -0.00518165528774, 0.00377301988192, -0.0023902754765, 0.00373714230955, -0.00399272842333, 0.0027646003291, -0.000434871471953, 0.00381257780828, -0.00488355290145], [-0.00032542750705, -0.00219270843081, 0.00085489207413, -0.00518165528774, 0.0144629515707, -0.00994937866926, 0.00479214498773, -0.00358462845907, 0.00266842287965, -0.0037694980856, 0.00312608992681, -0.00386587460525, 0.001756999176], [-0.00045864644926, 0.00298426812515, -0.00298072420992, 0.00377301988192, -0.00994937866926, 0.0191233344376, -0.0128766046837, 0.00508485501632, -0.00208477745764, 0.00427434407175, -0.00534303160384, 0.00361058861017, 0.000842099601869], [0.00069530348992, -0.00195269810501, 0.00172917637974, -0.0023902754765, 0.00479214498773, -0.0128766046837, 0.0200586076826, -0.0118166664615, 0.00231225253083, -0.00158939161338, 0.00226941285655, -0.00396078173071, 6.16616353e-06], [-0.000872677133884, 0.00104525429197, -0.00120712933131, 0.00373714230955, -0.00358462845907, 0.00508485501632, -0.0118166664615, 0.0209515281022, -0.0080702425912, -0.00052220816724, 0.00247893994674, 0.000546492752619, 0.000205111617106], [-7.77418681537e-05, 6.26751716482e-05, 0.000630630122032, -0.00399272842333, 0.00266842287965, -0.00208477745764, 0.00231225253083, -0.0080702425912, 0.0159149840474, -0.00626323977485, -0.00203128857538, 0.00233425572515, 0.000138161165523], [8.42411973281e-05, 0.00118770112749, -0.00196951045655, 0.0027646003291, -0.0037694980856, 0.00427434407175, -0.00158939161338, -0.00052220816724, -0.00626323977485, 0.0180893894285, -0.00964167248458, 0.00189784017857, -0.000156242458615], [-0.000260524771875, -0.000970173976384, 0.00256158737466, -0.000434871471953, 0.00312608992681, -0.00534303160384, 0.00226941285655, 0.00247893994674, -0.00203128857538, -0.00964167248458, 0.0263274963945, -0.0147114144638, 0.0041714371182], [0.0001989252778, 0.00103490112815, -0.00376307638362, 0.00381257780828, -0.00386587460525, 0.00361058861017, -0.00396078173071, 0.000546492752619, 0.00233425572515, 0.00189784017857, -0.0147114144638, 0.0241166185588, -0.0127283893526], [-0.000147979633766, 0.000712782843038, 0.00188973883633, -0.00488355290145, 0.001756999176, 0.000842099601869, 6.16616353e-06, 0.000205111617106, 0.000138161165523, -0.000156242458615, 0.0041714371182, -0.0127283893526, 0.0197836030275]], "mean": [-637.145141602, 108.953193665, -30.0818538666, 11.9198856354, -13.9489622116, -13.3452711105, -12.8339080811, -2.55402636528, -10.7387704849, -7.23758125305, -5.95781707764, -5.63912153244, -0.41253682971]}, "pitch_salience": {"dmean": 0.0741132721305, "dmean2": 0.119488909841, "dvar": 0.00428358046338, "dvar2": 0.0105874035507, "max": 0.869876265526, "mean": 0.616225659847, "median": 0.637198746204, "min": 0.0927625969052, "var": 0.0145267620683}, "silence_rate_20dB": {"dmean": 0, "dmean2": 0, "dvar": 0, "dvar2": 0, "max": 1, "mean": 1, "median": 1, "min": 1, "var": 0}, "silence_rate_30dB": {"dmean": 0.00146964273881, "dmean2": 0.00293942028657, "dvar": 0.00146728672553, "dvar2": 0.00403229985386, "max": 1, "mean": 0.999081492424, "median": 1, "min": 0, "var": 0.000917187950108}, "silence_rate_60dB": {"dmean": 0.00633783405647, "dmean2": 0.0126762501895, "dvar": 0.00629747984931, "dvar2": 0.0145359644666, "max": 1, "mean": 0.0255797933787, "median": 0, "min": 0, "var": 0.0249231606722}, "spectral_centroid": {"dmean": 214.681427002, "dmean2": 331.550811768, "dvar": 39213.5546875, "dvar2": 90289.171875, "max": 4639.32519531, "mean": 1480.3782959, "median": 1441.80859375, "min": 257.795440674, "var": 272303.53125}, "spectral_complexity": {"dmean": 3.84963726997, "dmean2": 5.88889932632, "dvar": 12.6162319183, "dvar2": 25.9748535156, "max": 57, "mean": 22.0524921417, "median": 22, "min": 0, "var": 90.1063308716}, "spectral_contrast_coeffs": {"dmean": [0.0539485700428, 0.0517258495092, 0.0412151440978, 0.0305469185114, 0.021367713809, 0.0130361570045], "dmean2": [0.0883992835879, 0.0845590084791, 0.066753283143, 0.0494642108679, 0.0346538051963, 0.021465241909], "dvar": [0.00188462145161, 0.00166705879383, 0.00111517356709, 0.000608172733337, 0.000322222680552, 0.000125763923279], "dvar2": [0.00502564385533, 0.00439702160656, 0.00277552683838, 0.00154706416652, 0.000785034149885, 0.000316438439768], "max": [-0.208645448089, -0.327708959579, -0.3439027071, -0.468277126551, -0.564421236515, -0.641340553761], "mean": [-0.589805781841, -0.714871942997, -0.759521126747, -0.779453396797, -0.782646298409, -0.754865467548], "median": [-0.59441536665, -0.724075376987, -0.7740432024, -0.79321449995, -0.791136562824, -0.750599980354], "min": [-0.943179488182, -0.956025242805, -0.915231883526, -0.910029530525, -0.916048109531, -0.936161518097], "var": [0.0095973527059, 0.0067516551353, 0.00570250442252, 0.00362732447684, 0.00167852162849, 0.0006828175392]}, "spectral_contrast_valleys": {"dmean": [0.441151112318, 0.344372242689, 0.310905486345, 0.258141756058, 0.209677770734, 0.163588061929], "dmean2": [0.721337616444, 0.56834423542, 0.501928150654, 0.410286486149, 0.324092328548, 0.240044668317], "dvar": [0.137822136283, 0.0750041902065, 0.0637567937374, 0.0473073981702, 0.0399015881121, 0.0306445993483], "dvar2": [0.340314239264, 0.198139071465, 0.159625336528, 0.111164987087, 0.0834332406521, 0.0542568638921], "max": [-5.15732049942, -4.48614883423, -4.63273954391, -5.67101812363, -5.79807043076, -7.48214673996], "mean": [-8.5504693985, -6.5344452858, -6.96121120453, -7.41309070587, -7.17835521698, -10.176074028], "median": [-8.74988460541, -6.38958406448, -6.88855695724, -7.34372282028, -7.06639003754, -10.3345375061], "min": [-11.9953422546, -10.5887613297, -11.7524471283, -12.0116176605, -12.2011013031, -13.324464798], "var": [2.09277677536, 0.55478066206, 0.346439093351, 0.308023631573, 0.329909831285, 0.517825126648]}, "spectral_decrease": {"dmean": 1.76330960944e-09, "dmean2": 2.7427191629e-09, "dvar": 7.57887030895e-18, "dvar2": 1.7061731717e-17, "max": -1.35005965825e-13, "mean": -5.43201439385e-09, "median": -3.77478270863e-09, "min": -4.00045045978e-08, "var": 2.10858793703e-17}, "spectral_energy": {"dmean": 0.00700227543712, "dmean2": 0.0108645400032, "dvar": 0.000116216375318, "dvar2": 0.000260675064055, "max": 0.155890703201, "mean": 0.0223585236818, "median": 0.0155200874433, "min": 5.71684211081e-07, "var": 0.000341601669788}, "spectral_energyband_high": {"dmean": 0.000204281823244, "dmean2": 0.000282221182715, "dvar": 3.38804653666e-07, "dvar2": 6.23854987225e-07, "max": 0.0192130003124, "mean": 0.000591110088862, "median": 0.000275621016044, "min": 4.45168950591e-08, "var": 9.21769640172e-07}, "spectral_energyband_low": {"dmean": 0.00226730899885, "dmean2": 0.0035366716329, "dvar": 5.54250036657e-05, "dvar2": 0.000121435747133, "max": 0.105265647173, "mean": 0.00316189718433, "median": 0.000360228616046, "min": 1.1988846893e-07, "var": 6.66290579829e-05}, "spectral_energyband_middle_high": {"dmean": 0.0021215826273, "dmean2": 0.00314154685475, "dvar": 1.47810305862e-05, "dvar2": 3.18237762258e-05, "max": 0.107225053012, "mean": 0.00695259263739, "median": 0.00422608153895, "min": 1.85532613273e-07, "var": 7.41709882277e-05}, "spectral_energyband_middle_low": {"dmean": 0.00489791017026, "dmean2": 0.00776028679684, "dvar": 5.27809497726e-05, "dvar2": 0.000129403255414, "max": 0.122804380953, "mean": 0.0124540859833, "median": 0.00922018196434, "min": 1.6758600907e-07, "var": 0.000134398447699}, "spectral_entropy": {"dmean": 0.119671210647, "dmean2": 0.18211889267, "dvar": 0.0138568645343, "dvar2": 0.029836371541, "max": 8.96474075317, "mean": 7.60072851181, "median": 7.65949487686, "min": 5.54083108902, "var": 0.118221230805}, "spectral_flux": {"dmean": 0.0203306991607, "dmean2": 0.0323901176453, "dvar": 0.00055568292737, "dvar2": 0.00126140320208, "max": 0.374148190022, "mean": 0.0798487886786, "median": 0.0700302273035, "min": 0.00570653844625, "var": 0.00180842296686}, "spectral_kurtosis": {"dmean": 1.09760391712, "dmean2": 1.86277651787, "dvar": 1.12288761139, "dvar2": 3.24505090714, "max": 24.1216526031, "mean": 5.34027147293, "median": 5.05194425583, "min": -0.411260932684, "var": 4.20291805267}, "spectral_rms": {"dmean": 0.000656228512526, "dmean2": 0.00100598169956, "dvar": 6.00641953952e-07, "dvar2": 1.29019326778e-06, "max": 0.0123324161395, "mean": 0.00433799531311, "median": 0.00389121426269, "min": 2.36165342358e-05, "var": 2.99498015011e-06}, "spectral_rolloff": {"dmean": 407.766601563, "dmean2": 669.594482422, "dvar": 302928.09375, "dvar2": 626646.5, "max": 8871.6796875, "mean": 1715.61254883, "median": 1593.45703125, "min": 107.666015625, "var": 911759.0625}, "spectral_skewness": {"dmean": 0.146447628736, "dmean2": 0.240321189165, "dvar": 0.0185505095869, "dvar2": 0.0458728671074, "max": 3.65901470184, "mean": 1.58034622669, "median": 1.49872767925, "min": 0.264569401741, "var": 0.114349983633}, "spectral_spread": {"dmean": 274157.09375, "dmean2": 410099.09375, "dvar": 118958899200, "dvar2": 195619487744, "max": 27199290, "mean": 3941422.25, "median": 3512206.5, "min": 2172985.5, "var": 1084533899260.0}, "spectral_strongpeak": {"dmean": 0.64955586195, "dmean2": 1.05958366394, "dvar": 0.723980665207, "dvar2": 1.73101305962, "max": 1