{"lowlevel": {"average_loudness": 0.920694410801, "barkbands": {"dmean": [2.93170232908e-05, 0.00236115045846, 0.00194005738012, 0.00264321221039, 0.0018142904155, 0.000459443108412, 0.000545907707419, 0.0007437041495, 0.000898568832781, 0.000565005990211, 0.000634819210973, 0.000524916336872, 0.000579402083531, 0.000481467111968, 0.000527970434632, 0.000475632172311, 0.000514587329235, 0.000243622867856, 0.000107947431388, 9.62113626883e-05, 6.752700574e-05, 7.63866119087e-05, 8.88927170308e-05, 9.02897081687e-05, 7.51665866119e-05, 7.38548260415e-05, 5.27780272819e-08], "dmean2": [4.42545242549e-05, 0.00354055734351, 0.00310469255783, 0.00458720838651, 0.00300468388014, 0.000708099803887, 0.000850539014209, 0.00116344366688, 0.00143244024366, 0.00092394562671, 0.00104737235233, 0.000828674179502, 0.000927053100895, 0.00078418594785, 0.000865634297952, 0.000757299712859, 0.000821903173346, 0.000386145489756, 0.000165140867466, 0.000141897136928, 9.43562190514e-05, 0.000108156404167, 0.000128592961119, 0.000129397434648, 0.000110210239654, 0.000120200907986, 9.62479660416e-08], "dvar": [6.16674800114e-09, 2.05022006412e-05, 2.20738984353e-05, 7.68697209423e-05, 1.52502216224e-05, 8.26808616239e-07, 2.29493912229e-06, 3.98885231334e-06, 5.28979308001e-06, 1.85712326584e-06, 4.76504692415e-06, 1.48490619267e-06, 2.55877534983e-06, 1.37217057272e-06, 1.73079092747e-06, 1.09877714749e-06, 1.42171222706e-06, 2.0880639795e-07, 3.9942523955e-08, 2.88385155756e-08, 1.936522942e-08, 2.75507137104e-08, 3.93215700001e-08, 3.80779567877e-08, 2.83166787796e-08, 4.25806021553e-08, 4.0822370034e-14], "dvar2": [1.27819248519e-08, 4.6237528295e-05, 5.22020054632e-05, 0.000203831936233, 4.08256601077e-05, 1.90042260328e-06, 5.37944060852e-06, 9.48829074332e-06, 1.30925945996e-05, 4.79847994939e-06, 1.38840350701e-05, 3.55021802534e-06, 6.54891800878e-06, 3.58813304047e-06, 4.4524445002e-06, 2.50718517236e-06, 3.43729425367e-06, 5.07087804635e-07, 9.3212271679e-08, 5.98062044332e-08, 3.63234775591e-08, 5.30212638239e-08, 8.48765751016e-08, 8.24236465746e-08, 6.41630606424e-08, 1.12393479412e-07, 1.16321354133e-13], "max": [0.000927445944399, 0.0488129407167, 0.0775561779737, 0.105540052056, 0.0500719249249, 0.0270216614008, 0.0484573990107, 0.0603680498898, 0.0568475499749, 0.0268337577581, 0.0605663098395, 0.036262165755, 0.0345174968243, 0.0220606978983, 0.039404656738, 0.0241242647171, 0.0341018810868, 0.010930929333, 0.00369876855984, 0.00350428908132, 0.00206770515069, 0.00236936914735, 0.00471120839939, 0.00351258856244, 0.00324646220542, 0.00269625335932, 4.7988719416e-06], "mean": [3.28966489178e-05, 0.00448974594474, 0.00333036412485, 0.00271332124248, 0.00244755297899, 0.000765516364481, 0.000748294813093, 0.00100554898381, 0.00121301552281, 0.000777571869548, 0.000930327922106, 0.00080231227912, 0.000859135470819, 0.000721711490769, 0.000732453656383, 0.000676108407788, 0.000762567971833, 0.00043217826169, 0.000178043192136, 0.000184905060451, 0.000115764152724, 0.000103823374957, 0.000122296449263, 0.000122607525554, 8.90735464054e-05, 6.67104977765e-05, 3.65020405013e-08], "median": [3.02139324049e-06, 0.000201685907086, 0.000216189946514, 0.00032642079168, 0.00111490755808, 0.000356453907443, 0.000180936505785, 0.000211735692574, 0.000260089553194, 0.000206482523936, 0.000197909161216, 0.000219914756599, 0.000155021363753, 0.000220786736463, 0.000233240425587, 0.00024064866011, 0.000299042119877, 0.000183244745131, 8.34335878608e-05, 8.41858563945e-05, 4.32012457168e-05, 2.96907310258e-05, 4.0658582293e-05, 3.75234631065e-05, 1.89924630831e-05, 5.49549577045e-06, 4.79027884026e-09], "min": [7.05802726586e-25, 5.73753011965e-24, 4.5636367576e-25, 9.66739079979e-25, 6.65598075564e-24, 1.29752054683e-23, 1.35447401649e-23, 7.82634662754e-24, 1.23399925793e-23, 3.02172317775e-23, 1.51723321841e-23, 4.67317476829e-23, 1.66929136437e-23, 3.90969814483e-23, 3.76842609402e-23, 5.62046734228e-23, 5.04351624876e-23, 9.60526062766e-23, 1.14260203856e-22, 1.37605690376e-22, 2.4180770312e-22, 3.50877404168e-22, 3.95515824242e-22, 6.16325286999e-22, 8.52548157833e-22, 1.23841892689e-21, 1.85504198679e-21], "var": [8.21683876495e-09, 4.64961740363e-05, 5.7027406001e-05, 6.32992087048e-05, 1.65140991157e-05, 1.79811934231e-06, 3.59119007953e-06, 6.90123533786e-06, 7.70555016061e-06, 3.22411233356e-06, 8.34836464492e-06, 3.40751989825e-06, 5.11227062816e-06, 2.49659228757e-06, 2.31068815992e-06, 1.83123711395e-06, 2.20773176807e-06, 4.69877505793e-07, 6.60730705704e-08, 7.62844507562e-08, 4.27859525587e-08, 4.78561617001e-08, 5.97844831418e-08, 6.00651972604e-08, 3.68274797324e-08, 3.45514692413e-08, 2.42268329692e-14]}, "barkbands_crest": {"dmean": 2.96388316154, "dmean2": 4.73913478851, "dvar": 7.03242635727, "dvar2": 16.7430744171, "max": 26.379196167, "mean": 10.5229911804, "median": 9.79679489136, "min": 2.28872251511, "var": 19.7811698914}, "barkbands_flatness_db": {"dmean": 0.0254941433668, "dmean2": 0.0381710492074, "dvar": 0.000591237156186, "dvar2": 0.00130958657246, "max": 0.426207751036, "mean": 0.146765470505, "median": 0.140506580472, "min": 0.0205393433571, "var": 0.00258612935431}, "barkbands_kurtosis": {"dmean": 3.87842464447, "dmean2": 6.09934616089, "dvar": 143.626800537, "dvar2": 367.324859619, "max": 527.246520996, "mean": 4.50243139267, "median": 1.02828598022, "min": -1.8683770895, "var": 170.816604614}, "barkbands_skewness": {"dmean": 0.711396932602, "dmean2": 1.07266271114, "dvar": 0.687094628811, "dvar2": 1.44478619099, "max": 16.3563022614, "mean": 1.38073205948, "median": 1.09590959549, "min": -8.16769599915, "var": 2.40498948097}, "barkbands_spread": {"dmean": 7.3413939476, "dmean2": 11.3442659378, "dvar": 77.722618103, "dvar2": 177.576171875, "max": 117.986022949, "mean": 23.3485107422, "median": 21.6275062561, "min": 0.337690800428, "var": 197.363571167}, "dissonance": {"dmean": 0.0189780201763, "dmean2": 0.0319988504052, "dvar": 0.000432790897321, "dvar2": 0.0011791078141, "max": 0.500000059605, "mean": 0.466430336237, "median": 0.47382864356, "min": 0.260096728802, "var": 0.000812670798041}, "dynamic_complexity": 3.99614524841, "erbbands": {"dmean": [0.0581086836755, 0.587811291218, 1.89146602154, 6.07529067993, 7.67891454697, 5.60914611816, 4.23487091064, 3.46351003647, 6.82009649277, 10.3151502609, 18.5545520782, 19.7787876129, 16.0937385559, 21.1115894318, 23.5849380493, 20.0013408661, 26.3773899078, 25.2131576538, 21.4272975922, 24.6098136902, 24.7677745819, 30.5458717346, 14.2317485809, 7.42278385162, 4.89278888702, 4.3533411026, 3.0489115715, 2.73223352432, 2.49239420891, 3.37612724304, 2.21666026115, 1.77358114719, 1.54947698116, 1.05155158043, 0.428531557322, 0.41043356061, 0.110093466938, 0.00349921896122, 9.93525536614e-05, 1.64523080457e-05], "dmean2": [0.0821180045605, 0.887899875641, 2.98747897148, 10.5119304657, 12.9563083649, 9.16585350037, 6.5748462677, 5.3722577095, 10.5334415436, 16.2162837982, 29.1615467072, 31.4321231842, 25.8711185455, 34.357635498, 38.6369590759, 31.2981967926, 41.5941200256, 40.7089920044, 34.9487838745, 39.999080658, 38.8670120239, 48.3988876343, 22.2540473938, 11.503616333, 7.37957191467, 6.27253866196, 4.40437555313, 3.75943160057, 3.45708680153, 4.98143815994, 3.17172908783, 2.54036784172, 2.24186706543, 1.5476578474, 0.63792693615, 0.664344847202, 0.178292870522, 0.00566780520603, 0.000157897942699, 2.43987269641e-05], "dvar": [0.0171105377376, 1.20085656643, 18.2724781036, 340.217346191, 495.320709229, 120.130836487, 71.4180831909, 53.2998695374, 290.380859375, 941.491943359, 2307.19604492, 3189.08862305, 1698.24853516, 3926.45874023, 7233.77148438, 2379.10473633, 5137.71191406, 4209.77050781, 2661.5402832, 4063.82739258, 3218.94018555, 4697.7734375, 736.326965332, 143.685699463, 85.3659439087, 64.5977706909, 34.5443916321, 38.0452957153, 31.214509964, 53.5687446594, 29.2162876129, 17.7699337006, 10.984000206, 5.68645858765, 0.934804201126, 1.29969882965, 0.0897059738636, 9.499744192e-05, 6.68367547974e-08, 7.33784977225e-10], "dvar2": [0.0332514680922, 2.87222313881, 41.9240036011, 918.663391113, 1297.77966309, 302.401550293, 181.828704834, 117.227783203, 641.742492676, 2316.3046875, 5729.3671875, 7968.26367188, 4308.18212891, 10366.6123047, 21092.6015625, 5673.65429688, 13109.0087891, 11122.9013672, 6692.375, 10677.8095703, 7096.90527344, 11435.7998047, 1672.36523438, 358.644317627, 194.930297852, 132.256439209, 70.4195556641, 70.7685317993, 59.0806312561, 118.924110413, 64.9092788696, 40.2109489441, 23.513710022, 13.0174875259, 2.11375427246, 3.44150924683, 0.232963755727, 0.000247900141403, 1.72294747358e-07, 1.74131908892e-09], "max": [1.7758936882, 10.5134449005, 67.8018112183, 226.118469238, 249.448974609, 199.122116089, 166.455947876, 286.678253174, 341.33380127, 854.725891113, 1248.65917969, 1619.16760254, 853.430419922, 1388.46850586, 2843.02856445, 1566.98669434, 1757.88378906, 1266.69226074, 1716.52941895, 2486.06738281, 1502.69799805, 2212.30224609, 691.986877441, 181.927474976, 229.753875732, 179.822235107, 123.603553772, 85.9814453125, 89.3820343018, 132.135635376, 162.363739014, 116.673690796, 53.0858612061, 50.5634498596, 14.8430643082, 17.0435009003, 3.35807776451, 0.18762023747, 0.00368891120888, 0.000298119353829], "mean": [0.0947137922049, 1.15948712826, 3.63742661476, 7.26176166534, 8.53670978546, 7.78797006607, 7.05793190002, 5.61898374557, 9.74459266663, 14.3757867813, 25.7348403931, 27.0943374634, 23.1876182556, 30.9617824554, 36.7982406616, 33.0935287476, 41.9451637268, 40.6133499146, 32.3809890747, 37.6361198425, 37.0495452881, 47.1272392273, 25.3095321655, 13.7309780121, 8.68531703949, 8.30896472931, 5.78191423416, 4.23068666458, 3.49792361259, 4.33460617065, 3.1488776207, 2.45112919807, 2.0462231636, 1.25571572781, 0.501023590565, 0.380444049835, 0.10050406307, 0.00327353063039, 0.000105450752017, 3.66599415429e-05], "median": [0.00518727814779, 0.0626457408071, 0.291294544935, 1.01930856705, 2.6943769455, 3.40607357025, 3.20778489113, 2.72568511963, 3.0901517868, 3.09699010849, 6.53185558319, 5.91047668457, 6.31840753555, 7.66071605682, 8.14474582672, 9.05899715424, 9.42187213898, 11.4801254272, 13.6930770874, 15.3916063309, 14.5917139053, 18.8844242096, 10.8065767288, 7.19370031357, 4.44597101212, 3.51601004601, 2.27238178253, 1.47153377533, 1.01404464245, 1.32439482212, 1.03027951717, 0.750101029873, 0.604741275311, 0.291154205799, 0.0972974598408, 0.040754519403, 0.00655458960682, 0.000306696281768, 2.73862606264e-05, 2.9883816751e-05], "min": [1.53694767284e-22, 5.94997668809e-22, 1.12839855378e-21, 5.26194548466e-21, 1.10617514301e-20, 2.87492664189e-20, 4.1583907432e-20, 1.12778683595e-19, 1.63023714878e-19, 1.05480171782e-19, 4.11006038947e-19, 3.99196174546e-19, 7.08436612573e-19, 1.08261067699e-18, 1.18001770816e-18, 2.03640761911e-18, 1.1235652163e-18, 2.17903609738e-18, 2.4974588606e-18, 3.24879259445e-18, 3.68007815518e-18, 3.72799341935e-18, 4.98813401299e-18, 6.81835549068e-18, 6.9617034093e-18, 7.45536728041e-18, 9.31351602995e-18, 9.91024246948e-18, 1.01534377055e-17, 1.09033943904e-17, 1.14645834965e-17, 1.12968263052e-17, 1.00768796582e-17, 8.46058445775e-18, 6.30220388744e-18, 3.94870340475e-18, 2.45427693069e-18, 9.42069175397e-19, 2.49741491663e-19, 2.88647195066e-20], "var": [0.0319339185953, 2.83298921585, 53.2565765381, 303.798919678, 422.623809814, 167.499893188, 137.403244019, 103.188598633, 504.483612061, 1581.23730469, 3503.68139648, 4615.05224609, 2811.12304688, 7323.21679688, 13278.0800781, 5618.26269531, 10680.4550781, 8434.171875, 3564.80395508, 5050.12402344, 5405.32910156, 7730.61279297, 1765.50085449, 317.424407959, 151.088821411, 171.090805054, 80.744392395, 74.5557632446, 56.1732330322, 74.9610671997, 42.9062156677, 26.4396038055, 16.8952503204, 7.24282360077, 1.2117934227, 1.05976855755, 0.0760854482651, 7.93586586951e-05, 5.91741446954e-08, 1.27092292246e-09]}, "erbbands_crest": {"dmean": 2.90411949158, "dmean2": 4.80770683289, "dvar": 7.2548251152, "dvar2": 18.7877864838, "max": 28.8637313843, "mean": 9.12300395966, "median": 8.20991611481, "min": 2.37612771988, "var": 17.6982097626}, "erbbands_flatness_db": {"dmean": 0.022660555318, "dmean2": 0.0328826680779, "dvar": 0.000484026648337, "dvar2": 0.000963566941209, "max": 0.400105059147, "mean": 0.165497273207, "median": 0.160597145557, "min": 0.0432107523084, "var": 0.00306007498875}, "erbbands_kurtosis": {"dmean": 1.32969868183, "dmean2": 2.16203379631, "dvar": 7.19561624527, "dvar2": 19.9226531982, "max": 110.297233582, "mean": 0.985226750374, "median": 0.202328920364, "min": -1.82656288147, "var": 8.42695808411}, "erbbands_skewness": {"dmean": 0.445513308048, "dmean2": 0.693912267685, "dvar": 0.203710362315, "dvar2": 0.484906762838, "max": 9.03804683685, "mean": 0.00543781602755, "median": -0.0765469446778, "min": -3.55162715912, "var": 0.781210422516}, "erbbands_spread": {"dmean": 10.6279754639, "dmean2": 16.4417362213, "dvar": 151.672927856, "dvar2": 354.606567383, "max": 152.878952026, "mean": 36.0902366638, "median": 31.5891132355, "min": 3.10311579704, "var": 427.42980957}, "gfcc": {"cov": [[26146.109375, 1420.33251953, -2211.63085938, 856.323181152, -568.389709473, 474.07989502, -589.061828613, 257.473876953, -333.502746582, -131.013519287, -425.790313721, -168.953521729, -95.6180038452], [1420.33251953, 1403.12255859, 16.4100074768, 46.6193161011, 245.034561157, 13.3364686966, 158.277038574, -19.0613193512, 70.2993392944, -110.179862976, 77.645690918, -134.828872681, 37.0708694458], [-2211.63085938, 16.4100074768, 1513.05786133, 541.401184082, 509.848693848, 261.221008301, 168.680755615, 80.2476119995, 56.2725372314, 101.720779419, -133.917541504, 130.195251465, -61.4680709839], [856.323181152, 46.6193161011, 541.401184082, 771.346130371, 404.868408203, 176.10458374, 37.9598197937, 106.463897705, 73.3168106079, 64.719078064, -76.6664199829, 44.7321891785, 26.6533126831], [-568.389709473, 245.034561157, 509.848693848, 404.868408203, 659.779663086, 252.510971069, 212.000289917, 115.116569519, 101.327560425, 114.66040802, -37.218952179, 26.3652877808, -9.41990661621], [474.07989502, 13.3364686966, 261.221008301, 176.10458374, 252.510971069, 390.61227417, 216.517669678, 103.213798523, 17.8245677948, 94.1283340454, -23.7412319183, 3.15835261345, -44.0159683228], [-589.061828613, 158.277038574, 168.680755615, 37.9598197937, 212.000289917, 216.517669678, 341.689727783, 103.590606689, 48.4923973083, 43.3036994934, 52.1497306824, -17.2976646423, -22.8057441711], [257.473876953, -19.0613193512, 80.2476119995, 106.463897705, 115.116569519, 103.213798523, 103.590606689, 169.699584961, 75.293586731, 59.469455719, -1.09113311768, 32.7574806213, -8.97118282318], [-333.502746582, 70.2993392944, 56.2725372314, 73.3168106079, 101.327560425, 17.8245677948, 48.4923973083, 75.293586731, 161.580276489, 56.527256012, 37.3522872925, 7.51973772049, 34.8308677673], [-131.013519287, -110.179862976, 101.720779419, 64.719078064, 114.66040802, 94.1283340454, 43.3036994934, 59.469455719, 56.527256012, 153.828704834, 17.4733943939, 40.1886825562, -17.2476558685], [-425.790313721, 77.645690918, -133.917541504, -76.6664199829, -37.218952179, -23.7412319183, 52.1497306824, -1.09113311768, 37.3522872925, 17.4733943939, 144.544876099, 10.7764549255, 34.2709732056], [-168.953521729, -134.828872681, 130.195251465, 44.7321891785, 26.3652877808, 3.15835261345, -17.2976646423, 32.7574806213, 7.51973772049, 40.1886825562, 10.7764549255, 140.04095459, 29.6021251678], [-95.6180038452, 37.0708694458, -61.4680709839, 26.6533126831, -9.41990661621, -44.0159683228, -22.8057441711, -8.97118282318, 34.8308677673, -17.2476558685, 34.2709732056, 29.6021251678, 118.157775879]], "icov": [[0.000135566850076, -0.00032543297857, 0.000378400756745, -0.00039904814912, 0.000367592379916, -0.000447513593826, 0.000277506595012, -0.00026126037119, 0.000236224630498, -0.000203162519028, 0.000570601318032, -0.000383968930691, 0.000226403659326], [-0.00032543297857, 0.00186646450311, -0.000960639212281, 0.00107052968815, -0.00156694184989, 0.00114213838242, -0.000745623896364, 0.000720556650776, -0.000905097462237, 0.00166006374639, -0.00216223299503, 0.00185206660535, -0.000706552120391], [0.000378400756745, -0.000960639212281, 0.00241135107353, -0.0017732194392, 0.000730921281502, -0.00129678379744, -5.30567012902e-05, 0.000465786375571, -5.75737540203e-05, -0.000509406381752, 0.00280588446185, -0.00279163010418, 0.00169052497949], [-0.00039904814912, 0.00107052968815, -0.0017732194392, 0.0038204130251, -0.00240566348657, 0.000647216686048, 0.000741438823752, -0.000705869984813, -0.000500674417708, 0.00112528551836, -0.00184326735325, 0.00192855356727, -0.00194090174045], [0.000367592379916, -0.00156694184989, 0.000730921281502, -0.00240566348657, 0.00495800748467, -0.00159365590662, -0.000940065947361, -6.37928169454e-05, -0.000213016552152, -0.00249895476736, 0.00302560790442, -0.00159487326164, 0.000547315401491], [-0.000447513593826, 0.00114213838242, -0.00129678379744, 0.000647216686048, -0.00159365590662, 0.00723697245121, -0.00410296022892, 3.20061117236e-05, 0.00101646909025, -0.00194882287178, -0.000541725021321, 0.00186623679474, -0.000656254938804], [0.000277506595012, -0.000745623896364, -5.30567012902e-05, 0.000741438823752, -0.000940065947361, -0.00410296022892, 0.00836703367531, -0.00420432817191, 0.00108648231253, 0.00154620152898, -0.00307097798213, 0.00136333762202, 0.000410577456933], [-0.00026126037119, 0.000720556650776, 0.000465786375571, -0.000705869984813, -6.37928169454e-05, 3.20061117236e-05, -0.00420432817191, 0.0127334436402, -0.00596309173852, -0.000277768238448, 0.00181811244693, -0.00352020305581, 0.00219805072993], [0.000236224630498, -0.000905097462237, -5.75737540203e-05, -0.000500674417708, -0.000213016552152, 0.00101646909025, 0.00108648231253, -0.00596309173852, 0.012249134481, -0.00410250714049, -0.00143133243546, 0.00259972037748, -0.00376910134219], [-0.000203162519028, 0.00166006374639, -0.000509406381752, 0.00112528551836, -0.00249895476736, -0.00194882287178, 0.00154620152898, -0.000277768238448, -0.00410250714049, 0.01274898462, -0.00390488095582, -0.00147527607623, 0.00272059673443], [0.000570601318032, -0.00216223299503, 0.00280588446185, -0.00184326735325, 0.00302560790442, -0.000541725021321, -0.00307097798213, 0.00181811244693, -0.00143133243546, -0.00390488095582, 0.0145226791501, -0.00456500379369, -0.000616293284111], [-0.000383968930691, 0.00185206660535, -0.00279163010418, 0.00192855356727, -0.00159487326164, 0.00186623679474, 0.00136333762202, -0.00352020305581, 0.00259972037748, -0.00147527607623, -0.00456500379369, 0.0134322782978, -0.00523800263181], [0.000226403659326, -0.000706552120391, 0.00169052497949, -0.00194090174045, 0.000547315401491, -0.000656254938804, 0.000410577456933, 0.00219805072993, -0.00376910134219, 0.00272059673443, -0.000616293284111, -0.00523800263181, 0.013229938224]], "mean": [-41.9002151489, 73.9324417114, -128.047317505, 25.9947299957, -55.4725799561, 19.6900291443, -50.634677887, 12.0890254974, -28.0471897125, -2.71901512146, -20.3083534241, -1.31046175957, -11.943116188]}, "hfc": {"dmean": 8.30196380615, "dmean2": 11.5771198273, "dvar": 125.269416809, "dvar2": 245.652816772, "max": 144.524276733, "mean": 20.6695213318, "median": 15.1383476257, "min": 1.09151358883e-16, "var": 400.866699219}, "melbands": {"dmean": [0.000599534367211, 0.000849035393912, 0.00108366052154, 0.000469265680294, 0.000160992320161, 8.35215541883e-05, 0.00010562047828, 0.000119200267363, 0.000164301600307, 0.000124716883874, 8.0632911704e-05, 8.51454533404e-05, 8.12527214293e-05, 5.65494228795e-05, 6.09901180724e-05, 6.15597382421e-05, 4.87677571073e-05, 3.31094452122e-05, 4.66261080874e-05, 3.44881846104e-05, 2.82258624793e-05, 3.76956413675e-05, 1.84173804882e-05, 8.83582379174e-06, 6.24524773229e-06, 3.93958407585e-06, 3.61603747479e-06, 3.10597147291e-06, 2.20144670493e-06, 1.6500662241e-06, 1.64691698501e-06, 1.37906386044e-06, 1.72683553501e-06, 2.06246500056e-06, 1.32912373374e-06, 1.10095311356e-06, 1.13430485271e-06, 1.27821022033e-06, 7.97099119154e-07, 9.70323185356e-07], "dmean2": [0.000866852293257, 0.00130528048612, 0.00186837161891, 0.000777951965574, 0.000252109748544, 0.000129044579808, 0.000163969976711, 0.00018576347793, 0.000259794876911, 0.000198193418328, 0.000130501808599, 0.000138630668516, 0.000133791065309, 9.01914827409e-05, 9.44717176026e-05, 9.86322484096e-05, 7.88600882515e-05, 5.44380054635e-05, 7.63475545682e-05, 5.61143206141e-05, 4.45470323029e-05, 6.04550077696e-05, 2.9303080737e-05, 1.39504973049e-05, 9.83102836472e-06, 6.08027130511e-06, 5.51922676095e-06, 4.56150155514e-06, 3.27037491843e-06, 2.38707002609e-06, 2.31068133871e-06, 1.96386008611e-06, 2.55089503298e-06, 3.1045092328e-06, 1.938258265e-06, 1.60237254931e-06, 1.66639472354e-06, 1.90217508589e-06, 1.16692797292e-06, 1.47050116084e-06], "dvar": [1.45854403399e-06, 2.87752118311e-06, 1.04392793219e-05, 1.22220990306e-06, 8.96413112628e-08, 2.82675589602e-08, 7.32423544036e-08, 1.23654373851e-07, 1.79544628054e-07, 1.33708965677e-07, 4.34014282291e-08, 6.18425488597e-08, 8.45629060109e-08, 2.1345593737e-08, 2.06155181814e-08, 3.21376099066e-08, 1.59785393805e-08, 7.95532528741e-09, 1.27898251989e-08, 6.1197686918e-09, 4.79455497526e-09, 7.71473729344e-09, 1.42885592247e-09, 2.59675031478e-10, 1.08154915579e-10, 6.18341766678e-11, 4.42870011497e-11, 3.50109941039e-11, 1.8087911377e-11, 1.25179441465e-11, 1.48393276833e-11, 1.10309114273e-11, 1.51719990737e-11, 2.15012469634e-11, 1.10418766144e-11, 9.67764843957e-12, 6.88153483849e-12, 8.36220762773e-12, 3.11686397178e-12, 5.48008079887e-12], "dvar2": [3.06690867546e-06, 6.6971592787e-06, 2.75362090179e-05, 3.19237051372e-06, 2.20122274186e-07, 6.24798275339e-08, 1.64557945936e-07, 2.95655695481e-07, 4.48830547839e-07, 3.34154890425e-07, 1.10972443679e-07, 1.6136057468e-07, 2.46013655669e-07, 5.31688293393e-08, 4.97960748191e-08, 8.44559053803e-08, 4.1330572742e-08, 2.0169345305e-08, 3.26367484149e-08, 1.51089611933e-08, 1.05780912918e-08, 1.90675439882e-08, 3.23012350201e-09, 6.21678153401e-10, 2.75991618448e-10, 1.43443174005e-10, 1.00474663312e-10, 7.43459321884e-11, 3.93468521653e-11, 2.58794600333e-11, 2.87996189396e-11, 2.22168377445e-11, 3.32352825816e-11, 4.99597273274e-11, 2.5506933371e-11, 2.29145574043e-11, 1.56807275498e-11, 1.87363024401e-11, 6.66186463633e-12, 1.31372100698e-11], "max": [0.0150148123503, 0.0255754459649, 0.0369926318526, 0.0136057818308, 0.00584622146562, 0.00587413320318, 0.00694762729108, 0.00788541231304, 0.00960265286267, 0.0103527568281, 0.00444419076666, 0.00514865666628, 0.00895999372005, 0.0048172888346, 0.00389882340096, 0.00424945261329, 0.00263558188453, 0.00301800156012, 0.00334352720529, 0.00157930981368, 0.00170905527193, 0.00240013957955, 0.0014806764666, 0.00033448060276, 0.000175414344994, 0.000191782761249, 0.000159313596669, 0.000115565679152, 9.61725818343e-05, 7.70598926465e-05, 5.98224723944e-05, 6.16512043052e-05, 6.76138442941e-05, 8.75439145602e-05, 0.000116393690405, 0.000117612471513, 5.28047130501e-05, 4.82088362332e-05, 3.33005846187e-05, 5.70030060771e-05], "mean": [0.00108370161615, 0.00180975534022, 0.00129767681938, 0.000600828847382, 0.000262729532551, 0.000136235306854, 0.000149076484377, 0.000164644836332, 0.000225057534408, 0.000166431331309, 0.000111124325485, 0.000119567608635, 0.000123703750432, 8.48727358971e-05, 9.38429730013e-05, 9.07843132154e-05, 7.37337468308e-05, 4.52243621112e-05, 6.53625829727e-05, 4.80949493067e-05, 3.86858409911e-05, 5.45517505088e-05, 2.97318274534e-05, 1.56312435138e-05, 1.08199192255e-05, 6.21035451331e-06, 6.1428436311e-06, 5.49397918803e-06, 3.91426738133e-06, 2.73517753158e-06, 2.30675595958e-06, 1.87630394066e-06, 2.17063256969e-06, 2.55858526543e-06, 1.85689373211e-06, 1.50495520757e-06, 1.51441918206e-06, 1.62760784406e-06, 1.03363322523e-06, 1.09732627607e-06], "median": [4.93688130518e-05, 0.000163517222973, 0.000240469657001, 0.000244324852247, 0.00012852193322, 6.61908852635e-05, 4.27162958658e-05, 3.11547992169e-05, 5.39655593457e-05, 3.22972482536e-05, 2.79091291304e-05, 2.90316656901e-05, 2.62920530076e-05, 2.28542685363e-05, 2.19902940444e-05, 1.43422612382e-05, 2.05249380087e-05, 1.70736093423e-05, 1.97678946279e-05, 1.68128408404e-05, 1.2725000488e-05, 2.02500286832e-05, 1.13041633085e-05, 6.97875702826e-06, 5.28193049831e-06, 2.8439549169e-06, 2.79889854937e-06, 2.04052457775e-06, 1.44456748785e-06, 9.85349402072e-07, 6.08312745953e-07, 5.01896352034e-07, 5.801879297e-07, 7.66567097799e-07, 5.93190861764e-07, 4.44293846158e-07, 4.58432793948e-07, 4.73709519611e-07, 2.66342510713e-07, 2.2859150306e-07], "min": [1.93821842514e-24, 4.26584225892e-25, 1.50577177943e-24, 1.53045129285e-24, 2.1660509209e-24, 2.35066646082e-24, 2.49961483821e-24, 1.14055570576e-24, 3.34871296494e-24, 2.01497932438e-24, 3.04216181439e-24, 3.81055315962e-24, 2.65049750254e-24, 4.43069091672e-24, 3.63544260474e-24, 1.56731870725e-24, 3.37922452703e-24, 3.6121215098e-24, 2.77121747851e-24, 3.71527887823e-24, 3.67428059369e-24, 2.76858978284e-24, 4.36317428399e-24, 4.10490437906e-24, 4.83320482702e-24, 4.59281879325e-24, 4.88589560789e-24, 4.10892678082e-24, 4.37573965492e-24, 4.91761254945e-24, 5.46845479247e-24, 5.15152400734e-24, 6.25764544155e-24, 5.10959210593e-24, 5.38022148909e-24, 6.46901125478e-24, 5.94158477e-24, 6.74502027488e-24, 5.51537623912e-24, 6.81387126582e-24], "var": [3.15715556098e-06, 8.74882789503e-06, 9.35119169299e-06, 1.24977111682e-06, 1.6774195899e-07, 5.66186457718e-08, 1.22767403354e-07, 2.25797876396e-07, 2.70763706567e-07, 1.91452002696e-07, 7.04359521819e-08, 1.13802059332e-07, 1.60898721902e-07, 4.66329552751e-08, 3.83363598644e-08, 6.41955679725e-08, 3.00736537895e-08, 9.44593203656e-09, 1.83717165925e-08, 9.17525699862e-09, 7.36241645427e-09, 1.14561782283e-08, 3.29190075199e-09, 5.49358281088e-10, 2.1557289287e-10, 9.30196614179e-11, 9.31981922192e-11, 8.47505191026e-11, 3.8533794211e-11, 2.67945284016e-11, 2.60440679439e-11, 1.81558934553e-11, 2.14506433449e-11, 2.74334235884e-11, 1.51420403993e-11, 1.28238426822e-11, 9.84625835726e-12, 1.15012816979e-11, 4.65285535795e-12, 6.15670405282e-12]}, "melbands_crest": {"dmean": 3.86495423317, "dmean2": 6.28838968277, "dvar": 14.0113716125, "dvar2": 33.2428741455, "max": 33.5741920471, "mean": 14.7849597931, "median": 14.146027565, "min": 1.48336303234, "var": 35.6315765381}, "melbands_flatness_db": {"dmean": 0.0318953767419, "dmean2": 0.0464005693793, "dvar": 0.00101329758763, "dvar2": 0.00210530706681, "max": 0.557207047939, "mean": 0.190521001816, "median": 0.185299053788, "min": 0.00130311539397, "var": 0.00505088688806}, "melbands_kurtosis": {"dmean": 10.1174592972, "dmean2": 16.0302009583, "dvar": 547.06829834, "dvar2": 1281.91149902, "max": 455.177520752, "mean": 14.9695234299, "median": 4.87084150314, "min": -1.88902425766, "var": 862.225463867}, "melbands_skewness": {"dmean": 1.00159585476, "dmean2": 1.52919459343, "dvar": 1.54602754116, "dvar2": 3.43362498283, "max": 17.2581443787, "mean": 2.58689379692, "median": 2.0472984314, "min": -4.01315402985, "var": 4.84574460983}, "melbands_spread": {"dmean": 9.75932216644, "dmean2": 15.2537908554, "dvar": 176.59173584, "dvar2": 442.192108154, "max": 234.467330933, "mean": 27.5522994995, "median": 22.3346366882, "min": 0.253730505705, "var": 486.508117676}, "mfcc": {"cov": [[14490.6503906, 856.677490234, -716.440307617, 228.924865723, 163.377670288, 84.5992279053, -4.37644386292, 130.191604614, 143.816833496, 61.7340087891, -65.1525421143, -17.9280090332, -161.022491455], [856.677490234, 1420.78466797, -38.9767570496, 22.1174144745, 82.7583312988, 63.8331413269, 123.703697205, 74.7715835571, 11.0859184265, 61.1453323364, 0.875308990479, 11.4415283203, 16.0888175964], [-716.440307617, -38.9767570496, 859.832824707, 344.37387085, 261.5050354, 240.175750732, 87.9327774048, 109.186599731, 142.473556519, -31.9103984833, 51.7837142944, -28.8058643341, 56.7276229858], [228.924865723, 22.1174144745, 344.37387085, 626.432678223, 409.143188477, 192.834457397, 77.4348144531, 90.64478302, 184.376968384, 6.32002401352, 41.9886322021, 27.9881858826, 26.7711772919], [163.377670288, 82.7583312988, 261.5050354, 409.143188477, 479.778076172, 250.888595581, 93.2964324951, 76.5012588501, 196.137145996, 35.8448143005, 74.3777008057, 23.6990795135, 26.3870658875], [84.5992279053, 63.8331413269, 240.175750732, 192.834457397, 250.888595581, 364.716125488, 229.51499939, 95.6358108521, 155.232467651, 72.8221054077, 107.295387268, 35.1456756592, 11.4244890213], [-4.37644386292, 123.703697205, 87.9327774048, 77.4348144531, 93.2964324951, 229.51499939, 319.878326416, 134.17918396, 100.551277161, 80.0365371704, 95.9963684082, 62.2260780334, 9.02923870087], [130.191604614, 74.7715835571, 109.186599731, 90.64478302, 76.5012588501, 95.6358108521, 134.17918396, 178.874069214, 102.651275635, 45.1472206116, 53.8652687073, 36.2054367065, 33.0619850159], [143.816833496, 11.0859184265, 142.473556519, 184.376968384, 196.137145996, 155.232467651, 100.551277161, 102.651275635, 212.659042358, 75.0441665649, 67.2129974365, 29.2201328278, 23.8940029144], [61.7340087891, 61.1453323364, -31.9103984833, 6.32002401352, 35.8448143005, 72.8221054077, 80.0365371704, 45.1472206116, 75.0441665649, 160.241775513, 73.6881942749, 31.1650238037, 18.7188301086], [-65.1525421143, 0.875308990479, 51.7837142944, 41.9886322021, 74.3777008057, 107.295387268, 95.9963684082, 53.8652687073, 67.2129974365, 73.6881942749, 150.619537354, 56.4646186829, 34.8239860535], [-17.9280090332, 11.4415283203, -28.8058643341, 27.9881858826, 23.6990795135, 35.1456756592, 62.2260780334, 36.2054367065, 29.2201328278, 31.1650238037, 56.4646186829, 124.296195984, 29.8551464081], [-161.022491455, 16.0888175964, 56.7276229858, 26.7711772919, 26.3870658875, 11.4244890213, 9.02923870087, 33.0619850159, 23.8940029144, 18.7188301086, 34.8239860535, 29.8551464081, 108.433258057]], "icov": [[8.26551768114e-05, -4.93918923894e-05, 0.000127048042486, -8.27447074698e-05, 5.63250359846e-05, -0.000136118964292, 0.000139378389576, -0.000142109915032, -4.95690474054e-05, 3.22313608194e-05, 1.50337909872e-05, 3.48751600541e-05, 0.000107320964162], [-4.93918923894e-05, 0.00081362738274, -1.80302431545e-05, 0.000165485893376, -0.000463591510197, 0.000214613581193, -0.000447488360805, -0.000223961571464, 0.000486006290885, -0.000397818861529, 0.000379611446988, 5.59056570637e-05, -0.000205467149499], [0.000127048042486, -1.80302431545e-05, 0.00219540158287, -0.000971013039816, 0.000507881457452, -0.00166799640283, 0.000805956602562, -0.00100302125793, -0.000206528973649, 0.00107482378371, -0.00032232227386, 0.00112181133591, -0.000771993887611], [-8.27447074698e-05, 0.000165485893376, -0.000971013039816, 0.00432504154742, -0.00353702227585, 0.00121077150106, -0.00057891412871, -0.000138589850394, -0.000568833027501, 0.000207207485801, 0.000844967667945, -0.000910435395781, 0.000185257129488], [5.63250359846e-05, -0.000463591510197, 0.000507881457452, -0.00353702227585, 0.00762032764032, -0.00380376796238, 0.00206053047441, 0.000519064487889, -0.00280743674375, 0.000989750260487, -0.000996246933937, 0.00035403543734, -0.000353242940037], [-0.000136118964292, 0.000214613581193, -0.00166799640283, 0.00121077150106, -0.00380376796238, 0.0102283228189, -0.00623155757785, 0.0024900897406, -0.00153225578833, -0.00054682418704, -0.0015820984263, 0.000569405325223, 0.000730729196221], [0.000139378389576, -0.000447488360805, 0.000805956602562, -0.00057891412871, 0.00206053047441, -0.00623155757785, 0.00951290875673, -0.00487003521994, 0.000923523504753, -0.000634292257018, -0.000770154292695, -0.00165301351808, 0.00145101128146], [-0.000142109915032, -0.000223961571464, -0.00100302125793, -0.000138589850394, 0.000519064487889, 0.0024900897406, -0.00487003521994, 0.0115600256249, -0.00443213060498, 0.000422211363912, -0.00037183664972, -0.00034600586514, -0.00200826511718], [-4.95690474054e-05, 0.000486006290885, -0.000206528973649, -0.000568833027501, -0.00280743674375, -0.00153225578833, 0.000923523504753, -0.00443213060498, 0.0120307505131, -0.00377906998619, 0.000180572853424, -0.000189406971913, 0.000217353037442], [3.22313608194e-05, -0.000397818861529, 0.00107482378371, 0.000207207485801, 0.000989750260487, -0.00054682418704, -0.000634292257018, 0.000422211363912, -0.00377906998619, 0.0102172642946, -0.00361192738637, 0.000535965606105, -0.000684366794303], [1.50337909872e-05, 0.000379611446988, -0.00032232227386, 0.000844967667945, -0.000996246933937, -0.0015820984263, -0.000770154292695, -0.00037183664972, 0.000180572853424, -0.00361192738637, 0.0121452799067, -0.00337001495063, -0.00187627831474], [3.48751600541e-05, 5.59056570637e-05, 0.00112181133591, -0.000910435395781, 0.00035403543734, 0.000569405325223, -0.00165301351808, -0.00034600586514, -0.000189406971913, 0.000535965606105, -0.00337001495063, 0.0111970072612, -0.00227299216203], [0.000107320964162, -0.000205467149499, -0.000771993887611, 0.000185257129488, -0.000353242940037, 0.000730729196221, 0.00145101128146, -0.00200826511718, 0.000217353037442, -0.000684366794303, -0.00187627831474, -0.00227299216203, 0.0115693863481]], "mean": [-673.813964844, 104.217536926, -11.39661026, 7.99941682816, 12.8485536575, 0.53389698267, -2.97941970825, 4.78779268265, -2.65266108513, -0.988768219948, -6.41363239288, -2.51562523842, -3.44366598129]}, "pitch_salience": {"dmean": 0.0840997472405, "dmean2": 0.136874422431, "dvar": 0.00642540212721, "dvar2": 0.0162792764604, "max": 0.942551732063, "mean": 0.530605256557, "median": 0.534636974335, "min": 0.0544822476804, "var": 0.0163338594139}, "silence_rate_20dB": {"dmean": 0, "dmean2": 0, "dvar": 0, "dvar2": 0, "max": 1, "mean": 1, "median": 1, "min": 1, "var": 0}, "silence_rate_30dB": {"dmean": 0.00121469784062, "dmean2": 0.00242976471782, "dvar": 0.00121319235768, "dvar2": 0.00363862258382, "max": 1, "mean": 0.999392747879, "median": 1, "min": 0, "var": 0.00060695403954}, "silence_rate_60dB": {"dmean": 0.0382629819214, "dmean2": 0.0765375867486, "dvar": 0.0367996990681, "dvar2": 0.0749329403043, "max": 1, "mean": 0.133596479893, "median": 0, "min": 0, "var": 0.115746028721}, "spectral_centroid": {"dmean": 303.333374023, "dmean2": 466.704528809, "dvar": 129960.734375, "dvar2": 276699.96875, "max": 12035.0830078, "mean": 1536.26416016, "median": 1423.03552246, "min": 172.762252808, "var": 1346569.375}, "spectral_complexity": {"dmean": 4.08685112, "dmean2": 5.67866373062, "dvar": 21.4856319427, "dvar2": 35.6611442566, "max": 56, "mean": 17.2926979065, "median": 17, "min": 0, "var": 115.320762634}, "spectral_contrast_coeffs": {"dmean": [0.0600747615099, 0.0532126948237, 0.0440840087831, 0.0388729386032, 0.0303008835763, 0.0199242327362], "dmean2": [0.0906505510211, 0.0839342847466, 0.0697577446699, 0.0611913278699, 0.0461390130222, 0.0305874161422], "dvar": [0.00280486163683, 0.0019544721581, 0.00128096912522, 0.001017666189, 0.000707940838765, 0.000286125927232], "dvar2": [0.00617010518909, 0.00471887225285, 0.00312043144368, 0.00249768071808, 0.00157199241221, 0.000654950912576], "max": [-0.232614576817, -0.327706992626, -0.411257565022, -0.454404324293, -0.569033801556, -0.672144055367], "mean": [-0.599966347218, -0.724188685417, -0.766554415226, -0.749826610088, -0.766294538975, -0.797719120979], "median": [-0.60856127739, -0.730766117573, -0.772641658783, -0.747234582901, -0.768148005009, -0.794511079788], "min": [-0.97856938839, -0.990157067776, -0.974691689014, -0.972917497158, -0.969665586948, -0.964324116707], "var": [0.0155195482075, 0.00842143967748, 0.00590766360983, 0.00453776866198, 0.00365817453712, 0.00157463445794]}, "spectral_contrast_valleys": {"dmean": [0.45546901226, 0.465175628662, 0.474571734667, 0.413608074188, 0.38531717658, 0.4311183393], "dmean2": [0.676034092903, 0.672969818115, 0.664572417736, 0.57202064991, 0.489065676928, 0.523474037647], "dvar": [0.161135703325, 0.199922740459, 0.208471387625, 0.180100888014, 0.16491304338, 0.204934328794], "dvar2": [0.315259426832, 0.337487369776, 0.368350178003, 0.300025135279, 0.23703199625, 0.332659870386], "max": [-5.47296619415, -5.09719944, -4.56300401688, -5.68488073349, -5.75977420807, -7.58262252808], "mean": [-8.44592666626, -7.57635545731, -7.88275575638, -8.04284381866, -8.1455783844, -10.3486728668], "median": [-7.97841310501, -7.15515375137, -7.52833509445, -7.63390827179, -7.73237228394, -10.0761365891], "min": [-28.3392772675, -27.9979953766, -27.7265434265, -27.6544094086, -27.4362392426, -27.38722229], "var": [6.47950935364, 5.45953893661, 5.47047138214, 5.37586593628, 5.35438632965, 4.40679550171]}, "spectral_decrease": {"dmean": 2.3071575761e-09, "dmean2": 3.49178264081e-09, "dvar": 1.20682731424e-17, "dvar2": 3.00196913749e-17, "max": 1.81915241604e-28, "mean": -5.97448002182e-09, "median": -5.06989028537e-09, "min": -3.95650410212e-08, "var": 2.7271618709e-17}, "spectral_energy": {"dmean": 0.00923951435834, "dmean2": 0.0138466255739, "dvar": 0.000186168967048, "dvar2": 0.000455188303022, "max": 0.154252648354, "mean": 0.0244238842279, "median": 0.0208797510713, "min": 1.00388569766e-20, "var": 0.000440087809693}, "spectral_energyband_high": {"dmean": 0.000463727599708, "dmean2": 0.000640405458398, "dvar": 7.85004544923e-07, "dvar2": 1.49469497046e-06, "max": 0.0118405399844, "mean": 0.000718498718925, "median": 0.000294510478852, "min": 7.27697118933e-21, "var": 1.48821288803e-06}, "spectral_energyband_low": {"dmean": 0.0044953613542, "dmean2": 0.00709884613752, "dvar": 7.54818902351e-05, "dvar2": 0.000190172169823, "max": 0.105466663837, "mean": 0.00944107212126, "median": 0.00142516801134, "min": 1.83611446212e-23, "var": 0.000178325979505}, "spectral_energyband_middle_high": {"dmean": 0.00280732894316, "dmean2": 0.00427821138874, "dvar": 1.86890247278e-05, "dvar2": 4.37923554273e-05, "max": 0.0762698352337, "mean": 0.00684660719708, "median": 0.00410760147497, "min": 1.28016670817e-21, "var": 7.12860855856e-05}, "spectral_energyband_middle_low": {"dmean": 0.00548828952014, "dmean2": 0.00879424624145, "dvar": 0.000124702710309, "dvar2": 0.000313381868182, "max": 0.1178644225, "mean": 0.0091131804511, "median": 0.00608729757369, "min": 1.66532260516e-22, "var": 0.000143275610753}, "spectral_entropy": {"dmean": 0.210539087653, "dmean2": 0.293029099703, "dvar": 0.0471369624138, "dvar2": 0.0928457677364, "max": 9.82273864746, "mean": 7.58777666092, "median": 7.57039403915, "min": 4.61419582367, "var": 0.237081676722}, "spectral_flux": {"dmean": 0.0269671790302, "dmean2": 0.0395393706858, "dvar": 0.00101060478482, "dvar2": 0.00212756008841, "max": 0.343894094229, "mean": 0.0827779173851, "median": 0.0742439776659, "min": 6.50422701809e-11, "var": 0.00282056024298}, "spectral_kurtosis": {"dmean": 1.65014743805, "dmean2": 2.56778812408, "dvar": 2.69674253464, "dvar2": 6.53708839417, "max": 27.2248077393, "mean": 4.87626791, "median": 4.56661653519, "min": -1.52086734772, "var": 8.13784885406}, "spectral_rms": {"dmean": 0.000870138232131, "dmean2": 0.00121873768512, "dvar": 9.81164248515e-07, "dvar2": 2.11403698813e-06, "max": 0.0122674526647, "mean": 0.00433556269854, "median": 0.00451336801052, "min": 3.1295378615e-12, "var": 5.03106639371e-06}, "spectral_rolloff": {"dmean": 666.694030762, "dmean2": 1120.35510254, "dvar": 1592309, "dvar2": 3873019.25, "max": 19810.546875, "mean": 1903.11083984, "median": 1528.85742188, "min": 64.599609375, "var": 5568989.5}, "spectral_skewness": {"dmean": 0.231527402997, "dmean2": 0.350019365549, "dvar": 0.0488525480032, "dvar2": 0.110036954284, "max": 3.83002376556, "mean": 1.69230127335, "median": 1.69891953468, "min": -0.26403516531, "var": 0.203657478094}, "spectral_spread": {"dmean": 890365.6875, "dmean2": 1262918.25, "dvar": 1228543754240.0, "dvar2": 2484408156160.0, "max": 42809120, "mean": 5180491.5, "median": 4424931.5, "min": 1939031.25, "var": 16093666082800.0}, "s