{"lowlevel": {"average_loudness": 0.950612008572, "barkbands": {"dmean": [3.06612514578e-06, 0.00145703752059, 0.00178908417001, 0.00158516201191, 0.00109188898932, 0.000926449953113, 0.000627319619525, 0.000660806312226, 0.00103355303872, 0.00052195682656, 0.000461208139313, 0.000377242366085, 0.000546711147763, 0.000728944083676, 0.000610494345892, 0.000364977458958, 0.000408450403484, 0.000482385483338, 0.000308320653858, 0.000280928215943, 0.000123380086734, 0.000104521343019, 7.8312761616e-05, 4.89117155666e-05, 1.96774562937e-05, 1.08745289253e-05, 2.43966201197e-06], "dmean2": [5.2701052482e-06, 0.00226928340271, 0.00293518812396, 0.00260461773723, 0.0017705851933, 0.00146719766781, 0.00101505650673, 0.0010485657258, 0.00158723199274, 0.000822572794277, 0.000694197136909, 0.000599346240051, 0.000900203012861, 0.00115409225691, 0.000987697276287, 0.000565239519347, 0.000643427192699, 0.000781762471888, 0.000480014074128, 0.00043829419883, 0.000189550642972, 0.000157370071975, 0.000118478099466, 7.40267059882e-05, 2.8508120522e-05, 1.61642710736e-05, 4.07354173149e-06], "dvar": [2.65054679593e-11, 4.50979996458e-06, 7.87571934779e-06, 9.25230142457e-06, 2.97570977636e-06, 3.26062445311e-06, 2.52374934462e-06, 3.10524455926e-06, 6.5935191742e-06, 2.81941561298e-06, 1.2828729723e-06, 1.49527227222e-06, 2.74648800769e-06, 4.06289882449e-06, 2.16557509702e-06, 1.19115964026e-06, 7.5384491538e-07, 1.40470683618e-06, 5.36446520982e-07, 3.81617780931e-07, 8.0573265393e-08, 4.64779823517e-08, 3.90188574784e-08, 1.95899350075e-08, 1.916874659e-09, 5.43512124196e-10, 5.1192907552e-11], "dvar2": [7.18641604558e-11, 1.11108529381e-05, 1.88888989214e-05, 2.50281700573e-05, 7.63096704759e-06, 7.32289481675e-06, 6.41907081445e-06, 7.14124780643e-06, 1.34634146889e-05, 6.55915255265e-06, 2.74209946838e-06, 3.51149947164e-06, 6.93823994879e-06, 9.60336183198e-06, 5.30276065547e-06, 2.7282510473e-06, 1.75752768428e-06, 3.45983517036e-06, 1.29383920466e-06, 9.04730711682e-07, 1.82618634881e-07, 1.05312722098e-07, 8.92399683039e-08, 4.55061375249e-08, 4.36007052684e-09, 1.21276899634e-09, 1.30429819722e-10], "max": [0.000104997656308, 0.0247997436672, 0.0347586199641, 0.039451405406, 0.0221531968564, 0.0307102762163, 0.0290768630803, 0.0281762313098, 0.0439144447446, 0.0398179739714, 0.0228988975286, 0.0384302102029, 0.0278172753751, 0.034978531301, 0.0357257723808, 0.0258211586624, 0.0179073624313, 0.0182921197265, 0.0161042250693, 0.0163476560265, 0.0050753755495, 0.00606918660924, 0.00498868199065, 0.00328776380047, 0.00129957066383, 0.00035012702574, 0.000183843963896], "mean": [3.30846637553e-06, 0.00281755370088, 0.00300188688561, 0.00213697343133, 0.00171682948712, 0.00132240797393, 0.000818613509182, 0.00071408401709, 0.00130948831793, 0.000576614984311, 0.000560715910979, 0.000404030521167, 0.000526220654137, 0.0008179951692, 0.000658314151224, 0.000429948675446, 0.000479679845739, 0.000512350932695, 0.000427686813055, 0.000366135820514, 0.000162587355589, 0.000147010636283, 0.00010729135829, 6.24906970188e-05, 2.42050591623e-05, 1.09407310447e-05, 1.94147173715e-06], "median": [1.28612134631e-06, 0.00151656544767, 0.00108867231756, 0.000991366687231, 0.000924731255509, 0.000412415363826, 0.000119936012197, 9.55008435994e-05, 0.000212078244658, 5.60037151445e-05, 8.73314857017e-05, 5.88328475715e-05, 7.34122440917e-05, 9.85078077065e-05, 7.947832637e-05, 6.16382458247e-05, 0.000101359561086, 8.30241187941e-05, 7.88707839092e-05, 0.000107554544229, 4.19042407884e-05, 4.99609013787e-05, 3.14604621963e-05, 1.60415002028e-05, 5.11190592078e-06, 9.05463707568e-07, 2.31649668336e-08], "min": [3.85163821886e-24, 1.78550666847e-23, 6.8466531696e-24, 2.03249412696e-23, 6.00746230754e-23, 2.85959175134e-23, 1.43889554399e-23, 4.43081461011e-23, 5.9391608371e-23, 8.13687430759e-23, 7.86590689754e-23, 8.81852396708e-23, 1.72168854699e-22, 8.50852182617e-23, 1.61761456953e-22, 2.11451237393e-22, 1.36738574469e-22, 2.5584399987e-22, 2.83560659329e-22, 3.97248667661e-22, 3.47931835413e-22, 6.66601449838e-22, 5.72236923857e-22, 8.89935267492e-22, 1.29160445923e-21, 1.78421121372e-21, 2.51246942606e-21], "var": [3.07430851609e-11, 1.12645147965e-05, 1.74115502887e-05, 1.04386226667e-05, 4.97028804602e-06, 6.05889363214e-06, 3.9924552766e-06, 4.07930883739e-06, 1.11329300125e-05, 3.68124437955e-06, 1.89243678506e-06, 1.87352782177e-06, 2.6370444175e-06, 5.48980187887e-06, 2.85497321784e-06, 1.81146572231e-06, 1.0667239394e-06, 1.51580138663e-06, 8.55042515013e-07, 5.77169601002e-07, 1.31788851832e-07, 7.52801696535e-08, 6.09667196727e-08, 2.74435780767e-08, 2.80541256892e-09, 6.36381392027e-10, 4.1485485186e-11]}, "barkbands_crest": {"dmean": 3.07100868225, "dmean2": 4.89755630493, "dvar": 7.76068258286, "dvar2": 18.3567733765, "max": 26.655620575, "mean": 10.1959161758, "median": 9.50000667572, "min": 2.16690468788, "var": 19.443977356}, "barkbands_flatness_db": {"dmean": 0.0338037274778, "dmean2": 0.0462241321802, "dvar": 0.00106585712638, "dvar2": 0.00183047959581, "max": 0.447842419147, "mean": 0.160891368985, "median": 0.15507593751, "min": 0.0220058225095, "var": 0.00428992277011}, "barkbands_kurtosis": {"dmean": 6.45881891251, "dmean2": 9.74145317078, "dvar": 486.054199219, "dvar2": 1148.859375, "max": 1602.9609375, "mean": 8.80511569977, "median": 1.4188015461, "min": -1.91913092136, "var": 531.004821777}, "barkbands_skewness": {"dmean": 0.901103794575, "dmean2": 1.32062613964, "dvar": 1.0771894455, "dvar2": 2.11584281921, "max": 37.8626403809, "mean": 1.80513143539, "median": 1.30020833015, "min": -3.76709461212, "var": 3.84993720055}, "barkbands_spread": {"dmean": 7.94228506088, "dmean2": 12.1940441132, "dvar": 84.4975585938, "dvar2": 180.844741821, "max": 121.048164368, "mean": 21.9953193665, "median": 19.7913017273, "min": 0.305623203516, "var": 227.94934082}, "dissonance": {"dmean": 0.0186822060496, "dmean2": 0.0310201793909, "dvar": 0.000405691884225, "dvar2": 0.00107791472692, "max": 0.5, "mean": 0.466331958771, "median": 0.475064516068, "min": 0.287327080965, "var": 0.000836216437165}, "dynamic_complexity": 3.29339528084, "erbbands": {"dmean": [0.016917264089, 0.41298571229, 1.69375860691, 4.32341146469, 3.9554977417, 3.31654167175, 5.92489385605, 7.87580633163, 9.33613586426, 8.05588245392, 18.0403938293, 23.4890995026, 15.9491434097, 18.1124534607, 14.6659660339, 16.4451370239, 23.2593955994, 35.2627716064, 31.8051776886, 23.7872467041, 21.2908744812, 20.8399906158, 26.0964775085, 18.8115997314, 17.8809261322, 10.5973110199, 5.93585586548, 4.72918653488, 4.01183271408, 2.5582473278, 2.20368075371, 1.41347908974, 0.616190433502, 0.233489826322, 0.132421970367, 0.0439719669521, 0.0194411613047, 0.00697340723127, 0.000290502706775, 1.36600119731e-05], "dmean2": [0.0259137898684, 0.644338905811, 2.75113248825, 7.08264160156, 6.4964928627, 5.33747625351, 9.4241771698, 12.4746370316, 15.2629842758, 12.6435441971, 27.9114151001, 35.6049766541, 25.160490036, 27.728553772, 21.8811092377, 26.0887794495, 37.8119621277, 55.2420310974, 50.5971336365, 37.436290741, 32.6592445374, 32.2017593384, 41.7899742126, 29.3797340393, 27.7431545258, 16.0819549561, 9.0225725174, 7.23388338089, 6.04843139648, 3.83752703667, 3.33151054382, 2.13960599899, 0.938315033913, 0.345436960459, 0.19299004972, 0.0636470392346, 0.0292460713536, 0.0110344383866, 0.000484946998768, 1.99785845325e-05], "dvar": [0.000621339655481, 0.354296773672, 6.73507070541, 53.7169876099, 54.5713615417, 28.3960399628, 147.437774658, 289.23526001, 585.857971191, 399.437896729, 2227.89038086, 3488.69116211, 2539.27319336, 2471.67578125, 1366.19567871, 3094.39428711, 5208.85400391, 8774.63671875, 6349.0390625, 4067.27832031, 2873.46582031, 1787.97436523, 4153.66552734, 1807.95874023, 1956.7545166, 409.223358154, 159.573760986, 128.417556763, 76.5230712891, 27.6349964142, 33.1900978088, 15.9395208359, 3.33692669868, 0.393162578344, 0.0738880932331, 0.0075368010439, 0.001880880096, 0.000309489871142, 7.66435221067e-07, 3.82204323746e-10], "dvar2": [0.00146873178892, 0.87461322546, 16.5331459045, 142.631530762, 146.024307251, 72.4597625732, 333.769500732, 665.297607422, 1531.53845215, 929.04119873, 4853.89941406, 7276.03417969, 5997.42724609, 5600.6796875, 3058.03051758, 7256.83691406, 13328.0537109, 21050.5625, 15198.6640625, 9636.19726562, 6380.953125, 4118.76123047, 10398.28125, 4123.13623047, 4707.66162109, 938.81640625, 365.078704834, 288.324462891, 176.232086182, 62.7862052917, 75.2924804688, 36.9854049683, 7.9945268631, 0.920382380486, 0.164529681206, 0.0163127947599, 0.00424441276118, 0.000742813164834, 1.99015494218e-06, 8.71324956631e-10], "max": [0.390772998333, 6.63561582565, 32.0503082275, 103.161148071, 117.648368835, 93.8162994385, 244.077713013, 285.143066406, 419.896606445, 495.793518066, 811.158813477, 1261.83410645, 1384.85168457, 1530.1763916, 972.722045898, 1981.00280762, 1286.83105469, 1587.58496094, 1920.13806152, 1389.80371094, 1550.56750488, 762.159240723, 968.933776855, 628.038146973, 893.101501465, 330.831848145, 285.240203857, 240.670425415, 233.160476685, 137.559707642, 173.480621338, 99.9376525879, 49.9578323364, 21.7874221802, 6.14159965515, 1.43053030968, 0.725381731987, 0.426144480705, 0.0222104992718, 0.00039803047548], "mean": [0.034388627857, 0.80975061655, 3.10354208946, 6.49482870102, 5.97669887543, 5.1354060173, 8.5214176178, 10.4621744156, 11.5022039413, 11.370472908, 22.1629753113, 29.465669632, 18.8740711212, 22.287109375, 18.7242965698, 18.2975578308, 24.4080791473, 40.2968330383, 36.8670272827, 28.2194423676, 26.2518482208, 25.6515445709, 28.5072841644, 21.8598518372, 25.357591629, 15.2855854034, 8.11811256409, 6.4456448555, 5.58433771133, 3.56083250046, 2.99440765381, 1.81182003021, 0.770041108131, 0.290153712034, 0.159354433417, 0.0497260093689, 0.0189114995301, 0.00603574095294, 0.000237592699705, 2.94182300422e-05], "median": [0.0196249876171, 0.476045310497, 1.69506072998, 3.29152202606, 3.23776507378, 3.00964951515, 3.03442192078, 3.20841002464, 2.07213354111, 2.45251274109, 3.16873979568, 5.41760635376, 3.32983970642, 3.26218605042, 3.77986717224, 3.00965166092, 3.96853637695, 5.34365320206, 5.60385704041, 3.73801898956, 4.70020389557, 5.60453128815, 5.18755531311, 4.44387626648, 4.51352930069, 5.10281658173, 2.7505645752, 1.62087225914, 1.77813386917, 1.27061510086, 0.838534355164, 0.478551506996, 0.182976663113, 0.066661387682, 0.0296334400773, 0.00686134025455, 0.00116207520477, 0.000147185666719, 1.88765880011e-05, 2.43621034315e-05], "min": [8.29543156301e-22, 2.84942980925e-21, 6.21652241286e-21, 3.39529207119e-20, 1.09968376238e-19, 1.53203465419e-19, 4.40855523435e-19, 1.81106865345e-19, 1.26756808101e-19, 7.5865097355e-19, 6.65295162822e-19, 1.00239525067e-18, 2.7858835053e-18, 2.8813097491e-18, 3.56121519629e-18, 3.65610273872e-18, 8.63185385794e-18, 5.32079627686e-18, 7.16719327143e-18, 9.04407848902e-18, 1.08631404731e-17, 8.88640214784e-18, 1.38229060285e-17, 1.30710162225e-17, 1.53741575359e-17, 2.08186322036e-17, 1.10268378619e-17, 2.12398855111e-17, 2.281091987e-17, 1.64907239771e-17, 1.61247577674e-17, 1.17513819041e-17, 2.08998778834e-17, 1.17035030359e-17, 1.05235538803e-17, 6.72479019647e-18, 3.74816711371e-18, 1.3472959619e-18, 3.20243103397e-19, 3.67299857481e-20], "var": [0.00166785705369, 0.872644841671, 15.4395532608, 73.3200454712, 71.0118865967, 44.5842437744, 302.366546631, 453.359527588, 792.725708008, 698.050842285, 3506.66625977, 5456.21191406, 3450.1496582, 3537.04492188, 1989.95495605, 3828.88525391, 5055.06445312, 11626.8984375, 8683.15917969, 5944.00537109, 4516.65087891, 2705.89990234, 4360.75, 2348.96655273, 3290.92504883, 713.125793457, 249.764389038, 217.063873291, 121.096595764, 43.2911643982, 52.5576515198, 22.6409435272, 4.41676044464, 0.55567753315, 0.10452517122, 0.0100996540859, 0.00211523822509, 0.000295042438665, 5.93733773258e-07, 6.32941421497e-10]}, "erbbands_crest": {"dmean": 3.261054039, "dmean2": 5.26269721985, "dvar": 10.3738336563, "dvar2": 26.3437976837, "max": 32.0444946289, "mean": 9.71559047699, "median": 8.48612594604, "min": 2.00095963478, "var": 24.8638362885}, "erbbands_flatness_db": {"dmean": 0.0258954130113, "dmean2": 0.0365147106349, "dvar": 0.000591273943428, "dvar2": 0.00111435924191, "max": 0.389469236135, "mean": 0.170993700624, "median": 0.167467877269, "min": 0.0239437203854, "var": 0.00285002728924}, "erbbands_kurtosis": {"dmean": 1.36316525936, "dmean2": 2.18715977669, "dvar": 3.43039321899, "dvar2": 8.28029537201, "max": 27.6266040802, "mean": 0.595804870129, "median": -0.167959332466, "min": -1.85996055603, "var": 6.01446390152}, "erbbands_skewness": {"dmean": 0.547740280628, "dmean2": 0.824467241764, "dvar": 0.281371593475, "dvar2": 0.595671236515, "max": 4.14316701889, "mean": 0.154613882303, "median": 0.0807496905327, "min": -3.65456652641, "var": 0.953701257706}, "erbbands_spread": {"dmean": 12.0917358398, "dmean2": 18.4621486664, "dvar": 154.797683716, "dvar2": 342.564788818, "max": 146.151168823, "mean": 42.2030258179, "median": 37.6399879456, "min": 2.06176710129, "var": 518.637390137}, "gfcc": {"cov": [[8353.37597656, -898.028686523, -939.24005127, -92.1859817505, -529.380310059, 51.8610687256, -333.141357422, 128.315109253, -57.5490684509, 59.4746208191, -196.299682617, 54.3368034363, -94.1594238281], [-898.028686523, 1761.86047363, 186.948486328, 117.424705505, 415.385253906, -155.52557373, 269.068817139, -102.273452759, 110.216506958, -189.149932861, 144.760757446, -141.402801514, 61.3836479187], [-939.24005127, 186.948486328, 1462.37670898, 478.022247314, 263.211578369, 107.046524048, -48.9996070862, -47.1735916138, -127.954986572, -42.3266029358, -90.0405426025, 37.1707763672, -121.727813721], [-92.1859817505, 117.424705505, 478.022247314, 586.462585449, 148.596801758, 61.7377166748, -24.4061908722, -24.8422889709, -26.7836818695, -64.899848938, -22.1883964539, -39.8679542542, 14.1758728027], [-529.380310059, 415.385253906, 263.211578369, 148.596801758, 384.190887451, -25.0464038849, 58.3935127258, -5.14297580719, -17.4763450623, -63.4032440186, 5.56093168259, -33.7513313293, -18.9882984161], [51.8610687256, -155.52557373, 107.046524048, 61.7377166748, -25.0464038849, 304.301391602, 18.9140300751, -43.6521644592, 23.7888565063, 12.884850502, -27.9074401855, 2.02095627785, 3.32938170433], [-333.141357422, 269.068817139, -48.9996070862, -24.4061908722, 58.3935127258, 18.9140300751, 239.751754761, 7.51560401917, -11.9068651199, -32.5724372864, 33.9190177917, -42.7903709412, -1.691203475], [128.315109253, -102.273452759, -47.1735916138, -24.8422889709, -5.14297580719, -43.6521644592, 7.51560401917, 138.200866699, 0.812073349953, 2.05203461647, 0.845128774643, 19.2337207794, -5.57780504227], [-57.5490684509, 110.216506958, -127.954986572, -26.7836818695, -17.4763450623, 23.7888565063, -11.9068651199, 0.812073349953, 183.662322998, 21.9370803833, 4.40855121613, -6.66078996658, 52.4964141846], [59.4746208191, -189.149932861, -42.3266029358, -64.899848938, -63.4032440186, 12.884850502, -32.5724372864, 2.05203461647, 21.9370803833, 126.585838318, 16.8516864777, 16.8826408386, -17.589471817], [-196.299682617, 144.760757446, -90.0405426025, -22.1883964539, 5.56093168259, -27.9074401855, 33.9190177917, 0.845128774643, 4.40855121613, 16.8516864777, 118.879142761, 8.36950683594, 17.8748149872], [54.3368034363, -141.402801514, 37.1707763672, -39.8679542542, -33.7513313293, 2.02095627785, -42.7903709412, 19.2337207794, -6.66078996658, 16.8826408386, 8.36950683594, 111.724365234, 11.6705589294], [-94.1594238281, 61.3836479187, -121.727813721, 14.1758728027, -18.9882984161, 3.32938170433, -1.691203475, -5.57780504227, 52.4964141846, -17.589471817, 17.8748149872, 11.6705589294, 105.631370544]], "icov": [[0.000184680873645, -0.000165606659721, 0.000274684163742, -0.000217607812374, 0.000246117386268, -0.000175072753336, 0.000315771467285, -0.000248834170634, 0.000251503981417, -0.000138361210702, 0.000495583342854, -0.000275053927908, 0.000446776393801], [-0.000165606659721, 0.00209588836879, -0.000843152985908, 0.000662812206428, -0.00138064031489, 0.00129872001708, -0.0015942924656, 0.00169750314672, -0.00209867232479, 0.00237803603522, -0.00276863388717, 0.00172735843807, -0.00093452289002], [0.000274684163742, -0.000843152985908, 0.00197306554765, -0.00148656824604, 0.000105443665234, -0.000846314418595, 0.000897394609638, -0.00040411829832, 0.00125930900685, -0.00101456092671, 0.00213631149381, -0.00210145744495, 0.00232258625329], [-0.000217607812374, 0.000662812206428, -0.00148656824604, 0.00329696759582, -0.000933671137318, 3.23882268276e-05, 1.96586443053e-05, 0.000311039242661, -0.000476658635307, 0.00146030623, -0.00163220940158, 0.00241069844924, -0.00239690276794], [0.000246117386268, -0.00138064031489, 0.000105443665234, -0.000933671137318, 0.00461371289566, -0.000370366935385, 0.000487354089273, -0.00122577685397, 0.000941322010476, -0.00020434873295, 0.00138852954842, -0.000598565035034, 0.00138194009196], [-0.000175072753336, 0.00129872001708, -0.000846314418595, 3.23882268276e-05, -0.000370366935385, 0.00476205861196, -0.00202182121575, 0.00233756634407, -0.00204169680364, 0.000800205452833, -0.000766047625802, 0.000545358459931, -0.00079869228648], [0.000315771467285, -0.0015942924656, 0.000897394609638, 1.96586443053e-05, 0.000487354089273, -0.00202182121575, 0.00682974047959, -0.00222857529297, 0.00220265379176, -0.000376198790036, 0.000474411499454, 0.000762152019888, 0.00106064695865], [-0.000248834170634, 0.00169750314672, -0.00040411829832, 0.000311039242661, -0.00122577685397, 0.00233756634407, -0.00222857529297, 0.00955803319812, -0.00220790854655, 0.00183381373063, -0.00171523715835, -0.000700919830706, 0.000229646393564], [0.000251503981417, -0.00209867232479, 0.00125930900685, -0.000476658635307, 0.000941322010476, -0.00204169680364, 0.00220265379176, -0.00220790854655, 0.00925523415208, -0.00414115516469, 0.00339046888985, -0.000618664606009, -0.00268342648633], [-0.000138361210702, 0.00237803603522, -0.00101456092671, 0.00146030623, -0.00020434873295, 0.000800205452833, -0.000376198790036, 0.00183381373063, -0.00414115516469, 0.0131882987916, -0.00546798948199, 0.0013407941442, 0.00218977150507], [0.000495583342854, -0.00276863388717, 0.00213631149381, -0.00163220940158, 0.00138852954842, -0.000766047625802, 0.000474411499454, -0.00171523715835, 0.00339046888985, -0.00546798948199, 0.0144409490749, -0.00421787705272, 0.000349136214936], [-0.000275053927908, 0.00172735843807, -0.00210145744495, 0.00241069844924, -0.000598565035034, 0.000545358459931, 0.000762152019888, -0.000700919830706, -0.000618664606009, 0.0013407941442, -0.00421787705272, 0.0135880149901, -0.00440055411309], [0.000446776393801, -0.00093452289002, 0.00232258625329, -0.00239690276794, 0.00138194009196, -0.00079869228648, 0.00106064695865, 0.000229646393564, -0.00268342648633, 0.00218977150507, 0.000349136214936, -0.00440055411309, 0.0158344265074]], "mean": [-38.2678108215, 96.03465271, -124.687515259, 46.9708366394, -53.9732513428, 10.2926931381, -33.4391441345, 3.16492152214, -21.0473041534, -3.57264685631, -15.1480112076, -5.95526409149, -13.1856117249]}, "hfc": {"dmean": 8.85063838959, "dmean2": 12.609044075, "dvar": 173.591690063, "dvar2": 365.258758545, "max": 138.113967896, "mean": 17.9900341034, "median": 10.76130867, "min": 1.27864943814e-16, "var": 376.490112305}, "melbands": {"dmean": [0.000280963402474, 0.000753575412091, 0.000697972893249, 0.000255873281276, 0.000181433497346, 0.0001774081029, 0.000139768613735, 9.08764850465e-05, 0.000162170908879, 0.000143739729538, 7.98607434263e-05, 7.41500407457e-05, 5.32486337761e-05, 3.87651998608e-05, 5.27109186805e-05, 5.54946891498e-05, 7.15904825483e-05, 5.50624536118e-05, 4.58905196865e-05, 2.58875188592e-05, 2.7664926165e-05, 2.37178519455e-05, 2.36998566834e-05, 2.22620838031e-05, 1.55601192091e-05, 9.47556327446e-06, 1.57097420015e-05, 5.98868246016e-06, 4.25504640589e-06, 3.032119821e-06, 2.8445206226e-06, 2.57083229371e-06, 1.71552710526e-06, 1.44532691593e-06, 1.38735117616e-06, 1.09054553832e-06, 8.028632692e-07, 4.87231602619e-07, 2.82323924239e-07, 1.70235566088e-07], "dmean2": [0.000432005472248, 0.00120801932644, 0.00113864033483, 0.000416987866629, 0.000287790753646, 0.000281153654214, 0.000226063610171, 0.000142133401823, 0.000249588250881, 0.000219773297431, 0.00012676732149, 0.000114143978863, 7.92451464804e-05, 6.05547247687e-05, 8.49664938869e-05, 9.09782975214e-05, 0.000112946610898, 8.78761711647e-05, 7.40458999644e-05, 4.0781833377e-05, 4.34107932961e-05, 3.75125709979e-05, 3.74407936761e-05, 3.61770107702e-05, 2.44570910581e-05, 1.47237569763e-05, 2.46632116614e-05, 9.10519429453e-06, 6.52212247587e-06, 4.69915539725e-06, 4.38055621999e-06, 3.90756258639e-06, 2.62392973127e-06, 2.20865513256e-06, 2.12235909203e-06, 1.67385792338e-06, 1.23210497804e-06, 7.53533981879e-07, 4.28575077649e-07, 2.54221333762e-07], "dvar": [1.67013197938e-07, 1.16863429866e-06, 1.42896658417e-06, 1.7998000601e-07, 1.21598745295e-07, 1.35218982678e-07, 1.24494192733e-07, 5.11956095295e-08, 1.85513741258e-07, 1.23090757143e-07, 6.70399984415e-08, 4.43411778406e-08, 1.77462986528e-08, 1.42231524336e-08, 2.54173055936e-08, 2.9940061097e-08, 3.93942691801e-08, 2.37360762156e-08, 1.2976337338e-08, 7.7935995435e-09, 4.91334750663e-09, 2.61196064777e-09, 2.93279156516e-09, 3.38111982856e-09, 1.28342292349e-09, 4.8024378918e-10, 1.68788505395e-09, 1.39784323006e-10, 8.60607973774e-11, 5.91808685391e-11, 4.6674643317e-11, 3.30793795134e-11, 1.16995848773e-11, 1.00104473322e-11, 1.25786664071e-11, 1.11478387285e-11, 5.21007325824e-12, 2.220341749e-12, 6.44939776497e-13, 2.16334708394e-13], "dvar2": [4.04989918934e-07, 2.85877604256e-06, 3.77904825655e-06, 4.75423064472e-07, 2.74199322803e-07, 3.12395286528e-07, 3.21257090263e-07, 1.1670965705e-07, 3.88184020039e-07, 2.63091720853e-07, 1.58332426281e-07, 1.00659498514e-07, 3.82937024312e-08, 3.29618536909e-08, 6.10943260426e-08, 7.58924514344e-08, 9.38508861736e-08, 5.67102489413e-08, 3.1037970416e-08, 1.8411608238e-08, 1.13257030421e-08, 6.24541618421e-09, 7.04059477385e-09, 8.33896773855e-09, 2.95449265053e-09, 1.15912635046e-09, 4.10399758621e-09, 3.15616283109e-10, 2.01004102252e-10, 1.38566463859e-10, 1.05936009964e-10, 7.7573801549e-11, 2.69171039624e-11, 2.36462949915e-11, 2.86234612401e-11, 2.64359610591e-11, 1.2238433357e-11, 5.46780459451e-12, 1.52670259247e-12, 5.17038343563e-13], "max": [0.0054671280086, 0.0118066351861, 0.0163129009306, 0.00575653137639, 0.00635402649641, 0.00613550515845, 0.00598352309316, 0.00440889364108, 0.0070419148542, 0.00717286625877, 0.00713128456846, 0.00629090424627, 0.00312690902501, 0.00379063165747, 0.00352182448842, 0.00291990791447, 0.00369981187396, 0.00363156129606, 0.00326067395508, 0.00248963711783, 0.00197240384296, 0.000961025478318, 0.00109965528827, 0.00116633775178, 0.000589731673244, 0.00039016752271, 0.000991068896838, 0.000230527235544, 0.000256026833085, 0.000196864028112, 0.000155430388986, 0.00016931227583, 8.3189625002e-05, 8.10726123746e-05, 0.000103470134491, 0.000107298692456, 4.98829795106e-05, 4.1619532567e-05, 2.20896781684e-05, 1.78793561645e-05], "mean": [0.000564366579056, 0.00150451099034, 0.00108386040665, 0.000406644277973, 0.000270753458608, 0.000239748726017, 0.000178580303327, 0.000123380974401, 0.00020670494996, 0.000177418958629, 9.02321626199e-05, 8.85354456841e-05, 6.55804396956e-05, 4.46935628133e-05, 5.40864057257e-05, 5.43537717022e-05, 7.87963799667e-05, 5.94915254624e-05, 4.93768384331e-05, 2.97059068544e-05, 3.15414945362e-05, 2.70415966952e-05, 2.68866497208e-05, 2.30775203818e-05, 1.73551343323e-05, 1.2826958482e-05, 2.10755606531e-05, 8.24267317512e-06, 5.5891955526e-06, 3.76292427973e-06, 3.75954277843e-06, 3.44341583514e-06, 2.28733779295e-06, 1.90524281152e-06, 1.83550594102e-06, 1.38117093229e-06, 9.91665615402e-07, 5.87037220612e-07, 3.38501536135e-07, 2.07089129844e-07], "median": [0.000313476921292, 0.00109498738311, 0.000663874321617, 0.000225712865358, 0.000109314481961, 7.29345483705e-05, 2.94157325698e-05, 2.35749303101e-05, 2.24963969231e-05, 2.99489256577e-05, 1.084086216e-05, 1.02533977042e-05, 1.16932624223e-05, 7.81504968472e-06, 6.33164563624e-06, 6.90297565598e-06, 9.09670961846e-06, 8.0758218246e-06, 5.87078329772e-06, 3.45438684235e-06, 5.31589239472e-06, 5.44004342373e-06, 5.05168100062e-06, 3.64504353456e-06, 3.19052469422e-06, 2.53903181147e-06, 3.49680749423e-06, 2.71751991932e-06, 1.77357946995e-06, 8.76986405274e-07, 8.68595748216e-07, 1.00016427496e-06, 7.9129642927e-07, 6.13962697571e-07, 4.96809036576e-07, 3.43632905242e-07, 2.3699134033e-07, 1.28054423953e-07, 7.32160003736e-08, 4.44747065842e-08], "min": [6.24296040137e-24, 3.41003506741e-24, 8.90580416873e-24, 8.47107870108e-24, 1.42084435544e-23, 3.99012156748e-24, 2.11472388331e-24, 9.47157126565e-24, 4.87803145353e-24, 7.32920727393e-24, 1.39141747709e-23, 1.13146911282e-23, 1.08539435058e-23, 8.38219222086e-24, 1.58580795026e-23, 1.63514977994e-23, 8.75101072646e-24, 1.00744716231e-23, 1.27177993661e-23, 1.36832783394e-23, 1.19895868761e-23, 9.56314223952e-24, 7.93055751971e-24, 1.41321891038e-23, 9.9623918434e-24, 1.08306657982e-23, 1.36620879577e-23, 1.3743130794e-23, 5.7667278339e-24, 7.83848798574e-24, 1.4943775514e-23, 1.37744296393e-23, 1.0761782464e-23, 9.10670968635e-24, 1.02275508706e-23, 7.06474402204e-24, 6.48799085373e-24, 1.62840423034e-23, 9.77424851751e-24, 1.01554213737e-23], "var": [4.46483142014e-07, 2.7276628316e-06, 1.90162461422e-06, 2.73574414678e-07, 2.58245961504e-07, 2.15838255713e-07, 1.83553751754e-07, 8.682283692e-08, 3.29425716927e-07, 1.84917126944e-07, 9.09690882622e-08, 6.17806108494e-08, 2.57330068365e-08, 1.90973761249e-08, 2.9047301453e-08, 2.93035178345e-08, 5.12012228171e-08, 3.03729628115e-08, 1.72454708292e-08, 1.12438716116e-08, 6.7845968843e-09, 3.501271717e-09, 3.51313556024e-09, 3.56880014429e-09, 1.62869728815e-09, 7.41346317668e-10, 2.66153210582e-09, 2.42204867273e-10, 1.24795646039e-10, 8.69320102015e-11, 7.7813505639e-11, 5.05428060515e-11, 1.73847967272e-11, 1.43586201956e-11, 1.96628616167e-11, 1.51134261356e-11, 7.05142931892e-12, 2.76725604237e-12, 8.56110917834e-13, 2.93860015531e-13]}, "melbands_crest": {"dmean": 3.85181379318, "dmean2": 6.17717552185, "dvar": 12.4226036072, "dvar2": 29.7230567932, "max": 39.4132728577, "mean": 14.4642124176, "median": 13.7184371948, "min": 1.61527073383, "var": 32.4226150513}, "melbands_flatness_db": {"dmean": 0.0409791283309, "dmean2": 0.0556605607271, "dvar": 0.00163236877415, "dvar2": 0.00274427700788, "max": 0.508313596249, "mean": 0.213481098413, "median": 0.201358348131, "min": 0.00578093994409, "var": 0.00776477437466}, "melbands_kurtosis": {"dmean": 15.9446563721, "dmean2": 24.1248779297, "dvar": 986.227539062, "dvar2": 2173.95288086, "max": 1438.49169922, "mean": 26.2179508209, "median": 7.30965614319, "min": -1.84930312634, "var": 1991.06750488}, "melbands_skewness": {"dmean": 1.214012146, "dmean2": 1.80025970936, "dvar": 1.87834978104, "dvar2": 3.68413591385, "max": 32.0229072571, "mean": 3.22698879242, "median": 2.44493722916, "min": -2.10991644859, "var": 6.95692539215}, "melbands_spread": {"dmean": 10.9529075623, "dmean2": 16.7699298859, "dvar": 203.695678711, "dvar2": 424.42364502, "max": 205.785263062, "mean": 26.3079185486, "median": 20.6044502258, "min": 0.357946842909, "var": 536.908691406}, "mfcc": {"cov": [[7058.05957031, -1001.91143799, -693.551574707, -428.737915039, -310.677276611, -214.474884033, -319.948181152, -53.2433166504, 0.704442739487, 45.78465271, -69.4812698364, -12.2624397278, -62.8003845215], [-1001.91143799, 1606.5847168, -48.7766075134, 279.674713135, 109.467376709, 16.7895240784, 148.702209473, 101.660064697, -11.4207172394, 20.4097385406, 38.6979751587, -11.3760547638, 46.273815155], [-693.551574707, -48.7766075134, 1024.48583984, 307.719909668, 271.029937744, 234.255355835, 81.4504394531, 45.0604019165, 4.78017663956, -71.7384490967, -0.855445206165, 30.2505931854, -5.62303590775], [-428.737915039, 279.674713135, 307.719909668, 561.51550293, 222.710205078, 20.4749317169, 117.274581909, 62.3956260681, -2.91316914558, -1.36096966267, -25.2056159973, -28.5577754974, 8.22509384155], [-310.677276611, 109.467376709, 271.029937744, 222.710205078, 350.780975342, 86.4162445068, 20.8801345825, 40.9102134705, 24.479719162, -13.5457372665, -5.61110258102, -20.7824840546, -9.63696098328], [-214.474884033, 16.7895240784, 234.255355835, 20.4749317169, 86.4162445068, 309.953277588, 47.4569969177, 17.4687461853, 43.3288764954, -11.9031553268, 32.379650116, 29.5680770874, -35.0683708191], [-319.948181152, 148.702209473, 81.4504394531, 117.274581909, 20.8801345825, 47.4569969177, 235.988082886, 63.2001495361, -38.6940841675, 17.8849544525, 13.8814163208, -35.5346565247, 2.19070100784], [-53.2433166504, 101.660064697, 45.0604019165, 62.3956260681, 40.9102134705, 17.4687461853, 63.2001495361, 141.439697266, 29.2911338806, -4.42239809036, -8.11629390717, -12.4795265198, -3.56168246269], [0.704442739487, -11.4207172394, 4.78017663956, -2.91316914558, 24.479719162, 43.3288764954, -38.6940841675, 29.2911338806, 121.959663391, 19.2943572998, -3.12210845947, 7.83175182343, -17.5645809174], [45.78465271, 20.4097385406, -71.7384490967, -1.36096966267, -13.5457372665, -11.9031553268, 17.8849544525, -4.42239809036, 19.2943572998, 112.499504089, 23.2676029205, -23.1894130707, -0.772032916546], [-69.4812698364, 38.6979751587, -0.855445206165, -25.2056159973, -5.61110258102, 32.379650116, 13.8814163208, -8.11629390717, -3.12210845947, 23.2676029205, 89.732383728, 27.4588336945, -5.44236516953], [-12.2624397278, -11.3760547638, 30.2505931854, -28.5577754974, -20.7824840546, 29.5680770874, -35.5346565247, -12.4795265198, 7.83175182343, -23.1894130707, 27.4588336945, 107.807312012, 21.5647239685], [-62.8003845215, 46.273815155, -5.62303590775, 8.22509384155, -9.63696098328, -35.0683708191, 2.19070100784, -3.56168246269, -17.5645809174, -0.772032916546, -5.44236516953, 21.5647239685, 95.4973144531]], "icov": [[0.000178125614184, 0.000101132252894, 0.000102519006759, -1.75509558176e-05, 5.95450146648e-05, -2.16310527321e-05, 0.000219511261093, -0.000169327409822, 0.000143796482007, -0.000107657651824, 9.40560057643e-05, -8.95319317351e-06, 9.53563067014e-05], [0.000101132252894, 0.000831109588034, 0.000310474744765, -0.000415058631916, -7.68261234043e-05, -0.000140380856465, -7.97166430857e-05, -0.000457776390249, 0.000136120579555, 3.4574764868e-05, -0.000409168016631, 2.0196850528e-05, -0.000359294557711], [0.000102519006759, 0.000310474744765, 0.00175409426447, -0.000728952349164, -0.000642724102363, -0.00104749691673, -2.59858843492e-05, -0.000183859388926, 0.000361569254892, 0.000683763122652, 9.86444138107e-06, -0.00034455145942, -0.000222340066102], [-1.75509558176e-05, -0.000415058631916, -0.000728952349164, 0.00324305263348, -0.00154271244537, 0.000931103306357, -0.00131813203916, 8.39197673486e-05, -0.000240967230638, -0.000472111423733, 0.00108227948658, -0.000355569936801, 0.000180774732144], [5.95450146648e-05, -7.68261234043e-05, -0.000642724102363, -0.00154271244537, 0.00473718298599, -0.000899867271073, 0.00126646191347, -0.000701697776094, -0.000257947278442, 0.000277795072179, -0.000553379068151, 0.00151713413652, -0.000155540008564], [-2.16310527321e-05, -0.000140380856465, -0.00104749691673, 0.000931103306357, -0.000899867271073, 0.00515020266175, -0.00173526769504, 0.000721348682418, -0.00207609101199, 0.00038497618516, -0.00092331081396, -0.00141591520514, 0.00166745274328], [0.000219511261093, -7.97166430857e-05, -2.59858843492e-05, -0.00131813203916, 0.00126646191347, -0.00173526769504, 0.00749903218821, -0.00341143924743, 0.00348293990828, -0.00133486650884, -0.0012056104606, 0.00233451137319, -0.000479757902212], [-0.000169327409822, -0.000457776390249, -0.000183859388926, 8.39197673486e-05, -0.000701697776094, 0.000721348682418, -0.00341143924743, 0.00988361239433, -0.00382585148327, 0.0015051929513, 0.000649069610517, 0.000118765696243, 5.20335524925e-05], [0.000143796482007, 0.000136120579555, 0.000361569254892, -0.000240967230638, -0.000257947278442, -0.00207609101199, 0.00348293990828, -0.00382585148327, 0.0118979895487, -0.00343057024293, 0.00161691510584, -0.00124247733038, 0.00159300246742], [-0.000107657651824, 3.4574764868e-05, 0.000683763122652, -0.000472111423733, 0.000277795072179, 0.00038497618516, -0.00133486650884, 0.0015051929513, -0.00343057024293, 0.0119203645736, -0.00438212417066, 0.00355362053961, -0.00133726838976], [9.40560057643e-05, -0.000409168016631, 9.86444138107e-06, 0.00108227948658, -0.000553379068151, -0.00092331081396, -0.0012056104606, 0.000649069610517, 0.00161691510584, -0.00438212417066, 0.015179509297, -0.00527936592698, 0.00214365124702], [-8.95319317351e-06, 2.0196850528e-05, -0.00034455145942, -0.000355569936801, 0.00151713413652, -0.00141591520514, 0.00233451137319, 0.000118765696243, -0.00124247733038, 0.00355362053961, -0.00527936592698, 0.013748194091, -0.00402652658522], [9.53563067014e-05, -0.000359294557711, -0.000222340066102, 0.000180774732144, -0.000155540008564, 0.00166745274328, -0.000479757902212, 5.20335524925e-05, 0.00159300246742, -0.00133726838976, 0.00214365124702, -0.00402652658522, 0.0126028144732]], "mean": [-675.05682373, 116.158042908, -5.91296815872, 36.0661849976, 3.76226878166, 10.338602066, -1.94114911556, 6.65358734131, -4.57175779343, 5.2815618515, -2.29814767838, -1.91019964218, -4.39956092834]}, "pitch_salience": {"dmean": 0.0925633907318, "dmean2": 0.14927662909, "dvar": 0.00711241969839, "dvar2": 0.0177882295102, "max": 0.877271175385, "mean": 0.538727521896, "median": 0.543745696545, "min": 0.03203721717, "var": 0.0148627618328}, "silence_rate_20dB": {"dmean": 0, "dmean2": 0, "dvar": 0, "dvar2": 0, "max": 1, "mean": 1, "median": 1, "min": 1, "var": 0}, "silence_rate_30dB": {"dmean": 0, "dmean2": 0, "dvar": 0, "dvar2": 0, "max": 1, "mean": 1, "median": 1, "min": 1, "var": 0}, "silence_rate_60dB": {"dmean": 0.052226215601, "dmean2": 0.104460090399, "dvar": 0.049501568079, "dvar2": 0.108501896262, "max": 1, "mean": 0.0937362462282, "median": 0, "min": 0, "var": 0.0849509462714}, "spectral_centroid": {"dmean": 390.512420654, "dmean2": 581.703918457, "dvar": 182925.8125, "dvar2": 352212.8125, "max": 10681.6376953, "mean": 1491.51696777, "median": 1411.95947266, "min": 151.301101685, "var": 684397}, "spectral_complexity": {"dmean": 5.27294063568, "dmean2": 7.33318662643, "dvar": 42.9441070557, "dvar2": 72.5570755005, "max": 60, "mean": 14.0868415833, "median": 11, "min": 0, "var": 113.713981628}, "spectral_contrast_coeffs": {"dmean": [0.0555588975549, 0.0550578981638, 0.0472342036664, 0.0380413234234, 0.0311246477067, 0.0243465937674], "dmean2": [0.0900292620063, 0.0886479914188, 0.0729211717844, 0.0595024749637, 0.0483121015131, 0.0370183140039], "dvar": [0.00200883741491, 0.00215597916394, 0.00164718029555, 0.00107980053872, 0.000769306963775, 0.000557567109354], "dvar2": [0.0051459595561, 0.00513486284763, 0.0036255705636, 0.00240761134773, 0.00167113344651, 0.00119328754954], "max": [-0.329455196857, -0.374015122652, -0.425860792398, -0.490330576897, -0.537887513638, -0.532750487328], "mean": [-0.64707416296, -0.735876500607, -0.770010769367, -0.779202997684, -0.776802241802, -0.74405425787], "median": [-0.647332668304, -0.750062346458, -0.783991456032, -0.792761921883, -0.786113739014, -0.751327157021], "min": [-0.947878479958, -0.968827426434, -0.968010783195, -0.979785621166, -0.9603048563, -0.960321009159], "var": [0.00567611772567, 0.00821708142757, 0.00661484804004, 0.00462174508721, 0.00329454615712, 0.00230483082123]}, "spectral_contrast_valleys": {"dmean": [0.467397004366, 0.508971273899, 0.474773705006, 0.439994484186, 0.434654444456, 0.524144351482], "dmean2": [0.757122337818, 0.793249547482, 0.690002858639, 0.61325776577, 0.560152709484, 0.657682299614], "dvar": [0.173466280103, 0.221068963408, 0.181715846062, 0.170998722315, 0.169505551457, 0.31087037921], "dvar2": [0.388006687164, 0.483683556318, 0.350481778383, 0.305436581373, 0.283446758986, 0.541442215443], "max": [-5.54668188095, -4.55063867569, -5.31257724762, -5.50618076324, -5.48931217194, -7.74041891098], "mean": [-7.55559635162, -7.18001365662, -7.79779338837, -7.95521879196, -7.76616573334, -10.6517505646], "median": [-7.27046203613, -7.16001701355, -7.80157279968, -7.95142793655, -7.7185087204, -10.5385608673], "min": [-27.2802658081, -27.6159038544, -27.0548667908, -27.1898174286, -27.3284873962, -27.1626548767], "var": [1.15078961849, 0.916812837124, 0.910362899303, 0.947937250137, 0.990582108498, 1.36939132214]}, "spectral_decrease": {"dmean": 1.81755110962e-09, "dmean2": 2.66239408298e-09, "dvar": 4.17264394403e-18, "dvar2": 9.23522090343e-18, "max": 7.61212014198e-29, "mean": -4.89783147373e-09, "median": -4.5740593535e-09, "min": -2.33451569187e-08, "var": 1.1489060598e-17}, "spectral_energy": {"dmean": 0.00749127566814, "dmean2": 0.0109073165804, "dvar": 7.22179393051e-05, "dvar2": 0.000157542628585, "max": 0.0962666943669, "mean": 0.0201173089445, "median": 0.0185637585819, "min": 1.13104339109e-20, "var": 0.000197207540623}, "spectral_energyband_high": {"dmean": 0.00042745587416, "dmean2": 0.000624090549536, "dvar": 6.5940434979e-07, "dvar2": 1.40559268402e-06, "max": 0.0153823299333, "mean": 0.000663180893753, "median": 0.000270581309451, "min": 7.99476524381e-21, "var": 1.25567601117e-06}, "spectral_energyband_low": {"dmean": 0.00330050173216, "dmean2": 0.00516420789063, "dvar": 1.92508141481e-05, "dvar2": 4.57885143987e-05, "max": 0.0500962212682, "mean": 0.00726979644969, "median": 0.0064092669636, "min": 3.30716870977e-23, "var": 4.78526235383e-05}, "spectral_energyband_middle_high": {"dmean": 0.00327159068547, "dmean2": 0.00482298573479, "dvar": 2.49124859693e-05, "dvar2": 5.41949157196e-05, "max": 0.0522201992571, "mean": 0.005534815602, "median": 0.00211177533492, "min": 1.78700779504e-21, "var": 5.43624082638e-05}, "spectral_energyband_middle_low": {"dmean": 0.00421580439433, "dmean2": 0.00648283120245, "dvar": 3.07036279992e-05, "dvar2": 7.45629877201e-05, "max": 0.0554597340524, "mean": 0.00818983558565, "median": 0.00630441587418, "min": 2.46478087845e-22, "var": 5.8495279518e-05}, "spectral_entropy": {"dmean": 0.241408511996, "dmean2": 0.332246422768, "dvar": 0.0581509359181, "dvar2": 0.103009924293, "max": 9.80568790436, "mean": 7.45819377899, "median": 7.49627590179, "min": 5.66438102722, "var": 0.233110144734}, "spectral_flux": {"dmean": 0.0291416496038, "dmean2": 0.0440621413291, "dvar": 0.000739476061426, "dvar2": 0.00169029412791, "max": 0.241132974625, "mean": 0.0829813480377, "median": 0.0779197216034, "min": 1.06350525608e-10, "var": 0.00211438629776}, "spectral_kurtosis": {"dmean": 1.97620177269, "dmean2": 3.30299448967, "dvar": 4.82515239716, "dvar2": 13.0936069489, "max": 25.4800300598, "mean": 4.20721960068, "median": 3.47905540466, "min": -1.16577804089, "var": 9.26353359222}, "spectral_rms": {"dmean": 0.000853084668051, "dmean2": 0.00120979419444, "dvar": 7.58863393457e-07, "dvar2": 1.55514578637e-06, "max": 0.0096911676228, "mean": 0.00409492198378, "median": 0.00425569992512, "min": 3.32183239249e-12, "var": 2.85823921331e-06}, "spectral_rolloff": {"dmean": 649.078125, "dmean2": 1067.88110352, "dvar": 995197.9375, "dvar2": 2066928.125, "max": 19336.8164062, "mean": 1609.11279297, "median": 1270.45898438, "min": 21.533203125, "var": 2337517.5}, "spectral_skewness": {"dmean": 0.281724989414, "dmean2": 0.442063629627, "dvar": 0.0677914991975, "dvar2": 0.165709838271, "max": 3.75258564949, "mean": 1.37154269218, "median": 1.3204177618, "min": -0.0429295711219, "var": 0.219025596976}, "spectral_spread": {"dmean": 643721.3125, "dmean2": 943574.25, "dvar": 590842626048, "dvar2": 1115473313790.0, "max": 39738056, "mean": 4190112.25, "median": 3951812.5, "min": 1582303.125, "var": 1830581960700.0}, "spectral_s