{"lowlevel": {"average_loudness": 0.853731215, "barkbands": {"dmean": [1.95148604689e-05, 0.0015035943361, 0.00191245076712, 0.00194113224279, 0.00157681689598, 0.000797449960373, 0.00063589878846, 0.00068981887307, 0.000728171959054, 0.000807622331195, 0.000485481607029, 0.000696429226082, 0.000500964408275, 0.000515802181326, 0.000438315561041, 0.000175116423634, 0.000193274623598, 0.000167284437339, 0.000150580846821, 0.000111812092655, 8.9247514552e-05, 9.3179551186e-05, 5.12013066327e-05, 1.95262564375e-05, 1.26132026708e-05, 5.6297340052e-06, 5.16384659477e-07], "dmean2": [3.10125797114e-05, 0.00242351694033, 0.00326246093027, 0.00335516687483, 0.00260717049241, 0.00128072197549, 0.00099037180189, 0.00107786827721, 0.00111905054655, 0.00128930073697, 0.000749771483243, 0.00109954201616, 0.000793037412222, 0.000822834612336, 0.00068681006087, 0.000279159488855, 0.000310917675961, 0.000270456803264, 0.000237788510276, 0.00017414210015, 0.000133340450702, 0.000136909700814, 7.60027905926e-05, 2.93513585348e-05, 1.93508840312e-05, 9.440795111e-06, 8.11088568753e-07], "dvar": [1.93267979398e-09, 6.73448539601e-06, 2.14524443436e-05, 3.04650748149e-05, 1.18376519822e-05, 2.54357019003e-06, 2.06588310903e-06, 7.72455950937e-06, 5.69502299186e-06, 8.2748456407e-06, 2.43834165303e-06, 4.6149730224e-06, 2.70050009021e-06, 2.55539453065e-06, 1.26247380194e-06, 1.70216267747e-07, 1.40547598448e-07, 8.81954704823e-08, 7.25148581182e-08, 3.5603335391e-08, 4.40128005152e-08, 5.55820349746e-08, 1.6086843857e-08, 2.08911110633e-09, 7.77135800156e-10, 2.47047021729e-10, 2.41120253104e-12], "dvar2": [4.65641170067e-09, 1.65648471011e-05, 5.91014177189e-05, 8.37219704408e-05, 3.17020894727e-05, 6.42324584987e-06, 4.97961445944e-06, 1.8679884306e-05, 1.33432577059e-05, 2.10919079109e-05, 5.34610626346e-06, 1.17390854939e-05, 6.60331534164e-06, 6.41046108285e-06, 2.79840037365e-06, 3.90490214386e-07, 3.79992485477e-07, 2.27296652611e-07, 1.81125813015e-07, 8.46470271654e-08, 9.95898119527e-08, 1.2053888554e-07, 3.60760310514e-08, 5.04079178398e-09, 1.91783344761e-09, 6.80458633884e-10, 5.80450704862e-12], "max": [0.00051891093608, 0.0302049741149, 0.0759534910321, 0.0783721357584, 0.051009375602, 0.0384410098195, 0.0470140464604, 0.0939318314195, 0.0905391052365, 0.0699424520135, 0.0509097613394, 0.0423634685576, 0.049998935312, 0.03757295385, 0.0444029644132, 0.0136110149324, 0.0138655779883, 0.00638272799551, 0.00785618368536, 0.00484875449911, 0.00348498648964, 0.00474684359506, 0.00226636650041, 0.000960576056968, 0.000582596752793, 0.000304849148961, 3.11279291054e-05], "mean": [1.98515208467e-05, 0.00241452106275, 0.0031133776065, 0.00302112242207, 0.00271878647618, 0.00147893407848, 0.00135586236138, 0.00113097310532, 0.00121031689923, 0.00125368230511, 0.000729601480998, 0.00107221363578, 0.000752902822569, 0.000825344875921, 0.000795318512246, 0.000311218289426, 0.000372003443772, 0.000319131591823, 0.000307162175886, 0.000231914280448, 0.000151147687575, 0.000149276398588, 8.71817974257e-05, 3.62409627996e-05, 2.03532599699e-05, 6.47077649774e-06, 6.74643331422e-07], "median": [3.47201739714e-06, 0.00124011654407, 0.00163782387972, 0.00148124981206, 0.00155509356409, 0.00085230905097, 0.000426100974437, 0.000283033819869, 0.000403046200518, 0.000152222593897, 0.000211642574868, 0.000209668578464, 0.000113802459964, 0.000111915185698, 0.000217186869122, 0.000118223724712, 0.000171577252331, 0.000159373536007, 0.000151457032189, 0.000136831047712, 5.94980010646e-05, 4.72460778838e-05, 3.27599009324e-05, 1.59287465067e-05, 7.53725862523e-06, 1.78816003427e-06, 1.55727306606e-07], "min": [3.40193804131e-23, 2.20751838046e-23, 9.01047338907e-24, 2.02390564051e-23, 9.08830114381e-23, 5.75284577524e-23, 4.53096649737e-23, 2.65766229227e-23, 7.24595120954e-23, 7.74069447704e-23, 3.57542496267e-23, 5.27566633802e-23, 1.75571549416e-23, 9.59291527004e-23, 1.30484649295e-22, 2.2528024674e-22, 1.30530352741e-22, 3.12454475964e-22, 3.52058903234e-22, 3.82808246935e-22, 3.55735323218e-22, 4.21004538557e-22, 4.87201151397e-22, 7.84825976354e-22, 1.14775439836e-21, 1.72757377751e-21, 2.18307604911e-21], "var": [1.96252036844e-09, 9.86411578197e-06, 2.07139346458e-05, 2.65172402578e-05, 1.46905967995e-05, 4.20016613134e-06, 8.29740474728e-06, 1.71672036231e-05, 9.87236126093e-06, 1.65624496731e-05, 4.27154827776e-06, 8.70420353749e-06, 5.71094142288e-06, 5.58735519007e-06, 4.89966987516e-06, 3.72104068447e-07, 3.53027928668e-07, 2.03864928494e-07, 1.93167537077e-07, 8.58112372271e-08, 6.86830219365e-08, 9.17526676858e-08, 2.59731987029e-08, 3.37156480512e-09, 1.09724862529e-09, 2.06766673227e-10, 2.75084859405e-12]}, "barkbands_crest": {"dmean": 2.20067811012, "dmean2": 3.59164071083, "dvar": 4.46675443649, "dvar2": 11.6557073593, "max": 24.4436187744, "mean": 9.20150279999, "median": 8.50589370728, "min": 2.5414750576, "var": 12.8986120224}, "barkbands_flatness_db": {"dmean": 0.01896863617, "dmean2": 0.0284972470254, "dvar": 0.000368772540241, "dvar2": 0.00082339765504, "max": 0.431340962648, "mean": 0.137577190995, "median": 0.129482552409, "min": 0.0176927484572, "var": 0.0023302375339}, "barkbands_kurtosis": {"dmean": 2.40272450447, "dmean2": 3.77494502068, "dvar": 16.8957252502, "dvar2": 39.0414352417, "max": 160.429672241, "mean": 4.16406774521, "median": 1.33806085587, "min": -1.8566031456, "var": 72.2852783203}, "barkbands_skewness": {"dmean": 0.471699088812, "dmean2": 0.719287514687, "dvar": 0.243525311351, "dvar2": 0.558871984482, "max": 10.1082210541, "mean": 1.46178078651, "median": 1.31447136402, "min": -3.13927483559, "var": 1.58649349213}, "barkbands_spread": {"dmean": 4.85005712509, "dmean2": 7.41297388077, "dvar": 27.5103302002, "dvar2": 62.9879226685, "max": 130.763427734, "mean": 21.2981700897, "median": 19.9432353973, "min": 0.882513582706, "var": 145.881866455}, "dissonance": {"dmean": 0.0179268456995, "dmean2": 0.0299582164735, "dvar": 0.000313283904688, "dvar2": 0.000843459914904, "max": 0.500000119209, "mean": 0.462991654873, "median": 0.469423502684, "min": 0.262570381165, "var": 0.00075344776269}, "dynamic_complexity": 4.22223758698, "erbbands": {"dmean": [0.0296737253666, 0.404396444559, 1.79461479187, 4.86014032364, 5.48962783813, 5.65586185455, 5.68927288055, 7.02941989899, 7.85850381851, 10.8431034088, 16.0837059021, 16.9334697723, 25.5110778809, 17.8392982483, 19.5016078949, 27.0131072998, 22.1354827881, 25.3911399841, 21.3224182129, 16.9456501007, 9.62375164032, 9.13270664215, 10.1168661118, 8.11235332489, 6.68373012543, 4.607213974, 3.5062353611, 3.66492176056, 3.39781117439, 2.45714735985, 1.31374490261, 0.512734949589, 0.295422315598, 0.152974560857, 0.0913554877043, 0.0365202948451, 0.00764523167163, 0.000893128686585, 9.98287359835e-05, 1.21686962302e-05], "dmean2": [0.0472420714796, 0.660065948963, 3.04069924355, 8.28899860382, 9.33951950073, 9.32974815369, 9.33197975159, 11.2718334198, 12.4795131683, 16.6053218842, 24.8814678192, 25.9067153931, 40.3950157166, 27.6908798218, 30.5061264038, 42.6893196106, 34.4025802612, 39.8266448975, 34.1134567261, 25.5429573059, 15.2713041306, 14.6407871246, 16.3971672058, 12.952794075, 10.4511966705, 7.13263463974, 5.3197593689, 5.47818183899, 5.03627252579, 3.59220933914, 1.97169613838, 0.768958032131, 0.451939702034, 0.230720341206, 0.144677519798, 0.0616238228977, 0.0127184102312, 0.00141750997864, 0.000156072768732, 1.81929535756e-05], "dvar": [0.00306530948728, 0.498276025057, 16.0813350677, 177.964950562, 193.227752686, 142.479736328, 179.550125122, 183.026870728, 275.104003906, 1227.9564209, 4001.01660156, 3255.04296875, 7737.54882812, 3620.07470703, 4434.609375, 7378.13769531, 4790.87792969, 6270.04638672, 2969.71289062, 2683.78637695, 395.910339355, 348.186798096, 355.918701172, 223.362930298, 148.770584106, 58.4519424438, 64.5852050781, 76.7782363892, 74.2413024902, 37.8994941711, 9.79327297211, 1.33042645454, 0.502991080284, 0.0969060659409, 0.0513226911426, 0.0112536866218, 0.000393382215407, 3.76284151571e-06, 9.3334243445e-08, 5.99801708301e-10], "dvar2": [0.00691063608974, 1.28474473953, 43.9352455139, 480.891418457, 535.550354004, 380.377075195, 442.390258789, 475.941619873, 673.634033203, 2907.75561523, 9971.11035156, 7489.17480469, 19687.5546875, 8137.63623047, 10466.546875, 18991.4238281, 11629.2050781, 15356.8085938, 7393.74365234, 5027.61035156, 937.68347168, 975.359558105, 924.983581543, 571.406188965, 357.884552002, 136.187805176, 152.208374023, 170.347671509, 163.842819214, 82.107093811, 21.8055076599, 3.07047343254, 1.24538338184, 0.229448467493, 0.132162094116, 0.0310727152973, 0.00106466072612, 9.24814412429e-06, 2.25411326937e-07, 1.35454003569e-09], "max": [0.744709670544, 8.3996925354, 59.9241142273, 187.705657959, 214.470916748, 219.039215088, 374.639862061, 376.203033447, 440.852874756, 1783.98986816, 2004.96948242, 2496.75195312, 2288.99487305, 2138.6796875, 2922.74023438, 2070.88378906, 2517.2644043, 2223.07080078, 1304.98632812, 2917.39135742, 833.294067383, 815.954345703, 412.769775391, 436.6484375, 316.771453857, 163.603591919, 179.978042603, 147.315673828, 194.213775635, 122.488525391, 54.0747146606, 26.7736721039, 16.0508270264, 7.60737323761, 4.33596897125, 2.39446544647, 0.34686088562, 0.029866900295, 0.00600719638169, 0.000420322554419], "mean": [0.0415834784508, 0.665825843811, 3.045337677, 8.01033401489, 9.29245281219, 9.23208618164, 9.13300704956, 12.9824447632, 16.5318908691, 21.3715000153, 27.4410057068, 29.2921142578, 42.6566162109, 28.0217666626, 32.1512680054, 44.3726043701, 36.1429977417, 42.6566848755, 39.1270713806, 34.6602249146, 20.4516277313, 18.8695163727, 19.5509662628, 16.5971012115, 14.2011375427, 9.89267730713, 6.49067640305, 6.11985778809, 5.32449817657, 3.95634007454, 2.2787399292, 0.973165392876, 0.516833603382, 0.261801183224, 0.133092418313, 0.0413497537374, 0.0092754419893, 0.00128418416716, 0.000136878123158, 3.39588223142e-05], "median": [0.0199809707701, 0.37118896842, 1.75769758224, 4.44956827164, 5.53108024597, 5.04402256012, 4.75648403168, 7.31778764725, 6.38133144379, 6.23306369781, 8.60436916351, 10.7384138107, 8.35724925995, 7.50242137909, 8.80967140198, 9.47106647491, 7.30837774277, 8.27998065948, 10.9391679764, 10.8283433914, 9.43605041504, 9.60711193085, 9.89711093903, 7.84181404114, 8.0143699646, 5.66482639313, 3.14902925491, 2.15195918083, 1.67462301254, 1.34771561623, 0.860294282436, 0.414136081934, 0.226244732738, 0.10213791579, 0.0467837899923, 0.0116111878306, 0.00270654098131, 0.000395859649871, 4.2472845962e-05, 2.74070644082e-05], "min": [1.29569583267e-21, 2.40623427264e-21, 6.16622231914e-21, 5.736756042e-20, 8.08806540079e-20, 2.71806069213e-19, 7.41362278362e-19, 3.66641680208e-19, 7.5089858515e-19, 4.14161965628e-19, 7.67095763821e-19, 1.69494394673e-18, 2.25543884146e-18, 1.69274157835e-18, 1.21547025563e-18, 2.11764171834e-18, 1.2002353465e-18, 2.70674630892e-18, 5.5220828207e-18, 8.0840394352e-18, 1.43115447774e-17, 8.9660563321e-18, 1.29917491588e-17, 1.86631484198e-17, 1.62876445192e-17, 1.82434452488e-17, 1.46614636832e-17, 1.37701881537e-17, 1.31390079873e-17, 1.42374641361e-17, 1.47217634955e-17, 1.58642223442e-17, 1.34728605641e-17, 1.08813276932e-17, 8.82132040442e-18, 6.5854933949e-18, 3.27377841203e-18, 1.24518951087e-18, 2.72568833136e-19, 3.42348406668e-20], "var": [0.00397669710219, 0.701997101307, 17.0547733307, 158.27494812, 192.85760498, 175.324142456, 267.253845215, 311.589141846, 900.847595215, 2654.7355957, 8449.20703125, 5900.68066406, 15945.9492188, 6504.94970703, 8439.97851562, 14593.7529297, 10244.0820312, 13644.6787109, 7053.71142578, 14058.3369141, 1100.69018555, 824.56854248, 797.651184082, 606.517456055, 356.858398438, 150.435958862, 100.513908386, 124.549682617, 117.647422791, 61.2406768799, 16.5772228241, 2.44798922539, 0.696534752846, 0.160229757428, 0.0588479340076, 0.00898399949074, 0.000367331813322, 5.20876028531e-06, 1.03818415198e-07, 1.06834685543e-09]}, "erbbands_crest": {"dmean": 2.56818723679, "dmean2": 4.12770366669, "dvar": 6.75300979614, "dvar2": 16.3876037598, "max": 32.5087165833, "mean": 8.90287971497, "median": 7.60132598877, "min": 2.23791885376, "var": 22.6538448334}, "erbbands_flatness_db": {"dmean": 0.0178013574332, "dmean2": 0.0248788036406, "dvar": 0.000324654887663, "dvar2": 0.000581432541367, "max": 0.383339554071, "mean": 0.161403387785, "median": 0.156971290708, "min": 0.0454917140305, "var": 0.00216429913417}, "erbbands_kurtosis": {"dmean": 0.847314119339, "dmean2": 1.30635547638, "dvar": 2.14118456841, "dvar2": 4.59682178497, "max": 75.8381576538, "mean": 0.419296115637, "median": -0.337869405746, "min": -1.83123075962, "var": 7.08260154724}, "erbbands_skewness": {"dmean": 0.345027089119, "dmean2": 0.529478311539, "dvar": 0.107641123235, "dvar2": 0.243490040302, "max": 7.43735361099, "mean": 0.236856907606, "median": 0.184980764985, "min": -3.81412243843, "var": 0.584644913673}, "erbbands_spread": {"dmean": 7.98021650314, "dmean2": 11.7233095169, "dvar": 78.9734573364, "dvar2": 158.550704956, "max": 158.825393677, "mean": 39.1978797913, "median": 36.8691444397, "min": 1.83404934406, "var": 383.527496338}, "gfcc": {"cov": [[19079.4121094, 1176.96691895, -1193.4486084, 408.42489624, -407.842681885, 142.983551025, -165.59576416, 16.0584411621, -195.099731445, -7.26062726974, -141.68132019, -28.8162117004, -212.945541382], [1176.96691895, 1108.44555664, -205.781311035, -58.3161010742, 87.1124191284, -140.486282349, 23.0169506073, -99.333770752, 2.16997504234, -152.041412354, 55.8888969421, -137.586853027, 23.1356105804], [-1193.4486084, -205.781311035, 943.90020752, 224.690826416, -21.5575122833, 90.8887634277, -66.7123794556, 8.70586585999, -37.261592865, 46.5123252869, -72.4367980957, 67.0772705078, -2.59658288956], [408.42489624, -58.3161010742, 224.690826416, 322.508514404, 22.7581596375, 8.27087974548, -25.072101593, -9.80956268311, 0.500995695591, 4.84499454498, -25.6874504089, 12.1871213913, 4.41472434998], [-407.842681885, 87.1124191284, -21.5575122833, 22.7581596375, 204.372314453, 26.4170722961, 25.450214386, -12.6852636337, -0.677681744099, -5.91305112839, 11.0214529037, -21.5446453094, 6.51191902161], [142.983551025, -140.486282349, 90.8887634277, 8.27087974548, 26.4170722961, 198.49079895, 58.2990455627, 0.582718372345, -24.9789581299, 36.3056259155, -3.57856702805, 28.5476512909, -9.3036737442], [-165.59576416, 23.0169506073, -66.7123794556, -25.072101593, 25.450214386, 58.2990455627, 152.668426514, 15.7668323517, -3.9127304554, -15.4811019897, 28.5295028687, -1.70121967793, -6.49579048157], [16.0584411621, -99.333770752, 8.70586585999, -9.80956268311, -12.6852636337, 0.582718372345, 15.7668323517, 124.77771759, 26.0115413666, 25.1834602356, -10.8946866989, 17.8260211945, -5.54006433487], [-195.099731445, 2.16997504234, -37.261592865, 0.500995695591, -0.677681744099, -24.9789581299, -3.9127304554, 26.0115413666, 102.922950745, 26.7724208832, 4.66843605042, -10.0233449936, 12.2231788635], [-7.26062726974, -152.041412354, 46.5123252869, 4.84499454498, -5.91305112839, 36.3056259155, -15.4811019897, 25.1834602356, 26.7724208832, 101.506515503, 11.6804876328, 31.6196117401, -7.10371446609], [-141.68132019, 55.8888969421, -72.4367980957, -25.6874504089, 11.0214529037, -3.57856702805, 28.5295028687, -10.8946866989, 4.66843605042, 11.6804876328, 90.0698394775, 20.0775413513, 2.0558450222], [-28.8162117004, -137.586853027, 67.0772705078, 12.1871213913, -21.5446453094, 28.5476512909, -1.70121967793, 17.8260211945, -10.0233449936, 31.6196117401, 20.0775413513, 90.4934310913, 15.9560031891], [-212.945541382, 23.1356105804, -2.59658288956, 4.41472434998, 6.51191902161, -9.3036737442, -6.49579048157, -5.54006433487, 12.2231788635, -7.10371446609, 2.0558450222, 15.9560031891, 67.5908432007]], "icov": [[0.00013499877241, -0.000359031080734, 0.000382277852623, -0.000442133576144, 0.000410621985793, -0.000437007052824, 0.000298396480503, -0.000211516729905, 0.000327359273797, -0.000365700718248, 0.000557485152967, -0.000492506020237, 0.000505071657244], [-0.000359031080734, 0.00255646789446, -0.0011273912387, 0.0013585096458, -0.00148946687113, 0.00173780752812, -0.000819481851067, 0.00108096352778, -0.00103187421337, 0.0026118226815, -0.00300008291379, 0.00327972625382, -0.00196755654179], [0.000382277852623, -0.0011273912387, 0.00263172364794, -0.00217758328654, 0.00130244414322, -0.00186150916852, 0.00137163011823, -0.000664857157972, 0.00130764115602, -0.00142724183388, 0.00267048901878, -0.00243315519765, 0.00163589348085], [-0.000442133576144, 0.0013585096458, -0.00217758328654, 0.00532248802483, -0.00200884323567, 0.00178844109178, -0.00090941390954, 0.0012332892511, -0.00162214878947, 0.0015860873973, -0.00141160329804, 0.00139176787343, -0.00166141393129], [0.000410621985793, -0.00148946687113, 0.00130244414322, -0.00200884323567, 0.00681684212759, -0.00241682096384, 0.000468774000183, -0.000678483163938, 0.00126816437114, -0.00164449494332, 0.000997203285806, 9.97232637019e-05, 0.000528712407686], [-0.000437007052824, 0.00173780752812, -0.00186150916852, 0.00178844109178, -0.00241682096384, 0.00936657097191, -0.00482983142138, 0.00208623404615, 0.000722819124348, -0.00186886941083, -0.00020764672081, 0.000636338721961, -0.00140203337651], [0.000298396480503, -0.000819481851067, 0.00137163011823, -0.00090941390954, 0.000468774000183, -0.00482983142138, 0.0102769676596, -0.00272286962718, 0.000144432779052, 0.00268927076831, -0.00231863581575, -0.000408848631196, 0.00181076105218], [-0.000211516729905, 0.00108096352778, -0.000664857157972, 0.0012332892511, -0.000678483163938, 0.00208623404615, -0.00272286962718, 0.0105045856908, -0.00300903827883, -0.000833391095512, 0.00171143631451, -0.0015617730096, 0.000582571839914], [0.000327359273797, -0.00103187421337, 0.00130764115602, -0.00162214878947, 0.00126816437114, 0.000722819124348, 0.000144432779052, -0.00300903827883, 0.0138696515933, -0.00612548552454, 0.000808169250377, 0.0023838817142, -0.00245402357541], [-0.000365700718248, 0.0026118226815, -0.00142724183388, 0.0015860873973, -0.00164449494332, -0.00186886941083, 0.00268927076831, -0.000833391095512, -0.00612548552454, 0.0181296672672, -0.00558174494654, -0.000888748152647, 0.00127948960289], [0.000557485152967, -0.00300008291379, 0.00267048901878, -0.00141160329804, 0.000997203285806, -0.00020764672081, -0.00231863581575, 0.00171143631451, 0.000808169250377, -0.00558174494654, 0.0190178174525, -0.00906526483595, 0.00359962088987], [-0.000492506020237, 0.00327972625382, -0.00243315519765, 0.00139176787343, 9.97232637019e-05, 0.000636338721961, -0.000408848631196, -0.0015617730096, 0.0023838817142, -0.000888748152647, -0.00906526483595, 0.0216708444059, -0.00831251870841], [0.000505071657244, -0.00196755654179, 0.00163589348085, -0.00166141393129, 0.000528712407686, -0.00140203337651, 0.00181076105218, 0.000582571839914, -0.00245402357541, 0.00127948960289, 0.00359962088987, -0.00831251870841, 0.0196399092674]], "mean": [-30.7290725708, 104.72303009, -124.623939514, 39.3145904541, -56.9925880432, 11.1390533447, -35.3386001587, 3.05889344215, -22.4180812836, -3.5138130188, -16.0610408783, -5.72162103653, -12.2152938843]}, "hfc": {"dmean": 5.37417221069, "dmean2": 7.76072359085, "dvar": 65.3464431763, "dvar2": 142.219833374, "max": 109.666397095, "mean": 18.3455123901, "median": 13.0970191956, "min": 1.18105337551e-16, "var": 297.225494385}, "melbands": {"dmean": [0.000340494472766, 0.000777060980909, 0.000831171462778, 0.000386120227631, 0.000200580165256, 0.000154986904818, 0.000124546611914, 0.000124449419673, 0.000131432680064, 0.00011119843839, 0.000131052584038, 7.6988908404e-05, 6.16655597696e-05, 7.43768614484e-05, 5.79058287258e-05, 5.49040778424e-05, 5.18338893016e-05, 3.68368637282e-05, 3.50255068042e-05, 1.54189947352e-05, 1.25596134239e-05, 1.17157696877e-05, 8.78535956872e-06, 7.80674781709e-06, 7.36499350751e-06, 5.18110709891e-06, 5.16307545695e-06, 2.9870761864e-06, 2.24624636758e-06, 2.53384314419e-06, 2.15126010517e-06, 2.11312931242e-06, 1.73053035724e-06, 1.31116598823e-06, 9.12540770059e-07, 4.4241659225e-07, 2.80244108808e-07, 2.30751140862e-07, 1.61455503189e-07, 1.27705106934e-07], "dmean2": [0.000544025097042, 0.0013007853413, 0.00140920619015, 0.000644235347863, 0.000328368070768, 0.000248221156653, 0.000195565356989, 0.000190101520275, 0.000202071081731, 0.00017064937856, 0.000208066456253, 0.000120326745673, 9.56671065069e-05, 0.000117476010928, 9.09235459403e-05, 8.64276589709e-05, 8.16582687548e-05, 5.91206007812e-05, 5.45680595678e-05, 2.36437572312e-05, 2.01184247999e-05, 1.89205184142e-05, 1.41881946547e-05, 1.26780587379e-05, 1.18480011224e-05, 8.23976733955e-06, 8.15567454993e-06, 4.69918541057e-06, 3.48512162418e-06, 3.91213461626e-06, 3.26178383148e-06, 3.19340324495e-06, 2.59190255747e-06, 1.96330711333e-06, 1.39808321364e-06, 6.79978256812e-07, 4.30381675187e-07, 3.62106703733e-07, 2.4688506528e-07, 1.97471607066e-07], "dvar": [3.51553893552e-07, 2.56638304563e-06, 4.90616275783e-06, 7.24405936126e-07, 2.04905092005e-07, 8.86543602974e-08, 6.590139634e-08, 1.76454932443e-07, 2.45587330028e-07, 1.48940856093e-07, 2.07868581015e-07, 7.22349255966e-08, 4.28301021316e-08, 5.81558552426e-08, 3.76436766203e-08, 3.84075029558e-08, 2.89561121747e-08, 1.09283160299e-08, 8.68593730274e-09, 1.91569804464e-09, 7.15087100644e-10, 6.43628150776e-10, 2.4411009325e-10, 1.92230842355e-10, 1.99318436755e-10, 9.74897454431e-11, 9.75661496039e-11, 2.84961221286e-11, 2.40719978672e-11, 3.66136218566e-11, 2.85972356906e-11, 2.81063401719e-11, 2.23086271678e-11, 1.12302103381e-11, 4.97696502066e-12, 9.78650103664e-13, 4.24491144275e-13, 3.51845641381e-13, 1.09318743023e-13, 7.41166703748e-14], "dvar2": [8.21122682737e-07, 6.96785991749e-06, 1.3229929209e-05, 1.95584925677e-06, 5.16384830007e-07, 2.29330694879e-07, 1.59122691912e-07, 4.10011125496e-07, 6.13664212779e-07, 3.43313132589e-07, 5.31696230155e-07, 1.65968216947e-07, 9.54989474167e-08, 1.49491214074e-07, 9.53131902293e-08, 9.46806437696e-08, 7.13240666528e-08, 2.7600506769e-08, 1.88076363372e-08, 3.74647779466e-09, 1.73090053401e-09, 1.83865367376e-09, 6.11983574927e-10, 4.94530028039e-10, 5.15771203524e-10, 2.39430114624e-10, 2.33530861316e-10, 6.81962958327e-11, 5.82177708819e-11, 8.68132302156e-11, 6.45589484649e-11, 6.3945668205e-11, 4.98461306953e-11, 2.56309314051e-11, 1.13798623302e-11, 2.24715146664e-12, 1.02747725692e-12, 8.95241346333e-13, 2.65724698105e-13, 1.80150450222e-13], "max": [0.00807255506516, 0.0227782949805, 0.0300247743726, 0.0123650897294, 0.0101659614593, 0.00763502623886, 0.00695563107729, 0.0198399759829, 0.0177232753485, 0.0171192009002, 0.0114037655294, 0.00953081715852, 0.0074298819527, 0.00575449410826, 0.00582788791507, 0.00642440421507, 0.00490359822288, 0.00218141917139, 0.00419209944084, 0.00211114017293, 0.00106577470433, 0.00117512128782, 0.000371061498299, 0.000216933709453, 0.000424701545853, 0.000249834381975, 0.000300905667245, 0.000145317826536, 0.000118335374282, 0.000134109941428, 9.4873503258e-05, 0.000123218953377, 0.000114449372631, 6.16364704911e-05, 4.41468582721e-05, 1.84856853593e-05, 1.66959380294e-05, 1.64110369951e-05, 5.50072763872e-06, 7.33536535336e-06], "mean": [0.000532794278115, 0.00138650927693, 0.00142797373701, 0.000667544838507, 0.000332668772899, 0.000288987270324, 0.000271138851531, 0.000234624283621, 0.000216909640585, 0.000187246361747, 0.000213962470298, 0.000114463662612, 9.59586686804e-05, 0.000117863608466, 8.99369333638e-05, 8.26704563224e-05, 8.11237041489e-05, 6.14068776486e-05, 6.26349647064e-05, 2.91946998914e-05, 2.3900078304e-05, 2.19808571273e-05, 1.6137264538e-05, 1.49401394083e-05, 1.36313210533e-05, 1.00903407656e-05, 9.91374781734e-06, 5.82922348258e-06, 3.9232772906e-06, 4.06522121921e-06, 3.35861909662e-06, 3.17071476275e-06, 2.59261537394e-06, 2.01761349672e-06, 1.48448555137e-06, 7.87874739672e-07, 5.01625038396e-07, 3.78152719804e-07, 2.78325558156e-07, 2.00668381467e-07], "median": [0.000273322802968, 0.000906066212337, 0.000897005549632, 0.000399101845687, 0.000185643337318, 0.000164914294146, 9.80177719612e-05, 6.41671940684e-05, 6.15715325694e-05, 6.28464185866e-05, 3.55704869435e-05, 2.46284562309e-05, 2.60587639787e-05, 2.56360071944e-05, 1.59772098414e-05, 1.16573837659e-05, 1.24761172628e-05, 1.2883789168e-05, 1.66981699294e-05, 9.62123158388e-06, 1.00958195617e-05, 9.98611631076e-06, 7.99930057838e-06, 7.2803918556e-06, 5.58480451218e-06, 4.92790741191e-06, 5.4352076404e-06, 2.81390293821e-06, 1.81403277111e-06, 1.58693455887e-06, 9.65333470049e-07, 9.44792418522e-07, 7.48943762119e-07, 6.64374681492e-07, 5.12879296366e-07, 3.15888399882e-07, 2.13624161916e-07, 1.63895052196e-07, 1.1168897629e-07, 7.1796677048e-08], "min": [8.30922653143e-24, 3.03250911514e-24, 9.76359573984e-24, 9.35915069804e-24, 2.52369525122e-23, 1.02429139367e-23, 1.038934782e-23, 4.67420044524e-24, 6.64410287699e-24, 1.11594598681e-23, 1.19105753567e-23, 7.74922995203e-24, 5.04556894372e-24, 2.95004001838e-24, 6.90087631278e-24, 1.42892972612e-24, 6.10044400137e-24, 9.04113720132e-24, 1.16838835538e-23, 8.86742293024e-24, 1.91471482723e-23, 8.517669615e-24, 9.20073796194e-24, 1.4855596642e-23, 1.52487696503e-23, 1.50901565436e-23, 1.06114602853e-23, 1.25375454381e-23, 8.71077724257e-24, 1.02350411049e-23, 6.91110468328e-24, 6.31023840367e-24, 9.53885400111e-24, 7.05396581549e-24, 6.95074494377e-24, 1.19385917518e-23, 9.39110350901e-24, 1.03104688292e-23, 7.64660467029e-24, 9.81555958539e-24], "var": [5.03116552864e-07, 2.92422282655e-06, 4.36506206825e-06, 8.53966582781e-07, 2.92444383376e-07, 1.52201849346e-07, 2.61467306473e-07, 3.91471530747e-07, 4.96221218782e-07, 2.72399603318e-07, 4.26767940098e-07, 1.30254662167e-07, 7.84321017022e-08, 1.0692069452e-07, 7.07058731564e-08, 7.85668063941e-08, 6.07921037954e-08, 2.45230875606e-08, 3.35680745422e-08, 7.55347429049e-09, 1.69755653978e-09, 1.42046951979e-09, 5.2557391772e-10, 4.51330528506e-10, 4.97319019299e-10, 2.21704085646e-10, 2.1130094896e-10, 6.47459169612e-11, 3.70347363887e-11, 5.12450498702e-11, 4.43518659299e-11, 4.28259337715e-11, 3.28939792071e-11, 1.66381092931e-11, 7.91079875218e-12, 1.7299362897e-12, 6.84070042365e-13, 4.29900120493e-13, 1.77207478292e-13, 1.07918570456e-13]}, "melbands_crest": {"dmean": 2.84197235107, "dmean2": 4.65213537216, "dvar": 7.63832092285, "dvar2": 20.0018215179, "max": 34.819355011, "mean": 13.1142091751, "median": 12.536403656, "min": 1.98129892349, "var": 20.9414691925}, "melbands_flatness_db": {"dmean": 0.0222824383527, "dmean2": 0.0336804054677, "dvar": 0.000557231949642, "dvar2": 0.00127261050511, "max": 0.567040622234, "mean": 0.197189748287, "median": 0.18664291501, "min": 0.00532832602039, "var": 0.00400412408635}, "melbands_kurtosis": {"dmean": 6.34305810928, "dmean2": 10.0085916519, "dvar": 149.383010864, "dvar2": 359.828125, "max": 373.86831665, "mean": 13.5489797592, "median": 6.58218955994, "min": -1.76110935211, "var": 439.11050415}, "melbands_skewness": {"dmean": 0.67676371336, "dmean2": 1.02712726593, "dvar": 0.608447551727, "dvar2": 1.38595068455, "max": 16.6265773773, "mean": 2.55503773689, "median": 2.26725435257, "min": -2.32096266747, "var": 3.11881804466}, "melbands_spread": {"dmean": 5.81220006943, "dmean2": 9.08438301086, "dvar": 45.7140083313, "dvar2": 108.341438293, "max": 179.7605896, "mean": 23.8008079529, "median": 21.0481681824, "min": 0.800556182861, "var": 318.216552734}, "mfcc": {"cov": [[11411.6689453, 367.075958252, -750.188476562, 213.589614868, -269.308990479, 123.944480896, -49.6256217957, 136.911956787, -40.6765518188, 47.7101631165, 70.0829925537, 69.0418624878, -19.0780239105], [367.075958252, 1058.59277344, -174.618530273, 41.9018745422, 27.0963993073, -41.9279136658, 19.7497234344, 8.61775112152, -51.1410369873, 9.16946220398, -42.271900177, -21.6138763428, -10.8505420685], [-750.188476562, -174.618530273, 812.555664062, 129.401473999, 96.2818222046, 94.7733306885, -4.79249048233, -5.40362215042, 36.5762672424, -45.2839851379, -13.812212944, -16.9612731934, 34.4895858765], [213.589614868, 41.9018745422, 129.401473999, 282.031921387, 79.6111373901, 7.7425699234, -19.9514026642, 4.50974559784, 10.9037084579, -12.0865125656, -18.3917827606, -5.27290344238, 19.166009903], [-269.308990479, 27.0963993073, 96.2818222046, 79.6111373901, 179.527282715, 35.1512145996, -4.69863796234, -17.1651554108, 14.7832546234, 7.91193962097, -18.3245372772, -16.3286075592, 15.9056596756], [123.944480896, -41.9279136658, 94.7733306885, 7.7425699234, 35.1512145996, 188.262435913, 63.662651062, 8.44369506836, 0.95319634676, -9.7223367691, 14.7316255569, -6.76492452621, 1.03523695469], [-49.6256217957, 19.7497234344, -4.79249048233, -19.9514026642, -4.69863796234, 63.662651062, 145.06300354, 46.2939186096, -11.2537145615, -6.84323883057, 14.6349773407, 9.0446844101, -3.68674945831], [136.911956787, 8.61775112152, -5.40362215042, 4.50974559784, -17.1651554108, 8.44369506836, 46.2939186096, 87.7878799438, 18.4568462372, -1.44220304489, 6.85237169266, 9.71510887146, -0.457060545683], [-40.6765518188, -51.1410369873, 36.5762672424, 10.9037084579, 14.7832546234, 0.95319634676, -11.2537145615, 18.4568462372, 89.837928772, 26.2196521759, 2.69309711456, -7.63471508026, -1.13286888599], [47.7101631165, 9.16946220398, -45.2839851379, -12.0865125656, 7.91193962097, -9.7223367691, -6.84323883057, -1.44220304489, 26.2196521759, 84.4294128418, 17.8130187988, -13.5307712555, -5.42400455475], [70.0829925537, -42.271900177, -13.812212944, -18.3917827606, -18.3245372772, 14.7316255569, 14.6349773407, 6.85237169266, 2.69309711456, 17.8130187988, 81.1540298462, 32.9241027832, -5.34730482101], [69.0418624878, -21.6138763428, -16.9612731934, -5.27290344238, -16.3286075592, -6.76492452621, 9.0446844101, 9.71510887146, -7.63471508026, -13.5307712555, 32.9241027832, 93.5624923706, 30.0041351318], [-19.0780239105, -10.8505420685, 34.4895858765, 19.166009903, 15.9056596756, 1.03523695469, -3.68674945831, -0.457060545683, -1.13286888599, -5.42400455475, -5.34730482101, 30.0041351318, 81.8678207397]], "icov": [[0.000111561290396, -2.70537329925e-05, 0.000119446471217, -0.000178428803338, 0.000209573234315, -0.000235540574067, 0.000203772186069, -0.000205492644454, 6.30027716397e-05, -7.86456948845e-05, -2.32882339333e-05, -5.31109908479e-05, -2.241131142e-06], [-2.70537329925e-05, 0.00107720459346, 0.000196207562112, -0.000178723785211, -0.000295463833027, 0.000257836276432, -0.000254901591688, -0.000187629440916, 0.000672442372888, -0.000289110583253, 0.000540375069249, 8.63876193762e-05, 0.000131049673655], [0.000119446471217, 0.000196207562112, 0.00173338223249, -0.000704482838046, -0.000225283714826, -0.000864088069648, 0.00036277747131, -0.000113470588985, -0.000579226587433, 0.000954977294896, -0.000230582329095, 0.000461401388748, -0.00056998769287], [-0.000178428803338, -0.000178723785211, -0.000704482838046, 0.00472525740042, -0.00206252979115, 0.000506804848555, 0.00050796411233, -0.000699306430761, -0.000131493201479, 0.000679925549775, 0.000215909574763, 7.97506581875e-05, -0.000433324661572], [0.000209573234315, -0.000295463833027, -0.000225283714826, -0.00206252979115, 0.00782618578523, -0.00168924313039, 2.59540156549e-05, 0.00150635966565, -0.000923748360947, -0.00139048346318, 0.00123430567328, 0.000329829461407, -0.00104729179293], [-0.000235540574067, 0.000257836276432, -0.000864088069648, 0.000506804848555, -0.00168924313039, 0.00774730043486, -0.00383500684984, 0.00128561200108, -0.000390649453038, 0.00118251389358, -0.00175562209915, 0.00145658792462, -0.000286197260721], [0.000203772186069, -0.000254901591688, 0.00036277747131, 0.00050796411233, 2.59540156549e-05, -0.00383500684984, 0.0110178999603, -0.00613222829998, 0.00243729585782, -0.000139639480039, -0.000710551335942, -0.000520728703123, 0.000416244525695], [-0.000205492644454, -0.000187629440916, -0.000113470588985, -0.000699306430761, 0.00150635966565, 0.00128561200108, -0.00613222829998, 0.0163039173931, -0.00485395547003, 0.00111181940883, 3.81924000976e-05, -0.000944674422499, -7.92886964973e-08], [6.30027716397e-05, 0.000672442372888, -0.000579226587433, -0.000131493201479, -0.000923748360947, -0.000390649453038, 0.00243729585782, -0.00485395547003, 0.0146890161559, -0.00488632544875, 0.000522660382558, 0.000231236641412, 0.000474597385619], [-7.86456948845e-05, -0.000289110583253, 0.000954977294896, 0.000679925549775, -0.00139048346318, 0.00118251389358, -0.000139639480039, 0.00111181940883, -0.00488632544875, 0.016083125025, -0.00552966631949, 0.00422543287277, -0.00127485767007], [-2.32882339333e-05, 0.000540375069249, -0.000230582329095, 0.000215909574763, 0.00123430567328, -0.00175562209915, -0.000710551335942, 3.81924000976e-05, 0.000522660382558, -0.00552966631949, 0.0180343221873, -0.00799619220197, 0.00361276883632], [-5.31109908479e-05, 8.63876193762e-05, 0.000461401388748, 7.97506581875e-05, 0.000329829461407, 0.00145658792462, -0.000520728703123, -0.000944674422499, 0.000231236641412, 0.00422543287277, -0.00799619220197, 0.0167386550456, -0.00669896649197], [-2.241131142e-06, 0.000131049673655, -0.00056998769287, -0.000433324661572, -0.00104729179293, -0.000286197260721, 0.000416244525695, -7.92886964973e-08, 0.000474597385619, -0.00127485767007, 0.00361276883632, -0.00669896649197, 0.0154122794047]], "mean": [-662.900817871, 126.311691284, -4.45636463165, 28.3851470947, 1.63968002796, 7.83394956589, -2.47041559219, 4.5251750946, -3.28676366806, 2.1828455925, -2.95686721802, -3.8696808815, -1.62644577026]}, "pitch_salience": {"dmean": 0.0651479661465, "dmean2": 0.106678158045, "dvar": 0.00362362386659, "dvar2": 0.00970977544785, "max": 0.855324685574, "mean": 0.560477435589, "median": 0.564472436905, "min": 0.086061373353, "var": 0.00948062352836}, "silence_rate_20dB": {"dmean": 0, "dmean2": 0, "dvar": 0, "dvar2": 0, "max": 1, "mean": 1, "median": 1, "min": 1, "var": 0}, "silence_rate_30dB": {"dmean": 0.000543035566807, "dmean2": 0.00108614482451, "dvar": 0.000542861875147, "dvar2": 0.00162852252834, "max": 1, "mean": 0.999728500843, "median": 1, "min": 0, "var": 0.00027137651341}, "silence_rate_60dB": {"dmean": 0.0158837903291, "dmean2": 0.0317697376013, "dvar": 0.0156369581819, "dvar2": 0.0370057336986, "max": 1, "mean": 0.096042893827, "median": 0, "min": 0, "var": 0.086815841496}, "spectral_centroid": {"dmean": 227.488449097, "dmean2": 349.542419434, "dvar": 62955.2578125, "dvar2": 140395.46875, "max": 11281.8388672, "mean": 1313.70556641, "median": 1299.77087402, "min": 162.531738281, "var": 342150.71875}, "spectral_complexity": {"dmean": 3.30382847786, "dmean2": 4.87516117096, "dvar": 16.4175662994, "dvar2": 29.6282558441, "max": 58, "mean": 18.3133106232, "median": 18, "min": 0, "var": 113.967735291}, "spectral_contrast_coeffs": {"dmean": [0.0489026457071, 0.0430557206273, 0.0394742041826, 0.032611489296, 0.0231115166098, 0.0191670786589], "dmean2": [0.0797488167882, 0.0698742195964, 0.0623411089182, 0.0515686236322, 0.0365319997072, 0.0296290554106], "dvar": [0.00192083395086, 0.00131175096612, 0.00113957945723, 0.00075629906496, 0.000396571791498, 0.000313235854264], "dvar2": [0.00488520367071, 0.00337212346494, 0.00271925632842, 0.00175632885657, 0.000877882062923, 0.000726000522263], "max": [-0.349750578403, -0.382768630981, -0.443210661411, -0.477121323347, -0.583512187004, -0.577284932137], "mean": [-0.634581565857, -0.730765461922, -0.742795705795, -0.754457950592, -0.778954744339, -0.74633204937], "median": [-0.63196015358, -0.735113024712, -0.749459326267, -0.760789453983, -0.781146287918, -0.746044516563], "min": [-0.972090899944, -0.96322709322, -0.962102413177, -0.952114582062, -0.963106572628, -0.959633708], "var": [0.00659104809165, 0.00553415017202, 0.0060619241558, 0.00484173372388, 0.00249152840115, 0.00222655129619]}, "spectral_contrast_valleys": {"dmean": [0.403231024742, 0.340409100056, 0.322441786528, 0.293019890785, 0.276509255171, 0.327675104141], "dmean2": [0.645313799381, 0.548385441303, 0.506554722786, 0.438803225756, 0.383871287107, 0.419285327196], "dvar": [0.134866401553, 0.101757928729, 0.0951781645417, 0.0911347568035, 0.105379000306, 0.16183616221], "dvar2": [0.302942603827, 0.228456676006, 0.201139256358, 0.171020030975, 0.172551244497, 0.252225995064], "max": [-5.52194309235, -4.69468259811, -5.36268663406, -5.74120855331, -5.75109148026, -8.30479431152], "mean": [-7.43496799469, -6.98424196243, -7.68223667145, -8.04187107086, -7.87030696869, -10.6478567123], "median": [-7.1187171936, -6.72677993774, -7.43980169296, -7.78042697906, -7.61816692352, -10.4010858536], "min": [-27.1428470612, -27.3399791718, -27.5653247833, -27.4126205444, -27.1626815796, -27.2915077209], "var": [2.15155172348, 1.91735947132, 1.84780883789, 1.86117684841, 1.91007363796, 1.67623341084]}, "spectral_decrease": {"dmean": 1.89892945812e-09, "dmean2": 2.94390689604e-09, "dvar": 9.6970879518e-18, "dvar2": 2.28871296742e-17, "max": 7.03239023194e-19, "mean": -5.88772408605e-09, "median": -5.16384934812e-09, "min": -4.21295425213e-08, "var": 2.16759784387e-17}, "spectral_energy": {"dmean": 0.00756723154336, "dmean2": 0.0116601455957, "dvar": 0.000150037987623, "dvar2": 0.000350949005224, "max": 0.16593632102, "mean": 0.0238854847848, "median": 0.0208122432232, "min": 1.03924960755e-20, "var": 0.000356459990144}, "spectral_energyband_high": {"dmean": 0.0002750174026, "dmean2": 0.00038550174213, "dvar": 3.66765448234e-07, "dvar2": 7.57625798542e-07, "max": 0.0102120470256, "mean": 0.000548856100067, "median": 0.000264929461991, "min": 7.09033129348e-21, "var": 7.17061084288e-07}, "spectral_energyband_low": {"dmean": 0.00373202748597, "dmean2": 0.0060587534681, "dvar": 5.96058598603e-05, "dvar2": 0.000155586239998, "max": 0.111951641738, "mean": 0.00730392755941, "median": 0.00557642010972, "min": 5.06696245704e-23, "var": 6.89822481945e-05}, "spectral_energyband_middle_high": {"dmean": 0.00233279191889, "dmean2": 0.00352096185088, "dvar": 1.89468992176e-05, "dvar2": 4.51384948974e-05, "max": 0.0785746276379, "mean": 0.006621546112, "median": 0.00318019650877, "min": 1.59697698375e-21, "var": 8.37060943013e-05}, "spectral_energyband_middle_low": {"dmean": 0.0046790544875, "dmean2": 0.00749120721593, "dvar": 8.42076115077e-05, "dvar2": 0.000211504564504, "max": 0.10877802968, "mean": 0.0114768762141, "median": 0.00870129372925, "min": 3.24929787377e-22, "var": 0.000131386972498}, "spectral_entropy": {"dmean": 0.154013589025, "dmean2": 0.217453688383, "dvar": 0.0299446377903, "dvar2": 0.053937997669, "max": 9.80265331268, "mean": 7.48802852631, "median": 7.53893566132, "min": 4.81133413315, "var": 0.198321908712}, "spectral_flux": {"dmean": 0.0222055595368, "dmean2": 0.033357616514, "dvar": 0.000777194974944, "dvar2": 0.00144961744081, "max": 0.326977938414, "mean": 0.0733969956636, "median": 0.0630202442408, "min": 1.01943592457e-10, "var": 0.00249667209573}, "spectral_kurtosis": {"dmean": 1.65944635868, "dmean2": 2.73888587952, "dvar": 4.84766530991, "dvar2": 11.5675411224, "max": 94.7239303589, "mean": 4.39147377014, "median": 3.67875623703, "min": -1.19483911991, "var": 12.630941391}, "spectral_rms": {"dmean": 0.000689468521159, "dmean2": 0.00103017140646, "dvar": 8.21148603336e-07, "dvar2": 1.75928892077e-06, "max": 0.0127235641703, "mean": 0.00438998220488, "median": 0.00450606551021, "min": 3.18418295203e-12, "var": 4.03110652769e-06}, "spectral_rolloff": {"dmean": 359.202880859, "dmean2": 604.864074707, "dvar": 329893.5, "dvar2": 762069.625, "max": 19530.6152344, "mean": 1401.10668945, "median": 1184.32617188, "min": 86.1328125, "var": 2931418}, "spectral_skewness": {"dmean": 0.220634818077, "dmean2": 0.34483730793, "dvar": 0.0563730560243, "dvar2": 0.124477878213, "max": 8.41905593872, "mean": 1.46532642841, "median": 1.40340662003, "min": -0.0815330594778, "var": 0.235994488001}, "spectral_spread": {"dmean": 471954.53125, "dmean2": 656867.6875, "dvar": 357485150208, "dvar2": 628