{"lowlevel": {"average_loudness": 0.907957017422, "barkbands": {"dmean": [0.00975744239986, 0.016608890146, 0.00219423649833, 0.000733873748686, 0.0017936702352, 0.00111116922926, 0.00103556865361, 0.000931258429773, 0.00119372888003, 0.000961600686423, 0.000527572759893, 0.000639572157525, 0.000431516178651, 0.000286765251076, 0.000196489650989, 0.000253014935879, 0.000191922546946, 0.000184501506737, 0.000256717845332, 0.000536391919013, 0.000273078505415, 0.000150792911882, 7.58666719776e-05, 5.12412998432e-06, 3.15639226756e-06, 2.64443733613e-05, 0.000233859289438], "dmean2": [0.0148989418522, 0.0281349234283, 0.00373275461607, 0.00121646909975, 0.00286637456156, 0.00174526404589, 0.00166824506596, 0.00149924156722, 0.00196626619436, 0.00158835505135, 0.00084833544679, 0.00101981707849, 0.000682770623825, 0.000449203333119, 0.000303372100461, 0.000390097789932, 0.000280806329101, 0.000277911109151, 0.000383445149055, 0.000841331144329, 0.000421425007517, 0.000238983062445, 0.000122962374007, 8.19335400593e-06, 5.09875053467e-06, 4.29302526754e-05, 0.000354262156179], "dvar": [0.000313348253258, 0.000754917273298, 2.30734767683e-05, 1.66851714312e-06, 1.15045959319e-05, 6.11351606494e-06, 5.26364465259e-06, 6.08222671872e-06, 6.82992504153e-06, 5.94033326706e-06, 2.20014999286e-06, 2.04749244404e-06, 8.00692134817e-07, 3.12357599341e-07, 2.20720409061e-07, 2.22378744752e-07, 9.33599650921e-08, 1.12362471327e-07, 2.08980196703e-07, 1.08380925212e-06, 2.75476821798e-07, 8.62847215899e-08, 2.17323563589e-08, 5.83974951729e-11, 3.36382310895e-11, 2.63307264881e-09, 1.59591337479e-07], "dvar2": [0.000663581478875, 0.00202680658549, 6.13399824942e-05, 4.27275199399e-06, 2.7202828278e-05, 1.46713964568e-05, 1.34774518301e-05, 1.50042296809e-05, 1.80340921361e-05, 1.53415221575e-05, 5.64889978705e-06, 4.89285230287e-06, 1.87997818557e-06, 7.62714705616e-07, 5.36693505637e-07, 5.49296828467e-07, 1.99232786713e-07, 2.53334889067e-07, 4.65552716378e-07, 2.54238307207e-06, 6.30277327218e-07, 2.04308335583e-07, 5.17668894418e-08, 1.36498090608e-10, 7.86200687886e-11, 6.27797103192e-09, 3.61506153013e-07], "max": [0.355091333389, 0.316663116217, 0.0584815517068, 0.0257932785898, 0.0596232898533, 0.0602253675461, 0.0470737181604, 0.0604974031448, 0.056069880724, 0.0703753009439, 0.0632272139192, 0.0334557704628, 0.0263770669699, 0.0148432319984, 0.0164691470563, 0.0157953202724, 0.00639623776078, 0.00732578104362, 0.00910581927747, 0.00875766668469, 0.00758848758414, 0.00539331324399, 0.00114109448623, 0.000129808991915, 0.000113190537377, 0.000470283383038, 0.00334667600691], "mean": [0.0160547029227, 0.0231940299273, 0.0021180564072, 0.000851100776345, 0.00216708262451, 0.00142871460412, 0.00131482374854, 0.00109535700176, 0.00146107538603, 0.00124330678955, 0.000717488583177, 0.000864379282575, 0.000635953911114, 0.000428127154009, 0.000299183040624, 0.00037687071017, 0.000296721234918, 0.000281504180748, 0.000342670304235, 0.000514453626238, 0.000278146966593, 0.000140435542562, 6.52851595078e-05, 5.5296559367e-06, 3.2202294733e-06, 2.33446444327e-05, 0.000279739295365], "median": [0.00417168438435, 0.0112470360473, 0.000759434245992, 0.000326728390064, 0.000788214383647, 0.000283247762127, 0.00026403699303, 0.000169062594068, 0.000257174426224, 0.00016980941291, 0.000147159604239, 0.000252363883192, 0.000207436969504, 0.000155087938765, 8.22945294203e-05, 0.000125859500258, 0.000121281038446, 0.000106115468952, 0.000114850379759, 7.30173196644e-05, 3.6439167161e-05, 1.45687836266e-05, 5.71096597923e-06, 1.90586524695e-06, 8.46219165851e-07, 3.07413370138e-06, 7.08828229108e-05], "min": [3.64048978612e-25, 1.86300053783e-24, 8.22098376171e-25, 1.13152600941e-24, 6.32918250388e-24, 5.71541440417e-24, 1.10336357648e-23, 7.85809670126e-24, 1.32232304367e-23, 8.18191148108e-24, 1.25247130378e-23, 2.14306339579e-23, 3.11099919748e-23, 3.7416827627e-23, 2.8105769834e-23, 4.77509023299e-23, 4.25405959578e-23, 1.01153059034e-22, 1.14903005587e-22, 1.8531732321e-22, 2.4398902343e-22, 2.73332276211e-22, 4.29134980808e-22, 5.77017092776e-22, 8.89353454175e-22, 1.28034411983e-21, 1.96433403301e-21], "var": [0.000762494571973, 0.00100350915454, 1.84602067748e-05, 2.08363826459e-06, 1.49155785039e-05, 9.65007257037e-06, 7.57336783863e-06, 7.81789549364e-06, 8.91824311111e-06, 9.18741625355e-06, 3.0820037864e-06, 3.09572010337e-06, 1.37302879466e-06, 5.8980765516e-07, 4.76922707549e-07, 4.15602556814e-07, 1.9347551472e-07, 2.13889578049e-07, 3.26709539422e-07, 1.08297376755e-06, 3.40645755159e-07, 9.15831179782e-08, 2.0370308107e-08, 7.62747365268e-11, 4.13223483209e-11, 2.46182962904e-09, 2.06832453387e-07]}, "barkbands_crest": {"dmean": 3.55282139778, "dmean2": 5.72794103622, "dvar": 9.30444431305, "dvar2": 22.0490818024, "max": 26.4358787537, "mean": 12.7090072632, "median": 12.496336937, "min": 2.18564653397, "var": 30.0221385956}, "barkbands_flatness_db": {"dmean": 0.0418764203787, "dmean2": 0.0619814954698, "dvar": 0.00144285371061, "dvar2": 0.00314272707328, "max": 0.66745442152, "mean": 0.176797002554, "median": 0.163166835904, "min": 0.0292650163174, "var": 0.00650040106848}, "barkbands_kurtosis": {"dmean": 20.3539867401, "dmean2": 31.8471508026, "dvar": 2044.42663574, "dvar2": 4977.43994141, "max": 1064.44482422, "mean": 27.2036247253, "median": 4.5781493187, "min": -1.80398356915, "var": 3684.32788086}, "barkbands_skewness": {"dmean": 1.42281877995, "dmean2": 2.1184835434, "dvar": 2.85683298111, "dvar2": 6.112885952, "max": 26.3537254333, "mean": 3.07283401489, "median": 2.00763368607, "min": -2.14584565163, "var": 10.6459197998}, "barkbands_spread": {"dmean": 10.0931921005, "dmean2": 15.6721010208, "dvar": 178.540359497, "dvar2": 401.215759277, "max": 103.367454529, "mean": 20.9440803528, "median": 15.5168638229, "min": 0.13279530406, "var": 348.105621338}, "dissonance": {"dmean": 0.0147946728393, "dmean2": 0.0245985295624, "dvar": 0.000290543306619, "dvar2": 0.000754495558795, "max": 0.500000238419, "mean": 0.478722244501, "median": 0.485969752073, "min": 0.231071949005, "var": 0.000499742629472}, "dynamic_complexity": 3.68219399452, "erbbands": {"dmean": [0.816680490971, 2.90839099884, 3.17193388939, 2.16011357307, 4.10531616211, 6.95573997498, 7.91337966919, 9.43118190765, 13.6382102966, 15.3307514191, 22.9873313904, 27.199005127, 30.1525211334, 23.8924007416, 22.9930362701, 22.4521503448, 18.7656269073, 16.3812065125, 10.7101621628, 11.6481981277, 11.5225343704, 10.3853492737, 9.48086547852, 11.9159812927, 13.8652391434, 26.0616149902, 15.6686868668, 8.97607803345, 5.68553066254, 3.54898953438, 1.84986448288, 0.314616888762, 0.0564604252577, 0.0357907265425, 0.0222610998899, 0.0129670891911, 0.0430893450975, 0.0805337205529, 0.0479685738683, 0.00300718192011], "dmean2": [1.37092089653, 4.92382907867, 5.36771392822, 3.57627868652, 6.61323642731, 11.2384166718, 12.6371049881, 14.8779325485, 21.8834266663, 24.3935565948, 37.3908119202, 44.8187294006, 49.090385437, 39.5604629517, 36.4337081909, 35.3309211731, 29.311788559, 25.3978843689, 16.3162765503, 17.8560504913, 17.1478309631, 15.1197547913, 14.0357666016, 17.5005931854, 20.8285331726, 40.9655952454, 24.4201622009, 13.8178091049, 8.99401950836, 5.71478652954, 2.96696066856, 0.498394727707, 0.0906327292323, 0.0577779822052, 0.0359336845577, 0.0208311956376, 0.0688798725605, 0.128564208746, 0.07506852597, 0.00432457169518], "dvar": [1.97264587879, 29.0037765503, 49.236114502, 14.3552494049, 58.3909568787, 242.871810913, 282.631988525, 543.421630859, 974.594482422, 1191.41564941, 3476.96118164, 3744.34179688, 5804.38574219, 3661.32128906, 2614.2434082, 1957.97094727, 1442.59570312, 967.206665039, 557.898803711, 547.811950684, 426.6769104, 268.125427246, 263.311462402, 428.338745117, 589.488952637, 2636.83740234, 884.869445801, 292.059753418, 121.01486969, 48.0621566772, 12.365445137, 0.284244269133, 0.00956391729414, 0.00430791219696, 0.00166862388141, 0.000518338871188, 0.00662365322933, 0.02576360479, 0.00840681232512, 2.02266564884e-05], "dvar2": [5.33558893204, 78.3081665039, 130.887573242, 37.2367706299, 140.87286377, 571.588623047, 684.120361328, 1328.40490723, 2409.61157227, 2945.96386719, 8732.34277344, 10030.5878906, 14885.1591797, 9604.75488281, 6278.64306641, 4767.70214844, 3377.8671875, 2368.21069336, 1316.98901367, 1352.54968262, 974.317077637, 566.341125488, 588.270263672, 920.79284668, 1288.65197754, 6313.55957031, 2063.57592773, 644.9921875, 279.080047607, 117.64541626, 28.8580379486, 0.660282671452, 0.0222863219678, 0.0100671099499, 0.00389904645272, 0.00120846065693, 0.0155482292175, 0.0605083070695, 0.0194515381008, 4.24376448791e-05], "max": [19.2937831879, 68.5967254639, 83.2929992676, 59.728767395, 158.177093506, 287.679107666, 316.488220215, 564.584228516, 727.853637695, 568.591003418, 1680.86083984, 1345.41918945, 2359.18505859, 1643.58325195, 1238.78649902, 951.682922363, 1195.35449219, 883.259765625, 662.691467285, 687.944213867, 502.640533447, 326.261779785, 391.650085449, 481.359008789, 459.890625, 440.858154297, 361.68170166, 287.497161865, 200.414962769, 81.9481506348, 36.4161720276, 6.5185251236, 1.87900733948, 1.27948129177, 0.798094987869, 0.44051656127, 0.763886034489, 1.91580343246, 0.686603248119, 0.0868275389075], "mean": [1.1679661274, 3.374802351, 3.23793387413, 2.57001495361, 4.85863733292, 7.92789506912, 9.45892238617, 12.088312149, 17.8171424866, 19.2912826538, 28.0587501526, 32.8351821899, 39.3900489807, 32.5026855469, 33.5396575928, 32.5754241943, 29.0233039856, 25.1751441956, 17.5432815552, 18.602142334, 17.8520641327, 16.5546836853, 15.1590175629, 17.3694248199, 17.5667362213, 24.643951416, 15.3597383499, 9.26728725433, 5.43549442291, 3.10514807701, 1.62096834183, 0.307356446981, 0.0610489659011, 0.0369002185762, 0.0228854902089, 0.0139966765419, 0.0396833121777, 0.0722167342901, 0.0464197285473, 0.00508765177801], "median": [0.550563037395, 1.37640619278, 1.28519570827, 1.1978802681, 1.94709658623, 2.5009522438, 2.41163015366, 2.54164886475, 3.44465255737, 4.39655828476, 4.69830465317, 6.09947538376, 6.00898599625, 5.9307308197, 8.34018325806, 10.7883329391, 10.1333618164, 10.0081357956, 5.37289142609, 6.08414840698, 6.19900083542, 6.90336322784, 6.12369394302, 6.23869037628, 5.29863548279, 3.44323253632, 2.06912493706, 1.12764060497, 0.557411134243, 0.313656002283, 0.14832739532, 0.0619690977037, 0.0220153685659, 0.0101297609508, 0.00618423428386, 0.00497084157541, 0.00587728479877, 0.0066979280673, 0.00617620814592, 0.00213104556315], "min": [8.94603733707e-23, 1.669038708e-22, 2.18002359917e-21, 5.69420834314e-21, 1.06031306715e-20, 2.03344662917e-20, 4.2070712916e-20, 7.84734421031e-20, 1.37595084248e-19, 1.62647321849e-19, 2.81171123765e-19, 3.26182130948e-19, 4.37774585846e-19, 5.74800466435e-19, 6.6471200049e-19, 1.06399394333e-18, 1.49560572342e-18, 2.20050143428e-18, 2.51485633003e-18, 2.85924904896e-18, 3.00390556731e-18, 3.22565138963e-18, 6.07658954818e-18, 6.82232306249e-18, 6.45668234837e-18, 1.00631782386e-17, 8.64652969636e-18, 9.03504650391e-18, 8.26433999332e-18, 1.18588955314e-17, 1.04161345516e-17, 1.11865970439e-17, 9.43386832753e-18, 8.3291289148e-18, 6.09549558826e-18, 4.20729205835e-18, 2.24809451159e-18, 9.97611251602e-19, 2.46063148726e-19, 2.59854233478e-20], "var": [2.6289973259, 30.0401859283, 39.8729705811, 15.4580745697, 73.2854003906, 293.783782959, 383.132965088, 796.651489258, 1505.34326172, 1620.53381348, 4648.56054688, 4633.46337891, 8678.83398438, 5841.43847656, 4668.73681641, 3452.04638672, 2625.05151367, 1776.71716309, 1295.76159668, 1225.07836914, 902.5625, 582.342529297, 550.12701416, 783.235656738, 879.303588867, 2550.75708008, 969.682556152, 381.58682251, 135.45703125, 45.2958297729, 12.0490617752, 0.308195561171, 0.0120460409671, 0.00529771577567, 0.00205393205397, 0.000651396228932, 0.00651364633814, 0.025432407856, 0.00883685704321, 5.14989842486e-05]}, "erbbands_crest": {"dmean": 2.83339452744, "dmean2": 4.65484237671, "dvar": 6.62646579742, "dvar2": 17.2077026367, "max": 27.453874588, "mean": 7.90196418762, "median": 7.10175228119, "min": 1.91249763966, "var": 12.6190719604}, "erbbands_flatness_db": {"dmean": 0.028181033209, "dmean2": 0.0424387827516, "dvar": 0.000583912886214, "dvar2": 0.0013297367841, "max": 0.3450050354, "mean": 0.149322196841, "median": 0.146194547415, "min": 0.042590033263, "var": 0.00220095692202}, "erbbands_kurtosis": {"dmean": 1.6551156044, "dmean2": 2.68136715889, "dvar": 8.47973918915, "dvar2": 21.6741218567, "max": 120.328300476, "mean": 1.06271493435, "median": 0.189572095871, "min": -1.88523840904, "var": 9.86196422577}, "erbbands_skewness": {"dmean": 0.54223972559, "dmean2": 0.819204390049, "dvar": 0.290449619293, "dvar2": 0.637692093849, "max": 8.92245578766, "mean": -0.113001398742, "median": -0.067553140223, "min": -4.38821077347, "var": 0.922797501087}, "erbbands_spread": {"dmean": 11.1596565247, "dmean2": 17.1917057037, "dvar": 137.201339722, "dvar2": 326.249267578, "max": 145.064361572, "mean": 34.9734840393, "median": 30.4032936096, "min": 2.32770514488, "var": 393.008270264}, "gfcc": {"cov": [[16135.7158203, 542.189331055, -1134.92602539, -314.430267334, -588.24017334, -457.477142334, 212.949691772, -333.749481201, -70.4994888306, -23.5643215179, -53.5644874573, -3.68236112595, -187.324798584], [542.189331055, 1440.93481445, -40.6302261353, -537.458984375, -20.7538337708, 5.3236951828, -199.922439575, 152.982971191, -67.4339752197, 19.9682388306, 114.203292847, -115.674156189, 117.966163635], [-1134.92602539, -40.6302261353, 845.692749023, 302.567993164, -105.428840637, 309.18371582, -199.298629761, 214.493011475, -60.1554298401, 156.346572876, 24.6679553986, 5.04570770264, 16.6602420807], [-314.430267334, -537.458984375, 302.567993164, 601.044311523, 182.792526245, 78.792175293, 120.364250183, -26.5722770691, 74.3957595825, 44.4617347717, -30.8448925018, 83.5273513794, -48.5707817078], [-588.24017334, -20.7538337708, -105.428840637, 182.792526245, 365.851959229, 61.0381317139, 94.3232727051, 5.0655798912, 47.3680267334, -34.6311683655, 16.1403598785, 13.4056711197, 53.0798339844], [-457.477142334, 5.3236951828, 309.18371582, 78.792175293, 61.0381317139, 362.482452393, -75.5059051514, 202.759552002, -77.2802429199, 46.0598754883, -4.83804559708, -4.65285587311, 70.0910949707], [212.949691772, -199.922439575, -199.298629761, 120.364250183, 94.3232727051, -75.5059051514, 366.671234131, -120.72996521, 86.7681274414, -81.9141616821, -50.3655471802, 41.911026001, -54.7109069824], [-333.749481201, 152.982971191, 214.493011475, -26.5722770691, 5.0655798912, 202.759552002, -120.72996521, 289.878814697, -10.910369873, 69.9405975342, 24.016740799, -32.3395996094, 81.8162765503], [-70.4994888306, -67.4339752197, -60.1554298401, 74.3957595825, 47.3680267334, -77.2802429199, 86.7681274414, -10.910369873, 157.704055786, 56.7769813538, 13.9882011414, 23.5398921967, -32.6281242371], [-23.5643215179, 19.9682388306, 156.346572876, 44.4617347717, -34.6311683655, 46.0598754883, -81.9141616821, 69.9405975342, 56.7769813538, 135.133361816, 62.1078033447, 4.60445642471, 5.86083841324], [-53.5644874573, 114.203292847, 24.6679553986, -30.8448925018, 16.1403598785, -4.83804559708, -50.3655471802, 24.016740799, 13.9882011414, 62.1078033447, 85.1283111572, 15.7517566681, 20.8108692169], [-3.68236112595, -115.674156189, 5.04570770264, 83.5273513794, 13.4056711197, -4.65285587311, 41.911026001, -32.3395996094, 23.5398921967, 4.60445642471, 15.7517566681, 68.3000183105, 6.00006914139], [-187.324798584, 117.966163635, 16.6602420807, -48.5707817078, 53.0798339844, 70.0910949707, -54.7109069824, 81.8162765503, -32.6281242371, 5.86083841324, 20.8108692169, 6.00006914139, 97.0175476074]], "icov": [[0.000124275989947, -0.000250821904046, 0.0007002184866, -0.000757983245421, 0.000762823910918, -0.000306724163238, -1.28577557916e-05, 1.80785154953e-05, 0.000263288762653, -0.000288172217552, -0.000104060869489, 0.0002610119991, -6.09026683378e-05], [-0.000250821904046, 0.00209997151978, -0.00254695909098, 0.00356264947914, -0.00268814945593, 0.00134929968044, -0.000215638036025, -0.000199397851247, -0.00072475115303, 0.00103929941542, -0.00106771825813, 0.000491237151437, -0.000382137048291], [0.0007002184866, -0.00254695909098, 0.00994989462197, -0.0115222511813, 0.0113273784518, -0.00726460805163, 0.00192478985991, 0.00127396220341, -0.00175728474278, 0.00259336503223, -0.00720374193043, 0.00819923635572, -0.00367562379688], [-0.000757983245421, 0.00356264947914, -0.0115222511813, 0.0208958126605, -0.0211683418602, 0.0123928757384, -0.00373736326583, -0.00565086118877, 0.0119088944048, -0.0180767849088, 0.0219227652997, -0.023244349286, 0.0137626025826], [0.000762823910918, -0.00268814945593, 0.0113273784518, -0.0211683418602, 0.0278363022953, -0.0171795915812, 0.00398226687685, 0.00925602391362, -0.0207030717283, 0.027726823464, -0.0308485273272, 0.0299868974835, -0.0200545862317], [-0.000306724163238, 0.00134929968044, -0.00726460805163, 0.0123928757384, -0.0171795915812, 0.0186633672565, -0.00468995934352, -0.0106649212539, 0.0198416467756, -0.0230894368142, 0.0238663163036, -0.021699462086, 0.0117741385475], [-1.28577557916e-05, -0.000215638036025, 0.00192478985991, -0.00373736326583, 0.00398226687685, -0.00468995934352, 0.00679722195491, 0.00299673853442, -0.00901609286666, 0.0107677914202, -0.00611685914919, 0.00418411614373, -0.00207810360007], [1.80785154953e-05, -0.000199397851247, 0.00127396220341, -0.00565086118877, 0.00925602391362, -0.0106649212539, 0.00299673853442, 0.0138062397018, -0.0148076349869, 0.0137806721032, -0.0140259936452, 0.0172699950635, -0.0139545397833], [0.000263288762653, -0.00072475115303, -0.00175728474278, 0.0119088944048, -0.0207030717283, 0.0198416467756, -0.00901609286666, -0.0148076349869, 0.0432465337217, -0.0468779020011, 0.0375352725387, -0.0341756716371, 0.023486983031], [-0.000288172217552, 0.00103929941542, 0.00259336503223, -0.0180767849088, 0.027726823464, -0.0230894368142, 0.0107677914202, 0.0137806721032, -0.0468779020011, 0.0708593502641, -0.0588218942285, 0.0437471196055, -0.0254873130471], [-0.000104060869489, -0.00106771825813, -0.00720374193043, 0.0219227652997, -0.0308485273272, 0.0238663163036, -0.00611685914919, -0.0140259936452, 0.0375352725387, -0.0588218942285, 0.0706005915999, -0.0507926493883, 0.0254979487509], [0.0002610119991, 0.000491237151437, 0.00819923635572, -0.023244349286, 0.0299868974835, -0.021699462086, 0.00418411614373, 0.0172699950635, -0.0341756716371, 0.0437471196055, -0.0507926493883, 0.0650260820985, -0.033334877342], [-6.09026683378e-05, -0.000382137048291, -0.00367562379688, 0.0137626025826, -0.0200545862317, 0.0117741385475, -0.00207810360007, -0.0139545397833, 0.023486983031, -0.0254873130471, 0.0254979487509, -0.033334877342, 0.0372685529292]], "mean": [-25.473859787, 94.1272964478, -102.149681091, 19.1141452789, -9.48851299286, -12.9054613113, 11.6588382721, -9.81140041351, -0.785819292068, -2.2045314312, -2.62585330009, 2.60168385506, -7.55376291275]}, "hfc": {"dmean": 19.4470710754, "dmean2": 27.7290973663, "dvar": 1543.34936523, "dvar2": 2933.90576172, "max": 1537.13537598, "mean": 40.6651382446, "median": 25.415851593, "min": 1.08087373005e-16, "var": 3707.56420898}, "melbands": {"dmean": [0.0059420610778, 0.00234689982608, 0.000411392218666, 0.000412043649703, 0.000273317156825, 0.000211013291846, 0.000208996934816, 0.000171815598151, 0.000200056267204, 0.000169839142472, 0.000152961569256, 0.000102816899016, 7.34053828637e-05, 7.53350032028e-05, 5.04090094182e-05, 4.37812086602e-05, 3.00153496937e-05, 1.83060546988e-05, 1.59192022693e-05, 1.98096022359e-05, 1.24992875499e-05, 1.18019615911e-05, 9.5038467407e-06, 8.88818522071e-06, 1.0075854334e-05, 1.08249405457e-05, 1.17857598525e-05, 1.95552493096e-05, 1.01416599136e-05, 9.24748837861e-06, 3.90132163375e-06, 3.33433990818e-06, 2.46758463618e-06, 1.89561251318e-06, 1.21351047255e-06, 5.18721492426e-07, 7.02631126615e-08, 3.76663535917e-08, 3.29875895488e-08, 2.91141706299e-08], "dmean2": [0.00995585508645, 0.00395019818097, 0.000673914735671, 0.00065843295306, 0.000435380003182, 0.000331434275722, 0.000334945798386, 0.000272265751846, 0.000328352558427, 0.00027924819733, 0.000249565666309, 0.00017125994782, 0.000116925431939, 0.000120487515233, 7.99797708169e-05, 6.91489185556e-05, 4.73779873573e-05, 2.84981524601e-05, 2.45943247137e-05, 3.11153598886e-05, 1.88631838682e-05, 1.7800477508e-05, 1.42181143019e-05, 1.35127693284e-05, 1.50692403622e-05, 1.66354057001e-05, 1.81359591807e-05, 3.10896975861e-05, 1.58937091328e-05, 1.46672291521e-05, 5.93422873862e-06, 5.29875205757e-06, 3.92317951992e-06, 3.13004784402e-06, 1.96140604203e-06, 8.3821203134e-07, 1.11989166385e-07, 6.09004615626e-08, 5.33063193586e-08, 4.70245353767e-08], "dvar": [9.76572046056e-05, 2.26471838687e-05, 4.65934078875e-07, 7.08642915015e-07, 2.80850883883e-07, 2.44670104621e-07, 2.17356770804e-07, 1.56456252398e-07, 2.34704899071e-07, 1.46134667034e-07, 1.52119142172e-07, 6.79701628314e-08, 3.16630632824e-08, 3.35824488218e-08, 1.0805085715e-08, 9.03253916107e-09, 3.32821370463e-09, 1.75184444728e-09, 1.6628090016e-09, 1.53715074003e-09, 5.26506338527e-10, 3.80626113961e-10, 2.44779946312e-10, 2.8427188381e-10, 3.16935533373e-10, 4.0211681207e-10, 4.49885295684e-10, 1.56246815486e-09, 3.7392364205e-10, 3.39192313126e-10, 5.60505600267e-11, 4.34664873539e-11, 2.25610034127e-11, 1.45849114036e-11, 5.34609466071e-12, 1.0291750091e-12, 1.08687278266e-14, 4.79885626882e-15, 3.67867848949e-15, 2.86266706513e-15], "dvar2": [0.000261363922618, 6.05909226579e-05, 1.18478942568e-06, 1.66342158536e-06, 6.81422761772e-07, 5.94503433149e-07, 5.47129502593e-07, 3.82685101386e-07, 5.96627330651e-07, 3.86911580108e-07, 3.89505345311e-07, 1.77195175866e-07, 7.92211665157e-08, 8.01055577426e-08, 2.71097793103e-08, 2.23222240692e-08, 8.32177704524e-09, 4.28386170981e-09, 4.06914546502e-09, 4.00686683832e-09, 1.21203969083e-09, 8.63371651949e-10, 5.25032017862e-10, 6.53334886191e-10, 7.02104263617e-10, 9.20337972499e-10, 1.02920771905e-09, 3.77019970799e-09, 8.65985727572e-10, 8.13383860265e-10, 1.18773282876e-10, 1.01807756669e-10, 5.22746984588e-11, 3.63798401126e-11, 1.25509307808e-11, 2.45698275093e-12, 2.53349197768e-14, 1.12247942197e-14, 8.5997925293e-15, 6.69051335059e-15], "max": [0.140158683062, 0.0584387667477, 0.00965972058475, 0.0165293905884, 0.00942359678447, 0.0128502985463, 0.00954429246485, 0.00696378061548, 0.0153332026675, 0.00942242704332, 0.0114479940385, 0.00810039788485, 0.00706517649814, 0.00454174214974, 0.00314211566001, 0.00306052598171, 0.00152662710752, 0.00121029664297, 0.00151059706695, 0.00158490368631, 0.000520678062458, 0.000379850243917, 0.000396416988224, 0.000362884049537, 0.000462018360849, 0.000394216942368, 0.000434020272223, 0.000360994192306, 0.000252075551543, 0.000250251061516, 0.000145855388837, 0.000144233970786, 0.000106211693492, 3.03382366837e-05, 2.78411826002e-05, 9.7614911283e-06, 1.68165479408e-06, 1.3361237734e-06, 1.17905858588e-06, 1.04456205463e-06], "mean": [0.00928638875484, 0.00261717056856, 0.000507165386807, 0.000485145690618, 0.00033276467002, 0.00027515826514, 0.000273567944532, 0.000212340179132, 0.000239555549342, 0.000204278199817, 0.000197012210265, 0.000134069297928, 0.000103187885543, 0.000102656042145, 7.10799358785e-05, 6.26896217e-05, 4.39777541033e-05, 2.79640935332e-05, 2.37820022448e-05, 2.86909689748e-05, 1.84156033356e-05, 1.73510907189e-05, 1.49715069711e-05, 1.31876286105e-05, 1.40751471918e-05, 1.31038823383e-05, 1.30956286739e-05, 1.7796872271e-05, 9.96938524622e-06, 8.65763831825e-06, 4.18002900915e-06, 3.16711702908e-06, 2.26675479098e-06, 1.58274804107e-06, 1.04145794921e-06, 4.68372007845e-07, 7.61087832757e-08, 3.84604383896e-08, 3.3625564555e-08, 2.96823561285e-08], "median": [0.00491186976433, 0.00111840351019, 0.000250629032962, 0.000168635728187, 9.51798647293e-05, 5.68747127545e-05, 5.39026113984e-05, 4.59738512291e-05, 3.77864453185e-05, 3.62329665222e-05, 2.70229611488e-05, 2.23868391913e-05, 2.36429004872e-05, 2.99623497995e-05, 2.26296942856e-05, 2.09382087633e-05, 1.69605118572e-05, 8.20720561023e-06, 6.29381474937e-06, 9.62226749834e-06, 6.25753864369e-06, 7.09644336894e-06, 5.90081162954e-06, 4.87972374685e-06, 4.89695776196e-06, 3.93205527871e-06, 3.02592820844e-06, 2.06824620363e-06, 1.36858818678e-06, 8.90020373845e-07, 5.39602126537e-07, 3.21420259297e-07, 2.24087870038e-07, 1.44623228948e-07, 8.82042741068e-08, 5.6008708782e-08, 2.57668961723e-08, 1.02196757723e-08, 8.83553585851e-09, 7.80057440863e-09], "min": [9.6134770873e-25, 6.06608003705e-25, 1.49341387892e-24, 1.01157990598e-24, 1.48984112788e-24, 9.95881771186e-25, 2.30740710372e-24, 1.66041080217e-24, 1.86603134142e-24, 1.71683762829e-24, 2.13270833423e-24, 1.70960081556e-24, 1.86307252138e-24, 1.56757824249e-24, 3.17436346362e-24, 3.21984267531e-24, 3.26055381448e-24, 3.74230761942e-24, 2.01293637185e-24, 3.1297232055e-24, 3.04834096186e-24, 2.80373550832e-24, 3.47461516541e-24, 4.35702392994e-24, 4.74478061929e-24, 4.35005079397e-24, 3.29253502444e-24, 5.77242459293e-24, 4.32915623517e-24, 5.11472246282e-24, 4.37955695284e-24, 3.41567621174e-24, 5.44523348844e-24, 5.51542712064e-24, 4.95029663447e-24, 5.50299664493e-24, 5.84512719725e-24, 5.14440493211e-24, 6.07814487574e-24, 6.29834395894e-24], "var": [0.000143597426359, 2.03932868317e-05, 5.43761359495e-07, 9.0209090331e-07, 3.85083296806e-07, 3.78178043547e-07, 3.31972671574e-07, 2.12364710706e-07, 3.22475329995e-07, 1.83276227972e-07, 2.2582770498e-07, 1.07248503411e-07, 4.95175314086e-08, 4.92104454963e-08, 1.78998451617e-08, 1.37985054494e-08, 5.68517100064e-09, 3.54695472993e-09, 3.41427397466e-09, 2.534862098e-09, 1.01668162777e-09, 6.77818356998e-10, 5.22341281339e-10, 5.05011310548e-10, 5.39424171997e-10, 5.50493262086e-10, 5.4493043411e-10, 1.45307710309e-09, 4.03244326819e-10, 3.56923046674e-10, 8.23991777588e-11, 4.8533559116e-11, 2.34478235439e-11, 1.27539879699e-11, 5.13106441016e-12, 9.71465204287e-13, 1.43356158921e-14, 5.86558118699e-15, 4.51049406633e-15, 3.51686576217e-15]}, "melbands_crest": {"dmean": 5.09798336029, "dmean2": 8.03287792206, "dvar": 19.6107540131, "dvar2": 45.3500976562, "max": 39.5139884949, "mean": 21.7396564484, "median": 21.5550537109, "min": 1.59146416187, "var": 89.482460022}, "melbands_flatness_db": {"dmean": 0.0499690845609, "dmean2": 0.0742696151137, "dvar": 0.00192035641521, "dvar2": 0.0041385111399, "max": 0.819961667061, "mean": 0.273734331131, "median": 0.267364323139, "min": 0.00290407123975, "var": 0.0093101747334}, "melbands_kurtosis": {"dmean": 46.0888404846, "dmean2": 73.4318084717, "dvar": 13224.5537109, "dvar2": 32444.4394531, "max": 2606.66992188, "mean": 60.1802787781, "median": 10.3607006073, "min": -1.8841971159, "var": 21901.5253906}, "melbands_skewness": {"dmean": 2.02707266808, "dmean2": 3.09017324448, "dvar": 6.77545690536, "dvar2": 15.250164032, "max": 37.8261299133, "mean": 4.57965803146, "median": 2.96583986282, "min": -3.33419179916, "var": 22.9631099701}, "melbands_spread": {"dmean": 10.6266946793, "dmean2": 16.4994010925, "dvar": 260.04510498, "dvar2": 586.002502441, "max": 191.981262207, "mean": 21.8132019043, "median": 13.9513778687, "min": 0.0381852425635, "var": 643.477050781}, "mfcc": {"cov": [[8813.04589844, 732.812011719, -738.107910156, 239.645690918, -990.056945801, 141.240127563, -358.536437988, 19.997133255, -318.426116943, 77.6841125488, -109.727752686, -50.0867652893, -63.3133277893], [732.812011719, 1653.13708496, -91.0983200073, -447.23260498, 67.0923919678, -320.875091553, 54.7958946228, -147.402297974, -9.94722270966, -91.4325790405, 96.9284820557, 12.2841291428, -51.7610473633], [-738.107910156, -91.0983200073, 980.820678711, -58.7715454102, 245.79359436, -34.9461517334, 86.3832397461, -58.2138671875, 31.4056434631, 51.6815872192, 72.4123916626, 73.1740875244, 2.39363837242], [239.645690918, -447.23260498, -58.7715454102, 577.451721191, -65.0947647095, 253.182128906, -63.6062660217, 93.9137039185, -20.5510444641, 66.2739715576, -18.573507309, 25.2976570129, 59.5838241577], [-990.056945801, 67.0923919678, 245.79359436, -65.0947647095, 523.635314941, -44.5733680725, 145.464981079, -31.5474624634, 111.371376038, -21.0903968811, 62.4652824402, 38.8616828918, 29.7388000488], [141.240127563, -320.875091553, -34.9461517334, 253.182128906, -44.5733680725, 284.577880859, 30.3845596313, 100.930488586, -3.62957262993, 47.6597442627, -44.886806488, -3.92613267899, 27.2696075439], [-358.536437988, 54.7958946228, 86.3832397461, -63.6062660217, 145.464981079, 30.3845596313, 201.716110229, 71.87940979, 77.1417922974, -17.4242038727, -3.27270460129, -16.3528614044, -9.12553691864], [19.997133255, -147.402297974, -58.2138671875, 93.9137039185, -31.5474624634, 100.930488586, 71.87940979, 160.072738647, 69.419052124, 27.0138072968, -31.0405635834, -19.3984355927, 3.32276654243], [-318.426116943, -9.94722270966, 31.4056434631, -20.5510444641, 111.371376038, -3.62957262993, 77.1417922974, 69.419052124, 147.433868408, 35.6842575073, 17.1069583893, 1.73464941978, 16.3346443176], [77.6841125488, -91.4325790405, 51.6815872192, 66.2739715576, -21.0903968811, 47.6597442627, -17.4242038727, 27.0138072968, 35.6842575073, 99.3609390259, 39.5840339661, 24.4251689911, 20.0618896484], [-109.727752686, 96.9284820557, 72.4123916626, -18.573507309, 62.4652824402, -44.886806488, -3.27270460129, -31.0405635834, 17.1069583893, 39.5840339661, 97.6134490967, 47.9907684326, 9.92629241943], [-50.0867652893, 12.2841291428, 73.1740875244, 25.2976570129, 38.8616828918, -3.92613267899, -16.3528614044, -19.3984355927, 1.73464941978, 24.4251689911, 47.9907684326, 69.253112793, 34.0713882446], [-63.3133277893, -51.7610473633, 2.39363837242, 59.5838241577, 29.7388000488, 27.2696075439, -9.12553691864, 3.32276654243, 16.3346443176, 20.0618896484, 9.92629241943, 34.0713882446, 67.6335372925]], "icov": [[0.00017192287487, -0.000146675243741, 5.01857357449e-05, -6.72603273415e-05, 0.000187067562365, -5.02326693095e-05, 8.7529020675e-05, -7.7046592196e-05, 0.000226493313676, -0.000333902891725, 0.000267496099696, -0.000122330195154, 0.000126469996758], [-0.000146675243741, 0.00106446922291, 0.000169333463418, 0.000383610604331, 3.83147562388e-05, 0.000519707857165, -0.00067877775291, 0.000536586332601, -0.000201959730475, 0.000796035630628, -0.00114935985766, -0.0001071873412, 2.44001948886e-05], [5.01857357449e-05, 0.000169333463418, 0.00148576241918, -7.24946903574e-06, -0.000465498887934, 0.000390260684071, -0.00102035445161, 0.00077644729754, 0.000512689584866, -0.00162788352463, 0.000877541373484, -0.00194388616364, 0.00121140712872], [-6.72603273415e-05, 0.000383610604331, -7.24946903574e-06, 0.00379008566961, -0.000494729611091, -0.002720201388, 0.00208275904879, -0.00179064681288, 0.000688451342285, 0.000540593871847, -0.00144861708395, 0.000230193400057, -0.00165479595307], [0.000187067562365, 3.83147562388e-05, -0.000465498887934, -0.000494729611091, 0.0043241973035, -0.000463117088657, -0.00234756409191, 0.00291385105811, -0.00328764785081, 0.00264075351879, -0.00188784534112, -0.000432776141679, -0.00101198919583], [-5.02326693095e-05, 0.000519707857165, 0.000390260684071, -0.002720201388, -0.000463117088657, 0.0093271676451, -0.00345564982854, -0.00219323346391, 0.00367512344383, -0.00514844572172, 0.0045629683882, -0.00137030833866, -0.000522018468473], [8.7529020675e-05, -0.00067877775291, -0.00102035445161, 0.00208275904879, -0.00234756409191, -0.00345564982854, 0.0120461210608, -0.00591291394085, -0.00197259522974, 0.00426581781358, -0.00252598500811, 0.0030260742642, 0.000162434429512], [-7.7046592196e-05, 0.000536586332601, 0.00077644729754, -0.00179064681288, 0.00291385105811, -0.00219323346391, -0.00591291394085, 0.0166287031025, -0.00788380485028, -0.00100815156475, 0.00296136457473, -0.00149390206207, 0.00239795423113], [0.000226493313676, -0.000201959730475, 0.000512689584866, 0.000688451342285, -0.00328764785081, 0.00367512344383, -0.00197259522974, -0.00788380485028, 0.0167317520827, -0.00801893975586, 0.00104055844713, 0.00213232100941, -0.0033715069294], [-0.000333902891725, 0.000796035630628, -0.00162788352463, 0.000540593871847, 0.00264075351879, -0.00514844572172, 0.00426581781358, -0.00100815156475, -0.00801893975586, 0.023745065555, -0.013302478008, 0.00264547788538, -0.00306926388294], [0.000267496099696, -0.00114935985766, 0.000877541373484, -0.00144861708395, -0.00188784534112, 0.0045629683882, -0.00252598500811, 0.00296136457473, 0.00104055844713, -0.013302478008, 0.0273814238608, -0.0161751378328, 0.00694430246949], [-0.000122330195154, -0.0001071873412, -0.00194388616364, 0.000230193400057, -0.000432776141679, -0.00137030833866, 0.0030260742642, -0.00149390206207, 0.00213232100941, 0.00264547788538, -0.0161751378328, 0.0346412956715, -0.0154828736559], [0.000126469996758, 2.44001948886e-05, 0.00121140712872, -0.00165479595307, -0.00101198919583, -0.000522018468473, 0.000162434429512, 0.00239795423113, -0.0033715069294, -0.00306926388294, 0.00694430246949, -0.0154828736559, 0.02540239878]], "mean": [-679.326965332, 147.717330933, -25.9186439514, 47.3227043152, -4.28532266617, 21.3512973785, 9.17132091522, 13.4096069336, 3.6951611042, 7.7121090889, 4.95357704163, 5.88139152527, 6.34286689758]}, "pitch_salience": {"dmean": 0.106312967837, "dmean2": 0.167315483093, "dvar": 0.00860425084829, "dvar2": 0.0198658816516, "max": 0.873343348503, "mean": 0.443514585495, "median": 0.456651210785, "min": 0.0240185577422, "var": 0.0382846407592}, "silence_rate_20dB": {"dmean": 0.000591156305745, "dmean2": 0.00118238246068, "dvar": 0.000590761133935, "dvar2": 0.00165387988091, "max": 1, "mean": 0.999645352364, "median": 1, "min": 0, "var": 0.000354562595021}, "silence_rate_30dB": {"dmean": 0.103807047009, "dmean2": 0.207626372576, "dvar": 0.0930283218622, "dvar2": 0.19576446712, "max": 1, "mean": 0.871490240097, "median": 1, "min": 0, "var": 0.111988425255}, "silence_rate_60dB": {"dmean": 0.0245921015739, "dmean2": 0.0491871125996, "dvar": 0.0239907242358, "dvar2": 0.0542220845819, "max": 1, "mean": 0.0697523206472, "median": 0, "min": 0, "var": 0.0648853108287}, "spectral_centroid": {"dmean": 452.533447266, "dmean2": 650.00579834, "dvar": 283471, "dvar2": 513920.03125, "max": 11668.7109375, "mean": 1612.53674316, "median": 1276.32080078, "min": 71.7509918213, "var": 1352388.875}, "spectral_complexity": {"dmean": 6.58760929108, "dmean2": 8.67324829102, "dvar": 48.7238616943, "dvar2": 79.7604751587, "max": 61, "mean": 19.2954425812, "median": 17, "min": 0, "var": 190.081283569}, "spectral_contrast_coeffs": {"dmean": [0.0591211877763, 0.0507761649787, 0.0404196716845, 0.0313908942044, 0.0278019253165, 0.0702224969864], "dmean2": [0.0945208370686, 0.0824512243271, 0.0657827332616, 0.0506474897265, 0.0437511131167, 0.102939136326], "dvar": [0.00230042962357, 0.0017496830551, 0.00110360025428, 0.00065942434594, 0.000665538187604, 0.00415457878262], "dvar2": [0.00554345082492, 0.00435836100951, 0.00281871086918, 0.00161033088807, 0.00150026660413, 0.00820546224713], "max": [-0.355774790049, -0.443736791611, -0.523218631744, -0.570272564888, -0.652941048145, -0.345602303743], "mean": [-0.738731026649, -0.796536266804, -0.819539248943, -0.817499577999, -0.813074529171, -0.705223917961], "median": [-0.747625410557, -0.805047333241, -0.824168562889, -0.818576037884, -0.813181042671, -0.72379887104], "min": [-0.986220955849, -0.979904651642, -0.976284742355, -0.986390769482, -0.970476031303, -0.966373085976], "var": [0.00755971530452, 0.00610148860142, 0.00372888660058, 0.00236181006767, 0.00188945501577, 0.0122862020507]}, "spectral_contrast_valleys": {"dmean": [0.445908993483, 0.509336590767, 0.449314028025, 0.372398674488, 0.400770395994, 0.779375255108], "dmean2": [0.697671532631, 0.769716441631, 0.671443343163, 0.530940413475, 0.496575295925, 1.25164139271], "dvar": [0.145378828049, 0.200155317783, 0.170260101557, 0.117595769465, 0.131821751595, 0.457460731268], "dvar2": [0.325246483088, 0.440904647112, 0.337940126657, 0.235254526138, 0.223534837365, 1.15741014481], "max": [-4.66860485077, -4.27987527847, -4.74004888535, -5.23502874374, -5.3677482605, -8.67551803589], "mean": [-6.95394420624, -6.91217327118, -7.18304347992, -7.56658935547, -7.52124404907, -11.3882856369], "median": [-6.63408184052, -6.65889692307, -6.96842432022, -7.36654281616, -7.36432361603, -11.1777048111], "min": [-28.1310920715, -28.1703529358, -27.6821842194, -27.7197628021, -27.5685710907, -27.3904895782], "var": [3.49214982986, 3.79287028313, 3.61655664444, 3.28615403175, 3.29245829582, 2.82013964653]}, "spectral_decrease": {"dmean": 6.86863188548e-09, "dmean2": 1.09332658482e-08, "dvar": 9.35846138484e-17, "dvar2": 2.43342824867e-16, "max": 2.85624723873e-09, "mean": -1.41951490562e-08, "median": -1.06022017832e-08, "min": -1.42395720104e-07, "var": 1.85666260376e-16}, "spectral_energy": {"dmean": 0.0267642512918, "dmean2": 0.0421022772789, "dvar": 0.00135243404657, "dvar2": 0.00349974771962, "max": 0.542509436607, "mean": 0.0572643987834, "median": 0.0441411696374, "min": 9.82324637227e-21, "var": 0.0027840633411}, "spectral_energyband_high": {"dmean": 0.00105082325172, "dmean2": 0.00162351503968, "dvar": 3.79705511477e-06, "dvar2": 8.74599300005e-06, "max": 0.01669020392, "mean": 0.00106779427733, "median": 0.000181158320629, "min": 6.96698767816e-21, "var": 4.17508408646e-06}, "spectral_energyband_low": {"dmean": 0.0219835657626, "dmean2": 0.0366321243346, "dvar": 0.00123522360809, "dvar2": 0.00330412411131, "max": 0.48253390193, "mean": 0.0364070273936, "median": 0.0215380042791, "min": 1.28331568628e-23, "var": 0.00193258980289}, "spectral_energyband_middle_high": {"dmean": 0.00268272426911, "dmean2": 0.00386977009475, "dvar": 1.71456467797e-05, "dvar2": 3.58177458111e-05, "max": 0.111400097609, "mean": 0.00547383306548, "median": 0.00286562670954, "min": 1.19439670184e-21, "var": 5.45575203432e-05}, "spectral_energyband_middle_low": {"dmean": 0.00481584947556, "dmean2": 0.00722566759214, "dvar": 4.61343952338e-05, "dvar2": 0.000106197214336, "max": 0.100698873401, "mean": 0.00875839404762, "median": 0.00484415655956, "min": 1.85347741687e-22, "var": 0.000110777800728}, "spectral_entropy": {"dmean": 0.177304670215, "dmean2": 0.259844392538, "dvar": 0.0321026593447, "dvar2": 0.0682036355138, "max": 9.82414531708, "mean": 7.64208936691, "median": 7.69860267639, "min": 5.01686000824, "var": 0.126937612891}, "spectral_flux": {"dmean": 0.0411578081548, "dmean2": 0.0661480054259, "dvar": 0.00187881186139, "dvar2": 0.00467634247616, "max": 0.522854328156, "mean": 0.126840204, "median": 0.119183406234, "min": 6.28294014038e-11, "var": 0.00479883980006}, "spectral_kurtosis": {"dmean": 2.91542768478, "dmean2": 4.38514137268, "dvar": 9.22524261475, "dvar2": 20.5807476044, "max": 65.6373672485, "mean": 11.3773174286, "median": 10.4607582092, "min": -1.26982986927, "var": 29.9257087708}, "spectral_rms": {"dmean": 0.00161894131452, "dmean2": 0.00242877285928, "dvar": 2.67461223302e-06, "dvar2": 6.52092921882e-06, "max": 0.0230060312897, "mean": 0.00667229061946, "median": 0.0065623591654, "min": 3.09574783343e-12, "var": 1.13482965389e-05}, "spectral_rolloff": {"dmean": 979.163452148, "dmean2": 1714.84814453, "dvar": 6628148, "dvar2": 16794736, "max": 22028.4667969, "mean": 1640.06555176, "median": 624.462890625, "min": 21.533203125, "var": 11502647}, "spectral_skewness": {"dmean": 0.312536865473, "dmean2": 0.451510250568, "dvar": 0.0979178994894, "dvar2": 0.193773150444, "max": 5.51707839966, "mean": 1.96403539181, "median": 1.9264755249, "min": -0.108874991536, "var": 0.337300091982}, "spectral_spread": {"dmean": 549415, "dmean2": 837726.4375, "dvar": 361947168768, "dvar2": 780231114752, "max": 42462836, "mean": 3764473.75, "median": 3398300.75, "min": 1204970.25, "var": 9305331859460.0}, "spectral_strongpeak": {"dmean": 0.545037031174, "dmean2": 0.986782252789,