{"lowlevel": {"average_loudness": 0.929638206959, "barkbands": {"dmean": [2.64530772256e-05, 0.000939700403251, 0.000577283208258, 0.00189880805556, 0.00333666824736, 0.00206068321131, 0.000888359092642, 0.000754676992074, 0.000994466478005, 0.000554118363652, 0.000251442164881, 0.00075516855577, 0.000407942308811, 0.000231969723245, 0.000326897803461, 0.000120319171401, 0.000114208836749, 0.000111178349471, 0.000110314416816, 0.000126711922348, 8.5008701717e-05, 0.000117212977784, 7.49280516175e-05, 4.09198328271e-05, 2.96957950923e-05, 9.02296687855e-06, 2.2532890398e-06], "dmean2": [4.56512752862e-05, 0.00152391055599, 0.000992818502709, 0.00320898718201, 0.00532723311335, 0.0032607850153, 0.00139079743531, 0.0011409826111, 0.00145360431634, 0.000800825364422, 0.000370135094272, 0.00106616911944, 0.000641648133751, 0.000356393895345, 0.000489073921926, 0.00018279919459, 0.000175059816684, 0.000171192208654, 0.000168743747054, 0.000193488114746, 0.000127645675093, 0.000169700098922, 0.000111434994324, 5.95220044488e-05, 4.21454788011e-05, 1.21044713524e-05, 3.50164168594e-06], "dvar": [8.8394171982e-09, 7.21347214494e-06, 1.87606042346e-06, 9.81987705018e-06, 3.51641683665e-05, 1.80354218173e-05, 3.19458376907e-06, 3.95328106606e-06, 6.67207223159e-06, 2.14151964428e-06, 6.11274799667e-07, 2.33558739637e-06, 7.21364415313e-07, 2.37050656438e-07, 6.58243550333e-07, 9.22565206452e-08, 1.05403103134e-07, 8.52671959706e-08, 9.0582304324e-08, 1.38256282867e-07, 5.42456817243e-08, 1.18030392571e-07, 1.04734908746e-07, 2.26755929589e-08, 5.01541697062e-09, 3.57465473888e-10, 3.12255915569e-11], "dvar2": [2.13741842003e-08, 1.76922003448e-05, 4.72226247439e-06, 2.8673599445e-05, 8.8562592282e-05, 4.40802396042e-05, 7.81817379902e-06, 8.57147551869e-06, 1.32446430143e-05, 4.3054260459e-06, 1.15519583233e-06, 4.46138164989e-06, 1.78969003173e-06, 5.38279152806e-07, 1.40056090459e-06, 2.13782584524e-07, 2.5032989015e-07, 2.02929186344e-07, 2.09766980674e-07, 3.32885150556e-07, 1.26343394413e-07, 2.4548711508e-07, 2.36225830008e-07, 5.44385159174e-08, 1.1410175027e-08, 6.97208124567e-10, 7.18854559212e-11], "max": [0.0045309131965, 0.036805678159, 0.0500987544656, 0.0590471215546, 0.139197662473, 0.0766171813011, 0.0486879348755, 0.0382414981723, 0.0443805195391, 0.0470293238759, 0.0276937223971, 0.049754794687, 0.0183889959008, 0.0114635033533, 0.0237432140857, 0.0122501701117, 0.0125550813973, 0.00962924584746, 0.00965246558189, 0.00997601822019, 0.00739263230935, 0.00875424407423, 0.0113338436931, 0.00662301527336, 0.00140739092603, 0.000311711046379, 0.000120936201711], "mean": [2.35565039475e-05, 0.000915697368328, 0.000836303224787, 0.00309469201602, 0.00707190437242, 0.00410013878718, 0.00169156456832, 0.00127261620946, 0.00224529905245, 0.00117953750305, 0.000415211281506, 0.00177582167089, 0.000704408448655, 0.000384959479561, 0.000548405689187, 0.000199312329642, 0.000174373111804, 0.000179923037649, 0.000177080029971, 0.000192181003513, 0.000141788666951, 0.000201092363568, 0.000113751528261, 6.93897818564e-05, 5.28596901859e-05, 1.7213904357e-05, 3.28544365402e-06], "median": [3.33242587658e-06, 0.000139649229823, 0.000324341934174, 0.00171039125416, 0.00452951435, 0.00173033284955, 0.000859430874698, 0.00038968550507, 0.000302320870105, 0.000418987387093, 8.00362322479e-05, 0.000590881914832, 0.00023229495855, 0.000132255678182, 0.000198736990569, 9.08155052457e-05, 7.6904107118e-05, 7.66033772379e-05, 6.03524822509e-05, 6.05575041845e-05, 4.90931088279e-05, 5.1245209761e-05, 2.67661416729e-05, 1.86948782357e-05, 1.41198215715e-05, 4.51704363513e-06, 4.28067608027e-07], "min": [1.98758691831e-24, 5.40450420547e-24, 1.00590691139e-23, 6.83647923051e-24, 2.22537456259e-23, 6.21060913676e-23, 4.40103006222e-23, 1.32922715431e-23, 2.73922451453e-23, 6.13458566469e-23, 5.25835872976e-23, 2.47238363587e-23, 8.89913797853e-23, 6.74422873185e-23, 1.75418885898e-22, 1.1822014676e-22, 8.82216598011e-23, 1.323209534e-22, 1.69500397003e-22, 2.74307863647e-22, 4.10065776726e-22, 4.23100157018e-22, 5.66829048849e-22, 8.71084596813e-22, 1.08452465983e-21, 1.42778855915e-21, 2.69057982964e-21], "var": [8.75855032945e-09, 7.14488214726e-06, 3.85323710361e-06, 1.75113073055e-05, 7.29650128051e-05, 4.30237341789e-05, 6.70983308737e-06, 8.58467956277e-06, 3.05570501951e-05, 1.04308574009e-05, 1.96950168174e-06, 1.27428584165e-05, 1.46544846302e-06, 4.9252264489e-07, 1.31573608542e-06, 2.14483378613e-07, 1.43261530638e-07, 1.25067771251e-07, 1.39992337722e-07, 1.96389507323e-07, 8.9030976369e-08, 2.1951497331e-07, 1.55515351707e-07, 3.80142566314e-08, 9.49751655099e-09, 8.63285165575e-10, 5.17883444462e-11]}, "barkbands_crest": {"dmean": 2.40873289108, "dmean2": 3.84086275101, "dvar": 4.95115470886, "dvar2": 12.4353809357, "max": 26.3382911682, "mean": 10.9631605148, "median": 10.2291812897, "min": 2.35685110092, "var": 17.9181270599}, "barkbands_flatness_db": {"dmean": 0.0206634495407, "dmean2": 0.0297781992704, "dvar": 0.000457852962427, "dvar2": 0.000889769406058, "max": 0.527186870575, "mean": 0.159375667572, "median": 0.146267533302, "min": 0.0116244489327, "var": 0.00495373364538}, "barkbands_kurtosis": {"dmean": 3.48951792717, "dmean2": 5.43673706055, "dvar": 119.753868103, "dvar2": 279.158691406, "max": 494.949432373, "mean": 7.99635839462, "median": 2.90035295486, "min": -1.89726901054, "var": 711.004211426}, "barkbands_skewness": {"dmean": 0.507975935936, "dmean2": 0.771826922894, "dvar": 0.308307170868, "dvar2": 0.750692844391, "max": 18.3998355865, "mean": 1.75399720669, "median": 1.54376137257, "min": -2.22927427292, "var": 2.34550666809}, "barkbands_spread": {"dmean": 3.74589157104, "dmean2": 5.47340965271, "dvar": 25.2152423859, "dvar2": 51.6770515442, "max": 124.668121338, "mean": 15.9600629807, "median": 13.145154953, "min": 0.0721479505301, "var": 149.599121094}, "dissonance": {"dmean": 0.0269250571728, "dmean2": 0.0445927679539, "dvar": 0.000642597791739, "dvar2": 0.00167553953361, "max": 0.499973356724, "mean": 0.435386776924, "median": 0.444100260735, "min": 0.149762064219, "var": 0.00177629617974}, "dynamic_complexity": 3.16061377525, "erbbands": {"dmean": [0.024874702096, 0.225026547909, 0.585682332516, 3.33271694183, 11.3513946533, 10.2901706696, 13.8813877106, 16.5508003235, 13.2874641418, 12.3868198395, 19.0262546539, 25.0626831055, 15.5935268402, 16.1158065796, 10.8526086807, 36.1346130371, 20.4019012451, 12.922908783, 16.7394714355, 9.40088939667, 5.92195367813, 5.23985910416, 6.19878053665, 5.36006975174, 5.93402433395, 6.79331874847, 3.47481298447, 3.66952300072, 3.99256563187, 3.54010534286, 1.98991107941, 1.04079818726, 0.644981265068, 0.422701299191, 0.161223232746, 0.0554966814816, 0.0140746431425, 0.00300264218822, 0.000459850067273, 2.00190588657e-05], "dmean2": [0.0415549241006, 0.367983818054, 0.998867154121, 5.66654729843, 18.5040950775, 16.4721088409, 21.3816566467, 26.5599117279, 21.0203857422, 19.0866641998, 28.2839126587, 35.6041984558, 20.5179214478, 22.9668998718, 15.8439702988, 50.4421424866, 31.5826148987, 19.7001743317, 24.7697467804, 14.6729240417, 8.89961910248, 7.954164505, 9.57874298096, 8.07527446747, 9.02920246124, 10.3714113235, 5.23492765427, 5.52756118774, 5.83433628082, 5.21702528, 2.94022750854, 1.52641963959, 0.958169460297, 0.624195814133, 0.22629147768, 0.0765990391374, 0.0192472673953, 0.00421506771818, 0.000731119129341, 3.03649576381e-05], "dvar": [0.00551409693435, 0.415676623583, 2.30149078369, 28.1802158356, 428.679260254, 399.774291992, 853.59564209, 1485.09667969, 713.209960938, 758.2421875, 2353.64111328, 4553.71240234, 1706.95776367, 1988.47680664, 841.741943359, 4925.78515625, 1633.53149414, 683.128479004, 1851.69836426, 441.097106934, 302.509887695, 181.315963745, 269.72354126, 163.482620239, 317.154968262, 464.327972412, 89.6819534302, 106.320281982, 135.173553467, 158.922592163, 69.8402938843, 18.1455097198, 5.1143488884, 1.2797139883, 0.129730775952, 0.0138932894915, 0.000927171611693, 4.76029526908e-05, 1.32666787067e-06, 1.41253375663e-09], "dvar2": [0.0140083013102, 1.02959907055, 5.39199876785, 84.1899185181, 1079.00537109, 990.375854492, 1891.22802734, 3617.26245117, 1758.10461426, 1812.609375, 5009.86132813, 8807.06347656, 2615.78027344, 3963.17529297, 1712.82385254, 9159.29882813, 4045.11010742, 1565.65466309, 3864.14379883, 1080.86682129, 666.703796387, 428.221099854, 646.275817871, 362.392944336, 757.531494141, 1130.63122559, 208.020614624, 251.092285156, 285.500823975, 339.362213135, 160.170349121, 42.9031181335, 12.7629680634, 3.0896730423, 0.274079114199, 0.027928667143, 0.00186207471415, 9.94346992229e-05, 3.15600459544e-06, 3.20971937917e-09], "max": [0.907702863216, 11.7397460938, 65.4183120728, 89.8029098511, 572.772338867, 445.715484619, 598.46875, 620.011962891, 790.044799805, 748.57989502, 1041.92126465, 1389.44909668, 1559.6204834, 1852.08374023, 973.957275391, 2578.11230469, 779.371398926, 593.165710449, 1271.81567383, 920.662536621, 835.007080078, 498.363830566, 574.440551758, 400.483917236, 674.622192383, 657.288696289, 271.250976563, 361.650115967, 300.769165039, 392.13961792, 331.839447021, 158.93258667, 108.56413269, 30.1830062866, 7.63683223724, 1.87112915516, 0.581771850586, 0.191644772887, 0.0238079242408, 0.000848678406328], "mean": [0.0218686684966, 0.228361681104, 0.892210304737, 5.92705202103, 20.5763988495, 21.597158432, 29.419260025, 30.4483337402, 25.7864761353, 21.7416610718, 35.6086845398, 54.722278595, 36.5609016418, 34.8833007813, 25.2121944427, 84.276512146, 39.6234664917, 23.8574962616, 29.2319355011, 16.0824623108, 10.4168844223, 8.5158624649, 9.92827129364, 9.36787223816, 9.36974143982, 10.3210630417, 5.9065246582, 5.93956899643, 6.69455003738, 5.60392284393, 3.0936870575, 1.71304452419, 1.07272148132, 0.69557851553, 0.300909548998, 0.105220943689, 0.0259051341563, 0.00542224990204, 0.000635660602711, 5.15364736202e-05], "median": [0.00246545067057, 0.0406746417284, 0.360687255859, 3.70379400253, 11.7467288971, 12.4966411591, 13.0001583099, 11.5915126801, 13.5505485535, 9.1352519989, 11.1919384003, 8.83764266968, 10.2742652893, 12.225897789, 8.7734670639, 31.7605571747, 19.0669651031, 9.59700489044, 10.1735305786, 8.88769817352, 4.64508962631, 3.95295214653, 4.56983375549, 3.21627283096, 3.36496853828, 3.22165203094, 2.16409778595, 1.9809576273, 1.82059895992, 1.28702199459, 0.746639549732, 0.461258709431, 0.295968830585, 0.182514339685, 0.0793416127563, 0.0282864775509, 0.00631985347718, 0.00115834595636, 8.22375732241e-05, 3.81816425943e-05], "min": [1.42860627343e-22, 1.53101468153e-21, 7.46585190454e-21, 2.51336858108e-20, 5.13342439725e-20, 6.39285050071e-20, 1.45700911414e-19, 6.26679321599e-19, 9.61287889749e-19, 2.25588412312e-19, 4.25284934078e-19, 6.28520832438e-19, 1.43326070706e-18, 1.59576798981e-18, 2.10496641623e-18, 1.22426845881e-18, 3.51366926827e-18, 4.10176738684e-18, 7.63630311324e-18, 1.04084028944e-17, 5.85541634164e-18, 5.19919162782e-18, 7.13514167705e-18, 7.31996939467e-18, 1.18525163145e-17, 1.17034567138e-17, 1.78957547676e-17, 1.30656172147e-17, 1.65773413677e-17, 1.27367657719e-17, 1.34098831682e-17, 1.66729022352e-17, 1.64422958609e-17, 1.38297244783e-17, 7.11320319285e-18, 5.19656987887e-18, 2.75799221582e-18, 1.2058418733e-18, 3.10513934279e-19, 3.89083271172e-20], "var": [0.00473478017375, 0.432114183903, 5.02012491226, 50.3971138, 828.174499512, 875.279602051, 2550.06396484, 3428.64233398, 1481.23791504, 1379.2364502, 5799.28808594, 18569.7128906, 10095.7695313, 9959.48339844, 3874.13183594, 24640.3710938, 3371.91503906, 1563.4230957, 3936.40722656, 607.268493652, 759.168701172, 260.275238037, 369.908508301, 321.051727295, 454.516906738, 641.902832031, 152.484313965, 164.355102539, 243.370651245, 252.132797241, 105.537055969, 31.2670059204, 7.47960710526, 2.01549983025, 0.289446949959, 0.0326394997537, 0.00206793379039, 0.000100729143014, 2.04288880923e-06, 2.8573821087e-09]}, "erbbands_crest": {"dmean": 2.95226573944, "dmean2": 4.51736116409, "dvar": 7.75591516495, "dvar2": 17.461643219, "max": 33.029838562, "mean": 11.8719053268, "median": 10.725903511, "min": 2.33628606796, "var": 29.5846652985}, "erbbands_flatness_db": {"dmean": 0.0183356832713, "dmean2": 0.0248593203723, "dvar": 0.000383979233447, "dvar2": 0.000679147196934, "max": 0.449652612209, "mean": 0.181981131434, "median": 0.176573187113, "min": 0.0292336344719, "var": 0.00289877247997}, "erbbands_kurtosis": {"dmean": 1.27155542374, "dmean2": 1.88877487183, "dvar": 8.9381942749, "dvar2": 18.7538223267, "max": 128.793029785, "mean": 1.96165204048, "median": 0.393357396126, "min": -1.80557239056, "var": 48.0194664001}, "erbbands_skewness": {"dmean": 0.349915921688, "dmean2": 0.521441936493, "dvar": 0.127327680588, "dvar2": 0.281677782536, "max": 9.22699069977, "mean": 0.6293861866, "median": 0.520022034645, "min": -2.68746423721, "var": 0.940384507179}, "erbbands_spread": {"dmean": 6.54402828217, "dmean2": 9.42488574982, "dvar": 53.131603241, "dvar2": 108.790641785, "max": 165.563217163, "mean": 31.4426136017, "median": 28.8755226135, "min": 0.732346475124, "var": 292.057647705}, "gfcc": {"cov": [[9796.828125, -1098.09545898, -1657.52307129, 32.7226715088, -829.686950684, 269.780975342, -151.858261108, 183.635375977, -188.276916504, 121.804107666, -157.160324097, 53.5905799866, -13.6258802414], [-1098.09545898, 1616.24462891, 63.0444564819, -284.431762695, 277.457794189, -190.566253662, 55.4118385315, -90.0832901001, 120.703269958, -147.847122192, 81.0153045654, -82.2651824951, 115.443054199], [-1657.52307129, 63.0444564819, 1091.15966797, 50.3774147034, 206.67666626, 12.9767560959, 43.9197235107, 66.8382034302, 42.2939796448, 25.0732059479, -18.2591209412, 23.7354354858, -0.363099783659], [32.7226715088, -284.431762695, 50.3774147034, 361.934234619, 23.5347423553, 18.5072040558, -11.7381629944, 3.74216198921, 7.76049900055, 32.8604660034, 10.6486997604, 27.6395206451, -13.9164161682], [-829.686950684, 277.457794189, 206.67666626, 23.5347423553, 274.904541016, -2.66992044449, 24.268196106, -13.4195871353, 27.3151626587, -7.79798316956, 35.6809005737, 4.52767896652, 18.584854126], [269.780975342, -190.566253662, 12.9767560959, 18.5072040558, -2.66992044449, 203.754852295, 63.1299858093, 30.4152622223, -21.3228282928, 35.1370925903, 3.36620521545, 9.62435626984, -27.3398628235], [-151.858261108, 55.4118385315, 43.9197235107, -11.7381629944, 24.268196106, 63.1299858093, 135.587097168, 49.453540802, 21.6440181732, -0.571664988995, 5.93500471115, -5.12708806992, 3.66290807724], [183.635375977, -90.0832901001, 66.8382034302, 3.74216198921, -13.4195871353, 30.4152622223, 49.453540802, 144.182846069, 43.701789856, 24.0569515228, -21.6853866577, 9.50943183899, 6.60560846329], [-188.276916504, 120.703269958, 42.2939796448, 7.76049900055, 27.3151626587, -21.3228282928, 21.6440181732, 43.701789856, 109.555374146, 28.8872947693, 5.68689060211, -5.32832336426, 11.1333732605], [121.804107666, -147.847122192, 25.0732059479, 32.8604660034, -7.79798316956, 35.1370925903, -0.571664988995, 24.0569515228, 28.8872947693, 102.521911621, 28.0773506165, 17.1026649475, -21.6831302643], [-157.160324097, 81.0153045654, -18.2591209412, 10.6486997604, 35.6809005737, 3.36620521545, 5.93500471115, -21.6853866577, 5.68689060211, 28.0773506165, 89.8258666992, 32.2257003784, -1.86532735825], [53.5905799866, -82.2651824951, 23.7354354858, 27.6395206451, 4.52767896652, 9.62435626984, -5.12708806992, 9.50943183899, -5.32832336426, 17.1026649475, 32.2257003784, 86.1694030762, 26.1549434662], [-13.6258802414, 115.443054199, -0.363099783659, -13.9164161682, 18.584854126, -27.3398628235, 3.66290807724, 6.60560846329, 11.1333732605, -21.6831302643, -1.86532735825, 26.1549434662, 100.939964294]], "icov": [[0.000222494913032, -0.000168661776115, 0.000299323466606, -0.000146864447743, 0.000440782459918, -0.000343799882103, 0.000351330527337, -0.000494086707477, 0.000508155964781, -0.000513274455443, 0.000553793972358, -0.000309762486722, -2.67401610472e-05], [-0.000168661776115, 0.00211041420698, -0.00026483729016, 0.00136127136648, -0.00159422063734, 0.0010774305556, -0.000828389660455, 0.00130258849822, -0.0027229511179, 0.00298507837579, -0.00308893783949, 0.00235979771242, -0.00144649005961], [0.000299323466606, -0.00026483729016, 0.00158446375281, -0.000260757718934, -0.000412870751461, -0.000301443855278, 0.000257337262155, -0.0010598070221, 0.000755082175601, -0.0011505902512, 0.00172448111698, -0.00107985839713, 0.000348660716554], [-0.000146864447743, 0.00136127136648, -0.000260757718934, 0.00385310128331, -0.00140648183879, 0.000571880838834, -0.000271605909802, 0.00104057474528, -0.00202503334731, 0.00129090377595, -0.00162575033028, 0.000433355307905, -0.000332463067025], [0.000440782459918, -0.00159422063734, -0.000412870751461, -0.00140648183879, 0.00674722250551, -0.00156213226728, 0.000678559183143, -0.000663847429678, 0.00121865654364, -0.00130725547206, 0.00014649820514, -0.000982052879408, -0.000117244948342], [-0.000343799882103, 0.0010774305556, -0.000301443855278, 0.000571880838834, -0.00156213226728, 0.00809807982296, -0.00457553938031, 0.000623543921392, 0.00119169871323, -0.00120335258543, -0.000710816180799, 0.000274276535492, 0.000931209302507], [0.000351330527337, -0.000828389660455, 0.000257337262155, -0.000271605909802, 0.000678559183143, -0.00457553938031, 0.0117997350171, -0.00443939305842, -0.000361928367056, 0.00131009006873, -0.00126631290186, 0.00102025247179, -0.000510003301315], [-0.000494086707477, 0.00130258849822, -0.0010598070221, 0.00104057474528, -0.000663847429678, 0.000623543921392, -0.00443939305842, 0.0122209833935, -0.0058315359056, 0.000424697122071, 0.00168083305471, -0.000986473169178, -0.000743232376408], [0.000508155964781, -0.0027229511179, 0.000755082175601, -0.00202503334731, 0.00121865654364, 0.00119169871323, -0.000361928367056, -0.0058315359056, 0.0173184461892, -0.00885921157897, 0.00368653004989, -0.000535844592378, -0.000206804805202], [-0.000513274455443, 0.00298507837579, -0.0011505902512, 0.00129090377595, -0.00130725547206, -0.00120335258543, 0.00131009006873, 0.000424697122071, -0.00885921157897, 0.0197812505066, -0.00978163257241, 0.00218378379941, 0.0010097862687], [0.000553793972358, -0.00308893783949, 0.00172448111698, -0.00162575033028, 0.00014649820514, -0.000710816180799, -0.00126631290186, 0.00168083305471, 0.00368653004989, -0.00978163257241, 0.0227139163762, -0.0109298545867, 0.00385002885014], [-0.000309762486722, 0.00235979771242, -0.00107985839713, 0.000433355307905, -0.000982052879408, 0.000274276535492, 0.00102025247179, -0.000986473169178, -0.000535844592378, 0.00218378379941, -0.0109298545867, 0.0202427189797, -0.00732111558318], [-2.67401610472e-05, -0.00144649005961, 0.000348660716554, -0.000332463067025, -0.000117244948342, 0.000931209302507, -0.000510003301315, -0.000743232376408, -0.000206804805202, 0.0010097862687, 0.00385002885014, -0.00732111558318, 0.0140618355945]], "mean": [-15.726940155, 98.1484375, -115.327339172, 15.2366733551, -68.090675354, 4.78644943237, -46.0895385742, -12.0216436386, -35.271900177, -4.26668119431, -18.5089473724, -4.67342233658, -14.7122821808]}, "hfc": {"dmean": 5.46232748032, "dmean2": 7.53154945374, "dvar": 72.8897018433, "dvar2": 144.970001221, "max": 177.410308838, "mean": 19.5148715973, "median": 16.4218063354, "min": 1.2003494478e-16, "var": 238.93901062}, "melbands": {"dmean": [0.000246010982664, 0.000284670619294, 0.000794394989498, 0.000830454926472, 0.000427400751505, 0.000370770023437, 0.000197671062779, 0.000134861751576, 0.000168034297531, 0.000150462801685, 7.8938450315e-05, 6.95253183949e-05, 3.60247431672e-05, 7.98238397692e-05, 6.9971618359e-05, 3.41748673236e-05, 2.46980089287e-05, 2.457177834e-05, 1.91956169147e-05, 1.02444546428e-05, 7.04381636751e-06, 4.49867957286e-06, 9.52446953306e-06, 4.62424077341e-06, 4.55572308056e-06, 4.35880019722e-06, 4.70414352094e-06, 4.38587676399e-06, 2.35442598751e-06, 1.98151406039e-06, 2.44097509494e-06, 2.22494759328e-06, 2.58563568423e-06, 1.87560738141e-06, 1.26543500301e-06, 8.59639271766e-07, 5.80166556574e-07, 4.8814274578e-07, 4.27915807677e-07, 3.4022096429e-07], "dmean2": [0.000399348762585, 0.000468800222734, 0.00132155627944, 0.00134231778793, 0.000658425677102, 0.000591410323977, 0.000311843556119, 0.00020719213353, 0.000246171694016, 0.000214361789403, 0.000105057246401, 9.94078291114e-05, 5.245385546e-05, 0.000114183800179, 0.000101772951894, 5.28695709363e-05, 3.80623714591e-05, 3.6538040149e-05, 2.87616312562e-05, 1.61546704476e-05, 1.07507185021e-05, 6.80317907609e-06, 1.49950492414e-05, 7.16281147106e-06, 6.92892808729e-06, 6.70255258228e-06, 7.27871656636e-06, 6.75777118886e-06, 3.62897503692e-06, 3.07289019474e-06, 3.76328830498e-06, 3.32296804118e-06, 3.87194768336e-06, 2.82466248791e-06, 1.92280117517e-06, 1.28121575926e-06, 8.69149630489e-07, 7.41685198591e-07, 6.49584251278e-07, 5.11722930696e-07], "dvar": [5.06397782374e-07, 5.34232412974e-07, 1.61974594448e-06, 2.38384791373e-06, 6.79754975863e-07, 6.64490926283e-07, 1.52822451582e-07, 9.55576808792e-08, 1.6746780318e-07, 1.6504350242e-07, 4.53279120904e-08, 3.7949813958e-08, 1.04679145352e-08, 2.80695164889e-08, 1.28178259118e-08, 5.02339769781e-09, 2.81455370121e-09, 3.69786845589e-09, 2.19118079237e-09, 5.12047404477e-10, 4.89214002641e-10, 1.15658253808e-10, 1.04520092581e-09, 1.53375728784e-10, 1.26110344389e-10, 1.86284515591e-10, 1.73679015614e-10, 2.01204150563e-10, 4.29939903124e-11, 3.63477824228e-11, 4.65377736347e-11, 4.11796534372e-11, 7.70887034762e-11, 5.78779801863e-11, 2.77951030248e-11, 1.69647594583e-11, 5.05890728614e-12, 3.03868453837e-12, 1.64661394329e-12, 7.7204215243e-13], "dvar2": [1.24970574689e-06, 1.24475320717e-06, 4.50224206361e-06, 6.07191714153e-06, 1.51548476879e-06, 1.63625657024e-06, 3.75160681187e-07, 2.23817309575e-07, 3.54194156671e-07, 3.16554491064e-07, 6.95920405747e-08, 7.65402319303e-08, 2.00710807974e-08, 5.56345476355e-08, 2.71279461117e-08, 1.14496403469e-08, 6.5197851562e-09, 7.71808661426e-09, 4.77910155894e-09, 1.25171850662e-09, 1.06766240293e-09, 2.5753518762e-10, 2.52502529996e-09, 3.74264896852e-10, 2.82016354713e-10, 4.40422337489e-10, 4.36299080198e-10, 4.90006923926e-10, 1.01240980876e-10, 9.01758667737e-11, 1.12291252685e-10, 8.96421478713e-11, 1.74845721235e-10, 1.30749966409e-10, 6.48302800332e-11, 4.01196610655e-11, 1.23068291669e-11, 7.66869987651e-12, 4.15815645805e-12, 1.85808876965e-12], "max": [0.00765824504197, 0.028093861416, 0.0219649299979, 0.0363667681813, 0.0161913707852, 0.0121747814119, 0.0109144365415, 0.00812917668372, 0.00856599397957, 0.00887621752918, 0.0078426618129, 0.00808016490191, 0.0041802637279, 0.00657464982942, 0.00361055647954, 0.00182892451994, 0.00132569065318, 0.00169942353386, 0.00130936317146, 0.000669918139465, 0.00110229011625, 0.00036685768282, 0.0014563689474, 0.000453912158264, 0.000351054157363, 0.000512261758558, 0.000322269683238, 0.000421975768404, 0.000185215787496, 0.000238686377998, 0.000248880154686, 0.000168855796801, 0.000247716467129, 0.000273236917565, 0.000194539039512, 0.000194477674086, 8.07764081401e-05, 7.34895147616e-05, 5.6546923588e-05, 2.17099459405e-05], "mean": [0.000229473123909, 0.000394370261347, 0.00143541221041, 0.00166803121101, 0.000951525988057, 0.00069999351399, 0.000385359162465, 0.000227751006605, 0.000310847040964, 0.000336297322065, 0.000175686087459, 0.000145592770423, 6.79382210365e-05, 0.00018845537852, 0.00015197423636, 6.1630809796e-05, 4.09631247749e-05, 4.17288320023e-05, 3.21132247336e-05, 1.66074660228e-05, 1.12137568067e-05, 7.0278115345e-06, 1.3218172171e-05, 7.22369168216e-06, 7.54207439968e-06, 6.62993306833e-06, 6.9593097578e-06, 6.43277144263e-06, 3.67888492292e-06, 3.16818591273e-06, 3.63503932022e-06, 3.6535129766e-06, 3.91631783714e-06, 2.78547440757e-06, 1.85525152574e-06, 1.31526007863e-06, 9.2669120022e-07, 7.64340143178e-07, 6.77798766446e-07, 5.43911767181e-07], "median": [3.11499534291e-05, 0.000124717131257, 0.000889378599823, 0.00101659656502, 0.000481363065774, 0.000279900035821, 0.000201351533178, 9.01238017832e-05, 8.3479906607e-05, 4.56052293885e-05, 4.58920621895e-05, 4.60153569293e-05, 1.48592953337e-05, 6.45337131573e-05, 7.86196178524e-05, 2.65444741672e-05, 1.27027979033e-05, 1.42580774991e-05, 1.25818060042e-05, 8.63188870426e-06, 4.15840895585e-06, 3.03117167277e-06, 5.22179789186e-06, 3.050788564e-06, 2.30464684137e-06, 2.1822738745e-06, 2.29470515478e-06, 1.89375214177e-06, 1.21026187117e-06, 1.0945827853e-06, 1.0782443951e-06, 1.01517753137e-06, 8.83628047177e-07, 6.04897536505e-07, 4.22131961386e-07, 3.30887246491e-07, 2.39712818484e-07, 2.02873991384e-07, 1.80836153163e-07, 1.4097309986e-07], "min": [2.08496272516e-24, 3.42405904215e-24, 4.27070124767e-24, 4.45644406983e-24, 4.70427576726e-24, 1.47409909297e-23, 1.3254273691e-23, 2.05454444587e-24, 3.5483716879e-24, 3.84413654608e-24, 7.45493513615e-24, 5.93867071782e-24, 8.06254814865e-24, 2.44522327323e-24, 5.66292202182e-24, 8.28115018295e-24, 7.06865046124e-24, 9.79926487454e-24, 1.38521450602e-23, 1.61987538177e-23, 5.61167327868e-24, 5.03080856732e-24, 6.09777015734e-24, 6.24385457521e-24, 5.70058224143e-24, 7.4615142361e-24, 8.99218917101e-24, 7.48656056984e-24, 1.01602712906e-23, 7.69780410962e-24, 6.76901742361e-24, 9.07458253712e-24, 7.25677958764e-24, 6.52978391562e-24, 7.78902009609e-24, 8.0568083967e-24, 9.32412448499e-24, 1.1609122417e-23, 1.11631588369e-23, 1.21584251979e-23], "var": [4.6837092782e-07, 9.99998292173e-07, 3.08225753543e-06, 4.63038486487e-06, 2.11897986446e-06, 1.5255134258e-06, 3.28449004883e-07, 1.75060648644e-07, 4.33463725358e-07, 7.44686133203e-07, 2.61250477251e-07, 1.92441746094e-07, 3.90325922695e-08, 1.62208820598e-07, 5.14703337728e-08, 1.07170832209e-08, 5.78978864851e-09, 7.87934961721e-09, 3.99994437572e-09, 8.41575809041e-10, 1.1286171997e-09, 1.9217077929e-10, 1.27872057387e-09, 2.39256475743e-10, 2.39276876091e-10, 2.65318794712e-10, 2.28465288354e-10, 2.74237577091e-10, 6.93166496424e-11, 5.01797874086e-11, 6.74240385745e-11, 7.22225265704e-11, 1.11016883186e-10, 7.99411856156e-11, 3.84714274326e-11, 2.79149082322e-11, 8.0910599401e-12, 4.21217010924e-12, 2.31945777689e-12, 1.21207015778e-12]}, "melbands_crest": {"dmean": 3.05069041252, "dmean2": 4.93492174149, "dvar": 7.89579248428, "dvar2": 20.6256923676, "max": 34.3517532349, "mean": 14.4950275421, "median": 13.6263160706, "min": 2.53218984604, "var": 28.4905281067}, "melbands_flatness_db": {"dmean": 0.0239156074822, "dmean2": 0.0347224138677, "dvar": 0.000642764789518, "dvar2": 0.0012683859095, "max": 0.657043278217, "mean": 0.222056865692, "median": 0.208722129464, "min": 0.00644595781341, "var": 0.00779961794615}, "melbands_kurtosis": {"dmean": 5.85594558716, "dmean2": 9.25302505493, "dvar": 155.245681763, "dvar2": 419.491271973, "max": 649.040039063, "mean": 13.9359970093, "median": 6.78317642212, "min": -1.68685030937, "var": 1147.58422852}, "melbands_skewness": {"dmean": 0.630177736282, "dmean2": 0.957864463329, "dvar": 0.433184981346, "dvar2": 1.06648731232, "max": 18.9701309204, "mean": 2.39250206947, "median": 2.20215535164, "min": -1.79342520237, "var": 2.835739851}, "melbands_spread": {"dmean": 4.93837022781, "dmean2": 7.49961900711, "dvar": 60.4881362915, "dvar2": 129.575439453, "max": 195.735870361, "mean": 18.892370224, "median": 15.1500263214, "min": 0.240228429437, "var": 228.790390015}, "mfcc": {"cov": [[9513.02246094, -1204.37316895, -874.801025391, -436.183990479, -682.405029297, -117.989578247, -148.397171021, -29.5546340942, -55.7557106018, 54.8664093018, 92.9965362549, -133.205352783, -149.28163147], [-1204.37316895, 1626.4831543, -27.4780731201, -48.9298057556, 122.060546875, -80.713142395, -4.04158210754, 11.2502689362, 57.6577644348, -55.0722503662, -78.67993927, 76.3337402344, -20.2959117889], [-874.801025391, -27.4780731201, 578.331481934, 103.990631104, 113.081123352, 29.7438106537, 55.9813919067, 34.196308136, 67.5239562988, 7.87042617798, -19.3687286377, 53.7301292419, 27.811460495], [-436.183990479, -48.9298057556, 103.990631104, 282.724395752, 116.21786499, 14.9451761246, -14.0487623215, 2.24425983429, 3.60669589043, -3.41334009171, -16.3783435822, 12.9473752975, 43.325756073], [-682.405029297, 122.060546875, 113.081123352, 116.21786499, 220.306716919, 45.1953582764, 23.9928245544, 0.911157369614, 11.5623989105, -8.55342292786, -8.29895877838, 26.6474666595, 24.9134750366], [-117.989578247, -80.713142395, 29.7438106537, 14.9451761246, 45.1953582764, 152.520202637, 56.7968978882, 5.13517904282, -22.3876609802, 12.9269618988, 31.0457496643, 5.65556287766, 7.61130237579], [-148.397171021, -4.04158210754, 55.9813919067, -14.0487623215, 23.9928245544, 56.7968978882, 134.421737671, 47.3503456116, 12.5174751282, 13.4040126801, 8.28603363037, 18.3459091187, -0.515271902084], [-29.5546340942, 11.2502689362, 34.196308136, 2.24425983429, 0.911157369614, 5.13517904282, 47.3503456116, 108.902206421, 51.116394043, 10.8070545197, -0.207116916776, 10.0575065613, 8.52171707153], [-55.7557106018, 57.6577644348, 67.5239562988, 3.60669589043, 11.5623989105, -22.3876609802, 12.5174751282, 51.116394043, 133.940155029, 37.9274482727, -15.4879598618, 13.9865589142, -9.05893230438], [54.8664093018, -55.0722503662, 7.87042617798, -3.41334009171, -8.55342292786, 12.9269618988, 13.4040126801, 10.8070545197, 37.9274482727, 106.407798767, 49.3640136719, -3.56917977333, -11.0233411789], [92.9965362549, -78.67993927, -19.3687286377, -16.3783435822, -8.29895877838, 31.0457496643, 8.28603363037, -0.207116916776, -15.4879598618, 49.3640136719, 137.019119263, 28.5002593994, -4.0721487999], [-133.205352783, 76.3337402344, 53.7301292419, 12.9473752975, 26.6474666595, 5.65556287766, 18.3459091187, 10.0575065613, 13.9865589142, -3.56917977333, 28.5002593994, 105.773834229, 28.4429740906], [-149.28163147, -20.2959117889, 27.811460495, 43.325756073, 24.9134750366, 7.61130237579, -0.515271902084, 8.52171707153, -9.05893230438, -11.0233411789, -4.0721487999, 28.4429740906, 99.9385681152]], "icov": [[0.000162784548593, 0.000113908543426, 0.000185761819012, 6.90067681717e-05, 0.000300702173263, 3.69397434952e-06, 8.87002170202e-05, -3.35678778356e-05, -8.10476558399e-05, 1.38448076541e-05, 1.12723628263e-05, -9.62562480709e-05, 0.000134790607262], [0.000113908543426, 0.000854477286339, 0.000305700697936, 0.00040423302562, -0.000505070202053, 0.000425558304414, 9.23910411075e-05, -8.66312475409e-05, -0.000228056771448, 0.000162561074831, 0.000463614240289, -0.000784607545938, 0.000424175697844], [0.000185761819012, 0.000305700697936, 0.0024484002497, -0.00035290181404, -0.000412834138842, -1.96356686502e-05, -0.00059572851751, 0.000110160755867, -0.00109368888661, 7.27721489966e-05, 0.000427789724199, -0.000987175269984, 0.000110418652184], [6.90067681717e-05, 0.00040423302562, -0.00035290181404, 0.00521345064044, -0.00262016593479, 0.000129751380882, 0.00141297583468, -0.000658789766021, 0.000451400992461, -0.000610588002019, 0.000748986785766, -0.000145838610479, -0.00122442969587], [0.000300702173263, -0.000505070202053, -0.000412834138842, -0.00262016593479, 0.00796136353165, -0.00198078132235, -0.000676893920172, 0.00106721045449, -0.000980377779342, 0.000809229270089, -0.000234577004449, -0.000323397893226, -0.000248043477768], [3.69397434952e-06, 0.000425558304414, -1.96356686502e-05, 0.000129751380882, -0.00198078132235, 0.00935397669673, -0.00380394048989, 0.000447915925179, 0.00163791130763, -0.000542879744899, -0.00150474801194, 0.000578430772293, -0.00037261180114], [8.87002170202e-05, 9.23910411075e-05, -0.00059572851751, 0.00141297583468, -0.000676893920172, -0.00380394048989, 0.0116815594956, -0.00515484344214, 0.00141835666727, -0.00150414684322, 0.00132010283414, -0.00191016856115, 0.00122280046344], [-3.35678778356e-05, -8.66312475409e-05, 0.000110160755867, -0.000658789766021, 0.00106721045449, 0.000447915925179, -0.00515484344214, 0.0139674153179, -0.00576263852417, 0.00170523754787, -0.00133596989326, 0.00103947136085, -0.00201505795121], [-8.10476558399e-05, -0.000228056771448, -0.00109368888661, 0.000451400992461, -0.000980377779342, 0.00163791130763, 0.00141835666727, -0.00576263852417, 0.0129463076591, -0.0059471251443, 0.0034430057276, -0.00232113199309, 0.00187806878239], [1.38448076541e-05, 0.000162561074831, 7.27721489966e-05, -0.000610588002019, 0.000809229270089, -0.000542879744899, -0.00150414684322, 0.00170523754787, -0.0059471251443, 0.0147263053805, -0.00628046318889, 0.00283547700383, 6.95634162184e-06], [1.12723628263e-05, 0.000463614240289, 0.000427789724199, 0.000748986785766, -0.000234577004449, -0.00150474801194, 0.00132010283414, -0.00133596989326, 0.0034430057276, -0.00628046318889, 0.0116387987509, -0.004775097128, 0.00141364545561], [-9.62562480709e-05, -0.000784607545938, -0.000987175269984, -0.000145838610479, -0.000323397893226, 0.000578430772293, -0.00191016856115, 0.00103947136085, -0.00232113199309, 0.00283547700383, -0.004775097128, 0.0134523017332, -0.00394789688289], [0.000134790607262, 0.000424175697844, 0.000110418652184, -0.00122442969587, -0.000248043477768, -0.00037261180114, 0.00122280046344, -0.00201505795121, 0.00187806878239, 6.95634162184e-06, 0.00141364545561, -0.00394789688289, 0.0124142589048]], "mean": [-660.148864746, 131.034515381, 3.31280255318, 11.3680820465, -5.8480181694, 5.30106019974, -6.55901193619, -9.70119857788, -14.1499462128, -10.4588432312, -6.94876146317, -7.71609783173, -4.95582151413]}, "pitch_salience": {"dmean": 0.064943857491, "dmean2": 0.103128582239, "dvar": 0.00345235527493, "dvar2": 0.0087576135993, "max": 0.922351777554, "mean": 0.516865313053, "median": 0.518287539482, "min": 0.0775979086757, "var": 0.0119629492983}, "silence_rate_20dB": {"dmean": 0, "dmean2": 0, "dvar": 0, "dvar2": 0, "max": 1, "mean": 1, "median": 1, "min": 1, "var": 0}, "silence_rate_30dB": {"dmean": 0.000944350787904, "dmean2": 0.00188882893417, "dvar": 0.000943519640714, "dvar2": 0.00202041422017, "max": 1, "mean": 0.998853385448, "median": 1, "min": 0, "var": 0.00114541104995}, "silence_rate_60dB": {"dmean": 0.00701517704874, "dmean2": 0.0140313003212, "dvar": 0.00696289399639, "dvar2": 0.0157247278839, "max": 1, "mean": 0.0493727251887, "median": 0, "min": 0, "var": 0.0469383187592}, "spectral_centroid": {"dmean": 184.787796021, "dmean2": 276.616729736, "dvar": 66444.421875, "dvar2": 133314.21875, "max": 11236.9921875, "mean": 978.245788574, "median": 823.551086426, "min": 117.944328308, "var": 359162.1875}, "spectral_complexity": {"dmean": 2.99332213402, "dmean2": 4.42566108704, "dvar": 14.5907964706, "dvar2": 25.628988266, "max": 58, "mean": 15.6824493408, "median": 15, "min": 0, "var": 56.3295974731}, "spectral_contrast_coeffs": {"dmean": [0.0510028861463, 0.04562356323, 0.0396030470729, 0.0341614410281, 0.0247637275606, 0.0187748558819], "dmean2": [0.0830046385527, 0.0731154754758, 0.0606173053384, 0.0534241460264, 0.0381998941302, 0.0290985666215], "dvar": [0.00198159599677, 0.00161233718973, 0.0011476748623, 0.000866666494403, 0.000490379927214, 0.000326527195284], "dvar2": [0.00491608446464, 0.00399831682444, 0.00258145970292, 0.00195657624863, 0.00103518739343, 0.000703766243532], "max": [-0.220831468701, -0.342639893293, -0.411476701498, -0.49698215723, -0.547965466976, -0.587268173695], "mean": [-0.517842829227, -0.680888473988, -0.704200446606, -0.723907768726, -0.774060726166, -0.763997912407], "median": [-0.513252258301, -0.686448633671, -0.705827951431, -0.724218785763, -0.78520745039, -0.766819953918], "min": [-0.987164199352, -0.977246880531, -0.966515779495, -0.972530126572, -0.966399371624, -0.960069179535], "var": [0.00832172203809, 0.00655659474432, 0.00642146915197, 0.00440404657274, 0.00348937627859, 0.00218662875704]}, "spectral_contrast_valleys": {"dmean": [0.438702821732, 0.369765818119, 0.348832041025, 0.350140184164, 0.337107211351, 0.324637770653], "dmean2": [0.708515226841, 0.57357853651, 0.528873860836, 0.517211139202, 0.465239197016, 0.401776224375], "dvar": [0.175707578659, 0.123445570469, 0.114892989397, 0.135968640447, 0.154402270913, 0.163007378578], "dvar2": [0.379458814859, 0.267490744591, 0.228717163205, 0.254929125309, 0.265636950731, 0.255795896053], "max": [-5.43591928482, -4.57096576691, -5.12043857574, -5.62931060791, -5.62809324265, -7.5610127449], "mean": [-8.00202178955, -6.85000705719, -7.73258876801, -8.23075008392, -8.21430587769, -10.4768838882], "median": [-7.90845251083, -6.68488693237, -7.53888607025, -8.0162820816, -8.00410175323, -10.3150224686], "min": [-27.1577796936, -27.451631546, -27.2187099457, -27.6250362396, -27.2968349457, -27.2720584869], "var": [1.0820966959, 1.16132736206, 1.37708365917, 1.41339802742, 1.51588463783, 1.53576374054]}, "spectral_decrease": {"dmean": 1.9307837551e-09, "dmean2": 2.97774094271e-09, "dvar": 6.24173574389e-18, "dvar2": 1.4537408098e-17, "max": 7.43680875767e-29, "mean": -6.89208290439e-09, "median": -6.18054052381e-09, "min": -4.44564918212e-08, "var": 2.05929938761e-17}, "spectral_energy": {"dmean": 0.00765935517848, "dmean2": 0.0117393992841, "dvar": 9.59005701588e-05, "dvar2": 0.000221027366933, "max": 0.171259433031, "mean": 0.0277823451906, "median": 0.0252569448203, "min": 1.06950309222e-20, "var": 0.00032329960959}, "spectral_energyband_high": {"dmean": 0.000346276385244, "dmean2": 0.00046424777247, "dvar": 9.03093109628e-07, "dvar2": 1.80947813533e-06, "max": 0.0235847774893, "mean": 0.000685150385834, "median": 0.000235668441746, "min": 7.72521099287e-21, "var": 1.9333651835e-06}, "spectral_energyband_low": {"dmean": 0.00179876270704, "dmean2": 0.00292459409684, "dvar": 1.1845932022e-05, "dvar2": 2.77062663372e-05, "max": 0.0871339887381, "mean": 0.00301999645308, "median": 0.00147645699326, "min": 2.39150930032e-23, "var": 2.10627858905e-05}, "spectral_energyband_middle_high": {"dmean": 0.00176573207136, "dmean2": 0.00251379772089, "dvar": 6.70837698635e-06, "dvar2": 1.35312457132e-05, "max": 0.0586519725621, "mean": 0.00569994561374, "median": 0.00378915318288, "min": 1.48214145417e-21, "var": 3.95329880121e-05}, "spectral_energyband_middle_low": {"dmean": 0.0062988512218, "dmean2": 0.00992534309626, "dvar": 7.52053820179e-05, "dvar2": 0.000184071686817, "max": 0.169397413731, "mean": 0.0197945982218, "median": 0.0159414410591, "min": 2.80674791568e-22, "var": 0.0002406216081}, "spectral_entropy": {"dmean": 0.199968397617, "dmean2": 0.277524888515, "dvar": 0.0534951239824, "dvar2": 0.100640006363, "max": 9.81185436249, "mean": 7.14234018326, "median": 7.2358546257, "min": 3.53619170189, "var": 0.460761874914}, "spectral_flux": {"dmean": 0.0240852534771, "dmean2": 0.0368928126991, "dvar": 0.00069219263969, "dvar2": 0.00153394625522, "max": 0.314981728792, "mean": 0.0759459137917, "median": 0.0683041065931, "min": 7.1566370885e-11, "var": 0.00203037913889}, "spectral_kurtosis": {"dmean": 2.58996415138, "dmean2": 4.19474172592, "dvar": 25.53099823, "dvar2": 62.5300788879, "max": 130.714614868, "mean": 7.64589118958, "median": 4.507396698, "min": -1.20598745346, "var": 135.975036621}, "spectral_rms": {"dmean": 0.000692077621352, "dmean2": 0.00104305439163, "dvar": 6.12385463228e-07, "dvar2": 1.32299885536e-06, "max": 0.0129260346293, "mean": 0.0048810550943, "median": 0.00496396236122, "min": 3.23019757643e-12, "var": 3.27993188876e-06}, "spectral_rolloff": {"dmean": 330.40612793, "dmean2": 554.259521484, "dvar": 391655.0625, "dvar2": 840504.1875, "max": 18863.0859375, "mean": 1212.8380127, "median": 968.994140625, "min": 107.666015625, "var": 1448835}, "spectral_skewness": {"dmean": 0.282635807991, "dmean2": 0.434086084366, "dvar": 0.149944335222, "dvar2": 0.330552011728, "max": 9.67462444305, "mean": 1.97478437424, "median": 1.75203132629, "min": -0.0179225858301, "var": 1.06973803043}, "spectral_spread": {"dmean": 460985.25, "dmean2": 620877.375, "dvar": 306947653632, "dvar2": 540429385728, "max": 41249132, "mean": 4453252.5, "median": 4409047