{"lowlevel": {"average_loudness": 0.593230903149, "barkbands": {"dmean": [5.01098838868e-06, 0.000907861161977, 0.00093896954786, 0.00164393451996, 0.00187140586786, 0.00103255303111, 0.00107781402767, 0.00101993058342, 0.00132773607038, 0.00125169288367, 0.00069725420326, 0.000938448647503, 0.000720390526112, 0.000291352189379, 0.000140636562719, 8.29301716294e-05, 7.35367066227e-05, 5.5353895732e-05, 3.56397104042e-05, 3.05639077851e-05, 3.69269801013e-05, 4.76495952171e-05, 6.19502388872e-05, 3.90654931834e-05, 4.18898707721e-05, 2.78455336229e-05, 8.53719575389e-06], "dmean2": [7.96846325102e-06, 0.00155830662698, 0.00170097546652, 0.00292256474495, 0.00305683421902, 0.00165937782731, 0.00162870401982, 0.00151928153355, 0.00204685027711, 0.00193194078747, 0.00112106942106, 0.00152892293409, 0.00115882302634, 0.000463595089968, 0.00021718206699, 0.000127088249428, 0.000111572284368, 8.57171107782e-05, 5.57381135877e-05, 4.56044617749e-05, 5.45526600035e-05, 7.01893732185e-05, 9.2700276582e-05, 5.66651542613e-05, 6.01125975663e-05, 4.21470685978e-05, 1.3748782294e-05], "dvar": [1.61485394501e-10, 6.93774518368e-06, 7.7619770309e-06, 3.81422396458e-05, 1.78750415216e-05, 6.21524122835e-06, 5.56126451556e-06, 7.92752780399e-06, 1.05504659587e-05, 8.55102734931e-06, 4.50274865216e-06, 8.6371510406e-06, 4.24804466093e-06, 7.75388627972e-07, 1.82977217378e-07, 4.17599750335e-08, 3.40557697598e-08, 1.76934289442e-08, 1.00496366784e-08, 5.84552894978e-09, 1.04839381621e-08, 2.01622061269e-08, 3.88845080579e-08, 2.63337351925e-08, 3.08286018935e-08, 5.98802429863e-09, 8.40952862902e-10], "dvar2": [4.123659747e-10, 1.85186054296e-05, 2.23421375267e-05, 0.00010488924454, 4.45764053438e-05, 1.60746585607e-05, 1.26359291244e-05, 1.65272103914e-05, 2.39442288148e-05, 1.92534498638e-05, 1.19910237117e-05, 2.30351433856e-05, 1.16149358291e-05, 1.99659848477e-06, 4.3345411882e-07, 8.97614498285e-08, 7.57814859753e-08, 4.16810550519e-08, 2.50962077786e-08, 1.25534747042e-08, 2.30952625913e-08, 4.25032808948e-08, 8.48926688946e-08, 4.63556020236e-08, 5.41611058225e-08, 1.20671508341e-08, 2.08640593691e-09], "max": [0.000206070792046, 0.0365312546492, 0.0300633013248, 0.0977565348148, 0.0744085609913, 0.0612632259727, 0.0515103973448, 0.0783262699842, 0.0773953199387, 0.0898230820894, 0.0601401254535, 0.0585035644472, 0.0424604527652, 0.0289224721491, 0.0131166372448, 0.00584599887952, 0.00571254314855, 0.003316255752, 0.00288882199675, 0.00275476626121, 0.00330784358084, 0.00516200112179, 0.00440356554464, 0.00758679676801, 0.00777602847666, 0.00302429427393, 0.000757846108172], "mean": [7.43416421756e-06, 0.00130788329989, 0.00119720061775, 0.00159857166, 0.00310175260529, 0.00179757527076, 0.0019496823661, 0.00173764338251, 0.00219638412818, 0.00209650630131, 0.00106269354001, 0.00143464817666, 0.00108648848254, 0.000452251668321, 0.000237902931985, 0.00014872571046, 0.000120952347061, 8.5241306806e-05, 5.4181618907e-05, 5.23781891388e-05, 6.19538550382e-05, 8.5388070147e-05, 9.36593860388e-05, 5.34842583875e-05, 5.24338756804e-05, 2.87686507363e-05, 7.45789839129e-06], "median": [4.88582713842e-07, 0.000672628171742, 0.000393202237319, 0.000437775015598, 0.00150765897706, 0.000685636710841, 0.000731141131837, 0.000532494159415, 0.000584192981478, 0.000390810717363, 0.000134051661007, 0.00019965377578, 0.000195103610167, 9.08828660613e-05, 4.70767190563e-05, 3.60152844223e-05, 3.73069888155e-05, 2.39396940742e-05, 1.54740628204e-05, 1.31327988129e-05, 1.18824682431e-05, 1.46801057781e-05, 1.44855357576e-05, 6.36940785625e-06, 4.75132219435e-06, 1.25301562548e-06, 3.23873905472e-08], "min": [2.29802301161e-24, 1.07129141086e-23, 8.3991006655e-24, 5.75440661542e-24, 3.21990144545e-23, 2.18568491941e-23, 1.99686853739e-23, 5.00943524884e-23, 6.27481610356e-23, 3.32739257903e-23, 4.01751113365e-23, 8.97031279593e-23, 1.12071058046e-22, 3.86750670817e-23, 1.02052903203e-22, 1.47541993012e-22, 1.31064657698e-22, 1.27075659469e-22, 2.04795498029e-22, 3.0947192541e-22, 3.73395078987e-22, 3.60558860555e-22, 5.4680339194e-22, 8.13154589928e-22, 1.09094156998e-21, 1.70616805578e-21, 2.41976077592e-21], "var": [2.7943911074e-10, 6.14533155385e-06, 6.1181676756e-06, 2.58390282397e-05, 2.48924134212e-05, 1.33129833557e-05, 1.39362055052e-05, 1.85521967069e-05, 2.51441997534e-05, 2.36048581428e-05, 8.47018236527e-06, 1.8178296159e-05, 8.4700395746e-06, 1.2131533822e-06, 4.66000983579e-07, 1.16340245881e-07, 6.7189844799e-08, 2.96380893161e-08, 1.47484549018e-08, 1.44556713266e-08, 2.17751452425e-08, 4.62482923069e-08, 6.05343331017e-08, 5.0265835938e-08, 5.31464223741e-08, 8.97695517921e-09, 8.11844313997e-10]}, "barkbands_crest": {"dmean": 2.47531914711, "dmean2": 4.01324319839, "dvar": 5.18460273743, "dvar2": 13.3732261658, "max": 26.1187057495, "mean": 10.0836954117, "median": 9.0964756012, "min": 2.8967294693, "var": 18.3160457611}, "barkbands_flatness_db": {"dmean": 0.0242860857397, "dmean2": 0.0335317701101, "dvar": 0.000523782044183, "dvar2": 0.00101816805545, "max": 0.47026771307, "mean": 0.18047568202, "median": 0.164788290858, "min": 0.0292584877461, "var": 0.0050737191923}, "barkbands_kurtosis": {"dmean": 2.68387699127, "dmean2": 4.28183364868, "dvar": 25.366727829, "dvar2": 64.1772460938, "max": 164.735015869, "mean": 4.65120077133, "median": 2.57584142685, "min": -1.94921875, "var": 55.95104599}, "barkbands_skewness": {"dmean": 0.497298389673, "dmean2": 0.762987375259, "dvar": 0.278454869986, "dvar2": 0.651702582836, "max": 10.6662769318, "mean": 1.1921069622, "median": 1.05256104469, "min": -3.28177380562, "var": 1.23550450802}, "barkbands_spread": {"dmean": 3.79617810249, "dmean2": 5.78156518936, "dvar": 35.1858482361, "dvar2": 74.8266372681, "max": 107.563392639, "mean": 12.9232931137, "median": 11.1745166779, "min": 0.323095083237, "var": 97.0551452637}, "dissonance": {"dmean": 0.0326552055776, "dmean2": 0.0542366020381, "dvar": 0.000862877641339, "dvar2": 0.00230197934434, "max": 0.500000178814, "mean": 0.423841923475, "median": 0.435480356216, "min": 0.134248360991, "var": 0.00275789550506}, "dynamic_complexity": 5.61764860153, "erbbands": {"dmean": [0.0128007987514, 0.253476709127, 1.00215375423, 3.15273976326, 6.74024486542, 5.82735586166, 8.80164813995, 7.98099184036, 14.1788768768, 16.031703949, 22.9220561981, 34.1907844543, 20.9322338104, 41.6817359924, 38.4920921326, 25.2253074646, 35.7397842407, 14.4046401978, 10.3594369888, 5.45365524292, 4.12813901901, 3.66552901268, 3.24055576324, 1.74289488792, 1.78072297573, 1.50509595871, 1.33039987087, 1.52367544174, 1.6102104187, 2.0372107029, 1.61728227139, 0.965781390667, 0.575249910355, 0.398240953684, 0.370456248522, 0.109960652888, 0.0552827343345, 0.0144705623388, 0.00160954403691, 6.06108515058e-05], "dmean2": [0.0219468809664, 0.436093181372, 1.79332959652, 5.65556716919, 11.4711675644, 9.49672222137, 14.3994932175, 12.6578130722, 21.9316997528, 23.3278331757, 34.0081787109, 52.1020545959, 31.9876613617, 64.116355896, 61.4669380188, 40.1278991699, 57.5060501099, 22.7224292755, 15.7201919556, 8.36476993561, 6.29032278061, 5.48773765564, 4.96766471863, 2.67712664604, 2.67982244492, 2.23439240456, 2.01893520355, 2.23324632645, 2.38894343376, 3.02326059341, 2.37989234924, 1.43264019489, 0.843296051025, 0.561999619007, 0.546888113022, 0.16113358736, 0.0842516720295, 0.0225791465491, 0.002623538021, 9.70733672148e-05], "dvar": [0.00120068853721, 0.546765983105, 8.63867855072, 114.575820923, 495.198944092, 143.634017944, 405.580596924, 418.002624512, 962.644958496, 2114.65649414, 3197.89624023, 8173.046875, 2377.09204102, 10153.8974609, 11127.578125, 4346.83154297, 11344.5654297, 2200.22949219, 766.452697754, 238.031539917, 105.915145874, 86.1101455688, 54.2257461548, 22.4170398712, 27.03490448, 12.63534832, 13.0608596802, 19.3543701172, 22.6221885681, 37.4380531311, 28.3723297119, 19.9892959595, 5.59183979034, 3.54175066948, 2.28129029274, 0.150722146034, 0.0219867378473, 0.00146986823529, 3.96626819565e-05, 5.77160506054e-08], "dvar2": [0.00328832585365, 1.45956778526, 24.5197792053, 318.552124023, 1310.73034668, 352.225921631, 1108.50549316, 1017.47418213, 2356.10522461, 3971.29418945, 6695.25, 18888.9023438, 5217.0546875, 22942.6601563, 29636.3261719, 11019.8632813, 31134.1523438, 5710.11083984, 1791.55053711, 552.555603027, 232.825546265, 198.82572937, 126.23085022, 53.611164093, 63.7434005737, 26.17096138, 30.7831802368, 42.7981758118, 46.4214324951, 82.741027832, 60.5598983765, 41.6663589478, 10.3104810715, 5.67440605164, 4.7549829483, 0.258425265551, 0.0471726730466, 0.00335584557615, 0.000102037171018, 1.49992743559e-07], "max": [0.486070454121, 10.4273853302, 32.2794952393, 156.121520996, 366.303314209, 232.61756897, 459.364990234, 487.325317383, 738.266784668, 1691.30993652, 1974.24938965, 2416.19311523, 1127.47717285, 3457.92407227, 2129.71704102, 1345.26281738, 2369.9152832, 1632.75256348, 974.613891602, 400.247192383, 279.987213135, 361.289093018, 161.542999268, 160.817962646, 181.779769897, 141.368850708, 105.38709259, 131.921875, 186.53855896, 144.312210083, 140.065856934, 251.422927856, 113.710113525, 110.774139404, 48.6196670532, 23.0835056305, 3.89489841461, 0.781123280525, 0.212868750095, 0.0069155851379], "mean": [0.021481981501, 0.35746088624, 1.34843695164, 3.35036325455, 8.38763332367, 9.75478553772, 14.2188100815, 14.609629631, 24.8563919067, 31.0536460876, 41.4166526794, 56.5925521851, 37.3327026367, 73.9345474243, 65.6194458008, 43.0969047546, 54.8413467407, 23.5735931396, 19.062505722, 9.71088409424, 7.49435377121, 6.4920296669, 5.46906614304, 2.898396492, 2.91161847115, 2.65563893318, 2.36345052719, 2.53289914131, 2.89812684059, 3.39343428612, 2.37310290337, 1.28623735905, 0.796252071857, 0.537969589233, 0.419150054455, 0.124087028205, 0.0554480105639, 0.013693026267, 0.0013859809842, 7.0891881478e-05], "median": [0.00669195037335, 0.196660816669, 0.575183928013, 1.33943271637, 3.57226657867, 4.61751031876, 5.70754003525, 5.63315010071, 10.1413650513, 10.6447944641, 16.593914032, 15.5180997849, 10.3588848114, 13.9567756653, 9.88052368164, 9.69158649445, 10.6767568588, 5.29621887207, 4.58267784119, 2.35776400566, 2.08358025551, 2.24346351624, 1.83065867424, 0.877056837082, 0.884627282619, 0.670918345451, 0.476929366589, 0.478118479252, 0.50888299942, 0.528150379658, 0.368804454803, 0.166765391827, 0.0880021452904, 0.0532662197948, 0.0312100090086, 0.00807182304561, 0.00199827644974, 0.000234688122873, 1.93731248146e-05, 2.16476582864e-05], "min": [4.70798347662e-22, 2.56083424835e-21, 1.28805673086e-20, 1.01083611507e-20, 2.11939877275e-20, 1.27631848867e-19, 2.61263859102e-19, 2.2473178924e-19, 2.04686113995e-19, 5.20598422822e-19, 1.172942212e-18, 1.60147377828e-18, 1.0383273561e-18, 1.42248678298e-18, 1.77129375124e-18, 2.9809302122e-18, 3.66777012126e-18, 3.10782798997e-18, 3.28693947596e-18, 5.84555841669e-18, 7.88698846968e-18, 8.20343799354e-18, 7.77596097914e-18, 1.15423864505e-17, 1.22829107949e-17, 1.30365575326e-17, 1.69030817842e-17, 1.31707072028e-17, 1.40569038433e-17, 1.65515498762e-17, 1.52736782526e-17, 1.53132224489e-17, 1.52845622951e-17, 1.12477058388e-17, 8.56934712777e-18, 6.26127168201e-18, 2.93986421031e-18, 1.67628781859e-18, 3.2507102059e-19, 3.45639842336e-20], "var": [0.00143988593481, 0.472215652466, 7.02533912659, 77.0424575806, 405.749237061, 254.849884033, 708.204406738, 1011.98150635, 1945.88769531, 6943.015625, 7700.09716797, 18261.3769531, 6285.05371094, 28764.8339844, 26079.8007813, 10114.5947266, 22210.1816406, 3336.94287109, 2139.35888672, 556.338500977, 273.43157959, 159.862350464, 100.652648926, 41.3352165222, 48.7363548279, 33.2873153687, 28.3442687988, 36.0433502197, 54.1304397583, 69.7096328735, 44.4118652344, 30.6027584076, 10.4413414001, 6.79426431656, 3.12332653999, 0.265463590622, 0.0297346226871, 0.00177349266596, 3.43825304299e-05, 4.93741580954e-08]}, "erbbands_crest": {"dmean": 3.06078124046, "dmean2": 4.90332269669, "dvar": 8.3166475296, "dvar2": 21.1268615723, "max": 32.9411621094, "mean": 11.8174066544, "median": 10.5817308426, "min": 2.77547764778, "var": 30.187122345}, "erbbands_flatness_db": {"dmean": 0.0245701503009, "dmean2": 0.0333697013557, "dvar": 0.000553435122129, "dvar2": 0.000994738773443, "max": 0.448650181293, "mean": 0.209159076214, "median": 0.203226774931, "min": 0.0486987754703, "var": 0.00464976672083}, "erbbands_kurtosis": {"dmean": 2.05242395401, "dmean2": 3.16288566589, "dvar": 9.47997379303, "dvar2": 22.3163948059, "max": 76.3474273682, "mean": 3.42110729218, "median": 1.86291956902, "min": -1.79487621784, "var": 28.384305954}, "erbbands_skewness": {"dmean": 0.440453052521, "dmean2": 0.675597429276, "dvar": 0.179673880339, "dvar2": 0.423348903656, "max": 7.45762109756, "mean": 0.921540439129, "median": 0.847686767578, "min": -4.4005150795, "var": 0.737876534462}, "erbbands_spread": {"dmean": 6.39492273331, "dmean2": 9.43459224701, "dvar": 85.2902755737, "dvar2": 174.250976563, "max": 142.696716309, "mean": 21.9098529816, "median": 17.5988368988, "min": 0.938603162766, "var": 264.466430664}, "gfcc": {"cov": [[18812.3847656, -2711.98754883, 310.857147217, 744.214904785, -385.26461792, 937.294433594, -110.548370361, 318.164703369, -509.674713135, 489.850189209, -405.89276123, 638.202392578, -347.485229492], [-2711.98754883, 2041.91503906, -328.810394287, -93.3436965942, 240.317214966, -536.05279541, 154.285598755, -124.391067505, 223.265151978, -235.944839478, 222.584106445, -250.290008545, 160.087600708], [310.857147217, -328.810394287, 1109.66418457, 199.483932495, 201.935546875, 117.371047974, -59.4681396484, 100.206115723, -50.5002326965, 80.1822967529, -71.191947937, 75.6977081299, -75.1349105835], [744.214904785, -93.3436965942, 199.483932495, 521.946350098, 15.6580648422, 92.3180999756, -34.6652336121, 32.8060073853, -16.6033992767, 33.4640159607, -11.8430023193, 22.5860786438, 20.161190033], [-385.26461792, 240.317214966, 201.935546875, 15.6580648422, 365.639709473, -35.0749893188, -13.9810714722, 38.8538131714, 68.150062561, 4.79261302948, -15.3561477661, -24.3333568573, -11.8941602707], [937.294433594, -536.05279541, 117.371047974, 92.3180999756, -35.0749893188, 503.484527588, 50.2957611084, 69.5077819824, -65.6073608398, 85.4270248413, -43.2890357971, 91.1359710693, -47.1687889099], [-110.548370361, 154.285598755, -59.4681396484, -34.6652336121, -13.9810714722, 50.2957611084, 216.15637207, 27.6375789642, 8.04319858551, -23.2475261688, 34.4549865723, -9.79882240295, -4.41924095154], [318.164703369, -124.391067505, 100.206115723, 32.8060073853, 38.8538131714, 69.5077819824, 27.6375789642, 133.26789856, 25.9488124847, 29.4291095734, -24.1879749298, 26.8996334076, -29.351688385], [-509.674713135, 223.265151978, -50.5002326965, -16.6033992767, 68.150062561, -65.6073608398, 8.04319858551, 25.9488124847, 143.643066406, 6.22696876526, 28.6504325867, -48.1430130005, 12.5248556137], [489.850189209, -235.944839478, 80.1822967529, 33.4640159607, 4.79261302948, 85.4270248413, -23.2475261688, 29.4291095734, 6.22696876526, 128.531204224, -16.5161781311, 33.2161979675, -31.7472248077], [-405.89276123, 222.584106445, -71.191947937, -11.8430023193, -15.3561477661, -43.2890357971, 34.4549865723, -24.1879749298, 28.6504325867, -16.5161781311, 125.038101196, -7.08099794388, 24.2036552429], [638.202392578, -250.290008545, 75.6977081299, 22.5860786438, -24.3333568573, 91.1359710693, -9.79882240295, 26.8996334076, -48.1430130005, 33.2161979675, -7.08099794388, 129.531723022, -1.02065455914], [-347.485229492, 160.087600708, -75.1349105835, 20.161190033, -11.8941602707, -47.1687889099, -4.41924095154, -29.351688385, 12.5248556137, -31.7472248077, 24.2036552429, -1.02065455914, 111.983047485]], "icov": [[8.55477628647e-05, -6.09919581507e-08, 6.40141151962e-05, -0.000116619186883, 3.42009880114e-05, 2.73227578873e-06, -6.55157009533e-06, -9.26707070903e-05, 0.000171790888999, -0.000179396622116, 0.000173904700205, -0.000294504367048, 0.000199380025151], [-6.09919581507e-08, 0.00164141331334, 8.26842151582e-05, -0.000143095545354, -0.0010026715463, 0.00086967414245, -0.00104047416244, 0.000642854138277, -0.000913757074159, 0.00135429075453, -0.00163615879137, 0.00135169946589, -0.00102611142211], [6.40141151962e-05, 8.26842151582e-05, 0.00134273734875, -0.000481794180814, -0.000774640066084, 9.59858225542e-05, 0.000162268872373, -0.000613521202467, 0.000780188827775, -0.000393852504203, 0.000171540828887, -0.000524360744748, 0.000631057308055], [-0.000116619186883, -0.000143095545354, -0.000481794180814, 0.00240045343526, 0.000133410620037, -0.00046840752475, 0.000502386887092, -0.000416831142502, 8.81613668753e-05, -0.000160369687364, -0.000312197109452, 0.000687902793288, -0.00116687489208], [3.42009880114e-05, -0.0010026715463, -0.000774640066084, 0.000133410620037, 0.00419921940193, -0.000417309434852, 0.000734629691578, -0.000698582211044, -0.00124036322813, -0.000496092136018, 0.00153421179857, -0.000637231743895, 0.000772558385506], [2.73227578873e-06, 0.00086967414245, 9.59858225542e-05, -0.00046840752475, -0.000417309434852, 0.00338161177933, -0.00150362867862, -0.000391802255763, 0.000479857029859, -0.000727713864762, -0.000288963114144, -0.000448835577117, -6.96376155247e-05], [-6.55157009533e-06, -0.00104047416244, 0.000162268872373, 0.000502386887092, 0.000734629691578, -0.00150362867862, 0.00637248018757, -0.00224117632024, 0.000847959658131, 0.000541496148799, -0.000930770183913, 0.000114951100841, 0.000855149526615], [-9.26707070903e-05, 0.000642854138277, -0.000613521202467, -0.000416831142502, -0.000698582211044, -0.000391802255763, -0.00224117632024, 0.0115232942626, -0.00452595576644, 0.00056588568259, 0.00150349445175, -0.00202163425274, 0.0014727676753], [0.000171790888999, -0.000913757074159, 0.000780188827775, 8.81613668753e-05, -0.00124036322813, 0.000479857029859, 0.000847959658131, -0.00452595576644, 0.0122933434322, -0.00361664569937, -0.00144206476398, 0.00276143103838, -0.000798934139311], [-0.000179396622116, 0.00135429075453, -0.000393852504203, -0.000160369687364, -0.000496092136018, -0.000727713864762, 0.000541496148799, 0.00056588568259, -0.00361664569937, 0.0121107632294, -0.00141709053423, -0.000416502240114, 0.00122277275659], [0.000173904700205, -0.00163615879137, 0.000171540828887, -0.000312197109452, 0.00153421179857, -0.000288963114144, -0.000930770183913, 0.00150349445175, -0.00144206476398, -0.00141709053423, 0.0120131187141, -0.00346655701287, 0.000579992658459], [-0.000294504367048, 0.00135169946589, -0.000524360744748, 0.000687902793288, -0.000637231743895, -0.000448835577117, 0.000114951100841, -0.00202163425274, 0.00276143103838, -0.000416502240114, -0.00346655701287, 0.0135088935494, -0.00365851609968], [0.000199380025151, -0.00102611142211, 0.000631057308055, -0.00116687489208, 0.000772558385506, -6.96376155247e-05, 0.000855149526615, 0.0014727676753, -0.000798934139311, 0.00122277275659, 0.000579992658459, -0.00365851609968, 0.0123987970874]], "mean": [-70.7943878174, 122.01940155, -116.756111145, 2.09371566772, -68.103263855, 11.0527820587, -34.852230072, -1.38368868828, -21.7552452087, -4.97625684738, -15.8891954422, -3.01486515999, -13.6448421478]}, "hfc": {"dmean": 5.86182308197, "dmean2": 8.18299198151, "dvar": 87.2446136475, "dvar2": 174.859100342, "max": 233.575378418, "mean": 16.4767055511, "median": 9.41485691071, "min": 1.19598127242e-16, "var": 360.717559814}, "melbands": {"dmean": [0.000185578363016, 0.000454071298009, 0.000683998980094, 0.000441200420028, 0.000287216389552, 0.000179389928235, 0.00021868859767, 0.00018879538402, 0.000197582485271, 0.000201627917704, 0.000108751533844, 0.000182487114216, 0.000121195698739, 0.000122330253362, 6.3500883698e-05, 6.11610885244e-05, 2.53283669736e-05, 1.90973496501e-05, 9.06044260773e-06, 5.84975714446e-06, 5.27272732143e-06, 3.62123250852e-06, 4.90422462462e-06, 2.19587195716e-06, 1.40583222219e-06, 1.49250081449e-06, 1.20860943298e-06, 9.89246814243e-07, 9.09680466066e-07, 8.97678432921e-07, 9.09556774786e-07, 9.32112470764e-07, 1.10741052595e-06, 1.30754062866e-06, 1.06224013052e-06, 7.10312747287e-07, 5.66016012726e-07, 4.22664697908e-07, 3.83081726341e-07, 3.1911173437e-07], "dmean2": [0.000318070378853, 0.000801476184279, 0.00121514068451, 0.000725697667804, 0.000469217251521, 0.000286726659397, 0.000336451688781, 0.000275473285001, 0.000294337165542, 0.000308649556246, 0.000167112215422, 0.000281887070742, 0.000192377599888, 0.00019779932336, 0.000102307181805, 9.84459111351e-05, 4.02888326789e-05, 2.92894401355e-05, 1.39698095154e-05, 8.99826136447e-06, 8.07042943052e-06, 5.46694309378e-06, 7.55438304623e-06, 3.42855105373e-06, 2.19188018491e-06, 2.31302169595e-06, 1.80659833404e-06, 1.49355025769e-06, 1.4315937733e-06, 1.36349945024e-06, 1.36101903081e-06, 1.40911276958e-06, 1.67397934092e-06, 1.97754434339e-06, 1.5800270603e-06, 1.06091295038e-06, 8.55529151522e-07, 6.24088272616e-07, 5.73210343191e-07, 4.53555827562e-07], "dvar": [2.79519554169e-07, 1.76854246092e-06, 5.7061561165e-06, 1.19509934393e-06, 3.95331142045e-07, 2.0251894739e-07, 2.27561315569e-07, 2.80038108258e-07, 1.95002542114e-07, 2.82264039697e-07, 6.89355417194e-08, 1.9554599362e-07, 1.19278894317e-07, 1.54585237055e-07, 2.99651361502e-08, 3.11915400175e-08, 7.4223520663e-09, 2.73991118682e-09, 7.03663294299e-10, 2.74355010932e-10, 1.80579246001e-10, 1.12808790087e-10, 1.49637788271e-10, 3.34722145834e-11, 1.56432245629e-11, 1.58110712023e-11, 1.30217728961e-11, 6.09855221878e-12, 7.05677270091e-12, 7.04787487052e-12, 7.02882760675e-12, 7.59587791971e-12, 1.29087461206e-11, 1.56558741665e-11, 1.21895020119e-11, 8.27368902556e-12, 7.63589885766e-12, 3.44609887501e-12, 2.34758349912e-12, 3.03898551289e-12], "dvar2": [7.50053345655e-07, 4.90712909595e-06, 1.55636716954e-05, 3.03800220536e-06, 1.04536024992e-06, 4.97492521845e-07, 5.46674868929e-07, 5.47405136331e-07, 4.09814219893e-07, 6.55300482322e-07, 1.52359049821e-07, 4.38835797922e-07, 3.16475023965e-07, 4.09499364196e-07, 8.10577986954e-08, 8.30461743817e-08, 1.91255491444e-08, 6.4019816115e-09, 1.68764335839e-09, 6.23007090361e-10, 3.92473192834e-10, 2.64558513985e-10, 3.44835660027e-10, 8.1163721577e-11, 3.78608984442e-11, 3.84660810149e-11, 2.92825728943e-11, 1.24336305141e-11, 1.82668463689e-11, 1.57261079159e-11, 1.5787152835e-11, 1.60571868302e-11, 2.95542583462e-11, 3.54654049184e-11, 2.64857320104e-11, 1.781920618e-11, 1.62443253293e-11, 6.98297886528e-12, 4.50895093831e-12, 4.78015847391e-12], "max": [0.00622624345124, 0.0161298848689, 0.0363601930439, 0.0191447157413, 0.0122967585921, 0.0105208083987, 0.0115705793723, 0.0201826319098, 0.0148056251928, 0.0142528675497, 0.00613050162792, 0.0151950633153, 0.00951853394508, 0.00726240500808, 0.00405107950792, 0.00392173975706, 0.00297816167586, 0.0018233169103, 0.000571883283556, 0.00049260922242, 0.000390829140088, 0.000486750010168, 0.000440787465777, 0.00016986526316, 0.000133840570925, 9.25715066842e-05, 0.000146872451296, 0.000118405871035, 8.07363321655e-05, 8.49664502311e-05, 7.5879819633e-05, 0.000109043750854, 0.000135645706905, 9.94273505057e-05, 8.76267513377e-05, 0.000148386883666, 0.00014440700761, 9.50165413087e-05, 6.48731147521e-05, 0.000109849876026], "mean": [0.000283239234705, 0.000636255485006, 0.000745355209801, 0.00068190030288, 0.000483441021061, 0.000323685933836, 0.000389555643778, 0.000358211662387, 0.000352870149072, 0.000326069595758, 0.000185451950529, 0.000315051467624, 0.000199181333301, 0.000189274709555, 9.95896843961e-05, 9.19063895708e-05, 3.86198153137e-05, 3.29955582856e-05, 1.53494511324e-05, 9.82086294243e-06, 8.76242575032e-06, 5.81235235586e-06, 7.84638632467e-06, 3.31251771968e-06, 2.15003319681e-06, 2.26201746045e-06, 1.94764129446e-06, 1.63234551565e-06, 1.48828075908e-06, 1.39232372476e-06, 1.45760202486e-06, 1.56006615271e-06, 1.82680503258e-06, 1.99795385925e-06, 1.503668841e-06, 9.3334358553e-07, 7.14591408268e-07, 5.55189387796e-07, 5.17137664247e-07, 4.12230718894e-07], "median": [0.000123526042444, 0.000335097371135, 0.000322694104398, 0.000311458075885, 0.000211253733141, 0.000120983997476, 0.000155738729518, 0.000119482268929, 0.000138036659337, 8.2754122559e-05, 3.90788118239e-05, 5.51753073523e-05, 2.69231386483e-05, 2.51387173194e-05, 2.14226056414e-05, 1.78788941412e-05, 6.87586361892e-06, 6.69648034091e-06, 3.2158900467e-06, 2.18170680455e-06, 2.05245805773e-06, 1.72343447957e-06, 2.28617318498e-06, 8.74765305525e-07, 5.29501164692e-07, 6.21340973339e-07, 4.67688266781e-07, 3.64962374988e-07, 2.65355481588e-07, 2.67500467999e-07, 2.54711494563e-07, 2.67488331929e-07, 2.68216808763e-07, 2.84099428427e-07, 2.22702141173e-07, 1.29329890797e-07, 7.91457495097e-08, 5.5458407644e-08, 4.6119371433e-08, 3.77820832398e-08], "min": [5.22741360972e-24, 7.13113061152e-24, 2.30979695783e-24, 4.05607586118e-24, 1.12487407788e-23, 4.6301311252e-24, 3.65797483878e-24, 5.74307581181e-24, 1.06572299951e-23, 8.74598726022e-24, 4.88845861698e-24, 5.54272446898e-24, 5.7713245264e-24, 7.68318178388e-24, 6.43158532685e-24, 1.03502029642e-23, 4.47492629198e-24, 4.28095486171e-24, 6.85443133813e-24, 9.92967462622e-24, 7.65556534131e-24, 8.36041177127e-24, 8.1033433015e-24, 4.97471109063e-24, 8.47977983686e-24, 9.22287734325e-24, 7.35201876473e-24, 9.40738796467e-24, 9.6530928931e-24, 8.17481567723e-24, 7.12062456198e-24, 7.41221516269e-24, 7.2743656638e-24, 9.90859626283e-24, 8.93573512919e-24, 7.78951865618e-24, 9.23443652209e-24, 1.06538678699e-23, 9.18315583009e-24, 9.58414881657e-24], "var": [2.64611969669e-07, 1.4619306512e-06, 4.01470470024e-06, 1.40713041219e-06, 7.45447209738e-07, 4.79302514123e-07, 4.77275989397e-07, 8.25615131816e-07, 4.91941989367e-07, 6.05309253388e-07, 1.84737473319e-07, 5.47456011191e-07, 2.51547646712e-07, 3.28681579731e-07, 5.96466165348e-08, 5.68854972016e-08, 1.09262758841e-08, 7.10274861149e-09, 1.56933888107e-09, 6.3844768361e-10, 4.7421255811e-10, 1.76631195781e-10, 3.02139202546e-10, 5.03415434339e-11, 2.77428288675e-11, 2.53460169519e-11, 2.83107114141e-11, 1.57212021179e-11, 1.33276722991e-11, 1.19951982375e-11, 1.2818269883e-11, 1.60205373273e-11, 2.66275144295e-11, 2.5182885291e-11, 1.80296402807e-11, 1.20411831547e-11, 1.15087288657e-11, 5.75586366763e-12, 4.15364140652e-12, 5.54803165215e-12]}, "melbands_crest": {"dmean": 2.95817947388, "dmean2": 4.80826759338, "dvar": 7.7383313179, "dvar2": 20.5264225006, "max": 32.6176338196, "mean": 12.2466154099, "median": 11.2669706345, "min": 1.68078625202, "var": 23.46692276}, "melbands_flatness_db": {"dmean": 0.025101872161, "dmean2": 0.0361076258123, "dvar": 0.000648404937238, "dvar2": 0.00135875493288, "max": 0.533613145351, "mean": 0.242948696017, "median": 0.224375426769, "min": 0.00423620129004, "var": 0.00615037698299}, "melbands_kurtosis": {"dmean": 4.07568359375, "dmean2": 6.52713632584, "dvar": 60.2952575684, "dvar2": 148.184371948, "max": 168.389404297, "mean": 7.19528245926, "median": 3.4416270256, "min": -1.55802857876, "var": 126.500137329}, "melbands_skewness": {"dmean": 0.588025569916, "dmean2": 0.893104970455, "dvar": 0.423956215382, "dvar2": 0.955462932587, "max": 9.67318534851, "mean": 1.4788762331, "median": 1.26579475403, "min": -2.48990821838, "var": 1.84699344635}, "melbands_spread": {"dmean": 4.11495876312, "dmean2": 6.34779596329, "dvar": 37.1990280151, "dvar2": 75.9425582886, "max": 184.590927124, "mean": 16.1992301941, "median": 14.9273986816, "min": 0.590948879719, "var": 118.691642761}, "mfcc": {"cov": [[15003.5839844, -1061.75195313, -207.809509277, 13.0886259079, -181.796035767, 722.838256836, 61.5206756592, 372.464782715, -63.0293884277, -34.9608001709, 32.2466278076, 7.6751074791, 51.0924568176], [-1061.75195313, 1746.50830078, -300.179290771, 204.334625244, 71.5393676758, -249.648208618, -57.5824508667, -39.7491188049, -15.6985349655, -3.88874387741, 11.0638628006, -18.1829013824, 7.87773275375], [-207.809509277, -300.179290771, 759.494812012, 151.634307861, 155.184753418, 107.761962891, 96.3223953247, 59.7226448059, 13.1232089996, 28.0770816803, 8.0591506958, 18.8839035034, 1.52873730659], [13.0886259079, 204.334625244, 151.634307861, 503.212432861, 149.475723267, -28.9441814423, -34.2790489197, -3.3262834549, 5.34500169754, 31.2375640869, 4.31351423264, -17.6536750793, -6.27881383896], [-181.796035767, 71.5393676758, 155.184753418, 149.475723267, 384.549804688, 47.0415077209, -13.0498905182, 0.0738371014595, 38.02759552, 64.4850006104, -3.95452260971, 0.861244380474, 15.831703186], [722.838256836, -249.648208618, 107.761962891, -28.9441814423, 47.0415077209, 272.131866455, 92.52784729, 70.5505599976, 32.3478851318, 21.320526123, 24.5670280457, 19.4755592346, 17.2992458344], [61.5206756592, -57.5824508667, 96.3223953247, -34.2790489197, -13.0498905182, 92.52784729, 174.529006958, 85.2407608032, 8.69220638275, 6.24990987778, 20.7377967834, 12.7527217865, 4.85147285461], [372.464782715, -39.7491188049, 59.7226448059, -3.3262834549, 0.0738371014595, 70.5505599976, 85.2407608032, 171.249130249, 25.7222290039, 7.3190703392, 28.2111644745, 8.11465167999, 10.9239559174], [-63.0293884277, -15.6985349655, 13.1232089996, 5.34500169754, 38.02759552, 32.3478851318, 8.69220638275, 25.7222290039, 118.368461609, 40.1290855408, 3.76717615128, 2.26455163956, 7.44647741318], [-34.9608001709, -3.88874387741, 28.0770816803, 31.2375640869, 64.4850006104, 21.320526123, 6.24990987778, 7.3190703392, 40.1290855408, 127.652015686, 40.939201355, 9.57934093475, 1.566442132], [32.2466278076, 11.0638628006, 8.0591506958, 4.31351423264, -3.95452260971, 24.5670280457, 20.7377967834, 28.2111644745, 3.76717615128, 40.939201355, 103.513061523, 40.411239624, 0.985153198242], [7.6751074791, -18.1829013824, 18.8839035034, -17.6536750793, 0.861244380474, 19.4755592346, 12.7527217865, 8.11465167999, 2.26455163956, 9.57934093475, 40.411239624, 91.7446365356, 26.6427974701], [51.0924568176, 7.87773275375, 1.52873730659, -6.27881383896, 15.831703186, 17.2992458344, 4.85147285461, 10.9239559174, 7.44647741318, 1.566442132, 0.985153198242, 26.6427974701, 86.6951828003]], "icov": [[8.89084258233e-05, 3.32367744704e-05, 6.85793929733e-05, -6.11702416791e-05, 6.15766402916e-05, -0.000272337550996, 0.000169233666384, -0.000212030179682, 0.000140796502819, -1.95735319721e-05, 5.85948473599e-05, 2.5198817184e-06, -1.38922232509e-05], [3.32367744704e-05, 0.000799305096734, 0.000404857535614, -0.000360702833859, -0.000270596210612, 0.000648080895189, -0.000337034201948, -8.75401601661e-05, 1.27544926727e-05, 0.000165458346601, -0.000283756991848, 8.90055671334e-05, -0.000203707430046], [6.85793929733e-05, 0.000404857535614, 0.00191477301996, -0.000657693948597, -0.000603624328505, -0.000192577615962, -0.000900081184227, -0.000276984792436, 0.0002549655037, 4.46498379461e-05, 0.00022390698723, -0.00041079823859, 0.000176319619641], [-6.11702416791e-05, -0.000360702833859, -0.000657693948597, 0.00264300173149, -0.000724691024516, 0.000301515421597, 0.000606828893069, -7.31766631361e-05, 4.90397251269e-05, -0.000185658587725, -0.000356592616299, 0.000575448619202, 0.000145625992445], [6.15766402916e-05, -0.000270596210612, -0.000603624328505, -0.000724691024516, 0.00370298442431, -0.00108361861203, 0.000921306200325, -3.03817323584e-05, -0.000305339955958, -0.00163047621027, 0.00102432817221, -0.000139776486321, -0.000474256259622], [-0.000272337550996, 0.000648080895189, -0.000192577615962, 0.000301515421597, -0.00108361861203, 0.00654453970492, -0.00284110102803, -7.35445937607e-05, -0.00127531401813, 0.000247093877988, -0.000997405848466, -8.95023986232e-05, -0.00066900922684], [0.000169233666384, -0.000337034201948, -0.000900081184227, 0.000606828893069, 0.000921306200325, -0.00284110102803, 0.00961360894144, -0.00387756456621, 0.000865987152793, -0.000450154737337, 0.000136194285005, -0.000319760234561, 0.000370466033928], [-0.000212030179682, -8.75401601661e-05, -0.000276984792436, -7.31766631361e-05, -3.03817323584e-05, -7.35445937607e-05, -0.00387756456621, 0.00896783545613, -0.00195307063404, 0.000994638190605, -0.00225606304593, 0.00100241729524, -0.000892916053999], [0.000140796502819, 1.27544926727e-05, 0.0002549655037, 4.90397251269e-05, -0.000305339955958, -0.00127531401813, 0.000865987152793, -0.00195307063404, 0.0104190697894, -0.00336964474991, 0.00163729104679, -0.000250375305768, -0.000352906645276], [-1.95735319721e-05, 0.000165458346601, 4.46498379461e-05, -0.000185658587725, -0.00163047621027, 0.000247093877988, -0.000450154737337, 0.000994638190605, -0.00336964474991, 0.0112122371793, -0.00504041602835, 0.00107585906517, -5.59407599212e-05], [5.85948473599e-05, -0.000283756991848, 0.00022390698723, -0.000356592616299, 0.00102432817221, -0.000997405848466, 0.000136194285005, -0.00225606304593, 0.00163729104679, -0.00504041602835, 0.0149841271341, -0.00649589719251, 0.00202655908652], [2.5198817184e-06, 8.90055671334e-05, -0.00041079823859, 0.000575448619202, -0.000139776486321, -8.95023986232e-05, -0.000319760234561, 0.00100241729524, -0.000250375305768, 0.00107585906517, -0.00649589719251, 0.0151843037456, -0.00461617717519], [-1.38922232509e-05, -0.000203707430046, 0.000176319619641, 0.000145625992445, -0.000474256259622, -0.00066900922684, 0.000370466033928, -0.000892916053999, -0.000352906645276, -5.59407599212e-05, 0.00202655908652, -0.00461617717519, 0.0133076002821]], "mean": [-712.981933594, 153.677734375, 5.51012468338, -1.5588902235, -10.9552793503, 2.96863484383, -6.41661691666, 2.63465499878, -5.66953992844, -3.51768350601, -0.0887742340565, -1.69480907917, -2.53763413429]}, "pitch_salience": {"dmean": 0.0648613646626, "dmean2": 0.104554891586, "dvar": 0.00334250647575, "dvar2": 0.00867018010467, "max": 0.853921115398, "mean": 0.566185712814, "median": 0.576575756073, "min": 0.105132296681, "var": 0.0120486086234}, "silence_rate_20dB": {"dmean": 0, "dmean2": 0, "dvar": 0, "dvar2": 0, "max": 1, "mean": 1, "median": 1, "min": 1, "var": 0}, "silence_rate_30dB": {"dmean": 0.00499277375638, "dmean2": 0.00998685974628, "dvar": 0.00496811699122, "dvar2": 0.0125150838867, "max": 1, "mean": 0.996321618557, "median": 1, "min": 0, "var": 0.00366482208483}, "silence_rate_60dB": {"dmean": 0.0197083167732, "dmean2": 0.0394218116999, "dvar": 0.0193181559443, "dvar2": 0.0420747622848, "max": 1, "mean": 0.149500787258, "median": 0, "min": 0, "var": 0.12713944912}, "spectral_centroid": {"dmean": 130.100753784, "dmean2": 197.391937256, "dvar": 40333.9453125, "dvar2": 80268.828125, "max": 10934.8251953, "mean": 822.944580078, "median": 792.379577637, "min": 188.318756104, "var": 149930.609375}, "spectral_complexity": {"dmean": 2.27644205093, "dmean2": 3.37844944, "dvar": 7.51445960999, "dvar2": 15.030462265, "max": 47, "mean": 13.0901212692, "median": 13, "min": 0, "var": 52.8661651611}, "spectral_contrast_coeffs": {"dmean": [0.046542160213, 0.0440956838429, 0.0426581464708, 0.0349307879806, 0.0264062955976, 0.0228021629155], "dmean2": [0.0762643739581, 0.0705012232065, 0.0660602971911, 0.0537446923554, 0.040276851505, 0.0329466275871], "dvar": [0.00172341591679, 0.00145041500218, 0.00129572837614, 0.000854062789585, 0.000510982295964, 0.000456770911114], "dvar2": [0.00426296750084, 0.00366076291539, 0.00305184721947, 0.00194793369155, 0.001074171043, 0.00088500516722], "max": [-0.284539103508, -0.411019682884, -0.392545938492, -0.452005267143, -0.549426972866, -0.528021931648], "mean": [-0.612145960331, -0.71477407217, -0.718145489693, -0.737547039986, -0.770602405071, -0.773411512375], "median": [-0.618349313736, -0.721102595329, -0.725375294685, -0.739401817322, -0.771264314651, -0.771280288696], "min": [-0.966279089451, -0.968976736069, -0.966967821121, -0.961822450161, -0.96378493309, -0.958543300629], "var": [0.00831696949899, 0.00597787974402, 0.00661620730534, 0.00435969140381, 0.00301895709708, 0.00289323879406]}, "spectral_contrast_valleys": {"dmean": [0.39934656024, 0.343559741974, 0.36022913456, 0.34992825985, 0.334745645523, 0.438374817371], "dmean2": [0.652208685875, 0.527880907059, 0.542543590069, 0.507131695747, 0.451762914658, 0.544181883335], "dvar": [0.136040866375, 0.109904386103, 0.125510647893, 0.126466333866, 0.128465890884, 0.238629668951], "dvar2": [0.318465411663, 0.224422290921, 0.245840027928, 0.231023773551, 0.216878637671, 0.372647494078], "max": [-5.38927125931, -4.72720956802, -5.20903015137, -5.87107133865, -6.0941491127, -7.19127511978], "mean": [-8.07812023163, -6.90374088287, -7.6465420723, -8.66958618164, -9.07270622253, -11.3546609879], "median": [-7.49334430695, -6.62528800964, -7.40471363068, -8.39838218689, -8.73972320557, -10.9361314774], "min": [-27.4497699738, -27.6717395782, -27.2095794678, -27.2923526764, -27.2128887177, -27.3039493561], "var": [2.56269168854, 1.58492934704, 1.81232750416, 1.8482991457, 2.08424806595, 2.89260363579]}, "spectral_decrease": {"dmean": 2.07343076042e-09, "dmean2": 3.22667847996e-09, "dvar": 1.2951882362e-17, "dvar2": 3.18429231764e-17, "max": 1.46926860267e-28, "mean": -5.46197886919e-09, "median": -3.80155373847e-09, "min": -5.32208979109e-08, "var": 2.96381658979e-17}, "spectral_energy": {"dmean": 0.00826453045011, "dmean2": 0.0127712376416, "dvar": 0.000200288151973, "dvar2": 0.000486186618218, "max": 0.213173598051, "mean": 0.0221092514694, "median": 0.0154201472178, "min": 1.06854771477e-20, "var": 0.000485492200824}, "spectral_energyband_high": {"dmean": 0.000238985347096, "dmean2": 0.000330602721078, "dvar": 4.89946387461e-07, "dvar2": 9.23610571135e-07, "max": 0.0260687302798, "mean": 0.000407695246395, "median": 7.987760182e-05, "min": 7.9166249487e-21, "var": 1.00609145193e-06}, "spectral_energyband_low": {"dmean": 0.00221207784489, "dmean2": 0.00389042519964, "dvar": 3.63363542419e-05, "dvar2": 9.99495387077e-05, "max": 0.0619887299836, "mean": 0.00314804306254, "median": 0.00182174355723, "min": 4.23556995834e-23, "var": 3.00580904877e-05}, "spectral_energyband_middle_high": {"dmean": 0.00270936987363, "dmean2": 0.00407333811745, "dvar": 2.56142502622e-05, "dvar2": 6.33939635009e-05, "max": 0.103953890502, "mean": 0.0067253424786, "median": 0.00210851430893, "min": 1.34826067663e-21, "var": 0.000115069873573}, "spectral_energyband_middle_low": {"dmean": 0.00571298366413, "dmean2": 0.00888493657112, "dvar": 0.000126020400785, "dvar2": 0.000310504547087, "max": 0.165273427963, "mean": 0.012538424693, "median": 0.00848369300365, "min": 2.45050312716e-22, "var": 0.000204777083127}, "spectral_entropy": {"dmean": 0.208740353584, "dmean2": 0.290850609541, "dvar": 0.0480518788099, "dvar2": 0.0912895947695, "max": 9.80840682983, "mean": 6.97131347656, "median": 7.09563350677, "min": 4.12145614624, "var": 0.417601406574}, "spectral_flux": {"dmean": 0.0217995196581, "dmean2": 0.0333863757551, "dvar": 0.000804336450528, "dvar2": 0.00164286780637, "max": 0.398918628693, "mean": 0.0690036192536, "median": 0.0593412145972, "min": 6.91673315845e-11, "var": 0.0028027894441}, "spectral_kurtosis": {"dmean": 4.70482587814, "dmean2": 7.57086753845, "dvar": 58.8985214233, "dvar2": 148.443588257, "max": 130.195449829, "mean": 11.9447002411, "median": 6.84233760834, "min": -1.22724282742, "var": 199.993545532}, "spectral_rms": {"dmean": 0.000742744246963, "dmean2": 0.00109593162779, "dvar": 9.62899321166e-07, "dvar2": 2.16306534639e-06, "max": 0.0144213121384, "mean": 0.0040451195091, "median": 0.00387866562232, "min": 3.22875450334e-12, "var": 5.20696721651e-06}, "spectral_rolloff": {"dmean": 245.677978516, "dmean2": 416.498809814, "dvar": 456342.125, "dvar2": 978650.5, "max": 18798.4863281, "mean": 1031.7779541, "median": 925.927734375, "min": 129.19921875, "var": 831311.1875}, "spectral_skewness": {"dmean": 0.411310046911, "dmean2": 0.642427027225, "dvar": 0.249051555991, "dvar2": 0.604064524174, "max": 9.64312839508, "mean": 2.49885654449, "median": 2.21548271179, "min": -0.343353718519, "var": 1.21644032001}, "spectral_spread": {"dmean": 722815.6875, "dmean2": 1005606.5, "dvar": 980037468160, "dvar2": 1750670639100.0, "max": 