{"lowlevel": {"average_loudness": 0.618383526802, "barkbands": {"dmean": [9.57723477768e-06, 0.000777228444349, 0.000472249783343, 0.000396798888687, 0.000396405608626, 0.000273235025816, 0.000277906365227, 0.000253054109635, 0.000243682778091, 0.000294280296657, 0.000267169612925, 0.000290692871204, 0.000347814202541, 0.000525269831996, 0.000305193680106, 0.000336078257533, 0.000499861198477, 0.000309341208776, 0.00019904934743, 0.000137215713039, 9.39541132539e-05, 7.09164523869e-05, 4.60772826045e-05, 2.96028792945e-05, 4.01931138185e-05, 3.22373962263e-05, 6.79399408909e-06], "dmean2": [1.53195123858e-05, 0.00130085984711, 0.000838722568005, 0.000665053143166, 0.000630097754765, 0.000416281371145, 0.000424811471021, 0.000388864631532, 0.000380619749194, 0.000467333331471, 0.00042231878615, 0.000461415213067, 0.000560847052839, 0.000861246488057, 0.000489780155476, 0.000555455044378, 0.00083519180771, 0.000503930321429, 0.000327542424202, 0.000222685193876, 0.000146032209159, 0.000106102641439, 6.63090249873e-05, 4.29703904956e-05, 5.37164414709e-05, 4.58990652987e-05, 9.24356572796e-06], "dvar": [5.42334510634e-10, 4.03656804338e-06, 1.85932503882e-06, 1.42943974879e-06, 8.25268898552e-07, 6.99734073351e-07, 6.49813557629e-07, 4.07999010577e-07, 3.42245954243e-07, 2.54467636296e-07, 3.6911436041e-07, 5.02750992837e-07, 8.17992201974e-07, 1.94021481548e-06, 9.96660901365e-07, 1.19384924346e-06, 2.03692138712e-06, 4.49059655239e-07, 1.68193750483e-07, 7.84174218893e-08, 3.64080676718e-08, 2.89616739479e-08, 1.22820438264e-08, 6.43742792406e-09, 8.89054163622e-09, 4.23742951838e-09, 3.46417006192e-10], "dvar2": [1.31188016006e-09, 1.04160462797e-05, 5.26863505002e-06, 3.70633074454e-06, 1.93029040929e-06, 1.63473782777e-06, 1.47344564994e-06, 9.43727002323e-07, 7.96291828919e-07, 6.41025394543e-07, 8.57965119394e-07, 1.14688339181e-06, 1.99656801669e-06, 5.23506560057e-06, 2.46925947067e-06, 3.25573978444e-06, 5.74271007281e-06, 1.19989636005e-06, 4.50301882893e-07, 2.06936618952e-07, 8.51819805803e-08, 6.19914786171e-08, 2.49891343174e-08, 1.23420775822e-08, 1.69817919726e-08, 8.87337847644e-09, 6.60957233389e-10], "max": [0.000482764095068, 0.0263882931322, 0.0216873902828, 0.0255405213684, 0.0284528099, 0.0338448211551, 0.0262401308864, 0.0193772632629, 0.0161138642579, 0.0109949214384, 0.0241987779737, 0.0349095351994, 0.0280541945249, 0.0379126407206, 0.0573100037873, 0.0554075203836, 0.035616774112, 0.0219506807625, 0.0141457673162, 0.00893238559365, 0.00626034522429, 0.00520611694083, 0.00395719381049, 0.00262719136663, 0.00269543472677, 0.00102485297248, 0.000458549387986], "mean": [1.25353381009e-05, 0.0011590574868, 0.000533396669198, 0.00047882925719, 0.000667758053169, 0.000505298259668, 0.000537928426638, 0.000440047646407, 0.000422372075263, 0.00053602893604, 0.000451042316854, 0.000533715938218, 0.000639908015728, 0.000922984094359, 0.000569327385165, 0.000626622699201, 0.000957681331784, 0.000655456795357, 0.000434926012531, 0.000322299427353, 0.000235942658037, 0.000172537373146, 0.000107223924715, 7.19427189324e-05, 9.6606745501e-05, 6.57083073747e-05, 1.31781944219e-05], "median": [1.99440955839e-06, 0.00057353352895, 0.00018960700254, 0.000137345123221, 0.0002186470374, 0.00017202028539, 0.000193075145944, 0.000171497435076, 0.000196219974896, 0.000314429053105, 0.000179910537554, 0.000214522588067, 0.000256304861978, 0.000251389457844, 0.000170614192029, 0.00013558503997, 0.000245872826781, 0.000247514428338, 0.000179327456863, 0.000113415255328, 7.139450463e-05, 4.47716374765e-05, 3.68771652575e-05, 2.36268533627e-05, 3.28917449224e-05, 2.18959030462e-05, 2.92273080049e-06], "min": [5.37387762746e-23, 7.5453781967e-23, 2.68469497777e-23, 2.64184042464e-23, 2.85627285574e-23, 3.65061729089e-23, 2.70826582607e-23, 2.49467132302e-23, 1.1638465045e-22, 1.07521501568e-22, 3.83992529103e-23, 2.21485030614e-22, 2.26910475133e-22, 1.70558379384e-22, 1.63059631702e-22, 7.10018170494e-23, 1.66758467958e-22, 1.97054677334e-22, 2.57279550013e-22, 6.02903392987e-22, 4.24912239937e-22, 5.44974597792e-22, 7.00717500422e-22, 1.08151704244e-21, 9.9282433801e-22, 1.56563136218e-21, 2.40262868605e-21], "var": [7.01623814603e-10, 3.91782896259e-06, 1.34901313231e-06, 1.32452942125e-06, 1.83449833457e-06, 1.64614209552e-06, 2.06992694984e-06, 8.86683892531e-07, 7.10911706392e-07, 5.54111124984e-07, 7.97308416622e-07, 1.16834769415e-06, 2.12154895962e-06, 4.52555468655e-06, 2.37509107137e-06, 2.83351300823e-06, 5.17167063663e-06, 1.16017986329e-06, 5.04168895077e-07, 2.70401528724e-07, 1.57342327611e-07, 1.06445178005e-07, 3.96926083113e-08, 2.16422613164e-08, 2.84099481718e-08, 1.12740732305e-08, 1.04929376299e-09]}, "barkbands_crest": {"dmean": 2.09146881104, "dmean2": 3.41371417046, "dvar": 4.22949266434, "dvar2": 10.9530096054, "max": 25.2618465424, "mean": 7.57198810577, "median": 6.81248664856, "min": 1.99322891235, "var": 11.6596136093}, "barkbands_flatness_db": {"dmean": 0.0133353890851, "dmean2": 0.0208477042615, "dvar": 0.000157614733325, "dvar2": 0.000389014079701, "max": 0.335534632206, "mean": 0.0947657898068, "median": 0.0815905034542, "min": 0.0144153535366, "var": 0.0025414864067}, "barkbands_kurtosis": {"dmean": 0.809423327446, "dmean2": 1.31546211243, "dvar": 1.27451729774, "dvar2": 3.21400856972, "max": 33.6310424805, "mean": 0.179238036275, "median": -0.228626489639, "min": -1.84371674061, "var": 2.68438243866}, "barkbands_skewness": {"dmean": 0.335454106331, "dmean2": 0.524453818798, "dvar": 0.103172548115, "dvar2": 0.248743906617, "max": 5.3781003952, "mean": 0.259270399809, "median": 0.291860044003, "min": -3.8250374794, "var": 0.674968421459}, "barkbands_spread": {"dmean": 5.69720125198, "dmean2": 8.87495231628, "dvar": 31.6599445343, "dvar2": 74.2697906494, "max": 93.2793121338, "mean": 29.8829479218, "median": 28.5307426453, "min": 1.89179253578, "var": 151.32019043}, "dissonance": {"dmean": 0.0120754335076, "dmean2": 0.0204840619117, "dvar": 0.000176122470293, "dvar2": 0.00048854254419, "max": 0.500000119209, "mean": 0.477672308683, "median": 0.484203875065, "min": 0.320127487183, "var": 0.000443019176601}, "dynamic_complexity": 6.36913490295, "erbbands": {"dmean": [0.0149560123682, 0.204091325402, 0.534927010536, 0.93319863081, 1.24193608761, 1.44713020325, 1.89984488487, 2.38556361198, 3.97514629364, 4.39912080765, 5.25891113281, 5.67792654037, 8.89075088501, 7.1133313179, 11.3502635956, 12.0478343964, 14.9079256058, 27.2839069366, 12.9737577438, 19.534948349, 16.8870353699, 22.1627349854, 17.806180954, 14.449763298, 6.88343572617, 5.8685541153, 4.22591400146, 3.74994015694, 2.67082595825, 1.97051024437, 1.16274654865, 0.808752954006, 0.408044159412, 0.366454392672, 0.349171817303, 0.173970997334, 0.0558096729219, 0.00987097248435, 0.00131380441599, 5.68196010136e-05], "dmean2": [0.0242873132229, 0.345682650805, 0.937676548958, 1.58435416222, 2.06971645355, 2.29331922531, 2.93798208237, 3.61292934418, 6.06399917603, 6.74569511414, 8.05858230591, 8.83012485504, 14.1182889938, 11.1373538971, 18.1682567596, 19.0406360626, 23.8284301758, 44.5321273804, 21.0895709991, 31.7016849518, 27.7930393219, 37.0501327515, 29.2430286407, 23.8195495605, 11.0590715408, 9.47326278687, 6.74122667313, 5.79043388367, 4.06074666977, 2.88972616196, 1.68062210083, 1.20851540565, 0.582140445709, 0.5055950284, 0.479109704494, 0.249553650618, 0.0793324634433, 0.013863099739, 0.00182690471411, 8.04256778792e-05], "dvar": [0.00131618604064, 0.293011933565, 2.30876874924, 6.38019657135, 12.7419166565, 13.820933342, 32.0260162354, 56.4262237549, 118.769477844, 155.338302612, 205.04536438, 222.742675781, 283.649475098, 186.504806519, 866.324951172, 887.438964844, 1444.03918457, 5034.38867188, 1216.33654785, 3262.02880859, 2151.64111328, 3570.44140625, 1731.2442627, 1107.51342773, 155.735626221, 145.413635254, 76.1345825195, 59.867603302, 40.9330558777, 26.4162578583, 7.48658847809, 5.02071285248, 0.95611846447, 0.541270256042, 1.01734149456, 0.134387657046, 0.0150097506121, 0.000437654642155, 1.40516576721e-05, 4.29710667049e-08], "dvar2": [0.0032066993881, 0.772350430489, 6.4489812851, 16.8283672333, 33.5801582336, 31.2514610291, 72.9484710693, 126.93434906, 258.42489624, 329.310638428, 474.860076904, 499.463806152, 699.067321777, 488.679962158, 2114.10986328, 1953.40246582, 3500.36230469, 13841.375, 2992.38061523, 8645.53320313, 5765.89453125, 10126.8769531, 4685.66259766, 2981.8137207, 383.874053955, 377.751708984, 186.357955933, 140.303894043, 89.7746353149, 55.0064315796, 14.8266353607, 10.1911697388, 1.7699944973, 0.984853386879, 2.23639464378, 0.282310128212, 0.0321924425662, 0.000878272927366, 2.79421856249e-05, 9.29790076043e-08], "max": [0.465074926615, 7.31594514847, 21.7139625549, 39.3446388245, 75.6621856689, 120.907615662, 152.98210144, 388.542724609, 348.156707764, 483.23840332, 527.601623535, 488.757843018, 559.657409668, 324.819091797, 1133.32824707, 1626.54919434, 1150.35852051, 1615.4161377, 1486.40039063, 2871.70947266, 1023.73370361, 1517.09887695, 1502.83007813, 1035.03308105, 316.770751953, 431.923461914, 258.775665283, 199.664535522, 180.34161377, 223.173446655, 87.5450820923, 76.2086410522, 30.6659240723, 14.5345945358, 33.939994812, 6.41986227036, 3.11325883865, 0.397860080004, 0.100806988776, 0.00635342020541], "mean": [0.0239061303437, 0.290402710438, 0.646848320961, 1.17276000977, 1.67829501629, 2.39956283569, 3.15957474709, 4.61224126816, 7.79795265198, 8.19462585449, 9.77530384064, 10.2297143936, 15.9604310989, 14.2426872253, 20.2010269165, 23.8943157196, 30.0802955627, 50.4396629333, 26.8060302734, 40.2756195068, 36.5478515625, 45.3870925903, 38.9281768799, 31.46352005, 17.0890598297, 14.2310523987, 10.5410604477, 9.13494205475, 6.49120235443, 4.53105688095, 2.78218770027, 1.8774677515, 1.03566503525, 0.931820034981, 0.72625541687, 0.337819516659, 0.106517665088, 0.021982036531, 0.00259147258475, 0.000110172295535], "median": [0.00940071139485, 0.14597928524, 0.302130818367, 0.458354324102, 0.633280515671, 0.698709845543, 0.96631860733, 1.61110126972, 2.82097434998, 3.17547297478, 4.38551998138, 4.88413143158, 8.8265953064, 8.62026500702, 8.61877059937, 10.6792526245, 13.4518985748, 14.8097171783, 10.8437948227, 9.80555343628, 9.76244544983, 12.8826503754, 14.4164714813, 11.7089605331, 7.75023317337, 5.35657119751, 2.95385456085, 2.86219358444, 1.56634283066, 1.45410096645, 0.929131865501, 0.617807626724, 0.393102645874, 0.324049890041, 0.217238992453, 0.096307143569, 0.0335326492786, 0.00622545229271, 0.000554120691959, 3.75407544198e-05], "min": [2.8811676146e-21, 1.46783587438e-20, 3.61949646817e-20, 5.00298544635e-20, 1.52210460943e-19, 3.72820997264e-20, 7.56974885909e-20, 2.9969425677e-19, 5.12702621984e-19, 2.69361000871e-19, 8.6720509066e-19, 2.18706967549e-18, 2.91205233016e-18, 3.51072202375e-18, 2.2017419984e-18, 9.03979534781e-18, 1.0447256395e-17, 8.55640919581e-18, 9.2502019715e-18, 7.97172733317e-18, 4.18579156628e-18, 9.69364688045e-18, 1.26342905017e-17, 1.10550091521e-17, 1.81952404714e-17, 2.55744922462e-17, 2.07435969959e-17, 1.61838763657e-17, 1.97923260566e-17, 1.79542744872e-17, 2.14271608561e-17, 2.23001887813e-17, 1.74783842459e-17, 1.09508116918e-17, 7.32685236454e-18, 5.27324579934e-18, 2.48002251367e-18, 1.6082097168e-18, 3.37884332622e-19, 3.17798687752e-20], "var": [0.00164028443396, 0.2637783885, 1.72225415707, 5.76532649994, 13.7991752625, 30.779548645, 79.6518096924, 141.151687622, 385.157501221, 556.180358887, 428.32244873, 471.238098145, 617.485656738, 391.309204102, 1768.46569824, 2236.00024414, 3761.98413086, 11891.3486328, 3121.16943359, 8941.62988281, 6235.44189453, 9001.22363281, 4367.4765625, 3082.21630859, 593.863098145, 510.352203369, 333.808044434, 235.342758179, 151.041625977, 80.2096176147, 25.0836448669, 15.683506012, 3.52857685089, 2.18967652321, 2.15821862221, 0.331395298243, 0.0365246273577, 0.00157037132885, 4.17698065576e-05, 9.29792776105e-08]}, "erbbands_crest": {"dmean": 2.35590052605, "dmean2": 3.86404085159, "dvar": 5.30150699615, "dvar2": 13.8877096176, "max": 29.8965873718, "mean": 8.54234027863, "median": 7.48167991638, "min": 2.2268474102, "var": 16.4668006897}, "erbbands_flatness_db": {"dmean": 0.0143439332023, "dmean2": 0.0215174984187, "dvar": 0.000172086845851, "dvar2": 0.000383852486266, "max": 0.383117139339, "mean": 0.160255119205, "median": 0.154740095139, "min": 0.0492231957614, "var": 0.00268287630752}, "erbbands_kurtosis": {"dmean": 0.787134110928, "dmean2": 1.27330994606, "dvar": 1.12189519405, "dvar2": 2.98031234741, "max": 22.5754776001, "mean": 0.588768839836, "median": 0.168661803007, "min": -1.644931674, "var": 3.05875277519}, "erbbands_skewness": {"dmean": 0.298299521208, "dmean2": 0.474052250385, "dvar": 0.0650719031692, "dvar2": 0.163589820266, "max": 2.850481987, "mean": -0.0345789045095, "median": -0.0520972833037, "min": -3.41207385063, "var": 0.357883691788}, "erbbands_spread": {"dmean": 5.33699560165, "dmean2": 8.19637584686, "dvar": 25.8864173889, "dvar2": 59.5842933655, "max": 90.3762817383, "mean": 28.6323223114, "median": 26.8128700256, "min": 2.06029224396, "var": 156.77671814}, "gfcc": {"cov": [[21326.2988281, 1446.20117188, 1818.05432129, -86.0035095215, 131.959609985, -616.669128418, -854.455566406, 93.1780319214, -487.411590576, 398.20690918, -527.371826172, 184.611053467, -484.492279053], [1446.20117188, 2062.53149414, 137.471603394, 96.9411468506, -158.329910278, -327.279510498, -124.802154541, -61.6787834167, 183.302856445, -53.9614372253, 145.998672485, -66.2416381836, 40.7673416138], [1818.05432129, 137.471603394, 959.948913574, -5.22871208191, 55.4046020508, -50.4946746826, -125.432052612, -8.840259552, -132.145401001, 49.5972862244, -107.245033264, 15.6144447327, -88.7163009644], [-86.0035095215, 96.9411468506, -5.22871208191, 294.314697266, -1.95280730724, 49.1422615051, 12.4723558426, 10.4264879227, 45.2040557861, -15.3401594162, 1.02696037292, 4.60019493103, 35.1015281677], [131.959609985, -158.329910278, 55.4046020508, -1.95280730724, 360.727264404, 34.4585380554, 3.93774962425, 24.2480926514, -80.3439941406, 20.4512615204, -95.6107635498, 43.1183776855, -31.3203315735], [-616.669128418, -327.279510498, -50.4946746826, 49.1422615051, 34.4585380554, 248.433425903, 111.116783142, 42.8665046692, 4.1298122406, -0.617312431335, 2.76361775398, -13.3019208908, 16.7251033783], [-854.455566406, -124.802154541, -125.432052612, 12.4723558426, 3.93774962425, 111.116783142, 185.149871826, 40.4548721313, 40.6946525574, -26.0159988403, 30.7696285248, -25.4148330688, 26.5980491638], [93.1780319214, -61.6787834167, -8.840259552, 10.4264879227, 24.2480926514, 42.8665046692, 40.4548721313, 114.311546326, 32.427318573, 19.866727829, -3.0118458271, 5.17975234985, -0.897714138031], [-487.411590576, 183.302856445, -132.145401001, 45.2040557861, -80.3439941406, 4.1298122406, 40.6946525574, 32.427318573, 164.796279907, 16.1383743286, 78.697052002, -27.0819683075, 43.362411499], [398.20690918, -53.9614372253, 49.5972862244, -15.3401594162, 20.4512615204, -0.617312431335, -26.0159988403, 19.866727829, 16.1383743286, 106.495811462, -0.370093584061, 23.4219894409, -16.0793800354], [-527.371826172, 145.998672485, -107.245033264, 1.02696037292, -95.6107635498, 2.76361775398, 30.7696285248, -3.0118458271, 78.697052002, -0.370093584061, 147.326080322, -1.3506128788, 42.6903076172], [184.611053467, -66.2416381836, 15.6144447327, 4.60019493103, 43.1183776855, -13.3019208908, -25.4148330688, 5.17975234985, -27.0819683075, 23.4219894409, -1.3506128788, 84.7674713135, 16.1571578979], [-484.492279053, 40.7673416138, -88.7163009644, 35.1015281677, -31.3203315735, 16.7251033783, 26.5980491638, -0.897714138031, 43.362411499, -16.0793800354, 42.6903076172, 16.1571578979, 83.7499008179]], "icov": [[8.56782498886e-05, -9.45714273257e-05, -4.31371518061e-05, -1.65201108757e-05, 0.00010117310012, -6.82982727085e-06, 0.000179470240255, -0.000207697899896, 0.000211089238292, -0.000249194621574, 0.000206436074222, -0.000145489204442, 0.000248590367846], [-9.45714273257e-05, 0.000972104491666, -0.000232010177569, -0.000306425645249, -0.000325190863805, 0.00113897223491, 2.92930762953e-05, 0.000336836965289, -0.00107909622602, 0.000831016106531, -0.000988075975329, 0.000850019569043, -0.00043445758638], [-4.31371518061e-05, -0.000232010177569, 0.00146196654532, -0.000138411356602, 0.000155915375217, -0.000308967864839, 0.000406468927395, -0.000216407017433, 0.00111369264778, -0.000659472832922, 0.000410149106756, 0.000102338126453, 0.000526611052919], [-1.65201108757e-05, -0.000306425645249, -0.000138411356602, 0.0041685141623, -3.1865107303e-05, -0.00154002360068, 0.000528510427102, 0.000236330670305, -0.00169803842437, 0.000994114088826, 0.00122242828365, -0.00108242989518, -0.00105408485979], [0.00010117310012, -0.000325190863805, 0.000155915375217, -3.1865107303e-05, 0.00404306408018, -0.000585152127314, -0.000503951392602, -0.000738896720577, 0.00131734833121, -0.000937312608585, 0.00250947894529, -0.00222485559061, 0.000991108710878], [-6.82982727085e-06, 0.00113897223491, -0.000308967864839, -0.00154002360068, -0.000585152127314, 0.00773277552798, -0.00331451394595, -0.00113801332191, 0.000909506401513, -0.000802216527518, -0.00127251748927, 0.00239821802825, -0.00143734575249], [0.000179470240255, 2.92930762953e-05, 0.000406468927395, 0.000528510427102, -0.000503951392602, -0.00331451394595, 0.00994315836579, -0.0025337333791, -0.000740068440791, 0.00183617777657, -0.000889199844096, 0.00176270888187, -0.000629603979178], [-0.000207697899896, 0.000336836965289, -0.000216407017433, 0.000236330670305, -0.000738896720577, -0.00113801332191, -0.0025337333791, 0.0119952764362, -0.00447306549177, -0.000288543145871, 0.00106645235792, -0.00213665072806, 0.0013195903739], [0.000211089238292, -0.00107909622602, 0.00111369264778, -0.00169803842437, 0.00131734833121, 0.000909506401513, -0.000740068440791, -0.00447306549177, 0.0149615416303, -0.00572793092579, -0.0032324611675, 0.0051939971745, -0.00406459113583], [-0.000249194621574, 0.000831016106531, -0.000659472832922, 0.000994114088826, -0.000937312608585, -0.000802216527518, 0.00183617777657, -0.000288543145871, -0.00572793092579, 0.014162439853, -0.00108910619747, -0.00421371497214, 0.00331494607963], [0.000206436074222, -0.000988075975329, 0.000410149106756, 0.00122242828365, 0.00250947894529, -0.00127251748927, -0.000889199844096, 0.00106645235792, -0.0032324611675, -0.00108910619747, 0.0127147240564, -0.00345956208184, -0.00126542081125], [-0.000145489204442, 0.000850019569043, 0.000102338126453, -0.00108242989518, -0.00222485559061, 0.00239821802825, 0.00176270888187, -0.00213665072806, 0.0051939971745, -0.00421371497214, -0.00345956208184, 0.0192866083235, -0.00804262422025], [0.000248590367846, -0.00043445758638, 0.000526611052919, -0.00105408485979, 0.000991108710878, -0.00143734575249, -0.000629603979178, 0.0013195903739, -0.00406459113583, 0.00331494607963, -0.00126542081125, -0.00804262422025, 0.0203988682479]], "mean": [-43.2764472961, 50.7427978516, -139.721130371, 24.9597167969, -47.7966880798, 15.6986751556, -29.8154830933, 12.6970415115, -22.0184783936, 4.16069316864, -14.2703323364, 2.30458879471, -14.077132225]}, "hfc": {"dmean": 4.43752384186, "dmean2": 6.54564619064, "dvar": 45.6566772461, "dvar2": 105.07182312, "max": 156.840209961, "mean": 20.2071380615, "median": 12.0725231171, "min": 1.17783319447e-16, "var": 469.384338379}, "melbands": {"dmean": [0.000178622751264, 0.000275017897366, 0.000170179162524, 8.74224861036e-05, 6.75566407153e-05, 5.51439370611e-05, 5.87655304116e-05, 4.9605852837e-05, 4.44836150564e-05, 3.59561054211e-05, 4.53828070022e-05, 2.99633047689e-05, 3.52270144504e-05, 3.24412794726e-05, 3.40166407113e-05, 3.52228162228e-05, 5.86852474953e-05, 2.21275458898e-05, 2.61165059783e-05, 3.1825293263e-05, 2.10994803638e-05, 2.61485147348e-05, 2.10229700315e-05, 1.46741922435e-05, 1.29977461256e-05, 5.9674489421e-06, 5.55413862457e-06, 4.04144429922e-06, 3.12761244459e-06, 2.72435340776e-06, 2.23552797252e-06, 1.76217031367e-06, 1.30862042624e-06, 1.1498573258e-06, 7.79817355578e-07, 5.89160663367e-07, 5.02610419062e-07, 3.04854495425e-07, 3.4038023955e-07, 3.42292509004e-07], "dmean2": [0.000294137542369, 0.000471660110634, 0.000285626912955, 0.000141703523695, 0.000103921353002, 8.33271915326e-05, 8.98187281564e-05, 7.62325362302e-05, 6.81462188368e-05, 5.60063999728e-05, 7.20515963621e-05, 4.71029416076e-05, 5.60187399969e-05, 5.19483692187e-05, 5.40186920261e-05, 5.61435736017e-05, 9.61830373853e-05, 3.61910788342e-05, 4.15688664361e-05, 5.27781703568e-05, 3.45017833752e-05, 4.37709095422e-05, 3.52043316525e-05, 2.39825039898e-05, 2.15815471165e-05, 9.66995321505e-06, 9.00609393284e-06, 6.64197796141e-06, 5.09607752974e-06, 4.37747303295e-06, 3.49425226887e-06, 2.74759645436e-06, 2.02329761123e-06, 1.71835233687e-06, 1.15668660783e-06, 8.98850942121e-07, 7.63574121265e-07, 4.52247491012e-07, 5.11341113452e-07, 4.86148451273e-07], "dvar": [1.98508075755e-07, 5.67422716813e-07, 2.21697348479e-07, 4.45692656115e-08, 3.3262825383e-08, 2.69232778294e-08, 2.57627306155e-08, 1.74984986501e-08, 1.4841739393e-08, 8.42185343686e-09, 7.15955073005e-09, 3.20072301996e-09, 7.19097492663e-09, 5.78273207097e-09, 6.94845381233e-09, 9.77903713562e-09, 2.55724472709e-08, 4.28464597135e-09, 9.66342650344e-09, 1.09593090158e-08, 4.74858685706e-09, 5.06714270543e-09, 2.9365720966e-09, 1.17504550534e-09, 9.56121626317e-10, 1.26604518536e-10, 1.3432757684e-10, 6.994217705e-11, 4.63179598842e-11, 3.47052421523e-11, 2.26934044473e-11, 1.76984087108e-11, 1.0795795681e-11, 9.33625052268e-12, 3.57982610569e-12, 2.12090241203e-12, 2.1161288867e-12, 6.2950024967e-13, 5.29337749848e-13, 5.11471453298e-13], "dvar2": [4.99769726048e-07, 1.53774692535e-06, 5.75305989514e-07, 1.09107475055e-07, 7.47050847849e-08, 6.09545693919e-08, 5.81071262218e-08, 3.77077284952e-08, 3.43468649078e-08, 1.8948687952e-08, 1.77205627949e-08, 8.41700309451e-09, 1.68719314075e-08, 1.38562743501e-08, 1.56991042388e-08, 2.39118200795e-08, 7.02885643022e-08, 1.06904023411e-08, 2.35458141873e-08, 3.01189970742e-08, 1.2584342457e-08, 1.42396725522e-08, 8.54120507654e-09, 3.15326698086e-09, 2.57529153558e-09, 3.17851606146e-10, 3.5019293021e-10, 1.86366297394e-10, 1.19866810921e-10, 8.83950482256e-11, 5.41634376239e-11, 4.12399905891e-11, 2.42308464959e-11, 2.01002825495e-11, 7.64337378112e-12, 4.6302055072e-12, 4.38927063098e-12, 1.25575179595e-12, 1.17909512449e-12, 9.88427438856e-13], "max": [0.00566219631582, 0.00918518193066, 0.00910971965641, 0.00775438593701, 0.0041566407308, 0.00752864032984, 0.00478251650929, 0.00436551868916, 0.00487116444856, 0.00304992194287, 0.00269096507691, 0.00136682693847, 0.00322769000195, 0.00237609166652, 0.00355011387728, 0.00388425961137, 0.00380671303719, 0.00289880321361, 0.00638227397576, 0.00513293780386, 0.00189792411402, 0.00174405495636, 0.00147767062299, 0.00117478717584, 0.000991166802123, 0.000325356639223, 0.000314614415402, 0.000274679565337, 0.000161215430126, 0.000193708954612, 0.000114364462206, 0.000120476426673, 9.50072644628e-05, 0.000146336387843, 5.98264377913e-05, 4.71037819807e-05, 4.98311565025e-05, 2.44875227509e-05, 2.60084689216e-05, 1.25836895677e-05], "mean": [0.00027674093144, 0.000370587396901, 0.000224528688705, 0.00013973104069, 0.000115752234706, 0.000107246945845, 0.000114388240036, 8.9427747298e-05, 8.01739588496e-05, 6.26870096312e-05, 7.97344328021e-05, 5.68756368011e-05, 6.06898029218e-05, 6.04624146945e-05, 6.34933021502e-05, 6.57587588648e-05, 0.000102431360574, 4.01053657697e-05, 4.83881121909e-05, 5.84859226365e-05, 4.19044372393e-05, 4.95458443766e-05, 4.17706942244e-05, 2.99660987366e-05, 2.56947514572e-05, 1.25949982248e-05, 1.16052242447e-05, 8.8531005531e-06, 6.86821567797e-06, 5.95221081312e-06, 4.93947754876e-06, 3.8870221033e-06, 2.84180282506e-06, 2.40878966906e-06, 1.67338146184e-06, 1.30649220864e-06, 1.06815889467e-06, 6.78865035297e-07, 7.83293444329e-07, 7.91520562871e-07], "median": [0.000130309446831, 0.000206215278013, 9.4466144219e-05, 4.98318331665e-05, 3.45711196132e-05, 3.70709603885e-05, 4.18802337663e-05, 3.30805014528e-05, 3.52003553417e-05, 2.84403613477e-05, 4.33921159129e-05, 3.3518721466e-05, 2.56553721556e-05, 2.53730177064e-05, 2.79543328361e-05, 2.57669198618e-05, 2.49192435149e-05, 1.54303052113e-05, 1.26782197185e-05, 1.13479291031e-05, 1.09552838694e-05, 1.31399601742e-05, 1.2414802768e-05, 1.18232255772e-05, 8.87927490112e-06, 5.74603200221e-06, 4.39992436441e-06, 2.99236899082e-06, 1.72324757841e-06, 1.79425910574e-06, 1.43219369875e-06, 8.43986981636e-07, 7.98034704985e-07, 7.73446572566e-07, 5.31368755219e-07, 4.05745993248e-07, 3.430865263e-07, 2.11531059335e-07, 2.81480907915e-07, 2.47138416398e-07], "min": [2.63212055388e-23, 1.90638887369e-23, 1.33508444653e-23, 6.49714795111e-24, 2.26794078706e-24, 7.45498798983e-24, 7.93359226761e-24, 2.75425618019e-24, 7.2708930981e-24, 1.64027122271e-23, 1.5174334313e-23, 1.50593562584e-23, 6.29614303702e-24, 1.48525437503e-23, 2.56324053285e-23, 2.66149457855e-23, 1.4199116063e-23, 1.60974940542e-23, 1.19485637425e-23, 7.71042825069e-24, 3.94955715644e-24, 8.96472734518e-24, 1.29901906701e-23, 9.17259377143e-24, 8.80395907042e-24, 1.01632855281e-23, 1.56410118028e-23, 1.90046011067e-23, 1.52067533408e-23, 8.62387711411e-24, 9.91706784009e-24, 1.14165030943e-23, 1.05259919394e-23, 9.93012664352e-24, 1.06679750694e-23, 1.61794598577e-23, 1.2609527418e-23, 1.34549157291e-23, 1.00642669184e-23, 8.75387823585e-24], "var": [2.12862616422e-07, 4.59522595975e-07, 2.11896207247e-07, 7.65865593166e-08, 8.67761045242e-08, 6.85356837948e-08, 7.78824471581e-08, 5.689257776e-08, 3.07983256675e-08, 1.78483556823e-08, 1.55416426395e-08, 6.48768505584e-09, 1.54582266987e-08, 1.24237073962e-08, 1.70278422473e-08, 2.75491949253e-08, 5.92434759028e-08, 1.01271648845e-08, 2.2364829988e-08, 2.55377123892e-08, 1.32517223861e-08, 1.26536408018e-08, 6.69090605143e-09, 2.70887845488e-09, 2.4414772426e-09, 3.76529085688e-10, 3.7765846006e-10, 2.14112269581e-10, 1.56068394319e-10, 1.13290550552e-10, 7.36707292393e-11, 5.76306918854e-11, 3.11333597791e-11, 2.47556610627e-11, 9.71154406892e-12, 6.49450328585e-12, 5.81479265779e-12, 1.91151998744e-12, 1.61366222034e-12, 1.74948608118e-12]}, "melbands_crest": {"dmean": 2.70080780983, "dmean2": 4.37426519394, "dvar": 6.9970998764, "dvar2": 18.0687236786, "max": 34.9723243713, "mean": 10.3699035645, "median": 9.67171764374, "min": 2.1773455143, "var": 17.6524276733}, "melbands_flatness_db": {"dmean": 0.0164033845067, "dmean2": 0.02553431876, "dvar": 0.000275226251688, "dvar2": 0.000667206244543, "max": 0.36257994175, "mean": 0.12921461463, "median": 0.124694928527, "min": 0.00860593281686, "var": 0.00212356331758}, "melbands_kurtosis": {"dmean": 1.71367609501, "dmean2": 2.7680182457, "dvar": 9.54113578796, "dvar2": 23.8900909424, "max": 63.0740089417, "mean": 2.15801429749, "median": 0.852204084396, "min": -1.82584607601, "var": 17.869348526}, "melbands_skewness": {"dmean": 0.443154782057, "dmean2": 0.687729239464, "dvar": 0.210434794426, "dvar2": 0.495755791664, "max": 7.07317399979, "mean": 1.08900702, "median": 1.03065490723, "min": -3.38760662079, "var": 0.974620819092}, "melbands_spread": {"dmean": 8.69457912445, "dmean2": 13.7720251083, "dvar": 85.5407867432, "dvar2": 193.173294067, "max": 205.043136597, "mean": 46.0007858276, "median": 42.5630912781, "min": 2.91653943062, "var": 447.568359375}, "mfcc": {"cov": [[17098.5253906, 1942.16320801, 15.169667244, 718.839233398, 433.091888428, 45.5029220581, -198.094009399, -104.751586914, 116.460800171, -215.817611694, -116.137199402, 110.014457703, 175.223373413], [1942.16320801, 1606.93041992, 61.5171546936, 176.487380981, 64.4486923218, -129.987976074, -142.732833862, -37.8721122742, -9.74394416809, -17.7570934296, 0.704855501652, 29.5419559479, 52.4954986572], [15.169667244, 61.5171546936, 635.546447754, 3.84634423256, -4.564037323, 3.98545432091, 5.94727134705, -11.2552537918, -19.9146404266, 39.911819458, 17.7741928101, -39.0243644714, -17.3445796967], [718.839233398, 176.487380981, 3.84634423256, 225.835098267, 75.8736877441, 15.9400558472, -34.9484634399, 9.7190618515, 34.8279151917, -34.3696861267, -29.5343513489, 20.0479106903, 31.6040611267], [433.091888428, 64.4486923218, -4.564037323, 75.8736877441, 222.554962158, 38.803894043, 18.5805683136, 6.1724448204, 41.1961212158, -43.692024231, -27.2047138214, 7.43940353394, 28.6309909821], [45.5029220581, -129.987976074, 3.98545432091, 15.9400558472, 38.803894043, 142.744125366, 59.8435058594, 20.7535305023, 26.0567264557, -9.77460002899, -9.45066165924, 8.5542755127, -1.81711888313], [-198.094009399, -142.732833862, 5.94727134705, -34.9484634399, 18.5805683136, 59.8435058594, 152.832824707, 46.1251564026, 16.5348205566, 1.82417297363, 11.3749284744, -8.73655319214, -15.6182632446], [-104.751586914, -37.8721122742, -11.2552537918, 9.7190618515, 6.1724448204, 20.7535305023, 46.1251564026, 95.2382354736, 27.3448848724, 15.3294353485, 8.01706695557, 3.59533834457, -2.24674081802], [116.460800171, -9.74394416809, -19.9146404266, 34.8279151917, 41.1961212158, 26.0567264557, 16.5348205566, 27.3448848724, 121.217803955, 12.4167881012, 4.36133003235, 22.8957500458, 17.909034729], [-215.817611694, -17.7570934296, 39.911819458, -34.3696861267, -43.692024231, -9.77460002899, 1.82417297363, 15.3294353485, 12.4167881012, 110.147369385, 49.4141387939, 2.7137773037, -13.3167657852], [-116.137199402, 0.704855501652, 17.7741928101, -29.5343513489, -27.2047138214, -9.45066165924, 11.3749284744, 8.01706695557, 4.36133003235, 49.4141387939, 82.2951965332, 18.691740036, -5.896296978], [110.014457703, 29.5419559479, -39.0243644714, 20.0479106903, 7.43940353394, 8.5542755127, -8.73655319214, 3.59533834457, 22.8957500458, 2.7137773037, 18.691740036, 76.6381759644, 32.6007499695], [175.223373413, 52.4954986572, -17.3445796967, 31.6040611267, 28.6309909821, -1.81711888313, -15.6182632446, -2.24674081802, 17.909034729, -13.3167657852, -5.896296978, 32.6007499695, 72.6382446289]], "icov": [[7.65532895457e-05, -7.60792681831e-05, 2.49804338637e-06, -0.000151791376993, -4.8009587772e-05, -6.77152711432e-05, -8.14637360236e-07, 8.64803150762e-05, -2.3704391424e-05, 5.70985939703e-05, -9.34212857828e-06, -1.52884640556e-05, -2.09013996937e-05], [-7.60792681831e-05, 0.00086396059487, -8.66648333613e-05, -0.000400936638471, -0.000162862692378, 0.000720796058886, 0.00034993790905, -4.61523159174e-05, 0.000161445248523, -3.45424014085e-05, -0.000226506366744, -0.000116452785733, -0.000143328288686], [2.49804338637e-06, -8.66648333613e-05, 0.00171620654874, -0.000236654523178, -6.76297204336e-05, -0.000260186905507, -0.000140977121191, 0.000350243673893, 0.000265243288595, -0.000714607595, -0.000352095550625, 0.00105537625495, -0.000128611354739], [-0.000151791376993, -0.000400936638471, -0.000236654523178, 0.00666652619839, -0.00117915426381, -0.000898586295079, 0.00183983356692, -0.00159867235925, -0.00104269606527, 0.000944316096138, 0.00125237635802, -0.000744821794797, -0.000646538799629], [-4.8009587772e-05, -0.000162862692378, -6.76297204336e-05, -0.00117915426381, 0.0060945386067, -0.000958994613029, -0.000939254940022, 0.000351355673047, -0.00155889987946, 0.00166240311228, 0.000326027278788, 0.000770246610045, -0.00151700305287], [-6.77152711432e-05, 0.000720796058886, -0.000260186905507, -0.000898586295079, -0.000958994613029, 0.00985567178577, -0.00340050645173, 5.74214682274e-05, -0.000822995731141, -7.85547163105e-05, 0.0015542586334, -0.00207996298559, 0.00111461232882], [-8.14637360236e-07, 0.00034993790905, -0.000140977121191, 0.00183983356692, -0.000939254940022, -0.00340050645173, 0.0103868339211, -0.00427477667108, -0.000395061273593, 0.00152295106091, -0.0021805181168, 0.00139178824611, 0.000876115111168], [8.64803150762e-05, -4.61523159174e-05, 0.000350243673893, -0.00159867235925, 0.000351355673047, 5.74214682274e-05, -0.00427477667108, 0.0137083353475, -0.00201535853557, -0.00199283566326, 0.000197462883079, -0.000132246903377, 0.000178674483323], [-2.3704391424e-05, 0.000161445248523, 0.000265243288595, -0.00104269606527, -0.00155889987946, -0.000822995731141, -0.000395061273593, -0.00201535853557, 0.0106221083552, -0.0023028140422, 0.000359695783118, -0.00199067266658, -0.00121434452012], [5.70985939703e-05, -3.45424014085e-05, -0.000714607595, 0.000944316096138, 0.00166240311228, -7.85547163105e-05, 0.00152295106091, -0.00199283566326, -0.0023028140422, 0.0144084319472, -0.00758650526404, 0.0010155212367, 0.00105199182872], [-9.34212857828e-06, -0.000226506366744, -0.000352095550625, 0.00125237635802, 0.000326027278788, 0.0015542586334, -0.0021805181168, 0.000197462883079, 0.000359695783118, -0.00758650526404, 0.0193186476827, -0.00622200034559, 0.00188604183495], [-1.52884640556e-05, -0.000116452785733, 0.00105537625495, -0.000744821794797, 0.000770246610045, -0.00207996298559, 0.00139178824611, -0.000132246903377, -0.00199067266658, 0.0010155212367, -0.00622200034559, 0.0196543391794, -0.00801250245422], [-2.09013996937e-05, -0.000143328288686, -0.000128611354739, -0.000646538799629, -0.00151700305287, 0.00111461232882, 0.000876115111168, 0.000178674483323, -0.00121434452012, 0.00105199182872, 0.00188604183495, -0.00801250245422, 0.0192326195538]], "mean": [-680.452941895, 88.1538391113, -25.2435188293, 14.8498878479, 1.12486815453, 4.4431219101, 3.96696591377, 7.14647674561, -0.472819834948, 1.88049483299, 5.30229187012, 0.898492872715, -2.18790602684]}, "pitch_salience": {"dmean": 0.0566812604666, "dmean2": 0.0925261601806, "dvar": 0.00256443023682, "dvar2": 0.0067319967784, "max": 0.840936720371, "mean": 0.581161141396, "median": 0.588915467262, "min": 0.177082717419, "var": 0.00805997848511}, "silence_rate_20dB": {"dmean": 0, "dmean2": 0, "dvar": 0, "dvar2": 0, "max": 1, "mean": 1, "median": 1, "min": 1, "var": 0}, "silence_rate_30dB": {"dmean": 0, "dmean2": 0, "dvar": 0, "dvar2": 0, "max": 1, "mean": 1, "median": 1, "min": 1, "var": 0}, "silence_rate_60dB": {"dmean": 0.0165120195597, "dmean2": 0.0330264493823, "dvar": 0.0162410382181, "dvar2": 0.037055503577, "max": 1, "mean": 0.254164218903, "median": 0, "min": 0, "var": 0.189556449652}, "spectral_centroid": {"dmean": 207.983337402, "dmean2": 325.057800293, "dvar": 43949.4492188, "dvar2": 95870.0859375, "max": 10413.7441406, "mean": 2113.41748047, "median": 2113.44311523, "min": 346.788085938, "var": 357804.46875}, "spectral_complexity": {"dmean": 2.91342139244, "dmean2": 4.53280735016, "dvar": 10.8204259872, "dvar2": 22.915687561, "max": 62, "mean": 20.3726615906, "median": 19, "min": 0, "var": 186.273574829}, "spectral_contrast_coeffs": {"dmean": [0.0418227873743, 0.0399194769561, 0.0347136557102, 0.0290910378098, 0.021401911974, 0.0155643997714], "dmean2": [0.0688404142857, 0.0648369863629, 0.055720705539, 0.0478953570127, 0.0349301807582, 0.0250685065985], "dvar": [0.00134630315006, 0.00107716105413, 0.000764556985814, 0.000541172688827, 0.00032396739698, 0.00016412709374], "dvar2": [0.00360556622036, 0.0028108432889, 0.00195839232765, 0.00141346396413, 0.000826444011182, 0.000407336163335], "max": [-0.380651116371, -0.44346421957, -0.509297549725, -0.492907732725, -0.571402192116, -0.575407981873], "mean": [-0.708983659744, -0.764797449112, -0.762417912483, -0.749800503254, -0.75455892086, -0.743407845497], "median": [-0.710215210915, -0.773619830608, -0.769677102566, -0.757846355438, -0.759797811508, -0.747211873531], "min": [-0.963945388794, -0.969307720661, -0.961018145084, -0.961632966995, -0.957341015339, -0.960822939873], "var": [0.00710750743747, 0.00629179598764, 0.00428451411426, 0.00349458050914, 0.00277366163209, 0.0018295024056]}, "spectral_contrast_valleys": {"dmean": [0.387665271759, 0.317412346601, 0.261775285006, 0.22108194232, 0.19084431231, 0.191738411784], "dmean2": [0.633538663387, 0.519340157509, 0.427920788527, 0.361546456814, 0.290188372135, 0.258031904697], "dvar": [0.122906953096, 0.0781933888793, 0.055957339704, 0.0437305308878, 0.0436185412109, 0.0492665693164], "dvar2": [0.296744167805, 0.188714668155, 0.124627366662, 0.0933960452676, 0.0787372514606, 0.0742573812604], "max": [-5.73519849777, -5.36394786835, -5.64570569992, -5.83805036545, -5.47010374069, -7.92789888382], "mean": [-8.36652469635, -7.60053634644, -7.86206531525, -8.0663318634, -7.93325376511, -10.5994539261], "median": [-7.84492778778, -7.06064224243, -7.30250406265, -7.50129127502, -7.41773414612, -10.0555019379], "min": [-26.8651847839, -26.8978023529, -27.3550701141, -27.1440544128, -27.2391548157, -27.1708755493], "var": [2.9376604557, 3.01225018501, 2.91903829575, 2.79347395897, 2.81877684593, 2.50708270073]}, "spectral_decrease": {"dmean": 7.29880655914e-10, "dmean2": 1.13259723822e-09, "dvar": 1.26323786805e-18, "dvar2": 3.03396944667e-18, "max": -1.29800443977e-28, "mean": -2.73896305636e-09, "median": -2.11494688429e-09, "min": -1.43369041083e-08, "var": 5.65494291633e-18}, "spectral_energy": {"dmean": 0.00306853302754, "dmean2": 0.00472262036055, "dvar": 2.12718787225e-05, "dvar2": 5.0633057981e-05, "max": 0.066242814064, "mean": 0.012170326896, "median": 0.0091909468174, "min": 1.11731865527e-20, "var": 0.000114919428597}, "spectral_energyband_high": {"dmean": 0.000277903018286, "dmean2": 0.000377803982701, "dvar": 2.89448138346e-07, "dvar2": 5.1571549875e-07, "max": 0.0132088791579, "mean": 0.000913634954486, "median": 0.000343177584, "min": 7.90695404412e-21, "var": 1.8020433572e-06}, "spectral_energyband_low": {"dmean": 0.00123154337052, "dmean2": 0.00202470668592, "dvar": 9.3494036264e-06, "dvar2": 2.37219283008e-05, "max": 0.0356426313519, "mean": 0.00193981884513, "median": 0.00121852569282, "min": 1.40262422444e-22, "var": 9.372389286e-06}, "spectral_energyband_middle_high": {"dmean": 0.00165229139384, "dmean2": 0.00263422750868, "dvar": 7.15405758456e-06, "dvar2": 1.90556947928e-05, "max": 0.0613944642246, "mean": 0.00639260327443, "median": 0.00340402894653, "min": 1.82422042129e-21, "var": 5.27367810719e-05}, "spectral_energyband_middle_low": {"dmean": 0.00130388769321, "dmean2": 0.00201479694806, "dvar": 5.09988512931e-06, "dvar2": 1.22228730106e-05, "max": 0.0371355563402, "mean": 0.00326851196587, "median": 0.00227041356266, "min": 2.68669666499e-22, "var": 1.24327507365e-05}, "spectral_entropy": {"dmean": 0.1052756235, "dmean2": 0.157640770078, "dvar": 0.0101181594655, "dvar2": 0.0220359750092, "max": 9.80244255066, "mean": 7.66351795197, "median": 7.77267026901, "min": 5.61299991608, "var": 0.209372222424}, "spectral_flux": {"dmean": 0.0109521895647, "dmean2": 0.0168786998838, "dvar": 0.000200082096853, "dvar2": 0.000411946501117, "max": 0.201129734516, "mean": 0.0530098006129, "median": 0.0486863255501, "min": 1.0570329334e-10, "var": 0.0013135044137}, "spectral_kurtosis": {"dmean": 1.12376773357, "dmean2": 1.86406111717, "dvar": 1.86549794674, "dvar2": 5.54121589661, "max": 33.5843658447, "mean": 4.71846342087, "median": 4.43566846848, "min": -1.19370293617, "var": 5.08276700974}, "spectral_rms": {"dmean": 0.000379360542865, "dmean2": 0.00056752783712, "dvar": 2.35277312299e-07, "dvar2": 5.17907778885e-07, "max": 0.00803910009563, "mean": 0.00301345949993, "median": 0.00299445772544, "min": 3.30161635878e-12, "var": 2.79260666503e-06}, "spectral_rolloff": {"dmean": 496.810638428, "dmean2": 821.068603516, "dvar": 510214.125, "dvar2": 1153173.625, "max": 18540.0878906, "mean": 2702.51367188, "median": 2627.05078125, "min": 150.732421875, "var": 1781296}, "spectral_skewness": {"dmean": 0.154770120978, "dmean2": 0.248502060771, "dvar": 0.0207749772817, "dvar2": 0.055838547647, "max": 3.3793926239, "mean": 1.53801620007, "median": 1.5534222126, "min": 0.0844843611121, "var": 0.0975248068571}, "spectral_spread": {"dmean": 375444.3125, "dmean2": 554681, "dvar": 233748480000, "dvar2": 391825162240, "max": 40750404, "mean": 4366271, "median": 4229017, "min": 11720