{"lowlevel": {"average_loudness": 0.202894106507, "barkbands": {"dmean": [1.98455181817e-05, 0.00093907630071, 0.000360994716175, 0.000268201460131, 0.000834364967886, 0.000526277930476, 0.000181367839104, 0.000267086783424, 0.000453597691376, 0.00120617169887, 0.000367910921341, 0.000364070001524, 0.000419266725658, 0.000363878090866, 0.000289909774438, 0.000156561494805, 4.93156985613e-05, 3.81235076929e-05, 4.96007305628e-05, 2.64310747298e-05, 1.99007863557e-05, 1.15012990136e-05, 1.33003468363e-05, 1.64496050274e-05, 1.8009559426e-05, 5.62485183764e-06, 1.23761617488e-06], "dmean2": [2.95980225928e-05, 0.00150233192835, 0.000594463956077, 0.000437509967014, 0.00130198756233, 0.000796588603407, 0.000251967954682, 0.000382254249416, 0.000648830726277, 0.00166905869264, 0.000524719129317, 0.000509009172674, 0.000622274237685, 0.000515702238772, 0.000405629951274, 0.000231228084886, 6.9885434641e-05, 5.85022826272e-05, 7.46440855437e-05, 4.14311180066e-05, 3.02989647025e-05, 1.72845102497e-05, 1.96096352738e-05, 2.33346909226e-05, 2.52113241004e-05, 8.06212938187e-06, 1.94006565835e-06], "dvar": [3.60693808155e-09, 1.84563377843e-05, 2.49628646998e-06, 3.53780222895e-07, 1.8690119532e-06, 1.27491273361e-06, 2.14230254869e-07, 7.48852926336e-07, 4.62862362838e-06, 3.17828125844e-05, 5.82122038395e-06, 5.43522855878e-06, 3.75965032617e-06, 4.01575334763e-06, 2.12981240111e-06, 1.09442919438e-06, 1.05092475167e-07, 3.98049664341e-08, 4.77435868618e-08, 8.53616644036e-09, 4.88620388595e-09, 2.49496490135e-09, 9.53797218983e-09, 1.40098084245e-08, 2.2655353149e-08, 2.21709584025e-09, 1.14461655432e-10], "dvar2": [8.21263324013e-09, 4.68696634925e-05, 6.86973135089e-06, 9.48090189468e-07, 4.64559798274e-06, 3.0610497106e-06, 4.42807873924e-07, 1.6513877199e-06, 8.89506645763e-06, 6.25328466413e-05, 1.08552321763e-05, 9.10370818019e-06, 7.61896990298e-06, 8.00743691798e-06, 3.82681400879e-06, 2.57440615314e-06, 1.5489473526e-07, 9.04133017343e-08, 1.08877046046e-07, 2.13869775223e-08, 1.09460644993e-08, 5.77160230719e-09, 1.92370013252e-08, 2.9884262176e-08, 3.83211826716e-08, 4.26422452904e-09, 2.73396943973e-10], "max": [0.00249118846841, 0.113625653088, 0.05762065202, 0.0134190684184, 0.0244944971055, 0.0344365499914, 0.0196721870452, 0.0292254462838, 0.0544955022633, 0.138740256429, 0.0850666537881, 0.091985091567, 0.0666456893086, 0.0591478198767, 0.052098736167, 0.0330246239901, 0.023616399616, 0.00743754254654, 0.00798676442355, 0.00235574925318, 0.00247539812699, 0.00234709167853, 0.00516394898295, 0.00467137992382, 0.0110275503248, 0.0025894488208, 0.000389698980143], "mean": [6.3738807512e-05, 0.00171720655635, 0.000662190432195, 0.000553088728338, 0.00208169268444, 0.00131182582118, 0.000453092390671, 0.000588822178543, 0.000737569353078, 0.00228608283214, 0.00077022460755, 0.000709710700903, 0.00117641175166, 0.000649357156362, 0.000652101531159, 0.000240123277763, 9.88889369182e-05, 6.71841844451e-05, 9.07955036382e-05, 5.01151480421e-05, 3.71152382286e-05, 2.25411858992e-05, 2.06601198443e-05, 2.57506580965e-05, 2.94386190944e-05, 8.25216193334e-06, 1.51964115958e-06], "median": [2.04293828574e-05, 0.000589664326981, 0.000283294473775, 0.000239532761043, 0.00130683812313, 0.000606677378528, 0.000212444050703, 0.000163179051015, 7.53267668188e-05, 0.000119688862469, 4.23628662247e-05, 3.38423851645e-05, 2.4443044822e-05, 2.5641049433e-05, 1.93806608877e-05, 7.19022500562e-06, 1.11372128231e-05, 5.6314847825e-06, 5.87670274399e-06, 4.73514774058e-06, 4.33542891187e-06, 2.73944488072e-06, 1.5497178083e-06, 1.58398040639e-06, 1.02711715044e-06, 2.24251834879e-07, 9.24115397538e-08], "min": [1.80095327497e-24, 2.32359886823e-24, 3.28380361612e-25, 1.05674948977e-24, 6.8875201088e-24, 1.32108287544e-23, 6.6918423724e-24, 6.80285009012e-24, 1.42037293216e-23, 1.60395285549e-23, 1.44941358421e-23, 2.2762395249e-23, 2.44627770416e-23, 2.84290103231e-23, 3.60705323626e-23, 4.83167049256e-23, 7.08754730868e-23, 1.10490294388e-22, 8.99656482468e-23, 2.11058498258e-22, 2.67609538416e-22, 3.18086740879e-22, 4.24079253308e-22, 6.00519139787e-22, 8.52219082928e-22, 1.30699787442e-21, 2.05608463999e-21], "var": [1.47289664909e-08, 2.02040973818e-05, 2.38220400206e-06, 7.94898483036e-07, 5.75162357563e-06, 5.39989969184e-06, 7.57168947985e-07, 2.2443018679e-06, 8.71627798915e-06, 8.0787744082e-05, 2.30024543271e-05, 1.43217130244e-05, 2.74788362731e-05, 9.41718917602e-06, 9.97173265205e-06, 1.97066628971e-06, 6.47049034797e-07, 7.44333021885e-08, 1.06431855329e-07, 1.95143954329e-08, 1.26075043738e-08, 5.4355724366e-09, 1.69612555112e-08, 2.43853612858e-08, 6.48064357733e-08, 4.80029838101e-09, 1.47458031896e-10]}, "barkbands_crest": {"dmean": 2.27577447891, "dmean2": 3.61098027229, "dvar": 5.23999977112, "dvar2": 13.2125139236, "max": 26.9279537201, "mean": 12.1486635208, "median": 11.2532978058, "min": 2.95533585548, "var": 22.5947647095}, "barkbands_flatness_db": {"dmean": 0.0195749085397, "dmean2": 0.0293333306909, "dvar": 0.000508764816914, "dvar2": 0.00115305057261, "max": 0.501515090466, "mean": 0.196514904499, "median": 0.194046139717, "min": 0.0289533529431, "var": 0.00340568134561}, "barkbands_kurtosis": {"dmean": 6.22813749313, "dmean2": 9.7667016983, "dvar": 1449.34204102, "dvar2": 2895.06445312, "max": 4005.33789062, "mean": 13.7131538391, "median": 4.62269210815, "min": -1.9436416626, "var": 7216.51611328}, "barkbands_skewness": {"dmean": 0.561413407326, "dmean2": 0.853750348091, "dvar": 0.796882867813, "dvar2": 1.88037633896, "max": 56.4152641296, "mean": 1.8355410099, "median": 1.57048821449, "min": -3.28815579414, "var": 6.16544532776}, "barkbands_spread": {"dmean": 3.27138376236, "dmean2": 4.96432495117, "dvar": 43.354019165, "dvar2": 89.0065078735, "max": 128.913482666, "mean": 11.9826965332, "median": 8.27528476715, "min": 0.0617667324841, "var": 173.102386475}, "dissonance": {"dmean": 0.0288849640638, "dmean2": 0.048242546618, "dvar": 0.000737467955332, "dvar2": 0.00201685307547, "max": 0.499947190285, "mean": 0.427334755659, "median": 0.432672947645, "min": 0.217322006822, "var": 0.00194346322678}, "dynamic_complexity": 6.09923315048, "erbbands": {"dmean": [0.022263141349, 0.230210617185, 0.429570615292, 0.600484907627, 1.55926585197, 3.16986775398, 5.03867769241, 3.89888548851, 2.94460344315, 4.16142702103, 5.19693994522, 8.30823326111, 31.3001194, 23.1001091003, 14.980099678, 15.181394577, 20.1305294037, 15.1962471008, 16.6841487885, 9.34622383118, 6.7142033577, 2.67999958992, 1.90951550007, 2.24783372879, 2.24401450157, 1.20000100136, 0.9863063097, 0.587153851986, 0.416418433189, 0.414386034012, 0.358072698116, 0.296824336052, 0.309492260218, 0.215230762959, 0.127469941974, 0.0321234315634, 0.0091419192031, 0.0019468087703, 0.000195585860638, 1.20477125165e-05], "dmean2": [0.0350893773139, 0.376386553049, 0.705895364285, 0.954483032227, 2.55650854111, 4.87789773941, 7.3974032402, 6.06611919403, 4.01306915283, 6.11085414886, 7.39725637436, 11.6458425522, 44.208782196, 31.2486629486, 21.0376110077, 20.8787689209, 27.70677948, 20.6527919769, 22.6063652039, 13.6981420517, 9.73593997955, 3.83990001678, 2.78019285202, 3.35077929497, 3.34454131126, 1.86071026325, 1.4685703516, 0.907992124557, 0.626290202141, 0.599725008011, 0.53303539753, 0.421180337667, 0.447750270367, 0.312197625637, 0.179437860847, 0.0444393716753, 0.0131382895634, 0.00290750735439, 0.000305710593238, 1.89338970813e-05], "dvar": [0.0101860761642, 1.17940211296, 4.10683298111, 1.95196557045, 9.71037960052, 28.5654296875, 117.796981812, 72.7927474976, 43.1475410461, 174.281509399, 411.105926514, 1642.30664062, 27395.4003906, 16664.8007812, 8869.0859375, 3646.47583008, 8303.9765625, 6526.15771484, 7814.06494141, 2296.51586914, 2136.98242188, 389.772155762, 92.1881103516, 154.203826904, 67.4383621216, 19.6211776733, 13.294005394, 4.57539892197, 3.12793469429, 5.81671142578, 7.52390289307, 4.36562538147, 5.86836147308, 2.95280385017, 1.50684034824, 0.0938546955585, 0.00398478470743, 0.00023515590874, 3.38524228027e-06, 5.50094547691e-09], "dvar2": [0.0231496635824, 3.1155295372, 11.3146276474, 5.08657121658, 26.7571926117, 69.9088439941, 268.048614502, 178.184555054, 83.8397827148, 366.594573975, 865.269348145, 3157.71508789, 55258.4414062, 33821.6601562, 17989.4609375, 6784.89501953, 14648.71875, 11626.4150391, 14100.9550781, 5314.93164062, 4854.79199219, 643.929321289, 203.051620483, 358.646514893, 143.247497559, 49.6741714478, 28.5391273499, 11.0632209778, 7.10072469711, 12.0151367188, 15.2251853943, 8.5047044754, 13.2430410385, 5.31940317154, 2.85438895226, 0.177010506392, 0.00673298723996, 0.000427686696639, 8.64831508807e-06, 1.49287320284e-08], "max": [2.94598460197, 29.9456348419, 74.6204605103, 26.2884140015, 77.5440750122, 99.9356842041, 415.772918701, 303.679840088, 370.045166016, 708.037414551, 807.334716797, 1548.87634277, 4977.22509766, 6123.96728516, 4368.93066406, 2464.40039062, 3589.93212891, 2986.21972656, 3430.00561523, 1472.48925781, 1968.37866211, 1539.55371094, 383.234222412, 502.50189209, 268.069274902, 139.436203003, 164.426376343, 60.9918251038, 79.9006576538, 92.6962509155, 151.227508545, 81.4432449341, 106.156204224, 110.570014954, 85.5741195679, 17.8346366882, 3.73652100563, 0.856752038002, 0.0643958449364, 0.00249394215643], "mean": [0.0477902516723, 0.386483103037, 0.769036710262, 1.36238622665, 3.5358710289, 7.47797012329, 11.4250869751, 9.63161468506, 8.25008296967, 9.35160255432, 11.5555562973, 16.7023029327, 66.8002548218, 45.6586494446, 37.7110824585, 37.3526306152, 55.5837211609, 32.9489173889, 42.5742111206, 18.0471477509, 11.6954689026, 5.64056825638, 3.96959900856, 4.12589502335, 4.42752504349, 2.43711733818, 1.94701385498, 1.11399328709, 0.846277177334, 0.690225660801, 0.567402482033, 0.470633715391, 0.472815275192, 0.356823921204, 0.192432910204, 0.0487222857773, 0.0133262053132, 0.00275580585003, 0.000248016498517, 2.72621091426e-05], "median": [0.0139427985996, 0.129952669144, 0.352130234241, 0.726200819016, 2.03257632256, 4.24232721329, 5.23487901688, 4.59321880341, 3.82077693939, 3.77670478821, 2.95723581314, 2.38211154938, 4.02621746063, 1.86503279209, 2.32875394821, 2.03491640091, 1.44551646709, 1.61040854454, 0.994002103806, 0.920662343502, 0.512084662914, 0.669327199459, 0.4613301754, 0.291943609715, 0.327109694481, 0.223111197352, 0.186913251877, 0.147527605295, 0.0994407981634, 0.0559081509709, 0.0470308363438, 0.0326054431498, 0.0242498349398, 0.0154668632895, 0.00457037426531, 0.000912769581191, 0.000442191609181, 0.000106242747279, 1.83861156984e-05, 1.02186932054e-05], "min": [4.24677336092e-23, 4.93872062134e-22, 1.59819968029e-21, 2.85680011775e-21, 9.34961842472e-21, 2.06231054735e-20, 3.09821984772e-20, 9.29659954019e-20, 1.08063295277e-19, 1.31676257999e-19, 2.15214494681e-19, 4.17565219313e-19, 3.60960939803e-19, 5.62572979223e-19, 8.24053714741e-19, 1.56163986191e-18, 1.43821127963e-18, 2.38901341434e-18, 2.96423233077e-18, 3.05369108683e-18, 3.33363216718e-18, 4.40309853064e-18, 6.06621546253e-18, 5.37317004452e-18, 6.71490497456e-18, 8.74840856933e-18, 9.07901611655e-18, 1.05023234627e-17, 1.15618839247e-17, 1.26486809628e-17, 1.24110807765e-17, 1.08738673513e-17, 1.04620505202e-17, 8.3642725103e-18, 6.56741784416e-18, 4.56574126422e-18, 2.42921790763e-18, 9.78714724099e-19, 2.65606169577e-19, 2.73742240533e-20], "var": [0.0139725999907, 1.16444611549, 3.58725070953, 3.86983919144, 21.8802242279, 89.9152984619, 373.358093262, 317.335662842, 246.840942383, 580.662353516, 1152.71569824, 3620.19311523, 88273.640625, 50297.8203125, 55442.3867188, 17616.375, 58717.2226562, 21692.1210938, 47058.3476562, 5986.3984375, 4481.2421875, 2028.11804199, 288.357116699, 345.776885986, 206.858551025, 47.5652961731, 34.5670776367, 10.7170190811, 7.58747196198, 11.6828145981, 13.5830345154, 8.03254795074, 9.68757724762, 8.07581996918, 3.53443384171, 0.201302081347, 0.00966747291386, 0.000508089899085, 3.71357646145e-06, 5.27003862771e-09]}, "erbbands_crest": {"dmean": 2.69222974777, "dmean2": 4.17108392715, "dvar": 7.141913414, "dvar2": 17.0157279968, "max": 32.9497718811, "mean": 12.362821579, "median": 10.7368297577, "min": 2.23530077934, "var": 35.852645874}, "erbbands_flatness_db": {"dmean": 0.0169299263507, "dmean2": 0.0240959245712, "dvar": 0.000331945688231, "dvar2": 0.000643062230665, "max": 0.399395316839, "mean": 0.203720107675, "median": 0.205508559942, "min": 0.0198475718498, "var": 0.00286547304131}, "erbbands_kurtosis": {"dmean": 1.70250022411, "dmean2": 2.62544131279, "dvar": 11.3485622406, "dvar2": 24.137588501, "max": 244.425735474, "mean": 3.09130191803, "median": 1.41259026527, "min": -1.86386561394, "var": 56.8432121277}, "erbbands_skewness": {"dmean": 0.409572333097, "dmean2": 0.607720255852, "dvar": 0.194510474801, "dvar2": 0.427469998598, "max": 12.3270511627, "mean": 0.844583928585, "median": 0.826851725578, "min": -4.76931381226, "var": 1.3513559103}, "erbbands_spread": {"dmean": 6.18386363983, "dmean2": 9.16239833832, "dvar": 98.4250411987, "dvar2": 209.809631348, "max": 171.192398071, "mean": 27.1943225861, "median": 20.5778980255, "min": 1.0380012989, "var": 522.59576416}, "gfcc": {"cov": [[19829.9082031, 555.205810547, -3008.80297852, -170.998458862, -938.023010254, 681.680175781, -221.373275757, 150.449569702, -426.819641113, -24.9723968506, -107.733558655, -374.392944336, 72.0832824707], [555.205810547, 1790.60070801, -285.971588135, -354.425140381, 184.091567993, -271.535980225, 138.46661377, -132.804855347, 101.781364441, -79.2647171021, 36.3499641418, -102.082176208, 18.7743797302], [-3008.80297852, -285.971588135, 1380.9909668, 158.602966309, 39.1909942627, -15.8374061584, -112.59651947, 83.6512145996, 11.0398674011, 106.857673645, 4.71045589447, 115.110435486, -13.5626878738], [-170.998458862, -354.425140381, 158.602966309, 707.071228027, 51.8945960999, 38.0414199829, 42.3284950256, 42.3533401489, 87.3219146729, -31.4064388275, 34.2836112976, 76.9800033569, -23.1772079468], [-938.023010254, 184.091567993, 39.1909942627, 51.8945960999, 398.814880371, 14.0770130157, 86.8190155029, 18.7697410583, 63.3532714844, 6.48491621017, 23.7163028717, 20.802110672, 9.37662982941], [681.680175781, -271.535980225, -15.8374061584, 38.0414199829, 14.0770130157, 353.06652832, 61.1404495239, 1.26183080673, -2.38931918144, 70.9978408813, 14.9596252441, -17.2068901062, 12.139787674], [-221.373275757, 138.46661377, -112.59651947, 42.3284950256, 86.8190155029, 61.1404495239, 239.439208984, -17.434387207, 48.717754364, 18.2970867157, 8.61726665497, -22.4701023102, 10.0378580093], [150.449569702, -132.804855347, 83.6512145996, 42.3533401489, 18.7697410583, 1.26183080673, -17.434387207, 198.464859009, -5.09007740021, 10.7544050217, 6.87344408035, -2.99125123024, 38.678768158], [-426.819641113, 101.781364441, 11.0398674011, 87.3219146729, 63.3532714844, -2.38931918144, 48.717754364, -5.09007740021, 164.436965942, -8.40405750275, 9.2475194931, 37.4475898743, -21.046169281], [-24.9723968506, -79.2647171021, 106.857673645, -31.4064388275, 6.48491621017, 70.9978408813, 18.2970867157, 10.7544050217, -8.40405750275, 148.974105835, 29.7057952881, -14.5665645599, 27.1660938263], [-107.733558655, 36.3499641418, 4.71045589447, 34.2836112976, 23.7163028717, 14.9596252441, 8.61726665497, 6.87344408035, 9.2475194931, 29.7057952881, 106.825531006, 22.7455501556, 12.2150382996], [-374.392944336, -102.082176208, 115.110435486, 76.9800033569, 20.802110672, -17.2068901062, -22.4701023102, -2.99125123024, 37.4475898743, -14.5665645599, 22.7455501556, 143.295822144, -7.03853845596], [72.0832824707, 18.7743797302, -13.5626878738, -23.1772079468, 9.37662982941, 12.139787674, 10.0378580093, 38.678768158, -21.046169281, 27.1660938263, 12.2150382996, -7.03853845596, 118.017501831]], "icov": [[0.000187775833183, -0.00032992233173, 0.000479307753267, -0.000291210249998, 0.000432985223597, -0.000612755713519, 0.000474222062621, -0.000525754934642, 0.00052815862, -0.000429383217124, 0.000469373946544, -0.000291268748697, 0.000223364026169], [-0.00032992233173, 0.00165177101735, -0.000871628930327, 0.00108167086728, -0.00114772852976, 0.00190002087038, -0.00132913165726, 0.00159399281256, -0.00176060025115, 0.00139978399966, -0.00166603748221, 0.00147910229862, -0.000838145206217], [0.000479307753267, -0.000871628930327, 0.00217394484207, -0.000962211983278, 0.000972800597083, -0.00144971709233, 0.00166188087314, -0.00169313047081, 0.0014624762116, -0.00213179597631, 0.00164016068447, -0.00150392553769, 0.000884220818989], [-0.000291210249998, 0.00108167086728, -0.000962211983278, 0.00246898899786, -0.000839425774757, 0.00109808123671, -0.00133809063118, 0.000766916142311, -0.0018706304254, 0.00169103802182, -0.0016825691564, 0.00042797459173, -0.000326875742758], [0.000432985223597, -0.00114772852976, 0.000972800597083, -0.000839425774757, 0.00405173469335, -0.00168703042436, 0.000268880277872, -0.00174193445127, 0.000728704500943, -0.00103766156826, 0.000912676623557, -0.00121970800683, 0.000466311525088], [-0.000612755713519, 0.00190002087038, -0.00144971709233, 0.00109808123671, -0.00168703042436, 0.0059519438073, -0.00259933620691, 0.0022280793637, -0.002075498458, 0.000225586612942, -0.00209653773345, 0.00177646521479, -0.000965405371971], [0.000474222062621, -0.00132913165726, 0.00166188087314, -0.00133809063118, 0.000268880277872, -0.00259933620691, 0.00690394965932, -0.00104553403798, 0.000295984820696, -0.00200687372126, 0.00164377060719, -0.000147465179907, 0.00018727229326], [-0.000525754934642, 0.00159399281256, -0.00169313047081, 0.000766916142311, -0.00174193445127, 0.0022280793637, -0.00104553403798, 0.00763455964625, -0.00204768753611, 0.00174929597415, -0.00200211885385, 0.00211339909583, -0.00291497609578], [0.00052815862, -0.00176060025115, 0.0014624762116, -0.0018706304254, 0.000728704500943, -0.002075498458, 0.000295984820696, -0.00204768753611, 0.00983056426048, -0.00182029977441, 0.0020079696551, -0.00335417781025, 0.00232394691557], [-0.000429383217124, 0.00139978399966, -0.00213179597631, 0.00169103802182, -0.00103766156826, 0.000225586612942, -0.00200687372126, 0.00174929597415, -0.00182029977441, 0.0107796257362, -0.00424920534715, 0.00270594726317, -0.00242144847289], [0.000469373946544, -0.00166603748221, 0.00164016068447, -0.0016825691564, 0.000912676623557, -0.00209653773345, 0.00164377060719, -0.00200211885385, 0.0020079696551, -0.00424920534715, 0.0126725407317, -0.00349535164423, 0.000312008167384], [-0.000291268748697, 0.00147910229862, -0.00150392553769, 0.00042797459173, -0.00121970800683, 0.00177646521479, -0.000147465179907, 0.00211339909583, -0.00335417781025, 0.00270594726317, -0.00349535164423, 0.0103104710579, -0.00115644151811], [0.000223364026169, -0.000838145206217, 0.000884220818989, -0.000326875742758, 0.000466311525088, -0.000965405371971, 0.00018727229326, -0.00291497609578, 0.00232394691557, -0.00242144847289, 0.000312008167384, -0.00115644151811, 0.0103798760101]], "mean": [-115.132949829, 127.980903625, -99.0016479492, 15.4117631912, -53.6799621582, 5.43777132034, -33.3031234741, -3.38702225685, -23.4601135254, -1.18979883194, -9.29473400116, -3.11077666283, -3.39187526703]}, "hfc": {"dmean": 3.02167534828, "dmean2": 4.21315908432, "dvar": 54.3532447815, "dvar2": 106.676483154, "max": 164.142333984, "mean": 12.083117485, "median": 2.89383029938, "min": 1.08644839798e-16, "var": 456.460418701}, "melbands": {"dmean": [0.000234022023506, 0.000251405435847, 0.000128248051624, 0.000152742752107, 0.00017828795535, 8.93880787771e-05, 4.28667299275e-05, 4.91370701639e-05, 4.59269322164e-05, 5.92647338635e-05, 0.000160224328283, 9.76973606157e-05, 4.66639030492e-05, 4.74317566841e-05, 5.07271215611e-05, 3.44171130564e-05, 3.18219572364e-05, 3.1544284866e-05, 1.60558374773e-05, 1.30118105517e-05, 7.01557291904e-06, 2.94736719297e-06, 2.86955082629e-06, 1.60065326327e-06, 2.00794988814e-06, 2.05566584555e-06, 1.17871923067e-06, 7.86655562024e-07, 7.17971374797e-07, 4.85485315949e-07, 3.38408540301e-07, 2.51549408858e-07, 2.37034385009e-07, 2.56418701383e-07, 2.23509232455e-07, 1.84462777497e-07, 1.90594505511e-07, 2.35252457514e-07, 1.97154136572e-07, 1.92013729361e-07], "dmean2": [0.000370954076061, 0.000404953287216, 0.000206585187698, 0.000242959373281, 0.00026331198751, 0.000137398092193, 5.84593217354e-05, 7.19563904568e-05, 6.49412177154e-05, 8.37048937683e-05, 0.000225063457037, 0.000134970396175, 6.4848070906e-05, 6.41896331217e-05, 7.17943621567e-05, 4.55804765807e-05, 4.42523269157e-05, 4.35887232015e-05, 2.21350965148e-05, 1.91103099496e-05, 1.03194633994e-05, 4.22803577749e-06, 4.20784272137e-06, 2.4332882731e-06, 3.05032881442e-06, 3.04297805087e-06, 1.81066116056e-06, 1.23566189814e-06, 1.07435278096e-06, 7.57576970045e-07, 5.29279134298e-07, 3.85262353575e-07, 3.52870955567e-07, 3.79507497428e-07, 3.45352475506e-07, 2.69195993496e-07, 2.78320271718e-07, 3.52765880507e-07, 2.88734980813e-07, 2.83168446913e-07], "dvar": [1.13822090952e-06, 1.38301152219e-06, 7.60751106554e-08, 6.63494077457e-08, 1.17165178892e-07, 3.60534251342e-08, 9.19181442072e-09, 2.42032793807e-08, 3.77114375283e-08, 7.5785919762e-08, 7.06955120222e-07, 3.18928726983e-07, 8.25525461323e-08, 7.17903034797e-08, 4.34302229735e-08, 2.42086741764e-08, 3.08632692736e-08, 3.06985974419e-08, 6.2789431432e-09, 7.13189196588e-09, 2.38637287708e-09, 6.03834315882e-10, 3.56799506607e-10, 6.84670306561e-11, 1.4214149302e-10, 7.58913487608e-11, 1.59034417579e-11, 9.39519382431e-12, 7.6190911219e-12, 3.86093977969e-12, 1.52423408097e-12, 1.11329608726e-12, 1.38577474149e-12, 2.71999111602e-12, 3.40976812757e-12, 1.75871285851e-12, 1.77953994856e-12, 3.94658177666e-12, 2.3974173341e-12, 2.48355849775e-12], "dvar2": [2.77554886452e-06, 3.69792019228e-06, 2.00518741167e-07, 1.74520010887e-07, 2.72813082347e-07, 8.77042651837e-08, 1.79903612008e-08, 5.31778958646e-08, 7.75131354658e-08, 1.48299236002e-07, 1.42570706885e-06, 6.50317417694e-07, 1.45192061041e-07, 1.16277490747e-07, 9.14551421261e-08, 3.77142761465e-08, 5.78330556777e-08, 5.83720805025e-08, 1.12361160376e-08, 1.66365730081e-08, 5.65193758462e-09, 1.05464093014e-09, 6.20710260968e-10, 1.54268695041e-10, 3.30689087225e-10, 1.61438404311e-10, 3.71939180843e-11, 2.36359907341e-11, 1.54148395437e-11, 9.29083979889e-12, 3.79338227496e-12, 2.52027240223e-12, 3.32304474736e-12, 5.43900601641e-12, 7.01881001236e-12, 3.56807964251e-12, 3.65231976607e-12, 9.49806032435e-12, 4.76935938659e-12, 4.65895117624e-12], "max": [0.0282125733793, 0.0398836061358, 0.00541253946722, 0.00527280429378, 0.0116247115657, 0.00668922811747, 0.00500076217577, 0.00705564254895, 0.00636883825064, 0.00877457484603, 0.0254069641232, 0.0253142528236, 0.0128335505724, 0.0117185413837, 0.00759437028319, 0.00514280237257, 0.00614281697199, 0.00707347644493, 0.00284034665674, 0.00315031269565, 0.00200090371072, 0.00196126522496, 0.00112004845869, 0.000391262758058, 0.000481314287754, 0.00037515826989, 0.000108396350697, 0.00010618858505, 0.00012499600416, 8.4785198851e-05, 2.58419368038e-05, 4.19760472141e-05, 5.92899959884e-05, 6.82535028318e-05, 0.000107430962089, 5.72733515583e-05, 4.89760168421e-05, 8.45996255521e-05, 0.000102265512396, 9.06128334464e-05], "mean": [0.000459650909761, 0.00045567585039, 0.000300556508591, 0.000380597397452, 0.00041543788393, 0.000225152238272, 0.00011710140825, 0.000108215215732, 9.59799581324e-05, 0.000113340276584, 0.000333031348418, 0.00018358817033, 0.000112272835395, 9.90628977888e-05, 0.000141593875014, 7.28097875253e-05, 6.07557158219e-05, 7.26612561266e-05, 2.92571494356e-05, 2.09423087654e-05, 1.09902539407e-05, 5.09334950038e-06, 5.57771772947e-06, 2.76863625004e-06, 3.28888017975e-06, 3.70405177819e-06, 2.16706257561e-06, 1.46487309394e-06, 1.35016296099e-06, 8.42641043164e-07, 5.8564921801e-07, 4.9083871545e-07, 4.05878893162e-07, 3.84620364002e-07, 3.36910659371e-07, 2.87558975742e-07, 2.86120126702e-07, 3.33563605182e-07, 3.11085102567e-07, 3.04236522197e-07], "median": [0.000148832114064, 0.000210884289118, 0.000179140915861, 0.000241425150307, 0.000213292019907, 0.000107499959995, 5.335714377e-05, 3.97289586545e-05, 2.10103062273e-05, 1.28134588522e-05, 1.79303206096e-05, 5.94831772105e-06, 6.37143511995e-06, 5.34955233888e-06, 4.26038150181e-06, 2.09752670344e-06, 2.81153370452e-06, 1.49890502144e-06, 1.17209367545e-06, 9.04558874026e-07, 4.89046669827e-07, 5.31190096353e-07, 5.45826424059e-07, 2.52623920005e-07, 1.91539925254e-07, 2.29034654353e-07, 1.84393954328e-07, 1.25452970678e-07, 1.1309449377e-07, 8.44308658543e-08, 7.48555777363e-08, 5.40171676278e-08, 3.92832717466e-08, 2.34889725448e-08, 2.53423362295e-08, 2.20842863996e-08, 1.79685457624e-08, 1.58642237125e-08, 1.36126470096e-08, 1.15212230867e-08], "min": [8.56351111106e-25, 1.60939063148e-24, 5.12501285751e-25, 1.06521978513e-24, 1.0486663279e-24, 2.23662458685e-24, 1.356141629e-24, 1.00050607381e-24, 2.25165495089e-24, 2.31315809693e-24, 1.88808887841e-24, 2.15773672139e-24, 2.3883714483e-24, 3.0434636321e-24, 2.75028781541e-24, 2.93441583929e-24, 3.04457375661e-24, 3.3371265704e-24, 2.5806091595e-24, 3.24768946527e-24, 3.61191088394e-24, 3.51560043375e-24, 4.35286387196e-24, 5.01005560906e-24, 3.34641106882e-24, 2.68749685393e-24, 5.86249751995e-24, 5.74729503436e-24, 5.69183969045e-24, 4.16471778505e-24, 5.77838246492e-24, 6.48355903316e-24, 5.62653936244e-24, 6.28532144312e-24, 5.69066704871e-24, 5.18096863506e-24, 5.43802408862e-24, 6.88129047423e-24, 6.68863407509e-24, 7.05431606974e-24], "var": [1.36232040404e-06, 1.31012166094e-06, 1.53392107904e-07, 1.97939769464e-07, 3.67195156059e-07, 1.6574180961e-07, 4.9857781903e-08, 7.89919241129e-08, 9.45122735629e-08, 1.74605176539e-07, 2.20580227506e-06, 9.16174712984e-07, 4.95097879138e-07, 2.77066192211e-07, 3.23436637473e-07, 1.02990966866e-07, 9.39739592809e-08, 1.54297140398e-07, 1.79952195367e-08, 1.25141044194e-08, 4.60220128673e-09, 2.18767604032e-09, 1.52973245182e-09, 1.4579394636e-10, 2.77989214981e-10, 1.84254306257e-10, 4.00806055012e-11, 2.14019045541e-11, 1.90953260149e-11, 1.0677732136e-11, 3.02953408887e-12, 2.88156564582e-12, 2.36294772811e-12, 5.11733190545e-12, 5.64945919906e-12, 3.06118780498e-12, 3.08163368955e-12, 5.10337648876e-12, 5.73608391688e-12, 6.35430336821e-12]}, "melbands_crest": {"dmean": 2.52959227562, "dmean2": 3.98798036575, "dvar": 6.45298957825, "dvar2": 15.679476738, "max": 35.4304237366, "mean": 14.5659351349, "median": 13.371011734, "min": 1.61035215855, "var": 33.5314369202}, "melbands_flatness_db": {"dmean": 0.0225460026413, "dmean2": 0.0333633609116, "dvar": 0.000752223422751, "dvar2": 0.00163104163948, "max": 0.602093577385, "mean": 0.28180912137, "median": 0.280200362206, "min": 0.00284652900882, "var": 0.00633737863973}, "melbands_kurtosis": {"dmean": 9.54137039185, "dmean2": 14.9750938416, "dvar": 868.964172363, "dvar2": 2314.79541016, "max": 711.223876953, "mean": 22.5044612885, "median": 7.95631933212, "min": -1.87875401974, "var": 3430.06933594}, "melbands_skewness": {"dmean": 0.633086383343, "dmean2": 0.96423715353, "dvar": 0.892664015293, "dvar2": 2.22893309593, "max": 20.8078193665, "mean": 2.44953918457, "median": 2.0021982193, "min": -2.27780508995, "var": 6.94953155518}, "melbands_spread": {"dmean": 3.93604373932, "dmean2": 5.93535757065, "dvar": 77.8422012329, "dvar2": 151.921508789, "max": 268.298248291, "mean": 14.9938631058, "median": 9.31650161743, "min": 0.162250712514, "var": 363.769195557}, "mfcc": {"cov": [[11670.6386719, 161.279769897, -1602.4230957, -541.537597656, -561.703125, 63.6329154968, 229.023162842, -12.205619812, 6.40971374512, 255.079391479, -149.942993164, -139.801300049, -68.5297546387], [161.279769897, 2117.85327148, -249.608459473, -161.945648193, -46.4887390137, -90.6865463257, -16.4157848358, -123.15436554, 28.7123241425, -37.0633468628, 11.9984779358, -7.30614995956, -5.81266212463], [-1602.4230957, -249.608459473, 997.682250977, 128.86932373, 125.967941284, 18.0676898956, -32.3780326843, -16.855758667, -8.46488189697, -40.7476577759, 51.2060775757, 55.3406562805, 7.9945397377], [-541.537597656, -161.945648193, 128.86932373, 503.906494141, 116.975486755, 0.0721409991384, -19.9173316956, 105.370056152, 16.0063209534, -35.7396240234, 25.5994148254, 57.4205970764, 16.196023941], [-561.703125, -46.4887390137, 125.967941284, 116.975486755, 294.645751953, 3.44881224632, 11.7816028595, 55.5857276917, 16.9223499298, -16.2084693909, 30.0933895111, 16.7257823944, 20.963508606], [63.6329154968, -90.6865463257, 18.0676898956, 0.0721409991384, 3.44881224632, 327.070037842, 38.4144668579, 42.7166900635, 3.56183767319, 55.9207115173, 18.5928173065, 2.0181221962, 46.7867622375], [229.023162842, -16.4157848358, -32.3780326843, -19.9173316956, 11.7816028595, 38.4144668579, 222.790420532, -32.3117332458, 37.3678398132, 66.1947860718, 4.20554065704, -8.13833141327, -2.67450046539], [-12.205619812, -123.15436554, -16.855758667, 105.370056152, 55.5857276917, 42.7166900635, -32.3117332458, 194.664489746, 10.6175079346, -9.55713748932, 10.047369957, 6.29495334625, 20.6115875244], [6.40971374512, 28.7123241425, -8.46488189697, 16.0063209534, 16.9223499298, 3.56183767319, 37.3678398132, 10.6175079346, 127.120903015, 45.7399215698, -5.60979986191, -10.3245353699, 14.2870922089], [255.079391479, -37.0633468628, -40.7476577759, -35.7396240234, -16.2084693909, 55.9207115173, 66.1947860718, -9.55713748932, 45.7399215698, 167.030685425, 3.88718438148, -26.1433467865, 9.81481361389], [-149.942993164, 11.9984779358, 51.2060775757, 25.5994148254, 30.0933895111, 18.5928173065, 4.20554065704, 10.047369957, -5.60979986191, 3.88718438148, 114.20275116, 32.7579536438, -9.45077705383], [-139.801300049, -7.30614995956, 55.3406562805, 57.4205970764, 16.7257823944, 2.0181221962, -8.13833141327, 6.29495334625, -10.3245353699, -26.1433467865, 32.7579536438, 106.040275574, 29.1916675568], [-68.5297546387, -5.81266212463, 7.9945397377, 16.196023941, 20.963508606, 46.7867622375, -2.67450046539, 20.6115875244, 14.2870922089, 9.81481361389, -9.45077705383, 29.1916675568, 103.122772217]], "icov": [[0.000122540077427, 9.58699365583e-06, 0.00016346409393, 6.33943054709e-05, 0.000140304982779, -7.03198293195e-06, -8.98092403077e-05, -7.70716360421e-05, 3.92119218304e-05, -0.000108295636892, 7.15005589882e-05, -4.64328113594e-05, 7.16599024599e-05], [9.58699365583e-06, 0.000529854034539, 0.000160930954735, 0.000113218666229, -2.69024785666e-05, 7.57529196562e-05, 8.3828032075e-05, 0.000337413424859, -0.000246104871621, 0.000203955103643, -0.000208445504541, 1.00470570032e-05, -9.54494971666e-05], [0.00016346409393, 0.000160930954735, 0.00139918888453, -9.72563793766e-05, -0.000265326438239, -0.000146853170008, 0.000124160040286, 0.00042874776409, -5.06774413225e-05, 5.63797984796e-05, -0.000239099434111, -0.000380726967705, 0.000150110339746], [6.33943054709e-05, 0.000113218666229, -9.72563793766e-05, 0.0026514576748, -0.000576501595788, 0.000110395929369, -3.82938305847e-05, -0.00120453420095, -0.000396175077185, 0.000213773542782, 0.000124359503388, -0.00125633284915, 0.000348071596818], [0.000140304982779, -2.69024785666e-05, -0.000265326438239, -0.000576501595788, 0.00436879415065, 0.000250054668868, -0.000692152592819, -0.000983361736871, -0.000288161158096, 0.000380379817216, -0.000890435650945, 0.000518530840054, -0.000844804570079], [-7.03198293195e-06, 7.57529196562e-05, -0.000146853170008, 0.000110395929369, 0.000250054668868, 0.00372874177992, -0.000578980718274, -0.000882115738932, 0.000631590781268, -0.00101100991014, -0.00075938529335, 0.00044570711907, -0.00177466543391], [-8.98092403077e-05, 8.3828032075e-05, 0.000124160040286, -3.82938305847e-05, -0.000692152592819, -0.000578980718274, 0.00559163978323, 0.00126234791242, -0.0011662124889, -0.00161148968618, -6.21418657829e-05, -0.000351882656105, 0.000646391708869], [-7.70716360421e-05, 0.000337413424859, 0.00042874776409, -0.00120453420095, -0.000983361736871, -0.000882115738932, 0.00126234791242, 0.00688045704737, -0.000745084718801, 0.000505331321619, -0.000623781292234, 0.000678971293382, -0.0008128611953], [3.92119218304e-05, -0.000246104871621, -5.06774413225e-05, -0.000396175077185, -0.000288161158096, 0.000631590781268, -0.0011662124889, -0.000745084718801, 0.00950348097831, -0.00244511431083, 0.000486017554067, 0.00079263583757, -0.00129473349079], [-0.000108295636892, 0.000203955103643, 5.63797984796e-05, 0.000213773542782, 0.000380379817216, -0.00101100991014, -0.00161148968618, 0.000505331321619, -0.00244511431083, 0.00837126933038, -0.00122175936121, 0.00200983020477, -0.000998737057671], [7.15005589882e-05, -0.000208445504541, -0.000239099434111, 0.000124359503388, -0.000890435650945, -0.00075938529335, -6.21418657829e-05, -0.000623781292234, 0.000486017554067, -0.00122175936121, 0.0108378073201, -0.00406956393272, 0.00287757045589], [-4.64328113594e-05, 1.00470570032e-05, -0.000380726967705, -0.00125633284915, 0.000518530840054, 0.00044570711907, -0.000351882656105, 0.000678971293382, 0.00079263583757, 0.00200983020477, -0.00406956393272, 0.013206269592, -0.00466837361455], [7.16599024599e-05, -9.54494971666e-05, 0.000150110339746, 0.000348071596818, -0.000844804570079, -0.00177466543391, 0.000646391708869, -0.0008128611953, -0.00129473349079, -0.000998737057671, 0.00287757045589, -0.00466837361455, 0.0126889133826]], "mean": [-759.422302246, 160.088165283, 12.5592803955, 16.573425293, 2.35009527206, 4.33135843277, 1.52560269833, -4.99000167847, -4.12445783615, -1.70754241943, -4.91097068787, -2.83183407784, -3.38120007515]}, "pitch_salience": {"dmean": 0.0609426908195, "dmean2": 0.096619002521, "dvar": 0.00372123275883, "dvar2": 0.00951784010977, "max": 0.872947633266, "mean": 0.531958281994, "median": 0.544161319733, "min": 0.0185736101121, "var": 0.017122188583}, "silence_rate_20dB": {"dmean": 0, "dmean2": 0, "dvar": 0, "dvar2": 0, "max": 1, "mean": 1, "median": 1, "min": 1, "var": 0}, "silence_rate_30dB": {"dmean": 0.00408538430929, "dmean2": 0.00817160401493, "dvar": 0.00406854320318, "dvar2": 0.0105567732826, "max": 1, "mean": 0.996527791023, "median": 1, "min": 0, "var": 0.00346009992063}, "silence_rate_60dB": {"dmean": 0.0388111546636, "dmean2": 0.0776302367449, "dvar": 0.0373020395637, "dvar2": 0.0848853588104, "max": 1, "mean": 0.212111935019, "median": 0, "min": 0, "var": 0.16712719202}, "spectral_centroid": {"dmean": 134.116409302, "dmean2": 200.528686523, "dvar": 76953.28125, "dvar2": 156079.421875, "max": 11891.4863281, "mean": 858.512939453, "median": 597.659545898, "min": 171.605148315, "var": 1030146.625}, "spectral_complexity": {"dmean": 1.50219583511, "dmean2": 2.43043923378, "dvar": 4.01682567596, "dvar2": 9.71061897278, "max": 39, "mean": 9.28308868408, "median": 8, "min": 0, "var": 32.360534668}, "spectral_contrast_coeffs": {"dmean": [0.0393540970981, 0.0367472060025, 0.0346009470522, 0.028254520148, 0.0208904892206, 0.0166962072253], "dmean2": [0.0642203465104, 0.058518294245, 0.0533363968134, 0.0445791259408, 0.0324807092547, 0.0251326505095], "dvar": [0.00121770391706, 0.000973898160737, 0.000973046058789, 0.000638941244688, 0.000404779886594, 0.00030385190621], "dvar2": [0.00318592088297, 0.00243561482057, 0.00211203331128, 0.00146125617903, 0.000878677237779, 0.000620746635832], "max": [-0.280321836472, -0.429773032665, -0.324296802282, -0.376773655415, -0.522334337234, -0.609803676605], "mean": [-0.637014269829, -0.700867593288, -0.728691279888, -0.75083142519, -0.786347568035, -0.789323985577], "median": [-0.64340031147, -0.702717542648, -0.735374569893, -0.759747922421, -0.79197794199, -0.794183373451], "min": [-0.979087591171, -0.987104296684, -0.976935088634, -0.969098508358, -0.966379821301, -0.965127408504], "var": [0.0107140326872, 0.00578369991854, 0.0090295933187, 0.00726382806897, 0.00426418427378, 0.00283170072362]}, "spectral_contrast_valleys": {"dmean": [0.321553736925, 0.300402551889, 0.298700422049, 0.284747898579, 0.287528276443, 0.285579562187], "dmean2": [0.517104446888, 0.482527852058, 0.472334563732, 0.443365007639, 0.411728978157, 0.395253628492], "dvar": [0.120107889175, 0.106445610523, 0.108741760254, 0.122961334884, 0.151682332158, 0.159362137318], "dvar2": [0.264131873846, 0.234829321504, 0.230150267482, 0.25321033597, 0.288491308689, 0.287442475557], "max": [-5.32681941986, -5.31954669952, -5.68062639236, -5.67421102524, -5.67850017548, -7.59756088257], "mean": [-7.98358440399, -7.71944570541, -8.550116539, -9.27091026306, -9.45474815369, -11.8252220154], "median": [-7.56809329987, -7.32564544678, -8.28614616394, -9.11556816101, -9.27330970764, -11.6875371933], "min": [-28.3581562042, -27.9386882782, -27.6111965179, -27.6348934174, -27.6951408386, -27.3569774628], "var": [3.96229505539, 4.03945302963, 3.83119463921, 3.65445756912, 3.65739011765, 3.25449919701]}, "spectral_decrease": {"dmean": 9.38121025307e-10, "dmean2": 1.35812827651e-09, "dvar": 4.33305825304e-18, "dvar2": 9.00111472801e-18, "max": 1.65301965274e-28, "mean": -3.71190078674e-09, "median": -1.93263915982e-09, "min": -4.52259527606e-08, "var": 2.24427252357e-17}, "spectral_energy": {"dmean": 0.00376519397832, "dmean2": 0.00543860159814, "dvar": 6.86707135173e-05, "dvar2": 0.00014101054694, "max": 0.172523930669, "mean": 0.0151055203751, "median": 0.00763168931007, "min": 1.01055266031e-20, "var": 0.000384269980714}, "spectral_energyband_high": {"dmean": 8.24965609354e-05, "dmean2": 0.000113988411613, "dvar": 1.33514063805e-07, "dvar2": 2.56776274909e-07, "max": 0.0157646704465, "mean": 0.000169056700543, "median": 1.87666755664e-05, "min": 7.21703775343e-21, "var": 3.47960849467e-07}, "spectral_energyband_low": {"dmean": 0.00122119858861, "dmean2": 0.00191879528575, "dvar": 2.74755675491e-05, "dvar2": 6.74786424497e-05, "max": 0.168440341949, "mean": 0.00265603605658, "median": 0.00128095049877, "min": 2.48906630852e-23, "var": 3.29221729771e-05}, "spectral_energyband_middle_high": {"dmean": 0.00176121364348, "dmean2": 0.00245327525772, "dvar": 3.20638246194e-05, "dvar2": 6.42791346763e-05, "max": 0.150426015258, "mean": 0.00607990659773, "median": 0.000458215828985, "min": 1.23165527135e-21, "var": 0.000212435217691}, "spectral_energyband_middle_low": {"dmean": 0.00206743250601, "dmean2": 0.00305122090504, "dvar": 2.09836962313e-05, "dvar2": 4.34821704403e-05, "max": 0.124352321029, "mean": 0.00695142382756, "median": 0.00437332503498, "min": 1.38299269506e-22, "var": 8.98794896784e-05}, "spectral_entropy": {"dmean": 0.185882732272, "dmean2": 0.270036756992, "dvar": 0.0474979504943, "dvar2": 0.0949218124151, "max": 9.81939506531, "mean": 6.80173206329, "median": 6.75695228577, "min": 3.70173573494, "var": 0.423911511898}, "spectral_flux": {"dmean": 0.0159347318113, "dmean2": 0.0252393055707, "dvar": 0.00063471600879, "dvar2": 0.00153671205044, "max": 0.384809702635, "mean": 0.0459734648466, "median": 0.0315144732594, "min": 6.35204527866e-11, "var": 0.00206990842707}, "spectral_kurtosis": {"dmean": 3.47694897652, "dmean2": 5.6585688591, "dvar": 20.3387756348, "dvar2": 47.1247596741, "max": 128.307281494, "mean": 10.8658971786, "median": 8.12950134277, "min": -1.63608705997, "var": 95.9904098511}, "spectral_rms": {"dmean": 0.000422563694883, "dmean2": 0.000599067891017, "dvar": 4.11920382248e-07, "dvar2": 7.40617338124e-07, "max": 0.0129736671224, "mean": 0.00323874410242, "median": 0.00272865360603, "min": 3.13991237524e-12, "var": 4.24758081863e-06}, "spectral_rolloff": {"dmean": 234.423446655, "dmean2": 397.275848389, "dvar": 709309.0625, "dvar2": 1406143.5, "max": 19552.1484375, "mean": 1060.00097656, "median": 559.86328125, "min": 21.533203125, "var": 4013468}, "spectral_skewness": {"dmean": 0.340849369764, "dmean2": 0.531461596489, "dvar": 0.145384967327, "dvar2": 0.310417741537, "max": 9.74630069733, "mean": 2.40566420555, "median": 2.26505589485, "min": -0.256794244051, "var": 1.04525053501}, "spectral_spread": {"dmean": 510249.96875, "dmean2": 727594.9375, "dvar": 899015180288, "dvar2": 