{"lowlevel": {"average_loudness": 0.874007821083, "barkbands": {"dmean": [9.27740529733e-06, 0.000278695661109, 0.000330922397552, 0.000294476078125, 0.00123610440642, 0.00049215555191, 0.000586724840105, 0.000737823836971, 0.00074727385072, 0.000551573408302, 0.000410432519857, 0.000307142589008, 0.000284044828732, 0.000242745998548, 0.000195356959011, 0.000343558262102, 0.000165127668879, 0.000233666782151, 0.000324550550431, 0.000246235693339, 0.000169512481079, 0.000231483281823, 0.000106529216282, 5.38170716027e-05, 1.83926131285e-05, 1.97690383175e-06, 5.88242130561e-08], "dmean2": [1.56002661242e-05, 0.000470711616799, 0.000554728205316, 0.000493120460305, 0.00186076480895, 0.000775609107222, 0.000860188796651, 0.00109216861892, 0.00103832373861, 0.00080815324327, 0.000596096215304, 0.000472406623885, 0.000440774223534, 0.000372180424165, 0.000306556990836, 0.000540821580216, 0.000261296605458, 0.000350291404175, 0.000477204564959, 0.00036284403177, 0.000245006434852, 0.000324723485392, 0.000149375598994, 7.5401745562e-05, 2.49693912338e-05, 2.77343065136e-06, 8.26462169812e-08], "dvar": [2.38246089523e-10, 2.97224175938e-07, 6.64992398924e-07, 2.71474561941e-07, 5.4937695495e-06, 7.72780197167e-07, 2.60687011178e-06, 3.83436054108e-06, 4.78207448396e-06, 1.67860389411e-06, 9.81637640507e-07, 7.43600025999e-07, 3.65160815363e-07, 4.57656767594e-07, 2.6001444553e-07, 6.95920050475e-07, 9.31236456836e-08, 2.70527721113e-07, 3.98347197006e-07, 2.43690578827e-07, 8.78000676607e-08, 2.30353450092e-07, 6.97269726402e-08, 2.54999843463e-08, 2.44158782081e-09, 2.4872041926e-11, 2.56211762554e-14], "dvar2": [5.83212589333e-10, 8.33628575947e-07, 1.72882425886e-06, 7.44446879253e-07, 1.16032597361e-05, 1.85809426512e-06, 5.15837882631e-06, 7.69935923017e-06, 8.45958311402e-06, 3.2702378121e-06, 2.02663386517e-06, 1.77786080258e-06, 8.14819145489e-07, 1.02106162103e-06, 5.9098181282e-07, 1.48259096022e-06, 2.20059419576e-07, 5.71060922994e-07, 9.08078675366e-07, 5.40130145055e-07, 1.84800398983e-07, 4.83984422317e-07, 1.43465484825e-07, 4.40044196637e-08, 4.67321426001e-09, 5.42444665574e-11, 5.31541736353e-14], "max": [0.000600163824856, 0.00640347087756, 0.0122773526236, 0.00584629736841, 0.041381072253, 0.0217079911381, 0.0357532724738, 0.0455812178552, 0.0399433560669, 0.0357012078166, 0.0265905857086, 0.0246085915715, 0.0148060247302, 0.0174599755555, 0.019715776667, 0.0198219399899, 0.00556752644479, 0.0104992426932, 0.0142865916714, 0.0171529781073, 0.00824007112533, 0.0159841459244, 0.00908866338432, 0.0072918208316, 0.0015122104669, 7.915594324e-05, 3.55356155524e-06], "mean": [1.14787071652e-05, 0.000539111963008, 0.00039694676525, 0.000413481466239, 0.00218692515045, 0.000868200324476, 0.00106866960414, 0.00128672050778, 0.00136156543158, 0.000967132393271, 0.000661968602799, 0.000468770042062, 0.000448859558674, 0.000369861139916, 0.00030192246777, 0.000577318132855, 0.000288317620289, 0.000386038533179, 0.000611105642747, 0.000462440977572, 0.000330825743731, 0.000434573506936, 0.000190194899915, 9.20045858948e-05, 3.02291355183e-05, 2.87936268251e-06, 9.92309097114e-08], "median": [5.67155711906e-06, 0.000176205052412, 0.000108086016553, 0.00016325499746, 0.000795265892521, 0.000375672243536, 0.000214111452806, 0.000212352460949, 0.000288431969238, 0.000286199327093, 0.000228861637879, 0.000154687950271, 0.0001811117545, 0.000102851219708, 0.000117155825137, 0.000198758410988, 0.00011909998284, 0.000150055115228, 0.000246374576818, 0.000167649617651, 0.000152090622578, 0.000160532596055, 6.68005450279e-05, 2.91218511848e-05, 8.53413712321e-06, 6.28428892924e-07, 2.67681521393e-08], "min": [6.64518874403e-25, 2.30526376864e-24, 1.29840726593e-24, 1.43399391731e-24, 6.73507195e-24, 4.27462938054e-24, 5.70542111422e-24, 7.42940207523e-24, 1.52310534121e-23, 1.864351896e-23, 1.37499560185e-23, 1.60901986686e-23, 4.16249209289e-23, 2.2584948877e-23, 4.33958726404e-23, 6.38679711787e-23, 5.28890878827e-23, 1.13683956742e-22, 1.2991998897e-22, 1.70309780914e-22, 2.55505357661e-22, 3.19148686497e-22, 4.22001406305e-22, 6.11703344644e-22, 9.38992065941e-22, 1.25143965042e-21, 1.99864203555e-21], "var": [4.05158545602e-10, 5.39985933301e-07, 7.13275994713e-07, 3.91144112655e-07, 1.30554617499e-05, 2.07078710446e-06, 9.68104995991e-06, 1.13056976261e-05, 1.35755162773e-05, 4.50270727015e-06, 1.90464766092e-06, 1.09014854388e-06, 6.79310744545e-07, 7.98167036464e-07, 4.98192548548e-07, 1.45299941323e-06, 1.99961874614e-07, 5.26884548435e-07, 1.09003588022e-06, 6.59574709516e-07, 2.3809052152e-07, 6.40160124021e-07, 1.66650650613e-07, 6.58389325281e-08, 5.12044096013e-09, 4.42942175993e-11, 5.79873470205e-14]}, "barkbands_crest": {"dmean": 2.52347016335, "dmean2": 3.92468237877, "dvar": 6.26936483383, "dvar2": 13.9474210739, "max": 26.9134960175, "mean": 9.34845161438, "median": 7.85991811752, "min": 2.17541098595, "var": 25.9828281403}, "barkbands_flatness_db": {"dmean": 0.0181882660836, "dmean2": 0.0260156020522, "dvar": 0.000369486573618, "dvar2": 0.000702406396158, "max": 0.639859557152, "mean": 0.118244662881, "median": 0.108843795955, "min": 0.0366603769362, "var": 0.00230053672567}, "barkbands_kurtosis": {"dmean": 5.54795646667, "dmean2": 9.13995075226, "dvar": 11507.7705078, "dvar2": 32597.6191406, "max": 6342.50634766, "mean": 6.35036897659, "median": -0.108295440674, "min": -1.89932334423, "var": 9095.26074219}, "barkbands_skewness": {"dmean": 0.518542587757, "dmean2": 0.760109066963, "dvar": 1.78881561756, "dvar2": 4.45704030991, "max": 77.7582321167, "mean": 0.97288197279, "median": 0.739181160927, "min": -6.04756402969, "var": 5.64918279648}, "barkbands_spread": {"dmean": 5.75771188736, "dmean2": 8.61639118195, "dvar": 37.4797706604, "dvar2": 80.9138412476, "max": 106.838523865, "mean": 27.3893661499, "median": 26.7090377808, "min": 0.0866405293345, "var": 146.456665039}, "dissonance": {"dmean": 0.013687575236, "dmean2": 0.0224038679153, "dvar": 0.000215624721022, "dvar2": 0.000562196248211, "max": 0.500000119209, "mean": 0.472705096006, "median": 0.479710966349, "min": 0.299205303192, "var": 0.000567245937418}, "dynamic_complexity": 3.84291100502, "erbbands": {"dmean": [0.0051563042216, 0.0764479935169, 0.35279160738, 0.551807761192, 4.0861120224, 3.35180974007, 2.67901754379, 4.47105407715, 6.62662267685, 12.6202001572, 16.7353057861, 17.6974925995, 16.2506980896, 13.2256145477, 17.5320949554, 9.94005966187, 13.596786499, 11.1600875854, 9.80040931702, 16.3840255737, 12.6233386993, 8.44735145569, 13.1587619781, 13.1018238068, 15.3894777298, 11.2483301163, 7.63991594315, 6.94392538071, 8.75231361389, 4.58065414429, 2.90597105026, 1.74830818176, 0.699993789196, 0.276224255562, 0.0927779749036, 0.0200905036181, 0.00192865577992, 0.000170860643266, 1.4938820641e-05, 6.2517610786e-06], "dmean2": [0.00837335921824, 0.130052730441, 0.596532225609, 0.868828117847, 5.96131277084, 5.43764638901, 4.31575345993, 6.89987134933, 9.68733787537, 18.4995117188, 23.3347816467, 24.7491931915, 23.9060630798, 18.6962585449, 25.1683616638, 15.1532030106, 20.8108959198, 16.8560886383, 15.2536945343, 25.5666389465, 19.5323619843, 13.1475429535, 19.3314437866, 19.3170948029, 22.6068019867, 16.2247390747, 11.2251176834, 9.85922718048, 12.4176435471, 6.42234420776, 4.08323192596, 2.44061541557, 0.995621800423, 0.380502045155, 0.124854326248, 0.0275437012315, 0.00266074179672, 0.000233705810388, 1.94666354218e-05, 7.52675396143e-06], "dvar": [8.29761556815e-05, 0.0255671497434, 0.777674496174, 0.906654715538, 68.6305160522, 39.2586135864, 20.2330513, 68.1588592529, 379.545806885, 844.78717041, 2089.14038086, 2498.71582031, 1671.76257324, 867.618347168, 1557.99963379, 721.186340332, 918.015563965, 873.737670898, 704.000915527, 1689.74023438, 881.16973877, 232.443862915, 980.808532715, 696.47064209, 1009.38531494, 503.092681885, 184.441207886, 178.885543823, 409.385192871, 82.4408950806, 64.1589431763, 21.4165782928, 4.59898328781, 0.608899831772, 0.0524743124843, 0.00230377353728, 2.53954622167e-05, 2.06531709068e-07, 1.15781118026e-09, 5.91390200699e-11], "dvar2": [0.000210408616113, 0.071615293622, 2.01581525803, 2.23653531075, 132.691452026, 100.325416565, 49.3466796875, 163.252090454, 792.166381836, 1701.91674805, 3804.44482422, 4665.00292969, 3264.35351562, 1527.59814453, 3056.66650391, 1723.43640137, 2026.81237793, 1876.89599609, 1685.19812012, 3629.27172852, 1892.8380127, 538.793334961, 1916.58056641, 1483.19799805, 2240.20849609, 1005.75274658, 394.322174072, 360.749664307, 902.258789062, 161.861236572, 134.866729736, 37.6568450928, 8.61503124237, 1.13654434681, 0.102136731148, 0.00479062786326, 5.44059585081e-05, 4.3447514031e-07, 2.29683494446e-09, 8.7676511884e-11], "max": [0.156104817986, 1.91269922256, 13.6409921646, 14.1984148026, 156.873382568, 93.9886856079, 83.6636276245, 192.647491455, 547.196655273, 589.249938965, 1147.64880371, 1002.91387939, 1055.56713867, 1161.1361084, 1276.20666504, 983.624206543, 790.447021484, 960.143859863, 967.546203613, 1219.95727539, 938.301025391, 224.128585815, 736.267700195, 685.187683105, 976.015625, 577.465209961, 241.449554443, 463.408721924, 760.17199707, 208.47605896, 303.38583374, 213.827163696, 65.633026123, 26.6521110535, 7.5371632576, 0.744514465332, 0.103456690907, 0.00890361052006, 0.000770688347984, 0.00016919861082], "mean": [0.0120391193777, 0.137168735266, 0.429024517536, 0.952553272247, 7.23323488235, 5.0249505043, 4.58406209946, 8.25976467133, 12.7162942886, 20.9080276489, 30.8318061829, 33.9562568665, 27.2725429535, 25.6217899323, 30.6378002167, 16.7083854675, 22.3729858398, 18.3685188293, 16.4892501831, 27.9509162903, 23.2610607147, 16.1098709106, 22.9862155914, 24.7067775726, 30.1941928864, 22.240819931, 14.6284999847, 13.883105278, 16.3536605835, 8.61010837555, 5.12281560898, 3.044257164, 1.17666721344, 0.458043724298, 0.144097402692, 0.0304065737873, 0.00292966957204, 0.000273358542472, 3.2520169043e-05, 2.14289302676e-05], "median": [0.00257593439892, 0.0484375059605, 0.147903576493, 0.441630750895, 1.47730839252, 2.15927767754, 2.36902093887, 3.43804430962, 3.30467009544, 5.40883159637, 5.82632350922, 8.56195926666, 8.90543746948, 9.87686061859, 11.3697738647, 6.56021308899, 9.18285274506, 6.60619878769, 7.08684206009, 10.0540828705, 9.48310279846, 7.38408565521, 8.96649169922, 10.1170854568, 11.6423664093, 8.13456821442, 6.29571199417, 6.13661003113, 5.58440732956, 3.3888065815, 1.74749660492, 1.02885651588, 0.351008147001, 0.130095615983, 0.0393234044313, 0.00794773455709, 0.000567373586819, 6.03763146501e-05, 1.60262861755e-05, 1.74181368493e-05], "min": [4.68020162569e-23, 4.45261468656e-22, 3.90805600148e-21, 7.71670815778e-21, 1.04494939896e-20, 2.15257711637e-20, 2.1611549147e-20, 3.99284863817e-20, 1.34091651237e-19, 2.17914683619e-19, 2.20472817211e-19, 3.76392200925e-19, 4.61079262231e-19, 9.30598455047e-19, 8.8287964628e-19, 8.81810825531e-19, 1.99751917018e-18, 2.00868714242e-18, 2.83027663442e-18, 3.01807992749e-18, 3.95538123383e-18, 3.71726860911e-18, 5.96271200684e-18, 6.63860707563e-18, 6.82008140303e-18, 8.17524933263e-18, 8.82845649157e-18, 1.04715515167e-17, 9.43688670959e-18, 1.08114532653e-17, 1.16790805283e-17, 1.05075173298e-17, 1.04480240186e-17, 9.50211238243e-18, 6.33846169523e-18, 4.12578374874e-18, 2.22324476522e-18, 9.72878137697e-19, 2.55885246415e-19, 2.7192066604e-20], "var": [0.000297876016703, 0.0372772179544, 0.797573447227, 1.65015792847, 192.091873169, 56.4730949402, 45.8998184204, 192.670349121, 1384.0456543, 2003.66137695, 6670.36621094, 7429.04394531, 3970.59643555, 2555.61816406, 3407.33276367, 1096.94128418, 1696.69689941, 1601.7512207, 1060.99353027, 3854.41992188, 1831.3359375, 518.279846191, 2077.34301758, 1694.65588379, 3209.57739258, 1596.58996582, 461.968933105, 535.666931152, 1111.8951416, 205.79359436, 148.66947937, 54.5116653442, 11.0729227066, 1.38295567036, 0.101930715144, 0.00422213179991, 5.09786405019e-05, 4.37545651266e-07, 2.99511992985e-09, 3.24948207231e-10]}, "erbbands_crest": {"dmean": 2.56650328636, "dmean2": 3.98616886139, "dvar": 6.57228374481, "dvar2": 14.4803113937, "max": 30.2936897278, "mean": 8.59541511536, "median": 7.23831224442, "min": 2.47098565102, "var": 21.8475761414}, "erbbands_flatness_db": {"dmean": 0.0158329978585, "dmean2": 0.022096009925, "dvar": 0.000240081557422, "dvar2": 0.000435466645285, "max": 0.34856069088, "mean": 0.177252545953, "median": 0.173270955682, "min": 0.0329689159989, "var": 0.00150149839465}, "erbbands_kurtosis": {"dmean": 0.818157494068, "dmean2": 1.2513576746, "dvar": 1.7367413044, "dvar2": 3.53903746605, "max": 33.9296302795, "mean": 0.171148002148, "median": -0.395867586136, "min": -1.79293012619, "var": 4.52809238434}, "erbbands_skewness": {"dmean": 0.350414037704, "dmean2": 0.502298653126, "dvar": 0.123116418719, "dvar2": 0.235499948263, "max": 4.75091218948, "mean": 0.0658580511808, "median": 0.0150552848354, "min": -4.24864435196, "var": 0.778991222382}, "erbbands_spread": {"dmean": 7.88608217239, "dmean2": 11.825750351, "dvar": 67.7074356079, "dvar2": 147.832122803, "max": 174.203552246, "mean": 39.2481803894, "median": 36.833152771, "min": 3.98684620857, "var": 236.672210693}, "gfcc": {"cov": [[30026.8007812, 1468.44372559, -3366.08374023, 725.81060791, -1908.11352539, 330.794067383, -858.099060059, 175.722427368, -543.453186035, -218.240539551, -358.508453369, -211.029434204, -197.81980896], [1468.44372559, 1373.46887207, 14.9887371063, 13.1235542297, 189.725128174, 13.7636117935, 119.996154785, -32.8786087036, 66.4770812988, -79.2715530396, 4.98068809509, -55.144115448, -6.47330379486], [-3366.08374023, 14.9887371063, 908.077514648, 65.1933441162, 334.107849121, 51.3216438293, 46.1713485718, -19.7622241974, 34.4788665771, -0.897953569889, -18.1204280853, 8.59424209595, -15.6414337158], [725.81060791, 13.1235542297, 65.1933441162, 379.276245117, 65.8348236084, 6.82855081558, -83.2107086182, -37.8553581238, -26.1394023895, -20.5069103241, -25.1972465515, -11.0578422546, 10.9065332413], [-1908.11352539, 189.725128174, 334.107849121, 65.8348236084, 437.625030518, 60.288936615, 93.1125030518, 6.62600660324, 36.9995536804, 6.83462715149, 8.55731964111, 21.9821186066, 5.90442609787], [330.794067383, 13.7636117935, 51.3216438293, 6.82855081558, 60.288936615, 207.77722168, 54.625541687, 35.146068573, -5.78606462479, 3.18518638611, -17.9038619995, 20.6298274994, -11.2697324753], [-858.099060059, 119.996154785, 46.1713485718, -83.2107086182, 93.1125030518, 54.625541687, 212.6534729, 52.9443893433, 68.2574310303, 20.8829994202, 31.5828418732, 0.945937275887, 4.44866275787], [175.722427368, -32.8786087036, -19.7622241974, -37.8553581238, 6.62600660324, 35.146068573, 52.9443893433, 147.92640686, 73.5644683838, 57.8267555237, 28.4467582703, 8.14012908936, -3.89644932747], [-543.453186035, 66.4770812988, 34.4788665771, -26.1394023895, 36.9995536804, -5.78606462479, 68.2574310303, 73.5644683838, 162.498748779, 76.6921310425, 49.3484840393, -2.40821099281, 11.0380487442], [-218.240539551, -79.2715530396, -0.897953569889, -20.5069103241, 6.83462715149, 3.18518638611, 20.8829994202, 57.8267555237, 76.6921310425, 111.187637329, 51.0383491516, 20.1283588409, 2.44309258461], [-358.508453369, 4.98068809509, -18.1204280853, -25.1972465515, 8.55731964111, -17.9038619995, 31.5828418732, 28.4467582703, 49.3484840393, 51.0383491516, 115.85408783, 49.2778930664, 29.7769889832], [-211.029434204, -55.144115448, 8.59424209595, -11.0578422546, 21.9821186066, 20.6298274994, 0.945937275887, 8.14012908936, -2.40821099281, 20.1283588409, 49.2778930664, 109.605857849, 40.9578208923], [-197.81980896, -6.47330379486, -15.6414337158, 10.9065332413, 5.90442609787, -11.2697324753, 4.44866275787, -3.89644932747, 11.0380487442, 2.44309258461, 29.7769889832, 40.9578208923, 82.0114440918]], "icov": [[0.000228405056987, -0.000471536623081, 0.000599002465606, -0.000535031198524, 0.000725235731807, -0.00062088528648, 0.000644742744043, -0.000812089128885, 0.000671831076033, -0.000346888613421, 0.000404869148042, -9.01558814803e-05, 0.000305957277305], [-0.000471536623081, 0.00193358352408, -0.0010240903357, 0.00109106174204, -0.00197718222626, 0.00119222700596, -0.00156460143626, 0.00204073870555, -0.00227903597988, 0.00202423427254, -0.00127622729633, 0.00060114444932, -0.000427586317528], [0.000599002465606, -0.0010240903357, 0.00320200668648, -0.00141152297147, 0.000592260679696, -0.00174913101364, 0.00184253824409, -0.00165150256362, 0.00106517050881, -0.000553497578949, 0.00130059954245, -0.000380745943403, 0.00129206979182], [-0.000535031198524, 0.00109106174204, -0.00141152297147, 0.0045026182197, -0.00249570375308, 0.000928249268327, 0.000230738878599, 0.00222707027569, -0.00175529078115, 0.000950087560341, -0.000922876643017, 0.00106455292553, -0.00166053196881], [0.000725235731807, -0.00197718222626, 0.000592260679696, -0.00249570375308, 0.00630571879447, -0.00223244028166, 0.000542715191841, -0.00252221617848, 0.00234314287081, -0.00169282034039, 0.00158431730233, -0.00124911521561, 0.000911756826099], [-0.00062088528648, 0.00119222700596, -0.00174913101364, 0.000928249268327, -0.00223244028166, 0.00794209353626, -0.00367074366659, 0.000578062084969, -0.000503195973579, 0.000303915090626, 0.00109865004197, -0.00210742698982, 0.00033035769593], [0.000644742744043, -0.00156460143626, 0.00184253824409, 0.000230738878599, 0.000542715191841, -0.00367074366659, 0.00956931710243, -0.00335227465257, -0.000384777435102, 0.000562282570172, -0.000629012123682, 0.00117510848213, 0.000207123041037], [-0.000812089128885, 0.00204073870555, -0.00165150256362, 0.00222707027569, -0.00252221617848, 0.000578062084969, -0.00335227465257, 0.0133851496503, -0.00589930778369, -0.00120840454474, -0.00142142246477, -3.1193911127e-05, 3.15623437928e-05], [0.000671831076033, -0.00227903597988, 0.00106517050881, -0.00175529078115, 0.00234314287081, -0.000503195973579, -0.000384777435102, -0.00589930778369, 0.0153336450458, -0.00853432994336, -0.000168515427504, 0.00254508643411, -0.00163944857195], [-0.000346888613421, 0.00202423427254, -0.000553497578949, 0.000950087560341, -0.00169282034039, 0.000303915090626, 0.000562282570172, -0.00120840454474, -0.00853432994336, 0.0191893465817, -0.00564383901656, -0.00121361413039, 0.00239914306439], [0.000404869148042, -0.00127622729633, 0.00130059954245, -0.000922876643017, 0.00158431730233, 0.00109865004197, -0.000629012123682, -0.00142142246477, -0.000168515427504, -0.00564383901656, 0.0160272270441, -0.00615713186562, -0.00130330852699], [-9.01558814803e-05, 0.00060114444932, -0.000380745943403, 0.00106455292553, -0.00124911521561, -0.00210742698982, 0.00117510848213, -3.1193911127e-05, 0.00254508643411, -0.00121361413039, -0.00615713186562, 0.0154881654307, -0.00645497394726], [0.000305957277305, -0.000427586317528, 0.00129206979182, -0.00166053196881, 0.000911756826099, 0.00033035769593, 0.000207123041037, 3.15623437928e-05, -0.00163944857195, 0.00239914306439, -0.00130330852699, -0.00645497394726, 0.0171810593456]], "mean": [-52.7632904053, 76.7827835083, -154.571762085, 45.2959823608, -81.1418304443, 11.5188064575, -35.0956687927, 0.434478074312, -20.4544315338, -6.22981786728, -12.3065299988, -4.95814847946, -4.27378797531]}, "hfc": {"dmean": 6.46675014496, "dmean2": 7.80951738358, "dvar": 83.0606994629, "dvar2": 127.890052795, "max": 200.047744751, "mean": 20.3538475037, "median": 14.4913215637, "min": 1.07350355079e-16, "var": 420.525054932}, "melbands": {"dmean": [6.08248883509e-05, 0.000151399042807, 0.000185256489203, 0.000306273897877, 9.43769118749e-05, 9.91904380498e-05, 0.000107083142211, 0.000147345475852, 0.000147497863509, 0.000103133359517, 8.16333486e-05, 5.507991591e-05, 6.05249697401e-05, 3.640603245e-05, 2.69252996077e-05, 2.71613444056e-05, 2.33747887251e-05, 1.78126065293e-05, 1.76501471287e-05, 2.69922511507e-05, 1.31237693495e-05, 9.02723695617e-06, 1.29190766529e-05, 1.0762501006e-05, 1.17728714031e-05, 1.29796535475e-05, 9.83787049336e-06, 7.69598682382e-06, 5.72870249016e-06, 4.01725947086e-06, 4.49133904112e-06, 5.36710649612e-06, 4.71609155284e-06, 2.02004866878e-06, 1.65003655184e-06, 1.95184406948e-06, 8.40246343614e-07, 5.65484015169e-07, 3.37835956543e-07, 2.05776856887e-07], "dmean2": [0.000100355893665, 0.000255949329585, 0.000276052538538, 0.000468096171971, 0.000152766966494, 0.000153094704729, 0.000156833266374, 0.000217748049181, 0.000201520844712, 0.000144610137795, 0.000120721459098, 7.81748822192e-05, 8.5966916231e-05, 5.51150878891e-05, 4.13195375586e-05, 4.21535150963e-05, 3.54717449227e-05, 2.80190233752e-05, 2.75346137641e-05, 4.24510726589e-05, 2.07008779398e-05, 1.4307283891e-05, 2.00520316866e-05, 1.57690010383e-05, 1.77089259523e-05, 1.93312844203e-05, 1.46202573887e-05, 1.13499800136e-05, 8.65384572535e-06, 6.01734700467e-06, 6.52791004541e-06, 7.77170498623e-06, 6.79531012793e-06, 2.89926856567e-06, 2.37095105149e-06, 2.86871772914e-06, 1.19876665394e-06, 8.31080740227e-07, 4.86781516429e-07, 2.86384477022e-07], "dvar": [1.17335607897e-08, 1.3403456478e-07, 1.08081337657e-07, 3.64188593949e-07, 2.22141185446e-08, 3.26166293974e-08, 9.42516820146e-08, 1.17047818549e-07, 1.68804263012e-07, 8.19098886495e-08, 4.38617639986e-08, 1.57527946243e-08, 1.9630453707e-08, 9.17499942688e-09, 4.61691396225e-09, 3.46484574365e-09, 4.50265558172e-09, 2.53359733193e-09, 1.73149439231e-09, 4.63913485405e-09, 8.84797568546e-10, 2.9444846561e-10, 7.72798602888e-10, 6.86278145423e-10, 6.2850014082e-10, 7.01975144679e-10, 4.68344585336e-10, 2.4305987778e-10, 1.16306464459e-10, 5.11848168017e-11, 9.57852963612e-11, 2.0495229125e-10, 9.91715459753e-11, 1.91630131902e-11, 2.3895349241e-11, 2.71751371406e-11, 6.6181253186e-12, 3.19336440971e-12, 1.19493716137e-12, 3.16651327555e-13], "dvar2": [3.14361159326e-08, 3.54119578105e-07, 2.23561045232e-07, 7.92945002104e-07, 5.48175052018e-08, 7.71483499307e-08, 1.92771238972e-07, 2.37379538248e-07, 2.92527431611e-07, 1.5507612261e-07, 8.58342374954e-08, 2.77796345927e-08, 3.91971255453e-08, 2.0688080582e-08, 1.01576942413e-08, 7.59387042137e-09, 9.77692415915e-09, 6.11091355296e-09, 3.79526676753e-09, 9.76084901794e-09, 2.00218552848e-09, 7.03208102859e-10, 1.78822823216e-09, 1.35876720986e-09, 1.36948852258e-09, 1.57484314478e-09, 9.57481649522e-10, 4.88769025253e-10, 2.61541538427e-10, 1.13142314961e-10, 1.97280039527e-10, 4.63320548594e-10, 2.17144177639e-10, 3.84727388836e-11, 5.17324932892e-11, 5.79598383177e-11, 1.09873134896e-11, 6.2449255836e-12, 2.46447176902e-12, 5.9875325184e-13], "max": [0.00119738595095, 0.00554516818374, 0.00535326451063, 0.0103970887139, 0.00252202851698, 0.00412340834737, 0.00821151118726, 0.00815496686846, 0.00859846454114, 0.0056828293018, 0.00554127199575, 0.00480312481523, 0.00386781897396, 0.00312296091579, 0.00221874355339, 0.00140128436033, 0.00212977244519, 0.00160907092504, 0.00167950359173, 0.00154679815751, 0.00083398114657, 0.000333860079991, 0.000632026873063, 0.000601294916123, 0.000672020134516, 0.000632323964965, 0.000920006772503, 0.000324891967466, 0.000183488649782, 0.000128953921376, 0.00037418663851, 0.000525893759914, 0.00017841119552, 0.000121773911815, 0.000189570419025, 0.000164409939316, 0.000136736533022, 5.68953473703e-05, 3.95056595153e-05, 1.92627121578e-05], "mean": [0.000134089525091, 0.000213175677345, 0.000343702267855, 0.000507308810484, 0.000162199808983, 0.000181158975465, 0.00020486752328, 0.000244842027314, 0.000273257144727, 0.000191958417417, 0.00013141859381, 0.000101654164609, 0.00010206605657, 5.84536464885e-05, 4.18637464463e-05, 4.31285625382e-05, 3.52161951014e-05, 2.73541245406e-05, 2.83444824163e-05, 4.46103913418e-05, 2.27931868721e-05, 1.529131805e-05, 2.15432282857e-05, 1.77241945494e-05, 2.01409948204e-05, 2.3296350264e-05, 1.85172411875e-05, 1.3969792235e-05, 9.81895118457e-06, 7.27441647541e-06, 8.310843441e-06, 9.59018780122e-06, 7.90832018538e-06, 3.5223206396e-06, 2.72437910098e-06, 3.09515939989e-06, 1.39474821026e-06, 8.88669433152e-07, 5.48354080365e-07, 3.23791908841e-07], "median": [3.68972905562e-05, 8.49672724144e-05, 0.00012287190475, 0.00015256885672, 8.86670968612e-05, 7.58635505917e-05, 4.47525562777e-05, 5.77132450417e-05, 4.33860077464e-05, 4.66009951197e-05, 3.60157901014e-05, 3.5100558307e-05, 3.59290352208e-05, 1.92738007172e-05, 1.6859265088e-05, 1.73687403731e-05, 1.05835924842e-05, 1.05714952952e-05, 1.06472816697e-05, 1.43127117553e-05, 9.35925163503e-06, 6.82773588778e-06, 7.73319334257e-06, 6.23379219178e-06, 7.23396351532e-06, 8.38552386995e-06, 6.48457626085e-06, 4.72619694847e-06, 3.71625469597e-06, 3.17822150464e-06, 3.3540854929e-06, 2.95409677165e-06, 2.81804159386e-06, 1.26538009226e-06, 8.40886002607e-07, 9.99118242362e-07, 4.28432912258e-07, 2.47089957384e-07, 1.51314097252e-07, 8.86897311148e-08], "min": [9.14054905817e-25, 1.73337077236e-24, 1.5427074303e-24, 1.1497873505e-24, 6.64168422946e-25, 1.05717932036e-24, 1.45450883679e-24, 2.75237612744e-24, 1.11781097232e-24, 1.76906317845e-24, 1.80947770591e-24, 3.36404171562e-24, 2.76417669772e-24, 1.7757925564e-24, 2.27452245081e-24, 2.66384877615e-24, 2.55095686415e-24, 3.5450896321e-24, 3.68628390123e-24, 3.22410094648e-24, 4.56387824765e-24, 3.0062142118e-24, 3.31190510953e-24, 3.68140597982e-24, 5.07061014987e-24, 4.87639141171e-24, 4.36306423789e-24, 4.86450722217e-24, 5.01319882534e-24, 5.05012934861e-24, 4.81264119537e-24, 4.14577565699e-24, 5.84526248689e-24, 4.71362455784e-24, 5.91442981106e-24, 5.29940939466e-24, 6.64842346817e-24, 6.68665718967e-24, 6.61453952571e-24, 6.94477878874e-24], "var": [3.35281349351e-08, 1.43250233009e-07, 2.96265938005e-07, 8.00203565632e-07, 4.84484949936e-08, 9.19746625527e-08, 3.63920065638e-07, 2.91766980354e-07, 5.56544591745e-07, 2.3701345242e-07, 1.05432476971e-07, 4.57712197033e-08, 4.04405184895e-08, 1.65066662561e-08, 7.51872430982e-09, 6.43534869837e-09, 7.65528529456e-09, 3.54632923028e-09, 3.74420183746e-09, 9.82792425219e-09, 1.71078795574e-09, 5.65614999282e-10, 1.59531043931e-09, 1.37168720826e-09, 1.39432632107e-09, 1.88387616618e-09, 1.57555180014e-09, 6.73271605134e-10, 2.59118143608e-10, 1.18755727474e-10, 2.63417815338e-10, 5.17722531512e-10, 2.00107486137e-10, 4.44855992321e-11, 5.53926279845e-11, 5.01324745605e-11, 1.70338135957e-11, 7.07747619191e-12, 2.40793452885e-12, 6.79059402025e-13]}, "melbands_crest": {"dmean": 3.20546078682, "dmean2": 5.03531885147, "dvar": 9.70668315887, "dvar2": 22.8365364075, "max": 39.994052887, "mean": 12.286397934, "median": 11.1120862961, "min": 1.00122320652, "var": 38.5302658081}, "melbands_flatness_db": {"dmean": 0.0227410811931, "dmean2": 0.0323590189219, "dvar": 0.000605656008702, "dvar2": 0.0011458148947, "max": 0.616055309772, "mean": 0.137444540858, "median": 0.13095907867, "min": -3.45146169423e-08, "var": 0.00377490371466}, "melbands_kurtosis": {"dmean": 10.18475914, "dmean2": 16.794095993, "dvar": 39069.3203125, "dvar2": 112315.851562, "max": 11759, "mean": 13.3947467804, "median": 3.1804933548, "min": -1.86545467377, "var": 27038.0351562}, "melbands_skewness": {"dmean": 0.653094351292, "dmean2": 0.96910494566, "dvar": 3.13069868088, "dvar2": 8.16074943542, "max": 105.006752014, "mean": 2.05097126961, "median": 1.62496864796, "min": -3.34432959557, "var": 7.05667066574}, "melbands_spread": {"dmean": 10.7157115936, "dmean2": 16.156583786, "dvar": 178.058914185, "dvar2": 379.79864502, "max": 209.48449707, "mean": 41.2163276672, "median": 34.4677963257, "min": 0.0795421600342, "var": 808.322875977}, "mfcc": {"cov": [[12058.3330078, 927.581115723, -448.278686523, 62.7609825134, -363.089263916, -94.0549087524, -112.346595764, 49.5638465881, -58.5617103577, -14.0133323669, -62.3648910522, -90.6326293945, -74.2248535156], [927.581115723, 1401.58850098, -17.3754825592, 92.6241836548, 53.1122360229, 105.996543884, 55.5049591064, 99.3987350464, 72.8751068115, -23.8016605377, 40.0562057495, 57.2660140991, 2.08612656593], [-448.278686523, -17.3754825592, 409.495788574, 69.3441162109, 95.2407302856, 47.0887145996, -8.59428119659, 3.38778591156, 4.6881480217, 2.11744880676, -28.728012085, -1.02786660194, 4.08794593811], [62.7609825134, 92.6241836548, 69.3441162109, 338.495178223, 129.762069702, 50.5243186951, -16.0089588165, -11.73579216, -12.0844926834, 14.7238378525, -57.7777061462, -6.76057577133, 17.8963165283], [-363.089263916, 53.1122360229, 95.2407302856, 129.762069702, 264.200958252, 80.8878707886, 30.7606010437, 16.7651958466, 18.0132102966, 4.07531881332, -33.2052116394, 20.891620636, 13.4205179214], [-94.0549087524, 105.996543884, 47.0887145996, 50.5243186951, 80.8878707886, 172.634216309, 56.4356002808, 42.2848434448, 23.0530834198, -17.1072978973, -1.55582082272, -3.64076018333, -20.9300899506], [-112.346595764, 55.5049591064, -8.59428119659, -16.0089588165, 30.7606010437, 56.4356002808, 131.962814331, 52.8667106628, 23.7174663544, -12.9829654694, 20.8223133087, 4.24275255203, -16.3142623901], [49.5638465881, 99.3987350464, 3.38778591156, -11.73579216, 16.7651958466, 42.2848434448, 52.8667106628, 106.91557312, 37.2917976379, 0.51801943779, 20.2730369568, 16.3025112152, -2.31273150444], [-58.5617103577, 72.8751068115, 4.6881480217, -12.0844926834, 18.0132102966, 23.0530834198, 23.7174663544, 37.2917976379, 105.597198486, 48.0850791931, 33.1476020813, 19.8978996277, 12.1379718781], [-14.0133323669, -23.8016605377, 2.11744880676, 14.7238378525, 4.07531881332, -17.1072978973, -12.9829654694, 0.51801943779, 48.0850791931, 127.959892273, 45.1609458923, 18.0028381348, 27.0355911255], [-62.3648910522, 40.0562057495, -28.728012085, -57.7777061462, -33.2052116394, -1.55582082272, 20.8223133087, 20.2730369568, 33.1476020813, 45.1609458923, 117.667221069, 45.2746200562, 4.99075222015], [-90.6326293945, 57.2660140991, -1.02786660194, -6.76057577133, 20.891620636, -3.64076018333, 4.24275255203, 16.3025112152, 19.8978996277, 18.0028381348, 45.2746200562, 100.648368835, 50.722076416], [-74.2248535156, 2.08612656593, 4.08794593811, 17.8963165283, 13.4205179214, -20.9300899506, -16.3142623901, -2.31273150444, 12.1379718781, 27.0355911255, 4.99075222015, 50.722076416, 108.121101379]], "icov": [[9.91750275716e-05, -7.3131704994e-05, 8.93345932127e-05, -4.95041094837e-05, 0.000140413132613, 1.22644187286e-05, 8.78919890965e-05, -0.000106625506305, 7.40289106034e-05, -7.64693395467e-05, 0.000111338442366, 3.15244105877e-05, 6.11196301179e-05], [-7.3131704994e-05, 0.000897811783943, 3.04185959976e-05, -0.000314400676871, -8.18358967081e-06, -0.000290427153232, 4.54774963146e-05, -0.000423035613494, -0.000564834626857, 0.00053298776038, -0.000323045009281, -0.000409970059991, 6.33449744782e-05], [8.93345932127e-05, 3.04185959976e-05, 0.0028315205127, -0.000173694847035, -0.000660312478431, -0.000527948664967, 0.000635159376543, -0.000257866777247, -1.58042766998e-05, -0.000161122821737, 0.000440146803157, 1.29281852423e-05, 6.81991004967e-05], [-4.95041094837e-05, -0.000314400676871, -0.000173694847035, 0.00434265425429, -0.00172239402309, -0.000858812476508, 0.000525464478415, 0.000409150525229, 0.00107604789082, -0.00149993691593, 0.00172485713847, 0.000207694960409, -0.000527364318259], [0.000140413132613, -8.18358967081e-06, -0.000660312478431, -0.00172239402309, 0.00622874731198, -0.0018221369246, -0.00107497547287, 0.000187789250049, -0.000591674877796, -0.000640904647298, 0.00223199767061, -0.00226273783483, 0.000307708716718], [1.22644187286e-05, -0.000290427153232, -0.000527948664967, -0.000858812476508, -0.0018221369246, 0.0087306573987, -0.00212954357266, -0.00149140006397, -0.00114905613009, 0.00143257284071, -0.000839728862047, 0.000925591390114, 0.0011144913733], [8.78919890965e-05, 4.54774963146e-05, 0.000635159376543, 0.000525464478415, -0.00107497547287, -0.00212954357266, 0.0111594405025, -0.00406580185518, -0.000702020246536, 0.00151843915228, -0.00188449956477, 0.000803711125627, 0.000675603747368], [-0.000106625506305, -0.000423035613494, -0.000257866777247, 0.000409150525229, 0.000187789250049, -0.00149140006397, -0.00406580185518, 0.0138613395393, -0.00341014564037, 0.000708889041562, -0.000172537940671, -0.00144167733379, 0.000137852068292], [7.40289106034e-05, -0.000564834626857, -1.58042766998e-05, 0.00107604789082, -0.000591674877796, -0.00114905613009, -0.000702020246536, -0.00341014564037, 0.0145416846499, -0.00552035029978, -0.00058556580916, -0.000214319792576, -0.000568214803934], [-7.64693395467e-05, 0.00053298776038, -0.000161122821737, -0.00149993691593, -0.000640904647298, 0.00143257284071, 0.00151843915228, 0.000708889041562, -0.00552035029978, 0.0127221429721, -0.0055897035636, 0.00212551048025, -0.00250781071372], [0.000111338442366, -0.000323045009281, 0.000440146803157, 0.00172485713847, 0.00223199767061, -0.000839728862047, -0.00188449956477, -0.000172537940671, -0.00058556580916, -0.0055897035636, 0.0157072804868, -0.0076307291165, 0.00337103940547], [3.15244105877e-05, -0.000409970059991, 1.29281852423e-05, 0.000207694960409, -0.00226273783483, 0.000925591390114, 0.000803711125627, -0.00144167733379, -0.000214319792576, 0.00212551048025, -0.0076307291165, 0.0180887710303, -0.0080958949402], [6.11196301179e-05, 6.33449744782e-05, 6.81991004967e-05, -0.000527364318259, 0.000307708716718, 0.0011144913733, 0.000675603747368, 0.000137852068292, -0.000568214803934, -0.00250781071372, 0.00337103940547, -0.0080958949402, 0.0139900054783]], "mean": [-661.218322754, 86.4030303955, -16.509563446, 21.7985134125, -16.644323349, 5.88906145096, -8.21774959564, 3.54991102219, -5.28962802887, -0.0343960113823, -5.57081127167, -4.72078847885, -2.6767745018]}, "pitch_salience": {"dmean": 0.068044103682, "dmean2": 0.105066761374, "dvar": 0.00437009055167, "dvar2": 0.00965774804354, "max": 0.996087968349, "mean": 0.575112760067, "median": 0.594544887543, "min": 0.00101721857209, "var": 0.018574019894}, "silence_rate_20dB": {"dmean": 0, "dmean2": 0, "dvar": 0, "dvar2": 0, "max": 1, "mean": 1, "median": 1, "min": 1, "var": 0}, "silence_rate_30dB": {"dmean": 0, "dmean2": 0, "dvar": 0, "dvar2": 0, "max": 1, "mean": 1, "median": 1, "min": 1, "var": 0}, "silence_rate_60dB": {"dmean": 0.0588235296309, "dmean2": 0.117665082216, "dvar": 0.0553591139615, "dvar2": 0.117920994759, "max": 1, "mean": 0.161127284169, "median": 0, "min": 0, "var": 0.135163649917}, "spectral_centroid": {"dmean": 312.910400391, "dmean2": 463.925354004, "dvar": 127163.851562, "dvar2": 255753.25, "max": 11661.6230469, "mean": 2106.203125, "median": 1960.00354004, "min": 219.119812012, "var": 1712235.625}, "spectral_complexity": {"dmean": 4.52359056473, "dmean2": 6.1642408371, "dvar": 34.6027107239, "dvar2": 55.4708175659, "max": 61, "mean": 18.8276920319, "median": 17, "min": 0, "var": 161.934616089}, "spectral_contrast_coeffs": {"dmean": [0.050086826086, 0.0488867275417, 0.0379611961544, 0.0305509679019, 0.0228857602924, 0.0178750995547], "dmean2": [0.0799291804433, 0.0767905265093, 0.0587663389742, 0.0483934730291, 0.035332378, 0.0275148041546], "dvar": [0.0020641637966, 0.00184894388076, 0.00109686655924, 0.000668913999107, 0.000395664479584, 0.000272407603916], "dvar2": [0.00491815945134, 0.00411074794829, 0.00242323079146, 0.00156086531933, 0.000837742933072, 0.000594869197812], "max": [-0.303015887737, -0.368429869413, -0.445286870003, -0.551860809326, -0.599326074123, -0.579940915108], "mean": [-0.636269330978, -0.724181771278, -0.765423238277, -0.779092609882, -0.785233199596, -0.71380263567], "median": [-0.643881678581, -0.732532083988, -0.770714640617, -0.779556632042, -0.788994729519, -0.708341121674], "min": [-0.976523458958, -0.995006024837, -0.996513187885, -0.986131608486, -0.98734742403, -0.96429502964], "var": [0.0130210127681, 0.00856810249388, 0.00535950483754, 0.00309755443595, 0.00270013627596, 0.00250138388947]}, "spectral_contrast_valleys": {"dmean": [0.43058347702, 0.414679437876, 0.355400770903, 0.308388590813, 0.28136625886, 0.32236456871], "dmean2": [0.684417784214, 0.635620296001, 0.538300037384, 0.459253460169, 0.375938475132, 0.386763185263], "dvar": [0.18679779768, 0.196454644203, 0.162584871054, 0.144739031792, 0.134356334805, 0.162552595139], "dvar2": [0.407744139433, 0.374610215425, 0.282297998667, 0.241483360529, 0.210052162409, 0.257331550121], "max": [-6.2099404335, -5.17338371277, -5.36572217941, -5.66547060013, -5.57659864426, -7.60406732559], "mean": [-8.63815784454, -7.54987382889, -7.79261922836, -8.0792093277, -7.74604463577, -10.5196418762], "median": [-8.08815383911, -7.07471084595, -7.31615924835, -7.66751670837, -7.35153961182, -10.1308383942], "min": [-28.0474338531, -28.2596874237, -27.8118476868, -27.7635917664, -27.5185661316, -27.3874282837], "var": [6.63176298141, 6.92063188553, 6.79912281036, 6.5084810257, 6.64502716064, 5.36275529861]}, "spectral_decrease": {"dmean": 9.88703452443e-10, "dmean2": 1.26995380878e-09, "dvar": 1.37093357848e-18, "dvar2": 2.21686389398e-18, "max": 1.5367860491e-28, "mean": -3.42096195816e-09, "median": -2.83356293984e-09, "min": -1.46400420675e-08, "var": 7.56891270874e-18}, "spectral_energy": {"dmean": 0.0041875327006, "dmean2": 0.00524601107463, "dvar": 2.3898193831e-05, "dvar2": 3.68916844309e-05, "max": 0.0593596622348, "mean": 0.014757623896, "median": 0.0122290709987, "min": 9.97396853496e-21, "var": 0.000138794348459}, "spectral_energyband_high": {"dmean": 0.000585599977057, "dmean2": 0.000776631990448, "dvar": 9.85903284345e-07, "dvar2": 1.76865182766e-06, "max": 0.0306505765766, "mean": 0.00132239540108, "median": 0.000598405662458, "min": 7.31118205469e-21, "var": 3.5017214941e-06}, "spectral_energyband_low": {"dmean": 0.000581517233513, "dmean2": 0.000958175689448, "dvar": 1.55561417614e-06, "dvar2": 4.066544534e-06, "max": 0.0177247934043, "mean": 0.00104372273199, "median": 0.000465580087621, "min": 1.98116105459e-23, "var": 2.27278633247e-06}, "spectral_energyband_middle_high": {"dmean": 0.00178607518319, "dmean2": 0.00237218872644, "dvar": 6.43201610728e-06, "dvar2": 1.04522487163e-05, "max": 0.0423193052411, "mean": 0.00519419461489, "median": 0.00318644475192, "min": 1.14538079794e-21, "var": 3.21565748891e-05}, "spectral_energyband_middle_low": {"dmean": 0.00289625255391, "dmean2": 0.00408133910969, "dvar": 1.50065143316e-05, "dvar2": 2.83276549453e-05, "max": 0.0500842407346, "mean": 0.00756512256339, "median": 0.00497733801603, "min": 1.39324258568e-22, "var": 6.01061838097e-05}, "spectral_entropy": {"dmean": 0.129843279719, "dmean2": 0.180090650916, "dvar": 0.0189007278532, "dvar2": 0.0341863334179, "max": 9.82370758057, "mean": 7.79109573364, "median": 7.78299474716, "min": 5.71152257919, "var": 0.149604007602}, "spectral_flux": {"dmean": 0.017603142187, "dmean2": 0.026113351807, "dvar": 0.000351108697942, "dvar2": 0.000713713467121, "max": 0.213526070118, "mean": 0.0631398558617, "median": 0.059671510011, "min": 6.24031590291e-11, "var": 0.00128901202697}, "spectral_kurtosis": {"dmean": 0.998860359192, "dmean2": 1.7083915472, "dvar": 1.02106893063, "dvar2": 3.02247166634, "max": 19.4579410553, "mean": 2.24301624298, "median": 1.99393033981, "min": -1.27526259422, "var": 2.17851185799}, "spectral_rms": {"dmean": 0.000546165043488, "dmean2": 0.000672534573823, "dvar": 3.58010169066e-07, "dvar2": 5.30661736775e-07, "max": 0.00760998437181, "mean": 0.00341337989084, "median": 0.00345409917645, "min": 3.1194070764e-12, "var": 2.74653211818e-06}, "spectral_rolloff": {"dmean": 656.110595703, "dmean2": 1039.26318359, "dvar": 803151.9375, "dvar2": 1609944.875, "max": 19530.6152344, "mean": 2861.52368164, "median": 2433.25195312, "min": 21.533203125, "var": 6470731}, "spectral_skewness": {"dmean": 0.16220612824, "dmean2": 0.25978243351, "dvar": 0.0221554785967, "dvar2": 0.0561320781708, "max": 3.60991740227, "mean": 0.973888456821, "median": 0.969225525856, "min": -0.0916019901633, "var": 0.108016237617}, "spectral_spread": {"dmean": 373522.625, "dmean2": 555066.6875, "dvar": 467594215424, "dvar2": 883542851584, "max": 42377260, "mean": 4701907, "median": 4116702.5, "min": 2