{"lowlevel": {"average_loudness": 0.270231157541, "barkbands": {"dmean": [7.43210785004e-06, 0.00259547913447, 0.00136589095928, 0.00132874166593, 0.00148283306044, 0.000985610880889, 0.00100021017715, 0.000564036308788, 0.000534927123226, 0.000240281937295, 0.000153558357852, 0.000204905925784, 0.000129108128021, 0.000333751901053, 0.000281110347714, 0.000175759952981, 0.000160859170137, 6.56283518765e-05, 5.95167039137e-05, 6.147975364e-05, 7.21254691598e-05, 8.13943552203e-05, 5.64153997402e-05, 3.19612772728e-05, 1.14957774713e-05, 3.96427094529e-06, 1.57738952566e-06], "dmean2": [1.23789277495e-05, 0.00414137775078, 0.00219525117427, 0.0022184101399, 0.00241628871299, 0.00152798613999, 0.00148951355368, 0.000827544252388, 0.000784712843597, 0.000375903531676, 0.0002359469363, 0.000312812218908, 0.000198491819901, 0.000511139456648, 0.00043264919077, 0.000281091721263, 0.000252611673204, 0.000105197454104, 9.4876588264e-05, 9.81381526799e-05, 0.000110544082418, 0.000129028194351, 9.0486559202e-05, 5.00622772961e-05, 1.58707789524e-05, 5.39855363968e-06, 2.26640190704e-06], "dvar": [4.80346873388e-10, 6.45188047201e-05, 8.94941058505e-06, 1.03892170955e-05, 9.87377643469e-06, 7.14433463145e-06, 1.15210686999e-05, 5.27034399056e-06, 3.06569154418e-06, 9.74883960225e-07, 3.35941507501e-07, 5.6843356333e-07, 1.53510782752e-07, 1.33621040277e-06, 8.43356758651e-07, 3.51734200876e-07, 4.22320937332e-07, 3.71027510937e-08, 3.12527639323e-08, 2.53610092926e-08, 5.00653847268e-08, 1.2920457948e-07, 7.48319095578e-08, 3.51500126783e-08, 4.39091651927e-09, 3.02682268138e-10, 3.7064802616e-11], "dvar2": [1.23312915434e-09, 0.000155944770086, 2.29096567637e-05, 2.53606358456e-05, 2.5055185688e-05, 1.53033997776e-05, 2.31940211961e-05, 1.0551696505e-05, 6.24687527306e-06, 2.35392985815e-06, 5.64632102851e-07, 1.18786806524e-06, 3.09011255695e-07, 2.76355194728e-06, 1.71550698269e-06, 8.72126747709e-07, 9.91983711174e-07, 9.32910921847e-08, 7.73461010795e-08, 6.06067871445e-08, 1.10747294002e-07, 3.24920819139e-07, 1.96877309122e-07, 7.98942565439e-08, 7.25083770803e-09, 5.37586031246e-10, 7.15141487695e-11], "max": [0.000856075377669, 0.109122641385, 0.0988095328212, 0.177623942494, 0.147675335407, 0.124838888645, 0.172658383846, 0.127991944551, 0.0693730935454, 0.0529475137591, 0.0681775063276, 0.0604236461222, 0.025353576988, 0.0313218720257, 0.0237975567579, 0.0159686133265, 0.0260455012321, 0.0072363759391, 0.00501844566315, 0.00656100409105, 0.010179631412, 0.0119975907728, 0.0150690795854, 0.0192650929093, 0.00931930076331, 0.00258088228293, 0.000394873059122], "mean": [6.98647545505e-06, 0.00241995905526, 0.00244942307472, 0.0021001228597, 0.00261064991355, 0.00185122177936, 0.00189749023411, 0.00103125302121, 0.00105876487214, 0.000399851327529, 0.000266836053925, 0.0003906628408, 0.000228771430557, 0.000605793495197, 0.000485941767693, 0.000286854774458, 0.000272500590654, 0.000112764806545, 0.000104382328573, 0.000100259021565, 0.000119904907478, 0.000106426668935, 7.12788605597e-05, 4.61060953967e-05, 2.23943370656e-05, 7.48692445995e-06, 2.6353066005e-06], "median": [5.46924411537e-07, 0.000288462848403, 0.00104030838702, 0.000637243676465, 0.000903574284166, 0.000478294212371, 0.000275533820968, 0.000151821164764, 0.000229269469855, 7.13340559741e-05, 7.02328325133e-05, 7.87902972661e-05, 3.91679895984e-05, 5.02531911479e-05, 4.79249792988e-05, 2.91443793685e-05, 3.12098927679e-05, 1.47801856656e-05, 1.27563507704e-05, 1.37228871608e-05, 1.38520608743e-05, 1.00627476058e-05, 6.99239080859e-06, 3.66802851204e-06, 2.0617599148e-06, 6.441827054e-07, 1.63571570511e-07], "min": [6.49936484747e-25, 2.29058030618e-24, 2.23504528731e-24, 5.62986559444e-25, 1.06925275763e-23, 9.85484328075e-24, 1.17821093583e-23, 1.57134434334e-23, 1.71892002387e-23, 2.22150015114e-23, 1.82792592816e-23, 3.55430368525e-23, 3.77018146731e-23, 4.55177033716e-23, 4.36757163133e-23, 6.27835209368e-23, 5.86967923074e-23, 7.67595045374e-23, 1.34726398559e-22, 1.49717721875e-22, 2.54514649338e-22, 3.45926513127e-22, 4.26561703913e-22, 6.10476104268e-22, 6.97495514806e-22, 1.32310224891e-21, 2.13959474284e-21], "var": [4.92570595423e-10, 5.80688501941e-05, 1.62644773809e-05, 2.53681919276e-05, 3.3150154195e-05, 2.21611499001e-05, 4.02413170377e-05, 1.38844334288e-05, 1.00574507087e-05, 2.36586743085e-06, 1.1759005929e-06, 1.89595755273e-06, 6.26395774361e-07, 3.64898323824e-06, 2.2744288799e-06, 6.01717090376e-07, 7.66168000155e-07, 7.57841718269e-08, 6.69569004685e-08, 4.96994339017e-08, 1.01671922437e-07, 1.73643897483e-07, 8.23240853265e-08, 1.07333853805e-07, 2.64067274713e-08, 1.55479285002e-09, 1.19359563899e-10]}, "barkbands_crest": {"dmean": 2.75830125809, "dmean2": 4.45873737335, "dvar": 7.12325191498, "dvar2": 17.7365760803, "max": 25.9228477478, "mean": 10.6636734009, "median": 9.89856910706, "min": 2.53080773354, "var": 17.6338024139}, "barkbands_flatness_db": {"dmean": 0.0229554977268, "dmean2": 0.0340217538178, "dvar": 0.000543525384273, "dvar2": 0.00111634668428, "max": 0.468390822411, "mean": 0.17684456706, "median": 0.170667231083, "min": 0.0321502424777, "var": 0.00431494927034}, "barkbands_kurtosis": {"dmean": 4.92408847809, "dmean2": 7.57924795151, "dvar": 86.6848297119, "dvar2": 201.006500244, "max": 251.052154541, "mean": 8.72580909729, "median": 3.86705040932, "min": -1.92946255207, "var": 217.785949707}, "barkbands_skewness": {"dmean": 0.65656453371, "dmean2": 0.974700510502, "dvar": 0.520539999008, "dvar2": 1.13023173809, "max": 12.2988023758, "mean": 1.85155522823, "median": 1.64173579216, "min": -4.96838951111, "var": 2.39838147163}, "barkbands_spread": {"dmean": 4.41250991821, "dmean2": 6.69981575012, "dvar": 44.8538742065, "dvar2": 96.7110290527, "max": 105.525772095, "mean": 15.0146541595, "median": 10.9776077271, "min": 0.280688434839, "var": 158.733810425}, "dissonance": {"dmean": 0.0255904495716, "dmean2": 0.0426894500852, "dvar": 0.000654686940834, "dvar2": 0.00176845386159, "max": 0.500000059605, "mean": 0.444706559181, "median": 0.457250714302, "min": 0.17884349823, "var": 0.00193387677427}, "dynamic_complexity": 5.32347631454, "erbbands": {"dmean": [0.0453703291714, 0.676665663719, 1.43833708763, 3.06860566139, 5.06788158417, 4.68097019196, 5.86531591415, 9.3543214798, 14.9537572861, 11.2986297607, 11.9834022522, 11.866853714, 8.6178150177, 5.77446365356, 6.13849306107, 7.09725952148, 5.90000629425, 8.819688797, 15.4619379044, 14.2825164795, 9.78761768341, 9.37564754486, 3.9918076992, 2.86780333519, 2.5669271946, 3.10824370384, 2.58266305923, 3.30300879478, 2.94032001495, 1.96104252338, 1.68629622459, 1.04776012897, 0.341322988272, 0.136675462127, 0.0868699997663, 0.0246134400368, 0.00639127194881, 0.00129105639644, 0.00025163317332, 2.76736318483e-05], "dmean2": [0.0731099396944, 1.07489562035, 2.26664471626, 5.05383729935, 8.33300971985, 7.75256872177, 9.48421001434, 14.3602437973, 22.2668533325, 16.8954048157, 17.096113205, 17.3498687744, 13.1734161377, 8.8385477066, 9.3705739975, 10.5804414749, 8.89124393463, 13.4021034241, 23.5295619965, 21.7328510284, 15.6897306442, 14.6558933258, 6.33172130585, 4.50210285187, 4.05775928497, 5.00756454468, 3.99948525429, 5.08768320084, 4.65552759171, 3.18682384491, 2.68578529358, 1.71490097046, 0.506252765656, 0.188634753227, 0.124931506813, 0.0339943431318, 0.00865295343101, 0.00178509030957, 0.000365486310329, 4.0137594624e-05], "dvar": [0.0217108242214, 4.15827798843, 9.24734115601, 52.6982536316, 137.459396362, 133.625793457, 146.616714478, 794.639343262, 2734.14355469, 1857.57800293, 2160.84570312, 1727.96166992, 1144.3963623, 378.859313965, 552.292907715, 1038.56140137, 316.193359375, 731.81451416, 2621.01660156, 1858.88232422, 1319.60412598, 1564.45715332, 133.982971191, 62.082988739, 52.4083747864, 70.1010437012, 64.5997238159, 130.796707153, 170.769439697, 106.907218933, 58.1805839539, 29.1208877563, 7.96713876724, 1.1024749279, 0.164637282491, 0.0135736372322, 0.000616629899014, 2.3159025659e-05, 8.46918680963e-07, 7.98448240857e-09], "dvar2": [0.0521285645664, 10.0194616318, 22.0902614594, 129.906890869, 354.332458496, 325.159973145, 362.619842529, 1664.76391602, 5704.68847656, 3565.08325195, 4071.16015625, 3591.54638672, 2729.39160156, 791.550170898, 974.258544922, 2040.27160645, 614.336364746, 1499.12756348, 5485.77148438, 3696.75, 3327.54589844, 3558.45800781, 343.994262695, 150.057357788, 129.237045288, 170.177810669, 142.494476318, 306.515075684, 431.413330078, 282.852661133, 149.045181274, 74.3604278564, 18.5598335266, 1.76789665222, 0.334064334631, 0.0243382304907, 0.00106364511885, 4.28107196058e-05, 1.65799974639e-06, 1.66289897408e-08], "max": [1.58289599419, 29.1639022827, 77.4771652222, 380.587310791, 393.518615723, 728.738708496, 700.526794434, 1413.39050293, 2416.03735352, 2405.32055664, 1834.05065918, 1709.76452637, 1667.61767578, 1004.94976807, 2259.00927734, 3093.98657227, 1369.02734375, 756.382324219, 1477.0020752, 1343.07556152, 1073.00708008, 1779.59020996, 497.706237793, 249.468673706, 204.308441162, 336.606018066, 422.273498535, 513.833557129, 542.345947266, 698.112670898, 304.926422119, 311.251098633, 338.029541016, 154.461242676, 47.786693573, 17.7577056885, 2.94963288307, 0.329799205065, 0.0564439706504, 0.00546913826838], "mean": [0.0384797044098, 0.671908676624, 2.5292134285, 5.4747095108, 8.75214481354, 7.4467959404, 9.47577571869, 18.1949043274, 29.1963024139, 21.1297416687, 24.7709064484, 23.6175289154, 15.9445228577, 11.2212429047, 12.0840778351, 14.1896791458, 11.6040906906, 17.3395385742, 29.3072490692, 27.6469192505, 16.615190506, 16.3547382355, 7.64170026779, 5.65603065491, 4.58465862274, 5.00807523727, 4.38447809219, 5.09591007233, 3.90903067589, 2.45215535164, 2.13283538818, 1.27102124691, 0.595402598381, 0.272662460804, 0.151799023151, 0.0465372614563, 0.0118535747752, 0.00233083963394, 0.000419911521021, 5.54695325263e-05], "median": [0.00387625396252, 0.10702123493, 1.11239171028, 2.21718859673, 2.06262588501, 2.59629106522, 3.96396875381, 4.03249454498, 4.685962677, 3.55865454674, 4.3648891449, 4.97869205475, 3.72702264786, 3.02828001976, 3.24375963211, 3.03630924225, 2.35386657715, 2.32460451126, 2.84600758553, 2.92593574524, 1.92791700363, 2.03286647797, 1.16102731228, 0.714708566666, 0.694600224495, 0.673473477364, 0.449601590633, 0.600855708122, 0.399002611637, 0.261262685061, 0.181278377771, 0.101362422109, 0.0480899624527, 0.023427657783, 0.0130949299783, 0.00451784953475, 0.000994928530417, 0.000171187595697, 3.30134535034e-05, 1.70613202499e-05], "min": [8.40401227127e-23, 6.94601190455e-22, 2.80107326685e-21, 8.19656419374e-21, 1.33420581578e-20, 4.33800558151e-20, 4.28656916458e-20, 9.19486731084e-20, 1.77087568899e-19, 2.21554614356e-19, 3.75239317946e-19, 5.13654293278e-19, 5.16241610837e-19, 9.62246592079e-19, 1.15301532764e-18, 2.06295949639e-18, 2.20153189453e-18, 2.53961798167e-18, 2.49810054596e-18, 3.32876131414e-18, 4.41061677523e-18, 3.96593978076e-18, 3.9518028505e-18, 6.86772245682e-18, 7.37952391723e-18, 7.38242070373e-18, 7.67122336998e-18, 1.07631177934e-17, 1.06640695325e-17, 1.15509262632e-17, 1.10583948023e-17, 1.24471086281e-17, 1.02530451405e-17, 7.22214205234e-18, 5.3791695855e-18, 4.45842698745e-18, 2.4016955407e-18, 9.21862910791e-19, 2.53021469587e-19, 2.87324643127e-20], "var": [0.01897672005, 3.82226538658, 16.0823020935, 130.587692261, 379.701934814, 433.505432129, 410.90435791, 2547.01245117, 9369.70410156, 5414.0390625, 7087.42138672, 5238.54003906, 2612.65112305, 1285.14611816, 1599.91430664, 3349.34692383, 1475.14331055, 2118.07470703, 7443.69287109, 5605.01123047, 2107.19384766, 2992.68188477, 310.937255859, 176.277740479, 103.036521912, 131.479812622, 139.183181763, 210.884368896, 242.136611938, 109.849533081, 70.1669387817, 46.7043113708, 31.6558456421, 6.0804977417, 0.745232999325, 0.0744099020958, 0.00295846350491, 8.72815871844e-05, 2.70123109658e-06, 2.22665867966e-08]}, "erbbands_crest": {"dmean": 2.90007638931, "dmean2": 4.5525021553, "dvar": 8.47440433502, "dvar2": 19.2674045563, "max": 32.2493934631, "mean": 10.8597536087, "median": 9.53993415833, "min": 2.07885026932, "var": 28.8307437897}, "erbbands_flatness_db": {"dmean": 0.0194151289761, "dmean2": 0.0277250427753, "dvar": 0.00041473278543, "dvar2": 0.000803161063232, "max": 0.421440601349, "mean": 0.182996213436, "median": 0.176034748554, "min": 0.0395471975207, "var": 0.00295253633521}, "erbbands_kurtosis": {"dmean": 1.79812908173, "dmean2": 2.7725944519, "dvar": 10.9514055252, "dvar2": 23.459072113, "max": 108.750198364, "mean": 2.47703433037, "median": 0.694230794907, "min": -1.89072442055, "var": 31.8529911041}, "erbbands_skewness": {"dmean": 0.450084000826, "dmean2": 0.672534763813, "dvar": 0.225773274899, "dvar2": 0.493069142103, "max": 7.99578380585, "mean": 0.660333693027, "median": 0.612012684345, "min": -5.90638923645, "var": 1.4368698597}, "erbbands_spread": {"dmean": 7.64168787003, "dmean2": 11.5618724823, "dvar": 88.820640564, "dvar2": 195.788482666, "max": 175.275238037, "mean": 31.7825927734, "median": 28.5825176239, "min": 0.895548343658, "var": 388.935943604}, "gfcc": {"cov": [[12830.8388672, -1349.58972168, -2001.41955566, 1004.18066406, -205.114837646, 413.684906006, -148.186126709, 151.724578857, -77.2117614746, 50.1078147888, -295.460388184, -204.070083618, 6.89722824097], [-1349.58972168, 1513.73596191, 200.908981323, -290.45211792, 283.515594482, -177.948028564, 135.073913574, -8.4001493454, 126.709869385, -51.9095039368, 110.92363739, -43.292842865, 12.9016056061], [-2001.41955566, 200.908981323, 1237.29724121, 13.4923725128, -114.002822876, 135.061004639, 90.6212310791, -13.2297887802, -46.8607902527, -64.3544998169, 35.8616027832, 87.1731262207, -23.4347305298], [1004.18066406, -290.45211792, 13.4923725128, 489.474884033, 83.13621521, 137.39276123, -2.45627140999, -24.9465312958, -17.2310619354, -1.5841370821, -78.2248764038, -33.3693962097, 12.0759267807], [-205.114837646, 283.515594482, -114.002822876, 83.13621521, 468.266571045, 36.5099029541, 21.9095478058, 56.5364646912, 69.1586380005, 30.9539604187, 3.76966238022, -61.620552063, 32.8097076416], [413.684906006, -177.948028564, 135.061004639, 137.39276123, 36.5099029541, 313.458312988, 51.6360473633, 27.9449901581, -18.4633293152, -8.03117275238, -44.7480964661, 0.361988186836, 15.6553573608], [-148.186126709, 135.073913574, 90.6212310791, -2.45627140999, 21.9095478058, 51.6360473633, 157.951141357, 39.758480072, -8.99450206757, -14.4790029526, 15.3161373138, -3.46986627579, -3.3231754303], [151.724578857, -8.4001493454, -13.2297887802, -24.9465312958, 56.5364646912, 27.9449901581, 39.758480072, 133.393890381, 20.1603221893, 8.06551074982, 13.2969923019, -4.51238012314, 1.04643011093], [-77.2117614746, 126.709869385, -46.8607902527, -17.2310619354, 69.1586380005, -18.4633293152, -8.99450206757, 20.1603221893, 126.240020752, 40.1477279663, 11.2159967422, -0.406845629215, 0.49528953433], [50.1078147888, -51.9095039368, -64.3544998169, -1.5841370821, 30.9539604187, -8.03117275238, -14.4790029526, 8.06551074982, 40.1477279663, 99.6754150391, 28.1899433136, -9.23065376282, 6.2386136055], [-295.460388184, 110.92363739, 35.8616027832, -78.2248764038, 3.76966238022, -44.7480964661, 15.3161373138, 13.2969923019, 11.2159967422, 28.1899433136, 96.3532943726, 32.6347122192, -3.80191135406], [-204.070083618, -43.292842865, 87.1731262207, -33.3693962097, -61.620552063, 0.361988186836, -3.46986627579, -4.51238012314, -0.406845629215, -9.23065376282, 32.6347122192, 90.1386032104, 13.8787899017], [6.89722824097, 12.9016056061, -23.4347305298, 12.0759267807, 32.8097076416, 15.6553573608, -3.3231754303, 1.04643011093, 0.49528953433, 6.2386136055, -3.80191135406, 13.8787899017, 80.7418518066]], "icov": [[0.000183536772965, -0.000115856128104, 0.000365663174307, -0.000436499976786, 0.000359300465789, -0.000296451704344, 0.000209149424336, -0.000442907999968, 0.000170936225913, -9.03035324882e-05, 8.52365265018e-05, 2.16408334381e-05, 0.000106297302409], [-0.000115856128104, 0.0017705487553, -0.000622957537416, 0.00111401150934, -0.00118158722762, 0.000894410244655, -0.00147759250831, 0.00157414830755, -0.00205592950806, 0.00228560040705, -0.00187809159979, 0.00186737044714, -0.00096834031865], [0.000365663174307, -0.000622957537416, 0.00182304903865, -0.00110792880878, 0.00105333293322, -0.00120481185149, 0.000309614581056, -0.000938463432249, 0.000831569486763, -0.00017266170471, 0.00010851775005, -0.00113134330604, 0.000801439746283], [-0.000436499976786, 0.00111401150934, -0.00110792880878, 0.00419786665589, -0.0019001205219, 0.000143390294397, -0.0011127096368, 0.00239630741999, -0.000893506861757, 0.000638445664663, 0.000808450917248, 0.000805901712738, -0.000566973874811], [0.000359300465789, -0.00118158722762, 0.00105333293322, -0.0019001205219, 0.00430901581421, -0.00127979298122, 0.00111231359188, -0.00243930728175, -0.000237902975641, -0.000821308640298, -0.00038100569509, 0.00158724584617, -0.000903278880287], [-0.000296451704344, 0.000894410244655, -0.00120481185149, 0.000143390294397, -0.00127979298122, 0.00527472933754, -0.00216188770719, 0.000276017381111, -0.000388259242754, 6.30549329799e-05, 0.00155727134552, -0.000402563426178, -0.000943938328419], [0.000209149424336, -0.00147759250831, 0.000309614581056, -0.0011127096368, 0.00111231359188, -0.00216188770719, 0.00923514738679, -0.00347621017136, 0.00199205358513, -0.000154692635988, -0.000940807338338, 0.000215916254092, 0.000785174779594], [-0.000442907999968, 0.00157414830755, -0.000938463432249, 0.00239630741999, -0.00243930728175, 0.000276017381111, -0.00347621017136, 0.0110782980919, -0.00288616563194, 0.00185356347356, -0.00234557827935, 0.00143009761814, -0.000675204559229], [0.000170936225913, -0.00205592950806, 0.000831569486763, -0.000893506861757, -0.000237902975641, -0.000388259242754, 0.00199205358513, -0.00288616563194, 0.0127664022148, -0.00685479305685, 0.00385959399864, -0.00437009474263, 0.00236450019293], [-9.03035324882e-05, 0.00228560040705, -0.00017266170471, 0.000638445664663, -0.000821308640298, 6.30549329799e-05, -0.000154692635988, 0.00185356347356, -0.00685479305685, 0.0173393320292, -0.00902236066759, 0.00629754271358, -0.00301699666306], [8.52365265018e-05, -0.00187809159979, 0.00010851775005, 0.000808450917248, -0.00038100569509, 0.00155727134552, -0.000940807338338, -0.00234557827935, 0.00385959399864, -0.00902236066759, 0.0202298704535, -0.00967975053936, 0.00333783100359], [2.16408334381e-05, 0.00186737044714, -0.00113134330604, 0.000805901712738, 0.00158724584617, -0.000402563426178, 0.000215916254092, 0.00143009761814, -0.00437009474263, 0.00629754271358, -0.00967975053936, 0.0195923279971, -0.00560902012512], [0.000106297302409, -0.00096834031865, 0.000801439746283, -0.000566973874811, -0.000903278880287, -0.000943938328419, 0.000785174779594, -0.000675204559229, 0.00236450019293, -0.00301699666306, 0.00333783100359, -0.00560902012512, 0.0147792669013]], "mean": [-77.0996398926, 113.560806274, -104.966949463, 20.9392051697, -58.5882377625, 3.00736665726, -37.7062187195, -4.47058057785, -18.5566082001, -3.0973315239, -20.1842365265, -4.80863428116, -11.2343072891]}, "hfc": {"dmean": 4.04956483841, "dmean2": 5.7473025322, "dvar": 67.5202560425, "dvar2": 143.862213135, "max": 343.524658203, "mean": 12.2835521698, "median": 5.25748729706, "min": 1.07972619893e-16, "var": 292.316009521}, "melbands": {"dmean": [0.000598776503466, 0.000813773483969, 0.000585445202887, 0.00033056671964, 0.00021031255892, 0.000210906378925, 0.000215335938265, 0.000124126236187, 9.77637901087e-05, 7.31116524548e-05, 4.43735480076e-05, 2.55190716416e-05, 2.1480353098e-05, 2.353787022e-05, 1.67611524375e-05, 1.31100805447e-05, 1.93534451682e-05, 3.09299248329e-05, 2.20546826313e-05, 1.40519268825e-05, 1.18134139484e-05, 1.12796606118e-05, 5.17383978149e-06, 2.99856515085e-06, 2.45251180786e-06, 2.37868721342e-06, 2.0394047624e-06, 2.08650453715e-06, 1.75701245553e-06, 1.59745059136e-06, 2.10348548535e-06, 1.81088500995e-06, 1.46657885125e-06, 9.62236640589e-07, 1.0472873555e-06, 8.76389322002e-07, 5.60586499887e-07, 2.63154078084e-07, 1.55075326802e-07, 1.09038481355e-07], "dmean2": [0.000956790405326, 0.00126429449301, 0.000967806321569, 0.000539220985956, 0.000343460211297, 0.000322538224282, 0.000321765692206, 0.000185116878129, 0.000138050323585, 0.000107828120235, 6.79749937262e-05, 3.91634275729e-05, 3.29221038555e-05, 3.62455648428e-05, 2.49704135058e-05, 1.97450044652e-05, 2.95641020784e-05, 4.75070592074e-05, 3.33800307999e-05, 2.19174144149e-05, 1.9152465029e-05, 1.77284309757e-05, 8.21704088594e-06, 4.81001097796e-06, 3.89051774619e-06, 3.8076295823e-06, 3.26853910337e-06, 3.38090399055e-06, 2.76863465842e-06, 2.45948558586e-06, 3.29566910295e-06, 2.88962837658e-06, 2.39374367084e-06, 1.58313844167e-06, 1.66567167525e-06, 1.46703439441e-06, 9.16330975542e-07, 3.99284090236e-07, 2.21891255592e-07, 1.54679199227e-07], "dvar": [3.60188755621e-06, 3.47230206899e-06, 1.63922959473e-06, 5.65547679798e-07, 1.84670511771e-07, 3.767383987e-07, 5.40678513516e-07, 2.10147220514e-07, 1.27374192971e-07, 6.26347329558e-08, 3.00662961195e-08, 8.23636536751e-09, 8.18498069322e-09, 7.40311412173e-09, 4.37335145875e-09, 1.90737536876e-09, 3.67257646516e-09, 1.22087815413e-08, 6.15345685517e-09, 1.88470927753e-09, 2.24324248066e-09, 2.63933275235e-09, 2.42005554485e-10, 9.59569090853e-11, 5.03937412633e-11, 5.78871846291e-11, 3.01969699246e-11, 3.42012702881e-11, 3.20209830873e-11, 2.38215315529e-11, 6.3005059503e-11, 6.52227299947e-11, 4.73744342366e-11, 2.99494803957e-11, 2.13813897143e-11, 1.9349143815e-11, 9.83713197705e-12, 6.70583987644e-12, 1.69838318756e-12, 7.32277194611e-13], "dvar2": [8.66249320097e-06, 8.01226451586e-06, 4.13991710957e-06, 1.42228816458e-06, 4.65703180907e-07, 7.94581183072e-07, 1.1311047956e-06, 4.17769484784e-07, 2.33002566574e-07, 1.33665764679e-07, 7.15011978514e-08, 1.74036554057e-08, 1.31272885895e-08, 1.57574202575e-08, 8.08631739346e-09, 3.56591334238e-09, 7.67115881928e-09, 2.52540850454e-08, 1.17186225168e-08, 4.05701650052e-09, 5.7254156971e-09, 6.00017813213e-09, 6.10978101445e-10, 2.39987502093e-10, 1.23703922106e-10, 1.43995287916e-10, 7.49222905938e-11, 8.24721263504e-11, 7.35742369806e-11, 5.14208745028e-11, 1.52946114107e-10, 1.67262162454e-10, 1.21615245652e-10, 8.10968306397e-11, 5.40023477325e-11, 5.28057562954e-11, 2.39697220406e-11, 1.7429840557e-11, 3.19618507008e-12, 1.28909198854e-12], "max": [0.023306934163, 0.0285846386105, 0.0605809688568, 0.0419455356896, 0.0235269907862, 0.0291851554066, 0.0332220010459, 0.022497529164, 0.0160981472582, 0.010600737296, 0.00877476297319, 0.00530068343505, 0.0105071682483, 0.00663408171386, 0.00417542178184, 0.00324846873991, 0.00144678971265, 0.00310580059886, 0.00238067889586, 0.00135782931466, 0.00154702609871, 0.00237394520082, 0.000661919708364, 0.000514911545906, 0.000244347233092, 0.00024668907281, 0.00017269262753, 0.000254226382822, 0.000303662702208, 0.00024000153644, 0.000307342706947, 0.000331282964908, 0.000286658731056, 0.000420994212618, 0.000178072354174, 0.000165530422237, 0.00022412778344, 0.000328770576743, 0.000168145139469, 0.000115611146612], "mean": [0.000530906254426, 0.00121345941443, 0.00106902851257, 0.000588013033848, 0.000332446274115, 0.000413264468079, 0.000423491670517, 0.000227688840823, 0.000203839255846, 0.000142688862979, 7.82782735769e-05, 4.69672086183e-05, 3.96161740355e-05, 4.32068991358e-05, 3.06454458041e-05, 2.3767559469e-05, 3.56643868145e-05, 5.41847657587e-05, 4.01426332246e-05, 2.52940535574e-05, 1.77054880623e-05, 1.82230651262e-05, 9.59142562351e-06, 5.04499394083e-06, 4.51587811767e-06, 4.01260967919e-06, 3.23748827213e-06, 3.14451631311e-06, 2.7389164643e-06, 2.63675178758e-06, 3.01191926155e-06, 2.3344202873e-06, 1.77642175458e-06, 1.17255626719e-06, 1.32858122015e-06, 9.70085579866e-07, 6.86822545504e-07, 4.3943214223e-07, 2.92523964163e-07, 2.068236995e-07], "median": [5.86167479923e-05, 0.000484386458993, 0.000472551793791, 0.000168212340213, 0.000137397873914, 9.61478217505e-05, 6.68446082273e-05, 3.51636263076e-05, 3.32124254783e-05, 3.02372754959e-05, 1.7057012883e-05, 1.18548032333e-05, 1.0746184671e-05, 8.44057831273e-06, 5.58367264603e-06, 3.65598634744e-06, 3.93673326471e-06, 4.01616307499e-06, 3.59267278327e-06, 2.73615387414e-06, 1.69371469383e-06, 1.9625904315e-06, 1.20271897686e-06, 6.35582864561e-07, 4.90896525207e-07, 4.94324808642e-07, 4.30097031767e-07, 3.96749868514e-07, 2.49975926181e-07, 2.74549847745e-07, 3.37838343967e-07, 2.17230962107e-07, 1.45787140582e-07, 1.3073970706e-07, 1.04312377402e-07, 7.40381622677e-08, 4.98434928886e-08, 3.13714139111e-08, 2.66009028138e-08, 1.62200812781e-08], "min": [7.45214414626e-25, 1.93616620349e-24, 1.57311703212e-24, 2.99151793035e-24, 1.62451378529e-24, 1.97155154547e-24, 3.11161786165e-24, 3.13845550129e-24, 3.15881324024e-24, 2.62734423776e-24, 2.24163365638e-24, 4.09912321192e-24, 3.1475208936e-24, 3.23198797781e-24, 2.67369297138e-24, 4.65584207426e-24, 4.72906690449e-24, 3.08113607906e-24, 4.66321397942e-24, 3.19056055294e-24, 4.11819984076e-24, 3.84221014775e-24, 3.56611553624e-24, 4.04631370748e-24, 5.33539486258e-24, 4.97335937747e-24, 5.24691149028e-24, 4.71290787771e-24, 4.07844440658e-24, 4.94187633317e-24, 5.90153154083e-24, 5.36072163637e-24, 6.65492289317e-24, 5.56477313128e-24, 6.07444906239e-24, 5.84961660466e-24, 7.27160149519e-24, 7.08333589586e-24, 6.06165413294e-24, 5.91960237202e-24], "var": [3.20387584907e-06, 4.58484373667e-06, 3.98684642278e-06, 2.04927005143e-06, 4.92884225878e-07, 1.20730851449e-06, 1.8820024934e-06, 5.87252031892e-07, 4.87277588945e-07, 1.9049637956e-07, 6.88742787247e-08, 2.45833398083e-08, 2.35438673002e-08, 2.17007318781e-08, 1.4134351467e-08, 7.56189333373e-09, 9.96127536013e-09, 3.28503553249e-08, 1.85258368646e-08, 4.88144902278e-09, 3.24404969554e-09, 4.86676121625e-09, 7.04174552002e-10, 1.67962810327e-10, 1.31879590581e-10, 1.09790558589e-10, 5.47486778135e-11, 6.05706804158e-11, 6.10453840255e-11, 5.17493894958e-11, 8.64104968135e-11, 8.68863037073e-11, 5.95599819464e-11, 2.80586578277e-11, 2.60292065679e-11, 2.0513509294e-11, 1.78578766358e-11, 2.03200511972e-11, 8.12118861743e-12, 3.48185759738e-12]}, "melbands_crest": {"dmean": 3.14359378815, "dmean2": 5.00022935867, "dvar": 7.81424570084, "dvar2": 18.914648056, "max": 33.3858604431, "mean": 14.6734685898, "median": 14.0327606201, "min": 1.72690451145, "var": 27.8715209961}, "melbands_flatness_db": {"dmean": 0.0285072922707, "dmean2": 0.0415359660983, "dvar": 0.000903686217498, "dvar2": 0.00179238221608, "max": 0.588803052902, "mean": 0.251773297787, "median": 0.24699151516, "min": 0.00343189388514, "var": 0.00747976545244}, "melbands_kurtosis": {"dmean": 8.97091293335, "dmean2": 13.7696790695, "dvar": 282.198608398, "dvar2": 645.450012207, "max": 365.228393555, "mean": 16.8978977203, "median": 8.42586040497, "min": -1.89181339741, "var": 660.62487793}, "melbands_skewness": {"dmean": 0.797430872917, "dmean2": 1.18781864643, "dvar": 0.774169147015, "dvar2": 1.65461432934, "max": 15.575217247, "mean": 2.6046974659, "median": 2.27782320976, "min": -2.22407507896, "var": 3.30148839951}, "melbands_spread": {"dmean": 5.9988193512, "dmean2": 9.13065624237, "dvar": 125.231658936, "dvar2": 285.010864258, "max": 249.843658447, "mean": 17.9308223724, "median": 11.0615978241, "min": 0.312026947737, "var": 362.903198242}, "mfcc": {"cov": [[12090.3505859, -1718.33251953, -1761.76538086, 362.942443848, -143.5365448, 266.179260254, -38.5223121643, 19.8668327332, 205.658798218, 194.2318573, -124.527000427, 38.9130096436, -155.522521973], [-1718.33251953, 1590.8515625, 50.1287841797, -59.4877967834, 113.373191833, -129.012969971, 55.1193237305, 16.9147472382, 26.7959117889, -9.78912067413, 74.9040908813, 55.9698410034, 91.4879226685], [-1761.76538086, 50.1287841797, 1169.17285156, -27.1410579681, -66.7094802856, 90.1902160645, 55.2695846558, 116.595977783, -56.4370803833, -86.6105575562, -2.78689908981, -33.4916419983, 34.0965919495], [362.942443848, -59.4877967834, -27.1410579681, 310.028564453, 94.6882400513, 69.7317657471, 22.4455738068, -8.91948318481, 34.9058799744, 19.3447685242, -3.68062567711, -6.71623754501, -13.1121196747], [-143.5365448, 113.373191833, -66.7094802856, 94.6882400513, 323.411804199, 85.7162399292, 47.7102470398, 11.750582695, 67.0010299683, 73.8086547852, 4.120885849, 2.80496263504, 7.85427570343], [266.179260254, -129.012969971, 90.1902160645, 69.7317657471, 85.7162399292, 249.495437622, 45.8411331177, 47.522441864, 47.2751235962, 31.0553798676, -10.0604085922, -21.9410896301, -23.2186069489], [-38.5223121643, 55.1193237305, 55.2695846558, 22.4455738068, 47.7102470398, 45.8411331177, 203.208984375, 61.2781028748, 42.3855476379, 26.515417099, -2.64681506157, 17.6302204132, -4.50329494476], [19.8668327332, 16.9147472382, 116.595977783, -8.91948318481, 11.750582695, 47.522441864, 61.2781028748, 148.555297852, 34.9379234314, -2.21584677696, 1.74360406399, -1.54606437683, 15.7369432449], [205.658798218, 26.7959117889, -56.4370803833, 34.9058799744, 67.0010299683, 47.2751235962, 42.3855476379, 34.9379234314, 117.095909119, 54.5579109192, -6.19924640656, 7.74474430084, -3.7773873806], [194.2318573, -9.78912067413, -86.6105575562, 19.3447685242, 73.8086547852, 31.0553798676, 26.515417099, -2.21584677696, 54.5579109192, 111.239875793, 25.666267395, 5.95425462723, -6.80661916733], [-124.527000427, 74.9040908813, -2.78689908981, -3.68062567711, 4.120885849, -10.0604085922, -2.64681506157, 1.74360406399, -6.19924640656, 25.666267395, 99.8426208496, 34.940322876, 0.0401262678206], [38.9130096436, 55.9698410034, -33.4916419983, -6.71623754501, 2.80496263504, -21.9410896301, 17.6302204132, -1.54606437683, 7.74474430084, 5.95425462723, 34.940322876, 90.6669082642, 29.8980560303], [-155.522521973, 91.4879226685, 34.0965919495, -13.1121196747, 7.85427570343, -23.2186069489, -4.50329494476, 15.7369432449, -3.7773873806, -6.80661916733, 0.0401262678206, 29.8980560303, 89.4362487793]], "icov": [[0.000153505709022, 0.000118390118587, 0.000246432464337, -0.000158575392561, 0.000209198216908, -0.000162659518537, 5.41504305147e-05, -0.000229395605857, -3.44538711943e-05, -0.000162202224601, 0.000194589330931, -0.000202795912628, 6.50270667393e-05], [0.000118390118587, 0.000893036369234, 0.000138710413012, 6.46414337098e-05, -0.000286933238385, 0.000376446783775, -0.000264903268544, 5.12472342962e-06, -0.000552687677555, 0.00049703521654, -0.000668515276629, 9.51397669269e-05, -0.000659389188513], [0.000246432464337, 0.000138710413012, 0.00148681038991, -0.0002226982906, 0.00052024400793, -0.000779787194915, -0.000199005720788, -0.00100110669155, 0.000490688777063, 0.000400508462917, -4.1422204049e-06, 0.000230226534768, -0.000420599099016], [-0.000158575392561, 6.46414337098e-05, -0.0002226982906, 0.00397605216131, -0.0012026980985, -0.000496565771755, -0.000354270072421, 0.00105982390232, -0.000858654617332, 0.000995179638267, -0.000618449412286, 0.000500368711073, -2.91843953164e-05], [0.000209198216908, -0.000286933238385, 0.00052024400793, -0.0012026980985, 0.00485913921148, -0.00145172479097, -0.000211277932976, -0.000142725082696, -0.000597166246735, -0.00245913560502, 0.000733266060706, -0.000118540941912, -0.000679582997691], [-0.000162659518537, 0.000376446783775, -0.000779787194915, -0.000496565771755, -0.00145172479097, 0.00594372069463, -0.000393011054257, -0.000894965953194, -0.00112730578985, -0.000213633466046, -0.00019707409956, 0.000915169483051, 0.00099506159313], [5.41504305147e-05, -0.000264903268544, -0.000199005720788, -0.000354270072421, -0.000211277932976, -0.000393011054257, 0.00656241644174, -0.00259470846504, -0.000300102168694, -0.00157785101328, 0.00169025163632, -0.00248012412339, 0.00178816111293], [-0.000229395605857, 5.12472342962e-06, -0.00100110669155, 0.00105982390232, -0.000142725082696, -0.000894965953194, -0.00259470846504, 0.0102076521143, -0.00363617949188, 0.00262996763922, -0.00227069365792, 0.00217103399336, -0.00269183539785], [-3.44538711943e-05, -0.000552687677555, 0.000490688777063, -0.000858654617332, -0.000597166246735, -0.00112730578985, -0.000300102168694, -0.00363617949188, 0.0147202927619, -0.006619122345, 0.00384699576534, -0.00260539469309, 0.00156419025734], [-0.000162202224601, 0.00049703521654, 0.000400508462917, 0.000995179638267, -0.00245913560502, -0.000213633466046, -0.00157785101328, 0.00262996763922, -0.006619122345, 0.0159905273467, -0.0059385295026, 0.00252099125646, -0.00108167110011], [0.000194589330931, -0.000668515276629, -4.1422204049e-06, -0.000618449412286, 0.000733266060706, -0.00019707409956, 0.00169025163632, -0.00227069365792, 0.00384699576534, -0.0059385295026, 0.014972618781, -0.00696398736909, 0.00333405914716], [-0.000202795912628, 9.51397669269e-05, 0.000230226534768, 0.000500368711073, -0.000118540941912, 0.000915169483051, -0.00248012412339, 0.00217103399336, -0.00260539469309, 0.00252099125646, -0.00696398736909, 0.0167183820158, -0.00622719014063], [6.50270667393e-05, -0.000659389188513, -0.000420599099016, -2.91843953164e-05, -0.000679582997691, 0.00099506159313, 0.00178816111293, -0.00269183539785, 0.00156419025734, -0.00108167110011, 0.00333405914716, -0.00622719014063, 0.0150704691187]], "mean": [-723.879638672, 146.585174561, 9.3462638855, 19.996553421, -1.47634112835, 7.04070949554, -10.3255701065, -1.23490417004, -1.45426261425, -1.28204953671, -5.48464775085, -3.07638764381, -3.51702833176]}, "pitch_salience": {"dmean": 0.0788996517658, "dmean2": 0.127369791269, "dvar": 0.00551262078807, "dvar2": 0.0138497427106, "max": 0.87724852562, "mean": 0.533989071846, "median": 0.538617372513, "min": 0.0810192376375, "var": 0.0148983504623}, "silence_rate_20dB": {"dmean": 0, "dmean2": 0, "dvar": 0, "dvar2": 0, "max": 1, "mean": 1, "median": 1, "min": 1, "var": 0}, "silence_rate_30dB": {"dmean": 0.00711792940274, "dmean2": 0.0142363514751, "dvar": 0.00706431129947, "dvar2": 0.0170813146979, "max": 1, "mean": 0.990429162979, "median": 1, "min": 0, "var": 0.00947926100343}, "silence_rate_60dB": {"dmean": 0.0496181882918, "dmean2": 0.0992398038507, "dvar": 0.0471468158066, "dvar2": 0.101042404771, "max": 1, "mean": 0.207760348916, "median": 0, "min": 0, "var": 0.164619937539}, "spectral_centroid": {"dmean": 204.336807251, "dmean2": 308.008728027, "dvar": 103992.4375, "dvar2": 225075.484375, "max": 11911.2197266, "mean": 947.581420898, "median": 706.774475098, "min": 125.261940002, "var": 548928.5}, "spectral_complexity": {"dmean": 2.41608786583, "dmean2": 3.69917058945, "dvar": 9.32650184631, "dvar2": 18.9647159576, "max": 56, "mean": 11.9614744186, "median": 10, "min": 0, "var": 73.2682189941}, "spectral_contrast_coeffs": {"dmean": [0.049487542361, 0.0459018051624, 0.0352447554469, 0.0311024785042, 0.023460874334, 0.0198662374169], "dmean2": [0.0808457359672, 0.0736766159534, 0.0569329299033, 0.048748806119, 0.0367145054042, 0.031458389014], "dvar": [0.00160597043578, 0.00144612847362, 0.000880228821188, 0.000754601031076, 0.000500039895996, 0.000468796177302], "dvar2": [0.00418000575155, 0.00353862065822, 0.00219113472849, 0.00164098350797, 0.00109155033715, 0.0010844784556], "max": [-0.248767912388, -0.316602289677, -0.421765595675, -0.504005491734, -0.522909879684, -0.554106295109], "mean": [-0.608549594879, -0.723805785179, -0.770513117313, -0.775081753731, -0.797328770161, -0.762618899345], "median": [-0.614752948284, -0.737639427185, -0.774003446102, -0.785708546638, -0.80629247427, -0.761345028877], "min": [-0.976657986641, -0.981144547462, -0.976388692856, -0.968176305294, -0.96723908186, -0.964590489864], "var": [0.00752105144784, 0.00734177185223, 0.00383010762744, 0.00491687702015, 0.00339042628184, 0.00309700565413]}, "spectral_contrast_valleys": {"dmean": [0.491474330425, 0.382349818945, 0.333809733391, 0.331162601709, 0.340946376324, 0.290725648403], "dmean2": [0.7761926651, 0.612052440643, 0.52183932066, 0.507134020329, 0.50468993187, 0.383611530066], "dvar": [0.216730564833, 0.126446187496, 0.107852734625, 0.123837269843, 0.17245234549, 0.165015026927], "dvar2": [0.453236043453, 0.295553058386, 0.23070846498, 0.251779586077, 0.350295633078, 0.289059668779], "max": [-5.08802318573, -4.57989883423, -5.18920230865, -5.6990480423, -5.7136464119, -7.07161808014], "mean": [-7.93308353424, -7.11502885818, -7.97774982452, -8.55661964417, -8.73299407959, -11.2646837234], "median": [-7.78684139252, -7.02968025208, -7.83432149887, -8.39714336395, -8.62512588501, -11.1866779327], "min": [-27.7975006104, -28.0218238831, -27.7855014801, -27.6070194244, -27.4923019409, -27.4178714752], "var": [1.67345476151, 1.42942595482, 1.5790053606, 1.79659116268, 2.01523852348, 1.85888826847]}, "spectral_decrease": {"dmean": 1.7943638797e-09, "dmean2": 2.66486499534e-09, "dvar": 9.77283205331e-18, "dvar2": 2.02370365518e-17, "max": 1.39083426309e-28, "mean": -4.7540056336e-09, "median": -2.82059886558e-09, "min": -5.72578322533e-08, "var": 3.3046110317e-17}, "spectral_energy": {"dmean": 0.00705041037872, "dmean2": 0.0104461498559, "dvar": 0.000146298058098, "dvar2": 0.000301954336464, "max": 0.223536834121, "mean": 0.0190568193793, "median": 0.0113706933334, "min": 1.00731227719e-20, "var": 0.00051703164354}, "spectral_energyband_high": {"dmean": 0.000255905266386, "dmean2": 0.000383845646866, "dvar": 9.4887383284e-07, "dvar2": 2.21850177695e-06, "max": 0.039522074163, "mean": 0.000420835305704, "median": 5.84786539548e-05, "min": 6.98916403495e-21, "var": 1.80066319899e-06}, "spectral_energyband_low": {"dmean": 0.00397510174662, "dmean2": 0.00605837255716, "dvar": 8.3102589997e-05, "dvar2": 0.000183531708899, "max": 0.169046014547, "mean": 0.00595505861565, "median": 0.00247332151048, "min": 2.33465909255e-23, "var": 0.000115389710118}, "spectral_energyband_middle_high": {"dmean": 0.0010478006443, "dmean2": 0.00149691826664, "dvar": 4.89774583912e-06, "dvar2": 9.57751490205e-06, "max": 0.0737546011806, "mean": 0.00317147234455, "median": 0.00081698037684, "min": 1.23897135671e-21, "var": 2.82424134639e-05}, "spectral_energyband_middle_low": {"dmean": 0.00403692293912, "dmean2": 0.00627966225147, "dvar": 5.77030805289e-05, "dvar2": 0.000132855711854, "max": 0.19768717885, "mean": 0.0106451958418, "median": 0.00481120403856, "min": 1.60603320792e-22, "var": 0.000266402756097}, "spectral_entropy": {"dmean": 0.21057459712, "dmean2": 0.311351895332, "dvar": 0.0529543235898, "dvar2": 0.108221411705, "max": 9.83239746094, "mean": 7.08603191376, "median": 7.134765625, "min": 4.8003115654, "var": 0.371043503284}, "spectral_flux": {"dmean": 0.0224489085376, "dmean2": 0.0347912758589, "dvar": 0.000828321906738, "dvar2": 0.00182239385322, "max": 0.391323715448, "mean": 0.0610485449433, "median": 0.0479466468096, "min": 6.38750163873e-11, "var": 0.00233587436378}, "spectral_kurtosis": {"dmean": 2.8909368515, "dmean2": 4.77080726624, "dvar": 17.9855995178, "dvar2": 46.581993103, "max": 105.468154907, "mean": 8.32420063019, "median": 5.64687299728, "min": -1.24751162529, "var": 75.7830810547}, "spectral_rms": {"dmean": 0.000712442852091, "dmean2": 0.00101841567084, "dvar": 9.03981344891e-07, "dvar2": 1.70693203927e-06, "max": 0.014767691493, "mean": 0.0036598094739, "median": 0.00333066936582, "min": 3.13487430459e-12, "var": 5.19784089192e-06}, "spectral_rolloff": {"dmean": 363.149261475, "dmean2": 603.147460938, "dvar": 676312.1875, "dvar2": 1513385.625, "max": 19702.8808594, "mean": 1114.65563965, "median": 624.462890625, "min": 86.1328125, "var": 1879895.75}, "spectral_skewness": {"dmean": 0.331881016493, "dmean2": 0.527042508125, "dvar": 0.149272739887, "dvar2": 0.36185246706, "max": 8.23502063751, "mean": 2.05907273293, "median": 1.82880592346, "min": -0.151387542486, "var": 0.9155382514}, "spectral_spread": {"dmean": 488134.65625, "dmean2": 727966.0625, "dvar": 409039142912, "dvar2": 804124360704, "max": 41629800, "mean": 4069175, "median"