{"lowlevel": {"average_loudness": 0.66597878933, "barkbands": {"dmean": [0.000444789096946, 0.00255660130642, 0.00230809650384, 0.00115127279423, 0.00278014410287, 0.00211305147968, 0.00128268473782, 0.000534069142304, 0.000239701825194, 0.000195674569113, 7.74326254032e-05, 5.89347655477e-05, 3.72702561435e-05, 2.13706116483e-05, 2.0250068701e-05, 2.14979172597e-05, 2.04362258955e-05, 2.16935459321e-05, 1.67948383023e-05, 4.1554130803e-06, 3.20711910717e-06, 2.98559871226e-06, 1.55650786837e-06, 1.44453235862e-06, 1.42954570492e-06, 1.65821700193e-06, 9.37479853746e-05], "dmean2": [0.000741066411138, 0.00423954892904, 0.00385920121334, 0.00180758023635, 0.00420259684324, 0.00303416419774, 0.00205476465635, 0.000820211891551, 0.0003750466567, 0.000302669010125, 0.000123069432448, 9.09940208658e-05, 5.82782377023e-05, 3.4105611121e-05, 3.14569224429e-05, 3.29940703523e-05, 3.10668219754e-05, 3.2993259083e-05, 2.47906882578e-05, 6.43460361971e-06, 5.11087182531e-06, 4.71486373499e-06, 2.58547993326e-06, 2.4171381483e-06, 2.38061420532e-06, 2.71102612714e-06, 0.000124021375086], "dvar": [4.43392281113e-07, 1.16060928121e-05, 1.74112938112e-05, 6.79455752106e-06, 5.18412562087e-05, 4.99524867337e-05, 2.18802852032e-05, 3.50543609784e-06, 6.9840643846e-07, 3.03288345549e-07, 5.14130427121e-08, 2.20097948755e-08, 8.46022363277e-09, 2.305091229e-09, 4.15241574458e-09, 3.6286336158e-09, 4.53482806861e-09, 7.50072182143e-09, 7.45492290122e-09, 1.89384022353e-10, 1.70354827467e-10, 1.77475409369e-10, 1.23388920609e-11, 1.10494842442e-11, 1.03857105208e-11, 1.12810177866e-11, 7.6893854839e-08], "dvar2": [1.16771263947e-06, 2.99716084555e-05, 4.93011830258e-05, 1.50915166159e-05, 0.000120304379379, 0.000102305486507, 5.79795669182e-05, 8.24989092507e-06, 1.70013254319e-06, 7.14783709554e-07, 1.26494413166e-07, 4.73548631419e-08, 1.97875031915e-08, 5.34677813135e-09, 8.72393268736e-09, 7.97798982433e-09, 1.05056559008e-08, 1.69671050543e-08, 1.39413058875e-08, 4.07559902493e-10, 4.15931095121e-10, 4.67876626331e-10, 3.0796840772e-11, 2.76550553291e-11, 2.60044468597e-11, 2.78526663539e-11, 1.48980291215e-07], "max": [0.0112117705867, 0.071712128818, 0.0841897130013, 0.124250635505, 0.147556230426, 0.211210891604, 0.155426993966, 0.0600865408778, 0.0313391685486, 0.0121776014566, 0.006624807138, 0.00357900699601, 0.00312323658727, 0.00162667769473, 0.00249749282375, 0.0023491429165, 0.00255624786951, 0.00405338592827, 0.0055863908492, 0.000655877869576, 0.00091829826124, 0.00072782789357, 7.37052323529e-05, 6.87889769324e-05, 6.61919693812e-05, 6.47290871711e-05, 0.00641827052459], "mean": [0.000725367630366, 0.00407442869619, 0.00343960034661, 0.00176380947232, 0.0047395597212, 0.00344529165886, 0.00206058006734, 0.000853629608173, 0.000374585186364, 0.000340801430866, 0.000119814372738, 0.000102941383375, 6.27621120657e-05, 3.52099414158e-05, 3.33785210387e-05, 3.62575774489e-05, 2.90920397674e-05, 3.07614318444e-05, 2.61871991825e-05, 5.55264614377e-06, 4.08160940424e-06, 3.86376586903e-06, 1.66589427408e-06, 1.41359555528e-06, 1.41625127981e-06, 2.0000211407e-06, 0.000184157834155], "median": [0.000295925157843, 0.00258879642934, 0.00143762852531, 0.000577398517635, 0.00142987049185, 0.000502544164192, 0.000238851993345, 0.000136657356052, 7.51553161535e-05, 5.38972381037e-05, 2.81415232166e-05, 3.15609649988e-05, 1.77980382432e-05, 1.22996634673e-05, 1.2547422557e-05, 1.50404666783e-05, 8.33012200019e-06, 8.39699532662e-06, 5.19935156262e-06, 1.53586029228e-06, 9.90741796159e-07, 8.76634373981e-07, 5.29248779912e-07, 3.83707146057e-07, 4.03797059789e-07, 7.91022785052e-07, 6.54578470858e-05], "min": [3.6944202126e-24, 6.59851381642e-24, 1.27759021272e-23, 7.78597331806e-25, 3.70531532834e-23, 7.79165741587e-23, 5.58017358942e-23, 1.02501919675e-23, 3.20157652217e-23, 1.15656752715e-22, 3.36830195894e-23, 9.29926526906e-23, 1.00023965576e-22, 1.07434247241e-22, 1.01089571509e-22, 1.13344860148e-22, 1.73204269347e-22, 8.37519171141e-23, 2.94898849835e-22, 3.08877894216e-22, 3.11218526563e-22, 4.8561954208e-22, 6.78299613352e-22, 7.50502777207e-22, 8.6342721867e-22, 1.58963161587e-21, 2.30522211047e-21], "var": [9.41736516324e-07, 2.17427295865e-05, 3.72069334844e-05, 1.24532089103e-05, 0.000102810161479, 0.000111751236545, 4.13747839048e-05, 6.95603603162e-06, 1.26993040794e-06, 8.27089309041e-07, 9.6061540944e-08, 5.23516838769e-08, 1.94972624712e-08, 4.97969310231e-09, 7.26970439402e-09, 5.8043463369e-09, 7.36449479177e-09, 1.13677414149e-08, 2.20471694234e-08, 3.55994123069e-10, 3.53592322089e-10, 3.2752014989e-10, 1.32869678801e-11, 1.14224688735e-11, 1.08556991521e-11, 1.37334458042e-11, 1.81629246754e-07]}, "barkbands_crest": {"dmean": 2.90007424355, "dmean2": 4.791451931, "dvar": 6.07426977158, "dvar2": 16.4194450378, "max": 25.7432060242, "mean": 11.4931573868, "median": 10.9020671844, "min": 3.94134569168, "var": 14.3392086029}, "barkbands_flatness_db": {"dmean": 0.0352392047644, "dmean2": 0.0562983453274, "dvar": 0.000875190657098, "dvar2": 0.00225438084453, "max": 0.449160456657, "mean": 0.22026604414, "median": 0.217705771327, "min": 0.0589779615402, "var": 0.0029512445908}, "barkbands_kurtosis": {"dmean": 12.4039373398, "dmean2": 19.9427585602, "dvar": 324.809875488, "dvar2": 833.270202637, "max": 324.558074951, "mean": 28.9738540649, "median": 20.7145748138, "min": -1.80498242378, "var": 861.483398438}, "barkbands_skewness": {"dmean": 0.919003248215, "dmean2": 1.45273971558, "dvar": 0.830268025398, "dvar2": 2.0535941124, "max": 14.6976270676, "mean": 3.65181732178, "median": 3.45637583733, "min": -2.0851893425, "var": 3.84732604027}, "barkbands_spread": {"dmean": 4.54467344284, "dmean2": 6.85527181625, "dvar": 76.9541397095, "dvar2": 150.004852295, "max": 134.736480713, "mean": 12.3142366409, "median": 7.66736412048, "min": 0.450200289488, "var": 261.839233398}, "dissonance": {"dmean": 0.0317489095032, "dmean2": 0.0529860593379, "dvar": 0.000963137543295, "dvar2": 0.0026246542111, "max": 0.500000119209, "mean": 0.438185185194, "median": 0.448791652918, "min": 0.116506636143, "var": 0.00198824261315}, "dynamic_complexity": 4.21714925766, "erbbands": {"dmean": [0.0743027850986, 0.614073991776, 2.25946998596, 3.39338207245, 6.64089488983, 9.37761497498, 15.1480112076, 18.5286846161, 16.7236309052, 17.1754512787, 9.83686923981, 5.1789393425, 5.18282985687, 6.07792043686, 2.76390767097, 2.19819808006, 1.74271512032, 1.21786999702, 0.873065948486, 1.13053119183, 1.07730734348, 1.14742600918, 1.03234004974, 1.19567966461, 0.58392739296, 0.199329063296, 0.128672406077, 0.13738809526, 0.112456507981, 0.0617173686624, 0.0428559705615, 0.0319635458291, 0.0232041180134, 0.0159738976508, 0.0101883243769, 0.00587720796466, 0.00314680067822, 0.00425528921187, 0.00828810874373, 0.00264634541236], "dmean2": [0.122352316976, 1.02449762821, 3.79726862907, 5.41659355164, 10.1819677353, 14.1509895325, 21.8802337646, 27.0565662384, 26.6220798492, 27.305803299, 15.2090930939, 8.10427379608, 8.12479782104, 9.36096477509, 4.28643512726, 3.3946518898, 2.70909833908, 1.91252732277, 1.35521769524, 1.74499940872, 1.65710043907, 1.73872792721, 1.54507231712, 1.73576271534, 0.852619290352, 0.302296996117, 0.203227832913, 0.213575080037, 0.174161121249, 0.0998966917396, 0.0712718442082, 0.0534893907607, 0.0388216525316, 0.0266470629722, 0.0169312432408, 0.00972859282047, 0.00511142471805, 0.00605119951069, 0.0110905496404, 0.00353031605482], "dvar": [0.0101232025772, 0.738118946552, 15.8925895691, 49.1907310486, 261.864715576, 774.506408691, 2894.75878906, 4325.83447266, 5044.25634766, 3383.94165039, 1601.20397949, 330.90524292, 262.860931396, 368.496917725, 57.4324455261, 24.1816501617, 19.2923069, 7.9593539238, 5.8169503212, 13.7085027695, 8.34174442291, 13.2614955902, 16.1153526306, 24.36510849, 10.628663063, 0.458672434092, 0.126337379217, 0.450269132853, 0.24190980196, 0.0197254009545, 0.00943896267563, 0.00540957832709, 0.00284348032437, 0.00131990003865, 0.000518318323884, 0.00016263082216, 3.93256741518e-05, 0.000130518368678, 0.00115745083895, 4.07012230426e-05], "dvar2": [0.0260053314269, 1.93223047256, 44.4177474976, 112.634910583, 634.823181152, 1758.33190918, 6465.12402344, 9146.18457031, 13482.2675781, 8173.41210938, 3808.57617188, 803.356994629, 630.850219727, 833.279724121, 135.634689331, 52.3380241394, 44.8693122864, 17.962808609, 12.2540168762, 29.2703514099, 18.6268939972, 29.9885063171, 35.5361328125, 47.9757080078, 18.9432888031, 0.85033851862, 0.287031978369, 1.0806709528, 0.589156508446, 0.0460656285286, 0.0235346518457, 0.0135448183864, 0.00711443228647, 0.00330348080024, 0.00129808555357, 0.000407568528317, 9.70996479737e-05, 0.000257411855273, 0.00235253246501, 7.83736759331e-05], "max": [1.24068701267, 20.2836265564, 83.2242431641, 285.759857178, 454.797485352, 684.018737793, 1827.69885254, 2022.72009277, 2581.06933594, 1630.93859863, 1293.16516113, 548.846008301, 631.597412109, 494.107696533, 239.149795532, 112.218681335, 165.233566284, 90.66771698, 94.7397003174, 151.158111572, 90.1981735229, 126.949691772, 198.266159058, 252.128601074, 234.57371521, 38.4410858154, 15.3970623016, 48.1481132507, 31.2589378357, 4.92304325104, 2.04338717461, 1.52111959457, 1.1015304327, 0.748408854008, 0.466251552105, 0.257737666368, 0.119420386851, 0.367304772139, 1.4737919569, 0.140366211534], "mean": [0.121401235461, 0.927212238312, 3.5821621418, 5.55943012238, 10.791967392, 14.855682373, 24.1909637451, 29.1370868683, 28.1250991821, 28.2227916718, 15.8971710205, 8.42324066162, 8.91281414032, 10.8959875107, 4.92023515701, 4.1188826561, 3.11332607269, 2.15817093849, 1.55444025993, 1.94542717934, 1.84556937218, 1.68426942825, 1.51736617088, 1.77218294144, 0.893092989922, 0.277214050293, 0.159644663334, 0.179450377822, 0.148739337921, 0.0737428739667, 0.0455249249935, 0.0319325253367, 0.0225062463433, 0.01568922773, 0.0101959584281, 0.00605553807691, 0.00391299789771, 0.00697409827262, 0.014038191177, 0.00647038593888], "median": [0.0626964867115, 0.555243134499, 1.64838731289, 2.18085479736, 3.59026360512, 4.22237968445, 4.02976942062, 3.76627159119, 3.35239887238, 3.86871623993, 2.73613762856, 1.82706212997, 1.81587362289, 1.6925535202, 1.36804926395, 1.36742532253, 0.961470246315, 0.711925446987, 0.651282131672, 0.783988535404, 0.76298391819, 0.507374405861, 0.435509860516, 0.398197591305, 0.1803098768, 0.0765569880605, 0.044927932322, 0.0382962934673, 0.0322325527668, 0.0227832868695, 0.0144889513031, 0.00914886686951, 0.00591736659408, 0.00428211456165, 0.00301839504391, 0.00193340040278, 0.00159499642905, 0.00197578733787, 0.0028609666042, 0.00351128238253], "min": [1.58598200454e-22, 1.79583576704e-21, 9.64617317564e-21, 1.6272090215e-20, 3.05538223175e-20, 1.85939151086e-19, 2.79430477263e-19, 7.26405663815e-19, 1.19423859725e-18, 3.65487246265e-19, 5.52925571739e-19, 6.76143222965e-19, 2.57898722934e-18, 2.42108031156e-18, 2.34652321422e-18, 3.68467314349e-18, 5.55669288471e-18, 5.8446278385e-18, 6.26096727954e-18, 6.13664782374e-18, 6.57766909349e-18, 1.15646177567e-17, 4.90787970919e-18, 9.86176141378e-18, 1.79100037808e-17, 1.4309010296e-17, 1.15126418629e-17, 1.65797650069e-17, 1.71222250895e-17, 1.38125340108e-17, 2.00225651626e-17, 1.85841725236e-17, 1.29390891866e-17, 1.04358429569e-17, 5.81221848851e-18, 5.49332381876e-18, 2.79341271003e-18, 1.16482994833e-18, 3.30901997674e-19, 3.290833377e-20], "var": [0.0209500268102, 1.33626461029, 37.8273735046, 96.5772399902, 492.433044434, 1350.37878418, 5375.35693359, 8890.703125, 9628.88574219, 7240.8203125, 2928.83569336, 647.066711426, 495.495361328, 1093.41784668, 133.784469604, 66.4579849243, 45.7369537354, 19.0560474396, 11.7823476791, 22.0466785431, 15.0092630386, 22.5565090179, 25.6204605103, 57.1793060303, 31.9406661987, 1.05433893204, 0.225577697158, 1.0852175951, 0.532193124294, 0.0315314531326, 0.0100972969085, 0.00560609297827, 0.00293995579705, 0.00137353444006, 0.000544827256817, 0.000173722684849, 4.88734149258e-05, 0.000295928883133, 0.00248767924495, 0.000105142244138]}, "erbbands_crest": {"dmean": 3.05503749847, "dmean2": 4.91529178619, "dvar": 7.78934383392, "dvar2": 19.6878166199, "max": 30.5903987885, "mean": 10.8733053207, "median": 9.92962551117, "min": 2.76603674889, "var": 21.1563796997}, "erbbands_flatness_db": {"dmean": 0.0313023105264, "dmean2": 0.0489752441645, "dvar": 0.000676585594192, "dvar2": 0.00169235502835, "max": 0.38576811552, "mean": 0.177779749036, "median": 0.173144340515, "min": 0.0628555566072, "var": 0.00248866807669}, "erbbands_kurtosis": {"dmean": 2.20424008369, "dmean2": 3.43597722054, "dvar": 10.4097070694, "dvar2": 24.576007843, "max": 73.2098083496, "mean": 3.31447029114, "median": 1.75346136093, "min": -1.79836273193, "var": 26.9534091949}, "erbbands_skewness": {"dmean": 0.484080046415, "dmean2": 0.731563508511, "dvar": 0.212863475084, "dvar2": 0.475619465113, "max": 7.23688936234, "mean": 1.10503816605, "median": 1.05754697323, "min": -3.93714666367, "var": 1.03899121284}, "erbbands_spread": {"dmean": 6.37652397156, "dmean2": 9.6280374527, "dvar": 50.3537979126, "dvar2": 108.11125946, "max": 107.468711853, "mean": 24.4364948273, "median": 21.289691925, "min": 1.17562162876, "var": 230.798797607}, "gfcc": {"cov": [[14637.0683594, 1920.6763916, -224.367401123, -518.395080566, -234.956283569, -412.321960449, -202.454864502, -57.6262245178, -112.821006775, -241.860794067, 30.3736114502, -56.7884635925, -11.2504501343], [1920.6763916, 1248.24462891, 163.669464111, -396.009277344, 27.4718933105, -66.4923400879, -10.5536804199, -83.2365264893, 69.4198913574, -84.3154754639, 68.6950759888, -32.3323059082, -0.13298624754], [-224.367401123, 163.669464111, 365.354278564, 151.295455933, -89.0104904175, 62.8744163513, -44.8026771545, -9.45469379425, -30.9483509064, 7.84475183487, -36.6619644165, -15.8179168701, -15.4964027405], [-518.395080566, -396.009277344, 151.295455933, 524.982910156, 155.641906738, -6.11310148239, 31.8083114624, -32.6226234436, -47.5154647827, -23.7199001312, -72.0876235962, 9.06379318237, -27.0507354736], [-234.956283569, 27.4718933105, -89.0104904175, 155.641906738, 512.286987305, -12.7193641663, 100.031806946, -72.2765884399, 41.4258308411, -74.3793106079, 30.8035755157, 3.37569570541, -11.4338970184], [-412.321960449, -66.4923400879, 62.8744163513, -6.11310148239, -12.7193641663, 315.230804443, -35.8147621155, 33.2427139282, -41.7272033691, 61.016834259, -3.38629078865, -25.1878356934, 29.867307663], [-202.454864502, -10.5536804199, -44.8026771545, 31.8083114624, 100.031806946, -35.8147621155, 153.504135132, 27.9188919067, 47.1101608276, -29.6277694702, 4.73622512817, 17.876291275, -12.0666570663], [-57.6262245178, -83.2365264893, -9.45469379425, -32.6226234436, -72.2765884399, 33.2427139282, 27.9188919067, 126.504615784, 41.1246986389, 36.6002578735, 4.54544067383, -4.38234424591, 9.53820991516], [-112.821006775, 69.4198913574, -30.9483509064, -47.5154647827, 41.4258308411, -41.7272033691, 47.1101608276, 41.1246986389, 106.05657959, 25.3240852356, 19.1130313873, 0.567559480667, -3.01890921593], [-241.860794067, -84.3154754639, 7.84475183487, -23.7199001312, -74.3793106079, 61.016834259, -29.6277694702, 36.6002578735, 25.3240852356, 91.203163147, 28.3204345703, -0.0784598141909, 6.69251537323], [30.3736114502, 68.6950759888, -36.6619644165, -72.0876235962, 30.8035755157, -3.38629078865, 4.73622512817, 4.54544067383, 19.1130313873, 28.3204345703, 77.9958267212, 28.4838905334, 11.5727701187], [-56.7884635925, -32.3323059082, -15.8179168701, 9.06379318237, 3.37569570541, -25.1878356934, 17.876291275, -4.38234424591, 0.567559480667, -0.0784598141909, 28.4838905334, 66.0125198364, 27.2726345062], [-11.2504501343, -0.13298624754, -15.4964027405, -27.0507354736, -11.4338970184, 29.867307663, -12.0666570663, 9.53820991516, -3.01890921593, 6.69251537323, 11.5727701187, 27.2726345062, 62.8608436584]], "icov": [[0.000134948975756, -0.000498724286444, 0.000568488554563, -0.000396964722313, 0.000103216741991, 0.000126192491734, 0.000257813284406, -0.000505038711708, 0.000560640415642, -0.00021275979816, 0.000245567498496, -0.00017388870765, 0.000157163492986], [-0.000498724286444, 0.00466979946941, -0.00497366581112, 0.00398402940482, -0.000437852635514, -0.00049662363017, -0.000972227251623, 0.00406224559993, -0.00499519845471, 0.00527949584648, -0.00414603948593, 0.00296999979764, -0.00156498386059], [0.000568488554563, -0.00497366581112, 0.0095333494246, -0.00642721448094, 0.00259320787154, -0.00123388669454, 0.00225971848704, -0.00324298627675, 0.00273520103656, -0.00226686825044, 0.00227909162641, -0.00229859654792, 0.00260974396951], [-0.000396964722313, 0.00398402940482, -0.00642721448094, 0.00828019436449, -0.0038583453279, 0.00153388653416, -0.00180118123535, 0.00194747035857, 0.000657937605865, -0.00153635710012, 0.00372907239944, -0.00123878591694, -0.000109616135887], [0.000103216741991, -0.000437852635514, 0.00259320787154, -0.0038583453279, 0.00617726473138, -0.0027725903783, -0.000521447975188, 0.00330506381579, -0.00572614558041, 0.00796188041568, -0.00740413973108, 0.00343729555607, -0.000415021495428], [0.000126192491734, -0.00049662363017, -0.00123388669454, 0.00153388653416, -0.0027725903783, 0.00671537686139, -0.00121083704289, -0.0027476393152, 0.00735975475982, -0.00871968548745, 0.00406052032486, 0.00177473109215, -0.00336882681586], [0.000257813284406, -0.000972227251623, 0.00225971848704, -0.00180118123535, -0.000521447975188, -0.00121083704289, 0.0122767137364, -0.00435345852748, -0.00457525160164, 0.00616300385445, -2.75379916275e-05, -0.00544544775039, 0.00481544528157], [-0.000505038711708, 0.00406224559993, -0.00324298627675, 0.00194747035857, 0.00330506381579, -0.0027476393152, -0.00435345852748, 0.0169837102294, -0.0104605574161, 0.00454099476337, -0.00589979020879, 0.00589624419808, -0.00400705216452], [0.000560640415642, -0.00499519845471, 0.00273520103656, 0.000657937605865, -0.00572614558041, 0.00735975475982, -0.00457525160164, -0.0104605574161, 0.0287280455232, -0.021613901481, 0.011432656087, -0.00299860211089, 9.47557782638e-05], [-0.00021275979816, 0.00527949584648, -0.00226686825044, -0.00153635710012, 0.00796188041568, -0.00871968548745, 0.00616300385445, 0.00454099476337, -0.021613901481, 0.0408025048673, -0.0233971588314, 0.00699831685051, 0.000727462815121], [0.000245567498496, -0.00414603948593, 0.00227909162641, 0.00372907239944, -0.00740413973108, 0.00406052032486, -2.75379916275e-05, -0.00589979020879, 0.011432656087, -0.0233971588314, 0.0358239710331, -0.0173991918564, 0.00380918593146], [-0.00017388870765, 0.00296999979764, -0.00229859654792, -0.00123878591694, 0.00343729555607, 0.00177473109215, -0.00544544775039, 0.00589624419808, -0.00299860211089, 0.00699831685051, -0.0173991918564, 0.0321439579129, -0.0149143170565], [0.000157163492986, -0.00156498386059, 0.00260974396951, -0.000109616135887, -0.000415021495428, -0.00336882681586, 0.00481544528157, -0.00400705216452, 9.47557782638e-05, 0.000727462815121, 0.00380918593146, -0.0149143170565, 0.0252831913531]], "mean": [-105.849952698, 128.318847656, -51.1233100891, -7.37314510345, -11.4566764832, -21.5289764404, -12.7462749481, -11.7488203049, -3.91256141663, -14.7280445099, -2.05439758301, -3.98067259789, -5.76922559738]}, "hfc": {"dmean": 30.7897319794, "dmean2": 48.8801689148, "dvar": 2253.45458984, "dvar2": 5669.50878906, "max": 1029.70275879, "mean": 75.4225921631, "median": 58.9948959351, "min": 1.14272936981e-16, "var": 4495.71875}, "melbands": {"dmean": [0.000669755623676, 0.0010177999502, 0.000598018756136, 0.000617775309365, 0.000488279853016, 0.000402736040996, 0.000249730277574, 0.000169182356331, 6.98541552993e-05, 3.36156335834e-05, 2.63196579908e-05, 2.62521316472e-05, 1.02402391349e-05, 7.24068831914e-06, 4.49970866612e-06, 3.50154414264e-06, 2.17969727601e-06, 1.34969434384e-06, 1.649535875e-06, 1.64028892868e-06, 1.24432233406e-06, 1.20782544855e-06, 1.05615731627e-06, 1.06351046725e-06, 1.01627381355e-06, 6.18606122771e-07, 2.12903614738e-07, 1.14498135417e-07, 8.11816818214e-08, 7.73540875798e-08, 8.13657692333e-08, 7.28437328235e-08, 4.39220535497e-08, 3.08397432036e-08, 2.51937084528e-08, 2.16289102184e-08, 1.87262614304e-08, 1.64833231509e-08, 1.46242138399e-08, 1.30718413871e-08], "dmean2": [0.00110040721484, 0.00170343182981, 0.00094390992308, 0.000933986215387, 0.000705816783011, 0.000582731328905, 0.000399112905143, 0.000267227558652, 0.000110014945676, 5.25439972989e-05, 4.12967492593e-05, 4.05270948249e-05, 1.6102076188e-05, 1.11365525299e-05, 7.06699665898e-06, 5.46143246538e-06, 3.46849310517e-06, 2.13320413422e-06, 2.56605312643e-06, 2.54741212302e-06, 1.95073266696e-06, 1.844478561e-06, 1.63204117598e-06, 1.62565424944e-06, 1.5073776467e-06, 9.2263917395e-07, 3.31088529038e-07, 1.79127127353e-07, 1.2978068753e-07, 1.22563250216e-07, 1.25916429283e-07, 1.13768230392e-07, 7.06269602802e-08, 5.06979702664e-08, 4.19702708143e-08, 3.61414933536e-08, 3.13651895567e-08, 2.75886922196e-08, 2.44328006715e-08, 2.17956710458e-08], "dvar": [7.58858391237e-07, 2.66731444754e-06, 1.40332883802e-06, 2.65188373305e-06, 2.73108230431e-06, 1.90038895198e-06, 1.02613000763e-06, 3.09758092953e-07, 8.12354770119e-08, 1.53039270145e-08, 6.75868427891e-09, 6.83489664866e-09, 9.16510645155e-10, 3.80668080391e-10, 9.79292411052e-11, 7.18255663279e-11, 2.65453457826e-11, 1.32876357486e-11, 2.97001867544e-11, 2.57305027979e-11, 1.18765613663e-11, 1.50782546171e-11, 1.75045013207e-11, 1.71299710527e-11, 1.87256512379e-11, 1.44934637208e-11, 1.11703365741e-12, 1.1565866266e-13, 5.14556591238e-14, 9.66576401166e-14, 1.63010785968e-13, 1.32456640599e-13, 1.55562496614e-14, 4.61606698232e-15, 3.24592829794e-15, 2.45266500218e-15, 1.86304833221e-15, 1.43805484488e-15, 1.11962445506e-15, 8.80123771646e-16], "dvar2": [1.93702771867e-06, 7.36843185223e-06, 3.27970496983e-06, 5.97375719735e-06, 6.18176864009e-06, 3.9348115024e-06, 2.76079322248e-06, 7.36417518965e-07, 1.94088997318e-07, 3.75367861238e-08, 1.62692170846e-08, 1.55375623478e-08, 2.28910712607e-09, 8.15099654439e-10, 2.22785165316e-10, 1.65377267436e-10, 6.06722450058e-11, 2.98934939302e-11, 6.44747380485e-11, 5.79205849949e-11, 2.79313551454e-11, 3.48684206508e-11, 4.1005959045e-11, 3.79222313274e-11, 3.84778459095e-11, 2.81143303082e-11, 2.18337500857e-12, 2.37356656682e-13, 1.26183189331e-13, 2.36719633695e-13, 3.60683298549e-13, 3.43323703885e-13, 3.14191150852e-14, 1.13601026508e-14, 8.09282721674e-15, 6.13808566217e-15, 4.6636867511e-15, 3.59779954852e-15, 2.80182447677e-15, 2.202970489e-15], "max": [0.0130010638386, 0.0316250696778, 0.0436319038272, 0.0402024276555, 0.051076900214, 0.0431580878794, 0.0365532040596, 0.0151996333152, 0.00859934277833, 0.00402449024841, 0.00319163850509, 0.00212692213245, 0.0010619701352, 0.000521761598065, 0.00028549451963, 0.000263480382273, 0.000196843378944, 0.000124266240164, 0.000215998210479, 0.000214002822759, 0.000120284930745, 0.000155325178639, 0.000234991937759, 0.000209153702599, 0.00020115308871, 0.00025057408493, 6.79224176565e-05, 1.52563097799e-05, 1.11091467261e-05, 2.30299738178e-05, 2.70288528554e-05, 2.09723930311e-05, 7.09112873665e-06, 1.37308859394e-06, 1.20208585486e-06, 1.0253935443e-06, 8.91876595688e-07, 7.83559528372e-07, 6.90595925334e-07, 6.10700851666e-07], "mean": [0.00114833039697, 0.00167951895855, 0.00106977613177, 0.000998748000711, 0.000797330692876, 0.000649499881547, 0.000420761993155, 0.000279870961094, 0.000109460102976, 5.19612731296e-05, 4.43532335339e-05, 4.58581198473e-05, 1.68587084772e-05, 1.25463411678e-05, 8.11808422441e-06, 5.9867006712e-06, 3.65972800864e-06, 2.2610479391e-06, 2.64931099991e-06, 2.68121425506e-06, 1.9862204681e-06, 1.71461090304e-06, 1.4549395928e-06, 1.46960337588e-06, 1.46351601416e-06, 9.07399964944e-07, 3.05423128566e-07, 1.48594992311e-07, 9.70793863075e-08, 9.48910852117e-08, 1.07343318234e-07, 9.41379454389e-08, 5.56155761444e-08, 3.46780879568e-08, 2.65633239849e-08, 2.22813092421e-08, 1.82988149078e-08, 1.5911473028e-08, 1.42392924118e-08, 1.28581207903e-08], "median": [0.00069991190685, 0.000919392914511, 0.000422478595283, 0.000323295331327, 0.000141991462442, 8.5993524408e-05, 5.12534679729e-05, 4.06101171393e-05, 1.81651193998e-05, 1.03394249891e-05, 8.60069485498e-06, 6.51819664199e-06, 4.22582343163e-06, 3.51313587998e-06, 2.66205279331e-06, 1.74611045622e-06, 1.18119248782e-06, 9.3682416491e-07, 9.88364377008e-07, 1.06583229353e-06, 7.75743956183e-07, 4.85597524857e-07, 4.09684588476e-07, 3.70166787889e-07, 3.17252528248e-07, 1.59981638603e-07, 7.35449390277e-08, 4.11214351459e-08, 2.81172294336e-08, 2.2925789267e-08, 2.10520649802e-08, 1.8603934393e-08, 1.51313752639e-08, 1.09397078063e-08, 8.3277669205e-09, 6.85009426959e-09, 4.90677276588e-09, 4.12320666499e-09, 3.79351838831e-09, 3.5479168492e-09], "min": [2.03611961335e-24, 4.48464584719e-24, 2.9994025951e-24, 7.66450865739e-24, 9.65263929808e-24, 1.67388458588e-23, 1.6940723253e-23, 3.31528103978e-24, 7.12569378216e-24, 3.93246648493e-24, 1.43058662984e-23, 1.13331907052e-23, 6.84417220205e-24, 1.08288608845e-23, 1.10508952526e-23, 1.24237009766e-23, 8.50842100975e-24, 1.05763252095e-23, 8.204569144e-24, 9.22462072585e-24, 5.98408346798e-24, 1.36024595396e-23, 5.34147264142e-24, 3.60072010314e-24, 6.86643149022e-24, 1.34161968581e-23, 1.13274556865e-23, 8.64543510493e-24, 7.38547908889e-24, 6.92403963554e-24, 1.02876589161e-23, 8.09257929445e-24, 1.08519823976e-23, 5.72893784667e-24, 1.06560230379e-23, 1.28344687385e-23, 9.0625950068e-24, 8.12767650498e-24, 9.78520264004e-24, 6.32927558947e-24], "var": [1.59668195465e-06, 6.03810121902e-06, 3.00166857414e-06, 5.17496710017e-06, 5.22891423316e-06, 4.15698787037e-06, 1.93273012883e-06, 6.94201560236e-07, 1.46119120359e-07, 2.72376645682e-08, 1.25024524067e-08, 1.98906793258e-08, 1.82380155422e-09, 8.74150640762e-10, 2.49634785066e-10, 1.68526054223e-10, 5.97579485895e-11, 2.51653940742e-11, 4.72567124321e-11, 3.65072694297e-11, 2.05948730292e-11, 2.56657403663e-11, 2.33711175412e-11, 2.68729274944e-11, 4.01846958487e-11, 3.96298202587e-11, 2.38610975596e-12, 2.12276661635e-13, 6.59055668655e-14, 2.07698726382e-13, 4.34647923122e-13, 2.5122956558e-13, 3.39969344993e-14, 5.59875183256e-15, 3.46182640829e-15, 2.56832946871e-15, 1.92180658425e-15, 1.48515538246e-15, 1.16056547493e-15, 9.16804745186e-16]}, "melbands_crest": {"dmean": 3.58838701248, "dmean2": 5.93820333481, "dvar": 8.94617652893, "dvar2": 24.9163455963, "max": 34.7945213318, "mean": 16.1486186981, "median": 15.5473794937, "min": 1.13232421875, "var": 28.8769760132}, "melbands_flatness_db": {"dmean": 0.0433889441192, "dmean2": 0.0695484280586, "dvar": 0.0013192089973, "dvar2": 0.00341489352286, "max": 0.610836923122, "mean": 0.354030221701, "median": 0.355170845985, "min": 5.30166180397e-05, "var": 0.00538556836545}, "melbands_kurtosis": {"dmean": 10.9793367386, "dmean2": 17.5952224731, "dvar": 255.011703491, "dvar2": 656.039245605, "max": 289.682861328, "mean": 23.3484573364, "median": 13.5092754364, "min": -1.6406069994, "var": 805.042907715}, "melbands_skewness": {"dmean": 0.845957219601, "dmean2": 1.33428740501, "dvar": 0.680349469185, "dvar2": 1.64754891396, "max": 12.3014240265, "mean": 2.94929289818, "median": 2.71306562424, "min": -1.40959489346, "var": 3.77425146103}, "melbands_spread": {"dmean": 2.3180603981, "dmean2": 3.61128664017, "dvar": 20.1190662384, "dvar2": 44.5082168579, "max": 196.48059082, "mean": 7.45642137527, "median": 5.06186532974, "min": 0.294485270977, "var": 139.104537964}, "mfcc": {"cov": [[7163.17529297, 1129.06384277, -419.748809814, 127.772949219, -371.818267822, -280.535827637, -175.132461548, -39.3975868225, -135.701187134, -118.35508728, -38.7005157471, -69.9664764404, 0.512434959412], [1129.06384277, 1551.4810791, -3.55024695396, -226.164718628, 1.47483766079, -99.5021133423, -49.9587783813, -0.232106626034, -57.9566116333, 8.07151508331, 20.7824134827, 6.86084032059, 28.5664272308], [-419.748809814, -3.55024695396, 554.329467773, -39.9242248535, -78.0104217529, 8.72404193878, -22.59633255, -57.8362388611, 7.96839141846, 12.137629509, -11.3746433258, 1.49259805679, -29.9757423401], [127.772949219, -226.164718628, -39.9242248535, 527.682250977, 110.598892212, 38.9689674377, 14.5549259186, 68.8791656494, 12.1990909576, -57.4935302734, 19.6901092529, -57.6836967468, -19.2106056213], [-371.818267822, 1.47483766079, -78.0104217529, 110.598892212, 276.00592041, 145.065185547, 71.8464889526, 19.6568470001, 2.35788679123, 0.876753747463, -5.76395320892, 7.11024856567, 3.24885201454], [-280.535827637, -99.5021133423, 8.72404193878, 38.9689674377, 145.065185547, 192.541259766, 87.0204238892, 10.3935880661, 10.4558620453, -5.73702526093, -15.0740413666, 1.96661233902, -0.196306407452], [-175.132461548, -49.9587783813, -22.59633255, 14.5549259186, 71.8464889526, 87.0204238892, 107.279312134, 44.6695365906, 6.96075582504, 2.1186606884, -1.37145924568, 3.06138730049, -2.39780640602], [-39.3975868225, -0.232106626034, -57.8362388611, 68.8791656494, 19.6568470001, 10.3935880661, 44.6695365906, 93.9319915771, 42.3672218323, -4.56650781631, 16.3191947937, -8.20566749573, -1.53592014313], [-135.701187134, -57.9566116333, 7.96839141846, 12.1990909576, 2.35788679123, 10.4558620453, 6.96075582504, 42.3672218323, 82.7674713135, 38.3240470886, 10.5653743744, 6.91722202301, -0.636331379414], [-118.35508728, 8.07151508331, 12.137629509, -57.4935302734, 0.876753747463, -5.73702526093, 2.1186606884, -4.56650781631, 38.3240470886, 79.4956665039, 30.2869548798, 20.5955677032, 2.38216257095], [-38.7005157471, 20.7824134827, -11.3746433258, 19.6901092529, -5.76395320892, -15.0740413666, -1.37145924568, 16.3191947937, 10.5653743744, 30.2869548798, 69.0814437866, 29.7892284393, -2.42693376541], [-69.9664764404, 6.86084032059, 1.49259805679, -57.6836967468, 7.11024856567, 1.96661233902, 3.06138730049, -8.20566749573, 6.91722202301, 20.5955677032, 29.7892284393, 66.4791717529, 29.5008163452], [0.512434959412, 28.5664272308, -29.9757423401, -19.2106056213, 3.24885201454, -0.196306407452, -2.39780640602, -1.53592014313, -0.636331379414, 2.38216257095, -2.42693376541, 29.5008163452, 56.0062026978]], "icov": [[0.000226898235269, -0.000234203936998, 0.00029461804661, -0.000362501159543, 0.00064088916406, -0.000226458272664, 9.73921341938e-05, 0.000126562299556, 0.000223892144277, -0.000179998067324, 0.000626388355158, -0.000557398947421, 0.000451344909379], [-0.000234203936998, 0.00109880731907, -0.00052757258527, 0.00105396879371, -0.00140347366687, 0.000723851495422, 0.000598120328505, -0.001242243452, 0.000782087561674, 0.00015315321798, -0.00142845639493, 0.001606665086, -0.00130949588493], [0.00029461804661, -0.00052757258527, 0.00269639212638, -0.000959153170697, 0.00215250859037, -0.00118792313151, -0.000289208110189, 0.00227671256289, -0.000935879535973, -0.00030729782884, 0.00168464216404, -0.00209120404907, 0.00247855740599], [-0.000362501159543, 0.00105396879371, -0.000959153170697, 0.00457539409399, -0.00367112853564, 0.00143645843491, 0.000351037713699, -0.000726369209588, -0.00214134925045, 0.00477401120588, -0.00672899419442, 0.00705885514617, -0.00350229931064], [0.00064088916406, -0.00140347366687, 0.00215250859037, -0.00367112853564, 0.0104115121067, -0.00706394575536, 0.00087126105791, -0.00124203914311, 0.00377253745683, -0.00527998292819, 0.00685191620141, -0.00728208059445, 0.00437748618424], [-0.000226458272664, 0.000723851495422, -0.00118792313151, 0.00143645843491, -0.00706394575536, 0.0155965834856, -0.0122350882739, 0.00949859153479, -0.00905992090702, 0.0079281963408, -0.00524841528386, 0.0055618272163, -0.00390634732321], [9.73921341938e-05, 0.000598120328505, -0.000289208110189, 0.000351037713699, 0.00087126105791, -0.0122350882739, 0.0283427983522, -0.0233049634844, 0.0169015899301, -0.0125268027186, 0.00994941685349, -0.00844707526267, 0.00574597064406], [0.000126562299556, -0.001242243452, 0.00227671256289, -0.000726369209588, -0.00124203914311, 0.00949859153479, -0.0233049634844, 0.0417510941625, -0.0300783813, 0.0212851855904, -0.0181855130941, 0.0136025901884, -0.00734575744718], [0.000223892144277, 0.000782087561674, -0.000935879535973, -0.00214134925045, 0.00377253745683, -0.00905992090702, 0.0169015899301, -0.0300783813, 0.0396749339998, -0.026676831767, 0.0178251024336, -0.0134728215635, 0.0074663492851], [-0.000179998067324, 0.00015315321798, -0.00030729782884, 0.00477401120588, -0.00527998292819, 0.0079281963408, -0.0125268027186, 0.0212851855904, -0.026676831767, 0.0366447046399, -0.023352233693, 0.0128569789231, -0.00786790624261], [0.000626388355158, -0.00142845639493, 0.00168464216404, -0.00672899419442, 0.00685191620141, -0.00524841528386, 0.00994941685349, -0.0181855130941, 0.0178251024336, -0.023352233693, 0.0423006154597, -0.0296888072044, 0.0174949504435], [-0.000557398947421, 0.001606665086, -0.00209120404907, 0.00705885514617, -0.00728208059445, 0.0055618272163, -0.00844707526267, 0.0136025901884, -0.0134728215635, 0.0128569789231, -0.0296888072044, 0.0448027588427, -0.0246450323611], [0.000451344909379, -0.00130949588493, 0.00247855740599, -0.00350229931064, 0.00437748618424, -0.00390634732321, 0.00574597064406, -0.00734575744718, 0.0074663492851, -0.00786790624261, 0.0174949504435, -0.0246450323611, 0.0325803123415]], "mean": [-778.711791992, 194.030075073, 17.3332176208, 29.5839195251, 16.0635070801, 2.44453573227, -0.199206277728, 7.23298597336, -2.13039255142, -2.89605689049, 2.09535503387, -1.62065422535, 1.26139891148]}, "pitch_salience": {"dmean": 0.0780450329185, "dmean2": 0.12778146565, "dvar": 0.00435155630112, "dvar2": 0.0120165375993, "max": 0.995121717453, "mean": 0.544498920441, "median": 0.555119991302, "min": 0.131268322468, "var": 0.0135609144345}, "silence_rate_20dB": {"dmean": 0, "dmean2": 0, "dvar": 0, "dvar2": 0, "max": 1, "mean": 1, "median": 1, "min": 1, "var": 0}, "silence_rate_30dB": {"dmean": 0.0153886973858, "dmean2": 0.0307814776897, "dvar": 0.015151665546, "dvar2": 0.0354055203497, "max": 1, "mean": 0.98063403368, "median": 1, "min": 0, "var": 0.0189914144576}, "silence_rate_60dB": {"dmean": 0.013531440869, "dmean2": 0.0270664729178, "dvar": 0.013348357752, "dvar2": 0.0324368961155, "max": 1, "mean": 0.0538532957435, "median": 0, "min": 0, "var": 0.0509523488581}, "spectral_centroid": {"dmean": 102.607421875, "dmean2": 152.207138062, "dvar": 37431.90625, "dvar2": 66596.6953125, "max": 11272.9443359, "mean": 519.710327148, "median": 406.636505127, "min": 150.160202026, "var": 268293.46875}, "spectral_complexity": {"dmean": 1.60891485214, "dmean2": 2.57794880867, "dvar": 3.00601148605, "dvar2": 6.57512903214, "max": 31, "mean": 7.59092712402, "median": 7, "min": 0, "var": 16.2315368652}, "spectral_contrast_coeffs": {"dmean": [0.0505238473415, 0.0486341193318, 0.0357580073178, 0.0279103405774, 0.0340803302824, 0.0232697613537], "dmean2": [0.0826527476311, 0.0790553689003, 0.0579152517021, 0.0456171482801, 0.0540019981563, 0.0377082526684], "dvar": [0.00163512432482, 0.00154528545681, 0.000825379567686, 0.000507019693032, 0.000791755563114, 0.000693598936778], "dvar2": [0.00427415687591, 0.0039180200547, 0.00213091541082, 0.00132189574651, 0.00194453494623, 0.00174252525903], "max": [-0.312577486038, -0.405234396458, -0.570608556271, -0.618526756763, -0.659676373005, -0.469760864973], "mean": [-0.666353166103, -0.745671331882, -0.81476598978, -0.840881466866, -0.834116995335, -0.8395383358], "median": [-0.675024867058, -0.75283229351, -0.821173429489, -0.840830981731, -0.83075761795, -0.851912736893], "min": [-0.97962385416, -0.987649202347, -0.987714290619, -0.981546700001, -0.981596291065, -0.959433019161], "var": [0.00731773301959, 0.00584707595408, 0.00365432025865, 0.00179270806257, 0.00281822890975, 0.00194972974714]}, "spectral_contrast_valleys": {"dmean": [0.37966132164, 0.3713362813, 0.360245406628, 0.360808193684, 0.495104461908, 0.711971402168], "dmean2": [0.623465836048, 0.592615544796, 0.569111645222, 0.564372181892, 0.769978582859, 1.14193999767], "dvar": [0.0973967090249, 0.101048126817, 0.105088070035, 0.118147991598, 0.193561255932, 0.341139018536], "dvar2": [0.250677376986, 0.234666496515, 0.244541525841, 0.275169700384, 0.482506722212, 0.922169446945], "max": [-5.35376882553, -4.33857584, -5.7206287384, -6.23273277283, -6.47217655182, -8.93116092682], "mean": [-7.13270902634, -7.067943573, -8.02279472351, -8.69051647186, -9.11186504364, -11.7309770584], "median": [-6.91177177429, -6.95732545853, -7.89113950729, -8.54407787323, -8.99372196198, -11.621840477], "min": [-27.3661804199, -27.614610672, -27.0728664398, -27.257440567, -27.3881931305, -27.2622737885], "var": [2.23086309433, 2.07171106339, 1.73285353184, 1.48409795761, 1.36114573479, 1.4260187149]}, "spectral_decrease": {"dmean": 2.13092676837e-09, "dmean2": 3.27109273002e-09, "dvar": 1.15924987064e-17, "dvar2": 2.63823714264e-17, "max": 4.93305618576e-09, "mean": -4.94723817468e-09, "median": -2.58376386952e-09, "min": -6.59484626908e-08, "var": 4.21817643172e-17}, "spectral_energy": {"dmean": 0.00888815987855, "dmean2": 0.0133155649528, "dvar": 0.000189297643374, "dvar2": 0.000423433986725, "max": 0.266171276569, "mean": 0.0255129989237, "median": 0.0161546207964, "min": 1.06250008745e-20, "var": 0.000731514359359}, "spectral_energyband_high": {"dmean": 8.75162295415e-05, "dmean2": 0.000117842144391, "dvar": 6.68090294198e-08, "dvar2": 1.2969174179e-07, "max": 0.00679296907037, "mean": 0.000158204769832, "median": 4.81847309857e-05, "min": 7.39899163879e-21, "var": 1.62049303754e-07}, "spectral_energyband_low": {"dmean": 0.00462291669101, "dmean2": 0.00754614267498, "dvar": 4.16107614001e-05, "dvar2": 0.000110459630378, "max": 0.113561347127, "mean": 0.00908722076565, "median": 0.00627278117463, "min": 2.30540765687e-23, "var": 9.69856700976e-05}, "spectral_energyband_middle_high": {"dmean": 0.00033207074739, "dmean2": 0.00048166725901, "dvar": 4.61416249209e-07, "dvar2": 1.01030775568e-06, "max": 0.0152270859107, "mean": 0.000780201575253, "median": 0.000310204544803, "min": 1.63630734181e-21, "var": 1.70980104031e-06}, "spectral_energyband_middle_low": {"dmean": 0.00567033607513, "dmean2": 0.00820265430957, "dvar": 0.000153947024955, "dvar2": 0.000338380021276, "max": 0.255949556828, "mean": 0.0133078824729, "median": 0.00461852131411, "min": 3.38399820836e-22, "var": 0.000500666326843}, "spectral_entropy": {"dmean": 0.322988986969, "dmean2": 0.505842447281, "dvar": 0.0805189087987, "dvar2": 0.200680449605, "max": 9.82100772858, "mean": 6.73660850525, "median": 6.73121643066, "min": 4.3859372139, "var": 0.278288125992}, "spectral_flux": {"dmean": 0.0195802524686, "dmean2": 0.0313495248556, "dvar": 0.000467761507025, "dvar2": 0.0011625343468, "max": 0.342627197504, "mean": 0.0731327161193, "median": 0.0639717355371, "min": 6.59707219408e-11, "var": 0.00190136476886}, "spectral_kurtosis": {"dmean": 12.09715271, "dmean2": 19.6263256073, "dvar": 165.818511963, "dvar2": 445.214141846, "max": 143.778366089, "mean": 29.9188537598, "median": 25.8339538574, "min": -1.19436299801, "var": 298.378082275}, "spectral_rms": {"dmean": 0.000778333400376, "dmean2": 0.00115385092795, "dvar": 7.09673088295e-07, "dvar2": 1.4969334643e-06, "max": 0.0161145683378, "mean": 0.00444553792477, "median": 0.00396996317431, "min": 3.21960470437e-12, "var": 5.12788847118e-06}, "spectral_rolloff": {"dmean": 4318.38476562, "dmean2": 8489.05859375, "dvar": 66678240, "dvar2": 166725472, "max": 22050, "mean": 11691.6601562, "median": 19961.2792969, "min": 64.599609375, "var": 110412544}, "spectral_skewness": {"dmean": 0.813767075539, "dmean2": 1.30976843834, "dvar": 0.602043449879, "dvar2": 1.60614132881, "max": 9.65430259705, "mean": 4.07389879227, "median": 3.91154980659, "min": -0.0603255741298, "var": 1.40966928005}, "spectral_spread": {"dmean": 724528.0625, "dmean2": 1157493.5, "dvar": 490557997056, "dvar2": 1211285372930.0, "max": 40871620, "mean": 3575435.5,