{"lowlevel": {"average_loudness": 0.636640965939, "barkbands": {"dmean": [6.57499003864e-06, 0.000892443466, 0.000924278283492, 0.00054462638218, 0.00078345410293, 0.000711922708433, 0.000743153330404, 0.000534714432433, 0.000454788270872, 0.000474784930702, 0.00034221255919, 0.000245547591476, 0.000166164492839, 0.000115055292554, 0.000125246791868, 9.01855164557e-05, 0.000105161401734, 0.000125463135191, 0.0001707571937, 9.37757577049e-05, 8.27777330414e-05, 0.000130662199808, 0.000146997452248, 0.000117117509944, 6.14603704889e-05, 1.16070486911e-05, 6.55669168736e-07], "dmean2": [1.14260237751e-05, 0.00141522171907, 0.00143804540858, 0.000845216913149, 0.0011818187777, 0.00100072601344, 0.00103320193011, 0.000775899039581, 0.000663079496007, 0.000684149912558, 0.000510671699885, 0.00035290280357, 0.000244180409936, 0.000159073271789, 0.000197895642486, 0.000135535330628, 0.000146350910654, 0.000189933329239, 0.000256748928223, 0.000148338702274, 0.000124369995319, 0.000190455131815, 0.000222002723604, 0.000169411228853, 9.72917478066e-05, 1.69842678588e-05, 9.26691541281e-07], "dvar": [1.46210765717e-09, 2.40493636738e-06, 2.72549436886e-06, 1.48317940329e-06, 2.07465245694e-06, 4.24006157118e-06, 6.32594128547e-06, 5.30893703399e-06, 3.00159081235e-06, 2.94713845506e-06, 1.87688897313e-06, 1.40035876939e-06, 5.39652205589e-07, 3.15427456599e-07, 2.95529105188e-07, 1.40956530004e-07, 1.30027785872e-07, 2.06513576018e-07, 3.58977445103e-07, 1.0784012261e-07, 1.92544703737e-07, 2.99733358133e-07, 1.35681133884e-07, 1.04019200364e-07, 3.10249745894e-08, 8.02948096901e-10, 4.40059273743e-12], "dvar2": [2.18888929204e-09, 6.06405410508e-06, 6.10190591033e-06, 3.37571395903e-06, 4.08452524425e-06, 6.9272609835e-06, 1.06323168438e-05, 9.96003018372e-06, 6.0676384237e-06, 5.84944382354e-06, 3.91793082599e-06, 2.65542985289e-06, 1.15083742003e-06, 4.60953685888e-07, 7.90742660683e-07, 3.12476345243e-07, 2.11051855104e-07, 4.57769033346e-07, 8.24914707209e-07, 2.71519724038e-07, 3.35780441674e-07, 4.96408517847e-07, 2.68004214377e-07, 1.93169867657e-07, 6.91490598115e-08, 1.6103918199e-09, 8.80419782218e-12], "max": [0.00323733873665, 0.0297732129693, 0.0326674133539, 0.0265576727688, 0.0377179756761, 0.0677397176623, 0.0918380692601, 0.0944054797292, 0.0455336198211, 0.0796361640096, 0.0671993792057, 0.0562432967126, 0.02239064686, 0.0405643172562, 0.0161458440125, 0.0120638599619, 0.0201444979757, 0.0165030024946, 0.0201275199652, 0.00971245300025, 0.0360620655119, 0.0399617254734, 0.0134787624702, 0.0126665681601, 0.00623234780505, 0.000944724713918, 9.33207629714e-05], "mean": [9.29544967221e-06, 0.00165824429132, 0.00182777969167, 0.00103374861646, 0.00179092213511, 0.00159569003154, 0.00144489645027, 0.000992461689748, 0.000835813640151, 0.000955943425652, 0.000587822229136, 0.000439732481027, 0.000278867315501, 0.000204520634725, 0.000185929602594, 0.000149156068801, 0.000186568795471, 0.000242792913923, 0.000309261959046, 0.000191630577319, 0.000161862684763, 0.000214155079448, 0.00019958554185, 0.000164138356922, 7.13378321961e-05, 1.61301231856e-05, 1.35623781716e-06], "median": [5.80144705964e-06, 0.000571386015508, 0.000647938402835, 0.000223567083594, 0.000543061178178, 0.000262228772044, 0.000161100237165, 5.9558704379e-05, 5.55921287742e-05, 4.32026790804e-05, 4.15919530496e-05, 2.4098681024e-05, 1.36411326821e-05, 1.11336739792e-05, 9.24445248529e-06, 1.40325773827e-05, 1.80540628207e-05, 3.34799697157e-05, 3.53288451151e-05, 2.49033200816e-05, 2.94137425954e-05, 4.62119387521e-05, 5.07491458848e-05, 4.45621772087e-05, 1.26644135889e-05, 4.20824881076e-06, 6.04517026659e-07], "min": [6.17880826041e-25, 1.45096399171e-24, 8.8731538075e-25, 7.5664846041e-25, 8.08904835304e-24, 1.14699586758e-23, 7.00387788118e-24, 6.01820051884e-24, 1.66114290454e-23, 9.22972150046e-24, 9.56884649273e-24, 1.77321274458e-23, 3.21823126914e-23, 3.2346184345e-23, 2.68616699222e-23, 6.45425797813e-23, 6.78782875853e-23, 1.03674258488e-22, 1.31374686345e-22, 1.64320294537e-22, 2.2925623192e-22, 2.89997663342e-22, 4.02375758674e-22, 5.70900479888e-22, 7.86049329224e-22, 1.20913146235e-21, 1.84964592576e-21], "var": [2.54969467761e-09, 7.53266340325e-06, 1.13549558591e-05, 5.16063528266e-06, 1.00397883216e-05, 1.86411525647e-05, 2.37121876125e-05, 1.55224897753e-05, 7.9130713857e-06, 1.23481931951e-05, 4.48155469712e-06, 3.92474066757e-06, 1.27192674881e-06, 1.43948875575e-06, 4.93292532155e-07, 2.97120607229e-07, 4.66749980887e-07, 5.59256648103e-07, 9.07363244096e-07, 3.3452408843e-07, 1.01891180293e-06, 9.51220613388e-07, 3.36613055651e-07, 2.89901919359e-07, 6.41991704242e-08, 1.6769217126e-09, 1.01014500584e-11]}, "barkbands_crest": {"dmean": 2.59350037575, "dmean2": 4.21808338165, "dvar": 5.43431091309, "dvar2": 13.8798809052, "max": 24.6284923553, "mean": 10.3220310211, "median": 9.69402313232, "min": 2.39406466484, "var": 16.9903945923}, "barkbands_flatness_db": {"dmean": 0.0213258508593, "dmean2": 0.0311227757484, "dvar": 0.000378196447855, "dvar2": 0.000788471545093, "max": 0.384574919939, "mean": 0.13509632647, "median": 0.129679322243, "min": 0.0249584689736, "var": 0.0025752808433}, "barkbands_kurtosis": {"dmean": 4.58560323715, "dmean2": 6.95788669586, "dvar": 64.5041046143, "dvar2": 135.546615601, "max": 159.987533569, "mean": 7.32934331894, "median": 3.21888637543, "min": -1.94336330891, "var": 173.142776489}, "barkbands_skewness": {"dmean": 0.732790529728, "dmean2": 1.07529842854, "dvar": 0.69165045023, "dvar2": 1.41489803791, "max": 10.8542881012, "mean": 1.89245629311, "median": 1.71580290794, "min": -6.55487537384, "var": 2.96122837067}, "barkbands_spread": {"dmean": 10.6176834106, "dmean2": 16.0148162842, "dvar": 194.019454956, "dvar2": 412.383575439, "max": 121.060333252, "mean": 28.7884960175, "median": 22.2020549774, "min": 0.725375115871, "var": 490.77130127}, "dissonance": {"dmean": 0.0191876124591, "dmean2": 0.0313684791327, "dvar": 0.00044931465527, "dvar2": 0.00117809267249, "max": 0.500000178814, "mean": 0.455122262239, "median": 0.468000590801, "min": 0.226570531726, "var": 0.00155792012811}, "dynamic_complexity": 6.59108448029, "erbbands": {"dmean": [0.0108777536079, 0.254083245993, 1.04704046249, 1.27083563805, 2.28821730614, 2.75902247429, 3.61301493645, 6.7976641655, 10.3846416473, 11.6099472046, 9.56965351105, 10.2794570923, 12.8770341873, 15.132396698, 10.7805957794, 9.7550163269, 7.12714862823, 5.64543771744, 6.2017583847, 4.6546125412, 5.20827770233, 5.01976156235, 6.67830562592, 7.8389415741, 7.44984292984, 4.22630739212, 3.14809155464, 3.48057103157, 4.4957742691, 4.55984687805, 4.22903203964, 2.74941205978, 1.80433762074, 0.932367801666, 0.313917636871, 0.0789709985256, 0.0176577139646, 0.00181693315972, 0.00012972363038, 9.28230110731e-06], "dmean2": [0.0167373847216, 0.402374833822, 1.59647405148, 1.97371077538, 3.58129906654, 4.13490390778, 5.2412610054, 9.43688201904, 14.2555913925, 16.4176330566, 13.6256494522, 14.9999313354, 18.0324497223, 21.7783756256, 15.6914110184, 13.8273487091, 10.0214128494, 7.76162481308, 9.42782306671, 7.12319850922, 7.51859855652, 6.83469057083, 10.1175727844, 11.4350156784, 11.4291906357, 6.62540721893, 4.7674331665, 5.06885910034, 6.56621789932, 6.94807386398, 6.37022447586, 4.01142883301, 2.66541671753, 1.48443317413, 0.489342063665, 0.119865052402, 0.0253664702177, 0.00249588466249, 0.000184144824743, 1.27903349494e-05], "dvar": [0.000349281181116, 0.193151965737, 3.48634600639, 7.2082452774, 19.042722702, 34.7374229431, 124.483375549, 464.524078369, 1375.29821777, 1701.90551758, 2044.84106445, 1720.16992188, 2781.00878906, 2905.98925781, 1738.27893066, 3201.54418945, 950.616577148, 725.435974121, 717.109375, 276.431732178, 434.589599609, 310.902526855, 588.424438477, 1131.50341797, 702.238342285, 202.325256348, 366.197540283, 277.750396729, 487.637512207, 180.256210327, 106.070510864, 55.4222946167, 30.9343605042, 7.71518802643, 0.700898587704, 0.0375019460917, 0.00191626744345, 3.13880045724e-05, 1.39892236461e-07, 2.67593613934e-10], "dvar2": [0.000816860701889, 0.47413533926, 7.34117269516, 17.3152656555, 41.9086151123, 67.3173141479, 210.518310547, 769.548461914, 2467.07861328, 2976.23242188, 4318.16894531, 3648.3972168, 4995.53759766, 5895.13378906, 3871.89599609, 6341.41455078, 1899.63586426, 1061.68432617, 1759.0501709, 647.650878906, 858.55078125, 469.547637939, 1328.8067627, 2287.5949707, 1777.79577637, 459.57043457, 675.666503906, 463.660369873, 866.392089844, 360.012023926, 210.71963501, 104.673797607, 62.2785835266, 17.2634086609, 1.48294568062, 0.0787013471127, 0.00369348400272, 5.93656477577e-05, 2.68891909627e-07, 4.61808147278e-10], "max": [0.4400601089, 8.73732948303, 43.2807350159, 60.2945251465, 120.679908752, 162.199645996, 330.289367676, 631.872131348, 1123.9987793, 1528.09851074, 1994.95263672, 1330.03442383, 2974.04736328, 1887.76281738, 1468.80102539, 2881.19384766, 1054.8203125, 1946.01940918, 821.121520996, 588.20892334, 741.951477051, 1112.7467041, 638.16809082, 1448.90197754, 834.170593262, 443.766204834, 1645.61328125, 1199.60083008, 1714.07946777, 551.576721191, 407.852508545, 376.966186523, 268.849884033, 117.912887573, 27.5793838501, 5.68255662918, 1.31482648849, 0.214647382498, 0.0157208424062, 0.000670586945489], "mean": [0.0208384152502, 0.479069322348, 2.12955141068, 2.80249285698, 4.88025045395, 5.97199106216, 7.86521244049, 14.3901596069, 20.3686065674, 22.4837036133, 19.166475296, 19.9421844482, 25.8502445221, 30.9878463745, 21.4451885223, 17.6216926575, 13.5545768738, 11.265668869, 10.1735458374, 8.03177547455, 9.49299526215, 10.1027555466, 13.893245697, 15.1230955124, 14.0304718018, 9.18528556824, 6.91468667984, 6.38325309753, 7.03550720215, 7.03502178192, 5.75486946106, 3.80731201172, 2.44432425499, 1.07738864422, 0.375811219215, 0.100971356034, 0.0253930315375, 0.00304022850469, 0.000270701129921, 3.17439844366e-05], "median": [0.00779238855466, 0.170182392001, 0.807061493397, 1.0174472332, 1.61234354973, 1.75835418701, 1.62759137154, 2.31317591667, 2.89593458176, 2.05721187592, 1.72769093513, 1.47307276726, 1.48882818222, 2.02862739563, 1.50878727436, 1.13880896568, 0.757476806641, 0.756355524063, 0.608603715897, 0.616005659103, 0.911260128021, 1.01909065247, 1.43756198883, 1.59876918793, 2.44876503944, 1.14960348606, 0.805833697319, 1.44310617447, 1.392750144, 1.81382060051, 1.5158251524, 1.06479310989, 0.59076166153, 0.177467674017, 0.079405516386, 0.0229881312698, 0.00697955489159, 0.000974852067884, 0.000118163734442, 2.11508304346e-05], "min": [4.34792741707e-23, 3.30343241209e-22, 1.36665181375e-21, 4.84201480668e-21, 3.98039310761e-21, 3.06644641867e-20, 4.36994800097e-20, 9.5834838712e-20, 1.0616185908e-19, 1.19146940336e-19, 2.83174555209e-19, 3.60781700104e-19, 5.88100858601e-19, 5.27015328123e-19, 9.42541185334e-19, 1.04119043499e-18, 1.67194294903e-18, 1.72809600151e-18, 2.45110986292e-18, 3.20152191078e-18, 3.63704697895e-18, 4.48790480935e-18, 5.64015127262e-18, 5.47606304092e-18, 6.51954269825e-18, 8.12431816795e-18, 9.02542804775e-18, 9.02569357273e-18, 1.10355182953e-17, 1.07074989962e-17, 1.00809510412e-17, 1.06513574208e-17, 8.57468988735e-18, 7.98213078374e-18, 5.6120949606e-18, 4.38503910992e-18, 2.23731221231e-18, 9.71851296364e-19, 2.4460335589e-19, 2.34034097619e-20], "var": [0.00122849084437, 0.666298627853, 17.1659622192, 26.0648040771, 84.1338043213, 153.338287354, 447.770294189, 1835.36779785, 4372.46826172, 6044.90185547, 4938.73925781, 4411.39599609, 10174.4501953, 10922.6445313, 5045.10449219, 7300.94384766, 2693.43530273, 3548.01220703, 1500.82226563, 581.823120117, 1091.01757813, 1261.52575684, 1764.09460449, 3109.78198242, 1698.91345215, 821.825683594, 2093.40332031, 1006.69403076, 1360.12084961, 508.923492432, 255.486846924, 143.221878052, 80.0688934326, 16.2674789429, 1.43459117413, 0.075019352138, 0.00408126972616, 6.9575937232e-05, 3.60204722938e-07, 1.27020804985e-09]}, "erbbands_crest": {"dmean": 2.44654989243, "dmean2": 3.90925765038, "dvar": 5.1701593399, "dvar2": 12.33066082, "max": 28.9022254944, "mean": 8.99154567719, "median": 8.00694847107, "min": 2.41351890564, "var": 17.7448310852}, "erbbands_flatness_db": {"dmean": 0.0172744337469, "dmean2": 0.0243191812187, "dvar": 0.000266429182375, "dvar2": 0.000505126838107, "max": 0.307667523623, "mean": 0.13691419363, "median": 0.12752187252, "min": 0.0326298139989, "var": 0.00199108105153}, "erbbands_kurtosis": {"dmean": 1.4276791811, "dmean2": 2.19907784462, "dvar": 5.57899332047, "dvar2": 12.0846605301, "max": 74.5888519287, "mean": 0.994952440262, "median": -0.289854943752, "min": -1.86694216728, "var": 15.1684446335}, "erbbands_skewness": {"dmean": 0.512540757656, "dmean2": 0.741257846355, "dvar": 0.308400899172, "dvar2": 0.626100063324, "max": 4.56775283813, "mean": 0.300434589386, "median": 0.334054172039, "min": -6.42237091064, "var": 1.33556568623}, "erbbands_spread": {"dmean": 14.6920022964, "dmean2": 22.0709285736, "dvar": 275.025787354, "dvar2": 624.251403809, "max": 174.682632446, "mean": 58.7241363525, "median": 52.8215713501, "min": 3.86659216881, "var": 1099.17614746}, "gfcc": {"cov": [[27130.6777344, 1829.53747559, -2992.39404297, 438.885131836, -1595.36242676, 201.514709473, -742.614318848, 344.9453125, -505.173431396, -67.3217697144, -137.239273071, 75.0861740112, -285.756713867], [1829.53747559, 1286.19799805, -368.753173828, -376.250030518, -13.7171669006, -197.856414795, 12.6326875687, 26.2136878967, 15.6855764389, -121.766021729, 74.3110656738, -41.654510498, -52.1429634094], [-2992.39404297, -368.753173828, 1226.92041016, 492.905517578, 112.706939697, 132.181533813, 16.8880119324, -37.1140213013, 80.0884170532, 61.2063941956, 15.161151886, 27.3756275177, 22.2259197235], [438.885131836, -376.250030518, 492.905517578, 722.597412109, 67.9724960327, 105.761459351, -57.6474304199, -6.42048358917, 24.6966247559, 80.2935409546, -7.18026828766, 34.0289344788, 28.7388095856], [-1595.36242676, -13.7171669006, 112.706939697, 67.9724960327, 348.527770996, 12.7879428864, 56.7463035583, -10.277338028, 66.6209335327, 31.1580543518, 14.954659462, -22.002243042, 21.7943191528], [201.514709473, -197.856414795, 132.181533813, 105.761459351, 12.7879428864, 277.175323486, 99.5773849487, 22.715555191, -9.259557724, 24.9423942566, -28.9337768555, 1.54407477379, -3.38231134415], [-742.614318848, 12.6326875687, 16.8880119324, -57.6474304199, 56.7463035583, 99.5773849487, 273.208374023, 59.3550415039, -15.233007431, -22.0954914093, 7.41462850571, -3.07204246521, 12.37271595], [344.9453125, 26.2136878967, -37.1140213013, -6.42048358917, -10.277338028, 22.715555191, 59.3550415039, 114.906654358, 16.5174350739, -6.62021541595, -1.13181006908, 4.54859733582, -4.32832717896], [-505.173431396, 15.6855764389, 80.0884170532, 24.6966247559, 66.6209335327, -9.259557724, -15.233007431, 16.5174350739, 114.108261108, 28.2532730103, 4.28943014145, -0.227266430855, 0.580604672432], [-67.3217697144, -121.766021729, 61.2063941956, 80.2935409546, 31.1580543518, 24.9423942566, -22.0954914093, -6.62021541595, 28.2532730103, 102.734527588, 20.0718727112, -10.2910194397, 1.82518434525], [-137.239273071, 74.3110656738, 15.161151886, -7.18026828766, 14.954659462, -28.9337768555, 7.41462850571, -1.13181006908, 4.28943014145, 20.0718727112, 75.8593292236, 16.0416259766, -7.24748277664], [75.0861740112, -41.654510498, 27.3756275177, 34.0289344788, -22.002243042, 1.54407477379, -3.07204246521, 4.54859733582, -0.227266430855, -10.2910194397, 16.0416259766, 69.9298019409, 23.6826438904], [-285.756713867, -52.1429634094, 22.2259197235, 28.7388095856, 21.7943191528, -3.38231134415, 12.37271595, -4.32832717896, 0.580604672432, 1.82518434525, -7.24748277664, 23.6826438904, 72.0343933105]], "icov": [[0.00045916630188, -0.00106880755629, 0.00132027745713, -0.00147947692312, 0.001436097431, -0.00128089950886, 0.00121541810222, -0.00119302188978, 0.00121749693062, -0.00121675885748, 0.00113499339204, -0.00107018125709, 0.000942669110373], [-0.00106880755629, 0.00377892609686, -0.00287277554162, 0.00366506446153, -0.00330007821321, 0.00333469035104, -0.00279252883047, 0.00261952448636, -0.00354719418101, 0.00464985286817, -0.00449623866007, 0.00373587245122, -0.00205807061866], [0.00132027745713, -0.00287277554162, 0.00509457616135, -0.00506048789248, 0.00415237108245, -0.00397259090096, 0.00319349067286, -0.00271589518525, 0.00243587978184, -0.00289720925502, 0.00250957184471, -0.00285670394078, 0.00269590434618], [-0.00147947692312, 0.00366506446153, -0.00506048789248, 0.00714079476893, -0.00507189752534, 0.00369110819884, -0.00302375573665, 0.00311450473964, -0.00319718802348, 0.00282658892684, -0.00324688409455, 0.0025311219506, -0.00329383695498], [0.001436097431, -0.00330007821321, 0.00415237108245, -0.00507189752534, 0.00841426476836, -0.0039136596024, 0.00260484451428, -0.00259085861035, 0.00129323150031, -0.00365257286467, 0.00236238259822, -0.00120974786114, 0.00143531849608], [-0.00128089950886, 0.00333469035104, -0.00397259090096, 0.00369110819884, -0.0039136596024, 0.00913357920945, -0.00579803343862, 0.0032247826457, -0.00271105649881, 0.0015075658448, -0.000253495789366, 0.00174014468212, -0.000725640042219], [0.00121541810222, -0.00279252883047, 0.00319349067286, -0.00302375573665, 0.00260484451428, -0.00579803343862, 0.00925435125828, -0.0062083764933, 0.00464220065624, -0.00144492217805, 0.000796503096353, -0.00157062790822, 0.000593887874857], [-0.00119302188978, 0.00261952448636, -0.00271589518525, 0.00311450473964, -0.00259085861035, 0.0032247826457, -0.0062083764933, 0.0142876580358, -0.00629724608734, 0.00349098676816, -0.0023839676287, 0.00175958056934, -0.00123695819639], [0.00121749693062, -0.00354719418101, 0.00243587978184, -0.00319718802348, 0.00129323150031, -0.00271105649881, 0.00464220065624, -0.00629724608734, 0.0158048421144, -0.00752396835014, 0.0055849920027, -0.00523957284167, 0.00343950768001], [-0.00121675885748, 0.00464985286817, -0.00289720925502, 0.00282658892684, -0.00365257286467, 0.0015075658448, -0.00144492217805, 0.00349098676816, -0.00752396835014, 0.0200486816466, -0.0118048908189, 0.00964396353811, -0.00486658932641], [0.00113499339204, -0.00449623866007, 0.00250957184471, -0.00324688409455, 0.00236238259822, -0.000253495789366, 0.000796503096353, -0.0023839676287, 0.0055849920027, -0.0118048908189, 0.0242483653128, -0.0121670858935, 0.00745606562123], [-0.00107018125709, 0.00373587245122, -0.00285670394078, 0.0025311219506, -0.00120974786114, 0.00174014468212, -0.00157062790822, 0.00175958056934, -0.00523957284167, 0.00964396353811, -0.0121670858935, 0.024668097496, -0.0103826327249], [0.000942669110373, -0.00205807061866, 0.00269590434618, -0.00329383695498, 0.00143531849608, -0.000725640042219, 0.000593887874857, -0.00123695819639, 0.00343950768001, -0.00486658932641, 0.00745606562123, -0.0103826327249, 0.0202288832515]], "mean": [-69.8146362305, 64.3853302002, -85.9386367798, 42.9341316223, -70.4416732788, 13.6268987656, -37.2372169495, 7.78019285202, -23.4695796967, -7.30444145203, -12.9338617325, 1.6858907938, -15.6998376846]}, "hfc": {"dmean": 5.26965665817, "dmean2": 7.11361980438, "dvar": 102.799438477, "dvar2": 170.129714966, "max": 435.03729248, "mean": 15.2744779587, "median": 6.45353031158, "min": 1.0561330888e-16, "var": 582.989135742}, "melbands": {"dmean": [0.000174733751919, 0.000469328108011, 0.000234761639149, 0.00018386663578, 0.000117169278383, 0.000147783764987, 0.000154002540512, 0.000125532664242, 7.62398121879e-05, 6.7712731834e-05, 6.61805679556e-05, 6.36652621324e-05, 3.9048925828e-05, 3.03937431454e-05, 1.94931399164e-05, 1.45482090375e-05, 1.12369252747e-05, 1.00730294434e-05, 9.55281393544e-06, 5.7675511016e-06, 6.52542394164e-06, 5.85544648857e-06, 6.33341824141e-06, 5.51245830138e-06, 7.1480085353e-06, 5.74919477003e-06, 4.85868076794e-06, 2.59876014752e-06, 2.0309419142e-06, 2.23574556912e-06, 2.15226214095e-06, 2.73940781881e-06, 2.65593439508e-06, 2.53335065281e-06, 2.55963777818e-06, 2.05712831303e-06, 1.77111837729e-06, 1.44740965879e-06, 1.05777678527e-06, 7.14732550477e-07], "dmean2": [0.000277876912151, 0.000717456860002, 0.000369316025171, 0.000279713916825, 0.000168310420122, 0.000203765390324, 0.000210757920286, 0.000177949143108, 0.000107961081085, 9.93290159386e-05, 9.22626713873e-05, 9.22360486584e-05, 5.75068770559e-05, 4.36053451267e-05, 2.91504293273e-05, 2.1680511054e-05, 1.54811441462e-05, 1.51299082063e-05, 1.50655196194e-05, 8.85940517037e-06, 9.38762423175e-06, 7.91500679043e-06, 9.77286345005e-06, 8.12236430647e-06, 1.04776863736e-05, 8.49714797369e-06, 7.78058165452e-06, 4.09714948546e-06, 3.07486220663e-06, 3.36609150509e-06, 3.18287084156e-06, 4.01178294851e-06, 4.02047089665e-06, 3.91190496885e-06, 3.9110632315e-06, 3.12508836942e-06, 2.61696732196e-06, 2.1274881874e-06, 1.69796339833e-06, 1.15988757443e-06], "dvar": [8.92351863513e-08, 6.32402134215e-07, 1.93359099399e-07, 1.14758584857e-07, 1.09055974917e-07, 2.05789646657e-07, 2.77796033288e-07, 2.07711266853e-07, 1.27193501953e-07, 7.34429974614e-08, 7.09275553845e-08, 5.08771194063e-08, 2.47463702863e-08, 2.0201358808e-08, 1.01823962595e-08, 4.59720350676e-09, 3.51528472997e-09, 1.92237692431e-09, 1.85482862403e-09, 5.15866571682e-10, 6.92961965587e-10, 5.55261447932e-10, 4.74167871634e-10, 4.15670969867e-10, 1.07938558092e-09, 4.29909885469e-10, 3.17385617787e-10, 9.99163460302e-11, 1.34939767693e-10, 1.95109414736e-10, 1.40699465967e-10, 2.39648439981e-10, 8.77949171696e-11, 5.53303063089e-11, 4.03267037818e-11, 3.06999425881e-11, 2.3509652558e-11, 2.07237317584e-11, 1.21428552977e-11, 4.70147271808e-12], "dvar2": [2.31321862998e-07, 1.33366143018e-06, 4.67257507353e-07, 2.31993169564e-07, 1.80138030714e-07, 3.22948864095e-07, 4.74168700748e-07, 3.63364989653e-07, 2.63813461743e-07, 1.57023606562e-07, 1.26343621787e-07, 1.03574365085e-07, 5.29696464469e-08, 3.62571377366e-08, 2.07902228766e-08, 9.66647917267e-09, 5.19119325304e-09, 4.33359925722e-09, 4.84139528467e-09, 1.24086563247e-09, 1.21467891301e-09, 8.49433079431e-10, 1.17750809103e-09, 8.34771030078e-10, 2.24701524054e-09, 9.94334614646e-10, 8.64884164287e-10, 2.2271362532e-10, 2.46605014187e-10, 3.34368588373e-10, 2.35917313463e-10, 4.2704378922e-10, 1.65637517591e-10, 1.1940140543e-10, 8.368457316e-11, 5.88348050834e-11, 4.77410229405e-11, 4.27643337408e-11, 2.70020793919e-11, 1.10258408306e-11], "max": [0.00476286374032, 0.0186077933758, 0.0094401249662, 0.00893054995686, 0.00952276214957, 0.0146862277761, 0.0154380891472, 0.0157948918641, 0.0173999238759, 0.00784259010106, 0.0150185711682, 0.00797807611525, 0.00617646146566, 0.00546639924869, 0.00392089225352, 0.00266857002862, 0.00447924761102, 0.00153204589151, 0.00164142600261, 0.000620560720563, 0.00115819589701, 0.00157732248772, 0.000620558566879, 0.000705892511178, 0.00140111905057, 0.000683771097101, 0.000600975181442, 0.000333873700583, 0.000820626388304, 0.00131485296879, 0.000969568791334, 0.001288331463, 0.00047313052346, 0.000301496242173, 0.000254108424997, 0.000290499068797, 0.000224113202421, 0.000234840612393, 0.00015010406787, 8.05716044852e-05], "mean": [0.000322276377119, 0.000967411266174, 0.00055091077229, 0.000405430007959, 0.000270123506198, 0.000325597822666, 0.000313727854518, 0.000244158814894, 0.000149239058373, 0.000124600264826, 0.00012875473476, 0.000127044200781, 7.2972055932e-05, 5.63830108149e-05, 3.37098463206e-05, 2.63625952357e-05, 2.08205910894e-05, 1.57525828399e-05, 1.4194236428e-05, 9.62464764598e-06, 1.15305247164e-05, 1.06438992589e-05, 1.21233861137e-05, 1.10958644655e-05, 1.27197818074e-05, 9.98601535684e-06, 8.83104530658e-06, 5.43947589904e-06, 4.16832699557e-06, 4.31729495176e-06, 3.4440095078e-06, 4.12334748034e-06, 3.98570909965e-06, 3.68440191778e-06, 3.44284921994e-06, 2.56299244938e-06, 2.39899623011e-06, 1.96770270122e-06, 1.21511902762e-06, 7.85030294992e-07], "median": [0.000118466137792, 0.000413298083004, 0.000218084620428, 0.000135999900522, 5.95086894464e-05, 5.10251629748e-05, 4.10982902395e-05, 1.91389553947e-05, 1.17992904052e-05, 8.25737697596e-06, 6.68080610922e-06, 7.70443784859e-06, 5.46069077245e-06, 2.93203220281e-06, 1.86409317848e-06, 1.28040483105e-06, 1.2281036561e-06, 8.3629549863e-07, 7.10107485702e-07, 9.97210577225e-07, 1.00451268281e-06, 9.99017174763e-07, 9.85318365565e-07, 1.62354581335e-06, 1.1351436342e-06, 1.21224013583e-06, 1.58686646046e-06, 5.01535396324e-07, 3.81951679174e-07, 7.38005439871e-07, 7.22874005987e-07, 6.58899693917e-07, 9.71282815954e-07, 9.56282633524e-07, 9.36678816288e-07, 5.71463374399e-07, 6.8771316819e-07, 4.98640702062e-07, 1.84700724049e-07, 1.19478997362e-07], "min": [6.51826053134e-25, 9.53582260587e-25, 1.04109375625e-24, 1.07327316751e-24, 1.72804517239e-24, 2.02235556828e-24, 1.52883846673e-24, 1.19073603541e-24, 1.75508377435e-24, 2.28423273691e-24, 2.44312865031e-24, 1.85127747313e-24, 2.06480220143e-24, 1.96541756029e-24, 3.9008146244e-24, 3.36399911713e-24, 2.86046091829e-24, 3.33016921164e-24, 2.23299405174e-24, 3.80734920106e-24, 3.3177604296e-24, 4.29989107331e-24, 4.32089765036e-24, 4.05236742607e-24, 3.80990550482e-24, 3.27658603187e-24, 3.77917187838e-24, 4.33585011439e-24, 4.75404302961e-24, 5.2884458058e-24, 5.0345903665e-24, 5.74507084104e-24, 4.91982333214e-24, 5.40305743457e-24, 4.87344777724e-24, 4.32228525669e-24, 6.15166316223e-24, 4.93330654273e-24, 5.5679881339e-24, 5.89343743351e-24], "var": [2.51616512514e-07, 3.12882548315e-06, 7.68753352531e-07, 5.12001236075e-07, 4.37186287172e-07, 8.94342349511e-07, 1.02516798961e-06, 7.55146970732e-07, 3.06879826439e-07, 1.8241894395e-07, 2.66415298711e-07, 1.9486398628e-07, 6.27622256388e-08, 5.52285612798e-08, 2.47682780952e-08, 1.15514993126e-08, 1.65796230078e-08, 4.37245528673e-09, 2.97033886376e-09, 1.05522668381e-09, 1.88124005263e-09, 2.1485511148e-09, 1.26557864188e-09, 1.36770361703e-09, 2.73816391783e-09, 1.05845754383e-09, 6.35842489771e-10, 4.13091644225e-10, 7.25935034307e-10, 1.11840792183e-09, 4.24763363371e-10, 6.11320494226e-10, 2.53859322452e-10, 1.33977315353e-10, 9.02729488383e-11, 7.20387430264e-11, 5.49271218786e-11, 4.81027197241e-11, 2.75335986649e-11, 8.3962298919e-12]}, "melbands_crest": {"dmean": 3.31029844284, "dmean2": 5.29899978638, "dvar": 8.93542861938, "dvar2": 21.2915706635, "max": 31.8376808167, "mean": 15.2118206024, "median": 14.3810253143, "min": 1.43739545345, "var": 35.2775230408}, "melbands_flatness_db": {"dmean": 0.0294169224799, "dmean2": 0.0424274131656, "dvar": 0.000800842535682, "dvar2": 0.00158819905482, "max": 0.506197869778, "mean": 0.199894964695, "median": 0.198638647795, "min": 0.00308952410705, "var": 0.00530243944377}, "melbands_kurtosis": {"dmean": 15.4833250046, "dmean2": 23.864397049, "dvar": 824.249572754, "dvar2": 1899.71618652, "max": 679.262390137, "mean": 31.8392353058, "median": 14.1910800934, "min": -1.93050456047, "var": 2569.84912109}, "melbands_skewness": {"dmean": 1.05940485001, "dmean2": 1.58649098873, "dvar": 1.59476721287, "dvar2": 3.47174668312, "max": 19.214881897, "mean": 3.82335281372, "median": 3.1900780201, "min": -2.52370023727, "var": 8.47191143036}, "melbands_spread": {"dmean": 12.4833211899, "dmean2": 19.517490387, "dvar": 567.950317383, "dvar2": 1302.93798828, "max": 282.642150879, "mean": 28.7367172241, "median": 17.2183036804, "min": 0.440309107304, "var": 1149.69445801}, "mfcc": {"cov": [[12531.5410156, 1209.09643555, -877.233093262, -190.000473022, -393.875946045, -308.953460693, -99.3420639038, 101.29259491, -162.198226929, -15.2980518341, -21.6260910034, -93.0720291138, 86.0648880005], [1209.09643555, 1540.42480469, -356.223205566, -196.459686279, -126.162498474, -245.522872925, -37.6305656433, 73.2833023071, -100.61227417, -15.0903501511, 13.2714977264, -14.7283391953, -4.63549947739], [-877.233093262, -356.223205566, 1036.92199707, 338.826293945, 162.218002319, 192.140960693, 12.5197134018, 37.2572097778, 27.7183895111, -13.6259937286, 24.8658447266, 70.0737915039, -6.91657733917], [-190.000473022, -196.459686279, 338.826293945, 485.90637207, 208.372894287, 90.0404586792, -13.326508522, -10.4538698196, 10.5173463821, 3.32551836967, 1.9113547802, 34.6639900208, 20.5944633484], [-393.875946045, -126.162498474, 162.218002319, 208.372894287, 300.655426025, 97.6133117676, -57.9257888794, -42.2203598022, 16.0640468597, 14.323340416, 25.2851428986, 18.7500934601, -0.206043466926], [-308.953460693, -245.522872925, 192.140960693, 90.0404586792, 97.6133117676, 241.264266968, 81.775642395, 18.0609474182, 44.9238090515, 35.0874786377, 23.084444046, 8.8394317627, -19.6038513184], [-99.3420639038, -37.6305656433, 12.5197134018, -13.326508522, -57.9257888794, 81.775642395, 203.984054565, 74.6741104126, 35.5620651245, 23.5009555817, 20.2567081451, 1.87326681614, -1.83892071247], [101.29259491, 73.2833023071, 37.2572097778, -10.4538698196, -42.2203598022, 18.0609474182, 74.6741104126, 163.106079102, 44.1068267822, 6.51170301437, -4.48058462143, 14.7290143967, 6.57786560059], [-162.198226929, -100.61227417, 27.7183895111, 10.5173463821, 16.0640468597, 44.9238090515, 35.5620651245, 44.1068267822, 124.378967285, 29.1487541199, 1.90366864204, 6.49495172501, 3.0383477211], [-15.2980518341, -15.0903501511, -13.6259937286, 3.32551836967, 14.323340416, 35.0874786377, 23.5009555817, 6.51170301437, 29.1487541199, 99.4795608521, 31.0916519165, -5.85279750824, -4.77846908569], [-21.6260910034, 13.2714977264, 24.8658447266, 1.9113547802, 25.2851428986, 23.084444046, 20.2567081451, -4.48058462143, 1.90366864204, 31.0916519165, 103.59790802, 17.8148193359, -10.5542907715], [-93.0720291138, -14.7283391953, 70.0737915039, 34.6639900208, 18.7500934601, 8.8394317627, 1.87326681614, 14.7290143967, 6.49495172501, -5.85279750824, 17.8148193359, 92.494972229, 22.6651878357], [86.0648880005, -4.63549947739, -6.91657733917, 20.5944633484, -0.206043466926, -19.6038513184, -1.83892071247, 6.57786560059, 3.0383477211, -4.77846908569, -10.5542907715, 22.6651878357, 77.1647872925]], "icov": [[9.64421487879e-05, -5.63629473618e-05, 7.76553715696e-05, -9.36230499065e-05, 0.000161595409736, -8.48990894156e-05, 0.000131264416268, -9.25275817281e-05, 7.50707258703e-05, 9.46668819779e-07, -7.02542165527e-05, 9.15704004001e-05, -0.000128528481582], [-5.63629473618e-05, 0.000936052529141, 0.000110626649985, 0.000202949770028, -0.000283368164673, 0.000859296182171, -8.50614160299e-05, -0.000718383467756, 0.000688162283041, -0.000177224239451, -0.000215373875108, -6.87009596732e-05, 0.000304256129311], [7.76553715696e-05, 0.000110626649985, 0.00158645480406, -0.000965963467024, 0.000351064169081, -0.00101731682662, 0.000586812268011, -0.000631129834801, 0.000203406874789, 0.000530367717147, -0.000392854271922, -0.000602743006311, 0.000278451479971], [-9.36230499065e-05, 0.000202949770028, -0.000965963467024, 0.00377018982545, -0.00251504336484, 0.000586541427765, -0.000788006407674, 7.25650679669e-05, 0.000346574379364, -0.000318722130032, 0.000832114776131, -0.000322035863064, -0.000683842226863], [0.000161595409736, -0.000283368164673, 0.000351064169081, -0.00251504336484, 0.00678024115041, -0.00298631936312, 0.00298611959442, 0.000680832716171, -0.000776209461037, 0.000143813158502, -0.00158167211339, 2.25627854888e-06, -0.000399529468268], [-8.48990894156e-05, 0.000859296182171, -0.00101731682662, 0.000586541427765, -0.00298631936312, 0.00844803731889, -0.00380966998637, 0.000127354593133, -0.000533062615432, -0.00158979964908, 0.000418295734562, -0.000167863079696, 0.00196426222101], [0.000131264416268, -8.50614160299e-05, 0.000586812268011, -0.000788006407674, 0.00298611959442, -0.00380966998637, 0.00855998136103, -0.00293119181879, -0.000336407800205, -0.000107950407255, -0.00191959214862, 0.00061138602905, -0.000830196077004], [-9.25275817281e-05, -0.000718383467756, -0.000631129834801, 7.25650679669e-05, 0.000680832716171, 0.000127354593133, -0.00293119181879, 0.00914862845093, -0.00310026318766, 0.000190309816389, 0.0011981013231, -0.0012655305909, -0.000161997188115], [7.50707258703e-05, 0.000688162283041, 0.000203406874789, 0.000346574379364, -0.000776209461037, -0.000533062615432, -0.000336407800205, -0.00310026318766, 0.0107614211738, -0.00271452241577, 0.000754323089495, -0.000370206980733, -0.000377804215532], [9.46668819779e-07, -0.000177224239451, 0.000530367717147, -0.000318722130032, 0.000143813158502, -0.00158979964908, -0.000107950407255, 0.000190309816389, -0.00271452241577, 0.0127340052277, -0.0038422041107, 0.00162134168204, -0.00040770805208], [-7.02542165527e-05, -0.000215373875108, -0.000392854271922, 0.000832114776131, -0.00158167211339, 0.000418295734562, -0.00191959214862, 0.0011981013231, 0.000754323089495, -0.0038422041107, 0.0123684955761, -0.00318901077844, 0.00212306366302], [9.15704004001e-05, -6.87009596732e-05, -0.000602743006311, -0.000322035863064, 2.25627854888e-06, -0.000167863079696, 0.00061138602905, -0.0012655305909, -0.000370206980733, 0.00162134168204, -0.00318901077844, 0.0134638836607, -0.00427040085196], [-0.000128528481582, 0.000304256129311, 0.000278451479971, -0.000683842226863, -0.000399529468268, 0.00196426222101, -0.000830196077004, -0.000161997188115, -0.000377804215532, -0.00040770805208, 0.00212306366302, -0.00427040085196, 0.0153546947986]], "mean": [-708.204101563, 91.3710174561, 34.2869606018, 26.327457428, 0.852755427361, 2.49947738647, -2.99581408501, 12.5104513168, -8.37110424042, -0.362990945578, -3.6335105896, -1.85686671734, -1.52865183353]}, "pitch_salience": {"dmean": 0.073279350996, "dmean2": 0.116082280874, "dvar": 0.00446762703359, "dvar2": 0.0107772108167, "max": 0.951783418655, "mean": 0.557373821735, "median": 0.5701431036, "min": 0.0969573333859, "var": 0.017312547192}, "silence_rate_20dB": {"dmean": 0, "dmean2": 0, "dvar": 0, "dvar2": 0, "max": 1, "mean": 1, "median": 1, "min": 1, "var": 0}, "silence_rate_30dB": {"dmean": 0.00148938805796, "dmean2": 0.00297914608382, "dvar": 0.00148715067189, "dvar2": 0.0029703383334, "max": 1, "mean": 0.998138487339, "median": 1, "min": 0, "var": 0.00185812835116}, "silence_rate_60dB": {"dmean": 0.0598237551749, "dmean2": 0.119662366807, "dvar": 0.0562420189381, "dvar2": 0.120748385787, "max": 1, "mean": 0.259245485067, "median": 0, "min": 0, "var": 0.192040801048}, "spectral_centroid": {"dmean": 366.758148193, "dmean2": 545.971557617, "dvar": 262648.15625, "dvar2": 527677.625, "max": 11667.9638672, "mean": 1577.47644043, "median": 1210.53918457, "min": 149.994445801, "var": 1971833.5}, "spectral_complexity": {"dmean": 1.9002109766, "dmean2": 2.92626619339, "dvar": 5.33931398392, "dvar2": 10.2570505142, "max": 44, "mean": 9.92305755615, "median": 8, "min": 0, "var": 60.1774024963}, "spectral_contrast_coeffs": {"dmean": [0.0455362983048, 0.0423948131502, 0.0357805900276, 0.0285916775465, 0.0228332486004, 0.017316725105], "dmean2": [0.0754484534264, 0.0667776912451, 0.0552457794547, 0.0448710434139, 0.0345971398056, 0.0259555093944], "dvar": [0.00137255690061, 0.00129334244411, 0.000955515250098, 0.00058847136097, 0.000421634351369, 0.000212825965718], "dvar2": [0.00353983114474, 0.00291418517008, 0.00208803545684, 0.00132220890373, 0.000870268675499, 0.000475665932754], "max": [-0.310242593288, -0.368321806192, -0.434153079987, -0.486170142889, -0.55043900013, -0.586194515228], "mean": [-0.64288687706, -0.721583545208, -0.772620856762, -0.792611539364, -0.783255696297, -0.786190330982], "median": [-0.648478984833, -0.737531483173, -0.788442671299, -0.804475367069, -0.79306769371, -0.789669036865], "min": [-0.978298187256, -0.978825390339, -0.983304679394, -0.969912052155, -0.968706727028, -0.96563911438], "var": [0.00906149297953, 0.00962144415826, 0.00711200945079, 0.00421361299232, 0.00366112939082, 0.00188735406846]}, "spectral_contrast_valleys": {"dmean": [0.414496868849, 0.341613650322, 0.31443426013, 0.276740044355, 0.29256516695, 0.495324224234], "dmean2": [0.679837405682, 0.55040627718, 0.493409126997, 0.418930351734, 0.389831870794, 0.58457493782], "dvar": [0.13296495378, 0.101712524891, 0.0954969599843, 0.076663672924, 0.0834742486477, 0.197862103581], "dvar2": [0.306293159723, 0.215971380472, 0.185796558857, 0.13519372046, 0.140404522419, 0.376572817564], "max": [-6.01916360855, -4.84450531006, -5.23202800751, -6.09643697739, -5.95305204391, -7.06397867203], "mean": [-8.14952659607, -7.81779336929, -8.50963687897, -9.13946056366, -8.65471363068, -10.3502130508], "median": [-7.71217060089, -7.43190526962, -8.15697288513, -8.86032104492, -8.3417301178, -10.0701522827], "min": [-28.0081787109, -28.0648536682, -27.8763313293, -27.6560935974, -27.502872467, -27.4298191071], "var": [6.02449274063, 6.38152980804, 6.24316692352, 5.69963932037, 5.79854488373, 5.00516271591]}, "spectral_decrease": {"dmean": 9.50665102195e-10, "dmean2": 1.25145993568e-09, "dvar": 1.8710056178e-18, "dvar2": 2.81953734853e-18, "max": 3.56008508905e-22, "mean": -3.80586406834e-09, "median": -2.29220242787e-09, "min": -3.15765404935e-08, "var": 1.78786569443e-17}, "spectral_energy": {"dmean": 0.00389699358493, "dmean2": 0.00508165778592, "dvar": 3.05210342049e-05, "dvar2": 4.58384383819e-05, "max": 0.12733219564, "mean": 0.0157496593893, "median": 0.0095624383539, "min": 9.68464192088e-21, "var": 0.000298440572806}, "spectral_energyband_high": {"dmean": 0.00050346122589, "dmean2": 0.000718726019841, "dvar": 1.75916375156e-06, "dvar2": 2.80245672002e-06, "max": 0.0695913359523, "mean": 0.000916483637411, "median": 0.000238556604018, "min": 6.90141261198e-21, "var": 7.54495886213e-06}, "spectral_energyband_low": {"dmean": 0.00177147577051, "dmean2": 0.00273519428447, "dvar": 7.51621109885e-06, "dvar2": 1.6834030248e-05, "max": 0.0580362044275, "mean": 0.0040336176753, "median": 0.00204771291465, "min": 1.19346427141e-23, "var": 3.50299560523e-05}, "spectral_energyband_middle_high": {"dmean": 0.00117516878527, "dmean2": 0.00154125329573, "dvar": 8.36743765831e-06, "dvar2": 1.3874699107e-05, "max": 0.0763744115829, "mean": 0.00351977604441, "median": 0.000459371891338, "min": 1.14893852276e-21, "var": 5.53470817977e-05}, "spectral_energyband_middle_low": {"dmean": 0.00231556175277, "dmean2": 0.00308057968505, "dvar": 1.99980913749e-05, "dvar2": 2.99535131489e-05, "max": 0.107122510672, "mean": 0.00798309501261, "median": 0.00252880412154, "min": 1.1456609256e-22, "var": 0.000144306395669}, "spectral_entropy": {"dmean": 0.242652699351, "dmean2": 0.317884922028, "dvar": 0.0517174638808, "dvar2": 0.0935146585107, "max": 9.82378768921, "mean": 7.65153169632, "median": 7.63181400299, "min": 5.87592220306, "var": 0.303512781858}, "spectral_flux": {"dmean": 0.0171843841672, "dmean2": 0.0266759376973, "dvar": 0.000427087361459, "dvar2": 0.00101133680437, "max": 0.358731895685, "mean": 0.0561473071575, "median": 0.0459886416793, "min": 6.44804210026e-11, "var": 0.00178396934643}, "spectral_kurtosis": {"dmean": 1.23897838593, "dmean2": 1.7964451313, "dvar": 1.89173662663, "dvar2": 4.21994113922, "max": 22.7705802917, "mean": 2.46408653259, "median": 1.93420338631, "min": -1.25329458714, "var": 5.91770505905}, "spectral_rms": {"dmean": 0.000478675297927, "dmean2": 0.000634799245745, "dvar": 2.81080019704e-07, "dvar2": 4.41209550672e-07, "max": 0.0111456951126, "mean": 0.00332607864402, "median": 0.0030543752946, "min": 3.07383003599e-12, "var": 4.30277941632e-06}, "spectral_rolloff": {"dmean": 1044.71826172, "dmean2": 1768.61437988, "dvar": 3656689.75, "dvar2": 7773749.5, "max": 19530.6152344, "mean": 2289.93139648, "median": 925.927734375, "min": 86.1328125, "var": 10076623}, "spectral_skewness": {"dmean": 0.263118982315, "dmean2": 0.366816192865, "dvar": 0.0647584423423, "dvar2": 0.132943481207, "max": 3.86386847496, "mean": 1.23276388645, "median": 1.18345355988, "min": -0.257348924875, "var": 0.297042518854}, "spectral_spread": {"dmean": 889363.625, "dmean2": 1208852.125, "dvar": 975863087104, "dvar2": 1912893079550.0, "max": 42828532, "mean": 6699534.5, "median": 6194184, "min": 2130970.25, "var": 187859604