{"lowlevel": {"average_loudness": 0.585690140724, "barkbands": {"dmean": [6.37105131318e-06, 0.000140017582453, 0.000330157665303, 0.000307889218675, 0.000511237652972, 0.000372426875401, 0.00037161554792, 0.00018722009554, 0.000338300364092, 0.000502574781422, 0.000356490781996, 0.000310730392812, 0.000527832307853, 0.000483314914163, 0.000519613793585, 0.000254430779023, 0.000171183070051, 0.000309223862132, 0.000177575057023, 0.000198249923415, 0.000151338754222, 8.50015057949e-05, 0.000133332199766, 3.8666112232e-05, 2.6059389711e-05, 2.422554644e-06, 1.27396376115e-07], "dmean2": [9.97025563265e-06, 0.000212896818994, 0.000507509044837, 0.000474162457976, 0.00078191049397, 0.000567097507883, 0.00055452430388, 0.000285937712761, 0.000542055815458, 0.000786941964179, 0.000570837641135, 0.000505643663928, 0.000862816115841, 0.000797317712568, 0.00086747307796, 0.000423270772444, 0.000275626865914, 0.000505686271936, 0.000288212380838, 0.000302120432025, 0.000234001039644, 0.00013057202159, 0.000203048926778, 5.795110701e-05, 3.86003157473e-05, 3.53783661922e-06, 2.16279957499e-07], "dvar": [9.46640127397e-11, 1.63774956263e-07, 1.0902140275e-06, 9.74914769358e-07, 1.27949499529e-06, 5.88150840031e-07, 7.05558818481e-07, 1.30123268605e-07, 7.79110166604e-07, 1.31013280225e-06, 7.27623330476e-07, 3.61452663356e-07, 1.86391662282e-06, 1.32908530759e-06, 1.45531316775e-06, 4.90802506192e-07, 1.27724248955e-07, 7.40521386433e-07, 1.12899343208e-07, 2.13974587382e-07, 2.74464753147e-07, 6.96837645364e-08, 5.12014707965e-07, 1.58770365744e-08, 2.27928236285e-08, 1.35955538494e-10, 1.37046721627e-12], "dvar2": [2.36712677237e-10, 3.73249093855e-07, 2.51065353041e-06, 2.16779926632e-06, 3.1461531762e-06, 1.44174248362e-06, 1.50674236465e-06, 2.89493328864e-07, 2.08121014111e-06, 3.17771900882e-06, 1.91448566511e-06, 9.47354521941e-07, 4.91452556162e-06, 3.56025793735e-06, 4.03604326493e-06, 1.3162950836e-06, 3.15442633791e-07, 1.75039724581e-06, 2.82739222257e-07, 4.86342230488e-07, 6.17082378085e-07, 1.54305183742e-07, 1.21141908949e-06, 3.5695961742e-08, 5.32024060362e-08, 3.0820485053e-10, 3.82345891059e-12], "max": [0.000350997433998, 0.0100632524118, 0.028688929975, 0.0263634417206, 0.0183802805841, 0.014433846809, 0.0220945291221, 0.00918404944241, 0.0262880288064, 0.0263129398227, 0.0189469624311, 0.0150076281279, 0.026312969625, 0.0356513857841, 0.0361843518913, 0.0193858854473, 0.0113882273436, 0.0264867264777, 0.0111230127513, 0.0124411778525, 0.0130802020431, 0.00667558331043, 0.0165221206844, 0.00653122412041, 0.0035088325385, 0.000298922357615, 5.84298868489e-05], "mean": [1.60100244102e-05, 0.000310407020152, 0.000668354099616, 0.000647615175694, 0.00120025163051, 0.000738282164093, 0.000738336530048, 0.000343179184711, 0.000566368340515, 0.00089900806779, 0.000613692973275, 0.000541814952157, 0.00090252206428, 0.00087887927657, 0.000923772517126, 0.000460596114863, 0.000338714191457, 0.000610031944234, 0.000429907871876, 0.000441188400146, 0.000261638429947, 0.000150373656652, 0.000189562822925, 6.16161851212e-05, 3.37390411005e-05, 3.32868012265e-06, 1.389694404e-07], "median": [1.15287275548e-05, 2.91565484076e-05, 5.69466137676e-05, 6.22101069894e-05, 0.000424076657509, 0.000339276884915, 0.000201660528546, 0.000115421520604, 0.000162386102602, 0.00020757742459, 0.000185350712854, 0.000258806248894, 0.000251647317782, 0.000259119435214, 0.000314907869324, 0.000140446732985, 0.000116309420264, 0.000162742042448, 0.000133292560349, 9.87767562037e-05, 4.09858002968e-05, 2.9116832593e-05, 1.83661868505e-05, 6.81148048898e-06, 1.16620719837e-06, 3.15949591823e-07, 4.51765274079e-08], "min": [8.01109706269e-24, 3.0812957445e-23, 9.91058734776e-24, 1.60474944723e-23, 2.5759986225e-23, 5.23256928905e-23, 5.72888459856e-23, 4.09688915784e-23, 8.67241872328e-23, 9.85420114797e-23, 9.79589486075e-23, 6.65716436255e-23, 1.15896414969e-22, 1.11801835596e-22, 1.32097131473e-22, 1.20494098273e-22, 1.61307754647e-22, 3.00602629724e-22, 1.68547112242e-22, 2.26173514964e-22, 3.2725787368e-22, 4.47528440327e-22, 6.21246213947e-22, 9.22374843501e-22, 1.03329802689e-21, 1.83247304232e-21, 2.34830880959e-21], "var": [3.05785979871e-10, 5.50171876057e-07, 3.90763671021e-06, 4.50950074082e-06, 3.81800236937e-06, 1.35540108204e-06, 2.10958364733e-06, 3.89328022266e-07, 1.46080105878e-06, 3.57667863682e-06, 1.64833022609e-06, 7.49548235035e-07, 4.11372730014e-06, 3.42693465427e-06, 2.98655436382e-06, 9.29272175654e-07, 3.47141650536e-07, 1.51307722263e-06, 5.4878512401e-07, 7.51430548007e-07, 4.74159662645e-07, 1.31428464556e-07, 6.52810570045e-07, 3.50039925934e-08, 2.7441354078e-08, 1.91525462157e-10, 8.95785561613e-13]}, "barkbands_crest": {"dmean": 2.19086718559, "dmean2": 3.5021238327, "dvar": 4.18831205368, "dvar2": 10.6748065948, "max": 25.3229598999, "mean": 8.70935344696, "median": 7.76872158051, "min": 2.19486808777, "var": 15.4990329742}, "barkbands_flatness_db": {"dmean": 0.0145801110193, "dmean2": 0.0224980860949, "dvar": 0.000201273185667, "dvar2": 0.000469146383693, "max": 0.343138486147, "mean": 0.135782837868, "median": 0.129720076919, "min": 0.0221060719341, "var": 0.00174968678039}, "barkbands_kurtosis": {"dmean": 1.02852749825, "dmean2": 1.6218136549, "dvar": 4.03383684158, "dvar2": 10.4815645218, "max": 64.5093688965, "mean": 0.990778446198, "median": -0.19625172019, "min": -1.79421377182, "var": 13.9158411026}, "barkbands_skewness": {"dmean": 0.360550642014, "dmean2": 0.557927906513, "dvar": 0.139786079526, "dvar2": 0.334863126278, "max": 7.53107690811, "mean": 0.435411810875, "median": 0.323845773935, "min": -3.80017113686, "var": 0.981668055058}, "barkbands_spread": {"dmean": 4.14473581314, "dmean2": 6.39253950119, "dvar": 27.8339214325, "dvar2": 64.8813934326, "max": 127.910774231, "mean": 20.9161911011, "median": 17.8808002472, "min": 0.889905929565, "var": 141.048233032}, "dissonance": {"dmean": 0.0163245871663, "dmean2": 0.027734875679, "dvar": 0.00034644731204, "dvar2": 0.000971493893303, "max": 0.499990493059, "mean": 0.465187340975, "median": 0.474247634411, "min": 0.26405107975, "var": 0.000956670788582}, "dynamic_complexity": 4.88430690765, "erbbands": {"dmean": [0.0020590708591, 0.0411327257752, 0.305549025536, 0.737607181072, 1.15748941898, 2.15858483315, 2.58648014069, 3.05557084084, 4.59590864182, 4.97893953323, 4.26728057861, 7.7473025322, 11.5950756073, 16.1537570953, 11.503783226, 12.9512271881, 22.4293231964, 23.4271259308, 26.8286914825, 16.6376419067, 13.1175794601, 9.46303462982, 17.6640281677, 10.0354890823, 8.14431190491, 10.0124053955, 5.63585853577, 6.61444187164, 3.16423511505, 3.57506561279, 3.82679367065, 1.08735823631, 0.513097822666, 0.23671156168, 0.235452890396, 0.0240050517023, 0.00334269599989, 0.000420052296249, 2.18304849113e-05, 4.58158410765e-06], "dmean2": [0.0031875835266, 0.0616744980216, 0.456785649061, 1.14876520634, 1.79970932007, 3.31378936768, 3.80414962769, 4.73776483536, 6.88088417053, 7.41136550903, 6.65750026703, 12.3627166748, 18.2955303192, 25.2565441132, 18.6851806641, 21.1580543518, 36.624080658, 38.932144165, 44.6066169739, 27.3267173767, 21.6624794006, 15.1016569138, 28.6988754272, 16.2723655701, 13.0457372665, 15.4926643372, 8.46220970154, 10.3281431198, 4.77932357788, 5.47038316727, 5.82358455658, 1.64205050468, 0.757440924644, 0.342225790024, 0.36442220211, 0.0344673842192, 0.00475786672905, 0.000635744479951, 3.54079566023e-05, 6.53277220408e-06], "dvar": [2.75582642644e-05, 0.0150469103828, 0.939380645752, 5.34925079346, 7.20632457733, 29.8529415131, 27.8275871277, 51.0283737183, 105.612083435, 117.348075867, 70.0134963989, 474.830627441, 795.045898438, 1187.56469727, 769.0390625, 687.243835449, 3136.30517578, 2843.41918945, 3993.19677734, 1198.93505859, 1276.07397461, 416.205230713, 2996.7800293, 380.822418213, 275.233978271, 633.683227539, 196.57460022, 796.966430664, 114.17906189, 202.418014526, 452.143951416, 16.4989795685, 2.27672481537, 0.948776900768, 2.63242864609, 0.015334110707, 0.000318388018059, 7.07139133738e-06, 4.11320257854e-08, 1.39343328542e-10], "dvar2": [6.28616980975e-05, 0.0330555588007, 1.99852240086, 12.474822998, 17.711019516, 72.1875457764, 62.6811943054, 128.697799683, 220.727127075, 253.731796265, 168.851425171, 1308.82421875, 1959.3034668, 2832.47924805, 2141.21655273, 1799.80480957, 8204.95703125, 7661.79931641, 10971.1171875, 3285.91821289, 3462.88061523, 993.438049316, 7001.85693359, 967.590637207, 679.210327148, 1521.0168457, 388.231933594, 1847.61730957, 254.087280273, 458.107696533, 1071.94616699, 37.1540603638, 4.68974018097, 2.01728415489, 6.44068384171, 0.0347745493054, 0.00072020170046, 1.63978784258e-05, 1.15938462386e-07, 3.0937125084e-10], "max": [0.183908209205, 3.51255464554, 31.7981128693, 51.746471405, 50.463886261, 89.4552764893, 144.936904907, 161.861404419, 325.240783691, 291.110870361, 149.089523315, 792.954101563, 735.315856934, 594.610046387, 799.93548584, 620.422058105, 1129.33361816, 1818.1451416, 2293.43554688, 773.913818359, 1012.76257324, 792.86505127, 1773.5098877, 579.743164063, 422.244903564, 724.177612305, 445.753295898, 779.678710938, 294.688049316, 362.2137146, 523.515380859, 224.279678345, 50.5345802307, 23.3019371033, 40.8666114807, 2.64907097816, 0.45088326931, 0.0780492722988, 0.0109100360423, 0.000353514915332], "mean": [0.00540046626702, 0.0904795527458, 0.655615091324, 1.61963450909, 2.56582927704, 4.88082313538, 5.58589744568, 5.74967765808, 8.9588842392, 10.4066915512, 8.18511962891, 13.1316452026, 21.3765659332, 30.9034233093, 22.5845603943, 23.7435703278, 40.375705719, 45.6627235413, 50.3517532349, 33.5536193848, 25.944475174, 20.5017166138, 34.5232887268, 25.3210773468, 19.8335571289, 22.1355400085, 12.233625412, 10.0777873993, 5.65260839462, 5.44820356369, 5.42965221405, 1.71075725555, 0.866967856884, 0.372738242149, 0.260262906551, 0.0317335538566, 0.00457511981949, 0.000533728161827, 3.37647543347e-05, 1.90745959117e-05], "median": [0.000480158923892, 0.00907189585268, 0.0606599450111, 0.178575515747, 0.652716696262, 1.3152962923, 2.79879379272, 2.4429693222, 2.96008682251, 2.87542915344, 3.38262343407, 4.14242649078, 6.37958860397, 8.09754085541, 9.89940929413, 11.1730690002, 13.8876047134, 15.1600627899, 18.3228664398, 14.2468881607, 8.45211029053, 7.66251039505, 9.1288766861, 7.73297786713, 6.2607460022, 4.91664838791, 2.12979793549, 1.56355011463, 1.08400785923, 0.756875395775, 0.502207577229, 0.228343352675, 0.0738015770912, 0.0204930584878, 0.00547788850963, 0.00163385178894, 0.000585490721278, 0.000149144092575, 1.64183802553e-05, 1.1857089703e-05], "min": [9.39456143345e-22, 6.67028227374e-21, 1.3337490893e-20, 2.81008117486e-20, 5.41418823796e-20, 8.77933959247e-20, 2.4485081214e-19, 4.44269091028e-19, 4.94779634362e-19, 1.49882066426e-18, 9.40259614409e-19, 2.34987949956e-18, 2.919150367e-18, 3.84201654447e-18, 2.65735928365e-18, 2.6971046917e-18, 4.76087358432e-18, 6.46463155406e-18, 6.12952373071e-18, 7.02832536301e-18, 6.18116006686e-18, 8.76748087271e-18, 1.65745951281e-17, 9.0696276166e-18, 1.18806230845e-17, 1.0449422781e-17, 1.1626580202e-17, 1.53676740943e-17, 1.62460389888e-17, 1.82421085249e-17, 1.74252693244e-17, 1.99156702664e-17, 1.36467124222e-17, 1.13026446936e-17, 8.18789113393e-18, 6.86412959783e-18, 2.89948766345e-18, 1.10924186021e-18, 3.62507870946e-19, 3.83470850716e-20], "var": [0.000103501559352, 0.0565429963171, 4.03819799423, 21.1424999237, 24.5304050446, 88.2928466797, 84.489982605, 100.997886658, 287.681671143, 410.51953125, 171.747268677, 811.383728027, 2088.61669922, 3496.14477539, 1756.81982422, 1407.29052734, 7010.16357422, 7432.1640625, 8380.59863281, 2741.58837891, 2511.40234375, 1236.31469727, 5644.45654297, 1705.96643066, 1120.46459961, 2089.90283203, 648.125, 1077.89758301, 206.493881226, 298.889587402, 573.142578125, 30.9885311127, 6.16608762741, 1.69630384445, 2.63839554787, 0.020741423592, 0.000412783789216, 7.49433820602e-06, 2.75608886824e-08, 4.86655382659e-10]}, "erbbands_crest": {"dmean": 2.74203968048, "dmean2": 4.47084760666, "dvar": 6.69872379303, "dvar2": 17.3373908997, "max": 32.0603561401, "mean": 10.4173202515, "median": 9.2675037384, "min": 2.27156352997, "var": 21.8840522766}, "erbbands_flatness_db": {"dmean": 0.015115795657, "dmean2": 0.0234528686851, "dvar": 0.000230975769227, "dvar2": 0.00052914529806, "max": 0.346905380487, "mean": 0.208568304777, "median": 0.211189046502, "min": 0.0268667638302, "var": 0.00160725170281}, "erbbands_kurtosis": {"dmean": 1.01189875603, "dmean2": 1.6332000494, "dvar": 3.29157757759, "dvar2": 8.39863109589, "max": 98.7547302246, "mean": 0.929712593555, "median": 0.331546962261, "min": -1.8390969038, "var": 6.2013630867}, "erbbands_skewness": {"dmean": 0.338551849127, "dmean2": 0.532816112041, "dvar": 0.10737913847, "dvar2": 0.260247498751, "max": 8.36932182312, "mean": -0.0570351034403, "median": -0.10598898679, "min": -5.07156324387, "var": 0.679532527924}, "erbbands_spread": {"dmean": 5.23890590668, "dmean2": 8.19275951385, "dvar": 35.1122665405, "dvar2": 81.0859375, "max": 133.431259155, "mean": 24.8984794617, "median": 22.1551189423, "min": 1.74441075325, "var": 149.485534668}, "gfcc": {"cov": [[10350.2080078, -796.075744629, -1931.35351563, 1447.7644043, -895.331237793, 707.117004395, -331.316680908, 225.988739014, -341.387145996, -358.02255249, -416.804351807, -691.173278809, -289.782440186], [-796.075744629, 1174.14147949, 472.249908447, -231.962982178, 330.018310547, -140.884231567, 154.932754517, -141.564987183, 67.7528610229, -32.4769630432, 108.565429688, 121.971557617, 29.9203109741], [-1931.35351563, 472.249908447, 1639.78259277, 224.494949341, 498.545227051, 154.955795288, 134.53565979, 15.6891860962, 14.2449760437, 63.8770713806, 40.1334342957, 258.350219727, 114.411582947], [1447.7644043, -231.962982178, 224.494949341, 859.450439453, 115.281089783, 246.440704346, -13.0661840439, 118.646591187, -67.7481536865, -87.1210098267, -128.636535645, -90.107673645, -9.15214252472], [-895.331237793, 330.018310547, 498.545227051, 115.281089783, 475.985198975, 24.7302684784, 125.421043396, 40.5760002136, 7.20244836807, 22.957862854, -0.662688672543, 91.0923919678, 45.1424942017], [707.117004395, -140.884231567, 154.955795288, 246.440704346, 24.7302684784, 323.039276123, 52.6294174194, 53.1920661926, -61.3770332336, -28.3015117645, -47.2555465698, -46.8803710938, -29.8586997986], [-331.316680908, 154.932754517, 134.53565979, -13.0661840439, 125.421043396, 52.6294174194, 184.235443115, 40.6803588867, -4.56084680557, 5.10323762894, 9.77127552032, 26.3844718933, 2.4631550312], [225.988739014, -141.564987183, 15.6891860962, 118.646591187, 40.5760002136, 53.1920661926, 40.6803588867, 165.337158203, 14.0751180649, 3.88059139252, -37.6664237976, -19.9083480835, 6.25178146362], [-341.387145996, 67.7528610229, 14.2449760437, -67.7481536865, 7.20244836807, -61.3770332336, -4.56084680557, 14.0751180649, 143.203491211, 57.2928199768, 37.1168785095, 31.7239570618, 15.2608785629], [-358.02255249, -32.4769630432, 63.8770713806, -87.1210098267, 22.957862854, -28.3015117645, 5.10323762894, 3.88059139252, 57.2928199768, 132.848312378, 53.5212097168, 35.5288581848, 16.552614212], [-416.804351807, 108.565429688, 40.1334342957, -128.636535645, -0.662688672543, -47.2555465698, 9.77127552032, -37.6664237976, 37.1168785095, 53.5212097168, 121.633651733, 65.5055770874, 7.1337389946], [-691.173278809, 121.971557617, 258.350219727, -90.107673645, 91.0923919678, -46.8803710938, 26.3844718933, -19.9083480835, 31.7239570618, 35.5288581848, 65.5055770874, 159.526916504, 67.0306854248], [-289.782440186, 29.9203109741, 114.411582947, -9.15214252472, 45.1424942017, -29.8586997986, 2.4631550312, 6.25178146362, 15.2608785629, 16.552614212, 7.1337389946, 67.0306854248, 102.216262817]], "icov": [[0.00059710588539, -0.00108840828761, 0.000937852077186, -0.00108179589733, 0.00114536669571, -0.00127457873896, 0.00115273275878, -0.00112952943891, 0.00113839807454, -0.00110669853166, 0.00111362885218, -0.000677756906953, 0.000403914513299], [-0.00108840828761, 0.00411709584296, -0.00221859174781, 0.00236223242246, -0.00327598745935, 0.0030832272023, -0.0035094814375, 0.00390438642353, -0.00345905218273, 0.00434908270836, -0.00368451187387, 0.00256780791096, -0.00101735256612], [0.000937852077186, -0.00221859174781, 0.00288557005115, -0.00205412553623, 0.00118066859432, -0.0028679438401, 0.00218580872752, -0.00185495696496, 0.00208010408096, -0.00270661641844, 0.00252410769463, -0.00334146781825, 0.000738875067327], [-0.00108179589733, 0.00236223242246, -0.00205412553623, 0.00409073987976, -0.00285976240411, 0.00129215035122, -0.0012761214748, 0.00141550705303, -0.00232524191961, 0.00332585349679, -0.00183235574514, 0.00253799487837, -0.00123615469784], [0.00114536669571, -0.00327598745935, 0.00118066859432, -0.00285976240411, 0.00673284288496, -0.00192581361625, 0.000812847400084, -0.00332680135034, 0.00307888630778, -0.00392738543451, 0.00383916287683, -0.00274927867576, 0.000987589475699], [-0.00127457873896, 0.0030832272023, -0.0028679438401, 0.00129215035122, -0.00192581361625, 0.00808528717607, -0.00461608916521, 0.002488381695, -0.00141031644307, 0.00267740082927, -0.00282354117371, 0.00285243149847, 8.47464543767e-05], [0.00115273275878, -0.0035094814375, 0.00218580872752, -0.0012761214748, 0.000812847400084, -0.00461608916521, 0.0111132971942, -0.00541904615238, 0.00345204770565, -0.00290143839084, 0.00211151642725, -0.00246031209826, 0.00151115329936], [-0.00112952943891, 0.00390438642353, -0.00185495696496, 0.00141550705303, -0.00332680135034, 0.002488381695, -0.00541904615238, 0.0119129661471, -0.00501030823216, 0.00287937372923, -0.00118057988584, 0.00255892821588, -0.00185790739488], [0.00113839807454, -0.00345905218273, 0.00208010408096, -0.00232524191961, 0.00307888630778, -0.00141031644307, 0.00345204770565, -0.00501030823216, 0.0125364530832, -0.00674566579983, 0.0020364082884, -0.00273119681515, 0.00102453620639], [-0.00110669853166, 0.00434908270836, -0.00270661641844, 0.00332585349679, -0.00392738543451, 0.00267740082927, -0.00290143839084, 0.00287937372923, -0.00674566579983, 0.0157137382776, -0.0080834608525, 0.00417241919786, -0.00238233199343], [0.00111362885218, -0.00368451187387, 0.00252410769463, -0.00183235574514, 0.00383916287683, -0.00282354117371, 0.00211151642725, -0.00118057988584, 0.0020364082884, -0.0080834608525, 0.0184917934239, -0.00904224440455, 0.00439142435789], [-0.000677756906953, 0.00256780791096, -0.00334146781825, 0.00253799487837, -0.00274927867576, 0.00285243149847, -0.00246031209826, 0.00255892821588, -0.00273119681515, 0.00417241919786, -0.00904224440455, 0.0181641522795, -0.00830390397459], [0.000403914513299, -0.00101735256612, 0.000738875067327, -0.00123615469784, 0.000987589475699, 8.47464543767e-05, 0.00151115329936, -0.00185790739488, 0.00102453620639, -0.00238233199343, 0.00439142435789, -0.00830390397459, 0.0153259979561]], "mean": [-63.4418907166, 86.7747879028, -163.978683472, 21.7658157349, -64.2551422119, 1.51834094524, -40.4316215515, -9.26114845276, -25.0548686981, -5.14141225815, -10.5031633377, -2.25541949272, -8.67109298706]}, "hfc": {"dmean": 5.06627225876, "dmean2": 7.20654010773, "dvar": 125.880210876, "dvar2": 250.163864136, "max": 220.861877441, "mean": 19.2025699615, "median": 10.567032814, "min": 1.17849295373e-16, "var": 588.084594727}, "melbands": {"dmean": [2.7237672839e-05, 0.00012147299276, 0.000130106884171, 0.000118370153359, 8.81103551365e-05, 6.99066367815e-05, 7.29412131477e-05, 5.07850782014e-05, 3.92198599002e-05, 5.06116266479e-05, 6.04461492912e-05, 6.81087039993e-05, 4.30520049122e-05, 3.18299025821e-05, 3.90161803807e-05, 5.74360456085e-05, 4.75262750115e-05, 4.44261058874e-05, 3.82221041946e-05, 1.79880516953e-05, 1.51534995894e-05, 1.16351093311e-05, 9.88118063106e-06, 1.88539434021e-05, 8.53964138514e-06, 6.50274978398e-06, 5.81632275498e-06, 7.99738063506e-06, 4.15845806856e-06, 3.49193987859e-06, 4.16660486735e-06, 1.82551593753e-06, 1.58974364695e-06, 2.43120030063e-06, 3.01192903862e-06, 8.49411037507e-07, 6.01508588716e-07, 4.01697974439e-07, 2.42147706331e-07, 1.86299700999e-07], "dmean2": [4.1797018639e-05, 0.000180711271241, 0.000199283982511, 0.000182505333214, 0.00012961991888, 0.000107378036773, 0.000109296510345, 7.56955923862e-05, 6.13598676864e-05, 8.10976416687e-05, 9.53976996243e-05, 0.000106674211565, 6.93972906447e-05, 5.18290580658e-05, 6.31801740383e-05, 9.38817101996e-05, 7.90002086433e-05, 7.39286988392e-05, 6.3703962951e-05, 2.98684008158e-05, 2.50497596426e-05, 1.88713747775e-05, 1.59020291903e-05, 3.0970757507e-05, 1.39863177537e-05, 1.0587910765e-05, 9.40179961617e-06, 1.25400219986e-05, 6.36368031337e-06, 5.51101857127e-06, 6.58745011606e-06, 2.83064423456e-06, 2.48601486419e-06, 3.81816244044e-06, 4.66092888018e-06, 1.30061607706e-06, 9.36464061851e-07, 6.05415777954e-07, 3.64069023817e-07, 2.75855740028e-07], "dvar": [5.40009414962e-09, 1.41117098451e-07, 1.46888950781e-07, 8.18155996285e-08, 2.8945201791e-08, 2.29449401701e-08, 2.6868915981e-08, 1.10769438066e-08, 6.80011380538e-09, 2.11705568631e-08, 2.21380407339e-08, 2.18973230659e-08, 1.17983098846e-08, 3.81329368082e-09, 5.62146951211e-09, 2.54131613531e-08, 1.3338493865e-08, 1.05717745669e-08, 7.21684267901e-09, 2.38044073342e-09, 1.50565793167e-09, 6.84483636437e-10, 5.56656665207e-10, 3.17442849784e-09, 3.07790404275e-10, 1.69370045766e-10, 1.46467227236e-10, 4.93992680095e-10, 1.1745641959e-10, 9.72942906796e-11, 4.03175270947e-10, 3.90938392769e-11, 2.27312960122e-11, 1.23977758615e-10, 3.39925837478e-10, 9.54381452339e-12, 5.02180502043e-12, 1.45975104834e-12, 6.137097666e-13, 7.35224598217e-13], "dvar2": [1.23956764853e-08, 3.01174623019e-07, 3.34310385597e-07, 2.03369296514e-07, 6.52606217955e-08, 5.74696841227e-08, 5.68752298591e-08, 2.38840911493e-08, 1.65192339807e-08, 5.81888350837e-08, 5.45324816414e-08, 5.22606597997e-08, 3.25795923573e-08, 1.00251984492e-08, 1.42454839036e-08, 6.72674573821e-08, 3.57224045899e-08, 2.85314989412e-08, 2.01254160004e-08, 6.30541885371e-09, 4.08806588581e-09, 1.64405344893e-09, 1.33088284837e-09, 7.50215800593e-09, 8.09939837421e-10, 4.2591791205e-10, 3.5402078491e-10, 1.2240385372e-09, 2.45444331526e-10, 2.2222675089e-10, 9.55103107714e-10, 9.18215156687e-11, 5.02817683323e-11, 2.9252694711e-10, 8.19501022598e-10, 2.05868638109e-11, 1.20257909533e-11, 3.10482282245e-12, 1.36749184025e-12, 1.6390568373e-12], "max": [0.00162039115094, 0.0122103374451, 0.00877701491117, 0.004536381457, 0.00465825712308, 0.00322948233224, 0.00504503492266, 0.00258484762162, 0.00193238793872, 0.00511494930834, 0.00393634382635, 0.00245209340937, 0.00309713650495, 0.00186478055548, 0.00168573216069, 0.00338857062161, 0.00404255231842, 0.00367544661276, 0.00218803272583, 0.0012818389805, 0.000940156925935, 0.000979995471425, 0.000632344163023, 0.00170905888081, 0.000565989117604, 0.000292509328574, 0.000230996054597, 0.000685733219143, 0.000313422293402, 0.000287766655674, 0.000579482119065, 0.000172900152393, 0.000121172502986, 0.000231322235777, 0.000462311203592, 0.000131088818307, 0.000125432823552, 4.2399722588e-05, 1.58734728757e-05, 2.45684514084e-05], "mean": [6.52299495414e-05, 0.000267001392785, 0.000304451154079, 0.000270214542979, 0.00020142129506, 0.000133977577207, 0.000143440178363, 0.000105003804492, 7.03403929947e-05, 8.30278149806e-05, 0.000107883533929, 0.000126835613628, 7.91494603618e-05, 5.77927457925e-05, 6.85420673108e-05, 9.63311977102e-05, 8.59289866639e-05, 7.92120335973e-05, 6.82804529788e-05, 3.30728616973e-05, 2.81341854134e-05, 2.19564990402e-05, 1.9872406483e-05, 3.49748879671e-05, 1.8841765268e-05, 1.44649284266e-05, 1.2825677004e-05, 1.60242234415e-05, 8.17184081825e-06, 6.03663329457e-06, 5.71337932342e-06, 3.11022904498e-06, 2.68616463472e-06, 3.33191496793e-06, 4.00740782425e-06, 1.33423191073e-06, 8.77102934282e-07, 6.68699840389e-07, 3.77073405389e-07, 2.80712328049e-07], "median": [6.44934880256e-06, 2.78143197647e-05, 4.50653751614e-05, 6.99979136698e-05, 9.73414717009e-05, 6.01285719313e-05, 4.47709389846e-05, 3.02367698168e-05, 2.63708279817e-05, 2.31215635722e-05, 2.84922098217e-05, 3.02762491629e-05, 2.86995837087e-05, 2.83420631604e-05, 2.90121388389e-05, 2.46622767008e-05, 2.62744324573e-05, 2.58240743278e-05, 2.39713044721e-05, 1.11998524517e-05, 8.42619738251e-06, 7.18571345715e-06, 6.98487156114e-06, 7.5660773291e-06, 5.3341009334e-06, 4.31394209954e-06, 3.78228310183e-06, 2.93713014798e-06, 1.25716155708e-06, 1.00086163002e-06, 7.68516883909e-07, 5.73731654185e-07, 4.94037237786e-07, 3.64090084304e-07, 2.90470268283e-07, 2.07845019418e-07, 1.01591773216e-07, 5.11201498909e-08, 2.58316195101e-08, 1.23402807972e-08], "min": [8.77235572483e-24, 7.67285401691e-24, 5.92985638049e-24, 5.24731262605e-24, 7.20215570312e-24, 1.01249279555e-23, 8.72152547241e-24, 1.4591372415e-23, 8.24924391478e-24, 1.43583981238e-23, 1.41595736213e-23, 1.50137238105e-23, 1.08622352228e-23, 8.30895516328e-24, 4.21260637516e-24, 1.55803468215e-23, 1.12339417482e-23, 1.00460560644e-23, 9.0016389358e-24, 8.96113092831e-24, 6.82930532943e-24, 7.25422288945e-24, 1.31975048937e-23, 1.75739482125e-23, 5.37030511308e-24, 8.04352555678e-24, 7.88371732574e-24, 6.6207383947e-24, 7.51759909101e-24, 6.10273603673e-24, 9.88481920629e-24, 1.05279143934e-23, 6.52068913825e-24, 1.14347620688e-23, 1.01779267865e-23, 9.87325056111e-24, 1.31876362438e-23, 7.29706829179e-24, 1.32211399553e-23, 8.4253121468e-24], "var": [1.78135941553e-08, 6.04907540946e-07, 6.25499524176e-07, 2.39210038444e-07, 9.51217700162e-08, 4.75069832362e-08, 7.57412337293e-08, 3.93738055493e-08, 1.50544874344e-08, 3.63486982735e-08, 5.86494195431e-08, 6.31453076494e-08, 2.57541721282e-08, 7.80682984924e-09, 1.28661170606e-08, 5.42753220145e-08, 3.21755706523e-08, 2.26113137103e-08, 1.52424970423e-08, 4.62622296027e-09, 3.01467428798e-09, 1.73339653742e-09, 1.2246866854e-09, 6.21199891526e-09, 1.15506337828e-09, 6.74842182136e-10, 4.60766869104e-10, 1.45109257943e-09, 3.21686288718e-10, 2.04029654283e-10, 4.85524620508e-10, 6.38335842518e-11, 4.246648172e-11, 1.5870951775e-10, 4.00389527089e-10, 1.87376936883e-11, 8.64203500428e-12, 3.82016380335e-12, 1.21996054751e-12, 1.15978201435e-12]}, "melbands_crest": {"dmean": 2.63479185104, "dmean2": 4.21277999878, "dvar": 6.18725252151, "dvar2": 15.5435209274, "max": 35.3698272705, "mean": 11.2037343979, "median": 10.0586605072, "min": 1.82494354248, "var": 25.1222648621}, "melbands_flatness_db": {"dmean": 0.0173087529838, "dmean2": 0.0257905963808, "dvar": 0.000361212471034, "dvar2": 0.00080730242189, "max": 0.447373688221, "mean": 0.166820377111, "median": 0.153065502644, "min": 0.00385898235254, "var": 0.00526770623401}, "melbands_kurtosis": {"dmean": 1.80307197571, "dmean2": 2.84082055092, "dvar": 17.2237243652, "dvar2": 45.9773902893, "max": 183.528381348, "mean": 2.92879247665, "median": 0.731429278851, "min": -1.84586703777, "var": 45.4073219299}, "melbands_skewness": {"dmean": 0.418947398663, "dmean2": 0.64571249485, "dvar": 0.194862753153, "dvar2": 0.463648855686, "max": 10.6175546646, "mean": 1.13555288315, "median": 0.960913479328, "min": -2.14941287041, "var": 1.21997773647}, "melbands_spread": {"dmean": 7.53281402588, "dmean2": 11.6559104919, "dvar": 109.439666748, "dvar2": 261.138641357, "max": 198.194442749, "mean": 35.2525253296, "median": 29.9454231262, "min": 1.53348851204, "var": 493.098968506}, "mfcc": {"cov": [[11366.4560547, -2252.93457031, -1124.11621094, 142.515701294, -408.477142334, 111.988090515, -51.6355743408, 151.607818604, -41.0080032349, 393.86026001, 119.529014587, -385.778137207, -612.282409668], [-2252.93457031, 1612.18066406, 186.281890869, -34.2183914185, 79.7509155273, 7.99788618088, 26.4379463196, -2.20587921143, -62.4470481873, -137.728134155, -39.3725242615, 68.8998413086, 140.033508301], [-1124.11621094, 186.281890869, 1032.7097168, 248.780853271, 318.082458496, 224.093826294, 141.904968262, 115.40789032, 93.6623458862, -113.480690002, -63.2130126953, 52.3758277893, 111.422409058], [142.515701294, -34.2183914185, 248.780853271, 504.027648926, 262.77520752, 112.168441772, 99.3294296265, 94.5344238281, 125.91192627, -32.8965148926, -46.6725082397, 5.84614944458, 37.0625724792], [-408.477142334, 79.7509155273, 318.082458496, 262.77520752, 341.137573242, 127.426872253, 97.5653533936, 78.1466598511, 96.2998962402, -32.66954422, -30.9043159485, 7.77962875366, 43.5207481384], [111.988090515, 7.99788618088, 224.093826294, 112.168441772, 127.426872253, 221.309051514, 103.199729919, 58.655002594, 36.9569664001, -24.0946655273, 0.69777238369, -0.807081758976, -0.789804399014], [-51.6355743408, 26.4379463196, 141.904968262, 99.3294296265, 97.5653533936, 103.199729919, 236.519393921, 94.4507141113, 68.0556945801, -21.3504505157, -1.65159106255, 11.841094017, 10.0811767578], [151.607818604, -2.20587921143, 115.40789032, 94.5344238281, 78.1466598511, 58.655002594, 94.4507141113, 159.881256104, 69.3315887451, -11.9918346405, -9.34555149078, -0.0366927795112, 6.2938952446], [-41.0080032349, -62.4470481873, 93.6623458862, 125.91192627, 96.2998962402, 36.9569664001, 68.0556945801, 69.3315887451, 172.171279907, 14.1899251938, -11.9419927597, 11.5682897568, 19.7504863739], [393.86026001, -137.728134155, -113.480690002, -32.8965148926, -32.66954422, -24.0946655273, -21.3504505157, -11.9918346405, 14.1899251938, 132.976852417, 52.5037574768, -19.5751152039, -35.7234344482], [119.529014587, -39.3725242615, -63.2130126953, -46.6725082397, -30.9043159485, 0.69777238369, -1.65159106255, -9.34555149078, -11.9419927597, 52.5037574768, 110.643753052, 22.8367462158, -21.844417572], [-385.778137207, 68.8998413086, 52.3758277893, 5.84614944458, 7.77962875366, -0.807081758976, 11.841094017, -0.0366927795112, 11.5682897568, -19.5751152039, 22.8367462158, 107.47543335, 55.5691299438], [-612.282409668, 140.033508301, 111.422409058, 37.0625724792, 43.5207481384, -0.789804399014, 10.0811767578, 6.2938952446, 19.7504863739, -35.7234344482, -21.844417572, 55.5691299438, 118.159057617]], "icov": [[0.000199711881578, 0.000181581024663, 0.000150000327267, -0.000237550688325, 0.000272710982244, -0.000298116065096, 8.50918440847e-05, -0.0003364176373, 0.000173906679265, -0.000226050789934, 7.16159847798e-05, 0.000178993737791, 0.000492614170071], [0.000181581024663, 0.00093146803556, 0.000146478647366, -1.15572902359e-05, -5.22330083186e-05, -0.000184434771654, -2.00751001103e-05, -0.000338028563419, 0.000513700011652, 0.000373613147531, -5.22295522387e-05, 0.000181701776455, -0.000327779271174], [0.000150000327267, 0.000146478647366, 0.00183048110921, -6.00216299063e-05, -0.000808649871033, -0.00131268671248, 0.000129425228806, -0.000600196421146, 0.000119196396554, 0.000465902936412, 0.000355600612238, -0.000131829481688, -0.000544937618542], [-0.000237550688325, -1.15572902359e-05, -6.00216299063e-05, 0.00397685775533, -0.00268753012642, 4.65575212729e-05, -9.81448465609e-05, -6.5669461037e-05, -0.00127360632177, 0.000582394830417, 0.000648661807645, -0.000340209924616, -0.000737119931728], [0.000272710982244, -5.22330083186e-05, -0.000808649871033, -0.00268753012642, 0.00706968735904, -0.00175314280204, -0.000130517117213, -0.000477893889183, -0.000896603916772, -0.000626871362329, 1.88303711184e-05, 0.0010301657021, -1.91253730009e-05], [-0.000298116065096, -0.000184434771654, -0.00131268671248, 4.65575212729e-05, -0.00175314280204, 0.00801421236247, -0.00219568586908, 0.000251781340921, 0.000300407002214, 0.000997459166683, -0.00137850048486, 0.000211704347748, 0.000667184358463], [8.50918440847e-05, -2.00751001103e-05, 0.000129425228806, -9.81448465609e-05, -0.000130517117213, -0.00219568586908, 0.00666952971369, -0.00271912897006, -0.00108148634899, 0.000552779179998, -0.000428444414865, -0.000401732104365, 0.000440280593466], [-0.0003364176373, -0.000338028563419, -0.000600196421146, -6.5669461037e-05, -0.000477893889183, 0.000251781340921, -0.00271912897006, 0.00999297667295, -0.00263332366012, 0.000855174905155, -0.000302454049233, 0.000356893258868, -0.000403723679483], [0.000173906679265, 0.000513700011652, 0.000119196396554, -0.00127360632177, -0.000896603916772, 0.000300407002214, -0.00108148634899, -0.00263332366012, 0.0092563573271, -0.00257968576625, 0.00138778809924, -0.00104459247086, -0.000435081805335], [-0.000226050789934, 0.000373613147531, 0.000465902936412, 0.000582394830417, -0.000626871362329, 0.000997459166683, 0.000552779179998, 0.000855174905155, -0.00257968576625, 0.0122095290571, -0.00586438598111, 0.00256393291056, -0.000258727086475], [7.16159847798e-05, -5.22295522387e-05, 0.000355600612238, 0.000648661807645, 1.88303711184e-05, -0.00137850048486, -0.000428444414865, -0.000302454049233, 0.00138778809924, -0.00586438598111, 0.0141796423122, -0.00580835016444, 0.00327880238183], [0.000178993737791, 0.000181701776455, -0.000131829481688, -0.000340209924616, 0.0010301657021, 0.000211704347748, -0.000401732104365, 0.000356893258868, -0.00104459247086, 0.00256393291056, -0.00580835016444, 0.0151448333636, -0.00666606565937], [0.000492614170071, -0.000327779271174, -0.000544937618542, -0.000737119931728, -1.91253730009e-05, 0.000667184358463, 0.000440280593466, -0.000403723679483, -0.000435081805335, -0.000258727086475, 0.00327880238183, -0.00666606565937, 0.0158804599196]], "mean": [-689.491882324, 112.987892151, -37.8459663391, 13.9489107132, -10.0842323303, 4.50056886673, -9.08619880676, -3.31013274193, -14.3273696899, -2.51840257645, -8.98344898224, -5.0705447197, -4.10353326797]}, "pitch_salience": {"dmean": 0.0549907200038, "dmean2": 0.087753906846, "dvar": 0.002351148054, "dvar2": 0.00593063561246, "max": 0.898763358593, "mean": 0.566233694553, "median": 0.573058485985, "min": 0.109914109111, "var": 0.00994863267988}, "silence_rate_20dB": {"dmean": 0, "dmean2": 0, "dvar": 0, "dvar2": 0, "max": 1, "mean": 1, "median": 1, "min": 1, "var": 0}, "silence_rate_30dB": {"dmean": 0, "dmean2": 0, "dvar": 0, "dvar2": 0, "max": 1, "mean": 1, "median": 1, "min": 1, "var": 0}, "silence_rate_60dB": {"dmean": 0.0365082584321, "dmean2": 0.0730239674449, "dvar": 0.0351767987013, "dvar2": 0.0756420269608, "max": 1, "mean": 0.226266950369, "median": 0, "min": 0, "var": 0.175055891275}, "spectral_centroid": {"dmean": 210.675384521, "dmean2": 324.236083984, "dvar": 83371.375, "dvar2": 184816.96875, "max": 11369.5654297, "mean": 1739.54418945, "median": 1693.09228516, "min": 294.605926514, "var": 616483.4375}, "spectral_complexity": {"dmean": 2.73240876198, "dmean2": 4.14380407333, "dvar": 9.35805606842, "dvar2": 18.5660591125, "max": 60, "mean": 18.7079639435, "median": 16, "min": 0, "var": 161.355041504}, "spectral_contrast_coeffs": {"dmean": [0.0439880900085, 0.040845349431, 0.0365699417889, 0.0302765145898, 0.0206662379205, 0.0168526433408], "dmean2": [0.071546241641, 0.0668475478888, 0.0601356141269, 0.0499981194735, 0.0343086719513, 0.0269408524036], "dvar": [0.00139165914152, 0.00113710039295, 0.000849340343848, 0.00058750557946, 0.000292482087389, 0.000248578056926], "dvar2": [0.00347709096968, 0.00303722289391, 0.00227259728126, 0.0015432612272, 0.000753732805606, 0.000575680052862], "max": [-0.296587824821, -0.399280399084, -0.508472681046, -0.552378177643, -0.590135633945, -0.559925794601], "mean": [-0.609055459499, -0.721461355686, -0.746785104275, -0.742961704731, -0.776575684547, -0.733946740627], "median": [-0.604690015316, -0.727378189564, -0.749246060848, -0.741118609905, -0.775812923908, -0.729604065418], "min": [-0.955053091049, -0.968171656132, -0.955641627312, -0.956832528114, -0.965579628944, -0.961343407631], "var": [0.0108367279172, 0.00621485104784, 0.00438804645091, 0.0028604674153, 0.00183282280341, 0.00268016406335]}, "spectral_contrast_valleys": {"dmean": [0.393264561892, 0.317504644394, 0.278085321188, 0.227108389139, 0.203588411212, 0.267827868462], "dmean2": [0.653904080391, 0.518927514553, 0.456081986427, 0.369002193213, 0.315896719694, 0.385130286217], "dvar": [0.125402405858, 0.0814493894577, 0.0637617632747, 0.0473971515894, 0.0635686293244, 0.150163471699], "dvar2": [0.31053891778, 0.183786511421, 0.137698128819, 0.0964358970523, 0.126683861017, 0.311670303345], "max": [-6.04197502136, -4.89456653595, -5.55975151062, -5.72714662552, -5.47545576096, -7.72901248932], "mean": [-8.89840984344, -7.42779874802, -7.76966142654, -7.86901187897, -7.86210012436, -11.0024147034], "median": [-8.80517578125, -7.22348022461, -7.51238393784, -7.52381229401, -7.60778236389, -11.0295743942], "min": [-27.6040439606, -27.3894824982, -27.6895389557, -27.1775856018, -27.1484241486, -27.2444572449], "var": [1.88333034515, 1.02612316608, 1.33250463009, 1.54678714275, 1.82139194012, 1.63013374805]}, "spectral_decrease": {"dmean": 5.81438008851e-10, "dmean2": 8.45704561936e-10, "dvar": 6.80555714545e-19, "dvar2": 1.37781344643e-18, "max": 9.03967478725e-29, "mean": -2.97481306255e-09, "median": -2.10279460511e-09, "min": -1.55948853831e-08, "var": 7.97349832686e-18}, "spectral_energy": {"dmean": 0.00254616769962, "dmean2": 0.00367421167903, "dvar": 1.38985697049e-05, "dvar2": 2.69093088718e-05, "max": 0.0727303922176, "mean": 0.0129693392664, "median": 0.00907737668604, "min": 1.03480973177e-20, "var": 0.000157065544045}, "spectral_energyband_high": {"dmean": 0.000481339549879, "dmean2": 0.000684212893248, "dvar": 2.48835408456e-06, "dvar2": 5.10272639076e-06, "max": 0.031780064106, "mean": 0.000972256821115, "median": 0.000175727298483, "min": 7.49227725549e-21, "var": 5.48797424926e-06}, "spectral_energyband_low": {"dmean": 0.000542826252058, "dmean2": 0.000814858824015, "dvar": 2.49783852269e-06, "dvar2": 5.71680448047e-06, "max": 0.0410739704967, "mean": 0.00132553419098, "median": 0.000222112808842, "min": 4.89116227996e-23, "var": 1.00799215943e-05}, "spectral_energyband_middle_high": {"dmean": 0.00172371626832, "dmean2": 0.00266590644605, "dvar": 6.27963800071e-06, "dvar2": 1.54570952873e-05, "max": 0.0515938401222, "mean": 0.00669472897425, "median": 0.0042410697788, "min": 1.47173151945e-21, "var": 5.26207695657e-05}, "spectral_energyband_middle_low": {"dmean": 0.00133754860144, "dmean2": 0.00199448782951, "dvar": 4.70647137263e-06, "dvar2": 1.07968799057e-05, "max": 0.0441703610122, "mean": 0.0044657504186, "median": 0.00306668761186, "min": 3.30802320391e-22, "var": 2.17218384932e-05}, "spectral_entropy": {"dmean": 0.119430430233, "dmean2": 0.18122677505, "dvar": 0.0193988271058, "dvar2": 0.0427197553217, "max": 9.80745697021, "mean": 7.46108007431, "median": 7.5395026207, "min": 5.07101964951, "var": 0.212597370148}, "spectral_flux": {"dmean": 0.0103095658123, "dmean2": 0.0163548011333, "dvar": 0.000146581805893, "dvar2": 0.000330666720401, "max": 0.209908440709, "mean": 0.0533106401563, "median": 0.0492104738951, "min": 1.01725600166e-10, "var": 0.00118480063975}, "spectral_kurtosis": {"dmean": 1.84914147854, "dmean2": 3.1866106987, "dvar": 3.26872467995, "dvar2": 9.43648719788, "max": 31.9179725647, "mean": 5.36462020874, "median": 4.37248086929, "min": -1.23061525822, "var": 13.6615028381}, "spectral_rms": {"dmean": 0.000330221926561, "dmean2": 0.000472145125968, "dvar": 1.40749989441e-07, "dvar2": 2.77102770951e-07, "max": 0.00842356681824, "mean": 0.00314107607119, "median": 0.00297589949332, "min": 3.17737394555e-12, "var": 2.78661741504e-06}, "spectral_rolloff": {"dmean": 414.157928467, "dmean2": 687.060852051, "dvar": 589301.75, "dvar2": 1396075.125, "max": 19078.4179688, "mean": 2177.48974609, "median": 1851.85546875, "min": 21.533203125, "var": 1800129.75}, "spectral_skewness": {"dmean": 0.216528788209, "dmean2": 0.361080616713, "dvar": 0.0420253314078, "dvar2": 0.110388413072, "max": 4.40357065201, "mean": 1.47604393959, "median": 1.35744643211, "min": -0.229974150658, "var": 0.365644395351}, "spectral_spread": {"dmean": 314010.25, "dmean2": 481865.46875, "dvar": 268544000000, "dvar2": 461693550592, "max": 41390020, "mean": 3376677, "median": 3129405.5, "min": 16