{"lowlevel": {"average_loudness": 0.905662357807, "barkbands": {"dmean": [0.000433948327554, 0.0094476416707, 0.0015318300575, 0.00210507609881, 0.0024979095906, 0.000885042012669, 0.0016843911726, 0.000597492558882, 0.00050803925842, 0.000328761409037, 0.000303292355966, 0.000218275352381, 0.000162789830938, 0.000168006503372, 0.000191773549886, 0.000174098808202, 0.000228526623687, 0.000266508897766, 0.000239132088609, 0.0002816079068, 0.00039196643047, 0.000379748729756, 0.000366578780813, 0.000321787665598, 0.000135303838761, 9.05745400814e-05, 1.30385587909e-05], "dmean2": [0.000641068734694, 0.0147566320375, 0.00259269075468, 0.00357238296419, 0.00412186002359, 0.00147917773575, 0.00277935550548, 0.000975455506705, 0.00076593196718, 0.000494344159961, 0.000479595095385, 0.00034309719922, 0.000256405735854, 0.000271261145826, 0.000299012346659, 0.000272011558991, 0.000369688525097, 0.00044637802057, 0.000354126706952, 0.000437141570728, 0.000544670037925, 0.000527500233147, 0.000515997700859, 0.00045935268281, 0.00020167605544, 0.00013893697178, 1.92518382391e-05], "dvar": [8.05428669537e-07, 0.000453275017207, 1.47986038428e-05, 4.15757676819e-05, 3.57459539373e-05, 4.69401720693e-06, 2.42485311901e-05, 5.85376574236e-06, 2.6230234198e-06, 1.55398936386e-06, 1.10299629341e-06, 6.0055879203e-07, 2.65453167003e-07, 1.29415468564e-07, 1.55532916324e-07, 9.35310850991e-08, 1.6345833842e-07, 3.30740334675e-07, 1.49350597667e-07, 2.25398380849e-07, 4.26250977625e-07, 5.0745848057e-07, 8.52633206705e-07, 8.28477936921e-07, 1.02287430082e-07, 3.06942133932e-08, 1.32086530602e-09], "dvar2": [1.71492808931e-06, 0.000929996487685, 3.92038491555e-05, 0.000107478641439, 9.56956646405e-05, 1.19300211736e-05, 6.08100672252e-05, 1.43344614116e-05, 5.86704572925e-06, 3.48195203514e-06, 2.64640993919e-06, 1.3872489717e-06, 5.407693493e-07, 3.09658872766e-07, 3.35616874736e-07, 2.09798244555e-07, 4.16216380472e-07, 8.86804173206e-07, 3.19041419061e-07, 4.76266279748e-07, 7.15287342246e-07, 9.88903707366e-07, 1.70073894878e-06, 1.69066197486e-06, 2.16889318949e-07, 6.73812508012e-08, 2.64336952327e-09], "max": [0.0109333060682, 0.165419206023, 0.0619781911373, 0.0649233162403, 0.0643994435668, 0.0351726710796, 0.0638546049595, 0.0521703511477, 0.0373313464224, 0.0415749289095, 0.0199762694538, 0.0244522448629, 0.0228582769632, 0.0105099231005, 0.0144497081637, 0.00871232524514, 0.00412918999791, 0.00511587969959, 0.00420616799966, 0.00545546691865, 0.00850327312946, 0.0126375760883, 0.0234441217035, 0.0258149523288, 0.00919369515032, 0.0025517581962, 0.00122987700161], "mean": [0.000439238705439, 0.0117979319766, 0.00141576002352, 0.00190062890761, 0.00278420909308, 0.000907799811102, 0.00166883785278, 0.000569019641262, 0.000574654957745, 0.000409171567298, 0.000314088916639, 0.000241369139985, 0.000172538610059, 0.000206354627153, 0.000251882651355, 0.000221381400479, 0.000256069237366, 0.000265572103672, 0.000295700912829, 0.000339491816703, 0.000474147876957, 0.00049019738799, 0.000474539672723, 0.000410043488955, 0.000165814315551, 9.76401788648e-05, 1.78496520675e-05], "median": [4.2865947762e-05, 0.000942925456911, 0.00027268048143, 0.000342033104971, 0.00099872413557, 0.000249263714068, 7.92523424025e-05, 3.46392735082e-05, 6.07351284998e-05, 4.50796978839e-05, 3.61544334737e-05, 2.97727310681e-05, 2.96757461911e-05, 6.21635845164e-05, 8.46850525704e-05, 6.07523106737e-05, 7.38052694942e-05, 6.02960681135e-05, 8.31523866509e-05, 8.63242967171e-05, 7.95653322712e-05, 0.000119397445815, 8.06791213108e-05, 7.33737324481e-05, 2.63210095e-05, 2.32659785979e-05, 4.4820826588e-06], "min": [6.23394569338e-25, 1.01360737712e-24, 1.63700263671e-24, 1.34444558279e-24, 8.91328257011e-24, 7.1825832752e-24, 5.76440306082e-24, 6.70784520472e-24, 1.72812240187e-23, 1.32024218637e-23, 1.7663553345e-23, 2.51068614603e-23, 3.15725800097e-23, 2.12670336725e-23, 3.97290515154e-23, 5.39863082049e-23, 5.10175564058e-23, 4.35196733154e-23, 1.28557556767e-22, 1.65132644565e-22, 2.30869698596e-22, 2.90568823881e-22, 3.98468309729e-22, 5.33113714361e-22, 7.87083860348e-22, 1.40644311901e-21, 1.90346416242e-21], "var": [1.02201147456e-06, 0.000726068450604, 1.15769134936e-05, 3.18443817378e-05, 3.10427349177e-05, 4.4775497372e-06, 2.37405511143e-05, 5.82869279242e-06, 3.38483778251e-06, 2.18413356379e-06, 1.19079493288e-06, 7.88209717939e-07, 3.83654196412e-07, 1.75249809331e-07, 2.70275762659e-07, 1.83727792091e-07, 1.78879744794e-07, 2.88092877554e-07, 2.43663095034e-07, 3.54275840664e-07, 8.42141560042e-07, 9.2534827445e-07, 1.4207608956e-06, 1.25563099118e-06, 1.55795035539e-07, 4.0408536961e-08, 2.19019513636e-09]}, "barkbands_crest": {"dmean": 3.89551830292, "dmean2": 6.07825994492, "dvar": 14.0412073135, "dvar2": 27.5275001526, "max": 26.2786369324, "mean": 11.5438661575, "median": 10.0035648346, "min": 2.24791693687, "var": 34.3063278198}, "barkbands_flatness_db": {"dmean": 0.0391626991332, "dmean2": 0.0563074760139, "dvar": 0.00146435038187, "dvar2": 0.00283953198232, "max": 0.475859761238, "mean": 0.131118774414, "median": 0.116988785565, "min": 0.0172276590019, "var": 0.0044742510654}, "barkbands_kurtosis": {"dmean": 12.2418031693, "dmean2": 19.0594367981, "dvar": 1996.95935059, "dvar2": 4727.75146484, "max": 1285.32263184, "mean": 13.1150150299, "median": 2.02910852432, "min": -1.96288442612, "var": 2718.54223633}, "barkbands_skewness": {"dmean": 1.33419644833, "dmean2": 1.92165124416, "dvar": 2.90650677681, "dvar2": 5.6326789856, "max": 28.5393161774, "mean": 1.89859652519, "median": 1.48087060452, "min": -7.16946983337, "var": 7.97205972672}, "barkbands_spread": {"dmean": 14.990606308, "dmean2": 23.5473136902, "dvar": 249.261138916, "dvar2": 576.513244629, "max": 123.41280365, "mean": 32.2528495789, "median": 27.7083530426, "min": 0.184858396649, "var": 496.884765625}, "dissonance": {"dmean": 0.020030580461, "dmean2": 0.0312059465796, "dvar": 0.000732866406906, "dvar2": 0.00162227498367, "max": 0.500000119209, "mean": 0.465612649918, "median": 0.480101615191, "min": 0.145735174417, "var": 0.00164086534642}, "dynamic_complexity": 3.38103318214, "erbbands": {"dmean": [0.367312461138, 1.98783028126, 2.27311348915, 4.26813983917, 8.02295017242, 8.27813625336, 8.34999275208, 6.63421010971, 17.8510303497, 25.2986068726, 10.5800008774, 12.0423183441, 9.87166213989, 10.9002885818, 11.0896606445, 8.03378295898, 7.19635152817, 7.64935064316, 10.0095434189, 8.5809841156, 9.89328479767, 13.1691961288, 13.9156780243, 12.7560720444, 12.7507724762, 13.7699966431, 16.8687553406, 14.7467575073, 13.2447099686, 12.3192605972, 10.4524765015, 8.10125732422, 4.4333729744, 1.97518932819, 0.803086340427, 0.555977404118, 0.116450846195, 0.0187392216176, 0.00241772807203, 0.000117729134217], "dmean2": [0.49984523654, 3.32378077507, 3.88405537605, 7.15984773636, 13.6762638092, 13.5940217972, 13.5232934952, 10.8677721024, 29.3888034821, 41.4464149475, 16.6125965118, 18.0716400146, 14.8304319382, 16.2120475769, 17.6286964417, 12.3573665619, 11.1962594986, 12.1410493851, 15.5568313599, 13.4413976669, 15.3541030884, 20.9759349823, 22.7936306, 20.207649231, 19.4820709229, 21.3816509247, 24.1687088013, 21.1914558411, 18.6968135834, 17.2826309204, 14.4550514221, 11.588511467, 6.33084726334, 2.96313643456, 1.20054721832, 0.857992827892, 0.177592799067, 0.0283014178276, 0.00363217061386, 0.000165941542946], "dvar": [0.674929022789, 19.759519577, 28.2264137268, 136.955947876, 525.677368164, 353.174438477, 434.604736328, 272.559509277, 2936.2890625, 7240.11865234, 1286.36560059, 1712.02600098, 1521.50341797, 1382.26806641, 1532.50134277, 702.022460938, 446.898498535, 270.657592773, 495.105499268, 251.693344116, 298.467468262, 533.168518066, 805.649047852, 551.636230469, 480.446044922, 538.329040527, 741.321044922, 793.583374023, 620.916503906, 753.627990723, 732.775817871, 501.798706055, 176.305465698, 27.4487056732, 2.57217502594, 0.998540461063, 0.0783183053136, 0.004969665315, 3.69137451344e-05, 4.35743814364e-08], "dvar2": [1.29538202286, 45.1446037292, 74.1445922852, 348.365325928, 1410.10253906, 934.224914551, 1073.51586914, 672.062011719, 7461.46240234, 18009.09375, 3153.88623047, 3808.81054688, 3551.53442383, 3133.84448242, 3832.86547852, 1596.20471191, 914.230529785, 642.883056641, 1138.85632324, 566.983032227, 657.860839844, 1340.25952148, 2088.13818359, 1381.72827148, 1084.75744629, 1159.9017334, 1403.67993164, 1404.22705078, 1183.35998535, 1551.67675781, 1468.33654785, 1041.42297363, 363.736816406, 58.153755188, 5.55037689209, 2.28344655037, 0.165538996458, 0.010144171305, 7.54045249778e-05, 8.42032079618e-08], "max": [6.80913925171, 36.6528930664, 65.4627456665, 119.053993225, 275.543029785, 261.149627686, 340.977325439, 314.57611084, 1076.3873291, 1395.4666748, 660.847167969, 1146.33972168, 1271.08642578, 872.036621094, 881.260681152, 616.772277832, 801.306274414, 343.061523438, 735.401672363, 507.857330322, 563.591796875, 247.384552002, 251.579696655, 218.240447998, 270.155975342, 297.750061035, 338.294189453, 384.092315674, 500.145080566, 673.615966797, 632.58203125, 534.882995605, 404.700958252, 165.675033569, 33.6987304688, 15.0557451248, 5.80656814575, 2.43663477898, 0.145127505064, 0.00458794971928], "mean": [0.409985780716, 2.32845473289, 2.24419426918, 4.0831990242, 7.67693424225, 9.41915130615, 9.44613933563, 7.10192680359, 18.4673881531, 24.2377300262, 11.0197124481, 13.5896062851, 12.1370897293, 14.0389461517, 12.2020101547, 9.52627754211, 8.04008769989, 9.37578582764, 13.5671157837, 11.3341121674, 12.956152916, 15.213019371, 14.648724556, 14.1140155792, 15.6666507721, 16.4898223877, 19.0683784485, 18.2541561127, 17.4082393646, 15.9725856781, 13.4809608459, 10.1425151825, 5.63915491104, 2.42609786987, 0.959253072739, 0.579529047012, 0.130973368883, 0.0247968435287, 0.00304985628463, 0.000180178903975], "median": [0.0192844178528, 0.208552122116, 0.437718689442, 0.890310406685, 2.13751244545, 3.16682744026, 2.31120920181, 2.13069796562, 1.45398914814, 0.94029790163, 1.15013623238, 1.45967566967, 1.52724266052, 1.74940335751, 1.77535259724, 1.42203044891, 1.58949887753, 2.96383118629, 5.49868535995, 4.14259004593, 3.5487101078, 4.48686552048, 3.85822749138, 3.70730257034, 4.28822231293, 4.08257102966, 3.34625554085, 3.14138579369, 4.30112409592, 3.10622406006, 2.37659072876, 2.05493068695, 0.781405687332, 0.326138794422, 0.184074670076, 0.131870031357, 0.0290653873235, 0.00636124471202, 0.000608662900049, 7.38289600122e-05], "min": [5.78003370856e-23, 2.91742446959e-22, 2.38831781522e-21, 7.03366457476e-21, 8.41121837049e-21, 2.19059252786e-20, 5.38800732534e-20, 8.30179400767e-20, 1.17194134931e-19, 2.73207106376e-19, 2.03403053467e-19, 3.87283326159e-19, 4.29400054228e-19, 4.21467443852e-19, 6.85388207081e-19, 1.0992709217e-18, 1.60287781397e-18, 1.83033149272e-18, 2.36183846327e-18, 3.0660954873e-18, 3.85563028299e-18, 3.47474049428e-18, 3.94615362051e-18, 6.5313593869e-18, 7.02485947625e-18, 8.52670514001e-18, 8.13957716871e-18, 1.0112386386e-17, 1.00293142915e-17, 1.08224407054e-17, 1.08822483452e-17, 1.18434719217e-17, 1.02218397519e-17, 8.26672227349e-18, 5.79497880377e-18, 3.91193067703e-18, 2.49212313205e-18, 8.85223152353e-19, 2.61357020318e-19, 2.60512633702e-20], "var": [1.04512524605, 28.0067920685, 24.6802101135, 111.172897339, 384.548461914, 338.034118652, 502.783203125, 269.65512085, 2875.18212891, 7052.59521484, 1358.56628418, 2197.24584961, 1790.19763184, 2097.47070313, 1582.81555176, 999.967956543, 672.859802246, 389.551849365, 706.421020508, 448.6434021, 643.19329834, 612.723205566, 770.751037598, 625.63873291, 721.42175293, 828.67199707, 1257.99755859, 1417.69555664, 1145.41149902, 1257.13000488, 1209.88830566, 747.362304688, 261.692352295, 40.2963600159, 4.00866365433, 1.16306877136, 0.112818494439, 0.00774780614302, 5.91912103118e-05, 9.26257328615e-08]}, "erbbands_crest": {"dmean": 3.11774301529, "dmean2": 4.95701265335, "dvar": 9.75108718872, "dvar2": 22.4620628357, "max": 31.1336421967, "mean": 8.90072345734, "median": 7.62547826767, "min": 2.24765300751, "var": 22.4692897797}, "erbbands_flatness_db": {"dmean": 0.0245640873909, "dmean2": 0.0363394171, "dvar": 0.0005666242796, "dvar2": 0.00120875949506, "max": 0.373663544655, "mean": 0.133416801691, "median": 0.125800669193, "min": 0.0345141068101, "var": 0.00176652125083}, "erbbands_kurtosis": {"dmean": 2.31403160095, "dmean2": 3.62306141853, "dvar": 15.5784797668, "dvar2": 33.6518173218, "max": 70.8494110107, "mean": 1.54766273499, "median": -0.00214672740549, "min": -1.84531211853, "var": 24.8933334351}, "erbbands_skewness": {"dmean": 0.706221163273, "dmean2": 1.02736794949, "dvar": 0.522541999817, "dvar2": 1.03738224506, "max": 6.4009346962, "mean": -0.0823507085443, "median": -0.161975681782, "min": -7.39065647125, "var": 1.65607249737}, "erbbands_spread": {"dmean": 18.8866424561, "dmean2": 29.8329620361, "dvar": 381.516937256, "dvar2": 905.307434082, "max": 204.475708008, "mean": 52.5428466797, "median": 48.6642074585, "min": 2.7328543663, "var": 794.446533203}, "gfcc": {"cov": [[15954.4013672, 235.593170166, -1341.37988281, 745.223266602, -877.232421875, 309.482513428, -352.874053955, 143.197463989, -214.414642334, 72.0303573608, -175.733108521, -19.0543022156, -153.780502319], [235.593170166, 1953.80700684, -136.5519104, -192.781890869, 338.275054932, -110.811935425, 68.6981277466, -0.361292243004, 51.2164573669, -75.9375610352, -15.0167636871, -53.1794624329, 50.7985420227], [-1341.37988281, -136.5519104, 1165.83789063, 231.918014526, 129.417419434, 105.711036682, 133.120040894, -29.0946426392, 21.8629322052, -6.1604681015, -8.36601734161, 63.5327224731, 5.21657562256], [745.223266602, -192.781890869, 231.918014526, 886.675720215, 189.903457642, 140.695724487, -7.27212333679, 32.0034713745, 23.4557380676, 36.5811386108, 23.179151535, -43.107585907, 66.1859741211], [-877.232421875, 338.275054932, 129.417419434, 189.903457642, 735.35534668, 93.921836853, 68.4665756226, 43.1188621521, 76.2242736816, 7.70468950272, 5.81419849396, 7.21819400787, 84.1654510498], [309.482513428, -110.811935425, 105.711036682, 140.695724487, 93.921836853, 303.347747803, 139.95640564, 66.8713684082, 6.04435682297, 14.6198883057, 29.2413673401, 5.15022563934, 16.5598945618], [-352.874053955, 68.6981277466, 133.120040894, -7.27212333679, 68.4665756226, 139.95640564, 275.658203125, 69.409362793, 24.1697559357, -9.42478847504, 47.4147186279, 25.243844986, 8.98034572601], [143.197463989, -0.361292243004, -29.0946426392, 32.0034713745, 43.1188621521, 66.8713684082, 69.409362793, 178.642044067, 67.1955490112, 26.1040992737, 16.9657154083, 9.23959636688, 21.0390930176], [-214.414642334, 51.2164573669, 21.8629322052, 23.4557380676, 76.2242736816, 6.04435682297, 24.1697559357, 67.1955490112, 180.708053589, 66.1503372192, 33.1405334473, 9.71694946289, 8.21858787537], [72.0303573608, -75.9375610352, -6.1604681015, 36.5811386108, 7.70468950272, 14.6198883057, -9.42478847504, 26.1040992737, 66.1503372192, 126.129646301, 56.8200340271, 7.11575651169, -3.55289936066], [-175.733108521, -15.0167636871, -8.36601734161, 23.179151535, 5.81419849396, 29.2413673401, 47.4147186279, 16.9657154083, 33.1405334473, 56.8200340271, 121.277656555, 29.5833148956, 8.13412094116], [-19.0543022156, -53.1794624329, 63.5327224731, -43.107585907, 7.21819400787, 5.15022563934, 25.243844986, 9.23959636688, 9.71694946289, 7.11575651169, 29.5833148956, 94.563079834, 21.5054397583], [-153.780502319, 50.7985420227, 5.21657562256, 66.1859741211, 84.1654510498, 16.5598945618, 8.98034572601, 21.0390930176, 8.21858787537, -3.55289936066, 8.13412094116, 21.5054397583, 109.828849792]], "icov": [[0.000117362171295, -0.000105847109808, 0.000168797880178, -0.000207782315556, 0.0001963841205, -0.000262524845311, 0.000147184386151, -0.000101795267256, 0.000145001307828, -0.000224275092478, 0.000376299198251, -0.00045104988385, 0.000269380863756], [-0.000105847109808, 0.000766526442021, -9.88071842585e-05, 0.000372836802853, -0.000521496578585, 0.000606088316999, -0.000416318885982, 0.000162574782735, -0.000360072619515, 0.000668767956086, -0.000547540723346, 0.00102508743294, -0.000523169641383], [0.000168797880178, -9.88071842585e-05, 0.0013467798708, -0.00065442873165, 0.000183227282832, -0.000425046484452, -0.00046367343748, 0.000456069945358, -3.84969171137e-05, -0.000406034640037, 0.00121558923274, -0.00164316641167, 0.000708142993972], [-0.000207782315556, 0.000372836802853, -0.00065442873165, 0.00195570988581, -0.000650598783977, -0.000134842892294, 0.000340266997227, 7.90429339759e-07, -0.000246095500188, 0.000370359426597, -0.00128810585011, 0.00218906835653, -0.00142277195118], [0.0001963841205, -0.000521496578585, 0.000183227282832, -0.000650598783977, 0.00218068924733, -0.000919622951187, 0.000160728028277, -2.49914228334e-05, -0.000407693936722, -0.000433364970377, 0.000995518174022, -0.000950634712353, -0.000512381724548], [-0.000262524845311, 0.000606088316999, -0.000425046484452, -0.000134842892294, -0.000919622951187, 0.00587041536346, -0.00285713444464, -0.000836683611851, 0.000643537146971, -0.000185434619198, -0.000850257463753, 0.00145952624734, -0.00060993921943], [0.000147184386151, -0.000416318885982, -0.00046367343748, 0.000340266997227, 0.000160728028277, -0.00285713444464, 0.00653175683692, -0.00181952107232, -0.000130779619212, 0.0018816916272, -0.00226607895456, -0.000743767654058, 0.000721832213458], [-0.000101795267256, 0.000162574782735, 0.000456069945358, 7.90429339759e-07, -2.49914228334e-05, -0.000836683611851, -0.00181952107232, 0.00799457076937, -0.00284199090675, -0.000406250968808, 0.000780768459663, -0.000105705665192, -0.00131484353915], [0.000145001307828, -0.000360072619515, -3.84969171137e-05, -0.000246095500188, -0.000407693936722, 0.000643537146971, -0.000130779619212, -0.00284199090675, 0.00859343726188, -0.00429647229612, 0.000330102280714, -0.00075767096132, 0.000632081006188], [-0.000224275092478, 0.000668767956086, -0.000406034640037, 0.000370359426597, -0.000433364970377, -0.000185434619198, 0.0018816916272, -0.000406250968808, -0.00429647229612, 0.013784462586, -0.00669444026425, 0.00176653487142, 0.000374100258341], [0.000376299198251, -0.000547540723346, 0.00121558923274, -0.00128810585011, 0.000995518174022, -0.000850257463753, -0.00226607895456, 0.000780768459663, 0.000330102280714, -0.00669444026425, 0.0142782675102, -0.0052783372812, 0.000634484400507], [-0.00045104988385, 0.00102508743294, -0.00164316641167, 0.00218906835653, -0.000950634712353, 0.00145952624734, -0.000743767654058, -0.000105705665192, -0.00075767096132, 0.00176653487142, -0.0052783372812, 0.0159559752792, -0.00437687942758], [0.000269380863756, -0.000523169641383, 0.000708142993972, -0.00142277195118, -0.000512381724548, -0.00060993921943, 0.000721832213458, -0.00131484353915, 0.000632081006188, 0.000374100258341, 0.000634484400507, -0.00437687942758, 0.0120003214106]], "mean": [-26.1793022156, 41.7750434875, -87.0384216309, 45.9537582397, -54.7305870056, 12.8868675232, -36.788269043, 4.50697231293, -21.1406726837, 1.87020111084, -17.0856018066, 3.34038591385, -9.31516838074]}, "hfc": {"dmean": 15.6694669724, "dmean2": 21.6314258575, "dvar": 564.193054199, "dvar2": 999.573486328, "max": 382.496124268, "mean": 25.1467266083, "median": 12.0001010895, "min": 1.06372290105e-16, "var": 1237.61303711}, "melbands": {"dmean": [0.00287909572944, 0.00167499110103, 0.000866490241606, 0.000583328597713, 0.000305732246488, 0.000160107854754, 0.000294746161671, 0.000248482916504, 8.1699959992e-05, 7.48478923924e-05, 4.97801338497e-05, 4.43852950411e-05, 3.95274582843e-05, 2.78515981336e-05, 1.70610601344e-05, 1.59655664902e-05, 1.44233608808e-05, 1.66092977452e-05, 1.4336374079e-05, 1.12320785775e-05, 1.19024434753e-05, 1.375589909e-05, 1.27334815261e-05, 1.35518830575e-05, 1.0182715414e-05, 9.42037786444e-06, 9.34868876357e-06, 9.34572199185e-06, 1.02704025267e-05, 9.74935119302e-06, 8.66925620358e-06, 7.74613909016e-06, 7.38940298106e-06, 6.85733175487e-06, 6.34781463305e-06, 5.53106337975e-06, 4.78769015899e-06, 3.38723202731e-06, 2.26792349167e-06, 1.53618816512e-06], "dmean2": [0.00408948445693, 0.00284940842539, 0.00145868503023, 0.000975724891759, 0.000485816883156, 0.000264080328634, 0.000485738099087, 0.000406805018429, 0.000127711900859, 0.000112630608783, 7.52684645704e-05, 6.61004160065e-05, 6.31723887636e-05, 4.36412738054e-05, 2.65383550868e-05, 2.5190794986e-05, 2.31243175222e-05, 2.61814875557e-05, 2.25553230848e-05, 1.78843110916e-05, 1.85754033737e-05, 2.24031191465e-05, 1.96443197638e-05, 2.34789040405e-05, 1.61245025083e-05, 1.41084410643e-05, 1.45542799146e-05, 1.46865759234e-05, 1.5160174371e-05, 1.36510443554e-05, 1.25399083117e-05, 1.09566572064e-05, 1.07216246761e-05, 9.71828831098e-06, 8.88649447006e-06, 7.89804380474e-06, 6.99756719769e-06, 4.90928096042e-06, 3.32711692863e-06, 2.36511345975e-06], "dvar": [4.12579684053e-05, 1.29480395117e-05, 5.74944078835e-06, 2.15413183469e-06, 5.44144256764e-07, 1.57859730621e-07, 7.33287890853e-07, 6.949148883e-07, 7.36944301138e-08, 6.29433358768e-08, 4.04384508101e-08, 2.39347244246e-08, 2.01947933931e-08, 1.10574607248e-08, 3.3382367981e-09, 2.38057884516e-09, 9.79367476006e-10, 1.64775237899e-09, 9.37091626518e-10, 3.91272542144e-10, 4.51908094279e-10, 5.85538451059e-10, 5.73131486714e-10, 1.03690522835e-09, 3.27742555317e-10, 2.39263553414e-10, 2.84879092538e-10, 2.47376730211e-10, 2.89907736706e-10, 2.62382504612e-10, 2.99519464786e-10, 2.16633114225e-10, 2.42534797801e-10, 2.57442234197e-10, 2.68130850856e-10, 2.48287640447e-10, 1.88853113703e-10, 1.08054704073e-10, 4.61086169246e-11, 1.54402306912e-11], "dvar2": [8.05085510365e-05, 3.31365845341e-05, 1.47523915075e-05, 5.8527020883e-06, 1.31207912091e-06, 3.91255184695e-07, 1.84672410342e-06, 1.72095644757e-06, 1.7665522023e-07, 1.40596995379e-07, 9.45472606872e-08, 5.37090159014e-08, 4.98844237029e-08, 2.54525058807e-08, 6.67531896426e-09, 5.29257704329e-09, 2.33242936076e-09, 3.87993503992e-09, 1.99720995298e-09, 9.35709842942e-10, 9.96799420783e-10, 1.49377987757e-09, 1.37227751384e-09, 2.91288682064e-09, 7.99337818158e-10, 5.08087627527e-10, 6.57387588809e-10, 5.47602574397e-10, 5.74229441774e-10, 4.64985300264e-10, 5.84471970821e-10, 4.21689433372e-10, 5.32911659246e-10, 5.39852884618e-10, 5.49281342632e-10, 5.21072740511e-10, 4.08824973874e-10, 2.29161412069e-10, 9.87307804956e-11, 3.4244180408e-11], "max": [0.0508106574416, 0.0342431180179, 0.0225608833134, 0.0163744520396, 0.0121611673385, 0.00643969001248, 0.0149697298184, 0.0140904011205, 0.00435546087101, 0.00639927992597, 0.00671399524435, 0.00348593457602, 0.00314751826227, 0.00345418625511, 0.00302694085985, 0.00168975326233, 0.000638040539343, 0.00156318757217, 0.00112252123654, 0.000216072818148, 0.000860263884533, 0.000241704066866, 0.000278942257864, 0.000252439844189, 0.000184805263416, 0.000169086401002, 0.000195934146177, 0.000223145165364, 0.000218246292206, 0.000230810954235, 0.000268187024631, 0.000382321391953, 0.000395511335228, 0.000439404626377, 0.000450747465948, 0.000409083615523, 0.000322789128404, 0.000307290552882, 0.000236690670135, 0.000106719169708], "mean": [0.00347995758057, 0.00184669916052, 0.000826183182653, 0.000623724306934, 0.000360144593287, 0.000166939818882, 0.000302813015878, 0.000237400294282, 8.44268579385e-05, 8.40700158733e-05, 5.92210417381e-05, 5.67407842027e-05, 4.18569943577e-05, 3.1229974411e-05, 1.90602277144e-05, 1.68548303918e-05, 1.71767023858e-05, 2.16712287511e-05, 1.87066816579e-05, 1.36537137223e-05, 1.50002024384e-05, 1.5442901713e-05, 1.41785894812e-05, 1.24918560687e-05, 1.11066492536e-05, 1.17008494271e-05, 1.09367574623e-05, 1.08349340735e-05, 1.14506074169e-05, 1.12735770017e-05, 1.02949670691e-05, 9.78262687568e-06, 9.43638042372e-06, 8.65014953888e-06, 7.92588161858e-06, 6.95416565577e-06, 5.87382055528e-06, 4.20563810621e-06, 2.7951989523e-06, 1.79891605967e-06], "median": [0.000234267863561, 0.000299206294585, 0.000192532941583, 0.000223319832003, 9.28251829464e-05, 4.61406343675e-05, 1.97189056053e-05, 8.94285949471e-06, 8.81713458512e-06, 8.37999868963e-06, 6.84407177687e-06, 6.06112462265e-06, 5.51325774722e-06, 3.66586277778e-06, 3.00686974697e-06, 3.11487610816e-06, 4.88571413371e-06, 7.88640591054e-06, 5.95893652644e-06, 4.20950664193e-06, 3.63266894965e-06, 4.47752518085e-06, 3.95921142626e-06, 2.64994469035e-06, 2.75697084362e-06, 3.04090690406e-06, 2.8322340313e-06, 2.48691958404e-06, 2.01834154723e-06, 1.83072700111e-06, 1.72186764757e-06, 2.20568017539e-06, 2.33742139244e-06, 1.37226868446e-06, 1.33604453367e-06, 1.28699502966e-06, 1.16102353331e-06, 5.21989363733e-07, 3.29573623503e-07, 2.4853406444e-07], "min": [7.50069853498e-25, 1.00247645114e-24, 1.3624649408e-24, 1.28385002122e-24, 1.91057299193e-24, 1.82759448825e-24, 2.02862030715e-24, 2.75264512901e-24, 2.00389799803e-24, 2.35120821105e-24, 2.02829431039e-24, 1.45887518191e-24, 2.04090701297e-24, 2.72710339062e-24, 3.3339364169e-24, 3.03440159245e-24, 2.71083293723e-24, 3.32385911326e-24, 3.20691699216e-24, 3.70314777523e-24, 3.6413456509e-24, 2.97681671852e-24, 3.75729518776e-24, 1.81011944426e-24, 3.27515365768e-24, 4.93793597295e-24, 4.41482376847e-24, 4.65253556377e-24, 3.4630433648e-24, 5.44303769411e-24, 4.75420711268e-24, 4.8298939778e-24, 5.81693646394e-24, 4.84205387423e-24, 4.88219348367e-24, 5.70622496349e-24, 5.7673119854e-24, 4.72336107357e-24, 5.70170360721e-24, 6.13879802416e-24], "var": [6.75582632539e-05, 1.52189768414e-05, 4.54711744169e-06, 1.6772141862e-06, 6.7146100946e-07, 1.54870733127e-07, 7.28984844045e-07, 6.86744556333e-07, 8.16676291038e-08, 8.14527538751e-08, 4.69511931556e-08, 3.71678332556e-08, 2.05178274371e-08, 1.43179574863e-08, 5.71469271904e-09, 3.15069459411e-09, 1.36670097461e-09, 2.1758979063e-09, 1.81753057049e-09, 5.46065082041e-10, 1.03573638555e-09, 6.40457742396e-10, 6.73983924226e-10, 7.64866059377e-10, 3.93032828505e-10, 4.04160149792e-10, 3.91862653437e-10, 3.67043839766e-10, 4.60599558494e-10, 4.83650175465e-10, 4.82146600422e-10, 3.784820235e-10, 3.8156322546e-10, 4.07477829256e-10, 4.28605345659e-10, 3.68572478093e-10, 2.61940358293e-10, 1.54039794809e-10, 6.40635530735e-11, 2.14917701691e-11]}, "melbands_crest": {"dmean": 4.76785993576, "dmean2": 7.44771242142, "dvar": 20.1066875458, "dvar2": 41.4238204956, "max": 36.9877967834, "mean": 15.976313591, "median": 14.409954071, "min": 1.55202651024, "var": 52.2945175171}, "melbands_flatness_db": {"dmean": 0.0525224842131, "dmean2": 0.0740887224674, "dvar": 0.00260326685384, "dvar2": 0.00498470803723, "max": 0.607517004013, "mean": 0.192425370216, "median": 0.181388601661, "min": 0.00315139163285, "var": 0.00881441775709}, "melbands_kurtosis": {"dmean": 28.7775306702, "dmean2": 44.569103241, "dvar": 4992.06103516, "dvar2": 10599.6015625, "max": 1588.47558594, "mean": 40.059425354, "median": 12.1201591492, "min": -1.94648182392, "var": 11106.8427734}, "melbands_skewness": {"dmean": 1.77618610859, "dmean2": 2.68430018425, "dvar": 4.71133089066, "dvar2": 9.28834819794, "max": 30.1465244293, "mean": 3.86836981773, "median": 3.09143042564, "min": -4.57359027863, "var": 13.1256046295}, "melbands_spread": {"dmean": 23.2836284637, "dmean2": 37.0206947327, "dvar": 1206.33740234, "dvar2": 2636.53344727, "max": 288.467132568, "mean": 38.9112548828, "median": 22.3768768311, "min": 0.212922811508, "var": 2066.97167969}, "mfcc": {"cov": [[8179.9140625, -343.804260254, -292.587493896, 160.177383423, -230.582565308, 54.3920402527, -58.9899940491, 29.1387615204, -10.2833337784, 6.68722772598, 37.9455909729, 94.7680206299, 76.2508850098], [-343.804260254, 2038.81872559, -290.686706543, -85.7791137695, 125.278396606, -53.8259468079, 13.6284990311, 48.0063781738, 59.574546814, 18.0272541046, -40.6632118225, -62.9781188965, -16.6416854858], [-292.587493896, -290.686706543, 974.581481934, 153.775115967, -70.8605422974, 126.126678467, 58.3267631531, 58.7672576904, 0.113884568214, -21.9184570313, 9.37842178345, 41.8391304016, 19.2437896729], [160.177383423, -85.7791137695, 153.775115967, 567.104919434, 294.379974365, 133.949432373, 58.5740852356, 7.50984048843, 67.809463501, 27.3400592804, -7.02624988556, 16.2249450684, 6.30644845963], [-230.582565308, 125.278396606, -70.8605422974, 294.379974365, 499.869171143, 144.353988647, 57.8511657715, 22.8995380402, 99.2754592896, 68.6931762695, 3.63746023178, -23.3048534393, -7.99965143204], [54.3920402527, -53.8259468079, 126.126678467, 133.949432373, 144.353988647, 262.21685791, 127.93145752, 58.7462692261, 34.5379524231, 30.2499504089, 16.8531227112, 27.6590080261, 13.0239124298], [-58.9899940491, 13.6284990311, 58.3267631531, 58.5740852356, 57.8511657715, 127.93145752, 257.58505249, 102.984382629, 44.1830101013, 22.0996322632, 4.06772756577, 28.3061752319, 17.0450782776], [29.1387615204, 48.0063781738, 58.7672576904, 7.50984048843, 22.8995380402, 58.7462692261, 102.984382629, 187.593551636, 76.4709320068, 17.3711090088, 19.3026218414, 30.13539505, 10.8175830841], [-10.2833337784, 59.574546814, 0.113884568214, 67.809463501, 99.2754592896, 34.5379524231, 44.1830101013, 76.4709320068, 156.885742188, 55.8164405823, 4.57179927826, 13.7598304749, 11.9123077393], [6.68722772598, 18.0272541046, -21.9184570313, 27.3400592804, 68.6931762695, 30.2499504089, 22.0996322632, 17.3711090088, 55.8164405823, 123.903938293, 48.3462638855, 12.4766521454, 16.370136261], [37.9455909729, -40.6632118225, 9.37842178345, -7.02624988556, 3.63746023178, 16.8531227112, 4.06772756577, 19.3026218414, 4.57179927826, 48.3462638855, 128.492828369, 53.8568458557, 5.50096559525], [94.7680206299, -62.9781188965, 41.8391304016, 16.2249450684, -23.3048534393, 27.6590080261, 28.3061752319, 30.13539505, 13.7598304749, 12.4766521454, 53.8568458557, 113.296684265, 54.0865592957], [76.2508850098, -16.6416854858, 19.2437896729, 6.30644845963, -7.99965143204, 13.0239124298, 17.0450782776, 10.8175830841, 11.9123077393, 16.370136261, 5.50096559525, 54.0865592957, 105.648124695]], "icov": [[0.000136952134199, 1.69537834154e-05, 9.71684348769e-05, -0.000133932466269, 0.000181672992767, -0.000126120576169, 0.000101019977592, -7.82398492447e-05, -1.39004441735e-06, -2.41216639552e-05, -1.07872392618e-05, -1.557026917e-05, -7.24342171452e-05], [1.69537834154e-05, 0.000545969465747, 0.000123260164401, 0.000120241289551, -0.000183938158443, 0.00013477212633, -3.51889357262e-05, -0.000191555271158, -8.63048189785e-05, 4.75930391985e-06, 9.91591368802e-05, 0.000209109202842, -6.43381499685e-05], [9.71684348769e-05, 0.000123260164401, 0.00136544939596, -0.000620786799118, 0.000769836420659, -0.000788528122939, 0.000227571625146, -0.000434824323747, 3.79324774258e-06, 0.0001838143653, -7.74077998358e-05, 7.51958214096e-05, -0.000162444761372], [-0.000133932466269, 0.000120241289551, -0.000620786799118, 0.0031362134032, -0.00198764586821, -0.000113922884339, -0.000269635696895, 0.000726241152734, -0.000476143002743, 0.000317419035127, 0.000543142727111, -0.000941961596254, 0.000332612282364], [0.000181672992767, -0.000183938158443, 0.000769836420659, -0.00198764586821, 0.00437150849029, -0.00191176112276, 0.00038561807014, 0.000181294235517, -0.00144417292904, -0.000745576864574, -0.000499380577821, 0.0015508903889, -0.000185378376045], [-0.000126120576169, 0.00013477212633, -0.000788528122939, -0.000113922884339, -0.00191176112276, 0.00675535900518, -0.00262315617874, -0.000379375414923, 0.00089134805603, -0.000527572992723, -5.7782449403e-06, -0.0009477812564, 0.000213974504732], [0.000101019977592, -3.51889357262e-05, 0.000227571625146, -0.000269635696895, 0.00038561807014, -0.00262315617874, 0.00632932875305, -0.00283982441761, 0.000345531356288, -0.000665471248794, 0.000993816531263, -0.000625795102678, -0.000148840656038], [-7.82398492447e-05, -0.000191555271158, -0.000434824323747, 0.000726241152734, 0.000181294235517, -0.000379375414923, -0.00283982441761, 0.00901346746832, -0.00433768564835, 0.00152392568998, -0.00131546962075, -0.000725706748199, 0.000350885209627], [-1.39004441735e-06, -8.63048189785e-05, 3.79324774258e-06, -0.000476143002743, -0.00144417292904, 0.00089134805603, 0.000345531356288, -0.00433768564835, 0.0110175991431, -0.00457575451583, 0.00250466167927, -0.00161884934641, 0.000349386915332], [-2.41216639552e-05, 4.75930391985e-06, 0.0001838143653, 0.000317419035127, -0.000745576864574, -0.000527572992723, -0.000665471248794, 0.00152392568998, -0.00457575451583, 0.0129113690928, -0.00589165044948, 0.00288272555918, -0.00272807548754], [-1.07872392618e-05, 9.91591368802e-05, -7.74077998358e-05, 0.000543142727111, -0.000499380577821, -5.7782449403e-06, 0.000993816531263, -0.00131546962075, 0.00250466167927, -0.00589165044948, 0.013261558488, -0.00779246678576, 0.00387167395093], [-1.557026917e-05, 0.000209109202842, 7.51958214096e-05, -0.000941961596254, 0.0015508903889, -0.0009477812564, -0.000625795102678, -0.000725706748199, -0.00161884934641, 0.00288272555918, -0.00779246678576, 0.0175243727863, -0.00833375100046], [-7.24342171452e-05, -6.43381499685e-05, -0.000162444761372, 0.000332612282364, -0.000185378376045, 0.000213974504732, -0.000148840656038, 0.000350885209627, 0.000349386915332, -0.00272807548754, 0.00387167395093, -0.00833375100046, 0.0139131238684]], "mean": [-673.568359375, 75.1691207886, 22.3431835175, 33.7450523376, 8.98154640198, 11.3964481354, -2.64841556549, 4.46645593643, -0.951720118523, 2.5743033886, -4.74285507202, -2.39407968521, -3.02037596703]}, "pitch_salience": {"dmean": 0.11133223772, "dmean2": 0.170664981008, "dvar": 0.0121242385358, "dvar2": 0.0241240318865, "max": 0.965482771397, "mean": 0.552912592888, "median": 0.592136144638, "min": 0.03496061638, "var": 0.0316995568573}, "silence_rate_20dB": {"dmean": 0, "dmean2": 0, "dvar": 0, "dvar2": 0, "max": 1, "mean": 1, "median": 1, "min": 1, "var": 0}, "silence_rate_30dB": {"dmean": 0.0424305908382, "dmean2": 0.0848685950041, "dvar": 0.040630325675, "dvar2": 0.109448000789, "max": 1, "mean": 0.968834578991, "median": 1, "min": 0, "var": 0.0301960706711}, "silence_rate_60dB": {"dmean": 0.0916710346937, "dmean2": 0.183358073235, "dvar": 0.0832741782069, "dvar2": 0.180277824402, "max": 1, "mean": 0.145002186298, "median": 0, "min": 0, "var": 0.123958602548}, "spectral_centroid": {"dmean": 612.274841309, "dmean2": 913.963745117, "dvar": 491212.59375, "dvar2": 954710.5, "max": 11929.3095703, "mean": 1934.67077637, "median": 1624.75817871, "min": 97.2841415405, "var": 1953245.125}, "spectral_complexity": {"dmean": 6.93818759918, "dmean2": 10.148607254, "dvar": 79.435043335, "dvar2": 151.473068237, "max": 65, "mean": 13.6242685318, "median": 9, "min": 0, "var": 164.525131226}, "spectral_contrast_coeffs": {"dmean": [0.0624192208052, 0.0614322461188, 0.0465954914689, 0.0362467765808, 0.0258792731911, 0.0288213156164], "dmean2": [0.0973302647471, 0.0936541259289, 0.0698774531484, 0.0543800480664, 0.0404906310141, 0.0419614575803], "dvar": [0.00309157161973, 0.00300975027494, 0.00181580835488, 0.00105606077705, 0.000511939579155, 0.00060199724976], "dvar2": [0.00707021960989, 0.00636095041409, 0.00350442179479, 0.00217969017103, 0.00112529634498, 0.00127377966419], "max": [-0.271400660276, -0.334367126226, -0.415939927101, -0.495950013399, -0.560120224953, -0.595653772354], "mean": [-0.657658874989, -0.714906811714, -0.787402570248, -0.793406844139, -0.805979669094, -0.76747906208], "median": [-0.667882144451, -0.728342592716, -0.81094121933, -0.804776251316, -0.809645414352, -0.76642370224], "min": [-0.982008814812, -0.981299757957, -0.976948618889, -0.972121477127, -0.96686989069, -0.967607676983], "var": [0.00968635082245, 0.0107413772494, 0.00800451263785, 0.00448379619047, 0.00179158896208, 0.00208972557448]}, "spectral_contrast_valleys": {"dmean": [0.56639868021, 0.563921809196, 0.55151373148, 0.558708488941, 0.567922770977, 0.524743020535], "dmean2": [0.830451309681, 0.839625298977, 0.792156934738, 0.768239378929, 0.727650165558, 0.657642900944], "dvar": [0.337781608105, 0.290138661861, 0.269709169865, 0.292294383049, 0.315732866526, 0.25993514061], "dvar2": [0.62925863266, 0.595316946507, 0.515516459942, 0.55417484045, 0.576065778732, 0.402326732874], "max": [-4.8875374794, -4.84062957764, -5.1440320015, -5.97615194321, -5.20616769791, -7.00332641602], "mean": [-7.76520442963, -7.81004285812, -8.27926063538, -8.37958049774, -7.76164770126, -9.78060531616], "median": [-7.48967266083, -7.6443362236, -8.08073043823, -8.22609901428, -7.67205381393, -9.76188850403], "min": [-28.1357555389, -28.0571613312, -27.8587551117, -27.747844696, -27.5944061279, -27.3963508606], "var": [4.46722316742, 3.90414452553, 3.77904462814, 3.78913235664, 4.11855506897, 3.63856315613]}, "spectral_decrease": {"dmean": 4.28746504966e-09, "dmean2": 6.54161746994e-09, "dvar": 4.08816216828e-17, "dvar2": 8.53866054684e-17, "max": 2.32706913322e-28, "mean": -6.59251986335e-09, "median": -2.72811306878e-09, "min": -4.92244609518e-08, "var": 7.64762556147e-17}, "spectral_energy": {"dmean": 0.0170681979507, "dmean2": 0.0256691277027, "dvar": 0.000596963684075, "dvar2": 0.00124040350784, "max": 0.189570784569, "mean": 0.0271625649184, "median": 0.0122467810288, "min": 1.00946771277e-20, "var": 0.00116130046081}, "spectral_energyband_high": {"dmean": 0.00169846881181, "dmean2": 0.00229675602168, "dvar": 8.8742826847e-06, "dvar2": 1.54097961058e-05, "max": 0.0518424548209, "mean": 0.00232035084628, "median": 0.000587965594605, "min": 7.17025842796e-21, "var": 1.86663655768e-05}, "spectral_energyband_low": {"dmean": 0.0109245795757, "dmean2": 0.0171737596393, "dvar": 0.000491068174597, "dvar2": 0.0010083996458, "max": 0.172757431865, "mean": 0.0145048312843, "median": 0.00180738209747, "min": 1.24084515064e-23, "var": 0.000847159361001}, "spectral_energyband_middle_high": {"dmean": 0.00178703328129, "dmean2": 0.00264597916976, "dvar": 7.57223824621e-06, "dvar2": 1.71767460415e-05, "max": 0.0421217158437, "mean": 0.00273185549304, "median": 0.00128300732467, "min": 1.16334552102e-21, "var": 1.3747671801e-05}, "spectral_energyband_middle_low": {"dmean": 0.0068081561476, "dmean2": 0.0107123032212, "dvar": 0.000167820006027, "dvar2": 0.00041069809231, "max": 0.102291546762, "mean": 0.00852200947702, "median": 0.00385321606882, "min": 1.60763112456e-22, "var": 0.000176215413376}, "spectral_entropy": {"dmean": 0.254870206118, "dmean2": 0.357401371002, "dvar": 0.066693469882, "dvar2": 0.126222059131, "max": 9.82932281494, "mean": 7.8672003746, "median": 7.92400121689, "min": 5.72494792938, "var": 0.241944745183}, "spectral_flux": {"dmean": 0.0461724027991, "dmean2": 0.0720562562346, "dvar": 0.00236149970442, "dvar2": 0.00588210253045, "max": 0.384455472231, "mean": 0.0997081175447, "median": 0.0802111774683, "min": 6.46903919321e-11, "var": 0.00515191350132}, "spectral_kurtosis": {"dmean": 1.14867269993, "dmean2": 1.76814067364, "dvar": 1.78880023956, "dvar2": 4.00392055511, "max": 20.4776992798, "mean": 2.62682437897, "median": 2.14018440247, "min": -1.26959443092, "var": 4.51766204834}, "spectral_rms": {"dmean": 0.00150772149209, "dmean2": 0.00209498335607, "dvar": 2.87262628262e-06, "dvar2": 5.31636123924e-06, "max": 0.0135995261371, "mean": 0.00427500251681, "median": 0.0034565993119, "min": 3.13822644087e-12, "var": 8.22438960313e-06}, "spectral_rolloff": {"dmean": 1596.78796387, "dmean2": 2632.25488281, "dvar": 4771883, "dvar2": 9898348, "max": 19896.6796875, "mean": 2826.90185547, "median": 1636.5234375, "min": 64.599609375, "var": 10524985}, "spectral_skewness": {"dmean": 0.260481476784, "dmean2": 0.380218505859, "dvar": 0.064035050571, "dvar2": 0.127356827259, "max": 3.60134577751, "mean": 1.1759827137, "median": 1.14443564415, "min": -0.556717693806, "var": 0.236710324883}, "spectral_spread": {"dmean": 964823.25, "dmean2": 1469452.75, "dvar": 1104904060930.0, "dvar2": 2329918570500.0, "max": 42630160, "mean": 6274420, "median": 5820145.5, "min": 1676583.75, "var": 12397000523800.0}, "spectral_strong