{"lowlevel": {"average_loudness": 0.752921581268, "barkbands": {"dmean": [0.000737277267035, 0.00593404611573, 0.00488229375333, 0.00203270884231, 0.00241335784085, 0.000862634449732, 0.000480211747345, 0.000353081501089, 0.000207143006264, 0.000184635835467, 0.000167404956301, 0.00014753677533, 0.000144053759868, 0.000140490941703, 0.00010022202332, 0.000161620191648, 0.000126269296743, 0.000142747550854, 0.000196162160137, 0.00017351443239, 0.000145499128848, 6.16619945504e-05, 1.02008370959e-05, 2.58322688751e-06, 2.42462169808e-06, 6.58468707115e-06, 0.000571952143218], "dmean2": [0.00125714042224, 0.00998842809349, 0.00848914962262, 0.00337066873908, 0.00372992129996, 0.00129468319938, 0.000743759504985, 0.000531779776793, 0.000321102706948, 0.000298484810628, 0.000262550631305, 0.000234160412219, 0.000228584220167, 0.000225962372497, 0.000156392139615, 0.00024706160184, 0.000187269062735, 0.000206638418604, 0.00028316694079, 0.000254774873611, 0.000225631389185, 9.57269367063e-05, 1.62413580256e-05, 4.13888938056e-06, 3.95445522372e-06, 1.03609690996e-05, 0.000733975321054], "dvar": [1.30003593313e-06, 5.69554358663e-05, 4.87526594952e-05, 9.57780412136e-06, 2.6148316465e-05, 7.61142791816e-06, 2.39004748437e-06, 1.39634994412e-06, 4.21273284701e-07, 1.69456328081e-07, 2.89039093104e-07, 1.24704087057e-07, 1.02326509932e-07, 1.26149259927e-07, 4.87972329211e-08, 1.44033421634e-07, 1.56919597316e-07, 1.36807003059e-07, 3.18969085811e-07, 1.86966886417e-07, 1.1785704146e-07, 1.94419040866e-08, 4.55953386158e-10, 1.78146906948e-11, 1.52457352298e-11, 1.50427489909e-10, 2.08877168006e-06], "dvar2": [3.45005628333e-06, 0.000159238130436, 0.00014683844347, 2.44739258051e-05, 5.81159220019e-05, 1.66724512383e-05, 4.60011005998e-06, 3.09106485474e-06, 8.01839064479e-07, 4.07632029464e-07, 6.32843295989e-07, 2.93371471116e-07, 2.49934373642e-07, 3.2522359561e-07, 1.12254269879e-07, 3.21802247072e-07, 3.44969947719e-07, 2.65554973566e-07, 6.38462154257e-07, 3.72746512767e-07, 2.71960118425e-07, 4.46805543675e-08, 1.09747544386e-09, 4.28305967082e-11, 3.80909470632e-11, 3.56635998511e-10, 3.15153238262e-06], "max": [0.0216378085315, 0.0987055301666, 0.118201673031, 0.0656311959028, 0.148999944329, 0.10327924788, 0.0699168592691, 0.045380525291, 0.0412435792387, 0.00857234373689, 0.0248126145452, 0.0102569069713, 0.011203803122, 0.0135931698605, 0.0051330793649, 0.0118247102946, 0.0179708711803, 0.0106457136571, 0.0202192757279, 0.0122336782515, 0.00680183526129, 0.00216416781768, 0.000487703917315, 0.000113299371151, 6.36281547486e-05, 0.000500431575347, 0.0411365069449], "mean": [0.000843007874209, 0.00904436502606, 0.00656660459936, 0.00301455217414, 0.00421411124989, 0.00134683726355, 0.000742954434827, 0.000561464112252, 0.00032059638761, 0.000271322496701, 0.000236020219745, 0.000235354222241, 0.000230001664022, 0.000216176864342, 0.000160859999596, 0.000243023649091, 0.000179897251655, 0.000224879477173, 0.000307815877022, 0.000245137052843, 0.000177695357706, 7.26610669517e-05, 1.18242005556e-05, 3.20020512845e-06, 2.65514813691e-06, 8.64629419084e-06, 0.00110686116386], "median": [0.000440265459474, 0.00629973923787, 0.00345134106465, 0.00151151022874, 0.00157387566287, 0.000300037499983, 0.000181648661965, 0.000143042620039, 0.000132749439217, 0.000103340906207, 7.80685732025e-05, 8.67619673954e-05, 9.27942382987e-05, 8.80467923707e-05, 6.30587819614e-05, 8.17230975372e-05, 4.42229757027e-05, 4.81916722492e-05, 4.74977568956e-05, 3.00086267089e-05, 2.39904456976e-05, 1.05552435343e-05, 3.25802670886e-06, 1.41064776926e-06, 1.18969376217e-06, 3.30650368596e-06, 0.000198441572138], "min": [9.89238773503e-25, 5.75036370329e-24, 6.82393969477e-25, 2.03987833835e-24, 1.44709938186e-23, 1.37611042008e-23, 1.17658643457e-23, 1.60760654366e-23, 1.68747744814e-23, 2.15286767466e-23, 1.23617769732e-23, 1.8204655128e-23, 4.12519758919e-23, 3.6333450236e-23, 3.80374087239e-23, 8.49306204569e-23, 7.39636426497e-23, 1.02809704801e-22, 1.81213794999e-22, 1.91323318867e-22, 2.65150135171e-22, 3.17558671078e-22, 4.06749203532e-22, 6.32345398531e-22, 8.60264000036e-22, 1.20373913737e-21, 2.01311244561e-21], "var": [1.43040517742e-06, 8.72025921126e-05, 7.58882742957e-05, 1.85816097655e-05, 6.9672925747e-05, 1.57590220624e-05, 6.26095925327e-06, 3.1674787806e-06, 7.45921454381e-07, 3.09448665803e-07, 4.5574134333e-07, 2.48448060347e-07, 1.91539896832e-07, 1.70510745079e-07, 9.21346767768e-08, 2.44550847128e-07, 2.5521390512e-07, 3.59840015562e-07, 8.58074827192e-07, 4.38597851371e-07, 1.73723066155e-07, 2.66595243659e-08, 5.33232291655e-10, 2.47703177414e-11, 1.7652436804e-11, 2.12899101126e-10, 7.70247152104e-06]}, "barkbands_crest": {"dmean": 3.21430492401, "dmean2": 5.34370756149, "dvar": 6.92326164246, "dvar2": 18.0522937775, "max": 25.5395431519, "mean": 12.0676431656, "median": 11.2469539642, "min": 2.53361988068, "var": 20.3029098511}, "barkbands_flatness_db": {"dmean": 0.0373946540058, "dmean2": 0.0565935000777, "dvar": 0.00109011377208, "dvar2": 0.00235884636641, "max": 0.479139298201, "mean": 0.172872006893, "median": 0.165892630816, "min": 0.03932698071, "var": 0.00400042301044}, "barkbands_kurtosis": {"dmean": 16.7329998016, "dmean2": 26.3242835999, "dvar": 996.61151123, "dvar2": 2394.59228516, "max": 714.995300293, "mean": 27.1735401154, "median": 13.5255222321, "min": -1.96942269802, "var": 1905.27685547}, "barkbands_skewness": {"dmean": 1.20040178299, "dmean2": 1.84221363068, "dvar": 1.74101436138, "dvar2": 3.99099969864, "max": 21.0458507538, "mean": 3.69302487373, "median": 3.26713180542, "min": -3.88831448555, "var": 5.89812135696}, "barkbands_spread": {"dmean": 10.760764122, "dmean2": 16.2197341919, "dvar": 196.630630493, "dvar2": 401.647033691, "max": 131.527099609, "mean": 23.894203186, "median": 13.8994817734, "min": 0.323877871037, "var": 611.085083008}, "dissonance": {"dmean": 0.015384491533, "dmean2": 0.0253343004733, "dvar": 0.00023029584554, "dvar2": 0.000592096475884, "max": 0.5, "mean": 0.473113209009, "median": 0.478886514902, "min": 0.328802675009, "var": 0.000475645181723}, "dynamic_complexity": 3.41271734238, "erbbands": {"dmean": [0.155561238527, 1.47911858559, 5.22264623642, 5.60632228851, 9.72986412048, 6.62862634659, 6.20072126389, 7.23033285141, 7.49840211868, 6.1620926857, 7.02498197556, 4.70866966248, 5.05943632126, 5.83542156219, 6.41916465759, 6.47497415543, 6.37179088593, 7.46588420868, 4.91801023483, 6.01176977158, 9.1094121933, 7.35658454895, 7.38032722473, 9.2021780014, 9.7612695694, 7.91140222549, 6.94858407974, 4.92225170135, 2.41652321815, 0.78557407856, 0.235518038273, 0.0728251934052, 0.0383125990629, 0.0262025371194, 0.0178483109921, 0.0117136230692, 0.0129175363109, 0.0390500538051, 0.0623441748321, 0.0145012596622], "dmean2": [0.25519284606, 2.53148651123, 9.09130191803, 9.42308235168, 15.2869997025, 10.0924081802, 9.62430667877, 10.9356365204, 11.6520023346, 9.29916572571, 10.7311544418, 7.32255220413, 8.02885723114, 9.26408100128, 10.0412149429, 10.2871799469, 10.0305938721, 11.8733644485, 7.59683656693, 9.21328449249, 13.7769870758, 10.7522716522, 10.4945573807, 13.3856868744, 13.9302797318, 11.4716644287, 10.6187677383, 7.61598777771, 3.74595475197, 1.23093247414, 0.373249232769, 0.114686906338, 0.0621286258101, 0.0428258962929, 0.0290318820626, 0.01885073632, 0.0197173226625, 0.0566756501794, 0.0826211944222, 0.0190349146724], "dvar": [0.0447562523186, 3.63476252556, 53.5067481995, 60.4097824097, 294.4347229, 372.24520874, 412.504180908, 527.119628906, 589.868896484, 339.806182861, 635.368591309, 222.897399902, 143.590087891, 195.295089722, 455.315032959, 231.699081421, 182.258758545, 300.511199951, 138.315292358, 189.251113892, 538.677429199, 501.196228027, 348.226165771, 647.626831055, 813.913696289, 388.563354492, 273.450653076, 128.902084351, 29.8309783936, 3.06343317032, 0.234574019909, 0.0142028378323, 0.00409370847046, 0.00183825998101, 0.000805108866189, 0.000327176647261, 0.00056026619859, 0.00773408496752, 0.0270948391408, 0.00106282124761], "dvar2": [0.119974821806, 10.31590271, 161.325149536, 164.733306885, 682.737365723, 771.110778809, 903.042785645, 1258.63183594, 1169.73937988, 666.248413086, 1414.36889648, 442.333953857, 319.313903809, 454.466705322, 1038.6282959, 554.430358887, 435.59677124, 757.336486816, 323.528930664, 402.420684814, 1233.9609375, 1094.57971191, 657.707885742, 1286.46191406, 1620.5826416, 770.61114502, 617.138793945, 298.77255249, 68.9177398682, 7.29213905334, 0.566767811775, 0.032668095082, 0.010123074986, 0.00461000949144, 0.00200480059721, 0.000798336754087, 0.00127317383885, 0.0161757171154, 0.0424792394042, 0.0016602157848], "max": [3.2389922142, 22.3630371094, 110.642669678, 144.327026367, 414.713165283, 742.330322266, 835.778564453, 651.287963867, 740.077880859, 803.659484863, 1047.35620117, 944.18572998, 408.944793701, 438.652923584, 919.222045898, 490.214111328, 386.867004395, 468.057434082, 443.809570312, 418.467773438, 814.329711914, 1152.82067871, 561.972290039, 819.713378906, 1326.34692383, 662.510986328, 337.885223389, 205.580154419, 80.616973877, 31.1971874237, 12.1532554626, 3.65670180321, 1.45842349529, 0.723007500172, 0.470433354378, 0.31990852952, 1.04197061062, 2.59390759468, 5.01839399338, 0.989867627621], "mean": [0.234716355801, 2.15155339241, 7.21896266937, 8.90605926514, 16.3008918762, 11.1899366379, 9.07217597961, 11.3699064255, 11.7262153625, 10.2491359711, 11.2586193085, 7.27935743332, 8.01103782654, 9.01210021973, 9.58033847809, 10.6194429398, 10.8409996033, 11.8802785873, 8.35807132721, 10.2814941406, 13.2070417404, 10.9845666885, 11.7995567322, 14.8847322464, 14.7760152817, 11.3215618134, 8.85099697113, 5.87548542023, 2.83248305321, 0.897205531597, 0.280318021774, 0.0953215137124, 0.0443380139768, 0.0285980515182, 0.0198024976999, 0.0139494463801, 0.0181111842394, 0.0562283098698, 0.109675526619, 0.034267090261], "median": [0.153012052178, 1.44553494453, 4.0563325882, 5.49177742004, 6.88881444931, 3.30770611763, 2.23608756065, 2.50978946686, 2.96430563927, 2.81158065796, 3.17647767067, 2.92154884338, 3.35814261436, 3.49319410324, 3.35660433769, 3.9808049202, 4.61816167831, 4.98900604248, 3.56449389458, 4.26123762131, 4.0519118309, 2.85664200783, 2.60222244263, 2.54523396492, 2.1108546257, 1.42358660698, 1.20730757713, 0.741104125977, 0.413373410702, 0.179472535849, 0.0818849205971, 0.0379867218435, 0.0202240925282, 0.0128103345633, 0.00907530076802, 0.00690693082288, 0.00671044271439, 0.00837830919772, 0.0125766368583, 0.0147568369284], "min": [1.56846361264e-22, 9.69164569305e-22, 2.83613433493e-21, 7.07774183074e-21, 1.00978614499e-20, 2.66174022605e-20, 7.78923218734e-20, 6.98368816392e-20, 1.01797156567e-19, 1.41118408369e-19, 4.03877448126e-19, 4.12370861108e-19, 8.2106671385e-19, 1.09823167266e-18, 1.38212171325e-18, 9.37415974258e-19, 1.92264154036e-18, 1.91642196933e-18, 2.19746609502e-18, 1.68344520564e-18, 4.36281607558e-18, 5.31374911163e-18, 6.5120955912e-18, 8.5583638236e-18, 9.19127279748e-18, 9.28704294162e-18, 1.13158109274e-17, 1.10784357342e-17, 1.25672384141e-17, 9.84658264954e-18, 1.28011386215e-17, 1.05341939045e-17, 1.01877210331e-17, 8.14657759823e-18, 7.10801759759e-18, 4.18582548068e-18, 2.02688470231e-18, 9.70014852006e-19, 2.33278271027e-19, 2.81489659387e-20], "var": [0.0693542510271, 5.24742269516, 81.083770752, 108.511497498, 703.297607422, 1094.5489502, 662.573913574, 1108.70043945, 1432.57946777, 986.555603027, 1338.31469727, 383.591888428, 272.836791992, 365.274108887, 688.050354004, 477.676300049, 381.352630615, 452.337036133, 249.057113647, 367.748046875, 845.917236328, 849.655944824, 954.241821289, 1827.46936035, 2058.11547852, 923.627197266, 457.882537842, 178.928436279, 39.6753082275, 3.68867731094, 0.282426089048, 0.0232981443405, 0.00491468654945, 0.00209170370363, 0.000949295586906, 0.000419232004788, 0.000949919573031, 0.0158406607807, 0.0955578759313, 0.00412801280618]}, "erbbands_crest": {"dmean": 2.69732618332, "dmean2": 4.34821128845, "dvar": 6.57078313828, "dvar2": 15.261724472, "max": 29.3541679382, "mean": 8.14033985138, "median": 7.04213666916, "min": 2.28626775742, "var": 16.6778507233}, "erbbands_flatness_db": {"dmean": 0.0218105893582, "dmean2": 0.0336123369634, "dvar": 0.000357912416803, "dvar2": 0.000841233879328, "max": 0.293616980314, "mean": 0.124053671956, "median": 0.120273910463, "min": 0.0193337202072, "var": 0.00109325710218}, "erbbands_kurtosis": {"dmean": 1.40066838264, "dmean2": 2.17033314705, "dvar": 7.25033521652, "dvar2": 16.5829143524, "max": 59.7862358093, "mean": 0.738754749298, "median": -0.303560972214, "min": -1.88354933262, "var": 13.0000562668}, "erbbands_skewness": {"dmean": 0.505881011486, "dmean2": 0.72827911377, "dvar": 0.262533247471, "dvar2": 0.515286743641, "max": 6.4805393219, "mean": 0.311376601458, "median": 0.283099591732, "min": -5.14451265335, "var": 1.10255658627}, "erbbands_spread": {"dmean": 11.0606842041, "dmean2": 17.2024002075, "dvar": 119.111732483, "dvar2": 276.377441406, "max": 185.325637817, "mean": 44.2070426941, "median": 43.2742347717, "min": 3.33017039299, "var": 295.071044922}, "gfcc": {"cov": [[12484.5273438, 107.302696228, -1800.96337891, 105.60798645, 22.8426151276, -964.066589355, 347.878051758, -600.309814453, -12.9677610397, -120.107009888, -91.5533370972, 74.5896987915, -67.9223480225], [107.302696228, 808.136474609, 127.982963562, -209.461227417, 6.13688611984, 66.8332061768, -86.4454879761, -21.5818977356, 0.257786422968, -5.56395626068, 35.559513092, -60.5954780579, 54.5999755859], [-1800.96337891, 127.982963562, 705.324035645, -53.2244873047, -85.9823913574, 300.448547363, -185.256530762, 194.020690918, -39.2377853394, 42.9047431946, 32.8050727844, -52.0977134705, 27.6056461334], [105.60798645, -209.461227417, -53.2244873047, 238.933486938, 59.0816230774, -58.0313987732, 113.646469116, -47.0886154175, 21.9791545868, -15.7325134277, -38.8865356445, 29.549243927, -38.4175186157], [22.8426151276, 6.13688611984, -85.9823913574, 59.0816230774, 240.903656006, -36.0802192688, 89.1214752197, -37.1451301575, 16.3388442993, -44.0731201172, 9.86273479462, -21.5888519287, -6.93780851364], [-964.066589355, 66.8332061768, 300.448547363, -58.0313987732, -36.0802192688, 338.638244629, -118.664512634, 133.533828735, -45.3053779602, 33.6525878906, 2.95548868179, -18.8431949615, 22.3196601868], [347.878051758, -86.4454879761, -185.256530762, 113.646469116, 89.1214752197, -118.664512634, 248.234710693, -77.5074234009, 66.7483520508, -25.4145183563, -22.7974262238, 28.6398620605, -40.3082199097], [-600.309814453, -21.5818977356, 194.020690918, -47.0886154175, -37.1451301575, 133.533828735, -77.5074234009, 176.012039185, 6.82447624207, 29.852268219, 15.9132165909, -17.2345066071, 25.1392402649], [-12.9677610397, 0.257786422968, -39.2377853394, 21.9791545868, 16.3388442993, -45.3053779602, 66.7483520508, 6.82447624207, 103.079650879, 24.7868747711, -1.48024106026, 11.5999307632, -16.8496456146], [-120.107009888, -5.56395626068, 42.9047431946, -15.7325134277, -44.0731201172, 33.6525878906, -25.4145183563, 29.852268219, 24.7868747711, 71.6483306885, 27.3982200623, 8.82214546204, 2.46043348312], [-91.5533370972, 35.559513092, 32.8050727844, -38.8865356445, 9.86273479462, 2.95548868179, -22.7974262238, 15.9132165909, -1.48024106026, 27.3982200623, 70.3886642456, 9.37601470947, 17.2649555206], [74.5896987915, -60.5954780579, -52.0977134705, 29.549243927, -21.5888519287, -18.8431949615, 28.6398620605, -17.2345066071, 11.5999307632, 8.82214546204, 9.37601470947, 65.5741348267, 13.1723489761], [-67.9223480225, 54.5999755859, 27.6056461334, -38.4175186157, -6.93780851364, 22.3196601868, -40.3082199097, 25.1392402649, -16.8496456146, 2.46043348312, 17.2649555206, 13.1723489761, 61.5862808228]], "icov": [[0.00014493468916, -0.000124066966237, 0.000372283975594, -0.000140169198858, 0.000140798278153, 0.000171244304511, 3.8150967157e-05, -4.66351993964e-05, 0.00023894313199, -8.02024587756e-05, 4.43950011686e-06, 0.000102144163975, 5.88193761359e-05], [-0.000124066966237, 0.00227792211808, -0.000817110296339, 0.00172623316757, -4.56708366983e-05, -0.00080995913595, -0.000133018387714, 0.00225021317601, -0.00193728506565, 0.000941359554417, -0.000607414229307, 0.00197571306489, -0.00225038267672], [0.000372283975594, -0.000817110296339, 0.00424689706415, -0.00221986090764, 0.00166318879928, -0.00162243272644, 0.0010461852653, -0.0017970839981, 5.82025641052e-05, 0.00106247933581, -0.00252085668035, 0.00251868623309, 0.000181711729965], [-0.000140169198858, 0.00172623316757, -0.00221986090764, 0.00907391216606, -0.00293104862794, 0.00111664354336, -0.0021523272153, 0.00132726866286, 0.000942403334193, -0.0023202826269, 0.00536841340363, -0.00449557509273, 0.00209208508022], [0.000140798278153, -4.56708366983e-05, 0.00166318879928, -0.00293104862794, 0.00803498737514, -0.00210865284316, -0.00161697366275, 0.00113705778494, -0.00276032090187, 0.00627717468888, -0.00671172933653, 0.00664559053257, -0.00277704466134], [0.000171244304511, -0.00080995913595, -0.00162243272644, 0.00111664354336, -0.00210865284316, 0.00731764920056, 0.000289465853712, -0.00379173993133, 0.00475855357945, -0.00472636893392, 0.00486890552565, -0.00377618474886, 0.00211188476533], [3.8150967157e-05, -0.000133018387714, 0.0010461852653, -0.0021523272153, -0.00161697366275, 0.000289465853712, 0.00882422551513, 0.000840878114104, -0.004347440321, 0.00233167898841, -1.44159184856e-05, -0.00254429411143, 0.00275922869332], [-4.66351993964e-05, 0.00225021317601, -0.0017970839981, 0.00132726866286, 0.00113705778494, -0.00379173993133, 0.000840878114104, 0.0131500242278, -0.00609525758773, 0.00130391248967, -0.00216959579848, 0.0048748543486, -0.0058822161518], [0.00023894313199, -0.00193728506565, 5.82025641052e-05, 0.000942403334193, -0.00276032090187, 0.00475855357945, -0.004347440321, -0.00609525758773, 0.0195878986269, -0.0111137302592, 0.0060901157558, -0.00561999436468, 0.00544784916565], [-8.02024587756e-05, 0.000941359554417, 0.00106247933581, -0.0023202826269, 0.00627717468888, -0.00472636893392, 0.00233167898841, 0.00130391248967, -0.0111137302592, 0.0279464069754, -0.0140286823735, 0.00316266575828, -0.000333617994329], [4.43950011686e-06, -0.000607414229307, -0.00252085668035, 0.00536841340363, -0.00671172933653, 0.00486890552565, -1.44159184856e-05, -0.00216959579848, 0.0060901157558, -0.0140286823735, 0.0266897529364, -0.00939538516104, 0.000131783657707], [0.000102144163975, 0.00197571306489, 0.00251868623309, -0.00449557509273, 0.00664559053257, -0.00377618474886, -0.00254429411143, 0.0048748543486, -0.00561999436468, 0.00316266575828, -0.00939538516104, 0.0288673471659, -0.0123145645484], [5.88193761359e-05, -0.00225038267672, 0.000181711729965, 0.00209208508022, -0.00277704466134, 0.00211188476533, 0.00275922869332, -0.0058822161518, 0.00544784916565, -0.000333617994329, 0.000131783657707, -0.0123145645484, 0.0267505198717]], "mean": [-35.711730957, 96.1880493164, -69.6653289795, 16.4027385712, -1.29239726067, -19.0473251343, 5.98415374756, -18.1682834625, -4.94284582138, -8.63721847534, -8.57410812378, -9.4688539505, -7.7676949501]}, "hfc": {"dmean": 145.480545044, "dmean2": 220.630493164, "dvar": 34056.4179688, "dvar2": 76043.375, "max": 3933.0168457, "mean": 375.71862793, "median": 279.355743408, "min": 1.13257278303e-16, "var": 126976.0625}, "melbands": {"dmean": [0.00148028717376, 0.00236384011805, 0.00104398559779, 0.000603691325523, 0.000214665953536, 0.000161811214639, 0.000108441512566, 7.07198923919e-05, 5.08820885443e-05, 3.02297958115e-05, 2.6210103897e-05, 2.47066273005e-05, 2.37069034483e-05, 1.68605129147e-05, 1.53795608639e-05, 1.535174124e-05, 1.41853888636e-05, 8.24876678962e-06, 8.41406472318e-06, 8.99829865375e-06, 1.16963637993e-05, 7.76731758378e-06, 7.23332686903e-06, 6.94288428349e-06, 7.83681571193e-06, 7.97111897555e-06, 6.64901244818e-06, 5.10327663505e-06, 4.58381782664e-06, 3.69697977476e-06, 2.6941465876e-06, 1.62831236139e-06, 7.0462738222e-07, 3.28118687776e-07, 1.48047107018e-07, 6.70685764703e-08, 3.67531463041e-08, 2.72980216209e-08, 2.35077664001e-08, 2.15837854256e-08], "dmean2": [0.002460205229, 0.00410230876878, 0.00171731249429, 0.000935931107961, 0.000330987561028, 0.000242791327764, 0.000168545666384, 0.000106680759927, 7.80991613283e-05, 4.70125050924e-05, 4.17070368712e-05, 3.96061004722e-05, 3.71189780708e-05, 2.66556380666e-05, 2.45236351475e-05, 2.43448776018e-05, 2.2762829758e-05, 1.29427189677e-05, 1.31392571348e-05, 1.39931935337e-05, 1.80213210115e-05, 1.16337832878e-05, 1.07077703433e-05, 1.02675739981e-05, 1.16538567454e-05, 1.16722949315e-05, 9.89598083834e-06, 7.59162503527e-06, 7.08148172635e-06, 5.80471032663e-06, 4.21934191763e-06, 2.55914801528e-06, 1.11510269107e-06, 5.27395513927e-07, 2.38106323991e-07, 1.07148665052e-07, 5.81813139888e-08, 4.43946994722e-08, 3.84897980155e-08, 3.52792071112e-08], "dvar": [3.67951065527e-06, 9.75827515504e-06, 2.01513330467e-06, 1.74410490672e-06, 4.08626846138e-07, 2.49953814091e-07, 1.1931236088e-07, 4.38457554708e-08, 2.93500121984e-08, 1.07092512636e-08, 3.78615272467e-09, 3.47127637745e-09, 6.56756471429e-09, 1.79590275984e-09, 1.30974942003e-09, 1.25048993382e-09, 1.20948551174e-09, 4.68137029142e-10, 3.42857187086e-10, 4.19796891693e-10, 9.85401094056e-10, 7.71412822509e-10, 3.45977163585e-10, 3.40898115292e-10, 5.01015284815e-10, 6.02398742e-10, 3.5708511148e-10, 1.66617497577e-10, 1.25889992875e-10, 7.9545807441e-11, 3.87437477933e-11, 1.40440688592e-11, 2.75729482649e-12, 5.32410216175e-13, 1.01735026653e-13, 1.549538865e-14, 3.63118831675e-15, 2.16540224845e-15, 1.51708047776e-15, 1.23909855815e-15], "dvar2": [1.00699244285e-05, 2.90467360173e-05, 5.22840764461e-06, 3.80662663702e-06, 9.06599268546e-07, 5.76509705752e-07, 2.36695839817e-07, 8.89939215654e-08, 6.50090825616e-08, 2.07295602905e-08, 8.50352055437e-09, 8.20532886081e-09, 1.43567353561e-08, 4.34938929317e-09, 2.94018254188e-09, 3.04780978233e-09, 3.08790792936e-09, 1.13269005286e-09, 7.87528375845e-10, 9.08465913607e-10, 2.30817698288e-09, 1.76904058069e-09, 7.06445346665e-10, 6.92405466296e-10, 1.04234865184e-09, 1.2934751048e-09, 7.28832438845e-10, 3.43701456185e-10, 2.89312795942e-10, 1.8332407814e-10, 9.09549310868e-11, 3.27393841204e-11, 6.6740497677e-12, 1.29119859336e-12, 2.51584804422e-13, 3.72697342823e-14, 8.44268401121e-15, 5.33414763369e-15, 3.81474586213e-15, 3.10506650706e-15], "max": [0.0268062073737, 0.0418241620064, 0.0230338107795, 0.0419313013554, 0.021909462288, 0.0135291060433, 0.0124791711569, 0.00719835469499, 0.00704241171479, 0.00702131772414, 0.00209183199331, 0.00172688206658, 0.00401493301615, 0.00127348199021, 0.00151860294864, 0.00144914304838, 0.00100128480699, 0.000899382692296, 0.000406517763622, 0.000736434594728, 0.00102584320121, 0.00164773222059, 0.000545770046301, 0.000507818243932, 0.000803689938039, 0.000878296676092, 0.000651059788652, 0.00043399844435, 0.00023930388852, 0.000188308011275, 9.80975091807e-05, 5.81542990403e-05, 2.83247663901e-05, 1.25559599837e-05, 7.58582064009e-06, 3.99459031541e-06, 1.57181580107e-06, 1.30919761432e-06, 6.69651342378e-07, 5.88977343341e-07], "mean": [0.00234413822182, 0.00354031845927, 0.00185414438602, 0.0010452431161, 0.000327832589392, 0.000256337050814, 0.000170486993738, 0.000116996066936, 8.07474498288e-05, 4.51881896879e-05, 4.05786158808e-05, 3.67780849047e-05, 3.32624804287e-05, 2.65419785137e-05, 2.49265231105e-05, 2.45386017923e-05, 2.12600407394e-05, 1.28584479171e-05, 1.35003083415e-05, 1.40000229294e-05, 1.57517915795e-05, 1.08784179247e-05, 1.06933575807e-05, 1.07391251731e-05, 1.21477196444e-05, 1.17081353892e-05, 9.49466721067e-06, 6.99247493685e-06, 5.76064849156e-06, 4.35547372035e-06, 3.13884834213e-06, 1.87967350485e-06, 7.72061014231e-07, 3.63130283176e-07, 1.69176288978e-07, 8.39418632381e-08, 4.67991654318e-08, 3.11936574349e-08, 2.5349780941e-08, 2.34367352192e-08], "median": [0.00163377576973, 0.00229735299945, 0.00115490460303, 0.000388629181543, 8.0638586951e-05, 5.68538671359e-05, 4.40031726612e-05, 3.15628931276e-05, 2.43712147494e-05, 1.80657279998e-05, 1.64365992532e-05, 1.37733859447e-05, 1.07667874545e-05, 9.27037399379e-06, 1.02811854958e-05, 1.00351944639e-05, 8.6342497525e-06, 5.03471164848e-06, 5.17448734172e-06, 5.45843067812e-06, 4.26657879871e-06, 2.70337682196e-06, 2.41493944486e-06, 2.07737321034e-06, 1.98300244847e-06, 1.71778469849e-06, 1.10628855055e-06, 8.71803422342e-07, 8.04723811143e-07, 5.29468991317e-07, 3.86747473158e-07, 2.60832564436e-07, 1.22786133261e-07, 8.21032273279e-08, 4.80936819258e-08, 3.00884934745e-08, 1.8667737578e-08, 1.37967610669e-08, 1.11503180023e-08, 1.03537045604e-08], "min": [1.66854711355e-24, 2.11838380348e-24, 1.47042745822e-24, 1.84528173582e-24, 2.97660195114e-24, 1.50927047615e-24, 1.70520626868e-24, 1.70151716065e-24, 3.15451453995e-24, 2.58876637569e-24, 3.93564914425e-24, 4.41155591217e-24, 2.31431022829e-24, 2.39596502337e-24, 3.40810235819e-24, 4.23549280774e-24, 3.26081275807e-24, 3.2785512816e-24, 1.93335115335e-24, 3.85813488285e-24, 4.23918980438e-24, 4.88499433431e-24, 4.45592854923e-24, 5.22208800975e-24, 6.44412545423e-24, 5.03338419818e-24, 4.8238516977e-24, 4.92187476492e-24, 5.87605685562e-24, 6.82937396033e-24, 5.45099927279e-24, 5.93795048781e-24, 4.92839825018e-24, 5.27172471562e-24, 6.14515703191e-24, 5.7859567129e-24, 5.70270269954e-24, 7.18141576106e-24, 5.46796214884e-24, 6.61793557191e-24], "var": [5.87143358644e-06, 1.49006609718e-05, 4.49745175501e-06, 4.81146571474e-06, 7.21293133665e-07, 5.40555674888e-07, 2.9352432307e-07, 1.2143372885e-07, 6.12532176092e-08, 1.7965337662e-08, 7.14083103759e-09, 6.31375041138e-09, 9.95861526576e-09, 3.28693050555e-09, 3.05545033719e-09, 2.1476271872e-09, 1.63532465347e-09, 7.37167160647e-10, 6.40203001723e-10, 7.28554327978e-10, 1.44559908488e-09, 1.07131792326e-09, 8.07013067483e-10, 8.54265991279e-10, 1.28970933932e-09, 1.39961597867e-09, 8.14039058383e-10, 3.58303026138e-10, 2.02898364776e-10, 1.14139940555e-10, 5.12546255438e-11, 1.83713235596e-11, 3.18539335534e-12, 5.89625516381e-13, 1.11441881927e-13, 2.13547593915e-14, 5.84653226304e-15, 2.57903617692e-15, 1.70284952029e-15, 1.41220572867e-15]}, "melbands_crest": {"dmean": 3.89311242104, "dmean2": 6.56458187103, "dvar": 9.61301708221, "dvar2": 26.7454509735, "max": 37.3549919128, "mean": 17.722284317, "median": 17.3777160645, "min": 1.72770988941, "var": 26.7694244385}, "melbands_flatness_db": {"dmean": 0.0471725687385, "dmean2": 0.0708362385631, "dvar": 0.0016399694141, "dvar2": 0.00349130132236, "max": 0.639863789082, "mean": 0.296336710453, "median": 0.292496621609, "min": 0.00397269520909, "var": 0.00660708546638}, "melbands_kurtosis": {"dmean": 20.1578521729, "dmean2": 33.0289382935, "dvar": 830.913024902, "dvar2": 2153.41357422, "max": 573.797363281, "mean": 40.1157302856, "median": 26.8127784729, "min": -1.91703081131, "var": 1918.98364258}, "melbands_skewness": {"dmean": 1.22224223614, "dmean2": 1.98197066784, "dvar": 1.35348272324, "dvar2": 3.52512407303, "max": 18.046163559, "mean": 4.56512117386, "median": 4.3366317749, "min": -2.50383663177, "var": 4.40227508545}, "melbands_spread": {"dmean": 6.05836296082, "dmean2": 9.4313659668, "dvar": 93.6619720459, "dvar2": 205.681411743, "max": 306.574188232, "mean": 12.0819225311, "median": 6.86239290237, "min": 0.319309771061, "var": 314.463806152}, "mfcc": {"cov": [[8715.38867188, 82.0620803833, -1598.77197266, 743.948242188, -745.16607666, 51.9069900513, -287.567993164, -135.107620239, -198.967437744, -199.926681519, -154.97479248, -93.6389541626, -36.425994873], [82.0620803833, 980.726928711, 139.172241211, -187.397994995, 123.958404541, -35.8386230469, 22.3973293304, -71.9160079956, -12.8787622452, -7.13071632385, 11.6742982864, -20.4146633148, -8.42665576935], [-1598.77197266, 139.172241211, 796.113525391, -305.168762207, 213.958312988, -55.4606781006, 58.7562332153, -7.85173273087, 32.6723632812, 50.6370544434, 36.6922187805, 27.9264240265, -3.19144582748], [743.948242188, -187.397994995, -305.168762207, 416.997833252, -149.268310547, 71.4022369385, -33.761341095, 37.5680122375, -2.1545996666, -12.2771224976, -9.11883831024, -5.84021663666, 4.98511648178], [-745.16607666, 123.958404541, 213.958312988, -149.268310547, 276.226837158, -26.5848331451, 76.178237915, 0.47850689292, 13.7509450912, 20.0508422852, 10.0452661514, 3.53376722336, -2.48333954811], [51.9069900513, -35.8386230469, -55.4606781006, 71.4022369385, -26.5848331451, 157.59815979, 22.7675952911, 33.6385803223, 9.6717042923, -5.08665323257, 2.14671230316, 5.45496892929, -0.3256688416], [-287.567993164, 22.3973293304, 58.7562332153, -33.761341095, 76.178237915, 22.7675952911, 114.766738892, 29.5326461792, 8.27872180939, 5.63309240341, -0.781751394272, -0.27857235074, 2.07300257683], [-135.107620239, -71.9160079956, -7.85173273087, 37.5680122375, 0.47850689292, 33.6385803223, 29.5326461792, 92.3264160156, 42.3741569519, 13.6900110245, 3.19552063942, 8.47379589081, 1.13728320599], [-198.967437744, -12.8787622452, 32.6723632812, -2.1545996666, 13.7509450912, 9.6717042923, 8.27872180939, 42.3741569519, 79.8640670776, 26.0426902771, 12.1759433746, 10.241891861, -1.13695454597], [-199.926681519, -7.13071632385, 50.6370544434, -12.2771224976, 20.0508422852, -5.08665323257, 5.63309240341, 13.6900110245, 26.0426902771, 69.2849884033, 30.124578476, 9.944896698, 0.390667200089], [-154.97479248, 11.6742982864, 36.6922187805, -9.11883831024, 10.0452661514, 2.14671230316, -0.781751394272, 3.19552063942, 12.1759433746, 30.124578476, 61.3023490906, 24.7544231415, 2.32151675224], [-93.6389541626, -20.4146633148, 27.9264240265, -5.84021663666, 3.53376722336, 5.45496892929, -0.27857235074, 8.47379589081, 10.241891861, 9.944896698, 24.7544231415, 51.3612861633, 20.2503414154], [-36.425994873, -8.42665576935, -3.19144582748, 4.98511648178, -2.48333954811, -0.3256688416, 2.07300257683, 1.13728320599, -1.13695454597, 0.390667200089, 2.32151675224, 20.2503414154, 47.9546928406]], "icov": [[0.000230323450523, -0.000119523188914, 0.000331258808728, -0.000124860176584, 0.000300510117086, 6.25098473392e-05, 0.000120823206089, 0.000151661515702, 0.000219841298531, 7.04988851794e-05, 0.000318392267218, -0.000189098616829, 0.000265218288405], [-0.000119523188914, 0.00127952871844, -0.000147116457811, 0.000441106822109, -0.00049405376194, -0.000140712640132, -0.000190393795492, 0.000858661369421, -0.000457223708509, 0.000331189890858, -0.000749035563786, 0.00082841492258, -0.000287368835416], [0.000331258808728, -0.000147116457811, 0.00249228905886, 0.000930138630792, -0.00040270423051, 0.000192234409042, 2.62794947048e-05, 0.000295970297884, -5.71910231884e-06, -0.000605724286288, 0.000237992295297, -0.00101293786429, 0.000688260712195], [-0.000124860176584, 0.000441106822109, 0.000930138630792, 0.00410092901438, 0.000777188688517, -0.00108630652539, 0.000357118900865, -0.0012272731401, 0.000182921256055, -0.000301918713376, -0.000503810704686, 0.000670958659612, -0.000587349000853], [0.000300510117086, -0.00049405376194, -0.00040270423051, 0.000777188688517, 0.00637490907684, 0.000706902588718, -0.00321327825077, 0.000598241516855, -0.000175241599209, -0.000487777084345, 0.000436272908701, -0.000285580608761, 0.000592793396208], [6.25098473392e-05, -0.000140712640132, 0.000192234409042, -0.00108630652539, 0.000706902588718, 0.00771018024534, -0.00183099601418, -0.00185348372906, 1.3178275367e-05, 0.00109146686736, -0.000571657088585, -0.000995544251055, 0.00080004602205], [0.000120823206089, -0.000190393795492, 2.62794947048e-05, 0.000357118900865, -0.00321327825077, -0.00183099601418, 0.0126813407987, -0.00444075092673, 0.00186474795919, -0.000116786482977, 0.000620981561951, 0.00116315647028, -0.00107484543696], [0.000151661515702, 0.000858661369421, 0.000295970297884, -0.0012272731401, 0.000598241516855, -0.00185348372906, -0.00444075092673, 0.018512820825, -0.00865798071027, -0.000682533718646, 0.00154028227553, -0.00174419803079, 0.000646940781735], [0.000219841298531, -0.000457223708509, -5.71910231884e-06, 0.000182921256055, -0.000175241599209, 1.3178275367e-05, 0.00186474795919, -0.00865798071027, 0.0192480124533, -0.00495851552114, 0.000563595385756, -0.00205735792406, 0.00152122834697], [7.04988851794e-05, 0.000331189890858, -0.000605724286288, -0.000301918713376, -0.000487777084345, 0.00109146686736, -0.000116786482977, -0.000682533718646, -0.00495851552114, 0.0212550926954, -0.0099586872384, 0.00256799743511, -0.000786817457993], [0.000318392267218, -0.000749035563786, 0.000237992295297, -0.000503810704686, 0.000436272908701, -0.000571657088585, 0.000620981561951, 0.00154028227553, 0.000563595385756, -0.0099586872384, 0.026758922264, -0.0129384417087, 0.00439650565386], [-0.000189098616829, 0.00082841492258, -0.00101293786429, 0.000670958659612, -0.000285580608761, -0.000995544251055, 0.00116315647028, -0.00174419803079, -0.00205735792406, 0.00256799743511, -0.0129384417087, 0.0317882634699, -0.0130326058716], [0.000265218288405, -0.000287368835416, 0.000688260712195, -0.000587349000853, 0.000592793396208, 0.00080004602205, -0.00107484543696, 0.000646940781735, 0.00152122834697, -0.000786817457993, 0.00439650565386, -0.0130326058716, 0.0265111494809]], "mean": [-704.721191406, 157.427093506, -4.80070447922, 51.6997489929, 6.24345254898, 21.3275165558, 9.35900974274, 5.57697582245, 5.65206813812, 2.74638366699, 3.05866980553, 0.576413750648, -0.458863645792]}, "pitch_salience": {"dmean": 0.0799471288919, "dmean2": 0.129930540919, "dvar": 0.00435797916725, "dvar2": 0.0114829549566, "max": 0.840812623501, "mean": 0.51077491045, "median": 0.523221552372, "min": 0.087813153863, "var": 0.0135566489771}, "silence_rate_20dB": {"dmean": 0, "dmean2": 0, "dvar": 0, "dvar2": 0, "max": 1, "mean": 1, "median": 1, "min": 1, "var": 0}, "silence_rate_30dB": {"dmean": 0.0365608669817, "dmean2": 0.073129080236, "dvar": 0.0352271720767, "dvar2": 0.080241151154, "max": 1, "mean": 0.936225771904, "median": 1, "min": 0, "var": 0.0597083084285}, "silence_rate_60dB": {"dmean": 0.00441944552585, "dmean2": 0.00883977860212, "dvar": 0.00439946725965, "dvar2": 0.00996586959809, "max": 1, "mean": 0.0383649691939, "median": 0, "min": 0, "var": 0.0368937365711}, "spectral_centroid": {"dmean": 363.709136963, "dmean2": 534.178527832, "dvar": 211161.53125, "dvar2": 404565.9375, "max": 11469.5625, "mean": 998.794189453, "median": 682.44934082, "min": 114.705093384, "var": 829385.75}, "spectral_complexity": {"dmean": 4.59039783478, "dmean2": 6.69773960114, "dvar": 35.1261405945, "dvar2": 66.518661499, "max": 61, "mean": 15.0485086441, "median": 11, "min": 0, "var": 154.493942261}, "spectral_contrast_coeffs": {"dmean": [0.0554109402001, 0.0449483469129, 0.0354365967214, 0.0280169583857, 0.0234922785312, 0.0592318549752], "dmean2": [0.0930104106665, 0.074084572494, 0.0589073486626, 0.0460121035576, 0.0366693623364, 0.085794903338], "dvar": [0.001833030954, 0.00129293825012, 0.000778325891588, 0.000492528779432, 0.000382966565667, 0.00309763755649], "dvar2": [0.00509628048167, 0.00346060562879, 0.00212393235415, 0.00127636932302, 0.000866395654157, 0.00586372846738], "max": [-0.377822399139, -0.443786978722, -0.590568304062, -0.621233165264, -0.648838996887, -0.441289156675], "mean": [-0.659367442131, -0.792428195477, -0.826298296452, -0.827469229698, -0.831706881523, -0.745388686657], "median": [-0.659649312496, -0.802278995514, -0.828619539738, -0.82618355751, -0.829240560532, -0.764519453049], "min": [-0.97109824419, -0.976648390293, -0.972173750401, -0.985606431961, -0.973340451717, -0.965221643448], "var": [0.00627319375053, 0.00457066297531, 0.00219187187031, 0.00168460025452, 0.00176402984653, 0.00942300446332]}, "spectral_contrast_valleys": {"dmean": [0.389740407467, 0.397306472063, 0.377776652575, 0.372877508402, 0.480470716953, 0.62174052], "dmean2": [0.652418255806, 0.633271694183, 0.584586679935, 0.544970154762, 0.646372973919, 0.970285236835], "dvar": [0.118387311697, 0.129148945212, 0.128062799573, 0.14140085876, 0.22648973763, 0.278592258692], "dvar2": [0.299570322037, 0.303668618202, 0.279606461525, 0.289745599031, 0.400372266769, 0.727360785007], "max": [-5.1024479866, -4.69450712204, -5.48122310638, -5.7787694931, -5.22550535202, -8.94632530212], "mean": [-6.82277488708, -7.00374364853, -7.59469413757, -7.9052863121, -7.87537050247, -11.223572731], "median": [-6.66008663177, -6.85611581802, -7.40170478821, -7.69710922241, -7.78659820557, -11.0727882385], "min": [-27.6575069427, -27.7364196777, -27.7000617981, -27.5166187286, -27.4666748047, -27.3789634705], "var": [1.67101347446, 1.9181483984, 1.90880703926, 1.97139596939, 2.27869367599, 1.47422039509]}, "spectral_decrease": {"dmean": 3.27280114121e-09, "dmean2": 5.43449596435e-09, "dvar": 1.53515903945e-17, "dvar2": 4.2262771769e-17, "max": 3.13178922795e-08, "mean": -3.24385429629e-09, "median": -2.18865237045e-09, "min": -4.31581348437e-08, "var": 2.81610628606e-17}, "spectral_energy": {"dmean": 0.0144449882209, "dmean2": 0.0223707258701, "dvar": 0.000263549562078, "dvar2": 0.000635610136669, "max": 0.31107750535, "mean": 0.0463219210505, "median": 0.0386001877487, "min": 9.97618915948e-21, "var": 0.00121118454263}, "spectral_energyband_high": {"dmean": 0.000752484309487, "dmean2": 0.000995312351733, "dvar": 2.76790706266e-06, "dvar2": 4.33971445091e-06, "max": 0.0417238101363, "mean": 0.00132700428367, "median": 0.000224411909585, "min": 7.13346019982e-21, "var": 1.01343448478e-05}, "spectral_energyband_low": {"dmean": 0.00975051801652, "dmean2": 0.0166910234839, "dvar": 0.000134339337819, "dvar2": 0.000390279921703, "max": 0.15351754427, "mean": 0.0175084285438, "median": 0.0133945345879, "min": 1.6389311058e-23, "var": 0.000232289210544}, "spectral_energyband_middle_high": {"dmean": 0.00107300351374, "dmean2": 0.00147428235505, "dvar": 3.54880739906e-06, "dvar2": 6.57199143461e-06, "max": 0.0405675210059, "mean": 0.00240428862162, "median": 0.0010569228325, "min": 1.11198610701e-21, "var": 1.27314760903e-05}, "spectral_energyband_middle_low": {"dmean": 0.00456307176501, "dmean2": 0.00693142414093, "dvar": 5.2923362091e-05, "dvar2": 0.000116514587717, "max": 0.161557793617, "mean": 0.0102623747662, "median": 0.00541044445708, "min": 1.65907747736e-22, "var": 0.000186867953744}, "spectral_entropy": {"dmean": 0.27005815506, "dmean2": 0.402186781168, "dvar": 0.0702867954969, "dvar2": 0.143317088485, "max": 9.82242202759, "mean": 7.39769983292, "median": 7.46522665024, "min": 5.09606170654, "var": 0.211519837379}, "spectral_flux": {"dmean": 0.0259591918439, "dmean2": 0.040844425559, "dvar": 0.000595849589445, "dvar2": 0.00138576340396, "max": 0.403811722994, "mean": 0.107613138855, "median": 0.103411465883, "min": 6.44279352091e-11, "var": 0.00249074376188}, "spectral_kurtosis": {"dmean": 4.22737264633, "dmean2": 6.49236106873, "dvar": 20.56757164, "dvar2": 47.7952804565, "max": 84.092010498, "mean": 15.1150426865, "median": 13.4513778687, "min": -1.22703194618, "var": 48.9355697632}, "spectral_rms": {"dmean": 0.00101900240406, "dmean2": 0.00156084715854, "dvar": 8.72355144566e-07, "dvar2": 2.10587040783e-06, "max": 0.0174209717661, "mean": 0.00624128524214, "median": 0.006136670243, "min": 3.11975445477e-12, "var": 6.23843334324e-06}, "spectral_rolloff": {"dmean": 2042.72521973, "dmean2": 3961.41479492, "dvar": 32771486, "dvar2": 87835144, "max": 22050, "mean": 19882.7226562, "median": 21920.8007812, "min": 86.1328125, "var": 34592868}, "spectral_skewness": {"dmean": 0.45439773798, "dmean2": 0.666334807873, "dvar": 0.194986835122, "dvar2": 0.396033555269, "max": 7.30409908295, "mean": 2.59837150574, "median": 2.52387046814, "min": -0.04129447788, "var": 0.546944379807}, "spectral_spread": {"dmean": 595390.25, "dmean2": 938660.5, "dvar": 475165523968, "dvar2": 1099191615490.0, "max": 41493812, "mean": 4511032.5, "median": 4276275.5, "min": 1881163.5, "var": 4202136076290.0}, "spectr