{"lowlevel": {"average_loudness": 0.877641439438, "barkbands": {"dmean": [1.7854383259e-05, 0.00132535933517, 0.00167645397596, 0.00124292471446, 0.00205210316926, 0.001123238937, 0.00058412051294, 0.000163495817105, 0.000138296571095, 0.000171731837327, 0.000133900626679, 0.000150022737216, 0.000130646454636, 6.76011695759e-05, 0.000108613603516, 0.000364395062206, 8.91282907105e-05, 0.000221029666136, 7.19496092643e-05, 3.04855329887e-05, 7.48825232222e-06, 3.00054557556e-06, 1.04922446553e-06, 5.50042159375e-07, 2.418605618e-07, 2.12845634451e-08, 2.45850095837e-09], "dmean2": [3.04927671095e-05, 0.00213707587682, 0.00240061082877, 0.00193578004837, 0.00311796739697, 0.00177594099659, 0.000866093323566, 0.000245969073148, 0.000226035204832, 0.00026151779457, 0.000209140765946, 0.000222595917876, 0.000205490607186, 0.000104026570625, 0.000158912225743, 0.000580393883865, 0.000132236324134, 0.00030234263977, 0.000108528416604, 4.20540891355e-05, 1.03410793599e-05, 4.15148861066e-06, 1.50441712776e-06, 7.71627128415e-07, 3.39122038895e-07, 3.06644878378e-08, 3.93859833636e-09], "dvar": [4.7205328535e-09, 1.29788350023e-05, 1.11289546112e-05, 4.54458358945e-06, 1.33230096253e-05, 5.43931218999e-06, 1.86547538306e-06, 4.74391015359e-07, 5.98361566517e-07, 8.51891115872e-07, 3.84353313621e-07, 4.14932600279e-07, 3.82895592566e-07, 1.06551311774e-07, 1.01852242551e-06, 1.70333930782e-06, 1.37953705348e-07, 8.1394210838e-07, 1.30085794581e-07, 2.80379879314e-08, 1.10818598742e-09, 1.19350848649e-10, 1.40852459904e-11, 6.35372136848e-12, 1.82090779087e-12, 7.72412563326e-15, 2.3722371989e-17], "dvar2": [1.3443296254e-08, 3.27005545842e-05, 2.6031066227e-05, 1.23312547657e-05, 3.02229545923e-05, 1.25836995721e-05, 3.94689823224e-06, 9.20059221698e-07, 1.51361041389e-06, 1.74526553565e-06, 1.0291714716e-06, 8.92782907158e-07, 9.25344465941e-07, 2.34466767779e-07, 1.67920552485e-06, 4.18492481913e-06, 2.55369201341e-07, 1.34999288548e-06, 3.34317860506e-07, 5.38507016756e-08, 2.37080333143e-09, 2.4124488518e-10, 3.00949438981e-11, 1.2872603157e-11, 4.0035730807e-12, 1.60558872919e-14, 5.09716866e-17], "max": [0.00192070286721, 0.0539926737547, 0.052586723119, 0.0322216488421, 0.0767376124859, 0.0479976050556, 0.0361663922668, 0.0249042604119, 0.0331095531583, 0.0526144467294, 0.0235514808446, 0.0317822210491, 0.0256725531071, 0.0156993605196, 0.0546525307, 0.0305142942816, 0.0118730021641, 0.052613761276, 0.0125071564689, 0.0067138960585, 0.00111984333489, 0.0002473788918, 8.63886671141e-05, 8.59201609273e-05, 5.6758075516e-05, 2.14680289901e-06, 1.17996293625e-07], "mean": [3.00189421978e-05, 0.00237531284802, 0.00410416303203, 0.00308323954232, 0.00457952590659, 0.00248700077645, 0.00139877479523, 0.000275879603578, 0.000276379840216, 0.00042314233724, 0.00022067433747, 0.00035618149559, 0.000260537082795, 0.000134313188028, 0.000196220207727, 0.000735536101274, 0.000186058226973, 0.000566994363908, 0.000154202381964, 5.64502042835e-05, 1.03715183286e-05, 4.16518105339e-06, 1.59211310802e-06, 8.72139423791e-07, 3.46243211879e-07, 3.98146404734e-08, 7.91585819115e-09], "median": [3.50719892594e-06, 0.000372514856281, 0.00158356036991, 0.00193531659897, 0.00234515825287, 0.000873253913596, 0.000372159818653, 3.75617491954e-05, 2.21609352593e-05, 4.0847742639e-05, 2.0370063794e-05, 2.163089448e-05, 1.27698604047e-05, 6.38951314613e-06, 5.1853048717e-06, 2.74928770523e-05, 5.55268252356e-06, 7.69289908931e-06, 2.33117430071e-06, 1.67768257597e-06, 6.17601472186e-07, 3.64959930721e-07, 1.3132927279e-07, 6.10347683505e-08, 3.96005503944e-08, 1.96751024362e-08, 7.03766156462e-09], "min": [1.55946769235e-25, 4.18220998676e-24, 8.06544800133e-25, 3.43433060278e-25, 6.12738951774e-24, 5.09104914149e-24, 7.6307667099e-24, 4.27195711423e-24, 1.59188549245e-23, 9.55129670417e-24, 1.36784725987e-23, 2.46626302187e-23, 2.50819650101e-23, 2.50237849407e-23, 3.5664265841e-23, 6.0542764691e-23, 7.00077260911e-23, 9.55168182606e-23, 1.19612265377e-22, 1.73478957025e-22, 2.10731404972e-22, 3.01287159041e-22, 3.62487871593e-22, 5.79856537651e-22, 7.33185349206e-22, 1.29126044014e-21, 2.0171124374e-21], "var": [5.49073320144e-09, 2.7824738936e-05, 4.02691221097e-05, 1.21130842672e-05, 4.56947309431e-05, 1.89273650903e-05, 8.10966412246e-06, 1.20706522466e-06, 1.50631376528e-06, 3.47593777406e-06, 6.83665405177e-07, 1.37062056638e-06, 1.10203143322e-06, 3.27988487925e-07, 2.31347416957e-06, 5.00742316945e-06, 4.65817009854e-07, 5.46576438865e-06, 3.46053809608e-07, 8.09553881709e-08, 1.72914793595e-09, 1.86655538248e-10, 2.29359899129e-11, 1.1886039028e-11, 2.78656177993e-12, 1.21866289304e-14, 4.00093861966e-17]}, "barkbands_crest": {"dmean": 2.12212467194, "dmean2": 3.38617277145, "dvar": 4.33018350601, "dvar2": 10.6508226395, "max": 26.9171829224, "mean": 11.9817304611, "median": 11.2103319168, "min": 3.22573399544, "var": 18.6149749756}, "barkbands_flatness_db": {"dmean": 0.0224250759929, "dmean2": 0.0310794953257, "dvar": 0.00064196519088, "dvar2": 0.00119242770597, "max": 0.742190718651, "mean": 0.296473830938, "median": 0.291720420122, "min": 0.0583653375506, "var": 0.00674363737926}, "barkbands_kurtosis": {"dmean": 16.8689556122, "dmean2": 31.5259170532, "dvar": 423208.0625, "dvar2": 1268957.375, "max": 36158.0351563, "mean": 18.0150032043, "median": 6.49808931351, "min": -1.88651418686, "var": 212216.046875}, "barkbands_skewness": {"dmean": 0.623277723789, "dmean2": 0.982447147369, "dvar": 8.32501506805, "dvar2": 24.3381576538, "max": 162.531799316, "mean": 1.95776247978, "median": 1.78994512558, "min": -4.40272426605, "var": 6.62771511078}, "barkbands_spread": {"dmean": 1.97461533546, "dmean2": 3.0499382019, "dvar": 13.0023059845, "dvar2": 29.8745632172, "max": 129.498519897, "mean": 9.09228610992, "median": 4.30286026001, "min": 0.0114292418584, "var": 104.373825073}, "dissonance": {"dmean": 0.0321162566543, "dmean2": 0.0537175387144, "dvar": 0.000897530990187, "dvar2": 0.00244696438313, "max": 0.500000059605, "mean": 0.417499631643, "median": 0.431446313858, "min": 0.170197099447, "var": 0.00336182187311}, "dynamic_complexity": 3.63092541695, "erbbands": {"dmean": [0.0128332963213, 0.386090606451, 1.7277251482, 3.08124232292, 4.67279291153, 8.9165019989, 6.39727735519, 12.147439003, 8.76203727722, 5.80546188354, 2.7817337513, 3.38586115837, 4.60818862915, 4.68733072281, 6.2276468277, 4.8931555748, 6.37443494797, 3.61265993118, 3.02467918396, 15.9038600922, 12.5338134766, 5.82681417465, 11.5410909653, 5.82762527466, 2.36217427254, 1.17782270908, 0.400812208652, 0.200045600533, 0.116231299937, 0.0573879778385, 0.0266213472933, 0.0140061071143, 0.0079717040062, 0.00379867083393, 0.0011256855214, 0.000198020497919, 2.74738831649e-05, 4.14105943491e-06, 2.79936625702e-06, 6.24361564405e-06], "dmean2": [0.0204916354269, 0.616706609726, 2.52097129822, 4.62701892853, 7.04112386703, 13.7608757019, 10.236743927, 18.9028358459, 13.3548822403, 8.37951564789, 4.27136850357, 5.59220695496, 6.92443132401, 7.1920208931, 9.64191436768, 7.27328157425, 9.85881996155, 5.54043626785, 4.56652355194, 24.6495456696, 19.4641685486, 8.39499092102, 15.961856842, 8.33646965027, 3.25430607796, 1.60982477665, 0.564138829708, 0.273959010839, 0.158496335149, 0.0804184451699, 0.0377852097154, 0.0195417460054, 0.0110232857987, 0.00539661664516, 0.0015787219163, 0.000274124293355, 3.93271002395e-05, 6.22295419817e-06, 4.10909115089e-06, 9.24115283851e-06], "dvar": [0.00136103341356, 1.03157639503, 12.7119512558, 26.0861778259, 54.9331054688, 322.493438721, 167.732131958, 689.460998535, 380.067352295, 410.601837158, 90.8973007202, 396.301940918, 489.384674072, 772.149475098, 495.538452148, 351.222229004, 911.69543457, 325.077514648, 102.932617188, 6954.37207031, 2498.66381836, 494.915649414, 2389.3762207, 610.001647949, 110.928565979, 45.2769508362, 3.74720358849, 0.535716593266, 0.179099500179, 0.0470928251743, 0.00870107579976, 0.00346054462716, 0.00133686652407, 0.000484097225126, 3.63289836969e-05, 8.66717641657e-07, 1.04570831994e-08, 1.02753715259e-10, 1.69384905407e-11, 7.51822770706e-11], "dvar2": [0.00322514702566, 2.58872771263, 29.2609806061, 66.2680892944, 126.672187805, 732.873779297, 433.177246094, 1564.9197998, 878.976806641, 737.196655273, 195.178634644, 1014.47625732, 960.08380127, 2100.46337891, 1131.2310791, 721.149597168, 2210.49902344, 694.557617188, 207.42010498, 14138.2363281, 5771.16943359, 864.024719238, 4124.12451172, 1305.80065918, 221.613479614, 87.0908813477, 8.11634731293, 1.10521161556, 0.354418128729, 0.0990481078625, 0.0185831803828, 0.00725345266983, 0.00270378869027, 0.00111831957474, 8.02286085673e-05, 1.73444743723e-06, 2.21065690198e-08, 2.10408662715e-10, 3.43233566569e-11, 1.60343863187e-10], "max": [0.76133865118, 14.6891517639, 48.8991317749, 114.523979187, 149.569000244, 447.028106689, 209.559494019, 577.902038574, 459.58883667, 936.887207031, 336.708312988, 866.145812988, 1478.79345703, 1691.98913574, 789.880371094, 937.983642578, 1415.92236328, 941.710571289, 298.094573975, 3710.34716797, 2076.04931641, 801.217834473, 2897.15405273, 620.436889648, 321.804962158, 243.859176636, 68.1091384888, 15.3943662643, 10.8119268417, 4.3550786972, 2.8110461235, 1.94533669949, 1.36160349846, 0.969274461269, 0.257064759731, 0.0292562264949, 0.00325935683213, 0.000249709177297, 7.584188279e-05, 0.000111088287667], "mean": [0.0235141329467, 0.723491370678, 4.16358709335, 8.46748065948, 10.6675186157, 19.2158489227, 12.9050598145, 27.1162223816, 22.6373786926, 12.4255819321, 5.22623157501, 6.67202377319, 11.6275758743, 10.1049022675, 12.9533033371, 11.7543182373, 13.6507434845, 7.4568362236, 6.93700265884, 30.6938304901, 26.9737949371, 15.2804136276, 30.1201782227, 13.9775762558, 5.955534935, 2.36900067329, 0.618821620941, 0.279259681702, 0.16266579926, 0.0814655050635, 0.0413368940353, 0.0219984315336, 0.0124060083181, 0.00551647180691, 0.00164877972566, 0.000329990143655, 6.32855517324e-05, 1.32546083478e-05, 1.19866763271e-05, 2.49550921581e-05], "median": [0.00477633066475, 0.133936479688, 1.43031406403, 5.6437664032, 6.77644252777, 7.39704751968, 6.40544366837, 9.87152671814, 7.85326766968, 2.68155527115, 1.04776597023, 0.774698376656, 1.35802412033, 1.35009765625, 1.34907197952, 1.38232302666, 1.067522645, 0.640024483204, 0.581727981567, 1.37786221504, 1.23343884945, 0.474859476089, 0.445571362972, 0.216860741377, 0.129272460938, 0.078870177269, 0.0353673100471, 0.0219387020916, 0.0142991850153, 0.00669345445931, 0.00345431361347, 0.00165131432004, 0.000902883766685, 0.000516151427291, 0.000263114372501, 0.000111098604975, 3.94072048948e-05, 1.05781145976e-05, 9.70090968622e-06, 2.01977818506e-05], "min": [1.16606692706e-22, 4.14956209468e-22, 2.33200995879e-21, 3.04721463099e-21, 8.79212050228e-21, 1.61947294407e-20, 2.92120772028e-20, 4.70566991545e-20, 1.15151825998e-19, 1.90334478668e-19, 2.07773927523e-19, 3.84699756763e-19, 1.99542032862e-19, 5.99759400648e-19, 1.07779586544e-18, 9.70081440046e-19, 1.64571346539e-18, 1.70445662717e-18, 2.02664068403e-18, 2.62168939448e-18, 4.29026737278e-18, 4.21614040936e-18, 5.21660377972e-18, 5.63769247825e-18, 7.27388219966e-18, 8.51498068201e-18, 7.75028860165e-18, 9.58446234831e-18, 1.13814104859e-17, 9.99308791655e-18, 1.00638474277e-17, 9.01848055779e-18, 1.00908821717e-17, 7.52341281196e-18, 5.18165126293e-18, 4.0421433811e-18, 2.34504628324e-18, 9.91769805514e-19, 2.37966342998e-19, 2.69794391813e-20], "var": [0.00384720251895, 2.23468327522, 41.1495170593, 109.216934204, 166.557830811, 1159.61730957, 349.900756836, 2511.72729492, 1716.83874512, 1440.57263184, 263.47567749, 956.571411133, 2174.68725586, 2041.45422363, 1412.1817627, 1311.24243164, 2805.82128906, 1004.43017578, 368.163970947, 16469.1660156, 8391.79101563, 2368.00415039, 16328.96875, 2092.87597656, 453.491333008, 115.978866577, 6.27317285538, 0.82635819912, 0.287370204926, 0.0694305673242, 0.0150476638228, 0.00639816001058, 0.00234768493101, 0.000716998125426, 5.64325600863e-05, 1.50574715008e-06, 1.56641402072e-08, 1.84038409512e-10, 8.17745940407e-11, 3.69983127468e-10]}, "erbbands_crest": {"dmean": 2.5391125679, "dmean2": 4.06223917007, "dvar": 5.97801971436, "dvar2": 15.0865268707, "max": 31.4468612671, "mean": 12.403550148, "median": 11.4568281174, "min": 2.75726056099, "var": 23.8460636139}, "erbbands_flatness_db": {"dmean": 0.0175220705569, "dmean2": 0.0236198157072, "dvar": 0.000317722879117, "dvar2": 0.000560709275305, "max": 0.525996863842, "mean": 0.275731474161, "median": 0.27648845315, "min": 0.0342819131911, "var": 0.00325026060455}, "erbbands_kurtosis": {"dmean": 2.21053886414, "dmean2": 3.4629740715, "dvar": 14.6251630783, "dvar2": 34.2445144653, "max": 103.513114929, "mean": 4.1870341301, "median": 1.19203174114, "min": -1.83125495911, "var": 59.0317611694}, "erbbands_skewness": {"dmean": 0.436241716146, "dmean2": 0.674335718155, "dvar": 0.208640143275, "dvar2": 0.462153047323, "max": 7.60088157654, "mean": 1.0122500658, "median": 0.98890465498, "min": -4.15400648117, "var": 1.95259428024}, "erbbands_spread": {"dmean": 4.28943109512, "dmean2": 6.48298597336, "dvar": 30.311706543, "dvar2": 65.7023468018, "max": 97.2965621948, "mean": 21.4868297577, "median": 18.868812561, "min": 1.20886600018, "var": 182.587509155}, "gfcc": {"cov": [[27024.2734375, 3432.08691406, -5370.61425781, 988.802001953, -247.973403931, -667.15435791, -786.018249512, -37.1574440002, -307.697540283, -561.679260254, 192.721511841, -310.77520752, 32.6323509216], [3432.08691406, 1627.36474609, 329.372436523, -262.624481201, -85.3769073486, -93.2886276245, -91.2436676025, -221.529434204, -21.8845424652, -98.870010376, -59.5827941895, -28.899969101, 17.904460907], [-5370.61425781, 329.372436523, 3284.48144531, -4.41053342819, -480.085235596, 283.193237305, 196.776275635, -294.510070801, 91.7855606079, 255.029647827, -223.729278564, -19.5743637085, -37.8882369995], [988.802001953, -262.624481201, -4.41053342819, 683.245483398, -38.0987625122, -40.3991775513, 31.7590732574, 77.6904678345, 44.1938514709, 79.0722198486, 36.7221603394, -93.444984436, -62.6308898926], [-247.973403931, -85.3769073486, -480.085235596, -38.0987625122, 455.086120605, -0.740748226643, 22.4598770142, 117.932228088, 25.8916988373, -71.0384750366, 71.0028381348, 28.2177066803, -8.32192420959], [-667.15435791, -93.2886276245, 283.193237305, -40.3991775513, -0.740748226643, 240.956237793, 93.1041793823, -15.2919340134, 13.0254220963, 24.1473827362, -36.2702560425, 28.2941932678, 33.194732666], [-786.018249512, -91.2436676025, 196.776275635, 31.7590732574, 22.4598770142, 93.1041793823, 235.542358398, 45.6452674866, 42.6976737976, 25.1750640869, -1.4542952776, -9.49019813538, 19.3873825073], [-37.1574440002, -221.529434204, -294.510070801, 77.6904678345, 117.932228088, -15.2919340134, 45.6452674866, 204.345321655, 66.0991821289, 21.0295581818, 47.9712295532, -16.3271522522, -21.1202812195], [-307.697540283, -21.8845424652, 91.7855606079, 44.1938514709, 25.8916988373, 13.0254220963, 42.6976737976, 66.0991821289, 135.535049438, 76.9645233154, 7.82069349289, -31.1035614014, -14.2029218674], [-561.679260254, -98.870010376, 255.029647827, 79.0722198486, -71.0384750366, 24.1473827362, 25.1750640869, 21.0295581818, 76.9645233154, 139.872711182, 21.6745815277, -25.2143344879, -32.3549690247], [192.721511841, -59.5827941895, -223.729278564, 36.7221603394, 71.0028381348, -36.2702560425, -1.4542952776, 47.9712295532, 7.82069349289, 21.6745815277, 133.950027466, 31.5177574158, -25.8019866943], [-310.77520752, -28.899969101, -19.5743637085, -93.444984436, 28.2177066803, 28.2941932678, -9.49019813538, -16.3271522522, -31.1035614014, -25.2143344879, 31.5177574158, 119.050102234, 38.8640289307], [32.6323509216, 17.904460907, -37.8882369995, -62.6308898926, -8.32192420959, 33.194732666, 19.3873825073, -21.1202812195, -14.2029218674, -32.3549690247, -25.8019866943, 38.8640289307, 108.677139282]], "icov": [[0.000684311497025, -0.00204608147033, 0.00154035689775, -0.00175873923581, 0.0015463453019, -0.0014533608919, 0.000874507997651, -0.000588469323702, 0.000572957156692, 0.000187083089259, 2.0489365852e-05, 0.000325315399095, -3.38703794114e-05], [-0.00204608147033, 0.00702515197918, -0.00473492965102, 0.00553825357929, -0.00454424927011, 0.00468715792522, -0.00245327409357, 0.00273831677623, -0.00267926324159, 0.000668823020533, -0.000552104145754, -0.000346043962054, 2.97660080832e-05], [0.00154035689775, -0.00473492965102, 0.00410214625299, -0.00401042215526, 0.00368515378796, -0.00355495838448, 0.00141627015546, -0.000623483560048, 0.00117937580217, -0.000716615177225, 0.00110137625597, 6.24750537099e-05, 0.000610610644799], [-0.00175873923581, 0.00553825357929, -0.00401042215526, 0.00644411286339, -0.00378031679429, 0.00397098530084, -0.00236166967079, 0.00122493621893, -0.00129697564989, -0.000830352422781, -0.000762214418501, 0.000691711669788, 0.000243207832682], [0.0015463453019, -0.00454424927011, 0.00368515378796, -0.00378031679429, 0.00710869161412, -0.00400798767805, 0.00187346537132, -0.00240710936487, -0.000660794496071, 0.00360100576654, -0.00148962903768, 0.000362936581951, 0.000859308056533], [-0.0014533608919, 0.00468715792522, -0.00355495838448, 0.00397098530084, -0.00400798767805, 0.00929028727114, -0.00390193471685, 0.00184114603326, -0.000855874677654, -0.00191203062423, 0.00183154304978, -0.00229114852846, -0.000804282084573], [0.000874507997651, -0.00245327409357, 0.00141627015546, -0.00236166967079, 0.00187346537132, -0.00390193471685, 0.00726199429482, -0.00229200068861, -0.0002388273424, 0.00151940761134, -0.00155996670946, 0.00208260049112, -0.00182532030158], [-0.000588469323702, 0.00273831677623, -0.000623483560048, 0.00122493621893, -0.00240710936487, 0.00184114603326, -0.00229200068861, 0.0103089660406, -0.00500650657341, 0.00048892054474, -0.000805915682577, -2.78623956547e-05, 0.00118965061847], [0.000572957156692, -0.00267926324159, 0.00117937580217, -0.00129697564989, -0.000660794496071, -0.000855874677654, -0.0002388273424, -0.00500650657341, 0.0162500403821, -0.00972736813128, 0.00206487555988, 0.0018828472821, -0.00174183258787], [0.000187083089259, 0.000668823020533, -0.000716615177225, -0.000830352422781, 0.00360100576654, -0.00191203062423, 0.00151940761134, 0.00048892054474, -0.00972736813128, 0.0191184636205, -0.00618512928486, 0.0021744959522, 0.00196352717467], [2.0489365852e-05, -0.000552104145754, 0.00110137625597, -0.000762214418501, -0.00148962903768, 0.00183154304978, -0.00155996670946, -0.000805915682577, 0.00206487555988, -0.00618512928486, 0.0138493776321, -0.00638740509748, 0.00347842462361], [0.000325315399095, -0.000346043962054, 6.24750537099e-05, 0.000691711669788, 0.000362936581951, -0.00229114852846, 0.00208260049112, -2.78623956547e-05, 0.0018828472821, 0.0021744959522, -0.00638740509748, 0.0146586829796, -0.00513471616432], [-3.38703794114e-05, 2.97660080832e-05, 0.000610610644799, 0.000243207832682, 0.000859308056533, -0.000804282084573, -0.00182532030158, 0.00118965061847, -0.00174183258787, 0.00196352717467, 0.00347842462361, -0.00513471616432, 0.0134471645579]], "mean": [-160.7552948, 174.671356201, -101.066604614, 24.0347995758, -34.341506958, -16.2224559784, -37.3636741638, -15.0070524216, -18.9998245239, -17.0326271057, -7.310962677, -5.53023338318, -4.68652772903]}, "hfc": {"dmean": 2.55058288574, "dmean2": 3.82903051376, "dvar": 35.933139801, "dvar2": 70.106086731, "max": 158.825424194, "mean": 10.4352874756, "median": 5.14632892609, "min": 1.08956131024e-16, "var": 220.838638306}, "melbands": {"dmean": [0.000239718574448, 0.00078176293755, 0.000544340175111, 0.000481758906972, 0.000261857436271, 0.000246837997111, 0.000128114130348, 5.76914608246e-05, 2.27797863772e-05, 2.02336104849e-05, 2.39428736677e-05, 1.96690853045e-05, 1.99934966076e-05, 1.60160452651e-05, 1.42946182677e-05, 1.25372826005e-05, 6.58302951706e-06, 4.52117865279e-06, 1.10000037239e-05, 3.15500474244e-05, 1.10270029836e-05, 5.87211297898e-06, 9.48354227148e-06, 1.05654880826e-05, 4.81614551973e-06, 2.2129968329e-06, 1.71290378148e-06, 5.99774580223e-07, 2.42411232421e-07, 1.95871891151e-07, 1.02518647793e-07, 7.30572011776e-08, 4.8830425925e-08, 2.72395705991e-08, 1.66844316141e-08, 1.12148565989e-08, 8.17248935192e-09, 5.99964566916e-09, 4.4900954066e-09, 2.92441160177e-09], "dmean2": [0.00038643181324, 0.00116439384874, 0.00081102270633, 0.000727718463168, 0.000417124218075, 0.000386105122743, 0.000194386433577, 8.30571880215e-05, 3.56421769538e-05, 3.31541450578e-05, 3.58006764145e-05, 3.01286690956e-05, 3.1306866731e-05, 2.40173594648e-05, 2.127229709e-05, 1.92965071619e-05, 1.00719462353e-05, 6.84872156853e-06, 1.63009990501e-05, 4.89673184347e-05, 1.70393832377e-05, 8.22763558972e-06, 1.33889589051e-05, 1.44413734233e-05, 6.80113225826e-06, 3.0786568459e-06, 2.35534844251e-06, 8.34043703435e-07, 3.532090318e-07, 2.75370155123e-07, 1.45158580267e-07, 1.03196640566e-07, 6.95423878483e-08, 3.96279844495e-08, 2.43450912762e-08, 1.63019837629e-08, 1.1835427749e-08, 8.58970494733e-09, 6.50482334663e-09, 4.32698143982e-09], "dvar": [4.49159330174e-07, 2.67616519523e-06, 7.18877572581e-07, 8.2153655967e-07, 2.42084325919e-07, 2.73968140618e-07, 8.07400866165e-08, 4.37488161253e-08, 9.38413879936e-09, 1.20852758911e-08, 1.42207614573e-08, 1.33437154659e-08, 6.31218277647e-09, 5.98620930603e-09, 3.63936281111e-09, 3.26939852968e-09, 1.40098965762e-09, 1.85999785018e-10, 6.32911412168e-09, 1.53785073564e-08, 2.93835911158e-09, 6.09569561494e-10, 2.52362553077e-09, 2.39884134778e-09, 5.02018648874e-10, 1.56160265274e-10, 8.39350394743e-11, 1.31048860999e-11, 1.17582625494e-12, 8.46214645665e-13, 1.66563567409e-13, 7.05600603445e-14, 3.75510474766e-14, 1.12843364007e-14, 3.41937819917e-15, 1.92397795321e-15, 1.33024364432e-15, 7.17501333768e-16, 5.3655646151e-16, 3.45723167806e-16], "dvar2": [1.12312807232e-06, 6.34295520285e-06, 1.86178192507e-06, 1.84435805295e-06, 6.13709119079e-07, 6.25387087894e-07, 1.82518022029e-07, 7.95034225121e-08, 2.152013856e-08, 3.09428855871e-08, 2.74194267291e-08, 3.47174378135e-08, 1.55344235253e-08, 1.32207702563e-08, 7.7992012848e-09, 7.71782637798e-09, 3.01011016113e-09, 4.11808809275e-10, 1.08201216875e-08, 3.6757167976e-08, 6.60811005915e-09, 1.02947295133e-09, 4.03894340195e-09, 4.78801887027e-09, 1.10042686075e-09, 3.7012928833e-10, 1.51320955766e-10, 2.59709111855e-11, 2.6429474928e-12, 1.7988530587e-12, 3.63972849256e-13, 1.45242528399e-13, 8.12787608485e-14, 2.50059931664e-14, 7.57457180203e-15, 4.40761429159e-15, 2.89654838302e-15, 1.5037713667e-15, 1.08513888505e-15, 8.69106467041e-16], "max": [0.0107086235657, 0.0212521441281, 0.0162957217544, 0.0207834709436, 0.00848445016891, 0.0113198086619, 0.00752504402772, 0.00887457374483, 0.00353493983857, 0.00469085015357, 0.00794212054461, 0.00730759650469, 0.00316237099469, 0.00439670588821, 0.00255705765449, 0.00255324062891, 0.00200632959604, 0.00035043185926, 0.00371483806521, 0.00323903514072, 0.00250384071842, 0.00111089355778, 0.00398323638365, 0.00200885185041, 0.000579634448513, 0.000512102851644, 0.000396120041842, 0.000159014278324, 3.25693436025e-05, 3.31854280375e-05, 1.06473662527e-05, 7.43450618756e-06, 3.77312358069e-06, 2.86515637526e-06, 1.56654618877e-06, 1.07254243176e-06, 1.06165157376e-06, 9.11133270165e-07, 7.17089562841e-07, 8.8926395847e-07], "mean": [0.000429036590504, 0.00181139737833, 0.00151575088967, 0.00109328899998, 0.000554770173039, 0.000566641276237, 0.000326766108628, 0.000117142961244, 4.04780221288e-05, 3.99927412218e-05, 5.96832869633e-05, 4.29941574112e-05, 3.78809127142e-05, 3.68425280612e-05, 3.2077281503e-05, 2.4905155442e-05, 1.28526016852e-05, 9.66632069321e-06, 2.02343398996e-05, 6.10779461567e-05, 2.2324926249e-05, 1.30390226332e-05, 2.67654795607e-05, 2.28235603572e-05, 1.03466327346e-05, 4.66278152089e-06, 3.7187298858e-06, 9.82610231404e-07, 3.41236045642e-07, 2.58518696228e-07, 1.32533088504e-07, 9.88246640077e-08, 6.3868533573e-08, 3.77776245841e-08, 2.47244873464e-08, 1.675321748e-08, 1.21012675436e-08, 9.09065533961e-09, 6.46913056457e-09, 3.98404464974e-09], "median": [7.48608144931e-05, 0.000581101514399, 0.00110107916407, 0.000544806069229, 0.000292711774819, 0.000205747128348, 0.000108025691588, 1.74528868229e-05, 5.69145595364e-06, 3.22169080391e-06, 5.63215508009e-06, 4.38484630649e-06, 3.51231142304e-06, 3.03719184558e-06, 2.06661411539e-06, 1.16509454529e-06, 6.17920818513e-07, 6.07548429343e-07, 6.83392272549e-07, 2.08675487556e-06, 6.135146009e-07, 3.55032454991e-07, 3.09864020664e-07, 3.34573343252e-07, 1.19920684938e-07, 7.49998321226e-08, 7.58069234053e-08, 3.73339261728e-08, 1.90202058548e-08, 1.42241542989e-08, 1.07181676867e-08, 8.70001137798e-09, 5.00547159277e-09, 3.01611668974e-09, 2.06081329779e-09, 1.29796884352e-09, 8.65770732883e-10, 6.41159569881e-10, 5.03032171473e-10, 4.01790933857e-10], "min": [1.68747859198e-24, 1.53068873998e-24, 9.61447401027e-25, 5.68572532818e-25, 1.0043398392e-24, 1.0535584488e-24, 1.66505048759e-24, 2.28155830122e-24, 1.73412985377e-24, 2.67336953841e-24, 7.70292154892e-25, 2.04198006102e-24, 2.34670026541e-24, 2.2433760529e-24, 2.24227125321e-24, 1.85195293528e-24, 2.89901570617e-24, 2.90031555173e-24, 3.45117495248e-24, 3.54629303942e-24, 4.2018526233e-24, 3.44912667514e-24, 4.13165701894e-24, 3.46149246426e-24, 4.04127209744e-24, 4.24991476281e-24, 4.62021080489e-24, 4.97933933756e-24, 4.38650445083e-24, 5.11681688853e-24, 5.5402703227e-24, 5.36700451905e-24, 5.26655688783e-24, 4.83890789694e-24, 5.20010206189e-24, 5.79008324429e-24, 4.79405878789e-24, 6.42357641651e-24, 6.17833257728e-24, 6.26640534747e-24], "var": [1.00014176496e-06, 7.76401520852e-06, 2.61033233073e-06, 2.99966472994e-06, 5.62235129564e-07, 1.01642490336e-06, 3.63838779549e-07, 1.44693160564e-07, 2.48812384029e-08, 3.13338333058e-08, 6.22590903276e-08, 3.91757772888e-08, 1.39705038649e-08, 1.62871263143e-08, 1.3549208866e-08, 9.90445059301e-09, 4.34345093225e-09, 7.03607228036e-10, 1.44686325143e-08, 4.15233643025e-08, 9.44144140647e-09, 2.49450793355e-09, 2.38376163253e-08, 7.11955339128e-09, 1.56004542617e-09, 4.64393551391e-10, 3.06421749086e-10, 2.54187573767e-11, 1.78943622073e-12, 1.25276720421e-12, 2.24361599178e-13, 1.08259409738e-13, 5.12400079235e-14, 1.55310826184e-14, 5.39764757616e-15, 3.31554297126e-15, 2.16170092623e-15, 1.20866487612e-15, 8.79095367769e-16, 4.32691058056e-16]}, "melbands_crest": {"dmean": 2.63946080208, "dmean2": 4.17066144943, "dvar": 6.77492952347, "dvar2": 16.815038681, "max": 39.9957466125, "mean": 16.5427093506, "median": 16.118555069, "min": 1.54542589188, "var": 31.8748836517}, "melbands_flatness_db": {"dmean": 0.0263234805316, "dmean2": 0.035264428705, "dvar": 0.00093996693613, "dvar2": 0.0016256243689, "max": 0.743759453297, "mean": 0.38515484333, "median": 0.385121703148, "min": 0.0032784640789, "var": 0.0127135924995}, "melbands_kurtosis": {"dmean": 29.2307281494, "dmean2": 55.3579597473, "dvar": 1482598.5, "dvar2": 4441522, "max": 67835.4921875, "mean": 28.3641414642, "median": 10.4303398132, "min": -1.83037590981, "var": 746382.1875}, "melbands_skewness": {"dmean": 0.695114731789, "dmean2": 1.10979378223, "dvar": 17.7077331543, "dvar2": 51.9292755127, "max": 245.203491211, "mean": 2.59734892845, "median": 2.36839103699, "min": -3.28506708145, "var": 11.9261102676}, "melbands_spread": {"dmean": 3.00956320763, "dmean2": 4.71824121475, "dvar": 31.5025215149, "dvar2": 72.254447937, "max": 155.984069824, "mean": 13.0599079132, "median": 4.61576557159, "min": 0.00872667413205, "var": 461.915985107}, "mfcc": {"cov": [[11169.7431641, 811.095031738, -3410.10766602, 864.588745117, -11.0339565277, -319.547515869, -78.5397949219, 227.453643799, -300.112823486, 115.995986938, -20.0042648315, -50.1053543091, -93.2856216431], [811.095031738, 2208.96118164, 548.459899902, -189.374893188, 130.504547119, 61.6131134033, -42.1105270386, -77.2610549927, -4.43585109711, -136.400619507, -112.656761169, -104.698753357, -3.01348853111], [-3410.10766602, 548.459899902, 2688.97290039, 27.9615726471, -152.107849121, 391.036376953, -36.9353561401, -266.707977295, 186.208908081, 15.5871515274, 61.3311271667, 23.2968845367, -20.9393405914], [864.588745117, -189.374893188, 27.9615726471, 613.892272949, 32.6627197266, -12.6348085403, 3.52340459824, -0.713028430939, -12.825928688, 96.4581832886, 100.797080994, 43.0547447205, 0.785823345184], [-11.0339565277, 130.504547119, -152.107849121, 32.6627197266, 276.035186768, -31.5752811432, 14.5393505096, 49.0592575073, -22.6189632416, -7.04915428162, -3.89409542084, 21.6921195984, 42.2097663879], [-319.547515869, 61.6131134033, 391.036376953, -12.6348085403, -31.5752811432, 245.127792358, 41.4173698425, -9.81338596344, 74.3202667236, -18.4328479767, 5.34394073486, 14.5560283661, -15.8928861618], [-78.5397949219, -42.1105270386, -36.9353561401, 3.52340459824, 14.5393505096, 41.4173698425, 140.964263916, 83.2258453369, 20.4521942139, 6.06624984741, 7.54661941528, 21.5960407257, 3.58193993568], [227.453643799, -77.2610549927, -266.707977295, -0.713028430939, 49.0592575073, -9.81338596344, 83.2258453369, 164.666259766, 27.385591507, -4.05900096893, 8.80244731903, 11.7080001831, 6.43875694275], [-300.112823486, -4.43585109711, 186.208908081, -12.825928688, -22.6189632416, 74.3202667236, 20.4521942139, 27.385591507, 155.176635742, 70.2484664917, 18.3662796021, -4.69982385635, -16.3605995178], [115.995986938, -136.400619507, 15.5871515274, 96.4581832886, -7.04915428162, -18.4328479767, 6.06624984741, -4.05900096893, 70.2484664917, 183.800079346, 88.2964935303, 6.35781240463, -13.8552436829], [-20.0042648315, -112.656761169, 61.3311271667, 100.797080994, -3.89409542084, 5.34394073486, 7.54661941528, 8.80244731903, 18.3662796021, 88.2964935303, 158.539916992, 81.8622589111, -5.5437707901], [-50.1053543091, -104.698753357, 23.2968845367, 43.0547447205, 21.6921195984, 14.5560283661, 21.5960407257, 11.7080001831, -4.69982385635, 6.35781240463, 81.8622589111, 139.333206177, 58.2406616211], [-93.2856216431, -3.01348853111, -20.9393405914, 0.785823345184, 42.2097663879, -15.8928861618, 3.58193993568, 6.43875694275, -16.3605995178, -13.8552436829, -5.5437707901, 58.2406616211, 124.154937744]], "icov": [[0.000416549766669, -0.000464409793494, 0.000694305635989, -0.000732634507585, 0.00069254625123, -0.000763679505326, 0.000712456123438, -0.000435552443378, 0.000724302779417, -0.000999076175503, 0.00088664656505, -0.000858374289237, 0.000518473330885], [-0.000464409793494, 0.00108951202128, -0.000894554599654, 0.000934438954573, -0.00118723092601, 0.000919302634429, -0.000861688633449, 0.000733707740437, -0.000965896761045, 0.00163309706841, -0.0012383798603, 0.00159441062715, -0.00071942579234], [0.000694305635989, -0.000894554599654, 0.00185977201909, -0.00131342478562, 0.00125926523469, -0.00195354013704, 0.000819196517114, 0.000654499046504, 0.00033008295577, -0.00116766232532, 0.000822088564746, -0.00116331607569, 0.000581775035243], [-0.000732634507585, 0.000934438954573, -0.00131342478562, 0.00325117562898, -0.00151837198064, 0.00118625035975, -0.00115716492292, 0.000582713342737, -0.000429991574492, 0.000811478239484, -0.00228173844516, 0.00156140548643, -0.00089910114184], [0.00069254625123, -0.00118723092601, 0.00125926523469, -0.00151837198064, 0.0056192423217, -0.00127509713639, 0.00166611652821, -0.00243225414306, 0.00207162927836, -0.00245545455255, 0.00225790357217, -0.00227686320432, -0.000114174865303], [-0.000763679505326, 0.000919302634429, -0.00195354013704, 0.00118625035975, -0.00127509713639, 0.00837895926088, -0.00379675347358, 0.00209083384834, -0.00485295895487, 0.00455626752228, -0.0022489761468, 0.00111960421782, -0.000137946073664], [0.000712456123438, -0.000861688633449, 0.000819196517114, -0.00115716492292, 0.00166611652821, -0.00379675347358, 0.0133835449815, -0.00828920025378, 0.00373788108118, -0.00480253668502, 0.00454867305234, -0.00455208821222, 0.00194628105965], [-0.000435552443378, 0.000733707740437, 0.000654499046504, 0.000582713342737, -0.00243225414306, 0.00209083384834, -0.00828920025378, 0.0144283045083, -0.00648204796016, 0.00583973387256, -0.00509724812582, 0.00356667209417, -0.00172051263507], [0.000724302779417, -0.000965896761045, 0.00033008295577, -0.000429991574492, 0.00207162927836, -0.00485295895487, 0.00373788108118, -0.00648204796016, 0.014437738806, -0.00946325715631, 0.00535635882989, -0.00336269452237, 0.00214503915049], [-0.000999076175503, 0.00163309706841, -0.00116766232532, 0.000811478239484, -0.00245545455255, 0.00455626752228, -0.00480253668502, 0.00583973387256, -0.00946325715631, 0.0162899252027, -0.0116828354076, 0.00822326727211, -0.00346765783615], [0.00088664656505, -0.0012383798603, 0.000822088564746, -0.00228173844516, 0.00225790357217, -0.0022489761468, 0.00454867305234, -0.00509724812582, 0.00535635882989, -0.0116828354076, 0.0206876993179, -0.0148755544797, 0.00717071630061], [-0.000858374289237, 0.00159441062715, -0.00116331607569, 0.00156140548643, -0.00227686320432, 0.00111960421782, -0.00455208821222, 0.00356667209417, -0.00336269452237, 0.00822326727211, -0.0148755544797, 0.0208114963025, -0.00990083534271], [0.000518473330885, -0.00071942579234, 0.000581775035243, -0.00089910114184, -0.000114174865303, -0.000137946073664, 0.00194628105965, -0.00172051263507, 0.00214503915049, -0.00346765783615, 0.00717071630061, -0.00990083534271, 0.0134449182078]], "mean": [-798.967468262, 197.844024658, 4.89676523209, 38.1178779602, 16.1986465454, 0.608182668686, -5.545773983, -1.59836149216, -9.98735618591, -13.7146883011, -10.8143663406, -5.8056230545, 1.71780025959]}, "pitch_salience": {"dmean": 0.066085755825, "dmean2": 0.105013631284, "dvar": 0.00427328096703, "dvar2": 0.0100512830541, "max": 0.826389193535, "mean": 0.499844312668, "median": 0.500688374043, "min": 0.00242104427889, "var": 0.0166724380106}, "silence_rate_20dB": {"dmean": 0, "dmean2": 0, "dvar": 0, "dvar2": 0, "max": 1, "mean": 1, "median": 1, "min": 1, "var": 0}, "silence_rate_30dB": {"dmean": 0, "dmean2": 0, "dvar": 0, "dvar2": 0, "max": 1, "mean": 1, "median": 1, "min": 1, "var": 0}, "silence_rate_60dB": {"dmean": 0.027575019747, "dmean2": 0.0551589876413, "dvar": 0.026816310361, "dvar2": 0.0599052943289, "max": 1, "mean": 0.0930911451578, "median": 0, "min": 0, "var": 0.0844258144498}, "spectral_centroid": {"dmean": 103.56502533, "dmean2": 158.470397949, "dvar": 57373.8984375, "dvar2": 121153.210938, "max": 11836.4580078, "mean": 855.04888916, "median": 374.791107178, "min": 122.612937927, "var": 2263665}, "spectral_complexity": {"dmean": 1.37583124638, "dmean2": 2.25016212463, "dvar": 3.55060458183, "dvar2": 8.22218036652, "max": 35, "mean": 8.49935150146, "median": 7, "min": 0, "var": 23.9570350647}, "spectral_contrast_coeffs": {"dmean": [0.0449028126895, 0.0443623811007, 0.0356486588717, 0.0291509404778, 0.0203143451363, 0.0180914327502], "dmean2": [0.0727130398154, 0.0713748261333, 0.0576661713421, 0.0459647290409, 0.0304482728243, 0.0251703504473], "dvar": [0.00155843328685, 0.00137401220854, 0.000950008281507, 0.000744047400076, 0.000473211461212, 0.000342940271366], "dvar2": [0.00397775322199, 0.00349670136347, 0.00226892880164, 0.00152081740089, 0.0008258674643, 0.000564599118661], "max": [-0.252735793591, -0.380537599325, -0.335321336985, -0.425090432167, -0.466653555632, -0.633044064045], "mean": [-0.568965613842, -0.661602795124, -0.757918536663, -0.75506478548, -0.782896101475, -0.787279844284], "median": [-0.563846409321, -0.661527395248, -0.765890598297, -0.767351031303, -0.817829251289, -0.785006523132], "min": [-0.978314399719, -0.982521355152, -0.978661596775, -0.971254825592, -0.967186808586, -0.964750409126], "var": [0.0112246386707, 0.00950174499303, 0.007996160537, 0.0106302173808, 0.0107923028991, 0.00291509786621]}, "spectral_contrast_valleys": {"dmean": [0.419793456793, 0.357282310724, 0.335601687431, 0.325758188963, 0.317627489567, 0.240990355611], "dmean2": [0.66541737318, 0.571629226208, 0.532800137997, 0.486058861017, 0.402593582869, 0.302809983492], "dvar": [0.166142687201, 0.127136871219, 0.128478735685, 0.141832068563, 0.148790687323, 0.0982674360275], "dvar2": [0.349136710167, 0.247912868857, 0.252452373505, 0.245315879583, 0.217312127352, 0.134157449007], "max": [-5.48408794403, -5.19942188263, -5.86597108841, -6.33103179932, -6.68981695175, -10.0041351318], "mean": [-8.05278682709, -7.96004486084, -8.96290493011, -9.57207298279, -9.86784744263, -12.954916954], "median": [-7.49314022064, -7.49792480469, -8.53856658936, -9.18025970459, -9.53721141815, -12.9184617996], "min": [-28.1486873627, -28.03166008, -27.9558315277, -27.6640758514, -27.5475463867, -27.4353504181], "var": [8.13372516632, 7.81714916229, 7.14252948761, 7.01214742661, 6.79725265503, 4.25536680222]}, "spectral_decrease": {"dmean": 1.42878575637e-09, "dmean2": 2.11581463461e-09, "dvar": 3.87858495858e-18, "dvar2": 8.48553222502e-18, "max": 1.45959212878e-28, "mean": -5.55649215528e-09, "median": -4.51409754021e-09, "min": -2.31013093099e-08, "var": 1.79725965377e-17}, "spectral_energy": {"dmean": 0.00557228270918, "dmean2": 0.00825099181384, "dvar": 5.90663767071e-05, "dvar2": 0.000128013052745, "max": 0.0885010510683, "mean": 0.0219179634005, "median": 0.0178110338748, "min": 9.7711194534e-21, "var": 0.000280246837065}, "spectral_energyband_high": {"dmean": 1.56986079674e-05, "dmean2": 2.09697936953e-05, "dvar": 2.79053535834e-09, "dvar2": 5.43001554831e-09, "max": 0.00179754255805, "mean": 2.61365639744e-05, "median": 1.96474002223e-06, "min": 7.09088786325e-21, "var": 6.05126571074e-09}, "spectral_energyband_low": {"dmean": 0.00317671033554, "dmean2": 0.00470197945833, "dvar": 3.43883330061e-05, "dvar2": 8.3372782683e-05, "max": 0.073950946331, "mean": 0.00824594032019, "median": 0.004056381993, "min": 2.49179702943e-23, "var": 0.000112400215585}, "spectral_energyband_middle_high": {"dmean": 0.000958601711318, "dmean2": 0.00147133891005, "dvar": 8.06363004813e-06, "dvar2": 1.69544455275e-05, "max": 0.0752146989107, "mean": 0.0032708728686, "median": 0.000470452127047, "min": 1.11575900784e-21, "var": 4.3555341108e-05}, "spectral_energyband_middle_low": {"dmean": 0.00366281694733, "dmean2": 0.00552686583251, "dvar": 2.86375689029e-05, "dvar2": 6.48900386295e-05, "max": 0.0843954607844, "mean": 0.0121876085177, "median": 0.00940611120313, "min": 1.40936942694e-22, "var": 0.00011542323773}, "spectral_entropy": {"dmean": 0.207748115063, "dmean2": 0.276641815901, "dvar": 0.0581405460835, "dvar2": 0.0999449715018, "max": 9.82389068604, "mean": 6.07097959518, "median": 6.07318401337, "min": 3.88010787964, "var": 0.674881398678}, "spectral_flux": {"dmean": 0.0185210779309, "dmean2": 0.0290217213333, "dvar": 0.000533731537871, "dvar2": 0.00124569435138, "max": 0.244108691812, "mean": 0.0516852363944, "median": 0.0416761673987, "min": 6.32884855634e-11, "var": 0.00138393614907}, "spectral_kurtosis": {"dmean": 10.5401744843, "dmean2": 16.8769607544, "dvar": 128.844818115, "dvar2": 291.233551025, "max": 164.668518066, "mean": 26.7633743286, "median": 18.1756134033, "min": -1.26867949963, "var": 649.456604004}, "spectral_rms": {"dmean": 0.000577187573072, "dmean2": 0.000827198906336, "dvar": 5.19395882748e-07, "dvar2": 1.00289969396e-06, "max": 0.00929206609726, "mean": 0.00421151006594, "median": 0.00416852720082, "min": 3.08752329259e-12, "var": 3.64649940821e-06}, "spectral_rolloff": {"dmean": 156.190750122, "dmean2": 273.128295898, "dvar": 207952.65625, "dvar2": 447524.90625, "max": 22006.9335938, "mean": 1086.75756836, "median": 366.064453125, "min": 21.533203125, "var": 6556918}, "spectral_skewness": {"dmean": 0.741189956665, "dmean2": 1.15898144245, "dvar": 0.500121057034, "dvar2": 1.07091152668, "max": 10.8262205124, "mean": 3.39310336113, "median": 2.95216870308, "min": -0.10864996165, "var": 3.9171602726}, "spectral_spread": {"dmean": 347725.9375, "dmean2": 521396.59375, "dvar": 458951557120, "dvar2": 952365285376, "max": 425