{"lowlevel": {"average_loudness": 0.748593330383, "barkbands": {"dmean": [0.000116872004583, 0.00144232483581, 0.00138332729694, 0.00123381416779, 0.0012915028492, 0.000511720951181, 0.000448251375929, 0.000239089727984, 0.000297947030049, 0.000341265491443, 0.0002493536158, 0.000196647612029, 0.000386491999961, 0.00039804741391, 0.000223495444516, 0.000270769698545, 0.000575819169171, 0.000137255541631, 0.000337127479725, 0.00034360049176, 0.000126500832266, 8.13690276118e-05, 6.80540470057e-05, 4.32951601397e-05, 7.97277971287e-06, 7.03597834217e-07, 2.69443543033e-08], "dmean2": [0.000170025887201, 0.00241819559596, 0.00241126446053, 0.00213673547842, 0.00214204052463, 0.000809540157206, 0.000765720324125, 0.000389359309338, 0.000480830087326, 0.000551270088181, 0.000395126902731, 0.000313834083499, 0.000622426567134, 0.000643350475002, 0.000351676397258, 0.000434995978139, 0.000927886692807, 0.000219404348172, 0.000543425208889, 0.000567217415664, 0.000208501922316, 0.00013062756625, 0.00010571617895, 6.59007855575e-05, 1.16975734272e-05, 1.19318553971e-06, 4.93829865889e-08], "dvar": [3.53042928225e-08, 5.90519903199e-06, 9.3325134003e-06, 6.31092825643e-06, 7.1027488957e-06, 7.62877164107e-07, 1.16968442399e-06, 2.20910806092e-07, 5.04524336975e-07, 6.57921077618e-07, 3.22851406054e-07, 2.2329533067e-07, 6.0166627236e-07, 7.20181958513e-07, 2.9250580269e-07, 5.22327638919e-07, 2.59921853285e-06, 6.93028070486e-08, 4.20044187877e-07, 5.72229794216e-07, 5.31030899253e-08, 3.66122634432e-08, 1.85487838422e-08, 8.48623926686e-09, 3.42851025348e-10, 7.0875688131e-12, 2.17830311081e-14], "dvar2": [7.34302290084e-08, 1.59468381753e-05, 2.64039554168e-05, 1.74821816472e-05, 1.84303335118e-05, 2.06232152777e-06, 3.2202847251e-06, 5.3149796031e-07, 1.24957659864e-06, 1.70574980984e-06, 7.93044307557e-07, 5.16826162311e-07, 1.57043461968e-06, 1.89197294276e-06, 6.94012840086e-07, 1.3142583839e-06, 6.0968386606e-06, 1.60499553203e-07, 9.99544795377e-07, 1.51317919972e-06, 1.40609799359e-07, 9.39975564052e-08, 4.35436788848e-08, 1.80714447851e-08, 7.17513992665e-10, 1.91468715882e-11, 6.36937198947e-14], "max": [0.00239015067928, 0.0319000557065, 0.0295618660748, 0.0283544510603, 0.0421000942588, 0.0269106775522, 0.0225649811327, 0.00891779083759, 0.0203337110579, 0.0227297618985, 0.0138787059113, 0.012866050005, 0.0132377706468, 0.0169562343508, 0.0143339112401, 0.0237944032997, 0.0551999025047, 0.00681447051466, 0.0232414584607, 0.0228304732591, 0.00461408495903, 0.00334322219715, 0.00315547408536, 0.00384025555104, 0.000479902606457, 8.08833938208e-05, 3.71823898604e-06], "mean": [0.000201042363187, 0.00243043643422, 0.00203618686646, 0.00174631748814, 0.00199942826293, 0.00101410143543, 0.000597066362388, 0.000374677678337, 0.000553565158043, 0.000645703694317, 0.000431584165199, 0.000338010897394, 0.000682222365867, 0.000680755707435, 0.000397389638238, 0.000441073527327, 0.00102124607656, 0.00025693164207, 0.00069578451803, 0.000779469148256, 0.000268751115073, 0.000150769163156, 0.0001510726579, 0.000101112811535, 1.48956241901e-05, 7.91809554812e-07, 3.00243705453e-08], "median": [6.96771458024e-05, 0.00161925156135, 0.000908339046873, 0.000863212451804, 0.00103148410562, 0.000506637152284, 0.000256395258475, 0.000174218905158, 0.000231522688409, 0.00025679328246, 0.00015299046936, 0.000126340382849, 0.000261668959865, 0.00022292137146, 0.000140901407576, 0.000177255569724, 0.000374575087335, 0.00013695951202, 0.000431582448073, 0.000419206306105, 0.000169617313077, 7.94412990217e-05, 8.27490002848e-05, 4.99467387272e-05, 5.74189198232e-06, 2.34843611224e-07, 1.61380420138e-08], "min": [2.2494892516e-23, 2.48352755833e-23, 8.8806505499e-24, 8.94061660047e-24, 4.14026767238e-23, 9.9380741016e-23, 2.85590808646e-23, 2.826528382e-23, 1.37388696829e-22, 8.17525523053e-23, 6.01091310068e-23, 1.63599515484e-22, 1.01927568982e-22, 7.76856083074e-23, 1.54385771572e-22, 7.21896080699e-23, 1.75209667364e-22, 1.61821624952e-22, 1.98736755976e-22, 5.83044242528e-22, 5.03251706649e-22, 5.65575656156e-22, 6.46169876662e-22, 6.90104102694e-22, 1.179138895e-21, 1.49027765195e-21, 2.63225814384e-21], "var": [8.95477185736e-08, 8.72038526722e-06, 9.31049908104e-06, 6.88219734002e-06, 8.73139106261e-06, 2.59964895122e-06, 1.26673705836e-06, 4.65889854695e-07, 1.4696316839e-06, 1.7805942889e-06, 9.2610378033e-07, 5.35939136626e-07, 1.38018867801e-06, 1.56562634857e-06, 8.18006128611e-07, 8.80638026501e-07, 6.35919059278e-06, 1.67371254634e-07, 9.61905470831e-07, 1.23209645153e-06, 9.90025483816e-08, 5.6393012926e-08, 4.66631675522e-08, 2.77094098777e-08, 6.91452672896e-10, 5.15495068507e-12, 1.21453530149e-14]}, "barkbands_crest": {"dmean": 2.21904683113, "dmean2": 3.62211990356, "dvar": 4.40799760818, "dvar2": 11.2800197601, "max": 25.085773468, "mean": 8.09573936462, "median": 7.36751079559, "min": 2.25257277489, "var": 11.9057188034}, "barkbands_flatness_db": {"dmean": 0.0167601630092, "dmean2": 0.0265745427459, "dvar": 0.000367811735487, "dvar2": 0.000858720799442, "max": 0.355059206486, "mean": 0.126907750964, "median": 0.118804603815, "min": 0.0485398583114, "var": 0.00170579180121}, "barkbands_kurtosis": {"dmean": 2.22273778915, "dmean2": 3.6118824482, "dvar": 44.3279037476, "dvar2": 109.538543701, "max": 202.467895508, "mean": 2.17534565926, "median": -0.330455839634, "min": -1.93626534939, "var": 70.1324615479}, "barkbands_skewness": {"dmean": 0.478435516357, "dmean2": 0.750908493996, "dvar": 0.348447799683, "dvar2": 0.830312430859, "max": 10.9199476242, "mean": 0.873184859753, "median": 0.708348810673, "min": -3.69252967834, "var": 1.68634176254}, "barkbands_spread": {"dmean": 5.81239032745, "dmean2": 9.12690925598, "dvar": 46.9052886963, "dvar2": 104.689712524, "max": 117.544029236, "mean": 31.189781189, "median": 30.9433097839, "min": 0.566888213158, "var": 243.191360474}, "dissonance": {"dmean": 0.0118648763746, "dmean2": 0.0200129672885, "dvar": 0.000184171236469, "dvar2": 0.000476884801174, "max": 0.500000119209, "mean": 0.478019267321, "median": 0.484170049429, "min": 0.220736756921, "var": 0.000488044577651}, "dynamic_complexity": 3.02815365791, "erbbands": {"dmean": [0.043233897537, 0.342974990606, 1.36450695992, 2.90300440788, 4.99239301682, 3.98654603958, 3.46872067451, 4.49510812759, 6.00485992432, 5.96308994293, 5.05821704865, 6.74337005615, 8.00126552582, 11.139122963, 8.24322795868, 9.67271518707, 16.6941757202, 21.2801609039, 13.5284414291, 9.28486156464, 20.8175086975, 25.8327865601, 7.97739219666, 12.6243982315, 18.9623069763, 16.1618938446, 6.80651187897, 4.21917057037, 3.0249247551, 2.44801902771, 1.92252194881, 1.24746072292, 0.494531989098, 0.129248052835, 0.0400752946734, 0.00730108143762, 0.000612859847024, 6.70310328132e-05, 7.65010190662e-06, 6.59763554722e-06], "dmean2": [0.0717909410596, 0.573521256447, 2.35163593292, 5.03155374527, 8.51350975037, 6.68035030365, 5.5541229248, 7.23766994476, 10.3135404587, 10.0039901733, 8.1935043335, 10.7274208069, 13.0107889175, 17.7104759216, 13.1514892578, 15.4705343246, 27.1266307831, 33.8921546936, 21.5847015381, 14.5448226929, 33.5327796936, 42.0100860596, 12.8736162186, 19.9289245605, 31.1214771271, 26.503900528, 11.1535387039, 7.04827642441, 4.89295911789, 3.91799473763, 3.00780272484, 1.91436624527, 0.738947033882, 0.190198943019, 0.058352842927, 0.0116837089881, 0.00101337081287, 0.00011388141138, 1.28365136334e-05, 1.05196495497e-05], "dvar": [0.0046690874733, 0.41637507081, 8.62836933136, 38.3138084412, 107.444976807, 64.3761672974, 35.0662956238, 66.6433334351, 221.374725342, 170.77130127, 104.140075684, 330.750549316, 304.968963623, 773.29473877, 365.647064209, 515.692199707, 1294.75952148, 2064.31176758, 973.887390137, 572.269042969, 2834.41015625, 5631.85644531, 228.308273315, 893.739746094, 1278.54956055, 1405.2019043, 130.501983643, 81.0967941284, 48.808139801, 30.5581474304, 14.4462957382, 6.56012105942, 1.21643984318, 0.0864420905709, 0.0112641183659, 0.000670841371175, 4.21932509198e-06, 4.81252122597e-08, 1.00047226059e-09, 8.11286871016e-11], "dvar2": [0.0127568887547, 1.09471738338, 24.082901001, 107.099693298, 279.65222168, 176.884994507, 88.6884231567, 191.662368774, 611.530395508, 445.074279785, 252.935302734, 837.300537109, 778.367736816, 1922.05493164, 931.069213867, 1186.7232666, 3409.68554688, 5286.53271484, 2281.06616211, 1430.32849121, 6855.39794922, 14117.8505859, 601.553466797, 2009.41259766, 3279.1953125, 3603.24609375, 334.358184814, 218.942276001, 125.818847656, 76.0555419922, 33.7200012207, 14.3225336075, 2.53558063507, 0.175864696503, 0.0249617081136, 0.00175049842801, 1.12998623081e-05, 1.34840533406e-07, 2.8622755277e-09, 1.99439742499e-10], "max": [0.82133692503, 7.25856971741, 27.9227466583, 68.5134963989, 151.436065674, 111.238121033, 120.726264954, 205.712371826, 287.13659668, 278.889038086, 213.772827148, 617.893188477, 528.156799316, 686.923828125, 618.88873291, 658.794799805, 688.421813965, 963.143188477, 897.064697266, 548.41796875, 1669.27380371, 2255.37011719, 353.151092529, 1122.89282227, 1126.13867188, 1375.08935547, 288.890258789, 233.149963379, 122.26399231, 104.472053528, 105.719970703, 78.0785522461, 48.184928894, 8.02602005005, 2.3760061264, 0.730040073395, 0.0602839402854, 0.00633587222546, 0.000873297802173, 0.000116548471851], "mean": [0.0748503878713, 0.537838578224, 2.12356114388, 4.4026632309, 6.71311712265, 6.48109292984, 6.41988563538, 8.61693382263, 8.35470962524, 8.85051631927, 8.89087581635, 12.9085083008, 15.4079866409, 21.7126140594, 16.2358436584, 18.2861785889, 30.877910614, 38.298374176, 25.9652023315, 17.6034507751, 37.6680755615, 46.7423934937, 16.9916038513, 25.6282997131, 41.6518058777, 36.3793411255, 16.3269863129, 8.29681968689, 5.77117538452, 4.74698209763, 4.37462377548, 2.9287981987, 1.10470080376, 0.273028552532, 0.0659372061491, 0.00868894997984, 0.00089587608818, 0.000125393475173, 1.85452590813e-05, 2.3764989237e-05], "median": [0.0439307913184, 0.310626596212, 1.07498133183, 2.36650013924, 3.36626958847, 3.38316822052, 3.54104781151, 4.27471590042, 3.4747235775, 3.94399690628, 4.50170993805, 5.51541852951, 7.31652498245, 8.71733283997, 7.39393424988, 7.80213880539, 12.3324718475, 14.4452896118, 9.67803955078, 7.89655923843, 15.1430616379, 18.4758491516, 9.47885131836, 13.3676767349, 25.8969478607, 19.505361557, 9.85164546967, 5.137362957, 3.25755953789, 2.50700497627, 2.40086126328, 1.45513606071, 0.532741427422, 0.118801876903, 0.0222410187125, 0.00242908042856, 0.00039379534428, 7.81342823757e-05, 1.40779320645e-05, 2.09766312764e-05], "min": [3.67878303309e-22, 6.81957827689e-21, 1.35205352996e-20, 2.48764681832e-20, 1.56758206247e-20, 1.38688655792e-19, 4.16611557614e-19, 1.0628005285e-18, 5.53572116785e-19, 4.3401127595e-19, 7.45693137555e-19, 2.90338327055e-18, 3.44375120661e-18, 2.36639043818e-18, 2.62010182809e-18, 7.48568262268e-18, 5.10632364686e-18, 4.63988601202e-18, 4.0368614193e-18, 9.81659652516e-18, 3.91779456039e-18, 9.73178321541e-18, 8.42494455387e-18, 9.91051543909e-18, 1.39188076944e-17, 3.01974028577e-17, 1.83615815295e-17, 2.21421923212e-17, 2.11985595677e-17, 1.9853226402e-17, 1.75902273365e-17, 1.17880408945e-17, 1.52314490279e-17, 1.11378901679e-17, 8.81062992219e-18, 4.76304245188e-18, 3.41022268125e-18, 1.20154653117e-18, 3.55449590478e-19, 4.00284976877e-20], "var": [0.00841824430972, 0.523721754551, 9.05831718445, 40.1576080322, 116.886131287, 83.6245040894, 79.9418411255, 187.073562622, 249.550231934, 279.909484863, 230.999572754, 940.218017578, 844.873413086, 2019.05834961, 1129.04284668, 1268.78942871, 2960.83081055, 4666.65087891, 2862.14501953, 1110.51391602, 6109.21435547, 12067.4492188, 583.396240234, 2247.49023438, 2748.49560547, 2856.60400391, 383.811920166, 110.751655579, 72.0290222168, 53.0276641846, 40.5270080566, 21.7463035583, 3.52298521996, 0.210475742817, 0.0171417109668, 0.000569214404095, 3.49641345565e-06, 3.82234155438e-08, 7.10961123307e-10, 2.62125210426e-10]}, "erbbands_crest": {"dmean": 2.30239367485, "dmean2": 3.79134321213, "dvar": 5.73257017136, "dvar2": 14.8695020676, "max": 30.9736557007, "mean": 8.24611663818, "median": 6.96707105637, "min": 2.32877373695, "var": 18.8818054199}, "erbbands_flatness_db": {"dmean": 0.0130724003538, "dmean2": 0.0199753474444, "dvar": 0.000165479053976, "dvar2": 0.000367113476386, "max": 0.372781306505, "mean": 0.181389346719, "median": 0.172409296036, "min": 0.0460479333997, "var": 0.00246433611028}, "erbbands_kurtosis": {"dmean": 0.919292747974, "dmean2": 1.46305799484, "dvar": 2.77688288689, "dvar2": 6.55706071854, "max": 35.763092041, "mean": 0.452375233173, "median": -0.328667730093, "min": -1.85245203972, "var": 6.76395225525}, "erbbands_skewness": {"dmean": 0.337337642908, "dmean2": 0.52518248558, "dvar": 0.11609429121, "dvar2": 0.275071799755, "max": 4.32513904572, "mean": -0.238187372684, "median": -0.335485100746, "min": -4.09290075302, "var": 0.671411693096}, "erbbands_spread": {"dmean": 7.39385271072, "dmean2": 11.4869403839, "dvar": 75.1682662964, "dvar2": 171.488327026, "max": 150.598205566, "mean": 39.0967063904, "median": 35.3093643188, "min": 2.31166267395, "var": 425.695678711}, "gfcc": {"cov": [[6288.41845703, 488.833526611, -190.616348267, 776.110290527, -267.521820068, 454.962860107, -64.8707962036, 94.8280792236, -78.1044540405, -288.490753174, 38.9189338684, -326.067901611, 135.320495605], [488.833526611, 1273.19238281, 35.8598670959, -354.318511963, 142.309677124, -462.090270996, 74.0400772095, -122.401565552, -68.4002075195, -113.747711182, -18.248884201, 2.87700009346, -26.9754867554], [-190.616348267, 35.8598670959, 1050.40710449, 422.037475586, -209.022171021, 175.315963745, -55.5359687805, 112.398223877, 0.537488877773, -41.7004127502, -34.6467552185, -46.3482246399, 34.4308242798], [776.110290527, -354.318511963, 422.037475586, 660.15411377, -84.2129745483, 349.504119873, 27.5120639801, 123.566131592, 37.3982543945, -57.6869087219, 26.7648506165, -105.628738403, 46.2203292847], [-267.521820068, 142.309677124, -209.022171021, -84.2129745483, 313.149932861, -25.056520462, 78.8966903687, -25.6837177277, 11.9591712952, 12.9365510941, 18.6865615845, 24.0173683167, -28.7818183899], [454.962860107, -462.090270996, 175.315963745, 349.504119873, -25.056520462, 515.942565918, 38.8170089722, 118.081680298, 45.056137085, 13.0231409073, 51.9149017334, -44.869342804, 67.0221710205], [-64.8707962036, 74.0400772095, -55.5359687805, 27.5120639801, 78.8966903687, 38.8170089722, 167.450973511, 44.4577293396, -0.188450619578, 1.08687973022, 33.6260223389, 1.49753427505, 14.2939062119], [94.8280792236, -122.401565552, 112.398223877, 123.566131592, -25.6837177277, 118.081680298, 44.4577293396, 129.436309814, 28.5048961639, 17.1770801544, 3.43754673004, -24.6317710876, 36.8303108215], [-78.1044540405, -68.4002075195, 0.537488877773, 37.3982543945, 11.9591712952, 45.056137085, -0.188450619578, 28.5048961639, 89.7748336792, 25.6386432648, 7.95152521133, 0.287486284971, -7.25316381454], [-288.490753174, -113.747711182, -41.7004127502, -57.6869087219, 12.9365510941, 13.0231409073, 1.08687973022, 17.1770801544, 25.6386432648, 106.840309143, 22.4350357056, 17.9888381958, 8.48330497742], [38.9189338684, -18.248884201, -34.6467552185, 26.7648506165, 18.6865615845, 51.9149017334, 33.6260223389, 3.43754673004, 7.95152521133, 22.4350357056, 77.9680862427, 27.6483192444, 11.9777898788], [-326.067901611, 2.87700009346, -46.3482246399, -105.628738403, 24.0173683167, -44.869342804, 1.49753427505, -24.6317710876, 0.287486284971, 17.9888381958, 27.6483192444, 105.352661133, 9.72682666779], [135.320495605, -26.9754867554, 34.4308242798, 46.2203292847, -28.7818183899, 67.0221710205, 14.2939062119, 36.8303108215, -7.25316381454, 8.48330497742, 11.9777898788, 9.72682666779, 98.8447113037]], "icov": [[0.000902739237063, -0.00222178618424, 0.00215189950541, -0.00255920761265, 0.00171600899193, -0.00188040873036, 0.00224347412586, -0.00146323849913, 0.00152614864055, -0.000769557897002, 0.00094088568585, -0.000516335945576, 0.000715219881386], [-0.00222178618424, 0.00828628800809, -0.00689805811271, 0.00854249298573, -0.0057118749246, 0.00685738865286, -0.0070211822167, 0.00482161063701, -0.00485327513888, 0.00574701698497, -0.00555108860135, 0.00473766447976, -0.00402566464618], [0.00215189950541, -0.00689805811271, 0.00763908447698, -0.00852882955223, 0.0055726217106, -0.00559605611488, 0.00658972607926, -0.0050434647128, 0.00483565824106, -0.00419333390892, 0.00509675778449, -0.00421293824911, 0.00335372542031], [-0.00255920761265, 0.00854249298573, -0.00852882955223, 0.0131989987567, -0.00608808547258, 0.00546254077926, -0.00753993075341, 0.00435086991638, -0.00638021621853, 0.00768253207207, -0.0076421815902, 0.00727357622236, -0.0042908214964], [0.00171600899193, -0.0057118749246, 0.0055726217106, -0.00608808547258, 0.00848044734448, -0.00502657145262, 0.00273727974854, -0.00233397050761, 0.00283411215059, -0.00386334839277, 0.00414255773649, -0.00362493447028, 0.00374335749075], [-0.00188040873036, 0.00685738865286, -0.00559605611488, 0.00546254077926, -0.00502657145262, 0.00938337855041, -0.0054342080839, 0.00248203985393, -0.00450538378209, 0.00413833558559, -0.00613841926679, 0.00413725618273, -0.00447341706604], [0.00224347412586, -0.0070211822167, 0.00658972607926, -0.00753993075341, 0.00273727974854, -0.0054342080839, 0.0154915805906, -0.00883675552905, 0.0058404202573, -0.00251118815504, 6.30318245385e-05, -0.0026001627557, 0.00266926945187], [-0.00146323849913, 0.00482161063701, -0.0050434647128, 0.00435086991638, -0.00233397050761, 0.00248203985393, -0.00883675552905, 0.0175486821681, -0.00640848791227, 0.000109349253762, 0.000198194815312, 0.00375121436082, -0.00545488577336], [0.00152614864055, -0.00485327513888, 0.00483565824106, -0.00638021621853, 0.00283411215059, -0.00450538378209, 0.0058404202573, -0.00640848791227, 0.0171781405807, -0.00594745157287, 0.003075130051, -0.00386794004589, 0.00508754048496], [-0.000769557897002, 0.00574701698497, -0.00419333390892, 0.00768253207207, -0.00386334839277, 0.00413833558559, -0.00251118815504, 0.000109349253762, -0.00594745157287, 0.018724553287, -0.00965967960656, 0.00579890049994, -0.00456188293174], [0.00094088568585, -0.00555108860135, 0.00509675778449, -0.0076421815902, 0.00414255773649, -0.00613841926679, 6.30318245385e-05, 0.000198194815312, 0.003075130051, -0.00965967960656, 0.0248712860048, -0.0110706407577, 0.00341084226966], [-0.000516335945576, 0.00473766447976, -0.00421293824911, 0.00727357622236, -0.00362493447028, 0.00413725618273, -0.0026001627557, 0.00375121436082, -0.00386794004589, 0.00579890049994, -0.0110706407577, 0.019199276343, -0.00614567380399], [0.000715219881386, -0.00402566464618, 0.00335372542031, -0.0042908214964, 0.00374335749075, -0.00447341706604, 0.00266926945187, -0.00545488577336, 0.00508754048496, -0.00456188293174, 0.00341084226966, -0.00614567380399, 0.0156033365056]], "mean": [-24.2501659393, 98.1051330566, -151.54548645, 59.6513938904, -62.0514602661, 12.9887094498, -30.744720459, -0.197255954146, -20.0204257965, -7.43419361115, -5.24053144455, -9.70818138123, -5.33399868011]}, "hfc": {"dmean": 5.18240690231, "dmean2": 7.9678196907, "dvar": 60.8654518127, "dvar2": 146.157165527, "max": 167.456542969, "mean": 20.3702964783, "median": 15.4363594055, "min": 1.21651665978e-16, "var": 297.423431396}, "melbands": {"dmean": [0.000375236588297, 0.000593920296524, 0.000555049744435, 0.000317767699016, 0.000126976956381, 9.99862677418e-05, 9.08607617021e-05, 6.12273361185e-05, 4.34064168076e-05, 4.21255135734e-05, 4.0777362301e-05, 4.72133797302e-05, 3.2779193134e-05, 2.20902547881e-05, 3.62862774637e-05, 3.45312218997e-05, 4.25817997893e-05, 2.39156797761e-05, 1.20891554616e-05, 1.63387339853e-05, 2.99879502563e-05, 3.37451820087e-05, 1.33880548674e-05, 6.21312619842e-06, 1.13447795229e-05, 1.4089276192e-05, 1.54910703714e-05, 1.10193632281e-05, 5.58044985155e-06, 2.96186885862e-06, 2.80978701994e-06, 1.87168257071e-06, 1.56298926868e-06, 1.39442477121e-06, 1.30913394969e-06, 9.02951285298e-07, 8.19833985588e-07, 4.16714868834e-07, 2.13597104448e-07, 8.59996660552e-08], "dmean2": [0.000627779343631, 0.00100639858283, 0.000956667645369, 0.000534442893695, 0.000204964584555, 0.000160005249199, 0.000155975736561, 0.00010214705253, 7.00252203387e-05, 6.70986337354e-05, 6.6308384703e-05, 7.50483959564e-05, 5.2013561799e-05, 3.49023612216e-05, 5.87899667153e-05, 5.53993304493e-05, 6.76533963997e-05, 3.83342776331e-05, 1.90221162484e-05, 2.56317453022e-05, 4.87989527755e-05, 5.4731961427e-05, 2.20421734412e-05, 9.91538854578e-06, 1.79855360329e-05, 2.28360513574e-05, 2.56794064626e-05, 1.81287105079e-05, 9.15597138373e-06, 4.87588886244e-06, 4.75165188618e-06, 3.02444163935e-06, 2.56703333434e-06, 2.2266938231e-06, 2.06322465601e-06, 1.41425084621e-06, 1.2864228438e-06, 6.37137361537e-07, 3.27083228058e-07, 1.29199818844e-07], "dvar": [3.48311033349e-07, 1.48232152242e-06, 1.20798415537e-06, 4.33241666542e-07, 4.71787444667e-08, 3.10852499297e-08, 4.97162133684e-08, 1.659449822e-08, 8.10655720329e-09, 1.19391092568e-08, 8.04822075651e-09, 1.45250131922e-08, 5.68481617336e-09, 2.55708876296e-09, 5.6632152301e-09, 4.79769690642e-09, 8.47721626229e-09, 3.13266457219e-09, 1.02874109231e-09, 2.34411778877e-09, 6.95727431221e-09, 1.09605782228e-08, 1.33376798495e-09, 1.44352613196e-10, 7.86176235223e-10, 7.57769735849e-10, 1.34154776177e-09, 6.39750974418e-10, 1.01214564507e-10, 2.75885998074e-11, 3.67667112033e-11, 1.80283305645e-11, 1.3009810243e-11, 9.16431774217e-12, 6.13200809574e-12, 3.7039863364e-12, 2.97048106598e-12, 1.02951815909e-12, 2.30882912615e-13, 3.85748629762e-14], "dvar2": [9.52612936089e-07, 4.01614624934e-06, 3.32710374096e-06, 1.13410362701e-06, 1.21892156812e-07, 8.75027836855e-08, 1.37404100542e-07, 4.28534150387e-08, 1.94305442847e-08, 2.98078752792e-08, 2.06332639863e-08, 3.60907463914e-08, 1.42455967023e-08, 5.7777014284e-09, 1.44903413712e-08, 1.23798011842e-08, 2.17745164122e-08, 7.47484740771e-09, 2.65101007813e-09, 5.63619595439e-09, 1.62256679204e-08, 2.63730690619e-08, 3.64067886949e-09, 3.2817665252e-10, 1.77083003816e-09, 1.83787374208e-09, 3.6063987352e-09, 1.65351476955e-09, 2.5649513069e-10, 7.24768439708e-11, 1.01030697697e-10, 4.65614560796e-11, 3.38831497582e-11, 2.27794900998e-11, 1.45786299699e-11, 8.69825565741e-12, 6.72904136925e-12, 2.33642272196e-12, 5.08028298249e-13, 8.13476415677e-14], "max": [0.0082692541182, 0.0124008655548, 0.0115504823625, 0.0110704805702, 0.00393321318552, 0.00475433841348, 0.00458436505869, 0.00285569764674, 0.00161923258565, 0.00350623205304, 0.00260853767395, 0.00297230063006, 0.00200114445761, 0.001367285382, 0.00164553942159, 0.00134559010621, 0.00177390919998, 0.0013796632411, 0.00109666376375, 0.00191023468506, 0.002929052338, 0.00354952551425, 0.000846486538649, 0.00041436572792, 0.00107129244134, 0.000982331926934, 0.00144211086445, 0.00115274020936, 0.000299810635624, 9.81744669843e-05, 0.000171727297129, 8.18933331175e-05, 6.26660112175e-05, 5.37246305612e-05, 6.44519313937e-05, 4.66329947812e-05, 6.85297418386e-05, 5.07133045176e-05, 1.46882348417e-05, 5.87967451793e-06], "mean": [0.000664359133225, 0.000981739372946, 0.000848704949021, 0.000493517087307, 0.00023823347874, 0.000194328094949, 0.000125598773593, 9.22979816096e-05, 7.6888827607e-05, 7.9398159869e-05, 7.67159217503e-05, 8.90297014848e-05, 5.88134425925e-05, 3.94160088035e-05, 6.3474966737e-05, 6.18954654783e-05, 7.32451517251e-05, 4.25945836469e-05, 2.17143824557e-05, 2.75608035736e-05, 5.13253908139e-05, 5.77622377023e-05, 2.3624219466e-05, 1.18266771096e-05, 2.06163185794e-05, 2.82514120045e-05, 3.16460282193e-05, 2.25260937441e-05, 1.17528225019e-05, 5.64506399314e-06, 4.70597206004e-06, 3.30142597704e-06, 2.73776345239e-06, 2.58248996943e-06, 2.75488309853e-06, 1.93343657884e-06, 1.76697744791e-06, 8.46583759539e-07, 4.07563391036e-07, 1.66702562865e-07], "median": [0.000461031013401, 0.000563431356568, 0.00047432188876, 0.000253838225035, 0.000140525269671, 9.66816514847e-05, 5.30053330294e-05, 4.29098217865e-05, 3.63187391486e-05, 3.39454891218e-05, 3.38527897839e-05, 3.31127703248e-05, 2.29922698054e-05, 1.49421020978e-05, 2.36901232711e-05, 2.50971806963e-05, 2.40831614065e-05, 1.3963958736e-05, 8.54969221109e-06, 1.04338751044e-05, 1.80382558028e-05, 2.07177381526e-05, 9.15025066206e-06, 6.22610605205e-06, 9.38547327678e-06, 1.72548989212e-05, 1.76431603904e-05, 1.17638592201e-05, 6.63697346681e-06, 3.46623778569e-06, 2.49083291237e-06, 1.73593412001e-06, 1.41764985528e-06, 1.31358581257e-06, 1.4481645394e-06, 9.53796302383e-07, 8.37524964936e-07, 3.96070760189e-07, 1.73639108425e-07, 6.9376667966e-08], "min": [6.25901135421e-24, 8.17933348364e-24, 3.50915622901e-24, 3.98424573703e-24, 1.41866978147e-23, 2.15680077737e-23, 8.70931469445e-24, 5.57545312464e-24, 6.80113826195e-24, 2.06236986716e-23, 1.68914194465e-23, 9.31992380067e-24, 7.94373701885e-24, 1.46288496189e-23, 2.22793110301e-23, 7.32456956067e-24, 8.30818286845e-24, 5.84435845229e-24, 1.08189141373e-23, 9.91976495553e-24, 3.79304991386e-24, 9.82448712426e-24, 8.88359300108e-24, 8.02726713352e-24, 7.7049858993e-24, 7.79573014695e-24, 1.40042169323e-23, 2.20471003563e-23, 1.06644946151e-23, 1.13074399187e-23, 1.31348638158e-23, 1.20646209588e-23, 1.12158334461e-23, 1.10173686641e-23, 9.87768790371e-24, 8.67935612386e-24, 6.68860409838e-24, 1.16783323396e-23, 7.81098277255e-24, 1.05487158667e-23], "var": [5.98176939093e-07, 1.71743829469e-06, 1.32170009692e-06, 5.25325219769e-07, 9.46416420788e-08, 9.41214963746e-08, 5.57255148692e-08, 2.93586506217e-08, 1.97286826875e-08, 3.33938956487e-08, 2.24330634069e-08, 3.7786559659e-08, 1.69880873813e-08, 6.74996369909e-09, 1.26509789311e-08, 1.10255253816e-08, 1.9021964448e-08, 8.37454816605e-09, 2.58235877126e-09, 4.5786321401e-09, 1.55895207854e-08, 2.42935449535e-08, 2.90456481089e-09, 4.09004302648e-10, 1.88993176664e-09, 1.59332314009e-09, 2.29892083148e-09, 1.2070928701e-09, 2.53120913118e-10, 4.78358880285e-11, 4.59314912493e-11, 2.68325084374e-11, 1.80690983009e-11, 1.60120146309e-11, 1.60661865756e-11, 9.7879005248e-12, 8.76545971223e-12, 2.45349704095e-12, 5.08105818704e-13, 8.04887230542e-14]}, "melbands_crest": {"dmean": 3.08753728867, "dmean2": 5.14103269577, "dvar": 8.56715965271, "dvar2": 23.0237674713, "max": 33.5454216003, "mean": 12.388458252, "median": 11.7026758194, "min": 2.12465262413, "var": 23.1709346771}, "melbands_flatness_db": {"dmean": 0.0226888302714, "dmean2": 0.0351981632411, "dvar": 0.000637501128949, "dvar2": 0.00143885973375, "max": 0.462271511555, "mean": 0.163447469473, "median": 0.155442297459, "min": 0.00688049104065, "var": 0.00349258095957}, "melbands_kurtosis": {"dmean": 6.47604513168, "dmean2": 10.6061697006, "dvar": 397.691589355, "dvar2": 1016.42218018, "max": 363.66998291, "mean": 10.4084234238, "median": 3.87592315674, "min": -1.87817656994, "var": 560.881958008}, "melbands_skewness": {"dmean": 0.662866830826, "dmean2": 1.05045878887, "dvar": 0.806324183941, "dvar2": 1.97734618187, "max": 15.3270254135, "mean": 2.19804620743, "median": 1.89791667461, "min": -2.88714432716, "var": 3.42119503021}, "melbands_spread": {"dmean": 9.52666568756, "dmean2": 14.8867797852, "dvar": 121.463844299, "dvar2": 279.930908203, "max": 241.597244263, "mean": 39.2588653564, "median": 34.9973640442, "min": 0.578956246376, "var": 794.616821289}, "mfcc": {"cov": [[6299.66601563, -389.757446289, 243.916549683, 231.068695068, 134.513916016, 190.568954468, 241.787689209, 180.729690552, 48.3093757629, 202.884933472, -246.867126465, 55.8151016235, -22.1531963348], [-389.757446289, 1707.01660156, -465.799468994, 82.9730148315, -185.947601318, -286.693756104, -134.262313843, -115.590019226, -135.149307251, -191.466506958, -21.3253917694, -99.1008300781, -37.7002105713], [243.916549683, -465.799468994, 1326.93920898, 170.396347046, 152.058288574, 76.2871246338, 93.861000061, 95.6182479858, 114.414527893, 85.3673934937, -72.0944976807, 34.5089569092, 5.56455230713], [231.068695068, 82.9730148315, 170.396347046, 271.810852051, 29.7321186066, -13.2882995605, 30.9184570313, 38.5235061646, -3.32879638672, 14.5851230621, -9.99580383301, -15.1390476227, -12.2937984467], [134.513916016, -185.947601318, 152.058288574, 29.7321186066, 207.049438477, 111.616950989, 43.4049301147, 51.5986862183, 41.8840446472, 37.4487533569, 16.1902275085, 25.5689907074, -9.41143512726], [190.568954468, -286.693756104, 76.2871246338, -13.2882995605, 111.616950989, 192.873321533, 83.6762619019, 69.4964370728, 24.1537342072, 51.218132019, 18.81990242, 28.9655208588, 6.38184547424], [241.787689209, -134.262313843, 93.861000061, 30.9184570313, 43.4049301147, 83.6762619019, 206.963241577, 67.0312042236, 62.4438972473, 71.9768218994, -34.1086578369, 44.0947608948, 20.6186199188], [180.729690552, -115.590019226, 95.6182479858, 38.5235061646, 51.5986862183, 69.4964370728, 67.0312042236, 138.261611938, 24.3419704437, 25.397731781, 8.21487140656, 11.3753538132, 6.71308708191], [48.3093757629, -135.149307251, 114.414527893, -3.32879638672, 41.8840446472, 24.1537342072, 62.4438972473, 24.3419704437, 127.7786026, 62.1590080261, -21.1339454651, 34.7315673828, 7.96055698395], [202.884933472, -191.466506958, 85.3673934937, 14.5851230621, 37.4487533569, 51.218132019, 71.9768218994, 25.397731781, 62.1590080261, 113.508552551, 7.93765211105, 24.0263385773, 6.07194042206], [-246.867126465, -21.3253917694, -72.0944976807, -9.99580383301, 16.1902275085, 18.81990242, -34.1086578369, 8.21487140656, -21.1339454651, 7.93765211105, 110.343238831, 4.03941440582, -14.5559501648], [55.8151016235, -99.1008300781, 34.5089569092, -15.1390476227, 25.5689907074, 28.9655208588, 44.0947608948, 11.3753538132, 34.7315673828, 24.0263385773, 4.03941440582, 92.2253417969, 34.8411903381], [-22.1531963348, -37.7002105713, 5.56455230713, -12.2937984467, -9.41143512726, 6.38184547424, 20.6186199188, 6.71308708191, 7.96055698395, 6.07194042206, -14.5559501648, 34.8411903381, 76.8493347168]], "icov": [[0.000217507986235, 4.01872966904e-06, 5.28686396137e-05, -0.000138172748848, -3.28080313921e-05, -0.000115477392683, 0.000130195287056, -0.000265969603788, 0.000348573346855, -0.000563052191865, 0.000753502477892, -0.000290632335236, 0.000315477896947], [4.01872966904e-06, 0.00100518704858, 0.00027117645368, -0.000420349417254, -8.15815583337e-05, 0.00116687454283, -0.000455728324596, 0.000163357981364, 0.000137643437483, 0.00113473087549, -4.94477062603e-05, 0.000367167609511, 0.000128762476379], [5.28686396137e-05, 0.00027117645368, 0.00107678782661, -0.000663648475893, -0.000507439312059, 0.000252937810728, 0.00019247426826, -0.000386304251151, -0.00033690413693, -0.000198438632651, 0.000909819558728, -0.000156090347446, 0.00015676554176], [-0.000138172748848, -0.000420349417254, -0.000663648475893, 0.00486886035651, -0.00094193109544, 0.00143350486178, -0.000829159631394, -0.00111869047396, 0.00115020212252, -0.000926631852053, -0.000377516262233, 0.000774829939473, 0.000197961751837], [-3.28080313921e-05, -8.15815583337e-05, -0.000507439312059, -0.00094193109544, 0.00833543948829, -0.00482971547171, 0.00104568584356, -0.000276777369436, -0.00212698499672, 0.000644214975182, -0.000761724018957, -0.00122354191262, 0.00158195360564], [-0.000115477392683, 0.00116687454283, 0.000252937810728, 0.00143350486178, -0.00482971547171, 0.0121087599546, -0.00333587825298, -0.00233979243785, 0.00251220236532, -0.000755983463023, -0.00147908867802, 0.00034483577474, -0.000384462240618], [0.000130195287056, -0.000455728324596, 0.00019247426826, -0.000829159631394, 0.00104568584356, -0.00333587825298, 0.0096199279651, -0.00285710697062, -0.000898071099073, -0.00450868438929, 0.00417026691139, -0.00307760131545, 0.000375469389837], [-0.000265969603788, 0.000163357981364, -0.000386304251151, -0.00111869047396, -0.000276777369436, -0.00233979243785, -0.00285710697062, 0.010892235674, -0.00167109863833, 0.002525431104, -0.00294986367226, 0.00183201779146, -0.00158777600154], [0.000348573346855, 0.000137643437483, -0.00033690413693, 0.00115020212252, -0.00212698499672, 0.00251220236532, -0.000898071099073, -0.00167109863833, 0.0141661688685, -0.00713733118027, 0.00401911092922, -0.0036453017965, 0.00180465460289], [-0.000563052191865, 0.00113473087549, -0.000198438632651, -0.000926631852053, 0.000644214975182, -0.000755983463023, -0.00450868438929, 0.002525431104, -0.00713733118027, 0.0183700919151, -0.00574057968333, 0.00204294966534, -0.00133440073114], [0.000753502477892, -4.94477062603e-05, 0.000909819558728, -0.000377516262233, -0.000761724018957, -0.00147908867802, 0.00417026691139, -0.00294986367226, 0.00401911092922, -0.00574057968333, 0.0150227351114, -0.00403264956549, 0.00394599372521], [-0.000290632335236, 0.000367167609511, -0.000156090347446, 0.000774829939473, -0.00122354191262, 0.00034483577474, -0.00307760131545, 0.00183201779146, -0.0036453017965, 0.00204294966534, -0.00403264956549, 0.0169272031635, -0.00750311696902], [0.000315477896947, 0.000128762476379, 0.00015676554176, 0.000197961751837, 0.00158195360564, -0.000384462240618, 0.000375469389837, -0.00158777600154, 0.00180465460289, -0.00133440073114, 0.00394599372521, -0.00750311696902, 0.0175181142986]], "mean": [-646.401062012, 103.879486084, -18.2089920044, 37.2209434509, -3.15250873566, 10.5822238922, 1.44620835781, 5.00983858109, -7.92343854904, 6.6397485733, -7.79023742676, 1.68422424793, -1.85560917854]}, "pitch_salience": {"dmean": 0.0668765380979, "dmean2": 0.110519595444, "dvar": 0.00387054635212, "dvar2": 0.0104485936463, "max": 0.890585064888, "mean": 0.581819117069, "median": 0.586312294006, "min": 0.192140638828, "var": 0.0111269243062}, "silence_rate_20dB": {"dmean": 0, "dmean2": 0, "dvar": 0, "dvar2": 0, "max": 1, "mean": 1, "median": 1, "min": 1, "var": 0}, "silence_rate_30dB": {"dmean": 0, "dmean2": 0, "dvar": 0, "dvar2": 0, "max": 1, "mean": 1, "median": 1, "min": 1, "var": 0}, "silence_rate_60dB": {"dmean": 0.0213771369308, "dmean2": 0.0427590869367, "dvar": 0.0209209043533, "dvar2": 0.0470096282661, "max": 1, "mean": 0.0926988422871, "median": 0, "min": 0, "var": 0.0841165557504}, "spectral_centroid": {"dmean": 291.016235352, "dmean2": 453.483825684, "dvar": 101731.304688, "dvar2": 228321.21875, "max": 10643.234375, "mean": 2090.41674805, "median": 2163.16381836, "min": 180.469680786, "var": 572052.1875}, "spectral_complexity": {"dmean": 3.79140424728, "dmean2": 5.94868898392, "dvar": 19.01679039, "dvar2": 41.9323310852, "max": 58, "mean": 21.8807506561, "median": 21, "min": 0, "var": 143.553833008}, "spectral_contrast_coeffs": {"dmean": [0.0513483434916, 0.0437469407916, 0.0369374006987, 0.0297643933445, 0.0222351197153, 0.0191361829638], "dmean2": [0.0846908986568, 0.0720670074224, 0.0601978562772, 0.048326484859, 0.0363867767155, 0.0307800658047], "dvar": [0.00210280087776, 0.00122456916142, 0.000839867047034, 0.000599690480158, 0.000324920547428, 0.000340220372891], "dvar2": [0.0054554422386, 0.00327784242108, 0.00220896094106, 0.00154287763871, 0.000852339202538, 0.000818426487967], "max": [-0.327025353909, -0.497102826834, -0.465615600348, -0.507991790771, -0.550936818123, -0.54820138216], "mean": [-0.651378154755, -0.761460959911, -0.765286445618, -0.765680372715, -0.764904439449, -0.717869579792], "median": [-0.660941839218, -0.772178649902, -0.77555000782, -0.779058694839, -0.77346765995, -0.718356311321], "min": [-0.946350872517, -0.956018865108, -0.970067560673, -0.953116893768, -0.959979891777, -0.959020495415], "var": [0.00890403334051, 0.00522407284006, 0.0053391456604, 0.00558324344456, 0.00359500176273, 0.00168309907895]}, "spectral_contrast_valleys": {"dmean": [0.366887629032, 0.379195809364, 0.326663732529, 0.296409785748, 0.253899544477, 0.225244194269], "dmean2": [0.598174870014, 0.622358620167, 0.528919577599, 0.469950288534, 0.389466166496, 0.321935176849], "dvar": [0.100974462926, 0.128352895379, 0.103674918413, 0.0977641567588, 0.0887263715267, 0.0800099223852], "dvar2": [0.234050616622, 0.298877090216, 0.237722858787, 0.210607200861, 0.178016886115, 0.13907751441], "max": [-5.59338331223, -5.10792779922, -5.64278316498, -5.92765283585, -5.61304807663, -8.05458641052], "mean": [-7.60889434814, -7.01803827286, -7.56042051315, -7.77235555649, -7.25550174713, -10.4905347824], "median": [-7.14216041565, -6.84432983398, -7.37765789032, -7.62581634521, -7.03115558624, -10.1283416748], "min": [-27.2648601532, -27.7102546692, -27.1532917023, -27.520816803, -27.1631698608, -27.2670135498], "var": [1.51767599583, 0.899020075798, 0.889012157917, 0.773464679718, 0.876523852348, 1.32478880882]}, "spectral_decrease": {"dmean": 1.31313215856e-09, "dmean2": 2.13252926429e-09, "dvar": 3.29999569475e-18, "dvar2": 8.39754419608e-18, "max": 9.43698566107e-20, "mean": -4.28239754768e-09, "median": -3.92495103085e-09, "min": -1.82506330049e-08, "var": 8.68944548091e-18}, "spectral_energy": {"dmean": 0.00529077695683, "dmean2": 0.00855431705713, "dvar": 5.18960550835e-05, "dvar2": 0.000130888525746, "max": 0.0800263285637, "mean": 0.0180103797466, "median": 0.0163621045649, "min": 1.0850010157e-20, "var": 0.000150839041453}, "spectral_energyband_high": {"dmean": 0.000372420588974, "dmean2": 0.000587018206716, "dvar": 4.95622657581e-07, "dvar2": 1.22276128423e-06, "max": 0.0190485604107, "mean": 0.00101661484223, "median": 0.000673277245369, "min": 7.80824490141e-21, "var": 1.31743308884e-06}, "spectral_energyband_low": {"dmean": 0.00272687664255, "dmean2": 0.00455757370219, "dvar": 2.33269365708e-05, "dvar2": 6.30278955214e-05, "max": 0.0514281652868, "mean": 0.00551561778411, "median": 0.00406638113782, "min": 4.69586051466e-23, "var": 3.67069769709e-05}, "spectral_energyband_middle_high": {"dmean": 0.00159517466091, "dmean2": 0.00250807078555, "dvar": 6.3346224124e-06, "dvar2": 1.56843798322e-05, "max": 0.060334648937, "mean": 0.00595376314595, "median": 0.00387897877954, "min": 1.42918483033e-21, "var": 3.7344168959e-05}, "spectral_energyband_middle_low": {"dmean": 0.0029492075555, "dmean2": 0.00484010390937, "dvar": 2.34763228946e-05, "dvar2": 5.96440804657e-05, "max": 0.0554648302495, "mean": 0.00646677939221, "median": 0.00474824896082, "min": 3.80997022297e-22, "var": 3.86728206649e-05}, "spectral_entropy": {"dmean": 0.118337705731, "dmean2": 0.18048235774, "dvar": 0.0179594624788, "dvar2": 0.0378746725619, "max": 9.79131412506, "mean": 7.6416144371, "median": 7.73990869522, "min": 5.17107057571, "var": 0.157581135631}, "spectral_flux": {"dmean": 0.0182293355465, "dmean2": 0.0283119883388, "dvar": 0.000435927737271, "dvar2": 0.000902349769603, "max": 0.235257521272, "mean": 0.0696307197213, "median": 0.0619928389788, "min": 1.04163379311e-10, "var": 0.0013205865398}, "spectral_kurtosis": {"dmean": 1.54206252098, "dmean2": 2.66391158104, "dvar": 3.52418112755, "dvar2": 9.60296154022, "max": 40.1164054871, "mean": 3.1483771801, "median": 2.2407207489, "min": -1.20991122723, "var": 9.36341094971}, "spectral_rms": {"dmean": 0.000576165562961, "dmean2": 0.000910531496629, "dvar": 4.65016654516e-07, "dvar2": 1.12673831154e-06, "max": 0.00883597601205, "mean": 0.00391088007018, "median": 0.00399537617341, "min": 3.25351746412e-12, "var": 2.2761234959e-06}, "spectral_rolloff": {"dmean": 576.797546387, "dmean2": 966.685852051, "dvar": 610363.4375, "dvar2": 1328614.625, "max": 19444.4824219, "mean": 2414.52246094, "median": 2368.65234375, "min": 64.599609375, "var": 2311344.75}, "spectral_skewness": {"dmean": 0.207440882921, "dmean2": 0.344028264284, "dvar": 0.0461833886802, "dvar2": 0.11523117125, "max": 5.15682315826, "mean": 0.974094152451, "median": 0.873259782791, "min": 0.0563725978136, "var": 0.201044037938}, "spectral_spread": {"dmean": 326801.53125, "dmean2": 505261.375, "dvar": 218979237888, "dvar2": 355365650432, "max": 41014856, "mean": 3710910, "median": 3581753.75, "min": 1660241.125, "var": 1285701107710.0}, "spectral_strongpeak": {"dmean": 0.6849101