{"lowlevel": {"average_loudness": 0.824187278748, "barkbands": {"dmean": [0.00110067462083, 0.00469343503937, 0.00120739301201, 0.00112502963748, 0.00139724952169, 0.00102660467383, 0.000547015515622, 0.000485724536702, 0.000766818237025, 0.000877825194038, 0.000740536255762, 0.000607427326031, 0.000492486462463, 0.000341741280863, 0.00020853994647, 0.00023140963458, 0.000174124885234, 0.000180118717253, 0.000140360891237, 0.00015778177476, 0.000149580155266, 0.000124186699395, 0.000105109815195, 3.9709644625e-05, 8.53533038025e-06, 0.000115162438306, 0.000668345892336], "dmean2": [0.00176726223435, 0.0078319683671, 0.00207333662547, 0.0018089460209, 0.00215542688966, 0.00157072884031, 0.000852817902341, 0.000763754069339, 0.00120706297457, 0.00139066413976, 0.0012135382276, 0.000976411683951, 0.000826568633784, 0.000565351569094, 0.000351018155925, 0.000397656258428, 0.000303347303998, 0.000300247629639, 0.000223679482588, 0.000239420420257, 0.000219590234337, 0.000178605710971, 0.000154711378855, 5.8317942603e-05, 1.35173122544e-05, 0.000162663010997, 0.000927587156184], "dvar": [6.74843840898e-06, 8.97627251106e-05, 4.01972056352e-06, 4.23473238698e-06, 6.34502703178e-06, 1.1543284927e-05, 2.34161007029e-06, 3.54922781298e-06, 4.31429361925e-06, 9.07677713258e-06, 4.6271957217e-06, 2.13961175177e-06, 1.08579683911e-06, 3.96011131443e-07, 1.38649909331e-07, 2.29623140058e-07, 1.52384657781e-07, 1.27317747456e-07, 7.57928191319e-08, 9.35914101774e-08, 5.62036959195e-08, 4.67438958651e-08, 6.58185044244e-08, 7.35831884313e-09, 3.01431435368e-10, 5.24003134217e-08, 1.04602088413e-06], "dvar2": [1.62787873705e-05, 0.000219322086195, 1.13908936328e-05, 1.02870208138e-05, 1.49671250256e-05, 2.90110201604e-05, 5.21429728906e-06, 7.81969720265e-06, 1.05430763142e-05, 2.23818315135e-05, 1.12557900138e-05, 5.16033060194e-06, 2.74835610981e-06, 1.02423507542e-06, 3.75516890472e-07, 6.38464484837e-07, 4.20806770762e-07, 3.34465539709e-07, 1.96800556296e-07, 2.166801778e-07, 1.21073853165e-07, 9.60723056664e-08, 1.4592127684e-07, 1.52848738111e-08, 7.0749434089e-10, 1.0492028224e-07, 2.11346150536e-06], "max": [0.0297525729984, 0.110639669001, 0.0362605005503, 0.0599264912307, 0.069140471518, 0.109759688377, 0.0412601716816, 0.0825787782669, 0.0695127397776, 0.106144540012, 0.075317338109, 0.0375875160098, 0.045804027468, 0.0143200894818, 0.00396226812154, 0.00638056825846, 0.00524490186945, 0.00501938257366, 0.00863587576896, 0.0053468872793, 0.00844025891274, 0.00669000158086, 0.00670284545049, 0.00254264799878, 0.000252234836807, 0.00781880691648, 0.0174812674522], "mean": [0.000976098584943, 0.0050394218415, 0.00175431510434, 0.00170714268461, 0.00267584691755, 0.00158005510457, 0.000876715406775, 0.000716583861504, 0.00120455154683, 0.00127106031869, 0.00100527622271, 0.000905172200873, 0.000718296330888, 0.000539971748367, 0.000303142645862, 0.000300358835375, 0.000175250635948, 0.000233747123275, 0.000219849011046, 0.000232854043134, 0.000227340817219, 0.000175847453647, 0.000130979096866, 4.40049698227e-05, 8.24008020572e-06, 0.000142863180372, 0.00128958257847], "median": [0.000107430183562, 0.00210712803528, 0.000982923200354, 0.000666027190164, 0.00113838736434, 0.000260896631517, 0.000161068950547, 0.000133825800731, 0.00023835976026, 0.000225887779379, 0.000227964337682, 0.000199980146135, 0.000245402741712, 0.000202552997507, 0.000142992343171, 0.000143929617479, 6.17083860561e-05, 8.88190916157e-05, 9.02399115148e-05, 9.78571115411e-05, 0.000112813955639, 6.49464127491e-05, 2.66163569904e-05, 5.23987364431e-06, 7.44960004795e-07, 3.10632749461e-05, 0.000740573159419], "min": [1.05759968461e-25, 2.45082162186e-24, 7.38351768485e-25, 7.33927836529e-25, 5.18581618532e-24, 5.84399478742e-24, 1.04412461901e-23, 3.54506044425e-24, 1.20248426477e-23, 1.20029904118e-23, 1.46690973022e-23, 1.19522201128e-23, 2.49266051657e-23, 2.86110731092e-23, 3.70428349827e-23, 5.20920985547e-23, 6.86565777544e-23, 8.85071201637e-23, 1.3676561031e-22, 1.34358486455e-22, 2.43302575603e-22, 3.2998397502e-22, 3.77418421065e-22, 6.13772356405e-22, 8.13472860593e-22, 1.25666970987e-21, 1.96955662037e-21], "var": [6.45119553155e-06, 8.68055649335e-05, 6.27272447673e-06, 8.9315308287e-06, 1.84986438398e-05, 1.94562016986e-05, 5.62048671782e-06, 6.87728788762e-06, 8.70587155077e-06, 1.79885337275e-05, 7.72543262428e-06, 4.79604204884e-06, 1.90720436422e-06, 8.05254671832e-07, 1.90557187807e-07, 2.27195130265e-07, 1.15258742994e-07, 1.48821143853e-07, 1.18567612617e-07, 1.4931640635e-07, 1.05415452367e-07, 8.95221816677e-08, 9.55587395879e-08, 1.11019344828e-08, 3.42210343396e-10, 9.01102765738e-08, 2.54052565651e-06]}, "barkbands_crest": {"dmean": 2.89787960052, "dmean2": 4.84773111343, "dvar": 7.5457868576, "dvar2": 19.8480358124, "max": 26.0331382751, "mean": 9.04878902435, "median": 8.05261611938, "min": 2.4891898632, "var": 16.1125125885}, "barkbands_flatness_db": {"dmean": 0.0292460117489, "dmean2": 0.0458949543536, "dvar": 0.000899505626876, "dvar2": 0.00186562631279, "max": 0.470351964235, "mean": 0.110319845378, "median": 0.0988862141967, "min": 0.0237645525485, "var": 0.00278096320108}, "barkbands_kurtosis": {"dmean": 5.34349966049, "dmean2": 8.57742214203, "dvar": 290.693511963, "dvar2": 643.361755371, "max": 503.458343506, "mean": 6.82355546951, "median": 2.07062721252, "min": -1.82932054996, "var": 463.393341064}, "barkbands_skewness": {"dmean": 0.727633118629, "dmean2": 1.13068401814, "dvar": 0.87188655138, "dvar2": 1.98389685154, "max": 17.9089488983, "mean": 1.76101732254, "median": 1.44252610207, "min": -2.19031095505, "var": 2.78627133369}, "barkbands_spread": {"dmean": 12.8243703842, "dmean2": 19.2775363922, "dvar": 168.83416748, "dvar2": 342.086486816, "max": 127.608100891, "mean": 42.9729003906, "median": 36.9462661743, "min": 0.382163375616, "var": 690.554077148}, "dissonance": {"dmean": 0.0172754470259, "dmean2": 0.0289347432554, "dvar": 0.000370941794245, "dvar2": 0.000986183411442, "max": 0.500000119209, "mean": 0.472260564566, "median": 0.481459051371, "min": 0.260727196932, "var": 0.000776132044848}, "dynamic_complexity": 4.28372049332, "erbbands": {"dmean": [0.214381381869, 0.800074875355, 1.28196585178, 2.50431847572, 4.92718553543, 4.28523874283, 6.77638864517, 8.43194675446, 7.68202066422, 7.90016841888, 12.4669942856, 16.2532329559, 21.6706523895, 30.6085586548, 26.905418396, 21.5630970001, 22.0331249237, 19.9927005768, 10.5962123871, 12.7795209885, 12.4355602264, 9.15355968475, 9.92366504669, 7.7371134758, 7.2377948761, 7.03007459641, 6.49756526947, 5.34531497955, 4.40706968307, 5.63236093521, 1.93083703518, 1.03529846668, 0.546980857849, 0.163819849491, 0.038462087512, 0.178275644779, 0.242026746273, 0.34314802289, 0.100315108895, 0.0102770123631], "dmean2": [0.358073621988, 1.36099970341, 2.19108629227, 4.08614873886, 7.73382854462, 6.71780490875, 10.6100988388, 12.8920640945, 12.0567760468, 12.1285972595, 19.1732273102, 25.4508972168, 33.9906005859, 49.4141159058, 43.5217666626, 34.7040710449, 36.5299491882, 33.2539176941, 17.5782680511, 21.6318969727, 21.4447669983, 15.7189378738, 16.6089057922, 12.4261789322, 11.2754764557, 10.6394939423, 9.66590023041, 7.72576904297, 6.34469985962, 8.49883365631, 2.74384236336, 1.50277721882, 0.815730929375, 0.252142101526, 0.0615544654429, 0.264191508293, 0.342949777842, 0.496889173985, 0.139052599669, 0.0149769168347], "dvar": [0.258256405592, 2.08036661148, 3.62555193901, 19.2941131592, 86.4567718506, 67.9578018188, 582.899353027, 735.337036133, 482.503875732, 512.651000977, 2480.72265625, 2142.24584961, 4550.38574219, 9766.26660156, 4159.90283203, 2243.9543457, 2206.44433594, 1419.63842773, 326.954162598, 628.991027832, 692.565673828, 394.153869629, 399.779205322, 205.326858521, 198.604919434, 169.53213501, 107.419380188, 72.4138946533, 58.0735321045, 222.982162476, 14.5712604523, 4.82671070099, 1.46496737003, 0.116148382425, 0.00529659166932, 0.145019859076, 0.227964773774, 0.572434663773, 0.0222319271415, 0.000255641760305], "dvar2": [0.63001447916, 5.41876888275, 10.1406698227, 47.6982879639, 206.789215088, 157.013336182, 1453.98852539, 1737.72290039, 1113.95324707, 1039.09594727, 5448.609375, 5238.98925781, 10883.6601562, 25063.6914062, 10156.9912109, 5603.88720703, 5486.73144531, 3734.70336914, 875.235839844, 1729.64648438, 1922.28625488, 1075.94335938, 1056.00024414, 527.646728516, 488.88180542, 390.721343994, 240.387588501, 150.242279053, 121.317993164, 518.237976074, 29.6940040588, 9.78707313538, 3.18897509575, 0.267662167549, 0.0124157164246, 0.32184034586, 0.443964272738, 1.26664614677, 0.0430315993726, 0.000591268471908], "max": [4.41126346588, 21.2523708344, 34.366897583, 111.163887024, 246.299316406, 253.452972412, 768.773132324, 871.49407959, 653.135009766, 839.105041504, 2290.74902344, 1709.9822998, 1979.78845215, 3605.05444336, 1816.23840332, 1222.60119629, 2037.29553223, 801.97857666, 270.048675537, 347.674560547, 398.889312744, 286.523132324, 314.866119385, 215.254241943, 425.499084473, 204.964492798, 383.944122314, 224.587020874, 254.448226929, 285.428741455, 121.445213318, 83.0083312988, 29.7538356781, 5.22018051147, 1.09401381016, 8.12403964996, 14.6110219955, 15.8428678513, 3.42201209068, 0.238069787621], "mean": [0.201504051685, 0.918706834316, 1.98346626759, 4.04531621933, 8.69661903381, 7.80344867706, 10.6684188843, 12.7689876556, 12.2574872971, 13.4448404312, 18.991399765, 26.0600795746, 33.5158500671, 45.7077522278, 39.9017524719, 34.2619514465, 34.7427635193, 31.3679237366, 17.0424518585, 17.9366378784, 15.3619089127, 10.0601472855, 12.5021848679, 11.8270721436, 11.5565671921, 10.6085243225, 9.4188079834, 8.25278377533, 6.2917098999, 7.04365539551, 2.45791268349, 1.19885933399, 0.578035712242, 0.163030594587, 0.0372830703855, 0.190857470036, 0.305385231972, 0.473448365927, 0.170930698514, 0.022277854383], "median": [0.0523262172937, 0.473123729229, 1.24738502502, 1.92432701588, 3.58403706551, 3.03227639198, 2.18282175064, 2.23003673553, 2.4095146656, 2.78111505508, 3.54486250877, 5.06454229355, 6.90081357956, 10.9812030792, 10.5779027939, 8.92904472351, 11.2648000717, 12.0549249649, 7.8127450943, 8.5966091156, 6.90518188477, 3.93167519569, 4.7032122612, 5.01247644424, 4.87371730804, 4.59401464462, 4.59972906113, 3.95151972771, 2.40942430496, 1.67268645763, 0.537598133087, 0.175257220864, 0.0585177019238, 0.014261752367, 0.00432354817167, 0.0241445060819, 0.0636675059795, 0.15373672545, 0.089286878705, 0.0140118654817], "min": [7.31866588343e-23, 6.89910636135e-22, 1.13612116126e-21, 4.97605360883e-21, 1.23831886146e-20, 1.17171854368e-20, 2.41704566057e-20, 5.38143673247e-20, 1.64813320133e-19, 1.41774013628e-19, 1.47284122182e-19, 2.73826509558e-19, 4.64684011943e-19, 4.50587716932e-19, 9.31014113305e-19, 8.37234631007e-19, 1.27616380589e-18, 1.73983276383e-18, 2.10370579297e-18, 2.95372982532e-18, 3.83025527693e-18, 4.20403999777e-18, 5.65528330115e-18, 5.74885024973e-18, 6.53012978291e-18, 7.76851387209e-18, 9.63095403464e-18, 9.25044847133e-18, 1.01847373927e-17, 1.14797209017e-17, 1.18296472521e-17, 8.95449979177e-18, 1.06132202587e-17, 8.36202588776e-18, 6.34907235454e-18, 4.37314714784e-18, 2.22142414069e-18, 9.77192608374e-19, 2.55587797437e-19, 2.55606725656e-20], "var": [0.231138348579, 2.00882101059, 6.02875757217, 42.7821388245, 218.736831665, 190.266677856, 965.639770508, 1375.30786133, 1123.58605957, 1351.46386719, 4598.49951172, 4427.89892578, 9565.20800781, 18222.1679688, 7715.77490234, 5194.81201172, 4576.73681641, 2678.46923828, 573.434692383, 733.545410156, 651.372253418, 321.451263428, 438.882568359, 320.367156982, 325.218414307, 284.132507324, 185.517974854, 148.743347168, 110.790641785, 286.047546387, 25.5349121094, 7.89524364471, 1.94947338104, 0.137730225921, 0.00620465865359, 0.189123556018, 0.40967515111, 0.869840979576, 0.0517865903676, 0.000606345187407]}, "erbbands_crest": {"dmean": 2.41695070267, "dmean2": 3.93938374519, "dvar": 5.48480939865, "dvar2": 13.5391941071, "max": 28.2651996613, "mean": 7.69743490219, "median": 6.6552567482, "min": 2.31318330765, "var": 15.0572099686}, "erbbands_flatness_db": {"dmean": 0.0251460503787, "dmean2": 0.0380597747862, "dvar": 0.000607173307799, "dvar2": 0.00115711591206, "max": 0.33984798193, "mean": 0.119231872261, "median": 0.111345730722, "min": 0.0333949327469, "var": 0.00214665080421}, "erbbands_kurtosis": {"dmean": 1.01254415512, "dmean2": 1.62234890461, "dvar": 1.73986780643, "dvar2": 4.05815029144, "max": 44.6839523315, "mean": 0.682770490646, "median": 0.17751288414, "min": -1.70117104053, "var": 3.82263016701}, "erbbands_skewness": {"dmean": 0.398418068886, "dmean2": 0.618249416351, "dvar": 0.147323191166, "dvar2": 0.329448282719, "max": 6.05222225189, "mean": 0.106092385948, "median": 0.0732150822878, "min": -3.20421528816, "var": 0.544299840927}, "erbbands_spread": {"dmean": 10.9271144867, "dmean2": 16.9446029663, "dvar": 128.39666748, "dvar2": 303.584686279, "max": 136.858306885, "mean": 39.0338363647, "median": 36.3850097656, "min": 2.83452558517, "var": 367.251342773}, "gfcc": {"cov": [[32650.5703125, 343.104614258, -1791.58435059, -96.3554916382, -652.62713623, -307.111297607, 18.9411849976, -415.613128662, -150.043869019, -187.256408691, -211.629119873, 198.331390381, -298.142822266], [343.104614258, 1560.43017578, -245.31211853, -402.855041504, 134.977981567, -260.970275879, 188.058578491, -294.416259766, 73.0847625732, -41.9878120422, -19.4513187408, -80.6720809937, 26.0173187256], [-1791.58435059, -245.31211853, 601.417480469, 272.120300293, -69.7221221924, 190.675811768, -125.404266357, 190.89402771, -1.69076228142, 73.0317840576, -10.7722225189, -13.0522346497, 31.3257751465], [-96.3554916382, -402.855041504, 272.120300293, 431.860717773, 117.564155579, 76.1389083862, -10.5795488358, 80.0175323486, 0.482749372721, -2.39155554771, -21.6805438995, 22.1976833344, -20.2390708923], [-652.62713623, 134.977981567, -69.7221221924, 117.564155579, 297.915985107, 3.53922080994, 103.810958862, -73.4553070068, 19.518907547, -47.3651847839, 19.7505512238, 10.51587677, -4.0671916008], [-307.111297607, -260.970275879, 190.675811768, 76.1389083862, 3.53922080994, 299.283416748, -63.9312973022, 139.448791504, -32.4900436401, 46.7053222656, 36.3052062988, 25.3151111603, 19.9592628479], [18.9411849976, 188.058578491, -125.404266357, -10.5795488358, 103.810958862, -63.9312973022, 196.512039185, -59.5165405273, 57.7893295288, -17.2171859741, -0.628488242626, 7.97243022919, -21.4161491394], [-415.613128662, -294.416259766, 190.89402771, 80.0175323486, -73.4553070068, 139.448791504, -59.5165405273, 248.886642456, 39.2947731018, 46.3023300171, 30.0866928101, 3.73508095741, 19.1912574768], [-150.043869019, 73.0847625732, -1.69076228142, 0.482749372721, 19.518907547, -32.4900436401, 57.7893295288, 39.2947731018, 115.220741272, 40.2259979248, 3.33598613739, -5.48444032669, -5.21604633331], [-187.256408691, -41.9878120422, 73.0317840576, -2.39155554771, -47.3651847839, 46.7053222656, -17.2171859741, 46.3023300171, 40.2259979248, 102.313339233, 32.8902549744, -1.069658041, 21.4296741486], [-211.629119873, -19.4513187408, -10.7722225189, -21.6805438995, 19.7505512238, 36.3052062988, -0.628488242626, 30.0866928101, 3.33598613739, 32.8902549744, 79.0548934937, 34.7681083679, 9.41876506805], [198.331390381, -80.6720809937, -13.0522346497, 22.1976833344, 10.51587677, 25.3151111603, 7.97243022919, 3.73508095741, -5.48444032669, -1.069658041, 34.7681083679, 75.8589935303, 13.5902404785], [-298.142822266, 26.0173187256, 31.3257751465, -20.2390708923, -4.0671916008, 19.9592628479, -21.4161491394, 19.1912574768, -5.21604633331, 21.4296741486, 9.41876506805, 13.5902404785, 81.7960739136]], "icov": [[9.29588568397e-05, -0.000317982514389, 0.000851909106132, -0.000910197908524, 0.000807876116596, -0.000423220073571, 0.000229022101848, -7.15070636943e-05, -5.52323535885e-06, -3.8313690311e-05, 0.000174915548996, -0.000266212329734, 0.000142457531183], [-0.000317982514389, 0.00289335823618, -0.0043624965474, 0.00545309111476, -0.00393041456118, 0.00213983887807, -0.00167081539985, 0.00192344770767, -0.00115489016753, 0.00100327341352, -0.00115365721285, 0.00215288437903, -0.00122701108921], [0.000851909106132, -0.0043624965474, 0.0131501536816, -0.0132030658424, 0.0100974403322, -0.00616432307288, 0.00374847976491, -0.00216457946226, -0.000105962673842, -0.0013121314114, 0.00158274022397, -0.00112699216697, 2.7281957955e-05], [-0.000910197908524, 0.00545309111476, -0.0132030658424, 0.0189072359353, -0.0152751766145, 0.0077689094469, -0.00306789786555, -0.00118356873281, 0.00284635578282, -0.0034002889879, 0.00497450726107, -0.00226806825958, 0.00237815710716], [0.000807876116596, -0.00393041456118, 0.0100974403322, -0.0152751766145, 0.0190473161638, -0.00901093520224, 8.49063144415e-05, 0.00526473019272, -0.00686580175534, 0.00954289082438, -0.00951994769275, 0.00475881574675, -0.0041513312608], [-0.000423220073571, 0.00213983887807, -0.00616432307288, 0.0077689094469, -0.00901093520224, 0.0104683097452, -0.00112581741996, -0.00519372243434, 0.00689838267863, -0.00656981999055, 0.00384246441536, -0.00358841521665, 0.00229603680782], [0.000229022101848, -0.00167081539985, 0.00374847976491, -0.00306789786555, 8.49063144415e-05, -0.00112581741996, 0.00989460013807, -0.000150509091327, -0.00380096957088, -0.000329273578245, 0.00187197572086, -0.00303460936993, 0.00220895768143], [-7.15070636943e-05, 0.00192344770767, -0.00216457946226, -0.00118356873281, 0.00526473019272, -0.00519372243434, -0.000150509091327, 0.014279271476, -0.0114736547694, 0.00983042363077, -0.0111358165741, 0.0079276971519, -0.00553887197748], [-5.52323535885e-06, -0.00115489016753, -0.000105962673842, 0.00284635578282, -0.00686580175534, 0.00689838267863, -0.00380096957088, -0.0114736547694, 0.0237469505519, -0.0167154297233, 0.0118548432365, -0.00757670914754, 0.00655154557899], [-3.8313690311e-05, 0.00100327341352, -0.0013121314114, -0.0034002889879, 0.00954289082438, -0.00656981999055, -0.000329273578245, 0.00983042363077, -0.0167154297233, 0.0289001949131, -0.0196585897356, 0.0122720003128, -0.00952538382262], [0.000174915548996, -0.00115365721285, 0.00158274022397, 0.00497450726107, -0.00951994769275, 0.00384246441536, 0.00187197572086, -0.0111358165741, 0.0118548432365, -0.0196585897356, 0.0343836545944, -0.0191719792783, 0.00845352560282], [-0.000266212329734, 0.00215288437903, -0.00112699216697, -0.00226806825958, 0.00475881574675, -0.00358841521665, -0.00303460936993, 0.0079276971519, -0.00757670914754, 0.0122720003128, -0.0191719792783, 0.0271886512637, -0.00933499075472], [0.000142457531183, -0.00122701108921, 2.7281957955e-05, 0.00237815710716, -0.0041513312608, 0.00229603680782, 0.00220895768143, -0.00553887197748, 0.00655154557899, -0.00952538382262, 0.00845352560282, -0.00933499075472, 0.0183151718229]], "mean": [-22.125, 63.015499115, -83.9608001709, 2.98734664917, -12.9058876038, -14.9357776642, 11.1418390274, -27.5612163544, -4.1864771843, -9.05890750885, -14.2710752487, 1.20844101906, -15.8324403763]}, "hfc": {"dmean": 28.5801811218, "dmean2": 39.3260765076, "dvar": 1367.06506348, "dvar2": 2682.33569336, "max": 641.573730469, "mean": 82.8180465698, "median": 64.7460632324, "min": 1.06509661644e-16, "var": 5263.63623047}, "melbands": {"dmean": [0.00156949774828, 0.00074561801739, 0.000483776355395, 0.000327806075802, 0.000217683089431, 0.000188109319424, 0.00011533916404, 8.75144178281e-05, 0.000108571344754, 0.000106379571662, 0.000112036883365, 0.000127113395138, 0.000100100551208, 6.82440804667e-05, 5.72271419514e-05, 4.59101247543e-05, 3.77615106117e-05, 1.80381539394e-05, 1.5637035176e-05, 1.69629602169e-05, 1.47800001287e-05, 1.0202276826e-05, 8.79736307979e-06, 8.85361259861e-06, 6.26505789114e-06, 5.80139248996e-06, 6.27046574664e-06, 4.35173069491e-06, 4.11108840126e-06, 3.93246500607e-06, 2.98980148727e-06, 2.6069769774e-06, 2.52584527516e-06, 3.30508919433e-06, 1.11123540592e-06, 7.62277693411e-07, 5.90141496559e-07, 4.17418249299e-07, 2.68496336275e-07, 8.80231638689e-08], "dmean2": [0.00259427540004, 0.00127152050845, 0.00077269267058, 0.000507240416482, 0.000338889076374, 0.000287724047666, 0.000179575334187, 0.000134609290399, 0.000167070684256, 0.000167188001797, 0.000175465262146, 0.000205159682082, 0.000162861804711, 0.000110824905278, 9.20540114748e-05, 7.72459679865e-05, 6.28359848633e-05, 2.99911425827e-05, 2.63929177891e-05, 2.89150430035e-05, 2.57673855231e-05, 1.77602905751e-05, 1.48999688463e-05, 1.48056205944e-05, 1.01308414742e-05, 9.42448605201e-06, 9.80632376013e-06, 6.67447375235e-06, 6.2570748014e-06, 5.91175830778e-06, 4.42339842266e-06, 3.84992290492e-06, 3.72078943656e-06, 5.06536889588e-06, 1.61272919286e-06, 1.11774920697e-06, 8.73501335263e-07, 6.27568851996e-07, 4.11067446748e-07, 1.39935679044e-07], "dvar": [1.15893317343e-05, 1.1630767176e-06, 6.51323432521e-07, 3.37484664215e-07, 4.7964397254e-07, 3.57565767217e-07, 1.01725618151e-07, 5.8065630526e-08, 1.64690902693e-07, 8.29192643437e-08, 1.22194478536e-07, 1.86245770806e-07, 7.39499839142e-08, 3.10035055406e-08, 1.8096001142e-08, 8.12386868887e-09, 5.42299849471e-09, 9.86693282634e-10, 8.41573422061e-10, 1.22575505301e-09, 1.07571651586e-09, 5.34161770371e-10, 3.27937704769e-10, 3.09238495921e-10, 1.40844336194e-10, 1.54826582111e-10, 2.14858394965e-10, 6.24319623777e-11, 4.47216812194e-11, 4.21631618508e-11, 2.51132153267e-11, 2.32657330901e-11, 2.16875649384e-11, 8.98038518549e-11, 5.1670937494e-12, 2.41026296144e-12, 1.7416539131e-12, 9.32186294302e-13, 3.39463374945e-13, 3.34795837158e-14], "dvar2": [2.76807368209e-05, 3.1680194752e-06, 1.60394597515e-06, 7.87573867456e-07, 1.19584274216e-06, 8.64934690981e-07, 2.31648556337e-07, 1.20694949146e-07, 3.62409281252e-07, 2.0483999208e-07, 2.90042464712e-07, 4.75756451124e-07, 1.78428109621e-07, 7.57726752454e-08, 4.33594742333e-08, 2.12393373999e-08, 1.42274396708e-08, 2.64591304422e-09, 2.30524421774e-09, 3.40453776282e-09, 3.00066238523e-09, 1.47522616345e-09, 8.80872319531e-10, 8.13124401144e-10, 3.66861346857e-10, 4.11833900316e-10, 5.20153031758e-10, 1.47076129053e-10, 1.02052803708e-10, 9.66154101167e-11, 5.20197530884e-11, 5.06384829901e-11, 4.68196002801e-11, 2.11524200933e-10, 1.09976923401e-11, 4.998472556e-12, 3.65426309004e-12, 2.03305514784e-12, 7.80180824458e-13, 8.02932142974e-14], "max": [0.0345185622573, 0.0147528145462, 0.0206839051098, 0.0132338982075, 0.0200179386884, 0.0170219410211, 0.00924269948155, 0.00825474224985, 0.0177520755678, 0.00918328762054, 0.00983914639801, 0.0163874942809, 0.00962148793042, 0.00499285943806, 0.00502403639257, 0.00226979353465, 0.00176421925426, 0.00053573056357, 0.000320749502862, 0.000638742523734, 0.000501161324792, 0.000356265692972, 0.000303428445477, 0.000253977137618, 0.000179380804184, 0.000458307622466, 0.000261753186351, 0.000148970953887, 0.000238551874645, 0.000190335442312, 0.000165056000696, 0.000179740425665, 7.7214470366e-05, 0.000198182839085, 7.58999813115e-05, 4.91481077916e-05, 4.95144267916e-05, 2.75703532679e-05, 1.03119955384e-05, 2.79424284599e-06], "mean": [0.00162272108719, 0.001096013817, 0.000862318906002, 0.000612277188338, 0.000360610458301, 0.000288718409138, 0.000186314297025, 0.000145237645484, 0.000164327284438, 0.000166038327734, 0.000169024773641, 0.000186685036169, 0.000141692362376, 9.80513068498e-05, 9.165830852e-05, 6.62349557388e-05, 5.74111581955e-05, 2.73635068879e-05, 2.2263304345e-05, 2.32041074923e-05, 1.65701021615e-05, 1.02141921161e-05, 1.02552712633e-05, 1.14370050142e-05, 9.28958525037e-06, 8.59412011778e-06, 9.00701161299e-06, 6.26587734587e-06, 5.66868629903e-06, 5.65143682252e-06, 4.50034076493e-06, 3.58196666639e-06, 3.39792723025e-06, 3.97790017814e-06, 1.37354015806e-06, 8.86779616849e-07, 6.60677528685e-07, 4.377384073e-07, 2.69219640359e-07, 8.39206393266e-08], "median": [0.000572731310967, 0.000715842354111, 0.000422707176767, 0.000265108887106, 8.88448048499e-05, 4.98497538501e-05, 3.70267516701e-05, 3.02925745927e-05, 2.88729715976e-05, 3.31957198796e-05, 3.27407178702e-05, 4.09872445744e-05, 3.48337598552e-05, 2.31627491303e-05, 2.22682429012e-05, 2.49461190833e-05, 2.11879723793e-05, 1.1521747183e-05, 1.08392041511e-05, 1.12834559332e-05, 6.58565068079e-06, 3.5247710457e-06, 3.75953504772e-06, 4.23441906605e-06, 3.77180390387e-06, 3.41289637618e-06, 3.34333890351e-06, 2.65334119831e-06, 2.66078154709e-06, 2.7265348308e-06, 2.04786169888e-06, 1.36214680424e-06, 1.07079256395e-06, 8.02326383109e-07, 3.058603113e-07, 1.51915742208e-07, 8.45432168717e-08, 4.34246807401e-08, 2.20068017143e-08, 7.13555081688e-09], "min": [7.77638964414e-25, 7.75791156351e-25, 8.749491972e-25, 1.31376056991e-24, 6.67792104818e-25, 1.20937238126e-24, 2.84806101094e-24, 1.25701573424e-24, 1.3570313655e-24, 1.7809229133e-24, 2.25002121995e-24, 1.40475971824e-24, 2.65417379157e-24, 8.93217736651e-25, 3.60001131162e-24, 2.09388375592e-24, 2.69805733487e-24, 2.72212528387e-24, 3.09788024341e-24, 2.83509410981e-24, 3.51739469787e-24, 3.51824035676e-24, 4.03803500671e-24, 3.11757593085e-24, 3.45393399349e-24, 4.22017943985e-24, 4.19684059554e-24, 4.91586758913e-24, 4.91951094322e-24, 5.68547792168e-24, 4.78983995977e-24, 4.9481209561e-24, 5.453947246e-24, 5.66819358481e-24, 6.06558857671e-24, 4.79838647882e-24, 4.1430868246e-24, 6.71321971407e-24, 6.80213222669e-24, 5.79313653043e-24], "var": [1.12161133075e-05, 1.59245314535e-06, 1.58245609327e-06, 9.50813330292e-07, 8.63762011249e-07, 6.59766328681e-07, 2.45546885935e-07, 1.5236601314e-07, 3.11680281584e-07, 1.67946254237e-07, 2.55509576164e-07, 3.48834987562e-07, 1.27079076151e-07, 5.91776796455e-08, 5.46023350978e-08, 1.37391600319e-08, 1.01447703571e-08, 1.72863556802e-09, 1.06658959442e-09, 1.28611832295e-09, 9.13145725701e-10, 4.02528371746e-10, 3.16312781523e-10, 3.63248736646e-10, 2.13966150353e-10, 2.08200470753e-10, 2.98000651933e-10, 9.89371223836e-11, 7.1772844612e-11, 6.82942244423e-11, 5.08400821442e-11, 4.12335408873e-11, 3.58439666837e-11, 1.10284524568e-10, 8.35817179357e-12, 3.92841531874e-12, 2.64146820736e-12, 1.21802795714e-12, 3.99414876173e-13, 3.6625260794e-14]}, "melbands_crest": {"dmean": 4.27126502991, "dmean2": 7.06090259552, "dvar": 16.6815090179, "dvar2": 39.688949585, "max": 38.8784713745, "mean": 14.5313577652, "median": 13.6749858856, "min": 1.61934602261, "var": 39.9028053284}, "melbands_flatness_db": {"dmean": 0.0404200553894, "dmean2": 0.0620805583894, "dvar": 0.00152707693633, "dvar2": 0.00314728473313, "max": 0.60246104002, "mean": 0.204141378403, "median": 0.196455061436, "min": 0.00311059411615, "var": 0.00592374196276}, "melbands_kurtosis": {"dmean": 11.9859218597, "dmean2": 19.8706932068, "dvar": 1039.2434082, "dvar2": 2586.29833984, "max": 1485.35717773, "mean": 16.9235458374, "median": 6.04653072357, "min": -1.82310783863, "var": 1586.1796875}, "melbands_skewness": {"dmean": 1.08135402203, "dmean2": 1.73689031601, "dvar": 1.8618324995, "dvar2": 4.70560836792, "max": 29.8712348938, "mean": 2.78831219673, "median": 2.29683303833, "min": -2.54612278938, "var": 5.0903801918}, "melbands_spread": {"dmean": 9.50710487366, "dmean2": 15.099032402, "dvar": 126.855484009, "dvar2": 310.161468506, "max": 176.20425415, "mean": 26.8614902496, "median": 22.3384819031, "min": 0.126182615757, "var": 478.985687256}, "mfcc": {"cov": [[13329.15625, 773.903564453, -596.331481934, 230.658859253, -491.288818359, 156.951126099, -206.172607422, 223.593017578, -262.291412354, 28.0815734863, -82.9550018311, -39.7338409424, -69.2141799927], [773.903564453, 1915.22912598, -379.773712158, -14.0991630554, -252.034622192, 115.298980713, -55.206237793, -131.078643799, -24.5276241302, 13.0546007156, -43.5856552124, -118.31452179, -2.29944729805], [-596.331481934, -379.773712158, 677.194580078, -30.0863208771, 166.291442871, -62.2876243591, 27.0825843811, -8.69818687439, 79.2033004761, 69.2269058228, 21.2200183868, 33.9421234131, 18.227388382], [230.658859253, -14.0991630554, -30.0863208771, 427.778320312, 35.8010368347, 87.9430847168, -14.3368816376, 50.4228744507, 25.6019115448, -4.46174860001, -11.8153343201, 6.38990783691, -19.4743709564], [-491.288818359, -252.034622192, 166.291442871, 35.8010368347, 283.053161621, 32.1723556519, 85.9691925049, 47.5276145935, 41.5759162903, -21.6821403503, 18.0092220306, 48.0070838928, 14.7965974808], [156.951126099, 115.298980713, -62.2876243591, 87.9430847168, 32.1723556519, 195.206512451, 55.9092483521, 12.4315052032, 2.06784009933, -28.5828037262, -20.2397956848, 23.3760604858, 7.01925468445], [-206.172607422, -55.206237793, 27.0825843811, -14.3368816376, 85.9691925049, 55.9092483521, 128.169616699, 44.4819145203, 15.4893751144, -28.5603408813, 16.0651760101, 31.8588562012, 6.29485845566], [223.593017578, -131.078643799, -8.69818687439, 50.4228744507, 47.5276145935, 12.4315052032, 44.4819145203, 146.232162476, 18.3277301788, -6.21567058563, 30.4712677002, 23.3800582886, -0.371440678835], [-262.291412354, -24.5276241302, 79.2033004761, 25.6019115448, 41.5759162903, 2.06784009933, 15.4893751144, 18.3277301788, 113.182945251, 44.4400863647, 9.84253787994, 23.5676574707, 8.68129920959], [28.0815734863, 13.0546007156, 69.2269058228, -4.46174860001, -21.6821403503, -28.5828037262, -28.5603408813, -6.21567058563, 44.4400863647, 103.923439026, 32.8610229492, 4.04926300049, 10.728263855], [-82.9550018311, -43.5856552124, 21.2200183868, -11.8153343201, 18.0092220306, -20.2397956848, 16.0651760101, 30.4712677002, 9.84253787994, 32.8610229492, 90.5369262695, 38.8235359192, 11.8801431656], [-39.7338409424, -118.31452179, 33.9421234131, 6.38990783691, 48.0070838928, 23.3760604858, 31.8588562012, 23.3800582886, 23.5676574707, 4.04926300049, 38.8235359192, 90.9049301147, 21.6864376068], [-69.2141799927, -2.29944729805, 18.227388382, -19.4743709564, 14.7965974808, 7.01925468445, 6.29485845566, -0.371440678835, 8.68129920959, 10.728263855, 11.8801431656, 21.6864376068, 62.3268737793]], "icov": [[9.78317766567e-05, -3.92744186684e-05, 7.75886474003e-06, -1.23819254441e-05, 0.00010353513062, -7.43855271139e-05, 0.000142472941661, -0.000313293479849, 0.000309250957798, -0.000211829974432, 0.000229898185353, -0.000205609525437, 8.97046702448e-05], [-3.92744186684e-05, 0.000780720845796, 0.000305533380015, 5.27877855347e-05, 0.000371463451302, -0.000592931522988, -0.000164405384567, 0.00073869357584, -0.000547461793758, 2.12180129893e-05, -0.00055419804994, 0.00115732860286, -0.000312524760375], [7.75886474003e-06, 0.000305533380015, 0.00223739282228, 7.09660962457e-05, -0.00117662851699, 0.000574586854782, -0.000372744980268, 0.000721674936358, -0.000562339439057, -0.00156953767873, 0.000459037371911, 2.35125498875e-05, -0.000102876074379], [-1.23819254441e-05, 5.27877855347e-05, 7.09660962457e-05, 0.0030592023395, -0.000541959539987, -0.00179017556366, 0.00191653287038, -0.00115003169049, -0.00077298580436, 0.000152510940097, -2.10205053008e-05, 0.00013454312284, 0.00109176966362], [0.00010353513062, 0.000371463451302, -0.00117662851699, -0.000541959539987, 0.00615489110351, -0.000362264545402, -0.00249973521568, -0.000529655313585, -0.00106406991836, 0.00183450139593, -0.000401603290811, -0.000593740318436, -0.000752057007048], [-7.43855271139e-05, -0.000592931522988, 0.000574586854782, -0.00179017556366, -0.000362264545402, 0.0083633987233, -0.00409003533423, 0.00059302902082, 0.000649112218525, -0.000286827184027, 0.00311753456481, -0.00283918296918, -0.000918524398003], [0.000142472941661, -0.000164405384567, -0.000372744980268, 0.00191653287038, -0.00249973521568, -0.00409003533423, 0.0143466284499, -0.00326548912562, -0.00144962524064, 0.00374245899729, -0.00238213641569, -0.000922726176213, 0.000778468442149], [-0.000313293479849, 0.00073869357584, 0.000721674936358, -0.00115003169049, -0.000529655313585, 0.00059302902082, -0.00326548912562, 0.0104589667171, -0.00239078630693, 0.00142599793617, -0.00380785227753, 0.00142969947774, -0.000124049416627], [0.000309250957798, -0.000547461793758, -0.000562339439057, -0.00077298580436, -0.00106406991836, 0.000649112218525, -0.00144962524064, -0.00239078630693, 0.0144555326551, -0.00773284770548, 0.004447422456, -0.00421571638435, 0.000494534964673], [-0.000211829974432, 2.12180129893e-05, -0.00156953767873, 0.000152510940097, 0.00183450139593, -0.000286827184027, 0.00374245899729, 0.00142599793617, -0.00773284770548, 0.0181308146566, -0.00817516166717, 0.00311972247437, -0.002071473049], [0.000229898185353, -0.00055419804994, 0.000459037371911, -2.10205053008e-05, -0.000401603290811, 0.00311753456481, -0.00238213641569, -0.00380785227753, 0.004447422456, -0.00817516166717, 0.019576376304, -0.00875335279852, 0.000158144248417], [-0.000205609525437, 0.00115732860286, 2.35125498875e-05, 0.00013454312284, -0.000593740318436, -0.00283918296918, -0.000922726176213, 0.00142969947774, -0.00421571638435, 0.00311972247437, -0.00875335279852, 0.0191736109555, -0.00454077171162], [8.97046702448e-05, -0.000312524760375, -0.000102876074379, 0.00109176966362, -0.000752057007048, -0.000918524398003, 0.000778468442149, -0.000124049416627, 0.000494534964673, -0.002071473049, 0.000158144248417, -0.00454077171162, 0.0185438506305]], "mean": [-677.671386719, 128.232543945, -12.5794010162, 33.3240013123, -9.94630050659, 28.6690864563, 2.45297908783, 9.34922790527, -0.480308681726, 4.51172351837, -2.49379301071, -1.80477678776, -2.59439468384]}, "pitch_salience": {"dmean": 0.090212315321, "dmean2": 0.149388208985, "dvar": 0.00675703957677, "dvar2": 0.0171470250934, "max": 0.880385637283, "mean": 0.58049684763, "median": 0.595880687237, "min": 0.0337215512991, "var": 0.0145643763244}, "silence_rate_20dB": {"dmean": 0, "dmean2": 0, "dvar": 0, "dvar2": 0, "max": 1, "mean": 1, "median": 1, "min": 1, "var": 0}, "silence_rate_30dB": {"dmean": 0.0107744103298, "dmean2": 0.0215512402356, "dvar": 0.0106577808037, "dvar2": 0.025126459077, "max": 1, "mean": 0.989563465118, "median": 1, "min": 0, "var": 0.0103272385895}, "silence_rate_60dB": {"dmean": 0.0228956229985, "dmean2": 0.0457963868976, "dvar": 0.0223686508834, "dvar2": 0.0506621785462, "max": 1, "mean": 0.0905622243881, "median": 0, "min": 0, "var": 0.0823584124446}, "spectral_centroid": {"dmean": 366.917755127, "dmean2": 522.247680664, "dvar": 154331.9375, "dvar2": 286851.9375, "max": 11585.8564453, "mean": 1637.10083008, "median": 1362.18798828, "min": 128.749938965, "var": 1958565.25}, "spectral_complexity": {"dmean": 5.30572414398, "dmean2": 7.66169023514, "dvar": 36.5385704041, "dvar2": 71.4529953003, "max": 61, "mean": 17.7812824249, "median": 17, "min": 0, "var": 147.851821899}, "spectral_contrast_coeffs": {"dmean": [0.0534084402025, 0.0492545180023, 0.0414469912648, 0.0308831650764, 0.0232239831239, 0.0372020304203], "dmean2": [0.0864098221064, 0.0822110772133, 0.0678164809942, 0.0514108240604, 0.0390488393605, 0.0617904663086], "dvar": [0.00186724332161, 0.00178660720121, 0.00125406100415, 0.000662781996652, 0.000461251387605, 0.00134699244518], "dvar2": [0.00480259628966, 0.00464338297024, 0.00317576620728, 0.00174729432911, 0.00126681022812, 0.00324862776324], "max": [-0.324101150036, -0.381118088961, -0.440277159214, -0.58358001709, -0.661043226719, -0.476986855268], "mean": [-0.676981568336, -0.778302490711, -0.794538497925, -0.806172609329, -0.818501889706, -0.682364046574], "median": [-0.679636001587, -0.793730139732, -0.80761885643, -0.810489475727, -0.819098293781, -0.683750391006], "min": [-0.980166971684, -0.977348864079, -0.982879817486, -0.995338737965, -0.992092132568, -0.964633584023], "var": [0.00846908427775, 0.00715582864359, 0.00566114019603, 0.00270033231936, 0.00156452844385, 0.00501210102811]}, "spectral_contrast_valleys": {"dmean": [0.441822648048, 0.464822500944, 0.474937736988, 0.416955471039, 0.422557264566, 0.791969776154], "dmean2": [0.712310016155, 0.769989728928, 0.765857994556, 0.653508007526, 0.596592366695, 1.19267129898], "dvar": [0.160052925348, 0.182011395693, 0.204617366195, 0.179894208908, 0.193181157112, 0.623437643051], "dvar2": [0.359463334084, 0.432443529367, 0.469897955656, 0.386100381613, 0.329722911119, 1.13974308968], "max": [-5.2960267067, -4.40541505814, -4.90410089493, -5.49554109573, -5.63563203812, -8.36351013184], "mean": [-7.52638864517, -7.37159585953, -7.52205038071, -7.86191320419, -7.9437828064, -11.4235248566], "median": [-7.03813028336, -6.96903038025, -7.08942556381, -7.40074205399, -7.4359960556, -11.0518703461], "min": [-28.5825843811, -28.0520553589, -27.7710418701, -27.6476135254, -27.5462379456, -27.4843864441], "var": [7.32045269012, 7.52276420593, 7.4003033638, 7.12830924988, 7.17380332947, 5.90867519379]}, "spectral_decrease": {"dmean": 2.24264806725e-09, "dmean2": 3.39014438744e-09, "dvar": 1.02145233394e-17, "dvar2": 2.29444565994e-17, "max": 5.6016374872e-10, "mean": -5.0000541485e-09, "median": -3.36164007742e-09, "min": -4.24336974447e-08, "var": 2.83903474003e-17}, "spectral_energy": {"dmean": 0.0101827979088, "dmean2": 0.0147867361084, "dvar": 0.000179937866051, "dvar2": 0.000389209075365, "max": 0.178535327315, "mean": 0.0263832248747, "median": 0.019779542461, "min": 1.00366096949e-20, "var": 0.000578290259}, "spectral_energyband_high": {"dmean": 0.00114579009824, "dmean2": 0.00154973007739, "dvar": 3.01480986309e-06, "dvar2": 5.68843051951e-06, "max": 0.0440406985581, "mean": 0.00196623243392, "median": 0.000997438561171, "min": 7.1685709472e-21, "var": 7.1119598033e-06}, "spectral_energyband_low": {"dmean": 0.00615531951189, "dmean2": 0.0100325820968, "dvar": 0.000121816265164, "dvar2": 0.000287403294351, "max": 0.113056145608, "mean": 0.00835204031318, "median": 0.00449484400451, "min": 1.19160334853e-23, "var": 0.000143594443216}, "spectral_energyband_middle_high": {"dmean": 0.00284626893699, "dmean2": 0.00443687941879, "dvar": 2.4316703275e-05, "dvar2": 5.83137007197e-05, "max": 0.117063499987, "mean": 0.0056536369957, "median": 0.00260514952242, "min": 1.10177741386e-21, "var": 6.63052051095e-05}, "spectral_energyband_middle_low": {"dmean": 0.00358473486267, "dmean2": 0.0053571104072, "dvar": 3.75131203327e-05, "dvar2": 8.82131280378e-05, "max": 0.130317389965, "mean": 0.00907255429775, "median": 0.00486154714599, "min": 1.35726674187e-22, "var": 0.000147967264638}, "spectral_entropy": {"dmean": 0.22431203723, "dmean2": 0.323318660259, "dvar": 0.0560039021075, "dvar2": 0.0988562703133, "max": 9.83045291901, "mean": 7.76025485992, "median": 7.80779838562, "min": 4.93494462967, "var": 0.242684110999}, "spectral_flux": {"dmean": 0.0264967586845, "dmean2": 0.0404861755669, "dvar": 0.000783368945122, "dvar2": 0.00168295158073, "max": 0.302362591028, "mean": 0.0888618826866, "median": 0.0830858871341, "min": 6.25847290658e-11, "var": 0.00264925928786}, "spectral_kurtosis": {"dmean": 3.84866857529, "dmean2": 5.90751504898, "dvar": 29.6006374359, "dvar2": 56.155620575, "max": 84.8710098267, "mean": 12.7404851913, "median": 11.5014925003, "min": -1.25449430943, "var": 62.9376068115}, "spectral_rms": {"dmean": 0.000903300184291, "dmean2": 0.00127839623019, "dvar": 9.31946090077e-07, "dvar2": 1.84819202786e-06, "max": 0.0131977573037, "mean": 0.0045331469737, "median": 0.00439284835011, "min": 3.12918744735e-12, "var": 5.19019749845e-06}, "spectral_rolloff": {"dmean": 3207.5625, "dmean2": 5688.98486328, "dvar": 28947660, "dvar2": 64311268, "max": 22028.4667969, "mean": 9546.1328125, "median": 4112.84179688, "min": 21.533203125, "var": 79135472}, "spectral_skewness": {"dmean": 0.361006259918, "dmean2": 0.53671759367, "dvar": 0.171154797077, "dvar2": 0.314592242241, "max": 6.77233982086, "mean": 2.34240293503, "median": 2.28508996964, "min": -0.0752763822675, "var": 0.513984501362}, "spectral_spread": {"dmean": 793606.625, "dmean2": 1206075.375, "dvar": 840596455424, "dvar2": 1655627186180.0, "max": 42436728, "mean": 5554003, "median": 4900882, "min": 1497633.375, "var": 20732796993500.0}, "spectral_strongpeak": {"dmean": 0.760041832924, "dmean2": 1.366107583