{"lowlevel": {"average_loudness": 0.951535880566, "barkbands": {"dmean": [6.93099991622e-06, 0.000528885517269, 0.00137567310594, 0.00157015980221, 0.00155871512834, 0.000394528877223, 0.000717080314644, 0.00178284640424, 0.000597381324042, 0.000427264982136, 0.000437193753896, 0.000357629469363, 0.000419900257839, 0.000482059142087, 0.00047610126785, 0.000312854448566, 0.000295374833513, 0.000185638011317, 0.0003269968729, 0.000245784030994, 0.000123374979012, 7.70444457885e-05, 6.30034701317e-05, 4.33673849329e-05, 2.55949071288e-05, 9.02622832655e-06, 1.50327525716e-06], "dmean2": [1.21976045193e-05, 0.000900693703443, 0.00236246571876, 0.00258489581756, 0.00249291816726, 0.000633493997157, 0.00111262057908, 0.00281335553154, 0.000922177627217, 0.000656686665025, 0.000666558276862, 0.00056416267762, 0.000667420448735, 0.000751232262701, 0.00072078127414, 0.000467981473776, 0.000444414967205, 0.000279078900348, 0.000485930970171, 0.000376758805942, 0.000193993619177, 0.000118781805213, 0.000104089762317, 6.91813474987e-05, 4.11864457419e-05, 1.45827852975e-05, 2.47462594416e-06], "dvar": [6.72786895639e-11, 4.08261485063e-07, 6.32333694739e-06, 9.3737789939e-06, 4.69320821139e-06, 4.06965483535e-07, 2.4993516945e-06, 3.15870092891e-05, 1.5928483208e-06, 8.9644373702e-07, 1.53817768478e-06, 6.20060404799e-07, 8.852119322e-07, 1.42495252931e-06, 1.12949032882e-06, 6.09210815128e-07, 3.16883756568e-07, 1.09024853145e-07, 4.67924820668e-07, 3.14073872687e-07, 7.47481010421e-08, 4.08110132355e-08, 2.35403607718e-08, 1.49641792291e-08, 7.49040385273e-09, 7.5286449297e-10, 1.32713154702e-11], "dvar2": [1.91205704048e-10, 1.14709609988e-06, 1.75423501787e-05, 2.38471529883e-05, 1.13877786134e-05, 1.00385864243e-06, 5.37179175808e-06, 7.46690493543e-05, 3.4668155422e-06, 2.03717991099e-06, 3.05813728119e-06, 1.45228523252e-06, 2.06786603485e-06, 3.19953937833e-06, 2.35208926824e-06, 1.30505827656e-06, 6.50370282074e-07, 2.32519283827e-07, 9.95868163045e-07, 6.96947040524e-07, 1.76389647777e-07, 8.23976833431e-08, 5.40356630552e-08, 3.28180789211e-08, 1.6711984685e-08, 1.6747896403e-09, 3.20727541747e-11], "max": [8.3216567873e-05, 0.00718386285007, 0.0271649118513, 0.0357983037829, 0.024170069024, 0.00951872393489, 0.0322713106871, 0.063586294651, 0.0227382034063, 0.0226796343923, 0.032228410244, 0.013509856537, 0.0225774385035, 0.027638360858, 0.0182219017297, 0.0138985868543, 0.0147609636188, 0.00958523526788, 0.0137009499595, 0.0111394068226, 0.00670197233558, 0.00953941326588, 0.0053739938885, 0.00411065528169, 0.00250565400347, 0.000789781217463, 5.94090524828e-05], "mean": [7.84475378168e-06, 0.000888387963641, 0.00188873056322, 0.0020749582909, 0.00262518646196, 0.000619648490101, 0.00100823841058, 0.00183960492723, 0.000897611724213, 0.000660764053464, 0.000614639371634, 0.000488844583742, 0.000503967807163, 0.000618422986008, 0.000690976623446, 0.000468360318337, 0.000494464184158, 0.000318651465932, 0.000562450266443, 0.000364951847587, 0.000191440529306, 0.000113658366899, 8.48327763379e-05, 6.23149026069e-05, 3.25326473103e-05, 1.08542271846e-05, 1.60469835464e-06], "median": [4.94184496347e-06, 0.000695686321706, 0.00090729346266, 0.00101674697362, 0.00169497309253, 0.000322104606312, 0.000288877810817, 0.000240370223764, 0.000257793464698, 0.000247318675974, 0.00013685891463, 0.000158036753419, 0.00013278782717, 0.000151423475472, 0.000247481686529, 0.000129580119392, 0.000178147107363, 0.000156119436724, 0.000188259771676, 0.000145315076225, 8.25844545034e-05, 4.60423871118e-05, 3.7480807805e-05, 2.64329937636e-05, 1.06415172922e-05, 2.49162621913e-06, 2.68401379344e-07], "min": [6.61174523247e-26, 9.6705590624e-25, 6.86375103947e-25, 7.9023396693e-25, 8.14644902794e-24, 8.32325563377e-24, 5.21990917593e-24, 5.13534723119e-24, 1.1620867767e-23, 7.62297749732e-24, 1.11947511384e-23, 2.64507854088e-23, 2.60806534498e-23, 3.0388045407e-23, 3.55326428212e-23, 5.86049499654e-23, 7.11546288731e-23, 8.49527211841e-23, 1.34322968781e-22, 1.88006543725e-22, 2.5308475375e-22, 3.01408580512e-22, 4.10479139841e-22, 5.97729778114e-22, 9.12702020408e-22, 1.32253184568e-21, 1.85665696808e-21], "var": [7.40718458792e-11, 6.81860854002e-07, 7.23034509065e-06, 9.77869967755e-06, 8.36669096316e-06, 6.41912151877e-07, 5.21215133631e-06, 3.14588360197e-05, 3.3871310734e-06, 1.68664428202e-06, 3.01216368825e-06, 9.80284653451e-07, 1.18155048767e-06, 2.16711578105e-06, 2.16089119931e-06, 1.21280515941e-06, 8.85807025952e-07, 2.83187574723e-07, 1.06478262296e-06, 5.10911831952e-07, 1.3847147784e-07, 6.93965560572e-08, 3.26679767682e-08, 2.04935410864e-08, 8.89313866992e-09, 9.37870225926e-10, 1.54198806501e-11]}, "barkbands_crest": {"dmean": 2.59861969948, "dmean2": 4.312104702, "dvar": 5.44451761246, "dvar2": 14.5112037659, "max": 25.0580863953, "mean": 8.45938777924, "median": 7.80398750305, "min": 2.39135599136, "var": 11.3115968704}, "barkbands_flatness_db": {"dmean": 0.0226084589958, "dmean2": 0.0345469079912, "dvar": 0.000504869734868, "dvar2": 0.00114395539276, "max": 0.303229808807, "mean": 0.1175339818, "median": 0.112839914858, "min": 0.0223724208772, "var": 0.0015219169436}, "barkbands_kurtosis": {"dmean": 2.17840242386, "dmean2": 3.48113918304, "dvar": 21.2912883759, "dvar2": 55.5106163025, "max": 152.968780518, "mean": 2.11421990395, "median": 0.546419978142, "min": -1.88518559933, "var": 38.3251876831}, "barkbands_skewness": {"dmean": 0.572942197323, "dmean2": 0.866106987, "dvar": 0.343028903008, "dvar2": 0.779550492764, "max": 11.5660200119, "mean": 1.05015182495, "median": 0.990672051907, "min": -3.07141375542, "var": 1.40521264076}, "barkbands_spread": {"dmean": 6.86108541489, "dmean2": 10.7992553711, "dvar": 60.1131629944, "dvar2": 144.020019531, "max": 118.865837097, "mean": 24.7821674347, "median": 23.400056839, "min": 2.24774432182, "var": 147.932495117}, "dissonance": {"dmean": 0.0161074344069, "dmean2": 0.0270553324372, "dvar": 0.00023686917848, "dvar2": 0.00064006895991, "max": 0.499928295612, "mean": 0.47078076005, "median": 0.47568538785, "min": 0.3323802948, "var": 0.000452232314274}, "dynamic_complexity": 3.43454027176, "erbbands": {"dmean": [0.0082325078547, 0.153392091393, 1.15612745285, 4.03343391418, 4.94040155411, 5.57742786407, 3.63112044334, 3.15377354622, 8.59983825684, 25.7410163879, 27.9572486877, 14.7106113434, 12.428855896, 12.7906198502, 18.0400047302, 12.9388713837, 17.8701038361, 21.4863605499, 25.4026813507, 17.9497680664, 16.5534858704, 13.9940500259, 10.2183122635, 10.776722908, 19.4445495605, 10.171746254, 7.09993696213, 3.05526232719, 3.04100680351, 1.82441329956, 2.11292409897, 1.08223772049, 0.679140090942, 0.351992845535, 0.14971151948, 0.052487552166, 0.0146515583619, 0.00269175833091, 0.000270141317742, 1.49419502122e-05], "dmean2": [0.0139989024028, 0.261724621058, 1.99494600296, 6.68174648285, 7.95886945724, 9.04887294769, 5.91147947311, 5.06672716141, 13.4548473358, 39.9886207581, 44.538433075, 22.5625133514, 18.6642837524, 19.798658371, 26.2009162903, 20.0150661469, 27.7962532043, 33.1794891357, 38.5255317688, 25.9954166412, 23.9194698334, 20.4596309662, 14.9830732346, 16.0647182465, 28.2233161926, 15.0933465958, 11.3135786057, 4.68784141541, 4.65769815445, 2.8966383934, 3.53853440285, 1.72097039223, 1.09897470474, 0.569687783718, 0.243078678846, 0.0861731544137, 0.0237164851278, 0.00436849379912, 0.000441816664534, 2.19903431571e-05], "dvar": [9.3030212156e-05, 0.0362692177296, 4.19177722931, 62.8467826843, 60.4948577881, 61.4127883911, 30.9818515778, 30.86195755, 426.661346436, 5333.47558594, 6229.69042969, 1014.43933105, 938.843322754, 973.822265625, 2487.0300293, 829.261901855, 1578.90576172, 2443.06665039, 3417.60498047, 1801.87402344, 1361.9263916, 678.662719727, 345.024047852, 413.808624268, 1923.76281738, 535.187072754, 291.523651123, 42.8597869873, 59.8129844666, 29.5125961304, 26.5549621582, 9.26427173615, 3.91117024422, 1.55103254318, 0.238910064101, 0.0292772091925, 0.00167278840672, 4.47289166914e-05, 4.29985703931e-07, 6.52495057984e-10], "dvar2": [0.000252877536695, 0.10285063833, 11.6597614288, 161.352493286, 152.857345581, 153.691970825, 80.841468811, 76.9811706543, 960.115478516, 12337.8125, 15451.1484375, 2198.47827148, 2045.93823242, 2213.46655273, 4623.0859375, 1888.02209473, 3591.62573242, 5648.00634766, 7369.50244141, 3574.56787109, 2771.42504883, 1359.59301758, 715.643432617, 911.416992188, 3972.36914062, 1156.88415527, 711.39263916, 95.1063613892, 122.446296692, 56.7994003296, 66.0194702148, 20.4626274109, 8.77294158936, 3.47641825676, 0.538140833378, 0.0641254410148, 0.00377388950437, 0.000103036843939, 1.03827824205e-06, 1.5041736745e-09], "max": [0.109300963581, 2.05159854889, 21.8397274017, 100.391670227, 87.8341751099, 85.303314209, 88.4646835327, 113.290077209, 421.132476807, 865.565490723, 811.643615723, 602.969787598, 826.971130371, 783.327270508, 1371.34313965, 667.955566406, 1249.71582031, 917.027648926, 1271.92480469, 862.94342041, 721.333984375, 710.553955078, 641.825805664, 539.62890625, 854.530273438, 526.161621094, 439.840911865, 198.897018433, 342.325012207, 289.098236084, 134.174530029, 97.0658340454, 59.5679588318, 36.8905830383, 17.5945262909, 5.37580633163, 1.09349036217, 0.116965584457, 0.0114127807319, 0.000349903217284], "mean": [0.0140295634046, 0.261793762445, 1.70515143871, 5.4797077179, 7.57448196411, 9.20558643341, 6.41036891937, 4.89681386948, 12.1397619247, 29.1566867828, 30.8461685181, 22.0046024323, 20.035741806, 20.3990802765, 28.4695568085, 19.4335460663, 23.3881950378, 29.3327407837, 37.231388092, 28.4767303467, 28.4407958984, 25.6767349243, 18.7538166046, 20.3654537201, 32.245639801, 16.5108242035, 10.5401744843, 5.05845689774, 4.41905975342, 2.70700955391, 2.63270163536, 1.56861710548, 0.922986030579, 0.455934613943, 0.180751562119, 0.0630092546344, 0.0176100749522, 0.00307637406513, 0.00030145488563, 3.15790312015e-05], "median": [0.0113193448633, 0.210726261139, 0.89407145977, 3.26283025742, 4.74088954926, 5.57397937775, 3.15480065346, 2.75862360001, 3.80659651756, 5.43272018433, 7.19682312012, 6.89231157303, 6.78333091736, 7.71402072906, 7.7433423996, 6.73710823059, 7.37655925751, 7.44148778915, 13.8871746063, 8.99101638794, 9.01099395752, 10.1140823364, 9.11360931396, 10.0557289124, 8.87299156189, 7.17681121826, 4.36427879333, 2.37105941772, 1.72634506226, 1.24391078949, 1.06300449371, 0.702439546585, 0.350594818592, 0.15821442008, 0.052145332098, 0.0155977439135, 0.00370583264157, 0.00061888928758, 6.13566589891e-05, 2.35367551795e-05], "min": [4.35531746603e-23, 3.02427107226e-22, 1.34596563414e-21, 3.91999074753e-21, 1.19122086143e-20, 2.10345874385e-20, 3.54145650102e-20, 8.38796167058e-20, 1.15160679416e-19, 1.7762791171e-19, 2.45160487882e-19, 2.64270841574e-19, 4.33357389676e-19, 5.14716651679e-19, 8.78404495768e-19, 1.24494973189e-18, 1.47050999421e-18, 1.82292016122e-18, 1.81436628651e-18, 3.21514722983e-18, 4.15533643049e-18, 4.77737335599e-18, 4.61289800376e-18, 6.62305897524e-18, 8.25477364954e-18, 7.93790888101e-18, 8.60238306707e-18, 9.42516721467e-18, 9.95488788868e-18, 9.82332481226e-18, 1.08922944538e-17, 1.07754113517e-17, 1.03511471068e-17, 8.50229421295e-18, 6.29874834043e-18, 3.9962265853e-18, 2.37272416013e-18, 9.73380546521e-19, 2.3429319579e-19, 2.65309295747e-20], "var": [0.000153303233674, 0.0584775395691, 4.96687936783, 64.8666687012, 84.5835571289, 112.732330322, 68.0483551025, 42.4993782043, 772.464477539, 5853.5390625, 6119.40136719, 2132.34399414, 1936.52941895, 1849.18041992, 5461.17773438, 1410.95825195, 2302.95703125, 3836.9909668, 5699.06396484, 3831.10913086, 3481.39501953, 2032.48791504, 990.415771484, 944.363037109, 4265.61425781, 954.174804688, 488.127990723, 75.2294769287, 100.609580994, 50.4206733704, 30.7573318481, 12.5218915939, 5.0434384346, 1.82151961327, 0.276112228632, 0.0355979800224, 0.00216425908729, 5.66692797292e-05, 5.12321037149e-07, 1.0185057242e-09]}, "erbbands_crest": {"dmean": 2.73665928841, "dmean2": 4.41081857681, "dvar": 6.71637487411, "dvar2": 15.9352502823, "max": 29.8997344971, "mean": 8.30434036255, "median": 7.43840312958, "min": 2.09322500229, "var": 14.6496801376}, "erbbands_flatness_db": {"dmean": 0.0205803420395, "dmean2": 0.0304897539318, "dvar": 0.000406141829444, "dvar2": 0.00085732183652, "max": 0.322842001915, "mean": 0.158952236176, "median": 0.161112964153, "min": 0.0228615943342, "var": 0.00158916751388}, "erbbands_kurtosis": {"dmean": 0.898804724216, "dmean2": 1.39197337627, "dvar": 1.29828608036, "dvar2": 2.8467643261, "max": 17.8226261139, "mean": 0.216047570109, "median": -0.285103797913, "min": -1.75602543354, "var": 3.13617444038}, "erbbands_skewness": {"dmean": 0.393066704273, "dmean2": 0.584102749825, "dvar": 0.12965747714, "dvar2": 0.281626939774, "max": 3.64923834801, "mean": -0.0463599003851, "median": -0.0273392442614, "min": -3.34631180763, "var": 0.544487416744}, "erbbands_spread": {"dmean": 9.11165237427, "dmean2": 13.7673692703, "dvar": 84.1160049438, "dvar2": 186.335678101, "max": 159.804824829, "mean": 37.3553237915, "median": 34.6220397949, "min": 5.2264714241, "var": 293.172241211}, "gfcc": {"cov": [[37437.4296875, 1516.42907715, -3903.29174805, 1189.7019043, -2039.11535645, 106.485221863, -1359.90515137, -1.91926729679, -811.587097168, -150.75970459, -668.263671875, -418.642211914, -587.717346191], [1516.42907715, 1499.00842285, -289.064880371, -53.8543319702, 216.239456177, -124.491744995, -2.96756339073, -64.4043426514, -44.1050262451, -180.808456421, -9.3028678894, -95.8251266479, 19.4666233063], [-3903.29174805, -289.064880371, 1034.33581543, 5.78738498688, 204.478088379, 11.3529310226, 76.155128479, -41.2240905762, 15.2474164963, 22.2887687683, -22.1611614227, 48.8546791077, 47.0009536743], [1189.7019043, -53.8543319702, 5.78738498688, 338.108520508, -12.948800087, -13.0852537155, -103.071250916, -25.7870006561, -15.5270290375, -2.1930000782, -55.3910980225, -23.9569759369, 2.70367765427], [-2039.11535645, 216.239456177, 204.478088379, -12.948800087, 381.412322998, -7.81503915787, 45.3726730347, -35.1193771362, 41.8698501587, -31.3571453094, 5.76375389099, 8.59710025787, 47.0680770874], [106.485221863, -124.491744995, 11.3529310226, -13.0852537155, -7.81503915787, 192.269180298, 59.0626182556, -3.75967478752, -26.427646637, 23.4394741058, 8.34081077576, 5.71040868759, -6.76677036285], [-1359.90515137, -2.96756339073, 76.155128479, -103.071250916, 45.3726730347, 59.0626182556, 224.599487305, 48.6263923645, -7.29493808746, -11.292883873, 48.557434082, 11.6150922775, 6.79708957672], [-1.91926729679, -64.4043426514, -41.2240905762, -25.7870006561, -35.1193771362, -3.75967478752, 48.6263923645, 115.884056091, 31.3765468597, 8.95202064514, 13.4286346436, 5.16668081284, -6.4027132988], [-811.587097168, -44.1050262451, 15.2474164963, -15.5270290375, 41.8698501587, -26.427646637, -7.29493808746, 31.3765468597, 137.79486084, 43.3566665649, 17.9286899567, -1.18091130257, 4.08549785614], [-150.75970459, -180.808456421, 22.2887687683, -2.1930000782, -31.3571453094, 23.4394741058, -11.292883873, 8.95202064514, 43.3566665649, 111.505813599, 26.1785202026, 4.55954170227, -6.55545377731], [-668.263671875, -9.3028678894, -22.1611614227, -55.3910980225, 5.76375389099, 8.34081077576, 48.557434082, 13.4286346436, 17.9286899567, 26.1785202026, 99.8725128174, 16.9890956879, -0.408377975225], [-418.642211914, -95.8251266479, 48.8546791077, -23.9569759369, 8.59710025787, 5.71040868759, 11.6150922775, 5.16668081284, -1.18091130257, 4.55954170227, 16.9890956879, 75.7132110596, 28.6896877289], [-587.717346191, 19.4666233063, 47.0009536743, 2.70367765427, 47.0680770874, -6.76677036285, 6.79708957672, -6.4027132988, 4.08549785614, -6.55545377731, -0.408377975225, 28.6896877289, 83.2387542725]], "icov": [[0.00025276147062, -0.00040984142106, 0.000597565842327, -0.000514333660249, 0.00076185981743, -0.000527237018105, 0.000951979658566, -0.000622444436885, 0.00109941570554, -0.000604016066063, 0.00115550856572, -0.000406198843848, 0.00100465596188], [-0.00040984142106, 0.00186888733879, -0.00057816808112, 0.00111941283103, -0.00194299779832, 0.00141601322684, -0.00153128488455, 0.00146015209612, -0.00156365567818, 0.00242574117146, -0.00227303872816, 0.00220865453593, -0.00209416169673], [0.000597565842327, -0.00057816808112, 0.00276488740928, -0.00126123940572, 0.00098886876367, -0.00086402130546, 0.00156147859525, -0.000806818949059, 0.00269781029783, -0.00169106316753, 0.00341277034022, -0.00130383961368, 0.00221573654562], [-0.000514333660249, 0.00111941283103, -0.00126123940572, 0.00481137400493, -0.00177824916318, 0.000958018179517, -0.000323384709191, 0.00112300598994, -0.00169039214961, 0.00136821204796, -0.00136795616709, 0.00224471976981, -0.00273090042174], [0.00076185981743, -0.00194299779832, 0.00098886876367, -0.00177824916318, 0.00640615867451, -0.00199374323711, 0.00210299249738, -0.000602333864663, 0.00128451071214, -0.000978189869784, 0.00331783620641, -0.00164323172066, 0.0017730044201], [-0.000527237018105, 0.00141601322684, -0.00086402130546, 0.000958018179517, -0.00199374323711, 0.00776210334152, -0.00427184673026, 0.0024223329965, -0.000692347297445, -0.000498595705722, -0.0017421253724, 0.000894692260772, -0.00162568339147], [0.000951979658566, -0.00153128488455, 0.00156147859525, -0.000323384709191, 0.00210299249738, -0.00427184673026, 0.01131755393, -0.00595137802884, 0.00532759586349, -0.000554078666028, 0.00119061092846, -0.000362121587386, 0.00311564840376], [-0.000622444436885, 0.00146015209612, -0.000806818949059, 0.00112300598994, -0.000602333864663, 0.0024223329965, -0.00595137802884, 0.0133965900168, -0.00601976644248, 0.00208466895856, -0.00215699383989, 0.000136649279739, -0.00186131522059], [0.00109941570554, -0.00156365567818, 0.00269781029783, -0.00169039214961, 0.00128451071214, -0.000692347297445, 0.00532759586349, -0.00601976644248, 0.0153488088399, -0.00679937424138, 0.0041904039681, -0.000429436535342, 0.00385886570439], [-0.000604016066063, 0.00242574117146, -0.00169106316753, 0.00136821204796, -0.000978189869784, -0.000498595705722, -0.000554078666028, 0.00208466895856, -0.00679937424138, 0.0160320326686, -0.00681154523045, 0.00278855254874, -0.00260162865743], [0.00115550856572, -0.00227303872816, 0.00341277034022, -0.00136795616709, 0.00331783620641, -0.0017421253724, 0.00119061092846, -0.00215699383989, 0.0041904039681, -0.00681154523045, 0.0191727224737, -0.00540572730824, 0.00574186304584], [-0.000406198843848, 0.00220865453593, -0.00130383961368, 0.00224471976981, -0.00164323172066, 0.000894692260772, -0.000362121587386, 0.000136649279739, -0.000429436535342, 0.00278855254874, -0.00540572730824, 0.0196314323694, -0.00823139119893], [0.00100465596188, -0.00209416169673, 0.00221573654562, -0.00273090042174, 0.0017730044201, -0.00162568339147, 0.00311564840376, -0.00186131522059, 0.00385886570439, -0.00260162865743, 0.00574186304584, -0.00823139119893, 0.0193731281906]], "mean": [-44.2578964233, 89.9909973145, -127.605163574, 34.7773590088, -52.1954307556, 8.7551651001, -35.4293060303, 6.34483480453, -25.0551948547, -4.16558504105, -16.9715747833, -8.76849365234, -13.2780771255]}, "hfc": {"dmean": 6.79619693756, "dmean2": 9.19627857208, "dvar": 85.5872497559, "dvar2": 158.392822266, "max": 171.132965088, "mean": 17.89336586, "median": 12.9821987152, "min": 1.07313310623e-16, "var": 272.80368042}, "melbands": {"dmean": [0.000108898086182, 0.000452694803244, 0.000666981039103, 0.000392368703615, 0.000139109324664, 7.34719214961e-05, 0.000132665853016, 0.000334045209456, 0.000208422163269, 8.68566494319e-05, 6.29687565379e-05, 5.28724231117e-05, 6.08858499618e-05, 4.41209303972e-05, 3.88623702747e-05, 3.87116924685e-05, 4.35369292973e-05, 4.3261967221e-05, 3.60089215974e-05, 2.13084294955e-05, 2.10593643715e-05, 1.71238880284e-05, 1.2058268112e-05, 8.33412741486e-06, 9.1739157142e-06, 1.4225652194e-05, 1.37959095809e-05, 5.53655763724e-06, 4.7746348173e-06, 2.93990251521e-06, 1.64673178915e-06, 1.90729303995e-06, 1.3141003592e-06, 9.19244257602e-07, 1.30919011099e-06, 9.2564090437e-07, 6.18552462583e-07, 5.30164413703e-07, 3.5848790958e-07, 2.92367417387e-07], "dmean2": [0.000184674339835, 0.000781533017289, 0.00109063333366, 0.00062850798713, 0.000225571144256, 0.000117842762847, 0.000206471930142, 0.000520332774613, 0.000332044786774, 0.000132660919917, 9.54025235842e-05, 8.21416469989e-05, 9.00090381037e-05, 6.84114202159e-05, 6.14491000306e-05, 6.15098470007e-05, 6.79825461702e-05, 6.78314390825e-05, 5.37974920007e-05, 3.14490171149e-05, 3.10099421768e-05, 2.566492185e-05, 1.81396935659e-05, 1.25123615362e-05, 1.40219053719e-05, 2.0925719582e-05, 2.03936469916e-05, 8.43725683808e-06, 7.69495727582e-06, 4.64255617771e-06, 2.57128726844e-06, 2.95367863146e-06, 2.04424554795e-06, 1.49301854435e-06, 2.22246262638e-06, 1.51077358623e-06, 9.84447638075e-07, 8.58771898038e-07, 5.92815013079e-07, 4.74050892763e-07], "dvar": [1.63269078257e-08, 5.93467404997e-07, 1.55335135332e-06, 3.1265784628e-07, 4.20291996761e-08, 1.63672986275e-08, 9.7114458697e-08, 1.02007163605e-06, 2.99624588251e-07, 3.71097854668e-08, 2.37945627646e-08, 1.6548048265e-08, 3.11209866766e-08, 9.61434309943e-09, 9.61287138779e-09, 7.43478656418e-09, 1.12431983723e-08, 1.22848957673e-08, 7.52930606751e-09, 3.28894822488e-09, 2.1276782558e-09, 1.16785348059e-09, 5.39534972255e-10, 2.42069225775e-10, 3.36846467386e-10, 1.01163433186e-09, 1.12679343633e-09, 1.7344836678e-10, 1.40931349923e-10, 3.36387029343e-11, 1.6844295056e-11, 2.19889575298e-11, 1.51134885856e-11, 7.48211562152e-12, 1.05900522726e-11, 5.92269549377e-12, 3.05882858105e-12, 2.37993197198e-12, 1.50789309424e-12, 1.05807767062e-12], "dvar2": [4.46957990619e-08, 1.65922415363e-06, 3.97726535084e-06, 7.49379125864e-07, 1.091973445e-07, 4.03490751921e-08, 2.11518823789e-07, 2.36809319176e-06, 7.43023463201e-07, 7.94181076458e-08, 5.19471221594e-08, 3.76189852602e-08, 6.06615273568e-08, 2.16137880926e-08, 2.24453078346e-08, 1.75197403252e-08, 2.58409631471e-08, 2.71634750248e-08, 1.50017420708e-08, 6.94044288707e-09, 4.50491732806e-09, 2.39248487688e-09, 1.14902254378e-09, 5.16896470071e-10, 7.75300101896e-10, 2.08066675e-09, 2.43739650685e-09, 3.80040471315e-10, 3.44782702388e-10, 8.14176295827e-11, 3.8461952373e-11, 4.74772963999e-11, 2.77531608806e-11, 1.44213269798e-11, 2.69463184405e-11, 1.36938429346e-11, 6.86136911177e-12, 5.3421754867e-12, 3.63777215816e-12, 2.33143604249e-12], "max": [0.00162170082331, 0.00825217738748, 0.0143898678944, 0.00625270744786, 0.00363143533468, 0.00230003311299, 0.00692656682804, 0.012353268452, 0.00540679180995, 0.00341493519954, 0.00398652534932, 0.00355789856985, 0.00530364690349, 0.00180341687519, 0.00209018448368, 0.00196812278591, 0.00210762955248, 0.00277592521161, 0.00200134585612, 0.000975078903139, 0.000868310569786, 0.00105222279672, 0.00044289190555, 0.000620062521193, 0.000513664388563, 0.00089389749337, 0.000622042221949, 0.000331586779794, 0.000293317716569, 0.00012931060337, 0.000119395699585, 0.000187585610547, 0.000201970542548, 0.000150838764966, 8.79392464412e-05, 5.90964118601e-05, 6.10927163507e-05, 4.88730802317e-05, 3.70442103304e-05, 2.86334798147e-05], "mean": [0.00018944767362, 0.000719235627912, 0.000986263970844, 0.000639253063127, 0.000258807762293, 0.000111921646749, 0.000190888968064, 0.000363565050066, 0.000237257379922, 0.000128885600134, 9.70184337348e-05, 7.97290194896e-05, 9.21960527194e-05, 6.47214328637e-05, 4.88235091325e-05, 4.75650158478e-05, 5.60794178455e-05, 5.7948185713e-05, 5.17922380823e-05, 3.09369170282e-05, 3.43991850968e-05, 2.87211678369e-05, 1.99840833375e-05, 1.43214792843e-05, 1.5871022697e-05, 2.34135204664e-05, 2.07994471566e-05, 8.41170003696e-06, 6.63993341732e-06, 4.46243484475e-06, 2.47132993536e-06, 2.60865385826e-06, 1.94787253349e-06, 1.29223587919e-06, 1.53836958816e-06, 1.24894506826e-06, 8.73798285284e-07, 7.07676747425e-07, 4.49961845561e-07, 3.64485089221e-07], "median": [0.000154294597451, 0.000463249947643, 0.000627180561423, 0.000425162666943, 0.000135031383252, 6.10769639025e-05, 5.69093754166e-05, 5.78413528274e-05, 5.75583981117e-05, 3.73853472411e-05, 3.11908479489e-05, 3.03068045469e-05, 2.2894317226e-05, 2.0827017579e-05, 1.42376429721e-05, 1.3009614122e-05, 1.2317988876e-05, 2.00664981094e-05, 1.6810336092e-05, 7.49794435251e-06, 1.08047852336e-05, 9.9502149169e-06, 8.69532868819e-06, 7.11618577043e-06, 7.41844814911e-06, 6.16939178144e-06, 5.51255698156e-06, 3.61399997928e-06, 2.52988320426e-06, 1.8535918116e-06, 1.02307626548e-06, 9.406613799e-07, 7.71040333802e-07, 5.93188701714e-07, 5.88821990277e-07, 5.20877847521e-07, 3.69797618305e-07, 2.51972551268e-07, 1.62488106525e-07, 1.17446106174e-07], "min": [4.89850722579e-25, 1.17728615419e-24, 1.21216139899e-24, 1.48449935626e-24, 1.36547030364e-24, 1.90259879147e-24, 1.44565614111e-24, 1.41767021581e-24, 1.8820633616e-24, 1.04381512915e-24, 1.99256246125e-24, 9.76868645648e-25, 2.03323119915e-24, 3.15020065409e-24, 2.53161991121e-24, 3.20259797871e-24, 2.83710748005e-24, 2.68638179904e-24, 2.83960244988e-24, 3.04442111202e-24, 4.00675233308e-24, 3.55907850254e-24, 4.22834415022e-24, 3.97893985858e-24, 4.15064687308e-24, 5.59399924453e-24, 4.14752377276e-24, 4.56404943046e-24, 3.95125005195e-24, 4.06395224289e-24, 4.93624781061e-24, 4.8395614682e-24, 4.90290108243e-24, 4.78744221705e-24, 5.81810989453e-24, 5.69853238637e-24, 5.69804013716e-24, 6.59898121651e-24, 6.29815502676e-24, 6.01526950615e-24], "var": [2.81823062664e-08, 7.13892745807e-07, 1.70317400716e-06, 5.05191451339e-07, 1.05986437404e-07, 2.2792915999e-08, 1.9684368624e-07, 1.07166147245e-06, 3.10364612233e-07, 7.76862663088e-08, 4.82798476753e-08, 3.08273939709e-08, 6.36924255559e-08, 1.69012928097e-08, 1.25159571596e-08, 9.78972281018e-09, 1.69099330094e-08, 1.77133294699e-08, 1.47803236317e-08, 6.28741636532e-09, 5.16865439337e-09, 3.22855697732e-09, 1.2184049325e-09, 6.8439121037e-10, 6.50608789066e-10, 2.36973662915e-09, 2.02974703711e-09, 2.91324520063e-10, 2.18708329225e-10, 6.2549271318e-11, 2.475417267e-11, 3.47353708297e-11, 2.75261723137e-11, 1.2437874515e-11, 1.1293722034e-11, 7.55291402338e-12, 4.15531498099e-12, 3.10856115154e-12, 1.56872138977e-12, 1.2738615501e-12]}, "melbands_crest": {"dmean": 3.2782804966, "dmean2": 5.40183115005, "dvar": 8.40901565552, "dvar2": 22.228931427, "max": 37.3490638733, "mean": 12.0340166092, "median": 11.5694484711, "min": 1.56916701794, "var": 21.6166591644}, "melbands_flatness_db": {"dmean": 0.0299107860774, "dmean2": 0.0449197404087, "dvar": 0.000937770411838, "dvar2": 0.00203094165772, "max": 0.439212650061, "mean": 0.170490697026, "median": 0.164156317711, "min": 0.00258751073852, "var": 0.00387488049455}, "melbands_kurtosis": {"dmean": 6.03162384033, "dmean2": 9.56335163116, "dvar": 421.974731445, "dvar2": 1237.31274414, "max": 968.528503418, "mean": 9.22663116455, "median": 4.22061920166, "min": -1.79616320133, "var": 741.072570801}, "melbands_skewness": {"dmean": 0.76452511549, "dmean2": 1.15337264538, "dvar": 0.70301502943, "dvar2": 1.63314759731, "max": 24.8085441589, "mean": 2.16692471504, "median": 1.87708497047, "min": -1.21877193451, "var": 2.72596907616}, "melbands_spread": {"dmean": 10.6711006165, "dmean2": 16.4223041534, "dvar": 187.308288574, "dvar2": 417.058227539, "max": 230.543029785, "mean": 32.7820472717, "median": 26.4751091003, "min": 0.571971356869, "var": 648.580871582}, "mfcc": {"cov": [[12832.6708984, 740.218322754, -373.158538818, 386.692718506, -305.026641846, -103.130661011, -224.198410034, -106.473709106, -217.213317871, 113.96421814, -127.647247314, -94.7198638916, -73.6268844604], [740.218322754, 1714.00842285, -238.807495117, 128.30847168, 142.063598633, -26.9140434265, 72.5150909424, 61.1496734619, -8.98624801636, -40.9286155701, -38.2647399902, -72.0001754761, -74.4812316895], [-373.158538818, -238.807495117, 526.660583496, 57.133644104, 20.0058116913, 51.8791923523, 14.9016494751, -38.3406791687, 22.5116081238, -29.4965839386, -42.3050079346, 20.4905643463, -12.5317373276], [386.692718506, 128.30847168, 57.133644104, 306.946685791, 124.620529175, -9.12340068817, -47.0309638977, -17.8829612732, 22.3757476807, -18.7063102722, -41.4606323242, -41.9135742188, -0.681383788586], [-305.026641846, 142.063598633, 20.0058116913, 124.620529175, 268.509857178, 57.5414161682, -48.2309570312, -23.9272441864, 30.9605693817, -21.6098804474, -20.7805271149, -27.4484672546, -15.1469144821], [-103.130661011, -26.9140434265, 51.8791923523, -9.12340068817, 57.5414161682, 172.238845825, 47.3354377747, -13.9904518127, 9.38085746765, -12.8247613907, -5.03665542603, 9.61137199402, -23.4064254761], [-224.198410034, 72.5150909424, 14.9016494751, -47.0309638977, -48.2309570312, 47.3354377747, 185.178466797, 53.3557510376, -7.5195851326, -2.49231743813, -12.8454475403, 14.0103359222, -8.99575424194], [-106.473709106, 61.1496734619, -38.3406791687, -17.8829612732, -23.9272441864, -13.9904518127, 53.3557510376, 118.92339325, 14.0808420181, 0.293780624866, 1.82615089417, -11.4010190964, 6.25059223175], [-217.213317871, -8.98624801636, 22.5116081238, 22.3757476807, 30.9605693817, 9.38085746765, -7.5195851326, 14.0808420181, 103.679161072, 4.52025461197, -6.50548934937, -4.94936656952, -0.38682988286], [113.96421814, -40.9286155701, -29.4965839386, -18.7063102722, -21.6098804474, -12.8247613907, -2.49231743813, 0.293780624866, 4.52025461197, 107.25328064, 29.0146389008, 9.23942184448, 18.1728744507], [-127.647247314, -38.2647399902, -42.3050079346, -41.4606323242, -20.7805271149, -5.03665542603, -12.8454475403, 1.82615089417, -6.50548934937, 29.0146389008, 92.7833786011, 26.4595947266, 7.3621134758], [-94.7198638916, -72.0001754761, 20.4905643463, -41.9135742188, -27.4484672546, 9.61137199402, 14.0103359222, -11.4010190964, -4.94936656952, 9.23942184448, 26.4595947266, 90.9361419678, 16.0172538757], [-73.6268844604, -74.4812316895, -12.5317373276, -0.681383788586, -15.1469144821, -23.4064254761, -8.99575424194, 6.25059223175, -0.38682988286, 18.1728744507, 7.3621134758, 16.0172538757, 80.13256073]], "icov": [[0.000107945175841, -5.06841279275e-05, 7.75674197939e-05, -0.00021947469213, 0.000299840205116, -0.000138749514008, 0.000227683412959, 1.83737065527e-05, 0.000211035323446, -0.000192586216144, 0.000229596815188, -3.30830698658e-05, 0.000132824687171], [-5.06841279275e-05, 0.00079142395407, 0.00034463556949, -0.000154736146214, -0.000585612666328, 0.000425443489803, -0.000626889872365, -0.00017367232067, 3.47157911165e-05, 0.000225109193707, -6.55899702906e-06, 0.000149987579789, 0.00061810715124], [7.75674197939e-05, 0.00034463556949, 0.00243285601027, -0.000739474780858, 0.00026587449247, -0.000450071005616, -0.000259075226495, 0.00059560930822, -0.000292261684081, 0.000265062379185, 0.00107972475234, -0.000755517394282, 0.000599324004725], [-0.00021947469213, -0.000154736146214, -0.000739474780858, 0.0051154862158, -0.00243674311787, 0.00104518223088, 4.75859633298e-05, 0.000275707512628, -0.000739574548788, 0.000417982519139, 0.000631282571703, 0.00126394291874, -0.000998101080768], [0.000299840205116, -0.000585612666328, 0.00026587449247, -0.00243674311787, 0.00673544360325, -0.00294550787657, 0.00238652480766, 0.000297930615488, -0.000496276305057, -9.4419803645e-05, 0.000735217879992, 0.00039876595838, 0.000281263899524], [-0.000138749514008, 0.000425443489803, -0.000450071005616, 0.00104518223088, -0.00294550787657, 0.00831688847393, -0.00332329329103, 0.00152000435628, -0.00079342193203, 0.000685893639456, -0.000712412060238, -0.000475436012493, 0.00158848217689], [0.000227683412959, -0.000626889872365, -0.000259075226495, 4.75859633298e-05, 0.00238652480766, -0.00332329329103, 0.00889459904283, -0.00383537216112, 0.00133986386936, -0.000928269699216, 0.0024087226484, -0.00161233125255, 0.000682448619045], [1.83737065527e-05, -0.00017367232067, 0.00059560930822, 0.000275707512628, 0.000297930615488, 0.00152000435628, -0.00383537216112, 0.0112653048709, -0.00220239791088, 0.000691204855684, -0.00114195246715, 0.00218841386959, -0.00135794072412], [0.000211035323446, 3.47157911165e-05, -0.000292261684081, -0.000739574548788, -0.000496276305057, -0.00079342193203, 0.00133986386936, -0.00220239791088, 0.0110545363277, -0.00142127869185, 0.00116939004511, -0.000256775383605, 0.000490397622343], [-0.000192586216144, 0.000225109193707, 0.000265062379185, 0.000417982519139, -9.4419803645e-05, 0.000685893639456, -0.000928269699216, 0.000691204855684, -0.00142127869185, 0.0111482189968, -0.00352828972973, 0.000442931370344, -0.00219782372005], [0.000229596815188, -6.55899702906e-06, 0.00107972475234, 0.000631282571703, 0.000735217879992, -0.000712412060238, 0.0024087226484, -0.00114195246715, 0.00116939004511, -0.00352828972973, 0.0145766129717, -0.00391648989171, 0.000918885227293], [-3.30830698658e-05, 0.000149987579789, -0.000755517394282, 0.00126394291874, 0.00039876595838, -0.000475436012493, -0.00161233125255, 0.00218841386959, -0.000256775383605, 0.000442931370344, -0.00391648989171, 0.0141327790916, -0.00298038381152], [0.000132824687171, 0.00061810715124, 0.000599324004725, -0.000998101080768, 0.000281263899524, 0.00158848217689, 0.000682448619045, -0.00135794072412, 0.000490397622343, -0.00219782372005, 0.000918885227293, -0.00298038381152, 0.0149729205295]], "mean": [-664.717651367, 114.568405151, -13.3883390427, 24.7492198944, 4.12462854385, 2.40635275841, 1.44528675079, 3.23010993004, -2.69599556923, 4.75455522537, -4.3594622612, -3.25626921654, -4.66730976105]}, "pitch_salience": {"dmean": 0.0730357915163, "dmean2": 0.119393914938, "dvar": 0.00409704633057, "dvar2": 0.0108085609972, "max": 0.941910028458, "mean": 0.609569430351, "median": 0.614442706108, "min": 0.0818129107356, "var": 0.0112769203261}, "silence_rate_20dB": {"dmean": 0, "dmean2": 0, "dvar": 0, "dvar2": 0, "max": 1, "mean": 1, "median": 1, "min": 1, "var": 0}, "silence_rate_30dB": {"dmean": 0, "dmean2": 0, "dvar": 0, "dvar2": 0, "max": 1, "mean": 1, "median": 1, "min": 1, "var": 0}, "silence_rate_60dB": {"dmean": 0.0385823249817, "dmean2": 0.0771761909127, "dvar": 0.0370971001685, "dvar2": 0.0843814238906, "max": 1, "mean": 0.102422252297, "median": 0, "min": 0, "var": 0.091931052506}, "spectral_centroid": {"dmean": 357.42376709, "dmean2": 542.132629395, "dvar": 156045.34375, "dvar2": 341350.09375, "max": 11884.9257812, "mean": 1787.64501953, "median": 1566.46313477, "min": 239.205917358, "var": 2141300.25}, "spectral_complexity": {"dmean": 4.70614624023, "dmean2": 6.45468139648, "dvar": 22.5750923157, "dvar2": 38.4915122986, "max": 57, "mean": 18.8755989075, "median": 19, "min": 0, "var": 98.1843414307}, "spectral_contrast_coeffs": {"dmean": [0.0556247495115, 0.0511636212468, 0.0387339703739, 0.0352776385844, 0.0279702655971, 0.0204249266535], "dmean2": [0.0894760638475, 0.0820211172104, 0.0613347515464, 0.0541719384491, 0.0430266670883, 0.0315003395081], "dvar": [0.00230027874932, 0.00195033859927, 0.00106987170875, 0.000933512696065, 0.00061923020985, 0.000327428395394], "dvar2": [0.00551635073498, 0.00467784050852, 0.00244596903212, 0.00199771649204, 0.0013218014501, 0.000759404618293], "max": [-0.32777389884, -0.441885620356, -0.541643261909, -0.456354349852, -0.559918105602, -0.597017288208], "mean": [-0.63557767868, -0.757764995098, -0.782251894474, -0.774793982506, -0.775264680386, -0.767219901085], "median": [-0.624186336994, -0.765221714973, -0.790738463402, -0.78217124939, -0.778644919395, -0.762959122658], "min": [-0.997374475002, -0.988478064537, -0.977793693542, -0.975336074829, -0.967598080635, -0.97628813982], "var": [0.00937310233712, 0.00634438730776, 0.00446448056027, 0.00437769107521, 0.00336537486874, 0.00220695440657]}, "spectral_contrast_valleys": {"dmean": [0.431997179985, 0.420581400394, 0.368502944708, 0.373738139868, 0.363921493292, 0.437638431787], "dmean2": [0.707213580608, 0.646457076073, 0.549157500267, 0.529115617275, 0.48772418499, 0.602307975292], "dvar": [0.153696849942, 0.161470800638, 0.132524937391, 0.140854924917, 0.155436173081, 0.271943837404], "dvar2": [0.342003107071, 0.31294375658, 0.239642202854, 0.237932801247, 0.239285200834, 0.512237071991], "max": [-6.01625680923, -4.7203950882, -5.44113254547, -5.68071460724, -5.68515777588, -7.53253316879], "mean": [-7.95700502396, -7.33647203445, -7.7766456604, -8.13237476349, -7.95959568024, -10.7304182053], "median": [-7.32925224304, -6.79944324493, -7.24922227859, -7.61395454407, -7.36736297607, -10.1449708939], "min": [-28.3350219727, -28.1548290253, -27.9909114838, -27.7254257202, -27.4870815277, -27.3942127228], "var": [8.53462505341, 9.17831420898, 8.79626274109, 8.6302614212, 8.82561397552, 6.99938631058]}, "spectral_decrease": {"dmean": 1.67108304971e-09, "dmean2": 2.40246222916e-09, "dvar": 5.89683823799e-18, "dvar2": 1.24031572134e-17, "max": 2.34656724797e-28, "mean": -4.37465574876e-09, "median": -3.64988839152e-09, "min": -2.40264075302e-08, "var": 1.27010100627e-17}, "spectral_energy": {"dmean": 0.00678567122668, "dmean2": 0.00966554973274, "dvar": 9.36718352023e-05, "dvar2": 0.000193424435565, "max": 0.0950430035591, "mean": 0.0181339625269, "median": 0.015012787655, "min": 1.00018971897e-20, "var": 0.00021230627317}, "spectral_energyband_high": {"dmean": 0.000356201751856, "dmean2": 0.000537565851118, "dvar": 5.15427757364e-07, "dvar2": 1.07483492684e-06, "max": 0.0261274501681, "mean": 0.000611802272033, "median": 0.00031554166344, "min": 7.01208436962e-21, "var": 1.02631850041e-06}, "spectral_energyband_low": {"dmean": 0.00241339043714, "dmean2": 0.00405262503773, "dvar": 1.89322163351e-05, "dvar2": 5.06134820171e-05, "max": 0.050255857408, "mean": 0.00400373199955, "median": 0.00293573806994, "min": 1.42372417106e-23, "var": 2.18878431042e-05}, "spectral_energyband_middle_high": {"dmean": 0.00219339877367, "dmean2": 0.00298900180496, "dvar": 8.72314649314e-06, "dvar2": 1.49555671669e-05, "max": 0.0395602248609, "mean": 0.00555932428688, "median": 0.00336187472567, "min": 1.18934415503e-21, "var": 3.31623814418e-05}, "spectral_energyband_middle_low": {"dmean": 0.0046606361866, "dmean2": 0.0069552063942, "dvar": 5.89964365645e-05, "dvar2": 0.000126919767354, "max": 0.0786551758647, "mean": 0.00929871201515, "median": 0.00678883399814, "min": 1.23436524206e-22, "var": 9.75050352281e-05}, "spectral_entropy": {"dmean": 0.174779564142, "dmean2": 0.256513923407, "dvar": 0.0346498116851, "dvar2": 0.0720835030079, "max": 9.82176780701, "mean": 7.65199041367, "median": 7.62751579285, "min": 5.9695019722, "var": 0.199228897691}, "spectral_flux": {"dmean": 0.0247633140534, "dmean2": 0.0380204096437, "dvar": 0.000711874978151, "dvar2": 0.00158761418425, "max": 0.265413433313, "mean": 0.0792941749096, "median": 0.0736261755228, "min": 6.34990809933e-11, "var": 0.00203675893135}, "spectral_kurtosis": {"dmean": 1.76638495922, "dmean2": 2.90155625343, "dvar": 5.38267564774, "dvar2": 13.6459579468, "max": 35.5654258728, "mean": 4.55025053024, "median": 3.88608145714, "min": -1.26184570789, "var": 10.133108139}, "spectral_rms": {"dmean": 0.000757694244385, "dmean2": 0.00104861729778, "dvar": 8.0683531678e-07, "dvar2": 1.50200116877e-06, "max": 0.00962937623262, "mean": 0.00382367591374, "median": 0.00382709037513, "min": 3.12377142382e-12, "var": 3.0711207728e-06}, "spectral_rolloff": {"dmean": 665.223999023, "dmean2": 1092.92993164, "dvar": 982877.625, "dvar2": 2232758.75, "max": 19681.3476562, "mean": 2141.90234375, "median": 1582.69042969, "min": 43.06640625, "var": 7252767}, "spectral_skewness": {"dmean": 0.235811889172, "dmean2": 0.370989829302, "dvar": 0.0621272549033, "dvar2": 0.147388398647, "max": 4.39197397232, "mean": 1.4094492197, "median": 1.37024283409, "min": -0.0885131508112, "var": 0.208066761494}, "spectral_spread": {"dmean": 595187.1875, "dmean2": 901508.9375, "dvar": 803949445120, "dvar2": 1690287734780.0, "max": 43686648, "mean": 4728025, "median": 3740824.25, "min": 1344078.75, "var": 27073362001900.0}, "spe