{"lowlevel": {"average_loudness": 0.931663393974, "barkbands": {"dmean": [0.00197788374498, 0.00131383130793, 0.0026993167121, 0.00134577136487, 0.00113571831025, 0.000296384270769, 0.00035012405715, 0.000399524986278, 0.000839277170599, 0.000893757678568, 0.000969649583567, 0.000398864416638, 0.000681516190525, 0.000496336258948, 0.000611004128587, 0.000384767685318, 0.000311620038701, 0.000281705841189, 0.000208063924219, 0.000166321260622, 0.000105402643385, 6.35434989817e-05, 2.02396768145e-05, 3.45736361851e-06, 1.18264608773e-06, 2.41596382011e-07, 9.45184597256e-10], "dmean2": [0.00291756400838, 0.00220792391337, 0.00450777262449, 0.00227784668095, 0.00189478578977, 0.000460814364487, 0.000542916764971, 0.000605334877037, 0.00129264756106, 0.00138427643105, 0.00155334267765, 0.000641501683276, 0.00110160419717, 0.000803443661425, 0.000970516470261, 0.000605980749242, 0.000487641431391, 0.000434259040048, 0.000330810929881, 0.000262351415586, 0.000160944124218, 9.23474508454e-05, 2.98278282571e-05, 5.12242377226e-06, 1.76120465767e-06, 3.91019256085e-07, 1.76209424829e-09], "dvar": [5.03143746755e-06, 6.62708271193e-06, 4.28144048783e-05, 7.44193494029e-06, 5.44947215531e-06, 1.93625183442e-07, 3.7334677927e-07, 8.15700332168e-07, 3.2716759506e-06, 2.84217594526e-06, 6.33168247077e-06, 1.38115456139e-06, 3.82655844078e-06, 1.57295642111e-06, 2.24621771849e-06, 1.01792409168e-06, 4.95322410643e-07, 3.33721999368e-07, 1.34236344707e-07, 1.04220831076e-07, 4.83480135927e-08, 2.06427426264e-08, 2.31039209986e-09, 5.93418439387e-11, 6.25022429646e-12, 2.93114789168e-13, 2.1732541049e-18], "dvar2": [1.0760096302e-05, 1.85257649719e-05, 0.000111974703032, 1.95989850909e-05, 1.49712868733e-05, 4.61169378241e-07, 8.94582512956e-07, 1.90409537026e-06, 7.96715812612e-06, 6.41015367364e-06, 1.6608984879e-05, 3.35432287102e-06, 9.46789168665e-06, 4.17901446781e-06, 5.27544943907e-06, 2.47121283792e-06, 1.19558274037e-06, 7.88776105765e-07, 3.34424441917e-07, 2.44362098556e-07, 1.06570148262e-07, 4.11495122421e-08, 4.98161956131e-09, 1.23627649784e-10, 1.2122568574e-11, 6.81025114774e-13, 6.98064584533e-18], "max": [0.0282067153603, 0.0323295556009, 0.0779173374176, 0.032423608005, 0.0378444828093, 0.011012012139, 0.0146813495085, 0.0194417480379, 0.0395257920027, 0.0508900843561, 0.0652850568295, 0.0483264364302, 0.0840209200978, 0.0241274889559, 0.050741802901, 0.0307605490088, 0.0176204070449, 0.0155115276575, 0.00708521576598, 0.00873807352036, 0.00610709004104, 0.00300260121003, 0.00109144311864, 0.00029640874709, 7.27813094272e-05, 1.59870414791e-05, 1.21577414802e-08], "mean": [0.0042246254161, 0.00230575958267, 0.00375276128761, 0.00178626761772, 0.00197190023027, 0.000626181194093, 0.000729516206775, 0.000714105495717, 0.00154305819888, 0.00178815971594, 0.00154140684754, 0.000614616728853, 0.00119685684331, 0.000805632444099, 0.00098093226552, 0.000672849069815, 0.000548087933566, 0.000546713941731, 0.00041973934276, 0.000330390641466, 0.000226893345825, 0.000143915822264, 4.08529740525e-05, 6.1926325543e-06, 2.13065845855e-06, 3.30307329932e-07, 7.71486985407e-10], "median": [0.00288322847337, 0.000981135992333, 0.00144029955845, 0.000786630553193, 0.00113215739839, 0.000386325700674, 0.000347147288267, 0.000290356227197, 0.00068308704067, 0.000663196085952, 0.000352353614289, 0.000131941778818, 0.000305449997541, 0.000187957033631, 0.000286392401904, 0.000194381180336, 0.0001855805167, 0.000217337568756, 0.000223736162297, 0.000147354905494, 7.50964973122e-05, 4.03671583626e-05, 1.10557330117e-05, 1.62644289503e-06, 3.659531842e-07, 2.06754720011e-08, 2.8555954823e-10], "min": [3.97454819103e-23, 1.30177725605e-22, 5.39624467402e-23, 1.16293606435e-23, 1.70399711057e-22, 1.03583047234e-22, 1.13615332154e-22, 7.91850624943e-23, 5.32524529928e-23, 5.72326601565e-23, 4.36849144315e-23, 1.0937820246e-22, 5.76386963307e-23, 6.1823597122e-23, 9.20853742971e-23, 2.58721234338e-22, 1.56560452828e-22, 2.36385338315e-22, 1.92177787756e-22, 1.9647381065e-22, 4.44067246841e-22, 4.30551699263e-22, 6.26493489497e-22, 9.32022221097e-22, 1.09903990244e-21, 1.99348992818e-21, 2.77737300749e-21], "var": [1.6472346033e-05, 1.05741391963e-05, 4.26955521107e-05, 7.64528795116e-06, 6.7722012318e-06, 5.37731693839e-07, 1.27385146698e-06, 1.56957196396e-06, 6.77037542118e-06, 8.35720493342e-06, 1.16847995741e-05, 3.12661200041e-06, 1.06235966086e-05, 3.21260017699e-06, 4.00687758884e-06, 2.37560357164e-06, 1.10068981485e-06, 9.24564119487e-07, 3.38910524533e-07, 2.94891663088e-07, 1.51027961692e-07, 8.20710468474e-08, 6.99017688177e-09, 1.38337494238e-10, 1.95530102526e-11, 6.36725643998e-13, 1.66586968557e-18]}, "barkbands_crest": {"dmean": 2.14345192909, "dmean2": 3.50884842873, "dvar": 4.7181725502, "dvar2": 12.1688318253, "max": 26.6934318542, "mean": 8.46712017059, "median": 7.60326719284, "min": 2.60711407661, "var": 13.4698476791}, "barkbands_flatness_db": {"dmean": 0.0222295299172, "dmean2": 0.0327720828354, "dvar": 0.000711382192094, "dvar2": 0.00129871745594, "max": 0.72147077322, "mean": 0.19092400372, "median": 0.17437016964, "min": 0.062756806612, "var": 0.00535225542262}, "barkbands_kurtosis": {"dmean": 3.20501589775, "dmean2": 5.03725576401, "dvar": 304.300689697, "dvar2": 729.284729004, "max": 670.779541016, "mean": 3.15810036659, "median": -0.11583301425, "min": -1.92656505108, "var": 375.919830322}, "barkbands_skewness": {"dmean": 0.521224737167, "dmean2": 0.784025669098, "dvar": 0.644788444042, "dvar2": 1.43215501308, "max": 22.1332168579, "mean": 0.950592339039, "median": 0.664531588554, "min": -2.69956994057, "var": 2.04415631294}, "barkbands_spread": {"dmean": 5.191010952, "dmean2": 7.85005140305, "dvar": 33.6539001465, "dvar2": 72.3236236572, "max": 93.156578064, "mean": 25.7572021484, "median": 24.7936820984, "min": 0.0339916907251, "var": 184.267837524}, "dissonance": {"dmean": 0.0210507884622, "dmean2": 0.0348968468606, "dvar": 0.00052124488866, "dvar2": 0.0013024227228, "max": 0.499999970198, "mean": 0.453835994005, "median": 0.466784536839, "min": 0.155443429947, "var": 0.00190396269318}, "dynamic_complexity": 2.97049427032, "erbbands": {"dmean": [0.0178137645125, 0.396072238684, 2.62495326996, 3.8293261528, 4.48741006851, 3.48288798332, 2.63199019432, 2.77606844902, 4.30199193954, 6.72391700745, 8.55631923676, 21.2037124634, 24.0933113098, 30.5090885162, 34.5562019348, 16.551864624, 28.9443283081, 27.6643600464, 34.5271072388, 20.4370269775, 16.969121933, 14.2791872025, 15.0389661789, 12.3605928421, 9.93296909332, 7.48283958435, 5.18739366531, 3.68405914307, 2.50043392181, 1.24025678635, 0.488008111715, 0.121592439711, 0.0431308746338, 0.0169381070882, 0.007241318468, 0.00194060616195, 0.000286624941509, 1.57288159244e-05, 4.44620263806e-06, 9.31204886001e-06], "dmean2": [0.0294010825455, 0.668343603611, 4.4258275032, 6.2772526741, 7.59338712692, 5.72216844559, 4.03800439835, 4.34348630905, 6.594373703, 10.1941127777, 13.3209056854, 32.654209137, 36.5479164124, 47.938583374, 55.2718391418, 26.4056415558, 46.819606781, 44.5867652893, 55.0774307251, 31.9445590973, 25.9435176849, 22.3425292969, 23.1924705505, 19.543296814, 15.9203891754, 11.7376337051, 7.8816037178, 5.60401058197, 3.64367413521, 1.77751028538, 0.720414400101, 0.177905783057, 0.0646272301674, 0.0255265310407, 0.0109137995169, 0.00307143642567, 0.000476614048239, 2.6495750717e-05, 6.52805056234e-06, 1.39778830999e-05], "dvar": [0.000762465002481, 0.629753530025, 39.4346084595, 66.1868362427, 114.672111511, 39.0188407898, 15.6536893845, 20.5048980713, 63.7853507996, 159.984771729, 466.823944092, 2308.02587891, 2702.17138672, 6792.32519531, 8348.57421875, 2444.78442383, 6810.26074219, 4698.51611328, 8688.98242188, 2409.32885742, 1384.56958008, 880.851623535, 1031.25549316, 607.76348877, 319.358459473, 208.499069214, 107.01865387, 69.129234314, 32.3897171021, 8.18910503387, 1.37327718735, 0.0780208334327, 0.00867309980094, 0.00127553357743, 0.000260372558841, 1.94572421606e-05, 4.84469808271e-07, 1.63733648861e-09, 3.15999622302e-11, 1.47756654134e-10], "dvar2": [0.00200102594681, 1.77316844463, 105.325920105, 163.232894897, 314.118652344, 104.907821655, 36.4039535522, 47.4788398743, 149.773864746, 372.871246338, 1114.38049316, 5586.31103516, 5837.05273438, 15903.2080078, 23348.6972656, 5834.25585938, 17722.1953125, 12275.5820313, 20500.2109375, 6136.91894531, 3063.1171875, 2106.43041992, 2513.2199707, 1532.04248047, 813.208984375, 500.424346924, 229.09513855, 153.168182373, 65.3650283813, 15.9132347107, 2.93008446693, 0.16342766583, 0.0177438855171, 0.00259576085955, 0.000528726028278, 4.2279218178e-05, 1.14225360903e-06, 4.26869029013e-09, 6.80114645157e-11, 3.37492367386e-10], "max": [0.440520077944, 9.5001449585, 67.5376739502, 106.672843933, 209.953598022, 90.9396133423, 82.3402786255, 139.355056763, 215.43510437, 265.806976318, 528.026428223, 1151.82641602, 2000.29626465, 2160.14038086, 3118.80102539, 2377.75610352, 2968.99389648, 1402.75854492, 3061.90869141, 1259.16674805, 1146.19580078, 673.207275391, 1103.8359375, 501.281188965, 376.731262207, 313.67956543, 183.589736938, 268.59979248, 115.473899841, 82.970954895, 34.438835144, 9.55918121338, 3.81598258018, 1.10716676712, 0.376553982496, 0.113909453154, 0.0252650137991, 0.00108794937842, 8.38476989884e-05, 0.00012848393817], "mean": [0.035268124193, 0.689489364624, 3.76729822159, 5.73409366608, 6.09222459793, 6.47004795074, 5.89461708069, 5.60399484634, 9.47494029999, 13.972571373, 15.3960704803, 39.8276901245, 54.8149719238, 53.9472732544, 57.8096733093, 29.2445354462, 52.5190467834, 51.6293678284, 57.5922546387, 38.4378204346, 33.1548881531, 27.2877044678, 29.5982189178, 25.6275234222, 20.793466568, 15.200378418, 10.8675870895, 7.91774940491, 5.43817520142, 2.89871931076, 0.967646598816, 0.228287905455, 0.0764901936054, 0.0301968399435, 0.0124352853745, 0.00301366695203, 0.000353985757101, 2.0826677428e-05, 1.61123207363e-05, 3.28886890202e-05], "median": [0.024822069332, 0.323473036289, 1.75932502747, 2.6680803299, 3.00313782692, 3.43684434891, 3.25728678703, 3.38484430313, 4.40905952454, 7.2565984726, 7.54042387009, 17.9946861267, 21.6509037018, 18.0517692566, 14.7946958542, 7.75636672974, 14.3168373108, 15.0262432098, 15.960609436, 13.1344280243, 11.7858428955, 10.5644245148, 12.6090297699, 11.2456560135, 11.1636924744, 7.12957000732, 4.06120491028, 2.41655468941, 1.58782362938, 0.73855638504, 0.25985211134, 0.0637792721391, 0.0193499419838, 0.00604950543493, 0.00183081312571, 0.000310083269142, 3.22369378409e-05, 5.63445973967e-06, 1.42835324368e-05, 2.96425241686e-05], "min": [6.62807263649e-21, 1.93893898236e-20, 5.53304149041e-20, 4.81788375101e-20, 2.05230760729e-19, 6.61032701125e-19, 5.86946889947e-19, 1.25137392672e-18, 1.49072091171e-18, 1.13298432193e-18, 2.38576631684e-18, 1.56117819173e-18, 1.34196354208e-18, 1.55472969847e-18, 2.78410982328e-18, 4.06678798668e-18, 2.95927421017e-18, 3.39608575099e-18, 3.98417001428e-18, 1.00512445039e-17, 1.05224098895e-17, 1.03593709364e-17, 1.25996200535e-17, 1.08547363181e-17, 9.36840029077e-18, 8.40013161704e-18, 1.11723802907e-17, 2.26287945514e-17, 1.43463558463e-17, 1.43974722995e-17, 1.98876056826e-17, 1.86117788494e-17, 1.54959995858e-17, 1.23921093891e-17, 8.24993381577e-18, 6.63393681389e-18, 3.33007384298e-18, 1.78874664178e-18, 3.83263538575e-19, 3.91539545227e-20], "var": [0.00145776127465, 0.918429017067, 38.5454025269, 76.3426055908, 103.037994385, 72.279548645, 58.8892440796, 49.7238693237, 239.732315063, 404.241363525, 797.096252441, 4782.33447266, 9359.2734375, 14792.4160156, 16062.8671875, 5993.59814453, 18386.7324219, 11329.6523438, 15423.9775391, 5448.59570313, 3913.44213867, 2208.98730469, 2606.24462891, 1675.52880859, 829.158752441, 571.08782959, 324.721893311, 213.026794434, 114.947227478, 36.779510498, 3.80262732506, 0.1846883744, 0.0213388837874, 0.00359213654883, 0.000767368241213, 5.00357709825e-05, 8.31118882161e-07, 2.12314499315e-09, 1.2441440933e-10, 4.76636619062e-10]}, "erbbands_crest": {"dmean": 2.49792027473, "dmean2": 4.03054666519, "dvar": 6.07577228546, "dvar2": 15.1793842316, "max": 31.8388690948, "mean": 9.79584980011, "median": 8.83367729187, "min": 2.5568356514, "var": 20.1079788208}, "erbbands_flatness_db": {"dmean": 0.0176361519843, "dmean2": 0.0251035504043, "dvar": 0.000322695501382, "dvar2": 0.00056223309366, "max": 0.473879933357, "mean": 0.232999756932, "median": 0.225327476859, "min": 0.0396865382791, "var": 0.00261032138951}, "erbbands_kurtosis": {"dmean": 0.953243196011, "dmean2": 1.51175940037, "dvar": 2.50544977188, "dvar2": 5.89682292938, "max": 31.370798111, "mean": 0.741057395935, "median": 0.0643773376942, "min": -1.82524073124, "var": 5.98013448715}, "erbbands_skewness": {"dmean": 0.349980682135, "dmean2": 0.529418230057, "dvar": 0.122591786087, "dvar2": 0.270010918379, "max": 4.49771547318, "mean": 0.00984777789563, "median": 0.00178480963223, "min": -4.43507289886, "var": 0.626383364201}, "erbbands_spread": {"dmean": 6.43847608566, "dmean2": 9.69704055786, "dvar": 61.6166343689, "dvar2": 126.994743347, "max": 121.696754456, "mean": 29.2945098877, "median": 25.9969787598, "min": 2.07540106773, "var": 274.787689209}, "gfcc": {"cov": [[9384.72753906, -2564.20043945, -1369.22790527, 855.789672852, -865.392456055, 1141.51623535, -649.56036377, 606.421264648, -424.204162598, 122.643066406, -292.928771973, -203.08203125, -59.5587425232], [-2564.20043945, 1714.40905762, 387.187316895, -583.210388184, 457.51373291, -515.28503418, 291.474212646, -267.411621094, 212.957382202, -148.365768433, 128.809661865, 20.7232208252, 24.0371990204], [-1369.22790527, 387.187316895, 905.033752441, 125.184516907, 94.8934249878, -91.8002471924, 31.3440227509, -48.7832641602, 23.637046814, -8.58531093597, -61.2364730835, 29.1767902374, 2.31492090225], [855.789672852, -583.210388184, 125.184516907, 842.923156738, -155.160797119, 74.4258804321, -78.9666061401, 13.123878479, 29.6331882477, -29.8039608002, -128.905609131, -40.780796051, -17.1806507111], [-865.392456055, 457.51373291, 94.8934249878, -155.160797119, 447.288543701, -76.1019515991, 40.0276298523, -9.05198001862, 35.7007369995, -35.8571586609, 11.3696947098, -13.161980629, 12.8279294968], [1141.51623535, -515.28503418, -91.8002471924, 74.4258804321, -76.1019515991, 433.677307129, -50.5278511047, 77.1127319336, -105.102012634, 67.2197265625, -41.2050323486, -38.5731277466, -7.91802024841], [-649.56036377, 291.474212646, 31.3440227509, -78.9666061401, 40.0276298523, -50.5278511047, 241.154785156, -65.9631118774, 37.9614830017, -10.4002532959, 59.8776817322, 3.3755812645, -14.9185857773], [606.421264648, -267.411621094, -48.7832641602, 13.123878479, -9.05198001862, 77.1127319336, -65.9631118774, 238.914077759, -16.1419372559, 13.3832759857, -21.6626605988, -25.8673439026, -1.33236634731], [-424.204162598, 212.957382202, 23.637046814, 29.6331882477, 35.7007369995, -105.102012634, 37.9614830017, -16.1419372559, 191.257385254, -22.2956047058, -1.92725479603, -8.31802845001, -0.353635489941], [122.643066406, -148.365768433, -8.58531093597, -29.8039608002, -35.8571586609, 67.2197265625, -10.4002532959, 13.3832759857, -22.2956047058, 130.828674316, 16.0014533997, -1.4232827425, -14.6709756851], [-292.928771973, 128.809661865, -61.2364730835, -128.905609131, 11.3696947098, -41.2050323486, 59.8776817322, -21.6626605988, -1.92725479603, 16.0014533997, 167.473205566, 12.0441856384, -27.0174446106], [-203.08203125, 20.7232208252, 29.1767902374, -40.780796051, -13.161980629, -38.5731277466, 3.3755812645, -25.8673439026, -8.31802845001, -1.4232827425, 12.0441856384, 101.265579224, 26.8746051788], [-59.5587425232, 24.0371990204, 2.31492090225, -17.1806507111, 12.8279294968, -7.91802024841, -14.9185857773, -1.33236634731, -0.353635489941, -14.6709756851, -27.0174446106, 26.8746051788, 95.4870147705]], "icov": [[0.000705404323526, -0.00157413375564, 0.00144727376755, -0.00137593003456, 0.00145891227294, -0.0018885639729, 0.00159914582036, -0.00191155064385, 0.00146453804336, -0.000746395613533, 0.000759732734878, -0.000461288058432, 0.000659704266582], [-0.00157413375564, 0.00865008216351, -0.00507316691801, 0.00611675344408, -0.00569336861372, 0.0070746797137, -0.00594118889421, 0.00763637665659, -0.00596394948661, 0.00495773693547, -0.00250214827247, 0.00361349759623, -0.00239130621776], [0.00144727376755, -0.00507316691801, 0.00489848619327, -0.00416493276134, 0.00351971946657, -0.00461557228118, 0.00388641585596, -0.0050082700327, 0.00408792681992, -0.00299167772755, 0.00241461745463, -0.00235376879573, 0.00189455028158], [-0.00137593003456, 0.00611675344408, -0.00416493276134, 0.00607681553811, -0.00370478164405, 0.00512300431728, -0.004204983823, 0.005859894678, -0.00488286465406, 0.00392869813368, -0.00104512262624, 0.00288747786544, -0.001379188383], [0.00145891227294, -0.00569336861372, 0.00351971946657, -0.00370478164405, 0.00684099877253, -0.00508030643687, 0.00427648797631, -0.00562393665314, 0.00399931101128, -0.00245486944914, 0.00200457405299, -0.0013640668476, 0.00142936268821], [-0.0018885639729, 0.0070746797137, -0.00461557228118, 0.00512300431728, -0.00508030643687, 0.00997647736222, -0.00577308190987, 0.00632187072188, -0.00376475229859, 0.00237428070977, -0.00172944692895, 0.00367195741273, -0.0024011656642], [0.00159914582036, -0.00594118889421, 0.00388641585596, -0.004204983823, 0.00427648797631, -0.00577308190987, 0.00991343986243, -0.00468045845628, 0.00360347004607, -0.00273947278038, 0.000520012399647, -0.00199376116507, 0.00237325066701], [-0.00191155064385, 0.00763637665659, -0.0050082700327, 0.005859894678, -0.00562393665314, 0.00632187072188, -0.00468045845628, 0.012245467864, -0.00592724233866, 0.00410902686417, -0.00246895407327, 0.0038685107138, -0.00239748274907], [0.00146453804336, -0.00596394948661, 0.00408792681992, -0.00488286465406, 0.00399931101128, -0.00376475229859, 0.00360347004607, -0.00592724233866, 0.0109164798632, -0.00332224951126, 0.00245091109537, -0.00142582331318, 0.00169272685889], [-0.000746395613533, 0.00495773693547, -0.00299167772755, 0.00392869813368, -0.00245486944914, 0.00237428070977, -0.00273947278038, 0.00410902686417, -0.00332224951126, 0.0118483062834, -0.00225134752691, 0.00185457651969, -0.000129028572701], [0.000759732734878, -0.00250214827247, 0.00241461745463, -0.00104512262624, 0.00200457405299, -0.00172944692895, 0.000520012399647, -0.00246895407327, 0.00245091109537, -0.00225134752691, 0.00914657581598, -0.0019162800163, 0.00328171788715], [-0.000461288058432, 0.00361349759623, -0.00235376879573, 0.00288747786544, -0.0013640668476, 0.00367195741273, -0.00199376116507, 0.0038685107138, -0.00142582331318, 0.00185457651969, -0.0019162800163, 0.0136578027159, -0.00449703494087], [0.000659704266582, -0.00239130621776, 0.00189455028158, -0.001379188383, 0.00142936268821, -0.0024011656642, 0.00237325066701, -0.00239748274907, 0.00169272685889, -0.000129028572701, 0.00328171788715, -0.00449703494087, 0.0133188646287]], "mean": [-53.3171081543, 151.968521118, -166.560684204, 47.4662246704, -49.2347984314, -0.730383813381, -9.2796497345, -9.68268966675, -8.52554798126, -14.9363870621, -10.7160654068, -12.6297483444, -3.45260262489]}, "hfc": {"dmean": 5.84261846542, "dmean2": 8.47707843781, "dvar": 59.5779037476, "dvar2": 123.735679626, "max": 132.046264648, "mean": 21.2100200653, "median": 15.8240394592, "min": 1.22449359256e-16, "var": 337.935913086}, "melbands": {"dmean": [0.000294092198601, 0.00106552999932, 0.000676435709465, 0.000279034255072, 0.000104289822048, 5.93092227064e-05, 6.85517370584e-05, 7.65362201491e-05, 7.46253499528e-05, 0.000138355928357, 0.00012075909035, 0.000122945115436, 0.000119766104035, 5.74196710659e-05, 4.04376223742e-05, 7.81429407652e-05, 5.25915966136e-05, 5.75216981815e-05, 3.30437796947e-05, 3.34743817803e-05, 1.98261550395e-05, 1.71275223693e-05, 1.52243273988e-05, 1.30363368953e-05, 1.07909272629e-05, 8.29722011986e-06, 6.86767907609e-06, 5.19397462995e-06, 3.60795183951e-06, 2.80569656752e-06, 2.18993159251e-06, 1.70159523805e-06, 1.08391247977e-06, 6.10753431829e-07, 3.39173936936e-07, 1.42878249676e-07, 5.90036748349e-08, 3.35361605153e-08, 2.07042614164e-08, 1.29950228356e-08], "dmean2": [0.000479794922285, 0.00179590180051, 0.00111052556895, 0.000470708793728, 0.000161075702636, 9.28591907723e-05, 0.00010515347094, 0.000115379174531, 0.000117624200357, 0.000212047860259, 0.000183905533049, 0.000193560888874, 0.000192459425307, 9.16618882911e-05, 6.47854394629e-05, 0.000126628263388, 8.53399469634e-05, 9.22667750274e-05, 5.22331829416e-05, 5.30557626917e-05, 3.05741923512e-05, 2.7112870157e-05, 2.36981431954e-05, 2.01858365472e-05, 1.73565149453e-05, 1.33796575028e-05, 1.09494740173e-05, 8.31785564515e-06, 5.5317495935e-06, 4.41288102593e-06, 3.38715449288e-06, 2.55789586845e-06, 1.6486816321e-06, 8.99089116047e-07, 5.13247584877e-07, 2.17938392666e-07, 8.92731648605e-08, 5.14955260655e-08, 3.22439213107e-08, 1.98702743148e-08], "dvar": [2.19392845224e-07, 5.93107006353e-06, 1.90300170289e-06, 3.78219425556e-07, 2.42021283015e-08, 8.64743388007e-09, 1.56590189704e-08, 2.23590994608e-08, 3.51100410967e-08, 9.5717872739e-08, 6.76355043083e-08, 1.04577459581e-07, 9.43107707485e-08, 2.40751223402e-08, 1.05812247853e-08, 6.31940011431e-08, 1.99332355066e-08, 2.47656508634e-08, 5.52926504582e-09, 9.34656796403e-09, 2.14074935556e-09, 1.42856160235e-09, 1.07095343704e-09, 7.73349051464e-10, 4.92808849284e-10, 2.38723735224e-10, 2.23995585968e-10, 1.12225319315e-10, 5.35277898395e-11, 3.7264739905e-11, 2.64807654971e-11, 1.59812892087e-11, 6.66442031769e-12, 2.13213843282e-12, 7.13124329553e-13, 1.10555194285e-13, 1.97355779858e-14, 5.29114334744e-15, 1.90302680501e-15, 7.64137750234e-16], "dvar2": [5.8305050743e-07, 1.59651626745e-05, 4.69986298413e-06, 1.0387174143e-06, 5.81050869641e-08, 2.03989607428e-08, 3.69634172159e-08, 5.18527158988e-08, 8.63321503175e-08, 2.27858564017e-07, 1.45923436889e-07, 2.45535886734e-07, 2.60378868688e-07, 6.0467982621e-08, 2.57747725385e-08, 1.55523011358e-07, 5.37229709607e-08, 5.9767344851e-08, 1.31654855906e-08, 2.35242474389e-08, 4.68881022897e-09, 3.44343131786e-09, 2.57766452627e-09, 1.85195347946e-09, 1.27319688126e-09, 6.23433527025e-10, 5.54153889443e-10, 2.78317757729e-10, 1.1448268028e-10, 8.88262588483e-11, 5.8461777086e-11, 3.51651693875e-11, 1.4912633628e-11, 4.37235360765e-12, 1.61529134252e-12, 2.47235446092e-13, 4.43271585887e-14, 1.11506754486e-14, 4.13248697889e-15, 1.60579457937e-15], "max": [0.00626949826255, 0.0273579452187, 0.0162048321217, 0.010501136072, 0.00371752819046, 0.00269008683972, 0.00330163096078, 0.00337089272216, 0.005114661064, 0.00775209488347, 0.00995435751975, 0.00806664675474, 0.00913305953145, 0.00545376772061, 0.00322841620073, 0.0110955135897, 0.0028340134304, 0.00449295900762, 0.00200854497962, 0.00325000379235, 0.00175451359246, 0.000900871236809, 0.00117198692169, 0.000943011022173, 0.00041415632586, 0.000365840853192, 0.000474847620353, 0.000166058453033, 0.000126802027808, 0.000145417187014, 0.000162348194863, 7.76646556915e-05, 6.65303959977e-05, 4.05922692153e-05, 2.35259485635e-05, 8.5523852249e-06, 5.08320863446e-06, 2.92248500955e-06, 1.41384737162e-06, 7.64865944802e-07], "mean": [0.000625892542303, 0.00166771269869, 0.00103237142321, 0.0004444749502, 0.0002368518617, 0.000120214535855, 0.000147908111103, 0.000155332396389, 0.000127941835672, 0.000260097440332, 0.000265974173089, 0.000206721684663, 0.000192734936718, 9.85065780696e-05, 6.66401829221e-05, 0.000138210176374, 8.63470122567e-05, 9.07795911189e-05, 5.52169985895e-05, 5.66798044019e-05, 3.54701915057e-05, 2.96254893328e-05, 2.69338615908e-05, 2.51678084169e-05, 2.01678849407e-05, 1.56016121764e-05, 1.31121169034e-05, 9.41114740272e-06, 6.96264805811e-06, 5.53676363779e-06, 4.31815533375e-06, 3.28781607095e-06, 2.30959267356e-06, 1.2928110209e-06, 6.13413988049e-07, 2.3867559662e-07, 9.86429498084e-08, 5.55360131216e-08, 3.46385249372e-08, 2.15995150654e-08], "median": [0.000421793403802, 0.000917562749237, 0.00052576744929, 0.0002544883464, 0.000130871703732, 7.36263464205e-05, 7.01513126842e-05, 7.64564683777e-05, 5.58914180147e-05, 0.000117618619697, 9.77153467829e-05, 5.83227883908e-05, 4.70488412248e-05, 2.3946422516e-05, 1.62723026733e-05, 3.09815368382e-05, 2.07155699172e-05, 2.06796794373e-05, 1.80155893759e-05, 1.51743843162e-05, 1.23425479615e-05, 1.01472996903e-05, 1.03032725747e-05, 9.98498217086e-06, 8.10674555396e-06, 7.90805552242e-06, 5.80069445277e-06, 3.79607809009e-06, 2.54002679867e-06, 1.72685508915e-06, 1.22379572076e-06, 9.58380269367e-07, 5.6505507473e-07, 3.29689328282e-07, 1.55608063324e-07, 6.28078140608e-08, 2.52485143903e-08, 1.32780613171e-08, 7.32788318913e-09, 3.66792907158e-09], "min": [4.82646527276e-23, 2.64458455618e-23, 1.17142901974e-23, 3.12497875936e-23, 2.59546360756e-23, 2.49324916458e-23, 2.41427109288e-23, 1.12569165332e-23, 1.94908739013e-23, 8.47031902802e-24, 6.5893058375e-24, 6.51862192824e-24, 8.46338809611e-24, 9.70877779554e-24, 1.03729844782e-23, 5.08913891481e-24, 6.73334118918e-24, 5.55002261564e-24, 9.26573221192e-24, 1.82634867966e-23, 9.93839469467e-24, 1.06947908182e-23, 9.84950584787e-24, 1.19612541478e-23, 8.38105705002e-24, 8.66816692078e-24, 5.76882304847e-24, 5.34875816631e-24, 5.05000549745e-24, 1.31984286498e-23, 1.24396422777e-23, 8.20314209462e-24, 7.79756345969e-24, 7.96114717903e-24, 1.21114390647e-23, 9.95764526734e-24, 1.22627204982e-23, 1.03595659542e-23, 1.13380106454e-23, 1.01776514741e-23], "var": [4.36909317614e-07, 6.16292982158e-06, 2.17133515434e-06, 3.86761627169e-07, 9.31882979671e-08, 2.12426165547e-08, 5.75960470428e-08, 5.42477494037e-08, 5.61014559253e-08, 2.05658238883e-07, 2.32168531511e-07, 2.27120423801e-07, 1.72299223777e-07, 5.77768375365e-08, 2.40588260425e-08, 1.69691972474e-07, 3.98397652646e-08, 4.33054694327e-08, 1.08409530242e-08, 1.98755003566e-08, 5.33558752736e-09, 3.14118087097e-09, 2.40708031285e-09, 2.1823902685e-09, 1.18616305667e-09, 5.15442077909e-10, 5.30791854914e-10, 2.50815479497e-10, 1.45156525688e-10, 9.72565708524e-11, 7.41665270865e-11, 4.48390283236e-11, 2.34494802048e-11, 8.03826102902e-12, 1.68968636825e-12, 2.27873086069e-13, 3.83465943732e-14, 1.18506998987e-14, 4.56667056194e-15, 2.0212906039e-15]}, "melbands_crest": {"dmean": 3.10460495949, "dmean2": 5.00573301315, "dvar": 9.97209835052, "dvar2": 25.877872467, "max": 39.4246139526, "mean": 12.8646373749, "median": 11.8662309647, "min": 3.53845238686, "var": 27.0655212402}, "melbands_flatness_db": {"dmean": 0.0271877534688, "dmean2": 0.038211978972, "dvar": 0.00100248854142, "dvar2": 0.00175089458935, "max": 0.800572931767, "mean": 0.230666041374, "median": 0.210364311934, "min": 0.0112237799913, "var": 0.00908159743994}, "melbands_kurtosis": {"dmean": 6.00124025345, "dmean2": 9.24677371979, "dvar": 313.28414917, "dvar2": 724.108825684, "max": 722.347290039, "mean": 8.6330537796, "median": 2.24852752686, "min": -1.87080490589, "var": 512.960266113}, "melbands_skewness": {"dmean": 0.685295879841, "dmean2": 1.03160774708, "dvar": 0.833222985268, "dvar2": 1.77946424484, "max": 17.4838523865, "mean": 1.84946811199, "median": 1.44242715836, "min": -2.74716949463, "var": 3.14543223381}, "melbands_spread": {"dmean": 7.10158967972, "dmean2": 10.7832241058, "dvar": 83.0252914429, "dvar2": 178.071426392, "max": 176.404998779, "mean": 29.405790329, "median": 27.3204593658, "min": 0.046974863857, "var": 354.073242188}, "mfcc": {"cov": [[7957.87158203, -1589.06152344, -1350.36523438, 77.9983215332, -436.588226318, 358.639984131, -81.6742706299, 160.057601929, 44.9437179565, 230.48399353, -70.6774368286, -123.453887939, -181.44960022], [-1589.06152344, 1550.29858398, 20.8984928131, -306.50793457, 105.738182068, -239.666763306, 66.8717803955, -64.0263977051, -13.5634813309, -104.558319092, 31.5884151459, 31.3048839569, 12.5367870331], [-1350.36523438, 20.8984928131, 857.15423584, 174.709671021, 63.0476112366, 34.2781906128, -43.4923667908, -19.3353309631, 16.5454502106, -53.3918571472, -35.9436454773, 26.5537471771, 21.09034729], [77.9983215332, -306.50793457, 174.709671021, 601.018981934, 32.8907814026, 43.1234512329, -118.190879822, 29.7973423004, 54.5917243958, -0.133246973157, -36.3534393311, -33.4888381958, 15.3387031555], [-436.588226318, 105.738182068, 63.0476112366, 32.8907814026, 376.768005371, -49.4009284973, -9.06546878815, 24.7075157166, 53.1339874268, 5.39474201202, -26.3474903107, -15.0207338333, -6.49633359909], [358.639984131, -239.666763306, 34.2781906128, 43.1234512329, -49.4009284973, 318.684692383, 28.379858017, -13.9524297714, 18.5442485809, 1.6021270752, -7.40698766708, -9.18135356903, -34.6476516724], [-81.6742706299, 66.8717803955, -43.4923667908, -118.190879822, -9.06546878815, 28.379858017, 235.989395142, 10.7482500076, -55.5309371948, 3.27735042572, 29.5249099731, 9.42238044739, -5.13730764389], [160.057601929, -64.0263977051, -19.3353309631, 29.7973423004, 24.7075157166, -13.9524297714, 10.7482500076, 137.337646484, 20.2169742584, 15.8066501617, 1.95019185543, -14.3941335678, 8.35907173157], [44.9437179565, -13.5634813309, 16.5454502106, 54.5917243958, 53.1339874268, 18.5442485809, -55.5309371948, 20.2169742584, 179.634231567, 12.0243434906, -46.7453613281, 1.75309491158, -23.7648506165], [230.48399353, -104.558319092, -53.3918571472, -0.133246973157, 5.39474201202, 1.6021270752, 3.27735042572, 15.8066501617, 12.0243434906, 129.111740112, 48.8281021118, -7.69633102417, -8.83116912842], [-70.6774368286, 31.5884151459, -35.9436454773, -36.3534393311, -26.3474903107, -7.40698766708, 29.5249099731, 1.95019185543, -46.7453613281, 48.8281021118, 123.912727356, 27.4693927765, 1.86889350414], [-123.453887939, 31.3048839569, 26.5537471771, -33.4888381958, -15.0207338333, -9.18135356903, 9.42238044739, -14.3941335678, 1.75309491158, -7.69633102417, 27.4693927765, 93.8186798096, 19.6671867371], [-181.44960022, 12.5367870331, 21.09034729, 15.3387031555, -6.49633359909, -34.6476516724, -5.13730764389, 8.35907173157, -23.7648506165, -8.83116912842, 1.86889350414, 19.6671867371, 88.0835494995]], "icov": [[0.000284290523268, 0.000194948923308, 0.000427334220149, -2.51120873145e-05, 0.000225942829275, -0.000153925197083, 0.000145271405927, -0.000272805307759, 0.000128193045384, -0.000294822879368, 0.000417993724113, -0.000103638281871, 0.000469715741929], [0.000194948923308, 0.00108783133328, 0.000205612741411, 0.000405534927268, -7.45110810385e-05, 0.000574291683733, -0.000126569080749, 0.000276170612779, -0.000358846591553, 0.000822000671178, -0.000458220922155, 0.000233930841205, 0.000256808707491], [0.000427334220149, 0.000205612741411, 0.00197936827317, -0.000455328787211, 0.000109706459625, -0.00045871725888, 0.000305362482322, -0.000268564384896, 0.000318979815347, -0.000118738164019, 0.000876567210071, -0.000714297988452, 0.000542386434972], [-2.51120873145e-05, 0.000405534927268, -0.000455328787211, 0.00228289002553, -0.000176120374817, -6.27529734629e-05, 0.000817914959043, -0.000212498343899, -0.000488982826937, 0.000383328355383, -0.00033869681647, 0.000903539999854, -0.000655819254462], [0.000225942829275, -7.45110810385e-05, 0.000109706459625, -0.000176120374817, 0.00318814534694, 0.000305638357531, -9.15794080356e-05, -0.000628724694252, -0.000620070612058, -0.000671098183375, 0.000816077284981, 0.000278159015579, 0.00057612155797], [-0.000153925197083, 0.000574291683733, -0.00045871725888, -6.27529734629e-05, 0.000305638357531, 0.00412688311189, -0.00099079136271, 0.000868066563271, -0.000865078298375, 0.000812203041278, -0.000613559444901, 0.000454231136246, 0.000987258041278], [0.000145271405927, -0.000126569080749, 0.000305362482322, 0.000817914959043, -9.15794080356e-05, -0.00099079136271, 0.00541205191985, -0.00119261676446, 0.00174441607669, -0.000370178342564, 2.42958794843e-05, -0.000617057667114, 0.000704857346136], [-0.000272805307759, 0.000276170612779, -0.000268564384896, -0.000212498343899, -0.000628724694252, 0.000868066563271, -0.00119261676446, 0.00858261901885, -0.00172351882793, 0.00027893166407, -0.00143959885463, 0.00184638414066, -0.00190768018365], [0.000128193045384, -0.000358846591553, 0.000318979815347, -0.000488982826937, -0.000620070612058, -0.000865078298375, 0.00174441607669, -0.00172351882793, 0.00829483289272, -0.00254326872528, 0.0042475098744, -0.00277658621781, 0.00271599809639], [-0.000294822879368, 0.000822000671178, -0.000118738164019, 0.000383328355383, -0.000671098183375, 0.000812203041278, -0.000370178342564, 0.00027893166407, -0.00254326872528, 0.0116665279493, -0.00642424309626, 0.00254846690223, -0.000489928235766], [0.000417993724113, -0.000458220922155, 0.000876567210071, -0.00033869681647, 0.000816077284981, -0.000613559444901, 2.42958794843e-05, -0.00143959885463, 0.0042475098744, -0.00642424309626, 0.013930324465, -0.00493140844628, 0.00203965022229], [-0.000103638281871, 0.000233930841205, -0.000714297988452, 0.000903539999854, 0.000278159015579, 0.000454231136246, -0.000617057667114, 0.00184638414066, -0.00277658621781, 0.00254846690223, -0.00493140844628, 0.0138913020492, -0.00373573717661], [0.000469715741929, 0.000256808707491, 0.000542386434972, -0.000655819254462, 0.00057612155797, 0.000987258041278, 0.000704857346136, -0.00190768018365, 0.00271599809639, -0.000489928235766, 0.00203965022229, -0.00373573717661, 0.0143957072869]], "mean": [-668.700622559, 153.187423706, -35.9959602356, 42.1778945923, -11.076666832, 15.5471429825, -0.0334411747754, 11.591006279, 3.36961436272, 3.83513784409, 0.819400787354, -5.85032939911, -3.02417349815]}, "pitch_salience": {"dmean": 0.0616137944162, "dmean2": 0.099600173533, "dvar": 0.00334352161735, "dvar2": 0.00860975310206, "max": 0.868646681309, "mean": 0.556952476501, "median": 0.558465003967, "min": 0.0269494019449, "var": 0.00983433052897}, "silence_rate_20dB": {"dmean": 0, "dmean2": 0, "dvar": 0, "dvar2": 0, "max": 1, "mean": 1, "median": 1, "min": 1, "var": 0}, "silence_rate_30dB": {"dmean": 0, "dmean2": 0, "dvar": 0, "dvar2": 0, "max": 1, "mean": 1, "median": 1, "min": 1, "var": 0}, "silence_rate_60dB": {"dmean": 0.0184200294316, "dmean2": 0.0368448346853, "dvar": 0.0180780868977, "dvar2": 0.0375608354807, "max": 1, "mean": 0.0592736713588, "median": 0, "min": 0, "var": 0.0557578578591}, "spectral_centroid": {"dmean": 230.057556152, "dmean2": 341.257324219, "dvar": 81971.96875, "dvar2": 151657.203125, "max": 10668.7167969, "mean": 1521.58105469, "median": 1495.72045898, "min": 143.236831665, "var": 494100.34375}, "spectral_complexity": {"dmean": 3.55973529816, "dmean2": 5.28126621246, "dvar": 17.2419662476, "dvar2": 31.6299667358, "max": 56, "mean": 19.7582359314, "median": 19, "min": 0, "var": 105.760879517}, "spectral_contrast_coeffs": {"dmean": [0.0490131676197, 0.0442980751395, 0.044163133949, 0.0368196852505, 0.0281757619232, 0.0314504690468], "dmean2": [0.0802701935172, 0.069875523448, 0.0689134523273, 0.0574892535806, 0.0434542410076, 0.0475482046604], "dvar": [0.00181753758807, 0.00144567503594, 0.00136471656151, 0.000968899519648, 0.000627435336355, 0.00075671763625], "dvar2": [0.00467857439071, 0.00338856666349, 0.00313383457251, 0.00217459420674, 0.00133525778074, 0.00168501888402], "max": [-0.344167381525, -0.415469348431, -0.398410469294, -0.464748561382, -0.490986615419, -0.41086357832], "mean": [-0.61806178093, -0.717782378197, -0.705139815807, -0.731445491314, -0.757725536823, -0.648573637009], "median": [-0.618866801262, -0.72521096468, -0.704162478447, -0.733829200268, -0.762637495995, -0.644008934498], "min": [-0.975538313389, -0.944019198418, -0.952906012535, -0.959819853306, -0.969606757164, -0.95700532198], "var": [0.00557148968801, 0.00617721956223, 0.00625541247427, 0.00524588767439, 0.00315566547215, 0.00447251833975]}, "spectral_contrast_valleys": {"dmean": [0.419206291437, 0.39838039875, 0.40449860692, 0.380979120731, 0.347594976425, 0.563543975353], "dmean2": [0.673988461494, 0.619556844234, 0.613344430923, 0.555537998676, 0.472250103951, 0.762141227722], "dvar": [0.167434304953, 0.175834313035, 0.17767187953, 0.172427177429, 0.177047759295, 0.305045902729], "dvar2": [0.329907357693, 0.332494884729, 0.318698465824, 0.285262823105, 0.252581894398, 0.511265814304], "max": [-5.80015897751, -5.16342067719, -5.13001823425, -5.55446958542, -5.5579791069, -8.94903755188], "mean": [-7.58925533295, -7.21263790131, -7.48969841003, -7.90106582642, -7.74806547165, -12.1004495621], "median": [-7.41383075714, -7.09073543549, -7.33462333679, -7.70510339737, -7.47223377228, -11.6495246887], "min": [-26.7623901367, -27.6057891846, -27.5375347137, -27.2109584808, -27.1042995453, -27.2506828308], "var": [0.77871799469, 0.775177717209, 1.0583114624, 1.21070218086, 1.56338167191, 2.7416779995]}, "spectral_decrease": {"dmean": 2.02199945676e-09, "dmean2": 3.07394509846e-09, "dvar": 7.64012799639e-18, "dvar2": 1.79002513214e-17, "max": 1.1549605804e-31, "mean": -6.78178713187e-09, "median": -6.10024208925e-09, "min": -3.04751708313e-08, "var": 2.04310798887e-17}, "spectral_energy": {"dmean": 0.00803313124925, "dmean2": 0.0121571086347, "dvar": 0.00011597223056, "dvar2": 0.000269672920695, "max": 0.116564340889, "mean": 0.0275198463351, "median": 0.0248341970146, "min": 1.11060839489e-20, "var": 0.000334129610565}, "spectral_energyband_high": {"dmean": 0.000225197392865, "dmean2": 0.00031849599327, "dvar": 2.05945099196e-07, "dvar2": 3.77179134148e-07, "max": 0.010779870674, "mean": 0.00057696015574, "median": 0.000217886612518, "min": 8.11303349215e-21, "var": 8.96490121249e-07}, "spectral_energyband_low": {"dmean": 0.00420727254823, "dmean2": 0.00683079613373, "dvar": 7.30887040845e-05, "dvar2": 0.000184434960829, "max": 0.10122038424, "mean": 0.00807736907154, "median": 0.00550249218941, "min": 2.18951663771e-22, "var": 9.43947525229e-05}, "spectral_energyband_middle_high": {"dmean": 0.00283209467307, "dmean2": 0.00426161382347, "dvar": 1.9016009901e-05, "dvar2": 4.46229169029e-05, "max": 0.0900952368975, "mean": 0.00882857572287, "median": 0.00515439454466, "min": 1.3696216668e-21, "var": 9.89300169749e-05}, "spectral_energyband_middle_low": {"dmean": 0.00326339760795, "dmean2": 0.00522083742544, "dvar": 2.50726789091e-05, "dvar2": 6.51660520816e-05, "max": 0.0743354782462, "mean": 0.00824420247227, "median": 0.00692685786635, "min": 5.41235220396e-22, "var": 4.15466965933e-05}, "spectral_entropy": {"dmean": 0.150998085737, "dmean2": 0.215153113008, "dvar": 0.0390916839242, "dvar2": 0.0677920952439, "max": 9.79423236847, "mean": 7.26673841476, "median": 7.37968349457, "min": 4.15423059464, "var": 0.270807117224}, "spectral_flux": {"dmean": 0.0226455610245, "dmean2": 0.034783963114, "dvar": 0.000723491655663, "dvar2": 0.00156861369032, "max": 0.307288765907, "mean": 0.0775375664234, "median": 0.0706991404295, "min": 1.05385408733e-10, "var": 0.00190768961329}, "spectral_kurtosis": {"dmean": 4.44267749786, "dmean2": 7.45902919769, "dvar": 88.5701065063, "dvar2": 189.292495728, "max": 430.168579102, "mean": 6.82760334015, "median": 3.4654238224, "min": -1.15957641602, "var": 213.420333862}, "spectral_rms": {"dmean": 0.000734699249733, "dmean2": 0.00107461772859, "dvar": 7.71287091084e-07, "dvar2": 1.63769914252e-06, "max": 0.0106640197337, "mean": 0.00484716380015, "median": 0.00492224376649, "min": 3.29168701844e-12, "var": 3.3536346109e-06}, "spectral_rolloff": {"dmean": 340.727813721, "dmean2": 559.130432129, "dvar": 323357.09375, "dvar2": 632955.6875, "max": 18518.5546875, "mean": 1450.87719727, "median": 1378.125, "min": 21.533203125, "var": 980969.625}, "spectral_skewness": {"dmean": 0.399381816387, "dmean2": 0.654032707214, "dvar": 0.304713755846, "dvar2": 0.691485643387, "max": 17.7602558136, "mean": 1.30754852295, "median": 1.08808004856, "min": -0.796795487404, "var": 1.12639379501}, "spectral_spread": {"dmean": 292209.90625, "dmean2": 431224.09375, "dvar": 289485586432, "dvar2": 371586400256, "max": 39112612, "mean": 2803795.75, "m