{"lowlevel": {"average_loudness": 0.915561199188, "barkbands": {"dmean": [0.00236494420096, 0.00836606975645, 0.00632966635749, 0.00233542686328, 0.00255006551743, 0.00204580067657, 0.000797796063125, 0.000467997248052, 0.000606275221799, 0.000570602423977, 0.000553195481189, 0.00079549261136, 0.000658954202663, 0.000401923141908, 0.000355976109859, 0.000122929151985, 0.00011503402493, 0.000106792147562, 8.57394043123e-05, 9.96007001959e-05, 5.43148489669e-05, 2.84466095763e-05, 1.41850259752e-05, 3.88508533433e-06, 2.24160885409e-06, 1.14784297693e-05, 0.000183685071534], "dmean2": [0.00408092606813, 0.0142267411575, 0.0106827011332, 0.00395971862599, 0.00407908856869, 0.00305623048916, 0.00126336049289, 0.000751315441448, 0.000974351889454, 0.000953796668909, 0.000916972756386, 0.00133073353209, 0.00109719054308, 0.000664554245304, 0.000572587305214, 0.000197719346033, 0.000181967043318, 0.000165343910339, 0.000124872938613, 0.000139951618621, 7.6451098721e-05, 3.84804297937e-05, 1.94217609533e-05, 6.06769708611e-06, 3.71568830815e-06, 1.60966937983e-05, 0.00027808023151], "dvar": [3.54250878445e-05, 0.000140713716974, 6.40881189611e-05, 1.07190817289e-05, 2.85133519355e-05, 4.95732165291e-05, 4.9459163165e-06, 1.94135714082e-06, 3.46743127011e-06, 1.69321072008e-06, 1.04686444047e-06, 1.3206422409e-06, 1.26553675273e-06, 3.03224197751e-07, 3.67748413055e-07, 3.13965919929e-08, 3.60329934779e-08, 5.14322238132e-08, 5.89450799282e-08, 2.29067381952e-07, 6.43008917223e-08, 1.38642661796e-08, 1.32685473719e-09, 6.73369623949e-11, 1.36925288816e-11, 6.21961815384e-10, 4.89787090885e-08], "dvar2": [8.94218901522e-05, 0.000373856833903, 0.000180663249921, 2.94916790153e-05, 7.12241380825e-05, 0.000104914826807, 1.08998519863e-05, 4.34286266682e-06, 7.68180780142e-06, 4.440677003e-06, 2.55903910329e-06, 3.57297653863e-06, 3.33918023898e-06, 7.84035307788e-07, 8.65662684646e-07, 7.71254562437e-08, 8.64357758701e-08, 1.21586822388e-07, 1.24972572735e-07, 4.45212435807e-07, 1.21878798609e-07, 2.51986218558e-08, 2.28604712937e-09, 1.5041393131e-10, 3.33529696916e-11, 1.25006127671e-09, 1.00927451285e-07], "max": [0.0885704755783, 0.194515109062, 0.145612001419, 0.0539595112205, 0.17458486557, 0.202427014709, 0.0807846710086, 0.0559438988566, 0.0595755167305, 0.0348997786641, 0.0363139286637, 0.0223320350051, 0.0202566720545, 0.00894339010119, 0.011696129106, 0.00292694685049, 0.00479777436703, 0.00620201369748, 0.00861239526421, 0.0150686400011, 0.0110951196402, 0.00640841666609, 0.00184383883607, 0.000312163581839, 5.78981671424e-05, 0.00130838993937, 0.00599135505036], "mean": [0.00185337162111, 0.0100185824558, 0.00909983087331, 0.0030111328233, 0.00383240147494, 0.00306827668101, 0.00116038753185, 0.000678141310345, 0.000874670862686, 0.000805925345048, 0.000840736029204, 0.00137696776073, 0.00110595708247, 0.000740087474696, 0.000599843566306, 0.000226313233725, 0.000200766051421, 0.000201894086786, 0.000150266481796, 0.000165669494891, 9.52961490839e-05, 5.07880176883e-05, 2.58480686171e-05, 5.28597502125e-06, 2.3202499051e-06, 2.05465021281e-05, 0.000629526795819], "median": [0.000297929771477, 0.00602973159403, 0.00578199187294, 0.00178696378134, 0.00189424084965, 0.00087712390814, 0.000425136007834, 0.000268980453257, 0.00038501227391, 0.000428546074545, 0.00049051217502, 0.000957618583925, 0.000716154288966, 0.000546671217307, 0.000367435975932, 0.000143281125929, 0.000110785353172, 0.000107366329757, 4.61669696961e-05, 3.33562784363e-05, 2.5457204174e-05, 1.70576768141e-05, 1.14701897473e-05, 2.60323440671e-06, 9.58754640124e-07, 1.08144895421e-05, 0.000503460410982], "min": [1.65180768236e-24, 7.44707571495e-24, 2.35760962008e-24, 7.06260305354e-24, 3.19626938154e-23, 3.21840702735e-23, 2.25565798611e-23, 1.6835082156e-23, 3.25134670331e-23, 5.61304258344e-23, 2.02376553881e-23, 3.61659592886e-23, 8.06376709652e-23, 9.52645026778e-23, 7.86565572422e-23, 1.10935211938e-22, 9.9057409019e-23, 1.33928677168e-22, 1.56275566757e-22, 2.29557084537e-22, 3.58653401748e-22, 3.34347246728e-22, 5.60901510142e-22, 7.53149108933e-22, 9.543167177e-22, 1.41387855587e-21, 2.03304030901e-21], "var": [2.8018383091e-05, 0.000141008611536, 9.8380005511e-05, 1.37105325848e-05, 3.89291235479e-05, 0.000102015896118, 9.19073590921e-06, 4.05948640037e-06, 5.69514622839e-06, 2.14061719817e-06, 1.70274586253e-06, 2.29620241043e-06, 1.93379651137e-06, 5.21988340552e-07, 5.93814206695e-07, 6.2093796771e-08, 6.78057432424e-08, 9.92355353446e-08, 1.37595975502e-07, 4.98836698171e-07, 1.45146813679e-07, 3.72003441385e-08, 4.19594137213e-09, 1.09660815151e-10, 1.52595748537e-11, 1.44838208094e-09, 2.67902407813e-07]}, "barkbands_crest": {"dmean": 2.90381383896, "dmean2": 4.87485170364, "dvar": 5.70951461792, "dvar2": 15.6343336105, "max": 26.1482582092, "mean": 9.94298934937, "median": 9.40083408356, "min": 2.63597226143, "var": 14.0412139893}, "barkbands_flatness_db": {"dmean": 0.0269842632115, "dmean2": 0.0438396446407, "dvar": 0.00051842618268, "dvar2": 0.00139638804831, "max": 0.420206725597, "mean": 0.1403285712, "median": 0.135977655649, "min": 0.0394058451056, "var": 0.00175631442107}, "barkbands_kurtosis": {"dmean": 5.16790437698, "dmean2": 8.40936756134, "dvar": 123.366386414, "dvar2": 293.741943359, "max": 440.21875, "mean": 9.05732250214, "median": 5.12358856201, "min": -1.86145508289, "var": 317.875579834}, "barkbands_skewness": {"dmean": 0.705443739891, "dmean2": 1.15184938908, "dvar": 0.495877623558, "dvar2": 1.31991064548, "max": 16.4983825684, "mean": 2.31761479378, "median": 2.10116267204, "min": -1.89339709282, "var": 1.87672793865}, "barkbands_spread": {"dmean": 6.84688186646, "dmean2": 11.0284261703, "dvar": 49.3352012634, "dvar2": 122.069267273, "max": 128.869522095, "mean": 24.3274288177, "median": 22.811208725, "min": 0.490565776825, "var": 154.333618164}, "dissonance": {"dmean": 0.0162080284208, "dmean2": 0.0274793561548, "dvar": 0.00030365792918, "dvar2": 0.000833822705317, "max": 0.500000059605, "mean": 0.473029077053, "median": 0.480227202177, "min": 0.222072854638, "var": 0.000622693623882}, "dynamic_complexity": 3.09069848061, "erbbands": {"dmean": [0.251462966204, 1.93067646027, 7.24852657318, 6.99077320099, 6.56315469742, 8.94246196747, 17.0734901428, 15.3360548019, 12.2647609711, 9.85248374939, 11.5678510666, 14.1260166168, 11.674120903, 20.2655162811, 22.0877857208, 32.0289497375, 30.2800674438, 18.1175498962, 21.0165557861, 11.9553546906, 6.55167484283, 6.00268030167, 5.84872102737, 4.42968416214, 4.43393373489, 4.6546754837, 3.33946061134, 1.73381865025, 1.07943642139, 0.679938435555, 0.37294241786, 0.133161962032, 0.0451357811689, 0.0254596490413, 0.0158269237727, 0.0101405540481, 0.0229155346751, 0.0262725614011, 0.0119894482195, 0.00423260126263], "dmean2": [0.441552579403, 3.25681757927, 12.2663087845, 11.7226743698, 10.8646850586, 14.5669317245, 25.8243217468, 23.1408672333, 19.4025497437, 15.6968164444, 18.489566803, 22.6631965637, 19.0694522858, 33.6637001038, 36.5134811401, 53.3234519958, 50.3226699829, 29.5735378265, 34.0510749817, 19.0420398712, 10.3399267197, 9.42693042755, 9.07793903351, 6.47033023834, 6.47442722321, 6.5561466217, 4.69204139709, 2.44668912888, 1.46724307537, 0.929224491119, 0.519906282425, 0.193658918142, 0.0740594118834, 0.0421783439815, 0.0261711347848, 0.0164370592684, 0.0323605164886, 0.034618537873, 0.0160475801677, 0.00636406429112], "dvar": [0.311922043562, 6.28981685638, 87.4112091064, 78.2077102661, 105.422782898, 448.261169434, 2784.91455078, 3537.13500977, 1436.07897949, 1103.30285645, 1435.37792969, 2166.51855469, 1224.39660645, 1866.25390625, 1338.73266602, 2272.94042969, 2579.87158203, 624.032165527, 1131.35852051, 390.568572998, 97.942779541, 98.2462997437, 137.704269409, 123.04309845, 206.649795532, 461.544219971, 330.946533203, 50.3717803955, 22.3950710297, 5.30444860458, 0.833276391029, 0.0803526267409, 0.0113868676126, 0.00177278195042, 0.000679624034092, 0.000287810253212, 0.00234173727222, 0.00574334990233, 0.00148433598224, 1.97355348064e-05], "dvar2": [0.854377806187, 16.6799659729, 251.544891357, 215.328994751, 265.582183838, 1106.49621582, 6274.40136719, 7080.94140625, 3232.63232422, 2515.1394043, 3261.41210938, 4605.79101562, 3185.6796875, 4469.33837891, 3385.31152344, 5995.68212891, 6854.62402344, 1547.0793457, 2756.97119141, 906.311035156, 234.069656372, 232.441360474, 331.76361084, 246.529174805, 455.174285889, 862.743164062, 645.996398926, 96.7052383423, 42.0573654175, 9.34219074249, 1.53498244286, 0.167488798499, 0.0272121056914, 0.00431537022814, 0.00165809132159, 0.000697966723237, 0.00500091351569, 0.0105440858752, 0.00280337035656, 4.22592893301e-05], "max": [8.17579746246, 32.8180732727, 159.858520508, 146.506698608, 271.140045166, 704.207275391, 1836.36706543, 1980.06774902, 1436.12475586, 1469.79699707, 1432.45898438, 1671.2010498, 1722.20849609, 1620.19360352, 914.932189941, 1148.67089844, 1109.36560059, 519.661560059, 643.751953125, 353.676422119, 168.328872681, 173.79524231, 345.455871582, 299.297058105, 504.084411621, 717.541137695, 751.709289551, 277.53817749, 279.444824219, 100.672996521, 44.6631278992, 11.7895107269, 5.69182872772, 0.698542416096, 0.414695888758, 0.549980401993, 2.39264965057, 3.5844669342, 1.43811058998, 0.0886830538511], "mean": [0.229968994856, 2.50717115402, 10.450345993, 10.339173317, 9.69962692261, 12.4280891418, 24.6571063995, 23.0393848419, 17.5832195282, 15.1854810715, 17.4064426422, 20.4965744019, 18.1056919098, 32.5839958191, 39.3153953552, 58.1940994263, 53.3491630554, 36.6058120728, 38.7258529663, 21.8159160614, 12.691576004, 11.0540657043, 11.1458768845, 8.42964553833, 7.67209482193, 7.8539390564, 5.49112033844, 3.00523710251, 1.90469753742, 1.22257089615, 0.671136081219, 0.216826558113, 0.0507339723408, 0.0265080649406, 0.0166539363563, 0.0122958077118, 0.0406630784273, 0.0525502413511, 0.0304619912058, 0.0198539253324], "median": [0.0921176895499, 1.64571630955, 6.75619220734, 7.39302158356, 5.90780210495, 5.32545614243, 7.14211368561, 6.58853578568, 6.11871623993, 5.70921373367, 7.06823778152, 8.9666967392, 9.49365615845, 19.7986869812, 26.0345420837, 40.04737854, 35.2986106873, 28.0437335968, 26.0302143097, 14.1930131912, 8.03061580658, 6.00224924088, 6.17240476608, 3.42375898361, 2.17399644852, 1.61903619766, 1.10833072662, 0.89845174551, 0.616818666458, 0.464401245117, 0.304515808821, 0.10863571614, 0.0205884352326, 0.0108623662964, 0.00705790799111, 0.00616405857727, 0.0214016139507, 0.0257368329912, 0.0150615284219, 0.017545543611], "min": [1.2277085182e-22, 2.04820239231e-21, 3.40528932438e-21, 1.53235757775e-20, 6.07873964909e-20, 1.24962278536e-19, 2.15771523275e-19, 1.22573988388e-19, 1.96762266564e-19, 4.89067900534e-19, 4.6359828569e-19, 5.76722885878e-19, 1.45014532452e-18, 1.1085127005e-18, 1.10833837218e-18, 2.1106551441e-18, 3.62043884661e-18, 4.78942413675e-18, 4.94496180246e-18, 4.76090377641e-18, 6.49143303309e-18, 6.32489055651e-18, 8.20054534294e-18, 8.65603813751e-18, 8.16017892905e-18, 1.06045638136e-17, 1.51163286477e-17, 1.27342643777e-17, 1.29546087493e-17, 1.24179819443e-17, 1.55349449034e-17, 1.29590780061e-17, 1.22538577303e-17, 1.03080907015e-17, 7.61999193874e-18, 4.31121654897e-18, 2.59882095247e-18, 1.06876305315e-18, 2.73935490604e-19, 3.0296310653e-20], "var": [0.216241255403, 7.53744268417, 126.035499573, 105.091384888, 152.466949463, 582.516174316, 4838.28417969, 8001.09570312, 2487.87915039, 2157.36938477, 2755.88549805, 3465.0793457, 1555.63391113, 2764.79638672, 2360.84008789, 4226.79150391, 4055.08422852, 1159.31237793, 1939.75744629, 658.055847168, 197.981369019, 196.667190552, 256.489105225, 292.690307617, 460.37802124, 1080.58984375, 677.004150391, 111.583816528, 55.8952293396, 15.3976869583, 2.45673465729, 0.184376716614, 0.0137955620885, 0.00199285848066, 0.000761686824262, 0.000372289214283, 0.00515220500529, 0.015882762149, 0.00414808467031, 0.00015633374278]}, "erbbands_crest": {"dmean": 2.43941259384, "dmean2": 4.0453042984, "dvar": 5.50186681747, "dvar2": 13.6663961411, "max": 28.5157737732, "mean": 8.12565994263, "median": 7.19867420197, "min": 2.0392305851, "var": 13.5423526764}, "erbbands_flatness_db": {"dmean": 0.0191983319819, "dmean2": 0.0296947918832, "dvar": 0.000264535308816, "dvar2": 0.000621609040536, "max": 0.318195790052, "mean": 0.147400528193, "median": 0.144998937845, "min": 0.0194000042975, "var": 0.00114264898002}, "erbbands_kurtosis": {"dmean": 0.968739271164, "dmean2": 1.57526266575, "dvar": 2.19154834747, "dvar2": 5.26730012894, "max": 79.4981155396, "mean": 0.676215648651, "median": 0.245476722717, "min": -1.70780384541, "var": 4.0137424469}, "erbbands_skewness": {"dmean": 0.33915951848, "dmean2": 0.531016349792, "dvar": 0.100895158947, "dvar2": 0.227998957038, "max": 7.80940151215, "mean": -0.239471256733, "median": -0.347957015038, "min": -3.15897870064, "var": 0.506805181503}, "erbbands_spread": {"dmean": 6.33800172806, "dmean2": 10.1986818314, "dvar": 31.1770553589, "dvar2": 81.6969909668, "max": 124.438156128, "mean": 29.3111572266, "median": 27.6805648804, "min": 3.166877985, "var": 143.524078369}, "gfcc": {"cov": [[14237.1982422, 1141.44970703, -712.695556641, -130.099105835, 178.020309448, -259.85446167, 257.144042969, -559.326171875, -2.15081143379, -206.704803467, -55.2134017944, 24.3254299164, -170.219497681], [1141.44970703, 683.980773926, -63.2881355286, -247.62638855, 84.3572387695, -57.5565757751, -0.733181357384, -91.181388855, 33.5552482605, -47.5905036926, 20.7732696533, -36.2617454529, 15.3612260818], [-712.695556641, -63.2881355286, 260.414581299, 77.1062850952, -54.3898200989, 95.3517837524, -98.0913238525, 59.7992668152, -23.4470291138, 30.8371334076, -5.36750555038, -0.6409471035, 8.94334697723], [-130.099105835, -247.62638855, 77.1062850952, 285.339111328, 52.7108612061, -21.0223770142, 69.88671875, -5.1256942749, -1.59300804138, -4.25323200226, -22.9193687439, 20.563621521, -38.1018295288], [178.020309448, 84.3572387695, -54.3898200989, 52.7108612061, 197.701324463, 41.6987762451, 88.5753555298, -39.1753082275, 12.8990573883, -40.1767463684, -1.41314554214, -8.46220874786, -17.9510002136], [-259.85446167, -57.5565757751, 95.3517837524, -21.0223770142, 41.6987762451, 210.396453857, -36.5441093445, 55.5459785461, -23.7950725555, 10.2454738617, -2.64271712303, -3.11299610138, 8.90232086182], [257.144042969, -0.733181357384, -98.0913238525, 69.88671875, 88.5753555298, -36.5441093445, 173.142959595, -40.1771736145, 44.9429588318, -26.5797462463, -9.66242599487, 12.1284923553, -43.5335197449], [-559.326171875, -91.181388855, 59.7992668152, -5.1256942749, -39.1753082275, 55.5459785461, -40.1771736145, 157.719467163, 10.3443861008, 52.2569961548, 15.5660142899, -28.6740436554, 35.0447616577], [-2.15081143379, 33.5552482605, -23.4470291138, -1.59300804138, 12.8990573883, -23.7950725555, 44.9429588318, 10.3443861008, 93.0311279297, 27.9392681122, 10.9724216461, 16.2844161987, -29.7274551392], [-206.704803467, -47.5905036926, 30.8371334076, -4.25323200226, -40.1767463684, 10.2454738617, -26.5797462463, 52.2569961548, 27.9392681122, 67.574432373, 29.707824707, 3.54932808876, 14.7011260986], [-55.2134017944, 20.7732696533, -5.36750555038, -22.9193687439, -1.41314554214, -2.64271712303, -9.66242599487, 15.5660142899, 10.9724216461, 29.707824707, 45.7610244751, 17.8039684296, 16.6329193115], [24.3254299164, -36.2617454529, -0.6409471035, 20.563621521, -8.46220874786, -3.11299610138, 12.1284923553, -28.6740436554, 16.2844161987, 3.54932808876, 17.8039684296, 62.6990089417, 1.60499835014], [-170.219497681, 15.3612260818, 8.94334697723, -38.1018295288, -17.9510002136, 8.90232086182, -43.5335197449, 35.0447616577, -29.7274551392, 14.7011260986, 16.6329193115, 1.60499835014, 70.7219390869]], "icov": [[0.000152387481648, -0.000724461453501, 0.0011043085251, -0.00103259761818, 0.000712744309567, -0.000694111338817, 0.00031557874172, 0.000121785589727, 0.000329640693963, -0.000366245745681, 0.000229518249398, -0.000211964754271, 0.000395889772335], [-0.000724461453501, 0.00871609896421, -0.00980557315052, 0.0112231615931, -0.0071892272681, 0.00669930968434, -0.00285116629675, 0.00250328029506, -0.00498883146793, 0.00538895092905, -0.00428928853944, 0.00491911033168, -0.00433404231444], [0.0011043085251, -0.00980557315052, 0.0212982408702, -0.0184012427926, 0.0120896175504, -0.0132417632267, 0.00888281222433, -0.000894651515409, 0.00166530034039, -0.00329767703079, 0.00195413059555, -0.00189773575403, 0.00379635603167], [-0.00103259761818, 0.0112231615931, -0.0184012427926, 0.0249231159687, -0.0166421309114, 0.0156023167074, -0.00797633640468, -0.00201969314367, 0.00385460187681, -0.00346232275479, 0.00593815324828, -0.00486001512036, 0.00178779324051], [0.000712744309567, -0.0071892272681, 0.0120896175504, -0.0166421309114, 0.0220706909895, -0.015129593201, 0.000176674380782, 0.00518610421568, -0.00757018243894, 0.0111819365993, -0.0125217447057, 0.0107287950814, -0.00497737945989], [-0.000694111338817, 0.00669930968434, -0.0132417632267, 0.0156023167074, -0.015129593201, 0.0181232430041, -0.00312694185413, -0.00572432437912, 0.00691969878972, -0.00577585119754, 0.00798110477626, -0.00810694415122, 0.00416096160188], [0.00031557874172, -0.00285116629675, 0.00888281222433, -0.00797633640468, 0.000176674380782, -0.00312694185413, 0.0151332197711, -0.000906056317035, -0.00410968856886, 0.002162004821, 0.00102634285577, -0.0019811114762, 0.00378775619902], [0.000121785589727, 0.00250328029506, -0.000894651515409, -0.00201969314367, 0.00518610421568, -0.00572432437912, -0.000906056317035, 0.0181293897331, -0.0114595834166, 0.00282801757567, -0.00984777230769, 0.0168607998639, -0.0122014200315], [0.000329640693963, -0.00498883146793, 0.00166530034039, 0.00385460187681, -0.00757018243894, 0.00691969878972, -0.00410968856886, -0.0114595834166, 0.0360857024789, -0.0278564617038, 0.0186724271625, -0.0230243243277, 0.0211893208325], [-0.000366245745681, 0.00538895092905, -0.00329767703079, -0.00346232275479, 0.0111819365993, -0.00577585119754, 0.002162004821, 0.00282801757567, -0.0278564617038, 0.055091354996, -0.03762409091, 0.0216372516006, -0.0148091204464], [0.000229518249398, -0.00428928853944, 0.00195413059555, 0.00593815324828, -0.0125217447057, 0.00798110477626, 0.00102634285577, -0.00984777230769, 0.0186724271625, -0.03762409091, 0.0597589835525, -0.0303887724876, 0.00806974526495], [-0.000211964754271, 0.00491911033168, -0.00189773575403, -0.00486001512036, 0.0107287950814, -0.00810694415122, -0.0019811114762, 0.0168607998639, -0.0230243243277, 0.0216372516006, -0.0303887724876, 0.0434306040406, -0.0178022589535], [0.000395889772335, -0.00433404231444, 0.00379635603167, 0.00178779324051, -0.00497737945989, 0.00416096160188, 0.00378775619902, -0.0122014200315, 0.0211893208325, -0.0148091204464, 0.00806974526495, -0.0178022589535, 0.0335991084576]], "mean": [-1.28400921822, 104.73274231, -92.0172958374, -3.52143716812, -1.12064576149, -8.2058172226, 2.54930615425, -27.4012928009, -4.2841463089, -11.5975599289, -5.4391875267, -2.28695034981, -14.525844574]}, "hfc": {"dmean": 46.0057601929, "dmean2": 75.5627212524, "dvar": 2837.9453125, "dvar2": 7752.20166016, "max": 1020.29980469, "mean": 144.219223022, "median": 128.379882812, "min": 1.09760852028e-16, "var": 8014.74609375}, "melbands": {"dmean": [0.00228321296163, 0.0032812866848, 0.00112956482917, 0.000530741235707, 0.000548051670194, 0.000347018707544, 0.000178147689439, 0.000101574252767, 0.000100417651993, 8.63329623826e-05, 6.1031041696e-05, 8.59487408889e-05, 8.09519333416e-05, 8.72673117556e-05, 8.90637893463e-05, 5.68076611671e-05, 3.35588265443e-05, 3.76632669941e-05, 2.69239299087e-05, 9.574690921e-06, 8.30700537335e-06, 7.01302951711e-06, 5.5633690863e-06, 5.57621569897e-06, 3.63831122741e-06, 3.54212784259e-06, 2.89630929728e-06, 3.4853321722e-06, 2.61598734141e-06, 1.29737236421e-06, 9.5959853752e-07, 6.64046524435e-07, 5.08841594637e-07, 3.44059742474e-07, 2.38597522184e-07, 1.5354483196e-07, 5.86177506534e-08, 3.33165921518e-08, 2.46157476624e-08, 2.04409378313e-08], "dmean2": [0.00389580079354, 0.00552825909108, 0.00188466813415, 0.00085723673692, 0.000837494852021, 0.000522031041328, 0.000281865941361, 0.00016194251657, 0.000161282267072, 0.000138558170875, 0.000100145101896, 0.000143215962453, 0.000134136833367, 0.000146124250023, 0.000150100313476, 9.47493681451e-05, 5.53027930437e-05, 6.21994258836e-05, 4.35705660493e-05, 1.55878606165e-05, 1.33522189572e-05, 1.12307207019e-05, 8.7450225692e-06, 8.80872266862e-06, 5.4391912272e-06, 5.38040103493e-06, 4.27262193625e-06, 5.03720411871e-06, 3.81649806513e-06, 1.86081217635e-06, 1.38155246532e-06, 9.27643839077e-07, 7.15849637345e-07, 4.79420862121e-07, 3.42892064964e-07, 2.22322398713e-07, 9.06537067635e-08, 5.49803971239e-08, 4.08440321564e-08, 3.39142758321e-08], "dvar": [1.63178592629e-05, 1.73146490852e-05, 1.98936868401e-06, 9.92930608845e-07, 2.48386436397e-06, 1.65198605373e-06, 2.9423694059e-07, 1.0650435911e-07, 1.11779002054e-07, 7.73333539428e-08, 3.14497761167e-08, 3.44028912025e-08, 2.25094005657e-08, 1.6268591807e-08, 2.64772666014e-08, 8.6634468488e-09, 1.99415173263e-09, 3.67512953403e-09, 2.4673669774e-09, 2.05022096522e-10, 1.73353484345e-10, 1.37415065438e-10, 1.1415490081e-10, 1.34547054054e-10, 9.0518488538e-11, 1.08143029254e-10, 1.04807995616e-10, 3.21699306083e-10, 2.44470971245e-10, 3.6282921112e-11, 1.61548656397e-11, 9.54494989991e-12, 4.53260692868e-12, 1.12790245893e-12, 3.59405810234e-13, 1.16785528188e-13, 2.40443905427e-14, 8.85692462703e-15, 1.76241203011e-15, 1.15987186083e-15], "dvar2": [4.35263827967e-05, 4.90540842293e-05, 5.40487371836e-06, 2.36210644289e-06, 5.73963779971e-06, 3.3886062738e-06, 6.69947780807e-07, 2.44902707891e-07, 2.65708678171e-07, 1.62154094596e-07, 8.13532636812e-08, 8.32208968404e-08, 5.60326753885e-08, 4.43457395249e-08, 7.12076655418e-08, 2.25440501822e-08, 5.0544799457e-09, 9.44696498806e-09, 5.89296744735e-09, 4.96034213704e-10, 4.26717966517e-10, 3.37253586169e-10, 2.82495304926e-10, 3.26572546783e-10, 1.89274790285e-10, 2.45688913658e-10, 2.24169488527e-10, 6.40753339276e-10, 5.03725616774e-10, 7.06216682356e-11, 3.36353896124e-11, 1.89376118953e-11, 8.58759417743e-12, 2.02695152329e-12, 7.04437755957e-13, 2.42444004326e-13, 5.50706161717e-14, 2.12609538807e-14, 4.32179418392e-15, 2.8251803515e-15], "max": [0.0658749416471, 0.0641348361969, 0.0220089778304, 0.028300197795, 0.0481190569699, 0.0384336002171, 0.0201369058341, 0.0140857212245, 0.011893061921, 0.0097479224205, 0.00838194601238, 0.00657783169299, 0.00392631161958, 0.00223745335825, 0.00352587085217, 0.00174553564284, 0.000820888672024, 0.00130304601043, 0.00114553247113, 0.000293879362289, 0.000277603889117, 0.000251372723142, 0.000284733134322, 0.000288575742161, 0.000266908784397, 0.000337139761541, 0.000421545293648, 0.00053782312898, 0.000566345406696, 0.000350613496266, 0.000184905904462, 0.000192844963749, 9.22350955079e-05, 5.07224467583e-05, 2.84363941319e-05, 1.67256184795e-05, 8.08082677395e-06, 5.54484904569e-06, 8.85372628545e-07, 5.3175267567e-07], "mean": [0.00249480525963, 0.00482977088541, 0.00180402398109, 0.000787836732343, 0.000794378342107, 0.000526908377651, 0.0002571985533, 0.000154769120854, 0.000146106540342, 0.000124039797811, 9.04224798433e-05, 0.000131305801915, 0.000127956300275, 0.000147458180436, 0.000147495622514, 9.86362065305e-05, 6.3349820266e-05, 6.46638945909e-05, 4.38661663793e-05, 1.71996489371e-05, 1.45538160723e-05, 1.17324807434e-05, 9.89499767456e-06, 9.88926512946e-06, 6.37631910649e-06, 5.81049516768e-06, 4.91860646434e-06, 5.44538079339e-06, 3.99509826821e-06, 2.13082967093e-06, 1.58331124567e-06, 1.10411542664e-06, 8.71955080584e-07, 5.97288305926e-07, 4.11697300251e-07, 2.5814597393e-07, 7.90354803826e-08, 3.42127606245e-08, 2.52093617092e-08, 2.09275246021e-08], "median": [0.00132592138834, 0.00331982364878, 0.00134948128834, 0.000401241588406, 0.000253385369433, 0.000154874782311, 9.33404517127e-05, 5.88191542192e-05, 5.98521291977e-05, 5.37419109605e-05, 4.52113345091e-05, 7.64005162637e-05, 7.64957221691e-05, 0.000100289362308, 9.60424877121e-05, 6.64212202537e-05, 4.87220422656e-05, 4.29541432823e-05, 2.60085344053e-05, 1.09799484562e-05, 8.90692717803e-06, 6.19822139925e-06, 5.29651879333e-06, 5.24764254806e-06, 2.40966710408e-06, 1.68136114098e-06, 1.29642637603e-06, 9.87060502666e-07, 6.76534284594e-07, 6.13118913861e-07, 4.81096776639e-07, 3.40830411005e-07, 2.96275089795e-07, 2.34623925621e-07, 1.85786547036e-07, 1.22740473785e-07, 3.69536117262e-08, 1.14278089214e-08, 9.6392440696e-09, 8.3857241151e-09], "min": [1.98299298683e-24, 2.94496586782e-24, 4.40621177397e-24, 6.34869261179e-24, 7.28315357429e-24, 3.18659810461e-24, 3.66374220086e-24, 4.8434174203e-24, 3.48889275894e-24, 3.45675850996e-24, 6.87379550677e-24, 4.80250788262e-24, 3.30718851018e-24, 4.04118177286e-24, 7.14043680362e-24, 6.93413547741e-24, 9.22925528367e-24, 7.03278095588e-24, 5.12880244669e-24, 4.2184471013e-24, 6.09168094001e-24, 6.10112399947e-24, 7.21791793287e-24, 6.66275628196e-24, 6.58994402598e-24, 6.64366505919e-24, 5.8109210051e-24, 6.87809953187e-24, 8.31124601535e-24, 7.4054491027e-24, 7.16147887941e-24, 6.85888840224e-24, 5.41087307399e-24, 7.2607152147e-24, 8.91729392781e-24, 7.16724308604e-24, 8.11316146432e-24, 8.01256907713e-24, 8.27428630422e-24, 8.94597454374e-24], "var": [1.33431112772e-05, 2.39894525293e-05, 2.84444308818e-06, 1.58103784997e-06, 4.13513498643e-06, 3.65425512427e-06, 5.04216984609e-07, 2.08152300729e-07, 1.83468088721e-07, 1.32716436951e-07, 4.00296720215e-08, 4.91619402965e-08, 3.6145831217e-08, 2.75040754616e-08, 3.81260321092e-08, 1.36504825221e-08, 3.48115736237e-09, 5.66078117714e-09, 3.66421670783e-09, 3.72972680518e-10, 3.01508040756e-10, 2.42132675021e-10, 1.95853763763e-10, 2.43017522772e-10, 1.91879512279e-10, 2.24376128788e-10, 2.37383224189e-10, 6.6271821364e-10, 4.4719086767e-10, 6.93456264633e-11, 3.23159693449e-11, 2.05539977399e-11, 1.14608513652e-11, 3.22923762383e-12, 9.43882450498e-13, 2.8973454495e-13, 3.39488365805e-14, 9.71103622863e-15, 2.00190265501e-15, 1.28418421611e-15]}, "melbands_crest": {"dmean": 4.71094417572, "dmean2": 7.99865865707, "dvar": 14.6538639069, "dvar2": 42.3693275452, "max": 38.9219017029, "mean": 17.3805084229, "median": 16.9258327484, "min": 1.0005376339, "var": 32.3901863098}, "melbands_flatness_db": {"dmean": 0.0350191108882, "dmean2": 0.0568099021912, "dvar": 0.000822283909656, "dvar2": 0.0021976174321, "max": 0.575176656246, "mean": 0.259258240461, "median": 0.256415903568, "min": -1.2080109002e-07, "var": 0.00286557106301}, "melbands_kurtosis": {"dmean": 8.22991847992, "dmean2": 13.7776613235, "dvar": 239.172042847, "dvar2": 666.826293945, "max": 463.056121826, "mean": 13.6992607117, "median": 7.24679660797, "min": -1.62630212307, "var": 691.162597656}, "melbands_skewness": {"dmean": 0.906327843666, "dmean2": 1.5035803318, "dvar": 0.747026145458, "dvar2": 2.10935401917, "max": 16.0317554474, "mean": 2.8563554287, "median": 2.55077791214, "min": -0.790674507618, "var": 2.81707835197}, "melbands_spread": {"dmean": 6.23023462296, "dmean2": 10.1380367279, "dvar": 51.6187095642, "dvar2": 124.296279907, "max": 138.193588257, "mean": 16.9364852905, "median": 14.6577444077, "min": 0.326748371124, "var": 143.583694458}, "mfcc": {"cov": [[7436.96240234, 1129.16516113, -518.847595215, 481.894836426, -259.338684082, 386.837493896, -70.2847671509, 131.827651978, -187.301025391, 4.49543380737, -85.588470459, -54.6676826477, -37.3532028198], [1129.16516113, 1044.19335938, -131.015106201, -100.488746643, 32.8392181396, 69.8755569458, -24.630153656, -3.85623574257, -34.3907089233, -26.9944038391, 6.90058612823, -23.0566005707, -17.5975646973], [-518.847595215, -131.015106201, 324.98135376, -89.7110671997, 75.94165802, -73.8369216919, -9.1607875824, -55.2517433167, 16.6740283966, -12.244134903, 17.4481105804, 4.14113998413, -4.22321033478], [481.894836426, -100.488746643, -89.7110671997, 355.966491699, -67.0060882568, 76.6139068604, -10.5442876816, 51.9506149292, -24.2111854553, 30.639547348, -27.1841239929, 8.12542629242, 5.73432540894], [-259.338684082, 32.8392181396, 75.94165802, -67.0060882568, 170.064300537, 9.33472537994, 58.0974311829, -4.86232376099, 30.5163879395, -11.4059247971, 13.9319477081, 1.32552063465, 3.4659371376], [386.837493896, 69.8755569458, -73.8369216919, 76.6139068604, 9.33472537994, 196.62411499, 20.2915878296, 78.3999176025, -31.1832332611, 7.03902864456, -22.177772522, 0.368003308773, -4.92256164551], [-70.2847671509, -24.630153656, -9.1607875824, -10.5442876816, 58.0974311829, 20.2915878296, 111.478004456, 17.4527854919, 36.3220901489, -11.3697109222, 1.82278013229, -3.19625806808, -0.548386454582], [131.827651978, -3.85623574257, -55.2517433167, 51.9506149292, -4.86232376099, 78.3999176025, 17.4527854919, 92.3150482178, 6.8326382637, 22.7136173248, -4.95475196838, 7.60826635361, 2.3681344986], [-187.301025391, -34.3907089233, 16.6740283966, -24.2111854553, 30.5163879395, -31.1832332611, 36.3220901489, 6.8326382637, 69.4816207886, 21.0234966278, 20.5247764587, 8.20837783813, 5.80438041687], [4.49543380737, -26.9944038391, -12.244134903, 30.639547348, -11.4059247971, 7.03902864456, -11.3697109222, 22.7136173248, 21.0234966278, 61.0315361023, 23.8348178864, 19.5086650848, 10.9373140335], [-85.588470459, 6.90058612823, 17.4481105804, -27.1841239929, 13.9319477081, -22.177772522, 1.82278013229, -4.95475196838, 20.5247764587, 23.8348178864, 52.8937683105, 24.0853214264, 11.8694810867], [-54.6676826477, -23.0566005707, 4.14113998413, 8.12542629242, 1.32552063465, 0.368003308773, -3.19625806808, 7.60826635361, 8.20837783813, 19.5086650848, 24.0853214264, 47.535987854, 23.8576469421], [-37.3532028198, -17.5975646973, -4.22321033478, 5.73432540894, 3.4659371376, -4.92256164551, -0.548386454582, 2.3681344986, 5.80438041687, 10.9373140335, 11.8694810867, 23.8576469421, 43.5988121033]], "icov": [[0.000214547428186, -0.00023426253756, 6.58454664517e-05, -0.000244753959123, 0.000257112871623, -0.000211518432479, -0.000111287314212, 5.82822722208e-05, 0.000219764449866, -6.0991034843e-05, -4.64514414489e-05, 0.000163398653967, -1.17826139103e-05], [-0.00023426253756, 0.00145796674769, 0.000650252739433, 0.000664841907565, -0.000809014600236, -0.00037232338218, 0.000862031069119, 0.000299828272546, -0.000127922365209, 0.000605189648923, -0.000836546241771, 0.000362600258086, 0.000274681427982], [6.58454664517e-05, 0.000650252739433, 0.00460879597813, 0.000440915115178, -0.00235546031035, 0.000460425566416, 0.00163936859462, 0.00151769572403, -0.000258006999502, 0.000502490031067, -0.000453504122561, -0.000755723216571, 0.00133002561051], [-0.000244753959123, 0.000664841907565, 0.000440915115178, 0.00417492957786, 0.000586952955928, -0.00057807849953, -0.000267030001851, -0.000446003396064, 0.000822831701953, -0.00222817040049, 0.00224239402451, -0.000940311816521, -0.000185315526323], [0.000257112871623, -0.000809014600236, -0.00235546031035, 0.000586952955928, 0.00989829748869, -0.00230845436454, -0.00418639183044, 0.000896456243936, -0.00211127870716, 0.00120221136604, -0.00144240027294, 0.00072165025631, -0.00158320344053], [-0.000211518432479, -0.00037232338218, 0.000460425566416, -0.00057807849953, -0.00230845436454, 0.0110149160028, -0.00229539000429, -0.00793760642409, 0.00681349402294, -0.00200394750573, 0.00248687434942, -0.00159050477669, 0.00140749465209], [-0.000111287314212, 0.000862031069119, 0.00163936859462, -0.000267030001851, -0.00418639183044, -0.00229539000429, 0.0159414578229, -0.00121542566922, -0.00966426450759, 0.00735220126808, -0.0015178762842, 0.000954200630076, 0.000119990596431], [5.82822722208e-05, 0.000299828272546, 0.00151769572403, -0.000446003396064, 0.000896456243936, -0.00793760642409, -0.00121542566922, 0.0208327695727, -0.00461397413164, -0.00515866046771, 0.00261575053446, -0.00187893083785, 0.000486734061269], [0.000219764449866, -0.000127922365209, -0.000258006999502, 0.000822831701953, -0.00211127870716, 0.00681349402294, -0.00966426450759, -0.00461397413164, 0.0286970417947, -0.0110637936741, -0.00239499961026, 0.00086360872956, 0.000204072523047], [-6.0991034843e-05, 0.000605189648923, 0.000502490031067, -0.00222817040049, 0.00120221136604, -0.00200394750573, 0.00735220126808, -0.00515866046771, -0.0110637936741, 0.0309835411608, -0.0116777792573, -0.00241679768078, -0.00121338688768], [-4.64514414489e-05, -0.000836546241771, -0.000453504122561, 0.00224239402451, -0.00144240027294, 0.00248687434942, -0.0015178762842, 0.00261575053446, -0.00239499961026, -0.0116777792573, 0.0342923104763, -0.0140268225223, 0.00110608839896], [0.000163398653967, 0.000362600258086, -0.000755723216571, -0.000940311816521, 0.00072165025631, -0.00159050477669, 0.000954200630076, -0.00187893083785, 0.00086360872956, -0.00241679768078, -0.0140268225223, 0.038137268275, -0.0163450948894], [-1.17826139103e-05, 0.000274681427982, 0.00133002561051, -0.000185315526323, -0.00158320344053, 0.00140749465209, 0.000119990596431, 0.000486734061269, 0.000204072523047, -0.00121338688768, 0.00110608839896, -0.0163450948894, 0.0323705077171]], "mean": [-663.320129395, 169.624008179, -24.0515651703, 26.8157253265, 4.29352760315, 31.399887085, 4.0195350647, 10.8673067093, -6.7617764473, 2.6083176136, 0.23626768589, 1.24060404301, -0.280164837837]}, "pitch_salience": {"dmean": 0.0918940976262, "dmean2": 0.155903190374, "dvar": 0.00586112262681, "dvar2": 0.0169268045574, "max": 0.996095597744, "mean": 0.544615149498, "median": 0.559185028076, "min": 0.0424490496516, "var": 0.0126516763121}, "silence_rate_20dB": {"dmean": 0, "dmean2": 0, "dvar": 0, "dvar2": 0, "max": 1, "mean": 1, "median": 1, "min": 1, "var": 0}, "silence_rate_30dB": {"dmean": 0.0390488654375, "dmean2": 0.0781062543392, "dvar": 0.0375249125063, "dvar2": 0.0927349552512, "max": 1, "mean": 0.964336335659, "median": 1, "min": 0, "var": 0.0343926623464}, "silence_rate_60dB": {"dmean": 0.000654450268485, "dmean2": 0.00130904326215, "dvar": 0.000654050090816, "dvar2": 0.00152546807658, "max": 1, "mean": 0.0380630381405, "median": 0, "min": 0, "var": 0.0366146788001}, "spectral_centroid": {"dmean": 205.691482544, "dmean2": 311.675720215, "dvar": 59962.640625, "dvar2": 112629.390625, "max": 11111.3144531, "mean": 965.534606934, "median": 854.849060059, "min": 113.343185425, "var": 347418.65625}, "spectral_complexity": {"dmean": 3.51461601257, "dmean2": 5.18141174316, "dvar": 11.7755870819, "dvar2": 21.6012229919, "max": 59, "mean": 21.9449234009, "median": 21, "min": 0, "var": 84.8412246704}, "spectral_contrast_coeffs": {"dmean": [0.0563545413315, 0.0502036474645, 0.0373086482286, 0.0290744304657, 0.020220214501, 0.0479261577129], "dmean2": [0.0935040339828, 0.082830928266, 0.0632238462567, 0.0492861904204, 0.0337797738612, 0.0747075453401], "dvar": [0.0019528453704, 0.00159107113723, 0.000861354114022, 0.000495568325277, 0.000278735416941, 0.00161102076527], "dvar2": [0.00534638343379, 0.00421198457479, 0.00242955517024, 0.00139128114097, 0.000734472298063, 0.00386215862818], "max": [-0.400058418512, -0.416489243507, -0.596340537071, -0.602558851242, -0.665929079056, -0.411540091038], "mean": [-0.646987378597, -0.76829880476, -0.804862737656, -0.799525558949, -0.811785578728, -0.730212748051], "median": [-0.645185291767, -0.776614189148, -0.807028412819, -0.80091291666, -0.811303377151, -0.736790835857], "min": [-0.967804372311, -0.996551096439, -0.998838126659, -0.987650573254, -0.988356292248, -0.961274206638], "var": [0.00519922282547, 0.00498993042856, 0.00212590862066, 0.00152327888645, 0.000880084524397, 0.00570030789822]}, "spectral_contrast_valleys": {"dmean": [0.436792135239, 0.379406511784, 0.290201455355, 0.253512561321, 0.28013253212, 0.652400553226], "dmean2": [0.711837410927, 0.617408573627, 0.474678993225, 0.397871226072, 0.391459792852, 1.05348575115], "dvar": [0.12820199132, 0.105103000998, 0.0663872808218, 0.0574467852712, 0.0774751529098, 0.31539145112], "dvar2": [0.307850629091, 0.254386425018, 0.154185056686, 0.117265403271, 0.135160416365, 0.819382071495], "max": [-4.92648649216, -4.68019342422, -4.9444270134, -5.62061548233, -5.40099716187, -9.01909255981], "mean": [-6.7917675972, -6.65057134628, -6.80519676208, -7.12481069565, -7.78601741791, -11.2912979126], "median": [-6.59814119339, -6.46159029007, -6.56687259674, -6.8952960968, -7.67080831528, -11.1506681442], "min": [-27.6371879578, -27.7549095154, -27.4222221375, -27.6478385925, -27.3341121674, -27.298740387], "var": [1.75709450245, 1.73180758953, 1.83235692978, 1.80184531212, 1.63256371021, 1.29021644592]}, "spectral_decrease": {"dmean": 4.80256812097e-09, "dmean2": 7.71879538064e-09, "dvar": 3.18581168299e-17, "dvar2": 7.96565466942e-17, "max": 7.66364216531e-09, "mean": -8.76470984679e-09, "median": -6.79817580007e-09, "min": -7.23569399952e-08, "var": 5.28399335704e-17}, "spectral_energy": {"dmean": 0.0188872478902, "dmean2": 0.0301761757582, "dvar": 0.000487907760544, "dvar2": 0.00120432442054, "max": 0.293007820845, "mean": 0.0461611114442, "median": 0.0395269431174, "min": 1.00186742543e-20, "var": 0.000926833541598}, "spectral_energyband_high": {"dmean": 0.000245833798544, "dmean2": 0.000322011910612, "dvar": 6.82915242578e-07, "dvar2": 1.18552975437e-06, "max": 0.0263967774808, "mean": 0.000614645541646, "median": 0.000297326449072, "min": 7.4191194311e-21, "var": 2.0131533347e-06}, "spectral_energyband_low": {"dmean": 0.0146958464757, "dmean2": 0.0247080549598, "dvar": 0.000323616812238, "dvar2": 0.000866493093781, "max": 0.250778287649, "mean": 0.0222644079477, "median": 0.0165082104504, "min": 1.93202369766e-23, "var": 0.000406785693485}, "spectral_energyband_middle_high": {"dmean": 0.00206719851121, "dmean2": 0.00310371909291, "dvar": 8.29642067401e-06, "dvar2": 1.7425059923e-05, "max": 0.0528823584318, "mean": 0.00625089136884, "median": 0.00484229577705, "min": 1.44875888014e-21, "var": 2.82269265881e-05}, "spectral_energyband_middle_low": {"dmean": 0.00610819086432, "dmean2": 0.0094155408442, "dvar": 0.000104036254925, "dvar2": 0.000234993742197, "max": 0.230551600456, "mean": 0.012740092352, "median": 0.0081152934581, "min": 3.18110823225e-22, "var": 0.000244949449552}, "spectral_entropy": {"dmean": 0.160681381822, "dmean2": 0.241667762399, "dvar": 0.0232494976372, "dvar2": 0.0502679273486, "max": 9.80651760101, "mean": 7.4494767189, "median": 7.47937583923, "min": 4.85142755508, "var": 0.118408679962}, "spectral_flux": {"dmean": 0.0325002297759, "dmean2": 0.0522661097348, "dvar": 0.00120653340127, "dvar2": 0.00267834844999, "max": 0.434400677681, "mean": 0.121647387743, "median": 0.115737847984, "min": 6.41035211024e-11, "var": 0.00286600994878}, "spectral_kurtosis": {"dmean": 4.30912399292, "dmean2": 6.61434364319, "dvar": 19.5986995697, "dvar2": 46.8440322876, "max": 65.6103973389, "mean": 20.3590946198, "median": 19.3637733459, "min": -1.20215809345, "var": 56.7431335449}, "spectral_rms": {"dmean": 0.00128385226708, "dmean2": 0.00201878044754, "dvar": 1.62746380283e-06, "dvar2": 3.91182265957e-06, "max": 0.0169074330479, "mean": 0.00631924951449, "median": 0.00620990106836, "min": 3.12639020575e-12, "var": 5.10256313646e-06}, "spectral_rolloff": {"dmean": 6472.87792969, "dmean2": 12461.3359375, "dvar": 73989640, "dvar2": 166365888, "max": 22050, "mean": 10042.46875, "median": 2497.8515625, "min": 21.533203125, "var": 95875648}, "spectral_skewness": {"dmean": 0.32936668396, "dmean2": 0.483486443758, "dvar": 0.0957025066018, "dvar2": 0.202151507139, "max": 5.90886259079, "mean": 3.08542466164, "median": 3.07929515839, "min": -0.0168735161424, "var": 0.47375652194}, "spectral_spread": {"dmean": 414797.78125, "dmean2": 654825.6875, "dvar": 228895522816, "dvar2": 504858836992, "max": 40774860, "mean": 3742108, "median": 3630015.75, "min": 1821474.5, "var": 1710614904830.0}, "spectral_strongpeak": {"dmean": 2.78691220284, "dmean2": 5.3