{"lowlevel": {"average_loudness": 0.827117562294, "barkbands": {"dmean": [3.50175432686e-05, 0.00307507254183, 0.00158784294035, 0.0013423996279, 0.00203043804504, 0.000909125432372, 0.000682112586219, 0.000305725436192, 0.000714140478522, 0.000570946023799, 0.000360230187653, 0.000347150082234, 0.000373447313905, 0.0005088042235, 0.000382177648135, 0.000273690820904, 0.000210000100196, 0.000176734669367, 0.000141515905852, 0.000133497189381, 0.000113812071504, 0.000114343820314, 0.00011552421347, 8.14063023427e-05, 5.37291671208e-05, 2.7148913432e-05, 7.87572844274e-06], "dmean2": [5.70637093915e-05, 0.00512843485922, 0.00268298643641, 0.00233817333356, 0.00356175145134, 0.00145499699283, 0.00110808212776, 0.000500075751916, 0.00111163931433, 0.000881961372215, 0.000562298810109, 0.000532544043381, 0.000574229168706, 0.000812175800093, 0.000601156614721, 0.000437238166342, 0.000336641591275, 0.000279828789644, 0.000220474568778, 0.00020373222651, 0.000173443288077, 0.000161266958457, 0.000164113822393, 0.000114521651994, 7.19903764548e-05, 3.87826039514e-05, 1.14662334454e-05], "dvar": [6.20641893434e-09, 4.3817817641e-05, 1.36128137456e-05, 8.66339541972e-06, 3.69966437574e-05, 3.15572469844e-06, 2.86746444544e-06, 6.82535926444e-07, 1.97155668502e-06, 1.73427304162e-06, 9.4917709248e-07, 8.73028568549e-07, 9.17441468573e-07, 1.10181690616e-06, 6.67438541768e-07, 2.91601622848e-07, 1.27145554529e-07, 8.57347686178e-08, 6.17132300818e-08, 6.59636327782e-08, 8.43287395469e-08, 7.07837628511e-08, 8.13294747104e-08, 3.76111977118e-08, 1.76049752554e-08, 5.41468159199e-09, 1.96859106794e-09], "dvar2": [1.5623070837e-08, 0.000116241702926, 3.73885413865e-05, 2.45932678808e-05, 0.000105054001324, 7.68829340814e-06, 7.27035921955e-06, 1.62433855166e-06, 4.46366311735e-06, 3.89273145629e-06, 2.25878898164e-06, 1.78745688117e-06, 2.01597981686e-06, 2.74769990938e-06, 1.56149883423e-06, 7.25124095879e-07, 3.18319081316e-07, 2.03770071039e-07, 1.3948437072e-07, 1.49958523821e-07, 2.06152705573e-07, 1.49996040477e-07, 1.74675534481e-07, 7.60995462201e-08, 3.49513058495e-08, 1.1985236803e-08, 4.47056347497e-09], "max": [0.00144890928641, 0.0772703662515, 0.0803664475679, 0.0500405728817, 0.0643366798759, 0.0367030724883, 0.0319780595601, 0.0283795334399, 0.0363773442805, 0.0284921377897, 0.0219469554722, 0.0221432894468, 0.0203894954175, 0.0189980026335, 0.014754826203, 0.0109511446208, 0.00738465832546, 0.00505299866199, 0.00394089985639, 0.0062995380722, 0.00850139651448, 0.0053423489444, 0.00788564607501, 0.00464734062552, 0.00440021045506, 0.00111278099939, 0.00116446416359], "mean": [4.97763467138e-05, 0.0060842866078, 0.0029178140685, 0.00226462562568, 0.00230624130927, 0.00162733776961, 0.00104627164546, 0.000434465444414, 0.00140391418245, 0.0010874569416, 0.000693779438734, 0.000634869677015, 0.000654454634059, 0.000854988931678, 0.000657568278257, 0.00055645807879, 0.000448798033176, 0.00037453675759, 0.000289745075861, 0.000279102707282, 0.00021748043946, 0.000232781952946, 0.000221055277507, 0.000153586282977, 8.62675951794e-05, 3.48947542079e-05, 7.89747900853e-06], "median": [1.12909729069e-05, 0.00303074158728, 0.00119581539184, 0.000488946097903, 0.000774892279878, 0.000793999293819, 0.000508208875544, 0.0001853917056, 0.000565092894249, 0.00028932193527, 0.000209922116483, 0.000153598637553, 0.000192653460545, 0.000323253392708, 0.000259250577074, 0.000303755252389, 0.000281880260445, 0.000239725544816, 0.000169395614648, 0.000151191226905, 9.18713703868e-05, 8.62525266712e-05, 7.88107718108e-05, 6.18526537437e-05, 2.33303508139e-05, 5.88438160776e-06, 1.34859135414e-07], "min": [1.03748146355e-23, 2.01319780036e-23, 3.87966053037e-24, 4.82809655823e-24, 2.18496863371e-23, 4.91175344285e-23, 6.30462621054e-23, 3.32263290787e-23, 9.10755818514e-23, 8.72380827809e-23, 3.76929762755e-23, 5.03672320973e-23, 5.29480978338e-23, 8.07462245366e-23, 1.09158760289e-22, 1.5224689829e-22, 6.76067174855e-23, 1.35094260176e-22, 1.29468697424e-22, 2.97976341377e-22, 4.38589952073e-22, 3.92295580431e-22, 5.17773815499e-22, 7.25498284649e-22, 9.25371454712e-22, 1.52452678652e-21, 2.33181709808e-21], "var": [7.81463160848e-09, 6.58636417938e-05, 2.29112156376e-05, 2.22831858991e-05, 3.1645733543e-05, 6.67307085678e-06, 4.00547196477e-06, 1.15707780424e-06, 6.94111349731e-06, 6.75299088471e-06, 3.29029080604e-06, 2.91825722343e-06, 2.53100006375e-06, 2.32864590544e-06, 1.46670015511e-06, 7.3613279028e-07, 3.47722505012e-07, 2.09048295119e-07, 1.42569646755e-07, 1.4875193699e-07, 1.41724726177e-07, 1.53918691126e-07, 1.59737496119e-07, 7.6793696735e-08, 3.13363308635e-08, 7.09461289716e-09, 2.06166483885e-09]}, "barkbands_crest": {"dmean": 2.1788790226, "dmean2": 3.51144909859, "dvar": 4.74191617966, "dvar2": 12.3898658752, "max": 24.7907238007, "mean": 10.6003541946, "median": 10.01130867, "min": 2.09344863892, "var": 17.1220474243}, "barkbands_flatness_db": {"dmean": 0.0162676777691, "dmean2": 0.023289995268, "dvar": 0.000294668076094, "dvar2": 0.000569983618334, "max": 0.432839274406, "mean": 0.14699652791, "median": 0.117588408291, "min": 0.0174187459052, "var": 0.00753080146387}, "barkbands_kurtosis": {"dmean": 1.73189902306, "dmean2": 2.69928479195, "dvar": 8.78536605835, "dvar2": 21.532251358, "max": 89.3699111938, "mean": 3.16421198845, "median": 1.12671780586, "min": -1.84167575836, "var": 38.7122268677}, "barkbands_skewness": {"dmean": 0.393003731966, "dmean2": 0.601494252682, "dvar": 0.172996625304, "dvar2": 0.413217008114, "max": 7.87853193283, "mean": 1.30670678616, "median": 1.14458596706, "min": -1.97258317471, "var": 0.931041955948}, "barkbands_spread": {"dmean": 4.46847057343, "dmean2": 6.65854787827, "dvar": 37.2495117188, "dvar2": 83.8948898315, "max": 141.340759277, "mean": 23.3395347595, "median": 24.0473518372, "min": 0.456122547388, "var": 215.057556152}, "dissonance": {"dmean": 0.0182295981795, "dmean2": 0.0308278724551, "dvar": 0.000398282631068, "dvar2": 0.00112292368431, "max": 0.500000059605, "mean": 0.45747551322, "median": 0.474513828754, "min": 0.184316694736, "var": 0.00208287360147}, "dynamic_complexity": 6.68103504181, "erbbands": {"dmean": [0.0628758296371, 0.787486255169, 1.81384718418, 3.15434908867, 7.23174190521, 5.8549952507, 4.43749141693, 8.64108085632, 10.2877988815, 8.63535118103, 7.31144380569, 17.749414444, 15.80971241, 14.9847011566, 14.8846464157, 13.7582235336, 16.7524013519, 17.1341876984, 25.3871459961, 17.2356472015, 12.2742996216, 10.2022733688, 9.19161891937, 7.22694015503, 6.91607046127, 6.17457103729, 4.83523750305, 4.73562479019, 4.01221036911, 4.20640039444, 3.02930808067, 2.12689375877, 1.12701964378, 0.652103841305, 0.36469656229, 0.147552296519, 0.0443454235792, 0.00912706274539, 0.00165183772333, 6.31945586065e-05], "dmean2": [0.107263460755, 1.31172561646, 3.05901837349, 5.44197130203, 12.8288516998, 10.2636003494, 7.28393602371, 13.8262205124, 16.6616077423, 14.0056800842, 11.3714151382, 27.4641265869, 24.1340026855, 22.6242809296, 22.6618099213, 20.5748767853, 25.3651218414, 26.7004413605, 40.1418952942, 26.9839916229, 19.6662921906, 16.1928348541, 14.3844776154, 11.2683582306, 10.5879602432, 9.50444984436, 7.38881874084, 7.31659698486, 5.6275229454, 6.07425928116, 4.29613256454, 3.05362677574, 1.58271062374, 0.886637926102, 0.495974689722, 0.205792620778, 0.0651121214032, 0.0133526809514, 0.00241633038968, 9.18101213756e-05], "dvar": [0.0234667826444, 2.77784013748, 16.8852024078, 46.0790214539, 431.708221436, 276.373443604, 97.7464828491, 310.406311035, 582.535949707, 509.039703369, 319.673156738, 1384.69714355, 1275.68969727, 1194.7130127, 1562.55993652, 1361.98901367, 1830.2824707, 1194.07092285, 3298.94116211, 1115.04260254, 558.250061035, 280.866027832, 228.257125854, 163.435043335, 157.2890625, 141.486404419, 120.276481628, 204.248504639, 88.9758758545, 92.192855835, 62.9684028625, 27.797246933, 7.5205578804, 2.84076285362, 0.762272357941, 0.133330613375, 0.0168341323733, 0.00112722825725, 9.97346942313e-05, 1.45391993556e-07], "dvar2": [0.0629144981503, 7.40989589691, 46.4458198547, 130.059356689, 1232.78112793, 790.263977051, 248.867080688, 758.35168457, 1465.59436035, 1253.75317383, 664.706542969, 3143.44750977, 2678.37866211, 2562.40039062, 3637.36816406, 2722.68798828, 3992.51806641, 2645.7890625, 8199.13378906, 2627.73754883, 1398.95410156, 689.851623535, 545.100158691, 365.915100098, 359.127227783, 321.050201416, 277.737457275, 536.657287598, 186.333816528, 201.174682617, 136.277145386, 58.0514335632, 15.0628232956, 5.92082357407, 1.50416004658, 0.280464351177, 0.0388454385102, 0.00250502652489, 0.000231055411859, 3.36314656124e-07], "max": [1.76441180706, 20.462638855, 69.2530441284, 110.957893372, 265.872680664, 340.860473633, 260.181915283, 316.803863525, 504.237060547, 508.098266602, 712.813171387, 1156.26806641, 880.634094238, 774.940917969, 933.472717285, 1016.38470459, 1132.57873535, 888.10925293, 1066.58044434, 600.783447266, 531.158996582, 309.921264648, 253.32081604, 280.403106689, 224.436767578, 192.754592896, 210.331878662, 487.251983643, 188.137969971, 266.28817749, 193.836380005, 120.57950592, 89.5809326172, 57.940612793, 25.1384487152, 5.66505241394, 2.30145430565, 0.869638025761, 0.268144994974, 0.0115612102672], "mean": [0.10120537132, 1.5992193222, 3.72780656815, 5.60517215729, 8.64150238037, 7.07395744324, 7.42170286179, 14.8962507248, 16.1254138947, 13.123342514, 12.606294632, 34.7627906799, 31.5244197845, 29.0508937836, 29.7413654327, 28.0176925659, 32.4327201843, 32.410068512, 45.1811447144, 35.2349319458, 27.8155288696, 23.9696750641, 21.1937084198, 16.2884082794, 14.8462142944, 13.0199346542, 9.46371364594, 8.83805751801, 7.96842670441, 8.09188842773, 5.80620670319, 4.04995250702, 2.02809405327, 1.05642271042, 0.570088863373, 0.207565888762, 0.0531302317977, 0.01009053085, 0.00164898962248, 8.61013686517e-05], "median": [0.0445246174932, 0.813866794109, 2.04392123222, 2.02586007118, 1.8301513195, 2.64141941071, 4.09508895874, 6.96536159515, 7.44747066498, 5.85570955276, 6.19978666306, 13.1795215607, 11.5114221573, 10.2491893768, 10.7548828125, 8.12329864502, 11.0506362915, 14.919008255, 17.0119400024, 17.2187843323, 16.8991966248, 15.7751960754, 14.0043201447, 10.5436191559, 8.75320720673, 7.19135856628, 4.37328910828, 3.56713461876, 2.85198664665, 2.47988462448, 2.23884963989, 1.64465546608, 0.747013986111, 0.301914572716, 0.148890197277, 0.0443342030048, 0.00784581527114, 0.000813630642369, 4.32792694482e-05, 3.51579546987e-05], "min": [1.29109575123e-21, 1.86342082556e-21, 3.01873001228e-21, 1.02386081698e-20, 2.8598564451e-20, 7.72846349289e-20, 1.80103236768e-19, 4.90038648681e-19, 9.25508088955e-19, 5.60295492503e-19, 1.61451914032e-18, 1.72664429954e-18, 2.16166799286e-18, 2.5269577756e-18, 1.65864808863e-18, 2.456124025e-18, 2.73760055936e-18, 2.88667132704e-18, 5.81128170647e-18, 6.12830653444e-18, 6.1503281503e-18, 4.96856085174e-18, 5.69879424214e-18, 7.48449313696e-18, 1.03304593196e-17, 1.53891725184e-17, 1.39865951456e-17, 2.05362145445e-17, 1.52880414167e-17, 1.69521137422e-17, 1.37995026075e-17, 1.39255607969e-17, 1.37419887395e-17, 1.09190620184e-17, 5.9227914433e-18, 5.20969930314e-18, 2.87247546016e-18, 1.22438984757e-18, 3.47181196472e-19, 3.4150332535e-20], "var": [0.0277031622827, 4.3200378418, 26.6319408417, 90.676071167, 393.333892822, 281.912872314, 156.3387146, 610.381286621, 928.15802002, 674.031677246, 795.710083008, 5057.41601562, 4683.62890625, 3668.734375, 5240.01708984, 4783.14404297, 5585.71972656, 3113.05029297, 6839.86035156, 3006.92675781, 1593.87243652, 870.368469238, 627.776367188, 402.798339844, 372.41796875, 320.131347656, 232.83946228, 274.253875732, 190.814346313, 197.267440796, 116.194015503, 54.2822494507, 14.5119552612, 4.74174690247, 1.36650896072, 0.203873306513, 0.0197125095874, 0.00128803553525, 0.000100915691291, 1.46250584976e-07]}, "erbbands_crest": {"dmean": 2.330286026, "dmean2": 3.62519335747, "dvar": 5.50850296021, "dvar2": 12.7314329147, "max": 32.8798217773, "mean": 9.12215232849, "median": 7.99027776718, "min": 2.26064300537, "var": 23.9763870239}, "erbbands_flatness_db": {"dmean": 0.0138195641339, "dmean2": 0.0191702395678, "dvar": 0.000209677469684, "dvar2": 0.000373076822143, "max": 0.396230518818, "mean": 0.164856344461, "median": 0.143378436565, "min": 0.0339188426733, "var": 0.00517052458599}, "erbbands_kurtosis": {"dmean": 0.76902115345, "dmean2": 1.15564715862, "dvar": 1.28947854042, "dvar2": 2.67410588264, "max": 40.9519958496, "mean": 1.01905870438, "median": 0.00926458835602, "min": -1.68963575363, "var": 9.34115982056}, "erbbands_skewness": {"dmean": 0.268345087767, "dmean2": 0.406292319298, "dvar": 0.0590938292444, "dvar2": 0.137004628778, "max": 4.41985654831, "mean": 0.287387728691, "median": 0.147980391979, "min": -2.84644198418, "var": 0.560934901237}, "erbbands_spread": {"dmean": 6.16529560089, "dmean2": 9.38972091675, "dvar": 51.5855560303, "dvar2": 116.278137207, "max": 111.259040833, "mean": 34.1547012329, "median": 34.0262527466, "min": 1.74422419071, "var": 357.183135986}, "gfcc": {"cov": [[40746.9179688, -5942.47607422, -5217.57958984, 4269.52197266, 67.6244888306, 2259.39355469, -16.1226577759, 1325.0592041, 343.684417725, 428.599243164, -149.315475464, 220.329238892, 111.115196228], [-5942.47607422, 2433.12524414, 822.935668945, -805.214172363, 118.632575989, -496.143676758, 73.0640029907, -262.978149414, 8.31467247009, -128.500061035, 102.12071991, -80.3702392578, 28.9517116547], [-5217.57958984, 822.935668945, 1359.13500977, -619.810180664, -6.62576913834, -321.055633545, -10.1084156036, -200.871124268, -45.4013061523, -16.7509536743, -54.3391227722, -2.14078330994, -28.3513412476], [4269.52197266, -805.214172363, -619.810180664, 763.046569824, 47.9695205688, 297.518463135, -12.0777616501, 181.541213989, 102.51675415, 68.2596740723, -16.3578262329, 4.10905647278, 54.5224227905], [67.6244888306, 118.632575989, -6.62576913834, 47.9695205688, 219.306732178, 21.9434738159, 27.1733531952, 12.5153055191, 52.4257011414, 36.5291976929, 15.3084764481, -8.26382350922, 27.4868373871], [2259.39355469, -496.143676758, -321.055633545, 297.518463135, 21.9434738159, 295.142974854, 42.5966033936, 113.835151672, 41.5891990662, 39.3133735657, 2.45192193985, 28.6783256531, 15.0830202103], [-16.1226577759, 73.0640029907, -10.1084156036, -12.0777616501, 27.1733531952, 42.5966033936, 142.791381836, 33.190574646, 4.30116176605, -7.00738382339, 28.6411685944, 15.1266126633, -2.52713608742], [1325.0592041, -262.978149414, -200.871124268, 181.541213989, 12.5153055191, 113.835151672, 33.190574646, 142.824951172, 58.5872039795, 24.3268680573, 5.82401895523, 10.1183710098, 17.3423728943], [343.684417725, 8.31467247009, -45.4013061523, 102.51675415, 52.4257011414, 41.5891990662, 4.30116176605, 58.5872039795, 122.687828064, 48.6942977905, 13.7377052307, 2.37284326553, 30.3698234558], [428.599243164, -128.500061035, -16.7509536743, 68.2596740723, 36.5291976929, 39.3133735657, -7.00738382339, 24.3268680573, 48.6942977905, 91.3568191528, 13.5725450516, 21.9349937439, 11.3724737167], [-149.315475464, 102.12071991, -54.3391227722, -16.3578262329, 15.3084764481, 2.45192193985, 28.6411685944, 5.82401895523, 13.7377052307, 13.5725450516, 97.6800079346, 29.2640914917, 6.60795736313], [220.329238892, -80.3702392578, -2.14078330994, 4.10905647278, -8.26382350922, 28.6783256531, 15.1266126633, 10.1183710098, 2.37284326553, 21.9349937439, 29.2640914917, 74.0580444336, 17.8982620239], [111.115196228, 28.9517116547, -28.3513412476, 54.5224227905, 27.4868373871, 15.0830202103, -2.52713608742, 17.3423728943, 30.3698234558, 11.3724737167, 6.60795736313, 17.8982620239, 71.8988571167]], "icov": [[0.000101120072941, -4.74693406431e-05, 0.000205373959034, -0.0003351335763, -4.31921853306e-06, -0.00018845233717, 0.00010139169899, -0.00027144906926, 0.000247492222115, -0.000217126056668, 0.000346744258422, -0.000393051188439, 0.000303966517095], [-4.74693406431e-05, 0.00128588010557, -0.000283495726762, 0.000857391627505, -0.000470023020171, 0.000946682703216, -0.000860311964061, 0.00132829183713, -0.00164603570011, 0.00160174875055, -0.00158322975039, 0.00159492786042, -0.00138553266879], [0.000205373959034, -0.000283495726762, 0.0018871105276, 0.000120064119983, -3.73585839952e-06, 0.000104986036604, -8.8843757112e-05, 0.000144331599586, 1.92319166672e-05, -0.0012501066085, 0.00230624619871, -0.00164311251137, 0.000777996669058], [-0.0003351335763, 0.000857391627505, 0.000120064119983, 0.00485860928893, -0.000380091951229, -0.000743425858673, 9.07258654479e-05, 0.000344127824064, -0.00236735143699, 0.000649393768981, -0.00089067342924, 0.00279188156128, -0.00295881251805], [-4.31921853306e-06, -0.000470023020171, -3.73585839952e-06, -0.000380091951229, 0.00597438588738, -0.000554890197236, -0.00121529062744, 0.000743015378248, -0.000970571767539, -0.0024903845042, -0.000126661136164, 0.00173913408071, -0.00152424501721], [-0.00018845233717, 0.000946682703216, 0.000104986036604, -0.000743425858673, -0.000554890197236, 0.00823081377894, -0.00250988639891, -0.000919327780139, -0.000888514972758, 0.00028110735002, -0.000316106743412, -0.000836595892906, -0.000297661928926], [0.00010139169899, -0.000860311964061, -8.8843757112e-05, 9.07258654479e-05, -0.00121529062744, -0.00250988639891, 0.009880958125, -0.00391676975414, 0.00176936655771, 0.00112689984962, -0.00125025806483, -0.00230113789439, 0.00213119806722], [-0.00027144906926, 0.00132829183713, 0.000144331599586, 0.000344127824064, 0.000743015378248, -0.000919327780139, -0.00391676975414, 0.0161419976503, -0.00750575819984, 0.00242003146559, -0.00124793930445, 0.00176258711144, -0.00197826023214], [0.000247492222115, -0.00164603570011, 1.92319166672e-05, -0.00236735143699, -0.000970571767539, -0.000888514972758, 0.00176936655771, -0.00750575819984, 0.0173492282629, -0.00803513918072, 0.000436724862084, 0.000578249047976, -0.00172820792068], [-0.000217126056668, 0.00160174875055, -0.0012501066085, 0.000649393768981, -0.0024903845042, 0.00028110735002, 0.00112689984962, 0.00242003146559, -0.00803513918072, 0.019236324355, -0.00340784410946, -0.00283133005723, 0.000423531571869], [0.000346744258422, -0.00158322975039, 0.00230624619871, -0.00089067342924, -0.000126661136164, -0.000316106743412, -0.00125025806483, -0.00124793930445, 0.000436724862084, -0.00340784410946, 0.0167673733085, -0.00844881124794, 0.00297502381727], [-0.000393051188439, 0.00159492786042, -0.00164311251137, 0.00279188156128, 0.00173913408071, -0.000836595892906, -0.00230113789439, 0.00176258711144, 0.000578249047976, -0.00283133005723, -0.00844881124794, 0.0231816377491, -0.00858592055738], [0.000303966517095, -0.00138553266879, 0.000777996669058, -0.00295881251805, -0.00152424501721, -0.000297661928926, 0.00213119806722, -0.00197826023214, -0.00172820792068, 0.000423531571869, 0.00297502381727, -0.00858592055738, 0.0202712547034]], "mean": [-58.8573303223, 103.044448853, -108.365837097, 26.9521408081, -55.274559021, 14.7642192841, -38.0359077454, 7.79261398315, -20.3905735016, 0.049881670624, -15.1939601898, -1.43589866161, -11.5721063614]}, "hfc": {"dmean": 6.01971292496, "dmean2": 7.983979702, "dvar": 100.629768372, "dvar2": 166.734817505, "max": 150.132843018, "mean": 21.9567241669, "median": 17.7237815857, "min": 1.11897591899e-16, "var": 468.527038574}, "melbands": {"dmean": [0.000729828083422, 0.00095235882327, 0.000634815660305, 0.000516628089827, 0.000154753623065, 0.000188858408364, 0.000151079759235, 8.76275953487e-05, 7.5067517173e-05, 0.000106858889922, 8.15882303868e-05, 6.64187973598e-05, 5.31057703483e-05, 4.14619644289e-05, 4.27493177995e-05, 3.29092908942e-05, 3.47455788869e-05, 4.82057548652e-05, 2.70426317002e-05, 2.17549950321e-05, 1.52885004354e-05, 1.12772004286e-05, 1.26993245431e-05, 8.5559213403e-06, 6.15710632701e-06, 5.95088249611e-06, 5.00077157994e-06, 4.31420266978e-06, 3.37175060849e-06, 2.70191890195e-06, 3.07654886456e-06, 2.36940650211e-06, 2.44473767452e-06, 2.45979708779e-06, 1.86007457614e-06, 1.62083267696e-06, 1.27769465053e-06, 8.75536898093e-07, 6.4626914309e-07, 5.44552449355e-07], "dmean2": [0.00122803344857, 0.00157727778424, 0.00109380471986, 0.00091583566973, 0.000255483173532, 0.00030150191742, 0.000245161936618, 0.000141928874655, 0.000114592439786, 0.00016556486662, 0.000125468839542, 0.000100499601103, 8.20200730232e-05, 6.208983541e-05, 6.45938926027e-05, 5.0851071137e-05, 5.41317931493e-05, 7.70351616666e-05, 4.2077179387e-05, 3.43362917192e-05, 2.48433261731e-05, 1.80130373337e-05, 2.03843483177e-05, 1.37378556246e-05, 9.74758040684e-06, 9.42839324125e-06, 7.79525180405e-06, 6.75295632391e-06, 5.31799014425e-06, 4.16250213675e-06, 4.88676687382e-06, 3.44458203472e-06, 3.5781799852e-06, 3.65141704606e-06, 2.70351756626e-06, 2.38766301663e-06, 1.86650481737e-06, 1.27212604184e-06, 9.19429510304e-07, 7.55117866902e-07], "dvar": [2.72084912467e-06, 4.15380463892e-06, 1.79399410172e-06, 2.50941275226e-06, 1.09147165972e-07, 1.40038793006e-07, 1.25786158378e-07, 5.07582846865e-08, 3.05242444654e-08, 4.83541491292e-08, 3.42139152565e-08, 2.45844464786e-08, 2.00209324674e-08, 1.42105767154e-08, 1.2567855201e-08, 7.72119257419e-09, 4.93371921095e-09, 1.29855592945e-08, 3.36308292326e-09, 2.04810479687e-09, 8.49919523649e-10, 3.67723212991e-10, 5.43207312464e-10, 2.26935081837e-10, 1.24840068838e-10, 1.15400411449e-10, 8.23492316004e-11, 7.37309588383e-11, 6.39677893988e-11, 3.77464830226e-11, 1.09960013317e-10, 3.350140651e-11, 2.98425728573e-11, 3.26207290346e-11, 2.40540243973e-11, 1.85327603958e-11, 1.01860828799e-11, 4.5515756962e-12, 2.50541514618e-12, 2.06901748338e-12], "dvar2": [7.24253095541e-06, 1.11910585474e-05, 5.05589378008e-06, 7.18878754924e-06, 2.80736884406e-07, 3.4108953173e-07, 3.17866550859e-07, 1.24310375327e-07, 6.26164435857e-08, 1.07624934742e-07, 7.31432194812e-08, 5.19703569068e-08, 4.82394320045e-08, 2.85111187992e-08, 2.56708929669e-08, 1.76293379894e-08, 1.10751763316e-08, 3.27695630631e-08, 7.66496466298e-09, 4.89102802703e-09, 2.1375541337e-09, 8.95092167053e-10, 1.41331546466e-09, 5.56007129227e-10, 2.89908069773e-10, 2.80095197036e-10, 1.90533325228e-10, 1.73718955887e-10, 1.56179902344e-10, 8.55946216682e-11, 3.05620140306e-10, 7.51997006332e-11, 6.46839456997e-11, 7.39170669117e-11, 5.32861359204e-11, 4.07999953267e-11, 2.16034082984e-11, 9.42103860202e-12, 5.17277496878e-12, 4.46692249162e-12], "max": [0.0188214890659, 0.0292097907513, 0.0196558274329, 0.0170257631689, 0.00874482467771, 0.00681798439473, 0.00671320036054, 0.00548390764743, 0.00528394244611, 0.00687759555876, 0.00443978980184, 0.00326314731501, 0.00339175737463, 0.00315212202258, 0.00267352210358, 0.0021705692634, 0.0016732388176, 0.00232233060524, 0.00159296684433, 0.000920940947253, 0.000698072311934, 0.000342392857419, 0.000608560338151, 0.000359277735697, 0.000227617594646, 0.000166662895936, 0.000182753457921, 0.000159830276971, 0.000218145229155, 9.17306897463e-05, 0.000368480483303, 0.000115854898468, 0.000114764676255, 0.000171622392372, 0.000128225437948, 0.000112515277578, 7.25921418052e-05, 6.82320314809e-05, 5.47385134269e-05, 4.27295963163e-05], "mean": [0.00134399405215, 0.00212087016553, 0.00109803141095, 0.000589232018683, 0.000265384849627, 0.000336289405823, 0.000237212720094, 0.000128470695927, 0.000126776911202, 0.00020989276527, 0.000156984824571, 0.000122147743241, 0.000102790821984, 7.27575388737e-05, 8.22532601887e-05, 5.83032160648e-05, 5.99713093834e-05, 7.92258360889e-05, 4.84077500005e-05, 4.20289179601e-05, 3.10988361889e-05, 2.35935767705e-05, 2.4639080948e-05, 1.69424547494e-05, 1.25749893414e-05, 1.13906735351e-05, 1.0048900549e-05, 8.2501437646e-06, 6.09425069342e-06, 4.93038714922e-06, 5.24562665305e-06, 4.37687822341e-06, 4.60958472104e-06, 4.42102600573e-06, 3.37211372425e-06, 2.90471712106e-06, 2.34420826928e-06, 1.49870800215e-06, 1.07046219e-06, 8.29392604373e-07], "median": [0.000671267043799, 0.00137451803312, 0.000392451038351, 0.000169890307006, 0.000149939762196, 0.000162059484865, 0.000110801040137, 5.53781574126e-05, 5.6429693359e-05, 8.11206627986e-05, 4.89430130983e-05, 3.62752980436e-05, 3.29640679411e-05, 1.81885225174e-05, 2.04538864637e-05, 2.04246061912e-05, 2.48222913797e-05, 2.49069580605e-05, 2.01351213036e-05, 2.056849371e-05, 1.79555008799e-05, 1.46610527736e-05, 1.40929223562e-05, 1.05711178549e-05, 7.72455859988e-06, 6.3821880758e-06, 5.39969005331e-06, 4.28289422416e-06, 2.66641200142e-06, 2.01501143238e-06, 2.01575994652e-06, 1.52587347202e-06, 1.43877559822e-06, 1.25613723867e-06, 1.25911344639e-06, 1.0459123132e-06, 9.20022216633e-07, 5.1773611176e-07, 3.56924942935e-07, 2.03884923167e-07], "min": [8.69121901415e-24, 1.72283750712e-24, 2.17517232233e-24, 4.98885221122e-24, 5.34776222942e-24, 1.24128557168e-23, 1.32201799115e-23, 4.62570364337e-24, 1.58956545253e-23, 1.01323890019e-23, 1.03774273429e-23, 1.02404306026e-23, 4.64580500253e-24, 6.41863223079e-24, 7.15644200253e-24, 3.92784573218e-24, 5.75910073224e-24, 8.72353391227e-24, 9.77502002347e-24, 8.38143333667e-24, 6.3058673254e-24, 4.50265278064e-24, 5.60810171093e-24, 5.59107651487e-24, 6.00568602944e-24, 5.52891545883e-24, 7.81338248743e-24, 1.07089145838e-23, 6.36995359648e-24, 7.73970603432e-24, 1.41455808065e-23, 9.09202267401e-24, 6.43117827462e-24, 1.04985174918e-23, 8.75413067134e-24, 6.20669922657e-24, 7.59939371169e-24, 9.17527353192e-24, 9.85071674936e-24, 7.4773782289e-24], "var": [3.6791666389e-06, 6.64070512357e-06, 3.33593175128e-06, 2.07071434488e-06, 1.94231930095e-07, 2.90251477963e-07, 1.93485078626e-07, 6.75080187307e-08, 7.79613316126e-08, 1.78215046276e-07, 1.29807105509e-07, 7.78167432713e-08, 7.12387517865e-08, 4.30388524819e-08, 4.58301201434e-08, 2.05716492729e-08, 1.18735323795e-08, 2.54715715187e-08, 7.90980081433e-09, 5.10244291263e-09, 2.27214180804e-09, 9.967163761e-10, 1.20832166495e-09, 4.76363171131e-10, 2.6960417232e-10, 2.33740332645e-10, 1.86336862606e-10, 1.47476364454e-10, 1.07320895226e-10, 7.08851172204e-11, 1.18135126681e-10, 6.24872445454e-11, 6.38608818604e-11, 6.32545613111e-11, 4.20275307611e-11, 3.21066229159e-11, 2.00446326204e-11, 8.44810593009e-12, 4.37835271511e-12, 3.22194137689e-12]}, "melbands_crest": {"dmean": 2.51794815063, "dmean2": 4.03741598129, "dvar": 6.30113506317, "dvar2": 15.8867616653, "max": 32.4987335205, "mean": 14.4360113144, "median": 13.8599739075, "min": 1.79549109936, "var": 23.7758789062}, "melbands_flatness_db": {"dmean": 0.0201053861529, "dmean2": 0.0290787462145, "dvar": 0.000490002217703, "dvar2": 0.000977124669589, "max": 0.582035183907, "mean": 0.219188794494, "median": 0.180947944522, "min": 0.00593654578552, "var": 0.0127309123054}, "melbands_kurtosis": {"dmean": 4.27764034271, "dmean2": 6.75062513351, "dvar": 47.1974182129, "dvar2": 119.142944336, "max": 122.076568604, "mean": 9.38314342499, "median": 5.64735126495, "min": -1.7361562252, "var": 133.795715332}, "melbands_skewness": {"dmean": 0.54279512167, "dmean2": 0.837408363819, "dvar": 0.352354437113, "dvar2": 0.868688821793, "max": 9.2520608902, "mean": 2.29179358482, "median": 2.08593916893, "min": -1.74771404266, "var": 1.81948256493}, "melbands_spread": {"dmean": 5.6110663414, "dmean2": 8.65613365173, "dvar": 58.9111099243, "dvar2": 141.307815552, "max": 185.181762695, "mean": 23.1148204803, "median": 21.8252925873, "min": 0.806024670601, "var": 253.464889526}, "mfcc": {"cov": [[28228.5839844, -2435.51196289, -3308.77636719, 595.592224121, 621.853515625, 1088.56616211, 195.539047241, 916.127319336, 644.558105469, 854.233825684, 231.121704102, 213.740890503, 105.215789795], [-2435.51196289, 1739.38354492, 403.958221436, -45.1366157532, -62.9101791382, -142.664306641, 18.6659793854, -62.4338226318, -80.6262435913, -88.659828186, 6.25413322449, 3.04231476784, 2.67589998245], [-3308.77636719, 403.958221436, 1001.69177246, -51.1147422791, -128.953231812, -128.919586182, -55.5268783569, -149.747253418, -41.0964546204, -164.671112061, -34.5310096741, -39.2290382385, -17.3625717163], [595.592224121, -45.1366157532, -51.1147422791, 211.88192749, 82.5662689209, 37.7427749634, -8.89293384552, -0.529905736446, 53.2727737427, 28.8451137543, 0.948477387428, 20.1016082764, 10.208193779], [621.853515625, -62.9101791382, -128.953231812, 82.5662689209, 185.020324707, 60.8196563721, -10.1124296188, 0.620564699173, 65.2276687622, 55.9181442261, 1.75817668438, 31.9950428009, 5.74620628357], [1088.56616211, -142.664306641, -128.919586182, 37.7427749634, 60.8196563721, 157.200134277, 38.5377235413, 42.4039230347, 54.3330421448, 36.1472892761, 25.0406970978, 27.9746112823, 13.9419898987], [195.539047241, 18.6659793854, -55.5268783569, -8.89293384552, -10.1124296188, 38.5377235413, 106.380760193, 50.5366363525, -1.54228389263, 4.38405418396, 15.5801496506, 8.52718830109, 2.01992750168], [916.127319336, -62.4338226318, -149.747253418, -0.529905736446, 0.620564699173, 42.4039230347, 50.5366363525, 130.862258911, 31.9852104187, 47.2357788086, 21.6453666687, 7.4615240097, 17.0660018921], [644.558105469, -80.6262435913, -41.0964546204, 53.2727737427, 65.2276687622, 54.3330421448, -1.54228389263, 31.9852104187, 136.150970459, 50.8729553223, 13.8670015335, 20.5095272064, 2.78501296043], [854.233825684, -88.659828186, -164.671112061, 28.8451137543, 55.9181442261, 36.1472892761, 4.38405418396, 47.2357788086, 50.8729553223, 107.216941833, 28.0486621857, 19.9041366577, 3.99842000008], [231.121704102, 6.25413322449, -34.5310096741, 0.948477387428, 1.75817668438, 25.0406970978, 15.5801496506, 21.6453666687, 13.8670015335, 28.0486621857, 69.7397155762, 23.7393321991, 19.157491684], [213.740890503, 3.04231476784, -39.2290382385, 20.1016082764, 31.9950428009, 27.9746112823, 8.52718830109, 7.4615240097, 20.5095272064, 19.9041366577, 23.7393321991, 64.5560531616, 23.7453575134], [105.215789795, 2.67589998245, -17.3625717163, 10.208193779, 5.74620628357, 13.9419898987, 2.01992750168, 17.0660018921, 2.78501296043, 3.99842000008, 19.157491684, 23.7453575134, 72.6421661377]], "icov": [[8.66442569532e-05, 2.73898822343e-05, 0.000177210458787, -0.000125819162349, 9.17778233998e-05, -0.000356423523044, 0.000194238906261, -0.000293644930935, -7.36541987862e-05, -0.000144253892358, 2.55322829616e-05, 1.30971820909e-05, 5.80136656936e-05], [2.73898822343e-05, 0.000706686987542, -0.000187559635378, -3.47433706338e-05, -0.000212133585592, 0.000508970173541, -0.000355403928552, -0.000126986444229, 0.000191310187802, 0.000137189985253, -0.000307463022182, -0.000274273450486, 9.01435214473e-06], [0.000177210458787, -0.000187559635378, 0.00208704569377, -0.000244206632487, 0.000947398017161, -0.000221015696297, 0.00055621296633, 0.000683420046698, -0.00136656768154, 0.00163666007575, -0.000300832209177, 0.000269934127573, 2.8248066883e-05], [-0.000125819162349, -3.47433706338e-05, -0.000244206632487, 0.00614498602226, -0.00212175026536, 0.000219087363803, -0.000134098110721, 0.000897213001736, -0.00122142885812, 0.000134768954013, 0.000452286592918, -0.000297727005091, -0.000802203605417], [9.17778233998e-05, -0.000212133585592, 0.000947398017161, -0.00212175026536, 0.00966795254499, -0.00256114522927, 0.000895530742127, 0.00220812531188, -0.00226575415581, -0.00323187978938, 0.00256027490832, -0.00231136055663, -7.22924814909e-05], [-0.000356423523044, 0.000508970173541, -0.000221015696297, 0.000219087363803, -0.00256114522927, 0.0117965117097, -0.00398031296209, 0.000536774925422, -0.00212751654908, 0.00199309037998, -0.00216731172986, -0.00131289113779, -0.000690422893967], [0.000194238906261, -0.000355403928552, 0.00055621296633, -0.000134098110721, 0.000895530742127, -0.00398031296209, 0.0139930993319, -0.00603000028059, 0.00144280807581, 0.00186699838378, -0.00133839156479, -0.00150108826347, 0.00228973850608], [-0.000293644930935, -0.000126986444229, 0.000683420046698, 0.000897213001736, 0.00220812531188, 0.000536774925422, -0.00603000028059, 0.0148355951533, -0.00254121306352, -0.00363660021685, 3.12482370646e-05, 0.00208032946102, -0.00351878465153], [-7.36541987862e-05, 0.000191310187802, -0.00136656768154, -0.00122142885812, -0.00226575415581, -0.00212751654908, 0.00144280807581, -0.00254121306352, 0.0118962135166, -0.00352761661634, -1.96131259145e-05, -0.00120256142691, 0.00122544763144], [-0.000144253892358, 0.000137189985253, 0.00163666007575, 0.000134768954013, -0.00323187978938, 0.00199309037998, 0.00186699838378, -0.00363660021685, -0.00352761661634, 0.0189120601863, -0.0058033647947, -0.0010581020033, 0.00222233193927], [2.55322829616e-05, -0.000307463022182, -0.000300832209177, 0.000452286592918, 0.00256027490832, -0.00216731172986, -0.00133839156479, 3.12482370646e-05, -1.96131259145e-05, -0.0058033647947, 0.0200422722846, -0.00492030056193, -0.00327489431947], [1.30971820909e-05, -0.000274273450486, 0.000269934127573, -0.000297727005091, -0.00231136055663, -0.00131289113779, -0.00150108826347, 0.00208032946102, -0.00120256142691, -0.0010581020033, -0.00492030056193, 0.0220054425299, -0.00570590980351], [5.80136656936e-05, 9.01435214473e-06, 2.8248066883e-05, -0.000802203605417, -7.22924814909e-05, -0.000690422893967, 0.00228973850608, -0.00351878465153, 0.00122544763144, 0.00222233193927, -0.00327489431947, -0.00570590980351, 0.017261987552]], "mean": [-685.290771484, 119.723373413, 8.19623088837, 19.7330799103, 6.3616309166, 5.21827793121, -2.79751729965, 5.53530883789, -2.50171160698, 4.16616678238, -1.95345854759, -1.68669342995, -2.56795191765]}, "pitch_salience": {"dmean": 0.0616620928049, "dmean2": 0.0982979238033, "dvar": 0.00357370800339, "dvar2": 0.00895139761269, "max": 0.888106942177, "mean": 0.540978133678, "median": 0.543045341969, "min": 0.08278118819, "var": 0.0137635581195}, "silence_rate_20dB": {"dmean": 0, "dmean2": 0, "dvar": 0, "dvar2": 0, "max": 1, "mean": 1, "median": 1, "min": 1, "var": 0}, "silence_rate_30dB": {"dmean": 0.00274482904933, "dmean2": 0.00549019593745, "dvar": 0.00273736310191, "dvar2": 0.0078132590279, "max": 1, "mean": 0.998431682587, "median": 1, "min": 0, "var": 0.00156598782632}, "silence_rate_60dB": {"dmean": 0.00823448691517, "dmean2": 0.0164705887437, "dvar": 0.0081674112007, "dvar2": 0.0177707094699, "max": 1, "mean": 0.226720243692, "median": 0, "min": 0, "var": 0.175313860178}, "spectral_centroid": {"dmean": 186.620620728, "dmean2": 282.475036621, "dvar": 62423.484375, "dvar2": 128239.109375, "max": 11305.1494141, "mean": 1302.25097656, "median": 1388.41137695, "min": 182.858520508, "var": 430004.8125}, "spectral_complexity": {"dmean": 3.52083134651, "dmean2": 5.0627450943, "dvar": 19.0916309357, "dvar2": 31.0612983704, "max": 60, "mean": 21.1870212555, "median": 23, "min": 0, "var": 207.313095093}, "spectral_contrast_coeffs": {"dmean": [0.0445478856564, 0.0434583239257, 0.0354163572192, 0.0284103937447, 0.0182462576777, 0.0152706699446], "dmean2": [0.0751385912299, 0.0714485496283, 0.057058442384, 0.0459344685078, 0.0300030969083, 0.0245215222239], "dvar": [0.00175782956649, 0.00137549603824, 0.000868728791829, 0.000583257991821, 0.000265487004071, 0.000215848180233], "dvar2": [0.00483811972663, 0.00367106124759, 0.00218675425276, 0.00140654796269, 0.000624806096312, 0.00051337556215], "max": [-0.316969633102, -0.488140761852, -0.430717110634, -0.467570602894, -0.515361309052, -0.644225716591], "mean": [-0.656286120415, -0.750225543976, -0.771969020367, -0.787090778351, -0.806132912636, -0.779849767685], "median": [-0.664601683617, -0.753623723984, -0.782677292824, -0.794926524162, -0.804697394371, -0.76439666748], "min": [-0.968944489956, -0.969374835491, -0.970725774765, -0.958373010159, -0.961804807186, -0.960545778275], "var": [0.00594229483977, 0.00435281544924, 0.00513415085152, 0.00396443437785, 0.00266457209364, 0.00304992636666]}, "spectral_contrast_valleys": {"dmean": [0.373843580484, 0.341007500887, 0.284789741039, 0.248648717999, 0.206748306751, 0.259748727083], "dmean2": [0.610834538937, 0.554906129837, 0.45780608058, 0.389146715403, 0.299720793962, 0.324995309114], "dvar": [0.129088684916, 0.0978789925575, 0.0717094540596, 0.0634415820241, 0.074191197753, 0.129811987281], "dvar2": [0.299544423819, 0.220137581229, 0.149137735367, 0.117719568312, 0.104914695024, 0.177284911275], "max": [-5.16054964066, -4.70860481262, -5.41640710831, -5.79366397858, -5.47639369965, -7.42629528046], "mean": [-7.65230083466, -7.08061552048, -7.71911001205, -8.16025352478, -8.22672080994, -10.7938098907], "median": [-7.06178283691, -6.63511800766, -7.02228450775, -7.22255134583, -7.10303401947, -9.81285095215], "min": [-27.4854164124, -27.6528625488, -27.5454463959, -27.2718715668, -27.3914165497, -27.3205623627], "var": [2.76558065414, 2.18441915512, 3.11170625687, 4.51567029953, 5.78443002701, 5.2041683197]}, "spectral_decrease": {"dmean": 1.93784144287e-09, "dmean2": 3.13364334481e-09, "dvar": 1.21348735894e-17, "dvar2": 3.07544957654e-17, "max": 3.58910857665e-29, "mean": -6.26056984032e-09, "median": -5.91702731256e-09, "min": -4.87402331828e-08, "var": 2.8990940082e-17}, "spectral_energy": {"dmean": 0.00766809284687, "dmean2": 0.0122406249866, "dvar": 0.000184954915312, "dvar2": 0.000462213967694, "max": 0.191885188222, "mean": 0.0256203841418, "median": 0.0241936258972, "min": 1.06061615129e-20, "var": 0.000477249210235}, "spectral_energyband_high": {"dmean": 0.000479050388094, "dmean2": 0.000614994205534, "dvar": 1.06225979835e-06, "dvar2": 1.87939690477e-06, "max": 0.0157529916614, "mean": 0.00109280191828, "median": 0.000507617194671, "min": 7.36404568129e-21, "var": 2.85944838652e-06}, "spectral_energyband_low": {"dmean": 0.00440594693646, "dmean2": 0.00728492345661, "dvar": 8.35064784042e-05, "dvar2": 0.000214778774534, "max": 0.118745319545, "mean": 0.010135374032, "median": 0.00813483074307, "min": 3.37631142148e-23, "var": 0.000129752515932}, "spectral_energyband_middle_high": {"dmean": 0.00167604058515, "dmean2": 0.00245119980536, "dvar": 5.90497802477e-06, "dvar2": 1.24264479382e-05, "max": 0.0438652001321, "mean": 0.00625942740589, "median": 0.0042198067531, "min": 1.5279891917e-21, "var": 4.19656753365e-05}, "spectral_energyband_middle_low": {"dmean": 0.00431652367115, "dmean2": 0.00718270381913, "dvar": 7.64836513554e-05, "dvar2": 0.00020791546558, "max": 0.112622834742, "mean": 0.0093580186367, "median": 0.00600324105471, "min": 3.3982300164e-22, "var": 0.000127039034851}, "spectral_entropy": {"dmean": 0.112123690546, "dmean2": 0.157294690609, "dvar": 0.0156681016088, "dvar2": 0.0281261540949, "max": 9.78621101379, "mean": 7.42695426941, "median": 7.78505325317, "min": 4.71963167191, "var": 0.745979607105}, "spectral_flux": {"dmean": 0.0207135472447, "dmean2": 0.0310706216842, "dvar": 0.000778744579293, "dvar2": 0.00149849045556, "max": 0.330448746681, "mean": 0.0727734714746, "median": 0.068640306592, "min": 1.02986216777e-10, "var": 0.00302696623839}, "spectral_kurtosis": {"dmean": 2.8969180584, "dmean2": 4.9708275795, "dvar": 34.469745636, "dvar2": 104.054336548, "max": 163.876113892, "mean": 13.1179819107, "median": 3.64765524864, "min": -1.23822534084, "var": 610.490844727}, "spectral_rms": {"dmean": 0.000617793120909, "dmean2": 0.00095803278964, "dvar": 8.43061116029e-07, "dvar2": 1.98536872631e-06, "max": 0.0136822899804, "mean": 0.00433544674888, "median": 0.00485834758729, "min": 3.21674913269e-12, "var": 6.19942784397e-06}, "spectral_rolloff": {"dmean": 404.113891602, "dmean2": 646.638000488, "dvar": 567616.6875, "dvar2": 1304726.625, "max": 19250.6835938, "mean": 1385.42810059, "median": 1184.32617188, "min": 86.1328125, "var": 1393388}, "spectral_skewness": {"dmean": 0.243239447474, "dmean2": 0.402403265238, "dvar": 0.107158482075, "dvar2": 0.311265796423, "max": 11.0727205276, "mean": 2.23791837692, "median": 1.47358560562, "min": -0.0347679629922, "var": 3.74855661392}, "spectral_spread": {"dmean": 429432.4375, "dmean2": 613954.5625, "dvar": 481294548992, "dvar2": 699209023488, "max": 41612376, "mean": 4194838.5, "median": 4274847, "min": 6