{"lowlevel": {"average_loudness": 0.938181638718, "barkbands": {"dmean": [6.52600938338e-05, 0.0024793499615, 0.00464758323506, 0.0017987836618, 0.00279870466329, 0.00133073457982, 0.000694458372891, 0.00066762289498, 0.000918152742088, 0.00027212058194, 0.000263471301878, 0.000537983258255, 0.000349072099198, 0.000214654268348, 0.000189516780665, 0.000134219924803, 0.000147436425323, 0.000133800393087, 6.52263406664e-05, 0.000109290784167, 3.77907163056e-05, 5.1916224038e-05, 3.36695120495e-05, 6.2157640059e-05, 8.26498289825e-05, 5.15765204909e-05, 6.79343202137e-06], "dmean2": [0.000111748835479, 0.00385698582977, 0.00628355331719, 0.00287486379966, 0.00405306369066, 0.0019668568857, 0.00102462840732, 0.000962279038504, 0.00136951089371, 0.000427864579251, 0.000400127988541, 0.000923156389035, 0.000588776427321, 0.000348245346686, 0.000314946606522, 0.000210007885471, 0.000234158796957, 0.000205164440558, 0.000103856735223, 0.000176427711267, 5.82330976613e-05, 7.70656770328e-05, 4.96844368172e-05, 9.37841541599e-05, 0.000133148394525, 8.45574395498e-05, 1.16143746709e-05], "dvar": [1.70800209531e-08, 2.7617552405e-05, 4.59068432974e-05, 9.70003384282e-06, 1.55174984684e-05, 9.43967552303e-06, 2.0385471089e-06, 3.09407573695e-06, 5.0716912483e-06, 5.50867696347e-07, 5.59939564937e-07, 5.93524100623e-06, 1.81312066161e-06, 2.03184143288e-07, 1.6581230966e-07, 1.45238473692e-07, 1.05530567396e-07, 1.036098638e-07, 2.6982394985e-08, 6.12032380332e-08, 1.8312386274e-08, 5.30567803025e-08, 1.64713682693e-08, 2.34639614405e-07, 7.60840009661e-07, 5.35443348326e-07, 5.27195131994e-09], "dvar2": [4.95214536045e-08, 7.00679811416e-05, 0.000111417371954, 2.63712390733e-05, 3.53021932824e-05, 2.23901952268e-05, 4.57530950371e-06, 6.90701972417e-06, 1.20701533888e-05, 1.39560904699e-06, 1.27679243178e-06, 1.64932444022e-05, 5.06072592543e-06, 5.49406195205e-07, 4.3708317321e-07, 3.23921597101e-07, 2.51269625551e-07, 2.22243400572e-07, 6.43586943738e-08, 1.528411957e-07, 4.28900541749e-08, 1.27940765537e-07, 3.04139646801e-08, 5.73911677293e-07, 2.05626884053e-06, 1.44890952924e-06, 1.42717713203e-08], "max": [0.00472827535123, 0.0932787209749, 0.103143304586, 0.063001267612, 0.0705957636237, 0.0823229700327, 0.0290184468031, 0.0475399792194, 0.0592473372817, 0.0257156025618, 0.0164374504238, 0.051149699837, 0.0283735096455, 0.00945693440735, 0.00721694389358, 0.00882069766521, 0.00764482468367, 0.0110798021778, 0.00604985002428, 0.0060229441151, 0.0036871698685, 0.00847569573671, 0.00534214591607, 0.0193695910275, 0.0406294800341, 0.0283416472375, 0.00270417239517], "mean": [0.00016470621631, 0.00474343867972, 0.0103768222034, 0.00320531637408, 0.00680806767195, 0.00284232804552, 0.00136155518703, 0.00133477221243, 0.00174966151826, 0.000490820035338, 0.000429993175203, 0.000649421068374, 0.000501569360495, 0.00036012523924, 0.00028942732024, 0.000197292116354, 0.000254609214608, 0.000249246833846, 0.000129801526782, 0.000226452160859, 6.2735278334e-05, 8.83154061739e-05, 7.05137790646e-05, 9.70381952357e-05, 8.87769565452e-05, 4.34730063716e-05, 5.38113363291e-06], "median": [0.000153013563249, 0.00183449545875, 0.00592298340052, 0.0017074146308, 0.00476613687351, 0.0014421781525, 0.000522409100085, 0.000358089077054, 0.000495762738865, 0.000118374045996, 0.000136336486321, 0.000125027043396, 0.000130365791847, 0.000135432404932, 0.000117965406389, 7.19975068932e-05, 0.000102359161247, 0.00010219313117, 6.24344684184e-05, 8.20536151878e-05, 2.00017439056e-05, 2.73195255431e-05, 2.79682335531e-05, 2.756244794e-05, 1.45169842654e-05, 2.64593813881e-06, 2.92080528652e-07], "min": [6.44973307197e-24, 8.65117485688e-24, 1.93842688163e-24, 4.69585112722e-24, 3.91871103844e-23, 2.14230072507e-23, 2.5962103433e-23, 3.67149686133e-23, 3.21250603224e-23, 6.64528222405e-23, 6.87243819269e-23, 1.58178135177e-22, 1.58182136279e-22, 8.37758543094e-23, 2.30820170753e-22, 9.7629545537e-23, 2.58674028901e-22, 2.23316046195e-22, 2.93723838361e-22, 3.13932763435e-22, 4.72840298338e-22, 7.99155830335e-22, 6.63794821577e-22, 7.20756082027e-22, 1.17987873293e-21, 1.78599098489e-21, 2.54475592519e-21], "var": [1.83320683078e-08, 5.48890711798e-05, 0.000163347402122, 2.11923288589e-05, 4.88906916871e-05, 2.05906180781e-05, 5.74578098167e-06, 8.42226563691e-06, 1.35372738441e-05, 1.28436442992e-06, 1.19717196867e-06, 5.58258261663e-06, 1.84984003226e-06, 3.98464464979e-07, 2.85014778001e-07, 2.16114017348e-07, 2.17135152525e-07, 2.26133039405e-07, 5.75085614685e-08, 1.56565477027e-07, 2.83089161002e-08, 7.8537958359e-08, 4.65536622585e-08, 2.91664520091e-07, 6.16757006355e-07, 3.65207114328e-07, 3.7265110997e-09]}, "barkbands_crest": {"dmean": 2.10343599319, "dmean2": 3.2622961998, "dvar": 3.83271455765, "dvar2": 9.55404376984, "max": 23.6368560791, "mean": 11.1123085022, "median": 10.4788284302, "min": 3.21882224083, "var": 17.5615940094}, "barkbands_flatness_db": {"dmean": 0.0210993867368, "dmean2": 0.029412008822, "dvar": 0.000443285360234, "dvar2": 0.000886158784851, "max": 0.528670728207, "mean": 0.165827423334, "median": 0.152335718274, "min": 0.0302270632237, "var": 0.00446158554405}, "barkbands_kurtosis": {"dmean": 5.28677129745, "dmean2": 7.58444023132, "dvar": 84.08152771, "dvar2": 153.366165161, "max": 237.806671143, "mean": 12.9113969803, "median": 6.34486103058, "min": -1.91942512989, "var": 411.313781738}, "barkbands_skewness": {"dmean": 0.576107501984, "dmean2": 0.838135719299, "dvar": 0.384879380465, "dvar2": 0.842663288116, "max": 12.6678581238, "mean": 2.57062721252, "median": 2.30560994148, "min": -2.12054252625, "var": 2.53619122505}, "barkbands_spread": {"dmean": 3.81708478928, "dmean2": 5.6620850563, "dvar": 35.5184936523, "dvar2": 76.2196807861, "max": 125.311782837, "mean": 15.4468793869, "median": 12.0742826462, "min": 0.429217725992, "var": 226.288543701}, "dissonance": {"dmean": 0.0192920807749, "dmean2": 0.031601049006, "dvar": 0.000338789308444, "dvar2": 0.000825326773338, "max": 0.499804705381, "mean": 0.451767235994, "median": 0.457311093807, "min": 0, "var": 0.00100991840009}, "dynamic_complexity": 3.08993291855, "erbbands": {"dmean": [0.0284938029945, 0.749253034592, 4.68290805817, 5.48295688629, 7.70379018784, 10.8446111679, 9.37616348267, 11.7826652527, 9.02274990082, 12.7406482697, 17.9882659912, 17.2046146393, 11.6038455963, 9.48140144348, 9.8389415741, 21.5478668213, 16.5090332031, 10.7117328644, 9.51111125946, 8.21008014679, 7.84914445877, 8.3904209137, 7.465528965, 3.7088572979, 5.33853673935, 4.00262641907, 1.71623361111, 1.5981272459, 1.53814411163, 1.63839828968, 1.00817835331, 1.14779162407, 1.10486400127, 1.10915327072, 0.479647368193, 0.0810927525163, 0.0915425419807, 0.0357940383255, 0.00142288254574, 0.000114948081318], "dmean2": [0.0448222383857, 1.14869511127, 6.49518346786, 8.05582523346, 11.6269207001, 15.6269874573, 13.6708526611, 17.3763904572, 13.456577301, 18.1642379761, 25.6121730804, 25.8412857056, 18.2013931274, 14.3321676254, 16.2554302216, 37.0878639221, 27.9788246155, 17.4147949219, 15.4906044006, 13.6681280136, 12.0854635239, 13.1723632812, 11.3084869385, 5.6088681221, 8.54078769684, 6.47397136688, 2.6971180439, 2.4246275425, 2.24036717415, 2.52077579498, 1.47101962566, 1.7550842762, 1.67485427856, 1.79384458065, 0.764073073864, 0.120008938015, 0.150412887335, 0.0607858076692, 0.00240100570954, 0.000189261365449], "dvar": [0.00654129870236, 2.16674494743, 49.4629554749, 72.4783935547, 153.93460083, 249.847000122, 405.679840088, 966.967895508, 475.492553711, 684.252685547, 2299.46411133, 1962.19555664, 814.624572754, 627.684631348, 1051.09741211, 10207.8232422, 4287.76855469, 514.442321777, 565.844970703, 299.689819336, 566.05078125, 344.95690918, 366.96206665, 67.5209655762, 144.979156494, 83.2198104858, 33.8778190613, 37.2113265991, 30.1971168518, 75.9605789185, 14.3832216263, 61.7552986145, 83.5056228638, 181.200973511, 17.429233551, 0.145167246461, 1.85837864876, 0.331579089165, 0.000289049872663, 2.09015638575e-06], "dvar2": [0.0137575929984, 5.74975299835, 130.200820923, 171.781173706, 382.484619141, 596.328674316, 979.993896484, 2135.27148438, 1090.51855469, 1306.16943359, 5443.12695312, 4653.05126953, 2045.5177002, 1443.44543457, 2886.12329102, 28251.0546875, 12160.1884766, 1419.56896973, 1478.42675781, 789.881347656, 1230.81958008, 819.655151367, 757.53515625, 142.756774902, 361.027832031, 210.932388306, 83.0467453003, 81.3520584106, 63.753276825, 191.256118774, 25.6689338684, 163.324783325, 203.646118164, 496.828094482, 45.9543647766, 0.366456001997, 5.01480054855, 0.910180449486, 0.000781926733907, 5.57435078008e-06], "max": [2.16816663742, 25.8009147644, 108.57711792, 189.164993286, 234.024200439, 252.772796631, 666.488891602, 1037.57653809, 512.932678223, 612.202941895, 1320.73779297, 1072.71337891, 929.103759766, 611.725036621, 605.916931152, 2339.41601562, 1076.65454102, 545.23425293, 467.481506348, 447.57131958, 610.195922852, 519.879150391, 765.671508789, 198.611923218, 269.996948242, 178.653427124, 131.750869751, 167.191101074, 206.332336426, 378.715667725, 150.596038818, 336.242858887, 359.999572754, 660.974914551, 137.699386597, 11.706870079, 63.7134857178, 22.0940380096, 0.712391674519, 0.0537822283804], "mean": [0.0514115169644, 1.48534548283, 10.2875108719, 12.4164981842, 16.6025485992, 23.7201461792, 22.3801307678, 23.5246620178, 17.8421363831, 27.1732997894, 36.1815299988, 32.4298439026, 22.1702308655, 18.0877819061, 15.3975753784, 26.7870979309, 24.6215839386, 19.3260917664, 15.1909942627, 13.3499269485, 11.8678569794, 14.8130397797, 14.4655590057, 7.8886051178, 11.1402750015, 8.95194244385, 3.03298830986, 2.77941012383, 2.78200054169, 2.86683344841, 2.04672598839, 1.9172372818, 1.56635451317, 1.1695035696, 0.530110180378, 0.103655733168, 0.07780020684, 0.0253272093832, 0.00110321596731, 0.000129280262627], "median": [0.0241995938122, 0.668146371841, 5.99555873871, 7.26099729538, 10.3264875412, 15.1567707062, 12.9030361176, 11.3414268494, 7.57822990417, 10.504324913, 11.224650383, 8.99350738525, 7.35987472534, 6.35029172897, 5.01666641235, 5.69352483749, 7.49700880051, 8.16637706757, 5.44681549072, 6.46779680252, 4.44360685349, 6.39540529251, 6.44625043869, 4.13644170761, 4.41360521317, 3.65029478073, 1.06676363945, 0.922187507153, 0.939911365509, 0.949275970459, 0.775110900402, 0.664221465588, 0.355962276459, 0.182731688023, 0.0869622528553, 0.0212456677109, 0.00312543730251, 0.000381136953365, 6.78940341459e-05, 4.55206500192e-05], "min": [5.3741652777e-22, 8.09828701864e-22, 2.85631826889e-21, 7.68518482163e-21, 6.22687412587e-20, 1.86713831579e-19, 1.54048714759e-19, 1.57548606403e-19, 4.47800273364e-19, 1.53670072833e-19, 9.84055208929e-19, 7.67049234911e-19, 2.16293647433e-18, 1.42804316195e-18, 4.43600708413e-18, 6.34405467694e-18, 7.94228218491e-18, 4.92645074112e-18, 5.57153746799e-18, 1.17589729406e-17, 8.68018353959e-18, 1.31065882976e-17, 1.09988559962e-17, 1.14334798511e-17, 1.73274998847e-17, 1.59019120016e-17, 2.22646315955e-17, 1.83326450973e-17, 1.97926403852e-17, 2.16352497197e-17, 2.25989382944e-17, 2.01056389115e-17, 9.41906593047e-18, 1.17104447356e-17, 8.31475996038e-18, 6.36177081771e-18, 3.52572377134e-18, 1.48922847109e-18, 3.33580744539e-19, 3.96718277473e-20], "var": [0.00887059327215, 4.52820825577, 153.394943237, 244.990234375, 416.357330322, 682.551147461, 950.56048584, 2005.90441895, 1131.90649414, 2511.52270508, 5787.23632812, 5026.71826172, 2174.79736328, 1551.85131836, 1272.92687988, 9853.546875, 4295.13378906, 1029.60925293, 992.39263916, 548.149291992, 793.918762207, 672.89855957, 746.851806641, 168.433944702, 366.943786621, 204.035736084, 46.9784927368, 70.5193939209, 65.8964080811, 92.6902770996, 42.724861145, 72.4326782227, 102.232719421, 139.800598145, 15.4388408661, 0.158544704318, 1.29019916058, 0.215455368161, 0.000199072324904, 1.54233714511e-06]}, "erbbands_crest": {"dmean": 2.30687522888, "dmean2": 3.62143659592, "dvar": 4.71313667297, "dvar2": 11.2908477783, "max": 28.0846710205, "mean": 8.9407453537, "median": 8.07392501831, "min": 2.13111400604, "var": 15.8338317871}, "erbbands_flatness_db": {"dmean": 0.0148505195975, "dmean2": 0.0209475960582, "dvar": 0.000219523804844, "dvar2": 0.00043985422235, "max": 0.390439838171, "mean": 0.151992961764, "median": 0.15070335567, "min": 0.0295011233538, "var": 0.00185759540182}, "erbbands_kurtosis": {"dmean": 1.13457894325, "dmean2": 1.68727207184, "dvar": 5.78994083405, "dvar2": 10.761059761, "max": 61.1646957397, "mean": 1.01433897018, "median": -0.0611753463745, "min": -1.87746620178, "var": 16.9901275635}, "erbbands_skewness": {"dmean": 0.371800780296, "dmean2": 0.537961542606, "dvar": 0.157871440053, "dvar2": 0.303898394108, "max": 6.43369293213, "mean": 0.723615407944, "median": 0.61526453495, "min": -3.4645011425, "var": 0.823805391788}, "erbbands_spread": {"dmean": 7.23000669479, "dmean2": 10.8441982269, "dvar": 67.6169967651, "dvar2": 149.074920654, "max": 176.405975342, "mean": 42.0258560181, "median": 40.9141464233, "min": 2.26309490204, "var": 327.472167969}, "gfcc": {"cov": [[24145.0800781, 2661.37060547, -2091.73608398, 496.546447754, -1055.6953125, 250.388061523, -647.276000977, 85.1399765015, -421.136322021, -156.34765625, -135.574234009, -239.047241211, -158.043258667], [2661.37060547, 1330.71887207, -190.903579712, 2.30583882332, 64.267791748, -47.0398216248, 11.7862577438, -45.3236160278, -20.4960975647, -152.046127319, 26.1958351135, -140.215301514, -43.314994812], [-2091.73608398, -190.903579712, 904.173217773, 133.086395264, 225.175964355, 3.69191479683, 40.366519928, -41.6632843018, 29.9070415497, -3.66391324997, -12.9307546616, 49.8101272583, -5.55029916763], [496.546447754, 2.30583882332, 133.086395264, 339.85647583, -20.5069847107, -7.1047539711, -74.3022460938, -15.0597305298, 0.238056242466, -13.5420570374, 28.4748840332, -13.2985887527, 40.9192314148], [-1055.6953125, 64.267791748, 225.175964355, -20.5069847107, 312.924468994, -4.26286792755, 44.2552452087, -16.4156036377, 19.0567169189, -26.8303871155, -41.3389892578, 14.835726738, -11.6835222244], [250.388061523, -47.0398216248, 3.69191479683, -7.1047539711, -4.26286792755, 169.554122925, 62.5515937805, 7.20176458359, -4.34764432907, 19.6053962708, -9.96818161011, -0.222332492471, -0.151654273272], [-647.276000977, 11.7862577438, 40.366519928, -74.3022460938, 44.2552452087, 62.5515937805, 202.718902588, 49.1142425537, 18.9219093323, -7.25182676315, 3.55637121201, 10.396150589, -15.401927948], [85.1399765015, -45.3236160278, -41.6632843018, -15.0597305298, -16.4156036377, 7.20176458359, 49.1142425537, 106.827568054, 29.8676509857, 4.44531679153, -9.39255905151, 9.11598396301, 6.18843507767], [-421.136322021, -20.4960975647, 29.9070415497, 0.238056242466, 19.0567169189, -4.34764432907, 18.9219093323, 29.8676509857, 109.724945068, 36.2954444885, -13.5897989273, -11.3008098602, 14.0987939835], [-156.34765625, -152.046127319, -3.66391324997, -13.5420570374, -26.8303871155, 19.6053962708, -7.25182676315, 4.44531679153, 36.2954444885, 124.059875488, 27.5781097412, 1.36708807945, 3.29840755463], [-135.574234009, 26.1958351135, -12.9307546616, 28.4748840332, -41.3389892578, -9.96818161011, 3.55637121201, -9.39255905151, -13.5897989273, 27.5781097412, 117.757270813, 4.64041471481, -5.30934238434], [-239.047241211, -140.215301514, 49.8101272583, -13.2985887527, 14.835726738, -0.222332492471, 10.396150589, 9.11598396301, -11.3008098602, 1.36708807945, 4.64041471481, 112.596214294, 26.5792675018], [-158.043258667, -43.314994812, -5.55029916763, 40.9192314148, -11.6835222244, -0.151654273272, -15.401927948, 6.18843507767, 14.0987939835, 3.29840755463, -5.30934238434, 26.5792675018, 84.6606903076]], "icov": [[0.000170377068571, -0.00047088044812, 0.000219419278437, -0.000396867399104, 0.000440347648691, -0.000452109699836, 0.000541561341379, -0.000525816634763, 0.000589404371567, -0.000524828850757, 0.000719299714547, -0.000545142509509, 0.000618813035544], [-0.00047088044812, 0.00246929563582, -0.000293218821753, 0.00111142604146, -0.00164348864928, 0.00134824879933, -0.00163054687437, 0.00191971834283, -0.00201311265118, 0.00303395860828, -0.00278252875432, 0.00282226013951, -0.00167693849653], [0.000219419278437, -0.000293218821753, 0.00198925752193, -0.00142391398549, -0.000559193023946, -0.000459649745608, 0.000127435268951, 0.00022850514506, 0.000214481216972, -0.000520574394614, 0.000920990481973, -0.00125579151791, 0.00144329119939], [-0.000396867399104, 0.00111142604146, -0.00142391398549, 0.00510338135064, -0.000638098863419, 0.000363509869203, 0.000592284603044, 0.000596242840402, -0.00156865885947, 0.00244938861579, -0.0032755471766, 0.00255278102122, -0.00359650887549], [0.000440347648691, -0.00164348864928, -0.000559193023946, -0.000638098863419, 0.00573540199548, -0.000815687875729, 0.000585922796745, -0.000510474666953, 0.000866474234499, -0.00116183445789, 0.00340113672428, -0.00222063530236, 0.00199831952341], [-0.000452109699836, 0.00134824879933, -0.000459649745608, 0.000363509869203, -0.000815687875729, 0.00860058609396, -0.00456257676706, 0.00217806152068, -4.0030994569e-05, -0.000679497316014, -0.000212860526517, 0.00181938626338, -0.00199784291908], [0.000541561341379, -0.00163054687437, 0.000127435268951, 0.000592284603044, 0.000585922796745, -0.00456257676706, 0.00973399914801, -0.00521722109988, 0.000656050338876, 6.57213167869e-05, 0.000225172872888, -0.00200049113482, 0.0026540979743], [-0.000525816634763, 0.00191971834283, 0.00022850514506, 0.000596242840402, -0.000510474666953, 0.00217806152068, -0.00521722109988, 0.0142380241305, -0.00511677423492, 0.00227114302106, -0.00107998703606, 0.0005757236504, -0.00181390019134], [0.000589404371567, -0.00201311265118, 0.000214481216972, -0.00156865885947, 0.000866474234499, -4.0030994569e-05, 0.000656050338876, -0.00511677423492, 0.0150390528142, -0.00691125262529, 0.00472195865586, 0.000233930419199, -0.000557103136089], [-0.000524828850757, 0.00303395860828, -0.000520574394614, 0.00244938861579, -0.00116183445789, -0.000679497316014, 6.57213167869e-05, 0.00227114302106, -0.00691125262529, 0.0146594531834, -0.00663980375975, 0.00295458151959, -0.0017252669204], [0.000719299714547, -0.00278252875432, 0.000920990481973, -0.0032755471766, 0.00340113672428, -0.000212860526517, 0.000225172872888, -0.00107998703606, 0.00472195865586, -0.00663980375975, 0.014345837757, -0.00404645781964, 0.0037939932663], [-0.000545142509509, 0.00282226013951, -0.00125579151791, 0.00255278102122, -0.00222063530236, 0.00181938626338, -0.00200049113482, 0.0005757236504, 0.000233930419199, 0.00295458151959, -0.00404645781964, 0.014211111702, -0.00646852096543], [0.000618813035544, -0.00167693849653, 0.00144329119939, -0.00359650887549, 0.00199831952341, -0.00199784291908, 0.0026540979743, -0.00181390019134, -0.000557103136089, -0.0017252669204, 0.0037939932663, -0.00646852096543, 0.0172583628446]], "mean": [-30.712480545, 106.218544006, -93.6293334961, 34.7807159424, -53.7402954102, 9.06165504456, -42.4911308289, 5.69348144531, -26.0617141724, -6.07788610458, -14.2550315857, -8.77741622925, -15.7010498047]}, "hfc": {"dmean": 5.77124404907, "dmean2": 8.57033061981, "dvar": 648.655944824, "dvar2": 1688.8684082, "max": 1080.47375488, "mean": 17.4700393677, "median": 12.6736555099, "min": 1.21192137369e-16, "var": 690.005432129}, "melbands": {"dmean": [0.000460131035652, 0.00192754901946, 0.00094894960057, 0.000647103181109, 0.000353709794581, 0.000257192790741, 0.000136111717438, 0.000142048360431, 0.000164555705851, 0.000105201652332, 5.95646270085e-05, 3.96936920879e-05, 3.21469051414e-05, 5.40920045751e-05, 6.04645101703e-05, 2.91777232633e-05, 1.84900054592e-05, 1.61718835443e-05, 1.48100698425e-05, 7.52952291805e-06, 9.90955231828e-06, 8.47988212627e-06, 8.37771494844e-06, 6.95773724146e-06, 2.74466151495e-06, 2.93015341413e-06, 5.8672162595e-06, 2.2323849862e-06, 1.24089888232e-06, 8.67868266141e-07, 1.01196394553e-06, 9.09957805106e-07, 1.09909649382e-06, 8.12364874037e-07, 6.25390384812e-07, 5.58480280688e-07, 8.67853145792e-07, 7.90083674929e-07, 9.67132109508e-07, 9.56383587436e-07], "dmean2": [0.000718442490324, 0.00270578172058, 0.00139716535341, 0.000946976535488, 0.000511084392201, 0.000378518743673, 0.000202651077416, 0.000201827177079, 0.000237029817072, 0.000159486546181, 9.37211880228e-05, 6.05160930718e-05, 5.0638907851e-05, 9.27057917579e-05, 0.00010446584929, 4.85036725877e-05, 2.99943021673e-05, 2.62686153292e-05, 2.50403372775e-05, 1.21142575153e-05, 1.5326850189e-05, 1.36897715493e-05, 1.28530300572e-05, 1.07656514956e-05, 4.21271397499e-06, 4.69103224532e-06, 9.49682998908e-06, 3.65635060007e-06, 1.98631414605e-06, 1.36469736844e-06, 1.542355335e-06, 1.34487322612e-06, 1.69374186498e-06, 1.2698383216e-06, 9.35838613714e-07, 8.28602821912e-07, 1.38288294238e-06, 1.25155179376e-06, 1.52851896473e-06, 1.60144804795e-06], "dvar": [1.14341253266e-06, 8.30705448607e-06, 1.85063106528e-06, 9.41254825193e-07, 4.06442410394e-07, 4.03049170927e-07, 9.32281878363e-08, 9.23396257235e-08, 2.08939667345e-07, 7.02631126615e-08, 2.13379482972e-08, 1.01322710222e-08, 7.39580219289e-09, 5.93425610873e-08, 7.57186597866e-08, 8.2931128631e-09, 1.65297908694e-09, 1.81578407865e-09, 8.03904609548e-10, 4.05646627399e-10, 8.52006909469e-10, 3.99592192668e-10, 3.78949233104e-10, 2.84429813036e-10, 3.76466982588e-11, 6.35043476138e-11, 1.8839248217e-10, 3.05401676171e-11, 1.83612916538e-11, 1.15554493058e-11, 1.6046360421e-11, 1.06581210871e-11, 3.28135955907e-11, 1.31266889719e-11, 4.93625496381e-12, 7.90390496108e-12, 5.25963370079e-11, 4.06859060331e-11, 9.99617957853e-11, 1.59682253531e-10], "dvar2": [2.72054126071e-06, 2.205421697e-05, 4.50884044767e-06, 2.11615611079e-06, 9.63043135016e-07, 9.03794898477e-07, 2.15723829911e-07, 1.80964505603e-07, 4.97068356253e-07, 1.70825515511e-07, 5.36401749685e-08, 2.38005863906e-08, 1.85547897047e-08, 1.6523354418e-07, 2.12140690792e-07, 2.36879600379e-08, 4.51779946786e-09, 4.76873784905e-09, 2.15214335242e-09, 1.02922115275e-09, 1.87038007304e-09, 1.00121555491e-09, 8.34611268985e-10, 6.3566257813e-10, 7.98888247222e-11, 1.52374834972e-10, 4.69392469338e-10, 7.79623865466e-11, 4.51863130246e-11, 2.80599085634e-11, 3.59713925313e-11, 2.24560873369e-11, 8.16267053949e-11, 3.27199829731e-11, 9.25515653699e-12, 1.65292605991e-11, 1.45258638451e-10, 1.04239200605e-10, 2.50836934557e-10, 4.45479209077e-10], "max": [0.0210062097758, 0.040152862668, 0.0268576499075, 0.0194473732263, 0.0188276581466, 0.020156763494, 0.00665928889066, 0.00712530547753, 0.0135659929365, 0.00661930581555, 0.00470189005136, 0.00224725157022, 0.00139595789369, 0.00476857740432, 0.00521352188662, 0.00223046517931, 0.00102661538403, 0.000725601392332, 0.000444077391876, 0.000617046491243, 0.000746196019463, 0.000564055866562, 0.000495411572047, 0.000547816569451, 0.000158014285262, 0.000324154883856, 0.000375310512027, 0.000108904343506, 0.000145575715578, 0.000115868497232, 0.00011552003707, 0.000133467037813, 0.000230916135479, 0.000148073522723, 8.42735971673e-05, 0.000125471895444, 0.000326226785546, 0.000225349343964, 0.000404819264077, 0.000635670323391], "mean": [0.000862244633026, 0.00432178331539, 0.00229990086518, 0.00150097359437, 0.000863295223098, 0.000527317286469, 0.000273629819276, 0.000301979598589, 0.000315656419843, 0.000199403672013, 0.000109517670353, 7.34937202651e-05, 5.2588784456e-05, 6.4590582042e-05, 7.3545059422e-05, 4.9529284297e-05, 3.14692915708e-05, 2.3470243832e-05, 2.25500480155e-05, 1.18682964967e-05, 1.38408522616e-05, 1.39362227856e-05, 1.50417881741e-05, 1.25673122966e-05, 5.4601082411e-06, 5.6790936469e-06, 1.12057959996e-05, 4.55758936369e-06, 1.99414375857e-06, 1.36598180234e-06, 1.67951179719e-06, 1.57450233473e-06, 1.72348995875e-06, 1.45743422308e-06, 1.21511129691e-06, 1.03337515611e-06, 1.27497787616e-06, 1.08511062535e-06, 1.16682667795e-06, 9.26429379433e-07], "median": [0.000364871229976, 0.00263593601994, 0.00152146350592, 0.000995057285763, 0.000541636371054, 0.000260237400653, 0.000120577904454, 0.000105118087959, 9.11401002668e-05, 5.50020049559e-05, 3.51454946212e-05, 2.32478378166e-05, 1.78971295099e-05, 1.29936379381e-05, 1.39618268804e-05, 1.59787250595e-05, 1.22840137919e-05, 4.86634007757e-06, 9.88159081317e-06, 4.65329276267e-06, 4.75141814604e-06, 5.89882529312e-06, 5.71277678318e-06, 4.7072480811e-06, 2.76047626357e-06, 2.48488549914e-06, 3.57067574441e-06, 1.91694903151e-06, 6.55828102936e-07, 4.05229968692e-07, 5.37930759492e-07, 5.05521711602e-07, 4.48435173439e-07, 5.40522705705e-07, 4.53870427464e-07, 3.55311414069e-07, 4.11092202057e-07, 2.54483978779e-07, 1.84947865023e-07, 1.30710972712e-07], "min": [3.72028735611e-24, 1.29980729682e-24, 2.2128954536e-24, 1.01346759097e-23, 5.48755311499e-24, 4.77475496711e-24, 5.67256150765e-24, 2.25864918889e-24, 7.58503013233e-24, 5.02195202594e-24, 1.11945255242e-23, 5.42381985916e-24, 1.25666875377e-23, 1.68370984845e-23, 1.92749058736e-23, 1.51489282587e-23, 7.92186742797e-24, 5.2178455158e-24, 2.21816153402e-23, 7.99406082258e-24, 1.16861483735e-23, 1.54411838692e-23, 9.79305969465e-24, 1.03583447976e-23, 8.63887967081e-24, 1.33087887127e-23, 9.62058551292e-24, 1.0990231849e-23, 1.57640883035e-23, 9.39522530724e-24, 1.16674665695e-23, 8.74531593958e-24, 1.99639348535e-23, 7.81409640655e-24, 1.30830758862e-23, 1.33759696851e-23, 1.15782251019e-23, 5.77347653895e-24, 7.89116259496e-24, 1.04675365575e-23], "var": [1.91421167983e-06, 2.48317392106e-05, 6.00542625762e-06, 2.84765314973e-06, 1.10340727133e-06, 8.69568452799e-07, 2.26902827194e-07, 3.15906419246e-07, 4.92661399676e-07, 1.86206250419e-07, 5.49700018837e-08, 2.45329960791e-08, 1.33761606236e-08, 5.16716056609e-08, 7.74196706743e-08, 1.13664038182e-08, 3.37069883116e-09, 3.13104697724e-09, 1.34279898312e-09, 6.99463653664e-10, 1.15909060128e-09, 6.8326816427e-10, 8.10179590083e-10, 5.9551741316e-10, 9.20006848482e-11, 1.33050473416e-10, 4.7856718588e-10, 5.8636991096e-11, 2.6005687187e-11, 1.56509440824e-11, 3.01663624636e-11, 2.371493453e-11, 4.06745713499e-11, 1.75503361843e-11, 1.40430739953e-11, 1.83313867558e-11, 4.458184516e-11, 4.27169723205e-11, 1.05028492847e-10, 1.11164584482e-10]}, "melbands_crest": {"dmean": 2.94355034828, "dmean2": 4.6457734108, "dvar": 7.53253316879, "dvar2": 20.4733982086, "max": 33.3897285461, "mean": 15.9017982483, "median": 15.1038579941, "min": 2.23331284523, "var": 33.4213142395}, "melbands_flatness_db": {"dmean": 0.0250724554062, "dmean2": 0.0348969101906, "dvar": 0.000640574726276, "dvar2": 0.00132735841908, "max": 0.687914848328, "mean": 0.254133313894, "median": 0.240484192967, "min": 0.0108145503327, "var": 0.00754604721442}, "melbands_kurtosis": {"dmean": 11.1782026291, "dmean2": 16.4469013214, "dvar": 362.901733398, "dvar2": 728.067504883, "max": 626.273620605, "mean": 29.3700351715, "median": 17.3880023956, "min": -1.76854121685, "var": 1608.53125}, "melbands_skewness": {"dmean": 0.764284074306, "dmean2": 1.14080762863, "dvar": 0.677116751671, "dvar2": 1.53618717194, "max": 19.7746524811, "mean": 3.69021511078, "median": 3.42614650726, "min": -0.209771066904, "var": 3.95374798775}, "melbands_spread": {"dmean": 4.05034732819, "dmean2": 6.05591535568, "dvar": 62.1996917725, "dvar2": 126.759506226, "max": 256.788696289, "mean": 13.7503156662, "median": 10.2352485657, "min": 0.329289257526, "var": 224.986038208}, "mfcc": {"cov": [[13414.1337891, 987.352416992, -529.780395508, -80.3996887207, -310.676147461, -151.729949951, -106.387580872, -19.0586872101, -189.864181519, 122.33921051, -156.75479126, -88.2093429565, 52.5796165466], [987.352416992, 1307.47351074, -6.61848402023, 93.0176467896, 91.7601470947, 20.7688846588, 60.8709983826, 95.4516220093, -22.5648880005, 2.66752481461, 44.2490272522, -0.937575399876, -60.9354438782], [-529.780395508, -6.61848402023, 552.052368164, 186.518859863, 115.157333374, 72.6285858154, 22.5124835968, 0.310741841793, -7.25621795654, -1.67401480675, -11.2700281143, -14.0667085648, 41.1307144165], [-80.3996887207, 93.0176467896, 186.518859863, 294.99621582, 139.904983521, 3.19782614708, -17.8126125336, 0.717081308365, -9.88776779175, -20.1499443054, -26.1891365051, -6.36473846436, 8.90623283386], [-310.676147461, 91.7601470947, 115.157333374, 139.904983521, 248.954574585, 47.1544914246, -25.6588573456, -13.8597383499, 12.7602405548, -21.4612598419, -16.4010238647, -21.4144744873, -22.3519802094], [-151.729949951, 20.7688846588, 72.6285858154, 3.19782614708, 47.1544914246, 149.702804565, 41.9077911377, 4.81524324417, 25.2203369141, 2.69884514809, 18.8365840912, -11.7194547653, -8.51493358612], [-106.387580872, 60.8709983826, 22.5124835968, -17.8126125336, -25.6588573456, 41.9077911377, 145.185653687, 51.4441680908, -11.8597621918, 1.81536483765, 22.1119480133, 15.8267726898, 4.2570514679], [-19.0586872101, 95.4516220093, 0.310741841793, 0.717081308365, -13.8597383499, 4.81524324417, 51.4441680908, 150.420913696, 45.8814125061, -27.9644184113, 9.55833244324, -6.98435211182, -7.78856658936], [-189.864181519, -22.5648880005, -7.25621795654, -9.88776779175, 12.7602405548, 25.2203369141, -11.8597621918, 45.8814125061, 159.385787964, 22.1522579193, -6.55275392532, 3.3850171566, -14.3872394562], [122.33921051, 2.66752481461, -1.67401480675, -20.1499443054, -21.4612598419, 2.69884514809, 1.81536483765, -27.9644184113, 22.1522579193, 143.267501831, 18.0098514557, -3.73871970177, 12.5987243652], [-156.75479126, 44.2490272522, -11.2700281143, -26.1891365051, -16.4010238647, 18.8365840912, 22.1119480133, 9.55833244324, -6.55275392532, 18.0098514557, 110.03276825, 25.7407398224, -12.2844619751], [-88.2093429565, -0.937575399876, -14.0667085648, -6.36473846436, -21.4144744873, -11.7194547653, 15.8267726898, -6.98435211182, 3.3850171566, -3.73871970177, 25.7407398224, 87.0634384155, 21.9211978912], [52.5796165466, -60.9354438782, 41.1307144165, 8.90623283386, -22.3519802094, -8.51493358612, 4.2570514679, -7.78856658936, -14.3872394562, 12.5987243652, -12.2844619751, 21.9211978912, 96.0564956665]], "icov": [[9.34566705837e-05, -8.70453732205e-05, 8.92716561793e-05, -5.16929540026e-05, 0.000153137370944, -5.54889265914e-05, 0.0001162126282, -2.50803623203e-05, 0.000124659360154, -9.92889617919e-05, 0.00017458423099, 7.04489502823e-05, -7.83324430813e-05], [-8.70453732205e-05, 0.000988757237792, 5.50859731447e-05, -0.000222611575737, -0.000467115547508, -4.49407752967e-06, -0.000252987461863, -0.000702032004483, 0.000330581882736, -0.000251249206485, -0.000326292094542, -0.000295351113891, 0.000625274900813], [8.92716561793e-05, 5.50859731447e-05, 0.00274892128073, -0.00160102045629, -0.000186864490388, -0.00114737357944, -0.000263963709585, -6.13121592323e-05, 0.000238714012085, -0.000199833564693, 1.12084444481e-05, 0.000552778306883, -0.00124376208987], [-5.16929540026e-05, -0.000222611575737, -0.00160102045629, 0.00588257936761, -0.00280736666173, 0.00120133045129, 0.000357718148734, -0.000489254889544, 0.000393947266275, 0.000171657258761, 0.000715554982889, -0.000661415921059, -0.000296153157251], [0.000153137370944, -0.000467115547508, -0.000186864490388, -0.00280736666173, 0.00689803203568, -0.00206295889802, 0.0012304201955, 0.000918656995054, -0.000439652096247, 0.000628086971119, 0.000595203367993, 0.000760548806284, 0.00115671555977], [-5.54889265914e-05, -4.49407752967e-06, -0.00114737357944, 0.00120133045129, -0.00206295889802, 0.00960297323763, -0.00365009950474, 0.00189037364908, -0.00248439470306, 0.000853927456774, -0.00212533189915, 0.00225259596482, -0.000176292189281], [0.0001162126282, -0.000252987461863, -0.000263963709585, 0.000357718148734, 0.0012304201955, -0.00365009950474, 0.0105091230944, -0.00450948113576, 0.00297959940508, -0.00143262569327, 0.000509124365635, -0.0027704522945, 0.000318665552186], [-2.50803623203e-05, -0.000702032004483, -6.13121592323e-05, -0.000489254889544, 0.000918656995054, 0.00189037364908, -0.00450948113576, 0.0109431892633, -0.00472596520558, 0.00339106400497, -0.00180925102904, 0.00321795558557, -0.00100987870246], [0.000124659360154, 0.000330581882736, 0.000238714012085, 0.000393947266275, -0.000439652096247, -0.00248439470306, 0.00297959940508, -0.00472596520558, 0.00924824923277, -0.00298048881814, 0.00223164819181, -0.00278212246485, 0.00186137738638], [-9.92889617919e-05, -0.000251249206485, -0.000199833564693, 0.000171657258761, 0.000628086971119, 0.000853927456774, -0.00143262569327, 0.00339106400497, -0.00298048881814, 0.00885660387576, -0.00248555466533, 0.00240061967634, -0.00194884894881], [0.00017458423099, -0.000326292094542, 1.12084444481e-05, 0.000715554982889, 0.000595203367993, -0.00212533189915, 0.000509124365635, -0.00180925102904, 0.00223164819181, -0.00248555466533, 0.0120531562716, -0.00457492657006, 0.0026529005263], [7.04489502823e-05, -0.000295351113891, 0.000552778306883, -0.000661415921059, 0.000760548806284, 0.00225259596482, -0.0027704522945, 0.00321795558557, -0.00278212246485, 0.00240061967634, -0.00457492657006, 0.0155452843755, -0.00450519099832], [-7.83324430813e-05, 0.000625274900813, -0.00124376208987, -0.000296153157251, 0.00115671555977, -0.000176292189281, 0.000318665552186, -0.00100987870246, 0.00186137738638, -0.00194884894881, 0.0026529005263, -0.00450519099832, 0.0134694473818]], "mean": [-671.683105469, 135.785675049, 18.543182373, 27.2932815552, 11.4924135208, 1.01976108551, 0.196690812707, 4.44268035889, -8.17480182648, 1.98028731346, -1.65989077091, -2.89957165718, -4.12805271149]}, "pitch_salience": {"dmean": 0.0650523379445, "dmean2": 0.101760827005, "dvar": 0.00351585983299, "dvar2": 0.00908276252449, "max": 0.859245300293, "mean": 0.524749994278, "median": 0.54198050499, "min": 0.115495860577, "var": 0.0149792125449}, "silence_rate_20dB": {"dmean": 0, "dmean2": 0, "dvar": 0, "dvar2": 0, "max": 1, "mean": 1, "median": 1, "min": 1, "var": 0}, "silence_rate_30dB": {"dmean": 0.0127410469577, "dmean2": 0.0254864823073, "dvar": 0.0125791477039, "dvar2": 0.0334488190711, "max": 1, "mean": 0.990704059601, "median": 1, "min": 0, "var": 0.00920995231718}, "silence_rate_60dB": {"dmean": 0.00654269987717, "dmean2": 0.0130876526237, "dvar": 0.00649910280481, "dvar2": 0.0153255984187, "max": 1, "mean": 0.0571526959538, "median": 0, "min": 0, "var": 0.0538852326572}, "spectral_centroid": {"dmean": 169.774627686, "dmean2": 251.115982056, "dvar": 56248.8984375, "dvar2": 105107.140625, "max": 10919.7998047, "mean": 889.223449707, "median": 758.130432129, "min": 110.276382446, "var": 388742.3125}, "spectral_complexity": {"dmean": 2.54683184624, "dmean2": 3.93042874336, "dvar": 11.7705774307, "dvar2": 24.3498210907, "max": 57, "mean": 15.3861246109, "median": 15, "min": 0, "var": 66.203163147}, "spectral_contrast_coeffs": {"dmean": [0.0432779565454, 0.0426782891154, 0.0344981923699, 0.0305584967136, 0.0199681092054, 0.0138634387404], "dmean2": [0.0694444403052, 0.0682406947017, 0.0550927370787, 0.0497694313526, 0.0317676253617, 0.022474501282], "dvar": [0.00130882835947, 0.00121909973677, 0.000786433520261, 0.000643882434815, 0.000296336220345, 0.000210197278648], "dvar2": [0.0034957411699, 0.00315589131787, 0.00192550872453, 0.00168835546356, 0.00068592390744, 0.000517779379152], "max": [-0.260517656803, -0.383994191885, -0.502842068672, -0.556422472, -0.481856316328, -0.609957993031], "mean": [-0.578150808811, -0.696683526039, -0.757406353951, -0.758549928665, -0.768925368786, -0.799313545227], "median": [-0.571719884872, -0.695479989052, -0.758731722832, -0.75461012125, -0.767306447029, -0.796185970306], "min": [-0.985815227032, -0.989809155464, -0.975201189518, -0.961527585983, -0.960108995438, -0.958073139191], "var": [0.00828566681594, 0.0066452822648, 0.00478335237131, 0.00356606487185, 0.00254268897697, 0.00140052882489]}, "spectral_contrast_valleys": {"dmean": [0.372140496969, 0.314228892326, 0.314575403929, 0.299403488636, 0.217306628823, 0.217601850629], "dmean2": [0.600252747536, 0.507448852062, 0.491334408522, 0.453774005175, 0.317637056112, 0.289911955595], "dvar": [0.131840735674, 0.0958546549082, 0.114968672395, 0.131379574537, 0.0938827693462, 0.106537148356], "dvar2": [0.28723603487, 0.195190623403, 0.212515339255, 0.256177216768, 0.153327032924, 0.168935135007], "max": [-5.14508485794, -4.79412317276, -5.29033851624, -5.83176994324, -5.71349287033, -6.90623950958], "mean": [-7.28387784958, -7.03298902512, -7.96409082413, -8.41905212402, -8.25187110901, -10.4662246704], "median": [-6.94891834259, -6.66799688339, -7.62492370605, -8.07447147369, -7.9041724205, -10.1931829453], "min": [-27.5578937531, -26.8696784973, -27.0541267395, -27.6138362885, -27.2767810822, -27.2473983765], "var": [2.69621539116, 2.66942548752, 2.62030363083, 2.3733549118, 2.22695183754, 1.88800394535]}, "spectral_decrease": {"dmean": 2.53902343594e-09, "dmean2": 3.64149177479e-09, "dvar": 9.35094926139e-18, "dvar2": 2.17783701637e-17, "max": -5.50223025936e-30, "mean": -9.33624821897e-09, "median": -8.51948644964e-09, "min": -4.3694782903e-08, "var": 3.82446956214e-17}, "spectral_energy": {"dmean": 0.00990877300501, "dmean2": 0.014225657098, "dvar": 0.000144699923112, "dvar2": 0.000335250690114, "max": 0.168686196208, "mean": 0.0368215814233, "median": 0.0337264463305, "min": 1.10132458498e-20, "var": 0.000586693640798}, "spectral_energyband_high": {"dmean": 0.000316772377118, "dmean2": 0.000470665254397, "dvar": 4.89353351441e-06, "dvar2": 1.25826600197e-05, "max": 0.0941155329347, "mean": 0.00052010116633, "median": 0.000176298897713, "min": 8.17943897012e-21, "var": 4.91249602419e-06}, "spectral_energyband_low": {"dmean": 0.00712166074663, "dmean2": 0.0100095504895, "dvar": 0.000100460521935, "dvar2": 0.000250742130447, "max": 0.137540653348, "mean": 0.0170023720711, "median": 0.0110488636419, "min": 1.69775188811e-23, "var": 0.000321667670505}, "spectral_energyband_middle_high": {"dmean": 0.00150528980885, "dmean2": 0.00236980011687, "dvar": 1.80928964255e-05, "dvar2": 4.87704819534e-05, "max": 0.0737696066499, "mean": 0.0036407657899, "median": 0.00210447027348, "min": 1.72705800132e-21, "var": 2.8032616683e-05}, "spectral_energyband_middle_low": {"dmean": 0.00522953364998, "dmean2": 0.00775593006983, "dvar": 4.34613393736e-05, "dvar2": 0.000103389371361, "max": 0.115149088204, "mean": 0.0174190849066, "median": 0.0153642939404, "min": 1.86684135169e-22, "var": 0.000166340731084}, "spectral_entropy": {"dmean": 0.168134480715, "dmean2": 0.228987067938, "dvar": 0.0364167094231, "dvar2": 0.0688554495573, "max": 9.80934810638, "mean": 7.18437719345, "median": 7.23531007767, "min": 4.05040407181, "var": 0.379696935415}, "spectral_flux": {"dmean": 0.0204577874392, "dmean2": 0.0329684950411, "dvar": 0.0005560265854, "dvar2": 0.00128553528339, "max": 0.304162472486, "mean": 0.0730919092894, "median": 0.0665326863527, "min": 1.04944011814e-10, "var": 0.00185277615674}, "spectral_kurtosis": {"dmean": 1.66181266308, "dmean2": 2.71947574615, "dvar": 9.43930435181, "dvar2": 20.4019126892, "max": 109.037643433, "mean": 6.21251106262, "median": 4.74676990509, "min": -1.19400250912, "var": 62.7545547485}, "spectral_rms": {"dmean": 0.000769556965679, "dmean2": 0.00107844686136, "dvar": 6.40238624783e-07, "dvar2": 1.42662963754e-06, "max": 0.0128285577521, "mean": 0.00558180222288, "median": 0.00573618756607, "min": 3.27790030362e-12, "var": 4.76662216897e-06}, "spectral_rolloff": {"dmean": 331.659942627, "dmean2": 554.386230469, "dvar": 896383.5, "dvar2": 2159849, "max": 18755.4199219, "mean": 856.774597168, "median": 495.263671875, "min": 107.666015625, "var": 1884943.375}, "spectral_skewness": {"dmean": 0.198668017983, "dmean2": 0.313722461462, "dvar": 0.0713970512152, "dvar2": 0.159268274903, "max": 9.05153179169, "mean": 1.89221251011, "median": 1.79405975342, "min": -0.0536348447204, "var": 0.569577991962}, "spectral_spread": {"dmean": 461412.71875, "dmean2": 676288.625, "dvar": 582814138368, "dvar2": 1006647836670.0, "max": 40010620, "mean": 4757825.5, "median": 4439708.5