{"lowlevel": {"average_loudness": 0.947596132755, "barkbands": {"dmean": [0.000411068846006, 0.0209583044052, 0.00548724923283, 0.00134575378615, 0.000863614375703, 0.00143236399163, 0.000997218303382, 0.000671687885188, 0.00154250417836, 0.000488198187668, 0.000514115730766, 0.000692388450261, 0.000363608909538, 0.000339819758665, 0.000325985107338, 0.0002139400749, 0.000182031013537, 0.000156803944265, 0.000148766906932, 0.000213482475374, 0.000210948201129, 0.000281369400909, 0.000206504715607, 0.000115748880489, 0.000161081246915, 0.00011595878459, 1.5182392417e-05], "dmean2": [0.000630373426247, 0.0329134352505, 0.00954480282962, 0.00228726211935, 0.00138185615651, 0.00234500714578, 0.00161211355589, 0.00108126422856, 0.00241587194614, 0.000776313536335, 0.000797303917352, 0.00111515657045, 0.000585403235164, 0.000534057384357, 0.000510709767696, 0.000343233841704, 0.000287659669993, 0.000249155738857, 0.000246293580858, 0.00033707395778, 0.000269703828963, 0.000329524889821, 0.000267127907136, 0.000156463109306, 0.000235534142121, 0.000178303409484, 2.29444558499e-05], "dvar": [5.73749900923e-07, 0.00166552350856, 0.000187957470189, 9.75662169367e-06, 1.78120296823e-06, 5.99040549787e-06, 6.16612123849e-06, 2.56001749221e-06, 1.16062474262e-05, 1.5456064375e-06, 1.5369017774e-06, 4.43498265668e-06, 9.28741940243e-07, 1.033962576e-06, 7.91043191839e-07, 3.8788974166e-07, 1.91590146414e-07, 1.01033272415e-07, 9.03943302433e-08, 3.79057581767e-07, 1.46044442317e-07, 2.90095272248e-07, 1.59703205327e-07, 1.23096938864e-07, 5.6062145859e-07, 2.11540125861e-07, 7.36507022037e-10], "dvar2": [1.27667635752e-06, 0.00345543539152, 0.000517079723068, 2.68467574642e-05, 4.58784734292e-06, 1.51499298227e-05, 1.44689593071e-05, 6.22048992227e-06, 2.78775714833e-05, 3.75272679776e-06, 3.69814324586e-06, 1.16799046737e-05, 2.38097982219e-06, 2.55944792116e-06, 1.84982684459e-06, 9.2948909014e-07, 4.13707880398e-07, 2.47409985832e-07, 2.29645664263e-07, 9.47479691149e-07, 2.5278311e-07, 3.70892649926e-07, 2.6951329346e-07, 2.1223958413e-07, 8.1061500623e-07, 3.74168706685e-07, 1.35593114514e-09], "max": [0.0100495982915, 0.302228927612, 0.13542611897, 0.035994682461, 0.021654009819, 0.0469757504761, 0.0710761994123, 0.0324244312942, 0.0598252564669, 0.0345808044076, 0.0364821739495, 0.0767046287656, 0.0468941181898, 0.0406634509563, 0.0189940445125, 0.0178500302136, 0.0175436623394, 0.0135005880147, 0.0109042143449, 0.0278410166502, 0.00557240052149, 0.0132156452164, 0.00856755673885, 0.0117205074057, 0.0353156402707, 0.025961291045, 0.000838959997054], "mean": [0.000437496957602, 0.0270354989916, 0.00478797685355, 0.00156174681615, 0.0014092278434, 0.00228226045147, 0.00162730680313, 0.00107274996117, 0.00243472051807, 0.000726170488633, 0.000793219835032, 0.00105169299059, 0.000518275599461, 0.000520206987858, 0.000494675070513, 0.000350228627212, 0.000275942438748, 0.000266393559286, 0.000257358944509, 0.000374764727894, 0.000304236600641, 0.000411611777963, 0.000284120062133, 0.00017505606229, 0.00020404328825, 0.000131039880216, 1.75895493157e-05], "median": [0.000147252925672, 0.00695328973234, 0.00131785531994, 0.000501630071085, 0.000839912856463, 0.00127746455837, 0.000597604375798, 0.000429551117122, 0.000793244398665, 0.000172925065272, 0.000251268735155, 0.000296571815852, 0.000240296736592, 0.000199345056899, 0.000154512468725, 0.000100157558336, 0.000101123630884, 0.000128937957925, 0.000104153645225, 0.00010021309572, 5.00262358401e-05, 6.93628899171e-05, 5.18402048328e-05, 2.97037040582e-05, 1.97707577172e-05, 1.06907082227e-05, 2.34808271671e-06], "min": [5.99820496565e-25, 2.83679154126e-24, 1.86679180334e-24, 1.34225116897e-24, 5.34864457034e-24, 7.55459824519e-24, 7.03341441119e-24, 5.92769766263e-24, 1.90882882047e-23, 2.024565286e-23, 1.59273620005e-23, 2.56550014603e-23, 3.12522078188e-23, 3.29216583753e-23, 3.26934314491e-23, 6.43681847232e-23, 7.16987409493e-23, 7.63649226235e-23, 1.10336359226e-22, 1.40533449807e-22, 2.42350616128e-22, 3.21340457636e-22, 4.0132486973e-22, 5.93853075812e-22, 7.74597795184e-22, 1.3410133547e-21, 1.86578867045e-21], "var": [6.50292292903e-07, 0.00219806749374, 0.000130498898216, 8.44920668897e-06, 3.28886926582e-06, 1.02315398181e-05, 1.81861287274e-05, 4.94542427987e-06, 2.37735748669e-05, 3.9709975681e-06, 3.62162700185e-06, 8.60742329678e-06, 1.29442389607e-06, 1.67880227764e-06, 1.4664765331e-06, 9.62656486081e-07, 4.00728509931e-07, 2.30926815448e-07, 2.6037025691e-07, 8.7524256287e-07, 3.48916302073e-07, 7.95934226971e-07, 3.71198410676e-07, 2.80590086277e-07, 1.45906972193e-06, 4.52231063264e-07, 1.45124856576e-09]}, "barkbands_crest": {"dmean": 3.84341788292, "dmean2": 5.89807462692, "dvar": 14.0049543381, "dvar2": 26.6026382446, "max": 26.1693954468, "mean": 12.5519704819, "median": 11.3427534103, "min": 2.02662754059, "var": 35.6159820557}, "barkbands_flatness_db": {"dmean": 0.0390982329845, "dmean2": 0.0594986453652, "dvar": 0.00167835503817, "dvar2": 0.00351595971733, "max": 0.668076694012, "mean": 0.13935495913, "median": 0.130264148116, "min": 0.0113387266174, "var": 0.00424121832475}, "barkbands_kurtosis": {"dmean": 9.10199928284, "dmean2": 13.7658348083, "dvar": 4239.4296875, "dvar2": 7234.65527344, "max": 2400.05371094, "mean": 10.090845108, "median": 2.18467450142, "min": -1.95593190193, "var": 6383.78808594}, "barkbands_skewness": {"dmean": 0.886577069759, "dmean2": 1.32587099075, "dvar": 1.68093788624, "dvar2": 3.11410260201, "max": 33.5716514587, "mean": 1.83245158195, "median": 1.4604871273, "min": -5.09234285355, "var": 4.24569225311}, "barkbands_spread": {"dmean": 9.29127407074, "dmean2": 15.2253990173, "dvar": 125.402778625, "dvar2": 288.603088379, "max": 132.565612793, "mean": 23.7660255432, "median": 20.253490448, "min": 0.0435271672904, "var": 295.804229736}, "dissonance": {"dmean": 0.0229704361409, "dmean2": 0.0378466360271, "dvar": 0.00051932351198, "dvar2": 0.00135341729037, "max": 0.500000059605, "mean": 0.457677870989, "median": 0.466187208891, "min": 0.259085357189, "var": 0.00112852267921}, "dynamic_complexity": 3.53076291084, "erbbands": {"dmean": [0.638870120049, 4.99335479736, 7.61112737656, 5.06302452087, 2.54471683502, 3.34693574905, 5.98323535919, 14.4833469391, 11.4262037277, 16.9965553284, 16.9161815643, 29.3484306335, 27.6108589172, 18.7054729462, 18.320192337, 23.7986392975, 14.6005859375, 16.8393058777, 14.7828702927, 14.5939407349, 10.4965133667, 9.98378372192, 8.94920158386, 7.52425432205, 8.8969669342, 8.41594600677, 7.99864339828, 9.17549514771, 9.37678623199, 8.50029659271, 5.41658353806, 2.61057782173, 1.90076160431, 1.60138654709, 1.26441395283, 0.700699687004, 0.176169544458, 0.0292450115085, 0.00254839099944, 0.000119637872558], "dmean2": [0.900419175625, 8.06425094604, 13.4457397461, 8.37997245789, 4.08074951172, 5.32282829285, 9.72154140472, 23.9047584534, 18.2016735077, 28.2204189301, 26.7494068146, 45.6816825867, 44.0614204407, 28.8578071594, 28.9042301178, 38.2352752686, 23.2290229797, 25.8846702576, 23.3263893127, 22.8923530579, 16.8607349396, 15.550693512, 14.0588340759, 12.4661149979, 14.3705530167, 13.1734352112, 11.2833442688, 11.4768381119, 10.9239587784, 10.8701982498, 6.89600467682, 3.48732256889, 2.63595509529, 2.20464968681, 1.92687594891, 1.1168936491, 0.26618000865, 0.039225295186, 0.00395352393389, 0.000188155114301], "dvar": [1.49275434017, 95.0429077148, 323.348937988, 140.704406738, 19.4760246277, 28.786813736, 137.854110718, 661.843933105, 524.977722168, 1670.86621094, 1902.73522949, 4744.30322266, 5078.57714844, 2149.73583984, 2316.95922852, 5430.67041016, 1197.84289551, 1506.97937012, 2252.38256836, 1430.37731934, 749.190307617, 572.599060059, 356.362976074, 196.605758667, 413.597717285, 635.572937012, 249.532333374, 294.45135498, 306.488311768, 306.185424805, 110.716369629, 42.8505172729, 45.5848808289, 71.8941955566, 35.3097915649, 9.59271907806, 0.354074984789, 0.00395991886035, 2.39021956077e-05, 3.8352656162e-08], "dvar2": [2.84639310837, 219.935531616, 906.306335449, 370.305328369, 50.5251922607, 72.9928665161, 366.752532959, 1680.07373047, 1177.59716797, 4328.34375, 4660.48144531, 11099.6679688, 12749.3349609, 5263.00244141, 5659.75439453, 14358.2695312, 2955.08984375, 3210.25244141, 5736.35351562, 3360.44091797, 1676.51000977, 1238.9934082, 903.145446777, 518.696166992, 1010.04870605, 1466.12036133, 537.969421387, 396.951538086, 413.778991699, 470.226074219, 189.232208252, 77.3636016846, 74.1812667847, 106.268188477, 60.1044082642, 18.2998600006, 0.560739159584, 0.00601312797517, 4.65621524199e-05, 7.63038059404e-08], "max": [11.058722496, 75.4979400635, 149.550537109, 133.624938965, 69.67162323, 105.41607666, 341.484954834, 431.589263916, 523.878967285, 1005.68127441, 939.456848145, 1874.09301758, 1651.12121582, 1484.71582031, 1517.24377441, 3463.40283203, 1782.71264648, 1534.28393555, 1924.50390625, 736.549499512, 648.559387207, 848.969848633, 803.411804199, 348.864379883, 815.674255371, 1462.19873047, 339.271331787, 312.619842529, 344.421386719, 578.344482422, 232.916595459, 203.587875366, 260.511688232, 365.782592773, 336.561126709, 161.622238159, 32.1360054016, 2.43303418159, 0.21687041223, 0.00699092261493], "mean": [0.757146894932, 6.04660320282, 6.98608732224, 5.72264099121, 3.81720709801, 5.37671041489, 9.23148441315, 22.1188335419, 20.2735080719, 26.1820583344, 28.8637161255, 47.1876411438, 42.9434242249, 31.3597202301, 30.3470802307, 37.1780967712, 23.5867481232, 28.2096328735, 24.0985660553, 23.9706268311, 17.3819141388, 16.3811168671, 15.9035224915, 12.7034893036, 17.0852603912, 15.1259450912, 11.6764850616, 13.5642318726, 13.7186899185, 12.3968153, 7.5110669136, 4.12928819656, 2.6693277359, 2.09181284904, 1.51620304585, 0.73706048727, 0.20557320118, 0.0365570262074, 0.00283256801777, 0.000168670419953], "median": [0.154311731458, 1.58806765079, 2.35073113441, 2.18459200859, 1.75183081627, 3.16392970085, 4.59473180771, 11.7944660187, 9.11340045929, 11.0669574738, 10.8691825867, 16.0254707336, 14.6509180069, 9.61404037476, 12.5479021072, 11.7017402649, 11.536113739, 13.5055389404, 8.71267604828, 7.62958812714, 6.05889701843, 6.43673038483, 7.83897161484, 5.45370483398, 6.7769317627, 4.27891397476, 2.27344417572, 1.9094684124, 2.37287449837, 2.29406690598, 1.34416413307, 0.691807091236, 0.427739471197, 0.192313686013, 0.157356828451, 0.0558693036437, 0.0181600060314, 0.00395840173587, 0.000358967925422, 6.67563726893e-05], "min": [5.60623566046e-23, 5.32508121622e-22, 2.85428424469e-21, 9.0248361354e-21, 1.42151747593e-20, 1.75770710289e-20, 4.16417583761e-20, 7.85251085797e-20, 1.55278396287e-19, 1.50576572439e-19, 1.88008912075e-19, 3.47898000172e-19, 4.75167440533e-19, 8.44739330512e-19, 9.35448731966e-19, 1.00210180835e-18, 1.53480963835e-18, 1.36524443702e-18, 2.20465553532e-18, 2.26709629783e-18, 3.44696625086e-18, 4.67683616998e-18, 4.61240789925e-18, 6.04152991151e-18, 7.86324507738e-18, 7.71252118924e-18, 9.89404379155e-18, 9.14740823678e-18, 1.09545306959e-17, 9.80517481526e-18, 1.05568950492e-17, 1.14184690045e-17, 9.52957064286e-18, 6.88679682816e-18, 6.20955759088e-18, 4.52380651589e-18, 2.41102138172e-18, 1.07735745971e-18, 2.42358646202e-19, 2.65745035753e-20], "var": [2.05053281784, 111.604019165, 224.914886475, 117.427467346, 31.5572166443, 49.7952766418, 211.445861816, 1083.98986816, 1420.14428711, 3811.515625, 4170.15380859, 10447.1933594, 8764.828125, 5836.625, 4594.00048828, 10034.3261719, 2169.06298828, 3306.5065918, 3776.70727539, 2923.69213867, 1645.55322266, 1248.63269043, 888.231689453, 409.844482422, 1324.97741699, 1399.0871582, 545.878479004, 770.085144043, 846.783630371, 741.858825684, 258.806549072, 99.4198074341, 104.716392517, 176.453277588, 78.0388946533, 18.6179618835, 0.865170419216, 0.0101025085896, 4.36080517829e-05, 7.19068893318e-08]}, "erbbands_crest": {"dmean": 2.94831299782, "dmean2": 4.76197338104, "dvar": 8.73748683929, "dvar2": 21.8996734619, "max": 30.7098522186, "mean": 8.92325687408, "median": 7.82718086243, "min": 2.07061481476, "var": 20.531993866}, "erbbands_flatness_db": {"dmean": 0.0256545823067, "dmean2": 0.0389128997922, "dvar": 0.000739086302929, "dvar2": 0.00159378768876, "max": 0.36736291647, "mean": 0.139872178435, "median": 0.137367337942, "min": 0.0269795432687, "var": 0.00223960052244}, "erbbands_kurtosis": {"dmean": 1.27830982208, "dmean2": 2.04250073433, "dvar": 9.09840297699, "dvar2": 20.1724357605, "max": 126.427284241, "mean": 0.825530290604, "median": 0.0630918294191, "min": -1.83575177193, "var": 11.6703653336}, "erbbands_skewness": {"dmean": 0.462397247553, "dmean2": 0.684124946594, "dvar": 0.225551396608, "dvar2": 0.499576687813, "max": 10.616396904, "mean": 0.305502474308, "median": 0.267984390259, "min": -3.65203380585, "var": 0.740894198418}, "erbbands_spread": {"dmean": 12.1167564392, "dmean2": 18.0062732697, "dvar": 174.273986816, "dvar2": 375.907196045, "max": 158.094818115, "mean": 41.1747398376, "median": 35.8737754822, "min": 2.91633009911, "var": 539.612854004}, "gfcc": {"cov": [[23530.5097656, 802.42401123, -1213.28149414, 911.971984863, -813.556274414, 633.262573242, -565.992919922, 219.909713745, -329.089324951, 102.988098145, -272.84161377, 121.335479736, -144.716186523], [802.42401123, 2070.81542969, -386.851928711, -149.615203857, 162.634384155, -129.744689941, 260.415802002, 3.61852025986, 64.6699295044, -90.2567749023, 224.693054199, -154.09614563, 67.0536422729], [-1213.28149414, -386.851928711, 956.832275391, 157.286376953, 20.8320674896, 129.256835938, -20.9619464874, 11.1668138504, 85.432434082, 60.9726333618, -41.0559539795, 78.8822097778, -19.6148548126], [911.971984863, -149.615203857, 157.286376953, 482.868835449, 56.6285858154, 35.9739875793, 78.4155731201, -11.2067241669, 71.4736862183, 42.7236022949, -24.8333854675, 50.6487998962, 9.38704299927], [-813.556274414, 162.634384155, 20.8320674896, 56.6285858154, 287.675750732, 54.0463027954, 71.4964675903, 3.48863625526, 59.7381744385, -13.8077325821, 33.0353965759, -2.33459591866, 33.3652992249], [633.262573242, -129.744689941, 129.256835938, 35.9739875793, 54.0463027954, 273.426086426, -34.8307762146, 40.6297912598, 37.6806564331, -3.50436067581, 6.43613815308, 42.8318405151, -5.67537355423], [-565.992919922, 260.415802002, -20.9619464874, 78.4155731201, 71.4964675903, -34.8307762146, 345.002258301, -20.7497386932, 16.3892536163, 21.21068573, 40.1951332092, -31.8356742859, -6.13846111298], [219.909713745, 3.61852025986, 11.1668138504, -11.2067241669, 3.48863625526, 40.6297912598, -20.7497386932, 119.303039551, 45.2101211548, 5.19211244583, 14.1551275253, 0.511729240417, 14.5429954529], [-329.089324951, 64.6699295044, 85.432434082, 71.4736862183, 59.7381744385, 37.6806564331, 16.3892536163, 45.2101211548, 174.202316284, 32.1067314148, 29.040145874, 29.2569961548, 17.7976150513], [102.988098145, -90.2567749023, 60.9726333618, 42.7236022949, -13.8077325821, -3.50436067581, 21.21068573, 5.19211244583, 32.1067314148, 94.4022979736, 14.8074464798, 15.3232622147, -7.66322612762], [-272.84161377, 224.693054199, -41.0559539795, -24.8333854675, 33.0353965759, 6.43613815308, 40.1951332092, 14.1551275253, 29.040145874, 14.8074464798, 126.047973633, 4.99153280258, 12.7554512024], [121.335479736, -154.09614563, 78.8822097778, 50.6487998962, -2.33459591866, 42.8318405151, -31.8356742859, 0.511729240417, 29.2569961548, 15.3232622147, 4.99153280258, 96.7601699829, 18.6335144043], [-144.716186523, 67.0536422729, -19.6148548126, 9.38704299927, 33.3652992249, -5.67537355423, -6.13846111298, 14.5429954529, 17.7976150513, -7.66322612762, 12.7554512024, 18.6335144043, 75.8785171509]], "icov": [[0.000161202726304, -0.000338973768521, 0.000310737406835, -0.000538584368769, 0.000471520295832, -0.000612691161223, 0.00036768821883, -0.000435971451225, 0.000595265126321, -0.000668743334245, 0.000707309984136, -0.000497057510074, 0.000410094944527], [-0.000338973768521, 0.00163143675309, -0.000530234479811, 0.00124854512978, -0.00105402769987, 0.00147970719263, -0.00119570607785, 0.00117858627345, -0.00184173078742, 0.00238855439238, -0.00291223917156, 0.00234764977358, -0.00154192664195], [0.000310737406835, -0.000530234479811, 0.00191050139256, -0.00121144589502, 0.000850757525768, -0.00159634312149, 0.000683135935105, -0.000730852829292, 0.000686567451339, -0.00175686355215, 0.00171466683969, -0.00143771548755, 0.00113314541522], [-0.000538584368769, 0.00124854512978, -0.00121144589502, 0.0044571259059, -0.00189402746037, 0.00196110177785, -0.0019598363433, 0.0019010505639, -0.00280088279396, 0.00161412497982, -0.00150709971786, 0.000735583598725, -0.00164578668773], [0.000471520295832, -0.00105402769987, 0.000850757525768, -0.00189402746037, 0.00599945709109, -0.00288718170486, 0.000316616409691, -0.000394370843424, 0.000334059877787, -0.0008429257432, 0.00143717741594, -0.000332236202667, -0.000791356316768], [-0.000612691161223, 0.00147970719263, -0.00159634312149, 0.00196110177785, -0.00288718170486, 0.00713460426778, -0.00106621545274, -5.13551822223e-06, -0.00232000485994, 0.00359059567563, -0.00325777567923, 0.000119754280604, 1.1531187738e-05], [0.00036768821883, -0.00119570607785, 0.000683135935105, -0.0019598363433, 0.000316616409691, -0.00106621545274, 0.00463920971379, -0.000566122063901, 0.00162788562011, -0.00263510691002, 0.00109611894004, -0.000345111649949, 0.00169431837276], [-0.000435971451225, 0.00117858627345, -0.000730852829292, 0.0019010505639, -0.000394370843424, -5.13551822223e-06, -0.000566122063901, 0.0117597905919, -0.0046545099467, 0.00177165539935, -0.00286514125764, 0.00373434717767, -0.00358852627687], [0.000595265126321, -0.00184173078742, 0.000686567451339, -0.00280088279396, 0.000334059877787, -0.00232000485994, 0.00162788562011, -0.0046545099467, 0.0108604459092, -0.00500990403816, 0.00237008370459, -0.0040875650011, 0.00154221069533], [-0.000668743334245, 0.00238855439238, -0.00175686355215, 0.00161412497982, -0.0008429257432, 0.00359059567563, -0.00263510691002, 0.00177165539935, -0.00500990403816, 0.0168077778071, -0.006125531625, 0.0020181320142, -0.000546858180314], [0.000707309984136, -0.00291223917156, 0.00171466683969, -0.00150709971786, 0.00143717741594, -0.00325777567923, 0.00109611894004, -0.00286514125764, 0.00237008370459, -0.006125531625, 0.0148641606793, -0.00516223208979, 0.00190882943571], [-0.000497057510074, 0.00234764977358, -0.00143771548755, 0.000735583598725, -0.000332236202667, 0.000119754280604, -0.000345111649949, 0.00373434717767, -0.0040875650011, 0.0020181320142, -0.00516223208979, 0.0177029650658, -0.00639082165435], [0.000410094944527, -0.00154192664195, 0.00113314541522, -0.00164578668773, -0.000791356316768, 1.1531187738e-05, 0.00169431837276, -0.00358852627687, 0.00154221069533, -0.000546858180314, 0.00190882943571, -0.00639082165435, 0.0178254619241]], "mean": [-5.37987470627, 82.8110656738, -97.0967712402, 26.7274036407, -49.7873191833, 16.2558364868, -21.7645702362, 11.8017139435, -13.8609762192, 8.25626277924, -10.8185825348, 5.29629468918, -13.7286987305]}, "hfc": {"dmean": 12.2247304916, "dmean2": 15.9342956543, "dvar": 390.689575195, "dvar2": 594.237792969, "max": 769.527526855, "mean": 27.9431800842, "median": 18.8041915894, "min": 1.06200269625e-16, "var": 1231.4440918}, "melbands": {"dmean": [0.00571629172191, 0.00496381148696, 0.000797554617748, 0.000187784768059, 0.000191930157598, 0.000304743065499, 0.000189278187463, 0.000176637986442, 0.000143122495501, 0.000211358608794, 0.000138707066071, 7.45521683712e-05, 6.06086287007e-05, 8.04692463134e-05, 4.89056837978e-05, 3.73728871637e-05, 3.06155598082e-05, 2.39655364567e-05, 2.78899296973e-05, 1.67125435837e-05, 1.17329236673e-05, 1.03032780316e-05, 1.0502346413e-05, 7.44938233765e-06, 6.50797574053e-06, 5.7867432588e-06, 8.89313741936e-06, 5.55091037313e-06, 4.90096363137e-06, 5.75829290028e-06, 5.75195508645e-06, 5.58680449103e-06, 6.08264326729e-06, 4.5987426347e-06, 3.69997610505e-06, 1.68118731381e-06, 1.60639729074e-06, 1.40788677072e-06, 1.16904618608e-06, 1.47252717397e-06], "dmean2": [0.00857424456626, 0.00847383961082, 0.0012962713372, 0.000300378684187, 0.000309426890453, 0.000501307076775, 0.000300980987959, 0.000292009848636, 0.000223485039896, 0.000330036942614, 0.000221458205488, 0.000115217393613, 9.45770589169e-05, 0.000128942803713, 7.83415234764e-05, 5.84531153436e-05, 4.7379067837e-05, 3.81509307772e-05, 4.37141497969e-05, 2.67687046289e-05, 1.89861657418e-05, 1.63747172337e-05, 1.66547688423e-05, 1.1888420886e-05, 1.09084194264e-05, 9.40987501963e-06, 1.4304191609e-05, 8.80706920725e-06, 7.16037811799e-06, 8.73327189765e-06, 7.7239019447e-06, 6.88780301061e-06, 7.49817263568e-06, 6.02113823334e-06, 4.95997073813e-06, 2.23630900109e-06, 2.23546339839e-06, 2.00789077098e-06, 1.66970562532e-06, 2.054708375e-06], "dvar": [0.000122869649203, 0.000106587722257, 3.08215362566e-06, 8.71365415378e-08, 1.2356673551e-07, 2.81554832782e-07, 1.59677796319e-07, 1.50732432758e-07, 1.57328045702e-07, 2.37904373535e-07, 1.25820122321e-07, 3.42605979142e-08, 2.03951788791e-08, 7.84304106105e-08, 3.30336327181e-08, 5.22598231356e-09, 5.47863709954e-09, 8.94463170198e-09, 7.30453697528e-09, 2.91350277237e-09, 9.0937640751e-10, 5.83786130548e-10, 6.9579109141e-10, 1.94274277221e-10, 1.6502894884e-10, 1.73507069823e-10, 7.88339726832e-10, 2.63266464184e-10, 1.1579719128e-10, 1.37264768996e-10, 1.36112510152e-10, 1.11254505608e-10, 1.6497593569e-10, 9.22120643732e-11, 5.45224143611e-11, 1.46787165756e-11, 1.84510861451e-11, 2.18192183071e-11, 2.99653669933e-11, 7.16447665083e-11], "dvar2": [0.00023415198666, 0.000285523419734, 7.93710660218e-06, 2.27218606597e-07, 3.23633855714e-07, 7.11628388217e-07, 3.52010999904e-07, 3.83663603998e-07, 3.78814945634e-07, 5.64352660604e-07, 3.14887358854e-07, 8.33860696048e-08, 4.88199738413e-08, 2.09676343843e-07, 7.9020423982e-08, 1.21950840537e-08, 1.18022720486e-08, 2.33197532395e-08, 1.73583245555e-08, 7.08211045364e-09, 1.96239291483e-09, 1.26167254422e-09, 1.61106894492e-09, 4.86112816667e-10, 4.38296038352e-10, 4.24730944859e-10, 2.03137973109e-09, 6.27238150308e-10, 2.61871885288e-10, 3.1379995824e-10, 1.78134326734e-10, 1.77387285416e-10, 2.54003096334e-10, 1.60098184709e-10, 9.95420759708e-11, 2.56144949001e-11, 3.56448412453e-11, 3.90024609831e-11, 4.79068520964e-11, 1.11256073798e-10], "max": [0.0928303450346, 0.0757144093513, 0.0196677763015, 0.00572309503332, 0.00910967122763, 0.00869685038924, 0.0106288632378, 0.00879996549338, 0.00971684604883, 0.0107771120965, 0.00796987954527, 0.00571479648352, 0.00578414974734, 0.011422034353, 0.00902458466589, 0.00215094792657, 0.00309723522514, 0.00432248506695, 0.00213214685209, 0.0018714730395, 0.0010396798607, 0.000942331040278, 0.00140608858783, 0.000415905902628, 0.000323989515891, 0.000681283243466, 0.00131186062936, 0.000815235835034, 0.000257243867964, 0.000177013687789, 0.00015592618729, 0.00016166162095, 0.000325385568431, 0.000290373252938, 0.000162198542967, 0.000113248403068, 0.000130976433866, 0.000162499592989, 0.000214129060623, 0.000372240960132], "mean": [0.00737897120416, 0.00534105068073, 0.000942889484577, 0.000308021408273, 0.000305095629301, 0.000476512912428, 0.000334419833962, 0.000276211707387, 0.000235678526224, 0.000333657459123, 0.000211129663512, 0.000121801655041, 9.75614238996e-05, 0.000119806849398, 7.27115620975e-05, 5.6240343838e-05, 4.88789301016e-05, 3.60212725354e-05, 4.10788925365e-05, 2.71600401902e-05, 1.76244266186e-05, 1.56818623509e-05, 1.68621118064e-05, 1.24235621115e-05, 9.8869577414e-06, 1.03908751043e-05, 1.52957545652e-05, 8.85086228664e-06, 7.25549762137e-06, 7.18619503459e-06, 8.31961096992e-06, 7.52522646508e-06, 8.32875866763e-06, 6.42395934847e-06, 4.80141488879e-06, 2.62756680058e-06, 2.47834236689e-06, 1.92139054889e-06, 1.55878410624e-06, 1.86348006537e-06], "median": [0.00176309002563, 0.00185028591659, 0.000384512240998, 0.000179948547157, 0.000167808291735, 0.000261462089838, 0.00014974057558, 0.000121117955132, 7.10334788891e-05, 0.00010893761646, 6.44865940558e-05, 3.00110932585e-05, 3.82533362426e-05, 3.38798599842e-05, 1.65452547662e-05, 2.87407892756e-05, 2.088641304e-05, 1.10615492304e-05, 1.21433677123e-05, 6.818815109e-06, 6.28747056908e-06, 5.80309824727e-06, 6.75256387694e-06, 6.13330576016e-06, 3.48455955645e-06, 4.2056917664e-06, 4.89825697514e-06, 2.13878956856e-06, 1.34245362915e-06, 1.11854944862e-06, 9.9573821899e-07, 1.17561171464e-06, 1.40864710829e-06, 1.17929926091e-06, 8.26556458833e-07, 4.75809514455e-07, 3.8902766164e-07, 3.15587499244e-07, 1.91499438529e-07, 1.33912863021e-07], "min": [8.17500401777e-25, 1.14818369489e-24, 2.05706465924e-24, 1.44084714642e-24, 1.68885752085e-24, 1.91721027037e-24, 2.08837316807e-24, 1.03059904659e-24, 1.38491306255e-24, 2.52250935662e-24, 2.46705854865e-24, 3.02268247206e-24, 2.52455073143e-24, 2.54836230064e-24, 2.38250863405e-24, 2.78192804024e-24, 2.18485026513e-24, 2.91024336622e-24, 1.88412859945e-24, 3.56535665205e-24, 3.96014682523e-24, 4.23689737459e-24, 2.95411665433e-24, 4.10712541694e-24, 3.87012714633e-24, 5.15318337626e-24, 3.4330252352e-24, 4.98392380271e-24, 4.8538879711e-24, 4.60986055538e-24, 3.70597939145e-24, 5.21302557567e-24, 5.02670727948e-24, 5.41414645231e-24, 5.50378511141e-24, 5.73964505574e-24, 5.45005461186e-24, 4.94989352655e-24, 5.71590113135e-24, 4.80988412651e-24], "var": [0.000171756983036, 9.4073227956e-05, 2.76302239399e-06, 1.64900811228e-07, 1.95863051999e-07, 4.70052640367e-07, 4.807675964e-07, 3.43240031953e-07, 3.66916111716e-07, 5.12874635206e-07, 2.22907900138e-07, 9.56608161573e-08, 4.20464445483e-08, 1.42537828651e-07, 6.81151277604e-08, 9.26821908109e-09, 1.14091136538e-08, 1.36219320268e-08, 1.25514603155e-08, 7.32376204127e-09, 1.85827497834e-09, 1.18222531764e-09, 1.68278446733e-09, 4.10176642651e-10, 3.03836011906e-10, 5.49783774062e-10, 1.69671920958e-09, 5.39415900835e-10, 2.50743148467e-10, 2.19847876015e-10, 3.30449195785e-10, 2.650566433e-10, 3.68543223717e-10, 2.03926500686e-10, 1.10754523608e-10, 3.61181223818e-11, 3.87293114246e-11, 4.62614738184e-11, 6.63382265786e-11, 1.67876768042e-10]}, "melbands_crest": {"dmean": 4.19431877136, "dmean2": 6.38639879227, "dvar": 14.9721422195, "dvar2": 31.0048332214, "max": 37.9621887207, "mean": 15.9635658264, "median": 15.3172130585, "min": 1.56795835495, "var": 42.3952026367}, "melbands_flatness_db": {"dmean": 0.047154918313, "dmean2": 0.0710931196809, "dvar": 0.00251301052049, "dvar2": 0.00520408526063, "max": 0.80796790123, "mean": 0.221479207277, "median": 0.212509140372, "min": 0.00170419330243, "var": 0.00741411978379}, "melbands_kurtosis": {"dmean": 16.9092979431, "dmean2": 26.7842578888, "dvar": 2221.05444336, "dvar2": 5094.78710938, "max": 1406.10461426, "mean": 21.935590744, "median": 7.89218854904, "min": -1.75439882278, "var": 2797.79858398}, "melbands_skewness": {"dmean": 1.28181743622, "dmean2": 1.91288435459, "dvar": 2.88964533806, "dvar2": 5.97625255585, "max": 34.7233543396, "mean": 3.11920976639, "median": 2.43077421188, "min": -1.82362341881, "var": 6.63430547714}, "melbands_spread": {"dmean": 9.37539768219, "dmean2": 14.81437397, "dvar": 215.921539307, "dvar2": 474.639404297, "max": 275.202850342, "mean": 23.6714782715, "median": 18.323343277, "min": 0.193648025393, "var": 594.887817383}, "mfcc": {"cov": [[12063.9189453, 417.156860352, 43.8114318848, 222.028945923, 73.8039016724, 221.465744019, -66.1518173218, 132.416137695, -40.4483146667, 42.7441329956, -74.0280303955, -82.747756958, -78.8722686768], [417.156860352, 2012.05236816, -276.037567139, -2.93595981598, -73.8776779175, -92.5746612549, 165.084762573, 48.5955734253, -82.1329269409, 139.880355835, 38.0427436829, -8.06454086304, 30.1560516357], [43.8114318848, -276.037567139, 766.717651367, 70.5776138306, 94.6192703247, 102.957221985, -64.969833374, 36.8666038513, 52.4557151794, -17.9804973602, 60.7331352234, 54.1419906616, 12.0560054779], [222.028945923, -2.93595981598, 70.5776138306, 464.652801514, -64.8128662109, 92.5746688843, 33.4280319214, 0.74571031332, 77.2781295776, 6.56029891968, 32.3732223511, 47.7935562134, 1.44992136955], [73.8039016724, -73.8776779175, 94.6192703247, -64.8128662109, 352.001586914, 47.4630432129, -67.8405456543, 68.4668045044, 13.981883049, 22.9015254974, -8.16259670258, -11.0976343155, 29.8519821167], [221.465744019, -92.5746612549, 102.957221985, 92.5746688843, 47.4630432129, 224.674728394, 43.9681625366, 56.4995765686, 47.3768081665, -5.71260261536, 41.7212944031, 23.1587944031, -8.8232460022], [-66.1518173218, 165.084762573, -64.969833374, 33.4280319214, -67.8405456543, 43.9681625366, 194.294799805, 21.281375885, -4.70725393295, 21.0918312073, 16.8364505768, 4.23540878296, -9.43012237549], [132.416137695, 48.5955734253, 36.8666038513, 0.74571031332, 68.4668045044, 56.4995765686, 21.281375885, 131.560394287, 29.501914978, 25.7149333954, 19.4399681091, 9.48025608063, 13.7858734131], [-40.4483146667, -82.1329269409, 52.4557151794, 77.2781295776, 13.981883049, 47.3768081665, -4.70725393295, 29.501914978, 121.609222412, 16.7209835052, 17.4729309082, 12.1268825531, -0.91599804163], [42.7441329956, 139.880355835, -17.9804973602, 6.56029891968, 22.9015254974, -5.71260261536, 21.0918312073, 25.7149333954, 16.7209835052, 110.648605347, 30.0319881439, 5.52787351608, 14.0180091858], [-74.0280303955, 38.0427436829, 60.7331352234, 32.3732223511, -8.16259670258, 41.7212944031, 16.8364505768, 19.4399681091, 17.4729309082, 30.0319881439, 96.6194000244, 46.1289863586, 6.44939899445], [-82.747756958, -8.06454086304, 54.1419906616, 47.7935562134, -11.0976343155, 23.1587944031, 4.23540878296, 9.48025608063, 12.1268825531, 5.52787351608, 46.1289863586, 90.634262085, 32.0923919678], [-78.8722686768, 30.1560516357, 12.0560054779, 1.44992136955, 29.8519821167, -8.8232460022, -9.43012237549, 13.7858734131, -0.91599804163, 14.0180091858, 6.44939899445, 32.0923919678, 89.063117981]], "icov": [[9.10230592126e-05, -2.52197751252e-05, -5.50818731426e-06, -5.34042228537e-05, 2.27649488806e-05, -0.000129972395371, 0.000110219771159, -9.65427752817e-05, 0.00011265550711, -7.80877817306e-05, 0.000136882561492, 4.32423912571e-05, 8.48250492709e-05], [-2.52197751252e-05, 0.000650602509268, 0.000140193107654, -9.64695864241e-05, 4.70672130177e-05, 0.000336098804837, -0.00043659194489, -0.00028501599445, 0.000455555767985, -0.000598921207711, -0.000302589556668, 0.000166764555615, -0.000183846132131], [-5.50818731426e-06, 0.000140193107654, 0.00161716819275, -0.000115835333418, -0.000309153256239, -0.000377815798856, 0.000471118284622, -0.000127974781208, -0.000185075536137, 0.000349858222762, -0.000827191805001, -0.000431910215411, 2.50782668445e-05], [-5.34042228537e-05, -9.64695864241e-05, -0.000115835333418, 0.00284421583638, 0.000564466172364, -0.000979886623099, -0.000153856279212, 0.000680054654367, -0.00161272974219, -0.000135061200126, 0.000380093639251, -0.00118444557302, -4.91364589834e-05], [2.27649488806e-05, 4.70672130177e-05, -0.000309153256239, 0.000564466172364, 0.00405449885875, -0.00122164026834, 0.00161987624597, -0.00170592765789, 0.000233746337472, -0.00114957522601, 0.000948208966292, 0.000797481043264, -0.00118023075629], [-0.000129972395371, 0.000336098804837, -0.000377815798856, -0.000979886623099, -0.00122164026834, 0.0072431624867, -0.00211722915992, -0.00181375269312, -0.00122942822054, 0.00184042856563, -0.00256155850366, -2.57943029283e-05, 0.000914263015147], [0.000110219771159, -0.00043659194489, 0.000471118284622, -0.000153856279212, 0.00161987624597, -0.00211722915992, 0.00707920687273, -0.00123893539421, 0.000982072204351, -0.00118826713879, 0.000215165971895, 3.9969534555e-05, 0.000539942935575], [-9.65427752817e-05, -0.00028501599445, -0.000127974781208, 0.000680054654367, -0.00170592765789, -0.00181375269312, -0.00123893539421, 0.0105775380507, -0.00208729854785, -0.00101749156602, -0.000525480543729, -0.000185872151633, -0.00111537938938], [0.00011265550711, 0.000455555767985, -0.000185075536137, -0.00161272974219, 0.000233746337472, -0.00122942822054, 0.000982072204351, -0.00208729854785, 0.0109615353867, -0.00209666765295, -4.74206317449e-05, 7.76242668508e-05, 0.000641957391053], [-7.80877817306e-05, -0.000598921207711, 0.000349858222762, -0.000135061200126, -0.00114957522601, 0.00184042856563, -0.00118826713879, -0.00101749156602, -0.00209666765295, 0.0123853366822, -0.00468180282041, 0.00175474188291, -0.00157641153783], [0.000136882561492, -0.000302589556668, -0.000827191805001, 0.000380093639251, 0.000948208966292, -0.00256155850366, 0.000215165971895, -0.000525480543729, -4.74206317449e-05, -0.00468180282041, 0.0174407642335, -0.00818663649261, 0.00228535872884], [4.32423912571e-05, 0.000166764555615, -0.000431910215411, -0.00118444557302, 0.000797481043264, -2.57943029283e-05, 3.9969534555e-05, -0.000185872151633, 7.76242668508e-05, 0.00175474188291, -0.00818663649261, 0.0184450838715, -0.00650621019304], [8.48250492709e-05, -0.000183846132131, 2.50782668445e-05, -4.91364589834e-05, -0.00118023075629, 0.000914263015147, 0.000539942935575, -0.00111537938938, 0.000641957391053, -0.00157641153783, 0.00228535872884, -0.00650621019304, 0.0145123749971]], "mean": [-650.934326172, 120.48664093, 9.71111965179, 22.5502643585, -0.377319812775, 11.1617641449, 2.06410479546, 10.8268041611, 0.0257135368884, 8.91031265259, 6.58587121964, 2.67390370369, 4.79763746262]}, "pitch_salience": {"dmean": 0.105778135359, "dmean2": 0.163733586669, "dvar": 0.0117685878649, "dvar2": 0.0258893966675, "max": 0.892734229565, "mean": 0.462232142687, "median": 0.468962788582, "min": 0.0212995801121, "var": 0.0253271814436}, "silence_rate_20dB": {"dmean": 0, "dmean2": 0, "dvar": 0, "dvar2": 0, "max": 1, "mean": 1, "median": 1, "min": 1, "var": 0}, "silence_rate_30dB": {"dmean": 0.111980624497, "dmean2": 0.22398211062, "dvar": 0.0994409620762, "dvar2": 0.177354604006, "max": 1, "mean": 0.847414970398, "median": 1, "min": 0, "var": 0.129302814603}, "silence_rate_60dB": {"dmean": 0.0117384009063, "dmean2": 0.0234789904207, "dvar": 0.0116006117314, "dvar2": 0.0249774809927, "max": 1, "mean": 0.0793665573001, "median": 0, "min": 0, "var": 0.0730675086379}, "spectral_centroid": {"dmean": 324.107513428, "dmean2": 503.86038208, "dvar": 145401.46875, "dvar2": 320492.6875, "max": 11660.7197266, "mean": 1497.5904541, "median": 1284.06518555, "min": 76.9433822632, "var": 1268565}, "spectral_complexity": {"dmean": 4.74343204498, "dmean2": 7.02711248398, "dvar": 33.8510742188, "dvar2": 68.9191360474, "max": 57, "mean": 18.22123909, "median": 17, "min": 0, "var": 109.617660522}, "spectral_contrast_coeffs": {"dmean": [0.0519543550909, 0.052146513015, 0.0465924553573, 0.0379264093935, 0.0269131120294, 0.0247507449239], "dmean2": [0.0841054469347, 0.0853660255671, 0.0721417441964, 0.0593740940094, 0.0424114391208, 0.0371991023421], "dvar": [0.0020832484588, 0.00192598835565, 0.00156748807058, 0.0011358957272, 0.000626979861408, 0.000562980247196], "dvar2": [0.00515880901366, 0.00495049916208, 0.00357699976303, 0.00251229293644, 0.00139371969271, 0.00116987642832], "max": [-0.404513925314, -0.397295027971, -0.396440058947, -0.486808925867, -0.506080150604, -0.562971234322], "mean": [-0.69152289629, -0.708779036999, -0.736143767834, -0.768411934376, -0.785478293896, -0.760240733624], "median": [-0.692537486553, -0.709361255169, -0.741652548313, -0.779328346252, -0.793647706509, -0.763602137566], "min": [-0.98315012455, -0.994850277901, -0.996920049191, -0.986198246479, -0.987364053726, -0.966539978981], "var": [0.0054201935418, 0.00658621871844, 0.00749192340299, 0.00533629255369, 0.00337822549045, 0.0033307641279]}, "spectral_contrast_valleys": {"dmean": [0.466631740332, 0.428800106049, 0.435674279928, 0.443267941475, 0.42208147049, 0.541066169739], "dmean2": [0.724398076534, 0.662791669369, 0.663994431496, 0.668131232262, 0.60512650013, 0.771830558777], "dvar": [0.204142272472, 0.17758500576, 0.20118868351, 0.242453455925, 0.264058381319, 0.412037968636], "dvar2": [0.417775809765, 0.390738338232, 0.410030722618, 0.515162169933, 0.565409004688, 0.873760402203], "max": [-5.05750179291, -4.8951921463, -5.45546483994, -5.9313249588, -5.56195068359, -6.92945337296], "mean": [-7.24248075485, -7.05030107498, -7.61382961273, -8.08479976654, -7.94747781754, -10.2749271393], "median": [-6.83881807327, -6.6872549057, -7.27298927307, -7.78856134415, -7.62250375748, -10.057600975], "min": [-28.1081390381, -28.2805137634, -27.6986465454, -27.6407833099, -27.4953212738, -27.4262142181], "var": [4.85479164124, 4.68827581406, 4.46852493286, 4.375477314, 4.40480804443, 4.05849409103]}, "spectral_decrease": {"dmean": 7.26251236927e-09, "dmean2": 1.10366586981e-08, "dvar": 1.4388608232e-16, "dvar2": 3.02529304996e-16, "max": 4.88848191023e-17, "mean": -1.25247616722e-08, "median": -7.6213950706e-09, "min": -9.36735986556e-08, "var": 2.19628297859e-16}, "spectral_energy": {"dmean": 0.0280660241842, "dmean2": 0.0423076227307, "dvar": 0.00208662869409, "dvar2": 0.00433987146243, "max": 0.362881273031, "mean": 0.0498058870435, "median": 0.0312018692493, "min": 9.88918656114e-21, "var": 0.00328231416643}, "spectral_energyband_high": {"dmean": 0.00109461857937, "dmean2": 0.00138422579039, "dvar": 4.28985094914e-06, "dvar2": 6.2376761889e-06, "max": 0.0669151470065, "mean": 0.0016761131119, "median": 0.000396174087655, "min": 7.0630173696e-21, "var": 1.21931698231e-05}, "spectral_energyband_low": {"dmean": 0.0250184945762, "dmean2": 0.0393087342381, "dvar": 0.0021987084765, "dvar2": 0.00479640066624, "max": 0.339324682951, "mean": 0.0332608148456, "median": 0.0115706976503, "min": 1.54568222478e-23, "var": 0.00292390491813}, "spectral_energyband_middle_high": {"dmean": 0.00214685476385, "dmean2": 0.00324691343121, "dvar": 1.05583749246e-05, "dvar2": 2.53821308434e-05, "max": 0.0895420834422, "mean": 0.00533226598054, "median": 0.00340962130576, "min": 1.15761897145e-21, "var": 4.03947196901e-05}, "spectral_energyband_middle_low": {"dmean": 0.00481481663883, "dmean2": 0.00767858093604, "dvar": 3.99807177018e-05, "dvar2": 0.000101554614957, "max": 0.074621334672, "mean": 0.0106069287285, "median": 0.00813739746809, "min": 1.45807761198e-22, "var": 9.10847011255e-05}, "spectral_entropy": {"dmean": 0.261619389057, "dmean2": 0.396332114935, "dvar": 0.0895563960075, "dvar2": 0.196575403214, "max": 9.81969928741, "mean": 7.63087844849, "median": 7.62329673767, "min": 4.8025226593, "var": 0.311930447817}, "spectral_flux": {"dmean": 0.0547594241798, "dmean2": 0.0850608050823, "dvar": 0.00419815909117, "dvar2": 0.010034577921, "max": 0.489099770784, "mean": 0.11871048063, "median": 0.0935895368457, "min": 6.45441061708e-11, "var": 0.00809592194855}, "spectral_kurtosis": {"dmean": 1.70248425007, "dmean2": 2.70349240303, "dvar": 4.99023389816, "dvar2": 12.3075046539, "max": 54.9612045288, "mean": 4.43605136871, "median": 3.73070216179, "min": -1.36703026295, "var": 12.6733903885}, "spectral_rms": {"dmean": 0.00170808867551, "dmean2": 0.00242665829137, "dvar": 4.61148420072e-06, "dvar2": 8.14803661342e-06, "max": 0.0188156981021, "mean": 0.0060406466946, "median": 0.00551732257009, "min": 3.10612082929e-12, "var": 1.2101696484e-05}, "spectral_rolloff": {"dmean": 750.059204102, "dmean2": 1288.43713379, "dvar": 2012651.5, "dvar2": 4289206.5, "max": 22050, "mean": 1665.62487793, "median": 925.927734375, "min": 43.06640625, "var": 7528663}, "spectral_skewness": {"dmean": 0.271028310061, "dmean2": 0.399536550045, "dvar": 0.0783704668283, "dvar2": 0.175318866968, "max": 6.10615921021, "mean": 1.54228925705, "median": 1.55461466312, "min": -0.269797891378, "var": 0.379910737276}, "spectral_spread": {"dmean": 911735.1875, "dmean2": 1410804.375, "dvar": 1511076659200.0, "dvar2": 3194106937340.0, "max": 42953404, "mean": 5465056, "median": 4918408, "min": 1553857, "var": 13937491836900.0}, "spectral_strongpeak": {"dmean": 0.538729071617, "dmean2": 0.916682481766, "dvar": 0.964827358723, "dvar2": 2.45841026306, 