{"lowlevel": {"average_loudness": 0.792770683765, "barkbands": {"dmean": [1.35619848152e-05, 0.0021495250985, 0.00273044011556, 0.00186740478966, 0.00198425049894, 0.000630656373687, 0.000597211241256, 0.000666515144985, 0.000348564790329, 0.000210300000617, 0.000331914372509, 0.000310659321258, 0.00037256241194, 0.000348652567482, 0.000444332312327, 0.00020109230536, 0.000182331787073, 0.00016631053586, 0.000152241045726, 6.92934700055e-05, 6.42965896986e-05, 4.71667735837e-05, 3.81533318432e-05, 1.34654492285e-05, 6.16726447689e-10, 1.50129944814e-05, 2.74107569567e-05], "dmean2": [2.16999487748e-05, 0.00369307841174, 0.00502642150968, 0.00332499668002, 0.00334566249512, 0.00103837414645, 0.000908959540538, 0.00100686622318, 0.00052574154688, 0.00032271904638, 0.000472341751447, 0.000467192818178, 0.000580599938985, 0.000532181293238, 0.000668698048685, 0.000305196794216, 0.000279364030575, 0.000250409095315, 0.000230084653595, 0.000108559179353, 9.92365021375e-05, 7.10833410267e-05, 5.89274895901e-05, 2.08128531085e-05, 1.1494527552e-09, 2.26362917601e-05, 4.05260070693e-05], "dvar": [8.20991274963e-10, 3.66927852156e-05, 5.67230417801e-05, 1.98909947358e-05, 1.85571680049e-05, 2.29765532822e-06, 3.85665725844e-06, 7.91492038843e-06, 1.2908045619e-06, 4.0422503389e-07, 1.18873788324e-06, 1.43448812651e-06, 2.2168792384e-06, 2.46853960562e-06, 5.69984104004e-06, 4.49170613592e-07, 3.24330159174e-07, 2.37683750015e-07, 1.37444388315e-07, 3.83675491378e-08, 2.87240773389e-08, 1.74466325831e-08, 1.15031086878e-08, 1.32216271265e-09, 1.3012082499e-18, 1.58259494398e-09, 4.48645787188e-09], "dvar2": [1.97865834828e-09, 9.61962578003e-05, 0.000158349095727, 5.44831636944e-05, 4.73075269838e-05, 5.72319368075e-06, 7.71479608375e-06, 1.64056018548e-05, 2.40294525611e-06, 8.81135576947e-07, 2.05423384614e-06, 3.00968508782e-06, 5.08876200911e-06, 5.54094458494e-06, 1.35021718961e-05, 9.02160707028e-07, 7.66856999235e-07, 4.90327181524e-07, 2.87736895643e-07, 9.43370466189e-08, 6.80905571926e-08, 4.18042311878e-08, 2.81122733981e-08, 3.20151904987e-09, 4.13036591574e-18, 3.73018504973e-09, 1.02340873553e-08], "max": [0.000559387146495, 0.0518526509404, 0.0645873993635, 0.0430204719305, 0.0397869423032, 0.0331103987992, 0.0575256757438, 0.0865007713437, 0.0349036306143, 0.0192013736814, 0.0376530699432, 0.0464023649693, 0.05039396137, 0.0431016385555, 0.0960932895541, 0.022040810436, 0.0118010556325, 0.0129531836137, 0.0102778514847, 0.00661802850664, 0.00257796561345, 0.00204037525691, 0.00155597447883, 0.00051300576888, 1.59148072498e-08, 0.000495053129271, 0.000844710390083], "mean": [1.46282400237e-05, 0.00198682467453, 0.00216664536856, 0.00179171701893, 0.0025759190321, 0.000930053414777, 0.00093077972997, 0.0010697968537, 0.000619747966994, 0.000360279314918, 0.000631744740531, 0.00050229189219, 0.000582520093303, 0.000485435361043, 0.000824406335596, 0.000374360271962, 0.000350428716047, 0.000269793265034, 0.000245982490014, 9.44003113545e-05, 7.48471284169e-05, 5.1105296734e-05, 3.78480835934e-05, 1.33433768497e-05, 4.86031104252e-10, 1.56779697136e-05, 3.50057234755e-05], "median": [4.59981401946e-06, 0.000695773167536, 0.000559315900318, 0.000581006985158, 0.00135749066249, 0.000401612691348, 0.000185651530046, 0.000124422702356, 0.000135755253723, 0.000103927013697, 0.000145800411701, 9.82174242381e-05, 0.000136407150421, 9.0571702458e-05, 0.000105767838249, 5.86550449952e-05, 5.17452026543e-05, 6.36029726593e-05, 5.09196761413e-05, 2.86916911136e-05, 2.0556311938e-05, 1.0499603377e-05, 4.81040524392e-06, 1.77370827714e-06, 1.21049420487e-10, 2.2962553885e-06, 1.03382189991e-05], "min": [4.07191263829e-25, 1.83328966955e-24, 9.10474463383e-25, 1.4506451933e-24, 5.91985717409e-24, 5.76537335973e-24, 9.91249481343e-24, 6.96798470999e-24, 1.06857496834e-23, 1.67657823032e-23, 1.15796300632e-23, 2.37810134706e-23, 1.63994494984e-23, 3.81009593584e-23, 4.53746040034e-23, 5.57920928584e-23, 6.68274933051e-23, 6.08229365301e-23, 1.34916040721e-22, 1.46805348387e-22, 2.23752153747e-22, 3.15240631707e-22, 3.91048119972e-22, 5.0697290869e-22, 7.59887722868e-22, 1.12486506277e-21, 1.85406778775e-21], "var": [8.9278479054e-10, 2.70170530712e-05, 3.50916707248e-05, 1.51019612531e-05, 1.77386446012e-05, 3.21792958857e-06, 9.070438864e-06, 1.97383160412e-05, 3.89152910429e-06, 8.80955383309e-07, 3.35395179718e-06, 2.58818863585e-06, 3.84313534596e-06, 3.70968609786e-06, 8.97223435459e-06, 1.15807165457e-06, 1.13750354558e-06, 5.43119199392e-07, 3.05040515514e-07, 4.89279479154e-08, 3.12381160938e-08, 1.79544503709e-08, 1.10926894337e-08, 1.29863386711e-09, 9.85369495524e-19, 1.660750093e-09, 5.32637445261e-09]}, "barkbands_crest": {"dmean": 2.32644963264, "dmean2": 3.77836084366, "dvar": 5.26842880249, "dvar2": 12.9924716949, "max": 25.2009887695, "mean": 8.89122486115, "median": 8.18787193298, "min": 2.50784611702, "var": 12.2950677872}, "barkbands_flatness_db": {"dmean": 0.0231516212225, "dmean2": 0.0362058505416, "dvar": 0.000575738726184, "dvar2": 0.00137858674861, "max": 0.353995829821, "mean": 0.151489436626, "median": 0.146686941385, "min": 0.0397586859763, "var": 0.00196714722551}, "barkbands_kurtosis": {"dmean": 3.49742078781, "dmean2": 5.77306747437, "dvar": 55.5516967773, "dvar2": 137.549713135, "max": 163.554550171, "mean": 4.95005464554, "median": 1.97269225121, "min": -1.79592788219, "var": 83.3419189453}, "barkbands_skewness": {"dmean": 0.617475450039, "dmean2": 0.951688826084, "dvar": 0.550388216972, "dvar2": 1.19405913353, "max": 11.0023050308, "mean": 1.40868258476, "median": 1.35187649727, "min": -3.04581546783, "var": 2.17342877388}, "barkbands_spread": {"dmean": 5.06327486038, "dmean2": 8.09969806671, "dvar": 34.9655952454, "dvar2": 81.3994598389, "max": 93.060333252, "mean": 19.1855392456, "median": 18.5753192902, "min": 0.922602891922, "var": 100.457443237}, "dissonance": {"dmean": 0.0167378429323, "dmean2": 0.0277432464063, "dvar": 0.000331344141159, "dvar2": 0.000885674031451, "max": 0.500000059605, "mean": 0.467877596617, "median": 0.476013571024, "min": 0.244770094752, "var": 0.000809389457572}, "dynamic_complexity": 4.53027296066, "erbbands": {"dmean": [0.0282481517643, 0.614125907421, 2.77025651932, 5.05829668045, 8.21731758118, 5.35035181046, 3.40972399712, 6.13660430908, 7.168820858, 12.2277793884, 12.629278183, 7.99665021896, 6.57889795303, 5.80145311356, 15.4312677383, 13.5265607834, 16.0155086517, 17.8437633514, 23.9525680542, 13.6204881668, 8.90885448456, 8.92696857452, 8.991938591, 9.67612457275, 5.5340628624, 3.09248995781, 3.04271125793, 1.99419164658, 1.73346447945, 1.53034770489, 0.982327401638, 0.561639487743, 0.0634282231331, 0.00175803655293, 0.0002637442376, 0.00525603583083, 0.03983078897, 0.0235364194959, 0.00553775019944, 0.000205235934118], "dmean2": [0.0438334718347, 1.06640958786, 5.01323890686, 9.10365867615, 14.0704202652, 9.01897144318, 5.57092952728, 10.2196750641, 11.015704155, 18.1099281311, 18.5677013397, 11.4938154221, 10.1888523102, 8.73643016815, 21.502035141, 20.1048049927, 24.7843513489, 26.6960964203, 35.7812461853, 20.2443809509, 13.5499763489, 13.4690217972, 13.2631912231, 14.5126056671, 8.33574962616, 4.80623531342, 4.71928501129, 3.04455327988, 2.62576413155, 2.36640906334, 1.50654673576, 0.862239658833, 0.0974629446864, 0.00268555479124, 0.00039673797437, 0.00797641463578, 0.0602736324072, 0.0353162400424, 0.00821526627988, 0.000305132183712], "dvar": [0.00472391815856, 3.04011726379, 59.6037559509, 150.845169067, 353.072723389, 115.164398193, 41.1415100098, 264.586761475, 508.776947021, 2132.49072266, 3038.37182617, 591.326538086, 421.473144531, 286.205322266, 2593.54321289, 2834.72949219, 4149.79296875, 6182.58300781, 19119.4296875, 2020.55383301, 807.32421875, 670.781982422, 732.065185547, 614.918579102, 203.895614624, 59.9768409729, 64.6767196655, 28.0313568115, 24.5674953461, 19.3660163879, 7.40542316437, 2.30127048492, 0.0294819977134, 2.21217360377e-05, 4.70602543601e-07, 0.000191998449736, 0.0110793150961, 0.00406545214355, 0.000183654192369, 2.35124417713e-07], "dvar2": [0.0108135994524, 8.01381969452, 164.131332397, 415.849487305, 915.785888672, 297.944915771, 101.020614624, 676.714050293, 947.423522949, 4178.10595703, 6335.23681641, 1001.14959717, 963.69519043, 598.280822754, 4329.34863281, 6364.93945312, 8914.03320312, 13358.0234375, 42970.5351562, 4561.23925781, 1603.91455078, 1544.56066895, 1412.18310547, 1319.69506836, 444.866821289, 143.465576172, 155.527984619, 66.2816238403, 60.177532196, 47.6685676575, 18.0067443848, 5.52311229706, 0.0712885484099, 5.30489705852e-05, 1.09935365344e-06, 0.000448500970379, 0.0260107461363, 0.00959301367402, 0.000418327574152, 5.33789773272e-07], "max": [0.699492931366, 14.6480264664, 66.5326919556, 104.585220337, 208.76133728, 104.258239746, 113.712509155, 371.749603271, 921.893981934, 1507.99328613, 2198.96582031, 805.26385498, 554.332458496, 508.530456543, 1744.92736816, 2329.04907227, 2077.3425293, 2210.37158203, 6130.62402344, 1351.31176758, 1168.92211914, 558.393188477, 904.543579102, 699.773376465, 462.523895264, 151.458877563, 152.023696899, 75.2614212036, 84.4398422241, 76.7847747803, 38.7452888489, 20.220249176, 2.30690765381, 0.0615981817245, 0.0090416809544, 0.183706671, 1.34404933453, 0.870591461658, 0.180456027389, 0.0125916246325], "mean": [0.0304884742945, 0.551907062531, 2.25051426888, 4.5419049263, 8.92590141296, 7.37256240845, 5.89823627472, 8.77895545959, 12.3177165985, 19.7323207855, 20.9404697418, 15.0221271515, 11.9543485641, 11.222319603, 29.4782390594, 23.9443454742, 27.4885787964, 27.8973827362, 41.170501709, 30.5876045227, 18.4872722626, 17.1987171173, 15.9148740768, 16.2552604675, 8.40072059631, 4.2849407196, 3.64754009247, 2.28959321976, 1.8824608326, 1.53498995304, 0.99187964201, 0.562314689159, 0.063993871212, 0.00180641503539, 0.000286897615297, 0.00544588826597, 0.041193164885, 0.0253159590065, 0.00714408466592, 0.000297240621876], "median": [0.0107003506273, 0.18149100244, 0.62827783823, 1.48435819149, 3.72258448601, 4.15209293365, 3.32968521118, 3.57278728485, 3.11896896362, 3.22869777679, 2.41561555862, 3.66288805008, 3.45200300217, 4.0745639801, 6.3627076149, 5.8377532959, 6.97742557526, 6.28525781631, 6.33098363876, 4.47740936279, 3.16419029236, 2.94610333443, 3.78394079208, 3.22206711769, 2.19341349602, 1.38223457336, 1.0109500885, 0.625492930412, 0.41914921999, 0.234742134809, 0.127798050642, 0.0734859034419, 0.00879160314798, 0.000271643511951, 5.51632110728e-05, 0.00080282939598, 0.00593094434589, 0.00466304272413, 0.00218085246161, 9.99925978249e-05], "min": [2.2873157631e-23, 3.07421417171e-22, 1.64728253008e-21, 4.84046990148e-21, 1.32958071293e-20, 2.31314612108e-20, 2.91234590173e-20, 5.6897831692e-20, 1.22031525927e-19, 1.73374497301e-19, 2.87498228271e-19, 3.51806997253e-19, 4.12440938815e-19, 6.36278752608e-19, 7.22298350182e-19, 1.01364862932e-18, 1.37012294148e-18, 2.19568496837e-18, 2.14214694399e-18, 3.37263724858e-18, 2.64249774318e-18, 4.27424198918e-18, 4.01117167102e-18, 6.18238553494e-18, 7.33037036369e-18, 7.15309066917e-18, 8.83475712629e-18, 9.02454544604e-18, 1.0035513183e-17, 1.01027919181e-17, 1.02697707325e-17, 9.58204119066e-18, 7.88778835333e-18, 6.87482173443e-18, 5.51395866632e-18, 3.87156260877e-18, 2.12235933617e-18, 9.94103178624e-19, 2.29583513725e-19, 2.36074357986e-20], "var": [0.00473928591236, 2.17910504341, 38.1679153442, 103.804412842, 312.194458008, 115.32220459, 67.6445617676, 339.982910156, 1501.55456543, 6410.00292969, 7647.80859375, 1972.84362793, 1014.10974121, 737.174377441, 7445.63867188, 5163.87695312, 7902.86279297, 10538.4150391, 28358.34375, 8791.39648438, 2593.19702148, 2244.60375977, 2034.96716309, 1424.11901855, 327.617218018, 77.950088501, 71.2516403198, 29.9970703125, 24.3216934204, 18.4918384552, 7.27097272873, 2.287078619, 0.0298094078898, 2.26266602112e-05, 5.04471813656e-07, 0.000204779251362, 0.0115962689742, 0.00428607407957, 0.000220538844587, 3.12537423497e-07]}, "erbbands_crest": {"dmean": 2.32534456253, "dmean2": 3.65262746811, "dvar": 5.68055391312, "dvar2": 12.7372951508, "max": 31.639629364, "mean": 8.70928573608, "median": 7.56823015213, "min": 2.19215035439, "var": 19.886920929}, "erbbands_flatness_db": {"dmean": 0.0210076700896, "dmean2": 0.0274473465979, "dvar": 0.000425407284638, "dvar2": 0.000682164274622, "max": 0.365996152163, "mean": 0.172847658396, "median": 0.168196648359, "min": 0.0257195010781, "var": 0.00252229347825}, "erbbands_kurtosis": {"dmean": 0.906826734543, "dmean2": 1.41699457169, "dvar": 1.91479384899, "dvar2": 4.27435684204, "max": 33.8764610291, "mean": 0.669580698013, "median": -0.0881797075272, "min": -1.69279325008, "var": 5.77728796005}, "erbbands_skewness": {"dmean": 0.324192672968, "dmean2": 0.506405651569, "dvar": 0.106274016201, "dvar2": 0.240043640137, "max": 4.83593511581, "mean": 0.0971958190203, "median": 0.0307361055166, "min": -2.69611883163, "var": 0.731783390045}, "erbbands_spread": {"dmean": 8.55570411682, "dmean2": 12.6059398651, "dvar": 99.3017044067, "dvar2": 209.242843628, "max": 118.648986816, "mean": 34.3673973083, "median": 32.2822952271, "min": 2.45383667946, "var": 315.244567871}, "gfcc": {"cov": [[38910.828125, 2676.35668945, -3685.43066406, 370.152587891, -565.71496582, -774.981323242, -124.936988831, -982.916015625, -28.0349636078, -619.757080078, -408.30645752, 30.2849979401, -1003.60540771], [2676.35668945, 1204.70507812, -342.299713135, -24.9831447601, 57.844127655, -188.883392334, 85.8046646118, -111.203964233, 14.5996770859, -66.3901443481, 19.7901744843, 34.8401565552, -31.2570552826], [-3685.43066406, -342.299713135, 1068.55554199, 303.442993164, -93.29662323, 157.338943481, 9.80858421326, 86.4996795654, -27.8777103424, 97.90184021, 16.972240448, 40.7277336121, 80.795135498], [370.152587891, -24.9831447601, 303.442993164, 352.324768066, 78.0631332397, 38.9666633606, -12.3546552658, -57.7198753357, 2.24888205528, 10.6300201416, -34.3465232849, 39.4669456482, 10.4687538147], [-565.71496582, 57.844127655, -93.29662323, 78.0631332397, 330.737365723, 82.7070083618, 15.7396764755, -8.37022590637, 27.9600582123, -0.543853104115, 3.24718308449, -11.847202301, 73.3547668457], [-774.981323242, -188.883392334, 157.338943481, 38.9666633606, 82.7070083618, 267.555206299, 42.7667274475, 22.6440849304, -27.7394313812, 28.6527423859, -20.3393096924, 9.93700504303, 25.318113327], [-124.936988831, 85.8046646118, 9.80858421326, -12.3546552658, 15.7396764755, 42.7667274475, 173.997070312, 19.8649177551, -17.8848686218, -14.8056192398, 17.5387039185, -0.344870537519, 5.98642063141], [-982.916015625, -111.203964233, 86.4996795654, -57.7198753357, -8.37022590637, 22.6440849304, 19.8649177551, 162.137451172, 42.8458557129, 12.2618656158, 28.1299667358, -13.8504800797, 11.5292596817], [-28.0349636078, 14.5996770859, -27.8777103424, 2.24888205528, 27.9600582123, -27.7394313812, -17.8848686218, 42.8458557129, 92.8928909302, 37.6495285034, -5.67145204544, -2.60514307022, 7.77988767624], [-619.757080078, -66.3901443481, 97.90184021, 10.6300201416, -0.543853104115, 28.6527423859, -14.8056192398, 12.2618656158, 37.6495285034, 80.2976608276, 31.0912532806, -2.0892496109, 12.1765155792], [-408.30645752, 19.7901744843, 16.972240448, -34.3465232849, 3.24718308449, -20.3393096924, 17.5387039185, 28.1299667358, -5.67145204544, 31.0912532806, 88.1069869995, 17.8810596466, -1.42948424816], [30.2849979401, 34.8401565552, 40.7277336121, 39.4669456482, -11.847202301, 9.93700504303, -0.344870537519, -13.8504800797, -2.60514307022, -2.0892496109, 17.8810596466, 76.1188659668, 22.6410675049], [-1003.60540771, -31.2570552826, 80.795135498, 10.4687538147, 73.3547668457, 25.318113327, 5.98642063141, 11.5292596817, 7.77988767624, 12.1765155792, -1.42948424816, 22.6410675049, 102.692977905]], "icov": [[0.000132257322548, -0.000181011753739, 0.000701530196238, -0.000997191062197, 0.000937395903748, -0.000621246348601, 0.000185075201443, 0.00035553512862, -0.000720650772564, 0.000988714047708, -0.000722537864931, 0.000634424970485, 7.45235638533e-06], [-0.000181011753739, 0.0014945322182, -0.00103650579695, 0.00175093708094, -0.00190677307546, 0.00177231396083, -0.00116231292486, 0.00053611578187, 0.00019882786728, -0.000664328690618, 0.000879571191035, -0.00183835579082, 0.00073678989429], [0.000701530196238, -0.00103650579695, 0.00683979690075, -0.00893088243902, 0.00755141442642, -0.00442335009575, 0.00116501306184, -0.000847290502861, -0.00111275864765, 0.00230967230164, -0.00451659783721, 0.004909820389, -0.00354161858559], [-0.000997191062197, 0.00175093708094, -0.00893088243902, 0.016252329573, -0.0132088307291, 0.00840007979423, -0.00252164783888, -0.000736786751077, 0.00684774573892, -0.0107120359316, 0.0131290256977, -0.0127224903554, 0.00749027682468], [0.000937395903748, -0.00190677307546, 0.00755141442642, -0.0132088307291, 0.0186089873314, -0.0131851062179, 0.00361206848174, 0.00698350276798, -0.0171941984445, 0.0211388338357, -0.0208955798298, 0.0178235545754, -0.0124748405069], [-0.000621246348601, 0.00177231396083, -0.00442335009575, 0.00840007979423, -0.0131851062179, 0.0162543877959, -0.00484916754067, -0.00886093080044, 0.0199202988297, -0.0241811908782, 0.0221371948719, -0.0162274129689, 0.00902420654893], [0.000185075201443, -0.00116231292486, 0.00116501306184, -0.00252164783888, 0.00361206848174, -0.00484916754067, 0.0080635920167, 0.00114538799971, -0.00410425523296, 0.00788004510105, -0.00749043840915, 0.00533785158768, -0.00309240282513], [0.00035553512862, 0.00053611578187, -0.000847290502861, -0.000736786751077, 0.00698350276798, -0.00886093080044, 0.00114538799971, 0.0199484210461, -0.0247116945684, 0.0253398697823, -0.0206425171345, 0.0124844172969, -0.00490296119824], [-0.000720650772564, 0.00019882786728, -0.00111275864765, 0.00684774573892, -0.0171941984445, 0.0199202988297, -0.00410425523296, -0.0247116945684, 0.0538922064006, -0.0526913329959, 0.0408242493868, -0.0252783112228, 0.0118859177455], [0.000988714047708, -0.000664328690618, 0.00230967230164, -0.0107120359316, 0.0211388338357, -0.0241811908782, 0.00788004510105, 0.0253398697823, -0.0526913329959, 0.0725397542119, -0.0517551787198, 0.0324861221015, -0.0161991864443], [-0.000722537864931, 0.000879571191035, -0.00451659783721, 0.0131290256977, -0.0208955798298, 0.0221371948719, -0.00749043840915, -0.0206425171345, 0.0408242493868, -0.0517551787198, 0.0556714423001, -0.0331205390394, 0.0187649857253], [0.000634424970485, -0.00183835579082, 0.004909820389, -0.0127224903554, 0.0178235545754, -0.0162274129689, 0.00533785158768, 0.0124844172969, -0.0252783112228, 0.0324861221015, -0.0331205390394, 0.0380942560732, -0.0181656181812], [7.45235638533e-06, 0.00073678989429, -0.00354161858559, 0.00749027682468, -0.0124748405069, 0.00902420654893, -0.00309240282513, -0.00490296119824, 0.0118859177455, -0.0161991864443, 0.0187649857253, -0.0181656181812, 0.0247610472143]], "mean": [-87.1270446777, 109.29573822, -117.696723938, 16.5178337097, -22.2759590149, -24.2047138214, -1.730296731, -33.2798118591, -3.21699619293, -16.077123642, -11.8789787292, 5.23637676239, -28.7613334656]}, "hfc": {"dmean": 5.74753904343, "dmean2": 8.07725715637, "dvar": 114.028610229, "dvar2": 232.970062256, "max": 198.551269531, "mean": 13.1105365753, "median": 5.81965827942, "min": 1.04942763188e-16, "var": 330.042297363}, "melbands": {"dmean": [0.000428737752372, 0.00122681562789, 0.000956483767368, 0.000517264532391, 0.000130033979076, 0.000133519148221, 0.000110543711344, 0.00013680383563, 0.000100305944216, 4.74935368402e-05, 3.28982387146e-05, 2.33216633205e-05, 4.64753320557e-05, 3.77515352739e-05, 3.81424652005e-05, 3.72912109015e-05, 3.49632755388e-05, 3.94295748265e-05, 2.5793491659e-05, 1.81212017196e-05, 1.051968502e-05, 1.03107840914e-05, 8.28744941828e-06, 8.62249999045e-06, 8.35194168758e-06, 5.02294142279e-06, 3.18058869198e-06, 1.87453588296e-06, 1.86383863365e-06, 1.77977256044e-06, 1.00240913525e-06, 9.7783788533e-07, 9.80355594038e-07, 8.15110979602e-07, 5.84895246902e-07, 4.61806592966e-07, 3.06345924628e-07, 4.66683545142e-08, 6.69010810292e-12, 5.71290584284e-12], "dmean2": [0.000717447139323, 0.00216053775512, 0.00167974701617, 0.000882502470631, 0.000212252038182, 0.000221032707486, 0.000169814142282, 0.000201535178348, 0.000146497855894, 6.96467104717e-05, 5.1368282584e-05, 3.54210897058e-05, 6.5493164584e-05, 5.62668574275e-05, 5.72071076022e-05, 5.83853725402e-05, 5.31305668119e-05, 5.9123885876e-05, 3.8554888306e-05, 2.73694913631e-05, 1.63716595125e-05, 1.58658149303e-05, 1.27705679915e-05, 1.2855370187e-05, 1.26590375658e-05, 7.51974721425e-06, 5.01584509038e-06, 2.95147060569e-06, 2.9090570024e-06, 2.79054097518e-06, 1.55465352236e-06, 1.51468566401e-06, 1.50238452079e-06, 1.2850028952e-06, 9.09187463094e-07, 7.09420532985e-07, 4.74955470509e-07, 7.29828784074e-08, 1.2434085879e-11, 1.06468766095e-11], "dvar": [1.33726291551e-06, 1.1101527889e-05, 4.81260030938e-06, 1.34571791932e-06, 5.40224327494e-08, 1.14729665768e-07, 1.19345486382e-07, 2.6914767659e-07, 1.73007819626e-07, 1.97643039712e-08, 1.07405533356e-08, 5.31825739003e-09, 2.56720973368e-08, 1.85556832122e-08, 2.27571099742e-08, 2.45950424471e-08, 2.65837680757e-08, 4.86701452473e-08, 1.15691882741e-08, 3.29927174469e-09, 1.57064350415e-09, 1.01997743585e-09, 5.0689630271e-10, 7.66303021038e-10, 4.750896343e-10, 1.60652310899e-10, 1.10045604573e-10, 2.24797836595e-11, 2.2973126873e-11, 2.51000140811e-11, 7.64374848139e-12, 8.18640988332e-12, 7.92925013843e-12, 5.91288736723e-12, 2.74397453544e-12, 1.58902535227e-12, 7.22883179097e-13, 1.69360934375e-14, 1.6181492279e-22, 1.11775317248e-22], "dvar2": [3.38427958013e-06, 2.96359430649e-05, 1.29529789774e-05, 3.49486526829e-06, 1.35073818797e-07, 2.90511678713e-07, 2.22436284503e-07, 5.30448687641e-07, 3.54048921736e-07, 3.47863391426e-08, 2.44233557822e-08, 1.14442189059e-08, 4.39988525613e-08, 3.92711037023e-08, 4.64266634026e-08, 6.09998593859e-08, 5.70916682818e-08, 1.05054986932e-07, 2.63554440494e-08, 7.42237116214e-09, 3.41734818221e-09, 2.43318853954e-09, 1.11297016048e-09, 1.50337930993e-09, 1.03302733034e-09, 3.22109172668e-10, 2.69237382389e-10, 5.40411916605e-11, 5.51762524559e-11, 6.12989381477e-11, 1.84213373722e-11, 2.0392283348e-11, 1.90990851606e-11, 1.49211875494e-11, 6.7966799723e-12, 3.8269769298e-12, 1.76639280459e-12, 4.15673185705e-14, 5.09195350741e-22, 3.54842938519e-22], "max": [0.00966260395944, 0.0276659838855, 0.0174834299833, 0.0107027078047, 0.00326230330393, 0.00747311906889, 0.0136576090008, 0.0172154605389, 0.016566246748, 0.00443851528689, 0.00283953268081, 0.00206134538166, 0.00586226163432, 0.00514617329463, 0.00741815427318, 0.00452284840867, 0.00482266908512, 0.0101678008214, 0.00427193753421, 0.00149712653365, 0.00167479540687, 0.000646293046884, 0.000521856767591, 0.00089270749595, 0.000647028151434, 0.000360485981219, 0.000443411467131, 0.000106485604192, 8.09199045761e-05, 9.03707696125e-05, 4.19844327553e-05, 5.20531721122e-05, 4.67719364678e-05, 4.357182479e-05, 2.26102965826e-05, 1.83237589226e-05, 1.38483010232e-05, 1.77552635705e-06, 1.94122412589e-10, 1.47511794446e-10], "mean": [0.000417803530581, 0.00106426759157, 0.00094684161013, 0.000616248580627, 0.000232351245359, 0.000196005232283, 0.000185690543731, 0.000221269991016, 0.000166371246451, 8.73120734468e-05, 5.74269470235e-05, 4.07094739785e-05, 8.78825376276e-05, 6.60920777591e-05, 6.56604534015e-05, 5.4235002608e-05, 5.05782372784e-05, 6.29262940492e-05, 5.03785086039e-05, 3.6147001083e-05, 1.91834187717e-05, 1.87651494343e-05, 1.48443841681e-05, 1.38307932502e-05, 1.34383190016e-05, 7.40808991395e-06, 4.27169516115e-06, 2.41816110247e-06, 2.23981919589e-06, 1.97633858079e-06, 1.10775090434e-06, 1.03961110653e-06, 1.03396894247e-06, 7.79554000019e-07, 5.80885966883e-07, 4.600058503e-07, 3.02212669112e-07, 4.61935378837e-08, 5.38458513888e-12, 4.49356220636e-12], "median": [0.000156864974997, 0.000329649366904, 0.00034674606286, 0.000307554146275, 0.000137388327857, 7.91078637121e-05, 4.48207865702e-05, 3.29096510541e-05, 1.72029122041e-05, 2.19228240894e-05, 1.52925786097e-05, 1.28292576846e-05, 1.92574334505e-05, 1.52995162352e-05, 1.36636663228e-05, 1.24707667055e-05, 9.23826701182e-06, 9.16726639844e-06, 6.70327426633e-06, 4.88257683173e-06, 3.01738373309e-06, 2.75422735285e-06, 3.08452536046e-06, 3.13791997542e-06, 2.39952532866e-06, 1.48686899593e-06, 1.18259208648e-06, 7.20812295185e-07, 6.07316053447e-07, 4.91962566684e-07, 2.91067522085e-07, 2.37125988178e-07, 1.85985271628e-07, 1.04728478334e-07, 7.36960501513e-08, 5.70368037245e-08, 3.85941802961e-08, 6.14932282872e-09, 1.41121381074e-12, 1.1193637163e-12], "min": [6.15548312255e-25, 5.99506184798e-25, 1.22059106801e-24, 1.02990001722e-24, 9.79569409565e-25, 1.58370689813e-24, 2.21245645251e-24, 1.96573034364e-24, 1.79771362045e-24, 1.84119267532e-24, 2.06818306206e-24, 2.27249981145e-24, 2.06874433659e-24, 1.85506144168e-24, 2.88811621226e-24, 1.48397417211e-24, 3.813568186e-24, 2.47678658412e-24, 4.4808289437e-24, 3.84885827303e-24, 2.70998077024e-24, 3.77320059576e-24, 3.17589444542e-24, 3.57057102263e-24, 3.58237948152e-24, 2.96417009492e-24, 4.99410996915e-24, 4.39470465994e-24, 4.4539918957e-24, 5.06121639421e-24, 4.51723448004e-24, 4.01992788792e-24, 5.08676562677e-24, 3.83419058779e-24, 5.00601269692e-24, 5.78075141422e-24, 5.1678692053e-24, 4.38453742616e-24, 6.08892426557e-24, 5.85559064829e-24], "var": [1.07590949483e-06, 7.71159648139e-06, 3.69346639673e-06, 1.19011735933e-06, 8.73549623748e-08, 1.58810564699e-07, 3.29764162643e-07, 8.33656656596e-07, 4.72121456596e-07, 6.27600655889e-08, 2.4900842277e-08, 1.19381651231e-08, 7.42784251884e-08, 3.53962548161e-08, 4.48976535949e-08, 3.31629124162e-08, 4.34964313456e-08, 7.47928581291e-08, 2.7745278075e-08, 1.07489857015e-08, 3.71279984535e-09, 2.95286062268e-09, 1.52587231739e-09, 1.82236636892e-09, 1.06118414056e-09, 3.11834058575e-10, 1.36935601747e-10, 2.78988897956e-11, 2.65901241997e-11, 2.59143817516e-11, 7.62943441063e-12, 7.7323251968e-12, 8.0516635026e-12, 5.29420908155e-12, 2.60081583006e-12, 1.56353163923e-12, 6.98199690338e-13, 1.69301709831e-14, 1.22340487175e-22, 8.45951589347e-23]}, "melbands_crest": {"dmean": 3.22441625595, "dmean2": 5.19763040543, "dvar": 10.0603437424, "dvar2": 24.6807498932, "max": 37.9494247437, "mean": 12.1844758987, "median": 11.3569393158, "min": 1.53549396992, "var": 24.8887844086}, "melbands_flatness_db": {"dmean": 0.0283568352461, "dmean2": 0.0448119305074, "dvar": 0.000923043640796, "dvar2": 0.00218841689639, "max": 0.48822465539, "mean": 0.241216272116, "median": 0.237875342369, "min": 0.00309579167515, "var": 0.00444131856784}, "melbands_kurtosis": {"dmean": 8.17672920227, "dmean2": 13.4480867386, "dvar": 290.15145874, "dvar2": 699.385681152, "max": 271.848297119, "mean": 12.3943357468, "median": 5.83578824997, "min": -1.79611098766, "var": 410.887542725}, "melbands_skewness": {"dmean": 0.850914239883, "dmean2": 1.30267250538, "dvar": 1.14597129822, "dvar2": 2.44959568977, "max": 14.0247030258, "mean": 2.36005973816, "median": 2.15273809433, "min": -1.83680665493, "var": 3.30034589767}, "melbands_spread": {"dmean": 6.71360397339, "dmean2": 10.6883468628, "dvar": 71.4901351929, "dvar2": 164.413314819, "max": 165.733032227, "mean": 25.1299190521, "median": 19.5221862793, "min": 0.659465968609, "var": 525.387084961}, "mfcc": {"cov": [[11515.0839844, 2258.21704102, -1320.79431152, 808.852844238, -476.403045654, 608.866333008, -595.329223633, 560.393493652, -624.226623535, 507.939361572, -373.119720459, 178.238067627, -294.558685303], [2258.21704102, 1408.57177734, -223.334091187, 148.304016113, -4.34045219421, -26.1182403564, 30.8690128326, 1.41273760796, -26.4232025146, -54.5867614746, 34.6120834351, -28.3774871826, 13.7881240845], [-1320.79431152, -223.334091187, 844.924316406, 158.118881226, -47.953327179, 42.6783905029, 51.5380325317, -23.6485443115, 26.099489212, -62.0985641479, 17.5590438843, 37.0286712646, 5.46907663345], [808.852844238, 148.304016113, 158.118881226, 378.932220459, 57.5956459045, 98.5830001831, -53.7513504028, 34.7009315491, -31.4589958191, 14.7100839615, -31.5503196716, 12.102563858, -29.1347789764], [-476.403045654, -4.34045219421, -47.953327179, 57.5956459045, 289.639038086, 57.2428779602, 30.3941669464, -41.1804771423, 79.9538955688, -29.322057724, 10.2771167755, -26.6543807983, 10.5792016983], [608.866333008, -26.1182403564, 42.6783905029, 98.5830001831, 57.2428779602, 314.406433105, 32.1360015869, 51.8202629089, -10.1942434311, 36.8744316101, -65.6128616333, 18.6889400482, -42.4082756042], [-595.329223633, 30.8690128326, 51.5380325317, -53.7513504028, 30.3941669464, 32.1360015869, 213.189651489, 6.79906415939, 49.9197921753, -53.9048233032, 40.2744369507, -20.5241127014, 22.176071167], [560.393493652, 1.41273760796, -23.6485443115, 34.7009315491, -41.1804771423, 51.8202629089, 6.79906415939, 154.110336304, -15.3836250305, 47.735080719, -25.4627857208, 22.5772781372, -18.7061290741], [-624.226623535, -26.4232025146, 26.099489212, -31.4589958191, 79.9538955688, -10.1942434311, 49.9197921753, -15.3836250305, 154.277832031, -16.1578578949, 12.9465589523, -27.9287471771, 22.7268543243], [507.939361572, -54.5867614746, -62.0985641479, 14.7100839615, -29.322057724, 36.8744316101, -53.9048233032, 47.735080719, -16.1578578949, 143.377487183, -9.86896705627, 16.1368751526, -18.9593906403], [-373.119720459, 34.6120834351, 17.5590438843, -31.5503196716, 10.2771167755, -65.6128616333, 40.2744369507, -25.4627857208, 12.9465589523, -9.86896705627, 112.769004822, 15.1563501358, 14.2949867249], [178.238067627, -28.3774871826, 37.0286712646, 12.102563858, -26.6543807983, 18.6889400482, -20.5241127014, 22.5772781372, -27.9287471771, 16.1368751526, 15.1563501358, 89.224395752, 3.7145447731], [-294.558685303, 13.7881240845, 5.46907663345, -29.1347789764, 10.5792016983, -42.4082756042, 22.176071167, -18.7061290741, 22.7268543243, -18.9593906403, 14.2949867249, 3.7145447731, 87.5318069458]], "icov": [[0.0100545296445, -0.0138655435294, 0.013605481945, -0.0134988930076, 0.0136742526665, -0.013490836136, 0.0130437267944, -0.0135965468362, 0.0141545245424, -0.0132035100833, 0.0124115999788, -0.0105885686353, 0.00816433317959], [-0.0138655435294, 0.0200170036405, -0.0183235239238, 0.0179177261889, -0.0185027383268, 0.0185881052166, -0.0181831736118, 0.0187775958329, -0.0195326991379, 0.0187149401754, -0.0175800509751, 0.014848953113, -0.0114765167236], [0.013605481945, -0.0183235239238, 0.0201849453151, -0.0195122081786, 0.0194859951735, -0.0184728261083, 0.0171384178102, -0.017817420885, 0.0183887332678, -0.0169793274254, 0.0164008941501, -0.0150112202391, 0.0109668904915], [-0.0134988930076, 0.0179177261889, -0.0195122081786, 0.02245233953, -0.0199268888682, 0.0173524599522, -0.0160328559577, 0.0171069931239, -0.0179107803851, 0.0174486767501, -0.016382150352, 0.0145718753338, -0.0105359852314], [0.0136742526665, -0.0185027383268, 0.0194859951735, -0.0199268888682, 0.0240296274424, -0.0198092740029, 0.0177841112018, -0.0170847401023, 0.016478234902, -0.0167516767979, 0.0155386198312, -0.0137346815318, 0.010560542345], [-0.013490836136, 0.0185881052166, -0.0184728261083, 0.0173524599522, -0.0198092740029, 0.023502310738, -0.0199359171093, 0.0180550888181, -0.0184153839946, 0.0159900542349, -0.0129220653325, 0.0120871840045, -0.00886467378587], [0.0130437267944, -0.0181831736118, 0.0171384178102, -0.0160328559577, 0.0177841112018, -0.0199359171093, 0.0247615743428, -0.0198276881129, 0.017129316926, -0.014182491228, 0.0121873430908, -0.011093894951, 0.00899342261255], [-0.0135965468362, 0.0187775958329, -0.017817420885, 0.0171069931239, -0.0170847401023, 0.0180550888181, -0.0198276881129, 0.0273677557707, -0.0196794513613, 0.0152785237879, -0.0145999416709, 0.0118051329628, -0.00991849321872], [0.0141545245424, -0.0195326991379, 0.0183887332678, -0.0179107803851, 0.016478234902, -0.0184153839946, 0.017129316926, -0.0196794513613, 0.0290784556419, -0.0194265004247, 0.01758123748, -0.0127796446905, 0.0100529566407], [-0.0132035100833, 0.0187149401754, -0.0169793274254, 0.0174486767501, -0.0167516767979, 0.0159900542349, -0.014182491228, 0.0152785237879, -0.0194265004247, 0.0273395609111, -0.0184993706644, 0.0140796611086, -0.010492076166], [0.0124115999788, -0.0175800509751, 0.0164008941501, -0.016382150352, 0.0155386198312, -0.0129220653325, 0.0121873430908, -0.0145999416709, 0.01758123748, -0.0184993706644, 0.0289287939668, -0.0176530890167, 0.0111653273925], [-0.0105885686353, 0.014848953113, -0.0150112202391, 0.0145718753338, -0.0137346815318, 0.0120871840045, -0.011093894951, 0.0118051329628, -0.0127796446905, 0.0140796611086, -0.0176530890167, 0.026079678908, -0.0111895641312], [0.00816433317959, -0.0114765167236, 0.0109668904915, -0.0105359852314, 0.010560542345, -0.00886467378587, 0.00899342261255, -0.00991849321872, 0.0100529566407, -0.010492076166, 0.0111653273925, -0.0111895641312, 0.0203137584031]], "mean": [-717.428649902, 150.048538208, -29.0440692902, 41.786315918, -8.59056282043, 22.0483970642, -10.560426712, 10.8842163086, -16.2887649536, 4.35682964325, -8.44518756866, 2.13102602959, -8.77627944946]}, "pitch_salience": {"dmean": 0.0740173906088, "dmean2": 0.119673639536, "dvar": 0.0057037808001, "dvar2": 0.0144462408498, "max": 0.974524140358, "mean": 0.595546782017, "median": 0.607855081558, "min": 0.0628294795752, "var": 0.012820020318}, "silence_rate_20dB": {"dmean": 0, "dmean2": 0, "dvar": 0, "dvar2": 0, "max": 1, "mean": 1, "median": 1, "min": 1, "var": 0}, "silence_rate_30dB": {"dmean": 0.00107085495256, "dmean2": 0.00214209221303, "dvar": 0.00106966099702, "dvar2": 0.00320835993625, "max": 1, "mean": 0.999464690685, "median": 1, "min": 0, "var": 0.000535015249625}, "silence_rate_60dB": {"dmean": 0.0538996979594, "dmean2": 0.107818633318, "dvar": 0.0509914271533, "dvar2": 0.110829405487, "max": 1, "mean": 0.160956457257, "median": 0, "min": 0, "var": 0.135049849749}, "spectral_centroid": {"dmean": 250.870788574, "dmean2": 399.41986084, "dvar": 96281.6328125, "dvar2": 212599.6875, "max": 11768.6679688, "mean": 1444.01245117, "median": 1155.58642578, "min": 194.852630615, "var": 2589222.5}, "spectral_complexity": {"dmean": 3.27003383636, "dmean2": 4.88432693481, "dvar": 22.8468284607, "dvar2": 44.4660682678, "max": 54, "mean": 13.6356172562, "median": 13, "min": 0, "var": 78.1535644531}, "spectral_contrast_coeffs": {"dmean": [0.0561731047928, 0.0424206443131, 0.037048779428, 0.0316828377545, 0.0247370246798, 0.0337016656995], "dmean2": [0.0925885140896, 0.0685123875737, 0.0578309372067, 0.0490301996469, 0.0378792397678, 0.0553185455501], "dvar": [0.00262612849474, 0.00134681165218, 0.00109239062294, 0.000793384970166, 0.000523888564203, 0.000832447956782], "dvar2": [0.00667814770713, 0.00321398768574, 0.00247431034222, 0.00167881289963, 0.00108385912608, 0.00220607453957], "max": [-0.320753455162, -0.350165784359, -0.42880859971, -0.471676528454, -0.545495629311, -0.401610016823], "mean": [-0.647311449051, -0.744660019875, -0.773627996445, -0.763391137123, -0.782314896584, -0.586629033089], "median": [-0.646574676037, -0.750842571259, -0.778038263321, -0.771935939789, -0.789875984192, -0.575754761696], "min": [-0.98055678606, -0.992084801197, -0.981194615364, -0.974372386932, -0.967278838158, -0.964249849319], "var": [0.00871366541833, 0.00679578259587, 0.00531310355291, 0.0055990233086, 0.00383171136491, 0.00624670041725]}, "spectral_contrast_valleys": {"dmean": [0.442659944296, 0.396644115448, 0.38100028038, 0.351348668337, 0.358793079853, 0.610169053078], "dmean2": [0.690160155296, 0.611885070801, 0.587487339973, 0.515994787216, 0.476422727108, 0.862668216228], "dvar": [0.197645425797, 0.162192672491, 0.151553466916, 0.135623574257, 0.158466488123, 0.253198325634], "dvar2": [0.365508377552, 0.321315169334, 0.313567042351, 0.247444495559, 0.273768812418, 0.520431280136], "max": [-5.43251943588, -4.81148386002, -5.2079167366, -5.72421646118, -5.61889791489, -10.7896747589], "mean": [-8.05834388733, -7.74588823318, -8.28037548065, -8.59387207031, -8.64539241791, -14.0158462524], "median": [-7.32228946686, -7.17791795731, -7.71434307098, -8.04595375061, -8.14894580841, -13.697517395], "min": [-28.0808773041, -28.5309867859, -27.8459701538, -27.6623535156, -27.4963645935, -27.450925827], "var": [10.5277013779, 10.7404975891, 10.1373548508, 9.91058731079, 9.78653144836, 5.52246761322]}, "spectral_decrease": {"dmean": 2.40797137785e-09, "dmean2": 3.69797459321e-09, "dvar": 1.84197058568e-17, "dvar2": 4.31684485129e-17, "max": 1.91217242494e-28, "mean": -4.19857393297e-09, "median": -2.23972218549e-09, "min": -3.04723890565e-08, "var": 2.62949864121e-17}, "spectral_energy": {"dmean": 0.00955128204077, "dmean2": 0.0145808951929, "dvar": 0.000283771427348, "dvar2": 0.000659708573949, "max": 0.124604955316, "mean": 0.0170355904847, "median": 0.00896939635277, "min": 9.6669714366e-21, "var": 0.000425016391091}, "spectral_energyband_high": {"dmean": 0.000223748938879, "dmean2": 0.0003307328152, "dvar": 3.19655640624e-07, "dvar2": 7.35422815978e-07, "max": 0.00704360799864, "mean": 0.000267063587671, "median": 6.8510955316e-05, "min": 7.09102438036e-21, "var": 3.64144625564e-07}, "spectral_energyband_low": {"dmean": 0.00511836633086, "dmean2": 0.00862619094551, "dvar": 0.000147727070726, "dvar2": 0.000371437839931, "max": 0.0971217602491, "mean": 0.0049762702547, "median": 0.00172899290919, "min": 9.53875302692e-24, "var": 0.000121342622151}, "spectral_energyband_middle_high": {"dmean": 0.00180053827353, "dmean2": 0.00252463156357, "dvar": 1.63793247339e-05, "dvar2": 3.16713667416e-05, "max": 0.108333043754, "mean": 0.00459738913924, "median": 0.00162281957455, "min": 1.22524038069e-21, "var": 6.03986081842e-05}, "spectral_energyband_middle_low": {"dmean": 0.00493121752515, "dmean2": 0.00808049924672, "dvar": 9.90712287603e-05, "dvar2": 0.000248171039857, "max": 0.0971751436591, "mean": 0.00807642843574, "median": 0.00409849267453, "min": 1.65730411804e-22, "var": 0.000135911453981}, "spectral_entropy": {"dmean": 0.176662176847, "dmean2": 0.256528764963, "dvar": 0.0322721935809, "dvar2": 0.0687685757875, "max": 9.82363128662, "mean": 7.36447811127, "median": 7.31946563721, "min": 5.66224813461, "var": 0.278768002987}, "spectral_flux": {"dmean": 0.0298207886517, "dmean2": 0.0439715646207, "dvar": 0.00168081058655, "dvar2": 0.00296357437037, "max": 0.303301662207, "mean": 0.0686631128192, "median": 0.0433626547456, "min": 6.34409746958e-11, "var": 0.00391551014036}, "spectral_kurtosis": {"dmean": 2.22960853577, "dmean2": 3.61530375481, "dvar": 5.70830059052, "dvar2": 15.0696001053, "max": 31.5296363831, "mean": 7.44485664368, "median": 6.63148260117, "min": -1.25938594341, "var": 15.0319318771}, "spectral_rms": {"dmean": 0.000929965637624, "dmean2": 0.00133342354093, "dvar": 1.80427173291e-06, "dvar2": 3.75064041691e-06, "max": 0.011025688611, "mean": 0.00346404430456, "median": 0.00295814638957, "min": 3.07102455445e-12, "var": 4.62050911665e-06}, "spectral_rolloff": {"dmean": 369.803710938, "dmean2": 628.252075195, "dvar": 388019.84375, "dvar2": 859200.0625, "max": 19702.8808594, "mean": 1670.6027832, "median": 1184.32617188, "min": 21.533203125, "var": 8084279.5}, "spectral_skewness": {"dmean": 0.25044336915, "dmean2": 0.402894496918, "dvar": 0.0575738437474, "dvar2": 0.150254428387, "max": 3.6964828968, "mean": 1.5996067524, "median": 1.58636248112, "min": -0.0766567140818, "var": 0.210906609893}, "spectral_spread": {"dmean": 433147.78125, "dmean2": 584123.375, "dvar": 491878252544, "dvar2": 914103336960, "max": 42824748, "mean": 4154359.5, "median": 3183668.25, "min": 1402372.5, "var": 33741407780900.0}, "spectral_strongpeak": {"dmean": 0.503215312958, "dmean2": 0.831248342991, "dvar": 0.940248608589, "dvar2": 2.07123684883, "max": 13.3873081207, "mean": 0.935682356358, "median": 0.31432980299, "min": 0, "var": 2.42137050629},