{"lowlevel": {"average_loudness": 0.775967538357, "barkbands": {"dmean": [0.000105738101411, 0.00468619680032, 0.00159324822016, 0.000603630149271, 0.00118917354848, 0.00131746253464, 0.000345371488947, 0.00051364878891, 0.000579331128392, 0.000420332828071, 0.000311320472974, 0.000408043269999, 0.000274444144452, 0.000233493832638, 0.000275296828477, 0.000278339255601, 0.000302876869682, 0.000333275442244, 0.000314824661473, 0.000331828981871, 0.000390632951166, 0.000383026868803, 0.000328617170453, 0.000359782367013, 0.000373493967345, 9.50722314883e-05, 7.79192578193e-06], "dmean2": [0.000164983037394, 0.00708462670445, 0.00275477673858, 0.00101195042953, 0.00195824261755, 0.00210433476605, 0.000560959917493, 0.000819362525363, 0.000899709877558, 0.000674287090078, 0.000497856875882, 0.000643214501906, 0.000442711199867, 0.000373614311684, 0.000455606379546, 0.000461752701085, 0.000501583737787, 0.000551919394638, 0.000526401388925, 0.000561126333196, 0.000664811872412, 0.000626524735708, 0.000495485321153, 0.000550222292077, 0.000553093152121, 0.00014284971985, 1.15637631097e-05], "dvar": [7.70928210159e-08, 5.71936616325e-05, 1.14616614155e-05, 1.22556639326e-06, 6.90526212566e-06, 9.21589253267e-06, 9.91784418147e-07, 2.49405661634e-06, 2.30084242503e-06, 1.16787509796e-06, 8.41398161811e-07, 1.9903741304e-06, 6.72823944114e-07, 4.55474349792e-07, 4.19772760551e-07, 6.2423714553e-07, 4.6542223231e-07, 3.96898741428e-07, 3.77140821683e-07, 4.6484396421e-07, 6.57807902371e-07, 7.52567473228e-07, 4.45650641723e-07, 6.42451709609e-07, 5.90739603012e-07, 2.55330387944e-08, 3.26989962884e-10], "dvar2": [1.64132842428e-07, 0.000137183800689, 3.13812997774e-05, 3.09178858515e-06, 1.799839265e-05, 2.1451001885e-05, 2.50576158578e-06, 6.26066048426e-06, 5.3348644542e-06, 2.7568034966e-06, 2.02883211387e-06, 4.72483134217e-06, 1.67162340858e-06, 1.04541561541e-06, 1.06120887722e-06, 1.57398505962e-06, 1.20522008729e-06, 9.79700757853e-07, 9.76756155069e-07, 1.22885569454e-06, 1.71578278696e-06, 1.91522758541e-06, 9.53697849582e-07, 1.47436162479e-06, 1.16984563192e-06, 5.18746716693e-08, 6.88014978323e-10], "max": [0.00464584492147, 0.083147726953, 0.0462486892939, 0.0119393039495, 0.0461652316153, 0.0582646951079, 0.0336500778794, 0.0352082811296, 0.0480853915215, 0.0336181968451, 0.0197383053601, 0.043534245342, 0.0319806821644, 0.0190227720886, 0.0121759502217, 0.0232591480017, 0.0146855795756, 0.0151605270803, 0.0101780593395, 0.00939436350018, 0.0111544849351, 0.0121578127146, 0.0103873424232, 0.0168174076825, 0.0195138826966, 0.00478526437655, 0.000591478776187], "mean": [0.000128828804009, 0.00542863737792, 0.00119833508506, 0.000527803960722, 0.00137838115916, 0.00172816775739, 0.000429216306657, 0.000683562422637, 0.000780248665251, 0.000563651730772, 0.000389118300518, 0.000542979629245, 0.000343260267982, 0.000285162503133, 0.000326754961861, 0.000326920067891, 0.000396865158109, 0.000451070984127, 0.000437730719568, 0.000396551622543, 0.000452675769338, 0.000542562047485, 0.000566612055991, 0.000594032055233, 0.000547121802811, 0.00012733132462, 1.11606177597e-05], "median": [3.12177508022e-05, 0.001420580782, 0.000128598185256, 8.91445815796e-05, 0.000364644161891, 0.000311263254844, 0.000107770916657, 0.000113477799459, 0.000144282297697, 0.000133197871037, 7.44278149796e-05, 0.000103376660263, 9.51092079049e-05, 7.17928051017e-05, 9.08152942429e-05, 8.33456142573e-05, 0.000117038129247, 0.000137310707942, 0.000149688014062, 0.000129876905703, 0.000125901482534, 0.000102682155557, 0.000163089120178, 0.000145153666381, 0.000156523194164, 4.77925132145e-05, 4.00680346502e-06], "min": [1.59719389525e-23, 1.51373162262e-23, 1.4838735529e-23, 1.79988586728e-23, 4.89514318763e-23, 8.62015574168e-23, 7.6249540672e-23, 8.60120667165e-23, 7.29546011995e-23, 7.44310458915e-23, 7.07642247665e-23, 5.83480021914e-23, 1.48918561602e-22, 1.20799583081e-22, 1.31711826563e-22, 1.7338353641e-22, 2.11710753698e-22, 2.13603868409e-22, 3.75178560965e-22, 3.53026362248e-22, 4.50843120255e-22, 4.8367785878e-22, 6.12491650191e-22, 7.52018652323e-22, 1.30483874319e-21, 1.56451579926e-21, 2.45460959624e-21], "var": [1.13228907139e-07, 6.91373352311e-05, 7.96145468485e-06, 1.12157295007e-06, 7.7221684478e-06, 1.57435333676e-05, 1.27635075842e-06, 3.56076611752e-06, 4.0119730329e-06, 2.04690149985e-06, 1.25586063859e-06, 3.84114309782e-06, 8.93042681582e-07, 5.92007950218e-07, 5.40711027952e-07, 7.70113615545e-07, 7.8836967532e-07, 6.8230275474e-07, 5.99172437887e-07, 5.08526966314e-07, 7.10511244506e-07, 1.2243939409e-06, 9.51611525579e-07, 1.38619452628e-06, 1.48320486915e-06, 6.40963264686e-08, 8.39308400558e-10]}, "barkbands_crest": {"dmean": 3.9368481636, "dmean2": 5.99852609634, "dvar": 12.3152532578, "dvar2": 26.4508342743, "max": 26.7696323395, "mean": 10.7349538803, "median": 9.52718353271, "min": 2.14389395714, "var": 29.5861415863}, "barkbands_flatness_db": {"dmean": 0.0322504080832, "dmean2": 0.0472523830831, "dvar": 0.000964358972851, "dvar2": 0.00198132591322, "max": 0.489087373018, "mean": 0.111867077649, "median": 0.0992913395166, "min": 0.0169393178076, "var": 0.00318661914207}, "barkbands_kurtosis": {"dmean": 3.82418513298, "dmean2": 5.8740105629, "dvar": 104.572669983, "dvar2": 217.661972046, "max": 483.804626465, "mean": 3.32583904266, "median": 0.237735122442, "min": -1.96296322346, "var": 194.238739014}, "barkbands_skewness": {"dmean": 0.88966345787, "dmean2": 1.28933060169, "dvar": 0.962876975536, "dvar2": 2.02366733551, "max": 20.613155365, "mean": 1.0544244051, "median": 0.880397677422, "min": -7.53426551819, "var": 2.64809012413}, "barkbands_spread": {"dmean": 13.1901407242, "dmean2": 19.9237995148, "dvar": 189.343215942, "dvar2": 408.2215271, "max": 149.29069519, "mean": 39.2383804321, "median": 35.663520813, "min": 0.43729069829, "var": 494.10836792}, "dissonance": {"dmean": 0.0185634717345, "dmean2": 0.0303558520973, "dvar": 0.000405309343478, "dvar2": 0.00101814814843, "max": 0.499999970198, "mean": 0.466608464718, "median": 0.475190788507, "min": 0.211112320423, "var": 0.000968193402514}, "dynamic_complexity": 5.09941148758, "erbbands": {"dmean": [0.12933754921, 1.10050022602, 1.93879437447, 2.03239631653, 2.28409409523, 4.47833442688, 8.98447990417, 11.208486557, 6.00850772858, 5.35741615295, 12.2269172668, 13.5651330948, 12.6496238708, 11.4529743195, 13.8702497482, 17.4894504547, 12.3658046722, 11.8615427017, 13.029132843, 13.0058660507, 15.5461416245, 15.6013336182, 17.0160980225, 15.2796220779, 16.4998435974, 15.0413589478, 16.2396335602, 14.9209337234, 15.4439516068, 11.2361164093, 9.54763507843, 7.21626472473, 6.21690273285, 4.35077762604, 2.80259299278, 0.660996854305, 0.137766808271, 0.0199300255626, 0.00131551793311, 5.73024772166e-05], "dmean2": [0.189714372158, 1.67657327652, 3.14583659172, 3.46947002411, 3.7657968998, 7.57122135162, 14.593328476, 17.7138404846, 9.59825134277, 8.63272571564, 19.5186462402, 21.0375556946, 20.1843128204, 18.1087970734, 21.9577713013, 27.4992141724, 19.5154514313, 18.8642349243, 20.8116226196, 21.4908905029, 25.7863616943, 25.6895885468, 28.5126724243, 24.4809093475, 27.8873748779, 25.1128749847, 28.0444698334, 25.3851947784, 25.7348480225, 17.6145420074, 14.2650032043, 11.2477865219, 9.42282772064, 6.538002491, 4.17481040955, 0.984742224216, 0.205073773861, 0.0291685499251, 0.00194091943558, 8.19876368041e-05], "dvar": [0.044094260782, 3.29954504967, 14.5390205383, 13.6706962585, 22.2864704132, 129.351425171, 431.510314941, 839.60345459, 296.695587158, 222.867034912, 1386.05883789, 1411.43249512, 1063.30163574, 888.522521973, 1484.54431152, 4447.52441406, 1228.6998291, 1008.06463623, 1118.88757324, 954.846130371, 1764.06567383, 1156.62597656, 1102.28405762, 878.446472168, 1058.91491699, 972.920593262, 1073.43286133, 1048.31591797, 1366.8059082, 641.879211426, 349.428527832, 298.858337402, 177.079101563, 109.48449707, 33.2088661194, 1.29110169411, 0.0593104809523, 0.00158598227426, 9.90568332782e-06, 1.31305721851e-08], "dvar2": [0.104244843125, 7.95569229126, 37.9920845032, 36.0052757263, 54.7408714294, 350.654785156, 1085.65270996, 1899.45275879, 760.580322266, 557.508544922, 3485.16601563, 3325.56640625, 2420.3137207, 2136.70336914, 3515.56054688, 10744.3671875, 3024.23144531, 2381.51367188, 2595.85473633, 2386.24926758, 4598.53222656, 2982.63232422, 2823.92993164, 2104.8527832, 2835.08374023, 2549.94873047, 2804.79418945, 2736.97045898, 3560.44384766, 1555.64648438, 746.68182373, 722.556030273, 390.32913208, 215.810409546, 71.4012451172, 2.66436982155, 0.123114988208, 0.00337303685956, 2.06914901355e-05, 2.6934083408e-08], "max": [2.04752635956, 21.4679718018, 51.2365646362, 44.5724372864, 61.654460907, 195.618774414, 580.811523438, 721.125427246, 607.777160645, 352.446075439, 738.840698242, 961.404296875, 966.866455078, 966.799804688, 894.182617188, 2168.02001953, 1231.83947754, 878.953796387, 884.871337891, 843.110961914, 831.510131836, 834.903808594, 964.799926758, 651.994628906, 420.556854248, 509.050140381, 505.019195557, 492.616424561, 482.832214355, 382.756988525, 255.34161377, 354.387512207, 318.422912598, 283.061676025, 120.432998657, 27.5254325867, 8.62973976135, 2.02090525627, 0.116109520197, 0.00391726801172], "mean": [0.142817348242, 1.24286973476, 1.69294559956, 1.70379078388, 2.34963583946, 4.87595796585, 11.1265439987, 14.543671608, 7.94872045517, 7.3816280365, 16.6681423187, 19.1374588013, 16.980840683, 16.2644882202, 19.1776618958, 24.3657073975, 16.7934875488, 15.5591669083, 17.063331604, 16.4597759247, 19.263633728, 20.9975738525, 23.2875213623, 23.599067688, 21.8756790161, 18.4131240845, 17.712884903, 18.6888313293, 20.6637210846, 17.4322357178, 16.2645053864, 12.0091848373, 9.96809101105, 6.87393808365, 3.56741952896, 0.882981300354, 0.183352947235, 0.0273447856307, 0.00192781398073, 0.000100624565675], "median": [0.0347880758345, 0.297634422779, 0.308391392231, 0.337918519974, 0.552630066872, 1.13440895081, 2.41446948051, 2.29845476151, 2.05853915215, 2.01385092735, 3.27729463577, 3.71989965439, 4.35619735718, 4.15823841095, 4.4317817688, 5.13619852066, 5.23967027664, 4.90283298492, 4.99598026276, 4.8791308403, 5.91014480591, 6.15448188782, 7.34886884689, 8.19417381287, 7.86216449738, 6.05157375336, 4.82577800751, 4.6291475296, 3.43898487091, 4.51208209991, 4.65747642517, 2.79430484772, 2.39807081223, 1.70168542862, 1.09523630142, 0.309779107571, 0.0735058188438, 0.0111029781401, 0.000706565799192, 5.29303579242e-05], "min": [1.58411625383e-22, 4.52418842776e-21, 1.78319638266e-20, 3.15190096142e-20, 9.53038856939e-20, 1.42494694736e-19, 8.03435669287e-19, 4.08133705968e-19, 5.26180237595e-19, 1.63653610329e-18, 2.08189945087e-18, 2.25762363225e-18, 2.31729189215e-18, 2.87889769044e-18, 1.8779216749e-18, 2.68154831951e-18, 7.56209756767e-18, 6.79531561549e-18, 5.24766606608e-18, 8.12086551607e-18, 1.00897580332e-17, 1.28779042911e-17, 1.20012839205e-17, 1.05628036004e-17, 2.37549380897e-17, 1.84545516673e-17, 1.68368031105e-17, 1.73670556616e-17, 1.92901182369e-17, 1.48962555914e-17, 1.96023623745e-17, 1.45844415877e-17, 1.378556875e-17, 1.37683964805e-17, 9.22394229578e-18, 5.95613592097e-18, 2.70529584772e-18, 1.53547303721e-18, 3.60413010195e-19, 3.13921375565e-20], "var": [0.0559686757624, 3.82989096642, 11.8610181808, 11.1134119034, 23.7508487701, 126.020553589, 598.50604248, 1504.28930664, 397.023986816, 343.140167236, 2055.58618164, 2495.12036133, 1874.89355469, 1480.82556152, 2574.32324219, 8297.40625, 1733.11853027, 1345.5814209, 1669.46142578, 1305.54187012, 2183.4543457, 1999.6809082, 1816.56518555, 1737.50463867, 1419.05969238, 1094.09716797, 1081.11669922, 1257.50476074, 1970.56665039, 1067.06860352, 764.078369141, 567.811706543, 416.215179443, 285.416625977, 58.5678672791, 3.10313344002, 0.132315129042, 0.00374849070795, 2.58437266893e-05, 3.64732954949e-08]}, "erbbands_crest": {"dmean": 3.05680274963, "dmean2": 4.95667982101, "dvar": 8.96692466736, "dvar2": 21.5762557983, "max": 33.6550254822, "mean": 8.79448890686, "median": 7.51464271545, "min": 2.29785084724, "var": 22.6155223846}, "erbbands_flatness_db": {"dmean": 0.0236771292984, "dmean2": 0.0333933383226, "dvar": 0.000490617530886, "dvar2": 0.000969925196841, "max": 0.39070084691, "mean": 0.136016219854, "median": 0.12632073462, "min": 0.0404529944062, "var": 0.00252183177508}, "erbbands_kurtosis": {"dmean": 1.51233518124, "dmean2": 2.36943364143, "dvar": 9.25904750824, "dvar2": 21.4574394226, "max": 100.953948975, "mean": 0.907837986946, "median": -0.0733981132507, "min": -1.86232423782, "var": 18.0528583527}, "erbbands_skewness": {"dmean": 0.512270569801, "dmean2": 0.771572589874, "dvar": 0.268316596746, "dvar2": 0.594391167164, "max": 9.46004581451, "mean": -0.0780995115638, "median": -0.0831613242626, "min": -7.42055463791, "var": 1.11573767662}, "erbbands_spread": {"dmean": 14.3968887329, "dmean2": 21.6607818604, "dvar": 229.193527222, "dvar2": 521.51171875, "max": 201.053237915, "mean": 48.4821052551, "median": 45.5437393188, "min": 1.88352835178, "var": 618.678955078}, "gfcc": {"cov": [[19719.0566406, -57.8161125183, 418.351318359, 1092.12255859, -173.622665405, 581.797546387, -5.48482704163, 135.895324707, -187.06451416, 97.9672698975, -401.207183838, -28.5623340607, -118.16569519], [-57.8161125183, 1436.24414063, 65.4581985474, -19.1501026154, 299.665527344, 4.37042474747, 200.522476196, 87.9760818481, 95.8437271118, 17.9076881409, 126.186737061, -10.8940258026, 39.3417816162], [418.351318359, 65.4581985474, 1259.5970459, 462.627746582, 153.785736084, 293.634857178, 25.1050834656, 60.0448608398, -10.0965270996, 27.5236759186, -105.108062744, 23.3482933044, -49.5347290039], [1092.12255859, -19.1501026154, 462.627746582, 778.069641113, 187.289016724, 141.657592773, 76.3776397705, 72.2981033325, 54.8114433289, -4.11287164688, -75.7171554565, 14.8315963745, -18.3280277252], [-173.622665405, 299.665527344, 153.785736084, 187.289016724, 454.606384277, 217.177642822, 162.917556763, 128.183349609, 76.8138656616, 38.3677368164, -23.8154373169, -12.0319576263, -22.2931842804], [581.797546387, 4.37042474747, 293.634857178, 141.657592773, 217.177642822, 483.414276123, 210.230392456, 65.6126937866, 30.503288269, 52.4068717957, -68.4728088379, -28.8095741272, -56.0937957764], [-5.48482704163, 200.522476196, 25.1050834656, 76.3776397705, 162.917556763, 210.230392456, 310.042297363, 101.835517883, 46.8526077271, 35.9489097595, 12.0411424637, -10.6114578247, -26.3180046082], [135.895324707, 87.9760818481, 60.0448608398, 72.2981033325, 128.183349609, 65.6126937866, 101.835517883, 219.868255615, 93.8577804565, 19.4913883209, 12.3210763931, 2.62071895599, -1.99538326263], [-187.06451416, 95.8437271118, -10.0965270996, 54.8114433289, 76.8138656616, 30.503288269, 46.8526077271, 93.8577804565, 168.721786499, 55.7437400818, 25.2634677887, 4.35248088837, 17.9674949646], [97.9672698975, 17.9076881409, 27.5236759186, -4.11287164688, 38.3677368164, 52.4068717957, 35.9489097595, 19.4913883209, 55.7437400818, 122.533683777, 46.1354980469, 14.7480669022, 0.909703195095], [-401.207183838, 126.186737061, -105.108062744, -75.7171554565, -23.8154373169, -68.4728088379, 12.0411424637, 12.3210763931, 25.2634677887, 46.1354980469, 191.058624268, 49.6523666382, 32.6897659302], [-28.5623340607, -10.8940258026, 23.3482933044, 14.8315963745, -12.0319576263, -28.8095741272, -10.6114578247, 2.62071895599, 4.35248088837, 14.7480669022, 49.6523666382, 105.016174316, 45.4060935974], [-118.16569519, 39.3417816162, -49.5347290039, -18.3280277252, -22.2931842804, -56.0937957764, -26.3180046082, -1.99538326263, 17.9674949646, 0.909703195095, 32.6897659302, 45.4060935974, 107.265541077]], "icov": [[7.58895403123e-05, -9.39824312809e-05, 0.000102216465166, -0.000178394810064, 0.000213748629903, -0.00020315873553, 0.000180724906386, -0.000229324083193, 0.000272493169177, -0.000264433590928, 0.000206630036701, -8.40180946398e-05, 4.22439661634e-05], [-9.39824312809e-05, 0.0012240895303, -0.000459224975202, 0.000516953179613, -0.00114874588326, 0.000910023984034, -0.00110169337131, 0.000760115042794, -0.000846824259497, 0.00088334834436, -0.00105559406802, 0.000773358799051, -0.000566563336179], [0.000102216465166, -0.000459224975202, 0.00151210883632, -0.000977292656898, 0.000608531874605, -0.00126299238764, 0.00117668078747, -0.000893249351066, 0.00105757603887, -0.000918756762985, 0.000788130564615, -0.000859171326738, 0.000504565250594], [-0.000178394810064, 0.000516953179613, -0.000977292656898, 0.00237712892704, -0.00123720406555, 0.000889319460839, -0.00100426434074, 0.000845349568408, -0.00149805785622, 0.00130817585159, -0.000209480596823, -0.000111720852146, -0.000103036123619], [0.000213748629903, -0.00114874588326, 0.000608531874605, -0.00123720406555, 0.00478117354214, -0.0020643256139, 0.000614227319602, -0.00216310401447, 0.000793884275481, -0.00142194773071, 0.00131824193522, -0.000586676993407, 0.00047671678476], [-0.00020315873553, 0.000910023984034, -0.00126299238764, 0.000889319460839, -0.0020643256139, 0.00525064440444, -0.0034528078977, 0.00146565097384, -0.000981923309155, -0.000249895674642, 0.000309809489409, 0.000846118899062, 0.000222012808081], [0.000180724906386, -0.00110169337131, 0.00117668078747, -0.00100426434074, 0.000614227319602, -0.0034528078977, 0.00698950374499, -0.00272406823933, 0.00145199557301, -0.00121761730406, 2.41221550823e-05, -0.000611811410636, 0.000979951466434], [-0.000229324083193, 0.000760115042794, -0.000893249351066, 0.000845349568408, -0.00216310401447, 0.00146565097384, -0.00272406823933, 0.00834735482931, -0.00482426257804, 0.00247577531263, -0.00127459526993, 0.000175636116182, 0.000105520877696], [0.000272493169177, -0.000846824259497, 0.00105757603887, -0.00149805785622, 0.000793884275481, -0.000981923309155, 0.00145199557301, -0.00482426257804, 0.011135533452, -0.00538300443441, 0.00104694254696, 0.000546431168914, -0.00160876766313], [-0.000264433590928, 0.00088334834436, -0.000918756762985, 0.00130817585159, -0.00142194773071, -0.000249895674642, -0.00121761730406, 0.00247577531263, -0.00538300443441, 0.0129720857367, -0.0039008166641, -0.000417762174038, 0.000662356731482], [0.000206630036701, -0.00105559406802, 0.000788130564615, -0.000209480596823, 0.00131824193522, 0.000309809489409, 2.41221550823e-05, -0.00127459526993, 0.00104694254696, -0.0039008166641, 0.00880334619433, -0.00361520959996, 6.63271639496e-05], [-8.40180946398e-05, 0.000773358799051, -0.000859171326738, -0.000111720852146, -0.000586676993407, 0.000846118899062, -0.000611811410636, 0.000175636116182, 0.000546431168914, -0.000417762174038, -0.00361520959996, 0.0140268346295, -0.00554222008213], [4.22439661634e-05, -0.000566563336179, 0.000504565250594, -0.000103036123619, 0.00047671678476, 0.000222012808081, 0.000979951466434, 0.000105520877696, -0.00160876766313, 0.000662356731482, 6.63271639496e-05, -0.00554222008213, 0.0128396665677]], "mean": [-23.5660037994, 30.0859775543, -104.694526672, 33.1748962402, -62.7856445313, 21.9156360626, -38.5278434753, 17.6893577576, -25.1582298279, 6.89055156708, -11.6622304916, 7.17474985123, -8.45796298981]}, "hfc": {"dmean": 17.640247345, "dmean2": 26.2578544617, "dvar": 897.183044434, "dvar2": 2126.890625, "max": 350.15447998, "mean": 33.7842559814, "median": 18.5648403168, "min": 1.11885693734e-16, "var": 1869.81652832}, "melbands": {"dmean": [0.00124712777324, 0.00113672285806, 0.000346344022546, 0.000232397127547, 0.000294138153549, 0.0002448745945, 8.54632744449e-05, 6.79807344568e-05, 0.00010032542923, 8.70813164511e-05, 6.43516104901e-05, 4.86648386868e-05, 4.41791744379e-05, 4.67181307613e-05, 3.56862110493e-05, 2.72673059953e-05, 2.27418568102e-05, 2.12872637348e-05, 2.00357644644e-05, 1.84332020581e-05, 2.01630791707e-05, 1.73732660187e-05, 1.63697968674e-05, 1.67751059053e-05, 1.26567838379e-05, 1.23112076835e-05, 1.12928864837e-05, 1.04595546873e-05, 1.04530181488e-05, 9.51827314566e-06, 9.06407422008e-06, 9.57374959398e-06, 6.52173594062e-06, 6.38794563201e-06, 6.39987592876e-06, 4.27154327554e-06, 4.84999964101e-06, 4.4211169552e-06, 4.34004368799e-06, 3.6240769532e-06], "dmean2": [0.00182807084639, 0.0017655849224, 0.000583109969739, 0.000389949680539, 0.000478353933431, 0.000387363688787, 0.000136528367875, 0.000109138818516, 0.000160126888659, 0.000135658381623, 0.000102800004242, 7.72256753407e-05, 6.99231895851e-05, 7.40438626963e-05, 5.56534141651e-05, 4.36969348812e-05, 3.64140105376e-05, 3.38573117915e-05, 3.32493182214e-05, 3.02485441352e-05, 3.38163081324e-05, 2.83943481918e-05, 2.77818398899e-05, 2.78236348095e-05, 2.02844403248e-05, 2.08539368032e-05, 1.90018308786e-05, 1.76548655872e-05, 1.82344228961e-05, 1.63343574968e-05, 1.55481538968e-05, 1.61050174938e-05, 1.06667557702e-05, 1.00758043118e-05, 9.72688667389e-06, 6.56540487398e-06, 7.81086419011e-06, 6.81381970935e-06, 6.70919962431e-06, 5.50623008166e-06], "dvar": [3.97169515054e-06, 3.88629632653e-06, 3.6172457385e-07, 3.00058388802e-07, 4.35216918504e-07, 3.65922232959e-07, 5.79955674596e-08, 4.0584211547e-08, 8.39871390212e-08, 6.11070873902e-08, 2.81666441282e-08, 1.69215006451e-08, 1.69496470193e-08, 2.0949860513e-08, 1.50488990158e-08, 7.51356221684e-09, 4.24721946501e-09, 3.67891939135e-09, 2.53429277564e-09, 3.25102922361e-09, 3.20229220918e-09, 1.81119019782e-09, 1.19693199796e-09, 1.1848311221e-09, 6.62175647648e-10, 6.09878758606e-10, 4.89114804214e-10, 4.98505514646e-10, 4.57074961213e-10, 3.47647521881e-10, 4.10239231474e-10, 5.63510405005e-10, 2.09647230132e-10, 2.15587991903e-10, 1.65357283421e-10, 7.7744047311e-11, 1.60088969858e-10, 9.91796159089e-11, 1.10363149175e-10, 8.33201771466e-11], "dvar2": [9.51774109126e-06, 9.55642462941e-06, 9.32140551413e-07, 8.05095282885e-07, 1.11324584395e-06, 8.3357525682e-07, 1.47231205005e-07, 1.01797830609e-07, 2.08667799484e-07, 1.42481709986e-07, 6.44449826837e-08, 4.0665707246e-08, 4.05554132499e-08, 4.77593253834e-08, 3.5178480573e-08, 1.85763351368e-08, 9.87197878999e-09, 8.36757596545e-09, 6.50330234109e-09, 8.05992961261e-09, 8.3609270618e-09, 4.55485871242e-09, 3.15348924751e-09, 2.95917113036e-09, 1.5841705725e-09, 1.60509305847e-09, 1.29312704988e-09, 1.30974808776e-09, 1.21403276321e-09, 8.97744767414e-10, 1.08465569859e-09, 1.48038203918e-09, 5.25595844625e-10, 5.18347365031e-10, 3.71435104896e-10, 1.7346957204e-10, 4.04614675098e-10, 2.31253668992e-10, 2.32875246864e-10, 1.67333674694e-10], "max": [0.018704412505, 0.0252283997834, 0.00692983902991, 0.00861862581223, 0.0176509376615, 0.0141687309369, 0.00802296679467, 0.00469897035509, 0.00536437286064, 0.00724966218695, 0.0051055685617, 0.00449017202482, 0.00313059519976, 0.003721290268, 0.00350384530611, 0.00428787851706, 0.00190674781334, 0.00176173879299, 0.00127782206982, 0.00219604186714, 0.00132148351986, 0.00112084660213, 0.000810978992376, 0.000807578209788, 0.000642746919766, 0.000441137730377, 0.000274356920272, 0.000379142526072, 0.000267832918325, 0.000315336248605, 0.00031904008938, 0.000297110294923, 0.000235828163568, 0.000228300516028, 0.000164639190189, 0.000158215349074, 0.000239125933149, 0.000223209921387, 0.000278269202681, 0.00027296342887], "mean": [0.00143981189467, 0.00119865091983, 0.000306530157104, 0.00024613676942, 0.000365688872989, 0.000320513208862, 0.000111411573016, 9.06319764908e-05, 0.000135702721309, 0.000119677904877, 8.35239989101e-05, 6.59655052004e-05, 5.77485916438e-05, 6.354929792e-05, 4.79064001411e-05, 3.40133883583e-05, 2.79088144453e-05, 2.65197613771e-05, 2.30287150771e-05, 2.26442443818e-05, 2.31327467191e-05, 2.22999515245e-05, 2.05209889828e-05, 2.215240238e-05, 1.86857178051e-05, 1.62870783242e-05, 1.40761721923e-05, 1.19789983728e-05, 1.10142455014e-05, 1.03205302366e-05, 1.12117559183e-05, 1.21478151414e-05, 9.6276307886e-06, 9.77527815849e-06, 1.0189319255e-05, 7.19210947864e-06, 7.49223727325e-06, 6.93693345966e-06, 6.70851886753e-06, 5.44680278836e-06], "median": [0.000384818995371, 0.000275277270703, 7.13682238711e-05, 5.75317899347e-05, 8.49479984026e-05, 5.37512387382e-05, 2.80806361843e-05, 2.0698269509e-05, 2.53976249951e-05, 2.13091152546e-05, 1.95666107174e-05, 1.41553700814e-05, 1.16305800475e-05, 1.34898909891e-05, 1.02445719676e-05, 9.76110277406e-06, 7.28704299036e-06, 6.92059711582e-06, 6.2438657551e-06, 5.75594094698e-06, 6.50227002552e-06, 6.20394439466e-06, 5.4998554333e-06, 6.64467233946e-06, 5.98714132138e-06, 5.34255923412e-06, 4.85131840833e-06, 3.47814261659e-06, 2.83008921542e-06, 2.84819020635e-06, 2.31985677601e-06, 1.8630150862e-06, 1.80442748388e-06, 2.57431520367e-06, 2.84043994725e-06, 1.82282121841e-06, 1.6104554561e-06, 1.62490800903e-06, 1.5607830619e-06, 1.31495949063e-06], "min": [3.47715135322e-24, 8.48700659161e-24, 7.92368417464e-24, 8.01439607899e-24, 2.30208765686e-23, 1.09518182672e-23, 1.02922840076e-23, 1.66511355702e-23, 1.55454113274e-23, 1.36756043005e-23, 1.10265565271e-23, 1.1357561774e-23, 7.93079733342e-24, 4.05667342332e-24, 1.29834348653e-23, 1.56584834941e-23, 1.28581298325e-23, 7.48890348673e-24, 1.10663971582e-23, 9.76765127376e-24, 1.3058531268e-23, 1.42868295071e-23, 9.26535671413e-24, 1.17892469718e-23, 7.09747464986e-24, 1.74837293462e-23, 1.35663076221e-23, 1.24025831701e-23, 9.90423149544e-24, 1.04859888029e-23, 9.53615530796e-24, 1.09503817515e-23, 8.36841476515e-24, 8.22057749835e-24, 1.18329593322e-23, 9.30898308877e-24, 9.01751555037e-24, 9.75542156314e-24, 1.01280739327e-23, 1.19362133361e-23], "var": [4.97714563608e-06, 4.0046002141e-06, 3.16063619721e-07, 2.91100349159e-07, 5.73571526274e-07, 6.49675882869e-07, 7.84628184647e-08, 5.94124394127e-08, 1.29741991373e-07, 1.07607711186e-07, 4.83537583307e-08, 2.74305342884e-08, 2.74441003256e-08, 3.91182162218e-08, 2.82098859827e-08, 9.29285004503e-09, 5.4298308072e-09, 5.17365172925e-09, 2.99691249595e-09, 4.01171940112e-09, 3.62332186477e-09, 2.88932922032e-09, 1.99629157649e-09, 1.7838134303e-09, 1.22053256391e-09, 9.17597942074e-10, 5.77678072045e-10, 5.33320609897e-10, 4.4178771752e-10, 3.71890601647e-10, 4.92109131223e-10, 7.27464533057e-10, 3.88086868197e-10, 3.37011835105e-10, 3.10058118069e-10, 1.77947628854e-10, 2.53501719616e-10, 1.96505159367e-10, 2.68666727754e-10, 1.98811189733e-10]}, "melbands_crest": {"dmean": 5.00531244278, "dmean2": 8.0721244812, "dvar": 17.824098587, "dvar2": 42.9652023315, "max": 34.8248252869, "mean": 15.475903511, "median": 14.9735488892, "min": 2.0898194313, "var": 41.430557251}, "melbands_flatness_db": {"dmean": 0.0462554916739, "dmean2": 0.0673234313726, "dvar": 0.00208567781374, "dvar2": 0.00431908434257, "max": 0.520585954189, "mean": 0.159268081188, "median": 0.151586472988, "min": 0.00393067579716, "var": 0.00616063177586}, "melbands_kurtosis": {"dmean": 13.3963766098, "dmean2": 20.5257778168, "dvar": 837.488769531, "dvar2": 1754.01818848, "max": 773.361694336, "mean": 17.2069530487, "median": 5.62939548492, "min": -1.89056348801, "var": 1599.15002441}, "melbands_skewness": {"dmean": 1.28035700321, "dmean2": 1.8829022646, "dvar": 2.35278487206, "dvar2": 4.87691068649, "max": 23.197593689, "mean": 2.7859108448, "median": 2.20804357529, "min": -4.38176965714, "var": 5.91117334366}, "melbands_spread": {"dmean": 22.0083618164, "dmean2": 34.345199585, "dvar": 762.50402832, "dvar2": 1654.4699707, "max": 307.641082764, "mean": 46.2309799194, "median": 33.4528884888, "min": 0.428766876459, "var": 1638.33825684}, "mfcc": {"cov": [[15980.2890625, 101.698783875, 447.300689697, 557.422973633, 74.7649765015, 344.745239258, 66.2965393066, 114.69757843, 186.623504639, 27.9163017273, -36.1594581604, -177.134017944, -116.452690125], [101.698783875, 1388.72058105, -98.3356170654, -8.94987678528, 93.6791229248, 17.8841362, 146.322616577, 80.9897460938, 47.970993042, 111.232711792, 59.643196106, 32.6103858948, 72.6996307373], [447.300689697, -98.3356170654, 1052.23864746, 251.957992554, 189.347900391, 212.02986145, 59.0317726135, 65.2727584839, 63.4474906921, -21.8979816437, 31.0028896332, -17.8872737885, -21.6372642517], [557.422973633, -8.94987678528, 251.957992554, 576.154052734, 176.424819946, 65.4787139893, 28.7317752838, 95.7793273926, 75.6032714844, -9.41241645813, 24.4901618958, 39.7907829285, 6.92381381989], [74.7649765015, 93.6791229248, 189.347900391, 176.424819946, 340.333770752, 120.294761658, 61.542766571, 90.0317153931, 105.99155426, 47.0539207458, 38.4559249878, 37.9607124329, 11.4443416595], [344.745239258, 17.8841362, 212.02986145, 65.4787139893, 120.294761658, 409.972747803, 158.374954224, 107.216972351, 118.160446167, 62.0899925232, 60.0288734436, 2.44499468803, 12.9543218613], [66.2965393066, 146.322616577, 59.0317726135, 28.7317752838, 61.542766571, 158.374954224, 257.82144165, 124.970870972, 62.510974884, 63.9281539917, 59.3587188721, 25.7533359528, 29.0251293182], [114.69757843, 80.9897460938, 65.2727584839, 95.7793273926, 90.0317153931, 107.216972351, 124.970870972, 217.22277832, 119.330688477, 58.3724517822, 50.7073974609, 30.9584789276, 23.5758132935], [186.623504639, 47.970993042, 63.4474906921, 75.6032714844, 105.99155426, 118.160446167, 62.510974884, 119.330688477, 206.014312744, 86.9637985229, 38.6680030823, 18.1333637238, 13.7794294357], [27.9163017273, 111.232711792, -21.8979816437, -9.41241645813, 47.0539207458, 62.0899925232, 63.9281539917, 58.3724517822, 86.9637985229, 149.626159668, 72.6317443848, 19.710067749, 21.0547332764], [-36.1594581604, 59.643196106, 31.0028896332, 24.4901618958, 38.4559249878, 60.0288734436, 59.3587188721, 50.7073974609, 38.6680030823, 72.6317443848, 130.659042358, 53.6286201477, 11.6555099487], [-177.134017944, 32.6103858948, -17.8872737885, 39.7907829285, 37.9607124329, 2.44499468803, 25.7533359528, 30.9584789276, 18.1333637238, 19.710067749, 53.6286201477, 121.171760559, 50.5839881897], [-116.452690125, 72.6996307373, -21.6372642517, 6.92381381989, 11.4443416595, 12.9543218613, 29.0251293182, 23.5758132935, 13.7794294357, 21.0547332764, 11.6555099487, 50.5839881897, 119.744155884]], "icov": [[6.81550809531e-05, -1.27683379105e-05, -7.15524720363e-06, -7.59857575758e-05, 4.66832570964e-05, -5.28105556441e-05, 1.22567453218e-05, 6.84465385348e-06, -3.82091384381e-05, -1.60654690262e-05, 2.24230261665e-05, 9.03719555936e-05, 4.09302665503e-05], [-1.27683379105e-05, 0.00084075180348, 8.25305614853e-05, 4.25308899139e-05, -0.000274274963886, 0.000230937235756, -0.000447900849395, -1.71503415913e-05, 0.000135337148095, -0.000430826854426, -7.04480698914e-05, 0.000185724886251, -0.000408650754252], [-7.15524720363e-06, 8.25305614853e-05, 0.00126275571529, -0.000364014093066, -0.000466602214146, -0.00050043372903, 3.56438135896e-06, 6.11008799751e-05, 2.04994776141e-05, 0.000579802144784, -0.000473323394544, 0.000526366347913, -2.59223020294e-06], [-7.59857575758e-05, 4.25308899139e-05, -0.000364014093066, 0.00243067624979, -0.00092134292936, 0.000232718346524, 0.000207845005207, -0.000732008193154, -0.000270693242783, 0.000796278880443, -0.000192603838514, -0.000548096373677, -7.99850568001e-06], [4.66832570964e-05, -0.000274274963886, -0.000466602214146, -0.00092134292936, 0.00448481412604, -0.000608790374827, 0.000130770829855, -0.000232842066907, -0.00115717912558, -0.000530773890205, 0.000474470871268, -0.00114249635953, 0.000495190790389], [-5.28105556441e-05, 0.000230937235756, -0.00050043372903, 0.000232718346524, -0.000608790374827, 0.00417002569884, -0.00211759191006, 0.00031930586556, -0.00158075289801, 0.000388003216358, -0.00107009185012, 0.00102090649307, -0.000451395346317], [1.22567453218e-05, -0.000447900849395, 3.56438135896e-06, 0.000207845005207, 0.000130770829855, -0.00211759191006, 0.00710527645424, -0.00340768555179, 0.00159457128029, -0.00110605463851, -0.000533569895197, -0.000219873400056, -0.000406475941418], [6.84465385348e-06, -1.71503415913e-05, 6.11008799751e-05, -0.000732008193154, -0.000232842066907, 0.00031930586556, -0.00340768555179, 0.00923628360033, -0.00424108467996, 0.000845950038638, -0.00110072083771, -0.000142182572745, -0.000427842984209], [-3.82091384381e-05, 0.000135337148095, 2.04994776141e-05, -0.000270693242783, -0.00115717912558, -0.00158075289801, 0.00159457128029, -0.00424108467996, 0.0101734483615, -0.00492364121601, 0.00189236609731, -0.000581828935537, 0.000386747531593], [-1.60654690262e-05, -0.000430826854426, 0.000579802144784, 0.000796278880443, -0.000530773890205, 0.000388003216358, -0.00110605463851, 0.000845950038638, -0.00492364121601, 0.0133393900469, -0.0067093106918, 0.00233976938762, -0.00169926602393], [2.24230261665e-05, -7.04480698914e-05, -0.000473323394544, -0.000192603838514, 0.000474470871268, -0.00107009185012, -0.000533569895197, -0.00110072083771, 0.00189236609731, -0.0067093106918, 0.0144064445049, -0.00636329734698, 0.00265439297073], [9.03719555936e-05, 0.000185724886251, 0.000526366347913, -0.000548096373677, -0.00114249635953, 0.00102090649307, -0.000219873400056, -0.000142182572745, -0.000581828935537, 0.00233976938762, -0.00636329734698, 0.0137739870697, -0.00536169623956], [4.09302665503e-05, -0.000408650754252, -2.59223020294e-06, -7.99850568001e-06, 0.000495190790389, -0.000451395346317, -0.000406475941418, -0.000427842984209, 0.000386747531593, -0.00169926602393, 0.00265439297073, -0.00536169623956, 0.0110841793939]], "mean": [-668.465270996, 64.9193344116, 11.7168903351, 15.0218696594, 5.0969824791, 2.32819581032, 3.97479820251, 6.45072555542, -0.796071171761, 2.17802500725, 1.04766523838, 1.17937612534, 1.4723610878]}, "pitch_salience": {"dmean": 0.110532417893, "dmean2": 0.169681087136, "dvar": 0.0108377505094, "dvar2": 0.0238751154393, "max": 0.948523819447, "mean": 0.529592812061, "median": 0.53615963459, "min": 0.0606362521648, "var": 0.0239879768342}, "silence_rate_20dB": {"dmean": 0, "dmean2": 0, "dvar": 0, "dvar2": 0, "max": 1, "mean": 1, "median": 1, "min": 1, "var": 0}, "silence_rate_30dB": {"dmean": 0, "dmean2": 0, "dvar": 0, "dvar2": 0, "max": 1, "mean": 1, "median": 1, "min": 1, "var": 0}, "silence_rate_60dB": {"dmean": 0.0342365242541, "dmean2": 0.0684797465801, "dvar": 0.0330607369542, "dvar2": 0.0731894001365, "max": 1, "mean": 0.158157274127, "median": 0, "min": 0, "var": 0.133153870702}, "spectral_centroid": {"dmean": 497.606384277, "dmean2": 768.251464844, "dvar": 303151.25, "dvar2": 646301.125, "max": 10977.8710938, "mean": 2133.75146484, "median": 2033.49536133, "min": 259.128814697, "var": 889039.75}, "spectral_complexity": {"dmean": 5.62828922272, "dmean2": 8.49011898041, "dvar": 47.345741272, "dvar2": 101.105155945, "max": 64, "mean": 15.5969285965, "median": 13, "min": 0, "var": 146.406005859}, "spectral_contrast_coeffs": {"dmean": [0.0612712614238, 0.0579367950559, 0.0488160513341, 0.0402739569545, 0.0290059316903, 0.0260834936053], "dmean2": [0.0962357074022, 0.0918776169419, 0.0758869275451, 0.062700048089, 0.0448650605977, 0.0418492890894], "dvar": [0.00269286707044, 0.00241143675521, 0.0016891855048, 0.00123154965695, 0.000661331985611, 0.000644513231236], "dvar2": [0.00632633781061, 0.00551227806136, 0.00380514189601, 0.00278329662979, 0.00143525516614, 0.00164854165632], "max": [-0.309324085712, -0.348632603884, -0.433558374643, -0.483738064766, -0.558369994164, -0.579954624176], "mean": [-0.684549987316, -0.713780283928, -0.754368245602, -0.777560532093, -0.785952448845, -0.791106700897], "median": [-0.695440590382, -0.726182162762, -0.762277781963, -0.786388099194, -0.792170464993, -0.789911985397], "min": [-0.957942664623, -0.970534980297, -0.959716439247, -0.962641835213, -0.960368275642, -0.958055317402], "var": [0.00959791615605, 0.00993970409036, 0.00653981557116, 0.00441626086831, 0.00268958252855, 0.0020009141881]}, "spectral_contrast_valleys": {"dmean": [0.613080143929, 0.551403582096, 0.513391077518, 0.51770812273, 0.481579869986, 0.492283314466], "dmean2": [0.884637415409, 0.82437723875, 0.768564879894, 0.764200389385, 0.688819229603, 0.641819536686], "dvar": [0.316121727228, 0.278912812471, 0.229658544064, 0.254637658596, 0.269772559404, 0.267349839211], "dvar2": [0.592501044273, 0.580512166023, 0.476359546185, 0.530418634415, 0.567773580551, 0.503953874111], "max": [-5.42470645905, -4.77736520767, -5.35477256775, -5.62028217316, -5.15770244598, -7.00323677063], "mean": [-8.17014122009, -7.74580192566, -8.06569004059, -8.29939842224, -7.7234916687, -9.45183753967], "median": [-7.70099782944, -7.37797021866, -7.76682281494, -7.99791145325, -7.45190906525, -9.16620349884], "min": [-27.1519489288, -27.084148407, -27.3582611084, -27.0922603607, -27.1826210022, -27.3029918671], "var": [3.1298224926, 2.22199892998, 2.03644275665, 1.96958744526, 2.04309034348, 2.30202841759]}, "spectral_decrease": {"dmean": 2.22567764219e-09, "dmean2": 3.27528981714e-09, "dvar": 7.94920072355e-18, "dvar2": 1.78024405227e-17, "max": 3.13137103053e-12, "mean": -4.37715286239e-09, "median": -3.38357786234e-09, "min": -3.17929647053e-08, "var": 1.63381604392e-17}, "spectral_energy": {"dmean": 0.00934041850269, "dmean2": 0.013631417416, "dvar": 0.000141612981679, "dvar2": 0.000323571439367, "max": 0.133596375585, "mean": 0.0195847824216, "median": 0.0156656187028, "min": 1.05454251302e-20, "var": 0.000303932349198}, "spectral_energyband_high": {"dmean": 0.00188904814422, "dmean2": 0.00288533838466, "dvar": 1.26554105009e-05, "dvar2": 2.99134444504e-05, "max": 0.0418757759035, "mean": 0.00306104007177, "median": 0.0010101107182, "min": 7.69397523122e-21, "var": 2.43095237238e-05}, "spectral_energyband_low": {"dmean": 0.00580271705985, "dmean2": 0.0088745476678, "dvar": 8.18264525151e-05, "dvar2": 0.000188212448847, "max": 0.097703538835, "mean": 0.00706659909338, "median": 0.00231587840244, "min": 3.81563563266e-23, "var": 0.00010471992573}, "spectral_energyband_middle_high": {"dmean": 0.00207463605329, "dmean2": 0.00322851981036, "dvar": 1.03921165646e-05, "dvar2": 2.45363698923e-05, "max": 0.0565081089735, "mean": 0.00416109990329, "median": 0.00232729315758, "min": 1.72134750665e-21, "var": 2.82024120679e-05}, "spectral_energyband_middle_low": {"dmean": 0.00346535607241, "dmean2": 0.00538024073467, "dvar": 3.12577212753e-05, "dvar2": 7.54884458729e-05, "max": 0.0758430957794, "mean": 0.00570439826697, "median": 0.0029632570222, "min": 4.14835015189e-22, "var": 5.42643501831e-05}, "spectral_entropy": {"dmean": 0.224719896913, "dmean2": 0.318392664194, "dvar": 0.0532356724143, "dvar2": 0.102711454034, "max": 9.81114864349, "mean": 7.9768576622, "median": 8.05331802368, "min": 4.16849946976, "var": 0.238752916455}, "spectral_flux": {"dmean": 0.0293268468231, "dmean2": 0.0428338125348, "dvar": 0.000887605769094, "dvar2": 0.00188346998766, "max": 0.318039298058, "mean": 0.0881167277694, "median": 0.0849256142974, "min": 1.02690918269e-10, "var": 0.00266472389922}, "spectral_kurtosis": {"dmean": 1.02374279499, "dmean2": 1.56695055962, "dvar": 1.5717369318, "dvar2": 3.94501948357, "max": 36.5957756042, "mean": 2.32253837585, "median": 1.93454146385, "min": -1.53815197945, "var": 4.90473461151}, "spectral_rms": {"dmean": 0.000970757333562, "dmean2": 0.00135266419966, "dvar": 9.94363745122e-07, "dvar2": 2.08304822991e-06, "max": 0.0114165637642, "mean": 0.00385952112265, "median": 0.00390941556543, "min": 3.20752539112e-12, "var": 4.21121467298e-06}, "spectral_rolloff": {"dmean": 1671.12963867, "dmean2": 2729.7746582, "dvar": 4938184, "dvar2": 10379661, "max": 18174.0234375, "mean": 3604.26953125, "median": 2605.51757813, "min": 64.599609375, "var": 10058776}, "spectral_skewness": {"dmean": 0.206595122814, "dmean2": 0.311313539743, "dvar": 0.0446910001338, "dvar2": 0.0990524068475, "max": 4.44876289368, "mean": 1.19727504253, "median": 1.20027828217, "min": -0.688341021538, "var": 0.20139183104}, "spectral_spread": {"dmean": 1181481.875, "dmean2": 1753546.375, "dvar": 1590790979580.0, "dvar2": 3337431810050.0, "max": 40651504, "mean": 6725134.5, "median": 6417392, "min": 1424001.125, "var": 5180008431620.0}, "spectral_strongpeak": {"dmean": 0.549492418766, "dmean2": 0.934603393078, "dvar": 1.16427910328,