{"lowlevel": {"average_loudness": 0.925870597363, "barkbands": {"dmean": [4.70792692795e-05, 0.00444798497483, 0.00222721206956, 0.000466004334157, 0.00167224230245, 0.00166057108436, 0.000974247290287, 0.000855848251376, 0.00122740445659, 0.00104656012263, 0.000455461093225, 0.000498126610182, 0.000409116764786, 0.00049841060536, 0.000298943225062, 0.000186376113561, 0.000195609231014, 0.000141408614581, 0.000208585493965, 0.000147501166794, 0.000150341860717, 0.000128243511426, 0.00016562017845, 7.43024938856e-05, 4.85912751174e-05, 5.56267987122e-05, 1.10046730697e-05], "dmean2": [7.54899447202e-05, 0.00775399897248, 0.00404031248763, 0.000800574372988, 0.00258619291708, 0.00251293973997, 0.00148086086847, 0.00128441094421, 0.00180142663885, 0.00155721604824, 0.000725568563212, 0.000797739659902, 0.000650483940262, 0.000767966732383, 0.000468763581011, 0.000290872325422, 0.000326361972839, 0.00022765272297, 0.000330234121066, 0.000228357428568, 0.000232008373132, 0.000197522298549, 0.000254929618677, 0.000105915954919, 6.99657539371e-05, 8.89867151272e-05, 1.89193760889e-05], "dvar": [2.71461093604e-08, 0.000314186123433, 9.59675307968e-05, 2.27876125791e-06, 1.19354235721e-05, 1.31300739667e-05, 7.60204011385e-06, 8.21473895485e-06, 1.39403146022e-05, 1.14341410153e-05, 2.12929285226e-06, 1.88170258753e-06, 1.36201970236e-06, 2.83500594378e-06, 9.7963254575e-07, 3.07530712007e-07, 8.59924227825e-07, 1.10226686445e-07, 2.84731072497e-07, 1.85426301869e-07, 2.00011058382e-07, 9.53245873347e-08, 5.79532979827e-07, 6.90569308404e-08, 2.06391348456e-08, 9.56762633564e-08, 1.37629090347e-08], "dvar2": [6.94629633813e-08, 0.000884038512595, 0.000276444538031, 6.24153835815e-06, 2.64555474132e-05, 3.00943302136e-05, 1.7599455532e-05, 1.82037219929e-05, 2.71942462859e-05, 2.33323389693e-05, 4.74816079077e-06, 4.24009022026e-06, 3.11401572617e-06, 6.36813319943e-06, 2.14747865357e-06, 6.6436916768e-07, 2.42139094553e-06, 2.54725790683e-07, 6.66074186029e-07, 4.10947365026e-07, 4.56364517731e-07, 2.1135390682e-07, 1.43774343542e-06, 1.2984585851e-07, 4.65403608985e-08, 2.70236228062e-07, 4.04526439013e-08], "max": [0.00251555698924, 0.191606163979, 0.116310447454, 0.0290673971176, 0.09442307055, 0.0665025413036, 0.0493164807558, 0.0826467350125, 0.0803359150887, 0.0846521928906, 0.0540295615792, 0.0298885013908, 0.0306689664721, 0.0366616174579, 0.0309171583503, 0.0259847324342, 0.0393025204539, 0.00625007878989, 0.00688169756904, 0.00951342843473, 0.014907845296, 0.00757533451542, 0.0189073905349, 0.00986298918724, 0.00540123786777, 0.0123413065448, 0.00494266394526], "mean": [8.66501359269e-05, 0.00593261560425, 0.00277303368784, 0.000693452020641, 0.002937665442, 0.00319697265513, 0.00157768896315, 0.001349373837, 0.00205142004415, 0.0021762654651, 0.000708472565748, 0.000689505308401, 0.00055099761812, 0.000714706489816, 0.00041447111289, 0.000268451898592, 0.000251149089308, 0.000204371244763, 0.000259841763182, 0.000171722756932, 0.000209655263461, 0.000189167505596, 0.000209682577406, 0.000110079941805, 6.69113942422e-05, 6.00308012508e-05, 1.02843969216e-05], "median": [1.81050234005e-06, 0.00102933449671, 0.000346942484612, 0.000207433011383, 0.00110086565837, 0.000908850925043, 0.000317692349199, 0.00024088624923, 0.000370551540982, 0.000296032667393, 0.00012460743892, 0.000184199641808, 0.000149991552462, 0.000161650939845, 0.000100874953205, 7.64367432566e-05, 9.16873323149e-05, 6.86545536155e-05, 7.40750692785e-05, 4.55214831163e-05, 6.02924919804e-05, 5.27660668013e-05, 4.21417498728e-05, 2.22211092478e-05, 1.27415642055e-05, 7.85488555266e-06, 1.24772793697e-06], "min": [3.7724035307e-23, 4.19892800038e-23, 4.55816263485e-23, 1.48166774004e-23, 3.1782357057e-23, 1.72838130602e-23, 5.17383449258e-23, 4.37163489608e-23, 1.12750892063e-22, 4.68420935464e-23, 6.10517188144e-23, 6.96106829312e-23, 1.44005737833e-22, 1.43171956032e-22, 9.41151134063e-23, 1.14328260464e-22, 1.55019952631e-22, 2.01189974551e-22, 2.21970161139e-22, 4.08155243966e-22, 5.35891413515e-22, 6.02528021414e-22, 4.99282209061e-22, 9.67826762184e-22, 1.35630559374e-21, 1.42298764003e-21, 2.73491982047e-21], "var": [3.72601398624e-08, 0.000259808060946, 6.33985619061e-05, 2.42519149651e-06, 2.75541460724e-05, 3.49070651282e-05, 1.52894863277e-05, 1.55112702487e-05, 3.65760242858e-05, 4.41170814156e-05, 6.23115829512e-06, 2.81486904896e-06, 1.942936251e-06, 4.55404097011e-06, 1.66702182014e-06, 6.03830187629e-07, 6.99986401287e-07, 1.81391186516e-07, 3.32542583692e-07, 2.084673838e-07, 2.41445917482e-07, 1.6323620855e-07, 5.84484894262e-07, 1.35599123041e-07, 3.94877730514e-08, 6.52286047398e-08, 7.51382778219e-09]}, "barkbands_crest": {"dmean": 2.92770314217, "dmean2": 4.62069606781, "dvar": 8.00314998627, "dvar2": 18.159122467, "max": 26.6810741425, "mean": 12.0917568207, "median": 11.1620473862, "min": 2.33813071251, "var": 26.9336280823}, "barkbands_flatness_db": {"dmean": 0.0278715901077, "dmean2": 0.0410172492266, "dvar": 0.000964299193583, "dvar2": 0.0021269468125, "max": 0.555464506149, "mean": 0.165654271841, "median": 0.156227126718, "min": 0.0278988834471, "var": 0.00444195792079}, "barkbands_kurtosis": {"dmean": 6.24484157562, "dmean2": 10.0343379974, "dvar": 347.959106445, "dvar2": 928.555175781, "max": 509.853912354, "mean": 9.17512702942, "median": 3.21107888222, "min": -1.93939757347, "var": 482.640838623}, "barkbands_skewness": {"dmean": 0.744248092175, "dmean2": 1.12639975548, "dvar": 1.11078321934, "dvar2": 2.62457418442, "max": 21.2004451752, "mean": 1.95264565945, "median": 1.64987277985, "min": -3.72666239738, "var": 3.37808680534}, "barkbands_spread": {"dmean": 5.88051891327, "dmean2": 8.95601272583, "dvar": 70.4913101196, "dvar2": 150.879119873, "max": 149.363708496, "mean": 18.480304718, "median": 14.9599676132, "min": 0.324541687965, "var": 227.053131104}, "dissonance": {"dmean": 0.0249416045845, "dmean2": 0.0414907261729, "dvar": 0.000681794714183, "dvar2": 0.00176469353028, "max": 0.500000059605, "mean": 0.446663826704, "median": 0.457851707935, "min": 0.106705218554, "var": 0.00185281480663}, "dynamic_complexity": 3.83262181282, "erbbands": {"dmean": [0.0781917050481, 1.18789374828, 2.76971673965, 1.92773127556, 2.18519163132, 7.47314167023, 10.2276277542, 13.747256279, 13.2436008453, 14.6336011887, 18.838394165, 28.3478870392, 33.3465614319, 23.7147636414, 16.5021305084, 21.0070667267, 19.5222682953, 21.938709259, 19.2548999786, 12.7560596466, 7.92703914642, 10.453291893, 7.70551490784, 8.57322406769, 10.1157045364, 6.83576965332, 6.26674032211, 5.54813337326, 4.57180976868, 4.65052032471, 4.88316106796, 2.11756539345, 1.04001259804, 0.526234567165, 0.358629137278, 0.239925265312, 0.111382097006, 0.0201423484832, 0.00168564741034, 6.94737609592e-05], "dmean2": [0.122663214803, 2.11875486374, 5.00266122818, 3.42945623398, 3.48483943939, 11.5685424805, 15.306854248, 20.8801860809, 20.4010944366, 22.397354126, 27.8625335693, 40.3067245483, 48.1650733948, 34.5249938965, 26.4220561981, 33.2838401794, 30.5307331085, 33.8852996826, 29.959854126, 19.5318431854, 12.437335968, 17.3341464996, 12.3932352066, 13.1372289658, 15.7483997345, 10.5919818878, 9.85043239594, 8.5126953125, 7.07105636597, 7.04241895676, 7.57374238968, 3.09654927254, 1.48473477364, 0.754324734211, 0.525645673275, 0.372182518244, 0.17966388166, 0.0343475453556, 0.00284816743806, 0.000115107402962], "dvar": [0.0778231695294, 23.652545929, 149.336181641, 51.25963974, 20.3432235718, 310.5234375, 585.815979004, 1067.37365723, 1622.04296875, 2181.76220703, 4097.25439453, 8142.03515625, 13199.9042969, 4708.296875, 2295.12207031, 3229.50756836, 2865.46630859, 4778.79589844, 4556.60498047, 1442.12805176, 429.144561768, 3072.16113281, 421.24130249, 393.291290283, 710.955200195, 395.50994873, 482.663604736, 227.936767578, 130.015060425, 264.60269165, 550.929504395, 70.3964920044, 13.2601385117, 2.96012020111, 1.10137355328, 1.1531496048, 0.447389066219, 0.0370523780584, 0.000273796758847, 2.79594246422e-07], "dvar2": [0.174761980772, 68.7640762329, 428.362243652, 147.007049561, 48.6918106079, 681.960144043, 1243.72595215, 2524.9753418, 4021.57763672, 4966.98925781, 9125.99902344, 15271.5058594, 27018.6894531, 9448.41503906, 5229.82763672, 7102.93212891, 6243.86572266, 11043.1845703, 10092.5751953, 3112.2878418, 945.854614258, 8703.25195313, 1042.15673828, 826.02734375, 1562.7409668, 878.61920166, 1138.46337891, 503.546600342, 293.162475586, 614.716552734, 1378.96472168, 146.530960083, 24.8757286072, 6.84153032303, 2.51410603523, 3.16544008255, 1.26599121094, 0.108640670776, 0.000801932823379, 8.13803012534e-07], "max": [3.1576063633, 50.0172805786, 144.047119141, 101.330337524, 102.316741943, 491.395751953, 635.557067871, 716.464050293, 1091.9095459, 1532.40576172, 2266.11962891, 2492.42431641, 3092.15063477, 2374.01000977, 1255.89929199, 1206.02075195, 1661.27722168, 1751.00952148, 1782.71606445, 1257.70947266, 810.092712402, 2422.12719727, 441.270355225, 430.930847168, 362.562774658, 437.491210938, 901.701721191, 495.18637085, 286.63873291, 390.646148682, 598.374572754, 251.811218262, 123.961273193, 58.5985183716, 40.8729438782, 45.458026886, 23.7269420624, 8.20723247528, 0.697963118553, 0.0207910090685], "mean": [0.141080707312, 1.42950153351, 3.27980566025, 2.947296381, 3.80190730095, 12.4535284042, 19.2427196503, 26.0576171875, 23.9603328705, 25.4172058105, 33.3272972107, 49.4746704102, 72.6223526001, 45.0457763672, 26.7973098755, 31.0583114624, 28.8304233551, 33.9863815308, 27.4417629242, 21.0894622803, 12.5585670471, 13.625494957, 11.2660484314, 12.4556999207, 12.1874933243, 8.16317176819, 8.20934391022, 8.1994638443, 6.70585489273, 6.28631734848, 6.08179140091, 3.02637982368, 1.52390372753, 0.730070710182, 0.477360904217, 0.277307927608, 0.116261906922, 0.0193197000772, 0.00165320304222, 9.14759439183e-05], "median": [0.0269370358437, 0.228869825602, 0.477172553539, 1.03670525551, 1.5937230587, 3.9268682003, 5.91219997406, 7.37528896332, 5.99527215958, 5.05948448181, 7.01739406586, 10.1025428772, 11.3219709396, 9.04285430908, 7.6046705246, 9.65284061432, 9.60483169556, 9.01503944397, 7.08539104462, 5.75381088257, 4.23094272614, 4.86024045944, 4.11655664444, 3.88838863373, 3.38146686554, 2.40865063667, 2.26457953453, 2.33024501801, 1.93599617481, 1.40124309063, 1.19820618629, 0.692011833191, 0.245311826468, 0.135146379471, 0.0819086879492, 0.0380194634199, 0.0142833469436, 0.00256218505092, 0.000237237793044, 4.43214521511e-05], "min": [5.02009673553e-22, 1.23511644464e-20, 4.92943648832e-20, 6.55105331651e-20, 3.90272149432e-20, 1.27365134818e-19, 2.24132574434e-19, 1.2494654918e-19, 5.79643505524e-19, 6.30200991358e-19, 1.96584911286e-18, 2.06644296074e-18, 1.76570387146e-18, 1.33459212205e-18, 2.76572242544e-18, 3.14206706348e-18, 5.11375255594e-18, 7.05417558434e-18, 7.20911892078e-18, 4.2839559847e-18, 6.93369259222e-18, 9.46124883299e-18, 9.66156468039e-18, 1.11407381507e-17, 1.64277341734e-17, 1.79367481844e-17, 2.07892887986e-17, 2.16742446682e-17, 2.05165491526e-17, 1.85744481884e-17, 1.33325120024e-17, 2.03427783583e-17, 1.471506995e-17, 1.30913152347e-17, 1.12092229152e-17, 5.92591777243e-18, 2.56646019934e-18, 1.21304547906e-18, 4.22182670739e-19, 3.89502419098e-20], "var": [0.103430211544, 17.3020553589, 98.349357605, 41.1808280945, 44.3691825867, 708.506469727, 1513.03894043, 2687.6315918, 3205.91040039, 5776.98583984, 9751.86425781, 22095.1660156, 50548.0351563, 19353.0449219, 5621.30078125, 5181.63330078, 4531.29296875, 7830.44921875, 6612.88574219, 3425.23364258, 911.810852051, 2332.77685547, 558.040710449, 677.204101563, 823.705444336, 435.574615479, 494.464050293, 328.598632813, 206.749206543, 352.021179199, 529.370178223, 112.423042297, 26.8395462036, 5.1367893219, 2.08408784866, 0.939975261688, 0.298897892237, 0.0205563884228, 0.000153011787916, 1.6122756108e-07]}, "erbbands_crest": {"dmean": 3.28730607033, "dmean2": 5.12935876846, "dvar": 9.69310951233, "dvar2": 21.9139575958, "max": 33.9779663086, "mean": 11.9032878876, "median": 10.2612667084, "min": 2.34590291977, "var": 41.4199867249}, "erbbands_flatness_db": {"dmean": 0.0228635389358, "dmean2": 0.0317546539009, "dvar": 0.000567135924939, "dvar2": 0.00104429223575, "max": 0.448241770267, "mean": 0.178403988481, "median": 0.171951115131, "min": 0.0206339657307, "var": 0.00351164164022}, "erbbands_kurtosis": {"dmean": 1.93602252007, "dmean2": 2.92895174026, "dvar": 15.039434433, "dvar2": 33.4857711792, "max": 105.870223999, "mean": 2.60870981216, "median": 0.507422208786, "min": -1.81402516365, "var": 48.1877365112}, "erbbands_skewness": {"dmean": 0.476217210293, "dmean2": 0.706631183624, "dvar": 0.27538973093, "dvar2": 0.594774186611, "max": 9.10095882416, "mean": 0.871265113354, "median": 0.692027807236, "min": -3.78708124161, "var": 1.37944304943}, "erbbands_spread": {"dmean": 9.06340026855, "dmean2": 13.7085161209, "dvar": 130.386871338, "dvar2": 303.910095215, "max": 186.216400146, "mean": 34.4778862, "median": 31.4755077362, "min": 1.44518530369, "var": 395.929748535}, "gfcc": {"cov": [[13200.2441406, -409.514770508, -89.1287994385, 381.809661865, -186.505889893, 469.259918213, -152.362030029, 472.731811523, -81.0949554443, 263.771911621, -286.01083374, 55.2589607239, -248.284683228], [-409.514770508, 2630.88354492, 428.871368408, 699.140441895, 748.932128906, 125.254371643, 543.660766602, 114.185501099, 336.575195313, 2.10920500755, 192.431533813, -143.074432373, 120.055152893], [-89.1287994385, 428.871368408, 1487.60913086, 515.215454102, 472.197509766, 340.425415039, 156.329299927, 280.083709717, 149.681304932, 129.846786499, -5.18970870972, 4.6831946373, -74.4349136353], [381.809661865, 699.140441895, 515.215454102, 912.626953125, 592.736999512, 291.792877197, 319.265991211, 187.766021729, 205.722045898, 85.0290603638, 64.8904037476, -41.467716217, 10.107047081], [-186.505889893, 748.932128906, 472.197509766, 592.736999512, 800.175231934, 351.01272583, 338.954742432, 230.23348999, 200.376434326, 92.2401046753, 46.9697227478, -44.3381576538, 2.94356751442], [469.259918213, 125.254371643, 340.425415039, 291.792877197, 351.01272583, 433.183074951, 262.973144531, 195.444000244, 99.8645172119, 76.5439682007, 11.2907905579, -1.51056838036, -45.940864563], [-152.362030029, 543.660766602, 156.329299927, 319.265991211, 338.954742432, 262.973144531, 484.136047363, 211.626495361, 161.498687744, 55.3369827271, 76.3774185181, -20.6239185333, 11.5933094025], [472.731811523, 114.185501099, 280.083709717, 187.766021729, 230.23348999, 195.444000244, 211.626495361, 314.453582764, 168.759262085, 105.075195313, 21.5971260071, 4.30411529541, -35.2740745544], [-81.0949554443, 336.575195313, 149.681304932, 205.722045898, 200.376434326, 99.8645172119, 161.498687744, 168.759262085, 280.62322998, 105.556297302, 62.0932502747, -22.5171909332, -0.922223567963], [263.771911621, 2.10920500755, 129.846786499, 85.0290603638, 92.2401046753, 76.5439682007, 55.3369827271, 105.075195313, 105.556297302, 172.066085815, 56.4484062195, 11.6306705475, -19.2455005646], [-286.01083374, 192.431533813, -5.18970870972, 64.8904037476, 46.9697227478, 11.2907905579, 76.3774185181, 21.5971260071, 62.0932502747, 56.4484062195, 178.303955078, 53.3613471985, 16.0020389557], [55.2589607239, -143.074432373, 4.6831946373, -41.467716217, -44.3381576538, -1.51056838036, -20.6239185333, 4.30411529541, -22.5171909332, 11.6306705475, 53.3613471985, 123.096061707, 29.2058849335], [-248.284683228, 120.055152893, -74.4349136353, 10.107047081, 2.94356751442, -45.940864563, 11.5933094025, -35.2740745544, -0.922223567963, -19.2455005646, 16.0020389557, 29.2058849335, 120.162841797]], "icov": [[0.000140558215207, -0.00017001364904, 0.000184858596185, -0.000240651046624, 0.000314709031954, -0.000336593599059, 0.000354898074875, -0.000478204048704, 0.000318767211866, -0.000359497615136, 0.000420153839514, -0.000312298448989, 0.000248846918112], [-0.00017001364904, 0.00117165525444, -0.000512484344654, 0.000288842391456, -0.00104722566903, 0.00111366750207, -0.00126103998628, 0.00117918499745, -0.00101886596531, 0.00112512882333, -0.00141523370985, 0.00148371700197, -0.000944168656133], [0.000184858596185, -0.000512484344654, 0.00138537795283, -0.000740884279367, 0.00038741400931, -0.000991789856926, 0.00118388142437, -0.00140717276372, 0.000725812453311, -0.000860458181705, 0.00103879184462, -0.00105189171154, 0.000883590604644], [-0.000240651046624, 0.000288842391456, -0.000740884279367, 0.00282977544703, -0.00179204717278, 0.00044589312165, -0.00108112941962, 0.00132485537324, -0.00111123512033, 0.000705486047082, -0.00104684731923, 0.000920775812119, -0.000755112210754], [0.000314709031954, -0.00104722566903, 0.00038741400931, -0.00179204717278, 0.00442384323105, -0.00251368246973, 0.00103902758565, -0.00185107637662, 0.000837194384076, -0.00122700701468, 0.00130747188814, -0.000504691852257, 0.000132684785058], [-0.000336593599059, 0.00111366750207, -0.000991789856926, 0.00044589312165, -0.00251368246973, 0.00666671106592, -0.00347466464154, 0.00099043478258, -0.000482895993628, 0.000445009063696, -0.00038230168866, 1.70920466189e-05, 0.000890688737854], [0.000354898074875, -0.00126103998628, 0.00118388142437, -0.00108112941962, 0.00103902758565, -0.00347466464154, 0.00657032942399, -0.00402735546231, 0.00100968289189, -0.000105798695586, -0.000292806042125, -6.66750856908e-05, -0.000306530768285], [-0.000478204048704, 0.00117918499745, -0.00140717276372, 0.00132485537324, -0.00185107637662, 0.00099043478258, -0.00402735546231, 0.00992259476334, -0.00440680095926, -0.000321512226947, 0.000138062066981, -0.00057183887111, 0.000611335737631], [0.000318767211866, -0.00101886596531, 0.000725812453311, -0.00111123512033, 0.000837194384076, -0.000482895993628, 0.00100968289189, -0.00440680095926, 0.00834497250617, -0.00349342916161, -8.57674967847e-05, 0.00079616624862, -5.40542750969e-05], [-0.000359497615136, 0.00112512882333, -0.000860458181705, 0.000705486047082, -0.00122700701468, 0.000445009063696, -0.000105798695586, -0.000321512226947, -0.00349342916161, 0.0107379900292, -0.00432127481326, 0.00162778655067, -0.000470427185064], [0.000420153839514, -0.00141523370985, 0.00103879184462, -0.00104684731923, 0.00130747188814, -0.00038230168866, -0.000292806042125, 0.000138062066981, -8.57674967847e-05, -0.00432127481326, 0.0112470090389, -0.00686124805361, 0.00238134386018], [-0.000312298448989, 0.00148371700197, -0.00105189171154, 0.000920775812119, -0.000504691852257, 1.70920466189e-05, -6.66750856908e-05, -0.00057183887111, 0.00079616624862, 0.00162778655067, -0.00686124805361, 0.0143935922533, -0.0053171152249], [0.000248846918112, -0.000944168656133, 0.000883590604644, -0.000755112210754, 0.000132684785058, 0.000890688737854, -0.000306530768285, 0.000611335737631, -5.40542750969e-05, -0.000470427185064, 0.00238134386018, -0.0053171152249, 0.011836161837]], "mean": [-29.0863876343, 75.0908279419, -119.787689209, 12.0526599884, -68.5056610107, 4.07717132568, -36.5673446655, -3.32155060768, -24.0854663849, 0.758089601994, -16.2816810608, 4.31698656082, -11.3839883804]}, "hfc": {"dmean": 8.84883117676, "dmean2": 13.0844545364, "dvar": 352.277862549, "dvar2": 758.36126709, "max": 418.263031006, "mean": 21.0367527008, "median": 13.8644762039, "min": 1.20920186854e-16, "var": 591.069580078}, "melbands": {"dmean": [0.000992530025542, 0.00151784473564, 0.000329862465151, 0.000327931833453, 0.000359008583473, 0.000310911505949, 0.000197374101845, 0.000156235051691, 0.000163492470165, 0.000184295975487, 0.000166540863574, 0.000103593651147, 6.17693585809e-05, 5.03774499521e-05, 5.52166602574e-05, 3.84558625228e-05, 4.57414680568e-05, 3.67670945707e-05, 2.13555831579e-05, 1.47292557813e-05, 9.61957903201e-06, 1.15179300337e-05, 9.21194987313e-06, 6.83083544573e-06, 7.21665219316e-06, 8.87202440936e-06, 6.09590915701e-06, 4.22521725341e-06, 4.25135067417e-06, 3.51677431354e-06, 3.27862608174e-06, 2.74816079582e-06, 2.52422819358e-06, 2.77020694739e-06, 3.28610099132e-06, 1.84449038443e-06, 1.16419380447e-06, 7.990814197e-07, 5.23506400896e-07, 4.39134453245e-07], "dmean2": [0.00168477091938, 0.00272894930094, 0.000578459410463, 0.000513417355251, 0.000538454682101, 0.000472960004117, 0.000304633926135, 0.000238689317484, 0.000242222420638, 0.000262861605734, 0.000240309440414, 0.000149669940583, 9.912380483e-05, 8.11077770777e-05, 8.7661021098e-05, 6.10426795902e-05, 7.07769140718e-05, 5.74921650696e-05, 3.31011506205e-05, 2.25205258175e-05, 1.52357597472e-05, 1.90545106307e-05, 1.52126667672e-05, 1.10134405986e-05, 1.1185886251e-05, 1.4197839846e-05, 9.51223773882e-06, 6.64918388793e-06, 6.71969246469e-06, 5.52646815777e-06, 5.03548108099e-06, 4.32892511526e-06, 3.91662979382e-06, 4.23223127655e-06, 5.20227695233e-06, 2.8236079288e-06, 1.70836324287e-06, 1.15943373658e-06, 7.66212338021e-07, 6.44300314434e-07], "dvar": [1.42972739923e-05, 4.17549454141e-05, 1.25629185277e-06, 4.76461451626e-07, 5.87370664107e-07, 5.04228410136e-07, 3.22413285403e-07, 2.34811338373e-07, 2.83335197082e-07, 3.53263118313e-07, 3.35976665156e-07, 9.30695236434e-08, 3.6186232677e-08, 1.78968431186e-08, 2.6303471401e-08, 1.40343949795e-08, 2.33722126097e-08, 1.91980795705e-08, 5.10023623335e-09, 2.08238537525e-09, 7.67599872553e-10, 2.96744517847e-09, 1.45925938e-09, 2.83822687575e-10, 2.84798268302e-10, 5.57520307698e-10, 3.0583202637e-10, 1.50785037234e-10, 3.04556990738e-10, 9.17913661747e-11, 8.29284904635e-11, 5.35397767787e-11, 4.33612486195e-11, 1.31119934355e-10, 2.79966577699e-10, 5.79568788794e-11, 2.13911163088e-11, 8.50876140379e-12, 2.81303929803e-12, 2.4088582691e-12], "dvar2": [3.84858576581e-05, 0.000119892130897, 3.58005559065e-06, 1.07514028969e-06, 1.25140786622e-06, 1.19516062114e-06, 7.94233585566e-07, 5.2185663435e-07, 6.17836178662e-07, 6.6911684371e-07, 6.84086842284e-07, 1.84015490845e-07, 8.35048439285e-08, 4.20138697166e-08, 5.47686340724e-08, 3.31987486391e-08, 5.42741709353e-08, 4.27954205406e-08, 1.12943228103e-08, 4.26379465068e-09, 1.6095634825e-09, 8.24421508838e-09, 4.10999323464e-09, 6.47203013404e-10, 6.07756511783e-10, 1.31636490597e-09, 6.65254851206e-10, 3.43275907699e-10, 7.52866879949e-10, 2.07755326831e-10, 1.90978205472e-10, 1.23170765254e-10, 1.00062340358e-10, 3.14448939109e-10, 7.20230319828e-10, 1.33140706793e-10, 4.28107202466e-11, 1.61018524902e-11, 6.14527352616e-12, 5.88883802832e-12], "max": [0.0425676740706, 0.073926538229, 0.0155061669648, 0.0167511701584, 0.0165914669633, 0.0161214247346, 0.0146132772788, 0.0147331729531, 0.0170105360448, 0.0160897485912, 0.0151734380051, 0.0104227000847, 0.00566728739068, 0.00357084884308, 0.00532517349347, 0.00373799190857, 0.00383241917007, 0.00330904056318, 0.00181989464909, 0.00255302223377, 0.0011841035448, 0.00226611387916, 0.00154989922885, 0.00044955991325, 0.000407121144235, 0.00030443497235, 0.000421086151619, 0.000195842454559, 0.000789572077338, 0.000258179643424, 0.000343010033248, 0.000245330011239, 0.000121483913972, 0.000294449593639, 0.00041173788486, 0.000199609261472, 0.000140873802593, 8.17214822746e-05, 7.71396880737e-05, 6.07805231994e-05], "mean": [0.00148762075696, 0.00184963655192, 0.000520994712133, 0.000559984182473, 0.000679762044456, 0.000603523512837, 0.000354514893843, 0.000267156050541, 0.00028579091304, 0.000308102666168, 0.000358273537131, 0.00018518808065, 9.69853281276e-05, 7.08683801349e-05, 7.71953782532e-05, 5.37046798854e-05, 6.65860352456e-05, 4.72759675176e-05, 3.07704649458e-05, 2.25252788368e-05, 1.38088389576e-05, 1.47481723616e-05, 1.12670404633e-05, 9.70159180724e-06, 9.99481653707e-06, 1.01463419924e-05, 7.07424396751e-06, 4.8113010962e-06, 5.1338583944e-06, 4.82425957671e-06, 4.6839809329e-06, 3.89224260289e-06, 3.41844838658e-06, 3.52074403054e-06, 3.89956358049e-06, 2.40745498559e-06, 1.65376593486e-06, 1.14185172606e-06, 7.23762695998e-07, 5.82061431942e-07], "median": [0.000284887675662, 0.00031567417318, 0.000227840268053, 0.00018776768411, 0.000232047415921, 0.000171030085767, 8.28817719594e-05, 4.84308184241e-05, 5.44414106116e-05, 5.66108174098e-05, 4.78010042571e-05, 3.03075757984e-05, 1.98570414796e-05, 2.14203537325e-05, 2.29026991292e-05, 1.59314749908e-05, 1.51672811626e-05, 1.05001827251e-05, 7.73191641201e-06, 5.73161241846e-06, 4.54744349554e-06, 4.65355014967e-06, 3.99391183237e-06, 2.99515477309e-06, 2.85956002699e-06, 2.67280438493e-06, 1.8039902443e-06, 1.29909403768e-06, 1.24337998386e-06, 1.3270969248e-06, 1.26091833863e-06, 1.0548510545e-06, 8.39007725517e-07, 6.72986573136e-07, 6.92344087838e-07, 5.15893589181e-07, 3.33503749061e-07, 1.68355370533e-07, 1.11236964528e-07, 1.04237301457e-07], "min": [9.95122236185e-24, 2.3789313865e-23, 9.88314287687e-24, 5.22451375703e-24, 7.56895472481e-24, 3.14106110886e-24, 9.28663781477e-24, 6.3044386983e-24, 2.00930098526e-23, 1.24390774533e-23, 8.77874234272e-24, 5.00876069388e-24, 8.81121501302e-24, 9.71098108405e-24, 8.35761210391e-24, 1.37376434775e-23, 1.37105050847e-23, 1.40252053656e-23, 4.54591312382e-24, 7.64582448685e-24, 7.78703611091e-24, 1.14595812106e-23, 5.16947927041e-24, 1.10017697286e-23, 8.49517603515e-24, 9.73516203738e-24, 1.40894154878e-23, 1.14987560432e-23, 1.55648977695e-23, 8.35902179835e-24, 1.4915849838e-23, 1.30999038671e-23, 8.79089868927e-24, 1.03404439659e-23, 6.0099636277e-24, 1.05144367049e-23, 1.36370400463e-23, 1.01651898383e-23, 8.68589656962e-24, 1.21470166915e-23], "var": [1.37991528391e-05, 2.8851267416e-05, 1.04198454665e-06, 1.10704979761e-06, 1.51368965362e-06, 1.33176126837e-06, 6.55574240227e-07, 6.16153101873e-07, 7.36513300126e-07, 9.11983590868e-07, 1.30894079575e-06, 3.66633656768e-07, 9.80238681336e-08, 2.61876937913e-08, 3.77428044374e-08, 1.93143261384e-08, 3.73331552339e-08, 2.49056633095e-08, 8.69155414307e-09, 4.95722796146e-09, 1.63389002328e-09, 2.74362976782e-09, 1.01908093075e-09, 4.89649043534e-10, 4.94187357702e-10, 5.94759019812e-10, 3.46638551196e-10, 1.59973062575e-10, 2.76170281088e-10, 1.16806744832e-10, 1.16000389849e-10, 7.98552335368e-11, 6.61236690402e-11, 1.53529661207e-10, 2.44421621831e-10, 7.85074505405e-11, 3.55024759591e-11, 1.66313872396e-11, 5.35076366895e-12, 3.57142288833e-12]}, "melbands_crest": {"dmean": 3.25878071785, "dmean2": 5.18946075439, "dvar": 9.92259883881, "dvar2": 23.2249717712, "max": 36.86095047, "mean": 15.4309329987, "median": 14.6321439743, "min": 2.30137109756, "var": 34.6846351624}, "melbands_flatness_db": {"dmean": 0.0317109487951, "dmean2": 0.0459032729268, "dvar": 0.00133309024386, "dvar2": 0.00272362912074, "max": 0.730979919434, "mean": 0.22366258502, "median": 0.217636182904, "min": 0.00551935378462, "var": 0.00688285147771}, "melbands_kurtosis": {"dmean": 11.8568925858, "dmean2": 19.0400867462, "dvar": 853.919494629, "dvar2": 2077.67675781, "max": 974.570739746, "mean": 20.2120380402, "median": 8.8891954422, "min": -1.83244252205, "var": 1463.08911133}, "melbands_skewness": {"dmean": 0.905564069748, "dmean2": 1.39504277706, "dvar": 1.49519693851, "dvar2": 3.56514382362, "max": 21.869556427, "mean": 2.80799031258, "median": 2.36457109451, "min": -2.13910770416, "var": 4.91477012634}, "melbands_spread": {"dmean": 7.07462692261, "dmean2": 10.5432462692, "dvar": 139.014312744, "dvar2": 286.121673584, "max": 225.938812256, "mean": 20.4538516998, "median": 15.2811717987, "min": 0.372868418694, "var": 387.49432373}, "mfcc": {"cov": [[9400.65136719, -192.949493408, -345.449554443, 82.921257019, -59.7437782288, 190.707427979, 28.2048034668, 154.952590942, 143.753143311, 217.545639038, 82.5261611938, -4.89586496353, -36.2445259094], [-192.949493408, 1966.01074219, 231.630065918, 591.307312012, 337.050048828, 257.716674805, 262.246612549, 207.828811646, 229.778778076, 197.26171875, 175.780151367, 115.950752258, 27.7394886017], [-345.449554443, 231.630065918, 986.067138672, 286.78414917, 328.800598145, 170.232635498, 149.018554688, 156.911819458, 139.537139893, 143.386657715, 103.812713623, 131.172622681, 91.9275512695], [82.921257019, 591.307312012, 286.78414917, 769.382751465, 406.956939697, 299.12588501, 261.109710693, 203.975479126, 245.402938843, 189.085159302, 130.930053711, 135.128082275, 104.2449646], [-59.7437782288, 337.050048828, 328.800598145, 406.956939697, 602.082397461, 282.618011475, 216.432678223, 178.532333374, 218.430725098, 174.976486206, 115.732627869, 117.57043457, 82.6176528931], [190.707427979, 257.716674805, 170.232635498, 299.12588501, 282.618011475, 375.040100098, 254.530593872, 182.898513794, 168.354904175, 136.866729736, 108.920127869, 74.0296325684, 26.8463821411], [28.2048034668, 262.246612549, 149.018554688, 261.109710693, 216.432678223, 254.530593872, 397.651489258, 231.495986938, 176.26385498, 122.461715698, 133.52722168, 103.853050232, 54.5291557312], [154.952590942, 207.828811646, 156.911819458, 203.975479126, 178.532333374, 182.898513794, 231.495986938, 306.613220215, 188.314819336, 130.271636963, 126.864639282, 115.221908569, 63.9655761719], [143.753143311, 229.778778076, 139.537139893, 245.402938843, 218.430725098, 168.354904175, 176.26385498, 188.314819336, 316.165740967, 184.768753052, 135.059265137, 89.2187194824, 44.0829849243], [217.545639038, 197.26171875, 143.386657715, 189.085159302, 174.976486206, 136.866729736, 122.461715698, 130.271636963, 184.768753052, 254.659988403, 152.860473633, 101.963554382, 57.6310920715], [82.5261611938, 175.780151367, 103.812713623, 130.930053711, 115.732627869, 108.920127869, 133.52722168, 126.864639282, 135.059265137, 152.860473633, 218.166152954, 134.806304932, 65.029838562], [-4.89586496353, 115.950752258, 131.172622681, 135.128082275, 117.57043457, 74.0296325684, 103.853050232, 115.221908569, 89.2187194824, 101.963554382, 134.806304932, 207.754592896, 121.091621399], [-36.2445259094, 27.7394886017, 91.9275512695, 104.2449646, 82.6176528931, 26.8463821411, 54.5291557312, 63.9655761719, 44.0829849243, 57.6310920715, 65.029838562, 121.091621399, 185.670852661]], "icov": [[0.000115647220809, 2.4113965992e-05, 5.47675626876e-05, -2.50864359259e-05, 5.34905011591e-05, -9.6299147117e-05, 7.75332155172e-05, -8.78230421222e-05, 1.44966670632e-05, -0.000143932425999, 1.98324778466e-05, 2.33762093558e-05, 2.25914373004e-05], [2.4113965992e-05, 0.000697672949173, 1.44395944517e-05, -0.000511401274707, -2.84879406536e-05, 8.40747161419e-05, -7.18855953892e-05, -8.99271253729e-05, 6.70303998049e-05, -9.22951148823e-05, -0.000286994676571, 1.21808616314e-05, 0.0003383703297], [5.47675626876e-05, 1.44395944517e-05, 0.00132745632436, -0.000132609260618, -0.000511987949722, -6.74501825415e-06, 9.67464147834e-05, -0.000304601242533, 0.000198825669941, -0.000320507155266, 0.000127504768898, -0.000329819013132, -4.62087373307e-05], [-2.50864359259e-05, -0.000511401274707, -0.000132609260618, 0.00285433139652, -0.000771075836383, -0.000863007560838, -0.000320734077832, 0.000273805228062, -0.00075343681965, -0.000164075972862, 0.000641518970951, -0.00027310551377, -0.000814406666905], [5.34905011591e-05, -2.84879406536e-05, -0.000511987949722, -0.000771075836383, 0.00354857672937, -0.00154505704995, 9.91359775071e-05, 0.0002241263428, -0.000824163900688, -0.000442163960543, 0.000563639041502, -0.000354684743797, -0.000393990398152], [-9.6299147117e-05, 8.40747161419e-05, -6.74501825415e-06, -0.000863007560838, -0.00154505704995, 0.00664603710175, -0.00254812394269, -0.000735279987566, 0.000316932331771, -0.000715721922461, -0.000356418167939, 0.000486600969452, 0.00113910913933], [7.75332155172e-05, -7.18855953892e-05, 9.67464147834e-05, -0.000320734077832, 9.91359775071e-05, -0.00254812394269, 0.00614619255066, -0.00266324868426, -0.000293982768198, 0.000837037456222, -0.00119919155259, 6.72548048897e-05, -0.000219032503082], [-8.78230421222e-05, -8.99271253729e-05, -0.000304601242533, 0.000273805228062, 0.0002241263428, -0.000735279987566, -0.00266324868426, 0.00780034903437, -0.00248851091601, 0.000224699266255, -0.000119219468615, -0.00157959782518, -0.000312145013595], [1.44966670632e-05, 6.70303998049e-05, 0.000198825669941, -0.00075343681965, -0.000824163900688, 0.000316932331771, -0.000293982768198, -0.00248851091601, 0.00763365346938, -0.00324804591946, -0.000888826150913, 0.000751612882596, 0.000598815269768], [-0.000143932425999, -9.22951148823e-05, -0.000320507155266, -0.000164075972862, -0.000442163960543, -0.000715721922461, 0.000837037456222, 0.000224699266255, -0.00324804591946, 0.0096137477085, -0.00429963553324, 0.000118560237752, -0.000570790551137], [1.98324778466e-05, -0.000286994676571, 0.000127504768898, 0.000641518970951, 0.000563639041502, -0.000356418167939, -0.00119919155259, -0.000119219468615, -0.000888826150913, -0.00429963553324, 0.0117405634373, -0.00546478666365, 0.000815045204945], [2.33762093558e-05, 1.21808616314e-05, -0.000329819013132, -0.00027310551377, -0.000354684743797, 0.000486600969452, 6.72548048897e-05, -0.00157959782518, 0.000751612882596, 0.000118560237752, -0.00546478666365, 0.012413627468, -0.0054659480229], [2.25914373004e-05, 0.0003383703297, -4.62087373307e-05, -0.000814406666905, -0.000393990398152, 0.00113910913933, -0.000219032503082, -0.000312145013595, 0.000598815269768, -0.000570790551137, 0.000815045204945, -0.0054659480229, 0.00931666977704]], "mean": [-673.402282715, 112.576477051, -3.80130672455, 9.24450111389, -13.004858017, 3.04425978661, -10.4226760864, -1.72912156582, -9.91460132599, -3.62824940681, -4.036921978, -4.38002634048, -6.0821428299]}, "pitch_salience": {"dmean": 0.0751675218344, "dmean2": 0.118912883103, "dvar": 0.00590477138758, "dvar2": 0.013790326193, "max": 0.905018210411, "mean": 0.492352545261, "median": 0.496490836143, "min": 0.0550943017006, "var": 0.0183915346861}, "silence_rate_20dB": {"dmean": 0, "dmean2": 0, "dvar": 0, "dvar2": 0, "max": 1, "mean": 1, "median": 1, "min": 1, "var": 0}, "silence_rate_30dB": {"dmean": 0.0303665790707, "dmean2": 0.0607382543385, "dvar": 0.0294403973967, "dvar2": 0.0696235150099, "max": 1, "mean": 0.975926876068, "median": 1, "min": 0, "var": 0.0234939511865}, "silence_rate_60dB": {"dmean": 0.0194614548236, "dmean2": 0.0389261730015, "dvar": 0.0190850347281, "dvar2": 0.0432909652591, "max": 1, "mean": 0.0804395228624, "median": 0, "min": 0, "var": 0.0739677250385}, "spectral_centroid": {"dmean": 257.935211182, "dmean2": 379.932342529, "dvar": 125276.835938, "dvar2": 243641.046875, "max": 11227.8515625, "mean": 1164.53442383, "median": 983.32421875, "min": 114.66078949, "var": 476173.65625}, "spectral_complexity": {"dmean": 3.85169029236, "dmean2": 5.85637569427, "dvar": 36.9288825989, "dvar2": 65.4549789429, "max": 65, "mean": 15.1180171967, "median": 14, "min": 0, "var": 98.2242584229}, "spectral_contrast_coeffs": {"dmean": [0.0502202771604, 0.0478852428496, 0.0407144725323, 0.0345056094229, 0.0241199042648, 0.023815061897], "dmean2": [0.0812316760421, 0.0759362578392, 0.063364200294, 0.0538734383881, 0.0383218675852, 0.036432530731], "dvar": [0.00210659904405, 0.00181885238271, 0.00133359327447, 0.000916471763048, 0.000549884513021, 0.000629714748356], "dvar2": [0.00481270020828, 0.00430654222146, 0.00290233595297, 0.00205043004826, 0.00128541071899, 0.00141988985706], "max": [-0.186138004065, -0.24835704267, -0.382442504168, -0.473960399628, -0.469339191914, -0.540599107742], "mean": [-0.591047108173, -0.683487772942, -0.728270292282, -0.756264090538, -0.783365786076, -0.749805152416], "median": [-0.623218894005, -0.694325208664, -0.740892291069, -0.764973104, -0.791631579399, -0.748580038548], "min": [-0.964150965214, -0.965839743614, -0.960940420628, -0.966033160686, -0.963544785976, -0.961909711361], "var": [0.0205055456609, 0.0100156571716, 0.0089980494231, 0.00483356555924, 0.00278155552223, 0.00274150446057]}, "spectral_contrast_valleys": {"dmean": [0.473125070333, 0.355572581291, 0.372329026461, 0.33893212676, 0.352652549744, 0.410053879023], "dmean2": [0.738206267357, 0.569107234478, 0.57664257288, 0.516555249691, 0.512447953224, 0.504768311977], "dvar": [0.270888507366, 0.127706170082, 0.174339368939, 0.165249571204, 0.236769214272, 0.2576790452], "dvar2": [0.490508913994, 0.293146580458, 0.362612068653, 0.317335665226, 0.453175097704, 0.386029571295], "max": [-5.33682012558, -4.73718738556, -4.88365268707, -5.10571289063, -5.39215898514, -7.3878159523], "mean": [-8.40448570251, -7.16412162781, -7.65845060349, -8.13217067719, -8.09445667267, -10.4679231644], "median": [-7.63586521149, -6.96848487854, -7.50055742264, -7.93479633331, -7.95144081116, -10.2742128372], "min": [-27.1718654633, -27.0174255371, -27.4414825439, -27.0561523438, -27.2029933929, -27.2619342804], "var": [3.93119335175, 1.36645174026, 1.52691090107, 1.53167951107, 1.55669748783, 1.89746892452]}, "spectral_decrease": {"dmean": 2.91575408262e-09, "dmean2": 4.7176023088e-09, "dvar": 4.39420344392e-17, "dvar2": 1.20453802572e-16, "max": 3.7601071019e-16, "mean": -6.87732049087e-09, "median": -5.59597967964e-09, "min": -7.77245006134e-08, "var": 4.78867562101e-17}, "spectral_energy": {"dmean": 0.0116339987144, "dmean2": 0.0187091976404, "dvar": 0.000644840532914, "dvar2": 0.00175451382529, "max": 0.297160416842, "mean": 0.0278646871448, "median": 0.0226750634611, "min": 1.08984163787e-20, "var": 0.000729401421268}, "spectral_energyband_high": {"dmean": 0.00061276787892, "dmean2": 0.000896413926966, "dvar": 3.17777676173e-06, "dvar2": 6.88289765094e-06, "max": 0.0387349873781, "mean": 0.000932398368604, "median": 0.000317727448419, "min": 8.06376939368e-21, "var": 4.52962240161e-06}, "spectral_energyband_low": {"dmean": 0.00640144804493, "dmean2": 0.011137733236, "dvar": 0.000625481130555, "dvar2": 0.00175163825043, "max": 0.282234162092, "mean": 0.00922624859959, "median": 0.00225243391469, "min": 1.13243431569e-22, "var": 0.00051916053053}, "spectral_energyband_middle_high": {"dmean": 0.00260886969045, "dmean2": 0.00391335785389, "dvar": 2.56462844845e-05, "dvar2": 5.08470220666e-05, "max": 0.0762698277831, "mean": 0.00589011190459, "median": 0.00260844873264, "min": 1.44249757123e-21, "var": 7.58574460633e-05}, "spectral_energyband_middle_low": {"dmean": 0.00486811297014, "dmean2": 0.00741228694096, "dvar": 4.65338816866e-05, "dvar2": 0.000104326019937, "max": 0.115469574928, "mean": 0.0128127969801, "median": 0.00895185861737, "min": 2.96766897702e-22, "var": 0.000151717395056}, "spectral_entropy": {"dmean": 0.227414682508, "dmean2": 0.325722455978, "dvar": 0.0712627843022, "dvar2": 0.140623450279, "max": 9.81304645538, "mean": 7.39067220688, "median": 7.44343280792, "min": 4.75204563141, "var": 0.330448150635}, "spectral_flux": {"dmean": 0.0330624990165, "dmean2": 0.0524561628699, "dvar": 0.00198022997938, "dvar2": 0.00403480743989, "max": 0.508182227612, "mean": 0.0844442695379, "median": 0.06922057271, "min": 1.04395478373e-10, "var": 0.00401479378343}, "spectral_kurtosis": {"dmean": 1.86899280548, "dmean2": 3.0004503727, "dvar": 19.1164188385, "dvar2": 41.7574920654, "max": 187.920211792, "mean": 4.94528484344, "median": 3.85466146469, "min": -1.20886933804, "var": 40.0593299866}, "spectral_rms": {"dmean": 0.00091659539612, "dmean2": 0.0014025317505, "dvar": 1.92471588889e-06, "dvar2": 4.71064095109e-06, "max": 0.0170268192887, "mean": 0.0047202068381, "median": 0.00470340438187, "min": 3.26076687353e-12, "var": 4.90477395942e-06}, "spectral_rolloff": {"dmean": 550.935058594, "dmean2": 907.03338623, "dvar": 1504729.75, "dvar2": 3242634.75, "max": 21619.3359375, "mean": 1516.75427246, "median": 882.861328125, "min": 64.599609375, "var": 4700171.5}, "spectral_skewness": {"dmean": 0.253657817841, "dmean2": 0.394350767136, "dvar": 0.109878264368, "dvar2": 0.237829193473, "max": 11.3276844025, "mean": 1.65457606316, "median": 1.57579302788, "min": -0.0439451262355, "var": 0.379093080759}, "spectral_spread": {"dmean": 757229.25, "dmean2": 1118814.625, "dvar": 1309615718400.0, "dvar2": 2732825247740.0, "max": 41587896, "mean": 4953122, "median": 4568208, "min": 515617.84375, "var": 3776562855940.0}, "spectral_strongpeak": {"dmean": 0.611