{"lowlevel": {"average_loudness": 0.918342769146, "barkbands": {"dmean": [1.19195883599e-05, 0.00184866983909, 0.0014045489952, 0.000534387887456, 0.000608223839663, 0.00040779565461, 0.000227672906476, 0.000425086152973, 0.000538304448128, 0.000169322403963, 0.000198339403141, 0.000145674086525, 0.000200389840757, 0.000248424097663, 0.00019213934138, 0.00025478945463, 0.000355771946488, 0.000318643578794, 0.00026199608692, 0.000177131063538, 9.82265846687e-05, 6.62644670228e-05, 2.28275075642e-05, 1.65527344507e-05, 6.97463201504e-06, 3.07945674649e-06, 1.69881457168e-06], "dmean2": [1.9922374122e-05, 0.00287403725088, 0.0021081850864, 0.000912107760087, 0.0010331197409, 0.00062240101397, 0.000355132098775, 0.000652381510008, 0.000847712275572, 0.000250635726843, 0.000299982988508, 0.000219963767449, 0.000296082085697, 0.000361303798854, 0.000291486125207, 0.000376297452021, 0.000530328601599, 0.00047638345859, 0.000385876221117, 0.000269059994025, 0.000151871747221, 9.7349016869e-05, 3.42248386005e-05, 2.5498913601e-05, 1.09647298814e-05, 4.61671561425e-06, 2.49975437328e-06], "dvar": [7.20045523206e-10, 9.85277529253e-06, 6.95080052537e-06, 1.58013062901e-06, 1.83482086413e-06, 9.31104693791e-07, 3.94606075815e-07, 1.96232781491e-06, 2.89742274617e-06, 2.49300512678e-07, 3.48283265339e-07, 1.57948619517e-07, 3.80126664368e-07, 6.0970199911e-07, 3.02496005133e-07, 5.1231472753e-07, 6.11135078543e-07, 5.86882435982e-07, 2.85633831254e-07, 1.92056901938e-07, 6.40718482714e-08, 2.54166376834e-08, 2.11130024574e-09, 1.56705193266e-09, 3.34271110791e-10, 1.09354712785e-10, 1.6389748933e-11], "dvar2": [1.52376344875e-09, 2.31667017943e-05, 1.46259062603e-05, 4.27836857853e-06, 5.03228511661e-06, 1.62852609265e-06, 8.67594849296e-07, 4.33403465649e-06, 6.343487712e-06, 4.22848358994e-07, 6.88688544415e-07, 3.56561997705e-07, 7.82824884027e-07, 1.20422942018e-06, 6.55570715935e-07, 1.09281120331e-06, 1.21631364891e-06, 1.26317615923e-06, 5.78376557314e-07, 4.01450193976e-07, 1.56533033646e-07, 5.43264562225e-08, 4.87131579519e-09, 3.83734866105e-09, 8.57042548041e-10, 2.90801410729e-10, 3.74820417759e-11], "max": [0.00171332526952, 0.0407126657665, 0.037869758904, 0.0218668654561, 0.0202200338244, 0.0446473136544, 0.0192689448595, 0.0321760252118, 0.0348611548543, 0.020851098001, 0.0139023642987, 0.00980596616864, 0.0137418918312, 0.0197226870805, 0.013652196154, 0.0220502335578, 0.0199200902134, 0.0168979503214, 0.013768626377, 0.0137280989438, 0.00536571256816, 0.00538555486128, 0.000885421410203, 0.00111736881081, 0.00061541312607, 0.000482519128127, 6.02853215241e-05], "mean": [1.43904971992e-05, 0.0034883946646, 0.00292743160389, 0.000584477325901, 0.000792847771663, 0.000815371982753, 0.000397574272938, 0.000587470829487, 0.000974241178483, 0.00029782083584, 0.00030446035089, 0.000198562949663, 0.000295493431622, 0.000395548908273, 0.000292335636914, 0.000394447648432, 0.000624613312539, 0.00054132391233, 0.000446719321189, 0.000281960208667, 0.000162882133736, 0.000127525621792, 4.5419576054e-05, 3.13552518492e-05, 1.33471803565e-05, 6.49533922115e-06, 2.9122363685e-06], "median": [7.16279828339e-06, 0.000846872513648, 0.000535953440703, 0.000156359572429, 0.000427443534136, 0.000349852605723, 0.000149333005538, 0.000133399327751, 0.000188974314369, 0.000103948696051, 7.3175484431e-05, 5.14783314429e-05, 4.45920159109e-05, 3.73536386178e-05, 5.06250216858e-05, 6.53897295706e-05, 0.000128627842059, 0.000113423768198, 0.000116507246275, 5.93172881054e-05, 4.9489124649e-05, 3.33761709044e-05, 1.97830759134e-05, 1.38408604471e-05, 7.63346361055e-06, 3.54877965947e-06, 1.44439559335e-06], "min": [1.87208052406e-24, 6.04456843125e-23, 2.41219370657e-23, 1.44728429085e-23, 4.8674573253e-23, 2.94227005401e-23, 7.89348863023e-23, 2.67088675649e-23, 6.21568372119e-23, 8.90746393207e-23, 6.27537019946e-23, 9.95740056268e-23, 5.41011032438e-23, 1.3654688758e-22, 2.09366789202e-22, 2.52461187604e-22, 3.50284458446e-22, 1.69794042587e-22, 3.63641400806e-22, 2.33420836898e-22, 4.26614109521e-22, 4.34071760705e-22, 4.75362381315e-22, 1.10853117393e-21, 1.35629418366e-21, 1.88017951285e-21, 2.24128565355e-21], "var": [1.06643172071e-09, 2.76369355561e-05, 2.46809941018e-05, 1.70090947904e-06, 1.6122537545e-06, 4.55614872408e-06, 9.4628842362e-07, 2.95191784971e-06, 9.71037206909e-06, 9.57221118369e-07, 7.31554280264e-07, 2.44766056312e-07, 8.37966751988e-07, 1.84729265129e-06, 6.84018971242e-07, 1.15036107218e-06, 1.74496801719e-06, 1.56134842655e-06, 6.94579853189e-07, 5.66037897443e-07, 1.05765174396e-07, 7.12811782932e-08, 5.02231500832e-09, 3.29248694975e-09, 3.96773058853e-10, 1.1559914137e-10, 2.06168450367e-11]}, "barkbands_crest": {"dmean": 2.55824232101, "dmean2": 4.11877250671, "dvar": 5.75719213486, "dvar2": 14.2130231857, "max": 25.8834228516, "mean": 9.71265029907, "median": 9.19906616211, "min": 2.32426381111, "var": 15.0290021896}, "barkbands_flatness_db": {"dmean": 0.0209476053715, "dmean2": 0.0311758369207, "dvar": 0.000406522391131, "dvar2": 0.000860004045535, "max": 0.398200124502, "mean": 0.124113202095, "median": 0.114281699061, "min": 0.0266431216151, "var": 0.00283210119233}, "barkbands_kurtosis": {"dmean": 3.51168179512, "dmean2": 5.2250289917, "dvar": 48.4510803223, "dvar2": 96.733215332, "max": 254.107757568, "mean": 6.00669431686, "median": 1.04123687744, "min": -1.90056240559, "var": 213.808776855}, "barkbands_skewness": {"dmean": 0.630211114883, "dmean2": 0.9101369977, "dvar": 0.453260034323, "dvar2": 0.895425200462, "max": 12.8334636688, "mean": 1.62103223801, "median": 1.31782507896, "min": -2.73117256165, "var": 2.91500854492}, "barkbands_spread": {"dmean": 6.01535892487, "dmean2": 9.26027297974, "dvar": 41.5079345703, "dvar2": 90.543182373, "max": 132.725204468, "mean": 25.3300609589, "median": 23.6370258331, "min": 0.502641320229, "var": 255.82749939}, "dissonance": {"dmean": 0.0156641770154, "dmean2": 0.0261744968593, "dvar": 0.000267478753813, "dvar2": 0.000719696690794, "max": 0.499999970198, "mean": 0.470272690058, "median": 0.476402848959, "min": 0.300143152475, "var": 0.000562245433684}, "dynamic_complexity": 3.97718834877, "erbbands": {"dmean": [0.0232291612774, 0.517415225506, 1.77130699158, 1.31032538414, 2.22835445404, 1.84005105495, 3.01025462151, 3.29337406158, 2.84962487221, 4.28804826736, 12.4918622971, 13.9882154465, 4.94521856308, 6.39874887466, 6.80273914337, 6.8767209053, 8.33130931854, 9.73377418518, 12.7427949905, 11.0326690674, 13.2344942093, 15.6313505173, 17.2094249725, 12.0849914551, 12.8264217377, 7.04385948181, 4.10669660568, 3.97218155861, 2.4359331131, 0.921663761139, 0.606258869171, 0.420954316854, 0.237228304148, 0.0945100262761, 0.0428669899702, 0.0164382234216, 0.00545710325241, 0.00145766499918, 0.000295710051432, 2.12081795326e-05], "dmean2": [0.0363871231675, 0.796935498714, 2.58581662178, 2.15370821953, 3.85427522659, 3.1296236515, 4.73415088654, 4.98992395401, 4.1358795166, 6.78205919266, 18.7514438629, 21.1977519989, 7.49608755112, 9.44127655029, 10.272521019, 10.1242141724, 12.120221138, 13.9386930466, 18.568605423, 16.1572132111, 19.2378730774, 22.6075611115, 25.240228653, 17.9365139008, 18.5126419067, 10.642250061, 6.49474096298, 5.89310216904, 3.55975174904, 1.40374481678, 0.892843842506, 0.641776502132, 0.371932774782, 0.149859651923, 0.0674032866955, 0.0254440214485, 0.00817260611802, 0.00208958121948, 0.000429031962994, 3.24207103404e-05], "dvar": [0.00180601503234, 0.77244079113, 10.7376937866, 7.44947195053, 30.2443847656, 17.1799621582, 29.1574516296, 112.685005188, 66.0725860596, 150.050186157, 1673.93835449, 1806.20800781, 232.948226929, 268.533569336, 376.695526123, 327.197509766, 732.638000488, 736.61340332, 1556.7590332, 1071.34912109, 1288.01696777, 1091.44921875, 1508.37011719, 657.702026367, 703.975036621, 301.604370117, 145.762664795, 100.440063477, 30.4933586121, 4.5083861351, 1.34173977375, 0.925817489624, 0.393765509129, 0.0520842857659, 0.0131249399856, 0.00432834913954, 0.0002633225522, 1.19391379485e-05, 4.8770630201e-07, 2.17764295485e-09], "dvar2": [0.00404285825789, 1.77059996128, 20.6845531464, 19.8534107208, 83.0363845825, 47.3350715637, 66.4110946655, 180.896057129, 107.709815979, 332.549041748, 3728.43164063, 3726.44946289, 450.88494873, 490.79019165, 776.242492676, 721.58605957, 1430.18603516, 1404.87963867, 3032.359375, 2458.13256836, 2693.14282227, 2076.26538086, 3101.09057617, 1432.21972656, 1356.37243652, 651.468017578, 374.535430908, 218.702941895, 64.6748962402, 11.1092805862, 2.90338206291, 2.13176107407, 0.976906120777, 0.132657274604, 0.0337856076658, 0.0119489822537, 0.000671733636409, 2.64346490439e-05, 1.09432664885e-06, 5.33332356056e-09], "max": [0.777839303017, 11.6826620102, 44.7815132141, 47.9342765808, 108.382255554, 54.7613677979, 144.025939941, 573.370422363, 394.73928833, 368.478271484, 914.58026123, 1055.79321289, 856.113220215, 792.200012207, 444.039001465, 405.98815918, 744.358032227, 994.003112793, 1044.33740234, 879.168579102, 1432.79467773, 1070.76806641, 883.278991699, 614.008789063, 681.70111084, 680.123840332, 203.364547729, 320.908813477, 179.298294067, 45.0906562805, 29.9118118286, 33.746635437, 16.6712684631, 5.74648284912, 4.05845880508, 3.34030675888, 0.665841817856, 0.0698756277561, 0.0109476242214, 0.000796850712504], "mean": [0.0355855934322, 1.01181924343, 3.92028188705, 1.97244787216, 2.33938479424, 2.3277490139, 5.21332788467, 6.31169176102, 5.95294427872, 6.43061304092, 18.1728782654, 26.6104869843, 9.38766860962, 11.3072223663, 10.7994260788, 10.2077188492, 13.5864963531, 15.9443225861, 22.0025463104, 17.8519821167, 24.6495113373, 30.3214130402, 31.8187065125, 21.5206699371, 23.1912498474, 11.7663936615, 6.22773838043, 7.48942518234, 4.89038562775, 1.71329498291, 1.24918377399, 0.809194624424, 0.439910888672, 0.174027219415, 0.0843642726541, 0.032804813236, 0.0111096203327, 0.00276248645969, 0.000490901700687, 4.83937692479e-05], "median": [0.0118466801941, 0.2371019274, 0.733646869659, 0.894752502441, 0.828968763351, 1.14719760418, 3.09321403503, 1.91123592854, 2.21628284454, 2.6481256485, 4.23552799225, 5.09517240524, 3.53927278519, 3.86952829361, 3.32219648361, 2.78333187103, 2.3343667984, 2.28519272804, 2.46351194382, 3.606518507, 4.42968082428, 7.39391803741, 7.21800374985, 5.84565162659, 5.62003040314, 2.82526397705, 2.02762699127, 1.83658409119, 1.25044584274, 0.666421771049, 0.566305756569, 0.348102331161, 0.201932772994, 0.0987637490034, 0.0479287095368, 0.018024135381, 0.00575410015881, 0.00125288940035, 0.000232426566072, 3.36135490215e-05], "min": [1.33901810459e-21, 1.5239332602e-20, 3.10932280874e-20, 3.47626852952e-20, 5.81667590634e-20, 2.67293359532e-19, 1.73594540269e-19, 2.33931433519e-19, 4.91418024052e-19, 1.49656080683e-18, 7.26417451139e-19, 1.41606000321e-18, 1.82885745687e-18, 3.86009374958e-18, 2.40499971365e-18, 4.31397478272e-18, 2.18573336521e-18, 6.03737705125e-18, 1.16101449504e-17, 1.45376082758e-17, 1.28367719079e-17, 1.76956018747e-17, 1.23316234612e-17, 1.36214412273e-17, 1.67124331966e-17, 1.17530147586e-17, 1.7278327306e-17, 1.70070468067e-17, 1.5968958299e-17, 1.35653740982e-17, 1.50903452503e-17, 2.27252322303e-17, 1.68412781576e-17, 1.56333810506e-17, 9.501780683e-18, 7.50727617257e-18, 3.47358078706e-18, 1.12901282101e-18, 3.09263107946e-19, 3.36508414608e-20], "var": [0.00349705060944, 2.40838313103, 45.500579834, 9.97712802887, 26.0310630798, 15.2222251892, 48.8329467773, 489.811035156, 286.892425537, 279.083374023, 2636.16430664, 7675.76318359, 1047.74365234, 989.157775879, 778.51763916, 543.456420898, 1864.03479004, 2046.62231445, 4798.30908203, 1901.82897949, 3858.90161133, 3458.2109375, 4666.78222656, 1545.01159668, 2039.95007324, 953.561584473, 168.533401489, 281.762817383, 96.0715179443, 7.73811483383, 3.88207936287, 2.29317522049, 0.652667582035, 0.0665542930365, 0.0156662408262, 0.00381227117032, 0.000317946600262, 1.88556423382e-05, 6.35407388927e-07, 2.61496624354e-09]}, "erbbands_crest": {"dmean": 2.39958000183, "dmean2": 3.8431828022, "dvar": 5.63623189926, "dvar2": 13.6893672943, "max": 32.9682998657, "mean": 8.39345932007, "median": 7.46610021591, "min": 2.40738630295, "var": 16.5616836548}, "erbbands_flatness_db": {"dmean": 0.0164254512638, "dmean2": 0.0232845116407, "dvar": 0.000312676595058, "dvar2": 0.000526518037077, "max": 0.316079825163, "mean": 0.145214274526, "median": 0.131505444646, "min": 0.0349475033581, "var": 0.0026318973396}, "erbbands_kurtosis": {"dmean": 0.757861375809, "dmean2": 1.17887806892, "dvar": 1.29502761364, "dvar2": 2.76703429222, "max": 46.4146614075, "mean": 0.122813902795, "median": -0.478127360344, "min": -1.8499468565, "var": 4.21555423737}, "erbbands_skewness": {"dmean": 0.350438535213, "dmean2": 0.516465485096, "dvar": 0.114529035985, "dvar2": 0.235905364156, "max": 6.41169118881, "mean": -0.0014371649595, "median": 0.0136193688959, "min": -3.54256343842, "var": 0.712436974049}, "erbbands_spread": {"dmean": 8.11904335022, "dmean2": 12.2188634872, "dvar": 69.9812774658, "dvar2": 148.95274353, "max": 133.450302124, "mean": 42.3958129883, "median": 41.3497390747, "min": 3.4041390419, "var": 294.236053467}, "gfcc": {"cov": [[13810.3789063, 1058.66833496, -1707.2052002, 839.214233398, -82.6648406982, 334.396942139, -39.0969848633, 221.874710083, 36.594871521, 122.953102112, -115.506752014, -119.6095047, -138.502426147], [1058.66833496, 757.883361816, 315.666717529, 35.7737960815, 98.3884658813, 74.3421630859, 102.18939209, 44.2309036255, -20.125459671, -25.6549015045, 26.2863769531, -20.003490448, -48.2525901794], [-1707.2052002, 315.666717529, 1393.10546875, 78.0774765015, 72.1381530762, 200.789337158, 93.4362258911, 56.3216514587, -118.138381958, 5.24389028549, 4.44207000732, 17.6812057495, 1.41329181194], [839.214233398, 35.7737960815, 78.0774765015, 416.718383789, 115.336280823, 47.6067390442, -12.3191184998, 42.9784927368, 36.4082756042, 24.31549263, -17.1886501312, -3.83006262779, 9.10889339447], [-82.6648406982, 98.3884658813, 72.1381530762, 115.336280823, 215.414489746, 67.914100647, 34.3559532166, 6.85890102386, 27.3904647827, 17.8502082825, -10.3536529541, -15.5224637985, -6.22653579712], [334.396942139, 74.3421630859, 200.789337158, 47.6067390442, 67.914100647, 300.932525635, 113.608421326, 44.3770675659, -32.3311691284, 56.6448402405, -0.194981485605, -28.8628120422, -24.2902126312], [-39.0969848633, 102.18939209, 93.4362258911, -12.3191184998, 34.3559532166, 113.608421326, 164.773666382, 49.5594596863, -8.02411174774, 9.38044071198, 10.3963632584, -15.1026582718, -20.9586582184], [221.874710083, 44.2309036255, 56.3216514587, 42.9784927368, 6.85890102386, 44.3770675659, 49.5594596863, 107.6980896, 27.884552002, 6.09385681152, -1.37189638615, -6.77636241913, -4.37866353989], [36.594871521, -20.125459671, -118.138381958, 36.4082756042, 27.3904647827, -32.3311691284, -8.02411174774, 27.884552002, 111.733375549, 23.4063587189, -5.93696880341, -5.64030313492, 7.25916099548], [122.953102112, -25.6549015045, 5.24389028549, 24.31549263, 17.8502082825, 56.6448402405, 9.38044071198, 6.09385681152, 23.4063587189, 91.6793212891, 18.3542976379, -10.1215553284, -2.4885737896], [-115.506752014, 26.2863769531, 4.44207000732, -17.1886501312, -10.3536529541, -0.194981485605, 10.3963632584, -1.37189638615, -5.93696880341, 18.3542976379, 70.6251068115, 27.4740829468, -1.34712958336], [-119.6095047, -20.003490448, 17.6812057495, -3.83006262779, -15.5224637985, -28.8628120422, -15.1026582718, -6.77636241913, -5.64030313492, -10.1215553284, 27.4740829468, 87.1779632568, 41.563117981], [-138.502426147, -48.2525901794, 1.41329181194, 9.10889339447, -6.22653579712, -24.2902126312, -20.9586582184, -4.37866353989, 7.25916099548, -2.4885737896, -1.34712958336, 41.563117981, 70.0278396606]], "icov": [[0.000303641281789, -0.00078737619333, 0.000689132022671, -0.00072673469549, 0.0007425044314, -0.000585606554523, 0.000548185606021, -0.000578495732043, 0.000713127490599, -0.000699873373378, 0.00100857485086, -0.000452224019682, 0.000318430014886], [-0.00078737619333, 0.00380593608133, -0.0021317503415, 0.00187665084377, -0.00261044432409, 0.00165436824318, -0.00205903523602, 0.00125598150771, -0.00196041283198, 0.00273871049285, -0.003597243689, 0.00143316679168, 4.88487930852e-05], [0.000689132022671, -0.0021317503415, 0.00254199979827, -0.00173390330747, 0.00153487233911, -0.00168732309248, 0.00131140765734, -0.00183435389772, 0.00275578768924, -0.00183795741759, 0.00258682039566, -0.00138612510636, 0.000418805197114], [-0.00072673469549, 0.00187665084377, -0.00173390330747, 0.00490405876189, -0.00342894927599, 0.00111116690096, -0.000102803685877, -9.88017418422e-05, -0.00192927720491, 0.00122978445143, -0.001886838465, 0.000811172183603, -0.000977609073743], [0.0007425044314, -0.00261044432409, 0.00153487233911, -0.00342894927599, 0.00849598832428, -0.00259551033378, 0.000341013714205, 0.000725962512661, -0.000540478504263, -0.00159731647, 0.00313828024082, -0.000770999467932, 0.000604686501902], [-0.000585606554523, 0.00165436824318, -0.00168732309248, 0.00111116690096, -0.00259551033378, 0.00759165873751, -0.00440395670012, -0.00013706147729, 0.00152233766858, -0.00283164693974, -0.000509464240167, 0.00118755805306, -2.59751850535e-05], [0.000548185606021, -0.00205903523602, 0.00131140765734, -0.000102803685877, 0.000341013714205, -0.00440395670012, 0.0112797515467, -0.00465263053775, 0.0013686955208, 7.71867344156e-05, 0.000101391546195, -0.000357005017577, 0.00131479231641], [-0.000578495732043, 0.00125598150771, -0.00183435389772, -9.88017418422e-05, 0.000725962512661, -0.00013706147729, -0.00465263053775, 0.0145976170897, -0.00628031231463, 0.00280710100196, -0.00195078796241, 0.00111399195157, -0.000639511097688], [0.000713127490599, -0.00196041283198, 0.00275578768924, -0.00192927720491, -0.000540478504263, 0.00152233766858, 0.0013686955208, -0.00628031231463, 0.0157655272633, -0.00667318142951, 0.00419593742117, -0.000753398286179, -0.000591652933508], [-0.000699873373378, 0.00273871049285, -0.00183795741759, 0.00122978445143, -0.00159731647, -0.00283164693974, 7.71867344156e-05, 0.00280710100196, -0.00667318142951, 0.0182474963367, -0.00912128388882, 0.00470111100003, -0.00217106658965], [0.00100857485086, -0.003597243689, 0.00258682039566, -0.001886838465, 0.00313828024082, -0.000509464240167, 0.000101391546195, -0.00195078796241, 0.00419593742117, -0.00912128388882, 0.0240454375744, -0.0109949335456, 0.00594922946766], [-0.000452224019682, 0.00143316679168, -0.00138612510636, 0.000811172183603, -0.000770999467932, 0.00118755805306, -0.000357005017577, 0.00111399195157, -0.000753398286179, 0.00470111100003, -0.0109949335456, 0.0217135101557, -0.0125320712104], [0.000318430014886, 4.88487930852e-05, 0.000418805197114, -0.000977609073743, 0.000604686501902, -2.59751850535e-05, 0.00131479231641, -0.000639511097688, -0.000591652933508, -0.00217106658965, 0.00594922946766, -0.0125320712104, 0.0229971688241]], "mean": [-47.9281082153, 72.8484191895, -114.64982605, 34.9619178772, -50.0792236328, -0.431932270527, -26.7337169647, 11.4171075821, -17.7659549713, -4.02858495712, -14.9016857147, 0.88593429327, -11.7193431854]}, "hfc": {"dmean": 4.91003274918, "dmean2": 6.5937538147, "dvar": 66.1215896606, "dvar2": 128.061889648, "max": 162.191741943, "mean": 13.6339559555, "median": 5.99550819397, "min": 1.18015274126e-16, "var": 314.173980713}, "melbands": {"dmean": [0.000363402126823, 0.000839000742417, 0.00025684380671, 0.000149656596477, 9.16897479328e-05, 7.24509300198e-05, 4.56251400465e-05, 4.90561396873e-05, 0.000112698377052, 8.07344476925e-05, 2.29919442063e-05, 2.57189731201e-05, 2.72178604064e-05, 1.6538950149e-05, 1.90347400348e-05, 1.90521750483e-05, 1.96249857254e-05, 2.3201426302e-05, 1.37864208227e-05, 1.76403682417e-05, 1.83962056326e-05, 1.62650121638e-05, 2.47182506428e-05, 1.2158946447e-05, 1.04131149783e-05, 1.02686171886e-05, 9.36900869419e-06, 3.90679952034e-06, 2.63765355157e-06, 2.45895375883e-06, 2.56803400589e-06, 1.77023514425e-06, 6.51268749152e-07, 5.04381148403e-07, 3.91451038695e-07, 3.012630998e-07, 2.64278014583e-07, 1.98101787419e-07, 1.11520463975e-07, 7.30159044338e-08], "dmean2": [0.000568097515497, 0.00123032636475, 0.000422222656198, 0.000257557461737, 0.000144102465129, 0.000109544729639, 6.76054623909e-05, 7.71847626311e-05, 0.000169556762557, 0.000123657111544, 3.54252151737e-05, 3.80104829674e-05, 4.13070629293e-05, 2.48528140219e-05, 2.8164797186e-05, 2.77634862869e-05, 2.81172688119e-05, 3.4002972825e-05, 2.084915468e-05, 2.56902658293e-05, 2.76374757959e-05, 2.41362195084e-05, 3.63818435289e-05, 1.8852584617e-05, 1.57591530296e-05, 1.52011007231e-05, 1.37076522151e-05, 6.08675873082e-06, 4.2336473598e-06, 3.88966145692e-06, 3.77465357815e-06, 2.62305297838e-06, 9.93825210571e-07, 7.92767025359e-07, 5.9090433524e-07, 4.58489097355e-07, 4.11572472103e-07, 3.13415256414e-07, 1.78730999778e-07, 1.16660466176e-07], "dvar": [3.83757111422e-07, 2.18166655941e-06, 3.03897451204e-07, 1.32905142891e-07, 2.46183855523e-08, 4.45198118371e-08, 1.5791158603e-08, 1.87983424382e-08, 1.34826350973e-07, 6.01095919706e-08, 5.64951552207e-09, 4.54916060377e-09, 6.88783119429e-09, 1.74620229387e-09, 3.38399841482e-09, 3.77510334104e-09, 3.4557645634e-09, 6.42174402543e-09, 1.67155367325e-09, 2.83334888884e-09, 2.72125300071e-09, 1.43124001539e-09, 3.96889499044e-09, 8.68772054297e-10, 5.41958533606e-10, 5.47711431764e-10, 5.44554068505e-10, 1.19269122356e-10, 7.09293110357e-11, 4.05656862268e-11, 4.84629489317e-11, 1.72115637714e-11, 1.96872921611e-12, 1.41217896751e-12, 6.03123996058e-13, 3.67535158124e-13, 4.20128639994e-13, 3.02426242686e-13, 7.40461362472e-14, 3.2258473914e-14], "dvar2": [9.15761063425e-07, 4.262881248e-06, 8.03991326848e-07, 3.68901993397e-07, 5.44951070935e-08, 7.10484400201e-08, 2.82986363231e-08, 3.98081212438e-08, 3.00249524798e-07, 1.23601992641e-07, 1.08884581351e-08, 8.24457035975e-09, 1.37772753206e-08, 3.71619801598e-09, 7.37016048191e-09, 7.91404275446e-09, 6.74321221084e-09, 1.25551853358e-08, 3.90963350583e-09, 5.94260995967e-09, 6.22118090376e-09, 2.96183877424e-09, 7.63733787323e-09, 2.09394324102e-09, 1.20224508127e-09, 1.0992403654e-09, 1.06054454108e-09, 2.77479539346e-10, 1.85590876001e-10, 1.03875533175e-10, 1.01392061413e-10, 3.59689951435e-11, 4.53120136898e-12, 3.59238593733e-12, 1.27801567072e-12, 8.13235709243e-13, 9.83311305644e-13, 7.43124203666e-13, 1.90325091299e-13, 8.21785876653e-14], "max": [0.00876500550658, 0.0193817373365, 0.0102222189307, 0.00542968790978, 0.00421215873212, 0.0110772307962, 0.00502146035433, 0.00365312676877, 0.00731550296769, 0.00647033611313, 0.00419783592224, 0.00342385633849, 0.00207462930121, 0.00145259918645, 0.00143598183058, 0.00173390342388, 0.00226460257545, 0.00228987215087, 0.00118024868425, 0.0014681040775, 0.00152990757488, 0.00112657470163, 0.00132884946652, 0.000671890913509, 0.000593945907895, 0.000773946347181, 0.00059088418493, 0.000408688734751, 0.000148404578795, 0.000118678181025, 0.000274054036709, 0.000143239536555, 3.15383404086e-05, 2.45909286605e-05, 2.08865367313e-05, 1.48488743434e-05, 2.66867518803e-05, 1.59466926561e-05, 5.59697582503e-06, 5.08468656335e-06], "mean": [0.000631902134046, 0.00185585091822, 0.000382881815312, 0.000164618846611, 0.000162757278304, 0.000144522913615, 9.24886917346e-05, 7.1215472417e-05, 0.000165617646417, 0.000152612570673, 3.99489581469e-05, 4.37495618826e-05, 4.16411785409e-05, 2.35901097767e-05, 2.76508435491e-05, 2.87498824036e-05, 2.95034878945e-05, 3.90140885429e-05, 2.00532886083e-05, 2.63003203145e-05, 3.22311607306e-05, 2.88738228846e-05, 4.31121516158e-05, 1.9256322048e-05, 1.68649567058e-05, 1.71474912349e-05, 1.59253886522e-05, 5.72600856685e-06, 3.68386736227e-06, 3.73846205548e-06, 4.78559604744e-06, 3.39940947924e-06, 1.18483228562e-06, 8.44010571655e-07, 7.58690873681e-07, 5.8348661014e-07, 4.58567512851e-07, 3.47031004821e-07, 1.85702674571e-07, 1.31914589474e-07], "median": [0.000176084111445, 0.000429218576755, 0.000171217106981, 6.51825248497e-05, 0.000101909346995, 4.80033340864e-05, 3.31941737386e-05, 2.70178188657e-05, 3.56741802534e-05, 2.83699664578e-05, 1.44121549965e-05, 1.43856941577e-05, 1.02326212073e-05, 7.23658922652e-06, 5.83298242418e-06, 4.28970815847e-06, 3.7002123463e-06, 3.17846297548e-06, 3.85478688258e-06, 4.54664950666e-06, 4.89968806505e-06, 7.01336239217e-06, 7.30334340915e-06, 4.88752903038e-06, 4.22156608693e-06, 4.16381772084e-06, 3.08265862259e-06, 1.28764304463e-06, 1.1053932667e-06, 1.20245658763e-06, 9.56768190008e-07, 7.56918097977e-07, 4.29955349546e-07, 3.15299246267e-07, 3.23909148392e-07, 2.72099214271e-07, 1.82332087206e-07, 1.51200239884e-07, 9.13385349577e-08, 7.63864846931e-08], "min": [1.55087261399e-23, 1.79084094591e-23, 6.77903753483e-24, 1.1152189726e-23, 8.14554735993e-24, 5.22030991727e-24, 1.10466243596e-23, 1.46039673682e-23, 6.70752098289e-24, 8.92907556543e-24, 8.82332560564e-24, 1.53141977738e-23, 8.41274164827e-24, 9.87987857044e-24, 7.60505536641e-24, 5.01960792576e-24, 1.15285647302e-23, 1.94803804736e-23, 1.51916529654e-23, 2.04456638094e-23, 1.45499414402e-23, 2.03766085034e-23, 1.16660994736e-23, 9.13571689069e-24, 1.07332406876e-23, 1.58780092846e-23, 6.9056299886e-24, 7.62404640384e-24, 1.1541825482e-23, 9.15557488626e-24, 9.8357962342e-24, 9.2519247795e-24, 7.51700981192e-24, 7.86263659577e-24, 7.88687513594e-24, 9.38177286222e-24, 1.61981811047e-23, 9.87461844592e-24, 1.51045011903e-23, 1.24094509932e-23], "var": [8.63108255089e-07, 9.2675390988e-06, 3.73515746332e-07, 1.08664131915e-07, 4.25743067467e-08, 2.25880128824e-07, 6.17433926209e-08, 3.25481614993e-08, 2.24741029342e-07, 2.56215059835e-07, 2.44274129813e-08, 1.69008842477e-08, 1.45254706041e-08, 2.98189872794e-09, 5.85947379506e-09, 8.14629963486e-09, 8.77122730003e-09, 1.97514715694e-08, 2.96046631654e-09, 5.24368815036e-09, 7.19287518436e-09, 3.40576966629e-09, 1.17967999813e-08, 1.48587098181e-09, 1.1657478316e-09, 1.1650748144e-09, 1.64287528026e-09, 2.99699903783e-10, 7.29151669598e-11, 5.15885632824e-11, 1.5104766049e-10, 5.24879757713e-11, 4.2821909213e-12, 2.06768781784e-12, 1.65165743495e-12, 9.36678360743e-13, 9.38097472966e-13, 4.78434186799e-13, 9.90311551838e-14, 3.89656399323e-14]}, "melbands_crest": {"dmean": 3.64587974548, "dmean2": 5.7676987648, "dvar": 11.6467227936, "dvar2": 26.4113616943, "max": 38.2075805664, "mean": 16.4362621307, "median": 15.2362365723, "min": 1.81500470638, "var": 49.0281105042}, "melbands_flatness_db": {"dmean": 0.0272038467228, "dmean2": 0.0403305105865, "dvar": 0.000738906499464, "dvar2": 0.00155802234076, "max": 0.542243361473, "mean": 0.190072566271, "median": 0.176758110523, "min": 0.00460088485852, "var": 0.00512410374358}, "melbands_kurtosis": {"dmean": 9.50674343109, "dmean2": 14.2923669815, "dvar": 301.727630615, "dvar2": 626.312561035, "max": 399.613861084, "mean": 19.3549957275, "median": 7.27899980545, "min": -1.88263869286, "var": 1232.63171387}, "melbands_skewness": {"dmean": 0.880718052387, "dmean2": 1.29357838631, "dvar": 0.949519276619, "dvar2": 1.88923490047, "max": 14.1817865372, "mean": 2.96385645866, "median": 2.42904853821, "min": -1.29093909264, "var": 5.24003076553}, "melbands_spread": {"dmean": 8.80119132996, "dmean2": 13.4896688461, "dvar": 113.212600708, "dvar2": 252.37588501, "max": 169.947799683, "mean": 28.4429626465, "median": 23.4091281891, "min": 0.429041475058, "var": 470.464569092}, "mfcc": {"cov": [[9793.20898438, -158.523483276, -1080.58789063, 472.798614502, 136.747421265, 356.870727539, 27.4531669617, 92.903755188, 130.912734985, 179.419509888, 135.334289551, 84.2752304077, -25.6478443146], [-158.523483276, 846.543823242, 366.257049561, 15.5270347595, 50.6225471497, 40.551940918, 157.431213379, 75.4142608643, 20.6379013062, -7.13261079788, 9.28422164917, 35.0718345642, 35.1642494202], [-1080.58789063, 366.257049561, 1037.70214844, 60.0975379944, 96.502532959, 75.1567230225, 232.301864624, 50.6680488586, 75.9045944214, -21.3090305328, -63.7248535156, 52.7319793701, 72.5320663452], [472.798614502, 15.5270347595, 60.0975379944, 339.924987793, 124.335746765, 9.67884635925, -25.3999729156, 32.7915649414, 36.0963592529, 9.11440658569, -13.9483776093, 1.15965092182, 35.2968444824], [136.747421265, 50.6225471497, 96.502532959, 124.335746765, 190.906677246, 70.7607421875, 16.9438877106, 13.3510608673, 43.999671936, 25.080915451, -6.72234725952, 2.46557426453, 21.1391983032], [356.870727539, 40.551940918, 75.1567230225, 9.67884635925, 70.7607421875, 191.204467773, 106.823135376, 11.9946460724, 49.255355835, 30.9899330139, 28.9420070648, 30.0789031982, 3.84472632408], [27.4531669617, 157.431213379, 232.301864624, -25.3999729156, 16.9438877106, 106.823135376, 222.084442139, 52.9204750061, 36.7206878662, 18.453294754, 16.0702877045, 38.4418945313, 16.6539344788], [92.903755188, 75.4142608643, 50.6680488586, 32.7915649414, 13.3510608673, 11.9946460724, 52.9204750061, 111.82774353, 36.6262168884, 1.60680139065, 7.00710248947, 16.1787338257, 10.5453567505], [130.912734985, 20.6379013062, 75.9045944214, 36.0963592529, 43.999671936, 49.255355835, 36.7206878662, 36.6262168884, 114.128623962, 37.9104614258, 0.76346540451, 12.1454286575, 9.38596248627], [179.419509888, -7.13261079788, -21.3090305328, 9.11440658569, 25.080915451, 30.9899330139, 18.453294754, 1.60680139065, 37.9104614258, 114.950027466, 43.5046730042, 2.33442044258, 2.48218941689], [135.334289551, 9.28422164917, -63.7248535156, -13.9483776093, -6.72234725952, 28.9420070648, 16.0702877045, 7.00710248947, 0.76346540451, 43.5046730042, 92.9353561401, 24.4615955353, -19.0251464844], [84.2752304077, 35.0718345642, 52.7319793701, 1.15965092182, 2.46557426453, 30.0789031982, 38.4418945313, 16.1787338257, 12.1454286575, 2.33442044258, 24.4615955353, 73.9297332764, 18.0585517883], [-25.6478443146, 35.1642494202, 72.5320663452, 35.2968444824, 21.1391983032, 3.84472632408, 16.6539344788, 10.5453567505, 9.38596248627, 2.48218941689, -19.0251464844, 18.0585517883, 89.1641387939]], "icov": [[0.000155182700837, -3.87317522836e-05, 0.000240696215769, -0.000285568472464, 0.000120787335618, -0.000312110380037, -8.72929304023e-05, -3.63634317182e-05, -4.85378186568e-05, -0.000147525890497, 0.00016174846678, -0.000206976314075, 6.82354657329e-05], [-3.87317522836e-05, 0.00155815167818, -0.000457437738078, 0.000177435926162, -0.000434925954323, 0.000433138688095, -0.000670196081046, -0.000608604692388, 0.000316471327096, 0.000283607980236, -0.000616334436927, 0.000151386018842, -0.000245554139838], [0.000240696215769, -0.000457437738078, 0.00203859130852, -0.000568404328078, -0.000396787654608, 0.000184006581549, -0.00189657509327, 0.000620874285232, -0.000814695318695, 0.000134152825922, 0.00135094684083, -0.000970185385086, -0.000249958509812], [-0.000285568472464, 0.000177435926162, -0.000568404328078, 0.00480180094019, -0.00299128424376, 0.00105702050496, 0.00110439560376, -0.00116300047375, -0.000218920889893, 0.000441845273599, -0.000462393014459, 0.000379914214136, -0.0011605914915], [0.000120787335618, -0.000434925954323, -0.000396787654608, -0.00299128424376, 0.00920280441642, -0.00402819691226, 0.00168156356085, -9.60583638516e-05, -0.00074051762931, -0.00146027782466, 0.00120241043624, 0.000737979775295, -0.000371959176846], [-0.000312110380037, 0.000433138688095, 0.000184006581549, 0.00105702050496, -0.00402819691226, 0.0108510050923, -0.00515399407595, 0.00246170023456, -0.00267689558677, 0.00101808423642, -0.00240439199843, -0.00100022903644, 0.000272907927865], [-8.72929304023e-05, -0.000670196081046, -0.00189657509327, 0.00110439560376, 0.00168156356085, -0.00515399407595, 0.010434396565, -0.00371500081383, 0.00109433045145, -0.00130619085394, 6.27942499705e-05, -0.000924655527342, -0.00021933230164], [-3.63634317182e-05, -0.000608604692388, 0.000620874285232, -0.00116300047375, -9.60583638516e-05, 0.00246170023456, -0.00371500081383, 0.0125699676573, -0.00432000076398, 0.00204955600202, -0.00157750234939, -0.000621771207079, -0.000504214956891], [-4.85378186568e-05, 0.000316471327096, -0.000814695318695, -0.000218920889893, -0.00074051762931, -0.00267689558677, 0.00109433045145, -0.00432000076398, 0.013514037244, -0.0048717004247, 0.003046029713, -0.00129797949921, 0.000834005011711], [-0.000147525890497, 0.000283607980236, 0.000134152825922, 0.000441845273599, -0.00146027782466, 0.00101808423642, -0.00130619085394, 0.00204955600202, -0.0048717004247, 0.0136659918353, -0.00769865745679, 0.00327611598186, -0.00230825901963], [0.00016174846678, -0.000616334436927, 0.00135094684083, -0.000462393014459, 0.00120241043624, -0.00240439199843, 6.27942499705e-05, -0.00157750234939, 0.003046029713, -0.00769865745679, 0.0188470575958, -0.00725147128105, 0.00475090090185], [-0.000206976314075, 0.000151386018842, -0.000970185385086, 0.000379914214136, 0.000737979775295, -0.00100022903644, -0.000924655527342, -0.000621771207079, -0.00129797949921, 0.00327611598186, -0.00725147128105, 0.019038727507, -0.00472378404811], [6.82354657329e-05, -0.000245554139838, -0.000249958509812, -0.0011605914915, -0.000371959176846, 0.000272907927865, -0.00021933230164, -0.000504214956891, 0.000834005011711, -0.00230825901963, 0.00475090090185, -0.00472378404811, 0.0141184162349]], "mean": [-689.778991699, 107.103050232, -6.62281847, 35.1574630737, 0.193595692515, -1.92027783394, -1.25463593006, 11.3211784363, 1.4591023922, 1.14135360718, 0.846342206001, 1.84996592999, -3.3855266571]}, "pitch_salience": {"dmean": 0.0804639309645, "dmean2": 0.126262694597, "dvar": 0.00528822094202, "dvar2": 0.0129394736141, "max": 0.894487142563, "mean": 0.516121327877, "median": 0.538433551788, "min": 0.0546157732606, "var": 0.0230775922537}, "silence_rate_20dB": {"dmean": 0, "dmean2": 0, "dvar": 0, "dvar2": 0, "max": 1, "mean": 1, "median": 1, "min": 1, "var": 0}, "silence_rate_30dB": {"dmean": 0, "dmean2": 0, "dvar": 0, "dvar2": 0, "max": 1, "mean": 1, "median": 1, "min": 1, "var": 0}, "silence_rate_60dB": {"dmean": 0.0762981250882, "dmean2": 0.152614220977, "dvar": 0.0704762339592, "dvar2": 0.146290808916, "max": 1, "mean": 0.195549800992, "median": 0, "min": 0, "var": 0.157314017415}, "spectral_centroid": {"dmean": 288.1980896, "dmean2": 428.37612915, "dvar": 93313.25, "dvar2": 185264.015625, "max": 11259.1054688, "mean": 1681.36340332, "median": 1683.52270508, "min": 143.841003418, "var": 535402.1875}, "spectral_complexity": {"dmean": 3.84151649475, "dmean2": 5.38059329987, "dvar": 27.7415599823, "dvar2": 49.0280189514, "max": 59, "mean": 13.3429479599, "median": 11, "min": 0, "var": 92.0324707031}, "spectral_contrast_coeffs": {"dmean": [0.0488658323884, 0.0463007092476, 0.0371074602008, 0.0350392460823, 0.0272008199245, 0.0197993461043], "dmean2": [0.0807835906744, 0.0738709047437, 0.0587986260653, 0.0525961555541, 0.039871674031, 0.030383432284], "dvar": [0.00158195989206, 0.00161002401728, 0.000987181207165, 0.00104502029717, 0.000693471170962, 0.000376935669919], "dvar2": [0.00414475193247, 0.00363599834964, 0.00222937017679, 0.00200656941161, 0.00119695428293, 0.000786576827522], "max": [-0.352875649929, -0.375388532877, -0.40123462677, -0.45451015234, -0.510218441486, -0.591471016407], "mean": [-0.662534952164, -0.743996798992, -0.779795885086, -0.780648171902, -0.773502290249, -0.750511705875], "median": [-0.664613544941, -0.76031255722, -0.794431686401, -0.801717758179, -0.794595479965, -0.751949131489], "min": [-0.960136055946, -0.963441252708, -0.96768027544, -0.953139841557, -0.958342671394, -0.963527977467], "var": [0.00572726083919, 0.00738220056519, 0.00510364864022, 0.00625407556072, 0.00543725723401, 0.00272688292898]}, "spectral_contrast_valleys": {"dmean": [0.458913296461, 0.352777838707, 0.335269033909, 0.35745382309, 0.302556991577, 0.260066986084], "dmean2": [0.732281386852, 0.569922924042, 0.517495036125, 0.5139336586, 0.421779811382, 0.369450569153], "dvar": [0.155705392361, 0.109396830201, 0.103128015995, 0.127171814442, 0.120467603207, 0.0995906442404], "dvar2": [0.347817450762, 0.235716640949, 0.202547580004, 0.221784636378, 0.194747745991, 0.17749761045], "max": [-5.61153459549, -5.29784297943, -5.71388339996, -5.87849187851, -5.60219335556, -8.47852325439], "mean": [-7.97849750519, -7.33519697189, -7.88451051712, -8.44739246368, -7.88634443283, -10.6349802017], "median": [-7.66415119171, -7.09670591354, -7.65568590164, -8.25416946411, -7.71521425247, -10.4532165527], "min": [-27.1502819061, -27.3970603943, -27.4330234528, -27.4133834839, -27.3404788971, -27.1579284668], "var": [1.86251008511, 1.46743297577, 1.4951877594, 1.56997573376, 1.54870903492, 1.07796394825]}, "spectral_decrease": {"dmean": 1.23687038389e-09, "dmean2": 1.79868941963e-09, "dvar": 2.94694777148e-18, "dvar2": 6.15024832737e-18, "max": -8.04823373712e-29, "mean": -3.65870977959e-09, "median": -2.48842457751e-09, "min": -1.95724130236e-08, "var": 1.17184741778e-17}, "spectral_energy": {"dmean": 0.00500938529149, "dmean2": 0.0072381272912, "dvar": 4.76811073895e-05, "dvar2": 9.8810698546e-05, "max": 0.0757810026407, "mean": 0.0150454351678, "median": 0.0102384965867, "min": 1.10080840489e-20, "var": 0.000195384942344}, "spectral_energyband_high": {"dmean": 0.000233506783843, "dmean2": 0.00033845184953, "dvar": 3.06176985987e-07, "dvar2": 7.16095996722e-07, "max": 0.00963417626917, "mean": 0.00046859603026, "median": 0.000167140649864, "min": 7.85715276292e-21, "var": 6.78188655456e-07}, "spectral_energyband_low": {"dmean": 0.00308737554587, "dmean2": 0.0045679230243, "dvar": 2.57684150711e-05, "dvar2": 5.29873032065e-05, "max": 0.0651055797935, "mean": 0.00672443443909, "median": 0.00218136608601, "min": 9.24169293802e-23, "var": 9.69923785306e-05}, "spectral_energyband_middle_high": {"dmean": 0.00152839254588, "dmean2": 0.00204677763395, "dvar": 6.22336347078e-06, "dvar2": 1.08530248326e-05, "max": 0.0429663360119, "mean": 0.00393199035898, "median": 0.00133495382033, "min": 1.87863884857e-21, "var": 3.21412226185e-05}, "spectral_energyband_middle_low": {"dmean": 0.00194680539425, "dmean2": 0.00304257543758, "dvar": 9.98590894596e-06, "dvar2": 2.43852064159e-05, "max": 0.0452950000763, "mean": 0.00425802636892, "median": 0.00268903560936, "min": 2.80678906266e-22, "var": 2.58904037764e-05}, "spectral_entropy": {"dmean": 0.149956882, "dmean2": 0.216437831521, "dvar": 0.023536959663, "dvar2": 0.0452563874424, "max": 9.79651165009, "mean": 7.57659721375, "median": 7.63635396957, "min": 5.67970132828, "var": 0.176435023546}, "spectral_flux": {"dmean": 0.0200065467507, "dmean2": 0.0305641703308, "dvar": 0.000511627586093, "dvar2": 0.00112315441947, "max": 0.266143113375, "mean": 0.0598169267178, "median": 0.0503613725305, "min": 1.04919420374e-10, "var": 0.00149751675781}, "spectral_kurtosis": {"dmean": 1.14845275879, "dmean2": 1.93755424023, "dvar": 1.77735209465, "dvar2": 4.79123353958, "max": 41.07787323, "mean": 4.44562959671, "median": 3.77616620064, "min": -1.2119743824, "var": 7.33953857422}, "spectral_rms": {"dmean": 0.000639379897621, "dmean2": 0.000884954293724, "dvar": 5.57759676667e-07, "dvar2": 1.011979748e-06, "max": 0.00859841145575, "mean": 0.00337233440951, "median": 0.0031605027616, "min": 3.27713203796e-12, "var": 3.3058140616e-06}, "spectral_rolloff": {"dmean": 555.805969238, "dmean2": 906.564147949, "dvar": 692113.5625, "dvar2": 1670766.875, "max": 18324.7558594, "mean": 1792.24060059, "median": 1421.19140625, "min": 21.533203125, "var": 3004185.25}, "spectral_skewness": {"dmean": 0.169221177697, "dmean2": 0.27320420742, "dvar": 0.0287194214761, "dvar2": 0.06925393641, "max": 5.37862443924, "mean": 1.39259445667, "median": 1.34007501602, "min": -0.018322058022, "var": 0.155203312635}, "spectral_spread": {"dmean": 429285.53125, "dmean2": 655198.4375, "dvar": 374823190528, "dvar2": 679097925632, "max": 40909692, "mean": 4389501.5, "median": 4272571, "min": 1752552.125, "var": 1797022679040.0}, "spectral_strongpeak": {"dmean": 0.46324035525