{"lowlevel": {"average_loudness": 0.970930039883, "barkbands": {"dmean": [1.16170749607e-05, 0.000831487297546, 0.00131910224445, 0.00104756781366, 0.00131827488076, 0.00074634840712, 0.000441486597992, 0.000328389374772, 0.000202595096198, 0.000183248092071, 0.00027351337485, 0.000433190842159, 0.000348973553628, 0.000287474133074, 0.000305244495394, 0.00049438001588, 0.0004002841888, 0.000242662383243, 0.000292131473543, 0.000287576665869, 0.000139995638165, 0.000112785004603, 0.000117796902487, 0.000135507289087, 7.4861010944e-05, 1.22189549074e-05, 1.92161792256e-06], "dmean2": [1.72287855094e-05, 0.00130796292797, 0.00214933580719, 0.0017114225775, 0.00193922559265, 0.00112930033356, 0.00069242779864, 0.000523074704688, 0.000310921110213, 0.00026155836531, 0.000393940776121, 0.000663589104079, 0.000526258489117, 0.000455899338704, 0.000459748262074, 0.000746463018004, 0.000601164298132, 0.000358487624908, 0.000425165344495, 0.00041130441241, 0.000197192115593, 0.000159059971338, 0.000166273282957, 0.000188601668924, 0.0001034411398, 1.64473203768e-05, 3.10105156132e-06], "dvar": [1.08532294263e-09, 1.90890500562e-06, 5.14151042807e-06, 4.07046127293e-06, 4.20026935899e-06, 1.36162611852e-06, 1.16863941457e-06, 8.33305705328e-07, 1.75889695697e-07, 2.28076700637e-07, 8.5916747139e-07, 1.83952056432e-06, 8.26125472031e-07, 5.65421771626e-07, 4.80676931147e-07, 9.52559446432e-07, 5.69987321342e-07, 1.61577190738e-07, 2.66797997028e-07, 3.85147160387e-07, 5.78881902413e-08, 4.9324704321e-08, 1.49455260612e-07, 6.05429704592e-07, 3.14200093499e-07, 2.64014698992e-09, 2.58736938125e-11], "dvar2": [2.09210071489e-09, 4.69233100375e-06, 1.34405363497e-05, 1.00225624919e-05, 8.85165536602e-06, 3.22803566633e-06, 2.70578561867e-06, 1.94040603674e-06, 3.73260604647e-07, 4.09024863757e-07, 1.74265505848e-06, 4.3547097448e-06, 1.65593178281e-06, 1.36610935897e-06, 9.87168277788e-07, 2.12215559259e-06, 1.25368842419e-06, 3.44890906945e-07, 5.73073975829e-07, 7.18566127489e-07, 1.14404421936e-07, 1.00298848338e-07, 2.94892174679e-07, 1.26257293687e-06, 7.26160294562e-07, 3.59754914747e-09, 6.20740472912e-11], "max": [0.0010206339648, 0.0272038280964, 0.0321471579373, 0.024120580405, 0.0276905912906, 0.0144159113988, 0.0246024616063, 0.017779475078, 0.00976201426238, 0.0147738428786, 0.0180648583919, 0.0366624593735, 0.0205265004188, 0.0160049255937, 0.0210317634046, 0.0205144714564, 0.0140674142167, 0.0104437535629, 0.0109193390235, 0.011209459044, 0.00534787029028, 0.00587230268866, 0.012560909614, 0.0345559827983, 0.0261805355549, 0.00329010095447, 0.000191179002286], "mean": [1.2713067008e-05, 0.00174817244988, 0.00210822350346, 0.00136736326385, 0.00212255911902, 0.00124523648992, 0.000663286889903, 0.000548706797417, 0.000356154574547, 0.000346734072082, 0.000424681755248, 0.000641734979581, 0.000571173499338, 0.000408102176152, 0.000537973828614, 0.000921848695725, 0.000767776917201, 0.000478090078104, 0.000573884812184, 0.000577323837206, 0.000303189706756, 0.000241679212195, 0.000230480727623, 0.000257315114141, 0.000140131480293, 2.66946608463e-05, 2.83843951365e-06], "median": [2.27088139582e-06, 0.000620103441179, 0.000882309512235, 0.000505847681779, 0.00097653164994, 0.00072781718336, 0.000293104210868, 0.000251286721323, 0.000170328261447, 0.000115593145892, 0.000106631006929, 0.000207402685191, 0.000184386270121, 0.000157195085194, 0.000212538361666, 0.000376317737391, 0.000253741716733, 0.000212110957364, 0.000243660833803, 0.000143486075103, 0.00015006781905, 0.0001267408079, 0.00011095048103, 0.000106918392703, 5.70264164708e-05, 1.3210104953e-05, 1.27166333641e-06], "min": [5.58565033514e-24, 1.03909783955e-23, 1.52000381624e-24, 1.73075451517e-23, 8.30689024097e-23, 4.35469205711e-23, 1.43805745816e-23, 3.46118591291e-23, 5.79226042151e-23, 1.3737771273e-23, 7.06800501525e-23, 1.10276443663e-22, 1.31440256463e-22, 1.11441610152e-22, 6.61936151688e-23, 1.15623305013e-22, 2.71265309178e-22, 1.44920892213e-22, 1.3140651846e-22, 2.43355940465e-22, 3.57173221011e-22, 3.52059635297e-22, 6.69047196323e-22, 6.97178354857e-22, 1.05297183921e-21, 1.55815028498e-21, 2.08472314337e-21], "var": [1.56648349847e-09, 5.42148063687e-06, 9.21920491237e-06, 5.773920293e-06, 8.20431978354e-06, 2.19770345211e-06, 1.75156924342e-06, 1.32852449042e-06, 4.14912989299e-07, 9.01015425825e-07, 1.88395677014e-06, 2.75169827546e-06, 2.07695848076e-06, 7.15950704944e-07, 1.05162882846e-06, 2.63105448539e-06, 1.56280384545e-06, 4.65782875381e-07, 6.19298248239e-07, 1.13045223316e-06, 1.63897027505e-07, 1.31608359766e-07, 3.29068114979e-07, 1.20199626963e-06, 4.7940704917e-07, 9.90947413015e-09, 4.15566504819e-11]}, "barkbands_crest": {"dmean": 2.41518855095, "dmean2": 3.75293397903, "dvar": 4.913585186, "dvar2": 11.2613153458, "max": 23.0536823273, "mean": 9.19462013245, "median": 8.34512329102, "min": 2.40436649323, "var": 17.7548446655}, "barkbands_flatness_db": {"dmean": 0.0173774752766, "dmean2": 0.0258738007396, "dvar": 0.000250281096669, "dvar2": 0.000555811508093, "max": 0.248874828219, "mean": 0.098061054945, "median": 0.0924996137619, "min": 0.0268260426819, "var": 0.00111143477261}, "barkbands_kurtosis": {"dmean": 1.89107394218, "dmean2": 2.84556627274, "dvar": 9.15825080872, "dvar2": 20.1457862854, "max": 56.7814178467, "mean": 2.06219577789, "median": 0.0809055566788, "min": -1.93704771996, "var": 30.4633731842}, "barkbands_skewness": {"dmean": 0.515370845795, "dmean2": 0.739983677864, "dvar": 0.242400184274, "dvar2": 0.501362800598, "max": 7.1517572403, "mean": 1.12497985363, "median": 0.970536589622, "min": -3.23895788193, "var": 1.60989201069}, "barkbands_spread": {"dmean": 6.61033439636, "dmean2": 9.8230714798, "dvar": 42.9751091003, "dvar2": 94.9061508179, "max": 114.023658752, "mean": 33.194896698, "median": 32.5771484375, "min": 3.40357375145, "var": 197.710800171}, "dissonance": {"dmean": 0.0113844601437, "dmean2": 0.0191397145391, "dvar": 0.000182537405635, "dvar2": 0.000497659668326, "max": 0.499990731478, "mean": 0.477578878403, "median": 0.482692539692, "min": 0.293011784554, "var": 0.000364020233974}, "dynamic_complexity": 2.62460708618, "erbbands": {"dmean": [0.00995622295886, 0.246715545654, 1.38681387901, 2.24590301514, 4.02045536041, 4.53164625168, 8.1298084259, 4.98819684982, 5.30929327011, 6.60657167435, 7.04347419739, 5.23817205429, 4.23824930191, 9.39747619629, 9.74510860443, 17.9836845398, 15.8391618729, 13.3208465576, 12.8108596802, 20.3901615143, 25.2499237061, 19.9164276123, 13.2055625916, 14.3922681808, 14.0035715103, 12.6453762054, 8.30184078217, 4.31659650803, 4.11403608322, 3.84336972237, 3.42460131645, 2.58159399033, 2.44975328445, 1.19767868519, 0.389614075422, 0.0800418555737, 0.0189141016454, 0.00394940096885, 0.00033937941771, 1.37156348501e-05], "dmean2": [0.0157409179956, 0.388355076313, 2.24358320236, 3.65969491005, 6.40471363068, 6.39166975021, 12.0931444168, 7.62796354294, 8.26303958893, 10.3560991287, 10.9709157944, 8.0398015976, 6.30475187302, 13.4176511765, 14.041182518, 27.2704753876, 23.3694324493, 20.7940177917, 19.4600391388, 30.4210548401, 37.2481994629, 29.4439754486, 19.5393486023, 20.7395629883, 20.0174942017, 17.9539070129, 11.9968061447, 6.1250295639, 5.92855358124, 5.44353818893, 4.85577106476, 3.71458935738, 3.46432518959, 1.70244133472, 0.55041718483, 0.108104348183, 0.0260578654706, 0.00572980521247, 0.000558643543627, 1.98023099074e-05], "dvar": [0.000415390561102, 0.158421501517, 5.63830089569, 12.1897182465, 47.8842010498, 67.1616668701, 190.707168579, 60.0702667236, 155.277023315, 393.490264893, 324.203033447, 109.370475769, 119.86227417, 768.155456543, 1321.52832031, 3003.63745117, 1636.08557129, 918.728088379, 811.458068848, 1822.54553223, 2395.14013672, 1583.31555176, 449.882873535, 732.126159668, 608.196960449, 722.960571289, 283.143737793, 50.9724693298, 65.4638977051, 81.9613189697, 163.352981567, 145.430908203, 275.289611816, 114.32447052, 4.48155879974, 0.179924622178, 0.00504006724805, 9.64013597695e-05, 1.11151405235e-06, 9.60964197105e-10], "dvar2": [0.00108028645627, 0.389910757542, 14.6886854172, 31.9066886902, 115.667167664, 119.315177917, 433.213989258, 145.884094238, 375.543457031, 938.427124023, 702.932434082, 226.960968018, 261.660675049, 1500.03991699, 2825.70263672, 7102.90478516, 3044.7890625, 2130.64038086, 1894.76269531, 3847.23144531, 5152.29736328, 3346.29663086, 1014.4430542, 1489.9732666, 1236.91625977, 1291.98925781, 552.404052734, 102.604377747, 137.312911987, 164.781982422, 331.502685547, 332.441223145, 587.02935791, 269.284118652, 9.27722740173, 0.260244965553, 0.00816658791155, 0.000201589908102, 2.70689679382e-06, 2.11576578479e-09], "max": [0.709968209267, 6.30361175537, 31.6443519592, 35.1306304932, 81.1456375122, 145.395095825, 187.628723145, 103.663703918, 346.189056396, 514.878540039, 374.164215088, 309.025543213, 427.412475586, 716.522705078, 760.632080078, 1510.08837891, 1105.52319336, 707.991638184, 509.344482422, 1113.10546875, 1057.98718262, 870.93536377, 407.307037354, 616.875061035, 383.537231445, 479.620269775, 361.481689453, 172.250015259, 222.579330444, 209.309494019, 435.223480225, 527.073364258, 746.551513672, 531.152038574, 83.6241912842, 28.237329483, 3.67891430855, 0.295060098171, 0.045493260026, 0.000999305048026], "mean": [0.0190441776067, 0.515247941017, 2.34478163719, 3.46579170227, 5.46727991104, 7.2787322998, 11.6800088882, 8.69894981384, 8.58448123932, 10.2023153305, 12.2919168472, 9.59725570679, 8.12167644501, 17.9073562622, 15.9143800735, 28.3117198944, 28.073507309, 21.5158596039, 22.5505466461, 39.616443634, 51.5960388184, 41.1836585999, 27.3196372986, 29.4335098267, 28.5076942444, 26.7435569763, 17.1532840729, 9.63769340515, 8.69994831085, 8.05924606323, 6.42067193985, 4.94776773453, 4.41984367371, 2.13998103142, 0.720301747322, 0.171816661954, 0.0407519564033, 0.00791299901903, 0.000468208541861, 3.68758519471e-05], "median": [0.00840946566314, 0.218720018864, 1.14941930771, 1.85473918915, 2.29241085052, 3.00265216827, 5.10105895996, 5.33606052399, 4.15033626556, 4.87455129623, 5.78503322601, 4.99561738968, 3.72279858589, 4.92129611969, 4.59712028503, 10.2770290375, 9.69414424896, 9.59000778198, 9.43258476257, 16.1409244537, 21.0506324768, 14.5838155746, 12.8213577271, 12.5862770081, 11.4274711609, 6.91178417206, 6.5461230278, 5.35515880585, 4.59665489197, 4.06520032883, 2.95111680031, 2.15868186951, 1.75130867958, 0.856074392796, 0.28547680378, 0.0773073136806, 0.0209946352988, 0.0043248841539, 0.000190143415239, 2.88522678602e-05], "min": [4.90648410444e-22, 1.86952875467e-21, 6.3114361375e-21, 6.73116995619e-20, 4.03853097997e-20, 4.01516855604e-19, 4.42830106954e-19, 3.14382347811e-19, 1.80638590645e-19, 4.30658454434e-19, 1.03318156891e-18, 1.1815991741e-18, 9.66638921131e-19, 1.20680491832e-18, 3.7462091772e-18, 4.27106851076e-18, 5.48098435197e-18, 6.88942023147e-18, 5.4470339645e-18, 4.76667542913e-18, 8.2551764865e-18, 1.25584016436e-17, 1.11500704024e-17, 5.78288335527e-18, 9.46936099326e-18, 1.19593045044e-17, 1.17411480255e-17, 1.0239880561e-17, 1.00291306574e-17, 1.14954894457e-17, 2.15393414364e-17, 1.57629754372e-17, 1.22975370025e-17, 1.01547653304e-17, 7.07898107655e-18, 6.22395342867e-18, 2.87717033052e-18, 1.0626427438e-18, 2.99496353809e-19, 2.80749203492e-20], "var": [0.000715526752174, 0.433937996626, 9.71702384949, 17.8801326752, 66.7858886719, 146.199920654, 308.329406738, 99.1050567627, 218.608123779, 480.615478516, 584.33416748, 268.976654053, 281.590515137, 3080.28564453, 2224.51269531, 4515.44726563, 4978.08349609, 1427.24707031, 1481.69921875, 4982.85595703, 7109.20214844, 4437.44189453, 1276.55187988, 1877.12768555, 1619.43676758, 2332.82958984, 778.455810547, 140.118743896, 170.548355103, 198.017120361, 342.489471436, 276.723144531, 488.87020874, 152.183731079, 10.2206411362, 0.628903627396, 0.0176828727126, 0.000221696551307, 1.69046063547e-06, 2.15462292452e-09]}, "erbbands_crest": {"dmean": 1.89245545864, "dmean2": 2.9738342762, "dvar": 3.76179552078, "dvar2": 8.55679607391, "max": 26.6664600372, "mean": 6.97105312347, "median": 5.95552349091, "min": 2.21241569519, "var": 12.968287468}, "erbbands_flatness_db": {"dmean": 0.0139753660187, "dmean2": 0.0184651687741, "dvar": 0.000180296818144, "dvar2": 0.00029468385037, "max": 0.283028185368, "mean": 0.12957675755, "median": 0.12848931551, "min": 0.0342942029238, "var": 0.00133301015012}, "erbbands_kurtosis": {"dmean": 0.678115427494, "dmean2": 1.0064343214, "dvar": 0.909905016422, "dvar2": 2.03282833099, "max": 26.7078609467, "mean": 0.177569881082, "median": -0.331804990768, "min": -1.70813441277, "var": 2.73907065392}, "erbbands_skewness": {"dmean": 0.278116077185, "dmean2": 0.400539964437, "dvar": 0.0701976194978, "dvar2": 0.135474786162, "max": 2.64007878304, "mean": -0.239610314369, "median": -0.277499556541, "min": -4.84656095505, "var": 0.436018407345}, "erbbands_spread": {"dmean": 8.8540802002, "dmean2": 12.5147123337, "dvar": 75.0620803833, "dvar2": 138.415924072, "max": 149.266311646, "mean": 47.8591880798, "median": 43.9414825439, "min": 6.14178276062, "var": 561.24395752}, "gfcc": {"cov": [[6162.95068359, -65.3151626587, -622.519165039, 132.475845337, -96.9759902954, 20.6551017761, -113.828392029, 91.5325393677, 35.2884292603, 14.2903785706, 52.7730789185, 64.6533966064, -5.68396139145], [-65.3151626587, 504.488983154, 22.6863613129, -75.6425476074, 34.982875824, -34.2951965332, 5.91316223145, -46.7041702271, -23.9633617401, -45.3455924988, 28.2993507385, -3.30602502823, 21.2345485687], [-622.519165039, 22.6863613129, 822.237609863, 125.197219849, -17.0422325134, 222.885528564, 46.7303352356, 60.1483001709, 42.9245758057, 55.0258789063, -14.681055069, -1.52385306358, 23.991060257], [132.475845337, -75.6425476074, 125.197219849, 261.285797119, 68.9889297485, 21.7484073639, 19.1630897522, 39.8565406799, 50.1222801208, 72.0330886841, -20.251411438, -19.4777927399, 2.60128211975], [-96.9759902954, 34.982875824, -17.0422325134, 68.9889297485, 171.848831177, 20.654958725, 18.9370994568, 41.4462356567, 56.3267288208, 31.3870830536, 14.7063217163, -12.7259807587, 0.356303453445], [20.6551017761, -34.2951965332, 222.885528564, 21.7484073639, 20.654958725, 200.488052368, 85.7917098999, 73.3274459839, 39.8391265869, 30.0096035004, 16.2137012482, 12.8175239563, -2.61603808403], [-113.828392029, 5.91316223145, 46.7303352356, 19.1630897522, 18.9370994568, 85.7917098999, 176.648681641, 63.3226203918, 4.08863449097, 12.6214065552, 4.15152215958, 24.780380249, -7.91272497177], [91.5325393677, -46.7041702271, 60.1483001709, 39.8565406799, 41.4462356567, 73.3274459839, 63.3226203918, 139.724151611, 76.0924606323, 20.6561794281, 11.9229717255, 7.29412221909, 2.01883006096], [35.2884292603, -23.9633617401, 42.9245758057, 50.1222801208, 56.3267288208, 39.8391265869, 4.08863449097, 76.0924606323, 122.611961365, 48.7333488464, 11.5934028625, -5.97042751312, 2.21958422661], [14.2903785706, -45.3455924988, 55.0258789063, 72.0330886841, 31.3870830536, 30.0096035004, 12.6214065552, 20.6561794281, 48.7333488464, 97.512588501, 15.1968708038, -4.3080573082, 3.23776340485], [52.7730789185, 28.2993507385, -14.681055069, -20.251411438, 14.7063217163, 16.2137012482, 4.15152215958, 11.9229717255, 11.5934028625, 15.1968708038, 67.8867263794, 24.638502121, 6.78174448013], [64.6533966064, -3.30602502823, -1.52385306358, -19.4777927399, -12.7259807587, 12.8175239563, 24.780380249, 7.29412221909, -5.97042751312, -4.3080573082, 24.638502121, 61.4029350281, 22.0073032379], [-5.68396139145, 21.2345485687, 23.991060257, 2.60128211975, 0.356303453445, -2.61603808403, -7.91272497177, 2.01883006096, 2.21958422661, 3.23776340485, 6.78174448013, 22.0073032379, 52.4933013916]], "icov": [[0.000241140762228, -0.000182938296348, 0.000420704425778, -0.000461534509668, 0.000429095729487, -0.000610429036897, 0.000559327891096, -0.000389690336306, 0.000158675087732, -7.05036509316e-05, 5.95262463321e-05, -0.000437085516751, 0.000169866980286], [-0.000182938296348, 0.00289009511471, -0.000942764570937, 0.0011673278641, -0.00139939959627, 0.00159210490528, -0.00180542061571, 0.00186282780487, -0.000867655267939, 0.00173765281215, -0.00202439329587, 0.00205386430025, -0.00174084294122], [0.000420704425778, -0.000942764570937, 0.00300900195725, -0.0019826956559, 0.00179941230454, -0.00410092016682, 0.00187087373342, -0.000768728146795, 0.000460768904304, -0.000541914952919, 0.00109214417171, -0.000703734112903, -0.000587165995967], [-0.000461534509668, 0.0011673278641, -0.0019826956559, 0.00735469721258, -0.00320598180406, 0.00303465314209, -0.00172015733551, -0.000107566200313, -3.35287295457e-05, -0.00358682870865, 0.00210426119156, 0.0013915997697, -0.000695265771355], [0.000429095729487, -0.00139939959627, 0.00179941230454, -0.00320598180406, 0.00930879637599, -0.00221680640243, 0.000540874258149, -0.0010695727542, -0.00239907694049, 2.06959521165e-05, -0.00171160197351, 0.00138594547752, -0.0003617189941], [-0.000610429036897, 0.00159210490528, -0.00410092016682, 0.00303465314209, -0.00221680640243, 0.0128767332062, -0.00541569059715, -0.000919492682442, -0.00129171914887, -0.000377448508516, -0.00252608582377, 0.00133524322882, 0.000733975379262], [0.000559327891096, -0.00180542061571, 0.00187087373342, -0.00172015733551, 0.000540874258149, -0.00541569059715, 0.0116293458268, -0.00612164894119, 0.00485778227448, -0.00281183514744, 0.003496930236, -0.00645578233525, 0.00395871000364], [-0.000389690336306, 0.00186282780487, -0.000768728146795, -0.000107566200313, -0.0010695727542, -0.000919492682442, -0.00612164894119, 0.0170313026756, -0.0103775095195, 0.0050446530804, -0.00275046448223, 0.00222084671259, -0.00250350008719], [0.000158675087732, -0.000867655267939, 0.000460768904304, -3.35287295457e-05, -0.00239907694049, -0.00129171914887, 0.00485778227448, -0.0103775095195, 0.0183303579688, -0.00737741170451, 0.00140584609471, -0.000862829387188, 0.00110258616041], [-7.05036509316e-05, 0.00173765281215, -0.000541914952919, -0.00358682870865, 2.06959521165e-05, -0.000377448508516, -0.00281183514744, 0.0050446530804, -0.00737741170451, 0.0183641128242, -0.00641980301589, 0.00365945929661, -0.00244749593548], [5.95262463321e-05, -0.00202439329587, 0.00109214417171, 0.00210426119156, -0.00171160197351, -0.00252608582377, 0.003496930236, -0.00275046448223, 0.00140584609471, -0.00641980301589, 0.022434303537, -0.010652619414, 0.00264474796131], [-0.000437085516751, 0.00205386430025, -0.000703734112903, 0.0013915997697, 0.00138594547752, 0.00133524322882, -0.00645578233525, 0.00222084671259, -0.000862829387188, 0.00365945929661, -0.010652619414, 0.0285212527961, -0.0123971402645], [0.000169866980286, -0.00174084294122, -0.000587165995967, -0.000695265771355, -0.0003617189941, 0.000733975379262, 0.00395871000364, -0.00250350008719, 0.00110258616041, -0.00244749593548, 0.00264474796131, -0.0123971402645, 0.0257675331086]], "mean": [12.5068006516, 58.6861228943, -118.631813049, 43.2039337158, -59.4906005859, 14.7488536835, -48.4682426453, 6.09698677063, -27.2901554108, 0.998309075832, -18.0180358887, -1.87179410458, -14.7254743576]}, "hfc": {"dmean": 8.11650276184, "dmean2": 10.4660825729, "dvar": 272.978302002, "dvar2": 556.440795898, "max": 630.977783203, "mean": 24.3244190216, "median": 16.7210674286, "min": 1.11293525059e-16, "var": 761.956848145}, "melbands": {"dmean": [0.000157959293574, 0.000580669089686, 0.00044665945461, 0.000307222566335, 0.000253302714555, 0.000114650392788, 8.59275241964e-05, 7.09201049176e-05, 5.33117745363e-05, 3.34873948304e-05, 2.16521693801e-05, 3.74142073269e-05, 3.22165360558e-05, 4.72766878374e-05, 4.33703535236e-05, 3.27173875121e-05, 2.71479639196e-05, 2.19513767661e-05, 2.4846436645e-05, 3.42389175785e-05, 3.10677642119e-05, 2.4357374059e-05, 1.54941935762e-05, 1.06313864308e-05, 1.26548629851e-05, 1.15681641546e-05, 1.02858766695e-05, 8.42687404656e-06, 6.2713911575e-06, 3.88326043321e-06, 2.39552559833e-06, 2.41554334934e-06, 2.45565570367e-06, 2.19693129111e-06, 2.18584864342e-06, 1.73633964096e-06, 1.61938658039e-06, 1.89689762919e-06, 1.45208946378e-06, 9.60600459621e-07], "dmean2": [0.000248003721936, 0.000927239540033, 0.000719694071449, 0.000454074179288, 0.000375332427211, 0.0001748696086, 0.000133730369271, 0.000111281027785, 8.28047122923e-05, 5.15268293384e-05, 3.22598243656e-05, 5.34589598828e-05, 4.6703593398e-05, 7.19434392522e-05, 6.66156847728e-05, 4.87781544507e-05, 4.30464751844e-05, 3.45600528817e-05, 3.68864093616e-05, 5.1930812333e-05, 4.63057549496e-05, 3.65537016478e-05, 2.34807866946e-05, 1.56364676513e-05, 1.85432054423e-05, 1.70872190211e-05, 1.48674471347e-05, 1.22070514408e-05, 9.37556887948e-06, 5.69449139221e-06, 3.54823760063e-06, 3.603641062e-06, 3.53440441359e-06, 3.21757624988e-06, 3.17628905577e-06, 2.47783532359e-06, 2.41882980845e-06, 2.75749221146e-06, 2.00166709874e-06, 1.43073896197e-06], "dvar": [7.42112362673e-08, 9.07359606117e-07, 5.45365310245e-07, 2.53697550079e-07, 1.77409049229e-07, 3.18641859565e-08, 3.86499117155e-08, 4.28105870753e-08, 1.73439680395e-08, 4.97244245778e-09, 3.30218297151e-09, 1.16105791648e-08, 1.30407178389e-08, 2.7881705833e-08, 1.38870044353e-08, 7.71536257105e-09, 4.29077040565e-09, 3.43597661434e-09, 3.96788690793e-09, 4.40544178915e-09, 3.74022546268e-09, 2.51068899004e-09, 8.29747437425e-10, 3.14238107757e-10, 6.42830622066e-10, 4.49025178151e-10, 4.02463090632e-10, 3.41469047482e-10, 1.81552078926e-10, 4.9576655281e-11, 1.63383889751e-11, 2.25221230554e-11, 3.1207109813e-11, 2.88939618759e-11, 6.81718015372e-11, 5.09143560645e-11, 5.69858396582e-11, 1.26462992855e-10, 1.57677815249e-10, 7.13006667596e-11], "dvar2": [1.88698990655e-07, 2.33328114518e-06, 1.34991455525e-06, 4.89700028083e-07, 4.03197475407e-07, 7.74787878299e-08, 9.11278306148e-08, 1.0203725509e-07, 3.67908832288e-08, 1.05476036794e-08, 7.05190350558e-09, 2.25335909931e-08, 2.7254852597e-08, 6.42193640488e-08, 3.33227099247e-08, 1.45811407393e-08, 1.01107717754e-08, 8.50468850899e-09, 8.19243251016e-09, 9.93992355092e-09, 8.12152656238e-09, 5.47301937104e-09, 1.92595983606e-09, 6.64956201213e-10, 1.34721456213e-09, 9.90798665335e-10, 7.60189189375e-10, 6.47866205128e-10, 3.80195763761e-10, 1.01547055487e-10, 3.60706672864e-11, 4.92700082122e-11, 6.5817802597e-11, 5.94249580099e-11, 1.35994340789e-10, 1.13200455953e-10, 1.29496371959e-10, 2.63901678288e-10, 3.43715195195e-10, 1.75042216832e-10], "max": [0.00707459729165, 0.0123957497999, 0.00835203565657, 0.00739204743877, 0.00536987185478, 0.00248723383993, 0.00459564710036, 0.0048328707926, 0.00333482725546, 0.00194329081569, 0.0021725515835, 0.00289672194049, 0.00289194681682, 0.00535378046334, 0.0031171857845, 0.00266583566554, 0.00114350020885, 0.00123200798407, 0.00217409711331, 0.00163284712471, 0.00124291330576, 0.00124906923156, 0.000557902676519, 0.00044664638699, 0.000607235706411, 0.000350342976162, 0.000403425190598, 0.000295082107186, 0.00022661309049, 0.000142236065585, 0.000111404784548, 0.000153031069203, 0.000164784054505, 0.000151713684318, 0.000324967171764, 0.000258873507846, 0.000300180952763, 0.00044032940059, 0.000588726135902, 0.00040499100578], "mean": [0.000329485046677, 0.00107139605097, 0.000684024824295, 0.00046251504682, 0.000381284655305, 0.000199079266167, 0.000137285227538, 0.000112577727123, 9.11778915906e-05, 5.85286288697e-05, 3.87355466955e-05, 7.04010963091e-05, 5.07215627294e-05, 6.97731593391e-05, 6.97054274497e-05, 5.29558528797e-05, 3.93870323023e-05, 3.39738035109e-05, 4.38950082753e-05, 6.2584731495e-05, 5.94859739067e-05, 4.6590812417e-05, 2.87372076855e-05, 2.09636746149e-05, 2.40539538936e-05, 2.19205503527e-05, 1.97539102373e-05, 1.68306578416e-05, 1.18159314297e-05, 7.5481912063e-06, 4.86708267999e-06, 4.78651190861e-06, 4.82867653773e-06, 4.35385254605e-06, 3.85114208257e-06, 3.11150279231e-06, 2.94715118798e-06, 3.29302520186e-06, 2.47689831667e-06, 1.60091894941e-06], "median": [0.000128268817207, 0.000605427077971, 0.000374566589016, 0.00018741103122, 0.000179275375558, 0.000123850943055, 6.41829392407e-05, 5.59426625841e-05, 4.34160465375e-05, 2.73485438811e-05, 1.65661804203e-05, 1.89881757251e-05, 1.29045738504e-05, 2.19786961679e-05, 2.3740780307e-05, 1.84810869541e-05, 1.58222828759e-05, 1.28686288008e-05, 1.73831031134e-05, 2.55234117503e-05, 2.31219710258e-05, 1.4827753148e-05, 1.13686837722e-05, 9.73806709226e-06, 9.5710693131e-06, 8.88447175384e-06, 5.80007326789e-06, 3.68322253053e-06, 4.03068042942e-06, 3.57476142199e-06, 2.78760353467e-06, 2.51673372986e-06, 2.27370264838e-06, 2.22018934437e-06, 1.71982594566e-06, 1.33491869292e-06, 1.208541903e-06, 1.2107409475e-06, 9.88974534266e-07, 6.16674299181e-07], "min": [3.79539006974e-24, 5.26625554297e-24, 9.94043942213e-24, 1.33013465989e-23, 1.64413790332e-23, 7.3241049216e-24, 2.86531399058e-24, 5.84624185771e-24, 8.41626154563e-24, 8.12595678821e-24, 4.14803574349e-24, 3.95870833737e-24, 1.11426129546e-23, 1.35486608036e-23, 5.72901909934e-24, 1.39043550303e-23, 1.27392082622e-23, 9.09703351848e-24, 4.78111713031e-24, 6.87506241738e-24, 9.86435930985e-24, 1.09526773367e-23, 1.25307533457e-23, 4.17837020631e-24, 4.61190133855e-24, 4.65828833192e-24, 9.05416366145e-24, 7.05550014995e-24, 6.29403204524e-24, 8.02102093287e-24, 4.94335899724e-24, 5.09203955636e-24, 5.12442229651e-24, 7.05971108947e-24, 1.18682435028e-23, 1.1763752565e-23, 8.60686532869e-24, 7.23221288133e-24, 9.70106036931e-24, 7.84258138497e-24], "var": [1.86784816947e-07, 1.67640610016e-06, 7.75891066951e-07, 5.21376705365e-07, 2.90016004101e-07, 5.18909750724e-08, 5.88474939889e-08, 5.51173116037e-08, 3.14678665347e-08, 1.20427836592e-08, 7.95102028661e-09, 4.75342787354e-08, 2.36962254263e-08, 3.98083841446e-08, 2.37065354014e-08, 1.84676398618e-08, 5.92155036117e-09, 4.83412021524e-09, 8.28295743105e-09, 1.18746301681e-08, 1.0232925618e-08, 6.30669383384e-09, 2.00156557995e-09, 9.1221075138e-10, 1.48570233893e-09, 9.98077620551e-10, 1.09615927446e-09, 1.02041797234e-09, 4.38268310532e-10, 1.22591631291e-10, 3.69830728542e-11, 5.39627752205e-11, 7.28518634308e-11, 6.37238040113e-11, 1.34023125931e-10, 1.00029595718e-10, 1.086218962e-10, 2.56628412965e-10, 2.24157414852e-10, 8.73883257424e-11]}, "melbands_crest": {"dmean": 3.7313542366, "dmean2": 5.84369802475, "dvar": 11.0168514252, "dvar2": 25.8215637207, "max": 31.0044994354, "mean": 14.8843975067, "median": 13.9348983765, "min": 1.70369827747, "var": 38.4197616577}, "melbands_flatness_db": {"dmean": 0.0233659502119, "dmean2": 0.0343521945179, "dvar": 0.000462411000626, "dvar2": 0.0010260186391, "max": 0.353543072939, "mean": 0.144894987345, "median": 0.137920439243, "min": 0.00191639724653, "var": 0.00272207637317}, "melbands_kurtosis": {"dmean": 7.02030181885, "dmean2": 10.4097089767, "dvar": 134.814086914, "dvar2": 271.597381592, "max": 278.089172363, "mean": 14.0642843246, "median": 5.70528411865, "min": -1.9189517498, "var": 576.629333496}, "melbands_skewness": {"dmean": 0.782568335533, "dmean2": 1.12669527531, "dvar": 0.615629434586, "dvar2": 1.24605584145, "max": 14.1146011353, "mean": 2.74622297287, "median": 2.32840871811, "min": -0.687372684479, "var": 4.23878622055}, "melbands_spread": {"dmean": 10.4537000656, "dmean2": 15.3394565582, "dvar": 172.306930542, "dvar2": 339.188171387, "max": 288.998382568, "mean": 38.5709953308, "median": 32.0956611633, "min": 2.02842307091, "var": 726.099304199}, "mfcc": {"cov": [[4572.65966797, -111.001914978, -605.856994629, 130.183929443, -17.0735473633, -89.6798858643, -95.6963043213, 42.2374038696, -95.3771286011, 28.8365840912, -60.2804679871, 10.8767995834, 93.611328125], [-111.001914978, 541.046203613, 9.213306427, -60.82787323, 7.2012925148, -8.98462104797, 22.5465774536, 4.01074552536, -35.7321205139, -67.7877120972, -3.60706162453, -13.9479608536, -27.6974411011], [-605.856994629, 9.213306427, 760.850646973, -8.69819927216, 73.0729293823, 124.954055786, 83.3213577271, 37.8201141357, 98.3302459717, 21.5791606903, 53.4144096375, 26.9390163422, -20.9411506653], [130.183929443, -60.82787323, -8.69819927216, 241.167831421, 48.6993751526, 24.824262619, -7.77102422714, -32.9295692444, 40.4774856567, 47.312084198, 0.693747401237, 5.12702131271, 22.1758937836], [-17.0735473633, 7.2012925148, 73.0729293823, 48.6993751526, 200.789794922, 19.6723384857, -24.155872345, -0.732392191887, 35.5552825928, 67.0056686401, 34.3559417725, 3.49066543579, 26.325668335], [-89.6798858643, -8.98462104797, 124.954055786, 24.824262619, 19.6723384857, 125.511283875, 55.872959137, 6.72274494171, 35.3742256165, 23.7848587036, 28.9138374329, 22.9441223145, 5.21430826187], [-95.6963043213, 22.5465774536, 83.3213577271, -7.77102422714, -24.155872345, 55.872959137, 133.624908447, 56.9659118652, 32.6853866577, -1.27953600883, 21.561170578, 27.3282566071, 3.51801013947], [42.2374038696, 4.01074552536, 37.8201141357, -32.9295692444, -0.732392191887, 6.72274494171, 56.9659118652, 142.593048096, 46.6594352722, 17.3477573395, 27.7919387817, 17.8145751953, 19.7160968781], [-95.3771286011, -35.7321205139, 98.3302459717, 40.4774856567, 35.5552825928, 35.3742256165, 32.6853866577, 46.6594352722, 118.820335388, 57.067653656, 32.6899185181, 25.889667511, 23.8416633606], [28.8365840912, -67.7877120972, 21.5791606903, 47.312084198, 67.0056686401, 23.7848587036, -1.27953600883, 17.3477573395, 57.067653656, 112.138877869, 46.6119842529, 17.2810115814, 28.9396724701], [-60.2804679871, -3.60706162453, 53.4144096375, 0.693747401237, 34.3559417725, 28.9138374329, 21.561170578, 27.7919387817, 32.6899185181, 46.6119842529, 76.0053482056, 29.7683696747, 16.5655994415], [10.8767995834, -13.9479608536, 26.9390163422, 5.12702131271, 3.49066543579, 22.9441223145, 27.3282566071, 17.8145751953, 25.889667511, 17.2810115814, 29.7683696747, 65.6646194458, 26.6575775146], [93.611328125, -27.6974411011, -20.9411506653, 22.1758937836, 26.325668335, 5.21430826187, 3.51801013947, 19.7160968781, 23.8416633606, 28.9396724701, 16.5655994415, 26.6575775146, 65.41040802]], "icov": [[0.000266090384685, 1.6148067516e-05, 0.000164131008205, -0.000164866054547, 9.21548598853e-06, -7.65408403822e-05, 0.00015871800133, -0.000303724198602, 0.00031413679244, -0.000142525037518, 0.000254389829934, -0.000160584735568, -0.00023055227939], [1.6148067516e-05, 0.0021635000594, 0.000102883917862, 0.000267816940323, -0.000772827828769, 0.000140952615766, -0.000542685040273, 4.85838381792e-06, 5.17932130606e-05, 0.00174930831417, -0.000831109064166, 0.000324153079418, 0.000448220147518], [0.000164131008205, 0.000102883917862, 0.00199367525056, 0.00023858435452, -0.000805556483101, -0.00138058513403, -0.000255200226093, -8.76284684637e-05, -0.00131538626738, 0.00091998669086, -0.000452533422504, -0.000146352962474, 0.00108713610098], [-0.000164866054547, 0.000267816940323, 0.00023858435452, 0.00545977381989, -0.000773415435106, -0.000711696164217, -0.000512012804393, 0.00210414361209, -0.00204133242369, -0.00120702793356, 0.00132473534904, 0.000367682921933, -0.000871227297466], [9.21548598853e-06, -0.000772827828769, -0.000805556483101, -0.000773415435106, 0.00738076632842, -0.00039998308057, 0.00194176204968, 4.94873274874e-05, 0.00023684745247, -0.0035791520495, -0.00120099529158, 0.00142669817433, -0.00217420118861], [-7.65408403822e-05, 0.000140952615766, -0.00138058513403, -0.000711696164217, -0.00039998308057, 0.0125625459477, -0.00494052981958, 0.00241107610054, -0.000688789703418, -0.000928542227484, -0.00195022288244, -0.00099415727891, 0.000227964716032], [0.00015871800133, -0.000542685040273, -0.000255200226093, -0.000512012804393, 0.00194176204968, -0.00494052981958, 0.0129994247109, -0.00470265839249, -0.000583985354751, 0.00130600435659, -0.000308795075398, -0.00281731085852, 0.000827031850349], [-0.000303724198602, 4.85838381792e-06, -8.76284684637e-05, 0.00210414361209, 4.94873274874e-05, 0.00241107610054, -0.00470265839249, 0.01129429508, -0.00412478903309, 0.000363014638424, -0.00249158940278, 0.00158060435206, -0.00233852863312], [0.00031413679244, 5.17932130606e-05, -0.00131538626738, -0.00204133242369, 0.00023684745247, -0.000688789703418, -0.000583985354751, -0.00412478903309, 0.0157703813165, -0.00612763920799, 0.00121371087153, -0.00238088006154, -0.00129660672974], [-0.000142525037518, 0.00174930831417, 0.00091998669086, -0.00120702793356, -0.0035791520495, -0.000928542227484, 0.00130600435659, 0.000363014638424, -0.00612763920799, 0.0197270009667, -0.00905013643205, 0.00216494384222, -0.00210137409158], [0.000254389829934, -0.000831109064166, -0.000452533422504, 0.00132473534904, -0.00120099529158, -0.00195022288244, -0.000308795075398, -0.00249158940278, 0.00121371087153, -0.00905013643205, 0.0238195192069, -0.00781012512743, 0.000808666518424], [-0.000160584735568, 0.000324153079418, -0.000146352962474, 0.000367682921933, 0.00142669817433, -0.00099415727891, -0.00281731085852, 0.00158060435206, -0.00238088006154, 0.00216494384222, -0.00781012512743, 0.0236863940954, -0.0083895791322], [-0.00023055227939, 0.000448220147518, 0.00108713610098, -0.000871227297466, -0.00217420118861, 0.000227964716032, 0.000827031850349, -0.00233852863312, -0.00129660672974, -0.00210137409158, 0.000808666518424, -0.0083895791322, 0.0225851666182]], "mean": [-624.959411621, 84.6735458374, 0.959791123867, 23.977191925, 11.1627817154, 5.00184106827, -3.51770329475, -1.18836772442, -3.91272807121, -2.33962321281, -3.85159420967, 0.0444548726082, 0.0771612748504]}, "pitch_salience": {"dmean": 0.0755411237478, "dmean2": 0.11766538769, "dvar": 0.0043992404826, "dvar2": 0.0104028126225, "max": 0.975310444832, "mean": 0.557330071926, "median": 0.573354244232, "min": 0.116271167994, "var": 0.0158686861396}, "silence_rate_20dB": {"dmean": 0, "dmean2": 0, "dvar": 0, "dvar2": 0, "max": 1, "mean": 1, "median": 1, "min": 1, "var": 0}, "silence_rate_30dB": {"dmean": 0, "dmean2": 0, "dvar": 0, "dvar2": 0, "max": 1, "mean": 1, "median": 1, "min": 1, "var": 0}, "silence_rate_60dB": {"dmean": 0.0137812234461, "dmean2": 0.0275671947747, "dvar": 0.0135918445885, "dvar2": 0.031633015722, "max": 1, "mean": 0.03341370821, "median": 0, "min": 0, "var": 0.032297398895}, "spectral_centroid": {"dmean": 293.591583252, "dmean2": 421.390838623, "dvar": 92445.015625, "dvar2": 181606.828125, "max": 10848.0058594, "mean": 1877.23388672, "median": 1848.68847656, "min": 318.660491943, "var": 541102.3125}, "spectral_complexity": {"dmean": 4.10818243027, "dmean2": 5.6812543869, "dvar": 18.0254650116, "dvar2": 29.8410892487, "max": 53, "mean": 20.9319667816, "median": 20, "min": 0, "var": 125.783607483}, "spectral_contrast_coeffs": {"dmean": [0.0530576147139, 0.0449966154993, 0.0362938791513, 0.0322363078594, 0.0266137998551, 0.0169094987214], "dmean2": [0.0843224599957, 0.0732683166862, 0.0564567558467, 0.049666158855, 0.0388533324003, 0.0253041535616], "dvar": [0.00190081028268, 0.00137798604555, 0.000901845225599, 0.000756701570936, 0.000578326696996, 0.000216750268009], "dvar2": [0.00465228501707, 0.00349726574495, 0.0019888014067, 0.00158370670397, 0.00105822784826, 0.000435709487647], "max": [-0.338592231274, -0.494267612696, -0.448165804148, -0.524804592133, -0.579122662544, -0.562060296535], "mean": [-0.606833040714, -0.737270236015, -0.778206706047, -0.771946668625, -0.774659276009, -0.77003544569], "median": [-0.613771498203, -0.742712140083, -0.791007101536, -0.781910479069, -0.78913974762, -0.77548635006], "min": [-0.957527756691, -0.97433590889, -0.975774049759, -0.98227673769, -0.968904912472, -0.963509202003], "var": [0.00675161927938, 0.00406021578237, 0.00440387427807, 0.00385495042428, 0.00360986916348, 0.00146113417577]}, "spectral_contrast_valleys": {"dmean": [0.460709214211, 0.340462446213, 0.310602217913, 0.275157511234, 0.248508244753, 0.222699463367], "dmean2": [0.732458293438, 0.540800392628, 0.47452133894, 0.403376877308, 0.33645927906, 0.272321581841], "dvar": [0.157940715551, 0.090106382966, 0.0739372074604, 0.062640324235, 0.0630012303591, 0.0567438863218], "dvar2": [0.366032451391, 0.192702695727, 0.146894812584, 0.110532350838, 0.0977351218462, 0.0775094404817], "max": [-6.06394481659, -5.37820911407, -5.17673301697, -5.80060243607, -5.54129505157, -6.95222091675], "mean": [-7.72748708725, -6.95659732819, -7.59488964081, -7.53589630127, -7.29683923721, -9.46379089355], "median": [-7.59695053101, -6.8687415123, -7.51482820511, -7.43247413635, -7.23234653473, -9.39823246002], "min": [-27.5675868988, -27.4409770966, -27.1513366699, -27.1603794098, -27.2992973328, -27.2281475067], "var": [1.03250420094, 0.800375580788, 0.751626074314, 0.772405087948, 0.76760160923, 0.734391927719]}, "spectral_decrease": {"dmean": 1.3005005961e-09, "dmean2": 1.88783499944e-09, "dvar": 1.8950091584e-18, "dvar2": 4.16119783231e-18, "max": 6.14394943975e-29, "mean": -4.08501632521e-09, "median": -3.88257204165e-09, "min": -1.50856642733e-08, "var": 4.69735976175e-18}, "spectral_energy": {"dmean": 0.0054548047483, "dmean2": 0.00778601085767, "dvar": 3.36056582455e-05, "dvar2": 7.18051451258e-05, "max": 0.0809394717216, "mean": 0.0176240745932, "median": 0.0165112875402, "min": 1.01033285968e-20, "var": 9.39438614296e-05}, "spectral_energyband_high": {"dmean": 0.000607249501627, "dmean2": 0.000794080842752, "dvar": 2.87404282062e-06, "dvar2": 5.93117965764e-06, "max": 0.0692613497376, "mean": 0.00146597914863, "median": 0.000784057017881, "min": 7.10802035701e-21, "var": 6.78474634697e-06}, "spectral_energyband_low": {"dmean": 0.00224954541773, "dmean2": 0.00359278847463, "dvar": 1.04483979158e-05, "dvar2": 2.68767762464e-05, "max": 0.0421290136874, "mean": 0.00447102170438, "median": 0.00328552769497, "min": 5.28960929675e-23, "var": 1.92190000234e-05}, "spectral_energyband_middle_high": {"dmean": 0.00213846657425, "dmean2": 0.00285860756412, "dvar": 1.08396052383e-05, "dvar2": 1.95227257791e-05, "max": 0.057721324265, "mean": 0.00596113782376, "median": 0.00339481560513, "min": 1.37958367999e-21, "var": 4.09831081924e-05}, "spectral_energyband_middle_low": {"dmean": 0.00286310981028, "dmean2": 0.00418524350971, "dvar": 1.39889662023e-05, "dvar2": 3.08526105073e-05, "max": 0.0346936509013, "mean": 0.00638138875365, "median": 0.00474351784214, "min": 3.01182701236e-22, "var": 2.84762263618e-05}, "spectral_entropy": {"dmean": 0.124426752329, "dmean2": 0.170520916581, "dvar": 0.0139900054783, "dvar2": 0.0248021986336, "max": 9.80296516418, "mean": 7.88434839249, "median": 7.89413976669, "min": 6.75363779068, "var": 0.0799449831247}, "spectral_flux": {"dmean": 0.0192128885537, "dmean2": 0.0284689329565, "dvar": 0.000345230509993, "dvar2": 0.000741426891182, "max": 0.247340172529, "mean": 0.0714546889067, "median": 0.0660640150309, "min": 6.74086064745e-11, "var": 0.00115864048712}, "spectral_kurtosis": {"dmean": 0.757198870182, "dmean2": 1.18370628357, "dvar": 0.586641728878, "dvar2": 1.48329114914, "max": 13.4920005798, "mean": 2.73136973381, "median": 2.68274092674, "min": -1.29803013802, "var": 2.30189228058}, "spectral_rms": {"dmean": 0.000636624288745, "dmean2": 0.000886915717274, "dvar": 3.6240260215e-07, "dvar2": 7.28800671368e-07, "max": 0.00888624414802, "mean": 0.00396412191913, "median": 0.00401354860514, "min": 3.1395710684e-12, "var": 1.47993489463e-06}, "spectral_rolloff": {"dmean": 635.265075684, "dmean2": 987.350524902, "dvar": 741501.125, "dvar2": 1576462.125, "max": 19164.5507813, "mean": 2331.76293945, "median": 2217.91992188, "min": 107.666015625, "var": 2757925}, "spectral_skewness": {"dmean": 0.133461147547, "dmean2": 0.19738933444, "dvar": 0.0153664257377, "dvar2": 0.0329160913825, "max": 2.5927541256, "mean": 1.23779284954, "median": 1.21150684357, "min": -0.363928169012, "var": 0.0875887423754}, "spectral_spread": {"dmean": 496250.71875, "dmean2": 640751.8125, "dvar": 414180474880, "dvar2": 703505563648, "max": 40234148, "mean": 5352842, "median": 5057360, "min": 2273616, "var": 2766470381570.0}, "spectral_strongpeak": {"dmean": 0.545415103436, "dmean2": 0.922098457813,