{"lowlevel": {"average_loudness": 0.910027861595, "barkbands": {"dmean": [0.000122173238196, 0.00352043984458, 0.00173019676004, 0.00108575588092, 0.00149124395102, 0.000772194413003, 0.000618390447926, 0.000831985671539, 0.000939956051297, 0.000670981360599, 0.000750165199861, 0.000492639024742, 0.000635720323771, 0.000392777350498, 0.000231541271205, 0.00023535231594, 0.000226202057092, 0.000184361255378, 0.000231259691645, 0.000199360816623, 0.000147353377542, 0.000114781250886, 9.9802549812e-05, 8.74782417668e-05, 4.06366307288e-05, 1.52469347086e-05, 1.07187031517e-06], "dmean2": [0.00018726757844, 0.00545912515372, 0.00307707907632, 0.00185118184891, 0.00236762221903, 0.00122422375716, 0.000971275148913, 0.00128304190002, 0.00143623992335, 0.00100682885386, 0.00114222394768, 0.000767368183006, 0.000963468744885, 0.000628908164799, 0.000358643796062, 0.000360744306818, 0.000349285983248, 0.000277690123767, 0.000348165223841, 0.000298297352856, 0.000215070846025, 0.000163649136084, 0.000141257798532, 0.00012470081856, 5.57620151085e-05, 2.03630497708e-05, 1.62068511145e-06], "dvar": [1.06472896277e-07, 5.04458876094e-05, 1.24457455968e-05, 5.97532334723e-06, 1.07646719698e-05, 2.38741404246e-06, 1.67060170497e-06, 4.28576777267e-06, 3.00090437122e-06, 2.30541604651e-06, 3.40467613569e-06, 1.28079966544e-06, 1.87436216947e-06, 6.58809824472e-07, 1.94904700379e-07, 1.92909013208e-07, 1.50757642814e-07, 1.04039777682e-07, 1.49134450567e-07, 1.26001069134e-07, 7.73229587026e-08, 6.06518426594e-08, 6.47814317745e-08, 4.52154793606e-08, 8.40058778095e-09, 1.61063584692e-09, 1.23276553896e-11], "dvar2": [2.21681446533e-07, 0.000106023529952, 3.57288154191e-05, 1.62806572916e-05, 2.62576977548e-05, 5.98944916419e-06, 3.95420829591e-06, 1.01376317616e-05, 6.94016080161e-06, 5.31807745574e-06, 8.14827853901e-06, 3.14126691592e-06, 4.07794004786e-06, 1.63832066846e-06, 4.58872648323e-07, 4.40146976644e-07, 3.44635338934e-07, 2.25887333727e-07, 3.31823940769e-07, 2.78628903061e-07, 1.59000009603e-07, 1.19041757785e-07, 1.36380577942e-07, 1.07262131621e-07, 1.85481781045e-08, 3.46060091694e-09, 2.62943625207e-11], "max": [0.00330480933189, 0.0694232136011, 0.0429507382214, 0.0328854173422, 0.0509571135044, 0.0311584025621, 0.031240388751, 0.0683677345514, 0.0367340110242, 0.0421708337963, 0.0731116458774, 0.0344573669136, 0.0326362811029, 0.0205485038459, 0.00776189891621, 0.0104221068323, 0.0062162973918, 0.00693863164634, 0.00811023265123, 0.00800949055701, 0.00635855086148, 0.00570336077362, 0.0072575006634, 0.00675169378519, 0.00311568076722, 0.0014848470455, 0.000133864217787], "mean": [0.000121032324387, 0.00458582537249, 0.00180658244062, 0.00124592403881, 0.00203460361809, 0.00125048868358, 0.00097780849319, 0.00125082221348, 0.00167877890635, 0.0011677358998, 0.00123338133562, 0.000748136837501, 0.00109535234515, 0.00061672728043, 0.000377376971301, 0.000391721056076, 0.000404954218538, 0.000359314581146, 0.000433658744441, 0.00036097606062, 0.000262178567937, 0.00019488442922, 0.000159051342052, 0.000130850661662, 5.89051705902e-05, 2.18950353883e-05, 1.24307439364e-06], "median": [1.66148511198e-05, 0.00207317969762, 0.00080425827764, 0.000519998255186, 0.000676467956509, 0.000533424608875, 0.000417801114963, 0.000286347552901, 0.000671727932058, 0.000295704550808, 0.000260655331658, 0.000252555095358, 0.000304072163999, 0.000229303579545, 0.000149515428348, 0.000143429802847, 0.000187489116797, 0.000143452867633, 0.000180958391866, 0.000136887683766, 9.57846932579e-05, 7.06656719558e-05, 5.48860261915e-05, 4.31412336184e-05, 1.84510336112e-05, 4.19728303314e-06, 1.46216194707e-07], "min": [1.49471885207e-24, 3.11241520281e-24, 1.67397368772e-24, 6.61253424129e-24, 7.19419925203e-24, 1.7616469393e-23, 7.14722574057e-24, 1.15898876215e-23, 4.8587596605e-23, 2.11692054539e-23, 3.10230279486e-23, 4.75630272168e-23, 4.97586984841e-23, 3.88663816284e-23, 5.45717629034e-23, 7.91886281456e-23, 9.87905973282e-23, 1.33068402263e-22, 1.42231507615e-22, 2.05888430103e-22, 2.38829620674e-22, 3.7444049008e-22, 3.36385335141e-22, 6.97460880657e-22, 9.45483797968e-22, 1.28099681703e-21, 2.09101949033e-21], "var": [1.1655936305e-07, 6.51903392281e-05, 9.45042211242e-06, 5.03066439705e-06, 1.41833579619e-05, 4.5968968152e-06, 3.64626930605e-06, 9.99833719106e-06, 7.97919256001e-06, 6.38708434053e-06, 8.98497364688e-06, 2.28000044444e-06, 5.58824967811e-06, 1.36465064315e-06, 3.66322410628e-07, 4.2199187078e-07, 3.44840429989e-07, 3.07351797346e-07, 3.96646640866e-07, 3.00443304013e-07, 1.70661820675e-07, 1.27592002741e-07, 1.18043672614e-07, 6.57833254536e-08, 1.3301039381e-08, 2.48047804519e-09, 1.77818020725e-11]}, "barkbands_crest": {"dmean": 2.80035758018, "dmean2": 4.50696277618, "dvar": 6.86280441284, "dvar2": 16.1093921661, "max": 25.9454536438, "mean": 9.06696224213, "median": 8.12702178955, "min": 2.29386210442, "var": 17.1086597443}, "barkbands_flatness_db": {"dmean": 0.0256723668426, "dmean2": 0.0358774773777, "dvar": 0.000789408863056, "dvar2": 0.00139854638837, "max": 0.467998057604, "mean": 0.125632986426, "median": 0.111670106649, "min": 0.0210473649204, "var": 0.00375097733922}, "barkbands_kurtosis": {"dmean": 3.52695918083, "dmean2": 5.39256191254, "dvar": 117.491279602, "dvar2": 247.848953247, "max": 328.052154541, "mean": 3.91972875595, "median": 0.588133573532, "min": -1.93344664574, "var": 202.981536865}, "barkbands_skewness": {"dmean": 0.609911382198, "dmean2": 0.906767725945, "dvar": 0.570079863071, "dvar2": 1.17259740829, "max": 14.8725910187, "mean": 1.17748725414, "median": 0.887790501118, "min": -3.4480073452, "var": 1.92450904846}, "barkbands_spread": {"dmean": 6.88205385208, "dmean2": 10.317158699, "dvar": 62.7061805725, "dvar2": 137.01574707, "max": 103.109359741, "mean": 24.9436035156, "median": 23.4069194794, "min": 0.566624343395, "var": 191.844207764}, "dissonance": {"dmean": 0.0205356646329, "dmean2": 0.0334166735411, "dvar": 0.000495547137689, "dvar2": 0.00120758777484, "max": 0.500000059605, "mean": 0.461916387081, "median": 0.471255898476, "min": 0.179509162903, "var": 0.00109258980956}, "dynamic_complexity": 4.06476259232, "erbbands": {"dmean": [0.109265998006, 0.808911442757, 1.9737803936, 2.79228854179, 3.28446221352, 6.56548023224, 6.21926879883, 6.64659261703, 6.62270641327, 14.4911336899, 17.4326190948, 22.436870575, 20.1661262512, 18.2202625275, 29.5436153412, 18.7993583679, 31.7310600281, 15.2452106476, 16.3521881104, 14.9200611115, 10.8319282532, 11.3910293579, 10.1836509705, 10.5275974274, 10.6307010651, 9.63758182526, 6.41607809067, 5.40968704224, 4.20993232727, 3.42723536491, 2.83844947815, 2.59912228584, 0.984482288361, 0.490564405918, 0.284606814384, 0.0880850255489, 0.0282873678952, 0.00327979400754, 0.000154863650096, 2.00555205083e-05], "dmean2": [0.164178743958, 1.31236863136, 3.48086237907, 4.85912036896, 5.45187330246, 10.4611215591, 9.77065944672, 10.5093021393, 10.5344772339, 22.4553890228, 26.6705856323, 33.663898468, 30.7755756378, 27.0117931366, 44.8395004272, 29.0182132721, 47.8297386169, 23.9291763306, 25.7825241089, 22.9391136169, 16.3869628906, 17.3532981873, 15.1787929535, 15.6434555054, 15.8674354553, 14.3929052353, 9.45683288574, 7.80905485153, 6.01038455963, 4.85729789734, 4.03622484207, 3.76368331909, 1.38869702816, 0.687173485756, 0.393259435892, 0.120349377394, 0.037812884897, 0.00439565721899, 0.000225173425861, 2.91928863589e-05], "dvar": [0.0770448669791, 2.39583277702, 14.6265220642, 35.139213562, 59.6412315369, 246.627685547, 202.269119263, 183.108154297, 240.965805054, 982.812438965, 1754.54663086, 1873.92492676, 1986.62329102, 1293.29760742, 4419.93701172, 1873.42419434, 5039.72949219, 893.022827148, 1136.55773926, 1037.53967285, 395.794586182, 380.190124512, 299.251983643, 289.436401367, 375.786712646, 283.424987793, 139.303863525, 111.827140808, 81.1286697388, 69.7456054688, 59.6306037903, 40.1772994995, 8.22412872314, 1.78464603424, 0.329956650734, 0.0570933073759, 0.00433040084317, 6.86842176947e-05, 2.33587797993e-07, 2.36991581914e-09], "dvar2": [0.152438819408, 5.82106494904, 41.8460578918, 98.3573989868, 154.221878052, 615.37677002, 525.291687012, 449.345611572, 612.886108398, 2362.33398438, 3955.02758789, 4212.734375, 4988.61523438, 2690.65185547, 10506.1318359, 4797.40332031, 10978.0019531, 2076.53662109, 2825.05810547, 2415.84277344, 881.804992676, 842.969665527, 657.688049316, 634.55267334, 828.700805664, 631.53503418, 302.252288818, 224.816390991, 160.186050415, 144.951675415, 133.864486694, 93.8880157471, 20.3418216705, 4.09426546097, 0.711952447891, 0.128160908818, 0.00874740071595, 0.00013975847105, 4.76654179238e-07, 5.37206457096e-09], "max": [2.7571811676, 17.8404865265, 52.5178985596, 65.5769500732, 107.353416443, 289.498046875, 369.547332764, 259.878936768, 410.766906738, 661.316589355, 1555.72521973, 1101.66467285, 1782.82080078, 1037.51708984, 2461.27294922, 1651.0189209, 1650.26184082, 737.791809082, 982.126098633, 966.616577148, 416.460540771, 423.639007568, 335.408050537, 272.353179932, 442.659942627, 301.867980957, 260.433044434, 280.55255127, 216.551086426, 255.547805786, 261.997772217, 113.350997925, 126.05796051, 51.7576713562, 15.58456707, 10.5138435364, 1.78374886513, 0.296289950609, 0.0199276600033, 0.00226931180805], "mean": [0.123800635338, 1.04103815556, 2.21354675293, 3.287940979, 3.95039772987, 8.5765542984, 9.5222530365, 10.7496805191, 10.5033864975, 22.9161148071, 28.8598117828, 40.4999198914, 37.1659889221, 34.0126991272, 50.6793327332, 32.8504867554, 55.7086105347, 26.8639907837, 26.7310428619, 25.5462932587, 19.8854026794, 21.6884975433, 20.7096672058, 21.2201194763, 19.9841041565, 17.738817215, 12.005490303, 9.4111661911, 7.2471780777, 5.28303527832, 4.49262666702, 3.81702780724, 1.47467207909, 0.717231929302, 0.393274247646, 0.127459958196, 0.0394844897091, 0.00457831518725, 0.000205963893677, 3.98698939534e-05], "median": [0.0303127318621, 0.534710049629, 1.223320961, 1.65342962742, 1.60009288788, 2.51255774498, 3.7403652668, 4.6226401329, 4.79125595093, 7.9642534256, 10.2711324692, 15.9079198837, 12.6261062622, 11.4482593536, 14.3751544952, 14.1876087189, 15.7216367722, 12.0463933945, 10.7842597961, 10.0663957596, 7.79909515381, 10.7097616196, 9.61265659332, 9.72052764893, 8.31361484528, 6.83868646622, 4.61578226089, 3.50763249397, 2.64483070374, 1.72531867027, 1.57131302357, 1.18773603439, 0.471616983414, 0.209988847375, 0.121147349477, 0.0327823385596, 0.00702620530501, 0.000798549852334, 3.93676273234e-05, 2.75692400464e-05], "min": [8.85337331752e-23, 1.11182313466e-21, 4.49986899464e-21, 2.27396797152e-20, 2.74402014007e-20, 1.38916841319e-20, 8.74856395004e-20, 1.39623512056e-19, 2.08030831726e-19, 1.12955700246e-19, 4.32869740855e-19, 8.41067113881e-19, 4.89228321874e-19, 1.10981023668e-18, 1.64267368004e-18, 1.94719556966e-18, 2.78448184776e-18, 3.18916672756e-18, 1.95792617016e-18, 3.89342954186e-18, 5.16765950287e-18, 6.76072085432e-18, 7.454087632e-18, 7.13033906642e-18, 8.98775824266e-18, 9.09243298609e-18, 8.73581805323e-18, 1.10795085874e-17, 1.41612725299e-17, 1.04704273783e-17, 1.05673878353e-17, 1.06147116653e-17, 1.14058106596e-17, 9.42153010152e-18, 7.33348138997e-18, 4.59983516753e-18, 2.41490644226e-18, 9.83469978645e-19, 3.10520060585e-19, 2.95940407753e-20], "var": [0.0931973531842, 2.71564555168, 11.5613822937, 27.8408050537, 56.0851554871, 295.465423584, 371.928466797, 338.889221191, 450.577636719, 2164.77734375, 4350.40087891, 5048.29248047, 5739.86425781, 3847.3762207, 11010.3222656, 3143.40039062, 14882.3242188, 2136.47753906, 2162.74438477, 2013.92907715, 995.865905762, 876.495727539, 856.719726562, 839.351928711, 926.726318359, 683.831970215, 324.748046875, 240.36390686, 172.588256836, 127.032974243, 97.0346298218, 59.9041099548, 10.3426523209, 2.58010649681, 0.528400063515, 0.0787237361073, 0.00756561942399, 0.000122160869068, 3.79562663966e-07, 3.11528935981e-09]}, "erbbands_crest": {"dmean": 2.75740599632, "dmean2": 4.33155059814, "dvar": 7.36682081223, "dvar2": 16.3818035126, "max": 33.8235054016, "mean": 9.14158058167, "median": 7.91972303391, "min": 2.41029524803, "var": 22.2681751251}, "erbbands_flatness_db": {"dmean": 0.021974068135, "dmean2": 0.029369071126, "dvar": 0.000487303419504, "dvar2": 0.000828604504932, "max": 0.461771190166, "mean": 0.158412903547, "median": 0.15361829102, "min": 0.0528168044984, "var": 0.00207495084032}, "erbbands_kurtosis": {"dmean": 1.36291980743, "dmean2": 2.07416415215, "dvar": 10.3206710815, "dvar2": 19.0254077911, "max": 183.150848389, "mean": 1.07048773766, "median": 0.035694360733, "min": -1.81619668007, "var": 19.7053432465}, "erbbands_skewness": {"dmean": 0.435697108507, "dmean2": 0.645336866379, "dvar": 0.216981813312, "dvar2": 0.451691895723, "max": 5.65079545975, "mean": 0.32258400321, "median": 0.25459882617, "min": -8.81414604187, "var": 0.747477591038}, "erbbands_spread": {"dmean": 9.04308414459, "dmean2": 13.2580289841, "dvar": 106.799102783, "dvar2": 227.4871521, "max": 177.887939453, "mean": 35.0171394348, "median": 31.2447395325, "min": 0.871534824371, "var": 347.961242676}, "gfcc": {"cov": [[14727.6757812, -1055.23901367, -1297.48474121, 192.343521118, -676.652099609, 78.9983444214, -232.593719482, 292.03894043, -217.403121948, 78.8009490967, -105.979011536, 8.91121196747, -147.165603638], [-1055.23901367, 1278.1048584, 75.4993057251, -173.009124756, 181.135818481, -107.66519165, 70.9085922241, -103.954788208, 75.0816955566, -110.597160339, 56.1466827393, -64.7420959473, 68.883972168], [-1297.48474121, 75.4993057251, 1078.46557617, 175.144119263, 43.6447868347, 55.0470733643, -91.0242996216, -41.0853118896, -15.3758687973, -9.74208545685, -47.1302337646, 27.5577869415, -40.5373306274], [192.343521118, -173.009124756, 175.144119263, 505.121429443, 67.868019104, -32.4864387512, -58.4548034668, 3.0573387146, 3.19421362877, -17.9577293396, -15.1095104218, -29.2452335358, 11.4552764893], [-676.652099609, 181.135818481, 43.6447868347, 67.868019104, 347.071289062, 22.8830795288, 43.4159545898, -6.80540847778, 21.5158729553, 5.49554252625, -9.85836601257, -5.98099803925, 6.86033344269], [78.9983444214, -107.66519165, 55.0470733643, -32.4864387512, 22.8830795288, 197.76385498, 69.7282333374, 11.9987859726, -24.0706214905, 17.9881515503, 5.38193702698, 10.6335029602, -16.8045692444], [-232.593719482, 70.9085922241, -91.0242996216, -58.4548034668, 43.4159545898, 69.7282333374, 193.891082764, 36.3733406067, 3.52374649048, 4.34739208221, 23.425567627, -6.36730623245, 10.8274888992], [292.03894043, -103.954788208, -41.0853118896, 3.0573387146, -6.80540847778, 11.9987859726, 36.3733406067, 127.907043457, 29.4880580902, 6.19732522964, -9.15919971466, 0.763535797596, -7.54522609711], [-217.403121948, 75.0816955566, -15.3758687973, 3.19421362877, 21.5158729553, -24.0706214905, 3.52374649048, 29.4880580902, 120.50982666, 22.0074520111, 0.615282416344, -11.6212491989, 7.59537982941], [78.8009490967, -110.597160339, -9.74208545685, -17.9577293396, 5.49554252625, 17.9881515503, 4.34739208221, 6.19732522964, 22.0074520111, 105.835449219, 11.8587017059, 10.0809831619, -15.2302293777], [-105.979011536, 56.1466827393, -47.1302337646, -15.1095104218, -9.85836601257, 5.38193702698, 23.425567627, -9.15919971466, 0.615282416344, 11.8587017059, 91.0373382568, 12.3814573288, 3.57783341408], [8.91121196747, -64.7420959473, 27.5577869415, -29.2452335358, -5.98099803925, 10.6335029602, -6.36730623245, 0.763535797596, -11.6212491989, 10.0809831619, 12.3814573288, 85.2836608887, 15.9837656021], [-147.165603638, 68.883972168, -40.5373306274, 11.4552764893, 6.86033344269, -16.8045692444, 10.8274888992, -7.54522609711, 7.59537982941, -15.2302293777, 3.57783341408, 15.9837656021, 77.4397964478]], "icov": [[0.000115374270536, -0.000112009052827, 0.000216152868234, -0.000192776540644, 0.000253248290392, -0.000213361083297, 0.000252261845162, -0.000341041130014, 0.000301246705931, -0.000217225315282, 0.000265379989287, -0.000190720093087, 0.00027815651265], [-0.000112009052827, 0.00187172251754, -0.000673329515848, 0.0012147128582, -0.00121036858764, 0.00127350352705, -0.000938176875934, 0.00163996848278, -0.00149505538866, 0.00208734162152, -0.00168149219826, 0.00180819444358, -0.00147377222311], [0.000216152868234, -0.000673329515848, 0.00166544050444, -0.00103514548391, 0.000652257411275, -0.00118530960754, 0.0010597044602, -0.000559834530577, 0.000675434886944, -0.000661324185785, 0.0013896120945, -0.00147319608368, 0.00156049022917], [-0.000192776540644, 0.0012147128582, -0.00103514548391, 0.00330440863036, -0.00151833379641, 0.00119642983191, -2.32050570048e-05, 0.000713310728315, -0.000896374171134, 0.00154582422692, -0.00156676676124, 0.00245343940333, -0.00205271947198], [0.000253248290392, -0.00121036858764, 0.000652257411275, -0.00151833379641, 0.00429832004011, -0.00125647638924, -0.000101140693005, -0.000770924962126, 0.000576021324378, -0.00163365935441, 0.00197479967028, -0.00146740314085, 0.00124337885063], [-0.000213361083297, 0.00127350352705, -0.00118530960754, 0.00119642983191, -0.00125647638924, 0.00763590773568, -0.00345321907662, 0.001160850632, 0.000183028736501, 0.000465062679723, -0.00117683410645, 0.000609007664025, 3.07021036861e-05], [0.000252261845162, -0.000938176875934, 0.0010597044602, -2.32050570048e-05, -0.000101140693005, -0.00345321907662, 0.00835989788175, -0.00343591999263, 0.00138769880868, -0.000987702514976, -0.000812756305095, 0.000559514563065, -0.000780254486017], [-0.000341041130014, 0.00163996848278, -0.000559834530577, 0.000713310728315, -0.000770924962126, 0.001160850632, -0.00343591999263, 0.0114971166477, -0.00448604766279, 0.00229789782315, 1.720257643e-07, 0.000215650448808, 0.00026275793789], [0.000301246705931, -0.00149505538866, 0.000675434886944, -0.000896374171134, 0.000576021324378, 0.000183028736501, 0.00138769880868, -0.00448604766279, 0.0117502110079, -0.00441564898938, 0.00116090325173, 0.000504933705088, -0.000432663800893], [-0.000217225315282, 0.00208734162152, -0.000661324185785, 0.00154582422692, -0.00163365935441, 0.000465062679723, -0.000987702514976, 0.00229789782315, -0.00441564898938, 0.0132842939347, -0.00310772308148, 0.000192303632502, 0.000912877439987], [0.000265379989287, -0.00168149219826, 0.0013896120945, -0.00156676676124, 0.00197479967028, -0.00117683410645, -0.000812756305095, 1.720257643e-07, 0.00116090325173, -0.00310772308148, 0.0141392722726, -0.00398422963917, 0.00208659120835], [-0.000190720093087, 0.00180819444358, -0.00147319608368, 0.00245343940333, -0.00146740314085, 0.000609007664025, 0.000559514563065, 0.000215650448808, 0.000504933705088, 0.000192303632502, -0.00398422963917, 0.0160532500595, -0.0060410820879], [0.00027815651265, -0.00147377222311, 0.00156049022917, -0.00205271947198, 0.00124337885063, 3.07021036861e-05, -0.000780254486017, 0.00026275793789, -0.000432663800893, 0.000912877439987, 0.00208659120835, -0.0060410820879, 0.017276994884]], "mean": [-16.2729854584, 90.9917678833, -122.123046875, 34.7722091675, -58.7296180725, 20.9770526886, -30.1559867859, 12.4313592911, -22.8859367371, 3.72134017944, -13.8818950653, -0.170747190714, -12.3988113403]}, "hfc": {"dmean": 7.24675893784, "dmean2": 9.57171154022, "dvar": 109.434509277, "dvar2": 193.324172974, "max": 160.608825684, "mean": 21.4929065704, "median": 16.1498031616, "min": 1.11491691064e-16, "var": 417.424407959}, "melbands": {"dmean": [0.000949996698182, 0.0010116037447, 0.000495211046655, 0.000320081802784, 0.000244649359956, 0.000146542355651, 0.00010414555436, 0.000168489277712, 0.00014600699069, 0.000135770053021, 0.000104561477201, 7.71065242589e-05, 0.000114708207548, 6.07185102126e-05, 6.33025047136e-05, 5.2921117458e-05, 2.91275555355e-05, 3.20830949931e-05, 1.67615053215e-05, 1.84461405297e-05, 1.37231218105e-05, 1.21476305139e-05, 1.30510943563e-05, 8.79700019141e-06, 9.19413378142e-06, 9.30178975977e-06, 7.72955081629e-06, 6.4551363721e-06, 4.12956205764e-06, 4.17518231188e-06, 3.03022397929e-06, 2.60565775534e-06, 2.13859016185e-06, 1.9397343749e-06, 1.77727656592e-06, 1.60970091656e-06, 1.50327571191e-06, 7.10903407253e-07, 5.5344168004e-07, 3.79106637638e-07], "dmean2": [0.00144781253766, 0.00172208959702, 0.000848644471262, 0.000516386178788, 0.000384638347896, 0.000232211634284, 0.000164862140082, 0.000261531007709, 0.000221501337364, 0.000205352494959, 0.000159933639225, 0.000113965601486, 0.000174647910171, 9.34329655138e-05, 9.68514650594e-05, 8.05248855613e-05, 4.6289886086e-05, 5.10185673193e-05, 2.59018543147e-05, 2.85427558993e-05, 2.09558766073e-05, 1.87685163837e-05, 1.99832174985e-05, 1.33233897941e-05, 1.38929899549e-05, 1.41493792398e-05, 1.16890641948e-05, 9.76883166004e-06, 6.23534970146e-06, 6.22926381766e-06, 4.50333982371e-06, 3.80319420401e-06, 3.08692938233e-06, 2.81141547021e-06, 2.58071281678e-06, 2.32796924138e-06, 2.19502635446e-06, 1.02660999346e-06, 8.07265223557e-07, 5.35931405921e-07], "dvar": [4.58786962554e-06, 3.61377510671e-06, 1.1325325886e-06, 5.23763958427e-07, 2.84691566321e-07, 8.49062402608e-08, 5.26331156436e-08, 1.3550665301e-07, 9.55330676788e-08, 6.74525608702e-08, 5.39258948606e-08, 2.45652689301e-08, 7.93528727172e-08, 1.90248172771e-08, 1.90053039972e-08, 1.13179483563e-08, 3.39145334038e-09, 5.11573938766e-09, 1.12886278103e-09, 1.46904832743e-09, 7.18535897448e-10, 4.59160959254e-10, 5.66259039658e-10, 2.63090743635e-10, 2.34044006397e-10, 2.83236434306e-10, 2.29075453051e-10, 1.3256847009e-10, 6.537149988e-11, 6.42539146889e-11, 3.76287785653e-11, 3.00215130533e-11, 2.5084569838e-11, 2.36362648204e-11, 2.54963428842e-11, 1.44052825224e-11, 1.39461168308e-11, 4.36649327806e-12, 2.86684738449e-12, 9.99526308075e-13], "dvar2": [9.17026954994e-06, 9.90792796074e-06, 3.09441725221e-06, 1.31083857013e-06, 7.14270754543e-07, 2.09513430605e-07, 1.31263064418e-07, 3.3002314126e-07, 2.15135031567e-07, 1.54833188049e-07, 1.33875431629e-07, 5.06535897671e-08, 1.91994800502e-07, 4.41642633575e-08, 4.47982770879e-08, 2.49284610732e-08, 8.16346368282e-09, 1.29494424073e-08, 2.72089506481e-09, 3.36193761719e-09, 1.6295512717e-09, 1.03653829964e-09, 1.26903576536e-09, 5.93484206224e-10, 5.31174770835e-10, 6.48410825033e-10, 5.07131558969e-10, 3.0356114844e-10, 1.47975312559e-10, 1.38491218493e-10, 7.85502426992e-11, 6.19709422667e-11, 5.26335398876e-11, 5.09782667468e-11, 5.87688508968e-11, 3.19639870128e-11, 3.32766765532e-11, 1.10163796488e-11, 6.93872259996e-12, 2.28125851542e-12], "max": [0.0217557810247, 0.0276777669787, 0.0129861468449, 0.0125873908401, 0.0118905687705, 0.00569840194657, 0.00619722297415, 0.00873725488782, 0.0103035205975, 0.00607376964763, 0.00873285718262, 0.0038869837299, 0.0113701345399, 0.00383794936351, 0.00302100856788, 0.00212925602682, 0.001292832545, 0.00220584333874, 0.000810817524325, 0.00111374596599, 0.000579782063141, 0.000554222613573, 0.00077674590284, 0.000447517202701, 0.000237827509409, 0.000483320414787, 0.000379063043511, 0.000187970144907, 0.000205618256587, 0.000150913067046, 0.00016095607134, 0.000118889060104, 0.000124940110254, 0.0001648254256, 0.000176648958586, 9.21899627429e-05, 7.43463315303e-05, 8.85650151758e-05, 7.27469014237e-05, 3.39311627613e-05], "mean": [0.00118964363355, 0.0012797457166, 0.000600949919317, 0.000420815456891, 0.000376088602934, 0.00024093707907, 0.000166099489434, 0.000264919450274, 0.000245082745096, 0.000240962035605, 0.000186617282452, 0.000138155490276, 0.000190441278392, 9.2844646133e-05, 0.000111153334728, 9.18967125472e-05, 4.65294724563e-05, 4.85405580548e-05, 2.84115176328e-05, 2.99647817883e-05, 2.32133461395e-05, 2.14228930417e-05, 2.31342091865e-05, 1.67052130564e-05, 1.71476694959e-05, 1.65756482602e-05, 1.33067205752e-05, 1.1127365724e-05, 7.31682257538e-06, 6.8201366048e-06, 4.97415385325e-06, 4.34694038631e-06, 3.19676746585e-06, 2.86243312075e-06, 2.69961128652e-06, 2.40630288317e-06, 2.16006310438e-06, 1.0335877505e-06, 7.62532295084e-07, 5.45323928236e-07], "median": [0.000444202596555, 0.000753486296162, 0.000309941387968, 0.000144689023728, 0.000148388062371, 0.000105433930003, 7.52056002966e-05, 8.49160715006e-05, 9.09490918275e-05, 9.37136719585e-05, 5.58454485144e-05, 4.2101721192e-05, 4.50946427009e-05, 2.88808641926e-05, 3.28212408931e-05, 2.95545123663e-05, 1.84622040251e-05, 1.61672032846e-05, 1.14508893603e-05, 1.06851102828e-05, 7.29877410777e-06, 9.7359661595e-06, 9.73418718786e-06, 6.44638657832e-06, 7.19044010111e-06, 6.3832444539e-06, 4.70437726108e-06, 3.94054222852e-06, 2.5277995519e-06, 2.4214309633e-06, 1.75133482117e-06, 1.56905366566e-06, 9.55346536102e-07, 8.87117494131e-07, 9.14256020224e-07, 7.56260590151e-07, 6.47920217034e-07, 3.14354309694e-07, 2.11731872923e-07, 1.5214438065e-07], "min": [1.32329395395e-24, 3.19847243339e-24, 4.36499773597e-24, 2.45333670764e-24, 2.46253344529e-24, 3.57425066433e-24, 3.16844345696e-24, 1.02845610594e-24, 4.06095338816e-24, 6.64599850975e-24, 2.32953820198e-24, 3.8086125618e-24, 4.96768352326e-24, 5.85476747194e-24, 4.20608131218e-24, 6.77746691277e-24, 4.44976439011e-24, 2.19970688256e-24, 5.25447784965e-24, 5.81548890418e-24, 5.41746242913e-24, 5.85633059982e-24, 7.6072026458e-24, 3.58803009219e-24, 5.4173610605e-24, 6.05554795511e-24, 4.39494565695e-24, 6.39826857538e-24, 4.99919575541e-24, 4.7816610499e-24, 6.4553016411e-24, 7.00626260769e-24, 5.89160569849e-24, 5.25300070761e-24, 5.53055786724e-24, 6.74252195239e-24, 5.17363577852e-24, 7.43895754737e-24, 6.34552257424e-24, 7.73264572922e-24], "var": [5.84056624575e-06, 3.34585888595e-06, 9.41558084833e-07, 5.98259248363e-07, 4.93978973282e-07, 1.63328948588e-07, 1.04690947467e-07, 2.99972043649e-07, 2.38754893189e-07, 1.7494602389e-07, 1.55060618567e-07, 7.041721517e-08, 1.96626984916e-07, 3.88306347077e-08, 5.0785079253e-08, 3.27174483061e-08, 7.37502059422e-09, 9.2823233544e-09, 2.10288386704e-09, 2.92747892594e-09, 1.78988446287e-09, 9.95351689959e-10, 1.26059240824e-09, 8.31608282237e-10, 6.10597850059e-10, 6.65510480058e-10, 5.15239184651e-10, 2.88640278345e-10, 1.43135600594e-10, 1.21406815157e-10, 7.58272403201e-11, 6.06003719428e-11, 4.5589886033e-11, 4.06211522752e-11, 3.88949462915e-11, 2.42543294476e-11, 1.97717293926e-11, 5.2501007014e-12, 3.55766826589e-12, 1.47290773328e-12]}, "melbands_crest": {"dmean": 3.67056894302, "dmean2": 5.78968143463, "dvar": 10.4584655762, "dvar2": 25.130449295, "max": 35.5551528931, "mean": 12.516459465, "median": 11.4649276733, "min": 1.02803480625, "var": 27.1450614929}, "melbands_flatness_db": {"dmean": 0.0326465889812, "dmean2": 0.0463111102581, "dvar": 0.00126790511422, "dvar2": 0.00228325719945, "max": 0.602958440781, "mean": 0.184393256903, "median": 0.165815293789, "min": 6.27330473435e-06, "var": 0.00669411756098}, "melbands_kurtosis": {"dmean": 8.13911437988, "dmean2": 12.5225515366, "dvar": 460.558044434, "dvar2": 999.832458496, "max": 756.145080566, "mean": 11.882481575, "median": 3.86918783188, "min": -1.98389732838, "var": 1023.02539062}, "melbands_skewness": {"dmean": 0.82280510664, "dmean2": 1.22610557079, "dvar": 1.00407969952, "dvar2": 2.10265111923, "max": 23.4591522217, "mean": 2.14165234566, "median": 1.70200359821, "min": -2.66323590279, "var": 3.50060796738}, "melbands_spread": {"dmean": 8.82695102692, "dmean2": 13.5672464371, "dvar": 140.276931763, "dvar2": 305.367462158, "max": 248.034103394, "mean": 29.0983543396, "median": 26.2999649048, "min": 0.484250545502, "var": 380.532440186}, "mfcc": {"cov": [[11937.3203125, -972.171447754, -1005.73608398, -110.41632843, -459.491516113, -291.831970215, -29.6849746704, -16.7958049774, -74.6737670898, 116.897941589, -33.972202301, -52.0543060303, -76.3353652954], [-972.171447754, 1487.07958984, -50.3868751526, -55.9736595154, 32.316444397, 39.6915283203, -2.93099093437, 39.0836791992, -3.84782266617, -35.8352813721, -3.83111906052, 18.5096607208, 1.31769645214], [-1005.73608398, -50.3868751526, 890.791809082, 128.56161499, 122.667427063, 52.2709236145, -33.3356895447, 7.70191812515, -39.0499343872, -25.8902740479, 1.07928788662, -27.8384284973, -23.7360897064], [-110.41632843, -55.9736595154, 128.56161499, 435.303253174, 165.580551147, 25.5175437927, -20.2326278687, -11.8618221283, 20.3398189545, 3.27338194847, -27.0254001617, 2.62022304535, 0.158950999379], [-459.491516113, 32.316444397, 122.667427063, 165.580551147, 275.11618042, 59.0787239075, -14.345117569, -2.06526851654, 19.1796073914, -6.49658679962, -8.45109272003, 8.60736179352, -3.63030791283], [-291.831970215, 39.6915283203, 52.2709236145, 25.5175437927, 59.0787239075, 178.14465332, 59.8762359619, 6.39078330994, 10.874920845, -3.84731197357, 12.3092861176, 8.83088493347, 7.54065465927], [-29.6849746704, -2.93099093437, -33.3356895447, -20.2326278687, -14.345117569, 59.8762359619, 179.736541748, 46.0420417786, 1.87869632244, 13.8105106354, 9.49144172668, 0.667766451836, -2.16113233566], [-16.7958049774, 39.0836791992, 7.70191812515, -11.8618221283, -2.06526851654, 6.39078330994, 46.0420417786, 116.823097229, 32.841217041, -1.50212132931, 3.86357021332, 5.58432006836, -4.64441919327], [-74.6737670898, -3.84782266617, -39.0499343872, 20.3398189545, 19.1796073914, 10.874920845, 1.87869632244, 32.841217041, 115.076698303, 26.1455955505, 3.15545892715, 8.10914802551, 9.99407577515], [116.897941589, -35.8352813721, -25.8902740479, 3.27338194847, -6.49658679962, -3.84731197357, 13.8105106354, -1.50212132931, 26.1455955505, 112.643211365, 27.4505290985, -13.7330741882, -5.94859170914], [-33.972202301, -3.83111906052, 1.07928788662, -27.0254001617, -8.45109272003, 12.3092861176, 9.49144172668, 3.86357021332, 3.15545892715, 27.4505290985, 90.1758041382, 29.1231174469, 0.0597360990942], [-52.0543060303, 18.5096607208, -27.8384284973, 2.62022304535, 8.60736179352, 8.83088493347, 0.667766451836, 5.58432006836, 8.10914802551, -13.7330741882, 29.1231174469, 104.33354187, 24.7814273834], [-76.3353652954, 1.31769645214, -23.7360897064, 0.158950999379, -3.63030791283, 7.54065465927, -2.16113233566, -4.64441919327, 9.99407577515, -5.94859170914, 0.0597360990942, 24.7814273834, 84.6120758057]], "icov": [[0.000108093692688, 6.83668185957e-05, 0.000120208336739, -5.52721103304e-05, 0.000133643436129, 5.80125924898e-05, 5.03506562382e-05, -7.60249313316e-05, 0.000127045423142, -9.52405607677e-05, 5.23809358128e-05, 8.74660827321e-07, 0.00010596276843], [6.83668185957e-05, 0.000744675286114, 0.000144179648487, 9.7880125395e-05, -6.13299198449e-05, -0.000156601061462, 0.000187600759091, -0.000355877535185, 0.000199469985091, 8.77505299286e-05, 8.68608767632e-05, -7.58021706133e-05, 9.1675305157e-05], [0.000120208336739, 0.000144179648487, 0.00144986482337, -0.000314496079227, -0.000249910517596, -0.000337474717526, 0.000488595105708, -0.000553859106731, 0.000772611005232, 0.000133674315293, -0.000285618967609, 0.000472040381283, 0.000295043428196], [-5.52721103304e-05, 9.7880125395e-05, -0.000314496079227, 0.00317465164699, -0.00182985258289, 8.85631379788e-05, 5.44330032426e-06, 0.000356878794264, -0.000417743634898, -0.000363341678167, 0.000978121766821, -0.000352216593456, -8.59879219206e-05], [0.000133643436129, -6.13299198449e-05, -0.000249910517596, -0.00182985258289, 0.00550158228725, -0.00148927653208, 0.000714836351108, -5.83378932788e-05, -0.000485361000756, 3.00052524835e-05, 0.00030678397161, -0.000467162491987, 0.000634729862213], [5.80125924898e-05, -0.000156601061462, -0.000337474717526, 8.85631379788e-05, -0.00148927653208, 0.00743894465268, -0.00292378501035, 0.00108681432903, -0.000914893345907, 0.000796557113063, -0.00107197917532, 4.29753636126e-05, -0.000629706832115], [5.03506562382e-05, 0.000187600759091, 0.000488595105708, 5.44330032426e-06, 0.000714836351108, -0.00292378501035, 0.00763222808018, -0.00334812211804, 0.00145449116826, -0.00127199152485, 0.000141311771586, 7.37279187888e-05, 0.000199036978302], [-7.60249313316e-05, -0.000355877535185, -0.000553859106731, 0.000356878794264, -5.83378932788e-05, 0.00108681432903, -0.00334812211804, 0.0111823147163, -0.00390112795867, 0.00141387654003, -0.000371255533537, -0.000414669601014, 0.000891739677172], [0.000127045423142, 0.000199469985091, 0.000772611005232, -0.000417743634898, -0.000485361000756, -0.000914893345907, 0.00145449116826, -0.00390112795867, 0.0112001113594, -0.00309979985468, 0.000782956078183, -0.000666232430376, -0.00113351014443], [-9.52405607677e-05, 8.77505299286e-05, 0.000133674315293, -0.000363341678167, 3.00052524835e-05, 0.000796557113063, -0.00127199152485, 0.00141387654003, -0.00309979985468, 0.0113981422037, -0.0044253799133, 0.00275166123174, 0.000290994619718], [5.23809358128e-05, 8.68608767632e-05, -0.000285618967609, 0.000978121766821, 0.00030678397161, -0.00107197917532, 0.000141311771586, -0.000371255533537, 0.000782956078183, -0.0044253799133, 0.0145057747141, -0.00495795533061, 0.0010941271903], [8.74660827321e-07, -7.58021706133e-05, 0.000472040381283, -0.000352216593456, -0.000467162491987, 4.29753636126e-05, 7.37279187888e-05, -0.000414669601014, -0.000666232430376, 0.00275166123174, -0.00495795533061, 0.0123608345166, -0.00325433001854], [0.00010596276843, 9.1675305157e-05, 0.000295043428196, -8.59879219206e-05, 0.000634729862213, -0.000629706832115, 0.000199036978302, 0.000891739677172, -0.00113351014443, 0.000290994619718, 0.0010941271903, -0.00325433001854, 0.0132398381829]], "mean": [-653.727783203, 117.041000366, -2.29015803337, 20.7360858917, -1.92790722847, 9.01088428497, 4.07520771027, 8.56820869446, -1.15253925323, 6.0609960556, 0.673256635666, 3.85884261131, -2.60202813148]}, "pitch_salience": {"dmean": 0.0797611624002, "dmean2": 0.126489400864, "dvar": 0.00517033366486, "dvar2": 0.0122970221564, "max": 0.994142591953, "mean": 0.548798203468, "median": 0.554081439972, "min": 0.0672731474042, "var": 0.0131080653518}, "silence_rate_20dB": {"dmean": 0, "dmean2": 0, "dvar": 0, "dvar2": 0, "max": 1, "mean": 1, "median": 1, "min": 1, "var": 0}, "silence_rate_30dB": {"dmean": 0.00276570534334, "dmean2": 0.00553195690736, "dvar": 0.00275803799741, "dvar2": 0.00767454691231, "max": 1, "mean": 0.998320996761, "median": 1, "min": 0, "var": 0.0016760713188}, "silence_rate_60dB": {"dmean": 0.0268668513745, "dmean2": 0.0537390112877, "dvar": 0.0261431764811, "dvar2": 0.0605350583792, "max": 1, "mean": 0.0826666653156, "median": 0, "min": 0, "var": 0.0758344307542}, "spectral_centroid": {"dmean": 304.336853027, "dmean2": 452.15802002, "dvar": 129112.539062, "dvar2": 262416.625, "max": 11541.234375, "mean": 1563.58374023, "median": 1526.64208984, "min": 136.480209351, "var": 613615.625}, "spectral_complexity": {"dmean": 4.57388401031, "dmean2": 6.34950113297, "dvar": 31.5722541809, "dvar2": 51.2003479004, "max": 63, "mean": 19.7530860901, "median": 18, "min": 0, "var": 146.573532104}, "spectral_contrast_coeffs": {"dmean": [0.0514355450869, 0.0490886904299, 0.0463382676244, 0.0381745062768, 0.0290202386677, 0.0226988140494], "dmean2": [0.0846859589219, 0.0776125565171, 0.070547580719, 0.0585234463215, 0.0432376004755, 0.0336560122669], "dvar": [0.00201208144426, 0.00160832458641, 0.00143685285002, 0.00102528289426, 0.000639138102997, 0.000419458869146], "dvar2": [0.00534436106682, 0.00391770061105, 0.00322703528218, 0.00221037468873, 0.00131310557481, 0.000888044422027], "max": [-0.371780186892, -0.366573989391, -0.44981276989, -0.484798997641, -0.524345338345, -0.585851550102], "mean": [-0.682898759842, -0.733579456806, -0.739655852318, -0.756549119949, -0.766022980213, -0.746716022491], "median": [-0.686268568039, -0.741014838219, -0.747332155704, -0.763648629189, -0.769678115845, -0.745976924896], "min": [-0.972987294197, -0.995116889477, -0.995568990707, -0.985953807831, -0.986888051033, -0.965031921864], "var": [0.00504597928375, 0.00642020162195, 0.00732158590108, 0.00528235454112, 0.00365531421266, 0.00233066477813]}, "spectral_contrast_valleys": {"dmean": [0.440164506435, 0.450172364712, 0.468086630106, 0.440865844488, 0.433857321739, 0.515147030354], "dmean2": [0.691257953644, 0.663441717625, 0.66606682539, 0.605886638165, 0.550876021385, 0.593602657318], "dvar": [0.159827366471, 0.169933974743, 0.195785403252, 0.200005888939, 0.212958246469, 0.296481102705], "dvar2": [0.339060336351, 0.32769843936, 0.359446704388, 0.340638846159, 0.339144200087, 0.447512447834], "max": [-5.07856225967, -4.81964874268, -5.01432752609, -5.53554439545, -5.65283298492, -7.30740118027], "mean": [-7.37127017975, -7.02609777451, -7.50823402405, -7.98700141907, -7.90226793289, -10.4511022568], "median": [-7.17707490921, -6.78901481628, -7.26144266129, -7.74845647812, -7.66555595398, -10.1712770462], "min": [-27.9363441467, -27.7891197205, -27.3107204437, -27.7447319031, -27.4964733124, -27.3595657349], "var": [1.7064217329, 1.88461077213, 1.97584879398, 1.99673748016, 2.16337418556, 2.29494524002]}, "spectral_decrease": {"dmean": 2.20520934846e-09, "dmean2": 3.19903148416e-09, "dvar": 1.03831242549e-17, "dvar2": 2.16749610066e-17, "max": 1.08492147666e-28, "mean": -5.56954304898e-09, "median": -4.38754188536e-09, "min": -3.79166635867e-08, "var": 2.30705619381e-17}, "spectral_energy": {"dmean": 0.00882091652602, "dmean2": 0.0126548130065, "dvar": 0.000161532996572, "dvar2": 0.000331799819833, "max": 0.149650707841, "mean": 0.022970199585, "median": 0.0182439573109, "min": 1.00013527369e-20, "var": 0.000382300670026}, "spectral_energyband_high": {"dmean": 0.000511920370627, "dmean2": 0.000691521621775, "dvar": 9.44918667756e-07, "dvar2": 1.78239702109e-06, "max": 0.0182949863374, "mean": 0.000998474424705, "median": 0.000454179244116, "min": 6.77900361381e-21, "var": 2.25193434744e-06}, "spectral_energyband_low": {"dmean": 0.00488477246836, "dmean2": 0.00759431486949, "dvar": 8.48887793836e-05, "dvar2": 0.000185044147656, "max": 0.113698504865, "mean": 0.00715487869456, "median": 0.00388036458753, "min": 1.60781496071e-23, "var": 0.000114662994747}, "spectral_energyband_middle_high": {"dmean": 0.00243557430804, "dmean2": 0.00344994175248, "dvar": 1.15679522423e-05, "dvar2": 2.41599955189e-05, "max": 0.0836322903633, "mean": 0.00690568191931, "median": 0.00447453837842, "min": 1.39390888915e-21, "var": 5.87816757616e-05}, "spectral_energyband_middle_low": {"dmean": 0.00400728033856, "dmean2": 0.00610501552001, "dvar": 3.8256359403e-05, "dvar2": 9.07159410417e-05, "max": 0.0769587904215, "mean": 0.00870775617659, "median": 0.00593394972384, "min": 1.84357967375e-22, "var": 8.33942831377e-05}, "spectral_entropy": {"dmean": 0.220290765166, "dmean2": 0.290149599314, "dvar": 0.0619107671082, "dvar2": 0.102372385561, "max": 9.82051563263, "mean": 7.53093385696, "median": 7.58249282837, "min": 4.51261281967, "var": 0.252486854792}, "spectral_flux": {"dmean": 0.0252998564392, "dmean2": 0.038863517344, "dvar": 0.000851375341881, "dvar2": 0.00177699245978, "max": 0.325420767069, "mean": 0.0813870355487, "median": 0.0748462229967, "min": 6.5905371438e-11, "var": 0.00228868518025}, "spectral_kurtosis": {"dmean": 2.09302401543, "dmean2": 3.27379703522, "dvar": 15.8498544693, "dvar2": 35.9801330566, "max": 106.272087097, "mean": 4.84391355515, "median": 3.58901691437, "min": -1.25047791004, "var": 28.0792865753}, "spectral_rms": {"dmean": 0.000845008005854, "dmean2": 0.00117776880506, "dvar": 9.72855559667e-07, "dvar2": 1.84375062418e-06, "max": 0.012083074078, "mean": 0.0043032746762, "median": 0.00421888381243, "min": 3.12368642237e-12, "var": 3.89183878724e-06}, "spectral_rolloff": {"dmean": 577.735534668, "dmean2": 954.086120605, "dvar": 851833, "dvar2": 1921491.5, "max": 19745.9472656, "mean": 1707.25769043, "median": 1335.05859375, "min": 21.533203125, "var": 2107416.25}, "spectral_skewness": {"dmean": 0.284191727638, "dmean2": 0.423123955727, "dvar": 0.139687493443, "dvar2": 0.292541831732, "max": 8.82484912872, "mean": 1.55437850952, "median": 1.423391819, "min": -0.06022785604, "var": 0.430308252573}, "spectral_spread": {"dmean": 640072.1875, "dmean2": 870949.8125, "dvar": 616556265472, "dvar2": 1160401256450.0, "max": 41970