{"lowlevel": {"average_loudness": 0.0477800071239, "barkbands": {"dmean": [0.000270014192211, 0.00075080426177, 0.000713859451935, 0.00125658523757, 0.00131958047859, 0.00125833740458, 0.00137022708077, 0.000655092764646, 0.00057587318588, 0.000292836048175, 0.000132176297484, 9.7080199339e-05, 0.000101831363281, 8.59940046212e-05, 8.15665262053e-05, 4.92122853757e-05, 8.86832731339e-06, 6.56753445583e-06, 9.96226390271e-06, 1.02182357296e-05, 4.75347951578e-06, 1.46620129726e-06, 9.72047132564e-07, 8.6419680656e-07, 8.37051231883e-07, 9.75749003373e-07, 4.23951569246e-05], "dmean2": [0.000454661640106, 0.00122574355919, 0.00105849630199, 0.00184522743803, 0.00183500861749, 0.00178386375774, 0.00201692967676, 0.000969168962911, 0.000903882551938, 0.000473349238746, 0.000199040732696, 0.000145427125972, 0.000158198658028, 0.000138478077133, 0.000126925559016, 7.52913547331e-05, 1.42146800499e-05, 1.04422269942e-05, 1.4997182916e-05, 1.46722686623e-05, 7.27624455976e-06, 2.37571543948e-06, 1.6267134697e-06, 1.46209185914e-06, 1.4167808331e-06, 1.61590548942e-06, 5.8640154748e-05], "dvar": [1.09306097329e-06, 1.07007463157e-05, 7.27844235371e-06, 2.84410143649e-05, 3.1453302654e-05, 3.0397250157e-05, 4.40457006334e-05, 1.3103760466e-05, 1.54032059072e-05, 2.36934965869e-06, 6.23365110641e-07, 2.27567468869e-07, 1.3383986186e-07, 1.44814606529e-07, 1.06394139721e-07, 7.45119024259e-08, 1.95364657785e-09, 1.12087905624e-09, 3.21249493673e-09, 4.18136281155e-09, 8.60177873374e-10, 1.68960834906e-11, 5.67598051893e-12, 4.91976294772e-12, 4.532851091e-12, 4.60946992381e-12, 2.28008989467e-08], "dvar2": [3.60820558853e-06, 3.07861118927e-05, 1.45269741552e-05, 6.01621541136e-05, 5.30116776645e-05, 6.34933967376e-05, 9.1681140475e-05, 2.74002795777e-05, 3.69420740753e-05, 6.2892945607e-06, 1.24513348965e-06, 4.86756050577e-07, 3.12305843408e-07, 3.42554869803e-07, 2.53314084375e-07, 1.65357022297e-07, 4.90772489314e-09, 2.49462406288e-09, 8.06287747679e-09, 7.87740095376e-09, 1.68899916275e-09, 4.02098666863e-11, 1.49515521491e-11, 1.29883040087e-11, 1.19466840934e-11, 1.19256323566e-11, 3.81697908836e-08], "max": [0.034515876323, 0.13820977509, 0.124527066946, 0.182978481054, 0.193335101008, 0.155240103602, 0.282760560513, 0.127294763923, 0.232392340899, 0.0420281663537, 0.0299785938114, 0.0159150958061, 0.0158128514886, 0.0163316391408, 0.00994574651122, 0.0105746304616, 0.00197775126435, 0.00166199775413, 0.00248096208088, 0.00409816903993, 0.00109840440564, 0.00021834106883, 4.37653143308e-05, 3.94872367906e-05, 3.782634667e-05, 3.60554149665e-05, 0.00544615788385], "mean": [0.000569298863411, 0.00175925227813, 0.00119452329818, 0.00229004630819, 0.00240151211619, 0.00223545823246, 0.00258753332309, 0.000991700333543, 0.000821845664177, 0.000414771115175, 0.000190585284145, 0.000155521265697, 0.000177731068106, 0.000142421224155, 0.000130698463181, 7.61540068197e-05, 1.44897458085e-05, 1.14678614409e-05, 1.7976250092e-05, 1.87592704606e-05, 8.50491869642e-06, 2.01373904929e-06, 1.06331071947e-06, 8.5900171598e-07, 8.21881826596e-07, 1.15597470085e-06, 0.000107163519715], "median": [7.38896924304e-05, 0.000284396344796, 0.000141297161463, 0.000149563813466, 0.00022494806035, 9.75377843133e-05, 6.87226711307e-05, 1.89594647964e-05, 1.78313584911e-05, 1.56160640472e-05, 9.35116895562e-06, 1.1441575225e-05, 7.84884196037e-06, 6.86550356477e-06, 6.95620337865e-06, 3.03267370327e-06, 1.12206123504e-06, 1.2283386468e-06, 1.52397831243e-06, 1.88865260498e-06, 1.20048366625e-06, 4.6568726475e-07, 2.3901711188e-07, 1.43388064089e-07, 1.25664385564e-07, 3.3647387454e-07, 1.49987945406e-05], "min": [1.67503680105e-25, 5.99254242347e-24, 5.68825313434e-25, 1.3713592489e-24, 7.77324997774e-24, 1.4189883235e-23, 1.24157468921e-23, 7.86310281256e-24, 1.595559691e-23, 1.53435844203e-23, 1.5457076261e-23, 3.43109623363e-23, 2.2430947451e-23, 3.60686958944e-23, 4.03268818638e-23, 7.78218288085e-23, 8.74201518779e-23, 9.27813200095e-23, 1.4684832553e-22, 1.77518997711e-22, 2.82651866323e-22, 3.50783094269e-22, 4.48083798404e-22, 5.75364952984e-22, 8.57508919101e-22, 1.39940733802e-21, 1.92148018039e-21], "var": [3.14491921927e-06, 3.09924253088e-05, 1.96452747332e-05, 6.43860839773e-05, 9.48761517066e-05, 8.71643787832e-05, 0.000196066510398, 2.73131627182e-05, 2.08679120988e-05, 4.42837244918e-06, 1.10110465812e-06, 5.34325351964e-07, 4.80709275053e-07, 2.94159235636e-07, 2.03103923013e-07, 1.35925887434e-07, 5.84969939155e-09, 4.10352418712e-09, 7.86150788912e-09, 1.32336381853e-08, 2.38428143895e-09, 3.72648821523e-11, 6.16937837622e-12, 5.14584685626e-12, 4.77906733284e-12, 5.51004034066e-12, 1.04422674951e-07]}, "barkbands_crest": {"dmean": 2.97594833374, "dmean2": 4.85611391068, "dvar": 6.9744925499, "dvar2": 17.634847641, "max": 26.4569282532, "mean": 13.2490005493, "median": 12.5498657227, "min": 3.44948482513, "var": 22.6676063538}, "barkbands_flatness_db": {"dmean": 0.0355297476053, "dmean2": 0.0556848086417, "dvar": 0.000951448397245, "dvar2": 0.00229520513676, "max": 0.576093137264, "mean": 0.220771417022, "median": 0.210162445903, "min": 0.0531790778041, "var": 0.00514321634546}, "barkbands_kurtosis": {"dmean": 20.3156375885, "dmean2": 32.2259063721, "dvar": 1263.91088867, "dvar2": 3071.22583008, "max": 637.574523926, "mean": 41.9729423523, "median": 21.3552627563, "min": -1.87497580051, "var": 3613.96606445}, "barkbands_skewness": {"dmean": 1.16635155678, "dmean2": 1.82395672798, "dvar": 1.65857803822, "dvar2": 3.94010043144, "max": 21.5305519104, "mean": 4.11188173294, "median": 3.53097581863, "min": -2.33073759079, "var": 7.52641916275}, "barkbands_spread": {"dmean": 4.30148220062, "dmean2": 6.6760134697, "dvar": 62.3037528992, "dvar2": 133.799713135, "max": 131.559188843, "mean": 11.1232662201, "median": 7.01340484619, "min": 0.258389830589, "var": 200.266342163}, "dissonance": {"dmean": 0.034132566303, "dmean2": 0.0569964535534, "dvar": 0.00109252391849, "dvar2": 0.00293465983123, "max": 0.500000059605, "mean": 0.429367989302, "median": 0.442747294903, "min": 0.157419383526, "var": 0.00293172057718}, "dynamic_complexity": 7.9441318512, "erbbands": {"dmean": [0.0381245166063, 0.116865202785, 0.608763992786, 2.71997141838, 4.45045948029, 3.83034276962, 6.65480136871, 11.6047973633, 17.1978168488, 17.4542675018, 14.0446796417, 13.0322904587, 8.90266227722, 6.45447015762, 4.60107326508, 3.57670235634, 4.14338541031, 4.67953205109, 2.75739192963, 4.59920549393, 1.60769546032, 0.48918351531, 0.343082487583, 0.417054146528, 0.567177116871, 0.452806740999, 0.276265561581, 0.123089537024, 0.0546489469707, 0.0365811698139, 0.026702594012, 0.0193447880447, 0.0137675767764, 0.00939323846251, 0.0059410110116, 0.00338404066861, 0.00184638728388, 0.00229369429871, 0.00457837805152, 0.00106935726944], "dmean2": [0.0620375238359, 0.191516727209, 0.915458023548, 3.90323543549, 6.30092191696, 5.38582515717, 9.81715393066, 16.2698478699, 25.264831543, 26.0237903595, 20.5551109314, 20.2646846771, 14.2158870697, 10.0915193558, 6.86329030991, 5.2693066597, 6.45835208893, 7.46984052658, 4.30800819397, 7.13119125366, 2.41414690018, 0.780157446861, 0.544328033924, 0.649032890797, 0.850293517113, 0.639453649521, 0.408004522324, 0.186360448599, 0.0876439958811, 0.060289170593, 0.0446812808514, 0.0326445885003, 0.0233295317739, 0.0159057751298, 0.0100471153855, 0.00571098830551, 0.00303917983547, 0.00323597202078, 0.00591183966026, 0.00148654414807], "dvar": [0.0392810739577, 0.131593078375, 5.17726135254, 118.584854126, 446.23059082, 303.204071045, 798.655212402, 3198.57836914, 8155.55419922, 8461.12695312, 4622.18847656, 8517.42675781, 2422.10644531, 992.524658203, 724.561828613, 306.016540527, 212.29536438, 445.957366943, 66.3802642822, 434.803070068, 89.0363922119, 5.27360534668, 3.25277876854, 4.35251522064, 14.3225622177, 8.18142700195, 2.85792064667, 0.444158315659, 0.0235513132066, 0.00750181730837, 0.00430326256901, 0.00241612643003, 0.00126139807981, 0.000579961575568, 0.000224831746891, 6.88005748088e-05, 1.59094979608e-05, 0.00012779381359, 0.000812266662251, 7.46627893022e-06], "dvar2": [0.115113072097, 0.343863844872, 10.2968902588, 247.431884766, 810.689758301, 546.258972168, 1701.71057129, 6715.06494141, 16451.6777344, 17708.1738281, 9524.13769531, 20613.2207031, 6090.55810547, 2162.16796875, 1458.03430176, 649.452331543, 518.862121582, 1037.32971191, 151.879165649, 1056.04650879, 189.767883301, 13.0660476685, 7.84662151337, 11.0757217407, 32.6533203125, 14.3308496475, 5.34750270844, 0.869554460049, 0.0501110889018, 0.0194525495172, 0.0113309882581, 0.00638329051435, 0.00332844280638, 0.00152903830167, 0.000592314871028, 0.000181110604899, 4.12032059103e-05, 0.00020138459513, 0.00114715006202, 1.40389074659e-05], "max": [8.23554706573, 14.2313613892, 103.143692017, 333.594177246, 948.405151367, 588.853881836, 780.916748047, 1466.2010498, 3375.0144043, 3194.84008789, 1828.12719727, 5529.34326172, 1958.24609375, 1225.07250977, 1244.71533203, 713.246704102, 652.81262207, 864.947509766, 219.384750366, 683.044433594, 486.269958496, 89.4609680176, 85.1687545776, 96.6461029053, 203.628982544, 186.470245361, 66.9049987793, 32.0564422607, 7.05104732513, 1.53515994549, 1.20138931274, 0.874215066433, 0.632695257664, 0.428643405437, 0.266021579504, 0.14604857564, 0.0667051151395, 0.613125622272, 1.4729834795, 0.0994350090623], "mean": [0.0968733280897, 0.228846222162, 1.07050061226, 5.02200555801, 8.79788398743, 6.87583112717, 11.0710697174, 21.5898799896, 34.470905304, 30.0683383942, 22.3506393433, 18.9980144501, 12.8864173889, 10.2024621964, 7.12043762207, 6.45438718796, 7.97274017334, 7.9350399971, 5.59184265137, 7.72154664993, 2.85758662224, 0.903046190739, 0.611440181732, 0.786208689213, 1.03659248352, 0.858260691166, 0.505295813084, 0.214584395289, 0.0803384259343, 0.0436101518571, 0.0288338176906, 0.0196203682572, 0.0135641358793, 0.00921192672104, 0.0058664008975, 0.00344584649429, 0.00228364369832, 0.00502525595948, 0.010681103915, 0.00329151679762], "median": [0.00872792769223, 0.0608629249036, 0.177684783936, 0.428759664297, 0.638933539391, 0.747171998024, 0.82645368576, 0.827482640743, 1.08568656445, 0.76653522253, 0.475329995155, 0.448409944773, 0.497432887554, 0.549887537956, 0.481815248728, 0.473217010498, 0.407932162285, 0.387697070837, 0.396726340055, 0.317439705133, 0.139840781689, 0.071762830019, 0.0686199888587, 0.0728918984532, 0.0903850719333, 0.0924047455192, 0.0641360655427, 0.0357031114399, 0.0185294859111, 0.0110549740493, 0.00631239591166, 0.00351817323826, 0.0021791709587, 0.00139212713111, 0.000927047047298, 0.00066837889608, 0.000695177470334, 0.00123643956613, 0.00151312258095, 0.000952854985371], "min": [1.6179643189e-22, 1.3806209879e-21, 1.74924465748e-21, 7.03156592707e-21, 1.1784998899e-20, 2.6770073629e-20, 3.38426536589e-20, 1.35292614089e-19, 1.81765520832e-19, 1.65124934579e-19, 1.66334414806e-19, 4.25876885204e-19, 4.00100179558e-19, 9.07400898551e-19, 9.80825172034e-19, 1.68212864429e-18, 1.99405659213e-18, 1.7608851308e-18, 2.51295340104e-18, 4.17336814066e-18, 4.17815751641e-18, 5.5476356706e-18, 4.97125167028e-18, 7.50844911468e-18, 6.92199791272e-18, 9.75273570032e-18, 1.16684148615e-17, 1.02926695734e-17, 1.09812535927e-17, 1.16063812786e-17, 1.30157522858e-17, 1.1021415693e-17, 1.10272142291e-17, 8.60371151914e-18, 6.21222648913e-18, 4.78226033905e-18, 2.48288559256e-18, 1.01007562266e-18, 2.40336835839e-19, 2.73354790427e-20], "var": [0.116679556668, 0.383808761835, 13.9873762131, 257.277191162, 1803.36828613, 653.834228516, 1617.24963379, 9437.14648438, 34279.5, 23384.4082031, 9949.47460938, 11323.6738281, 3816.25805664, 2081.98852539, 1283.35876465, 843.885375977, 827.499389648, 905.208740234, 226.370193481, 824.519958496, 207.855651855, 18.6211109161, 11.3437929153, 13.7730884552, 33.6409072876, 28.0429515839, 8.08326053619, 1.39247906208, 0.0668041929603, 0.00940568465739, 0.00464273663238, 0.00253333267756, 0.00131959165446, 0.000609695562162, 0.000238113745581, 7.36723523005e-05, 1.9843744667e-05, 0.000515468535013, 0.0032033440657, 4.16327820858e-05]}, "erbbands_crest": {"dmean": 3.42927312851, "dmean2": 5.45987701416, "dvar": 9.35490703583, "dvar2": 22.1762485504, "max": 31.8631477356, "mean": 12.1875762939, "median": 11.039399147, "min": 1.96476149559, "var": 32.3215179443}, "erbbands_flatness_db": {"dmean": 0.0291232019663, "dmean2": 0.045157507062, "dvar": 0.000645080057438, "dvar2": 0.00150434288662, "max": 0.430547595024, "mean": 0.173505663872, "median": 0.165233597159, "min": 0.0176692996174, "var": 0.00459562381729}, "erbbands_kurtosis": {"dmean": 2.84325027466, "dmean2": 4.46635389328, "dvar": 31.7526912689, "dvar2": 81.8327407837, "max": 195.554275513, "mean": 3.90585231781, "median": 1.48903417587, "min": -1.77769076824, "var": 63.1761283875}, "erbbands_skewness": {"dmean": 0.569001674652, "dmean2": 0.871055185795, "dvar": 0.321358919144, "dvar2": 0.714632451534, "max": 12.4366350174, "mean": 1.15680253506, "median": 1.03579890728, "min": -3.44594740868, "var": 1.62016308308}, "erbbands_spread": {"dmean": 7.10124778748, "dmean2": 11.1148080826, "dvar": 61.5433120728, "dvar2": 140.688308716, "max": 143.279815674, "mean": 27.2358074188, "median": 23.5761508942, "min": 1.32388496399, "var": 328.105010986}, "gfcc": {"cov": [[22037.2851562, 2349.43896484, -2786.5234375, -1583.91943359, -397.239501953, -1084.25366211, -626.994506836, -708.094665527, -191.469223022, 64.677772522, -109.601730347, -712.651428223, 173.370285034], [2349.43896484, 1013.99224854, -178.376281738, -373.711914062, -56.750579834, -183.981292725, -74.4591445923, -221.420715332, 5.50073099136, 16.8323421478, 6.09972000122, -122.699111938, 44.8520011902], [-2786.5234375, -178.376281738, 1076.14331055, 633.210998535, 59.4516601562, 284.781188965, 70.1556472778, 159.747070312, -30.0731468201, -59.2811965942, -20.4597892761, 106.744926453, -66.9983978271], [-1583.91943359, -373.711914062, 633.210998535, 709.909973145, 206.615692139, 151.487167358, 105.598968506, 60.6610794067, -87.6513900757, -74.715637207, -45.1015396118, 67.2449493408, -81.1347732544], [-397.239501953, -56.750579834, 59.4516601562, 206.615692139, 342.407806396, 63.9646072388, 147.939117432, -78.0212402344, -17.0700111389, -37.3694725037, 21.5678672791, 9.99452209473, 16.1912059784], [-1084.25366211, -183.981292725, 284.781188965, 151.487167358, 63.9646072388, 351.816711426, 16.9843559265, 116.712745667, -32.2548599243, -33.9259567261, 5.28334569931, 55.6249351501, -23.8280639648], [-626.994506836, -74.4591445923, 70.1556472778, 105.598968506, 147.939117432, 16.9843559265, 285.461151123, 53.5198478699, 55.6259460449, -16.304977417, 24.4754943848, 44.0846481323, 0.787569403648], [-708.094665527, -221.420715332, 159.747070312, 60.6610794067, -78.0212402344, 116.712745667, 53.5198478699, 267.51675415, 112.918792725, 22.0201206207, 12.2164821625, 45.9678153992, -14.1087522507], [-191.469223022, 5.50073099136, -30.0731468201, -87.6513900757, -17.0700111389, -32.2548599243, 55.6259460449, 112.918792725, 210.97845459, 85.0322036743, 40.3719940186, 30.8612232208, 18.2245960236], [64.677772522, 16.8323421478, -59.2811965942, -74.715637207, -37.3694725037, -33.9259567261, -16.304977417, 22.0201206207, 85.0322036743, 108.594650269, 55.4737129211, 6.35604095459, 18.910030365], [-109.601730347, 6.09972000122, -20.4597892761, -45.1015396118, 21.5678672791, 5.28334569931, 24.4754943848, 12.2164821625, 40.3719940186, 55.4737129211, 111.055953979, 70.9934692383, 37.0618019104], [-712.651428223, -122.699111938, 106.744926453, 67.2449493408, 9.99452209473, 55.6249351501, 44.0846481323, 45.9678153992, 30.8612232208, 6.35604095459, 70.9934692383, 150.880004883, 38.8765716553], [173.370285034, 44.8520011902, -66.9983978271, -81.1347732544, 16.1912059784, -23.8280639648, 0.787569403648, -14.1087522507, 18.2245960236, 18.910030365, 37.0618019104, 38.8765716553, 121.111190796]], "icov": [[0.000128077314002, -0.000369489978766, 0.000564414600376, -0.000537459622137, 0.000278293795418, -7.31444233679e-05, 0.000121868994029, -0.000163646152942, -1.6463593056e-05, 0.00021778937662, -0.000279210449662, 0.000350890390109, -0.000224501025514], [-0.000369489978766, 0.00322394096293, -0.00279301940463, 0.00303263729438, -0.00043953518616, 0.000520550704096, -0.000540916633327, 0.00270844926126, -0.00123922922648, 0.000936961965635, -0.000800372567028, 0.00121058837976, 0.000198233203264], [0.000564414600376, -0.00279301940463, 0.00633313786238, -0.00705852312967, 0.00420392071828, -0.00286958320066, 8.90459050424e-05, -0.000199300600798, -0.00210493779741, 0.00264663575217, -0.00286595872603, 0.00206502061337, -0.00203149369918], [-0.000537459622137, 0.00303263729438, -0.00705852312967, 0.0115420836955, -0.00838288012892, 0.00428919726983, 0.000474851403851, -0.00278934114613, 0.0060706040822, -0.00606452021748, 0.00756714679301, -0.00633729575202, 0.00486234622076], [0.000278293795418, -0.00043953518616, 0.00420392071828, -0.00838288012892, 0.0134290661663, -0.00575248338282, -0.00395272672176, 0.0084334705025, -0.00852714385837, 0.00929108913988, -0.0102955745533, 0.00912157353014, -0.0053897537291], [-7.31444233679e-05, 0.000520550704096, -0.00286958320066, 0.00428919726983, -0.00575248338282, 0.00711137568578, 0.00176613230724, -0.00545761920512, 0.0054210787639, -0.0033640966285, 0.00364788831212, -0.00427260296419, 0.00268350704573], [0.000121868994029, -0.000540916633327, 8.90459050424e-05, 0.000474851403851, -0.00395272672176, 0.00176613230724, 0.00624606199563, -0.00320513802581, 0.000164001699886, 0.000706345075741, 0.000460876966827, -0.00196891906671, 0.00121117511299], [-0.000163646152942, 0.00270844926126, -0.000199300600798, -0.00278934114613, 0.0084334705025, -0.00545761920512, -0.00320513802581, 0.0149282785133, -0.0112260738388, 0.00771553069353, -0.00684746401384, 0.00654710270464, -0.00271058431827], [-1.6463593056e-05, -0.00123922922648, -0.00210493779741, 0.0060706040822, -0.00852714385837, 0.0054210787639, 0.000164001699886, -0.0112260738388, 0.0184202697128, -0.0156705565751, 0.0106492657214, -0.00944276619703, 0.0037297909148], [0.00021778937662, 0.000936961965635, 0.00264663575217, -0.00606452021748, 0.00929108913988, -0.0033640966285, 0.000706345075741, 0.00771553069353, -0.0156705565751, 0.0298036951572, -0.0208344068378, 0.013616126962, -0.00455768359825], [-0.000279210449662, -0.000800372567028, -0.00286595872603, 0.00756714679301, -0.0102955745533, 0.00364788831212, 0.000460876966827, -0.00684746401384, 0.0106492657214, -0.0208344068378, 0.0312358438969, -0.0189651977271, 0.00365319545381], [0.000350890390109, 0.00121058837976, 0.00206502061337, -0.00633729575202, 0.00912157353014, -0.00427260296419, -0.00196891906671, 0.00654710270464, -0.00944276619703, 0.013616126962, -0.0189651977271, 0.0223789233714, -0.00742334732786], [-0.000224501025514, 0.000198233203264, -0.00203149369918, 0.00486234622076, -0.0053897537291, 0.00268350704573, 0.00121117511299, -0.00271058431827, 0.0037297909148, -0.00455768359825, 0.00365319545381, -0.00742334732786, 0.0129786031321]], "mean": [-168.31288147, 108.978363037, -57.8384780884, -6.96448802948, -17.8593502045, -16.7144813538, -5.76327848434, -19.9508800507, -6.10446596146, -3.71007585526, -5.80436420441, -9.96983146667, -4.53429031372]}, "hfc": {"dmean": 18.7073535919, "dmean2": 26.3084068298, "dvar": 2562.33325195, "dvar2": 5500.64794922, "max": 2126.86987305, "mean": 54.6358909607, "median": 20.4343643188, "min": 1.04738257671e-16, "var": 11784.1601562}, "melbands": {"dmean": [0.000264215341303, 0.000248266063863, 0.000505458097905, 0.000294490368105, 0.000216689048102, 0.00025885849027, 0.000267048599198, 0.000182320640306, 0.000119893855299, 7.61397532187e-05, 4.55674271507e-05, 2.87422444671e-05, 1.66927748069e-05, 1.04314158307e-05, 1.05891358544e-05, 1.02251024146e-05, 8.95772882359e-06, 4.74173884868e-06, 7.05607362761e-06, 4.96892425872e-06, 1.46599415984e-06, 5.59466457162e-07, 3.25530578493e-07, 3.10861111075e-07, 3.63778525525e-07, 4.13377648556e-07, 4.51504547527e-07, 2.9791570455e-07, 1.96762087512e-07, 1.19402770338e-07, 6.24722815701e-08, 3.29059055559e-08, 2.38833184341e-08, 1.91350828516e-08, 1.58295687669e-08, 1.3235533558e-08, 1.12915081729e-08, 9.79802461387e-09, 8.62768700927e-09, 7.67847296856e-09], "dmean2": [0.000429728068411, 0.000377492106054, 0.000727558799554, 0.000410603330238, 0.000316538615152, 0.000366053631296, 0.000391659326851, 0.000270835938863, 0.000178634436452, 0.000118040312373, 7.31507025193e-05, 4.55983099528e-05, 2.50543507718e-05, 1.57161375682e-05, 1.61881162057e-05, 1.61281386681e-05, 1.43325314639e-05, 7.57325733503e-06, 1.11044855657e-05, 7.7545601016e-06, 2.24545738092e-06, 8.94676929875e-07, 5.27208158019e-07, 5.02737520947e-07, 5.70501015318e-07, 6.25546590527e-07, 6.65998527438e-07, 4.30319346378e-07, 2.96686863521e-07, 1.80679663231e-07, 9.77101066724e-08, 5.32826582855e-08, 3.90466361466e-08, 3.18108561714e-08, 2.64960444696e-08, 2.22610498923e-08, 1.90898390429e-08, 1.66061919771e-08, 1.46195056061e-08, 1.30004105259e-08], "dvar": [1.57891463459e-06, 7.06114576587e-07, 3.77787591788e-06, 1.54730332724e-06, 8.52881896662e-07, 1.42843907724e-06, 1.76094931703e-06, 8.86912857823e-07, 3.79211883228e-07, 2.63031040504e-07, 6.4007281253e-08, 2.08831192339e-08, 9.19446296876e-09, 3.2605447231e-09, 2.01150140988e-09, 1.39962352819e-09, 1.88582505167e-09, 2.08313491457e-10, 8.97486085449e-10, 7.48995476751e-10, 9.26043339233e-11, 7.49311463571e-12, 3.00318016982e-12, 2.70324127666e-12, 3.47714999155e-12, 5.65113277354e-12, 1.14548500893e-11, 3.21894269052e-12, 1.34420794808e-12, 6.08892710557e-13, 1.05233123647e-13, 9.4475386783e-15, 3.20842506717e-15, 2.0907943159e-15, 1.49357944276e-15, 1.09921096104e-15, 8.31929026316e-16, 6.38983179502e-16, 4.9415404511e-16, 3.86079470243e-16], "dvar2": [4.61161016574e-06, 1.41952011745e-06, 7.91860838945e-06, 2.64506184067e-06, 1.72019474576e-06, 2.96450571113e-06, 3.55954648512e-06, 1.83413908417e-06, 8.22496531327e-07, 6.28321004115e-07, 1.62849218555e-07, 4.8170250011e-08, 1.8402234403e-08, 6.93451251976e-09, 4.41235492588e-09, 3.35765215631e-09, 4.31285851477e-09, 5.041155271e-10, 2.21096807529e-09, 1.71829750428e-09, 2.0370960474e-10, 1.91340155525e-11, 6.98611004116e-12, 6.24679301342e-12, 9.15143568564e-12, 1.37439903208e-11, 2.57741553794e-11, 6.09884408601e-12, 2.48658081972e-12, 1.27839134677e-12, 2.19629842741e-13, 2.11737230396e-14, 8.00919203056e-15, 5.48987082939e-15, 3.92686591929e-15, 2.90505979359e-15, 2.19748552715e-15, 1.68645350353e-15, 1.30313986056e-15, 1.01775730821e-15], "max": [0.0537398643792, 0.0376800633967, 0.0622606277466, 0.047091819346, 0.0348768904805, 0.0341541841626, 0.0521421954036, 0.0299026239663, 0.0240985527635, 0.0299699660391, 0.00948965363204, 0.00456736516207, 0.00401520915329, 0.00222496199422, 0.00183190603275, 0.00095512077678, 0.00196808367036, 0.000331003015162, 0.00102447788231, 0.00112342077773, 0.000494229025207, 0.000120415534184, 8.88164213393e-05, 7.18675000826e-05, 8.55904509081e-05, 9.76127921604e-05, 0.000211743390537, 9.65680446825e-05, 4.6003380703e-05, 3.36564917234e-05, 1.79634116648e-05, 5.06672085976e-06, 1.27517955661e-06, 8.32191290101e-07, 7.20931950582e-07, 5.83370706408e-07, 5.12878727932e-07, 4.50222586323e-07, 3.95924274699e-07, 3.49584837522e-07], "mean": [0.000664623978082, 0.000452650914667, 0.00100919674151, 0.000565132766496, 0.000370028283214, 0.000476926972624, 0.000532684614882, 0.000306336296489, 0.000182303774636, 0.000109203705506, 6.34355965303e-05, 4.37499838881e-05, 2.49372078542e-05, 1.64694793057e-05, 1.96788405447e-05, 1.67267262441e-05, 1.4482709048e-05, 8.44079931994e-06, 1.11481458589e-05, 7.87140743341e-06, 2.41265684053e-06, 9.17232057418e-07, 5.36972663667e-07, 5.55334054297e-07, 6.32141393453e-07, 7.20606294635e-07, 7.76603485519e-07, 5.18624574397e-07, 3.41712222962e-07, 2.01817670131e-07, 9.80114833737e-08, 4.70558205734e-08, 2.92763377985e-08, 2.17819184911e-08, 1.70698690738e-08, 1.36539890505e-08, 1.12861382462e-08, 9.63319912728e-09, 8.44055136895e-09, 7.51727924353e-09], "median": [8.53850797284e-05, 0.000102958794741, 8.8527223852e-05, 5.18189153809e-05, 2.93884859275e-05, 1.79484195542e-05, 1.55157194968e-05, 7.10853328201e-06, 3.21730499309e-06, 2.52934205491e-06, 2.29820943787e-06, 2.18591208068e-06, 1.413449354e-06, 1.31736112507e-06, 1.00084503174e-06, 7.08997561105e-07, 6.23264782007e-07, 5.83970063417e-07, 4.98762574352e-07, 2.84372532633e-07, 1.16284269325e-07, 6.66799735427e-08, 5.84146562232e-08, 5.66835041127e-08, 5.35529629531e-08, 5.73895739819e-08, 6.56889724837e-08, 5.30159418588e-08, 3.91834049651e-08, 2.75387037618e-08, 1.57749990848e-08, 1.04122328537e-08, 7.49564676994e-09, 5.3678692602e-09, 3.74744413278e-09, 2.62496313574e-09, 1.95119187474e-09, 1.53481527487e-09, 1.25742083412e-09, 1.12783893336e-09], "min": [1.97035366019e-24, 1.93814920259e-24, 1.093026639e-24, 7.5500831998e-25, 1.09284549682e-24, 2.62175239723e-24, 2.53584702237e-24, 2.30934809598e-24, 1.37697741766e-24, 2.53715830641e-24, 1.86136700411e-24, 3.49231562641e-24, 2.28757001297e-24, 3.08812992263e-24, 3.46319048735e-24, 2.70966739524e-24, 2.45934822217e-24, 3.07409588991e-24, 3.18176712043e-24, 6.20513846527e-24, 3.96490917852e-24, 5.51772310031e-24, 3.71995840112e-24, 4.82188743404e-24, 4.76603884297e-24, 4.84397908927e-24, 5.70684500816e-24, 5.60287274642e-24, 5.58792540999e-24, 5.4864238606e-24, 4.92790166224e-24, 5.30142730086e-24, 6.34054683408e-24, 5.27006653e-24, 6.27758429536e-24, 6.94535702378e-24, 5.83358931765e-24, 7.54845932963e-24, 7.60584186073e-24, 5.16226158756e-24], "var": [4.87693614559e-06, 1.96485621018e-06, 1.06633870018e-05, 5.41212966709e-06, 1.71978479102e-06, 4.26178121415e-06, 8.10635356174e-06, 2.34411095335e-06, 6.95075300428e-07, 3.66812543007e-07, 1.02056873175e-07, 4.31937436929e-08, 1.70227796303e-08, 6.54219833862e-09, 8.41690894759e-09, 3.29376637076e-09, 3.59546503681e-09, 6.0907801025e-10, 1.56474422308e-09, 1.27166333019e-09, 2.31547434004e-10, 2.25293429745e-11, 8.75340425144e-12, 1.02797857032e-11, 9.44955398652e-12, 1.31296206546e-11, 2.60772081012e-11, 1.03342421426e-11, 3.65058807836e-12, 1.42115822149e-12, 3.00877514093e-13, 2.49601839306e-14, 4.47623581877e-15, 2.40977421835e-15, 1.61580185013e-15, 1.1562217841e-15, 8.70264466959e-16, 6.67732801221e-16, 5.17823692606e-16, 4.06083079735e-16]}, "melbands_crest": {"dmean": 3.91243004799, "dmean2": 6.33700466156, "dvar": 12.383846283, "dvar2": 30.9369983673, "max": 38.8408699036, "mean": 19.4950065613, "median": 18.2998199463, "min": 1.59801399708, "var": 56.5450820923}, "melbands_flatness_db": {"dmean": 0.0414809137583, "dmean2": 0.0653855353594, "dvar": 0.00126167933922, "dvar2": 0.00304481573403, "max": 0.721714615822, "mean": 0.34364810586, "median": 0.336825221777, "min": 0.00275619630702, "var": 0.00755856046453}, "melbands_kurtosis": {"dmean": 26.7604007721, "dmean2": 43.5371284485, "dvar": 5383.26171875, "dvar2": 14762.9267578, "max": 2054.07446289, "mean": 49.7493438721, "median": 16.5375766754, "min": -1.86683726311, "var": 13124.2041016}, "melbands_skewness": {"dmean": 1.18922281265, "dmean2": 1.87336349487, "dvar": 2.21498060226, "dvar2": 5.57520675659, "max": 30.1275672913, "mean": 3.85091876984, "median": 3.01576828957, "min": -1.63001275063, "var": 11.4263410568}, "melbands_spread": {"dmean": 3.13985991478, "dmean2": 4.8874464035, "dvar": 42.685333252, "dvar2": 87.7831115723, "max": 169.093856812, "mean": 8.82401275635, "median": 4.97760868073, "min": 0.0618510320783, "var": 255.161331177}, "mfcc": {"cov": [[12347.4521484, 2494.10913086, -2373.7331543, -528.97088623, -789.526550293, -357.143615723, -597.483581543, -985.543212891, -357.98147583, 131.082305908, -254.931472778, -348.633972168, -101.836883545], [2494.10913086, 1563.03991699, -290.739105225, -225.421768188, -172.293838501, -42.5472412109, -134.70463562, -311.076843262, -77.4806365967, 56.6891517639, -68.6346206665, -99.1352920532, 6.44270420074], [-2373.7331543, -290.739105225, 1091.04052734, 262.867858887, 257.855651855, 86.5908584595, 117.195419312, 253.383026123, 64.8656997681, -33.2085647583, 54.6344528198, 76.6034698486, -22.5397281647], [-528.97088623, -225.421768188, 262.867858887, 550.22442627, 135.333007812, 108.652359009, 131.837051392, 80.6371994019, 25.166759491, -28.5846767426, -10.5571041107, 8.91665554047, -24.2041320801], [-789.526550293, -172.293838501, 257.855651855, 135.333007812, 261.174499512, 148.494735718, 91.7906570435, 97.2672958374, 7.63951587677, -22.5211238861, 3.86662435532, 18.3616867065, -2.12686371803], [-357.143615723, -42.5472412109, 86.5908584595, 108.652359009, 148.494735718, 217.959838867, 141.402938843, 39.1535301208, -14.0235242844, -35.3167419434, -33.8080291748, -0.379577070475, 1.85887849331], [-597.483581543, -134.70463562, 117.195419312, 131.837051392, 91.7906570435, 141.402938843, 231.576324463, 118.160385132, 12.9548921585, -25.1786899567, -23.0394592285, 1.59915292263, 8.85292243958], [-985.543212891, -311.076843262, 253.383026123, 80.6371994019, 97.2672958374, 39.1535301208, 118.160385132, 276.011138916, 96.0919952393, -10.7068872452, 61.0468673706, 55.3354606628, 15.2151861191], [-357.98147583, -77.4806365967, 64.8656997681, 25.166759491, 7.63951587677, -14.0235242844, 12.9548921585, 96.0919952393, 129.436325073, 64.049621582, 43.7965774536, 25.6263942719, 0.642886400223], [131.082305908, 56.6891517639, -33.2085647583, -28.5846767426, -22.5211238861, -35.3167419434, -25.1786899567, -10.7068872452, 64.049621582, 127.920463562, 64.4315643311, -3.49947595596, -9.72934055328], [-254.931472778, -68.6346206665, 54.6344528198, -10.5571041107, 3.86662435532, -33.8080291748, -23.0394592285, 61.0468673706, 43.7965774536, 64.4315643311, 129.551589966, 66.1269378662, 8.72826957703], [-348.633972168, -99.1352920532, 76.6034698486, 8.91665554047, 18.3616867065, -0.379577070475, 1.59915292263, 55.3354606628, 25.6263942719, -3.49947595596, 66.1269378662, 103.314002991, 54.9113349915], [-101.836883545, 6.44270420074, -22.5397281647, -24.2041320801, -2.12686371803, 1.85887849331, 8.85292243958, 15.2151861191, 0.642886400223, -9.72934055328, 8.72826957703, 54.9113349915, 95.3846588135]], "icov": [[0.000278118590359, -0.000360471865861, 0.000543725735042, -0.000253462610999, 0.00017221402959, -9.55580708251e-06, 0.000531618134119, -0.000578583218157, 0.000948602275457, -0.000837290252093, 0.00086682359688, -0.0006844017189, 0.0006553051644], [-0.000360471865861, 0.00140558974817, -0.000900001788978, 0.000562594388612, 0.000259139895206, -0.000510150974151, -0.00060316832969, 0.0018334168708, -0.00160735985264, 0.00114423816558, -0.00165577558801, 0.00214535556734, -0.00172644725535], [0.000543725735042, -0.000900001788978, 0.00266485637985, -0.000906382512767, -0.00104995502625, 0.000777424604166, 0.00107221549843, -0.00247263675556, 0.00243800273165, -0.00208863336593, 0.00267773075029, -0.00325055094436, 0.00269413972273], [-0.000253462610999, 0.000562594388612, -0.000906382512767, 0.00275759375654, -0.000795174157247, 8.98400030565e-05, -0.00189977663103, 0.00176966190338, -0.00211190455593, 0.00177078985143, -0.00128755671903, 0.000801366695669, -9.71429763013e-05], [0.00017221402959, 0.000259139895206, -0.00104995502625, -0.000795174157247, 0.00961467064917, -0.00708821089938, 0.00326407304965, -0.0029022989329, 0.00260708387941, -0.00228678435087, 0.000717123330105, 0.000445813115221, -0.000344088621205], [-9.55580708251e-06, -0.000510150974151, 0.000777424604166, 8.98400030565e-05, -0.00708821089938, 0.0136532792822, -0.00758465426043, 0.00318373693153, -0.00127934198827, 0.00203494587913, 0.000808458018582, -0.00229398347437, 0.00146555248648], [0.000531618134119, -0.00060316832969, 0.00107221549843, -0.00189977663103, 0.00326407304965, -0.00758465426043, 0.0130115384236, -0.00824991520494, 0.00607741251588, -0.00618667667732, 0.00607261992991, -0.00163463642821, 0.000421888049459], [-0.000578583218157, 0.0018334168708, -0.00247263675556, 0.00176966190338, -0.0029022989329, 0.00318373693153, -0.00824991520494, 0.0163382664323, -0.0140640391037, 0.0129115702584, -0.0126601113006, 0.0080204308033, -0.00489100301638], [0.000948602275457, -0.00160735985264, 0.00243800273165, -0.00211190455593, 0.00260708387941, -0.00127934198827, 0.00607741251588, -0.0140640391037, 0.025601759553, -0.0199457835406, 0.01453191787, -0.0129643185064, 0.00685049267486], [-0.000837290252093, 0.00114423816558, -0.00208863336593, 0.00177078985143, -0.00228678435087, 0.00203494587913, -0.00618667667732, 0.0129115702584, -0.0199457835406, 0.0298493746668, -0.0236549358815, 0.0185853652656, -0.00794705282897], [0.00086682359688, -0.00165577558801, 0.00267773075029, -0.00128755671903, 0.000717123330105, 0.000808458018582, 0.00607261992991, -0.0126601113006, 0.01453191787, -0.0236549358815, 0.0344394035637, -0.027236957103, 0.0128170857206], [-0.0006844017189, 0.00214535556734, -0.00325055094436, 0.000801366695669, 0.000445813115221, -0.00229398347437, -0.00163463642821, 0.0080204308033, -0.0129643185064, 0.0185853652656, -0.027236957103, 0.0398354493082, -0.0209705233574], [0.0006553051644, -0.00172644725535, 0.00269413972273, -9.71429763013e-05, -0.000344088621205, 0.00146555248648, 0.000421888049459, -0.00489100301638, 0.00685049267486, -0.00794705282897, 0.0128170857206, -0.0209705233574, 0.0226596444845]], "mean": [-834.887939453, 171.250717163, 16.7793331146, 24.7879199982, 4.94505739212, 12.6346521378, 5.24490404129, -6.28563547134, 0.758068203926, 5.39645051956, -1.51781284809, -2.79134535789, 1.7774862051]}, "pitch_salience": {"dmean": 0.0799566358328, "dmean2": 0.128095433116, "dvar": 0.00515405228361, "dvar2": 0.0123521406204, "max": 0.979425668716, "mean": 0.459913223982, "median": 0.485268622637, "min": 0.0286920126528, "var": 0.0265377070755}, "silence_rate_20dB": {"dmean": 0, "dmean2": 0, "dvar": 0, "dvar2": 0, "max": 1, "mean": 1, "median": 1, "min": 1, "var": 0}, "silence_rate_30dB": {"dmean": 0.0138562088832, "dmean2": 0.0277160406113, "dvar": 0.0136637948453, "dvar2": 0.0316527597606, "max": 1, "mean": 0.976735055447, "median": 1, "min": 0, "var": 0.0227222293615}, "silence_rate_60dB": {"dmean": 0.0457516349852, "dmean2": 0.0915152281523, "dvar": 0.0436599515378, "dvar2": 0.0959444046021, "max": 1, "mean": 0.37864330411, "median": 0, "min": 0, "var": 0.235262483358}, "spectral_centroid": {"dmean": 123.800186157, "dmean2": 190.127960205, "dvar": 59552.4882812, "dvar2": 111386.453125, "max": 11736.0214844, "mean": 627.954345703, "median": 453.430297852, "min": 105.410491943, "var": 908110.75}, "spectral_complexity": {"dmean": 1.2481045723, "dmean2": 2.04340434074, "dvar": 2.12849354744, "dvar2": 4.70908069611, "max": 38, "mean": 5.42478084564, "median": 4, "min": 0, "var": 23.6698150635}, "spectral_contrast_coeffs": {"dmean": [0.0493201874197, 0.0499196611345, 0.0398918613791, 0.0301467906684, 0.0241334792227, 0.0283071361482], "dmean2": [0.0786764323711, 0.0803373605013, 0.0652862414718, 0.0484842248261, 0.0391004346311, 0.046033564955], "dvar": [0.00174655718729, 0.00174115539994, 0.0011222026078, 0.000639343401417, 0.000503758899868, 0.000895267236046], "dvar2": [0.00422512367368, 0.00433079572394, 0.0028444903437, 0.00163970829453, 0.00129798811395, 0.00221506459638], "max": [-0.247610345483, -0.289259046316, -0.50062918663, -0.562618434429, -0.647605061531, -0.464501202106], "mean": [-0.678595602512, -0.75282561779, -0.813654065132, -0.832616746426, -0.865028619766, -0.818973362446], "median": [-0.693152785301, -0.76794397831, -0.824107885361, -0.839942455292, -0.875441610813, -0.831882476807], "min": [-0.98148816824, -0.978815078735, -0.976806342602, -0.978356599808, -0.971031785011, -0.963566303253], "var": [0.0142214726657, 0.0109660653397, 0.00578400632367, 0.00469852983952, 0.00237011560239, 0.00252158939838]}, "spectral_contrast_valleys": {"dmean": [0.40181055665, 0.425043046474, 0.41111177206, 0.374786764383, 0.404830038548, 0.630370557308], "dmean2": [0.66142064333, 0.671696305275, 0.648743152618, 0.579725086689, 0.631399929523, 1.02718222141], "dvar": [0.115406103432, 0.136888340116, 0.140790596604, 0.1272546947, 0.154031217098, 0.341467559338], "dvar2": [0.281397461891, 0.324942946434, 0.328737646341, 0.296602994204, 0.356229543686, 0.882268309593], "max": [-5.47549438477, -4.76595449448, -5.40468168259, -6.01128435135, -6.13245534897, -9.20870113373], "mean": [-8.1934261322, -7.98692083359, -8.77013874054, -9.27248191833, -9.61033248901, -12.2930898666], "median": [-7.98197650909, -7.76961946487, -8.53789329529, -9.02222442627, -9.3814907074, -12.2310495377], "min": [-28.3142814636, -28.3886356354, -27.688577652, -27.667963028, -27.468585968, -27.483089447], "var": [3.52692723274, 4.35118770599, 4.03640937805, 4.01082134247, 3.42366194725, 2.74738574028]}, "spectral_decrease": {"dmean": 1.51378254376e-09, "dmean2": 2.15969575557e-09, "dvar": 1.14685026782e-17, "dvar2": 2.3384304927e-17, "max": 2.00552197072e-08, "mean": -3.574389007e-09, "median": -6.34379049291e-10, "min": -7.44508099615e-08, "var": 4.94196443079e-17}, "spectral_energy": {"dmean": 0.00626247702166, "dmean2": 0.00886218715459, "dvar": 0.000185994445928, "dvar2": 0.00038985646097, "max": 0.299374878407, "mean": 0.0184461493045, "median": 0.00621961522847, "min": 1.0061355643e-20, "var": 0.000864388770424}, "spectral_energyband_high": {"dmean": 3.79462035198e-05, "dmean2": 5.22619193362e-05, "dvar": 3.03767890841e-08, "dvar2": 4.63301788045e-08, "max": 0.00709823286161, "mean": 9.02775427676e-05, "median": 1.52798293129e-05, "min": 7.11905643272e-21, "var": 1.33326196305e-07}, "spectral_energyband_low": {"dmean": 0.00196964782663, "dmean2": 0.00295763416216, "dvar": 3.61849852197e-05, "dvar2": 8.70663279784e-05, "max": 0.167698770761, "mean": 0.00455293804407, "median": 0.000984129030257, "min": 1.83206208365e-23, "var": 0.00010153043695}, "spectral_energyband_middle_high": {"dmean": 0.000539498345461, "dmean2": 0.000805948919151, "dvar": 3.33234743266e-06, "dvar2": 7.73888132244e-06, "max": 0.0407252572477, "mean": 0.00128153013065, "median": 0.00010362338071, "min": 1.20517610115e-21, "var": 1.2594025975e-05}, "spectral_energyband_middle_low": {"dmean": 0.00488631054759, "dmean2": 0.00698676286265, "dvar": 0.00015588462702, "dvar2": 0.000315954792313, "max": 0.290646225214, "mean": 0.0114500112832, "median": 0.00136333657429, "min": 1.43308006139e-22, "var": 0.000613529293332}, "spectral_entropy": {"dmean": 0.311923384666, "dmean2": 0.484201103449, "dvar": 0.0791747197509, "dvar2": 0.183173730969, "max": 9.81551647186, "mean": 6.86219406128, "median": 6.88409137726, "min": 4.07181310654, "var": 0.42266240716}, "spectral_flux": {"dmean": 0.0165173877031, "dmean2": 0.0268728137016, "dvar": 0.000603436608799, "dvar2": 0.00157909898553, "max": 0.410076767206, "mean": 0.0492153801024, "median": 0.0354449041188, "min": 6.45302214441e-11, "var": 0.00204004347324}, "spectral_kurtosis": {"dmean": 6.24285697937, "dmean2": 10.0622472763, "dvar": 55.2883987427, "dvar2": 143.342544556, "max": 110.399139404, "mean": 20.353553772, "median": 17.6242046356, "min": -1.24588799477, "var": 148.610305786}, "spectral_rms": {"dmean": 0.000586399575695, "dmean2": 0.000816781946924, "dvar": 7.08278150796e-07, "dvar2": 1.35770653742e-06, "max": 0.0170901454985, "mean": 0.00327613437548, "median": 0.00246331421658, "min": 3.13304265344e-12, "var": 7.26321559341e-06}, "spectral_rolloff": {"dmean": 2207.07910156, "dmean2": 4307.90869141, "dvar": 37373832, "dvar2": 93795168, "max": 22050, "mean": 12653.5986328, "median": 21597.8027344, "min": 43.06640625, "var": 108913784}, "spectral_skewness": {"dmean": 0.472476661205, "dmean2": 0.748537957668, "dvar": 0.228465899825, "dvar2": 0.576974868774, "max": 7.91867017746, "mean": 3.29500961304, "median": 3.20716023445, "min": -0.0832165554166, "var": 0.926221072674}, "spectral_spread": {"dmean": 641525.5625, "dmean2": 1039577, "dvar": 598733291520, "dvar2": 14325701673