{"lowlevel": {"average_loudness": 0.944802582264, "barkbands": {"dmean": [3.76092866645e-05, 0.000947102264035, 0.0015515324194, 0.000884894339833, 0.00149130017962, 0.000557632767595, 0.000541412329767, 0.000263870693743, 0.000363021681551, 0.000639821460936, 0.000400905817514, 0.000372043636162, 0.000432152679423, 0.000288952694973, 0.000477038731333, 0.000278262014035, 0.000179515729542, 0.000213331179111, 0.000222420829232, 0.0005498372484, 0.00027901105932, 0.000542685971595, 0.000293034536298, 8.92206080607e-05, 0.00013638548262, 3.25422770402e-05, 4.78542858673e-07], "dmean2": [6.01351093792e-05, 0.00161588052288, 0.00246731704101, 0.00150768680032, 0.00249662878923, 0.000873786280863, 0.000848584633786, 0.000406643230235, 0.000565568683669, 0.00094175041886, 0.000615630007815, 0.000602252839599, 0.000671406509355, 0.000468476850074, 0.000770617742091, 0.000438674265752, 0.000286599446554, 0.000340711354511, 0.000355306692654, 0.000860215921421, 0.000422807905125, 0.000796927779447, 0.000436289206846, 0.000133043256938, 0.000203006944503, 4.80191774841e-05, 7.36167407922e-07], "dvar": [4.06308187095e-09, 1.2046775737e-06, 8.83561642695e-06, 1.98388033823e-06, 5.62697641726e-06, 9.32888895022e-07, 1.19377557439e-06, 2.65960466095e-07, 5.43898238448e-07, 1.95121219804e-06, 8.18298133254e-07, 5.67797542317e-07, 8.24861274396e-07, 3.13217043413e-07, 7.69431721892e-07, 3.40144566735e-07, 1.17438837322e-07, 1.19017585121e-07, 1.16104558856e-07, 7.77158788878e-07, 1.62971261375e-07, 1.42249564306e-06, 5.41346253158e-07, 3.2548737039e-08, 1.01453956347e-07, 9.22969523032e-09, 1.59819770265e-12], "dvar2": [9.65096269567e-09, 3.34504557031e-06, 2.01718175958e-05, 5.21855145053e-06, 1.41341215567e-05, 2.06374670597e-06, 2.69864131042e-06, 5.49990716081e-07, 1.12731083846e-06, 3.87016189052e-06, 1.85206874903e-06, 1.41681891819e-06, 1.86094109722e-06, 7.84463054515e-07, 1.92722086467e-06, 7.45058116536e-07, 2.94058594363e-07, 2.97209993505e-07, 2.81333086605e-07, 1.82396968285e-06, 3.82427828072e-07, 3.03286401504e-06, 1.1540464584e-06, 7.63668950299e-08, 2.4817276767e-07, 2.01968664015e-08, 3.77890383915e-12], "max": [0.00112527201418, 0.017959959805, 0.0289049446583, 0.013023018837, 0.0227761138231, 0.0290351845324, 0.0343942008913, 0.0161881297827, 0.0152479950339, 0.0323104821146, 0.0179198309779, 0.0145883914083, 0.0236340109259, 0.0139023037627, 0.0220038834959, 0.0132396090776, 0.0101253855973, 0.00810535810888, 0.00858119595796, 0.0216344967484, 0.00771109387279, 0.0188155397773, 0.0103489356115, 0.00574905565009, 0.00504041463137, 0.00190484640189, 2.20694400923e-05], "mean": [4.92001890962e-05, 0.00144660088699, 0.00184878357686, 0.00102188624442, 0.00187238655053, 0.00100420741364, 0.00101462274324, 0.000437526003225, 0.000555370817892, 0.00114716216922, 0.000663627171889, 0.000627494067885, 0.000761815870646, 0.000495467102155, 0.000826016359497, 0.000509617908392, 0.000363252445823, 0.000446704623755, 0.000506862183101, 0.00126683933195, 0.000656049698591, 0.00107969040982, 0.000569721392822, 0.000194010470295, 0.000232499325648, 5.0553924666e-05, 6.04065178322e-07], "median": [1.86225279322e-05, 0.00109892222099, 0.00065455539152, 0.000488979101647, 0.00105320336297, 0.000609935261309, 0.000416364055127, 0.000211978389416, 0.000242604786763, 0.000307945301756, 0.000182965857675, 0.000223962051678, 0.00022218329832, 0.000241837347858, 0.000378137279768, 0.000261767039774, 0.000196175882593, 0.000282094464637, 0.000307138427161, 0.00077116151806, 0.000449692830443, 0.000521072128322, 0.000187940648175, 7.85006413935e-05, 5.65569644095e-05, 8.1554562712e-06, 6.13035240349e-08], "min": [1.21988474168e-24, 3.04431394527e-23, 3.45591474434e-23, 3.62208640076e-23, 1.27641023458e-23, 1.12869035028e-23, 6.78044943808e-23, 2.25637947829e-23, 2.59972607547e-22, 1.91841695146e-23, 3.78868688197e-23, 5.62162917662e-23, 6.95641338269e-23, 1.53243803904e-22, 9.48857295365e-23, 2.05918002921e-22, 2.32657371003e-22, 2.4933979753e-22, 2.87351028694e-22, 4.08975558333e-22, 4.78987354947e-22, 5.24813584974e-22, 3.71634316203e-22, 7.1777315282e-22, 1.37043238861e-21, 1.60959724362e-21, 2.60317010334e-21], "var": [6.37874730813e-09, 1.82591600151e-06, 1.08822105176e-05, 2.04572347684e-06, 5.95247684032e-06, 1.88718843219e-06, 3.95720144297e-06, 5.07928575644e-07, 1.12027612431e-06, 5.60757735002e-06, 1.97818144443e-06, 1.32964885324e-06, 2.63730498773e-06, 6.64892468194e-07, 1.60729200616e-06, 8.00641998921e-07, 3.62063133252e-07, 2.85513408471e-07, 3.74163050765e-07, 2.41425709646e-06, 4.67030247364e-07, 2.82840915133e-06, 1.16274611628e-06, 9.62506589985e-08, 1.88377242694e-07, 1.96760812088e-08, 2.41704854916e-12]}, "barkbands_crest": {"dmean": 2.17196273804, "dmean2": 3.54991436005, "dvar": 4.13620710373, "dvar2": 10.7085227966, "max": 26.5110721588, "mean": 6.95530414581, "median": 6.23376655579, "min": 2.15225195885, "var": 9.55839252472}, "barkbands_flatness_db": {"dmean": 0.0147957075387, "dmean2": 0.0227508153766, "dvar": 0.000232774473261, "dvar2": 0.000537218118552, "max": 0.443408817053, "mean": 0.0887056961656, "median": 0.0847339481115, "min": 0.027183175087, "var": 0.000981747289188}, "barkbands_kurtosis": {"dmean": 1.42006492615, "dmean2": 2.42626333237, "dvar": 536.665527344, "dvar2": 1603.98608398, "max": 1419.10424805, "mean": 0.26530534029, "median": -0.933838605881, "min": -1.91746664047, "var": 295.464904785}, "barkbands_skewness": {"dmean": 0.430228918791, "dmean2": 0.666690647602, "dvar": 0.51185297966, "dvar2": 1.31802010536, "max": 35.1676750183, "mean": 0.50177693367, "median": 0.320037841797, "min": -3.98900866508, "var": 1.11167180538}, "barkbands_spread": {"dmean": 7.58353185654, "dmean2": 11.5627450943, "dvar": 54.3601303101, "dvar2": 119.825126648, "max": 108.642120361, "mean": 42.2258796692, "median": 40.4523277283, "min": 0.277573764324, "var": 232.493988037}, "dissonance": {"dmean": 0.0109051987529, "dmean2": 0.018440015614, "dvar": 0.000113464549941, "dvar2": 0.00029224564787, "max": 0.500000119209, "mean": 0.480763494968, "median": 0.483956694603, "min": 0.24725201726, "var": 0.000194460561033}, "dynamic_complexity": 3.06629824638, "erbbands": {"dmean": [0.0203003659844, 0.261627793312, 1.57710409164, 1.95103120804, 6.63533830643, 3.01619434357, 2.90050840378, 5.4765458107, 7.06513738632, 6.78885316849, 6.24368572235, 8.36029720306, 16.4265937805, 19.169002533, 14.0700359344, 15.0957489014, 19.5517787933, 12.9357213974, 22.9941940308, 18.2995071411, 12.0939054489, 8.52176475525, 10.4762678146, 12.5315790176, 10.4753427505, 28.3847007751, 15.4870405197, 11.8712120056, 25.4593276978, 6.62377691269, 10.3735895157, 2.86762833595, 1.60007429123, 1.18059790134, 1.307087183, 0.282221406698, 0.0286934506148, 0.00141185987741, 0.000112696790893, 1.30611360873e-05], "dmean2": [0.0339835807681, 0.446791052818, 2.54164242744, 3.14941000938, 11.0799484253, 5.15275144577, 4.57216358185, 8.61463356018, 10.9617071152, 10.8736476898, 9.5072183609, 12.9617176056, 24.7155990601, 28.0420150757, 21.9474239349, 24.2645721436, 30.0125389099, 20.4550437927, 37.2000007629, 28.8360176086, 18.8480167389, 13.4247703552, 16.6920909882, 19.8528804779, 16.4244823456, 44.4498748779, 24.1135234833, 17.5216732025, 38.0470275879, 9.47705459595, 15.655172348, 4.17294740677, 2.39015960693, 1.73852181435, 1.99585986137, 0.414541721344, 0.0414003841579, 0.00201859534718, 0.000165069330251, 1.73882908712e-05], "dvar": [0.00081546214642, 0.103348299861, 8.6210231781, 8.5781621933, 128.482192993, 18.9605083466, 31.5456581116, 103.226974487, 177.977783203, 289.42074585, 160.177566528, 270.06854248, 1315.42675781, 2263.69116211, 920.051879883, 1011.35980225, 1815.29785156, 534.590515137, 1590.0189209, 1293.33532715, 856.740112305, 239.781311035, 274.296905518, 470.902893066, 215.706497192, 2652.82446289, 599.87890625, 271.642333984, 3634.64355469, 168.446792603, 756.842834473, 34.2060661316, 15.8461513519, 9.16108989716, 11.5804729462, 0.585787653923, 0.00697427149862, 1.12283705676e-05, 7.48754374058e-08, 4.16264495096e-10], "dvar2": [0.00210921675898, 0.282554060221, 20.216676712, 20.0872364044, 322.897033691, 50.8694190979, 70.6979370117, 234.883270264, 406.891693115, 653.147277832, 335.852081299, 593.487670898, 2769.33544922, 4625.09960938, 2275.13574219, 2486.57592773, 3975.47583008, 1275.70568848, 4070.58398438, 3100.01220703, 1922.84460449, 591.718444824, 675.208496094, 1156.19165039, 542.342712402, 6184.95068359, 1449.6282959, 603.780944824, 8097.09423828, 337.903289795, 1655.64086914, 74.5073852539, 36.5990333557, 21.5788192749, 29.1306648254, 1.30206727982, 0.0150998178869, 2.4360977477e-05, 1.69188282939e-07, 8.60708226913e-10], "max": [0.839148402214, 3.20885324478, 28.1463165283, 31.9004707336, 99.9568328857, 68.3379364014, 151.326217651, 367.596618652, 302.539154053, 479.689453125, 403.803161621, 415.768920898, 1002.41345215, 1176.86633301, 838.976196289, 672.713500977, 1254.15637207, 514.588623047, 988.02142334, 928.826599121, 832.056274414, 419.519073486, 363.08493042, 563.152160645, 349.791625977, 1422.953125, 570.662902832, 259.593597412, 994.168762207, 264.79006958, 410.776763916, 92.1219329834, 130.962890625, 79.9314346313, 50.8595542908, 15.8517494202, 1.62539947033, 0.0652720108628, 0.00446921540424, 0.000321757601341], "mean": [0.0332245901227, 0.376445233822, 1.93841123581, 2.70640850067, 7.43249320984, 4.03696489334, 4.66968774796, 9.40730285645, 13.5837974548, 12.2010259628, 10.5984897614, 13.7984218597, 29.7769012451, 35.66746521, 25.1235332489, 27.030506134, 36.4394226074, 25.6334457397, 41.8916854858, 36.3705215454, 25.8670558929, 19.6894283295, 23.3920345306, 27.8606643677, 27.0517501831, 62.4600028992, 36.8598976135, 28.2371349335, 47.5842208862, 14.8580303192, 19.2921390533, 5.8681230545, 3.39105796814, 2.26786589622, 1.9830160141, 0.454285919666, 0.0475298948586, 0.00228731450625, 0.000177397290827, 4.03535086662e-05], "median": [0.0197662040591, 0.272209882736, 0.82306432724, 1.46954202652, 3.39158201218, 2.56895494461, 2.77303504944, 5.19103527069, 6.21258640289, 5.36421632767, 5.0965218544, 7.07785511017, 9.6135263443, 9.46140480042, 10.9129619598, 11.0589771271, 12.584186554, 14.6157112122, 22.2705726624, 19.9329032898, 13.5190906525, 11.5771465302, 15.8037223816, 16.9559707642, 18.0207004547, 37.0519142151, 25.6458358765, 18.4018611908, 21.3513298035, 7.58127593994, 5.34056949615, 2.60537314415, 1.04656004906, 0.576189041138, 0.440726935863, 0.0876063108444, 0.00777008058503, 0.000425946112955, 4.10601533076e-05, 3.1579296774e-05], "min": [3.43498235177e-22, 9.14409312307e-21, 4.11857104399e-20, 8.56862631741e-20, 5.17320919977e-20, 5.1360119216e-20, 7.2947759289e-20, 1.18306964273e-19, 4.33685521885e-19, 1.38374412463e-18, 1.17723476239e-18, 6.11874598092e-18, 1.89816712719e-18, 1.28437388366e-18, 1.36778264073e-18, 2.46027585129e-18, 3.71251521572e-18, 5.56714307098e-18, 9.02814533606e-18, 6.76343566109e-18, 1.31285764126e-17, 1.14199670286e-17, 1.26706823127e-17, 1.64410335833e-17, 1.52546216656e-17, 1.71093591223e-17, 2.24535431038e-17, 1.82829646297e-17, 1.42764706651e-17, 1.75467441061e-17, 1.02138342979e-17, 1.1843784596e-17, 1.43428750703e-17, 1.39695916209e-17, 1.01217219464e-17, 6.88633195265e-18, 2.87767573788e-18, 1.41765139531e-18, 3.35828943896e-19, 3.78191338145e-20], "var": [0.00163399789017, 0.13698412478, 10.3193807602, 11.6042423248, 129.083557129, 20.4954376221, 46.7800445557, 207.591674805, 553.204284668, 804.015319824, 307.499969482, 562.040771484, 3919.43334961, 6323.04882812, 1901.10375977, 2386.55834961, 6103.93945312, 1229.30114746, 3379.89086914, 3182.11010742, 2243.20922852, 840.34161377, 670.534851074, 1276.48132324, 851.820373535, 7021.01904297, 1723.81494141, 800.970825195, 6329.74560547, 420.262695312, 1522.64282227, 77.2517242432, 46.6073570251, 22.7394714355, 16.0240154266, 1.23160624504, 0.0157991554588, 2.49112199526e-05, 1.43038775491e-07, 1.19501109008e-09]}, "erbbands_crest": {"dmean": 2.45233798027, "dmean2": 3.99023532867, "dvar": 5.45839834213, "dvar2": 13.6142778397, "max": 26.9395008087, "mean": 8.05455875397, "median": 7.21247816086, "min": 1.94352161884, "var": 12.8768062592}, "erbbands_flatness_db": {"dmean": 0.0135510116816, "dmean2": 0.0197982788086, "dvar": 0.000160684154253, "dvar2": 0.00032175029628, "max": 0.276307284832, "mean": 0.146100848913, "median": 0.143165141344, "min": 0.0218384917825, "var": 0.000992831657641}, "erbbands_kurtosis": {"dmean": 0.602056980133, "dmean2": 0.981002032757, "dvar": 0.982130885124, "dvar2": 2.50189113617, "max": 22.8740139008, "mean": -0.284330368042, "median": -0.540372252464, "min": -1.75959026814, "var": 1.43561244011}, "erbbands_skewness": {"dmean": 0.320267766714, "dmean2": 0.488607764244, "dvar": 0.0945816412568, "dvar2": 0.214134380221, "max": 2.59378790855, "mean": -0.335843443871, "median": -0.331108152866, "min": -4.63345479965, "var": 0.356719315052}, "erbbands_spread": {"dmean": 7.94585132599, "dmean2": 12.28428936, "dvar": 70.2171859741, "dvar2": 161.805099487, "max": 136.692443848, "mean": 45.7647018433, "median": 43.3991355896, "min": 9.73142814636, "var": 283.20526123}, "gfcc": {"cov": [[8430.62988281, -79.1987838745, -310.118713379, -68.3201980591, -390.371734619, 55.6266517639, -313.848907471, 125.846214294, -194.814559937, 38.3601112366, -191.372207642, -50.6342277527, -140.112854004], [-79.1987838745, 843.633972168, -290.54006958, 113.367362976, 86.2737579346, -130.503143311, 144.979736328, -119.883293152, 29.7550525665, -80.2681655884, 88.8231277466, -101.889083862, 54.6255722046], [-310.118713379, -290.54006958, 691.542053223, 23.7162189484, -0.438261955976, 94.1050033569, -143.652053833, 77.9879379272, -14.3757314682, 42.4779129028, -101.402137756, 81.2992401123, -51.1632423401], [-68.3201980591, 113.367362976, 23.7162189484, 188.771621704, 40.9665412903, -8.169921875, 14.0584945679, -46.8896026611, 46.7760391235, -32.2462692261, 3.27020144463, -9.6145029068, 5.46714735031], [-390.371734619, 86.2737579346, -0.438261955976, 40.9665412903, 172.965637207, 20.8804607391, 52.4755554199, 2.55853819847, -23.1319713593, -1.67832696438, 27.3328113556, -24.6362342834, 12.7261648178], [55.6266517639, -130.503143311, 94.1050033569, -8.169921875, 20.8804607391, 134.620056152, 15.6373214722, 15.7848558426, -18.5362625122, 12.9156923294, -14.4382514954, 19.0848388672, -21.5774517059], [-313.848907471, 144.979736328, -143.652053833, 14.0584945679, 52.4755554199, 15.6373214722, 163.448791504, -7.08575582504, 1.59557211399, -16.6234359741, 45.2865104675, -30.4516906738, 25.5171127319], [125.846214294, -119.883293152, 77.9879379272, -46.8896026611, 2.55853819847, 15.7848558426, -7.08575582504, 128.608657837, 6.06794071198, 28.7234287262, -13.295135498, 11.588850975, 6.6001329422], [-194.814559937, 29.7550525665, -14.3757314682, 46.7760391235, -23.1319713593, -18.5362625122, 1.59557211399, 6.06794071198, 114.734039307, 15.4191474915, 4.02024555206, 11.5653247833, 9.80970573425], [38.3601112366, -80.2681655884, 42.4779129028, -32.2462692261, -1.67832696438, 12.9156923294, -16.6234359741, 28.7234287262, 15.4191474915, 90.1511611938, 19.4820861816, 21.8573646545, -9.04060935974], [-191.372207642, 88.8231277466, -101.402137756, 3.27020144463, 27.3328113556, -14.4382514954, 45.2865104675, -13.295135498, 4.02024555206, 19.4820861816, 109.963973999, -2.47047233582, 18.9922237396], [-50.6342277527, -101.889083862, 81.2992401123, -9.6145029068, -24.6362342834, 19.0848388672, -30.4516906738, 11.588850975, 11.5653247833, 21.8573646545, -2.47047233582, 73.7998809814, 5.09406375885], [-140.112854004, 54.6255722046, -51.1632423401, 5.46714735031, 12.7261648178, -21.5774517059, 25.5171127319, 6.6001329422, 9.80970573425, -9.04060935974, 18.9922237396, 5.09406375885, 68.1488418579]], "icov": [[0.000241056259256, -0.000288112350972, 0.000462628086098, -0.00053921318613, 0.000691558700055, -0.000574825622607, 0.000740025599953, -0.000778560293838, 0.000866974762175, -0.000510608602781, 0.000458547787275, 5.99444001637e-06, 0.000283521454548], [-0.000288112350972, 0.00281953602098, -0.000712170265615, 0.000330976094119, -0.00142452935688, 0.00260978541337, -0.00230946624652, 0.00251186219975, -0.00166581338271, 0.00151970505249, -0.00149108364712, 0.00185363774654, -0.000981428311206], [0.000462628086098, -0.000712170265615, 0.00367475184612, -0.00224494677968, 0.000779057736509, -0.00239408714697, 0.00324271433055, -0.00305753923021, 0.00246770470403, -0.00171595113352, 0.00252467975952, -0.00220788968727, 0.00151797756553], [-0.00053921318613, 0.000330976094119, -0.00224494677968, 0.00985813234001, -0.00391983846202, 0.00128605857026, -0.0016809765948, 0.00479850778356, -0.00663574412465, 0.00429439451545, -0.00155171833467, 0.000515518477187, -0.000627518864349], [0.000691558700055, -0.00142452935688, 0.000779057736509, -0.00391983846202, 0.0102544678375, -0.00313462666236, 0.000631897535641, -0.00342758116312, 0.00520273065194, -0.00301432120614, 6.8513196311e-05, 0.00229891343042, -0.000688759260811], [-0.000574825622607, 0.00260978541337, -0.00239408714697, 0.00128605857026, -0.00313462666236, 0.0130666904151, -0.00612472975627, 0.00281661865301, -0.00121299736202, 0.0011634894181, -0.000574200879782, -0.00170594302472, 0.00218528369442], [0.000740025599953, -0.00230946624652, 0.00324271433055, -0.0016809765948, 0.000631897535641, -0.00612472975627, 0.013252383098, -0.00408234447241, 0.00216361205094, -0.000550865952391, -0.000493685947731, 0.00131060311105, -0.00102686916944], [-0.000778560293838, 0.00251186219975, -0.00305753923021, 0.00479850778356, -0.00342758116312, 0.00281661865301, -0.00408234447241, 0.01408646442, -0.00512650096789, 0.00019342575979, -0.000891947071068, 0.00213281624019, -0.00374562432989], [0.000866974762175, -0.00166581338271, 0.00246770470403, -0.00663574412465, 0.00520273065194, -0.00121299736202, 0.00216361205094, -0.00512650096789, 0.0156135261059, -0.00579204317182, 0.00273192930035, -0.0021948532667, 0.000220320056542], [-0.000510608602781, 0.00151970505249, -0.00171595113352, 0.00429439451545, -0.00301432120614, 0.0011634894181, -0.000550865952391, 0.00019342575979, -0.00579204317182, 0.0176275782287, -0.00601411238313, -0.00203477335162, 0.00221845856868], [0.000458547787275, -0.00149108364712, 0.00252467975952, -0.00155171833467, 6.8513196311e-05, -0.000574200879782, -0.000493685947731, -0.000891947071068, 0.00273192930035, -0.00601411238313, 0.0145158926025, -0.00272556790151, -0.00079823541455], [5.99444001637e-06, 0.00185363774654, -0.00220788968727, 0.000515518477187, 0.00229891343042, -0.00170594302472, 0.00131060311105, 0.00213281624019, -0.0021948532667, -0.00203477335162, -0.00272556790151, 0.0212708320469, -0.00562354922295], [0.000283521454548, -0.000981428311206, 0.00151797756553, -0.000627518864349, -0.000688759260811, 0.00218528369442, -0.00102686916944, -0.00374562432989, 0.000220320056542, 0.00221845856868, -0.00079823541455, -0.00562354922295, 0.0197065100074]], "mean": [17.9891109467, 62.3011016846, -134.406814575, 56.838684082, -71.1913909912, 23.7328548431, -35.7354812622, 4.34952354431, -27.7879276276, 6.93369579315, -19.5554676056, -2.7928750515, -7.16463756561]}, "hfc": {"dmean": 9.73628044128, "dmean2": 12.8364601135, "dvar": 188.190002441, "dvar2": 341.322418213, "max": 161.369781494, "mean": 36.4443778992, "median": 30.0735816956, "min": 1.14803616358e-16, "var": 786.787780762}, "melbands": {"dmean": [0.00021047492919, 0.000637763936538, 0.000472499174066, 0.000372017966583, 9.4399372756e-05, 0.000120148441056, 0.000108033018478, 6.67372514727e-05, 4.99608104292e-05, 5.66297821933e-05, 8.42594818096e-05, 8.05665258667e-05, 4.83608237118e-05, 4.49849867437e-05, 3.19739119732e-05, 4.87988872919e-05, 2.38637421717e-05, 3.75025920221e-05, 3.26469235006e-05, 2.31601916312e-05, 1.49621746459e-05, 1.08349613583e-05, 1.01489840745e-05, 1.00564020613e-05, 1.17684867291e-05, 7.22990398572e-06, 1.13401529234e-05, 2.33221835515e-05, 1.35789950946e-05, 5.12804490427e-06, 8.50370997796e-06, 1.66469981195e-05, 9.29168982111e-06, 2.26972861128e-06, 6.89062380843e-06, 4.86519638798e-06, 1.18177820241e-06, 1.33370565436e-06, 6.88545924277e-07, 1.24734469864e-06], "dmean2": [0.000356419855962, 0.00103787367698, 0.000757740286645, 0.000628933310509, 0.000151566579007, 0.000187907207874, 0.000167968028109, 0.000106701067125, 7.66415760154e-05, 8.71756565175e-05, 0.000126346261823, 0.00011761746282, 7.49203973101e-05, 7.25650315871e-05, 4.90296188218e-05, 7.60673210607e-05, 3.78934091714e-05, 6.07261354162e-05, 5.22781301697e-05, 3.66714084521e-05, 2.34119997913e-05, 1.73209300556e-05, 1.64271750691e-05, 1.60480158229e-05, 1.87373534573e-05, 1.17753816085e-05, 1.7933176423e-05, 3.66480453522e-05, 2.15810905502e-05, 8.03658258519e-06, 1.27779385366e-05, 2.54310671153e-05, 1.38529012474e-05, 3.49971651303e-06, 1.07753076009e-05, 7.40966379453e-06, 1.82018516171e-06, 2.03057584258e-06, 1.04604896478e-06, 1.88762851394e-06], "dvar": [6.38458672597e-08, 1.22736969388e-06, 5.26130804701e-07, 3.56399596058e-07, 2.74669531564e-08, 4.48167973843e-08, 3.9748410785e-08, 2.4667482279e-08, 9.56545775921e-09, 1.33102631139e-08, 3.47741710982e-08, 4.02881070727e-08, 1.04837800663e-08, 8.56761239731e-09, 4.18562207116e-09, 1.13524034617e-08, 1.91807703054e-09, 4.30524238482e-09, 4.21161905351e-09, 1.87999171786e-09, 1.88600401962e-09, 4.7834203265e-10, 3.17769310865e-10, 2.42526415617e-10, 4.53894338781e-10, 1.15090291464e-10, 4.23985457854e-10, 1.80825210361e-09, 5.15712417215e-10, 5.30032441548e-11, 1.44096984345e-10, 1.44423251136e-09, 5.17041021109e-10, 1.3481642018e-11, 3.52762402622e-10, 1.89897153557e-10, 3.98883573741e-12, 1.14426775347e-11, 2.75533849209e-12, 1.29249952754e-11], "dvar2": [1.71436298047e-07, 2.92713116323e-06, 1.22866629226e-06, 9.06992227101e-07, 5.97091869281e-08, 1.00164491812e-07, 9.01772168049e-08, 5.51025536311e-08, 2.04722798713e-08, 2.81808762992e-08, 7.23890778431e-08, 8.08371680705e-08, 2.45896369933e-08, 2.20931557493e-08, 8.5074827183e-09, 2.6185631441e-08, 4.55366544472e-09, 1.0949219309e-08, 1.04727755357e-08, 4.22107815368e-09, 4.27639923473e-09, 1.18859044829e-09, 8.05739253096e-10, 5.79912562415e-10, 1.11384779178e-09, 3.0986790911e-10, 1.00929509195e-09, 4.22067758521e-09, 1.26449128945e-09, 1.30700048007e-10, 3.32033622819e-10, 3.30986638097e-09, 1.13460274509e-09, 3.30398590431e-11, 8.11374856191e-10, 4.3356684909e-10, 9.94128390719e-12, 2.67923599973e-11, 6.67373751748e-12, 3.14246927091e-11], "max": [0.00602541491389, 0.010898726061, 0.00617765868083, 0.00558831216767, 0.00404476653785, 0.00714454939589, 0.00575271109119, 0.00422015134245, 0.00272097345442, 0.00259523210116, 0.00497334543616, 0.00525503372774, 0.00235023559071, 0.00194541690871, 0.00135734735522, 0.00273586716503, 0.00107035157271, 0.00170904072002, 0.00154389010277, 0.00128632981796, 0.00131652667187, 0.000595544523094, 0.000458158174297, 0.000268065923592, 0.000554496305995, 0.000197012850549, 0.000599796010647, 0.00123649486341, 0.000386560539482, 0.000183860145626, 0.000222052141908, 0.000647537817713, 0.000555537466425, 5.74288715143e-05, 0.000234864783124, 0.000229623023188, 3.64372463082e-05, 0.000112691588583, 4.26545775554e-05, 0.0001031554566], "mean": [0.000346887391061, 0.000841853790917, 0.000646609114483, 0.000443250639364, 0.00015363858256, 0.000213839084608, 0.000210124300793, 0.000119724994875, 8.17258114694e-05, 8.88899303391e-05, 0.000149061976117, 0.00014487253793, 8.35259197629e-05, 7.57648740546e-05, 5.91215466557e-05, 8.43162561068e-05, 4.20028736698e-05, 6.49762660032e-05, 5.80348969379e-05, 4.21711010858e-05, 2.90944190056e-05, 2.13278599404e-05, 1.99510923267e-05, 2.03729650821e-05, 2.34661656577e-05, 1.60324543685e-05, 2.53482976404e-05, 4.70230879728e-05, 2.7899079214e-05, 1.1885071217e-05, 1.77584988705e-05, 2.98957220366e-05, 1.66868576343e-05, 4.79071968584e-06, 1.19643254948e-05, 7.82336883276e-06, 2.30981754612e-06, 2.67395739684e-06, 1.3384471913e-06, 2.21042819248e-06], "median": [0.000256886414718, 0.000438630988356, 0.00032441894291, 0.000241821689997, 9.76594164968e-05, 0.000120673787023, 9.56397416303e-05, 5.52197234356e-05, 3.8187707105e-05, 3.91801368096e-05, 4.24839854531e-05, 3.36947850883e-05, 2.98887498502e-05, 2.75045749731e-05, 2.31109152082e-05, 2.49526656262e-05, 2.18197819777e-05, 3.30470538756e-05, 2.66463175649e-05, 2.22795861191e-05, 1.28928586491e-05, 1.12849320431e-05, 1.23739291666e-05, 1.29722075144e-05, 1.24878179122e-05, 9.59295721259e-06, 1.51987487698e-05, 2.61976165348e-05, 1.72804975591e-05, 8.22206129669e-06, 1.08350504888e-05, 1.39096773637e-05, 6.31675084151e-06, 2.90286334348e-06, 3.00891065308e-06, 2.12993609239e-06, 1.10861719804e-06, 7.70777205616e-07, 4.33892921592e-07, 4.79677680687e-07], "min": [6.09076822794e-24, 1.81905329401e-23, 1.4202558652e-23, 2.81093662509e-24, 2.93436436612e-24, 2.61911286864e-24, 8.53650998e-24, 1.31736694614e-23, 1.37239314973e-23, 3.94139362936e-23, 8.48275226475e-24, 4.81404891766e-24, 5.09144081093e-24, 5.15957078301e-24, 6.40310034842e-24, 9.21863011613e-24, 9.67839324005e-24, 1.63479337258e-23, 6.32529263076e-24, 1.23509774674e-23, 1.67200757024e-23, 1.4141625458e-23, 6.72993015462e-24, 1.43445725476e-23, 1.35331801972e-23, 8.902836474e-24, 1.38347112342e-23, 1.05265141653e-23, 1.35365675659e-23, 1.44782260953e-23, 9.59815898625e-24, 8.71136809939e-24, 8.36050643457e-24, 9.59477477296e-24, 5.71351877142e-24, 4.98992111774e-24, 8.242221475e-24, 9.85475729491e-24, 1.13926487294e-23, 1.16093464535e-23], "var": [1.17191270022e-07, 1.49717664044e-06, 6.71209079428e-07, 3.58073606321e-07, 4.34251674619e-08, 9.80026655384e-08, 1.32749903514e-07, 6.71358790783e-08, 1.83740311854e-08, 2.8485436232e-08, 1.04802779788e-07, 1.10625343552e-07, 2.38036186317e-08, 1.80294588148e-08, 1.26614319029e-08, 3.44819959253e-08, 4.15959267031e-09, 9.10635922224e-09, 9.07287223129e-09, 4.54936399663e-09, 4.6405523868e-09, 1.45874901047e-09, 6.57052690034e-10, 5.70785363418e-10, 1.13007425639e-09, 3.47540524137e-10, 1.2449592468e-09, 4.3706824826e-09, 1.23687471376e-09, 1.40562658735e-10, 3.74658609692e-10, 2.3673389915e-09, 9.36759225745e-10, 2.89078049692e-11, 6.25868856741e-10, 3.07955771994e-10, 8.93481209158e-12, 3.21754983768e-11, 6.68752032917e-12, 2.75543719785e-11]}, "melbands_crest": {"dmean": 3.33705687523, "dmean2": 5.471118927, "dvar": 9.28733634949, "dvar2": 23.2205162048, "max": 39.713508606, "mean": 11.0121917725, "median": 10.0772657394, "min": 2.90911126137, "var": 23.4046382904}, "melbands_flatness_db": {"dmean": 0.0216872412711, "dmean2": 0.0335702896118, "dvar": 0.000515868247021, "dvar2": 0.00112602824811, "max": 0.443053722382, "mean": 0.117099687457, "median": 0.110128983855, "min": 0.0101955179125, "var": 0.00218126503751}, "melbands_kurtosis": {"dmean": 4.03122472763, "dmean2": 6.49316835403, "dvar": 332.365509033, "dvar2": 922.878417969, "max": 1003.97735596, "mean": 6.40341377258, "median": 2.09083485603, "min": -1.86794793606, "var": 464.360321045}, "melbands_skewness": {"dmean": 0.590609610081, "dmean2": 0.920692265034, "dvar": 0.633509576321, "dvar2": 1.45101237297, "max": 29.1052684784, "mean": 1.92316901684, "median": 1.5891597271, "min": -1.67371869087, "var": 2.27171993256}, "melbands_spread": {"dmean": 14.3317365646, "dmean2": 22.4090919495, "dvar": 311.174926758, "dvar2": 735.239807129, "max": 260.11819458, "mean": 56.0253334045, "median": 54.147026062, "min": 0.476122647524, "var": 807.32434082}, "mfcc": {"cov": [[6610.73291016, 124.327171326, -219.71546936, -44.186630249, -220.350875854, -55.0370788574, -105.445426941, -64.3421630859, -58.7398376465, 35.3733100891, -20.0616207123, -40.3397026062, -46.9639701843], [124.327171326, 564.960388184, -151.817871094, 132.69644165, -50.4017753601, 23.0384235382, 57.7348175049, -25.5114192963, -27.221496582, 20.0562286377, -41.0738716125, 1.23354518414, -2.43400716782], [-219.71546936, -151.817871094, 500.156036377, -27.3134994507, 121.611412048, 2.7141764164, -76.0552368164, 19.5915870667, 43.0995864868, -61.8440895081, 33.5737190247, 15.582285881, -14.6751832962], [-44.186630249, 132.69644165, -27.3134994507, 196.893035889, 18.0119743347, 40.7605438232, -15.5802497864, 10.0235719681, -2.76687812805, 7.69689273834, -25.9669704437, 10.2130374908, 4.25122499466], [-220.350875854, -50.4017753601, 121.611412048, 18.0119743347, 161.723144531, -5.52824687958, 19.102060318, -3.63836336136, 25.708524704, -17.8522434235, 6.4405837059, 11.4041585922, -5.94781351089], [-55.0370788574, 23.0384235382, 2.7141764164, 40.7605438232, -5.52824687958, 156.321548462, 3.2969121933, 27.3330192566, -23.785774231, 2.56039071083, 13.0785541534, -18.3351249695, -1.02162885666], [-105.445426941, 57.7348175049, -76.0552368164, -15.5802497864, 19.102060318, 3.2969121933, 185.4559021, 5.8453502655, -11.1508722305, 27.4530506134, -10.4636907578, -14.8759431839, -1.7590123415], [-64.3421630859, -25.5114192963, 19.5915870667, 10.0235719681, -3.63836336136, 27.3330192566, 5.8453502655, 87.4430618286, 15.0610151291, 10.0504636765, -10.2498321533, -6.588991642, 2.6296005249], [-58.7398376465, -27.221496582, 43.0995864868, -2.76687812805, 25.708524704, -23.785774231, -11.1508722305, 15.0610151291, 97.8957519531, 4.53353118896, 4.90382623672, -0.523138940334, -10.0676107407], [35.3733100891, 20.0562286377, -61.8440895081, 7.69689273834, -17.8522434235, 2.56039071083, 27.4530506134, 10.0504636765, 4.53353118896, 80.1170730591, 0.911724328995, 1.2809343338, 5.86408996582], [-20.0616207123, -41.0738716125, 33.5737190247, -25.9669704437, 6.4405837059, 13.0785541534, -10.4636907578, -10.2498321533, 4.90382623672, 0.911724328995, 76.3942108154, 16.1992301941, -0.717816114426], [-40.3397026062, 1.23354518414, 15.582285881, 10.2130374908, 11.4041585922, -18.3351249695, -14.8759431839, -6.588991642, -0.523138940334, 1.2809343338, 16.1992301941, 72.4045715332, 30.6686306], [-46.9639701843, -2.43400716782, -14.6751832962, 4.25122499466, -5.94781351089, -1.02162885666, -1.7590123415, 2.6296005249, -10.0676107407, 5.86408996582, -0.717816114426, 30.6686306, 64.0600128174]], "icov": [[0.000163760647411, -2.5412236937e-05, 2.62737521552e-05, 3.8707821659e-05, 0.000162830590853, 5.45208895346e-05, 0.000116409020848, 8.37346597109e-05, 6.84953265591e-05, -8.01355708973e-05, 2.48877222475e-05, 3.79287739634e-05, 0.000138509538374], [-2.5412236937e-05, 0.002549539553, 0.000241335350438, -0.00176210142672, 0.000958329241257, -0.000190195161849, -0.00100415782072, 0.0010589879239, -2.91669075523e-05, 0.000123092060676, 0.000739673851058, -0.000560828659218, 0.000526300456841], [2.62737521552e-05, 0.000241335350438, 0.00318481517024, 0.000526300165802, -0.00219247047789, -0.000224094459554, 0.00122416601516, -0.00101919856388, -0.00046717087389, 0.00156293041073, -0.00072676804848, -0.000408368039643, 0.000562279950827], [3.8707821659e-05, -0.00176210142672, 0.000526300165802, 0.00759993493557, -0.00206881109625, -0.00212580454536, 0.00181644351687, -0.000734841683879, -0.000198330817511, -0.000836937979329, 0.00249485019594, -0.0017247647047, 0.000330821087118], [0.000162830590853, 0.000958329241257, -0.00219247047789, -0.00206881109625, 0.00945707689971, 0.000105490558781, -0.00266305333935, 0.00174255715683, -0.00174027273897, 0.0010476927273, 0.00029261407326, -0.00147714116611, 0.000866964226589], [5.45208895346e-05, -0.000190195161849, -0.000224094459554, -0.00212580454536, 0.000105490558781, 0.00862563867122, -3.45390908478e-05, -0.00300198351033, 0.00264292000793, 9.16713615879e-05, -0.00351610733196, 0.00345131685026, -0.000892625947017], [0.000116409020848, -0.00100415782072, 0.00122416601516, 0.00181644351687, -0.00266305333935, -3.45390908478e-05, 0.00722720939666, -0.00107768934686, 0.001059051021, -0.00204126583412, 0.000309311639285, 0.00137690862175, -0.000100467201264], [8.37346597109e-05, 0.0010589879239, -0.00101919856388, -0.000734841683879, 0.00174255715683, -0.00300198351033, -0.00107768934686, 0.0143026532605, -0.00290223467164, -0.00176652614027, 0.00310830771923, 8.78932114574e-05, -0.000887529749889], [6.84953265591e-05, -2.91669075523e-05, -0.00046717087389, -0.000198330817511, -0.00174027273897, 0.00264292000793, 0.001059051021, -0.00290223467164, 0.0124383652583, -0.00166180811357, -0.00133251061197, 0.000755221350119, 0.00171446311288], [-8.01355708973e-05, 0.000123092060676, 0.00156293041073, -0.000836937979329, 0.0010476927273, 9.16713615879e-05, -0.00204126583412, -0.00176652614027, -0.00166180811357, 0.0151127818972, -0.00151641992852, -0.000532319012564, -0.000932031660341], [2.48877222475e-05, 0.000739673851058, -0.00072676804848, 0.00249485019594, 0.00029261407326, -0.00351610733196, 0.000309311639285, 0.00310830771923, -0.00133251061197, -0.00151641992852, 0.017004692927, -0.00556775042787, 0.00235177995637], [3.79287739634e-05, -0.000560828659218, -0.000408368039643, -0.0017247647047, -0.00147714116611, 0.00345131685026, 0.00137690862175, 8.78932114574e-05, 0.000755221350119, -0.000532319012564, -0.00556775042787, 0.0210676267743, -0.0100015634671], [0.000138509538374, 0.000526300456841, 0.000562279950827, 0.000330821087118, 0.000866964226589, -0.000892625947017, -0.000100467201264, -0.000887529749889, 0.00171446311288, -0.000932031660341, 0.00235177995637, -0.0100015634671, 0.0211080405861]], "mean": [-611.57611084, 77.6586685181, -3.88715720177, 30.858335495, -6.9604845047, 18.0560417175, -0.446793466806, -0.0975649580359, 0.661629974842, 2.09242749214, -3.78953099251, -3.37810564041, -0.427938491106]}, "pitch_salience": {"dmean": 0.0610985383391, "dmean2": 0.100956320763, "dvar": 0.00300253392197, "dvar2": 0.00782664306462, "max": 0.949152469635, "mean": 0.58342474699, "median": 0.591377973557, "min": 0.0168932769448, "var": 0.0082903560251}, "silence_rate_20dB": {"dmean": 0, "dmean2": 0, "dvar": 0, "dvar2": 0, "max": 1, "mean": 1, "median": 1, "min": 1, "var": 0}, "silence_rate_30dB": {"dmean": 0, "dmean2": 0, "dvar": 0, "dvar2": 0, "max": 1, "mean": 1, "median": 1, "min": 1, "var": 0}, "silence_rate_60dB": {"dmean": 0.0106030488387, "dmean2": 0.0212089084089, "dvar": 0.0104898922145, "dvar2": 0.0236710719764, "max": 1, "mean": 0.0490325987339, "median": 0, "min": 0, "var": 0.0466274507344}, "spectral_centroid": {"dmean": 350.674530029, "dmean2": 542.797729492, "dvar": 130630.453125, "dvar2": 285027.03125, "max": 11511.6318359, "mean": 2519.84594727, "median": 2587.81079102, "min": 284.651550293, "var": 442499.9375}, "spectral_complexity": {"dmean": 4.17282962799, "dmean2": 5.91834592819, "dvar": 16.4314403534, "dvar2": 30.3310527802, "max": 55, "mean": 24.2924728394, "median": 25, "min": 0, "var": 131.134246826}, "spectral_contrast_coeffs": {"dmean": [0.0574636347592, 0.0455540083349, 0.0388940013945, 0.03109793365, 0.0220346171409, 0.0194748397917], "dmean2": [0.093606300652, 0.0745886415243, 0.0632516518235, 0.0508674122393, 0.0348210707307, 0.0295898728073], "dvar": [0.00245861359872, 0.00135025195777, 0.000978654250503, 0.000606085115578, 0.00032217419357, 0.000301622669213], "dvar2": [0.00606865622103, 0.0035620671697, 0.00243507884443, 0.00156001432333, 0.00073649577098, 0.000626707740594], "max": [-0.377771168947, -0.450821906328, -0.486679464579, -0.543027162552, -0.606887936592, -0.579041421413], "mean": [-0.665249049664, -0.75415712595, -0.765673875809, -0.771610438824, -0.77253228426, -0.698117613792], "median": [-0.669190883636, -0.759199202061, -0.772858977318, -0.777140438557, -0.775947570801, -0.697510361671], "min": [-0.961699724197, -0.996035218239, -0.966797113419, -0.961915194988, -0.95586001873, -0.962967813015], "var": [0.00592750776559, 0.00424651196226, 0.00481630209833, 0.00300749065354, 0.00245755608194, 0.00219145766459]}, "spectral_contrast_valleys": {"dmean": [0.398381352425, 0.356478512287, 0.298890382051, 0.250458598137, 0.197204068303, 0.243733659387], "dmean2": [0.663435816765, 0.564040660858, 0.472318083048, 0.39831840992, 0.291361570358, 0.302632927895], "dvar": [0.140686109662, 0.133426889777, 0.0966034084558, 0.0900971442461, 0.0764446184039, 0.105125516653], "dvar2": [0.316853225231, 0.257247507572, 0.172495394945, 0.155478537083, 0.11017446965, 0.155577912927], "max": [-5.97497606277, -5.35121965408, -5.74608755112, -5.99351024628, -5.77628517151, -7.90844297409], "mean": [-7.43601894379, -6.92112779617, -7.29648685455, -7.43892669678, -7.05904054642, -9.66069698334], "median": [-7.25008678436, -6.76036834717, -7.16485691071, -7.28355073929, -6.89967632294, -9.56578350067], "min": [-27.3990077972, -28.1106624603, -27.127620697, -27.3444366455, -27.4111633301, -27.1787490845], "var": [0.898251235485, 1.01397716999, 0.85931122303, 0.828011274338, 0.808595478535, 1.00471353531]}, "spectral_decrease": {"dmean": 1.21129140052e-09, "dmean2": 1.7436506683e-09, "dvar": 1.89788857412e-18, "dvar2": 3.71590582905e-18, "max": -3.45411984593e-29, "mean": -4.33014468726e-09, "median": -4.03062294652e-09, "min": -1.46768135423e-08, "var": 6.54519605059e-18}, "spectral_energy": {"dmean": 0.00513224676251, "dmean2": 0.00709333550185, "dvar": 3.16287696478e-05, "dvar2": 5.91785646975e-05, "max": 0.0628606379032, "mean": 0.0196485389024, "median": 0.0186485238373, "min": 1.05433983762e-20, "var": 0.000128252286231}, "spectral_energyband_high": {"dmean": 0.00131149764638, "dmean2": 0.00182702357415, "dvar": 4.13371208197e-06, "dvar2": 7.84481017035e-06, "max": 0.0244997795671, "mean": 0.00363454408944, "median": 0.00254830345511, "min": 7.72310588283e-21, "var": 1.32454742925e-05}, "spectral_energyband_low": {"dmean": 0.00229337089695, "dmean2": 0.00369551312178, "dvar": 1.27856155814e-05, "dvar2": 2.96577127301e-05, "max": 0.0373748019338, "mean": 0.00371296843514, "median": 0.00240586139262, "min": 8.74972582982e-23, "var": 1.83515694516e-05}, "spectral_energyband_middle_high": {"dmean": 0.00182058895007, "dmean2": 0.00260558607988, "dvar": 4.85811460749e-06, "dvar2": 9.64023365668e-06, "max": 0.0373539477587, "mean": 0.00665696710348, "median": 0.0051213959232, "min": 1.62576967473e-21, "var": 3.25750734191e-05}, "spectral_energyband_middle_low": {"dmean": 0.00289938715287, "dmean2": 0.00455487286672, "dvar": 1.46253496496e-05, "dvar2": 3.41696613759e-05, "max": 0.037658970803, "mean": 0.00629642559215, "median": 0.00491067301482, "min": 4.12388208475e-22, "var": 2.71748904197e-05}, "spectral_entropy": {"dmean": 0.10253161937, "dmean2": 0.150844976306, "dvar": 0.0117316115648, "dvar2": 0.0222558770329, "max": 9.79730606079, "mean": 7.9608206749, "median": 7.96409225464, "min": 6.82941961288, "var": 0.0734440013766}, "spectral_flux": {"dmean": 0.0181023478508, "dmean2": 0.0280198622495, "dvar": 0.000344196450897, "dvar2": 0.000787881377619, "max": 0.229532882571, "mean": 0.0815213993192, "median": 0.0803160145879, "min": 1.02681051162e-10, "var": 0.00113603065256}, "spectral_kurtosis": {"dmean": 0.673859715462, "dmean2": 1.14253914356, "dvar": 0.456584513187, "dvar2": 1.31417346001, "max": 9.33040618896, "mean": 1.76756906509, "median": 1.64434432983, "min": -1.15376079082, "var": 1.1295427084}, "spectral_rms": {"dmean": 0.000568006944377, "dmean2": 0.000771487539168, "dvar": 3.43451034723e-07, "dvar2": 6.05062382419e-07, "max": 0.00783118512481, "mean": 0.00414325250313, "median": 0.00426540523767, "min": 3.20721726087e-12, "var": 2.00281601792e-06}, "spectral_rolloff": {"dmean": 839.859985352, "dmean2": 1353.44848633, "dvar": 1099814.75, "dvar2": 2162702.75, "max": 18540.0878906, "mean": 3924.27685547, "median": 3962.109375, "min": 21.533203125, "var": 4116508}, "spectral_skewness": {"dmean": 0.135042399168, "dmean2": 0.215450763702, "dvar": 0.0147852841765, "dvar2": 0.0358215086162, "max": 2.2587993145, "mean": 0.854562759399, "median": 0.842978000641, "min": -0.332926154137, "var": 0.0562615320086}, "spectral_spread": {"dmean": 436989.84375, "dmean2": 610209.625, "dvar": 359895171072, "dvar2": 543660212224, "max": 38885716, "mean": 5024792, "median": 4738573, "min": 2508228.25, "var": 2066854576130.0}, "spectral_strongpeak": 