{"lowlevel": {"average_loudness": 0.936316251755, "barkbands": {"dmean": [0.000210336220334, 0.00200340431184, 0.00176738924347, 0.00186383735854, 0.00270611490123, 0.00100651860703, 0.00116377929226, 0.00113141280599, 0.000575705489609, 0.000553908874281, 0.000439457187895, 0.000378708326025, 0.000270547665423, 0.000306211877614, 0.000298588274745, 0.000313506112434, 0.000334591692081, 0.000205479504075, 0.000197516492335, 0.000191991595784, 0.000119830612675, 0.000127542225528, 5.68783361814e-05, 4.79438094771e-05, 3.42741805071e-05, 1.88030571735e-05, 1.62560390891e-05], "dmean2": [0.000335540593369, 0.00326643255539, 0.00300138979219, 0.0031342250295, 0.00443807244301, 0.00163983204402, 0.00180561852176, 0.00170281354804, 0.000872951291967, 0.000875815108884, 0.000671756570227, 0.000588139635511, 0.000425960781286, 0.000476031476865, 0.000454046443338, 0.000487953424454, 0.000529671378899, 0.000323468906572, 0.000301570922602, 0.000291169038974, 0.000176500005182, 0.00018229073612, 7.99168628873e-05, 6.47472770652e-05, 4.45645418949e-05, 2.37146723521e-05, 2.11171063711e-05], "dvar": [3.95290555844e-07, 2.48129235842e-05, 1.70229232026e-05, 1.46537095134e-05, 3.43645806424e-05, 3.77236483473e-06, 5.11088774147e-06, 5.63890125704e-06, 1.37251379329e-06, 1.80920073944e-06, 8.69851191965e-07, 5.63278888421e-07, 2.55689968753e-07, 2.68938407544e-07, 2.82233315829e-07, 3.03527400547e-07, 2.58766021943e-07, 1.3367309748e-07, 1.49793123683e-07, 1.71556720829e-07, 9.7785701314e-08, 1.5682805099e-07, 3.67746793017e-08, 2.56631800255e-08, 1.38531266458e-08, 3.34863958784e-09, 1.01241237616e-09], "dvar2": [9.15413636449e-07, 6.08323571214e-05, 4.50261868536e-05, 3.86657156923e-05, 8.43029411044e-05, 9.12452287594e-06, 1.14152153401e-05, 1.25981769088e-05, 3.00805095321e-06, 4.25828147854e-06, 1.86408510672e-06, 1.19448122859e-06, 6.11918494542e-07, 6.50029107874e-07, 6.37364450995e-07, 6.99084068856e-07, 6.16951638222e-07, 3.1863322647e-07, 3.26761778524e-07, 3.80083577056e-07, 2.00515501092e-07, 2.93263070716e-07, 9.30490031692e-08, 4.62529641254e-08, 2.62243595728e-08, 7.00248881103e-09, 1.88509852173e-09], "max": [0.00633382378146, 0.0634462982416, 0.0507338121533, 0.0646642744541, 0.0747345387936, 0.0449931919575, 0.0568859949708, 0.0398200191557, 0.0373490452766, 0.0434788055718, 0.0332173518836, 0.0214908178896, 0.0123237706721, 0.0140791255981, 0.0133496373892, 0.0127947935835, 0.0126080093905, 0.0107069090009, 0.0110883135349, 0.0140475723892, 0.0119602531195, 0.0124370865524, 0.0120016792789, 0.0071713081561, 0.00801769178361, 0.00542649393901, 0.000370565510821], "mean": [0.000188240097486, 0.00260713580064, 0.00212324643508, 0.00234551075846, 0.00382038159296, 0.00173668912612, 0.00212552514859, 0.00191821448971, 0.00101568561513, 0.000863321416546, 0.000782808056101, 0.000672132882755, 0.000479448819533, 0.000551673874725, 0.000556696846616, 0.000573616067413, 0.000635113567114, 0.000392843066948, 0.000388734275475, 0.000371763977455, 0.00025988422567, 0.000254023878369, 0.000112310161057, 9.92584245978e-05, 6.38320852886e-05, 2.86878785118e-05, 2.22718626901e-05], "median": [8.24369726615e-06, 0.00126391474623, 0.000645840482321, 0.00094016402727, 0.00170946598519, 0.000796877779067, 0.00081828905968, 0.000684184255078, 0.000455876812339, 0.000272307253908, 0.000263746827841, 0.00031628733268, 0.000248384138104, 0.000311158742988, 0.000267029332463, 0.000290485157166, 0.000374674156774, 0.000218227127334, 0.000178844726179, 0.000142244971357, 6.19768688921e-05, 5.47726667719e-05, 3.15598081215e-05, 2.30373771046e-05, 1.4315086446e-05, 4.78699348605e-06, 1.27807118133e-06], "min": [5.47649946225e-11, 8.64748134211e-11, 6.1913106586e-11, 6.31849642052e-11, 1.32918967499e-10, 5.72753025563e-11, 4.22718075821e-11, 1.68720648563e-10, 4.7037479467e-10, 3.81913251024e-10, 1.79906159414e-10, 2.73906147763e-10, 1.65254268603e-10, 1.88996197165e-11, 1.61215679695e-10, 5.21425791433e-10, 1.04780883969e-09, 5.62568103213e-10, 2.58545962417e-10, 1.07349087952e-10, 6.16147133314e-10, 6.13025963325e-10, 3.85128706704e-10, 6.1197935608e-10, 1.47427917097e-10, 1.21756230098e-10, 3.17624745949e-11], "var": [3.77733044843e-07, 2.3693910407e-05, 1.74770266312e-05, 1.84726304724e-05, 4.27397644671e-05, 8.51491131471e-06, 1.39688108902e-05, 1.14378126455e-05, 2.95386325888e-06, 3.88125590689e-06, 3.04937043438e-06, 1.48387368881e-06, 5.78872231927e-07, 5.85059694913e-07, 7.66232972182e-07, 7.79423316999e-07, 6.72767384913e-07, 3.08784166236e-07, 3.94411102889e-07, 4.88441799007e-07, 3.93663071918e-07, 4.85974169351e-07, 6.42727187028e-08, 8.18544449999e-08, 2.93706250432e-08, 4.59181359602e-09, 1.84316273355e-09]}, "barkbands_crest": {"dmean": 2.4243016243, "dmean2": 3.90747022629, "dvar": 4.82463312149, "dvar2": 11.8913164139, "max": 24.7663097382, "mean": 8.66855812073, "median": 7.921002388, "min": 2.35799384117, "var": 13.9128665924}, "barkbands_flatness_db": {"dmean": 0.0188229326159, "dmean2": 0.027734901756, "dvar": 0.000295038393233, "dvar2": 0.00066476536449, "max": 0.287373185158, "mean": 0.112339176238, "median": 0.110107928514, "min": 0.0229951739311, "var": 0.00151961599477}, "barkbands_kurtosis": {"dmean": 1.92448139191, "dmean2": 3.11952567101, "dvar": 10.4603319168, "dvar2": 27.4167709351, "max": 70.2604293823, "mean": 2.09756970406, "median": 0.764312267303, "min": -1.90356814861, "var": 20.0802364349}, "barkbands_skewness": {"dmean": 0.484797000885, "dmean2": 0.747021496296, "dvar": 0.266673356295, "dvar2": 0.629134654999, "max": 7.70828676224, "mean": 1.17931675911, "median": 1.09794092178, "min": -2.94042468071, "var": 0.957413375378}, "barkbands_spread": {"dmean": 5.13355255127, "dmean2": 7.77757930756, "dvar": 28.1107349396, "dvar2": 62.1087837219, "max": 92.2896728516, "mean": 23.2999744415, "median": 21.1828422546, "min": 1.30714082718, "var": 131.746505737}, "dissonance": {"dmean": 0.01527227927, "dmean2": 0.0256826672703, "dvar": 0.000236687541474, "dvar2": 0.000632765935734, "max": 0.5, "mean": 0.47044801712, "median": 0.474974513054, "min": 0.0358776673675, "var": 0.000436070055002}, "dynamic_complexity": 2.30987739563, "erbbands": {"dmean": [0.0620343275368, 0.48463049531, 1.82752251625, 3.75672864914, 10.8190469742, 7.68754720688, 7.44832706451, 8.32111644745, 14.3403615952, 19.6376342773, 20.8756523132, 11.2774343491, 14.8113002777, 20.0639152527, 13.9649782181, 13.9935245514, 11.5039539337, 13.4567985535, 14.3378610611, 13.4829969406, 17.41015625, 19.3611965179, 11.8816137314, 9.42091464996, 10.7348051071, 7.61944675446, 5.40932512283, 4.89745092392, 4.81844472885, 2.66835641861, 1.47248458862, 1.10173583031, 0.778961718082, 0.454768508673, 0.19376309216, 0.0785369500518, 0.0369464419782, 0.0127611821517, 0.00287346099503, 0.000176024797838], "dmean2": [0.099316470325, 0.825159072876, 3.12115883827, 6.32056331635, 18.0876197815, 12.8147563934, 12.1519117355, 13.7135562897, 22.5295791626, 29.8764457703, 31.0771923065, 17.3135471344, 23.1016769409, 31.4169654846, 21.744594574, 21.6387386322, 17.9907073975, 20.6402511597, 22.1643638611, 20.4078960419, 26.9956798553, 30.5481014252, 18.5005836487, 14.4045114517, 16.2661857605, 11.5499134064, 8.17824840546, 7.06352233887, 6.96527099609, 3.72334885597, 2.04432368279, 1.50354683399, 1.06484508514, 0.608750402927, 0.250876545906, 0.100324831903, 0.0472146458924, 0.0162778180093, 0.00379138602875, 0.00023197880364], "dvar": [0.0301576051861, 1.53226470947, 20.0954208374, 48.9374237061, 703.442565918, 239.710540771, 233.181152344, 249.83946228, 887.284912109, 1328.60925293, 1855.93969727, 528.046325684, 1241.97607422, 2390.35131836, 781.07220459, 865.15222168, 455.867980957, 511.418426514, 632.216247559, 605.869140625, 909.276794434, 899.55847168, 470.761962891, 299.495147705, 467.424224854, 250.680892944, 179.913146973, 200.090835571, 229.765991211, 58.9132003784, 18.799041748, 11.9815788269, 7.89954996109, 2.72669672966, 0.500631034374, 0.139026373625, 0.0066729108803, 0.000572194461711, 3.28300920955e-05, 1.17722045445e-07], "dvar2": [0.0686860606074, 4.18513536453, 54.3654136658, 130.289672852, 1788.8807373, 603.87689209, 563.857055664, 621.472717285, 1982.20935059, 3001.11328125, 4045.5847168, 1197.64904785, 2800.17504883, 5893.92675781, 1691.2434082, 1892.62817383, 1090.42980957, 1197.31420898, 1543.8560791, 1245.41467285, 2092.72680664, 2132.84301758, 1106.57568359, 661.809204102, 1015.359375, 529.519042969, 405.333068848, 390.392456055, 441.265899658, 132.679199219, 44.6023368835, 22.8920440674, 15.2642192841, 5.45949792862, 0.894112706184, 0.292073518038, 0.0130701968446, 0.00101268535946, 6.23355808784e-05, 2.27167817002e-07], "max": [2.20694303513, 15.0443191528, 50.5785369873, 135.853210449, 288.611755371, 238.975524902, 334.025756836, 368.105224609, 811.561462402, 672.443359375, 816.227783203, 553.818115234, 1112.00830078, 1850.2043457, 1048.85546875, 883.84362793, 645.235473633, 654.840820313, 564.702392578, 739.236938477, 745.551452637, 674.058837891, 700.023986816, 490.080169678, 655.136047363, 447.263641357, 457.038360596, 445.386535645, 598.474853516, 391.982818604, 240.687545776, 170.23425293, 134.790588379, 83.9614639282, 62.4368858337, 39.9966697693, 5.34602212906, 0.308173954487, 0.0648675337434, 0.00435172952712], "mean": [0.0687835216522, 0.620181918144, 2.28252530098, 5.25973653793, 12.7737350464, 11.0075426102, 12.8307771683, 14.1316413879, 26.3410625458, 36.3240394592, 38.6791877747, 20.3189811707, 25.8738517761, 34.0499458313, 26.5887050629, 26.2344512939, 22.4335174561, 25.6462478638, 29.1762104034, 27.4297161102, 34.5768585205, 37.9221572876, 24.2998962402, 19.1733589172, 22.0216026306, 15.3870925903, 11.1382856369, 10.1940116882, 9.67527961731, 5.35170078278, 2.95670723915, 2.22381067276, 1.58193469048, 0.854238510132, 0.349301248789, 0.12905202806, 0.0543737821281, 0.0182663779706, 0.00384771660902, 0.000258608662989], "median": [0.0226266160607, 0.328630328178, 0.932927727699, 2.51430225372, 4.47874689102, 5.11550760269, 5.38937568665, 6.57031536102, 9.98304367065, 17.6470470428, 16.3477878571, 10.1704330444, 10.3687772751, 10.8182849884, 10.946893692, 13.0352954865, 12.4234542847, 15.2357711792, 16.2957744598, 14.6577796936, 18.9771003723, 23.1695137024, 14.0576858521, 9.84286499023, 9.52133750916, 6.46797943115, 3.20397424698, 2.15602588654, 1.95013737679, 1.33541083336, 0.878494501114, 0.56784594059, 0.329792380333, 0.196913257241, 0.0731988325715, 0.0252734236419, 0.0080761294812, 0.00174211221747, 0.000223317125347, 4.7040564823e-05], "min": [3.08006131711e-09, 1.78725105826e-08, 6.31335907997e-08, 1.57282912028e-07, 3.07085855411e-07, 4.70416352982e-07, 5.38436722763e-07, 4.3281249873e-07, 4.33348674278e-07, 1.56209694069e-06, 5.11371490575e-06, 1.03812080852e-05, 1.29114778247e-05, 9.8008877103e-06, 7.89089790487e-06, 1.15185821414e-05, 8.32482510305e-06, 1.71488954948e-06, 3.2419618492e-06, 1.9422157493e-05, 2.96912839985e-05, 6.10300194239e-05, 4.2358522478e-05, 7.7404329204e-06, 1.50433688759e-05, 4.83830035591e-06, 1.77231268026e-05, 2.77161743725e-05, 2.32568399952e-05, 1.42003300425e-05, 9.62529975368e-06, 1.64201337611e-05, 7.24237770555e-06, 2.10035705095e-06, 8.97337372407e-07, 6.48124228064e-07, 1.81685990697e-07, 2.62270756224e-08, 4.1488550373e-09, 4.18771045618e-10], "var": [0.0295741260052, 1.20470631123, 18.2304782867, 71.0486755371, 714.682006836, 323.876586914, 549.499206543, 501.740966797, 2483.45336914, 2846.71728516, 4150.46533203, 1039.92871094, 3038.89135742, 5287.86914063, 2876.45776367, 2133.56054688, 1162.5012207, 1124.98352051, 1605.9642334, 1769.953125, 2430.82177734, 2294.89282227, 1127.4453125, 865.90625, 1338.15332031, 744.656494141, 583.032592773, 713.363952637, 755.724121094, 143.584884644, 37.070224762, 34.8583335876, 25.8345756531, 5.78889942169, 0.9839630723, 0.177255555987, 0.0112339900807, 0.00115541566629, 5.71562304685e-05, 2.04938544357e-07]}, "erbbands_crest": {"dmean": 2.38831830025, "dmean2": 3.82528805733, "dvar": 5.47217845917, "dvar2": 13.3696374893, "max": 31.2321224213, "mean": 8.37823867798, "median": 7.34914493561, "min": 2.48070859909, "var": 14.9496574402}, "erbbands_flatness_db": {"dmean": 0.0173835866153, "dmean2": 0.0227595139295, "dvar": 0.000284005480353, "dvar2": 0.000472466141218, "max": 0.318612396717, "mean": 0.154265880585, "median": 0.151524186134, "min": 0.0379333719611, "var": 0.00173190562055}, "erbbands_kurtosis": {"dmean": 0.69874727726, "dmean2": 1.0912528038, "dvar": 1.01688909531, "dvar2": 2.38139176369, "max": 28.0973491669, "mean": -0.00909862294793, "median": -0.453164845705, "min": -1.7572145462, "var": 2.4427177906}, "erbbands_skewness": {"dmean": 0.33871987462, "dmean2": 0.5089366436, "dvar": 0.0987626686692, "dvar2": 0.218475818634, "max": 4.71067714691, "mean": 0.133147835732, "median": 0.111742131412, "min": -2.93135595322, "var": 0.491639256477}, "erbbands_spread": {"dmean": 7.03230285645, "dmean2": 10.3286781311, "dvar": 56.4257736206, "dvar2": 114.507995605, "max": 123.306304932, "mean": 36.9553222656, "median": 35.0614128113, "min": 4.06339359283, "var": 249.21736145}, "gfcc": {"cov": [[3389.99316406, -925.942138672, 527.617614746, 256.558807373, -119.370422363, 80.1610412598, 37.5345001221, 37.5614547729, -11.3235254288, 121.901596069, -11.5043516159, 59.2060050964, -0.503211438656], [-925.942138672, 1372.84350586, -255.369430542, 2.92375588417, 251.959533691, -85.0862960815, 48.595489502, 10.5260267258, 63.5512390137, -30.0645866394, 113.377502441, -25.395406723, 6.65830516815], [527.617614746, -255.369430542, 737.290405273, 70.6969909668, 32.5203323364, 92.6285324097, 3.80227780342, -9.74995517731, 13.9445991516, 36.8531494141, -31.3536891937, 35.9146080017, -25.8518733978], [256.558807373, 2.92375588417, 70.6969909668, 456.73928833, -37.1447715759, 80.3449172974, 1.32159280777, 7.67984008789, 30.2885189056, 28.937871933, -4.58264446259, -23.3298892975, 28.7124423981], [-119.370422363, 251.959533691, 32.5203323364, -37.1447715759, 318.753753662, -4.55883407593, 58.1453819275, 32.44896698, 35.6132774353, 14.3955287933, 23.9514770508, 20.1259403229, -0.770636737347], [80.1610412598, -85.0862960815, 92.6285324097, 80.3449172974, -4.55883407593, 218.431060791, 69.2383270264, 20.6424751282, -13.0907945633, 1.14629089832, -17.7565231323, 5.1283621788, 13.3984479904], [37.5345001221, 48.595489502, 3.80227780342, 1.32159280777, 58.1453819275, 69.2383270264, 172.960006714, 65.8110427856, 10.7056322098, 2.39163732529, 7.43766832352, 7.28896379471, -2.89537239075], [37.5614547729, 10.5260267258, -9.74995517731, 7.67984008789, 32.44896698, 20.6424751282, 65.8110427856, 133.534896851, 64.0298233032, 25.9053421021, 7.72161912918, -10.0695495605, -7.12190341949], [-11.3235254288, 63.5512390137, 13.9445991516, 30.2885189056, 35.6132774353, -13.0907945633, 10.7056322098, 64.0298233032, 123.752655029, 60.273601532, 5.54537725449, -19.4952468872, -14.9399461746], [121.901596069, -30.0645866394, 36.8531494141, 28.937871933, 14.3955287933, 1.14629089832, 2.39163732529, 25.9053421021, 60.273601532, 103.922653198, 35.1727714539, 0.954083800316, -16.122959137], [-11.5043516159, 113.377502441, -31.3536891937, -4.58264446259, 23.9514770508, -17.7565231323, 7.43766832352, 7.72161912918, 5.54537725449, 35.1727714539, 90.148399353, 35.2330436707, 2.67265868187], [59.2060050964, -25.395406723, 35.9146080017, -23.3298892975, 20.1259403229, 5.1283621788, 7.28896379471, -10.0695495605, -19.4952468872, 0.954083800316, 35.2330436707, 81.3283843994, 33.3930625916], [-0.503211438656, 6.65830516815, -25.8518733978, 28.7124423981, -0.770636737347, 13.3984479904, -2.89537239075, -7.12190341949, -14.9399461746, -16.122959137, 2.67265868187, 33.3930625916, 66.9643478394]], "icov": [[0.000431769498391, 0.000262911256868, -0.000213118677493, -0.000240806737565, 2.2014694423e-06, 0.000209915320738, -0.000197900168132, -0.00013442542695, 0.000262264598859, -0.000365889107343, -0.00013761043374, -7.01741955709e-05, -5.58464525966e-05], [0.000262911256868, 0.00146421499085, 9.12245450309e-05, -0.000235965620959, -0.000921084196307, 0.000280229316559, -0.000468776968773, 0.000758640584536, -0.00121644721366, 0.00159728620201, -0.00266703544185, 0.00159004738089, -0.000586750218645], [-0.000213118677493, 9.12245450309e-05, 0.00190858123824, -0.000237616157392, -0.000394621863961, -0.000757313333452, 0.000362248072634, 0.000378370925318, -0.000447092577815, -0.000233836952248, 0.00122689362615, -0.00193979870528, 0.00179321749602], [-0.000240806737565, -0.000235965620959, -0.000237616157392, 0.00289141293615, 0.000375206844183, -0.00105356331915, 0.000206070762943, 0.000372742011677, -0.000747817452066, -0.000399512791773, -0.000557802268304, 0.00205311714672, -0.00231076078489], [2.2014694423e-06, -0.000921084196307, -0.000394621863961, 0.000375206844183, 0.00429261568934, 0.000220892645302, -0.00106798904017, -0.000353457027813, -0.000412100955145, -0.000781585462391, 0.00103145977482, -0.00165087543428, 0.000201762173674], [0.000209915320738, 0.000280229316559, -0.000757313333452, -0.00105356331915, 0.000220892645302, 0.00652818009257, -0.00276590627618, -0.00049901031889, 0.00168887944892, -0.00110178999603, 0.00115937169176, 0.000159594754223, -0.00135755236261], [-0.000197900168132, -0.000468776968773, 0.000362248072634, 0.000206070762943, -0.00106798904017, -0.00276590627618, 0.0091144759208, -0.00452615320683, 0.00151033001021, 0.000261617475189, 0.000448618782684, -0.00158440112136, 0.00172258471139], [-0.00013442542695, 0.000758640584536, 0.000378370925318, 0.000372742011677, -0.000353457027813, -0.00049901031889, -0.00452615320683, 0.0134436506778, -0.00779488775879, 0.00226109451614, -0.00282819429412, 0.00217421492562, -0.000926330918446], [0.000262264598859, -0.00121644721366, -0.000447092577815, -0.000747817452066, -0.000412100955145, 0.00168887944892, 0.00151033001021, -0.00779488775879, 0.0182074420154, -0.010634476319, 0.00520327687263, 0.000445096869953, 0.000236645064433], [-0.000365889107343, 0.00159728620201, -0.000233836952248, -0.000399512791773, -0.000781585462391, -0.00110178999603, 0.000261617475189, 0.00226109451614, -0.010634476319, 0.0203326251358, -0.0105606270954, 0.00213071610779, 0.0022645581048], [-0.00013761043374, -0.00266703544185, 0.00122689362615, -0.000557802268304, 0.00103145977482, 0.00115937169176, 0.000448618782684, -0.00282819429412, 0.00520327687263, -0.0105606270954, 0.0237098820508, -0.0129429912195, 0.0046016392298], [-7.01741955709e-05, 0.00159004738089, -0.00193979870528, 0.00205311714672, -0.00165087543428, 0.000159594754223, -0.00158440112136, 0.00217421492562, 0.000445096869953, 0.00213071610779, -0.0129429912195, 0.0264221280813, -0.0137230278924], [-5.58464525966e-05, -0.000586750218645, 0.00179321749602, -0.00231076078489, 0.000201762173674, -0.00135755236261, 0.00172258471139, -0.000926330918446, 0.000236645064433, 0.0022645581048, 0.0046016392298, -0.0137230278924, 0.024181842804]], "mean": [14.520532608, 86.9333267212, -123.724433899, 23.2134742737, -50.7161369324, 0.237820386887, -36.6131668091, 3.75092101097, -19.8584289551, -2.68057394028, -16.5828151703, -3.50075554848, -14.1501932144]}, "hfc": {"dmean": 6.19213056564, "dmean2": 8.26031112671, "dvar": 77.361076355, "dvar2": 130.690322876, "max": 311.808258057, "mean": 22.3440647125, "median": 17.7794532776, "min": 2.69164356723e-05, "var": 395.548034668}, "melbands": {"dmean": [0.000531173369382, 0.000836254796013, 0.000885102723259, 0.000659671786707, 0.000258017535089, 0.000187815312529, 0.000225622163271, 0.00023638017592, 0.000159187140525, 7.14432826499e-05, 7.56910376367e-05, 8.23456357466e-05, 4.98140216223e-05, 4.2708878027e-05, 3.57583921868e-05, 2.79916639556e-05, 2.63928468485e-05, 2.49775457632e-05, 2.54632395809e-05, 1.92625957425e-05, 2.16838598135e-05, 2.21966602112e-05, 1.39614485306e-05, 9.69154189079e-06, 8.14206941868e-06, 7.79584115662e-06, 9.00640588952e-06, 4.90254751639e-06, 3.95823872168e-06, 2.67286736744e-06, 3.18248453368e-06, 3.15795978167e-06, 2.25432268053e-06, 1.38560130836e-06, 9.46329521412e-07, 7.10927565706e-07, 7.3185697147e-07, 6.04324497999e-07, 4.79492939576e-07, 3.74913639689e-07], "dmean2": [0.000846345559694, 0.00142922636587, 0.00147175113671, 0.00109031051397, 0.000424935686169, 0.00030790999881, 0.000352675619069, 0.000355957134161, 0.000236293824855, 0.000110041313746, 0.000118039679364, 0.000128979008878, 7.64824872022e-05, 6.66015985189e-05, 5.55860933673e-05, 4.36006084783e-05, 4.0857878048e-05, 3.90332861571e-05, 3.86504398193e-05, 2.9805016311e-05, 3.38784120686e-05, 3.52901879523e-05, 2.18430923269e-05, 1.53115997819e-05, 1.26029344756e-05, 1.18411389849e-05, 1.38651266752e-05, 7.59045860832e-06, 6.13746033196e-06, 3.99316968469e-06, 4.66378469355e-06, 4.69410861115e-06, 3.28976489072e-06, 2.000699169e-06, 1.3641250689e-06, 1.00472641407e-06, 1.03360173398e-06, 8.5746177092e-07, 6.71024849908e-07, 5.08942093802e-07], "dvar": [1.84831321803e-06, 4.36174968854e-06, 3.02612988889e-06, 2.20083916247e-06, 2.37495470401e-07, 1.22719882256e-07, 1.97961469439e-07, 1.93639181134e-07, 1.04204545437e-07, 2.00568059938e-08, 3.27223865781e-08, 4.08311784383e-08, 1.06866959726e-08, 7.5782340403e-09, 4.8119876972e-09, 3.2184146459e-09, 2.13032369523e-09, 2.15335971276e-09, 2.16231477168e-09, 1.45605383306e-09, 1.51000112414e-09, 1.2266465621e-09, 5.28022292556e-10, 3.37284977725e-10, 2.48201348363e-10, 2.65552690948e-10, 4.02114841425e-10, 1.23089621828e-10, 1.07519888826e-10, 4.50503766236e-11, 9.40051717024e-11, 1.1967629665e-10, 3.83829010242e-11, 2.20693966574e-11, 7.96552233895e-12, 4.7103722832e-12, 6.02932677743e-12, 5.25305927229e-12, 2.68675554894e-12, 1.87607503317e-12], "dvar2": [4.20769174525e-06, 1.19164160424e-05, 7.81191920396e-06, 5.4752736105e-06, 5.98220083248e-07, 3.0447998256e-07, 4.46390259867e-07, 4.39233929228e-07, 2.27363528893e-07, 4.52663826422e-08, 7.33304261757e-08, 1.00573089412e-07, 2.33323973475e-08, 1.59806159417e-08, 1.0604605194e-08, 7.73123698394e-09, 5.07780084646e-09, 5.3645394793e-09, 4.7766337552e-09, 3.28133431537e-09, 3.50952666928e-09, 2.94300295245e-09, 1.23555954357e-09, 8.11466727146e-10, 5.61437785151e-10, 5.75387237856e-10, 9.32370403106e-10, 2.71417749387e-10, 2.53193577215e-10, 9.35604302366e-11, 1.89859197808e-10, 2.39797570689e-10, 8.12536773975e-11, 5.61129406829e-11, 1.95352848481e-11, 1.09045689145e-11, 1.19733502627e-11, 1.06873268915e-11, 5.3135308653e-12, 3.88621513442e-12], "max": [0.0175588708371, 0.0227503646165, 0.0249752048403, 0.0187336746603, 0.00930973608047, 0.00832878146321, 0.0128243872896, 0.00643148552626, 0.00891574658453, 0.00327662215568, 0.00553846685216, 0.00789834279567, 0.00356336520053, 0.00263200420886, 0.00196176208556, 0.00146033288911, 0.0011366069084, 0.00108648836613, 0.00138263672125, 0.00104318268131, 0.00100074929651, 0.000828031799756, 0.000703779573087, 0.000674069393426, 0.000436685368186, 0.000695249065757, 0.000740650575608, 0.000293692050036, 0.000393919326598, 0.000182332325494, 0.000319903192576, 0.000465614168206, 0.000171135121491, 0.000294501485769, 0.000152924636495, 9.76350347628e-05, 0.000118411073345, 0.000100815450423, 8.62322631292e-05, 7.76581946411e-05], "mean": [0.000678886019159, 0.00107703788672, 0.00118069641758, 0.000884137698449, 0.000443985452875, 0.000327995367115, 0.000420016556745, 0.000430356914876, 0.000291792617645, 0.000123743302538, 0.000128203158965, 0.000135516063892, 9.17180295801e-05, 7.59887552704e-05, 6.19887068751e-05, 4.89407066198e-05, 4.67718382424e-05, 4.56064735772e-05, 4.58019676444e-05, 3.42625789926e-05, 4.02261539421e-05, 4.06112885685e-05, 2.69829070021e-05, 1.77614856511e-05, 1.5150818399e-05, 1.50722471517e-05, 1.66297304531e-05, 8.72563487064e-06, 7.56909958e-06, 5.1434381021e-06, 6.16222177996e-06, 5.89183673583e-06, 4.1431394493e-06, 2.55183908848e-06, 1.77349249952e-06, 1.34181107114e-06, 1.36959329211e-06, 1.15973432457e-06, 9.04087301024e-07, 6.5910290914e-07], "median": [0.000294396857498, 0.00055255118059, 0.000535013736226, 0.000376819632947, 0.000198107212782, 0.00015077093849, 0.000164700992173, 0.000198081776034, 0.000122995756101, 5.72995486436e-05, 4.74149092042e-05, 4.17414958065e-05, 3.40158694598e-05, 3.52605202352e-05, 2.81165812339e-05, 2.50359189522e-05, 2.61111563304e-05, 2.21445516217e-05, 2.09008740057e-05, 1.55005036504e-05, 2.07067096198e-05, 2.34740000451e-05, 1.56867281476e-05, 9.2412747108e-06, 7.07677372702e-06, 6.61622425469e-06, 6.18407921138e-06, 3.32440731654e-06, 1.95583561435e-06, 1.45077433444e-06, 1.10245650831e-06, 1.11176427708e-06, 9.36499645832e-07, 6.33469994682e-07, 5.22070649822e-07, 3.88597584333e-07, 3.19116907121e-07, 2.26558569238e-07, 1.91247124803e-07, 1.49762996671e-07], "min": [2.83638737497e-11, 3.02869430924e-11, 3.13707636257e-11, 2.84529570044e-11, 1.97884989644e-11, 9.81401244993e-12, 7.04774173049e-12, 2.03670830201e-11, 4.67055075171e-11, 6.82115336437e-11, 6.45234352059e-11, 4.06484845783e-11, 2.49624088761e-11, 2.9215813796e-11, 2.86846137121e-11, 1.19557081249e-11, 1.98225919186e-12, 3.06369968457e-12, 1.55563339987e-11, 3.54852466855e-11, 3.27093664654e-11, 5.88884913055e-11, 6.63848281901e-11, 1.7330865909e-11, 3.79949067e-12, 1.30582150995e-11, 6.24227189036e-12, 2.10079761746e-12, 9.10564505741e-12, 1.57182357408e-11, 1.63642398243e-11, 1.40741645768e-11, 9.3363476672e-12, 6.94885685451e-12, 2.96846965411e-12, 1.12099982075e-11, 9.72246935738e-12, 5.36383307562e-12, 3.6828860274e-12, 1.0788287581e-12], "var": [1.92201787286e-06, 3.63564913641e-06, 3.64038396583e-06, 2.59677608483e-06, 5.27762153979e-07, 2.635676708e-07, 5.5329320503e-07, 4.06293224842e-07, 2.37129697211e-07, 4.07557685378e-08, 8.09944182834e-08, 8.62818723135e-08, 3.75440336597e-08, 2.01321448401e-08, 1.23507959415e-08, 6.90937085324e-09, 4.30789404149e-09, 4.73009498236e-09, 5.48629586206e-09, 3.63665209058e-09, 3.74687836313e-09, 2.89841906032e-09, 1.37638012099e-09, 7.20777881824e-10, 6.50975662264e-10, 6.80341671888e-10, 1.02093267174e-09, 3.05948877344e-10, 3.21188103891e-10, 1.32962085786e-10, 3.06812908413e-10, 3.46403600249e-10, 1.05127941075e-10, 3.7161562022e-11, 1.41767153572e-11, 9.4057782396e-12, 1.64785459583e-11, 1.55662028406e-11, 7.34972759736e-12, 3.4638919337e-12]}, "melbands_crest": {"dmean": 3.20811676979, "dmean2": 5.24612140656, "dvar": 8.71211433411, "dvar2": 21.4080200195, "max": 33.6683082581, "mean": 12.0173196793, "median": 11.0762748718, "min": 2.87510895729, "var": 23.6772708893}, "melbands_flatness_db": {"dmean": 0.0238188318908, "dmean2": 0.0358038917184, "dvar": 0.000521804380696, "dvar2": 0.00118503707927, "max": 0.383442461491, "mean": 0.175180062652, "median": 0.175585478544, "min": 0.0264932475984, "var": 0.00291320611723}, "melbands_kurtosis": {"dmean": 4.95280599594, "dmean2": 7.92131614685, "dvar": 82.5450515747, "dvar2": 208.412078857, "max": 202.858566284, "mean": 8.14106750488, "median": 4.50692653656, "min": -1.80856406689, "var": 148.551361084}, "melbands_skewness": {"dmean": 0.654468417168, "dmean2": 1.00822329521, "dvar": 0.586811721325, "dvar2": 1.34922540188, "max": 11.767291069, "mean": 2.12578678131, "median": 1.88714170456, "min": -0.805870175362, "var": 1.84660112858}, "melbands_spread": {"dmean": 7.46293878555, "dmean2": 11.2072381973, "dvar": 83.8203735352, "dvar2": 172.197235107, "max": 223.704071045, "mean": 27.8717041016, "median": 23.1806163788, "min": 1.52328503132, "var": 359.08203125}, "mfcc": {"cov": [[3221.52807617, -893.956726074, 364.783752441, 165.122177124, -51.4617729187, 65.5519714355, 27.3204460144, -34.2720947266, 49.1102256775, 21.2005805969, 28.9023513794, 5.11207342148, 62.1294021606], [-893.956726074, 1237.02770996, -335.789733887, 27.6841106415, 122.268760681, -53.3197097778, 44.6666374207, 45.0888214111, -51.2045783997, 22.236492157, 25.4368362427, 41.2179222107, 64.9684906006], [364.783752441, -335.789733887, 666.998413086, 54.9587898254, 25.6900215149, 110.319168091, -3.00997853279, -2.46722388268, 32.4901237488, -20.5495605469, 12.8744564056, 27.1452007294, -24.7368221283], [165.122177124, 27.6841106415, 54.9587898254, 291.559936523, 76.2049789429, 29.6841201782, -2.37543678284, -6.88234949112, 24.0038414001, 20.6190319061, 25.4197216034, 25.958688736, 24.7916564941], [-51.4617729187, 122.268760681, 25.6900215149, 76.2049789429, 193.163757324, 42.4447555542, -0.924970209599, 1.32481086254, 14.5566234589, 20.498632431, 7.1556801796, 17.2941665649, 15.3300285339], [65.5519714355, -53.3197097778, 110.319168091, 29.6841201782, 42.4447555542, 170.215881348, 62.4193687439, 19.2819461823, 27.1576442719, -11.3870401382, 8.76731681824, 0.191846355796, -9.48172664642], [27.3204460144, 44.6666374207, -3.00997853279, -2.37543678284, -0.924970209599, 62.4193687439, 146.033508301, 74.6396713257, 12.8550796509, 1.36921620369, 3.86229801178, -3.62047886848, 5.97932434082], [-34.2720947266, 45.0888214111, -2.46722388268, -6.88234949112, 1.32481086254, 19.2819461823, 74.6396713257, 118.807662964, 47.1336784363, 14.5498781204, -0.551225543022, -6.77970552444, 5.63930273056], [49.1102256775, -51.2045783997, 32.4901237488, 24.0038414001, 14.5566234589, 27.1576442719, 12.8550796509, 47.1336784363, 112.013046265, 55.8045043945, 24.9945335388, 6.55351018906, -1.59073281288], [21.2005805969, 22.236492157, -20.5495605469, 20.6190319061, 20.498632431, -11.3870401382, 1.36921620369, 14.5498781204, 55.8045043945, 112.695518494, 53.8769454956, 19.6228504181, 10.4497528076], [28.9023513794, 25.4368362427, 12.8744564056, 25.4197216034, 7.1556801796, 8.76731681824, 3.86229801178, -0.551225543022, 24.9945335388, 53.8769454956, 108.370910645, 52.855381012, 7.8514122963], [5.11207342148, 41.2179222107, 27.1452007294, 25.958688736, 17.2941665649, 0.191846355796, -3.62047886848, -6.77970552444, 6.55351018906, 19.6228504181, 52.855381012, 89.4610748291, 32.7834434509], [62.1294021606, 64.9684906006, -24.7368221283, 24.7916564941, 15.3300285339, -9.48172664642, 5.97932434082, 5.63930273056, -1.59073281288, 10.4497528076, 7.8514122963, 32.7834434509, 81.7323608398]], "icov": [[0.000442635413492, 0.000328779511619, -0.000106742794742, -0.000225927171414, 2.73887580988e-05, 9.28144072532e-05, -0.000298256840324, 0.000212852173718, -8.9723016572e-06, -3.68610199075e-05, -0.00019605208945, 0.000277685408946, -0.000636839889921], [0.000328779511619, 0.00138886657078, 0.000458337715827, -0.000185852317372, -0.000798384775408, 0.000273243698757, -0.000362897262676, -0.000535314145964, 0.000836781517137, -9.88563115243e-05, -0.000388207496144, -0.000169928156538, -0.000779524096288], [-0.000106742794742, 0.000458337715827, 0.00209532305598, -0.000194941021618, -0.000254027050687, -0.0011847714195, 0.000626721594017, -0.000524327333551, 6.50724996376e-06, 0.000411723740399, 0.000117770519864, -0.00116976944264, 0.00071601109812], [-0.000225927171414, -0.000185852317372, -0.000194941021618, 0.00418776832521, -0.00140178157017, -0.000171998050064, 3.43032188539e-05, 0.000601825944614, -0.000845020404086, 0.00020337368187, -0.00053486682009, -0.000131229928229, -0.00074928603135], [2.73887580988e-05, -0.000798384775408, -0.000254027050687, -0.00140178157017, 0.00700034666806, -0.00226908898912, 0.00125237507746, -0.000142957054777, 0.000135648500873, -0.00174207147211, 0.00149450625759, -0.000872463278938, -0.000264122267254], [9.28144072532e-05, 0.000273243698757, -0.0011847714195, -0.000171998050064, -0.00226908898912, 0.00981656834483, -0.00539928814396, 0.0027004305739, -0.00336667709053, 0.00310087157413, -0.00166407402139, 0.00106712488923, 0.000448771432275], [-0.000298256840324, -0.000362897262676, 0.000626721594017, 3.43032188539e-05, 0.00125237507746, -0.00539928814396, 0.0136312087998, -0.00900247693062, 0.0038439615164, -0.0012730070157, -0.000263598980382, -0.000141862401506, -0.000223087714403], [0.000212852173718, -0.000535314145964, -0.000524327333551, 0.000601825944614, -0.000142957054777, 0.0027004305739, -0.00900247693062, 0.0171258896589, -0.00820809043944, 0.00169633200858, 0.000582815788221, 0.00153945956845, -0.00131058471743], [-8.9723016572e-06, 0.000836781517137, 6.50724996376e-06, -0.000845020404086, 0.000135648500873, -0.00336667709053, 0.0038439615164, -0.00820809043944, 0.0173064079136, -0.00809806678444, 0.000419465563027, -0.000773895764723, 0.00111138215289], [-3.68610199075e-05, -9.88563115243e-05, 0.000411723740399, 0.00020337368187, -0.00174207147211, 0.00310087157413, -0.0012730070157, 0.00169633200858, -0.00809806678444, 0.0167677737772, -0.00761059112847, 0.00228975061327, -0.00165667908732], [-0.00019605208945, -0.000388207496144, 0.000117770519864, -0.00053486682009, 0.00149450625759, -0.00166407402139, -0.000263598980382, 0.000582815788221, 0.000419465563027, -0.00761059112847, 0.0179290715605, -0.0101804370061, 0.00350354495458], [0.000277685408946, -0.000169928156538, -0.00116976944264, -0.000131229928229, -0.000872463278938, 0.00106712488923, -0.000141862401506, 0.00153945956845, -0.000773895764723, 0.00228975061327, -0.0101804370061, 0.0202895738184, -0.00766679504886], [-0.000636839889921, -0.000779524096288, 0.00071601109812, -0.00074928603135, -0.000264122267254, 0.000448771432275, -0.000223087714403, -0.00131058471743, 0.00111138215289, -0.00165667908732, 0.00350354495458, -0.00766679504886, 0.0169632155448]], "mean": [-628.860534668, 123.437294006, -13.8950281143, 22.5991153717, 2.18622255325, -0.441452533007, -5.72907876968, 1.54243540764, -2.6669588089, -0.600698471069, -0.902980625629, -0.5863468647, -0.347243279219]}, "pitch_salience": {"dmean": 0.0714884996414, "dmean2": 0.1166908741, "dvar": 0.00404882524163, "dvar2": 0.0106398947537, "max": 0.972004950047, "mean": 0.589430391788, "median": 0.598688423634, "min": 0.132954061031, "var": 0.0102758584544}, "silence_rate_20dB": {"dmean": 0, "dmean2": 0, "dvar": 0, "dvar2": 0, "max": 1, "mean": 1, "median": 1, "min": 1, "var": 0}, "silence_rate_30dB": {"dmean": 0, "dmean2": 0, "dvar": 0, "dvar2": 0, "max": 1, "mean": 1, "median": 1, "min": 1, "var": 0}, "silence_rate_60dB": {"dmean": 0.0180217642337, "dmean2": 0.0360460281372, "dvar": 0.017694093287, "dvar2": 0.0400203727186, "max": 1, "mean": 0.0355558618903, "median": 0, "min": 0, "var": 0.0342881083488}, "spectral_centroid": {"dmean": 249.949798584, "dmean2": 378.78616333, "dvar": 65195.9882813, "dvar2": 136122.625, "max": 4662.42138672, "mean": 1442.12609863, "median": 1318.19360352, "min": 229.717926025, "var": 405078.3125}, "spectral_complexity": {"dmean": 4.22284603119, "dmean2": 6.2659778595, "dvar": 18.2127151489, "dvar2": 36.6141548157, "max": 54, "mean": 22.3845996857, "median": 22, "min": 0, "var": 84.9104614258}, "spectral_contrast_coeffs": {"dmean": [0.0568349957466, 0.0468945801258, 0.0385310426354, 0.0322612710297, 0.0254273433238, 0.0183542817831], "dmean2": [0.0932494476438, 0.0760887786746, 0.0624087639153, 0.0505063124001, 0.0394809283316, 0.0282777976245], "dvar": [0.00224808626808, 0.00146143068559, 0.000990786589682, 0.00067603046773, 0.000468449929031, 0.000285162968794], "dvar2": [0.0057144057937, 0.0037553361617, 0.00251883291639, 0.00158554501832, 0.00103229214437, 0.000642700586468], "max": [-0.273952305317, -0.445209115744, -0.521606564522, -0.550953030586, -0.564432263374, -0.583758473396], "mean": [-0.616856098175, -0.724501729012, -0.774857878685, -0.767567932606, -0.768066823483, -0.759438037872], "median": [-0.626619935036, -0.729017734528, -0.782201230526, -0.771433830261, -0.771906852722, -0.764664292336], "min": [-0.971294403076, -0.91925406456, -0.949585139751, -0.924979746342, -0.910583972931, -0.919172406197], "var": [0.00731068244204, 0.00475863879547, 0.00321297952905, 0.0025268511381, 0.00211733905599, 0.00165481294971]}, "spectral_contrast_valleys": {"dmean": [0.461189836264, 0.355801433325, 0.36249256134, 0.320256322622, 0.297608882189, 0.304332137108], "dmean2": [0.715712726116, 0.564573645592, 0.567080378532, 0.479286462069, 0.425260752439, 0.357517123222], "dvar": [0.165659531951, 0.0894466862082, 0.106749624014, 0.0857760086656, 0.0890278592706, 0.111666932702], "dvar2": [0.350495696068, 0.211277514696, 0.241614058614, 0.177826523781, 0.179496645927, 0.163276493549], "max": [-5.29763698578, -4.67587566376, -5.26285886765, -5.71702098846, -5.56504535675, -7.13696146011], "mean": [-7.41760015488, -6.47892379761, -7.11263799667, -7.45705938339, -7.37634181976, -10.1612920761], "median": [-7.20363664627, -6.42890644073, -7.09308242798, -7.42086410522, -7.32685756683, -10.1252365112], "min": [-13.9958105087, -14.3215198517, -13.4619321823, -13.9923400879, -13.5407104492, -14.8194885254], "var": [0.859352469444, 0.394147634506, 0.377373427153, 0.368168622255, 0.412949442863, 0.762249469757]}, "spectral_decrease": {"dmean": 2.30492225306e-09, "dmean2": 3.55738460911e-09, "dvar": 1.11185291785e-17, "dvar2": 2.65270817115e-17, "max": -1.30151938065e-15, "mean": -6.08420824832e-09, "median": -5.37949418344e-09, "min": -3.28566045482e-08, "var": 1.80903341174e-17}, "spectral_energy": {"dmean": 0.00909901224077, "dmean2": 0.013938295655, "dvar": 0.000166906946106, "dvar2": 0.00039511846262, "max": 0.128594517708, "mean": 0.0249897520989, "median": 0.0223971903324, "min": 7.35362615245e-09, "var": 0.000288934126729}, "spectral_energyband_high": {"dmean": 0.000400022225222, "dmean2": 0.000516563712154, "dvar": 8.59798433339e-07, "dvar2": 1.46668025991e-06, "max": 0.0330618657172, "mean": 0.000985555700026, "median": 0.000318734324537, "min": 2.57816279436e-09, "var": 3.8597877392e-06}, "spectral_energyband_low": {"dmean": 0.00397459696978, "dmean2": 0.00639803986996, "dvar": 7.50024919398e-05, "dvar2": 0.000183265918167, "max": 0.0957579612732, "mean": 0.00586230168119, "median": 0.0031121771317, "min": 2.07530076457e-10, "var": 8.18483895273e-05}, "spectral_energyband_middle_high": {"dmean": 0.00186242093332, "dmean2": 0.00276250089519, "dvar": 5.69465282751e-06, "dvar2": 1.20160584629e-05, "max": 0.0507305189967, "mean": 0.00601272797212, "median": 0.00429869722575, "min": 3.55589691026e-09, "var": 2.93884513667e-05}, "spectral_energyband_middle_low": {"dmean": 0.00582992844284, "dmean2": 0.00915721431375, "dvar": 8.95211633178e-05, "dvar2": 0.000218508663238, "max": 0.113163851202, "mean": 0.0132271563634, "median": 0.00997073948383, "min": 1.06973963021e-09, "var": 0.000142992124893}, "spectral_entropy": {"dmean": 0.140955582261, "dmean2": 0.199653714895, "dvar": 0.0175291262567, "dvar2": 0.0347788929939, "max": 9.14873313904, "mean": 7.58750391006, "median": 7.60934829712, "min": 6.39541721344, "var": 0.0989978462458}, "spectral_flux": {"dmean": 0.0266207419336, "dmean2": 0.0401844009757, "dvar": 0.000968007254414, "dvar2": 0.00210843677633, "max": 0.305674612522, "mean": 0.0851884782314, "median": 0.076322324574, "min": 0.00624412437901, "var": 0.00200888607651}, "spectral_kurtosis": {"dmean": 1.53932893276, "dmean2": 2.52692723274, "dvar": 2.92834234238, "dvar2": 8.20779705048, "max": 23.074552536, "mean": 5.2883644104, "median": 4.80639743805, "min": -1.254342556, "var": 8.40755558014}, "spectral_rms": {"dmean": 0.000835243845358, "dmean2": 0.00123324338347, "dvar": 1.01373643702e-06, "dvar2": 2.20564788833e-06, "max": 0.0112008070573, "mean": 0.00464611360803, "median": 0.00467449659482, "min": 2.67848258773e-06, "var": 2.79412120108e-06}, "spectral_rolloff": {"dmean": 467.791717529, "dmean2": 741.705932617, "dvar": 428923.84375, "dvar2": 854569.9375, "max": 11864.7949219, "mean": 1704.265625, "median": 1421.19140625, "min": 129.19921875, "var": 1670257.375}, "spectral_skewness": {"dmean": 0.209404408932, "dmean2": 0.328230828047, "dvar": 0.042128238827, "dvar2": 0.104071564972, "max": 3.53543066978, "mean": 1.58212089539, "median": 1.54975569248, "min": 0.0631274357438, "var": 0.187243774533}, "spectral_spread": {"dmean": 507332.125, "dmean2": 631697.875, "dvar": 332922224640, "dvar2": 465991991296, "max": 23361576, "mean": 4161526.75, "median": 3935078.5, "min": 1709479, "var": 1878892085250.0}, "spectral_strongpeak": {"dmean": 0.591765880585, "dmea