{"lowlevel": {"average_loudness": 0.861045122147, "barkbands": {"dmean": [0.00012108223018, 0.00244946987368, 0.0010734674288, 0.00149424083065, 0.0020099140238, 0.0007807413931, 0.000966036634054, 0.00107625883538, 0.00046109550749, 0.000486862438265, 0.000371507951058, 0.000371801666915, 0.000263736437773, 0.000323650514474, 0.00023417265038, 0.000180357601494, 0.000215039210161, 0.000167422840605, 0.000135326903546, 8.67246344569e-05, 8.35300816107e-05, 0.000109494714707, 9.15524069569e-05, 5.71663840674e-05, 6.1180558987e-05, 9.26979191718e-05, 7.35615731173e-06], "dmean2": [0.000190539474715, 0.00391382304952, 0.00182534428313, 0.00245551695116, 0.00315380678512, 0.00116836640518, 0.00145813834388, 0.00160823296756, 0.000690692919306, 0.000751725514419, 0.00058908527717, 0.000583644665312, 0.000418033188907, 0.000515463878401, 0.000367617525626, 0.000294880417641, 0.000338560843375, 0.000264838628937, 0.000211043879972, 0.000134530651849, 0.000123958714539, 0.000160952709848, 0.000127334249555, 7.66089287936e-05, 8.27223848319e-05, 0.000130895481561, 1.0806003047e-05], "dvar": [1.59522258514e-07, 4.84918891743e-05, 3.91352341467e-06, 1.6148253053e-05, 1.24002663142e-05, 4.30365980719e-06, 7.87614590081e-06, 9.02597457753e-06, 1.98762631953e-06, 2.56239172813e-06, 2.15662248593e-06, 2.65981384473e-06, 6.78325477566e-07, 9.12832774702e-07, 4.31371120158e-07, 1.76717719569e-07, 2.25684701149e-07, 1.24535588952e-07, 5.10867117498e-08, 3.28565263885e-08, 3.99608452994e-08, 8.98802809957e-08, 7.68382975025e-08, 2.77677596472e-08, 2.07274375441e-08, 6.19637532395e-08, 4.53954485113e-10], "dvar2": [3.70423208551e-07, 0.000105843166239, 1.08178901428e-05, 4.24334866693e-05, 2.96880971291e-05, 9.67306004895e-06, 1.75226505235e-05, 1.93055166164e-05, 4.55434883406e-06, 6.35573314867e-06, 5.41882400285e-06, 6.46659100312e-06, 1.55367649768e-06, 2.25439771384e-06, 9.92544642031e-07, 4.60708889705e-07, 5.20464823239e-07, 3.01471857256e-07, 1.18433710838e-07, 7.59667031502e-08, 8.65684626206e-08, 1.8807907054e-07, 1.36894698244e-07, 5.152216076e-08, 3.88849556998e-08, 1.25048686073e-07, 1.03009267782e-09], "max": [0.00684424070641, 0.0809963569045, 0.026084991172, 0.0722600445151, 0.0730702653527, 0.065138079226, 0.0626802742481, 0.0771093219519, 0.0403834693134, 0.0622522160411, 0.0346746556461, 0.108153499663, 0.0295157041401, 0.033030025661, 0.0197428967804, 0.0135557139292, 0.0135354753584, 0.0123460600153, 0.00475452560931, 0.00297215371393, 0.00452231802046, 0.00979865156114, 0.0102253044024, 0.00659329071641, 0.00272148381919, 0.00329987262376, 0.0003497734142], "mean": [0.000157397327712, 0.00405387533829, 0.00207119737752, 0.00218647881411, 0.0042801941745, 0.00168046669569, 0.00187370087951, 0.00222755502909, 0.000907308189198, 0.000920567719731, 0.000597871083301, 0.000609634793364, 0.000413894245867, 0.000522854854353, 0.000464986573206, 0.000354607764166, 0.000398947449867, 0.000332466413965, 0.000280589389149, 0.000148506456753, 0.000135039314046, 0.000178733069333, 0.000165883946465, 0.000102889811387, 8.67096532602e-05, 0.000105222890852, 7.71146187617e-06], "median": [4.08500563935e-05, 0.00259827915579, 0.00120959372725, 0.00119295821059, 0.00221201288514, 0.000486610049848, 0.000341117905919, 0.00036914597149, 0.000158766517416, 0.000230256773648, 0.000121785196825, 0.000160300653079, 9.87269158941e-05, 0.000133655892569, 0.000109446606075, 0.000130270171212, 0.000148021485074, 0.000148612831254, 0.000146827253047, 5.75563572056e-05, 3.53608120349e-05, 4.70795093861e-05, 3.94008420699e-05, 2.26640113397e-05, 1.13715095722e-05, 4.58223121313e-06, 2.28187133189e-07], "min": [1.25528277009e-11, 1.14252621253e-10, 7.39315761389e-11, 2.68405818404e-11, 5.61873741978e-11, 2.73457055611e-11, 4.0587352923e-11, 1.2272632563e-11, 4.50219805881e-10, 1.03058755974e-10, 1.07329305166e-10, 5.03018848796e-10, 3.64006547127e-10, 1.98340135982e-10, 5.69928965133e-11, 4.66005532773e-11, 1.40407463434e-10, 1.8919195377e-10, 2.4869507495e-11, 2.26195537995e-11, 1.02657431167e-11, 4.51170663329e-11, 6.72563602033e-11, 3.51856599412e-11, 3.0453393713e-12, 1.14714802327e-12, 1.31938535618e-12], "var": [1.58662317062e-07, 4.97259607073e-05, 5.92884225625e-06, 1.5078722754e-05, 3.84639242839e-05, 1.16977962534e-05, 2.07163902815e-05, 2.71856861218e-05, 6.8192530307e-06, 5.84928648095e-06, 3.89573506254e-06, 4.38511779066e-06, 1.36574510634e-06, 2.17116985368e-06, 1.51874894527e-06, 5.83185283176e-07, 5.34266803243e-07, 3.2371309544e-07, 1.41548113675e-07, 6.04251155778e-08, 7.71480657136e-08, 2.2570399949e-07, 2.77176809504e-07, 9.65058575275e-08, 4.3057550414e-08, 8.8707757584e-08, 5.35746003116e-10]}, "barkbands_crest": {"dmean": 2.2838602066, "dmean2": 3.68219685555, "dvar": 5.5102930069, "dvar2": 13.4542226791, "max": 25.0338859558, "mean": 9.60455608368, "median": 8.86476230621, "min": 3.00489377975, "var": 12.9044189453}, "barkbands_flatness_db": {"dmean": 0.0200459547341, "dmean2": 0.0289974305779, "dvar": 0.000415098853409, "dvar2": 0.000855240738019, "max": 0.315225660801, "mean": 0.134480938315, "median": 0.132258608937, "min": 0.0230439472944, "var": 0.00211418815888}, "barkbands_kurtosis": {"dmean": 2.30524110794, "dmean2": 3.64242458344, "dvar": 11.0438699722, "dvar2": 25.2194728851, "max": 75.9992141724, "mean": 3.8631029129, "median": 2.27699875832, "min": -1.90942120552, "var": 28.2354068756}, "barkbands_skewness": {"dmean": 0.453692436218, "dmean2": 0.690652549267, "dvar": 0.232665240765, "dvar2": 0.500223100185, "max": 7.21878004074, "mean": 1.62913584709, "median": 1.55850923061, "min": -3.57508707047, "var": 1.00871062279}, "barkbands_spread": {"dmean": 5.92053079605, "dmean2": 8.67503070831, "dvar": 63.2553672791, "dvar2": 120.832702637, "max": 102.736297607, "mean": 22.6526527405, "median": 18.9956302643, "min": 2.16364836693, "var": 219.481018066}, "dissonance": {"dmean": 0.0182551406324, "dmean2": 0.0303726065904, "dvar": 0.000344638276147, "dvar2": 0.000940635683946, "max": 0.500000119209, "mean": 0.459540426731, "median": 0.466617792845, "min": 0.21740603447, "var": 0.000867581518833}, "dynamic_complexity": 3.8029654026, "erbbands": {"dmean": [0.0845830366015, 0.521289288998, 1.12333750725, 3.23680496216, 5.31707239151, 7.79897975922, 7.50145196915, 5.98509740829, 9.82285499573, 23.7795772552, 17.9993572235, 10.1799554825, 14.0025815964, 14.1890420914, 14.2576761246, 15.8452358246, 12.2655611038, 16.7943992615, 12.6797609329, 9.8389339447, 8.71049404144, 9.98362159729, 9.62979793549, 7.18209314346, 5.73973846436, 3.9654147625, 3.20211982727, 3.61500000954, 3.9191133976, 3.50851249695, 2.56272864342, 1.48780107498, 0.821714520454, 0.567499577999, 0.530904948711, 0.455577015877, 0.147662326694, 0.0279675163329, 0.000646132568363, 2.59631015069e-05], "dmean2": [0.138325944543, 0.84757989645, 1.90613949299, 5.33523893356, 8.58631324768, 12.2547140121, 10.8758478165, 9.25957584381, 14.9170675278, 35.6300621033, 26.4371986389, 15.1172027588, 21.0629959106, 21.9110832214, 22.6961154938, 24.777223587, 19.2537574768, 26.9322948456, 19.7117099762, 15.84770298, 13.9486532211, 15.6433343887, 15.2625017166, 11.2511024475, 8.88910770416, 6.14460945129, 4.84776163101, 5.36173439026, 5.75455379486, 5.0310959816, 3.56652998924, 2.01939749718, 1.09754347801, 0.760747075081, 0.736586093903, 0.65254586935, 0.207833200693, 0.0394403934479, 0.000905976397917, 3.5735538404e-05], "dvar": [0.0791816338897, 1.95282936096, 4.81721782684, 61.1083106995, 122.87978363, 236.855041504, 353.115997314, 330.524536133, 985.468505859, 5672.57373047, 2642.87841797, 1026.01757813, 1523.40881348, 3388.30200195, 3538.99951172, 6125.46582031, 1446.01000977, 2680.08325195, 1377.13110352, 456.936920166, 365.867523193, 497.818359375, 411.300689697, 162.898605347, 112.371498108, 75.9906387329, 53.4681167603, 80.1937637329, 110.574615479, 101.611099243, 59.6909370422, 18.8579978943, 6.06189870834, 1.790102005, 1.79461932182, 1.53424727917, 0.158115833998, 0.00575836747885, 3.03204433294e-06, 2.94092616926e-09], "dvar2": [0.185702040792, 4.44633340836, 13.1232767105, 160.860809326, 307.48815918, 573.637939453, 709.593200684, 796.796203613, 2278.35351563, 12114.5820313, 5440.17578125, 2227.67602539, 3541.79077148, 8619.80761719, 9395.26367188, 14727.9179688, 3217.40673828, 6884.76074219, 3156.43847656, 1140.68432617, 927.66229248, 1161.90124512, 1035.24499512, 373.880889893, 265.83102417, 175.166091919, 117.513816833, 176.095092773, 238.286239624, 193.141387939, 107.328514099, 33.8096313477, 11.7534589767, 3.33776760101, 3.53038477898, 3.13806390762, 0.320102274418, 0.0120490314439, 6.33146237305e-06, 5.74522696084e-09], "max": [3.02512311935, 17.4079475403, 32.5738334656, 126.240585327, 216.093887329, 313.737609863, 501.127685547, 650.320556641, 931.043457031, 1866.65209961, 1378.79956055, 842.590881348, 1421.2713623, 2598.65356445, 1752.15283203, 5496.02880859, 1576.49694824, 1842.19128418, 1144.73522949, 607.725463867, 566.662231445, 765.535705566, 812.317077637, 395.707733154, 226.972122192, 193.114654541, 147.502868652, 224.531799316, 327.698272705, 328.662597656, 292.600341797, 165.72114563, 122.168632507, 41.0035896301, 23.3189029694, 20.8009414673, 5.47470903397, 0.998065471649, 0.0234553813934, 0.000636399840005], "mean": [0.130539238453, 0.863095104694, 2.27879452705, 5.3775639534, 9.1149597168, 16.0129394531, 16.4997272491, 12.1980762482, 19.5498943329, 46.0254135132, 41.6973648071, 22.1014900208, 28.3488388062, 27.4123420715, 25.4274520874, 27.337934494, 21.6702899933, 28.6498603821, 25.8246669769, 20.0498352051, 18.9416770935, 20.0562534332, 20.2204875946, 15.7242870331, 11.4917860031, 6.86338424683, 5.44628810883, 5.66904973984, 6.2390332222, 5.9201965332, 4.65314531326, 2.67405414581, 1.42244172096, 0.876473128796, 0.693269193172, 0.528006732464, 0.164896816015, 0.0309571307153, 0.000731826119591, 5.11216239829e-05], "median": [0.0540592484176, 0.580720961094, 1.35524868965, 3.52644824982, 5.55262994766, 6.9523897171, 4.5811290741, 4.02512598038, 5.2010974884, 6.90623950958, 8.48030948639, 5.02854824066, 6.82589149475, 5.64542913437, 6.32419252396, 7.84642457962, 6.05901002884, 7.68997097015, 5.57921457291, 7.95767402649, 8.10512924194, 8.52095508575, 9.69919204712, 8.15142631531, 5.73203706741, 2.71928906441, 1.73610925674, 1.51381850243, 1.66131269932, 1.2587865591, 1.16941285133, 0.614729881287, 0.291512876749, 0.142820596695, 0.0711713582277, 0.0290854461491, 0.00647132750601, 0.00102632457856, 4.10391658079e-05, 2.96067646559e-05], "min": [4.02929734022e-09, 2.31532286676e-08, 7.10262924031e-08, 1.18475526278e-07, 1.1357150953e-07, 1.8177615857e-07, 3.08933806537e-07, 1.59144363465e-07, 3.75988946644e-07, 5.92209460137e-07, 8.31243312405e-07, 8.26241375762e-06, 1.01277100839e-05, 2.88502769763e-06, 6.66526284476e-06, 2.42938349402e-05, 2.61163495452e-05, 1.31505039462e-05, 5.11722646479e-06, 2.73260661743e-06, 3.44743921232e-06, 7.45745865061e-06, 1.10489336294e-05, 4.08810774388e-06, 1.11119277335e-06, 1.20120034808e-06, 5.34868888735e-07, 4.80019139104e-07, 1.06886636786e-06, 2.74232615993e-06, 1.58591797117e-06, 1.27909720504e-06, 2.38392871665e-07, 4.18784225076e-08, 8.6730240767e-09, 4.78882533628e-09, 2.37441555306e-09, 7.78403952406e-10, 1.87137152996e-10, 2.55813339262e-11], "var": [0.072465158999, 1.94405257702, 6.977435112, 60.6706199646, 175.952835083, 733.778747559, 1194.84802246, 654.746154785, 2245.90722656, 15423.3330078, 10967.5019531, 3236.95751953, 5112.09863281, 7677.49511719, 5839.14599609, 9640.33105469, 3200.8840332, 6378.27587891, 4892.50976563, 1431.94177246, 1234.23034668, 1179.13952637, 1015.80731201, 502.32220459, 229.463760376, 140.824966431, 102.889221191, 156.445953369, 252.009735107, 331.855407715, 211.1040802, 68.4503479004, 18.3738307953, 4.70395851135, 3.10173773766, 2.21465778351, 0.219233587384, 0.00776770617813, 4.12914141634e-06, 4.88611462401e-09]}, "erbbands_crest": {"dmean": 2.58596920967, "dmean2": 4.1080365181, "dvar": 6.40628480911, "dvar2": 15.0243349075, "max": 32.3646965027, "mean": 9.51081180573, "median": 8.39934158325, "min": 2.23007321358, "var": 22.5792312622}, "erbbands_flatness_db": {"dmean": 0.0183454789221, "dmean2": 0.023900879547, "dvar": 0.000341587612638, "dvar2": 0.000557957740966, "max": 0.349540293217, "mean": 0.149390667677, "median": 0.149845451117, "min": 0.038245882839, "var": 0.00216394336894}, "erbbands_kurtosis": {"dmean": 0.77497947216, "dmean2": 1.22272634506, "dvar": 1.32450115681, "dvar2": 3.02344322205, "max": 22.8814029694, "mean": 0.2189412117, "median": -0.371114969254, "min": -1.74994170666, "var": 3.79909348488}, "erbbands_skewness": {"dmean": 0.339182436466, "dmean2": 0.513480126858, "dvar": 0.108676932752, "dvar2": 0.23801997304, "max": 4.08130502701, "mean": 0.29138854146, "median": 0.243159770966, "min": -3.966994524, "var": 0.548173427582}, "erbbands_spread": {"dmean": 8.20704746246, "dmean2": 12.1460323334, "dvar": 92.6332015991, "dvar2": 196.680480957, "max": 152.651870728, "mean": 41.7137641907, "median": 39.1994514465, "min": 5.50087833405, "var": 362.536682129}, "gfcc": {"cov": [[6616.77734375, -1389.24255371, 274.957458496, -260.969970703, -152.365158081, -77.0961456299, -138.157699585, 165.308380127, -156.059768677, 307.322052002, -298.417205811, 224.889083862, -310.278411865], [-1389.24255371, 1555.57629395, -583.899841309, -40.1274490356, 75.1935577393, -126.874290466, 110.788352966, -104.052566528, 241.753051758, -302.233947754, 225.873703003, -185.724517822, 186.677963257], [274.957458496, -583.899841309, 653.493225098, 71.26121521, 35.1724777222, 18.9468154907, -81.664390564, 37.8921852112, -139.680770874, 149.960922241, -96.6040115356, 110.52936554, -73.1014099121], [-260.969970703, -40.1274490356, 71.26121521, 334.028930664, 48.7493057251, 17.1113834381, -27.1145248413, -40.7793235779, 13.2177248001, -27.2639255524, 33.5581054688, -37.7799377441, 57.9385757446], [-152.365158081, 75.1935577393, 35.1724777222, 48.7493057251, 235.46723938, 36.2901649475, 2.64810371399, -1.66184902191, 6.53770446777, 7.43359041214, -23.4623718262, -10.81245327, 28.2310733795], [-77.0961456299, -126.874290466, 18.9468154907, 17.1113834381, 36.2901649475, 188.765487671, 85.8130645752, -3.32075166702, -48.6318092346, 15.2803440094, -1.25118994713, -3.21293759346, -7.80296564102], [-138.157699585, 110.788352966, -81.664390564, -27.1145248413, 2.64810371399, 85.8130645752, 225.533050537, 32.222743988, -14.8663330078, -62.0629501343, 16.2544136047, -15.7128810883, 6.71236753464], [165.308380127, -104.052566528, 37.8921852112, -40.7793235779, -1.66184902191, -3.32075166702, 32.222743988, 125.804222107, 28.3410434723, 17.3648929596, -47.2757911682, 5.30177736282, -19.7676734924], [-156.059768677, 241.753051758, -139.680770874, 13.2177248001, 6.53770446777, -48.6318092346, -14.8663330078, 28.3410434723, 159.090621948, -23.1243476868, 15.9425497055, -66.8672790527, 24.0016059875], [307.322052002, -302.233947754, 149.960922241, -27.2639255524, 7.43359041214, 15.2803440094, -62.0629501343, 17.3648929596, -23.1243476868, 155.439163208, -28.7539997101, 36.6745681763, -61.3495826721], [-298.417205811, 225.873703003, -96.6040115356, 33.5581054688, -23.4623718262, -1.25118994713, 16.2544136047, -47.2757911682, 15.9425497055, -28.7539997101, 126.518768311, -5.67653942108, 20.910692215], [224.889083862, -185.724517822, 110.52936554, -37.7799377441, -10.81245327, -3.21293759346, -15.7128810883, 5.30177736282, -66.8672790527, 36.6745681763, -5.67653942108, 110.149612427, -15.6881427765], [-310.278411865, 186.677963257, -73.1014099121, 57.9385757446, 28.2310733795, -7.80296564102, 6.71236753464, -19.7676734924, 24.0016059875, -61.3495826721, 20.910692215, -15.6881427765, 111.527618408]], "icov": [[0.00022073125001, 0.000125545935589, 0.000184723903658, -1.06224306364e-05, 2.91979613394e-05, 0.000181951269042, -1.37869292303e-05, -2.74090107268e-05, 1.37954621096e-05, -0.000115946189908, 0.000338026293321, -0.000304947345285, 0.000358834193321], [0.000125545935589, 0.00412812549621, -0.000299564242596, 0.00289562763646, -0.00227680522949, 0.00227891025133, -0.00112675421406, 0.00213029724546, -0.0033415700309, 0.00451126834378, -0.00553960399702, 0.00342563446611, -0.00235873041674], [0.000184723903658, -0.000299564242596, 0.00346671720035, -0.00177824427374, -1.71234369191e-05, 0.000313972879667, 0.000488293473609, -0.00125003256835, 0.0024677712936, -0.00243578664958, 0.00237079709768, -0.00220847921446, 0.00136062549427], [-1.06224306364e-05, 0.00289562763646, -0.00177824427374, 0.00643335748464, -0.00205543125048, 0.000824735849164, -0.00010938293417, 0.00221737660468, -0.00288905506022, 0.00416095834225, -0.00564612820745, 0.00462543452159, -0.00378654687665], [2.91979613394e-05, -0.00227680522949, -1.71234369191e-05, -0.00205543125048, 0.00618273578584, -0.00220491969958, 0.000501631235238, -0.000750737730414, 0.00117701850832, -0.00317976763472, 0.00449616136029, -0.00193853420205, -5.19098175573e-05], [0.000181951269042, 0.00227891025133, 0.000313972879667, 0.000824735849164, -0.00220491969958, 0.00939748808742, -0.004149697721, 0.00160487869289, 0.000964122300502, -0.000327724614181, -0.00265178247355, 0.00321128428914, -0.00121997529641], [-1.37869292303e-05, -0.00112675421406, 0.000488293473609, -0.00010938293417, 0.000501631235238, -0.004149697721, 0.00798953417689, -0.00385882076807, 0.0022685425356, 0.00230771745555, -4.07768347941e-05, -0.000341857143212, 0.00138318305835], [-2.74090107268e-05, 0.00213029724546, -0.00125003256835, 0.00221737660468, -0.000750737730414, 0.00160487869289, -0.00385882076807, 0.0135559663177, -0.0066846110858, 0.0016812866088, 0.00134065072052, -0.00020004621183, -0.000592057243921], [1.37954621096e-05, -0.0033415700309, 0.0024677712936, -0.00288905506022, 0.00117701850832, 0.000964122300502, 0.0022685425356, -0.0066846110858, 0.0155811663717, -0.00553516624495, 0.00289282435551, 0.00321115693077, 0.000709458312485], [-0.000115946189908, 0.00451126834378, -0.00243578664958, 0.00416095834225, -0.00317976763472, -0.000327724614181, 0.00230771745555, 0.0016812866088, -0.00553516624495, 0.0174326300621, -0.00707578472793, 0.0023611492943, 0.00174867513124], [0.000338026293321, -0.00553960399702, 0.00237079709768, -0.00564612820745, 0.00449616136029, -0.00265178247355, -4.07768347941e-05, 0.00134065072052, 0.00289282435551, -0.00707578472793, 0.0201815459877, -0.00830944813788, 0.00414870167151], [-0.000304947345285, 0.00342563446611, -0.00220847921446, 0.00462543452159, -0.00193853420205, 0.00321128428914, -0.000341857143212, -0.00020004621183, 0.00321115693077, 0.0023611492943, -0.00830944813788, 0.0191856529564, -0.00486778281629], [0.000358834193321, -0.00235873041674, 0.00136062549427, -0.00378654687665, -5.19098175573e-05, -0.00121997529641, 0.00138318305835, -0.000592057243921, 0.000709458312485, 0.00174867513124, 0.00414870167151, -0.00486778281629, 0.0158579908311]], "mean": [-5.87879085541, 97.8044204712, -110.313224792, 40.5638809204, -52.5094604492, 14.8472070694, -38.7676086426, 9.85023784637, -21.9121398926, -1.95866513252, -15.3750162125, 1.55282616615, -15.5476636887]}, "hfc": {"dmean": 6.71453285217, "dmean2": 9.03887081146, "dvar": 119.677825928, "dvar2": 210.413803101, "max": 198.22644043, "mean": 19.9109401703, "median": 13.1998596191, "min": 6.54831546854e-06, "var": 452.177459717}, "melbands": {"dmean": [0.000705162063241, 0.000585963251069, 0.000600042170845, 0.000451704458101, 0.000282995635644, 0.000138878414873, 0.000158784896485, 0.000255532504525, 0.000134663408971, 6.30187714705e-05, 7.03414116288e-05, 5.85966117796e-05, 5.18998749612e-05, 4.22837802034e-05, 3.51208655047e-05, 2.58544769167e-05, 3.3702381188e-05, 2.08178189496e-05, 1.54560602823e-05, 1.4362123693e-05, 1.07388304968e-05, 1.09142383735e-05, 1.35586406032e-05, 7.37025357012e-06, 6.35202468402e-06, 4.84368729303e-06, 3.88365197068e-06, 2.53237703873e-06, 2.11074780054e-06, 2.02452656595e-06, 2.25642975238e-06, 2.29663078244e-06, 2.28252383749e-06, 1.91155208995e-06, 1.6036475472e-06, 1.22553979054e-06, 8.43047416765e-07, 6.08283642123e-07, 5.07275728978e-07, 4.7765445288e-07], "dmean2": [0.00113073922694, 0.000968752603512, 0.000976007839199, 0.000719154020771, 0.00041554676136, 0.000212591170566, 0.000240740628215, 0.000383742735721, 0.000197148663574, 9.44676066865e-05, 0.000106204206531, 9.07466819626e-05, 8.1966536527e-05, 6.63783721393e-05, 5.55008191441e-05, 4.05581449741e-05, 5.4283595091e-05, 3.25808578054e-05, 2.41917605308e-05, 2.36579217017e-05, 1.73831122083e-05, 1.74378110387e-05, 2.15865020436e-05, 1.16617238746e-05, 1.00635943454e-05, 7.57577254262e-06, 6.10950337432e-06, 3.99463851863e-06, 3.30816669702e-06, 3.07339973915e-06, 3.41262216352e-06, 3.45947432834e-06, 3.3932151382e-06, 2.80169820144e-06, 2.28943144975e-06, 1.73615603671e-06, 1.17869274163e-06, 8.45248848691e-07, 6.96612005413e-07, 6.52593882933e-07], "dvar": [4.71228077004e-06, 1.53480937115e-06, 2.06259187507e-06, 6.20828188858e-07, 4.13299829916e-07, 1.57095712439e-07, 2.28231471056e-07, 6.29548878806e-07, 1.59506967634e-07, 3.99162267684e-08, 3.88388983197e-08, 6.15657285152e-08, 4.59018600907e-08, 3.49842395053e-08, 1.41293048372e-08, 6.52742970786e-09, 1.00208641385e-08, 3.59055518651e-09, 1.8119368228e-09, 1.27625876534e-09, 6.08018302373e-10, 6.67058464021e-10, 8.9568852335e-10, 2.25747864846e-10, 1.32878444359e-10, 7.88897974724e-11, 5.58882870538e-11, 3.29950858302e-11, 2.26849424662e-11, 2.29117957246e-11, 3.42719741475e-11, 3.61146182404e-11, 4.68331935732e-11, 3.20154562583e-11, 2.52922491978e-11, 1.40528274781e-11, 5.93526139694e-12, 4.05099044587e-12, 1.82742124384e-12, 1.25231248982e-12], "dvar2": [1.04911359813e-05, 3.81702284358e-06, 5.39592474524e-06, 1.55803138568e-06, 8.46997238568e-07, 3.6909406731e-07, 5.19294246715e-07, 1.34796368911e-06, 3.31123516162e-07, 8.92151845733e-08, 9.07349644308e-08, 1.57085679575e-07, 1.1829590818e-07, 8.54112656157e-08, 3.37356276248e-08, 1.53977861572e-08, 2.55710332908e-08, 8.01474531187e-09, 4.15109013829e-09, 3.37485261959e-09, 1.5438430534e-09, 1.5739078929e-09, 2.14578110835e-09, 5.51296786e-10, 3.14409442925e-10, 1.90621629592e-10, 1.3408962829e-10, 7.74847408458e-11, 5.26631065145e-11, 5.18176820896e-11, 7.73476699356e-11, 8.16666664849e-11, 1.00866523467e-10, 6.2796032263e-11, 4.83404739848e-11, 2.64271000916e-11, 1.15590583979e-11, 8.58580567753e-12, 3.79413124182e-12, 2.38577929114e-12], "max": [0.0230049248785, 0.0191217269748, 0.0263257902116, 0.0149786733091, 0.01572454907, 0.0137037690729, 0.0143773341551, 0.0193711295724, 0.0115794269368, 0.00473915971816, 0.00698648160324, 0.0111526418477, 0.00562888989225, 0.011988280341, 0.00615869089961, 0.00226389523596, 0.00332057802007, 0.00193452846725, 0.00113157730084, 0.00112199306022, 0.000850799959153, 0.000938910525292, 0.00079297425691, 0.000469533668365, 0.000351488706656, 0.000162531199749, 0.000113561698527, 0.000122854646179, 9.1486639576e-05, 0.000108543594251, 0.000164437442436, 0.000181321025593, 0.000227513941354, 0.000176941655809, 0.000221245281864, 0.00014065115829, 9.35665957513e-05, 0.000106009312731, 4.7837067541e-05, 3.02740245388e-05], "mean": [0.00114219088573, 0.00117499101907, 0.00102463876829, 0.000899815873709, 0.000639012898318, 0.000288605631795, 0.000318753562169, 0.000494275824167, 0.000314168224577, 0.000128276253236, 0.000137669863761, 0.000107586158265, 8.81209780346e-05, 6.92625471856e-05, 5.92031210545e-05, 4.3151427235e-05, 5.39289831067e-05, 3.90515961044e-05, 2.98278355331e-05, 2.75994188996e-05, 2.12624599953e-05, 1.94432068383e-05, 2.48897631536e-05, 1.44523555718e-05, 1.27083185362e-05, 9.16035878618e-06, 6.74352349961e-06, 3.93966092815e-06, 3.4264576243e-06, 3.1350896279e-06, 3.3424682897e-06, 3.54997473551e-06, 3.44956629306e-06, 3.19392597703e-06, 2.82567248178e-06, 2.08214851227e-06, 1.46223919728e-06, 1.01425587218e-06, 8.18420971882e-07, 6.99354927747e-07], "median": [0.000633767980617, 0.000764607975725, 0.000675881572533, 0.000503404764459, 0.000196104258066, 8.88059003046e-05, 7.60990078561e-05, 7.27418009774e-05, 5.74749428779e-05, 2.57478095591e-05, 3.01703184959e-05, 1.93777541426e-05, 1.94007025129e-05, 1.85111202882e-05, 1.78129339474e-05, 1.01044561234e-05, 1.34366891871e-05, 8.45340764499e-06, 7.86346481618e-06, 1.05451636045e-05, 8.67230937729e-06, 7.36928677725e-06, 9.84217876976e-06, 6.1787627601e-06, 6.23992445981e-06, 4.1715320549e-06, 3.15852662425e-06, 1.2498014712e-06, 1.08221570372e-06, 8.58537532622e-07, 8.36506103497e-07, 1.01034333966e-06, 7.00162900102e-07, 6.39376366962e-07, 6.85722284288e-07, 4.95222082009e-07, 3.11918000762e-07, 2.06222466659e-07, 1.5686097754e-07, 9.95350077915e-08], "min": [3.42833539335e-11, 3.59781197889e-11, 1.84472315895e-11, 1.20557964653e-11, 9.38370475073e-12, 3.74789912647e-12, 6.73068588711e-12, 5.49950363027e-12, 8.73706402366e-12, 6.43497546915e-11, 4.96331135913e-11, 9.55705133088e-12, 1.3794624297e-11, 4.25404017568e-11, 1.380878311e-11, 4.4823016826e-11, 2.18761311149e-11, 8.77441348746e-12, 3.2166376767e-12, 3.0791526013e-12, 4.47003068241e-12, 7.17596988775e-12, 9.30706033075e-12, 1.03965299911e-11, 2.47782241773e-12, 5.63460682192e-13, 8.42563269588e-13, 7.83492303154e-13, 3.49104751184e-13, 1.78455788016e-13, 3.23338632344e-13, 5.00276090085e-13, 1.08216235452e-12, 1.67972883866e-12, 1.0142922743e-12, 6.95086458009e-13, 8.508536215e-13, 1.74571416892e-13, 6.69572361965e-14, 1.71608316072e-14], "var": [4.6397353799e-06, 1.89547176888e-06, 2.1163209567e-06, 1.42591852637e-06, 1.58463240041e-06, 3.5467564885e-07, 5.62123886994e-07, 1.69518079929e-06, 6.90971262429e-07, 1.3092990514e-07, 1.28631427287e-07, 1.3364083884e-07, 8.03920343628e-08, 5.70918778919e-08, 2.71777214067e-08, 1.43632563621e-08, 2.26420873162e-08, 1.17138485578e-08, 5.47271783446e-09, 4.1605887624e-09, 1.63139879383e-09, 1.40401212878e-09, 2.20818563434e-09, 7.13741898917e-10, 3.63555519023e-10, 1.74656789032e-10, 9.60375112768e-11, 5.71191809129e-11, 4.27752347432e-11, 3.99732365264e-11, 6.3051036614e-11, 7.3825029423e-11, 1.13249735978e-10, 1.02592413731e-10, 8.11444036963e-11, 4.43877018474e-11, 2.01537519312e-11, 1.02816661435e-11, 5.12231663335e-12, 2.95439996252e-12]}, "melbands_crest": {"dmean": 2.92669796944, "dmean2": 4.71122169495, "dvar": 8.22348308563, "dvar2": 20.343662262, "max": 30.4707546234, "mean": 13.4049940109, "median": 12.7049598694, "min": 3.669952631, "var": 20.2443618774}, "melbands_flatness_db": {"dmean": 0.0227290000767, "dmean2": 0.0343915745616, "dvar": 0.000634755997453, "dvar2": 0.00140115979593, "max": 0.399531066418, "mean": 0.203709632158, "median": 0.202473327518, "min": 0.0293992646039, "var": 0.00281435670331}, "melbands_kurtosis": {"dmean": 6.09170675278, "dmean2": 9.63377857208, "dvar": 122.232406616, "dvar2": 293.561279297, "max": 290.617675781, "mean": 13.5591907501, "median": 9.25655555725, "min": -1.82551002502, "var": 255.571975708}, "melbands_skewness": {"dmean": 0.632777631283, "dmean2": 0.965396523476, "dvar": 0.555867552757, "dvar2": 1.20648407936, "max": 14.6272134781, "mean": 2.76424312592, "median": 2.64766311646, "min": -0.983874261379, "var": 2.33591914177}, "melbands_spread": {"dmean": 6.02091169357, "dmean2": 9.28295898438, "dvar": 83.834564209, "dvar2": 163.035003662, "max": 232.097549438, "mean": 21.3535652161, "median": 17.3775863647, "min": 1.51262831688, "var": 321.997436523}, "mfcc": {"cov": [[5761.17382813, -640.29498291, -111.605690002, -121.31098938, -198.881286621, -89.6833267212, -142.926742554, -29.847322464, -54.1614723206, 28.8573589325, 106.706985474, -21.593914032, -18.5484695435], [-640.29498291, 1129.3380127, -356.841674805, -58.7032737732, -10.63463974, -89.3032608032, -65.127204895, 89.2203292847, -1.94399487972, -16.1650867462, 2.59961843491, 22.4120101929, -2.34209156036], [-111.605690002, -356.841674805, 432.990020752, 81.4556655884, 15.7571363449, 18.5582084656, 36.932964325, -49.29529953, -25.6518611908, -32.9304885864, -17.1329193115, 2.48011517525, 38.813709259], [-121.31098938, -58.7032737732, 81.4556655884, 248.596160889, 102.800964355, -4.39083433151, -18.8069858551, -23.1400432587, 11.338552475, -8.304646492, -46.6263504028, 8.51827049255, 10.7578296661], [-198.881286621, -10.63463974, 15.7571363449, 102.800964355, 240.767929077, 35.9614639282, -40.9232177734, -59.2797393799, 21.648859024, 16.4989757538, -27.2902030945, -11.9583568573, 19.4316177368], [-89.6833267212, -89.3032608032, 18.5582084656, -4.39083433151, 35.9614639282, 161.473815918, 90.7495727539, -11.3233823776, -11.26121521, 2.83421421051, -7.37609195709, -2.9408185482, -6.06338500977], [-142.926742554, -65.127204895, 36.932964325, -18.8069858551, -40.9232177734, 90.7495727539, 205.744644165, 51.7663574219, 4.63828277588, -17.8226299286, -19.4276065826, 8.53283786774, -12.790348053], [-29.847322464, 89.2203292847, -49.29529953, -23.1400432587, -59.2797393799, -11.3233823776, 51.7663574219, 140.972381592, 37.4147949219, -4.48313713074, 1.44600570202, -1.77434432507, -17.1000156403], [-54.1614723206, -1.94399487972, -25.6518611908, 11.338552475, 21.648859024, -11.26121521, 4.63828277588, 37.4147949219, 136.073120117, 49.8147125244, -20.755695343, -14.6197834015, -8.13803863525], [28.8573589325, -16.1650867462, -32.9304885864, -8.304646492, 16.4989757538, 2.83421421051, -17.8226299286, -4.48313713074, 49.8147125244, 115.10824585, 28.7385864258, -14.7626895905, -10.1466913223], [106.706985474, 2.59961843491, -17.1329193115, -46.6263504028, -27.2902030945, -7.37609195709, -19.4276065826, 1.44600570202, -20.755695343, 28.7385864258, 102.629684448, 22.4794464111, -5.12376499176], [-21.593914032, 22.4120101929, 2.48011517525, 8.51827049255, -11.9583568573, -2.9408185482, 8.53283786774, -1.77434432507, -14.6197834015, -14.7626895905, 22.4794464111, 80.6977005005, 26.635887146], [-18.5484695435, -2.34209156036, 38.813709259, 10.7578296661, 19.4316177368, -6.06338500977, -12.790348053, -17.1000156403, -8.13803863525, -10.1466913223, -5.12376499176, 26.635887146, 80.2570571899]], "icov": [[0.00021435385861, 0.000204639756703, 0.000207446617424, -1.28619689121e-07, 0.000171104140463, 7.46748410165e-05, 0.000162942204042, -2.11361639231e-05, 7.88308898336e-05, 3.43875290127e-05, -0.000128852130729, 8.89051589184e-05, -8.45082613523e-05], [0.000204639756703, 0.00154083583038, 0.00125297962222, 0.00012128212984, -0.000159321498359, 0.000656261225231, 0.00030065109604, -0.000775390770286, 0.000500786467455, 0.000232177204452, 0.000158626135089, -0.000257457548287, -0.00038339413004], [0.000207446617424, 0.00125297962222, 0.00393486674875, -0.00108663120773, 0.000416008086177, 0.000639141071588, -0.00077267474262, 0.000701394747011, 0.000290556665277, 0.000974297174253, -0.000588902155869, 0.00089962297352, -0.0018824642757], [-1.28619689121e-07, 0.00012128212984, -0.00108663120773, 0.00596653111279, -0.00257627712563, 0.000777917390224, 0.000479203736177, -0.00070079928264, 0.000391637760913, -0.000508395256475, 0.00277488981374, -0.00225376803428, 0.00123941886704], [0.000171104140463, -0.000159321498359, 0.000416008086177, -0.00257627712563, 0.00687266746536, -0.0024950678926, 0.00153620168567, 0.00222544348799, -0.0015610747505, 6.4698378992e-06, -7.69800390117e-05, 0.00142809946556, -0.00159082072787], [7.46748410165e-05, 0.000656261225231, 0.000639141071588, 0.000777917390224, -0.0024950678926, 0.0102780843154, -0.00524092512205, 0.00125433423091, 0.0015715326881, -0.000941748556215, -4.02214755013e-05, 0.000325577100739, 0.000365332292859], [0.000162942204042, 0.00030065109604, -0.00077267474262, 0.000479203736177, 0.00153620168567, -0.00524092512205, 0.00908643659204, -0.00330417929217, -0.000179447626579, 0.000417761853896, 0.00204563746229, -0.00196930463426, 0.00115085567813], [-2.11361639231e-05, -0.000775390770286, 0.000701394747011, -0.00070079928264, 0.00222544348799, 0.00125433423091, -0.00330417929217, 0.0111360000446, -0.00386085314676, 0.00194894126616, -0.0018384141149, 0.00125206972007, 0.000451286468888], [7.88308898336e-05, 0.000500786467455, 0.000290556665277, 0.000391637760913, -0.0015610747505, 0.0015715326881, -0.000179447626579, -0.00386085314676, 0.0115747051314, -0.00588442990556, 0.00399443646893, -0.000625062093604, 0.000377474963898], [3.43875290127e-05, 0.000232177204452, 0.000974297174253, -0.000508395256475, 6.4698378992e-06, -0.000941748556215, 0.000417761853896, 0.00194894126616, -0.00588442990556, 0.0134656941518, -0.00575741240755, 0.00301460269839, -0.000241506713792], [-0.000128852130729, 0.000158626135089, -0.000588902155869, 0.00277488981374, -7.69800390117e-05, -4.02214755013e-05, 0.00204563746229, -0.0018384141149, 0.00399443646893, -0.00575741240755, 0.015292451717, -0.00603571208194, 0.00249418965541], [8.89051589184e-05, -0.000257457548287, 0.00089962297352, -0.00225376803428, 0.00142809946556, 0.000325577100739, -0.00196930463426, 0.00125206972007, -0.000625062093604, 0.00301460269839, -0.00603571208194, 0.0173616074026, -0.00631777197123], [-8.45082613523e-05, -0.00038339413004, -0.0018824642757, 0.00123941886704, -0.00159082072787, 0.000365332292859, 0.00115085567813, 0.000451286468888, 0.000377474963898, -0.000241506713792, 0.00249418965541, -0.00631777197123, 0.0161295626312]], "mean": [-649.965576172, 123.184570313, 4.40991783142, 29.0939388275, 10.4633483887, 6.96688985825, -2.46032047272, 10.3203668594, -4.59332561493, 0.933714866638, 1.01960456371, -0.550504744053, -1.79005420208]}, "pitch_salience": {"dmean": 0.0618850216269, "dmean2": 0.100044712424, "dvar": 0.00334210088477, "dvar2": 0.00841271691024, "max": 0.876596152782, "mean": 0.549133181572, "median": 0.554375231266, "min": 0.185213580728, "var": 0.00916535407305}, "silence_rate_20dB": {"dmean": 0, "dmean2": 0, "dvar": 0, "dvar2": 0, "max": 1, "mean": 1, "median": 1, "min": 1, "var": 0}, "silence_rate_30dB": {"dmean": 0.00338906468824, "dmean2": 0.00677889492363, "dvar": 0.00337754026987, "dvar2": 0.00944433920085, "max": 1, "mean": 0.997853815556, "median": 1, "min": 0, "var": 0.00214157253504}, "silence_rate_60dB": {"dmean": 0.0081337550655, "dmean2": 0.0161563660949, "dvar": 0.00806715525687, "dvar2": 0.0204131770879, "max": 1, "mean": 0.0390827953815, "median": 0, "min": 0, "var": 0.0375546291471}, "spectral_centroid": {"dmean": 235.376068115, "dmean2": 357.030670166, "dvar": 84179.9296875, "dvar2": 176950.75, "max": 4873.16357422, "mean": 1233.77355957, "median": 1125.73352051, "min": 285.663726807, "var": 337986.28125}, "spectral_complexity": {"dmean": 3.1769092083, "dmean2": 4.89289331436, "dvar": 15.7927026749, "dvar2": 31.9806346893, "max": 61, "mean": 16.6344738007, "median": 16, "min": 0, "var": 69.2222442627}, "spectral_contrast_coeffs": {"dmean": [0.0437988340855, 0.0430699326098, 0.0373300127685, 0.0335614494979, 0.0273837950081, 0.0204852875322], "dmean2": [0.0706385821104, 0.0693033635616, 0.0598665513098, 0.0542041026056, 0.0426160991192, 0.0327937491238], "dvar": [0.00142914371099, 0.00140876765363, 0.000978473923169, 0.000763985095546, 0.000573855882976, 0.000374145398382], "dvar2": [0.00364640098996, 0.00336634623818, 0.00245639169589, 0.00183719303459, 0.00124125205912, 0.000927295768633], "max": [-0.320791095495, -0.376098752022, -0.429299086332, -0.534047484398, -0.51921749115, -0.58590477705], "mean": [-0.656618356705, -0.692460000515, -0.745624423027, -0.743886768818, -0.749633789063, -0.754637181759], "median": [-0.663930952549, -0.70422911644, -0.754632711411, -0.748800516129, -0.755664348602, -0.754507184029], "min": [-0.912690579891, -0.942173659801, -0.944642722607, -0.91207164526, -0.90410810709, -0.890908360481], "var": [0.0052897632122, 0.00810838770121, 0.00490813795477, 0.0033330747392, 0.00290863215923, 0.00129029294476]}, "spectral_contrast_valleys": {"dmean": [0.306755065918, 0.323468029499, 0.309079647064, 0.292630314827, 0.300691246986, 0.356582015753], "dmean2": [0.495388120413, 0.525000095367, 0.496341884136, 0.454082995653, 0.438846766949, 0.421416699886], "dvar": [0.0891747027636, 0.0760991871357, 0.0711448639631, 0.072857670486, 0.123087614775, 0.172434031963], "dvar2": [0.202661216259, 0.187635868788, 0.168491095304, 0.158087253571, 0.229216054082, 0.232944279909], "max": [-5.11560201645, -4.99881982803, -4.98872423172, -5.77296257019, -5.66576290131, -7.3539981842], "mean": [-6.90691423416, -7.07738351822, -7.69115591049, -8.09794998169, -7.9507598877, -10.4095096588], "median": [-6.78588056564, -6.98652458191, -7.63614368439, -8.05481052399, -7.95508480072, -10.410859108], "min": [-15.2969169617, -14.4292497635, -13.8883514404, -14.3274068832, -14.4613800049, -16.9911689758], "var": [0.52468675375, 0.64325761795, 0.71473801136, 0.646315276623, 0.774764299393, 1.33898591995]}, "spectral_decrease": {"dmean": 1.94395211039e-09, "dmean2": 2.90822188553e-09, "dvar": 8.55204002781e-18, "dvar2": 1.81582125585e-17, "max": -1.64662643787e-15, "mean": -6.21564977266e-09, "median": -5.0032684662e-09, "min": -4.27159037031e-08, "var": 2.37042964383e-17}, "spectral_energy": {"dmean": 0.00780607108027, "dmean2": 0.0115605965257, "dvar": 0.000134566857014, "dvar2": 0.000282621564111, "max": 0.1688246876, "mean": 0.0252652913332, "median": 0.0203754659742, "min": 6.80870559933e-09, "var": 0.000387832784327}, "spectral_energyband_high": {"dmean": 0.000465384655399, "dmean2": 0.000599048449658, "dvar": 1.11132510483e-06, "dvar2": 1.81054133463e-06, "max": 0.0292624048889, "mean": 0.000845610280521, "median": 0.000212558821659, "min": 1.74816661147e-10, "var": 3.58302872883e-06}, "spectral_energyband_low": {"dmean": 0.0036385122221, "dmean2": 0.00576118379831, "dvar": 6.44048559479e-05, "dvar2": 0.000135320122354, "max": 0.0924264639616, "mean": 0.00745905796066, "median": 0.00501807453111, "min": 2.24964560869e-10, "var": 8.27216281323e-05}, "spectral_energyband_middle_high": {"dmean": 0.00150912755635, "dmean2": 0.00226928037591, "dvar": 1.05136778075e-05, "dvar2": 2.46513027378e-05, "max": 0.139518871903, "mean": 0.00479380320758, "median": 0.00247147749178, "min": 2.75011680095e-09, "var": 5.08821758558e-05}, "spectral_energyband_middle_low": {"dmean": 0.00467516528443, "dmean2": 0.00704825436696, "dvar": 5.3592313634e-05, "dvar2": 0.000124747675727, "max": 0.133847892284, "mean": 0.0135382078588, "median": 0.00942073948681, "min": 6.96458557492e-10, "var": 0.000171272738953}, "spectral_entropy": {"dmean": 0.167212888598, "dmean2": 0.224884793162, "dvar": 0.0360622815788, "dvar2": 0.0603161528707, "max": 8.73788070679, "mean": 7.46737623215, "median": 7.41988372803, "min": 5.80993652344, "var": 0.191281974316}, "spectral_flux": {"dmean": 0.0228996165097, "dmean2": 0.0353157259524, "dvar": 0.000792370876297, "dvar2": 0.00176742451731, "max": 0.3102658391, "mean": 0.0705802217126, "median": 0.058923330158, "min": 0.000125839374959, "var": 0.00212748837657}, "spectral_kurtosis": {"dmean": 1.48439240456, "dmean2": 2.46696138382, "dvar": 2.97001051903, "dvar2": 8.19950485229, "max": 36.1985931396, "mean": 4.41068077087, "median": 3.96225643158, "min": -0.614221870899, "var": 6.79062175751}, "spectral_rms": {"dmean": 0.000700829434209, "dmean2": 0.00101296301, "dvar": 7.62040599511e-07, "dvar2": 1.47967921293e-06, "max": 0.0128338234499, "mean": 0.00459277816117, "median": 0.00445853173733, "min": 2.57733177023e-06, "var": 3.55538463737e-06}, "spectral_rolloff": {"dmean": 505.04309082, "dmean2": 822.104309082, "dvar": 947973.75, "dvar2": 1985093.75, "max": 12209.3261719, "mean": 1306.61486816, "median": 904.39453125, "min": 86.1328125, "var": 2014079.25}, "spectral_skewness": {"dmean": 0.206764638424, "dmean2": 0.331320911646, "dvar": 0.0436494834721, "dvar2": 0.10732986778, "max": 4.14098978043, "mean": 1.5642914772, "median": 1.55382514, "min": 0.0168064460158, "var": 0.162879347801}, "spectral_spread": {"dmean": 614662.375, "dmean2": 771161.9375, "dvar": 547702079488, "dvar2": 896165085184, "max": 12019523, "mean": 4680759, "median": 4215114.5, "min": 1355746.875, "var": 2548470382590.0}, "spectral_strongpeak": {"dmea