{"lowlevel": {"average_loudness": 0.87156111002, "barkbands": {"dmean": [1.9644628992e-05, 0.00109048082959, 0.00150087161455, 0.00164688040968, 0.000648781773634, 0.000348612695234, 0.000351697206497, 0.000534043007065, 0.000459949107608, 0.000406993960496, 0.000419462361606, 0.000414438662119, 0.000318787555443, 0.000365552084986, 0.000471607985673, 0.00036202830961, 0.000394328992115, 0.000315687910188, 0.000422798708314, 0.000318859878462, 0.00027998094447, 0.000290237367153, 0.000251072051469, 0.000272252393188, 0.000178199799848, 7.10688400432e-05, 9.87974726741e-06], "dmean2": [3.04160439555e-05, 0.00182312284596, 0.0027126930654, 0.00289596337825, 0.00109815911856, 0.000541664252523, 0.000529247801751, 0.000817301101051, 0.000701168493833, 0.000611119612586, 0.000654573494103, 0.000646252185106, 0.000493297178764, 0.000574194185901, 0.00075775507139, 0.000570911390241, 0.000651310896501, 0.000528314034455, 0.00072771293344, 0.000531330297235, 0.000452316802694, 0.00043269150774, 0.000379899283871, 0.000398132426199, 0.000264140311629, 0.000110818480607, 1.59952251124e-05], "dvar": [1.16255893801e-09, 6.74365810482e-06, 1.31015467559e-05, 2.8188145734e-05, 1.66247514244e-06, 4.3419981921e-07, 6.58160274725e-07, 1.6789296069e-06, 2.09961717701e-06, 1.20033848816e-06, 1.04345224372e-06, 8.08532320207e-07, 6.48844775242e-07, 6.68345023769e-07, 7.30074134481e-07, 8.37785592012e-07, 3.45632912513e-07, 2.06620299537e-07, 5.73201475618e-07, 2.61646817989e-07, 1.56784125238e-07, 1.76172704869e-07, 1.73302453277e-07, 2.9541126878e-07, 1.17807857691e-07, 2.40386146544e-08, 5.32710542345e-10], "dvar2": [2.712448266e-09, 1.72373656824e-05, 3.65019295714e-05, 7.67745441408e-05, 4.64134654976e-06, 1.01523437479e-06, 1.45186845657e-06, 4.04257116315e-06, 4.70852637591e-06, 2.58681779997e-06, 2.50544394476e-06, 1.86039937944e-06, 1.54797794494e-06, 1.54143845066e-06, 1.77731317308e-06, 2.06631989386e-06, 8.86773761977e-07, 5.48784157672e-07, 1.56901387527e-06, 7.11463940206e-07, 3.77548758479e-07, 3.67506515886e-07, 3.50886779188e-07, 5.60798014249e-07, 2.5960792982e-07, 5.84125423586e-08, 1.40023548312e-09], "max": [0.000435456284322, 0.0226819720119, 0.0300363786519, 0.0606199353933, 0.022664507851, 0.0156293418258, 0.0214533470571, 0.0333101898432, 0.0385200828314, 0.0365457609296, 0.0267522502691, 0.0212979838252, 0.018664650619, 0.0246001686901, 0.020375546068, 0.0232492182404, 0.0127614000812, 0.00843790080398, 0.0195013061166, 0.0118195265532, 0.00577989313751, 0.00851363129914, 0.00833269115537, 0.0123243164271, 0.00594450207427, 0.00181204034016, 0.000295953970635], "mean": [2.40610315814e-05, 0.00114851712715, 0.00124603114091, 0.00152185978368, 0.00113490561489, 0.00064194976585, 0.000617187528405, 0.000925382191781, 0.000784728617873, 0.000670518435072, 0.000672144291457, 0.000698083022144, 0.000515561318025, 0.000575269456021, 0.000746104225982, 0.000591164163779, 0.000693844864145, 0.00053582090186, 0.000646316970233, 0.000590099021792, 0.000599577382673, 0.000698914343957, 0.000606687506661, 0.000593898876105, 0.000352855451638, 0.000127919236547, 1.24547204905e-05], "median": [6.99415113559e-06, 0.000471287319669, 0.000325698812958, 0.000424676924013, 0.000717847375199, 0.000267669500317, 0.000157100148499, 0.00019006319053, 0.000173457316123, 0.000199720147066, 0.00019603522378, 0.000252718513366, 0.000156649504788, 0.000192227336811, 0.000271992204944, 0.000224675895879, 0.000366937776562, 0.000328424561303, 0.000361257756595, 0.00034041274921, 0.000349981419276, 0.000400121789426, 0.000269740674412, 0.000222650603973, 0.000128411687911, 3.56612363248e-05, 3.34108062816e-06], "min": [1.15135235193e-24, 6.16644089357e-24, 2.93087582598e-24, 2.42426816936e-24, 1.12509014688e-23, 9.374837986e-24, 6.81863598569e-24, 1.85284004881e-23, 1.46999023206e-23, 2.01749125472e-23, 2.54217258243e-23, 3.51826315484e-23, 2.97360108481e-23, 4.09347118131e-23, 5.93336996697e-23, 5.7555455728e-23, 5.50446944824e-23, 1.13331796612e-22, 1.51723612142e-22, 1.98111624729e-22, 2.50777720567e-22, 3.35610282457e-22, 4.95569640315e-22, 6.50155934018e-22, 9.9097226931e-22, 1.3896394982e-21, 1.83041074534e-21], "var": [1.61845237212e-09, 5.5705968407e-06, 8.87146961759e-06, 2.10594989767e-05, 2.18548461817e-06, 1.06853588022e-06, 2.02685259865e-06, 5.03916544403e-06, 5.58057263333e-06, 2.97102042168e-06, 2.27056011681e-06, 1.92515585695e-06, 1.37105337217e-06, 1.46434183534e-06, 1.54688154907e-06, 1.5563650777e-06, 8.20925436074e-07, 3.99438675913e-07, 8.3970110154e-07, 5.34405614872e-07, 4.52229272696e-07, 6.49902801797e-07, 6.79357526678e-07, 9.25491519865e-07, 3.12635961564e-07, 4.94009100294e-08, 6.30742957863e-10]}, "barkbands_crest": {"dmean": 2.24611401558, "dmean2": 3.70046401024, "dvar": 4.73685693741, "dvar2": 12.3619642258, "max": 26.7680606842, "mean": 6.90076971054, "median": 6.05091667175, "min": 1.88946199417, "var": 12.1649904251}, "barkbands_flatness_db": {"dmean": 0.0162916649133, "dmean2": 0.0258644372225, "dvar": 0.00025950386771, "dvar2": 0.000680000754073, "max": 0.395154356956, "mean": 0.0753563642502, "median": 0.069147542119, "min": 0.017383640632, "var": 0.00114190019667}, "barkbands_kurtosis": {"dmean": 1.02265548706, "dmean2": 1.66991949081, "dvar": 11.8856916428, "dvar2": 24.8945808411, "max": 362.988006592, "mean": 0.616939127445, "median": -0.787467002869, "min": -1.90414595604, "var": 201.019592285}, "barkbands_skewness": {"dmean": 0.448769927025, "dmean2": 0.709935307503, "dvar": 0.235083907843, "dvar2": 0.593086779118, "max": 18.8008728027, "mean": 0.325899809599, "median": 0.195888221264, "min": -4.04325485229, "var": 1.48680961132}, "barkbands_spread": {"dmean": 8.061211586, "dmean2": 12.5858011246, "dvar": 60.8735198975, "dvar2": 141.770568848, "max": 101.36807251, "mean": 41.392490387, "median": 40.531463623, "min": 1.47963631153, "var": 255.552246094}, "dissonance": {"dmean": 0.0116144167259, "dmean2": 0.0195510685444, "dvar": 0.000199629619601, "dvar2": 0.000556386250537, "max": 0.500000059605, "mean": 0.480508476496, "median": 0.485718220472, "min": 0.0119581315666, "var": 0.000326776906149}, "dynamic_complexity": 3.40813612938, "erbbands": {"dmean": [0.0225857067853, 0.295308738947, 1.42221009731, 4.27296924591, 3.38623666763, 1.93372690678, 2.42973804474, 3.02771234512, 4.63355112076, 7.61259317398, 10.5888252258, 10.9023561478, 13.0020799637, 10.7401371002, 18.924238205, 16.6916027069, 13.7848587036, 19.1150474548, 22.2987289429, 19.556974411, 17.4624195099, 18.7834224701, 17.6907348633, 21.9747982025, 17.8099365234, 15.7968950272, 11.4883918762, 10.9587020874, 10.6036310196, 8.46867179871, 7.47615337372, 6.39815711975, 4.24349451065, 2.28529834747, 1.18779325485, 0.395968854427, 0.117953248322, 0.0213791932911, 0.00177291838918, 6.533456326e-05], "dmean2": [0.0360351800919, 0.507188975811, 2.58484220505, 7.4777431488, 5.97328042984, 3.191655159, 3.81614804268, 4.73150014877, 6.93865871429, 11.572426796, 16.0095443726, 16.5613803864, 19.7877807617, 16.3050823212, 29.2457199097, 25.9787425995, 21.1742801666, 29.7157917023, 35.5093917847, 30.8340930939, 27.8698978424, 30.8495769501, 29.3083534241, 38.1615905762, 30.1997833252, 26.5676269531, 18.3554859161, 17.6507778168, 16.436706543, 12.4469242096, 11.325091362, 9.49988937378, 6.36696434021, 3.43057775497, 1.78325140476, 0.603478968143, 0.182243287563, 0.0340130105615, 0.00287072686478, 0.000103987273178], "dvar": [0.00234642438591, 0.526392281055, 11.929022789, 168.900787354, 92.7096557617, 12.848072052, 25.0690574646, 36.3775558472, 104.243965149, 294.747802734, 867.487304688, 1276.40527344, 1410.57312012, 1102.8104248, 1850.58544922, 1393.96838379, 1167.40673828, 1830.35021973, 1840.84106445, 1301.53552246, 1327.13684082, 841.593139648, 584.629089355, 2145.53930664, 823.626403809, 676.252319336, 321.410797119, 239.832595825, 238.447067261, 163.015670776, 151.932525635, 162.251373291, 78.6249389648, 21.7706699371, 5.17132091522, 0.638728499413, 0.0683943405747, 0.00251378375106, 1.94051808649e-05, 2.52498502107e-08], "dvar2": [0.00554729206488, 1.38518571854, 33.1977882385, 458.415557861, 260.316314697, 33.2030639648, 58.1474456787, 84.29737854, 219.35874939, 680.1875, 2027.23022461, 2800.5300293, 3295.25488281, 2515.28955078, 4405.45214844, 3241.03320312, 2733.02929688, 4263.05957031, 4543.04296875, 3056.06396484, 3247.97167969, 2163.3503418, 1526.70898438, 6239.32714844, 2066.53613281, 1905.24926758, 765.042602539, 575.664733887, 518.194152832, 325.890533447, 307.501525879, 324.585174561, 158.275863647, 45.5214004517, 12.3770170212, 1.59827756882, 0.158600360155, 0.00646252697334, 5.10191639478e-05, 6.53176073229e-08], "max": [0.503484725952, 6.33141422272, 23.3577976227, 145.135620117, 133.638595581, 109.932388306, 146.871551514, 118.447769165, 300.645233154, 440.599914551, 921.600341797, 1060.49768066, 1339.75134277, 1273.89733887, 1249.12109375, 1041.74902344, 820.665100098, 1309.6895752, 1233.10900879, 859.653747559, 782.486206055, 684.213745117, 396.962768555, 1399.57373047, 571.236633301, 641.594970703, 314.861663818, 252.054473877, 250.9871521, 247.981277466, 249.323455811, 286.692047119, 197.738327026, 105.404907227, 39.8521118164, 12.9933214188, 2.96949720383, 0.63494515419, 0.0618616789579, 0.00251816771924], "mean": [0.0259815491736, 0.291605561972, 1.16841959953, 4.0702381134, 3.9502260685, 3.51251673698, 4.37576532364, 5.51977109909, 8.24898815155, 13.7246961594, 19.1023578644, 19.9701900482, 22.4659824371, 18.3733291626, 32.6219100952, 29.4469966888, 24.44764328, 32.462600708, 35.9560546875, 35.1712036133, 31.6525115967, 34.5884246826, 33.0350837708, 31.8994159698, 30.5019645691, 28.9171009064, 24.6477985382, 24.5592479706, 24.8190746307, 20.1072273254, 17.9438686371, 14.4973688126, 8.47738265991, 4.54581069946, 2.1865170002, 0.716306209564, 0.21652443707, 0.033470403403, 0.00227351067588, 0.000103245562059], "median": [0.010680526495, 0.113160468638, 0.310230344534, 1.14574384689, 1.96610581875, 2.08607816696, 2.1638045311, 1.99932014942, 2.40321969986, 3.51802325249, 4.21980571747, 4.71454620361, 6.32804012299, 6.8717045784, 11.7302513123, 11.8697071075, 8.64746856689, 11.6790161133, 14.3634605408, 14.1439914703, 14.7299747467, 18.7416038513, 21.3984642029, 16.8437004089, 18.6703929901, 16.9721183777, 13.0446739197, 15.3744697571, 14.4533863068, 10.5338220596, 7.8787522316, 5.47205495834, 3.02376699448, 1.70080757141, 0.705218374729, 0.210101544857, 0.0580541342497, 0.00858012773097, 0.00063862837851, 4.71527164336e-05], "min": [1.26314856768e-22, 7.80905552225e-22, 3.58271229563e-21, 9.03714610157e-21, 2.81816363417e-20, 3.21779171332e-20, 6.96096460776e-20, 7.69834571754e-20, 2.84267648539e-19, 1.93346915363e-19, 5.15870206742e-19, 3.77574759008e-19, 5.37113859233e-19, 9.41755467149e-19, 1.20765763814e-18, 1.59404280125e-18, 1.84237979193e-18, 2.96894788064e-18, 3.00351720601e-18, 2.84508192661e-18, 4.54256324987e-18, 3.38906154003e-18, 4.62880344617e-18, 5.61055805902e-18, 9.72676057473e-18, 9.30383139934e-18, 1.02427740388e-17, 1.02177104663e-17, 1.36889193129e-17, 1.22682821058e-17, 1.42916146877e-17, 1.23661483256e-17, 1.01465762423e-17, 8.32263637417e-18, 6.30820921869e-18, 4.53436464923e-18, 2.37130782012e-18, 1.01221646949e-18, 2.11900253385e-19, 2.69885026251e-20], "var": [0.00237857038155, 0.396704941988, 7.76961994171, 130.57220459, 66.8855209351, 24.6790390015, 56.3812179565, 94.0670013428, 302.248748779, 904.888916016, 2711.98950195, 3774.09106445, 3848.89990234, 1809.46618652, 4302.05517578, 3233.8203125, 2589.34790039, 4293.55957031, 3571.23803711, 3433.35180664, 2885.81933594, 1994.84301758, 1305.74584961, 2488.01757812, 1472.03491211, 1256.07861328, 940.523132324, 687.132751465, 801.426635742, 639.295715332, 588.075378418, 509.302703857, 210.987197876, 55.4423103333, 12.6764717102, 1.43404448032, 0.146942600608, 0.0040098009631, 2.17106517084e-05, 3.0118105343e-08]}, "erbbands_crest": {"dmean": 2.38673186302, "dmean2": 3.93600893021, "dvar": 5.48248147964, "dvar2": 14.287779808, "max": 28.2250366211, "mean": 7.78708839417, "median": 6.86426782608, "min": 2.44009685516, "var": 13.5901193619}, "erbbands_flatness_db": {"dmean": 0.0158119387925, "dmean2": 0.0231944285333, "dvar": 0.000196636188775, "dvar2": 0.000418753741542, "max": 0.271403670311, "mean": 0.134665995836, "median": 0.130927085876, "min": 0.0334752723575, "var": 0.00100972037762}, "erbbands_kurtosis": {"dmean": 0.814681231976, "dmean2": 1.29713749886, "dvar": 1.0018362999, "dvar2": 2.39721059799, "max": 28.7430973053, "mean": 0.416317611933, "median": 0.0329514741898, "min": -1.75804066658, "var": 2.47529387474}, "erbbands_skewness": {"dmean": 0.332663565874, "dmean2": 0.506475269794, "dvar": 0.0907218679786, "dvar2": 0.202737376094, "max": 3.1565155983, "mean": -0.296002298594, "median": -0.319523692131, "min": -4.29646539688, "var": 0.574997663498}, "erbbands_spread": {"dmean": 8.51736068726, "dmean2": 13.6703767776, "dvar": 82.1910018921, "dvar2": 218.770111084, "max": 109.727958679, "mean": 39.7358436584, "median": 37.7217178345, "min": 6.4250702858, "var": 218.383224487}, "gfcc": {"cov": [[13351.4189453, -314.805267334, -636.415771484, -28.8337497711, -576.991149902, 116.671417236, -476.905761719, -14.4779567719, -160.786712646, 68.4357299805, -250.103271484, -20.8190879822, -258.090789795], [-314.805267334, 1071.0357666, -205.740142822, 17.0997371674, 66.9533309937, -57.5184860229, 137.885375977, 0.728618502617, 46.4142913818, -46.1827430725, 108.697441101, -11.8824090958, 57.2165031433], [-636.415771484, -205.740142822, 689.159057617, 106.614852905, 135.934204102, 30.390460968, -18.2793388367, 23.172296524, -57.8641319275, -10.5673675537, -75.4308776855, -16.314743042, -31.9657688141], [-28.8337497711, 17.0997371674, 106.614852905, 387.840576172, 85.2153167725, 8.18671798706, 27.5611896515, -37.8549194336, -8.88032150269, -38.6141319275, -6.63818073273, -11.3468179703, 25.8521614075], [-576.991149902, 66.9533309937, 135.934204102, 85.2153167725, 272.575653076, 43.8294906616, 44.7655944824, 10.9444026947, -1.49711763859, 4.91811132431, -14.359167099, -11.8802757263, 17.5010929108], [116.671417236, -57.5184860229, 30.390460968, 8.18671798706, 43.8294906616, 171.337677002, 67.3312149048, 14.2206068039, -16.2064685822, -0.437801092863, -3.80477762222, -20.0041408539, -13.9784517288], [-476.905761719, 137.885375977, -18.2793388367, 27.5611896515, 44.7655944824, 67.3312149048, 238.239685059, 42.9452362061, -33.6792449951, -16.3761062622, 25.9369430542, -20.602645874, -13.7648668289], [-14.4779567719, 0.728618502617, 23.172296524, -37.8549194336, 10.9444026947, 14.2206068039, 42.9452362061, 109.26247406, 29.0367851257, 6.22585010529, -3.20695972443, -7.85573482513, -8.37626075745], [-160.786712646, 46.4142913818, -57.8641319275, -8.88032150269, -1.49711763859, -16.2064685822, -33.6792449951, 29.0367851257, 136.711257935, 39.8554840088, 9.33102893829, 5.01394796371, 10.7532625198], [68.4357299805, -46.1827430725, -10.5673675537, -38.6141319275, 4.91811132431, -0.437801092863, -16.3761062622, 6.22585010529, 39.8554840088, 84.8008651733, 21.5954246521, 3.16675758362, -8.96288108826], [-250.103271484, 108.697441101, -75.4308776855, -6.63818073273, -14.359167099, -3.80477762222, 25.9369430542, -3.20695972443, 9.33102893829, 21.5954246521, 107.896080017, 35.7635650635, 19.0050029755], [-20.8190879822, -11.8824090958, -16.314743042, -11.3468179703, -11.8802757263, -20.0041408539, -20.602645874, -7.85573482513, 5.01394796371, 3.16675758362, 35.7635650635, 84.9767074585, 33.5407333374], [-258.090789795, 57.2165031433, -31.9657688141, 25.8521614075, 17.5010929108, -13.9784517288, -13.7648668289, -8.37626075745, 10.7532625198, -8.96288108826, 19.0050029755, 33.5407333374, 85.8310165405]], "icov": [[0.000148465798702, -0.00016130261065, 0.000241071960772, -0.000261722365394, 0.000299274601275, -0.00037479022285, 0.000527856056578, -0.000402410310926, 0.000577688333578, -0.000549717922695, 0.00065529596759, -0.000433086097473, 0.000540254055522], [-0.00016130261065, 0.00166934018489, -6.449479406e-05, 0.000572904420551, -0.000924344174564, 0.0012827225728, -0.0014597143745, 0.000934618816245, -0.00159554986749, 0.00216914131306, -0.00239772233181, 0.00167379819322, -0.00123668822926], [0.000241071960772, -6.449479406e-05, 0.00242440472357, -0.000965587270912, -0.000462035357486, -0.000624157721177, 0.00133927294519, -0.00157317868434, 0.00197463529184, -0.00117837288417, 0.0019786094781, -0.00121473078616, 0.00168158451561], [-0.000261722365394, 0.000572904420551, -0.000965587270912, 0.00383558333851, -0.00135272776242, 0.000973916670773, -0.00168845115695, 0.00249129743315, -0.00214456976391, 0.00295077613555, -0.00194897677284, 0.00182252773084, -0.00198083510622], [0.000299274601275, -0.000924344174564, -0.000462035357486, -0.00135272776242, 0.00562376482412, -0.00188868877012, 0.000536449544597, -0.00105197739322, 0.00129413150717, -0.00284337508492, 0.00254543870687, -0.000827164330985, -0.000418897747295], [-0.00037479022285, 0.0012827225728, -0.000624157721177, 0.000973916670773, -0.00188868877012, 0.00836381036788, -0.00356414355338, 0.00125623529311, -0.00163252861239, 0.00190530682448, -0.00248653348535, 0.00263348221779, -0.00128464994486], [0.000527856056578, -0.0014597143745, 0.00133927294519, -0.00168845115695, 0.000536449544597, -0.00356414355338, 0.00864542368799, -0.00467508006841, 0.00454072840512, -0.00187208305579, 0.00101401819848, -0.00104155216832, 0.00322616938502], [-0.000402410310926, 0.000934618816245, -0.00157317868434, 0.00249129743315, -0.00105197739322, 0.00125623529311, -0.00467508006841, 0.013423894532, -0.00584392389283, 0.00293974718079, -0.00185106031131, 0.00192211521789, -0.00149207166396], [0.000577688333578, -0.00159554986749, 0.00197463529184, -0.00214456976391, 0.00129413150717, -0.00163252861239, 0.00454072840512, -0.00584392389283, 0.0134399188682, -0.00795596186072, 0.00401760218665, -0.00234012585133, 0.00132047082298], [-0.000549717922695, 0.00216914131306, -0.00117837288417, 0.00295077613555, -0.00284337508492, 0.00190530682448, -0.00187208305579, 0.00293974718079, -0.00795596186072, 0.0199453383684, -0.00831900164485, 0.00341844954528, 3.58467987098e-05], [0.00065529596759, -0.00239772233181, 0.0019786094781, -0.00194897677284, 0.00254543870687, -0.00248653348535, 0.00101401819848, -0.00185106031131, 0.00401760218665, -0.00831900164485, 0.01824051328, -0.00855717156082, 0.00188374146819], [-0.000433086097473, 0.00167379819322, -0.00121473078616, 0.00182252773084, -0.000827164330985, 0.00263348221779, -0.00104155216832, 0.00192211521789, -0.00234012585133, 0.00341844954528, -0.00855717156082, 0.0189755856991, -0.00767160626128], [0.000540254055522, -0.00123668822926, 0.00168158451561, -0.00198083510622, -0.000418897747295, -0.00128464994486, 0.00322616938502, -0.00149207166396, 0.00132047082298, 3.58467987098e-05, 0.00188374146819, -0.00767160626128, 0.0179896727204]], "mean": [17.9345474243, 31.4392490387, -121.944252014, 41.0267105103, -63.0007896423, 20.7744026184, -38.7661933899, 8.71565914154, -27.6566925049, -0.118267767131, -19.364818573, 1.0874516964, -14.5615530014]}, "hfc": {"dmean": 11.4701595306, "dmean2": 17.036190033, "dvar": 280.63269043, "dvar2": 585.801635742, "max": 251.558120728, "mean": 38.3287086487, "median": 27.5647850037, "min": 1.08441895998e-16, "var": 1207.25415039}, "melbands": {"dmean": [0.000252292025834, 0.000620963401161, 0.000697272713296, 0.000174548331415, 8.19987253635e-05, 6.73787289998e-05, 7.12710534572e-05, 9.20453094295e-05, 8.27988915262e-05, 7.12382825441e-05, 6.50668080198e-05, 4.36873597209e-05, 6.25314933131e-05, 5.20223256899e-05, 3.18883103319e-05, 3.37437413691e-05, 3.78413205908e-05, 3.47408822563e-05, 3.2254429243e-05, 3.0238979889e-05, 2.01089824259e-05, 2.03035979212e-05, 2.24787145271e-05, 1.63827662618e-05, 1.97931349248e-05, 1.48627932504e-05, 1.16000965136e-05, 1.13678306661e-05, 7.81470407674e-06, 7.27828910385e-06, 7.31130376153e-06, 6.84696988174e-06, 5.65380696571e-06, 4.64863660454e-06, 4.73342197438e-06, 4.11579821957e-06, 4.34641287939e-06, 3.29928047904e-06, 2.42540295403e-06, 1.8852130097e-06], "dmean2": [0.00041136337677, 0.00110399501864, 0.00122236669995, 0.00030165919452, 0.000127720777527, 0.000104761820694, 0.000106717641756, 0.000140991673106, 0.000124698170112, 0.000108728490886, 9.91226334008e-05, 6.63620157866e-05, 9.72628622549e-05, 8.0644422269e-05, 4.95256572322e-05, 5.22282025486e-05, 5.91881980654e-05, 5.52571800654e-05, 5.17446678714e-05, 4.75913766422e-05, 3.24549182551e-05, 3.34261130774e-05, 3.72043214156e-05, 2.7921727451e-05, 3.4637600038e-05, 2.53512589552e-05, 1.96843211597e-05, 1.92212319234e-05, 1.27075509226e-05, 1.15738212116e-05, 1.21106604638e-05, 1.06990328277e-05, 8.84473047336e-06, 6.86274688633e-06, 7.17604098099e-06, 6.47453634883e-06, 6.54388304611e-06, 5.06924970978e-06, 3.61151728612e-06, 2.92078925668e-06], "dvar": [3.27809772216e-07, 2.19005687541e-06, 4.38314327766e-06, 1.60596201226e-07, 2.33250059267e-08, 1.67275970853e-08, 2.51553977648e-08, 4.23467696464e-08, 5.32277368848e-08, 5.47178871102e-08, 3.53581839363e-08, 1.94380067597e-08, 2.11578221609e-08, 1.25946577612e-08, 5.15404385837e-09, 7.94815946392e-09, 7.98081689624e-09, 4.769414641e-09, 3.58051566174e-09, 6.24688700768e-09, 1.34708899591e-09, 1.23819821063e-09, 1.19494492079e-09, 5.76575398537e-10, 1.98288163666e-09, 6.59626020472e-10, 3.24749810376e-10, 4.0230727083e-10, 1.87653975692e-10, 1.11907476341e-10, 1.17986953541e-10, 1.06997771754e-10, 6.76419822931e-11, 5.4390769666e-11, 5.94311821978e-11, 6.17846329654e-11, 7.72805916482e-11, 4.98177159247e-11, 2.55978502284e-11, 1.60739945659e-11], "dvar2": [8.06229877526e-07, 5.99830991632e-06, 1.19495107356e-05, 4.52870921208e-07, 5.40130677962e-08, 3.85633178723e-08, 5.33531725466e-08, 9.93477584643e-08, 1.20272815707e-07, 1.22416480508e-07, 8.21590404598e-08, 4.39817178233e-08, 5.09085147371e-08, 2.92725133022e-08, 1.18481899847e-08, 1.89710025467e-08, 1.83085671068e-08, 1.16463629851e-08, 8.7452134423e-09, 1.54504871119e-08, 3.29081850658e-09, 3.20120685515e-09, 3.15909498561e-09, 1.55830182091e-09, 5.81511327979e-09, 1.69322866839e-09, 8.61373250505e-10, 1.13759623943e-09, 4.67313521213e-10, 2.72430383808e-10, 2.95310775833e-10, 2.3710336472e-10, 1.58102017589e-10, 1.09138469095e-10, 1.28363514262e-10, 1.32125588248e-10, 1.59466884142e-10, 1.06098720087e-10, 5.19713300173e-11, 3.64210710202e-11], "max": [0.00562418345362, 0.0106081990525, 0.0234809685498, 0.00597326410934, 0.00413716956973, 0.00236507342197, 0.00461038714275, 0.00412799976766, 0.00750396633521, 0.00734310038388, 0.00663942703977, 0.00576882530004, 0.00403162604198, 0.00276856333949, 0.00198692595586, 0.00257885712199, 0.00297290552408, 0.00181940943003, 0.00104296649806, 0.00227452605031, 0.000655925658066, 0.000978272641078, 0.000758047273848, 0.00056820595637, 0.00140632048715, 0.000593392062001, 0.000336824450642, 0.000434741348727, 0.000340461818269, 0.000176818211912, 0.000230960809859, 0.000216992091737, 0.000172670785105, 0.000172353102244, 0.000152660883032, 0.000193862622837, 0.000230083591305, 0.000171303530806, 9.79423202807e-05, 0.000100182267488], "mean": [0.000282664346742, 0.000546951079741, 0.000686395855155, 0.000262410205323, 0.00015447466285, 0.000123250763863, 0.000127201667055, 0.000161356074386, 0.000149118233821, 0.00012448002235, 0.000109354463348, 6.97305295034e-05, 0.000103662430774, 8.94404001883e-05, 5.4283249483e-05, 5.55594924663e-05, 6.02288419032e-05, 5.29162280145e-05, 5.19317945873e-05, 4.84360789414e-05, 3.42131061188e-05, 3.47315071849e-05, 3.76928146579e-05, 2.5855279091e-05, 2.56614730461e-05, 2.2872180125e-05, 1.9501450879e-05, 1.91842900676e-05, 1.53934688569e-05, 1.40814781844e-05, 1.46794627653e-05, 1.45251533468e-05, 1.25748847495e-05, 1.03284237412e-05, 1.05274657471e-05, 9.16688077268e-06, 8.9082022896e-06, 6.17965952188e-06, 4.54526252724e-06, 3.54868871e-06], "median": [0.000121413781017, 0.000180294271559, 0.000236616237089, 0.000162311887834, 8.00869238446e-05, 4.64412441943e-05, 3.57261524186e-05, 3.89468623325e-05, 3.17075791827e-05, 2.73323676083e-05, 2.9509079468e-05, 2.34415329032e-05, 3.21213738061e-05, 3.37079836754e-05, 2.08023539017e-05, 1.68403093994e-05, 1.89872698684e-05, 1.91765175259e-05, 1.79653852683e-05, 1.65806959558e-05, 1.56733185577e-05, 1.74183369381e-05, 2.12048689718e-05, 1.59743394761e-05, 1.1818981875e-05, 1.26419035951e-05, 1.1813999663e-05, 1.03092443169e-05, 6.91089553584e-06, 7.78546927904e-06, 8.91607305675e-06, 8.04567116575e-06, 6.92161938787e-06, 5.04433955939e-06, 4.70365193905e-06, 3.47575132764e-06, 3.17856211041e-06, 2.13961629925e-06, 1.60368915658e-06, 1.31675528792e-06], "min": [2.07048081666e-24, 1.90146756493e-24, 2.2612993671e-24, 2.09364808372e-24, 2.23587477456e-24, 1.56992086356e-24, 3.95742288853e-24, 2.78999394578e-24, 3.56320227292e-24, 2.17922667295e-24, 2.25544424425e-24, 3.45366814737e-24, 3.96611968558e-24, 3.80455426687e-24, 3.00326387201e-24, 4.16633652763e-24, 3.83022064528e-24, 3.56826044904e-24, 3.80986053975e-24, 2.65727657873e-24, 5.27624567747e-24, 2.99840685542e-24, 3.52288635307e-24, 5.22799657793e-24, 3.92421894417e-24, 6.95692409124e-24, 5.9618486345e-24, 5.18811689815e-24, 5.25121788196e-24, 4.60162642525e-24, 6.00894599713e-24, 6.97067866998e-24, 4.81541680247e-24, 7.02929655727e-24, 6.36698866276e-24, 6.34188710876e-24, 6.78622800198e-24, 5.98942800061e-24, 6.4836178033e-24, 6.86778123123e-24], "var": [2.99943991422e-07, 1.49269067151e-06, 3.31867317982e-06, 1.54220757054e-07, 5.69286875418e-08, 4.40344578578e-08, 7.5214437345e-08, 1.20678350868e-07, 1.70325890281e-07, 1.5566403988e-07, 9.55879357889e-08, 3.12697565619e-08, 4.86643045861e-08, 3.04524512273e-08, 1.05937392192e-08, 1.76114731687e-08, 1.80244832393e-08, 9.11231357037e-09, 8.23543100381e-09, 1.1510601361e-08, 3.04542568941e-09, 2.57526844294e-09, 2.40347031166e-09, 9.37901867282e-10, 2.13703121865e-09, 1.13464404539e-09, 5.58815216323e-10, 6.83012701952e-10, 4.55910309505e-10, 2.92617013953e-10, 2.71483946435e-10, 3.03863045836e-10, 2.36390129693e-10, 1.93255994541e-10, 2.03787570152e-10, 1.91159699181e-10, 2.12928980003e-10, 1.19033852219e-10, 6.42058975431e-11, 3.46147659147e-11]}, "melbands_crest": {"dmean": 3.53736114502, "dmean2": 5.82515096664, "dvar": 12.5541782379, "dvar2": 32.0834732056, "max": 39.3809356689, "mean": 10.8661365509, "median": 9.59535217285, "min": 1.6253259182, "var": 27.8736400604}, "melbands_flatness_db": {"dmean": 0.023780381307, "dmean2": 0.0382837280631, "dvar": 0.000703783065546, "dvar2": 0.0018805928994, "max": 0.382914811373, "mean": 0.100790120661, "median": 0.0925967469811, "min": 0.00253051007167, "var": 0.00230339169502}, "melbands_kurtosis": {"dmean": 3.57080864906, "dmean2": 6.00429010391, "dvar": 71.8205108643, "dvar2": 179.314208984, "max": 578.051574707, "mean": 4.76118087769, "median": 1.3400349617, "min": -1.88054394722, "var": 471.127288818}, "melbands_skewness": {"dmean": 0.641110658646, "dmean2": 1.03384196758, "dvar": 0.641077756882, "dvar2": 1.67711126804, "max": 22.9957466125, "mean": 1.58589029312, "median": 1.2946574688, "min": -0.977684617043, "var": 2.17438697815}, "melbands_spread": {"dmean": 16.6805839539, "dmean2": 25.8879089355, "dvar": 336.453460693, "dvar2": 761.731201172, "max": 269.113647461, "mean": 63.5389785767, "median": 58.1021499634, "min": 1.48516011238, "var": 1245.99841309}, "mfcc": {"cov": [[7349.17285156, -138.81262207, -48.9464492798, -174.18951416, -48.5812301636, 16.4089584351, -218.579681396, -77.5264511108, -57.9686431885, -30.0567378998, 3.26584649086, 9.24067115784, -37.1811599731], [-138.81262207, 906.395629883, -131.488922119, 21.136592865, -29.1127090454, -35.9217147827, 64.673576355, 43.9277000427, -2.46712684631, 4.63580608368, 56.219291687, 2.86920952797, 13.6426477432], [-48.9464492798, -131.488922119, 434.619140625, 86.336227417, 76.4013137817, 17.0483665466, 25.4966926575, 9.59892845154, 11.2263689041, -11.5694847107, -38.1677627563, 1.50128161907, -7.64485359192], [-174.18951416, 21.136592865, 86.336227417, 350.783111572, 80.2180404663, 51.3496398926, 40.049495697, 25.0714588165, 12.9087324142, -1.21422183514, -49.0067977905, -5.4528799057, 13.1186065674], [-48.5812301636, -29.1127090454, 76.4013137817, 80.2180404663, 246.043533325, 42.7355690002, -26.9454708099, -19.2792663574, 34.5425643921, 6.86152172089, -23.1512851715, -19.9313220978, 3.33010625839], [16.4089584351, -35.9217147827, 17.0483665466, 51.3496398926, 42.7355690002, 157.76109314, 72.3597412109, 14.8269901276, 10.4567480087, 13.7602796555, 4.84635257721, -12.8467168808, -18.3475990295], [-218.579681396, 64.673576355, 25.4966926575, 40.049495697, -26.9454708099, 72.3597412109, 236.206787109, 69.3227157593, 1.58826851845, 26.1025161743, 5.37512874603, -12.0289354324, -15.2553796768], [-77.5264511108, 43.9277000427, 9.59892845154, 25.0714588165, -19.2792663574, 14.8269901276, 69.3227157593, 111.49407196, 28.5460910797, 5.38206005096, 6.67171525955, 3.16192007065, -0.311552911997], [-57.9686431885, -2.46712684631, 11.2263689041, 12.9087324142, 34.5425643921, 10.4567480087, 1.58826851845, 28.5460910797, 101.167900085, 37.6558036804, 0.303702503443, -8.32436752319, -6.10440587997], [-30.0567378998, 4.63580608368, -11.5694847107, -1.21422183514, 6.86152172089, 13.7602796555, 26.1025161743, 5.38206005096, 37.6558036804, 102.119087219, 34.9576797485, -8.33924674988, -14.8396224976], [3.26584649086, 56.219291687, -38.1677627563, -49.0067977905, -23.1512851715, 4.84635257721, 5.37512874603, 6.67171525955, 0.303702503443, 34.9576797485, 109.164703369, 22.0760440826, -9.59086608887], [9.24067115784, 2.86920952797, 1.50128161907, -5.4528799057, -19.9313220978, -12.8467168808, -12.0289354324, 3.16192007065, -8.32436752319, -8.33924674988, 22.0760440826, 75.1141967773, 30.7755260468], [-37.1811599731, 13.6426477432, -7.64485359192, 13.1186065674, 3.33010625839, -18.3475990295, -15.2553796768, -0.311552911997, -6.10440587997, -14.8396224976, -9.59086608887, 30.7755260468, 85.7926025391]], "icov": [[0.000144085977809, 9.87598696156e-07, -4.96057418786e-06, 6.42763989163e-05, 3.68060464098e-05, -0.000122870187624, 0.000176755085704, -2.55392387771e-05, 9.25422136788e-05, -3.08067137667e-05, 5.1427843573e-05, -3.37791534548e-05, 7.47710510041e-05], [9.87598696156e-07, 0.0012899384601, 0.000406543229474, -0.000268145755399, -0.000123735386296, 0.00062036718009, -0.00050318747526, -0.00023778823379, -4.16901966673e-05, 0.000348437373759, -0.000849521136843, 0.000302210770315, -0.000226407006267], [-4.96057418786e-06, 0.000406543229474, 0.00274514267221, -0.000467217381811, -0.000812538899481, 0.000414300506236, -0.00055387977045, -0.000142931967275, -0.000103366801341, 0.000343453750247, 0.000473067339044, -0.000700178730767, 0.000626499182545], [6.42763989163e-05, -0.000268145755399, -0.000467217381811, 0.00365682248957, -0.000859319872689, -0.00100614014082, -2.15519667108e-05, -0.00079805921996, 0.000387417094316, -0.000585521862376, 0.0017679388402, -0.000458054681076, -0.000430610787589], [3.68060464098e-05, -0.000123735386296, -0.000812538899481, -0.000859319872689, 0.00547767523676, -0.00163928791881, 0.00108469452243, 0.00123795052059, -0.00179875886533, 2.41944017034e-05, 0.00014275603462, 0.00136626092717, -0.000869151612278], [-0.000122870187624, 0.00062036718009, 0.000414300506236, -0.00100614014082, -0.00163928791881, 0.00880266260356, -0.00312449387275, 0.000530602934305, -0.000514342566021, 0.000531736994162, -0.00137891317718, 0.000374242401449, 0.00119835219812], [0.000176755085704, -0.00050318747526, -0.00055387977045, -2.15519667108e-05, 0.00108469452243, -0.00312449387275, 0.00708268769085, -0.00389899336733, 0.00197661644779, -0.00218624761328, 0.00089336297242, 0.000661736354232, 0.000270492193522], [-2.55392387771e-05, -0.00023778823379, -0.000142931967275, -0.00079805921996, 0.00123795052059, 0.000530602934305, -0.00389899336733, 0.0130446311086, -0.00491513544694, 0.00228843023069, -0.00128425122239, -0.000572416349314, -0.000336599448929], [9.25422136788e-05, -4.16901966673e-05, -0.000103366801341, 0.000387417094316, -0.00179875886533, -0.000514342566021, 0.00197661644779, -0.00491513544694, 0.0141087658703, -0.00577958999202, 0.00180685205851, 0.000203575284104, 0.000404879334383], [-3.08067137667e-05, 0.000348437373759, 0.000343453750247, -0.000585521862376, 2.41944017034e-05, 0.000531736994162, -0.00218624761328, 0.00228843023069, -0.00577958999202, 0.014336830005, -0.00526713347062, 0.00184465060011, 0.000601800391451], [5.1427843573e-05, -0.000849521136843, 0.000473067339044, 0.0017679388402, 0.00014275603462, -0.00137891317718, 0.00089336297242, -0.00128425122239, 0.00180685205851, -0.00526713347062, 0.013631763868, -0.00523026380688, 0.00240056659095], [-3.37791534548e-05, 0.000302210770315, -0.000700178730767, -0.000458054681076, 0.00136626092717, 0.000374242401449, 0.000661736354232, -0.000572416349314, 0.000203575284104, 0.00184465060011, -0.00523026380688, 0.0183752570301, -0.0067551699467], [7.47710510041e-05, -0.000226407006267, 0.000626499182545, -0.000430610787589, -0.000869151612278, 0.00119835219812, 0.000270492193522, -0.000336599448929, 0.000404879334383, 0.000601800391451, 0.00240056659095, -0.0067551699467, 0.0150074670091]], "mean": [-617.577575684, 60.6128921509, -1.1626957655, 19.0337276459, 1.82103121281, 7.8878569603, 0.0785883069038, 6.44332170486, -1.84153521061, -0.872874379158, -2.67381620407, -1.18932831287, -3.21602654457]}, "pitch_salience": {"dmean": 0.0693868622184, "dmean2": 0.115050293505, "dvar": 0.00466796196997, "dvar2": 0.0128632029518, "max": 0.957269132137, "mean": 0.585700809956, "median": 0.595672547817, "min": 0.0312697254121, "var": 0.0106152165681}, "silence_rate_20dB": {"dmean": 0, "dmean2": 0, "dvar": 0, "dvar2": 0, "max": 1, "mean": 1, "median": 1, "min": 1, "var": 0}, "silence_rate_30dB": {"dmean": 0.000185960016097, "dmean2": 0.000371954607544, "dvar": 0.000185919125215, "dvar2": 0.000557768333238, "max": 1, "mean": 0.999907016754, "median": 1, "min": 0, "var": 9.29611414904e-05}, "silence_rate_60dB": {"dmean": 0.0185960009694, "dmean2": 0.0371954627335, "dvar": 0.0182519126683, "dvar2": 0.04175805673, "max": 1, "mean": 0.0719598382711, "median": 0, "min": 0, "var": 0.0667837783694}, "spectral_centroid": {"dmean": 319.6171875, "dmean2": 508.695709229, "dvar": 105668.539062, "dvar2": 250853.390625, "max": 11739.8378906, "mean": 2506.69506836, "median": 2503.67675781, "min": 328.467651367, "var": 691302.1875}, "spectral_complexity": {"dmean": 4.82733631134, "dmean2": 7.48205327988, "dvar": 28.7842197418, "dvar2": 64.4698257446, "max": 62, "mean": 22.7602272034, "median": 21, "min": 0, "var": 136.907302856}, "spectral_contrast_coeffs": {"dmean": [0.0516141355038, 0.045853421092, 0.041007630527, 0.0360860526562, 0.0266106054187, 0.0205512270331], "dmean2": [0.0862016156316, 0.073845885694, 0.0648744180799, 0.0573531612754, 0.042815990746, 0.0318762250245], "dvar": [0.00213028606959, 0.00137822516263, 0.00115872325841, 0.000891172268894, 0.000561756954994, 0.000330690614646], "dvar2": [0.00576136913151, 0.00356555357575, 0.00282322405837, 0.00214221910574, 0.00132690556347, 0.000791694736108], "max": [-0.368750452995, -0.442590534687, -0.44978928566, -0.518548965454, -0.562519013882, -0.60184687376], "mean": [-0.658445894718, -0.744515776634, -0.756162643433, -0.751154124737, -0.759158551693, -0.753566801548], "median": [-0.661616563797, -0.75321829319, -0.763898611069, -0.755162358284, -0.763929486275, -0.753387212753], "min": [-0.980748534203, -0.983901321888, -0.974369168282, -0.968819737434, -0.969106018543, -0.9633654356], "var": [0.00598651822656, 0.00587260909379, 0.00515155540779, 0.00411564391106, 0.00258082011715, 0.00196440145373]}, "spectral_contrast_valleys": {"dmean": [0.4201413095, 0.363513380289, 0.352735579014, 0.372350096703, 0.31484913826, 0.281630456448], "dmean2": [0.651193380356, 0.580379188061, 0.553047657013, 0.564384162426, 0.47624489665, 0.376884132624], "dvar": [0.160344645381, 0.105603858829, 0.113643974066, 0.144072577357, 0.14400036633, 0.105820946395], "dvar2": [0.327936738729, 0.236236840487, 0.24542234838, 0.308444440365, 0.306285351515, 0.182912632823], "max": [-5.70405387878, -5.18474626541, -5.33215093613, -5.72428417206, -5.3603925705, -7.07173919678], "mean": [-7.83155918121, -7.31519460678, -7.56730031967, -7.84358167648, -7.31233596802, -9.22976970673], "median": [-7.57575082779, -7.13461017609, -7.38091182709, -7.65705108643, -7.12855148315, -9.06122207642], "min": [-27.9295406342, -27.7654285431, -27.7923622131, -27.7709121704, -27.5390586853, -27.4384765625], "var": [2.16322302818, 2.20047903061, 2.16816711426, 2.18623328209, 2.23539614677, 2.246052742]}, "spectral_decrease": {"dmean": 1.54658086338e-09, "dmean2": 2.32967001246e-09, "dvar": 6.59520739043e-18, "dvar2": 1.64336253537e-17, "max": 1.94625729236e-28, "mean": -3.84060516723e-09, "median": -2.91441804023e-09, "min": -3.08056016252e-08, "var": 1.14989751848e-17}, "spectral_energy": {"dmean": 0.00653594173491, "dmean2": 0.00972263235599, "dvar": 0.000110560402391, "dvar2": 0.000269857759122, "max": 0.132247000933, "mean": 0.0179718602449, "median": 0.0143359750509, "min": 1.01746543454e-20, "var": 0.00022682256531}, "spectral_energyband_high": {"dmean": 0.00113641680218, "dmean2": 0.00165989564266, "dvar": 3.09276470034e-06, "dvar2": 5.6570365814e-06, "max": 0.0276548359543, "mean": 0.00330046704039, "median": 0.0017943517305, "min": 6.84320139196e-21, "var": 1.43802080856e-05}, "spectral_energyband_low": {"dmean": 0.00335891451687, "dmean2": 0.00568802049384, "dvar": 5.88728144066e-05, "dvar2": 0.000155943867867, "max": 0.0701667517424, "mean": 0.00340501731262, "median": 0.00123814633116, "min": 2.30585336328e-23, "var": 4.75055057905e-05}, "spectral_energyband_middle_high": {"dmean": 0.00218037585728, "dmean2": 0.00334841106087, "dvar": 7.51886682337e-06, "dvar2": 1.73200733116e-05, "max": 0.047356761992, "mean": 0.00647547841072, "median": 0.00483367498964, "min": 1.30672201291e-21, "var": 3.37027595378e-05}, "spectral_energyband_middle_low": {"dmean": 0.00295636197552, "dmean2": 0.00478223292157, "dvar": 3.79540542781e-05, "dvar2": 0.000100447614386, "max": 0.0792230814695, "mean": 0.00594776170328, "median": 0.00347913661972, "min": 1.58920926605e-22, "var": 5.15901956533e-05}, "spectral_entropy": {"dmean": 0.133541628718, "dmean2": 0.196084216237, "dvar": 0.0185198243707, "dvar2": 0.0386429652572, "max": 9.81651306152, "mean": 8.01253700256, "median": 8.03665733337, "min": 6.33452367783, "var": 0.124713711441}, "spectral_flux": {"dmean": 0.0198417305946, "dmean2": 0.0281348805875, "dvar": 0.00061534717679, "dvar2": 0.00115804630332, "max": 0.303221464157, "mean": 0.0772690698504, "median": 0.0705970674753, "min": 6.35597754983e-11, "var": 0.0018251464935}, "spectral_kurtosis": {"dmean": 0.631859481335, "dmean2": 1.01407635212, "dvar": 0.386351972818, "dvar2": 1.0025908947, "max": 11.5209131241, "mean": 2.12826776505, "median": 2.02114748955, "min": -1.27443218231, "var": 1.45687890053}, "spectral_rms": {"dmean": 0.000675861840136, "dmean2": 0.000956380506977, "dvar": 7.20052696579e-07, "dvar2": 1.58980265041e-06, "max": 0.0113587621599, "mean": 0.00383730605245, "median": 0.00373982824385, "min": 3.15063361685e-12, "var": 2.80862514046e-06}, "spectral_rolloff": {"dmean": 963.905456543, "dmean2": 1532.48339844, "dvar": 1306499.625, "dvar2": 2939234.5, "max": 19745.9472656, "mean": 4301.38037109, "median": 3940.57617188, "min": 21.533203125, "var": 5693752}, "spectral_skewness": {"dmean": 0.13940602541, "dmean2": 0.213132292032, "dvar": 0.0173017997295, "dvar2": 0.0373965613544, "max": 2.29663228989, "mean": 1.09229397774, "median": 1.08867931366, "min": -0.0574429519475, "var": 0.0934801027179}, "spectral_spread": {"dmean": 638101.125, "dmean2": 968460.0625, "dvar": 574287839232, "dvar2": 1199222030340.0, "max": 42399236, "mean": 5811432.5, "m