{"lowlevel": {"average_loudness": 0.509589195251, "barkbands": {"dmean": [0.000424279889558, 0.00843661092222, 0.00307796522975, 0.00204280111939, 0.00165129080415, 0.000564241840038, 0.000429712701589, 0.000741769326851, 0.000428746308899, 0.000323037529597, 0.000114043301437, 0.000225224939641, 0.000157977134222, 0.000241723231738, 0.000221412541578, 0.000196308799786, 0.000170015162439, 0.000116673007142, 0.000118457224744, 0.000113673537271, 8.97596037248e-05, 0.000104732658656, 7.30229439796e-05, 5.26306976099e-05, 5.67896277062e-05, 3.22047890222e-05, 6.0764623413e-06], "dmean2": [0.000599196355324, 0.0150446295738, 0.00544692389667, 0.00321775651537, 0.00256096897647, 0.000839034852106, 0.000634944764897, 0.00108956662007, 0.000626475550234, 0.000460136390757, 0.000163964854437, 0.000317877100315, 0.000247232354013, 0.000370626890799, 0.000338164652931, 0.000310265750159, 0.000271197408438, 0.000183518059202, 0.000179370646947, 0.000174043350853, 0.000137039853144, 0.000160998140927, 0.000111673107313, 7.69857288105e-05, 8.54663376231e-05, 5.08526427438e-05, 9.93818230199e-06], "dvar": [1.88972467186e-06, 0.000971156463493, 0.000135852009407, 6.0682730691e-05, 1.01988080132e-05, 1.86414592918e-06, 1.16313765375e-06, 4.0782429096e-06, 1.60984200193e-06, 7.01390661106e-07, 1.24980033434e-07, 5.23912888184e-07, 2.39519749812e-07, 3.83902658996e-07, 3.63373317214e-07, 4.57037970136e-07, 1.87475265534e-07, 1.0964842545e-07, 1.17948957268e-07, 8.62216467112e-08, 5.1138339785e-08, 1.11264817804e-07, 5.75670249248e-08, 3.55428895205e-08, 3.3457446591e-08, 7.95706789347e-09, 2.30293381587e-10], "dvar2": [3.34290211867e-06, 0.00268981955014, 0.000382442056434, 0.000129650827148, 2.67673694907e-05, 4.69828137284e-06, 2.46979197982e-06, 8.69867926667e-06, 3.83564929507e-06, 1.52034260736e-06, 2.90781002832e-07, 9.01053340385e-07, 5.83191308579e-07, 9.02294402749e-07, 8.00751649876e-07, 1.18432103591e-06, 4.88068963023e-07, 2.58440962853e-07, 2.55718077824e-07, 1.99981386118e-07, 1.17292984214e-07, 2.56285915157e-07, 1.26316322735e-07, 6.48682387805e-08, 7.21580661889e-08, 1.87446786981e-08, 5.57488166741e-10], "max": [0.0162849407643, 0.261494785547, 0.203290507197, 0.146684169769, 0.055994682014, 0.031360834837, 0.0299444850534, 0.0456227585673, 0.0508475676179, 0.0212443675846, 0.0096765961498, 0.0321248993278, 0.0147241335362, 0.0162198133767, 0.0148080112413, 0.0203551612794, 0.0114587405697, 0.0160252545029, 0.0122420201078, 0.0106958420947, 0.00643126107752, 0.00800050515682, 0.00548083102331, 0.00572878262028, 0.00575285311788, 0.00107691250741, 0.000141942029586], "mean": [0.000465242774226, 0.00707008130848, 0.00373128755018, 0.00317643792368, 0.00365265621804, 0.00138946005609, 0.000881163985468, 0.00160327285994, 0.000884839857463, 0.00065908965189, 0.000184988923138, 0.000374123774236, 0.000265641720034, 0.000434604997281, 0.000374581577489, 0.000342327868566, 0.000339306337992, 0.00022641470423, 0.000227032505791, 0.00021345046116, 0.000147528786329, 0.000152454958879, 0.000103900645627, 7.73568972363e-05, 6.78218129906e-05, 3.13227101287e-05, 5.09851224706e-06], "median": [5.41143072041e-06, 0.00087677326519, 0.0010290981736, 0.000899783452041, 0.00196633534506, 0.000388403248508, 0.000263378489763, 0.000337897858117, 0.000147558923345, 0.00014669765369, 3.08525086439e-05, 9.09504597075e-05, 5.66610979149e-05, 9.19558733585e-05, 9.88801039057e-05, 7.05077400198e-05, 8.96579731489e-05, 6.50748042972e-05, 6.2875864387e-05, 5.65558366361e-05, 3.42111052305e-05, 3.21311963489e-05, 1.68476854014e-05, 1.30031548906e-05, 7.20392381481e-06, 1.81226835139e-06, 1.40109406743e-07], "min": [7.55913833692e-25, 1.87884618961e-24, 3.01178021713e-24, 1.16326533489e-24, 1.28125675932e-23, 1.05145376791e-23, 7.65800134379e-24, 1.54462310013e-23, 1.55696845775e-23, 1.88619009021e-23, 1.21160775668e-23, 2.7689926541e-23, 4.41445679037e-23, 2.81772753419e-23, 4.60178380301e-23, 5.72367243678e-23, 6.70937370161e-23, 8.38787217715e-23, 1.44856950304e-22, 1.98637094444e-22, 2.12994842547e-22, 2.78065618347e-22, 3.40004250321e-22, 5.57835782094e-22, 8.15727311464e-22, 1.39856390056e-21, 1.93382952649e-21], "var": [2.60693263954e-06, 0.000661639729515, 9.91428460111e-05, 7.86585296737e-05, 2.35126226471e-05, 8.53072742757e-06, 3.38375912179e-06, 1.34679621624e-05, 3.89221941077e-06, 1.99938426704e-06, 2.62487731106e-07, 1.23032793908e-06, 4.87124168558e-07, 9.29374493808e-07, 7.72126782067e-07, 1.02938338387e-06, 4.47246350177e-07, 2.82923025452e-07, 3.09852111968e-07, 2.05900249739e-07, 9.98094762394e-08, 1.56054625222e-07, 9.92624578089e-08, 9.07763109126e-08, 5.16319857979e-08, 8.45968539664e-09, 2.12678624711e-10]}, "barkbands_crest": {"dmean": 2.35374403, "dmean2": 3.75905036926, "dvar": 6.86369848251, "dvar2": 18.0758781433, "max": 26.9196510315, "mean": 10.7535171509, "median": 9.98444271088, "min": 2.49340367317, "var": 18.7884349823}, "barkbands_flatness_db": {"dmean": 0.0238271001726, "dmean2": 0.0351702943444, "dvar": 0.000781947106589, "dvar2": 0.00178540032357, "max": 1, "mean": 0.155201911926, "median": 0.142936825752, "min": 0.0298152267933, "var": 0.00473306467757}, "barkbands_kurtosis": {"dmean": 11.9302587509, "dmean2": 21.8847770691, "dvar": 236875.859375, "dvar2": 710561.4375, "max": 35024.4921875, "mean": 12.0832691193, "median": 3.07240581512, "min": -1.96119713783, "var": 119841.679688}, "barkbands_skewness": {"dmean": 0.685876011848, "dmean2": 1.05730605125, "dvar": 5.76502799988, "dvar2": 16.5458469391, "max": 167.15435791, "mean": 2.06685566902, "median": 1.73850274086, "min": -3.3495721817, "var": 5.65905952454}, "barkbands_spread": {"dmean": 6.21060085297, "dmean2": 9.49368190765, "dvar": 91.7010116577, "dvar2": 197.608276367, "max": 160.150909424, "mean": 20.2023010254, "median": 16.5828590393, "min": 0.0030649851542, "var": 247.466186523}, "dissonance": {"dmean": 0.0160531662405, "dmean2": 0.0262157935649, "dvar": 0.000297721038805, "dvar2": 0.000784066971391, "max": 0.499999910593, "mean": 0.45934048295, "median": 0.465189278126, "min": 0.157566189766, "var": 0.000764176482335}, "dynamic_complexity": 5.27616405487, "erbbands": {"dmean": [0.242171019316, 1.90468454361, 3.46477460861, 5.94278430939, 5.90068387985, 5.23478031158, 4.99650859833, 4.16904354095, 5.15084648132, 8.31066894531, 18.1792488098, 10.2550945282, 9.45363426208, 8.70699596405, 4.84478807449, 10.2318630219, 7.02097940445, 11.7889604568, 12.6472272873, 7.4349489212, 11.3538656235, 8.38319015503, 5.54094314575, 6.43113851547, 5.67730426788, 5.40850353241, 3.9369635582, 3.44015216827, 3.52832937241, 2.97211623192, 2.19020962715, 1.23034572601, 0.845947504044, 0.544281363487, 0.46611815691, 0.188830822706, 0.0510104708374, 0.0101852286607, 0.00106887565926, 5.38337153557e-05], "dmean2": [0.423027038574, 3.4589703083, 6.08962106705, 9.51422786713, 9.31346416473, 8.06945991516, 7.19697856903, 6.35459566116, 7.77326917648, 11.9779024124, 26.6265277863, 15.0119199753, 13.1910305023, 12.6424369812, 6.90915584564, 14.111041069, 10.7968511581, 18.0124416351, 19.1969337463, 11.3647499084, 18.0011138916, 13.2179632187, 8.69778442383, 9.79690647125, 8.44160652161, 8.34312534332, 5.96013689041, 5.22609043121, 5.48613405228, 4.58242416382, 3.36516928673, 1.8007209301, 1.25101208687, 0.827137708664, 0.706372082233, 0.289944916964, 0.0817555785179, 0.0165657140315, 0.00174354552291, 8.42444496811e-05], "dvar": [0.733429789543, 52.1824989319, 169.542495728, 527.756347656, 216.183151245, 112.07144165, 127.108726501, 149.341598511, 137.977539063, 661.250244141, 2577.15405273, 1094.24291992, 751.955688477, 641.100585938, 183.636642456, 1313.76245117, 431.582977295, 1024.93261719, 1013.90594482, 436.607025146, 1716.04064941, 523.014343262, 290.349365234, 322.504882813, 217.417175293, 230.869308472, 102.121139526, 91.3470687866, 133.467712402, 111.080970764, 59.2133903503, 17.7209472656, 10.4645252228, 4.12099885941, 2.46838760376, 0.313164830208, 0.0197309050709, 0.000664110295475, 7.21226524547e-06, 1.6140521808e-08], "dvar2": [2.01312732697, 145.184890747, 473.764282227, 1193.23681641, 545.769714355, 276.991271973, 295.16317749, 384.223937988, 330.782287598, 1369.55212402, 5520.31640625, 2681.29174805, 1503.07177734, 1571.52148438, 417.924621582, 2156.00512695, 1040.35888672, 2521.80444336, 2248.0300293, 977.203125, 4514.21728516, 1338.02893066, 726.083007813, 749.244567871, 415.696594238, 542.977111816, 230.112457275, 205.372436523, 309.872955322, 262.96496582, 130.447753906, 34.2003440857, 19.381986618, 8.68016815186, 5.21698617935, 0.707162737846, 0.0480307340622, 0.00161439308431, 1.74442648131e-05, 3.7768394634e-08], "max": [7.96889638901, 71.055267334, 226.138122559, 449.487731934, 363.539459229, 197.375061035, 325.061950684, 320.659210205, 282.472808838, 799.041503906, 1228.03186035, 1504.34143066, 894.174316406, 874.243286133, 392.908966064, 1653.83239746, 540.502685547, 816.544128418, 807.34954834, 458.452697754, 1396.43798828, 731.839233398, 920.807556152, 646.573791504, 749.252563477, 667.186828613, 366.574798584, 153.664428711, 244.621780396, 395.536895752, 177.074234009, 138.577819824, 123.78730011, 104.811813354, 32.8628540039, 8.67028331757, 2.09733080864, 0.245916768909, 0.0255438610911, 0.00153561658226], "mean": [0.214647725224, 1.53905904293, 3.99197173119, 8.96313858032, 11.5182218552, 11.4787654877, 11.6976184845, 10.071354866, 11.0101194382, 17.7805042267, 40.2235374451, 22.8331661224, 19.9277076721, 17.1054973602, 9.10564136505, 17.5488204956, 13.393032074, 22.3679351807, 22.8951206207, 14.3259391785, 22.0410060883, 17.7116546631, 11.4899349213, 12.97935009, 11.4633607864, 10.1085729599, 7.23096418381, 5.2125620842, 5.25702857971, 4.06107902527, 3.09323740005, 1.82218456268, 1.1844445467, 0.680107116699, 0.537055313587, 0.196670636535, 0.0469398722053, 0.00876190885901, 0.000912529416382, 6.62997335894e-05], "median": [0.0128511134535, 0.246760129929, 1.09348905087, 2.72476768494, 5.00492334366, 5.2377166748, 3.85225844383, 2.53989911079, 4.32388114929, 4.19728183746, 9.84511184692, 5.02155208588, 4.30822706223, 4.32727432251, 2.62809705734, 4.34426450729, 3.76952075958, 4.61567354202, 6.79246520996, 4.47112941742, 4.78106021881, 4.95433950424, 3.43468260765, 4.28996515274, 3.1600792408, 2.80757236481, 1.58219873905, 1.2586350441, 1.11976528168, 0.798186540604, 0.460986852646, 0.325583159924, 0.175924360752, 0.0949693694711, 0.0404742732644, 0.0120643265545, 0.0026491873432, 0.000335577497026, 3.73249786207e-05, 2.59879634541e-05], "min": [7.61987064753e-23, 4.94427167776e-22, 2.36666793788e-21, 5.79394823043e-21, 1.82472456526e-20, 3.61151255967e-20, 8.87436325781e-20, 5.43838876387e-20, 9.77543630222e-20, 2.752220408e-19, 3.40913985013e-19, 2.75237033448e-19, 6.32200648791e-19, 8.2689957794e-19, 7.96248193547e-19, 1.29566065972e-18, 2.06975892102e-18, 1.80518706325e-18, 2.78830611052e-18, 4.24851832649e-18, 4.19185025068e-18, 4.5006471131e-18, 4.37209166538e-18, 7.87339044759e-18, 7.03625223482e-18, 9.59177627929e-18, 9.36944088398e-18, 9.77760488544e-18, 9.38588275302e-18, 1.15565742524e-17, 1.12365901858e-17, 1.12778491275e-17, 1.0227551434e-17, 8.19428524006e-18, 6.46426180433e-18, 4.66130626757e-18, 2.38893276423e-18, 1.05489092408e-18, 2.61846788789e-19, 2.388547996e-20], "var": [0.554226696491, 33.477104187, 119.19342804, 625.595947266, 351.171630859, 313.569000244, 451.813568115, 621.803405762, 364.523925781, 2227.97851563, 8605.93261719, 2571.91723633, 2126.69360352, 1430.18896484, 440.980285645, 3129.11450195, 951.206298828, 2447.63769531, 2318.6340332, 971.399108887, 4252.27392578, 1245.22839355, 618.852600098, 825.268249512, 742.412597656, 474.327362061, 244.660369873, 149.511444092, 195.490829468, 133.328048706, 99.126449585, 43.3409385681, 24.9846935272, 7.47531938553, 3.56636285782, 0.380470395088, 0.0189204141498, 0.000616448698565, 6.69415294396e-06, 1.75746830422e-08]}, "erbbands_crest": {"dmean": 2.38056826591, "dmean2": 3.72380542755, "dvar": 5.55316400528, "dvar2": 12.9831409454, "max": 35.7713851929, "mean": 9.70831012726, "median": 8.7763004303, "min": 2.14794826508, "var": 18.5632133484}, "erbbands_flatness_db": {"dmean": 0.0197428315878, "dmean2": 0.0270266924053, "dvar": 0.000426481448812, "dvar2": 0.000796420674305, "max": 0.340057373047, "mean": 0.157648429275, "median": 0.15977101028, "min": 0.0175263490528, "var": 0.00193297094665}, "erbbands_kurtosis": {"dmean": 0.954718291759, "dmean2": 1.50376462936, "dvar": 21.8329467773, "dvar2": 43.4056167603, "max": 319.89440918, "mean": 0.736094295979, "median": -0.268150001764, "min": -1.87440693378, "var": 134.66859436}, "erbbands_skewness": {"dmean": 0.360022842884, "dmean2": 0.537529170513, "dvar": 0.218970194459, "dvar2": 0.437755078077, "max": 16.6364841461, "mean": 0.329463869333, "median": 0.310481399298, "min": -4.57711648941, "var": 1.05800366402}, "erbbands_spread": {"dmean": 9.17390441895, "dmean2": 13.7332963943, "dvar": 135.18258667, "dvar2": 301.245788574, "max": 183.087661743, "mean": 43.0674285889, "median": 39.7742004395, "min": 2.55022263527, "var": 415.052001953}, "gfcc": {"cov": [[24761.8554688, -880.211914063, -2071.75, 455.753570557, -1470.80065918, 270.905578613, -743.592346191, 590.592468262, -238.237289429, 376.75680542, -437.846130371, 27.8197422028, -460.401794434], [-880.211914063, 1851.40478516, -473.229095459, -141.519165039, 219.370880127, -79.7837295532, 120.102859497, -137.996536255, 100.031784058, -190.586486816, 128.070861816, -166.485778809, 88.0468063354], [-2071.75, -473.229095459, 1071.80908203, 46.7663230896, 217.777053833, 116.460174561, 74.7784729004, -5.33783817291, 0.323796123266, 73.6280517578, -36.1728439331, 97.2255783081, -18.128692627], [455.753570557, -141.519165039, 46.7663230896, 532.656616211, -19.0621376038, -67.1288375854, -84.1384277344, 4.87217378616, 65.0734100342, 0.230168744922, 22.2429828644, 33.1120834351, 79.6281433105], [-1470.80065918, 219.370880127, 217.777053833, -19.0621376038, 385.384277344, 40.914516449, 108.701751709, -17.74518013, 14.7567615509, -25.369512558, 22.7277050018, 13.8971309662, 22.81391716], [270.905578613, -79.7837295532, 116.460174561, -67.1288375854, 40.914516449, 305.84161377, 140.059036255, 43.1513938904, -28.9174613953, 2.73040723801, -12.2621555328, -10.405632019, -58.8875427246], [-743.592346191, 120.102859497, 74.7784729004, -84.1384277344, 108.701751709, 140.059036255, 253.547134399, 29.9182033539, -17.5852508545, -19.8627490997, 18.1785373688, -27.4038543701, -26.4690723419], [590.592468262, -137.996536255, -5.33783817291, 4.87217378616, -17.74518013, 43.1513938904, 29.9182033539, 124.067237854, 22.6988544464, 33.6241798401, -9.64136886597, 11.4820022583, -20.3633136749], [-238.237289429, 100.031784058, 0.323796123266, 65.0734100342, 14.7567615509, -28.9174613953, -17.5852508545, 22.6988544464, 136.603775024, 28.5225772858, 22.5296134949, -4.45111751556, 34.7966499329], [376.75680542, -190.586486816, 73.6280517578, 0.230168744922, -25.369512558, 2.73040723801, -19.8627490997, 33.6241798401, 28.5225772858, 122.038536072, 7.98050022125, 26.6051979065, -17.7357215881], [-437.846130371, 128.070861816, -36.1728439331, 22.2429828644, 22.7277050018, -12.2621555328, 18.1785373688, -9.64136886597, 22.5296134949, 7.98050022125, 104.992965698, 17.7300891876, 28.0389518738], [27.8197422028, -166.485778809, 97.2255783081, 33.1120834351, 13.8971309662, -10.405632019, -27.4038543701, 11.4820022583, -4.45111751556, 26.6051979065, 17.7300891876, 124.492683411, 34.9676437378], [-460.401794434, 88.0468063354, -18.128692627, 79.6281433105, 22.81391716, -58.8875427246, -26.4690723419, -20.3633136749, 34.7966499329, -17.7357215881, 28.0389518738, 34.9676437378, 115.610671997]], "icov": [[0.000136676171678, -0.000188953912584, 0.000246276555117, -0.000272771838354, 0.000268943345873, -0.000321416766383, 0.000398246804252, -0.000553092337213, 0.000446778780315, -0.000581446278375, 0.000626050401479, -0.000392284302507, 0.000434802001109], [-0.000188953912584, 0.0015022699954, 0.000105244536826, 0.000778010988142, -0.00101457710844, 0.000589554430917, -0.000880023580976, 0.0017069344176, -0.00177200208418, 0.00207142322324, -0.00193923292682, 0.00162027822807, -0.000984895508736], [0.000246276555117, 0.000105244536826, 0.00196100678295, -0.000602983520366, -0.000471840961836, -0.00089882069733, 0.000326040346408, 1.73385014932e-05, 0.000258724583546, -0.00150892464444, 0.00166388344951, -0.00144044472836, 0.00105919037014], [-0.000272771838354, 0.000778010988142, -0.000602983520366, 0.00297393300571, -0.000561520515475, 0.000693583511747, -0.000200728725758, 0.000931722694077, -0.00191694009118, 0.00198344304226, -0.00194141012616, 0.0011868806323, -0.00224632164463], [0.000268943345873, -0.00101457710844, -0.000471840961836, -0.000561520515475, 0.00444901967421, -0.000471489271149, -0.000519874098245, -0.00106361415237, 0.00078099273378, -0.000831713085063, 0.00131094944663, -0.00158126489259, 0.000529674696736], [-0.000321416766383, 0.000589554430917, -0.00089882069733, 0.000693583511747, -0.000471489271149, 0.00577143346891, -0.00345570268109, 0.000490496633574, -0.000850855838507, 0.00174627499655, -0.00133131374605, 0.000721792224795, 0.000608907081187], [0.000398246804252, -0.000880023580976, 0.000326040346408, -0.000200728725758, -0.000519874098245, -0.00345570268109, 0.00817531440407, -0.0037449374795, 0.00239808368497, -0.000992985325865, 6.20556384092e-05, 0.00046353568905, 0.000970689114183], [-0.000553092337213, 0.0017069344176, 1.73385014932e-05, 0.000931722694077, -0.00106361415237, 0.000490496633574, -0.0037449374795, 0.0136784845963, -0.00515857199207, 0.00101994385477, -0.0013360476587, 3.69627887267e-05, -0.000108025531517], [0.000446778780315, -0.00177200208418, 0.000258724583546, -0.00191694009118, 0.00078099273378, -0.000850855838507, 0.00239808368497, -0.00515857199207, 0.0126163484529, -0.00572681892663, 0.00143103126902, 0.000623518426437, -0.00166893587448], [-0.000581446278375, 0.00207142322324, -0.00150892464444, 0.00198344304226, -0.000831713085063, 0.00174627499655, -0.000992985325865, 0.00101994385477, -0.00572681892663, 0.0151363341138, -0.00545281311497, 0.000620160601102, 0.000690716668032], [0.000626050401479, -0.00193923292682, 0.00166388344951, -0.00194141012616, 0.00131094944663, -0.00133131374605, 6.20556384092e-05, -0.0013360476587, 0.00143103126902, -0.00545281311497, 0.0156222218648, -0.00487853446975, 0.000829671509564], [-0.000392284302507, 0.00162027822807, -0.00144044472836, 0.0011868806323, -0.00158126489259, 0.000721792224795, 0.00046353568905, 3.69627887267e-05, 0.000623518426437, 0.000620160601102, -0.00487853446975, 0.0137325944379, -0.00611011544243], [0.000434802001109, -0.000984895508736, 0.00105919037014, -0.00224632164463, 0.000529674696736, 0.000608907081187, 0.000970689114183, -0.000108025531517, -0.00166893587448, 0.000690716668032, 0.000829671509564, -0.00611011544243, 0.015508569777]], "mean": [-54.3143081665, 98.8895111084, -106.977165222, 40.2686042786, -51.2220344543, 7.78575325012, -35.802734375, 4.63752222061, -21.3613014221, -1.59546995163, -19.3919677734, -8.00706005096, -12.3244276047]}, "hfc": {"dmean": 5.92299318314, "dmean2": 8.33370780945, "dvar": 139.081130981, "dvar2": 286.813995361, "max": 175.317733765, "mean": 15.6296081543, "median": 8.66921615601, "min": 1.08137149425e-16, "var": 404.887207031}, "melbands": {"dmean": [0.00227658869699, 0.00207214686088, 0.000968556443695, 0.000419048534241, 0.000166499026818, 9.49630120886e-05, 8.27538460726e-05, 9.80439217528e-05, 0.00014478295634, 5.95303208684e-05, 4.7242432629e-05, 3.73091133952e-05, 1.71982319443e-05, 2.45318060479e-05, 1.83078609552e-05, 1.86110646609e-05, 2.27203454415e-05, 2.04293555726e-05, 1.35999407576e-05, 1.02969370346e-05, 1.5117172552e-05, 9.98260838969e-06, 6.8397666837e-06, 5.66150856685e-06, 5.50993036086e-06, 4.51736923424e-06, 4.29905048804e-06, 3.63284357263e-06, 2.61834497906e-06, 2.25847838919e-06, 2.08971846405e-06, 2.17643264477e-06, 1.94699032363e-06, 1.51605593146e-06, 1.45432261434e-06, 9.57771590038e-07, 6.98910639585e-07, 6.11175437371e-07, 5.49018750462e-07, 4.36692204175e-07], "dmean2": [0.00400896836072, 0.00364828621969, 0.00154770712834, 0.000656958960462, 0.000242198453634, 0.000143852215842, 0.000124357597088, 0.000141104479553, 0.000211027407204, 8.69928189786e-05, 6.61621961626e-05, 5.43899113836e-05, 2.44831880991e-05, 3.48925823346e-05, 2.6190373319e-05, 2.90784646495e-05, 3.47327513737e-05, 3.10947107209e-05, 2.07119337574e-05, 1.62083160831e-05, 2.41738216573e-05, 1.59186492965e-05, 1.09821694423e-05, 8.921695553e-06, 8.47817591421e-06, 6.876020052e-06, 6.5575231929e-06, 5.69167514186e-06, 3.99840746468e-06, 3.46801448359e-06, 3.24983284372e-06, 3.41920417668e-06, 3.07103709929e-06, 2.35999527831e-06, 2.30488376474e-06, 1.44726607232e-06, 1.03488389414e-06, 9.11554820959e-07, 8.50508001804e-07, 6.80127072883e-07], "dvar": [6.85074119247e-05, 5.83597684454e-05, 1.19114583867e-05, 7.56291569814e-07, 1.18518677539e-07, 6.85033967329e-08, 3.45661668177e-08, 7.90871013123e-08, 1.59059055704e-07, 3.86849237088e-08, 1.84257249458e-08, 1.1953909862e-08, 2.82587353517e-09, 5.76192693558e-09, 2.98513214148e-09, 3.10358205802e-09, 3.88631216097e-09, 2.57683496763e-09, 1.71544645156e-09, 1.15038467641e-09, 2.98214253291e-09, 8.04719735292e-10, 4.18177104056e-10, 3.68001712436e-10, 2.57187937613e-10, 1.73936712256e-10, 1.14824427744e-10, 1.22948373704e-10, 4.71607648767e-11, 3.47676054613e-11, 4.42134419354e-11, 6.0206964414e-11, 3.61845033103e-11, 2.63385632748e-11, 3.33919177031e-11, 1.01417121229e-11, 6.55892787998e-12, 5.69102100514e-12, 5.93770171919e-12, 2.53312952211e-12], "dvar2": [0.000189137892448, 0.000160216746735, 2.71428307315e-05, 1.99673627321e-06, 2.73930737649e-07, 1.77414960945e-07, 8.08134075214e-08, 1.60703862662e-07, 3.3849315173e-07, 9.472520901e-08, 3.66534749219e-08, 2.90628001665e-08, 6.47829834222e-09, 1.02021706638e-08, 5.58107293713e-09, 7.50662731974e-09, 9.40874933519e-09, 5.75220626686e-09, 3.78258269151e-09, 2.758231199e-09, 7.94206211907e-09, 2.05218264604e-09, 1.13033127302e-09, 8.90834128686e-10, 6.14821138445e-10, 3.42906175677e-10, 2.55588689102e-10, 2.8571242594e-10, 1.06230940711e-10, 8.1310548572e-11, 1.0121385674e-10, 1.42690526062e-10, 8.70402500075e-11, 6.29754026704e-11, 7.85564877037e-11, 2.14620127226e-11, 1.30204770576e-11, 1.06856346688e-11, 1.27224350846e-11, 5.70660749558e-12], "max": [0.0739730894566, 0.115041315556, 0.0653505846858, 0.0158077534288, 0.00861108582467, 0.00658893026412, 0.00519403861836, 0.00779458461329, 0.00932599790394, 0.00910594593734, 0.00433541554958, 0.00372160575353, 0.00148895848542, 0.00346932024695, 0.00197507813573, 0.00161106709857, 0.00174096052069, 0.00113577861339, 0.00129213032778, 0.00117699801922, 0.00174370384775, 0.00103582069278, 0.000584382622037, 0.00125706626568, 0.000590505660512, 0.000600052881055, 0.000327459507389, 0.000596835743636, 0.000247637537541, 0.000139860916534, 0.000109493026685, 0.000161422838573, 0.000184365315363, 0.000175080116605, 0.000155906949658, 0.000104038641439, 8.03693255875e-05, 8.35733808344e-05, 0.000143260520417, 6.92299654474e-05], "mean": [0.00195972435176, 0.00212122313678, 0.00157992169261, 0.000876887293998, 0.000403123325668, 0.000231409168919, 0.000174547501956, 0.000207496879739, 0.000319586135447, 0.000126762970467, 9.67890955508e-05, 7.12529508746e-05, 2.94813398796e-05, 4.04621168855e-05, 3.29142385453e-05, 3.26924528053e-05, 4.13968409703e-05, 3.58066172339e-05, 2.39664841502e-05, 1.76121011464e-05, 2.82707296719e-05, 1.94421463675e-05, 1.21989323816e-05, 1.08531276055e-05, 1.05163135231e-05, 8.42748795549e-06, 8.13792667032e-06, 6.30126487522e-06, 4.7308099056e-06, 3.51707308255e-06, 2.87761963591e-06, 3.10228074341e-06, 2.68983717433e-06, 1.97579538508e-06, 1.94512972485e-06, 1.3508598613e-06, 1.0010871847e-06, 8.50184676437e-07, 6.9603203201e-07, 5.21106017004e-07], "median": [0.000191793078557, 0.00049734726781, 0.000633784744423, 0.000434213783592, 0.000154400098836, 5.92005926592e-05, 6.64918406983e-05, 4.8676309234e-05, 7.4423442129e-05, 2.27886921493e-05, 1.86295837921e-05, 1.64927369042e-05, 6.22328479949e-06, 9.88794636214e-06, 9.232915545e-06, 6.96741835782e-06, 7.75755142968e-06, 9.78436582955e-06, 6.57813552607e-06, 4.79617892779e-06, 5.52093024453e-06, 5.09336132382e-06, 2.95039808407e-06, 3.0021267321e-06, 3.25477049046e-06, 2.00298245545e-06, 2.21402092393e-06, 1.59582418746e-06, 9.40393874771e-07, 7.72358589529e-07, 6.33762851976e-07, 6.19370553068e-07, 5.55066549168e-07, 3.72307709995e-07, 2.54877420502e-07, 2.14285918787e-07, 1.72890366912e-07, 1.18037817742e-07, 9.91845041654e-08, 6.77094220691e-08], "min": [1.20800429923e-24, 1.48762945772e-24, 1.1702609534e-24, 1.22038695025e-24, 3.10694050813e-24, 1.39576887329e-24, 1.35135521546e-24, 3.54360420702e-24, 2.60185831128e-24, 1.96114587849e-24, 2.97429177198e-24, 3.11359573315e-24, 1.82276172913e-24, 2.945480994e-24, 3.94958989417e-24, 3.12005551789e-24, 2.68364819879e-24, 4.12183925055e-24, 4.62438309022e-24, 3.7356512111e-24, 3.42572196094e-24, 4.28931678731e-24, 4.52984205503e-24, 3.9222700633e-24, 5.28186236712e-24, 4.74282345539e-24, 5.22774572016e-24, 5.8123094003e-24, 4.46605673439e-24, 4.68927163284e-24, 5.31783876313e-24, 4.30421876424e-24, 5.31402422622e-24, 5.95479976789e-24, 6.33796370905e-24, 5.43336980928e-24, 6.90859689446e-24, 5.8215197458e-24, 6.06277707644e-24, 6.14966892186e-24], "var": [4.88479090563e-05, 4.05908431276e-05, 1.44561072375e-05, 1.58351099344e-06, 4.28677253694e-07, 2.99598895026e-07, 9.12398760988e-08, 2.62275278828e-07, 5.29637986801e-07, 8.71320651186e-08, 5.27688257534e-08, 2.70852567041e-08, 6.21620133145e-09, 1.3210692984e-08, 7.45332506824e-09, 6.53399689909e-09, 9.17748455009e-09, 6.12061423766e-09, 3.60403373811e-09, 2.1471806555e-09, 7.31222415951e-09, 1.60180591013e-09, 7.48594353173e-10, 7.88147214159e-10, 5.90201609807e-10, 4.9847825867e-10, 3.3275987521e-10, 2.27206406467e-10, 1.20451496e-10, 6.12881065343e-11, 6.15690692873e-11, 8.13790423937e-11, 4.68016979338e-11, 3.16604659156e-11, 4.73338243601e-11, 2.11696181418e-11, 1.50344858091e-11, 1.35438205789e-11, 1.06565173352e-11, 4.00439013545e-12]}, "melbands_crest": {"dmean": 2.78454327583, "dmean2": 4.35103845596, "dvar": 8.13361740112, "dvar2": 19.6229667664, "max": 40, "mean": 15.4065027237, "median": 14.9131622314, "min": 1.41564619541, "var": 28.6087913513}, "melbands_flatness_db": {"dmean": 0.0282139778137, "dmean2": 0.0413688495755, "dvar": 0.00119127496146, "dvar2": 0.00263389083557, "max": 1, "mean": 0.227236375213, "median": 0.214685991406, "min": 0.00327449617907, "var": 0.00742183579132}, "melbands_kurtosis": {"dmean": 5841308, "dmean2": 11452643, "dvar": 111311000963000000, "dvar2": 229290677388000000, "max": 24610930688, "mean": 29521316, "median": 10.859416008, "min": -1.87342309952, "var": 688361211758000000}, "melbands_skewness": {"dmean": 23.8339195251, "dmean2": 45.8709106445, "dvar": 1924471.625, "dvar2": 3908425.25, "max": 101651.25, "mean": 127.056732178, "median": 2.89752101898, "min": -2.14308285713, "var": 12085169}, "melbands_spread": {"dmean": 7.18217611313, "dmean2": 10.8714742661, "dvar": 216.240829468, "dvar2": 435.56451416, "max": 246.390869141, "mean": 21.1323642731, "median": 15.5066013336, "min": 1.18609726485e-08, "var": 583.922241211}, "mfcc": {"cov": [[13032.3681641, 322.01385498, -626.202819824, -214.563858032, -463.277435303, -110.168617249, -253.023864746, 31.1745033264, -10.9534511566, 177.521377563, 111.33354187, 21.3068618774, -29.7199058533], [322.01385498, 1537.14501953, -359.089599609, -101.945701599, -8.57905960083, -18.5537204742, 37.0807189941, 24.9629745483, -31.3747692108, 14.6118764877, 48.5048789978, -36.0094451904, -40.0245628357], [-626.202819824, -359.089599609, 615.846191406, 109.251457214, 90.8008880615, 104.56829834, 12.2371559143, 10.2190923691, 34.5984039307, -12.977350235, -5.22996139526, 43.9573974609, 29.983423233], [-214.563858032, -101.945701599, 109.251457214, 456.309234619, 130.885147095, -15.4895677567, -83.043800354, -36.2717666626, 27.0957126617, -35.1251716614, -73.0103759766, 25.6399669647, 85.2631225586], [-463.277435303, -8.57905960083, 90.8008880615, 130.885147095, 243.971511841, 36.5412330627, -13.4753227234, 2.11080765724, 24.8044109344, -20.1673278809, -21.7575111389, 15.5381212234, 26.8805179596], [-110.168617249, -18.5537204742, 104.56829834, -15.4895677567, 36.5412330627, 186.81111145, 95.81300354, 58.2617149353, 21.9544639587, 18.8373451233, 29.9272327423, 0.0935035720468, -25.0796813965], [-253.023864746, 37.0807189941, 12.2371559143, -83.043800354, -13.4753227234, 95.81300354, 239.792602539, 91.3028564453, 7.11260509491, 29.122385025, 48.6186714172, -23.7023563385, -44.5959091187], [31.1745033264, 24.9629745483, 10.2190923691, -36.2717666626, 2.11080765724, 58.2617149353, 91.3028564453, 147.459762573, 32.2019920349, 4.88022613525, 28.8261947632, -3.88588881493, -22.4528427124], [-10.9534511566, -31.3747692108, 34.5984039307, 27.0957126617, 24.8044109344, 21.9544639587, 7.11260509491, 32.2019920349, 104.384338379, 29.9576416016, -1.86861681938, 6.1390953064, 8.24608230591], [177.521377563, 14.6118764877, -12.977350235, -35.1251716614, -20.1673278809, 18.8373451233, 29.122385025, 4.88022613525, 29.9576416016, 124.876594543, 55.4785766602, -5.65508413315, -24.860326767], [111.33354187, 48.5048789978, -5.22996139526, -73.0103759766, -21.7575111389, 29.9272327423, 48.6186714172, 28.8261947632, -1.86861681938, 55.4785766602, 119.184791565, 7.82267093658, -27.4287509918], [21.3068618774, -36.0094451904, 43.9573974609, 25.6399669647, 15.5381212234, 0.0935035720468, -23.7023563385, -3.88588881493, 6.1390953064, -5.65508413315, 7.82267093658, 96.6907958984, 42.4001121521], [-29.7199058533, -40.0245628357, 29.983423233, 85.2631225586, 26.8805179596, -25.0796813965, -44.5959091187, -22.4528427124, 8.24608230591, -24.860326767, -27.4287509918, 42.4001121521, 111.599525452]], "icov": [[9.13166295504e-05, -2.59783905676e-06, 7.90022822912e-05, -1.15874399853e-05, 0.000160254377988, -6.81900273776e-05, 0.000182119736564, -0.000113185735245, 2.23949409701e-05, -0.000122328274301, -3.19799255522e-05, -3.90006171074e-05, -1.4853245375e-05], [-2.59783905676e-06, 0.000778086250648, 0.000473033433082, 4.98820772918e-05, -0.00020919542294, -8.36403851281e-05, -2.24760260608e-05, -6.8862689659e-05, 0.000121563934954, 6.91667955834e-05, -0.000286199181573, 9.78365860647e-05, 2.08326255233e-05], [7.90022822912e-05, 0.000473033433082, 0.00235639326274, -0.000297211459838, -0.000270853633992, -0.00129559251945, 0.000189397163922, 0.000149383646203, -0.000307277194224, 0.000247594871325, -0.000279027648503, -0.000644182320684, -8.14829400042e-05], [-1.15874399853e-05, 4.98820772918e-05, -0.000297211459838, 0.00323874922469, -0.00134814193007, 5.52508281544e-05, 0.000498983077705, 9.10886737984e-05, -0.000278850551695, -0.00023092891206, 0.00117503420915, 0.000283477711491, -0.00167466129642], [0.000160254377988, -0.00020919542294, -0.000270853633992, -0.00134814193007, 0.0055731497705, -0.00115843466483, 0.000477062712889, -7.82671850175e-05, -0.000828236399684, 0.000541073037311, -3.15637080348e-05, -0.000295235862723, -7.12696855771e-05], [-6.81900273776e-05, -8.36403851281e-05, -0.00129559251945, 5.52508281544e-05, -0.00115843466483, 0.00826379377395, -0.00259516527876, -0.00111597031355, -0.000570109812543, -0.000228934732149, -0.000496204476804, -0.000384960439987, 0.0011477220105], [0.000182119736564, -2.24760260608e-05, 0.000189397163922, 0.000498983077705, 0.000477062712889, -0.00259516527876, 0.00728895980865, -0.00337607250549, 0.000974932743702, -0.000967131811194, -0.000827991752885, 0.00116670771968, 0.00020943810523], [-0.000113185735245, -6.8862689659e-05, 0.000149383646203, 9.10886737984e-05, -7.82671850175e-05, -0.00111597031355, -0.00337607250549, 0.0105545250699, -0.00369754922576, 0.00256406422704, -0.00172462302726, -0.000370031339116, 0.000938973855227], [2.23949409701e-05, 0.000121563934954, -0.000307277194224, -0.000278850551695, -0.000828236399684, -0.000570109812543, 0.000974932743702, -0.00369754922576, 0.0126595506445, -0.00460675871, 0.00230629369617, -0.00023690109083, -0.00124257744756], [-0.000122328274301, 6.91667955834e-05, 0.000247594871325, -0.00023092891206, 0.000541073037311, -0.000228934732149, -0.000967131811194, 0.00256406422704, -0.00460675871, 0.0123059302568, -0.00559763005003, 0.000570951902773, 0.00153876980767], [-3.19799255522e-05, -0.000286199181573, -0.000279027648503, 0.00117503420915, -3.15637080348e-05, -0.000496204476804, -0.000827991752885, -0.00172462302726, 0.00230629369617, -0.00559763005003, 0.0131765091792, -0.00256432243623, 0.00107971520629], [-3.90006171074e-05, 9.78365860647e-05, -0.000644182320684, 0.000283477711491, -0.000295235862723, -0.000384960439987, 0.00116670771968, -0.000370031339116, -0.00023690109083, 0.000570951902773, -0.00256432243623, 0.0134821124375, -0.00525026209652], [-1.4853245375e-05, 2.08326255233e-05, -8.14829400042e-05, -0.00167466129642, -7.12696855771e-05, 0.0011477220105, 0.00020943810523, 0.000938973855227, -0.00124257744756, 0.00153876980767, 0.00107971520629, -0.00525026209652, 0.0135078802705]], "mean": [-689.571838379, 121.575256348, 5.41571187973, 33.6933860779, 7.49644517899, 6.79398202896, -2.50615525246, 1.80122435093, 0.457249283791, 3.90667438507, 0.643289804459, -3.45336532593, -4.09136819839]}, "pitch_salience": {"dmean": 0.0612221062183, "dmean2": 0.0962963104248, "dvar": 0.00393284251913, "dvar2": 0.00956087373197, "max": 0.923755466938, "mean": 0.515569746494, "median": 0.522084534168, "min": 1.63879103638e-05, "var": 0.0120072774589}, "silence_rate_20dB": {"dmean": 0.000779043708462, "dmean2": 0.0015582392225, "dvar": 0.00077845796477, "dvar2": 0.00214023608714, "max": 1, "mean": 0.999513149261, "median": 1, "min": 0, "var": 0.000486584380269}, "silence_rate_30dB": {"dmean": 0.0496640391648, "dmean2": 0.0993377491832, "dvar": 0.0472008138895, "dvar2": 0.097268357873, "max": 1, "mean": 0.947614431381, "median": 1, "min": 0, "var": 0.0496431626379}, "silence_rate_60dB": {"dmean": 0.026487486437, "dmean2": 0.052980132401, "dvar": 0.0257861316204, "dvar2": 0.0558226294816, "max": 1, "mean": 0.147322297096, "median": 0, "min": 0, "var": 0.125635668635}, "spectral_centroid": {"dmean": 261.625244141, "dmean2": 391.415222168, "dvar": 153954.21875, "dvar2": 315709.5625, "max": 11566.8300781, "mean": 1229.49707031, "median": 1019.71313477, "min": 96.2391891479, "var": 986820}, "spectral_complexity": {"dmean": 2.60726451874, "dmean2": 3.92539930344, "dvar": 12.8194046021, "dvar2": 26.0096988678, "max": 56, "mean": 13.909444809, "median": 13, "min": 0, "var": 92.676864624}, "spectral_contrast_coeffs": {"dmean": [0.0427681878209, 0.0385507233441, 0.0356468372047, 0.0308882594109, 0.0231931433082, 0.0191589444876], "dmean2": [0.0686508119106, 0.0602123998106, 0.0544548369944, 0.0486701950431, 0.0359668582678, 0.0296466760337], "dvar": [0.00156002456788, 0.00127035751939, 0.000988434068859, 0.000733147782739, 0.00041935412446, 0.000324391556205], "dvar2": [0.00388518557884, 0.00289696711116, 0.00220929388888, 0.00168555264827, 0.000930622220039, 0.000732158136088], "max": [-0.325187772512, -0.395515084267, -0.416268229485, -0.544380545616, -0.587238430977, -0.626344263554], "mean": [-0.617890834808, -0.704042136669, -0.740259885788, -0.754931747913, -0.776718497276, -0.767294764519], "median": [-0.616710543633, -0.709871649742, -0.744006991386, -0.752750515938, -0.776460528374, -0.7653901577], "min": [-0.994021832943, -0.981668889523, -0.98168104887, -0.972556293011, -0.966562747955, -0.963850080967], "var": [0.00796876847744, 0.00770284235477, 0.00569037348032, 0.00377665087581, 0.00269450154155, 0.00198550964706]}, "spectral_contrast_valleys": {"dmean": [0.370612114668, 0.315871089697, 0.325746178627, 0.312412142754, 0.314412385225, 0.417927086353], "dmean2": [0.58310508728, 0.496243298054, 0.49963003397, 0.470154106617, 0.444565862417, 0.534866929054], "dvar": [0.164369061589, 0.11222653091, 0.126960083842, 0.128863915801, 0.150207296014, 0.246714234352], "dvar2": [0.31622838974, 0.234642744064, 0.250055193901, 0.246488153934, 0.275733053684, 0.42319765687], "max": [-4.6829624176, -4.91046047211, -5.27291059494, -5.8990521431, -5.62613868713, -7.50509881973], "mean": [-7.64619255066, -7.5559668541, -8.40439033508, -8.61441421509, -8.27510929108, -10.8024501801], "median": [-7.39171886444, -7.16190719604, -8.05798435211, -8.27210903168, -7.93079853058, -10.4604635239], "min": [-27.8969039917, -27.7418823242, -27.776676178, -27.6587638855, -27.4870014191, -27.4178409576], "var": [3.67054486275, 4.11210536957, 3.87941336632, 3.82630610466, 4.11405467987, 3.95962572098]}, "spectral_decrease": {"dmean": 3.84660969743e-09, "dmean2": 6.19412432457e-09, "dvar": 1.29024465744e-16, "dvar2": 3.29628668306e-16, "max": 2.57501271748e-16, "mean": -6.79976297491e-09, "median": -3.79284603724e-09, "min": -1.73363062572e-07, "var": 1.33162684913e-16}, "spectral_energy": {"dmean": 0.01494633127, "dmean2": 0.0239359792322, "dvar": 0.00189826637506, "dvar2": 0.00482656573877, "max": 0.669987559319, "mean": 0.0270815100521, "median": 0.0153805622831, "min": 9.90160073268e-21, "var": 0.00201226770878}, "spectral_energyband_high": {"dmean": 0.000413190893596, "dmean2": 0.000595394230913, "dvar": 1.10255575692e-06, "dvar2": 2.30000478041e-06, "max": 0.0150087317452, "mean": 0.000686697487254, "median": 0.000162746859132, "min": 6.94822505698e-21, "var": 2.19370940613e-06}, "spectral_energyband_low": {"dmean": 0.0119637725875, "dmean2": 0.0201294254512, "dvar": 0.00171530782245, "dvar2": 0.00450869789347, "max": 0.536940097809, "mean": 0.0132581973448, "median": 0.00317707890645, "min": 1.57829830999e-23, "var": 0.00141524150968}, "spectral_energyband_middle_high": {"dmean": 0.00110301340465, "dmean2": 0.00155955529772, "dvar": 4.11746805185e-06, "dvar2": 8.20109926281e-06, "max": 0.061210937798, "mean": 0.00343245943077, "median": 0.00154970376752, "min": 1.22215541705e-21, "var": 2.33927039517e-05}, "spectral_energyband_middle_low": {"dmean": 0.00419718679041, "dmean2": 0.00626171706244, "dvar": 9.09096124815e-05, "dvar2": 0.000193791158381, "max": 0.195122748613, "mean": 0.0118126571178, "median": 0.00824249815196, "min": 1.78859606866e-22, "var": 0.000196282126126}, "spectral_entropy": {"dmean": 0.194025531411, "dmean2": 0.274764090776, "dvar": 0.0494544506073, "dvar2": 0.0995182991028, "max": 9.82047843933, "mean": 7.38241863251, "median": 7.39282512665, "min": 5.151866436, "var": 0.274834513664}, "spectral_flux": {"dmean": 0.030201151967, "dmean2": 0.0467433668673, "dvar": 0.00357153918594, "dvar2": 0.00726822810248, "max": 0.670384824276, "mean": 0.0709616020322, "median": 0.0495252199471, "min": 6.40808586749e-11, "var": 0.00654709339142}, "spectral_kurtosis": {"dmean": 1.65224254131, "dmean2": 2.7427687645, "dvar": 3.84442448616, "dvar2": 10.5472259521, "max": 53.2345848083, "mean": 4.92777681351, "median": 3.93662381172, "min": -1.28835713863, "var": 23.4445896149}, "spectral_rms": {"dmean": 0.000950125977397, "dmean2": 0.00141087640077, "dvar": 3.75457170776e-06, "dvar2": 8.68526512932e-06, "max": 0.0255665089935, "mean": 0.00425039138645, "median": 0.00387368374504, "min": 3.10806979112e-12, "var": 8.35514219943e-06}, "spectral_rolloff": {"dmean": 521.005554199, "dmean2": 870.321411133, "dvar": 1400237.125, "dvar2": 2982888.25, "max": 21662.4023438, "mean": 1391.65258789, "median": 753.662109375, "min": 21.533203125, "var": 4685144}, "spectral_skewness": {"dmean": 0.231778249145, "dmean2": 0.367420583963, "dvar": 0.051801610738, "dvar2": 0.124109826982, "max": 5.64071702957, "mean": 1.56361448765, "median": 1.50707030296, "min": -0.0900050625205, "var": 0.397349983454}, "spectral_spread": {"dmean": 676264.25, "dmean2": 957771.125, "dvar": 993196638208, "dvar2": 1824052871170.0, "max": 49707260, "mean": 