{"lowlevel": {"average_loudness": 0.800591826439, "barkbands": {"dmean": [7.03038895153e-05, 0.003022527555, 0.0032659645658, 0.00200675567612, 0.00119247671682, 0.00057147705229, 0.000367831176845, 0.000341793143889, 0.000264490925474, 0.000428465195, 0.000626128050499, 0.00037823538878, 0.000473572057672, 0.000409319996834, 0.000499795831274, 0.000290065363515, 0.000221274924115, 0.000192139559658, 0.000201067668968, 0.000167238060385, 0.000167501071701, 6.58863427816e-05, 6.29775677226e-05, 4.72871251986e-05, 3.34557553288e-05, 2.67116338364e-05, 1.48676126628e-05], "dmean2": [0.000117633091577, 0.00492039928213, 0.00578649109229, 0.00337796285748, 0.00190491066314, 0.000911366427317, 0.000603389344178, 0.000511565827765, 0.000428557250416, 0.000683873076923, 0.000988450134173, 0.000601517735049, 0.000770297599956, 0.000672478287015, 0.000819394073915, 0.000466872472316, 0.000363126338925, 0.000305408175336, 0.000318779610097, 0.00026443254319, 0.00026144439471, 9.90641347016e-05, 8.82682870724e-05, 6.64562758175e-05, 4.75745364383e-05, 3.78010445274e-05, 2.21519458137e-05], "dvar": [3.39131176474e-08, 6.79960139678e-05, 9.8386699392e-05, 4.63700707769e-05, 4.30970612797e-06, 1.03581157873e-06, 9.33729268127e-07, 2.60191569623e-07, 2.78890382788e-07, 9.56488520387e-07, 8.57894235651e-07, 1.4853818584e-06, 1.53266239522e-06, 6.86978012254e-07, 1.32998422941e-06, 2.38247935158e-07, 1.43367699934e-07, 1.73999538333e-07, 1.93607277765e-07, 7.56510445399e-08, 8.97163943137e-08, 1.49135015448e-08, 1.64792304247e-08, 8.8484428673e-09, 5.74482328375e-09, 4.70445771228e-09, 2.0780288601e-09], "dvar2": [8.57587068026e-08, 0.000166209123563, 0.000274740217719, 0.000124372745631, 1.16666669783e-05, 2.59755961451e-06, 2.33692276197e-06, 5.62946524951e-07, 7.24732785784e-07, 2.12791928789e-06, 2.10817211155e-06, 3.75383638129e-06, 3.89757451558e-06, 1.81391715159e-06, 3.46103070115e-06, 5.93773563651e-07, 3.53899281436e-07, 4.41621438085e-07, 4.24503070917e-07, 1.82632021506e-07, 2.25817913702e-07, 3.25690940883e-08, 3.09583008118e-08, 1.72836784884e-08, 1.20133023529e-08, 9.78824488129e-09, 4.45596937126e-09], "max": [0.00264724250883, 0.0765189677477, 0.113819621503, 0.100651346147, 0.032835714519, 0.0163357909769, 0.0267047695816, 0.00988956913352, 0.0165984351188, 0.0324406959116, 0.0174778159708, 0.0341117680073, 0.0267801973969, 0.0219365097582, 0.0284781027585, 0.00924339145422, 0.00933813862503, 0.0125651862472, 0.00988957285881, 0.00536188716069, 0.00761680817232, 0.00349644199014, 0.00194579677191, 0.00168025004677, 0.00136420677882, 0.00139963265974, 0.00100925471634], "mean": [7.01734461472e-05, 0.00289056450129, 0.00271088583395, 0.00193104683422, 0.00211916305125, 0.000887655827682, 0.000531822792254, 0.00058333115885, 0.000390456960304, 0.000617881829385, 0.00103903759737, 0.000524836766999, 0.00071265787119, 0.000606779824011, 0.000766371085774, 0.000465820368845, 0.000378183292923, 0.000357908837032, 0.000388015876524, 0.000367383850971, 0.000349767011357, 0.000135484180646, 0.00011485266441, 8.55984108057e-05, 5.40505243407e-05, 3.40334372595e-05, 1.47235059558e-05], "median": [1.30006246764e-05, 0.000694310350809, 0.00064891576767, 0.000498974462971, 0.00146509974729, 0.00048581007286, 0.000235793399042, 0.000305104855215, 0.000195381842786, 0.000252850237302, 0.000578225124627, 0.000205958829611, 0.000228700097068, 0.000274193065707, 0.000296826474369, 0.000235684856307, 0.000199848262127, 0.000178523841896, 0.000172290296177, 0.000208079305594, 0.000183858064702, 5.98130536673e-05, 4.10729298892e-05, 2.83461558865e-05, 1.55008765432e-05, 5.84031931794e-06, 8.55511245845e-07], "min": [1.18715495767e-10, 3.3719981668e-11, 1.87123558835e-12, 2.22596637303e-12, 1.19690646283e-11, 1.83939564968e-11, 7.94566062251e-12, 1.49155687801e-11, 5.65859616108e-11, 2.55573964769e-11, 7.75595976332e-11, 5.50406734079e-11, 5.78304244769e-12, 2.26840889822e-11, 1.30854511254e-11, 5.11579016996e-12, 6.72248801764e-12, 2.8120806031e-11, 4.77106687491e-11, 8.30705643162e-11, 9.52412523847e-11, 1.20717047469e-10, 8.61642701633e-11, 2.18674509056e-10, 1.61905169827e-10, 4.59072724279e-10, 5.40187838904e-10], "var": [3.20499857764e-08, 5.95033234276e-05, 6.41768347123e-05, 3.48454632331e-05, 5.83298105994e-06, 1.56475016411e-06, 1.14135036711e-06, 6.37887012545e-07, 4.00230305786e-07, 1.66570180227e-06, 1.71633917034e-06, 1.97634039978e-06, 2.68790859081e-06, 1.14916542771e-06, 2.21819163926e-06, 4.36117460367e-07, 2.89313305757e-07, 4.10247707805e-07, 4.41127127715e-07, 2.19299295168e-07, 2.20216875846e-07, 4.16192875718e-08, 4.00757933505e-08, 2.20597051737e-08, 1.13559632808e-08, 7.02801372654e-09, 2.43562170432e-09]}, "barkbands_crest": {"dmean": 2.26961970329, "dmean2": 3.67737698555, "dvar": 4.53064155579, "dvar2": 11.4318284988, "max": 21.9353790283, "mean": 7.23669338226, "median": 6.45723152161, "min": 2.09251642227, "var": 9.85591125488}, "barkbands_flatness_db": {"dmean": 0.0187620949, "dmean2": 0.0284816306084, "dvar": 0.000346686982084, "dvar2": 0.000884679728188, "max": 0.271431624889, "mean": 0.0914487242699, "median": 0.0850699022412, "min": 0.0109482798725, "var": 0.00133969460148}, "barkbands_kurtosis": {"dmean": 1.54755628109, "dmean2": 2.50307750702, "dvar": 8.09059619904, "dvar2": 20.6154193878, "max": 47.6719741821, "mean": 0.740449130535, "median": -0.308032512665, "min": -1.92789208889, "var": 10.2527952194}, "barkbands_skewness": {"dmean": 0.502480864525, "dmean2": 0.752066731453, "dvar": 0.304795324802, "dvar2": 0.718624532223, "max": 6.1698179245, "mean": 0.804004490376, "median": 0.669718325138, "min": -3.53244447708, "var": 0.817404568195}, "barkbands_spread": {"dmean": 6.30231046677, "dmean2": 9.77875137329, "dvar": 46.8107910156, "dvar2": 106.104202271, "max": 123.472450256, "mean": 29.9265823364, "median": 28.4822368622, "min": 2.97756242752, "var": 167.167205811}, "dissonance": {"dmean": 0.0130050340667, "dmean2": 0.0221618171781, "dvar": 0.000168657323229, "dvar2": 0.000473311229143, "max": 0.500000059605, "mean": 0.478722900152, "median": 0.482880324125, "min": 0.314014017582, "var": 0.000301660009427}, "dynamic_complexity": 4.25418043137, "erbbands": {"dmean": [0.0621614940464, 0.820640802383, 3.2909476757, 5.99182128906, 5.27087450027, 3.59507489204, 3.93426847458, 5.12794685364, 5.07995033264, 7.67524862289, 4.84208202362, 6.08255195618, 12.0614595413, 14.7854728699, 25.9810256958, 17.7578773499, 21.9635982513, 22.258026123, 19.7915267944, 20.2414741516, 14.438700676, 9.82331943512, 10.7209320068, 10.9677209854, 8.47422122955, 7.35541772842, 8.83199119568, 4.37836742401, 2.37928247452, 2.41711759567, 1.56351220608, 1.16974616051, 0.748979866505, 0.405408859253, 0.22544375062, 0.125972390175, 0.0458397306502, 0.0149348163977, 0.00258338800631, 0.000134247122332], "dmean2": [0.0978133156896, 1.36969482899, 5.90340518951, 10.0898742676, 8.8624792099, 5.6794424057, 6.19020700455, 8.21393680573, 8.24919033051, 11.8366355896, 7.51769447327, 9.80736446381, 19.054107666, 24.0368938446, 40.9804191589, 28.0550174713, 35.5767478943, 36.5931472778, 32.3985023499, 32.7949295044, 23.0914783478, 15.7164030075, 17.0526371002, 17.3588104248, 13.3956813812, 11.5428380966, 13.7269945145, 6.84177494049, 3.58430695534, 3.49222660065, 2.17860460281, 1.61837625504, 1.09162271023, 0.587802946568, 0.32154417038, 0.180931285024, 0.0646492093801, 0.0218205191195, 0.00384797831066, 0.000199685542611], "dvar": [0.0238866042346, 5.44382286072, 102.08026123, 365.445678711, 201.764923096, 28.4625244141, 36.8562812805, 87.2861328125, 157.754882812, 174.70892334, 67.0277404785, 185.751708984, 651.006652832, 1470.13586426, 1499.01635742, 3623.77319336, 3365.23803711, 1950.47595215, 1423.03173828, 1618.40539551, 660.65246582, 253.690032959, 608.903808594, 576.527282715, 321.148376465, 134.875610352, 253.238693237, 63.1825408936, 21.3335590363, 22.6374111176, 9.70385742188, 5.10214567184, 2.74331283569, 0.884186267853, 0.242877498269, 0.0991050451994, 0.0144753232598, 0.00190039596055, 6.26741166343e-05, 1.60204862709e-07], "dvar2": [0.0528228022158, 13.9733285904, 285.083099365, 965.669921875, 564.630126953, 72.969367981, 90.7456665039, 218.434585571, 390.4894104, 419.222198486, 161.89503479, 487.846130371, 1551.29699707, 3565.90209961, 3636.37817383, 9196.38183594, 8563.1953125, 5107.65625, 3761.00073242, 3991.29858398, 1612.13354492, 608.426086426, 1555.38330078, 1234.50537109, 773.722290039, 335.257354736, 628.784484863, 156.949630737, 49.613910675, 44.684009552, 18.1563510895, 9.54370689392, 5.94500684738, 1.91128480434, 0.500257611275, 0.212435126305, 0.0298647191375, 0.00403577042744, 0.000135033260449, 3.46202028823e-07], "max": [1.69830274582, 20.7831478119, 97.6343383789, 254.220504761, 207.238510132, 109.872673035, 124.384994507, 209.392425537, 388.017181396, 266.914794922, 211.500610352, 512.868347168, 830.657043457, 1167.31030273, 635.477783203, 1759.40197754, 1248.61865234, 1140.15649414, 754.100891113, 964.320800781, 654.301818848, 292.951568604, 800.323059082, 601.12487793, 441.469207764, 250.428268433, 429.662811279, 144.310256958, 166.216156006, 63.4661254883, 59.6187591553, 36.8877029419, 33.460018158, 15.9830722809, 9.10391044617, 7.11419248581, 2.67700266838, 1.04275131226, 0.174692481756, 0.00867851730436], "mean": [0.0677746236324, 0.720061302185, 2.58635663986, 5.84942865372, 6.41622447968, 6.51492023468, 6.99238967896, 7.9322013855, 7.73670721054, 12.6911382675, 8.70557594299, 9.43019485474, 17.5901451111, 22.6451148987, 42.2329902649, 27.0649299622, 34.4036178589, 34.580242157, 32.582775116, 34.0560379028, 25.4529972076, 18.9628791809, 20.4419765472, 20.8727207184, 17.6326217651, 16.798833847, 18.780172348, 9.33083248138, 4.98630571365, 4.54310274124, 2.8838133812, 2.15374588966, 1.23571014404, 0.642787158489, 0.362817704678, 0.170346736908, 0.0572005920112, 0.0161654502153, 0.00255543319508, 0.000143417317304], "median": [0.0190159492195, 0.157680690289, 0.550709009171, 1.55280745029, 3.11412024498, 4.39839553833, 4.70316886902, 4.18999910355, 3.65437555313, 6.64041662216, 4.86112546921, 4.96852111816, 7.31267929077, 10.3768625259, 23.0000896454, 11.5530786514, 11.7532215118, 16.8419017792, 14.8751726151, 16.6053524017, 13.0661916733, 10.3905611038, 10.4411115646, 9.97572994232, 7.84687852859, 9.96716213226, 10.0930738449, 4.4871544838, 2.33252906799, 1.834207654, 0.996374368668, 0.725000560284, 0.378538131714, 0.187557160854, 0.0935661420226, 0.0345202311873, 0.00908477697521, 0.00155239517335, 0.000157067886903, 2.60613251157e-05], "min": [2.72384581557e-09, 2.22891372026e-09, 1.81575765534e-09, 5.29095212087e-09, 6.82738843238e-09, 5.36784341421e-08, 1.00871176301e-07, 1.69932789618e-07, 1.35287933745e-07, 1.56705112886e-07, 4.96775101055e-07, 1.2768553006e-06, 1.02851470274e-06, 8.95626897091e-07, 4.76418335893e-06, 1.28776844122e-06, 2.38008098563e-07, 8.80020365912e-07, 8.91360286914e-07, 7.50171068375e-07, 2.36850425495e-07, 4.29362302157e-07, 1.53153962401e-06, 1.57907709308e-06, 4.44423858426e-06, 2.96907933262e-06, 2.23725783144e-06, 4.92543085784e-06, 5.05203479406e-06, 2.41713337346e-06, 3.16219075103e-06, 3.35756044478e-06, 3.99513874072e-06, 1.59963246915e-06, 1.35359232445e-06, 6.66003074912e-07, 1.4378152855e-06, 4.7716082463e-07, 6.6452528813e-08, 5.0873438795e-09], "var": [0.0252861399204, 4.26311779022, 65.1135559082, 284.141204834, 152.000259399, 56.4472923279, 65.8968811035, 134.21232605, 202.275848389, 319.021209717, 145.871170044, 251.665161133, 1338.36804199, 1938.12207031, 3010.88256836, 4825.73291016, 5898.81445312, 3239.41552734, 2560.609375, 2983.60571289, 1350.24804688, 649.758911133, 1388.04785156, 1315.0513916, 807.811340332, 402.123840332, 614.338439941, 167.501754761, 55.203212738, 55.5512542725, 24.8620624542, 13.2957811356, 5.6912021637, 1.68293774128, 0.483854800463, 0.158057525754, 0.0211885739118, 0.00236956775188, 7.29825187591e-05, 1.85585705026e-07]}, "erbbands_crest": {"dmean": 2.55303359032, "dmean2": 4.22250461578, "dvar": 6.23191404343, "dvar2": 15.9503059387, "max": 29.1817436218, "mean": 7.68086910248, "median": 6.71328783035, "min": 2.400349617, "var": 13.5849456787}, "erbbands_flatness_db": {"dmean": 0.0190152823925, "dmean2": 0.0266715083271, "dvar": 0.000361403566785, "dvar2": 0.000685964652803, "max": 0.333208650351, "mean": 0.144323021173, "median": 0.141990199685, "min": 0.0470451936126, "var": 0.00202748156153}, "erbbands_kurtosis": {"dmean": 0.740504562855, "dmean2": 1.19423246384, "dvar": 1.11512720585, "dvar2": 2.71873426437, "max": 21.2226333618, "mean": 0.116657473147, "median": -0.196177721024, "min": -1.76495802402, "var": 1.97408533096}, "erbbands_skewness": {"dmean": 0.307390421629, "dmean2": 0.476497858763, "dvar": 0.088757045567, "dvar2": 0.206432119012, "max": 3.95511674881, "mean": -0.100157171488, "median": -0.0807101726532, "min": -3.68945813179, "var": 0.312045156956}, "erbbands_spread": {"dmean": 8.35493564606, "dmean2": 12.9899282455, "dvar": 77.626625061, "dvar2": 177.475326538, "max": 136.882522583, "mean": 37.045135498, "median": 33.8997840881, "min": 3.2867410183, "var": 264.263153076}, "gfcc": {"cov": [[10901.8339844, -247.935043335, 105.829154968, 305.913543701, -143.530731201, 270.10925293, -99.329284668, 50.6851158142, 19.6005477905, 36.1889343262, -181.89175415, -26.9140129089, -206.556152344], [-247.935043335, 1422.50109863, -332.441436768, 37.962726593, 98.6302719116, -119.411994934, 12.2698249817, -187.686645508, 15.5334815979, -124.226463318, 30.3723125458, -119.492828369, 14.8745479584], [105.829154968, -332.441436768, 927.324890137, 117.268547058, 30.9150867462, 62.6539268494, -68.1306533813, 27.3574867249, 23.1758537292, -22.0025997162, -35.1360244751, 40.2051086426, -63.9608650208], [305.913543701, 37.962726593, 117.268547058, 298.370025635, -0.0880131199956, -15.0314474106, -26.7205219269, 19.3878536224, 4.56563854218, -9.3441324234, -15.4911775589, -8.37547397614, 1.69358122349], [-143.530731201, 98.6302719116, 30.9150867462, -0.0880131199956, 200.635101318, 17.9614448547, 49.9968414307, -13.2459516525, 11.7594594955, -15.5117740631, -13.5771198273, -6.88862848282, -5.13618469238], [270.10925293, -119.411994934, 62.6539268494, -15.0314474106, 17.9614448547, 185.343643188, 47.8598251343, -7.81535863876, 12.8519897461, 1.74179589748, -3.90066885948, -2.22714281082, -35.6501502991], [-99.329284668, 12.2698249817, -68.1306533813, -26.7205219269, 49.9968414307, 47.8598251343, 126.012641907, 14.4724140167, -0.615856826305, 9.75067329407, 10.8573350906, -5.05982732773, 0.457623749971], [50.6851158142, -187.686645508, 27.3574867249, 19.3878536224, -13.2459516525, -7.81535863876, 14.4724140167, 128.10395813, 25.340379715, 32.462978363, -7.23687696457, 29.7284126282, 19.6021518707], [19.6005477905, 15.5334815979, 23.1758537292, 4.56563854218, 11.7594594955, 12.8519897461, -0.615856826305, 25.340379715, 99.0198440552, 2.14421439171, -5.70450592041, 12.4745502472, -13.0237808228], [36.1889343262, -124.226463318, -22.0025997162, -9.3441324234, -15.5117740631, 1.74179589748, 9.75067329407, 32.462978363, 2.14421439171, 91.6499252319, 23.5730705261, 8.13470649719, 15.9023046494], [-181.89175415, 30.3723125458, -35.1360244751, -15.4911775589, -13.5771198273, -3.90066885948, 10.8573350906, -7.23687696457, -5.70450592041, 23.5730705261, 72.1346664429, 17.2110824585, 12.4684963226], [-26.9140129089, -119.492828369, 40.2051086426, -8.37547397614, -6.88862848282, -2.22714281082, -5.05982732773, 29.7284126282, 12.4745502472, 8.13470649719, 17.2110824585, 68.4364089966, 19.2227363586], [-206.556152344, 14.8745479584, -63.9608650208, 1.69358122349, -5.13618469238, -35.6501502991, 0.457623749971, 19.6021518707, -13.0237808228, 15.9023046494, 12.4684963226, 19.2227363586, 69.6432037354]], "icov": [[0.000114589674922, -5.3814605053e-05, 4.89764715894e-05, -0.00012275496556, 8.31668148749e-05, -0.0001951783197, 0.000122958284919, -8.59378778841e-05, 0.000128551037051, -0.000228455246543, 0.000359921774361, -0.000245797855314, 0.000408537714975], [-5.3814605053e-05, 0.00156665069517, 0.000297065009363, -0.000269582174951, -0.000577475817408, 0.000993391382508, -0.000331847113557, 0.00161038828082, -0.00140779500362, 0.00201021041721, -0.00170542823616, 0.00257649389096, -0.00132810487412], [4.89764715894e-05, 0.000297065009363, 0.00152925599832, -0.000627764675301, -0.000525540206581, -0.000395927665522, 0.000992322340608, -0.000101146899397, 6.50778893032e-05, 0.000313695403747, 0.00019518454792, -0.000886318739504, 0.00143231090624], [-0.00012275496556, -0.000269582174951, -0.000627764675301, 0.00392422406003, -3.51713242708e-05, 0.000189653452253, 0.000507133081555, -0.00103893352207, 1.50534942804e-05, 0.000314288510708, -2.48455544352e-05, 0.0010546419071, -0.000950496701989], [8.31668148749e-05, -0.000577475817408, -0.000525540206581, -3.51713242708e-05, 0.00631853286177, -7.06476785126e-05, -0.00294517888688, 0.000750019564293, -0.000496199645568, -0.000286691501969, 0.00218979641795, -0.00100258598104, -1.63714230439e-05], [-0.0001951783197, 0.000993391382508, -0.000395927665522, 0.000189653452253, -7.06476785126e-05, 0.00793652329594, -0.00361658842303, 0.00209014094435, -0.00154663412832, 0.000671787245665, -0.000752600608394, 0.000879942439497, 0.00178288016468], [0.000122958284919, -0.000331847113557, 0.000992322340608, 0.000507133081555, -0.00294517888688, -0.00361658842303, 0.0118651837111, -0.00324361398816, 0.00134773389436, -0.000477963680169, -0.00187624234241, 0.000952830945607, 0.000535143830348], [-8.59378778841e-05, 0.00161038828082, -0.000101146899397, -0.00103893352207, 0.000750019564293, 0.00209014094435, -0.00324361398816, 0.0133050912991, -0.0040109269321, -0.00191459665075, 0.00224896823056, -0.00179362075869, -0.00348528777249], [0.000128551037051, -0.00140779500362, 6.50778893032e-05, 1.50534942804e-05, -0.000496199645568, -0.00154663412832, 0.00134773389436, -0.0040109269321, 0.0129705183208, -0.00199194299057, 0.00213797087781, -0.0047254790552, 0.00483508780599], [-0.000228455246543, 0.00201021041721, 0.000313695403747, 0.000314288510708, -0.000286691501969, 0.000671787245665, -0.000477963680169, -0.00191459665075, -0.00199194299057, 0.0167486965656, -0.00754542089999, 0.00555257685483, -0.00434031244367], [0.000359921774361, -0.00170542823616, 0.00019518454792, -2.48455544352e-05, 0.00218979641795, -0.000752600608394, -0.00187624234241, 0.00224896823056, 0.00213797087781, -0.00754542089999, 0.0209805425256, -0.00910546537489, 0.00164694956038], [-0.000245797855314, 0.00257649389096, -0.000886318739504, 0.0010546419071, -0.00100258598104, 0.000879942439497, 0.000952830945607, -0.00179362075869, -0.0047254790552, 0.00555257685483, -0.00910546537489, 0.0253973286599, -0.00877536740154], [0.000408537714975, -0.00132810487412, 0.00143231090624, -0.000950496701989, -1.63714230439e-05, 0.00178288016468, 0.000535143830348, -0.00348528777249, 0.00483508780599, -0.00434031244367, 0.00164694956038, -0.00877536740154, 0.0231042839587]], "mean": [-10.9637889862, 76.7200469971, -127.520874023, 33.2807846069, -49.64610672, 10.8298931122, -31.879196167, 0.779136657715, -28.3272647858, 2.57295680046, -15.3264560699, -0.572146713734, -7.96087598801]}, "hfc": {"dmean": 6.47305679321, "dmean2": 8.85513305664, "dvar": 92.0577011108, "dvar2": 174.356781006, "max": 126.68901062, "mean": 18.978345871, "median": 12.6580734253, "min": 2.21097598114e-05, "var": 366.30355835}, "melbands": {"dmean": [0.00069384597009, 0.00152215838898, 0.000992169836536, 0.000282964087091, 0.000151799293235, 0.000113103116746, 7.84148069215e-05, 8.70433505042e-05, 4.06393883168e-05, 3.76446187147e-05, 6.03597145528e-05, 5.80031664867e-05, 7.92138598626e-05, 5.54403377464e-05, 4.40962903667e-05, 4.56275593024e-05, 4.65193625132e-05, 2.82870150841e-05, 4.14316054957e-05, 2.31617486861e-05, 1.8051276129e-05, 1.12049383461e-05, 1.18207199193e-05, 8.52837729326e-06, 9.98482482828e-06, 6.60224168314e-06, 5.86574378758e-06, 5.54376401851e-06, 6.23741425443e-06, 4.5991364459e-06, 2.27809641729e-06, 1.4067787788e-06, 1.39767973906e-06, 1.46764409692e-06, 9.63310526458e-07, 8.09745699826e-07, 7.05658464994e-07, 5.46023215975e-07, 4.79795630781e-07, 3.04357882897e-07], "dmean2": [0.00109982327558, 0.00264145992696, 0.00166176725179, 0.000465544697363, 0.000234375431319, 0.000180404415005, 0.000127519117086, 0.000132577988552, 6.44176689093e-05, 6.07807960478e-05, 9.55583018367e-05, 9.47327935137e-05, 0.000125321690575, 8.73184399097e-05, 7.08438965376e-05, 7.47726589907e-05, 7.68916652305e-05, 4.65605844511e-05, 6.80274024489e-05, 3.74930132239e-05, 2.91965934593e-05, 1.82916319318e-05, 1.94095282495e-05, 1.36923090395e-05, 1.59458868438e-05, 1.05601320683e-05, 9.50395769905e-06, 8.88459180715e-06, 9.75916464085e-06, 7.30298143026e-06, 3.6527831071e-06, 2.21068262363e-06, 2.12555619328e-06, 2.14903207052e-06, 1.38614268508e-06, 1.16146190976e-06, 1.00201384612e-06, 8.12439679976e-07, 7.23963296423e-07, 4.45391066251e-07], "dvar": [3.21119046021e-06, 2.03688086913e-05, 9.21710852708e-06, 3.66645082295e-07, 4.76243400271e-08, 4.13764773555e-08, 3.91746297623e-08, 1.96536333874e-08, 5.40587485887e-09, 6.71444455591e-09, 1.66877658359e-08, 2.49293403698e-08, 1.32850024315e-08, 2.10806074818e-08, 1.14654286065e-08, 1.89102706827e-08, 9.78682734853e-09, 2.67224242734e-09, 1.28679547018e-08, 1.48214318596e-09, 1.30738964099e-09, 3.60388413556e-10, 7.38109628973e-10, 2.85277690359e-10, 5.26468257878e-10, 2.58706861489e-10, 1.35386452049e-10, 8.31271995683e-11, 1.23486262882e-10, 8.10779360316e-11, 1.89513422316e-11, 7.51792291614e-12, 7.39632920882e-12, 9.30526922877e-12, 3.98058625992e-12, 2.62090392791e-12, 1.93527637492e-12, 1.44672067295e-12, 1.3416446773e-12, 5.03514764605e-13], "dvar2": [7.32907756174e-06, 5.56141712877e-05, 2.44550992647e-05, 1.02974900074e-06, 1.1411436418e-07, 1.03407266749e-07, 9.68303552895e-08, 4.56143318672e-08, 1.34500073301e-08, 1.75839733885e-08, 3.99191684153e-08, 5.91941891059e-08, 3.26307620924e-08, 5.33011927928e-08, 2.8461705881e-08, 4.83742574886e-08, 2.57733727693e-08, 7.03785207889e-09, 3.32711707074e-08, 3.77732600754e-09, 3.2573159725e-09, 8.93420948334e-10, 1.89633153624e-09, 7.18130499511e-10, 1.14077969293e-09, 5.92879190187e-10, 3.43116701718e-10, 2.17389412027e-10, 3.02486563575e-10, 2.1397394967e-10, 4.79385559027e-11, 1.82690390593e-11, 1.62193349029e-11, 1.89586488869e-11, 7.78687531122e-12, 5.22778825437e-12, 3.79127979011e-12, 3.18771680059e-12, 3.06405335132e-12, 1.09921598733e-12], "max": [0.0183360464871, 0.0401427820325, 0.0409374088049, 0.00849654246122, 0.00446409638971, 0.00403774203733, 0.00594330672175, 0.00239812885411, 0.00180350930896, 0.00309243588708, 0.00408916547894, 0.00503422878683, 0.00201144255698, 0.00379314040765, 0.00267163407989, 0.00312814651988, 0.00260743987747, 0.00117623235565, 0.00301187159494, 0.000755516870413, 0.00104256847408, 0.000422982848249, 0.000841770612169, 0.000522017246112, 0.000581644882914, 0.000507468823344, 0.00023224321194, 0.000162209704285, 0.000373102084268, 0.000331492250552, 6.57735727145e-05, 8.08166223578e-05, 8.11781937955e-05, 4.7609446483e-05, 4.20313554059e-05, 2.99639614241e-05, 2.05051292141e-05, 2.51717538049e-05, 2.39862856688e-05, 1.24422513181e-05], "mean": [0.000721847463865, 0.00126341765281, 0.00103474059142, 0.000439649622422, 0.00028372000088, 0.000176200584974, 0.000117028437671, 0.000144009361975, 6.98801741237e-05, 5.7535173255e-05, 8.55449034134e-05, 8.32720033941e-05, 0.000132132307044, 8.36985709611e-05, 6.7170112743e-05, 6.77864009049e-05, 6.67733984301e-05, 4.48513019364e-05, 6.17712867097e-05, 3.67823486158e-05, 2.90347561531e-05, 1.94735366676e-05, 2.08914352697e-05, 1.53875862452e-05, 1.74583201442e-05, 1.23457448353e-05, 1.17896124721e-05, 1.12552625069e-05, 1.27076846184e-05, 8.69150971994e-06, 4.31812759416e-06, 2.66261849902e-06, 2.64385539595e-06, 2.53550069829e-06, 1.69786039805e-06, 1.41618988891e-06, 1.25382848637e-06, 8.81671780917e-07, 6.97923837834e-07, 4.77518767639e-07], "median": [0.000191518658539, 0.000283782661427, 0.000342100072885, 0.000286839203909, 0.000189318190678, 9.38714438234e-05, 5.28685850441e-05, 7.45249126339e-05, 3.69596928067e-05, 3.00704523397e-05, 3.37270903401e-05, 3.31265437126e-05, 7.47027079342e-05, 3.83216101909e-05, 2.49598888331e-05, 2.14617684833e-05, 2.87928287435e-05, 2.11012848013e-05, 2.18492150452e-05, 1.90108148672e-05, 1.3092097106e-05, 1.03436605059e-05, 1.02666681414e-05, 7.88263241702e-06, 7.65430559113e-06, 5.20291359862e-06, 5.38902440894e-06, 6.44273586659e-06, 6.72815986036e-06, 4.16678676629e-06, 1.8513322857e-06, 1.1924851151e-06, 1.1044276107e-06, 9.4986643262e-07, 5.58639555948e-07, 4.75024648949e-07, 4.18254899159e-07, 2.73835041753e-07, 1.81094577556e-07, 1.35915314559e-07], "min": [2.334013538e-11, 1.28515264836e-12, 9.30618754801e-13, 1.78270028947e-12, 3.60882829696e-12, 3.77198272616e-12, 1.91297607095e-12, 1.84886047444e-12, 4.73214262914e-12, 8.39473369291e-12, 5.0615128408e-12, 2.91204452045e-12, 1.35458918388e-11, 9.05486016028e-12, 2.74179387961e-13, 7.36283972159e-13, 1.8352361731e-12, 1.7295946576e-12, 9.74687669984e-13, 6.26603857776e-13, 2.16252119293e-13, 4.04066130598e-13, 7.39603853422e-13, 1.68958813954e-12, 1.17915876716e-12, 1.80289561492e-12, 4.67635522319e-12, 1.38886395874e-12, 1.06962615848e-12, 2.08256892634e-12, 3.01252187258e-12, 2.68398801448e-12, 2.34491874702e-12, 9.7676641081e-13, 1.84135475964e-12, 1.92658345874e-12, 1.98154838892e-12, 3.13874295478e-12, 2.19846319968e-12, 9.86772404239e-13], "var": [3.18689035339e-06, 1.39537733048e-05, 7.20228581486e-06, 3.39323150911e-07, 1.06550402279e-07, 6.41690647285e-08, 4.98423808892e-08, 3.97652719641e-08, 1.05694475394e-08, 9.2293133136e-09, 3.32861986863e-08, 3.26125082495e-08, 2.72620663821e-08, 3.02567286781e-08, 1.89657729521e-08, 3.08668361981e-08, 1.53798040969e-08, 4.69068872633e-09, 2.02947294525e-08, 2.60069410452e-09, 2.31806818185e-09, 7.66362528992e-10, 1.50716261693e-09, 6.17770112843e-10, 1.1234674302e-09, 5.53707635298e-10, 3.27852772708e-10, 1.97441299421e-10, 2.80942435982e-10, 1.68450642324e-10, 4.29891712506e-11, 1.7025719376e-11, 1.81274561334e-11, 1.98322556294e-11, 9.37762888176e-12, 6.33301007122e-12, 4.60227559188e-12, 2.86984607085e-12, 2.31172416279e-12, 9.31693958095e-13]}, "melbands_crest": {"dmean": 3.01438307762, "dmean2": 4.84527111053, "dvar": 9.60306739807, "dvar2": 23.4953651428, "max": 30.7444534302, "mean": 10.1551208496, "median": 9.14920139313, "min": 2.71098518372, "var": 17.8562736511}, "melbands_flatness_db": {"dmean": 0.024646166712, "dmean2": 0.0367146581411, "dvar": 0.00068271625787, "dvar2": 0.0017170344945, "max": 0.365166753531, "mean": 0.147295579314, "median": 0.138819605112, "min": 0.0215950123966, "var": 0.00235294387676}, "melbands_kurtosis": {"dmean": 4.77855348587, "dmean2": 7.64649629593, "dvar": 81.5556716919, "dvar2": 212.309631348, "max": 134.687866211, "mean": 5.9568734169, "median": 2.59820747375, "min": -1.83916258812, "var": 96.7554473877}, "melbands_skewness": {"dmean": 0.713942289352, "dmean2": 1.07995319366, "dvar": 0.713946521282, "dvar2": 1.70354056358, "max": 10.2757253647, "mean": 1.88713288307, "median": 1.64697134495, "min": -2.41831064224, "var": 1.65933454037}, "melbands_spread": {"dmean": 9.76242446899, "dmean2": 14.7787256241, "dvar": 133.880310059, "dvar2": 306.51651001, "max": 208.07194519, "mean": 36.5832633972, "median": 34.9060516357, "min": 2.45802903175, "var": 358.638549805}, "mfcc": {"cov": [[9653.51855469, 46.0442657471, -77.4808654785, 121.699394226, -85.9435272217, 248.117080688, -65.2090682983, 135.940216064, -11.2603578568, 119.433563232, -24.2120876312, -48.3213386536, 8.72695922852], [46.0442657471, 1094.25756836, -220.915802002, 60.7260894775, 20.8879489899, 54.2456474304, -17.0802154541, -30.6779632568, -61.0381355286, -9.51903343201, -40.5359840393, -38.1449546814, -43.0872116089], [-77.4808654785, -220.915802002, 712.731079102, 70.9985198975, 138.87991333, 21.0570430756, -41.4802513123, 35.4637145996, -11.5286073685, -14.6379613876, 18.2211227417, 3.95226454735, 17.5689334869], [121.699394226, 60.7260894775, 70.9985198975, 285.119842529, 60.5527076721, -34.8703269958, -5.06902074814, -13.6403770447, 28.4195594788, -35.342666626, -14.1908721924, 38.0552787781, -18.3738193512], [-85.9435272217, 20.8879489899, 138.87991333, 60.5527076721, 161.577438354, 23.7485733032, -17.3998508453, 25.9955806732, 17.0681858063, -10.7266349792, 3.68593239784, -2.76635193825, 0.383872002363], [248.117080688, 54.2456474304, 21.0570430756, -34.8703269958, 23.7485733032, 174.887695312, 33.6788253784, 33.8826637268, -22.046081543, 35.9637069702, 14.9136304855, -35.5937080383, 6.60108613968], [-65.2090682983, -17.0802154541, -41.4802513123, -5.06902074814, -17.3998508453, 33.6788253784, 135.609191895, -5.07184934616, 1.59531497955, 10.7024116516, -3.59026384354, 12.3039512634, -5.61854553223], [135.940216064, -30.6779632568, 35.4637145996, -13.6403770447, 25.9955806732, 33.8826637268, -5.07184934616, 114.089584351, 23.1661453247, 11.3929100037, 12.1930513382, -13.4925727844, 19.1156787872], [-11.2603578568, -61.0381355286, -11.5286073685, 28.4195594788, 17.0681858063, -22.046081543, 1.59531497955, 23.1661453247, 97.5482788086, 12.3165969849, 3.31084680557, 14.5397987366, -0.326529979706], [119.433563232, -9.51903343201, -14.6379613876, -35.342666626, -10.7266349792, 35.9637069702, 10.7024116516, 11.3929100037, 12.3165969849, 73.7437591553, 20.679309845, -7.33445596695, 6.23143100739], [-24.2120876312, -40.5359840393, 18.2211227417, -14.1908721924, 3.68593239784, 14.9136304855, -3.59026384354, 12.1930513382, 3.31084680557, 20.679309845, 56.1774902344, 11.8238992691, 5.57275009155], [-48.3213386536, -38.1449546814, 3.95226454735, 38.0552787781, -2.76635193825, -35.5937080383, 12.3039512634, -13.4925727844, 14.5397987366, -7.33445596695, 11.8238992691, 72.6976013184, 14.9707298279], [8.72695922852, -43.0872116089, 17.5689334869, -18.3738193512, 0.383872002363, 6.60108613968, -5.61854553223, 19.1156787872, -0.326529979706, 6.23143100739, 5.57275009155, 14.9707298279, 59.8254165649]], "icov": [[0.000117380113807, 1.96055389097e-05, 1.77037018148e-05, -0.000124723548652, 0.000136570568429, -0.000202986135264, 0.000150874693645, -0.00014920112153, 5.65775662835e-05, -0.000199250498554, 0.000193386105821, -6.94470654707e-05, 5.72840945097e-05], [1.96055389097e-05, 0.00117423536722, 0.000502386828884, -0.000387029518606, -0.000447615428129, -0.00046259953524, 0.000406875216868, 1.91716771951e-05, 0.000875847414136, -0.00027053093072, 0.000746541190892, 4.51712803624e-05, 0.000614556949586], [1.77037018148e-05, 0.000502386828884, 0.00198005721904, -0.000413602858316, -0.00158416223712, -0.000182438045158, 0.000480079004774, -0.000272333825706, 0.000981191406026, -5.16265936312e-05, -0.000149121129652, -4.31779226346e-05, -0.000151438900502], [-0.000124723548652, -0.000387029518606, -0.000413602858316, 0.00495868409052, -0.00145352585241, 0.000258820422459, -5.52208839508e-05, 0.000437408772996, -0.00135964725632, 0.0016169276787, 0.000881066021975, -0.00274504255503, 0.00164867052808], [0.000136570568429, -0.000447615428129, -0.00158416223712, -0.00145352585241, 0.00908422842622, -0.00176350551192, 0.000891379953828, -0.00111180380918, -0.00199840310961, 0.0014366536634, -0.000453353277408, 0.000441591837443, 2.29402958212e-05], [-0.000202986135264, -0.00046259953524, -0.000182438045158, 0.000258820422459, -0.00176350551192, 0.00934326834977, -0.00310309696943, -0.00146089214832, 0.00222737761214, -0.00295358756557, -0.00232034386136, 0.00420766929165, -0.00153173063882], [0.000150874693645, 0.000406875216868, 0.000480079004774, -5.52208839508e-05, 0.000891379953828, -0.00310309696943, 0.00909060612321, -3.80426790798e-05, -5.7700995967e-05, -0.00101910403464, 0.00248005823232, -0.00364192784764, 0.00210183882155], [-0.00014920112153, 1.91716771951e-05, -0.000272333825706, 0.000437408772996, -0.00111180380918, -0.00146089214832, -3.80426790798e-05, 0.0117016863078, -0.00361926644109, 0.00107602810021, -0.00238293828443, 0.00316660199314, -0.00402660574764], [5.65775662835e-05, 0.000875847414136, 0.000981191406026, -0.00135964725632, -0.00199840310961, 0.00222737761214, -5.7700995967e-05, -0.00361926644109, 0.0138815687969, -0.00433855364099, 0.00140124023892, -0.002306452021, 0.00180921249557], [-0.000199250498554, -0.00027053093072, -5.16265936312e-05, 0.0016169276787, 0.0014366536634, -0.00295358756557, -0.00101910403464, 0.00107602810021, -0.00433855364099, 0.0191490799189, -0.00652542058378, 0.00207518273965, -0.00170656910632], [0.000193386105821, 0.000746541190892, -0.000149121129652, 0.000881066021975, -0.000453353277408, -0.00232034386136, 0.00248005823232, -0.00238293828443, 0.00140124023892, -0.00652542058378, 0.0236183125526, -0.00721629010513, 0.00237020011991], [-6.94470654707e-05, 4.51712803624e-05, -4.31779226346e-05, -0.00274504255503, 0.000441591837443, 0.00420766929165, -0.00364192784764, 0.00316660199314, -0.002306452021, 0.00207518273965, -0.00721629010513, 0.0218707956374, -0.00763816572726], [5.72840945097e-05, 0.000614556949586, -0.000151438900502, 0.00164867052808, 2.29402958212e-05, -0.00153173063882, 0.00210183882155, -0.00402660574764, 0.00180921249557, -0.00170656910632, 0.00237020011991, -0.00763816572726, 0.0212314613163]], "mean": [-649.980163574, 107.820518494, -15.4627552032, 25.4294204712, 1.33813905716, 10.7770853043, 4.53008031845, -1.0080602169, -2.02139520645, -0.12181918323, -8.31559467316, 0.788317382336, -1.4214977026]}, "pitch_salience": {"dmean": 0.0687829181552, "dmean2": 0.111613601446, "dvar": 0.00428165355697, "dvar2": 0.0112619167194, "max": 0.860544979572, "mean": 0.611154437065, "median": 0.620643794537, "min": 0.184930145741, "var": 0.00801442842931}, "silence_rate_20dB": {"dmean": 0, "dmean2": 0, "dvar": 0, "dvar2": 0, "max": 1, "mean": 1, "median": 1, "min": 1, "var": 0}, "silence_rate_30dB": {"dmean": 0.0223110932857, "dmean2": 0.0446268804371, "dvar": 0.0218137111515, "dvar2": 0.0580048151314, "max": 1, "mean": 0.985373020172, "median": 1, "min": 0, "var": 0.0144128212705}, "silence_rate_60dB": {"dmean": 0.0439907386899, "dmean2": 0.0879907384515, "dvar": 0.0420500636101, "dvar2": 0.097517259419, "max": 1, "mean": 0.110807113349, "median": 0, "min": 0, "var": 0.0985210090876}, "spectral_centroid": {"dmean": 294.577392578, "dmean2": 445.444946289, "dvar": 91136.3125, "dvar2": 207095.59375, "max": 5191.18017578, "mean": 1825.18823242, "median": 1794.59863281, "min": 318.654724121, "var": 391860.6875}, "spectral_complexity": {"dmean": 4.25089454651, "dmean2": 6.23797512054, "dvar": 22.3448314667, "dvar2": 41.5224533081, "max": 60, "mean": 21.673576355, "median": 20, "min": 0, "var": 150.172714233}, "spectral_contrast_coeffs": {"dmean": [0.0505653172731, 0.0443489998579, 0.0411231145263, 0.0334687121212, 0.022497240454, 0.019382616505], "dmean2": [0.0814746618271, 0.0734183415771, 0.0663328319788, 0.0537950433791, 0.0355311259627, 0.0297328475863], "dvar": [0.0021014069207, 0.00127565010916, 0.00108030997217, 0.000768271682318, 0.000366590160411, 0.000321357569192], "dvar2": [0.00532081210986, 0.00341848982498, 0.00274301529862, 0.00195919373073, 0.000839349988382, 0.000705327605829], "max": [-0.334536492825, -0.537223279476, -0.516519546509, -0.513653814793, -0.594767093658, -0.60777759552], "mean": [-0.658223211765, -0.766221821308, -0.768435895443, -0.774574458599, -0.787571012974, -0.74519109726], "median": [-0.656227350235, -0.767359852791, -0.771618902683, -0.779085040092, -0.792365133762, -0.744205713272], "min": [-0.934119582176, -0.965315520763, -0.95838958025, -0.945339977741, -0.926199376583, -0.908092021942], "var": [0.00602803798392, 0.00319789978676, 0.00344110350125, 0.00308066164143, 0.00208086846396, 0.00185337243602]}, "spectral_contrast_valleys": {"dmean": [0.419603466988, 0.373872488737, 0.359104186296, 0.329558283091, 0.250092566013, 0.358245909214], "dmean2": [0.650293886662, 0.601883888245, 0.550420165062, 0.494236052036, 0.355573385954, 0.44779753685], "dvar": [0.175336495042, 0.118559628725, 0.118883818388, 0.122555524111, 0.0825197249651, 0.179346576333], "dvar2": [0.352356791496, 0.275720357895, 0.24765701592, 0.255792617798, 0.151707485318, 0.347374022007], "max": [-5.18444919586, -4.71290111542, -5.33441829681, -5.58878278732, -5.6111831665, -8.02500629425], "mean": [-7.52038812637, -7.01568841934, -7.39677095413, -7.59577178955, -7.4399356842, -10.2561349869], "median": [-7.30927944183, -6.78135156631, -7.17543554306, -7.36085653305, -7.20468854904, -10.0604686737], "min": [-15.527885437, -14.4329690933, -14.3247280121, -15.5925731659, -14.7851724625, -15.7865810394], "var": [1.35981249809, 1.177770257, 1.15901947021, 1.190335989, 1.1146812439, 1.40291810036]}, "spectral_decrease": {"dmean": 2.59118304591e-09, "dmean2": 3.93921384401e-09, "dvar": 3.12489975705e-17, "dvar2": 7.38751166953e-17, "max": -8.80746446742e-17, "mean": -4.61208538027e-09, "median": -2.71241895611e-09, "min": -5.58268311579e-08, "var": 3.85015517452e-17}, "spectral_energy": {"dmean": 0.0102817341685, "dmean2": 0.0155009971932, "dvar": 0.000470916827908, "dvar2": 0.00110245624091, "max": 0.218466281891, "mean": 0.0191284622997, "median": 0.0113504277542, "min": 2.33783481463e-09, "var": 0.00061270815786}, "spectral_energyband_high": {"dmean": 0.000404875609092, "dmean2": 0.000567793787923, "dvar": 3.94995851138e-07, "dvar2": 7.98857115569e-07, "max": 0.0135188046843, "mean": 0.00100657902658, "median": 0.000596166180912, "min": 1.689070106e-09, "var": 1.37111169352e-06}, "spectral_energyband_low": {"dmean": 0.00694870762527, "dmean2": 0.0111824218184, "dvar": 0.00034540501656, "dvar2": 0.000869812211022, "max": 0.177152723074, "mean": 0.00686096353456, "median": 0.00175651779864, "min": 9.61380489106e-11, "var": 0.000299284205539}, "spectral_energyband_middle_high": {"dmean": 0.00211371062323, "dmean2": 0.00311899487861, "dvar": 9.34364379646e-06, "dvar2": 2.00303638849e-05, "max": 0.0554632358253, "mean": 0.00584924174473, "median": 0.00382948340848, "min": 3.44845374478e-10, "var": 4.01481520385e-05}, "spectral_energyband_middle_low": {"dmean": 0.00371582387015, "dmean2": 0.00591659592465, "dvar": 7.9815472418e-05, "dvar2": 0.000209472258575, "max": 0.135478779674, "mean": 0.00675136642531, "median": 0.00443639000878, "min": 1.20024476469e-10, "var": 8.23133959784e-05}, "spectral_entropy": {"dmean": 0.128829047084, "dmean2": 0.186452791095, "dvar": 0.0197143983096, "dvar2": 0.0403522290289, "max": 8.92775249481, "mean": 7.78011894226, "median": 7.82138633728, "min": 6.23751449585, "var": 0.111046113074}, "spectral_flux": {"dmean": 0.0249973423779, "dmean2": 0.0369566269219, "dvar": 0.00171631632838, "dvar2": 0.00320984004065, "max": 0.396164208651, "mean": 0.0764867216349, "median": 0.0592257939279, "min": 0.000121437165944, "var": 0.00357245327905}, "spectral_kurtosis": {"dmean": 1.18096232414, "dmean2": 1.98837268353, "dvar": 2.38438844681, "dvar2": 6.63433218002, "max": 34.3131637573, "mean": 3.8603117466, "median": 3.40024280548, "min": -1.02199101448, "var": 5.48265218735}, "spectral_rms": {"dmean": 0.000915401789825, "dmean2": 0.0012909907382, "dvar": 2.00657564164e-06, "dvar2": 4.24439667768e-06, "max": 0.0145992413163, "mean": 0.00373522518203, "median": 0.00332770007662, "min": 1.51023652961e-06, "var": 4.71007660963e-06}, "spectral_rolloff": {"dmean": 650.880432129, "dmean2": 1040.13549805, "dvar": 937437.1875, "dvar2": 2087078, "max": 16279.1015625, "mean": 2222.90991211, "median": 1937.98828125, "min": 107.666015625, "var": 2354999.25}, "spectral_skewness": {"dmean": 0.177040487528, "dmean2": 0.279266506433, "dvar": 0.0301783494651, "dvar2": 0.0761784464121, "max": 3.88435912132, "mean": 1.31735217571, "median": 1.27760744095, "min": 0.0720547884703, "var": 0.11286957562}, "spectral_spread": {"dmean": 539354.75, "dmean2": 741152.4375, "dvar": 462231928832, "dvar2": 819980992512, "max":