{"lowlevel": {"average_loudness": 0.867826581001, "barkbands": {"dmean": [2.62827757069e-06, 0.000226972522796, 0.000161891250173, 0.000574344419874, 0.00107255775947, 0.000695419788826, 0.000965719635133, 0.000909499765839, 0.000675075803883, 0.000341238104738, 0.000327570247464, 0.00035420677159, 0.000324236694723, 0.000258271466009, 0.000239216009504, 0.000179945360287, 0.000138603107189, 0.000167539634276, 0.000215584179386, 0.000259062857367, 8.33963640616e-05, 7.05419661244e-05, 8.24132876005e-05, 4.375412027e-05, 6.22512970949e-06, 3.44171098732e-07, 7.99394044293e-08], "dmean2": [4.23787423642e-06, 0.000348175788531, 0.000274239777355, 0.000958789198194, 0.00180652854033, 0.00106007116847, 0.00145425496157, 0.00141444744077, 0.00106579961721, 0.000529729528353, 0.000510148413014, 0.00052531453548, 0.000482402276248, 0.000393560505472, 0.000360296282452, 0.000260822358541, 0.000212799161091, 0.000249473639997, 0.000321637053275, 0.000369514193153, 0.000125850725453, 9.8524549685e-05, 0.000115060640383, 6.22776497039e-05, 8.60114869283e-06, 5.03193120949e-07, 1.24377862676e-07], "dvar": [5.3977069342e-11, 2.17851209072e-07, 3.08187821929e-07, 1.13832481929e-06, 3.09982419822e-06, 2.35231482293e-06, 4.07993502449e-06, 6.1070513766e-06, 2.78431321021e-06, 1.01009868558e-06, 1.39787914577e-06, 1.51765482315e-06, 1.11556153115e-06, 8.23666596261e-07, 7.13350630122e-07, 4.60956783854e-07, 9.92568374159e-08, 1.97803075253e-07, 1.90570489167e-07, 1.31253045765e-06, 5.64199531539e-08, 4.58970639272e-08, 2.10720756399e-07, 6.6419026723e-08, 9.08770336761e-10, 1.72284062017e-12, 5.61141411115e-13], "dvar2": [1.31319108365e-10, 6.11708003362e-07, 9.34565093758e-07, 3.31760156769e-06, 7.87368753663e-06, 4.98150075146e-06, 8.17736054159e-06, 1.3483906514e-05, 6.54813857182e-06, 2.26354723054e-06, 3.23511994793e-06, 2.93155426334e-06, 2.37490462496e-06, 1.78352001967e-06, 1.56488010816e-06, 1.00423062577e-06, 2.12288895796e-07, 3.73081974203e-07, 4.39528321294e-07, 2.112557695e-06, 1.33768168098e-07, 7.86717393453e-08, 3.7056616975e-07, 1.30670400722e-07, 1.67473424018e-09, 3.85651753587e-12, 1.58054613234e-12], "max": [0.000171166509972, 0.00730203837156, 0.0110450927168, 0.0179545562714, 0.0313961580396, 0.0383091159165, 0.0380279943347, 0.0487759411335, 0.0321498736739, 0.0294813681394, 0.0389658249915, 0.0501226447523, 0.0237073749304, 0.0222789719701, 0.0223235208541, 0.0263600572944, 0.0076971272938, 0.0149523997679, 0.0122775398195, 0.0639641359448, 0.00764112174511, 0.0106605375186, 0.0172223597765, 0.0108246123418, 0.00162378663663, 5.03607479914e-05, 3.79210760002e-05], "mean": [4.74853732157e-06, 0.000565608264878, 0.000239499175223, 0.000885190151166, 0.00164922547992, 0.00130692496896, 0.00159656396136, 0.00144075439312, 0.0010702816071, 0.000482681498397, 0.000509341538418, 0.000519695458934, 0.000452272972325, 0.000333455420332, 0.00036202382762, 0.000279939442407, 0.000242283495027, 0.000333527365001, 0.000376358686481, 0.000492070335895, 0.00014687658404, 0.000124765560031, 0.000140055577504, 6.85101258568e-05, 9.99228086584e-06, 6.52849507787e-07, 2.40292109766e-07], "median": [4.04067066029e-07, 0.00013257903629, 5.84424269618e-05, 0.000269654090516, 0.000786197604612, 0.000444463512395, 0.000499643618241, 0.000193981875782, 0.000160262919962, 6.19171551079e-05, 4.65286029794e-05, 7.89378318586e-05, 7.06577629899e-05, 4.18123818235e-05, 5.56592931389e-05, 5.97143152845e-05, 8.99066435522e-05, 0.000101445111795, 0.000149791289004, 7.58803944336e-05, 5.63965804758e-05, 4.74080297863e-05, 2.7204026992e-05, 8.1775306171e-06, 2.38103143602e-06, 3.33828296561e-07, 1.99155110181e-07], "min": [1.21899630681e-23, 7.63419509939e-24, 2.58764804703e-23, 2.94016624086e-24, 9.08760568403e-23, 2.0644652395e-23, 6.6453238759e-23, 5.01316151221e-23, 6.77109102339e-23, 4.07464580466e-23, 8.66520727243e-23, 4.61558445123e-23, 9.23103574273e-23, 1.47406157475e-22, 6.40910357991e-23, 2.13357895268e-22, 1.81171322728e-22, 3.87951519063e-22, 2.34988057392e-22, 4.64516490501e-22, 5.13923517949e-22, 6.78232768434e-22, 5.61974562921e-22, 1.0176972107e-21, 1.11461214292e-21, 1.644046711e-21, 2.33764815594e-21], "var": [1.2322241838e-10, 8.44478847739e-07, 4.42115720034e-07, 2.42371743298e-06, 6.64233493808e-06, 7.52722326069e-06, 9.75157672656e-06, 1.45653175423e-05, 6.04231991019e-06, 1.97845815819e-06, 3.14205885843e-06, 3.70520183424e-06, 2.00397653316e-06, 1.33854632622e-06, 1.28779913666e-06, 8.22493234409e-07, 2.4540747745e-07, 7.35893763704e-07, 3.7710617562e-07, 5.07966706209e-06, 1.22384435031e-07, 1.54356484927e-07, 7.10793528924e-07, 1.90668899336e-07, 2.50844789385e-09, 2.55582252411e-12, 3.83120483038e-13]}, "barkbands_crest": {"dmean": 2.45244646072, "dmean2": 4.03883600235, "dvar": 4.51615190506, "dvar2": 11.9088697433, "max": 25.6142616272, "mean": 9.09950733185, "median": 8.36740398407, "min": 2.46106910706, "var": 13.3082818985}, "barkbands_flatness_db": {"dmean": 0.0179359968752, "dmean2": 0.0270166601986, "dvar": 0.000275611004326, "dvar2": 0.000577152357437, "max": 0.317308992147, "mean": 0.134354174137, "median": 0.13128477335, "min": 0.0329543575644, "var": 0.00150983082131}, "barkbands_kurtosis": {"dmean": 1.78751790524, "dmean2": 2.79767775536, "dvar": 8.80861663818, "dvar2": 19.1994228363, "max": 87.9175949097, "mean": 2.43092393875, "median": 0.980048894882, "min": -1.9095634222, "var": 46.641544342}, "barkbands_skewness": {"dmean": 0.462966740131, "dmean2": 0.704744935036, "dvar": 0.221022695303, "dvar2": 0.448332428932, "max": 6.08680486679, "mean": 1.10078215599, "median": 1.18316531181, "min": -8.67357444763, "var": 1.49675416946}, "barkbands_spread": {"dmean": 5.69143533707, "dmean2": 8.63670444489, "dvar": 44.0356216431, "dvar2": 93.0083236694, "max": 137.142547607, "mean": 23.474615097, "median": 20.508234024, "min": 1.53600549698, "var": 199.623519897}, "dissonance": {"dmean": 0.017565369606, "dmean2": 0.0292622745037, "dvar": 0.00031946276431, "dvar2": 0.000858568469994, "max": 0.5, "mean": 0.465609520674, "median": 0.472607761621, "min": 0.285859942436, "var": 0.000762131763622}, "dynamic_complexity": 5.14737701416, "erbbands": {"dmean": [0.00509648118168, 0.057270038873, 0.159909829497, 0.964037418365, 2.74890828133, 4.61383676529, 3.14582300186, 6.73811149597, 11.2844657898, 20.5217437744, 16.5809135437, 12.8450222015, 15.3692121506, 10.0387458801, 11.0452022552, 13.7313928604, 14.4753217697, 13.0194892883, 10.2480421066, 11.9147872925, 8.77447223663, 8.13097763062, 8.6640663147, 8.05312347412, 12.7980222702, 12.4198131561, 4.48976516724, 2.98352694511, 2.57554531097, 2.5663869381, 2.29064488411, 1.37361931801, 0.462560892105, 0.119447082281, 0.0192086417228, 0.00275593088008, 0.000478045112686, 0.000102018202597, 1.57329868671e-05, 6.40981215838e-06], "dmean2": [0.00712111964822, 0.0908998697996, 0.270511269569, 1.58803915977, 4.60498809814, 7.88357448578, 5.009370327, 10.1668558121, 17.3266811371, 30.7463054657, 25.7017936707, 19.7406482697, 24.1046867371, 15.5861339569, 16.6402816772, 20.18608284, 21.2873191833, 19.1787719727, 15.1028594971, 17.1738147736, 12.4988174438, 12.2578840256, 12.8931560516, 11.682393074, 18.592048645, 17.8526611328, 6.82433366776, 4.48636960983, 3.66087675095, 3.63338661194, 3.16546869278, 1.95212471485, 0.635047078133, 0.16310608387, 0.0260838009417, 0.00386339565739, 0.000692174537107, 0.000150266569108, 2.37382591877e-05, 8.92666776053e-06], "dvar": [0.000122002944408, 0.0143058774993, 0.260005652905, 3.36050200462, 21.4877147675, 79.1841506958, 32.0636024475, 261.766357422, 691.078186035, 2765.68530273, 2041.26245117, 1051.90881348, 1907.27075195, 1063.40710449, 1451.6217041, 1883.53137207, 1875.63903809, 2091.81713867, 1123.89807129, 2298.66967773, 892.528320313, 384.832702637, 585.270507813, 229.938644409, 1043.47387695, 3582.49975586, 226.946594238, 67.4392547607, 46.6667709351, 193.145462036, 167.013656616, 64.2129592896, 7.10115432739, 0.35907047987, 0.0062468717806, 8.03672446636e-05, 4.69965698358e-06, 4.10407636764e-07, 1.37423974422e-08, 1.56411814056e-10], "dvar2": [0.000242553665885, 0.0425159595907, 0.791472971439, 9.51901054382, 56.6679992676, 205.176879883, 70.4600906372, 539.120605469, 1548.60534668, 5747.47460938, 4603.50390625, 2422.97802734, 4331.00683594, 2362.64599609, 3124.26708984, 3928.03393555, 4101.85107422, 4493.92089844, 2515.96533203, 4704.0546875, 1811.70837402, 804.036560059, 1144.80749512, 470.020721436, 2022.39074707, 5746.06689453, 480.356292725, 162.336700439, 91.190536499, 351.701812744, 294.660888672, 126.925292969, 11.9951667786, 0.603568255901, 0.0104236789048, 0.000157471571583, 1.05778326542e-05, 1.02540832358e-06, 3.79251936522e-08, 3.55625862092e-10], "max": [0.24847060442, 1.76611912251, 11.4455938339, 38.9106941223, 103.813598633, 190.50604248, 117.95728302, 479.27355957, 554.993530273, 1088.08447266, 904.125, 763.158447266, 1285.53552246, 792.338439941, 1218.35180664, 1396.90856934, 919.120056152, 1269.33703613, 682.209411621, 1528.53161621, 1080.13427734, 587.203979492, 757.917236328, 413.937805176, 1042.35217285, 3411.48364258, 518.856018066, 319.199127197, 289.513092041, 734.844726563, 493.002288818, 304.722503662, 137.707901001, 30.1121730804, 3.47972416878, 0.267479091883, 0.0955474451184, 0.0274197198451, 0.0058435392566, 0.000473140797112], "mean": [0.0128325363621, 0.137411609292, 0.300832986832, 1.61062753201, 4.41518115997, 6.22946643829, 5.36844015121, 12.7160310745, 18.7717647552, 31.7939586639, 29.5293006897, 21.5892410278, 23.3724250793, 15.7351150513, 18.5342159271, 20.5634384155, 21.2917041779, 19.3693981171, 15.434926033, 19.7135868073, 15.2088956833, 15.2053489685, 17.6787891388, 15.9886884689, 23.1648025513, 24.1512622833, 8.59627532959, 5.18770599365, 4.45111465454, 4.33239746094, 3.85290598869, 2.18031930923, 0.75554472208, 0.198138281703, 0.0329599380493, 0.00494364229962, 0.000991227454506, 0.00023432476155, 4.73195614177e-05, 2.03392100957e-05], "median": [0.00204624910839, 0.033523671329, 0.0975472703576, 0.564547359943, 1.80876290798, 2.45332288742, 2.38393807411, 4.2795996666, 5.71207904816, 8.99443531036, 4.29392194748, 3.95331573486, 2.96669721603, 2.21229481697, 2.02198910713, 3.67454600334, 3.93495702744, 2.57877206802, 2.58135604858, 3.45692324638, 3.63329720497, 5.63497066498, 5.77368783951, 6.71419334412, 7.23704481125, 3.89807939529, 2.26775979996, 2.2501578331, 1.73591315746, 1.12620449066, 0.707756459713, 0.28089979291, 0.106271803379, 0.0407864451408, 0.00861523952335, 0.0020104679279, 0.00055173918372, 0.000155417801579, 3.66417953046e-05, 1.38302257255e-05], "min": [2.54205314889e-22, 2.27640124769e-21, 2.67212053494e-20, 1.91347813693e-20, 1.21695625975e-19, 3.76408744537e-19, 1.91463295861e-19, 2.98129696341e-19, 8.61691208094e-19, 9.27900812274e-19, 1.42572643584e-18, 1.43913100107e-18, 8.72791144734e-19, 2.35000295627e-18, 2.92514018861e-18, 2.44706515652e-18, 3.76051071641e-18, 8.17275042e-18, 3.2136467242e-18, 4.86342660948e-18, 1.31383363167e-17, 1.46185412812e-17, 2.18117535188e-17, 9.92646679002e-18, 1.61978457919e-17, 2.23798793615e-17, 2.68174105259e-17, 1.87865174451e-17, 2.22344179964e-17, 1.62632956307e-17, 1.87489617909e-17, 1.78967937064e-17, 1.83868287362e-17, 1.14764634644e-17, 8.39228001866e-18, 4.86942408251e-18, 3.11919407198e-18, 1.44357678667e-18, 3.35922389456e-19, 3.21092966853e-20], "var": [0.000736281566788, 0.0459469184279, 0.375977009535, 7.61006116867, 60.8546257019, 137.056716919, 78.1640548706, 844.509765625, 1575.62060547, 5099.14990234, 5560.78857422, 2350.82495117, 3691.82128906, 1922.44360352, 3702.17797852, 3783.92504883, 3317.6184082, 4663.92236328, 1861.27807617, 4381.29589844, 1993.21704102, 1039.13000488, 1938.6427002, 751.488342285, 2713.43896484, 13394.0263672, 787.647521973, 125.040367126, 140.058731079, 640.441345215, 529.918701172, 182.152008057, 24.0023651123, 1.16008198261, 0.0191015880555, 0.000186977820704, 6.56932479615e-06, 4.20380672495e-07, 1.07219557677e-08, 4.47506365298e-10]}, "erbbands_crest": {"dmean": 2.45436429977, "dmean2": 3.99784135818, "dvar": 5.14787578583, "dvar2": 12.8242492676, "max": 25.757768631, "mean": 8.46533584595, "median": 7.73018074036, "min": 2.36596727371, "var": 13.1318492889}, "erbbands_flatness_db": {"dmean": 0.0156810525805, "dmean2": 0.0233180485666, "dvar": 0.000257027277257, "dvar2": 0.000475737557281, "max": 0.348134249449, "mean": 0.179654270411, "median": 0.178730636835, "min": 0.0350583046675, "var": 0.00163950608112}, "erbbands_kurtosis": {"dmean": 0.855739593506, "dmean2": 1.35165584087, "dvar": 1.78281438351, "dvar2": 3.73713636398, "max": 39.080657959, "mean": 0.0999508276582, "median": -0.576778948307, "min": -1.73759007454, "var": 5.25452136993}, "erbbands_skewness": {"dmean": 0.383639901876, "dmean2": 0.583332479, "dvar": 0.134571611881, "dvar2": 0.279154241085, "max": 3.40178322792, "mean": 0.154986470938, "median": 0.201412901282, "min": -4.13002729416, "var": 0.775230646133}, "erbbands_spread": {"dmean": 8.15241241455, "dmean2": 12.8730506897, "dvar": 72.1282501221, "dvar2": 172.782684326, "max": 104.968338013, "mean": 39.20728302, "median": 37.8899421692, "min": 2.98964476585, "var": 228.032974243}, "gfcc": {"cov": [[17218.8144531, 1996.34436035, -2160.17041016, 885.016845703, -1250.35119629, 122.840187073, -328.064453125, 11.1311330795, -71.322593689, -201.908233643, 127.224571228, -238.79069519, 20.9319458008], [1996.34436035, 1172.37927246, -153.08404541, -110.592643738, 124.875587463, -52.0889816284, 103.371376038, 31.2745609283, 71.8945388794, -27.7830886841, 3.74028635025, 30.670633316, -72.5331344604], [-2160.17041016, -153.08404541, 714.781555176, 168.44670105, 236.775115967, 100.477005005, 33.5536003113, 33.7996902466, 58.2904052734, 38.4831390381, -22.4571018219, 60.0096321106, 26.4849262238], [885.016845703, -110.592643738, 168.44670105, 610.449890137, 104.260055542, 99.9099655151, -87.6655044556, 5.49080133438, 77.8336868286, 63.25050354, 8.9147605896, -30.3346595764, 87.1557693481], [-1250.35119629, 124.875587463, 236.775115967, 104.260055542, 464.706329346, 37.45079422, -14.6184244156, 0.442197114229, 107.980857849, 112.467330933, -21.0600414276, -10.0895576477, 9.8956451416], [122.840187073, -52.0889816284, 100.477005005, 99.9099655151, 37.45079422, 213.23109436, 96.7586288452, 42.0616035461, 23.3943271637, 45.2425193787, 35.8486709595, -14.368432045, -1.22543013096], [-328.064453125, 103.371376038, 33.5536003113, -87.6655044556, -14.6184244156, 96.7586288452, 355.430297852, 142.54536438, -4.982234478, -19.9625339508, 48.2870635986, 44.0865974426, -33.5696563721], [11.1311330795, 31.2745609283, 33.7996902466, 5.49080133438, 0.442197114229, 42.0616035461, 142.54536438, 170.389404297, 48.2553253174, -15.4494857788, 19.2683830261, 13.8622665405, 1.21559762955], [-71.322593689, 71.8945388794, 58.2904052734, 77.8336868286, 107.980857849, 23.3943271637, -4.982234478, 48.2553253174, 139.449966431, 62.8538742065, 7.78493738174, -8.61236763, 12.6334619522], [-201.908233643, -27.7830886841, 38.4831390381, 63.25050354, 112.467330933, 45.2425193787, -19.9625339508, -15.4494857788, 62.8538742065, 144.580184937, 25.4257392883, -21.9984397888, 12.1140880585], [127.224571228, 3.74028635025, -22.4571018219, 8.9147605896, -21.0600414276, 35.8486709595, 48.2870635986, 19.2683830261, 7.78493738174, 25.4257392883, 84.3796920776, 28.0127429962, 1.81328141689], [-238.79069519, 30.670633316, 60.0096321106, -30.3346595764, -10.0895576477, -14.368432045, 44.0865974426, 13.8622665405, -8.61236763, -21.9984397888, 28.0127429962, 85.7556915283, 16.2382946014], [20.9319458008, -72.5331344604, 26.4849262238, 87.1557693481, 9.8956451416, -1.22543013096, -33.5696563721, 1.21559762955, 12.6334619522, 12.1140880585, 1.81328141689, 16.2382946014, 89.5074386597]], "icov": [[0.000966836349107, -0.0021424156148, 0.00239776750095, -0.00230391207151, 0.00259353127331, -0.00228224694729, 0.00201403303072, -0.0015694902977, 0.00103558576666, -0.000392410671338, 0.000364306702977, 4.37713015344e-06, -7.08712177584e-05], [-0.0021424156148, 0.00590949179605, -0.00480804080144, 0.00505574373528, -0.00629308447242, 0.00522990245372, -0.00489603448659, 0.00386192346923, -0.00327080744319, 0.0015184978256, -0.000618155696429, -0.000840969500132, 0.00108947057743], [0.00239776750095, -0.00480804080144, 0.00843585282564, -0.00619755964726, 0.00527142127976, -0.00679570809007, 0.00505475047976, -0.00409457180649, 0.0022585731931, -0.00084765808424, 0.00283785769716, -0.00320000364445, 0.000676161958836], [-0.00230391207151, 0.00505574373528, -0.00619755964726, 0.00799921154976, -0.00625938223675, 0.00440581282601, -0.00406293803826, 0.00362466019578, -0.00315737491474, 0.00128222524654, -0.00169998931233, 0.00141030165832, -0.00208945595659], [0.00259353127331, -0.00629308447242, 0.00527142127976, -0.00625938223675, 0.0107978368178, -0.00587644893676, 0.0051854760386, -0.00379300350323, 0.00146647368092, -0.0034680091776, 0.00232001300901, 0.000359054334695, -0.000298703671433], [-0.00228224694729, 0.00522990245372, -0.00679570809007, 0.00440581282601, -0.00587644893676, 0.0131397200748, -0.00726626208052, 0.00399782927707, -0.00226291967556, -0.000254527840298, -0.0037742301356, 0.00356653728522, 0.000325933215208], [0.00201403303072, -0.00489603448659, 0.00505475047976, -0.00406293803826, 0.0051854760386, -0.00726626208052, 0.0106217563152, -0.00842153467238, 0.00453429343179, -0.0013502050424, -4.09093408962e-05, -0.00247193803079, 0.00143928045873], [-0.0015694902977, 0.00386192346923, -0.00409457180649, 0.00362466019578, -0.00379300350323, 0.00399782927707, -0.00842153467238, 0.014653397724, -0.00777512649074, 0.0041692443192, -0.00149889523163, 0.00163064524531, -0.0014370190911], [0.00103558576666, -0.00327080744319, 0.0022585731931, -0.00315737491474, 0.00146647368092, -0.00226291967556, 0.00453429343179, -0.00777512649074, 0.0147846834734, -0.0054798591882, 0.000282862252789, 0.000108141895907, -0.000243994174525], [-0.000392410671338, 0.0015184978256, -0.00084765808424, 0.00128222524654, -0.0034680091776, -0.000254527840298, -0.0013502050424, 0.0041692443192, -0.0054798591882, 0.0134712103754, -0.0056263753213, 0.00401194673032, -0.0015221349895], [0.000364306702977, -0.000618155696429, 0.00283785769716, -0.00169998931233, 0.00232001300901, -0.0037742301356, -4.09093408962e-05, -0.00149889523163, 0.000282862252789, -0.0056263753213, 0.0196453165263, -0.00965910311788, 0.00200225156732], [4.37713015344e-06, -0.000840969500132, -0.00320000364445, 0.00141030165832, 0.000359054334695, 0.00356653728522, -0.00247193803079, 0.00163064524531, 0.000108141895907, 0.00401194673032, -0.00965910311788, 0.0217585340142, -0.00635896623135], [-7.08712177584e-05, 0.00108947057743, 0.000676161958836, -0.00208945595659, -0.000298703671433, 0.000325933215208, 0.00143928045873, -0.0014370190911, -0.000243994174525, -0.0015221349895, 0.00200225156732, -0.00635896623135, 0.0158564969897]], "mean": [-70.0149230957, 91.3042602539, -141.326934814, 37.2448959351, -73.3458404541, -8.86255550385, -36.8207092285, -4.53611278534, -18.0862770081, -7.26967191696, -8.24459075928, -6.3026714325, -14.0608787537]}, "hfc": {"dmean": 5.59790277481, "dmean2": 7.32326745987, "dvar": 118.20867157, "dvar2": 193.364776611, "max": 359.673065186, "mean": 15.1663036346, "median": 7.63846445084, "min": 1.16997114054e-16, "var": 539.482727051}, "melbands": {"dmean": [5.6583838159e-05, 7.82825518399e-05, 0.000228153556236, 0.00024979270529, 0.000133962981636, 0.000152662934852, 0.000170395462192, 0.000223695285968, 0.000129299383843, 8.59813517309e-05, 7.74626823841e-05, 4.02051155106e-05, 4.49483013654e-05, 2.96634352708e-05, 4.42488344561e-05, 3.2503859984e-05, 2.38308493863e-05, 1.77047986654e-05, 1.8167660528e-05, 1.33474286486e-05, 1.04054097392e-05, 8.98002690519e-06, 9.02509964362e-06, 8.02857175586e-06, 6.71868201607e-06, 9.09590653464e-06, 1.07048035716e-05, 8.34261936689e-06, 3.19019363815e-06, 2.10218922803e-06, 1.70779401287e-06, 1.53966175276e-06, 1.37432016345e-06, 1.55657187406e-06, 1.40951760841e-06, 1.20745085042e-06, 7.46562250242e-07, 3.66663414297e-07, 1.88583143768e-07, 7.57486375846e-08], "dmean2": [8.37170009618e-05, 0.000130743181217, 0.000380141136702, 0.000422922836151, 0.000218775690882, 0.000231935002375, 0.000259467371507, 0.000336312368745, 0.000200496637262, 0.000134424510179, 0.000121860888612, 6.26591281616e-05, 6.90636297804e-05, 4.29265928688e-05, 6.64291001158e-05, 4.96677494084e-05, 3.58846846211e-05, 2.68354087893e-05, 2.71773369604e-05, 1.9080549464e-05, 1.54836980073e-05, 1.39510730151e-05, 1.36127182486e-05, 1.22113378893e-05, 1.0016980923e-05, 1.35575874083e-05, 1.52764732775e-05, 1.21417497212e-05, 4.89213380206e-06, 3.21069524034e-06, 2.58671366282e-06, 2.29640363614e-06, 1.94842937162e-06, 2.28908697864e-06, 2.01266129807e-06, 1.74441504441e-06, 1.09118047931e-06, 5.11749078669e-07, 2.69395798114e-07, 1.08029567514e-07], "dvar": [1.36324729283e-08, 4.32704005959e-08, 1.56187311973e-07, 1.68731546069e-07, 5.13497653287e-08, 1.23037423805e-07, 1.33159787197e-07, 3.27729594574e-07, 1.2055052423e-07, 4.61369644711e-08, 4.80347885912e-08, 1.66483236086e-08, 2.67553783573e-08, 2.30917933663e-08, 1.14083134051e-08, 1.39426861168e-08, 7.3366881459e-09, 3.92413612715e-09, 4.61703208998e-09, 2.77510880942e-09, 1.25446453225e-09, 4.53307752446e-10, 7.63017871108e-10, 5.03101227345e-10, 1.66358329889e-10, 3.33952004938e-10, 1.77832770731e-09, 1.91034121855e-09, 1.47658704708e-10, 4.72356390113e-11, 2.06274216458e-11, 1.51256680792e-11, 2.90008850268e-11, 8.66471894234e-11, 6.4547298062e-11, 4.85989720689e-11, 2.03859255865e-11, 4.82196661072e-12, 1.07469924886e-12, 1.36473257283e-13], "dvar2": [3.49415039125e-08, 1.30276404775e-07, 4.53257598565e-07, 4.34635239799e-07, 1.21026914712e-07, 2.6082881277e-07, 2.9396659329e-07, 6.88792795245e-07, 2.70894872756e-07, 1.07199781496e-07, 1.09152537675e-07, 3.70360382362e-08, 6.10742674212e-08, 4.32009592544e-08, 2.36217321259e-08, 3.1531008915e-08, 1.6042708495e-08, 8.78993322573e-09, 1.01537747099e-08, 5.80762371527e-09, 2.64882471512e-09, 1.00022679028e-09, 1.52874224391e-09, 9.87400494701e-10, 3.64942714937e-10, 7.40882466488e-10, 3.13186920842e-09, 3.24127658047e-09, 3.23860577245e-10, 1.18385246051e-10, 5.0456444578e-11, 3.36623888486e-11, 5.03039138122e-11, 1.74356640237e-10, 1.21796295272e-10, 9.12193307001e-11, 4.21395522643e-11, 8.39400944586e-12, 1.96613710556e-12, 2.6157770611e-13], "max": [0.00221355492249, 0.00477807689458, 0.00694505125284, 0.00837295036763, 0.00524115981534, 0.00941284839064, 0.00812575407326, 0.0117286955938, 0.00800647214055, 0.00420284783468, 0.00634501175955, 0.00308956368826, 0.00583055987954, 0.00748312938958, 0.00205833977088, 0.00263117649592, 0.00240306113847, 0.00159089744557, 0.00191002327483, 0.00187047757208, 0.00104684603866, 0.000621867075097, 0.000847576011438, 0.00089038873557, 0.000275922531728, 0.000408536783652, 0.00199992558919, 0.00251814327203, 0.000472719257232, 0.000287606788334, 0.000175368390046, 0.000130307671498, 0.000289518386126, 0.000464810087578, 0.000277299288427, 0.000292508251732, 0.000171970023075, 0.000125916296383, 4.94578162034e-05, 1.83788815775e-05], "mean": [0.000139288327773, 0.000166674668435, 0.000376590614906, 0.000382595637348, 0.000214930842048, 0.000293405231787, 0.000290523312287, 0.000347885506926, 0.000226232979912, 0.000138113900903, 0.000115438473586, 6.01122155786e-05, 7.18548326404e-05, 4.68803118565e-05, 6.15806711721e-05, 4.51309460914e-05, 3.28130081471e-05, 2.34472518059e-05, 2.7451380447e-05, 2.18201075768e-05, 1.67007510754e-05, 1.52796765178e-05, 1.59627397807e-05, 1.57190697792e-05, 1.20691456686e-05, 1.55322250066e-05, 1.8893604647e-05, 1.52237980728e-05, 5.67655570194e-06, 3.48235948877e-06, 2.79537198367e-06, 2.55821419159e-06, 2.28208773478e-06, 2.46508216151e-06, 2.25638200391e-06, 1.90868695427e-06, 1.13388898626e-06, 5.79167362957e-07, 2.93182864652e-07, 1.18496927826e-07], "median": [2.91762116831e-05, 4.60145165562e-05, 0.00014203817409, 0.000187225596164, 9.40207974054e-05, 9.929924272e-05, 9.14564589038e-05, 8.42676017783e-05, 2.72863890132e-05, 2.15722793655e-05, 1.40863685374e-05, 8.63901004777e-06, 6.93737001711e-06, 6.04085835221e-06, 1.15134353109e-05, 5.96420068177e-06, 3.77105766347e-06, 3.50864343091e-06, 4.17282126364e-06, 4.32957722296e-06, 3.84943314202e-06, 5.45388911632e-06, 4.72094325232e-06, 4.77733192383e-06, 4.9493246479e-06, 5.6668200159e-06, 3.65261689694e-06, 1.94021390598e-06, 1.24040195715e-06, 1.3376361494e-06, 1.21978064271e-06, 1.02096578303e-06, 7.05019658653e-07, 5.41194253856e-07, 4.07404485259e-07, 2.74109254406e-07, 1.15545113033e-07, 7.23952950921e-08, 5.26618144647e-08, 2.61135575386e-08], "min": [2.94161123683e-24, 9.96754626056e-24, 4.56091449723e-24, 2.0253808104e-23, 9.14422396669e-24, 6.13045976439e-24, 1.27564882603e-23, 9.57185047506e-24, 1.41326024669e-23, 7.85765020598e-24, 4.37707795744e-24, 9.15314756125e-24, 1.03156484899e-23, 4.9055390333e-24, 7.88111408475e-24, 1.09724722234e-23, 1.57900986253e-23, 4.87974998701e-24, 5.83149370865e-24, 6.56821524677e-24, 1.83779236927e-23, 1.41628679044e-23, 2.03637106276e-23, 1.46940410841e-23, 6.69588765112e-24, 1.15544054469e-23, 1.44304936997e-23, 1.3973355116e-23, 1.74258758652e-23, 1.00985610686e-23, 1.29106056488e-23, 1.34020999138e-23, 1.13265406078e-23, 8.20597489413e-24, 1.1588642799e-23, 1.09127451977e-23, 1.02858587356e-23, 1.53452236732e-23, 1.03414852623e-23, 8.59234003284e-24], "var": [6.23344789119e-08, 7.64212799709e-08, 3.67819467328e-07, 3.55854183454e-07, 1.20162980011e-07, 4.02762623253e-07, 3.16360853958e-07, 6.21999618033e-07, 3.33070858005e-07, 9.91374520254e-08, 9.33726056473e-08, 2.86159380636e-08, 6.06130754477e-08, 6.28458849405e-08, 2.02682475248e-08, 2.41633077991e-08, 1.44407295011e-08, 5.50349987805e-09, 8.0560367266e-09, 5.12730258251e-09, 2.55667420568e-09, 1.04998254535e-09, 1.99027483383e-09, 1.81935611021e-09, 4.36780833724e-10, 7.01631086564e-10, 5.09385644776e-09, 6.7145107252e-09, 4.61037819033e-10, 7.92801657656e-11, 3.71774000474e-11, 3.54119615575e-11, 9.68251520628e-11, 2.58962823407e-10, 1.82759529732e-10, 1.45325085299e-10, 5.32113068885e-11, 1.58035910747e-11, 3.09185077714e-12, 3.73079225933e-13]}, "melbands_crest": {"dmean": 3.16055464745, "dmean2": 5.22350978851, "dvar": 7.53707933426, "dvar2": 20.5636444092, "max": 30.2450847626, "mean": 11.8554372787, "median": 11.0689783096, "min": 1.5919983387, "var": 19.2418174744}, "melbands_flatness_db": {"dmean": 0.0227336157113, "dmean2": 0.0333340354264, "dvar": 0.000449795275927, "dvar2": 0.000908870715648, "max": 0.422164559364, "mean": 0.17150850594, "median": 0.171339944005, "min": 0.00363990315236, "var": 0.00266606220976}, "melbands_kurtosis": {"dmean": 3.77000355721, "dmean2": 6.01518726349, "dvar": 25.8264312744, "dvar2": 62.1133995056, "max": 101.56073761, "mean": 7.45872497559, "median": 5.47547721863, "min": -1.89477753639, "var": 65.1087036133}, "melbands_skewness": {"dmean": 0.573337256908, "dmean2": 0.890261948109, "dvar": 0.312266737223, "dvar2": 0.730465650558, "max": 8.24766731262, "mean": 2.12516570091, "median": 2.03467154503, "min": -3.21924996376, "var": 1.28756523132}, "melbands_spread": {"dmean": 9.30390644073, "dmean2": 14.2855520248, "dvar": 233.425506592, "dvar2": 484.930328369, "max": 217.095123291, "mean": 30.4603919983, "median": 22.9883098602, "min": 1.65989768505, "var": 726.683776855}, "mfcc": {"cov": [[10696.8457031, 486.823303223, -465.639862061, 321.528045654, -428.772460938, -19.8002128601, -90.2541732788, 142.731109619, -163.267913818, 165.598403931, -4.7564201355, -24.1814575195, -18.3187084198], [486.823303223, 1330.06787109, -222.384674072, -18.6984729767, -29.5640182495, -13.1851434708, 0.0429943986237, 119.754013062, 21.9190788269, -39.0182800293, 126.975387573, 10.4601411819, 23.7173366547], [-465.639862061, -222.384674072, 480.186950684, 111.802474976, 63.8094100952, 69.6631546021, 47.3423538208, 71.503868103, 49.9573326111, 4.32966327667, -29.1988582611, 30.8336353302, 18.5643959045], [321.528045654, -18.6984729767, 111.802474976, 396.846374512, 212.525436401, 93.6885452271, -15.0185241699, -9.36391925812, 74.3223571777, 43.2760505676, -24.7131538391, 26.3885974884, 43.1825790405], [-428.772460938, -29.5640182495, 63.8094100952, 212.525436401, 468.35723877, 146.383346558, -88.0180282593, -126.579330444, 66.4064407349, 68.7646484375, -6.22066164017, 1.4239757061, 32.4581108093], [-19.8002128601, -13.1851434708, 69.6631546021, 93.6885452271, 146.383346558, 217.263931274, 52.0856132507, -50.8481178284, 29.3881397247, 52.7144851685, 35.1515693665, 45.7289772034, 12.7857446671], [-90.2541732788, 0.0429943986237, 47.3423538208, -15.0185241699, -88.0180282593, 52.0856132507, 216.226745605, 113.696098328, 36.9036827087, 28.3707942963, 50.0736465454, 49.8011169434, 11.9641609192], [142.731109619, 119.754013062, 71.503868103, -9.36391925812, -126.579330444, -50.8481178284, 113.696098328, 242.656997681, 49.4938621521, -3.86112856865, 47.3654098511, 19.1108798981, 18.7112560272], [-163.267913818, 21.9190788269, 49.9573326111, 74.3223571777, 66.4064407349, 29.3881397247, 36.9036827087, 49.4938621521, 139.936569214, 61.2958526611, 27.1171665192, 26.0074176788, 18.7760753632], [165.598403931, -39.0182800293, 4.32966327667, 43.2760505676, 68.7646484375, 52.7144851685, 28.3707942963, -3.86112856865, 61.2958526611, 145.941711426, 52.1376075745, 20.0190811157, 9.83339595795], [-4.7564201355, 126.975387573, -29.1988582611, -24.7131538391, -6.22066164017, 35.1515693665, 50.0736465454, 47.3654098511, 27.1171665192, 52.1376075745, 127.442230225, 46.4486236572, 4.41966199875], [-24.1814575195, 10.4601411819, 30.8336353302, 26.3885974884, 1.4239757061, 45.7289772034, 49.8011169434, 19.1108798981, 26.0074176788, 20.0190811157, 46.4486236572, 101.382850647, 29.6470165253], [-18.3187084198, 23.7173366547, 18.5643959045, 43.1825790405, 32.4581108093, 12.7857446671, 11.9641609192, 18.7112560272, 18.7760753632, 9.83339595795, 4.41966199875, 29.6470165253, 76.6351013184]], "icov": [[0.000138455521665, -3.76666830562e-05, 0.000168630198459, -0.000263236986939, 0.00027961138403, -0.000212883474887, 0.000263003370492, -0.000260767905274, 0.000323057145579, -0.000417236849898, 0.000215652631596, -5.50746335648e-05, 7.5188880146e-05], [-3.76666830562e-05, 0.00105507264379, 0.000518108368851, -3.784763976e-05, -0.000113468086056, -0.000291752541671, 0.000374151888536, -0.000630966096651, -0.000328779569827, 0.000935202639084, -0.0012108553201, 0.000361547979992, -0.00035681843292], [0.000168630198459, 0.000518108368851, 0.00321190431714, -0.000609416980296, 2.57659521594e-05, -0.00147424382158, 0.000691895664204, -0.00218024710193, 4.58343529317e-05, -5.20778667124e-05, 0.00135098490864, -0.000814842409454, 0.000337424135068], [-0.000263236986939, -3.784763976e-05, -0.000609416980296, 0.00452734157443, -0.00194046343677, -0.000461316027213, -5.05605294165e-06, -0.000433230161434, -0.00145575636998, 0.000288884475594, 0.00148955802433, -0.000837826519273, -0.000891447067261], [0.00027961138403, -0.000113468086056, 2.57659521594e-05, -0.00194046343677, 0.00528529891744, -0.00273101963103, 0.00234968494624, 0.00114612071775, -0.00107099418528, -0.00124327733647, -0.000320973922499, 0.0014254739508, -0.00135145173408], [-0.000212883474887, -0.000291752541671, -0.00147424382158, -0.000461316027213, -0.00273101963103, 0.00964055862278, -0.00444937543944, 0.00377152394503, 0.000340411526849, -0.000120324541058, -0.00205289036967, -0.00160011870321, 0.000647975131869], [0.000263003370492, 0.000374151888536, 0.000691895664204, -5.05605294165e-06, 0.00234968494624, -0.00444937543944, 0.00966251082718, -0.00473347539082, -9.78542666417e-05, -0.0015925966436, 0.000493649160489, -0.00199520518072, 0.000148410414113], [-0.000260767905274, -0.000630966096651, -0.00218024710193, -0.000433230161434, 0.00114612071775, 0.00377152394503, -0.00473347539082, 0.0102523099631, -0.0032565924339, 0.00218462804332, -0.00384075613692, 0.00223119696602, -0.00209777383134], [0.000323057145579, -0.000328779569827, 4.58343529317e-05, -0.00145575636998, -0.00107099418528, 0.000340411526849, -9.78542666417e-05, -0.0032565924339, 0.0121960416436, -0.00508056208491, 0.00132169551216, -0.00188085855916, 0.000510597252287], [-0.000417236849898, 0.000935202639084, -5.20778667124e-05, 0.000288884475594, -0.00124327733647, -0.000120324541058, -0.0015925966436, 0.00218462804332, -0.00508056208491, 0.0125082237646, -0.0058506927453, 0.00201675179414, -0.00108044233639], [0.000215652631596, -0.0012108553201, 0.00135098490864, 0.00148955802433, -0.000320973922499, -0.00205289036967, 0.000493649160489, -0.00384075613692, 0.00132169551216, -0.0058506927453, 0.015793768689, -0.00638597318903, 0.00258535100147], [-5.50746335648e-05, 0.000361547979992, -0.000814842409454, -0.000837826519273, 0.0014254739508, -0.00160011870321, -0.00199520518072, 0.00223119696602, -0.00188085855916, 0.00201675179414, -0.00638597318903, 0.0162266734987, -0.00573274213821], [7.5188880146e-05, -0.00035681843292, 0.000337424135068, -0.000891447067261, -0.00135145173408, 0.000647975131869, 0.000148410414113, -0.00209777383134, 0.000510597252287, -0.00108044233639, 0.00258535100147, -0.00573274213821, 0.0166333429515]], "mean": [-693.391418457, 109.718696594, -13.1987266541, 30.9237194061, -14.4165716171, -4.80480146408, -13.6684436798, -1.27082407475, -13.7794275284, -2.40344309807, -2.15771508217, -1.47310483456, -1.98858678341]}, "pitch_salience": {"dmean": 0.0647932812572, "dmean2": 0.10645929724, "dvar": 0.00284028798342, "dvar2": 0.00747660873458, "max": 0.855727732182, "mean": 0.61628639698, "median": 0.624554872513, "min": 0.150784999132, "var": 0.00844700448215}, "silence_rate_20dB": {"dmean": 0, "dmean2": 0, "dvar": 0, "dvar2": 0, "max": 1, "mean": 1, "median": 1, "min": 1, "var": 0}, "silence_rate_30dB": {"dmean": 0.00032840721542, "dmean2": 0.000656922347844, "dvar": 0.000328304333379, "dvar2": 0.000984971760772, "max": 1, "mean": 0.999835848808, "median": 1, "min": 0, "var": 0.000164137934917}, "silence_rate_60dB": {"dmean": 0.0788177326322, "dmean2": 0.157661363482, "dvar": 0.0726101398468, "dvar2": 0.150538057089, "max": 1, "mean": 0.245115742087, "median": 0, "min": 0, "var": 0.185025632381}, "spectral_centroid": {"dmean": 300.464385986, "dmean2": 443.590667725, "dvar": 114094.273438, "dvar2": 206393.4375, "max": 11495.1132813, "mean": 1643.9699707, "median": 1493.1809082, "min": 246.407287598, "var": 611774.6875}, "spectral_complexity": {"dmean": 3.39704442024, "dmean2": 4.84513044357, "dvar": 17.2239990234, "dvar2": 29.3738136292, "max": 55, "mean": 13.5007390976, "median": 12, "min": 0, "var": 80.3156585693}, "spectral_contrast_coeffs": {"dmean": [0.0566248707473, 0.0491504371166, 0.0413489528, 0.0328063070774, 0.0245512593538, 0.0185232181102], "dmean2": [0.0940835624933, 0.079557955265, 0.0671650767326, 0.0503233894706, 0.0377974137664, 0.0289250388741], "dvar": [0.00232915603556, 0.00170721905306, 0.00125600758474, 0.000827084528282, 0.000518382759765, 0.000320557446685], "dvar2": [0.00611210335046, 0.00408409861848, 0.00296543212608, 0.00171859248076, 0.00107048160862, 0.000675141927786], "max": [-0.281504541636, -0.409623801708, -0.445443660021, -0.506443560123, -0.558627486229, -0.605778217316], "mean": [-0.598742127419, -0.720495820045, -0.772510290146, -0.779278814793, -0.784052014351, -0.730572223663], "median": [-0.60643941164, -0.728635072708, -0.786118865013, -0.78850787878, -0.792625486851, -0.722626209259], "min": [-0.952189922333, -0.959033071995, -0.971725046635, -0.959837496281, -0.951961636543, -0.960741460323], "var": [0.0109501807019, 0.00719100190327, 0.00644948752597, 0.00448291981593, 0.00330320652574, 0.0019703914877]}, "spectral_contrast_valleys": {"dmean": [0.406400799751, 0.379399746656, 0.361768066883, 0.3144351542, 0.307620435953, 0.312236100435], "dmean2": [0.655785560608, 0.604779362679, 0.55920612812, 0.46127358079, 0.42807495594, 0.386627703905], "dvar": [0.160901233554, 0.129002720118, 0.125193893909, 0.106194458902, 0.128480792046, 0.137633919716], "dvar2": [0.319667011499, 0.265852421522, 0.239056110382, 0.175853729248, 0.204653888941, 0.206145942211], "max": [-6.35070323944, -4.93232679367, -5.59364461899, -5.99357509613, -5.25161743164, -7.26846551895], "mean": [-8.61977481842, -7.15784883499, -8.04454994202, -8.25291728973, -7.82921600342, -10.8895282745], "median": [-8.3084487915, -6.95942020416, -7.90085697174, -8.05189800262, -7.58994436264, -10.6991147995], "min": [-27.6387176514, -27.3396949768, -27.1751174927, -27.5236549377, -27.5787410736, -27.2827529907], "var": [2.42428779602, 1.97887945175, 1.84596943855, 1.70423781872, 1.76260519028, 1.52091324329]}, "spectral_decrease": {"dmean": 1.0798932859e-09, "dmean2": 1.5149839161e-09, "dvar": 2.41318177068e-18, "dvar2": 4.19038944971e-18, "max": 2.25568314925e-16, "mean": -3.24778937077e-09, "median": -2.11489625812e-09, "min": -2.04750811861e-08, "var": 1.10135086735e-17}, "spectral_energy": {"dmean": 0.00450381683186, "dmean2": 0.00626850966364, "dvar": 4.23332057835e-05, "dvar2": 7.22939803381e-05, "max": 0.103950999677, "mean": 0.0136335063726, "median": 0.00899214856327, "min": 1.09297603847e-20, "var": 0.000196193592274}, "spectral_energyband_high": {"dmean": 0.000358246295946, "dmean2": 0.000498357170727, "dvar": 1.53434802996e-06, "dvar2": 2.73046248367e-06, "max": 0.0414928011596, "mean": 0.000698887160979, "median": 0.000195204440388, "min": 7.89453179464e-21, "var": 5.64330957786e-06}, "spectral_energyband_low": {"dmean": 0.000481594994199, "dmean2": 0.000765339995269, "dvar": 9.45296449117e-07, "dvar2": 2.6615657589e-06, "max": 0.0186757668853, "mean": 0.00114513200242, "median": 0.000451823492767, "min": 4.18415011127e-23, "var": 2.64967138719e-06}, "spectral_energyband_middle_high": {"dmean": 0.0017094471259, "dmean2": 0.00230198632926, "dvar": 1.07094965642e-05, "dvar2": 1.88831054402e-05, "max": 0.0703968182206, "mean": 0.00409600976855, "median": 0.00158030423336, "min": 1.74823673306e-21, "var": 4.10775173805e-05}, "spectral_energyband_middle_low": {"dmean": 0.00322273047641, "dmean2": 0.00481342198327, "dvar": 2.09972313314e-05, "dvar2": 4.2674899305e-05, "max": 0.0669952705503, "mean": 0.008156680502, "median": 0.00504927150905, "min": 3.00458160893e-22, "var": 7.80641348683e-05}, "spectral_entropy": {"dmean": 0.14186912775, "dmean2": 0.203591093421, "dvar": 0.0206795185804, "dvar2": 0.0372650921345, "max": 9.78584480286, "mean": 7.5856089592, "median": 7.56682443619, "min": 5.81381511688, "var": 0.136061325669}, "spectral_flux": {"dmean": 0.0175239033997, "dmean2": 0.0268841367215, "dvar": 0.000438708870206, "dvar2": 0.000931935675908, "max": 0.277419447899, "mean": 0.0593811832368, "median": 0.051972668618, "min": 1.04545497259e-10, "var": 0.0015354801435}, "spectral_kurtosis": {"dmean": 1.47530758381, "dmean2": 2.53772091866, "dvar": 2.31751227379, "dvar2": 6.38578224182, "max": 24.5168952942, "mean": 3.46506285667, "median": 2.9173579216, "min": -1.14731752872, "var": 5.57152843475}, "spectral_rms": {"dmean": 0.000584033026826, "dmean2": 0.000798223773018, "dvar": 4.71632404242e-07, "dvar2": 7.39261338367e-07, "max": 0.010070531629, "mean": 0.00315163633786, "median": 0.00296189589426, "min": 3.26545257848e-12, "var": 3.36821381097e-06}, "spectral_rolloff": {"dmean": 569.065124512, "dmean2": 907.395446777, "dvar": 796944.8125, "dvar2": 1567247.875, "max": 21597.8027344, "mean": 2171.89697266, "median": 1464.2578125, "min": 172.265625, "var": 6515096}, "spectral_skewness": {"dmean": 0.218087539077, "dmean2": 0.350457072258, "dvar": 0.0454515814781, "dvar2": 0.107463143766, "max": 3.79079055786, "mean": 1.16738629341, "median": 1.13982844353, "min": -0.126275613904, "var": 0.189279332757}, "spectral_spread": {"dmean": 323933.71875, "dmean2": 489773.28125, "dvar": 253604659200, "dvar2": 394675290112, "max": 39270684, "mean": 3916688.75, "media