{"lowlevel": {"average_loudness": 0.898645281792, "barkbands": {"dmean": [4.09548702009e-05, 0.000234415187151, 0.000293480348773, 0.000463013944682, 0.000973182555754, 0.000594394805375, 0.000538495776709, 0.000393395574065, 0.000743959681131, 0.000715647358447, 0.000481835682876, 0.000402829580707, 0.000342558632838, 0.000319284503348, 0.000235091734794, 0.000187213998288, 0.000230264296988, 0.000190856153495, 0.000125591366668, 0.000138675430208, 2.14768060687e-05, 1.3500561181e-05, 5.98010137765e-06, 2.89057243208e-06, 3.90651348425e-06, 1.12529130547e-06, 1.96732244717e-07], "dmean2": [7.51923071221e-05, 0.000344536063494, 0.000420624070102, 0.000737941416446, 0.00147048290819, 0.000863674038555, 0.000792085542344, 0.000598821789026, 0.00102013489231, 0.00103783805389, 0.000728384358808, 0.000594055978581, 0.000492890481837, 0.000448947539553, 0.000341840699548, 0.000264967762632, 0.000348478584783, 0.000284481036942, 0.000191642087884, 0.000205152857234, 3.23533931805e-05, 2.04398365895e-05, 8.84212386154e-06, 4.03534841098e-06, 5.43083388038e-06, 1.59146486567e-06, 2.85859698579e-07], "dvar": [3.22257309726e-09, 3.05732839934e-07, 4.87673673888e-07, 9.72977545644e-07, 2.58811633103e-06, 2.04715774998e-06, 1.3229017668e-06, 1.40965778428e-06, 3.98437487092e-06, 3.1061313166e-06, 1.5221544345e-06, 7.58672342727e-07, 7.39630252156e-07, 6.19415686742e-07, 4.19198443069e-07, 3.8076399278e-07, 3.29946345801e-07, 2.02314566877e-07, 6.24954950013e-08, 8.03573740882e-08, 6.08259620449e-09, 3.25630433728e-09, 8.00420341118e-10, 1.43567949196e-10, 2.17222725918e-10, 2.04797168807e-11, 2.60586474274e-13], "dvar2": [1.03066808421e-08, 6.05600803283e-07, 9.14599866064e-07, 2.44661873694e-06, 5.71900409341e-06, 4.11185010307e-06, 2.79761820821e-06, 3.18623870044e-06, 7.67780329625e-06, 6.03343596595e-06, 3.03272236124e-06, 1.54694384946e-06, 1.3952324025e-06, 1.05916569737e-06, 8.09052551176e-07, 7.02503541561e-07, 7.07587730631e-07, 4.14537595361e-07, 1.33622677367e-07, 1.52605750259e-07, 1.26735821837e-08, 7.17299242226e-09, 1.64645630463e-09, 2.63637806031e-10, 4.23124618676e-10, 4.07260856983e-11, 4.8947895433e-13], "max": [0.00126316165552, 0.0117595456541, 0.0204824618995, 0.020822154358, 0.0418800525367, 0.04050552845, 0.0275970194489, 0.0375874564052, 0.0467573665082, 0.0415399037302, 0.0420294553041, 0.0194672681391, 0.0189250186086, 0.0229320898652, 0.0171173885465, 0.0148256197572, 0.0266740396619, 0.0174843799323, 0.00692602386698, 0.0087056979537, 0.00281060463749, 0.00240924232639, 0.000986895873211, 0.0004660540435, 0.000494748586789, 0.000137839524541, 2.21942100325e-05], "mean": [3.81707359338e-05, 0.000739451847039, 0.000720329815522, 0.000868594041094, 0.00282660056837, 0.00142013898585, 0.00115003832616, 0.000657903961837, 0.00162704300601, 0.00161289155949, 0.00103128701448, 0.000856445229147, 0.000775792868808, 0.000689085572958, 0.000506372016389, 0.00037167663686, 0.000535331200808, 0.000468156766146, 0.00030537424027, 0.000371673697373, 3.90566856368e-05, 2.53227499343e-05, 1.24210801005e-05, 5.50569529878e-06, 7.32356238586e-06, 2.29334909818e-06, 1.0146054592e-06], "median": [1.94726562768e-05, 0.000231776866713, 0.000156292458996, 0.000277247279882, 0.00148111616727, 0.000532042235136, 0.000452052277979, 0.00021675361495, 0.000181435752893, 0.00027117333957, 0.000235803760006, 0.000265446171397, 0.000125922786538, 0.000164329510881, 8.51673321449e-05, 7.93414073996e-05, 0.000159948715009, 0.00016087856784, 0.000130136628286, 0.000139161304105, 1.81836057891e-05, 9.14464544621e-06, 4.35817537436e-06, 1.74292267729e-06, 2.0507050067e-06, 9.28916790599e-07, 8.503789104e-07], "min": [2.28237181403e-25, 2.11199817167e-24, 5.53080340019e-25, 8.71918689425e-25, 8.13875211209e-24, 6.28475149112e-24, 8.62708225597e-24, 6.20699110511e-24, 9.8133902179e-24, 1.34432058778e-23, 1.17768303011e-23, 2.10797738708e-23, 4.00826568384e-23, 2.44358958174e-23, 5.48561693478e-23, 5.6913329262e-23, 4.51477717832e-23, 9.15871928583e-23, 1.1831474696e-22, 1.69954162418e-22, 2.74685103243e-22, 3.04857328928e-22, 4.58603996949e-22, 5.3643324105e-22, 8.52973360171e-22, 1.33171272249e-21, 1.97113444316e-21], "var": [3.14688364256e-09, 1.34188587708e-06, 2.13968792195e-06, 2.80302742794e-06, 1.48097660713e-05, 7.72176190367e-06, 4.73985846838e-06, 3.06505671688e-06, 1.55967918545e-05, 1.60555337061e-05, 7.39353527024e-06, 3.01707973449e-06, 3.51557378053e-06, 2.91389960694e-06, 1.89138120277e-06, 1.24535142731e-06, 1.48835795244e-06, 9.43828297295e-07, 2.55623632484e-07, 3.9415309061e-07, 1.00433004135e-08, 6.9285310822e-09, 2.24931073767e-09, 4.04562328082e-10, 5.38581401699e-10, 4.40601721774e-11, 9.58588351925e-13]}, "barkbands_crest": {"dmean": 1.97275996208, "dmean2": 3.0726749897, "dvar": 3.64971375465, "dvar2": 8.74474143982, "max": 25.4811553955, "mean": 9.41928386688, "median": 8.55404281616, "min": 2.90234708786, "var": 14.6255540848}, "barkbands_flatness_db": {"dmean": 0.0140892770141, "dmean2": 0.0207019634545, "dvar": 0.000214169427636, "dvar2": 0.000404057878768, "max": 0.325975060463, "mean": 0.145887464285, "median": 0.143514826894, "min": 0.045366268605, "var": 0.00155338295735}, "barkbands_kurtosis": {"dmean": 1.23407709599, "dmean2": 1.90209507942, "dvar": 7.9874215126, "dvar2": 16.4242534637, "max": 160.118743896, "mean": 1.73888576031, "median": 0.665107667446, "min": -1.94027304649, "var": 24.7708492279}, "barkbands_skewness": {"dmean": 0.339529663324, "dmean2": 0.505098938942, "dvar": 0.1288318187, "dvar2": 0.26975479722, "max": 5.61848306656, "mean": 0.89723098278, "median": 0.854925811291, "min": -9.95266056061, "var": 1.02110517025}, "barkbands_spread": {"dmean": 3.24537181854, "dmean2": 4.91569232941, "dvar": 16.6436653137, "dvar2": 35.619556427, "max": 122.205657959, "mean": 18.7394390106, "median": 16.8784122467, "min": 1.24740815163, "var": 89.886756897}, "dissonance": {"dmean": 0.0207805335522, "dmean2": 0.0351535975933, "dvar": 0.000419687014073, "dvar2": 0.00117345759645, "max": 0.499994635582, "mean": 0.453694045544, "median": 0.461033582687, "min": 0.230957239866, "var": 0.000991776585579}, "dynamic_complexity": 3.5147857666, "erbbands": {"dmean": [0.00342741026543, 0.0654289349914, 0.297785073519, 1.01260781288, 2.00226068497, 3.70757293701, 4.68864536285, 4.87547969818, 7.37272357941, 8.17589855194, 9.21014213562, 15.0045013428, 20.1357269287, 21.4717102051, 16.9596996307, 16.686044693, 13.8624792099, 18.6038665771, 10.7259483337, 11.1181259155, 10.8471641541, 10.7269363403, 10.3208770752, 5.05635309219, 7.9292755127, 6.53753805161, 1.55743658543, 0.702429711819, 0.467971354723, 0.331724375486, 0.160451963544, 0.0751497223973, 0.0447018966079, 0.056078851223, 0.0222294125706, 0.00741553632542, 0.00147699692752, 0.000268400588538, 4.09569547628e-05, 4.75286833534e-06], "dmean2": [0.0054489756003, 0.0938271433115, 0.410213112831, 1.60253334045, 3.13523292542, 5.54448509216, 6.94809961319, 7.15556812286, 10.7671375275, 12.2657527924, 13.6282234192, 21.1965045929, 27.991651535, 31.6427841187, 25.9055118561, 24.3250293732, 19.6516971588, 26.2130050659, 14.9160032272, 15.7856445313, 15.1057567596, 15.6788597107, 15.208489418, 7.62165594101, 11.6905345917, 9.69007587433, 2.39545965195, 1.04855239391, 0.710183978081, 0.496529012918, 0.234988376498, 0.107691198587, 0.0618081390858, 0.0791842639446, 0.0312641747296, 0.0105689791963, 0.00212082336657, 0.000383906473871, 6.0692003899e-05, 6.49473940939e-06], "dvar": [5.78212857363e-05, 0.0249919332564, 0.584221184254, 4.68311262131, 10.7225532532, 55.9116516113, 121.517051697, 166.782455444, 271.077575684, 402.384399414, 908.866027832, 1971.7644043, 2721.42602539, 3091.99462891, 1260.33618164, 1529.91271973, 1156.11181641, 2046.74780273, 939.230834961, 1095.05639648, 951.182861328, 851.873962402, 497.249267578, 96.1570281982, 285.131988525, 171.000869751, 14.0931940079, 9.05151081085, 4.09312725067, 2.31647396088, 0.55425208807, 0.121543377638, 0.0347619950771, 0.0477664507926, 0.00702306535095, 0.00099057960324, 3.6115758121e-05, 7.51794743792e-07, 1.11968780914e-08, 4.68158914413e-11], "dvar2": [0.000124182071886, 0.0468776039779, 0.920408725739, 12.1715974808, 25.1787662506, 120.348434448, 261.414825439, 332.461364746, 542.568115234, 902.749450684, 2059.35766602, 3898.13867188, 4995.68603516, 6164.54541016, 2687.78100586, 3124.20288086, 2033.87414551, 3672.02392578, 1759.5480957, 2051.80712891, 1753.42700195, 1735.79125977, 962.342590332, 200.449279785, 568.683349609, 341.72479248, 31.1751270294, 19.7677669525, 9.0121088028, 5.17371559143, 1.11201739311, 0.238300144672, 0.064430385828, 0.0974187776446, 0.014186966233, 0.00198577018455, 7.53360945964e-05, 1.41732527936e-06, 2.17022702031e-08, 7.76272587877e-11], "max": [0.134389385581, 3.63493824005, 21.6550273895, 46.9374008179, 80.2946853638, 207.622634888, 396.743164063, 363.523406982, 459.648132324, 466.558868408, 1005.9364624, 1017.54827881, 1644.82971191, 1805.63842773, 1100.32531738, 965.446594238, 880.057739258, 1365.36938477, 1008.41918945, 929.401977539, 1015.19415283, 1288.10412598, 862.51385498, 272.463256836, 473.580383301, 366.724395752, 84.9176101685, 109.825386047, 87.1575927734, 51.7128868103, 32.8474807739, 14.6422052383, 5.46743106842, 8.17019176483, 2.29187893867, 1.05398356915, 0.210811540484, 0.0399944931269, 0.00476828543469, 0.000262659945292], "mean": [0.0110612465069, 0.207706853747, 0.808908820152, 2.047965765, 5.24350070953, 10.8835964203, 10.7443370819, 11.3936338425, 16.798992157, 15.8157873154, 17.7385139465, 32.9639701843, 49.0926818848, 50.0178947449, 39.5287628174, 37.3833961487, 35.1311416626, 44.702205658, 25.1293754578, 24.071187973, 24.2208042145, 28.5786132813, 27.6736946106, 12.9664125443, 21.842048645, 17.7505149841, 3.57806515694, 1.36436843872, 0.86936044693, 0.666548788548, 0.340971767902, 0.144021809101, 0.0844793990254, 0.0984367132187, 0.0423169061542, 0.0142322834581, 0.00322033278644, 0.000794093124568, 0.000190464736079, 3.27205525537e-05], "median": [0.00370850134641, 0.0650371983647, 0.216723486781, 0.84907835722, 2.36291337013, 4.21630907059, 4.74842405319, 3.75039792061, 6.28795623779, 6.08191823959, 5.99343633652, 4.65682792664, 7.88700008392, 11.964594841, 13.1643247604, 11.897605896, 7.80624437332, 10.2651281357, 5.11492204666, 4.85865259171, 6.25261878967, 8.48831748962, 10.2188205719, 6.70338535309, 6.85389041901, 7.37254428864, 1.8013035059, 0.669676423073, 0.311983972788, 0.232638716698, 0.119954168797, 0.0438419766724, 0.0255617275834, 0.0244678594172, 0.0126294279471, 0.00476082088426, 0.00149939069524, 0.000514239014592, 0.000158036389621, 2.82278433588e-05], "min": [3.95101457696e-23, 3.80256023161e-22, 8.83122336548e-22, 4.11520941106e-21, 6.44388035515e-21, 1.79856239345e-20, 4.62285427273e-20, 5.75929735992e-20, 1.31751647757e-19, 1.17016523743e-19, 2.79349620358e-19, 2.60294274177e-19, 6.74782459159e-19, 5.49588518352e-19, 8.7414213747e-19, 1.00755706449e-18, 1.87448411907e-18, 1.97572626976e-18, 2.41089378911e-18, 3.45056490011e-18, 3.10332833424e-18, 3.8378343193e-18, 5.011079176e-18, 6.06963833591e-18, 5.86420348129e-18, 7.97383002629e-18, 8.23211799974e-18, 9.94479297649e-18, 1.01931820795e-17, 1.12032845856e-17, 1.26813074477e-17, 1.14786356407e-17, 8.72822949829e-18, 8.62207741028e-18, 5.85204764859e-18, 4.04920667635e-18, 2.37266956621e-18, 8.88195108896e-19, 2.41764316932e-19, 2.729367411e-20], "var": [0.000300832907669, 0.113812893629, 2.98297429085, 12.1000509262, 56.8461494446, 367.381469727, 413.461151123, 612.32220459, 1090.51037598, 1032.9876709, 2103.82739258, 6171.89892578, 14077.2578125, 14614.0849609, 6570.10791016, 5545.25976563, 5889.92431641, 11068.9755859, 4129.07617188, 4526.82861328, 3609.3203125, 4704.23583984, 3022.07495117, 404.583435059, 1449.36950684, 776.145019531, 30.7306213379, 15.5246400833, 8.32696723938, 5.23529243469, 1.61361277103, 0.329291492701, 0.0913061276078, 0.105136863887, 0.018069755286, 0.00229392759502, 6.64689650876e-05, 1.6064261672e-06, 3.75781681328e-08, 4.29584090522e-10]}, "erbbands_crest": {"dmean": 2.389793396, "dmean2": 3.76685881615, "dvar": 4.91208076477, "dvar2": 11.6525306702, "max": 29.3867034912, "mean": 10.0425195694, "median": 9.21220111847, "min": 2.58187890053, "var": 17.104391098}, "erbbands_flatness_db": {"dmean": 0.0131542086601, "dmean2": 0.0185069330037, "dvar": 0.00017160087009, "dvar2": 0.000290168653009, "max": 0.346203863621, "mean": 0.202631041408, "median": 0.200633749366, "min": 0.0549527555704, "var": 0.00179574266076}, "erbbands_kurtosis": {"dmean": 0.746113538742, "dmean2": 1.13090646267, "dvar": 1.10798966885, "dvar2": 2.39243650436, "max": 17.7164497375, "mean": 0.459861934185, "median": -0.153157383204, "min": -1.82677304745, "var": 4.39820098877}, "erbbands_skewness": {"dmean": 0.287961930037, "dmean2": 0.423943549395, "dvar": 0.0756756067276, "dvar2": 0.156972333789, "max": 3.62798500061, "mean": 0.111834138632, "median": 0.163081601262, "min": -3.45978045464, "var": 0.638798475266}, "erbbands_spread": {"dmean": 4.79101896286, "dmean2": 7.12956047058, "dvar": 26.5127220154, "dvar2": 54.744644165, "max": 118.357551575, "mean": 29.0865821838, "median": 26.7844944, "min": 3.0571808815, "var": 192.922073364}, "gfcc": {"cov": [[23902.8398438, 1768.19506836, -3391.07714844, 557.215148926, -1015.63110352, -208.662628174, -544.416687012, 93.2746276855, -659.554626465, -153.950424194, -342.087982178, -253.83366394, -189.853973389], [1768.19506836, 984.396972656, -24.1059207916, -142.836486816, 139.809051514, -0.813644111156, 130.957870483, 18.8145236969, -37.6571807861, 15.2743272781, 48.8813400269, -46.227306366, -39.5542221069], [-3391.07714844, -24.1059207916, 1047.78881836, 90.8048248291, 200.705322266, 82.1383666992, -7.96385622025, -22.0597991943, 105.50630188, 81.9104385376, 71.6737823486, 85.6704559326, -9.59950828552], [557.215148926, -142.836486816, 90.8048248291, 473.703033447, 21.1632900238, -80.1621704102, -126.335662842, -24.230638504, 44.5085144043, -6.60240125656, -11.7976484299, 44.2763023376, 2.4319601059], [-1015.63110352, 139.809051514, 200.705322266, 21.1632900238, 271.288604736, 53.7025489807, 53.5876312256, 5.88887691498, 55.3919487, 33.0602607727, 37.6544799805, 4.16819524765, 19.4762878418], [-208.662628174, -0.813644111156, 82.1383666992, -80.1621704102, 53.7025489807, 283.208892822, 172.5105896, 15.8716363907, -30.0812797546, 34.9176368713, 37.8270606995, 5.86346530914, -7.598279953], [-544.416687012, 130.957870483, -7.96385622025, -126.335662842, 53.5876312256, 172.5105896, 365.621307373, 71.8686523438, -13.1824150085, -13.6850996017, 52.1235694885, 4.19322681427, -2.27309322357], [93.2746276855, 18.8145236969, -22.0597991943, -24.230638504, 5.88887691498, 15.8716363907, 71.8686523438, 154.288955688, 63.6210479736, 3.27518367767, -8.87616729736, -23.2252120972, 6.28716468811], [-659.554626465, -37.6571807861, 105.50630188, 44.5085144043, 55.3919487, -30.0812797546, -13.1824150085, 63.6210479736, 163.548522949, 42.5707473755, -14.885468483, -15.7410564423, 10.6370668411], [-153.950424194, 15.2743272781, 81.9104385376, -6.60240125656, 33.0602607727, 34.9176368713, -13.6850996017, 3.27518367767, 42.5707473755, 98.9512176514, 18.8399353027, -15.2269639969, -2.78703999519], [-342.087982178, 48.8813400269, 71.6737823486, -11.7976484299, 37.6544799805, 37.8270606995, 52.1235694885, -8.87616729736, -14.885468483, 18.8399353027, 99.1737823486, 43.3378410339, -12.1719503403], [-253.83366394, -46.227306366, 85.6704559326, 44.2763023376, 4.16819524765, 5.86346530914, 4.19322681427, -23.2252120972, -15.7410564423, -15.2269639969, 43.3378410339, 103.061073303, 21.3598899841], [-189.853973389, -39.5542221069, -9.59950828552, 2.4319601059, 19.4762878418, -7.598279953, -2.27309322357, 6.28716468811, 10.6370668411, -2.78703999519, -12.1719503403, 21.3598899841, 79.0446090698]], "icov": [[0.000602855463512, -0.00169694167562, 0.00180725799873, -0.00154518114869, 0.00151811179239, -0.00157908245455, 0.00163984170649, -0.00152721977793, 0.00148855138104, -0.00118330866098, 0.00156560260803, -0.00127999240067, 0.000853555859067], [-0.00169694167562, 0.00614207796752, -0.00501911900938, 0.00464221974835, -0.00521960807964, 0.00520512927324, -0.00513707567006, 0.00409351056442, -0.00340819405392, 0.00285780290142, -0.00464905751869, 0.00400468148291, -0.00168020871934], [0.00180725799873, -0.00501911900938, 0.00682105170563, -0.00463693961501, 0.00368316355161, -0.0050775851123, 0.00512422155589, -0.00433692894876, 0.00370141165331, -0.00417122943327, 0.00475900014862, -0.00528335850686, 0.00341229629703], [-0.00154518114869, 0.00464221974835, -0.00463693961501, 0.00662808120251, -0.00446824822575, 0.00440239720047, -0.0035495874472, 0.00398854585364, -0.00439367769286, 0.00327070383355, -0.00348180276342, 0.00181752606295, -0.00137127225753], [0.00151811179239, -0.00521960807964, 0.00368316355161, -0.00446824822575, 0.00975154340267, -0.00509171700105, 0.00393711542711, -0.00281990040094, 0.00158195919357, -0.0022263485007, 0.00169557530899, -0.00131860945839, -0.000609489623457], [-0.00157908245455, 0.00520512927324, -0.0050775851123, 0.00440239720047, -0.00509171700105, 0.0106499278918, -0.00744929816574, 0.00368755985983, -0.00127216172405, -0.000401866156608, -0.00323559902608, 0.00288332742639, -0.00128973287065], [0.00163984170649, -0.00513707567006, 0.00512422155589, -0.0035495874472, 0.00393711542711, -0.00744929816574, 0.00990318413824, -0.00603917241096, 0.00341442949139, -0.000537285697646, 0.00193341833074, -0.00325952097774, 0.00187865202315], [-0.00152721977793, 0.00409351056442, -0.00433692894876, 0.00398854585364, -0.00281990040094, 0.00368755985983, -0.00603917241096, 0.013465593569, -0.00842562876642, 0.00432064477354, -0.00427550217137, 0.0049584642984, -0.00317669799551], [0.00148855138104, -0.00340819405392, 0.00370141165331, -0.00439367769286, 0.00158195919357, -0.00127216172405, 0.00341442949139, -0.00842562876642, 0.0151394074783, -0.00797828473151, 0.00635518785566, -0.00307626579888, 0.0022020812612], [-0.00118330866098, 0.00285780290142, -0.00417122943327, 0.00327070383355, -0.0022263485007, -0.000401866156608, -0.000537285697646, 0.00432064477354, -0.00797828473151, 0.0183143038303, -0.00878048036247, 0.00744579918683, -0.00351321627386], [0.00156560260803, -0.00464905751869, 0.00475900014862, -0.00348180276342, 0.00169557530899, -0.00323559902608, 0.00193341833074, -0.00427550217137, 0.00635518785566, -0.00878048036247, 0.0222856495529, -0.0128750270233, 0.00753197073936], [-0.00127999240067, 0.00400468148291, -0.00528335850686, 0.00181752606295, -0.00131860945839, 0.00288332742639, -0.00325952097774, 0.0049584642984, -0.00307626579888, 0.00744579918683, -0.0128750270233, 0.0209268201143, -0.00861508306116], [0.000853555859067, -0.00168020871934, 0.00341229629703, -0.00137127225753, -0.000609489623457, -0.00128973287065, 0.00187865202315, -0.00317669799551, 0.0022020812612, -0.00351321627386, 0.00753197073936, -0.00861508306116, 0.0177175570279]], "mean": [-57.9443473816, 107.831840515, -138.233291626, 12.0186691284, -42.8633880615, -13.9581804276, -28.741399765, 0.164971247315, -33.1826820374, -4.45716190338, -10.6683931351, -2.55973505974, -9.95438575745]}, "hfc": {"dmean": 3.03245949745, "dmean2": 3.99399352074, "dvar": 18.7126674652, "dvar2": 26.9861469269, "max": 97.3053741455, "mean": 16.5164928436, "median": 10.4304351807, "min": 1.07053456796e-16, "var": 258.108703613}, "melbands": {"dmean": [4.78662841488e-05, 0.00012888420315, 0.000188499529031, 0.000195923421416, 0.000169403501786, 0.000112273002742, 0.000112399131467, 8.54527752381e-05, 8.18442640593e-05, 0.000102468955447, 0.000105028113467, 9.17388388189e-05, 6.54812538414e-05, 4.30418949691e-05, 3.85459716199e-05, 3.50018453901e-05, 3.56949713023e-05, 1.80434199137e-05, 1.54211757035e-05, 1.40961210491e-05, 1.39516469062e-05, 1.31922106448e-05, 1.07897258204e-05, 1.00437946458e-05, 3.87313639294e-06, 5.35634399057e-06, 6.13142901784e-06, 4.34688854511e-06, 1.29210593514e-06, 5.55343433462e-07, 3.96970477823e-07, 2.7282609949e-07, 2.65971067392e-07, 1.59749262707e-07, 1.1205833772e-07, 6.01259131372e-08, 4.35237907936e-08, 3.13493302428e-08, 3.70612625034e-08, 5.19193505966e-08], "dmean2": [7.23697230569e-05, 0.000178250120371, 0.000297107588267, 0.000298707687762, 0.000250951648923, 0.000164129349287, 0.000164286626386, 0.000128866988234, 0.000119354241178, 0.000142630480696, 0.000145890575368, 0.000134881964186, 9.96887611109e-05, 6.47955821478e-05, 5.49995274923e-05, 4.95152307849e-05, 5.02184193465e-05, 2.50495704677e-05, 2.24899358727e-05, 1.9983477614e-05, 2.00308732019e-05, 1.96030960069e-05, 1.57983831741e-05, 1.52040129251e-05, 5.91659772908e-06, 8.2056840256e-06, 8.77735237736e-06, 6.56350994177e-06, 2.04570960705e-06, 8.31837951409e-07, 5.96881591264e-07, 4.2249232024e-07, 3.97190206058e-07, 2.44104910507e-07, 1.67919424143e-07, 8.76547048279e-08, 6.28524290391e-08, 4.4195004989e-08, 5.32628874339e-08, 7.48745208057e-08], "dvar": [1.16853966503e-08, 1.03468465795e-07, 1.2690249207e-07, 1.00946813575e-07, 1.31699778194e-07, 7.84376439356e-08, 5.74137644094e-08, 4.18813925762e-08, 6.98723496839e-08, 8.09635594123e-08, 7.10636101076e-08, 5.7151510191e-08, 2.33090720059e-08, 7.99826693765e-09, 7.84608111815e-09, 7.91071386175e-09, 7.81564768459e-09, 2.70376032674e-09, 2.09475548019e-09, 2.36187180924e-09, 1.52737456016e-09, 1.39687394984e-09, 6.98784585751e-10, 5.8414062476e-10, 5.91942952988e-11, 1.5525235264e-10, 2.04750008614e-10, 7.64288007882e-11, 9.40377376663e-12, 5.22986298365e-12, 3.1994591438e-12, 1.58925433577e-12, 1.29932924229e-12, 6.04789710066e-13, 2.64577449576e-13, 1.07578483339e-13, 3.37016723665e-14, 1.86861685386e-14, 2.21339856572e-14, 4.33337278549e-14], "dvar2": [2.41748185914e-08, 1.63760134342e-07, 3.23153756199e-07, 2.17126171265e-07, 2.89284969313e-07, 1.55312307015e-07, 1.15692550651e-07, 9.41140498867e-08, 1.59049051263e-07, 1.58474549039e-07, 1.31877428089e-07, 1.13289758019e-07, 4.6862755454e-08, 1.6651879875e-08, 1.463845134e-08, 1.45402330176e-08, 1.35956756964e-08, 4.95917840126e-09, 4.17613454928e-09, 4.52814852281e-09, 2.95156654673e-09, 2.94229818287e-09, 1.29135213633e-09, 1.30214405925e-09, 1.25612353852e-10, 3.4257674475e-10, 3.43156086879e-10, 1.60768995339e-10, 2.30517393368e-11, 1.1208150727e-11, 7.28997504723e-12, 3.51164973836e-12, 2.99560441556e-12, 1.36884384036e-12, 5.66932243339e-13, 2.27166619933e-13, 6.60405161546e-14, 3.61529518345e-14, 4.38724780789e-14, 9.34978345289e-14], "max": [0.00203427765518, 0.00811311695725, 0.00720841437578, 0.00749915000051, 0.0105572501197, 0.00718220602721, 0.00661486247554, 0.00474160769954, 0.00758786639199, 0.00629671942443, 0.00811554957181, 0.00733834598213, 0.00380417634733, 0.00222656689584, 0.00186528963968, 0.00221318821423, 0.00243933708407, 0.00147032423411, 0.00121547514573, 0.00142733601388, 0.00117746333126, 0.0014949508477, 0.00167183892336, 0.000710090505891, 0.000236062434851, 0.00039624364581, 0.000555975886527, 0.000295805948554, 6.14020245848e-05, 0.000115732822451, 7.53625790821e-05, 6.48109125905e-05, 3.58623765351e-05, 2.57154333667e-05, 2.15011423279e-05, 1.39127569128e-05, 7.91311686044e-06, 4.39222321802e-06, 5.11391954205e-06, 7.74811724114e-06], "mean": [0.000158674738486, 0.000377236690838, 0.000430908839917, 0.000580617517699, 0.000419722899096, 0.000265418202616, 0.000256923405686, 0.000159102128237, 0.000154669614858, 0.000226236661547, 0.000249167351285, 0.000204866199056, 0.000146374703036, 9.05613487703e-05, 8.81479427335e-05, 8.1650512584e-05, 8.01516434876e-05, 3.80162673537e-05, 3.21423722198e-05, 2.86947015411e-05, 2.87113889499e-05, 3.11561416311e-05, 2.67631512543e-05, 2.2653990527e-05, 8.23291065899e-06, 1.29685176944e-05, 1.74303277163e-05, 1.05519065983e-05, 2.56888483818e-06, 9.38914354265e-07, 7.00370719642e-07, 4.71440301908e-07, 4.89984358865e-07, 3.09156177991e-07, 2.1952710938e-07, 1.1204868855e-07, 7.71761747842e-08, 5.56140946628e-08, 6.61702230786e-08, 8.734623691e-08], "median": [5.38133390364e-05, 0.000117155519547, 0.000203672185307, 0.00028977819602, 0.000179177310201, 8.86652123882e-05, 0.00010170564201, 5.94456796534e-05, 3.95475144614e-05, 2.6852796509e-05, 3.73215334548e-05, 4.33691639046e-05, 4.00744320359e-05, 3.38167592417e-05, 2.20749170694e-05, 1.51622725753e-05, 1.78055252036e-05, 7.17581451681e-06, 5.50504955754e-06, 6.43956536805e-06, 7.10560607331e-06, 7.11913162377e-06, 8.828398677e-06, 7.39665028959e-06, 3.87051659345e-06, 4.1591642912e-06, 4.97749033457e-06, 4.39730274593e-06, 9.35224591103e-07, 3.60612744998e-07, 2.74352828455e-07, 1.53474090325e-07, 1.35254850875e-07, 8.97062193417e-08, 7.15750090308e-08, 2.98691098521e-08, 2.23098926e-08, 1.49999443977e-08, 1.86342887787e-08, 1.94469951253e-08], "min": [7.3513434998e-25, 4.09693037582e-25, 7.36737709769e-25, 6.10839502904e-25, 1.70118150034e-24, 1.39311415912e-24, 1.99607407557e-24, 1.41315911473e-24, 2.39907254369e-24, 1.65283241267e-24, 2.77427411731e-24, 2.02082793913e-24, 2.63285068409e-24, 2.30516575267e-24, 1.7111063566e-24, 3.18404219528e-24, 2.77093348859e-24, 2.72621000564e-24, 3.70258571183e-24, 3.78934660634e-24, 2.98091248434e-24, 2.4733682526e-24, 2.92826075208e-24, 4.13723939314e-24, 4.010209516e-24, 4.61718473446e-24, 4.12286871403e-24, 5.0568681929e-24, 4.40206867649e-24, 5.2060019526e-24, 4.25493625691e-24, 5.12324334389e-24, 5.38539405004e-24, 4.98974875164e-24, 7.21179637224e-24, 6.23129788175e-24, 5.87530546561e-24, 5.60290430085e-24, 6.28914662965e-24, 6.99165053715e-24], "var": [5.50618821649e-08, 5.28705186298e-07, 3.99364949999e-07, 6.30236911547e-07, 5.32359763383e-07, 3.05667413159e-07, 2.33320690768e-07, 1.02362236021e-07, 1.68252995536e-07, 2.90321395369e-07, 3.59110202908e-07, 2.75782696235e-07, 1.18690138606e-07, 3.051829367e-08, 3.39864030252e-08, 4.08689686537e-08, 3.88694090248e-08, 1.0779826809e-08, 8.43148662e-09, 7.43836237049e-09, 5.12870013125e-09, 6.42687725261e-09, 3.93674781662e-09, 2.30511076893e-09, 1.85076606818e-10, 5.69341240819e-10, 1.20115473123e-09, 2.78361944606e-10, 2.08526459988e-11, 7.78950254993e-12, 5.50780991995e-12, 3.13981891702e-12, 2.56300579718e-12, 1.36439199782e-12, 6.55262682222e-13, 2.86290793589e-13, 8.24265718072e-14, 4.57397418823e-14, 4.94683165416e-14, 8.69938073401e-14]}, "melbands_crest": {"dmean": 2.49169778824, "dmean2": 3.83738517761, "dvar": 5.82562541962, "dvar2": 14.4590482712, "max": 29.5985870361, "mean": 12.4993200302, "median": 11.6654262543, "min": 1.4744579792, "var": 25.198513031}, "melbands_flatness_db": {"dmean": 0.0161925144494, "dmean2": 0.0230046361685, "dvar": 0.000309662515065, "dvar2": 0.000533501093742, "max": 0.409291535616, "mean": 0.211800500751, "median": 0.208972513676, "min": 0.00219581369311, "var": 0.00331359542906}, "melbands_kurtosis": {"dmean": 2.27398848534, "dmean2": 3.45539522171, "dvar": 11.7650842667, "dvar2": 25.5906639099, "max": 80.8520889282, "mean": 5.0670003891, "median": 2.77798676491, "min": -1.82958424091, "var": 49.9063339233}, "melbands_skewness": {"dmean": 0.403990507126, "dmean2": 0.596604466438, "dvar": 0.169958412647, "dvar2": 0.348900705576, "max": 8.32785129547, "mean": 1.63021671772, "median": 1.4892680645, "min": -1.61272358894, "var": 1.44420921803}, "melbands_spread": {"dmean": 5.14611387253, "dmean2": 7.72840595245, "dvar": 49.8505897522, "dvar2": 106.610031128, "max": 185.136489868, "mean": 26.8351154327, "median": 22.3380393982, "min": 2.07084083557, "var": 416.55279541}, "mfcc": {"cov": [[7458.27636719, 701.580078125, -911.469848633, 171.340057373, -300.283081055, -188.865356445, 27.4801025391, 38.5482063293, -55.4488449097, 141.887542725, -94.3702850342, -250.82749939, 17.4218177795], [701.580078125, 1422.7989502, -67.6800537109, -24.8503227234, 15.8854513168, 26.3335723877, 209.793243408, 27.1079311371, -4.6390504837, 75.8465118408, 38.4440078735, 13.9611930847, -18.6126308441], [-911.469848633, -67.6800537109, 579.035522461, 105.053512573, 126.966682434, 85.2523880005, -30.9858646393, -20.6654930115, -4.70706701279, -83.1064987183, 42.0835838318, 91.0263366699, 16.1546096802], [171.340057373, -24.8503227234, 105.053512573, 411.360931396, 159.018692017, -32.3105316162, -138.110076904, -11.294675827, -21.4783096313, -25.7016353607, -31.5633850098, 3.04887485504, 52.4691429138], [-300.283081055, 15.8854513168, 126.966682434, 159.018692017, 297.347351074, 29.8034324646, -102.187667847, -65.4761810303, 3.85358142853, -10.3245601654, -2.59301042557, 30.5291461945, 26.1966056824], [-188.865356445, 26.3335723877, 85.2523880005, -32.3105316162, 29.8034324646, 212.880203247, 112.789344788, 6.30281734467, 0.971641182899, -27.4189929962, 27.3991565704, 45.1177444458, -7.1958899498], [27.4801025391, 209.793243408, -30.9858646393, -138.110076904, -102.187667847, 112.789344788, 310.22442627, 99.1037597656, 3.46472501755, -1.47964143753, 37.3893814087, 33.6442527771, -7.25128889084], [38.5482063293, 27.1079311371, -20.6654930115, -11.294675827, -65.4761810303, 6.30281734467, 99.1037597656, 170.636627197, 26.7336463928, 19.5591983795, 8.75768947601, 7.32194662094, 19.4748516083], [-55.4488449097, -4.6390504837, -4.70706701279, -21.4783096313, 3.85358142853, 0.971641182899, 3.46472501755, 26.7336463928, 148.552597046, 70.5335998535, 3.45919394493, -9.65609169006, -3.91204023361], [141.887542725, 75.8465118408, -83.1064987183, -25.7016353607, -10.3245601654, -27.4189929962, -1.47964143753, 19.5591983795, 70.5335998535, 200.174530029, 36.0630569458, -28.4257526398, -4.17696475983], [-94.3702850342, 38.4440078735, 42.0835838318, -31.5633850098, -2.59301042557, 27.3991565704, 37.3893814087, 8.75768947601, 3.45919394493, 36.0630569458, 105.337562561, 31.7064571381, -19.4595489502], [-250.82749939, 13.9611930847, 91.0263366699, 3.04887485504, 30.5291461945, 45.1177444458, 33.6442527771, 7.32194662094, -9.65609169006, -28.4257526398, 31.7064571381, 120.391555786, 16.6894798279], [17.4218177795, -18.6126308441, 16.1546096802, 52.4691429138, 26.1966056824, -7.1958899498, -7.25128889084, 19.4748516083, -3.91204023361, -4.17696475983, -19.4595489502, 16.6894798279, 101.591362]], "icov": [[0.000195728847757, -9.55868890742e-05, 0.000275387283182, -0.000227523109061, 0.000219129200559, -4.324497786e-05, 2.45674273174e-05, 5.76057391299e-05, 4.02637124353e-05, 1.09231439183e-06, -3.9898459363e-05, 0.000192307750694, -8.3856524725e-05], [-9.55868890742e-05, 0.000909063208383, -8.43082088977e-05, -6.24075983069e-05, -0.000422120006988, 0.000386107829399, -0.000990781700239, 0.000257621868514, 0.000151167696458, -0.000396653893404, 4.04915808758e-05, -0.000144714635098, 0.000265715789283], [0.000275387283182, -8.43082088977e-05, 0.0028109299019, -0.000689158332534, -0.000194569132873, -0.000733371125534, 0.000437067530584, 8.46818420541e-06, -0.000444467033958, 0.00106199609581, -0.001175458543, -0.000770697486587, -0.00019791937666], [-0.000227523109061, -6.24075983069e-05, -0.000689158332534, 0.00409717857838, -0.00183754926547, 8.94922632142e-05, 0.00150953477714, -0.00137089181226, 0.000632020412013, 0.000168962971657, 0.0005229243543, 0.000138668649015, -0.00101952324621], [0.000219129200559, -0.000422120006988, -0.000194569132873, -0.00183754926547, 0.00581206474453, -0.00148523668759, 0.00145092175808, 0.00157217355445, -0.000611704715993, -0.000240904671955, -9.38442826737e-05, -0.00067888997728, -0.00087657495169], [-4.324497786e-05, 0.000386107829399, -0.000733371125534, 8.94922632142e-05, -0.00148523668759, 0.00735510373488, -0.00365107716061, 0.0011357634794, -0.000401702069212, 0.000471094885143, -0.00035331302206, -0.000931060465518, 0.000663366867229], [2.45674273174e-05, -0.000990781700239, 0.000437067530584, 0.00150953477714, 0.00145092175808, -0.00365107716061, 0.00768808368593, -0.00345951737836, 0.000290582393063, 0.000665229745209, -0.000926925276872, -0.000648183224257, -0.000488209683681], [5.76057391299e-05, 0.000257621868514, 8.46818420541e-06, -0.00137089181226, 0.00157217355445, 0.0011357634794, -0.00345951737836, 0.00878624711186, -0.00156547618099, -0.000424765632488, -0.000251818972174, -0.000210664584301, -0.00160356448032], [4.02637124353e-05, 0.000151167696458, -0.000444467033958, 0.000632020412013, -0.000611704715993, -0.000401702069212, 0.000290582393063, -0.00156547618099, 0.00874187983572, -0.00342742889188, 0.00143491162453, 0.000127916282509, 0.000664716877509], [1.09231439183e-06, -0.000396653893404, 0.00106199609581, 0.000168962971657, -0.000240904671955, 0.000471094885143, 0.000665229745209, -0.000424765632488, -0.00342742889188, 0.007812961936, -0.00378771661781, 0.00165950565133, -0.000913500320166], [-3.9898459363e-05, 4.04915808758e-05, -0.001175458543, 0.0005229243543, -9.38442826737e-05, -0.00035331302206, -0.000926925276872, -0.000251818972174, 0.00143491162453, -0.00378771661781, 0.0133505845442, -0.00348481256515, 0.0029416626785], [0.000192307750694, -0.000144714635098, -0.000770697486587, 0.000138668649015, -0.00067888997728, -0.000931060465518, -0.000648183224257, -0.000210664584301, 0.000127916282509, 0.00165950565133, -0.00348481256515, 0.0116728553548, -0.00241729943082], [-8.3856524725e-05, 0.000265715789283, -0.00019791937666, -0.00101952324621, -0.00087657495169, 0.000663366867229, -0.000488209683681, -0.00160356448032, 0.000664716877509, -0.000913500320166, 0.0029416626785, -0.00241729943082, 0.0119586437941]], "mean": [-691.063232422, 149.371170044, -37.1962547302, 26.9989871979, -4.85348749161, -7.49852132797, 6.13114786148, -1.93273675442, -10.0714073181, -5.5002989769, -5.699614048, -4.99481725693, 1.66558110714]}, "pitch_salience": {"dmean": 0.0565533638, "dmean2": 0.0891795232892, "dvar": 0.00267489859834, "dvar2": 0.0066358987242, "max": 0.99131333828, "mean": 0.574655890465, "median": 0.575797438622, "min": 0.178525954485, "var": 0.011931695044}, "silence_rate_20dB": {"dmean": 0, "dmean2": 0, "dvar": 0, "dvar2": 0, "max": 1, "mean": 1, "median": 1, "min": 1, "var": 0}, "silence_rate_30dB": {"dmean": 0, "dmean2": 0, "dvar": 0, "dvar2": 0, "max": 1, "mean": 1, "median": 1, "min": 1, "var": 0}, "silence_rate_60dB": {"dmean": 0.0215466357768, "dmean2": 0.0430996306241, "dvar": 0.0210822485387, "dvar2": 0.0459664426744, "max": 1, "mean": 0.0898627713323, "median": 0, "min": 0, "var": 0.0817896053195}, "spectral_centroid": {"dmean": 191.046157837, "dmean2": 284.313751221, "dvar": 55300.9335938, "dvar2": 111524.015625, "max": 11861.7402344, "mean": 1557.55541992, "median": 1364.84802246, "min": 309.815643311, "var": 1758597.25}, "spectral_complexity": {"dmean": 2.2865998745, "dmean2": 3.57372689247, "dvar": 5.6005525589, "dvar2": 11.5019197464, "max": 44, "mean": 15.9454030991, "median": 16, "min": 0, "var": 50.549533844}, "spectral_contrast_coeffs": {"dmean": [0.0418672263622, 0.0402931347489, 0.0374401509762, 0.0304776448756, 0.0233664363623, 0.0152290035039], "dmean2": [0.0675583705306, 0.0647202953696, 0.059649374336, 0.0483494289219, 0.035759717226, 0.0234928801656], "dvar": [0.001265572384, 0.0012599035399, 0.00106320681516, 0.000626423046924, 0.000400530552724, 0.000210518948734], "dvar2": [0.00305095920339, 0.00307340594009, 0.00243836431764, 0.00148937141057, 0.000843461428303, 0.000444840086857], "max": [-0.251213669777, -0.419239163399, -0.425828248262, -0.509424448013, -0.525886356831, -0.610648870468], "mean": [-0.590133070946, -0.706950247288, -0.719707787037, -0.73789203167, -0.740226387978, -0.76146954298], "median": [-0.5916929245, -0.710575282574, -0.726877272129, -0.740754187107, -0.740939319134, -0.754568874836], "min": [-0.996001124382, -0.99490994215, -0.979856967926, -0.975128591061, -0.976517379284, -0.966505587101], "var": [0.0108940089121, 0.00621668389067, 0.00702880509198, 0.00429422827438, 0.00400079088286, 0.00201341230422]}, "spectral_contrast_valleys": {"dmean": [0.364900410175, 0.333633184433, 0.306061416864, 0.268929481506, 0.242630854249, 0.212149038911], "dmean2": [0.585440456867, 0.540779590607, 0.492316514254, 0.419847548008, 0.348637968302, 0.260920912027], "dvar": [0.11364595592, 0.110858641565, 0.102799914777, 0.0805064886808, 0.0780798122287, 0.0746020451188], "dvar2": [0.242521718144, 0.234780862927, 0.198046460748, 0.136851936579, 0.112308703363, 0.0883933827281], "max": [-6.17476940155, -5.13676548004, -4.96070432663, -6.09677648544, -6.14289665222, -8.60370922089], "mean": [-8.403673172, -7.43150758743, -7.91439151764, -8.41322422028, -8.27861976624, -11.6590204239], "median": [-8.00881385803, -7.06070280075, -7.54880952835, -8.05014419556, -7.88951349258, -11.4199075699], "min": [-28.2933998108, -27.9980926514, -27.88230896, -27.814453125, -27.5618896484, -27.4576816559], "var": [6.55587768555, 6.81694746017, 6.771900177, 6.37031793594, 6.48707723618, 4.45126485825]}, "spectral_decrease": {"dmean": 7.52828466233e-10, "dmean2": 1.05048958421e-09, "dvar": 8.88357443091e-19, "dvar2": 1.55434671384e-18, "max": 1.01043678626e-16, "mean": -4.28358282178e-09, "median": -3.6174205853e-09, "min": -1.56751287506e-08, "var": 9.6806957136e-18}, "spectral_energy": {"dmean": 0.00305178621784, "dmean2": 0.00423612631857, "dvar": 1.47349446706e-05, "dvar2": 2.50550983765e-05, "max": 0.0668009743094, "mean": 0.0176653396338, "median": 0.0147184440866, "min": 9.7709934376e-21, "var": 0.000169095073943}, "spectral_energyband_high": {"dmean": 9.54889546847e-05, "dmean2": 0.000142013363075, "dvar": 4.51185364625e-08, "dvar2": 9.39950552947e-08, "max": 0.00520917912945, "mean": 0.000228305914789, "median": 0.000114917085739, "min": 7.18561619926e-21, "var": 1.21737755876e-07}, "spectral_energyband_low": {"dmean": 0.000662659644149, "dmean2": 0.000967995612882, "dvar": 1.67330131262e-06, "dvar2": 3.38744393957e-06, "max": 0.0261427182704, "mean": 0.00191575160716, "median": 0.00084346125368, "min": 7.33945299937e-24, "var": 7.37697882869e-06}, "spectral_energyband_middle_high": {"dmean": 0.00160609954037, "dmean2": 0.0022004051134, "dvar": 6.03597209192e-06, "dvar2": 9.32201146497e-06, "max": 0.0568435452878, "mean": 0.00707291858271, "median": 0.0035159282852, "min": 1.0120153927e-21, "var": 7.83637515269e-05}, "spectral_energyband_middle_low": {"dmean": 0.00234654988162, "dmean2": 0.00335365487263, "dvar": 9.74161503109e-06, "dvar2": 2.01666971407e-05, "max": 0.0489808470011, "mean": 0.00909380149096, "median": 0.00690935691819, "min": 1.49552010598e-22, "var": 6.19137936155e-05}, "spectral_entropy": {"dmean": 0.123876921833, "dmean2": 0.174809455872, "dvar": 0.0177628919482, "dvar2": 0.0284342393279, "max": 9.83014774323, "mean": 7.18156528473, "median": 7.14629125595, "min": 5.73183727264, "var": 0.216379180551}, "spectral_flux": {"dmean": 0.0142016941682, "dmean2": 0.0219958964735, "dvar": 0.000266344897682, "dvar2": 0.000565043534152, "max": 0.243209570646, "mean": 0.054261919111, "median": 0.0469919890165, "min": 6.28421481519e-11, "var": 0.0011059116805}, "spectral_kurtosis": {"dmean": 2.32371091843, "dmean2": 3.98690867424, "dvar": 5.47923088074, "dvar2": 15.5056238174, "max": 34.6483688354, "mean": 7.54724264145, "median": 6.62987852097, "min": -1.25944805145, "var": 16.7970542908}, "spectral_rms": {"dmean": 0.000367379572708, "dmean2": 0.000504695111886, "dvar": 1.81859093118e-07, "dvar2": 2.84854081656e-07, "max": 0.00807289779186, "mean": 0.00382224866189, "median": 0.00378938764334, "min": 3.08750334327e-12, "var": 2.62485809799e-06}, "spectral_rolloff": {"dmean": 283.703582764, "dmean2": 471.93347168, "dvar": 298913.84375, "dvar2": 600570.1875, "max": 20758.0078125, "mean": 1808.26269531, "median": 1335.05859375, "min": 21.533203125, "var": 5819490}, "spectral_skewness": {"dmean": 0.248975068331, "dmean2": 0.411895275116, "dvar": 0.0542878061533, "dvar2": 0.140536591411, "max": 4.5331196785, "mean": 1.66697490215, "median": 1.57745921612, "min": -0.0810033977032, "var": 0.338894307613}, "spectral_spread": {"dmean": 252572.125, "dmean2": 365912.75, "dvar": 236984844288, "dvar2": 407193911296, "max": 42004328, "mean": 3606584.5, "median": 2882782.25, "m