{"lowlevel": {"average_loudness": 0.921219050884, "barkbands": {"dmean": [1.54331264639e-05, 0.0010204676073, 0.00102942064404, 0.000300451909425, 0.000652583315969, 0.000634149590041, 0.000612401054241, 0.000603171472903, 0.0011226729257, 0.000452941807453, 0.000525625888258, 0.000594956858549, 0.000746003701352, 0.000542271591257, 0.000835314567667, 0.000528438715264, 0.000462464144221, 0.000348631321685, 0.00026671696105, 0.000229040058912, 0.000159843766596, 0.000119468968478, 0.000107277228381, 6.0529095208e-05, 4.25468169851e-05, 1.13919350042e-05, 7.59438080422e-07], "dmean2": [2.68389158009e-05, 0.00169151823502, 0.00154858909082, 0.00048397021601, 0.00107624079101, 0.00104715535417, 0.00101243564859, 0.000946480431594, 0.00170946877915, 0.000712486391421, 0.000773520150688, 0.00091431196779, 0.0011140279239, 0.000828618940432, 0.00128175376449, 0.00082332547754, 0.000717946328223, 0.000542551453691, 0.000404693826567, 0.000338264420861, 0.000226480595302, 0.000167898877407, 0.000146313512232, 8.33782178233e-05, 5.64257097722e-05, 1.44995974551e-05, 9.86665895653e-07], "dvar": [4.7812986903e-10, 2.2146568881e-06, 2.72175475402e-06, 2.8595033541e-07, 1.56709290877e-06, 1.00848740203e-06, 1.14054125788e-06, 1.41282100685e-06, 3.60844524039e-06, 6.91871605341e-07, 1.40709869356e-06, 1.95190909835e-06, 2.27915074902e-06, 9.51330832777e-07, 2.49037202593e-06, 1.16914452519e-06, 7.5279677958e-07, 3.24899275483e-07, 2.56753850181e-07, 1.6558186644e-07, 5.98959601916e-08, 6.81838159267e-08, 6.30287289027e-08, 2.594473969e-08, 4.52664927764e-09, 2.46418774275e-10, 1.21182794702e-12], "dvar2": [1.33290578574e-09, 5.61183878744e-06, 5.09121628056e-06, 6.99432177953e-07, 4.02074829253e-06, 2.50332186624e-06, 2.80140375253e-06, 3.05914409182e-06, 7.84222083894e-06, 1.54368478889e-06, 2.37894096244e-06, 4.10036454923e-06, 4.54846622233e-06, 2.01601278604e-06, 5.68022323932e-06, 2.53114512816e-06, 1.68838107584e-06, 7.55586825107e-07, 5.38214180779e-07, 3.63148444649e-07, 1.21395629549e-07, 1.2351468115e-07, 1.15192946737e-07, 5.04940160795e-08, 9.21322929059e-09, 4.72732575307e-10, 2.41394187625e-12], "max": [0.000388224696508, 0.0275848582387, 0.0284217372537, 0.0101088304073, 0.0138454409316, 0.0216143038124, 0.0244035106152, 0.0265124496073, 0.0403432622552, 0.0254660136998, 0.035653360188, 0.0428827218711, 0.0433156192303, 0.0221071839333, 0.0363716073334, 0.0347852371633, 0.0150014990941, 0.0132761374116, 0.01802595146, 0.0172461420298, 0.00694792997092, 0.00886489264667, 0.0108203720301, 0.00818482227623, 0.00153628236149, 0.000193504238268, 1.83133761311e-05], "mean": [1.74208962562e-05, 0.00198545935564, 0.00246951240115, 0.000520338013303, 0.000930797075853, 0.00100022694096, 0.0010565725388, 0.0010695788078, 0.00229873461649, 0.000765494536608, 0.00100458983798, 0.00105357880238, 0.00151130766608, 0.000980781274848, 0.00155932176858, 0.000938936136663, 0.000867187220138, 0.000639992358629, 0.000472413608804, 0.000452656880952, 0.000294906116324, 0.000216400731006, 0.000185307260836, 9.63767379289e-05, 6.90634333296e-05, 1.83433567145e-05, 1.18064292565e-06], "median": [9.32926104724e-06, 0.00126265163999, 0.00123088911641, 0.000319227896398, 0.000445136392955, 0.000481611234136, 0.000482039526105, 0.000415480346419, 0.000909228401724, 0.00039357462083, 0.000299830368022, 0.000322018575389, 0.000382764759706, 0.000347595574567, 0.000540912267752, 0.000375883158995, 0.000413297035266, 0.000386617350159, 0.000253802485531, 0.000246380805038, 0.000182153089554, 0.000124532845803, 0.00010545594705, 5.11412072228e-05, 3.99044947699e-05, 1.00418737929e-05, 5.93737752297e-07], "min": [2.10227240418e-25, 1.2792931662e-24, 4.37069567829e-25, 1.92613529474e-25, 4.83488470632e-24, 6.36785088773e-24, 7.637798616e-24, 7.05808130284e-24, 1.46415518572e-23, 1.78776849046e-23, 8.98992119591e-24, 1.62157443039e-23, 2.15380342147e-23, 3.75424300603e-23, 3.81596001227e-23, 4.59766405581e-23, 6.00433463182e-23, 6.91598268357e-23, 1.35042422549e-22, 1.45966151846e-22, 2.06006494181e-22, 3.18809059789e-22, 4.06945976996e-22, 5.32348733853e-22, 8.29684166765e-22, 1.09851433175e-21, 1.84330070729e-21], "var": [5.50790857368e-10, 5.06684727952e-06, 9.26205211726e-06, 4.53650841337e-07, 1.8276314222e-06, 2.13446810449e-06, 3.63913204637e-06, 4.06823119192e-06, 1.47532764458e-05, 1.43974750699e-06, 5.58776582693e-06, 6.22227662461e-06, 1.11810413728e-05, 3.51801622855e-06, 7.23318771634e-06, 3.06274910145e-06, 1.79374410436e-06, 6.42354279989e-07, 4.86331032334e-07, 6.37538221326e-07, 1.25405037465e-07, 1.31798401526e-07, 1.08830867873e-07, 4.09026981174e-08, 8.27931767589e-09, 4.801786746e-10, 2.21040850554e-12]}, "barkbands_crest": {"dmean": 2.22341132164, "dmean2": 3.47363162041, "dvar": 4.43284845352, "dvar2": 9.83056735992, "max": 26.9169921875, "mean": 8.70382118225, "median": 7.79833126068, "min": 2.16279029846, "var": 15.9891052246}, "barkbands_flatness_db": {"dmean": 0.019450603053, "dmean2": 0.0262207854539, "dvar": 0.000464426004328, "dvar2": 0.00081333873095, "max": 1, "mean": 0.103050358593, "median": 0.0972719192505, "min": 0.0291544608772, "var": 0.00249593495391}, "barkbands_kurtosis": {"dmean": 5.40902280807, "dmean2": 9.86501216888, "dvar": 45794.5625, "dvar2": 136991.21875, "max": 13300.9755859, "mean": 3.79701685905, "median": -0.159544229507, "min": -1.86728966236, "var": 23982.7070312}, "barkbands_skewness": {"dmean": 0.423073679209, "dmean2": 0.628996789455, "dvar": 2.18284320831, "dvar2": 5.96204471588, "max": 92.1842346191, "mean": 0.481356114149, "median": 0.345348238945, "min": -3.62453985214, "var": 3.28546142578}, "barkbands_spread": {"dmean": 5.53904867172, "dmean2": 8.30365467072, "dvar": 33.3041763306, "dvar2": 74.2865905762, "max": 92.4305038452, "mean": 27.8362922668, "median": 27.1294574738, "min": 0.00306498305872, "var": 116.688064575}, "dissonance": {"dmean": 0.0144315799698, "dmean2": 0.0241762567312, "dvar": 0.000304299523123, "dvar2": 0.000823863432743, "max": 0.49993956089, "mean": 0.473675280809, "median": 0.481268048286, "min": 0, "var": 0.000625873799436}, "dynamic_complexity": 1.94930326939, "erbbands": {"dmean": [0.0146856633946, 0.280291974545, 1.09802138805, 1.03984892368, 1.25900745392, 3.04368185997, 2.87601351738, 5.74044704437, 6.57709312439, 11.9509716034, 15.5695867538, 26.7332420349, 13.4539041519, 16.1662311554, 21.1996002197, 22.4986934662, 30.9761657715, 26.5996837616, 36.5094261169, 37.4371681213, 25.3443508148, 24.3927650452, 19.3158016205, 13.029540062, 13.0357627869, 11.0590362549, 7.42143917084, 5.49160432816, 4.43175601959, 3.64763712883, 3.18145990372, 1.62873101234, 0.869801282883, 0.570026695728, 0.260958105326, 0.0788990706205, 0.0167848598212, 0.00200893986039, 0.000130022483063, 9.61050864134e-06], "dmean2": [0.0239634998143, 0.467593222857, 1.70992934704, 1.56956076622, 2.10387349129, 5.05892848969, 4.5227599144, 9.59389686584, 11.0670452118, 19.2159862518, 24.1507568359, 40.544708252, 20.9497470856, 24.7791728973, 30.9603939056, 34.1038360596, 45.5439186096, 40.4134750366, 56.9245223999, 57.2003364563, 38.9365959167, 37.6639022827, 29.6591110229, 19.6842842102, 19.6870269775, 16.2050933838, 10.8274316788, 7.87119150162, 6.29021835327, 5.09078836441, 4.36368274689, 2.23921966553, 1.22472786903, 0.781806051731, 0.347164452076, 0.102432750165, 0.021365346387, 0.0025314798113, 0.000161398056662, 1.22122328321e-05], "dvar": [0.000480782007799, 0.165628880262, 2.53650379181, 2.73753380775, 4.74181318283, 38.0614738464, 25.2363166809, 98.7971496582, 139.423660278, 445.343048096, 800.229492188, 2338.11914062, 678.837768555, 717.423278809, 2195.64160156, 2124.96826172, 4568.75390625, 2415.14404297, 5226.15917969, 5050.71044922, 2535.01391602, 2333.80395508, 968.457763672, 508.254425049, 532.145690918, 483.999267578, 125.735404968, 96.2307739258, 91.5550689697, 84.5992507935, 45.1678771973, 17.7016487122, 4.99518299103, 0.953997552395, 0.154810920358, 0.0118691585958, 0.00052517990116, 7.77659533924e-06, 3.33905028072e-08, 1.29934715765e-10], "dvar2": [0.00122848933097, 0.420208901167, 5.47569084167, 5.62896251678, 12.5860719681, 98.012588501, 58.1917381287, 251.203018188, 355.515258789, 1084.50585938, 1709.66052246, 5062.77880859, 1536.38964844, 1535.74279785, 3977.03027344, 4375.15185547, 8916.76171875, 5146.65332031, 12548.3564453, 10925.796875, 5182.52294922, 4998.04980469, 2234.0012207, 1121.16772461, 1119.07885742, 1089.23461914, 265.316741943, 190.069885254, 162.355651855, 171.45942688, 84.319984436, 34.1875190735, 10.3892679214, 1.93918955326, 0.322185009718, 0.023378143087, 0.00100202334579, 1.47990776895e-05, 6.42663451345e-08, 2.40816200314e-10], "max": [0.387379944324, 7.58891105652, 25.7932052612, 26.3723430634, 28.9549331665, 66.2715148926, 143.595901489, 171.905929565, 415.437072754, 433.570281982, 639.100036621, 1157.96789551, 912.17590332, 743.190673828, 1259.11401367, 1617.98400879, 2178.31762695, 1278.21655273, 1854.89221191, 2337.68164062, 1295.44787598, 977.941772461, 725.883178711, 594.800720215, 808.649108887, 927.679199219, 225.126159668, 388.6378479, 367.171691895, 345.572845459, 269.950042725, 215.257751465, 85.3711395264, 25.6187877655, 10.1499605179, 1.35802710056, 0.30951154232, 0.0412485636771, 0.00283506745473, 0.000139795214636], "mean": [0.0264625120908, 0.573850870132, 2.65132665634, 2.39282870293, 2.1153011322, 3.85563206673, 4.6713681221, 8.60179615021, 10.0040254593, 22.9104061127, 31.4380607605, 53.843585968, 26.0488834381, 31.8113079071, 42.2254257202, 46.2602043152, 66.1421127319, 56.0044746399, 70.1655044556, 72.3851547241, 52.1048698425, 47.2617492676, 38.7459526062, 24.9661960602, 24.5161018372, 21.8046913147, 14.357465744, 9.90387821198, 8.05603122711, 6.39513540268, 5.35692358017, 2.6617808342, 1.34166896343, 0.884899139404, 0.429493159056, 0.128851085901, 0.0266939532012, 0.00318978377618, 0.000218560075155, 3.645752804e-05], "median": [0.0150528326631, 0.391276091337, 1.72976434231, 1.43892383575, 1.29145276546, 1.69916093349, 2.27251815796, 4.01148080826, 5.07101345062, 10.4557857513, 14.9892969131, 20.9972858429, 14.850030899, 17.3436260223, 14.8894443512, 17.468454361, 19.218952179, 21.5158157349, 30.5671977997, 30.3090515137, 23.2220859528, 23.2260551453, 23.9574985504, 13.937505722, 14.2102117538, 11.5011892319, 8.95849227905, 5.604388237, 4.7425198555, 3.49593186378, 3.02114152908, 1.46112334728, 0.71169257164, 0.481214016676, 0.25357401371, 0.0733907520771, 0.0142959970981, 0.00163977977354, 0.000118242474855, 3.41237500834e-05], "min": [4.49864055519e-23, 3.99196687091e-22, 9.75442236037e-22, 4.00652240222e-21, 2.61502730122e-21, 1.47803265258e-20, 4.57878945678e-20, 5.65687236681e-20, 1.40266787154e-19, 1.33032950526e-19, 2.99882336962e-19, 3.46331992176e-19, 5.68727461474e-19, 6.74808980637e-19, 7.80800182017e-19, 1.02437716186e-18, 9.20855921793e-19, 1.84591268033e-18, 2.46645695842e-18, 2.4054753425e-18, 3.07591598233e-18, 4.02509973817e-18, 4.14128842214e-18, 4.81991029181e-18, 6.93976078919e-18, 6.6095143063e-18, 8.25799882675e-18, 7.00538681745e-18, 1.15646682147e-17, 1.09507289738e-17, 1.18943476653e-17, 9.3921726344e-18, 9.39989105669e-18, 7.59588624133e-18, 6.32114756424e-18, 4.46565902755e-18, 2.13755464403e-18, 9.98019465235e-19, 2.41827777194e-19, 2.39368879426e-20], "var": [0.0011132376967, 0.371388375759, 7.54492998123, 8.44388103485, 5.90130805969, 39.2441825867, 57.9746284485, 172.863235474, 233.083877563, 1566.72338867, 2437.44750977, 9575.96679688, 1413.82568359, 2094.828125, 8224.27441406, 7796.48681641, 23171.796875, 11292.3212891, 14575.9501953, 15266.25, 8137.93798828, 5270.09765625, 2127.28344727, 1083.89880371, 1040.24938965, 1768.9934082, 313.851593018, 183.28956604, 179.364273071, 142.345031738, 78.1012573242, 27.683259964, 7.63352108002, 1.66581428051, 0.283283293247, 0.0229199491441, 0.00103811873123, 1.51887525135e-05, 6.56397176613e-08, 3.9740172264e-10]}, "erbbands_crest": {"dmean": 2.6729927063, "dmean2": 4.15676403046, "dvar": 7.14433717728, "dvar2": 15.9937572479, "max": 35.7714080811, "mean": 9.82243537903, "median": 8.52275466919, "min": 2.18510198593, "var": 29.3102169037}, "erbbands_flatness_db": {"dmean": 0.0187099743634, "dmean2": 0.0256186537445, "dvar": 0.000349042966263, "dvar2": 0.000614399032202, "max": 0.449410259724, "mean": 0.161728143692, "median": 0.157253086567, "min": 0.0282948445529, "var": 0.00192637403961}, "erbbands_kurtosis": {"dmean": 1.08688890934, "dmean2": 1.70118403435, "dvar": 28.7496013641, "dvar2": 57.4609222412, "max": 319.889251709, "mean": 1.43962538242, "median": 0.225532054901, "min": -1.64609849453, "var": 114.02003479}, "erbbands_skewness": {"dmean": 0.326930046082, "dmean2": 0.482558459044, "dvar": 0.156346917152, "dvar2": 0.320899963379, "max": 16.6363697052, "mean": 0.061705391854, "median": -0.0125961778685, "min": -3.36043930054, "var": 0.899542748928}, "erbbands_spread": {"dmean": 6.28905391693, "dmean2": 9.44623947144, "dvar": 49.6836051941, "dvar2": 105.65410614, "max": 102.703567505, "mean": 29.68475914, "median": 27.1908168793, "min": 1.29216611385, "var": 224.351409912}, "gfcc": {"cov": [[38409.4765625, 1534.49243164, -4338.83837891, 959.629760742, -1921.55493164, 699.627380371, -1252.93981934, 384.513000488, -699.670043945, 158.52784729, -718.852050781, -121.551391602, -520.465515137], [1534.49243164, 847.219177246, -333.436126709, 34.9304847717, 6.34571838379, -18.6092433929, 63.6432418823, 15.2678394318, 29.5344028473, -75.1371536255, 18.5145740509, -86.0755081177, -21.648103714], [-4338.83837891, -333.436126709, 995.843444824, -39.5569953918, 82.2383422852, -74.7466964722, 74.9430465698, -4.36170101166, 59.0007705688, 20.2445755005, 25.9953041077, 35.9182739258, 21.4108352661], [959.629760742, 34.9304847717, -39.5569953918, 295.044219971, 1.54757404327, -37.6053314209, -91.5683364868, 0.706336855888, 26.7732639313, 12.1209621429, -35.8625869751, -0.480062067509, 47.9787406921], [-1921.55493164, 6.34571838379, 82.2383422852, 1.54757404327, 302.20223999, 0.878002285957, 77.5498809814, -14.2787437439, 64.6205368042, -18.3394622803, 25.8195953369, -11.9533319473, 40.0848388672], [699.627380371, -18.6092433929, -74.7466964722, -37.6053314209, 0.878002285957, 179.153945923, 65.9327468872, -1.23660671711, -53.8306465149, -0.380389750004, -3.82803177834, -14.34304142, -44.3265647888], [-1252.93981934, 63.6432418823, 74.9430465698, -91.5683364868, 77.5498809814, 65.9327468872, 215.322494507, 13.2096061707, -9.50698947906, -23.3637504578, 49.8240089417, -20.505399704, -9.64519786835], [384.513000488, 15.2678394318, -4.36170101166, 0.706336855888, -14.2787437439, -1.23660671711, 13.2096061707, 103.096328735, 42.3874702454, 9.77356910706, -28.2050189972, -3.98228096962, -7.0147767067], [-699.670043945, 29.5344028473, 59.0007705688, 26.7732639313, 64.6205368042, -53.8306465149, -9.50698947906, 42.3874702454, 125.453903198, 16.3847408295, -13.5006427765, -11.5675888062, 33.056968689], [158.52784729, -75.1371536255, 20.2445755005, 12.1209621429, -18.3394622803, -0.380389750004, -23.3637504578, 9.77356910706, 16.3847408295, 68.5540390015, 6.83128070831, 10.0359334946, -0.336337178946], [-718.852050781, 18.5145740509, 25.9953041077, -35.8625869751, 25.8195953369, -3.82803177834, 49.8240089417, -28.2050189972, -13.5006427765, 6.83128070831, 108.580886841, 38.7899894714, 2.02872157097], [-121.551391602, -86.0755081177, 35.9182739258, -0.480062067509, -11.9533319473, -14.34304142, -20.505399704, -3.98228096962, -11.5675888062, 10.0359334946, 38.7899894714, 90.7085418701, 35.1011161804], [-520.465515137, -21.648103714, 21.4108352661, 47.9787406921, 40.0848388672, -44.3265647888, -9.64519786835, -7.0147767067, 33.056968689, -0.336337178946, 2.02872157097, 35.1011161804, 98.2813644409]], "icov": [[0.000553478603251, -0.000856128928717, 0.00155176024418, -0.00124081177637, 0.00162291398738, -0.00167625502218, 0.00181612593587, -0.00194842496421, 0.00199059094302, -0.00160252221394, 0.00207508797757, -0.00142453389708, 0.00142228777986], [-0.000856128928717, 0.00327028357424, -0.00173333007842, 0.00144442624878, -0.00209351023659, 0.00307932053693, -0.00344096217304, 0.00282487343065, -0.00406710756943, 0.00454985629767, -0.00455873273313, 0.0038872952573, -0.00194505334366], [0.00155176024418, -0.00173333007842, 0.00578998588026, -0.0036333471071, 0.00452909152955, -0.0037288563326, 0.00387026136741, -0.00484193721786, 0.00465712370351, -0.00438245339319, 0.00615476630628, -0.00461590383202, 0.00479349354282], [-0.00124081177637, 0.00144442624878, -0.0036333471071, 0.00732597429305, -0.00399808492512, 0.00334340985864, -0.00181519379839, 0.00386122264899, -0.00393383717164, 0.00272648292594, -0.00435013184324, 0.00429103057832, -0.00591183779761], [0.00162291398738, -0.00209351023659, 0.00452909152955, -0.00399808492512, 0.00973814632744, -0.0057078320533, 0.00372031517327, -0.00393046298996, 0.00224764528684, -0.00282211694866, 0.00501790642738, -0.0032585284207, 0.00293139414862], [-0.00167625502218, 0.00307932053693, -0.0037288563326, 0.00334340985864, -0.0057078320533, 0.014194807969, -0.00946741178632, 0.00642756279558, -0.00322397681884, 0.00287059671246, -0.00328925182112, 0.0026992035564, -0.000560639367905], [0.00181612593587, -0.00344096217304, 0.00387026136741, -0.00181519379839, 0.00372031517327, -0.00946741178632, 0.0164065454155, -0.0109186824411, 0.00880079902709, -0.00297242193483, 0.000469073158456, 0.000842154957354, 0.000665357802063], [-0.00194842496421, 0.00282487343065, -0.00484193721786, 0.00386122264899, -0.00393046298996, 0.00642756279558, -0.0109186824411, 0.0225155781955, -0.0143069401383, 0.00400564353913, -0.000656555755995, -0.00082350091543, -0.000355100928573], [0.00199059094302, -0.00406710756943, 0.00465712370351, -0.00393383717164, 0.00224764528684, -0.00322397681884, 0.00880079902709, -0.0143069401383, 0.0236133355647, -0.0103355711326, 0.00691751530394, -0.000783003342804, 0.000182401417987], [-0.00160252221394, 0.00454985629767, -0.00438245339319, 0.00272648292594, -0.00282211694866, 0.00287059671246, -0.00297242193483, 0.00400564353913, -0.0103355711326, 0.0244999248534, -0.0110152605921, 0.0055923643522, -0.00363033800386], [0.00207508797757, -0.00455873273313, 0.00615476630628, -0.00435013184324, 0.00501790642738, -0.00328925182112, 0.000469073158456, -0.000656555755995, 0.00691751530394, -0.0110152605921, 0.0265829339623, -0.0170887168497, 0.0104268109426], [-0.00142453389708, 0.0038872952573, -0.00461590383202, 0.00429103057832, -0.0032585284207, 0.0026992035564, 0.000842154957354, -0.00082350091543, -0.000783003342804, 0.0055923643522, -0.0170887168497, 0.0268791522831, -0.0141711635515], [0.00142228777986, -0.00194505334366, 0.00479349354282, -0.00591183779761, 0.00293139414862, -0.000560639367905, 0.000665357802063, -0.000355100928573, 0.000182401417987, -0.00363033800386, 0.0104268109426, -0.0141711635515, 0.0224838722497]], "mean": [-5.3487238884, 74.4776306152, -135.76763916, 33.9106178284, -55.6791305542, 19.2905502319, -33.3637809753, 14.5463047028, -17.6520347595, 4.38819932938, -18.4614086151, -4.00010538101, -14.1537017822]}, "hfc": {"dmean": 8.03850078583, "dmean2": 10.5254554749, "dvar": 102.00403595, "dvar2": 184.213439941, "max": 150.238800049, "mean": 28.2811222076, "median": 25.162279129, "min": 1.05441109729e-16, "var": 363.33996582}, "melbands": {"dmean": [0.000207896184293, 0.000492337625474, 0.000166446407093, 0.000170335493749, 9.22770923353e-05, 0.000127562307171, 0.000106545106973, 0.000129268839373, 0.000149305400555, 0.000158681898029, 6.87704014126e-05, 6.71337475069e-05, 7.67824385548e-05, 6.4581479819e-05, 7.26989310351e-05, 6.45350373816e-05, 5.16648251505e-05, 5.97171310801e-05, 5.74476507609e-05, 4.5601707825e-05, 3.0284629247e-05, 2.81431548501e-05, 2.09701174754e-05, 1.81750128831e-05, 1.03934180515e-05, 1.1161000657e-05, 8.94939057616e-06, 7.49095033825e-06, 5.3137505347e-06, 3.99874897994e-06, 3.05913795273e-06, 2.60150068243e-06, 2.42764076575e-06, 1.96086580218e-06, 1.92935976884e-06, 1.48579078996e-06, 8.64820833613e-07, 6.73592523981e-07, 4.69892000865e-07, 5.12948474807e-07], "dmean2": [0.000341472565196, 0.000784341711551, 0.000251201912761, 0.000285563641228, 0.000143001030665, 0.000212522601942, 0.000178002694156, 0.000205338539672, 0.000229104058235, 0.000241500994889, 0.000107572479465, 0.000104104306956, 0.000112501118565, 9.82795027085e-05, 0.000108840053144, 9.68648600974e-05, 7.85366355558e-05, 9.36970827752e-05, 8.82008171175e-05, 7.08443549229e-05, 4.7121411626e-05, 4.38733732153e-05, 3.22830674122e-05, 2.86249251076e-05, 1.60071085702e-05, 1.70921612153e-05, 1.36804992508e-05, 1.12060279207e-05, 8.02339673101e-06, 5.89476894675e-06, 4.51682308267e-06, 3.82035659641e-06, 3.44380964634e-06, 2.82074006464e-06, 2.71806106866e-06, 2.05885930882e-06, 1.23906852423e-06, 9.75572788775e-07, 6.67139545385e-07, 7.19177819519e-07], "dvar": [9.28421783897e-08, 4.46043060265e-07, 6.7098000045e-08, 1.16557821173e-07, 2.14162785284e-08, 4.60320137563e-08, 3.35384946482e-08, 4.76923744941e-08, 6.29121146289e-08, 7.69785870602e-08, 1.78416730279e-08, 1.24397727674e-08, 3.06823295659e-08, 2.63753126006e-08, 2.4706022117e-08, 1.59445523451e-08, 1.03432684639e-08, 1.38246640802e-08, 1.30234898421e-08, 8.98932928095e-09, 3.81545772754e-09, 3.64463170754e-09, 1.31545951909e-09, 1.07364239721e-09, 3.52268048065e-10, 6.16390216646e-10, 2.19272586199e-10, 2.19693013781e-10, 7.28867383115e-11, 3.66739277835e-11, 4.00190609817e-11, 3.56106776012e-11, 2.99259957093e-11, 3.10310284413e-11, 2.01379954379e-11, 7.68430111209e-12, 7.78692648556e-12, 3.40538036138e-12, 1.09572529002e-12, 7.00503348904e-13], "dvar2": [2.36339715798e-07, 1.0362437024e-06, 1.37496257935e-07, 3.05545455603e-07, 4.86350870688e-08, 1.17291442336e-07, 8.50317576351e-08, 1.13417108594e-07, 1.35040650662e-07, 1.67444170529e-07, 4.03735782584e-08, 2.72161511106e-08, 5.19865785975e-08, 5.25843262267e-08, 4.96711187736e-08, 3.36570202819e-08, 2.14935962362e-08, 3.24492859249e-08, 2.8635867011e-08, 2.02272385508e-08, 8.19130985263e-09, 7.8905078027e-09, 2.97093794011e-09, 2.52853515903e-09, 8.00339239326e-10, 1.25814447749e-09, 4.87352769252e-10, 4.97889729445e-10, 1.58834279063e-10, 7.80617792628e-11, 8.25395030102e-11, 6.72164546245e-11, 6.04992722586e-11, 6.31401528284e-11, 3.86944261355e-11, 1.49144672307e-11, 1.54128185909e-11, 7.1832704715e-12, 2.31498739449e-12, 1.4742571313e-12], "max": [0.0053118923679, 0.00988785177469, 0.00409049820155, 0.00380250718445, 0.00386744644493, 0.00380581617355, 0.00579534098506, 0.00492055853829, 0.00478350184858, 0.00628272816539, 0.00465754559264, 0.00296334456652, 0.00556304026395, 0.00574961630628, 0.00431834952906, 0.00279709720053, 0.00283181737177, 0.00285455258563, 0.00279505574144, 0.00311711616814, 0.00158674735576, 0.00129259913228, 0.000826040341053, 0.00105187704321, 0.000559509324376, 0.00111382547766, 0.000617303012405, 0.000529364391696, 0.000175043169293, 0.000131541950395, 0.000296357669868, 0.000227537486353, 0.000180677263415, 0.000232270860579, 0.000195819637156, 8.15647581476e-05, 0.000161551433848, 8.1006786786e-05, 4.90218008053e-05, 1.71605533978e-05], "mean": [0.000398053118261, 0.00121179153211, 0.000407651619753, 0.000234627790633, 0.000158244583872, 0.000194380889297, 0.000172180589288, 0.000248032622039, 0.000301444408251, 0.000317587517202, 0.000124325975776, 0.000125634338474, 0.000150135907461, 0.000120120144857, 0.000148062259541, 0.00012594270811, 0.000100253455457, 0.000107008439954, 0.000106486535515, 7.90078192949e-05, 5.75382218813e-05, 5.02477450937e-05, 3.90476197936e-05, 3.25498222082e-05, 1.80308688869e-05, 1.89175807463e-05, 1.66821191669e-05, 1.37656506922e-05, 9.50239609665e-06, 7.10620361133e-06, 5.13300028615e-06, 4.48298305855e-06, 4.18902618549e-06, 3.24684356201e-06, 3.15322722599e-06, 2.40795225182e-06, 1.34035713018e-06, 1.00111708434e-06, 7.04517560735e-07, 7.72294413309e-07], "median": [0.000243704445893, 0.00093170668697, 0.000274479971267, 0.000106853141915, 8.26974501251e-05, 9.35145653784e-05, 8.31245270092e-05, 0.000112317997264, 0.00013218690583, 0.000122545068734, 6.45056206849e-05, 6.68672000756e-05, 4.72741994599e-05, 3.55033225787e-05, 4.06590370403e-05, 3.65722371498e-05, 3.19308674079e-05, 4.09719650634e-05, 3.85680687032e-05, 3.01983982354e-05, 2.3893722755e-05, 2.21272875933e-05, 2.19274588744e-05, 1.84613800229e-05, 8.90201226866e-06, 9.76705905487e-06, 9.43750637816e-06, 6.680585102e-06, 5.47280205865e-06, 4.38862525698e-06, 2.61258469436e-06, 2.56157954936e-06, 2.36897517425e-06, 1.66271547641e-06, 1.73260923475e-06, 1.35228663112e-06, 6.92139906278e-07, 5.18255205861e-07, 3.67651750821e-07, 4.15564386458e-07], "min": [2.90306704926e-25, 6.72388353578e-25, 1.22922731999e-24, 8.075157893e-25, 1.50958414697e-24, 1.18994480792e-24, 2.35592303547e-24, 1.12873610421e-24, 1.76492363085e-24, 2.01240191859e-24, 2.61709160979e-24, 2.05722637573e-24, 1.69394606811e-24, 1.95968273872e-24, 2.30406036133e-24, 1.92355902294e-24, 3.08689219987e-24, 3.70633201227e-24, 2.58302090451e-24, 3.27231612501e-24, 3.23240173535e-24, 3.77827336581e-24, 3.7734380429e-24, 3.23701262734e-24, 3.27093127969e-24, 4.6014871913e-24, 3.90218842567e-24, 4.40473542078e-24, 4.677383499e-24, 4.40462616355e-24, 3.65004994213e-24, 5.29662589896e-24, 3.97221442493e-24, 4.95183136337e-24, 4.25069889055e-24, 4.96412260513e-24, 5.60593471002e-24, 5.30205050097e-24, 5.90352144246e-24, 5.42134244149e-24], "var": [2.108808701e-07, 1.19672836263e-06, 1.9641073834e-07, 1.2564203189e-07, 5.1542794921e-08, 8.26366388651e-08, 7.62286376244e-08, 1.61898299211e-07, 2.18440590061e-07, 3.02766380855e-07, 3.70551660467e-08, 3.37498704539e-08, 1.21793505059e-07, 1.02446705341e-07, 1.12318225831e-07, 5.94315707758e-08, 4.65142804273e-08, 3.67102686027e-08, 3.50343860589e-08, 2.07973247512e-08, 1.16539418116e-08, 7.29451565817e-09, 2.99003022342e-09, 2.16822404475e-09, 7.06926406302e-10, 1.03148956043e-09, 7.13820613729e-10, 7.45291384163e-10, 1.76279671416e-10, 7.21320642105e-11, 6.64500260372e-11, 6.2935337497e-11, 5.27341503798e-11, 4.75583149251e-11, 3.18976962899e-11, 1.35320053773e-11, 1.0976586827e-11, 4.90045937857e-12, 1.71767266209e-12, 1.16871963496e-12]}, "melbands_crest": {"dmean": 2.84239816666, "dmean2": 4.53748369217, "dvar": 7.79029989243, "dvar2": 18.3367023468, "max": 40, "mean": 11.8069467545, "median": 11.075466156, "min": 1.59855997562, "var": 27.6928195953}, "melbands_flatness_db": {"dmean": 0.0240591075271, "dmean2": 0.0321554243565, "dvar": 0.000669705274049, "dvar2": 0.00116720062215, "max": 1, "mean": 0.140954092145, "median": 0.137291818857, "min": 0.00239943992347, "var": 0.00379478535615}, "melbands_kurtosis": {"dmean": 8090659, "dmean2": 15367589, "dvar": 193869343363000000, "dvar2": 371018413403000000, "max": 28517982208, "mean": 29098846, "median": 1.14510202408, "min": -1.84929025173, "var": 801364412656000000}, "melbands_skewness": {"dmean": 34.9066162109, "dmean2": 67.1602706909, "dvar": 3674295.5, "dvar2": 7116804.5, "max": 123989.6875, "mean": 127.869552612, "median": 1.08249425888, "min": -3.33604335785, "var": 15140453}, "melbands_spread": {"dmean": 8.45108032227, "dmean2": 12.62196064, "dvar": 101.034454346, "dvar2": 204.513076782, "max": 235.683547974, "mean": 41.8431816101, "median": 38.706325531, "min": 1.52543613297e-08, "var": 556.210632324}, "mfcc": {"cov": [[10759.0097656, 897.322570801, -506.986419678, 85.7687454224, -79.6673965454, 115.248451233, -118.525527954, 12.820854187, -16.8064079285, 69.895401001, -33.2997779846, -61.1884613037, -52.8625488281], [897.322570801, 883.306945801, -136.489974976, 41.8941345215, -17.6985607147, 2.89244604111, 49.4039382935, 87.4534912109, 24.5347099304, 39.8095779419, 58.5425567627, 34.7076034546, -16.8050670624], [-506.986419678, -136.489974976, 534.294555664, 43.0461273193, -33.3636817932, -38.053730011, -30.0856609344, -25.8848495483, -7.64164161682, -8.17460250854, -12.3643884659, 20.2077980042, 12.3856697083], [85.7687454224, 41.8941345215, 43.0461273193, 260.45211792, 96.3870925903, -16.0151729584, -70.1547012329, -20.7662963867, 51.9961013794, 14.9350776672, -41.8550300598, -5.99423742294, 23.9148464203], [-79.6673965454, -17.6985607147, -33.3636817932, 96.3870925903, 179.490768433, 19.6195297241, -61.8115768433, -7.23762702942, 41.8185539246, 16.3769855499, -21.6686058044, -6.38109064102, 6.0902557373], [115.248451233, 2.89244604111, -38.053730011, -16.0151729584, 19.6195297241, 131.886917114, 71.1726379395, 10.7887859344, -7.56653022766, 3.95534896851, 12.5532855988, -3.53223538399, -15.2924871445], [-118.525527954, 49.4039382935, -30.0856609344, -70.1547012329, -61.8115768433, 71.1726379395, 177.950012207, 52.9185829163, -36.7826461792, -1.79878842831, 36.7207107544, 6.61621618271, -13.3463373184], [12.820854187, 87.4534912109, -25.8848495483, -20.7662963867, -7.23762702942, 10.7887859344, 52.9185829163, 96.5741653442, 20.7168140411, 9.0979309082, 15.6252889633, 7.77451276779, 4.63945865631], [-16.8064079285, 24.5347099304, -7.64164161682, 51.9961013794, 41.8185539246, -7.56653022766, -36.7826461792, 20.7168140411, 128.133682251, 52.9535713196, -23.0579795837, -11.527545929, 5.50234556198], [69.895401001, 39.8095779419, -8.17460250854, 14.9350776672, 16.3769855499, 3.95534896851, -1.79878842831, 9.0979309082, 52.9535713196, 92.86328125, 29.1794872284, -11.263885498, -14.3582248688], [-33.2997779846, 58.5425567627, -12.3643884659, -41.8550300598, -21.6686058044, 12.5532855988, 36.7207107544, 15.6252889633, -23.0579795837, 29.1794872284, 93.6023788452, 23.0150775909, -25.1690731049], [-61.1884613037, 34.7076034546, 20.2077980042, -5.99423742294, -6.38109064102, -3.53223538399, 6.61621618271, 7.77451276779, -11.527545929, -11.263885498, 23.0150775909, 64.6628265381, 23.8346366882], [-52.8625488281, -16.8050670624, 12.3856697083, 23.9148464203, 6.0902557373, -15.2924871445, -13.3463373184, 4.63945865631, 5.50234556198, -14.3582248688, -25.1690731049, 23.8346366882, 70.1165542603]], "icov": [[0.000118518451927, -0.000116785486171, 9.71880435827e-05, -5.69662079215e-05, 0.000219209177885, -0.000270560209174, 0.000316945108352, -8.52562006912e-05, 0.000202681025257, -0.000199021902517, 0.00019720212731, 3.53526374965e-05, 5.3656007367e-05], [-0.000116785486171, 0.00155940803234, 0.000316676712828, -0.000623355503194, 0.000243806774961, 0.000380486861104, -0.00026423856616, -0.00115408888087, -0.000108375737909, -0.000211938284338, -0.000479290290968, -0.00102714635432, 0.000672461523209], [9.71880435827e-05, 0.000316676712828, 0.00223555252887, -0.000732609943952, 0.000981720164418, 0.000100994409877, 0.000437055714428, -8.58590356074e-05, 0.000388534506783, -0.000509670120664, 0.000530176737811, -0.00116175622679, 0.000480144342873], [-5.69662079215e-05, -0.000623355503194, -0.000732609943952, 0.0058834310621, -0.00283778388985, 0.000476549903397, 0.000123289195471, 0.0014175347751, -0.00113806745503, -0.000243496251642, 0.00116096204147, 0.000515507359523, -0.00150857085828], [0.000219209177885, 0.000243806774961, 0.000981720164418, -0.00283778388985, 0.00941730942577, -0.00386561895721, 0.00438913423568, -0.00184642057866, -1.06944507934e-05, -0.001186510548, 0.000768254511058, -0.000700420991052, 0.000586462789215], [-0.000270560209174, 0.000380486861104, 0.000100994409877, 0.000476549903397, -0.00386561895721, 0.0121615333483, -0.0069696623832, 0.00216087861918, -0.00109766388778, 0.000714850320946, -0.000332754832925, -0.00018011163047, 0.00139971938916], [0.000316945108352, -0.00026423856616, 0.000437055714428, 0.000123289195471, 0.00438913423568, -0.0069696623832, 0.0130045609549, -0.00627398397774, 0.00358651112765, -0.0016097543994, -0.000289916904876, 0.000152162552695, 0.000278649065876], [-8.52562006912e-05, -0.00115408888087, -8.58590356074e-05, 0.0014175347751, -0.00184642057866, 0.00216087861918, -0.00627398397774, 0.0161612853408, -0.00531865051016, 0.00236812373623, -0.00259563885629, 0.000720847921912, -0.00271556270309], [0.000202681025257, -0.000108375737909, 0.000388534506783, -0.00113806745503, -1.06944507934e-05, -0.00109766388778, 0.00358651112765, -0.00531865051016, 0.015520692803, -0.0103623550385, 0.00704430742189, -0.00168034865055, 0.001002372941], [-0.000199021902517, -0.000211938284338, -0.000509670120664, -0.000243496251642, -0.001186510548, 0.000714850320946, -0.0016097543994, 0.00236812373623, -0.0103623550385, 0.0208697076887, -0.0111140739173, 0.0060465503484, -0.00119000230916], [0.00019720212731, -0.000479290290968, 0.000530176737811, 0.00116096204147, 0.000768254511058, -0.000332754832925, -0.000289916904876, -0.00259563885629, 0.00704430742189, -0.0111140739173, 0.0226676687598, -0.0111388321966, 0.00861594639719], [3.53526374965e-05, -0.00102714635432, -0.00116175622679, 0.000515507359523, -0.000700420991052, -0.00018011163047, 0.000152162552695, 0.000720847921912, -0.00168034865055, 0.0060465503484, -0.0111388321966, 0.0251918807626, -0.0113791041076], [5.3656007367e-05, 0.000672461523209, 0.000480144342873, -0.00150857085828, 0.000586462789215, 0.00139971938916, 0.000278649065876, -0.00271556270309, 0.001002372941, -0.00119000230916, 0.00861594639719, -0.0113791041076, 0.0220188964158]], "mean": [-621.894775391, 99.8750228882, -17.7108383179, 17.8390712738, 0.947834193707, 6.23925971985, -2.2292740345, 6.76292800903, 4.04424619675, 8.17662525177, 2.38551950455, 1.88257467747, 0.0766625404358]}, "pitch_salience": {"dmean": 0.0668941438198, "dmean2": 0.104505248368, "dvar": 0.00391165213659, "dvar2": 0.00862205121666, "max": 0.894540190697, "mean": 0.571013331413, "median": 0.56611764431, "min": 1.64376888279e-05, "var": 0.0138091500849}, "silence_rate_20dB": {"dmean": 0, "dmean2": 0, "dvar": 0, "dvar2": 0, "max": 1, "mean": 1, "median": 1, "min": 1, "var": 0}, "silence_rate_30dB": {"dmean": 0, "dmean2": 0, "dvar": 0, "dvar2": 0, "max": 1, "mean": 1, "median": 1, "min": 1, "var": 0}, "silence_rate_60dB": {"dmean": 0.00158478610683, "dmean2": 0.00316999084316, "dvar": 0.00158225512132, "dvar2": 0.00342433038168, "max": 1, "mean": 0.0448963418603, "median": 0, "min": 0, "var": 0.0428791753948}, "spectral_centroid": {"dmean": 245.751586914, "dmean2": 352.640258789, "dvar": 93599.734375, "dvar2": 184403.4375, "max": 12436.3720703, "mean": 2064.45214844, "median": 1901.70056152, "min": 261.759674072, "var": 2206255.75}, "spectral_complexity": {"dmean": 5.42472267151, "dmean2": 7.47140407562, "dvar": 33.1933708191, "dvar2": 56.3677024841, "max": 63, "mean": 25.2335929871, "median": 24, "min": 0, "var": 144.534164429}, "spectral_contrast_coeffs": {"dmean": [0.0475796088576, 0.0456274487078, 0.0393202789128, 0.0329300276935, 0.0226827580482, 0.0180195849389], "dmean2": [0.078203573823, 0.0751802325249, 0.0619187802076, 0.0522073805332, 0.0359128899872, 0.028765944764], "dvar": [0.00164400786161, 0.00133897969499, 0.00106056034565, 0.00077753997175, 0.000369964633137, 0.000269870448392], "dvar2": [0.00438886601478, 0.00353242293932, 0.00245043262839, 0.00180452945642, 0.000866999675054, 0.000634160358459], "max": [-0.397004902363, -0.457233905792, -0.487872242928, -0.507402837276, -0.561619877815, -0.617083668709], "mean": [-0.659075260162, -0.756061077118, -0.760144114494, -0.755856275558, -0.784354448318, -0.75588363409], "median": [-0.663389205933, -0.762734591961, -0.765267133713, -0.754740595818, -0.786443471909, -0.751815497875], "min": [-0.979053497314, -0.978700339794, -0.979650497437, -0.993727564812, -0.986743867397, -0.966612637043], "var": [0.00779559835792, 0.00567245064303, 0.00569547852501, 0.00477845594287, 0.00254770298488, 0.00199804664589]}, "spectral_contrast_valleys": {"dmean": [0.402335107327, 0.372534573078, 0.359050929546, 0.317899525166, 0.291989654303, 0.371762126684], "dmean2": [0.660058438778, 0.606793403625, 0.551245450974, 0.480495125055, 0.401586085558, 0.445063710213], "dvar": [0.141332611442, 0.143394604325, 0.14187502861, 0.130291432142, 0.121610030532, 0.176630556583], "dvar2": [0.328607648611, 0.308367371559, 0.270419239998, 0.238851249218, 0.209144249558, 0.322243362665], "max": [-5.63779258728, -4.70392894745, -5.40266513824, -5.5027346611, -5.54914951324, -7.45844316483], "mean": [-8.11483764648, -7.06652832031, -7.53108358383, -7.6976685524, -7.54309988022, -10.16959095], "median": [-7.58682537079, -6.50586223602, -6.99198675156, -7.1909661293, -7.01827049255, -9.6155424118], "min": [-28.2287654877, -28.2869758606, -27.7362003326, -27.9252529144, -27.5284671783, -27.4181289673], "var": [9.71726322174, 10.8529891968, 10.3851852417, 10.3386316299, 10.4102888107, 8.19585990906]}, "spectral_decrease": {"dmean": 1.06757780394e-09, "dmean2": 1.52963941513e-09, "dvar": 1.21001117378e-18, "dvar2": 2.319841056e-18, "max": 3.0533796857e-28, "mean": -5.27558663421e-09, "median": -5.31868638021e-09, "min": -1.46462815209e-08, "var": 6.00245017706e-18}, "spectral_energy": {"dmean": 0.00458950549364, "dmean2": 0.00648558465764, "dvar": 2.3126569431e-05, "dvar2": 4.33660716226e-05, "max": 0.0626128390431, "mean": 0.0224764887244, "median": 0.0225487407297, "min": 9.91717822382e-21, "var": 0.00011135762179}, "spectral_energyband_high": {"dmean": 0.000535807921551, "dmean2": 0.000690345594194, "dvar": 7.28658278604e-07, "dvar2": 1.25207452584e-06, "max": 0.0197808817029, "mean": 0.00109382090159, "median": 0.000712308450602, "min": 7.09294773685e-21, "var": 1.76925902906e-06}, "spectral_energyband_low": {"dmean": 0.0018239550991, "dmean2": 0.00289346673526, "dvar": 5.58976171305e-06, "dvar2": 1.26779950733e-05, "max": 0.0337024927139, "mean": 0.0047987033613, "median": 0.00386709114537, "min": 8.34997356377e-24, "var": 1.61744665093e-05}, "spectral_energyband_middle_high": {"dmean": 0.00293501652777, "dmean2": 0.00413571018726, "dvar": 1.2546565813e-05, "dvar2": 2.36486885115e-05, "max": 0.0477851070464, "mean": 0.00995099358261, "median": 0.00815567653626, "min": 1.07039907665e-21, "var": 6.35005126242e-05}, "spectral_energyband_middle_low": {"dmean": 0.00234933034517, "dmean2": 0.0035801846534, "dvar": 7.32868511477e-06, "dvar2": 1.65784840647e-05, "max": 0.0458215139806, "mean": 0.00705238245428, "median": 0.0057249260135, "min": 1.36877060579e-22, "var": 2.95621575788e-05}, "spectral_entropy": {"dmean": 0.146392807364, "dmean2": 0.190591007471, "dvar": 0.0235591065139, "dvar2": 0.0394722595811, "max": 9.82350349426, "mean": 7.83280038834, "median": 7.81591653824, "min": 5.58198356628, "var": 0.191457137465}, "spectral_flux": {"dmean": 0.0195812862366, "dmean2": 0.0292250365019, "dvar": 0.000363181636203, "dvar2": 0.000775154971052, "max": 0.20995721221, "mean": 0.0782739445567, "median": 0.074306204915, "min": 6.29230764715e-11, "var": 0.00124597770628}, "spectral_kurtosis": {"dmean": 1.16088879108, "dmean2": 1.91572582722, "dvar": 1.84663748741, "dvar2": 4.832447052, "max": 23.3383464813, "mean": 3.78569197655, "median": 3.48059177399, "min": -1.32641196251, "var": 4.69377231598}, "spectral_rms": {"dmean": 0.000481647497509, "dmean2": 0.000674191047437, "dvar": 2.45070680194e-07, "dvar2": 4.45788458592e-07, "max": 0.00781573355198, "mean": 0.0044816583395, "median": 0.00469028484076, "min": 3.11051379966e-12, "var": 1.84297766737e-06}, "spectral_rolloff": {"dmean": 461.492370605, "dmean2": 714.798156738, "dvar": 490090.8125, "dvar2": 969693.0625, "max": 19681.3476562, "mean": 2466.84594727, "median": 2024.12109375, "min": 21.533203125, "var": 7393247.5}, "spectral_skewness": {"dmean": 0.166588947177, "dmean2": 0.264437288046, "dvar": 0.0263510402292, "dvar2": 0.0626389011741, "max": 3.71600031853, "mean": 1.36479616165, "median": 1.37144744396, "min": -0.119617156684, "var": 0.139180719852}, "spectral_spread": {"dmean": 548450.5625, "dmean2": 799059.8125, "dvar": 1203905888260.0, "dvar2": 2600209219580.0, "max": 52097196, "mean": 5167975.5, "median": 4232007.5, "min": 1477719.25, "var": 33163195711500.0}, "spectral_strongpeak": {"dmean": 0.929618060589, "dmean2": 1.56287014484, "dvar": 2.10496592522, "dvar2": 4.97795915604, "max": 17.6441