{"lowlevel": {"average_loudness": 0.532395601273, "barkbands": {"dmean": [8.55356665852e-06, 0.000486693199491, 0.00106569717173, 0.0015579824103, 0.00253128679469, 0.00063850422157, 0.00087831239216, 0.00047952044406, 0.000314242817694, 0.000200402355404, 0.000198866051505, 0.000246393901762, 0.000184466232895, 0.000167366160895, 8.71913434821e-05, 3.40279402735e-05, 4.47450729553e-05, 2.92495733447e-05, 4.05628125009e-05, 5.46472583665e-05, 3.46296437783e-05, 2.1321562599e-05, 1.6962940208e-05, 1.16911460282e-05, 4.69942415293e-06, 9.8074269772e-07, 8.84678783564e-08], "dmean2": [1.25715005197e-05, 0.000766039534938, 0.00158576958347, 0.00252622668631, 0.00409163953736, 0.000921565981116, 0.00118588574696, 0.000645537511446, 0.000413114583353, 0.000270651391475, 0.000260057364358, 0.000324278400512, 0.000267609750153, 0.000234347797232, 0.000123283665744, 5.1680355682e-05, 6.57641576254e-05, 4.48523351224e-05, 6.10692077316e-05, 7.97285611043e-05, 4.92784129165e-05, 3.01368818327e-05, 2.4680104616e-05, 1.68186325027e-05, 6.85197073835e-06, 1.36222331548e-06, 1.22930671864e-07], "dvar": [1.24318966233e-09, 1.0581350125e-06, 5.63689127375e-06, 1.19562046166e-05, 2.42643527599e-05, 2.45733667725e-06, 1.58517141244e-05, 3.27498969455e-06, 2.57546867033e-06, 6.19297338744e-07, 6.77643640756e-07, 1.1207487205e-06, 3.54354511956e-07, 4.10282979146e-07, 1.07714889452e-07, 1.09520366109e-08, 1.28840476066e-08, 9.28309873416e-09, 1.36115545502e-08, 1.56997561618e-08, 7.27220283991e-09, 3.01905545008e-09, 4.50708803612e-09, 2.48266274205e-09, 2.64865268607e-10, 1.12600579902e-11, 1.16639255763e-13], "dvar2": [2.65904431807e-09, 2.58450404544e-06, 1.13651585707e-05, 2.88648225251e-05, 5.76276106585e-05, 4.37510016127e-06, 2.58308609773e-05, 5.88297916693e-06, 4.64515051135e-06, 1.03450872757e-06, 1.22248093248e-06, 1.8946199134e-06, 7.1931799539e-07, 7.83168673024e-07, 1.9737524326e-07, 2.4951324562e-08, 2.74110849574e-08, 2.23524274645e-08, 2.83541758961e-08, 3.30012284167e-08, 1.50392587273e-08, 6.02605343403e-09, 9.6108996317e-09, 4.58624693778e-09, 5.76511394179e-10, 2.22809964923e-11, 2.0589012808e-13], "max": [0.000846624549013, 0.021314272657, 0.0510602518916, 0.0928028747439, 0.117802724242, 0.0733111128211, 0.186180949211, 0.0654465854168, 0.0818024352193, 0.0403832346201, 0.0410480424762, 0.0634448379278, 0.0229559130967, 0.0308759622276, 0.0239111669362, 0.00350718572736, 0.00380419986323, 0.00358468363993, 0.0047670295462, 0.00378932384774, 0.00224292697385, 0.0015036292607, 0.00204588100314, 0.00204053823836, 0.00049507804215, 7.49346945668e-05, 1.33395296871e-05], "mean": [1.03869269878e-05, 0.00082204292994, 0.0021062286105, 0.00234608980827, 0.0051209339872, 0.00157806125935, 0.00239966786467, 0.0011021902319, 0.000860050437041, 0.000485930708237, 0.000465139135486, 0.000546456954908, 0.00037923277705, 0.000315773184411, 0.00017424293037, 6.72245660098e-05, 9.80589029496e-05, 5.38359927305e-05, 7.51113184378e-05, 0.000108091211587, 7.30233732611e-05, 4.66390338261e-05, 2.94313304039e-05, 1.85935259651e-05, 7.75946045906e-06, 1.8084029989e-06, 3.09174680524e-07], "median": [1.45368971971e-06, 0.00029468361754, 0.0007571807364, 0.000793508079369, 0.0025902246125, 0.000663200684357, 0.000431078282418, 0.000125007878523, 8.51143995533e-05, 0.000152732391143, 6.20434730081e-05, 0.000110324981506, 0.000131330190925, 4.45546211267e-05, 3.57916869689e-05, 1.61332718562e-05, 2.37591739278e-05, 1.44345376611e-05, 1.74507604243e-05, 2.54434144153e-05, 2.06193872145e-05, 8.98795769899e-06, 5.77040282224e-06, 3.24001143781e-06, 1.07480980205e-06, 3.74137982817e-07, 2.24059562015e-07], "min": [8.50235664154e-25, 3.41678495574e-24, 2.31556234776e-24, 3.44693758612e-24, 1.32212582844e-23, 2.04759197805e-23, 9.43659869513e-24, 1.21872517531e-23, 2.37016603744e-23, 1.78733430142e-23, 1.30254992953e-23, 3.05828530299e-23, 1.87813897581e-23, 3.15024250316e-23, 5.28518725806e-23, 1.06026528111e-22, 7.51227569985e-23, 1.08387632977e-22, 1.96790427863e-22, 1.59357160375e-22, 2.77812223602e-22, 3.63992185163e-22, 4.36859456305e-22, 7.37500683415e-22, 8.12860048198e-22, 1.30288226717e-21, 2.16797939709e-21], "var": [1.73073411158e-09, 1.93653272618e-06, 1.55797988555e-05, 1.95670509129e-05, 6.0768055846e-05, 9.21099672269e-06, 9.2432317615e-05, 1.12776115202e-05, 8.8600172603e-06, 2.61538639279e-06, 3.05620665131e-06, 5.21739639225e-06, 9.49495301938e-07, 1.29150180328e-06, 5.18232866398e-07, 2.4746981353e-08, 4.89766378564e-08, 1.64027618155e-08, 4.02945836697e-08, 5.19138367849e-08, 2.14901643147e-08, 1.1127601951e-08, 7.94477816868e-09, 5.20823029149e-09, 5.5370869001e-10, 2.89025157973e-11, 2.4757886713e-13]}, "barkbands_crest": {"dmean": 2.3273293972, "dmean2": 3.81223940849, "dvar": 4.47267532349, "dvar2": 12.059296608, "max": 24.7822933197, "mean": 10.83710289, "median": 10.2283973694, "min": 2.86812162399, "var": 14.0129442215}, "barkbands_flatness_db": {"dmean": 0.0196194835007, "dmean2": 0.0298250690103, "dvar": 0.000356917560566, "dvar2": 0.000807277509011, "max": 0.439659565687, "mean": 0.175488471985, "median": 0.17348369956, "min": 0.0288758836687, "var": 0.00205803196877}, "barkbands_kurtosis": {"dmean": 3.53549170494, "dmean2": 5.51595926285, "dvar": 29.9672050476, "dvar2": 71.4340209961, "max": 192.421722412, "mean": 7.78409337997, "median": 5.04690170288, "min": -1.89925396442, "var": 87.1158065796}, "barkbands_skewness": {"dmean": 0.48797750473, "dmean2": 0.744674324989, "dvar": 0.252117753029, "dvar2": 0.593668937683, "max": 11.7715978622, "mean": 2.09966278076, "median": 1.99511945248, "min": -2.11364293098, "var": 1.26724290848}, "barkbands_spread": {"dmean": 3.22088885307, "dmean2": 4.85688018799, "dvar": 26.1214523315, "dvar2": 51.8608551025, "max": 97.2546615601, "mean": 12.466468811, "median": 10.2399282455, "min": 0.440185278654, "var": 96.967666626}, "dissonance": {"dmean": 0.0232294704765, "dmean2": 0.0383105687797, "dvar": 0.000451836298453, "dvar2": 0.00116040697321, "max": 0.500000059605, "mean": 0.432787120342, "median": 0.438988596201, "min": 0.247119486332, "var": 0.0014032110339}, "dynamic_complexity": 4.75533723831, "erbbands": {"dmean": [0.00628837291151, 0.148696929216, 1.05179107189, 3.1006295681, 7.62422800064, 9.36841011047, 4.81349945068, 6.04050302505, 8.76976203918, 15.6924705505, 9.18236160278, 7.02381134033, 4.94222831726, 8.35297012329, 7.58698272705, 8.82364749908, 7.578083992, 8.49343490601, 6.45699119568, 2.28159379959, 1.79450690746, 2.32750368118, 1.48040568829, 1.35956478119, 2.60150885582, 2.66110682487, 1.63529717922, 1.02184140682, 0.86511361599, 0.534590065479, 0.464525818825, 0.332952916622, 0.15137244761, 0.0714193582535, 0.0229380968958, 0.007025889121, 0.0013912729919, 0.000165621357155, 1.65375004144e-05, 6.49578851153e-06], "dmean2": [0.0103786475956, 0.230003416538, 1.55026888847, 4.95242643356, 12.3815479279, 15.2453250885, 7.60991573334, 8.5801410675, 12.2095565796, 20.006603241, 12.1018285751, 9.19455623627, 6.51237201691, 10.6675243378, 10.0935983658, 11.123673439, 10.4781656265, 12.1074256897, 8.90117168427, 3.2209815979, 2.67624425888, 3.3620800972, 2.18590426445, 2.05249357224, 3.73203611374, 3.84917163849, 2.31123757362, 1.44604086876, 1.22865486145, 0.775519073009, 0.680833160877, 0.480513781309, 0.221947431564, 0.10659532249, 0.0332075431943, 0.00994858890772, 0.00193451473024, 0.000219124092837, 2.27140153584e-05, 9.03803993424e-06], "dvar": [0.000209709396586, 0.103271000087, 6.01378679276, 39.1652679443, 298.921691895, 366.601470947, 74.0535507202, 316.650817871, 968.45489502, 6648.78662109, 1078.98388672, 1683.30371094, 543.817199707, 791.108398438, 525.862304688, 1854.00964355, 644.669433594, 1126.97265625, 501.811340332, 51.3078041077, 23.7504844666, 36.9028167725, 19.5835075378, 18.1752243042, 52.1539115906, 39.0398483276, 16.3618164062, 6.93364334106, 5.06195783615, 3.20219802856, 3.8177986145, 2.25323367119, 0.385244250298, 0.0720921829343, 0.00544805685058, 0.000539231114089, 2.56015555351e-05, 4.588283673e-07, 3.33880700865e-09, 1.21225154914e-10], "dvar2": [0.000546948518604, 0.238347262144, 11.3289299011, 98.0181503296, 680.211364746, 894.033691406, 185.559997559, 545.188598633, 1952.26879883, 10365.3837891, 1974.41625977, 3338.81518555, 980.83416748, 1244.87133789, 992.607910156, 2758.89672852, 1242.31201172, 2187.93725586, 945.872314453, 101.037132263, 53.4564933777, 76.9649353027, 45.4718093872, 43.6803817749, 96.2409667969, 81.4130935669, 31.9194202423, 14.7517080307, 10.1305799484, 6.55162620544, 8.37338829041, 4.37509632111, 0.733920872211, 0.155754759908, 0.0118396915495, 0.00108468299732, 5.42601082998e-05, 7.61476485422e-07, 5.95853588692e-09, 2.06732894692e-10], "max": [0.313781410456, 7.14675569534, 58.2656707764, 126.192077637, 524.506164551, 493.708007812, 217.545608521, 928.388122559, 1360.31164551, 3978.74975586, 1110.45275879, 1506.61315918, 1528.03271484, 1564.26013184, 818.360473633, 3250.99487305, 1179.56384277, 1812.77368164, 1461.1237793, 240.508209229, 111.423942566, 223.484191895, 183.352233887, 187.333389282, 339.419647217, 211.744400024, 123.44581604, 68.7521972656, 64.2454452515, 64.3233184814, 53.803188324, 66.0295257568, 19.2020397186, 9.67464828491, 1.56192111969, 0.471261709929, 0.150228127837, 0.0243116337806, 0.00200039078481, 0.000314969394822], "mean": [0.0102417171001, 0.264957606792, 2.13412451744, 5.54590129852, 13.0607757568, 18.6316280365, 10.9020986557, 14.7432222366, 23.2691249847, 42.7158584595, 22.4895877838, 19.5696983337, 12.2291955948, 21.9036922455, 18.7487010956, 21.3226509094, 17.1691703796, 17.381187439, 13.7459688187, 5.19275140762, 3.99841976166, 5.27355957031, 3.2998073101, 2.72549581528, 5.39853191376, 5.3555431366, 3.34216117859, 2.24225664139, 1.93224990368, 1.04169666767, 0.769391834736, 0.503266274929, 0.250064849854, 0.115560404956, 0.0394338555634, 0.0123617742211, 0.00261329184286, 0.000400571065256, 5.8506422647e-05, 2.56499188254e-05], "median": [0.0037751221098, 0.100743860006, 0.786071538925, 2.31770706177, 5.44966602325, 8.38536071777, 6.42560863495, 5.23860359192, 7.39694595337, 4.44444799423, 3.61410474777, 2.15040063858, 3.70352721214, 7.06510210037, 4.88222026825, 5.32501268387, 5.71251153946, 3.60641002655, 2.54740619659, 1.31461811066, 1.2514231205, 1.13798379898, 0.884423732758, 0.844771981239, 1.1965880394, 1.36735367775, 0.931496024132, 0.590039730072, 0.340860694647, 0.210474073887, 0.147382616997, 0.0899628847837, 0.041847396642, 0.0155291808769, 0.00590860284865, 0.00196277024224, 0.000643351231702, 0.000179459399078, 4.11103137594e-05, 1.72435175045e-05], "min": [1.21252629054e-22, 5.46169677887e-22, 2.9985622342e-21, 9.29083528685e-21, 2.59471452418e-20, 2.9251074245e-20, 7.9509776626e-20, 1.04140875898e-19, 1.32188799786e-19, 3.05021558409e-19, 4.00125589512e-19, 6.79384788689e-19, 7.31495668015e-19, 4.61219572742e-19, 8.76184653197e-19, 1.45660632888e-18, 1.07415875228e-18, 2.24254268212e-18, 3.17013040653e-18, 4.51040205406e-18, 4.84398951945e-18, 5.26208010184e-18, 6.53480293979e-18, 7.56807394759e-18, 7.94825525611e-18, 7.77614047733e-18, 1.11449468457e-17, 9.58490075404e-18, 1.09113700659e-17, 1.12336172986e-17, 1.28785925053e-17, 1.23250051891e-17, 1.19391287421e-17, 8.88030913545e-18, 5.83992366236e-18, 4.68228977176e-18, 2.54010849977e-18, 1.11047715105e-18, 2.61163899494e-19, 2.76634464621e-20], "var": [0.000333729665726, 0.205301716924, 17.1293487549, 78.2051315308, 571.805236816, 911.819641113, 208.473861694, 1091.49621582, 3749.73364258, 41747.765625, 3666.43115234, 4984.33349609, 1367.08532715, 4088.23706055, 2242.41723633, 10101.9082031, 1926.02880859, 3652.85253906, 2429.59033203, 178.030471802, 60.835395813, 142.360168457, 50.6890068054, 41.9842262268, 189.604156494, 124.960906982, 51.9066810608, 21.5477924347, 20.5696525574, 7.30140590668, 6.20402336121, 4.17045068741, 0.830967843533, 0.145320340991, 0.0122399087995, 0.00134129449725, 6.04784290772e-05, 1.24712721572e-06, 7.64834506839e-09, 7.64057150882e-10]}, "erbbands_crest": {"dmean": 2.14749741554, "dmean2": 3.34506416321, "dvar": 4.47683525085, "dvar2": 10.7239570618, "max": 30.2842178345, "mean": 9.76474952698, "median": 8.77760982513, "min": 2.03611302376, "var": 17.5669078827}, "erbbands_flatness_db": {"dmean": 0.0143334195018, "dmean2": 0.0206672176719, "dvar": 0.000220806119614, "dvar2": 0.0004327231145, "max": 0.325092941523, "mean": 0.1805537045, "median": 0.182267844677, "min": 0.0408211499453, "var": 0.0013688626932}, "erbbands_kurtosis": {"dmean": 0.849414348602, "dmean2": 1.28564786911, "dvar": 2.49052166939, "dvar2": 5.43354940414, "max": 73.7111053467, "mean": 0.857679903507, "median": 0.165973424911, "min": -1.77090346813, "var": 7.63014602661}, "erbbands_skewness": {"dmean": 0.30639025569, "dmean2": 0.455596774817, "dvar": 0.0997621566057, "dvar2": 0.218081817031, "max": 7.74175596237, "mean": 0.71737164259, "median": 0.652024209499, "min": -2.54091644287, "var": 0.526228427887}, "erbbands_spread": {"dmean": 6.1595044136, "dmean2": 8.87447547913, "dvar": 66.2832717896, "dvar2": 132.533905029, "max": 134.543991089, "mean": 34.020690918, "median": 30.5315666199, "min": 4.22306585312, "var": 274.593994141}, "gfcc": {"cov": [[13153.9628906, 893.524047852, -1507.73510742, 691.273864746, -926.837158203, 83.6727981567, -261.334106445, -4.88490200043, 78.1179199219, 0.405688941479, -111.34828186, -291.096466064, -117.075019836], [893.524047852, 778.324890137, -70.7130737305, -161.201263428, 140.066848755, -127.400184631, 57.8045120239, -74.4386291504, 39.0572738647, -47.2274208069, -3.34555506706, -21.0986995697, -6.27031087875], [-1507.73510742, -70.7130737305, 607.716186523, 37.3756752014, 162.259719849, 83.4730529785, -29.9430179596, -14.6555547714, -87.9027175903, -25.3067436218, -5.88591098785, 49.5315437317, 17.5576152802], [691.273864746, -161.201263428, 37.3756752014, 346.13180542, -17.2722682953, 58.7626419067, -35.6443824768, -3.17815756798, -18.0929737091, -8.11589241028, -5.35388708115, -52.1135444641, -6.60121297836], [-926.837158203, 140.066848755, 162.259719849, -17.2722682953, 370.439819336, 11.6620321274, -5.92720317841, -12.3961791992, -35.686794281, -18.6114826202, -36.1398468018, 3.19247341156, 6.51717996597], [83.6727981567, -127.400184631, 83.4730529785, 58.7626419067, 11.6620321274, 185.633453369, 35.8468894958, 3.14657878876, -35.5391578674, 2.71955895424, -12.3263969421, -10.0515985489, -6.16372299194], [-261.334106445, 57.8045120239, -29.9430179596, -35.6443824768, -5.92720317841, 35.8468894958, 193.49105835, 14.1158800125, -14.5690784454, 2.37043118477, 19.137556076, -1.60395777225, -8.77297306061], [-4.88490200043, -74.4386291504, -14.6555547714, -3.17815756798, -12.3961791992, 3.14657878876, 14.1158800125, 104.495315552, 36.5516204834, 12.3438053131, -4.51229524612, 6.52928209305, -2.61465859413], [78.1179199219, 39.0572738647, -87.9027175903, -18.0929737091, -35.686794281, -35.5391578674, -14.5690784454, 36.5516204834, 156.881652832, 36.314617157, -8.21873188019, -24.5123691559, -10.8584012985], [0.405688941479, -47.2274208069, -25.3067436218, -8.11589241028, -18.6114826202, 2.71955895424, 2.37043118477, 12.3438053131, 36.314617157, 89.034324646, 21.2714805603, -13.8716974258, -2.44176125526], [-111.34828186, -3.34555506706, -5.88591098785, -5.35388708115, -36.1398468018, -12.3263969421, 19.137556076, -4.51229524612, -8.21873188019, 21.2714805603, 86.3813781738, 26.0440349579, -2.40761327744], [-291.096466064, -21.0986995697, 49.5315437317, -52.1135444641, 3.19247341156, -10.0515985489, -1.60395777225, 6.52928209305, -24.5123691559, -13.8716974258, 26.0440349579, 94.7554931641, 28.5889320374], [-117.075019836, -6.27031087875, 17.5576152802, -6.60121297836, 6.51717996597, -6.16372299194, -8.77297306061, -2.61465859413, -10.8584012985, -2.44176125526, -2.40761327744, 28.5889320374, 62.9544715881]], "icov": [[0.00100558472332, -0.00332735525444, 0.00236842758022, -0.0029376053717, 0.0030364880804, -0.0029126808513, 0.0030332414899, -0.00250107003376, 0.00274240458384, -0.00227122474462, 0.00248902756721, -0.00142790505197, 0.00141793966759], [-0.00332735525444, 0.0132545130327, -0.00772540690377, 0.0105597572401, -0.0109906224534, 0.0108552761376, -0.0109513867646, 0.00996906869113, -0.010135255754, 0.00912205129862, -0.00886278040707, 0.00585570372641, -0.00490977568552], [0.00236842758022, -0.00772540690377, 0.00782111193985, -0.00709905102849, 0.00622145086527, -0.0077086915262, 0.00759566528723, -0.00580995576456, 0.00709396693856, -0.00527559500188, 0.00578635372221, -0.00449091941118, 0.00340745970607], [-0.0029376053717, 0.0105597572401, -0.00709905102849, 0.0125588588417, -0.00895611848682, 0.00781719852239, -0.00818242039531, 0.00744013348594, -0.00798375532031, 0.00816936790943, -0.00867295265198, 0.00745702069253, -0.00503145763651], [0.0030364880804, -0.0109906224534, 0.00622145086527, -0.00895611848682, 0.0128292432055, -0.00898746214807, 0.009377556853, -0.00807468220592, 0.00913499016315, -0.00756963994354, 0.00916551984847, -0.00453943060711, 0.00433534942567], [-0.0029126808513, 0.0108552761376, -0.0077086915262, 0.00781719852239, -0.00898746214807, 0.0159877408296, -0.0108998501673, 0.00783049315214, -0.00712721096352, 0.00604310305789, -0.00571287004277, 0.00471521122381, -0.00341852800921], [0.0030332414899, -0.0109513867646, 0.00759566528723, -0.00818242039531, 0.009377556853, -0.0108998501673, 0.0156047856435, -0.00941764563322, 0.0094806579873, -0.00691449595615, 0.00575400982052, -0.00367091922089, 0.00457334378734], [-0.00250107003376, 0.00996906869113, -0.00580995576456, 0.00744013348594, -0.00807468220592, 0.00783049315214, -0.00941764563322, 0.0186360757798, -0.0104166716337, 0.00567172514275, -0.00492743356153, 0.00162838282995, -0.00269817071967], [0.00274240458384, -0.010135255754, 0.00709396693856, -0.00798375532031, 0.00913499016315, -0.00712721096352, 0.0094806579873, -0.0104166716337, 0.0169907286763, -0.0100414380431, 0.00839154422283, -0.00291786808521, 0.00470703560859], [-0.00227122474462, 0.00912205129862, -0.00527559500188, 0.00816936790943, -0.00756963994354, 0.00604310305789, -0.00691449595615, 0.00567172514275, -0.0100414380431, 0.0209000017494, -0.0115439677611, 0.00792755559087, -0.00530281988904], [0.00248902756721, -0.00886278040707, 0.00578635372221, -0.00867295265198, 0.00916551984847, -0.00571287004277, 0.00575400982052, -0.00492743356153, 0.00839154422283, -0.0115439677611, 0.0227777231485, -0.0104726189747, 0.00693844910711], [-0.00142790505197, 0.00585570372641, -0.00449091941118, 0.00745702069253, -0.00453943060711, 0.00471521122381, -0.00367091922089, 0.00162838282995, -0.00291786808521, 0.00792755559087, -0.0104726189747, 0.020540991798, -0.00947453919798], [0.00141793966759, -0.00490977568552, 0.00340745970607, -0.00503145763651, 0.00433534942567, -0.00341852800921, 0.00457334378734, -0.00269817071967, 0.00470703560859, -0.00530281988904, 0.00693844910711, -0.00947453919798, 0.0214703660458]], "mean": [-73.4429702759, 121.826629639, -109.531166077, 23.9113006592, -60.7542877197, 3.23361039162, -31.8525314331, -13.1689538956, -31.3218727112, -4.18585395813, -12.3593387604, -7.25527477264, -10.652592659]}, "hfc": {"dmean": 2.42758917809, "dmean2": 3.04683566093, "dvar": 20.9089565277, "dvar2": 30.8436546326, "max": 151.410049438, "mean": 9.85954475403, "median": 5.06925106049, "min": 1.11539919003e-16, "var": 189.100357056}, "melbands": {"dmean": [9.05674314708e-05, 0.000419086660258, 0.000637907534838, 0.000651623995509, 0.000198328634724, 0.000129029082018, 0.000149598155986, 0.000158888127771, 6.90981396474e-05, 4.47843922302e-05, 2.61067434622e-05, 3.51387825503e-05, 2.90974458039e-05, 2.61986588157e-05, 2.23357546929e-05, 1.65711790032e-05, 1.64201173902e-05, 1.22730543808e-05, 4.5999872782e-06, 2.66256483883e-06, 2.09913241633e-06, 2.54951146417e-06, 1.93399841919e-06, 1.52689642618e-06, 1.06608240458e-06, 1.76467324309e-06, 2.37665358327e-06, 1.71026738371e-06, 1.10702410439e-06, 8.99673977983e-07, 5.38493566182e-07, 5.67769234294e-07, 3.45336104601e-07, 3.10726278485e-07, 2.84900409042e-07, 2.55319122289e-07, 1.96115351514e-07, 1.19123761522e-07, 8.12805751593e-08, 5.4347196965e-08], "dmean2": [0.000143872210174, 0.000622026273049, 0.00101977726445, 0.00104731216561, 0.000320391729474, 0.000183981144801, 0.000205861768336, 0.000203154850169, 9.01868988876e-05, 5.90181844018e-05, 3.43691499438e-05, 4.51631385658e-05, 3.8081434468e-05, 3.50758637069e-05, 2.88138198812e-05, 2.43701560976e-05, 2.34090530284e-05, 1.71579376911e-05, 6.3911415964e-06, 3.94664220948e-06, 3.16254613608e-06, 3.75765853278e-06, 2.78207062365e-06, 2.37839276451e-06, 1.63534241437e-06, 2.6785778573e-06, 3.41015265803e-06, 2.54378778664e-06, 1.59817511758e-06, 1.32248919726e-06, 7.79238575888e-07, 8.20492232378e-07, 4.98531733228e-07, 4.59170195199e-07, 4.25170100016e-07, 3.77147955533e-07, 2.8569644428e-07, 1.78516231131e-07, 1.21180690371e-07, 8.27072881293e-08], "dvar": [3.42647226148e-08, 9.15136013191e-07, 1.81350367257e-06, 1.76009893949e-06, 1.19022971035e-07, 1.2853470821e-07, 2.91274716346e-07, 5.66137202895e-07, 6.55287735185e-08, 5.95702616124e-08, 1.43988243551e-08, 1.39895632856e-08, 9.47709910548e-09, 1.04787369892e-08, 1.3069361593e-08, 2.92708057792e-09, 4.74090811053e-09, 1.90823468138e-09, 3.08300246443e-10, 7.41943242955e-11, 3.30024514661e-11, 4.84816631285e-11, 2.90983816903e-11, 2.97262596483e-11, 1.26770260955e-11, 2.43960338042e-11, 3.84289336464e-11, 1.88901776166e-11, 7.71281302714e-12, 6.12545821357e-12, 1.91130791749e-12, 2.11871188996e-12, 1.07864184164e-12, 1.179896892e-12, 1.46896991099e-12, 1.31670791891e-12, 8.36055454468e-13, 2.62803911662e-13, 1.036043335e-13, 4.14355710659e-14], "dvar2": [8.47428651696e-08, 1.78478558155e-06, 4.18023319071e-06, 4.06175695389e-06, 3.12135398417e-07, 2.24797162218e-07, 5.50394304355e-07, 8.98975429209e-07, 1.19271504673e-07, 1.16940583439e-07, 2.5289850214e-08, 2.20693188169e-08, 1.69717910836e-08, 1.88241529031e-08, 2.15284750027e-08, 6.18311046807e-09, 9.39239619413e-09, 3.79709685916e-09, 5.58583790333e-10, 1.63260446828e-10, 7.55377843609e-11, 1.07429266871e-10, 5.87538490082e-11, 7.39714331455e-11, 3.07832474788e-11, 5.39249200848e-11, 7.35519423145e-11, 4.11703726666e-11, 1.53137277165e-11, 1.36894592884e-11, 4.02724815302e-12, 4.32094464375e-12, 2.24211903384e-12, 2.48831857896e-12, 3.39904710281e-12, 2.74435899353e-12, 1.65544726365e-12, 5.37685185004e-13, 2.06650058935e-13, 9.52565324254e-14], "max": [0.00424800952896, 0.0229981858283, 0.0400864258409, 0.0340606421232, 0.00673559308052, 0.0180075187236, 0.0192712768912, 0.0353671833873, 0.0117855137214, 0.00884791370481, 0.00751084275544, 0.00675939954817, 0.00429709861055, 0.00584708945826, 0.00583177385852, 0.00179791031405, 0.00394872482866, 0.00218445714563, 0.000903736858163, 0.000352411298081, 0.000151833330165, 0.000305695983116, 0.000190416743862, 0.000236086678342, 0.000161918404046, 0.000188097634236, 0.000213547464227, 0.000186870471225, 8.37517291075e-05, 8.75101977726e-05, 3.60840749636e-05, 3.99301825382e-05, 3.70847374143e-05, 3.3407297451e-05, 3.0741422961e-05, 3.97450421588e-05, 4.16320363001e-05, 1.60839681485e-05, 1.12126463137e-05, 6.73826616548e-06], "mean": [0.000156504262122, 0.000840543652885, 0.00113090092782, 0.00127868552227, 0.000443843280664, 0.000313958764309, 0.00040231240564, 0.00042765532271, 0.000166643687407, 0.000119102165627, 6.14277232671e-05, 9.05025954125e-05, 6.98537551216e-05, 5.7339133491e-05, 4.99885827594e-05, 3.32846502715e-05, 3.1824081816e-05, 2.4040673452e-05, 9.12563791644e-06, 5.45014836462e-06, 4.28795010521e-06, 5.47416084373e-06, 4.18343961428e-06, 2.68222288469e-06, 1.96522796614e-06, 3.20330082104e-06, 4.88469140691e-06, 3.11451458401e-06, 2.08593996831e-06, 1.70467239968e-06, 1.14037561616e-06, 1.21985817714e-06, 6.79006461723e-07, 5.54666087282e-07, 4.54789159221e-07, 3.81995761245e-07, 2.81029457483e-07, 1.86022944604e-07, 1.31171503881e-07, 8.39667535502e-08], "median": [5.55880033062e-05, 0.000333088624757, 0.000520702451468, 0.000565231137443, 0.000272882578429, 0.000117287083413, 0.000113638583571, 4.08808482462e-05, 2.43225949816e-05, 1.23390364024e-05, 1.92326569959e-05, 2.89589788736e-05, 1.42188846439e-05, 1.31991419039e-05, 1.07760752144e-05, 1.20277436508e-05, 5.41937652088e-06, 3.79292896469e-06, 1.99842543225e-06, 1.3832973309e-06, 1.38041718856e-06, 1.20940103443e-06, 7.75319449531e-07, 7.03218574927e-07, 5.22711616213e-07, 7.17774014447e-07, 8.3368831838e-07, 7.35936509955e-07, 5.47365402781e-07, 3.98594465878e-07, 2.7052999485e-07, 1.971938417e-07, 1.28212832351e-07, 1.01185932522e-07, 8.0326927332e-08, 6.79383447277e-08, 4.33984297388e-08, 2.92504154231e-08, 1.79101231623e-08, 1.0470442291e-08], "min": [8.91131593987e-25, 1.48641125927e-24, 2.51261782973e-24, 2.0582000273e-24, 3.01363423747e-24, 2.64372276509e-24, 2.37136064895e-24, 3.61365229439e-24, 2.48579241743e-24, 3.8130901363e-24, 3.09446565899e-24, 1.80189852755e-24, 2.30115262003e-24, 2.99281422603e-24, 3.39729180835e-24, 1.88505846924e-24, 3.30632924344e-24, 4.06202466127e-24, 4.87241358059e-24, 5.09168614667e-24, 5.32074926544e-24, 4.29269705629e-24, 5.82211928008e-24, 4.40543987357e-24, 5.43548158993e-24, 5.83093637842e-24, 3.38608130602e-24, 5.11970214729e-24, 6.07079584754e-24, 5.83627775561e-24, 5.02785112779e-24, 5.64298198471e-24, 5.77990338874e-24, 5.60550044209e-24, 6.00393949139e-24, 6.12625316361e-24, 6.84919014627e-24, 8.06724739306e-24, 6.83816108196e-24, 6.86665079355e-24], "var": [6.57908785229e-08, 2.45528826781e-06, 3.38890572493e-06, 4.52664926343e-06, 3.10455334329e-07, 4.52366691661e-07, 1.32384820972e-06, 3.43601004715e-06, 2.19782123168e-07, 1.74247318796e-07, 3.60060035121e-08, 7.32207823262e-08, 4.68758258876e-08, 4.01835222874e-08, 5.47429834796e-08, 7.43402628345e-09, 1.43422713705e-08, 7.63933005743e-09, 1.0362444236e-09, 1.80432405128e-10, 7.45626269061e-11, 1.58370261349e-10, 1.16832765684e-10, 4.64911442677e-11, 2.75922930337e-11, 6.71512428996e-11, 1.41579553636e-10, 5.253848398e-11, 2.29480861397e-11, 1.5203753187e-11, 6.1867477287e-12, 8.5396160629e-12, 2.90684490367e-12, 2.41069187182e-12, 2.21343321276e-12, 2.07892101971e-12, 1.53918718049e-12, 5.07607519386e-13, 2.14848118137e-13, 7.65700437083e-14]}, "melbands_crest": {"dmean": 2.99764990807, "dmean2": 4.90346956253, "dvar": 7.07733726501, "dvar2": 18.7552452087, "max": 35.0088806152, "mean": 14.5233230591, "median": 13.8970422745, "min": 1.28398609161, "var": 23.6599731445}, "melbands_flatness_db": {"dmean": 0.0239102095366, "dmean2": 0.0357221625745, "dvar": 0.000578336766921, "dvar2": 0.00123500416521, "max": 0.588605165482, "mean": 0.249835178256, "median": 0.247601479292, "min": 0.000341402832419, "var": 0.00364281167276}, "melbands_kurtosis": {"dmean": 6.4744720459, "dmean2": 10.015791893, "dvar": 93.8602294922, "dvar2": 220.632858276, "max": 179.656066895, "mean": 15.9837942123, "median": 10.7112579346, "min": -1.78823721409, "var": 294.28237915}, "melbands_skewness": {"dmean": 0.60202229023, "dmean2": 0.918443441391, "dvar": 0.435346096754, "dvar2": 0.992196559906, "max": 10.865149498, "mean": 2.85003781319, "median": 2.63260555267, "min": -1.27697312832, "var": 2.1980714798}, "melbands_spread": {"dmean": 3.5357067585, "dmean2": 5.35152721405, "dvar": 34.2698745728, "dvar2": 69.7028656006, "max": 178.736541748, "mean": 13.3976688385, "median": 10.7902030945, "min": 0.417116314173, "var": 154.643844604}, "mfcc": {"cov": [[8492.09960938, 6.0153927803, -265.957427979, 173.342147827, -456.072692871, 28.6115436554, -344.13659668, -55.5002098083, -7.87998962402, 147.566299438, 95.8046646118, -29.3119411469, -50.33177948], [6.0153927803, 1169.07128906, -157.165481567, -1.12209701538, 35.4318466187, 1.56086993217, 6.29021596909, -2.07689070702, 5.86083555222, -69.106803894, -16.2277030945, 14.8663911819, -6.16219568253], [-265.957427979, -157.165481567, 433.941192627, 26.5444831848, 50.2452659607, 58.6078224182, 56.3679847717, 11.3984746933, -22.4329147339, -28.8765411377, -28.6592769623, 1.86348605156, 4.42611694336], [173.342147827, -1.12209701538, 26.5444831848, 219.663208008, 81.4663314819, 16.6805400848, 23.4588775635, -11.1812505722, -9.1361913681, 15.4960546494, -23.5299549103, -11.6796579361, -5.09972190857], [-456.072692871, 35.4318466187, 50.2452659607, 81.4663314819, 316.465820312, 39.8009796143, 7.1437163353, -11.9051876068, 18.6015167236, -4.98055076599, -20.0802001953, -18.12358284, -46.2769432068], [28.6115436554, 1.56086993217, 58.6078224182, 16.6805400848, 39.8009796143, 157.903533936, 74.4094924927, 4.09174537659, 7.05179452896, 5.76313018799, -7.09955358505, 3.37018013, -14.3447446823], [-344.13659668, 6.29021596909, 56.3679847717, 23.4588775635, 7.1437163353, 74.4094924927, 215.118606567, 36.5026779175, -21.2877464294, -17.629201889, -33.4577789307, 3.39009380341, 2.9784758091], [-55.5002098083, -2.07689070702, 11.3984746933, -11.1812505722, -11.9051876068, 4.09174537659, 36.5026779175, 107.381965637, 20.8323822021, -19.7196731567, 6.97172546387, -2.47179961205, 5.968562603], [-7.87998962402, 5.86083555222, -22.4329147339, -9.1361913681, 18.6015167236, 7.05179452896, -21.2877464294, 20.8323822021, 118.084442139, 26.1872940063, 9.98017883301, 4.97224092484, -2.03535842896], [147.566299438, -69.106803894, -28.8765411377, 15.4960546494, -4.98055076599, 5.76313018799, -17.629201889, -19.7196731567, 26.1872940063, 131.250015259, 32.7712364197, 4.08443832397, 5.34516096115], [95.8046646118, -16.2277030945, -28.6592769623, -23.5299549103, -20.0802001953, -7.09955358505, -33.4577789307, 6.97172546387, 9.98017883301, 32.7712364197, 106.912094116, 18.4283008575, -5.70198154449], [-29.3119411469, 14.8663911819, 1.86348605156, -11.6796579361, -18.12358284, 3.37018013, 3.39009380341, -2.47179961205, 4.97224092484, 4.08443832397, 18.4283008575, 76.4849395752, 17.4451026917], [-50.33177948, -6.16219568253, 4.42611694336, -5.09972190857, -46.2769432068, -14.3447446823, 2.9784758091, 5.968562603, -2.03535842896, 5.34516096115, -5.70198154449, 17.4451026917, 101.467948914]], "icov": [[0.000160887415404, -1.16376813821e-05, 5.61016313441e-05, -0.000263791996986, 0.000336989382049, -0.000257198902545, 0.00035405610106, -6.21729850536e-05, 6.18787598796e-05, -0.000101426281617, -3.70682914763e-06, 5.92237265664e-05, 0.000170183440787], [-1.16376813821e-05, 0.000960316567216, 0.000424522964749, -9.4330889624e-06, -0.000173713677214, -0.000100568642665, -7.97317989054e-05, 0.000108046318928, -0.000103650862002, 0.000633941148408, 5.42211455468e-05, -0.000261050532572, -5.14489111083e-05], [5.61016313441e-05, 0.000424522964749, 0.00277891010046, -0.000203782794415, -0.000293625926133, -0.000948908564169, -8.50625001476e-05, -0.000240706256591, 0.000463952164864, 0.000609441543929, 0.000388954096707, -0.000283850240521, -0.000281398330117], [-0.000263791996986, -9.4330889624e-06, -0.000203782794415, 0.00577516714111, -0.0019093726296, 0.000464244571049, -0.00102095364127, 0.000302342436044, 0.000535390281584, -0.000948712811805, 0.000946083397139, 0.000285476533463, -0.000560477899853], [0.000336989382049, -0.000173713677214, -0.000293625926133, -0.0019093726296, 0.00471994373947, -0.00120361510199, 0.00098919053562, 0.000278635765426, -0.000747859477997, 6.95921262377e-05, 0.000327639805619, 0.000543887086678, 0.00191675045062], [-0.000257198902545, -0.000100568642665, -0.000948908564169, 0.000464244571049, -0.00120361510199, 0.00877122487873, -0.00356148346327, 0.000850958458614, -0.00110637815669, -0.000510628218763, -0.000373862858396, -0.000450333580375, 0.000737715803552], [0.00035405610106, -7.97317989054e-05, -8.50625001476e-05, -0.00102095364127, 0.00098919053562, -0.00356148346327, 0.00748362857848, -0.0027961449232, 0.00178679486271, -0.00040277527296, 0.00198575342074, -0.000674986105878, 0.000300329033053], [-6.21729850536e-05, 0.000108046318928, -0.000240706256591, 0.000302342436044, 0.000278635765426, 0.000850958458614, -0.0027961449232, 0.0115877548233, -0.0031248612795, 0.00254873652011, -0.00221658498049, 0.0013411823893, -0.000902833067812], [6.18787598796e-05, -0.000103650862002, 0.000463952164864, 0.000535390281584, -0.000747859477997, -0.00110637815669, 0.00178679486271, -0.0031248612795, 0.0101991649717, -0.00248377723619, 0.000702019315213, -0.00093981414102, 0.000201397881028], [-0.000101426281617, 0.000633941148408, 0.000609441543929, -0.000948712811805, 6.95921262377e-05, -0.000510628218763, -0.00040277527296, 0.00254873652011, -0.00248377723619, 0.00997525081038, -0.00313317705877, 0.000450479361461, -0.0010934463935], [-3.70682914763e-06, 5.42211455468e-05, 0.000388954096707, 0.000946083397139, 0.000327639805619, -0.000373862858396, 0.00198575342074, -0.00221658498049, 0.000702019315213, -0.00313317705877, 0.0119885876775, -0.00307004339993, 0.00158136035316], [5.92237265664e-05, -0.000261050532572, -0.000283850240521, 0.000285476533463, 0.000543887086678, -0.000450333580375, -0.000674986105878, 0.0013411823893, -0.00093981414102, 0.000450479361461, -0.00307004339993, 0.0147883463651, -0.00259205885231], [0.000170183440787, -5.14489111083e-05, -0.000281398330117, -0.000560477899853, 0.00191675045062, 0.000737715803552, 0.000300329033053, -0.000902833067812, 0.000201397881028, -0.0010934463935, 0.00158136035316, -0.00259205885231, 0.0115396417677]], "mean": [-715.604980469, 151.068435669, 6.41426420212, 23.1290645599, -8.36234760284, 10.9754180908, 2.14008665085, -6.38608980179, -10.8524131775, -5.0129532814, -9.60214805603, -1.52557897568, -4.10347557068]}, "pitch_salience": {"dmean": 0.0608984716237, "dmean2": 0.0986173897982, "dvar": 0.00300235790201, "dvar2": 0.00781054235995, "max": 0.989756464958, "mean": 0.552338898182, "median": 0.55761039257, "min": 0.101981833577, "var": 0.00969718117267}, "silence_rate_20dB": {"dmean": 0, "dmean2": 0, "dvar": 0, "dvar2": 0, "max": 1, "mean": 1, "median": 1, "min": 1, "var": 0}, "silence_rate_30dB": {"dmean": 0.00553414365277, "dmean2": 0.0110693816096, "dvar": 0.00550345005468, "dvar2": 0.0125279361382, "max": 1, "mean": 0.988932788372, "median": 1, "min": 0, "var": 0.0109444931149}, "silence_rate_60dB": {"dmean": 0.030240142718, "dmean2": 0.0604862608016, "dvar": 0.0293265786022, "dvar2": 0.0667143911123, "max": 1, "mean": 0.149209484458, "median": 0, "min": 0, "var": 0.126957595348}, "spectral_centroid": {"dmean": 163.480957031, "dmean2": 246.177276611, "dvar": 65607.71875, "dvar2": 130193.398438, "max": 11612.5048828, "mean": 816.385803223, "median": 680.491577148, "min": 139.849472046, "var": 508436.78125}, "spectral_complexity": {"dmean": 1.81421089172, "dmean2": 2.72840476036, "dvar": 3.97383594513, "dvar2": 7.38242006302, "max": 42, "mean": 11.247628212, "median": 10, "min": 0, "var": 33.7043991089}, "spectral_contrast_coeffs": {"dmean": [0.0481538325548, 0.0373445227742, 0.0350986905396, 0.0309402737767, 0.0250537768006, 0.0178147181869], "dmean2": [0.080384530127, 0.058921135962, 0.0542803518474, 0.048378624022, 0.0391130782664, 0.0268943086267], "dvar": [0.00154933624435, 0.00115156639367, 0.000966625404544, 0.000719863572158, 0.000484022370074, 0.000280604115687], "dvar2": [0.00433923257515, 0.00263054296374, 0.00216351961717, 0.00160240358673, 0.00111678207759, 0.0005895011127], "max": [-0.300979763269, -0.292732596397, -0.385613173246, -0.456748902798, -0.569568634033, -0.573341786861], "mean": [-0.573186218739, -0.675597786903, -0.711454570293, -0.728876948357, -0.76559227705, -0.759472072124], "median": [-0.570702970028, -0.681642889977, -0.716417729855, -0.731118321419, -0.766107976437, -0.761174201965], "min": [-0.981293201447, -0.967455089092, -0.98527097702, -0.976623594761, -0.98210477829, -0.963286459446], "var": [0.00688660005108, 0.00771196233109, 0.00555600039661, 0.00395349599421, 0.00270996498875, 0.00236705550924]}, "spectral_contrast_valleys": {"dmean": [0.406230062246, 0.323707848787, 0.333547383547, 0.331610202789, 0.325206428766, 0.303593456745], "dmean2": [0.671608150005, 0.506588041782, 0.520044565201, 0.51014816761, 0.47526833415, 0.414878904819], "dvar": [0.123623475432, 0.0985302403569, 0.10778465867, 0.112498052418, 0.119434587657, 0.140026494861], "dvar2": [0.310030013323, 0.21375580132, 0.235842570662, 0.232890367508, 0.236359104514, 0.247728615999], "max": [-5.626080513, -4.952003479, -5.37587499619, -5.91107988358, -6.06709909439, -8.18614196777], "mean": [-7.8406457901, -7.50298118591, -8.33035850525, -9.01167583466, -8.93008613586, -11.3579330444], "median": [-7.68444252014, -7.31801128387, -8.15746498108, -8.88697147369, -8.82376670837, -11.3882455826], "min": [-28.1064357758, -27.874956131, -27.7128047943, -27.6948108673, -27.4193096161, -27.4485569], "var": [2.16721248627, 2.27753186226, 2.12893438339, 2.12640500069, 2.14739155769, 1.77343118191]}, "spectral_decrease": {"dmean": 1.39322009485e-09, "dmean2": 1.98204719304e-09, "dvar": 5.60418008291e-18, "dvar2": 1.00037692998e-17, "max": 1.42048804719e-28, "mean": -4.87463758247e-09, "median": -3.09349545979e-09, "min": -6.71804798458e-08, "var": 3.26926758935e-17}, "spectral_energy": {"dmean": 0.00543684326112, "dmean2": 0.00769240455702, "dvar": 8.54159225128e-05, "dvar2": 0.000150883337483, "max": 0.267284929752, "mean": 0.019292242825, "median": 0.0121961701661, "min": 1.01283257687e-20, "var": 0.000515296298545}, "spectral_energyband_high": {"dmean": 9.32962648221e-05, "dmean2": 0.000125851525809, "dvar": 6.10177650628e-08, "dvar2": 1.13131470414e-07, "max": 0.00813588965684, "mean": 0.000214692394366, "median": 5.905728176e-05, "min": 7.35018313589e-21, "var": 1.97752910935e-07}, "spectral_energyband_low": {"dmean": 0.00191775127314, "dmean2": 0.00290364446118, "dvar": 1.32152181322e-05, "dvar2": 2.84122670564e-05, "max": 0.0782272815704, "mean": 0.00409762281924, "median": 0.00198200508021, "min": 1.86277669854e-23, "var": 3.69092413166e-05}, "spectral_energyband_middle_high": {"dmean": 0.000791235652287, "dmean2": 0.00100198609289, "dvar": 3.30988700625e-06, "dvar2": 5.19299419466e-06, "max": 0.0841875970364, "mean": 0.00270111788996, "median": 0.00113782240078, "min": 1.18118574293e-21, "var": 2.54670230788e-05}, "spectral_energyband_middle_low": {"dmean": 0.00444268621504, "dmean2": 0.00663871318102, "dvar": 6.60213408992e-05, "dvar2": 0.000127307750518, "max": 0.238356739283, "mean": 0.0134626263753, "median": 0.00806368049234, "min": 2.06727260613e-22, "var": 0.000308848946588}, "spectral_entropy": {"dmean": 0.201507866383, "dmean2": 0.302453160286, "dvar": 0.0453967861831, "dvar2": 0.0971302688122, "max": 9.82192611694, "mean": 6.95677280426, "median": 6.93052339554, "min": 5.29866838455, "var": 0.245317444205}, "spectral_flux": {"dmean": 0.0171967111528, "dmean2": 0.0271362140775, "dvar": 0.000454254331999, "dvar2": 0.00106378679629, "max": 0.350704520941, "mean": 0.0518583804369, "median": 0.0428529903293, "min": 6.47854894731e-11, "var": 0.0014474169584}, "spectral_kurtosis": {"dmean": 2.58987665176, "dmean2": 4.24378871918, "dvar": 9.15637969971, "dvar2": 22.6272315979, "max": 51.2353553772, "mean": 6.7212395668, "median": 5.48214769363, "min": -1.25043344498, "var": 24.0799808502}, "spectral_rms": {"dmean": 0.000558704487048, "dmean2": 0.000788589590229, "dvar": 4.84634881559e-07, "dvar2": 8.51440915994e-07, "max": 0.0161482430995, "mean": 0.00377238471992, "median": 0.0034494495485, "min": 3.14345251218e-12, "var": 4.5908982429e-06}, "spectral_rolloff": {"dmean": 249.071228027, "dmean2": 419.951568604, "dvar": 371325.75, "dvar2": 796949.9375, "max": 19401.4160156, "mean": 913.824035645, "median": 602.9296875, "min": 21.533203125, "var": 2192891}, "spectral_skewness": {"dmean": 0.311188995838, "dmean2": 0.481175363064, "dvar": 0.110083460808, "dvar2": 0.242458418012, "max": 5.90528297424, "mean": 1.9155985117, "median": 1.8440015316, "min": -0.0508855842054, "var": 0.463245391846}, "spectral_spread": {"dmean": 441014.15625, "dmean2": 652976.875, "dvar": 500872544256, "dvar2": 1031895908350.0, "max": 42260184, "m