{"lowlevel": {"average_loudness": 0.799866020679, "barkbands": {"dmean": [6.92725870977e-06, 0.00150203017984, 0.00207371730357, 0.00119771470781, 0.00183153781109, 0.00122766301502, 0.00134570663795, 0.000789128884207, 0.00059157947544, 0.000378887023544, 0.000271305500064, 0.000147769373143, 0.000221348134801, 0.000180647475645, 0.00011122997239, 5.85658090131e-05, 7.06198625267e-05, 3.69307490473e-05, 4.82738178107e-05, 1.18796124298e-05, 3.28292094309e-06, 1.65145581832e-06, 6.7963554784e-07, 3.28914381953e-07, 1.88549563518e-07, 4.29399129587e-08, 3.00486657778e-09], "dmean2": [1.16951323434e-05, 0.00220740283839, 0.00324256601743, 0.00188635138329, 0.00289066974074, 0.00168214598671, 0.00191251281649, 0.001091707265, 0.000802619033493, 0.000536051986273, 0.000411059620092, 0.000227563024964, 0.000319352286169, 0.000282336521195, 0.000168350088643, 9.13247422432e-05, 0.000108551110316, 5.85682464589e-05, 7.59016984375e-05, 1.85612843779e-05, 4.84584097649e-06, 2.4403129828e-06, 1.00107047274e-06, 4.78358117562e-07, 2.79162065908e-07, 6.83717757965e-08, 5.18526643845e-09], "dvar": [2.20003526508e-09, 1.43294273585e-05, 5.94313642068e-05, 9.84414145933e-06, 1.39562080221e-05, 5.9277017499e-06, 1.04911241579e-05, 5.18769411428e-06, 1.71254976067e-06, 1.31560534555e-06, 7.71860129589e-07, 1.95979993123e-07, 3.81005889949e-07, 3.04046494648e-07, 1.04955063307e-07, 2.50966731841e-08, 3.84288334487e-08, 1.2921539394e-08, 1.63873508541e-07, 2.04251948688e-09, 9.85011100463e-11, 3.69433129921e-11, 7.91280062307e-12, 1.22213361393e-12, 6.02768811427e-13, 2.48129221705e-14, 1.65463029042e-16], "dvar2": [5.20029530549e-09, 3.20718427247e-05, 0.00014500891848, 2.65327089437e-05, 3.61672791769e-05, 1.09268294182e-05, 2.08633009606e-05, 9.37481672736e-06, 3.37244000548e-06, 2.49114850703e-06, 1.79260644018e-06, 4.04834025858e-07, 7.21720482488e-07, 6.95803919371e-07, 2.09098644177e-07, 5.61251773945e-08, 7.94765995238e-08, 3.24974180899e-08, 4.19521228423e-07, 4.69210448273e-09, 2.13625603318e-10, 8.56801019022e-11, 1.64988266105e-11, 2.4423121945e-12, 1.18097383001e-12, 6.07560741083e-14, 4.60556853834e-16], "max": [0.00192357436754, 0.0681903213263, 0.146372586489, 0.089596785605, 0.0903492197394, 0.0650200545788, 0.072800591588, 0.0703227892518, 0.0402258113027, 0.0378039255738, 0.0300144348294, 0.0123477056623, 0.0178262460977, 0.0164541769773, 0.0124944439158, 0.00621226802468, 0.00575969135389, 0.0033017359674, 0.0172177553177, 0.00153619609773, 0.000210961545235, 0.000210580590647, 0.000103513077192, 3.00436877296e-05, 2.70000109595e-05, 3.56473697138e-06, 5.01014710608e-07], "mean": [5.99832719672e-06, 0.00400243978947, 0.00342309940606, 0.00234003248625, 0.00391898211092, 0.00312240980566, 0.00312415882945, 0.00195128808264, 0.00154067191761, 0.000810916884802, 0.000448986946139, 0.000276864418993, 0.000502838171087, 0.00039643587661, 0.000230942183407, 0.000115374554298, 0.000153631583089, 7.84962685429e-05, 6.74360635458e-05, 1.90914688574e-05, 5.6179146668e-06, 2.78578613688e-06, 9.95449227048e-07, 5.06336277795e-07, 2.70677986691e-07, 5.9673006092e-08, 3.61218455147e-09], "median": [4.83563667331e-07, 0.000799784786068, 0.00080956693273, 0.00102888362017, 0.00135599332862, 0.00128880713601, 0.000960487697739, 0.000250486424193, 0.000315464130836, 0.000172193089384, 0.000133633890073, 6.55046460452e-05, 7.22163458704e-05, 5.3198353271e-05, 5.32542217115e-05, 4.57954520243e-05, 4.38038878201e-05, 2.40565568674e-05, 1.75870882231e-05, 7.11250413588e-06, 2.05484707294e-06, 6.6272116328e-07, 2.00686031349e-07, 9.89282398223e-08, 3.72246802272e-08, 6.67177957325e-09, 4.77843098423e-10], "min": [9.39936919357e-24, 1.44815203785e-23, 6.81774693945e-24, 6.25201810229e-24, 3.95426941706e-23, 8.33713201264e-23, 9.52181996981e-23, 1.1046733538e-22, 3.48321879799e-23, 7.72950906049e-23, 1.15806005199e-22, 1.83221578531e-22, 1.14154446007e-22, 1.02308191213e-22, 1.54705077223e-22, 2.30869951032e-22, 1.44492155778e-22, 3.1866900858e-22, 3.76123527977e-22, 2.61369812739e-22, 3.28995109476e-22, 4.21004841479e-22, 6.41196493619e-22, 6.76819533589e-22, 1.43993565393e-21, 1.71485385611e-21, 1.81975049559e-21], "var": [2.1401984629e-09, 5.4638065194e-05, 7.32220869395e-05, 1.5633957446e-05, 4.29888750659e-05, 2.69075790129e-05, 3.75751551474e-05, 2.94236015179e-05, 1.08246622403e-05, 5.64452648177e-06, 1.34215599701e-06, 5.2988320931e-07, 1.95546931536e-06, 1.35778384447e-06, 4.55876943306e-07, 6.48421405458e-08, 1.0996582489e-07, 3.64873677938e-08, 1.4066750964e-07, 3.05290370761e-09, 1.48647733011e-10, 5.65150322374e-11, 1.13912794128e-11, 2.03921623511e-12, 9.5045618511e-13, 2.93949062411e-14, 1.37647949361e-16]}, "barkbands_crest": {"dmean": 1.96255099773, "dmean2": 3.02818536758, "dvar": 3.27092885971, "dvar2": 8.2503452301, "max": 23.692199707, "mean": 10.7512235641, "median": 10.0781507492, "min": 3.36500906944, "var": 14.6248483658}, "barkbands_flatness_db": {"dmean": 0.0188195444643, "dmean2": 0.0272318292409, "dvar": 0.000380404700991, "dvar2": 0.000733704655431, "max": 0.449154734612, "mean": 0.255326896906, "median": 0.25304377079, "min": 0.0529759190977, "var": 0.00269448175095}, "barkbands_kurtosis": {"dmean": 2.23891162872, "dmean2": 3.39734959602, "dvar": 12.2041826248, "dvar2": 28.5269775391, "max": 80.0929641724, "mean": 4.88594055176, "median": 3.35419607162, "min": -1.74480092525, "var": 35.0582580566}, "barkbands_skewness": {"dmean": 0.400384992361, "dmean2": 0.581988811493, "dvar": 0.178590133786, "dvar2": 0.381770968437, "max": 7.5596203804, "mean": 1.54377377033, "median": 1.54533922672, "min": -2.40475344658, "var": 1.10510444641}, "barkbands_spread": {"dmean": 2.02899813652, "dmean2": 3.01666927338, "dvar": 8.43547821045, "dvar2": 17.2636051178, "max": 53.0751991272, "mean": 9.26765823364, "median": 8.05585098267, "min": 0.841415822506, "var": 32.4525337219}, "dissonance": {"dmean": 0.02653211914, "dmean2": 0.0434851236641, "dvar": 0.000654647010379, "dvar2": 0.00167244335171, "max": 0.500000059605, "mean": 0.425213783979, "median": 0.435048490763, "min": 0.132508352399, "var": 0.00228550587781}, "dynamic_complexity": 4.63314151764, "erbbands": {"dmean": [0.0153366811574, 0.440130233765, 2.08615732193, 3.1220843792, 5.07949733734, 7.11090946198, 5.97010278702, 11.8709287643, 14.3184070587, 25.9544467926, 13.3876991272, 13.4493608475, 10.7096118927, 10.2032566071, 8.88522815704, 5.90209341049, 9.01867389679, 8.48363113403, 7.35762643814, 3.50814509392, 3.13231301308, 3.72192072868, 1.84724736214, 2.30879330635, 1.82551550865, 0.551428675652, 0.20971404016, 0.10343169421, 0.0641176849604, 0.0348083414137, 0.0171779152006, 0.00833838433027, 0.00508568715304, 0.0029140971601, 0.000927012762986, 0.000260327884462, 7.06162682036e-05, 1.02971016531e-05, 3.44168620359e-06, 7.81082690082e-06], "dmean2": [0.0237900279462, 0.650270462036, 3.25264430046, 4.88095808029, 8.13458919525, 11.2096891403, 8.61283969879, 16.3682785034, 20.138217926, 36.4083023071, 18.28997612, 18.1218299866, 15.2361192703, 14.57833004, 12.9016828537, 8.65652942657, 12.9443340302, 13.2936582565, 11.1487598419, 5.34616374969, 4.82842063904, 5.68381071091, 2.88269305229, 3.74302768707, 2.96988654137, 0.843013942242, 0.316145122051, 0.153478369117, 0.0951227471232, 0.0499771498144, 0.0254164300859, 0.0120960101485, 0.00740718282759, 0.00435041449964, 0.00139489385765, 0.000408330757637, 0.000111848930828, 1.6790430891e-05, 4.87397574034e-06, 1.09915481517e-05], "dvar": [0.00150583893992, 1.23956990242, 51.1452903748, 96.4728622437, 143.836212158, 227.149612427, 189.934860229, 613.592285156, 1411.36352539, 4772.73242188, 1280.82678223, 868.505615234, 1120.19311523, 1324.30627441, 640.205932617, 272.22857666, 586.62890625, 748.853271484, 439.822906494, 96.9151763916, 63.3558540344, 116.308914185, 25.3075180054, 234.881546021, 378.814575195, 3.72737169266, 0.400686949492, 0.103680051863, 0.0494070872664, 0.0186133645475, 0.00525296619162, 0.000656508316752, 0.000370076886611, 0.00014185695909, 1.42052113006e-05, 8.28785857721e-07, 7.1537471058e-08, 1.47296719266e-09, 4.65742965028e-11, 2.30856944672e-10], "dvar2": [0.00354755180888, 2.86479830742, 127.023094177, 248.58782959, 388.592132568, 564.504699707, 384.203826904, 1118.97375488, 2635.62475586, 9447.54492188, 2330.33447266, 1692.95898438, 2295.43041992, 2744.49316406, 1366.58312988, 524.636291504, 1117.94470215, 1707.31750488, 890.673095703, 196.394302368, 145.765411377, 245.314437866, 58.9992103577, 552.923278809, 1053.89624023, 8.49181652069, 0.908726632595, 0.226939558983, 0.113601393998, 0.0364548079669, 0.0118249952793, 0.00132766412571, 0.000729719060473, 0.000279282568954, 2.96389916912e-05, 1.92841275748e-06, 1.79626454155e-07, 3.88402865426e-09, 1.05046991938e-10, 5.11592546104e-10], "max": [0.851815879345, 19.0695667267, 133.101104736, 264.965759277, 250.059387207, 294.248138428, 700.896484375, 546.078552246, 1235.37487793, 1688.77172852, 1236.15234375, 775.312561035, 885.552368164, 1586.33569336, 741.133850098, 463.030456543, 735.633728027, 927.966186523, 768.108093262, 382.913085938, 241.85975647, 334.961151123, 114.539474487, 586.44342041, 761.980102539, 62.3928642273, 14.2140216827, 7.15850543976, 6.33288669586, 4.87790346146, 2.42783284187, 0.688043117523, 0.716071784496, 0.39854362607, 0.115377515554, 0.0207322929054, 0.0064061130397, 0.00107672042213, 0.000146050253534, 0.000345400243532], "mean": [0.0411786809564, 1.15157401562, 3.87375044823, 6.17167949677, 10.2091569901, 15.0503673553, 15.0935649872, 29.4659805298, 32.0688362122, 65.5695266724, 35.9181098938, 36.167098999, 24.9034996033, 20.6148796082, 16.3644275665, 13.2185239792, 21.332195282, 22.1215629578, 17.4135437012, 7.27667331696, 7.04775047302, 8.57155895233, 4.43760204315, 4.15750455856, 2.52540326118, 0.916649401188, 0.365646839142, 0.177053868771, 0.108022481203, 0.0546961911023, 0.0252040736377, 0.0128106046468, 0.00753240101039, 0.00410747434944, 0.0013262265129, 0.000382040510885, 9.98980613076e-05, 1.48774479385e-05, 1.31021151901e-05, 2.97765745927e-05], "median": [0.0100291930139, 0.260168194771, 1.17418706417, 2.95798683167, 4.29129552841, 4.61945009232, 6.25881433487, 12.0959892273, 13.6933813095, 11.4835319519, 7.40326404572, 8.28683567047, 5.52840328217, 5.99533700943, 5.34285736084, 3.32276892662, 3.49560618401, 2.93048429489, 3.23876166344, 2.80236577988, 2.84542870522, 2.5495967865, 1.40374004841, 1.13236987591, 0.66907531023, 0.352702975273, 0.154696628451, 0.0571002028883, 0.0277427062392, 0.0116125484928, 0.00527608580887, 0.00285538937896, 0.00117347575724, 0.000553769001272, 0.000206904340303, 6.681393279e-05, 1.54049885168e-05, 1.97808162739e-06, 9.4790066214e-06, 2.19519697566e-05], "min": [4.91332712569e-22, 3.04005131959e-21, 9.92659225005e-21, 1.66183476963e-20, 2.11570731771e-20, 1.52453936387e-19, 2.96847359596e-19, 8.75012434871e-19, 1.31500252059e-18, 2.07825261835e-18, 1.83398184076e-18, 5.97470798688e-19, 1.88815079715e-18, 3.82495222203e-18, 4.82232317766e-18, 8.00613721947e-18, 5.07503388583e-18, 5.20666189594e-18, 7.33710195951e-18, 6.20805377653e-18, 1.54273138164e-17, 8.96869421108e-18, 1.2423361927e-17, 2.4445028405e-17, 1.64474723572e-17, 1.18755309607e-17, 1.02254636301e-17, 1.47715068288e-17, 1.20573502224e-17, 1.68765590651e-17, 2.00173572335e-17, 1.44291781323e-17, 1.26788424495e-17, 1.21344360109e-17, 1.17025170366e-17, 5.40747736043e-18, 3.05116611801e-18, 1.32173804552e-18, 2.37476962268e-19, 2.89448203167e-20], "var": [0.00521405693144, 4.33062028885, 66.6171340942, 132.00138855, 306.139434814, 779.514770508, 818.86895752, 2408.52124023, 3403.38793945, 21415.6347656, 6592.81884766, 5633.20214844, 4730.64111328, 3603.56494141, 1485.71008301, 926.152099609, 3117.18920898, 4228.19873047, 2115.90771484, 287.298492432, 184.848236084, 324.801818848, 86.2792892456, 267.187591553, 279.207275391, 6.08579206467, 0.587599039078, 0.157829999924, 0.0751567408442, 0.0320410206914, 0.00679014995694, 0.00109438167419, 0.000599481340032, 0.000226795091294, 2.02295250347e-05, 1.08438052848e-06, 7.94458969722e-08, 1.67548341867e-09, 1.70833430735e-10, 8.76501093927e-10]}, "erbbands_crest": {"dmean": 2.30379581451, "dmean2": 3.50969696045, "dvar": 4.74362707138, "dvar2": 10.9194688797, "max": 31.5297298431, "mean": 10.8792543411, "median": 9.8695230484, "min": 3.18251943588, "var": 21.4017009735}, "erbbands_flatness_db": {"dmean": 0.015880426392, "dmean2": 0.0214374344796, "dvar": 0.000256094586803, "dvar2": 0.000438737217337, "max": 0.438039213419, "mean": 0.264587014914, "median": 0.262744396925, "min": 0.0992631167173, "var": 0.00184156035539}, "erbbands_kurtosis": {"dmean": 0.945251882076, "dmean2": 1.41659605503, "dvar": 1.9570504427, "dvar2": 4.35433149338, "max": 37.5517845154, "mean": 0.985148489475, "median": 0.244385495782, "min": -1.83384466171, "var": 6.13130378723}, "erbbands_skewness": {"dmean": 0.314229696989, "dmean2": 0.457920640707, "dvar": 0.0970226451755, "dvar2": 0.197369471192, "max": 4.29118251801, "mean": 0.697333872318, "median": 0.668143749237, "min": -5.86258792877, "var": 0.573866844177}, "erbbands_spread": {"dmean": 4.09358501434, "dmean2": 6.00433349609, "dvar": 20.9054279327, "dvar2": 44.3041610718, "max": 79.8968200684, "mean": 22.6620464325, "median": 21.1443157196, "min": 2.69840931892, "var": 128.413925171}, "gfcc": {"cov": [[8477.66699219, 119.152069092, -67.5303726196, 166.802307129, -179.190155029, 264.340454102, -281.436523438, 157.263580322, -66.0373535156, -129.551544189, -172.409210205, -139.340835571, -419.044311523], [119.152069092, 1016.56970215, 188.127365112, -126.879798889, 276.851867676, -99.1287918091, 203.526412964, -67.8482208252, 87.2643737793, -35.9821357727, 88.9455795288, -7.72927236557, 129.139282227], [-67.5303726196, 188.127365112, 522.966186523, 127.093658447, 105.127510071, 42.171295166, 55.3954048157, 29.3501796722, 45.619468689, 23.5675144196, 67.6828308105, 38.3642730713, 39.4304199219], [166.802307129, -126.879798889, 127.093658447, 513.884277344, 71.205116272, 39.3543777466, 10.4543237686, 0.0240080468357, -20.5803108215, -8.793633461, 32.369342804, 11.235534668, 45.7291755676], [-179.190155029, 276.851867676, 105.127510071, 71.205116272, 286.365478516, 27.6540756226, 91.3917312622, 7.83392000198, 44.0513839722, -0.635051846504, 34.2788238525, 16.7904815674, 58.3114013672], [264.340454102, -99.1287918091, 42.171295166, 39.3543777466, 27.6540756226, 222.032806396, 107.116531372, 70.6530151367, 6.63271427155, 31.9353160858, -1.33379626274, 0.135809853673, -0.959654271603], [-281.436523438, 203.526412964, 55.3954048157, 10.4543237686, 91.3917312622, 107.116531372, 278.55960083, 51.2392120361, 27.1285419464, 19.7632045746, 33.1265678406, 14.4962501526, 68.1067962646], [157.263580322, -67.8482208252, 29.3501796722, 0.0240080468357, 7.83392000198, 70.6530151367, 51.2392120361, 140.333740234, 51.1575622559, 27.232378006, 1.15407431126, 1.1908172369, -6.64902925491], [-66.0373535156, 87.2643737793, 45.619468689, -20.5803108215, 44.0513839722, 6.63271427155, 27.1285419464, 51.1575622559, 119.615623474, 45.7982521057, 10.5286445618, -7.75326824188, 7.36737346649], [-129.551544189, -35.9821357727, 23.5675144196, -8.793633461, -0.635051846504, 31.9353160858, 19.7632045746, 27.232378006, 45.7982521057, 97.6053085327, 30.3970031738, -1.38593649864, 3.99928355217], [-172.409210205, 88.9455795288, 67.6828308105, 32.369342804, 34.2788238525, -1.33379626274, 33.1265678406, 1.15407431126, 10.5286445618, 30.3970031738, 95.5101928711, 37.6944580078, 27.5117988586], [-139.340835571, -7.72927236557, 38.3642730713, 11.235534668, 16.7904815674, 0.135809853673, 14.4962501526, 1.1908172369, -7.75326824188, -1.38593649864, 37.6944580078, 82.9999389648, 30.5147609711], [-419.044311523, 129.139282227, 39.4304199219, 45.7291755676, 58.3114013672, -0.959654271603, 68.1067962646, -6.64902925491, 7.36737346649, 3.99928355217, 27.5117988586, 30.5147609711, 125.276672363]], "icov": [[0.00027787007275, -0.000810736906715, 0.000196128312382, -0.00047995854402, 0.00049321714323, -0.000818583590444, 0.000768035009969, -0.000726242258679, 0.0005007609725, -0.000225419731578, 0.000748554535676, -0.00057276408188, 0.00113960157614], [-0.000810736906715, 0.00572654092684, -0.00141026638448, 0.00286134891212, -0.0034363034647, 0.00402034074068, -0.00433009816334, 0.00411707255989, -0.00365383177996, 0.00363443815149, -0.00522709172219, 0.00472327880561, -0.00491645745933], [0.000196128312382, -0.00141026638448, 0.00273396051489, -0.00114715658128, 0.000391522829887, -0.00133254460525, 0.00112787226681, -0.00107161968481, 9.16899662116e-05, -0.000656446674839, 8.56302140164e-05, -0.00165341969114, 0.00120503036305], [-0.00047995854402, 0.00286134891212, -0.00114715658128, 0.00374964391813, -0.00212682946585, 0.00156061665621, -0.00168313132599, 0.00195331196301, -0.00111185037531, 0.00203897338361, -0.00330006843433, 0.00290140556172, -0.00352374650538], [0.00049321714323, -0.0034363034647, 0.000391522829887, -0.00212682946585, 0.00681932270527, -0.002819375135, 0.00161933805794, -0.00162913254462, -1.86132656381e-05, -0.000609988055658, 0.00224144617096, -0.00273983622901, 0.00187830452342], [-0.000818583590444, 0.00402034074068, -0.00133254460525, 0.00156061665621, -0.002819375135, 0.010468037799, -0.00593217508867, 0.000253569742199, -0.000153056942509, -0.000725252728444, -0.00163957336918, 0.00268818531185, -0.00266425032169], [0.000768035009969, -0.00433009816334, 0.00112787226681, -0.00168313132599, 0.00161933805794, -0.00593217508867, 0.00933597795665, -0.0042168032378, 0.00250250869431, -0.00173374824226, 0.0022777384147, -0.00257679517381, 0.00122915720567], [-0.000726242258679, 0.00411707255989, -0.00107161968481, 0.00195331196301, -0.00162913254462, 0.000253569742199, -0.0042168032378, 0.0137380603701, -0.00737153878435, 0.00250473152846, -0.00317723420449, 0.00205879495479, -0.00271730404347], [0.0005007609725, -0.00365383177996, 9.16899662116e-05, -0.00111185037531, -1.86132656381e-05, -0.000153056942509, 0.00250250869431, -0.00737153878435, 0.016216924414, -0.00833597686142, 0.0044635431841, -0.00137834786437, 0.0027421831619], [-0.000225419731578, 0.00363443815149, -0.000656446674839, 0.00203897338361, -0.000609988055658, -0.000725252728444, -0.00173374824226, 0.00250473152846, -0.00833597686142, 0.0185694396496, -0.0094592384994, 0.00531024066731, -0.00300302612595], [0.000748554535676, -0.00522709172219, 8.56302140164e-05, -0.00330006843433, 0.00224144617096, -0.00163957336918, 0.0022777384147, -0.00317723420449, 0.0044635431841, -0.0094592384994, 0.0216725319624, -0.0108773512766, 0.00453650346026], [-0.00057276408188, 0.00472327880561, -0.00165341969114, 0.00290140556172, -0.00273983622901, 0.00268818531185, -0.00257679517381, 0.00205879495479, -0.00137834786437, 0.00531024066731, -0.0108773512766, 0.0204111877829, -0.00718887150288], [0.00113960157614, -0.00491645745933, 0.00120503036305, -0.00352374650538, 0.00187830452342, -0.00266425032169, 0.00122915720567, -0.00271730404347, 0.0027421831619, -0.00300302612595, 0.00453650346026, -0.00718887150288, 0.0167515333742]], "mean": [-113.98235321, 197.057907104, -140.103988647, 14.3803300858, -38.8822135925, -19.8837413788, -26.228843689, -7.04360246658, -11.4105176926, -10.7287693024, -3.86142086983, -14.4369859695, -2.58755040169]}, "hfc": {"dmean": 2.57561373711, "dmean2": 3.5312256813, "dvar": 18.6211776733, "dvar2": 34.8072738647, "max": 84.4362030029, "mean": 10.9908218384, "median": 6.37674427032, "min": 1.07801049399e-16, "var": 133.836532593}, "melbands": {"dmean": [0.000277883373201, 0.000921925762668, 0.00058372062631, 0.000436263071606, 0.000228939781664, 0.000260239728959, 0.000229016615776, 0.000264035799773, 0.00011227811774, 7.86210730439e-05, 5.460853572e-05, 4.34879548266e-05, 3.39328798873e-05, 1.67893613252e-05, 1.97289155039e-05, 2.01991952054e-05, 1.73983789864e-05, 1.39902494993e-05, 6.06904222877e-06, 4.37058679381e-06, 4.03122885473e-06, 4.55653480458e-06, 2.26502766054e-06, 1.72990280589e-06, 2.05246169571e-06, 1.82483017852e-06, 7.34261959678e-07, 3.20450766367e-07, 1.65502513028e-07, 8.22772179276e-08, 5.53841985607e-08, 4.02596924687e-08, 2.67071484927e-08, 1.75085652643e-08, 1.07886570788e-08, 6.7592731412e-09, 4.68329774961e-09, 3.80009490542e-09, 3.15809134399e-09, 2.29859553613e-09], "dmean2": [0.000417261850089, 0.00141431763768, 0.000913421565201, 0.000693045032676, 0.000335765216732, 0.000358185672667, 0.000324490538333, 0.000369485642295, 0.000152782246005, 0.000106343148218, 7.86294549471e-05, 6.17818586761e-05, 5.02242073708e-05, 2.49570366577e-05, 2.9157177778e-05, 2.95032841677e-05, 2.72656743618e-05, 2.13061848626e-05, 9.06257264432e-06, 6.90991828378e-06, 6.21911340204e-06, 7.01723638485e-06, 3.48321464116e-06, 2.81350503428e-06, 3.34905712407e-06, 3.04699574372e-06, 1.13003375191e-06, 5.0701788723e-07, 2.55895656665e-07, 1.2310883335e-07, 8.45319476639e-08, 6.08379835398e-08, 3.95791204255e-08, 2.55365968371e-08, 1.63828541844e-08, 1.01113348805e-08, 6.94485269292e-09, 5.63102986462e-09, 4.72092409609e-09, 3.52333673348e-09], "dvar": [4.89905744416e-07, 8.21307730803e-06, 2.67910718321e-06, 8.57264524257e-07, 2.33332045241e-07, 2.87296927581e-07, 3.12527674851e-07, 4.77368473639e-07, 7.68594858869e-08, 2.96149327284e-08, 2.94201392137e-08, 2.25759269057e-08, 8.83453576961e-09, 2.60684229758e-09, 2.69178923595e-09, 3.88323195821e-09, 3.42164074851e-09, 1.58772517356e-09, 3.4962832629e-10, 1.59716712078e-10, 1.03322073119e-10, 1.82559717343e-10, 4.19167027477e-11, 3.5789499836e-11, 2.11845055387e-10, 4.40511460642e-10, 2.29410379582e-11, 8.97808737077e-13, 2.56684105394e-13, 5.99592261692e-14, 3.17469100596e-14, 1.86576370808e-14, 1.01819611363e-14, 5.57619111001e-15, 2.50910937196e-15, 4.71234604106e-16, 2.19070261966e-16, 2.08411080243e-16, 1.46937505278e-16, 1.04179070342e-16], "dvar2": [1.09719690045e-06, 2.06265431189e-05, 6.80185939927e-06, 2.24690734285e-06, 5.0628034387e-07, 5.24633605892e-07, 5.86736405239e-07, 9.27585404042e-07, 1.40867584264e-07, 5.87267514618e-08, 6.06706862527e-08, 4.38987690643e-08, 1.86180635353e-08, 5.14499820525e-09, 5.19502840746e-09, 7.84111975349e-09, 7.93618148975e-09, 3.2542131212e-09, 6.17062789754e-10, 3.60478119577e-10, 2.41445807792e-10, 3.90459831134e-10, 9.09266550941e-11, 9.44634648281e-11, 5.10241793261e-10, 1.26456856098e-09, 5.29139336514e-11, 2.21969773291e-12, 6.11975856275e-13, 1.33225190862e-13, 7.14942292651e-14, 4.44770935847e-14, 2.26470199609e-14, 1.09706699359e-14, 5.99221727129e-15, 9.94313342057e-16, 4.66382005291e-16, 4.42315840496e-16, 2.69942915194e-16, 2.2250393501e-16], "max": [0.0125554073602, 0.0511004254222, 0.0459759235382, 0.0249450560659, 0.021656692028, 0.0108545068651, 0.0159010123461, 0.017527455464, 0.00840890593827, 0.00420188903809, 0.00493900151923, 0.00608465680853, 0.00228032143787, 0.00160733517259, 0.00125491525978, 0.00201134616509, 0.00208945618942, 0.00126835179981, 0.00109930860344, 0.000496724504046, 0.000291703181574, 0.000409288943047, 0.000204057432711, 0.000163957709447, 0.000578008475713, 0.000924592663068, 0.000223832554184, 2.8303336876e-05, 1.39971698445e-05, 5.26721214555e-06, 4.38367533206e-06, 4.16404054704e-06, 2.66801976068e-06, 3.33132743435e-06, 1.6893297925e-06, 6.91083300808e-07, 4.57318890312e-07, 5.16473846801e-07, 3.94764128941e-07, 3.51634184881e-07], "mean": [0.000760573951993, 0.00196723616682, 0.00121779972687, 0.000923878396861, 0.000580718566198, 0.000654024304822, 0.000523225055076, 0.000674109149259, 0.000290808588034, 0.000207788863918, 0.000121426601254, 8.6789856141e-05, 5.933434295e-05, 3.27429224853e-05, 4.30292966485e-05, 4.6459139412e-05, 4.11445653299e-05, 3.06826877932e-05, 1.24297830553e-05, 8.06716343504e-06, 8.38104460854e-06, 9.76218325377e-06, 5.24208508068e-06, 3.53696555067e-06, 3.40639530805e-06, 2.28934140978e-06, 1.06107540887e-06, 5.13770146426e-07, 2.66116160219e-07, 1.32794212959e-07, 9.04424979353e-08, 6.65671322508e-08, 4.04353102113e-08, 2.58720120883e-08, 1.51001451343e-08, 9.69621449798e-09, 7.04979052912e-09, 5.46492362474e-09, 4.35638947138e-09, 3.11567505129e-09], "median": [0.000158934533829, 0.00060600345023, 0.000621462822892, 0.000350238551619, 0.000244319613557, 0.000279845000478, 0.000201857779757, 0.000104061116872, 6.05147142778e-05, 4.47968413937e-05, 2.50894809142e-05, 2.36763153225e-05, 1.95094544324e-05, 7.92424270912e-06, 9.22104209167e-06, 5.83700830248e-06, 4.67765130452e-06, 5.31611476617e-06, 3.23775793731e-06, 3.47463310391e-06, 3.03055912809e-06, 2.86030694951e-06, 1.20172467177e-06, 1.18300715712e-06, 8.31210172691e-07, 5.70100098685e-07, 2.71631023452e-07, 2.10784250498e-07, 1.09142504812e-07, 4.68106549079e-08, 2.5413937621e-08, 1.54911994343e-08, 9.63476409765e-09, 4.90114748786e-09, 2.94868596207e-09, 2.09254857886e-09, 1.46282097546e-09, 8.14860401377e-10, 5.2488291491e-10, 3.97982036215e-10], "min": [4.86704262112e-24, 4.74936587331e-24, 2.63328376873e-24, 4.869144541e-24, 1.02072124588e-23, 1.84174929557e-23, 2.11092330924e-23, 2.53138853831e-23, 1.27274376686e-23, 4.00430055339e-24, 9.30459071125e-24, 1.43027045439e-23, 1.59365490746e-23, 1.87598964539e-23, 1.27348261399e-23, 1.49743880503e-23, 9.02159317239e-24, 1.11201556623e-23, 1.24209880839e-23, 6.36652007939e-24, 2.14468482049e-23, 7.26690856167e-24, 1.22762912724e-23, 1.33528939259e-23, 2.11111058482e-23, 9.24027172621e-24, 1.19951862108e-23, 7.52275429703e-24, 6.02961020854e-24, 8.80336742474e-24, 7.85194437506e-24, 4.8104110856e-24, 1.16890655811e-23, 7.71094732116e-24, 1.05742489276e-23, 1.20806364129e-23, 7.61480805378e-24, 7.04936991186e-24, 1.18130705711e-23, 9.39754534716e-24], "var": [1.91540016203e-06, 1.30636317408e-05, 4.09657423006e-06, 2.34214280681e-06, 1.02883700492e-06, 1.13852388495e-06, 8.52145035424e-07, 2.29976058108e-06, 3.94042615426e-07, 1.90544042766e-07, 1.24487186781e-07, 6.74593962913e-08, 1.96432310418e-08, 7.32633376188e-09, 1.06011377454e-08, 2.0504272058e-08, 1.71209624256e-08, 7.0486882997e-09, 1.41112910246e-09, 3.82318371406e-10, 2.76249245701e-10, 4.91937657277e-10, 1.51613721577e-10, 9.96318166857e-11, 2.24457272213e-10, 2.88044449404e-10, 2.67768082013e-11, 1.38217529869e-12, 3.36629704147e-13, 8.72024281669e-14, 4.6572930923e-14, 2.92320353579e-14, 1.47286205449e-14, 8.97060576592e-15, 2.87934493211e-15, 7.18832498984e-16, 3.41238657746e-16, 3.12752330925e-16, 2.54856384901e-16, 1.48169647048e-16]}, "melbands_crest": {"dmean": 2.33637714386, "dmean2": 3.6534113884, "dvar": 5.16983413696, "dvar2": 13.3637456894, "max": 28.7033615112, "mean": 13.2664060593, "median": 12.606338501, "min": 2.28321504593, "var": 18.6281738281}, "melbands_flatness_db": {"dmean": 0.0213669836521, "dmean2": 0.0301217418164, "dvar": 0.000563993758988, "dvar2": 0.00103544339072, "max": 0.561044692993, "mean": 0.326772093773, "median": 0.326804131269, "min": 0.00850136484951, "var": 0.00441638100892}, "melbands_kurtosis": {"dmean": 3.76697206497, "dmean2": 5.69606018066, "dvar": 38.6859130859, "dvar2": 90.1059341431, "max": 163.284927368, "mean": 9.36644268036, "median": 6.73044252396, "min": -1.81998085976, "var": 108.261711121}, "melbands_skewness": {"dmean": 0.479709863663, "dmean2": 0.70094627142, "dvar": 0.259580671787, "dvar2": 0.560151338577, "max": 9.51054954529, "mean": 2.07614946365, "median": 1.97438383102, "min": -1.42360007763, "var": 1.54845619202}, "melbands_spread": {"dmean": 2.6086139679, "dmean2": 3.88832235336, "dvar": 21.7552185059, "dvar2": 43.2774124146, "max": 131.880264282, "mean": 11.463057518, "median": 9.36175918579, "min": 1.0651267767, "var": 90.1756439209}, "mfcc": {"cov": [[4971.72509766, 458.50491333, -638.735229492, 262.447692871, -161.213775635, 123.159263611, -151.226531982, 176.486450195, -65.7265014648, 12.956820488, 237.181472778, -14.3776397705, -200.42225647], [458.50491333, 1018.15899658, 48.9086952209, -30.0163269043, 101.512863159, 14.5750799179, 94.4352645874, 57.0996055603, 80.5999755859, 16.3324718475, 21.8685092926, 78.3861694336, 44.3686828613], [-638.735229492, 48.9086952209, 435.92477417, 65.0965881348, 53.1875762939, 24.2582187653, 52.5776824951, 5.70791387558, 10.7259082794, 17.9558067322, -29.0086364746, 38.9059562683, 81.7742767334], [262.447692871, -30.0163269043, 65.0965881348, 416.000976563, 114.327033997, 68.989074707, 52.6237983704, 18.5602092743, 2.55010700226, -9.60841083527, -34.9191856384, -7.0748052597, 49.5918769836], [-161.213775635, 101.512863159, 53.1875762939, 114.327033997, 231.0834198, 32.214214325, 16.5771026611, 9.37434959412, 13.3664693832, 16.7270069122, -11.3508472443, 6.88942861557, 17.8152866364], [123.159263611, 14.5750799179, 24.2582187653, 68.989074707, 32.214214325, 149.230743408, 94.0374908447, 27.3484954834, 31.5821056366, 17.8539047241, -3.3727645874, 27.2580699921, 17.7805671692], [-151.226531982, 94.4352645874, 52.5776824951, 52.6237983704, 16.5771026611, 94.0374908447, 238.128234863, 69.3941116333, 63.4112472534, 44.9458084106, -33.198261261, 37.6206321716, 52.6848487854], [176.486450195, 57.0996055603, 5.70791387558, 18.5602092743, 9.37434959412, 27.3484954834, 69.3941116333, 126.295143127, 51.4076538086, 12.8466959, 16.2243251801, 24.0514144897, 4.35214757919], [-65.7265014648, 80.5999755859, 10.7259082794, 2.55010700226, 13.3664693832, 31.5821056366, 63.4112472534, 51.4076538086, 137.445953369, 78.5562591553, -7.24770069122, 18.3776435852, 16.9984836578], [12.956820488, 16.3324718475, 17.9558067322, -9.60841083527, 16.7270069122, 17.8539047241, 44.9458084106, 12.8466959, 78.5562591553, 154.35848999, 34.168926239, 1.00218331814, 10.5056648254], [237.181472778, 21.8685092926, -29.0086364746, -34.9191856384, -11.3508472443, -3.3727645874, -33.198261261, 16.2243251801, -7.24770069122, 34.168926239, 126.774085999, 35.3867416382, -19.8830833435], [-14.3776397705, 78.3861694336, 38.9059562683, -7.0748052597, 6.88942861557, 27.2580699921, 37.6206321716, 24.0514144897, 18.3776435852, 1.00218331814, 35.3867416382, 94.7563781738, 43.0402183533], [-200.42225647, 44.3686828613, 81.7742767334, 49.5918769836, 17.8152866364, 17.7805671692, 52.6848487854, 4.35214757919, 16.9984836578, 10.5056648254, -19.8830833435, 43.0402183533, 111.525024414]], "icov": [[0.000533287704457, -0.00046495324932, 0.000709619431291, -0.00072907237336, 0.000835687736981, -0.000883904285729, 0.000927155779209, -0.00115032226313, 0.00102728838101, -0.000818152620923, -0.0001131287936, -0.000146718884935, 0.000518498010933], [-0.00046495324932, 0.00160580582451, -0.000638068770058, 0.000887275673449, -0.00139287370257, 0.00119304296095, -0.00133046496194, 0.00108714879025, -0.00168972834945, 0.00127771939151, -0.000312057411065, -0.000377246702556, -0.000555583799724], [0.000709619431291, -0.000638068770058, 0.00372054218315, -0.00108361628372, 0.000735190231353, -0.00118700019084, 0.00126646179706, -0.0016898335889, 0.00195281847846, -0.00173792080022, 0.000646519474685, -0.00099106086418, -0.000813808117528], [-0.00072907237336, 0.000887275673449, -0.00108361628372, 0.00431625219062, -0.00264746975154, -2.29102261073e-05, -0.00138880952727, 0.00111626286525, -0.00134038017131, 0.00179634604137, -2.84988300336e-06, 0.00171020114794, -0.0023743219208], [0.000835687736981, -0.00139287370257, 0.000735190231353, -0.00264746975154, 0.00690913107246, -0.0021924902685, 0.00236910581589, -0.00216148397885, 0.00220165285282, -0.00255209836178, 0.000786937598605, -0.00073920795694, 0.00123559334315], [-0.000883904285729, 0.00119304296095, -0.00118700019084, -2.29102261073e-05, -0.0021924902685, 0.0116088483483, -0.00556586869061, 0.00289203901775, -0.00300481147133, 0.00198878953233, -0.000617825833615, -0.00187273067422, 0.00071656430373], [0.000927155779209, -0.00133046496194, 0.00126646179706, -0.00138880952727, 0.00236910581589, -0.00556586869061, 0.0101773831993, -0.00585131160915, 0.00278150499798, -0.00442672101781, 0.00368289486505, -0.00203604414128, -0.000750714389142], [-0.00115032226313, 0.00108714879025, -0.0016898335889, 0.00111626286525, -0.00216148397885, 0.00289203901775, -0.00585131160915, 0.0146276792511, -0.00753566017374, 0.00522335991263, -0.00349714234471, 0.00023096325458, 0.000264389702352], [0.00102728838101, -0.00168972834945, 0.00195281847846, -0.00134038017131, 0.00220165285282, -0.00300481147133, 0.00278150499798, -0.00753566017374, 0.0170643180609, -0.0102175353095, 0.00525165302679, -0.00368387438357, 0.00150952418335], [-0.000818152620923, 0.00127771939151, -0.00173792080022, 0.00179634604137, -0.00255209836178, 0.00198878953233, -0.00442672101781, 0.00522335991263, -0.0102175353095, 0.0145237250254, -0.00700789270923, 0.00536280218512, -0.00265495828353], [-0.0001131287936, -0.000312057411065, 0.000646519474685, -2.84988300336e-06, 0.000786937598605, -0.000617825833615, 0.00368289486505, -0.00349714234471, 0.00525165302679, -0.00700789270923, 0.0149616021663, -0.00869046431035, 0.0036984749604], [-0.000146718884935, -0.000377246702556, -0.00099106086418, 0.00171020114794, -0.00073920795694, -0.00187273067422, -0.00203604414128, 0.00023096325458, -0.00368387438357, 0.00536280218512, -0.00869046431035, 0.0203057657927, -0.00810744520277], [0.000518498010933, -0.000555583799724, -0.000813808117528, -0.0023743219208, 0.00123559334315, 0.00071656430373, -0.000750714389142, 0.000264389702352, 0.00150952418335, -0.00265495828353, 0.0036984749604, -0.00810744520277, 0.0156128881499]], "mean": [-743.429382324, 214.314025879, -24.7720222473, 28.2897872925, 3.82661366463, -8.0077419281, -3.42774629593, -4.57721853256, -3.34067130089, -1.56617701054, -2.80255532265, -0.851961255074, -0.83257830143]}, "pitch_salience": {"dmean": 0.0545795150101, "dmean2": 0.0852058455348, "dvar": 0.00259447633289, "dvar2": 0.0064705433324, "max": 0.858726918697, "mean": 0.575228989124, "median": 0.579709470272, "min": 0.164757534862, "var": 0.0125641133636}, "silence_rate_20dB": {"dmean": 0, "dmean2": 0, "dvar": 0, "dvar2": 0, "max": 1, "mean": 1, "median": 1, "min": 1, "var": 0}, "silence_rate_30dB": {"dmean": 0.0128205129877, "dmean2": 0.0256457235664, "dvar": 0.0126566747203, "dvar2": 0.027552280575, "max": 1, "mean": 0.983153283596, "median": 1, "min": 0, "var": 0.0165624804795}, "silence_rate_60dB": {"dmean": 0.0358974374831, "dmean2": 0.0718080252409, "dvar": 0.034606076777, "dvar2": 0.0728809311986, "max": 1, "mean": 0.135506317019, "median": 0, "min": 0, "var": 0.117150753736}, "spectral_centroid": {"dmean": 102.542709351, "dmean2": 150.496078491, "dvar": 40255.4375, "dvar2": 65666.7109375, "max": 11004.1884766, "mean": 668.388916016, "median": 582.080627441, "min": 186.219436646, "var": 158554.8125}, "spectral_complexity": {"dmean": 1.82710623741, "dmean2": 2.90199661255, "dvar": 3.63052463531, "dvar2": 7.65240526199, "max": 44, "mean": 12.2014284134, "median": 11, "min": 0, "var": 31.8256378174}, "spectral_contrast_coeffs": {"dmean": [0.0439670979977, 0.0385982319713, 0.0327294655144, 0.0268513876945, 0.0219560079277, 0.0161616485566], "dmean2": [0.071845240891, 0.0605625621974, 0.0510867722332, 0.0427274815738, 0.0337775573134, 0.0261922068894], "dvar": [0.00140526110772, 0.00113351235632, 0.000783934781794, 0.000463884091005, 0.000371340167476, 0.000184604665264], "dvar2": [0.00366979604587, 0.00275735836476, 0.00189520779531, 0.00115815922618, 0.000818835804239, 0.000457183574326], "max": [-0.272092342377, -0.367587149143, -0.477014929056, -0.558521211147, -0.528101801872, -0.653526961803], "mean": [-0.603661835194, -0.679142832756, -0.737760126591, -0.755480885506, -0.762495934963, -0.759531438351], "median": [-0.612592339516, -0.687642514706, -0.746998906136, -0.761469483376, -0.767383217812, -0.75800049305], "min": [-0.941254913807, -0.960663378239, -0.949506938457, -0.953392207623, -0.955142915249, -0.959103703499], "var": [0.00740332482383, 0.00695386901498, 0.005143717397, 0.00297585269436, 0.00215261103585, 0.00106192159001]}, "spectral_contrast_valleys": {"dmean": [0.400821328163, 0.307623237371, 0.29355353117, 0.249329000711, 0.255447506905, 0.336018264294], "dmean2": [0.648645281792, 0.489026635885, 0.461012721062, 0.379273116589, 0.336956828833, 0.444395780563], "dvar": [0.150192335248, 0.0973380208015, 0.102992288768, 0.0732119083405, 0.0978375971317, 0.125197261572], "dvar2": [0.329523235559, 0.199139252305, 0.194508388638, 0.123029835522, 0.134762361646, 0.174344450235], "max": [-4.95346975327, -4.74761581421, -4.94576120377, -5.83913183212, -6.51749801636, -9.7911272049], "mean": [-7.62978124619, -6.8273267746, -7.89551687241, -8.43635940552, -8.96018028259, -12.8931798935], "median": [-7.47320127487, -6.73070859909, -7.8360877037, -8.33028697968, -8.82732868195, -12.8940191269], "min": [-27.7705726624, -27.2008743286, -27.4075527191, -27.2507610321, -27.4417762756, -27.2513980865], "var": [1.60304152966, 1.03239715099, 1.11121916771, 1.02099502087, 1.01994264126, 1.19505035877]}, "spectral_decrease": {"dmean": 1.81040615832e-09, "dmean2": 2.55502374813e-09, "dvar": 1.29660254961e-17, "dvar2": 2.90221711132e-17, "max": -1.25000244147e-28, "mean": -6.76785782971e-09, "median": -5.04119279654e-09, "min": -8.21368502102e-08, "var": 4.6515856546e-17}, "spectral_energy": {"dmean": 0.00703859981149, "dmean2": 0.00992132909596, "dvar": 0.00019214922213, "dvar2": 0.000428178231232, "max": 0.315802782774, "mean": 0.0265402477235, "median": 0.0196431875229, "min": 1.02496531313e-20, "var": 0.000706833612639}, "spectral_energyband_high": {"dmean": 1.01515952338e-05, "dmean2": 1.49482584675e-05, "dvar": 9.519479649e-10, "dvar2": 2.1197352762e-09, "max": 0.000703656580299, "mean": 1.82432759175e-05, "median": 7.34486047804e-06, "min": 6.9727706723e-21, "var": 1.41195433123e-09}, "spectral_energyband_low": {"dmean": 0.00362438824959, "dmean2": 0.00550014339387, "dvar": 0.000114443006169, "dvar2": 0.000289294519462, "max": 0.193465486169, "mean": 0.00851078145206, "median": 0.00336033990607, "min": 3.33416636985e-23, "var": 0.00020041569951}, "spectral_energyband_middle_high": {"dmean": 0.00090230157366, "dmean2": 0.00127495802008, "dvar": 4.2410874812e-06, "dvar2": 7.47362355469e-06, "max": 0.0664513483644, "mean": 0.00297810789198, "median": 0.00125005957671, "min": 1.92656362531e-21, "var": 2.7142565159e-05}, "spectral_energyband_middle_low": {"dmean": 0.0045608561486, "dmean2": 0.00651457579806, "dvar": 5.62076456845e-05, "dvar2": 0.000119274765893, "max": 0.174214094877, "mean": 0.0162575952709, "median": 0.0102321906015, "min": 3.95808447462e-22, "var": 0.000282831140794}, "spectral_entropy": {"dmean": 0.146832600236, "dmean2": 0.206232234836, "dvar": 0.0255808085203, "dvar2": 0.0469167493284, "max": 9.79682159424, "mean": 6.63013648987, "median": 6.6486787796, "min": 4.92553520203, "var": 0.190571472049}, "spectral_flux": {"dmean": 0.0183428004384, "dmean2": 0.0295318551362, "dvar": 0.000800902780611, "dvar2": 0.0019637059886, "max": 0.463880628347, "mean": 0.0556982085109, "median": 0.0439386703074, "min": 1.01240571482e-10, "var": 0.00202444265597}, "spectral_kurtosis": {"dmean": 8.27665710449, "dmean2": 14.2256269455, "dvar": 70.2545623779, "dvar2": 191.969116211, "max": 144.055541992, "mean": 16.446931839, "median": 12.7682218552, "min": -1.20112013817, "var": 185.747009277}, "spectral_rms": {"dmean": 0.000614058517385, "dmean2": 0.000836332736071, "dvar": 7.94241941549e-07, "dvar2": 1.51876315613e-06, "max": 0.0175527855754, "mean": 0.00447261007503, "median": 0.004377680365, "min": 3.16222417175e-12, "var": 5.88865850659e-06}, "spectral_rolloff": {"dmean": 148.580291748, "dmean2": 250.372207642, "dvar": 131785.640625, "dvar2": 281412.40625, "max": 18497.0214844, "mean": 747.530517578, "median": 538.330078125, "min": 86.1328125, "var": 1292696.75}, "spectral_skewness": {"dmean": 0.602158904076, "dmean2": 1.02006304264, "dvar": 0.295374959707, "dvar2": 0.803216099739, "max": 9.03562450409, "mean": 2.52099919319, "median": 2.31963348389, "min": -0.0247963573784, "var": 1.08127307892}, "spectral_spread": {"dmean": 254552.265625, "dmean2": 384270.75, "dvar": 251481128