{"lowlevel": {"average_loudness": 0.400554031134, "barkbands": {"dmean": [0.00161045521963, 0.00405203783885, 0.00152028340381, 0.000532220990863, 0.000713301007636, 0.00123307772446, 0.00137288169935, 0.00140382675454, 0.000972766196355, 0.00067015143577, 0.000376397598302, 0.000348824658431, 0.000184845834156, 0.000202201641514, 0.000111148103315, 8.85847039171e-05, 5.48880416318e-05, 5.8545218053e-05, 6.43640159979e-05, 6.59877041471e-05, 5.66498420085e-05, 3.97324110963e-05, 2.60727574641e-05, 6.75469118505e-06, 1.30087244088e-06, 1.07726064016e-05, 8.12655343907e-05], "dmean2": [0.00251382077113, 0.00638519553468, 0.00259253149852, 0.000895976845641, 0.00117374199908, 0.00188878853805, 0.00216984329745, 0.00212370464578, 0.00157954276074, 0.00106578797568, 0.000602148997132, 0.000560572720133, 0.000294158526231, 0.000318221078487, 0.000176061919774, 0.000140820149682, 8.50216383697e-05, 8.65026522661e-05, 9.18306832318e-05, 9.35353818932e-05, 7.84487638157e-05, 5.4313117289e-05, 3.64331899618e-05, 9.61266323429e-06, 2.12262057175e-06, 1.49774668898e-05, 0.000107394480438], "dvar": [1.45907224578e-05, 7.37983864383e-05, 1.16732935567e-05, 1.01597458979e-06, 2.57939041148e-06, 2.2481814085e-05, 2.2025884391e-05, 2.98247086903e-05, 2.03470826818e-05, 3.84660825148e-06, 1.41354314565e-06, 1.67523842265e-06, 3.45590990491e-07, 2.71542660357e-07, 5.35946504954e-08, 3.73455613101e-08, 1.46888066155e-08, 2.08082298059e-08, 3.23336237784e-08, 3.44613013681e-08, 2.45909923535e-08, 1.26495969255e-08, 7.61551000039e-09, 4.64695754099e-10, 7.40569064406e-12, 1.05065445233e-09, 2.87438428614e-08], "dvar2": [3.42049643223e-05, 0.000169205784914, 3.00145766232e-05, 2.56274802268e-06, 6.70699864713e-06, 4.86052886117e-05, 5.36969346285e-05, 6.90388551448e-05, 5.47741110495e-05, 9.92670084088e-06, 3.39498114954e-06, 4.17519868279e-06, 8.95201310414e-07, 6.77142338645e-07, 1.30649610242e-07, 9.02170498307e-08, 3.38019603419e-08, 4.44778258668e-08, 6.50653220191e-08, 7.37919663152e-08, 4.94433933795e-08, 2.60466332946e-08, 1.58694053454e-08, 9.88327641949e-10, 1.78615525148e-11, 2.04504813084e-09, 5.21226439787e-08], "max": [0.0660931915045, 0.120572119951, 0.0546070709825, 0.0271805953234, 0.0327137112617, 0.156773000956, 0.14134041965, 0.13557061553, 0.146831557155, 0.0547591298819, 0.0449796393514, 0.0528534948826, 0.024809896946, 0.0113783916458, 0.00349666993134, 0.0064470465295, 0.00342183769681, 0.00315048941411, 0.00713849440217, 0.00845636427402, 0.00489801494405, 0.00379433087073, 0.00245816470124, 0.000510675541591, 4.44838406111e-05, 0.000641990802251, 0.00501658627763], "mean": [0.00192620512098, 0.00516382744536, 0.0016874828143, 0.000664919440169, 0.000987916835584, 0.00186103966553, 0.0019529981073, 0.00201109005138, 0.00143536948599, 0.000949996872805, 0.000506184704136, 0.000484411342768, 0.00029084039852, 0.000307830079691, 0.000177778230864, 0.000135276073706, 8.87273272383e-05, 9.59074677667e-05, 0.000105771665403, 0.000114859445603, 9.70713226707e-05, 5.96029422013e-05, 3.22138293996e-05, 8.03243892733e-06, 1.29857016873e-06, 1.37018714668e-05, 0.000190062957699], "median": [0.000561807188205, 0.00169784692116, 0.00048884563148, 0.000245013972744, 0.000397438765503, 0.000377830758225, 0.000338899262715, 0.000186975201359, 0.000106955732917, 0.00013315032993, 7.99029294285e-05, 8.31487268442e-05, 6.5463296778e-05, 5.66719645576e-05, 4.99422239955e-05, 3.90500863432e-05, 2.69827014563e-05, 2.29124161706e-05, 1.9862280169e-05, 1.78898026206e-05, 1.4568462575e-05, 7.40776431485e-06, 2.57986312135e-06, 8.9340193199e-07, 3.57379121851e-07, 1.56130545292e-06, 5.32037520315e-05], "min": [3.8560736386e-25, 4.00068559829e-24, 1.03152862056e-24, 2.29867204692e-24, 6.50347895431e-24, 8.52242881284e-24, 2.69171272383e-24, 5.18052529523e-24, 2.33746649074e-23, 1.27417917817e-23, 1.65873041012e-23, 2.1818449023e-23, 1.59036409531e-23, 3.36094062452e-23, 4.66007336638e-23, 6.22375029727e-23, 7.14437811047e-23, 7.82539289471e-23, 1.28575101034e-22, 1.58582145556e-22, 2.52149000633e-22, 1.92957485253e-22, 4.1863432077e-22, 4.38637107023e-22, 9.24117254225e-22, 1.25361715895e-21, 1.9488718544e-21], "var": [1.71205592778e-05, 8.69426075951e-05, 1.3476609638e-05, 1.4224062852e-06, 3.75053878088e-06, 4.55219196738e-05, 3.73765033146e-05, 5.92741052969e-05, 4.39588984591e-05, 6.57673535898e-06, 2.87591251436e-06, 2.96256871479e-06, 5.78676917939e-07, 5.10175254931e-07, 9.85496910744e-08, 6.86894878754e-08, 2.54694931812e-08, 4.05543829629e-08, 6.54609593198e-08, 9.53653866986e-08, 6.33107291037e-08, 2.1096965952e-08, 1.03258370743e-08, 6.39699349048e-10, 8.16741292653e-12, 1.59516078124e-09, 1.29454676312e-07]}, "barkbands_crest": {"dmean": 3.08802843094, "dmean2": 5.04041051865, "dvar": 7.69789791107, "dvar2": 19.302816391, "max": 25.7078037262, "mean": 11.0657253265, "median": 10.2417821884, "min": 2.26307582855, "var": 21.6105232239}, "barkbands_flatness_db": {"dmean": 0.0316693075001, "dmean2": 0.0482163131237, "dvar": 0.000994137255475, "dvar2": 0.0021627007518, "max": 0.546758472919, "mean": 0.158873662353, "median": 0.145677685738, "min": 0.0237705577165, "var": 0.00494292052463}, "barkbands_kurtosis": {"dmean": 8.89114761353, "dmean2": 13.9062957764, "dvar": 351.895172119, "dvar2": 794.512084961, "max": 394.262939453, "mean": 15.5295658112, "median": 6.24400424957, "min": -1.8635661602, "var": 876.743530273}, "barkbands_skewness": {"dmean": 0.859036564827, "dmean2": 1.30224478245, "dvar": 0.928924202919, "dvar2": 2.03429198265, "max": 15.7352981567, "mean": 2.36230421066, "median": 1.97483873367, "min": -3.15700984001, "var": 4.1848025322}, "barkbands_spread": {"dmean": 6.28973054886, "dmean2": 9.53856372833, "dvar": 64.5635910034, "dvar2": 132.36428833, "max": 102.605659485, "mean": 19.5865783691, "median": 14.9178552628, "min": 0.16477817297, "var": 263.033813477}, "dissonance": {"dmean": 0.0235144700855, "dmean2": 0.039385791868, "dvar": 0.00073680805508, "dvar2": 0.00201127910987, "max": 0.500000119209, "mean": 0.460339069366, "median": 0.473828732967, "min": 0.186455354095, "var": 0.00164981931448}, "dynamic_complexity": 5.96330976486, "erbbands": {"dmean": [0.171073138714, 0.797397077084, 1.91153371334, 1.47372305393, 2.26884818077, 2.43273425102, 4.16776704788, 12.3582391739, 13.8125925064, 34.4454841614, 23.9739379883, 24.0200195312, 17.5340309143, 17.5949020386, 14.0426273346, 12.7029895782, 8.0564661026, 9.90313053131, 7.11304283142, 5.1343870163, 4.35225009918, 2.96563029289, 3.06288218498, 3.19764733315, 3.18313121796, 3.08125495911, 2.53164172173, 2.02017140388, 1.47144043446, 1.13381922245, 0.663551807404, 0.245565414429, 0.0691002309322, 0.0161852240562, 0.00931640621275, 0.0102025885135, 0.022079186514, 0.0256867259741, 0.00963792670518, 0.00205530226231], "dmean2": [0.279209941626, 1.27237832546, 3.18634390831, 2.44900822639, 3.75132036209, 4.03335142136, 6.65120220184, 18.9822483063, 21.4561309814, 54.3094596863, 36.4546737671, 38.7786598206, 28.0278892517, 28.0389194489, 22.088010788, 20.3026809692, 12.6509866714, 15.4833745956, 11.0880451202, 8.07310962677, 6.84378385544, 4.51772212982, 4.54339647293, 4.58534097672, 4.54555082321, 4.35754728317, 3.50680732727, 2.82909035683, 2.02109503746, 1.54997444153, 0.928348660469, 0.342993915081, 0.100403502584, 0.0257233250886, 0.0150902504101, 0.0149090224877, 0.0303939003497, 0.0344102308154, 0.0126105090603, 0.00277287838981], "dvar": [0.184819549322, 2.87328577042, 18.2308521271, 8.20305919647, 21.5521736145, 41.3374099731, 154.482269287, 2499.39013672, 1864.66003418, 19005.3730469, 10506.5986328, 15669.9414062, 2771.77954102, 2430.30004883, 1757.74645996, 1945.72619629, 593.508117676, 733.661254883, 232.978225708, 117.499130249, 93.6695175171, 42.3004264832, 51.7951622009, 91.5979919434, 70.8379211426, 80.641784668, 52.6847343445, 29.8146839142, 17.4772148132, 12.912651062, 4.90297698975, 0.640404999256, 0.04812701419, 0.00107726280112, 0.00037109394907, 0.000624513952062, 0.00462392764166, 0.00543843209743, 0.00058455899125, 1.62702162925e-05], "dvar2": [0.46711820364, 6.91391372681, 45.6002655029, 20.4681167603, 54.3274803162, 110.966323853, 363.716400146, 5454.66796875, 4443.90429688, 45873.9101562, 24151.8691406, 43879.0898438, 7022.42724609, 5705.69189453, 4323.49804688, 4875.97216797, 1529.28076172, 1841.11169434, 562.648193359, 281.894927979, 228.329986572, 94.8698043823, 112.138298035, 189.735534668, 148.740859985, 169.563217163, 101.666893005, 62.9884185791, 37.0974731445, 26.9846343994, 10.1708488464, 1.35009527206, 0.106241844594, 0.00250312918797, 0.000890590134077, 0.00123577541672, 0.00891288649291, 0.010313551873, 0.00106354837772, 3.22865562339e-05], "max": [5.65010452271, 27.6166095734, 61.5506973267, 68.9320220947, 87.4028396606, 168.469116211, 451.998016357, 1587.68994141, 1330.78112793, 4529.15625, 2934.94555664, 4533.484375, 1317.93469238, 2011.50109863, 1160.77416992, 1291.58129883, 1054.9473877, 655.254150391, 304.243469238, 191.407028198, 301.599273682, 181.451202393, 159.70513916, 417.146026611, 215.218048096, 355.725280762, 244.573287964, 127.274040222, 149.554077148, 115.228614807, 54.5203437805, 19.6462478638, 6.31516361237, 0.595762193203, 0.326868206263, 0.676441431046, 1.47224676609, 1.31588923931, 0.693899452686, 0.0984757691622], "mean": [0.206412300467, 0.929057955742, 2.15440535545, 1.97875583172, 3.02093529701, 3.17584228516, 6.27216529846, 18.0792388916, 21.0470352173, 48.8893318176, 37.1120567322, 35.3794631958, 26.4709396362, 27.0756568909, 20.3497943878, 18.4823970795, 13.647603035, 15.8708143234, 11.8616304398, 8.57911396027, 6.90011835098, 5.14455986023, 5.14339494705, 5.3058347702, 5.3845615387, 5.42155170441, 4.39978837967, 3.37083315849, 2.25648522377, 1.48934495449, 0.81411331892, 0.296753436327, 0.0801041126251, 0.0172134265304, 0.00959144718945, 0.0121926143765, 0.0286266170442, 0.0386162362993, 0.0192058142275, 0.00597946578637], "median": [0.0464057438076, 0.310085058212, 0.620822191238, 0.828569173813, 1.25301885605, 1.18038511276, 1.72264456749, 3.54491472244, 4.69417476654, 5.57783460617, 3.53407764435, 2.65312004089, 3.4950094223, 4.55696678162, 3.58303022385, 3.48679804802, 2.94398403168, 3.26269817352, 3.00984525681, 2.63930034637, 2.08856964111, 1.63149094582, 1.3414978981, 1.03226590157, 0.947333216667, 0.873377084732, 0.674713969231, 0.497039139271, 0.291893720627, 0.134220823646, 0.0658611431718, 0.027034284547, 0.0112814055756, 0.00479385536164, 0.00282386085019, 0.00270284758881, 0.00312330387533, 0.00407039932907, 0.0033928588964, 0.0024135094136], "min": [7.08535048884e-23, 8.98702856919e-22, 1.6937591349e-21, 9.05732397707e-21, 1.5121520757e-20, 1.39249506866e-20, 2.92682285492e-20, 9.71253503275e-20, 7.50821114516e-20, 1.24574809042e-19, 1.79678738017e-19, 4.011308983e-19, 4.9943200832e-19, 6.60122285464e-19, 1.12896991102e-18, 1.1586022089e-18, 1.17903077829e-18, 2.76539155319e-18, 2.43743263829e-18, 3.27948058158e-18, 3.54573078881e-18, 4.94831022958e-18, 5.11424803713e-18, 6.50025905022e-18, 7.27171085055e-18, 7.8297045579e-18, 7.63749011742e-18, 7.43098695904e-18, 8.05459676848e-18, 1.07863549512e-17, 1.08998854902e-17, 9.74447795627e-18, 9.77328782982e-18, 7.67715425497e-18, 6.10068076993e-18, 4.50700895919e-18, 2.12323821557e-18, 1.01193181596e-18, 2.51318459802e-19, 2.88184232417e-20], "var": [0.187125518918, 3.09601569176, 21.2608184814, 12.1785373688, 33.082698822, 47.2317123413, 379.104644775, 4609.26806641, 3518.98583984, 35780.765625, 20849.6445312, 31200.9316406, 5360.22802734, 5014.03710938, 3189.3918457, 3348.86108398, 1114.70898438, 1402.33654785, 476.595336914, 234.024291992, 167.648635864, 79.6704406738, 102.90914917, 177.465881348, 152.717971802, 225.479324341, 148.651657104, 65.4136047363, 29.3867950439, 18.5076560974, 6.67890357971, 0.889214158058, 0.0624479278922, 0.00130337534938, 0.000418163952418, 0.000932883645874, 0.00712742516771, 0.0101738460362, 0.00191902404185, 9.71803019638e-05]}, "erbbands_crest": {"dmean": 3.00552821159, "dmean2": 4.84654998779, "dvar": 9.02764225006, "dvar2": 22.3284397125, "max": 32.4971008301, "mean": 9.52631568909, "median": 8.02890872955, "min": 2.24599409103, "var": 30.0292892456}, "erbbands_flatness_db": {"dmean": 0.0251196417958, "dmean2": 0.0374873839319, "dvar": 0.000565889640711, "dvar2": 0.00124315766152, "max": 0.390556663275, "mean": 0.153951019049, "median": 0.145357638597, "min": 0.0462160855532, "var": 0.00314402300864}, "erbbands_kurtosis": {"dmean": 1.94037425518, "dmean2": 2.98166251183, "dvar": 15.8525686264, "dvar2": 34.3472099304, "max": 119.591377258, "mean": 2.29526424408, "median": 0.55271923542, "min": -1.83557116985, "var": 36.4051513672}, "erbbands_skewness": {"dmean": 0.466919571161, "dmean2": 0.691180348396, "dvar": 0.239437803626, "dvar2": 0.495759218931, "max": 9.08781814575, "mean": 0.507701456547, "median": 0.410206735134, "min": -5.19477653503, "var": 1.38921380043}, "erbbands_spread": {"dmean": 7.96218395233, "dmean2": 11.949845314, "dvar": 73.2897567749, "dvar2": 159.293991089, "max": 134.076416016, "mean": 30.8097496033, "median": 27.32538414, "min": 0.892170906067, "var": 342.092987061}, "gfcc": {"cov": [[24424.7246094, 631.410888672, -1985.76916504, -499.10748291, -666.812011719, -491.643249512, 252.271057129, -454.510223389, 41.0569648743, -128.223892212, -81.9094543457, 76.0015411377, -76.6461105347], [631.410888672, 1342.9465332, 119.467048645, -463.358123779, -51.2440986633, 5.17341995239, -108.275787354, 63.7362480164, -8.32615661621, 47.163936615, 55.1577911377, -92.5853500366, 171.178100586], [-1985.76916504, 119.467048645, 772.873718262, 200.9868927, -42.6609764099, 258.450073242, -146.442962646, 200.117507935, -48.2520065308, 60.371055603, 9.84642028809, -14.9753761292, 22.6008529663], [-499.10748291, -463.358123779, 200.9868927, 696.36529541, 250.64024353, 91.266960144, 89.2112426758, -28.2656650543, -27.138469696, -27.5558242798, -42.0276374817, 53.3319206238, -110.906692505], [-666.812011719, -51.2440986633, -42.6609764099, 250.64024353, 412.827575684, 61.6469764709, 96.5633163452, -93.2179489136, -42.6003761292, -45.1758041382, 29.6125869751, 12.9724941254, 2.23331356049], [-491.643249512, 5.17341995239, 258.450073242, 91.266960144, 61.6469764709, 327.065032959, -49.7004737854, 109.934295654, -52.6786842346, 23.6061916351, 10.5128297806, 11.556930542, 6.13530015945], [252.271057129, -108.275787354, -146.442962646, 89.2112426758, 96.5633163452, -49.7004737854, 209.432861328, -55.2815971375, 64.8508911133, -28.9273529053, -2.07834935188, 27.5918235779, -38.7015533447], [-454.510223389, 63.7362480164, 200.117507935, -28.2656650543, -93.2179489136, 109.934295654, -55.2815971375, 243.106933594, 32.581451416, 50.8842887878, -5.52213859558, -33.2180938721, 30.2224960327], [41.0569648743, -8.32615661621, -48.2520065308, -27.138469696, -42.6003761292, -52.6786842346, 64.8508911133, 32.581451416, 139.674468994, 37.0915298462, 4.69821405411, 8.28807735443, -31.4835548401], [-128.223892212, 47.163936615, 60.371055603, -27.5558242798, -45.1758041382, 23.6061916351, -28.9273529053, 50.8842887878, 37.0915298462, 88.4142379761, 43.8472480774, 6.66493558884, 13.0451450348], [-81.9094543457, 55.1577911377, 9.84642028809, -42.0276374817, 29.6125869751, 10.5128297806, -2.07834935188, -5.52213859558, 4.69821405411, 43.8472480774, 87.1304550171, 32.6592407227, 28.9168968201], [76.0015411377, -92.5853500366, -14.9753761292, 53.3319206238, 12.9724941254, 11.556930542, 27.5918235779, -33.2180938721, 8.28807735443, 6.66493558884, 32.6592407227, 81.0665054321, 8.12666130066], [-76.6461105347, 171.178100586, 22.6008529663, -110.906692505, 2.23331356049, 6.13530015945, -38.7015533447, 30.2224960327, -31.4835548401, 13.0451450348, 28.9168968201, 8.12666130066, 113.194923401]], "icov": [[7.23642297089e-05, -0.000119995384011, 0.000317557860399, -0.000240437773755, 0.000355515483534, -0.000167376783793, -2.22980688704e-05, 6.44796673441e-05, 2.49606673606e-05, 0.000145690341014, -0.00019065682136, 8.10548226582e-05, -5.82640786888e-05], [-0.000119995384011, 0.00151799665764, -0.00102577300277, 0.00118321215268, -0.000902641855646, 0.000207547462196, -1.98029956664e-05, 0.000433019275079, -0.000575337908231, -0.000391786801629, 8.94555996638e-05, 0.00136910611764, -0.00136456731707], [0.000317557860399, -0.00102577300277, 0.00436944980174, -0.00306644104421, 0.00290916208178, -0.00239406712353, 0.00123846752103, -0.000546961324289, -0.000361805054126, 0.00144242763054, -0.00268592149951, 0.00170333287679, -0.00117179937661], [-0.000240437773755, 0.00118321215268, -0.00306644104421, 0.00601212028414, -0.0051042875275, 0.00229203351773, -0.00103049329482, -0.00144542520866, 0.00263231946155, -0.00412790058181, 0.00609752908349, -0.00554475001991, 0.00460906047374], [0.000355515483534, -0.000902641855646, 0.00290916208178, -0.0051042875275, 0.00862906128168, -0.00372862699442, -0.00134256575257, 0.00303633022122, -0.00164984725416, 0.0053734080866, -0.00774715980515, 0.00671172793955, -0.00479498459026], [-0.000167376783793, 0.000207547462196, -0.00239406712353, 0.00229203351773, -0.00372862699442, 0.00685971230268, -0.000212027793168, -0.00371143454686, 0.00403429102153, -0.00321678700857, 0.00336419721134, -0.00528331520036, 0.00392939988524], [-2.22980688704e-05, -1.98029956664e-05, 0.00123846752103, -0.00103049329482, -0.00134256575257, -0.000212027793168, 0.00915080402046, 0.000117736541142, -0.00542984157801, 0.00411272002384, -0.00139025691897, -0.00117407459766, 0.000348376983311], [6.44796673441e-05, 0.000433019275079, -0.000546961324289, -0.00144542520866, 0.00303633022122, -0.00371143454686, 0.000117736541142, 0.00960099510849, -0.00483977142721, -0.000275275000604, -0.00100636063144, 0.00672962563112, -0.0058405213058], [2.49606673606e-05, -0.000575337908231, -0.000361805054126, 0.00263231946155, -0.00164984725416, 0.00403429102153, -0.00542984157801, -0.00483977142721, 0.0167274791747, -0.00979260727763, 0.00534133147448, -0.00675301672891, 0.0076892869547], [0.000145690341014, -0.000391786801629, 0.00144242763054, -0.00412790058181, 0.0053734080866, -0.00321678700857, 0.00411272002384, -0.000275275000604, -0.00979260727763, 0.027505453676, -0.0176485907286, 0.0067312088795, -0.00396161619574], [-0.00019065682136, 8.94555996638e-05, -0.00268592149951, 0.00609752908349, -0.00774715980515, 0.00336419721134, -0.00139025691897, -0.00100636063144, 0.00534133147448, -0.0176485907286, 0.0297615099698, -0.0147904520854, 0.00298851821572], [8.10548226582e-05, 0.00136910611764, 0.00170333287679, -0.00554475001991, 0.00671172793955, -0.00528331520036, -0.00117407459766, 0.00672962563112, -0.00675301672891, 0.0067312088795, -0.0147904520854, 0.0277905669063, -0.0107033373788], [-5.82640786888e-05, -0.00136456731707, -0.00117179937661, 0.00460906047374, -0.00479498459026, 0.00392939988524, 0.000348376983311, -0.0058405213058, 0.0076892869547, -0.00396161619574, 0.00298851821572, -0.0107033373788, 0.0197686068714]], "mean": [-80.9504776001, 97.9337234497, -89.0348815918, 4.78572416306, -21.3162460327, -16.1646213531, 3.26393842697, -15.9512214661, 2.19904232025, -1.84599781036, -5.65136575699, -1.13834178448, -8.91496086121]}, "hfc": {"dmean": 16.8542118073, "dmean2": 24.4930725098, "dvar": 899.050415039, "dvar2": 2113.12573242, "max": 712.832519531, "mean": 53.1982421875, "median": 34.8173294067, "min": 1.05148684839e-16, "var": 4367.53027344}, "melbands": {"dmean": [0.00130389374681, 0.000999926007353, 0.000272518605925, 0.00017027281865, 0.000134489382617, 0.000268164090812, 0.000221087684622, 0.000372639769921, 0.000192387757124, 0.000143495723023, 9.09416339709e-05, 7.86189048085e-05, 5.00905043737e-05, 4.21826989623e-05, 2.58897216554e-05, 1.8094362531e-05, 1.90423816093e-05, 1.3159901755e-05, 7.85528118286e-06, 6.49925596008e-06, 5.33620095666e-06, 3.3767964851e-06, 2.9839952731e-06, 2.801515393e-06, 2.73609248325e-06, 2.50520133704e-06, 2.41262682721e-06, 2.10623488783e-06, 1.66252277722e-06, 1.55889574671e-06, 1.11804217795e-06, 8.59032525113e-07, 7.8291554928e-07, 5.94740242832e-07, 4.33282053791e-07, 2.39022313053e-07, 1.17146278455e-07, 5.51614860456e-08, 1.90124271882e-08, 1.19598251302e-08], "dmean2": [0.00205308618024, 0.00161749660037, 0.000448227801826, 0.00028008344816, 0.000215714084334, 0.000411816756241, 0.000343983992934, 0.000581960252021, 0.000294390425552, 0.000231997662922, 0.00014610553626, 0.000125911232317, 7.95966116129e-05, 6.79474687786e-05, 4.08313499065e-05, 2.87634575216e-05, 2.99530220218e-05, 2.08356123039e-05, 1.25630140246e-05, 1.02647272797e-05, 8.57073519001e-06, 5.26525764144e-06, 4.60448563899e-06, 4.19795742346e-06, 4.01007855544e-06, 3.68323799194e-06, 3.54741973752e-06, 3.05172511617e-06, 2.39119117396e-06, 2.2004605853e-06, 1.60425406648e-06, 1.20821641758e-06, 1.10495454919e-06, 8.38392907099e-07, 6.18806154762e-07, 3.41422861538e-07, 1.68298939229e-07, 8.08116737971e-08, 2.96779560927e-08, 1.95185734242e-08], "dvar": [8.75275600265e-06, 4.4171947593e-06, 2.37984508544e-07, 1.59845527037e-07, 1.40626582379e-07, 1.11202314201e-06, 4.42283692337e-07, 2.05089509109e-06, 6.27333179182e-07, 5.66363269172e-07, 7.55342739467e-08, 4.97303638269e-08, 2.31632633074e-08, 2.75261289318e-08, 8.69026806072e-09, 2.38150232867e-09, 2.64741983891e-09, 9.04040176053e-10, 2.75091671664e-10, 1.9947755947e-10, 1.46527290301e-10, 5.5931571874e-11, 4.38867830965e-11, 5.22698308247e-11, 7.40722067016e-11, 4.70077275716e-11, 4.44706702019e-11, 4.361255454e-11, 2.2825352719e-11, 2.47098019129e-11, 8.48654480023e-12, 5.39010763106e-12, 6.56102732907e-12, 3.80816428738e-12, 2.11121116249e-12, 6.93917579647e-13, 1.41713179277e-13, 3.45233654761e-14, 1.89172209154e-15, 6.3059686511e-16], "dvar2": [2.05654669116e-05, 1.06185761979e-05, 5.84296799389e-07, 4.11197447647e-07, 3.33791348339e-07, 2.40732174461e-06, 1.04753166852e-06, 4.92169874633e-06, 1.4614262227e-06, 1.5815101051e-06, 1.93395649717e-07, 1.21177947676e-07, 5.64409923243e-08, 6.80069689452e-08, 2.25928662445e-08, 5.96197979874e-09, 6.72640565469e-09, 2.20788676231e-09, 6.74102773601e-10, 4.79321637936e-10, 3.68377967019e-10, 1.30692207057e-10, 1.00888429555e-10, 1.13627399156e-10, 1.6176431028e-10, 9.98875565594e-11, 1.02928443546e-10, 9.37332780837e-11, 4.69350600052e-11, 5.03285295383e-11, 1.85628092758e-11, 1.1532798154e-11, 1.44741085437e-11, 8.08596765933e-12, 4.37850580445e-12, 1.53425384376e-12, 3.03357518142e-13, 7.80359324794e-14, 4.26599122984e-15, 1.5204069879e-15], "max": [0.0382291451097, 0.0281422287226, 0.0101022534072, 0.00882151443511, 0.0141611024737, 0.0331743173301, 0.0185909438878, 0.0433312915266, 0.0205178465694, 0.0287260748446, 0.00635415362194, 0.00843086279929, 0.00445708539337, 0.00755612924695, 0.00275368709117, 0.00157685438171, 0.00132531742565, 0.000720468407962, 0.000338908372214, 0.000339438091032, 0.000324236549204, 0.00019392069953, 0.000122870420455, 0.000166338635609, 0.000390789733501, 0.000178241214599, 0.000159974428243, 0.000301298394334, 0.000212586019188, 0.000191319006262, 6.26260662102e-05, 7.00410746504e-05, 9.69149550656e-05, 5.64815127291e-05, 3.06791989715e-05, 2.43917838816e-05, 6.72054238748e-06, 5.38567292097e-06, 1.1562938198e-06, 4.06434963907e-07], "mean": [0.00170427875128, 0.00118536246009, 0.000385789142456, 0.000232408259762, 0.000200999551453, 0.000400508957682, 0.000334997690516, 0.000532489502802, 0.000286016234895, 0.000207790290006, 0.000132018045406, 0.000116718678328, 6.91275490681e-05, 5.87538343098e-05, 3.66878921341e-05, 2.89032541332e-05, 2.90022617264e-05, 2.02199498744e-05, 1.26369159261e-05, 9.73523128778e-06, 7.86021064414e-06, 5.45169268662e-06, 4.67284917249e-06, 4.45129035143e-06, 4.28744533565e-06, 3.94209655497e-06, 3.91432013203e-06, 3.54357962351e-06, 2.73416617347e-06, 2.49491904469e-06, 1.76199648649e-06, 1.30391617859e-06, 1.04699859094e-06, 7.45270767766e-07, 5.20246999258e-07, 2.84373271597e-07, 1.38703569519e-07, 6.32630232644e-08, 2.00539798101e-08, 1.18732401688e-08], "median": [0.000534779741429, 0.000392751418985, 0.000174031869392, 9.22464823816e-05, 5.89760275034e-05, 8.1623569713e-05, 7.15719143045e-05, 5.64932197449e-05, 2.49329277722e-05, 1.49827646965e-05, 1.73106855073e-05, 1.85964763659e-05, 1.13425267045e-05, 1.00145271063e-05, 6.34386378806e-06, 6.70026020089e-06, 5.53445897822e-06, 4.7114976951e-06, 3.69310509996e-06, 2.74006538348e-06, 2.27780856221e-06, 1.67733719536e-06, 1.26474913031e-06, 1.01066575553e-06, 7.90159219832e-07, 7.27085762264e-07, 6.25704274171e-07, 5.45233262983e-07, 4.08302639698e-07, 3.50547225025e-07, 2.57066460563e-07, 1.78149861085e-07, 9.67477120639e-08, 6.02638934311e-08, 3.89916436916e-08, 2.42110758109e-08, 1.25261632178e-08, 7.95185162161e-09, 4.47386572233e-09, 3.21757642752e-09], "min": [1.10519550872e-24, 7.47409518703e-25, 1.67072220028e-24, 1.43300478434e-24, 8.05971347559e-25, 2.03467461739e-24, 9.81581596519e-25, 1.13949301151e-24, 1.82817469544e-24, 2.62429154327e-24, 2.10039481662e-24, 2.27800822993e-24, 2.61303962575e-24, 1.88338470362e-24, 1.67042696909e-24, 2.30349632578e-24, 4.1255338806e-24, 3.41499779136e-24, 3.45751463314e-24, 4.09958075125e-24, 3.14604848472e-24, 4.45205760876e-24, 3.91843028284e-24, 4.30574047692e-24, 3.97869610056e-24, 5.14144867586e-24, 4.37136502677e-24, 4.58761507229e-24, 3.32342997293e-24, 4.68012794609e-24, 3.32464994632e-24, 4.66235648761e-24, 3.48800686814e-24, 5.46555691194e-24, 5.58296663034e-24, 6.17088218046e-24, 5.01345717728e-24, 5.38871554888e-24, 6.38873045817e-24, 5.66618001735e-24], "var": [1.01416435427e-05, 5.33023967364e-06, 3.7832157318e-07, 2.26338059406e-07, 3.37487023216e-07, 2.1343496428e-06, 8.3595483602e-07, 4.00291173719e-06, 1.22673270653e-06, 1.11204337827e-06, 1.37640043363e-07, 9.52699323875e-08, 4.24335411253e-08, 4.92800076302e-08, 1.31487727373e-08, 4.67998573228e-09, 4.81741935232e-09, 1.64278657344e-09, 5.16494624847e-10, 3.54278689718e-10, 2.33493641089e-10, 9.56200604807e-11, 7.87233264687e-11, 9.86439610551e-11, 1.28889954265e-10, 8.82405329361e-11, 9.10803446552e-11, 1.16922166393e-10, 5.98609703473e-11, 5.57598307804e-11, 1.59723172188e-11, 9.25057426493e-12, 8.95761156222e-12, 5.12991732426e-12, 2.8261527233e-12, 8.80056932277e-13, 1.94066090238e-13, 4.29509909355e-14, 2.35275746605e-15, 6.93433210209e-16]}, "melbands_crest": {"dmean": 4.59972047806, "dmean2": 7.52285194397, "dvar": 15.6706562042, "dvar2": 39.9952774048, "max": 38.393989563, "mean": 17.3404769897, "median": 16.5701789856, "min": 1.58424949646, "var": 52.3958778381}, "melbands_flatness_db": {"dmean": 0.0387267842889, "dmean2": 0.0589085817337, "dvar": 0.00138176535256, "dvar2": 0.00303792511113, "max": 0.698577642441, "mean": 0.261561632156, "median": 0.252974361181, "min": 0.00325743970461, "var": 0.00776364281774}, "melbands_kurtosis": {"dmean": 14.5178756714, "dmean2": 23.217880249, "dvar": 1385.67224121, "dvar2": 3292.77172852, "max": 1268.38354492, "mean": 24.3038539886, "median": 7.89836025238, "min": -1.8803473711, "var": 2805.82006836}, "melbands_skewness": {"dmean": 1.0715867281, "dmean2": 1.64562726021, "dvar": 1.55860471725, "dvar2": 3.53530883789, "max": 29.297454834, "mean": 2.91693711281, "median": 2.26771640778, "min": -3.42261624336, "var": 7.06707143784}, "melbands_spread": {"dmean": 6.60023164749, "dmean2": 10.1035318375, "dvar": 107.272224426, "dvar2": 202.831893921, "max": 186.595565796, "mean": 18.4975204468, "median": 12.1736526489, "min": 0.143827065825, "var": 500.202392578}, "mfcc": {"cov": [[12770.5898438, 759.984619141, -1398.67687988, 221.696212769, -1150.22961426, 278.401062012, -459.396392822, 202.27734375, -294.384155273, 134.727493286, -244.958999634, -26.5083293915, -152.482147217], [759.984619141, 1743.8425293, 73.6335525513, -389.710113525, -37.3626365662, -194.412322998, 0.651468634605, -184.493240356, 89.8070907593, -80.6557693481, 53.95287323, -31.2053394318, 39.2207260132], [-1398.67687988, 73.6335525513, 844.351928711, -77.0650558472, 189.72102356, -59.6914901733, 35.1227531433, 27.7404079437, 56.437538147, 73.7617721558, 47.3135185242, 35.9177284241, 15.1365852356], [221.696212769, -389.710113525, -77.0650558472, 562.873046875, 71.0588150024, 181.699996948, 46.1613998413, 86.949836731, -26.8657741547, 18.7896518707, -29.2597961426, 6.49454689026, -3.69011116028], [-1150.22961426, -37.3626365662, 189.72102356, 71.0588150024, 377.853485107, 95.536819458, 161.893280029, 20.2353305817, 31.4392776489, -27.7902507782, 22.5099716187, 6.32045173645, 24.7026252747], [278.401062012, -194.412322998, -59.6914901733, 181.699996948, 95.536819458, 280.909790039, 89.2715606689, 83.3278961182, -54.038860321, -7.91996479034, -28.4779071808, 13.6388807297, -1.18333148956], [-459.396392822, 0.651468634605, 35.1227531433, 46.1613998413, 161.893280029, 89.2715606689, 181.919876099, 36.3234024048, 20.9405899048, -34.7096633911, 5.93145751953, -0.820775985718, 14.0703144073], [202.27734375, -184.493240356, 27.7404079437, 86.949836731, 20.2353305817, 83.3278961182, 36.3234024048, 144.466659546, 18.5469608307, 53.9955291748, -7.3168592453, 7.70129156113, -9.74302196503], [-294.384155273, 89.8070907593, 56.437538147, -26.8657741547, 31.4392776489, -54.038860321, 20.9405899048, 18.5469608307, 108.308998108, 34.8832092285, 29.0825901031, -7.05257844925, 1.92634308338], [134.727493286, -80.6557693481, 73.7617721558, 18.7896518707, -27.7902507782, -7.91996479034, -34.7096633911, 53.9955291748, 34.8832092285, 117.64515686, 36.5967597961, 20.3321228027, -10.7099761963], [-244.958999634, 53.95287323, 47.3135185242, -29.2597961426, 22.5099716187, -28.4779071808, 5.93145751953, -7.3168592453, 29.0825901031, 36.5967597961, 82.314704895, 31.7807426453, 19.7068729401], [-26.5083293915, -31.2053394318, 35.9177284241, 6.49454689026, 6.32045173645, 13.6388807297, -0.820775985718, 7.70129156113, -7.05257844925, 20.3321228027, 31.7807426453, 61.91173172, 28.2572879791], [-152.482147217, 39.2207260132, 15.1365852356, -3.69011116028, 24.7026252747, -1.18333148956, 14.0703144073, -9.74302196503, 1.92634308338, -10.7099761963, 19.7068729401, 28.2572879791, 62.7012252808]], "icov": [[0.000189266895177, -0.000224184739636, 0.000230468533118, -8.08275872259e-05, 0.000358409830369, -0.000171835185029, 0.000144266610732, -0.000388626969652, 0.000405578204663, -0.000402913836297, 0.000426636252087, -0.000234288891079, 0.000193117186427], [-0.000224184739636, 0.00109703198541, -0.000385247112717, 0.000487350975163, -0.000130692264065, -1.81060102022e-06, -0.000352368981112, 0.00129509915132, -0.00129994447343, 0.000916341901757, -0.000915052834898, 0.000795830972493, -0.00065254693618], [0.000230468533118, -0.000385247112717, 0.00193018978462, 0.000105393824924, -0.000809189514257, 0.000519324385095, 0.000325986533426, -0.000813109334558, 0.000726372760255, -0.00174996221904, 0.00107454799581, -0.00120978255291, 0.000357044104021], [-8.08275872259e-05, 0.000487350975163, 0.000105393824924, 0.00259192218073, -0.000467919162475, -0.00123281846754, 0.000188176185475, -2.27558439292e-06, -0.000527250114828, -0.000216051397729, 0.000275276805041, 0.000296365411486, -0.000496597727761], [0.000358409830369, -0.000130692264065, -0.000809189514257, -0.000467919162475, 0.00623274408281, -0.0017214625841, -0.00343486107886, 0.000598080281634, -0.000638520810753, 0.000384588784073, -0.000592253520153, 0.000553746183868, -0.000481231953017], [-0.000171835185029, -1.81060102022e-06, 0.000519324385095, -0.00123281846754, -0.0017214625841, 0.00792762171477, -0.00264895800501, -0.00294979265891, 0.00415247166529, -0.00048751567374, 0.00117239169776, -0.00169830559753, 0.000535261875484], [0.000144266610732, -0.000352368981112, 0.000325986533426, 0.000188176185475, -0.00343486107886, -0.00264895800501, 0.012076751329, -0.00346183078364, -0.00248306454159, 0.00480076484382, -0.00200975430198, 0.000418981653638, -0.000101952900877], [-0.000388626969652, 0.00129509915132, -0.000813109334558, -2.27558439292e-06, 0.000598080281634, -0.00294979265891, -0.00346183078364, 0.0145275164396, -0.00418567610905, -0.00558895338327, 0.00299842422828, -0.000276494509308, -0.000459942762973], [0.000405578204663, -0.00129994447343, 0.000726372760255, -0.000527250114828, -0.000638520810753, 0.00415247166529, -0.00248306454159, -0.00418567610905, 0.0169496163726, -0.00557530671358, -0.00196152483113, 0.00392157305032, -0.000794061634224], [-0.000402913836297, 0.000916341901757, -0.00174996221904, -0.000216051397729, 0.000384588784073, -0.00048751567374, 0.00480076484382, -0.00558895338327, -0.00557530671358, 0.0200130548328, -0.00901932548732, -0.00235724984668, 0.00423703202978], [0.000426636252087, -0.000915052834898, 0.00107454799581, 0.000275276805041, -0.000592253520153, 0.00117239169776, -0.00200975430198, 0.00299842422828, -0.00196152483113, -0.00901932548732, 0.0234803725034, -0.0100183775648, -0.00180614204146], [-0.000234288891079, 0.000795830972493, -0.00120978255291, 0.000296365411486, 0.000553746183868, -0.00169830559753, 0.000418981653638, -0.000276494509308, 0.00392157305032, -0.00235724984668, -0.0100183775648, 0.0291687007993, -0.0116649707779], [0.000193117186427, -0.00065254693618, 0.000357044104021, -0.000496597727761, -0.000481231953017, 0.000535261875484, -0.000101952900877, -0.000459942762973, -0.000794061634224, 0.00423703202978, -0.00180614204146, -0.0116649707779, 0.0234349444509]], "mean": [-735.45880127, 154.02645874, -8.64048576355, 33.3546104431, -6.8042974472, 17.1278362274, -1.16878175735, 4.78517341614, 2.53572821617, 6.43372821808, 2.54433631897, 4.68852567673, 3.26415944099]}, "pitch_salience": {"dmean": 0.089619897306, "dmean2": 0.144648447633, "dvar": 0.00652418099344, "dvar2": 0.016078306362, "max": 0.861951053143, "mean": 0.537156403065, "median": 0.556642651558, "min": 0.0477018095553, "var": 0.0200280118734}, "silence_rate_20dB": {"dmean": 0, "dmean2": 0, "dvar": 0, "dvar2": 0, "max": 1, "mean": 1, "median": 1, "min": 1, "var": 0}, "silence_rate_30dB": {"dmean": 0.0123747065663, "dmean2": 0.0247524753213, "dvar": 0.0122212385759, "dvar2": 0.0290894582868, "max": 1, "mean": 0.987255632877, "median": 1, "min": 0, "var": 0.0125816697255}, "silence_rate_60dB": {"dmean": 0.0537062250078, "dmean2": 0.107425741851, "dvar": 0.0508305542171, "dvar2": 0.109495893121, "max": 1, "mean": 0.175451621413, "median": 0, "min": 0, "var": 0.144655436277}, "spectral_centroid": {"dmean": 242.554046631, "dmean2": 349.791778564, "dvar": 120324.46875, "dvar2": 197624.765625, "max": 11714.1962891, "mean": 1216.84851074, "median": 832.841308594, "min": 98.5347518921, "var": 1677031.125}, "spectral_complexity": {"dmean": 3.43447589874, "dmean2": 4.73391103745, "dvar": 22.9781627655, "dvar2": 34.6631011963, "max": 54, "mean": 12.4412269592, "median": 10, "min": 0, "var": 109.534461975}, "spectral_contrast_coeffs": {"dmean": [0.0520070157945, 0.0490081422031, 0.0385399125516, 0.0270285513252, 0.0198255423456, 0.0418086908758], "dmean2": [0.0865035131574, 0.0802409052849, 0.0631817504764, 0.0445807464421, 0.0319844521582, 0.0637999847531], "dvar": [0.0016611693427, 0.00165105587803, 0.00104516476858, 0.000489352853037, 0.000301870604744, 0.0015022053849], "dvar2": [0.00441445643082, 0.00429758708924, 0.00267060589977, 0.00129089702386, 0.000746898644138, 0.00331660639495], "max": [-0.395796090364, -0.405468523502, -0.452013492584, -0.54611903429, -0.695312142372, -0.445518106222], "mean": [-0.721740484238, -0.77045828104, -0.809403002262, -0.833378493786, -0.843139886856, -0.734276175499], "median": [-0.724001765251, -0.779262900352, -0.820070385933, -0.834240794182, -0.838924646378, -0.733839392662], "min": [-0.980000197887, -0.978810667992, -0.98424333334, -0.983587563038, -0.981356978416, -0.980618417263], "var": [0.00586912641302, 0.00722578912973, 0.00533879408613, 0.00231180293486, 0.00153514300473, 0.00773440115154]}, "spectral_contrast_valleys": {"dmean": [0.465927124023, 0.441032022238, 0.422001749277, 0.366401106119, 0.362348258495, 0.665830850601], "dmean2": [0.712447404861, 0.680074036121, 0.627665400505, 0.535231530666, 0.498337298632, 1.00331544876], "dvar": [0.203451037407, 0.201656714082, 0.202990084887, 0.183696165681, 0.206664219499, 0.346337109804], "dvar2": [0.363150805235, 0.396909147501, 0.373819857836, 0.333727747202, 0.373487025499, 0.839421510696], "max": [-5.1850528717, -4.40424966812, -5.28343439102, -5.83593893051, -5.60416316986, -9.04095935822], "mean": [-7.68538284302, -7.21800279617, -7.82544231415, -8.24161624908, -8.40238189697, -11.8149776459], "median": [-7.30601263046, -6.77713871002, -7.42316627502, -7.91207313538, -8.10500907898, -11.506105423], "min": [-28.3913459778, -28.0053520203, -27.7688922882, -27.6255912781, -27.556142807, -27.4174098969], "var": [5.49021291733, 6.03963470459, 5.66256284714, 5.31372785568, 5.34026765823, 4.01113986969]}, "spectral_decrease": {"dmean": 2.52203014028e-09, "dmean2": 3.74654041124e-09, "dvar": 1.56439540732e-17, "dvar2": 3.48823189279e-17, "max": 2.56219462313e-10, "mean": -4.86001505706e-09, "median": -2.39709851968e-09, "min": -5.3985399262e-08, "var": 3.83240420945e-17}, "spectral_energy": {"dmean": 0.0102153439075, "dmean2": 0.0148133598268, "dvar": 0.000244755618041, "dvar2": 0.000532776757609, "max": 0.220147117972, "mean": 0.023167995736, "median": 0.0129682384431, "min": 9.97046432647e-21, "var": 0.000715069822036}, "spectral_energyband_high": {"dmean": 0.000216816973989, "dmean2": 0.000274927064311, "dvar": 2.68590753194e-07, "dvar2": 4.93410311719e-07, "max": 0.0125576909631, "mean": 0.000408531108405, "median": 7.58303940529e-05, "min": 6.96082906e-21, "var": 7.24356425508e-07}, "spectral_energyband_low": {"dmean": 0.00595368584618, "dmean2": 0.00912337284535, "dvar": 0.000133411347633, "dvar2": 0.000292712938972, "max": 0.13266249001, "mean": 0.00856832135469, "median": 0.00362689048052, "min": 2.05754913817e-23, "var": 0.000183340540389}, "spectral_energyband_middle_high": {"dmean": 0.00146653607953, "dmean2": 0.00218667928129, "dvar": 8.33189733385e-06, "dvar2": 1.99752666958e-05, "max": 0.0687085017562, "mean": 0.00310179893859, "median": 0.000914492818993, "min": 1.20340723518e-21, "var": 2.56471084867e-05}, "spectral_energyband_middle_low": {"dmean": 0.00450556259602, "dmean2": 0.00686530582607, "dvar": 0.000103538681287, "dvar2": 0.000247896445217, "max": 0.209725603461, "mean": 0.00910734198987, "median": 0.00284634088166, "min": 1.84002714911e-22, "var": 0.000303005217575}, "spectral_entropy": {"dmean": 0.213916778564, "dmean2": 0.32014349103, "dvar": 0.0562856346369, "dvar2": 0.126090630889, "max": 9.81932353973, "mean": 7.44973993301, "median": 7.51127529144, "min": 4.47690248489, "var": 0.299491107464}, "spectral_flux": {"dmean": 0.0242298897356, "dmean2": 0.0369404442608, "dvar": 0.00087252171943, "dvar2": 0.00186163198669, "max": 0.327220767736, "mean": 0.0777201130986, "median": 0.0646558851004, "min": 6.33416860629e-11, "var": 0.0030294880271}, "spectral_kurtosis": {"dmean": 3.919018507, "dmean2": 5.99720287323, "dvar": 27.650718689, "dvar2": 66.1626205444, "max": 92.321723938, "mean": 14.7772827148, "median": 12.9969921112, "min": -1.27868127823, "var": 79.6743240356}, "spectral_rms": {"dmean": 0.000928441761062, "dmean2": 0.00128206796944, "dvar": 1.20877905374e-06, "dvar2": 2.26350903176e-06, "max": 0.0146552957594, "mean": 0.00402560597286, "median": 0.00355695653707, "min": 3.11885912062e-12, "var": 6.3973802753e-06}, "spectral_rolloff": {"dmean": 3503.62817383, "dmean2": 6643.01416016, "dvar": 45782292, "dvar2": 106967744, "max": 21963.8671875, "mean": 7594.90087891, "median": 1550.390625, "min": 21.533203125, "var": 86255304}, "spectral_skewness": {"dmean": 0.353778868914, "dmean2": 0.515675187111, "dvar": 0.16837631166, "dvar2": 0.36777690053, "max": 7.4320640564, "mean": 2.49663829803, "median": 2.40943241119, "min": -0.0933144986629, "var": 0.843434751034}, "spectral_spread": {"dmean": 530718.625, "dmean2": 816297.875, "dvar": 471320788992, "dvar2": 973588004864, "max": 42897816, "mean": 4307706, "median": 3