{"lowlevel": {"average_loudness": 0.741698861122, "barkbands": {"dmean": [6.06246176176e-05, 0.00108613597695, 0.00133375416044, 0.00203351839446, 0.00252541224472, 0.000802602560725, 0.000811846053693, 0.00047998529044, 0.00050096824998, 0.000427591963671, 0.000271365657682, 0.000321069208439, 0.000408261053963, 0.000368350010831, 0.000386313942727, 0.00018254997849, 0.000117761228466, 0.000122185752844, 0.000144824662129, 9.93904759525e-05, 6.38912970317e-05, 6.13976226305e-05, 4.41936863353e-05, 1.98989182536e-05, 1.81278210221e-05, 1.47986793309e-05, 3.4623094507e-06], "dmean2": [0.000101449222711, 0.00183045561425, 0.00231469236314, 0.00366807496175, 0.00420041568577, 0.00130958098453, 0.00138691056054, 0.000725863850676, 0.000729278195649, 0.000628448091447, 0.000403773126891, 0.000477479479741, 0.000614260905422, 0.000552149373107, 0.000585524423514, 0.000278668245301, 0.000179265523911, 0.000171760781086, 0.00019116041949, 0.000143298617331, 9.39568999456e-05, 8.51438744576e-05, 6.01022948103e-05, 2.70821183221e-05, 2.52811751125e-05, 2.23232400458e-05, 5.37255391464e-06], "dvar": [3.08917691427e-08, 7.17340799383e-06, 1.40316478792e-05, 3.48894027411e-05, 3.61359416274e-05, 3.90163631891e-06, 6.89969601808e-06, 1.93576170204e-06, 3.56046939487e-06, 1.03005515939e-06, 7.08063453203e-07, 9.87066187008e-07, 1.01193074897e-06, 9.21232810924e-07, 7.67052029005e-07, 2.57555910821e-07, 7.7161672607e-08, 2.61149580183e-07, 2.37545009441e-07, 7.99475046165e-08, 2.25874430271e-08, 6.32280148238e-08, 4.84770588116e-08, 3.33547411913e-09, 3.17139625672e-09, 1.71214353806e-09, 1.01172625833e-10], "dvar2": [7.96198378339e-08, 1.94636377273e-05, 3.94838898501e-05, 9.98944087769e-05, 9.47181688389e-05, 1.04155351437e-05, 1.86178986041e-05, 4.02992100135e-06, 6.99546944816e-06, 2.30895261666e-06, 1.50421510625e-06, 2.20537162932e-06, 2.20534275286e-06, 1.98657335204e-06, 1.72849058799e-06, 5.88277771385e-07, 1.64417627957e-07, 4.53499723108e-07, 3.09882665306e-07, 1.52558300215e-07, 4.75289425594e-08, 1.21688131571e-07, 8.15947416299e-08, 5.67648772432e-09, 7.06943792395e-09, 3.86789933415e-09, 2.2666568622e-10], "max": [0.0023046459537, 0.0306044667959, 0.0498413145542, 0.0727608799934, 0.0927852839231, 0.0303142406046, 0.0478914566338, 0.0469183959067, 0.0677662417293, 0.0307585801929, 0.0245809517801, 0.0293150302023, 0.0308341905475, 0.0297808852047, 0.0183636974543, 0.0117129636928, 0.00849624350667, 0.0269833505154, 0.0215548332781, 0.0126409279183, 0.00409785239026, 0.011934616603, 0.00864750426263, 0.00276072137058, 0.00344452122226, 0.000881621905137, 0.000128764659166], "mean": [8.25837778393e-05, 0.00169435492717, 0.0022340787109, 0.00188475020695, 0.00311883236282, 0.00114698137622, 0.000955254829023, 0.000732639455236, 0.000877868907992, 0.00074344559107, 0.000415576825617, 0.000474835018395, 0.000643502105959, 0.000579689920414, 0.000592436292209, 0.000276386534097, 0.00018357441877, 0.000194785709027, 0.000288771931082, 0.000179011040018, 0.000112199006253, 0.000102333709947, 6.49463036098e-05, 3.22867999785e-05, 2.38106131292e-05, 1.46363818203e-05, 3.07267328026e-06], "median": [3.28381720465e-05, 0.000875864410773, 0.000804953218903, 0.000334002252202, 0.00114209984895, 0.000404552265536, 0.000253447855357, 0.000148807594087, 0.00017885962734, 0.000198988462216, 9.31552567636e-05, 9.59504177445e-05, 0.000144101417391, 0.000146726088133, 0.000113004643936, 5.48832504137e-05, 4.34909816249e-05, 2.91914384434e-05, 3.57610479114e-05, 2.71458920906e-05, 2.47520511039e-05, 2.24975592573e-05, 1.13948535727e-05, 7.671579624e-06, 5.20511230206e-06, 1.3655200064e-06, 1.32912902018e-07], "min": [6.09988469899e-25, 1.33649070942e-24, 1.33731921059e-24, 1.06559774812e-24, 2.6277988583e-23, 1.00535384101e-23, 1.29269705683e-23, 1.65770347099e-23, 3.40400580351e-23, 2.58968946128e-23, 3.36413140911e-23, 1.82549055677e-23, 4.08119114137e-23, 6.07722222402e-23, 4.31721516877e-23, 7.98752148122e-23, 1.11417073423e-22, 8.3666631784e-23, 1.1497892556e-22, 2.29952878141e-22, 2.64548000797e-22, 3.14229450866e-22, 5.06641713327e-22, 7.06140975943e-22, 1.03484878859e-21, 1.37253608501e-21, 2.0534205368e-21], "var": [2.79778671342e-08, 6.72232363286e-06, 1.46054244397e-05, 2.30201676459e-05, 3.38571335305e-05, 4.9407235565e-06, 6.09552853348e-06, 3.8076632336e-06, 8.31542274682e-06, 2.7593955565e-06, 1.30254238684e-06, 1.72760485384e-06, 2.40935173679e-06, 1.89513275473e-06, 1.52513894136e-06, 4.41204036861e-07, 1.58821706009e-07, 5.60166995456e-07, 1.1204066368e-06, 2.6947770948e-07, 5.2492080016e-08, 1.20203850429e-07, 8.78046293451e-08, 7.34704075356e-09, 3.92983912079e-09, 1.84556192551e-09, 1.03543805474e-10]}, "barkbands_crest": {"dmean": 2.00883173943, "dmean2": 3.25925803185, "dvar": 3.55768036842, "dvar2": 9.10351371765, "max": 26.0338478088, "mean": 8.43515205383, "median": 7.93060827255, "min": 2.58502244949, "var": 9.70438766479}, "barkbands_flatness_db": {"dmean": 0.0213452149183, "dmean2": 0.0311259198934, "dvar": 0.000498900015373, "dvar2": 0.00107524695341, "max": 0.377413809299, "mean": 0.13557626307, "median": 0.123555146158, "min": 0.0216598566622, "var": 0.00315858027898}, "barkbands_kurtosis": {"dmean": 2.32153248787, "dmean2": 3.68210577965, "dvar": 14.5532121658, "dvar2": 36.3767242432, "max": 111.896835327, "mean": 3.1577706337, "median": 1.01695728302, "min": -1.98802936077, "var": 38.0039405823}, "barkbands_skewness": {"dmean": 0.515281498432, "dmean2": 0.775458812714, "dvar": 0.302381277084, "dvar2": 0.715550839901, "max": 9.86815357208, "mean": 1.26194763184, "median": 1.13779354095, "min": -3.86975765228, "var": 1.2004506588}, "barkbands_spread": {"dmean": 4.79043769836, "dmean2": 7.27979135513, "dvar": 36.2638626099, "dvar2": 82.8723983765, "max": 165.677764893, "mean": 20.7195911407, "median": 18.6835021973, "min": 1.28468453884, "var": 225.422073364}, "dissonance": {"dmean": 0.0216551739722, "dmean2": 0.035899233073, "dvar": 0.000467566802399, "dvar2": 0.00122706859838, "max": 0.500000119209, "mean": 0.452752918005, "median": 0.462720423937, "min": 0.188659548759, "var": 0.00134791992605}, "dynamic_complexity": 5.82100820541, "erbbands": {"dmean": [0.0267752334476, 0.276553988457, 1.26354730129, 4.41104602814, 10.0592756271, 7.02987670898, 6.21814680099, 6.66236114502, 12.176856041, 8.53473091125, 11.3436994553, 12.6727333069, 7.29058694839, 14.8051338196, 10.4774675369, 14.8451433182, 18.5582809448, 18.5943832397, 22.4464569092, 11.4761962891, 8.28562927246, 5.95238733292, 6.25734996796, 6.92483711243, 6.83754348755, 4.03138065338, 3.44392824173, 2.00125288963, 2.08983635902, 2.15030813217, 1.07237064838, 0.521953165531, 0.291652798653, 0.219801098108, 0.120867714286, 0.0623625852168, 0.0278702378273, 0.00674847373739, 0.000568381918129, 2.38934626395e-05], "dmean2": [0.0443794317544, 0.474932700396, 2.185567379, 7.93648958206, 17.1995639801, 11.8682193756, 9.7894525528, 11.3046197891, 20.9467010498, 13.4861326218, 17.1559829712, 18.2111492157, 10.6137752533, 21.978143692, 15.6493825912, 21.7783660889, 27.5650348663, 27.426815033, 33.3074493408, 16.9634742737, 12.5888280869, 8.85536003113, 8.7214717865, 9.18637084961, 8.98186969757, 5.67453432083, 4.93651580811, 2.94816255569, 2.90076828003, 3.00490570068, 1.4410084486, 0.706722199917, 0.400548398495, 0.307881951332, 0.17129316926, 0.0924371927977, 0.0424315482378, 0.0104782124981, 0.000876605568919, 3.47549321305e-05], "dvar": [0.00502839870751, 0.481336236, 12.3422498703, 172.042877197, 566.569824219, 334.126251221, 165.384094238, 369.078582764, 1639.1427002, 626.778503418, 1346.82714844, 2200.20361328, 325.601531982, 1529.06213379, 813.547180176, 1883.19482422, 2007.41149902, 2402.21704102, 2537.22802734, 842.33380127, 491.416931152, 203.480560303, 496.933013916, 647.708679199, 495.706878662, 140.289230347, 83.9367294312, 19.0460662842, 64.3563308716, 107.097122192, 26.3665103912, 3.45475125313, 0.504729986191, 0.767022371292, 0.101029701531, 0.0277417935431, 0.00647986447439, 0.000377980642952, 2.71074713964e-06, 2.73414069163e-09], "dvar2": [0.0132593531162, 1.34625983238, 34.9073371887, 491.096801758, 1491.10253906, 927.323120117, 401.800689697, 1028.02050781, 4551.51708984, 1326.91174316, 2815.5222168, 4290.93994141, 696.963928223, 3418.35058594, 1711.77001953, 4307.99804688, 4381.81445312, 5149.55126953, 5583.94921875, 1751.16113281, 1108.55883789, 406.625244141, 908.841796875, 846.350769043, 691.947143555, 254.072219849, 159.476760864, 40.4025535583, 117.057525635, 196.123550415, 44.4195327759, 6.03114938736, 0.874214470387, 1.78301107883, 0.21904630959, 0.0621113665402, 0.0147500457242, 0.000856557977386, 6.04417755312e-06, 5.62152635553e-09], "max": [1.06770479679, 7.91045236588, 50.0070877075, 170.074981689, 310.76449585, 343.040313721, 238.845199585, 293.304870605, 554.673950195, 953.93963623, 1519.48730469, 2083.68725586, 569.746704102, 1175.59960938, 789.751159668, 1315.61584473, 1367.01586914, 1747.36401367, 1088.12976074, 877.313537598, 572.018310547, 531.427307129, 791.077941895, 1442.45080566, 1091.10388184, 628.085754395, 507.56854248, 109.869743347, 415.502685547, 503.341522217, 174.358306885, 83.8108673096, 25.942855835, 62.7402992249, 8.94646644592, 3.72775197029, 1.44640922546, 0.315679877996, 0.0227136965841, 0.000720802636351], "mean": [0.0509936697781, 0.397474706173, 2.27928423882, 4.57854890823, 9.9391040802, 9.1437587738, 10.0625734329, 8.57203388214, 14.0913467407, 12.2022714615, 18.7728652954, 22.8036270142, 12.8865070343, 26.9200210571, 17.47397995, 24.0802726746, 31.2814273834, 31.8019962311, 35.142906189, 19.9441299438, 13.4971513748, 9.9282283783, 10.6645584106, 13.0958242416, 14.0921468735, 7.79636096954, 5.9767165184, 3.54199767113, 3.52525305748, 3.33115553856, 1.58091568947, 0.810137093067, 0.470418959856, 0.309854239225, 0.145166710019, 0.0660615339875, 0.026673477143, 0.00604810239747, 0.000514356186613, 3.61851634807e-05], "median": [0.0311162248254, 0.18518666923, 0.890908718109, 1.12523794174, 2.46240925789, 3.48286223412, 3.84165024757, 3.05993270874, 4.00519895554, 3.90661907196, 4.41824579239, 5.32310152054, 4.27595090866, 6.77818870544, 5.65552091599, 5.79700946808, 8.26763343811, 9.42924976349, 7.86895418167, 4.17777204514, 3.09890699387, 2.43248534203, 1.97868692875, 1.92319369316, 1.66800189018, 1.27568995953, 1.12883245945, 0.848042964935, 0.838707387447, 0.59588599205, 0.284718990326, 0.175517708063, 0.117644250393, 0.0735179632902, 0.0262130610645, 0.00813313387334, 0.00210564839654, 0.000309983850457, 3.33646530635e-05, 1.54516637849e-05], "min": [1.27729681957e-22, 2.58550663677e-22, 1.65056449437e-21, 5.61940908222e-21, 3.37588951595e-20, 5.56669287793e-20, 6.18260445346e-20, 7.79909631615e-20, 1.52045360863e-19, 2.24367131836e-19, 5.0698685565e-19, 6.49654159715e-19, 7.20414704831e-19, 7.64820345052e-19, 1.50788191089e-18, 1.0143019986e-18, 2.18904456921e-18, 2.36058404387e-18, 3.00911163529e-18, 3.19367527549e-18, 3.82833787227e-18, 6.2828735037e-18, 4.18520095932e-18, 7.57320908484e-18, 8.35243555574e-18, 1.27755580611e-17, 9.70191372349e-18, 1.23401574836e-17, 1.31110947776e-17, 1.24166245409e-17, 1.4250525318e-17, 1.21914097299e-17, 1.14205427463e-17, 8.95550233467e-18, 6.87338823043e-18, 5.22503026862e-18, 2.49763298212e-18, 1.07022550847e-18, 3.00601415408e-19, 3.04263686485e-20], "var": [0.00520834466442, 0.415228277445, 13.5293645859, 116.835975647, 470.58807373, 292.350891113, 290.265441895, 355.530944824, 1322.33422852, 1201.48400879, 2486.10742188, 5216.54052734, 713.398681641, 4018.10375977, 1586.22814941, 3583.86816406, 4989.26123047, 4985.09179688, 5078.91796875, 1972.9967041, 893.228027344, 458.503112793, 1185.61437988, 2552.30493164, 2451.77050781, 500.748199463, 232.869400024, 44.4177131653, 130.227661133, 194.023498535, 47.8499183655, 6.67172574997, 1.192969203, 0.869235336781, 0.132034182549, 0.0318018980324, 0.00676717143506, 0.000384537794162, 2.79985283669e-06, 3.70395625282e-09]}, "erbbands_crest": {"dmean": 2.80259919167, "dmean2": 4.41602563858, "dvar": 6.92713785172, "dvar2": 16.1126976013, "max": 32.4619789124, "mean": 9.60833454132, "median": 8.59302139282, "min": 2.21383166313, "var": 19.0562973022}, "erbbands_flatness_db": {"dmean": 0.0206409469247, "dmean2": 0.0278030168265, "dvar": 0.000403996556997, "dvar2": 0.000753960746806, "max": 0.385561555624, "mean": 0.165219396353, "median": 0.16092325747, "min": 0.022928589955, "var": 0.00214146822691}, "erbbands_kurtosis": {"dmean": 1.01024949551, "dmean2": 1.52972280979, "dvar": 2.28840446472, "dvar2": 4.85759687424, "max": 43.5049705505, "mean": 0.873321115971, "median": 0.250939130783, "min": -1.87188506126, "var": 5.64248132706}, "erbbands_skewness": {"dmean": 0.359452962875, "dmean2": 0.525179564953, "dvar": 0.123912446201, "dvar2": 0.256355375051, "max": 4.7872505188, "mean": 0.152346223593, "median": 0.141645625234, "min": -4.91391611099, "var": 0.650630235672}, "erbbands_spread": {"dmean": 7.29124641418, "dmean2": 10.8286542892, "dvar": 64.9911346436, "dvar2": 140.785171509, "max": 117.926467896, "mean": 31.715051651, "median": 29.2501945496, "min": 2.71672797203, "var": 248.012237549}, "gfcc": {"cov": [[19283.6269531, -80.3732223511, -1478.05627441, 969.515991211, -772.013366699, 369.012512207, -393.728393555, 164.293533325, -486.547241211, 66.130317688, -359.581848145, -90.0328216553, -233.161819458], [-80.3732223511, 1579.40966797, 87.2868118286, -156.519714355, 289.442565918, 20.5664806366, 103.038047791, -47.2737236023, 114.74017334, -48.3658714294, 115.02671051, -56.8309936523, 66.0316543579], [-1478.05627441, 87.2868118286, 914.566101074, -37.3654632568, 110.125701904, 39.5218849182, 80.749671936, 15.3066921234, 45.1056404114, 29.3081874847, -23.6471920013, 55.5303764343, -33.8837623596], [969.515991211, -156.519714355, -37.3654632568, 516.209655762, -64.7925338745, 5.82721424103, -6.6237654686, 29.3691959381, -19.3316230774, -8.60734844208, 6.46587610245, -57.1884078979, 10.1869716644], [-772.013366699, 289.442565918, 110.125701904, -64.7925338745, 431.586029053, 70.0023422241, 34.134349823, 3.54542136192, 79.6561813354, 29.2332992554, 16.8212680817, -9.92613506317, 22.0479564667], [369.012512207, 20.5664806366, 39.5218849182, 5.82721424103, 70.0023422241, 192.50100708, 42.5112419128, 15.5904397964, 9.74922275543, 21.7583503723, -1.8963496685, 17.0884590149, -10.8023405075], [-393.728393555, 103.038047791, 80.749671936, -6.6237654686, 34.134349823, 42.5112419128, 153.788635254, 39.6582565308, 9.08976554871, -9.25601100922, 31.3192672729, -5.47452688217, -7.49344873428], [164.293533325, -47.2737236023, 15.3066921234, 29.3691959381, 3.54542136192, 15.5904397964, 39.6582565308, 114.329353333, 30.7467651367, 13.4502487183, -1.98800432682, -2.30468177795, -9.38986778259], [-486.547241211, 114.74017334, 45.1056404114, -19.3316230774, 79.6561813354, 9.74922275543, 9.08976554871, 30.7467651367, 117.530982971, 32.0712089539, 11.5008983612, -4.18974065781, 13.3840436935], [66.130317688, -48.3658714294, 29.3081874847, -8.60734844208, 29.2332992554, 21.7583503723, -9.25601100922, 13.4502487183, 32.0712089539, 93.6539535522, 13.3279428482, 2.13368296623, -5.79559993744], [-359.581848145, 115.02671051, -23.6471920013, 6.46587610245, 16.8212680817, -1.8963496685, 31.3192672729, -1.98800432682, 11.5008983612, 13.3279428482, 95.0191650391, 7.56577825546, 14.034034729], [-90.0328216553, -56.8309936523, 55.5303764343, -57.1884078979, -9.92613506317, 17.0884590149, -5.47452688217, -2.30468177795, -4.18974065781, 2.13368296623, 7.56577825546, 89.9558334351, 10.1984624863], [-233.161819458, 66.0316543579, -33.8837623596, 10.1869716644, 22.0479564667, -10.8023405075, -7.49344873428, -9.38986778259, 13.3840436935, -5.79559993744, 14.034034729, 10.1984624863, 80.2565689087]], "icov": [[0.000150866457261, -0.000265810580458, 0.000262359448243, -0.000325826607877, 0.000205972930416, -0.000328993541189, 0.000347880763002, -0.000446243211627, 0.000724262325093, -0.000567429873627, 0.000768922327552, -0.000358183257049, 0.000437824375695], [-0.000265810580458, 0.00147888599895, -0.000583638844546, 0.00091713416623, -0.000745833676774, 0.000431583030149, -0.000859504216351, 0.0013005763758, -0.00207508052699, 0.00203203526326, -0.00252664764412, 0.00164236465935, -0.0012910066871], [0.000262359448243, -0.000583638844546, 0.00183056585956, -0.000779018213507, 8.32907608128e-05, -0.000284958689008, -0.000383348000469, -0.000418997689849, 0.00088045024313, -0.00156268896535, 0.00234760181047, -0.00199744803831, 0.00155171682127], [-0.000325826607877, 0.00091713416623, -0.000779018213507, 0.00312538980506, -0.000150854379172, 0.000131345106638, -0.000205835327506, 0.000191360595636, -0.00128441595007, 0.0018405879382, -0.00270676007494, 0.00301456754096, -0.00192712491844], [0.000205972930416, -0.000745833676774, 8.32907608128e-05, -0.000150854379172, 0.00348149146885, -0.00151328998618, 0.000430510583101, -0.000362181162927, -0.00039461965207, -0.00125293980818, 0.00114606251009, 0.000207857883652, -0.000147435916006], [-0.000328993541189, 0.000431583030149, -0.000284958689008, 0.000131345106638, -0.00151328998618, 0.00721092801541, -0.00290527287871, 0.00109758169856, -0.00117749732453, -0.000624963606242, -0.00012704677647, -0.00153057812713, 0.000163541655638], [0.000347880763002, -0.000859504216351, -0.000383348000469, -0.000205835327506, 0.000430510583101, -0.00290527287871, 0.0105792870745, -0.00476142484695, 0.00254301796667, 0.00118734175339, -0.00221897871234, 0.00114959315397, 0.00140708440449], [-0.000446243211627, 0.0013005763758, -0.000418997689849, 0.000191360595636, -0.000362181162927, 0.00109758169856, -0.00476142484695, 0.012919511646, -0.00588951911777, 0.000793037761468, -0.000864482659381, 0.000339711521519, -0.000106016450445], [0.000724262325093, -0.00207508052699, 0.00088045024313, -0.00128441595007, -0.00039461965207, -0.00117749732453, 0.00254301796667, -0.00588951911777, 0.0160267855972, -0.00645311968401, 0.00367301469669, -0.00119595800061, 0.000215439358726], [-0.000567429873627, 0.00203203526326, -0.00156268896535, 0.0018405879382, -0.00125293980818, -0.000624963606242, 0.00118734175339, 0.000793037761468, -0.00645311968401, 0.0164181292057, -0.00694408547133, 0.00289044505917, -0.000641277641989], [0.000768922327552, -0.00252664764412, 0.00234760181047, -0.00270676007494, 0.00114606251009, -0.00012704677647, -0.00221897871234, -0.000864482659381, 0.00367301469669, -0.00694408547133, 0.0185292549431, -0.00537738250569, 0.00133635534439], [-0.000358183257049, 0.00164236465935, -0.00199744803831, 0.00301456754096, 0.000207857883652, -0.00153057812713, 0.00114959315397, 0.000339711521519, -0.00119595800061, 0.00289044505917, -0.00537738250569, 0.016168916598, -0.00443999283016], [0.000437824375695, -0.0012910066871, 0.00155171682127, -0.00192712491844, -0.000147435916006, 0.000163541655638, 0.00140708440449, -0.000106016450445, 0.000215439358726, -0.000641277641989, 0.00133635534439, -0.00443999283016, 0.0161237027496]], "mean": [-64.4584579468, 105.439567566, -113.656768799, 23.0065517426, -51.9889373779, 14.401055336, -34.5694084167, -1.80511593819, -23.3686618805, 2.89203739166, -15.9471626282, -3.2684366703, -11.4068078995]}, "hfc": {"dmean": 5.34846496582, "dmean2": 7.03115606308, "dvar": 85.3627700806, "dvar2": 152.130752563, "max": 163.50642395, "mean": 13.3189811707, "median": 6.31659603119, "min": 1.09997783026e-16, "var": 308.847930908}, "melbands": {"dmean": [0.000263708207058, 0.000554006255697, 0.000941781152505, 0.000637251418084, 0.000213211256778, 0.000152120526764, 0.000183184194611, 9.22490580706e-05, 9.82448036666e-05, 7.33482229407e-05, 3.80529854738e-05, 6.36413387838e-05, 3.63588114851e-05, 3.65394589608e-05, 4.14891728724e-05, 3.7043064367e-05, 3.75197196263e-05, 3.60406411346e-05, 2.14170613617e-05, 1.41106766023e-05, 9.73770693236e-06, 6.81606388753e-06, 5.75560898142e-06, 6.88687214279e-06, 5.9431167756e-06, 5.66123162571e-06, 4.4822795644e-06, 2.54408655564e-06, 2.62527191808e-06, 1.35194363793e-06, 1.1771305708e-06, 1.15197281048e-06, 1.38251425597e-06, 1.17979141123e-06, 7.0695125487e-07, 4.059709795e-07, 2.95857205401e-07, 2.12929407439e-07, 1.98765292225e-07, 1.8335866514e-07], "dmean2": [0.000439534400357, 0.000959972152486, 0.00167177408002, 0.00107701006345, 0.000341087317793, 0.000256454426562, 0.000314770702971, 0.000143381766975, 0.000146912279888, 0.000106547115138, 5.57422354177e-05, 9.46935906541e-05, 5.41165391041e-05, 5.46270275663e-05, 6.24059612164e-05, 5.46672890778e-05, 5.56875238544e-05, 5.35796971235e-05, 3.2264386391e-05, 2.09650515899e-05, 1.50982004925e-05, 1.03562078948e-05, 8.66408390721e-06, 9.73941132543e-06, 8.06288790045e-06, 7.56934241508e-06, 6.38677374809e-06, 3.67431107406e-06, 3.80903588848e-06, 2.02125215765e-06, 1.78801883521e-06, 1.63995616731e-06, 1.98741872737e-06, 1.65788526374e-06, 9.73642954705e-07, 5.75350895815e-07, 4.1470434553e-07, 3.0144033758e-07, 2.77706419638e-07, 2.62798010908e-07], "dvar": [4.39152643139e-07, 2.27714212997e-06, 6.37320044916e-06, 2.37779659074e-06, 1.97849118422e-07, 1.83998380976e-07, 3.67278943258e-07, 6.59643930589e-08, 1.16174717846e-07, 7.02033631228e-08, 9.11899888933e-09, 2.75338827294e-08, 1.24394485823e-08, 1.45565142162e-08, 1.15910312459e-08, 7.50513873271e-09, 1.03087574033e-08, 6.77235822977e-09, 2.66026822793e-09, 1.49559609142e-09, 7.16776860088e-10, 2.85385159948e-10, 3.73361536132e-10, 9.05667818518e-10, 5.73671943283e-10, 4.37797881281e-10, 2.0177541582e-10, 6.51663029094e-11, 5.50909699804e-11, 1.14714028207e-11, 6.44438192046e-12, 1.37945202136e-11, 5.27183123544e-11, 3.53650546348e-11, 1.30043718849e-11, 2.72180758834e-12, 9.87849125417e-13, 2.99880237829e-13, 3.05013555645e-13, 5.65638627516e-13], "dvar2": [1.16748390155e-06, 6.41468022877e-06, 1.79449543793e-05, 6.33805120742e-06, 4.98128599702e-07, 5.10867778303e-07, 1.01524494767e-06, 1.3353643169e-07, 2.37086482002e-07, 1.39342603234e-07, 1.95714520146e-08, 6.20256699335e-08, 2.64965507313e-08, 3.35376171279e-08, 2.53738168254e-08, 1.53343684417e-08, 2.24222080902e-08, 1.44991343376e-08, 5.73100145118e-09, 3.20216009264e-09, 1.6869753372e-09, 6.28339658082e-10, 7.2969530418e-10, 1.73383096769e-09, 7.85140563675e-10, 6.37561725636e-10, 3.90946497397e-10, 1.22883148101e-10, 1.04448137639e-10, 2.46708851265e-11, 1.41363492093e-11, 2.40464783502e-11, 1.14477101409e-10, 6.38456648661e-11, 2.27686740989e-11, 5.20649495739e-12, 1.81699804942e-12, 5.61010276862e-13, 6.43028382277e-13, 1.33642782171e-12], "max": [0.0080502666533, 0.0213304497302, 0.0313132405281, 0.0243155360222, 0.00786738563329, 0.00617653643712, 0.00790274888277, 0.0110915116966, 0.013929868117, 0.0119378566742, 0.00282797124237, 0.00517249805853, 0.00372788286768, 0.00405717780814, 0.00414660619572, 0.00197585811839, 0.00357863027602, 0.00241569010541, 0.00129563827068, 0.000932702270802, 0.000653900846373, 0.000607971218415, 0.000957177544478, 0.00129042938352, 0.00134345481638, 0.00108399707824, 0.000655045325402, 0.00054199580336, 0.000496658496559, 8.7738793809e-05, 6.89565495122e-05, 0.000178341433639, 0.000342713203281, 0.000295099889627, 0.000130737797008, 7.12272303645e-05, 4.56135712739e-05, 2.08336932701e-05, 3.25131404679e-05, 5.31617151864e-05], "mean": [0.000446194870165, 0.000954573042691, 0.000975196307991, 0.000729946477804, 0.000350102171069, 0.000198587120394, 0.000212223094422, 0.000133791443659, 0.00016856311413, 0.000127360661281, 6.21673316346e-05, 0.000113064714242, 5.74750774831e-05, 5.45326547581e-05, 6.87774954713e-05, 6.07335969107e-05, 5.88174043514e-05, 5.4734704463e-05, 3.47136592609e-05, 2.21284899453e-05, 1.44790665217e-05, 1.03971769931e-05, 8.56265887705e-06, 1.09165030153e-05, 1.03786715044e-05, 1.10348528324e-05, 8.36297203932e-06, 4.43043018095e-06, 4.27706527262e-06, 2.28764042731e-06, 1.9636295292e-06, 1.91179742615e-06, 2.11408791984e-06, 1.74116462404e-06, 9.94680817712e-07, 5.83490475492e-07, 4.51776685395e-07, 3.31021453803e-07, 2.96367318242e-07, 2.4567381729e-07], "median": [0.000250737241004, 0.000395827984903, 0.000253269565292, 0.000237349842791, 0.000145948419231, 6.88712825649e-05, 5.83183064009e-05, 4.04498678108e-05, 3.74265910068e-05, 2.78869138128e-05, 1.80617316801e-05, 2.61742134171e-05, 1.48890876517e-05, 1.37803881444e-05, 1.69944105437e-05, 1.52021020767e-05, 1.49030329339e-05, 1.19802916743e-05, 6.69945120535e-06, 4.1835387492e-06, 3.14026533488e-06, 2.39114092437e-06, 1.81502105079e-06, 1.40824545269e-06, 1.37425217872e-06, 1.24461780615e-06, 9.14009490316e-07, 7.38209735118e-07, 7.32748219434e-07, 4.88967486945e-07, 4.51340468999e-07, 4.65160667318e-07, 3.95204523329e-07, 2.85873255734e-07, 1.6454603724e-07, 1.15190836425e-07, 9.50993452875e-08, 7.86282114973e-08, 7.36289607062e-08, 5.54368391192e-08], "min": [2.46172821552e-24, 5.34112869807e-25, 1.53394358008e-24, 5.07813824948e-24, 1.74338279775e-24, 1.79554661954e-24, 2.28455262e-24, 2.37524223903e-24, 4.60936002314e-24, 3.27721574009e-24, 3.57636007839e-24, 3.13928183309e-24, 5.02075887382e-24, 3.34045161911e-24, 2.53254978101e-24, 5.12350800673e-24, 3.79216244534e-24, 4.75368212575e-24, 4.90274331025e-24, 2.19731485908e-24, 3.9214670029e-24, 5.81243364589e-24, 3.22786815173e-24, 4.04269796352e-24, 5.29104944122e-24, 3.69068771723e-24, 7.5811686582e-24, 7.25612325537e-24, 4.71642856393e-24, 4.925546518e-24, 6.01954513225e-24, 6.29781344999e-24, 6.41566690264e-24, 6.41587318977e-24, 7.0867571856e-24, 6.60076601431e-24, 6.16690671593e-24, 6.88266861423e-24, 7.97286176347e-24, 7.09890958785e-24], "var": [4.33194941252e-07, 2.31464832723e-06, 4.51328332929e-06, 2.08659685086e-06, 3.12511161837e-07, 1.8231320098e-07, 3.00154624711e-07, 1.42516128676e-07, 2.26752078447e-07, 1.59278869205e-07, 1.92791667075e-08, 7.38711491977e-08, 2.30680683444e-08, 2.28005898606e-08, 2.85310619574e-08, 1.76029431032e-08, 1.94585378921e-08, 1.3706599411e-08, 5.84475357002e-09, 2.9438385063e-09, 1.14601561574e-09, 5.34426725096e-10, 7.17421011487e-10, 1.82877124555e-09, 2.02732008958e-09, 1.92239868468e-09, 7.69398544875e-10, 2.15645293289e-10, 1.48607459671e-10, 2.51586581429e-11, 1.40133659884e-11, 3.07782202502e-11, 8.052840339e-11, 6.21051127192e-11, 2.24934602194e-11, 4.45380928318e-12, 1.89677852418e-12, 6.47785427729e-13, 4.95100434175e-13, 6.08037003993e-13]}, "melbands_crest": {"dmean": 2.7019572258, "dmean2": 4.40546417236, "dvar": 6.44326400757, "dvar2": 17.0761165619, "max": 36.768081665, "mean": 12.3090629578, "median": 11.7680559158, "min": 1.95686018467, "var": 19.1537799835}, "melbands_flatness_db": {"dmean": 0.0264158416539, "dmean2": 0.0386068373919, "dvar": 0.000841487490106, "dvar2": 0.00178772804793, "max": 0.509985148907, "mean": 0.208277910948, "median": 0.193132683635, "min": 0.00443771248683, "var": 0.00602916628122}, "melbands_kurtosis": {"dmean": 5.02889204025, "dmean2": 7.94561290741, "dvar": 71.6123428345, "dvar2": 177.288452148, "max": 223.428131104, "mean": 8.85100650787, "median": 4.66269350052, "min": -1.91816735268, "var": 164.238189697}, "melbands_skewness": {"dmean": 0.647120296955, "dmean2": 0.986327826977, "dvar": 0.525042355061, "dvar2": 1.2607370615, "max": 12.2792015076, "mean": 2.14100813866, "median": 1.96077203751, "min": -1.84528255463, "var": 1.81162428856}, "melbands_spread": {"dmean": 6.72146749496, "dmean2": 10.0580778122, "dvar": 99.8345794678, "dvar2": 189.140060425, "max": 206.970214844, "mean": 24.0556316376, "median": 20.8856105804, "min": 1.1362940073, "var": 344.345977783}, "mfcc": {"cov": [[14019.6748047, -783.256713867, -814.297119141, 449.261138916, -240.588027954, 119.731620789, 12.3467206955, -43.6678924561, -123.303504944, 86.0079574585, -22.5172042847, -304.56149292, -251.362106323], [-783.256713867, 1707.04846191, 44.3640975952, -114.477790833, 218.358093262, 97.1512298584, 66.2007369995, 31.3109493256, 58.0039329529, -4.85905075073, 43.7728691101, 86.966255188, 41.8263549805], [-814.297119141, 44.3640975952, 641.121765137, 88.3151626587, -23.8598556519, 26.4862613678, 14.4955921173, 47.950012207, 8.77292728424, -9.22660636902, 9.01857662201, 21.538608551, 29.9709472656], [449.261138916, -114.477790833, 88.3151626587, 338.975524902, 35.8395462036, -1.28185999393, 20.871465683, -1.43378901482, 1.88249111176, 44.6460647583, -19.5871086121, -20.0189800262, 13.9810838699], [-240.588027954, 218.358093262, -23.8598556519, 35.8395462036, 278.218048096, 89.0024414062, 11.6038417816, 1.13998281956, 54.9998550415, 36.2398986816, 3.52350831032, 23.6797637939, 19.9855442047], [119.731620789, 97.1512298584, 26.4862613678, -1.28185999393, 89.0024414062, 164.974731445, 44.469745636, 12.3351488113, 17.4413414001, 6.58090686798, 11.6710090637, 16.5007324219, 7.16499996185], [12.3467206955, 66.2007369995, 14.4955921173, 20.871465683, 11.6038417816, 44.469745636, 144.268035889, 39.5190505981, 0.096598431468, 16.8725681305, 21.547121048, 5.78686761856, 3.05715608597], [-43.6678924561, 31.3109493256, 47.950012207, -1.43378901482, 1.13998281956, 12.3351488113, 39.5190505981, 118.039802551, 25.5562419891, -13.6258449554, 26.8102531433, 7.11476230621, -4.66217708588], [-123.303504944, 58.0039329529, 8.77292728424, 1.88249111176, 54.9998550415, 17.4413414001, 0.096598431468, 25.5562419891, 102.308937073, 38.6006088257, 0.459004074335, 10.1411437988, 10.7382669449], [86.0079574585, -4.85905075073, -9.22660636902, 44.6460647583, 36.2398986816, 6.58090686798, 16.8725681305, -13.6258449554, 38.6006088257, 113.63306427, 19.681722641, -9.95333862305, 17.3539295197], [-22.5172042847, 43.7728691101, 9.01857662201, -19.5871086121, 3.52350831032, 11.6710090637, 21.547121048, 26.8102531433, 0.459004074335, 19.681722641, 98.5106277466, 24.4575881958, -7.57061719894], [-304.56149292, 86.966255188, 21.538608551, -20.0189800262, 23.6797637939, 16.5007324219, 5.78686761856, 7.11476230621, 10.1411437988, -9.95333862305, 24.4575881958, 88.0045318604, 28.6552295685], [-251.362106323, 41.8263549805, 29.9709472656, 13.9810838699, 19.9855442047, 7.16499996185, 3.05715608597, -4.66217708588, 10.7382669449, 17.3539295197, -7.57061719894, 28.6552295685, 80.1776046753]], "icov": [[9.91525885183e-05, 4.49273920822e-06, 0.000150693624164, -0.000180148359505, 0.000156367445015, -0.000229929908528, 7.35693538445e-05, -5.04324052599e-05, 6.4622850914e-05, -7.65237273299e-05, -2.61361328739e-05, 0.000187904865015, 0.000197705783648], [4.49273920822e-06, 0.000720645824913, -7.80274858698e-05, 0.000288471404929, -0.000559467123821, 3.13042110065e-05, -0.000334164622473, 6.9043970143e-05, -0.000158664770424, 0.000221893729758, -0.000163187214639, -0.000309629889671, -0.000161100790137], [0.000150693624164, -7.80274858698e-05, 0.00200084270909, -0.000863449764438, 0.000725139630958, -0.000806945608929, 0.0003514996788, -0.000743756594602, -2.70180626103e-05, 0.000151879678015, -0.000164449724252, 7.64248834457e-05, -0.000321612402331], [-0.000180148359505, 0.000288471404929, -0.000863449764438, 0.00394812645391, -0.00115187827032, 0.000883358938154, -0.000720087788068, -0.000164433920872, 0.00070850510383, -0.00140011415351, 0.00105168879963, 5.8671059378e-05, -0.000568392395508], [0.000156367445015, -0.000559467123821, 0.000725139630958, -0.00115187827032, 0.00581312645227, -0.00303911836818, 0.0008540644194, 0.000145792248077, -0.00181861419696, -0.000885710585862, 0.000204602300073, -0.000389104126953, 0.000104023427411], [-0.000229929908528, 3.13042110065e-05, -0.000806945608929, 0.000883358938154, -0.00303911836818, 0.00879542063922, -0.00267857476138, 0.000563863257412, -0.000467768200906, 0.00089569715783, -0.00033507446642, -0.000758691166993, -0.000374800380087], [7.35693538445e-05, -0.000334164622473, 0.0003514996788, -0.000720087788068, 0.0008540644194, -0.00267857476138, 0.00916477199644, -0.00345004210249, 0.00198884890415, -0.00231538317166, -0.000280205160379, -0.000177448397153, 0.000147300088429], [-5.04324052599e-05, 6.9043970143e-05, -0.000743756594602, -0.000164433920872, 0.000145792248077, 0.000563863257412, -0.00345004210249, 0.0122183971107, -0.00501612527296, 0.00445157848299, -0.00383399636485, 0.00121461146045, -0.000219953537453], [6.4622850914e-05, -0.000158664770424, -2.70180626103e-05, 0.00070850510383, -0.00181861419696, -0.000467768200906, 0.00198884890415, -0.00501612527296, 0.0148123269901, -0.00650634104386, 0.00310819968581, -0.00216406583786, 0.000790870632045], [-7.65237273299e-05, 0.000221893729758, 0.000151879678015, -0.00140011415351, -0.000885710585862, 0.00089569715783, -0.00231538317166, 0.00445157848299, -0.00650634104386, 0.0146816698834, -0.0054579898715, 0.0042606103234, -0.0040248609148], [-2.61361328739e-05, -0.000163187214639, -0.000164449724252, 0.00105168879963, 0.000204602300073, -0.00033507446642, -0.000280205160379, -0.00383399636485, 0.00310819968581, -0.0054579898715, 0.0143000045791, -0.00547438068315, 0.00371980201453], [0.000187904865015, -0.000309629889671, 7.64248834457e-05, 5.8671059378e-05, -0.000389104126953, -0.000758691166993, -0.000177448397153, 0.00121461146045, -0.00216406583786, 0.0042606103234, -0.00547438068315, 0.016738511622, -0.00617754319683], [0.000197705783648, -0.000161100790137, -0.000321612402331, -0.000568392395508, 0.000104023427411, -0.000374800380087, 0.000147300088429, -0.000219953537453, 0.000790870632045, -0.0040248609148, 0.00371980201453, -0.00617754319683, 0.0167089700699]], "mean": [-704.780761719, 136.231292725, -0.64631074667, 15.4455595016, 2.63878631592, 13.0581521988, -0.474806427956, -2.39033126831, -2.77562856674, 0.707740902901, 0.493473470211, -4.23894834518, -1.90517294407]}, "pitch_salience": {"dmean": 0.063219204545, "dmean2": 0.101384676993, "dvar": 0.00332570355386, "dvar2": 0.00866038538516, "max": 0.952767670155, "mean": 0.575996279716, "median": 0.579286634922, "min": 0.127528935671, "var": 0.00960003957152}, "silence_rate_20dB": {"dmean": 0, "dmean2": 0, "dvar": 0, "dvar2": 0, "max": 1, "mean": 1, "median": 1, "min": 1, "var": 0}, "silence_rate_30dB": {"dmean": 0.00335195520893, "dmean2": 0.00670453486964, "dvar": 0.00334083731286, "dvar2": 0.00926735810935, "max": 1, "mean": 0.997672498226, "median": 1, "min": 0, "var": 0.00232221512124}, "silence_rate_60dB": {"dmean": 0.0567970201373, "dmean2": 0.113604620099, "dvar": 0.0535751581192, "dvar2": 0.113548435271, "max": 1, "mean": 0.222977370024, "median": 0, "min": 0, "var": 0.17325989902}, "spectral_centroid": {"dmean": 233.071182251, "dmean2": 348.588256836, "dvar": 95953.828125, "dvar2": 186455.40625, "max": 11518.3896484, "mean": 1200.1418457, "median": 1066.62597656, "min": 180.650177002, "var": 579840.1875}, "spectral_complexity": {"dmean": 3.12364983559, "dmean2": 4.41083908081, "dvar": 16.4430122375, "dvar2": 29.464630127, "max": 54, "mean": 13.9812870026, "median": 12, "min": 0, "var": 91.4619216919}, "spectral_contrast_coeffs": {"dmean": [0.0506996549666, 0.0453948974609, 0.0376707091928, 0.0322134308517, 0.0223157312721, 0.0177485123277], "dmean2": [0.0827630013227, 0.0739096179605, 0.0590497329831, 0.0493045970798, 0.0338905118406, 0.0273722819984], "dvar": [0.00243483204395, 0.00152782420628, 0.0009857325349, 0.000746477977373, 0.000420779222623, 0.000301329622744], "dvar2": [0.00620042718947, 0.00398172903806, 0.00234388164245, 0.00165120919701, 0.000835714570712, 0.000652694143355], "max": [-0.244723707438, -0.431819558144, -0.493300557137, -0.513835251331, -0.522343039513, -0.607392549515], "mean": [-0.652995705605, -0.732449054718, -0.757725358009, -0.76487839222, -0.802332878113, -0.777774989605], "median": [-0.662353277206, -0.733714818954, -0.761741518974, -0.767595469952, -0.810986578465, -0.777988493443], "min": [-0.97119730711, -0.982568383217, -0.970559239388, -0.970851421356, -0.963208496571, -0.963369607925], "var": [0.00744148390368, 0.00519324140623, 0.00481510767713, 0.00445782998577, 0.00318537070416, 0.00203603040427]}, "spectral_contrast_valleys": {"dmean": [0.417217373848, 0.42425185442, 0.38262283802, 0.363870918751, 0.346880584955, 0.400418162346], "dmean2": [0.633160531521, 0.657196104527, 0.571707069874, 0.525177121162, 0.452652484179, 0.474479168653], "dvar": [0.191165179014, 0.210045069456, 0.170849815011, 0.178034588695, 0.17815220356, 0.208295822144], "dvar2": [0.373417168856, 0.413563907146, 0.309436798096, 0.309197992086, 0.293238610029, 0.35658338666], "max": [-5.24819374084, -4.30106019974, -5.19927072525, -5.3484787941, -5.82213926315, -7.91302204132], "mean": [-7.68205785751, -7.31270742416, -7.93111896515, -8.27042579651, -8.38085079193, -10.9117870331], "median": [-7.39033651352, -7.10385036469, -7.7005572319, -8.01905059814, -8.09265995026, -10.6182403564], "min": [-27.9360752106, -27.8108959198, -27.6911849976, -27.4632987976, -27.3964214325, -27.3333683014], "var": [2.56276631355, 2.20403075218, 2.21484661102, 2.33482241631, 2.43957924843, 2.26929020882]}, "spectral_decrease": {"dmean": 2.24138507754e-09, "dmean2": 3.57526586114e-09, "dvar": 2.07201745497e-17, "dvar2": 5.31790776216e-17, "max": 1.36889301655e-15, "mean": -4.35707070423e-09, "median": -2.41352027253e-09, "min": -4.94698753073e-08, "var": 2.85499204666e-17}, "spectral_energy": {"dmean": 0.00887809228152, "dmean2": 0.0140289766714, "dvar": 0.000315128621878, "dvar2": 0.000802203314379, "max": 0.193229585886, "mean": 0.0176526587456, "median": 0.00992269068956, "min": 1.04366718823e-20, "var": 0.000458038615761}, "spectral_energyband_high": {"dmean": 0.000233725775615, "dmean2": 0.000301753403619, "dvar": 4.0969845827e-07, "dvar2": 6.32106491594e-07, "max": 0.0215985663235, "mean": 0.000433857872849, "median": 0.000109613152745, "min": 7.20984435171e-21, "var": 1.05720846477e-06}, "spectral_energyband_low": {"dmean": 0.00308128655888, "dmean2": 0.00532344169915, "dvar": 7.38647868275e-05, "dvar2": 0.000204858166398, "max": 0.105094306171, "mean": 0.00484508089721, "median": 0.00211291969754, "min": 1.87581309832e-23, "var": 6.47742854198e-05}, "spectral_energyband_middle_high": {"dmean": 0.0017025412526, "dmean2": 0.00227330462076, "dvar": 9.1927813628e-06, "dvar2": 1.59279679792e-05, "max": 0.0698337703943, "mean": 0.00444067129865, "median": 0.00191715697292, "min": 1.14393777571e-21, "var": 4.13340967498e-05}, "spectral_energyband_middle_low": {"dmean": 0.00591322733089, "dmean2": 0.00970435701311, "dvar": 0.00016362813767, "dvar2": 0.000424433557782, "max": 0.146216616035, "mean": 0.00882474053651, "median": 0.00404420960695, "min": 1.88995712191e-22, "var": 0.000179308888619}, "spectral_entropy": {"dmean": 0.178798541427, "dmean2": 0.25288683176, "dvar": 0.039376270026, "dvar2": 0.0761407390237, "max": 9.81478595734, "mean": 7.40684080124, "median": 7.50300598145, "min": 5.34449052811, "var": 0.26538965106}, "spectral_flux": {"dmean": 0.0259310081601, "dmean2": 0.0393880754709, "dvar": 0.00164078793023, "dvar2": 0.00321636092849, "max": 0.367563426495, "mean": 0.0646951720119, "median": 0.0472587868571, "min": 6.31863658618e-11, "var": 0.00335745350458}, "spectral_kurtosis": {"dmean": 2.33574581146, "dmean2": 3.746571064, "dvar": 12.5742940903, "dvar2": 29.9573688507, "max": 67.1568832397, "mean": 6.68622875214, "median": 4.54680538177, "min": -1.24265885353, "var": 46.2069358826}, "spectral_rms": {"dmean": 0.000849131087307, "dmean2": 0.00124854210299, "dvar": 1.86748616215e-06, "dvar2": 4.39786572315e-06, "max": 0.0137301376089, "mean": 0.00349647342227, "median": 0.00311137805693, "min": 3.19094316942e-12, "var": 4.99686166222e-06}, "spectral_rolloff": {"dmean": 377.28326416, "dmean2": 612.701904297, "dvar": 577232.875, "dvar2": 1210697.75, "max": 21791.6015625, "mean": 1542.6842041, "median": 1205.859375, "min": 107.666015625, "var": 4749460}, "spectral_skewness": {"dmean": 0.279313594103, "dmean2": 0.425784707069, "dvar": 0.110611908138, "dvar2": 0.242140695453, "max": 6.75485515594, "mean": 1.84239935875, "median": 1.67756009102, "min": -0.0907386764884, "var": 0.625198483467}, "spectral_spread": {"dmean": 606426.625, "dmean2": 816959.3125, "dvar": 646855589888, "dvar2": 1247539363840.0, "max": 417637