{"lowlevel": {"average_loudness": 0.924821317196, "barkbands": {"dmean": [2.11569204112e-05, 0.00248316279612, 0.00261646695435, 0.00329090701416, 0.00180504773743, 0.000654534320347, 0.000443803379312, 0.000391215580748, 0.000885342131369, 0.000415218790295, 0.000368581240764, 0.000546172843315, 0.000296615879051, 0.000415448739659, 0.000311056704959, 0.0002138906857, 0.000151071319124, 0.00023095717188, 0.000199830814381, 0.000279144238448, 0.000273990764981, 0.000214642946958, 0.000180748465937, 0.000226180854952, 0.000110163644422, 2.78321113001e-05, 2.01491684493e-06], "dmean2": [3.32525014528e-05, 0.00399444019422, 0.00447478611022, 0.00565308099613, 0.00299937045202, 0.00109039666131, 0.000717303482816, 0.00063577858964, 0.00139992765617, 0.000663008657284, 0.000607489375398, 0.000901543709915, 0.000479716807604, 0.000679406453855, 0.000501282571349, 0.000339835853083, 0.000240865410888, 0.000369323010091, 0.000317661470035, 0.000443086435553, 0.000422207260272, 0.00033280660864, 0.000265901559032, 0.000322076928569, 0.000163363380125, 4.1153984057e-05, 3.0670007618e-06], "dvar": [9.32362187456e-10, 4.67931022285e-05, 2.10430189327e-05, 5.06242322444e-05, 1.00651868706e-05, 1.4972081317e-06, 8.66318885073e-07, 9.33408045967e-07, 3.82501093554e-06, 8.36123945192e-07, 7.9631843164e-07, 1.53931102886e-06, 3.13409685759e-07, 6.31925445305e-07, 3.32017719984e-07, 1.69326526134e-07, 6.28712442108e-08, 1.95006862214e-07, 1.14339911761e-07, 5.35575566118e-07, 3.46014559227e-07, 2.09723211242e-07, 1.46554569369e-07, 5.88060061091e-07, 7.28183024989e-08, 4.62955052072e-09, 5.63699538436e-11], "dvar2": [2.26717133955e-09, 0.000103969658085, 5.72345416003e-05, 0.000136043963721, 2.77252456726e-05, 4.12726649301e-06, 2.12487861972e-06, 2.17904062083e-06, 9.05791421246e-06, 2.05454057323e-06, 2.0242341634e-06, 4.17698720412e-06, 7.88262582319e-07, 1.70519956555e-06, 8.14687894035e-07, 4.14407764993e-07, 1.54112356654e-07, 4.82871087115e-07, 2.7627757504e-07, 1.3968993926e-06, 7.92933576577e-07, 4.96550285334e-07, 3.10963883976e-07, 1.15852378713e-06, 1.66351867392e-07, 1.08489413009e-08, 1.06871719807e-10], "max": [0.000517204753123, 0.108228996396, 0.0423229187727, 0.0796848982573, 0.0466362945735, 0.0210190359503, 0.0170248709619, 0.0250882171094, 0.0494326613843, 0.0177567303181, 0.02390309982, 0.0192686654627, 0.00953198317438, 0.0171370860189, 0.0145734893158, 0.00910840649158, 0.00391536857933, 0.0101026250049, 0.00452789012343, 0.024912064895, 0.0200302768499, 0.0103045813739, 0.008266068995, 0.0251483935863, 0.00588192138821, 0.00130866887048, 0.000363700673915], "mean": [4.80623275507e-05, 0.00303528108634, 0.00349138770252, 0.00347155029885, 0.00290534598753, 0.0010708180489, 0.000677873264067, 0.000533474143595, 0.00136631249916, 0.000587898655795, 0.000545166141819, 0.000828293093946, 0.000462004420115, 0.000668021442834, 0.000516200903803, 0.000352242932422, 0.000250708166277, 0.000424338591984, 0.0003508720838, 0.000484164484078, 0.000464673212264, 0.000329205679009, 0.000258153682807, 0.000343472755048, 0.000149822342792, 4.02819932788e-05, 4.28788325735e-06], "median": [4.17464834754e-05, 0.00116990483366, 0.00193110574037, 0.00145506544504, 0.00192475621589, 0.000588250579312, 0.000305736321025, 0.000215871928958, 0.000404779362725, 0.000152535008965, 0.00016818381846, 0.000235282292124, 0.000191436120076, 0.000224921212066, 0.000226100979489, 0.000154756766278, 0.000123187783174, 0.000231034835451, 0.000215290434426, 0.000229130426305, 0.000110935347038, 7.42298288969e-05, 5.56079903618e-05, 4.14850292145e-05, 3.19389400829e-05, 7.62332501836e-06, 2.4516459689e-06], "min": [5.15760063987e-26, 6.85782422888e-24, 2.86594034614e-24, 1.01425929177e-23, 2.60644691795e-23, 1.09426666918e-23, 2.54857955293e-23, 2.93713930268e-23, 2.61544214108e-23, 3.80217766562e-23, 7.54977120531e-23, 1.04322695841e-22, 5.13324286584e-23, 8.55009605805e-23, 9.69534096997e-23, 7.90544649937e-23, 1.82050959435e-22, 1.5516362629e-22, 2.03791764035e-22, 2.47545031686e-22, 3.6572992583e-22, 4.91079368312e-22, 6.14852628839e-22, 8.49559523583e-22, 1.52481012012e-21, 1.59296527895e-21, 2.07689421007e-21], "var": [1.43013323406e-09, 5.09135388711e-05, 2.18958339246e-05, 4.1715145926e-05, 1.18188063425e-05, 2.13836938201e-06, 1.47636978909e-06, 1.38426901231e-06, 9.85451151791e-06, 1.40691645356e-06, 1.3707896187e-06, 2.70160262517e-06, 5.96137965658e-07, 1.18267769267e-06, 7.3087801411e-07, 3.59568645081e-07, 1.26063270045e-07, 3.69379165477e-07, 1.79940641942e-07, 7.03914508904e-07, 9.03368913896e-07, 3.89881222418e-07, 3.06399925876e-07, 1.42943804349e-06, 1.10273980169e-07, 7.6402324467e-09, 1.09502552859e-10]}, "barkbands_crest": {"dmean": 2.47632241249, "dmean2": 4.08505725861, "dvar": 5.79027891159, "dvar2": 14.3221187592, "max": 25.7449417114, "mean": 8.31393051147, "median": 7.64433765411, "min": 2.00182414055, "var": 12.4943304062}, "barkbands_flatness_db": {"dmean": 0.0213967710733, "dmean2": 0.0337474159896, "dvar": 0.000487224548124, "dvar2": 0.00106895144563, "max": 0.312507688999, "mean": 0.102962009609, "median": 0.0987142696977, "min": 0.0216629933566, "var": 0.00143121206202}, "barkbands_kurtosis": {"dmean": 2.44572997093, "dmean2": 3.99521327019, "dvar": 22.3428516388, "dvar2": 52.4855079651, "max": 121.8436203, "mean": 2.5281484127, "median": 0.510173559189, "min": -1.96219968796, "var": 36.6230201721}, "barkbands_skewness": {"dmean": 0.585079908371, "dmean2": 0.906128585339, "dvar": 0.39529505372, "dvar2": 0.849354147911, "max": 10.2057504654, "mean": 1.2189745903, "median": 1.08687150478, "min": -3.36934494972, "var": 1.46980857849}, "barkbands_spread": {"dmean": 7.9061756134, "dmean2": 12.3301820755, "dvar": 78.8996124268, "dvar2": 169.697113037, "max": 112.763572693, "mean": 30.2935028076, "median": 26.7230510712, "min": 1.42235279083, "var": 292.134552002}, "dissonance": {"dmean": 0.0133584821597, "dmean2": 0.0226046275347, "dvar": 0.000198449066374, "dvar2": 0.000533286482096, "max": 0.5, "mean": 0.476429432631, "median": 0.481280058622, "min": 0.296712636948, "var": 0.000382283004001}, "dynamic_complexity": 3.4514067173, "erbbands": {"dmean": [0.0397883988917, 0.681258380413, 2.62565422058, 7.31320333481, 9.59976577759, 4.7629032135, 4.76407146454, 5.49816703796, 5.40957355499, 7.85247182846, 9.87888526917, 17.4028759003, 20.4553050995, 10.8797740936, 15.4629116058, 20.8929023743, 12.0761966705, 22.4523353577, 14.9873447418, 14.6589899063, 10.6379785538, 7.90592241287, 10.5939035416, 11.5465602875, 10.1847238541, 13.6000471115, 12.7804021835, 9.90498161316, 8.19315052032, 5.640001297, 5.33388900757, 4.87226295471, 3.79149198532, 1.60517013073, 0.630587875843, 0.207255333662, 0.0343064665794, 0.00434650899842, 0.00032076658681, 2.02551218536e-05], "dmean2": [0.063162393868, 1.10911226273, 4.46854734421, 12.5065736771, 16.1362457275, 7.97795009613, 7.87982749939, 9.25025844574, 8.86923599243, 12.6216001511, 15.9143390656, 27.3384685516, 32.1567649841, 17.6202068329, 25.6815185547, 34.4701118469, 19.4785194397, 36.5341529846, 24.2918453217, 23.3538837433, 16.8810482025, 12.3921909332, 16.7384738922, 18.3122158051, 16.2147655487, 21.4404258728, 19.7991428375, 15.1227903366, 12.7149753571, 8.63862228394, 7.83444738388, 6.8968911171, 5.66325759888, 2.37691092491, 0.94159334898, 0.309281408787, 0.0504923574626, 0.00638478063047, 0.000477809022414, 2.89437102765e-05], "dvar": [0.0154883190989, 3.25277471542, 21.307756424, 229.392425537, 329.222930908, 70.8833084106, 69.5923690796, 111.780853271, 99.9790344238, 309.317077637, 647.206237793, 1684.42907715, 1991.4588623, 525.685424805, 1463.30004883, 2300.51708984, 501.453338623, 1871.27453613, 838.854980469, 802.696228027, 395.860443115, 172.603088379, 314.716674805, 506.443511963, 301.280334473, 1298.92626953, 910.99029541, 485.187469482, 321.339813232, 133.073043823, 137.802246094, 295.739501953, 198.539047241, 16.8371753693, 2.7493083477, 0.265953242779, 0.00655444385484, 0.000192778723431, 1.16073272238e-06, 1.45742307112e-09], "dvar2": [0.0327083133161, 7.43281555176, 56.5290489197, 621.368835449, 887.224731445, 197.223129272, 185.988265991, 310.195343018, 252.991577148, 756.985412598, 1512.18579102, 3914.05273438, 4869.04052734, 1322.7199707, 4052.43701172, 6263.66162109, 1269.69140625, 5055.94287109, 2127.94311523, 2014.7746582, 960.943115234, 419.568939209, 783.845336914, 1225.61206055, 738.976074219, 3278.60131836, 2089.15161133, 1175.95605469, 764.261962891, 315.075775146, 288.527496338, 547.438354492, 466.633270264, 37.4096679688, 6.66434288025, 0.637259662151, 0.0151964556426, 0.000366870168364, 2.22543508244e-06, 2.83631096387e-09], "max": [2.08660435677, 27.2402763367, 43.0809936523, 163.745269775, 237.851882935, 124.569526672, 112.989784241, 181.47328186, 207.01083374, 390.322723389, 658.148925781, 1201.81958008, 1152.26281738, 488.717559814, 1035.75085449, 813.697143555, 390.220489502, 764.338928223, 530.359680176, 771.342102051, 404.072174072, 204.649993896, 449.710632324, 449.504821777, 236.376831055, 1298.30004883, 848.321533203, 706.514465332, 456.208099365, 238.305389404, 291.293365479, 578.811035156, 627.945922852, 101.573997498, 42.8848190308, 9.44184398651, 2.22811436653, 0.661410331726, 0.0495010688901, 0.00126282556448], "mean": [0.0447848439217, 0.857716917992, 3.68357777596, 8.56490325928, 12.5126094818, 7.54862213135, 7.59790086746, 8.68012237549, 8.29926490784, 12.2103910446, 14.5234909058, 27.2458934784, 30.4348773956, 17.4080600739, 25.0614471436, 32.8542823792, 21.0547389984, 36.8507270813, 26.022102356, 25.2325439453, 18.7261695862, 14.3292379379, 20.2631645203, 21.2270355225, 19.0253276825, 23.5575351715, 22.0147705078, 15.5606946945, 12.5060081482, 8.37326526642, 7.71332454681, 7.2863779068, 5.40949583054, 2.2040040493, 0.831140100956, 0.288488060236, 0.0510327145457, 0.00888125877827, 0.000551246921532, 4.67016689072e-05], "median": [0.0162028521299, 0.360085338354, 2.05754995346, 4.32180595398, 6.86521816254, 4.83488082886, 4.4781165123, 4.44172000885, 4.33995056152, 5.32210445404, 5.8563337326, 8.75746536255, 8.17025756836, 6.56353759766, 9.49931049347, 10.2065868378, 9.51369285583, 12.943195343, 12.3406620026, 11.4120540619, 8.82784843445, 7.68354129791, 12.2210559845, 12.1843452454, 11.2815675735, 10.8019294739, 6.48426485062, 3.88265371323, 2.71600842476, 2.01703310013, 1.60063421726, 0.863248944283, 0.709481477737, 0.433030128479, 0.17386007309, 0.0576567687094, 0.00928146950901, 0.00427796784788, 0.000198508292669, 3.18550519296e-05], "min": [3.91629832314e-22, 7.71529896191e-22, 3.0951493032e-21, 1.77453069639e-20, 6.00259056512e-20, 8.87102739349e-20, 2.3598246339e-20, 1.30024688508e-19, 3.71739051486e-19, 7.74926786077e-19, 4.29534652023e-19, 6.05071399445e-19, 7.88418515458e-19, 2.91404811018e-18, 3.17712814772e-18, 4.31317986215e-18, 2.12635441174e-18, 4.0053102692e-18, 6.05126458655e-18, 3.67371010524e-18, 5.74480575013e-18, 9.47577329737e-18, 9.54455005658e-18, 1.15549678676e-17, 7.22747902165e-18, 1.31450513689e-17, 1.47560402057e-17, 1.44151177163e-17, 1.63570185028e-17, 1.47816480632e-17, 1.76603755612e-17, 1.62436765609e-17, 1.67497936362e-17, 1.18759395879e-17, 1.24365265065e-17, 5.01168756734e-18, 3.32593339042e-18, 1.25812940738e-18, 3.42090054898e-19, 2.70029055844e-20], "var": [0.0165221337229, 3.48555254936, 23.5636959076, 193.216873169, 319.982788086, 86.7490768433, 96.6396179199, 154.919692993, 156.556396484, 536.963928223, 1076.87768555, 4433.31689453, 3928.89379883, 996.144958496, 2315.57373047, 4040.33032227, 1017.32751465, 3570.24658203, 1542.75927734, 1853.50866699, 882.836791992, 371.338684082, 713.523925781, 862.064880371, 516.070678711, 1808.08728027, 2162.87524414, 973.397583008, 611.030334473, 230.468109131, 307.202728271, 753.837280273, 330.596923828, 28.1452579498, 3.46409797668, 0.382636159658, 0.0119627183303, 0.000431478430983, 2.33905552705e-06, 3.23022142368e-09]}, "erbbands_crest": {"dmean": 2.48839044571, "dmean2": 4.04669857025, "dvar": 5.65082168579, "dvar2": 14.249537468, "max": 27.1888637543, "mean": 7.76291227341, "median": 6.87432384491, "min": 2.12457132339, "var": 14.1128311157}, "erbbands_flatness_db": {"dmean": 0.0167365726084, "dmean2": 0.0233267024159, "dvar": 0.000239801825956, "dvar2": 0.000444607256213, "max": 0.314017683268, "mean": 0.136587664485, "median": 0.132224202156, "min": 0.0317035093904, "var": 0.0013445034856}, "erbbands_kurtosis": {"dmean": 0.855568766594, "dmean2": 1.32940208912, "dvar": 2.08326077461, "dvar2": 3.99613237381, "max": 31.9049034119, "mean": 0.194681212306, "median": -0.411463737488, "min": -1.75456678867, "var": 4.89720964432}, "erbbands_skewness": {"dmean": 0.362022340298, "dmean2": 0.557484567165, "dvar": 0.120914876461, "dvar2": 0.248390033841, "max": 2.97287225723, "mean": -0.10446087271, "median": -0.10898424685, "min": -4.84251785278, "var": 0.557671248913}, "erbbands_spread": {"dmean": 10.2649068832, "dmean2": 15.2922563553, "dvar": 108.913597107, "dvar2": 239.755599976, "max": 150.837020874, "mean": 45.4356994629, "median": 42.9816207886, "min": 3.99037742615, "var": 454.299713135}, "gfcc": {"cov": [[18173.1230469, 1041.93334961, -605.443664551, 652.45892334, -1069.54602051, 406.292999268, -607.264160156, -2.63521695137, -570.057128906, -27.59425354, -382.07019043, -225.07635498, -142.003692627], [1041.93334961, 1175.06384277, -187.759674072, -72.3393783569, 295.081604004, -216.122329712, 102.57183075, -84.7990188599, -15.963675499, -76.516166687, 48.9197731018, -82.3506393433, -27.0949516296], [-605.443664551, -187.759674072, 813.059997559, 219.237823486, -73.361656189, 49.8837165833, -150.862792969, -1.84657502174, -38.4999694824, 42.7929382324, -14.1797885895, 3.0538392067, -43.1989555359], [652.45892334, -72.3393783569, 219.237823486, 381.931488037, -59.5722770691, 16.8710899353, -86.2003707886, -16.367647171, -6.60544013977, 11.6690645218, -22.0055541992, -10.3884506226, -1.14203178883], [-1069.54602051, 295.081604004, -73.361656189, -59.5722770691, 381.091369629, -95.9231796265, 115.860855103, -17.6927223206, 66.3470993042, -30.4196510315, 46.6795425415, 9.22560024261, 7.38334798813], [406.292999268, -216.122329712, 49.8837165833, 16.8710899353, -95.9231796265, 243.236709595, 22.7578544617, 5.59723377228, -62.687953949, 8.32133960724, -8.77041149139, 2.68342804909, 1.42936599255], [-607.264160156, 102.57183075, -150.862792969, -86.2003707886, 115.860855103, 22.7578544617, 239.138793945, -5.31114625931, 16.0534896851, -4.57592105865, 19.4543476105, 4.21766471863, 5.12038087845], [-2.63521695137, -84.7990188599, -1.84657502174, -16.367647171, -17.6927223206, 5.59723377228, -5.31114625931, 132.687515259, 52.7581291199, -8.25299739838, -17.0109920502, -4.10267400742, 13.1385126114], [-570.057128906, -15.963675499, -38.4999694824, -6.60544013977, 66.3470993042, -62.687953949, 16.0534896851, 52.7581291199, 145.797027588, 5.34933757782, 20.9881801605, 13.8052959442, 19.780002594], [-27.59425354, -76.516166687, 42.7929382324, 11.6690645218, -30.4196510315, 8.32133960724, -4.57592105865, -8.25299739838, 5.34933757782, 88.2847213745, 12.888999939, 12.7317733765, -6.76171159744], [-382.07019043, 48.9197731018, -14.1797885895, -22.0055541992, 46.6795425415, -8.77041149139, 19.4543476105, -17.0109920502, 20.9881801605, 12.888999939, 94.795791626, 25.1466846466, 4.7607049942], [-225.07635498, -82.3506393433, 3.0538392067, -10.3884506226, 9.22560024261, 2.68342804909, 4.21766471863, -4.10267400742, 13.8052959442, 12.7317733765, 25.1466846466, 66.8351669312, 21.6375160217], [-142.003692627, -27.0949516296, -43.1989555359, -1.14203178883, 7.38334798813, 1.42936599255, 5.12038087845, 13.1385126114, 19.780002594, -6.76171159744, 4.7607049942, 21.6375160217, 52.0614204407]], "icov": [[0.00017958843091, -0.000461323274067, 0.000363083498087, -0.000380484794732, 0.000430114450864, -0.000520915782545, 0.000504466297571, -0.000360992795322, 0.000285157439066, -0.000260489439825, 0.000588279857766, -0.000546527036931, 0.00056865188526], [-0.000461323274067, 0.00281840376556, -0.000791524420492, 0.000962138175964, -0.00192880106624, 0.00260695954785, -0.00162355566863, 0.00142304203473, 0.000188573962077, 0.0014102444984, -0.00254309829324, 0.00361841334961, -0.00158445374109], [0.000363083498087, -0.000791524420492, 0.00250542256981, -0.00160641700495, 0.000480673479615, -0.00135108688846, 0.00192636915017, -0.00108622293919, 0.000958585063927, -0.00106309109833, 0.00114971899893, -0.00163466786034, 0.00274766446091], [-0.000380484794732, 0.000962138175964, -0.00160641700495, 0.00417219102383, -0.00069964613067, 0.000876118778251, -0.000430764135672, 0.00169531605206, -0.00128407566808, 0.000466430821689, -0.000676547526382, 0.00199700496159, -0.00230848928913], [0.000430114450864, -0.00192880106624, 0.000480673479615, -0.00069964613067, 0.00556291779503, -0.000489311874844, -0.000636554439552, -0.00020428589778, -0.00110652507283, 0.000642131140921, 0.000662140722852, -0.00234640040435, 0.00130998156965], [-0.000520915782545, 0.00260695954785, -0.00135108688846, 0.000876118778251, -0.000489311874844, 0.00807451177388, -0.00338359107263, 0.00030964819598, 0.00237394426949, 0.00122450198978, -0.00304016005248, 0.0029427385889, -0.00275156460702], [0.000504466297571, -0.00162355566863, 0.00192636915017, -0.000430764135672, -0.000636554439552, -0.00338359107263, 0.00761422188953, -0.000935793854296, 0.000303393142531, -0.00157494843006, 0.00187996029854, -0.0019195175264, 0.00209652003832], [-0.000360992795322, 0.00142304203473, -0.00108622293919, 0.00169531605206, -0.00020428589778, 0.00030964819598, -0.000935793854296, 0.0112217431888, -0.00524939969182, 0.00188887678087, 0.000619728292804, 0.00304840435274, -0.00291151087731], [0.000285157439066, 0.000188573962077, 0.000958585063927, -0.00128407566808, -0.00110652507283, 0.00237394426949, 0.000303393142531, -0.00524939969182, 0.0121120167896, -0.00166967022233, -0.00160662806593, -0.000441863230662, -0.00145822705235], [-0.000260489439825, 0.0014102444984, -0.00106309109833, 0.000466430821689, 0.000642131140921, 0.00122450198978, -0.00157494843006, 0.00188887678087, -0.00166967022233, 0.0138662885875, -0.00277246232145, -0.00074609881267, 0.00170400249772], [0.000588279857766, -0.00254309829324, 0.00114971899893, -0.000676547526382, 0.000662140722852, -0.00304016005248, 0.00187996029854, 0.000619728292804, -0.00160662806593, -0.00277246232145, 0.0159165579826, -0.00737143075094, 0.0027270289138], [-0.000546527036931, 0.00361841334961, -0.00163466786034, 0.00199700496159, -0.00234640040435, 0.0029427385889, -0.0019195175264, 0.00304840435274, -0.000441863230662, -0.00074609881267, -0.00737143075094, 0.0250149611384, -0.0109002310783], [0.00056865188526, -0.00158445374109, 0.00274766446091, -0.00230848928913, 0.00130998156965, -0.00275156460702, 0.00209652003832, -0.00291151087731, -0.00145822705235, 0.00170400249772, 0.0027270289138, -0.0109002310783, 0.0276384260505]], "mean": [-4.12708187103, 72.557182312, -114.239631653, 39.400932312, -53.2035293579, 14.5039892197, -34.0414199829, 4.98054075241, -29.850687027, 0.0929597467184, -18.8581218719, -6.93738365173, -15.8120737076]}, "hfc": {"dmean": 10.1658153534, "dmean2": 14.3438959122, "dvar": 283.417205811, "dvar2": 606.006530762, "max": 248.46282959, "mean": 25.1778793335, "median": 16.7127799988, "min": 1.1345637075e-16, "var": 725.898254395}, "melbands": {"dmean": [0.000532289093826, 0.00119115307461, 0.00132598483469, 0.000487741897814, 0.000164102923009, 0.000122637517052, 8.50788637763e-05, 8.37334664539e-05, 8.59612846398e-05, 0.000122098164866, 0.000101900965092, 4.38243987446e-05, 4.969631118e-05, 7.5886848208e-05, 2.84828311123e-05, 3.25078472088e-05, 4.32790511695e-05, 2.55476115854e-05, 2.40252466028e-05, 1.65355741046e-05, 1.26963950606e-05, 8.52721223055e-06, 9.11381903279e-06, 1.18323441711e-05, 9.74956765276e-06, 7.98102701083e-06, 7.98563542048e-06, 1.01091736724e-05, 9.60555098573e-06, 6.27953022558e-06, 5.85442558076e-06, 5.37299411008e-06, 3.47417335433e-06, 3.09970300805e-06, 3.1918455079e-06, 3.09435108647e-06, 3.05618118546e-06, 2.87270404442e-06, 2.11910855796e-06, 1.13826308734e-06], "dmean2": [0.000844419875648, 0.00197639758699, 0.00225004623644, 0.000810529687442, 0.000270630349405, 0.000205536867725, 0.000138607923873, 0.000134884830914, 0.000138672752655, 0.0001915130415, 0.000160256226081, 7.13954359526e-05, 8.23505833978e-05, 0.000124908663565, 4.67117934022e-05, 5.28671371285e-05, 7.0654132287e-05, 4.20625001425e-05, 3.87131076423e-05, 2.62406047113e-05, 2.03716444958e-05, 1.35702994157e-05, 1.46585371112e-05, 1.89416095964e-05, 1.56137411977e-05, 1.29712725538e-05, 1.27447874547e-05, 1.62240721693e-05, 1.52454967974e-05, 9.83008794719e-06, 9.02967894945e-06, 8.43011821416e-06, 5.4139650274e-06, 4.80009020976e-06, 4.83282792629e-06, 4.49593244412e-06, 4.35030869994e-06, 4.32154183727e-06, 3.21052380059e-06, 1.70045609593e-06], "dvar": [2.39823248194e-06, 5.00864962305e-06, 7.14896532372e-06, 7.64464004988e-07, 7.5303404401e-08, 5.44100480226e-08, 2.46749429778e-08, 3.0681050589e-08, 4.94463101575e-08, 7.79239996973e-08, 4.90095999339e-08, 9.74059410908e-09, 1.49230441338e-08, 3.26522524574e-08, 2.57876342502e-09, 3.66382013617e-09, 7.4188535315e-09, 2.72061417839e-09, 2.27473395675e-09, 1.09295039685e-09, 5.93186610942e-10, 2.06065858821e-10, 2.3860249887e-10, 4.95208596352e-10, 3.63882923793e-10, 1.96065205738e-10, 1.87412876884e-10, 9.43372602258e-10, 6.70122624058e-10, 1.7734767821e-10, 1.77303560722e-10, 1.55841173299e-10, 4.98442884189e-11, 4.28824024901e-11, 5.02810883207e-11, 7.53230464112e-11, 1.41642919615e-10, 1.22181320616e-10, 4.24378344965e-11, 7.98168735966e-12], "dvar2": [5.07673303218e-06, 1.23866966533e-05, 1.91001381609e-05, 2.08590336115e-06, 2.00738995204e-07, 1.50516356712e-07, 6.20273965524e-08, 7.56473639285e-08, 1.17281182099e-07, 1.82992621944e-07, 1.1928858612e-07, 2.4434122281e-08, 3.89673253665e-08, 8.91788189961e-08, 6.58835874745e-09, 9.43849531865e-09, 2.0028377179e-08, 7.08457070786e-09, 5.70612801454e-09, 2.76283906864e-09, 1.47222145586e-09, 5.02162422755e-10, 6.05785421826e-10, 1.25947352547e-09, 8.85950812712e-10, 4.89950802152e-10, 4.73555084035e-10, 2.43865949656e-09, 1.60718716113e-09, 4.39382752404e-10, 4.23536011818e-10, 3.66578045696e-10, 1.22547416659e-10, 1.03486386127e-10, 1.1414373613e-10, 1.41817585453e-10, 2.74447353732e-10, 2.85910684017e-10, 9.66980731598e-11, 1.81988400044e-11], "max": [0.0259989127517, 0.0248868446797, 0.0283844098449, 0.0123705454171, 0.00371997058392, 0.00402069883421, 0.00316411582753, 0.00355070829391, 0.00513576855883, 0.00648786500096, 0.00567588815466, 0.00236155209132, 0.00337915937416, 0.00277353683487, 0.00109800754581, 0.00108040426858, 0.00159315497149, 0.00109712744597, 0.001493027783, 0.000843698566314, 0.000522729824297, 0.000237019223277, 0.000380058598239, 0.000470877013868, 0.000361764192348, 0.000226472882787, 0.000215853200643, 0.0011541909771, 0.000652953691315, 0.000279000814771, 0.000440851261374, 0.000344340049196, 9.02204701561e-05, 0.000150788604515, 0.000209071993595, 0.000259045540588, 0.000375589559553, 0.000496884225868, 0.000196891429368, 6.91383611411e-05], "mean": [0.000633741961792, 0.00169677729718, 0.00165350409225, 0.000723182689399, 0.000270982825896, 0.000196729233721, 0.00013321613369, 0.000128232699353, 0.0001253215014, 0.000188601377886, 0.000149309475091, 6.54986361042e-05, 7.63733696658e-05, 0.000112508205348, 4.67007375846e-05, 5.16446052643e-05, 6.86493440298e-05, 3.96254545194e-05, 3.87667205359e-05, 2.67629802693e-05, 2.08166384255e-05, 1.40493202707e-05, 1.58449893206e-05, 2.09445934161e-05, 1.6758671336e-05, 1.32211116579e-05, 1.43948600453e-05, 1.58365874086e-05, 1.54498629854e-05, 9.86442773865e-06, 8.48911349749e-06, 7.76914657763e-06, 5.11103007739e-06, 4.31142325397e-06, 4.43340513812e-06, 4.30313411925e-06, 4.50620837e-06, 4.02639943786e-06, 2.82449832412e-06, 1.52422603605e-06], "median": [0.000242117472226, 0.000932464026846, 0.000897382560652, 0.000457133981399, 0.000172584506799, 0.000103307160316, 6.86642597429e-05, 5.72364042455e-05, 4.09949607274e-05, 5.69534022361e-05, 3.7030193198e-05, 2.14317042264e-05, 2.69212596322e-05, 2.82404325844e-05, 1.8689508579e-05, 2.17338238144e-05, 2.24806062761e-05, 1.6914877051e-05, 1.57778158609e-05, 1.1945998267e-05, 9.19672311284e-06, 6.73695512887e-06, 8.87912756298e-06, 1.10845321615e-05, 9.14592055778e-06, 7.78413868829e-06, 7.63649950386e-06, 6.6128141043e-06, 4.26296946898e-06, 2.4441151254e-06, 2.08290907722e-06, 1.5727371192e-06, 1.16870239708e-06, 1.04411162738e-06, 9.69472239376e-07, 6.21754224994e-07, 4.69637086553e-07, 4.87095690005e-07, 4.37025335032e-07, 3.33873174441e-07], "min": [2.41656099831e-24, 1.32236112593e-24, 8.46336127484e-24, 5.71083901092e-24, 8.72197453148e-25, 3.09961120146e-24, 5.4541842987e-24, 8.1292802592e-24, 3.0691907528e-24, 3.75474440602e-24, 3.26159609695e-24, 1.18204235436e-23, 1.07569270251e-23, 1.18457743777e-23, 7.13900107677e-24, 5.42547528377e-24, 7.179544583e-24, 1.00426079534e-23, 6.57460028694e-24, 4.35367679312e-24, 7.13597106204e-24, 9.76391838396e-24, 9.98154459732e-24, 7.27234223558e-24, 9.79301315186e-24, 7.4396470118e-24, 3.52325869541e-24, 8.98421142068e-24, 8.76426674511e-24, 8.01332559474e-24, 8.21144643337e-24, 7.15757165134e-24, 9.11996728272e-24, 7.44976573064e-24, 1.02963221866e-23, 1.02454595909e-23, 8.60005035933e-24, 1.15399795475e-23, 9.81499160554e-24, 9.89162944248e-24], "var": [2.65256903731e-06, 5.81933591093e-06, 6.26463770459e-06, 8.27439521345e-07, 1.06451935267e-07, 7.70840529185e-08, 4.06727274083e-08, 5.21857224101e-08, 9.88325865592e-08, 2.00628051061e-07, 9.68407505297e-08, 1.75168235472e-08, 2.52102374532e-08, 5.62006157168e-08, 4.9222634857e-09, 6.86367096492e-09, 1.36571296494e-08, 4.32255742311e-09, 4.99370456097e-09, 2.17615858666e-09, 1.18896970047e-09, 4.05470046427e-10, 4.88071083549e-10, 9.04656072276e-10, 5.94528259956e-10, 2.70695688087e-10, 3.5970315615e-10, 1.12224229909e-09, 1.34554334341e-09, 3.50349554923e-10, 3.22965570954e-10, 2.84040929666e-10, 8.531419321e-11, 6.77204473054e-11, 9.46309627881e-11, 1.82133308435e-10, 3.35553917985e-10, 2.03237843222e-10, 6.91150470189e-11, 1.2080948221e-11]}, "melbands_crest": {"dmean": 3.57411241531, "dmean2": 5.97160434723, "dvar": 10.4881868362, "dvar2": 27.4051094055, "max": 34.0839271545, "mean": 13.2557849884, "median": 12.7814006805, "min": 1.66882991791, "var": 22.9554748535}, "melbands_flatness_db": {"dmean": 0.0298830345273, "dmean2": 0.0467074550688, "dvar": 0.000987903797068, "dvar2": 0.00210609706119, "max": 0.43440335989, "mean": 0.1658269912, "median": 0.162441179156, "min": 0.00494533637539, "var": 0.00335893500596}, "melbands_kurtosis": {"dmean": 7.58391809464, "dmean2": 12.2901000977, "dvar": 187.629379272, "dvar2": 444.618743896, "max": 306.862518311, "mean": 11.9527225494, "median": 6.1471657753, "min": -1.89235556126, "var": 314.001739502}, "melbands_skewness": {"dmean": 0.857139289379, "dmean2": 1.33827066422, "dvar": 0.905273616314, "dvar2": 1.99922406673, "max": 13.5632553101, "mean": 2.61945295334, "median": 2.34116053581, "min": -1.53489804268, "var": 2.95627307892}, "melbands_spread": {"dmean": 11.2631177902, "dmean2": 17.4152164459, "dvar": 226.452850342, "dvar2": 425.172607422, "max": 262.116790771, "mean": 33.8820152283, "median": 27.2349357605, "min": 0.937472105026, "var": 833.583679199}, "mfcc": {"cov": [[10336.6416016, -69.9162750244, 362.651000977, 91.4735488892, -254.026657104, 165.801269531, 9.7690372467, -126.646583557, -64.103263855, -84.5104064941, -40.0143051147, -187.860336304, -207.954605103], [-69.9162750244, 1212.31030273, -376.590240479, 154.560699463, 83.0679779053, -32.8090553284, 107.133575439, -1.68888688087, -49.7400360107, 30.7552394867, 16.5764427185, -40.3249816895, 34.2392158508], [362.651000977, -376.590240479, 860.769348145, 81.3707351685, 79.4595336914, 39.6228103638, -49.7448654175, -68.6651153564, -47.4164886475, -34.7264518738, -25.9409942627, 26.6321868896, -16.1034374237], [91.4735488892, 154.560699463, 81.3707351685, 358.827850342, 101.114730835, 2.27594470978, -42.1021766663, -26.6791400909, 7.04727458954, -7.10394048691, -8.8141412735, 20.4068050385, 25.3017044067], [-254.026657104, 83.0679779053, 79.4595336914, 101.114730835, 228.880065918, -24.0705413818, -37.4441413879, 7.92807531357, -2.9759478569, 4.3327460289, -22.6403560638, 19.8557834625, 26.2684631348], [165.801269531, -32.8090553284, 39.6228103638, 2.27594470978, -24.0705413818, 178.307128906, 80.7239303589, -5.00534343719, -14.9078550339, -19.5187931061, 12.6769781113, -8.50704669952, -19.418510437], [9.7690372467, 107.133575439, -49.7448654175, -42.1021766663, -37.4441413879, 80.7239303589, 165.610214233, 33.9010314941, -11.7225799561, 0.827953755856, 18.1003723145, -25.3550872803, -15.9181022644], [-126.646583557, -1.68888688087, -68.6651153564, -26.6791400909, 7.92807531357, -5.00534343719, 33.9010314941, 109.283615112, 43.1375350952, 17.3987216949, -4.16278409958, 4.09598636627, 5.09574651718], [-64.103263855, -49.7400360107, -47.4164886475, 7.04727458954, -2.9759478569, -14.9078550339, -11.7225799561, 43.1375350952, 104.833961487, 30.9787445068, 2.10786914825, 1.98298442364, 0.152446717024], [-84.5104064941, 30.7552394867, -34.7264518738, -7.10394048691, 4.3327460289, -19.5187931061, 0.827953755856, 17.3987216949, 30.9787445068, 75.7725601196, 18.724407196, -0.999537706375, 0.309443503618], [-40.0143051147, 16.5764427185, -25.9409942627, -8.8141412735, -22.6403560638, 12.6769781113, 18.1003723145, -4.16278409958, 2.10786914825, 18.724407196, 62.6479568481, 9.16766452789, -0.823548913002], [-187.860336304, -40.3249816895, 26.6321868896, 20.4068050385, 19.8557834625, -8.50704669952, -25.3550872803, 4.09598636627, 1.98298442364, -0.999537706375, 9.16766452789, 78.022567749, 32.5680847168], [-207.954605103, 34.2392158508, -16.1034374237, 25.3017044067, 26.2684631348, -19.418510437, -15.9181022644, 5.09574651718, 0.152446717024, 0.309443503618, -0.823548913002, 32.5680847168, 64.851524353]], "icov": [[0.000112527828605, -2.55809991359e-05, -5.28782184119e-05, -5.94230186834e-05, 0.000147692699102, -8.18090629764e-05, 9.4462375273e-05, 8.10521760286e-06, 1.54852532432e-05, 5.55970582354e-05, 5.26655458088e-05, 0.000170027808053, 0.000237603569985], [-2.55809991359e-05, 0.00138429214712, 0.000660601363052, -0.000726711936295, -0.000570890144445, 0.000648403249215, -0.00130142562557, 0.000442320655566, 0.000898303813301, -0.000575026031584, -0.000101071702375, 0.000623758009169, -0.000608025118709], [-5.28782184119e-05, 0.000660601363052, 0.00170259410515, -0.000436522735981, -0.000744551653042, -8.5238207248e-05, -0.000348480854882, 0.000828031334095, 0.000715583970305, -0.000163336007972, 0.000441233016318, -0.000489735393785, 0.000450855382951], [-5.94230186834e-05, -0.000726711936295, -0.000436522735981, 0.0038577739615, -0.00120907602832, -0.000775407417677, 0.00102163979318, 0.000815034611151, -0.00138126930688, 0.000643280567601, -8.49549105624e-05, -0.000512619502842, -0.000719547620974], [0.000147692699102, -0.000570890144445, -0.000744551653042, -0.00120907602832, 0.00610927026719, -0.000137965733302, 0.00130708690267, -0.00147492892575, 0.000692223373335, -0.000846014067065, 0.00179425498936, -0.000331193761667, -0.000825820257887], [-8.18090629764e-05, 0.000648403249215, -8.5238207248e-05, -0.000775407417677, -0.000137965733302, 0.00845136400312, -0.00494899880141, 0.00129541684873, -0.000102041318314, 0.00175024021883, -0.00100504478905, -0.000750243081711, 0.00130252295639], [9.4462375273e-05, -0.00130142562557, -0.000348480854882, 0.00102163979318, 0.00130708690267, -0.00494899880141, 0.0114772515371, -0.00464482372627, 0.00172875321005, 2.69155389105e-05, -0.00218509626575, 0.00257468270138, 0.000350745511241], [8.10521760286e-06, 0.000442320655566, 0.000828031334095, 0.000815034611151, -0.00147492892575, 0.00129541684873, -0.00464482372627, 0.0139339342713, -0.00531735178083, -0.000923510175198, 0.00254614977166, -0.00191463099327, -0.000558800646104], [1.54852532432e-05, 0.000898303813301, 0.000715583970305, -0.00138126930688, 0.000692223373335, -0.000102041318314, 0.00172875321005, -0.00531735178083, 0.014196338132, -0.00485564768314, 0.000182189731277, 0.000616790028289, 0.000505536154378], [5.55970582354e-05, -0.000575026031584, -0.000163336007972, 0.000643280567601, -0.000846014067065, 0.00175024021883, 2.69155389105e-05, -0.000923510175198, -0.00485564768314, 0.0176091641188, -0.00575997494161, 0.00101201771758, 0.000482283037854], [5.26655458088e-05, -0.000101071702375, 0.000441233016318, -8.49549105624e-05, 0.00179425498936, -0.00100504478905, -0.00218509626575, 0.00254614977166, 0.000182189731277, -0.00575997494161, 0.0202143415809, -0.00436729006469, 0.00107781589031], [0.000170027808053, 0.000623758009169, -0.000489735393785, -0.000512619502842, -0.000331193761667, -0.000750243081711, 0.00257468270138, -0.00191463099327, 0.000616790028289, 0.00101201771758, -0.00436729006469, 0.0188696198165, -0.00855175871402], [0.000237603569985, -0.000608025118709, 0.000450855382951, -0.000719547620974, -0.000825820257887, 0.00130252295639, 0.000350745511241, -0.000558800646104, 0.000505536154378, 0.000482283037854, 0.00107781589031, -0.00855175871402, 0.022054804489]], "mean": [-640.554138184, 101.688194275, -0.164059102535, 27.1135501862, 4.55233860016, 8.80956554413, 7.03206682205, 1.10802102089, -2.6143655777, 3.29640722275, -1.83498263359, -3.65067219734, -4.2833480835]}, "pitch_salience": {"dmean": 0.0770699605346, "dmean2": 0.125586315989, "dvar": 0.00526121165603, "dvar2": 0.0133646745235, "max": 0.924427509308, "mean": 0.584779977798, "median": 0.591858267784, "min": 0.0909356623888, "var": 0.0123957032338}, "silence_rate_20dB": {"dmean": 0, "dmean2": 0, "dvar": 0, "dvar2": 0, "max": 1, "mean": 1, "median": 1, "min": 1, "var": 0}, "silence_rate_30dB": {"dmean": 0.00211892463267, "dmean2": 0.00423841038719, "dvar": 0.00211453065276, "dvar2": 0.00528015149757, "max": 1, "mean": 0.998410999775, "median": 1, "min": 0, "var": 0.00158658798318}, "silence_rate_60dB": {"dmean": 0.0153622040525, "dmean2": 0.030728476122, "dvar": 0.0151267163455, "dvar2": 0.0326998122036, "max": 1, "mean": 0.0869968235493, "median": 0, "min": 0, "var": 0.0794284641743}, "spectral_centroid": {"dmean": 337.979370117, "dmean2": 528.258789062, "dvar": 137423.25, "dvar2": 280114.03125, "max": 11690.2265625, "mean": 1739.40979004, "median": 1619.44970703, "min": 277.370117188, "var": 592129.875}, "spectral_complexity": {"dmean": 5.15719795227, "dmean2": 7.36662244797, "dvar": 42.3519058228, "dvar2": 71.8966140747, "max": 62, "mean": 21.6480407715, "median": 19, "min": 0, "var": 176.092773438}, "spectral_contrast_coeffs": {"dmean": [0.054529953748, 0.0469278506935, 0.0406342707574, 0.0309891290963, 0.0215499438345, 0.0204323492944], "dmean2": [0.0908764600754, 0.0782990306616, 0.0656166374683, 0.050084207207, 0.0346178151667, 0.0319861285388], "dvar": [0.00218492303975, 0.00138207653072, 0.00107674917672, 0.000643494247925, 0.000321257859468, 0.000364668580005], "dvar2": [0.00582536123693, 0.00376062863506, 0.00267971679568, 0.00161495280918, 0.000769330887124, 0.000850318407174], "max": [-0.363586425781, -0.476528346539, -0.455443590879, -0.530061602592, -0.624595105648, -0.582933962345], "mean": [-0.630610108376, -0.761892914772, -0.772615492344, -0.788630545139, -0.793534994125, -0.761640846729], "median": [-0.625605225563, -0.76705467701, -0.783563375473, -0.791899561882, -0.795041322708, -0.763110637665], "min": [-0.954634904861, -0.965940356255, -0.965232253075, -0.96306014061, -0.960995256901, -0.959745526314], "var": [0.00644124206156, 0.00446618441492, 0.00566508900374, 0.00265680719167, 0.00157940620556, 0.00216707750224]}, "spectral_contrast_valleys": {"dmean": [0.417760819197, 0.387855798006, 0.358849942684, 0.316830635071, 0.292320400476, 0.411713331938], "dmean2": [0.666639626026, 0.60828602314, 0.540652036667, 0.464287728071, 0.401475280523, 0.502272963524], "dvar": [0.165795490146, 0.146465063095, 0.151433795691, 0.132430061698, 0.136982515454, 0.247069746256], "dvar2": [0.331408411264, 0.284029364586, 0.263370513916, 0.213202178478, 0.204942777753, 0.360571056604], "max": [-5.22564888, -4.78021526337, -4.87291097641, -5.49498176575, -5.44637680054, -7.09846782684], "mean": [-7.4374833107, -7.00089693069, -7.44624614716, -7.63784170151, -7.37051391602, -9.9572687149], "median": [-7.13015222549, -6.7539730072, -7.25946712494, -7.41117954254, -7.14772129059, -9.82369804382], "min": [-27.7390861511, -27.5894165039, -27.376203537, -27.5686435699, -27.4261684418, -27.3094730377], "var": [2.36286640167, 1.9383263588, 1.89924144745, 1.7835714817, 1.71540033817, 2.07370400429]}, "spectral_decrease": {"dmean": 2.39618769271e-09, "dmean2": 3.66041352784e-09, "dvar": 1.31653942217e-17, "dvar2": 2.9235610181e-17, "max": 6.47560989515e-18, "mean": -5.66371971544e-09, "median": -4.50675496921e-09, "min": -3.68885118007e-08, "var": 2.31672792041e-17}, "spectral_energy": {"dmean": 0.00963409338146, "dmean2": 0.0145439505577, "dvar": 0.000204037874937, "dvar2": 0.000446515070507, "max": 0.144701078534, "mean": 0.0236598923802, "median": 0.019164538011, "min": 1.04406858085e-20, "var": 0.000383432081435}, "spectral_energyband_high": {"dmean": 0.0010384399211, "dmean2": 0.00150177627802, "dvar": 4.26143606092e-06, "dvar2": 9.28439112613e-06, "max": 0.0384511835873, "mean": 0.00187689776067, "median": 0.000530219986103, "min": 7.59971218431e-21, "var": 1.01579335023e-05}, "spectral_energyband_low": {"dmean": 0.00567293493077, "dmean2": 0.0091327726841, "dvar": 0.000105484745291, "dvar2": 0.000240762281464, "max": 0.119396291673, "mean": 0.00834145303816, "median": 0.0048592844978, "min": 1.10149129401e-23, "var": 0.000131310836878}, "spectral_energyband_middle_high": {"dmean": 0.00183503550943, "dmean2": 0.00279762898572, "dvar": 6.56999509374e-06, "dvar2": 1.54339377332e-05, "max": 0.0466599278152, "mean": 0.0049645351246, "median": 0.00328753050417, "min": 1.21344487805e-21, "var": 2.55730283243e-05}, "spectral_energyband_middle_low": {"dmean": 0.00557347992435, "dmean2": 0.00905237626284, "dvar": 9.07570138224e-05, "dvar2": 0.000228923658142, "max": 0.0989100337029, "mean": 0.0103378482163, "median": 0.0075846449472, "min": 1.92289591435e-22, "var": 0.000114868176752}, "spectral_entropy": {"dmean": 0.160738825798, "dmean2": 0.233797028661, "dvar": 0.0312028806657, "dvar2": 0.056411318481, "max": 9.79968738556, "mean": 7.80659818649, "median": 7.78779029846, "min": 6.31565713882, "var": 0.131739243865}, "spectral_flux": {"dmean": 0.0248043872416, "dmean2": 0.0368146374822, "dvar": 0.000940743077081, "dvar2": 0.00183497171383, "max": 0.292043119669, "mean": 0.0839437320828, "median": 0.0757625252008, "min": 1.05093586611e-10, "var": 0.00249166390859}, "spectral_kurtosis": {"dmean": 1.14816129208, "dmean2": 1.83236503601, "dvar": 1.7499525547, "dvar2": 4.46139335632, "max": 26.245798111, "mean": 3.29048252106, "median": 2.98757410049, "min": -1.26602292061, "var": 4.80768346786}, "spectral_rms": {"dmean": 0.000872317701578, "dmean2": 0.00126967031974, "dvar": 1.11577037387e-06, "dvar2": 2.24009863814e-06, "max": 0.0118815731257, "mean": 0.00437985686585, "median": 0.00432401522994, "min": 3.19155682785e-12, "var": 3.89961542169e-06}, "spectral_rolloff": {"dmean": 771.361206055, "dmean2": 1283.66357422, "dvar": 1433915.375, "dvar2": 3006151.5, "max": 18884.6191406, "mean": 2266.90625, "median": 1550.390625, "min": 21.533203125, "var": 6066480.5}, "spectral_skewness": {"dmean": 0.188543826342, "dmean2": 0.28940397501, "dvar": 0.0351146198809, "dvar2": 0.0788495689631, "max": 3.440554142, "mean": 1.25509631634, "median": 1.24662935734, "min": -0.213240593672, "var": 0.169375419617}, "spectral_spread": {"dmean": 629900.9375, "dmean2": 866308.4375, "dvar": 766777294848, "dvar2": 1230665678850.0, "max": 39672844, "mean": 4906323, "median