{"lowlevel": {"average_loudness": 0.934661448002, "barkbands": {"dmean": [7.85388601798e-06, 0.000806597992778, 0.000651455309708, 0.000350032438291, 0.000604101922363, 0.000201432849281, 0.000137850511237, 0.00020044996927, 0.000198806679691, 0.000151066677063, 0.000151612213813, 0.000210035970667, 0.000160603172844, 0.000153853499796, 0.000242979484028, 0.000222871021833, 0.00036676749005, 0.000350535527105, 0.000348616362317, 0.000257049250649, 0.000186614328413, 8.4739192971e-05, 5.34704886377e-05, 3.67118955182e-05, 1.93399391719e-05, 5.92755350226e-06, 2.7915345413e-07], "dmean2": [1.26849790831e-05, 0.00125494331587, 0.00118030200247, 0.000554942293093, 0.000999886309728, 0.000296174373943, 0.000207285775105, 0.000308866467094, 0.000312624324579, 0.000234963881667, 0.000236715641222, 0.000320718158036, 0.000248449883657, 0.000244782422669, 0.000373596849386, 0.000343212857842, 0.000565329566598, 0.000539754691999, 0.00048549802159, 0.000386903819162, 0.000273740355624, 0.000130036831251, 8.47912306199e-05, 5.72650205868e-05, 3.02455882775e-05, 9.01774092199e-06, 4.73036266158e-07], "dvar": [2.56702270551e-10, 3.57088788405e-06, 2.87221337203e-06, 3.99591698397e-07, 9.1534832336e-07, 9.68218287767e-08, 6.14060056137e-08, 1.3601344051e-07, 1.73833740291e-07, 7.22296391586e-08, 7.63956222727e-08, 1.83768747775e-07, 1.04344508145e-07, 9.0872418923e-08, 3.01653358292e-07, 2.28340240938e-07, 9.09410573513e-07, 1.00437193851e-06, 1.10081930416e-06, 3.36885278784e-07, 1.23503241412e-07, 4.529760389e-08, 1.81687180856e-08, 8.94141027885e-09, 3.09724557113e-09, 2.65922422971e-10, 2.021613996e-12], "dvar2": [6.07835448641e-10, 8.81342293724e-06, 8.29226701171e-06, 9.11886729682e-07, 2.44224588641e-06, 2.12710162373e-07, 1.32106691808e-07, 3.0722449651e-07, 4.22086600338e-07, 1.7103184291e-07, 1.82150614592e-07, 3.95604388359e-07, 2.42101663162e-07, 2.29187435252e-07, 6.39863003471e-07, 5.14495241077e-07, 2.1133437258e-06, 2.15457180275e-06, 2.19208163799e-06, 7.89077887475e-07, 2.64867850319e-07, 1.15424036551e-07, 4.72616257241e-08, 2.28717063067e-08, 8.0898265864e-09, 6.83734291407e-10, 5.72773469279e-12], "max": [0.000311909709126, 0.0198368318379, 0.0159938037395, 0.00736865587533, 0.0122025245801, 0.00629696249962, 0.00999228190631, 0.00485451705754, 0.00808206573129, 0.00449741864577, 0.00374832632951, 0.00827957689762, 0.00562677066773, 0.006591768004, 0.013320505619, 0.00854375306517, 0.017131479457, 0.0334372259676, 0.0195920988917, 0.0120810680091, 0.00571734504774, 0.00350886606611, 0.00184811418876, 0.00120333395898, 0.000702443125192, 0.0002584735048, 5.00761343574e-05], "mean": [8.33083140606e-06, 0.000965044542681, 0.000705030921381, 0.000601640203968, 0.0010264031589, 0.000410431501223, 0.000258756335825, 0.000308725953801, 0.000291446922347, 0.000218917586608, 0.000218194603804, 0.000329917209456, 0.000225980926189, 0.000224881136091, 0.000369066779967, 0.000330117065459, 0.000520634639543, 0.000504305586219, 0.000479461858049, 0.000414049718529, 0.000317853293382, 0.000112290246761, 7.50897670514e-05, 4.96133288834e-05, 2.30694950005e-05, 7.2926836765e-06, 2.60126654439e-07], "median": [1.57035219672e-06, 0.000147795231896, 0.000219452340389, 0.000183495329111, 0.000633831135929, 0.000210165075259, 0.000103324229713, 0.00010810776439, 8.47495393828e-05, 6.26347682555e-05, 5.12547376275e-05, 6.27689878456e-05, 4.87223696837e-05, 5.46115006728e-05, 8.26706018415e-05, 6.47713532089e-05, 0.000108510823338, 9.1170615633e-05, 6.84821570758e-05, 8.55212201714e-05, 7.86284799688e-05, 2.92337736028e-05, 1.32366349135e-05, 1.38691011671e-05, 7.59186286814e-06, 2.44862781074e-06, 5.97118798851e-08], "min": [3.37727525174e-25, 3.45297473863e-24, 1.98910015074e-24, 8.27227944207e-25, 8.16581792975e-24, 1.24813635533e-23, 9.33828611596e-24, 7.4136051356e-24, 1.30988176056e-23, 3.29583277857e-23, 9.89141487232e-24, 1.62792791612e-23, 2.84905351628e-23, 6.15840105988e-23, 3.74631747829e-23, 6.56802560461e-23, 6.61593786055e-23, 1.01723620039e-22, 1.15735626184e-22, 1.71802267881e-22, 2.05120306773e-22, 3.16454821169e-22, 4.02300962038e-22, 5.50054761047e-22, 8.55849307218e-22, 1.36449389421e-21, 1.95097312742e-21], "var": [3.31256466701e-10, 3.99954797103e-06, 1.98629777515e-06, 7.74241755153e-07, 1.43964405197e-06, 2.72304930604e-07, 2.42257527816e-07, 2.63826564151e-07, 3.09599073489e-07, 1.41955524668e-07, 1.42534759107e-07, 4.92708579714e-07, 1.84422887628e-07, 1.44668902635e-07, 6.45760223961e-07, 4.37851184643e-07, 1.34318872824e-06, 2.32637921727e-06, 1.83537008525e-06, 5.90101819853e-07, 2.92275444735e-07, 5.10985422864e-08, 2.15015401039e-08, 9.59888701857e-09, 2.64514055104e-09, 2.41010794655e-10, 1.24387663798e-12]}, "barkbands_crest": {"dmean": 1.97694551945, "dmean2": 3.09503388405, "dvar": 3.60025787354, "dvar2": 8.34012031555, "max": 23.016084671, "mean": 7.64551925659, "median": 6.84636831284, "min": 2.05775570869, "var": 11.3369369507}, "barkbands_flatness_db": {"dmean": 0.0199489574879, "dmean2": 0.0293277725577, "dvar": 0.000510163372383, "dvar2": 0.00115112808999, "max": 0.324996829033, "mean": 0.106119029224, "median": 0.096955254674, "min": 0.0187896676362, "var": 0.00178469566163}, "barkbands_kurtosis": {"dmean": 2.18182206154, "dmean2": 3.49184322357, "dvar": 18.6719074249, "dvar2": 46.1280822754, "max": 59.9786262512, "mean": 1.91731500626, "median": -0.427515983582, "min": -1.88947045803, "var": 31.8693294525}, "barkbands_skewness": {"dmean": 0.582012355328, "dmean2": 0.849172770977, "dvar": 0.52605766058, "dvar2": 1.13477420807, "max": 6.79529619217, "mean": 0.865352392197, "median": 0.61904078722, "min": -3.90978336334, "var": 1.81868135929}, "barkbands_spread": {"dmean": 7.21222305298, "dmean2": 10.9934902191, "dvar": 70.8639068604, "dvar2": 162.324325562, "max": 142.454788208, "mean": 30.3642807007, "median": 29.5103759766, "min": 2.69112539291, "var": 204.477539062}, "dissonance": {"dmean": 0.0114097790793, "dmean2": 0.0189437847584, "dvar": 0.00012762278493, "dvar2": 0.000344389438396, "max": 0.500000119209, "mean": 0.477384239435, "median": 0.481365859509, "min": 0.342658936977, "var": 0.0002929319744}, "dynamic_complexity": 4.38114738464, "erbbands": {"dmean": [0.0116030909121, 0.219726726413, 0.714614868164, 0.939502716064, 1.48557841778, 2.49419164658, 1.45251786709, 1.76954984665, 2.2646625042, 2.48023462296, 4.86777877808, 4.19315814972, 5.15846204758, 4.41527938843, 6.19920635223, 9.49638175964, 7.36503505707, 8.27638053894, 8.55462837219, 14.329659462, 12.4088506699, 18.7272796631, 17.7504959106, 20.9217586517, 13.9757423401, 12.9372596741, 9.4203748703, 5.88160181046, 3.35166883469, 2.01133918762, 1.42619144917, 0.897986710072, 0.533280134201, 0.257709085941, 0.121998004615, 0.0405393838882, 0.00786849204451, 0.000999095849693, 4.28843050031e-05, 6.20059154244e-06], "dmean2": [0.0182817298919, 0.344300597906, 1.27695906162, 1.49796009064, 2.4126727581, 4.15926027298, 2.29491019249, 2.59644126892, 3.33911848068, 3.77461862564, 7.43637371063, 6.55146503448, 8.11146450043, 6.84162712097, 9.56149768829, 14.3585062027, 11.3460435867, 12.9879560471, 13.3987751007, 21.4878120422, 18.6738567352, 29.0897636414, 26.8358516693, 29.7395019531, 20.2624320984, 19.3738250732, 13.9099960327, 8.69905567169, 5.08986663818, 3.16798424721, 2.27793121338, 1.41559159756, 0.831499993801, 0.41275280714, 0.187128260732, 0.0614127591252, 0.0121803898364, 0.00156102131587, 6.99062075e-05, 8.17679028842e-06], "dvar": [0.000773524516262, 0.266596436501, 3.33512210846, 3.30835938454, 5.39479923248, 17.4443874359, 6.02540636063, 8.43987083435, 17.4473953247, 16.1669445038, 101.553520203, 68.9736175537, 88.0824279785, 77.9042663574, 128.007720947, 394.635131836, 195.72718811, 231.805755615, 309.617095947, 1410.39807129, 708.012268066, 2484.25244141, 2578.03662109, 4255.16015625, 1452.03820801, 1015.20458984, 296.539764404, 150.739929199, 68.7944412231, 26.6364841461, 13.4216098785, 5.34527587891, 2.06966924667, 0.601946532726, 0.109322801232, 0.0116752283648, 0.000531487981789, 1.04380651464e-05, 7.71292221202e-08, 1.16227381886e-10], "dvar2": [0.00195659603924, 0.660193443298, 9.44749069214, 8.08663845062, 13.5311431885, 46.7399787903, 14.7609710693, 18.7708415985, 36.5693740845, 36.079082489, 221.772445679, 165.608703613, 213.738372803, 183.528030396, 304.446838379, 830.225830078, 457.190155029, 569.112670898, 697.538574219, 2811.81445312, 1583.66003418, 5917.30273438, 5522.09667969, 8521.39746094, 2942.0090332, 2385.47851562, 613.156738281, 351.031280518, 173.240936279, 70.4479904175, 35.1839866638, 13.8016834259, 5.28674459457, 1.58988010883, 0.282020360231, 0.0296376273036, 0.00140465423465, 2.77308135992e-05, 2.19967461135e-07, 2.47645071116e-10], "max": [0.214421853423, 5.51605033875, 17.5336227417, 19.1821842194, 31.4983901978, 48.5307693481, 30.3640575409, 72.9663619995, 153.096359253, 74.732749939, 137.400115967, 176.882095337, 165.506988525, 149.124603271, 142.122070312, 417.292602539, 189.343902588, 254.142990112, 481.011688232, 955.49786377, 369.544403076, 1092.72143555, 1715.75231934, 1064.79675293, 1036.47717285, 693.121276855, 250.975372314, 264.009002686, 132.193695068, 68.5323028564, 60.6270599365, 29.7714653015, 20.812795639, 11.1781835556, 4.88391590118, 1.44325435162, 0.437318086624, 0.0575683489442, 0.0122915375978, 0.000231622936553], "mean": [0.0125905303285, 0.269880086184, 0.80552482605, 1.58525252342, 2.65725469589, 3.81033706665, 2.46974492073, 3.6804690361, 4.38702392578, 4.69979810715, 7.15622377396, 6.42775344849, 7.35318756104, 6.7061753273, 9.42111492157, 15.3146276474, 11.4233379364, 12.783364296, 13.5436897278, 22.3512954712, 19.5761699677, 26.683549881, 27.0950527191, 29.636472702, 21.0050945282, 20.4370517731, 16.6841239929, 9.1199464798, 4.60380077362, 2.7591881752, 1.96001851559, 1.2290956974, 0.692194879055, 0.296954363585, 0.151281103492, 0.0504508018494, 0.00948770251125, 0.00115069712047, 4.65725825052e-05, 1.37668976095e-05], "median": [0.00183998758439, 0.0510886870325, 0.294216275215, 0.636506915092, 1.62100112438, 1.84596085548, 1.28077936172, 1.72826063633, 1.5376881361, 2.24186587334, 1.87791240215, 2.12835001945, 2.45408153534, 1.81638216972, 3.20751476288, 3.96775221825, 3.88119459152, 3.90765929222, 4.25173616409, 5.42081022263, 5.10208320618, 6.16161775589, 5.66413354874, 3.63789224625, 4.3127746582, 3.94768381119, 4.05915737152, 2.26532316208, 1.22112011909, 0.556959569454, 0.378781974316, 0.301993966103, 0.200083106756, 0.0895696654916, 0.0533387288451, 0.0170602258295, 0.00321800052188, 0.000370108551579, 1.56216974574e-05, 8.14539362182e-06], "min": [1.01483484469e-22, 6.5140882184e-22, 3.31097195335e-21, 3.86554344164e-21, 7.46400367285e-21, 1.80236968609e-20, 4.61010373596e-20, 1.26445477998e-19, 1.76567065499e-19, 2.00064513741e-19, 1.62217123307e-19, 3.64468444094e-19, 6.13119763408e-19, 8.82460989492e-19, 1.35938448277e-18, 8.56078012156e-19, 1.5871885759e-18, 2.68439382082e-18, 3.06939883308e-18, 3.33947557782e-18, 3.8386404068e-18, 4.85349878777e-18, 5.98739300837e-18, 6.14365776584e-18, 5.14906365552e-18, 6.93001081131e-18, 9.77725085214e-18, 1.05814664493e-17, 1.14945224716e-17, 1.14880233135e-17, 1.13366525701e-17, 1.01371869152e-17, 9.97787606509e-18, 8.12531574777e-18, 6.63405882303e-18, 4.37471713664e-18, 2.22370343687e-18, 1.00156724288e-18, 2.31608115822e-19, 2.86177317768e-20], "var": [0.000782300136052, 0.297831535339, 2.48017454147, 5.11410474777, 9.7970867157, 25.1303100586, 10.9409399033, 24.7977752686, 69.1236953735, 46.9289474487, 197.542282104, 121.426971436, 152.971878052, 171.253143311, 229.358398438, 1021.91137695, 376.788513184, 411.654663086, 627.408203125, 2912.09936523, 1275.3046875, 3462.18115234, 6046.85888672, 7173.11962891, 2633.00610352, 1724.3972168, 763.929199219, 257.232177734, 82.3932800293, 28.9601840973, 14.8229761124, 5.84039211273, 2.07024335861, 0.495089918375, 0.0982689782977, 0.0109787313268, 0.000443116703536, 8.25671031635e-06, 4.60625884102e-08, 2.421181311e-10]}, "erbbands_crest": {"dmean": 1.86529517174, "dmean2": 2.97204685211, "dvar": 3.36898326874, "dvar2": 8.00295448303, "max": 25.756477356, "mean": 6.92931985855, "median": 6.20502328873, "min": 2.26668453217, "var": 9.82509899139}, "erbbands_flatness_db": {"dmean": 0.0159185938537, "dmean2": 0.0224408041686, "dvar": 0.00032123431447, "dvar2": 0.000570715114009, "max": 0.403472423553, "mean": 0.150617271662, "median": 0.1413128227, "min": 0.043565146625, "var": 0.00226286705583}, "erbbands_kurtosis": {"dmean": 0.702551603317, "dmean2": 1.08483123779, "dvar": 0.978604018688, "dvar2": 2.04641962051, "max": 24.4594554901, "mean": 0.0199884735048, "median": -0.390524625778, "min": -1.74284124374, "var": 3.21349525452}, "erbbands_skewness": {"dmean": 0.351306736469, "dmean2": 0.532717347145, "dvar": 0.152278915048, "dvar2": 0.34505751729, "max": 2.23344254494, "mean": -0.318936914206, "median": -0.301185846329, "min": -4.31803178787, "var": 0.494696289301}, "erbbands_spread": {"dmean": 8.6768693924, "dmean2": 13.0107450485, "dvar": 93.661026001, "dvar2": 202.596954346, "max": 129.218811035, "mean": 42.8843383789, "median": 39.197265625, "min": 3.3361620903, "var": 397.156585693}, "gfcc": {"cov": [[18101.4785156, 969.53527832, -2207.1237793, 877.178283691, -598.033508301, 361.599609375, -358.877716064, -41.669052124, -209.357589722, -29.9802379608, -212.322494507, -91.6497116089, -48.8209457397], [969.53527832, 743.331176758, 123.918380737, 28.5993175507, 77.9277572632, 6.0021686554, -6.50969266891, -49.1255187988, -26.8998851776, -47.2753334045, -2.03077864647, -30.7078018188, 13.6018476486], [-2207.1237793, 123.918380737, 1443.85925293, 304.330841064, 98.9873886108, 144.222290039, 79.525680542, 12.9633579254, -83.2379074097, 2.26489233971, -91.1252822876, -34.2214813232, -31.8067989349], [877.178283691, 28.5993175507, 304.330841064, 414.777374268, 20.8189907074, 92.7377319336, 13.2436590195, 8.92737960815, -34.4961051941, -7.39519119263, -42.2675209045, -37.1553955078, -22.1841087341], [-598.033508301, 77.9277572632, 98.9873886108, 20.8189907074, 208.601486206, 18.3854827881, 65.1483078003, 43.5462226868, 43.5981254578, 3.39043951035, 33.7874526978, 12.9367322922, 19.2456092834], [361.599609375, 6.0021686554, 144.222290039, 92.7377319336, 18.3854827881, 232.165206909, 52.3899154663, -20.976140976, 15.0486297607, 6.12156677246, -25.2118701935, -7.78088712692, -11.7363290787], [-358.877716064, -6.50969266891, 79.525680542, 13.2436590195, 65.1483078003, 52.3899154663, 102.18157959, 42.5986862183, 25.149148941, 7.59323740005, 13.0483789444, 4.7204990387, 3.21052312851], [-41.669052124, -49.1255187988, 12.9633579254, 8.92737960815, 43.5462226868, -20.976140976, 42.5986862183, 119.218421936, 22.1598949432, 22.5677986145, 7.21603631973, 18.530412674, -0.551804721355], [-209.357589722, -26.8998851776, -83.2379074097, -34.4961051941, 43.5981254578, 15.0486297607, 25.149148941, 22.1598949432, 91.904335022, 22.2295570374, 32.4736061096, 8.55101299286, 10.8010787964], [-29.9802379608, -47.2753334045, 2.26489233971, -7.39519119263, 3.39043951035, 6.12156677246, 7.59323740005, 22.5677986145, 22.2295570374, 67.4746398926, 19.1806163788, 11.4572315216, 5.9355301857], [-212.322494507, -2.03077864647, -91.1252822876, -42.2675209045, 33.7874526978, -25.2118701935, 13.0483789444, 7.21603631973, 32.4736061096, 19.1806163788, 83.0165328979, 33.369304657, 15.2680177689], [-91.6497116089, -30.7078018188, -34.2214813232, -37.1553955078, 12.9367322922, -7.78088712692, 4.7204990387, 18.530412674, 8.55101299286, 11.4572315216, 33.369304657, 62.5740127563, 29.2946338654], [-48.8209457397, 13.6018476486, -31.8067989349, -22.1841087341, 19.2456092834, -11.7363290787, 3.21052312851, -0.551804721355, 10.8010787964, 5.9355301857, 15.2680177689, 29.2946338654, 59.142490387]], "icov": [[0.000256629806245, -0.000525807146914, 0.000672377180308, -0.000814426050056, 0.000539925182238, -0.000690827495418, 0.000584880704992, -0.000665943603963, 0.000545125512872, -0.000447952799732, 0.000518833694514, -0.000314040778903, 5.14922339789e-06], [-0.000525807146914, 0.00269496580586, -0.00149262219202, 0.00176476314664, -0.0018967341166, 0.00125286879484, -0.000722625583876, 0.00167483382393, -0.000508787750732, 0.00180794554763, -0.00174840004183, 0.00197849608958, -0.000891086179763], [0.000672377180308, -0.00149262219202, 0.0027807673905, -0.00265904259868, 0.000836945604533, -0.00189587939531, 0.00077595282346, -0.00140449171886, 0.00231254659593, -0.00189092324581, 0.00245698378421, -0.00137437065132, 0.000506521959323], [-0.000814426050056, 0.00176476314664, -0.00265904259868, 0.00592891266569, -0.0020378746558, 0.000719267118257, -0.000690190587193, 0.000793854298536, -0.000543997331988, 0.00177812483162, -0.00226934766397, 0.0032856145408, -0.000554225058295], [0.000539925182238, -0.0018967341166, 0.000836945604533, -0.0020378746558, 0.00888369604945, -0.00124854641035, -0.00176767888479, -0.00310504320078, -0.00154786987696, 0.000652632850688, -0.00138175813481, -0.000128731349832, -0.00186634063721], [-0.000690827495418, 0.00125286879484, -0.00189587939531, 0.000719267118257, -0.00124854641035, 0.00891222897917, -0.0064462646842, 0.00587441725656, -0.00402254238725, -0.000429457431892, 0.00261727208272, -0.00281689502299, 0.0024687119294], [0.000584880704992, -0.000722625583876, 0.00077595282346, -0.000690190587193, -0.00176767888479, -0.0064462646842, 0.0191157720983, -0.00819146446884, 0.000997452298179, 0.00109633931424, -0.00317876180634, 0.00344750331715, -0.00218988466077], [-0.000665943603963, 0.00167483382393, -0.00140449171886, 0.000793854298536, -0.00310504320078, 0.00587441725656, -0.00819146446884, 0.0160821471363, -0.00375764630735, -0.00304498802871, 0.00406676810235, -0.00642898539081, 0.00450479658321], [0.000545125512872, -0.000508787750732, 0.00231254659593, -0.000543997331988, -0.00154786987696, -0.00402254238725, 0.000997452298179, -0.00375764630735, 0.0182409081608, -0.00394947268069, -0.00413043284789, 0.00401403242722, -0.00263399071991], [-0.000447952799732, 0.00180794554763, -0.00189092324581, 0.00177812483162, 0.000652632850688, -0.000429457431892, 0.00109633931424, -0.00304498802871, -0.00394947268069, 0.0199161507189, -0.00604341644794, 0.00205595302396, -0.00225677597336], [0.000518833694514, -0.00174840004183, 0.00245698378421, -0.00226934766397, -0.00138175813481, 0.00261727208272, -0.00317876180634, 0.00406676810235, -0.00413043284789, -0.00604341644794, 0.0240783765912, -0.0136866243556, 0.00440420815721], [-0.000314040778903, 0.00197849608958, -0.00137437065132, 0.0032856145408, -0.000128731349832, -0.00281689502299, 0.00344750331715, -0.00642898539081, 0.00401403242722, 0.00205595302396, -0.0136866243556, 0.0320685170591, -0.0142755936831], [5.14922339789e-06, -0.000891086179763, 0.000506521959323, -0.000554225058295, -0.00186634063721, 0.0024687119294, -0.00218988466077, 0.00450479658321, -0.00263399071991, -0.00225677597336, 0.00440420815721, -0.0142755936831, 0.025081736967]], "mean": [-64.9471359253, 68.709274292, -133.572937012, 44.9926795959, -61.4725151062, 7.12522268295, -40.0557594299, 7.81044101715, -32.5608291626, 3.35423326492, -20.662273407, -3.55439710617, -12.0479221344]}, "hfc": {"dmean": 6.39347934723, "dmean2": 8.40090465546, "dvar": 137.970733643, "dvar2": 247.891952515, "max": 146.665420532, "mean": 13.4602041245, "median": 5.20343351364, "min": 1.1150599798e-16, "var": 367.012695312}, "melbands": {"dmean": [0.000169878519955, 0.000343127117958, 0.00016934236919, 0.000144095392898, 6.24798776698e-05, 4.06226790801e-05, 3.25846485794e-05, 2.94609508273e-05, 4.15107824665e-05, 2.65194048552e-05, 2.56943130807e-05, 1.74568485818e-05, 2.01015063794e-05, 2.30758778343e-05, 2.06292133953e-05, 1.6015899746e-05, 1.64400298672e-05, 1.28148512886e-05, 1.85374719877e-05, 1.94205895241e-05, 1.53719229274e-05, 2.12718077819e-05, 1.65681503859e-05, 1.88917438209e-05, 1.79818216566e-05, 9.61179011938e-06, 9.96420021693e-06, 8.62683646119e-06, 6.21844765192e-06, 5.10580775881e-06, 3.06108177028e-06, 2.14256670006e-06, 1.30906164486e-06, 1.10804739961e-06, 8.99121857856e-07, 6.56442807667e-07, 5.30086310846e-07, 4.13263791188e-07, 2.77172205188e-07, 2.03262061405e-07], "dmean2": [0.000261623616097, 0.000585743982811, 0.000268814968877, 0.000239427667111, 0.000100103148725, 5.91910320509e-05, 4.79650152556e-05, 4.46580052085e-05, 6.29921269137e-05, 4.18812633143e-05, 4.0503742639e-05, 2.71876051556e-05, 3.13345626637e-05, 3.50257614627e-05, 3.13308410114e-05, 2.49832810368e-05, 2.60087799688e-05, 2.04589960049e-05, 2.79713221971e-05, 2.93554294331e-05, 2.35283841903e-05, 3.3196170989e-05, 2.58730069618e-05, 2.82206419797e-05, 2.60144679487e-05, 1.42635017255e-05, 1.49429915837e-05, 1.3080253666e-05, 9.38447010412e-06, 7.6405431173e-06, 4.62212346974e-06, 3.31374394591e-06, 2.08624942388e-06, 1.76809419372e-06, 1.44469959196e-06, 1.05781123239e-06, 8.38808034587e-07, 6.4745211148e-07, 4.45020219786e-07, 3.2911850667e-07], "dvar": [1.57636790732e-07, 7.09638300123e-07, 9.96829569999e-08, 5.11715114726e-08, 1.06960538204e-08, 4.18407353209e-09, 3.41721828612e-09, 2.34345676198e-09, 7.79333486634e-09, 2.74439981851e-09, 2.20163709486e-09, 1.26097843278e-09, 1.35815358959e-09, 2.14589523928e-09, 1.71049840958e-09, 1.1963861013e-09, 9.85898362948e-10, 7.61275431582e-10, 1.89503590597e-09, 2.07466199775e-09, 1.20564247474e-09, 3.40226491424e-09, 1.86373938504e-09, 3.9224881121e-09, 3.49635431718e-09, 7.70721819698e-10, 6.76849187808e-10, 4.08113959294e-10, 1.23362736693e-10, 1.00175388817e-10, 4.67338077959e-11, 2.85655613746e-11, 1.29792097209e-11, 7.88151748726e-12, 5.27526069702e-12, 3.30714297093e-12, 1.83989065303e-12, 1.21307998369e-12, 6.94651530308e-13, 3.79167129552e-13], "dvar2": [3.87805584978e-07, 1.92225729734e-06, 2.42082819568e-07, 1.36311740562e-07, 2.62950070606e-08, 9.12397712938e-09, 7.05946678892e-09, 5.1695629999e-09, 1.66567382109e-08, 6.69268729325e-09, 5.34637845107e-09, 2.98141356048e-09, 3.25749405228e-09, 4.72200323287e-09, 3.8364080801e-09, 2.80314860213e-09, 2.42199460487e-09, 1.77057946082e-09, 3.99089250536e-09, 4.33477476136e-09, 2.80056067226e-09, 8.06935762654e-09, 4.38194280861e-09, 7.565125415e-09, 7.29566096425e-09, 1.56518253913e-09, 1.5649339602e-09, 9.50665768329e-10, 2.67426775169e-10, 2.17533602243e-10, 1.11986218909e-10, 7.13084313819e-11, 3.45054505801e-11, 2.08298343851e-11, 1.38221569607e-11, 8.67832802148e-12, 4.77345593608e-12, 3.08218338005e-12, 1.83698672593e-12, 1.00622169017e-12], "max": [0.00374642387033, 0.00793385412544, 0.00316906347871, 0.00313957897015, 0.00138434127439, 0.00144777575042, 0.00230679381639, 0.000787062570453, 0.00143768952694, 0.000948832719587, 0.000810157507658, 0.000667932326905, 0.000467418285552, 0.00101415335666, 0.00102520978544, 0.000732472515665, 0.000513931096066, 0.000711372471415, 0.00131556694396, 0.000990649685264, 0.000581656699069, 0.00123856787104, 0.00078404910164, 0.00272967782803, 0.00100192474201, 0.000806952826679, 0.00054790743161, 0.000402900681365, 0.000191451719729, 0.000190426202607, 0.000146905702422, 9.69557950157e-05, 5.16333820997e-05, 4.31196021964e-05, 3.35165350407e-05, 3.35845834343e-05, 1.77582878678e-05, 1.7216996639e-05, 1.15229449875e-05, 8.2369942902e-06], "mean": [0.000199031317607, 0.000420496508013, 0.00030042490107, 0.000244846596615, 0.000104306840512, 8.39634158183e-05, 6.40820871922e-05, 5.32783960807e-05, 6.02698492003e-05, 3.96013492718e-05, 3.57362368959e-05, 2.54343467532e-05, 2.87164530164e-05, 3.62951686839e-05, 3.28596870531e-05, 2.25058083743e-05, 2.41635971179e-05, 1.86465658771e-05, 2.82201526716e-05, 2.91282121907e-05, 2.24134018936e-05, 2.90552725346e-05, 2.3081774998e-05, 2.7830586987e-05, 2.36543473875e-05, 1.38385539685e-05, 1.43461838888e-05, 1.34535193865e-05, 1.0685082998e-05, 8.31544548419e-06, 4.28874227509e-06, 2.8474055398e-06, 1.61608409144e-06, 1.52762061134e-06, 1.22243852729e-06, 8.57804479892e-07, 7.12565565664e-07, 5.3788517107e-07, 3.17741466915e-07, 2.26357229849e-07], "median": [2.962133658e-05, 0.000141726544825, 0.000145461046486, 0.00015815149527, 5.69324874959e-05, 4.00367025577e-05, 2.32636011788e-05, 2.31940230151e-05, 1.39676649269e-05, 1.29242416733e-05, 1.10836017484e-05, 5.36310199095e-06, 7.57361794967e-06, 9.33700084715e-06, 9.33444061957e-06, 4.88758723804e-06, 5.73794613956e-06, 5.00374744661e-06, 6.06313733442e-06, 6.09026074017e-06, 4.82505129185e-06, 6.06380763202e-06, 5.45324564882e-06, 4.08533969676e-06, 2.39748442254e-06, 2.7649346066e-06, 2.83135887003e-06, 2.59272223957e-06, 2.77899221146e-06, 1.66647475908e-06, 1.07947812467e-06, 7.28786915261e-07, 3.69190388483e-07, 2.56577550317e-07, 2.1057627464e-07, 1.94795504171e-07, 1.79921741505e-07, 1.51798900561e-07, 9.33178796458e-08, 6.59232739508e-08], "min": [1.36497913912e-24, 1.4378340922e-24, 1.19911679506e-24, 1.37028255237e-24, 1.61151582276e-24, 3.07840464817e-24, 2.64109842207e-24, 2.72876019573e-24, 1.19240733584e-24, 2.363823083e-24, 2.60284912057e-24, 3.15516613906e-24, 3.16511308343e-24, 1.59079155931e-24, 3.20347755862e-24, 3.23346847251e-24, 4.31703814838e-24, 4.74010977387e-24, 3.19173280025e-24, 4.12395497549e-24, 4.00084573706e-24, 3.32865854301e-24, 3.25082735673e-24, 4.75439012841e-24, 3.8147597604e-24, 4.40732012354e-24, 3.48337664906e-24, 3.75955132995e-24, 6.12487699576e-24, 4.99607857154e-24, 5.00062517137e-24, 5.72999965345e-24, 6.86719116327e-24, 5.30491603821e-24, 6.73802860067e-24, 5.34010870092e-24, 5.00300082598e-24, 6.7713382524e-24, 6.18289495433e-24, 6.20479886065e-24], "var": [1.76043513989e-07, 6.25034942914e-07, 1.55913440381e-07, 7.72196528942e-08, 1.96978451328e-08, 1.25186936373e-08, 1.43150655774e-08, 6.52408793655e-09, 1.61369246854e-08, 4.65678562378e-09, 3.82388298803e-09, 2.76413003597e-09, 2.31832153474e-09, 5.16182785404e-09, 4.37208536042e-09, 2.14352735561e-09, 1.76399583829e-09, 1.35641819998e-09, 4.33189972782e-09, 4.19349710512e-09, 1.97390015444e-09, 4.71256678125e-09, 2.58905674677e-09, 1.18808864968e-08, 5.31430188744e-09, 1.37957179014e-09, 1.0714191756e-09, 7.10956959971e-10, 2.89153645472e-10, 2.44365583324e-10, 6.55942314354e-11, 3.54166244942e-11, 1.21999927521e-11, 9.14903656307e-12, 5.99857186492e-12, 3.26492674042e-12, 2.01331095892e-12, 1.24986826444e-12, 5.79123554667e-13, 3.05352965135e-13]}, "melbands_crest": {"dmean": 2.87143731117, "dmean2": 4.59953832626, "dvar": 7.95332098007, "dvar2": 19.2655239105, "max": 31.6522121429, "mean": 11.4343614578, "median": 10.8394870758, "min": 1.69964039326, "var": 23.2158031464}, "melbands_flatness_db": {"dmean": 0.028261307627, "dmean2": 0.0407904796302, "dvar": 0.00120234047063, "dvar2": 0.00262342928909, "max": 0.370087772608, "mean": 0.1443836689, "median": 0.133634567261, "min": 0.00347781600431, "var": 0.00378399994224}, "melbands_kurtosis": {"dmean": 6.41639518738, "dmean2": 9.95466804504, "dvar": 138.003723145, "dvar2": 330.71661377, "max": 160.784927368, "mean": 10.2425546646, "median": 2.8118391037, "min": -1.81130027771, "var": 302.025817871}, "melbands_skewness": {"dmean": 0.769977152348, "dmean2": 1.1325981617, "dvar": 0.904237568378, "dvar2": 1.95755851269, "max": 9.33248233795, "mean": 2.23291110992, "median": 1.74877500534, "min": -2.51479387283, "var": 3.30669879913}, "melbands_spread": {"dmean": 12.1010446548, "dmean2": 18.0949859619, "dvar": 220.317642212, "dvar2": 457.126098633, "max": 187.848190308, "mean": 40.896194458, "median": 37.8275184631, "min": 1.88297021389, "var": 669.631225586}, "mfcc": {"cov": [[9850.02050781, 122.190505981, -740.431274414, 177.886230469, -55.6856422424, 358.461608887, -94.9338150024, 93.0122451782, 5.70277500153, 91.6665267944, -128.794769287, 99.0032958984, -23.6195716858], [122.190505981, 804.768249512, 89.232749939, 49.7979660034, 71.6874160767, 1.47400081158, 38.4844322205, -0.825340926647, -0.402270704508, -30.4694423676, 2.50693416595, -39.2730903625, -8.66311454773], [-740.431274414, 89.232749939, 1029.18505859, 245.997039795, 132.592254639, 187.337875366, 127.591667175, 12.1780023575, 45.8190841675, 17.951084137, 7.36480951309, -67.1598510742, -75.1723480225], [177.886230469, 49.7979660034, 245.997039795, 323.546813965, 97.7537307739, 2.30269503593, 63.2910499573, 16.5439720154, 20.7292041779, 10.9338312149, 3.83465480804, -8.10960769653, -10.2604312897], [-55.6856422424, 71.6874160767, 132.592254639, 97.7537307739, 139.372177124, 57.9647827148, 40.6462898254, 31.8787975311, 23.5613021851, 14.8166847229, 9.33926582336, 2.45204496384, 4.875436306], [358.461608887, 1.47400081158, 187.337875366, 2.30269503593, 57.9647827148, 211.294570923, 43.8429069519, 23.7682628632, 19.1443805695, 29.7957000732, -6.70808124542, 0.618751347065, -16.000837326], [-94.9338150024, 38.4844322205, 127.591667175, 63.2910499573, 40.6462898254, 43.8429069519, 105.685249329, 42.1640892029, 29.9245529175, 12.5532579422, 18.5137329102, -0.361069977283, 1.29487657547], [93.0122451782, -0.825340926647, 12.1780023575, 16.5439720154, 31.8787975311, 23.7682628632, 42.1640892029, 94.152053833, 31.0864181519, 12.3360643387, 19.1985836029, 11.1763057709, 8.98741149902], [5.70277500153, -0.402270704508, 45.8190841675, 20.7292041779, 23.5613021851, 19.1443805695, 29.9245529175, 31.0864181519, 86.3608322144, 22.9193325043, 13.3397130966, 11.6280670166, 3.80892467499], [91.6665267944, -30.4694423676, 17.951084137, 10.9338312149, 14.8166847229, 29.7957000732, 12.5532579422, 12.3360643387, 22.9193325043, 64.5352630615, 18.1510982513, 14.1365556717, 3.51492261887], [-128.794769287, 2.50693416595, 7.36480951309, 3.83465480804, 9.33926582336, -6.70808124542, 18.5137329102, 19.1985836029, 13.3397130966, 18.1510982513, 75.142616272, 10.1758584976, 1.51120769978], [99.0032958984, -39.2730903625, -67.1598510742, -8.10960769653, 2.45204496384, 0.618751347065, -0.361069977283, 11.1763057709, 11.6280670166, 14.1365556717, 10.1758584976, 87.3344039917, 33.31980896], [-23.6195716858, -8.66311454773, -75.1723480225, -10.2604312897, 4.875436306, -16.000837326, 1.29487657547, 8.98741149902, 3.80892467499, 3.51492261887, 1.51120769978, 33.31980896, 69.572769165]], "icov": [[0.000165357952937, -8.44966634759e-05, 0.000263078109128, -0.000429326406447, 0.000380816549296, -0.000605874927714, 0.000309554248815, -0.00026178592816, -2.26904085139e-05, -0.000133373876452, 0.000218358953134, -0.000104920931335, 0.000182065195986], [-8.44966634759e-05, 0.00143453688361, -0.000116853101645, 0.000336546945618, -0.0010860360926, 0.000491567945573, -0.000687809020746, 0.0004915468744, -2.04627667699e-06, 0.000781092327088, -0.000241076777456, 0.000584469584282, -0.000102248515759], [0.000263078109128, -0.000116853101645, 0.0021609980613, -0.00166388344951, 0.000283974222839, -0.00223001209088, -0.000587683171034, 0.000407356332289, -0.000497588596772, 0.000201202099561, 6.10966890235e-05, 0.000640887068585, 0.00129866134375], [-0.000429326406447, 0.000336546945618, -0.00166388344951, 0.00626612920314, -0.00422834791243, 0.00381268234923, -0.0027764167171, 0.00111599464435, 0.000364538573194, -0.000510949641466, 0.000445109239081, -0.000217573251575, 0.000203540272196], [0.000380816549296, -0.0010860360926, 0.000283974222839, -0.00422834791243, 0.0129635157064, -0.00432233978063, 0.00129817461129, -0.0029590933118, -0.000830131408293, -0.000566303089727, -0.000345435022609, -0.000146776583279, -0.0017152777873], [-0.000605874927714, 0.000491567945573, -0.00223001209088, 0.00381268234923, -0.00432233978063, 0.00991519354284, -0.00309452228248, 0.000317915255437, 0.000736479880288, -0.00260158535093, 0.00164585944731, -0.000706204969902, 0.00100167864002], [0.000309554248815, -0.000687809020746, -0.000587683171034, -0.0027764167171, 0.00129817461129, -0.00309452228248, 0.0162990484387, -0.00554154347628, -0.00210107304156, 0.00017779902555, -0.00198420882225, 0.000437110196799, -0.00147536210716], [-0.00026178592816, 0.0004915468744, 0.000407356332289, 0.00111599464435, -0.0029590933118, 0.000317915255437, -0.00554154347628, 0.0155662419274, -0.003208367154, 0.000813295308035, -0.00237204018049, -0.000119726530102, -0.000806746422313], [-2.26904085139e-05, -2.04627667699e-06, -0.000497588596772, 0.000364538573194, -0.000830131408293, 0.000736479880288, -0.00210107304156, -0.003208367154, 0.0149469301105, -0.00404967134818, -3.39672146765e-06, -0.0013169295853, 0.000206350508961], [-0.000133373876452, 0.000781092327088, 0.000201202099561, -0.000510949641466, -0.000566303089727, -0.00260158535093, 0.00017779902555, 0.000813295308035, -0.00404967134818, 0.0203206855804, -0.00464003533125, -0.00149227923248, -0.000462447031168], [0.000218358953134, -0.000241076777456, 6.10966890235e-05, 0.000445109239081, -0.000345435022609, 0.00164585944731, -0.00198420882225, -0.00237204018049, -3.39672146765e-06, -0.00464003533125, 0.0162710044533, -0.0017434937181, 0.00163802970201], [-0.000104920931335, 0.000584469584282, 0.000640887068585, -0.000217573251575, -0.000146776583279, -0.000706204969902, 0.000437110196799, -0.000119726530102, -0.0013169295853, -0.00149227923248, -0.0017434937181, 0.0155017850921, -0.00668602017686], [0.000182065195986, -0.000102248515759, 0.00129866134375, 0.000203540272196, -0.0017152777873, 0.00100167864002, -0.00147536210716, -0.000806746422313, 0.000206350508961, -0.000462447031168, 0.00163802970201, -0.00668602017686, 0.0195165257901]], "mean": [-693.512329102, 91.856628418, -13.7433519363, 33.759853363, -1.51330125332, 1.83210265636, 0.839366257191, -2.52080726624, -1.18246197701, -1.46878433228, -7.31428003311, 2.29284214973, -4.34204721451]}, "pitch_salience": {"dmean": 0.063460059464, "dmean2": 0.102348461747, "dvar": 0.00364042073488, "dvar2": 0.00942230783403, "max": 0.9680159688, "mean": 0.633057892323, "median": 0.639020085335, "min": 0.266773790121, "var": 0.00861405115575}, "silence_rate_20dB": {"dmean": 0, "dmean2": 0, "dvar": 0, "dvar2": 0, "max": 1, "mean": 1, "median": 1, "min": 1, "var": 0}, "silence_rate_30dB": {"dmean": 0, "dmean2": 0, "dvar": 0, "dvar2": 0, "max": 1, "mean": 1, "median": 1, "min": 1, "var": 0}, "silence_rate_60dB": {"dmean": 0.115530960262, "dmean2": 0.231101885438, "dvar": 0.102182254195, "dvar2": 0.192225545645, "max": 1, "mean": 0.29465675354, "median": 0, "min": 0, "var": 0.20784458518}, "spectral_centroid": {"dmean": 366.108398438, "dmean2": 546.135986328, "dvar": 202184.9375, "dvar2": 418040.53125, "max": 11474.7158203, "mean": 2113.8527832, "median": 2126.29345703, "min": 303.444244385, "var": 1164891.75}, "spectral_complexity": {"dmean": 5.26703548431, "dmean2": 7.12264299393, "dvar": 57.7131958008, "dvar2": 96.3762893677, "max": 62, "mean": 14.4980115891, "median": 10, "min": 0, "var": 168.29460144}, "spectral_contrast_coeffs": {"dmean": [0.0474725663662, 0.045449193567, 0.0380549542606, 0.0339819081128, 0.0275906324387, 0.0200314801186], "dmean2": [0.0765352919698, 0.0726524218917, 0.0601870343089, 0.0522153750062, 0.0414527989924, 0.0307382773608], "dvar": [0.00169917184394, 0.00142539129592, 0.00102995196357, 0.000932305352762, 0.0006928734947, 0.00038094285992], "dvar2": [0.00426174839959, 0.00343029550277, 0.00237230514176, 0.00195336574689, 0.0013391621178, 0.00079134083353], "max": [-0.355301290751, -0.46571803093, -0.512564718723, -0.529724240303, -0.504113316536, -0.606282711029], "mean": [-0.648777484894, -0.754755377769, -0.792256355286, -0.779616892338, -0.779294848442, -0.745915651321], "median": [-0.650657773018, -0.757846295834, -0.802442193031, -0.79181265831, -0.792813360691, -0.745840013027], "min": [-0.984180986881, -0.993301331997, -0.976254701614, -0.968795955181, -0.967471301556, -0.964745461941], "var": [0.00766012631357, 0.00578241562471, 0.00474166171625, 0.00487435422838, 0.00374981435016, 0.00221486180089]}, "spectral_contrast_valleys": {"dmean": [0.544247329235, 0.452811330557, 0.474317610264, 0.448006868362, 0.370799183846, 0.338915795088], "dmean2": [0.838005065918, 0.70444560051, 0.687727212906, 0.639712929726, 0.505309283733, 0.409579545259], "dvar": [0.352986901999, 0.207471817732, 0.226119697094, 0.241056963801, 0.203267022967, 0.180042013526], "dvar2": [0.629356205463, 0.389709293842, 0.409827828407, 0.428158044815, 0.343613624573, 0.294287472963], "max": [-5.66702461243, -5.26415967941, -5.68306446075, -5.62504482269, -5.35838699341, -8.08615112305], "mean": [-8.4438533783, -7.69098186493, -8.12711524963, -8.40532207489, -7.90821838379, -10.646853447], "median": [-8.23314285278, -7.52301740646, -8.017537117, -8.27580356598, -7.83087539673, -10.5212659836], "min": [-27.9372253418, -27.845867157, -27.7073230743, -27.6891384125, -27.4625778198, -27.3900108337], "var": [4.22152423859, 3.8385219574, 3.77339506149, 3.83831977844, 3.85588383675, 2.89643669128]}, "spectral_decrease": {"dmean": 8.3694817743e-10, "dmean2": 1.13839149218e-09, "dvar": 1.6209798345e-18, "dvar2": 3.24762916492e-18, "max": 1.61802525683e-21, "mean": -2.06026884442e-09, "median": -1.41130163112e-09, "min": -1.1876889694e-08, "var": 4.03382442568e-18}, "spectral_energy": {"dmean": 0.00366837671027, "dmean2": 0.00487165432423, "dvar": 3.02639418805e-05, "dvar2": 5.7644687331e-05, "max": 0.0546036288142, "mean": 0.0089968200773, "median": 0.00594277586788, "min": 1.00155585945e-20, "var": 8.20811765152e-05}, "spectral_energyband_high": {"dmean": 0.000462775904452, "dmean2": 0.000660914753098, "dvar": 7.97644872819e-07, "dvar2": 1.77593869921e-06, "max": 0.00997979100794, "mean": 0.000811077770777, "median": 0.000210419064388, "min": 6.8642791495e-21, "var": 1.58626426128e-06}, "spectral_energyband_low": {"dmean": 0.00139879574999, "dmean2": 0.00223960843869, "dvar": 1.0286986253e-05, "dvar2": 2.59630014625e-05, "max": 0.0310108270496, "mean": 0.00200574286282, "median": 0.000811183999758, "min": 1.89505751787e-23, "var": 1.12270345198e-05}, "spectral_energyband_middle_high": {"dmean": 0.0016900106566, "dmean2": 0.00229328754358, "dvar": 1.12453535621e-05, "dvar2": 1.87932782865e-05, "max": 0.0430952645838, "mean": 0.00356608768925, "median": 0.00141423707828, "min": 1.17567214793e-21, "var": 3.09254610329e-05}, "spectral_energyband_middle_low": {"dmean": 0.00119049288332, "dmean2": 0.00177746068221, "dvar": 2.88581600216e-06, "dvar2": 6.48066270514e-06, "max": 0.0226607508957, "mean": 0.00300448504277, "median": 0.00244642025791, "min": 1.39486296909e-22, "var": 6.63155651637e-06}, "spectral_entropy": {"dmean": 0.154827713966, "dmean2": 0.218949392438, "dvar": 0.0289446637034, "dvar2": 0.0593898184597, "max": 9.81548881531, "mean": 7.71005249023, "median": 7.73704814911, "min": 5.27472639084, "var": 0.175742670894}, "spectral_flux": {"dmean": 0.0184542741627, "dmean2": 0.0273092053831, "dvar": 0.000589050352573, "dvar2": 0.0011975672096, "max": 0.190314397216, "mean": 0.0488926433027, "median": 0.0365343168378, "min": 6.28114504853e-11, "var": 0.00140988535713}, "spectral_kurtosis": {"dmean": 1.22597646713, "dmean2": 2.07548069954, "dvar": 2.72769713402, "dvar2": 7.44026184082, "max": 37.1455039978, "mean": 3.59425759315, "median": 2.9007692337, "min": -1.24575090408, "var": 7.55233621597}, "spectral_rms": {"dmean": 0.000583564629778, "dmean2": 0.00075834983727, "dvar": 6.0732924112e-07, "dvar2": 1.10590815439e-06, "max": 0.00729875545949, "mean": 0.00258450373076, "median": 0.00240786839277, "min": 3.12590426634e-12, "var": 2.09770905713e-06}, "spectral_rolloff": {"dmean": 693.299621582, "dmean2": 1103.24194336, "dvar": 961761.6875, "dvar2": 1968646.125, "max": 19552.1484375, "mean": 2667.16845703, "median": 2605.51757812, "min": 107.666015625, "var": 4856730}, "spectral_skewness": {"dmean": 0.19036449492, "dmean2": 0.312929719687, "dvar": 0.0413044057786, "dvar2": 0.107663854957, "max": 3.4228618145, "mean": 1.18611371517, "median": 1.14318227768, "min": -0.0602244175971, "var": 0.116358593106}, "spectral_spread": {"dmean": 439591.9375, "dmean2": 650297.125, "dvar": 519573995520, "dvar2": 1009217830910.0, "max": 42239916, "mean": 4644626.5, "median": 4351735, "min": 1376171.125, "var": 10840849776600