{"lowlevel": {"average_loudness": 0.925078332424, "barkbands": {"dmean": [0.000149827916175, 0.00341863464564, 0.00275565381162, 0.00262561859563, 0.00255707115866, 0.00125756289344, 0.000846119131893, 0.000641091144644, 0.000668588036206, 0.000586663431022, 0.000394684524508, 0.000618929567281, 0.000541282119229, 0.000678723445162, 0.000403586047469, 0.000264617527137, 0.000310712784994, 0.000116599316243, 0.000105287472252, 8.73588287504e-05, 9.18035002542e-05, 9.82120400295e-05, 8.77505081007e-05, 6.07757501712e-05, 4.05789905926e-05, 2.57118917943e-05, 9.91672732198e-06], "dmean2": [0.000250480719842, 0.00528107024729, 0.00480232480913, 0.00453109014779, 0.0042194952257, 0.00196512392722, 0.00129258225206, 0.000980845885351, 0.00102205795702, 0.000892673328053, 0.000593375298195, 0.000959935772698, 0.000841281667817, 0.00104677362833, 0.000627363449894, 0.000422407581937, 0.000501625065226, 0.000186392455362, 0.000166533325682, 0.000131894426886, 0.000131579421577, 0.00014041394752, 0.00012649812561, 8.60285144881e-05, 5.55073675059e-05, 3.48090434272e-05, 1.43062898132e-05], "dvar": [1.29053006503e-07, 5.46997107449e-05, 2.70777563856e-05, 3.91647008655e-05, 1.90712544281e-05, 4.83019357489e-06, 3.38932431987e-06, 2.53067719314e-06, 3.85321072827e-06, 2.14153556044e-06, 1.51348524469e-06, 3.5864027268e-06, 1.9926276309e-06, 2.11025940189e-06, 7.42109193652e-07, 2.21002309786e-07, 1.66592599271e-07, 3.38055059501e-08, 2.67007056465e-08, 2.29766730087e-08, 5.5604512994e-08, 7.19509003488e-08, 6.74963374081e-08, 3.10612868759e-08, 8.00855559646e-09, 3.58026563951e-09, 9.11228648093e-10], "dvar2": [3.38442077918e-07, 0.000122770608868, 7.46036603232e-05, 0.000106552040961, 5.15738029208e-05, 1.14157628559e-05, 7.33108754503e-06, 5.41462713954e-06, 8.16320971353e-06, 4.4417938625e-06, 3.02241141981e-06, 7.85089196143e-06, 4.0709728637e-06, 4.60397177449e-06, 1.5979883301e-06, 4.87982219965e-07, 4.25143582561e-07, 8.29420656601e-08, 6.37942250137e-08, 5.11269462322e-08, 1.14652820571e-07, 1.5027042366e-07, 1.35482636665e-07, 6.04267000881e-08, 1.48053143079e-08, 7.06535052686e-09, 2.17708695516e-09], "max": [0.00549889262766, 0.077923245728, 0.0553048551083, 0.0913024693727, 0.0678537860513, 0.0506719462574, 0.050679333508, 0.047783434391, 0.0882108360529, 0.0606719739735, 0.0371982641518, 0.0575977265835, 0.0591129921377, 0.0361823439598, 0.0381689406931, 0.0229845549911, 0.00911226775497, 0.00579766044393, 0.00513599254191, 0.00362065038644, 0.00812146998942, 0.00941231567413, 0.00824041850865, 0.00501470221207, 0.00335550354794, 0.00128319603391, 0.00109896983486], "mean": [0.000178308822797, 0.00573181686923, 0.00453176908195, 0.00379096879624, 0.00511401379481, 0.0028171504382, 0.00175966322422, 0.00115008186549, 0.0013255312806, 0.00117725564633, 0.000736326386686, 0.00116784416605, 0.000961640558671, 0.00121162901632, 0.0007736402913, 0.00057600584114, 0.000662049744278, 0.00027846582816, 0.000244851224124, 0.000200465234229, 0.00017097312957, 0.000166814745171, 0.000148036619066, 0.000111244931759, 7.95377491158e-05, 3.9824477426e-05, 1.18251073218e-05], "median": [2.81905158772e-05, 0.00329591101035, 0.00325305829756, 0.00196632696316, 0.003582527861, 0.00169146561529, 0.000724018202163, 0.000476469052956, 0.000542218855117, 0.000551285338588, 0.000211621489143, 0.00034987879917, 0.000380856887205, 0.000550197379198, 0.000401292461902, 0.000370997324353, 0.000478465750348, 0.000185171084013, 0.000156872905791, 0.000116449409688, 6.52034796076e-05, 4.78240544908e-05, 3.77932519768e-05, 3.37545207003e-05, 2.81689954136e-05, 1.02664735095e-05, 1.90440835013e-06], "min": [1.30909384629e-23, 4.75623614182e-23, 6.79530305784e-24, 2.26409832448e-23, 2.44242332977e-23, 1.43934724574e-23, 6.71947175228e-23, 6.27173702168e-23, 4.84642566248e-23, 8.82107798315e-23, 8.27358579573e-23, 1.13034907232e-22, 1.41409943692e-22, 1.54157165993e-22, 9.78116398775e-23, 9.046706086e-23, 1.9267962951e-22, 1.92200115676e-22, 3.13024323839e-22, 3.14858848273e-22, 4.88088058246e-22, 6.47078997835e-22, 4.98758001524e-22, 9.70475012419e-22, 1.1446046093e-21, 1.64527051825e-21, 2.64976484798e-21], "var": [1.30450672486e-07, 6.82780591887e-05, 2.66342285613e-05, 3.47409113601e-05, 2.65082417172e-05, 1.21177254186e-05, 9.16597491596e-06, 5.51514449398e-06, 1.08153462861e-05, 6.17970954409e-06, 5.50050390302e-06, 1.26848708533e-05, 5.73994111619e-06, 5.07967934027e-06, 2.04525531444e-06, 6.2086496655e-07, 3.95598021896e-07, 9.89947537278e-08, 7.36478327212e-08, 6.2329824857e-08, 1.22870346786e-07, 1.5520382135e-07, 1.58851790388e-07, 7.90465861655e-08, 2.27713492507e-08, 6.35303321062e-09, 9.82225301094e-10]}, "barkbands_crest": {"dmean": 2.00508785248, "dmean2": 3.24541544914, "dvar": 4.24394321442, "dvar2": 10.5710039139, "max": 24.9724693298, "mean": 8.12613964081, "median": 7.57086658478, "min": 2.35509562492, "var": 9.30557441711}, "barkbands_flatness_db": {"dmean": 0.0163301881403, "dmean2": 0.0243695173413, "dvar": 0.000270605029073, "dvar2": 0.000592548458371, "max": 0.256515651941, "mean": 0.116973042488, "median": 0.117010325193, "min": 0.0208587571979, "var": 0.00144974561408}, "barkbands_kurtosis": {"dmean": 1.76491212845, "dmean2": 2.77327990532, "dvar": 6.27977609634, "dvar2": 14.2732963562, "max": 40.0112838745, "mean": 2.60135149956, "median": 1.2716896534, "min": -1.82843780518, "var": 17.5130329132}, "barkbands_skewness": {"dmean": 0.428171545267, "dmean2": 0.643574535847, "dvar": 0.205112323165, "dvar2": 0.425310343504, "max": 5.45459413528, "mean": 1.37718355656, "median": 1.3377597332, "min": -2.36269545555, "var": 0.919747233391}, "barkbands_spread": {"dmean": 4.34536170959, "dmean2": 6.53359889984, "dvar": 29.5086555481, "dvar2": 58.5547218323, "max": 88.4373626709, "mean": 21.4976272583, "median": 19.5469894409, "min": 1.92921578884, "var": 117.188858032}, "dissonance": {"dmean": 0.014613462612, "dmean2": 0.0245612878352, "dvar": 0.000265215756372, "dvar2": 0.000715007947292, "max": 0.500000119209, "mean": 0.468800425529, "median": 0.474002897739, "min": 0.250188440084, "var": 0.000558687490411}, "dynamic_complexity": 1.98054814339, "erbbands": {"dmean": [0.110957980156, 0.780533015728, 2.42941594124, 7.04258775711, 8.17614173889, 8.85813331604, 10.5145654678, 9.50979423523, 11.7364063263, 14.777671814, 13.3688602448, 16.1856479645, 16.8943576813, 16.5996875763, 14.526881218, 28.797164917, 24.0028572083, 34.9857139587, 19.6655769348, 22.1965885162, 13.5153884888, 12.5299119949, 7.57163333893, 5.36102151871, 5.17486715317, 4.11599779129, 3.5718460083, 3.9102833271, 3.60818243027, 3.02450990677, 2.42527461052, 1.48860251904, 0.937707662582, 0.575696587563, 0.234419956803, 0.109274819493, 0.0476871728897, 0.0151720652357, 0.00171459047124, 6.00668354309e-05], "dmean2": [0.172276720405, 1.23899137974, 4.17468214035, 12.1873588562, 13.4673604965, 14.9031219482, 16.609670639, 14.993396759, 18.1738624573, 22.4251937866, 20.1797981262, 24.8244419098, 25.9306659698, 24.5806331635, 21.8565807343, 44.137336731, 36.3657341003, 53.2689437866, 29.6558017731, 35.3881149292, 21.5425662994, 20.0457725525, 12.0124855042, 8.54463577271, 8.13168239594, 6.20697259903, 5.13624715805, 5.67025279999, 5.19720315933, 4.32569742203, 3.50883865356, 2.15005111694, 1.32994878292, 0.804162025452, 0.324446618557, 0.149946421385, 0.0648702457547, 0.0212943498045, 0.00247041019611, 8.43494053697e-05], "dvar": [0.0628113076091, 2.89094257355, 18.0176467896, 295.477081299, 190.236602783, 296.386108398, 373.224395752, 314.412994385, 525.456237793, 1387.37475586, 1287.74609375, 2452.859375, 2058.62109375, 2009.26269531, 1928.3013916, 8188.515625, 3521.37060547, 5147.89892578, 2757.50048828, 1471.97155762, 334.729675293, 286.838867188, 125.501403809, 71.0165405273, 69.8907852173, 50.0681991577, 63.1978797913, 114.952629089, 106.236465454, 60.4465255737, 60.2463531494, 23.1800994873, 6.46866226196, 2.04046273232, 0.213282689452, 0.0574856586754, 0.0131337335333, 0.00167592789512, 3.05692592519e-05, 2.92715487404e-08], "dvar2": [0.137165203691, 7.0420794487, 48.8768310547, 805.482971191, 500.364837646, 813.200561523, 922.396789551, 742.394836426, 1207.15637207, 2876.41186523, 2751.11767578, 5296.35449219, 4465.37597656, 3949.44213867, 3919.31396484, 17935.4121094, 6656.13476562, 10996.7695312, 5715.21142578, 3661.61108398, 809.93927002, 723.419494629, 298.965087891, 180.521118164, 167.700119019, 111.012817383, 128.593490601, 245.070068359, 229.738769531, 121.561592102, 122.998535156, 46.1312294006, 12.9005746841, 3.85271239281, 0.419329434633, 0.117358125746, 0.0259454082698, 0.00357391638681, 7.58396927267e-05, 7.27054754179e-08], "max": [3.16101264954, 17.8735752106, 47.7140922546, 238.253128052, 186.55632019, 280.039031982, 439.030670166, 472.536895752, 493.300018311, 1215.54931641, 1373.26599121, 2066.24291992, 2420.64770508, 2118.94848633, 1286.09240723, 2918.01806641, 3030.54589844, 1613.71276855, 2179.58691406, 1663.28588867, 617.330871582, 569.294128418, 292.560394287, 202.165969849, 232.479995728, 177.872558594, 246.410186768, 362.005950928, 387.698974609, 244.685623169, 282.855804443, 166.66178894, 69.2503585815, 63.953250885, 12.862033844, 6.05859136581, 3.09290146828, 1.08052313328, 0.238072067499, 0.0074011432007], "mean": [0.165457695723, 1.30514144897, 4.37345266342, 11.023727417, 15.0353946686, 15.2478208542, 21.8548221588, 20.1373538971, 25.541513443, 28.5845584869, 26.0295352936, 33.7402648926, 34.2322616577, 33.7610626221, 29.9438686371, 56.6536903381, 47.661239624, 67.1643447876, 39.0507202148, 44.2778244019, 33.4865837097, 29.4092693329, 19.0886878967, 13.3078269958, 11.7325077057, 9.485704422, 7.25436353683, 6.86049127579, 6.12736654282, 5.01192903519, 4.0821018219, 2.60499215126, 1.73311471939, 1.08501839638, 0.446846991777, 0.183896034956, 0.0704136267304, 0.0193180125207, 0.00204873341136, 0.000103617239802], "median": [0.0785694271326, 0.822190999985, 3.3140039444, 6.67549610138, 9.6703414917, 9.57209587097, 12.6817131042, 10.9529438019, 12.226225853, 10.6826953888, 12.5074939728, 13.9635057449, 16.3184089661, 14.3760890961, 11.0315971375, 17.5221481323, 20.7517356873, 32.5253448486, 17.5705223083, 25.2042655945, 24.7625617981, 22.0722694397, 13.8687648773, 8.58988761902, 7.50788450241, 5.53729724884, 3.22390365601, 2.29352140427, 1.76218390465, 1.35764503479, 1.01400232315, 0.712697505951, 0.567850589752, 0.369798839092, 0.161549031734, 0.0557286329567, 0.0163213275373, 0.00342436227947, 0.00034917332232, 5.42011548532e-05], "min": [1.60986825836e-21, 9.34238544112e-21, 1.36726040542e-20, 4.36221547783e-20, 5.604299869e-20, 9.52427906509e-20, 1.47081204438e-19, 1.19611738292e-19, 7.38513364935e-19, 1.42616008528e-18, 8.99749374487e-19, 1.05528766058e-18, 2.6641241735e-18, 4.08644510676e-18, 2.77538306781e-18, 4.45298827493e-18, 6.10252331475e-18, 6.52417449609e-18, 7.20540570701e-18, 5.58933674041e-18, 5.10886598647e-18, 1.0887294147e-17, 9.17888245909e-18, 1.62071598456e-17, 1.4839628461e-17, 1.7059382524e-17, 1.61009448919e-17, 2.13465918101e-17, 2.13698852161e-17, 1.94351130721e-17, 1.69557731892e-17, 2.04060593295e-17, 1.6350639286e-17, 1.17016063107e-17, 7.88611579413e-18, 5.86549305586e-18, 3.67539589933e-18, 1.28262170833e-18, 3.60877523808e-19, 3.94944168929e-20], "var": [0.0775567889214, 3.22083330154, 20.5943508148, 256.255340576, 279.516021729, 349.315612793, 850.947937012, 794.622741699, 1408.04614258, 3879.60986328, 2833.49975586, 7192.02294922, 5497.8671875, 6576.28466797, 6177.12597656, 31082.1601562, 11138.1962891, 13351.3779297, 6887.96875, 3773.21899414, 1021.5524292, 725.222229004, 350.727355957, 209.046585083, 180.106231689, 132.61529541, 153.347259521, 241.88142395, 219.880249023, 133.740921021, 137.159408569, 55.7906990051, 16.1720142365, 5.48792982101, 0.565329432487, 0.110915765166, 0.0223977193236, 0.00225790170953, 3.04767527268e-05, 3.02326590429e-08]}, "erbbands_crest": {"dmean": 2.15010929108, "dmean2": 3.45047068596, "dvar": 5.09146118164, "dvar2": 11.678650856, "max": 31.9218826294, "mean": 8.00755882263, "median": 6.66710090637, "min": 2.39200234413, "var": 19.0957679749}, "erbbands_flatness_db": {"dmean": 0.0165223907679, "dmean2": 0.021741611883, "dvar": 0.000285913731204, "dvar2": 0.000454923778307, "max": 0.306975930929, "mean": 0.147265791893, "median": 0.143017962575, "min": 0.0386003442109, "var": 0.00198746332899}, "erbbands_kurtosis": {"dmean": 0.611317694187, "dmean2": 0.938796639442, "dvar": 1.02626955509, "dvar2": 2.19211292267, "max": 27.6580848694, "mean": 0.105854853988, "median": -0.461194992065, "min": -1.69145309925, "var": 3.88976430893}, "erbbands_skewness": {"dmean": 0.278797149658, "dmean2": 0.426425904036, "dvar": 0.0696246698499, "dvar2": 0.151252865791, "max": 4.61617231369, "mean": 0.0455091260374, "median": 0.032531067729, "min": -2.5981862545, "var": 0.334358632565}, "erbbands_spread": {"dmean": 6.74752378464, "dmean2": 9.90737915039, "dvar": 67.1753005981, "dvar2": 136.433425903, "max": 118.133872986, "mean": 37.6192321777, "median": 36.5075454712, "min": 2.9818482399, "var": 284.444702148}, "gfcc": {"cov": [[2107.44287109, -438.494415283, 653.763977051, 173.024841309, -34.5865364075, 130.785171509, -52.0266647339, -34.2590332031, 1.56425237656, 112.640304565, -82.8382949829, 49.0434532166, -94.0981750488], [-438.494415283, 1521.81604004, 163.390731812, 164.354156494, 262.476104736, -138.072143555, -20.2140312195, -113.692611694, 105.825927734, -87.3888702393, 57.4768333435, -134.692108154, 51.8188743591], [653.763977051, 163.390731812, 864.993652344, 298.460418701, 110.242607117, 0.951877951622, -37.4371147156, -48.9000167847, 6.32523536682, 38.9303512573, -27.8952884674, 7.61222219467, -51.1210517883], [173.024841309, 164.354156494, 298.460418701, 368.62097168, 30.7037982941, -20.1549739838, -39.4528045654, -40.8160324097, 25.7628002167, -9.90153121948, 11.91817379, -33.9613037109, 1.90486884117], [-34.5865364075, 262.476104736, 110.242607117, 30.7037982941, 268.761688232, 18.864648819, 50.0231285095, 23.6460208893, 22.7295627594, 7.57680511475, 4.70788240433, -0.406663745642, -3.86866569519], [130.785171509, -138.072143555, 0.951877951622, -20.1549739838, 18.864648819, 163.023956299, 64.8691101074, 26.7334098816, -0.531845569611, 22.2842330933, -6.79138803482, 12.6326560974, -6.76626729965], [-52.0266647339, -20.2140312195, -37.4371147156, -39.4528045654, 50.0231285095, 64.8691101074, 153.454879761, 47.9130592346, -9.49673748016, -1.18627285957, 6.34709692001, 21.774055481, -4.8625535965], [-34.2590332031, -113.692611694, -48.9000167847, -40.8160324097, 23.6460208893, 26.7334098816, 47.9130592346, 119.643821716, 18.7604637146, 14.849240303, 3.67852568626, 18.7184791565, 0.89975297451], [1.56425237656, 105.825927734, 6.32523536682, 25.7628002167, 22.7295627594, -0.531845569611, -9.49673748016, 18.7604637146, 97.4557647705, 18.0194911957, 4.95179605484, -17.9406642914, 7.79762554169], [112.640304565, -87.3888702393, 38.9303512573, -9.90153121948, 7.57680511475, 22.2842330933, -1.18627285957, 14.849240303, 18.0194911957, 76.733757019, 20.2170276642, 12.926197052, -10.8972883224], [-82.8382949829, 57.4768333435, -27.8952884674, 11.91817379, 4.70788240433, -6.79138803482, 6.34709692001, 3.67852568626, 4.95179605484, 20.2170276642, 71.2346038818, 14.8401517868, 6.07241344452], [49.0434532166, -134.692108154, 7.61222219467, -33.9613037109, -0.406663745642, 12.6326560974, 21.774055481, 18.7184791565, -17.9406642914, 12.926197052, 14.8401517868, 72.8935317993, 9.30312156677], [-94.0981750488, 51.8188743591, -51.1210517883, 1.90486884117, -3.86866569519, -6.76626729965, -4.8625535965, 0.89975297451, 7.79762554169, -10.8972883224, 6.07241344452, 9.30312156677, 58.0867156982]], "icov": [[0.000828206539154, 9.27879373194e-05, -0.000492752355058, -0.00012137167505, 0.000228960881941, -0.000556189625058, 0.000281418120721, 0.000240221401327, -0.000199251095182, -0.000770264305174, 0.000914135831408, -0.000625088985544, 0.000686294806655], [9.27879373194e-05, 0.00185874674935, -0.000627930392511, 0.000496802269481, -0.00159172236454, 0.00101206963882, -0.000660992634948, 0.0016368876677, -0.00165054365061, 0.0021706498228, -0.00256625586189, 0.00321844778955, -0.00176398910116], [-0.000492752355058, -0.000627930392511, 0.0026515959762, -0.0019493799191, -0.000414852082031, 9.05239357962e-05, 0.000343401450664, -3.41969171131e-05, 0.000790049147326, -0.00162142317276, 0.00202648248523, -0.0023010734003, 0.0019181201933], [-0.00012137167505, 0.000496802269481, -0.0019493799191, 0.00483648525551, -0.000282886205241, 0.000163835022249, 0.000115255163109, 0.000739047885872, -0.0012583778007, 0.00248941010796, -0.00327533110976, 0.00338337360881, -0.00207911152393], [0.000228960881941, -0.00159172236454, -0.000414852082031, -0.000282886205241, 0.0059133656323, -0.000976341194473, -0.000950051413383, -0.00180319556966, 0.000407293700846, -0.00197265576571, 0.00203648861498, -0.00237876875326, 0.0014068915043], [-0.000556189625058, 0.00101206963882, 9.05239357962e-05, 0.000163835022249, -0.000976341194473, 0.00900716055185, -0.0040658088401, 0.000643287494313, -0.00066470116144, -0.00113571423572, -0.000131708875415, 0.00205457513221, -0.00153483846225], [0.000281418120721, -0.000660992634948, 0.000343401450664, 0.000115255163109, -0.000950051413383, -0.0040658088401, 0.0103210164234, -0.00334347994067, 0.0015479583526, 0.00125228241086, -0.000121153789223, -0.00302111613564, 0.00224655377679], [0.000240221401327, 0.0016368876677, -3.41969171131e-05, 0.000739047885872, -0.00180319556966, 0.000643287494313, -0.00334347994067, 0.0124030122533, -0.00414725905284, 0.0002569045173, -0.0010810715612, 0.000178562273504, -0.000953267794102], [-0.000199251095182, -0.00165054365061, 0.000790049147326, -0.0012583778007, 0.000407293700846, -0.00066470116144, 0.0015479583526, -0.00414725905284, 0.0144926561043, -0.00554198864847, 0.00198646634817, 0.00145903218072, -0.00139679352287], [-0.000770264305174, 0.0021706498228, -0.00162142317276, 0.00248941010796, -0.00197265576571, -0.00113571423572, 0.00125228241086, 0.0002569045173, -0.00554198864847, 0.0219678524882, -0.010196197778, 0.00233071111143, 0.000702176068444], [0.000914135831408, -0.00256625586189, 0.00202648248523, -0.00327533110976, 0.00203648861498, -0.000131708875415, -0.000121153789223, -0.0010810715612, 0.00198646634817, -0.010196197778, 0.0229279212654, -0.00946549605578, 0.00272756186314], [-0.000625088985544, 0.00321844778955, -0.0023010734003, 0.00338337360881, -0.00237876875326, 0.00205457513221, -0.00302111613564, 0.000178562273504, 0.00145903218072, 0.00233071111143, -0.00946549605578, 0.0254159606993, -0.00903432071209], [0.000686294806655, -0.00176398910116, 0.0019181201933, -0.00207911152393, 0.0014068915043, -0.00153483846225, 0.00224655377679, -0.000953267794102, -0.00139679352287, 0.000702176068444, 0.00272756186314, -0.00903432071209, 0.0232561118901]], "mean": [33.1008872986, 93.0412216187, -117.129920959, 25.3041229248, -45.7426147461, 12.4287252426, -41.0496292114, 4.94795751572, -22.8336963654, 0.625249922276, -16.8543491364, -1.9994263649, -11.4081792831]}, "hfc": {"dmean": 6.06724691391, "dmean2": 8.32316875458, "dvar": 64.3897476196, "dvar2": 116.035202026, "max": 150.538757324, "mean": 24.3951473236, "median": 19.7490348816, "min": 1.20158863053e-16, "var": 276.633453369}, "melbands": {"dmean": [0.000958302407525, 0.00111533468589, 0.00116092851385, 0.0005941214622, 0.000364691251889, 0.000224362447625, 0.00017791929713, 0.000153750705067, 0.000115339360491, 9.57276715781e-05, 8.46305847517e-05, 6.83728721924e-05, 5.48685638933e-05, 6.18548438069e-05, 6.78776632412e-05, 5.66849994357e-05, 7.00848540873e-05, 3.53637005901e-05, 2.65696089627e-05, 2.62036555796e-05, 1.81232808245e-05, 1.53015571414e-05, 1.29422605823e-05, 5.6070307437e-06, 4.73373802379e-06, 4.14225769418e-06, 3.43054125551e-06, 2.91773312711e-06, 2.44507805292e-06, 2.32226761909e-06, 2.46092622547e-06, 2.25415897148e-06, 1.80348661161e-06, 1.75281297743e-06, 1.53301289174e-06, 1.15056968752e-06, 8.75734031069e-07, 6.94272557666e-07, 6.14903512997e-07, 4.73834234072e-07], "dmean2": [0.00147426209878, 0.00185502588283, 0.00197550933808, 0.000989354914054, 0.000583258573897, 0.000351301772753, 0.000273625104455, 0.000234340361203, 0.000174554792466, 0.000146717924508, 0.000129926993395, 0.000101289129816, 8.17567633931e-05, 9.62395861279e-05, 0.000102163052361, 8.69258801686e-05, 0.000107419073174, 5.37974156032e-05, 4.16168841184e-05, 4.17823721364e-05, 2.9338618333e-05, 2.47392254096e-05, 2.08157853194e-05, 9.1036208687e-06, 7.65825461713e-06, 6.63028822601e-06, 5.38212088941e-06, 4.46512513008e-06, 3.64248694495e-06, 3.42145153809e-06, 3.66655353901e-06, 3.34247238243e-06, 2.62944899987e-06, 2.58645309259e-06, 2.25892722483e-06, 1.70724661075e-06, 1.29523846226e-06, 1.0168814697e-06, 8.81442190348e-07, 6.75271678574e-07], "dvar": [4.4378793973e-06, 3.7051443087e-06, 6.79738013787e-06, 1.10471319203e-06, 4.25590258146e-07, 1.63789550811e-07, 1.2098480795e-07, 1.3986927172e-07, 1.02078104192e-07, 7.73427331069e-08, 5.23684846598e-08, 3.45554695969e-08, 3.00987146318e-08, 3.03388105749e-08, 4.01405984007e-08, 1.84596853359e-08, 2.12314237302e-08, 9.93361837232e-09, 3.08169378904e-09, 2.159951773e-09, 6.50188236584e-10, 4.70002869957e-10, 4.52687137775e-10, 8.52966794418e-11, 5.78372384707e-11, 4.86251525156e-11, 3.31564185829e-11, 2.69327355557e-11, 2.72979173987e-11, 3.60217168593e-11, 4.90873765246e-11, 4.19216467096e-11, 2.45304367097e-11, 2.14835961521e-11, 2.54686671058e-11, 1.73045449497e-11, 7.36466877066e-12, 3.65975869401e-12, 2.9211743701e-12, 1.4137512775e-12], "dvar2": [9.68296535575e-06, 9.43587474467e-06, 1.82215771929e-05, 3.0045641779e-06, 1.09319876174e-06, 3.85824677096e-07, 2.72497288734e-07, 2.92447907668e-07, 2.18020701936e-07, 1.66397953194e-07, 1.13200435692e-07, 6.85950496404e-08, 5.7120875141e-08, 6.73546907137e-08, 8.54224566638e-08, 3.78780526944e-08, 4.5502698498e-08, 2.08715551508e-08, 6.63121113575e-09, 5.10134734455e-09, 1.64311408923e-09, 1.21231524819e-09, 1.06780528863e-09, 2.24490717682e-10, 1.49984566433e-10, 1.2013399997e-10, 7.90155024744e-11, 6.22073365042e-11, 5.92218843409e-11, 7.96224405852e-11, 1.10299526457e-10, 9.49464326605e-11, 5.17088420693e-11, 4.64560785673e-11, 5.55380672007e-11, 3.51385621988e-11, 1.54685413783e-11, 7.69077249801e-12, 6.05016687791e-12, 2.73264809218e-12], "max": [0.0213237963617, 0.0239397361875, 0.0348806232214, 0.0159220360219, 0.0117089031264, 0.0101026613265, 0.00695892097428, 0.0110573600978, 0.0112878615037, 0.0110804978758, 0.0119606321678, 0.00855589378625, 0.00550061324611, 0.00513121951371, 0.00725181913003, 0.00778033118695, 0.00362621527165, 0.00309387501329, 0.00186219403986, 0.0021100116428, 0.00086301175179, 0.000610672344919, 0.000619261350948, 0.000408282794524, 0.000176777815796, 0.000199421847356, 0.000184273376362, 0.000140505711897, 0.000129539446789, 0.000188128193258, 0.00025500569609, 0.000247635121923, 0.00013986560225, 0.000128015686641, 0.000199588102987, 0.000151231113705, 8.22781730676e-05, 5.59910113225e-05, 6.31213915767e-05, 5.50157019461e-05], "mean": [0.00152947916649, 0.0021541044116, 0.00199473579414, 0.00108575203922, 0.00074124801904, 0.000483179552248, 0.000390260334825, 0.000291456381092, 0.0002229000238, 0.000196582463104, 0.000164749784744, 0.000133320951136, 0.000106610190414, 0.00011619032739, 0.000127918508952, 0.000105188075395, 0.000126963146613, 6.26499240752e-05, 5.1988492487e-05, 5.32482154085e-05, 3.91444300476e-05, 3.20575163641e-05, 2.62810917775e-05, 1.26361783259e-05, 1.05157832877e-05, 8.65473339218e-06, 7.50692561269e-06, 6.05009245191e-06, 4.64069034933e-06, 4.035474376e-06, 3.98491692977e-06, 3.64398033526e-06, 2.87491525341e-06, 2.75499337477e-06, 2.45463411375e-06, 1.91075378098e-06, 1.46750301155e-06, 1.22332892261e-06, 1.09089148737e-06, 8.59022634359e-07], "median": [0.000853986828588, 0.00169993203599, 0.00140923121944, 0.000727910723072, 0.000456166220829, 0.000273583398666, 0.000187076686416, 0.000109238899313, 9.76740338956e-05, 8.28900374472e-05, 7.41923140595e-05, 5.31356745341e-05, 3.2610456401e-05, 3.82948637707e-05, 4.15638351114e-05, 4.47531456302e-05, 5.79993356951e-05, 2.55288941844e-05, 2.75903475995e-05, 3.18023194268e-05, 2.79263913399e-05, 2.24531686399e-05, 1.75391141966e-05, 8.20603418106e-06, 6.49061666991e-06, 5.21759920957e-06, 4.74317221233e-06, 3.31068463311e-06, 2.03118747777e-06, 1.51704989548e-06, 1.2051482372e-06, 1.02915760181e-06, 7.49244861709e-07, 7.18379624232e-07, 5.89445107835e-07, 4.62594101691e-07, 4.11216973362e-07, 3.9672053731e-07, 3.59507509984e-07, 2.86303531993e-07], "min": [1.46115688319e-23, 9.34231640633e-24, 8.06304670874e-24, 4.83832335101e-24, 5.19208013534e-24, 2.343529439e-24, 1.29035690095e-23, 1.5961336662e-23, 6.27216718753e-24, 7.01898772296e-24, 1.32568737766e-23, 1.57886092559e-23, 8.74846270574e-24, 1.20664108842e-23, 1.57895432672e-23, 1.15050937517e-23, 1.23846421066e-23, 1.2407353412e-23, 7.19729947539e-24, 8.5181216323e-24, 5.39903937155e-24, 1.11891604812e-23, 7.67704681262e-24, 1.01188316384e-23, 1.35564863038e-23, 1.17266855688e-23, 9.88734671663e-24, 1.10561885093e-23, 9.36664724322e-24, 1.01149993521e-23, 1.34416470887e-23, 1.26583121541e-23, 1.1872450498e-23, 9.33408069847e-24, 9.56603657018e-24, 9.72996186629e-24, 1.35531273341e-23, 1.05242958885e-23, 1.25599088559e-23, 8.71515147629e-24], "var": [5.55702581551e-06, 4.71627299703e-06, 6.23534970146e-06, 1.40741326504e-06, 8.31376439692e-07, 4.14256987824e-07, 3.31431550649e-07, 3.88314930433e-07, 2.32465907857e-07, 2.28904838195e-07, 1.3903910201e-07, 1.12973559396e-07, 1.17036123015e-07, 1.05525103322e-07, 1.1433208158e-07, 6.00490750458e-08, 5.30736414817e-08, 2.17563567162e-08, 8.44482617168e-09, 5.73756198108e-09, 1.53014134696e-09, 1.07068953703e-09, 9.25098109228e-10, 2.2364991803e-10, 1.47157244723e-10, 1.16527551497e-10, 8.0426248994e-11, 6.35549668448e-11, 6.15381912095e-11, 7.00231400641e-11, 9.37167426995e-11, 7.99685456743e-11, 4.95023431968e-11, 4.28106369799e-11, 5.06934182132e-11, 3.9892558007e-11, 1.61423652223e-11, 8.29798989938e-12, 6.74936452214e-12, 3.64459027194e-12]}, "melbands_crest": {"dmean": 2.62156414986, "dmean2": 4.29009819031, "dvar": 6.67541694641, "dvar2": 17.062959671, "max": 30.586265564, "mean": 11.7276878357, "median": 11.2457141876, "min": 1.5337972641, "var": 15.1858825684}, "melbands_flatness_db": {"dmean": 0.0200057961047, "dmean2": 0.0298690851778, "dvar": 0.000454486376839, "dvar2": 0.000942237966228, "max": 0.360887736082, "mean": 0.189183756709, "median": 0.192577034235, "min": 0.00424758298323, "var": 0.00271318363957}, "melbands_kurtosis": {"dmean": 4.76502132416, "dmean2": 7.42220878601, "dvar": 56.5455322266, "dvar2": 131.144485474, "max": 108.639968872, "mean": 9.86463928223, "median": 6.47752285004, "min": -1.76038837433, "var": 129.418746948}, "melbands_skewness": {"dmean": 0.595231354237, "dmean2": 0.892941355705, "dvar": 0.476666599512, "dvar2": 1.01296234131, "max": 9.21136283875, "mean": 2.4369430542, "median": 2.33604335785, "min": -1.75536453724, "var": 1.86199128628}, "melbands_spread": {"dmean": 5.66841173172, "dmean2": 8.56090068817, "dvar": 63.8664474487, "dvar2": 118.140647888, "max": 198.181625366, "mean": 23.0569877625, "median": 19.9468898773, "min": 2.53252911568, "var": 236.116714478}, "mfcc": {"cov": [[1710.09716797, -466.721710205, 418.001251221, 19.6916103363, 35.2314605713, 123.659355164, -51.2232322693, -40.4521446228, 6.59232187271, 21.9657764435, 16.9604969025, 16.5839176178, -3.40498709679], [-466.721710205, 1228.32849121, 9.33401203156, 216.990386963, 208.102600098, 32.1558380127, -7.09361886978, -24.998966217, 18.2813243866, 8.10579109192, 0.44740819931, 27.4646644592, -10.5199556351], [418.001251221, 9.33401203156, 694.870910645, 268.230834961, 128.702850342, 98.9898681641, -33.4147148132, -46.8291320801, -14.7110795975, -14.5822153091, 4.52374315262, 10.0399808884, 2.11760616302], [19.6916103363, 216.990386963, 268.230834961, 362.46774292, 142.070327759, 32.3034744263, -11.4429960251, -20.1548175812, -14.0176916122, 3.15286660194, -20.8102817535, 9.71796321869, 10.3963012695], [35.2314605713, 208.102600098, 128.702850342, 142.070327759, 209.148162842, 44.6100502014, -10.541686058, -12.3753843307, 16.2784156799, 28.0750389099, -1.2505095005, 10.4217586517, 5.91168165207], [123.659355164, 32.1558380127, 98.9898681641, 32.3034744263, 44.6100502014, 142.633163452, 35.5307884216, 4.81027555466, 12.5980110168, 0.0374949611723, 19.3882598877, 6.64974117279, -8.85030174255], [-51.2232322693, -7.09361886978, -33.4147148132, -11.4429960251, -10.541686058, 35.5307884216, 142.425140381, 55.4933319092, 10.2315654755, -2.0875222683, 16.5123939514, 13.4835214615, 8.57739639282], [-40.4521446228, -24.998966217, -46.8291320801, -20.1548175812, -12.3753843307, 4.81027555466, 55.4933319092, 100.86415863, 36.6628646851, 6.08864498138, 3.16020059586, 10.4270887375, 7.57895946503], [6.59232187271, 18.2813243866, -14.7110795975, -14.0176916122, 16.2784156799, 12.5980110168, 10.2315654755, 36.6628646851, 86.0316696167, 27.9722385406, 5.76376247406, 2.07183218002, -3.54300451279], [21.9657764435, 8.10579109192, -14.5822153091, 3.15286660194, 28.0750389099, 0.0374949611723, -2.0875222683, 6.08864498138, 27.9722385406, 77.2560882568, 19.774433136, 4.48116207123, 0.564570367336], [16.9604969025, 0.44740819931, 4.52374315262, -20.8102817535, -1.2505095005, 19.3882598877, 16.5123939514, 3.16020059586, 5.76376247406, 19.774433136, 68.6595306396, 17.8845863342, 6.07565116882], [16.5839176178, 27.4646644592, 10.0399808884, 9.71796321869, 10.4217586517, 6.64974117279, 13.4835214615, 10.4270887375, 2.07183218002, 4.48116207123, 17.8845863342, 59.6091766357, 21.1501464844], [-3.40498709679, -10.5199556351, 2.11760616302, 10.3963012695, 5.91168165207, -8.85030174255, 8.57739639282, 7.57895946503, -3.54300451279, 0.564570367336, 6.07565116882, 21.1501464844, 61.694393158]], "icov": [[0.000859890365973, 0.000342262472259, -0.000490294012707, 0.000255638879025, -0.000138861272717, -0.000574555073399, 0.000314251723466, 0.000168603583006, -6.99938318576e-05, -0.000333417789079, 0.000176231376827, -0.00041891617002, 7.1340946306e-05], [0.000342262472259, 0.0012464170577, 0.000246216659434, -0.000529449433088, -0.00102100544609, -0.000219563531573, 0.000100875848148, 0.000436016765889, -0.000388986460166, 0.000414173613535, -0.00023278046865, -0.000657711119857, 0.000533215352334], [-0.000490294012707, 0.000246216659434, 0.00278663425706, -0.00195152522065, -0.000429459381849, -0.000982477911748, 0.00045979587594, 0.000544216833077, -0.000229973622481, 0.00114251975901, -0.000839163258206, 4.51483219877e-06, 7.49936953071e-05], [0.000255638879025, -0.000529449433088, -0.00195152522065, 0.00545345339924, -0.00208981218748, 0.000367450149497, -0.000329575588694, -0.000341501377989, 0.00127557700034, -0.000761698465794, 0.00191244750749, -0.000276608014246, -0.000600714236498], [-0.000138861272717, -0.00102100544609, -0.000429459381849, -0.00208981218748, 0.00843853037804, -0.00175743317232, 0.000488173158374, 0.0005307548563, -0.000999156734906, -0.00281465798616, 0.000993833062239, -0.000237381987972, -0.00105675752275], [-0.000574555073399, -0.000219563531573, -0.000982477911748, 0.000367450149497, -0.00175743317232, 0.00999210868031, -0.00300781521946, 0.00059673882788, -0.00131215015426, 0.00155429344159, -0.00236985948868, 7.71307313698e-05, 0.00196669436991], [0.000314251723466, 0.000100875848148, 0.00045979587594, -0.000329575588694, 0.000488173158374, -0.00300781521946, 0.0103774154559, -0.00557902175933, 0.00140521978028, 0.00049260945525, -0.00162316916976, -0.000625523098279, -0.000710887718014], [0.000168603583006, 0.000436016765889, 0.000544216833077, -0.000341501377989, 0.0005307548563, 0.00059673882788, -0.00557902175933, 0.0159945897758, -0.00669318437576, 0.000648779910989, 0.00119531108066, -0.00182997772936, -0.000912636809517], [-6.99938318576e-05, -0.000388986460166, -0.000229973622481, 0.00127557700034, -0.000999156734906, -0.00131215015426, 0.00140521978028, -0.00669318437576, 0.0166724268347, -0.00534875318408, 0.000674448849168, 0.000454238033853, 0.0010414008284], [-0.000333417789079, 0.000414173613535, 0.00114251975901, -0.000761698465794, -0.00281465798616, 0.00155429344159, 0.00049260945525, 0.000648779910989, -0.00534875318408, 0.0175747890025, -0.00559875136241, 0.000307403301122, 0.000463830830995], [0.000176231376827, -0.00023278046865, -0.000839163258206, 0.00191244750749, 0.000993833062239, -0.00236985948868, -0.00162316916976, 0.00119531108066, 0.000674448849168, -0.00559875136241, 0.0190854854882, -0.0049138632603, -0.000784793170169], [-0.00041891617002, -0.000657711119857, 4.51483219877e-06, -0.000276608014246, -0.000237381987972, 7.71307313698e-05, -0.000625523098279, -0.00182997772936, 0.000454238033853, 0.000307403301122, -0.0049138632603, 0.0215158443898, -0.00661212811247], [7.1340946306e-05, 0.000533215352334, 7.49936953071e-05, -0.000600714236498, -0.00105675752275, 0.00196669436991, -0.000710887718014, -0.000912636809517, 0.0010414008284, 0.000463830830995, -0.000784793170169, -0.00661212811247, 0.0193964075297]], "mean": [-611.933288574, 127.886932373, -8.54180240631, 18.5063037872, 12.7377748489, 6.24500513077, -1.85207664967, 0.445192575455, -0.845983624458, -0.128568798304, -1.70679557323, -0.464224606752, -2.35176444054]}, "pitch_salience": {"dmean": 0.0598181523383, "dmean2": 0.0982281938195, "dvar": 0.0034915371798, "dvar2": 0.00955166015774, "max": 0.960336863995, "mean": 0.603330492973, "median": 0.607267141342, "min": 0.144344866276, "var": 0.00885405298322}, "silence_rate_20dB": {"dmean": 0, "dmean2": 0, "dvar": 0, "dvar2": 0, "max": 1, "mean": 1, "median": 1, "min": 1, "var": 0}, "silence_rate_30dB": {"dmean": 0.00221837079152, "dmean2": 0.00443704938516, "dvar": 0.00221369625069, "dvar2": 0.00635903840885, "max": 1, "mean": 0.998752236366, "median": 1, "min": 0, "var": 0.00124631193466}, "silence_rate_60dB": {"dmean": 0.00152513000648, "dmean2": 0.00305047142319, "dvar": 0.0015223978553, "dvar2": 0.0040101474151, "max": 1, "mean": 0.0011784278322, "median": 0, "min": 0, "var": 0.00117661699187}, "spectral_centroid": {"dmean": 189.205093384, "dmean2": 286.172302246, "dvar": 54042.6914062, "dvar2": 101048.6875, "max": 9947.8203125, "mean": 1248.73876953, "median": 1140.59606934, "min": 310.77355957, "var": 287456.03125}, "spectral_complexity": {"dmean": 3.20776438713, "dmean2": 4.91174411774, "dvar": 10.5427427292, "dvar2": 20.0528182983, "max": 55, "mean": 23.5975322723, "median": 22, "min": 0, "var": 58.0520553589}, "spectral_contrast_coeffs": {"dmean": [0.0497108064592, 0.0421939305961, 0.0354091189802, 0.0296582393348, 0.0204678811133, 0.0166194606572], "dmean2": [0.0816333889961, 0.0681311115623, 0.0566342808306, 0.0478795841336, 0.0332142934203, 0.0256657674909], "dvar": [0.00191916176118, 0.0012136513833, 0.00086760596605, 0.000582046690397, 0.00027404926368, 0.000230632940657], "dvar2": [0.0048909666948, 0.00310399429873, 0.00215729093179, 0.00142092059832, 0.000689569802489, 0.000519257620908], "max": [-0.292946785688, -0.372324615717, -0.459841549397, -0.536031901836, -0.640625536442, -0.633063256741], "mean": [-0.628211796284, -0.715308666229, -0.756809413433, -0.753540635109, -0.77209687233, -0.771881937981], "median": [-0.629407584667, -0.71977186203, -0.765934050083, -0.758040845394, -0.773390650749, -0.774473905563], "min": [-0.955373883247, -0.955826461315, -0.953469932079, -0.962550997734, -0.959077894688, -0.960840344429], "var": [0.00583051750436, 0.0044672768563, 0.0040792869404, 0.00292388536036, 0.000985849415883, 0.000899853592273]}, "spectral_contrast_valleys": {"dmean": [0.385384678841, 0.311029583216, 0.271060168743, 0.22951386869, 0.199671655893, 0.282736212015], "dmean2": [0.609597027302, 0.505576550961, 0.438424557447, 0.364108532667, 0.286143690348, 0.345321387053], "dvar": [0.14689321816, 0.0893331840634, 0.0730936825275, 0.056591052562, 0.0654509887099, 0.133173197508], "dvar2": [0.28579646349, 0.190861910582, 0.136661291122, 0.0938643440604, 0.0872106999159, 0.196500614285], "max": [-5.1236281395, -4.49239826202, -5.18337535858, -5.48615550995, -5.54006195068, -7.59108161926], "mean": [-6.90860795975, -6.50808143616, -7.01113510132, -7.25395965576, -7.36067008972, -9.9334192276], "median": [-6.63411331177, -6.46872520447, -7.03562927246, -7.27524662018, -7.38926506042, -9.93165302277], "min": [-26.4998989105, -27.0489940643, -27.4321098328, -27.3147373199, -27.2919960022, -27.2088775635], "var": [0.996885418892, 0.337472766638, 0.267262488604, 0.253912836313, 0.296581953764, 0.689182400703]}, "spectral_decrease": {"dmean": 2.56765364526e-09, "dmean2": 3.85628329269e-09, "dvar": 1.4502175167e-17, "dvar2": 3.1677235591e-17, "max": 1.12645257604e-29, "mean": -8.71834515692e-09, "median": -7.82191200699e-09, "min": -4.06636573302e-08, "var": 2.94104530014e-17}, "spectral_energy": {"dmean": 0.0100832637399, "dmean2": 0.0150612704456, "dvar": 0.000217712688027, "dvar2": 0.000471909268526, "max": 0.158788606524, "mean": 0.0351177193224, "median": 0.0315786898136, "min": 1.08562471311e-20, "var": 0.000456333451439}, "spectral_energyband_high": {"dmean": 0.000385891878977, "dmean2": 0.000504966708831, "dvar": 7.3740670814e-07, "dvar2": 1.23293909837e-06, "max": 0.0215307660401, "mean": 0.000828926451504, "median": 0.000317387544783, "min": 7.96726068065e-21, "var": 2.30560908676e-06}, "spectral_energyband_low": {"dmean": 0.00634548347443, "dmean2": 0.010039084591, "dvar": 0.000130780768814, "dvar2": 0.000305044464767, "max": 0.117896355689, "mean": 0.0128089413047, "median": 0.00956760905683, "min": 7.85190619419e-23, "var": 0.000181461058673}, "spectral_energyband_middle_high": {"dmean": 0.00205273344181, "dmean2": 0.0029881359078, "dvar": 9.58451983024e-06, "dvar2": 1.89956263057e-05, "max": 0.0694817081094, "mean": 0.00764594273642, "median": 0.00521599547938, "min": 1.64867213696e-21, "var": 5.84246408835e-05}, "spectral_energyband_middle_low": {"dmean": 0.00597531162202, "dmean2": 0.00953458063304, "dvar": 9.62313060882e-05, "dvar2": 0.000242727750447, "max": 0.125101044774, "mean": 0.0164751671255, "median": 0.0137468753383, "min": 2.70377190638e-22, "var": 0.000158147173352}, "spectral_entropy": {"dmean": 0.126855581999, "dmean2": 0.17644739151, "dvar": 0.0190208591521, "dvar2": 0.0329744182527, "max": 9.77713489532, "mean": 7.56944227219, "median": 7.5572347641, "min": 6.11043643951, "var": 0.125228151679}, "spectral_flux": {"dmean": 0.0263065285981, "dmean2": 0.0401546433568, "dvar": 0.00107094016857, "dvar2": 0.00212797778659, "max": 0.316390365362, "mean": 0.0868364423513, "median": 0.0729846656322, "min": 0.000796665728558, "var": 0.002451014705}, "spectral_kurtosis": {"dmean": 1.43360853195, "dmean2": 2.33905673027, "dvar": 2.38865566254, "dvar2": 6.41745328903, "max": 21.9713821411, "mean": 5.40870809555, "median": 5.17904853821, "min": -1.14332139492, "var": 7.0579328537}, "spectral_rms": {"dmean": 0.000786767399404, "dmean2": 0.00114907906391, "dvar": 1.01874343272e-06, "dvar2": 2.01936177291e-06, "max": 0.0124465143308, "mean": 0.00558463018388, "median": 0.00555053865537, "min": 3.25445248008e-12, "var": 3.07299546876e-06}, "spectral_rolloff": {"dmean": 388.495513916, "dmean2": 630.81072998, "dvar": 450692.34375, "dvar2": 856494.375, "max": 18863.0859375, "mean": 1403.37475586, "median": 1205.859375, "min": 107.666015625, "var": 1328075}, "spectral_skewness": {"dmean": 0.184858694673, "dmean2": 0.285465627909, "dvar": 0.0333353839815, "dvar2": 0.0743405222893, "max": 3.47272491455, "mean": 1.72932088375, "median": 1.7501065731, "min": 0.0606878697872, "var": 0.163911283016}, "spectral_spread": {"dmean": 491042.6875, "dmean2": 660005.625, "dvar": 428659408896, "dvar2": 674775171072, "max": 41035432, "mean": 4336471, "median": 4057243.75, "min": 1811293.375, "var": 1754772406270.0}, 